{
  "0": [{"cam_R_m2c": [-0.9235666394233704, 0.16541235148906708, -0.3459239602088928, -0.13701216876506805, 0.7002375721931458, 0.700639009475708, 0.3581233024597168, 0.6944826245307922, -0.6240525841712952], "cam_t_m2c": [-26.79439353942871, 4642.14892578125, 4415.880859375], "obj_id": 2}, {"cam_R_m2c": [-0.74704909324646, -0.008879465982317924, 0.6647093892097473, 0.3123347759246826, -0.8873611092567444, 0.33917099237442017, 0.5868256688117981, 0.4609892964363098, 0.665675938129425], "cam_t_m2c": [-54.769737243652344, 4675.64501953125, 4373.51416015625], "obj_id": 3}, {"cam_R_m2c": [0.5460171699523926, -0.8308004140853882, 0.10786977410316467, 0.060923755168914795, -0.08904026448726654, -0.9941629767417908, 0.8355557918548584, 0.5494018793106079, 0.0019979903008788824], "cam_t_m2c": [-29.551721572875977, 4685.57568359375, 4360.953125], "obj_id": 2}, {"cam_R_m2c": [-0.9595821499824524, -0.20376315712928772, 0.194120392203331, 0.1304566115140915, -0.9332424402236938, -0.3347231447696686, 0.2493656426668167, -0.2958700656890869, 0.9221050143241882], "cam_t_m2c": [-83.09363555908203, 4648.24853515625, 4408.16455078125], "obj_id": 2}, {"cam_R_m2c": [-0.9032474160194397, 0.38262322545051575, -0.1942756175994873, -0.41238000988960266, -0.8991771340370178, 0.14636492729187012, -0.11868561804294586, 0.21231916546821594, 0.9699661135673523], "cam_t_m2c": [35.200782775878906, 4636.26171875, 4423.32666015625], "obj_id": 2}, {"cam_R_m2c": [0.6249290108680725, -0.7734036445617676, 0.1063503697514534, -0.42802608013153076, -0.2255098968744278, 0.8751792907714844, -0.6528838276863098, -0.5924456715583801, -0.47196462750434875], "cam_t_m2c": [27.527664184570312, 4639.4189453125, 4419.33349609375], "obj_id": 2}, {"cam_R_m2c": [0.22781583666801453, -0.774371862411499, 0.5902950167655945, 0.8839631676673889, -0.0897311270236969, -0.45886558294296265, 0.40830036997795105, 0.6263359189033508, 0.6640739440917969], "cam_t_m2c": [-5.641908168792725, 22.755374908447266, 745.5657348632812], "obj_id": 0}, {"cam_R_m2c": [-0.5603601932525635, -0.34066933393478394, 0.7549442052841187, 0.7174633741378784, -0.6550602912902832, 0.236943319439888, 0.4138146936893463, 0.6744184494018555, 0.611487627029419], "cam_t_m2c": [-80.34442138671875, 17.158578872680664, 752.6447143554688], "obj_id": 1}, {"cam_R_m2c": [0.8292190432548523, -0.43804696202278137, -0.3471464216709137, 0.49878281354904175, 0.8602267503738403, 0.10595089197158813, 0.25221315026283264, -0.2610071897506714, 0.931806743144989], "cam_t_m2c": [-39.275787353515625, 45.37782669067383, 716.9522094726562], "obj_id": 3}, {"cam_R_m2c": [-0.48769694566726685, -0.40074220299720764, 0.7756012082099915, 0.8667899966239929, -0.32816067337989807, 0.37548038363456726, 0.10405102372169495, 0.8554040789604187, 0.5074024200439453], "cam_t_m2c": [-24.507539749145508, -3.3270580768585205, 778.5555419921875], "obj_id": 3}, {"cam_R_m2c": [0.0018955031409859657, -0.10182890295982361, 0.9948000311851501, 0.016264744102954865, 0.9946734309196472, 0.10178494453430176, -0.9998658299446106, 0.015987245365977287, 0.0035416283644735813], "cam_t_m2c": [-11.277433395385742, 65.4339370727539, 691.584716796875], "obj_id": 0}, {"cam_R_m2c": [-0.21745747327804565, 0.8149134516716003, 0.5372414588928223, -0.7908986210823059, 0.17544783651828766, -0.5862571001052856, -0.5720066428184509, -0.5523895025253296, 0.606361448764801], "cam_t_m2c": [-56.42543029785156, -17.7399959564209, 796.785400390625], "obj_id": 3}],
  "1": [{"cam_R_m2c": [-0.9076376557350159, 0.036797817796468735, 0.41813868284225464, 0.2868964374065399, 0.7815370559692383, 0.5539767742156982, -0.3064057528972626, 0.6227726340293884, -0.7199096083641052], "cam_t_m2c": [-3.5992143154144287, 5262.02001953125, 3542.8505859375], "obj_id": 2}, {"cam_R_m2c": [-0.7131984829902649, -0.6577457785606384, 0.24231882393360138, 0.7003379464149475, -0.6540464162826538, 0.28591954708099365, -0.029574621468782425, 0.37362247705459595, 0.9271092414855957], "cam_t_m2c": [15.411521911621094, 5288.4912109375, 3491.494873046875], "obj_id": 3}, {"cam_R_m2c": [-0.05922502651810646, -0.9286710619926453, -0.3661452531814575, 0.12636548280715942, 0.3568638265132904, -0.925570011138916, 0.9902141690254211, -0.10108508914709091, 0.09621673077344894], "cam_t_m2c": [44.49625778198242, 5285.3701171875, 3497.550537109375], "obj_id": 2}, {"cam_R_m2c": [-0.7533742189407349, -0.3902689516544342, -0.5292612910270691, 0.5057563185691833, -0.8582744002342224, -0.08703818172216415, -0.42028307914733887, -0.333249568939209, 0.8439827561378479], "cam_t_m2c": [-35.96474075317383, 5283.60107421875, 3500.980712890625], "obj_id": 2}, {"cam_R_m2c": [-0.748214066028595, -0.24968184530735016, -0.6146824955940247, -0.10945534706115723, -0.8673344850540161, 0.4855412542819977, -0.6543661952018738, 0.4305691123008728, 0.6216229200363159], "cam_t_m2c": [32.99818420410156, 5238.6845703125, 3588.122802734375], "obj_id": 2}, {"cam_R_m2c": [0.6135097146034241, -0.3090514540672302, 0.7267000079154968, -0.7838388085365295, -0.12653614580631256, 0.6079350709915161, -0.09592932462692261, -0.9425898194313049, -0.31987765431404114], "cam_t_m2c": [31.26561737060547, 5242.828125, 3580.08447265625], "obj_id": 2}, {"cam_R_m2c": [0.3222542703151703, -0.9326099157333374, -0.1624528169631958, 0.839948832988739, 0.3608388304710388, -0.4053163230419159, 0.4366213083267212, -0.005837143398821354, 0.8996264338493347], "cam_t_m2c": [21.358612060546875, 15.347915649414062, 844.2841186523438], "obj_id": 0}, {"cam_R_m2c": [-0.3061022460460663, -0.9065836071968079, 0.2905295193195343, 0.950393557548523, -0.27329471707344055, 0.14853255450725555, -0.05525697395205498, 0.3215835690498352, 0.9452674984931946], "cam_t_m2c": [-37.35838317871094, 36.907012939453125, 802.4580688476562], "obj_id": 1}, {"cam_R_m2c": [0.6598669290542603, 0.22092916071414948, -0.7181684374809265, 0.25114285945892334, 0.8359763026237488, 0.48792508244514465, 0.7081686854362488, -0.5023285150527954, 0.49614834785461426], "cam_t_m2c": [23.88442039489746, 38.0506706237793, 800.2392578125], "obj_id": 3}, {"cam_R_m2c": [-0.015493219718337059, -0.9052014350891113, 0.42470023036003113, 0.967552900314331, 0.09355946630239487, 0.23470830917358398, -0.25219303369522095, 0.4145563244819641, 0.8743807673454285], "cam_t_m2c": [-21.887134552001953, 8.04115104675293, 858.459716796875], "obj_id": 3}, {"cam_R_m2c": [0.5688889622688293, 0.3605186343193054, 0.7391830086708069, -0.2858031094074249, 0.9294421672821045, -0.23335352540016174, -0.7711561322212219, -0.07850859314203262, 0.6317867636680603], "cam_t_m2c": [66.57844543457031, 39.25305938720703, 797.906494140625], "obj_id": 0}, {"cam_R_m2c": [-0.18202438950538635, 0.9575155377388, -0.22367654740810394, -0.8090240359306335, -0.275130033493042, -0.5194070935249329, -0.5588804483413696, 0.08641496300697327, 0.8247333765029907], "cam_t_m2c": [-60.823089599609375, 11.038675308227539, 852.6443481445312], "obj_id": 3}]
}