{
  "0": [{"cam_R_m2c": [-0.050749123096466064, 0.9610363245010376, 0.27172335982322693, 0.6287645697593689, 0.2421300858259201, -0.7389371395111084, -0.7759378552436829, 0.13334956765174866, -0.6165534853935242], "cam_t_m2c": [583.545166015625, 37.921791076660156, 841.05322265625], "obj_id": 0}, {"cam_R_m2c": [0.680385947227478, 0.01077758613973856, -0.7327747344970703, -0.6510761976242065, -0.450108140707016, -0.6111485362052917, -0.33641454577445984, 0.892909049987793, -0.2992302477359772], "cam_t_m2c": [273.0542297363281, 265.155517578125, 925.4003295898438], "obj_id": 2}, {"cam_R_m2c": [-0.05334395542740822, 0.1417359858751297, 0.9884661436080933, 0.4082058072090149, -0.9002944231033325, 0.15112245082855225, 0.9113300442695618, 0.4115590751171112, -0.00983218289911747], "cam_t_m2c": [421.0045166015625, 52.84983444213867, 783.2671508789062], "obj_id": 2}],
  "1": [{"cam_R_m2c": [0.8574628233909607, -0.40187984704971313, 0.3213256001472473, 0.004112808033823967, -0.6191108226776123, -0.78529292345047, 0.5145295262336731, 0.6746810078620911, -0.5292116403579712], "cam_t_m2c": [-281.4460754394531, -416.4263610839844, 1253.499755859375], "obj_id": 0}, {"cam_R_m2c": [-0.05755188316106796, -0.9145263433456421, 0.4004112780094147, -0.9660738110542297, 0.15216349065303802, 0.20868049561977386, -0.2517717778682709, -0.37481689453125, -0.8922572731971741], "cam_t_m2c": [-205.96786499023438, -33.381813049316406, 1305.998046875], "obj_id": 2}, {"cam_R_m2c": [-0.7340269088745117, -0.6099675297737122, -0.29857000708580017, 0.5829679369926453, -0.34042322635650635, -0.7377400398254395, 0.34835731983184814, -0.7155777812004089, 0.6054713726043701], "cam_t_m2c": [-169.75189208984375, -301.5988464355469, 1187.8367919921875], "obj_id": 2}]
}