{
  "0": [{"cam_R_m2c": [-0.5763885378837585, 0.6968627572059631, -0.4268004596233368, -0.7758985757827759, -0.302803099155426, 0.553436279296875, 0.2564326226711273, 0.6501482129096985, 0.7152270078659058], "cam_t_m2c": [127.09419250488281, 208.56256103515625, 641.9075317382812], "obj_id": 2}, {"cam_R_m2c": [-0.30850949883461, -0.6703811287879944, -0.6748414039611816, 0.2044081836938858, -0.7395958304405212, 0.6412606239318848, -0.9289990067481995, 0.05989191308617592, 0.3652037978172302], "cam_t_m2c": [127.09419250488281, 208.56256103515625, 641.9075317382812], "obj_id": 1}, {"cam_R_m2c": [-0.6977980136871338, 0.6129589080810547, 0.370620459318161, -0.5158664584159851, -0.0710751935839653, -0.8537155389785767, -0.49695059657096863, -0.7869115471839905, 0.36580097675323486], "cam_t_m2c": [127.09419250488281, 208.56256103515625, 641.9075317382812], "obj_id": 0}, {"cam_R_m2c": [0.2840396761894226, -0.8695774674415588, 0.4039263129234314, -0.8188120126724243, -0.0008011293830350041, 0.5740612149238586, -0.49886709451675415, -0.49379587173461914, -0.7122480273246765], "cam_t_m2c": [127.09419250488281, 208.56256103515625, 641.9075317382812], "obj_id": 0}, {"cam_R_m2c": [-0.7482703924179077, 0.23940226435661316, 0.6186903715133667, -0.5078462362289429, 0.39332959055900574, -0.7664097547531128, -0.42682945728302, -0.8876814246177673, -0.172737255692482], "cam_t_m2c": [127.09419250488281, 208.56256103515625, 641.9075317382812], "obj_id": 0}, {"cam_R_m2c": [-0.22606895864009857, 0.7483856678009033, 0.6235476732254028, -0.593618631362915, -0.6133711934089661, 0.5209536552429199, 0.7723404169082642, -0.25237807631492615, 0.5829198360443115], "cam_t_m2c": [127.09419250488281, 208.56256103515625, 641.9075317382812], "obj_id": 1}, {"cam_R_m2c": [0.6067454218864441, -0.5858697295188904, 0.5372304916381836, -0.28754833340644836, 0.46830999851226807, 0.8354648947715759, -0.7410640120506287, -0.6613942384719849, 0.11567909270524979], "cam_t_m2c": [127.09419250488281, 208.56256103515625, 641.9075317382812], "obj_id": 2}, {"cam_R_m2c": [0.16176246106624603, -0.0708940401673317, 0.9842797517776489, -0.5973216891288757, 0.7869114279747009, 0.15484565496444702, -0.7855185866355896, -0.6129799485206604, 0.08494620025157928], "cam_t_m2c": [127.09419250488281, 208.56256103515625, 641.9075317382812], "obj_id": 1}, {"cam_R_m2c": [-0.8446460962295532, 0.31652140617370605, -0.4317255914211273, -0.4876123368740082, -0.7877250909805298, 0.376461386680603, -0.2209230214357376, 0.5284913778305054, 0.8196888566017151], "cam_t_m2c": [127.09419250488281, 208.56256103515625, 641.9075317382812], "obj_id": 1}, {"cam_R_m2c": [0.907275378704071, -0.27471476793289185, -0.31840717792510986, 0.06485285609960556, 0.8394860625267029, -0.5394972562789917, 0.4155062437057495, 0.4688229560852051, 0.7794610857963562], "cam_t_m2c": [127.09419250488281, 208.56256103515625, 641.9075317382812], "obj_id": 0}],
  "1": [{"cam_R_m2c": [-0.5763885378837585, 0.6968627572059631, -0.4268004596233368, -0.7758985757827759, -0.302803099155426, 0.553436279296875, 0.2564326226711273, 0.6501482129096985, 0.7152270078659058], "cam_t_m2c": [127.09419250488281, 208.56256103515625, 641.9075317382812], "obj_id": 2}, {"cam_R_m2c": [-0.30850949883461, -0.6703811287879944, -0.6748414039611816, 0.2044081836938858, -0.7395958304405212, 0.6412606239318848, -0.9289990067481995, 0.05989191308617592, 0.3652037978172302], "cam_t_m2c": [127.09419250488281, 208.56256103515625, 641.9075317382812], "obj_id": 1}, {"cam_R_m2c": [-0.6977980136871338, 0.6129589080810547, 0.370620459318161, -0.5158664584159851, -0.0710751935839653, -0.8537155389785767, -0.49695059657096863, -0.7869115471839905, 0.36580097675323486], "cam_t_m2c": [127.09419250488281, 208.56256103515625, 641.9075317382812], "obj_id": 0}, {"cam_R_m2c": [0.2840396761894226, -0.8695774674415588, 0.4039263129234314, -0.8188120126724243, -0.0008011293830350041, 0.5740612149238586, -0.49886709451675415, -0.49379587173461914, -0.7122480273246765], "cam_t_m2c": [127.09419250488281, 208.56256103515625, 641.9075317382812], "obj_id": 0}, {"cam_R_m2c": [-0.7482703924179077, 0.23940226435661316, 0.6186903715133667, -0.5078462362289429, 0.39332959055900574, -0.7664097547531128, -0.42682945728302, -0.8876814246177673, -0.172737255692482], "cam_t_m2c": [127.09419250488281, 208.56256103515625, 641.9075317382812], "obj_id": 0}, {"cam_R_m2c": [-0.22606895864009857, 0.7483856678009033, 0.6235476732254028, -0.593618631362915, -0.6133711934089661, 0.5209536552429199, 0.7723404169082642, -0.25237807631492615, 0.5829198360443115], "cam_t_m2c": [127.09419250488281, 208.56256103515625, 641.9075317382812], "obj_id": 1}, {"cam_R_m2c": [0.6067454218864441, -0.5858697295188904, 0.5372304916381836, -0.28754833340644836, 0.46830999851226807, 0.8354648947715759, -0.7410640120506287, -0.6613942384719849, 0.11567909270524979], "cam_t_m2c": [127.09419250488281, 208.56256103515625, 641.9075317382812], "obj_id": 2}, {"cam_R_m2c": [0.16176246106624603, -0.0708940401673317, 0.9842797517776489, -0.5973216891288757, 0.7869114279747009, 0.15484565496444702, -0.7855185866355896, -0.6129799485206604, 0.08494620025157928], "cam_t_m2c": [127.09419250488281, 208.56256103515625, 641.9075317382812], "obj_id": 1}, {"cam_R_m2c": [-0.8446460962295532, 0.31652140617370605, -0.4317255914211273, -0.4876123368740082, -0.7877250909805298, 0.376461386680603, -0.2209230214357376, 0.5284913778305054, 0.8196888566017151], "cam_t_m2c": [127.09419250488281, 208.56256103515625, 641.9075317382812], "obj_id": 1}, {"cam_R_m2c": [0.907275378704071, -0.27471476793289185, -0.31840717792510986, 0.06485285609960556, 0.8394860625267029, -0.5394972562789917, 0.4155062437057495, 0.4688229560852051, 0.7794610857963562], "cam_t_m2c": [127.09419250488281, 208.56256103515625, 641.9075317382812], "obj_id": 0}],
  "2": [{"cam_R_m2c": [-0.5763885378837585, 0.6968627572059631, -0.4268004596233368, -0.7758985757827759, -0.302803099155426, 0.553436279296875, 0.2564326226711273, 0.6501482129096985, 0.7152270078659058], "cam_t_m2c": [127.09419250488281, 208.56256103515625, 641.9075317382812], "obj_id": 2}, {"cam_R_m2c": [-0.30850949883461, -0.6703811287879944, -0.6748414039611816, 0.2044081836938858, -0.7395958304405212, 0.6412606239318848, -0.9289990067481995, 0.05989191308617592, 0.3652037978172302], "cam_t_m2c": [127.09419250488281, 208.56256103515625, 641.9075317382812], "obj_id": 1}, {"cam_R_m2c": [-0.6977980136871338, 0.6129589080810547, 0.370620459318161, -0.5158664584159851, -0.0710751935839653, -0.8537155389785767, -0.49695059657096863, -0.7869115471839905, 0.36580097675323486], "cam_t_m2c": [127.09419250488281, 208.56256103515625, 641.9075317382812], "obj_id": 0}, {"cam_R_m2c": [0.2840396761894226, -0.8695774674415588, 0.4039263129234314, -0.8188120126724243, -0.0008011293830350041, 0.5740612149238586, -0.49886709451675415, -0.49379587173461914, -0.7122480273246765], "cam_t_m2c": [127.09419250488281, 208.56256103515625, 641.9075317382812], "obj_id": 0}, {"cam_R_m2c": [-0.7482703924179077, 0.23940226435661316, 0.6186903715133667, -0.5078462362289429, 0.39332959055900574, -0.7664097547531128, -0.42682945728302, -0.8876814246177673, -0.172737255692482], "cam_t_m2c": [127.09419250488281, 208.56256103515625, 641.9075317382812], "obj_id": 0}, {"cam_R_m2c": [-0.22606895864009857, 0.7483856678009033, 0.6235476732254028, -0.593618631362915, -0.6133711934089661, 0.5209536552429199, 0.7723404169082642, -0.25237807631492615, 0.5829198360443115], "cam_t_m2c": [127.09419250488281, 208.56256103515625, 641.9075317382812], "obj_id": 1}, {"cam_R_m2c": [0.6067454218864441, -0.5858697295188904, 0.5372304916381836, -0.28754833340644836, 0.46830999851226807, 0.8354648947715759, -0.7410640120506287, -0.6613942384719849, 0.11567909270524979], "cam_t_m2c": [127.09419250488281, 208.56256103515625, 641.9075317382812], "obj_id": 2}, {"cam_R_m2c": [0.16176246106624603, -0.0708940401673317, 0.9842797517776489, -0.5973216891288757, 0.7869114279747009, 0.15484565496444702, -0.7855185866355896, -0.6129799485206604, 0.08494620025157928], "cam_t_m2c": [127.09419250488281, 208.56256103515625, 641.9075317382812], "obj_id": 1}, {"cam_R_m2c": [-0.8446460962295532, 0.31652140617370605, -0.4317255914211273, -0.4876123368740082, -0.7877250909805298, 0.376461386680603, -0.2209230214357376, 0.5284913778305054, 0.8196888566017151], "cam_t_m2c": [127.09419250488281, 208.56256103515625, 641.9075317382812], "obj_id": 1}, {"cam_R_m2c": [0.907275378704071, -0.27471476793289185, -0.31840717792510986, 0.06485285609960556, 0.8394860625267029, -0.5394972562789917, 0.4155062437057495, 0.4688229560852051, 0.7794610857963562], "cam_t_m2c": [127.09419250488281, 208.56256103515625, 641.9075317382812], "obj_id": 0}],
  "3": [{"cam_R_m2c": [-0.5763885378837585, 0.6968627572059631, -0.4268004596233368, -0.7758985757827759, -0.302803099155426, 0.553436279296875, 0.2564326226711273, 0.6501482129096985, 0.7152270078659058], "cam_t_m2c": [127.09419250488281, 208.56256103515625, 641.9075317382812], "obj_id": 2}, {"cam_R_m2c": [-0.30850949883461, -0.6703811287879944, -0.6748414039611816, 0.2044081836938858, -0.7395958304405212, 0.6412606239318848, -0.9289990067481995, 0.05989191308617592, 0.3652037978172302], "cam_t_m2c": [127.09419250488281, 208.56256103515625, 641.9075317382812], "obj_id": 1}, {"cam_R_m2c": [-0.6977980136871338, 0.6129589080810547, 0.370620459318161, -0.5158664584159851, -0.0710751935839653, -0.8537155389785767, -0.49695059657096863, -0.7869115471839905, 0.36580097675323486], "cam_t_m2c": [127.09419250488281, 208.56256103515625, 641.9075317382812], "obj_id": 0}, {"cam_R_m2c": [0.2840396761894226, -0.8695774674415588, 0.4039263129234314, -0.8188120126724243, -0.0008011293830350041, 0.5740612149238586, -0.49886709451675415, -0.49379587173461914, -0.7122480273246765], "cam_t_m2c": [127.09419250488281, 208.56256103515625, 641.9075317382812], "obj_id": 0}, {"cam_R_m2c": [-0.7482703924179077, 0.23940226435661316, 0.6186903715133667, -0.5078462362289429, 0.39332959055900574, -0.7664097547531128, -0.42682945728302, -0.8876814246177673, -0.172737255692482], "cam_t_m2c": [127.09419250488281, 208.56256103515625, 641.9075317382812], "obj_id": 0}, {"cam_R_m2c": [-0.22606895864009857, 0.7483856678009033, 0.6235476732254028, -0.593618631362915, -0.6133711934089661, 0.5209536552429199, 0.7723404169082642, -0.25237807631492615, 0.5829198360443115], "cam_t_m2c": [127.09419250488281, 208.56256103515625, 641.9075317382812], "obj_id": 1}, {"cam_R_m2c": [0.6067454218864441, -0.5858697295188904, 0.5372304916381836, -0.28754833340644836, 0.46830999851226807, 0.8354648947715759, -0.7410640120506287, -0.6613942384719849, 0.11567909270524979], "cam_t_m2c": [127.09419250488281, 208.56256103515625, 641.9075317382812], "obj_id": 2}, {"cam_R_m2c": [0.16176246106624603, -0.0708940401673317, 0.9842797517776489, -0.5973216891288757, 0.7869114279747009, 0.15484565496444702, -0.7855185866355896, -0.6129799485206604, 0.08494620025157928], "cam_t_m2c": [127.09419250488281, 208.56256103515625, 641.9075317382812], "obj_id": 1}, {"cam_R_m2c": [-0.8446460962295532, 0.31652140617370605, -0.4317255914211273, -0.4876123368740082, -0.7877250909805298, 0.376461386680603, -0.2209230214357376, 0.5284913778305054, 0.8196888566017151], "cam_t_m2c": [127.09419250488281, 208.56256103515625, 641.9075317382812], "obj_id": 1}, {"cam_R_m2c": [0.907275378704071, -0.27471476793289185, -0.31840717792510986, 0.06485285609960556, 0.8394860625267029, -0.5394972562789917, 0.4155062437057495, 0.4688229560852051, 0.7794610857963562], "cam_t_m2c": [127.09419250488281, 208.56256103515625, 641.9075317382812], "obj_id": 0}],
  "4": [{"cam_R_m2c": [-0.5763885378837585, 0.6968627572059631, -0.4268004596233368, -0.7758985757827759, -0.302803099155426, 0.553436279296875, 0.2564326226711273, 0.6501482129096985, 0.7152270078659058], "cam_t_m2c": [127.09419250488281, 208.56256103515625, 641.9075317382812], "obj_id": 2}, {"cam_R_m2c": [-0.30850949883461, -0.6703811287879944, -0.6748414039611816, 0.2044081836938858, -0.7395958304405212, 0.6412606239318848, -0.9289990067481995, 0.05989191308617592, 0.3652037978172302], "cam_t_m2c": [127.09419250488281, 208.56256103515625, 641.9075317382812], "obj_id": 1}, {"cam_R_m2c": [-0.6977980136871338, 0.6129589080810547, 0.370620459318161, -0.5158664584159851, -0.0710751935839653, -0.8537155389785767, -0.49695059657096863, -0.7869115471839905, 0.36580097675323486], "cam_t_m2c": [127.09419250488281, 208.56256103515625, 641.9075317382812], "obj_id": 0}, {"cam_R_m2c": [0.2840396761894226, -0.8695774674415588, 0.4039263129234314, -0.8188120126724243, -0.0008011293830350041, 0.5740612149238586, -0.49886709451675415, -0.49379587173461914, -0.7122480273246765], "cam_t_m2c": [127.09419250488281, 208.56256103515625, 641.9075317382812], "obj_id": 0}, {"cam_R_m2c": [-0.7482703924179077, 0.23940226435661316, 0.6186903715133667, -0.5078462362289429, 0.39332959055900574, -0.7664097547531128, -0.42682945728302, -0.8876814246177673, -0.172737255692482], "cam_t_m2c": [127.09419250488281, 208.56256103515625, 641.9075317382812], "obj_id": 0}, {"cam_R_m2c": [-0.22606895864009857, 0.7483856678009033, 0.6235476732254028, -0.593618631362915, -0.6133711934089661, 0.5209536552429199, 0.7723404169082642, -0.25237807631492615, 0.5829198360443115], "cam_t_m2c": [127.09419250488281, 208.56256103515625, 641.9075317382812], "obj_id": 1}, {"cam_R_m2c": [0.6067454218864441, -0.5858697295188904, 0.5372304916381836, -0.28754833340644836, 0.46830999851226807, 0.8354648947715759, -0.7410640120506287, -0.6613942384719849, 0.11567909270524979], "cam_t_m2c": [127.09419250488281, 208.56256103515625, 641.9075317382812], "obj_id": 2}, {"cam_R_m2c": [0.16176246106624603, -0.0708940401673317, 0.9842797517776489, -0.5973216891288757, 0.7869114279747009, 0.15484565496444702, -0.7855185866355896, -0.6129799485206604, 0.08494620025157928], "cam_t_m2c": [127.09419250488281, 208.56256103515625, 641.9075317382812], "obj_id": 1}, {"cam_R_m2c": [-0.8446460962295532, 0.31652140617370605, -0.4317255914211273, -0.4876123368740082, -0.7877250909805298, 0.376461386680603, -0.2209230214357376, 0.5284913778305054, 0.8196888566017151], "cam_t_m2c": [127.09419250488281, 208.56256103515625, 641.9075317382812], "obj_id": 1}, {"cam_R_m2c": [0.907275378704071, -0.27471476793289185, -0.31840717792510986, 0.06485285609960556, 0.8394860625267029, -0.5394972562789917, 0.4155062437057495, 0.4688229560852051, 0.7794610857963562], "cam_t_m2c": [127.09419250488281, 208.56256103515625, 641.9075317382812], "obj_id": 0}],
  "5": [{"cam_R_m2c": [-0.5763885378837585, 0.6968627572059631, -0.4268004596233368, -0.7758985757827759, -0.302803099155426, 0.553436279296875, 0.2564326226711273, 0.6501482129096985, 0.7152270078659058], "cam_t_m2c": [127.09419250488281, 208.56256103515625, 641.9075317382812], "obj_id": 2}, {"cam_R_m2c": [-0.30850949883461, -0.6703811287879944, -0.6748414039611816, 0.2044081836938858, -0.7395958304405212, 0.6412606239318848, -0.9289990067481995, 0.05989191308617592, 0.3652037978172302], "cam_t_m2c": [127.09419250488281, 208.56256103515625, 641.9075317382812], "obj_id": 1}, {"cam_R_m2c": [-0.6977980136871338, 0.6129589080810547, 0.370620459318161, -0.5158664584159851, -0.0710751935839653, -0.8537155389785767, -0.49695059657096863, -0.7869115471839905, 0.36580097675323486], "cam_t_m2c": [127.09419250488281, 208.56256103515625, 641.9075317382812], "obj_id": 0}, {"cam_R_m2c": [0.2840396761894226, -0.8695774674415588, 0.4039263129234314, -0.8188120126724243, -0.0008011293830350041, 0.5740612149238586, -0.49886709451675415, -0.49379587173461914, -0.7122480273246765], "cam_t_m2c": [127.09419250488281, 208.56256103515625, 641.9075317382812], "obj_id": 0}, {"cam_R_m2c": [-0.7482703924179077, 0.23940226435661316, 0.6186903715133667, -0.5078462362289429, 0.39332959055900574, -0.7664097547531128, -0.42682945728302, -0.8876814246177673, -0.172737255692482], "cam_t_m2c": [127.09419250488281, 208.56256103515625, 641.9075317382812], "obj_id": 0}, {"cam_R_m2c": [-0.22606895864009857, 0.7483856678009033, 0.6235476732254028, -0.593618631362915, -0.6133711934089661, 0.5209536552429199, 0.7723404169082642, -0.25237807631492615, 0.5829198360443115], "cam_t_m2c": [127.09419250488281, 208.56256103515625, 641.9075317382812], "obj_id": 1}, {"cam_R_m2c": [0.6067454218864441, -0.5858697295188904, 0.5372304916381836, -0.28754833340644836, 0.46830999851226807, 0.8354648947715759, -0.7410640120506287, -0.6613942384719849, 0.11567909270524979], "cam_t_m2c": [127.09419250488281, 208.56256103515625, 641.9075317382812], "obj_id": 2}, {"cam_R_m2c": [0.16176246106624603, -0.0708940401673317, 0.9842797517776489, -0.5973216891288757, 0.7869114279747009, 0.15484565496444702, -0.7855185866355896, -0.6129799485206604, 0.08494620025157928], "cam_t_m2c": [127.09419250488281, 208.56256103515625, 641.9075317382812], "obj_id": 1}, {"cam_R_m2c": [-0.8446460962295532, 0.31652140617370605, -0.4317255914211273, -0.4876123368740082, -0.7877250909805298, 0.376461386680603, -0.2209230214357376, 0.5284913778305054, 0.8196888566017151], "cam_t_m2c": [127.09419250488281, 208.56256103515625, 641.9075317382812], "obj_id": 1}, {"cam_R_m2c": [0.907275378704071, -0.27471476793289185, -0.31840717792510986, 0.06485285609960556, 0.8394860625267029, -0.5394972562789917, 0.4155062437057495, 0.4688229560852051, 0.7794610857963562], "cam_t_m2c": [127.09419250488281, 208.56256103515625, 641.9075317382812], "obj_id": 0}],
  "6": [{"cam_R_m2c": [-0.5763885378837585, 0.6968627572059631, -0.4268004596233368, -0.7758985757827759, -0.302803099155426, 0.553436279296875, 0.2564326226711273, 0.6501482129096985, 0.7152270078659058], "cam_t_m2c": [127.09419250488281, 208.56256103515625, 641.9075317382812], "obj_id": 2}, {"cam_R_m2c": [-0.30850949883461, -0.6703811287879944, -0.6748414039611816, 0.2044081836938858, -0.7395958304405212, 0.6412606239318848, -0.9289990067481995, 0.05989191308617592, 0.3652037978172302], "cam_t_m2c": [127.09419250488281, 208.56256103515625, 641.9075317382812], "obj_id": 1}, {"cam_R_m2c": [-0.6977980136871338, 0.6129589080810547, 0.370620459318161, -0.5158664584159851, -0.0710751935839653, -0.8537155389785767, -0.49695059657096863, -0.7869115471839905, 0.36580097675323486], "cam_t_m2c": [127.09419250488281, 208.56256103515625, 641.9075317382812], "obj_id": 0}, {"cam_R_m2c": [0.2840396761894226, -0.8695774674415588, 0.4039263129234314, -0.8188120126724243, -0.0008011293830350041, 0.5740612149238586, -0.49886709451675415, -0.49379587173461914, -0.7122480273246765], "cam_t_m2c": [127.09419250488281, 208.56256103515625, 641.9075317382812], "obj_id": 0}, {"cam_R_m2c": [-0.7482703924179077, 0.23940226435661316, 0.6186903715133667, -0.5078462362289429, 0.39332959055900574, -0.7664097547531128, -0.42682945728302, -0.8876814246177673, -0.172737255692482], "cam_t_m2c": [127.09419250488281, 208.56256103515625, 641.9075317382812], "obj_id": 0}, {"cam_R_m2c": [-0.22606895864009857, 0.7483856678009033, 0.6235476732254028, -0.593618631362915, -0.6133711934089661, 0.5209536552429199, 0.7723404169082642, -0.25237807631492615, 0.5829198360443115], "cam_t_m2c": [127.09419250488281, 208.56256103515625, 641.9075317382812], "obj_id": 1}, {"cam_R_m2c": [0.6067454218864441, -0.5858697295188904, 0.5372304916381836, -0.28754833340644836, 0.46830999851226807, 0.8354648947715759, -0.7410640120506287, -0.6613942384719849, 0.11567909270524979], "cam_t_m2c": [127.09419250488281, 208.56256103515625, 641.9075317382812], "obj_id": 2}, {"cam_R_m2c": [0.16176246106624603, -0.0708940401673317, 0.9842797517776489, -0.5973216891288757, 0.7869114279747009, 0.15484565496444702, -0.7855185866355896, -0.6129799485206604, 0.08494620025157928], "cam_t_m2c": [127.09419250488281, 208.56256103515625, 641.9075317382812], "obj_id": 1}, {"cam_R_m2c": [-0.8446460962295532, 0.31652140617370605, -0.4317255914211273, -0.4876123368740082, -0.7877250909805298, 0.376461386680603, -0.2209230214357376, 0.5284913778305054, 0.8196888566017151], "cam_t_m2c": [127.09419250488281, 208.56256103515625, 641.9075317382812], "obj_id": 1}, {"cam_R_m2c": [0.907275378704071, -0.27471476793289185, -0.31840717792510986, 0.06485285609960556, 0.8394860625267029, -0.5394972562789917, 0.4155062437057495, 0.4688229560852051, 0.7794610857963562], "cam_t_m2c": [127.09419250488281, 208.56256103515625, 641.9075317382812], "obj_id": 0}],
  "7": [{"cam_R_m2c": [-0.5763885378837585, 0.6968627572059631, -0.4268004596233368, -0.7758985757827759, -0.302803099155426, 0.553436279296875, 0.2564326226711273, 0.6501482129096985, 0.7152270078659058], "cam_t_m2c": [127.09419250488281, 208.56256103515625, 641.9075317382812], "obj_id": 2}, {"cam_R_m2c": [-0.30850949883461, -0.6703811287879944, -0.6748414039611816, 0.2044081836938858, -0.7395958304405212, 0.6412606239318848, -0.9289990067481995, 0.05989191308617592, 0.3652037978172302], "cam_t_m2c": [127.09419250488281, 208.56256103515625, 641.9075317382812], "obj_id": 1}, {"cam_R_m2c": [-0.6977980136871338, 0.6129589080810547, 0.370620459318161, -0.5158664584159851, -0.0710751935839653, -0.8537155389785767, -0.49695059657096863, -0.7869115471839905, 0.36580097675323486], "cam_t_m2c": [127.09419250488281, 208.56256103515625, 641.9075317382812], "obj_id": 0}, {"cam_R_m2c": [0.2840396761894226, -0.8695774674415588, 0.4039263129234314, -0.8188120126724243, -0.0008011293830350041, 0.5740612149238586, -0.49886709451675415, -0.49379587173461914, -0.7122480273246765], "cam_t_m2c": [127.09419250488281, 208.56256103515625, 641.9075317382812], "obj_id": 0}, {"cam_R_m2c": [-0.7482703924179077, 0.23940226435661316, 0.6186903715133667, -0.5078462362289429, 0.39332959055900574, -0.7664097547531128, -0.42682945728302, -0.8876814246177673, -0.172737255692482], "cam_t_m2c": [127.09419250488281, 208.56256103515625, 641.9075317382812], "obj_id": 0}, {"cam_R_m2c": [-0.22606895864009857, 0.7483856678009033, 0.6235476732254028, -0.593618631362915, -0.6133711934089661, 0.5209536552429199, 0.7723404169082642, -0.25237807631492615, 0.5829198360443115], "cam_t_m2c": [127.09419250488281, 208.56256103515625, 641.9075317382812], "obj_id": 1}, {"cam_R_m2c": [0.6067454218864441, -0.5858697295188904, 0.5372304916381836, -0.28754833340644836, 0.46830999851226807, 0.8354648947715759, -0.7410640120506287, -0.6613942384719849, 0.11567909270524979], "cam_t_m2c": [127.09419250488281, 208.56256103515625, 641.9075317382812], "obj_id": 2}, {"cam_R_m2c": [0.16176246106624603, -0.0708940401673317, 0.9842797517776489, -0.5973216891288757, 0.7869114279747009, 0.15484565496444702, -0.7855185866355896, -0.6129799485206604, 0.08494620025157928], "cam_t_m2c": [127.09419250488281, 208.56256103515625, 641.9075317382812], "obj_id": 1}, {"cam_R_m2c": [-0.8446460962295532, 0.31652140617370605, -0.4317255914211273, -0.4876123368740082, -0.7877250909805298, 0.376461386680603, -0.2209230214357376, 0.5284913778305054, 0.8196888566017151], "cam_t_m2c": [127.09419250488281, 208.56256103515625, 641.9075317382812], "obj_id": 1}, {"cam_R_m2c": [0.907275378704071, -0.27471476793289185, -0.31840717792510986, 0.06485285609960556, 0.8394860625267029, -0.5394972562789917, 0.4155062437057495, 0.4688229560852051, 0.7794610857963562], "cam_t_m2c": [127.09419250488281, 208.56256103515625, 641.9075317382812], "obj_id": 0}],
  "8": [{"cam_R_m2c": [-0.5763885378837585, 0.6968627572059631, -0.4268004596233368, -0.7758985757827759, -0.302803099155426, 0.553436279296875, 0.2564326226711273, 0.6501482129096985, 0.7152270078659058], "cam_t_m2c": [127.09419250488281, 208.56256103515625, 641.9075317382812], "obj_id": 2}, {"cam_R_m2c": [-0.30850949883461, -0.6703811287879944, -0.6748414039611816, 0.2044081836938858, -0.7395958304405212, 0.6412606239318848, -0.9289990067481995, 0.05989191308617592, 0.3652037978172302], "cam_t_m2c": [127.09419250488281, 208.56256103515625, 641.9075317382812], "obj_id": 1}, {"cam_R_m2c": [-0.6977980136871338, 0.6129589080810547, 0.370620459318161, -0.5158664584159851, -0.0710751935839653, -0.8537155389785767, -0.49695059657096863, -0.7869115471839905, 0.36580097675323486], "cam_t_m2c": [127.09419250488281, 208.56256103515625, 641.9075317382812], "obj_id": 0}, {"cam_R_m2c": [0.2840396761894226, -0.8695774674415588, 0.4039263129234314, -0.8188120126724243, -0.0008011293830350041, 0.5740612149238586, -0.49886709451675415, -0.49379587173461914, -0.7122480273246765], "cam_t_m2c": [127.09419250488281, 208.56256103515625, 641.9075317382812], "obj_id": 0}, {"cam_R_m2c": [-0.7482703924179077, 0.23940226435661316, 0.6186903715133667, -0.5078462362289429, 0.39332959055900574, -0.7664097547531128, -0.42682945728302, -0.8876814246177673, -0.172737255692482], "cam_t_m2c": [127.09419250488281, 208.56256103515625, 641.9075317382812], "obj_id": 0}, {"cam_R_m2c": [-0.22606895864009857, 0.7483856678009033, 0.6235476732254028, -0.593618631362915, -0.6133711934089661, 0.5209536552429199, 0.7723404169082642, -0.25237807631492615, 0.5829198360443115], "cam_t_m2c": [127.09419250488281, 208.56256103515625, 641.9075317382812], "obj_id": 1}, {"cam_R_m2c": [0.6067454218864441, -0.5858697295188904, 0.5372304916381836, -0.28754833340644836, 0.46830999851226807, 0.8354648947715759, -0.7410640120506287, -0.6613942384719849, 0.11567909270524979], "cam_t_m2c": [127.09419250488281, 208.56256103515625, 641.9075317382812], "obj_id": 2}, {"cam_R_m2c": [0.16176246106624603, -0.0708940401673317, 0.9842797517776489, -0.5973216891288757, 0.7869114279747009, 0.15484565496444702, -0.7855185866355896, -0.6129799485206604, 0.08494620025157928], "cam_t_m2c": [127.09419250488281, 208.56256103515625, 641.9075317382812], "obj_id": 1}, {"cam_R_m2c": [-0.8446460962295532, 0.31652140617370605, -0.4317255914211273, -0.4876123368740082, -0.7877250909805298, 0.376461386680603, -0.2209230214357376, 0.5284913778305054, 0.8196888566017151], "cam_t_m2c": [127.09419250488281, 208.56256103515625, 641.9075317382812], "obj_id": 1}, {"cam_R_m2c": [0.907275378704071, -0.27471476793289185, -0.31840717792510986, 0.06485285609960556, 0.8394860625267029, -0.5394972562789917, 0.4155062437057495, 0.4688229560852051, 0.7794610857963562], "cam_t_m2c": [127.09419250488281, 208.56256103515625, 641.9075317382812], "obj_id": 0}],
  "9": [{"cam_R_m2c": [-0.5763885378837585, 0.6968627572059631, -0.4268004596233368, -0.7758985757827759, -0.302803099155426, 0.553436279296875, 0.2564326226711273, 0.6501482129096985, 0.7152270078659058], "cam_t_m2c": [127.09419250488281, 208.56256103515625, 641.9075317382812], "obj_id": 2}, {"cam_R_m2c": [-0.30850949883461, -0.6703811287879944, -0.6748414039611816, 0.2044081836938858, -0.7395958304405212, 0.6412606239318848, -0.9289990067481995, 0.05989191308617592, 0.3652037978172302], "cam_t_m2c": [127.09419250488281, 208.56256103515625, 641.9075317382812], "obj_id": 1}, {"cam_R_m2c": [-0.6977980136871338, 0.6129589080810547, 0.370620459318161, -0.5158664584159851, -0.0710751935839653, -0.8537155389785767, -0.49695059657096863, -0.7869115471839905, 0.36580097675323486], "cam_t_m2c": [127.09419250488281, 208.56256103515625, 641.9075317382812], "obj_id": 0}, {"cam_R_m2c": [0.2840396761894226, -0.8695774674415588, 0.4039263129234314, -0.8188120126724243, -0.0008011293830350041, 0.5740612149238586, -0.49886709451675415, -0.49379587173461914, -0.7122480273246765], "cam_t_m2c": [127.09419250488281, 208.56256103515625, 641.9075317382812], "obj_id": 0}, {"cam_R_m2c": [-0.7482703924179077, 0.23940226435661316, 0.6186903715133667, -0.5078462362289429, 0.39332959055900574, -0.7664097547531128, -0.42682945728302, -0.8876814246177673, -0.172737255692482], "cam_t_m2c": [127.09419250488281, 208.56256103515625, 641.9075317382812], "obj_id": 0}, {"cam_R_m2c": [-0.22606895864009857, 0.7483856678009033, 0.6235476732254028, -0.593618631362915, -0.6133711934089661, 0.5209536552429199, 0.7723404169082642, -0.25237807631492615, 0.5829198360443115], "cam_t_m2c": [127.09419250488281, 208.56256103515625, 641.9075317382812], "obj_id": 1}, {"cam_R_m2c": [0.6067454218864441, -0.5858697295188904, 0.5372304916381836, -0.28754833340644836, 0.46830999851226807, 0.8354648947715759, -0.7410640120506287, -0.6613942384719849, 0.11567909270524979], "cam_t_m2c": [127.09419250488281, 208.56256103515625, 641.9075317382812], "obj_id": 2}, {"cam_R_m2c": [0.16176246106624603, -0.0708940401673317, 0.9842797517776489, -0.5973216891288757, 0.7869114279747009, 0.15484565496444702, -0.7855185866355896, -0.6129799485206604, 0.08494620025157928], "cam_t_m2c": [127.09419250488281, 208.56256103515625, 641.9075317382812], "obj_id": 1}, {"cam_R_m2c": [-0.8446460962295532, 0.31652140617370605, -0.4317255914211273, -0.4876123368740082, -0.7877250909805298, 0.376461386680603, -0.2209230214357376, 0.5284913778305054, 0.8196888566017151], "cam_t_m2c": [127.09419250488281, 208.56256103515625, 641.9075317382812], "obj_id": 1}, {"cam_R_m2c": [0.907275378704071, -0.27471476793289185, -0.31840717792510986, 0.06485285609960556, 0.8394860625267029, -0.5394972562789917, 0.4155062437057495, 0.4688229560852051, 0.7794610857963562], "cam_t_m2c": [127.09419250488281, 208.56256103515625, 641.9075317382812], "obj_id": 0}]
}