{
  "0": [{"cam_R_m2c": [-0.41445595026016235, -0.9094381332397461, 0.033887725323438644, -0.7255361080169678, 0.30770978331565857, -0.6155582070350647, 0.549384593963623, -0.279708594083786, -0.7873623371124268], "cam_t_m2c": [244.65435791015625, -112.35514831542969, 677.274169921875], "obj_id": 2}, {"cam_R_m2c": [-0.41445595026016235, -0.9094381332397461, 0.033887725323438644, -0.7255361080169678, 0.30770978331565857, -0.6155582070350647, 0.549384593963623, -0.279708594083786, -0.7873623371124268], "cam_t_m2c": [244.65435791015625, -112.35514831542969, 677.274169921875], "obj_id": 0}, {"cam_R_m2c": [-0.41445595026016235, -0.9094381332397461, 0.033887725323438644, -0.7255361080169678, 0.30770978331565857, -0.6155582070350647, 0.549384593963623, -0.279708594083786, -0.7873623371124268], "cam_t_m2c": [244.65435791015625, -112.35514831542969, 677.274169921875], "obj_id": 2}, {"cam_R_m2c": [-0.41445595026016235, -0.9094381332397461, 0.033887725323438644, -0.7255361080169678, 0.30770978331565857, -0.6155582070350647, 0.549384593963623, -0.279708594083786, -0.7873623371124268], "cam_t_m2c": [244.65435791015625, -112.35514831542969, 677.274169921875], "obj_id": 0}, {"cam_R_m2c": [-0.41445595026016235, -0.9094381332397461, 0.033887725323438644, -0.7255361080169678, 0.30770978331565857, -0.6155582070350647, 0.549384593963623, -0.279708594083786, -0.7873623371124268], "cam_t_m2c": [244.65435791015625, -112.35514831542969, 677.274169921875], "obj_id": 2}, {"cam_R_m2c": [-0.41445595026016235, -0.9094381332397461, 0.033887725323438644, -0.7255361080169678, 0.30770978331565857, -0.6155582070350647, 0.549384593963623, -0.279708594083786, -0.7873623371124268], "cam_t_m2c": [244.65435791015625, -112.35514831542969, 677.274169921875], "obj_id": 0}, {"cam_R_m2c": [-0.41445595026016235, -0.9094381332397461, 0.033887725323438644, -0.7255361080169678, 0.30770978331565857, -0.6155582070350647, 0.549384593963623, -0.279708594083786, -0.7873623371124268], "cam_t_m2c": [244.65435791015625, -112.35514831542969, 677.274169921875], "obj_id": 1}, {"cam_R_m2c": [-0.41445595026016235, -0.9094381332397461, 0.033887725323438644, -0.7255361080169678, 0.30770978331565857, -0.6155582070350647, 0.549384593963623, -0.279708594083786, -0.7873623371124268], "cam_t_m2c": [244.65435791015625, -112.35514831542969, 677.274169921875], "obj_id": 0}, {"cam_R_m2c": [-0.41445595026016235, -0.9094381332397461, 0.033887725323438644, -0.7255361080169678, 0.30770978331565857, -0.6155582070350647, 0.549384593963623, -0.279708594083786, -0.7873623371124268], "cam_t_m2c": [244.65435791015625, -112.35514831542969, 677.274169921875], "obj_id": 1}, {"cam_R_m2c": [-0.41445595026016235, -0.9094381332397461, 0.033887725323438644, -0.7255361080169678, 0.30770978331565857, -0.6155582070350647, 0.549384593963623, -0.279708594083786, -0.7873623371124268], "cam_t_m2c": [244.65435791015625, -112.35514831542969, 677.274169921875], "obj_id": 2}, {"cam_R_m2c": [-0.41445595026016235, -0.9094381332397461, 0.033887725323438644, -0.7255361080169678, 0.30770978331565857, -0.6155582070350647, 0.549384593963623, -0.279708594083786, -0.7873623371124268], "cam_t_m2c": [244.65435791015625, -112.35514831542969, 677.274169921875], "obj_id": 1}, {"cam_R_m2c": [-0.41445595026016235, -0.9094381332397461, 0.033887725323438644, -0.7255361080169678, 0.30770978331565857, -0.6155582070350647, 0.549384593963623, -0.279708594083786, -0.7873623371124268], "cam_t_m2c": [244.65435791015625, -112.35514831542969, 677.274169921875], "obj_id": 0}, {"cam_R_m2c": [-0.41445595026016235, -0.9094381332397461, 0.033887725323438644, -0.7255361080169678, 0.30770978331565857, -0.6155582070350647, 0.549384593963623, -0.279708594083786, -0.7873623371124268], "cam_t_m2c": [244.65435791015625, -112.35514831542969, 677.274169921875], "obj_id": 2}, {"cam_R_m2c": [-0.41445595026016235, -0.9094381332397461, 0.033887725323438644, -0.7255361080169678, 0.30770978331565857, -0.6155582070350647, 0.549384593963623, -0.279708594083786, -0.7873623371124268], "cam_t_m2c": [244.65435791015625, -112.35514831542969, 677.274169921875], "obj_id": 0}, {"cam_R_m2c": [-0.41445595026016235, -0.9094381332397461, 0.033887725323438644, -0.7255361080169678, 0.30770978331565857, -0.6155582070350647, 0.549384593963623, -0.279708594083786, -0.7873623371124268], "cam_t_m2c": [244.65435791015625, -112.35514831542969, 677.274169921875], "obj_id": 3}, {"cam_R_m2c": [-0.41445595026016235, -0.9094381332397461, 0.033887725323438644, -0.7255361080169678, 0.30770978331565857, -0.6155582070350647, 0.549384593963623, -0.279708594083786, -0.7873623371124268], "cam_t_m2c": [244.65435791015625, -112.35514831542969, 677.274169921875], "obj_id": 1}, {"cam_R_m2c": [-0.41445595026016235, -0.9094381332397461, 0.033887725323438644, -0.7255361080169678, 0.30770978331565857, -0.6155582070350647, 0.549384593963623, -0.279708594083786, -0.7873623371124268], "cam_t_m2c": [244.65435791015625, -112.35514831542969, 677.274169921875], "obj_id": 1}, {"cam_R_m2c": [-0.41445595026016235, -0.9094381332397461, 0.033887725323438644, -0.7255361080169678, 0.30770978331565857, -0.6155582070350647, 0.549384593963623, -0.279708594083786, -0.7873623371124268], "cam_t_m2c": [244.65435791015625, -112.35514831542969, 677.274169921875], "obj_id": 2}, {"cam_R_m2c": [-0.41445595026016235, -0.9094381332397461, 0.033887725323438644, -0.7255361080169678, 0.30770978331565857, -0.6155582070350647, 0.549384593963623, -0.279708594083786, -0.7873623371124268], "cam_t_m2c": [244.65435791015625, -112.35514831542969, 677.274169921875], "obj_id": 3}, {"cam_R_m2c": [-0.41445595026016235, -0.9094381332397461, 0.033887725323438644, -0.7255361080169678, 0.30770978331565857, -0.6155582070350647, 0.549384593963623, -0.279708594083786, -0.7873623371124268], "cam_t_m2c": [244.65435791015625, -112.35514831542969, 677.274169921875], "obj_id": 3}, {"cam_R_m2c": [-0.41445595026016235, -0.9094381332397461, 0.033887725323438644, -0.7255361080169678, 0.30770978331565857, -0.6155582070350647, 0.549384593963623, -0.279708594083786, -0.7873623371124268], "cam_t_m2c": [244.65435791015625, -112.35514831542969, 677.274169921875], "obj_id": 1}, {"cam_R_m2c": [-0.41445595026016235, -0.9094381332397461, 0.033887725323438644, -0.7255361080169678, 0.30770978331565857, -0.6155582070350647, 0.549384593963623, -0.279708594083786, -0.7873623371124268], "cam_t_m2c": [244.65435791015625, -112.35514831542969, 677.274169921875], "obj_id": 1}, {"cam_R_m2c": [-0.41445595026016235, -0.9094381332397461, 0.033887725323438644, -0.7255361080169678, 0.30770978331565857, -0.6155582070350647, 0.549384593963623, -0.279708594083786, -0.7873623371124268], "cam_t_m2c": [244.65435791015625, -112.35514831542969, 677.274169921875], "obj_id": 1}, {"cam_R_m2c": [-0.41445595026016235, -0.9094381332397461, 0.033887725323438644, -0.7255361080169678, 0.30770978331565857, -0.6155582070350647, 0.549384593963623, -0.279708594083786, -0.7873623371124268], "cam_t_m2c": [244.65435791015625, -112.35514831542969, 677.274169921875], "obj_id": 2}, {"cam_R_m2c": [0.2313142865896225, -0.9625735878944397, -0.14122937619686127, -0.9662480354309082, -0.24422402679920197, 0.08197090774774551, -0.11339464783668518, 0.11750157922506332, -0.9865773320198059], "cam_t_m2c": [392.8171691894531, -332.72918701171875, 792.4358520507812], "obj_id": 0}, {"cam_R_m2c": [-0.7912522554397583, -0.12634159624576569, 0.5982956886291504, 0.46028926968574524, -0.767179012298584, 0.4467327892780304, 0.40255895256996155, 0.6288673877716064, 0.6651857495307922], "cam_t_m2c": [270.32904052734375, 12.054800033569336, 590.2289428710938], "obj_id": 0}, {"cam_R_m2c": [0.2008250206708908, 0.821524441242218, 0.5336354970932007, 0.818130373954773, -0.4402696490287781, 0.36989903450012207, 0.5388246178627014, 0.36229845881462097, -0.7605312466621399], "cam_t_m2c": [179.2098388671875, -233.1552276611328, 705.3955688476562], "obj_id": 2}, {"cam_R_m2c": [-0.1255393922328949, 0.8373977541923523, -0.5319818258285522, -0.7953721880912781, -0.40545815229415894, -0.4505402147769928, -0.5929778218269348, 0.36656299233436584, 0.7169440984725952], "cam_t_m2c": [-31.329181671142578, 88.90858459472656, 444.5452575683594], "obj_id": 0}, {"cam_R_m2c": [0.13432717323303223, -0.800977885723114, 0.5834299921989441, -0.9289175271987915, 0.10323779284954071, 0.3556038439273834, -0.34506282210350037, -0.5897256135940552, -0.730174720287323], "cam_t_m2c": [365.85498046875, 32.04422378540039, 581.668212890625], "obj_id": 2}, {"cam_R_m2c": [-0.6442903280258179, -0.4797464907169342, 0.5955950021743774, 0.0006138168973848224, 0.7784537672996521, 0.6277016401290894, -0.7647808194160461, 0.4047876298427582, -0.5012557506561279], "cam_t_m2c": [82.95341491699219, 66.46966552734375, 467.0066223144531], "obj_id": 1}, {"cam_R_m2c": [-0.5098419785499573, -0.7647935152053833, 0.39389315247535706, 0.8535611629486084, -0.5067875385284424, 0.12082844227552414, 0.10721135884523392, 0.3978153467178345, 0.9111798405647278], "cam_t_m2c": [138.2926483154297, 116.4917984008789, 502.8974914550781], "obj_id": 0}, {"cam_R_m2c": [0.1343267858028412, 0.1963193714618683, 0.9712955355644226, -0.9289169311523438, 0.3662649691104889, 0.05443606153130531, -0.3450646698474884, -0.9095650911331177, 0.23156359791755676], "cam_t_m2c": [338.4447326660156, -227.37149047851562, 783.2999267578125], "obj_id": 2}],
  "1": [{"cam_R_m2c": [0.10207748413085938, -0.9944636225700378, 0.024946482852101326, -0.7816973328590393, -0.09569735825061798, -0.6162721514701843, 0.6152474880218506, 0.04340691864490509, -0.7871381044387817], "cam_t_m2c": [320.8380126953125, 4.921323776245117, 613.280029296875], "obj_id": 2}, {"cam_R_m2c": [0.10207748413085938, -0.9944636225700378, 0.024946482852101326, -0.7816973328590393, -0.09569735825061798, -0.6162721514701843, 0.6152474880218506, 0.04340691864490509, -0.7871381044387817], "cam_t_m2c": [320.8380126953125, 4.921323776245117, 613.280029296875], "obj_id": 0}, {"cam_R_m2c": [0.10207748413085938, -0.9944636225700378, 0.024946482852101326, -0.7816973328590393, -0.09569735825061798, -0.6162721514701843, 0.6152474880218506, 0.04340691864490509, -0.7871381044387817], "cam_t_m2c": [320.8380126953125, 4.921323776245117, 613.280029296875], "obj_id": 2}, {"cam_R_m2c": [0.10207748413085938, -0.9944636225700378, 0.024946482852101326, -0.7816973328590393, -0.09569735825061798, -0.6162721514701843, 0.6152474880218506, 0.04340691864490509, -0.7871381044387817], "cam_t_m2c": [320.8380126953125, 4.921323776245117, 613.280029296875], "obj_id": 0}, {"cam_R_m2c": [0.10207748413085938, -0.9944636225700378, 0.024946482852101326, -0.7816973328590393, -0.09569735825061798, -0.6162721514701843, 0.6152474880218506, 0.04340691864490509, -0.7871381044387817], "cam_t_m2c": [320.8380126953125, 4.921323776245117, 613.280029296875], "obj_id": 2}, {"cam_R_m2c": [0.10207748413085938, -0.9944636225700378, 0.024946482852101326, -0.7816973328590393, -0.09569735825061798, -0.6162721514701843, 0.6152474880218506, 0.04340691864490509, -0.7871381044387817], "cam_t_m2c": [320.8380126953125, 4.921323776245117, 613.280029296875], "obj_id": 0}, {"cam_R_m2c": [0.10207748413085938, -0.9944636225700378, 0.024946482852101326, -0.7816973328590393, -0.09569735825061798, -0.6162721514701843, 0.6152474880218506, 0.04340691864490509, -0.7871381044387817], "cam_t_m2c": [320.8380126953125, 4.921323776245117, 613.280029296875], "obj_id": 1}, {"cam_R_m2c": [0.10207748413085938, -0.9944636225700378, 0.024946482852101326, -0.7816973328590393, -0.09569735825061798, -0.6162721514701843, 0.6152474880218506, 0.04340691864490509, -0.7871381044387817], "cam_t_m2c": [320.8380126953125, 4.921323776245117, 613.280029296875], "obj_id": 0}, {"cam_R_m2c": [0.10207748413085938, -0.9944636225700378, 0.024946482852101326, -0.7816973328590393, -0.09569735825061798, -0.6162721514701843, 0.6152474880218506, 0.04340691864490509, -0.7871381044387817], "cam_t_m2c": [320.8380126953125, 4.921323776245117, 613.280029296875], "obj_id": 1}, {"cam_R_m2c": [0.10207748413085938, -0.9944636225700378, 0.024946482852101326, -0.7816973328590393, -0.09569735825061798, -0.6162721514701843, 0.6152474880218506, 0.04340691864490509, -0.7871381044387817], "cam_t_m2c": [320.8380126953125, 4.921323776245117, 613.280029296875], "obj_id": 2}, {"cam_R_m2c": [0.10207748413085938, -0.9944636225700378, 0.024946482852101326, -0.7816973328590393, -0.09569735825061798, -0.6162721514701843, 0.6152474880218506, 0.04340691864490509, -0.7871381044387817], "cam_t_m2c": [320.8380126953125, 4.921323776245117, 613.280029296875], "obj_id": 1}, {"cam_R_m2c": [0.10207748413085938, -0.9944636225700378, 0.024946482852101326, -0.7816973328590393, -0.09569735825061798, -0.6162721514701843, 0.6152474880218506, 0.04340691864490509, -0.7871381044387817], "cam_t_m2c": [320.8380126953125, 4.921323776245117, 613.280029296875], "obj_id": 0}, {"cam_R_m2c": [0.10207748413085938, -0.9944636225700378, 0.024946482852101326, -0.7816973328590393, -0.09569735825061798, -0.6162721514701843, 0.6152474880218506, 0.04340691864490509, -0.7871381044387817], "cam_t_m2c": [320.8380126953125, 4.921323776245117, 613.280029296875], "obj_id": 2}, {"cam_R_m2c": [0.10207748413085938, -0.9944636225700378, 0.024946482852101326, -0.7816973328590393, -0.09569735825061798, -0.6162721514701843, 0.6152474880218506, 0.04340691864490509, -0.7871381044387817], "cam_t_m2c": [320.8380126953125, 4.921323776245117, 613.280029296875], "obj_id": 0}, {"cam_R_m2c": [0.10207748413085938, -0.9944636225700378, 0.024946482852101326, -0.7816973328590393, -0.09569735825061798, -0.6162721514701843, 0.6152474880218506, 0.04340691864490509, -0.7871381044387817], "cam_t_m2c": [320.8380126953125, 4.921323776245117, 613.280029296875], "obj_id": 3}, {"cam_R_m2c": [0.10207748413085938, -0.9944636225700378, 0.024946482852101326, -0.7816973328590393, -0.09569735825061798, -0.6162721514701843, 0.6152474880218506, 0.04340691864490509, -0.7871381044387817], "cam_t_m2c": [320.8380126953125, 4.921323776245117, 613.280029296875], "obj_id": 1}, {"cam_R_m2c": [0.10207748413085938, -0.9944636225700378, 0.024946482852101326, -0.7816973328590393, -0.09569735825061798, -0.6162721514701843, 0.6152474880218506, 0.04340691864490509, -0.7871381044387817], "cam_t_m2c": [320.8380126953125, 4.921323776245117, 613.280029296875], "obj_id": 1}, {"cam_R_m2c": [0.10207748413085938, -0.9944636225700378, 0.024946482852101326, -0.7816973328590393, -0.09569735825061798, -0.6162721514701843, 0.6152474880218506, 0.04340691864490509, -0.7871381044387817], "cam_t_m2c": [320.8380126953125, 4.921323776245117, 613.280029296875], "obj_id": 2}, {"cam_R_m2c": [0.10207748413085938, -0.9944636225700378, 0.024946482852101326, -0.7816973328590393, -0.09569735825061798, -0.6162721514701843, 0.6152474880218506, 0.04340691864490509, -0.7871381044387817], "cam_t_m2c": [320.8380126953125, 4.921323776245117, 613.280029296875], "obj_id": 3}, {"cam_R_m2c": [0.10207748413085938, -0.9944636225700378, 0.024946482852101326, -0.7816973328590393, -0.09569735825061798, -0.6162721514701843, 0.6152474880218506, 0.04340691864490509, -0.7871381044387817], "cam_t_m2c": [320.8380126953125, 4.921323776245117, 613.280029296875], "obj_id": 3}, {"cam_R_m2c": [0.10207748413085938, -0.9944636225700378, 0.024946482852101326, -0.7816973328590393, -0.09569735825061798, -0.6162721514701843, 0.6152474880218506, 0.04340691864490509, -0.7871381044387817], "cam_t_m2c": [320.8380126953125, 4.921323776245117, 613.280029296875], "obj_id": 1}, {"cam_R_m2c": [0.10207748413085938, -0.9944636225700378, 0.024946482852101326, -0.7816973328590393, -0.09569735825061798, -0.6162721514701843, 0.6152474880218506, 0.04340691864490509, -0.7871381044387817], "cam_t_m2c": [320.8380126953125, 4.921323776245117, 613.280029296875], "obj_id": 1}, {"cam_R_m2c": [0.10207748413085938, -0.9944636225700378, 0.024946482852101326, -0.7816973328590393, -0.09569735825061798, -0.6162721514701843, 0.6152474880218506, 0.04340691864490509, -0.7871381044387817], "cam_t_m2c": [320.8380126953125, 4.921323776245117, 613.280029296875], "obj_id": 1}, {"cam_R_m2c": [0.10207748413085938, -0.9944636225700378, 0.024946482852101326, -0.7816973328590393, -0.09569735825061798, -0.6162721514701843, 0.6152474880218506, 0.04340691864490509, -0.7871381044387817], "cam_t_m2c": [320.8380126953125, 4.921323776245117, 613.280029296875], "obj_id": 2}, {"cam_R_m2c": [0.5460137128829956, -0.6971076130867004, -0.4646611213684082, -0.8052201867103577, -0.5897923111915588, -0.06136191636323929, -0.231277734041214, 0.40765899419784546, -0.8833597898483276], "cam_t_m2c": [572.0645141601562, -129.86549377441406, 663.2491455078125], "obj_id": 0}, {"cam_R_m2c": [-0.7381694316864014, 0.3921751081943512, 0.5489121079444885, 0.1466512531042099, -0.7009242177009583, 0.6979961395263672, 0.6584824919700623, 0.5957380533218384, 0.45988792181015015], "cam_t_m2c": [266.4149475097656, 121.84324645996094, 529.129638671875], "obj_id": 0}, {"cam_R_m2c": [0.019305836409330368, 0.9969990253448486, 0.07496833056211472, 0.873093843460083, -0.053347423672676086, 0.48462480306625366, 0.4871698319911957, 0.056098293513059616, -0.8715036511421204], "cam_t_m2c": [320.97723388671875, -129.06922912597656, 654.6680908203125], "obj_id": 2}, {"cam_R_m2c": [0.01962585374712944, 0.9982731342315674, -0.055366400629282, -0.8273224830627441, -0.014878668822348118, -0.5615300536155701, -0.5613842010498047, 0.056826334446668625, 0.8256019353866577], "cam_t_m2c": [-70.12012481689453, 62.612266540527344, 492.2004699707031], "obj_id": 0}, {"cam_R_m2c": [0.3746757209300995, -0.9175465106964111, 0.1331409066915512, -0.8279462456703186, -0.26648610830307007, 0.49344727396965027, -0.4172806441783905, -0.29511624574661255, -0.8595250844955444], "cam_t_m2c": [338.2508544921875, 176.7351531982422, 491.3863220214844], "obj_id": 2}, {"cam_R_m2c": [-0.7968260049819946, -0.5944665670394897, 0.10806230455636978, -0.31391972303390503, 0.5601357221603394, 0.7666174173355103, -0.5162580013275146, 0.5769379734992981, -0.6329454183578491], "cam_t_m2c": [44.43826675415039, 88.47323608398438, 475.5838623046875], "obj_id": 1}, {"cam_R_m2c": [-0.7437533140182495, -0.3344252407550812, 0.5787838101387024, 0.5927090644836426, -0.7302799224853516, 0.33968687057495117, 0.30907437205314636, 0.5956936478614807, 0.7413650155067444], "cam_t_m2c": [83.7041244506836, 158.89810180664062, 494.3277587890625], "obj_id": 0}, {"cam_R_m2c": [0.3746747672557831, -0.26156455278396606, 0.889495849609375, -0.82794588804245, 0.33739450573921204, 0.4479626417160034, -0.4172821342945099, -0.9042947292327881, -0.09014809876680374], "cam_t_m2c": [480.6092529296875, -55.21299743652344, 677.4974365234375], "obj_id": 2}]
}