{
  "0": [{"cam_R_m2c": [-0.15578952431678772, 0.987730085849762, -0.010893748141825199, 0.45133137702941895, 0.061367690563201904, -0.8902437090873718, -0.878652036190033, -0.14360740780830383, -0.4553539752960205], "cam_t_m2c": [207.4269256591797, 45.041744232177734, 190.44154357910156], "obj_id": 0}, {"cam_R_m2c": [-0.15578952431678772, 0.987730085849762, -0.010893748141825199, 0.45133137702941895, 0.061367690563201904, -0.8902437090873718, -0.878652036190033, -0.14360740780830383, -0.4553539752960205], "cam_t_m2c": [207.4269256591797, 45.041744232177734, 190.44154357910156], "obj_id": 0}, {"cam_R_m2c": [-0.15578952431678772, 0.987730085849762, -0.010893748141825199, 0.45133137702941895, 0.061367690563201904, -0.8902437090873718, -0.878652036190033, -0.14360740780830383, -0.4553539752960205], "cam_t_m2c": [207.4269256591797, 45.041744232177734, 190.44154357910156], "obj_id": 2}, {"cam_R_m2c": [-0.15578952431678772, 0.987730085849762, -0.010893748141825199, 0.45133137702941895, 0.061367690563201904, -0.8902437090873718, -0.878652036190033, -0.14360740780830383, -0.4553539752960205], "cam_t_m2c": [207.4269256591797, 45.041744232177734, 190.44154357910156], "obj_id": 3}, {"cam_R_m2c": [-0.15578952431678772, 0.987730085849762, -0.010893748141825199, 0.45133137702941895, 0.061367690563201904, -0.8902437090873718, -0.878652036190033, -0.14360740780830383, -0.4553539752960205], "cam_t_m2c": [207.4269256591797, 45.041744232177734, 190.44154357910156], "obj_id": 0}, {"cam_R_m2c": [-0.15578952431678772, 0.987730085849762, -0.010893748141825199, 0.45133137702941895, 0.061367690563201904, -0.8902437090873718, -0.878652036190033, -0.14360740780830383, -0.4553539752960205], "cam_t_m2c": [207.4269256591797, 45.041744232177734, 190.44154357910156], "obj_id": 1}, {"cam_R_m2c": [-0.15578952431678772, 0.987730085849762, -0.010893748141825199, 0.45133137702941895, 0.061367690563201904, -0.8902437090873718, -0.878652036190033, -0.14360740780830383, -0.4553539752960205], "cam_t_m2c": [207.4269256591797, 45.041744232177734, 190.44154357910156], "obj_id": 2}, {"cam_R_m2c": [-0.15578952431678772, 0.987730085849762, -0.010893748141825199, 0.45133137702941895, 0.061367690563201904, -0.8902437090873718, -0.878652036190033, -0.14360740780830383, -0.4553539752960205], "cam_t_m2c": [207.4269256591797, 45.041744232177734, 190.44154357910156], "obj_id": 0}, {"cam_R_m2c": [-0.15578952431678772, 0.987730085849762, -0.010893748141825199, 0.45133137702941895, 0.061367690563201904, -0.8902437090873718, -0.878652036190033, -0.14360740780830383, -0.4553539752960205], "cam_t_m2c": [207.4269256591797, 45.041744232177734, 190.44154357910156], "obj_id": 2}, {"cam_R_m2c": [-0.15578952431678772, 0.987730085849762, -0.010893748141825199, 0.45133137702941895, 0.061367690563201904, -0.8902437090873718, -0.878652036190033, -0.14360740780830383, -0.4553539752960205], "cam_t_m2c": [207.4269256591797, 45.041744232177734, 190.44154357910156], "obj_id": 1}, {"cam_R_m2c": [-0.15578952431678772, 0.987730085849762, -0.010893748141825199, 0.45133137702941895, 0.061367690563201904, -0.8902437090873718, -0.878652036190033, -0.14360740780830383, -0.4553539752960205], "cam_t_m2c": [207.4269256591797, 45.041744232177734, 190.44154357910156], "obj_id": 1}, {"cam_R_m2c": [-0.15578952431678772, 0.987730085849762, -0.010893748141825199, 0.45133137702941895, 0.061367690563201904, -0.8902437090873718, -0.878652036190033, -0.14360740780830383, -0.4553539752960205], "cam_t_m2c": [207.4269256591797, 45.041744232177734, 190.44154357910156], "obj_id": 1}, {"cam_R_m2c": [-0.15578952431678772, 0.987730085849762, -0.010893748141825199, 0.45133137702941895, 0.061367690563201904, -0.8902437090873718, -0.878652036190033, -0.14360740780830383, -0.4553539752960205], "cam_t_m2c": [207.4269256591797, 45.041744232177734, 190.44154357910156], "obj_id": 0}, {"cam_R_m2c": [-0.15578952431678772, 0.987730085849762, -0.010893748141825199, 0.45133137702941895, 0.061367690563201904, -0.8902437090873718, -0.878652036190033, -0.14360740780830383, -0.4553539752960205], "cam_t_m2c": [207.4269256591797, 45.041744232177734, 190.44154357910156], "obj_id": 3}, {"cam_R_m2c": [-0.15578952431678772, 0.987730085849762, -0.010893748141825199, 0.45133137702941895, 0.061367690563201904, -0.8902437090873718, -0.878652036190033, -0.14360740780830383, -0.4553539752960205], "cam_t_m2c": [207.4269256591797, 45.041744232177734, 190.44154357910156], "obj_id": 1}, {"cam_R_m2c": [-0.15578952431678772, 0.987730085849762, -0.010893748141825199, 0.45133137702941895, 0.061367690563201904, -0.8902437090873718, -0.878652036190033, -0.14360740780830383, -0.4553539752960205], "cam_t_m2c": [207.4269256591797, 45.041744232177734, 190.44154357910156], "obj_id": 2}, {"cam_R_m2c": [-0.15578952431678772, 0.987730085849762, -0.010893748141825199, 0.45133137702941895, 0.061367690563201904, -0.8902437090873718, -0.878652036190033, -0.14360740780830383, -0.4553539752960205], "cam_t_m2c": [207.4269256591797, 45.041744232177734, 190.44154357910156], "obj_id": 3}, {"cam_R_m2c": [-0.15578952431678772, 0.987730085849762, -0.010893748141825199, 0.45133137702941895, 0.061367690563201904, -0.8902437090873718, -0.878652036190033, -0.14360740780830383, -0.4553539752960205], "cam_t_m2c": [207.4269256591797, 45.041744232177734, 190.44154357910156], "obj_id": 0}, {"cam_R_m2c": [-0.15578952431678772, 0.987730085849762, -0.010893748141825199, 0.45133137702941895, 0.061367690563201904, -0.8902437090873718, -0.878652036190033, -0.14360740780830383, -0.4553539752960205], "cam_t_m2c": [207.4269256591797, 45.041744232177734, 190.44154357910156], "obj_id": 1}, {"cam_R_m2c": [-0.15578952431678772, 0.987730085849762, -0.010893748141825199, 0.45133137702941895, 0.061367690563201904, -0.8902437090873718, -0.878652036190033, -0.14360740780830383, -0.4553539752960205], "cam_t_m2c": [207.4269256591797, 45.041744232177734, 190.44154357910156], "obj_id": 1}, {"cam_R_m2c": [-0.15578952431678772, 0.987730085849762, -0.010893748141825199, 0.45133137702941895, 0.061367690563201904, -0.8902437090873718, -0.878652036190033, -0.14360740780830383, -0.4553539752960205], "cam_t_m2c": [207.4269256591797, 45.041744232177734, 190.44154357910156], "obj_id": 0}, {"cam_R_m2c": [-0.15578952431678772, 0.987730085849762, -0.010893748141825199, 0.45133137702941895, 0.061367690563201904, -0.8902437090873718, -0.878652036190033, -0.14360740780830383, -0.4553539752960205], "cam_t_m2c": [207.4269256591797, 45.041744232177734, 190.44154357910156], "obj_id": 0}, {"cam_R_m2c": [-0.15578952431678772, 0.987730085849762, -0.010893748141825199, 0.45133137702941895, 0.061367690563201904, -0.8902437090873718, -0.878652036190033, -0.14360740780830383, -0.4553539752960205], "cam_t_m2c": [207.4269256591797, 45.041744232177734, 190.44154357910156], "obj_id": 3}, {"cam_R_m2c": [-0.15578952431678772, 0.987730085849762, -0.010893748141825199, 0.45133137702941895, 0.061367690563201904, -0.8902437090873718, -0.878652036190033, -0.14360740780830383, -0.4553539752960205], "cam_t_m2c": [207.4269256591797, 45.041744232177734, 190.44154357910156], "obj_id": 3}, {"cam_R_m2c": [-0.32061290740966797, -0.8894124031066895, -0.3258110582828522, -0.886610209941864, 0.16073279082775116, 0.4336901903152466, -0.3333609402179718, 0.4279141426086426, -0.8400951027870178], "cam_t_m2c": [336.9139099121094, 257.8882751464844, -213.0261993408203], "obj_id": 0}, {"cam_R_m2c": [0.004932521842420101, -0.19697459042072296, -0.9803960919380188, 0.4553849697113037, -0.8724066615104675, 0.1775691658258438, -0.8902809023857117, -0.44733354449272156, 0.08539626002311707], "cam_t_m2c": [205.17401123046875, 40.898868560791016, 165.59463500976562], "obj_id": 3}, {"cam_R_m2c": [0.883549153804779, -0.46832746267318726, 0.0032157208770513535, -0.2217431515455246, -0.4243699610233307, -0.8779180645942688, 0.412517786026001, 0.7749706506729126, -0.47880008816719055], "cam_t_m2c": [314.12774658203125, 93.1467056274414, 62.082210540771484], "obj_id": 3}, {"cam_R_m2c": [0.03579208254814148, 0.6761112809181213, -0.7359294891357422, -0.9923025369644165, 0.11140115559101105, 0.054085396230220795, 0.11855106800794601, 0.7283290028572083, 0.674894392490387], "cam_t_m2c": [-2.0211925506591797, 21.242340087890625, 183.39439392089844], "obj_id": 3}, {"cam_R_m2c": [0.4338766038417816, 0.46143585443496704, 0.7738397717475891, 0.39484620094299316, -0.8694047331809998, 0.2970382869243622, 0.8098441362380981, 0.17666974663734436, -0.5594105124473572], "cam_t_m2c": [111.5744857788086, 6849.8486328125, 3777.535888671875], "obj_id": 2}]
}