{
  "0": [{"cam_R_m2c": [-0.9751635193824768, 0.20519445836544037, -0.0833735242486, 0.07899022847414017, 0.6738752722740173, 0.7346104979515076, 0.20692136883735657, 0.7097797393798828, -0.6733469367027283], "cam_t_m2c": [-127.2598648071289, 4.535067081451416, 959.6967163085938], "obj_id": 3}, {"cam_R_m2c": [0.13239242136478424, 0.2624014616012573, -0.9558336138725281, 0.766205906867981, -0.6388524770736694, -0.06925461441278458, -0.6288090944290161, -0.7231965065002441, -0.2856328785419464], "cam_t_m2c": [121.39920806884766, -145.2366485595703, 887.4107666015625], "obj_id": 3}, {"cam_R_m2c": [-0.6454988718032837, -0.5171875953674316, 0.5620037317276001, 0.5817642211914062, -0.8097096085548401, -0.07694540917873383, 0.49485504627227783, 0.27728548645973206, 0.8235479593276978], "cam_t_m2c": [50.63456344604492, -262.4651794433594, 1046.18212890625], "obj_id": 3}, {"cam_R_m2c": [0.7758297920227051, 0.15748263895511627, -0.6109724640846252, 0.47843581438064575, -0.7781258821487427, 0.40696340799331665, -0.41132381558418274, -0.6080454587936401, -0.6790385842323303], "cam_t_m2c": [119.11845397949219, -94.49701690673828, 856.5910034179688], "obj_id": 3}, {"cam_R_m2c": [0.20498046278953552, -0.09631439298391342, 0.9740157127380371, -0.9660603404045105, -0.1797357201576233, 0.18553335964679718, 0.1571958363056183, -0.9789886474609375, -0.12988786399364471], "cam_t_m2c": [105.41205596923828, 50.029850006103516, 845.6057739257812], "obj_id": 3}, {"cam_R_m2c": [-0.2103254795074463, -0.3561753034591675, 0.9104406237602234, -0.8557894825935364, -0.3831491470336914, -0.34759292006492615, 0.47263869643211365, -0.852253258228302, -0.22422491014003754], "cam_t_m2c": [-30.928611755371094, 76.55307006835938, 1081.7562255859375], "obj_id": 3}, {"cam_R_m2c": [-0.2727876901626587, -0.594028651714325, -0.7567804455757141, 0.41598227620124817, 0.636455774307251, -0.649524986743927, 0.867493748664856, -0.49198976159095764, 0.07348815351724625], "cam_t_m2c": [-121.86865997314453, 23.129962921142578, 1138.78466796875], "obj_id": 3}, {"cam_R_m2c": [0.2728574872016907, -0.5849629044532776, 0.7637848258018494, 0.6463866233825684, -0.4765467047691345, -0.5958923697471619, 0.7125539779663086, 0.6562939882278442, 0.24808277189731598], "cam_t_m2c": [-151.9405975341797, 22.79618263244629, 989.4319458007812], "obj_id": 3}, {"cam_R_m2c": [0.8559256196022034, -0.445613831281662, -0.26233506202697754, 0.5022985339164734, 0.5959798097610474, 0.6265016198158264, -0.12283139675855637, -0.6680092811584473, 0.7339455485343933], "cam_t_m2c": [131.71009826660156, -167.723388671875, 816.3228759765625], "obj_id": 3}, {"cam_R_m2c": [0.7677239775657654, 0.6239651441574097, -0.1458335816860199, 0.296935111284256, -0.5481008291244507, -0.781930148601532, -0.5678287148475647, 0.557003378868103, -0.6060672998428345], "cam_t_m2c": [100.01326751708984, -128.72129821777344, 952.3078002929688], "obj_id": 3}, {"cam_R_m2c": [0.7365783452987671, -0.1526513695716858, 0.6589004993438721, -0.5796077847480774, -0.644547164440155, 0.49861177802085876, 0.34857869148254395, -0.7491704821586609, -0.5632374286651611], "cam_t_m2c": [35.00627136230469, -140.94296264648438, 1230.3238525390625], "obj_id": 3}, {"cam_R_m2c": [-0.5691433548927307, -0.7897328734397888, -0.22890515625476837, 0.03280610218644142, 0.25636088848114014, -0.9660242199897766, 0.8215834498405457, -0.5573158264160156, -0.11999793350696564], "cam_t_m2c": [-33.13338088989258, 18.971755981445312, 1100.63427734375], "obj_id": 3}, {"cam_R_m2c": [-0.29555031657218933, -0.8446903824806213, -0.4462602436542511, 0.9053616523742676, -0.3967474102973938, 0.15136633813381195, -0.304910272359848, -0.35929054021835327, 0.8820090889930725], "cam_t_m2c": [-216.1103515625, 58.72518539428711, 1104.0137939453125], "obj_id": 3}, {"cam_R_m2c": [0.5921776294708252, -0.7215156555175781, 0.3588046133518219, 0.3025676906108856, -0.2135983258485794, -0.9288855195045471, 0.7468456029891968, 0.6586278676986694, 0.09181924909353256], "cam_t_m2c": [-255.12051391601562, 67.38386535644531, 1036.6116943359375], "obj_id": 3}, {"cam_R_m2c": [-0.9002199172973633, 0.06300041824579239, -0.4308539032936096, -0.25639578700065613, -0.8764482140541077, 0.40755340456962585, -0.35194510221481323, 0.47735682129859924, 0.8051491379737854], "cam_t_m2c": [1.4922562837600708, -64.87590789794922, 1183.8909912109375], "obj_id": 3}, {"cam_R_m2c": [0.44690296053886414, 0.6541357040405273, -0.610232949256897, 0.6711874604225159, -0.696157693862915, -0.25469937920570374, -0.5914263129234314, -0.2957547903060913, -0.7501626014709473], "cam_t_m2c": [101.41309356689453, 48.421356201171875, 1130.1639404296875], "obj_id": 3}, {"cam_R_m2c": [-0.14481285214424133, -0.9431631565093994, -0.2991195619106293, 0.7944987416267395, -0.29102203249931335, 0.5329896807670593, -0.5897465944290161, -0.16046634316444397, 0.7914856672286987], "cam_t_m2c": [-6.3789472579956055, -257.5463562011719, 915.8179931640625], "obj_id": 3}, {"cam_R_m2c": [0.9561168551445007, 0.21488814055919647, -0.19915741682052612, -0.2309364527463913, 0.13442623615264893, -0.9636378884315491, -0.18030236661434174, 0.9673430919647217, 0.1781526803970337], "cam_t_m2c": [-161.3760528564453, -37.24470138549805, 1093.58203125], "obj_id": 3}, {"cam_R_m2c": [-0.28506115078926086, 0.3577338457107544, -0.8892506957054138, -0.6282280087471008, -0.7704207897186279, -0.10854333639144897, -0.7239267230033875, 0.5277106761932373, 0.4443552792072296], "cam_t_m2c": [118.72374725341797, -283.99072265625, 914.016845703125], "obj_id": 3}, {"cam_R_m2c": [0.8370144963264465, -0.1323917806148529, 0.5309228897094727, -0.23520323634147644, -0.9631267786026001, 0.1306375116109848, 0.4940507411956787, -0.23422026634216309, -0.8372900485992432], "cam_t_m2c": [-160.83384704589844, -289.7218017578125, 932.53955078125], "obj_id": 3}, {"cam_R_m2c": [0.6267781257629395, -0.6480472087860107, 0.432647705078125, 0.10245700925588608, -0.48188307881355286, -0.8702248334884644, 0.7724323868751526, 0.5897656679153442, -0.23563678562641144], "cam_t_m2c": [103.74729919433594, -53.61453628540039, 744.5675048828125], "obj_id": 3}, {"cam_R_m2c": [0.4824208617210388, -0.8446613550186157, -0.231985405087471, -0.8648727536201477, -0.4173508882522583, -0.2789499759674072, 0.13879893720149994, 0.3352091610431671, -0.9318633675575256], "cam_t_m2c": [-101.02433776855469, -239.7786407470703, 1067.014404296875], "obj_id": 3}, {"cam_R_m2c": [0.6456491947174072, -0.6956685781478882, -0.314932256937027, 0.16407474875450134, -0.27640286087989807, 0.946932315826416, -0.7457992434501648, -0.6630585193634033, -0.06431761384010315], "cam_t_m2c": [-151.19866943359375, 23.199100494384766, 1162.8759765625], "obj_id": 3}, {"cam_R_m2c": [0.4784662425518036, 0.6535050272941589, -0.5865162014961243, -0.8023978471755981, 0.054066892713308334, -0.5943353176116943, -0.35669001936912537, 0.7549886703491211, 0.5502402186393738], "cam_t_m2c": [-101.07142639160156, 85.78192138671875, 1116.5504150390625], "obj_id": 3}, {"cam_R_m2c": [0.167336106300354, 0.19127611815929413, -0.9671670198440552, -0.963744580745697, 0.2385367751121521, -0.11956867575645447, 0.20783428847789764, 0.9521101117134094, 0.22425711154937744], "cam_t_m2c": [-167.53414916992188, 2.014631509780884, 1104.56591796875], "obj_id": 3}, {"cam_R_m2c": [0.2764953076839447, -0.6086735129356384, -0.7436846494674683, -0.9587734937667847, -0.22753995656967163, -0.17023181915283203, -0.0656023919582367, 0.7600934505462646, -0.6464937925338745], "cam_t_m2c": [-49.259910583496094, -85.28841400146484, 765.9614868164062], "obj_id": 3}, {"cam_R_m2c": [0.8817727565765381, -0.3968629837036133, -0.25490492582321167, -0.19040392339229584, -0.7939305901527405, 0.5774257183074951, -0.4315357506275177, -0.4606234133243561, -0.7756306529045105], "cam_t_m2c": [-136.25074768066406, -172.50021362304688, 1051.864501953125], "obj_id": 3}, {"cam_R_m2c": [0.6896211504936218, -0.6516194939613342, 0.3159346580505371, -0.5927804708480835, -0.7585456967353821, -0.27059146761894226, 0.4159735441207886, -0.0006743093254044652, -0.9093764424324036], "cam_t_m2c": [29.85081672668457, -354.5971374511719, 1001.9490966796875], "obj_id": 3}, {"cam_R_m2c": [0.020417090505361557, -0.6243137717247009, -0.7809067964553833, 0.4063865840435028, -0.708452582359314, 0.5770137310028076, -0.9134730696678162, -0.32913097739219666, 0.23924824595451355], "cam_t_m2c": [10.934685707092285, -150.27903747558594, 1283.770751953125], "obj_id": 1}, {"cam_R_m2c": [-0.47554513812065125, -0.04364500194787979, 0.8786079287528992, -0.3529372215270996, -0.9053939580917358, -0.23600231111049652, 0.805786669254303, -0.42232322692871094, 0.41515177488327026], "cam_t_m2c": [46.81473159790039, -4.473639488220215, 870.8640747070312], "obj_id": 1}, {"cam_R_m2c": [0.3421876132488251, 0.4782371520996094, -0.808824360370636, 0.3233664333820343, 0.7482739090919495, 0.579241156578064, 0.8822368383407593, -0.4597558081150055, 0.10140419751405716], "cam_t_m2c": [-186.4698028564453, -19.74327850341797, 1008.7181396484375], "obj_id": 1}, {"cam_R_m2c": [0.007974273525178432, 0.733942985534668, -0.6791642904281616, -0.6749045848846436, -0.49721112847328186, -0.5452384352684021, -0.7378619313240051, 0.46271899342536926, 0.4913765490055084], "cam_t_m2c": [33.58159637451172, -51.91091537475586, 763.3399658203125], "obj_id": 1}, {"cam_R_m2c": [-0.9500839114189148, -0.1743595153093338, -0.2587258815765381, -0.2990674078464508, 0.27273130416870117, 0.9144267439842224, -0.08887635916471481, 0.9461587071418762, -0.3112627863883972], "cam_t_m2c": [-45.37704849243164, -135.5770721435547, 1282.3338623046875], "obj_id": 1}, {"cam_R_m2c": [-0.3809705674648285, 0.5420075058937073, 0.7490589618682861, -0.9204757213592529, -0.14602011442184448, -0.3624950349330902, -0.08709736913442612, -0.8275905251502991, 0.5545340776443481], "cam_t_m2c": [-149.30685424804688, -321.774169921875, 1108.571533203125], "obj_id": 1}, {"cam_R_m2c": [-0.10259871929883957, -0.9720711708068848, -0.21107111871242523, 0.8427003622055054, -0.19768066704273224, 0.5007777214050293, -0.5285162925720215, -0.1264905333518982, 0.8394466638565063], "cam_t_m2c": [-149.57618713378906, -108.11446380615234, 1257.9571533203125], "obj_id": 1}, {"cam_R_m2c": [0.4493386745452881, -0.5797184109687805, 0.6797215342521667, 0.680606484413147, 0.7149925231933594, 0.1598765105009079, -0.5786792039871216, 0.3907841742038727, 0.7158339023590088], "cam_t_m2c": [117.48218536376953, -123.3359146118164, 955.0618896484375], "obj_id": 1}, {"cam_R_m2c": [0.8112645745277405, 0.3517414927482605, 0.4670414924621582, -0.07767868041992188, 0.8565597534179688, -0.5101680755615234, -0.5794962048530579, 0.37760210037231445, 0.7222193479537964], "cam_t_m2c": [46.33815002441406, -228.56161499023438, 977.9910278320312], "obj_id": 1}, {"cam_R_m2c": [0.6779860258102417, 0.12588556110858917, -0.7242153286933899, -0.6245986223220825, 0.6181234121322632, -0.47728392481803894, 0.3875713050365448, 0.775935709476471, 0.49770697951316833], "cam_t_m2c": [-16.828125, -173.4739990234375, 1272.435791015625], "obj_id": 1}, {"cam_R_m2c": [0.7383154630661011, 0.6727612018585205, 0.0477767251431942, 0.572678804397583, -0.662746012210846, 0.482500284910202, 0.356271356344223, -0.32887670397758484, -0.8745917081832886], "cam_t_m2c": [-126.04692840576172, -2.2261879444122314, 908.4537963867188], "obj_id": 1}, {"cam_R_m2c": [-0.5631011128425598, -0.6594312191009521, -0.4980637729167938, -0.2852786183357239, 0.7207649350166321, -0.6317546963691711, 0.7755857110023499, -0.21365486085414886, -0.5939851403236389], "cam_t_m2c": [86.37623596191406, 29.529773712158203, 1060.596435546875], "obj_id": 1}, {"cam_R_m2c": [-0.9752388000488281, 0.19382889568805695, 0.1064874455332756, -0.05459796264767647, -0.6776191592216492, 0.7333834767341614, 0.21430884301662445, 0.7094100117683411, 0.6714231967926025], "cam_t_m2c": [-154.26646423339844, -180.4825897216797, 1299.71240234375], "obj_id": 1}, {"cam_R_m2c": [-0.4540099501609802, -0.6056464910507202, 0.6535038948059082, 0.5859565734863281, -0.7554867267608643, -0.29307821393013, 0.671215295791626, 0.24986447393894196, 0.6978809237480164], "cam_t_m2c": [75.19636535644531, -324.7796630859375, 942.3479614257812], "obj_id": 1}, {"cam_R_m2c": [0.48371636867523193, -0.28305956721305847, 0.8281882405281067, -0.636622965335846, -0.7631449103355408, 0.11100072413682938, 0.6006078124046326, -0.5809364914894104, -0.5493479371070862], "cam_t_m2c": [-31.15813636779785, 110.38111877441406, 1090.882568359375], "obj_id": 1}, {"cam_R_m2c": [0.19768188893795013, -0.37952783703804016, 0.9038143157958984, 0.43924614787101746, -0.7899709939956665, -0.4277946949005127, 0.8763473033905029, 0.4815642237663269, 0.010543310083448887], "cam_t_m2c": [39.364322662353516, 48.98389434814453, 987.0195922851562], "obj_id": 1}, {"cam_R_m2c": [-0.19702838361263275, -0.8535189628601074, -0.4823744297027588, -0.5613020658493042, 0.5016053915023804, -0.658279538154602, 0.8038157224655151, 0.14105799794197083, -0.577912449836731], "cam_t_m2c": [-170.5957489013672, -32.18671798706055, 1068.389892578125], "obj_id": 1}, {"cam_R_m2c": [-0.0860043540596962, -0.9875901341438293, -0.13141168653964996, 0.8988158702850342, -0.13381411135196686, 0.41740134358406067, -0.4298061728477478, -0.08221657574176788, 0.8991702198982239], "cam_t_m2c": [-17.19594383239746, 18.986825942993164, 1162.8421630859375], "obj_id": 1}, {"cam_R_m2c": [0.35765886306762695, 0.8904433846473694, 0.2814082205295563, -0.9289186596870422, 0.3701663315296173, 0.00932394526898861, -0.0958653911948204, -0.2647401690483093, 0.9595428705215454], "cam_t_m2c": [-28.54619026184082, 50.520545959472656, 1025.1949462890625], "obj_id": 1}, {"cam_R_m2c": [-0.4078178405761719, 0.2955809533596039, -0.8638961911201477, 0.7314810156822205, -0.4604990780353546, -0.5028679966926575, -0.5464615225791931, -0.837002158164978, -0.02841217629611492], "cam_t_m2c": [147.70138549804688, -197.19699096679688, 840.939208984375], "obj_id": 1}, {"cam_R_m2c": [0.0955645963549614, -0.2766519784927368, 0.9562065601348877, -0.6649555563926697, 0.6970902681350708, 0.26814034581184387, -0.7407438158988953, -0.6614596247673035, -0.11734411120414734], "cam_t_m2c": [1.2669124603271484, -267.08746337890625, 1054.264404296875], "obj_id": 1}, {"cam_R_m2c": [0.47707048058509827, 0.43466970324516296, -0.7638494372367859, 0.5592759251594543, 0.5202909111976624, 0.6453741192817688, 0.6779484748840332, -0.735091507434845, 0.005115141160786152], "cam_t_m2c": [-98.42046356201172, -124.09151458740234, 995.3993530273438], "obj_id": 1}, {"cam_R_m2c": [0.6533567905426025, -0.03107583522796631, -0.7564120292663574, -0.29756131768226624, 0.9081990718841553, -0.2943326532840729, 0.6961193680763245, 0.41738319396972656, 0.5841310620307922], "cam_t_m2c": [150.60971069335938, -214.67994689941406, 1007.5076904296875], "obj_id": 1}, {"cam_R_m2c": [0.46455973386764526, -0.8740106225013733, -0.14244182407855988, -0.8579532504081726, -0.48406344652175903, 0.1720428466796875, -0.21931816637516022, 0.04228425770998001, -0.9747366309165955], "cam_t_m2c": [77.30349731445312, -116.12782287597656, 857.7706909179688], "obj_id": 1}, {"cam_R_m2c": [0.9535955190658569, -0.2831152379512787, -0.10247604548931122, 0.24185484647750854, 0.5175367593765259, 0.8207691311836243, -0.17933711409568787, -0.8074660897254944, 0.5619934797286987], "cam_t_m2c": [197.1591339111328, -202.88636779785156, 1034.93310546875], "obj_id": 1}, {"cam_R_m2c": [-0.32250699400901794, -0.8207238912582397, -0.4715944230556488, -0.9395346641540527, 0.3381706774234772, 0.05399119108915329, 0.1151675134897232, 0.46049192547798157, -0.880160927772522], "cam_t_m2c": [130.3980255126953, -223.801025390625, 1034.49755859375], "obj_id": 1}, {"cam_R_m2c": [0.1417168378829956, -0.32576608657836914, 0.934768795967102, -0.9681413173675537, 0.1513197273015976, 0.19951102137565613, -0.20644283294677734, -0.9332624077796936, -0.29394301772117615], "cam_t_m2c": [-64.60063934326172, 20.544889450073242, 1090.950927734375], "obj_id": 1}, {"cam_R_m2c": [-0.1588989794254303, 0.9872771501541138, 0.0058938865549862385, 0.9428884983062744, 0.15351971983909607, -0.29562291502952576, -0.29276660084724426, -0.04141692444682121, -0.9552863836288452], "cam_t_m2c": [-175.11146545410156, -191.395751953125, 1076.8194580078125], "obj_id": 1}, {"cam_R_m2c": [-0.5090721845626831, 0.7782752513885498, -0.3676045536994934, -0.8582962155342102, -0.4910641312599182, 0.148941770195961, -0.06459970772266388, 0.39133569598197937, 0.9179778099060059], "cam_t_m2c": [-197.62478637695312, -161.01901245117188, 955.6821899414062], "obj_id": 1}, {"cam_R_m2c": [0.5525616407394409, 0.8288289904594421, 0.08785244077444077, -0.7782365679740906, 0.5508016347885132, -0.3016045391559601, -0.2983678877353668, 0.09828510880470276, 0.9493770003318787], "cam_t_m2c": [14.037504196166992, -204.48814392089844, 1043.7127685546875], "obj_id": 1}, {"cam_R_m2c": [-0.6386198401451111, -0.47234129905700684, 0.6075016260147095, -0.03614988178014755, -0.7701666355133057, -0.6368173360824585, 0.7686727046966553, -0.42864537239074707, 0.4747687578201294], "cam_t_m2c": [-26.302614212036133, -216.37928771972656, 880.2120361328125], "obj_id": 1}, {"cam_R_m2c": [0.7772939801216125, 0.5753195285797119, 0.25460073351860046, 0.623725414276123, -0.6517204642295837, -0.43153998255729675, -0.08234485238790512, 0.4942343831062317, -0.8654198050498962], "cam_t_m2c": [16.126304626464844, 80.01782989501953, 1009.3748779296875], "obj_id": 1}, {"cam_R_m2c": [0.5544895529747009, -0.29511287808418274, 0.7781064510345459, 0.733871340751648, 0.6142795085906982, -0.28998881578445435, -0.39239540696144104, 0.7318258285522461, 0.557186484336853], "cam_t_m2c": [125.1415023803711, 30.70689582824707, 1073.477294921875], "obj_id": 1}, {"cam_R_m2c": [0.6850764751434326, -0.7125517129898071, 0.15146030485630035, 0.03841858357191086, -0.17228543758392334, -0.9842974543571472, 0.7274573445320129, 0.6801379323005676, -0.0906534418463707], "cam_t_m2c": [-153.07901000976562, -30.49542808532715, 1058.4974365234375], "obj_id": 1}, {"cam_R_m2c": [-0.8612733483314514, -0.5081367492675781, 0.00231760460883379, -0.46359115839004517, 0.7838862538337708, -0.4130443036556244, 0.20806625485420227, -0.35681846737861633, -0.9107080101966858], "cam_t_m2c": [-63.03232955932617, -124.26856231689453, 845.1058959960938], "obj_id": 1}, {"cam_R_m2c": [0.03482745215296745, -0.31494101881980896, -0.9484719634056091, 0.33647504448890686, 0.8973369002342224, -0.28560635447502136, 0.9410480856895447, -0.3091902434825897, 0.13722176849842072], "cam_t_m2c": [61.51107406616211, -313.4558410644531, 1004.3201293945312], "obj_id": 1}, {"cam_R_m2c": [-0.0841958075761795, -0.3665539026260376, -0.9265792369842529, -0.9565975666046143, 0.290079802274704, -0.027831628918647766, 0.27898362278938293, 0.8840202689170837, -0.3750680088996887], "cam_t_m2c": [-56.762752532958984, 30.204566955566406, 1132.5325927734375], "obj_id": 1}, {"cam_R_m2c": [0.5613803863525391, 0.7291480302810669, 0.3914015293121338, -0.05147925391793251, 0.5028124451637268, -0.8628612160682678, -0.8259551525115967, 0.4642442762851715, 0.3198050558567047], "cam_t_m2c": [156.09817504882812, -231.32992553710938, 1092.809326171875], "obj_id": 1}, {"cam_R_m2c": [0.13918626308441162, -0.9848053455352783, -0.10385321825742722, -0.9333908557891846, -0.09543843567371368, -0.34593749046325684, 0.33076950907707214, 0.1450853794813156, -0.9324920177459717], "cam_t_m2c": [160.97442626953125, -144.4012451171875, 832.9231567382812], "obj_id": 1}, {"cam_R_m2c": [0.41085517406463623, -0.908333420753479, -0.07828439772129059, -0.818680465221405, -0.4053592085838318, 0.4067506790161133, -0.40119853615760803, -0.10302569717168808, -0.9101787805557251], "cam_t_m2c": [22.9609317779541, -304.9826965332031, 978.1456909179688], "obj_id": 1}, {"cam_R_m2c": [-0.9949305653572083, -0.008729766122996807, -0.10018332302570343, -0.09690667688846588, -0.18295934796333313, 0.9783326983451843, -0.02687009982764721, 0.9830816388130188, 0.1811860203742981], "cam_t_m2c": [-127.10407257080078, -95.5348129272461, 1109.8096923828125], "obj_id": 1}, {"cam_R_m2c": [0.6179906129837036, 0.36977532505989075, 0.6937966346740723, -0.7066008448600769, -0.12565454840660095, 0.6963663101196289, 0.3446778655052185, -0.9205850958824158, 0.18363027274608612], "cam_t_m2c": [-10.520576477050781, -130.34115600585938, 995.4527587890625], "obj_id": 1}, {"cam_R_m2c": [0.20574639737606049, 0.13769516348838806, 0.9688697457313538, -0.3251630365848541, -0.924181342124939, 0.20039476454257965, 0.9230046272277832, -0.3562711179256439, -0.14537367224693298], "cam_t_m2c": [55.84553909301758, -67.71817016601562, 883.6181030273438], "obj_id": 1}, {"cam_R_m2c": [0.8818922638893127, 0.46149611473083496, 0.09637092798948288, -0.4520641267299652, 0.7697555422782898, 0.4506821632385254, 0.1338060051202774, -0.4410189390182495, 0.8874673247337341], "cam_t_m2c": [-98.22175598144531, -52.539466857910156, 1130.5218505859375], "obj_id": 1}, {"cam_R_m2c": [-0.8058688640594482, 0.5470897555351257, 0.2264246642589569, -0.39955565333366394, -0.22026510536670685, -0.8898531198501587, -0.4369560480117798, -0.8075742125511169, 0.3960976302623749], "cam_t_m2c": [-105.32006072998047, -155.71484375, 1212.14990234375], "obj_id": 1}, {"cam_R_m2c": [0.6405625939369202, 0.13558250665664673, -0.755841851234436, -0.12543922662734985, -0.9525935053825378, -0.2771832346916199, -0.7575912475585938, 0.2723654508590698, -0.5931884050369263], "cam_t_m2c": [71.01651763916016, -142.86419677734375, 879.4984130859375], "obj_id": 1}, {"cam_R_m2c": [-0.8251664638519287, -0.5631316304206848, -0.044530559331178665, 0.10580700635910034, -0.07664195448160172, -0.9914286732673645, 0.5548919439315796, -0.8228054046630859, 0.12282570451498032], "cam_t_m2c": [121.71369171142578, -221.17514038085938, 1060.6041259765625], "obj_id": 1}, {"cam_R_m2c": [0.6372852325439453, 0.028127441182732582, -0.7701144814491272, -0.5322455167770386, -0.7066279649734497, -0.46625250577926636, -0.557299017906189, 0.7070258259773254, -0.43535280227661133], "cam_t_m2c": [-132.8791046142578, -82.72923278808594, 1139.9512939453125], "obj_id": 1}, {"cam_R_m2c": [0.09286923706531525, 0.8628969788551331, -0.49677377939224243, -0.4332541227340698, 0.4842408299446106, 0.7601327300071716, 0.8964743614196777, 0.14463630318641663, 0.418824702501297], "cam_t_m2c": [-140.24932861328125, -72.08634948730469, 838.9646606445312], "obj_id": 1}, {"cam_R_m2c": [-0.5949999094009399, -0.08181609213352203, -0.7995506525039673, 0.7122781872749329, -0.5145343542098999, -0.47740352153778076, -0.3723369836807251, -0.8535575270652771, 0.3644237518310547], "cam_t_m2c": [127.45812225341797, -155.82029724121094, 844.5713500976562], "obj_id": 1}, {"cam_R_m2c": [0.10435174405574799, -0.6823039054870605, -0.7235828042030334, 0.9824965000152588, -0.04216114431619644, 0.18144699931144714, -0.15430907905101776, -0.7298519015312195, 0.6659616231918335], "cam_t_m2c": [162.87344360351562, -110.60415649414062, 868.7525634765625], "obj_id": 1}, {"cam_R_m2c": [0.11572231352329254, 0.9914125800132751, 0.06090490520000458, -0.4575292766094208, 0.107628732919693, -0.8826568126678467, -0.8816321492195129, 0.07427730411291122, 0.46605536341667175], "cam_t_m2c": [-25.371824264526367, -91.94731140136719, 755.6882934570312], "obj_id": 1}, {"cam_R_m2c": [-0.2975073754787445, -0.718286395072937, 0.6289308667182922, -0.07590024173259735, 0.6744692921638489, 0.7343911528587341, -0.9516977071762085, 0.17075075209140778, -0.25517770648002625], "cam_t_m2c": [51.33567810058594, -61.53168487548828, 885.4370727539062], "obj_id": 1}, {"cam_R_m2c": [0.584416925907135, 0.6849132180213928, -0.43514448404312134, -0.5718555450439453, 0.7280886173248291, 0.37797901034355164, 0.5757066011428833, 0.027942480519413948, 0.8171787858009338], "cam_t_m2c": [53.5034294128418, -19.01384162902832, 997.27490234375], "obj_id": 1}, {"cam_R_m2c": [0.4708346724510193, -0.01098325103521347, 0.8821531534194946, -0.8821125626564026, 0.009854000993072987, 0.47093573212623596, -0.01386518869549036, -0.9998911619186401, -0.005048885475844145], "cam_t_m2c": [-114.37725830078125, 92.7962646484375, 1106.1982421875], "obj_id": 3}, {"cam_R_m2c": [0.42639103531837463, 0.36155200004577637, 0.8291385769844055, 0.8553512692451477, -0.4593200087547302, -0.2395811676979065, 0.29421892762184143, 0.8113600015640259, -0.5051038861274719], "cam_t_m2c": [88.81438446044922, -83.78726196289062, 1194.232421875], "obj_id": 1}, {"cam_R_m2c": [-0.8159794807434082, 0.5016664266586304, -0.28724250197410583, 0.5528338551521301, 0.822433590888977, -0.13408100605010986, 0.16897393763065338, -0.2682047188282013, -0.948427140712738], "cam_t_m2c": [-150.90330505371094, -154.6648406982422, 825.672119140625], "obj_id": 1}, {"cam_R_m2c": [0.8126775026321411, -0.4399419128894806, 0.3821077346801758, 0.46474489569664, 0.09377440810203552, -0.8804648518562317, 0.3515215218067169, 0.8931166529655457, 0.2806691527366638], "cam_t_m2c": [-166.62368774414062, -205.3616180419922, 1143.6636962890625], "obj_id": 1}, {"cam_R_m2c": [-0.8703779578208923, 0.18212664127349854, -0.45746251940727234, -0.4037444591522217, 0.26781249046325684, 0.8747953176498413, 0.28183770179748535, 0.9461005926132202, -0.15956543385982513], "cam_t_m2c": [-124.83792114257812, -134.01467895507812, 802.9351196289062], "obj_id": 1}, {"cam_R_m2c": [-0.011250386014580727, 0.304123193025589, 0.9525662064552307, -0.7252005934715271, -0.6583546996116638, 0.2016260176897049, 0.6884456872940063, -0.6885332465171814, 0.2279571294784546], "cam_t_m2c": [-42.351219177246094, 41.335662841796875, 1157.654541015625], "obj_id": 3}, {"cam_R_m2c": [-0.9779624342918396, -0.022138165310025215, 0.2076045125722885, 0.028030604124069214, -0.9992823004722595, 0.02548404037952423, 0.20689131319522858, 0.03074171021580696, 0.9778808355331421], "cam_t_m2c": [-165.96990966796875, -166.42559814453125, 983.6338500976562], "obj_id": 1}, {"cam_R_m2c": [-0.6747955679893494, 0.6443685293197632, 0.35977768898010254, 0.6838030219078064, 0.7292840480804443, -0.023626817390322685, -0.27760449051856995, 0.23007379472255707, -0.9327387809753418], "cam_t_m2c": [-122.79483032226562, -311.7825927734375, 1142.1795654296875], "obj_id": 1}, {"cam_R_m2c": [0.11289606988430023, -0.9465652108192444, 0.3021073341369629, 0.9703056216239929, 0.039567891508340836, -0.23862412571907043, 0.2139195203781128, 0.3200761675834656, 0.9229245185852051], "cam_t_m2c": [21.66484260559082, 128.73764038085938, 1089.4310302734375], "obj_id": 1}, {"cam_R_m2c": [-0.27555611729621887, 0.17677581310272217, -0.9448910355567932, 0.584596574306488, 0.8111076951026917, -0.018737567588686943, 0.763096034526825, -0.5575433373451233, -0.32684823870658875], "cam_t_m2c": [192.55499267578125, -228.8567657470703, 1037.2659912109375], "obj_id": 3}, {"cam_R_m2c": [-0.6682136058807373, -0.5739654302597046, 0.4733434021472931, 0.6373975872993469, -0.11354678124189377, 0.7621228098869324, -0.38368549942970276, 0.8109689354896545, 0.44171789288520813], "cam_t_m2c": [5.332395553588867, -268.02734375, 945.4661254882812], "obj_id": 1}, {"cam_R_m2c": [0.3750932216644287, 0.9026327729225159, -0.2110900580883026, 0.14360497891902924, 0.1683860719203949, 0.9752044081687927, 0.915796160697937, -0.3961060643196106, -0.06646205484867096], "cam_t_m2c": [132.71913146972656, 148.35304260253906, 1060.052978515625], "obj_id": 1}, {"cam_R_m2c": [0.4331304132938385, -0.33396100997924805, 0.837178647518158, -0.3871731758117676, -0.9077022671699524, -0.16178229451179504, 0.8139379620552063, -0.254060298204422, -0.5224542021751404], "cam_t_m2c": [69.13068389892578, -20.22636604309082, 1121.260009765625], "obj_id": 3}, {"cam_R_m2c": [-0.8731205463409424, -0.2092505842447281, 0.44031187891960144, -0.22825811803340912, 0.973548948764801, 0.010035612620413303, -0.4307650923728943, -0.09174246340990067, -0.8977887034416199], "cam_t_m2c": [-170.4075164794922, -196.7264862060547, 864.6287841796875], "obj_id": 1}, {"cam_R_m2c": [-0.8792369365692139, 0.27093571424484253, -0.391836941242218, -0.33472251892089844, 0.23391813039779663, 0.9128215312957764, 0.338973730802536, 0.9337430596351624, -0.11498111486434937], "cam_t_m2c": [-110.34951782226562, -247.23626708984375, 965.0914306640625], "obj_id": 3}, {"cam_R_m2c": [-0.13288313150405884, -0.8372764587402344, -0.530386745929718, 0.12819190323352814, 0.516118586063385, -0.8468697667121887, 0.9828066229820251, -0.1805260181427002, 0.03874862566590309], "cam_t_m2c": [-145.32952880859375, 35.21303939819336, 1117.9381103515625], "obj_id": 3}, {"cam_R_m2c": [-0.8377489447593689, 0.29404714703559875, 0.460122674703598, 0.4761998951435089, 0.8057748079299927, 0.35208043456077576, -0.2672269940376282, 0.5140653848648071, -0.8150622248649597], "cam_t_m2c": [-34.05382537841797, -57.47246551513672, 1043.6102294921875], "obj_id": 3}, {"cam_R_m2c": [0.505189836025238, 0.6690213680267334, -0.5451547503471375, 0.8603201508522034, -0.3405940532684326, 0.37926897406578064, 0.06806257367134094, -0.6606104373931885, -0.7476372122764587], "cam_t_m2c": [-120.66287994384766, 92.5831069946289, 1099.7371826171875], "obj_id": 3}, {"cam_R_m2c": [0.12948395311832428, 0.5593388676643372, 0.8187636733055115, 0.3847455382347107, -0.789364218711853, 0.4784087836742401, 0.9138953685760498, 0.2530694007873535, -0.3174131214618683], "cam_t_m2c": [28.521364212036133, -45.589439392089844, 897.9378051757812], "obj_id": 1}, {"cam_R_m2c": [-0.499036580324173, -0.786973774433136, -0.36281493306159973, 0.7776553630828857, -0.591428816318512, 0.21322302520275116, -0.3823801577091217, -0.17573890089988708, 0.9071390628814697], "cam_t_m2c": [129.0707550048828, 48.35764694213867, 1126.2437744140625], "obj_id": 3}, {"cam_R_m2c": [0.07656358182430267, 0.53078293800354, 0.8440423607826233, 0.2252516746520996, -0.8338497877120972, 0.5039405822753906, 0.9712876081466675, 0.15153846144676208, -0.18340224027633667], "cam_t_m2c": [-7.512523174285889, -193.7611846923828, 1120.3609619140625], "obj_id": 3}, {"cam_R_m2c": [-0.656645655632019, 0.2687724232673645, -0.7046828269958496, 0.6427408456802368, 0.6882650256156921, -0.3364156484603882, 0.39458927512168884, -0.6738343238830566, -0.6246972680091858], "cam_t_m2c": [130.9319610595703, 0.7530730366706848, 1017.6890869140625], "obj_id": 3}, {"cam_R_m2c": [-0.015554455108940601, -0.20100630819797516, 0.9794663190841675, 0.9972547888755798, 0.06780467927455902, 0.029751921072602272, -0.07239263504743576, 0.9772403836250305, 0.19939996302127838], "cam_t_m2c": [-90.82391357421875, -79.44731903076172, 839.5887451171875], "obj_id": 1}, {"cam_R_m2c": [-0.7489109039306641, 0.3324818015098572, 0.573226273059845, 0.44182923436164856, -0.3941657245159149, 0.8058661818504333, 0.4938819706439972, 0.8567900657653809, 0.1482948213815689], "cam_t_m2c": [109.44601440429688, -12.463653564453125, 789.0531005859375], "obj_id": 3}, {"cam_R_m2c": [0.33808770775794983, 0.33997663855552673, -0.8775606155395508, -0.6287712454795837, 0.7754119634628296, 0.058163661509752274, 0.7002453207969666, 0.532120406627655, 0.4759247899055481], "cam_t_m2c": [-111.1268310546875, -25.340450286865234, 1070.2554931640625], "obj_id": 3}, {"cam_R_m2c": [0.7095707654953003, -0.017484435811638832, 0.7044171690940857, 0.2116771638393402, -0.9482279419898987, -0.2367618978023529, 0.6720878481864929, 0.3171083629131317, -0.6691337823867798], "cam_t_m2c": [14.65372371673584, -211.2840118408203, 1060.8375244140625], "obj_id": 1}, {"cam_R_m2c": [-0.40354016423225403, 0.8458911180496216, -0.3487459123134613, -0.46658656001091003, 0.13762283325195312, 0.8737030625343323, 0.7870529890060425, 0.5152943730354309, 0.3391450047492981], "cam_t_m2c": [85.13261413574219, 19.26534652709961, 915.9827270507812], "obj_id": 1}, {"cam_R_m2c": [0.7931799292564392, -0.5952986478805542, -0.1283942013978958, -0.4369859993457794, -0.40951862931251526, -0.8008356094360352, 0.4241565465927124, 0.6913132071495056, -0.5849591493606567], "cam_t_m2c": [9.939637184143066, -38.07717514038086, 787.4676513671875], "obj_id": 1}, {"cam_R_m2c": [-0.3643946945667267, 0.865044355392456, -0.3448399603366852, 0.8405145406723022, 0.46494123339653015, 0.27814555168151855, 0.40093857049942017, -0.18848823010921478, -0.8965044617652893], "cam_t_m2c": [-87.71625518798828, -140.41693115234375, 1260.365966796875], "obj_id": 1}, {"cam_R_m2c": [-0.36407580971717834, 0.1927175223827362, -0.9112127423286438, 0.6727437376976013, 0.7310106754302979, -0.1141897663474083, 0.6440998315811157, -0.6545864343643188, -0.39579278230667114], "cam_t_m2c": [98.9023208618164, -46.33945083618164, 739.830810546875], "obj_id": 1}, {"cam_R_m2c": [0.7482956051826477, -0.442874550819397, -0.4938783347606659, -0.34642747044563293, -0.8958098292350769, 0.2784110903739929, -0.5657222270965576, -0.03724079579114914, -0.8237544894218445], "cam_t_m2c": [-107.70153045654297, -23.331153869628906, 1127.343505859375], "obj_id": 3}, {"cam_R_m2c": [-0.22002194821834564, 0.4869106113910675, 0.8452858328819275, 0.9754092693328857, 0.12128690630197525, 0.18402734398841858, -0.012917161919176579, 0.8649898171424866, -0.5016228556632996], "cam_t_m2c": [-128.4642333984375, -25.09326171875, 979.1735229492188], "obj_id": 3}, {"cam_R_m2c": [-0.452600359916687, 0.09518775343894958, -0.8866183757781982, 0.8491565585136414, 0.34950488805770874, -0.395953893661499, 0.2721875011920929, -0.932086706161499, -0.23901532590389252], "cam_t_m2c": [-52.242862701416016, -207.30630493164062, 1005.9462890625], "obj_id": 3}, {"cam_R_m2c": [0.9515267610549927, -0.1508202850818634, 0.26804864406585693, 0.3000519871711731, 0.646662712097168, -0.7012818455696106, -0.0675695464015007, 0.7477169632911682, 0.6605708003044128], "cam_t_m2c": [-165.90753173828125, -241.96273803710938, 1078.99267578125], "obj_id": 1}, {"cam_R_m2c": [-0.9008333683013916, 0.10443153232336044, 0.42141783237457275, -0.40770822763442993, 0.13017359375953674, -0.903785765171051, -0.14924117922782898, -0.9859760403633118, -0.07468698918819427], "cam_t_m2c": [8.092196464538574, -25.917491912841797, 998.0891723632812], "obj_id": 3}, {"cam_R_m2c": [0.6422308087348938, 0.07158621400594711, 0.7631611227989197, -0.7067906856536865, -0.32998281717300415, 0.6257458329200745, 0.2966249883174896, -0.9412685036659241, -0.16132858395576477], "cam_t_m2c": [-5.522619724273682, -268.2282409667969, 1031.14208984375], "obj_id": 1}, {"cam_R_m2c": [-0.9903688430786133, -0.13687527179718018, -0.020841049030423164, 0.004323007073253393, -0.18102528154850006, 0.9834688305854797, -0.1383853256702423, 0.9739069938659668, 0.17987370491027832], "cam_t_m2c": [-35.619346618652344, -281.8133239746094, 929.6687622070312], "obj_id": 1}, {"cam_R_m2c": [-0.7408187389373779, -0.5743328332901001, 0.348323792219162, 0.03915607929229736, 0.48075994849205017, 0.8759775757789612, -0.6705628037452698, 0.6625795364379883, -0.3336673974990845], "cam_t_m2c": [77.5342025756836, -77.78181457519531, 1068.0228271484375], "obj_id": 3}, {"cam_R_m2c": [-0.6881880760192871, 0.6654465794563293, 0.2890988886356354, -0.10329822450876236, 0.3045383095741272, -0.9468822479248047, -0.7181411981582642, -0.6814963817596436, -0.14084021747112274], "cam_t_m2c": [-155.30198669433594, 126.6439437866211, 1049.748046875], "obj_id": 3}, {"cam_R_m2c": [0.6959428191184998, -0.588525652885437, -0.4114621877670288, -0.6312649250030518, -0.2282705008983612, -0.7412133812904358, 0.3422984182834625, 0.7755837440490723, -0.5303788185119629], "cam_t_m2c": [88.80379486083984, 178.8129119873047, 1038.6109619140625], "obj_id": 3}, {"cam_R_m2c": [-0.21305319666862488, -0.9744798541069031, 0.07069286704063416, 0.9704055190086365, -0.20263372361660004, 0.13135017454624176, -0.11367334425449371, 0.09658531099557877, 0.988812267780304], "cam_t_m2c": [60.14799499511719, -291.9144287109375, 944.6010131835938], "obj_id": 1}, {"cam_R_m2c": [0.6707351803779602, 0.07290148735046387, -0.7381054759025574, -0.7370923757553101, 0.17623364925384521, -0.652408242225647, 0.08251748979091644, 0.9816451072692871, 0.17194123566150665], "cam_t_m2c": [147.96810913085938, 9.254395484924316, 1111.831298828125], "obj_id": 1}, {"cam_R_m2c": [-0.5387365818023682, 0.6227348446846008, 0.5674186944961548, -0.3943987786769867, 0.40872883796691895, -0.8230372071266174, -0.7444543242454529, -0.6671895980834961, 0.02540876343846321], "cam_t_m2c": [173.45973205566406, 13.09824275970459, 1112.43017578125], "obj_id": 3}, {"cam_R_m2c": [0.3058303892612457, -0.25210171937942505, 0.9181026816368103, -0.3667013943195343, -0.9211018681526184, -0.13077287375926971, 0.8786340951919556, -0.2966752052307129, -0.3741469979286194], "cam_t_m2c": [-73.4765853881836, -3.2554497718811035, 1014.4295654296875], "obj_id": 3}, {"cam_R_m2c": [-0.06574171036481857, 0.9946893453598022, -0.07919063419103622, 0.0075366864912211895, 0.0798550546169281, 0.9967780113220215, 0.9978082180023193, 0.06493306159973145, -0.012746460735797882], "cam_t_m2c": [-151.0209197998047, -141.88096618652344, 1290.6021728515625], "obj_id": 3}, {"cam_R_m2c": [-0.013687951490283012, -0.012238890863955021, -0.9998314380645752, 0.9395353198051453, -0.34234222769737244, -0.008671870455145836, -0.3421783745288849, -0.9394956231117249, 0.016184810549020767], "cam_t_m2c": [-142.32058715820312, 19.64856719970703, 1163.5460205078125], "obj_id": 3}, {"cam_R_m2c": [0.781619668006897, -0.24111005663871765, 0.57527095079422, 0.31822463870048523, 0.9473574757575989, -0.035310667008161545, -0.5364734530448914, 0.21066489815711975, 0.8172004222869873], "cam_t_m2c": [117.14301300048828, -270.1399230957031, 1023.73681640625], "obj_id": 3}, {"cam_R_m2c": [-0.037595465779304504, 0.9969251155853271, 0.06875181943178177, -0.9886914491653442, -0.0471036359667778, 0.1423741728067398, 0.14517484605312347, -0.06262171268463135, 0.9874222874641418], "cam_t_m2c": [-34.22760009765625, -129.7891845703125, 1112.747802734375], "obj_id": 3}, {"cam_R_m2c": [-0.8697375655174255, -0.470729798078537, 0.14822213351726532, -0.3919020891189575, 0.476235568523407, -0.7871546149253845, 0.299948513507843, -0.7427065968513489, -0.5986799001693726], "cam_t_m2c": [26.74456214904785, -275.1458435058594, 903.4258422851562], "obj_id": 3}, {"cam_R_m2c": [-0.529801607131958, -0.5034087896347046, 0.6825610995292664, 0.757530152797699, 0.08102675527334213, 0.6477519869804382, -0.38138970732688904, 0.8602407574653625, 0.3384193181991577], "cam_t_m2c": [87.60350036621094, -85.23478698730469, 1212.87646484375], "obj_id": 1}, {"cam_R_m2c": [-0.16486303508281708, -0.174518421292305, 0.9707540273666382, -0.9330819845199585, -0.29137784242630005, -0.21084801852703094, 0.31965312361717224, -0.9405542016029358, -0.1148025244474411], "cam_t_m2c": [172.85736083984375, -232.18698120117188, 910.5261840820312], "obj_id": 3}, {"cam_R_m2c": [0.7153923511505127, 0.4793343245983124, -0.5083821415901184, -0.44830623269081116, 0.8729652762413025, 0.19223208725452423, 0.5359433889389038, 0.09038950502872467, 0.8394012451171875], "cam_t_m2c": [-38.89375305175781, -181.32420349121094, 1062.1517333984375], "obj_id": 1}, {"cam_R_m2c": [0.30226755142211914, -0.3113965690135956, 0.90092533826828, -0.8856288194656372, 0.25782322883605957, 0.3862496614456177, -0.3525562882423401, -0.9146361947059631, -0.19785016775131226], "cam_t_m2c": [-146.0852813720703, -2.1078250408172607, 1154.17724609375], "obj_id": 3}, {"cam_R_m2c": [0.06966700404882431, -0.2653232216835022, -0.9616392254829407, 0.3759603202342987, -0.8859176635742188, 0.2716679573059082, -0.924013078212738, -0.38046449422836304, 0.0380319207906723], "cam_t_m2c": [-155.0160675048828, -175.1143798828125, 912.4161987304688], "obj_id": 3}, {"cam_R_m2c": [-0.43293115496635437, 0.8310332894325256, -0.349219411611557, -0.09708759933710098, 0.342166543006897, 0.9346100687980652, 0.8961833119392395, 0.4385267496109009, -0.06745148450136185], "cam_t_m2c": [-115.78412628173828, -188.9717254638672, 894.7084350585938], "obj_id": 1}, {"cam_R_m2c": [-0.9665199518203735, -0.06966697424650192, 0.24695254862308502, -0.10721851885318756, -0.7647311091423035, -0.6353663802146912, 0.23