{
  "0": [{"cam_R_m2c": [0.14940981566905975, 0.7896438837051392, -0.5950959324836731, 0.5241602659225464, 0.44707435369491577, 0.7248313426971436, 0.8384107947349548, -0.42022255063056946, -0.34710264205932617], "cam_t_m2c": [398.15179443359375, 69.88177490234375, 721.9736938476562], "obj_id": 0}, {"cam_R_m2c": [0.5135133266448975, 0.47865888476371765, 0.7121725678443909, -0.8085223436355591, -0.008069567382335663, 0.5884101390838623, 0.2873946726322174, -0.8779639005661011, 0.38286256790161133], "cam_t_m2c": [375.27655029296875, 267.74407958984375, 819.1194458007812], "obj_id": 0}, {"cam_R_m2c": [0.18947768211364746, 0.6186402440071106, -0.7624843716621399, 0.34547460079193115, 0.6848925352096558, 0.6415367722511292, 0.9191003441810608, -0.3849758505821228, -0.08395262807607651], "cam_t_m2c": [403.7132263183594, 471.9259338378906, 917.430419921875], "obj_id": 0}, {"cam_R_m2c": [-0.9738300442695618, -0.05880320817232132, -0.21953889727592468, 0.16644617915153503, -0.8422662019729614, -0.5127215385437012, -0.15476050972938538, -0.5358450412750244, 0.8300116062164307], "cam_t_m2c": [3638.933349609375, 6036.36279296875, -20158.193359375], "obj_id": 0}],
  "1": [{"cam_R_m2c": [0.20849798619747162, 0.9126563668251038, -0.35154932737350464, 0.9469929337501526, -0.09856543689966202, 0.3057599663734436, 0.2444031536579132, -0.3966650664806366, -0.8848298192024231], "cam_t_m2c": [402.1136474609375, -10.754534721374512, 983.063232421875], "obj_id": 0}, {"cam_R_m2c": [0.25635331869125366, 0.5339967608451843, 0.8056862354278564, -0.396053671836853, -0.702325165271759, 0.5915070176124573, 0.8817166686058044, -0.4707297682762146, 0.03144809231162071], "cam_t_m2c": [423.6241760253906, 196.3054656982422, 906.726806640625], "obj_id": 0}, {"cam_R_m2c": [0.193105086684227, 0.8076877593994141, -0.5570913553237915, 0.8806740641593933, 0.10764185339212418, 0.46133098006248474, 0.4325776994228363, -0.57970130443573, -0.6905234456062317], "cam_t_m2c": [496.0025329589844, 402.29498291015625, 839.7882690429688], "obj_id": 0}, {"cam_R_m2c": [-0.8787729144096375, -0.23115305602550507, -0.41752398014068604, 0.11451555788516998, -0.9514453411102295, 0.2857232987880707, -0.4632970988750458, 0.20327290892601013, 0.8625751733779907], "cam_t_m2c": [6892.8173828125, -11599.6875, -16499.150390625], "obj_id": 0}]
}