{
  "0": [{"cam_R_m2c": [0.5174258351325989, 0.835605800151825, -0.18448147177696228, 0.7296175956726074, -0.31815075874328613, 0.6053413152694702, 0.4471338093280792, -0.44782012701034546, -0.7742921113967896], "cam_t_m2c": [278.8367614746094, -192.41537475585938, 1018.63134765625], "obj_id": 0}, {"cam_R_m2c": [0.5091611742973328, -0.5661448836326599, 0.6482552886009216, 0.35148105025291443, 0.8243036270141602, 0.4438294470310211, -0.7856309413909912, 0.0018687078263610601, 0.6186925768852234], "cam_t_m2c": [-198.06356811523438, 60.22273254394531, 926.7092895507812], "obj_id": 3}, {"cam_R_m2c": [0.9308188557624817, -0.1321307271718979, 0.34076058864593506, 0.2242305874824524, -0.5298063158988953, -0.8179401159286499, 0.28861209750175476, 0.8377630114555359, -0.4635259509086609], "cam_t_m2c": [160.61825561523438, -256.50811767578125, 1176.29248046875], "obj_id": 1}, {"cam_R_m2c": [-0.05547046288847923, -0.9419732689857483, 0.33107292652130127, -0.06544845551252365, 0.3343007564544678, 0.9401911497116089, -0.9963129162788391, 0.03048468381166458, -0.08019447326660156], "cam_t_m2c": [-84.4831771850586, 131.19775390625, 849.1590576171875], "obj_id": 1}, {"cam_R_m2c": [-0.4330071806907654, 0.5604774355888367, 0.7059529423713684, 0.36989685893058777, -0.6037151217460632, 0.7061898112297058, 0.8219980597496033, 0.5669151544570923, 0.054094355553388596], "cam_t_m2c": [106.48037719726562, -102.10580444335938, 1131.5604248046875], "obj_id": 1}, {"cam_R_m2c": [-0.30834895372390747, 0.9216042757034302, 0.2357250601053238, -0.7864353060722351, -0.10755140334367752, -0.6082368493080139, -0.5352011919021606, -0.37293174862861633, 0.7579456567764282], "cam_t_m2c": [350.4676818847656, -248.1250762939453, 1175.0787353515625], "obj_id": 0}, {"cam_R_m2c": [0.463693231344223, 0.40406742691993713, -0.7884910106658936, -0.2763848602771759, -0.7795712351799011, -0.5620319247245789, -0.8417837619781494, 0.478537380695343, -0.24980373680591583], "cam_t_m2c": [47.776973724365234, -167.76295471191406, 1070.1114501953125], "obj_id": 1}, {"cam_R_m2c": [0.9387590289115906, -0.25273361802101135, 0.23421621322631836, -0.0037161342334002256, -0.6871124505996704, -0.7265416383743286, 0.3445543646812439, 0.6811771392822266, -0.6459721922874451], "cam_t_m2c": [185.13194274902344, -126.3292007446289, 936.8723754882812], "obj_id": 1}],
  "1": [{"cam_R_m2c": [0.5174258351325989, 0.835605800151825, -0.18448147177696228, 0.7296175956726074, -0.31815075874328613, 0.6053413152694702, 0.4471338093280792, -0.44782012701034546, -0.7742921113967896], "cam_t_m2c": [278.8367614746094, -192.41537475585938, 1018.63134765625], "obj_id": 0}, {"cam_R_m2c": [0.5091611742973328, -0.5661448836326599, 0.6482552886009216, 0.35148105025291443, 0.8243036270141602, 0.4438294470310211, -0.7856309413909912, 0.0018687078263610601, 0.6186925768852234], "cam_t_m2c": [-198.06356811523438, 60.22273254394531, 926.7092895507812], "obj_id": 3}, {"cam_R_m2c": [0.9308188557624817, -0.1321307271718979, 0.34076058864593506, 0.2242305874824524, -0.5298063158988953, -0.8179401159286499, 0.28861209750175476, 0.8377630114555359, -0.4635259509086609], "cam_t_m2c": [160.61825561523438, -256.50811767578125, 1176.29248046875], "obj_id": 1}, {"cam_R_m2c": [-0.05547046288847923, -0.9419732689857483, 0.33107292652130127, -0.06544845551252365, 0.3343007564544678, 0.9401911497116089, -0.9963129162788391, 0.03048468381166458, -0.08019447326660156], "cam_t_m2c": [-84.4831771850586, 131.19775390625, 849.1590576171875], "obj_id": 1}, {"cam_R_m2c": [-0.4330071806907654, 0.5604774355888367, 0.7059529423713684, 0.36989685893058777, -0.6037151217460632, 0.7061898112297058, 0.8219980597496033, 0.5669151544570923, 0.054094355553388596], "cam_t_m2c": [106.48037719726562, -102.10580444335938, 1131.5604248046875], "obj_id": 1}, {"cam_R_m2c": [-0.30834895372390747, 0.9216042757034302, 0.2357250601053238, -0.7864353060722351, -0.10755140334367752, -0.6082368493080139, -0.5352011919021606, -0.37293174862861633, 0.7579456567764282], "cam_t_m2c": [350.4676818847656, -248.1250762939453, 1175.0787353515625], "obj_id": 0}, {"cam_R_m2c": [0.463693231344223, 0.40406742691993713, -0.7884910106658936, -0.2763848602771759, -0.7795712351799011, -0.5620319247245789, -0.8417837619781494, 0.478537380695343, -0.24980373680591583], "cam_t_m2c": [47.776973724365234, -167.76295471191406, 1070.1114501953125], "obj_id": 1}, {"cam_R_m2c": [0.9387590289115906, -0.25273361802101135, 0.23421621322631836, -0.0037161342334002256, -0.6871124505996704, -0.7265416383743286, 0.3445543646812439, 0.6811771392822266, -0.6459721922874451], "cam_t_m2c": [185.13194274902344, -126.3292007446289, 936.8723754882812], "obj_id": 1}],
  "2": [{"cam_R_m2c": [0.5174258351325989, 0.835605800151825, -0.18448147177696228, 0.7296175956726074, -0.31815075874328613, 0.6053413152694702, 0.4471338093280792, -0.44782012701034546, -0.7742921113967896], "cam_t_m2c": [278.8367614746094, -192.41537475585938, 1018.63134765625], "obj_id": 0}, {"cam_R_m2c": [0.5091611742973328, -0.5661448836326599, 0.6482552886009216, 0.35148105025291443, 0.8243036270141602, 0.4438294470310211, -0.7856309413909912, 0.0018687078263610601, 0.6186925768852234], "cam_t_m2c": [-198.06356811523438, 60.22273254394531, 926.7092895507812], "obj_id": 3}, {"cam_R_m2c": [0.9308188557624817, -0.1321307271718979, 0.34076058864593506, 0.2242305874824524, -0.5298063158988953, -0.8179401159286499, 0.28861209750175476, 0.8377630114555359, -0.4635259509086609], "cam_t_m2c": [160.61825561523438, -256.50811767578125, 1176.29248046875], "obj_id": 1}, {"cam_R_m2c": [-0.05547046288847923, -0.9419732689857483, 0.33107292652130127, -0.06544845551252365, 0.3343007564544678, 0.9401911497116089, -0.9963129162788391, 0.03048468381166458, -0.08019447326660156], "cam_t_m2c": [-84.4831771850586, 131.19775390625, 849.1590576171875], "obj_id": 1}, {"cam_R_m2c": [-0.4330071806907654, 0.5604774355888367, 0.7059529423713684, 0.36989685893058777, -0.6037151217460632, 0.7061898112297058, 0.8219980597496033, 0.5669151544570923, 0.054094355553388596], "cam_t_m2c": [106.48037719726562, -102.10580444335938, 1131.5604248046875], "obj_id": 1}, {"cam_R_m2c": [-0.30834895372390747, 0.9216042757034302, 0.2357250601053238, -0.7864353060722351, -0.10755140334367752, -0.6082368493080139, -0.5352011919021606, -0.37293174862861633, 0.7579456567764282], "cam_t_m2c": [350.4676818847656, -248.1250762939453, 1175.0787353515625], "obj_id": 0}, {"cam_R_m2c": [0.463693231344223, 0.40406742691993713, -0.7884910106658936, -0.2763848602771759, -0.7795712351799011, -0.5620319247245789, -0.8417837619781494, 0.478537380695343, -0.24980373680591583], "cam_t_m2c": [47.776973724365234, -167.76295471191406, 1070.1114501953125], "obj_id": 1}, {"cam_R_m2c": [0.9387590289115906, -0.25273361802101135, 0.23421621322631836, -0.0037161342334002256, -0.6871124505996704, -0.7265416383743286, 0.3445543646812439, 0.6811771392822266, -0.6459721922874451], "cam_t_m2c": [185.13194274902344, -126.3292007446289, 936.8723754882812], "obj_id": 1}],
  "3": [{"cam_R_m2c": [0.5174258351325989, 0.835605800151825, -0.18448147177696228, 0.7296175956726074, -0.31815075874328613, 0.6053413152694702, 0.4471338093280792, -0.44782012701034546, -0.7742921113967896], "cam_t_m2c": [278.8367614746094, -192.41537475585938, 1018.63134765625], "obj_id": 0}, {"cam_R_m2c": [0.5091611742973328, -0.5661448836326599, 0.6482552886009216, 0.35148105025291443, 0.8243036270141602, 0.4438294470310211, -0.7856309413909912, 0.0018687078263610601, 0.6186925768852234], "cam_t_m2c": [-198.06356811523438, 60.22273254394531, 926.7092895507812], "obj_id": 3}, {"cam_R_m2c": [0.9308188557624817, -0.1321307271718979, 0.34076058864593506, 0.2242305874824524, -0.5298063158988953, -0.8179401159286499, 0.28861209750175476, 0.8377630114555359, -0.4635259509086609], "cam_t_m2c": [160.61825561523438, -256.50811767578125, 1176.29248046875], "obj_id": 1}, {"cam_R_m2c": [-0.05547046288847923, -0.9419732689857483, 0.33107292652130127, -0.06544845551252365, 0.3343007564544678, 0.9401911497116089, -0.9963129162788391, 0.03048468381166458, -0.08019447326660156], "cam_t_m2c": [-84.4831771850586, 131.19775390625, 849.1590576171875], "obj_id": 1}, {"cam_R_m2c": [-0.4330071806907654, 0.5604774355888367, 0.7059529423713684, 0.36989685893058777, -0.6037151217460632, 0.7061898112297058, 0.8219980597496033, 0.5669151544570923, 0.054094355553388596], "cam_t_m2c": [106.48037719726562, -102.10580444335938, 1131.5604248046875], "obj_id": 1}, {"cam_R_m2c": [-0.30834895372390747, 0.9216042757034302, 0.2357250601053238, -0.7864353060722351, -0.10755140334367752, -0.6082368493080139, -0.5352011919021606, -0.37293174862861633, 0.7579456567764282], "cam_t_m2c": [350.4676818847656, -248.1250762939453, 1175.0787353515625], "obj_id": 0}, {"cam_R_m2c": [0.463693231344223, 0.40406742691993713, -0.7884910106658936, -0.2763848602771759, -0.7795712351799011, -0.5620319247245789, -0.8417837619781494, 0.478537380695343, -0.24980373680591583], "cam_t_m2c": [47.776973724365234, -167.76295471191406, 1070.1114501953125], "obj_id": 1}, {"cam_R_m2c": [0.9387590289115906, -0.25273361802101135, 0.23421621322631836, -0.0037161342334002256, -0.6871124505996704, -0.7265416383743286, 0.3445543646812439, 0.6811771392822266, -0.6459721922874451], "cam_t_m2c": [185.13194274902344, -126.3292007446289, 936.8723754882812], "obj_id": 1}],
  "4": [{"cam_R_m2c": [0.5174258351325989, 0.835605800151825, -0.18448147177696228, 0.7296175956726074, -0.31815075874328613, 0.6053413152694702, 0.4471338093280792, -0.44782012701034546, -0.7742921113967896], "cam_t_m2c": [278.8367614746094, -192.41537475585938, 1018.63134765625], "obj_id": 0}, {"cam_R_m2c": [0.5091611742973328, -0.5661448836326599, 0.6482552886009216, 0.35148105025291443, 0.8243036270141602, 0.4438294470310211, -0.7856309413909912, 0.0018687078263610601, 0.6186925768852234], "cam_t_m2c": [-198.06356811523438, 60.22273254394531, 926.7092895507812], "obj_id": 3}, {"cam_R_m2c": [0.9308188557624817, -0.1321307271718979, 0.34076058864593506, 0.2242305874824524, -0.5298063158988953, -0.8179401159286499, 0.28861209750175476, 0.8377630114555359, -0.4635259509086609], "cam_t_m2c": [160.61825561523438, -256.50811767578125, 1176.29248046875], "obj_id": 1}, {"cam_R_m2c": [-0.05547046288847923, -0.9419732689857483, 0.33107292652130127, -0.06544845551252365, 0.3343007564544678, 0.9401911497116089, -0.9963129162788391, 0.03048468381166458, -0.08019447326660156], "cam_t_m2c": [-84.4831771850586, 131.19775390625, 849.1590576171875], "obj_id": 1}, {"cam_R_m2c": [-0.4330071806907654, 0.5604774355888367, 0.7059529423713684, 0.36989685893058777, -0.6037151217460632, 0.7061898112297058, 0.8219980597496033, 0.5669151544570923, 0.054094355553388596], "cam_t_m2c": [106.48037719726562, -102.10580444335938, 1131.5604248046875], "obj_id": 1}, {"cam_R_m2c": [-0.30834895372390747, 0.9216042757034302, 0.2357250601053238, -0.7864353060722351, -0.10755140334367752, -0.6082368493080139, -0.5352011919021606, -0.37293174862861633, 0.7579456567764282], "cam_t_m2c": [350.4676818847656, -248.1250762939453, 1175.0787353515625], "obj_id": 0}, {"cam_R_m2c": [0.463693231344223, 0.40406742691993713, -0.7884910106658936, -0.2763848602771759, -0.7795712351799011, -0.5620319247245789, -0.8417837619781494, 0.478537380695343, -0.24980373680591583], "cam_t_m2c": [47.776973724365234, -167.76295471191406, 1070.1114501953125], "obj_id": 1}, {"cam_R_m2c": [0.9387590289115906, -0.25273361802101135, 0.23421621322631836, -0.0037161342334002256, -0.6871124505996704, -0.7265416383743286, 0.3445543646812439, 0.6811771392822266, -0.6459721922874451], "cam_t_m2c": [185.13194274902344, -126.3292007446289, 936.8723754882812], "obj_id": 1}]
}