{
  "0": [{"cam_R_m2c": [0.4454306364059448, -0.6800288558006287, -0.5823678374290466, 0.23500552773475647, -0.5388489365577698, 0.8089586496353149, -0.8639235496520996, -0.4971946179866791, -0.08020924031734467], "cam_t_m2c": [-843.8974609375, -83.49822235107422, 1919.868408203125], "obj_id": 2}, {"cam_R_m2c": [-0.6572324633598328, 0.15539421141147614, 0.7374943494796753, -0.5836485624313354, -0.7240492701530457, -0.36756858229637146, 0.4768643081188202, -0.6720156073570251, 0.5665645599365234], "cam_t_m2c": [-403.72760009765625, -14.989325523376465, 1551.0316162109375], "obj_id": 2}, {"cam_R_m2c": [0.03180905431509018, -0.6155112981796265, -0.7874857783317566, -0.9839141964912415, 0.1192864403128624, -0.13297943770885468, 0.17578668892383575, 0.7790484428405762, -0.6018158793449402], "cam_t_m2c": [252.58001708984375, 468.612548828125, 2195.085205078125], "obj_id": 1}, {"cam_R_m2c": [-0.6269623637199402, 0.6558051705360413, 0.4205207824707031, -0.7574576735496521, -0.3869473338127136, -0.5258607864379883, -0.18214283883571625, -0.6482216119766235, 0.7393461465835571], "cam_t_m2c": [355.36224365234375, -222.90670776367188, 2755.381103515625], "obj_id": 1}, {"cam_R_m2c": [-0.655449390411377, -0.11721507459878922, 0.746087372303009, -0.7304033637046814, -0.1528724581003189, -0.6656880974769592, 0.19208499789237976, -0.9812697768211365, 0.014586067758500576], "cam_t_m2c": [413.86553955078125, -358.1222839355469, 2233.678955078125], "obj_id": 1}, {"cam_R_m2c": [-0.07379733771085739, 0.8871922492980957, -0.4554597735404968, -0.3840862512588501, 0.39619001746177673, 0.8339731097221375, 0.9203431606292725, 0.2364809364080429, 0.31152069568634033], "cam_t_m2c": [540.7012939453125, 269.3751220703125, 2760.28271484375], "obj_id": 0}, {"cam_R_m2c": [0.1559111773967743, -0.7151874899864197, 0.6813212633132935, 0.5195261240005493, 0.6460183262825012, 0.5592432022094727, -0.8401097655296326, 0.2667718827724457, 0.47228002548217773], "cam_t_m2c": [-464.0741271972656, 447.40521240234375, 2194.37451171875], "obj_id": 0}, {"cam_R_m2c": [0.7347649335861206, 0.6190062761306763, 0.2774015963077545, -0.44276347756385803, 0.7474845051765442, -0.4952044188976288, -0.5138880610466003, 0.24103552103042603, 0.8232988119125366], "cam_t_m2c": [-896.6010131835938, 34.80312728881836, 1930.580810546875], "obj_id": 0}, {"cam_R_m2c": [-0.236293226480484, 0.5846503973007202, -0.7761116623878479, -0.15666624903678894, 0.7653569579124451, 0.6242470145225525, 0.9589687585830688, 0.26909589767456055, -0.08925366401672363], "cam_t_m2c": [-571.6879272460938, 622.5823364257812, 2053.496337890625], "obj_id": 1}, {"cam_R_m2c": [-0.06460972130298615, -0.15319392085075378, 0.9860817790031433, -0.7554941773414612, 0.6530916094779968, 0.051960624754428864, -0.6519618034362793, -0.7416218519210815, -0.15793319046497345], "cam_t_m2c": [309.3038330078125, -438.3205871582031, 2430.7822265625], "obj_id": 1}, {"cam_R_m2c": [0.05142533406615257, 0.8843991756439209, -0.46388930082321167, 0.9986646771430969, -0.047821883112192154, 0.019536582753062248, -0.004905975889414549, -0.4642745852470398, -0.8856774568557739], "cam_t_m2c": [-477.3118591308594, 69.40311431884766, 3239.396728515625], "obj_id": 0}, {"cam_R_m2c": [0.8948527574539185, 0.38955768942832947, 0.21790668368339539, -0.44630610942840576, 0.7885640263557434, 0.42305752635002136, -0.007028051186352968, -0.47582727670669556, 0.8795106410980225], "cam_t_m2c": [800.8458862304688, -659.5515747070312, 2893.671142578125], "obj_id": 2}, {"cam_R_m2c": [-0.2206437885761261, 0.5070714950561523, 0.8331836462020874, -0.6712606549263, 0.5408032536506653, -0.506893515586853, -0.7076196670532227, -0.6711262464523315, 0.22105222940444946], "cam_t_m2c": [-529.686767578125, 164.72039794921875, 2517.552734375], "obj_id": 2}, {"cam_R_m2c": [0.6428471207618713, 0.6725797653198242, -0.3665842115879059, -0.3707737624645233, 0.6919906139373779, 0.6194157004356384, 0.670279324054718, -0.2622697949409485, 0.6942191123962402], "cam_t_m2c": [10.511861801147461, -566.1240234375, 2604.59765625], "obj_id": 2}, {"cam_R_m2c": [0.5896089673042297, 0.7065613269805908, 0.39132124185562134, 0.42505523562431335, 0.1405389904975891, -0.8941906094551086, -0.6867964267730713, 0.6935559511184692, -0.21746455132961273], "cam_t_m2c": [391.73193359375, 370.6528015136719, 2171.5791015625], "obj_id": 2}, {"cam_R_m2c": [0.6427738666534424, 0.17135614156723022, 0.7466450333595276, 0.7618395090103149, -0.04086755961179733, -0.6464752554893494, -0.0802638828754425, 0.9843611121177673, -0.15681445598602295], "cam_t_m2c": [-213.12818908691406, 380.73046875, 2672.18212890625], "obj_id": 1}, {"cam_R_m2c": [0.5962607264518738, 0.5175292491912842, 0.6137072443962097, -0.7313541173934937, 0.6654286980628967, 0.14941798150539398, -0.33105024695396423, -0.5379294157028198, 0.775266170501709], "cam_t_m2c": [501.93780517578125, -363.7059631347656, 2789.58984375], "obj_id": 2}, {"cam_R_m2c": [0.9687529802322388, -0.13055743277072906, 0.21088486909866333, 0.24801290035247803, 0.5191475749015808, -0.8179091215133667, -0.002696234267205, 0.8446540832519531, 0.5353056788444519], "cam_t_m2c": [-920.1574096679688, -102.1461410522461, 2818.9404296875], "obj_id": 2}, {"cam_R_m2c": [-0.7281959652900696, -0.668404757976532, 0.1515437811613083, 0.6750691533088684, -0.6613102555274963, 0.32703250646591187, -0.1183726117014885, 0.3404463231563568, 0.9327830672264099], "cam_t_m2c": [-571.735107421875, -56.09196090698242, 2949.083984375], "obj_id": 2}, {"cam_R_m2c": [-0.9487131237983704, 0.14967067539691925, 0.27846384048461914, -0.19348908960819244, 0.42168423533439636, -0.8858579993247986, -0.25001075863838196, -0.8943048119544983, -0.37109777331352234], "cam_t_m2c": [-489.65655517578125, -238.24098205566406, 3058.326416015625], "obj_id": 1}, {"cam_R_m2c": [0.8902585506439209, 0.43062150478363037, 0.1483401358127594, 0.34505653381347656, -0.4251057207584381, -0.8367921113967896, -0.2972804307937622, 0.7961470484733582, -0.5270427465438843], "cam_t_m2c": [308.30023193359375, -9.608380317687988, 3319.22021484375], "obj_id": 0}, {"cam_R_m2c": [0.8084408640861511, -0.2894936800003052, -0.5124614834785461, 0.3813888430595398, -0.4054945707321167, 0.8307325839996338, -0.44829219579696655, -0.8670452833175659, -0.21740873157978058], "cam_t_m2c": [-1068.2491455078125, 308.677734375, 1919.5853271484375], "obj_id": 1}, {"cam_R_m2c": [-0.37088799476623535, 0.5869836807250977, -0.7196473479270935, 0.8218101859092712, -0.15345574915409088, -0.5487070083618164, -0.43251606822013855, -0.7949222922325134, -0.42547425627708435], "cam_t_m2c": [190.2818603515625, 51.67433166503906, 1461.792236328125], "obj_id": 2}, {"cam_R_m2c": [0.5909123420715332, -0.27079343795776367, -0.759929895401001, -0.5560047626495361, 0.5458269715309143, -0.6268424987792969, 0.5845351219177246, 0.7929336428642273, 0.17197346687316895], "cam_t_m2c": [-489.6201171875, 80.23780059814453, 2832.533447265625], "obj_id": 1}, {"cam_R_m2c": [-0.3591406047344208, -0.5552945733070374, 0.7501105070114136, -0.8728050589561462, -0.08478321135044098, -0.4806484878063202, 0.3304983675479889, -0.8273207545280457, -0.45421475172042847], "cam_t_m2c": [46.5934944152832, -144.4779052734375, 2343.207763671875], "obj_id": 2}, {"cam_R_m2c": [-0.09784896671772003, 0.27423766255378723, 0.956670880317688, -0.5049634575843811, 0.8146683573722839, -0.2851794958114624, -0.8575764894485474, -0.5109883546829224, 0.058765556663274765], "cam_t_m2c": [564.0425415039062, -624.262451171875, 2807.697509765625], "obj_id": 2}, {"cam_R_m2c": [0.45247963070869446, -0.7152146697044373, 0.5326632261276245, 0.33846890926361084, 0.6903472542762756, 0.6394211649894714, -0.8250460028648376, -0.10903505980968475, 0.5544460415840149], "cam_t_m2c": [666.9532470703125, -2.103477716445923, 2196.555908203125], "obj_id": 0}, {"cam_R_m2c": [0.9071635603904724, -0.4086788296699524, -0.10017947107553482, -0.32479986548423767, -0.8314647078514099, 0.45074543356895447, -0.26750582456588745, -0.37636154890060425, -0.88701331615448], "cam_t_m2c": [257.6717529296875, -590.135986328125, 3044.221923828125], "obj_id": 2}, {"cam_R_m2c": [-0.6895805597305298, -0.3816927373409271, 0.6154584884643555, -0.30066218972206116, 0.9240232110023499, 0.23618507385253906, -0.6588480472564697, -0.02217644266784191, -0.7519490122795105], "cam_t_m2c": [-24.34371566772461, 63.054805755615234, 2543.854248046875], "obj_id": 2}, {"cam_R_m2c": [0.7251574397087097, -0.16716057062149048, -0.6679850220680237, -0.3776141107082367, -0.9077450633049011, -0.18277432024478912, -0.5758074522018433, 0.38478073477745056, -0.7213802933692932], "cam_t_m2c": [-418.85235595703125, -700.7891235351562, 3122.901611328125], "obj_id": 0}, {"cam_R_m2c": [-0.1319528967142105, -0.7019538283348083, 0.6998922824859619, -0.9899773597717285, 0.12917186319828033, -0.05709126591682434, -0.050330936908721924, -0.7004109025001526, -0.7119629979133606], "cam_t_m2c": [-430.51129150390625, 90.67003631591797, 2675.064697265625], "obj_id": 2}, {"cam_R_m2c": [-0.4815758168697357, -0.865859866142273, 0.13554030656814575, 0.4165327548980713, -0.36219823360443115, -0.8338541388511658, 0.7710933685302734, -0.3451071083545685, 0.5350850820541382], "cam_t_m2c": [318.5246276855469, -217.53334045410156, 2825.239501953125], "obj_id": 2}, {"cam_R_m2c": [0.48240983486175537, -0.21376435458660126, 0.8494618535041809, 0.8282073140144348, -0.20446380972862244, -0.5217919945716858, 0.2852248549461365, 0.9552481770515442, 0.0784059464931488], "cam_t_m2c": [-692.6051025390625, -427.25592041015625, 2920.885009765625], "obj_id": 0}, {"cam_R_m2c": [-0.08096977323293686, 0.5846474170684814, 0.8072367310523987, -0.7423354983329773, 0.5050777196884155, -0.44026631116867065, -0.6651178598403931, -0.6348888278007507, 0.3931085765361786], "cam_t_m2c": [125.49935150146484, 3.9742534160614014, 1955.199462890625], "obj_id": 2}, {"cam_R_m2c": [0.7034486532211304, -0.2425251007080078, 0.6680880188941956, 0.6708196997642517, 0.5371646881103516, -0.511326789855957, -0.23486371338367462, 0.8078587055206299, 0.5405583381652832], "cam_t_m2c": [303.5315246582031, 352.51763916015625, 2518.99365234375], "obj_id": 2}, {"cam_R_m2c": [-0.9524655342102051, 0.29446449875831604, -0.07810193300247192, 0.17232824862003326, 0.3093610107898712, -0.9351997971534729, -0.2512214481830597, -0.9042048454284668, -0.3454001843929291], "cam_t_m2c": [-189.15101623535156, 209.9839630126953, 2018.7142333984375], "obj_id": 0}, {"cam_R_m2c": [0.6960234045982361, 0.13704538345336914, 0.7048191428184509, -0.47304171323776245, 0.825996458530426, 0.30653128027915955, -0.540169358253479, -0.5467618107795715, 0.639741063117981], "cam_t_m2c": [-307.0343017578125, 191.935791015625, 2442.51123046875], "obj_id": 2}, {"cam_R_m2c": [0.8750094175338745, -0.09576744586229324, 0.4745388925075531, -0.459075391292572, 0.14696967601776123, 0.8761561512947083, -0.15365006029605865, -0.9844940304756165, 0.08463536202907562], "cam_t_m2c": [-430.74951171875, -408.29412841796875, 3031.991943359375], "obj_id": 0}, {"cam_R_m2c": [-0.28202810883522034, 0.909773588180542, -0.3045854866504669, -0.7952070236206055, -0.39928221702575684, -0.4563109874725342, -0.5367552042007446, 0.11351600289344788, 0.8360669612884521], "cam_t_m2c": [221.48545837402344, -313.547607421875, 2152.76318359375], "obj_id": 1}, {"cam_R_m2c": [0.05293727666139603, -0.9014168977737427, -0.4297036826610565, 0.7758914828300476, 0.30801713466644287, -0.5505613684654236, 0.6286414265632629, -0.30425822734832764, 0.7157073020935059], "cam_t_m2c": [246.03526306152344, 502.90911865234375, 1962.1934814453125], "obj_id": 0}, {"cam_R_m2c": [0.3459882140159607, -0.748013436794281, -0.5663639307022095, 0.9165143966674805, 0.14030535519123077, 0.3745875656604767, -0.20073263347148895, -0.6486835479736328, 0.7341090440750122], "cam_t_m2c": [503.62664794921875, -97.79654693603516, 2039.0772705078125], "obj_id": 1}, {"cam_R_m2c": [-0.5958560109138489, 0.4669739007949829, -0.6533688306808472, -0.7112952470779419, -0.6845800280570984, 0.15940232574939728, -0.3728466033935547, 0.5597190260887146, 0.7400676012039185], "cam_t_m2c": [-63.58486557006836, -779.5991821289062, 3040.379638671875], "obj_id": 0}, {"cam_R_m2c": [-0.6980383992195129, -0.32461267709732056, 0.6382547616958618, 0.5611046552658081, 0.305796355009079, 0.7691880464553833, -0.4448641836643219, 0.8950504064559937, -0.03131599724292755], "cam_t_m2c": [231.83859252929688, 81.53937530517578, 1631.261962890625], "obj_id": 0}, {"cam_R_m2c": [0.3412659466266632, 0.022763948887586594, -0.9396910667419434, 0.36806511878967285, -0.9231135845184326, 0.11130718886852264, -0.8649078607559204, -0.38385286927223206, -0.32340583205223083], "cam_t_m2c": [-371.27447509765625, 459.96759033203125, 1964.9837646484375], "obj_id": 0}, {"cam_R_m2c": [-0.8689026832580566, 0.4826965928077698, 0.10960070043802261, -0.34145599603652954, -0.744823157787323, 0.573276937007904, 0.3583519160747528, 0.4606979787349701, 0.8119983077049255], "cam_t_m2c": [500.13507080078125, 100.74574279785156, 3117.77490234375], "obj_id": 1}, {"cam_R_m2c": [-0.6985496282577515, 0.1521800458431244, 0.6991918683052063, 0.6811813712120056, -0.15781131386756897, 0.714903712272644, 0.21913455426692963, 0.9756723642349243, 0.00657703448086977], "cam_t_m2c": [-837.5696411132812, 44.52045440673828, 3075.805419921875], "obj_id": 1}, {"cam_R_m2c": [0.1014273390173912, 0.4780247211456299, 0.8724704384803772, -0.47140172123908997, -0.7491937875747681, 0.4652835726737976, 0.8760666251182556, -0.45847654342651367, 0.14935310184955597], "cam_t_m2c": [-677.4219970703125, 0.01271069049835205, 2234.6669921875], "obj_id": 2}, {"cam_R_m2c": [-0.1993594467639923, -0.8842783570289612, 0.42226481437683105, -0.5869834423065186, -0.23729030787944794, -0.7740436792373657, 0.7846694588661194, -0.4021754264831543, -0.4717506766319275], "cam_t_m2c": [-660.4132080078125, 247.22149658203125, 2820.239501953125], "obj_id": 1}, {"cam_R_m2c": [0.704436719417572, 0.3877279460430145, 0.5945047736167908, 0.7052938938140869, -0.2885040044784546, -0.6475537419319153, -0.0795576423406601, 0.875461220741272, -0.4766949713230133], "cam_t_m2c": [745.0377807617188, -395.6558837890625, 2947.203857421875], "obj_id": 2}, {"cam_R_m2c": [-0.1189395859837532, -0.7186455726623535, 0.6851289868354797, -0.8399583101272583, 0.44077685475349426, 0.3165212869644165, -0.5294556021690369, -0.5378329157829285, -0.656058132648468], "cam_t_m2c": [333.4619140625, 235.13592529296875, 1787.656982421875], "obj_id": 1}, {"cam_R_m2c": [0.9023464322090149, -0.2712942063808441, 0.33491846919059753, 0.15149834752082825, -0.5278300046920776, -0.8357294201850891, 0.40350860357284546, 0.804857075214386, -0.43518489599227905], "cam_t_m2c": [112.95059204101562, -293.9954833984375, 2454.246826171875], "obj_id": 1}, {"cam_R_m2c": [-0.3175947666168213, -0.8847749829292297, -0.34103792905807495, 0.07827239483594894, -0.3828932046890259, 0.920470654964447, -0.9449905157089233, 0.26564279198646545, 0.19085830450057983], "cam_t_m2c": [-613.8186645507812, 452.2677307128906, 2423.623046875], "obj_id": 1}, {"cam_R_m2c": [0.18600468337535858, 0.8652276992797852, 0.4655998945236206, -0.9825057983398438, 0.16822460293769836, 0.07989279925823212, -0.009199894033372402, -0.4723150432109833, 0.8813818097114563], "cam_t_m2c": [21.807090759277344, 663.9016723632812, 1758.4930419921875], "obj_id": 2}, {"cam_R_m2c": [-0.567885160446167, -0.5835281014442444, -0.5805182456970215, -0.4020812511444092, 0.8120647072792053, -0.42294391989707947, 0.7182180285453796, -0.006768067367374897, -0.6957852244377136], "cam_t_m2c": [213.2526397705078, -368.11834716796875, 2237.194091796875], "obj_id": 0}, {"cam_R_m2c": [0.11793792992830276, -0.7244728207588196, 0.6791388392448425, -0.12130939960479736, 0.6682783961296082, 0.7339536547660828, -0.9855833649635315, -0.16894684731960297, -0.009069978259503841], "cam_t_m2c": [653.555908203125, 230.29946899414062, 1891.4315185546875], "obj_id": 1}, {"cam_R_m2c": [0.01892535202205181, -0.3093724548816681, 0.9507526159286499, -0.5595871806144714, 0.7847558856010437, 0.266496479511261, -0.8285553455352783, -0.5370725393295288, -0.15826907753944397], "cam_t_m2c": [-445.63299560546875, -787.8391723632812, 3128.13330078125], "obj_id": 2}, {"cam_R_m2c": [-0.4143731892108917, -0.7854430675506592, 0.45975422859191895, -0.6291521191596985, 0.6122349500656128, 0.47889041900634766, -0.6576187610626221, -0.09081599116325378, -0.7478569149971008], "cam_t_m2c": [101.37056732177734, 1.8761436939239502, 2194.51025390625], "obj_id": 0}, {"cam_R_m2c": [-0.9043955206871033, -0.17386667430400848, 0.3896649479866028, -0.0657634511590004, 0.9591026902198792, 0.2753129303455353, -0.4215964674949646, 0.2233661264181137, -0.8788422346115112], "cam_t_m2c": [151.78147888183594, -343.67901611328125, 3115.927734375], "obj_id": 0}, {"cam_R_m2c": [-0.49020251631736755, 0.7721109986305237, 0.4044083058834076, -0.6252385377883911, 0.011765765957534313, -0.7803449630737305, -0.6072710752487183, -0.6353787779808044, 0.47698599100112915], "cam_t_m2c": [-1060.0701904296875, 438.4967041015625, 2108.7861328125], "obj_id": 0}, {"cam_R_m2c": [0.9027372598648071, -0.17639926075935364, 0.392363041639328, -0.39235660433769226, 0.03641117364168167, 0.9190922975540161, -0.17641359567642212, -0.9836450815200806, -0.03634169325232506], "cam_t_m2c": [-284.42535400390625, -487.419677734375, 3147.276123046875], "obj_id": 0}, {"cam_R_m2c": [-0.17746998369693756, 0.6116401553153992, -0.770973801612854, -0.09472476691007614, -0.7903885841369629, -0.6052379608154297, -0.9795567989349365, -0.03438127413392067, 0.1982077807188034], "cam_t_m2c": [322.3668212890625, -62.60152816772461, 2869.337158203125], "obj_id": 2}, {"cam_R_m2c": [0.2548898458480835, -0.8857395648956299, -0.38793864846229553, -0.8085423707962036, 0.024821646511554718, -0.587913990020752, 0.5303679704666138, 0.4635181427001953, -0.7098312377929688], "cam_t_m2c": [503.2562561035156, -123.8647232055664, 1830.3592529296875], "obj_id": 2}, {"cam_R_m2c": [-0.1195605993270874, -0.9750809669494629, 0.18687501549720764, 0.9311514496803284, -0.04482203349471092, 0.3618670403957367, -0.34447357058525085, 0.2172740399837494, 0.9133071303367615], "cam_t_m2c": [-562.2418823242188, -347.7480163574219, 2659.611083984375], "obj_id": 1}, {"cam_R_m2c": [0.8306384682655334, -0.38352471590042114, -0.4036688506603241, -0.20119401812553406, 0.469253808259964, -0.8598382472991943, 0.5191923379898071, 0.7954304814338684, 0.31261739134788513], "cam_t_m2c": [-521.1166381835938, 284.6275634765625, 2305.928466796875], "obj_id": 1}, {"cam_R_m2c": [0.527719259262085, 0.845555305480957, 0.08092299848794937, -0.7600418925285339, 0.42750582098960876, 0.48946404457092285, 0.3792738914489746, -0.31980443000793457, 0.8682605624198914], "cam_t_m2c": [-569.2357177734375, 59.90677261352539, 2788.9638671875], "obj_id": 2}, {"cam_R_m2c": [0.11608194559812546, -0.5995120406150818, -0.7919028997421265, 0.9015762805938721, 0.39813774824142456, -0.1692526638507843, 0.41675543785095215, -0.6943137049674988, 0.5867224931716919], "cam_t_m2c": [359.4306640625, 493.8023986816406, 1789.9898681640625], "obj_id": 2}, {"cam_R_m2c": [0.9783564805984497, 0.12406648695468903, 0.16560828685760498, -0.167822003364563, 0.007536258548498154, 0.9857885837554932, 0.1210552453994751, -0.9922453165054321, 0.028194231912493706], "cam_t_m2c": [-281.2565612792969, 92.91641235351562, 2079.888916015625], "obj_id": 1}, {"cam_R_m2c": [-0.5934469103813171, -0.6744285821914673, -0.43927979469299316, 0.8048713803291321, -0.4961473047733307, -0.3256068229675293, 0.0016510444693267345, -0.5467941164970398, 0.8372654318809509], "cam_t_m2c": [-1068.1435546875, 222.9778289794922, 2355.323974609375], "obj_id": 1}, {"cam_R_m2c": [-0.023173054680228233, -0.9971839189529419, -0.07132317125797272, -0.9770174026489258, 0.007467840798199177, 0.21302832663059235, -0.21189582347869873, 0.07462052255868912, -0.9744390845298767], "cam_t_m2c": [-246.37924194335938, 80.34014892578125, 1533.2705078125], "obj_id": 0}, {"cam_R_m2c": [-0.8396959900856018, 0.5357377529144287, 0.08885717391967773, -0.5297307968139648, -0.8440771102905273, 0.08318008482456207, 0.11956502497196198, 0.02277560904622078, 0.9925650954246521], "cam_t_m2c": [-313.2975769042969, -111.8253173828125, 2560.037109375], "obj_id": 0}, {"cam_R_m2c": [-0.6735600829124451, -0.21397952735424042, -0.7074810266494751, 0.48821040987968445, -0.8474571704864502, -0.20848695933818817, -0.5549479722976685, -0.48582813143730164, 0.6752805113792419], "cam_t_m2c": [679.4404907226562, 28.583358764648438, 3326.61181640625], "obj_id": 1}, {"cam_R_m2c": [-0.07434777915477753, 0.9671215415000916, 0.2432040572166443, -0.5632716417312622, -0.24197612702846527, 0.7900458574295044, 0.822920024394989, -0.07825174182653427, 0.5627426505088806], "cam_t_m2c": [456.9435729980469, 44.02505874633789, 2830.124267578125], "obj_id": 0}, {"cam_R_m2c": [0.30240246653556824, -0.8329145312309265, -0.46347180008888245, -0.4817916750907898, -0.5531163811683655, 0.679660975933075, -0.8224533796310425, 0.01776571199297905, -0.5685550570487976], "cam_t_m2c": [-54.92778015136719, 231.02548217773438, 2833.9853515625], "obj_id": 2}, {"cam_R_m2c": [-0.7630482912063599, -0.4153558015823364, 0.4952138066291809, -0.1442100703716278, 0.8562725186347961, 0.4959847331047058, -0.6300480961799622, 0.30704551935195923, -0.7132757306098938], "cam_t_m2c": [-492.6004333496094, -198.4370574951172, 2499.3212890625], "obj_id": 2}, {"cam_R_m2c": [-0.4732798933982849, 0.8330162763595581, 0.28651341795921326, -0.5358645915985107, -0.014097258448600769, -0.8441861867904663, -0.6991817951202393, -0.5530688166618347, 0.4530559182167053], "cam_t_m2c": [-778.919921875, -131.61329650878906, 3101.25634765625], "obj_id": 1}, {"cam_R_m2c": [-0.974861204624176, 0.1268894225358963, -0.18315193057060242, -0.19096031785011292, -0.899337112903595, 0.3933534026145935, -0.11480294167995453, 0.41843971610069275, 0.9009597301483154], "cam_t_m2c": [-480.5693054199219, 39.0795783996582, 2767.858154296875], "obj_id": 0}, {"cam_R_m2c": [-0.7866901159286499, -0.3720345199108124, -0.49265486001968384, 0.5752401351928711, -0.7314234375953674, -0.3662218153476715, -0.22409218549728394, -0.5714979767799377, 0.7894129157066345], "cam_t_m2c": [469.0579528808594, 115.57816314697266, 2001.6116943359375], "obj_id": 1}, {"cam_R_m2c": [0.6094669103622437, 0.19463615119457245, 0.7685484886169434, 0.672000527381897, -0.6411943435668945, -0.37051984667778015, 0.4206724464893341, 0.7422845959663391, -0.521582305431366], "cam_t_m2c": [538.5582275390625, -72.12312316894531, 1652.7689208984375], "obj_id": 1}, {"cam_R_m2c": [-0.00014865060802549124, 0.8027141094207764, 0.5963639616966248, 0.855313777923584, 0.3090844452381134, -0.4158186614513397, -0.5181103348731995, 0.5100165009498596, -0.6866183876991272], "cam_t_m2c": [157.27764892578125, 83.42721557617188, 2246.8369140625], "obj_id": 0}, {"cam_R_m2c": [0.7771381735801697, 0.06407380849123001, 0.6260597109794617, 0.6081790924072266, -0.3322027623653412, -0.7209434509277344, 0.16178521513938904, 0.9410291314125061, -0.2971358001232147], "cam_t_m2c": [-973.9415283203125, -205.9980926513672, 2127.85986328125], "obj_id": 2}, {"cam_R_m2c": [-0.5021632313728333, 0.28082337975502014, 0.8179060220718384, -0.6654282212257385, 0.47857382893562317, -0.5728632807731628, -0.552301824092865, -0.8319286704063416, -0.053454335778951645], "cam_t_m2c": [-676.5364379882812, 73.64849853515625, 3238.38671875], "obj_id": 2}, {"cam_R_m2c": [0.8145152926445007, 0.3819674551486969, -0.4366528391838074, -0.5176044702529907, 0.1385403722524643, -0.8443294763565063, -0.2620123028755188, 0.9137327075004578, 0.31055131554603577], "cam_t_m2c": [474.0760192871094, 790.50146484375, 1726.9674072265625], "obj_id": 1}, {"cam_R_m2c": [0.35915064811706543, 0.20812392234802246, 0.9097775220870972, -0.146761953830719, -0.95009446144104, 0.2752838134765625, 0.9216678738594055, -0.23238909244537354, -0.3106822669506073], "cam_t_m2c": [-15.113110542297363, -201.80467224121094, 3254.692626953125], "obj_id": 2}, {"cam_R_m2c": [-0.7691148519515991, -0.06131438910961151, 0.6361624598503113, 0.11573664098978043, -0.992292046546936, 0.0442858450114727, 0.6285436749458313, 0.10768821090459824, 0.7702831029891968], "cam_t_m2c": [-311.04681396484375, 292.8851318359375, 2752.4384765625], "obj_id": 0}, {"cam_R_m2c": [0.6631662249565125, 0.6685605645179749, 0.3365074694156647, -0.08289986848831177, -0.3812168538570404, 0.9207611680030823, 0.743867039680481, -0.6385141015052795, -0.19738651812076569], "cam_t_m2c": [259.7269592285156, 168.229736328125, 1527.2015380859375], "obj_id": 1}, {"cam_R_m2c": [-0.6071988344192505, 0.7388879060745239, 0.29215407371520996, 0.2242596298456192, -0.1933732032775879, 0.9551514387130737, 0.762244701385498, 0.6454852819442749, -0.048286616802215576], "cam_t_m2c": [-859.2844848632812, 348.353759765625, 1873.9869384765625], "obj_id": 0}, {"cam_R_m2c": [-0.36829873919487, 0.8339738249778748, -0.41090571880340576, -0.04323369264602661, 0.42613184452056885, 0.9036273956298828, 0.928701639175415, 0.35056987404823303, -0.12088799476623535], "cam_t_m2c": [327.3065490722656, 211.88951110839844, 2449.166259765625], "obj_id": 1}, {"cam_R_m2c": [0.07709506154060364, -0.5114402770996094, -0.8558534979820251, -0.2507214844226837, 0.8208785653114319, -0.5131248831748962, 0.9649844765663147, 0.2541402578353882, -0.06494337320327759], "cam_t_m2c": [-156.13999938964844, 368.800048828125, 1660.4403076171875], "obj_id": 1}, {"cam_R_m2c": [0.31452399492263794, 0.8537009358406067, 0.41505327820777893, -0.6163105964660645, 0.5162057280540466, -0.5947207808494568, -0.721966564655304, -0.06874783337116241, 0.6885040998458862], "cam_t_m2c": [82.49287414550781, -461.817138671875, 2530.91357421875], "obj_id": 1}, {"cam_R_m2c": [-0.6223622560501099, -0.7738661766052246, 0.1174573302268982, 0.5967552065849304, -0.5662230849266052, -0.5685724020004272, 0.5065060257911682, -0.2837647497653961, 0.8142046332359314], "cam_t_m2c": [0.9350515604019165, -0.9397733807563782, 2509.386962890625], "obj_id": 2}, {"cam_R_m2c": [0.2465507835149765, -0.9676560163497925, 0.05342768877744675, -0.2854439318180084, -0.12519171833992004, -0.9501835107803345, 0.9261395335197449, 0.2190178781747818, -0.30707764625549316], "cam_t_m2c": [433.3767395019531, 28.134103775024414, 1903.481689453125], "obj_id": 1}, {"cam_R_m2c": [0.34961646795272827, 0.026344742625951767, 0.936522364616394, 0.8779709339141846, 0.33968546986579895, -0.33731383085250854, -0.3270094096660614, 0.9401699900627136, 0.09562976658344269], "cam_t_m2c": [69.33230590820312, -46.097740173339844, 1546.634033203125], "obj_id": 1}, {"cam_R_m2c": [0.015680333599448204, -0.3660633862018585, -0.9304576516151428, 0.9108485579490662, -0.3786250948905945, 0.16430960595607758, -0.41244253516197205, -0.850082516670227, 0.32749155163764954], "cam_t_m2c": [-932.2722778320312, 558.30029296875, 2140.119140625], "obj_id": 2}, {"cam_R_m2c": [0.6697929501533508, -0.49627557396888733, 0.5523476004600525, 0.7324337959289551, 0.31919893622398376, -0.6013755202293396, 0.12213931977748871, 0.8073551654815674, 0.5772863030433655], "cam_t_m2c": [-817.3325805664062, -71.25228881835938, 1591.919677734375], "obj_id": 0}, {"cam_R_m2c": [-0.1756323128938675, 0.2996852695941925, -0.9377322196960449, -0.22465889155864716, 0.915202796459198, 0.33456262946128845, 0.9584786891937256, 0.2694299817085266, -0.09341220557689667], "cam_t_m2c": [584.303466796875, -593.006103515625, 2712.364501953125], "obj_id": 0}, {"cam_R_m2c": [-0.4986685812473297, -0.6531659960746765, 0.5698279142379761, 0.8035959005355835, -0.10195517539978027, 0.5863776803016663, -0.32490506768226624, 0.7503194808959961, 0.5757233500480652], "cam_t_m2c": [-363.18365478515625, 253.1855926513672, 2869.4619140625], "obj_id": 1}, {"cam_R_m2c": [0.39655813574790955, 0.8580135703086853, 0.3264266848564148, -0.9137084484100342, 0.33452409505844116, 0.23071740567684174, 0.08876106888055801, -0.38975170254707336, 0.9166324734687805], "cam_t_m2c": [541.8132934570312, 31.828411102294922, 1388.5262451171875], "obj_id": 1}, {"cam_R_m2c": [-0.6920143365859985, 0.27778613567352295, -0.6662963628768921, 0.026982443407177925, 0.9323053359985352, 0.3606642186641693, 0.7213791608810425, 0.23160652816295624, -0.6526640057563782], "cam_t_m2c": [-458.0348205566406, 32.19829559326172, 3316.899658203125], "obj_id": 0}, {"cam_R_m2c": [0.12842461466789246, 0.3707113564014435, -0.919826090335846, 0.08338062465190887, -0.9282585382461548, -0.362468421459198, -0.9882077574729919, -0.030145850032567978, -0.15012122690677643], "cam_t_m2c": [-216.2624969482422, 185.579345703125, 1621.0235595703125], "obj_id": 2}, {"cam_R_m2c": [-0.828070342540741, -0.2420799881219864, 0.5056644082069397, 0.541714072227478, -0.11321908980607986, 0.8329028487205505, -0.14437821507453918, 0.963627815246582, 0.22489169239997864], "cam_t_m2c": [42.100276947021484, -257.6662902832031, 2790.617431640625], "obj_id": 1}]
}