{
  "0": [{"cam_R_m2c": [-0.7561390995979309, 0.6347552537918091, -0.1591835916042328, 0.25476494431495667, 0.06146940216422081, -0.965047299861908, -0.6027839779853821, -0.7702643871307373, -0.20819281041622162], "cam_t_m2c": [-330.2491149902344, 3880.521484375, 3337.06640625], "obj_id": 0}, {"cam_R_m2c": [-0.9847589731216431, 0.17382198572158813, -0.0059772818349301815, 0.16430211067199707, 0.9184535145759583, -0.3597887456417084, -0.05704933777451515, -0.3552872836589813, -0.9330146312713623], "cam_t_m2c": [278.0612487792969, 3976.43505859375, 3530.573486328125], "obj_id": 1}, {"cam_R_m2c": [0.24285092949867249, -0.43280017375946045, 0.8681631684303284, 0.16264960169792175, 0.9004522562026978, 0.40339910984039307, -0.9563307166099548, 0.04324058070778847, 0.2890704572200775], "cam_t_m2c": [-17.03446388244629, 4017.832275390625, 3515.701171875], "obj_id": 3}, {"cam_R_m2c": [0.7310935258865356, 0.4170190095901489, 0.5399975776672363, 0.4351467192173004, 0.3245975971221924, -0.8398116827011108, -0.5254993438720703, 0.8489590287208557, 0.05584672465920448], "cam_t_m2c": [-48.624324798583984, 3944.228759765625, 3671.10693359375], "obj_id": 2}, {"cam_R_m2c": [0.644906222820282, -0.6893382668495178, -0.3300131559371948, 0.24488094449043274, 0.5954206585884094, -0.7651846408843994, 0.7239677309989929, 0.4126584231853485, 0.5527963042259216], "cam_t_m2c": [-22.117870330810547, 5550.7705078125, 4529.01318359375], "obj_id": 1}, {"cam_R_m2c": [0.14479853212833405, -0.4033070206642151, 0.9035356640815735, -0.0516500398516655, -0.9149951338768005, -0.4001448452472687, 0.9881120920181274, 0.011272710748016834, -0.15332067012786865], "cam_t_m2c": [142.59375, 5220.08056640625, 4514.3583984375], "obj_id": 1}, {"cam_R_m2c": [0.480297714471817, -0.8771054744720459, -4.131276654106841e-09, -0.4864700734615326, -0.2663879692554474, -0.8320962190628052, 0.7298362255096436, 0.3996538817882538, -0.5546310544013977], "cam_t_m2c": [-3.5301849842071533, 5343.43408203125, 4509.3876953125], "obj_id": 0}, {"cam_R_m2c": [0.48029765486717224, -0.8771055340766907, -3.251241409429895e-08, -0.4864700734615326, -0.2663879692554474, -0.83209627866745, 0.7298362851142883, 0.3996538817882538, -0.5546311140060425], "cam_t_m2c": [-3.5301849842071533, 5343.4326171875, 4509.38671875], "obj_id": 3}, {"cam_R_m2c": [0.7645195722579956, 0.5429916977882385, 0.34737569093704224, 0.5298628807067871, -0.8362712860107422, 0.14105141162872314, 0.3670900762081146, 0.07622494548559189, -0.9270568490028381], "cam_t_m2c": [42.63142395019531, 4034.50537109375, 3490.69677734375], "obj_id": 1}, {"cam_R_m2c": [-0.39383697509765625, -0.014288880862295628, -0.9190691113471985, 0.3370737135410309, 0.9279772639274597, -0.15886931121349335, 0.8551453351974487, -0.3723626732826233, -0.3606553375720978], "cam_t_m2c": [-34.451988220214844, 3993.367919921875, 3552.4140625], "obj_id": 0}, {"cam_R_m2c": [-0.19080229103565216, -0.7876265645027161, 0.5858657360076904, -0.49260085821151733, 0.5930671691894531, 0.6368796229362488, -0.8490810990333557, -0.16707982122898102, -0.5011440515518188], "cam_t_m2c": [39.310264587402344, 2670.306396484375, 2645.075927734375], "obj_id": 1}, {"cam_R_m2c": [-0.5937104821205139, -0.8046780228614807, -0.0011042425176128745, -0.600598931312561, 0.4422219693660736, 0.666123628616333, -0.535526692867279, 0.396147757768631, -0.7458405494689941], "cam_t_m2c": [19.404067993164062, 2652.834228515625, 2671.2890625], "obj_id": 2}, {"cam_R_m2c": [0.25311148166656494, -0.6651992797851562, -0.7024560570716858, 0.42890670895576477, 0.7279990911483765, -0.5348423719406128, 0.867164134979248, -0.16591334342956543, 0.46957334876060486], "cam_t_m2c": [-41.949039459228516, 2679.783203125, 2630.85791015625], "obj_id": 3}, {"cam_R_m2c": [0.9935379028320312, -0.007221295963972807, -0.11327072978019714, 0.11268854141235352, 0.18193115293979645, 0.9768328070640564, 0.013553470373153687, -0.9832847118377686, 0.18156924843788147], "cam_t_m2c": [49.68126678466797, 2690.302978515625, 2615.074951171875], "obj_id": 0}, {"cam_R_m2c": [0.31041207909584045, 0.27389368414878845, -0.9102892875671387, -0.9500381350517273, 0.12236551195383072, -0.2871484160423279, 0.03273984417319298, 0.9539438486099243, 0.29819318652153015], "cam_t_m2c": [-57.457000732421875, 2677.23095703125, 2634.6875], "obj_id": 3}, {"cam_R_m2c": [-0.4346940815448761, -0.13438157737255096, 0.890495777130127, 0.8900420665740967, 0.08670580387115479, 0.4475570619106293, -0.13735459744930267, 0.9871290326118469, 0.08191472291946411], "cam_t_m2c": [-57.66042709350586, 4082.199951171875, 3484.2353515625], "obj_id": 3}, {"cam_R_m2c": [-0.28624361753463745, 0.19632764160633087, -0.9378274083137512, 0.32561758160591125, 0.9404616355895996, 0.09749415516853333, 0.9011314511299133, -0.27746596932411194, -0.3331288695335388], "cam_t_m2c": [-10.18330192565918, 2629.5419921875, 2706.23291015625], "obj_id": 2}, {"cam_R_m2c": [-0.9847500920295715, 0.17387977242469788, -0.005744199734181166, 0.16427093744277954, 0.9184445142745972, -0.359825998544693, -0.057290732860565186, -0.3552823066711426, -0.933001697063446], "cam_t_m2c": [26.155336380004883, 4016.777587890625, 3511.582763671875], "obj_id": 1}, {"cam_R_m2c": [0.3776334226131439, 0.3699698746204376, 0.8488317131996155, -0.9233021140098572, 0.21979764103889465, 0.31496375799179077, -0.07004407048225403, -0.9026689529418945, 0.4245969355106354], "cam_t_m2c": [235.7789306640625, 4552.52587890625, 3686.20361328125], "obj_id": 0}, {"cam_R_m2c": [-0.7248061299324036, 0.6005421876907349, -0.3376469612121582, 0.3168471157550812, -0.14462397992610931, -0.9373857378959656, -0.6117714643478394, -0.7864052057266235, -0.08545590192079544], "cam_t_m2c": [-142.30233764648438, 4033.604736328125, 3512.958740234375], "obj_id": 0}, {"cam_R_m2c": [-0.05079828202724457, -0.6174972057342529, -0.7849310636520386, 0.3209567368030548, 0.7341600656509399, -0.5983275175094604, 0.9457306265830994, -0.28232288360595703, 0.16089580953121185], "cam_t_m2c": [19.549158096313477, 1331.5587158203125, 1761.272216796875], "obj_id": 3}, {"cam_R_m2c": [-0.6538130640983582, 0.5023148059844971, 0.5658695697784424, -0.7537193298339844, -0.4981827735900879, -0.4286269545555115, 0.06660081446170807, -0.7067487239837646, 0.7043227553367615], "cam_t_m2c": [-58.61131286621094, 1343.6466064453125, 1743.136962890625], "obj_id": 2}, {"cam_R_m2c": [0.8866163492202759, -0.4199162721633911, -0.19386015832424164, -0.23468130826950073, -0.04726908728480339, -0.9709222912788391, 0.39854252338409424, 0.906330943107605, -0.14045603573322296], "cam_t_m2c": [34.546173095703125, 1310.8309326171875, 1792.3695068359375], "obj_id": 3}, {"cam_R_m2c": [-0.05438746511936188, -0.6308724284172058, 0.7739779353141785, 0.8203084468841553, -0.47018522024154663, -0.32560670375823975, 0.5693293809890747, 0.617191731929779, 0.5430822968482971], "cam_t_m2c": [39.86278533935547, 1358.31494140625, 1721.1304931640625], "obj_id": 1}, {"cam_R_m2c": [0.5378718376159668, -0.6760579347610474, 0.5036264061927795, -0.22624798119068146, -0.6912482380867004, -0.6862853765487671, 0.8120995759963989, 0.25518909096717834, -0.5247596502304077], "cam_t_m2c": [-14.27039909362793, 1299.8447265625, 1808.8516845703125], "obj_id": 3}, {"cam_R_m2c": [0.06688130646944046, 0.008112499490380287, 0.9977279305458069, -0.8600490093231201, -0.5064584612846375, 0.06177018955349922, 0.5058088898658752, -0.8622261881828308, -0.02689545229077339], "cam_t_m2c": [85.65674591064453, 1322.4466552734375, 1774.942626953125], "obj_id": 2}, {"cam_R_m2c": [0.44332754611968994, 0.736217200756073, 0.5113168358802795, 0.1680324226617813, 0.4920656085014343, -0.8541876673698425, -0.880469024181366, 0.4646027088165283, 0.09443789720535278], "cam_t_m2c": [-26.77861976623535, 3955.242431640625, 3671.23388671875], "obj_id": 2}, {"cam_R_m2c": [-0.9847548007965088, 0.1738511621952057, -0.005808556452393532, 0.16426634788513184, 0.9184404015541077, -0.3598385453224182, -0.05722353607416153, -0.3553068935871124, -0.9329964518547058], "cam_t_m2c": [149.71954345703125, 4034.09814453125, 3616.836669921875], "obj_id": 1}, {"cam_R_m2c": [0.41992929577827454, 0.7491452693939209, 0.5122896432876587, 0.15924058854579926, 0.49489399790763855, -0.8542378544807434, -0.8934773206710815, 0.4402967393398285, 0.0885261744260788], "cam_t_m2c": [-4.73537540435791, 3960.35595703125, 3594.200439453125], "obj_id": 2}, {"cam_R_m2c": [0.626333475112915, 0.5839906930923462, 0.5163926482200623, 0.3018750846385956, 0.42904090881347656, -0.8513491749763489, -0.718733549118042, 0.6891145706176758, 0.09243043512105942], "cam_t_m2c": [22.898101806640625, 3971.34521484375, 3532.99853515625], "obj_id": 2}, {"cam_R_m2c": [0.4644829034805298, 0.11766423285007477, 0.8777304887771606, 0.8608768582344055, 0.17248302698135376, -0.47868648171424866, -0.2077179253101349, 0.9779595136642456, -0.021179020404815674], "cam_t_m2c": [20.2683048248291, -5.836030006408691, 875.4385986328125], "obj_id": 3}, {"cam_R_m2c": [-0.034177083522081375, -0.835161566734314, 0.5489417910575867, 0.5680583119392395, -0.46814411878585815, -0.6768684387207031, 0.8222783803939819, 0.2886975407600403, 0.49042022228240967], "cam_t_m2c": [-40.17933654785156, -1.6419225931167603, 869.1463012695312], "obj_id": 1}, {"cam_R_m2c": [0.19656962156295776, -0.39520612359046936, -0.8973140120506287, 0.9753726720809937, 0.17219525575637817, 0.13782911002635956, 0.10004229098558426, -0.9023086428642273, 0.4193216562271118], "cam_t_m2c": [1.762354850769043, -41.589996337890625, 929.0791015625], "obj_id": 2}, {"cam_R_m2c": [0.8198744654655457, 0.28811272978782654, 0.4947696030139923, 0.5701504349708557, -0.3319239616394043, -0.751501739025116, -0.05229129642248154, 0.8982301354408264, -0.4364035427570343], "cam_t_m2c": [14.918499946594238, 22.724382400512695, 832.5902099609375], "obj_id": 3}, {"cam_R_m2c": [-0.7421551942825317, -0.6015104651451111, -0.29561948776245117, -0.5105632543563843, 0.7931355834007263, -0.3320560157299042, 0.4342014789581299, -0.09550464153289795, -0.8957388401031494], "cam_t_m2c": [33.66520690917969, 31.981103897094727, 818.70263671875], "obj_id": 0}, {"cam_R_m2c": [0.06840166449546814, 0.857583224773407, 0.5097764730453491, -0.061050236225128174, 0.513613760471344, -0.8558467626571655, -0.9957880973815918, 0.027419311925768852, 0.08748773485422134], "cam_t_m2c": [-61.93001937866211, 3937.775634765625, 3699.848876953125], "obj_id": 2}, {"cam_R_m2c": [-0.5193773508071899, -0.2571364939212799, -0.8149405717849731, 0.6797718405723572, -0.7022174596786499, -0.21166245639324188, -0.5178393125534058, -0.6639063358306885, 0.5395098924636841], "cam_t_m2c": [10.864396095275879, -29.394773483276367, 910.7830200195312], "obj_id": 0}, {"cam_R_m2c": [-0.005848977714776993, -0.7155035734176636, -0.6985844969749451, 0.8285310864448547, 0.38769203424453735, -0.4040185809135437, 0.559912383556366, -0.58116215467453, 0.5905494689941406], "cam_t_m2c": [-46.42168045043945, 10.15671157836914, 851.4451293945312], "obj_id": 3}, {"cam_R_m2c": [-0.19242510199546814, 0.8385990262031555, 0.5096313953399658, -0.21152932941913605, 0.47168147563934326, -0.8560209274291992, -0.9582419991493225, -0.27252197265625, 0.08662497997283936], "cam_t_m2c": [-56.9340934753418, 3947.738037109375, 3768.873779296875], "obj_id": 2}, {"cam_R_m2c": [0.5087353587150574, 0.3556840717792511, 0.7840135097503662, -0.8459219932556152, 0.3757769465446472, 0.3784278929233551, -0.16001343727111816, -0.8557339310646057, 0.49205198884010315], "cam_t_m2c": [15.822319030761719, 3981.16796875, 3510.894775390625], "obj_id": 3}],
  "1": [{"cam_R_m2c": [0.416140079498291, 0.8207215666770935, -0.3914632201194763, 0.30615976452827454, -0.5318383574485779, -0.7895656824111938, -0.8562088012695312, 0.20871958136558533, -0.4725911021232605], "cam_t_m2c": [27.539268493652344, 4226.85302734375, 2648.627685546875], "obj_id": 0}, {"cam_R_m2c": [-0.13101425766944885, 0.8221405744552612, 0.5540036559104919, 0.5470596551895142, 0.5259912610054016, -0.6511980295181274, -0.8267773985862732, 0.21775680780410767, -0.5186722874641418], "cam_t_m2c": [87.08134460449219, 4109.92529296875, 3280.662841796875], "obj_id": 1}, {"cam_R_m2c": [0.9186417460441589, 0.3301510810852051, 0.21701981127262115, -0.3488583564758301, 0.9356585741043091, 0.05330000817775726, -0.18545939028263092, -0.1246727854013443, 0.974711000919342], "cam_t_m2c": [41.852210998535156, 4268.3974609375, 3031.951416015625], "obj_id": 3}, {"cam_R_m2c": [0.8500526547431946, -0.39502179622650146, -0.34837955236434937, -0.17756083607673645, 0.40779417753219604, -0.8956428170204163, 0.4958655834197998, 0.8232020735740662, 0.27650612592697144], "cam_t_m2c": [-130.51626586914062, 4283.51513671875, 3056.992919921875], "obj_id": 2}, {"cam_R_m2c": [-0.276214599609375, -0.19781462848186493, -0.9405184388160706, 0.19371262192726135, 0.947047770023346, -0.2560780942440033, 0.9413718581199646, -0.25292280316352844, -0.22326922416687012], "cam_t_m2c": [47.26993179321289, 5902.8291015625, 3871.79052734375], "obj_id": 1}, {"cam_R_m2c": [-0.7806863784790039, -0.6062024235725403, 0.15181323885917664, 0.27896010875701904, -0.5554359555244446, -0.7833722233772278, 0.5592046976089478, -0.5692182183265686, 0.6027276515960693], "cam_t_m2c": [-73.4107666015625, 5557.130859375, 3923.063232421875], "obj_id": 1}, {"cam_R_m2c": [-0.7158567309379578, -0.6982471346855164, -1.5686617871324415e-07, -0.3214156925678253, 0.32952195405960083, -0.8877540230751038, 0.6198717355728149, -0.6355046629905701, -0.46031805872917175], "cam_t_m2c": [-42.776058197021484, 5719.5654296875, 3826.78662109375], "obj_id": 0}, {"cam_R_m2c": [-0.7158567905426025, -0.6982471942901611, -1.3257769637675665e-07, -0.3214157223701477, 0.32952186465263367, -0.8877540826797485, 0.6198718547821045, -0.6355047225952148, -0.46031808853149414], "cam_t_m2c": [-42.776058197021484, 5719.56396484375, 3826.785888671875], "obj_id": 3}, {"cam_R_m2c": [0.19420914351940155, -0.36201730370521545, 0.911716103553772, 0.23173455893993378, -0.8861751556396484, -0.40123865008354187, 0.9531955718994141, 0.2892003357410431, -0.08821132034063339], "cam_t_m2c": [86.82810974121094, 4245.662109375, 3075.809326171875], "obj_id": 1}, {"cam_R_m2c": [-0.6111208200454712, 0.7903860211372375, -0.042677924036979675, 0.7798094153404236, 0.6104373335838318, 0.13879303634166718, 0.13575227558612823, 0.05153866484761238, -0.9894014000892639], "cam_t_m2c": [-5.3223395347595215, 4270.669921875, 3027.580078125], "obj_id": 0}, {"cam_R_m2c": [0.36612895131111145, 0.23919565975666046, 0.8992969393730164, -0.6437711119651794, 0.7629267573356628, 0.05917338654398918, -0.6719436049461365, -0.6006065011024475, 0.43331682682037354], "cam_t_m2c": [34.89394760131836, 2816.489990234375, 2347.184814453125], "obj_id": 1}, {"cam_R_m2c": [-0.051113467663526535, -0.2974088191986084, 0.9533809423446655, -0.43017932772636414, 0.8680851459503174, 0.24773745238780975, -0.9012951850891113, -0.39746206998825073, -0.1723099648952484], "cam_t_m2c": [-0.7977101802825928, 2821.421142578125, 2337.674560546875], "obj_id": 2}, {"cam_R_m2c": [-0.3979140818119049, 0.34323325753211975, -0.8507968187332153, 0.5717675685882568, 0.8180239796638489, 0.06259854882955551, 0.7174581289291382, -0.46154919266700745, -0.5217528939247131], "cam_t_m2c": [29.525556564331055, 2854.633056640625, 2273.623291015625], "obj_id": 3}, {"cam_R_m2c": [0.3162166178226471, 0.8833743929862976, 0.3459143340587616, -0.344285786151886, -0.2329091578722, 0.9095166921615601, 0.884010374546051, -0.40669769048690796, 0.23048348724842072], "cam_t_m2c": [72.40921020507812, 2816.349365234375, 2347.45556640625], "obj_id": 0}, {"cam_R_m2c": [-0.4504167139530182, -0.625656008720398, -0.6369295716285706, -0.891827404499054, 0.3488895297050476, 0.2879582643508911, 0.042055245488882065, 0.6977325081825256, -0.7151228785514832], "cam_t_m2c": [20.927059173583984, 2860.9404296875, 2261.45947265625], "obj_id": 3}, {"cam_R_m2c": [0.46883052587509155, -0.7809732556343079, 0.41264837980270386, 0.8577544093132019, 0.5140570998191833, -0.001639634370803833, -0.21084430813789368, 0.3547196686267853, 0.9108889102935791], "cam_t_m2c": [90.5481185913086, 4326.11767578125, 2999.07568359375], "obj_id": 3}, {"cam_R_m2c": [-0.6251986622810364, 0.7775686383247375, 0.06718212366104126, 0.7407652139663696, 0.5640895366668701, 0.3647874593734741, 0.2457505762577057, 0.2778308391571045, -0.9286637902259827], "cam_t_m2c": [-49.19717788696289, 2829.34765625, 2322.387939453125], "obj_id": 2}, {"cam_R_m2c": [-0.1308351457118988, 0.8221473097801208, 0.5540360808372498, 0.546936571598053, 0.5259603261947632, -0.6513264179229736, -0.8268872499465942, 0.21780619025230408, -0.5184765458106995], "cam_t_m2c": [56.19062423706055, 4246.79150390625, 3066.751220703125], "obj_id": 1}, {"cam_R_m2c": [-0.3356938362121582, 0.9403077960014343, 0.05595434829592705, -0.940083384513855, -0.3381882905960083, 0.04326605796813965, 0.05960651859641075, -0.03807760402560234, 0.9974954724311829], "cam_t_m2c": [258.7592468261719, 4654.35400390625, 3459.5869140625], "obj_id": 0}, {"cam_R_m2c": [0.4649273753166199, 0.7143638730049133, -0.5229978561401367, 0.33888351917266846, -0.6893287897109985, -0.6402997374534607, -0.8179244995117188, 0.12045752257108688, -0.5625739693641663], "cam_t_m2c": [18.828073501586914, 4335.60546875, 2927.54248046875], "obj_id": 0}, {"cam_R_m2c": [-0.6001922488212585, 0.45264214277267456, -0.6594575643539429, 0.649976909160614, 0.756506085395813, -0.07230878621339798, 0.46615365147590637, -0.4720313549041748, -0.7482560276985168], "cam_t_m2c": [22.74537467956543, 1400.28125, 1593.559814453125], "obj_id": 3}, {"cam_R_m2c": [-0.6316764950752258, 0.4352448880672455, -0.6415189504623413, -0.2926175892353058, -0.900168776512146, -0.3226003050804138, -0.7178854942321777, -0.016059327870607376, 0.6959758996963501], "cam_t_m2c": [22.74420928955078, 1437.632568359375, 1521.5255126953125], "obj_id": 2}, {"cam_R_m2c": [-0.2066599279642105, -0.8644862174987793, -0.45820850133895874, -0.4273502826690674, 0.5010388493537903, -0.7525501251220703, 0.8801495432853699, 0.04029349982738495, -0.4729830324649811], "cam_t_m2c": [-9.224876403808594, 1389.0106201171875, 1615.2960205078125], "obj_id": 3}, {"cam_R_m2c": [-0.032687459141016006, -0.9153441190719604, -0.401343435049057, 0.9080783128738403, 0.14055024087429047, -0.39451152086257935, 0.41752269864082336, -0.3773469030857086, 0.8266100287437439], "cam_t_m2c": [74.6706314086914, 1397.2391357421875, 1599.4267578125], "obj_id": 1}, {"cam_R_m2c": [-0.6273038983345032, -0.755433201789856, 0.1892368346452713, -0.10483268648386002, -0.15886951982975006, -0.9817181825637817, 0.7716864347457886, -0.6356738209724426, 0.020465342327952385], "cam_t_m2c": [-41.417720794677734, 1408.2066650390625, 1578.2750244140625], "obj_id": 3}, {"cam_R_m2c": [-0.8469277620315552, 0.42269235849380493, 0.322559654712677, -0.526944100856781, -0.7482770085334778, -0.40300318598747253, 0.07101759314537048, -0.5112854242324829, 0.8564716577529907], "cam_t_m2c": [24.677547454833984, 1368.937744140625, 1654.0079345703125], "obj_id": 2}, {"cam_R_m2c": [0.9145635962486267, 0.08825559169054031, -0.3946952521800995, -0.40385714173316956, 0.25175127387046814, -0.879500150680542, 0.021744191646575928, 0.9637593626976013, 0.26588520407676697], "cam_t_m2c": [-118.86589813232422, 4282.76904296875, 3078.493408203125], "obj_id": 2}, {"cam_R_m2c": [-0.13089275360107422, 0.8221572041511536, 0.554007887840271, 0.5469611287117004, 0.5259600877761841, -0.6513060331344604, -0.8268619775772095, 0.2177695482969284, -0.518532395362854], "cam_t_m2c": [14.272395133972168, 4246.98095703125, 3224.5146484375], "obj_id": 1}, {"cam_R_m2c": [0.9140079617500305, 0.11272089183330536, -0.38972222805023193, -0.4056461751461029, 0.23883530497550964, -0.8822746872901917, -0.006371411960572004, 0.9644954800605774, 0.26402220129966736], "cam_t_m2c": [-48.46931838989258, 4247.11962890625, 3063.673095703125], "obj_id": 2}, {"cam_R_m2c": [0.9055927991867065, -0.1662546992301941, -0.39020636677742004, -0.3139598071575165, 0.3558153808116913, -0.8802412748336792, 0.28518566489219666, 0.9196493029594421, 0.2700265645980835], "cam_t_m2c": [13.878783226013184, 4219.900390625, 3062.2900390625], "obj_id": 2}, {"cam_R_m2c": [0.7511762976646423, -0.6600948572158813, -0.002992704277858138, 0.40810853242874146, 0.4679742157459259, -0.7838670015335083, 0.5188271403312683, 0.5876009464263916, 0.6209214925765991], "cam_t_m2c": [18.4479923248291, -24.706558227539062, 856.8662719726562], "obj_id": 3}, {"cam_R_m2c": [-0.3647651970386505, -0.7058349847793579, -0.607242226600647, 0.7940026521682739, 0.10483488440513611, -0.598806619644165, 0.48631882667541504, -0.7005758285522461, 0.5221948623657227], "cam_t_m2c": [9.495079040527344, 3.0309860706329346, 803.3726196289062], "obj_id": 1}, {"cam_R_m2c": [0.49370643496513367, 0.7090518474578857, -0.5034871697425842, 0.7392005920410156, -0.037196721881628036, 0.672457218170166, 0.45807892084121704, -0.7041744589805603, -0.542495846748352], "cam_t_m2c": [-48.61815643310547, -24.471834182739258, 856.4136352539062], "obj_id": 2}, {"cam_R_m2c": [0.5667421221733093, -0.8198843598365784, 0.08119723945856094, 0.07636851817369461, -0.04585181921720505, -0.9960247874259949, 0.8203482031822205, 0.5706901550292969, 0.036627206951379776], "cam_t_m2c": [66.61288452148438, -15.967318534851074, 840.0120849609375], "obj_id": 3}, {"cam_R_m2c": [-0.8201382160186768, 0.33870619535446167, 0.46114128828048706, 0.08602407574653625, 0.8697908520698547, -0.48586389422416687, -0.565661609172821, -0.3588063418865204, -0.7424855828285217], "cam_t_m2c": [87.72496032714844, -22.215972900390625, 852.0630493164062], "obj_id": 0}, {"cam_R_m2c": [0.7838971018791199, 0.48277726769447327, -0.3904246389865875, -0.46746301651000977, 0.04505420848727226, -0.8828637599945068, -0.40863627195358276, 0.8745834827423096, 0.260998398065567], "cam_t_m2c": [-160.5747528076172, 4295.39990234375, 3057.037353515625], "obj_id": 2}, {"cam_R_m2c": [0.6387115716934204, 0.08790311217308044, -0.7644086480140686, 0.577362060546875, -0.7114530801773071, 0.4006088376045227, -0.5086261630058289, -0.6972140073776245, -0.5051652193069458], "cam_t_m2c": [-24.99334716796875, -25.788936614990234, 858.9537963867188], "obj_id": 0}, {"cam_R_m2c": [-0.007708752527832985, 0.480741024017334, -0.876828670501709, 0.8895264267921448, 0.4038722515106201, 0.21361158788204193, 0.4568186104297638, -0.7783156633377075, -0.4307451844215393], "cam_t_m2c": [28.309436798095703, 8.429181098937988, 792.9618530273438], "obj_id": 3}, {"cam_R_m2c": [0.6033490300178528, 0.6956831216812134, -0.3898651897907257, -0.45866647362709045, -0.09720306098461151, -0.8832759261131287, -0.6523763537406921, 0.7117417454719543, 0.2604392468929291], "cam_t_m2c": [-209.2349853515625, 4328.11181640625, 3095.126708984375], "obj_id": 2}, {"cam_R_m2c": [-0.1870260238647461, 0.9821829199790955, 0.01838253252208233, -0.9707891941070557, -0.18765471875667572, 0.14951275289058685, 0.15029844641685486, 0.010117216035723686, 0.9885889291763306], "cam_t_m2c": [34.942291259765625, 4222.3583984375, 3048.67333984375], "obj_id": 3}]
}