{
  "0": [{"cam_R_m2c": [0.6801847815513611, -0.7330041527748108, -0.007321578916162252, -0.2286994308233261, -0.20270906388759613, -0.9521583914756775, 0.6964519023895264, 0.6493180990219116, -0.3055172562599182], "cam_t_m2c": [143.89027404785156, -11.732514381408691, 1143.1474609375], "obj_id": 2}, {"cam_R_m2c": [-0.24291931092739105, -0.899735152721405, -0.36258387565612793, -0.4163358211517334, -0.2409011870622635, 0.8767161965370178, -0.8761591911315918, 0.36392784118652344, -0.316072553396225], "cam_t_m2c": [-32.616886138916016, -69.19014739990234, 1119.8514404296875], "obj_id": 2}, {"cam_R_m2c": [-0.7906904220581055, -0.6043086051940918, -0.09808072447776794, -0.4002968370914459, 0.631530225276947, -0.6640270948410034, 0.46321821212768555, -0.48577845096588135, -0.7412477135658264], "cam_t_m2c": [99.9347152709961, -30.416011810302734, 1024.7030029296875], "obj_id": 2}, {"cam_R_m2c": [-0.4812210500240326, -0.7818237543106079, -0.3964565396308899, 0.21816599369049072, -0.5448524355888367, 0.8096537590026855, -0.8490169048309326, 0.3031291663646698, 0.4327619671821594], "cam_t_m2c": [81.40859985351562, 12.27539348602295, 1058.947265625], "obj_id": 3}, {"cam_R_m2c": [0.6527470946311951, 0.010944432578980923, -0.7574968338012695, -0.3912775218486786, 0.8610765933990479, -0.3247291147708893, 0.6487088203430176, 0.5083574652671814, 0.5663475394248962], "cam_t_m2c": [-31.605989456176758, -62.7065315246582, 1136.7255859375], "obj_id": 3}, {"cam_R_m2c": [-0.7551236748695374, -0.38470953702926636, -0.5308358669281006, 0.648497462272644, -0.5570532083511353, -0.5187896490097046, -0.09612049162387848, -0.7359960675239563, 0.670127272605896], "cam_t_m2c": [65.992431640625, 38.201656341552734, 1057.868896484375], "obj_id": 2}, {"cam_R_m2c": [-0.327940434217453, -0.9296759963035583, 0.16780219972133636, 0.8950734734535217, -0.2489604353904724, 0.3699488341808319, -0.3021564185619354, 0.27151647210121155, 0.9137725830078125], "cam_t_m2c": [83.27271270751953, 41.820316314697266, 1048.210205078125], "obj_id": 2}, {"cam_R_m2c": [-0.957044243812561, -0.19775928556919098, -0.2120322287082672, 0.2405039519071579, -0.1330203413963318, -0.961490273475647, 0.16193903982639313, -0.9711832404136658, 0.17486818134784698], "cam_t_m2c": [124.60395812988281, -20.99748420715332, 1070.9140625], "obj_id": 2}, {"cam_R_m2c": [0.2395089715719223, -0.10547076165676117, -0.965148389339447, -0.31847530603408813, -0.9476138949394226, 0.02452252060174942, -0.9171743988990784, 0.3015025556087494, -0.2605518400669098], "cam_t_m2c": [0.9448400735855103, -42.51212692260742, 1133.036865234375], "obj_id": 3}, {"cam_R_m2c": [0.0656399056315422, 0.7034075856208801, -0.7077493071556091, 0.9978160262107849, -0.041024692356586456, 0.051768817007541656, 0.007379328366369009, -0.7096017599105835, -0.7045641541481018], "cam_t_m2c": [74.81730651855469, 49.56743240356445, 1034.4417724609375], "obj_id": 2}]
}