{
  "0": [{"cam_R_m2c": [-0.15415339171886444, -0.988023042678833, 0.006858486216515303, -0.9287792444229126, 0.1425352692604065, -0.3421297073364258, 0.3370544910430908, -0.059110503643751144, -0.9396275281906128], "cam_t_m2c": [-127.47167205810547, 16.170581817626953, 180.2100830078125], "obj_id": 1}, {"cam_R_m2c": [-0.15415339171886444, -0.988023042678833, 0.006858486216515303, -0.9287792444229126, 0.1425352692604065, -0.3421297073364258, 0.3370544910430908, -0.059110503643751144, -0.9396275281906128], "cam_t_m2c": [-127.47167205810547, 16.170581817626953, 180.2100830078125], "obj_id": 2}, {"cam_R_m2c": [-0.15415339171886444, -0.988023042678833, 0.006858486216515303, -0.9287792444229126, 0.1425352692604065, -0.3421297073364258, 0.3370544910430908, -0.059110503643751144, -0.9396275281906128], "cam_t_m2c": [-127.47167205810547, 16.170581817626953, 180.2100830078125], "obj_id": 3}, {"cam_R_m2c": [-0.15415339171886444, -0.988023042678833, 0.006858486216515303, -0.9287792444229126, 0.1425352692604065, -0.3421297073364258, 0.3370544910430908, -0.059110503643751144, -0.9396275281906128], "cam_t_m2c": [-127.47167205810547, 16.170581817626953, 180.2100830078125], "obj_id": 1}, {"cam_R_m2c": [-0.15415339171886444, -0.988023042678833, 0.006858486216515303, -0.9287792444229126, 0.1425352692604065, -0.3421297073364258, 0.3370544910430908, -0.059110503643751144, -0.9396275281906128], "cam_t_m2c": [-127.47167205810547, 16.170581817626953, 180.2100830078125], "obj_id": 3}, {"cam_R_m2c": [-0.15415339171886444, -0.988023042678833, 0.006858486216515303, -0.9287792444229126, 0.1425352692604065, -0.3421297073364258, 0.3370544910430908, -0.059110503643751144, -0.9396275281906128], "cam_t_m2c": [-127.47167205810547, 16.170581817626953, 180.2100830078125], "obj_id": 3}, {"cam_R_m2c": [-0.15415339171886444, -0.988023042678833, 0.006858486216515303, -0.9287792444229126, 0.1425352692604065, -0.3421297073364258, 0.3370544910430908, -0.059110503643751144, -0.9396275281906128], "cam_t_m2c": [-127.47167205810547, 16.170581817626953, 180.2100830078125], "obj_id": 1}, {"cam_R_m2c": [-0.15415339171886444, -0.988023042678833, 0.006858486216515303, -0.9287792444229126, 0.1425352692604065, -0.3421297073364258, 0.3370544910430908, -0.059110503643751144, -0.9396275281906128], "cam_t_m2c": [-127.47167205810547, 16.170581817626953, 180.2100830078125], "obj_id": 3}, {"cam_R_m2c": [-0.15415339171886444, -0.988023042678833, 0.006858486216515303, -0.9287792444229126, 0.1425352692604065, -0.3421297073364258, 0.3370544910430908, -0.059110503643751144, -0.9396275281906128], "cam_t_m2c": [-127.47167205810547, 16.170581817626953, 180.2100830078125], "obj_id": 3}, {"cam_R_m2c": [-0.15415339171886444, -0.988023042678833, 0.006858486216515303, -0.9287792444229126, 0.1425352692604065, -0.3421297073364258, 0.3370544910430908, -0.059110503643751144, -0.9396275281906128], "cam_t_m2c": [-127.47167205810547, 16.170581817626953, 180.2100830078125], "obj_id": 3}, {"cam_R_m2c": [-0.15415339171886444, -0.988023042678833, 0.006858486216515303, -0.9287792444229126, 0.1425352692604065, -0.3421297073364258, 0.3370544910430908, -0.059110503643751144, -0.9396275281906128], "cam_t_m2c": [-127.47167205810547, 16.170581817626953, 180.2100830078125], "obj_id": 1}, {"cam_R_m2c": [-0.15415339171886444, -0.988023042678833, 0.006858486216515303, -0.9287792444229126, 0.1425352692604065, -0.3421297073364258, 0.3370544910430908, -0.059110503643751144, -0.9396275281906128], "cam_t_m2c": [-127.47167205810547, 16.170581817626953, 180.2100830078125], "obj_id": 2}, {"cam_R_m2c": [-0.15415339171886444, -0.988023042678833, 0.006858486216515303, -0.9287792444229126, 0.1425352692604065, -0.3421297073364258, 0.3370544910430908, -0.059110503643751144, -0.9396275281906128], "cam_t_m2c": [-127.47167205810547, 16.170581817626953, 180.2100830078125], "obj_id": 1}, {"cam_R_m2c": [-0.15415339171886444, -0.988023042678833, 0.006858486216515303, -0.9287792444229126, 0.1425352692604065, -0.3421297073364258, 0.3370544910430908, -0.059110503643751144, -0.9396275281906128], "cam_t_m2c": [-127.47167205810547, 16.170581817626953, 180.2100830078125], "obj_id": 2}, {"cam_R_m2c": [-0.15415339171886444, -0.988023042678833, 0.006858486216515303, -0.9287792444229126, 0.1425352692604065, -0.3421297073364258, 0.3370544910430908, -0.059110503643751144, -0.9396275281906128], "cam_t_m2c": [-127.47167205810547, 16.170581817626953, 180.2100830078125], "obj_id": 3}, {"cam_R_m2c": [-0.15415339171886444, -0.988023042678833, 0.006858486216515303, -0.9287792444229126, 0.1425352692604065, -0.3421297073364258, 0.3370544910430908, -0.059110503643751144, -0.9396275281906128], "cam_t_m2c": [-127.47167205810547, 16.170581817626953, 180.2100830078125], "obj_id": 1}, {"cam_R_m2c": [-0.15415339171886444, -0.988023042678833, 0.006858486216515303, -0.9287792444229126, 0.1425352692604065, -0.3421297073364258, 0.3370544910430908, -0.059110503643751144, -0.9396275281906128], "cam_t_m2c": [-127.47167205810547, 16.170581817626953, 180.2100830078125], "obj_id": 1}, {"cam_R_m2c": [-0.15415339171886444, -0.988023042678833, 0.006858486216515303, -0.9287792444229126, 0.1425352692604065, -0.3421297073364258, 0.3370544910430908, -0.059110503643751144, -0.9396275281906128], "cam_t_m2c": [-127.47167205810547, 16.170581817626953, 180.2100830078125], "obj_id": 1}, {"cam_R_m2c": [-0.15415339171886444, -0.988023042678833, 0.006858486216515303, -0.9287792444229126, 0.1425352692604065, -0.3421297073364258, 0.3370544910430908, -0.059110503643751144, -0.9396275281906128], "cam_t_m2c": [-127.47167205810547, 16.170581817626953, 180.2100830078125], "obj_id": 1}, {"cam_R_m2c": [-0.15415339171886444, -0.988023042678833, 0.006858486216515303, -0.9287792444229126, 0.1425352692604065, -0.3421297073364258, 0.3370544910430908, -0.059110503643751144, -0.9396275281906128], "cam_t_m2c": [-127.47167205810547, 16.170581817626953, 180.2100830078125], "obj_id": 2}, {"cam_R_m2c": [-0.15415339171886444, -0.988023042678833, 0.006858486216515303, -0.9287792444229126, 0.1425352692604065, -0.3421297073364258, 0.3370544910430908, -0.059110503643751144, -0.9396275281906128], "cam_t_m2c": [-127.47167205810547, 16.170581817626953, 180.2100830078125], "obj_id": 1}, {"cam_R_m2c": [-0.15415339171886444, -0.988023042678833, 0.006858486216515303, -0.9287792444229126, 0.1425352692604065, -0.3421297073364258, 0.3370544910430908, -0.059110503643751144, -0.9396275281906128], "cam_t_m2c": [-127.47167205810547, 16.170581817626953, 180.2100830078125], "obj_id": 2}, {"cam_R_m2c": [-0.15415339171886444, -0.988023042678833, 0.006858486216515303, -0.9287792444229126, 0.1425352692604065, -0.3421297073364258, 0.3370544910430908, -0.059110503643751144, -0.9396275281906128], "cam_t_m2c": [-127.47167205810547, 16.170581817626953, 180.2100830078125], "obj_id": 3}, {"cam_R_m2c": [-0.15415339171886444, -0.988023042678833, 0.006858486216515303, -0.9287792444229126, 0.1425352692604065, -0.3421297073364258, 0.3370544910430908, -0.059110503643751144, -0.9396275281906128], "cam_t_m2c": [-127.47167205810547, 16.170581817626953, 180.2100830078125], "obj_id": 1}, {"cam_R_m2c": [-0.2196570634841919, -0.9371565580368042, 0.27108755707740784, -0.7116894125938416, -0.03612833842635155, -0.7015646696090698, 0.6672698855400085, -0.3470337390899658, -0.6590285301208496], "cam_t_m2c": [-354.3121032714844, 2710.68310546875, 7670.0048828125], "obj_id": 0}, {"cam_R_m2c": [0.5362010598182678, -0.03886646404862404, -0.8431949615478516, -0.11431636661291122, 0.986392080783844, -0.1181626170873642, 0.8363134264945984, 0.15974991023540497, 0.5244614481925964], "cam_t_m2c": [-173.18443298339844, 201.80068969726562, 85.87737274169922], "obj_id": 3}, {"cam_R_m2c": [0.1844533085823059, 0.07369929552078247, 0.9800741672515869, 0.3516889214515686, 0.9262089133262634, -0.13583780825138092, -0.9177646040916443, 0.3697369694709778, 0.14492307603359222], "cam_t_m2c": [-91.54899597167969, -105.19229888916016, 193.17054748535156], "obj_id": 3}, {"cam_R_m2c": [0.05147911235690117, -0.8584518432617188, 0.5103040337562561, -0.71162348985672, 0.3269742727279663, 0.6218358278274536, -0.700672447681427, -0.3951559066772461, -0.5940621495246887], "cam_t_m2c": [19.248764038085938, 80.80901336669922, 127.09906768798828], "obj_id": 1}, {"cam_R_m2c": [-0.6909533143043518, 0.49815574288368225, 0.5238552093505859, -0.16354236006736755, -0.8135887980461121, 0.5579668283462524, 0.7041571736335754, 0.2998565435409546, 0.643621563911438], "cam_t_m2c": [-275.6559143066406, -92.16253662109375, 246.12171936035156], "obj_id": 1}, {"cam_R_m2c": [0.23354420065879822, -0.17256775498390198, 0.9569103717803955, 0.10717780888080597, -0.9735597372055054, -0.20172816514968872, 0.9664212465286255, 0.1496720016002655, -0.20887374877929688], "cam_t_m2c": [-217.46864318847656, 2595.851318359375, 7707.81640625], "obj_id": 0}, {"cam_R_m2c": [0.8246006965637207, 0.5651361346244812, 0.02559087425470352, -0.13196852803230286, 0.148175448179245, 0.9801164865493774, 0.5501073002815247, -0.8115819096565247, 0.1967657506465912], "cam_t_m2c": [75.03679656982422, 163.50062561035156, 90.46074676513672], "obj_id": 0}, {"cam_R_m2c": [0.4005247950553894, 0.04596374183893204, 0.9151323437690735, 0.25411102175712585, 0.9539940357208252, -0.15913206338882446, -0.8803451061248779, 0.2962815761566162, 0.37041836977005005], "cam_t_m2c": [5.032348155975342, -31.204505920410156, 168.47360229492188], "obj_id": 3}],
  "1": [{"cam_R_m2c": [-0.0528557114303112, -0.7978619337081909, 0.6005184054374695, -0.5520570874214172, -0.47776246070861816, -0.6833562254905701, 0.832129180431366, -0.36763983964920044, -0.4152127504348755], "cam_t_m2c": [-109.59798431396484, -59.42503356933594, 140.63768005371094], "obj_id": 1}, {"cam_R_m2c": [-0.0528557114303112, -0.7978619337081909, 0.6005184054374695, -0.5520570874214172, -0.47776246070861816, -0.6833562254905701, 0.832129180431366, -0.36763983964920044, -0.4152127504348755], "cam_t_m2c": [-109.59798431396484, -59.42503356933594, 140.63768005371094], "obj_id": 2}, {"cam_R_m2c": [-0.0528557114303112, -0.7978619337081909, 0.6005184054374695, -0.5520570874214172, -0.47776246070861816, -0.6833562254905701, 0.832129180431366, -0.36763983964920044, -0.4152127504348755], "cam_t_m2c": [-109.59798431396484, -59.42503356933594, 140.63768005371094], "obj_id": 3}, {"cam_R_m2c": [-0.0528557114303112, -0.7978619337081909, 0.6005184054374695, -0.5520570874214172, -0.47776246070861816, -0.6833562254905701, 0.832129180431366, -0.36763983964920044, -0.4152127504348755], "cam_t_m2c": [-109.59798431396484, -59.42503356933594, 140.63768005371094], "obj_id": 1}, {"cam_R_m2c": [-0.0528557114303112, -0.7978619337081909, 0.6005184054374695, -0.5520570874214172, -0.47776246070861816, -0.6833562254905701, 0.832129180431366, -0.36763983964920044, -0.4152127504348755], "cam_t_m2c": [-109.59798431396484, -59.42503356933594, 140.63768005371094], "obj_id": 3}, {"cam_R_m2c": [-0.0528557114303112, -0.7978619337081909, 0.6005184054374695, -0.5520570874214172, -0.47776246070861816, -0.6833562254905701, 0.832129180431366, -0.36763983964920044, -0.4152127504348755], "cam_t_m2c": [-109.59798431396484, -59.42503356933594, 140.63768005371094], "obj_id": 3}, {"cam_R_m2c": [-0.0528557114303112, -0.7978619337081909, 0.6005184054374695, -0.5520570874214172, -0.47776246070861816, -0.6833562254905701, 0.832129180431366, -0.36763983964920044, -0.4152127504348755], "cam_t_m2c": [-109.59798431396484, -59.42503356933594, 140.63768005371094], "obj_id": 1}, {"cam_R_m2c": [-0.0528557114303112, -0.7978619337081909, 0.6005184054374695, -0.5520570874214172, -0.47776246070861816, -0.6833562254905701, 0.832129180431366, -0.36763983964920044, -0.4152127504348755], "cam_t_m2c": [-109.59798431396484, -59.42503356933594, 140.63768005371094], "obj_id": 3}, {"cam_R_m2c": [-0.0528557114303112, -0.7978619337081909, 0.6005184054374695, -0.5520570874214172, -0.47776246070861816, -0.6833562254905701, 0.832129180431366, -0.36763983964920044, -0.4152127504348755], "cam_t_m2c": [-109.59798431396484, -59.42503356933594, 140.63768005371094], "obj_id": 3}, {"cam_R_m2c": [-0.0528557114303112, -0.7978619337081909, 0.6005184054374695, -0.5520570874214172, -0.47776246070861816, -0.6833562254905701, 0.832129180431366, -0.36763983964920044, -0.4152127504348755], "cam_t_m2c": [-109.59798431396484, -59.42503356933594, 140.63768005371094], "obj_id": 3}, {"cam_R_m2c": [-0.0528557114303112, -0.7978619337081909, 0.6005184054374695, -0.5520570874214172, -0.47776246070861816, -0.6833562254905701, 0.832129180431366, -0.36763983964920044, -0.4152127504348755], "cam_t_m2c": [-109.59798431396484, -59.42503356933594, 140.63768005371094], "obj_id": 1}, {"cam_R_m2c": [-0.0528557114303112, -0.7978619337081909, 0.6005184054374695, -0.5520570874214172, -0.47776246070861816, -0.6833562254905701, 0.832129180431366, -0.36763983964920044, -0.4152127504348755], "cam_t_m2c": [-109.59798431396484, -59.42503356933594, 140.63768005371094], "obj_id": 2}, {"cam_R_m2c": [-0.0528557114303112, -0.7978619337081909, 0.6005184054374695, -0.5520570874214172, -0.47776246070861816, -0.6833562254905701, 0.832129180431366, -0.36763983964920044, -0.4152127504348755], "cam_t_m2c": [-109.59798431396484, -59.42503356933594, 140.63768005371094], "obj_id": 1}, {"cam_R_m2c": [-0.0528557114303112, -0.7978619337081909, 0.6005184054374695, -0.5520570874214172, -0.47776246070861816, -0.6833562254905701, 0.832129180431366, -0.36763983964920044, -0.4152127504348755], "cam_t_m2c": [-109.59798431396484, -59.42503356933594, 140.63768005371094], "obj_id": 2}, {"cam_R_m2c": [-0.0528557114303112, -0.7978619337081909, 0.6005184054374695, -0.5520570874214172, -0.47776246070861816, -0.6833562254905701, 0.832129180431366, -0.36763983964920044, -0.4152127504348755], "cam_t_m2c": [-109.59798431396484, -59.42503356933594, 140.63768005371094], "obj_id": 3}, {"cam_R_m2c": [-0.0528557114303112, -0.7978619337081909, 0.6005184054374695, -0.5520570874214172, -0.47776246070861816, -0.6833562254905701, 0.832129180431366, -0.36763983964920044, -0.4152127504348755], "cam_t_m2c": [-109.59798431396484, -59.42503356933594, 140.63768005371094], "obj_id": 1}, {"cam_R_m2c": [-0.0528557114303112, -0.7978619337081909, 0.6005184054374695, -0.5520570874214172, -0.47776246070861816, -0.6833562254905701, 0.832129180431366, -0.36763983964920044, -0.4152127504348755], "cam_t_m2c": [-109.59798431396484, -59.42503356933594, 140.63768005371094], "obj_id": 1}, {"cam_R_m2c": [-0.0528557114303112, -0.7978619337081909, 0.6005184054374695, -0.5520570874214172, -0.47776246070861816, -0.6833562254905701, 0.832129180431366, -0.36763983964920044, -0.4152127504348755], "cam_t_m2c": [-109.59798431396484, -59.42503356933594, 140.63768005371094], "obj_id": 1}, {"cam_R_m2c": [-0.0528557114303112, -0.7978619337081909, 0.6005184054374695, -0.5520570874214172, -0.47776246070861816, -0.6833562254905701, 0.832129180431366, -0.36763983964920044, -0.4152127504348755], "cam_t_m2c": [-109.59798431396484, -59.42503356933594, 140.63768005371094], "obj_id": 1}, {"cam_R_m2c": [-0.0528557114303112, -0.7978619337081909, 0.6005184054374695, -0.5520570874214172, -0.47776246070861816, -0.6833562254905701, 0.832129180431366, -0.36763983964920044, -0.4152127504348755], "cam_t_m2c": [-109.59798431396484, -59.42503356933594, 140.63768005371094], "obj_id": 2}, {"cam_R_m2c": [-0.0528557114303112, -0.7978619337081909, 0.6005184054374695, -0.5520570874214172, -0.47776246070861816, -0.6833562254905701, 0.832129180431366, -0.36763983964920044, -0.4152127504348755], "cam_t_m2c": [-109.59798431396484, -59.42503356933594, 140.63768005371094], "obj_id": 1}, {"cam_R_m2c": [-0.0528557114303112, -0.7978619337081909, 0.6005184054374695, -0.5520570874214172, -0.47776246070861816, -0.6833562254905701, 0.832129180431366, -0.36763983964920044, -0.4152127504348755], "cam_t_m2c": [-109.59798431396484, -59.42503356933594, 140.63768005371094], "obj_id": 2}, {"cam_R_m2c": [-0.0528557114303112, -0.7978619337081909, 0.6005184054374695, -0.5520570874214172, -0.47776246070861816, -0.6833562254905701, 0.832129180431366, -0.36763983964920044, -0.4152127504348755], "cam_t_m2c": [-109.59798431396484, -59.42503356933594, 140.63768005371094], "obj_id": 3}, {"cam_R_m2c": [-0.0528557114303112, -0.7978619337081909, 0.6005184054374695, -0.5520570874214172, -0.47776246070861816, -0.6833562254905701, 0.832129180431366, -0.36763983964920044, -0.4152127504348755], "cam_t_m2c": [-109.59798431396484, -59.42503356933594, 140.63768005371094], "obj_id": 1}, {"cam_R_m2c": [-0.3405674695968628, -0.5548695921897888, 0.7590345740318298, -0.2810501456260681, -0.7103052735328674, -0.6453505158424377, 0.8972316384315491, -0.43311214447021484, 0.08596068620681763], "cam_t_m2c": [-5025.3740234375, 5270.3828125, 3432.625732421875], "obj_id": 0}, {"cam_R_m2c": [0.012784872204065323, -0.3829803466796875, -0.9236679673194885, 0.6236703991889954, 0.725095272064209, -0.2920137345790863, 0.7815828323364258, -0.5723310708999634, 0.24812377989292145], "cam_t_m2c": [-145.8704833984375, -4.423158168792725, -62.10832977294922], "obj_id": 3}, {"cam_R_m2c": [0.5436096787452698, -0.3889341652393341, 0.7437867522239685, -0.10394278168678284, 0.8481423854827881, 0.519471287727356, -0.8328772187232971, -0.35970085859298706, 0.4206314980983734], "cam_t_m2c": [-54.99348831176758, -115.64016723632812, 240.86526489257812], "obj_id": 3}, {"cam_R_m2c": [0.6082149147987366, -0.5641888380050659, 0.5583597421646118, -0.7936655282974243, -0.4437858760356903, 0.41611185669898987, 0.013026515021920204, -0.696236252784729, -0.7176944017410278], "cam_t_m2c": [18.81436538696289, 39.764652252197266, 93.7604751586914], "obj_id": 1}, {"cam_R_m2c": [-0.8856533169746399, 0.45815131068229675, -0.07559986412525177, -0.15167351067066193, -0.1315496861934662, 0.9796375036239624, 0.4388771057128906, 0.8790858387947083, 0.18599696457386017], "cam_t_m2c": [-234.22811889648438, -182.86862182617188, 225.89022827148438], "obj_id": 1}, {"cam_R_m2c": [-0.35893353819847107, 0.04473070427775383, 0.9322904944419861, 0.6697429418563843, -0.6833540797233582, 0.2906392514705658, 0.6500852108001709, 0.7287153005599976, 0.215320885181427], "cam_t_m2c": [-4905.0322265625, 5286.38720703125, 3569.021728515625], "obj_id": 0}, {"cam_R_m2c": [0.40153372287750244, 0.8465414047241211, -0.3494829535484314, 0.6324220299720764, 0.019717149436473846, 0.7743730545043945, 0.6624296307563782, -0.5319576263427734, -0.5274543166160583], "cam_t_m2c": [60.74126052856445, 108.94338989257812, 24.847414016723633], "obj_id": 0}, {"cam_R_m2c": [0.7229289412498474, -0.37935030460357666, 0.5774661302566528, -0.03265231102705002, 0.8160980939865112, 0.5769902467727661, -0.6901503801345825, -0.4359785318374634, 0.5775942206382751], "cam_t_m2c": [15.554559707641602, -24.047121047973633, 195.635009765625], "obj_id": 3}]
}