{
  "0": [{"cam_R_m2c": [-0.6566735506057739, -0.7376285791397095, 0.15711022913455963, -0.49180868268013, 0.26089972257614136, -0.8306957483291626, 0.5717549324035645, -0.6227642297744751, -0.5340979695320129], "cam_t_m2c": [-48.84208679199219, 49.7855110168457, 366.80743408203125], "obj_id": 3}, {"cam_R_m2c": [-0.6566735506057739, -0.7376285791397095, 0.15711022913455963, -0.49180868268013, 0.26089972257614136, -0.8306957483291626, 0.5717549324035645, -0.6227642297744751, -0.5340979695320129], "cam_t_m2c": [-48.84208679199219, 49.7855110168457, 366.80743408203125], "obj_id": 1}, {"cam_R_m2c": [-0.6566735506057739, -0.7376285791397095, 0.15711022913455963, -0.49180868268013, 0.26089972257614136, -0.8306957483291626, 0.5717549324035645, -0.6227642297744751, -0.5340979695320129], "cam_t_m2c": [-48.84208679199219, 49.7855110168457, 366.80743408203125], "obj_id": 3}, {"cam_R_m2c": [-0.6566735506057739, -0.7376285791397095, 0.15711022913455963, -0.49180868268013, 0.26089972257614136, -0.8306957483291626, 0.5717549324035645, -0.6227642297744751, -0.5340979695320129], "cam_t_m2c": [-48.84208679199219, 49.7855110168457, 366.80743408203125], "obj_id": 0}, {"cam_R_m2c": [-0.6566735506057739, -0.7376285791397095, 0.15711022913455963, -0.49180868268013, 0.26089972257614136, -0.8306957483291626, 0.5717549324035645, -0.6227642297744751, -0.5340979695320129], "cam_t_m2c": [-48.84208679199219, 49.7855110168457, 366.80743408203125], "obj_id": 3}, {"cam_R_m2c": [-0.6566735506057739, -0.7376285791397095, 0.15711022913455963, -0.49180868268013, 0.26089972257614136, -0.8306957483291626, 0.5717549324035645, -0.6227642297744751, -0.5340979695320129], "cam_t_m2c": [-48.84208679199219, 49.7855110168457, 366.80743408203125], "obj_id": 0}, {"cam_R_m2c": [-0.6566735506057739, -0.7376285791397095, 0.15711022913455963, -0.49180868268013, 0.26089972257614136, -0.8306957483291626, 0.5717549324035645, -0.6227642297744751, -0.5340979695320129], "cam_t_m2c": [-48.84208679199219, 49.7855110168457, 366.80743408203125], "obj_id": 3}, {"cam_R_m2c": [-0.6566735506057739, -0.7376285791397095, 0.15711022913455963, -0.49180868268013, 0.26089972257614136, -0.8306957483291626, 0.5717549324035645, -0.6227642297744751, -0.5340979695320129], "cam_t_m2c": [-48.84208679199219, 49.7855110168457, 366.80743408203125], "obj_id": 2}, {"cam_R_m2c": [-0.6566735506057739, -0.7376285791397095, 0.15711022913455963, -0.49180868268013, 0.26089972257614136, -0.8306957483291626, 0.5717549324035645, -0.6227642297744751, -0.5340979695320129], "cam_t_m2c": [-48.84208679199219, 49.7855110168457, 366.80743408203125], "obj_id": 0}, {"cam_R_m2c": [-0.6566735506057739, -0.7376285791397095, 0.15711022913455963, -0.49180868268013, 0.26089972257614136, -0.8306957483291626, 0.5717549324035645, -0.6227642297744751, -0.5340979695320129], "cam_t_m2c": [-48.84208679199219, 49.7855110168457, 366.80743408203125], "obj_id": 0}, {"cam_R_m2c": [-0.6566735506057739, -0.7376285791397095, 0.15711022913455963, -0.49180868268013, 0.26089972257614136, -0.8306957483291626, 0.5717549324035645, -0.6227642297744751, -0.5340979695320129], "cam_t_m2c": [-48.84208679199219, 49.7855110168457, 366.80743408203125], "obj_id": 0}, {"cam_R_m2c": [-0.6566735506057739, -0.7376285791397095, 0.15711022913455963, -0.49180868268013, 0.26089972257614136, -0.8306957483291626, 0.5717549324035645, -0.6227642297744751, -0.5340979695320129], "cam_t_m2c": [-48.84208679199219, 49.7855110168457, 366.80743408203125], "obj_id": 1}, {"cam_R_m2c": [0.8333789110183716, -0.4415466785430908, 0.33243972063064575, 0.09583485126495361, 0.7078110575675964, 0.6998708844184875, -0.5443301796913147, -0.5513982772827148, 0.6321903467178345], "cam_t_m2c": [-14.243891716003418, -24.100452423095703, 445.4739685058594], "obj_id": 1}, {"cam_R_m2c": [-0.19039671123027802, -0.801092803478241, -0.5674499869346619, -0.961891770362854, 0.03668162599205971, 0.27095887064933777, -0.19624818861484528, 0.5974151492118835, -0.777548611164093], "cam_t_m2c": [-59.08012008666992, -144.24346923828125, 605.4612426757812], "obj_id": 2}, {"cam_R_m2c": [-0.1359996646642685, -0.7435762286186218, 0.6546742916107178, 0.8120313882827759, -0.4622250199317932, -0.35630473494529724, 0.5675466060638428, 0.48315873742103577, 0.6666696667671204], "cam_t_m2c": [-73.4129638671875, -1.7698802947998047, 426.4042053222656], "obj_id": 3}, {"cam_R_m2c": [-0.9234423041343689, -0.3819436728954315, 0.037055693566799164, -0.14367564022541046, 0.2545905113220215, -0.9563162922859192, 0.3558249771595001, -0.8884270191192627, -0.2899755537509918], "cam_t_m2c": [-331.2000427246094, -13.367217063903809, 267.0404052734375], "obj_id": 4}],
  "1": [{"cam_R_m2c": [-0.9427019953727722, -0.333632230758667, 0.0015227063558995724, -0.13726507127285004, 0.38368454575538635, -0.9132055640220642, 0.30409058928489685, -0.861089825630188, -0.4074961841106415], "cam_t_m2c": [-4.577826976776123, 53.006866455078125, 412.8714599609375], "obj_id": 3}, {"cam_R_m2c": [-0.9427019953727722, -0.333632230758667, 0.0015227063558995724, -0.13726507127285004, 0.38368454575538635, -0.9132055640220642, 0.30409058928489685, -0.861089825630188, -0.4074961841106415], "cam_t_m2c": [-4.577826976776123, 53.006866455078125, 412.8714599609375], "obj_id": 1}, {"cam_R_m2c": [-0.9427019953727722, -0.333632230758667, 0.0015227063558995724, -0.13726507127285004, 0.38368454575538635, -0.9132055640220642, 0.30409058928489685, -0.861089825630188, -0.4074961841106415], "cam_t_m2c": [-4.577826976776123, 53.006866455078125, 412.8714599609375], "obj_id": 3}, {"cam_R_m2c": [-0.9427019953727722, -0.333632230758667, 0.0015227063558995724, -0.13726507127285004, 0.38368454575538635, -0.9132055640220642, 0.30409058928489685, -0.861089825630188, -0.4074961841106415], "cam_t_m2c": [-4.577826976776123, 53.006866455078125, 412.8714599609375], "obj_id": 0}, {"cam_R_m2c": [-0.9427019953727722, -0.333632230758667, 0.0015227063558995724, -0.13726507127285004, 0.38368454575538635, -0.9132055640220642, 0.30409058928489685, -0.861089825630188, -0.4074961841106415], "cam_t_m2c": [-4.577826976776123, 53.006866455078125, 412.8714599609375], "obj_id": 3}, {"cam_R_m2c": [-0.9427019953727722, -0.333632230758667, 0.0015227063558995724, -0.13726507127285004, 0.38368454575538635, -0.9132055640220642, 0.30409058928489685, -0.861089825630188, -0.4074961841106415], "cam_t_m2c": [-4.577826976776123, 53.006866455078125, 412.8714599609375], "obj_id": 0}, {"cam_R_m2c": [-0.9427019953727722, -0.333632230758667, 0.0015227063558995724, -0.13726507127285004, 0.38368454575538635, -0.9132055640220642, 0.30409058928489685, -0.861089825630188, -0.4074961841106415], "cam_t_m2c": [-4.577826976776123, 53.006866455078125, 412.8714599609375], "obj_id": 3}, {"cam_R_m2c": [-0.9427019953727722, -0.333632230758667, 0.0015227063558995724, -0.13726507127285004, 0.38368454575538635, -0.9132055640220642, 0.30409058928489685, -0.861089825630188, -0.4074961841106415], "cam_t_m2c": [-4.577826976776123, 53.006866455078125, 412.8714599609375], "obj_id": 2}, {"cam_R_m2c": [-0.9427019953727722, -0.333632230758667, 0.0015227063558995724, -0.13726507127285004, 0.38368454575538635, -0.9132055640220642, 0.30409058928489685, -0.861089825630188, -0.4074961841106415], "cam_t_m2c": [-4.577826976776123, 53.006866455078125, 412.8714599609375], "obj_id": 0}, {"cam_R_m2c": [-0.9427019953727722, -0.333632230758667, 0.0015227063558995724, -0.13726507127285004, 0.38368454575538635, -0.9132055640220642, 0.30409058928489685, -0.861089825630188, -0.4074961841106415], "cam_t_m2c": [-4.577826976776123, 53.006866455078125, 412.8714599609375], "obj_id": 0}, {"cam_R_m2c": [-0.9427019953727722, -0.333632230758667, 0.0015227063558995724, -0.13726507127285004, 0.38368454575538635, -0.9132055640220642, 0.30409058928489685, -0.861089825630188, -0.4074961841106415], "cam_t_m2c": [-4.577826976776123, 53.006866455078125, 412.8714599609375], "obj_id": 0}, {"cam_R_m2c": [-0.9427019953727722, -0.333632230758667, 0.0015227063558995724, -0.13726507127285004, 0.38368454575538635, -0.9132055640220642, 0.30409058928489685, -0.861089825630188, -0.4074961841106415], "cam_t_m2c": [-4.577826976776123, 53.006866455078125, 412.8714599609375], "obj_id": 1}, {"cam_R_m2c": [0.9378970265388489, 0.06663096696138382, 0.34045475721359253, -0.28425320982933044, 0.7101840376853943, 0.6440797448158264, -0.19886986911296844, -0.7008558511734009, 0.6850195527076721], "cam_t_m2c": [-28.487913131713867, -13.666010856628418, 501.3453369140625], "obj_id": 1}, {"cam_R_m2c": [-0.4606221616268158, -0.8778471350669861, -0.13119332492351532, -0.8602946996688843, 0.4051726162433624, 0.30939969420433044, -0.2184496819972992, 0.2553812563419342, -0.9418387413024902], "cam_t_m2c": [-165.5016326904297, -82.61447143554688, 637.4111328125], "obj_id": 2}, {"cam_R_m2c": [-0.001365244504995644, -0.9773857593536377, 0.21145939826965332, 0.8945145010948181, -0.09572391211986542, -0.4366699457168579, 0.4470367729663849, 0.18855731189250946, 0.8744165301322937], "cam_t_m2c": [-64.97895050048828, 23.6705322265625, 460.8771057128906], "obj_id": 3}, {"cam_R_m2c": [-0.9712020754814148, 0.06001269072294235, -0.23057538270950317, 0.23813070356845856, 0.21295921504497528, -0.9475980997085571, -0.007764760870486498, -0.9752163290977478, -0.2211172729730606], "cam_t_m2c": [-239.502197265625, 72.49432373046875, 217.68309020996094], "obj_id": 4}],
  "2": [{"cam_R_m2c": [-0.9427019953727722, -0.333632230758667, 0.0015227063558995724, -0.13726507127285004, 0.38368454575538635, -0.9132055640220642, 0.30409058928489685, -0.861089825630188, -0.4074961841106415], "cam_t_m2c": [-4.577826976776123, 53.006866455078125, 412.8714599609375], "obj_id": 3}, {"cam_R_m2c": [-0.9427019953727722, -0.333632230758667, 0.0015227063558995724, -0.13726507127285004, 0.38368454575538635, -0.9132055640220642, 0.30409058928489685, -0.861089825630188, -0.4074961841106415], "cam_t_m2c": [-4.577826976776123, 53.006866455078125, 412.8714599609375], "obj_id": 1}, {"cam_R_m2c": [-0.9427019953727722, -0.333632230758667, 0.0015227063558995724, -0.13726507127285004, 0.38368454575538635, -0.9132055640220642, 0.30409058928489685, -0.861089825630188, -0.4074961841106415], "cam_t_m2c": [-4.577826976776123, 53.006866455078125, 412.8714599609375], "obj_id": 3}, {"cam_R_m2c": [-0.9427019953727722, -0.333632230758667, 0.0015227063558995724, -0.13726507127285004, 0.38368454575538635, -0.9132055640220642, 0.30409058928489685, -0.861089825630188, -0.4074961841106415], "cam_t_m2c": [-4.577826976776123, 53.006866455078125, 412.8714599609375], "obj_id": 0}, {"cam_R_m2c": [-0.9427019953727722, -0.333632230758667, 0.0015227063558995724, -0.13726507127285004, 0.38368454575538635, -0.9132055640220642, 0.30409058928489685, -0.861089825630188, -0.4074961841106415], "cam_t_m2c": [-4.577826976776123, 53.006866455078125, 412.8714599609375], "obj_id": 3}, {"cam_R_m2c": [-0.9427019953727722, -0.333632230758667, 0.0015227063558995724, -0.13726507127285004, 0.38368454575538635, -0.9132055640220642, 0.30409058928489685, -0.861089825630188, -0.4074961841106415], "cam_t_m2c": [-4.577826976776123, 53.006866455078125, 412.8714599609375], "obj_id": 0}, {"cam_R_m2c": [-0.9427019953727722, -0.333632230758667, 0.0015227063558995724, -0.13726507127285004, 0.38368454575538635, -0.9132055640220642, 0.30409058928489685, -0.861089825630188, -0.4074961841106415], "cam_t_m2c": [-4.577826976776123, 53.006866455078125, 412.8714599609375], "obj_id": 3}, {"cam_R_m2c": [-0.9427019953727722, -0.333632230758667, 0.0015227063558995724, -0.13726507127285004, 0.38368454575538635, -0.9132055640220642, 0.30409058928489685, -0.861089825630188, -0.4074961841106415], "cam_t_m2c": [-4.577826976776123, 53.006866455078125, 412.8714599609375], "obj_id": 2}, {"cam_R_m2c": [-0.9427019953727722, -0.333632230758667, 0.0015227063558995724, -0.13726507127285004, 0.38368454575538635, -0.9132055640220642, 0.30409058928489685, -0.861089825630188, -0.4074961841106415], "cam_t_m2c": [-4.577826976776123, 53.006866455078125, 412.8714599609375], "obj_id": 0}, {"cam_R_m2c": [-0.9427019953727722, -0.333632230758667, 0.0015227063558995724, -0.13726507127285004, 0.38368454575538635, -0.9132055640220642, 0.30409058928489685, -0.861089825630188, -0.4074961841106415], "cam_t_m2c": [-4.577826976776123, 53.006866455078125, 412.8714599609375], "obj_id": 0}, {"cam_R_m2c": [-0.9427019953727722, -0.333632230758667, 0.0015227063558995724, -0.13726507127285004, 0.38368454575538635, -0.9132055640220642, 0.30409058928489685, -0.861089825630188, -0.4074961841106415], "cam_t_m2c": [-4.577826976776123, 53.006866455078125, 412.8714599609375], "obj_id": 0}, {"cam_R_m2c": [-0.9427019953727722, -0.333632230758667, 0.0015227063558995724, -0.13726507127285004, 0.38368454575538635, -0.9132055640220642, 0.30409058928489685, -0.861089825630188, -0.4074961841106415], "cam_t_m2c": [-4.577826976776123, 53.006866455078125, 412.8714599609375], "obj_id": 1}, {"cam_R_m2c": [0.9378970265388489, 0.06663096696138382, 0.34045475721359253, -0.28425320982933044, 0.7101840376853943, 0.6440797448158264, -0.19886986911296844, -0.7008558511734009, 0.6850195527076721], "cam_t_m2c": [-28.487913131713867, -13.666010856628418, 501.3453369140625], "obj_id": 1}, {"cam_R_m2c": [-0.4606221616268158, -0.8778471350669861, -0.13119332492351532, -0.8602946996688843, 0.4051726162433624, 0.30939969420433044, -0.2184496819972992, 0.2553812563419342, -0.9418387413024902], "cam_t_m2c": [-165.5016326904297, -82.61447143554688, 637.4111328125], "obj_id": 2}, {"cam_R_m2c": [-0.001365244504995644, -0.9773857593536377, 0.21145939826965332, 0.8945145010948181, -0.09572391211986542, -0.4366699457168579, 0.4470367729663849, 0.18855731189250946, 0.8744165301322937], "cam_t_m2c": [-64.97895050048828, 23.6705322265625, 460.8771057128906], "obj_id": 3}, {"cam_R_m2c": [-0.9712020754814148, 0.06001269072294235, -0.23057538270950317, 0.23813070356845856, 0.21295921504497528, -0.9475980997085571, -0.007764760870486498, -0.9752163290977478, -0.2211172729730606], "cam_t_m2c": [-239.502197265625, 72.49432373046875, 217.68309020996094], "obj_id": 4}],
  "3": [{"cam_R_m2c": [-0.8791003227233887, 0.4752121865749359, -0.03682013601064682, 0.352022260427475, 0.5952425599098206, -0.7223341464996338, -0.32134509086608887, -0.6479657888412476, -0.6905631422996521], "cam_t_m2c": [67.18305969238281, 57.032169342041016, 404.81622314453125], "obj_id": 3}, {"cam_R_m2c": [-0.8791003227233887, 0.4752121865749359, -0.03682013601064682, 0.352022260427475, 0.5952425599098206, -0.7223341464996338, -0.32134509086608887, -0.6479657888412476, -0.6905631422996521], "cam_t_m2c": [67.18305969238281, 57.032169342041016, 404.81622314453125], "obj_id": 1}, {"cam_R_m2c": [-0.8791003227233887, 0.4752121865749359, -0.03682013601064682, 0.352022260427475, 0.5952425599098206, -0.7223341464996338, -0.32134509086608887, -0.6479657888412476, -0.6905631422996521], "cam_t_m2c": [67.18305969238281, 57.032169342041016, 404.81622314453125], "obj_id": 3}, {"cam_R_m2c": [-0.8791003227233887, 0.4752121865749359, -0.03682013601064682, 0.352022260427475, 0.5952425599098206, -0.7223341464996338, -0.32134509086608887, -0.6479657888412476, -0.6905631422996521], "cam_t_m2c": [67.18305969238281, 57.032169342041016, 404.81622314453125], "obj_id": 0}, {"cam_R_m2c": [-0.8791003227233887, 0.4752121865749359, -0.03682013601064682, 0.352022260427475, 0.5952425599098206, -0.7223341464996338, -0.32134509086608887, -0.6479657888412476, -0.6905631422996521], "cam_t_m2c": [67.18305969238281, 57.032169342041016, 404.81622314453125], "obj_id": 3}, {"cam_R_m2c": [-0.8791003227233887, 0.4752121865749359, -0.03682013601064682, 0.352022260427475, 0.5952425599098206, -0.7223341464996338, -0.32134509086608887, -0.6479657888412476, -0.6905631422996521], "cam_t_m2c": [67.18305969238281, 57.032169342041016, 404.81622314453125], "obj_id": 0}, {"cam_R_m2c": [-0.8791003227233887, 0.4752121865749359, -0.03682013601064682, 0.352022260427475, 0.5952425599098206, -0.7223341464996338, -0.32134509086608887, -0.6479657888412476, -0.6905631422996521], "cam_t_m2c": [67.18305969238281, 57.032169342041016, 404.81622314453125], "obj_id": 3}, {"cam_R_m2c": [-0.8791003227233887, 0.4752121865749359, -0.03682013601064682, 0.352022260427475, 0.5952425599098206, -0.7223341464996338, -0.32134509086608887, -0.6479657888412476, -0.6905631422996521], "cam_t_m2c": [67.18305969238281, 57.032169342041016, 404.81622314453125], "obj_id": 2}, {"cam_R_m2c": [-0.8791003227233887, 0.4752121865749359, -0.03682013601064682, 0.352022260427475, 0.5952425599098206, -0.7223341464996338, -0.32134509086608887, -0.6479657888412476, -0.6905631422996521], "cam_t_m2c": [67.18305969238281, 57.032169342041016, 404.81622314453125], "obj_id": 0}, {"cam_R_m2c": [-0.8791003227233887, 0.4752121865749359, -0.03682013601064682, 0.352022260427475, 0.5952425599098206, -0.7223341464996338, -0.32134509086608887, -0.6479657888412476, -0.6905631422996521], "cam_t_m2c": [67.18305969238281, 57.032169342041016, 404.81622314453125], "obj_id": 0}, {"cam_R_m2c": [-0.8791003227233887, 0.4752121865749359, -0.03682013601064682, 0.352022260427475, 0.5952425599098206, -0.7223341464996338, -0.32134509086608887, -0.6479657888412476, -0.6905631422996521], "cam_t_m2c": [67.18305969238281, 57.032169342041016, 404.81622314453125], "obj_id": 0}, {"cam_R_m2c": [-0.8791003227233887, 0.4752121865749359, -0.03682013601064682, 0.352022260427475, 0.5952425599098206, -0.7223341464996338, -0.32134509086608887, -0.6479657888412476, -0.6905631422996521], "cam_t_m2c": [67.18305969238281, 57.032169342041016, 404.81622314453125], "obj_id": 1}, {"cam_R_m2c": [0.6643807888031006, 0.7473493218421936, -0.008193871937692165, -0.715115487575531, 0.6388362050056458, 0.2837218642234802, 0.21727389097213745, -0.18263977766036987, 0.958871603012085], "cam_t_m2c": [-29.811033248901367, 3.9209649562835693, 429.6343994140625], "obj_id": 1}, {"cam_R_m2c": [-0.453763484954834, -0.6208186745643616, 0.6392830014228821, -0.45326924324035645, 0.7784509658813477, 0.43423619866371155, -0.7672324180603027, -0.09272679686546326, -0.6346306204795837], "cam_t_m2c": [-234.84814453125, 3.7280991077423096, 430.1841125488281], "obj_id": 2}, {"cam_R_m2c": [0.004476873204112053, -0.8119314312934875, -0.5837355852127075, 0.7021600008010864, 0.4181833863258362, -0.5762758851051331, 0.7120050191879272, -0.40729594230651855, 0.571977972984314], "cam_t_m2c": [-14.925610542297363, 59.16775894165039, 396.6267395019531], "obj_id": 3}, {"cam_R_m2c": [-0.5655319690704346, 0.7570313215255737, -0.32722675800323486, 0.7170593738555908, 0.25533050298690796, -0.6485617160797119, -0.407430499792099, -0.6014233231544495, -0.6872339844703674], "cam_t_m2c": [45.43523406982422, 219.96607971191406, 146.6548614501953], "obj_id": 4}],
  "4": [{"cam_R_m2c": [-0.8791003227233887, 0.4752121865749359, -0.03682013601064682, 0.352022260427475, 0.5952425599098206, -0.7223341464996338, -0.32134509086608887, -0.6479657888412476, -0.6905631422996521], "cam_t_m2c": [67.18305969238281, 57.032169342041016, 404.81622314453125], "obj_id": 3}, {"cam_R_m2c": [-0.8791003227233887, 0.4752121865749359, -0.03682013601064682, 0.352022260427475, 0.5952425599098206, -0.7223341464996338, -0.32134509086608887, -0.6479657888412476, -0.6905631422996521], "cam_t_m2c": [67.18305969238281, 57.032169342041016, 404.81622314453125], "obj_id": 1}, {"cam_R_m2c": [-0.8791003227233887, 0.4752121865749359, -0.03682013601064682, 0.352022260427475, 0.5952425599098206, -0.7223341464996338, -0.32134509086608887, -0.6479657888412476, -0.6905631422996521], "cam_t_m2c": [67.18305969238281, 57.032169342041016, 404.81622314453125], "obj_id": 3}, {"cam_R_m2c": [-0.8791003227233887, 0.4752121865749359, -0.03682013601064682, 0.352022260427475, 0.5952425599098206, -0.7223341464996338, -0.32134509086608887, -0.6479657888412476, -0.6905631422996521], "cam_t_m2c": [67.18305969238281, 57.032169342041016, 404.81622314453125], "obj_id": 0}, {"cam_R_m2c": [-0.8791003227233887, 0.4752121865749359, -0.03682013601064682, 0.352022260427475, 0.5952425599098206, -0.7223341464996338, -0.32134509086608887, -0.6479657888412476, -0.6905631422996521], "cam_t_m2c": [67.18305969238281, 57.032169342041016, 404.81622314453125], "obj_id": 3}, {"cam_R_m2c": [-0.8791003227233887, 0.4752121865749359, -0.03682013601064682, 0.352022260427475, 0.5952425599098206, -0.7223341464996338, -0.32134509086608887, -0.6479657888412476, -0.6905631422996521], "cam_t_m2c": [67.18305969238281, 57.032169342041016, 404.81622314453125], "obj_id": 0}, {"cam_R_m2c": [-0.8791003227233887, 0.4752121865749359, -0.03682013601064682, 0.352022260427475, 0.5952425599098206, -0.7223341464996338, -0.32134509086608887, -0.6479657888412476, -0.6905631422996521], "cam_t_m2c": [67.18305969238281, 57.032169342041016, 404.81622314453125], "obj_id": 3}, {"cam_R_m2c": [-0.8791003227233887, 0.4752121865749359, -0.03682013601064682, 0.352022260427475, 0.5952425599098206, -0.7223341464996338, -0.32134509086608887, -0.6479657888412476, -0.6905631422996521], "cam_t_m2c": [67.18305969238281, 57.032169342041016, 404.81622314453125], "obj_id": 2}, {"cam_R_m2c": [-0.8791003227233887, 0.4752121865749359, -0.03682013601064682, 0.352022260427475, 0.5952425599098206, -0.7223341464996338, -0.32134509086608887, -0.6479657888412476, -0.6905631422996521], "cam_t_m2c": [67.18305969238281, 57.032169342041016, 404.81622314453125], "obj_id": 0}, {"cam_R_m2c": [-0.8791003227233887, 0.4752121865749359, -0.03682013601064682, 0.352022260427475, 0.5952425599098206, -0.7223341464996338, -0.32134509086608887, -0.6479657888412476, -0.6905631422996521], "cam_t_m2c": [67.18305969238281, 57.032169342041016, 404.81622314453125], "obj_id": 0}, {"cam_R_m2c": [-0.8791003227233887, 0.4752121865749359, -0.03682013601064682, 0.352022260427475, 0.5952425599098206, -0.7223341464996338, -0.32134509086608887, -0.6479657888412476, -0.6905631422996521], "cam_t_m2c": [67.18305969238281, 57.032169342041016, 404.81622314453125], "obj_id": 0}, {"cam_R_m2c": [-0.8791003227233887, 0.4752121865749359, -0.03682013601064682, 0.352022260427475, 0.5952425599098206, -0.7223341464996338, -0.32134509086608887, -0.6479657888412476, -0.6905631422996521], "cam_t_m2c": [67.18305969238281, 57.032169342041016, 404.81622314453125], "obj_id": 1}, {"cam_R_m2c": [0.6643807888031006, 0.7473493218421936, -0.008193871937692165, -0.715115487575531, 0.6388362050056458, 0.2837218642234802, 0.21727389097213745, -0.18263977766036987, 0.958871603012085], "cam_t_m2c": [-29.811033248901367, 3.9209649562835693, 429.6343994140625], "obj_id": 1}, {"cam_R_m2c": [-0.453763484954834, -0.6208186745643616, 0.6392830014228821, -0.45326924324035645, 0.7784509658813477, 0.43423619866371155, -0.7672324180603027, -0.09272679686546326, -0.6346306204795837], "cam_t_m2c": [-234.84814453125, 3.7280991077423096, 430.1841125488281], "obj_id": 2}, {"cam_R_m2c": [0.004476873204112053, -0.8119314312934875, -0.5837355852127075, 0.7021600008010864, 0.4181833863258362, -0.5762758851051331, 0.7120050191879272, -0.40729594230651855, 0.571977972984314], "cam_t_m2c": [-14.925610542297363, 59.16775894165039, 396.6267395019531], "obj_id": 3}, {"cam_R_m2c": [-0.5655319690704346, 0.7570313215255737, -0.32722675800323486, 0.7170593738555908, 0.25533050298690796, -0.6485617160797119, -0.407430499792099, -0.6014233231544495, -0.6872339844703674], "cam_t_m2c": [45.43523406982422, 219.96607971191406, 146.6548614501953], "obj_id": 4}],
  "5": [{"cam_R_m2c": [-0.3033581078052521, -0.9311086535453796, -0.20251093804836273, -0.2674524188041687, 0.2871837317943573, -0.9197797179222107, 0.9145726561546326, -0.2248605340719223, -0.3361468017101288], "cam_t_m2c": [88.91079711914062, -68.90547943115234, 668.5830688476562], "obj_id": 3}, {"cam_R_m2c": [-0.3033581078052521, -0.9311086535453796, -0.20251093804836273, -0.2674524188041687, 0.2871837317943573, -0.9197797179222107, 0.9145726561546326, -0.2248605340719223, -0.3361468017101288], "cam_t_m2c": [88.91079711914062, -68.90547943115234, 668.5830688476562], "obj_id": 0}, {"cam_R_m2c": [-0.3033581078052521, -0.9311086535453796, -0.20251093804836273, -0.2674524188041687, 0.2871837317943573, -0.9197797179222107, 0.9145726561546326, -0.2248605340719223, -0.3361468017101288], "cam_t_m2c": [88.91079711914062, -68.90547943115234, 668.5830688476562], "obj_id": 3}, {"cam_R_m2c": [-0.3033581078052521, -0.9311086535453796, -0.20251093804836273, -0.2674524188041687, 0.2871837317943573, -0.9197797179222107, 0.9145726561546326, -0.2248605340719223, -0.3361468017101288], "cam_t_m2c": [88.91079711914062, -68.90547943115234, 668.5830688476562], "obj_id": 0}, {"cam_R_m2c": [-0.3033581078052521, -0.9311086535453796, -0.20251093804836273, -0.2674524188041687, 0.2871837317943573, -0.9197797179222107, 0.9145726561546326, -0.2248605340719223, -0.3361468017101288], "cam_t_m2c": [88.91079711914062, -68.90547943115234, 668.5830688476562], "obj_id": 1}, {"cam_R_m2c": [-0.3033581078052521, -0.9311086535453796, -0.20251093804836273, -0.2674524188041687, 0.2871837317943573, -0.9197797179222107, 0.9145726561546326, -0.2248605340719223, -0.3361468017101288], "cam_t_m2c": [88.91079711914062, -68.90547943115234, 668.5830688476562], "obj_id": 3}, {"cam_R_m2c": [-0.3033581078052521, -0.9311086535453796, -0.20251093804836273, -0.2674524188041687, 0.2871837317943573, -0.9197797179222107, 0.9145726561546326, -0.2248605340719223, -0.3361468017101288], "cam_t_m2c": [88.91079711914062, -68.90547943115234, 668.5830688476562], "obj_id": 2}, {"cam_R_m2c": [-0.3033581078052521, -0.9311086535453796, -0.20251093804836273, -0.2674524188041687, 0.2871837317943573, -0.9197797179222107, 0.9145726561546326, -0.2248605340719223, -0.3361468017101288], "cam_t_m2c": [88.91079711914062, -68.90547943115234, 668.5830688476562], "obj_id": 0}, {"cam_R_m2c": [-0.3033581078052521, -0.9311086535453796, -0.20251093804836273, -0.2674524188041687, 0.2871837317943573, -0.9197797179222107, 0.9145726561546326, -0.2248605340719223, -0.3361468017101288], "cam_t_m2c": [88.91079711914062, -68.90547943115234, 668.5830688476562], "obj_id": 1}, {"cam_R_m2c": [-0.3033581078052521, -0.9311086535453796, -0.20251093804836273, -0.2674524188041687, 0.2871837317943573, -0.9197797179222107, 0.9145726561546326, -0.2248605340719223, -0.3361468017101288], "cam_t_m2c": [88.91079711914062, -68.90547943115234, 668.5830688476562], "obj_id": 2}, {"cam_R_m2c": [-0.3033581078052521, -0.9311086535453796, -0.20251093804836273, -0.2674524188041687, 0.2871837317943573, -0.9197797179222107, 0.9145726561546326, -0.2248605340719223, -0.3361468017101288], "cam_t_m2c": [88.91079711914062, -68.90547943115234, 668.5830688476562], "obj_id": 0}, {"cam_R_m2c": [-0.3033581078052521, -0.9311086535453796, -0.20251093804836273, -0.2674524188041687, 0.2871837317943573, -0.9197797179222107, 0.9145726561546326, -0.2248605340719223, -0.3361468017101288], "cam_t_m2c": [88.91079711914062, -68.90547943115234, 668.5830688476562], "obj_id": 0}, {"cam_R_m2c": [0.18322618305683136, -0.8294702768325806, 0.5276429653167725, 0.963229238986969, 0.044186756014823914, -0.2650223970413208, 0.19651339948177338, 0.5568001866340637, 0.8070662617683411], "cam_t_m2c": [-108.14852142333984, -4.75066614151001, 633.1094360351562], "obj_id": 1}, {"cam_R_m2c": [-0.18604010343551636, -0.32499992847442627, -0.9272347092628479, -0.9780489802360535, 0.15140452980995178, 0.14316745102405548, 0.09385816007852554, 0.9335157871246338, -0.3460331857204437], "cam_t_m2c": [188.4025421142578, -77.74037170410156, 537.3067016601562], "obj_id": 2}, {"cam_R_m2c": [-0.15511825680732727, 0.9839929342269897, 0.0877281054854393, -0.9182335138320923, -0.11085424572229385, -0.3802086114883423, -0.3643975555896759, -0.1395321786403656, 0.9207307696342468], "cam_t_m2c": [454.9691162109375, -46.40552520751953, 467.33001708984375], "obj_id": 3}, {"cam_R_m2c": [0.7348049879074097, -0.5982030630111694, 0.3197104334831238, -0.22800083458423615, 0.22608567774295807, 0.9470484852790833, -0.6388092637062073, -0.7687901854515076, 0.02973809279501438], "cam_t_m2c": [199.2742462158203, -174.58009338378906, 860.0009765625], "obj_id": 4}],
  "6": [{"cam_R_m2c": [-0.3033581078052521, -0.9311086535453796, -0.20251093804836273, -0.2674524188041687, 0.2871837317943573, -0.9197797179222107, 0.9145726561546326, -0.2248605340719223, -0.3361468017101288], "cam_t_m2c": [88.91079711914062, -68.90547943115234, 668.5830688476562], "obj_id": 3}, {"cam_R_m2c": [-0.3033581078052521, -0.9311086535453796, -0.20251093804836273, -0.2674524188041687, 0.2871837317943573, -0.9197797179222107, 0.9145726561546326, -0.2248605340719223, -0.3361468017101288], "cam_t_m2c": [88.91079711914062, -68.90547943115234, 668.5830688476562], "obj_id": 0}, {"cam_R_m2c": [-0.3033581078052521, -0.9311086535453796, -0.20251093804836273, -0.2674524188041687, 0.2871837317943573, -0.9197797179222107, 0.9145726561546326, -0.2248605340719223, -0.3361468017101288], "cam_t_m2c": [88.91079711914062, -68.90547943115234, 668.5830688476562], "obj_id": 3}, {"cam_R_m2c": [-0.3033581078052521, -0.9311086535453796, -0.20251093804836273, -0.2674524188041687, 0.2871837317943573, -0.9197797179222107, 0.9145726561546326, -0.2248605340719223, -0.3361468017101288], "cam_t_m2c": [88.91079711914062, -68.90547943115234, 668.5830688476562], "obj_id": 0}, {"cam_R_m2c": [-0.3033581078052521, -0.9311086535453796, -0.20251093804836273, -0.2674524188041687, 0.2871837317943573, -0.9197797179222107, 0.9145726561546326, -0.2248605340719223, -0.3361468017101288], "cam_t_m2c": [88.91079711914062, -68.90547943115234, 668.5830688476562], "obj_id": 1}, {"cam_R_m2c": [-0.3033581078052521, -0.9311086535453796, -0.20251093804836273, -0.2674524188041687, 0.2871837317943573, -0.9197797179222107, 0.9145726561546326, -0.2248605340719223, -0.3361468017101288], "cam_t_m2c": [88.91079711914062, -68.90547943115234, 668.5830688476562], "obj_id": 3}, {"cam_R_m2c": [-0.3033581078052521, -0.9311086535453796, -0.20251093804836273, -0.2674524188041687, 0.2871837317943573, -0.9197797179222107, 0.9145726561546326, -0.2248605340719223, -0.3361468017101288], "cam_t_m2c": [88.91079711914062, -68.90547943115234, 668.5830688476562], "obj_id": 2}, {"cam_R_m2c": [-0.3033581078052521, -0.9311086535453796, -0.20251093804836273, -0.2674524188041687, 0.2871837317943573, -0.9197797179222107, 0.9145726561546326, -0.2248605340719223, -0.3361468017101288], "cam_t_m2c": [88.91079711914062, -68.90547943115234, 668.5830688476562], "obj_id": 0}, {"cam_R_m2c": [-0.3033581078052521, -0.9311086535453796, -0.20251093804836273, -0.2674524188041687, 0.2871837317943573, -0.9197797179222107, 0.9145726561546326, -0.2248605340719223, -0.3361468017101288], "cam_t_m2c": [88.91079711914062, -68.90547943115234, 668.5830688476562], "obj_id": 1}, {"cam_R_m2c": [-0.3033581078052521, -0.9311086535453796, -0.20251093804836273, -0.2674524188041687, 0.2871837317943573, -0.9197797179222107, 0.9145726561546326, -0.2248605340719223, -0.3361468017101288], "cam_t_m2c": [88.91079711914062, -68.90547943115234, 668.5830688476562], "obj_id": 2}, {"cam_R_m2c": [-0.3033581078052521, -0.9311086535453796, -0.20251093804836273, -0.2674524188041687, 0.2871837317943573, -0.9197797179222107, 0.9145726561546326, -0.2248605340719223, -0.3361468017101288], "cam_t_m2c": [88.91079711914062, -68.90547943115234, 668.5830688476562], "obj_id": 0}, {"cam_R_m2c": [-0.3033581078052521, -0.9311086535453796, -0.20251093804836273, -0.2674524188041687, 0.2871837317943573, -0.9197797179222107, 0.9145726561546326, -0.2248605340719223, -0.3361468017101288], "cam_t_m2c": [88.91079711914062, -68.90547943115234, 668.5830688476562], "obj_id": 0}, {"cam_R_m2c": [0.18322618305683136, -0.8294702768325806, 0.5276429653167725, 0.963229238986969, 0.044186756014823914, -0.2650223970413208, 0.19651339948177338, 0.5568001866340637, 0.8070662617683411], "cam_t_m2c": [-108.14852142333984, -4.75066614151001, 633.1094360351562], "obj_id": 1}, {"cam_R_m2c": [-0.18604010343551636, -0.32499992847442627, -0.9272347092628479, -0.9780489802360535, 0.15140452980995178, 0.14316745102405548, 0.09385816007852554, 0.9335157871246338, -0.3460331857204437], "cam_t_m2c": [188.4025421142578, -77.74037170410156, 537.3067016601562], "obj_id": 2}, {"cam_R_m2c": [-0.15511825680732727, 0.9839929342269897, 0.0877281054854393, -0.9182335138320923, -0.11085424572229385, -0.3802086114883423, -0.3643975555896759, -0.1395321786403656, 0.9207307696342468], "cam_t_m2c": [454.9691162109375, -46.40552520751953, 467.33001708984375], "obj_id": 3}, {"cam_R_m2c": [0.7348049879074097, -0.5982030630111694, 0.3197104334831238, -0.22800083458423615, 0.22608567774295807, 0.9470484852790833, -0.6388092637062073, -0.7687901854515076, 0.02973809279501438], "cam_t_m2c": [199.2742462158203, -174.58009338378906, 860.0009765625], "obj_id": 4}],
  "7": [{"cam_R_m2c": [0.9818075299263, -0.1486959010362625, 0.11808271706104279, 0.014234460890293121, -0.5624958872795105, -0.8266775608062744, 0.1893446147441864, 0.8133190870285034, -0.5501460433006287], "cam_t_m2c": [159.9396514892578, 90.92851257324219, 316.9510803222656], "obj_id": 3}, {"cam_R_m2c": [0.9818075299263, -0.1486959010362625, 0.11808271706104279, 0.014234460890293121, -0.5624958872795105, -0.8266775608062744, 0.1893446147441864, 0.8133190870285034, -0.5501460433006287], "cam_t_m2c": [159.9396514892578, 90.92851257324219, 316.9510803222656], "obj_id": 0}, {"cam_R_m2c": [0.9818075299263, -0.1486959010362625, 0.11808271706104279, 0.014234460890293121, -0.5624958872795105, -0.8266775608062744, 0.1893446147441864, 0.8133190870285034, -0.5501460433006287], "cam_t_m2c": [159.9396514892578, 90.92851257324219, 316.9510803222656], "obj_id": 3}, {"cam_R_m2c": [0.9818075299263, -0.1486959010362625, 0.11808271706104279, 0.014234460890293121, -0.5624958872795105, -0.8266775608062744, 0.1893446147441864, 0.8133190870285034, -0.5501460433006287], "cam_t_m2c": [159.9396514892578, 90.92851257324219, 316.9510803222656], "obj_id": 0}, {"cam_R_m2c": [0.9818075299263, -0.1486959010362625, 0.11808271706104279, 0.014234460890293121, -0.5624958872795105, -0.8266775608062744, 0.1893446147441864, 0.8133190870285034, -0.5501460433006287], "cam_t_m2c": [159.9396514892578, 90.92851257324219, 316.9510803222656], "obj_id": 1}, {"cam_R_m2c": [0.9818075299263, -0.1486959010362625, 0.11808271706104279, 0.014234460890293121, -0.5624958872795105, -0.8266775608062744, 0.1893446147441864, 0.8133190870285034, -0.5501460433006287], "cam_t_m2c": [159.9396514892578, 90.92851257324219, 316.9510803222656], "obj_id": 3}, {"cam_R_m2c": [0.9818075299263, -0.1486959010362625, 0.11808271706104279, 0.014234460890293121, -0.5624958872795105, -0.8266775608062744, 0.1893446147441864, 0.8133190870285034, -0.5501460433006287], "cam_t_m2c": [159.9396514892578, 90.92851257324219, 316.9510803222656], "obj_id": 2}, {"cam_R_m2c": [0.9818075299263, -0.1486959010362625, 0.11808271706104279, 0.014234460890293121, -0.5624958872795105, -0.8266775608062744, 0.1893446147441864, 0.8133190870285034, -0.5501460433006287], "cam_t_m2c": [159.9396514892578, 90.92851257324219, 316.9510803222656], "obj_id": 0}, {"cam_R_m2c": [0.9818075299263, -0.1486959010362625, 0.11808271706104279, 0.014234460890293121, -0.5624958872795105, -0.8266775608062744, 0.1893446147441864, 0.8133190870285034, -0.5501460433006287], "cam_t_m2c": [159.9396514892578, 90.92851257324219, 316.9510803222656], "obj_id": 1}, {"cam_R_m2c": [0.9818075299263, -0.1486959010362625, 0.11808271706104279, 0.014234460890293121, -0.5624958872795105, -0.8266775608062744, 0.1893446147441864, 0.8133190870285034, -0.5501460433006287], "cam_t_m2c": [159.9396514892578, 90.92851257324219, 316.9510803222656], "obj_id": 2}, {"cam_R_m2c": [0.9818075299263, -0.1486959010362625, 0.11808271706104279, 0.014234460890293121, -0.5624958872795105, -0.8266775608062744, 0.1893446147441864, 0.8133190870285034, -0.5501460433006287], "cam_t_m2c": [159.9396514892578, 90.92851257324219, 316.9510803222656], "obj_id": 0}, {"cam_R_m2c": [0.9818075299263, -0.1486959010362625, 0.11808271706104279, 0.014234460890293121, -0.5624958872795105, -0.8266775608062744, 0.1893446147441864, 0.8133190870285034, -0.5501460433006287], "cam_t_m2c": [159.9396514892578, 90.92851257324219, 316.9510803222656], "obj_id": 0}, {"cam_R_m2c": [-0.2570388913154602, 0.6302390694618225, 0.7326180338859558, 0.7810039520263672, -0.3110188841819763, 0.5415713787078857, 0.5691777467727661, 0.7113827466964722, -0.4122750163078308], "cam_t_m2c": [137.8759765625, -21.05250358581543, 493.5298156738281], "obj_id": 1}, {"cam_R_m2c": [0.5226068496704102, 0.8293007016181946, -0.1978444904088974, -0.6705573797225952, 0.25650253891944885, -0.6961029171943665, -0.5265309810638428, 0.4964542090892792, 0.6901437044143677], "cam_t_m2c": [28.303482055664062, 99.21337127685547, 217.8883514404297], "obj_id": 2}, {"cam_R_m2c": [0.0835651159286499, -0.2589011788368225, 0.962282121181488, -0.8049978613853455, 0.5516449213027954, 0.21832595765590668, -0.5873628854751587, -0.7928795218467712, -0.16231660544872284], "cam_t_m2c": [-95.92430877685547, 271.73876953125, 39.7344856262207], "obj_id": 3}, {"cam_R_m2c": [-0.6099318861961365, -0.6694387197494507, -0.4240693747997284, 0.10239773243665695, -0.5972267389297485, 0.7955091595649719, -0.7858102321624756, 0.441782683134079, 0.4328167140483856], "cam_t_m2c": [354.1315612792969, 183.7476348876953, 200.06605529785156], "obj_id": 4}],
