{
  "0": [{"cam_R_m2c": [0.9766244888305664, -0.2076840102672577, 0.055424951016902924, 0.16794757544994354, 0.5763287544250488, -0.7997742295265198, 0.13415732979774475, 0.7903875708580017, 0.5977367758750916], "cam_t_m2c": [-202.9588165283203, 83.94110107421875, 1035.1588134765625], "obj_id": 3}, {"cam_R_m2c": [-0.16018110513687134, -0.26073402166366577, 0.9520292282104492, -0.7573294043540955, -0.5861226320266724, -0.2879449427127838, 0.6330829858779907, -0.7671231627464294, -0.10357572138309479], "cam_t_m2c": [-449.4654846191406, 46.03461837768555, 869.9739379882812], "obj_id": 3}, {"cam_R_m2c": [0.6409788727760315, 0.5396848917007446, -0.5457895994186401, 0.36431699991226196, 0.4119555950164795, 0.8352039456367493, 0.6755880117416382, -0.7341884970664978, 0.06743845343589783], "cam_t_m2c": [-373.3839416503906, 222.2949676513672, 785.7014770507812], "obj_id": 3}, {"cam_R_m2c": [-0.7932320833206177, -0.15078110992908478, 0.5899556875228882, -0.47657549381256104, -0.44933661818504333, -0.7556270360946655, 0.3790230453014374, -0.8805461525917053, 0.28456977009773254], "cam_t_m2c": [-448.84124755859375, 6.278325080871582, 914.1185302734375], "obj_id": 3}, {"cam_R_m2c": [-0.18082787096500397, 0.08325769007205963, -0.9799844026565552, 0.33833247423171997, -0.9303320646286011, -0.1414688229560852, -0.9234892725944519, -0.35714206099510193, 0.1400611698627472], "cam_t_m2c": [-438.5240173339844, -31.668081283569336, 1054.2977294921875], "obj_id": 3}, {"cam_R_m2c": [0.2373526394367218, 0.34970954060554504, -0.9062929153442383, 0.6189192533493042, -0.773522675037384, -0.13638664782047272, -0.7487339973449707, -0.5285504460334778, -0.4000394940376282], "cam_t_m2c": [-298.7243957519531, 192.4957275390625, 1126.862060546875], "obj_id": 3}, {"cam_R_m2c": [0.2785443663597107, 0.5711944699287415, 0.7721073627471924, 0.7690803408622742, -0.6141806840896606, 0.17691029608249664, 0.5752637386322021, 0.5445352792739868, -0.610370934009552], "cam_t_m2c": [-205.65077209472656, 256.52471923828125, 1086.685302734375], "obj_id": 3}, {"cam_R_m2c": [-0.27466487884521484, 0.6066500544548035, -0.7460126876831055, 0.5855954885482788, 0.7209086418151855, 0.3706327974796295, 0.7626513838768005, -0.33506184816360474, -0.5532597899436951], "cam_t_m2c": [-178.1763153076172, 109.2343521118164, 1059.09228515625], "obj_id": 3}, {"cam_R_m2c": [-0.8688167929649353, 0.4206777811050415, 0.26112696528434753, -0.19591735303401947, -0.7764277458190918, 0.5989792346954346, 0.4547235071659088, 0.46924397349357605, 0.7569918036460876], "cam_t_m2c": [-460.5089111328125, -19.400836944580078, 834.4528198242188], "obj_id": 3}, {"cam_R_m2c": [-0.7838354110717773, -0.6019428968429565, 0.15253371000289917, -0.596750795841217, 0.6622565984725952, -0.4531055986881256, 0.1717272400856018, -0.446184903383255, -0.8783100247383118], "cam_t_m2c": [-427.3268737792969, 106.26073455810547, 898.6836547851562], "obj_id": 3}, {"cam_R_m2c": [-0.7174326181411743, 0.15383018553256989, -0.6794310808181763, 0.4657515287399292, -0.6193633675575256, -0.6320319175720215, -0.5180403590202332, -0.7698864340782166, 0.37270495295524597], "cam_t_m2c": [-357.2502136230469, 380.2646179199219, 939.6639404296875], "obj_id": 3}, {"cam_R_m2c": [0.582452118396759, 0.7740854024887085, 0.2480752170085907, 0.788934588432312, -0.611842155456543, 0.056843701750040054, 0.1957847774028778, 0.1626064032316208, -0.967071533203125], "cam_t_m2c": [-294.9213562011719, 221.69921875, 1073.8541259765625], "obj_id": 3}, {"cam_R_m2c": [0.27013954520225525, 0.8468871116638184, 0.45804649591445923, -0.47407266497612, -0.29707443714141846, 0.8288555145263672, 0.8380211591720581, -0.4410538971424103, 0.32123470306396484], "cam_t_m2c": [-112.8382797241211, 213.75564575195312, 1116.915283203125], "obj_id": 3}, {"cam_R_m2c": [-0.5856673121452332, 0.7373801469802856, -0.3365470767021179, 0.6899495720863342, 0.6714338660240173, 0.2704552114009857, 0.42539742588996887, -0.07380372285842896, -0.9019920229911804], "cam_t_m2c": [-75.2024154663086, 145.10891723632812, 1113.5858154296875], "obj_id": 3}, {"cam_R_m2c": [0.8994215130805969, -0.03532750904560089, 0.4356522858142853, -0.3171229362487793, 0.6331785321235657, 0.7060580253601074, -0.300788938999176, -0.7731990814208984, 0.5582912564277649], "cam_t_m2c": [-326.23529052734375, 319.802490234375, 1006.3593139648438], "obj_id": 3}, {"cam_R_m2c": [-0.47181931138038635, -0.6436294913291931, 0.6026005744934082, -0.6962884068489075, -0.14728538691997528, -0.7024879455566406, 0.5408962965011597, -0.7510312795639038, -0.37865957617759705], "cam_t_m2c": [-429.5548400878906, 248.07962036132812, 1105.798583984375], "obj_id": 3}, {"cam_R_m2c": [0.11696770787239075, 0.9464356899261475, 0.30096155405044556, -0.7300822138786316, -0.12349741905927658, 0.6721072196960449, 0.6732743382453918, -0.2983414828777313, 0.6765308380126953], "cam_t_m2c": [-318.76318359375, 92.10884094238281, 767.2994995117188], "obj_id": 3}, {"cam_R_m2c": [-0.9537662863731384, -0.2009856402873993, 0.22346073389053345, -0.1139574646949768, 0.9298239350318909, 0.3499159514904022, -0.278107225894928, 0.30827298760414124, -0.9097385406494141], "cam_t_m2c": [-165.6095428466797, 222.50674438476562, 1019.6876220703125], "obj_id": 3}, {"cam_R_m2c": [0.2862652540206909, -0.33141326904296875, 0.8990091681480408, -0.6004008650779724, 0.6691721081733704, 0.4378669857978821, -0.7467067837715149, -0.6651120185852051, -0.007420092821121216], "cam_t_m2c": [-443.2654113769531, 97.90776062011719, 738.6768798828125], "obj_id": 3}, {"cam_R_m2c": [-0.8229137659072876, 0.14955370128154755, -0.5481301546096802, 0.5467618107795715, -0.053858038038015366, -0.8355542421340942, -0.1544814258813858, -0.9872856736183167, -0.03744975104928017], "cam_t_m2c": [-163.3663330078125, 111.25139617919922, 741.6638793945312], "obj_id": 3}, {"cam_R_m2c": [-0.6153892874717712, 0.6686729192733765, -0.41733986139297485, 0.7530138492584229, 0.655211865901947, -0.060560330748558044, 0.23295097053050995, -0.35153087973594666, -0.9067302942276001], "cam_t_m2c": [-436.3245544433594, -111.6921615600586, 933.6951293945312], "obj_id": 3}, {"cam_R_m2c": [-0.46071338653564453, 0.859366238117218, 0.22188493609428406, 0.30732277035713196, 0.3889932930469513, -0.868468165397644, -0.8326439261436462, -0.33192458748817444, -0.4433172643184662], "cam_t_m2c": [-221.9235382080078, 235.33221435546875, 814.6704711914062], "obj_id": 3}, {"cam_R_m2c": [-0.6619622111320496, 0.6899937391281128, 0.292770653963089, -0.7494661808013916, -0.6146956086158752, -0.24586546421051025, 0.010319185443222523, -0.38217535614967346, 0.9240322113037109], "cam_t_m2c": [-175.91578674316406, 279.5562438964844, 1091.7818603515625], "obj_id": 3}, {"cam_R_m2c": [-0.4667395353317261, -0.6413393616676331, 0.608964741230011, -0.1911144256591797, 0.7454386353492737, 0.6385895013809204, -0.8634984493255615, 0.18167300522327423, -0.4704948961734772], "cam_t_m2c": [-228.208251953125, 223.4765625, 1143.705810546875], "obj_id": 3}, {"cam_R_m2c": [-0.14237062633037567, -0.17994754016399384, 0.9733188152313232, 0.386849582195282, 0.8950077891349792, 0.22205516695976257, -0.9110862016677856, 0.40814208984375, -0.057810183614492416], "cam_t_m2c": [-160.13064575195312, 225.8686065673828, 1060.412841796875], "obj_id": 3}, {"cam_R_m2c": [-0.2563418447971344, 0.626651406288147, 0.7359325885772705, 0.11962688714265823, 0.7760875821113586, -0.6191748380661011, -0.9591549038887024, -0.07068312913179398, -0.2739080488681793], "cam_t_m2c": [-282.30615234375, -88.02454376220703, 909.3920288085938], "obj_id": 3}, {"cam_R_m2c": [-0.8847072124481201, 0.40625324845314026, 0.2285863608121872, -0.3698626458644867, -0.31331148743629456, -0.874664306640625, -0.28371649980545044, -0.8583672642707825, 0.4274466633796692], "cam_t_m2c": [-188.4606475830078, 207.1991424560547, 878.5877075195312], "obj_id": 3}, {"cam_R_m2c": [-0.6690334677696228, 0.6681095361709595, -0.3256132900714874, 0.5334112644195557, 0.12654782831668854, -0.8363361358642578, -0.5175584554672241, -0.7332226037979126, -0.4410419166088104], "cam_t_m2c": [-351.33758544921875, 195.53102111816406, 687.3405151367188], "obj_id": 3}, {"cam_R_m2c": [-0.04524020105600357, 0.6340078115463257, 0.7720022201538086, -0.9724529981613159, -0.20484302937984467, 0.11124075204133987, 0.2286667674779892, -0.7457033395767212, 0.625809907913208], "cam_t_m2c": [-332.0543518066406, 433.99530029296875, 940.8953247070312], "obj_id": 1}, {"cam_R_m2c": [0.4971391260623932, 0.05630198493599892, -0.8658422231674194, 0.8471004962921143, -0.24749307334423065, 0.4702848196029663, -0.18781201541423798, -0.9672523736953735, -0.17073190212249756], "cam_t_m2c": [-378.30731201171875, 2.0354483127593994, 1006.54541015625], "obj_id": 1}, {"cam_R_m2c": [-0.3338862955570221, -0.5025590658187866, 0.7974674105644226, 0.813793420791626, -0.5806086659431458, -0.025174273177981377, 0.4756680727005005, 0.6405683755874634, 0.6028366088867188], "cam_t_m2c": [-142.38514709472656, 135.35691833496094, 1021.5352783203125], "obj_id": 1}, {"cam_R_m2c": [-0.005865062586963177, -0.7146379351615906, 0.6994699239730835, -0.5992122888565063, 0.5625046491622925, 0.5696780681610107, -0.8005686402320862, -0.41578981280326843, -0.43151894211769104], "cam_t_m2c": [-365.8973693847656, -95.05255889892578, 940.1618041992188], "obj_id": 1}, {"cam_R_m2c": [0.9547740817070007, 0.18468505144119263, 0.23301902413368225, -0.051822420209646225, 0.8750673532485962, -0.4812188446521759, -0.292781263589859, 0.4473796784877777, 0.8450624346733093], "cam_t_m2c": [-276.1145935058594, 428.6590576171875, 956.1101684570312], "obj_id": 1}, {"cam_R_m2c": [0.3996454179286957, -0.5529296398162842, -0.7311308979988098, 0.07747842371463776, -0.7743653655052185, 0.6279771327972412, -0.9133896231651306, -0.3076150417327881, -0.26663145422935486], "cam_t_m2c": [-171.12757873535156, 290.37603759765625, 742.7568359375], "obj_id": 1}, {"cam_R_m2c": [0.07476801425218582, 0.9738597869873047, 0.2144918441772461, -0.6779996156692505, -0.10808373987674713, 0.7270724773406982, 0.7312497496604919, -0.19978712499141693, 0.652195394039154], "cam_t_m2c": [-172.98635864257812, 397.40277099609375, 980.471923828125], "obj_id": 1}, {"cam_R_m2c": [-0.4742409586906433, 0.5704745650291443, -0.6705626249313354, -0.6854655742645264, 0.23871107399463654, 0.6878618597984314, 0.5524784326553345, 0.7858598828315735, 0.27783411741256714], "cam_t_m2c": [-444.85955810546875, 108.33667755126953, 904.1625366210938], "obj_id": 1}, {"cam_R_m2c": [-0.8192850351333618, -0.36397403478622437, -0.4430520832538605, -0.5376566052436829, 0.2191592901945114, 0.8141834139823914, -0.19924262166023254, 0.905258059501648, -0.3752470314502716], "cam_t_m2c": [-371.019287109375, 148.91354370117188, 806.3837890625], "obj_id": 1}, {"cam_R_m2c": [-0.6571927666664124, -0.12602652609348297, 0.7431117296218872, 0.511178731918335, 0.6500014662742615, 0.5623116493225098, -0.5538898706436157, 0.7494100332260132, -0.3627541959285736], "cam_t_m2c": [-303.9867248535156, 426.5843811035156, 916.5118408203125], "obj_id": 1}, {"cam_R_m2c": [-0.7444935441017151, -0.663560688495636, -0.07359599322080612, 0.2591548562049866, -0.18563906848430634, -0.9478273987770081, 0.6152787208557129, -0.7247242331504822, 0.3101722002029419], "cam_t_m2c": [-204.9112091064453, 34.88542938232422, 1018.9492797851562], "obj_id": 1}, {"cam_R_m2c": [0.5826414823532104, 0.6395388841629028, 0.5015166401863098, 0.8030034303665161, -0.35781601071357727, -0.4766058921813965, -0.12535731494426727, 0.6804099082946777, -0.7220303416252136], "cam_t_m2c": [-415.3128662109375, 182.93360900878906, 1074.558837890625], "obj_id": 1}, {"cam_R_m2c": [0.9797793030738831, -0.16647005081176758, -0.11099638789892197, 0.20003479719161987, 0.8269444704055786, 0.5254988074302673, 0.004308043979108334, -0.5370759963989258, 0.8435229063034058], "cam_t_m2c": [-165.97445678710938, 451.7728576660156, 917.2468872070312], "obj_id": 1}, {"cam_R_m2c": [0.45253342390060425, 0.6264349818229675, -0.6346594095230103, 0.5408368706703186, 0.37306734919548035, 0.7538674473762512, 0.709019660949707, -0.6843973994255066, -0.1699737161397934], "cam_t_m2c": [-398.3605041503906, 132.3971710205078, 704.6925659179688], "obj_id": 1}, {"cam_R_m2c": [-0.45903682708740234, 0.2897268235683441, -0.8398471474647522, 0.7185775637626648, -0.4348141849040985, -0.5427547097206116, -0.5224282145500183, -0.8526398539543152, -0.008595259860157967], "cam_t_m2c": [-299.083984375, 195.16964721679688, 1161.794921875], "obj_id": 1}, {"cam_R_m2c": [-0.19209997355937958, 0.40518856048583984, -0.8938231468200684, 0.7834097743034363, 0.6118718981742859, 0.1090041995048523, 0.5910724997520447, -0.6792900562286377, -0.4349692463874817], "cam_t_m2c": [-370.02508544921875, 106.04562377929688, 1080.832763671875], "obj_id": 1}, {"cam_R_m2c": [0.2233014553785324, 0.8445478081703186, 0.48669853806495667, 0.8897902369499207, 0.027264665812253952, -0.4555545747280121, -0.39800727367401123, 0.5347855687141418, -0.7453821301460266], "cam_t_m2c": [-156.94244384765625, 196.6233367919922, 1020.1329956054688], "obj_id": 1}, {"cam_R_m2c": [0.058653198182582855, 0.9887298941612244, 0.13774235546588898, -0.5911120772361755, -0.0767916813492775, 0.8029255867004395, 0.8044540286064148, -0.12851528823375702, 0.5799461603164673], "cam_t_m2c": [-309.7734069824219, 283.1435546875, 1085.161865234375], "obj_id": 1}, {"cam_R_m2c": [-0.33865827322006226, -0.9028646349906921, -0.264850914478302, 0.086066335439682, -0.31002891063690186, 0.9468234777450562, -0.9369648694992065, 0.29785484075546265, 0.18270009756088257], "cam_t_m2c": [-301.5128479003906, 141.8240966796875, 1090.708251953125], "obj_id": 1}, {"cam_R_m2c": [0.38201236724853516, -0.2998157739639282, 0.8741721510887146, -0.6814136505126953, -0.7303695678710938, 0.04728136956691742, 0.6242931485176086, -0.6137349009513855, -0.48330873250961304], "cam_t_m2c": [-475.41552734375, 10.597968101501465, 809.7902221679688], "obj_id": 1}, {"cam_R_m2c": [-0.09369081258773804, 0.249662384390831, -0.9637897610664368, -0.6020389199256897, -0.7852128744125366, -0.14487868547439575, -0.7929508686065674, 0.5666651725769043, 0.22387373447418213], "cam_t_m2c": [-323.79315185546875, 230.05072021484375, 783.5770874023438], "obj_id": 1}, {"cam_R_m2c": [-0.47747305035591125, -0.4587500989437103, 0.7493780851364136, 0.5721150636672974, -0.8096267580986023, -0.1311044842004776, 0.6668609380722046, 0.36613166332244873, 0.6490331888198853], "cam_t_m2c": [-228.32542419433594, 143.533203125, 914.9235229492188], "obj_id": 1}, {"cam_R_m2c": [-0.6344440579414368, 0.018241573125123978, 0.7727535367012024, 0.7529672384262085, 0.240537628531456, 0.6125209927558899, -0.1747029572725296, 0.9704684019088745, -0.16634297370910645], "cam_t_m2c": [-475.0457458496094, 177.53688049316406, 823.5903930664062], "obj_id": 1}, {"cam_R_m2c": [-0.44922709465026855, 0.885094165802002, 0.12166863679885864, -0.04613562300801277, 0.11301998049020767, -0.9925209879875183, -0.8922255635261536, -0.4514806270599365, -0.009937244467437267], "cam_t_m2c": [-406.54656982421875, 10.572601318359375, 893.8628540039062], "obj_id": 1}, {"cam_R_m2c": [-0.9616748094558716, 0.25755617022514343, 0.09405487030744553, -0.2009463608264923, -0.895402193069458, 0.39733535051345825, 0.18655312061309814, 0.3632074296474457, 0.9128407835960388], "cam_t_m2c": [-521.3619384765625, 203.27252197265625, 839.4227294921875], "obj_id": 1}, {"cam_R_m2c": [0.3451361656188965, 0.8209200501441956, 0.45494070649147034, 0.28095218539237976, 0.37213239073753357, -0.8846372961997986, -0.8955147862434387, 0.43313685059547424, -0.1022028997540474], "cam_t_m2c": [-454.172119140625, 205.31797790527344, 820.0316162109375], "obj_id": 1}, {"cam_R_m2c": [-0.12385391443967819, 0.3060981333255768, -0.9439089298248291, -0.01983788050711155, -0.9518067240715027, -0.30605626106262207, -0.9921021461486816, -0.019181115552783012, 0.12395734339952469], "cam_t_m2c": [-263.6689147949219, 211.22669982910156, 1074.1756591796875], "obj_id": 1}, {"cam_R_m2c": [0.13292400538921356, -0.9909979701042175, -0.015938399359583855, -0.46622705459594727, -0.04832855612039566, -0.8833438754081726, 0.8746218085289001, 0.12484842538833618, -0.4684540331363678], "cam_t_m2c": [-148.76470947265625, 234.40335083007812, 865.392822265625], "obj_id": 1}, {"cam_R_m2c": [0.5267130732536316, -0.7603272199630737, 0.38009968400001526, 0.08530979603528976, 0.49217742681503296, 0.8663045167922974, -0.8457514643669128, -0.4238676428794861, 0.32409965991973877], "cam_t_m2c": [-129.03369140625, 109.28199005126953, 873.08349609375], "obj_id": 1}, {"cam_R_m2c": [-0.5403274297714233, -0.8389652967453003, -0.06467840820550919, -0.13674508035182953, 0.011705893091857433, 0.9905370473861694, -0.8302690982818604, 0.5440589189529419, -0.12104927748441696], "cam_t_m2c": [-338.1242980957031, 208.31785583496094, 842.8697509765625], "obj_id": 1}, {"cam_R_m2c": [0.6525063514709473, 0.48173171281814575, -0.5849530100822449, 0.7483054995536804, -0.2879125475883484, 0.5976162552833557, 0.11947539448738098, -0.8276719450950623, -0.5483472347259521], "cam_t_m2c": [-300.3748474121094, 49.060523986816406, 801.477783203125], "obj_id": 1}, {"cam_R_m2c": [-0.7921963334083557, -0.5521165728569031, -0.2599847912788391, -0.18038086593151093, 0.6188274025917053, -0.7645360231399536, 0.5829987525939941, -0.5587664246559143, -0.5898240208625793], "cam_t_m2c": [-347.09393310546875, 121.74568939208984, 1115.9117431640625], "obj_id": 1}, {"cam_R_m2c": [-0.5772942304611206, 0.29412516951560974, -0.7617229223251343, -0.5101466774940491, 0.5984752178192139, 0.617719829082489, 0.6375592350959778, 0.7451964616775513, -0.1954493224620819], "cam_t_m2c": [-453.8643493652344, 196.18844604492188, 1077.3968505859375], "obj_id": 1}, {"cam_R_m2c": [-0.6730301380157471, 0.7278802394866943, -0.13122709095478058, 0.7219703197479248, 0.6850745677947998, 0.09711655229330063, 0.1605895608663559, -0.029379695653915405, -0.9865837693214417], "cam_t_m2c": [-174.6626434326172, 186.96240234375, 1019.6275634765625], "obj_id": 1}, {"cam_R_m2c": [0.8747865557670593, 0.4844249486923218, -0.008995781652629375, 0.2723390460014343, -0.5069831013679504, -0.8178016543388367, -0.40072423219680786, 0.7129519581794739, -0.5754298567771912], "cam_t_m2c": [-266.3039245605469, -3.324871063232422, 886.0994873046875], "obj_id": 1}, {"cam_R_m2c": [-0.02591634914278984, 0.28962549567222595, 0.9567890763282776, 0.8626250624656677, -0.47719573974609375, 0.16781564056873322, 0.5051794052124023, 0.8296994566917419, -0.23747101426124573], "cam_t_m2c": [-383.85528564453125, 190.88072204589844, 727.6130981445312], "obj_id": 1}, {"cam_R_m2c": [0.11013884097337723, 0.3753419518470764, 0.9203193187713623, 0.4500909745693207, 0.8067339062690735, -0.382881760597229, -0.8861643671989441, 0.45639756321907043, -0.08008528500795364], "cam_t_m2c": [-270.9960632324219, 250.4458770751953, 1091.265625], "obj_id": 1}, {"cam_R_m2c": [-0.5743551254272461, -0.7319126129150391, -0.3666332960128784, -0.7899224758148193, 0.3780144453048706, 0.48283275961875916, -0.2147987335920334, 0.5669293999671936, -0.795268714427948], "cam_t_m2c": [-478.683837890625, 264.54351806640625, 823.0230712890625], "obj_id": 1}, {"cam_R_m2c": [-0.11276888102293015, 0.989043116569519, 0.0952725037932396, 0.5013764500617981, 0.13942262530326843, -0.8539220690727234, -0.8578489422798157, -0.04852847009897232, -0.511605441570282], "cam_t_m2c": [-489.9909973144531, -6.809879302978516, 859.9146118164062], "obj_id": 1}, {"cam_R_m2c": [-0.3995678722858429, 0.9151427149772644, 0.05347130075097084, -0.23324143886566162, -0.04508056119084358, -0.9713732600212097, -0.8865346908569336, -0.4006013572216034, 0.2314620465040207], "cam_t_m2c": [-345.9618225097656, 162.77752685546875, 731.7730712890625], "obj_id": 1}, {"cam_R_m2c": [0.9962126612663269, 0.029829271137714386, 0.08167325705289841, -0.02943820133805275, 0.9995486736297607, -0.005988475400954485, -0.08181502670049667, 0.003561481134966016, 0.9966411590576172], "cam_t_m2c": [-198.2985382080078, 250.00819396972656, 964.8174438476562], "obj_id": 1}, {"cam_R_m2c": [-0.596153736114502, -0.38282933831214905, -0.7057212591171265, 0.4830157160758972, -0.8731487989425659, 0.06562838703393936, -0.6413241028785706, -0.3017498552799225, 0.7054434418678284], "cam_t_m2c": [-316.0516052246094, 146.60760498046875, 907.170166015625], "obj_id": 1}, {"cam_R_m2c": [-0.1824629157781601, -0.12340525537729263, -0.9754375219345093, 0.9715043902397156, -0.17527730762958527, -0.1595524251461029, -0.15128248929977417, -0.9767543077468872, 0.15187041461467743], "cam_t_m2c": [-385.7156677246094, 26.51064109802246, 946.62841796875], "obj_id": 1}, {"cam_R_m2c": [-0.8692342638969421, -0.4859742224216461, -0.09088867902755737, 0.23413808643817902, -0.5665499567985535, 0.7900635600090027, -0.4354435205459595, 0.6654698848724365, 0.6062497496604919], "cam_t_m2c": [-227.7588653564453, 262.97412109375, 1010.377197265625], "obj_id": 1}, {"cam_R_m2c": [0.8067953586578369, -0.5560222268104553, -0.19980119168758392, -0.3720252513885498, -0.7407938838005066, 0.559304416179657, -0.4589972496032715, -0.3769131004810333, -0.8045233488082886], "cam_t_m2c": [-216.96832275390625, 362.1874694824219, 924.3606567382812], "obj_id": 1}, {"cam_R_m2c": [-0.6506857872009277, -0.10975607484579086, 0.7513731718063354, -0.7073420286178589, 0.4474966526031494, -0.5471873879432678, -0.27617982029914856, -0.8875248432159424, -0.36881476640701294], "cam_t_m2c": [-399.2918701171875, 36.753116607666016, 871.762939453125], "obj_id": 1}, {"cam_R_m2c": [0.8321329355239868, 0.5503234267234802, 0.0685487762093544, 0.507964015007019, -0.8059492111206055, 0.30400416254997253, 0.22254742681980133, -0.21815156936645508, -0.9502013325691223], "cam_t_m2c": [-445.0961608886719, 230.29151916503906, 827.6345825195312], "obj_id": 1}, {"cam_R_m2c": [-0.6349459290504456, -0.00023442198289558291, 0.7725566029548645, -0.4350372552871704, 0.8264878392219543, -0.3572959899902344, -0.6384249329566956, -0.5629544854164124, -0.5248770713806152], "cam_t_m2c": [-192.2877655029297, 277.11480712890625, 983.1184692382812], "obj_id": 1}, {"cam_R_m2c": [-0.0677027627825737, -0.8707448244094849, 0.4870520234107971, 0.9631459712982178, 0.07033216208219528, 0.25962117314338684, -0.26031920313835144, 0.4866793155670166, 0.8338927626609802], "cam_t_m2c": [-190.3768768310547, -20.691587448120117, 937.6421508789062], "obj_id": 1}, {"cam_R_m2c": [0.572566568851471, 0.0783388614654541, 0.8161069750785828, -0.5107552409172058, -0.744575560092926, 0.4298095405101776, 0.6413241028785706, -0.6629254817962646, -0.3863070607185364], "cam_t_m2c": [-456.0312194824219, 6.045918941497803, 851.4864501953125], "obj_id": 1}, {"cam_R_m2c": [-0.12869545817375183, 0.6703000068664551, 0.7308457493782043, -0.3320053219795227, -0.7235683798789978, 0.6051623225212097, 0.9344570636749268, -0.16476306319236755, 0.31566303968429565], "cam_t_m2c": [-492.0120544433594, 22.145153045654297, 899.7530517578125], "obj_id": 1}, {"cam_R_m2c": [-0.1208682656288147, -0.9921101331710815, -0.03329172357916832, -0.7785702347755432, 0.07394092530012131, 0.6231862306594849, -0.6158077120780945, 0.10124339908361435, -0.7813645005226135], "cam_t_m2c": [-306.217041015625, -96.37667083740234, 900.4989013671875], "obj_id": 1}, {"cam_R_m2c": [0.2825506031513214, 0.7060648202896118, -0.6493363380432129, -0.9270821809768677, 0.02716248296201229, -0.3738727569580078, -0.2463407963514328, 0.7076261043548584, 0.6622548699378967], "cam_t_m2c": [-381.3129577636719, 27.05289649963379, 953.126953125], "obj_id": 1}, {"cam_R_m2c": [-0.5615608096122742, -0.7002440094947815, 0.4408033490180969, 0.6842080950737, -0.09339515119791031, 0.7232818007469177, -0.4653048515319824, 0.7077679634094238, 0.5315598249435425], "cam_t_m2c": [-382.47833251953125, 129.05862426757812, 1015.68603515625], "obj_id": 1}, {"cam_R_m2c": [-0.4514003098011017, -0.006591184996068478, -0.8922971487045288, 0.16031348705291748, -0.9843010902404785, -0.07382950186729431, -0.8778024911880493, -0.1763739287853241, 0.4453705847263336], "cam_t_m2c": [-215.24606323242188, 211.72488403320312, 1148.915283203125], "obj_id": 3}, {"cam_R_m2c": [-0.44001463055610657, -0.3371806740760803, -0.8322837948799133, 0.13905279338359833, 0.8900659680366516, -0.43410471081733704, 0.8871591687202454, -0.3067438006401062, -0.3447561264038086], "cam_t_m2c": [-412.9235534667969, 335.3251037597656, 988.0947875976562], "obj_id": 1}, {"cam_R_m2c": [0.8063756823539734, -0.5242934823036194, 0.2736321687698364, 0.045959558337926865, -0.40572863817214966, -0.9128371477127075, 0.5896150469779968, 0.7486656904220581, -0.30307337641716003], "cam_t_m2c": [-178.13307189941406, -18.624969482421875, 854.2440795898438], "obj_id": 1}, {"cam_R_m2c": [-0.8165239691734314, 0.45319586992263794, -0.357633501291275, 0.27612581849098206, 0.8506063222885132, 0.4474632740020752, 0.50699383020401, 0.2666127383708954, -0.8196795582771301], "cam_t_m2c": [-155.78054809570312, 302.843017578125, 863.968505859375], "obj_id": 1}, {"cam_R_m2c": [0.8838457465171814, -0.17155271768569946, 0.43518540263175964, 0.333490788936615, 0.8834688663482666, -0.3290388882160187, -0.328025221824646, 0.4359499514102936, 0.838061511516571], "cam_t_m2c": [-205.03924560546875, -44.24740982055664, 869.812255859375], "obj_id": 1}, {"cam_R_m2c": [0.039215706288814545, -0.3014066815376282, -0.9526888728141785, 0.8108546733856201, -0.5475635528564453, 0.20661260187625885, -0.5839321613311768, -0.7805947065353394, 0.22292396426200867], "cam_t_m2c": [-285.2115783691406, 273.3593444824219, 1106.6141357421875], "obj_id": 3}, {"cam_R_m2c": [0.9805474281311035, 0.04474066197872162, -0.1911150962114334, 0.17733129858970642, 0.21547983586788177, 0.9602717757225037, 0.08414463698863983, -0.975482702255249, 0.20335428416728973], "cam_t_m2c": [-160.07151794433594, 138.41506958007812, 872.3943481445312], "obj_id": 1}, {"cam_R_m2c": [0.6546040773391724, -0.6562338471412659, -0.37530067563056946, -0.414091020822525, 0.10408706963062286, -0.9042645692825317, 0.6324729919433594, 0.747343897819519, -0.20360472798347473], "cam_t_m2c": [-197.2672119140625, 322.0961608886719, 758.3409423828125], "obj_id": 1}, {"cam_R_m2c": [-0.13057644665241241, 0.9508720636367798, -0.2806992828845978, 0.032168760895729065, 0.2870376706123352, 0.9573789834976196, 0.9909161925315857, 0.11598143726587296, -0.06806871294975281], "cam_t_m2c": [-352.3173522949219, 191.449462890625, 1178.5806884765625], "obj_id": 1}, {"cam_R_m2c": [0.27577444911003113, -0.20430214703083038, 0.9392598867416382, 0.6351248621940613, -0.694729208946228, -0.3375912010669708, 0.7215018272399902, 0.689646303653717, -0.06183119863271713], "cam_t_m2c": [-516.1448364257812, 210.29269409179688, 814.4324340820312], "obj_id": 3}, {"cam_R_m2c": [0.6472089290618896, 0.5903214812278748, -0.4823288917541504, -0.5095340013504028, 0.8056100010871887, 0.3022707402706146, 0.5670058727264404, 0.0501306876540184, 0.8221868872642517], "cam_t_m2c": [-329.72369384765625, 123.43206787109375, 762.3138427734375], "obj_id": 1}, {"cam_R_m2c": [-0.362224817276001, -0.9128710031509399, 0.18830767273902893, 0.8808714151382446, -0.4013100266456604, -0.2510296702384949, 0.3047274649143219, 0.07494566589593887, 0.9494863748550415], "cam_t_m2c": [-464.2710266113281, 161.29400634765625, 1190.32470703125], "obj_id": 1}, {"cam_R_m2c": [-0.4102800190448761, 0.3494744896888733, -0.8423406481742859, 0.8807021975517273, -0.08791598677635193, -0.46543991565704346, -0.23671464622020721, -0.9328120350837708, -0.2717127203941345], "cam_t_m2c": [-395.9220275878906, 251.41062927246094, 1037.3018798828125], "obj_id": 3}, {"cam_R_m2c": [0.8703433871269226, 0.186066672205925, -0.4559403359889984, -0.3992082178592682, -0.27551692724227905, -0.8744844198226929, -0.2883317470550537, 0.9431169033050537, -0.1655149608850479], "cam_t_m2c": [-157.03359985351562, 27.049205780029297, 820.54345703125], "obj_id": 1}, {"cam_R_m2c": [0.8921678066253662, -0.259792298078537, 0.36951932311058044, 0.3766005039215088, 0.8795093894004822, -0.2909213602542877, -0.24941658973693848, 0.39871183037757874, 0.8825079202651978], "cam_t_m2c": [-214.20635986328125, 136.39837646484375, 788.5302734375], "obj_id": 3}, {"cam_R_m2c": [0.14705461263656616, 0.8224101066589355, 0.5495601892471313, 0.9388132095336914, -0.29099544882774353, 0.18425825238227844, 0.31145545840263367, 0.48883840441703796, -0.8148816227912903], "cam_t_m2c": [-182.8281707763672, 233.3052520751953, 1095.1053466796875], "obj_id": 3}, {"cam_R_m2c": [0.822259783744812, -0.3028123378753662, -0.4818646311759949, -0.368755578994751, 0.36143234372138977, -0.8563795685768127, 0.433483749628067, 0.8818567395210266, 0.18552753329277039], "cam_t_m2c": [-293.3018493652344, 179.8716583251953, 988.15625], "obj_id": 3}, {"cam_R_m2c": [-0.5228167772293091, -0.6726967096328735, 0.5235853791236877, -0.08236648887395859, -0.5714775323867798, -0.8164736032485962, 0.8484564423561096, -0.4699920117855072, 0.2433704137802124], "cam_t_m2c": [-209.07032775878906, 205.28021240234375, 1147.613525390625], "obj_id": 3}, {"cam_R_m2c": [-0.1220732107758522, -0.5372862815856934, -0.8345186710357666, 0.8289822340011597, 0.40716785192489624, -0.383409321308136, 0.5457897186279297, -0.738605260848999, 0.39569658041000366], "cam_t_m2c": [-358.6445007324219, 35.8847541809082, 971.539306640625], "obj_id": 1}, {"cam_R_m2c": [0.47502243518829346, 0.7966801524162292, 0.37370356917381287, -0.5307427048683167, -0.07935433089733124, 0.8438098430633545, 0.7019015550613403, -0.5991690754890442, 0.385137140750885], "cam_t_m2c": [-457.2661437988281, 244.82508850097656, 1104.4925537109375], "obj_id": 3}, {"cam_R_m2c": [-0.06465394049882889, -0.5095208287239075, -0.8580257892608643, 0.9138884544372559, 0.3150942623615265, -0.25597551465034485, 0.40078383684158325, -0.8006897568702698, 0.44527316093444824], "cam_t_m2c": [-315.4853210449219, 281.16363525390625, 868.0823974609375], "obj_id": 3}, {"cam_R_m2c": [0.649033784866333, -0.29556652903556824, 0.7009961009025574, 0.2542513608932495, -0.784185528755188, -0.5660470128059387, 0.7170155644416809, 0.5456128716468811, -0.43381467461586], "cam_t_m2c": [-459.9587707519531, 147.07675170898438, 1037.4754638671875], "obj_id": 3}, {"cam_R_m2c": [-0.007740777451545, 0.2163882553577423, -0.9762766361236572, -0.25681614875793457, 0.9431287050247192, 0.21107740700244904, 0.9664292335510254, 0.25235751271247864, 0.04827145114541054], "cam_t_m2c": [-239.6093292236328, -17.664226531982422, 929.6143188476562], "obj_id": 1}, {"cam_R_m2c": [0.7474246621131897, -0.3087729215621948, -0.5882309079170227, 0.387184202671051, 0.9219675660133362, 0.008011139929294586, 0.5398561954498291, -0.23374146223068237, 0.8086532950401306], "cam_t_m2c": [-442.155517578125, -75.5184555053711, 982.2980346679688], "obj_id": 3}, {"cam_R_m2c": [-0.3119097948074341, -0.34773948788642883, 0.8841884136199951, 0.8119143843650818, 0.38578465580940247, 0.4381381571292877, -0.4934642016887665, 0.8545450568199158, 0.16200484335422516], "cam_t_m2c": [-216.50668334960938, 198.4424285888672, 1026.1080322265625], "obj_id": 3}, {"cam_R_m2c": [-0.7023036479949951, 0.04393037408590317, -0.7105206847190857, 0.6358910799026489, 0.4873986840248108, -0.5984020829200745, 0.32001879811286926, -0.872073769569397, -0.37023675441741943], "cam_t_m2c": [-338.2919921875, 226.41676330566406, 839.3724365234375], "obj_id": 1}, {"cam_R_m2c": [0.4273482859134674, -0.8396550416946411, 0.3351905941963196, 0.8513469099998474, 0.49851635098457336, 0.16337016224861145, -0.3042725920677185, 0.21554754674434662, 0.9278779029846191], "cam_t_m2c": [-416.3515319824219, 42.75568389892578, 1037.561279296875], "obj_id": 1}, {"cam_R_m2c": [-0.7758511900901794, 0.6161087155342102, 0.1358853429555893, 0.5146819949150085, 0.7426314949989319, -0.428486704826355, -0.3649071455001831, -0.2625041902065277, -0.8932716250419617], "cam_t_m2c": [-342.1516418457031, -74.42261505126953, 958.682373046875], "obj_id": 1}, {"cam_R_m2c": [0.3526388704776764, -0.8782462477684021, 0.3230004608631134, 0.22991077601909637, -0.25327783823013306, -0.9396761655807495, 0.9070760011672974, 0.40562760829925537, 0.11260269582271576], "cam_t_m2c": [-234.06640625, 407.0830993652344, 948.0465087890625], "obj_id": 1}, {"cam_R_m2c": [0.360246866941452, -0.22015191614627838, 0.906507134437561, 0.4999711513519287, -0.7748327255249023, -0.3868628442287445, 0.7875601053237915, 0.5925935506820679, -0.1690613329410553], "cam_t_m2c": [-431.723388671875, -117.79987335205078, 940.0486450195312], "obj_id": 1}, {"cam_R_m2c": [-0.7501640915870667, 0.4618450701236725, 0.4732365310192108, -0.47550272941589355, 0.12055965512990952, -0.871414065361023, -0.45951151847839355, -0.8787288665771484, 0.12916913628578186], "cam_t_m2c": [-218.984375, 254.2218017578125, 1038.652587890625], "obj_id": 3}, {"cam_R_m2c": [0.19816090166568756, -0.47438669204711914, -0.8577234148979187, -0.1986570507287979, 0.8374771475791931, -0.5090848803520203, 0.9598268270492554, 0.27127352356910706, 0.07171496748924255], "cam_t_m2c": [-200.75791931152344, 108.55636596679688, 1009.7041015625], "obj_id": 3}, {"cam_R_m2c": [0.4383845627307892, -0.11904773116111755, 0.8908684253692627, 0.09995970129966736, -0.9785822033882141, -0.17995786666870117, 0.8932116031646729, 0.16794168949127197, -0.4170953035354614], "cam_t_m2c": [-272.46539306640625, 170.33897399902344, 834.2914428710938], "obj_id": 3}, {"cam_R_m2c": [-0.9589529633522034, 0.14944979548454285, -0.24098527431488037, -0.10201379656791687, 0.6111199259757996, 0.7849366664886475, 0.26457953453063965, 0.7773011922836304, -0.5707893371582031], "cam_t_m2c": [-156.8101043701172, 246.13259887695312, 815.9544067382812], "obj_id": 1}, {"cam_R_m2c": [0.9068956971168518, -0.12437726557254791, -0.40257972478866577, -0.08988459408283234, -0.9905545711517334, 0.10354848206043243, -0.41165629029273987, -0.05772195756435394, -0.9095093011856079], "cam_t_m2c": [-336.9187316894531, 130.18077087402344, 1009.8952026367188], "obj_id": 3}, {"cam_R_m2c": [-0.6212140321731567, -0.08060263097286224, -0.7794846892356873, 0.43635961413383484, -0.861796498298645, -0.2586447596549988, -0.6509097218513489, -0.500809371471405, 0.5705317854881287], "cam_t_m2c": [-317.3807678222656, 207.40367126464844, 778.2760009765625], "obj_id": 1}, {"cam_R_m2c": [0.9874809980392456, 0.15772226452827454, 0.002226065145805478, -0.15770487487316132, 0.9874645471572876, -0.006553292274475098, -0.0032317605800926685, 0.006120190490037203, 0.9999760389328003], "cam_t_m2c": [-288.757568359375, 109.60917663574219, 746.5858764648438], "obj_id": 1}, {"cam_R_m2c": [0.7280240654945374, 0.5749829411506653, -0.373330295085907, -0.6816796660423279, 0.5493614077568054, -0.4832336902618408, -0.07275787740945816, 0.6062974333763123, 0.7919026017189026], "cam_t_m2c": [-403.9756164550781, 209.98960876464844, 970.6918334960938], "obj_id": 3}, {"cam_R_m2c": [0.6777356863021851, -0.6837391257286072, -0.2705090045928955, -0.7008244395256042, -0.7119892239570618, 0.04377381503582001, -0.22252939641475677, 0.15991225838661194, -0.9617215991020203], "cam_t_m2c": [-176.0628204345703, 149.1082763671875, 1172.3985595703125], "obj_id": 3}, {"cam_R_m2c": [-0.675780713558197, 0.606796383857727, 0.41847139596939087, 0.46832433342933655, 0.7918665409088135, -0.39194342494010925, -0.5692033767700195, -0.06888748705387115, -0.8193056583404541], "cam_t_m2c": [-421.4180908203125, 133.63792419433594, 1217.0618896484375], "obj_id": 3}, {"cam_R_m2c": [0.18955650925636292, 0.9802482724189758, -0.05640676990151405, -0.29655683040618896, 0.11192302405834198, 0.9484341740608215, 0.9360141158103943, -0.16305409371852875, 0.31191501021385193], "cam_t_m2c": [-384.0071716308594, 128.18251037597656, 737.6749267578125], "obj_id": 1}, {"cam_R_m2c": [-0.6527532339096069, -0.059730470180511475, 0.755212128162384, 0.23226821422576904, 0.9330971837043762, 0.2745561897754669, -0.7210856676101685, 0.354629248380661, -0.5952087640762329], "cam_t_m2c": [-475.539794921875, 238.33738708496094, 1063.0494384765625], "obj_id": 1}, {"cam_R_m2c": [0.534318208694458, -0.6430979371070862, -0.5485699772834778, -0.6693996787071228, -0.7182062864303589, 0.18995682895183563, -0.5161473155021667, 0.26571518182754517, -0.8142402172088623], "cam_t_m2c": [-501.0978088378906, 238.75222778320312, 1066.463134765625], "obj_id": 3}, {"cam_R_m2c": [-0.28235989809036255, 0.26720401644706726, -0.921343982219696, 0.9377565979957581, -0.12555529177188873, -0.3238028287887573, -0.20220108330249786, -0.9554254412651062, -0.21512049436569214], "cam_t_m2c": [-255.59890747070312, 140.2939910888672, 1036.7076416015625], "obj_id": 3}, {"cam_R_m2c": [0.08286561816930771, -0.99493408203125, 0.05691571906208992, 0.9773986339569092, 0.06999371200799942, -0.19948112964630127, 0.1944868415594101, 0.07215946912765503, 0.978247344493866], "cam_t_m2c": [-170.22964477539062, 435.7174987792969, 953.4100341796875], "obj_id": 3}, {"cam_R_m2c": [-0.013013459742069244, 0.0034932768903672695, 0.9999091029167175, -0.5110697746276855, -0.8595312237739563, -0.0036485984455794096, 0.8594405651092529, -0.5110708475112915, 0.012971010990440845], "cam_t_m2c": [-184.70030212402344, 281.0630798339844, 1088.255859375], "obj_id": 3}, {"cam_R_m2c": [-0.7976518273353577, 0.2237403690814972, -0.5600817203521729, -0.5696125030517578, 0.025745289400219917, 0.8215099573135376, 0.19822439551353455, 0.9743086099624634, 0.10690965503454208], "cam_t_m2c": [-440.0847473144531, 203.0785369873047, 772.753662109375], "obj_id": 3}, {"cam_R_m2c": [0.06194373965263367, -0.9965776801109314, -0.0547342374920845, 0.32559674978256226, -0.031662311404943466, 0.9449783563613892, -0.9434773921966553, -0.07635673880577087, 0.32252123951911926], "cam_t_m2c": [-290.33056640625, 261.2259216308594, 929.9981079101562], "obj_id": 3}, {"cam_R_m2c": [0.8832582831382751, 0.4471331238746643, -0.14116226136684418, 0.3490941822528839, -0.8280794024467468, -0.4386543333530426, -0.3130304515361786, 0.33816614747047424, -0.8874995708465576], "cam_t_m2c": [-351.6995849609375, 83.91089630126953, 747.093994140625], "obj_id": 3}, {"cam_R_m2c": [0.5062372088432312, 0.5163487792015076, -0.6907299160957336, -0.5266799926757812, 0.8193372488021851, 0.2264832854270935, 0.6828851103782654, 0.24913935363292694, 0.6867295503616333], "cam_t_m2c": [-411.3602600097656, 353.884521484375, 990.1671142578125], "obj_id": 1}, {"cam_R_m2c": [0.19096049666404724, 0.16456447541713715, -0.9677047729492188, 0.483964204788208, -0.8734789490699768, -0.05303846299648285, -0.853998064994812, -0.45820626616477966, -0.2464432418346405], "cam_t_m2c": [-498.58514404296875, 85.99185943603516, 787.9169921875], "obj_id": 3}, {"cam_R_m2c": [-0.6959041357040405, -0.49686339497566223, 0.5185015201568604, 0.6249529719352722, -0.06333129853010178, 0.7780891060829163, -0.35376662015914917, 0.8655146956443787, 0.3545890152454376], "cam_t_m2c": [-285.4046630859375, 221.00559997558594, 870.0369262695312], "obj_id": 1}, {"cam_R_m2c": [-0.2886999249458313, 0.28970444202423096, -0.9125369191169739, -0.17531152069568634, -0.9530023336410522, -0.24708762764930725, -0.9412322640419006, 0.08864405006170273, 0.3259202837944031], "cam_t_m2c": [-180.61900329589844, 275.82489013671875, 1065.209228515625], "obj_id": 3}, {"cam_R_m2c": [-0.0939813032746315, 0.2781889736652374, 0.955917477607727, -0.9761088490486145, -0.21468517184257507, -0.03348929062485695, 0.19590505957603455, -0.9362269639968872, 0.2917192578315735], "cam_t_m2c": [-172.0651397705078, 70.30217742919922, 850.39013671875], "obj_id": 3}, {"cam_R_m2c": [0.4504580795764923, -0.8306546211242676, 0.3272620439529419, 0.8892450332641602, 0.38476860523223877, -0.2473791241645813, 0.07956644147634506, 0.4024500846862793, 0.9119775891304016], "cam_t_m2c": [-211.2827606201172, 56.31315612792969, 832.7542724609375], "obj_id": 1}, {"cam_R_m2c": [0.9725528955459595, 0.0754183828830719, -0.2201201468706131, 0.22847598791122437, -0.4885861873626709, 0.8420702219009399, -0.04404008761048317, -0.8692499995231628, -0.4924072325229645], "cam_t_m2c": [-317.8370666503906, -101.