{
  "0": [{"cam_R_m2c": [-0.34221014380455017, 0.1493685096502304, -0.9276751279830933, -0.43835023045539856, 0.847886323928833, 0.29822447896003723, 0.8311083912849426, 0.5087020993232727, -0.22467955946922302], "cam_t_m2c": [3313.738037109375, 2323.99169921875, -5578.66552734375], "obj_id": 1}, {"cam_R_m2c": [0.14354892075061798, -0.3481388986110687, -0.9263870716094971, 0.400285542011261, 0.8765181303024292, -0.2673714756965637, 0.9050774574279785, -0.3324384391307831, 0.2651781737804413], "cam_t_m2c": [-142.958740234375, 204.91058349609375, 1574.781494140625], "obj_id": 2}, {"cam_R_m2c": [0.2563883662223816, 0.9151134490966797, -0.3111790120601654, -0.9016010761260986, 0.34246334433555603, 0.26426199078559875, 0.3483971059322357, 0.2128056287765503, 0.9128708839416504], "cam_t_m2c": [-97.04214477539062, 89.69143676757812, 1418.394775390625], "obj_id": 2}, {"cam_R_m2c": [-0.4518497884273529, 0.38616201281547546, -0.8041831851005554, -0.36931198835372925, -0.901553213596344, -0.22541141510009766, -0.8120592832565308, 0.19514238834381104, 0.5499809980392456], "cam_t_m2c": [77.09844207763672, -73.64812469482422, 1721.6663818359375], "obj_id": 2}],
  "1": [{"cam_R_m2c": [0.11082044243812561, -0.08791090548038483, 0.9899446964263916, 0.7490883469581604, 0.6619955897331238, -0.02506973035633564, -0.6531351208686829, 0.7443342208862305, 0.13921569287776947], "cam_t_m2c": [-1658.38427734375, -6281.70703125, 5025.64697265625], "obj_id": 1}, {"cam_R_m2c": [-0.2286859154701233, 0.5465325117111206, 0.8056085109710693, 0.9443499445915222, -0.07645107060670853, 0.319935142993927, 0.23644456267356873, 0.8339409232139587, -0.4986346960067749], "cam_t_m2c": [75.72193145751953, 607.2799072265625, 884.749755859375], "obj_id": 2}, {"cam_R_m2c": [-0.4646996259689331, -0.8654206991195679, 0.1873532235622406, 0.09850888699293137, 0.15974552929401398, 0.9822307825088501, -0.8799716830253601, 0.4748982787132263, 0.011017989367246628], "cam_t_m2c": [38.737796783447266, 424.220947265625, 814.0975952148438], "obj_id": 2}, {"cam_R_m2c": [0.516602635383606, -0.5636690855026245, 0.6445144414901733, -0.8062311410903931, -0.06678234785795212, 0.5878190994262695, -0.2882932722568512, -0.8232965469360352, -0.4889475107192993], "cam_t_m2c": [-211.2832489013672, 656.747314453125, 634.10107421875], "obj_id": 2}]
}