{
  "0": [{"cam_R_m2c": [0.457474023103714, 0.8663648366928101, -0.20032338798046112, 0.13807594776153564, -0.29175588488578796, -0.9464741945266724, -0.8784375190734863, 0.4053274989128113, -0.2530948519706726], "cam_t_m2c": [-258.1724548339844, -72.72802734375, 614.0264282226562], "obj_id": 0}, {"cam_R_m2c": [0.6047159433364868, 0.2696608901023865, -0.7494008541107178, 0.5321763753890991, -0.8368556499481201, 0.1283002346754074, -0.5925427675247192, -0.47639861702919006, -0.6495671272277832], "cam_t_m2c": [-122.74229431152344, -95.752685546875, 486.8794860839844], "obj_id": 3}, {"cam_R_m2c": [-0.42245158553123474, -0.16410484910011292, -0.8914058208465576, -0.1440507173538208, 0.9831291437149048, -0.11272286623716354, 0.8948654532432556, 0.08078770339488983, -0.438963919878006], "cam_t_m2c": [-161.5305938720703, -12.738262176513672, 481.9735412597656], "obj_id": 0}, {"cam_R_m2c": [0.02123693749308586, -0.7899999022483826, 0.612739086151123, -0.9212785363197327, 0.22258467972278595, 0.31890738010406494, -0.3883231282234192, -0.5712760090827942, -0.7230829000473022], "cam_t_m2c": [-591.7799072265625, -108.81831359863281, 653.98876953125], "obj_id": 3}],
  "1": [{"cam_R_m2c": [0.8568246364593506, 0.49785640835762024, -0.13412880897521973, 0.5076871514320374, -0.8600383400917053, 0.05087147280573845, -0.09002921730279922, -0.11168339848518372, -0.9896573424339294], "cam_t_m2c": [-176.4800262451172, 193.77325439453125, 816.6915283203125], "obj_id": 0}, {"cam_R_m2c": [0.8736307621002197, 0.3918308615684509, -0.28850963711738586, 0.3073679506778717, 0.015266021713614464, 0.9514681696891785, 0.37721899151802063, -0.9199104905128479, -0.10709937661886215], "cam_t_m2c": [2.065033197402954, 219.27659606933594, 766.7449951171875], "obj_id": 3}, {"cam_R_m2c": [-0.8361390233039856, -0.08296143263578415, -0.5422073006629944, -0.5409002900123596, 0.288871169090271, 0.7899242043495178, 0.09109480679035187, 0.9537666440010071, -0.28641030192375183], "cam_t_m2c": [-20.065109252929688, 266.1798095703125, 842.477783203125], "obj_id": 0}, {"cam_R_m2c": [0.12665750086307526, -0.35406771302223206, 0.9266034364700317, 0.05105001851916313, 0.9352152347564697, 0.3503803610801697, -0.9906319975852966, 0.002924820873886347, 0.1365271806716919], "cam_t_m2c": [-484.34844970703125, 326.1374206542969, 773.2249755859375], "obj_id": 3}]
}