{
  "0": [{"cam_R_m2c": [-0.7743650674819946, 0.5851859450340271, -0.24065761268138885, -0.4860510230064392, -0.7936516404151917, -0.365884393453598, -0.4051087200641632, -0.16635623574256897, 0.8990064263343811], "cam_t_m2c": [526.8385009765625, 161.8294677734375, 3310.706787109375], "obj_id": 2}, {"cam_R_m2c": [-0.46577396988868713, -0.6600228548049927, 0.5894269943237305, 0.45973023772239685, -0.749631941318512, -0.4761299788951874, 0.7561100721359253, 0.04920843988656998, 0.6525917649269104], "cam_t_m2c": [336.73529052734375, 194.46847534179688, 2623.071044921875], "obj_id": 0}, {"cam_R_m2c": [-0.856214702129364, 0.49525877833366394, 0.14702065289020538, 0.4361220598220825, 0.5403642654418945, 0.7195860147476196, 0.2769365906715393, 0.6802390813827515, -0.6786611080169678], "cam_t_m2c": [-720.396484375, 14.703847885131836, 3760.2412109375], "obj_id": 0}, {"cam_R_m2c": [0.8129292130470276, 0.48476529121398926, 0.3227207660675049, 0.545412003993988, -0.4395059645175934, -0.7136947512626648, -0.20413672924041748, 0.756199061870575, -0.6216840744018555], "cam_t_m2c": [644.82763671875, -210.7937774658203, 3014.984130859375], "obj_id": 0}, {"cam_R_m2c": [0.6630345582962036, -0.6397823691368103, 0.3886692225933075, -0.5549554824829102, -0.07163291424512863, 0.8287901878356934, -0.5024038553237915, -0.7652106285095215, -0.40254583954811096], "cam_t_m2c": [-437.19549560546875, -671.2301025390625, 3869.35400390625], "obj_id": 0}, {"cam_R_m2c": [0.28908607363700867, 0.40927717089653015, -0.8654024600982666, 0.2508692145347595, -0.9047961831092834, -0.3441053628921509, -0.9238473176956177, -0.11762677133083344, -0.36423903703689575], "cam_t_m2c": [-439.5347900390625, 25.174245834350586, 2936.455078125], "obj_id": 1}, {"cam_R_m2c": [0.3496054410934448, -0.7892612218856812, 0.5048195123672485, -0.9282445907592773, -0.3648543655872345, 0.07240989059209824, 0.12703530490398407, -0.49391090869903564, -0.860182523727417], "cam_t_m2c": [54.10223388671875, -352.6255187988281, 3311.10693359375], "obj_id": 2}, {"cam_R_m2c": [0.3409668207168579, -0.8865119218826294, -0.31279101967811584, -0.8817623257637024, -0.1862311214208603, -0.43337416648864746, 0.32593995332717896, 0.4235735535621643, -0.8451914191246033], "cam_t_m2c": [209.77481079101562, -111.69623565673828, 4375.71533203125], "obj_id": 1}, {"cam_R_m2c": [0.8369044065475464, 0.4933336079120636, 0.2370927482843399, 0.4230506420135498, -0.857866644859314, 0.29170671105384827, 0.34730270504951477, -0.1438283920288086, -0.9266574382781982], "cam_t_m2c": [-456.436279296875, 548.113037109375, 2396.43212890625], "obj_id": 0}, {"cam_R_m2c": [0.3893868029117584, -0.9204087853431702, 0.03500792756676674, -0.7289859056472778, -0.33118972182273865, -0.5990767478942871, 0.5629897713661194, 0.2077523022890091, -0.7999259829521179], "cam_t_m2c": [512.4275512695312, -56.902164459228516, 3374.215087890625], "obj_id": 2}, {"cam_R_m2c": [-0.9122557044029236, 0.3544240891933441, 0.20536008477210999, 0.3782055377960205, 0.9213396906852722, 0.08996514230966568, -0.15732057392597198, 0.15973955392837524, -0.9745425581932068], "cam_t_m2c": [-295.190673828125, -29.569488525390625, 3073.753662109375], "obj_id": 2}, {"cam_R_m2c": [-0.4586487114429474, 0.7870685458183289, -0.4125099778175354, 0.7992348670959473, 0.16246582567691803, -0.5786436796188354, -0.3884134590625763, -0.5950865149497986, -0.7035673260688782], "cam_t_m2c": [-111.16402435302734, -53.79219436645508, 4078.4150390625], "obj_id": 2}, {"cam_R_m2c": [-0.08413241058588028, -0.9960330128669739, 0.028980666771531105, -0.4816652834415436, 0.06611096858978271, 0.8738580346107483, -0.8723074197769165, 0.05956083536148071, -0.48531660437583923], "cam_t_m2c": [-309.0845947265625, -681.9159545898438, 3925.10107421875], "obj_id": 2}, {"cam_R_m2c": [0.41038253903388977, -0.9116666316986084, -0.02121521346271038, -0.8843210339546204, -0.4035371243953705, 0.23480643332004547, -0.22262632846832275, -0.07759939879179001, -0.971810519695282], "cam_t_m2c": [411.009765625, -12.339173316955566, 2621.32568359375], "obj_id": 0}, {"cam_R_m2c": [-0.9898266792297363, 0.043296799063682556, -0.13553006947040558, -0.06933527439832687, 0.6850181221961975, 0.7252191305160522, 0.1242402121424675, 0.7272382974624634, -0.6750471591949463], "cam_t_m2c": [430.880615234375, 316.8953552246094, 2949.428466796875], "obj_id": 1}, {"cam_R_m2c": [0.7568926215171814, 0.43154633045196533, -0.49079659581184387, -0.2693645656108856, 0.8902239203453064, 0.3673473596572876, 0.5954462885856628, -0.14583931863307953, 0.7900472283363342], "cam_t_m2c": [-571.0780029296875, 26.1117000579834, 2874.612060546875], "obj_id": 1}, {"cam_R_m2c": [-0.16543664038181305, -0.5671716928482056, -0.8068126440048218, -0.3515036106109619, -0.7304498553276062, 0.5855661630630493, -0.9214529991149902, 0.380471795797348, -0.07851948589086533], "cam_t_m2c": [-303.93951416015625, -392.5399169921875, 4182.857421875], "obj_id": 0}, {"cam_R_m2c": [-0.19453665614128113, -0.9768217206001282, 0.08930107951164246, 0.6099323034286499, -0.04916305094957352, 0.790926992893219, -0.768204391002655, 0.20833194255828857, 0.6053591966629028], "cam_t_m2c": [-852.26904296875, -206.88241577148438, 3904.241455078125], "obj_id": 2}, {"cam_R_m2c": [0.27733850479125977, 0.01889108493924141, 0.9605864882469177, -0.15321014821529388, -0.9861429929733276, 0.063628189265728, 0.9484776854515076, -0.1648181527853012, -0.2706010937690735], "cam_t_m2c": [-259.5422668457031, -384.9040222167969, 3573.9130859375], "obj_id": 2}, {"cam_R_m2c": [0.02074042521417141, -0.7072643637657166, 0.7066447734832764, -0.43711021542549133, -0.6420809626579285, -0.6298146843910217, 0.8991687297821045, -0.2958190441131592, -0.32246944308280945], "cam_t_m2c": [-501.1786804199219, -269.95697021484375, 3501.64599609375], "obj_id": 0}, {"cam_R_m2c": [0.3228575885295868, 0.6619288921356201, -0.6764710545539856, 0.8080695271492004, 0.1793205291032791, 0.5611308217048645, 0.49273383617401123, -0.7278009653091431, -0.4769895374774933], "cam_t_m2c": [213.71238708496094, -590.9429931640625, 3941.2939453125], "obj_id": 0}, {"cam_R_m2c": [-0.7273308634757996, -0.007219047751277685, -0.6862490177154541, 0.4984433948993683, -0.6929070949554443, -0.5209932923316956, -0.47174572944641113, -0.720990777015686, 0.5075709819793701], "cam_t_m2c": [-335.4282531738281, -310.88739013671875, 3737.72119140625], "obj_id": 2}, {"cam_R_m2c": [0.14017736911773682, 0.9863800406455994, 0.08605195581912994, -0.18252143263816833, -0.05967799201607704, 0.9813891649246216, 0.9731579422950745, -0.15327496826648712, 0.1716698706150055], "cam_t_m2c": [200.3528289794922, -728.170166015625, 4040.174560546875], "obj_id": 0}, {"cam_R_m2c": [-0.024835797026753426, 0.6926702260971069, -0.7208266854286194, -0.3533025085926056, 0.6684367060661316, 0.6544995903968811, 0.9351794123649597, 0.2709248960018158, 0.22812098264694214], "cam_t_m2c": [834.3529052734375, 49.198055267333984, 3611.654052734375], "obj_id": 2}, {"cam_R_m2c": [0.9027129411697388, 0.22065769135951996, 0.3693501353263855, -0.014752642251551151, 0.8738380074501038, -0.48599326610565186, -0.42999035120010376, 0.43326354026794434, 0.7920801639556885], "cam_t_m2c": [633.027587890625, -80.95391082763672, 3869.5126953125], "obj_id": 2}, {"cam_R_m2c": [-0.9787843227386475, 0.10380130261182785, 0.1766543686389923, 0.039232708513736725, 0.941169023513794, -0.3356510400772095, -0.20110264420509338, -0.3215993046760559, -0.9252738952636719], "cam_t_m2c": [262.1707763671875, 218.63201904296875, 3058.1044921875], "obj_id": 1}, {"cam_R_m2c": [0.09875541180372238, -0.39864903688430786, -0.9117709994316101, -0.7094899415969849, 0.6142578125, -0.3454148769378662, 0.6977617740631104, 0.6810039281845093, -0.222176194190979], "cam_t_m2c": [474.0545349121094, -409.7104187011719, 4139.2412109375], "obj_id": 1}, {"cam_R_m2c": [0.32059428095817566, 0.8038366436958313, 0.5010647177696228, -0.5980257987976074, 0.581996738910675, -0.5510398149490356, -0.7345640659332275, -0.12298944592475891, 0.6672999262809753], "cam_t_m2c": [703.0598754882812, -329.47955322265625, 3532.202392578125], "obj_id": 1}, {"cam_R_m2c": [-0.7061617970466614, -0.2294693887233734, -0.6698352694511414, -0.7078993320465088, 0.20926199853420258, 0.6746020317077637, -0.014629459008574486, 0.9505541324615479, -0.3102140426635742], "cam_t_m2c": [-39.64561080932617, -700.9015502929688, 4199.1416015625], "obj_id": 1}, {"cam_R_m2c": [0.11960631608963013, -0.11996947228908539, 0.985546350479126, 0.6011647582054138, -0.7812535762786865, -0.16805872321128845, 0.7901235818862915, 0.6125766038894653, -0.02132139727473259], "cam_t_m2c": [526.0248413085938, -223.89840698242188, 3052.732177734375], "obj_id": 0}, {"cam_R_m2c": [-0.03058459423482418, 0.6160923838615417, 0.7870798707008362, 0.5345991849899292, -0.6552695631980896, 0.5336905121803284, 0.8445521593093872, 0.43709495663642883, -0.3093213438987732], "cam_t_m2c": [984.6063232421875, -312.52008056640625, 3012.790771484375], "obj_id": 2}, {"cam_R_m2c": [-0.27656853199005127, -0.7407626509666443, -0.61219322681427, -0.6703404188156128, 0.6051724553108215, -0.42942988872528076, 0.6885880827903748, 0.29161104559898376, -0.6639348268508911], "cam_t_m2c": [416.6505126953125, 570.3106079101562, 3092.48974609375], "obj_id": 0}, {"cam_R_m2c": [-0.31490370631217957, -0.6900970339775085, 0.6516146063804626, -0.42387211322784424, 0.7165293097496033, 0.5540019869804382, -0.8492160439491272, -0.10174395143985748, -0.5181506276130676], "cam_t_m2c": [391.725830078125, -200.39414978027344, 3159.136474609375], "obj_id": 2}, {"cam_R_m2c": [0.024691803380846977, 0.8910353779792786, -0.45326170325279236, -0.5285391211509705, -0.37321409583091736, -0.7624680399894714, -0.8485497236251831, 0.25839319825172424, 0.46173182129859924], "cam_t_m2c": [623.2946166992188, 457.6724853515625, 3256.543701171875], "obj_id": 0}, {"cam_R_m2c": [0.08300625532865524, -0.7524577379226685, -0.6533889770507812, -0.5802737474441528, -0.5695301294326782, 0.582166314125061, -0.8101803660392761, 0.33082109689712524, -0.48390600085258484], "cam_t_m2c": [24.650432586669922, 29.870779037475586, 2591.49755859375], "obj_id": 0}, {"cam_R_m2c": [-0.08750827610492706, -0.5976780652999878, -0.796946108341217, 0.9004741311073303, -0.3895905613899231, 0.19330137968063354, -0.4260147213935852, -0.7007139325141907, 0.5722861289978027], "cam_t_m2c": [-366.7275390625, -90.79301452636719, 3419.86474609375], "obj_id": 0}, {"cam_R_m2c": [0.6229972243309021, 0.5913538336753845, 0.5120303630828857, 0.43008527159690857, 0.2878044843673706, -0.8556840419769287, -0.6533766984939575, 0.7533054947853088, -0.07503116130828857], "cam_t_m2c": [-297.2550354003906, 325.16925048828125, 2536.111328125], "obj_id": 2}, {"cam_R_m2c": [-0.46066343784332275, 0.8743264675140381, 0.15278156101703644, 0.8141870498657227, 0.48480334877967834, -0.3194763660430908, -0.3533956706523895, -0.022778332233428955, -0.9351964592933655], "cam_t_m2c": [491.53271484375, -421.8013610839844, 4040.99462890625], "obj_id": 2}, {"cam_R_m2c": [-0.46406030654907227, -0.05277518555521965, -0.8842300176620483, -0.6797728538513184, -0.6188024878501892, 0.3936905860900879, -0.567940890789032, 0.7837717533111572, 0.2512865960597992], "cam_t_m2c": [69.42413330078125, 374.111083984375, 3075.850830078125], "obj_id": 2}, {"cam_R_m2c": [-0.09892280399799347, -0.7445293068885803, -0.6602198481559753, 0.879411518573761, 0.2450740784406662, -0.408134788274765, 0.4656710624694824, -0.620978832244873, 0.630504310131073], "cam_t_m2c": [408.91998291015625, -703.7864379882812, 4113.330078125], "obj_id": 0}, {"cam_R_m2c": [0.9283078908920288, 0.3662770092487335, -0.06391893327236176, -0.10539966076612473, 0.4240945875644684, 0.8994635343551636, 0.35656049847602844, -0.8282420039176941, 0.4322958290576935], "cam_t_m2c": [-294.0447082519531, 1.199483871459961, 4062.13720703125], "obj_id": 2}, {"cam_R_m2c": [-0.1031448245048523, 0.9843072295188904, -0.14317913353443146, 0.8530339002609253, 0.16156913340091705, 0.4962141215801239, 0.5115604996681213, -0.07095471024513245, -0.8563124537467957], "cam_t_m2c": [-22.782285690307617, 390.7391357421875, 3370.300537109375], "obj_id": 1}, {"cam_R_m2c": [-0.013880432583391666, -0.9561466574668884, -0.29255905747413635, -0.6265830397605896, -0.219697505235672, 0.7477477192878723, -0.7792310118675232, 0.19369164109230042, -0.5960557460784912], "cam_t_m2c": [503.621826171875, -630.303955078125, 3981.590087890625], "obj_id": 2}, {"cam_R_m2c": [-0.5896521806716919, 0.246148481965065, 0.7692341804504395, -0.26886242628097534, 0.8382817506790161, -0.4743381440639496, -0.7615926265716553, -0.486512690782547, -0.4281146228313446], "cam_t_m2c": [8.084464073181152, 327.7956237792969, 3166.0615234375], "obj_id": 2}, {"cam_R_m2c": [-0.5236358046531677, 0.012647494673728943, 0.8518483638763428, -0.8328834176063538, -0.21791337430477142, -0.5087425708770752, 0.17919482290744781, -0.9758861660957336, 0.12464112043380737], "cam_t_m2c": [718.8738403320312, 320.1600036621094, 3618.86962890625], "obj_id": 1}, {"cam_R_m2c": [0.04596088081598282, 0.4330412745475769, 0.9002014994621277, -0.9086967706680298, 0.39242541790008545, -0.14238135516643524, -0.4149189591407776, -0.8114662766456604, 0.4115394353866577], "cam_t_m2c": [-502.9725341796875, 104.68701934814453, 2573.0048828125], "obj_id": 2}, {"cam_R_m2c": [0.736889660358429, -0.5645027160644531, 0.37192779779434204, 0.2571850121021271, -0.27470582723617554, -0.9264947175979614, 0.6251795887947083, 0.7783786654472351, -0.05724622681736946], "cam_t_m2c": [721.26123046875, -126.44278717041016, 3449.727783203125], "obj_id": 2}, {"cam_R_m2c": [0.7056438326835632, 0.4195338785648346, -0.571014940738678, -0.7077956199645996, 0.37976452708244324, -0.5956543684005737, -0.03304601088166237, 0.824481725692749, 0.5649228096008301], "cam_t_m2c": [-452.5332946777344, -7.837483882904053, 3992.040771484375], "obj_id": 0}, {"cam_R_m2c": [0.16782958805561066, 0.09786438941955566, -0.9809463620185852, -0.7121137380599976, 0.7001367807388306, -0.05198583006858826, 0.6817090511322021, 0.7072701454162598, 0.18719422817230225], "cam_t_m2c": [-792.2824096679688, -103.03010559082031, 2897.6279296875], "obj_id": 2}, {"cam_R_m2c": [0.6343300938606262, -0.6148109436035156, 0.46865010261535645, -0.5554333329200745, -0.7841156721115112, -0.27686914801597595, 0.5376980304718018, -0.08467745780944824, -0.8388746380805969], "cam_t_m2c": [358.29681396484375, -551.0103759765625, 3882.5], "obj_id": 2}, {"cam_R_m2c": [-0.7433858513832092, 0.46392640471458435, 0.48181939125061035, 0.051580410450696945, 0.757973313331604, -0.6502430438995361, -0.6668711304664612, -0.45852896571159363, -0.5873961448669434], "cam_t_m2c": [543.7068481445312, -180.0870819091797, 3505.684814453125], "obj_id": 0}, {"cam_R_m2c": [0.22038200497627258, 0.18413680791854858, -0.9578754901885986, -0.8007478713989258, -0.5266058444976807, -0.2854629456996918, -0.5569870471954346, 0.8299276232719421, 0.03139270469546318], "cam_t_m2c": [610.73046875, -154.382568359375, 3400.166259765625], "obj_id": 0}, {"cam_R_m2c": [-0.5642233490943909, 0.8186793327331543, -0.10684601962566376, 0.5165166258811951, 0.45097461342811584, 0.7278958559036255, 0.644098162651062, 0.35550814867019653, -0.677311897277832], "cam_t_m2c": [-993.4432373046875, -356.8381042480469, 3234.050537109375], "obj_id": 2}, {"cam_R_m2c": [0.004326109774410725, 0.2793090045452118, -0.9601914286613464, -0.9968229532241821, -0.07516134530305862, -0.026354679837822914, -0.07953047752380371, 0.957254946231842, 0.27809658646583557], "cam_t_m2c": [-56.158180236816406, -309.4929504394531, 3082.34765625], "obj_id": 2}, {"cam_R_m2c": [0.4936521649360657, 0.3474445641040802, -0.797238826751709, 0.7750716209411621, 0.23999977111816406, 0.5845203399658203, 0.39442551136016846, -0.9064669609069824, -0.15081799030303955], "cam_t_m2c": [148.82554626464844, 493.88885498046875, 2898.79296875], "obj_id": 2}, {"cam_R_m2c": [0.07574440538883209, 0.9825339913368225, 0.16996999084949493, -0.4587395191192627, 0.18568602204322815, -0.8689526915550232, -0.8853365778923035, -0.012153638526797295, 0.46479183435440063], "cam_t_m2c": [-439.8861083984375, -621.3429565429688, 3818.366943359375], "obj_id": 0}, {"cam_R_m2c": [-0.04084775224328041, 0.471638560295105, 0.8808452486991882, -0.9825496673583984, -0.17906531691551208, 0.05031430348753929, 0.18145909905433655, -0.8634190559387207, 0.47072285413742065], "cam_t_m2c": [769.5319213867188, 43.712703704833984, 3364.974365234375], "obj_id": 1}, {"cam_R_m2c": [0.9751863479614258, -0.1646851897239685, -0.14795400202274323, 0.16569118201732635, 0.0996953696012497, 0.9811253547668457, -0.14682653546333313, -0.9812947511672974, 0.12450845539569855], "cam_t_m2c": [-573.057861328125, -414.7666931152344, 3231.93505859375], "obj_id": 1}, {"cam_R_m2c": [0.211846724152565, -0.7541396617889404, 0.6216062903404236, 0.6465702056884766, -0.36879754066467285, -0.6677838563919067, 0.7328491806983948, 0.5433799028396606, 0.409475713968277], "cam_t_m2c": [-688.4542236328125, -63.449405670166016, 2674.243408203125], "obj_id": 1}, {"cam_R_m2c": [-0.5664105415344238, -0.7904363870620728, -0.23321464657783508, -0.0077521600760519505, 0.28808295726776123, -0.9575740098953247, 0.824086606502533, -0.5405722260475159, -0.16930072009563446], "cam_t_m2c": [893.8255615234375, 298.019287109375, 2972.959716796875], "obj_id": 0}, {"cam_R_m2c": [0.3027704954147339, 0.8460273146629333, 0.4388253092765808, 0.8409642577171326, -0.45380711555480957, 0.29468274116516113, 0.44845178723335266, 0.2798151969909668, -0.8488780856132507], "cam_t_m2c": [-416.0756530761719, -233.13755798339844, 3239.65234375], "obj_id": 1}, {"cam_R_m2c": [-0.5792728066444397, 0.17946414649486542, 0.7951324582099915, -0.18331164121627808, -0.9791572093963623, 0.08745230734348297, 0.7942542433738708, -0.09509828686714172, 0.6000970602035522], "cam_t_m2c": [157.46441650390625, 323.5870056152344, 3579.5654296875], "obj_id": 0}, {"cam_R_m2c": [-0.5642763376235962, 0.6887145042419434, -0.45526280999183655, -0.6396985054016113, -0.7133356928825378, -0.2862476706504822, -0.5218982100486755, 0.12970814108848572, 0.8430883884429932], "cam_t_m2c": [-636.331787109375, -385.7939147949219, 3449.28369140625], "obj_id": 1}, {"cam_R_m2c": [-0.23275995254516602, -0.9227373600006104, -0.3072105348110199, -0.5894975662231445, -0.11737893521785736, 0.7991962432861328, -0.7735083699226379, 0.3671208620071411, -0.5166301727294922], "cam_t_m2c": [695.972900390625, 255.18507385253906, 2990.716064453125], "obj_id": 0}, {"cam_R_m2c": [0.06477431952953339, 0.4932323396205902, -0.8674826622009277, 0.758771538734436, 0.5402648448944092, 0.36384013295173645, 0.648128092288971, -0.6817886233329773, -0.33925536274909973], "cam_t_m2c": [243.15122985839844, -102.49459075927734, 3967.5068359375], "obj_id": 0}, {"cam_R_m2c": [-0.18788452446460724, 0.844459593296051, -0.5015847682952881, -0.8845452666282654, 0.07650527358055115, 0.46013757586479187, 0.426941454410553, 0.5301271677017212, 0.7325886487960815], "cam_t_m2c": [679.3598022460938, 507.2954406738281, 2986.01708984375], "obj_id": 2}, {"cam_R_m2c": [0.11542946100234985, 0.6493406295776367, 0.7516866326332092, 0.9729599952697754, 0.07850366085767746, -0.21722333133220673, -0.200062096118927, 0.7564350366592407, -0.6227208375930786], "cam_t_m2c": [-377.8584899902344, -17.292953491210938, 4041.779541015625], "obj_id": 2}, {"cam_R_m2c": [0.8931491374969482, 0.31360843777656555, -0.3223884701728821, -0.08671002089977264, 0.8234183192253113, 0.5607705116271973, 0.4413229823112488, -0.47289741039276123, 0.7626283764839172], "cam_t_m2c": [443.8277893066406, -346.9331970214844, 3192.483154296875], "obj_id": 0}, {"cam_R_m2c": [0.897101640701294, -0.09979014843702316, 0.43040746450424194, 0.4167659878730774, -0.1322794258594513, -0.8993375897407532, 0.1466791182756424, 0.9861764311790466, -0.0770789384841919], "cam_t_m2c": [-192.08554077148438, -237.00537109375, 4141.55078125], "obj_id": 0}, {"cam_R_m2c": [-0.2585781216621399, 0.5255136489868164, -0.8105385303497314, -0.9244047999382019, -0.3781576156616211, 0.04972479119896889, -0.2803802788257599, 0.7621234655380249, 0.583570659160614], "cam_t_m2c": [335.8632507324219, -15.827596664428711, 3840.1025390625], "obj_id": 0}, {"cam_R_m2c": [0.7493415474891663, 0.27295881509780884, -0.6033081412315369, 0.0641983225941658, -0.9367433190345764, -0.34407931566238403, -0.6590643525123596, 0.21910156309604645, -0.7194641828536987], "cam_t_m2c": [317.2789306640625, 475.51654052734375, 3265.045166015625], "obj_id": 1}, {"cam_R_m2c": [0.9492553472518921, -0.3139688968658447, -0.018380681052803993, 0.31429681181907654, 0.9448676109313965, 0.09188393503427505, -0.011481387540698051, -0.09299830347299576, 0.9956000447273254], "cam_t_m2c": [690.1156616210938, -337.55987548828125, 3663.42236328125], "obj_id": 2}, {"cam_R_m2c": [0.03215756639838219, 0.9992544054985046, -0.021359743550419807, -0.6756388545036316, 0.03748162090778351, 0.7362791895866394, 0.7365309596061707, -0.009245389141142368, 0.6763405799865723], "cam_t_m2c": [-449.4471130371094, 53.338226318359375, 3605.114013671875], "obj_id": 2}, {"cam_R_m2c": [-0.6605026125907898, 0.6824635863304138, 0.3130175471305847, -0.2762320339679718, 0.16678112745285034, -0.9465093612670898, -0.6981635689735413, -0.7116372585296631, 0.07835884392261505], "cam_t_m2c": [1066.850830078125, 198.22885131835938, 3173.025390625], "obj_id": 0}, {"cam_R_m2c": [0.14713157713413239, 0.9707821011543274, -0.1895631104707718, 0.9864194989204407, -0.1298663169145584, 0.10055360198020935, 0.07299775630235672, -0.20178335905075073, -0.97670578956604], "cam_t_m2c": [561.1597290039062, 435.20166015625, 2952.296875], "obj_id": 1}, {"cam_R_m2c": [-0.052273258566856384, 0.3648727834224701, -0.929588794708252, 0.6646530032157898, -0.6820290088653564, -0.3050783574581146, -0.7453213334083557, -0.6338014006614685, -0.20686186850070953], "cam_t_m2c": [-272.18438720703125, 372.51531982421875, 2738.6494140625], "obj_id": 2}, {"cam_R_m2c": [-0.5893798470497131, -0.05292825400829315, 0.8061201572418213, -0.7681527137756348, 0.3456919491291046, -0.5389233231544495, -0.25014492869377136, -0.9368540644645691, -0.2444007843732834], "cam_t_m2c": [786.6376953125, -109.42549896240234, 3236.007080078125], "obj_id": 2}, {"cam_R_m2c": [0.5826097130775452, 0.5285821557044983, -0.6173871159553528, -0.7975713610649109, 0.22569799423217773, -0.5594106316566467, -0.1563514769077301, 0.8183283805847168, 0.5530758500099182], "cam_t_m2c": [145.0203857421875, -37.90392303466797, 2637.60888671875], "obj_id": 2}, {"cam_R_m2c": [0.4320065677165985, 0.266851544380188, -0.8614874482154846, 0.6398822069168091, -0.7638380527496338, 0.08427515625953674, -0.6355478763580322, -0.5876578688621521, -0.5007365942001343], "cam_t_m2c": [-799.1626586914062, 555.4949951171875, 3102.22265625], "obj_id": 0}, {"cam_R_m2c": [0.6545397043228149, -0.7449929118156433, 0.12869875133037567, -0.41880205273628235, -0.21556547284126282, 0.8821203708648682, -0.6294304132461548, -0.6312820911407471, -0.45310071110725403], "cam_t_m2c": [-636.2969970703125, 316.8779602050781, 2962.492431640625], "obj_id": 2}, {"cam_R_m2c": [-0.08238337188959122, 0.5852674841880798, -0.8066442012786865, 0.6946278810501099, -0.5466750860214233, -0.46758779883384705, -0.7146362662315369, -0.5988390445709229, -0.36150607466697693], "cam_t_m2c": [-136.7477569580078, 41.12259292602539, 3479.064208984375], "obj_id": 1}, {"cam_R_m2c": [-0.14513394236564636, 0.3171178996562958, -0.9372150897979736, 0.9453130960464478, 0.3240894079208374, -0.036728635430336, 0.29209408164024353, -0.89129239320755, -0.34681200981140137], "cam_t_m2c": [-426.7238464355469, 261.7885437011719, 2715.928466796875], "obj_id": 0}, {"cam_R_m2c": [0.5910402536392212, -0.8065996170043945, 0.008269252255558968, 0.5354673266410828, 0.38465842604637146, -0.751872718334198, 0.6032794713973999, 0.4488149583339691, 0.6592563986778259], "cam_t_m2c": [-760.5144653320312, 487.67584228515625, 3125.404541015625], "obj_id": 0}, {"cam_R_m2c": [0.6070483326911926, 0.4045482277870178, -0.6839832067489624, -0.6310688257217407, -0.27768224477767944, -0.7243234515190125, -0.48295387625694275, 0.8713397979736328, 0.08673130720853806], "cam_t_m2c": [-449.7517395019531, 389.4079895019531, 3106.065673828125], "obj_id": 1}, {"cam_R_m2c": [-0.8798575401306152, -0.4737694263458252, 0.03732629865407944, -0.30653107166290283, 0.5057398676872253, -0.806390643119812, 0.36316582560539246, -0.7209505438804626, -0.590204119682312], "cam_t_m2c": [544.1447143554688, -379.2649841308594, 3525.507568359375], "obj_id": 0}, {"cam_R_m2c": [0.6160894632339478, -0.7626993060112, -0.19678279757499695, 0.6688764691352844, 0.37464380264282227, 0.6420640349388123, -0.41597840189933777, -0.5271922945976257, 0.7409657835960388], "cam_t_m2c": [-142.4334259033203, -545.6389770507812, 4055.530517578125], "obj_id": 1}, {"cam_R_m2c": [-0.8467289209365845, 0.3867565989494324, 0.36533471941947937, -0.22714529931545258, -0.8837544918060303, 0.40912458300590515, 0.48109784722328186, 0.2634335458278656, 0.8361504673957825], "cam_t_m2c": [140.08534240722656, 723.13818359375, 2813.736328125], "obj_id": 1}, {"cam_R_m2c": [0.5985386967658997, -0.5212920904159546, -0.6082811951637268, 0.45159056782722473, -0.40760916471481323, 0.793675422668457, -0.6616777181625366, -0.7497395277023315, -0.008559269830584526], "cam_t_m2c": [128.57350158691406, -96.06781005859375, 3538.194580078125], "obj_id": 1}, {"cam_R_m2c": [-0.6756000518798828, 0.7350051403045654, 0.05772333964705467, 0.6461696624755859, 0.5526041388511658, 0.5263966917991638, 0.3550061285495758, 0.3929327130317688, -0.8482773900032043], "cam_t_m2c": [-124.19303131103516, 445.16961669921875, 3022.79443359375], "obj_id": 1}, {"cam_R_m2c": [0.34052836894989014, 0.8853707909584045, -0.316478967666626, -0.8567613363265991, 0.15354090929031372, -0.4923262298107147, -0.3872988224029541, 0.4387979805469513, 0.8108365535736084], "cam_t_m2c": [250.22750854492188, -335.94677734375, 4454.12890625], "obj_id": 1}, {"cam_R_m2c": [0.49994510412216187, 0.2815263271331787, 0.8190224766731262, -0.8621238470077515, 0.2518043518066406, 0.43970105051994324, -0.08244600892066956, -0.9259251952171326, 0.36859890818595886], "cam_t_m2c": [706.5929565429688, 317.037841796875, 3545.58740234375], "obj_id": 0}, {"cam_R_m2c": [0.5572320818901062, -0.4844158887863159, -0.6744135022163391, 0.05903366580605507, 0.8332534432411194, -0.5497305989265442, 0.8282555937767029, 0.266514390707016, 0.4929124116897583], "cam_t_m2c": [79.19606018066406, -861.5243530273438, 4045.294677734375], "obj_id": 2}, {"cam_R_m2c": [0.44615641236305237, 0.7109335064888, -0.5436156988143921, -0.3339768946170807, 0.6958026885986328, 0.6358600854873657, 0.8303034901618958, -0.10213799774646759, 0.5478721857070923], "cam_t_m2c": [-214.66661071777344, 107.32646942138672, 2729.90771484375], "obj_id": 1}, {"cam_R_m2c": [0.14945359528064728, 0.24509041011333466, 0.9579114317893982, -0.4631232023239136, 0.8733038902282715, -0.15118619799613953, -0.873602032661438, -0.42103567719459534, 0.24402546882629395], "cam_t_m2c": [-553.0847778320312, 52.484649658203125, 4157.78955078125], "obj_id": 0}, {"cam_R_m2c": [-0.06170225143432617, 0.30124396085739136, -0.9515485763549805, 0.9935613870620728, -0.07222127169370651, -0.08729065954685211, -0.0950179249048233, -0.950808048248291, -0.29484808444976807], "cam_t_m2c": [574.8051147460938, 345.8086853027344, 3135.063720703125], "obj_id": 0}, {"cam_R_m2c": [0.37133416533470154, -0.15695171058177948, -0.915137767791748, 0.7919339537620544, 0.5680693984031677, 0.22391457855701447, 0.48471799492836, -0.8078758120536804, 0.3352389633655548], "cam_t_m2c": [-0.5384402871131897, -1.2098634243011475, 3256.288330078125], "obj_id": 2}, {"cam_R_m2c": [-0.9610090255737305, -0.16989479959011078, -0.21816867589950562, 0.16889934241771698, -0.985356867313385, 0.02334531582891941, -0.21894022822380066, -0.014413487166166306, 0.975631833076477], "cam_t_m2c": [-554.0150756835938, 116.42217254638672, 3594.91357421875], "obj_id": 1}, {"cam_R_m2c": [0.6008746027946472, -0.04189473018050194, 0.7982446551322937, -0.585547924041748, 0.6567228436470032, 0.47523537278175354, -0.5441353917121887, -0.752967357635498, 0.3700767159461975], "cam_t_m2c": [-900.9127807617188, -37.19195556640625, 3529.974365234375], "obj_id": 0}, {"cam_R_m2c": [0.09455136954784393, -0.4436824917793274, 0.8911821842193604, 0.20510531961917877, 0.8846692442893982, 0.41867896914482117, -0.9741620421409607, 0.1431995928287506, 0.17464834451675415], "cam_t_m2c": [-462.18505859375, -260.4108581542969, 3082.1015625], "obj_id": 1}, {"cam_R_m2c": [0.15834499895572662, 0.8982506990432739, 0.409966379404068, 0.683953583240509, -0.3992421329021454, 0.6105841994285583, 0.7121335864067078, 0.1837150901556015, -0.6775797605514526], "cam_t_m2c": [512.562744140625, 86.20437622070312, 2929.08056640625], "obj_id": 2}]
}