{
  "0": [{"cam_R_m2c": [-0.18175911903381348, -0.6745567321777344, -0.7154975533485413, -0.5850331783294678, 0.6590152382850647, -0.4726892113685608, 0.7903794646263123, 0.3326742351055145, -0.5144200921058655], "cam_t_m2c": [74.5858383178711, -103.04344177246094, 1260.3890380859375], "obj_id": 3}, {"cam_R_m2c": [-0.30158931016921997, 0.9405627846717834, -0.15615874528884888, -0.3968449532985687, 0.025089355185627937, 0.9175426959991455, 0.8669244050979614, 0.3386918902397156, 0.3656909167766571], "cam_t_m2c": [124.71524810791016, 343.4219055175781, 340.0186462402344], "obj_id": 2}, {"cam_R_m2c": [-0.03316750377416611, 0.7291332483291626, -0.6835675835609436, 0.8132290840148926, -0.37790021300315857, -0.44254934787750244, -0.5809977650642395, -0.5705752968788147, -0.5804183483123779], "cam_t_m2c": [281.50653076171875, -78.35662078857422, 1096.36376953125], "obj_id": 3}, {"cam_R_m2c": [-0.20245473086833954, -0.6168048977851868, -0.7606337070465088, 0.36123210191726685, 0.6749078631401062, -0.6434366106987, 0.9102324843406677, -0.4050321877002716, 0.08617149293422699], "cam_t_m2c": [204.77406311035156, -150.499755859375, 1387.1195068359375], "obj_id": 1}, {"cam_R_m2c": [0.2532211244106293, 0.9024491310119629, -0.34851786494255066, 0.5456833839416504, 0.16423365473747253, 0.8217402696609497, 0.7988171577453613, -0.3982624411582947, -0.4508640766143799], "cam_t_m2c": [-4.52815055847168, 86.5639877319336, 899.6921997070312], "obj_id": 3}, {"cam_R_m2c": [0.14582043886184692, 0.09421415627002716, 0.9848146438598633, 0.9112910032272339, -0.400260865688324, -0.09664206206798553, 0.3850778639316559, 0.9115452170372009, -0.14422261714935303], "cam_t_m2c": [-244.9742431640625, -54.05998992919922, 1033.6534423828125], "obj_id": 3}, {"cam_R_m2c": [0.051138412207365036, 0.8913721442222595, -0.45037826895713806, 0.30097684264183044, 0.4162459075450897, 0.8579931855201721, 0.9522593021392822, -0.179429829120636, -0.246996209025383], "cam_t_m2c": [-180.07594299316406, 102.14034271240234, 784.8567504882812], "obj_id": 3}, {"cam_R_m2c": [0.9814323782920837, 0.029840664938092232, -0.18947306275367737, -0.13043253123760223, -0.6204423904418945, -0.7733295559883118, -0.14063379168510437, 0.7836841344833374, -0.6050300598144531], "cam_t_m2c": [420.851318359375, 61.754798889160156, 934.3449096679688], "obj_id": 2}, {"cam_R_m2c": [0.46586936712265015, 0.31394314765930176, -0.8272879719734192, -0.7176723480224609, 0.6809625625610352, -0.1457267850637436, 0.5176022052764893, 0.6616113781929016, 0.5425479412078857], "cam_t_m2c": [-113.1334228515625, 43.251609802246094, 985.3847045898438], "obj_id": 2}, {"cam_R_m2c": [-0.7627430558204651, 0.6125742197036743, -0.20730523765087128, 0.49415603280067444, 0.7588538527488708, 0.42420586943626404, 0.41717198491096497, 0.2211190015077591, -0.8815177083015442], "cam_t_m2c": [663.2979736328125, 1.6691982746124268, 978.911865234375], "obj_id": 1}]
}