{
  "0": [{"cam_R_m2c": [0.8353612422943115, 0.47138309478759766, -0.2827889621257782, 0.13268056511878967, -0.6721336245536804, -0.7284450531005859, -0.5334486365318298, 0.5709941387176514, -0.6240177154541016], "cam_t_m2c": [-236.6068115234375, 47.73585510253906, 589.7317504882812], "obj_id": 2}, {"cam_R_m2c": [-0.26830872893333435, -0.20690691471099854, -0.940850555896759, -0.7013066411018372, 0.7115299701690674, 0.04352051019668579, 0.6604386568069458, 0.6715017557144165, -0.33601489663124084], "cam_t_m2c": [-246.2003631591797, 114.59233856201172, 838.0902709960938], "obj_id": 3}, {"cam_R_m2c": [-0.7547821402549744, 0.5633878111839294, -0.3360027074813843, -0.2547936737537384, -0.7237927913665771, -0.641251802444458, -0.6044698357582092, -0.3983941376209259, 0.6898537874221802], "cam_t_m2c": [-332.565185546875, 236.3392791748047, 764.8701171875], "obj_id": 2}, {"cam_R_m2c": [-0.40805327892303467, 0.830564022064209, 0.37901949882507324, 0.322964072227478, 0.5196341872215271, -0.7909958958625793, -0.8539242148399353, -0.20035883784294128, -0.4802807569503784], "cam_t_m2c": [7111.74462890625, -30246.94921875, -52274.078125], "obj_id": 1}],
  "1": [{"cam_R_m2c": [-0.12862801551818848, -0.9897418022155762, -0.0621771514415741, -0.9816339015960693, 0.1359802931547165, -0.1338067203760147, 0.140888974070549, 0.043823905289173126, -0.9890549182891846], "cam_t_m2c": [263.15643310546875, 16.63710594177246, 580.2228393554688], "obj_id": 2}, {"cam_R_m2c": [-0.6393370032310486, 0.30118703842163086, 0.7074846029281616, 0.7320122718811035, 0.520065188407898, 0.44010239839553833, -0.2353849709033966, 0.799261212348938, -0.5529695153236389], "cam_t_m2c": [201.3713836669922, 185.1744384765625, 764.5350952148438], "obj_id": 3}, {"cam_R_m2c": [0.519960343837738, -0.6330494284629822, -0.5734890103340149, 0.1596958041191101, -0.5875024795532227, 0.7933083176612854, -0.839129626750946, -0.5040726065635681, -0.20438261330127716], "cam_t_m2c": [367.23248291015625, 181.94386291503906, 773.248291015625], "obj_id": 2}, {"cam_R_m2c": [0.8418703079223633, -0.010082078166306019, -0.5395857095718384, -0.33184823393821716, -0.7981395125389099, -0.5028418302536011, -0.4255950450897217, 0.6023881435394287, -0.6752756834030151], "cam_t_m2c": [-636.8531494140625, -37699.2109375, -47824.78125], "obj_id": 1}]
}