{
  "0": [{"cam_R_m2c": [0.09364152699708939, -0.9095319509506226, 0.40494799613952637, -0.34801143407821655, -0.41098007559776306, -0.8426050543785095, 0.9328018426895142, -0.06202372908592224, -0.35501226782798767], "cam_t_m2c": [-175.48037719726562, -63.704505920410156, 195.99656677246094], "obj_id": 0}, {"cam_R_m2c": [0.09364152699708939, -0.9095319509506226, 0.40494799613952637, -0.34801143407821655, -0.41098007559776306, -0.8426050543785095, 0.9328018426895142, -0.06202372908592224, -0.35501226782798767], "cam_t_m2c": [-175.48037719726562, -63.704505920410156, 195.99656677246094], "obj_id": 0}, {"cam_R_m2c": [0.09364152699708939, -0.9095319509506226, 0.40494799613952637, -0.34801143407821655, -0.41098007559776306, -0.8426050543785095, 0.9328018426895142, -0.06202372908592224, -0.35501226782798767], "cam_t_m2c": [-175.48037719726562, -63.704505920410156, 195.99656677246094], "obj_id": 2}, {"cam_R_m2c": [0.09364152699708939, -0.9095319509506226, 0.40494799613952637, -0.34801143407821655, -0.41098007559776306, -0.8426050543785095, 0.9328018426895142, -0.06202372908592224, -0.35501226782798767], "cam_t_m2c": [-175.48037719726562, -63.704505920410156, 195.99656677246094], "obj_id": 3}, {"cam_R_m2c": [0.09364152699708939, -0.9095319509506226, 0.40494799613952637, -0.34801143407821655, -0.41098007559776306, -0.8426050543785095, 0.9328018426895142, -0.06202372908592224, -0.35501226782798767], "cam_t_m2c": [-175.48037719726562, -63.704505920410156, 195.99656677246094], "obj_id": 0}, {"cam_R_m2c": [0.09364152699708939, -0.9095319509506226, 0.40494799613952637, -0.34801143407821655, -0.41098007559776306, -0.8426050543785095, 0.9328018426895142, -0.06202372908592224, -0.35501226782798767], "cam_t_m2c": [-175.48037719726562, -63.704505920410156, 195.99656677246094], "obj_id": 1}, {"cam_R_m2c": [0.09364152699708939, -0.9095319509506226, 0.40494799613952637, -0.34801143407821655, -0.41098007559776306, -0.8426050543785095, 0.9328018426895142, -0.06202372908592224, -0.35501226782798767], "cam_t_m2c": [-175.48037719726562, -63.704505920410156, 195.99656677246094], "obj_id": 2}, {"cam_R_m2c": [0.09364152699708939, -0.9095319509506226, 0.40494799613952637, -0.34801143407821655, -0.41098007559776306, -0.8426050543785095, 0.9328018426895142, -0.06202372908592224, -0.35501226782798767], "cam_t_m2c": [-175.48037719726562, -63.704505920410156, 195.99656677246094], "obj_id": 0}, {"cam_R_m2c": [0.09364152699708939, -0.9095319509506226, 0.40494799613952637, -0.34801143407821655, -0.41098007559776306, -0.8426050543785095, 0.9328018426895142, -0.06202372908592224, -0.35501226782798767], "cam_t_m2c": [-175.48037719726562, -63.704505920410156, 195.99656677246094], "obj_id": 2}, {"cam_R_m2c": [0.09364152699708939, -0.9095319509506226, 0.40494799613952637, -0.34801143407821655, -0.41098007559776306, -0.8426050543785095, 0.9328018426895142, -0.06202372908592224, -0.35501226782798767], "cam_t_m2c": [-175.48037719726562, -63.704505920410156, 195.99656677246094], "obj_id": 1}, {"cam_R_m2c": [0.09364152699708939, -0.9095319509506226, 0.40494799613952637, -0.34801143407821655, -0.41098007559776306, -0.8426050543785095, 0.9328018426895142, -0.06202372908592224, -0.35501226782798767], "cam_t_m2c": [-175.48037719726562, -63.704505920410156, 195.99656677246094], "obj_id": 1}, {"cam_R_m2c": [0.09364152699708939, -0.9095319509506226, 0.40494799613952637, -0.34801143407821655, -0.41098007559776306, -0.8426050543785095, 0.9328018426895142, -0.06202372908592224, -0.35501226782798767], "cam_t_m2c": [-175.48037719726562, -63.704505920410156, 195.99656677246094], "obj_id": 1}, {"cam_R_m2c": [0.09364152699708939, -0.9095319509506226, 0.40494799613952637, -0.34801143407821655, -0.41098007559776306, -0.8426050543785095, 0.9328018426895142, -0.06202372908592224, -0.35501226782798767], "cam_t_m2c": [-175.48037719726562, -63.704505920410156, 195.99656677246094], "obj_id": 0}, {"cam_R_m2c": [0.09364152699708939, -0.9095319509506226, 0.40494799613952637, -0.34801143407821655, -0.41098007559776306, -0.8426050543785095, 0.9328018426895142, -0.06202372908592224, -0.35501226782798767], "cam_t_m2c": [-175.48037719726562, -63.704505920410156, 195.99656677246094], "obj_id": 3}, {"cam_R_m2c": [0.09364152699708939, -0.9095319509506226, 0.40494799613952637, -0.34801143407821655, -0.41098007559776306, -0.8426050543785095, 0.9328018426895142, -0.06202372908592224, -0.35501226782798767], "cam_t_m2c": [-175.48037719726562, -63.704505920410156, 195.99656677246094], "obj_id": 1}, {"cam_R_m2c": [0.09364152699708939, -0.9095319509506226, 0.40494799613952637, -0.34801143407821655, -0.41098007559776306, -0.8426050543785095, 0.9328018426895142, -0.06202372908592224, -0.35501226782798767], "cam_t_m2c": [-175.48037719726562, -63.704505920410156, 195.99656677246094], "obj_id": 2}, {"cam_R_m2c": [0.09364152699708939, -0.9095319509506226, 0.40494799613952637, -0.34801143407821655, -0.41098007559776306, -0.8426050543785095, 0.9328018426895142, -0.06202372908592224, -0.35501226782798767], "cam_t_m2c": [-175.48037719726562, -63.704505920410156, 195.99656677246094], "obj_id": 3}, {"cam_R_m2c": [0.09364152699708939, -0.9095319509506226, 0.40494799613952637, -0.34801143407821655, -0.41098007559776306, -0.8426050543785095, 0.9328018426895142, -0.06202372908592224, -0.35501226782798767], "cam_t_m2c": [-175.48037719726562, -63.704505920410156, 195.99656677246094], "obj_id": 0}, {"cam_R_m2c": [0.09364152699708939, -0.9095319509506226, 0.40494799613952637, -0.34801143407821655, -0.41098007559776306, -0.8426050543785095, 0.9328018426895142, -0.06202372908592224, -0.35501226782798767], "cam_t_m2c": [-175.48037719726562, -63.704505920410156, 195.99656677246094], "obj_id": 1}, {"cam_R_m2c": [0.09364152699708939, -0.9095319509506226, 0.40494799613952637, -0.34801143407821655, -0.41098007559776306, -0.8426050543785095, 0.9328018426895142, -0.06202372908592224, -0.35501226782798767], "cam_t_m2c": [-175.48037719726562, -63.704505920410156, 195.99656677246094], "obj_id": 1}, {"cam_R_m2c": [0.09364152699708939, -0.9095319509506226, 0.40494799613952637, -0.34801143407821655, -0.41098007559776306, -0.8426050543785095, 0.9328018426895142, -0.06202372908592224, -0.35501226782798767], "cam_t_m2c": [-175.48037719726562, -63.704505920410156, 195.99656677246094], "obj_id": 0}, {"cam_R_m2c": [0.09364152699708939, -0.9095319509506226, 0.40494799613952637, -0.34801143407821655, -0.41098007559776306, -0.8426050543785095, 0.9328018426895142, -0.06202372908592224, -0.35501226782798767], "cam_t_m2c": [-175.48037719726562, -63.704505920410156, 195.99656677246094], "obj_id": 0}, {"cam_R_m2c": [0.09364152699708939, -0.9095319509506226, 0.40494799613952637, -0.34801143407821655, -0.41098007559776306, -0.8426050543785095, 0.9328018426895142, -0.06202372908592224, -0.35501226782798767], "cam_t_m2c": [-175.48037719726562, -63.704505920410156, 195.99656677246094], "obj_id": 3}, {"cam_R_m2c": [0.09364152699708939, -0.9095319509506226, 0.40494799613952637, -0.34801143407821655, -0.41098007559776306, -0.8426050543785095, 0.9328018426895142, -0.06202372908592224, -0.35501226782798767], "cam_t_m2c": [-175.48037719726562, -63.704505920410156, 195.99656677246094], "obj_id": 3}, {"cam_R_m2c": [0.6711185574531555, 0.6975781321525574, 0.2509673237800598, -0.6431400775909424, 0.7162176966667175, -0.2709299623966217, -0.36874204874038696, 0.020418977364897728, 0.9293074607849121], "cam_t_m2c": [-318.98956298828125, -289.1868896484375, 587.6846313476562], "obj_id": 0}, {"cam_R_m2c": [-0.053734347224235535, 0.5678901672363281, 0.8213484883308411, -0.4094676077365875, -0.7627329230308533, 0.5005744099617004, 0.910740852355957, -0.30941757559776306, 0.2735176086425781], "cam_t_m2c": [-168.48336791992188, -83.8827896118164, 209.5422821044922], "obj_id": 3}, {"cam_R_m2c": [-0.7837252020835876, 0.4829275608062744, 0.39058396220207214, -0.11980292201042175, 0.4995032250881195, -0.8579882383346558, -0.6094440817832947, -0.7192201018333435, -0.3336171805858612], "cam_t_m2c": [-273.8943786621094, -169.0133056640625, 292.95025634765625], "obj_id": 3}, {"cam_R_m2c": [0.3222113251686096, -0.7610103487968445, 0.5630657076835632, -0.48699042201042175, 0.3768039047718048, 0.7879461050033569, -0.8118005394935608, -0.5280927419662476, -0.24919426441192627], "cam_t_m2c": [26.522533416748047, -10.748579025268555, 225.57821655273438], "obj_id": 3}, {"cam_R_m2c": [-0.6559057235717773, -0.12214048951864243, -0.7448955774307251, 0.681742250919342, -0.519504725933075, -0.5151139497756958, -0.32406049966812134, -0.8456929326057434, 0.4240144193172455], "cam_t_m2c": [-3120.970458984375, 6518.017578125, 2876.82568359375], "obj_id": 2}]
}