{
  "0": [{"cam_R_m2c": [-0.13266265392303467, -0.8141586184501648, 0.5652843117713928, 0.75489741563797, 0.28658226132392883, 0.5899156928062439, -0.6422854065895081, 0.5049914717674255, 0.576587438583374], "cam_t_m2c": [-46.2506217956543, -10.96995735168457, 807.9447631835938], "obj_id": 2}, {"cam_R_m2c": [0.5090030431747437, -0.00854456890374422, 0.8607223033905029, -0.6653239130973816, 0.6305361390113831, 0.3997102677822113, -0.5461319088935852, -0.7761128544807434, 0.3152599036693573], "cam_t_m2c": [-46.2506217956543, -10.96995735168457, 807.9447631835938], "obj_id": 1}, {"cam_R_m2c": [0.24826543033123016, -0.37070754170417786, -0.8949525356292725, 0.11998778581619263, -0.9049940705299377, 0.408152312040329, -0.96123206615448, -0.20871347188949585, -0.18019823729991913], "cam_t_m2c": [-46.2506217956543, -10.96995735168457, 807.9447631835938], "obj_id": 0}, {"cam_R_m2c": [-0.6709316372871399, 0.7146662473678589, 0.1977437436580658, -0.2550569176673889, 0.0279819518327713, -0.9665209650993347, -0.6962732672691345, -0.6989055871963501, 0.16350673139095306], "cam_t_m2c": [-46.2506217956543, -10.96995735168457, 807.9447631835938], "obj_id": 0}, {"cam_R_m2c": [0.2793790400028229, 0.22640030086040497, -0.9331077933311462, 0.1980268508195877, -0.9644977450370789, -0.17472587525844574, -0.9395385384559631, -0.13596569001674652, -0.31429368257522583], "cam_t_m2c": [-46.2506217956543, -10.96995735168457, 807.9447631835938], "obj_id": 0}, {"cam_R_m2c": [-0.3504725694656372, -0.9140399694442749, -0.20420552790164948, 0.9348231554031372, -0.35472342371940613, -0.01664237678050995, -0.05722469463944435, -0.19672875106334686, 0.9787865877151489], "cam_t_m2c": [-46.2506217956543, -10.96995735168457, 807.9447631835938], "obj_id": 1}, {"cam_R_m2c": [-0.5168224573135376, 0.8442999720573425, 0.14160475134849548, -0.7903010845184326, -0.40694230794906616, -0.4580633044242859, -0.32911789417266846, -0.3486478328704834, 0.8775683045387268], "cam_t_m2c": [-46.2506217956543, -10.96995735168457, 807.9447631835938], "obj_id": 2}, {"cam_R_m2c": [-0.3891223073005676, 0.6705718040466309, -0.6315990090370178, -0.5019702911376953, -0.7292522192001343, -0.4649915099143982, -0.7724051475524902, 0.13610535860061646, 0.620375394821167], "cam_t_m2c": [-46.2506217956543, -10.96995735168457, 807.9447631835938], "obj_id": 1}, {"cam_R_m2c": [0.33059561252593994, -0.8375113606452942, 0.4350647032260895, 0.40307897329330444, 0.542123556137085, 0.7373123168945312, -0.8533662557601929, -0.06838680803775787, 0.5168068408966064], "cam_t_m2c": [-46.2506217956543, -10.96995735168457, 807.9447631835938], "obj_id": 1}, {"cam_R_m2c": [-0.6873940229415894, 0.6825751066207886, -0.24815399944782257, -0.1312851905822754, 0.2192702442407608, 0.9667909145355225, 0.7143202424049377, 0.6971453428268433, -0.06111292168498039], "cam_t_m2c": [-46.2506217956543, -10.96995735168457, 807.9447631835938], "obj_id": 0}],
  "1": [{"cam_R_m2c": [-0.13266265392303467, -0.8141586184501648, 0.5652843117713928, 0.75489741563797, 0.28658226132392883, 0.5899156928062439, -0.6422854065895081, 0.5049914717674255, 0.576587438583374], "cam_t_m2c": [-46.2506217956543, -10.96995735168457, 807.9447631835938], "obj_id": 2}, {"cam_R_m2c": [0.5090030431747437, -0.00854456890374422, 0.8607223033905029, -0.6653239130973816, 0.6305361390113831, 0.3997102677822113, -0.5461319088935852, -0.7761128544807434, 0.3152599036693573], "cam_t_m2c": [-46.2506217956543, -10.96995735168457, 807.9447631835938], "obj_id": 1}, {"cam_R_m2c": [0.24826543033123016, -0.37070754170417786, -0.8949525356292725, 0.11998778581619263, -0.9049940705299377, 0.408152312040329, -0.96123206615448, -0.20871347188949585, -0.18019823729991913], "cam_t_m2c": [-46.2506217956543, -10.96995735168457, 807.9447631835938], "obj_id": 0}, {"cam_R_m2c": [-0.6709316372871399, 0.7146662473678589, 0.1977437436580658, -0.2550569176673889, 0.0279819518327713, -0.9665209650993347, -0.6962732672691345, -0.6989055871963501, 0.16350673139095306], "cam_t_m2c": [-46.2506217956543, -10.96995735168457, 807.9447631835938], "obj_id": 0}, {"cam_R_m2c": [0.2793790400028229, 0.22640030086040497, -0.9331077933311462, 0.1980268508195877, -0.9644977450370789, -0.17472587525844574, -0.9395385384559631, -0.13596569001674652, -0.31429368257522583], "cam_t_m2c": [-46.2506217956543, -10.96995735168457, 807.9447631835938], "obj_id": 0}, {"cam_R_m2c": [-0.3504725694656372, -0.9140399694442749, -0.20420552790164948, 0.9348231554031372, -0.35472342371940613, -0.01664237678050995, -0.05722469463944435, -0.19672875106334686, 0.9787865877151489], "cam_t_m2c": [-46.2506217956543, -10.96995735168457, 807.9447631835938], "obj_id": 1}, {"cam_R_m2c": [-0.5168224573135376, 0.8442999720573425, 0.14160475134849548, -0.7903010845184326, -0.40694230794906616, -0.4580633044242859, -0.32911789417266846, -0.3486478328704834, 0.8775683045387268], "cam_t_m2c": [-46.2506217956543, -10.96995735168457, 807.9447631835938], "obj_id": 2}, {"cam_R_m2c": [-0.3891223073005676, 0.6705718040466309, -0.6315990090370178, -0.5019702911376953, -0.7292522192001343, -0.4649915099143982, -0.7724051475524902, 0.13610535860061646, 0.620375394821167], "cam_t_m2c": [-46.2506217956543, -10.96995735168457, 807.9447631835938], "obj_id": 1}, {"cam_R_m2c": [0.33059561252593994, -0.8375113606452942, 0.4350647032260895, 0.40307897329330444, 0.542123556137085, 0.7373123168945312, -0.8533662557601929, -0.06838680803775787, 0.5168068408966064], "cam_t_m2c": [-46.2506217956543, -10.96995735168457, 807.9447631835938], "obj_id": 1}, {"cam_R_m2c": [-0.6873940229415894, 0.6825751066207886, -0.24815399944782257, -0.1312851905822754, 0.2192702442407608, 0.9667909145355225, 0.7143202424049377, 0.6971453428268433, -0.06111292168498039], "cam_t_m2c": [-46.2506217956543, -10.96995735168457, 807.9447631835938], "obj_id": 0}],
  "2": [{"cam_R_m2c": [-0.13266265392303467, -0.8141586184501648, 0.5652843117713928, 0.75489741563797, 0.28658226132392883, 0.5899156928062439, -0.6422854065895081, 0.5049914717674255, 0.576587438583374], "cam_t_m2c": [-46.2506217956543, -10.96995735168457, 807.9447631835938], "obj_id": 2}, {"cam_R_m2c": [0.5090030431747437, -0.00854456890374422, 0.8607223033905029, -0.6653239130973816, 0.6305361390113831, 0.3997102677822113, -0.5461319088935852, -0.7761128544807434, 0.3152599036693573], "cam_t_m2c": [-46.2506217956543, -10.96995735168457, 807.9447631835938], "obj_id": 1}, {"cam_R_m2c": [0.24826543033123016, -0.37070754170417786, -0.8949525356292725, 0.11998778581619263, -0.9049940705299377, 0.408152312040329, -0.96123206615448, -0.20871347188949585, -0.18019823729991913], "cam_t_m2c": [-46.2506217956543, -10.96995735168457, 807.9447631835938], "obj_id": 0}, {"cam_R_m2c": [-0.6709316372871399, 0.7146662473678589, 0.1977437436580658, -0.2550569176673889, 0.0279819518327713, -0.9665209650993347, -0.6962732672691345, -0.6989055871963501, 0.16350673139095306], "cam_t_m2c": [-46.2506217956543, -10.96995735168457, 807.9447631835938], "obj_id": 0}, {"cam_R_m2c": [0.2793790400028229, 0.22640030086040497, -0.9331077933311462, 0.1980268508195877, -0.9644977450370789, -0.17472587525844574, -0.9395385384559631, -0.13596569001674652, -0.31429368257522583], "cam_t_m2c": [-46.2506217956543, -10.96995735168457, 807.9447631835938], "obj_id": 0}, {"cam_R_m2c": [-0.3504725694656372, -0.9140399694442749, -0.20420552790164948, 0.9348231554031372, -0.35472342371940613, -0.01664237678050995, -0.05722469463944435, -0.19672875106334686, 0.9787865877151489], "cam_t_m2c": [-46.2506217956543, -10.96995735168457, 807.9447631835938], "obj_id": 1}, {"cam_R_m2c": [-0.5168224573135376, 0.8442999720573425, 0.14160475134849548, -0.7903010845184326, -0.40694230794906616, -0.4580633044242859, -0.32911789417266846, -0.3486478328704834, 0.8775683045387268], "cam_t_m2c": [-46.2506217956543, -10.96995735168457, 807.9447631835938], "obj_id": 2}, {"cam_R_m2c": [-0.3891223073005676, 0.6705718040466309, -0.6315990090370178, -0.5019702911376953, -0.7292522192001343, -0.4649915099143982, -0.7724051475524902, 0.13610535860061646, 0.620375394821167], "cam_t_m2c": [-46.2506217956543, -10.96995735168457, 807.9447631835938], "obj_id": 1}, {"cam_R_m2c": [0.33059561252593994, -0.8375113606452942, 0.4350647032260895, 0.40307897329330444, 0.542123556137085, 0.7373123168945312, -0.8533662557601929, -0.06838680803775787, 0.5168068408966064], "cam_t_m2c": [-46.2506217956543, -10.96995735168457, 807.9447631835938], "obj_id": 1}, {"cam_R_m2c": [-0.6873940229415894, 0.6825751066207886, -0.24815399944782257, -0.1312851905822754, 0.2192702442407608, 0.9667909145355225, 0.7143202424049377, 0.6971453428268433, -0.06111292168498039], "cam_t_m2c": [-46.2506217956543, -10.96995735168457, 807.9447631835938], "obj_id": 0}],
  "3": [{"cam_R_m2c": [-0.13266265392303467, -0.8141586184501648, 0.5652843117713928, 0.75489741563797, 0.28658226132392883, 0.5899156928062439, -0.6422854065895081, 0.5049914717674255, 0.576587438583374], "cam_t_m2c": [-46.2506217956543, -10.96995735168457, 807.9447631835938], "obj_id": 2}, {"cam_R_m2c": [0.5090030431747437, -0.00854456890374422, 0.8607223033905029, -0.6653239130973816, 0.6305361390113831, 0.3997102677822113, -0.5461319088935852, -0.7761128544807434, 0.3152599036693573], "cam_t_m2c": [-46.2506217956543, -10.96995735168457, 807.9447631835938], "obj_id": 1}, {"cam_R_m2c": [0.24826543033123016, -0.37070754170417786, -0.8949525356292725, 0.11998778581619263, -0.9049940705299377, 0.408152312040329, -0.96123206615448, -0.20871347188949585, -0.18019823729991913], "cam_t_m2c": [-46.2506217956543, -10.96995735168457, 807.9447631835938], "obj_id": 0}, {"cam_R_m2c": [-0.6709316372871399, 0.7146662473678589, 0.1977437436580658, -0.2550569176673889, 0.0279819518327713, -0.9665209650993347, -0.6962732672691345, -0.6989055871963501, 0.16350673139095306], "cam_t_m2c": [-46.2506217956543, -10.96995735168457, 807.9447631835938], "obj_id": 0}, {"cam_R_m2c": [0.2793790400028229, 0.22640030086040497, -0.9331077933311462, 0.1980268508195877, -0.9644977450370789, -0.17472587525844574, -0.9395385384559631, -0.13596569001674652, -0.31429368257522583], "cam_t_m2c": [-46.2506217956543, -10.96995735168457, 807.9447631835938], "obj_id": 0}, {"cam_R_m2c": [-0.3504725694656372, -0.9140399694442749, -0.20420552790164948, 0.9348231554031372, -0.35472342371940613, -0.01664237678050995, -0.05722469463944435, -0.19672875106334686, 0.9787865877151489], "cam_t_m2c": [-46.2506217956543, -10.96995735168457, 807.9447631835938], "obj_id": 1}, {"cam_R_m2c": [-0.5168224573135376, 0.8442999720573425, 0.14160475134849548, -0.7903010845184326, -0.40694230794906616, -0.4580633044242859, -0.32911789417266846, -0.3486478328704834, 0.8775683045387268], "cam_t_m2c": [-46.2506217956543, -10.96995735168457, 807.9447631835938], "obj_id": 2}, {"cam_R_m2c": [-0.3891223073005676, 0.6705718040466309, -0.6315990090370178, -0.5019702911376953, -0.7292522192001343, -0.4649915099143982, -0.7724051475524902, 0.13610535860061646, 0.620375394821167], "cam_t_m2c": [-46.2506217956543, -10.96995735168457, 807.9447631835938], "obj_id": 1}, {"cam_R_m2c": [0.33059561252593994, -0.8375113606452942, 0.4350647032260895, 0.40307897329330444, 0.542123556137085, 0.7373123168945312, -0.8533662557601929, -0.06838680803775787, 0.5168068408966064], "cam_t_m2c": [-46.2506217956543, -10.96995735168457, 807.9447631835938], "obj_id": 1}, {"cam_R_m2c": [-0.6873940229415894, 0.6825751066207886, -0.24815399944782257, -0.1312851905822754, 0.2192702442407608, 0.9667909145355225, 0.7143202424049377, 0.6971453428268433, -0.06111292168498039], "cam_t_m2c": [-46.2506217956543, -10.96995735168457, 807.9447631835938], "obj_id": 0}],
  "4": [{"cam_R_m2c": [-0.13266265392303467, -0.8141586184501648, 0.5652843117713928, 0.75489741563797, 0.28658226132392883, 0.5899156928062439, -0.6422854065895081, 0.5049914717674255, 0.576587438583374], "cam_t_m2c": [-46.2506217956543, -10.96995735168457, 807.9447631835938], "obj_id": 2}, {"cam_R_m2c": [0.5090030431747437, -0.00854456890374422, 0.8607223033905029, -0.6653239130973816, 0.6305361390113831, 0.3997102677822113, -0.5461319088935852, -0.7761128544807434, 0.3152599036693573], "cam_t_m2c": [-46.2506217956543, -10.96995735168457, 807.9447631835938], "obj_id": 1}, {"cam_R_m2c": [0.24826543033123016, -0.37070754170417786, -0.8949525356292725, 0.11998778581619263, -0.9049940705299377, 0.408152312040329, -0.96123206615448, -0.20871347188949585, -0.18019823729991913], "cam_t_m2c": [-46.2506217956543, -10.96995735168457, 807.9447631835938], "obj_id": 0}, {"cam_R_m2c": [-0.6709316372871399, 0.7146662473678589, 0.1977437436580658, -0.2550569176673889, 0.0279819518327713, -0.9665209650993347, -0.6962732672691345, -0.6989055871963501, 0.16350673139095306], "cam_t_m2c": [-46.2506217956543, -10.96995735168457, 807.9447631835938], "obj_id": 0}, {"cam_R_m2c": [0.2793790400028229, 0.22640030086040497, -0.9331077933311462, 0.1980268508195877, -0.9644977450370789, -0.17472587525844574, -0.9395385384559631, -0.13596569001674652, -0.31429368257522583], "cam_t_m2c": [-46.2506217956543, -10.96995735168457, 807.9447631835938], "obj_id": 0}, {"cam_R_m2c": [-0.3504725694656372, -0.9140399694442749, -0.20420552790164948, 0.9348231554031372, -0.35472342371940613, -0.01664237678050995, -0.05722469463944435, -0.19672875106334686, 0.9787865877151489], "cam_t_m2c": [-46.2506217956543, -10.96995735168457, 807.9447631835938], "obj_id": 1}, {"cam_R_m2c": [-0.5168224573135376, 0.8442999720573425, 0.14160475134849548, -0.7903010845184326, -0.40694230794906616, -0.4580633044242859, -0.32911789417266846, -0.3486478328704834, 0.8775683045387268], "cam_t_m2c": [-46.2506217956543, -10.96995735168457, 807.9447631835938], "obj_id": 2}, {"cam_R_m2c": [-0.3891223073005676, 0.6705718040466309, -0.6315990090370178, -0.5019702911376953, -0.7292522192001343, -0.4649915099143982, -0.7724051475524902, 0.13610535860061646, 0.620375394821167], "cam_t_m2c": [-46.2506217956543, -10.96995735168457, 807.9447631835938], "obj_id": 1}, {"cam_R_m2c": [0.33059561252593994, -0.8375113606452942, 0.4350647032260895, 0.40307897329330444, 0.542123556137085, 0.7373123168945312, -0.8533662557601929, -0.06838680803775787, 0.5168068408966064], "cam_t_m2c": [-46.2506217956543, -10.96995735168457, 807.9447631835938], "obj_id": 1}, {"cam_R_m2c": [-0.6873940229415894, 0.6825751066207886, -0.24815399944782257, -0.1312851905822754, 0.2192702442407608, 0.9667909145355225, 0.7143202424049377, 0.6971453428268433, -0.06111292168498039], "cam_t_m2c": [-46.2506217956543, -10.96995735168457, 807.9447631835938], "obj_id": 0}],
  "5": [{"cam_R_m2c": [-0.13266265392303467, -0.8141586184501648, 0.5652843117713928, 0.75489741563797, 0.28658226132392883, 0.5899156928062439, -0.6422854065895081, 0.5049914717674255, 0.576587438583374], "cam_t_m2c": [-46.2506217956543, -10.96995735168457, 807.9447631835938], "obj_id": 2}, {"cam_R_m2c": [0.5090030431747437, -0.00854456890374422, 0.8607223033905029, -0.6653239130973816, 0.6305361390113831, 0.3997102677822113, -0.5461319088935852, -0.7761128544807434, 0.3152599036693573], "cam_t_m2c": [-46.2506217956543, -10.96995735168457, 807.9447631835938], "obj_id": 1}, {"cam_R_m2c": [0.24826543033123016, -0.37070754170417786, -0.8949525356292725, 0.11998778581619263, -0.9049940705299377, 0.408152312040329, -0.96123206615448, -0.20871347188949585, -0.18019823729991913], "cam_t_m2c": [-46.2506217956543, -10.96995735168457, 807.9447631835938], "obj_id": 0}, {"cam_R_m2c": [-0.6709316372871399, 0.7146662473678589, 0.1977437436580658, -0.2550569176673889, 0.0279819518327713, -0.9665209650993347, -0.6962732672691345, -0.6989055871963501, 0.16350673139095306], "cam_t_m2c": [-46.2506217956543, -10.96995735168457, 807.9447631835938], "obj_id": 0}, {"cam_R_m2c": [0.2793790400028229, 0.22640030086040497, -0.9331077933311462, 0.1980268508195877, -0.9644977450370789, -0.17472587525844574, -0.9395385384559631, -0.13596569001674652, -0.31429368257522583], "cam_t_m2c": [-46.2506217956543, -10.96995735168457, 807.9447631835938], "obj_id": 0}, {"cam_R_m2c": [-0.3504725694656372, -0.9140399694442749, -0.20420552790164948, 0.9348231554031372, -0.35472342371940613, -0.01664237678050995, -0.05722469463944435, -0.19672875106334686, 0.9787865877151489], "cam_t_m2c": [-46.2506217956543, -10.96995735168457, 807.9447631835938], "obj_id": 1}, {"cam_R_m2c": [-0.5168224573135376, 0.8442999720573425, 0.14160475134849548, -0.7903010845184326, -0.40694230794906616, -0.4580633044242859, -0.32911789417266846, -0.3486478328704834, 0.8775683045387268], "cam_t_m2c": [-46.2506217956543, -10.96995735168457, 807.9447631835938], "obj_id": 2}, {"cam_R_m2c": [-0.3891223073005676, 0.6705718040466309, -0.6315990090370178, -0.5019702911376953, -0.7292522192001343, -0.4649915099143982, -0.7724051475524902, 0.13610535860061646, 0.620375394821167], "cam_t_m2c": [-46.2506217956543, -10.96995735168457, 807.9447631835938], "obj_id": 1}, {"cam_R_m2c": [0.33059561252593994, -0.8375113606452942, 0.4350647032260895, 0.40307897329330444, 0.542123556137085, 0.7373123168945312, -0.8533662557601929, -0.06838680803775787, 0.5168068408966064], "cam_t_m2c": [-46.2506217956543, -10.96995735168457, 807.9447631835938], "obj_id": 1}, {"cam_R_m2c": [-0.6873940229415894, 0.6825751066207886, -0.24815399944782257, -0.1312851905822754, 0.2192702442407608, 0.9667909145355225, 0.7143202424049377, 0.6971453428268433, -0.06111292168498039], "cam_t_m2c": [-46.2506217956543, -10.96995735168457, 807.9447631835938], "obj_id": 0}],
  "6": [{"cam_R_m2c": [-0.13266265392303467, -0.8141586184501648, 0.5652843117713928, 0.75489741563797, 0.28658226132392883, 0.5899156928062439, -0.6422854065895081, 0.5049914717674255, 0.576587438583374], "cam_t_m2c": [-46.2506217956543, -10.96995735168457, 807.9447631835938], "obj_id": 2}, {"cam_R_m2c": [0.5090030431747437, -0.00854456890374422, 0.8607223033905029, -0.6653239130973816, 0.6305361390113831, 0.3997102677822113, -0.5461319088935852, -0.7761128544807434, 0.3152599036693573], "cam_t_m2c": [-46.2506217956543, -10.96995735168457, 807.9447631835938], "obj_id": 1}, {"cam_R_m2c": [0.24826543033123016, -0.37070754170417786, -0.8949525356292725, 0.11998778581619263, -0.9049940705299377, 0.408152312040329, -0.96123206615448, -0.20871347188949585, -0.18019823729991913], "cam_t_m2c": [-46.2506217956543, -10.96995735168457, 807.9447631835938], "obj_id": 0}, {"cam_R_m2c": [-0.6709316372871399, 0.7146662473678589, 0.1977437436580658, -0.2550569176673889, 0.0279819518327713, -0.9665209650993347, -0.6962732672691345, -0.6989055871963501, 0.16350673139095306], "cam_t_m2c": [-46.2506217956543, -10.96995735168457, 807.9447631835938], "obj_id": 0}, {"cam_R_m2c": [0.2793790400028229, 0.22640030086040497, -0.9331077933311462, 0.1980268508195877, -0.9644977450370789, -0.17472587525844574, -0.9395385384559631, -0.13596569001674652, -0.31429368257522583], "cam_t_m2c": [-46.2506217956543, -10.96995735168457, 807.9447631835938], "obj_id": 0}, {"cam_R_m2c": [-0.3504725694656372, -0.9140399694442749, -0.20420552790164948, 0.9348231554031372, -0.35472342371940613, -0.01664237678050995, -0.05722469463944435, -0.19672875106334686, 0.9787865877151489], "cam_t_m2c": [-46.2506217956543, -10.96995735168457, 807.9447631835938], "obj_id": 1}, {"cam_R_m2c": [-0.5168224573135376, 0.8442999720573425, 0.14160475134849548, -0.7903010845184326, -0.40694230794906616, -0.4580633044242859, -0.32911789417266846, -0.3486478328704834, 0.8775683045387268], "cam_t_m2c": [-46.2506217956543, -10.96995735168457, 807.9447631835938], "obj_id": 2}, {"cam_R_m2c": [-0.3891223073005676, 0.6705718040466309, -0.6315990090370178, -0.5019702911376953, -0.7292522192001343, -0.4649915099143982, -0.7724051475524902, 0.13610535860061646, 0.620375394821167], "cam_t_m2c": [-46.2506217956543, -10.96995735168457, 807.9447631835938], "obj_id": 1}, {"cam_R_m2c": [0.33059561252593994, -0.8375113606452942, 0.4350647032260895, 0.40307897329330444, 0.542123556137085, 0.7373123168945312, -0.8533662557601929, -0.06838680803775787, 0.5168068408966064], "cam_t_m2c": [-46.2506217956543, -10.96995735168457, 807.9447631835938], "obj_id": 1}, {"cam_R_m2c": [-0.6873940229415894, 0.6825751066207886, -0.24815399944782257, -0.1312851905822754, 0.2192702442407608, 0.9667909145355225, 0.7143202424049377, 0.6971453428268433, -0.06111292168498039], "cam_t_m2c": [-46.2506217956543, -10.96995735168457, 807.9447631835938], "obj_id": 0}],
  "7": [{"cam_R_m2c": [-0.13266265392303467, -0.8141586184501648, 0.5652843117713928, 0.75489741563797, 0.28658226132392883, 0.5899156928062439, -0.6422854065895081, 0.5049914717674255, 0.576587438583374], "cam_t_m2c": [-46.2506217956543, -10.96995735168457, 807.9447631835938], "obj_id": 2}, {"cam_R_m2c": [0.5090030431747437, -0.00854456890374422, 0.8607223033905029, -0.6653239130973816, 0.6305361390113831, 0.3997102677822113, -0.5461319088935852, -0.7761128544807434, 0.3152599036693573], "cam_t_m2c": [-46.2506217956543, -10.96995735168457, 807.9447631835938], "obj_id": 1}, {"cam_R_m2c": [0.24826543033123016, -0.37070754170417786, -0.8949525356292725, 0.11998778581619263, -0.9049940705299377, 0.408152312040329, -0.96123206615448, -0.20871347188949585, -0.18019823729991913], "cam_t_m2c": [-46.2506217956543, -10.96995735168457, 807.9447631835938], "obj_id": 0}, {"cam_R_m2c": [-0.6709316372871399, 0.7146662473678589, 0.1977437436580658, -0.2550569176673889, 0.0279819518327713, -0.9665209650993347, -0.6962732672691345, -0.6989055871963501, 0.16350673139095306], "cam_t_m2c": [-46.2506217956543, -10.96995735168457, 807.9447631835938], "obj_id": 0}, {"cam_R_m2c": [0.2793790400028229, 0.22640030086040497, -0.9331077933311462, 0.1980268508195877, -0.9644977450370789, -0.17472587525844574, -0.9395385384559631, -0.13596569001674652, -0.31429368257522583], "cam_t_m2c": [-46.2506217956543, -10.96995735168457, 807.9447631835938], "obj_id": 0}, {"cam_R_m2c": [-0.3504725694656372, -0.9140399694442749, -0.20420552790164948, 0.9348231554031372, -0.35472342371940613, -0.01664237678050995, -0.05722469463944435, -0.19672875106334686, 0.9787865877151489], "cam_t_m2c": [-46.2506217956543, -10.96995735168457, 807.9447631835938], "obj_id": 1}, {"cam_R_m2c": [-0.5168224573135376, 0.8442999720573425, 0.14160475134849548, -0.7903010845184326, -0.40694230794906616, -0.4580633044242859, -0.32911789417266846, -0.3486478328704834, 0.8775683045387268], "cam_t_m2c": [-46.2506217956543, -10.96995735168457, 807.9447631835938], "obj_id": 2}, {"cam_R_m2c": [-0.3891223073005676, 0.6705718040466309, -0.6315990090370178, -0.5019702911376953, -0.7292522192001343, -0.4649915099143982, -0.7724051475524902, 0.13610535860061646, 0.620375394821167], "cam_t_m2c": [-46.2506217956543, -10.96995735168457, 807.9447631835938], "obj_id": 1}, {"cam_R_m2c": [0.33059561252593994, -0.8375113606452942, 0.4350647032260895, 0.40307897329330444, 0.542123556137085, 0.7373123168945312, -0.8533662557601929, -0.06838680803775787, 0.5168068408966064], "cam_t_m2c": [-46.2506217956543, -10.96995735168457, 807.9447631835938], "obj_id": 1}, {"cam_R_m2c": [-0.6873940229415894, 0.6825751066207886, -0.24815399944782257, -0.1312851905822754, 0.2192702442407608, 0.9667909145355225, 0.7143202424049377, 0.6971453428268433, -0.06111292168498039], "cam_t_m2c": [-46.2506217956543, -10.96995735168457, 807.9447631835938], "obj_id": 0}],
  "8": [{"cam_R_m2c": [-0.13266265392303467, -0.8141586184501648, 0.5652843117713928, 0.75489741563797, 0.28658226132392883, 0.5899156928062439, -0.6422854065895081, 0.5049914717674255, 0.576587438583374], "cam_t_m2c": [-46.2506217956543, -10.96995735168457, 807.9447631835938], "obj_id": 2}, {"cam_R_m2c": [0.5090030431747437, -0.00854456890374422, 0.8607223033905029, -0.6653239130973816, 0.6305361390113831, 0.3997102677822113, -0.5461319088935852, -0.7761128544807434, 0.3152599036693573], "cam_t_m2c": [-46.2506217956543, -10.96995735168457, 807.9447631835938], "obj_id": 1}, {"cam_R_m2c": [0.24826543033123016, -0.37070754170417786, -0.8949525356292725, 0.11998778581619263, -0.9049940705299377, 0.408152312040329, -0.96123206615448, -0.20871347188949585, -0.18019823729991913], "cam_t_m2c": [-46.2506217956543, -10.96995735168457, 807.9447631835938], "obj_id": 0}, {"cam_R_m2c": [-0.6709316372871399, 0.7146662473678589, 0.1977437436580658, -0.2550569176673889, 0.0279819518327713, -0.9665209650993347, -0.6962732672691345, -0.6989055871963501, 0.16350673139095306], "cam_t_m2c": [-46.2506217956543, -10.96995735168457, 807.9447631835938], "obj_id": 0}, {"cam_R_m2c": [0.2793790400028229, 0.22640030086040497, -0.9331077933311462, 0.1980268508195877, -0.9644977450370789, -0.17472587525844574, -0.9395385384559631, -0.13596569001674652, -0.31429368257522583], "cam_t_m2c": [-46.2506217956543, -10.96995735168457, 807.9447631835938], "obj_id": 0}, {"cam_R_m2c": [-0.3504725694656372, -0.9140399694442749, -0.20420552790164948, 0.9348231554031372, -0.35472342371940613, -0.01664237678050995, -0.05722469463944435, -0.19672875106334686, 0.9787865877151489], "cam_t_m2c": [-46.2506217956543, -10.96995735168457, 807.9447631835938], "obj_id": 1}, {"cam_R_m2c": [-0.5168224573135376, 0.8442999720573425, 0.14160475134849548, -0.7903010845184326, -0.40694230794906616, -0.4580633044242859, -0.32911789417266846, -0.3486478328704834, 0.8775683045387268], "cam_t_m2c": [-46.2506217956543, -10.96995735168457, 807.9447631835938], "obj_id": 2}, {"cam_R_m2c": [-0.3891223073005676, 0.6705718040466309, -0.6315990090370178, -0.5019702911376953, -0.7292522192001343, -0.4649915099143982, -0.7724051475524902, 0.13610535860061646, 0.620375394821167], "cam_t_m2c": [-46.2506217956543, -10.96995735168457, 807.9447631835938], "obj_id": 1}, {"cam_R_m2c": [0.33059561252593994, -0.8375113606452942, 0.4350647032260895, 0.40307897329330444, 0.542123556137085, 0.7373123168945312, -0.8533662557601929, -0.06838680803775787, 0.5168068408966064], "cam_t_m2c": [-46.2506217956543, -10.96995735168457, 807.9447631835938], "obj_id": 1}, {"cam_R_m2c": [-0.6873940229415894, 0.6825751066207886, -0.24815399944782257, -0.1312851905822754, 0.2192702442407608, 0.9667909145355225, 0.7143202424049377, 0.6971453428268433, -0.06111292168498039], "cam_t_m2c": [-46.2506217956543, -10.96995735168457, 807.9447631835938], "obj_id": 0}],
  "9": [{"cam_R_m2c": [-0.13266265392303467, -0.8141586184501648, 0.5652843117713928, 0.75489741563797, 0.28658226132392883, 0.5899156928062439, -0.6422854065895081, 0.5049914717674255, 0.576587438583374], "cam_t_m2c": [-46.2506217956543, -10.96995735168457, 807.9447631835938], "obj_id": 2}, {"cam_R_m2c": [0.5090030431747437, -0.00854456890374422, 0.8607223033905029, -0.6653239130973816, 0.6305361390113831, 0.3997102677822113, -0.5461319088935852, -0.7761128544807434, 0.3152599036693573], "cam_t_m2c": [-46.2506217956543, -10.96995735168457, 807.9447631835938], "obj_id": 1}, {"cam_R_m2c": [0.24826543033123016, -0.37070754170417786, -0.8949525356292725, 0.11998778581619263, -0.9049940705299377, 0.408152312040329, -0.96123206615448, -0.20871347188949585, -0.18019823729991913], "cam_t_m2c": [-46.2506217956543, -10.96995735168457, 807.9447631835938], "obj_id": 0}, {"cam_R_m2c": [-0.6709316372871399, 0.7146662473678589, 0.1977437436580658, -0.2550569176673889, 0.0279819518327713, -0.9665209650993347, -0.6962732672691345, -0.6989055871963501, 0.16350673139095306], "cam_t_m2c": [-46.2506217956543, -10.96995735168457, 807.9447631835938], "obj_id": 0}, {"cam_R_m2c": [0.2793790400028229, 0.22640030086040497, -0.9331077933311462, 0.1980268508195877, -0.9644977450370789, -0.17472587525844574, -0.9395385384559631, -0.13596569001674652, -0.31429368257522583], "cam_t_m2c": [-46.2506217956543, -10.96995735168457, 807.9447631835938], "obj_id": 0}, {"cam_R_m2c": [-0.3504725694656372, -0.9140399694442749, -0.20420552790164948, 0.9348231554031372, -0.35472342371940613, -0.01664237678050995, -0.05722469463944435, -0.19672875106334686, 0.9787865877151489], "cam_t_m2c": [-46.2506217956543, -10.96995735168457, 807.9447631835938], "obj_id": 1}, {"cam_R_m2c": [-0.5168224573135376, 0.8442999720573425, 0.14160475134849548, -0.7903010845184326, -0.40694230794906616, -0.4580633044242859, -0.32911789417266846, -0.3486478328704834, 0.8775683045387268], "cam_t_m2c": [-46.2506217956543, -10.96995735168457, 807.9447631835938], "obj_id": 2}, {"cam_R_m2c": [-0.3891223073005676, 0.6705718040466309, -0.6315990090370178, -0.5019702911376953, -0.7292522192001343, -0.4649915099143982, -0.7724051475524902, 0.13610535860061646, 0.620375394821167], "cam_t_m2c": [-46.2506217956543, -10.96995735168457, 807.9447631835938], "obj_id": 1}, {"cam_R_m2c": [0.33059561252593994, -0.8375113606452942, 0.4350647032260895, 0.40307897329330444, 0.542123556137085, 0.7373123168945312, -0.8533662557601929, -0.06838680803775787, 0.5168068408966064], "cam_t_m2c": [-46.2506217956543, -10.96995735168457, 807.9447631835938], "obj_id": 1}, {"cam_R_m2c": [-0.6873940229415894, 0.6825751066207886, -0.24815399944782257, -0.1312851905822754, 0.2192702442407608, 0.9667909145355225, 0.7143202424049377, 0.6971453428268433, -0.06111292168498039], "cam_t_m2c": [-46.2506217956543, -10.96995735168457, 807.9447631835938], "obj_id": 0}]
}