{
  "0": [{"cam_R_m2c": [-0.8547622561454773, -0.2762860357761383, 0.4393717348575592, -0.2249322384595871, -0.5657216310501099, -0.7933250069618225, 0.46774670481681824, -0.7769331336021423, 0.4214118719100952], "cam_t_m2c": [51.73400115966797, 229.47982788085938, 479.2223815917969], "obj_id": 2}, {"cam_R_m2c": [-0.6889748573303223, 0.7019803524017334, 0.1803802102804184, 0.7247540354728699, 0.6649649739265442, 0.1804247945547104, 0.006708147469907999, 0.2550394535064697, -0.9669072031974792], "cam_t_m2c": [155.96624755859375, 152.3944549560547, 520.2998046875], "obj_id": 0}, {"cam_R_m2c": [-0.9185766577720642, -0.35859307646751404, 0.16621552407741547, -0.14588528871536255, -0.08323461562395096, -0.9857937693595886, 0.3673337399959564, -0.9297756552696228, 0.024144083261489868], "cam_t_m2c": [164.3592529296875, 248.323486328125, 646.3284301757812], "obj_id": 2}],
  "1": [{"cam_R_m2c": [0.06919456273317337, -0.37574782967567444, 0.9241350293159485, -0.6606746315956116, -0.7113523483276367, -0.23976373672485352, 0.7474763989448547, -0.5939623117446899, -0.2974686920642853], "cam_t_m2c": [-424.796630859375, 138.9106903076172, 596.2135009765625], "obj_id": 2}, {"cam_R_m2c": [-0.6943046450614929, 0.14190839231014252, -0.7055515050888062, 0.08627056330442429, 0.9897088408470154, 0.11416589468717575, 0.7144916653633118, 0.01839759387075901, -0.6994019150733948], "cam_t_m2c": [-307.1527099609375, 155.91537475585938, 529.95751953125], "obj_id": 0}, {"cam_R_m2c": [-0.07361544668674469, -0.7806118726730347, 0.6206655502319336, -0.6582577228546143, -0.42949363589286804, -0.6182489991188049, 0.7491844892501831, -0.45407065749168396, -0.48222634196281433], "cam_t_m2c": [-264.8787536621094, 250.41229248046875, 650.118408203125], "obj_id": 2}]
}