{
  "0": [{"cam_R_m2c": [0.31515541672706604, 0.9469346404075623, 0.06318037211894989, -0.9319296479225159, 0.2962024509906769, 0.20921564102172852, 0.17939937114715576, -0.12481509894132614, 0.9758263230323792], "cam_t_m2c": [536.477294921875, -261.8968811035156, 1396.552001953125], "obj_id": 1}, {"cam_R_m2c": [0.10053987801074982, 0.6498953700065613, 0.7533444166183472, 0.3837166726589203, -0.723931074142456, 0.573310911655426, 0.9179614782333374, 0.23143018782138824, -0.32215967774391174], "cam_t_m2c": [337.34222412109375, -172.36215209960938, 1243.264404296875], "obj_id": 0}, {"cam_R_m2c": [-0.2323354184627533, 0.8872717022895813, -0.3984583616256714, 0.7858577966690063, 0.41263213753700256, 0.46061068773269653, 0.5731036067008972, -0.20611542463302612, -0.7931384444236755], "cam_t_m2c": [458.16571044921875, -354.70916748046875, 1406.4686279296875], "obj_id": 1}, {"cam_R_m2c": [0.5698328614234924, 0.5538167953491211, 0.6071057915687561, 0.7047553062438965, 0.05059792473912239, -0.7076437473297119, -0.42262324690818787, 0.8310996890068054, -0.3614729642868042], "cam_t_m2c": [433.30523681640625, -68.0367202758789, 1212.2379150390625], "obj_id": 3}, {"cam_R_m2c": [-0.10691815614700317, -0.1688215732574463, 0.9798304438591003, 0.33007681369781494, -0.9356161952018738, -0.12518592178821564, 0.9378793835639954, 0.3100346624851227, 0.15575852990150452], "cam_t_m2c": [404.3918151855469, -239.25015258789062, 1292.4156494140625], "obj_id": 0}, {"cam_R_m2c": [-0.11568291485309601, -0.20341117680072784, -0.9722352027893066, 0.7307358384132385, 0.6455514430999756, -0.22201010584831238, 0.6727871894836426, -0.736129879951477, 0.07396057993173599], "cam_t_m2c": [194.4134979248047, -132.4024658203125, 1206.2225341796875], "obj_id": 0}, {"cam_R_m2c": [0.0034568137489259243, 0.9956259727478027, -0.0933646410703659, -0.8344798684120178, 0.05431916564702988, 0.5483546257019043, 0.5510275959968567, 0.07601535320281982, 0.8310176134109497], "cam_t_m2c": [234.4972686767578, -507.3918151855469, 1472.0771484375], "obj_id": 3}, {"cam_R_m2c": [-0.035918526351451874, 0.11137180030345917, -0.9931294918060303, 0.7377645969390869, 0.6732903122901917, 0.04882156848907471, 0.6741017699241638, -0.7309421896934509, -0.10634977370500565], "cam_t_m2c": [365.5966491699219, -236.8850860595703, 1287.9591064453125], "obj_id": 0}, {"cam_R_m2c": [-0.022356189787387848, -0.8046475052833557, 0.5933316349983215, 0.2340112328529358, -0.5812046527862549, -0.7793841361999512, 0.9719767570495605, 0.1214221641421318, 0.20129020512104034], "cam_t_m2c": [141.60044860839844, -237.069091796875, 1349.171630859375], "obj_id": 2}, {"cam_R_m2c": [0.5520309805870056, 0.7731486558914185, 0.31225454807281494, -0.09227152913808823, 0.4288281500339508, -0.8986613750457764, -0.828702449798584, 0.4672766923904419, 0.3080660402774811], "cam_t_m2c": [290.3927001953125, -303.8140563964844, 1401.53759765625], "obj_id": 0}, {"cam_R_m2c": [-0.022355830296874046, 0.2997361719608307, 0.9537600874900818, 0.23401033878326416, -0.9259275197982788, 0.2964744567871094, 0.9719769358634949, 0.2298177033662796, -0.04944133758544922], "cam_t_m2c": [68.59739685058594, -284.6685485839844, 1375.1376953125], "obj_id": 2}, {"cam_R_m2c": [-0.022355830296874046, 0.4629194736480713, -0.8861184120178223, 0.23400892317295074, 0.8641406297683716, 0.44553425908088684, 0.9719774127006531, -0.1973993331193924, -0.12764587998390198], "cam_t_m2c": [334.1051940917969, -188.8238525390625, 1331.6966552734375], "obj_id": 2}],
  "1": [{"cam_R_m2c": [0.31515541672706604, 0.9469346404075623, 0.06318037211894989, -0.9319296479225159, 0.2962024509906769, 0.20921564102172852, 0.17939937114715576, -0.12481509894132614, 0.9758263230323792], "cam_t_m2c": [536.477294921875, -261.8968811035156, 1396.552001953125], "obj_id": 1}, {"cam_R_m2c": [0.10053987801074982, 0.6498953700065613, 0.7533444166183472, 0.3837166726589203, -0.723931074142456, 0.573310911655426, 0.9179614782333374, 0.23143018782138824, -0.32215967774391174], "cam_t_m2c": [337.34222412109375, -172.36215209960938, 1243.264404296875], "obj_id": 0}, {"cam_R_m2c": [-0.2323354184627533, 0.8872717022895813, -0.3984583616256714, 0.7858577966690063, 0.41263213753700256, 0.46061068773269653, 0.5731036067008972, -0.20611542463302612, -0.7931384444236755], "cam_t_m2c": [458.16571044921875, -354.70916748046875, 1406.4686279296875], "obj_id": 1}, {"cam_R_m2c": [0.5698328614234924, 0.5538167953491211, 0.6071057915687561, 0.7047553062438965, 0.05059792473912239, -0.7076437473297119, -0.42262324690818787, 0.8310996890068054, -0.3614729642868042], "cam_t_m2c": [433.30523681640625, -68.0367202758789, 1212.2379150390625], "obj_id": 3}, {"cam_R_m2c": [-0.10691815614700317, -0.1688215732574463, 0.9798304438591003, 0.33007681369781494, -0.9356161952018738, -0.12518592178821564, 0.9378793835639954, 0.3100346624851227, 0.15575852990150452], "cam_t_m2c": [404.3918151855469, -239.25015258789062, 1292.4156494140625], "obj_id": 0}, {"cam_R_m2c": [-0.11568291485309601, -0.20341117680072784, -0.9722352027893066, 0.7307358384132385, 0.6455514430999756, -0.22201010584831238, 0.6727871894836426, -0.736129879951477, 0.07396057993173599], "cam_t_m2c": [194.4134979248047, -132.4024658203125, 1206.2225341796875], "obj_id": 0}, {"cam_R_m2c": [0.0034568137489259243, 0.9956259727478027, -0.0933646410703659, -0.8344798684120178, 0.05431916564702988, 0.5483546257019043, 0.5510275959968567, 0.07601535320281982, 0.8310176134109497], "cam_t_m2c": [234.4972686767578, -507.3918151855469, 1472.0771484375], "obj_id": 3}, {"cam_R_m2c": [-0.035918526351451874, 0.11137180030345917, -0.9931294918060303, 0.7377645969390869, 0.6732903122901917, 0.04882156848907471, 0.6741017699241638, -0.7309421896934509, -0.10634977370500565], "cam_t_m2c": [365.5966491699219, -236.8850860595703, 1287.9591064453125], "obj_id": 0}, {"cam_R_m2c": [-0.022356189787387848, -0.8046475052833557, 0.5933316349983215, 0.2340112328529358, -0.5812046527862549, -0.7793841361999512, 0.9719767570495605, 0.1214221641421318, 0.20129020512104034], "cam_t_m2c": [141.60044860839844, -237.069091796875, 1349.171630859375], "obj_id": 2}, {"cam_R_m2c": [0.5520309805870056, 0.7731486558914185, 0.31225454807281494, -0.09227152913808823, 0.4288281500339508, -0.8986613750457764, -0.828702449798584, 0.4672766923904419, 0.3080660402774811], "cam_t_m2c": [290.3927001953125, -303.8140563964844, 1401.53759765625], "obj_id": 0}, {"cam_R_m2c": [-0.022355830296874046, 0.2997361719608307, 0.9537600874900818, 0.23401033878326416, -0.9259275197982788, 0.2964744567871094, 0.9719769358634949, 0.2298177033662796, -0.04944133758544922], "cam_t_m2c": [68.59739685058594, -284.6685485839844, 1375.1376953125], "obj_id": 2}, {"cam_R_m2c": [-0.022355830296874046, 0.4629194736480713, -0.8861184120178223, 0.23400892317295074, 0.8641406297683716, 0.44553425908088684, 0.9719774127006531, -0.1973993331193924, -0.12764587998390198], "cam_t_m2c": [334.1051940917969, -188.8238525390625, 1331.6966552734375], "obj_id": 2}],
  "2": [{"cam_R_m2c": [0.31515541672706604, 0.9469346404075623, 0.06318037211894989, -0.9319296479225159, 0.2962024509906769, 0.20921564102172852, 0.17939937114715576, -0.12481509894132614, 0.9758263230323792], "cam_t_m2c": [536.477294921875, -261.8968811035156, 1396.552001953125], "obj_id": 1}, {"cam_R_m2c": [0.10053987801074982, 0.6498953700065613, 0.7533444166183472, 0.3837166726589203, -0.723931074142456, 0.573310911655426, 0.9179614782333374, 0.23143018782138824, -0.32215967774391174], "cam_t_m2c": [337.34222412109375, -172.36215209960938, 1243.264404296875], "obj_id": 0}, {"cam_R_m2c": [-0.2323354184627533, 0.8872717022895813, -0.3984583616256714, 0.7858577966690063, 0.41263213753700256, 0.46061068773269653, 0.5731036067008972, -0.20611542463302612, -0.7931384444236755], "cam_t_m2c": [458.16571044921875, -354.70916748046875, 1406.4686279296875], "obj_id": 1}, {"cam_R_m2c": [0.5698328614234924, 0.5538167953491211, 0.6071057915687561, 0.7047553062438965, 0.05059792473912239, -0.7076437473297119, -0.42262324690818787, 0.8310996890068054, -0.3614729642868042], "cam_t_m2c": [433.30523681640625, -68.0367202758789, 1212.2379150390625], "obj_id": 3}, {"cam_R_m2c": [-0.10691815614700317, -0.1688215732574463, 0.9798304438591003, 0.33007681369781494, -0.9356161952018738, -0.12518592178821564, 0.9378793835639954, 0.3100346624851227, 0.15575852990150452], "cam_t_m2c": [404.3918151855469, -239.25015258789062, 1292.4156494140625], "obj_id": 0}, {"cam_R_m2c": [-0.11568291485309601, -0.20341117680072784, -0.9722352027893066, 0.7307358384132385, 0.6455514430999756, -0.22201010584831238, 0.6727871894836426, -0.736129879951477, 0.07396057993173599], "cam_t_m2c": [194.4134979248047, -132.4024658203125, 1206.2225341796875], "obj_id": 0}, {"cam_R_m2c": [0.0034568137489259243, 0.9956259727478027, -0.0933646410703659, -0.8344798684120178, 0.05431916564702988, 0.5483546257019043, 0.5510275959968567, 0.07601535320281982, 0.8310176134109497], "cam_t_m2c": [234.4972686767578, -507.3918151855469, 1472.0771484375], "obj_id": 3}, {"cam_R_m2c": [-0.035918526351451874, 0.11137180030345917, -0.9931294918060303, 0.7377645969390869, 0.6732903122901917, 0.04882156848907471, 0.6741017699241638, -0.7309421896934509, -0.10634977370500565], "cam_t_m2c": [365.5966491699219, -236.8850860595703, 1287.9591064453125], "obj_id": 0}, {"cam_R_m2c": [-0.022356189787387848, -0.8046475052833557, 0.5933316349983215, 0.2340112328529358, -0.5812046527862549, -0.7793841361999512, 0.9719767570495605, 0.1214221641421318, 0.20129020512104034], "cam_t_m2c": [141.60044860839844, -237.069091796875, 1349.171630859375], "obj_id": 2}, {"cam_R_m2c": [0.5520309805870056, 0.7731486558914185, 0.31225454807281494, -0.09227152913808823, 0.4288281500339508, -0.8986613750457764, -0.828702449798584, 0.4672766923904419, 0.3080660402774811], "cam_t_m2c": [290.3927001953125, -303.8140563964844, 1401.53759765625], "obj_id": 0}, {"cam_R_m2c": [-0.022355830296874046, 0.2997361719608307, 0.9537600874900818, 0.23401033878326416, -0.9259275197982788, 0.2964744567871094, 0.9719769358634949, 0.2298177033662796, -0.04944133758544922], "cam_t_m2c": [68.59739685058594, -284.6685485839844, 1375.1376953125], "obj_id": 2}, {"cam_R_m2c": [-0.022355830296874046, 0.4629194736480713, -0.8861184120178223, 0.23400892317295074, 0.8641406297683716, 0.44553425908088684, 0.9719774127006531, -0.1973993331193924, -0.12764587998390198], "cam_t_m2c": [334.1051940917969, -188.8238525390625, 1331.6966552734375], "obj_id": 2}],
  "3": [{"cam_R_m2c": [0.31515541672706604, 0.9469346404075623, 0.06318037211894989, -0.9319296479225159, 0.2962024509906769, 0.20921564102172852, 0.17939937114715576, -0.12481509894132614, 0.9758263230323792], "cam_t_m2c": [536.477294921875, -261.8968811035156, 1396.552001953125], "obj_id": 1}, {"cam_R_m2c": [0.10053987801074982, 0.6498953700065613, 0.7533444166183472, 0.3837166726589203, -0.723931074142456, 0.573310911655426, 0.9179614782333374, 0.23143018782138824, -0.32215967774391174], "cam_t_m2c": [337.34222412109375, -172.36215209960938, 1243.264404296875], "obj_id": 0}, {"cam_R_m2c": [-0.2323354184627533, 0.8872717022895813, -0.3984583616256714, 0.7858577966690063, 0.41263213753700256, 0.46061068773269653, 0.5731036067008972, -0.20611542463302612, -0.7931384444236755], "cam_t_m2c": [458.16571044921875, -354.70916748046875, 1406.4686279296875], "obj_id": 1}, {"cam_R_m2c": [0.5698328614234924, 0.5538167953491211, 0.6071057915687561, 0.7047553062438965, 0.05059792473912239, -0.7076437473297119, -0.42262324690818787, 0.8310996890068054, -0.3614729642868042], "cam_t_m2c": [433.30523681640625, -68.0367202758789, 1212.2379150390625], "obj_id": 3}, {"cam_R_m2c": [-0.10691815614700317, -0.1688215732574463, 0.9798304438591003, 0.33007681369781494, -0.9356161952018738, -0.12518592178821564, 0.9378793835639954, 0.3100346624851227, 0.15575852990150452], "cam_t_m2c": [404.3918151855469, -239.25015258789062, 1292.4156494140625], "obj_id": 0}, {"cam_R_m2c": [-0.11568291485309601, -0.20341117680072784, -0.9722352027893066, 0.7307358384132385, 0.6455514430999756, -0.22201010584831238, 0.6727871894836426, -0.736129879951477, 0.07396057993173599], "cam_t_m2c": [194.4134979248047, -132.4024658203125, 1206.2225341796875], "obj_id": 0}, {"cam_R_m2c": [0.0034568137489259243, 0.9956259727478027, -0.0933646410703659, -0.8344798684120178, 0.05431916564702988, 0.5483546257019043, 0.5510275959968567, 0.07601535320281982, 0.8310176134109497], "cam_t_m2c": [234.4972686767578, -507.3918151855469, 1472.0771484375], "obj_id": 3}, {"cam_R_m2c": [-0.035918526351451874, 0.11137180030345917, -0.9931294918060303, 0.7377645969390869, 0.6732903122901917, 0.04882156848907471, 0.6741017699241638, -0.7309421896934509, -0.10634977370500565], "cam_t_m2c": [365.5966491699219, -236.8850860595703, 1287.9591064453125], "obj_id": 0}, {"cam_R_m2c": [-0.022356189787387848, -0.8046475052833557, 0.5933316349983215, 0.2340112328529358, -0.5812046527862549, -0.7793841361999512, 0.9719767570495605, 0.1214221641421318, 0.20129020512104034], "cam_t_m2c": [141.60044860839844, -237.069091796875, 1349.171630859375], "obj_id": 2}, {"cam_R_m2c": [0.5520309805870056, 0.7731486558914185, 0.31225454807281494, -0.09227152913808823, 0.4288281500339508, -0.8986613750457764, -0.828702449798584, 0.4672766923904419, 0.3080660402774811], "cam_t_m2c": [290.3927001953125, -303.8140563964844, 1401.53759765625], "obj_id": 0}, {"cam_R_m2c": [-0.022355830296874046, 0.2997361719608307, 0.9537600874900818, 0.23401033878326416, -0.9259275197982788, 0.2964744567871094, 0.9719769358634949, 0.2298177033662796, -0.04944133758544922], "cam_t_m2c": [68.59739685058594, -284.6685485839844, 1375.1376953125], "obj_id": 2}, {"cam_R_m2c": [-0.022355830296874046, 0.4629194736480713, -0.8861184120178223, 0.23400892317295074, 0.8641406297683716, 0.44553425908088684, 0.9719774127006531, -0.1973993331193924, -0.12764587998390198], "cam_t_m2c": [334.1051940917969, -188.8238525390625, 1331.6966552734375], "obj_id": 2}],
  "4": [{"cam_R_m2c": [0.31515541672706604, 0.9469346404075623, 0.06318037211894989, -0.9319296479225159, 0.2962024509906769, 0.20921564102172852, 0.17939937114715576, -0.12481509894132614, 0.9758263230323792], "cam_t_m2c": [536.477294921875, -261.8968811035156, 1396.552001953125], "obj_id": 1}, {"cam_R_m2c": [0.10053987801074982, 0.6498953700065613, 0.7533444166183472, 0.3837166726589203, -0.723931074142456, 0.573310911655426, 0.9179614782333374, 0.23143018782138824, -0.32215967774391174], "cam_t_m2c": [337.34222412109375, -172.36215209960938, 1243.264404296875], "obj_id": 0}, {"cam_R_m2c": [-0.2323354184627533, 0.8872717022895813, -0.3984583616256714, 0.7858577966690063, 0.41263213753700256, 0.46061068773269653, 0.5731036067008972, -0.20611542463302612, -0.7931384444236755], "cam_t_m2c": [458.16571044921875, -354.70916748046875, 1406.4686279296875], "obj_id": 1}, {"cam_R_m2c": [0.5698328614234924, 0.5538167953491211, 0.6071057915687561, 0.7047553062438965, 0.05059792473912239, -0.7076437473297119, -0.42262324690818787, 0.8310996890068054, -0.3614729642868042], "cam_t_m2c": [433.30523681640625, -68.0367202758789, 1212.2379150390625], "obj_id": 3}, {"cam_R_m2c": [-0.10691815614700317, -0.1688215732574463, 0.9798304438591003, 0.33007681369781494, -0.9356161952018738, -0.12518592178821564, 0.9378793835639954, 0.3100346624851227, 0.15575852990150452], "cam_t_m2c": [404.3918151855469, -239.25015258789062, 1292.4156494140625], "obj_id": 0}, {"cam_R_m2c": [-0.11568291485309601, -0.20341117680072784, -0.9722352027893066, 0.7307358384132385, 0.6455514430999756, -0.22201010584831238, 0.6727871894836426, -0.736129879951477, 0.07396057993173599], "cam_t_m2c": [194.4134979248047, -132.4024658203125, 1206.2225341796875], "obj_id": 0}, {"cam_R_m2c": [0.0034568137489259243, 0.9956259727478027, -0.0933646410703659, -0.8344798684120178, 0.05431916564702988, 0.5483546257019043, 0.5510275959968567, 0.07601535320281982, 0.8310176134109497], "cam_t_m2c": [234.4972686767578, -507.3918151855469, 1472.0771484375], "obj_id": 3}, {"cam_R_m2c": [-0.035918526351451874, 0.11137180030345917, -0.9931294918060303, 0.7377645969390869, 0.6732903122901917, 0.04882156848907471, 0.6741017699241638, -0.7309421896934509, -0.10634977370500565], "cam_t_m2c": [365.5966491699219, -236.8850860595703, 1287.9591064453125], "obj_id": 0}, {"cam_R_m2c": [-0.022356189787387848, -0.8046475052833557, 0.5933316349983215, 0.2340112328529358, -0.5812046527862549, -0.7793841361999512, 0.9719767570495605, 0.1214221641421318, 0.20129020512104034], "cam_t_m2c": [141.60044860839844, -237.069091796875, 1349.171630859375], "obj_id": 2}, {"cam_R_m2c": [0.5520309805870056, 0.7731486558914185, 0.31225454807281494, -0.09227152913808823, 0.4288281500339508, -0.8986613750457764, -0.828702449798584, 0.4672766923904419, 0.3080660402774811], "cam_t_m2c": [290.3927001953125, -303.8140563964844, 1401.53759765625], "obj_id": 0}, {"cam_R_m2c": [-0.022355830296874046, 0.2997361719608307, 0.9537600874900818, 0.23401033878326416, -0.9259275197982788, 0.2964744567871094, 0.9719769358634949, 0.2298177033662796, -0.04944133758544922], "cam_t_m2c": [68.59739685058594, -284.6685485839844, 1375.1376953125], "obj_id": 2}, {"cam_R_m2c": [-0.022355830296874046, 0.4629194736480713, -0.8861184120178223, 0.23400892317295074, 0.8641406297683716, 0.44553425908088684, 0.9719774127006531, -0.1973993331193924, -0.12764587998390198], "cam_t_m2c": [334.1051940917969, -188.8238525390625, 1331.6966552734375], "obj_id": 2}],
  "5": [{"cam_R_m2c": [-0.2074950486421585, 0.8963910937309265, 0.3917000889778137, -0.028120126575231552, -0.40571483969688416, 0.9135671257972717, 0.9778319001197815, 0.17854593694210052, 0.10939034074544907], "cam_t_m2c": [-90.07913970947266, 4103.9345703125, 2787.76220703125], "obj_id": 2}, {"cam_R_m2c": [-0.015038044191896915, 0.9720445871353149, 0.23431390523910522, 0.8590108752250671, -0.10737433284521103, 0.50057053565979, 0.5117362141609192, 0.2088058441877365, -0.8333821892738342], "cam_t_m2c": [-56.66481018066406, 4139.6943359375, 2812.29150390625], "obj_id": 2}, {"cam_R_m2c": [0.6439911127090454, -0.5406027436256409, -0.5413169860839844, 0.08405174314975739, 0.753287136554718, -0.6522988677024841, 0.7604016661643982, 0.37457603216171265, 0.5305488109588623], "cam_t_m2c": [-713.8451538085938, 3822.65234375, 2825.323486328125], "obj_id": 0}, {"cam_R_m2c": [0.9324508905410767, 0.06792651116847992, -0.3548539876937866, 0.3269936740398407, 0.2590459883213043, 0.9088290929794312, 0.15365709364414215, -0.9634734988212585, 0.2193361222743988], "cam_t_m2c": [-50.640342712402344, 4106.2822265625, 2868.6005859375], "obj_id": 0}, {"cam_R_m2c": [-0.04934215918183327, -0.3119527995586395, -0.948815643787384, 0.9783456325531006, 0.1760919839143753, -0.10877348482608795, 0.20101113617420197, -0.9336366057395935, 0.2965087592601776], "cam_t_m2c": [-14.78165340423584, 4116.3818359375, 2851.571533203125], "obj_id": 3}, {"cam_R_m2c": [-0.7951728105545044, 0.3452451825141907, -0.4985036551952362, 0.39505377411842346, -0.3287336528301239, -0.8578267097473145, -0.4600354731082916, -0.8790562748908997, 0.1250096708536148], "cam_t_m2c": [166.3219757080078, 4048.956298828125, 2969.558837890625], "obj_id": 1}, {"cam_R_m2c": [0.8790715336799622, -0.47668910026550293, 0.0008430865709669888, -0.24228563904762268, -0.4483252167701721, -0.8604080080986023, 0.4105251133441925, 0.7561559081077576, -0.5096048712730408], "cam_t_m2c": [-124.28575134277344, 5535.185546875, 3702.219970703125], "obj_id": 2}, {"cam_R_m2c": [0.7043158411979675, -0.7098838686943054, 0.002007082337513566, -0.362688809633255, -0.3622715175151825, -0.8586128354072571, 0.6102425456047058, 0.6040067076683044, -0.5126205086708069], "cam_t_m2c": [-71.46990966796875, 5510.60693359375, 3743.1162109375], "obj_id": 2}, {"cam_R_m2c": [0.4546389579772949, -0.8906711935997009, -0.0028667037840932608, -0.4545300602912903, -0.22924236953258514, -0.8607265949249268, 0.7659672498703003, 0.39262282848358154, -0.5090593099594116], "cam_t_m2c": [-23.859086990356445, 5485.70556640625, 3785.63525390625], "obj_id": 2}, {"cam_R_m2c": [0.6983056664466858, -0.7157996296882629, 8.335217671628925e-08, -0.3652697503566742, -0.3563426434993744, -0.8599987030029297, 0.6155868172645569, 0.6005419492721558, -0.5102960467338562], "cam_t_m2c": [-73.23561096191406, 5509.787109375, 3744.837646484375], "obj_id": 0}, {"cam_R_m2c": [0.22605524957180023, -0.9144789576530457, -0.3355998396873474, 0.6742002964019775, 0.39554640650749207, -0.6236962080001831, 0.7031023502349854, -0.08527173846960068, 0.7059573531150818], "cam_t_m2c": [-108.0429916381836, 2755.2275390625, 2001.95361328125], "obj_id": 1}, {"cam_R_m2c": [-0.22243967652320862, 0.9744186997413635, -0.03207286447286606, 0.958164632320404, 0.2124151587486267, -0.19183380901813507, -0.18011368811130524, -0.07340255379676819, -0.9809030890464783], "cam_t_m2c": [-31.769126892089844, 2744.6513671875, 2019.77734375], "obj_id": 1}, {"cam_R_m2c": [-0.3038828372955322, 0.16447380185127258, -0.9384046792984009, 0.9329707622528076, 0.250837117433548, -0.25815916061401367, 0.19292625784873962, -0.9539543986320496, -0.22967429459095], "cam_t_m2c": [-71.71562194824219, 2708.287109375, 2081.0625], "obj_id": 0}, {"cam_R_m2c": [0.6026588082313538, -0.7946105599403381, 0.07346060127019882, -0.4462074637413025, -0.41187065839767456, -0.7945196628570557, 0.6615899205207825, 0.4460456073284149, -0.6027786135673523], "cam_t_m2c": [-74.08924865722656, 2771.6318359375, 1974.3079833984375], "obj_id": 3}, {"cam_R_m2c": [0.001789963454939425, -0.4968361258506775, 0.8678424954414368, 0.4158766269683838, 0.7896050810813904, 0.45118778944015503, -0.9094192385673523, 0.36010780930519104, 0.2080359160900116], "cam_t_m2c": [-217.27015686035156, 4253.63623046875, 2869.1826171875], "obj_id": 0}, {"cam_R_m2c": [-0.4214179217815399, -0.8318881988525391, -0.36106613278388977, 0.8572753667831421, -0.23557838797569275, -0.4578007459640503, 0.29577964544296265, -0.5024586319923401, 0.8124344348907471], "cam_t_m2c": [-123.1236572265625, 2736.751708984375, 2033.09033203125], "obj_id": 3}, {"cam_R_m2c": [0.30111613869667053, 0.8695095181465149, 0.3915126323699951, -0.23851260542869568, -0.3288429379463196, 0.913769006729126, 0.9232771396636963, -0.3685312569141388, 0.10836916416883469], "cam_t_m2c": [-74.14958953857422, 4081.165283203125, 2916.95263671875], "obj_id": 2}, {"cam_R_m2c": [-0.3466421961784363, 0.574055552482605, -0.7418217062950134, 0.06804164499044418, -0.7733845114707947, -0.6302751302719116, -0.9355263710021973, -0.26895472407341003, 0.22902801632881165], "cam_t_m2c": [-107.86641693115234, 4169.2783203125, 2749.825927734375], "obj_id": 3}, {"cam_R_m2c": [0.2903543710708618, 0.5463696122169495, -0.7856045365333557, -0.1268329918384552, 0.8357028961181641, 0.5343351364135742, 0.9484764933586121, -0.05550594627857208, 0.31194770336151123], "cam_t_m2c": [43.83218002319336, 4092.249755859375, 2931.810791015625], "obj_id": 3}, {"cam_R_m2c": [-0.8352687358856201, -0.11356896162033081, 0.5379850268363953, -0.08063412457704544, 0.9931585192680359, 0.08446479588747025, -0.5438970327377319, 0.027170855551958084, -0.8387117981910706], "cam_t_m2c": [-343.00372314453125, 4088.302734375, 2515.051025390625], "obj_id": 0}, {"cam_R_m2c": [-0.09420035779476166, -0.8966176509857178, 0.4326697885990143, -0.3729728162288666, -0.3711667060852051, -0.8503684997558594, 0.9230480194091797, -0.2414790540933609, -0.29944998025894165], "cam_t_m2c": [-129.36647033691406, 1366.91162109375, 1198.101806640625], "obj_id": 2}, {"cam_R_m2c": [-0.7471261024475098, -0.08216803520917892, -0.6595837473869324, -0.02629970945417881, -0.9878979325294495, 0.15285828709602356, -0.6641615629196167, 0.13155131042003632, 0.7359236478805542], "cam_t_m2c": [-83.85433197021484, 1336.0911865234375, 1250.043212890625], "obj_id": 1}, {"cam_R_m2c": [-0.0873740017414093, -0.3280499577522278, -0.9406108856201172, -0.8654982447624207, -0.44251033663749695, 0.2347279042005539, -0.4932326376438141, 0.8346062898635864, -0.24526265263557434], "cam_t_m2c": [-80.25282287597656, 1334.79345703125, 1252.22998046875], "obj_id": 2}, {"cam_R_m2c": [0.864578902721405, 0.22955934703350067, -0.44699645042419434, -0.29337456822395325, -0.4916045665740967, -0.819912314414978, -0.4079640805721283, 0.84001624584198, -0.35768404603004456], "cam_t_m2c": [-15.346379280090332, 1361.8038330078125, 1206.709716796875], "obj_id": 0}, {"cam_R_m2c": [-0.3933061361312866, -0.6384515762329102, -0.6615813374519348, 0.49557188153266907, -0.7533093690872192, 0.43235817551612854, -0.7744151949882507, -0.1578119993209839, 0.6126797795295715], "cam_t_m2c": [-44.84981918334961, 1363.405029296875, 1173.9744873046875], "obj_id": 3}, {"cam_R_m2c": [-0.8983407616615295, -0.4378355145454407, -0.03583153337240219, 0.0181951392441988, 0.04441123083233833, -0.9988476037979126, 0.43892228603363037, -0.8979575037956238, -0.031929902732372284], "cam_t_m2c": [-77.06494140625, 1395.9986572265625, 1149.08154296875], "obj_id": 0}, {"cam_R_m2c": [0.8222813606262207, -0.3570236265659332, 0.44315630197525024, 0.5029447078704834, 0.8202813267707825, -0.27236950397491455, -0.2662704885005951, 0.44684749841690063, 0.8540651798248291], "cam_t_m2c": [-394.59283447265625, 3961.67822265625, 3017.520751953125], "obj_id": 0}, {"cam_R_m2c": [-0.019065361469984055, 0.16700434684753418, 0.9857717156410217, 0.5232734084129333, 0.8418019413948059, -0.1324932724237442, -0.8519514799118042, 0.5133020877838135, -0.10343818366527557], "cam_t_m2c": [-237.8307647705078, 3999.767578125, 2646.944580078125], "obj_id": 0}, {"cam_R_m2c": [-0.7952577471733093, 0.34529629349708557, -0.49833253026008606, 0.39484885334968567, -0.32875746488571167, -0.8579118251800537, -0.4600643813610077, -0.8790271878242493, 0.12510724365711212], "cam_t_m2c": [-38.292999267578125, 4143.107421875, 2853.966064453125], "obj_id": 1}, {"cam_R_m2c": [-0.795310914516449, 0.3453337550163269, -0.4982217848300934, 0.39472806453704834, -0.3287489414215088, -0.8579707145690918, -0.4600761830806732, -0.8790156841278076, 0.1251448541879654], "cam_t_m2c": [-192.48809814453125, 4108.58056640625, 2806.303466796875], "obj_id": 1}, {"cam_R_m2c": [-0.22947968542575836, -0.9714467525482178, -0.06025020405650139, 0.29722586274147034, -0.12888820469379425, 0.9460678696632385, -0.9268201589584351, 0.19919554889202118, 0.3183164596557617], "cam_t_m2c": [-81.36357116699219, 13.758445739746094, 334.9905700683594], "obj_id": 2}, {"cam_R_m2c": [0.8012927174568176, 0.5906386375427246, 0.09526757895946503, 0.02913253754377365, 0.12052835524082184, -0.9922822117805481, -0.5975627303123474, 0.797883927822113, 0.07937171310186386], "cam_t_m2c": [-79.8060531616211, -40.57524108886719, 426.55877685546875], "obj_id": 0}, {"cam_R_m2c": [-0.1792936772108078, 0.1979849636554718, 0.9636679887771606, 0.3313314914703369, 0.934468150138855, -0.1303405910730362, -0.9263225197792053, 0.2959243059158325, -0.2331428974866867], "cam_t_m2c": [-137.0767059326172, -12.285331726074219, 378.8819580078125], "obj_id": 0}, {"cam_R_m2c": [-0.9342780709266663, -0.24860027432441711, 0.2555830776691437, 0.12177082896232605, -0.8962089419364929, -0.4265930652618408, 0.3351069390773773, -0.36743393540382385, 0.8675803542137146], "cam_t_m2c": [-10.61496353149414, -15.65589714050293, 384.5623779296875], "obj_id": 2}, {"cam_R_m2c": [-0.16764961183071136, 0.7207435965538025, -0.6726233959197998, 0.9783597588539124, 0.20556247234344482, -0.0235849991440773, 0.12126737833023071, -0.6620216965675354, -0.7396090030670166], "cam_t_m2c": [-90.13806915283203, 4130.73291015625, 2773.687744140625], "obj_id": 3}, {"cam_R_m2c": [-0.18278275430202484, 0.8947733044624329, -0.4073959290981293, 0.35899999737739563, 0.44650670886039734, 0.8196040987968445, 0.9152647852897644, 0.0035542945843189955, -0.402837336063385], "cam_t_m2c": [-100.0602035522461, -12.470842361450195, 379.1946105957031], "obj_id": 3}, {"cam_R_m2c": [-0.7952547669410706, 0.345258504152298, -0.49836331605911255, 0.3948822319507599, -0.3287681043148041, -0.8578923344612122, -0.4600406885147095, -0.8790379762649536, 0.1251181960105896], "cam_t_m2c": [112.28726196289062, 4186.8623046875, 2896.758544921875], "obj_id": 1}, {"cam_R_m2c": [-0.1144486740231514, -0.19775687158107758, -0.9735469222068787, 0.9843251705169678, 0.109794482588768, -0.13801835477352142, 0.13418413698673248, -0.9740828275680542, 0.18209126591682434], "cam_t_m2c": [-16.730609893798828, 4135.93310546875, 2859.71337890625], "obj_id": 3}, {"cam_R_m2c": [0.07624362409114838, 0.9120625257492065, -0.40290042757987976, 0.9469414353370667, -0.1927681863307953, -0.2571813762187958, -0.3122319281101227, -0.3619146943092346, -0.8783671259880066], "cam_t_m2c": [14.51960563659668, 4109.57763671875, 2960.072998046875], "obj_id": 3}, {"cam_R_m2c": [0.06642308831214905, 0.9176939129829407, 0.3916959762573242, -0.14596249163150787, -0.37940311431884766, 0.9136455059051514, 0.9870576858520508, -0.11786004155874252, 0.10874783992767334], "cam_t_m2c": [-90.40589904785156, 4095.40087890625, 2858.21533203125], "obj_id": 2}],
