{
  "0": [{"cam_R_m2c": [0.28698819875717163, 0.3843962252140045, -0.8774264454841614, -0.8783522844314575, -0.25992992520332336, -0.4011649787425995, -0.38227587938308716, 0.8858191967010498, 0.26303866505622864], "cam_t_m2c": [374.0838317871094, -133.75314331054688, 388.8566589355469], "obj_id": 2}, {"cam_R_m2c": [0.10218961536884308, -0.535812497138977, 0.8381302356719971, -0.7494356036186218, -0.5955110192298889, -0.2893317937850952, 0.6541433930397034, -0.5985578894615173, -0.4624119699001312], "cam_t_m2c": [326.45208740234375, -194.60287475585938, 439.921142578125], "obj_id": 0}, {"cam_R_m2c": [0.02696772664785385, 0.8860206007957458, -0.4628607928752899, 0.2957984209060669, -0.4493662416934967, -0.8429549932479858, -0.9548695683479309, -0.11418095976114273, -0.2742018401622772], "cam_t_m2c": [-1993.7225341796875, 197.20822143554688, -8079.76416015625], "obj_id": 1}, {"cam_R_m2c": [-0.7810325026512146, -0.5896735191345215, -0.2056046426296234, 0.4213959276676178, -0.2546637952327728, -0.8703859448432922, 0.4608834683895111, -0.766440749168396, 0.44738683104515076], "cam_t_m2c": [-6524.490234375, -13570.220703125, -5697.44921875], "obj_id": 1}],
  "1": [{"cam_R_m2c": [-0.08494332432746887, -0.6727710962295532, -0.7349582314491272, -0.42250171303749084, -0.6437060236930847, 0.6380710601806641, -0.9023728370666504, 0.36472105979919434, -0.22956830263137817], "cam_t_m2c": [308.5097961425781, -306.87249755859375, 669.5799560546875], "obj_id": 2}, {"cam_R_m2c": [-0.8660129904747009, -0.06506117433309555, 0.49577078223228455, -0.4641236960887909, 0.4734935164451599, -0.7485941052436829, -0.18603985011577606, -0.8783910870552063, -0.4402479827404022], "cam_t_m2c": [219.4588165283203, -292.1208190917969, 648.5834350585938], "obj_id": 0}, {"cam_R_m2c": [0.8934184312820435, 0.16244836151599884, -0.41882461309432983, 0.28849586844444275, -0.9221391677856445, 0.25773921608924866, -0.34434524178504944, -0.3510981500148773, -0.8707218170166016], "cam_t_m2c": [6040.77587890625, 4024.935302734375, -4410.646484375], "obj_id": 1}, {"cam_R_m2c": [-0.4020657539367676, 0.2280328869819641, -0.8867605328559875, 0.7332460284233093, 0.6602151393890381, -0.1626846343278885, 0.5483552813529968, -0.7156234979629517, -0.43265411257743835], "cam_t_m2c": [-4895.70458984375, 3769.5693359375, -14212.2197265625], "obj_id": 1}]
}