{
  "0": [{"cam_R_m2c": [-0.16602948307991028, -0.8692625761032104, -0.4656357765197754, -0.46505817770957947, 0.48540300130844116, -0.7403410077095032, 0.8695717453956604, 0.09362927824258804, -0.48484888672828674], "cam_t_m2c": [-107.98694610595703, 68.49297332763672, 204.82598876953125], "obj_id": 1}, {"cam_R_m2c": [-0.16602948307991028, -0.8692625761032104, -0.4656357765197754, -0.46505817770957947, 0.48540300130844116, -0.7403410077095032, 0.8695717453956604, 0.09362927824258804, -0.48484888672828674], "cam_t_m2c": [-107.98694610595703, 68.49297332763672, 204.82598876953125], "obj_id": 2}, {"cam_R_m2c": [-0.16602948307991028, -0.8692625761032104, -0.4656357765197754, -0.46505817770957947, 0.48540300130844116, -0.7403410077095032, 0.8695717453956604, 0.09362927824258804, -0.48484888672828674], "cam_t_m2c": [-107.98694610595703, 68.49297332763672, 204.82598876953125], "obj_id": 3}, {"cam_R_m2c": [-0.16602948307991028, -0.8692625761032104, -0.4656357765197754, -0.46505817770957947, 0.48540300130844116, -0.7403410077095032, 0.8695717453956604, 0.09362927824258804, -0.48484888672828674], "cam_t_m2c": [-107.98694610595703, 68.49297332763672, 204.82598876953125], "obj_id": 1}, {"cam_R_m2c": [-0.16602948307991028, -0.8692625761032104, -0.4656357765197754, -0.46505817770957947, 0.48540300130844116, -0.7403410077095032, 0.8695717453956604, 0.09362927824258804, -0.48484888672828674], "cam_t_m2c": [-107.98694610595703, 68.49297332763672, 204.82598876953125], "obj_id": 3}, {"cam_R_m2c": [-0.16602948307991028, -0.8692625761032104, -0.4656357765197754, -0.46505817770957947, 0.48540300130844116, -0.7403410077095032, 0.8695717453956604, 0.09362927824258804, -0.48484888672828674], "cam_t_m2c": [-107.98694610595703, 68.49297332763672, 204.82598876953125], "obj_id": 3}, {"cam_R_m2c": [-0.16602948307991028, -0.8692625761032104, -0.4656357765197754, -0.46505817770957947, 0.48540300130844116, -0.7403410077095032, 0.8695717453956604, 0.09362927824258804, -0.48484888672828674], "cam_t_m2c": [-107.98694610595703, 68.49297332763672, 204.82598876953125], "obj_id": 1}, {"cam_R_m2c": [-0.16602948307991028, -0.8692625761032104, -0.4656357765197754, -0.46505817770957947, 0.48540300130844116, -0.7403410077095032, 0.8695717453956604, 0.09362927824258804, -0.48484888672828674], "cam_t_m2c": [-107.98694610595703, 68.49297332763672, 204.82598876953125], "obj_id": 3}, {"cam_R_m2c": [-0.16602948307991028, -0.8692625761032104, -0.4656357765197754, -0.46505817770957947, 0.48540300130844116, -0.7403410077095032, 0.8695717453956604, 0.09362927824258804, -0.48484888672828674], "cam_t_m2c": [-107.98694610595703, 68.49297332763672, 204.82598876953125], "obj_id": 3}, {"cam_R_m2c": [-0.16602948307991028, -0.8692625761032104, -0.4656357765197754, -0.46505817770957947, 0.48540300130844116, -0.7403410077095032, 0.8695717453956604, 0.09362927824258804, -0.48484888672828674], "cam_t_m2c": [-107.98694610595703, 68.49297332763672, 204.82598876953125], "obj_id": 3}, {"cam_R_m2c": [-0.16602948307991028, -0.8692625761032104, -0.4656357765197754, -0.46505817770957947, 0.48540300130844116, -0.7403410077095032, 0.8695717453956604, 0.09362927824258804, -0.48484888672828674], "cam_t_m2c": [-107.98694610595703, 68.49297332763672, 204.82598876953125], "obj_id": 1}, {"cam_R_m2c": [-0.16602948307991028, -0.8692625761032104, -0.4656357765197754, -0.46505817770957947, 0.48540300130844116, -0.7403410077095032, 0.8695717453956604, 0.09362927824258804, -0.48484888672828674], "cam_t_m2c": [-107.98694610595703, 68.49297332763672, 204.82598876953125], "obj_id": 2}, {"cam_R_m2c": [-0.16602948307991028, -0.8692625761032104, -0.4656357765197754, -0.46505817770957947, 0.48540300130844116, -0.7403410077095032, 0.8695717453956604, 0.09362927824258804, -0.48484888672828674], "cam_t_m2c": [-107.98694610595703, 68.49297332763672, 204.82598876953125], "obj_id": 1}, {"cam_R_m2c": [-0.16602948307991028, -0.8692625761032104, -0.4656357765197754, -0.46505817770957947, 0.48540300130844116, -0.7403410077095032, 0.8695717453956604, 0.09362927824258804, -0.48484888672828674], "cam_t_m2c": [-107.98694610595703, 68.49297332763672, 204.82598876953125], "obj_id": 2}, {"cam_R_m2c": [-0.16602948307991028, -0.8692625761032104, -0.4656357765197754, -0.46505817770957947, 0.48540300130844116, -0.7403410077095032, 0.8695717453956604, 0.09362927824258804, -0.48484888672828674], "cam_t_m2c": [-107.98694610595703, 68.49297332763672, 204.82598876953125], "obj_id": 3}, {"cam_R_m2c": [-0.16602948307991028, -0.8692625761032104, -0.4656357765197754, -0.46505817770957947, 0.48540300130844116, -0.7403410077095032, 0.8695717453956604, 0.09362927824258804, -0.48484888672828674], "cam_t_m2c": [-107.98694610595703, 68.49297332763672, 204.82598876953125], "obj_id": 1}, {"cam_R_m2c": [-0.16602948307991028, -0.8692625761032104, -0.4656357765197754, -0.46505817770957947, 0.48540300130844116, -0.7403410077095032, 0.8695717453956604, 0.09362927824258804, -0.48484888672828674], "cam_t_m2c": [-107.98694610595703, 68.49297332763672, 204.82598876953125], "obj_id": 1}, {"cam_R_m2c": [-0.16602948307991028, -0.8692625761032104, -0.4656357765197754, -0.46505817770957947, 0.48540300130844116, -0.7403410077095032, 0.8695717453956604, 0.09362927824258804, -0.48484888672828674], "cam_t_m2c": [-107.98694610595703, 68.49297332763672, 204.82598876953125], "obj_id": 1}, {"cam_R_m2c": [-0.16602948307991028, -0.8692625761032104, -0.4656357765197754, -0.46505817770957947, 0.48540300130844116, -0.7403410077095032, 0.8695717453956604, 0.09362927824258804, -0.48484888672828674], "cam_t_m2c": [-107.98694610595703, 68.49297332763672, 204.82598876953125], "obj_id": 1}, {"cam_R_m2c": [-0.16602948307991028, -0.8692625761032104, -0.4656357765197754, -0.46505817770957947, 0.48540300130844116, -0.7403410077095032, 0.8695717453956604, 0.09362927824258804, -0.48484888672828674], "cam_t_m2c": [-107.98694610595703, 68.49297332763672, 204.82598876953125], "obj_id": 2}, {"cam_R_m2c": [-0.16602948307991028, -0.8692625761032104, -0.4656357765197754, -0.46505817770957947, 0.48540300130844116, -0.7403410077095032, 0.8695717453956604, 0.09362927824258804, -0.48484888672828674], "cam_t_m2c": [-107.98694610595703, 68.49297332763672, 204.82598876953125], "obj_id": 1}, {"cam_R_m2c": [-0.16602948307991028, -0.8692625761032104, -0.4656357765197754, -0.46505817770957947, 0.48540300130844116, -0.7403410077095032, 0.8695717453956604, 0.09362927824258804, -0.48484888672828674], "cam_t_m2c": [-107.98694610595703, 68.49297332763672, 204.82598876953125], "obj_id": 2}, {"cam_R_m2c": [-0.16602948307991028, -0.8692625761032104, -0.4656357765197754, -0.46505817770957947, 0.48540300130844116, -0.7403410077095032, 0.8695717453956604, 0.09362927824258804, -0.48484888672828674], "cam_t_m2c": [-107.98694610595703, 68.49297332763672, 204.82598876953125], "obj_id": 3}, {"cam_R_m2c": [-0.16602948307991028, -0.8692625761032104, -0.4656357765197754, -0.46505817770957947, 0.48540300130844116, -0.7403410077095032, 0.8695717453956604, 0.09362927824258804, -0.48484888672828674], "cam_t_m2c": [-107.98694610595703, 68.49297332763672, 204.82598876953125], "obj_id": 1}, {"cam_R_m2c": [-0.039626605808734894, -0.9829683303833008, -0.17945225536823273, -0.10575384646654129, 0.18271033465862274, -0.9774625897407532, 0.9936025142669678, -0.01975570060312748, -0.11119291186332703], "cam_t_m2c": [3445.697509765625, 6016.26904296875, 4129.64111328125], "obj_id": 0}, {"cam_R_m2c": [0.8129308819770813, 0.22194388508796692, -0.5384090542793274, 0.11900865286588669, 0.8417057991027832, 0.5266576409339905, 0.5700704455375671, -0.49221158027648926, 0.6578353643417358], "cam_t_m2c": [-153.91464233398438, 179.28480529785156, 28.57996940612793], "obj_id": 3}, {"cam_R_m2c": [-0.16810815036296844, 0.4006442129611969, 0.9006796479225159, -0.27910086512565613, 0.8569515943527222, -0.4332859516143799, -0.9454323649406433, -0.32421937584877014, -0.03224039077758789], "cam_t_m2c": [-93.73070526123047, -31.287900924682617, 282.46551513671875], "obj_id": 3}, {"cam_R_m2c": [-0.39291954040527344, -0.865595281124115, 0.31041738390922546, -0.9156047105789185, 0.39958569407463074, -0.04471266642212868, -0.08533526957035065, -0.3017881214618683, -0.9495481252670288], "cam_t_m2c": [10.572776794433594, 29.567760467529297, 91.00940704345703], "obj_id": 1}, {"cam_R_m2c": [-0.33505162596702576, 0.41455602645874023, 0.8460990190505981, 0.5212313532829285, -0.6665236353874207, 0.5329764485359192, 0.7848936915397644, 0.6195880174636841, 0.007240332197397947], "cam_t_m2c": [-230.57972717285156, 81.58964538574219, 355.95001220703125], "obj_id": 1}, {"cam_R_m2c": [0.6445416212081909, -0.2718745768070221, 0.7145980000495911, 0.47747892141342163, -0.5868395566940308, -0.6539365649223328, 0.5971431732177734, 0.7626948356628418, -0.2484280914068222], "cam_t_m2c": [3560.887939453125, 5892.41650390625, 4198.4443359375], "obj_id": 0}, {"cam_R_m2c": [0.9398248791694641, 0.17475222051143646, 0.29358285665512085, -0.1594337821006775, -0.5356732606887817, 0.8292375206947327, 0.3021756112575531, -0.8261450529098511, -0.47557759284973145], "cam_t_m2c": [59.55301284790039, 50.21952819824219, -1.006962776184082], "obj_id": 0}, {"cam_R_m2c": [0.020004166290163994, 0.34966835379600525, 0.9366599321365356, -0.4228562116622925, 0.8518900871276855, -0.3089917004108429, -0.9059759378433228, -0.3898913562297821, 0.1649007946252823], "cam_t_m2c": [-5.281660556793213, -27.95661163330078, 195.41519165039062], "obj_id": 3}],
  "1": [{"cam_R_m2c": [-0.6307682991027832, -0.7071104049682617, -0.31957149505615234, -0.17364981770515442, 0.5300191640853882, -0.8300153017044067, 0.7562915086746216, -0.4680539071559906, -0.45710885524749756], "cam_t_m2c": [-96.13259887695312, 79.70088958740234, 129.57701110839844], "obj_id": 1}, {"cam_R_m2c": [-0.6307682991027832, -0.7071104049682617, -0.31957149505615234, -0.17364981770515442, 0.5300191640853882, -0.8300153017044067, 0.7562915086746216, -0.4680539071559906, -0.45710885524749756], "cam_t_m2c": [-96.13259887695312, 79.70088958740234, 129.57701110839844], "obj_id": 2}, {"cam_R_m2c": [-0.6307682991027832, -0.7071104049682617, -0.31957149505615234, -0.17364981770515442, 0.5300191640853882, -0.8300153017044067, 0.7562915086746216, -0.4680539071559906, -0.45710885524749756], "cam_t_m2c": [-96.13259887695312, 79.70088958740234, 129.57701110839844], "obj_id": 3}, {"cam_R_m2c": [-0.6307682991027832, -0.7071104049682617, -0.31957149505615234, -0.17364981770515442, 0.5300191640853882, -0.8300153017044067, 0.7562915086746216, -0.4680539071559906, -0.45710885524749756], "cam_t_m2c": [-96.13259887695312, 79.70088958740234, 129.57701110839844], "obj_id": 1}, {"cam_R_m2c": [-0.6307682991027832, -0.7071104049682617, -0.31957149505615234, -0.17364981770515442, 0.5300191640853882, -0.8300153017044067, 0.7562915086746216, -0.4680539071559906, -0.45710885524749756], "cam_t_m2c": [-96.13259887695312, 79.70088958740234, 129.57701110839844], "obj_id": 3}, {"cam_R_m2c": [-0.6307682991027832, -0.7071104049682617, -0.31957149505615234, -0.17364981770515442, 0.5300191640853882, -0.8300153017044067, 0.7562915086746216, -0.4680539071559906, -0.45710885524749756], "cam_t_m2c": [-96.13259887695312, 79.70088958740234, 129.57701110839844], "obj_id": 3}, {"cam_R_m2c": [-0.6307682991027832, -0.7071104049682617, -0.31957149505615234, -0.17364981770515442, 0.5300191640853882, -0.8300153017044067, 0.7562915086746216, -0.4680539071559906, -0.45710885524749756], "cam_t_m2c": [-96.13259887695312, 79.70088958740234, 129.57701110839844], "obj_id": 1}, {"cam_R_m2c": [-0.6307682991027832, -0.7071104049682617, -0.31957149505615234, -0.17364981770515442, 0.5300191640853882, -0.8300153017044067, 0.7562915086746216, -0.4680539071559906, -0.45710885524749756], "cam_t_m2c": [-96.13259887695312, 79.70088958740234, 129.57701110839844], "obj_id": 3}, {"cam_R_m2c": [-0.6307682991027832, -0.7071104049682617, -0.31957149505615234, -0.17364981770515442, 0.5300191640853882, -0.8300153017044067, 0.7562915086746216, -0.4680539071559906, -0.45710885524749756], "cam_t_m2c": [-96.13259887695312, 79.70088958740234, 129.57701110839844], "obj_id": 3}, {"cam_R_m2c": [-0.6307682991027832, -0.7071104049682617, -0.31957149505615234, -0.17364981770515442, 0.5300191640853882, -0.8300153017044067, 0.7562915086746216, -0.4680539071559906, -0.45710885524749756], "cam_t_m2c": [-96.13259887695312, 79.70088958740234, 129.57701110839844], "obj_id": 3}, {"cam_R_m2c": [-0.6307682991027832, -0.7071104049682617, -0.31957149505615234, -0.17364981770515442, 0.5300191640853882, -0.8300153017044067, 0.7562915086746216, -0.4680539071559906, -0.45710885524749756], "cam_t_m2c": [-96.13259887695312, 79.70088958740234, 129.57701110839844], "obj_id": 1}, {"cam_R_m2c": [-0.6307682991027832, -0.7071104049682617, -0.31957149505615234, -0.17364981770515442, 0.5300191640853882, -0.8300153017044067, 0.7562915086746216, -0.4680539071559906, -0.45710885524749756], "cam_t_m2c": [-96.13259887695312, 79.70088958740234, 129.57701110839844], "obj_id": 2}, {"cam_R_m2c": [-0.6307682991027832, -0.7071104049682617, -0.31957149505615234, -0.17364981770515442, 0.5300191640853882, -0.8300153017044067, 0.7562915086746216, -0.4680539071559906, -0.45710885524749756], "cam_t_m2c": [-96.13259887695312, 79.70088958740234, 129.57701110839844], "obj_id": 1}, {"cam_R_m2c": [-0.6307682991027832, -0.7071104049682617, -0.31957149505615234, -0.17364981770515442, 0.5300191640853882, -0.8300153017044067, 0.7562915086746216, -0.4680539071559906, -0.45710885524749756], "cam_t_m2c": [-96.13259887695312, 79.70088958740234, 129.57701110839844], "obj_id": 2}, {"cam_R_m2c": [-0.6307682991027832, -0.7071104049682617, -0.31957149505615234, -0.17364981770515442, 0.5300191640853882, -0.8300153017044067, 0.7562915086746216, -0.4680539071559906, -0.45710885524749756], "cam_t_m2c": [-96.13259887695312, 79.70088958740234, 129.57701110839844], "obj_id": 3}, {"cam_R_m2c": [-0.6307682991027832, -0.7071104049682617, -0.31957149505615234, -0.17364981770515442, 0.5300191640853882, -0.8300153017044067, 0.7562915086746216, -0.4680539071559906, -0.45710885524749756], "cam_t_m2c": [-96.13259887695312, 79.70088958740234, 129.57701110839844], "obj_id": 1}, {"cam_R_m2c": [-0.6307682991027832, -0.7071104049682617, -0.31957149505615234, -0.17364981770515442, 0.5300191640853882, -0.8300153017044067, 0.7562915086746216, -0.4680539071559906, -0.45710885524749756], "cam_t_m2c": [-96.13259887695312, 79.70088958740234, 129.57701110839844], "obj_id": 1}, {"cam_R_m2c": [-0.6307682991027832, -0.7071104049682617, -0.31957149505615234, -0.17364981770515442, 0.5300191640853882, -0.8300153017044067, 0.7562915086746216, -0.4680539071559906, -0.45710885524749756], "cam_t_m2c": [-96.13259887695312, 79.70088958740234, 129.57701110839844], "obj_id": 1}, {"cam_R_m2c": [-0.6307682991027832, -0.7071104049682617, -0.31957149505615234, -0.17364981770515442, 0.5300191640853882, -0.8300153017044067, 0.7562915086746216, -0.4680539071559906, -0.45710885524749756], "cam_t_m2c": [-96.13259887695312, 79.70088958740234, 129.57701110839844], "obj_id": 1}, {"cam_R_m2c": [-0.6307682991027832, -0.7071104049682617, -0.31957149505615234, -0.17364981770515442, 0.5300191640853882, -0.8300153017044067, 0.7562915086746216, -0.4680539071559906, -0.45710885524749756], "cam_t_m2c": [-96.13259887695312, 79.70088958740234, 129.57701110839844], "obj_id": 2}, {"cam_R_m2c": [-0.6307682991027832, -0.7071104049682617, -0.31957149505615234, -0.17364981770515442, 0.5300191640853882, -0.8300153017044067, 0.7562915086746216, -0.4680539071559906, -0.45710885524749756], "cam_t_m2c": [-96.13259887695312, 79.70088958740234, 129.57701110839844], "obj_id": 1}, {"cam_R_m2c": [-0.6307682991027832, -0.7071104049682617, -0.31957149505615234, -0.17364981770515442, 0.5300191640853882, -0.8300153017044067, 0.7562915086746216, -0.4680539071559906, -0.45710885524749756], "cam_t_m2c": [-96.13259887695312, 79.70088958740234, 129.57701110839844], "obj_id": 2}, {"cam_R_m2c": [-0.6307682991027832, -0.7071104049682617, -0.31957149505615234, -0.17364981770515442, 0.5300191640853882, -0.8300153017044067, 0.7562915086746216, -0.4680539071559906, -0.45710885524749756], "cam_t_m2c": [-96.13259887695312, 79.70088958740234, 129.57701110839844], "obj_id": 3}, {"cam_R_m2c": [-0.6307682991027832, -0.7071104049682617, -0.31957149505615234, -0.17364981770515442, 0.5300191640853882, -0.8300153017044067, 0.7562915086746216, -0.4680539071559906, -0.45710885524749756], "cam_t_m2c": [-96.13259887695312, 79.70088958740234, 129.57701110839844], "obj_id": 1}, {"cam_R_m2c": [-0.5109672546386719, -0.8102125525474548, -0.2871720492839813, 0.20019681751728058, 0.21272516250610352, -0.9563833475112915, 0.8359625339508057, -0.5461716651916504, 0.0535065159201622], "cam_t_m2c": [2295.145751953125, 6765.32275390625, 3734.177978515625], "obj_id": 0}, {"cam_R_m2c": [0.46590572595596313, 0.5761383771896362, -0.671562671661377, 0.24806690216064453, 0.6434836387634277, 0.7241488695144653, 0.8493494987487793, -0.5039775371551514, 0.15688183903694153], "cam_t_m2c": [-34.290687561035156, 134.25840759277344, -67.00859832763672], "obj_id": 3}, {"cam_R_m2c": [0.23661324381828308, 0.6568955183029175, 0.7158927917480469, -0.5428451895713806, 0.7004657983779907, -0.4633214473724365, -0.8058121800422668, -0.2789909541606903, 0.5223320126533508], "cam_t_m2c": [-138.08033752441406, 7.3836669921875, 225.48304748535156], "obj_id": 3}, {"cam_R_m2c": [-0.47284242510795593, -0.5381514430046082, 0.6977197527885437, -0.8799842596054077, 0.3290664255619049, -0.3425535559654236, -0.04525042325258255, -0.7759563326835632, -0.6291613578796387], "cam_t_m2c": [51.8613166809082, 2.97467041015625, 102.43505859375], "obj_id": 1}, {"cam_R_m2c": [-0.5544383525848389, -0.04938836768269539, 0.8307579159736633, 0.7479975819587708, -0.4671739935874939, 0.4714317321777344, 0.3648253083229065, 0.8827848434448242, 0.2959617078304291], "cam_t_m2c": [-269.6027526855469, 143.23959350585938, 192.1064453125], "obj_id": 1}, {"cam_R_m2c": [0.3741910457611084, -0.6962615251541138, 0.6125364303588867, 0.605315625667572, -0.3170192539691925, -0.7301312685012817, 0.7025482058525085, 0.6439864635467529, 0.3028322756290436], "cam_t_m2c": [2340.39697265625, 6662.8330078125, 3878.366455078125], "obj_id": 0}, {"cam_R_m2c": [0.6472559571266174, 0.43153664469718933, 0.6283596158027649, -0.10357002168893814, -0.7668936848640442, 0.6333618760108948, 0.755203902721405, -0.4750264883041382, -0.4516822397708893], "cam_t_m2c": [140.5469512939453, -7.280338764190674, 44.79597473144531], "obj_id": 0}, {"cam_R_m2c": [0.35495150089263916, 0.6418869495391846, 0.6796989440917969, -0.6764392256736755, 0.6781885027885437, -0.2872113287448883, -0.6453211903572083, -0.35782888531684875, 0.6749215126037598], "cam_t_m2c": [-20.645051956176758, -19.666719436645508, 195.6615753173828], "obj_id": 3}]
}