{
  "0": [{"cam_R_m2c": [-0.45932140946388245, 0.03412996605038643, 0.8876141905784607, 0.6892260313034058, -0.6166723966598511, 0.38037165999412537, 0.5603492856025696, 0.786479651927948, 0.2597275972366333], "cam_t_m2c": [-85.6633071899414, 6.184192180633545, 353.4065856933594], "obj_id": 2}, {"cam_R_m2c": [0.166874498128891, -0.9190835356712341, -0.3569850027561188, -0.8413811922073364, -0.3214990794658661, 0.4344145357608795, -0.5140336155891418, 0.22786778211593628, -0.8269495964050293], "cam_t_m2c": [-319.20159912109375, -192.2126007080078, 401.8520202636719], "obj_id": 0}, {"cam_R_m2c": [-0.2695056200027466, 0.806384265422821, -0.5264134407043457, 0.8304518461227417, 0.4713745415210724, 0.2969103157520294, 0.48756173253059387, -0.35714203119277954, -0.7967014312744141], "cam_t_m2c": [-54.018375396728516, -13.495208740234375, 287.8842468261719], "obj_id": 0}, {"cam_R_m2c": [0.8382429480552673, -0.5431391596794128, 0.04846196621656418, 0.12760630249977112, 0.10897824913263321, -0.9858196377754211, 0.5301559567451477, 0.8325403928756714, 0.16065824031829834], "cam_t_m2c": [89.43433380126953, 84.06559753417969, 325.1956787109375], "obj_id": 3}, {"cam_R_m2c": [-0.6356132626533508, -0.6384315490722656, -0.4340518116950989, 0.6674485802650452, -0.17190663516521454, -0.7245415449142456, 0.3879537880420685, -0.7502354979515076, 0.5353863835334778], "cam_t_m2c": [-139.64801025390625, -161.9322052001953, 400.2691650390625], "obj_id": 0}, {"cam_R_m2c": [0.6630778908729553, -0.7146749496459961, -0.2226373553276062, 0.40089935064315796, 0.0878792479634285, 0.9118973612785339, -0.6321450471878052, -0.6939141750335693, 0.3447835445404053], "cam_t_m2c": [-88.27159118652344, 46.798980712890625, 303.5765075683594], "obj_id": 1}, {"cam_R_m2c": [-0.2549261748790741, 0.8639184832572937, -0.4343472719192505, 0.8202416300773621, 0.4310773015022278, 0.3760000765323639, 0.5120706558227539, -0.26041746139526367, -0.8185147643089294], "cam_t_m2c": [235.60801696777344, 38.41195297241211, 461.44671630859375], "obj_id": 0}, {"cam_R_m2c": [0.553039014339447, 0.3155909776687622, 0.7710707187652588, 0.7155433297157288, 0.2941661775112152, -0.6336117386817932, -0.42678502202033997, 0.9021465182304382, -0.06313362717628479], "cam_t_m2c": [52.16474533081055, 115.64456176757812, 267.5945739746094], "obj_id": 3}, {"cam_R_m2c": [-0.9364050030708313, -0.08927375078201294, 0.33937549591064453, -0.32393333315849304, 0.5918194055557251, -0.7381171584129333, -0.13495449721813202, -0.8011116981506348, -0.5831013321876526], "cam_t_m2c": [-31.12040901184082, -107.50849914550781, 386.06695556640625], "obj_id": 1}, {"cam_R_m2c": [-0.6291319131851196, 0.7768533229827881, -0.02629583328962326, -0.697756826877594, -0.5495213866233826, 0.4595228135585785, 0.3425317406654358, 0.30744868516921997, 0.8877766132354736], "cam_t_m2c": [-191.89845275878906, -53.291934967041016, 268.09027099609375], "obj_id": 3}, {"cam_R_m2c": [-0.4593212604522705, 0.1784714013338089, -0.8701562285423279, 0.6892260909080505, 0.6895750761032104, -0.22238166630268097, 0.5603492856025696, -0.7018790245056152, -0.43974363803863525], "cam_t_m2c": [8.242107391357422, -23.571815490722656, 466.9809875488281], "obj_id": 2}, {"cam_R_m2c": [-0.4593212902545929, -0.7254853248596191, -0.5125376582145691, 0.6892260909080505, 0.07291120290756226, -0.7208684086799622, 0.5603492259979248, -0.6843646168708801, 0.4665338397026062], "cam_t_m2c": [-74.92465209960938, -75.13849639892578, 462.2355041503906], "obj_id": 2}, {"cam_R_m2c": [-0.3518714904785156, 0.4090828001499176, -0.8419250249862671, 0.6866544485092163, 0.7240859270095825, 0.06484780460596085, 0.6361541748046875, -0.5552935004234314, -0.5356836915016174], "cam_t_m2c": [35.5489387512207, -45.03374481201172, 499.81451416015625], "obj_id": 1}, {"cam_R_m2c": [-0.8860637545585632, -0.14671958982944489, -0.43973198533058167, -0.31107717752456665, -0.5150982737541199, 0.7986893057823181, -0.34368857741355896, 0.8444802761077881, 0.41076892614364624], "cam_t_m2c": [117.8864517211914, -4.371652603149414, 436.3503723144531], "obj_id": 3}, {"cam_R_m2c": [0.44524723291397095, 0.5806214213371277, -0.6816403865814209, 0.13202959299087524, 0.7103694677352905, 0.6913344860076904, 0.8856201767921448, -0.3978114426136017, 0.2396308332681656], "cam_t_m2c": [-25.200626373291016, 73.96307373046875, 351.8984375], "obj_id": 1}, {"cam_R_m2c": [0.31569769978523254, -0.9351227879524231, -0.16087353229522705, -0.7539352774620056, -0.35015472769737244, 0.5558534860610962, -0.5761219263076782, -0.0541934072971344, -0.8155651092529297], "cam_t_m2c": [-49.77881622314453, -134.98211669921875, 446.512451171875], "obj_id": 2}, {"cam_R_m2c": [-0.662035346031189, -0.7427045106887817, -0.10049407929182053, 0.5986605286598206, -0.4433721899986267, -0.6671030521392822, 0.4509041905403137, -0.501807689666748, 0.7381560802459717], "cam_t_m2c": [-134.28065490722656, -225.71205139160156, 483.11737060546875], "obj_id": 0}, {"cam_R_m2c": [0.703630805015564, 0.6254918575286865, -0.33714035153388977, -0.62139493227005, 0.3115359842777252, -0.7188974618911743, -0.34463322162628174, 0.7153357267379761, 0.6078838109970093], "cam_t_m2c": [341.2611999511719, 134.62095642089844, 541.2338256835938], "obj_id": 0}, {"cam_R_m2c": [0.31777092814445496, -0.5265676379203796, 0.7885099053382874, -0.5412629246711731, 0.5820589661598206, 0.6068292260169983, -0.7784959077835083, -0.6196238994598389, -0.10005011409521103], "cam_t_m2c": [6.570359706878662, 97.12903594970703, 209.01866149902344], "obj_id": 2}, {"cam_R_m2c": [-0.4506014287471771, 0.09529732167720795, 0.8876241445541382, 0.4827929437160492, -0.8103262186050415, 0.33208778500556946, 0.7509122490882874, 0.5781779885292053, 0.31912535429000854], "cam_t_m2c": [122.13627624511719, -4.496676921844482, 519.861083984375], "obj_id": 2}, {"cam_R_m2c": [-0.4673460125923157, 0.8811367154121399, 0.07201243937015533, 0.8590015172958374, 0.4333212673664093, 0.27267026901245117, 0.20905525982379913, 0.1892901510000229, -0.9594087600708008], "cam_t_m2c": [-125.34278869628906, -152.1006317138672, 450.1927795410156], "obj_id": 1}, {"cam_R_m2c": [0.398446649312973, -0.25270876288414, -0.8816907405853271, -0.8707879781723022, -0.40612053871154785, -0.2771179676055908, -0.2880425751209259, 0.8781824111938477, -0.38187313079833984], "cam_t_m2c": [49.42188262939453, 109.98521423339844, 332.31341552734375], "obj_id": 0}, {"cam_R_m2c": [-0.06279023736715317, 0.5560951828956604, -0.8287432789802551, -0.6544469594955444, 0.6039846539497375, 0.4548644423484802, 0.7534961700439453, 0.5709296464920044, 0.326010525226593], "cam_t_m2c": [-76.81951141357422, 118.80553436279297, 119.23221588134766], "obj_id": 3}, {"cam_R_m2c": [-0.5675050020217896, 0.1290973424911499, -0.8131862282752991, -0.7129961848258972, 0.41689470410346985, 0.563768744468689, 0.4117940366268158, 0.8997403383255005, -0.14454388618469238], "cam_t_m2c": [78.25054931640625, 179.24452209472656, 169.4332733154297], "obj_id": 3}, {"cam_R_m2c": [-0.5708714127540588, -0.6945379376411438, -0.43786177039146423, 0.25425469875335693, -0.6566321849822998, 0.7100625038146973, -0.78067946434021, 0.2940259575843811, 0.55144202709198], "cam_t_m2c": [136.9427490234375, -52.6484489440918, 515.4202880859375], "obj_id": 3}, {"cam_R_m2c": [-0.9237881898880005, 0.1740799993276596, -0.34104448556900024, -0.37857699394226074, -0.5487541556358337, 0.7453510165214539, -0.05739888548851013, 0.8176581859588623, 0.5728354454040527], "cam_t_m2c": [103.88935089111328, -51.78608703613281, 608.6521606445312], "obj_id": 1}, {"cam_R_m2c": [0.674366295337677, 0.5412799715995789, 0.5022410154342651, -0.43745988607406616, 0.8408291935920715, -0.31880268454551697, -0.5948604345321655, -0.0047205244190990925, 0.8038151264190674], "cam_t_m2c": [-65.71035766601562, -53.28379821777344, 438.7586669921875], "obj_id": 0}, {"cam_R_m2c": [0.644822359085083, -0.003191241528838873, -0.7643257975578308, 0.5951484441757202, 0.6295478343963623, 0.4994675815105438, 0.4795857071876526, -0.7769551873207092, 0.40784579515457153], "cam_t_m2c": [66.29376220703125, 9.051268577575684, 506.7380676269531], "obj_id": 1}, {"cam_R_m2c": [0.215089812874794, 0.42222821712493896, 0.8806018233299255, -0.23118706047534943, 0.8980910181999207, -0.3741457164287567, -0.9488354921340942, -0.12310884147882462, 0.29078394174575806], "cam_t_m2c": [414.77557373046875, -6.412781715393066, 571.4581909179688], "obj_id": 2}, {"cam_R_m2c": [0.553529679775238, 0.8321691155433655, -0.03315781056880951, -0.8306884169578552, 0.554521918296814, 0.0496208481490612, 0.05967967212200165, 7.719710993114859e-05, 0.9982175827026367], "cam_t_m2c": [56.16793441772461, -153.3458709716797, 623.3353271484375], "obj_id": 1}, {"cam_R_m2c": [0.6365296244621277, -0.39115071296691895, -0.6647038459777832, -0.746126651763916, -0.5305002927780151, -0.4023236632347107, -0.19525641202926636, 0.7520442008972168, -0.6295270919799805], "cam_t_m2c": [-140.14517211914062, -168.64840698242188, 414.53863525390625], "obj_id": 2}, {"cam_R_m2c": [-0.3815573751926422, -0.9135007262229919, 0.14117422699928284, 0.7110266089439392, -0.3876499533653259, -0.5866587162017822, 0.5906394124031067, -0.1234654039144516, 0.7974342107772827], "cam_t_m2c": [20.90694236755371, -102.23213958740234, 530.6765747070312], "obj_id": 2}, {"cam_R_m2c": [-0.613330066204071, -0.20912271738052368, -0.7616386413574219, 0.7762030363082886, 0.01874055527150631, -0.6302041411399841, 0.1460634469985962, -0.9777096509933472, 0.1508278250694275], "cam_t_m2c": [136.04986572265625, 4.799185276031494, 501.82073974609375], "obj_id": 2}, {"cam_R_m2c": [-0.6354194283485413, -0.3292994201183319, -0.698429524898529, 0.760368824005127, -0.4243529438972473, -0.4916945695877075, -0.13446594774723053, -0.8434964418411255, 0.5200313329696655], "cam_t_m2c": [52.615055084228516, -249.67835998535156, 665.795654296875], "obj_id": 0}, {"cam_R_m2c": [0.4120294749736786, 0.799465000629425, -0.43713539838790894, -0.7925699353218079, 0.07778036594390869, -0.6047999858856201, -0.4495159387588501, 0.5956557393074036, 0.6656798124313354], "cam_t_m2c": [170.68519592285156, -138.73841857910156, 625.5067749023438], "obj_id": 1}, {"cam_R_m2c": [0.2574288845062256, -0.9509009122848511, -0.1718074381351471, -0.6627424359321594, -0.3031376302242279, 0.684748113155365, -0.7032089233398438, -0.06240985170006752, -0.7082387804985046], "cam_t_m2c": [-146.1513671875, 60.45465850830078, 223.73838806152344], "obj_id": 2}, {"cam_R_m2c": [0.08180848509073257, 0.9868524074554443, -0.13939090073108673, 0.6889642477035522, 0.045063670724630356, 0.7233931422233582, 0.7201637029647827, -0.1552150845527649, -0.6762194633483887], "cam_t_m2c": [69.7819595336914, 140.90985107421875, 268.361328125], "obj_id": 0}, {"cam_R_m2c": [0.6652407050132751, 0.5751253366470337, 0.4761151969432831, -0.31796377897262573, 0.7951973676681519, -0.5162945985794067, -0.6755396723747253, 0.1920727789402008, 0.7118666768074036], "cam_t_m2c": [106.28156280517578, -102.00543212890625, 519.2037353515625], "obj_id": 1}, {"cam_R_m2c": [0.3963669240474701, 0.0406789556145668, -0.9171905517578125, 0.2207951843738556, 0.9654738903045654, 0.13823777437210083, 0.8911468982696533, -0.2573041319847107, 0.37370017170906067], "cam_t_m2c": [-46.25657272338867, -3.253098487854004, 300.426025390625], "obj_id": 3}, {"cam_R_m2c": [0.5136526226997375, 0.2724919319152832, 0.8135779500007629, -0.8169021606445312, 0.44526606798171997, 0.366618275642395, -0.2623581290245056, -0.8529280424118042, 0.4513113498687744], "cam_t_m2c": [-54.23163986206055, -100.26177215576172, 400.15667724609375], "obj_id": 2}, {"cam_R_m2c": [0.7197777628898621, 0.6719570755958557, -0.17433783411979675, -0.5769639015197754, 0.43939146399497986, -0.688511312007904, -0.38604748249053955, 0.5961617827415466, 0.7039591670036316], "cam_t_m2c": [-77.1227798461914, -77.6541519165039, 459.3793640136719], "obj_id": 0}, {"cam_R_m2c": [0.17905370891094208, 0.3184511959552765, 0.9308751821517944, 0.68972247838974, 0.6340900659561157, -0.34958937764167786, -0.7015858292579651, 0.704640805721283, -0.10610676556825638], "cam_t_m2c": [171.64068603515625, -18.34773063659668, 524.4176635742188], "obj_id": 3}],
  "1": [{"cam_R_m2c": [-0.45932140946388245, 0.03412996605038643, 0.8876141905784607, 0.6892260313034058, -0.6166723966598511, 0.38037165999412537, 0.5603492856025696, 0.786479651927948, 0.2597275972366333], "cam_t_m2c": [-85.6633071899414, 6.184192180633545, 353.4065856933594], "obj_id": 2}, {"cam_R_m2c": [0.166874498128891, -0.9190835356712341, -0.3569850027561188, -0.8413811922073364, -0.3214990794658661, 0.4344145357608795, -0.5140336155891418, 0.22786778211593628, -0.8269495964050293], "cam_t_m2c": [-319.20159912109375, -192.2126007080078, 401.8520202636719], "obj_id": 0}, {"cam_R_m2c": [-0.2695056200027466, 0.806384265422821, -0.5264134407043457, 0.8304518461227417, 0.4713745415210724, 0.2969103157520294, 0.48756173253059387, -0.35714203119277954, -0.7967014312744141], "cam_t_m2c": [-54.018375396728516, -13.495208740234375, 287.8842468261719], "obj_id": 0}, {"cam_R_m2c": [0.8382429480552673, -0.5431391596794128, 0.04846196621656418, 0.12760630249977112, 0.10897824913263321, -0.9858196377754211, 0.5301559567451477, 0.8325403928756714, 0.16065824031829834], "cam_t_m2c": [89.43433380126953, 84.06559753417969, 325.1956787109375], "obj_id": 3}, {"cam_R_m2c": [-0.6356132626533508, -0.6384315490722656, -0.4340518116950989, 0.6674485802650452, -0.17190663516521454, -0.7245415449142456, 0.3879537880420685, -0.7502354979515076, 0.5353863835334778], "cam_t_m2c": [-139.64801025390625, -161.9322052001953, 400.2691650390625], "obj_id": 0}, {"cam_R_m2c": [0.6630778908729553, -0.7146749496459961, -0.2226373553276062, 0.40089935064315796, 0.0878792479634285, 0.9118973612785339, -0.6321450471878052, -0.6939141750335693, 0.3447835445404053], "cam_t_m2c": [-88.27159118652344, 46.798980712890625, 303.5765075683594], "obj_id": 1}, {"cam_R_m2c": [-0.2549261748790741, 0.8639184832572937, -0.4343472719192505, 0.8202416300773621, 0.4310773015022278, 0.3760000765323639, 0.5120706558227539, -0.26041746139526367, -0.8185147643089294], "cam_t_m2c": [235.60801696777344, 38.41195297241211, 461.44671630859375], "obj_id": 0}, {"cam_R_m2c": [0.553039014339447, 0.3155909776687622, 0.7710707187652588, 0.7155433297157288, 0.2941661775112152, -0.6336117386817932, -0.42678502202033997, 0.9021465182304382, -0.06313362717628479], "cam_t_m2c": [52.16474533081055, 115.64456176757812, 267.5945739746094], "obj_id": 3}, {"cam_R_m2c": [-0.9364050030708313, -0.08927375078201294, 0.33937549591064453, -0.32393333315849304, 0.5918194055557251, -0.7381171584129333, -0.13495449721813202, -0.8011116981506348, -0.5831013321876526], "cam_t_m2c": [-31.12040901184082, -107.50849914550781, 386.06695556640625], "obj_id": 1}, {"cam_R_m2c": [-0.6291319131851196, 0.7768533229827881, -0.02629583328962326, -0.697756826877594, -0.5495213866233826, 0.4595228135585785, 0.3425317406654358, 0.30744868516921997, 0.8877766132354736], "cam_t_m2c": [-191.89845275878906, -53.291934967041016, 268.09027099609375], "obj_id": 3}, {"cam_R_m2c": [-0.4593212604522705, 0.1784714013338089, -0.8701562285423279, 0.6892260909080505, 0.6895750761032104, -0.22238166630268097, 0.5603492856025696, -0.7018790245056152, -0.43974363803863525], "cam_t_m2c": [8.242107391357422, -23.571815490722656, 466.9809875488281], "obj_id": 2}, {"cam_R_m2c": [-0.4593212902545929, -0.7254853248596191, -0.5125376582145691, 0.6892260909080505, 0.07291120290756226, -0.7208684086799622, 0.5603492259979248, -0.6843646168708801, 0.4665338397026062], "cam_t_m2c": [-74.92465209960938, -75.13849639892578, 462.2355041503906], "obj_id": 2}, {"cam_R_m2c": [-0.3518714904785156, 0.4090828001499176, -0.8419250249862671, 0.6866544485092163, 0.7240859270095825, 0.06484780460596085, 0.6361541748046875, -0.5552935004234314, -0.5356836915016174], "cam_t_m2c": [35.5489387512207, -45.03374481201172, 499.81451416015625], "obj_id": 1}, {"cam_R_m2c": [-0.8860637545585632, -0.14671958982944489, -0.43973198533058167, -0.31107717752456665, -0.5150982737541199, 0.7986893057823181, -0.34368857741355896, 0.8444802761077881, 0.41076892614364624], "cam_t_m2c": [117.8864517211914, -4.371652603149414, 436.3503723144531], "obj_id": 3}, {"cam_R_m2c": [0.44524723291397095, 0.5806214213371277, -0.6816403865814209, 0.13202959299087524, 0.7103694677352905, 0.6913344860076904, 0.8856201767921448, -0.3978114426136017, 0.2396308332681656], "cam_t_m2c": [-25.200626373291016, 73.96307373046875, 351.8984375], "obj_id": 1}, {"cam_R_m2c": [0.31569769978523254, -0.9351227879524231, -0.16087353229522705, -0.7539352774620056, -0.35015472769737244, 0.5558534860610962, -0.5761219263076782, -0.0541934072971344, -0.8155651092529297], "cam_t_m2c": [-49.77881622314453, -134.98211669921875, 446.512451171875], "obj_id": 2}, {"cam_R_m2c": [-0.662035346031189, -0.7427045106887817, -0.10049407929182053, 0.5986605286598206, -0.4433721899986267, -0.6671030521392822, 0.4509041905403137, -0.501807689666748, 0.7381560802459717], "cam_t_m2c": [-134.28065490722656, -225.71205139160156, 483.11737060546875], "obj_id": 0}, {"cam_R_m2c": [0.703630805015564, 0.6254918575286865, -0.33714035153388977, -0.62139493227005, 0.3115359842777252, -0.7188974618911743, -0.34463322162628174, 0.7153357267379761, 0.6078838109970093], "cam_t_m2c": [341.2611999511719, 134.62095642089844, 541.2338256835938], "obj_id": 0}, {"cam_R_m2c": [0.31777092814445496, -0.5265676379203796, 0.7885099053382874, -0.5412629246711731, 0.5820589661598206, 0.6068292260169983, -0.7784959077835083, -0.6196238994598389, -0.10005011409521103], "cam_t_m2c": [6.570359706878662, 97.12903594970703, 209.01866149902344], "obj_id": 2}, {"cam_R_m2c": [-0.4506014287471771, 0.09529732167720795, 0.8876241445541382, 0.4827929437160492, -0.8103262186050415, 0.33208778500556946, 0.7509122490882874, 0.5781779885292053, 0.31912535429000854], "cam_t_m2c": [122.13627624511719, -4.496676921844482, 519.861083984375], "obj_id": 2}, {"cam_R_m2c": [-0.4673460125923157, 0.8811367154121399, 0.07201243937015533, 0.8590015172958374, 0.4333212673664093, 0.27267026901245117, 0.20905525982379913, 0.1892901510000229, -0.9594087600708008], "cam_t_m2c": [-125.34278869628906, -152.1006317138672, 450.1927795410156], "obj_id": 1}, {"cam_R_m2c": [0.398446649312973, -0.25270876288414, -0.8816907405853271, -0.8707879781723022, -0.40612053871154785, -0.2771179676055908, -0.2880425751209259, 0.8781824111938477, -0.38187313079833984], "cam_t_m2c": [49.42188262939453, 109.98521423339844, 332.31341552734375], "obj_id": 0}, {"cam_R_m2c": [-0.06279023736715317, 0.5560951828956604, -0.8287432789802551, -0.6544469594955444, 0.6039846539497375, 0.4548644423484802, 0.7534961700439453, 0.5709296464920044, 0.326010525226593], "cam_t_m2c": [-76.81951141357422, 118.80553436279297, 119.23221588134766], "obj_id": 3}, {"cam_R_m2c": [-0.5675050020217896, 0.1290973424911499, -0.8131862282752991, -0.7129961848258972, 0.41689470410346985, 0.563768744468689, 0.4117940366268158, 0.8997403383255005, -0.14454388618469238], "cam_t_m2c": [78.25054931640625, 179.24452209472656, 169.4332733154297], "obj_id": 3}, {"cam_R_m2c": [-0.5708714127540588, -0.6945379376411438, -0.43786177039146423, 0.25425469875335693, -0.6566321849822998, 0.7100625038146973, -0.78067946434021, 0.2940259575843811, 0.55144202709198], "cam_t_m2c": [136.9427490234375, -52.6484489440918, 515.4202880859375], "obj_id": 3}, {"cam_R_m2c": [-0.9237881898880005, 0.1740799993276596, -0.34104448556900024, -0.37857699394226074, -0.5487541556358337, 0.7453510165214539, -0.05739888548851013, 0.8176581859588623, 0.5728354454040527], "cam_t_m2c": [103.88935089111328, -51.78608703613281, 608.6521606445312], "obj_id": 1}, {"cam_R_m2c": [0.674366295337677, 0.5412799715995789, 0.5022410154342651, -0.43745988607406616, 0.8408291935920715, -0.31880268454551697, -0.5948604345321655, -0.0047205244190990925, 0.8038151264190674], "cam_t_m2c": [-65.71035766601562, -53.28379821777344, 438.7586669921875], "obj_id": 0}, {"cam_R_m2c": [0.644822359085083, -0.003191241528838873, -0.7643257975578308, 0.5951484441757202, 0.6295478343963623, 0.4994675815105438, 0.4795857071876526, -0.7769551873207092, 0.40784579515457153], "cam_t_m2c": [66.29376220703125, 9.051268577575684, 506.7380676269531], "obj_id": 1}, {"cam_R_m2c": [0.215089812874794, 0.42222821712493896, 0.8806018233299255, -0.23118706047534943, 0.8980910181999207, -0.3741457164287567, -0.9488354921340942, -0.12310884147882462, 0.29078394174575806], "cam_t_m2c": [414.77557373046875, -6.412781715393066, 571.4581909179688], "obj_id": 2}, {"cam_R_m2c": [0.553529679775238, 0.8321691155433655, -0.03315781056880951, -0.8306884169578552, 0.554521918296814, 0.0496208481490612, 0.05967967212200165, 7.719710993114859e-05, 0.9982175827026367], "cam_t_m2c": [56.16793441772461, -153.3458709716797, 623.3353271484375], "obj_id": 1}, {"cam_R_m2c": [0.6365296244621277, -0.39115071296691895, -0.6647038459777832, -0.746126651763916, -0.5305002927780151, -0.4023236632347107, -0.19525641202926636, 0.7520442008972168, -0.6295270919799805], "cam_t_m2c": [-140.14517211914062, -168.64840698242188, 414.53863525390625], "obj_id": 2}, {"cam_R_m2c": [-0.3815573751926422, -0.9135007262229919, 0.14117422699928284, 0.7110266089439392, -0.3876499533653259, -0.5866587162017822, 0.5906394124031067, -0.1234654039144516, 0.7974342107772827], "cam_t_m2c": [20.90694236755371, -102.23213958740234, 530.6765747070312], "obj_id": 2}, {"cam_R_m2c": [-0.613330066204071, -0.20912271738052368, -0.7616386413574219, 0.7762030363082886, 0.01874055527150631, -0.6302041411399841, 0.1460634469985962, -0.9777096509933472, 0.1508278250694275], "cam_t_m2c": [136.04986572265625, 4.799185276031494, 501.82073974609375], "obj_id": 2}, {"cam_R_m2c": [-0.6354194283485413, -0.3292994201183319, -0.698429524898529, 0.760368824005127, -0.4243529438972473, -0.4916945695877075, -0.13446594774723053, -0.8434964418411255, 0.5200313329696655], "cam_t_m2c": [52.615055084228516, -249.67835998535156, 665.795654296875], "obj_id": 0}, {"cam_R_m2c": [0.4120294749736786, 0.799465000629425, -0.43713539838790894, -0.7925699353218079, 0.07778036594390869, -0.6047999858856201, -0.4495159387588501, 0.5956557393074036, 0.6656798124313354], "cam_t_m2c": [170.68519592285156, -138.73841857910156, 625.5067749023438], "obj_id": 1}, {"cam_R_m2c": [0.2574288845062256, -0.9509009122848511, -0.1718074381351471, -0.6627424359321594, -0.3031376302242279, 0.684748113155365, -0.7032089233398438, -0.06240985170006752, -0.7082387804985046], "cam_t_m2c": [-146.1513671875, 60.45465850830078, 223.73838806152344], "obj_id": 2}, {"cam_R_m2c": [0.08180848509073257, 0.9868524074554443, -0.13939090073108673, 0.6889642477035522, 0.045063670724630356, 0.7233931422233582, 0.7201637029647827, -0.1552150845527649, -0.6762194633483887], "cam_t_m2c": [69.7819595336914, 140.90985107421875, 268.361328125], "obj_id": 0}, {"cam_R_m2c": [0.6652407050132751, 0.5751253366470337, 0.4761151969432831, -0.31796377897262573, 0.7951973676681519, -0.5162945985794067, -0.6755396723747253, 0.1920727789402008, 0.7118666768074036], "cam_t_m2c": [106.28156280517578, -102.00543212890625, 519.2037353515625], "obj_id": 1}, {"cam_R_m2c": [0.3963669240474701, 0.0406789556145668, -0.9171905517578125, 0.2207951843738556, 0.9654738903045654, 0.13823777437210083, 0.8911468982696533, -0.2573041319847107, 0.37370017170906067], "cam_t_m2c": [-46.25657272338867, -3.253098487854004, 300.426025390625], "obj_id": 3}, {"cam_R_m2c": [0.5136526226997375, 0.2724919319152832, 0.8135779500007629, -0.8169021606445312, 0.44526606798171997, 0.366618275642395, -0.2623581290245056, -0.8529280424118042, 0.4513113498687744], "cam_t_m2c": [-54.23163986206055, -100.26177215576172, 400.15667724609375], "obj_id": 2}, {"cam_R_m2c": [0.7197777628898621, 0.6719570755958557, -0.17433783411979675, -0.5769639015197754, 0.43939146399497986, -0.688511312007904, -0.38604748249053955, 0.5961617827415466, 0.7039591670036316], "cam_t_m2c": [-77.1227798461914, -77.6541519165039, 459.3793640136719], "obj_id": 0}, {"cam_R_m2c": [0.17905370891094208, 0.3184511959552765, 0.9308751821517944, 0.68972247838974, 0.6340900659561157, -0.34958937764167786, -0.7015858292579651, 0.704640805721283, -0.10610676556825638], "cam_t_m2c": [171.64068603515625, -18.34773063659668, 524.4176635742188], "obj_id": 3}],
  "2": [{"cam_R_m2c": [-0.45932140946388245, 0.03412996605038643, 0.8876141905784607, 0.6892260313034058, -0.6166723966598511, 0.38037165999412537, 0.5603492856025696, 0.786479651927948, 0.2597275972366333], "cam_t_m2c": [-85.6633071899414, 6.184192180633545, 353.4065856933594], "obj_id": 2}, {"cam_R_m2c": [0.166874498128891, -0.9190835356712341, -0.3569850027561188, -0.8413811922073364, -0.3214990794658661, 0.4344145357608795, -0.5140336155891418, 0.22786778211593628, -0.8269495964050293], "cam_t_m2c": [-319.20159912109375, -192.2126007080078, 401.8520202636719], "obj_id": 0}, {"cam_R_m2c": [-0.2695056200027466, 0.806384265422821, -0.5264134407043457, 0.8304518461227417, 0.4713745415210724, 0.2969103157520294, 0.48756173253059387, -0.35714203119277954, -0.7967014312744141], "cam_t_m2c": [-54.018375396728516, -13.495208740234375, 287.8842468261719], "obj_id": 0}, {"cam_R_m2c": [0.8382429480552673, -0.5431391596794128, 0.04846196621656418, 0.12760630249977112, 0.10897824913263321, -0.9858196377754211, 0.5301559567451477, 0.8325403928756714, 0.16065824031829834], "cam_t_m2c": [89.43433380126953, 84.06559753417969, 325.1956787109375], "obj_id": 3}, {"cam_R_m2c": [-0.6356132626533508, -0.6384315490722656, -0.4340518116950989, 0.6674485802650452, -0.17190663516521454, -0.7245415449142456, 0.3879537880420685, -0.7502354979515076, 0.5353863835334778], "cam_t_m2c": [-139.64801025390625, -161.9322052001953, 400.2691650390625], "obj_id": 0}, {"cam_R_m2c": [0.6630778908729553, -0.7146749496459961, -0.2226373553276062, 0.40089935064315796, 0.0878792479634285, 0.9118973612785339, -0.6321450471878052, -0.6939141750335693, 0.3447835445404053], "cam_t_m2c": [-88.27159118652344, 46.798980712890625, 303.5765075683594], "obj_id": 1}, {"cam_R_m2c": [-0.2549261748790741, 0.8639184832572937, -0.4343472719192505, 0.8202416300773621, 0.4310773015022278, 0.3760000765323639, 0.5120706558227539, -0.26041746139526367, -0.8185147643089294], "cam_t_m2c": [235.60801696777344, 38.41195297241211, 461.44671630859375], "obj_id": 0}, {"cam_R_m2c": [0.553039014339447, 0.3155909776687622, 0.7710707187652588, 0.7155433297157288, 0.2941661775112152, -0.6336117386817932, -0.42678502202033997, 0.9021465182304382, -0.06313362717628479], "cam_t_m2c": [52.16474533081055, 115.64456176757812, 267.5945739746094], "obj_id": 3}, {"cam_R_m2c": [-0.9364050030708313, -0.08927375078201294, 0.33937549591064453, -0.32393333315849304, 0.5918194055557251, -0.7381171584129333, -0.13495449721813202, -0.8011116981506348, -0.5831013321876526], "cam_t_m2c": [-31.12040901184082, -107.50849914550781, 386.06695556640625], "obj_id": 1}, {"cam_R_m2c": [-0.6291319131851196, 0.7768533229827881, -0.02629583328962326, -0.697756826877594, -0.5495213866233826, 0.4595228135585785, 0.3425317406654358, 0.30744868516921997, 0.8877766132354736], "cam_t_m2c": [-191.89845275878906, -53.291934967041016, 268.09027099609375], "obj_id": 3}, {"cam_R_m2c": [-0.4593212604522705, 0.1784714013338089, -0.8701562285423279, 0.6892260909080505, 0.6895750761032104, -0.22238166630268097, 0.5603492856025696, -0.7018790245056152, -0.43974363803863525], "cam_t_m2c": [8.242107391357422, -23.571815490722656, 466.9809875488281], "obj_id": 2}, {"cam_R_m2c": [-0.4593212902545929, -0.7254853248596191, -0.5125376582145691, 0.6892260909080505, 0.07291120290756226, -0.7208684086799622, 0.5603492259979248, -0.6843646168708801, 0.4665338397026062], "cam_t_m2c": [-74.92465209960938, -75.13849639892578, 462.2355041503906], "obj_id": 2}, {"cam_R_m2c": [-0.3518714904785156, 0.4090828001499176, -0.8419250249862671, 0.6866544485092163, 0.7240859270095825, 0.06484780460596085, 0.6361541748046875, -0.5552935004234314, -0.5356836915016174], "cam_t_m2c": [35.5489387512207, -45.03374481201172, 499.81451416015625], "obj_id": 1}, {"cam_R_m2c": [-0.8860637545585632, -0.14671958982944489, -0.43973198533058167, -0.31107717752456665, -0.5150982737541199, 0.7986893057823181, -0.34368857741355896, 0.8444802761077881, 0.41076892614364624], "cam_t_m2c": [117.8864517211914, -4.371652603149414, 436.3503723144531], "obj_id": 3}, {"cam_R_m2c": [0.44524723291397095, 0.5806214213371277, -0.6816403865814209, 0.13202959299087524, 0.7103694677352905, 0.6913344860076904, 0.8856201767921448, -0.3978114426136017, 0.2396308332681656], "cam_t_m2c": [-25.200626373291016, 73.96307373046875, 351.8984375], "obj_id": 1}, {"cam_R_m2c": [0.31569769978523254, -0.9351227879524231, -0.16087353229522705, -0.7539352774620056, -0.35015472769737244, 0.5558534860610962, -0.5761219263076782, -0.0541934072971344, -0.8155651092529297], "cam_t_m2c": [-49.77881622314453, -134.98211669921875, 446.512451171875], "obj_id": 2}, {"cam_R_m2c": [-0.662035346031189, -0.7427045106887817, -0.10049407929182053, 0.5986605286598206, -0.4433721899986267, -0.6671030521392822, 0.4509041905403137, -0.501807689666748, 0.7381560802459717], "cam_t_m2c": [-134.28065490722656, -225.71205139160156, 483.11737060546875], "obj_id": 0}, {"cam_R_m2c": [0.703630805015564, 0.6254918575286865, -0.33714035153388977, -0.62139493227005, 0.3115359842777252, -0.7188974618911743, -0.34463322162628174, 0.7153357267379761, 0.6078838109970093], "cam_t_m2c": [341.2611999511719, 134.62095642089844, 541.2338256835938], "obj_id": 0}, {"cam_R_m2c": [0.31777092814445496, -0.5265676379203796, 0.7885099053382874, -0.5412629246711731, 0.5820589661598206, 0.6068292260169983, -0.7784959077835083, -0.6196238994598389, -0.10005011409521103], "cam_t_m2c": [6.570359706878662, 97.12903594970703, 209.01866149902344], "obj_id": 2}, {"cam_R_m2c": [-0.4506014287471771, 0.09529732167720795, 0.8876241445541382, 0.4827929437160492, -0.8103262186050415, 0.33208778500556946, 0.7509122490882874, 0.5781779885292053, 0.31912535429000854], "cam_t_m2c": [122.13627624511719, -4.496676921844482, 519.861083984375], "obj_id": 2}, {"cam_R_m2c": [-0.4673460125923157, 0.8811367154121399, 0.07201243937015533, 0.8590015172958374, 0.4333212673664093, 0.27267026901245117, 0.20905525982379913, 0.1892901510000229, -0.9594087600708008], "cam_t_m2c": [-125.34278869628906, -152.1006317138672, 450.1927795410156], "obj_id": 1}, {"cam_R_m2c": [0.398446649312973, -0.25270876288414, -0.8816907405853271, -0.8707879781723022, -0.40612053871154785, -0.2771179676055908, -0.2880425751209259, 0.8781824111938477, -0.38187313079833984], "cam_t_m2c": [49.42188262939453, 109.98521423339844, 332.31341552734375], "obj_id": 0}, {"cam_R_m2c": [-0.06279023736715317, 0.5560951828956604, -0.8287432789802551, -0.6544469594955444, 0.6039846539497375, 0.4548644423484802, 0.7534961700439453, 0.5709296464920044, 0.326010525226593], "cam_t_m2c": [-76.81951141357422, 118.80553436279297, 119.23221588134766], "obj_id": 3}, {"cam_R_m2c": [-0.5675050020217896, 0.1290973424911499, -0.8131862282752991, -0.7129961848258972, 0.41689470410346985, 0.563768744468689, 0.4117940366268158, 0.8997403383255005, -0.14454388618469238], "cam_t_m2c": [78.25054931640625, 179.24452209472656, 169.4332733154297], "obj_id": 3}, {"cam_R_m2c": [-0.5708714127540588, -0.6945379376411438, -0.43786177039146423, 0.25425469875335693, -0.6566321849822998, 0.7100625038146973, -0.78067946434021, 0.2940259575843811, 0.55144202709198], "cam_t_m2c": [136.9427490234375, -52.6484489440918, 515.4202880859375], "obj_id": 3}, {"cam_R_m2c": [-0.9237881898880005, 0.1740799993276596, -0.34104448556900024, -0.37857699394226074, -0.5487541556358337, 0.7453510165214539, -0.05739888548851013, 0.8176581859588623, 0.5728354454040527], "cam_t_m2c": [103.88935089111328, -51.78608703613281, 608.6521606445312], "obj_id": 1}, {"cam_R_m2c": [0.674366295337677, 0.5412799715995789, 0.5022410154342651, -0.43745988607406616, 0.8408291935920715, -0.31880268454551697, -0.5948604345321655, -0.0047205244190990925, 0.8038151264190674], "cam_t_m2c": [-65.71035766601562, -53.28379821777344, 438.7586669921875], "obj_id": 0}, {"cam_R_m2c": [0.644822359085083, -0.003191241528838873, -0.7643257975578308, 0.5951484441757202, 0.6295478343963623, 0.4994675815105438, 0.4795857071876526, -0.7769551873207092, 0.40784579515457153], "cam_t_m2c": [66.29376220703125, 9.051268577575684, 506.7380676269531], "obj_id": 1}, {"cam_R_m2c": [0.215089812874794, 0.42222821712493896, 0.8806018233299255, -0.23118706047534943, 0.8980910181999207, -0.3741457164287567, -0.9488354921340942, -0.12310884147882462, 0.29078394174575806], "cam_t_m2c": [414.77557373046875, -6.412781715393066, 571.4581909179688], "obj_id": 2}, {"cam_R_m2c": [0.553529679775238, 0.8321691155433655, -0.03315781056880951, -0.8306884169578552, 0.554521918296814, 0.0496208481490612, 0.05967967212200165, 7.719710993114859e-05, 0.9982175827026367], "cam_t_m2c": [56.16793441772461, -153.3458709716797, 623.3353271484375], "obj_id": 1}, {"cam_R_m2c": [0.6365296244621277, -0.39115071296691895, -0.6647038459777832, -0.746126651763916, -0.5305002927780151, -0.4023236632347107, -0.19525641202926636, 0.7520442008972168, -0.6295270919799805], "cam_t_m2c": [-140.14517211914062, -168.64840698242188, 414.53863525390625], "obj_id": 2}, {"cam_R_m2c": [-0.3815573751926422, -0.9135007262229919, 0.14117422699928284, 0.7110266089439392, -0.3876499533653259, -0.5866587162017822, 0.5906394124031067, -0.1234654039144516, 0.7974342107772827], "cam_t_m2c": [20.90694236755371, -102.23213958740234, 530.6765747070312], "obj_id": 2}, {"cam_R_m2c": [-0.613330066204071, -0.20912271738052368, -0.7616386413574219, 0.7762030363082886, 0.01874055527150631, -0.6302041411399841, 0.1460634469985962, -0.9777096509933472, 0.1508278250694275], "cam_t_m2c": [136.04986572265625, 4.799185276031494, 501.82073974609375], "obj_id": 2}, {"cam_R_m2c": [-0.6354194283485413, -0.3292994201183319, -0.698429524898529, 0.760368824005127, -0.4243529438972473, -0.4916945695877075, -0.13446594774723053, -0.8434964418411255, 0.5200313329696655], "cam_t_m2c": [52.615055084228516, -249.67835998535156, 665.795654296875], "obj_id": 0}, {"cam_R_m2c": [0.4120294749736786, 0.799465000629425, -0.43713539838790894, -0.7925699353218079, 0.07778036594390869, -0.6047999858856201, -0.4495159387588501, 0.5956557393074036, 0.6656798124313354], "cam_t_m2c": [170.68519592285156, -138.73841857910156, 625.5067749023438], "obj_id": 1}, {"cam_R_m2c": [0.2574288845062256, -0.9509009122848511, -0.1718074381351471, -0.6627424359321594, -0.3031376302242279, 0.684748113155365, -0.7032089233398438, -0.06240985170006752, -0.7082387804985046], "cam_t_m2c": [-146.1513671875, 60.45465850830078, 223.73838806152344], "obj_id": 2}, {"cam_R_m2c": [0.08180848509073257, 0.9868524074554443, -0.13939090073108673, 0.6889642477035522, 0.045063670724630356, 0.7233931422233582, 0.7201637029647827, -0.1552150845527649, -0.6762194633483887], "cam_t_m2c": [69.7819595336914, 140.90985107421875, 268.361328125], "obj_id": 0}, {"cam_R_m2c": [0.6652407050132751, 0.5751253366470337, 0.4761151969432831, -0.31796377897262573, 0.7951973676681519, -0.5162945985794067, -0.6755396723747253, 0.1920727789402008, 0.7118666768074036], "cam_t_m2c": [106.28156280517578, -102.00543212890625, 519.2037353515625], "obj_id": 1}, {"cam_R_m2c": [0.3963669240474701, 0.0406789556145668, -0.9171905517578125, 0.2207951843738556, 0.9654738903045654, 0.13823777437210083, 0.8911468982696533, -0.2573041319847107, 0.37370017170906067], "cam_t_m2c": [-46.25657272338867, -3.253098487854004, 300.426025390625], "obj_id": 3}, {"cam_R_m2c": [0.5136526226997375, 0.2724919319152832, 0.8135779500007629, -0.8169021606445312, 0.44526606798171997, 0.366618275642395, -0.2623581290245056, -0.8529280424118042, 0.4513113498687744], "cam_t_m2c": [-54.23163986206055, -100.26177215576172, 400.15667724609375], "obj_id": 2}, {"cam_R_m2c": [0.7197777628898621, 0.6719570755958557, -0.17433783411979675, -0.5769639015197754, 0.43939146399497986, -0.688511312007904, -0.38604748249053955, 0.5961617827415466, 0.7039591670036316], "cam_t_m2c": [-77.1227798461914, -77.6541519165039, 459.3793640136719], "obj_id": 0}, {"cam_R_m2c": [0.17905370891094208, 0.3184511959552765, 0.9308751821517944, 0.68972247838974, 0.6340900659561157, -0.34958937764167786, -0.7015858292579651, 0.704640805721283, -0.10610676556825638], "cam_t_m2c": [171.64068603515625, -18.34773063659668, 524.4176635742188], "obj_id": 3}]
}