{
  "0": [{"cam_R_m2c": [0.46407994627952576, -0.8844042420387268, 0.04958701506257057, -0.2896018624305725, -0.20439255237579346, -0.9350691437721252, 0.8371143937110901, 0.41958633065223694, -0.35097959637641907], "cam_t_m2c": [-148.92291259765625, 42.431602478027344, 501.6961669921875], "obj_id": 1}, {"cam_R_m2c": [0.46407994627952576, -0.8844042420387268, 0.04958701506257057, -0.2896018624305725, -0.20439255237579346, -0.9350691437721252, 0.8371143937110901, 0.41958633065223694, -0.35097959637641907], "cam_t_m2c": [-148.92291259765625, 42.431602478027344, 501.6961669921875], "obj_id": 3}, {"cam_R_m2c": [0.46407994627952576, -0.8844042420387268, 0.04958701506257057, -0.2896018624305725, -0.20439255237579346, -0.9350691437721252, 0.8371143937110901, 0.41958633065223694, -0.35097959637641907], "cam_t_m2c": [-148.92291259765625, 42.431602478027344, 501.6961669921875], "obj_id": 1}, {"cam_R_m2c": [0.46407994627952576, -0.8844042420387268, 0.04958701506257057, -0.2896018624305725, -0.20439255237579346, -0.9350691437721252, 0.8371143937110901, 0.41958633065223694, -0.35097959637641907], "cam_t_m2c": [-148.92291259765625, 42.431602478027344, 501.6961669921875], "obj_id": 3}, {"cam_R_m2c": [0.46407994627952576, -0.8844042420387268, 0.04958701506257057, -0.2896018624305725, -0.20439255237579346, -0.9350691437721252, 0.8371143937110901, 0.41958633065223694, -0.35097959637641907], "cam_t_m2c": [-148.92291259765625, 42.431602478027344, 501.6961669921875], "obj_id": 1}, {"cam_R_m2c": [0.46407994627952576, -0.8844042420387268, 0.04958701506257057, -0.2896018624305725, -0.20439255237579346, -0.9350691437721252, 0.8371143937110901, 0.41958633065223694, -0.35097959637641907], "cam_t_m2c": [-148.92291259765625, 42.431602478027344, 501.6961669921875], "obj_id": 3}, {"cam_R_m2c": [0.46407994627952576, -0.8844042420387268, 0.04958701506257057, -0.2896018624305725, -0.20439255237579346, -0.9350691437721252, 0.8371143937110901, 0.41958633065223694, -0.35097959637641907], "cam_t_m2c": [-148.92291259765625, 42.431602478027344, 501.6961669921875], "obj_id": 1}, {"cam_R_m2c": [0.46407994627952576, -0.8844042420387268, 0.04958701506257057, -0.2896018624305725, -0.20439255237579346, -0.9350691437721252, 0.8371143937110901, 0.41958633065223694, -0.35097959637641907], "cam_t_m2c": [-148.92291259765625, 42.431602478027344, 501.6961669921875], "obj_id": 0}, {"cam_R_m2c": [0.46407994627952576, -0.8844042420387268, 0.04958701506257057, -0.2896018624305725, -0.20439255237579346, -0.9350691437721252, 0.8371143937110901, 0.41958633065223694, -0.35097959637641907], "cam_t_m2c": [-148.92291259765625, 42.431602478027344, 501.6961669921875], "obj_id": 1}, {"cam_R_m2c": [0.46407994627952576, -0.8844042420387268, 0.04958701506257057, -0.2896018624305725, -0.20439255237579346, -0.9350691437721252, 0.8371143937110901, 0.41958633065223694, -0.35097959637641907], "cam_t_m2c": [-148.92291259765625, 42.431602478027344, 501.6961669921875], "obj_id": 1}, {"cam_R_m2c": [0.46407994627952576, -0.8844042420387268, 0.04958701506257057, -0.2896018624305725, -0.20439255237579346, -0.9350691437721252, 0.8371143937110901, 0.41958633065223694, -0.35097959637641907], "cam_t_m2c": [-148.92291259765625, 42.431602478027344, 501.6961669921875], "obj_id": 0}, {"cam_R_m2c": [0.46407994627952576, -0.8844042420387268, 0.04958701506257057, -0.2896018624305725, -0.20439255237579346, -0.9350691437721252, 0.8371143937110901, 0.41958633065223694, -0.35097959637641907], "cam_t_m2c": [-148.92291259765625, 42.431602478027344, 501.6961669921875], "obj_id": 0}, {"cam_R_m2c": [0.8084726333618164, -0.5679016709327698, 0.1544657051563263, 0.04905425012111664, 0.3265690803527832, 0.9438995122909546, -0.5864858627319336, -0.7555397748947144, 0.29188016057014465], "cam_t_m2c": [-343.2539978027344, 7.148016452789307, 681.4464721679688], "obj_id": 1}, {"cam_R_m2c": [0.016907325014472008, -0.21503755450248718, -0.9764593839645386, -0.9910313487052917, -0.13307631015777588, 0.01214668434113264, -0.13255563378334045, 0.9674965143203735, -0.2153588980436325], "cam_t_m2c": [-43.08307647705078, 65.91675567626953, 362.5921936035156], "obj_id": 2}, {"cam_R_m2c": [0.128084197640419, 0.983464777469635, -0.12802867591381073, 0.9321474432945251, -0.07529520243406296, 0.354163259267807, 0.3386671543121338, -0.1647043079137802, -0.9263783097267151], "cam_t_m2c": [215.94703674316406, 9.860824584960938, 539.4033203125], "obj_id": 3}, {"cam_R_m2c": [0.4382517635822296, -0.7095814347267151, 0.551751434803009, -0.22846463322639465, -0.6816169619560242, -0.6951276659965515, 0.8693327307701111, 0.1785852611064911, -0.46083417534828186], "cam_t_m2c": [-7.265429496765137, 27.289934158325195, 593.9832153320312], "obj_id": 4}],
  "1": [{"cam_R_m2c": [0.46407994627952576, -0.8844042420387268, 0.04958701506257057, -0.2896018624305725, -0.20439255237579346, -0.9350691437721252, 0.8371143937110901, 0.41958633065223694, -0.35097959637641907], "cam_t_m2c": [-148.92291259765625, 42.431602478027344, 501.6961669921875], "obj_id": 1}, {"cam_R_m2c": [0.46407994627952576, -0.8844042420387268, 0.04958701506257057, -0.2896018624305725, -0.20439255237579346, -0.9350691437721252, 0.8371143937110901, 0.41958633065223694, -0.35097959637641907], "cam_t_m2c": [-148.92291259765625, 42.431602478027344, 501.6961669921875], "obj_id": 3}, {"cam_R_m2c": [0.46407994627952576, -0.8844042420387268, 0.04958701506257057, -0.2896018624305725, -0.20439255237579346, -0.9350691437721252, 0.8371143937110901, 0.41958633065223694, -0.35097959637641907], "cam_t_m2c": [-148.92291259765625, 42.431602478027344, 501.6961669921875], "obj_id": 1}, {"cam_R_m2c": [0.46407994627952576, -0.8844042420387268, 0.04958701506257057, -0.2896018624305725, -0.20439255237579346, -0.9350691437721252, 0.8371143937110901, 0.41958633065223694, -0.35097959637641907], "cam_t_m2c": [-148.92291259765625, 42.431602478027344, 501.6961669921875], "obj_id": 3}, {"cam_R_m2c": [0.46407994627952576, -0.8844042420387268, 0.04958701506257057, -0.2896018624305725, -0.20439255237579346, -0.9350691437721252, 0.8371143937110901, 0.41958633065223694, -0.35097959637641907], "cam_t_m2c": [-148.92291259765625, 42.431602478027344, 501.6961669921875], "obj_id": 1}, {"cam_R_m2c": [0.46407994627952576, -0.8844042420387268, 0.04958701506257057, -0.2896018624305725, -0.20439255237579346, -0.9350691437721252, 0.8371143937110901, 0.41958633065223694, -0.35097959637641907], "cam_t_m2c": [-148.92291259765625, 42.431602478027344, 501.6961669921875], "obj_id": 3}, {"cam_R_m2c": [0.46407994627952576, -0.8844042420387268, 0.04958701506257057, -0.2896018624305725, -0.20439255237579346, -0.9350691437721252, 0.8371143937110901, 0.41958633065223694, -0.35097959637641907], "cam_t_m2c": [-148.92291259765625, 42.431602478027344, 501.6961669921875], "obj_id": 1}, {"cam_R_m2c": [0.46407994627952576, -0.8844042420387268, 0.04958701506257057, -0.2896018624305725, -0.20439255237579346, -0.9350691437721252, 0.8371143937110901, 0.41958633065223694, -0.35097959637641907], "cam_t_m2c": [-148.92291259765625, 42.431602478027344, 501.6961669921875], "obj_id": 0}, {"cam_R_m2c": [0.46407994627952576, -0.8844042420387268, 0.04958701506257057, -0.2896018624305725, -0.20439255237579346, -0.9350691437721252, 0.8371143937110901, 0.41958633065223694, -0.35097959637641907], "cam_t_m2c": [-148.92291259765625, 42.431602478027344, 501.6961669921875], "obj_id": 1}, {"cam_R_m2c": [0.46407994627952576, -0.8844042420387268, 0.04958701506257057, -0.2896018624305725, -0.20439255237579346, -0.9350691437721252, 0.8371143937110901, 0.41958633065223694, -0.35097959637641907], "cam_t_m2c": [-148.92291259765625, 42.431602478027344, 501.6961669921875], "obj_id": 1}, {"cam_R_m2c": [0.46407994627952576, -0.8844042420387268, 0.04958701506257057, -0.2896018624305725, -0.20439255237579346, -0.9350691437721252, 0.8371143937110901, 0.41958633065223694, -0.35097959637641907], "cam_t_m2c": [-148.92291259765625, 42.431602478027344, 501.6961669921875], "obj_id": 0}, {"cam_R_m2c": [0.46407994627952576, -0.8844042420387268, 0.04958701506257057, -0.2896018624305725, -0.20439255237579346, -0.9350691437721252, 0.8371143937110901, 0.41958633065223694, -0.35097959637641907], "cam_t_m2c": [-148.92291259765625, 42.431602478027344, 501.6961669921875], "obj_id": 0}, {"cam_R_m2c": [0.8084726333618164, -0.5679016709327698, 0.1544657051563263, 0.04905425012111664, 0.3265690803527832, 0.9438995122909546, -0.5864858627319336, -0.7555397748947144, 0.29188016057014465], "cam_t_m2c": [-343.2539978027344, 7.148016452789307, 681.4464721679688], "obj_id": 1}, {"cam_R_m2c": [0.016907325014472008, -0.21503755450248718, -0.9764593839645386, -0.9910313487052917, -0.13307631015777588, 0.01214668434113264, -0.13255563378334045, 0.9674965143203735, -0.2153588980436325], "cam_t_m2c": [-43.08307647705078, 65.91675567626953, 362.5921936035156], "obj_id": 2}, {"cam_R_m2c": [0.128084197640419, 0.983464777469635, -0.12802867591381073, 0.9321474432945251, -0.07529520243406296, 0.354163259267807, 0.3386671543121338, -0.1647043079137802, -0.9263783097267151], "cam_t_m2c": [215.94703674316406, 9.860824584960938, 539.4033203125], "obj_id": 3}, {"cam_R_m2c": [0.4382517635822296, -0.7095814347267151, 0.551751434803009, -0.22846463322639465, -0.6816169619560242, -0.6951276659965515, 0.8693327307701111, 0.1785852611064911, -0.46083417534828186], "cam_t_m2c": [-7.265429496765137, 27.289934158325195, 593.9832153320312], "obj_id": 4}],
  "2": [{"cam_R_m2c": [-0.623502790927887, -0.7801071405410767, 0.0517423078417778, -0.21924032270908356, 0.11093452572822571, -0.9693437218666077, 0.750451922416687, -0.6157324314117432, -0.2401989996433258], "cam_t_m2c": [48.562469482421875, 53.27888488769531, 658.1615600585938], "obj_id": 1}, {"cam_R_m2c": [-0.623502790927887, -0.7801071405410767, 0.0517423078417778, -0.21924032270908356, 0.11093452572822571, -0.9693437218666077, 0.750451922416687, -0.6157324314117432, -0.2401989996433258], "cam_t_m2c": [48.562469482421875, 53.27888488769531, 658.1615600585938], "obj_id": 3}, {"cam_R_m2c": [-0.623502790927887, -0.7801071405410767, 0.0517423078417778, -0.21924032270908356, 0.11093452572822571, -0.9693437218666077, 0.750451922416687, -0.6157324314117432, -0.2401989996433258], "cam_t_m2c": [48.562469482421875, 53.27888488769531, 658.1615600585938], "obj_id": 1}, {"cam_R_m2c": [-0.623502790927887, -0.7801071405410767, 0.0517423078417778, -0.21924032270908356, 0.11093452572822571, -0.9693437218666077, 0.750451922416687, -0.6157324314117432, -0.2401989996433258], "cam_t_m2c": [48.562469482421875, 53.27888488769531, 658.1615600585938], "obj_id": 3}, {"cam_R_m2c": [-0.623502790927887, -0.7801071405410767, 0.0517423078417778, -0.21924032270908356, 0.11093452572822571, -0.9693437218666077, 0.750451922416687, -0.6157324314117432, -0.2401989996433258], "cam_t_m2c": [48.562469482421875, 53.27888488769531, 658.1615600585938], "obj_id": 1}, {"cam_R_m2c": [-0.623502790927887, -0.7801071405410767, 0.0517423078417778, -0.21924032270908356, 0.11093452572822571, -0.9693437218666077, 0.750451922416687, -0.6157324314117432, -0.2401989996433258], "cam_t_m2c": [48.562469482421875, 53.27888488769531, 658.1615600585938], "obj_id": 3}, {"cam_R_m2c": [-0.623502790927887, -0.7801071405410767, 0.0517423078417778, -0.21924032270908356, 0.11093452572822571, -0.9693437218666077, 0.750451922416687, -0.6157324314117432, -0.2401989996433258], "cam_t_m2c": [48.562469482421875, 53.27888488769531, 658.1615600585938], "obj_id": 1}, {"cam_R_m2c": [-0.623502790927887, -0.7801071405410767, 0.0517423078417778, -0.21924032270908356, 0.11093452572822571, -0.9693437218666077, 0.750451922416687, -0.6157324314117432, -0.2401989996433258], "cam_t_m2c": [48.562469482421875, 53.27888488769531, 658.1615600585938], "obj_id": 0}, {"cam_R_m2c": [-0.623502790927887, -0.7801071405410767, 0.0517423078417778, -0.21924032270908356, 0.11093452572822571, -0.9693437218666077, 0.750451922416687, -0.6157324314117432, -0.2401989996433258], "cam_t_m2c": [48.562469482421875, 53.27888488769531, 658.1615600585938], "obj_id": 1}, {"cam_R_m2c": [-0.623502790927887, -0.7801071405410767, 0.0517423078417778, -0.21924032270908356, 0.11093452572822571, -0.9693437218666077, 0.750451922416687, -0.6157324314117432, -0.2401989996433258], "cam_t_m2c": [48.562469482421875, 53.27888488769531, 658.1615600585938], "obj_id": 1}, {"cam_R_m2c": [-0.623502790927887, -0.7801071405410767, 0.0517423078417778, -0.21924032270908356, 0.11093452572822571, -0.9693437218666077, 0.750451922416687, -0.6157324314117432, -0.2401989996433258], "cam_t_m2c": [48.562469482421875, 53.27888488769531, 658.1615600585938], "obj_id": 0}, {"cam_R_m2c": [-0.623502790927887, -0.7801071405410767, 0.0517423078417778, -0.21924032270908356, 0.11093452572822571, -0.9693437218666077, 0.750451922416687, -0.6157324314117432, -0.2401989996433258], "cam_t_m2c": [48.562469482421875, 53.27888488769531, 658.1615600585938], "obj_id": 0}, {"cam_R_m2c": [0.8489671349525452, 0.5216687917709351, 0.08435925096273422, -0.27316951751708984, 0.2965754568576813, 0.9151073098182678, 0.452364057302475, -0.7999404072761536, 0.3942868113517761], "cam_t_m2c": [-195.990234375, 104.56861114501953, 563.911865234375], "obj_id": 1}, {"cam_R_m2c": [-0.16721929609775543, -0.9647313952445984, -0.20330022275447845, -0.9698582887649536, 0.12389145791530609, 0.20982323586940765, -0.1772359162569046, 0.23225891590118408, -0.9563697576522827], "cam_t_m2c": [218.74224853515625, 21.013288497924805, 691.3475952148438], "obj_id": 2}, {"cam_R_m2c": [0.02971225045621395, 0.5173848867416382, 0.8552368879318237, 0.920025110244751, -0.3486190438270569, 0.17893770337104797, 0.39073145389556885, 0.7815227508544922, -0.48636534810066223], "cam_t_m2c": [153.44952392578125, -60.36897659301758, 992.3704833984375], "obj_id": 3}, {"cam_R_m2c": [-0.6440322399139404, -0.6397526264190674, 0.4194505512714386, -0.1483783721923828, -0.4334253966808319, -0.8888903260231018, 0.7504705190658569, -0.6347115635871887, 0.18421466648578644], "cam_t_m2c": [21.202377319335938, 22.57240867614746, 822.8477783203125], "obj_id": 4}],
  "3": [{"cam_R_m2c": [-0.623502790927887, -0.7801071405410767, 0.0517423078417778, -0.21924032270908356, 0.11093452572822571, -0.9693437218666077, 0.750451922416687, -0.6157324314117432, -0.2401989996433258], "cam_t_m2c": [48.562469482421875, 53.27888488769531, 658.1615600585938], "obj_id": 1}, {"cam_R_m2c": [-0.623502790927887, -0.7801071405410767, 0.0517423078417778, -0.21924032270908356, 0.11093452572822571, -0.9693437218666077, 0.750451922416687, -0.6157324314117432, -0.2401989996433258], "cam_t_m2c": [48.562469482421875, 53.27888488769531, 658.1615600585938], "obj_id": 3}, {"cam_R_m2c": [-0.623502790927887, -0.7801071405410767, 0.0517423078417778, -0.21924032270908356, 0.11093452572822571, -0.9693437218666077, 0.750451922416687, -0.6157324314117432, -0.2401989996433258], "cam_t_m2c": [48.562469482421875, 53.27888488769531, 658.1615600585938], "obj_id": 1}, {"cam_R_m2c": [-0.623502790927887, -0.7801071405410767, 0.0517423078417778, -0.21924032270908356, 0.11093452572822571, -0.9693437218666077, 0.750451922416687, -0.6157324314117432, -0.2401989996433258], "cam_t_m2c": [48.562469482421875, 53.27888488769531, 658.1615600585938], "obj_id": 3}, {"cam_R_m2c": [-0.623502790927887, -0.7801071405410767, 0.0517423078417778, -0.21924032270908356, 0.11093452572822571, -0.9693437218666077, 0.750451922416687, -0.6157324314117432, -0.2401989996433258], "cam_t_m2c": [48.562469482421875, 53.27888488769531, 658.1615600585938], "obj_id": 1}, {"cam_R_m2c": [-0.623502790927887, -0.7801071405410767, 0.0517423078417778, -0.21924032270908356, 0.11093452572822571, -0.9693437218666077, 0.750451922416687, -0.6157324314117432, -0.2401989996433258], "cam_t_m2c": [48.562469482421875, 53.27888488769531, 658.1615600585938], "obj_id": 3}, {"cam_R_m2c": [-0.623502790927887, -0.7801071405410767, 0.0517423078417778, -0.21924032270908356, 0.11093452572822571, -0.9693437218666077, 0.750451922416687, -0.6157324314117432, -0.2401989996433258], "cam_t_m2c": [48.562469482421875, 53.27888488769531, 658.1615600585938], "obj_id": 1}, {"cam_R_m2c": [-0.623502790927887, -0.7801071405410767, 0.0517423078417778, -0.21924032270908356, 0.11093452572822571, -0.9693437218666077, 0.750451922416687, -0.6157324314117432, -0.2401989996433258], "cam_t_m2c": [48.562469482421875, 53.27888488769531, 658.1615600585938], "obj_id": 0}, {"cam_R_m2c": [-0.623502790927887, -0.7801071405410767, 0.0517423078417778, -0.21924032270908356, 0.11093452572822571, -0.9693437218666077, 0.750451922416687, -0.6157324314117432, -0.2401989996433258], "cam_t_m2c": [48.562469482421875, 53.27888488769531, 658.1615600585938], "obj_id": 1}, {"cam_R_m2c": [-0.623502790927887, -0.7801071405410767, 0.0517423078417778, -0.21924032270908356, 0.11093452572822571, -0.9693437218666077, 0.750451922416687, -0.6157324314117432, -0.2401989996433258], "cam_t_m2c": [48.562469482421875, 53.27888488769531, 658.1615600585938], "obj_id": 1}, {"cam_R_m2c": [-0.623502790927887, -0.7801071405410767, 0.0517423078417778, -0.21924032270908356, 0.11093452572822571, -0.9693437218666077, 0.750451922416687, -0.6157324314117432, -0.2401989996433258], "cam_t_m2c": [48.562469482421875, 53.27888488769531, 658.1615600585938], "obj_id": 0}, {"cam_R_m2c": [-0.623502790927887, -0.7801071405410767, 0.0517423078417778, -0.21924032270908356, 0.11093452572822571, -0.9693437218666077, 0.750451922416687, -0.6157324314117432, -0.2401989996433258], "cam_t_m2c": [48.562469482421875, 53.27888488769531, 658.1615600585938], "obj_id": 0}, {"cam_R_m2c": [0.8489671349525452, 0.5216687917709351, 0.08435925096273422, -0.27316951751708984, 0.2965754568576813, 0.9151073098182678, 0.452364057302475, -0.7999404072761536, 0.3942868113517761], "cam_t_m2c": [-195.990234375, 104.56861114501953, 563.911865234375], "obj_id": 1}, {"cam_R_m2c": [-0.16721929609775543, -0.9647313952445984, -0.20330022275447845, -0.9698582887649536, 0.12389145791530609, 0.20982323586940765, -0.1772359162569046, 0.23225891590118408, -0.9563697576522827], "cam_t_m2c": [218.74224853515625, 21.013288497924805, 691.3475952148438], "obj_id": 2}, {"cam_R_m2c": [0.02971225045621395, 0.5173848867416382, 0.8552368879318237, 0.920025110244751, -0.3486190438270569, 0.17893770337104797, 0.39073145389556885, 0.7815227508544922, -0.48636534810066223], "cam_t_m2c": [153.44952392578125, -60.36897659301758, 992.3704833984375], "obj_id": 3}, {"cam_R_m2c": [-0.6440322399139404, -0.6397526264190674, 0.4194505512714386, -0.1483783721923828, -0.4334253966808319, -0.8888903260231018, 0.7504705190658569, -0.6347115635871887, 0.18421466648578644], "cam_t_m2c": [21.202377319335938, 22.57240867614746, 822.8477783203125], "obj_id": 4}],
  "4": [{"cam_R_m2c": [0.8549562096595764, 0.4958190321922302, -0.1523592323064804, 0.15776938199996948, -0.5283904671669006, -0.8342136144638062, -0.4941241443157196, 0.689178466796875, -0.5299757719039917], "cam_t_m2c": [-109.42937469482422, -63.02446746826172, 904.57958984375], "obj_id": 1}, {"cam_R_m2c": [0.8549562096595764, 0.4958190321922302, -0.1523592323064804, 0.15776938199996948, -0.5283904671669006, -0.8342136144638062, -0.4941241443157196, 0.689178466796875, -0.5299757719039917], "cam_t_m2c": [-109.42937469482422, -63.02446746826172, 904.57958984375], "obj_id": 3}, {"cam_R_m2c": [0.8549562096595764, 0.4958190321922302, -0.1523592323064804, 0.15776938199996948, -0.5283904671669006, -0.8342136144638062, -0.4941241443157196, 0.689178466796875, -0.5299757719039917], "cam_t_m2c": [-109.42937469482422, -63.02446746826172, 904.57958984375], "obj_id": 1}, {"cam_R_m2c": [0.8549562096595764, 0.4958190321922302, -0.1523592323064804, 0.15776938199996948, -0.5283904671669006, -0.8342136144638062, -0.4941241443157196, 0.689178466796875, -0.5299757719039917], "cam_t_m2c": [-109.42937469482422, -63.02446746826172, 904.57958984375], "obj_id": 3}, {"cam_R_m2c": [0.8549562096595764, 0.4958190321922302, -0.1523592323064804, 0.15776938199996948, -0.5283904671669006, -0.8342136144638062, -0.4941241443157196, 0.689178466796875, -0.5299757719039917], "cam_t_m2c": [-109.42937469482422, -63.02446746826172, 904.57958984375], "obj_id": 1}, {"cam_R_m2c": [0.8549562096595764, 0.4958190321922302, -0.1523592323064804, 0.15776938199996948, -0.5283904671669006, -0.8342136144638062, -0.4941241443157196, 0.689178466796875, -0.5299757719039917], "cam_t_m2c": [-109.42937469482422, -63.02446746826172, 904.57958984375], "obj_id": 3}, {"cam_R_m2c": [0.8549562096595764, 0.4958190321922302, -0.1523592323064804, 0.15776938199996948, -0.5283904671669006, -0.8342136144638062, -0.4941241443157196, 0.689178466796875, -0.5299757719039917], "cam_t_m2c": [-109.42937469482422, -63.02446746826172, 904.57958984375], "obj_id": 1}, {"cam_R_m2c": [0.8549562096595764, 0.4958190321922302, -0.1523592323064804, 0.15776938199996948, -0.5283904671669006, -0.8342136144638062, -0.4941241443157196, 0.689178466796875, -0.5299757719039917], "cam_t_m2c": [-109.42937469482422, -63.02446746826172, 904.57958984375], "obj_id": 0}, {"cam_R_m2c": [0.8549562096595764, 0.4958190321922302, -0.1523592323064804, 0.15776938199996948, -0.5283904671669006, -0.8342136144638062, -0.4941241443157196, 0.689178466796875, -0.5299757719039917], "cam_t_m2c": [-109.42937469482422, -63.02446746826172, 904.57958984375], "obj_id": 1}, {"cam_R_m2c": [0.8549562096595764, 0.4958190321922302, -0.1523592323064804, 0.15776938199996948, -0.5283904671669006, -0.8342136144638062, -0.4941241443157196, 0.689178466796875, -0.5299757719039917], "cam_t_m2c": [-109.42937469482422, -63.02446746826172, 904.57958984375], "obj_id": 1}, {"cam_R_m2c": [0.8549562096595764, 0.4958190321922302, -0.1523592323064804, 0.15776938199996948, -0.5283904671669006, -0.8342136144638062, -0.4941241443157196, 0.689178466796875, -0.5299757719039917], "cam_t_m2c": [-109.42937469482422, -63.02446746826172, 904.57958984375], "obj_id": 0}, {"cam_R_m2c": [0.8549562096595764, 0.4958190321922302, -0.1523592323064804, 0.15776938199996948, -0.5283904671669006, -0.8342136144638062, -0.4941241443157196, 0.689178466796875, -0.5299757719039917], "cam_t_m2c": [-109.42937469482422, -63.02446746826172, 904.57958984375], "obj_id": 0}, {"cam_R_m2c": [-0.6230989098548889, -0.7777557969093323, 0.08272547274827957, 0.32573118805885315, -0.16188101470470428, 0.9315007328987122, -0.7110884785652161, 0.6073634028434753, 0.35420727729797363], "cam_t_m2c": [83.08838653564453, -153.23092651367188, 1066.194580078125], "obj_id": 1}, {"cam_R_m2c": [0.07425221800804138, 0.983523428440094, -0.16482773423194885, -0.8532915115356445, -0.02288222312927246, -0.5209317207336426, -0.5161202549934387, 0.17932642996311188, 0.8375332355499268], "cam_t_m2c": [-255.42921447753906, -18.67037582397461, 816.1470947265625], "obj_id": 2}, {"cam_R_m2c": [0.13217294216156006, -0.19388072192668915, -0.9720805287361145, 0.9179378151893616, 0.3940221965312958, 0.046223778277635574, 0.37405943870544434, -0.8984190225601196, 0.2300495207309723], "cam_t_m2c": [-83.84156799316406, 99.32913208007812, 575.0354614257812], "obj_id": 3}, {"cam_R_m2c": [0.8750901818275452, 0.3502265512943268, -0.334003746509552, 0.20292167365550995, -0.8920794725418091, -0.40375348925590515, -0.4393630921840668, 0.28554409742355347, -0.851718544960022], "cam_t_m2c": [-23.101703643798828, 13.679738998413086, 780.1729736328125], "obj_id": 4}]
}