{
  "0": [{"cam_R_m2c": [0.8085888624191284, -0.5676285624504089, 0.15486055612564087, 0.3485739827156067, 0.25010767579078674, -0.9032951593399048, 0.4740044176578522, 0.7843747735023499, 0.4000948667526245], "cam_t_m2c": [78.38900756835938, -363.83062744140625, 988.539794921875], "obj_id": 2}, {"cam_R_m2c": [-0.14724451303482056, 0.40275973081588745, 0.9033845067024231, -0.9782790541648865, -0.19403359293937683, -0.07294493913650513, 0.1459076851606369, -0.8945029377937317, 0.42258185148239136], "cam_t_m2c": [6238.5810546875, -26278.603515625, -49543.13671875], "obj_id": 0}, {"cam_R_m2c": [-0.06324517726898193, 0.8723733425140381, 0.4847315847873688, 0.9755685329437256, 0.15643633902072906, -0.15425197780132294, -0.2103949338197708, 0.46313318610191345, -0.8609538078308105], "cam_t_m2c": [1882.8363037109375, 517.8323974609375, 2716.79541015625], "obj_id": 3}, {"cam_R_m2c": [0.19399859011173248, -0.9420469403266907, -0.27370086312294006, 0.9186035990715027, 0.2723615765571594, -0.2863330543041229, 0.3442847728729248, -0.1958743780851364, 0.9182054400444031], "cam_t_m2c": [-11882.81640625, -38723.82421875, -25981.9765625], "obj_id": 2}],
  "1": [{"cam_R_m2c": [-0.012451982125639915, 0.29782983660697937, 0.9545376896858215, 0.9279704093933105, 0.35901063680648804, -0.09991110116243362, -0.37244564294815063, 0.8845386505126953, -0.28084760904312134], "cam_t_m2c": [412.436767578125, 0.5196444988250732, 807.39892578125], "obj_id": 2}, {"cam_R_m2c": [0.8684325218200684, -0.4042191803455353, 0.2871093451976776, -0.4713360667228699, -0.493387907743454, 0.7310338616371155, -0.15384162962436676, -0.7701786160469055, -0.6189971566200256], "cam_t_m2c": [-10058.6650390625, -44212.8828125, -33812.22265625], "obj_id": 0}, {"cam_R_m2c": [-0.8990083336830139, 0.13111251592636108, -0.4178435802459717, 0.31423521041870117, 0.8576944470405579, -0.40695998072624207, 0.30502456426620483, -0.4971616268157959, -0.8122746348381042], "cam_t_m2c": [711.2042236328125, 2580.477783203125, 283.5079040527344], "obj_id": 3}, {"cam_R_m2c": [-0.523800253868103, -0.3056492209434509, 0.7951174378395081, 0.8001795411109924, -0.49666112661361694, 0.33621469140052795, 0.2921401858329773, 0.8123461008071899, 0.5047255158424377], "cam_t_m2c": [14729.5859375, -44046.43359375, -13222.8759765625], "obj_id": 2}]
}