{
  "0": [{"cam_R_m2c": [0.17210860550403595, 0.10287177562713623, -0.979691743850708, 0.3299173414707184, -0.943115770816803, -0.04107251390814781, -0.9281880855560303, -0.31614840030670166, -0.19625744223594666], "cam_t_m2c": [340.81231689453125, 149.61660766601562, 868.0579833984375], "obj_id": 0}, {"cam_R_m2c": [0.7398368716239929, 0.5637893080711365, 0.36712804436683655, 0.4008916914463043, 0.06880409270524979, -0.9135380983352661, -0.5403029322624207, 0.8230476975440979, -0.17511464655399323], "cam_t_m2c": [121.96068572998047, -27.135766983032227, 1024.6776123046875], "obj_id": 1}, {"cam_R_m2c": [-0.24736876785755157, -0.7883473038673401, 0.5633092522621155, -0.9170854687690735, 0.37811043858528137, 0.12643863260746002, -0.31267064809799194, -0.48532575368881226, -0.8165145516395569], "cam_t_m2c": [275.24664306640625, 199.37779235839844, 1021.6549682617188], "obj_id": 0}],
  "1": [{"cam_R_m2c": [0.08105684071779251, -0.3996901214122772, 0.9130593538284302, -0.9134769439697266, 0.336686372756958, 0.2284776270389557, -0.39873483777046204, -0.8525784015655518, -0.33781692385673523], "cam_t_m2c": [-252.79986572265625, -247.16441345214844, 851.5533447265625], "obj_id": 0}, {"cam_R_m2c": [-0.46589455008506775, -0.5998465418815613, -0.6504814624786377, -0.8845425248146057, 0.3347947597503662, 0.32480281591415405, 0.02294590137898922, 0.7267025113105774, -0.6865687370300293], "cam_t_m2c": [-135.87135314941406, 48.80267333984375, 802.5010375976562], "obj_id": 1}, {"cam_R_m2c": [-0.06779251992702484, 0.9272236227989197, -0.3683212101459503, 0.4440843462944031, -0.3025400936603546, -0.843361496925354, -0.8934166431427002, -0.22073927521705627, -0.39125552773475647], "cam_t_m2c": [-193.8418731689453, -148.57273864746094, 982.8159790039062], "obj_id": 0}]
}