{
  "0": [{"cam_R_m2c": [0.8136834502220154, -0.46312230825424194, -0.35133597254753113, -0.5634103417396545, -0.4794747233390808, -0.6728096008300781, 0.14313644170761108, 0.7454003691673279, -0.6510685682296753], "cam_t_m2c": [-5746.27294921875, -58065.86328125, -50949.05078125], "obj_id": 1}, {"cam_R_m2c": [0.534308135509491, -0.8398754596710205, 0.09551917016506195, 0.8340809345245361, 0.5421874523162842, 0.10169412940740585, -0.13719971477985382, 0.025334728881716728, 0.9902193546295166], "cam_t_m2c": [-44.395263671875, 103.06179809570312, 1308.3150634765625], "obj_id": 0}, {"cam_R_m2c": [-0.890963613986969, -0.38367578387260437, 0.24285170435905457, 0.39071106910705566, -0.9202848672866821, -0.02051330730319023, 0.2313631922006607, 0.07660823315382004, 0.9698464870452881], "cam_t_m2c": [127.22526550292969, 29.23041534423828, 1407.568359375], "obj_id": 2}, {"cam_R_m2c": [-0.27151069045066833, 0.18308041989803314, 0.9448615908622742, -0.9397081732749939, 0.16166087985038757, -0.30135399103164673, -0.20791912078857422, -0.9697150588035583, 0.1281495839357376], "cam_t_m2c": [-185.05130004882812, -29.41823387145996, 1366.3778076171875], "obj_id": 3}],
  "1": [{"cam_R_m2c": [-0.3962385058403015, 0.8817972540855408, 0.2557900846004486, 0.744837760925293, 0.471615731716156, -0.472011923789978, -0.5368534326553345, 0.0034927946981042624, -0.8436682224273682], "cam_t_m2c": [3811.4521484375, -23776.623046875, -73119.953125], "obj_id": 1}, {"cam_R_m2c": [-0.8080242872238159, 0.49874386191368103, 0.3136100769042969, -0.0830402746796608, -0.6234099864959717, 0.777472972869873, 0.5832675695419312, 0.6021747589111328, 0.5451462864875793], "cam_t_m2c": [195.38230895996094, 289.6288757324219, 1410.33740234375], "obj_id": 0}, {"cam_R_m2c": [0.6863906979560852, 0.6901450753211975, 0.22927618026733398, -0.4442629814147949, 0.14832378923892975, 0.8835329413414001, 0.5757588148117065, -0.708307683467865, 0.40841400623321533], "cam_t_m2c": [124.98139953613281, 484.68475341796875, 1368.6268310546875], "obj_id": 2}, {"cam_R_m2c": [0.48181840777397156, -0.6312227845191956, -0.6077900528907776, -0.0010166577994823456, -0.6940118074417114, 0.7199628353118896, -0.8762704730033875, -0.34627342224121094, -0.33502939343452454], "cam_t_m2c": [385.16363525390625, 299.58319091796875, 1342.738037109375], "obj_id": 3}]
}