{
  "0": [{"cam_R_m2c": [0.6510453224182129, 0.7453448176383972, -0.1435307264328003, -0.07690978050231934, 0.2528993487358093, 0.9644308090209961, 0.7551323771476746, -0.6168492436408997, 0.2219732403755188], "cam_t_m2c": [1065.2166748046875, 3353.8466796875, -3195.927978515625], "obj_id": 1}, {"cam_R_m2c": [0.5158652663230896, 0.6306548118591309, -0.5797908902168274, 0.7402936816215515, 0.012408877722918987, 0.672169029712677, 0.4311012029647827, -0.7759642004966736, -0.46046847105026245], "cam_t_m2c": [79.0408935546875, 52.64350891113281, 940.1768188476562], "obj_id": 1}, {"cam_R_m2c": [0.40069711208343506, -0.6524262428283691, -0.6432586908340454, -0.8365130424499512, -0.5469139218330383, 0.03362983092665672, -0.37374815344810486, 0.5246189832687378, -0.7649098634719849], "cam_t_m2c": [1120.320556640625, 3372.18603515625, -3370.931884765625], "obj_id": 2}],
  "1": [{"cam_R_m2c": [0.007440690882503986, 0.9944772720336914, -0.10468732565641403, -0.12766101956367493, 0.10477832704782486, 0.9862677454948425, 0.9917898774147034, 0.006026032380759716, 0.1277356594800949], "cam_t_m2c": [4008.290283203125, 2908.632568359375, -1455.0621337890625], "obj_id": 1}, {"cam_R_m2c": [0.23159216344356537, 0.9715327620506287, -0.04989097639918327, 0.6803861260414124, -0.12510740756988525, 0.7220960855484009, 0.6952983140945435, -0.20117689669132233, -0.689991295337677], "cam_t_m2c": [152.41690063476562, 32.03651428222656, 961.4983520507812], "obj_id": 1}, {"cam_R_m2c": [0.41537928581237793, -0.9096463918685913, -0.0018345278222113848, -0.9064295291900635, -0.4140779674053192, 0.08321443200111389, -0.07645535469055176, -0.03290267661213875, -0.996529757976532], "cam_t_m2c": [4163.32373046875, 2908.08251953125, -1554.7022705078125], "obj_id": 2}]
}