{
  "0": [{"cam_R_m2c": [-0.5790366530418396, 0.6226210594177246, -0.5263646245002747, 0.6966908574104309, 0.04252086579799652, -0.7161102294921875, -0.42348381876945496, -0.7813674211502075, -0.4583955705165863], "cam_t_m2c": [-118.29435729980469, 62.58372116088867, 258.9694519042969], "obj_id": 0}, {"cam_R_m2c": [-0.5790366530418396, 0.6226210594177246, -0.5263646245002747, 0.6966908574104309, 0.04252086579799652, -0.7161102294921875, -0.42348381876945496, -0.7813674211502075, -0.4583955705165863], "cam_t_m2c": [-118.29435729980469, 62.58372116088867, 258.9694519042969], "obj_id": 1}, {"cam_R_m2c": [-0.5790366530418396, 0.6226210594177246, -0.5263646245002747, 0.6966908574104309, 0.04252086579799652, -0.7161102294921875, -0.42348381876945496, -0.7813674211502075, -0.4583955705165863], "cam_t_m2c": [-118.29435729980469, 62.58372116088867, 258.9694519042969], "obj_id": 0}, {"cam_R_m2c": [-0.5790366530418396, 0.6226210594177246, -0.5263646245002747, 0.6966908574104309, 0.04252086579799652, -0.7161102294921875, -0.42348381876945496, -0.7813674211502075, -0.4583955705165863], "cam_t_m2c": [-118.29435729980469, 62.58372116088867, 258.9694519042969], "obj_id": 0}, {"cam_R_m2c": [-0.5790366530418396, 0.6226210594177246, -0.5263646245002747, 0.6966908574104309, 0.04252086579799652, -0.7161102294921875, -0.42348381876945496, -0.7813674211502075, -0.4583955705165863], "cam_t_m2c": [-118.29435729980469, 62.58372116088867, 258.9694519042969], "obj_id": 3}, {"cam_R_m2c": [-0.5790366530418396, 0.6226210594177246, -0.5263646245002747, 0.6966908574104309, 0.04252086579799652, -0.7161102294921875, -0.42348381876945496, -0.7813674211502075, -0.4583955705165863], "cam_t_m2c": [-118.29435729980469, 62.58372116088867, 258.9694519042969], "obj_id": 1}, {"cam_R_m2c": [-0.5790366530418396, 0.6226210594177246, -0.5263646245002747, 0.6966908574104309, 0.04252086579799652, -0.7161102294921875, -0.42348381876945496, -0.7813674211502075, -0.4583955705165863], "cam_t_m2c": [-118.29435729980469, 62.58372116088867, 258.9694519042969], "obj_id": 1}, {"cam_R_m2c": [-0.5790366530418396, 0.6226210594177246, -0.5263646245002747, 0.6966908574104309, 0.04252086579799652, -0.7161102294921875, -0.42348381876945496, -0.7813674211502075, -0.4583955705165863], "cam_t_m2c": [-118.29435729980469, 62.58372116088867, 258.9694519042969], "obj_id": 3}, {"cam_R_m2c": [-0.5790366530418396, 0.6226210594177246, -0.5263646245002747, 0.6966908574104309, 0.04252086579799652, -0.7161102294921875, -0.42348381876945496, -0.7813674211502075, -0.4583955705165863], "cam_t_m2c": [-118.29435729980469, 62.58372116088867, 258.9694519042969], "obj_id": 2}, {"cam_R_m2c": [-0.5790366530418396, 0.6226210594177246, -0.5263646245002747, 0.6966908574104309, 0.04252086579799652, -0.7161102294921875, -0.42348381876945496, -0.7813674211502075, -0.4583955705165863], "cam_t_m2c": [-118.29435729980469, 62.58372116088867, 258.9694519042969], "obj_id": 2}, {"cam_R_m2c": [-0.5790366530418396, 0.6226210594177246, -0.5263646245002747, 0.6966908574104309, 0.04252086579799652, -0.7161102294921875, -0.42348381876945496, -0.7813674211502075, -0.4583955705165863], "cam_t_m2c": [-118.29435729980469, 62.58372116088867, 258.9694519042969], "obj_id": 0}, {"cam_R_m2c": [-0.5790366530418396, 0.6226210594177246, -0.5263646245002747, 0.6966908574104309, 0.04252086579799652, -0.7161102294921875, -0.42348381876945496, -0.7813674211502075, -0.4583955705165863], "cam_t_m2c": [-118.29435729980469, 62.58372116088867, 258.9694519042969], "obj_id": 2}, {"cam_R_m2c": [-0.5790366530418396, 0.6226210594177246, -0.5263646245002747, 0.6966908574104309, 0.04252086579799652, -0.7161102294921875, -0.42348381876945496, -0.7813674211502075, -0.4583955705165863], "cam_t_m2c": [-118.29435729980469, 62.58372116088867, 258.9694519042969], "obj_id": 2}, {"cam_R_m2c": [-0.5790366530418396, 0.6226210594177246, -0.5263646245002747, 0.6966908574104309, 0.04252086579799652, -0.7161102294921875, -0.42348381876945496, -0.7813674211502075, -0.4583955705165863], "cam_t_m2c": [-118.29435729980469, 62.58372116088867, 258.9694519042969], "obj_id": 2}, {"cam_R_m2c": [-0.5790366530418396, 0.6226210594177246, -0.5263646245002747, 0.6966908574104309, 0.04252086579799652, -0.7161102294921875, -0.42348381876945496, -0.7813674211502075, -0.4583955705165863], "cam_t_m2c": [-118.29435729980469, 62.58372116088867, 258.9694519042969], "obj_id": 3}, {"cam_R_m2c": [-0.5790366530418396, 0.6226210594177246, -0.5263646245002747, 0.6966908574104309, 0.04252086579799652, -0.7161102294921875, -0.42348381876945496, -0.7813674211502075, -0.4583955705165863], "cam_t_m2c": [-118.29435729980469, 62.58372116088867, 258.9694519042969], "obj_id": 2}, {"cam_R_m2c": [-0.5790366530418396, 0.6226210594177246, -0.5263646245002747, 0.6966908574104309, 0.04252086579799652, -0.7161102294921875, -0.42348381876945496, -0.7813674211502075, -0.4583955705165863], "cam_t_m2c": [-118.29435729980469, 62.58372116088867, 258.9694519042969], "obj_id": 2}, {"cam_R_m2c": [-0.5790366530418396, 0.6226210594177246, -0.5263646245002747, 0.6966908574104309, 0.04252086579799652, -0.7161102294921875, -0.42348381876945496, -0.7813674211502075, -0.4583955705165863], "cam_t_m2c": [-118.29435729980469, 62.58372116088867, 258.9694519042969], "obj_id": 0}, {"cam_R_m2c": [-0.5790366530418396, 0.6226210594177246, -0.5263646245002747, 0.6966908574104309, 0.04252086579799652, -0.7161102294921875, -0.42348381876945496, -0.7813674211502075, -0.4583955705165863], "cam_t_m2c": [-118.29435729980469, 62.58372116088867, 258.9694519042969], "obj_id": 0}, {"cam_R_m2c": [-0.5790366530418396, 0.6226210594177246, -0.5263646245002747, 0.6966908574104309, 0.04252086579799652, -0.7161102294921875, -0.42348381876945496, -0.7813674211502075, -0.4583955705165863], "cam_t_m2c": [-118.29435729980469, 62.58372116088867, 258.9694519042969], "obj_id": 3}, {"cam_R_m2c": [-0.5790366530418396, 0.6226210594177246, -0.5263646245002747, 0.6966908574104309, 0.04252086579799652, -0.7161102294921875, -0.42348381876945496, -0.7813674211502075, -0.4583955705165863], "cam_t_m2c": [-118.29435729980469, 62.58372116088867, 258.9694519042969], "obj_id": 1}, {"cam_R_m2c": [-0.5790366530418396, 0.6226210594177246, -0.5263646245002747, 0.6966908574104309, 0.04252086579799652, -0.7161102294921875, -0.42348381876945496, -0.7813674211502075, -0.4583955705165863], "cam_t_m2c": [-118.29435729980469, 62.58372116088867, 258.9694519042969], "obj_id": 1}, {"cam_R_m2c": [-0.5790366530418396, 0.6226210594177246, -0.5263646245002747, 0.6966908574104309, 0.04252086579799652, -0.7161102294921875, -0.42348381876945496, -0.7813674211502075, -0.4583955705165863], "cam_t_m2c": [-118.29435729980469, 62.58372116088867, 258.9694519042969], "obj_id": 1}, {"cam_R_m2c": [-0.5790366530418396, 0.6226210594177246, -0.5263646245002747, 0.6966908574104309, 0.04252086579799652, -0.7161102294921875, -0.42348381876945496, -0.7813674211502075, -0.4583955705165863], "cam_t_m2c": [-118.29435729980469, 62.58372116088867, 258.9694519042969], "obj_id": 2}, {"cam_R_m2c": [0.367268443107605, 0.49849897623062134, 0.7852467894554138, 0.9254369139671326, -0.280415803194046, -0.2548201382160187, 0.09316810220479965, 0.820283830165863, -0.5643172264099121], "cam_t_m2c": [-236.7985076904297, 145.85214233398438, 201.4399871826172], "obj_id": 3}, {"cam_R_m2c": [0.1338733732700348, 0.41948166489601135, 0.8978379368782043, -0.39506396651268005, -0.8082976341247559, 0.43655380606651306, 0.9088466763496399, -0.41314634680747986, 0.057512637227773666], "cam_t_m2c": [-61.04511642456055, 103.70262145996094, 51.9562873840332], "obj_id": 0}, {"cam_R_m2c": [0.2716265320777893, -0.2496371865272522, -0.9294623136520386, -0.9304291605949402, -0.31498679518699646, -0.1873091161251068, -0.24600909650325775, 0.915677011013031, -0.3178284466266632], "cam_t_m2c": [3916.694091796875, 5758.81689453125, 3841.445068359375], "obj_id": 2}, {"cam_R_m2c": [0.2719807028770447, 0.2882682979106903, -0.9181110858917236, 0.9475026726722717, 0.08646385371685028, 0.3078356087207794, 0.16812270879745483, -0.9536380171775818, -0.2496185004711151], "cam_t_m2c": [9.723414421081543, -24.83509063720703, 197.91598510742188], "obj_id": 3}, {"cam_R_m2c": [0.41012316942214966, -0.7938546538352966, 0.4489920139312744, -0.6860655546188354, -0.5929068922996521, -0.4216344356536865, 0.6009268760681152, -0.1351158767938614, -0.787801206111908], "cam_t_m2c": [-116.04839324951172, -6.419260025024414, 346.7368469238281], "obj_id": 3}, {"cam_R_m2c": [-0.05871929973363876, 0.943294882774353, 0.3267214596271515, 0.7306725978851318, -0.1823926419019699, 0.6579138040542603, 0.6801982522010803, 0.27735862135887146, -0.6785297989845276], "cam_t_m2c": [-180.62197875976562, 145.34210205078125, 131.2855987548828], "obj_id": 1}, {"cam_R_m2c": [-0.15691950917243958, 0.0056624580174684525, -0.9875950813293457, 0.45642709732055664, 0.8872016668319702, -0.0674351304769516, 0.8758141398429871, -0.4613471031188965, -0.14180374145507812], "cam_t_m2c": [-283.6705627441406, 88.97702026367188, 330.65216064453125], "obj_id": 0}, {"cam_R_m2c": [0.8083093166351318, 0.17386701703071594, 0.5625, -0.5039210319519043, -0.28976181149482727, 0.8136961460113525, 0.30446603894233704, -0.941173791885376, -0.14660191535949707], "cam_t_m2c": [-70.9392318725586, -127.12802124023438, 423.9233703613281], "obj_id": 0}],
  "1": [{"cam_R_m2c": [0.11024168133735657, -0.9877230525016785, 0.11067921668291092, -0.7444174885749817, -0.15584008395671844, -0.649273693561554, 0.6585508584976196, -0.010814562439918518, -0.7524583339691162], "cam_t_m2c": [139.52354431152344, -27.722444534301758, 244.16299438476562], "obj_id": 0}, {"cam_R_m2c": [0.11024168133735657, -0.9877230525016785, 0.11067921668291092, -0.7444174885749817, -0.15584008395671844, -0.649273693561554, 0.6585508584976196, -0.010814562439918518, -0.7524583339691162], "cam_t_m2c": [139.52354431152344, -27.722444534301758, 244.16299438476562], "obj_id": 1}, {"cam_R_m2c": [0.11024168133735657, -0.9877230525016785, 0.11067921668291092, -0.7444174885749817, -0.15584008395671844, -0.649273693561554, 0.6585508584976196, -0.010814562439918518, -0.7524583339691162], "cam_t_m2c": [139.52354431152344, -27.722444534301758, 244.16299438476562], "obj_id": 0}, {"cam_R_m2c": [0.11024168133735657, -0.9877230525016785, 0.11067921668291092, -0.7444174885749817, -0.15584008395671844, -0.649273693561554, 0.6585508584976196, -0.010814562439918518, -0.7524583339691162], "cam_t_m2c": [139.52354431152344, -27.722444534301758, 244.16299438476562], "obj_id": 0}, {"cam_R_m2c": [0.11024168133735657, -0.9877230525016785, 0.11067921668291092, -0.7444174885749817, -0.15584008395671844, -0.649273693561554, 0.6585508584976196, -0.010814562439918518, -0.7524583339691162], "cam_t_m2c": [139.52354431152344, -27.722444534301758, 244.16299438476562], "obj_id": 3}, {"cam_R_m2c": [0.11024168133735657, -0.9877230525016785, 0.11067921668291092, -0.7444174885749817, -0.15584008395671844, -0.649273693561554, 0.6585508584976196, -0.010814562439918518, -0.7524583339691162], "cam_t_m2c": [139.52354431152344, -27.722444534301758, 244.16299438476562], "obj_id": 1}, {"cam_R_m2c": [0.11024168133735657, -0.9877230525016785, 0.11067921668291092, -0.7444174885749817, -0.15584008395671844, -0.649273693561554, 0.6585508584976196, -0.010814562439918518, -0.7524583339691162], "cam_t_m2c": [139.52354431152344, -27.722444534301758, 244.16299438476562], "obj_id": 1}, {"cam_R_m2c": [0.11024168133735657, -0.9877230525016785, 0.11067921668291092, -0.7444174885749817, -0.15584008395671844, -0.649273693561554, 0.6585508584976196, -0.010814562439918518, -0.7524583339691162], "cam_t_m2c": [139.52354431152344, -27.722444534301758, 244.16299438476562], "obj_id": 3}, {"cam_R_m2c": [0.11024168133735657, -0.9877230525016785, 0.11067921668291092, -0.7444174885749817, -0.15584008395671844, -0.649273693561554, 0.6585508584976196, -0.010814562439918518, -0.7524583339691162], "cam_t_m2c": [139.52354431152344, -27.722444534301758, 244.16299438476562], "obj_id": 2}, {"cam_R_m2c": [0.11024168133735657, -0.9877230525016785, 0.11067921668291092, -0.7444174885749817, -0.15584008395671844, -0.649273693561554, 0.6585508584976196, -0.010814562439918518, -0.7524583339691162], "cam_t_m2c": [139.52354431152344, -27.722444534301758, 244.16299438476562], "obj_id": 2}, {"cam_R_m2c": [0.11024168133735657, -0.9877230525016785, 0.11067921668291092, -0.7444174885749817, -0.15584008395671844, -0.649273693561554, 0.6585508584976196, -0.010814562439918518, -0.7524583339691162], "cam_t_m2c": [139.52354431152344, -27.722444534301758, 244.16299438476562], "obj_id": 0}, {"cam_R_m2c": [0.11024168133735657, -0.9877230525016785, 0.11067921668291092, -0.7444174885749817, -0.15584008395671844, -0.649273693561554, 0.6585508584976196, -0.010814562439918518, -0.7524583339691162], "cam_t_m2c": [139.52354431152344, -27.722444534301758, 244.16299438476562], "obj_id": 2}, {"cam_R_m2c": [0.11024168133735657, -0.9877230525016785, 0.11067921668291092, -0.7444174885749817, -0.15584008395671844, -0.649273693561554, 0.6585508584976196, -0.010814562439918518, -0.7524583339691162], "cam_t_m2c": [139.52354431152344, -27.722444534301758, 244.16299438476562], "obj_id": 2}, {"cam_R_m2c": [0.11024168133735657, -0.9877230525016785, 0.11067921668291092, -0.7444174885749817, -0.15584008395671844, -0.649273693561554, 0.6585508584976196, -0.010814562439918518, -0.7524583339691162], "cam_t_m2c": [139.52354431152344, -27.722444534301758, 244.16299438476562], "obj_id": 2}, {"cam_R_m2c": [0.11024168133735657, -0.9877230525016785, 0.11067921668291092, -0.7444174885749817, -0.15584008395671844, -0.649273693561554, 0.6585508584976196, -0.010814562439918518, -0.7524583339691162], "cam_t_m2c": [139.52354431152344, -27.722444534301758, 244.16299438476562], "obj_id": 3}, {"cam_R_m2c": [0.11024168133735657, -0.9877230525016785, 0.11067921668291092, -0.7444174885749817, -0.15584008395671844, -0.649273693561554, 0.6585508584976196, -0.010814562439918518, -0.7524583339691162], "cam_t_m2c": [139.52354431152344, -27.722444534301758, 244.16299438476562], "obj_id": 2}, {"cam_R_m2c": [0.11024168133735657, -0.9877230525016785, 0.11067921668291092, -0.7444174885749817, -0.15584008395671844, -0.649273693561554, 0.6585508584976196, -0.010814562439918518, -0.7524583339691162], "cam_t_m2c": [139.52354431152344, -27.722444534301758, 244.16299438476562], "obj_id": 2}, {"cam_R_m2c": [0.11024168133735657, -0.9877230525016785, 0.11067921668291092, -0.7444174885749817, -0.15584008395671844, -0.649273693561554, 0.6585508584976196, -0.010814562439918518, -0.7524583339691162], "cam_t_m2c": [139.52354431152344, -27.722444534301758, 244.16299438476562], "obj_id": 0}, {"cam_R_m2c": [0.11024168133735657, -0.9877230525016785, 0.11067921668291092, -0.7444174885749817, -0.15584008395671844, -0.649273693561554, 0.6585508584976196, -0.010814562439918518, -0.7524583339691162], "cam_t_m2c": [139.52354431152344, -27.722444534301758, 244.16299438476562], "obj_id": 0}, {"cam_R_m2c": [0.11024168133735657, -0.9877230525016785, 0.11067921668291092, -0.7444174885749817, -0.15584008395671844, -0.649273693561554, 0.6585508584976196, -0.010814562439918518, -0.7524583339691162], "cam_t_m2c": [139.52354431152344, -27.722444534301758, 244.16299438476562], "obj_id": 3}, {"cam_R_m2c": [0.11024168133735657, -0.9877230525016785, 0.11067921668291092, -0.7444174885749817, -0.15584008395671844, -0.649273693561554, 0.6585508584976196, -0.010814562439918518, -0.7524583339691162], "cam_t_m2c": [139.52354431152344, -27.722444534301758, 244.16299438476562], "obj_id": 1}, {"cam_R_m2c": [0.11024168133735657, -0.9877230525016785, 0.11067921668291092, -0.7444174885749817, -0.15584008395671844, -0.649273693561554, 0.6585508584976196, -0.010814562439918518, -0.7524583339691162], "cam_t_m2c": [139.52354431152344, -27.722444534301758, 244.16299438476562], "obj_id": 1}, {"cam_R_m2c": [0.11024168133735657, -0.9877230525016785, 0.11067921668291092, -0.7444174885749817, -0.15584008395671844, -0.649273693561554, 0.6585508584976196, -0.010814562439918518, -0.7524583339691162], "cam_t_m2c": [139.52354431152344, -27.722444534301758, 244.16299438476562], "obj_id": 1}, {"cam_R_m2c": [0.11024168133735657, -0.9877230525016785, 0.11067921668291092, -0.7444174885749817, -0.15584008395671844, -0.649273693561554, 0.6585508584976196, -0.010814562439918518, -0.7524583339691162], "cam_t_m2c": [139.52354431152344, -27.722444534301758, 244.16299438476562], "obj_id": 2}, {"cam_R_m2c": [-0.24901233613491058, 0.19819916784763336, -0.9480030536651611, 0.26082688570022583, 0.9563954472541809, 0.13144224882125854, 0.9327175617218018, -0.2145339399576187, -0.2898499369621277], "cam_t_m2c": [184.37246704101562, -155.08895874023438, 321.9630432128906], "obj_id": 3}, {"cam_R_m2c": [0.5317725539207458, -0.551862359046936, -0.642390787601471, 0.7819679975509644, 0.02870219759643078, 0.6226574778556824, -0.3251831531524658, -0.8334411978721619, 0.44680169224739075], "cam_t_m2c": [-44.10112380981445, -143.59515380859375, 270.20477294921875], "obj_id": 0}, {"cam_R_m2c": [-0.3247440755367279, 0.815492570400238, 0.47907519340515137, 0.05893713980913162, 0.5229918360710144, -0.8502975106239319, -0.9439637660980225, -0.2478938102722168, -0.2179012894630432], "cam_t_m2c": [-671.898681640625, 4987.33251953125, 6223.55615234375], "obj_id": 2}, {"cam_R_m2c": [-0.1292138248682022, -0.8594068884849548, 0.49469536542892456, 0.2501683533191681, -0.5109928250312805, -0.8223758935928345, 0.9595413208007812, 0.017494793981313705, 0.281023770570755], "cam_t_m2c": [7.880031108856201, 19.207448959350586, 153.46739196777344], "obj_id": 3}, {"cam_R_m2c": [0.1334463655948639, 0.5203660726547241, -0.843451976776123, 0.7599871754646301, -0.5999705195426941, -0.2499096691608429, -0.6360908150672913, -0.6076631546020508, -0.47553542256355286], "cam_t_m2c": [200.121826171875, 42.43400192260742, 181.90956115722656], "obj_id": 3}, {"cam_R_m2c": [0.46949389576911926, -0.5001273155212402, -0.7276318669319153, 0.4159587025642395, 0.85220867395401, -0.31736207008361816, 0.7788156867027283, -0.15366527438163757, 0.6081390976905823], "cam_t_m2c": [95.68028259277344, -168.63409423828125, 316.67864990234375], "obj_id": 1}, {"cam_R_m2c": [0.6859798431396484, -0.35472384095191956, 0.6352972388267517, 0.5098434090614319, -0.38859981298446655, -0.7674956917762756, 0.5191255211830139, 0.8503887057304382, -0.08571799099445343], "cam_t_m2c": [308.58343505859375, -88.4093017578125, 274.4971618652344], "obj_id": 0}, {"cam_R_m2c": [-0.36806079745292664, -0.7499556541442871, -0.5496341586112976, 0.8002931475639343, -0.5564573407173157, 0.22335185110569, -0.47335195541381836, -0.3576613962650299, 0.8049945831298828], "cam_t_m2c": [224.29022216796875, 136.90106201171875, 67.65078735351562], "obj_id": 0}]
}