{
  "0": [{"cam_R_m2c": [0.5352640748023987, -0.05064792186021805, 0.8431649804115295, 0.84158855676651, 0.11736677587032318, -0.5272132158279419, -0.07225729525089264, 0.9917962551116943, 0.10544693470001221], "cam_t_m2c": [88.12496185302734, 172.56768798828125, 1298.516845703125], "obj_id": 3}, {"cam_R_m2c": [0.7110044360160828, -0.2025616616010666, 0.6733806133270264, -0.6699697375297546, -0.48598483204841614, 0.561212420463562, 0.2135726511478424, -0.8501691222190857, -0.48124754428863525], "cam_t_m2c": [-120.08936309814453, -22.651897430419922, 1208.9375], "obj_id": 3}, {"cam_R_m2c": [0.5101709961891174, -0.33312666416168213, -0.7929389476776123, 0.6482755541801453, 0.7548121809959412, 0.09998662024736404, 0.5652117133140564, -0.5650532245635986, 0.6010411977767944], "cam_t_m2c": [-229.27232360839844, 156.1846160888672, 1201.5322265625], "obj_id": 3}, {"cam_R_m2c": [0.03543472662568092, -0.2834937274456024, 0.9583192467689514, -0.9514914155006409, -0.3028278946876526, -0.05440136417746544, 0.3056281507015228, -0.9099048376083374, -0.2804725468158722], "cam_t_m2c": [-71.6806411743164, -52.07609939575195, 1226.8385009765625], "obj_id": 3}, {"cam_R_m2c": [-0.8072701096534729, 0.4278286099433899, -0.40654346346855164, 0.17552000284194946, -0.48363834619522095, -0.8574885725975037, -0.5634781718254089, -0.763581395149231, 0.31533434987068176], "cam_t_m2c": [32.692222595214844, -83.42416381835938, 1323.3795166015625], "obj_id": 3}, {"cam_R_m2c": [-0.6432737112045288, 0.39431264996528625, -0.6562898755073547, 0.6546351313591003, -0.16126525402069092, -0.7385433316230774, -0.3970537781715393, -0.9047159552574158, -0.15439318120479584], "cam_t_m2c": [15.09844970703125, 157.40969848632812, 1452.796142578125], "obj_id": 3}, {"cam_R_m2c": [-0.0021699329372495413, 0.9999226927757263, 0.01224859431385994, 0.6360503435134888, -0.00807163305580616, 0.7716054320335388, 0.771644651889801, 0.009465000592172146, -0.6359836459159851], "cam_t_m2c": [8.266544342041016, 273.6965637207031, 1424.3853759765625], "obj_id": 3}, {"cam_R_m2c": [-0.11004365980625153, -0.27003151178359985, -0.9565423130989075, 0.07478426396846771, 0.9574097394943237, -0.2788797914981842, 0.9911092519760132, -0.10222329199314117, -0.08516275882720947], "cam_t_m2c": [99.80107879638672, 204.9400177001953, 1323.8636474609375], "obj_id": 3}, {"cam_R_m2c": [-0.1400681734085083, 0.9718440771102905, 0.18947221338748932, -0.8408578038215637, -0.21779373288154602, 0.49550360441207886, 0.5228182077407837, -0.08991485834121704, 0.8476888537406921], "cam_t_m2c": [-105.3726806640625, -68.5142593383789, 1151.0968017578125], "obj_id": 3}, {"cam_R_m2c": [0.0035663985181599855, -0.9945645928382874, -0.10405949503183365, -0.9973670840263367, 0.003999466076493263, -0.07240654528141022, 0.07242916524410248, 0.10404375195503235, -0.9919317364692688], "cam_t_m2c": [-128.82528686523438, 29.196720123291016, 1255.5963134765625], "obj_id": 3}, {"cam_R_m2c": [-0.9794646501541138, 0.0568041168153286, 0.19344843924045563, -0.2007911652326584, -0.18812720477581024, -0.96140056848526, -0.018218593671917915, -0.9805006384849548, 0.19566971063613892], "cam_t_m2c": [-234.36227416992188, 251.3484649658203, 1401.1256103515625], "obj_id": 3}, {"cam_R_m2c": [-0.041398629546165466, 0.9115393161773682, -0.4091235399246216, 0.9236087799072266, 0.1910960078239441, 0.33230865001678467, 0.3810942769050598, -0.3641129732131958, -0.8498168587684631], "cam_t_m2c": [-29.01486587524414, 184.55043029785156, 1421.261962890625], "obj_id": 3}, {"cam_R_m2c": [0.8965750932693481, 0.4371897578239441, -0.07083911448717117, -0.18314716219902039, 0.5116140842437744, 0.8394690155982971, 0.4032495319843292, -0.7396730184555054, 0.5387704968452454], "cam_t_m2c": [104.53931427001953, 314.7265625, 1404.2496337890625], "obj_id": 3}, {"cam_R_m2c": [-0.5351517200469971, -0.0238743145018816, -0.8444185256958008, -0.06143864244222641, 0.9980533123016357, 0.01071880478411913, 0.8425188064575195, 0.05761611461639404, -0.5355767011642456], "cam_t_m2c": [166.70814514160156, 300.7153625488281, 1358.6580810546875], "obj_id": 3}, {"cam_R_m2c": [0.5551120042800903, -0.8232864737510681, 0.11853257566690445, 0.5239798426628113, 0.4568001627922058, 0.7188732028007507, -0.6459843516349792, -0.3369464874267578, 0.6849607825279236], "cam_t_m2c": [-143.53948974609375, 229.74749755859375, 1419.84130859375], "obj_id": 3}, {"cam_R_m2c": [0.4434056282043457, -0.6853066682815552, 0.5777077078819275, -0.8608217835426331, -0.5051859021186829, 0.06142546236515045, 0.24975450336933136, -0.5245397686958313, -0.8139292001724243], "cam_t_m2c": [-106.1758041381836, 94.24954223632812, 1496.9866943359375], "obj_id": 3}, {"cam_R_m2c": [0.8765652179718018, 0.4648759961128235, 0.12459398061037064, -0.4442470371723175, 0.6819413304328918, 0.5810340642929077, 0.18514302372932434, -0.5646647810935974, 0.8042858839035034], "cam_t_m2c": [-127.56462097167969, 118.06543731689453, 1109.4859619140625], "obj_id": 3}, {"cam_R_m2c": [-0.632260262966156, -0.5219820141792297, -0.5725222229957581, -0.7742205858230591, 0.3982144594192505, 0.49194279313087463, -0.028798680752515793, 0.7542943954467773, -0.6559043526649475], "cam_t_m2c": [16.469961166381836, 290.3419494628906, 1341.2901611328125], "obj_id": 3}, {"cam_R_m2c": [0.13439980149269104, -0.9591944813728333, 0.24876214563846588, -0.07695364207029343, 0.2401786893606186, 0.967673659324646, -0.9879345893859863, -0.1491982489824295, -0.04153351113200188], "cam_t_m2c": [-218.66819763183594, 29.197275161743164, 1121.978515625], "obj_id": 3}, {"cam_R_m2c": [-0.8955711126327515, -0.4091659486293793, 0.17474372684955597, -0.27054300904273987, 0.189012810587883, -0.9439706206321716, 0.3532118797302246, -0.892668604850769, -0.27997130155563354], "cam_t_m2c": [-62.915122985839844, 252.3363494873047, 1055.0499267578125], "obj_id": 3}, {"cam_R_m2c": [-0.6941956281661987, -0.20256784558296204, -0.690694272518158, -0.023437878116965294, 0.9654350876808167, -0.2595875561237335, 0.7194045782089233, -0.16401615738868713, -0.6749486327171326], "cam_t_m2c": [18.458654403686523, -118.99824523925781, 1183.7889404296875], "obj_id": 3}, {"cam_R_m2c": [-0.9019039273262024, 0.08190031349658966, 0.4241010248661041, -0.06902172416448593, 0.9419153332710266, -0.32868140935897827, -0.42638638615608215, -0.3257112205028534, -0.8438642621040344], "cam_t_m2c": [-133.9048309326172, 277.605224609375, 1190.979736328125], "obj_id": 3}, {"cam_R_m2c": [0.08148737996816635, 0.5726398229598999, 0.8157470226287842, -0.9823687076568604, 0.1843213438987732, -0.03125864639878273, -0.1682594269514084, -0.7988172769546509, 0.577563464641571], "cam_t_m2c": [14.11051082611084, 310.5094299316406, 1431.546630859375], "obj_id": 3}, {"cam_R_m2c": [-0.6160712838172913, -0.732071578502655, -0.2907358705997467, -0.3846069276332855, -0.04253975674510002, 0.9220997095108032, -0.687410831451416, 0.679898202419281, -0.2553522288799286], "cam_t_m2c": [46.01130294799805, 229.2818603515625, 1462.529052734375], "obj_id": 3}, {"cam_R_m2c": [-0.8080912828445435, -0.43490856885910034, 0.3972941040992737, 0.2343062311410904, 0.3814902603626251, 0.8941843509674072, -0.540452241897583, 0.8156712651252747, -0.20637698471546173], "cam_t_m2c": [39.404052734375, 292.2136535644531, 1375.5009765625], "obj_id": 3}, {"cam_R_m2c": [-0.7359715104103088, -0.15064461529254913, 0.6600393056869507, -0.016518451273441315, 0.9786349534988403, 0.2049407660961151, -0.6768108010292053, 0.13992775976657867, -0.7227358818054199], "cam_t_m2c": [80.24646759033203, 16.922367095947266, 1132.993408203125], "obj_id": 3}, {"cam_R_m2c": [-0.43817856907844543, -0.0319991372525692, 0.8983181715011597, -0.8819300532341003, 0.20850743353366852, -0.4227575957775116, -0.17377811670303345, -0.9774971604347229, -0.11958446353673935], "cam_t_m2c": [-62.9874153137207, 278.57684326171875, 1222.0684814453125], "obj_id": 3}, {"cam_R_m2c": [-0.9926530718803406, -0.08298628032207489, 0.08805200457572937, -0.1209891140460968, 0.673389196395874, -0.7293206453323364, 0.001230341847985983, -0.7346157431602478, -0.6784822940826416], "cam_t_m2c": [-252.76040649414062, 167.01011657714844, 1100.4969482421875], "obj_id": 3}, {"cam_R_m2c": [0.6930044293403625, 0.09390095621347427, 0.7147918939590454, -0.6730538010597229, 0.4395672678947449, 0.5947933793067932, -0.25834742188453674, -0.8932878375053406, 0.36782246828079224], "cam_t_m2c": [-252.05990600585938, 304.4563903808594, 1420.8642578125], "obj_id": 1}, {"cam_R_m2c": [-0.33209219574928284, -0.33369773626327515, -0.8822473883628845, 0.936732828617096, -0.006940707564353943, -0.34997621178627014, 0.1106627956032753, -0.9426544904708862, 0.31489068269729614], "cam_t_m2c": [21.35227394104004, -10.676603317260742, 1283.1121826171875], "obj_id": 1}, {"cam_R_m2c": [-0.4381793737411499, 0.4079924523830414, 0.8009623885154724, 0.2046075016260147, -0.8223981857299805, 0.5308452844619751, 0.8752910494804382, 0.3964884281158447, 0.27687981724739075], "cam_t_m2c": [84.40825653076172, 253.02362060546875, 1295.1424560546875], "obj_id": 1}, {"cam_R_m2c": [-0.0646236389875412, -0.9824320673942566, -0.17507408559322357, -0.2947576642036438, -0.148820698261261, 0.9439122080802917, -0.9533843398094177, 0.11260350048542023, -0.27996203303337097], "cam_t_m2c": [52.56048583984375, -55.10237503051758, 1178.0443115234375], "obj_id": 1}, {"cam_R_m2c": [0.42870914936065674, -0.19016225636005402, 0.8832025527954102, 0.7329399585723877, 0.644774317741394, -0.21694491803646088, -0.5282115340232849, 0.7403407096862793, 0.415798157453537], "cam_t_m2c": [-208.18849182128906, 342.4053039550781, 1415.9241943359375], "obj_id": 1}, {"cam_R_m2c": [-0.30511337518692017, -0.010333624668419361, -0.9522599577903748, 0.455899715423584, -0.8794969320297241, -0.13653068244457245, -0.836098849773407, -0.47579237818717957, 0.27305737137794495], "cam_t_m2c": [-176.74842834472656, 359.2171936035156, 1143.17333984375], "obj_id": 1}, {"cam_R_m2c": [0.8511908650398254, 0.5241261124610901, 0.02767462283372879, -0.45017102360725403, 0.7019439339637756, 0.5519245266914368, 0.26985207200050354, -0.48225143551826477, 0.8334347009658813], "cam_t_m2c": [-116.14158630371094, 399.2626953125, 1393.5526123046875], "obj_id": 1}, {"cam_R_m2c": [0.44156521558761597, 0.6054347157478333, -0.6621698141098022, -0.8571247458457947, 0.5028233528137207, -0.11182894557714462, 0.2652492821216583, 0.6169419884681702, 0.7409624457359314], "cam_t_m2c": [-137.3319854736328, 16.434629440307617, 1265.916259765625], "obj_id": 1}, {"cam_R_m2c": [-0.25201088190078735, 0.13941890001296997, -0.9576286673545837, -0.9467286467552185, -0.24053196609020233, 0.21412397921085358, -0.20048746466636658, 0.9605761766433716, 0.19260865449905396], "cam_t_m2c": [-171.79171752929688, 109.46002197265625, 1183.342529296875], "obj_id": 1}, {"cam_R_m2c": [-0.9916079044342041, -0.07044907659292221, -0.10839932411909103, -0.12193533778190613, 0.23105233907699585, 0.9652701616287231, -0.04295649006962776, 0.97038733959198, -0.23770342767238617], "cam_t_m2c": [-244.29689025878906, 324.01678466796875, 1389.3302001953125], "obj_id": 1}, {"cam_R_m2c": [-0.2611883282661438, -0.6592371463775635, 0.7051149010658264, -0.47592782974243164, -0.5475664138793945, -0.6882323622703552, 0.8398056030273438, -0.5153420567512512, -0.17073138058185577], "cam_t_m2c": [108.41030883789062, 141.90573120117188, 1262.1661376953125], "obj_id": 1}, {"cam_R_m2c": [-0.22197987139225006, 0.9550454020500183, 0.19650225341320038, 0.9677801132202148, 0.1912384331226349, 0.1637967973947525, 0.11885461211204529, 0.22653059661388397, -0.9667249917984009], "cam_t_m2c": [-74.67687225341797, 67.52783203125, 1436.02392578125], "obj_id": 1}, {"cam_R_m2c": [0.4478350877761841, -0.8917437195777893, 0.06509041041135788, 0.878461480140686, 0.452389657497406, 0.1537822186946869, -0.16658055782318115, -0.011689645238220692, 0.9859585762023926], "cam_t_m2c": [-179.31207275390625, 445.85888671875, 1364.553466796875], "obj_id": 1}, {"cam_R_m2c": [0.310465008020401, -0.23227180540561676, -0.9217707514762878, 0.6111494302749634, 0.7914893627166748, 0.006400576792657375, 0.7280850410461426, -0.5653268098831177, 0.3876825273036957], "cam_t_m2c": [-231.9965057373047, 89.1690673828125, 1097.756591796875], "obj_id": 1}, {"cam_R_m2c": [-0.9870880842208862, -0.021957986056804657, -0.15866579115390778, 0.15766093134880066, 0.04172661527991295, -0.9866113066673279, 0.028284579515457153, -0.9988877177238464, -0.03772588446736336], "cam_t_m2c": [31.965892791748047, 154.99520874023438, 1483.4112548828125], "obj_id": 1}, {"cam_R_m2c": [-0.27546826004981995, -0.5043978691101074, -0.8183520436286926, 0.28175103664398193, 0.7715409398078918, -0.5703866481781006, 0.919093906879425, -0.38769495487213135, -0.07042042165994644], "cam_t_m2c": [2.132510185241699, 53.14755630493164, 1392.48486328125], "obj_id": 1}, {"cam_R_m2c": [-0.6297308206558228, 0.759631335735321, 0.16247858107089996, 0.776268482208252, 0.6075371503829956, 0.16824358701705933, 0.029091333970427513, 0.23207516968250275, -0.9722626805305481], "cam_t_m2c": [37.618507385253906, 280.62945556640625, 1327.0191650390625], "obj_id": 1}, {"cam_R_m2c": [0.8277475237846375, 0.5517341494560242, -0.10209543257951736, -0.41577112674713135, 0.7253010869026184, 0.5487008690834045, 0.3767869472503662, -0.41173747181892395, 0.8297613263130188], "cam_t_m2c": [-69.2748794555664, 210.65045166015625, 1463.9439697265625], "obj_id": 1}, {"cam_R_m2c": [-0.7512326836585999, -0.17383846640586853, -0.6367334723472595, -0.1033572107553482, -0.9218087792396545, 0.37361180782318115, -0.6518946290016174, 0.3464803993701935, 0.6745254993438721], "cam_t_m2c": [25.205904006958008, 127.26908874511719, 1399.2060546875], "obj_id": 1}, {"cam_R_m2c": [0.974184513092041, -0.05453360080718994, 0.21906748414039612, -0.2045542150735855, -0.623769998550415, 0.7543662786483765, 0.09550943225622177, -0.7797031402587891, -0.6188222169876099], "cam_t_m2c": [-145.64035034179688, -58.349308013916016, 1148.7369384765625], "obj_id": 1}, {"cam_R_m2c": [-0.10974694043397903, 0.9302407503128052, -0.35015395283699036, -0.36485230922698975, -0.3653925955295563, -0.8563709259033203, -0.9245747327804565, 0.03377041220664978, 0.3795011341571808], "cam_t_m2c": [-206.40602111816406, 199.4091339111328, 1190.0145263671875], "obj_id": 1}, {"cam_R_m2c": [-0.27072250843048096, 0.4269009530544281, 0.8628236651420593, -0.07905308157205582, -0.9031251072883606, 0.4220370650291443, 0.9594058990478516, 0.04604610055685043, 0.27824434638023376], "cam_t_m2c": [-27.573850631713867, 203.82040405273438, 1233.0321044921875], "obj_id": 1}, {"cam_R_m2c": [-0.9236268997192383, 0.3829243779182434, -0.016786225140094757, 0.006516177672892809, 0.059475772082805634, 0.9982083439826965, 0.38323673605918884, 0.9218629598617554, -0.05742836743593216], "cam_t_m2c": [-240.4717559814453, 45.701904296875, 1239.5089111328125], "obj_id": 1}, {"cam_R_m2c": [-0.7102691531181335, 0.2021152526140213, 0.6742900013923645, -0.27657824754714966, 0.8007309436798096, -0.5313514471054077, -0.6473190784454346, -0.5638965368270874, -0.512833833694458], "cam_t_m2c": [-60.636695861816406, -14.653934478759766, 1200.4703369140625], "obj_id": 1}, {"cam_R_m2c": [-0.3345174789428711, 0.8934289216995239, 0.2998046576976776, -0.8860188722610474, -0.4065457582473755, 0.2229149490594864, 0.3210429847240448, -0.19106364250183105, 0.9275915622711182], "cam_t_m2c": [-274.6441650390625, 24.612646102905273, 1277.5301513671875], "obj_id": 1}, {"cam_R_m2c": [-0.452010840177536, 0.47984403371810913, 0.7519545555114746, 0.5403803586959839, 0.8179965019226074, -0.19715672731399536, -0.7097007036209106, 0.3172244727611542, -0.6290415525436401], "cam_t_m2c": [-247.3191375732422, 79.64884185791016, 1244.078369140625], "obj_id": 1}, {"cam_R_m2c": [-0.5911996364593506, 0.7513232827186584, -0.2932509183883667, 0.0009298596414737403, -0.3629627227783203, -0.9318031072616577, -0.8065245747566223, -0.5511544346809387, 0.21388494968414307], "cam_t_m2c": [-4.290016174316406, 201.92306518554688, 1408.09619140625], "obj_id": 1}, {"cam_R_m2c": [0.8317846655845642, -0.4782361388206482, 0.28182342648506165, -0.28763145208358765, -0.8055475354194641, -0.5180356502532959, 0.4747656285762787, 0.34983283281326294, -0.807597815990448], "cam_t_m2c": [-63.7265510559082, 327.6763916015625, 1213.2008056640625], "obj_id": 1}, {"cam_R_m2c": [-0.19998107850551605, -0.9701045751571655, -0.1374935805797577, 0.5510630011558533, -0.22739148139953613, 0.8028838634490967, -0.8101462125778198, 0.08479402214288712, 0.5800629258155823], "cam_t_m2c": [28.616823196411133, 263.08819580078125, 1154.849365234375], "obj_id": 1}, {"cam_R_m2c": [-0.6743121147155762, -0.20229604840278625, -0.7101966738700867, -0.4104961156845093, -0.6967665553092957, 0.5882253646850586, -0.6138370037078857, 0.6881805062294006, 0.3867965638637543], "cam_t_m2c": [-169.61590576171875, 168.20260620117188, 1233.2100830078125], "obj_id": 1}, {"cam_R_m2c": [-0.016719691455364227, 0.012638617306947708, -0.9997802972793579, 0.9601638913154602, 0.27915647625923157, -0.012528272345662117, 0.2789367735385895, -0.9601624011993408, -0.016802532598376274], "cam_t_m2c": [-72.17169189453125, 101.30375671386719, 1112.6680908203125], "obj_id": 1}, {"cam_R_m2c": [-0.03643597289919853, -0.9993332028388977, 0.0023449501022696495, -0.7862324714660645, 0.027217773720622063, -0.6173309683799744, 0.6168555617332458, -0.024336762726306915, -0.7866999506950378], "cam_t_m2c": [24.592784881591797, 76.82715606689453, 1423.1064453125], "obj_id": 1}, {"cam_R_m2c": [0.3197955787181854, 0.20260094106197357, -0.9255720376968384, -0.835053563117981, 0.5218300223350525, -0.17429561913013458, 0.447678804397583, 0.8286411762237549, 0.33606159687042236], "cam_t_m2c": [-103.64990234375, 45.955894470214844, 1455.1346435546875], "obj_id": 1}, {"cam_R_m2c": [-0.7473472356796265, -0.01395370438694954, -0.6642870306968689, -0.07938078790903091, 0.9944937825202942, 0.06841642409563065, 0.6596746444702148, 0.1038624569773674, -0.7443398237228394], "cam_t_m2c": [32.998836517333984, 260.9777526855469, 1326.8026123046875], "obj_id": 1}, {"cam_R_m2c": [0.12556661665439606, 0.9740481376647949, 0.18831698596477509, 0.8877278566360474, -0.025571247562766075, -0.4596579372882843, -0.4429134726524353, 0.22489193081855774, -0.867900550365448], "cam_t_m2c": [25.07276725769043, 85.18194580078125, 1149.403564453125], "obj_id": 1}, {"cam_R_m2c": [-0.2737090587615967, 0.9053348302841187, 0.3247334361076355, 0.46879157423973083, -0.16923391819000244, 0.866945207118988, 0.8398317694664001, 0.3895232677459717, -0.37809228897094727], "cam_t_m2c": [-247.19090270996094, 134.68655395507812, 1140.8072509765625], "obj_id": 1}, {"cam_R_m2c": [-0.6870898604393005, -0.03281710669398308, 0.7258307337760925, 0.4654688537120819, 0.7471791505813599, 0.47440701723098755, -0.557894229888916, 0.663811981678009, -0.4981038272380829], "cam_t_m2c": [-23.449249267578125, 219.1555633544922, 1443.0218505859375], "obj_id": 1}, {"cam_R_m2c": [0.03651392459869385, -0.3527316749095917, -0.9350118041038513, -0.9159294962882996, -0.38601186871528625, 0.10985368490219116, -0.39967459440231323, 0.8523937463760376, -0.33717212080955505], "cam_t_m2c": [-296.27618408203125, 97.83833312988281, 1281.3582763671875], "obj_id": 1}, {"cam_R_m2c": [-0.8326770067214966, 0.4620935320854187, 0.3051528334617615, 0.32344725728034973, 0.8531386852264404, -0.4093119502067566, -0.4494780898094177, -0.24212385714054108, -0.8598518371582031], "cam_t_m2c": [-116.55664825439453, -86.01187896728516, 1186.37744140625], "obj_id": 1}, {"cam_R_m2c": [-0.5636031627655029, 0.3438190519809723, 0.7510924339294434, -0.3570426106452942, 0.718544602394104, -0.5968368649482727, -0.7448973059654236, -0.6045511960983276, -0.2822159230709076], "cam_t_m2c": [-205.73863220214844, 145.6226043701172, 1120.6795654296875], "obj_id": 1}, {"cam_R_m2c": [0.5520368814468384, -0.5941489934921265, 0.5850146412849426, 0.7558010816574097, 0.6528801321983337, -0.05012179911136627, -0.3521645963191986, 0.46982380747795105, 0.8094724416732788], "cam_t_m2c": [-48.763370513916016, 288.5760803222656, 1317.2664794921875], "obj_id": 1}, {"cam_R_m2c": [-0.9857677221298218, 0.1520843505859375, -0.07163804769515991, -0.08322745561599731, -0.8117436766624451, -0.578052818775177, -0.14606453478336334, -0.5638636350631714, 0.8128486275672913], "cam_t_m2c": [-84.49594116210938, 139.20619201660156, 1251.749267578125], "obj_id": 1}, {"cam_R_m2c": [-0.78303062915802, -0.48733338713645935, -0.38648250699043274, 0.4890359044075012, -0.09843124449253082, -0.8666919469833374, 0.38432595133781433, -0.8676503896713257, 0.3153984844684601], "cam_t_m2c": [-30.065570831298828, 5.625307559967041, 1246.5816650390625], "obj_id": 1}, {"cam_R_m2c": [-0.8811309337615967, 0.42232629656791687, -0.21271690726280212, -0.4725286364555359, -0.803515613079071, 0.3620484471321106, -0.01801879145205021, 0.41952699422836304, 0.9075639843940735], "cam_t_m2c": [-49.397525787353516, 269.1302490234375, 1369.5465087890625], "obj_id": 1}, {"cam_R_m2c": [0.4503154456615448, -0.06985566765069962, -0.8901326060295105, 0.4355080723762512, -0.8531159162521362, 0.2872728705406189, -0.7794540524482727, -0.5170233845710754, -0.35374847054481506], "cam_t_m2c": [-150.1045684814453, 349.4049377441406, 1341.749267578125], "obj_id": 1}, {"cam_R_m2c": [-0.0913182944059372, -0.8137666583061218, 0.573972761631012, -0.9157785177230835, 0.29503190517425537, 0.27259087562561035, -0.3911656439304352, -0.5007393956184387, -0.7721718549728394], "cam_t_m2c": [-84.33553314208984, 9.848770141601562, 1192.4429931640625], "obj_id": 1}, {"cam_R_m2c": [0.29016903042793274, 0.6968693733215332, -0.6558772921562195, 0.9353238940238953, -0.06155640631914139, 0.3483964204788208, 0.2024133801460266, -0.714551568031311, -0.6696603894233704], "cam_t_m2c": [-253.3062744140625, 101.5390625, 1259.8526611328125], "obj_id": 1}, {"cam_R_m2c": [-0.44336456060409546, -0.8089114427566528, 0.3861219584941864, -0.69230717420578, 0.5826563835144043, 0.42570215463638306, -0.5693317651748657, -0.07857374846935272, -0.8183443546295166], "cam_t_m2c": [-52.10518264770508, 308.28631591796875, 1343.8404541015625], "obj_id": 1}, {"cam_R_m2c": [-0.769758939743042, -0.2874455153942108, 0.569952666759491, 0.5838728547096252, -0.6779306530952454, 0.44665682315826416, 0.2579989433288574, 0.6765980124473572, 0.689674973487854], "cam_t_m2c": [107.38247680664062, 126.92406463623047, 1163.7518310546875], "obj_id": 1}, {"cam_R_m2c": [0.989109218120575, 0.14715981483459473, 0.002627054462209344, 0.04761160910129547, -0.3368004560470581, 0.9403715133666992, 0.13926969468593597, -0.9300050735473633, -0.3401389420032501], "cam_t_m2c": [-109.2647933959961, -50.89082336425781, 1176.2364501953125], "obj_id": 1}, {"cam_R_m2c": [0.6297393441200256, 0.7445081472396851, 0.2216663509607315, -0.41054344177246094, 0.076732337474823, 0.9086066484451294, 0.6594561338424683, -0.6631889939308167, 0.3539743423461914], "cam_t_m2c": [-114.15288543701172, -73.66639709472656, 1234.0364990234375], "obj_id": 1}, {"cam_R_m2c": [0.07772355526685715, -0.5665566921234131, -0.8203489780426025, -0.5164511799812317, -0.7267106771469116, 0.45295652747154236, -0.8527820110321045, 0.3884648382663727, -0.3490813672542572], "cam_t_m2c": [66.73704528808594, -5.740895748138428, 1128.0516357421875], "obj_id": 1}, {"cam_R_m2c": [0.6007888913154602, 0.7719758749008179, 0.20761974155902863, -0.3405967950820923, 0.48215365409851074, -0.8071689009666443, -0.7232195138931274, 0.41422346234321594, 0.5526050925254822], "cam_t_m2c": [-24.36251449584961, 8.638411521911621, 1251.08837890625], "obj_id": 1}, {"cam_R_m2c": [-0.9948569536209106, 0.030366739258170128, 0.0966293215751648, 0.050962209701538086, -0.6743850111961365, 0.7366189360618591, 0.0875340923666954, 0.7377550601959229, 0.6693692803382874], "cam_t_m2c": [-54.115577697753906, 65.22355651855469, 1352.246826171875], "obj_id": 1}, {"cam_R_m2c": [-0.8304867148399353, 0.5056832432746887, -0.2336152344942093, -0.14963248372077942, -0.6064934134483337, -0.780881404876709, -0.5365647673606873, -0.6135552525520325, 0.5793514847755432], "cam_t_m2c": [63.53327560424805, 231.26019287109375, 1457.7962646484375], "obj_id": 3}, {"cam_R_m2c": [0.13477462530136108, -0.9060853719711304, -0.40105485916137695, -0.3474922776222229, 0.3358227014541626, -0.8754839301109314, 0.9279465675354004, 0.2573564648628235, -0.26959729194641113], "cam_t_m2c": [-213.130126953125, 174.93072509765625, 1435.391845703125], "obj_id": 1}, {"cam_R_m2c": [0.7553953528404236, 0.3459892272949219, 0.5564793348312378, 0.583996593952179, -0.7406443357467651, -0.33225539326667786, 0.29719653725624084, 0.5759662389755249, -0.7615358233451843], "cam_t_m2c": [68.53362274169922, 146.7635040283203, 1091.59521484375], "obj_id": 1}, {"cam_R_m2c": [-0.37139567732810974, -0.11626413464546204, -0.9211665391921997, -0.5087145566940308, 0.8554380536079407, 0.09713513404130936, 0.7767075896263123, 0.5046864151954651, -0.37685126066207886], "cam_t_m2c": [-110.55584716796875, 365.6023864746094, 1246.4254150390625], "obj_id": 1}, {"cam_R_m2c": [0.1322459727525711, -0.40806034207344055, 0.9033259153366089, 0.9252947568893433, 0.3776191473007202, 0.03512011840939522, -0.3554443120956421, 0.8311982154846191, 0.4275147020816803], "cam_t_m2c": [76.9917984008789, 108.22844696044922, 1099.739013671875], "obj_id": 1}, {"cam_R_m2c": [-0.7876762747764587, -0.2570309340953827, -0.5599116683006287, 0.6054041981697083, -0.49144306778907776, -0.6260745525360107, -0.11424420773983002, -0.832116961479187, 0.542705774307251], "cam_t_m2c": [-37.53211975097656, 221.00363159179688, 1470.6072998046875], "obj_id": 3}, {"cam_R_m2c": [0.5049859881401062, -0.6289094090461731, -0.5911532044410706, 0.8559948801994324, 0.2770449221134186, 0.4364846348762512, -0.11073330044746399, -0.7264427542686462, 0.6782470345497131], "cam_t_m2c": [-7.631546497344971, 257.6889953613281, 1176.5164794921875], "obj_id": 1}, {"cam_R_m2c": [0.9726325869560242, -0.04408571496605873, 0.2281278669834137, 0.17257137596607208, -0.5203639268875122, -0.8363255262374878, 0.15557953715324402, 0.8528057932853699, -0.49851495027542114], "cam_t_m2c": [-203.02362060546875, 357.43121337890625, 1178.368408203125], "obj_id": 1}, {"cam_R_m2c": [0.43542733788490295, 0.437511682510376, -0.7867569327354431, -0.18850764632225037, 0.8988944888114929, 0.39554205536842346, 0.8802657723426819, -0.023920103907585144, 0.47387754917144775], "cam_t_m2c": [12.366533279418945, 109.91162109375, 1510.1077880859375], "obj_id": 1}, {"cam_R_m2c": [0.1567733883857727, 0.677305281162262, 0.7188042402267456, 0.5334371328353882, -0.6705821752548218, 0.5155230760574341, 0.8311839699745178, 0.3026166558265686, -0.4664291441440582], "cam_t_m2c": [-289.3160705566406, 35.78413391113281, 1258.5303955078125], "obj_id": 3}, {"cam_R_m2c": [0.9918352961540222, -0.12510384619235992, -0.024734346196055412, 0.11386606097221375, 0.9561150670051575, -0.26996010541915894, 0.057421933859586716, 0.2649395763874054, 0.9625537395477295], "cam_t_m2c": [-155.81419372558594, 129.94297790527344, 1123.1595458984375], "obj_id": 1}, {"cam_R_m2c": [-0.5873616933822632, -0.24305662512779236, 0.7719646692276001, 0.24384808540344238, -0.9626613259315491, -0.11756261438131332, 0.7717150449752808, 0.11919032782316208, 0.6246995329856873], "cam_t_m2c": [-27.770450592041016, 3.592761754989624, 1535.9189453125], "obj_id": 1}, {"cam_R_m2c": [-0.905217707157135, -0.2431267499923706, -0.34852516651153564, 0.26608806848526, 0.31517493724823, -0.9109674692153931, 0.331326961517334, -0.9173625111579895, -0.220608651638031], "cam_t_m2c": [-125.41114044189453, 129.68841552734375, 1432.116943359375], "obj_id": 3}, {"cam_R_m2c": [0.5952911376953125, 0.7822787165641785, 0.18348969519138336, 0.4485090374946594, -0.13402989506721497, -0.8836715817451477, -0.6666843891143799, 0.6083385944366455, -0.4306458532810211], "cam_t_m2c": [34.688785552978516, 195.46849060058594, 1079.3687744140625], "obj_id": 1}, {"cam_R_m2c": [0.15273521840572357, -0.4767608940601349, 0.865662157535553, 0.950270414352417, 0.31140223145484924, 0.003840579418465495, -0.2714001536369324, 0.8220265507698059, 0.5006138682365417], "cam_t_m2c": [-82.72412109375, 224.0044403076172, 1119.99853515625], "obj_id": 3}, {"cam_R_m2c": [-0.32392874360084534, 0.9174699783325195, -0.23090888559818268, 0.6709412932395935, 0.39485159516334534, 0.6276384592056274, 0.6670141816139221, 0.048383839428424835, -0.7434722781181335], "cam_t_m2c": [40.263607025146484, 275.66656494140625, 1414.2239990234375], "obj_id": 3}, {"cam_R_m2c": [0.9354417324066162, 0.07505150884389877, 0.3454214632511139, 0.3517570495605469, -0.10125613212585449, -0.9305988550186157, -0.034866813570261, 0.9920254349708557, -0.12111911177635193], "cam_t_m2c": [-48.32317352294922, 168.7977294921875, 1329.2003173828125], "obj_id": 3}, {"cam_R_m2c": [0.20188388228416443, -0.2912946939468384, 0.9350883960723877, -0.5465095043182373, -0.8257933855056763, -0.13925719261169434, 0.81275475025177, -0.48292091488838196, -0.32590967416763306], "cam_t_m2c": [70.37244415283203, 232.0844268798828, 1451.9754638671875], "obj_id": 3}, {"cam_R_m2c": [-0.2870785892009735, -0.9572018980979919, -0.03674827143549919, 0.3692505359649658, -0.07518225163221359, -0.9262837767601013, 0.8838777542114258, -0.2794855535030365, 0.3750305473804474], "cam_t_m2c": [-6.7700910568237305, 29.610492706298828, 1264.5633544921875], "obj_id": 1}, {"cam_R_m2c": [0.9772538542747498, 0.1897556632757187, -0.09469765424728394, -0.046569474041461945, 0.6276490688323975, 0.7771021723747253, 0.20689645409584045, -0.7550160884857178, 0.6222093105316162], "cam_t_m2c": [-120.95134735107422, 71.04830932617188, 1501.849853515625], "obj_id": 3}, {"cam_R_m2c": [-0.3835662007331848, -0.9178611040115356, -0.10201875120401382, 0.4827846884727478, -0.10511832684278488, -0.8694072365760803, 0.7872710824012756, -0.38272836804389954, 0.48344922065734863], "cam_t_m2c": [-187.6785430908203, 228.7740478515625, 1282.8026123046875], "obj_id": 3}, {"cam_R_m2c": [0.6045786738395691, 0.602096676826477, 0.521501898765564, 0.5805181860923767, -0.7813504934310913, 0.2291068732738495, 0.5454202890396118, 0.16422823071479797, -0.821915864944458], "cam_t_m2c": [-98.43689727783203, 14.671520233154297, 1400.025146484375], "obj_id": 3}, {"cam_R_m2c": [0.670884370803833, -0.31802576780319214, -0.6699057221412659, -0.2736942768096924, 0.7334024906158447, -0.6222637295722961, 0.6892064809799194, 0.6008163690567017, 0.4049864113330841], "cam_t_m2c": [72.66871643066406, 91.8857192993164, 1171.79638671875], "obj_id": 1}, {"cam_R_m2c": [0.48515698313713074, -0.8700723648071289, 0.0871594250202179, 0.7593387961387634, 0.3697760999202728, -0.5354160070419312, 0.43362119793891907, 0.32594433426856995, 0.840079128742218], "cam_t_m2c": [18.91953468322754, -105.98783111572266, 1243.2474365234375], "obj_id": 3}, {"cam_R_m2c": [-0.9435108304023743, 0.019417637959122658, 0.33077213168144226, 0.3263925611972809, -0.11742755025625229, 0.937911868095398, 0.05705379694700241, 0.9928916096687317, 0.10445640981197357], "cam_t_m2c": [5.155839920043945, 235.35806274414062, 1349.009765625], "obj_id": 3}, {"cam_R_m2c": [-0.6260873675346375, -0.7408348917961121, -0.2432650625705719, -0.17360875010490417, 0.4365849792957306, -0.882753312587738, 0.7601804137229919, -0.5104479193687439, -0.40195566415786743], "cam_t_m2c": [-182.69322204589844, 179.87001037597656, 1238.9268798828125], "obj_id": 1}, {"cam_R_m2c": [-0.437572717666626, -0.6774261593818665, 0.5912898182868958, 0.898537278175354, -0.3543359935283661, 0.2589913606643677, 0.034067802131175995, 0.6446235775947571, 0.7637406587600708], "cam_t_m2c": [-9.083537101745605, -17.622217178344727, 1338.72607421875], "obj_id": 1}, {"cam_R_m2c": [-0.9613291025161743, -0.2390013039112091, -0.13683857023715973, -0.23158062994480133, 0.97043377161026, -0.06803455948829651, 0.14905312657356262, -0.03371443971991539, -0.9882543087005615], "cam_t_m2c": [63.59653091430664, -25.87542724609375, 1196.9241943359375], "obj_id": 1}, {"cam_R_m2c": [0.5494333505630493, -0.1366429179906845, 0.824288547039032, 0.3166370987892151, -0.8789018988609314, -0.3567521274089813, 0.7732166051864624, 0.457011878490448, -0.43963176012039185], "cam_t_m2c": [-174.8809051513672, 361.9877624511719, 1387.5386962890625], "obj_id": 1}, {"cam_R_m2c": [0.3240945339202881, 0.6652689576148987, 0.6725919246673584, 0.5058751106262207, -0.7226525545120239, 0.4710240364074707, 0.799407958984375, 0.18759119510650635, -0.5707507133483887], "cam_t_m2c": [28.279102325439453, -120.0107421875, 1184.9609375], "obj_id": 1}, {"cam_R_m2c": [-0.38950446248054504, -0.27690351009368896, 0.8784136772155762, -0.8259351849555969, 0.5270635485649109, -0.20008766651153564, -0.4075748324394226, -0.8034478425979614, -0.4339979588985443], "cam_t_m2c": [-23.788333892822266, 267.2576904296875, 1386.6856689453125], "obj_id": 3}, {"cam_R_m2c": [0.7510821223258972, -0.6437113881111145, -0.14666733145713806, -0.0780961737036705, 0.13396777212619781, -0.9879035949707031, 0.6555734872817993, 0.753450870513916, 0.0503494068980217], "cam_t_m2c": [60.65789794921875, 192.5666046142578, 1288.3055419921875], "obj_id": 3}, {"cam_R_m2c": [0.6714805364608765, 0.621422290802002, 0.40366846323013306, 0.3020830452442169, -0.7269797325134277, 0.6166410446166992, 0.6766533255577087, -0.292121022939682, -0.675873875617981], "cam_t_m2c": [-112.82393646240234, 195.63873291015625, 1190.20849609375], "obj_id": 3}, {"cam_R_m2c": [-0.35184305906295776, 0.12813037633895874, -0.9272480607032776, -0.8300782442092896, 0.4151330292224884, 0.37233665585517883, 0.43263891339302063, 0.9006925821304321, -0.03970339521765709], "cam_t_m2c": [-102.07793426513672, 334.3035583496094, 1179.5599365234375], "obj_id": 1}, {"cam_R_m2c": [0.36060631275177, 0.5047743320465088, -0.7843250632286072, 0.685163140296936, -0.7139224410057068, -0.14444994926452637, -0.6328620910644531, -0.48530113697052, -0.6032975912094116], "cam_t_m2c": [-31.481895446777344, 101.56961822509766, 1335.5986328125], "obj_id": 3}, {"cam_R_m2c": [-0.9768086671829224, 0.2137608826160431, 0.012282977811992168, -0.13085566461086273, -0.5505878925323486, -0.8244571685791016, -0.1694738268852234, -0.8069443106651306, 0.5657910108566284], "cam_t_m2c": [-191.63107299804688, 190.63401794433594, 1173.080078125], "obj_id": 1}, {"cam_R_m2c": [0.6677839159965515, -0.5111846327781677, 0.5410683155059814, 0.6596007943153381, 0.743242084980011, -0.11188393086194992, -0.3449513912200928, 0.4316033720970154, 0.8335028886795044], "cam_t_m2c": [-131.99827575683594, 154.422607421875, 1092.333984375], "obj_id": 1}, {"cam_R_m2c": [0.801577627658844, 0.3212197721004486, 0.5042729377746582, 0.13742779195308685, 0.7218502163887024, -0.6782667636871338, -0.5818822383880615, 0.6129845976829529, 0.5344744324684143], "cam_t_m2c": [-140.35223388671875, 104.67097473144531, 1358.8480224609375], "obj_id": 3}, {"cam_R_m2c": [0.7039151787757874, 0.1260068118572235, -0.6990177035331726, 0.10311157256364822, -0.9918413758277893, -0.07495800405740738, -0.702759861946106, -0.01931273192167282, -0.7111649513244629], "cam_t_m2c": [137.26461791992188, 219.30706787109375, 1437.1033935546875], "obj_id": 3}, {"cam_R_m2c": [-0.9842966794967651, -0.17088106274604797, 0.04426665976643562, -0.16156622767448425, 0.9731342196464539, 0.16403083503246307, -0.0711071640253067, 0.15430302917957306, -0.985461413860321], "cam_t_m2c": [28.380126953125, 16.150102615356445, 1533.5645751953125], "obj_id": 3}, {"cam_R_m2c": [0.793408215045929, 0.41250789165496826, -0.4475943446159363, -0.14383940398693085, 0.8415756225585938, 0.5206348896026611, 0.5914505124092102, -0.3486942946910858, 0.727047860622406], "cam_t_m2c": [-203.41397094726562, 93.9295883178711, 1119.482421875], "obj_id": 1}, {"cam_R_m2c": [-0.9074622392654419, -0.4172258675098419, -0.0493461899459362, -0.2761136591434479, 0.5037335753440857, 0.8185436725616455, -0.3166602551937103, 0.7564225792884827, -0.5723209977149963], "cam_t_m2c": [-149.77383422851562, 57.45219039916992, 1469.01513671875], "obj_id": 1}, {"cam_R_m2c": [0.44413790106773376, 0.21007972955703735, -0.8709810972213745, 0.044879328459501266, -0.976118266582489, -0.212553471326828, -0.8948336839675903, 0.05531400442123413, -0.44295933842658997], "cam_t_m2c": [-163.02149963378906, 37.70351791381836, 1478.989501953125], "obj_id": 3}, {"cam_R_m2c": [-0.8475431203842163, -0.2798626124858856, -0.4509406089782715, 0.39657431840896606, 0.2307034432888031, -0.8885407447814941, 0.35270288586616516, -0.931908130645752, -0.08454474061727524], "cam_t_m2c": [23.8432559967041, 167.49188232421875, 1340.8385009765625], "obj_id": 3}, {"cam_R_m2c": [-0.44750386476516724, -0.5813547968864441, 0.6795343160629272, 0.6587609052658081, -0.7281860113143921, -0.18915365636348724, 0.6047927737236023, 0.3630036413669586, 0.7088399529457092], "cam_t_m2c": [-152.5528564453125, 428.50567626953125, 1388.3536376953125], "obj_id": 3}, {"cam_R_m2c": [0.766524076461792, 0.25564897060394287, 0.5891387462615967, -0.4263756573200226, -0.4834236800670624, 0.7645295262336731, 0.48025479912757874, -0.8372246623039246, -0.2615533769130707], "cam_t_m2c": [6.201694488525391, 305.0961608886719, 1431.68798828125], "obj_id": 3}, {"cam_R_m2c": [-0.006903970148414373, 0.6359759569168091, -0.7716779708862305, -0.9937686324119568, 0.08148820698261261, 0.07604921609163284, 0.11124811321496964, 0.7673944234848022, 0.6314504146575928], "cam_t_m2c": [-263.1052551269531, 94.23580169677734, 1199.6177978515625], "obj_id": 3}, {"cam_R_m2c": [-0.6693558096885681, -0.5994988083839417, -0.43882128596305847, 0.35620272159576416, -0.777299702167511, 0.5185797810554504, -0.6519835591316223, 0.19080501794815063, 0.7338330149650574], "cam_t_m2c": [-127.68095397949219, 228.75213623046875, 1318.358642578125], "obj_id": 3}, {"cam_R_m2c": [0.1303642988204956, 0.9486561417579651, -0.28819534182548523, 0.9330419301986694, -0.21569260954856873, -0.2879396975040436, -0.3353174030780792, -0.23136131465435028, -0.9132546186447144], "cam_t_m2c": [-152.4628143310547, 89.80079650878906, 1097.5880126953125], "obj_id": 3}, {"cam_R_m2c": [0.9826771020889282, -0.06980910152196884, -0.1716754287481308, -0.017942778766155243, 0.886152982711792, -0.46304529905319214, 0.18445546925067902, 0.45810431241989136, 0.8695496320724487], "cam_t_m2c": [-222.50051879882812, 187.60975646972656, 1445.521728515625], "obj_id": 1}, {"cam_R_m2c": [-0.6437651515007019, 0.3859526813030243, -0.6607621908187866, 0.5454062223434448, -0.3742520213127136, -0.7499781250953674, -0.5367477536201477, -0.843193769454956, 0.030429599806666374], "cam_t_m2c": [-217.06137084960938, -26.208703994750977, 1172.517333984375], "obj_id": 3}, {"cam_R_m2c": [-0.976656973361969, 0.21439574658870697, 0.01324733067303896, -0.10183437913656235, -0.516431987285614, 0.8502515554428101, 0.18913166224956512, 0.82905513048172, 0.526209831237793], "cam_t_m2c": [-132.26885986328125, 213.73524475097656, 1247.7125244140625], "obj_id": 1}, {"cam_R_m2c": [-0.5641523003578186, 0.8003178238868713, -0.203034907579422, -0.22934050858020782, -0.3881154954433441, -0.8926191926002502, -0.7931801676750183, -0.4570091962814331, 0.40250182151794434], "cam_t_m2c": [-0.5644681453704834, 307.45111083984375, 1408.7982177734375], "obj_id": 3}, {"cam_R_m2c": [0.6494251489639282, -0.20851226150989532, 0.7312794327735901, -0.7092219591140747, 0.18083320558071136, 0.6813981533050537, -0.27431944012641907, -0.9611565470695496, -0.030443839728832245], "cam_t_m2c": [15.419696807861328, 207.92819213867188, 1128.97802734375], "obj_id": 3}, {"cam_R_m2c": [-0.24177570641040802, -0.5022697448730469, 0.8302225470542908, 0.8981763124465942, -0.43961331248283386, -0.004393074661493301, 0.3671834468841553, 0.7446240782737732, 0.5574147701263428], "cam_t_m2c": [-8.191241264343262, 170.905029296875, 1118.1822509765625], "obj_id": 1}, {"cam_R_m2c": [0.4002877175807953, -0.12216022610664368, -0.9082106351852417, 0.8961377739906311, -0.15502287447452545, 0.4158182144165039, -0.19158993661403656, -0.9803288578987122, 0.04