{
  "0": [{"cam_R_m2c": [-0.4619689881801605, 0.6007269620895386, 0.6524656414985657, 0.43369060754776, -0.488704651594162, 0.7570204138755798, 0.7736257314682007, 0.6326883435249329, -0.03476305678486824], "cam_t_m2c": [-106.38919830322266, 60.48695755004883, 2299.0126953125], "obj_id": 1}, {"cam_R_m2c": [0.9476050734519958, 0.28680840134620667, -0.14066126942634583, -0.024845588952302933, 0.5051699280738831, 0.8626621961593628, 0.3184766173362732, -0.8139682412147522, 0.4858274757862091], "cam_t_m2c": [-788.76318359375, -190.06402587890625, 3483.952392578125], "obj_id": 2}, {"cam_R_m2c": [-0.3429126441478729, -0.794129490852356, -0.50176602602005, -0.7566243410110474, 0.55006343126297, -0.35348233580589294, 0.556713879108429, 0.2584347724914551, -0.7894814014434814], "cam_t_m2c": [144.07723999023438, -75.966064453125, 4107.48291015625], "obj_id": 2}, {"cam_R_m2c": [0.6186974048614502, 0.4366421103477478, -0.6531134843826294, 0.7163742184638977, 0.02773190289735794, 0.6971650123596191, 0.32252371311187744, -0.8992078304290771, -0.2956415116786957], "cam_t_m2c": [-27.60129165649414, -43.953224182128906, 2639.407470703125], "obj_id": 0}, {"cam_R_m2c": [-0.3757036328315735, 0.8705172538757324, 0.31787756085395813, 0.14809836447238922, -0.28220078349113464, 0.9478551149368286, 0.914829671382904, 0.40318992733955383, -0.022898126393556595], "cam_t_m2c": [-991.4844360351562, -508.7269592285156, 3356.2841796875], "obj_id": 2}, {"cam_R_m2c": [-0.6168477535247803, -0.7185414433479309, 0.32124221324920654, -0.16214711964130402, -0.2833772599697113, -0.9452011585235596, 0.7701991200447083, -0.6351339817047119, 0.058291494846343994], "cam_t_m2c": [46.967994689941406, 387.2627258300781, 2729.9990234375], "obj_id": 0}, {"cam_R_m2c": [-0.41632822155952454, 0.6963769793510437, 0.5845768451690674, 0.3589586019515991, -0.46482834219932556, 0.8093723058700562, 0.8353560566902161, 0.54680335521698, -0.056449465453624725], "cam_t_m2c": [-575.2312622070312, -62.36861038208008, 3879.69580078125], "obj_id": 1}, {"cam_R_m2c": [0.7926912307739258, -0.4353783130645752, 0.4267156720161438, -0.48275700211524963, -0.02086743526160717, 0.8755056858062744, -0.37227171659469604, -0.9000056982040405, -0.22672337293624878], "cam_t_m2c": [397.58746337890625, -112.83577728271484, 2825.435302734375], "obj_id": 1}, {"cam_R_m2c": [-0.1127774640917778, -0.3355770707130432, 0.935237467288971, 0.6406691074371338, -0.7440123558044434, -0.18970628082752228, 0.7594894170761108, 0.5777831673622131, 0.29890185594558716], "cam_t_m2c": [-1042.775390625, 281.4743347167969, 3282.349365234375], "obj_id": 2}, {"cam_R_m2c": [-0.12238410115242004, 0.5693157315254211, 0.8129585981369019, -0.964177668094635, -0.26242905855178833, 0.03863045200705528, 0.23533691465854645, -0.7791087627410889, 0.5810387134552002], "cam_t_m2c": [558.6558837890625, 501.698974609375, 3083.440185546875], "obj_id": 2}, {"cam_R_m2c": [0.11249314248561859, 0.9664798974990845, -0.23078519105911255, -0.9846053719520569, 0.13969109952449799, 0.10506432503461838, 0.13378119468688965, 0.21541334688663483, 0.9673157334327698], "cam_t_m2c": [-211.12286376953125, -644.7160034179688, 4146.681640625], "obj_id": 2}, {"cam_R_m2c": [0.019697530195116997, -0.3904634714126587, -0.9204076528549194, 0.9957174062728882, -0.07550782710313797, 0.05334179103374481, -0.09032604843378067, -0.9175166487693787, 0.38730400800704956], "cam_t_m2c": [-144.98519897460938, -68.1007080078125, 3486.947509765625], "obj_id": 1}, {"cam_R_m2c": [-0.8792148232460022, 0.37311500310897827, -0.29625406861305237, -0.47518858313560486, -0.7315530180931091, 0.48890286684036255, -0.03430856764316559, 0.5706272125244141, 0.8204922676086426], "cam_t_m2c": [-163.30072021484375, -258.5455627441406, 4022.23486328125], "obj_id": 2}, {"cam_R_m2c": [0.4343286156654358, 0.9006431698799133, -0.014162406325340271, 0.5182828903198242, -0.2370169758796692, 0.8217090964317322, 0.7367099523544312, -0.3642319142818451, -0.5697311758995056], "cam_t_m2c": [-331.9122619628906, 103.44989776611328, 2123.1181640625], "obj_id": 2}, {"cam_R_m2c": [-0.7648370862007141, -0.5087835192680359, 0.3951750099658966, -0.525451123714447, 0.8475762605667114, 0.07426655292510986, -0.37272655963897705, -0.15084335207939148, -0.9155986905097961], "cam_t_m2c": [-717.6773071289062, 166.7936248779297, 2506.79248046875], "obj_id": 1}, {"cam_R_m2c": [-0.23714275658130646, 0.737041711807251, -0.6328765153884888, 0.9317923784255981, 0.35685843229293823, 0.06644522398710251, 0.2748201787471771, -0.5739524960517883, -0.7713962197303772], "cam_t_m2c": [-506.36761474609375, 365.62786865234375, 3141.044921875], "obj_id": 2}, {"cam_R_m2c": [-0.9183309078216553, -0.1383589506149292, -0.37084370851516724, 0.01969166472554207, -0.9517253637313843, 0.3063184320926666, -0.3953232765197754, 0.2739991545677185, 0.8767234086990356], "cam_t_m2c": [221.6699981689453, -205.54690551757812, 3634.3232421875], "obj_id": 0}, {"cam_R_m2c": [0.11436702311038971, -0.024964511394500732, 0.993124783039093, -0.06637685745954514, 0.9972582459449768, 0.032712288200855255, -0.9912185668945312, -0.0696617141366005, 0.11239638924598694], "cam_t_m2c": [-247.0822296142578, -419.0223693847656, 3521.93701171875], "obj_id": 0}, {"cam_R_m2c": [0.4722190201282501, 0.873170018196106, -0.12076123803853989, 0.8753658533096313, -0.4484119713306427, 0.18072395026683807, 0.10365195572376251, -0.19105155766010284, -0.9760919213294983], "cam_t_m2c": [279.6884765625, -274.2117614746094, 3696.88037109375], "obj_id": 0}, {"cam_R_m2c": [0.59308260679245, 0.8049819469451904, 0.01603228971362114, -0.03489653021097183, 0.04559402912855148, -0.9983503222465515, -0.8043850064277649, 0.5915448069572449, 0.05513210594654083], "cam_t_m2c": [-532.2703247070312, -196.74310302734375, 2698.15478515625], "obj_id": 1}, {"cam_R_m2c": [0.06029924005270004, 0.7302013039588928, -0.680566132068634, -0.767995297908783, -0.4015810787677765, -0.4989148676395416, -0.637610673904419, 0.5527557730674744, 0.536575973033905], "cam_t_m2c": [-538.2192993164062, 100.82394409179688, 3158.20947265625], "obj_id": 0}, {"cam_R_m2c": [0.2292376309633255, 0.5273268222808838, 0.8181543946266174, 0.9725779294967651, -0.1580018848180771, -0.17066815495491028, 0.0392720066010952, 0.8348424434661865, -0.5490864515304565], "cam_t_m2c": [-1117.3988037109375, -74.31473541259766, 2694.084716796875], "obj_id": 0}, {"cam_R_m2c": [-0.969681441783905, -0.10504615306854248, 0.2206428498029709, -0.2162199765443802, 0.7895369529724121, -0.5743520855903625, -0.1138722226023674, -0.6046459078788757, -0.7883124351501465], "cam_t_m2c": [484.4195251464844, 407.5796203613281, 3339.072021484375], "obj_id": 0}, {"cam_R_m2c": [0.16399319469928741, -0.7525662183761597, 0.6377698183059692, -0.9298171401023865, -0.333854615688324, -0.15485844016075134, 0.3294636309146881, -0.5676136016845703, -0.7544988393783569], "cam_t_m2c": [-33.01069641113281, -198.3279266357422, 3914.31201171875], "obj_id": 2}, {"cam_R_m2c": [-0.9085415005683899, -0.33677953481674194, -0.2472478300333023, -0.29766646027565, 0.10652804374694824, 0.9487076997756958, -0.2931665778160095, 0.9355378746986389, -0.19703297317028046], "cam_t_m2c": [611.6329956054688, 274.8514099121094, 3494.88037109375], "obj_id": 2}, {"cam_R_m2c": [0.6937457323074341, 0.34902358055114746, 0.6299995183944702, -0.6974796652793884, 0.5436511635780334, 0.4668678045272827, -0.1795520931482315, -0.7632994055747986, 0.6205925345420837], "cam_t_m2c": [-117.28165435791016, -14.461308479309082, 2333.991943359375], "obj_id": 1}, {"cam_R_m2c": [0.667413592338562, -0.6200024485588074, -0.4124997854232788, 0.7177655100822449, 0.6831725239753723, 0.13449177145957947, 0.19842328131198883, -0.3858397305011749, 0.9009749889373779], "cam_t_m2c": [-435.00701904296875, -597.0744018554688, 3394.4892578125], "obj_id": 1}, {"cam_R_m2c": [-0.005148433614522219, -0.9028328657150269, -0.4299607276916504, 0.9196832776069641, -0.17309366166591644, 0.3524501323699951, -0.392627090215683, -0.39361312985420227, 0.8312115669250488], "cam_t_m2c": [212.26397705078125, -106.03125, 2407.2275390625], "obj_id": 0}, {"cam_R_m2c": [-0.6002642512321472, -0.38160568475723267, 0.7028940916061401, -0.7501404285430908, 0.573472261428833, -0.3292703330516815, -0.27743881940841675, -0.7249184250831604, -0.6304927468299866], "cam_t_m2c": [707.8483276367188, -50.38887405395508, 3070.39404296875], "obj_id": 1}, {"cam_R_m2c": [-0.21520747244358063, -0.7696396112442017, -0.6011161208152771, -0.956189751625061, 0.04097536951303482, 0.2898657023906708, -0.19846117496490479, 0.6371623873710632, -0.7447397112846375], "cam_t_m2c": [477.24609375, 228.68740844726562, 2979.081298828125], "obj_id": 2}, {"cam_R_m2c": [-0.772006094455719, 0.5712772011756897, 0.2786552608013153, 0.3130693733692169, 0.7232949733734131, -0.6154932379722595, -0.5531672239303589, -0.3879261612892151, -0.7372375130653381], "cam_t_m2c": [-592.6558227539062, 565.0675659179688, 2990.6708984375], "obj_id": 2}, {"cam_R_m2c": [-0.458143025636673, 0.651397168636322, -0.6048029065132141, 0.5542727708816528, 0.7412828207015991, 0.37852543592453003, 0.694900393486023, -0.16180700063705444, -0.7006652355194092], "cam_t_m2c": [0.00028128261328674853, -3.725290298461914e-06, 3163.412841796875], "obj_id": 0}, {"cam_R_m2c": [-0.21977616846561432, -0.3561856150627136, 0.9082016348838806, 0.9014614820480347, 0.2817222774028778, 0.3286331593990326, -0.37291502952575684, 0.8909345269203186, 0.2591717839241028], "cam_t_m2c": [-125.65049743652344, 281.592529296875, 3086.980224609375], "obj_id": 2}, {"cam_R_m2c": [-0.8073676824569702, -0.11716171354055405, 0.5782995223999023, 0.5873811841011047, -0.06650350242853165, 0.8065732717514038, -0.056040532886981964, 0.9908835887908936, 0.12251149117946625], "cam_t_m2c": [-66.08432006835938, -496.8165283203125, 3258.552978515625], "obj_id": 1}, {"cam_R_m2c": [0.6270500421524048, -0.5094703435897827, -0.5892777442932129, 0.7515907883644104, 0.1968587189912796, 0.6295696496963501, -0.20474258065223694, -0.8376674056053162, 0.506353497505188], "cam_t_m2c": [148.65725708007812, -416.6881103515625, 3363.650146484375], "obj_id": 1}, {"cam_R_m2c": [-0.5239183306694031, -0.7165946960449219, 0.4604363441467285, 0.31037667393684387, 0.3427852690219879, 0.8866592049598694, -0.7932060956954956, 0.6074457168579102, 0.04282279312610626], "cam_t_m2c": [-163.74456787109375, -303.30426025390625, 3121.2509765625], "obj_id": 2}, {"cam_R_m2c": [0.6210071444511414, 0.25352397561073303, 0.7416709065437317, 0.5628826022148132, 0.5142384171485901, -0.6470873951911926, -0.545447826385498, 0.819319486618042, 0.17664149403572083], "cam_t_m2c": [-580.3048706054688, 737.6339721679688, 2654.267333984375], "obj_id": 2}, {"cam_R_m2c": [0.907010555267334, 0.00577496038749814, 0.42106834053993225, 0.09343387186527252, -0.9777429103851318, -0.18785330653190613, 0.41061174869537354, 0.2097269743680954, -0.8873626589775085], "cam_t_m2c": [-327.6658630371094, 193.5259552001953, 3715.68359375], "obj_id": 1}, {"cam_R_m2c": [0.7400957345962524, -0.592259407043457, -0.3185703754425049, -0.19778263568878174, -0.6444503664970398, 0.738624095916748, -0.6427599191665649, -0.4836448132991791, -0.5940935611724854], "cam_t_m2c": [235.45458984375, 299.20574951171875, 2740.57763671875], "obj_id": 1}, {"cam_R_m2c": [0.1656138300895691, 0.820629894733429, 0.5469357371330261, 0.21470968425273895, 0.5112870931625366, -0.8321570158004761, -0.9625340700149536, 0.25524914264678955, -0.09152098000049591], "cam_t_m2c": [720.0577392578125, -217.5342254638672, 3346.6875], "obj_id": 1}, {"cam_R_m2c": [0.8915109038352966, -0.2882004380226135, -0.34949803352355957, -0.11052924394607544, -0.8865917921066284, 0.44915300607681274, -0.43930813670158386, -0.361795037984848, -0.8222607970237732], "cam_t_m2c": [-1026.628662109375, 209.810791015625, 2775.47021484375], "obj_id": 2}, {"cam_R_m2c": [-0.17035754024982452, -0.7436580657958984, 0.6464912295341492, 0.7094313502311707, -0.5478965044021606, -0.4433017373085022, 0.6838752627372742, 0.3831213712692261, 0.6209127306938171], "cam_t_m2c": [-924.8676147460938, -245.11061096191406, 3190.582763671875], "obj_id": 2}, {"cam_R_m2c": [0.15066882967948914, 0.7661138772964478, 0.624794602394104, 0.9842103123664856, -0.05685936287045479, -0.1676214188337326, -0.0928916335105896, 0.6401846408843994, -0.7625840902328491], "cam_t_m2c": [319.0579833984375, 320.48614501953125, 3510.72607421875], "obj_id": 0}, {"cam_R_m2c": [0.5469453930854797, 0.03375571221113205, -0.8364874124526978, -0.8153306245803833, -0.20525050163269043, -0.5413944125175476, -0.18996474146842957, 0.9781270027160645, -0.08473867177963257], "cam_t_m2c": [309.03125, 121.90764617919922, 3366.26123046875], "obj_id": 2}, {"cam_R_m2c": [-0.3241131007671356, 0.3969464600086212, 0.858710765838623, 0.9182778596878052, 0.35021278262138367, 0.18470735847949982, -0.22741252183914185, 0.8484011292457581, -0.478015661239624], "cam_t_m2c": [-1099.5875244140625, 529.6005249023438, 3043.380859375], "obj_id": 0}, {"cam_R_m2c": [-0.601356565952301, 0.4748874306678772, 0.6425356864929199, -0.6511067748069763, -0.7573620676994324, -0.049624696373939514, 0.463066041469574, -0.4482015073299408, 0.7646471261978149], "cam_t_m2c": [-448.43011474609375, 122.55296325683594, 3406.78466796875], "obj_id": 0}, {"cam_R_m2c": [0.6649777889251709, 0.7144913673400879, -0.2175006866455078, -0.7258674502372742, 0.5497065782546997, -0.4134477376937866, -0.17584332823753357, 0.4328102469444275, 0.8841687440872192], "cam_t_m2c": [-740.85693359375, 54.45905303955078, 3943.373046875], "obj_id": 0}, {"cam_R_m2c": [-0.656110405921936, 0.03393235802650452, 0.753901481628418, -0.22913385927677155, 0.9428713321685791, -0.2418498545885086, -0.7190386056900024, -0.33142462372779846, -0.6108526587486267], "cam_t_m2c": [102.71954345703125, -95.51365661621094, 3769.2109375], "obj_id": 0}, {"cam_R_m2c": [-0.6976320147514343, -0.7071210145950317, 0.1152782142162323, -0.6160572171211243, 0.5099127888679504, -0.6003851890563965, 0.36576321721076965, -0.4898660182952881, -0.7913584113121033], "cam_t_m2c": [476.2939453125, -615.7496337890625, 3485.404052734375], "obj_id": 1}, {"cam_R_m2c": [-0.5172311067581177, -0.5468457341194153, -0.658355176448822, -0.8358848094940186, 0.1576114296913147, 0.5257900357246399, -0.18376177549362183, 0.8222641348838806, -0.5386215448379517], "cam_t_m2c": [-327.566162109375, 148.94622802734375, 2868.5771484375], "obj_id": 0}, {"cam_R_m2c": [0.9315292835235596, -0.1746983528137207, -0.3189571499824524, -0.13192680478096008, 0.65497887134552, -0.7440416812896729, 0.3388930559158325, 0.735175609588623, 0.5870845913887024], "cam_t_m2c": [-505.66082763671875, 396.6304016113281, 3037.771484375], "obj_id": 0}, {"cam_R_m2c": [-0.9925751090049744, -0.12152807414531708, -0.0050219763070344925, -0.007307157851755619, 0.018365470692515373, 0.9998045563697815, -0.12141209840774536, 0.9924179911613464, -0.019116953015327454], "cam_t_m2c": [-1361.9334716796875, 346.121337890625, 3266.714111328125], "obj_id": 2}, {"cam_R_m2c": [-0.8273250460624695, -0.2305096536874771, -0.5122483372688293, 0.42988845705986023, 0.32715556025505066, -0.8415254354476929, 0.36156463623046875, -0.9164248108863831, -0.17157046496868134], "cam_t_m2c": [237.87196350097656, 640.5305786132812, 2733.217529296875], "obj_id": 1}, {"cam_R_m2c": [0.8811854720115662, 0.4432578384876251, -0.1644221693277359, 0.30773991346359253, -0.8017986416816711, -0.5122644305229187, -0.35889872908592224, 0.4008007347583771, -0.842941403388977], "cam_t_m2c": [-251.0635223388672, -587.5021362304688, 4032.61572265625], "obj_id": 1}, {"cam_R_m2c": [0.9991666674613953, -0.03802257031202316, 0.014839667826890945, -0.005085181910544634, 0.24477806687355042, 0.969565749168396, -0.040497809648513794, -0.9688332676887512, 0.24438074231147766], "cam_t_m2c": [548.2351684570312, -5.931883811950684, 3141.0224609375], "obj_id": 1}, {"cam_R_m2c": [0.06767062842845917, -0.9325594902038574, 0.3546173870563507, -0.8957951068878174, 0.09970401972532272, 0.4331400692462921, -0.43928566575050354, -0.3469753861427307, -0.8286352157592773], "cam_t_m2c": [-325.64910888671875, -531.0532836914062, 4146.68505859375], "obj_id": 0}, {"cam_R_m2c": [0.8401585817337036, 0.004458153620362282, 0.5423225164413452, 0.530090868473053, -0.21808239817619324, -0.8194167613983154, 0.11461789906024933, 0.9759202003479004, -0.18558703362941742], "cam_t_m2c": [-19.455453872680664, 453.30303955078125, 2761.8916015625], "obj_id": 1}, {"cam_R_m2c": [0.9665001034736633, 0.0659918338060379, 0.24803763628005981, -0.056719470769166946, 0.9974045157432556, -0.044352855533361435, -0.25032079219818115, 0.028798475861549377, 0.9677345752716064], "cam_t_m2c": [-723.54345703125, -406.3226318359375, 3312.741943359375], "obj_id": 1}, {"cam_R_m2c": [-0.8450320959091187, -0.050940822809934616, 0.5322837233543396, -0.41400763392448425, 0.6923229098320007, -0.5910047888755798, -0.33840593695640564, -0.7197874784469604, -0.606124997138977], "cam_t_m2c": [-1406.574462890625, -80.11223602294922, 3013.53369140625], "obj_id": 2}, {"cam_R_m2c": [-0.5234673619270325, 0.846249520778656, -0.09921584278345108, -0.7843292951583862, -0.43309375643730164, 0.44413670897483826, 0.3328807055950165, 0.31030893325805664, 0.8904486298561096], "cam_t_m2c": [-110.23715209960938, -274.7621765136719, 3237.279296875], "obj_id": 0}, {"cam_R_m2c": [-0.6895387768745422, -0.2063920795917511, -0.6942178606987, 0.06827517598867416, 0.9357423186302185, -0.346012681722641, 0.7210232615470886, -0.2859870493412018, -0.6311391592025757], "cam_t_m2c": [-697.5515747070312, 355.5164794921875, 2867.739501953125], "obj_id": 2}, {"cam_R_m2c": [-0.6856429576873779, -0.5297718644142151, 0.49923479557037354, -0.5875008702278137, -0.002218135166913271, -0.8092204332351685, 0.4298096299171448, -0.8481372594833374, -0.3097204864025116], "cam_t_m2c": [310.6746826171875, -393.890625, 3685.9150390625], "obj_id": 2}, {"cam_R_m2c": [-0.5330876111984253, 0.3899349570274353, -0.7508451342582703, 0.39431944489479065, 0.899689257144928, 0.18727363646030426, 0.7485518455505371, -0.19623960554599762, -0.6333721280097961], "cam_t_m2c": [-599.6484985351562, 9.444063186645508, 3473.417724609375], "obj_id": 1}, {"cam_R_m2c": [0.10156858712434769, -0.7793660759925842, -0.6182817816734314, 0.9892963767051697, 0.013676252216100693, 0.14527784287929535, -0.10476882755756378, -0.6264195442199707, 0.7724131345748901], "cam_t_m2c": [-1034.8173828125, 294.2322998046875, 3487.94140625], "obj_id": 1}, {"cam_R_m2c": [0.11722900718450546, -0.7046683430671692, 0.6997855305671692, 0.5854237079620361, 0.6182295680046082, 0.5244723558425903, -0.8022071719169617, 0.3481876850128174, 0.4850040376186371], "cam_t_m2c": [568.7819213867188, -251.08421325683594, 3422.178955078125], "obj_id": 2}, {"cam_R_m2c": [-0.8841227293014526, 0.19523942470550537, 0.42450952529907227, -0.30469805002212524, 0.44787248969078064, -0.8405767679214478, -0.3542398512363434, -0.8725203275680542, -0.3364850878715515], "cam_t_m2c": [95.79812622070312, 381.4530944824219, 2287.0771484375], "obj_id": 1}, {"cam_R_m2c": [0.6044287085533142, 0.4659181535243988, -0.6462091207504272, -0.5231755375862122, -0.3795772194862366, -0.7630258202552795, -0.6007938981056213, 0.7992754578590393, 0.014329636469483376], "cam_t_m2c": [-141.8997039794922, -344.3670654296875, 3348.405029296875], "obj_id": 1}, {"cam_R_m2c": [-0.6159869432449341, -0.7666867971420288, -0.18097259104251862, 0.6224130392074585, -0.33286160230636597, -0.7083818316459656, 0.4828682243824005, -0.5489938259124756, 0.6822345852851868], "cam_t_m2c": [360.39508056640625, -161.63539123535156, 3700.16162109375], "obj_id": 0}, {"cam_R_m2c": [0.9967255592346191, -0.036356423050165176, -0.07222431898117065, 0.0032190345227718353, -0.8746660351753235, 0.48471519351005554, -0.08079467713832855, -0.48336049914360046, -0.8716849684715271], "cam_t_m2c": [-974.8150024414062, 21.679893493652344, 3451.2138671875], "obj_id": 1}, {"cam_R_m2c": [0.532099187374115, 0.57723069190979, -0.6194151043891907, 0.10890106856822968, -0.7721614837646484, -0.6260247826576233, -0.8396493196487427, 0.26565229892730713, -0.4737275242805481], "cam_t_m2c": [227.22630310058594, -488.9236145019531, 3747.05517578125], "obj_id": 0}, {"cam_R_m2c": [0.7556567192077637, 0.5392722487449646, 0.37171000242233276, 0.6528461575508118, -0.6658034920692444, -0.36124444007873535, 0.0526767261326313, 0.51564621925354, -0.8551807403564453], "cam_t_m2c": [653.2603759765625, -204.71824645996094, 3095.118896484375], "obj_id": 2}, {"cam_R_m2c": [-0.36433956027030945, 0.6034188866615295, -0.70932537317276, 0.9289990663528442, 0.18238434195518494, -0.32201987504959106, -0.06494297087192535, -0.7762871384620667, -0.6270254254341125], "cam_t_m2c": [-84.40444946289062, -292.1287841796875, 3113.3720703125], "obj_id": 2}, {"cam_R_m2c": [0.7282809019088745, -0.6831140518188477, 0.05442487820982933, -0.022934554144740105, 0.05507894605398178, 0.9982184767723083, -0.6848948001861572, -0.7282316088676453, 0.02444605715572834], "cam_t_m2c": [246.92974853515625, 103.307861328125, 2579.201416015625], "obj_id": 2}, {"cam_R_m2c": [0.3463979661464691, -0.5561102032661438, -0.7554798722267151, -0.9311919212341309, -0.301307737827301, -0.20517106354236603, -0.11353425681591034, 0.7745676040649414, -0.6222176551818848], "cam_t_m2c": [-19.19144630432129, -264.37811279296875, 3033.7666015625], "obj_id": 0}, {"cam_R_m2c": [0.8144002556800842, 0.35572442412376404, 0.45848917961120605, 0.07086507976055145, -0.8451357483863831, 0.5298334360122681, 0.5759603381156921, -0.39900562167167664, -0.7134872078895569], "cam_t_m2c": [-489.4001159667969, -513.9503173828125, 3640.55517578125], "obj_id": 0}, {"cam_R_m2c": [-0.40121641755104065, 0.854392409324646, -0.33021029829978943, 0.5548535585403442, 0.5135269165039062, 0.6545437574386597, 0.7288091778755188, 0.07939537614583969, -0.6800981163978577], "cam_t_m2c": [-333.6531982421875, 321.8743896484375, 2667.95703125], "obj_id": 0}, {"cam_R_m2c": [-0.7603753209114075, 0.6035673022270203, 0.23986579477787018, 0.0313156358897686, -0.334817498922348, 0.941762387752533, 0.6487283110618591, 0.7236045598983765, 0.2356860339641571], "cam_t_m2c": [45.363746643066406, 371.56927490234375, 3271.93115234375], "obj_id": 2}, {"cam_R_m2c": [-0.8360844254493713, -0.15906517207622528, 0.5250342488288879, -0.23918718099594116, -0.7555956244468689, -0.6098070740699768, 0.4937126934528351, -0.635431706905365, 0.5936954617500305], "cam_t_m2c": [-174.45172119140625, -166.996826171875, 2556.46240234375], "obj_id": 2}, {"cam_R_m2c": [0.5985593199729919, -0.28150081634521484, 0.74998939037323, 0.1478033810853958, -0.8813430666923523, -0.44876351952552795, 0.7873251438140869, 0.3794625699520111, -0.48592934012413025], "cam_t_m2c": [-766.9944458007812, -241.5981903076172, 2907.1259765625], "obj_id": 0}, {"cam_R_m2c": [-0.4638260006904602, 0.866919994354248, -0.18252339959144592, 0.6111883521080017, 0.16397717595100403, -0.7743126153945923, -0.641337513923645, -0.4707026779651642, -0.605908215045929], "cam_t_m2c": [-310.73480224609375, -149.337890625, 4138.14990234375], "obj_id": 1}, {"cam_R_m2c": [0.9655282497406006, 0.011226700618863106, -0.2600560188293457, 0.2558744549751282, -0.2243436574935913, 0.9403180480003357, -0.04778526350855827, -0.9744453430175781, -0.21948276460170746], "cam_t_m2c": [-381.2864685058594, -426.566650390625, 3899.718017578125], "obj_id": 1}, {"cam_R_m2c": [-0.637370228767395, 0.7501014471054077, 0.1763707995414734, 0.769762396812439, 0.6302050352096558, 0.10152523964643478, -0.03499552980065346, 0.20047281682491302, -0.9790738224983215], "cam_t_m2c": [-538.5961303710938, -182.24813842773438, 3615.77783203125], "obj_id": 0}, {"cam_R_m2c": [0.6704907417297363, 0.7257175445556641, 0.15419530868530273, 0.021104106679558754, 0.1890934556722641, -0.9817322492599487, -0.7416176795959473, 0.6614965200424194, 0.1114698052406311], "cam_t_m2c": [-1014.4798583984375, -143.5040283203125, 3314.8525390625], "obj_id": 1}, {"cam_R_m2c": [-0.9835004806518555, 0.10131613165140152, 0.14987200498580933, 0.15566974878311157, 0.896026074886322, 0.4158174693584442, -0.09216020256280899, 0.4322872757911682, -0.8970139026641846], "cam_t_m2c": [-393.9714050292969, -335.0820007324219, 3878.526123046875], "obj_id": 0}, {"cam_R_m2c": [-0.09385697543621063, 0.6693759560585022, -0.7369712591171265, -0.9936908483505249, -0.10863253474235535, 0.027882777154445648, -0.06139500066637993, 0.7349386215209961, 0.675348699092865], "cam_t_m2c": [558.4132690429688, 74.23454284667969, 3127.4814453125], "obj_id": 0}, {"cam_R_m2c": [-0.5560644268989563, 0.8078698515892029, 0.19529081881046295, 0.4072510302066803, 0.06001094728708267, 0.9113425016403198, 0.7245266437530518, 0.5862976312637329, -0.36237573623657227], "cam_t_m2c": [-918.8326416015625, -178.51170349121094, 2820.12841796875], "obj_id": 2}, {"cam_R_m2c": [0.11256247013807297, -0.19600707292556763, 0.974120557308197, 0.6995769739151001, -0.6805623173713684, -0.2177770584821701, 0.705635666847229, 0.7059858441352844, 0.060516346246004105], "cam_t_m2c": [-557.996826171875, -253.3743438720703, 3159.378173828125], "obj_id": 2}, {"cam_R_m2c": [0.19810070097446442, 0.9318715333938599, 0.3039267063140869, 0.740933358669281, 0.06062839552760124, -0.6688361763954163, -0.6416959762573242, 0.3576863408088684, -0.6784441471099854], "cam_t_m2c": [-697.855224609375, -90.3093490600586, 2470.925537109375], "obj_id": 1}, {"cam_R_m2c": [0.12778690457344055, -0.9423807859420776, 0.30917462706565857, -0.5934770703315735, 0.17710627615451813, 0.7851231694221497, -0.7946417331695557, -0.28381651639938354, -0.5366495251655579], "cam_t_m2c": [-477.09356689453125, -139.33506774902344, 3493.39599609375], "obj_id": 1}, {"cam_R_m2c": [-0.9697787165641785, 0.23869642615318298, 0.0505254790186882, -0.22414745390415192, -0.7898232936859131, -0.5709086656570435, -0.09636765718460083, -0.5649803280830383, 0.8194574117660522], "cam_t_m2c": [-1000.7454223632812, 126.29474639892578, 3518.2294921875], "obj_id": 1}, {"cam_R_m2c": [0.5245254039764404, -0.6716811656951904, -0.5231801271438599, 0.7794691920280457, 0.6260445713996887, -0.0222694743424654, 0.34249207377433777, -0.39612191915512085, 0.851931095123291], "cam_t_m2c": [-864.5147705078125, -586.3483276367188, 3371.623046875], "obj_id": 2}, {"cam_R_m2c": [0.42265331745147705, -0.0012065453920513391, 0.906290590763092, 0.09103250503540039, 0.9949982166290283, -0.04112883284687996, -0.9017079472541809, 0.09988514333963394, 0.42064914107322693], "cam_t_m2c": [11.997696876525879, 449.6527404785156, 2226.093505859375], "obj_id": 0}, {"cam_R_m2c": [-0.7670060396194458, 0.4713955521583557, 0.43530207872390747, 0.6225495338439941, 0.3824775218963623, 0.6827466487884521, 0.1553504914045334, 0.7946679592132568, -0.586829662322998], "cam_t_m2c": [53.75304412841797, 1.9391765594482422, 2843.03955078125], "obj_id": 2}, {"cam_R_m2c": [-0.5295917987823486, -0.13105341792106628, -0.8380676507949829, -0.17947041988372803, -0.9483147859573364, 0.26170438528060913, -0.829049289226532, 0.2890048921108246, 0.4786996841430664], "cam_t_m2c": [-991.8832397460938, -299.8589172363281, 2933.674072265625], "obj_id": 2}, {"cam_R_m2c": [-0.7019177079200745, 0.45325082540512085, -0.5494317412376404, -0.13575439155101776, 0.6721190810203552, 0.7278919219970703, 0.6992011666297913, 0.5855080485343933, -0.4102415144443512], "cam_t_m2c": [138.51148986816406, 220.84510803222656, 2454.34423828125], "obj_id": 1}, {"cam_R_m2c": [0.19184884428977966, -0.6850872039794922, 0.7027443051338196, 0.006230399012565613, -0.7151806354522705, -0.6989119052886963, 0.981404721736908, 0.1384638398885727, -0.1329382359981537], "cam_t_m2c": [-364.3128356933594, -128.79318237304688, 3788.929931640625], "obj_id": 0}, {"cam_R_m2c": [-0.09532859176397324, -0.5481471419334412, -0.8309314846992493, -0.46666011214256287, 0.7619339823722839, -0.44909343123435974, 0.8792842030525208, 0.3449511229991913, -0.32843250036239624], "cam_t_m2c": [-196.5869903564453, 95.22696685791016, 3514.2744140625], "obj_id": 0}, {"cam_R_m2c": [-0.5617244243621826, 0.5547827482223511, -0.6137440204620361, 0.7895785570144653, 0.5810121893882751, -0.19746024906635284, 0.24704520404338837, -0.5955173969268799, -0.7644133567810059], "cam_t_m2c": [734.1348266601562, 106.80036163330078, 2958.42333984375], "obj_id": 2}, {"cam_R_m2c": [-0.8553169369697571, -0.015921395272016525, 0.517860472202301, -0.1430913805961609, 0.9679105877876282, -0.2065768539905548, -0.4979536533355713, -0.2507900595664978, -0.8301485180854797], "cam_t_m2c": [-1202.0523681640625, 55.09667205810547, 3057.8447265625], "obj_id": 2}, {"cam_R_m2c": [0.2914454936981201, 0.8554823398590088, 0.4280298352241516, -0.8656646609306335, 0.04546855017542839, 0.4985552728176117, 0.40704330801963806, -0.5158320069313049, 0.7538123726844788], "cam_t_m2c": [-903.5223388671875, 343.7126770019531, 3445.10791015625], "obj_id": 1}]
}