{
  "0": [{"cam_R_m2c": [-0.20179718732833862, 0.9766585826873779, 0.07359316945075989, -0.07742918282747269, 0.058995701372623444, -0.9952508807182312, -0.9763619303703308, -0.20653705298900604, 0.06371668726205826], "cam_t_m2c": [-349.21368408203125, 1369.378662109375, 2764.956787109375], "obj_id": 1}, {"cam_R_m2c": [0.8201704025268555, -0.571891725063324, 0.016137223690748215, -0.4192296266555786, -0.6199474930763245, -0.6632582545280457, 0.3893161714076996, 0.5372195839881897, -0.7482165098190308], "cam_t_m2c": [16.262521743774414, -1290.5037841796875, 3503.939697265625], "obj_id": 3}, {"cam_R_m2c": [-0.17826664447784424, 0.3225395977497101, 0.929617702960968, -0.03359007090330124, -0.946194589138031, 0.3218497633934021, 0.9834086298942566, 0.02614918164908886, 0.1795092225074768], "cam_t_m2c": [-162.25448608398438, 821.7653198242188, 2360.893310546875], "obj_id": 3}, {"cam_R_m2c": [-0.5139591693878174, -0.3275458812713623, 0.7928175330162048, 0.798836886882782, -0.5195358991622925, 0.30321940779685974, 0.312578946352005, 0.7891742587089539, 0.5286760330200195], "cam_t_m2c": [-177.30650329589844, 883.974365234375, 1875.24658203125], "obj_id": 2}, {"cam_R_m2c": [0.6537637114524841, 0.13547329604625702, 0.7444729804992676, 0.5931590795516968, -0.7026322484016418, -0.39302700757980347, 0.46984604001045227, 0.6985377073287964, -0.53971266746521], "cam_t_m2c": [61.894683837890625, 435.56915283203125, 1723.3885498046875], "obj_id": 3}, {"cam_R_m2c": [-0.14460909366607666, 0.6194641590118408, -0.7715908885002136, -0.7241800427436829, -0.5976370573043823, -0.3440834879875183, -0.6742786169052124, 0.5090131163597107, 0.5350271463394165], "cam_t_m2c": [-1178.6671142578125, -257.45556640625, 3300.76904296875], "obj_id": 3}, {"cam_R_m2c": [-0.4555831253528595, -0.889162540435791, -0.042826347053050995, -0.3476720154285431, 0.2220136821269989, -0.9109523296356201, 0.8194926977157593, -0.4001249670982361, -0.41028261184692383], "cam_t_m2c": [-926.5706787109375, -252.01019287109375, 3298.9755859375], "obj_id": 3}, {"cam_R_m2c": [0.16930115222930908, 0.7521117329597473, -0.6369183659553528, -0.980579674243927, 0.06363100558519363, -0.18551142513751984, -0.09899759292602539, 0.655956506729126, 0.7482783198356628], "cam_t_m2c": [-1826.5487060546875, -859.6305541992188, 3499.100830078125], "obj_id": 3}, {"cam_R_m2c": [0.555812656879425, -0.35583430528640747, -0.7513017058372498, 0.20498357713222504, -0.81718909740448, 0.5386868715286255, -0.80563884973526, -0.4534134864807129, -0.381263792514801], "cam_t_m2c": [-416.93365478515625, -249.7555389404297, 2868.685791015625], "obj_id": 2}, {"cam_R_m2c": [-0.8875167965888977, 0.3987356424331665, -0.2309192270040512, 0.39977535605430603, 0.4171532690525055, -0.8161879777908325, -0.22911454737186432, -0.8166964054107666, -0.5296351909637451], "cam_t_m2c": [606.9796752929688, -1641.79052734375, 3696.63134765625], "obj_id": 1}, {"cam_R_m2c": [0.40583035349845886, 0.8476821184158325, 0.3416675925254822, 0.8472828269004822, -0.20879092812538147, -0.48838311433792114, -0.34265655279159546, 0.4876897633075714, -0.8029601573944092], "cam_t_m2c": [291.5480651855469, 555.6079711914062, 2455.66357421875], "obj_id": 1}, {"cam_R_m2c": [0.0648811087012291, -0.8990610241889954, 0.4329892098903656, -0.39111196994781494, -0.4220983386039734, -0.8178412318229675, 0.9180532693862915, -0.11628485471010208, -0.37901967763900757], "cam_t_m2c": [-6.8121657371521, -1279.9808349609375, 3637.547119140625], "obj_id": 1}, {"cam_R_m2c": [0.3987426161766052, -0.9000838994979858, -0.17565089464187622, 0.24087417125701904, 0.287605345249176, -0.9269642233848572, 0.8848637938499451, 0.32731035351753235, 0.3314875066280365], "cam_t_m2c": [1085.078125, -770.943115234375, 3469.890869140625], "obj_id": 2}, {"cam_R_m2c": [0.12016455829143524, -0.8993434309959412, 0.42040660977363586, 0.5441949367523193, -0.29450899362564087, -0.7855673432350159, 0.8303084969520569, 0.3231804668903351, 0.45402875542640686], "cam_t_m2c": [-638.3320922851562, -634.176513671875, 2918.46484375], "obj_id": 3}, {"cam_R_m2c": [0.36706215143203735, -0.91676265001297, -0.15751691162586212, -0.36837247014045715, 0.0122298002243042, -0.929597795009613, 0.8541469573974609, 0.399245023727417, -0.3332210183143616], "cam_t_m2c": [-975.3777465820312, 129.12158203125, 3173.446533203125], "obj_id": 2}, {"cam_R_m2c": [-0.6284716129302979, -0.7608652710914612, -0.1615774929523468, 0.7659012079238892, -0.6415767669677734, 0.042124416679143906, -0.13571538031101227, -0.09727839380502701, 0.9859605431556702], "cam_t_m2c": [-955.7282104492188, 774.5065307617188, 1862.9375], "obj_id": 2}, {"cam_R_m2c": [0.6760992407798767, -0.545129120349884, 0.49570560455322266, -0.5965142250061035, -0.010051693767309189, 0.8025395274162292, -0.4325050115585327, -0.8382918238639832, -0.33197325468063354], "cam_t_m2c": [179.1008758544922, -1328.3548583984375, 3014.25537109375], "obj_id": 3}, {"cam_R_m2c": [0.6869139075279236, 0.6071134209632874, 0.39945292472839355, 0.48500582575798035, 0.0263704564422369, -0.8741132616996765, -0.5412195920944214, 0.7941775321960449, -0.2763392925262451], "cam_t_m2c": [1304.6534423828125, 577.1279907226562, 2760.46630859375], "obj_id": 3}, {"cam_R_m2c": [0.8531854748725891, -0.013861602172255516, -0.5214233994483948, -0.5135014057159424, 0.1532306969165802, -0.8442965149879456, 0.09160135686397552, 0.9880931973457336, 0.12361626327037811], "cam_t_m2c": [63.2414436340332, -977.121826171875, 3537.797607421875], "obj_id": 1}, {"cam_R_m2c": [-0.8922629356384277, -0.33607256412506104, 0.3015328645706177, -0.4127333164215088, 0.33629733324050903, -0.8464959263801575, 0.18307937681674957, -0.879749596118927, -0.4387739598751068], "cam_t_m2c": [1433.3642578125, 136.87046813964844, 2430.51708984375], "obj_id": 1}, {"cam_R_m2c": [-0.3757709860801697, -0.8532770872116089, 0.3615441620349884, -0.9227362275123596, 0.38061121106147766, -0.060769222676754, -0.08575476706027985, -0.3564452528953552, -0.9303723573684692], "cam_t_m2c": [-839.7123413085938, 947.3521118164062, 2903.955078125], "obj_id": 2}, {"cam_R_m2c": [-0.5512762069702148, -0.8162311315536499, 0.17280420660972595, 0.8077292442321777, -0.5740077495574951, -0.13449370861053467, 0.2089689075946808, 0.06543583422899246, 0.9757305979728699], "cam_t_m2c": [757.385009765625, -1792.81689453125, 2570.82470703125], "obj_id": 2}, {"cam_R_m2c": [-0.1481170803308487, 0.9841398596763611, -0.097622349858284, 0.8269675970077515, 0.06911224126815796, -0.557985782623291, -0.5423890948295593, -0.16337773203849792, -0.8240885138511658], "cam_t_m2c": [-1112.8111572265625, 124.65042114257812, 3174.919189453125], "obj_id": 1}, {"cam_R_m2c": [-0.08633637428283691, 0.3995363116264343, 0.9126427173614502, -0.8973934054374695, -0.42905572056770325, 0.10293803364038467, 0.43270206451416016, -0.8101122975349426, 0.395584374666214], "cam_t_m2c": [591.8751831054688, 43.17240524291992, 2197.069580078125], "obj_id": 2}, {"cam_R_m2c": [-0.7977085709571838, 0.5431289076805115, 0.26205360889434814, 0.29851484298706055, -0.021931106224656105, 0.9541530013084412, 0.5239751935005188, 0.8393629193305969, -0.14463742077350616], "cam_t_m2c": [578.9026489257812, -801.12890625, 3479.8330078125], "obj_id": 3}, {"cam_R_m2c": [0.9249721169471741, 0.25129836797714233, -0.28508901596069336, 0.13975846767425537, 0.4726656675338745, 0.8700889348983765, 0.3534037172794342, -0.8446515798568726, 0.4020814895629883], "cam_t_m2c": [-1219.5872802734375, -1026.881591796875, 3101.360595703125], "obj_id": 1}, {"cam_R_m2c": [-0.856983482837677, -0.38647210597991943, 0.3409087359905243, -0.3424130082130432, -0.06736338883638382, -0.9371315836906433, 0.38513997197151184, -0.9198377728462219, -0.0746038407087326], "cam_t_m2c": [722.5077514648438, 937.500732421875, 2641.448486328125], "obj_id": 3}, {"cam_R_m2c": [-0.9242382645606995, -0.18264557421207428, 0.3352963924407959, -0.23097938299179077, 0.966709554195404, -0.11009611934423447, -0.30402565002441406, -0.1792016476392746, -0.9356573224067688], "cam_t_m2c": [-359.1357727050781, 1059.195556640625, 2867.118408203125], "obj_id": 1}, {"cam_R_m2c": [0.8398400545120239, -0.015418726950883865, -0.5426149368286133, -0.10164343565702438, 0.9774500131607056, -0.1850948929786682, 0.5332329273223877, 0.21060335636138916, 0.8193343877792358], "cam_t_m2c": [152.70657348632812, 326.00775146484375, 2398.941650390625], "obj_id": 3}, {"cam_R_m2c": [-0.043643463402986526, -0.4188389480113983, -0.907011091709137, 0.9914872646331787, 0.0933179259300232, -0.09080058336257935, 0.12267119437456131, -0.9032528400421143, 0.41120079159736633], "cam_t_m2c": [173.3928985595703, -921.7913818359375, 3519.57421875], "obj_id": 2}, {"cam_R_m2c": [-0.3301033675670624, -0.8684045672416687, -0.3700072765350342, 0.4037596583366394, 0.22441406548023224, -0.8869140148162842, 0.8532350063323975, -0.4421672821044922, 0.276546835899353], "cam_t_m2c": [-477.631591796875, 649.3441772460938, 2078.7734375], "obj_id": 1}, {"cam_R_m2c": [0.3190874755382538, 0.1923307478427887, -0.9280043244361877, 0.84413743019104, -0.5028125643730164, 0.18604154884815216, -0.4308307468891144, -0.8427267670631409, -0.32279476523399353], "cam_t_m2c": [-959.1571044921875, 597.79248046875, 3019.085693359375], "obj_id": 3}, {"cam_R_m2c": [-0.7653559446334839, 0.34566038846969604, -0.5429077744483948, 0.36911991238594055, -0.4552784562110901, -0.810229480266571, -0.5272385478019714, -0.8205121159553528, 0.22086015343666077], "cam_t_m2c": [-369.5879211425781, 1425.1971435546875, 2746.572509765625], "obj_id": 1}, {"cam_R_m2c": [0.6865397095680237, 0.2240646928548813, 0.6917067766189575, -0.7091482281684875, 0.4163937270641327, 0.5689684152603149, -0.16053664684295654, -0.8811420798301697, 0.4447658956050873], "cam_t_m2c": [-359.2325744628906, -188.30650329589844, 3277.994384765625], "obj_id": 1}, {"cam_R_m2c": [-0.8683673143386841, 0.27085214853286743, -0.4154243767261505, -0.4576113522052765, -0.11478617042303085, 0.8817119598388672, 0.19112862646579742, 0.9557527303695679, 0.22362154722213745], "cam_t_m2c": [1035.193115234375, -1145.12646484375, 2711.7978515625], "obj_id": 1}, {"cam_R_m2c": [0.9828776717185974, 0.18407803773880005, -0.008168852888047695, 0.18130959570407867, -0.9582920074462891, 0.22091348469257355, 0.03283717483282089, -0.21861203014850616, -0.9752589464187622], "cam_t_m2c": [955.0264892578125, -245.46786499023438, 3296.82080078125], "obj_id": 2}, {"cam_R_m2c": [0.21450631320476532, 0.6873804330825806, 0.6938984394073486, -0.21188987791538239, 0.726266086101532, -0.6539420485496521, -0.9534618854522705, -0.006755403708666563, 0.301437646150589], "cam_t_m2c": [1569.593505859375, -201.80445861816406, 2473.998779296875], "obj_id": 1}, {"cam_R_m2c": [0.9090455770492554, 0.18084701895713806, -0.3754071295261383, 0.404216468334198, -0.601548969745636, 0.6890194416046143, -0.10121866315603256, -0.7780958414077759, -0.6199367642402649], "cam_t_m2c": [-547.8253173828125, 426.31719970703125, 2898.0595703125], "obj_id": 2}, {"cam_R_m2c": [-0.7625075578689575, -0.06402923911809921, 0.6438031196594238, -0.3980060815811157, -0.7380965948104858, -0.5447976589202881, 0.510071873664856, -0.6716499328613281, 0.5373202562332153], "cam_t_m2c": [1348.735107421875, -657.3368530273438, 3432.4736328125], "obj_id": 1}, {"cam_R_m2c": [0.37263667583465576, 0.03559305891394615, 0.9272944331169128, -0.11481799930334091, 0.9933542609214783, 0.008011345751583576, -0.920846700668335, -0.1094554215669632, 0.3742469549179077], "cam_t_m2c": [-1037.423095703125, -275.71551513671875, 2550.319580078125], "obj_id": 3}, {"cam_R_m2c": [-0.8431856036186218, 0.01196441799402237, 0.5374895334243774, 0.006467079743742943, -0.9994543790817261, 0.03239288926124573, 0.5375837683677673, 0.030789202079176903, 0.8426480293273926], "cam_t_m2c": [420.471923828125, 361.1353759765625, 2184.55126953125], "obj_id": 1}, {"cam_R_m2c": [0.008782440796494484, -0.613040030002594, 0.7900030016899109, -0.18008971214294434, 0.7761459350585938, 0.6042889952659607, -0.9836109280586243, -0.14757852256298065, -0.10358573496341705], "cam_t_m2c": [-88.5953369140625, 721.0526733398438, 2978.48876953125], "obj_id": 2}, {"cam_R_m2c": [0.26167964935302734, 0.057911358773708344, -0.963415801525116, -0.21171808242797852, -0.970441460609436, -0.11583979427814484, -0.9416470527648926, 0.23428545892238617, -0.24168388545513153], "cam_t_m2c": [-821.3109130859375, 1056.247314453125, 2868.089111328125], "obj_id": 2}, {"cam_R_m2c": [0.11144904792308807, -0.6571390628814697, 0.7454846501350403, 0.8643913865089417, -0.3060157597064972, -0.39897602796554565, 0.490312784910202, 0.6888560056686401, 0.533920168876648], "cam_t_m2c": [1739.5704345703125, 531.4534301757812, 2720.6533203125], "obj_id": 1}, {"cam_R_m2c": [0.6263132691383362, 0.16983594000339508, -0.7608465552330017, 0.49921950697898865, 0.6622346639633179, 0.5587711334228516, 0.5987583994865417, -0.7297952175140381, 0.3299809396266937], "cam_t_m2c": [1524.5850830078125, -339.275634765625, 3327.71728515625], "obj_id": 3}, {"cam_R_m2c": [0.8035647869110107, 0.5871033072471619, 0.09794552624225616, 0.591295063495636, -0.8062472939491272, -0.01830984279513359, 0.06821855157613754, 0.07262784987688065, -0.995023250579834], "cam_t_m2c": [-407.9209289550781, -933.8121337890625, 3209.777099609375], "obj_id": 1}, {"cam_R_m2c": [0.4881438612937927, -0.7117871046066284, 0.5050491690635681, 0.7691118121147156, 0.0773024633526802, -0.6344220042228699, 0.41253188252449036, 0.6981285214424133, 0.5851786136627197], "cam_t_m2c": [-273.6661376953125, 1067.497802734375, 2864.384033203125], "obj_id": 1}, {"cam_R_m2c": [-0.6367993354797363, -0.518429696559906, -0.5707164406776428, 0.5222159028053284, 0.25457116961479187, -0.8139312863349915, 0.5672540664672852, -0.8163480758666992, 0.10862145572900772], "cam_t_m2c": [-1375.8211669921875, 349.95391845703125, 3100.71337890625], "obj_id": 2}, {"cam_R_m2c": [0.5661647915840149, 0.798049807548523, 0.20633450150489807, -0.22088436782360077, 0.38804686069488525, -0.8947791457176208, -0.7941458225250244, 0.46101638674736023, 0.3959752023220062], "cam_t_m2c": [-1211.175048828125, 64.8970718383789, 1934.64453125], "obj_id": 3}, {"cam_R_m2c": [-0.022010255604982376, 0.7044258117675781, 0.7094361782073975, -0.3549286723136902, -0.6688904166221619, 0.653154730796814, 0.9346342086791992, -0.2374231219291687, 0.26474347710609436], "cam_t_m2c": [706.22412109375, -1012.3551025390625, 3549.402099609375], "obj_id": 2}, {"cam_R_m2c": [-0.17743927240371704, -0.9663972854614258, -0.18598802387714386, -0.7562644481658936, 0.012964962981641293, 0.6541375517845154, -0.6297454237937927, 0.25672584772109985, -0.7331523895263672], "cam_t_m2c": [1009.653076171875, 668.6295776367188, 2595.445068359375], "obj_id": 1}, {"cam_R_m2c": [-0.0066169509664177895, -0.9434940814971924, -0.3313232362270355, -0.9612188339233398, -0.08535094559192657, 0.2622469663619995, -0.2757072448730469, 0.32020941376686096, -0.9063395261764526], "cam_t_m2c": [-470.26995849609375, -569.1717529296875, 3403.435791015625], "obj_id": 3}, {"cam_R_m2c": [0.45997753739356995, -0.6564899682998657, 0.5978642702102661, -0.6886209845542908, 0.1613255739212036, 0.7069479823112488, -0.5605550408363342, -0.7368820309638977, -0.37786662578582764], "cam_t_m2c": [-1201.3724365234375, 391.0564270019531, 2828.9169921875], "obj_id": 1}, {"cam_R_m2c": [0.311295747756958, -0.5257487893104553, -0.7916332483291626, -0.9495224952697754, -0.1381048560142517, -0.28166306018829346, 0.03875560685992241, 0.8393540978431702, -0.5422017574310303], "cam_t_m2c": [536.104736328125, -247.13623046875, 3124.626220703125], "obj_id": 2}, {"cam_R_m2c": [-0.6115648150444031, -0.3207208514213562, -0.7232750058174133, 0.7910640239715576, -0.26445960998535156, -0.5516148209571838, -0.01436261273920536, -0.9095050096511841, 0.41544482111930847], "cam_t_m2c": [-1148.9376220703125, 202.12815856933594, 3149.401123046875], "obj_id": 1}, {"cam_R_m2c": [0.3681844472885132, -0.8609055876731873, 0.3511148989200592, 0.5858343243598938, 0.5080594420433044, 0.6314061284065247, -0.7219683527946472, -0.026778720319271088, 0.6914076805114746], "cam_t_m2c": [-187.17137145996094, -1044.474365234375, 2685.052001953125], "obj_id": 1}, {"cam_R_m2c": [-0.28337594866752625, 0.9576865434646606, 0.05034499242901802, 0.6179777383804321, 0.22249753773212433, -0.754054605960846, -0.7333495616912842, -0.18256884813308716, -0.6548793911933899], "cam_t_m2c": [88.6375961303711, -544.090087890625, 2833.65966796875], "obj_id": 1}, {"cam_R_m2c": [-0.010693555697798729, -0.4963894188404083, -0.8680342435836792, -0.9845185875892639, 0.1571100503206253, -0.07771573960781097, 0.17495425045490265, 0.8537647128105164, -0.4903847277164459], "cam_t_m2c": [1007.1853637695312, 302.7547912597656, 2711.100830078125], "obj_id": 3}, {"cam_R_m2c": [-0.15648497641086578, -0.545060396194458, 0.823663592338562, -0.9602168202400208, -0.111332967877388, -0.25610288977622986, 0.23129239678382874, -0.830971896648407, -0.5059542655944824], "cam_t_m2c": [-19.634235382080078, -2.0600855350494385, 3216.65234375], "obj_id": 2}, {"cam_R_m2c": [-0.28201961517333984, 0.21681395173072815, 0.9345889091491699, -0.5015289187431335, -0.8637497425079346, 0.04903971403837204, 0.8178835511207581, -0.4548932611942291, 0.3523330092430115], "cam_t_m2c": [1134.34765625, -1202.1163330078125, 3611.90185546875], "obj_id": 1}, {"cam_R_m2c": [-0.6539193987846375, 0.7280123829841614, -0.20588192343711853, 0.6130151152610779, 0.6693354249000549, 0.4197648763656616, 0.443398118019104, 0.1482836753129959, -0.883974015712738], "cam_t_m2c": [789.4483032226562, -53.81594467163086, 3233.698486328125], "obj_id": 3}, {"cam_R_m2c": [-0.8209258317947388, 0.4473847448825836, 0.35486283898353577, 0.5531360507011414, 0.4686354696750641, 0.6887824535369873, 0.14184945821762085, 0.7617267966270447, -0.6321795582771301], "cam_t_m2c": [632.8357543945312, -1338.331298828125, 3656.76513671875], "obj_id": 2}, {"cam_R_m2c": [-0.07757040113210678, 0.9940474629402161, 0.07650196552276611, -0.4711020290851593, 0.03108026087284088, -0.8815310597419739, -0.8786613941192627, -0.10442089289426804, 0.46588677167892456], "cam_t_m2c": [-871.871337890625, -888.7133178710938, 2913.50146484375], "obj_id": 2}, {"cam_R_m2c": [0.1880786418914795, 0.9714447855949402, -0.14464251697063446, -0.8948085904121399, 0.10877054184675217, -0.4329971671104431, -0.4049000144004822, 0.21086488664150238, 0.8897145390510559], "cam_t_m2c": [-692.8977661132812, -620.1351928710938, 1931.9014892578125], "obj_id": 1}, {"cam_R_m2c": [-0.28768390417099, -0.37843501567840576, 0.8797867298126221, -0.8599613308906555, -0.302266389131546, -0.4112193286418915, 0.42154988646507263, -0.8748838305473328, -0.23848219215869904], "cam_t_m2c": [-350.619140625, 215.43682861328125, 3145.017822265625], "obj_id": 3}, {"cam_R_m2c": [-0.8115867972373962, -0.57908034324646, 0.07741332054138184, -0.22378326952457428, 0.4305264949798584, 0.8743957877159119, -0.5396738648414612, 0.6923242807388306, -0.4789981245994568], "cam_t_m2c": [829.0333251953125, 162.7210693359375, 3162.380126953125], "obj_id": 2}, {"cam_R_m2c": [-0.8494564294815063, -0.2830464839935303, -0.44531866908073425, -0.3598082959651947, 0.9280238151550293, 0.0964871421456337, 0.3859560191631317, 0.24219095706939697, -0.8901582956314087], "cam_t_m2c": [-867.8812866210938, 1347.8270263671875, 2772.054931640625], "obj_id": 1}, {"cam_R_m2c": [0.22539794445037842, 0.4146333336830139, -0.8816319704055786, 0.7836453914642334, -0.6148276329040527, -0.08880802243947983, -0.5788744688034058, -0.6708697080612183, -0.4635063707828522], "cam_t_m2c": [-656.403076171875, -889.6058349609375, 3508.9736328125], "obj_id": 3}, {"cam_R_m2c": [-0.04271973669528961, 0.8326115608215332, 0.5522072315216064, -0.4495333433151245, -0.5096216201782227, 0.7336248159408569, 0.892241358757019, -0.21689528226852417, 0.39605769515037537], "cam_t_m2c": [-520.9751586914062, -995.0745849609375, 3543.710693359375], "obj_id": 2}, {"cam_R_m2c": [0.28324633836746216, -0.37006676197052, -0.8847724199295044, -0.5501397252082825, -0.8183717131614685, 0.1661750078201294, -0.7855684757232666, 0.43967995047569275, -0.43538928031921387], "cam_t_m2c": [-56.845489501953125, 45.60429763793945, 2053.385009765625], "obj_id": 1}]
}