{
  "0": [{"cam_R_m2c": [-0.9885967969894409, -0.014410216361284256, 0.14989502727985382, -0.12734639644622803, 0.6112573146820068, -0.7811192870140076, -0.08036833256483078, -0.7913007140159607, -0.6061220765113831], "cam_t_m2c": [-149.93812561035156, -161.10736083984375, 683.0634155273438], "obj_id": 3}, {"cam_R_m2c": [-0.9885967969894409, -0.014410216361284256, 0.14989502727985382, -0.12734639644622803, 0.6112573146820068, -0.7811192870140076, -0.08036833256483078, -0.7913007140159607, -0.6061220765113831], "cam_t_m2c": [-149.93812561035156, -161.10736083984375, 683.0634155273438], "obj_id": 2}, {"cam_R_m2c": [-0.9885967969894409, -0.014410216361284256, 0.14989502727985382, -0.12734639644622803, 0.6112573146820068, -0.7811192870140076, -0.08036833256483078, -0.7913007140159607, -0.6061220765113831], "cam_t_m2c": [-149.93812561035156, -161.10736083984375, 683.0634155273438], "obj_id": 0}, {"cam_R_m2c": [-0.9885967969894409, -0.014410216361284256, 0.14989502727985382, -0.12734639644622803, 0.6112573146820068, -0.7811192870140076, -0.08036833256483078, -0.7913007140159607, -0.6061220765113831], "cam_t_m2c": [-149.93812561035156, -161.10736083984375, 683.0634155273438], "obj_id": 2}, {"cam_R_m2c": [-0.9885967969894409, -0.014410216361284256, 0.14989502727985382, -0.12734639644622803, 0.6112573146820068, -0.7811192870140076, -0.08036833256483078, -0.7913007140159607, -0.6061220765113831], "cam_t_m2c": [-149.93812561035156, -161.10736083984375, 683.0634155273438], "obj_id": 1}, {"cam_R_m2c": [-0.9885967969894409, -0.014410216361284256, 0.14989502727985382, -0.12734639644622803, 0.6112573146820068, -0.7811192870140076, -0.08036833256483078, -0.7913007140159607, -0.6061220765113831], "cam_t_m2c": [-149.93812561035156, -161.10736083984375, 683.0634155273438], "obj_id": 3}, {"cam_R_m2c": [-0.9885967969894409, -0.014410216361284256, 0.14989502727985382, -0.12734639644622803, 0.6112573146820068, -0.7811192870140076, -0.08036833256483078, -0.7913007140159607, -0.6061220765113831], "cam_t_m2c": [-149.93812561035156, -161.10736083984375, 683.0634155273438], "obj_id": 0}, {"cam_R_m2c": [-0.9885967969894409, -0.014410216361284256, 0.14989502727985382, -0.12734639644622803, 0.6112573146820068, -0.7811192870140076, -0.08036833256483078, -0.7913007140159607, -0.6061220765113831], "cam_t_m2c": [-149.93812561035156, -161.10736083984375, 683.0634155273438], "obj_id": 1}, {"cam_R_m2c": [-0.9885967969894409, -0.014410216361284256, 0.14989502727985382, -0.12734639644622803, 0.6112573146820068, -0.7811192870140076, -0.08036833256483078, -0.7913007140159607, -0.6061220765113831], "cam_t_m2c": [-149.93812561035156, -161.10736083984375, 683.0634155273438], "obj_id": 3}, {"cam_R_m2c": [-0.9885967969894409, -0.014410216361284256, 0.14989502727985382, -0.12734639644622803, 0.6112573146820068, -0.7811192870140076, -0.08036833256483078, -0.7913007140159607, -0.6061220765113831], "cam_t_m2c": [-149.93812561035156, -161.10736083984375, 683.0634155273438], "obj_id": 3}, {"cam_R_m2c": [-0.9885967969894409, -0.014410216361284256, 0.14989502727985382, -0.12734639644622803, 0.6112573146820068, -0.7811192870140076, -0.08036833256483078, -0.7913007140159607, -0.6061220765113831], "cam_t_m2c": [-149.93812561035156, -161.10736083984375, 683.0634155273438], "obj_id": 0}, {"cam_R_m2c": [-0.9885967969894409, -0.014410216361284256, 0.14989502727985382, -0.12734639644622803, 0.6112573146820068, -0.7811192870140076, -0.08036833256483078, -0.7913007140159607, -0.6061220765113831], "cam_t_m2c": [-149.93812561035156, -161.10736083984375, 683.0634155273438], "obj_id": 3}, {"cam_R_m2c": [-0.1035066768527031, -0.008087245747447014, 0.9945958256721497, 0.8755332231521606, -0.47521430253982544, 0.08725190162658691, 0.4719405770301819, 0.8798328638076782, 0.05626855045557022], "cam_t_m2c": [-235.5004425048828, -174.67599487304688, 621.1271362304688], "obj_id": 1}, {"cam_R_m2c": [0.0847969576716423, 0.5731262564659119, -0.8150678873062134, -0.7533654570579529, -0.4984866976737976, -0.4288954436779022, -0.652111828327179, 0.6504130363464355, 0.38950347900390625], "cam_t_m2c": [-114.45186614990234, -292.3485412597656, 905.8064575195312], "obj_id": 2}, {"cam_R_m2c": [0.6407918930053711, -0.6180483102798462, -0.45541414618492126, 0.049179330468177795, 0.6250354647636414, -0.779045581817627, 0.7661378383636475, 0.47680914402008057, 0.4309128522872925], "cam_t_m2c": [-18.14386558532715, -331.457763671875, 895.0962524414062], "obj_id": 3}],
  "1": [{"cam_R_m2c": [-0.284546434879303, 0.9536639451980591, -0.09776747226715088, 0.6837612390518188, 0.13041162490844727, -0.7179577946662903, -0.6719404458999634, -0.271141916513443, -0.6891865730285645], "cam_t_m2c": [-233.5548095703125, 85.77395629882812, 347.3063049316406], "obj_id": 3}, {"cam_R_m2c": [-0.284546434879303, 0.9536639451980591, -0.09776747226715088, 0.6837612390518188, 0.13041162490844727, -0.7179577946662903, -0.6719404458999634, -0.271141916513443, -0.6891865730285645], "cam_t_m2c": [-233.5548095703125, 85.77395629882812, 347.3063049316406], "obj_id": 2}, {"cam_R_m2c": [-0.284546434879303, 0.9536639451980591, -0.09776747226715088, 0.6837612390518188, 0.13041162490844727, -0.7179577946662903, -0.6719404458999634, -0.271141916513443, -0.6891865730285645], "cam_t_m2c": [-233.5548095703125, 85.77395629882812, 347.3063049316406], "obj_id": 0}, {"cam_R_m2c": [-0.284546434879303, 0.9536639451980591, -0.09776747226715088, 0.6837612390518188, 0.13041162490844727, -0.7179577946662903, -0.6719404458999634, -0.271141916513443, -0.6891865730285645], "cam_t_m2c": [-233.5548095703125, 85.77395629882812, 347.3063049316406], "obj_id": 2}, {"cam_R_m2c": [-0.284546434879303, 0.9536639451980591, -0.09776747226715088, 0.6837612390518188, 0.13041162490844727, -0.7179577946662903, -0.6719404458999634, -0.271141916513443, -0.6891865730285645], "cam_t_m2c": [-233.5548095703125, 85.77395629882812, 347.3063049316406], "obj_id": 1}, {"cam_R_m2c": [-0.284546434879303, 0.9536639451980591, -0.09776747226715088, 0.6837612390518188, 0.13041162490844727, -0.7179577946662903, -0.6719404458999634, -0.271141916513443, -0.6891865730285645], "cam_t_m2c": [-233.5548095703125, 85.77395629882812, 347.3063049316406], "obj_id": 3}, {"cam_R_m2c": [-0.284546434879303, 0.9536639451980591, -0.09776747226715088, 0.6837612390518188, 0.13041162490844727, -0.7179577946662903, -0.6719404458999634, -0.271141916513443, -0.6891865730285645], "cam_t_m2c": [-233.5548095703125, 85.77395629882812, 347.3063049316406], "obj_id": 0}, {"cam_R_m2c": [-0.284546434879303, 0.9536639451980591, -0.09776747226715088, 0.6837612390518188, 0.13041162490844727, -0.7179577946662903, -0.6719404458999634, -0.271141916513443, -0.6891865730285645], "cam_t_m2c": [-233.5548095703125, 85.77395629882812, 347.3063049316406], "obj_id": 1}, {"cam_R_m2c": [-0.284546434879303, 0.9536639451980591, -0.09776747226715088, 0.6837612390518188, 0.13041162490844727, -0.7179577946662903, -0.6719404458999634, -0.271141916513443, -0.6891865730285645], "cam_t_m2c": [-233.5548095703125, 85.77395629882812, 347.3063049316406], "obj_id": 3}, {"cam_R_m2c": [-0.284546434879303, 0.9536639451980591, -0.09776747226715088, 0.6837612390518188, 0.13041162490844727, -0.7179577946662903, -0.6719404458999634, -0.271141916513443, -0.6891865730285645], "cam_t_m2c": [-233.5548095703125, 85.77395629882812, 347.3063049316406], "obj_id": 3}, {"cam_R_m2c": [-0.284546434879303, 0.9536639451980591, -0.09776747226715088, 0.6837612390518188, 0.13041162490844727, -0.7179577946662903, -0.6719404458999634, -0.271141916513443, -0.6891865730285645], "cam_t_m2c": [-233.5548095703125, 85.77395629882812, 347.3063049316406], "obj_id": 0}, {"cam_R_m2c": [-0.284546434879303, 0.9536639451980591, -0.09776747226715088, 0.6837612390518188, 0.13041162490844727, -0.7179577946662903, -0.6719404458999634, -0.271141916513443, -0.6891865730285645], "cam_t_m2c": [-233.5548095703125, 85.77395629882812, 347.3063049316406], "obj_id": 3}, {"cam_R_m2c": [0.2654057741165161, -0.9242690205574036, 0.2743837535381317, 0.6966036558151245, -0.012922334484755993, -0.7173396944999695, 0.6665605902671814, 0.3815227746963501, 0.640419602394104], "cam_t_m2c": [-222.97879028320312, 128.31259155273438, 250.25099182128906], "obj_id": 1}, {"cam_R_m2c": [-0.06399872153997421, -0.6391780972480774, -0.7663912773132324, -0.6642055511474609, -0.5458778738975525, 0.5107331871986389, -0.7448054552078247, 0.5417275428771973, -0.3896101713180542], "cam_t_m2c": [-465.65985107421875, 46.97007751464844, 460.0873107910156], "obj_id": 2}, {"cam_R_m2c": [-0.3189682960510254, -0.042229063808918, -0.9468240737915039, -0.26386189460754395, 0.9634668231010437, 0.04591907933354378, 0.9102944731712341, 0.26447752118110657, -0.31845802068710327], "cam_t_m2c": [-461.3023376464844, -53.28821563720703, 489.2207946777344], "obj_id": 3}],
  "2": [{"cam_R_m2c": [-0.284546434879303, 0.9536639451980591, -0.09776747226715088, 0.6837612390518188, 0.13041162490844727, -0.7179577946662903, -0.6719404458999634, -0.271141916513443, -0.6891865730285645], "cam_t_m2c": [-233.5548095703125, 85.77395629882812, 347.3063049316406], "obj_id": 3}, {"cam_R_m2c": [-0.284546434879303, 0.9536639451980591, -0.09776747226715088, 0.6837612390518188, 0.13041162490844727, -0.7179577946662903, -0.6719404458999634, -0.271141916513443, -0.6891865730285645], "cam_t_m2c": [-233.5548095703125, 85.77395629882812, 347.3063049316406], "obj_id": 2}, {"cam_R_m2c": [-0.284546434879303, 0.9536639451980591, -0.09776747226715088, 0.6837612390518188, 0.13041162490844727, -0.7179577946662903, -0.6719404458999634, -0.271141916513443, -0.6891865730285645], "cam_t_m2c": [-233.5548095703125, 85.77395629882812, 347.3063049316406], "obj_id": 0}, {"cam_R_m2c": [-0.284546434879303, 0.9536639451980591, -0.09776747226715088, 0.6837612390518188, 0.13041162490844727, -0.7179577946662903, -0.6719404458999634, -0.271141916513443, -0.6891865730285645], "cam_t_m2c": [-233.5548095703125, 85.77395629882812, 347.3063049316406], "obj_id": 2}, {"cam_R_m2c": [-0.284546434879303, 0.9536639451980591, -0.09776747226715088, 0.6837612390518188, 0.13041162490844727, -0.7179577946662903, -0.6719404458999634, -0.271141916513443, -0.6891865730285645], "cam_t_m2c": [-233.5548095703125, 85.77395629882812, 347.3063049316406], "obj_id": 1}, {"cam_R_m2c": [-0.284546434879303, 0.9536639451980591, -0.09776747226715088, 0.6837612390518188, 0.13041162490844727, -0.7179577946662903, -0.6719404458999634, -0.271141916513443, -0.6891865730285645], "cam_t_m2c": [-233.5548095703125, 85.77395629882812, 347.3063049316406], "obj_id": 3}, {"cam_R_m2c": [-0.284546434879303, 0.9536639451980591, -0.09776747226715088, 0.6837612390518188, 0.13041162490844727, -0.7179577946662903, -0.6719404458999634, -0.271141916513443, -0.6891865730285645], "cam_t_m2c": [-233.5548095703125, 85.77395629882812, 347.3063049316406], "obj_id": 0}, {"cam_R_m2c": [-0.284546434879303, 0.9536639451980591, -0.09776747226715088, 0.6837612390518188, 0.13041162490844727, -0.7179577946662903, -0.6719404458999634, -0.271141916513443, -0.6891865730285645], "cam_t_m2c": [-233.5548095703125, 85.77395629882812, 347.3063049316406], "obj_id": 1}, {"cam_R_m2c": [-0.284546434879303, 0.9536639451980591, -0.09776747226715088, 0.6837612390518188, 0.13041162490844727, -0.7179577946662903, -0.6719404458999634, -0.271141916513443, -0.6891865730285645], "cam_t_m2c": [-233.5548095703125, 85.77395629882812, 347.3063049316406], "obj_id": 3}, {"cam_R_m2c": [-0.284546434879303, 0.9536639451980591, -0.09776747226715088, 0.6837612390518188, 0.13041162490844727, -0.7179577946662903, -0.6719404458999634, -0.271141916513443, -0.6891865730285645], "cam_t_m2c": [-233.5548095703125, 85.77395629882812, 347.3063049316406], "obj_id": 3}, {"cam_R_m2c": [-0.284546434879303, 0.9536639451980591, -0.09776747226715088, 0.6837612390518188, 0.13041162490844727, -0.7179577946662903, -0.6719404458999634, -0.271141916513443, -0.6891865730285645], "cam_t_m2c": [-233.5548095703125, 85.77395629882812, 347.3063049316406], "obj_id": 0}, {"cam_R_m2c": [-0.284546434879303, 0.9536639451980591, -0.09776747226715088, 0.6837612390518188, 0.13041162490844727, -0.7179577946662903, -0.6719404458999634, -0.271141916513443, -0.6891865730285645], "cam_t_m2c": [-233.5548095703125, 85.77395629882812, 347.3063049316406], "obj_id": 3}, {"cam_R_m2c": [0.2654057741165161, -0.9242690205574036, 0.2743837535381317, 0.6966036558151245, -0.012922334484755993, -0.7173396944999695, 0.6665605902671814, 0.3815227746963501, 0.640419602394104], "cam_t_m2c": [-222.97879028320312, 128.31259155273438, 250.25099182128906], "obj_id": 1}, {"cam_R_m2c": [-0.06399872153997421, -0.6391780972480774, -0.7663912773132324, -0.6642055511474609, -0.5458778738975525, 0.5107331871986389, -0.7448054552078247, 0.5417275428771973, -0.3896101713180542], "cam_t_m2c": [-465.65985107421875, 46.97007751464844, 460.0873107910156], "obj_id": 2}, {"cam_R_m2c": [-0.3189682960510254, -0.042229063808918, -0.9468240737915039, -0.26386189460754395, 0.9634668231010437, 0.04591907933354378, 0.9102944731712341, 0.26447752118110657, -0.31845802068710327], "cam_t_m2c": [-461.3023376464844, -53.28821563720703, 489.2207946777344], "obj_id": 3}],
  "3": [{"cam_R_m2c": [0.9775239825248718, -0.17770935595035553, 0.11342927813529968, -0.04852555692195892, -0.7132383584976196, -0.6992396116256714, 0.20516355335712433, 0.6780192852020264, -0.7058310508728027], "cam_t_m2c": [249.47793579101562, 93.6957778930664, 410.4964599609375], "obj_id": 3}, {"cam_R_m2c": [0.9775239825248718, -0.17770935595035553, 0.11342927813529968, -0.04852555692195892, -0.7132383584976196, -0.6992396116256714, 0.20516355335712433, 0.6780192852020264, -0.7058310508728027], "cam_t_m2c": [249.47793579101562, 93.6957778930664, 410.4964599609375], "obj_id": 2}, {"cam_R_m2c": [0.9775239825248718, -0.17770935595035553, 0.11342927813529968, -0.04852555692195892, -0.7132383584976196, -0.6992396116256714, 0.20516355335712433, 0.6780192852020264, -0.7058310508728027], "cam_t_m2c": [249.47793579101562, 93.6957778930664, 410.4964599609375], "obj_id": 0}, {"cam_R_m2c": [0.9775239825248718, -0.17770935595035553, 0.11342927813529968, -0.04852555692195892, -0.7132383584976196, -0.6992396116256714, 0.20516355335712433, 0.6780192852020264, -0.7058310508728027], "cam_t_m2c": [249.47793579101562, 93.6957778930664, 410.4964599609375], "obj_id": 2}, {"cam_R_m2c": [0.9775239825248718, -0.17770935595035553, 0.11342927813529968, -0.04852555692195892, -0.7132383584976196, -0.6992396116256714, 0.20516355335712433, 0.6780192852020264, -0.7058310508728027], "cam_t_m2c": [249.47793579101562, 93.6957778930664, 410.4964599609375], "obj_id": 1}, {"cam_R_m2c": [0.9775239825248718, -0.17770935595035553, 0.11342927813529968, -0.04852555692195892, -0.7132383584976196, -0.6992396116256714, 0.20516355335712433, 0.6780192852020264, -0.7058310508728027], "cam_t_m2c": [249.47793579101562, 93.6957778930664, 410.4964599609375], "obj_id": 3}, {"cam_R_m2c": [0.9775239825248718, -0.17770935595035553, 0.11342927813529968, -0.04852555692195892, -0.7132383584976196, -0.6992396116256714, 0.20516355335712433, 0.6780192852020264, -0.7058310508728027], "cam_t_m2c": [249.47793579101562, 93.6957778930664, 410.4964599609375], "obj_id": 0}, {"cam_R_m2c": [0.9775239825248718, -0.17770935595035553, 0.11342927813529968, -0.04852555692195892, -0.7132383584976196, -0.6992396116256714, 0.20516355335712433, 0.6780192852020264, -0.7058310508728027], "cam_t_m2c": [249.47793579101562, 93.6957778930664, 410.4964599609375], "obj_id": 1}, {"cam_R_m2c": [0.9775239825248718, -0.17770935595035553, 0.11342927813529968, -0.04852555692195892, -0.7132383584976196, -0.6992396116256714, 0.20516355335712433, 0.6780192852020264, -0.7058310508728027], "cam_t_m2c": [249.47793579101562, 93.6957778930664, 410.4964599609375], "obj_id": 3}, {"cam_R_m2c": [0.9775239825248718, -0.17770935595035553, 0.11342927813529968, -0.04852555692195892, -0.7132383584976196, -0.6992396116256714, 0.20516355335712433, 0.6780192852020264, -0.7058310508728027], "cam_t_m2c": [249.47793579101562, 93.6957778930664, 410.4964599609375], "obj_id": 3}, {"cam_R_m2c": [0.9775239825248718, -0.17770935595035553, 0.11342927813529968, -0.04852555692195892, -0.7132383584976196, -0.6992396116256714, 0.20516355335712433, 0.6780192852020264, -0.7058310508728027], "cam_t_m2c": [249.47793579101562, 93.6957778930664, 410.4964599609375], "obj_id": 0}, {"cam_R_m2c": [0.9775239825248718, -0.17770935595035553, 0.11342927813529968, -0.04852555692195892, -0.7132383584976196, -0.6992396116256714, 0.20516355335712433, 0.6780192852020264, -0.7058310508728027], "cam_t_m2c": [249.47793579101562, 93.6957778930664, 410.4964599609375], "obj_id": 3}, {"cam_R_m2c": [-0.1868264377117157, 0.15465106070041656, -0.9701437950134277, 0.5749463438987732, 0.8179545998573303, 0.019669629633426666, 0.7965754866600037, -0.554105818271637, -0.24173161387443542], "cam_t_m2c": [335.2692565917969, 34.65276336669922, 432.7427978515625], "obj_id": 1}, {"cam_R_m2c": [0.16644403338432312, -0.3866274952888489, 0.9070917963981628, -0.7386050820350647, 0.5605732202529907, 0.37445977330207825, -0.6532678008079529, -0.7323092222213745, -0.1922609508037567], "cam_t_m2c": [256.6102294921875, 297.75323486328125, 247.991943359375], "obj_id": 2}, {"cam_R_m2c": [-0.6276596188545227, 0.3809042274951935, 0.6789371371269226, 0.7359811067581177, 0.5745775699615479, 0.3580397963523865, -0.2537232041358948, 0.7244119048118591, -0.6409774422645569], "cam_t_m2c": [178.07806396484375, 278.0909423828125, 181.91952514648438], "obj_id": 3}],
  "4": [{"cam_R_m2c": [0.9775239825248718, -0.17770935595035553, 0.11342927813529968, -0.04852555692195892, -0.7132383584976196, -0.6992396116256714, 0.20516355335712433, 0.6780192852020264, -0.7058310508728027], "cam_t_m2c": [249.47793579101562, 93.6957778930664, 410.4964599609375], "obj_id": 3}, {"cam_R_m2c": [0.9775239825248718, -0.17770935595035553, 0.11342927813529968, -0.04852555692195892, -0.7132383584976196, -0.6992396116256714, 0.20516355335712433, 0.6780192852020264, -0.7058310508728027], "cam_t_m2c": [249.47793579101562, 93.6957778930664, 410.4964599609375], "obj_id": 2}, {"cam_R_m2c": [0.9775239825248718, -0.17770935595035553, 0.11342927813529968, -0.04852555692195892, -0.7132383584976196, -0.6992396116256714, 0.20516355335712433, 0.6780192852020264, -0.7058310508728027], "cam_t_m2c": [249.47793579101562, 93.6957778930664, 410.4964599609375], "obj_id": 0}, {"cam_R_m2c": [0.9775239825248718, -0.17770935595035553, 0.11342927813529968, -0.04852555692195892, -0.7132383584976196, -0.6992396116256714, 0.20516355335712433, 0.6780192852020264, -0.7058310508728027], "cam_t_m2c": [249.47793579101562, 93.6957778930664, 410.4964599609375], "obj_id": 2}, {"cam_R_m2c": [0.9775239825248718, -0.17770935595035553, 0.11342927813529968, -0.04852555692195892, -0.7132383584976196, -0.6992396116256714, 0.20516355335712433, 0.6780192852020264, -0.7058310508728027], "cam_t_m2c": [249.47793579101562, 93.6957778930664, 410.4964599609375], "obj_id": 1}, {"cam_R_m2c": [0.9775239825248718, -0.17770935595035553, 0.11342927813529968, -0.04852555692195892, -0.7132383584976196, -0.6992396116256714, 0.20516355335712433, 0.6780192852020264, -0.7058310508728027], "cam_t_m2c": [249.47793579101562, 93.6957778930664, 410.4964599609375], "obj_id": 3}, {"cam_R_m2c": [0.9775239825248718, -0.17770935595035553, 0.11342927813529968, -0.04852555692195892, -0.7132383584976196, -0.6992396116256714, 0.20516355335712433, 0.6780192852020264, -0.7058310508728027], "cam_t_m2c": [249.47793579101562, 93.6957778930664, 410.4964599609375], "obj_id": 0}, {"cam_R_m2c": [0.9775239825248718, -0.17770935595035553, 0.11342927813529968, -0.04852555692195892, -0.7132383584976196, -0.6992396116256714, 0.20516355335712433, 0.6780192852020264, -0.7058310508728027], "cam_t_m2c": [249.47793579101562, 93.6957778930664, 410.4964599609375], "obj_id": 1}, {"cam_R_m2c": [0.9775239825248718, -0.17770935595035553, 0.11342927813529968, -0.04852555692195892, -0.7132383584976196, -0.6992396116256714, 0.20516355335712433, 0.6780192852020264, -0.7058310508728027], "cam_t_m2c": [249.47793579101562, 93.6957778930664, 410.4964599609375], "obj_id": 3}, {"cam_R_m2c": [0.9775239825248718, -0.17770935595035553, 0.11342927813529968, -0.04852555692195892, -0.7132383584976196, -0.6992396116256714, 0.20516355335712433, 0.6780192852020264, -0.7058310508728027], "cam_t_m2c": [249.47793579101562, 93.6957778930664, 410.4964599609375], "obj_id": 3}, {"cam_R_m2c": [0.9775239825248718, -0.17770935595035553, 0.11342927813529968, -0.04852555692195892, -0.7132383584976196, -0.6992396116256714, 0.20516355335712433, 0.6780192852020264, -0.7058310508728027], "cam_t_m2c": [249.47793579101562, 93.6957778930664, 410.4964599609375], "obj_id": 0}, {"cam_R_m2c": [0.9775239825248718, -0.17770935595035553, 0.11342927813529968, -0.04852555692195892, -0.7132383584976196, -0.6992396116256714, 0.20516355335712433, 0.6780192852020264, -0.7058310508728027], "cam_t_m2c": [249.47793579101562, 93.6957778930664, 410.4964599609375], "obj_id": 3}, {"cam_R_m2c": [-0.1868264377117157, 0.15465106070041656, -0.9701437950134277, 0.5749463438987732, 0.8179545998573303, 0.019669629633426666, 0.7965754866600037, -0.554105818271637, -0.24173161387443542], "cam_t_m2c": [335.2692565917969, 34.65276336669922, 432.7427978515625], "obj_id": 1}, {"cam_R_m2c": [0.16644403338432312, -0.3866274952888489, 0.9070917963981628, -0.7386050820350647, 0.5605732202529907, 0.37445977330207825, -0.6532678008079529, -0.7323092222213745, -0.1922609508037567], "cam_t_m2c": [256.6102294921875, 297.75323486328125, 247.991943359375], "obj_id": 2}, {"cam_R_m2c": [-0.6276596188545227, 0.3809042274951935, 0.6789371371269226, 0.7359811067581177, 0.5745775699615479, 0.3580397963523865, -0.2537232041358948, 0.7244119048118591, -0.6409774422645569], "cam_t_m2c": [178.07806396484375, 278.0909423828125, 181.91952514648438], "obj_id": 3}],
  "5": [{"cam_R_m2c": [-0.4715295433998108, -0.8562474250793457, -0.21095062792301178, -0.161174014210701, 0.31886282563209534, -0.9339964985847473, 0.8669964075088501, -0.4064072072505951, -0.28835806250572205], "cam_t_m2c": [13.085134506225586, -116.70021057128906, 803.5056762695312], "obj_id": 3}, {"cam_R_m2c": [-0.4715295433998108, -0.8562474250793457, -0.21095062792301178, -0.161174014210701, 0.31886282563209534, -0.9339964985847473, 0.8669964075088501, -0.4064072072505951, -0.28835806250572205], "cam_t_m2c": [13.085134506225586, -116.70021057128906, 803.5056762695312], "obj_id": 2}, {"cam_R_m2c": [-0.4715295433998108, -0.8562474250793457, -0.21095062792301178, -0.161174014210701, 0.31886282563209534, -0.9339964985847473, 0.8669964075088501, -0.4064072072505951, -0.28835806250572205], "cam_t_m2c": [13.085134506225586, -116.70021057128906, 803.5056762695312], "obj_id": 0}, {"cam_R_m2c": [-0.4715295433998108, -0.8562474250793457, -0.21095062792301178, -0.161174014210701, 0.31886282563209534, -0.9339964985847473, 0.8669964075088501, -0.4064072072505951, -0.28835806250572205], "cam_t_m2c": [13.085134506225586, -116.70021057128906, 803.5056762695312], "obj_id": 2}, {"cam_R_m2c": [-0.4715295433998108, -0.8562474250793457, -0.21095062792301178, -0.161174014210701, 0.31886282563209534, -0.9339964985847473, 0.8669964075088501, -0.4064072072505951, -0.28835806250572205], "cam_t_m2c": [13.085134506225586, -116.70021057128906, 803.5056762695312], "obj_id": 1}, {"cam_R_m2c": [-0.4715295433998108, -0.8562474250793457, -0.21095062792301178, -0.161174014210701, 0.31886282563209534, -0.9339964985847473, 0.8669964075088501, -0.4064072072505951, -0.28835806250572205], "cam_t_m2c": [13.085134506225586, -116.70021057128906, 803.5056762695312], "obj_id": 3}, {"cam_R_m2c": [-0.4715295433998108, -0.8562474250793457, -0.21095062792301178, -0.161174014210701, 0.31886282563209534, -0.9339964985847473, 0.8669964075088501, -0.4064072072505951, -0.28835806250572205], "cam_t_m2c": [13.085134506225586, -116.70021057128906, 803.5056762695312], "obj_id": 0}, {"cam_R_m2c": [-0.4715295433998108, -0.8562474250793457, -0.21095062792301178, -0.161174014210701, 0.31886282563209534, -0.9339964985847473, 0.8669964075088501, -0.4064072072505951, -0.28835806250572205], "cam_t_m2c": [13.085134506225586, -116.70021057128906, 803.5056762695312], "obj_id": 1}, {"cam_R_m2c": [-0.4715295433998108, -0.8562474250793457, -0.21095062792301178, -0.161174014210701, 0.31886282563209534, -0.9339964985847473, 0.8669964075088501, -0.4064072072505951, -0.28835806250572205], "cam_t_m2c": [13.085134506225586, -116.70021057128906, 803.5056762695312], "obj_id": 3}, {"cam_R_m2c": [-0.4715295433998108, -0.8562474250793457, -0.21095062792301178, -0.161174014210701, 0.31886282563209534, -0.9339964985847473, 0.8669964075088501, -0.4064072072505951, -0.28835806250572205], "cam_t_m2c": [13.085134506225586, -116.70021057128906, 803.5056762695312], "obj_id": 3}, {"cam_R_m2c": [-0.4715295433998108, -0.8562474250793457, -0.21095062792301178, -0.161174014210701, 0.31886282563209534, -0.9339964985847473, 0.8669964075088501, -0.4064072072505951, -0.28835806250572205], "cam_t_m2c": [13.085134506225586, -116.70021057128906, 803.5056762695312], "obj_id": 0}, {"cam_R_m2c": [-0.4715295433998108, -0.8562474250793457, -0.21095062792301178, -0.161174014210701, 0.31886282563209534, -0.9339964985847473, 0.8669964075088501, -0.4064072072505951, -0.28835806250572205], "cam_t_m2c": [13.085134506225586, -116.70021057128906, 803.5056762695312], "obj_id": 3}, {"cam_R_m2c": [0.09033560007810593, 0.8802365064620972, 0.4658574163913727, 0.980056643486023, -0.16170644760131836, 0.11549878865480423, 0.17699840664863586, 0.446133017539978, -0.8772894740104675], "cam_t_m2c": [-73.33041381835938, -151.0215301513672, 855.4241333007812], "obj_id": 1}, {"cam_R_m2c": [-0.287110835313797, 0.9534408450126648, 0.0922926664352417, -0.9237560033798218, -0.250095397233963, -0.290046751499176, -0.25346043705940247, -0.16853147745132446, 0.9525517821311951], "cam_t_m2c": [255.96746826171875, -167.41746520996094, 884.338623046875], "obj_id": 2}, {"cam_R_m2c": [0.9177576899528503, -0.06070322543382645, 0.39247405529022217, 0.3062570095062256, 0.7373440861701965, -0.6021048426628113, -0.25283873081207275, 0.6727843284606934, 0.6952940225601196], "cam_t_m2c": [301.6492004394531, -206.4555206298828, 798.8477783203125], "obj_id": 3}],
  "6": [{"cam_R_m2c": [-0.4715295433998108, -0.8562474250793457, -0.21095062792301178, -0.161174014210701, 0.31886282563209534, -0.9339964985847473, 0.8669964075088501, -0.4064072072505951, -0.28835806250572205], "cam_t_m2c": [13.085134506225586, -116.70021057128906, 803.5056762695312], "obj_id": 3}, {"cam_R_m2c": [-0.4715295433998108, -0.8562474250793457, -0.21095062792301178, -0.161174014210701, 0.31886282563209534, -0.9339964985847473, 0.8669964075088501, -0.4064072072505951, -0.28835806250572205], "cam_t_m2c": [13.085134506225586, -116.70021057128906, 803.5056762695312], "obj_id": 2}, {"cam_R_m2c": [-0.4715295433998108, -0.8562474250793457, -0.21095062792301178, -0.161174014210701, 0.31886282563209534, -0.9339964985847473, 0.8669964075088501, -0.4064072072505951, -0.28835806250572205], "cam_t_m2c": [13.085134506225586, -116.70021057128906, 803.5056762695312], "obj_id": 0}, {"cam_R_m2c": [-0.4715295433998108, -0.8562474250793457, -0.21095062792301178, -0.161174014210701, 0.31886282563209534, -0.9339964985847473, 0.8669964075088501, -0.4064072072505951, -0.28835806250572205], "cam_t_m2c": [13.085134506225586, -116.70021057128906, 803.5056762695312], "obj_id": 2}, {"cam_R_m2c": [-0.4715295433998108, -0.8562474250793457, -0.21095062792301178, -0.161174014210701, 0.31886282563209534, -0.9339964985847473, 0.8669964075088501, -0.4064072072505951, -0.28835806250572205], "cam_t_m2c": [13.085134506225586, -116.70021057128906, 803.5056762695312], "obj_id": 1}, {"cam_R_m2c": [-0.4715295433998108, -0.8562474250793457, -0.21095062792301178, -0.161174014210701, 0.31886282563209534, -0.9339964985847473, 0.8669964075088501, -0.4064072072505951, -0.28835806250572205], "cam_t_m2c": [13.085134506225586, -116.70021057128906, 803.5056762695312], "obj_id": 3}, {"cam_R_m2c": [-0.4715295433998108, -0.8562474250793457, -0.21095062792301178, -0.161174014210701, 0.31886282563209534, -0.9339964985847473, 0.8669964075088501, -0.4064072072505951, -0.28835806250572205], "cam_t_m2c": [13.085134506225586, -116.70021057128906, 803.5056762695312], "obj_id": 0}, {"cam_R_m2c": [-0.4715295433998108, -0.8562474250793457, -0.21095062792301178, -0.161174014210701, 0.31886282563209534, -0.9339964985847473, 0.8669964075088501, -0.4064072072505951, -0.28835806250572205], "cam_t_m2c": [13.085134506225586, -116.70021057128906, 803.5056762695312], "obj_id": 1}, {"cam_R_m2c": [-0.4715295433998108, -0.8562474250793457, -0.21095062792301178, -0.161174014210701, 0.31886282563209534, -0.9339964985847473, 0.8669964075088501, -0.4064072072505951, -0.28835806250572205], "cam_t_m2c": [13.085134506225586, -116.70021057128906, 803.5056762695312], "obj_id": 3}, {"cam_R_m2c": [-0.4715295433998108, -0.8562474250793457, -0.21095062792301178, -0.161174014210701, 0.31886282563209534, -0.9339964985847473, 0.8669964075088501, -0.4064072072505951, -0.28835806250572205], "cam_t_m2c": [13.085134506225586, -116.70021057128906, 803.5056762695312], "obj_id": 3}, {"cam_R_m2c": [-0.4715295433998108, -0.8562474250793457, -0.21095062792301178, -0.161174014210701, 0.31886282563209534, -0.9339964985847473, 0.8669964075088501, -0.4064072072505951, -0.28835806250572205], "cam_t_m2c": [13.085134506225586, -116.70021057128906, 803.5056762695312], "obj_id": 0}, {"cam_R_m2c": [-0.4715295433998108, -0.8562474250793457, -0.21095062792301178, -0.161174014210701, 0.31886282563209534, -0.9339964985847473, 0.8669964075088501, -0.4064072072505951, -0.28835806250572205], "cam_t_m2c": [13.085134506225586, -116.70021057128906, 803.5056762695312], "obj_id": 3}, {"cam_R_m2c": [0.09033560007810593, 0.8802365064620972, 0.4658574163913727, 0.980056643486023, -0.16170644760131836, 0.11549878865480423, 0.17699840664863586, 0.446133017539978, -0.8772894740104675], "cam_t_m2c": [-73.33041381835938, -151.0215301513672, 855.4241333007812], "obj_id": 1}, {"cam_R_m2c": [-0.287110835313797, 0.9534408450126648, 0.0922926664352417, -0.9237560033798218, -0.250095397233963, -0.290046751499176, -0.25346043705940247, -0.16853147745132446, 0.9525517821311951], "cam_t_m2c": [255.96746826171875, -167.41746520996094, 884.338623046875], "obj_id": 2}, {"cam_R_m2c": [0.9177576899528503, -0.06070322543382645, 0.39247405529022217, 0.3062570095062256, 0.7373440861701965, -0.6021048426628113, -0.25283873081207275, 0.6727843284606934, 0.6952940225601196], "cam_t_m2c": [301.6492004394531, -206.4555206298828, 798.8477783203125], "obj_id": 3}],
  "7": [{"cam_R_m2c": [-0.9774730205535889, 0.1736384481191635, 0.11998230218887329, -0.018350310623645782, 0.49640652537345886, -0.8678961396217346, -0.21026015281677246, -0.8505469560623169, -0.48203760385513306], "cam_t_m2c": [-293.9790344238281, -100.15780639648438, 563.758544921875], "obj_id": 3}, {"cam_R_m2c": [-0.9774730205535889, 0.1736384481191635, 0.11998230218887329, -0.018350310623645782, 0.49640652537345886, -0.8678961396217346, -0.21026015281677246, -0.8505469560623169, -0.48203760385513306], "cam_t_m2c": [-293.9790344238281, -100.15780639648438, 563.758544921875], "obj_id": 2}, {"cam_R_m2c": [-0.9774730205535889, 0.1736384481191635, 0.11998230218887329, -0.018350310623645782, 0.49640652537345886, -0.8678961396217346, -0.21026015281677246, -0.8505469560623169, -0.48203760385513306], "cam_t_m2c": [-293.9790344238281, -100.15780639648438, 563.758544921875], "obj_id": 0}, {"cam_R_m2c": [-0.9774730205535889, 0.1736384481191635, 0.11998230218887329, -0.018350310623645782, 0.49640652537345886, -0.8678961396217346, -0.21026015281677246, -0.8505469560623169, -0.48203760385513306], "cam_t_m2c": [-293.9790344238281, -100.15780639648438, 563.758544921875], "obj_id": 2}, {"cam_R_m2c": [-0.9774730205535889, 0.1736384481191635, 0.11998230218887329, -0.018350310623645782, 0.49640652537345886, -0.8678961396217346, -0.21026015281677246, -0.8505469560623169, -0.48203760385513306], "cam_t_m2c": [-293.9790344238281, -100.15780639648438, 563.758544921875], "obj_id": 1}, {"cam_R_m2c": [-0.9774730205535889, 0.1736384481191635, 0.11998230218887329, -0.018350310623645782, 0.49640652537345886, -0.8678961396217346, -0.21026015281677246, -0.8505469560623169, -0.48203760385513306], "cam_t_m2c": [-293.9790344238281, -100.15780639648438, 563.758544921875], "obj_id": 3}, {"cam_R_m2c": [-0.9774730205535889, 0.1736384481191635, 0.11998230218887329, -0.018350310623645782, 0.49640652537345886, -0.8678961396217346, -0.21026015281677246, -0.8505469560623169, -0.48203760385513306], "cam_t_m2c": [-293.9790344238281, -100.15780639648438, 563.758544921875], "obj_id": 0}, {"cam_R_m2c": [-0.9774730205535889, 0.1736384481191635, 0.11998230218887329, -0.018350310623645782, 0.49640652537345886, -0.8678961396217346, -0.21026015281677246, -0.8505469560623169, -0.48203760385513306], "cam_t_m2c": [-293.9790344238281, -100.15780639648438, 563.758544921875], "obj_id": 1}, {"cam_R_m2c": [-0.9774730205535889, 0.1736384481191635, 0.11998230218887329, -0.018350310623645782, 0.49640652537345886, -0.8678961396217346, -0.21026015281677246, -0.8505469560623169, -0.48203760385513306], "cam_t_m2c": [-293.9790344238281, -100.15780639648438, 563.758544921875], "obj_id": 3}, {"cam_R_m2c": [-0.9774730205535889, 0.1736384481191635, 0.11998230218887329, -0.018350310623645782, 0.49640652537345886, -0.8678961396217346, -0.21026015281677246, -0.8505469560623169, -0.48203760385513306], "cam_t_m2c": [-293.9790344238281, -100.15780639648438, 563.758544921875], "obj_id": 3}, {"cam_R_m2c": [-0.9774730205535889, 0.1736384481191635, 0.11998230218887329, -0.018350310623645782, 0.49640652537345886, -0.8678961396217346, -0.21026015281677246, -0.8505469560623169, -0.48203760385513306], "cam_t_m2c": [-293.9790344238281, -100.15780639648438, 563.758544921875], "obj_id": 0}, {"cam_R_m2c": [-0.9774730205535889, 0.1736384481191635, 0.11998230218887329, -0.018350310623645782, 0.49640652537345886, -0.8678961396217346, -0.21026015281677246, -0.8505469560623169, -0.48203760385513306], "cam_t_m2c": [-293.9790344238281, -100.15780639648438, 563.758544921875], "obj_id": 3}, {"cam_R_m2c": [-0.04385920614004135, -0.18875081837177277, 0.981045126914978, 0.9371691346168518, -0.3479746878147125, -0.02505187690258026, 0.3461074233055115, 0.9183064699172974, 0.19215331971645355], "cam_t_m2c": [-371.6937255859375, -111.65830993652344, 491.8607482910156], "obj_id": 1}, {"cam_R_m2c": [0.06591852009296417, 0.40888798236846924, -0.9102006554603577, -0.8390368819236755, -0.4710005819797516, -0.2723515033721924, -0.5400664210319519, 0.7816449403762817, 0.3120245635509491], "cam_t_m2c": [-306.4100341796875, -203.4785614013672, 803.0665283203125], "obj_id": 2}, {"cam_R_m2c": [0.5350701212882996, -0.5839735269546509, -0.6104710102081299, 0.07526910305023193, 0.7526953816413879, -0.654052197933197, 0.8414478898048401, 0.3040141761302948, 0.44669994711875916], "cam_t_m2c": [-215.79867553710938, -254.86398315429688, 811.3485107421875], "obj_id": 3}],
  "8": [{"cam_R_m2c": [-0.9774730205535889, 0.1736384481191635, 0.11998230218887329, -0.018350310623645782, 0.49640652537345886, -0.8678961396217346, -0.21026015281677246, -0.8505469560623169, -0.48203760385513306], "cam_t_m2c": [-293.9790344238281, -100.15780639648438, 563.758544921875], "obj_id": 3}, {"cam_R_m2c": [-0.9774730205535889, 0.1736384481191635, 0.11998230218887329, -0.018350310623645782, 0.49640652537345886, -0.8678961396217346, -0.21026015281677246, -0.8505469560623169, -0.48203760385513306], "cam_t_m2c": [-293.9790344238281, -100.15780639648438, 563.758544921875], "obj_id": 2}, {"cam_R_m2c": [-0.9774730205535889, 0.1736384481191635, 0.11998230218887329, -0.018350310623645782, 0.49640652537345886, -0.8678961396217346, -0.21026015281677246, -0.8505469560623169, -0.48203760385513306], "cam_t_m2c": [-293.9790344238281, -100.15780639648438, 563.758544921875], "obj_id": 0}, {"cam_R_m2c": [-0.9774730205535889, 0.1736384481191635, 0.11998230218887329, -0.018350310623645782, 0.49640652537345886, -0.8678961396217346, -0.21026015281677246, -0.8505469560623169, -0.48203760385513306], "cam_t_m2c": [-293.9790344238281, -100.15780639648438, 563.758544921875], "obj_id": 2}, {"cam_R_m2c": [-0.9774730205535889, 0.1736384481191635, 0.11998230218887329, -0.018350310623645782, 0.49640652537345886, -0.8678961396217346, -0.21026015281677246, -0.8505469560623169, -0.48203760385513306], "cam_t_m2c": [-293.9790344238281, -100.15780639648438, 563.758544921875], "obj_id": 1}, {"cam_R_m2c": [-0.9774730205535889, 0.1736384481191635, 0.11998230218887329, -0.018350310623645782, 0.49640652537345886, -0.8678961396217346, -0.21026015281677246, -0.8505469560623169, -0.48203760385513306], "cam_t_m2c": [-293.9790344238281, -100.15780639648438, 563.758544921875], "obj_id": 3}, {"cam_R_m2c": [-0.9774730205535889, 0.1736384481191635, 0.11998230218887329, -0.018350310623645782, 0.49640652537345886, -0.8678961396217346, -0.21026015281677246, -0.8505469560623169, -0.48203760385513306], "cam_t_m2c": [-293.9790344238281, -100.15780639648438, 563.758544921875], "obj_id": 0}, {"cam_R_m2c": [-0.9774730205535889, 0.1736384481191635, 0.11998230218887329, -0.018350310623645782, 0.49640652537345886, -0.8678961396217346, -0.21026015281677246, -0.8505469560623169, -0.48203760385513306], "cam_t_m2c": [-293.9790344238281, -100.15780639648438, 563.758544921875], "obj_id": 1}, {"cam_R_m2c": [-0.9774730205535889, 0.1736384481191635, 0.11998230218887329, -0.018350310623645782, 0.49640652537345886, -0.8678961396217346, -0.21026015281677246, -0.8505469560623169, -0.48203760385513306], "cam_t_m2c": [-293.9790344238281, -100.15780639648438, 563.758544921875], "obj_id": 3}, {"cam_R_m2c": [-0.9774730205535889, 0.1736384481191635, 0.11998230218887329, -0.018350310623645782, 0.49640652537345886, -0.8678961396217346, -0.21026015281677246, -0.8505469560623169, -0.48203760385513306], "cam_t_m2c": [-293.9790344238281, -100.15780639648438, 563.758544921875], "obj_id": 3}, {"cam_R_m2c": [-0.9774730205535889, 0.1736384481191635, 0.11998230218887329, -0.018350310623645782, 0.49640652537345886, -0.8678961396217346, -0.21026015281677246, -0.8505469560623169, -0.48203760385513306], "cam_t_m2c": [-293.9790344238281, -100.15780639648438, 563.758544921875], "obj_id": 0}, {"cam_R_m2c": [-0.9774730205535889, 0.1736384481191635, 0.11998230218887329, -0.018350310623645782, 0.49640652537345886, -0.8678961396217346, -0.21026015281677246, -0.8505469560623169, -0.48203760385513306], "cam_t_m2c": [-293.9790344238281, -100.15780639648438, 563.758544921875], "obj_id": 3}, {"cam_R_m2c": [-0.04385920614004135, -0.18875081837177277, 0.981045126914978, 0.9371691346168518, -0.3479746878147125, -0.02505187690258026, 0.3461074233055115, 0.9183064699172974, 0.19215331971645355], "cam_t_m2c": [-371.6937255859375, -111.65830993652344, 491.8607482910156], "obj_id": 1}, {"cam_R_m2c": [0.06591852009296417, 0.40888798236846924, -0.9102006554603577, -0.8390368819236755, -0.4710005819797516, -0.2723515033721924, -0.5400664210319519, 0.7816449403762817, 0.3120245635509491], "cam_t_m2c": [-306.4100341796875, -203.4785614013672, 803.0665283203125], "obj_id": 2}, {"cam_R_m2c": [0.5350701212882996, -0.5839735269546509, -0.6104710102081299, 0.07526910305023193, 0.7526953816413879, -0.654052197933197, 0.8414478898048401, 0.3040141761302948, 0.44669994711875916], "cam_t_m2c": [-215.79867553710938, -254.86398315429688, 811.3485107421875], "obj_id": 3}],
