{
  "0": [{"cam_R_m2c": [0.7419028878211975, -0.2105255126953125, -0.6365996599197388, -0.14521671831607819, 0.876445472240448, -0.4590810537338257, 0.6545931696891785, 0.4330384433269501, 0.6196656227111816], "cam_t_m2c": [113.77362823486328, -65.40335083007812, 944.6432495117188], "obj_id": 3}, {"cam_R_m2c": [-0.7887033224105835, -0.14825139939785004, 0.596630871295929, -0.33368563652038574, -0.7118569016456604, -0.6179914474487305, 0.5163339972496033, -0.6864991188049316, 0.5119746923446655], "cam_t_m2c": [-12.437926292419434, -77.32373046875, 673.6873168945312], "obj_id": 3}, {"cam_R_m2c": [0.354267954826355, 0.9351411461830139, -0.002271895296871662, 0.3544658422470093, -0.1320364773273468, 0.9256998896598816, 0.8653600811958313, -0.3287510871887207, -0.3782518804073334], "cam_t_m2c": [171.34825134277344, 11.940289497375488, 626.6516723632812], "obj_id": 3}, {"cam_R_m2c": [-0.9952074289321899, 0.05317746475338936, -0.08206157386302948, 0.024152979254722595, -0.6795201897621155, -0.7332590222358704, -0.09475535899400711, -0.7317269444465637, 0.6749793291091919], "cam_t_m2c": [-52.10142135620117, -93.64439392089844, 714.7991333007812], "obj_id": 3}, {"cam_R_m2c": [0.4539708197116852, -0.25589922070503235, -0.8534787893295288, -0.018293410539627075, -0.9603458046913147, 0.27821084856987, -0.8908287286758423, -0.11068657040596008, -0.44065025448799133], "cam_t_m2c": [-126.69673919677734, -73.51355743408203, 838.1962280273438], "obj_id": 3}, {"cam_R_m2c": [0.8260883688926697, 0.09644521027803421, -0.5552263855934143, 0.14324720203876495, -0.9888220429420471, 0.041366349905729294, -0.5450305342674255, -0.11370688676834106, -0.8306698799133301], "cam_t_m2c": [58.174461364746094, 96.6639633178711, 947.3798828125], "obj_id": 3}, {"cam_R_m2c": [0.34088975191116333, -0.13964028656482697, 0.929674506187439, 0.7842432260513306, -0.5030899047851562, -0.36312928795814514, 0.5184174180030823, 0.8528780341148376, -0.06198614090681076], "cam_t_m2c": [177.18093872070312, 102.42021179199219, 960.8324584960938], "obj_id": 3}, {"cam_R_m2c": [-0.24246539175510406, 0.9639728665351868, -0.10939334332942963, 0.8966361880302429, 0.2657201886177063, 0.35416990518569946, 0.37047818303108215, -0.012212094850838184, -0.9287609457969666], "cam_t_m2c": [134.1917724609375, -43.06792449951172, 974.8250732421875], "obj_id": 3}, {"cam_R_m2c": [-0.9406675696372986, -0.2994210422039032, 0.15965986251831055, 0.31871452927589417, -0.618113100528717, 0.718579888343811, -0.1164700835943222, 0.7268308401107788, 0.6768689751625061], "cam_t_m2c": [-38.17079544067383, -143.11602783203125, 647.7120971679688], "obj_id": 3}, {"cam_R_m2c": [-0.9571574330329895, 0.09773547947406769, 0.27257564663887024, -0.16370290517807007, 0.5938192009925842, -0.787769079208374, -0.23885364830493927, -0.7986404299736023, -0.5523788928985596], "cam_t_m2c": [21.804677963256836, -22.541080474853516, 701.3963012695312], "obj_id": 3}, {"cam_R_m2c": [-0.055461201816797256, 0.13982756435871124, -0.9886212348937988, 0.43888455629348755, -0.8859467506408691, -0.14992691576480865, -0.8968300223350525, -0.4422058165073395, -0.012232199311256409], "cam_t_m2c": [195.23854064941406, 201.6519775390625, 737.816162109375], "obj_id": 3}, {"cam_R_m2c": [0.7436002492904663, 0.1811460256576538, 0.6436185240745544, 0.5435740947723389, -0.7243034839630127, -0.4241598844528198, 0.38934028148651123, 0.6652597188949585, -0.6370585560798645], "cam_t_m2c": [99.64144134521484, 98.95578002929688, 903.1929321289062], "obj_id": 3}, {"cam_R_m2c": [-0.4198223352432251, 0.6658661365509033, 0.6167424917221069, -0.16208358108997345, -0.7236071228981018, 0.6709108352661133, 0.8930161595344543, 0.18169958889484406, 0.4117126166820526], "cam_t_m2c": [209.77235412597656, 45.79486846923828, 1045.0255126953125], "obj_id": 3}, {"cam_R_m2c": [-0.26607656478881836, 0.9175640940666199, 0.29543060064315796, 0.9592372179031372, 0.2823083698749542, -0.012880892492830753, -0.09522156417369843, 0.2799607217311859, -0.9552772641181946], "cam_t_m2c": [203.67469787597656, -26.884138107299805, 1073.67041015625], "obj_id": 3}, {"cam_R_m2c": [0.6313486099243164, 0.6444657444953918, 0.4313500225543976, -0.7030124664306641, 0.24082441627979279, 0.6691614985466003, 0.3273720443248749, -0.72571861743927, 0.6051115989685059], "cam_t_m2c": [157.15255737304688, 166.1544647216797, 817.5369873046875], "obj_id": 3}, {"cam_R_m2c": [-0.9446135759353638, -0.21125061810016632, 0.2511541247367859, -0.20984496176242828, -0.19961018860340118, -0.9571419954299927, 0.2523297667503357, -0.956832766532898, 0.1442246288061142], "cam_t_m2c": [0.18032053112983704, 181.0905303955078, 846.5881958007812], "obj_id": 3}, {"cam_R_m2c": [-0.5895726680755615, 0.7639298439025879, 0.262326717376709, -0.3913586437702179, -0.5542842149734497, 0.7345798015594482, 0.7065709829330444, 0.33042433857917786, 0.6257613301277161], "cam_t_m2c": [152.91021728515625, -124.86297607421875, 661.518798828125], "obj_id": 3}, {"cam_R_m2c": [-0.6330820918083191, 0.19120749831199646, 0.7500978708267212, 0.12559740245342255, 0.9815453290939331, -0.14420165121555328, -0.7638275027275085, 0.0029188632033765316, -0.6454139351844788], "cam_t_m2c": [219.07388305664062, 32.8692512512207, 935.2033081054688], "obj_id": 3}, {"cam_R_m2c": [0.23624855279922485, 0.3975217044353485, 0.8866584300994873, -0.9068822264671326, 0.41787242889404297, 0.05428950861096382, -0.34892886877059937, -0.8169205188751221, 0.4592270851135254], "cam_t_m2c": [77.42703247070312, -87.87258911132812, 565.1454467773438], "obj_id": 3}, {"cam_R_m2c": [-0.25391942262649536, 0.5237216353416443, -0.8131669163703918, 0.6894180774688721, -0.49167266488075256, -0.5319404006004333, -0.6784006953239441, -0.6956819891929626, -0.23621782660484314], "cam_t_m2c": [288.0946044921875, -173.13397216796875, 729.0991821289062], "obj_id": 3}, {"cam_R_m2c": [-0.16945062577724457, 0.9831400513648987, 0.06871529668569565, 0.9463348984718323, 0.18178406357765198, -0.2672162652015686, -0.2752023935317993, 0.01974768005311489, -0.9611831903457642], "cam_t_m2c": [-112.13397216796875, -190.2346649169922, 753.8294677734375], "obj_id": 3}, {"cam_R_m2c": [0.19228266179561615, 0.9777349829673767, -0.08403266966342926, 0.08940794318914413, -0.10272848606109619, -0.9906830191612244, -0.9772581458091736, 0.18297789990901947, -0.10717010498046875], "cam_t_m2c": [276.0888366699219, -18.355457305908203, 736.4747924804688], "obj_id": 3}, {"cam_R_m2c": [-0.8738648295402527, 0.3617713749408722, -0.3247791528701782, -0.4001343548297882, -0.9146311283111572, 0.05781152471899986, -0.2761386036872864, 0.18047477304935455, 0.9440213441848755], "cam_t_m2c": [208.49807739257812, 113.5946273803711, 979.134033203125], "obj_id": 3}, {"cam_R_m2c": [-0.05373253673315048, -0.16941271722316742, 0.9840793013572693, -0.3434147834777832, 0.9285244941711426, 0.14109767973423004, -0.9376454949378967, -0.3303658366203308, -0.10807080566883087], "cam_t_m2c": [118.20216369628906, 105.0199966430664, 997.807861328125], "obj_id": 3}, {"cam_R_m2c": [0.5014714002609253, 0.1441086232662201, 0.8530879616737366, 0.014358049258589745, 0.9845083355903625, -0.1747490018606186, -0.8650550246238708, 0.09988030046224594, 0.4916336238384247], "cam_t_m2c": [206.59274291992188, 50.04885482788086, 970.543701171875], "obj_id": 3}, {"cam_R_m2c": [0.3025096356868744, 0.8886288404464722, 0.34471234679222107, -0.1915808916091919, 0.4109647572040558, -0.8912938237190247, -0.933694064617157, 0.20358459651470184, 0.2945651412010193], "cam_t_m2c": [23.76242446899414, -233.65707397460938, 821.0548095703125], "obj_id": 3}, {"cam_R_m2c": [-0.7110791206359863, 0.5212610363960266, -0.47186142206192017, -0.11774180829524994, -0.7499062418937683, -0.6509817838668823, -0.6931833624839783, -0.4073418080806732, 0.5946170687675476], "cam_t_m2c": [257.606201171875, -28.40462303161621, 811.0], "obj_id": 3}, {"cam_R_m2c": [0.014468678273260593, 0.882599949836731, -0.46990200877189636, 0.4795396029949188, -0.4185038208961487, -0.7712951898574829, -0.8774009346961975, -0.21417702734470367, -0.4292968511581421], "cam_t_m2c": [217.80081176757812, -57.68354034423828, 564.4259033203125], "obj_id": 3}, {"cam_R_m2c": [-0.6337528228759766, 0.6933807134628296, 0.3429003953933716, -0.7175326347351074, -0.6925544738769531, 0.07426531612873077, 0.28897133469581604, -0.19897636771202087, 0.9364315271377563], "cam_t_m2c": [240.6881103515625, 238.90093994140625, 746.197265625], "obj_id": 1}, {"cam_R_m2c": [0.8824854493141174, 0.34718596935272217, -0.3173031508922577, 0.4696977436542511, -0.6152924299240112, 0.6330868601799011, 0.024564631283283234, -0.7077265381813049, -0.7060590982437134], "cam_t_m2c": [-43.9244384765625, -85.01521301269531, 830.533447265625], "obj_id": 1}, {"cam_R_m2c": [-0.04055308550596237, -0.9524626135826111, 0.3019444942474365, 0.9963487386703491, -0.06127049773931503, -0.059457432478666306, 0.07513125985860825, 0.29843083024024963, 0.9514695405960083], "cam_t_m2c": [190.6147918701172, -48.399681091308594, 962.0979614257812], "obj_id": 1}, {"cam_R_m2c": [0.04682328179478645, -0.04958154261112213, 0.9976719617843628, -0.8253183960914612, 0.5607262849807739, 0.06660090386867523, -0.5627231001853943, -0.8265154361724854, -0.014665543101727962], "cam_t_m2c": [-54.87737274169922, -198.14654541015625, 797.8502807617188], "obj_id": 1}, {"cam_R_m2c": [0.8042808175086975, 0.38361239433288574, -0.45384347438812256, -0.49420633912086487, 0.855887770652771, -0.15236863493919373, 0.32998859882354736, 0.3468394875526428, 0.877957820892334], "cam_t_m2c": [272.15069580078125, 220.9054718017578, 791.7548828125], "obj_id": 1}, {"cam_R_m2c": [0.7412762641906738, -0.6644638776779175, -0.09485354274511337, -0.4381953179836273, -0.5861351490020752, 0.6814912557601929, -0.5084233283996582, -0.46360892057418823, -0.7256530523300171], "cam_t_m2c": [373.7001647949219, -18.10858726501465, 701.0679931640625], "obj_id": 1}, {"cam_R_m2c": [-0.6197549700737, 0.7478379607200623, 0.2379961460828781, -0.3093351721763611, -0.5114866495132446, 0.8016814589500427, 0.7212596535682678, 0.4232254922389984, 0.5483289957046509], "cam_t_m2c": [320.8287658691406, 168.0981903076172, 875.70556640625], "obj_id": 1}, {"cam_R_m2c": [-0.946024477481842, 0.1888931393623352, -0.2633570432662964, -0.19520314037799835, 0.3165726363658905, 0.9282658100128174, 0.2587146759033203, 0.9295703768730164, -0.262612909078598], "cam_t_m2c": [7.566500186920166, -12.471457481384277, 695.2652587890625], "obj_id": 1}, {"cam_R_m2c": [-0.7868955135345459, -0.5594925880432129, 0.26031404733657837, -0.24917283654212952, 0.6740096807479858, 0.6954306960105896, -0.5645425319671631, 0.482368141412735, -0.6697855591773987], "cam_t_m2c": [126.22781372070312, -42.85686492919922, 654.5745849609375], "obj_id": 1}, {"cam_R_m2c": [0.028009936213493347, -0.09458760172128677, 0.9951224327087402, 0.44206252694129944, 0.894046425819397, 0.0725373774766922, -0.8965467810630798, 0.43787455558776855, 0.06685581803321838], "cam_t_m2c": [268.373046875, 213.0884246826172, 744.0703735351562], "obj_id": 1}, {"cam_R_m2c": [-0.6881871223449707, -0.25728222727775574, -0.678383469581604, 0.7251781225204468, -0.21467575430870056, -0.6542406678199768, 0.022691961377859116, -0.9421889781951904, 0.33431267738342285], "cam_t_m2c": [94.45805358886719, -112.78038024902344, 937.2037963867188], "obj_id": 1}, {"cam_R_m2c": [0.8946218490600586, -0.01896936632692814, 0.44642123579978943, 0.42735233902931213, -0.25539979338645935, -0.8672605156898499, 0.13046731054782867, 0.9666493535041809, -0.22037962079048157], "cam_t_m2c": [-8.784863471984863, 108.41902923583984, 838.7594604492188], "obj_id": 1}, {"cam_R_m2c": [0.8187494277954102, 0.5419871807098389, -0.18947090208530426, -0.17090123891830444, 0.5450993776321411, 0.8207675218582153, 0.5481259822845459, -0.639622151851654, 0.5389261245727539], "cam_t_m2c": [382.1138610839844, 186.53201293945312, 821.788818359375], "obj_id": 1}, {"cam_R_m2c": [0.29163026809692383, 0.9565266966819763, -0.002876314101740718, 0.58329176902771, -0.17545166611671448, 0.7930871248245239, 0.7581044435501099, -0.232965886592865, -0.6091011762619019], "cam_t_m2c": [143.21871948242188, -87.86905670166016, 559.4601440429688], "obj_id": 1}, {"cam_R_m2c": [0.26545464992523193, 0.37102606892585754, -0.8898727297782898, 0.5612488985061646, -0.8099420070648193, -0.17027543485164642, -0.7839218974113464, -0.4542396664619446, -0.4232408404350281], "cam_t_m2c": [43.653141021728516, 112.98966979980469, 974.768798828125], "obj_id": 1}, {"cam_R_m2c": [-0.0038226430770009756, 0.9144328236579895, -0.4047195613384247, 0.967089831829071, 0.10634534060955048, 0.23114456236362457, 0.254406213760376, -0.39051660895347595, -0.884745180606842], "cam_t_m2c": [-17.793243408203125, 29.910179138183594, 880.6796264648438], "obj_id": 1}, {"cam_R_m2c": [0.7976749539375305, 0.3937692940235138, 0.45679357647895813, 0.5177085995674133, -0.05858103930950165, -0.853549063205719, -0.3093419671058655, 0.9173406958580017, -0.2505863606929779], "cam_t_m2c": [211.96481323242188, 8.072864532470703, 944.1409301757812], "obj_id": 1}, {"cam_R_m2c": [-0.6197959184646606, 0.7428860664367676, 0.25292959809303284, -0.20083820819854736, -0.4617222845554352, 0.8639887571334839, 0.7586284279823303, 0.48469874262809753, 0.435373455286026], "cam_t_m2c": [115.180419921875, 160.7517852783203, 895.2138671875], "obj_id": 1}, {"cam_R_m2c": [0.21504759788513184, -0.9539154171943665, 0.2092842012643814, -0.1824340671300888, 0.17128708958625793, 0.9681831002235413, -0.9594125151634216, -0.24638602137565613, -0.1371918022632599], "cam_t_m2c": [46.34115219116211, 40.25457000732422, 923.7066650390625], "obj_id": 1}, {"cam_R_m2c": [-0.3484436273574829, -0.31943461298942566, 0.8812198042869568, -0.4622059166431427, -0.7593346238136292, -0.45801347494125366, 0.8154461979866028, -0.5668969750404358, 0.1169409453868866], "cam_t_m2c": [-22.692142486572266, -122.30997467041016, 615.186767578125], "obj_id": 1}, {"cam_R_m2c": [-0.02240944094955921, -0.47286149859428406, -0.8808518052101135, -0.7940000295639038, -0.5269724726676941, 0.30309078097343445, -0.6075045466423035, 0.706188440322876, -0.36364293098449707], "cam_t_m2c": [212.62339782714844, 0.34772419929504395, 652.8414916992188], "obj_id": 1}, {"cam_R_m2c": [-0.35517609119415283, -0.9149220585823059, 0.19174827635288239, 0.9178401827812195, -0.3802119791507721, -0.11405283957719803, 0.17725446820259094, 0.13548544049263, 0.9747946262359619], "cam_t_m2c": [179.5065155029297, -53.96995162963867, 825.48095703125], "obj_id": 1}, {"cam_R_m2c": [-0.0010639580432325602, -0.2975483536720276, 0.9547061324119568, 0.7903624773025513, 0.5846402645111084, 0.1830926537513733, -0.6126385927200317, 0.7547587156295776, 0.23454903066158295], "cam_t_m2c": [56.94522476196289, 24.61127281188965, 603.73193359375], "obj_id": 1}, {"cam_R_m2c": [0.046243783086538315, 0.9086710810661316, -0.4149436950683594, -0.2380627989768982, -0.3933946490287781, -0.8880127668380737, -0.9701482057571411, 0.13984769582748413, 0.19812878966331482], "cam_t_m2c": [-9.837616920471191, -112.85504913330078, 722.6875610351562], "obj_id": 1}, {"cam_R_m2c": [-0.8913342356681824, -0.43251311779022217, -0.13585162162780762, 0.2399277687072754, -0.7043055891990662, 0.6681229472160339, -0.3846530020236969, 0.5629262924194336, 0.7315436005592346], "cam_t_m2c": [29.099796295166016, 68.92503356933594, 585.8677978515625], "obj_id": 1}, {"cam_R_m2c": [0.7975850701332092, 0.5986381769180298, -0.07409708201885223, -0.2395026832818985, 0.20154131948947906, -0.9497470259666443, -0.553621232509613, 0.7752504944801331, 0.30412182211875916], "cam_t_m2c": [88.07289123535156, 39.456329345703125, 609.2866821289062], "obj_id": 1}, {"cam_R_m2c": [0.3429008722305298, -0.2547592520713806, -0.9041662812232971, -0.3692495822906494, -0.9215975999832153, 0.11963456124067307, -0.8637555837631226, 0.29284024238586426, -0.41008633375167847], "cam_t_m2c": [117.03939819335938, 79.28754425048828, 923.1173706054688], "obj_id": 1}, {"cam_R_m2c": [-0.5327557921409607, -0.807020366191864, -0.25473374128341675, -0.09290538728237152, 0.3549633026123047, -0.9302524328231812, 0.8411538004875183, -0.4719312787055969, -0.26408523321151733], "cam_t_m2c": [306.54608154296875, -24.466432571411133, 819.90625], "obj_id": 1}, {"cam_R_m2c": [0.808169424533844, -0.11549395322799683, 0.5775147676467896, -0.44896194338798523, 0.5138334631919861, 0.7310324311256409, -0.381176233291626, -0.8500801920890808, 0.363412082195282], "cam_t_m2c": [253.45542907714844, -134.3804931640625, 854.6063842773438], "obj_id": 1}, {"cam_R_m2c": [-0.09467950463294983, -0.85236656665802, 0.5143023729324341, -0.25835883617401123, 0.5199604630470276, 0.8141816854476929, -0.961398184299469, -0.055788204073905945, -0.2694460153579712], "cam_t_m2c": [164.45567321777344, 10.5742769241333, 694.897216796875], "obj_id": 1}, {"cam_R_m2c": [0.808271050453186, 0.5758686065673828, 0.12277301400899887, 0.45422032475471497, -0.7424921989440918, 0.4923301935195923, 0.37467554211616516, -0.34217023849487305, -0.8617061972618103], "cam_t_m2c": [129.03988647460938, -154.15322875976562, 705.47021484375], "obj_id": 1}, {"cam_R_m2c": [-0.9339321851730347, 0.16237211227416992, -0.3184428811073303, 0.35628625750541687, 0.4946900010108948, -0.7926802039146423, 0.028821345418691635, -0.8537663817405701, -0.5198578238487244], "cam_t_m2c": [-8.633719444274902, 49.20344161987305, 920.0081787109375], "obj_id": 1}, {"cam_R_m2c": [-0.9697918891906738, 0.1888662874698639, -0.15437905490398407, 0.023377830162644386, 0.7019221782684326, 0.7118698358535767, 0.24281030893325806, 0.6867566704750061, -0.685133695602417], "cam_t_m2c": [-31.520523071289062, 134.25498962402344, 816.7247924804688], "obj_id": 1}, {"cam_R_m2c": [-0.19523508846759796, 0.8977156281471252, 0.39495551586151123, 0.9112862944602966, 0.3149105906486511, -0.2653084099292755, -0.3625471889972687, 0.3081200420856476, -0.8795574903488159], "cam_t_m2c": [194.25161743164062, 5.869544982910156, 934.7071533203125], "obj_id": 1}, {"cam_R_m2c": [0.9600438475608826, -0.2236606329679489, -0.1682012975215912, -0.23446513712406158, -0.31471869349479675, -0.9197707176208496, 0.1527804136276245, 0.9224575757980347, -0.35458439588546753], "cam_t_m2c": [89.31290435791016, -176.7205352783203, 800.2245483398438], "obj_id": 1}, {"cam_R_m2c": [0.19700734317302704, -0.40341633558273315, 0.8935566544532776, 0.9419520497322083, -0.1748572289943695, -0.2866206169128418, 0.27187222242355347, 0.8981538414955139, 0.34555062651634216], "cam_t_m2c": [173.56399536132812, -34.20615768432617, 578.3157958984375], "obj_id": 1}, {"cam_R_m2c": [0.7078166007995605, 0.48431482911109924, 0.5142322182655334, -0.010279343463480473, 0.7349504828453064, -0.6780428886413574, -0.7063214182853699, 0.4746440649032593, 0.5251885652542114], "cam_t_m2c": [124.11903381347656, 121.91720581054688, 927.18359375], "obj_id": 1}, {"cam_R_m2c": [-0.7296648025512695, -0.5964305996894836, 0.33445438742637634, -0.5548234581947327, 0.8022801280021667, 0.22026695311069489, -0.3997000753879547, -0.024842092767357826, -0.9163092374801636], "cam_t_m2c": [99.1149673461914, 99.42805480957031, 589.3140869140625], "obj_id": 1}, {"cam_R_m2c": [0.5580360293388367, 0.8181201815605164, -0.13883499801158905, 0.12235808372497559, -0.24660290777683258, -0.961361289024353, -0.8207461833953857, 0.519486665725708, -0.2377169281244278], "cam_t_m2c": [-64.72134399414062, -111.98709869384766, 649.1713256835938], "obj_id": 1}, {"cam_R_m2c": [-0.015775736421346664, 0.8269225358963013, -0.562094509601593, -0.41178426146507263, -0.5176501274108887, -0.7499813437461853, -0.9111447930335999, 0.2196301519870758, 0.3486800491809845], "cam_t_m2c": [185.0785675048828, -69.6113052368164, 607.5886840820312], "obj_id": 1}, {"cam_R_m2c": [0.7517421245574951, 0.5324451327323914, -0.3890834450721741, -0.40555915236473083, 0.8385117650032043, 0.3638952076435089, 0.5200052857398987, -0.11575897783041, 0.8462826609611511], "cam_t_m2c": [233.75279235839844, 45.72105407714844, 868.4575805664062], "obj_id": 1}, {"cam_R_m2c": [0.09743735939264297, -0.5930213928222656, -0.7992693185806274, 0.36199063062667847, -0.726967990398407, 0.58350670337677, -0.9270753264427185, -0.3461833596229553, 0.1438344568014145], "cam_t_m2c": [120.24734497070312, -23.813621520996094, 767.6502075195312], "obj_id": 1}, {"cam_R_m2c": [0.43173977732658386, 0.256715327501297, -0.8646953105926514, 0.8271268606185913, -0.49508100748062134, 0.26599961519241333, -0.359808087348938, -0.8300553560256958, -0.4260822832584381], "cam_t_m2c": [-10.007814407348633, -85.57266998291016, 774.916259765625], "obj_id": 1}, {"cam_R_m2c": [-0.32236453890800476, -0.9442426562309265, 0.06698454916477203, 0.3284669816493988, -0.04521157220005989, 0.9434327483177185, -0.8878009915351868, 0.3261314630508423, 0.3247271478176117], "cam_t_m2c": [198.41981506347656, 85.17591857910156, 885.967041015625], "obj_id": 1}, {"cam_R_m2c": [0.6061012744903564, -0.6185257434844971, 0.5000671148300171, -0.7803101539611816, -0.5842289328575134, 0.22314272820949554, 0.15413415431976318, -0.5254545211791992, -0.8367438316345215], "cam_t_m2c": [295.6487731933594, 131.2218017578125, 809.9088745117188], "obj_id": 1}, {"cam_R_m2c": [-0.7158395051956177, 0.5459128022193909, 0.43537670373916626, -0.4826236069202423, 0.06378563493490219, -0.8735020160675049, -0.5046266913414001, -0.8354104161262512, 0.21781021356582642], "cam_t_m2c": [18.782695770263672, -102.00543212890625, 705.66943359375], "obj_id": 1}, {"cam_R_m2c": [0.7706723213195801, 0.08801218867301941, 0.6311244368553162, 0.22880394756793976, -0.9625892043113708, -0.14515887200832367, 0.594737708568573, 0.25627368688583374, -0.7619783878326416], "cam_t_m2c": [104.1207046508789, 60.493446350097656, 617.2718505859375], "obj_id": 1}, {"cam_R_m2c": [-0.4027092754840851, 0.67518150806427, 0.6180251836776733, -0.40171393752098083, 0.4763263761997223, -0.7821375131607056, -0.8224664926528931, -0.5632433891296387, 0.07940879464149475], "cam_t_m2c": [243.86000061035156, 73.9044189453125, 882.9266357421875], "obj_id": 1}, {"cam_R_m2c": [0.5603571534156799, -0.8199499249458313, 0.11696983128786087, 0.7364670634269714, 0.557884156703949, 0.382598340511322, -0.3789671063423157, -0.12824729084968567, 0.916480541229248], "cam_t_m2c": [113.00926208496094, -197.4089813232422, 888.1655883789062], "obj_id": 1}, {"cam_R_m2c": [-0.12894050776958466, -0.027519574388861656, 0.9912703633308411, -0.3772720694541931, -0.9230846762657166, -0.07470069080591202, 0.9170823097229004, -0.3836106061935425, 0.10864077508449554], "cam_t_m2c": [-29.47028923034668, -116.31031036376953, 660.4981689453125], "obj_id": 1}, {"cam_R_m2c": [-0.6825160980224609, 0.1942821592092514, 0.7045751810073853, 0.13614597916603088, -0.9133520126342773, 0.3837345838546753, 0.7180779576301575, 0.35783010721206665, 0.5969268083572388], "cam_t_m2c": [-69.18848419189453, -70.8414306640625, 675.9417114257812], "obj_id": 1}, {"cam_R_m2c": [-0.21203705668449402, -0.7346235513687134, 0.6444909572601318, -0.8635351061820984, 0.4496085047721863, 0.22838425636291504, -0.45754507184028625, -0.5081146359443665, -0.729706883430481], "cam_t_m2c": [5.933319568634033, -235.934326171875, 801.1166381835938], "obj_id": 1}, {"cam_R_m2c": [-0.1577228158712387, 0.21488292515277863, -0.9638197422027588, -0.9830092787742615, 0.058638934046030045, 0.173936665058136, 0.09389326721429825, 0.9748777151107788, 0.20198339223861694], "cam_t_m2c": [-9.409967422485352, -84.05865478515625, 782.6140747070312], "obj_id": 1}, {"cam_R_m2c": [0.1471378058195114, -0.8777788877487183, 0.4559106230735779, 0.5907008647918701, 0.44768595695495605, 0.67130446434021, -0.7933617234230042, 0.17053261399269104, 0.5843763947486877], "cam_t_m2c": [14.016120910644531, 27.78940773010254, 818.1300659179688], "obj_id": 1}, {"cam_R_m2c": [0.14398416876792908, -0.43028518557548523, -0.8911358118057251, -0.05650436505675316, -0.902624785900116, 0.4267030358314514, -0.9879654049873352, -0.011085376143455505, -0.1542765200138092], "cam_t_m2c": [119.35057830810547, 92.60761260986328, 1011.1427001953125], "obj_id": 3}, {"cam_R_m2c": [-0.6481800079345703, 0.3461531102657318, -0.6782629489898682, 0.625429630279541, 0.7501129508018494, -0.21486809849739075, 0.43439656496047974, -0.563478946685791, -0.7027026414871216], "cam_t_m2c": [109.73592376708984, 202.31053161621094, 750.2044677734375], "obj_id": 1}, {"cam_R_m2c": [0.3508387506008148, -0.9271455407142639, -0.13157983124256134, -0.007528279908001423, 0.13771434128284454, -0.9904432892799377, 0.9364055395126343, 0.3484764099121094, 0.04133576527237892], "cam_t_m2c": [160.35398864746094, -233.19589233398438, 828.2723388671875], "obj_id": 1}, {"cam_R_m2c": [-0.6838447451591492, 0.6487690210342407, 0.3338487446308136, 0.721538782119751, 0.6692621111869812, 0.17739784717559814, -0.10834208130836487, 0.3621973991394043, -0.9257833957672119], "cam_t_m2c": [337.1094970703125, 35.44557189941406, 805.3574829101562], "obj_id": 1}, {"cam_R_m2c": [0.9654943346977234, 0.1319085955619812, -0.22454571723937988, -0.15678401291370392, 0.9828832745552063, -0.09674340486526489, 0.207940936088562, 0.12861038744449615, 0.9696493744850159], "cam_t_m2c": [120.53763580322266, -239.3136444091797, 828.5159912109375], "obj_id": 1}, {"cam_R_m2c": [0.7054730653762817, -0.15227964520454407, -0.6921839714050293, 0.44092485308647156, -0.6703291535377502, 0.5968616604804993, -0.5548810958862305, -0.7262709140777588, -0.40575525164604187], "cam_t_m2c": [118.5732421875, 152.43211364746094, 928.0542602539062], "obj_id": 3}, {"cam_R_m2c": [0.7719615697860718, 0.5796232223510742, 0.26098325848579407, -0.15857762098312378, -0.22198541462421417, 0.9620683789253235, 0.6155716776847839, -0.7840659022331238, -0.07944893091917038], "cam_t_m2c": [245.9409637451172, -99.11237335205078, 831.973388671875], "obj_id": 1}, {"cam_R_m2c": [-0.015316030941903591, -0.7620344161987305, -0.6473553776741028, -0.3274962604045868, 0.6155416965484619, -0.7168365716934204, 0.9447283148765564, 0.20102737843990326, -0.2589910924434662], "cam_t_m2c": [363.8216552734375, 24.132936477661133, 693.968017578125], "obj_id": 1}, {"cam_R_m2c": [-0.5225492715835571, 0.7921801805496216, 0.315265953540802, 0.4681018590927124, -0.04249510169029236, 0.8826520442962646, 0.7126168012619019, 0.6088058948516846, -0.3486151397228241], "cam_t_m2c": [-4.783000946044922, 135.12416076660156, 957.6392211914062], "obj_id": 1}, {"cam_R_m2c": [0.20479536056518555, -0.8142728805541992, 0.5431562066078186, 0.7299563884735107, -0.24263672530651093, -0.6389767527580261, 0.6520909667015076, 0.5273398160934448, 0.5446926951408386], "cam_t_m2c": [47.70098114013672, 63.0876579284668, 567.9539794921875], "obj_id": 3}, {"cam_R_m2c": [-0.0403531938791275, 0.8230763077735901, -0.5664953589439392, -0.43194958567619324, 0.4968716502189636, 0.7526872754096985, 0.9009945392608643, 0.27507075667381287, 0.3354771137237549], "cam_t_m2c": [163.15676879882812, -96.46305084228516, 646.8685913085938], "obj_id": 1}, {"cam_R_m2c": [0.04952206462621689, -0.9082968831062317, -0.4153843820095062, 0.9949439167976379, 0.008480656892061234, 0.10007289797067642, -0.08737319707870483, -0.4182400107383728, 0.9041245579719543], "cam_t_m2c": [-107.5508804321289, 153.3437957763672, 905.796142578125], "obj_id": 1}, {"cam_R_m2c": [0.25644344091415405, 0.6284413933753967, -0.734369158744812, 0.7956368923187256, -0.5686544179916382, -0.20879167318344116, -0.5488156676292419, -0.5307480096817017, -0.6458388566970825], "cam_t_m2c": [57.184715270996094, 144.84796142578125, 810.93603515625], "obj_id": 3}, {"cam_R_m2c": [0.562400221824646, -0.42672502994537354, -0.708245575428009, -0.757486879825592, 0.07755265384912491, -0.6482277512550354, 0.3315412998199463, 0.9010500907897949, -0.27962297201156616], "cam_t_m2c": [214.29991149902344, -215.27984619140625, 807.3955078125], "obj_id": 1}, {"cam_R_m2c": [0.9585157632827759, 0.08185987919569016, -0.27303194999694824, -0.09178610146045685, 0.9954952597618103, -0.023760275915265083, 0.2698569893836975, 0.04783513769507408, 0.9617115259170532], "cam_t_m2c": [242.74620056152344, -115.36186981201172, 733.5174560546875], "obj_id": 3}, {"cam_R_m2c": [0.4495031535625458, 0.23502036929130554, 0.8618075847625732, 0.8688696026802063, -0.33902469277381897, -0.3607323467731476, 0.20739462971687317, 0.9109487533569336, -0.3565947115421295], "cam_t_m2c": [178.24539184570312, 78.11956024169922, 984.0537109375], "obj_id": 3}, {"cam_R_m2c": [0.2198304533958435, -0.43129029870033264, -0.8750218749046326, -0.4269821047782898, 0.7639453411102295, -0.48381176590919495, 0.8771321773529053, 0.47997525334358215, -0.01621479168534279], "cam_t_m2c": [117.7356948852539, 28.744972229003906, 841.2306518554688], "obj_id": 3}, {"cam_R_m2c": [-0.805015504360199, -0.5756473541259766, -0.14345714449882507, 0.45117539167404175, -0.43703699111938477, -0.778099775314331, 0.38521504402160645, -0.6911067962646484, 0.6115396618843079], "cam_t_m2c": [121.15748596191406, 84.46493530273438, 1014.581298828125], "obj_id": 3}, {"cam_R_m2c": [0.09111738204956055, 0.145244300365448, -0.9851910471916199, 0.9632101058959961, 0.23831847310066223, 0.12421897053718567, 0.25283122062683105, -0.9602646231651306, -0.11818574368953705], "cam_t_m2c": [3.4930331707000732, -77.14462280273438, 809.3828735351562], "obj_id": 1}, {"cam_R_m2c": [-0.23778343200683594, 0.8113633990287781, 0.5339927673339844, -0.3359873294830322, -0.5845295190811157, 0.7385374307632446, 0.9113568663597107, -0.003802783787250519, 0.41159942746162415], "cam_t_m2c": [-21.21466827392578, 187.4886474609375, 829.810302734375], "obj_id": 3}, {"cam_R_m2c": [0.24158528447151184, 0.14619295299053192, -0.9593039751052856, 0.9573114514350891, 0.12578977644443512, 0.2602531611919403, 0.1587177962064743, -0.9812260270118713, -0.10956321656703949], "cam_t_m2c": [207.09815979003906, 74.48754119873047, 718.3815307617188], "obj_id": 3}, {"cam_R_m2c": [0.2852398455142975, -0.8625692129135132, 0.417866587638855, 0.2748512625694275, -0.34405460953712463, -0.8978212475776672, 0.9182019829750061, 0.3709454834461212, 0.1389402598142624], "cam_t_m2c": [-43.2927131652832, 78.82056427001953, 787.8948364257812], "obj_id": 3}, {"cam_R_m2c": [-0.5696327686309814, 0.5289756655693054, -0.6290493011474609, 0.1704019457101822, 0.8247402310371399, 0.5392278432846069, 0.8040406703948975, 0.19997070729732513, -0.5599375367164612], "cam_t_m2c": [82.06468963623047, -180.84750366210938, 852.5904541015625], "obj_id": 1}, {"cam_R_m2c": [0.5047341585159302, 0.3506624698638916, -0.7888467311859131, 0.2825387418270111, 0.7963559031486511, 0.5347794890403748, 0.8157298564910889, -0.4928012192249298, 0.30287227034568787], "cam_t_m2c": [-119.6152572631836, -138.1417236328125, 784.4090576171875], "obj_id": 3}, {"cam_R_m2c": [0.40816691517829895, -0.4395250082015991, 0.8001359105110168, 0.600550651550293, 0.7893930077552795, 0.1272697001695633, -0.687559962272644, 0.42857488989830017, 0.5861611366271973], "cam_t_m2c": [166.56321716308594, 32.803794860839844, 913.90869140625], "obj_id": 3}, {"cam_R_m2c": [-0.33212608098983765, 0.6720984578132629, -0.6617975234985352, 0.9121119976043701, 0.05009941756725311, -0.4068682789802551, -0.24029986560344696, -0.7387650012969971, -0.6296684145927429], "cam_t_m2c": [175.17164611816406, 24.58382797241211, 689.5369873046875], "obj_id": 1}, {"cam_R_m2c": [0.8856073021888733, -0.4564572870731354, -0.0857115089893341, 0.4512263238430023, 0.8019411563873291, 0.3915165066719055, -0.10997498780488968, -0.38540518283843994, 0.9161704778671265], "cam_t_m2c": [-64.82161712646484, -24.82993507385254, 827.6133422851562], "obj_id": 1}, {"cam_R_m2c": [-0.14171965420246124, 0.9495758414268494, 0.2796807885169983, 0.5618532299995422, 0.3097739815711975, -0.7670469880104065, -0.8150070905685425, 0.048433952033519745, -0.5774233341217041], "cam_t_m2c": [-35.186683654785156, -181.56201171875, 823.7286376953125], "obj_id": 1}, {"cam_R_m2c": [-0.029519760981202126, -0.9550065398216248, -0.29511207342147827, 0.43354469537734985, 0.25379106402397156, -0.8646554946899414, 0.9006484150886536, -0.15346869826316833, 0.40654614567756653], "cam_t_m2c": [295.5239562988281, 184.7083740234375, 812.7798461914062], "obj_id": 1}, {"cam_R_m2c": [0.16790659725666046, -0.8235164284706116, 0.5418745279312134, 0.6122019290924072, -0.34372827410697937, -0.7120811343193054, 0.772668182849884, 0.4512997269630432, 0.44644415378570557], "cam_t_m2c": [-114.73304748535156, -194.48658752441406, 762.432373046875], "obj_id": 1}, {"cam_R_m2c": [-0.5879419445991516, 0.7934370636940002, -0.15742270648479462, -0.3244220018386841, -0.409568727016449, -0.8526451587677002, -0.7409957051277161, -0.4502345025539398, 0.4982110857963562], "cam_t_m2c": [187.7165069580078, 85.96746063232422, 914.9135131835938], "obj_id": 3}, {"cam_R_m2c": [-0.3859521746635437, -0.039961423724889755, -0.9216527938842773, 0.14516191184520721, 0.9839845895767212, -0.103452168405056, 0.9110262393951416, -0.1737164705991745, -0.3739701211452484], "cam_t_m2c": [139.3891143798828, -55.45376205444336, 922.2030029296875], "obj_id": 3}, {"cam_R_m2c": [-0.027053063735365868, -0.6638267636299133, 0.7473968267440796, 0.2878803312778473, -0.7211688756942749, -0.6301112771034241, 0.957284152507782, 0.19811438024044037, 0.21061258018016815], "cam_t_m2c": [196.96018981933594, -47.98298263549805, 731.5235595703125], "obj_id": 3}, {"cam_R_m2c": [-0.8735531568527222, 0.07493530958890915, 0.48092538118362427, 0.3539813160896301, 0.7759819030761719, 0.5220624804496765, -0.3340684473514557, 0.6262880563735962, -0.7043871283531189], "cam_t_m2c": [328.77691650390625, -31.429134368896484, 774.0393676757812], "obj_id": 1}, {"cam_R_m2c": [0.8028655648231506, -0.5729095935821533, 0.16486789286136627, -0.5571675896644592, -0.8194624185562134, -0.13433346152305603, 0.2120639979839325, 0.015992671251296997, -0.977124810218811], "cam_t_m2c": [50.57688903808594, 10.5177640914917, 839.9351196289062], "obj_id": 3}, {"cam_R_m2c": [0.05944972485303879, -0.27661633491516113, -0.9591398239135742, 0.32736149430274963, -0.9023004770278931, 0.2805144488811493, -0.943027138710022, -0.33066195249557495, 0.036912012845277786], "cam_t_m2c": [208.09078979492188, -23.209054946899414, 655.4236450195312], "obj_id": 1}, {"cam_R_m2c": [0.6444603800773621, 0.6188540458679199, -0.44909968972206116, -0.4799235761165619, 0.7846144437789917, 0.39249658584594727, 0.595268189907074, -0.037415001541376114, 0.8026555776596069], "cam_t_m2c": [193.13836669921875, -128.76551818847656, 660.0718383789062], "obj_id": 1}, {"cam_R_m2c": [0.2168961465358734, 0.43171003460884094, -0.8755469918251038, -0.8613021969795227, 0.5067794322967529, 0.036512743681669235, 0.45947209000587463, 0.7461910247802734, 0.48175129294395447], "cam_t_m2c": [59.8570556640625, 85.97374725341797, 758.5513916015625], "obj_id": 3}, {"cam_R_m2c": [0.23723015189170837, -0.9375497698783875, 0.2544059455394745, -0.9197046160697937, -0.3010878264904022, -0.251971572637558, 0.31283438205718994, -0.1742030382156372, -0.9336959719657898], "cam_t_m2c": [105.48148345947266, 35.19234085083008, 1061.331787109375], "obj_id": 3}, {"cam_R_m2c": [-0.0007229499751701951, 0.8813571333885193, 0.47245001792907715, 0.40611159801483154, 0.43199485540390015, -0.805266261100769, -0.913823127746582, 0.19128522276878357, -0.35824164748191833], "cam_t_m2c": [-102.27265930175781, 125.58960723876953, 955.9754028320312], "obj_id": 3}, {"cam_R_m2c": [-0.43176987767219543, 0.8488194346427917, 0.3050903081893921, 0.05566110834479332, -0.31252506375312805, 0.9482772350311279, 0.9002646207809448, 0.42641931772232056, 0.08769281953573227], "cam_t_m2c": [136.82359313964844, -83.30118560791016, 594.8133544921875], "obj_id": 1}, {"cam_R_m2c": [-0.03685036674141884, 0.27568569779396057, 0.9605412483215332, 0.13734126091003418, 0.9534703493118286, -0.2683872878551483, -0.9898380637168884, 0.12203176319599152, -0.07299874722957611], "cam_t_m2c": [-19.392126083374023, 171.84202575683594, 786.853515625], "obj_id": 1}, {"cam_R_m2c": [0.27956753969192505, -0.9582799077033997, 0.059511370956897736, -0.9600719213485718, -0.2783564031124115, 0.02792152762413025, -0.010191268287599087, -0.0649411529302597, -0.9978370666503906], "cam_t_m2c": [-39.4405632019043, 182.4827117919922, 774.6101684570312], "obj_id": 3}, {"cam_R_m2c": [0.3640029728412628, 0.5589675307273865, -0.7450215816497803, 0.8130971193313599, -0.5808513760566711, -0.03853217139840126, -0.45428505539894104, -0.5917490720748901, -0.665926456451416], "cam_t_m2c": [103.37101745605469, 1.382282018661499, 907.4883422851562], "obj_id": 3}, {"cam_R_m2c": [0.47455400228500366, -0.7257043123245239, -0.49814826250076294, 0.8773545622825623, 0.43564823269844055, 0.20114554464817047, 0.07104520499706268, -0.532507061958313, 0.8434386849403381], "cam_t_m2c": [354.58917236328125, 188.82872009277344, 850.4380493164062], "obj_id": 3}, {"cam_R_m2c": [-0.6559135913848877, -0.20922258496284485, 0.7252607345581055, -0.08600766956806183, -0.9338464140892029, -0.347179114818573, 0.7499198913574219, -0.29009750485420227, 0.5945279598236084], "cam_t_m2c": [204.4086151123047, 116.53471374511719, 970.9791870117188], "obj_id": 3}, {"cam_R_m2c": [-0.9652332067489624, -0.258696585893631, -0.037423595786094666, -0.1252983957529068, 0.3322724997997284, 0.9348235726356506, -0.2294008731842041, 0.9070121049880981, -0.3531345725059509], "cam_t_m2c": [118.40248107910156, 13.780263900756836, 579.9695434570312], "obj_id": 3}, {"cam_R_m2c": [0.634338915348053, -0.7125543355941772, 0.2998006343841553, -0.12186183035373688, 0.2907947897911072, 0.9489932060241699, -0.7633896470069885, -0.6385175585746765, 0.09762927889823914], "cam_t_m2c": [187.6189727783203, 73.49036407470703, 785.3390502929688], "obj_id": 3}, {"cam_R_m2c": [0.9663505554199219, -0.24785365164279938, 0.06881267577409744, -0.13736827671527863, -0.723427951335907, -0.6765958070755005, 0.21747776865959167, 0.6443760395050049, -0.7331322431564331], "cam_t_m2c": [133.6068878173828, -128.3670654296875, 627.236083984375], "obj_id": 3}, {"cam_R_m2c": [-0.2043134868144989, 0.6868550181388855, -0.6974855661392212, -0.3510302007198334, 0.6137214303016663, 0.7071943283081055, 0.9138017892837524, 0.38932785391807556, 0.11571530997753143], "cam_t_m2c": [119.46429443359375, 218.32797241210938, 750.249267578125], "obj_id": 1}, {"cam_R_m2c": [0.7700247764587402, -0.12195497751235962, -0.6262497901916504, 0.0030405211728066206, -0.9808485507965088, 0.19474761188030243, -0.6380066871643066, -0.15186460316181183, -0.7549068331718445], "cam_t_m2c": [8.741108894348145, -59.01462173461914, 573.89306640625], "obj_id": 3}, {"cam_R_m2c": [-0.031599029898643494, -0.7838696837425232, 0.6201207637786865, 0.6318697929382324, 0.4650534391403198, 0.6200530529022217, -0.7744300961494446, 0.41142868995666504, 0.48060840368270874], "cam_t_m2c": [197.4466094970703, 13.752900123596191, 745.690185546875], "obj_id": 1}, {"cam_R_m2c": [0.1196449026465416, -0.31562772393226624, -0.9413098096847534, -0.42320653796195984, -0.8738802671432495, 0.23922662436962128, -0.8980987071990967, 0.36974623799324036, -0.23813100159168243], "cam_t_m2c": [215.02682495117188, 101.47615814208984, 955.6260375976562], "obj_id": 3}, {"cam_R_m2c": [-0.6566961407661438, 0.5127597451210022, 0.553016722202301, -0.7166743874549866, -0.652603805065155, -0.2459389567375183, 0.23479323089122772, -0.55784010887146, 0.7960442900657654], "cam_t_m2c": [212.09266662597656, -161.45162963867188, 816.6275634765625], "obj_id": 3}, {"cam_R_m2c": [0.7502424120903015, -0.591762125492096, -0.2948794960975647, 0.6283783316612244, 0.7768955826759338, 0.03967273607850075, 0.20561376214027405, -0.2150600552558899, 0.9547104835510254], "cam_t_m2c": [184.06813049316406, -166.64837646484375, 781.5226440429688], "obj_id": 1}, {"cam_R_m2c": [0.8496561050415039, 0.19381625950336456, 0.4904281497001648, -0.16354522109031677, -0.7873037457466125, 0.5944794416427612, 0.5013356804847717, -0.5853102803230286, -0.6372396945953369], "cam_t_m2c": [-20.81709861755371, -222.67279052734375, 822.738525390625], "obj_i