{
  "0": [{"cam_R_m2c": [0.011303654871881008, 0.5262894034385681, -0.8502303957939148, -0.23849131166934967, -0.824327290058136, -0.5134261846542358, -0.9710788726806641, 0.20857614278793335, 0.11619753390550613], "cam_t_m2c": [-537.437255859375, -172.31527709960938, 637.0838623046875], "obj_id": 2}, {"cam_R_m2c": [0.0718965008854866, 0.9759504795074463, 0.20579475164413452, 0.10540808737277985, -0.21260790526866913, 0.9714354872703552, 0.991826593875885, -0.04815036058425903, -0.11815881729125977], "cam_t_m2c": [-454.3399963378906, -18.072755813598633, 676.7816162109375], "obj_id": 2}, {"cam_R_m2c": [0.044502899050712585, 0.7340118288993835, -0.6776769161224365, -0.21159398555755615, -0.6560331583023071, -0.7244641780853271, -0.9763438701629639, 0.17563308775424957, 0.12611719965934753], "cam_t_m2c": [-82.91202545166016, -341.67071533203125, 622.1341552734375], "obj_id": 2}, {"cam_R_m2c": [0.1876738965511322, 0.4572190046310425, 0.8693268895149231, 0.16346798837184906, -0.8872491717338562, 0.43135499954223633, 0.9685332775115967, 0.06115304306149483, -0.24125418066978455], "cam_t_m2c": [-588.4020385742188, -561.2135009765625, 721.71240234375], "obj_id": 1}, {"cam_R_m2c": [0.6485925316810608, 0.677798330783844, 0.34629058837890625, -0.6698389053344727, 0.7243511080741882, -0.1631908118724823, -0.36144644021987915, -0.12611457705497742, 0.9238244295120239], "cam_t_m2c": [53.82323455810547, -251.12831115722656, 833.4837036132812], "obj_id": 3}, {"cam_R_m2c": [-0.029476702213287354, 0.6364642381668091, 0.7707427144050598, 0.022013571113348007, -0.7704773545265198, 0.6370870471000671, 0.9993230104446411, 0.035746052861213684, 0.008700361475348473], "cam_t_m2c": [-618.6980590820312, -249.22731018066406, 704.249755859375], "obj_id": 1}, {"cam_R_m2c": [0.06949819624423981, -0.9973797798156738, -0.020087802782654762, -0.2831621468067169, -0.000414664507843554, -0.959071934223175, 0.956550657749176, 0.07234185189008713, -0.28244897723197937], "cam_t_m2c": [-660.5637817382812, -297.26934814453125, 684.4705200195312], "obj_id": 1}, {"cam_R_m2c": [-0.07494102418422699, 0.3000876307487488, 0.9509633779525757, 0.12192898243665695, -0.943731963634491, 0.30741429328918457, 0.9897056818008423, 0.13898791372776031, 0.03413473814725876], "cam_t_m2c": [-523.4139404296875, -119.64515686035156, 670.0908813476562], "obj_id": 1}, {"cam_R_m2c": [0.9785045981407166, -0.20092181861400604, 0.04646666347980499, 0.20509494841098785, 0.9245629906654358, -0.3211219608783722, 0.021559055894613266, 0.3237493932247162, 0.9458972215652466], "cam_t_m2c": [-620.8627319335938, -183.64276123046875, 724.696044921875], "obj_id": 1}, {"cam_R_m2c": [-0.19065867364406586, 0.9390137195587158, -0.28618600964546204, -0.11820366233587265, -0.3113729655742645, -0.9429075717926025, -0.9745137691497803, -0.14594529569149017, 0.17036084830760956], "cam_t_m2c": [-38.760990142822266, -424.4460754394531, 627.73095703125], "obj_id": 2}],
  "1": [{"cam_R_m2c": [0.011303654871881008, 0.5262894034385681, -0.8502303957939148, -0.23849131166934967, -0.824327290058136, -0.5134261846542358, -0.9710788726806641, 0.20857614278793335, 0.11619753390550613], "cam_t_m2c": [-537.437255859375, -172.31527709960938, 637.0838623046875], "obj_id": 2}, {"cam_R_m2c": [0.0718965008854866, 0.9759504795074463, 0.20579475164413452, 0.10540808737277985, -0.21260790526866913, 0.9714354872703552, 0.991826593875885, -0.04815036058425903, -0.11815881729125977], "cam_t_m2c": [-454.3399963378906, -18.072755813598633, 676.7816162109375], "obj_id": 2}, {"cam_R_m2c": [0.044502899050712585, 0.7340118288993835, -0.6776769161224365, -0.21159398555755615, -0.6560331583023071, -0.7244641780853271, -0.9763438701629639, 0.17563308775424957, 0.12611719965934753], "cam_t_m2c": [-82.91202545166016, -341.67071533203125, 622.1341552734375], "obj_id": 2}, {"cam_R_m2c": [0.1876738965511322, 0.4572190046310425, 0.8693268895149231, 0.16346798837184906, -0.8872491717338562, 0.43135499954223633, 0.9685332775115967, 0.06115304306149483, -0.24125418066978455], "cam_t_m2c": [-588.4020385742188, -561.2135009765625, 721.71240234375], "obj_id": 1}, {"cam_R_m2c": [0.6485925316810608, 0.677798330783844, 0.34629058837890625, -0.6698389053344727, 0.7243511080741882, -0.1631908118724823, -0.36144644021987915, -0.12611457705497742, 0.9238244295120239], "cam_t_m2c": [53.82323455810547, -251.12831115722656, 833.4837036132812], "obj_id": 3}, {"cam_R_m2c": [-0.029476702213287354, 0.6364642381668091, 0.7707427144050598, 0.022013571113348007, -0.7704773545265198, 0.6370870471000671, 0.9993230104446411, 0.035746052861213684, 0.008700361475348473], "cam_t_m2c": [-618.6980590820312, -249.22731018066406, 704.249755859375], "obj_id": 1}, {"cam_R_m2c": [0.06949819624423981, -0.9973797798156738, -0.020087802782654762, -0.2831621468067169, -0.000414664507843554, -0.959071934223175, 0.956550657749176, 0.07234185189008713, -0.28244897723197937], "cam_t_m2c": [-660.5637817382812, -297.26934814453125, 684.4705200195312], "obj_id": 1}, {"cam_R_m2c": [-0.07494102418422699, 0.3000876307487488, 0.9509633779525757, 0.12192898243665695, -0.943731963634491, 0.30741429328918457, 0.9897056818008423, 0.13898791372776031, 0.03413473814725876], "cam_t_m2c": [-523.4139404296875, -119.64515686035156, 670.0908813476562], "obj_id": 1}, {"cam_R_m2c": [0.9785045981407166, -0.20092181861400604, 0.04646666347980499, 0.20509494841098785, 0.9245629906654358, -0.3211219608783722, 0.021559055894613266, 0.3237493932247162, 0.9458972215652466], "cam_t_m2c": [-620.8627319335938, -183.64276123046875, 724.696044921875], "obj_id": 1}, {"cam_R_m2c": [-0.19065867364406586, 0.9390137195587158, -0.28618600964546204, -0.11820366233587265, -0.3113729655742645, -0.9429075717926025, -0.9745137691497803, -0.14594529569149017, 0.17036084830760956], "cam_t_m2c": [-38.760990142822266, -424.4460754394531, 627.73095703125], "obj_id": 2}],
  "2": [{"cam_R_m2c": [0.011303654871881008, 0.5262894034385681, -0.8502303957939148, -0.23849131166934967, -0.824327290058136, -0.5134261846542358, -0.9710788726806641, 0.20857614278793335, 0.11619753390550613], "cam_t_m2c": [-537.437255859375, -172.31527709960938, 637.0838623046875], "obj_id": 2}, {"cam_R_m2c": [0.0718965008854866, 0.9759504795074463, 0.20579475164413452, 0.10540808737277985, -0.21260790526866913, 0.9714354872703552, 0.991826593875885, -0.04815036058425903, -0.11815881729125977], "cam_t_m2c": [-454.3399963378906, -18.072755813598633, 676.7816162109375], "obj_id": 2}, {"cam_R_m2c": [0.044502899050712585, 0.7340118288993835, -0.6776769161224365, -0.21159398555755615, -0.6560331583023071, -0.7244641780853271, -0.9763438701629639, 0.17563308775424957, 0.12611719965934753], "cam_t_m2c": [-82.91202545166016, -341.67071533203125, 622.1341552734375], "obj_id": 2}, {"cam_R_m2c": [0.1876738965511322, 0.4572190046310425, 0.8693268895149231, 0.16346798837184906, -0.8872491717338562, 0.43135499954223633, 0.9685332775115967, 0.06115304306149483, -0.24125418066978455], "cam_t_m2c": [-588.4020385742188, -561.2135009765625, 721.71240234375], "obj_id": 1}, {"cam_R_m2c": [0.6485925316810608, 0.677798330783844, 0.34629058837890625, -0.6698389053344727, 0.7243511080741882, -0.1631908118724823, -0.36144644021987915, -0.12611457705497742, 0.9238244295120239], "cam_t_m2c": [53.82323455810547, -251.12831115722656, 833.4837036132812], "obj_id": 3}, {"cam_R_m2c": [-0.029476702213287354, 0.6364642381668091, 0.7707427144050598, 0.022013571113348007, -0.7704773545265198, 0.6370870471000671, 0.9993230104446411, 0.035746052861213684, 0.008700361475348473], "cam_t_m2c": [-618.6980590820312, -249.22731018066406, 704.249755859375], "obj_id": 1}, {"cam_R_m2c": [0.06949819624423981, -0.9973797798156738, -0.020087802782654762, -0.2831621468067169, -0.000414664507843554, -0.959071934223175, 0.956550657749176, 0.07234185189008713, -0.28244897723197937], "cam_t_m2c": [-660.5637817382812, -297.26934814453125, 684.4705200195312], "obj_id": 1}, {"cam_R_m2c": [-0.07494102418422699, 0.3000876307487488, 0.9509633779525757, 0.12192898243665695, -0.943731963634491, 0.30741429328918457, 0.9897056818008423, 0.13898791372776031, 0.03413473814725876], "cam_t_m2c": [-523.4139404296875, -119.64515686035156, 670.0908813476562], "obj_id": 1}, {"cam_R_m2c": [0.9785045981407166, -0.20092181861400604, 0.04646666347980499, 0.20509494841098785, 0.9245629906654358, -0.3211219608783722, 0.021559055894613266, 0.3237493932247162, 0.9458972215652466], "cam_t_m2c": [-620.8627319335938, -183.64276123046875, 724.696044921875], "obj_id": 1}, {"cam_R_m2c": [-0.19065867364406586, 0.9390137195587158, -0.28618600964546204, -0.11820366233587265, -0.3113729655742645, -0.9429075717926025, -0.9745137691497803, -0.14594529569149017, 0.17036084830760956], "cam_t_m2c": [-38.760990142822266, -424.4460754394531, 627.73095703125], "obj_id": 2}],
  "3": [{"cam_R_m2c": [-0.3383142948150635, 0.5559560060501099, -0.7592472434043884, -0.9398437142372131, -0.24017517268657684, 0.2429191768169403, -0.04729994386434555, 0.7957567572593689, 0.6037664413452148], "cam_t_m2c": [244.83094787597656, -169.27513122558594, 1315.0169677734375], "obj_id": 2}, {"cam_R_m2c": [0.34235528111457825, -0.3661915361881256, -0.865272581577301, 0.9378250241279602, 0.07707367092370987, 0.33844321966171265, -0.05724531412124634, -0.9273421168327332, 0.36981016397476196], "cam_t_m2c": [43.316062927246094, -82.29790496826172, 1340.38037109375], "obj_id": 0}, {"cam_R_m2c": [-0.5338643789291382, 0.6945116519927979, -0.4823298752307892, 0.09023751318454742, 0.6139572858810425, 0.7841642498970032, 0.8407411575317383, 0.37511321902275085, -0.3904408812522888], "cam_t_m2c": [373.48773193359375, -207.7747344970703, 1217.22509765625], "obj_id": 3}, {"cam_R_m2c": [0.4218149185180664, 0.5761301517486572, -0.7001043558120728, 0.890161395072937, -0.11641853302717209, 0.4405215084552765, 0.1722925752401352, -0.809024453163147, -0.5619559288024902], "cam_t_m2c": [189.30072021484375, -100.11776733398438, 1451.229248046875], "obj_id": 2}, {"cam_R_m2c": [0.5133670568466187, 0.3086923658847809, -0.8007267117500305, 0.8563922047615051, -0.2442941814661026, 0.45487645268440247, -0.05519603192806244, -0.919254720211029, -0.38977429270744324], "cam_t_m2c": [387.344482421875, -197.4055633544922, 1092.8258056640625], "obj_id": 0}, {"cam_R_m2c": [-0.052870284765958786, 0.2191087156534195, -0.9742669463157654, -0.9586102366447449, -0.2844705581665039, -0.011955633759498596, -0.2797698378562927, 0.9333101511001587, 0.22507989406585693], "cam_t_m2c": [279.77435302734375, -242.56442260742188, 1517.1094970703125], "obj_id": 1}, {"cam_R_m2c": [0.4218147397041321, 0.4995385408401489, -0.7566595077514648, 0.8901615738868713, -0.06958215683698654, 0.4503006935119629, 0.172292560338974, -0.8634926676750183, -0.474020779132843], "cam_t_m2c": [173.25088500976562, -55.25633239746094, 1258.7432861328125], "obj_id": 2}, {"cam_R_m2c": [-0.20040524005889893, -0.22304478287696838, 0.9539856910705566, 0.9790162444114685, -0.08231078833341599, 0.18641896545886993, 0.03694358095526695, 0.9713268280029297, 0.23486004769802094], "cam_t_m2c": [252.26699829101562, -75.65068054199219, 1234.8763427734375], "obj_id": 1}, {"cam_R_m2c": [0.5879615545272827, -0.213330939412117, -0.7802506685256958, -0.4132155179977417, 0.750023603439331, -0.5164470076560974, 0.6953805685043335, 0.6260626912117004, 0.35283342003822327], "cam_t_m2c": [158.75665283203125, -86.27633666992188, 1226.599853515625], "obj_id": 3}, {"cam_R_m2c": [0.33734118938446045, -0.06004052609205246, 0.9394658207893372, 0.6344643235206604, -0.7227531671524048, -0.27401256561279297, 0.6954537630081177, 0.6884933114051819, -0.20572082698345184], "cam_t_m2c": [402.8403015136719, -241.2593994140625, 1281.4620361328125], "obj_id": 0}, {"cam_R_m2c": [0.2823277413845062, -0.775100827217102, -0.5652517676353455, 0.8281409740447998, 0.49433600902557373, -0.26422399282455444, 0.4842245280742645, -0.39351049065589905, 0.7814576625823975], "cam_t_m2c": [320.8567199707031, -123.63394927978516, 1250.6788330078125], "obj_id": 2}, {"cam_R_m2c": [0.41766780614852905, 0.8613298535346985, -0.2892482876777649, 0.8993012309074402, -0.34645888209342957, 0.2668774724006653, 0.12965689599514008, -0.37158745527267456, -0.9192997217178345], "cam_t_m2c": [294.3363342285156, -159.63832092285156, 1288.9320068359375], "obj_id": 1}, {"cam_R_m2c": [0.2823210060596466, -0.9444020390510559, -0.16852189600467682, 0.8281363844871521, 0.3285968005657196, -0.45410817861557007, 0.4842364490032196, -0.011354831978678703, 0.8748635053634644], "cam_t_m2c": [75.29521179199219, -75.71997833251953, 1604.2896728515625], "obj_id": 2}],
  "4": [{"cam_R_m2c": [-0.3383142948150635, 0.5559560060501099, -0.7592472434043884, -0.9398437142372131, -0.24017517268657684, 0.2429191768169403, -0.04729994386434555, 0.7957567572593689, 0.6037664413452148], "cam_t_m2c": [244.83094787597656, -169.27513122558594, 1315.0169677734375], "obj_id": 2}, {"cam_R_m2c": [0.34235528111457825, -0.3661915361881256, -0.865272581577301, 0.9378250241279602, 0.07707367092370987, 0.33844321966171265, -0.05724531412124634, -0.9273421168327332, 0.36981016397476196], "cam_t_m2c": [43.316062927246094, -82.29790496826172, 1340.38037109375], "obj_id": 0}, {"cam_R_m2c": [-0.5338643789291382, 0.6945116519927979, -0.4823298752307892, 0.09023751318454742, 0.6139572858810425, 0.7841642498970032, 0.8407411575317383, 0.37511321902275085, -0.3904408812522888], "cam_t_m2c": [373.48773193359375, -207.7747344970703, 1217.22509765625], "obj_id": 3}, {"cam_R_m2c": [0.4218149185180664, 0.5761301517486572, -0.7001043558120728, 0.890161395072937, -0.11641853302717209, 0.4405215084552765, 0.1722925752401352, -0.809024453163147, -0.5619559288024902], "cam_t_m2c": [189.30072021484375, -100.11776733398438, 1451.229248046875], "obj_id": 2}, {"cam_R_m2c": [0.5133670568466187, 0.3086923658847809, -0.8007267117500305, 0.8563922047615051, -0.2442941814661026, 0.45487645268440247, -0.05519603192806244, -0.919254720211029, -0.38977429270744324], "cam_t_m2c": [387.344482421875, -197.4055633544922, 1092.8258056640625], "obj_id": 0}, {"cam_R_m2c": [-0.052870284765958786, 0.2191087156534195, -0.9742669463157654, -0.9586102366447449, -0.2844705581665039, -0.011955633759498596, -0.2797698378562927, 0.9333101511001587, 0.22507989406585693], "cam_t_m2c": [279.77435302734375, -242.56442260742188, 1517.1094970703125], "obj_id": 1}, {"cam_R_m2c": [0.4218147397041321, 0.4995385408401489, -0.7566595077514648, 0.8901615738868713, -0.06958215683698654, 0.4503006935119629, 0.172292560338974, -0.8634926676750183, -0.474020779132843], "cam_t_m2c": [173.25088500976562, -55.25633239746094, 1258.7432861328125], "obj_id": 2}, {"cam_R_m2c": [-0.20040524005889893, -0.22304478287696838, 0.9539856910705566, 0.9790162444114685, -0.08231078833341599, 0.18641896545886993, 0.03694358095526695, 0.9713268280029297, 0.23486004769802094], "cam_t_m2c": [252.26699829101562, -75.65068054199219, 1234.8763427734375], "obj_id": 1}, {"cam_R_m2c": [0.5879615545272827, -0.213330939412117, -0.7802506685256958, -0.4132155179977417, 0.750023603439331, -0.5164470076560974, 0.6953805685043335, 0.6260626912117004, 0.35283342003822327], "cam_t_m2c": [158.75665283203125, -86.27633666992188, 1226.599853515625], "obj_id": 3}, {"cam_R_m2c": [0.33734118938446045, -0.06004052609205246, 0.9394658207893372, 0.6344643235206604, -0.7227531671524048, -0.27401256561279297, 0.6954537630081177, 0.6884933114051819, -0.20572082698345184], "cam_t_m2c": [402.8403015136719, -241.2593994140625, 1281.4620361328125], "obj_id": 0}, {"cam_R_m2c": [0.2823277413845062, -0.775100827217102, -0.5652517676353455, 0.8281409740447998, 0.49433600902557373, -0.26422399282455444, 0.4842245280742645, -0.39351049065589905, 0.7814576625823975], "cam_t_m2c": [320.8567199707031, -123.63394927978516, 1250.6788330078125], "obj_id": 2}, {"cam_R_m2c": [0.41766780614852905, 0.8613298535346985, -0.2892482876777649, 0.8993012309074402, -0.34645888209342957, 0.2668774724006653, 0.12965689599514008, -0.37158745527267456, -0.9192997217178345], "cam_t_m2c": [294.3363342285156, -159.63832092285156, 1288.9320068359375], "obj_id": 1}, {"cam_R_m2c": [0.2823210060596466, -0.9444020390510559, -0.16852189600467682, 0.8281363844871521, 0.3285968005657196, -0.45410817861557007, 0.4842364490032196, -0.011354831978678703, 0.8748635053634644], "cam_t_m2c": [75.29521179199219, -75.71997833251953, 1604.2896728515625], "obj_id": 2}]
}