{
  "0": [{"cam_R_m2c": [0.029929738491773605, -0.2668026089668274, 0.963286280632019, 0.8925132751464844, -0.42675989866256714, -0.14593097567558289, 0.45002681016921997, 0.8641135096549988, 0.2253521829843521], "cam_t_m2c": [344.72467041015625, 57.11450958251953, 601.7982788085938], "obj_id": 1}, {"cam_R_m2c": [0.13736099004745483, 0.6833025813102722, 0.7170979380607605, -0.8840227127075195, 0.41113463044166565, -0.22242307662963867, -0.44680601358413696, -0.6033786535263062, 0.6605289578437805], "cam_t_m2c": [35.638301849365234, 32.87360763549805, 1116.2342529296875], "obj_id": 2}, {"cam_R_m2c": [0.7687563896179199, 0.639509916305542, -0.0063816881738603115, -0.08599424362182617, 0.11325149983167648, 0.9898379445075989, 0.633733868598938, -0.7603954076766968, 0.14205698668956757], "cam_t_m2c": [294.3960876464844, 173.81838989257812, 478.4732360839844], "obj_id": 3}, {"cam_R_m2c": [-0.38481321930885315, -0.8193111419677734, -0.42502689361572266, -0.9204334020614624, 0.3063589334487915, 0.2427888810634613, -0.0687088817358017, 0.48463737964630127, -0.8720122575759888], "cam_t_m2c": [382.7535095214844, 204.705322265625, 225.57723999023438], "obj_id": 4}, {"cam_R_m2c": [0.09454772621393204, 0.9759923815727234, -0.19621306657791138, 0.9699952602386475, -0.045970942825078964, 0.23873788118362427, 0.22398625314235687, -0.2128978669643402, -0.9510544538497925], "cam_t_m2c": [508.20159912109375, 58.9293327331543, 814.3005981445312], "obj_id": 1}, {"cam_R_m2c": [-0.13522489368915558, -0.9185705780982971, 0.37140607833862305, 0.9406542181968689, -0.23677624762058258, -0.24311885237693787, 0.311261922121048, 0.31648898124694824, 0.8960751891136169], "cam_t_m2c": [209.0537567138672, 78.0232162475586, 568.5196533203125], "obj_id": 2}, {"cam_R_m2c": [0.9931560158729553, 0.1147390827536583, -0.021818574517965317, -0.07641184329986572, 0.49703940749168396, -0.8643569946289062, -0.08833085000514984, 0.8601085543632507, 0.5024051070213318], "cam_t_m2c": [-83.27361297607422, 76.86869049072266, 810.9683837890625], "obj_id": 4}, {"cam_R_m2c": [0.09454787522554398, -0.5020537972450256, 0.859652578830719, 0.9699952006340027, -0.14782795310020447, -0.1930181235074997, 0.22398626804351807, 0.852108359336853, 0.47301310300827026], "cam_t_m2c": [63.239479064941406, 154.9597625732422, 586.2555541992188], "obj_id": 1}, {"cam_R_m2c": [-0.4279887080192566, -0.13089212775230408, -0.894255518913269, -0.873271644115448, -0.19503851234912872, 0.44649365544319153, -0.23285676538944244, 0.9720222353935242, -0.030830100178718567], "cam_t_m2c": [322.27532958984375, 204.5512237548828, 262.1522521972656], "obj_id": 1}, {"cam_R_m2c": [-0.9365081787109375, 0.3478635251522064, -0.04408055543899536, -0.034523990005254745, 0.03362627327442169, 0.998837947845459, 0.3489415645599365, 0.936941921710968, -0.019481513649225235], "cam_t_m2c": [-48.878509521484375, 170.17236328125, 648.502685546875], "obj_id": 3}],
  "1": [{"cam_R_m2c": [0.04099506139755249, 0.9872885346412659, 0.15356047451496124, 0.7542858719825745, -0.13137255609035492, 0.643268346786499, 0.6552650332450867, 0.08945765346288681, -0.7500833868980408], "cam_t_m2c": [53.38817596435547, 330.65191650390625, 473.3019714355469], "obj_id": 1}, {"cam_R_m2c": [-0.060648221522569656, -0.7922427654266357, 0.6071844100952148, -0.634394109249115, 0.5002342462539673, 0.5893298387527466, -0.7706267833709717, -0.349452406167984, -0.532932460308075], "cam_t_m2c": [564.7481079101562, 296.7110290527344, 786.5518798828125], "obj_id": 2}, {"cam_R_m2c": [0.5214530229568481, -0.8082401156425476, -0.2735592722892761, 0.7010661363601685, 0.22306308150291443, 0.6773102283477783, -0.4864083230495453, -0.5449686050415039, 0.6829466819763184], "cam_t_m2c": [-100.13299560546875, 324.9793701171875, 561.39794921875], "obj_id": 3}, {"cam_R_m2c": [0.35646623373031616, 0.40805041790008545, -0.8404918313026428, -0.8709540367126465, -0.18049295246601105, -0.45701324939727783, -0.33818742632865906, 0.8949396014213562, 0.2910536229610443], "cam_t_m2c": [-351.974853515625, 310.6509094238281, 466.0679016113281], "obj_id": 4}, {"cam_R_m2c": [-0.20276962220668793, -0.28572553396224976, -0.9366137981414795, 0.7634461522102356, 0.5528461933135986, -0.33393269777297974, 0.6132164001464844, -0.7827656269073486, 0.10603565722703934], "cam_t_m2c": [226.53622436523438, 521.3392944335938, 398.8486022949219], "obj_id": 1}, {"cam_R_m2c": [-0.08548122644424438, 0.48815906047821045, 0.8685582876205444, 0.6215525269508362, -0.6551926732063293, 0.4294120669364929, 0.7786945700645447, 0.5765613913536072, -0.24740971624851227], "cam_t_m2c": [30.22049331665039, 239.70774841308594, 578.8655395507812], "obj_id": 2}, {"cam_R_m2c": [-0.1624118983745575, 0.5639335513114929, 0.8096920251846313, 0.5913291573524475, 0.7125356197357178, -0.37765437364578247, -0.78990638256073, 0.4174589216709137, -0.4491945803165436], "cam_t_m2c": [283.7953186035156, 130.90911865234375, 839.8265991210938], "obj_id": 4}, {"cam_R_m2c": [-0.20276983082294464, 0.8897210359573364, 0.4089999496936798, 0.7634463310241699, -0.1179216206073761, 0.6350151896476746, 0.6132162809371948, 0.4410113990306854, -0.6553433537483215], "cam_t_m2c": [31.628265380859375, 196.4146728515625, 738.9259033203125], "obj_id": 1}, {"cam_R_m2c": [0.19344936311244965, 0.975197434425354, -0.1075512170791626, -0.9311099052429199, 0.1479351669549942, -0.3333909809589386, -0.3092114329338074, 0.1646362841129303, 0.9366339445114136], "cam_t_m2c": [-311.85809326171875, 283.15777587890625, 517.3528442382812], "obj_id": 1}, {"cam_R_m2c": [0.43726858496665955, 0.7956029176712036, -0.4192996025085449, -0.5267939567565918, 0.6044685244560242, 0.5975833535194397, 0.7288925051689148, -0.04041992872953415, 0.6834338903427124], "cam_t_m2c": [94.6524887084961, 153.2326202392578, 843.0404663085938], "obj_id": 3}],
  "2": [{"cam_R_m2c": [0.04099506139755249, 0.9872885346412659, 0.15356047451496124, 0.7542858719825745, -0.13137255609035492, 0.643268346786499, 0.6552650332450867, 0.08945765346288681, -0.7500833868980408], "cam_t_m2c": [53.38817596435547, 330.65191650390625, 473.3019714355469], "obj_id": 1}, {"cam_R_m2c": [-0.060648221522569656, -0.7922427654266357, 0.6071844100952148, -0.634394109249115, 0.5002342462539673, 0.5893298387527466, -0.7706267833709717, -0.349452406167984, -0.532932460308075], "cam_t_m2c": [564.7481079101562, 296.7110290527344, 786.5518798828125], "obj_id": 2}, {"cam_R_m2c": [0.5214530229568481, -0.8082401156425476, -0.2735592722892761, 0.7010661363601685, 0.22306308150291443, 0.6773102283477783, -0.4864083230495453, -0.5449686050415039, 0.6829466819763184], "cam_t_m2c": [-100.13299560546875, 324.9793701171875, 561.39794921875], "obj_id": 3}, {"cam_R_m2c": [0.35646623373031616, 0.40805041790008545, -0.8404918313026428, -0.8709540367126465, -0.18049295246601105, -0.45701324939727783, -0.33818742632865906, 0.8949396014213562, 0.2910536229610443], "cam_t_m2c": [-351.974853515625, 310.6509094238281, 466.0679016113281], "obj_id": 4}, {"cam_R_m2c": [-0.20276962220668793, -0.28572553396224976, -0.9366137981414795, 0.7634461522102356, 0.5528461933135986, -0.33393269777297974, 0.6132164001464844, -0.7827656269073486, 0.10603565722703934], "cam_t_m2c": [226.53622436523438, 521.3392944335938, 398.8486022949219], "obj_id": 1}, {"cam_R_m2c": [-0.08548122644424438, 0.48815906047821045, 0.8685582876205444, 0.6215525269508362, -0.6551926732063293, 0.4294120669364929, 0.7786945700645447, 0.5765613913536072, -0.24740971624851227], "cam_t_m2c": [30.22049331665039, 239.70774841308594, 578.8655395507812], "obj_id": 2}, {"cam_R_m2c": [-0.1624118983745575, 0.5639335513114929, 0.8096920251846313, 0.5913291573524475, 0.7125356197357178, -0.37765437364578247, -0.78990638256073, 0.4174589216709137, -0.4491945803165436], "cam_t_m2c": [283.7953186035156, 130.90911865234375, 839.8265991210938], "obj_id": 4}, {"cam_R_m2c": [-0.20276983082294464, 0.8897210359573364, 0.4089999496936798, 0.7634463310241699, -0.1179216206073761, 0.6350151896476746, 0.6132162809371948, 0.4410113990306854, -0.6553433537483215], "cam_t_m2c": [31.628265380859375, 196.4146728515625, 738.9259033203125], "obj_id": 1}, {"cam_R_m2c": [0.19344936311244965, 0.975197434425354, -0.1075512170791626, -0.9311099052429199, 0.1479351669549942, -0.3333909809589386, -0.3092114329338074, 0.1646362841129303, 0.9366339445114136], "cam_t_m2c": [-311.85809326171875, 283.15777587890625, 517.3528442382812], "obj_id": 1}, {"cam_R_m2c": [0.43726858496665955, 0.7956029176712036, -0.4192996025085449, -0.5267939567565918, 0.6044685244560242, 0.5975833535194397, 0.7288925051689148, -0.04041992872953415, 0.6834338903427124], "cam_t_m2c": [94.6524887084961, 153.2326202392578, 843.0404663085938], "obj_id": 3}],
  "3": [{"cam_R_m2c": [0.2556172013282776, 0.017633283510804176, -0.966617226600647, 0.9484525322914124, 0.18917524814605713, 0.25426456332206726, 0.1873435229063034, -0.9817849397659302, 0.03163214400410652], "cam_t_m2c": [-259.84814453125, 337.7608642578125, 540.014892578125], "obj_id": 1}, {"cam_R_m2c": [-0.4081045687198639, -0.43270233273506165, -0.803877592086792, -0.9029002785682678, 0.061104778200387955, 0.42548468708992004, -0.1349875032901764, 0.8994635939598083, -0.41562414169311523], "cam_t_m2c": [-26.76934051513672, 584.366455078125, 44.407745361328125], "obj_id": 2}, {"cam_R_m2c": [-0.8001369833946228, -0.486043781042099, 0.3514857590198517, 0.5190555453300476, -0.26739582419395447, 0.811837911605835, -0.3006029427051544, 0.8320221900939941, 0.46623700857162476], "cam_t_m2c": [-160.1269989013672, 331.7190246582031, 686.2373657226562], "obj_id": 3}, {"cam_R_m2c": [0.030294863507151604, 0.828839898109436, 0.558664858341217, -0.8009404540061951, 0.3545054495334625, -0.4825144410133362, -0.5979769825935364, -0.43283969163894653, 0.6745911836624146], "cam_t_m2c": [-208.824951171875, 210.1405792236328, 921.9589233398438], "obj_id": 4}, {"cam_R_m2c": [0.24345463514328003, -0.9038856625556946, 0.3517393469810486, 0.8729278445243835, 0.04612443223595619, -0.4856639802455902, 0.42276090383529663, 0.42528021335601807, 0.8002561926841736], "cam_t_m2c": [-429.53448486328125, 513.1289672851562, 428.939208984375], "obj_id": 1}, {"cam_R_m2c": [0.4384720027446747, 0.7392546534538269, -0.5111212134361267, 0.8568638563156128, -0.17227204144001007, 0.48590803146362305, 0.2711578607559204, -0.6510183215141296, -0.7089770436286926], "cam_t_m2c": [-123.44470977783203, 301.2117919921875, 536.9320068359375], "obj_id": 2}, {"cam_R_m2c": [-0.9417329430580139, -0.002040654653683305, -0.33635470271110535, 0.10843715816736221, 0.9447498917579651, -0.30933642387390137, 0.31840232014656067, -0.3277857303619385, -0.8894808292388916], "cam_t_m2c": [126.24295043945312, 392.2361755371094, 265.6228332519531], "obj_id": 4}, {"cam_R_m2c": [0.24345450103282928, 0.3379238545894623, -0.9091410040855408, 0.8729278445243835, 0.3322254419326782, 0.35724395513534546, 0.4227610230445862, -0.8805871605873108, -0.21410135924816132], "cam_t_m2c": [38.170875549316406, 336.2649230957031, 524.7958984375], "obj_id": 1}, {"cam_R_m2c": [0.10179908573627472, -0.034156620502471924, 0.9942184090614319, -0.8824981451034546, 0.45819157361984253, 0.10610119253396988, -0.4591665267944336, -0.8881969451904297, 0.016500337049365044], "cam_t_m2c": [-155.94825744628906, 220.23696899414062, 876.16064453125], "obj_id": 1}, {"cam_R_m2c": [0.8262125849723816, -0.39275556802749634, 0.40387600660324097, -0.007878373377025127, 0.7087823152542114, 0.7053831815719604, -0.5633033514022827, -0.5859783291816711, 0.5825105905532837], "cam_t_m2c": [142.28875732421875, 362.6761474609375, 453.1126403808594], "obj_id": 3}],
  "4": [{"cam_R_m2c": [0.2556172013282776, 0.017633283510804176, -0.966617226600647, 0.9484525322914124, 0.18917524814605713, 0.25426456332206726, 0.1873435229063034, -0.9817849397659302, 0.03163214400410652], "cam_t_m2c": [-259.84814453125, 337.7608642578125, 540.014892578125], "obj_id": 1}, {"cam_R_m2c": [-0.4081045687198639, -0.43270233273506165, -0.803877592086792, -0.9029002785682678, 0.061104778200387955, 0.42548468708992004, -0.1349875032901764, 0.8994635939598083, -0.41562414169311523], "cam_t_m2c": [-26.76934051513672, 584.366455078125, 44.407745361328125], "obj_id": 2}, {"cam_R_m2c": [-0.8001369833946228, -0.486043781042099, 0.3514857590198517, 0.5190555453300476, -0.26739582419395447, 0.811837911605835, -0.3006029427051544, 0.8320221900939941, 0.46623700857162476], "cam_t_m2c": [-160.1269989013672, 331.7190246582031, 686.2373657226562], "obj_id": 3}, {"cam_R_m2c": [0.030294863507151604, 0.828839898109436, 0.558664858341217, -0.8009404540061951, 0.3545054495334625, -0.4825144410133362, -0.5979769825935364, -0.43283969163894653, 0.6745911836624146], "cam_t_m2c": [-208.824951171875, 210.1405792236328, 921.9589233398438], "obj_id": 4}, {"cam_R_m2c": [0.24345463514328003, -0.9038856625556946, 0.3517393469810486, 0.8729278445243835, 0.04612443223595619, -0.4856639802455902, 0.42276090383529663, 0.42528021335601807, 0.8002561926841736], "cam_t_m2c": [-429.53448486328125, 513.1289672851562, 428.939208984375], "obj_id": 1}, {"cam_R_m2c": [0.4384720027446747, 0.7392546534538269, -0.5111212134361267, 0.8568638563156128, -0.17227204144001007, 0.48590803146362305, 0.2711578607559204, -0.6510183215141296, -0.7089770436286926], "cam_t_m2c": [-123.44470977783203, 301.2117919921875, 536.9320068359375], "obj_id": 2}, {"cam_R_m2c": [-0.9417329430580139, -0.002040654653683305, -0.33635470271110535, 0.10843715816736221, 0.9447498917579651, -0.30933642387390137, 0.31840232014656067, -0.3277857303619385, -0.8894808292388916], "cam_t_m2c": [126.24295043945312, 392.2361755371094, 265.6228332519531], "obj_id": 4}, {"cam_R_m2c": [0.24345450103282928, 0.3379238545894623, -0.9091410040855408, 0.8729278445243835, 0.3322254419326782, 0.35724395513534546, 0.4227610230445862, -0.8805871605873108, -0.21410135924816132], "cam_t_m2c": [38.170875549316406, 336.2649230957031, 524.7958984375], "obj_id": 1}, {"cam_R_m2c": [0.10179908573627472, -0.034156620502471924, 0.9942184090614319, -0.8824981451034546, 0.45819157361984253, 0.10610119253396988, -0.4591665267944336, -0.8881969451904297, 0.016500337049365044], "cam_t_m2c": [-155.94825744628906, 220.23696899414062, 876.16064453125], "obj_id": 1}, {"cam_R_m2c": [0.8262125849723816, -0.39275556802749634, 0.40387600660324097, -0.007878373377025127, 0.7087823152542114, 0.7053831815719604, -0.5633033514022827, -0.5859783291816711, 0.5825105905532837], "cam_t_m2c": [142.28875732421875, 362.6761474609375, 453.1126403808594], "obj_id": 3}],
  "5": [{"cam_R_m2c": [-0.12863337993621826, -0.9223768711090088, 0.36424484848976135, 0.7298110127449036, -0.33673059940338135, -0.5949692130088806, 0.6714382767677307, 0.18929699063301086, 0.7164756059646606], "cam_t_m2c": [42.917633056640625, -33.69923782348633, 974.1879272460938], "obj_id": 1}, {"cam_R_m2c": [0.22728277742862701, 0.9643756747245789, -0.13535863161087036, -0.7998292446136475, 0.1055687740445137, -0.5908707976341248, -0.5555318593978882, 0.24255850911140442, 0.7953299283981323], "cam_t_m2c": [-543.4551391601562, 37.8453483581543, 1082.884033203125], "obj_id": 2}, {"cam_R_m2c": [-0.05322277545928955, 0.9925270676612854, 0.10980574786663055, -0.4918035566806793, -0.12175417691469193, 0.8621514439582825, 0.8690779805183411, -0.008116730488836765, 0.49460849165916443], "cam_t_m2c": [134.71475219726562, 104.36017608642578, 911.9406127929688], "obj_id": 3}, {"cam_R_m2c": [-0.3828532099723816, -0.7913578152656555, 0.47662994265556335, -0.6275168657302856, 0.6014165878295898, 0.49449023604393005, -0.6779718995094299, -0.10977614670991898, -0.7268446683883667], "cam_t_m2c": [389.54022216796875, 115.2612533569336, 824.4044189453125], "obj_id": 4}, {"cam_R_m2c": [0.10187209397554398, 0.7330378890037537, 0.6725158095359802, 0.7901635766029358, -0.47033610939979553, 0.3929700255393982, 0.6043704152107239, 0.49136483669281006, -0.6271339654922485], "cam_t_m2c": [-23.943260192871094, -128.06515502929688, 1216.076171875], "obj_id": 1}, {"cam_R_m2c": [-0.10848116129636765, -0.842848002910614, -0.527104377746582, 0.8618822693824768, 0.18447771668434143, -0.47236308455467224, 0.4953692853450775, -0.5055444836616516, 0.7064234018325806], "cam_t_m2c": [-7.11313533782959, 50.55958557128906, 872.4597778320312], "obj_id": 2}, {"cam_R_m2c": [0.6400772929191589, -0.48450809717178345, -0.5962826609611511, -0.5171369910240173, 0.3022896945476532, -0.800743579864502, 0.568216860294342, 0.82089763879776, -0.05706828832626343], "cam_t_m2c": [-368.1322937011719, 161.00906372070312, 831.1788330078125], "obj_id": 4}, {"cam_R_m2c": [0.10187220573425293, -0.9896826148033142, 0.10074888169765472, 0.7901635766029358, 0.018972452729940414, -0.6126022934913635, 0.6043704152107239, 0.1420152485370636, 0.7839438915252686], "cam_t_m2c": [-89.9424057006836, 183.98072814941406, 819.2271118164062], "obj_id": 1}, {"cam_R_m2c": [-0.2709575593471527, -0.8728697299957275, -0.4058082699775696, -0.5501429438591003, -0.2055174857378006, 0.8093857169151306, -0.7898890376091003, 0.4425617456436157, -0.42451658844947815], "cam_t_m2c": [325.3681640625, 139.498779296875, 807.3792724609375], "obj_id": 1}, {"cam_R_m2c": [-0.8329252004623413, -0.5101979970932007, 0.21432101726531982, 0.367984414100647, -0.22138850390911102, 0.9030916690826416, -0.4133073687553406, 0.8310746550559998, 0.37214502692222595], "cam_t_m2c": [-201.11550903320312, 243.11851501464844, 790.5941772460938], "obj_id": 3}],
  "6": [{"cam_R_m2c": [-0.12863337993621826, -0.9223768711090088, 0.36424484848976135, 0.7298110127449036, -0.33673059940338135, -0.5949692130088806, 0.6714382767677307, 0.18929699063301086, 0.7164756059646606], "cam_t_m2c": [42.917633056640625, -33.69923782348633, 974.1879272460938], "obj_id": 1}, {"cam_R_m2c": [0.22728277742862701, 0.9643756747245789, -0.13535863161087036, -0.7998292446136475, 0.1055687740445137, -0.5908707976341248, -0.5555318593978882, 0.24255850911140442, 0.7953299283981323], "cam_t_m2c": [-543.4551391601562, 37.8453483581543, 1082.884033203125], "obj_id": 2}, {"cam_R_m2c": [-0.05322277545928955, 0.9925270676612854, 0.10980574786663055, -0.4918035566806793, -0.12175417691469193, 0.8621514439582825, 0.8690779805183411, -0.008116730488836765, 0.49460849165916443], "cam_t_m2c": [134.71475219726562, 104.36017608642578, 911.9406127929688], "obj_id": 3}, {"cam_R_m2c": [-0.3828532099723816, -0.7913578152656555, 0.47662994265556335, -0.6275168657302856, 0.6014165878295898, 0.49449023604393005, -0.6779718995094299, -0.10977614670991898, -0.7268446683883667], "cam_t_m2c": [389.54022216796875, 115.2612533569336, 824.4044189453125], "obj_id": 4}, {"cam_R_m2c": [0.10187209397554398, 0.7330378890037537, 0.6725158095359802, 0.7901635766029358, -0.47033610939979553, 0.3929700255393982, 0.6043704152107239, 0.49136483669281006, -0.6271339654922485], "cam_t_m2c": [-23.943260192871094, -128.06515502929688, 1216.076171875], "obj_id": 1}, {"cam_R_m2c": [-0.10848116129636765, -0.842848002910614, -0.527104377746582, 0.8618822693824768, 0.18447771668434143, -0.47236308455467224, 0.4953692853450775, -0.5055444836616516, 0.7064234018325806], "cam_t_m2c": [-7.11313533782959, 50.55958557128906, 872.4597778320312], "obj_id": 2}, {"cam_R_m2c": [0.6400772929191589, -0.48450809717178345, -0.5962826609611511, -0.5171369910240173, 0.3022896945476532, -0.800743579864502, 0.568216860294342, 0.82089763879776, -0.05706828832626343], "cam_t_m2c": [-368.1322937011719, 161.00906372070312, 831.1788330078125], "obj_id": 4}, {"cam_R_m2c": [0.10187220573425293, -0.9896826148033142, 0.10074888169765472, 0.7901635766029358, 0.018972452729940414, -0.6126022934913635, 0.6043704152107239, 0.1420152485370636, 0.7839438915252686], "cam_t_m2c": [-89.9424057006836, 183.98072814941406, 819.2271118164062], "obj_id": 1}, {"cam_R_m2c": [-0.2709575593471527, -0.8728697299957275, -0.4058082699775696, -0.5501429438591003, -0.2055174857378006, 0.8093857169151306, -0.7898890376091003, 0.4425617456436157, -0.42451658844947815], "cam_t_m2c": [325.3681640625, 139.498779296875, 807.3792724609375], "obj_id": 1}, {"cam_R_m2c": [-0.8329252004623413, -0.5101979970932007, 0.21432101726531982, 0.367984414100647, -0.22138850390911102, 0.9030916690826416, -0.4133073687553406, 0.8310746550559998, 0.37214502692222595], "cam_t_m2c": [-201.11550903320312, 243.11851501464844, 790.5941772460938], "obj_id": 3}],
  "7": [{"cam_R_m2c": [0.11169059574604034, -0.980510413646698, -0.16163106262683868, 0.7855101227760315, 0.1867363154888153, -0.5900029540061951, 0.6086863875389099, -0.061065055429935455, 0.7910574674606323], "cam_t_m2c": [-64.72571563720703, -99.98348999023438, 954.9743041992188], "obj_id": 1}, {"cam_R_m2c": [-0.09149933606386185, 0.8002429604530334, -0.5926541686058044, -0.877752959728241, -0.34588873386383057, -0.33152756094932556, -0.4702950716018677, 0.4898693859577179, 0.7340643405914307], "cam_t_m2c": [-540.372314453125, 263.1307067871094, 903.255126953125], "obj_id": 2}, {"cam_R_m2c": [-0.49077317118644714, 0.7649537324905396, 0.41711774468421936, -0.27595797181129456, -0.5905604362487793, 0.7583438158035278, 0.8264312744140625, 0.2570679187774658, 0.5009264945983887], "cam_t_m2c": [95.77930450439453, -34.58729553222656, 918.596923828125], "obj_id": 3}, {"cam_R_m2c": [-0.4833884835243225, -0.32746201753616333, 0.8118522763252258, -0.44860386848449707, 0.8890356421470642, 0.09148886054754257, -0.7517247796058655, -0.3199754059314728, -0.5766503214836121], "cam_t_m2c": [332.9359130859375, -161.8592071533203, 901.98193359375], "obj_id": 4}, {"cam_R_m2c": [0.3491126596927643, 0.2591586112976074, 0.9005315899848938, 0.7155765891075134, -0.6942074298858643, -0.07762859761714935, 0.6050376296043396, 0.6715004444122314, -0.4278044104576111], "cam_t_m2c": [-222.9893341064453, -114.75621032714844, 1170.89013671875], "obj_id": 1}, {"cam_R_m2c": [0.2353774905204773, -0.49238982796669006, -0.8379437327384949, 0.8647839426994324, 0.49958351254463196, -0.05064679682254791, 0.4435608386993408, -0.7127191424369812, 0.5434015393257141], "cam_t_m2c": [-40.485511779785156, -17.22292137145996, 843.1067504882812], "obj_id": 2}, {"cam_R_m2c": [0.14072515070438385, -0.4350537955760956, -0.8893394470214844, -0.6783778071403503, 0.6118971705436707, -0.4066760241985321, 0.7211102247238159, 0.6605377197265625, -0.20902153849601746], "cam_t_m2c": [-275.11187744140625, 248.3857879638672, 706.57666015625], "obj_id": 4}, {"cam_R_m2c": [0.3491128981113434, -0.8451040387153625, -0.4048694670200348, 0.7155762910842896, 0.5193852186203003, -0.4671076238155365, 0.6050377488136292, -0.12664173543453217, 0.7860605120658875], "cam_t_m2c": [-29.51950454711914, 130.69100952148438, 768.9662475585938], "obj_id": 1}, {"cam_R_m2c": [-0.32575103640556335, -0.9300699830055237, 0.16987088322639465, -0.45225170254707336, 0.3110670745372772, 0.8358861804008484, -0.8302738666534424, 0.19546636939048767, -0.521956205368042], "cam_t_m2c": [295.762451171875, -112.03654479980469, 868.3485717773438], "obj_id": 1}, {"cam_R_m2c": [-0.4118335247039795, -0.7246586084365845, 0.5525060892105103, 0.6657346487045288, 0.17475326359272003, 0.7254368662834167, -0.6222463250160217, 0.6665816903114319, 0.4104611277580261], "cam_t_m2c": [-85.40613555908203, 231.89747619628906, 711.4292602539062], "obj_id": 3}],
  "8": [{"cam_R_m2c": [0.11169059574604034, -0.980510413646698, -0.16163106262683868, 0.7855101227760315, 0.1867363154888153, -0.5900029540061951, 0.6086863875389099, -0.061065055429935455, 0.7910574674606323], "cam_t_m2c": [-64.72571563720703, -99.98348999023438, 954.9743041992188], "obj_id": 1}, {"cam_R_m2c": [-0.09149933606386185, 0.8002429604530334, -0.5926541686058044, -0.877752959728241, -0.34588873386383057, -0.33152756094932556, -0.4702950716018677, 0.4898693859577179, 0.7340643405914307], "cam_t_m2c": [-540.372314453125, 263.1307067871094, 903.255126953125], "obj_id": 2}, {"cam_R_m2c": [-0.49077317118644714, 0.7649537324905396, 0.41711774468421936, -0.27595797181129456, -0.5905604362487793, 0.7583438158035278, 0.8264312744140625, 0.2570679187774658, 0.5009264945983887], "cam_t_m2c": [95.77930450439453, -34.58729553222656, 918.596923828125], "obj_id": 3}, {"cam_R_m2c": [-0.4833884835243225, -0.32746201753616333, 0.8118522763252258, -0.44860386848449707, 0.8890356421470642, 0.09148886054754257, -0.7517247796058655, -0.3199754059314728, -0.5766503214836121], "cam_t_m2c": [332.9359130859375, -161.8592071533203, 901.98193359375], "obj_id": 4}, {"cam_R_m2c": [0.3491126596927643, 0.2591586112976074, 0.9005315899848938, 0.7155765891075134, -0.6942074298858643, -0.07762859761714935, 0.6050376296043396, 0.6715004444122314, -0.4278044104576111], "cam_t_m2c": [-222.9893341064453, -114.75621032714844, 1170.89013671875], "obj_id": 1}, {"cam_R_m2c": [0.2353774905204773, -0.49238982796669006, -0.8379437327384949, 0.8647839426994324, 0.49958351254463196, -0.05064679682254791, 0.4435608386993408, -0.7127191424369812, 0.5434015393257141], "cam_t_m2c": [-40.485511779785156, -17.22292137145996, 843.1067504882812], "obj_id": 2}, {"cam_R_m2c": [0.14072515070438385, -0.4350537955760956, -0.8893394470214844, -0.6783778071403503, 0.6118971705436707, -0.4066760241985321, 0.7211102247238159, 0.6605377197265625, -0.20902153849601746], "cam_t_m2c": [-275.11187744140625, 248.3857879638672, 706.57666015625], "obj_id": 4}, {"cam_R_m2c": [0.3491128981113434, -0.8451040387153625, -0.4048694670200348, 0.7155762910842896, 0.5193852186203003, -0.4671076238155365, 0.6050377488136292, -0.12664173543453217, 0.7860605120658875], "cam_t_m2c": [-29.51950454711914, 130.69100952148438, 768.9662475585938], "obj_id": 1}, {"cam_R_m2c": [-0.32575103640556335, -0.9300699830055237, 0.16987088322639465, -0.45225170254707336, 0.3110670745372772, 0.8358861804008484, -0.8302738666534424, 0.19546636939048767, -0.521956205368042], "cam_t_m2c": [295.762451171875, -112.03654479980469, 868.3485717773438], "obj_id": 1}, {"cam_R_m2c": [-0.4118335247039795, -0.7246586084365845, 0.5525060892105103, 0.6657346487045288, 0.17475326359272003, 0.7254368662834167, -0.6222463250160217, 0.6665816903114319, 0.4104611277580261], "cam_t_m2c": [-85.40613555908203, 231.89747619628906, 711.4292602539062], "obj_id": 3}],
  "9": [{"cam_R_m2c": [-0.4336661696434021, -0.6173624992370605, 0.6563515067100525, 0.6618598103523254, -0.7125306129455566, -0.2328987717628479, 0.6114534735679626, 0.3334123492240906, 0.7176077365875244], "cam_t_m2c": [233.72714233398438, -126.1974105834961, 769.3358154296875], "obj_id": 1}, {"cam_R_m2c": [0.5610870718955994, 0.7959070205688477, 0.2274056375026703, -0.6575813293457031, 0.5954463481903076, -0.46155211329460144, -0.5027604103088379, 0.10943320393562317, 0.8574708700180054], "cam_t_m2c": [-302.02001953125, -334.765380859375, 943.2348022460938], "obj_id": 2}, {"cam_R_m2c": [0.2535375952720642, 0.9181033372879028, -0.3046388626098633, -0.3256615102291107, 0.3775583505630493, 0.8668299317359924, 0.9108584523200989, -0.1205647736787796, 0.39471620321273804], "cam_t_m2c": [240.28646850585938, 28.593730926513672, 683.5540161132812], "obj_id": 3}, {"cam_R_m2c": [-0.05987362936139107, -0.9909763336181641, 0.11992043256759644, -0.8238852620124817, 0.1168883666396141, 0.5545719861984253, -0.5635850429534912, -0.06559641659259796, -0.8234493732452393], "cam_t_m2c": [449.6445007324219, 149.66246032714844, 564.2684936523438], "obj_id": 4}, {"cam_R_m2c": [-0.2687366008758545, 0.8988863229751587, 0.3460981547832489, 0.8166022896766663, 0.022059369832277298, 0.5767790079116821, 0.5108240842819214, 0.4376262128353119, -0.7399607300758362], "cam_t_m2c": [238.08824157714844, -205.5689239501953, 1025.3951416015625], "obj_id": 1}, {"cam_R_m2c": [-0.49312207102775574, -0.8519999384880066, -0.17586003243923187, 0.7603459358215332, -0.32386314868927, -0.5630157589912415, 0.4227348268032074, -0.41134995222091675, 0.807518720626831], "cam_t_m2c": [142.10157775878906, -92.49513244628906, 667.2566528320312], "obj_id": 2}, {"cam_R_m2c": [0.8466813564300537, -0.5185653567314148, -0.11925016343593597, -0.05259326845407486, 0.1414567530155182, -0.9885463714599609, 0.5294946432113647, 0.8432555794715881, 0.09249574691057205], "cam_t_m2c": [-227.62200927734375, -179.13572692871094, 661.264404296875], "obj_id": 4}, {"cam_R_m2c": [-0.26873645186424255, -0.8560143113136292, 0.44161099195480347, 0.8166024088859558, -0.4456210136413574, -0.36685484647750854, 0.5108241438865662, 0.2620333433151245, 0.8187779188156128], "cam_t_m2c": [0.6076470017433167, -25.501174926757812, 612.604248046875], "obj_id": 1}, {"cam_R_m2c": [-0.008744092658162117, -0.6243076920509338, -0.7811294794082642, -0.7186688780784607, -0.5392351746559143, 0.43902185559272766, -0.695297360420227, 0.5652123689651489, -0.44395527243614197], "cam_t_m2c": [381.0241394042969, 136.84718322753906, 553.2058715820312], "obj_id": 1}, {"cam_R_m2c": [-0.9292768239974976, -0.27875861525535583, -0.2423596829175949, -0.1477738469839096, -0.3207739293575287, 0.9355570673942566, -0.3385372459888458, 0.9052059054374695, 0.2568945288658142], "cam_t_m2c": [-126.77711486816406, -32.80604553222656, 592.6959838867188], "obj_id": 3}]
}