{
  "0": [{"cam_R_m2c": [0.30170801281929016, 0.13236047327518463, -0.9441679120063782, -0.43740352988243103, -0.8607274889945984, -0.2604351043701172, -0.8471425175666809, 0.4915577173233032, -0.20179344713687897], "cam_t_m2c": [163.0231170654297, 21.588665008544922, 938.0792236328125], "obj_id": 2}, {"cam_R_m2c": [-0.5833985805511475, -0.7976000905036926, -0.153233140707016, -0.14967967569828033, 0.2910209000110626, -0.9449353814125061, 0.798274576663971, -0.5283380150794983, -0.289165735244751], "cam_t_m2c": [-143.67214965820312, -6.529979228973389, 924.399169921875], "obj_id": 1}, {"cam_R_m2c": [-0.8604868054389954, 0.4015512466430664, 0.313558429479599, 0.3953399360179901, 0.9144818782806396, -0.08619284629821777, -0.32135435938835144, 0.049794360995292664, -0.9456488490104675], "cam_t_m2c": [-66.47836303710938, -8.797221183776855, 1191.66552734375], "obj_id": 3}, {"cam_R_m2c": [-0.7577154636383057, 0.1020292267203331, -0.6445596218109131, -0.4338197112083435, 0.6591072678565979, 0.6143110394477844, 0.48751160502433777, 0.7450957298278809, -0.4551534652709961], "cam_t_m2c": [53.539127349853516, 4.039768218994141, 810.5541381835938], "obj_id": 0}],
  "1": [{"cam_R_m2c": [-0.2771241068840027, 0.2361791878938675, 0.9313545823097229, -0.6934505105018616, 0.6217882633209229, -0.3640131950378418, -0.6650776863098145, -0.7467252612113953, -0.008533869870007038], "cam_t_m2c": [-169.4238739013672, -30.408639907836914, 688.0537109375], "obj_id": 2}, {"cam_R_m2c": [0.7221989631652832, 0.5625783801078796, 0.40241047739982605, 0.6656268835067749, -0.7234522700309753, -0.18318718671798706, 0.18806765973567963, 0.40015286207199097, -0.8969437479972839], "cam_t_m2c": [123.23843383789062, -106.32771301269531, 748.3157958984375], "obj_id": 1}, {"cam_R_m2c": [0.6210268139839172, -0.66288161277771, -0.41822680830955505, -0.5513229966163635, 0.009824798442423344, -0.8342339992523193, 0.5571073889732361, 0.7486597299575806, -0.3593604266643524], "cam_t_m2c": [95.54594421386719, 169.03448486328125, 776.629638671875], "obj_id": 3}, {"cam_R_m2c": [0.926222026348114, -0.1876363307237625, 0.326963871717453, 0.3664189875125885, 0.6519463062286377, -0.663854718208313, -0.08859963715076447, 0.7346826195716858, 0.6726005673408508], "cam_t_m2c": [-82.50987243652344, -175.14749145507812, 678.028076171875], "obj_id": 0}]
}