{
  "0": [{"cam_R_m2c": [-0.162485733628273, 0.9234744310379028, -0.3475533127784729, 0.015423884615302086, -0.3498139977455139, -0.9366921782493591, -0.9865903258323669, -0.15755975246429443, 0.042596250772476196], "cam_t_m2c": [414.0666198730469, 109.28675079345703, 617.0104370117188], "obj_id": 0}, {"cam_R_m2c": [0.20164844393730164, -0.025943558663129807, -0.979114294052124, -0.9318479299545288, -0.3129577338695526, -0.18362148106098175, -0.30165764689445496, 0.9494125843048096, -0.08728285133838654], "cam_t_m2c": [613.3065795898438, 148.63143920898438, 610.9612426757812], "obj_id": 2}, {"cam_R_m2c": [0.03850265592336655, 0.7074699401855469, 0.7056937217712402, 0.6508403420448303, -0.5536327362060547, 0.5195165276527405, 0.7582376003265381, 0.4392912685871124, -0.4817662239074707], "cam_t_m2c": [396.2646484375, 179.1942596435547, 611.9605712890625], "obj_id": 0}],
  "1": [{"cam_R_m2c": [-0.44219669699668884, -0.6324529647827148, 0.6359757781028748, -0.779575765132904, 0.6216585040092468, 0.07617248594760895, -0.4435352683067322, -0.4621081054210663, -0.7679403424263], "cam_t_m2c": [-440.3607177734375, 132.30604553222656, 701.8619995117188], "obj_id": 0}, {"cam_R_m2c": [0.03761536255478859, 0.67287677526474, 0.7387976050376892, 0.21286062896251678, 0.7169579863548279, -0.6638234257698059, -0.9763582348823547, 0.1822308897972107, -0.1162603348493576], "cam_t_m2c": [-604.852294921875, 250.7575225830078, 715.7434692382812], "obj_id": 2}, {"cam_R_m2c": [0.15050014853477478, -0.060324523597955704, -0.9867677688598633, 0.34153273701667786, 0.9398545622825623, -0.005366566125303507, 0.9277419447898865, -0.3362058401107788, 0.16205105185508728], "cam_t_m2c": [-456.7173156738281, 95.99532318115234, 762.2059936523438], "obj_id": 0}]
}