{
  "0": [{"cam_R_m2c": [0.33902451395988464, 0.2482074350118637, 0.907444417476654, 0.6346689462661743, -0.7723513245582581, -0.0258583165705204, 0.6944476962089539, 0.584693431854248, -0.41937553882598877], "cam_t_m2c": [317.7751770019531, -79.38874053955078, 462.9578552246094], "obj_id": 2}, {"cam_R_m2c": [0.7288781404495239, 0.14746524393558502, 0.6685736179351807, -0.5583329200744629, 0.6931893229484558, 0.4557991623878479, -0.39623355865478516, -0.7055087089538574, 0.5875852704048157], "cam_t_m2c": [96.93017578125, -127.87836456298828, 616.9190063476562], "obj_id": 1}, {"cam_R_m2c": [0.30155977606773376, 0.9222171902656555, 0.24202710390090942, -0.4673158526420593, -0.07829970121383667, 0.8806162476539612, 0.8310701251029968, -0.37866154313087463, 0.4073546826839447], "cam_t_m2c": [123.04389953613281, -108.79834747314453, 610.9631958007812], "obj_id": 1}, {"cam_R_m2c": [-0.045695848762989044, 0.9013202786445618, -0.43073612451553345, -0.7771859765052795, -0.30297642946243286, -0.5515317320823669, -0.6276096105575562, 0.3095593750476837, 0.7143382430076599], "cam_t_m2c": [129.54852294921875, -107.5071792602539, 577.1983642578125], "obj_id": 0}, {"cam_R_m2c": [0.8894063234329224, 0.33902624249458313, -0.30662283301353455, -0.45681172609329224, 0.6346681118011475, -0.6233132481575012, -0.016715843230485916, 0.6944476962089539, 0.7193489670753479], "cam_t_m2c": [204.93553161621094, -316.5155944824219, 887.542236328125], "obj_id": 3}, {"cam_R_m2c": [-0.3186648488044739, 0.552953839302063, -0.7698667049407959, 0.9444766640663147, 0.2538721561431885, -0.2085970938205719, 0.08010314404964447, -0.79359370470047, -0.6031520962715149], "cam_t_m2c": [56.71120834350586, 51.6973762512207, 467.257080078125], "obj_id": 0}, {"cam_R_m2c": [0.009802471846342087, 0.8154071569442749, -0.5788047909736633, 0.9509052038192749, -0.18665844202041626, -0.24685601890087128, -0.30932700634002686, -0.5479687452316284, -0.7772045731544495], "cam_t_m2c": [233.45867919921875, -40.35335159301758, 379.7320251464844], "obj_id": 2}, {"cam_R_m2c": [0.029268870130181313, -0.9822182655334473, 0.18544639647006989, -0.6575510501861572, 0.1208118200302124, 0.7436605095863342, -0.7528411149978638, -0.14370650053024292, -0.6423225998878479], "cam_t_m2c": [166.98097229003906, -171.6407928466797, 635.6249389648438], "obj_id": 1}],
  "1": [{"cam_R_m2c": [0.33902451395988464, 0.2482074350118637, 0.907444417476654, 0.6346689462661743, -0.7723513245582581, -0.0258583165705204, 0.6944476962089539, 0.584693431854248, -0.41937553882598877], "cam_t_m2c": [317.7751770019531, -79.38874053955078, 462.9578552246094], "obj_id": 2}, {"cam_R_m2c": [0.7288781404495239, 0.14746524393558502, 0.6685736179351807, -0.5583329200744629, 0.6931893229484558, 0.4557991623878479, -0.39623355865478516, -0.7055087089538574, 0.5875852704048157], "cam_t_m2c": [96.93017578125, -127.87836456298828, 616.9190063476562], "obj_id": 1}, {"cam_R_m2c": [0.30155977606773376, 0.9222171902656555, 0.24202710390090942, -0.4673158526420593, -0.07829970121383667, 0.8806162476539612, 0.8310701251029968, -0.37866154313087463, 0.4073546826839447], "cam_t_m2c": [123.04389953613281, -108.79834747314453, 610.9631958007812], "obj_id": 1}, {"cam_R_m2c": [-0.045695848762989044, 0.9013202786445618, -0.43073612451553345, -0.7771859765052795, -0.30297642946243286, -0.5515317320823669, -0.6276096105575562, 0.3095593750476837, 0.7143382430076599], "cam_t_m2c": [129.54852294921875, -107.5071792602539, 577.1983642578125], "obj_id": 0}, {"cam_R_m2c": [0.8894063234329224, 0.33902624249458313, -0.30662283301353455, -0.45681172609329224, 0.6346681118011475, -0.6233132481575012, -0.016715843230485916, 0.6944476962089539, 0.7193489670753479], "cam_t_m2c": [204.93553161621094, -316.5155944824219, 887.542236328125], "obj_id": 3}, {"cam_R_m2c": [-0.3186648488044739, 0.552953839302063, -0.7698667049407959, 0.9444766640663147, 0.2538721561431885, -0.2085970938205719, 0.08010314404964447, -0.79359370470047, -0.6031520962715149], "cam_t_m2c": [56.71120834350586, 51.6973762512207, 467.257080078125], "obj_id": 0}, {"cam_R_m2c": [0.009802471846342087, 0.8154071569442749, -0.5788047909736633, 0.9509052038192749, -0.18665844202041626, -0.24685601890087128, -0.30932700634002686, -0.5479687452316284, -0.7772045731544495], "cam_t_m2c": [233.45867919921875, -40.35335159301758, 379.7320251464844], "obj_id": 2}, {"cam_R_m2c": [0.029268870130181313, -0.9822182655334473, 0.18544639647006989, -0.6575510501861572, 0.1208118200302124, 0.7436605095863342, -0.7528411149978638, -0.14370650053024292, -0.6423225998878479], "cam_t_m2c": [166.98097229003906, -171.6407928466797, 635.6249389648438], "obj_id": 1}],
  "2": [{"cam_R_m2c": [0.33902451395988464, 0.2482074350118637, 0.907444417476654, 0.6346689462661743, -0.7723513245582581, -0.0258583165705204, 0.6944476962089539, 0.584693431854248, -0.41937553882598877], "cam_t_m2c": [317.7751770019531, -79.38874053955078, 462.9578552246094], "obj_id": 2}, {"cam_R_m2c": [0.7288781404495239, 0.14746524393558502, 0.6685736179351807, -0.5583329200744629, 0.6931893229484558, 0.4557991623878479, -0.39623355865478516, -0.7055087089538574, 0.5875852704048157], "cam_t_m2c": [96.93017578125, -127.87836456298828, 616.9190063476562], "obj_id": 1}, {"cam_R_m2c": [0.30155977606773376, 0.9222171902656555, 0.24202710390090942, -0.4673158526420593, -0.07829970121383667, 0.8806162476539612, 0.8310701251029968, -0.37866154313087463, 0.4073546826839447], "cam_t_m2c": [123.04389953613281, -108.79834747314453, 610.9631958007812], "obj_id": 1}, {"cam_R_m2c": [-0.045695848762989044, 0.9013202786445618, -0.43073612451553345, -0.7771859765052795, -0.30297642946243286, -0.5515317320823669, -0.6276096105575562, 0.3095593750476837, 0.7143382430076599], "cam_t_m2c": [129.54852294921875, -107.5071792602539, 577.1983642578125], "obj_id": 0}, {"cam_R_m2c": [0.8894063234329224, 0.33902624249458313, -0.30662283301353455, -0.45681172609329224, 0.6346681118011475, -0.6233132481575012, -0.016715843230485916, 0.6944476962089539, 0.7193489670753479], "cam_t_m2c": [204.93553161621094, -316.5155944824219, 887.542236328125], "obj_id": 3}, {"cam_R_m2c": [-0.3186648488044739, 0.552953839302063, -0.7698667049407959, 0.9444766640663147, 0.2538721561431885, -0.2085970938205719, 0.08010314404964447, -0.79359370470047, -0.6031520962715149], "cam_t_m2c": [56.71120834350586, 51.6973762512207, 467.257080078125], "obj_id": 0}, {"cam_R_m2c": [0.009802471846342087, 0.8154071569442749, -0.5788047909736633, 0.9509052038192749, -0.18665844202041626, -0.24685601890087128, -0.30932700634002686, -0.5479687452316284, -0.7772045731544495], "cam_t_m2c": [233.45867919921875, -40.35335159301758, 379.7320251464844], "obj_id": 2}, {"cam_R_m2c": [0.029268870130181313, -0.9822182655334473, 0.18544639647006989, -0.6575510501861572, 0.1208118200302124, 0.7436605095863342, -0.7528411149978638, -0.14370650053024292, -0.6423225998878479], "cam_t_m2c": [166.98097229003906, -171.6407928466797, 635.6249389648438], "obj_id": 1}],
  "3": [{"cam_R_m2c": [0.33902451395988464, 0.2482074350118637, 0.907444417476654, 0.6346689462661743, -0.7723513245582581, -0.0258583165705204, 0.6944476962089539, 0.584693431854248, -0.41937553882598877], "cam_t_m2c": [317.7751770019531, -79.38874053955078, 462.9578552246094], "obj_id": 2}, {"cam_R_m2c": [0.7288781404495239, 0.14746524393558502, 0.6685736179351807, -0.5583329200744629, 0.6931893229484558, 0.4557991623878479, -0.39623355865478516, -0.7055087089538574, 0.5875852704048157], "cam_t_m2c": [96.93017578125, -127.87836456298828, 616.9190063476562], "obj_id": 1}, {"cam_R_m2c": [0.30155977606773376, 0.9222171902656555, 0.24202710390090942, -0.4673158526420593, -0.07829970121383667, 0.8806162476539612, 0.8310701251029968, -0.37866154313087463, 0.4073546826839447], "cam_t_m2c": [123.04389953613281, -108.79834747314453, 610.9631958007812], "obj_id": 1}, {"cam_R_m2c": [-0.045695848762989044, 0.9013202786445618, -0.43073612451553345, -0.7771859765052795, -0.30297642946243286, -0.5515317320823669, -0.6276096105575562, 0.3095593750476837, 0.7143382430076599], "cam_t_m2c": [129.54852294921875, -107.5071792602539, 577.1983642578125], "obj_id": 0}, {"cam_R_m2c": [0.8894063234329224, 0.33902624249458313, -0.30662283301353455, -0.45681172609329224, 0.6346681118011475, -0.6233132481575012, -0.016715843230485916, 0.6944476962089539, 0.7193489670753479], "cam_t_m2c": [204.93553161621094, -316.5155944824219, 887.542236328125], "obj_id": 3}, {"cam_R_m2c": [-0.3186648488044739, 0.552953839302063, -0.7698667049407959, 0.9444766640663147, 0.2538721561431885, -0.2085970938205719, 0.08010314404964447, -0.79359370470047, -0.6031520962715149], "cam_t_m2c": [56.71120834350586, 51.6973762512207, 467.257080078125], "obj_id": 0}, {"cam_R_m2c": [0.009802471846342087, 0.8154071569442749, -0.5788047909736633, 0.9509052038192749, -0.18665844202041626, -0.24685601890087128, -0.30932700634002686, -0.5479687452316284, -0.7772045731544495], "cam_t_m2c": [233.45867919921875, -40.35335159301758, 379.7320251464844], "obj_id": 2}, {"cam_R_m2c": [0.029268870130181313, -0.9822182655334473, 0.18544639647006989, -0.6575510501861572, 0.1208118200302124, 0.7436605095863342, -0.7528411149978638, -0.14370650053024292, -0.6423225998878479], "cam_t_m2c": [166.98097229003906, -171.6407928466797, 635.6249389648438], "obj_id": 1}],
  "4": [{"cam_R_m2c": [0.33902451395988464, 0.2482074350118637, 0.907444417476654, 0.6346689462661743, -0.7723513245582581, -0.0258583165705204, 0.6944476962089539, 0.584693431854248, -0.41937553882598877], "cam_t_m2c": [317.7751770019531, -79.38874053955078, 462.9578552246094], "obj_id": 2}, {"cam_R_m2c": [0.7288781404495239, 0.14746524393558502, 0.6685736179351807, -0.5583329200744629, 0.6931893229484558, 0.4557991623878479, -0.39623355865478516, -0.7055087089538574, 0.5875852704048157], "cam_t_m2c": [96.93017578125, -127.87836456298828, 616.9190063476562], "obj_id": 1}, {"cam_R_m2c": [0.30155977606773376, 0.9222171902656555, 0.24202710390090942, -0.4673158526420593, -0.07829970121383667, 0.8806162476539612, 0.8310701251029968, -0.37866154313087463, 0.4073546826839447], "cam_t_m2c": [123.04389953613281, -108.79834747314453, 610.9631958007812], "obj_id": 1}, {"cam_R_m2c": [-0.045695848762989044, 0.9013202786445618, -0.43073612451553345, -0.7771859765052795, -0.30297642946243286, -0.5515317320823669, -0.6276096105575562, 0.3095593750476837, 0.7143382430076599], "cam_t_m2c": [129.54852294921875, -107.5071792602539, 577.1983642578125], "obj_id": 0}, {"cam_R_m2c": [0.8894063234329224, 0.33902624249458313, -0.30662283301353455, -0.45681172609329224, 0.6346681118011475, -0.6233132481575012, -0.016715843230485916, 0.6944476962089539, 0.7193489670753479], "cam_t_m2c": [204.93553161621094, -316.5155944824219, 887.542236328125], "obj_id": 3}, {"cam_R_m2c": [-0.3186648488044739, 0.552953839302063, -0.7698667049407959, 0.9444766640663147, 0.2538721561431885, -0.2085970938205719, 0.08010314404964447, -0.79359370470047, -0.6031520962715149], "cam_t_m2c": [56.71120834350586, 51.6973762512207, 467.257080078125], "obj_id": 0}, {"cam_R_m2c": [0.009802471846342087, 0.8154071569442749, -0.5788047909736633, 0.9509052038192749, -0.18665844202041626, -0.24685601890087128, -0.30932700634002686, -0.5479687452316284, -0.7772045731544495], "cam_t_m2c": [233.45867919921875, -40.35335159301758, 379.7320251464844], "obj_id": 2}, {"cam_R_m2c": [0.029268870130181313, -0.9822182655334473, 0.18544639647006989, -0.6575510501861572, 0.1208118200302124, 0.7436605095863342, -0.7528411149978638, -0.14370650053024292, -0.6423225998878479], "cam_t_m2c": [166.98097229003906, -171.6407928466797, 635.6249389648438], "obj_id": 1}],
  "5": [{"cam_R_m2c": [0.22845576703548431, -0.9717220664024353, -0.059699736535549164, 0.37372273206710815, 0.14415664970874786, -0.9162696599960327, 0.89896559715271, 0.18701590597629547, 0.3960881233215332], "cam_t_m2c": [-56.95758056640625, -420.3780822753906, 581.489990234375], "obj_id": 2}, {"cam_R_m2c": [-0.5073411464691162, 0.8609387874603271, 0.03727412968873978, -0.8595911264419556, -0.5086557269096375, 0.04870696738362312, 0.06089341640472412, -0.007329464890062809, 0.9981173872947693], "cam_t_m2c": [-111.52440643310547, -167.79220581054688, 491.764892578125], "obj_id": 1}, {"cam_R_m2c": [-0.8044416308403015, -0.1256147176027298, 0.5805983543395996, 0.3334627151489258, -0.9043515920639038, 0.26636558771133423, 0.4916056990623474, 0.40788349509239197, 0.7693860530853271], "cam_t_m2c": [-97.80931091308594, -186.74481201171875, 514.8763427734375], "obj_id": 1}, {"cam_R_m2c": [-0.44591695070266724, -0.5872089862823486, -0.6755319833755493, -0.5426033735275269, -0.42289143800735474, 0.725771427154541, -0.7118563055992126, 0.6901798248291016, -0.13004694879055023], "cam_t_m2c": [-85.0868911743164, -215.4866180419922, 500.8733825683594], "obj_id": 0}, {"cam_R_m2c": [-0.5971665978431702, 0.22845441102981567, -0.76889568567276, -0.6754807233810425, 0.3737214207649231, 0.6356556415557861, 0.4325711131095886, 0.8989665508270264, -0.06885736435651779], "cam_t_m2c": [-408.3238220214844, -71.22017669677734, 643.6531372070312], "obj_id": 3}, {"cam_R_m2c": [0.8858843445777893, 0.412355899810791, 0.21253602206707, 0.4127432107925415, -0.9097504615783691, 0.044689975678920746, 0.21178291738033295, 0.048132654279470444, -0.9761307835578918], "cam_t_m2c": [115.86872863769531, -222.9976806640625, 452.92681884765625], "obj_id": 0}, {"cam_R_m2c": [0.9697996377944946, -0.1344487965106964, 0.20349974930286407, -0.08957025408744812, -0.9723711013793945, -0.21557243168354034, 0.22686074674129486, 0.19083453714847565, -0.9550477862358093], "cam_t_m2c": [28.43056869506836, -418.7293701171875, 490.573974609375], "obj_id": 2}, {"cam_R_m2c": [-0.3067862391471863, 0.37766095995903015, 0.873644232749939, -0.6660412549972534, 0.5705233812332153, -0.48051223158836365, -0.6799051761627197, -0.7292977571487427, 0.07650911808013916], "cam_t_m2c": [-173.23817443847656, -207.57989501953125, 533.961181640625], "obj_id": 1}],
  "6": [{"cam_R_m2c": [0.22845576703548431, -0.9717220664024353, -0.059699736535549164, 0.37372273206710815, 0.14415664970874786, -0.9162696599960327, 0.89896559715271, 0.18701590597629547, 0.3960881233215332], "cam_t_m2c": [-56.95758056640625, -420.3780822753906, 581.489990234375], "obj_id": 2}, {"cam_R_m2c": [-0.5073411464691162, 0.8609387874603271, 0.03727412968873978, -0.8595911264419556, -0.5086557269096375, 0.04870696738362312, 0.06089341640472412, -0.007329464890062809, 0.9981173872947693], "cam_t_m2c": [-111.52440643310547, -167.79220581054688, 491.764892578125], "obj_id": 1}, {"cam_R_m2c": [-0.8044416308403015, -0.1256147176027298, 0.5805983543395996, 0.3334627151489258, -0.9043515920639038, 0.26636558771133423, 0.4916056990623474, 0.40788349509239197, 0.7693860530853271], "cam_t_m2c": [-97.80931091308594, -186.74481201171875, 514.8763427734375], "obj_id": 1}, {"cam_R_m2c": [-0.44591695070266724, -0.5872089862823486, -0.6755319833755493, -0.5426033735275269, -0.42289143800735474, 0.725771427154541, -0.7118563055992126, 0.6901798248291016, -0.13004694879055023], "cam_t_m2c": [-85.0868911743164, -215.4866180419922, 500.8733825683594], "obj_id": 0}, {"cam_R_m2c": [-0.5971665978431702, 0.22845441102981567, -0.76889568567276, -0.6754807233810425, 0.3737214207649231, 0.6356556415557861, 0.4325711131095886, 0.8989665508270264, -0.06885736435651779], "cam_t_m2c": [-408.3238220214844, -71.22017669677734, 643.6531372070312], "obj_id": 3}, {"cam_R_m2c": [0.8858843445777893, 0.412355899810791, 0.21253602206707, 0.4127432107925415, -0.9097504615783691, 0.044689975678920746, 0.21178291738033295, 0.048132654279470444, -0.9761307835578918], "cam_t_m2c": [115.86872863769531, -222.9976806640625, 452.92681884765625], "obj_id": 0}, {"cam_R_m2c": [0.9697996377944946, -0.1344487965106964, 0.20349974930286407, -0.08957025408744812, -0.9723711013793945, -0.21557243168354034, 0.22686074674129486, 0.19083453714847565, -0.9550477862358093], "cam_t_m2c": [28.43056869506836, -418.7293701171875, 490.573974609375], "obj_id": 2}, {"cam_R_m2c": [-0.3067862391471863, 0.37766095995903015, 0.873644232749939, -0.6660412549972534, 0.5705233812332153, -0.48051223158836365, -0.6799051761627197, -0.7292977571487427, 0.07650911808013916], "cam_t_m2c": [-173.23817443847656, -207.57989501953125, 533.961181640625], "obj_id": 1}],
  "7": [{"cam_R_m2c": [0.22845576703548431, -0.9717220664024353, -0.059699736535549164, 0.37372273206710815, 0.14415664970874786, -0.9162696599960327, 0.89896559715271, 0.18701590597629547, 0.3960881233215332], "cam_t_m2c": [-56.95758056640625, -420.3780822753906, 581.489990234375], "obj_id": 2}, {"cam_R_m2c": [-0.5073411464691162, 0.8609387874603271, 0.03727412968873978, -0.8595911264419556, -0.5086557269096375, 0.04870696738362312, 0.06089341640472412, -0.007329464890062809, 0.9981173872947693], "cam_t_m2c": [-111.52440643310547, -167.79220581054688, 491.764892578125], "obj_id": 1}, {"cam_R_m2c": [-0.8044416308403015, -0.1256147176027298, 0.5805983543395996, 0.3334627151489258, -0.9043515920639038, 0.26636558771133423, 0.4916056990623474, 0.40788349509239197, 0.7693860530853271], "cam_t_m2c": [-97.80931091308594, -186.74481201171875, 514.8763427734375], "obj_id": 1}, {"cam_R_m2c": [-0.44591695070266724, -0.5872089862823486, -0.6755319833755493, -0.5426033735275269, -0.42289143800735474, 0.725771427154541, -0.7118563055992126, 0.6901798248291016, -0.13004694879055023], "cam_t_m2c": [-85.0868911743164, -215.4866180419922, 500.8733825683594], "obj_id": 0}, {"cam_R_m2c": [-0.5971665978431702, 0.22845441102981567, -0.76889568567276, -0.6754807233810425, 0.3737214207649231, 0.6356556415557861, 0.4325711131095886, 0.8989665508270264, -0.06885736435651779], "cam_t_m2c": [-408.3238220214844, -71.22017669677734, 643.6531372070312], "obj_id": 3}, {"cam_R_m2c": [0.8858843445777893, 0.412355899810791, 0.21253602206707, 0.4127432107925415, -0.9097504615783691, 0.044689975678920746, 0.21178291738033295, 0.048132654279470444, -0.9761307835578918], "cam_t_m2c": [115.86872863769531, -222.9976806640625, 452.92681884765625], "obj_id": 0}, {"cam_R_m2c": [0.9697996377944946, -0.1344487965106964, 0.20349974930286407, -0.08957025408744812, -0.9723711013793945, -0.21557243168354034, 0.22686074674129486, 0.19083453714847565, -0.9550477862358093], "cam_t_m2c": [28.43056869506836, -418.7293701171875, 490.573974609375], "obj_id": 2}, {"cam_R_m2c": [-0.3067862391471863, 0.37766095995903015, 0.873644232749939, -0.6660412549972534, 0.5705233812332153, -0.48051223158836365, -0.6799051761627197, -0.7292977571487427, 0.07650911808013916], "cam_t_m2c": [-173.23817443847656, -207.57989501953125, 533.961181640625], "obj_id": 1}],
  "8": [{"cam_R_m2c": [0.22845576703548431, -0.9717220664024353, -0.059699736535549164, 0.37372273206710815, 0.14415664970874786, -0.9162696599960327, 0.89896559715271, 0.18701590597629547, 0.3960881233215332], "cam_t_m2c": [-56.95758056640625, -420.3780822753906, 581.489990234375], "obj_id": 2}, {"cam_R_m2c": [-0.5073411464691162, 0.8609387874603271, 0.03727412968873978, -0.8595911264419556, -0.5086557269096375, 0.04870696738362312, 0.06089341640472412, -0.007329464890062809, 0.9981173872947693], "cam_t_m2c": [-111.52440643310547, -167.79220581054688, 491.764892578125], "obj_id": 1}, {"cam_R_m2c": [-0.8044416308403015, -0.1256147176027298, 0.5805983543395996, 0.3334627151489258, -0.9043515920639038, 0.26636558771133423, 0.4916056990623474, 0.40788349509239197, 0.7693860530853271], "cam_t_m2c": [-97.80931091308594, -186.74481201171875, 514.8763427734375], "obj_id": 1}, {"cam_R_m2c": [-0.44591695070266724, -0.5872089862823486, -0.6755319833755493, -0.5426033735275269, -0.42289143800735474, 0.725771427154541, -0.7118563055992126, 0.6901798248291016, -0.13004694879055023], "cam_t_m2c": [-85.0868911743164, -215.4866180419922, 500.8733825683594], "obj_id": 0}, {"cam_R_m2c": [-0.5971665978431702, 0.22845441102981567, -0.76889568567276, -0.6754807233810425, 0.3737214207649231, 0.6356556415557861, 0.4325711131095886, 0.8989665508270264, -0.06885736435651779], "cam_t_m2c": [-408.3238220214844, -71.22017669677734, 643.6531372070312], "obj_id": 3}, {"cam_R_m2c": [0.8858843445777893, 0.412355899810791, 0.21253602206707, 0.4127432107925415, -0.9097504615783691, 0.044689975678920746, 0.21178291738033295, 0.048132654279470444, -0.9761307835578918], "cam_t_m2c": [115.86872863769531, -222.9976806640625, 452.92681884765625], "obj_id": 0}, {"cam_R_m2c": [0.9697996377944946, -0.1344487965106964, 0.20349974930286407, -0.08957025408744812, -0.9723711013793945, -0.21557243168354034, 0.22686074674129486, 0.19083453714847565, -0.9550477862358093], "cam_t_m2c": [28.43056869506836, -418.7293701171875, 490.573974609375], "obj_id": 2}, {"cam_R_m2c": [-0.3067862391471863, 0.37766095995903015, 0.873644232749939, -0.6660412549972534, 0.5705233812332153, -0.48051223158836365, -0.6799051761627197, -0.7292977571487427, 0.07650911808013916], "cam_t_m2c": [-173.23817443847656, -207.57989501953125, 533.961181640625], "obj_id": 1}],
  "9": [{"cam_R_m2c": [0.22845576703548431, -0.9717220664024353, -0.059699736535549164, 0.37372273206710815, 0.14415664970874786, -0.9162696599960327, 0.89896559715271, 0.18701590597629547, 0.3960881233215332], "cam_t_m2c": [-56.95758056640625, -420.3780822753906, 581.489990234375], "obj_id": 2}, {"cam_R_m2c": [-0.5073411464691162, 0.8609387874603271, 0.03727412968873978, -0.8595911264419556, -0.5086557269096375, 0.04870696738362312, 0.06089341640472412, -0.007329464890062809, 0.9981173872947693], "cam_t_m2c": [-111.52440643310547, -167.79220581054688, 491.764892578125], "obj_id": 1}, {"cam_R_m2c": [-0.8044416308403015, -0.1256147176027298, 0.5805983543395996, 0.3334627151489258, -0.9043515920639038, 0.26636558771133423, 0.4916056990623474, 0.40788349509239197, 0.7693860530853271], "cam_t_m2c": [-97.80931091308594, -186.74481201171875, 514.8763427734375], "obj_id": 1}, {"cam_R_m2c": [-0.44591695070266724, -0.5872089862823486, -0.6755319833755493, -0.5426033735275269, -0.42289143800735474, 0.725771427154541, -0.7118563055992126, 0.6901798248291016, -0.13004694879055023], "cam_t_m2c": [-85.0868911743164, -215.4866180419922, 500.8733825683594], "obj_id": 0}, {"cam_R_m2c": [-0.5971665978431702, 0.22845441102981567, -0.76889568567276, -0.6754807233810425, 0.3737214207649231, 0.6356556415557861, 0.4325711131095886, 0.8989665508270264, -0.06885736435651779], "cam_t_m2c": [-408.3238220214844, -71.22017669677734, 643.6531372070312], "obj_id": 3}, {"cam_R_m2c": [0.8858843445777893, 0.412355899810791, 0.21253602206707, 0.4127432107925415, -0.9097504615783691, 0.044689975678920746, 0.21178291738033295, 0.048132654279470444, -0.9761307835578918], "cam_t_m2c": [115.86872863769531, -222.9976806640625, 452.92681884765625], "obj_id": 0}, {"cam_R_m2c": [0.9697996377944946, -0.1344487965106964, 0.20349974930286407, -0.08957025408744812, -0.9723711013793945, -0.21557243168354034, 0.22686074674129486, 0.19083453714847565, -0.9550477862358093], "cam_t_m2c": [28.43056869506836, -418.7293701171875, 490.573974609375], "obj_id": 2}, {"cam_R_m2c": [-0.3067862391471863, 0.37766095995903015, 0.873644232749939, -0.6660412549972534, 0.5705233812332153, -0.48051223158836365, -0.6799051761627197, -0.7292977571487427, 0.07650911808013916], "cam_t_m2c": [-173.23817443847656, -207.57989501953125, 533.961181640625], "obj_id": 1}],
  "10": [{"cam_R_m2c": [0.22845576703548431, -0.9717220664024353, -0.059699736535549164, 0.37372273206710815, 0.14415664970874786, -0.9162696599960327, 0.89896559715271, 0.18701590597629547, 0.3960881233215332], "cam_t_m2c": [-56.95758056640625, -420.3780822753906, 581.489990234375], "obj_id": 2}, {"cam_R_m2c": [-0.5073411464691162, 0.8609387874603271, 0.03727412968873978, -0.8595911264419556, -0.5086557269096375, 0.04870696738362312, 0.06089341640472412, -0.007329464890062809, 0.9981173872947693], "cam_t_m2c": [-111.52440643310547, -167.79220581054688, 491.764892578125], "obj_id": 1}, {"cam_R_m2c": [-0.8044416308403015, -0.1256147176027298, 0.5805983543395996, 0.3334627151489258, -0.9043515920639038, 0.26636558771133423, 0.4916056990623474, 0.40788349509239197, 0.7693860530853271], "cam_t_m2c": [-97.80931091308594, -186.74481201171875, 514.8763427734375], "obj_id": 1}, {"cam_R_m2c": [-0.44591695070266724, -0.5872089862823486, -0.6755319833755493, -0.5426033735275269, -0.42289143800735474, 0.725771427154541, -0.7118563055992126, 0.6901798248291016, -0.13004694879055023], "cam_t_m2c": [-85.0868911743164, -215.4866180419922, 500.8733825683594], "obj_id": 0}, {"cam_R_m2c": [-0.5971665978431702, 0.22845441102981567, -0.76889568567276, -0.6754807233810425, 0.3737214207649231, 0.6356556415557861, 0.4325711131095886, 0.8989665508270264, -0.06885736435651779], "cam_t_m2c": [-408.3238220214844, -71.22017669677734, 643.6531372070312], "obj_id": 3}, {"cam_R_m2c": [0.8858843445777893, 0.412355899810791, 0.21253602206707, 0.4127432107925415, -0.9097504615783691, 0.044689975678920746, 0.21178291738033295, 0.048132654279470444, -0.9761307835578918], "cam_t_m2c": [115.86872863769531, -222.9976806640625, 452.92681884765625], "obj_id": 0}, {"cam_R_m2c": [0.9697996377944946, -0.1344487965106964, 0.20349974930286407, -0.08957025408744812, -0.9723711013793945, -0.21557243168354034, 0.22686074674129486, 0.19083453714847565, -0.9550477862358093], "cam_t_m2c": [28.43056869506836, -418.7293701171875, 490.573974609375], "obj_id": 2}, {"cam_R_m2c": [-0.3067862391471863, 0.37766095995903015, 0.873644232749939, -0.6660412549972534, 0.5705233812332153, -0.48051223158836365, -0.6799051761627197, -0.7292977571487427, 0.07650911808013916], "cam_t_m2c": [-173.23817443847656, -207.57989501953125, 533.961181640625], "obj_id": 1}],
  "11": [{"cam_R_m2c": [0.22845576703548431, -0.9717220664024353, -0.059699736535549164, 0.37372273206710815, 0.14415664970874786, -0.9162696599960327, 0.89896559715271, 0.18701590597629547, 0.3960881233215332], "cam_t_m2c": [-56.95758056640625, -420.3780822753906, 581.489990234375], "obj_id": 2}, {"cam_R_m2c": [-0.5073411464691162, 0.8609387874603271, 0.03727412968873978, -0.8595911264419556, -0.5086557269096375, 0.04870696738362312, 0.06089341640472412, -0.007329464890062809, 0.9981173872947693], "cam_t_m2c": [-111.52440643310547, -167.79220581054688, 491.764892578125], "obj_id": 1}, {"cam_R_m2c": [-0.8044416308403015, -0.1256147176027298, 0.5805983543395996, 0.3334627151489258, -0.9043515920639038, 0.26636558771133423, 0.4916056990623474, 0.40788349509239197, 0.7693860530853271], "cam_t_m2c": [-97.80931091308594, -186.74481201171875, 514.8763427734375], "obj_id": 1}, {"cam_R_m2c": [-0.44591695070266724, -0.5872089862823486, -0.6755319833755493, -0.5426033735275269, -0.42289143800735474, 0.725771427154541, -0.7118563055992126, 0.6901798248291016, -0.13004694879055023], "cam_t_m2c": [-85.0868911743164, -215.4866180419922, 500.8733825683594], "obj_id": 0}, {"cam_R_m2c": [-0.5971665978431702, 0.22845441102981567, -0.76889568567276, -0.6754807233810425, 0.3737214207649231, 0.6356556415557861, 0.4325711131095886, 0.8989665508270264, -0.06885736435651779], "cam_t_m2c": [-408.3238220214844, -71.22017669677734, 643.6531372070312], "obj_id": 3}, {"cam_R_m2c": [0.8858843445777893, 0.412355899810791, 0.21253602206707, 0.4127432107925415, -0.9097504615783691, 0.044689975678920746, 0.21178291738033295, 0.048132654279470444, -0.9761307835578918], "cam_t_m2c": [115.86872863769531, -222.9976806640625, 452.92681884765625], "obj_id": 0}, {"cam_R_m2c": [0.9697996377944946, -0.1344487965106964, 0.20349974930286407, -0.08957025408744812, -0.9723711013793945, -0.21557243168354034, 0.22686074674129486, 0.19083453714847565, -0.9550477862358093], "cam_t_m2c": [28.43056869506836, -418.7293701171875, 490.573974609375], "obj_id": 2}, {"cam_R_m2c": [-0.3067862391471863, 0.37766095995903015, 0.873644232749939, -0.6660412549972534, 0.5705233812332153, -0.48051223158836365, -0.6799051761627197, -0.7292977571487427, 0.07650911808013916], "cam_t_m2c": [-173.23817443847656, -207.57989501953125, 533.961181640625], "obj_id": 1}],
  "12": [{"cam_R_m2c": [0.22845576703548431, -0.9717220664024353, -0.059699736535549164, 0.37372273206710815, 0.14415664970874786, -0.9162696599960327, 0.89896559715271, 0.18701590597629547, 0.3960881233215332], "cam_t_m2c": [-56.95758056640625, -420.3780822753906, 581.489990234375], "obj_id": 2}, {"cam_R_m2c": [-0.5073411464691162, 0.8609387874603271, 0.03727412968873978, -0.8595911264419556, -0.5086557269096375, 0.04870696738362312, 0.06089341640472412, -0.007329464890062809, 0.9981173872947693], "cam_t_m2c": [-111.52440643310547, -167.79220581054688, 491.764892578125], "obj_id": 1}, {"cam_R_m2c": [-0.8044416308403015, -0.1256147176027298, 0.5805983543395996, 0.3334627151489258, -0.9043515920639038, 0.26636558771133423, 0.4916056990623474, 0.40788349509239197, 0.7693860530853271], "cam_t_m2c": [-97.80931091308594, -186.74481201171875, 514.8763427734375], "obj_id": 1}, {"cam_R_m2c": [-0.44591695070266724, -0.5872089862823486, -0.6755319833755493, -0.5426033735275269, -0.42289143800735474, 0.725771427154541, -0.7118563055992126, 0.6901798248291016, -0.13004694879055023], "cam_t_m2c": [-85.0868911743164, -215.4866180419922, 500.8733825683594], "obj_id": 0}, {"cam_R_m2c": [-0.5971665978431702, 0.22845441102981567, -0.76889568567276, -0.6754807233810425, 0.3737214207649231, 0.6356556415557861, 0.4325711131095886, 0.8989665508270264, -0.06885736435651779], "cam_t_m2c": [-408.3238220214844, -71.22017669677734, 643.6531372070312], "obj_id": 3}, {"cam_R_m2c": [0.8858843445777893, 0.412355899810791, 0.21253602206707, 0.4127432107925415, -0.9097504615783691, 0.044689975678920746, 0.21178291738033295, 0.048132654279470444, -0.9761307835578918], "cam_t_m2c": [115.86872863769531, -222.9976806640625, 452.92681884765625], "obj_id": 0}, {"cam_R_m2c": [0.9697996377944946, -0.1344487965106964, 0.20349974930286407, -0.08957025408744812, -0.9723711013793945, -0.21557243168354034, 0.22686074674129486, 0.19083453714847565, -0.9550477862358093], "cam_t_m2c": [28.43056869506836, -418.7293701171875, 490.573974609375], "obj_id": 2}, {"cam_R_m2c": [-0.3067862391471863, 0.37766095995903015, 0.873644232749939, -0.6660412549972534, 0.5705233812332153, -0.48051223158836365, -0.6799051761627197, -0.7292977571487427, 0.07650911808013916], "cam_t_m2c": [-173.23817443847656, -207.57989501953125, 533.961181640625], "obj_id": 1}],
  "13": [{"cam_R_m2c": [0.22845576703548431, -0.9717220664024353, -0.059699736535549164, 0.37372273206710815, 0.14415664970874786, -0.9162696599960327, 0.89896559715271, 0.18701590597629547, 0.3960881233215332], "cam_t_m2c": [-56.95758056640625, -420.3780822753906, 581.489990234375], "obj_id": 2}, {"cam_R_m2c": [-0.5073411464691162, 0.8609387874603271, 0.03727412968873978, -0.8595911264419556, -0.5086557269096375, 0.04870696738362312, 0.06089341640472412, -0.007329464890062809, 0.9981173872947693], "cam_t_m2c": [-111.52440643310547, -167.79220581054688, 491.764892578125], "obj_id": 1}, {"cam_R_m2c": [-0.8044416308403015, -0.1256147176027298, 0.5805983543395996, 0.3334627151489258, -0.9043515920639038, 0.26636558771133423, 0.4916056990623474, 0.40788349509239197, 0.7693860530853271], "cam_t_m2c": [-97.80931091308594, -186.74481201171875, 514.8763427734375], "obj_id": 1}, {"cam_R_m2c": [-0.44591695070266724, -0.5872089862823486, -0.6755319833755493, -0.5426033735275269, -0.42289143800735474, 0.725771427154541, -0.7118563055992126, 0.6901798248291016, -0.13004694879055023], "cam_t_m2c": [-85.0868911743164, -215.4866180419922, 500.8733825683594], "obj_id": 0}, {"cam_R_m2c": [-0.5971665978431702, 0.22845441102981567, -0.76889568567276, -0.6754807233810425, 0.3737214207649231, 0.6356556415557861, 0.4325711131095886, 0.8989665508270264, -0.06885736435651779], "cam_t_m2c": [-408.3238220214844, -71.22017669677734, 643.6531372070312], "obj_id": 3}, {"cam_R_m2c": [0.8858843445777893, 0.412355899810791, 0.21253602206707, 0.4127432107925415, -0.9097504615783691, 0.044689975678920746, 0.21178291738033295, 0.048132654279470444, -0.9761307835578918], "cam_t_m2c": [115.86872863769531, -222.9976806640625, 452.92681884765625], "obj_id": 0}, {"cam_R_m2c": [0.9697996377944946, -0.1344487965106964, 0.20349974930286407, -0.08957025408744812, -0.9723711013793945, -0.21557243168354034, 0.22686074674129486, 0.19083453714847565, -0.9550477862358093], "cam_t_m2c": [28.43056869506836, -418.7293701171875, 490.573974609375], "obj_id": 2}, {"cam_R_m2c": [-0.3067862391471863, 0.37766095995903015, 0.873644232749939, -0.6660412549972534, 0.5705233812332153, -0.48051223158836365, -0.6799051761627197, -0.7292977571487427, 0.07650911808013916], "cam_t_m2c": [-173.23817443847656, -207.57989501953125, 533.961181640625], "obj_id": 1}],
  "14": [{"cam_R_m2c": [0.22845576703548431, -0.9717220664024353, -0.059699736535549164, 0.37372273206710815, 0.14415664970874786, -0.9162696599960327, 0.89896559715271, 0.18701590597629547, 0.3960881233215332], "cam_t_m2c": [-56.95758056640625, -420.3780822753906, 581.489990234375], "obj_id": 2}, {"cam_R_m2c": [-0.5073411464691162, 0.8609387874603271, 0.03727412968873978, -0.8595911264419556, -0.5086557269096375, 0.04870696738362312, 0.06089341640472412, -0.007329464890062809, 0.9981173872947693], "cam_t_m2c": [-111.52440643310547, -167.79220581054688, 491.764892578125], "obj_id": 1}, {"cam_R_m2c": [-0.8044416308403015, -0.1256147176027298, 0.5805983543395996, 0.3334627151489258, -0.9043515920639038, 0.26636558771133423, 0.4916056990623474, 0.40788349509239197, 0.7693860530853271], "cam_t_m2c": [-97.80931091308594, -186.74481201171875, 514.8763427734375], "obj_id": 1}, {"cam_R_m2c": [-0.44591695070266724, -0.5872089862823486, -0.6755319833755493, -0.5426033735275269, -0.42289143800735474, 0.725771427154541, -0.7118563055992126, 0.6901798248291016, -0.13004694879055023], "cam_t_m2c": [-85.0868911743164, -215.4866180419922, 500.8733825683594], "obj_id": 0}, {"cam_R_m2c": [-0.5971665978431702, 0.22845441102981567, -0.76889568567276, -0.6754807233810425, 0.3737214207649231, 0.6356556415557861, 0.4325711131095886, 0.8989665508270264, -0.06885736435651779], "cam_t_m2c": [-408.3238220214844, -71.22017669677734, 643.6531372070312], "obj_id": 3}, {"cam_R_m2c": [0.8858843445777893, 0.412355899810791, 0.21253602206707, 0.4127432107925415, -0.9097504615783691, 0.044689975678920746, 0.21178291738033295, 0.048132654279470444, -0.9761307835578918], "cam_t_m2c": [115.86872863769531, -222.9976806640625, 452.92681884765625], "obj_id": 0}, {"cam_R_m2c": [0.9697996377944946, -0.1344487965106964, 0.20349974930286407, -0.08957025408744812, -0.9723711013793945, -0.21557243168354034, 0.22686074674129486, 0.19083453714847565, -0.9550477862358093], "cam_t_m2c": [28.43056869506836, -418.7293701171875, 490.573974609375], "obj_id": 2}, {"cam_R_m2c": [-0.3067862391471863, 0.37766095995903015, 0.873644232749939, -0.6660412549972534, 0.5705233812332153, -0.48051223158836365, -0.6799051761627197, -0.7292977571487427, 0.07650911808013916], "cam_t_m2c": [-173.23817443847656, -207.57989501953125, 533.961181640625], "obj_id": 1}]
}