{
  "0": [{"cam_R_m2c": [-0.3343760371208191, -0.7557106614112854, -0.563110888004303, 0.16960188746452332, -0.6360002160072327, 0.7528204917907715, -0.9270532131195068, 0.15622052550315857, 0.3408333361148834], "cam_t_m2c": [344.6607971191406, -29.58393096923828, 2951.147216796875], "obj_id": 2}, {"cam_R_m2c": [0.2673987150192261, -0.9635787606239319, -0.0037133460864424706, -0.36121872067451477, -0.09666609019041061, -0.9274570345878601, 0.8933190107345581, 0.24934212863445282, -0.3739110827445984], "cam_t_m2c": [690.7180786132812, -54.96934509277344, 2706.112548828125], "obj_id": 2}, {"cam_R_m2c": [-0.7257253527641296, 0.5577905774116516, -0.4027312397956848, -0.4405882656574249, -0.8263998031616211, -0.35063570737838745, -0.5283982753753662, -0.07702656090259552, 0.8454952239990234], "cam_t_m2c": [-797.8841552734375, -210.6136474609375, 2081.753173828125], "obj_id": 1}, {"cam_R_m2c": [0.6155394315719604, -0.7815481424331665, 0.10145801305770874, -0.4383346140384674, -0.4464937746524811, -0.7800679802894592, 0.6549610495567322, 0.4356900155544281, -0.617414116859436], "cam_t_m2c": [-743.1041870117188, -63.581974029541016, 2683.7001953125], "obj_id": 1}, {"cam_R_m2c": [-0.04744885116815567, 0.7171745896339417, 0.6952762603759766, -0.5277349352836609, 0.5729835629463196, -0.6270451545715332, -0.8480827212333679, -0.3966742157936096, 0.3512907326221466], "cam_t_m2c": [-387.8387756347656, -258.3804626464844, 2646.9345703125], "obj_id": 1}, {"cam_R_m2c": [0.43501967191696167, -0.48985791206359863, 0.7555111646652222, 0.5029029846191406, 0.8281784057617188, 0.24740472435951233, -0.74689120054245, 0.2723228931427002, 0.6066249012947083], "cam_t_m2c": [667.0501708984375, -298.6741943359375, 2440.841796875], "obj_id": 0}, {"cam_R_m2c": [0.9900745153427124, -0.11337534338235855, 0.08305728435516357, 0.13928020000457764, 0.7124462127685547, -0.6877655386924744, 0.01880180649459362, 0.6925073862075806, 0.7211657762527466], "cam_t_m2c": [5.071502208709717, 190.15916442871094, 2314.6982421875], "obj_id": 0}, {"cam_R_m2c": [0.3229924738407135, 0.9205049872398376, 0.2198779433965683, -0.9444912672042847, 0.3282742202281952, 0.013123258017003536, -0.06010022386908531, -0.21191151440143585, 0.9754391312599182], "cam_t_m2c": [-629.8927612304688, -307.8764343261719, 2044.23046875], "obj_id": 0}, {"cam_R_m2c": [-0.5978547930717468, 0.7545435428619385, 0.27061712741851807, -0.5086578726768494, -0.6180171370506287, 0.5994347333908081, 0.6195456385612488, 0.22072340548038483, 0.7532890439033508], "cam_t_m2c": [-338.0970458984375, 581.0369262695312, 2171.79931640625], "obj_id": 1}, {"cam_R_m2c": [0.3193534314632416, 0.13785474002361298, -0.9375550150871277, -0.9446380734443665, -0.03231988847255707, -0.3265182673931122, -0.07531381398439407, 0.989924967288971, 0.11990141868591309], "cam_t_m2c": [375.2806091308594, 108.06916809082031, 2329.15478515625], "obj_id": 1}, {"cam_R_m2c": [0.7557262778282166, 0.3352843225002289, -0.5625497102737427, -0.3379668593406677, 0.9354483485221863, 0.10351216048002243, 0.5609422326087952, 0.1118963286280632, 0.8202579021453857], "cam_t_m2c": [632.5643310546875, 21.438724517822266, 2728.80615234375], "obj_id": 0}, {"cam_R_m2c": [-0.0077901920303702354, 0.77083820104599, -0.6369832754135132, 0.2982378602027893, -0.6062207221984863, -0.7372587323188782, -0.9544597268104553, -0.19571596384048462, -0.22517046332359314], "cam_t_m2c": [9.695841789245605, -435.75946044921875, 2869.933349609375], "obj_id": 2}, {"cam_R_m2c": [-0.09372202306985855, -0.12587952613830566, -0.9876083731651306, -0.9912069439888, -0.08126860857009888, 0.10442203283309937, -0.09340625256299973, 0.9887110590934753, -0.11715590208768845], "cam_t_m2c": [548.5558471679688, 702.2099609375, 1929.3876953125], "obj_id": 2}, {"cam_R_m2c": [0.40434443950653076, 0.9004296660423279, -0.16041164100170135, -0.5372631549835205, 0.3757786750793457, 0.755075216293335, 0.740171492099762, -0.21912717819213867, 0.6357117295265198], "cam_t_m2c": [140.3674774169922, -246.16244506835938, 2958.72412109375], "obj_id": 2}, {"cam_R_m2c": [0.36420509219169617, 0.320240318775177, -0.8745288252830505, -0.6971874833106995, 0.7163404226303101, -0.028035806491971016, 0.6174821257591248, 0.6199213862419128, 0.4841623902320862], "cam_t_m2c": [551.2180786132812, 595.5346069335938, 1791.0518798828125], "obj_id": 2}, {"cam_R_m2c": [-0.7317277193069458, -0.1152029037475586, 0.6717909574508667, 0.6460870504379272, 0.19674767553806305, 0.7374699711799622, -0.21713201701641083, 0.9736625552177429, -0.06953471153974533], "cam_t_m2c": [-177.14794921875, 132.9819793701172, 2101.3798828125], "obj_id": 1}, {"cam_R_m2c": [-0.6655096411705017, -0.4464278221130371, -0.5981631875038147, 0.7359422445297241, -0.2588646411895752, -0.6256022453308105, 0.12444297969341278, -0.8565578460693359, 0.5008219480514526], "cam_t_m2c": [558.5645141601562, 513.8162231445312, 1911.1529541015625], "obj_id": 2}, {"cam_R_m2c": [-0.5047204494476318, 0.15827880799770355, 0.8486489653587341, 0.8478748798370361, 0.27578723430633545, 0.4528239369392395, -0.1623740792274475, 0.9480976462364197, -0.2733960449695587], "cam_t_m2c": [-681.1616821289062, -495.9925231933594, 2955.180908203125], "obj_id": 2}, {"cam_R_m2c": [0.7274290323257446, 0.04470604658126831, 0.6847250461578369, -0.6292362213134766, 0.4414781332015991, 0.6396551728248596, -0.27369463443756104, -0.8961575627326965, 0.3492746651172638], "cam_t_m2c": [-381.87567138671875, 290.75555419921875, 2204.529052734375], "obj_id": 2}, {"cam_R_m2c": [-0.6444604396820068, 0.08204643428325653, -0.7602230310440063, 0.43870458006858826, -0.7746325731277466, -0.45550262928009033, -0.6262658834457397, -0.6270667910575867, 0.46322593092918396], "cam_t_m2c": [658.8427124023438, 188.04513549804688, 2418.319091796875], "obj_id": 1}, {"cam_R_m2c": [0.1768975555896759, 0.7884280681610107, -0.5891421437263489, -0.6126026511192322, 0.5567013621330261, 0.5610718131065369, 0.7703409790992737, 0.26165783405303955, 0.5814722180366516], "cam_t_m2c": [-983.5863037109375, 179.6595458984375, 2164.94482421875], "obj_id": 0}, {"cam_R_m2c": [-0.7671225666999817, 0.38817065954208374, -0.5107312798500061, -0.6410594582557678, -0.4343487620353699, 0.6327588558197021, 0.023782925680279732, 0.8128127455711365, 0.5820392966270447], "cam_t_m2c": [-604.4901733398438, -147.71328735351562, 2810.07421875], "obj_id": 1}, {"cam_R_m2c": [-0.6421041488647461, -0.6230573058128357, -0.4466562867164612, -0.7052897214889526, 0.25177180767059326, 0.662704586982727, -0.3004474937915802, 0.7405474185943604, -0.6010996699333191], "cam_t_m2c": [-543.9188232421875, 376.0156555175781, 1981.4951171875], "obj_id": 2}, {"cam_R_m2c": [0.8015123605728149, -0.2305753529071808, 0.5517362356185913, 0.4636414051055908, 0.8223233819007874, -0.32988008856773376, -0.3776434063911438, 0.5202107429504395, 0.7660066485404968], "cam_t_m2c": [-1045.625732421875, 410.4576721191406, 2511.8486328125], "obj_id": 1}, {"cam_R_m2c": [-0.26941588521003723, -0.8052761554718018, 0.5281528830528259, -0.2004144787788391, 0.5833078622817993, 0.7871378064155579, -0.9419390559196472, 0.10621793568134308, -0.31854140758514404], "cam_t_m2c": [-147.31385803222656, 172.36830139160156, 2859.34912109375], "obj_id": 2}, {"cam_R_m2c": [0.4133007228374481, 0.6328600645065308, -0.654729425907135, 0.7490505576133728, -0.6451351046562195, -0.15074487030506134, -0.517789363861084, -0.42812249064445496, -0.7406789660453796], "cam_t_m2c": [270.5777587890625, -99.31560516357422, 2778.8193359375], "obj_id": 2}, {"cam_R_m2c": [0.44287076592445374, -0.7242318391799927, -0.52853924036026, 0.6008502840995789, 0.677280068397522, -0.42458292841911316, 0.6654655337333679, -0.12953759729862213, 0.7351024746894836], "cam_t_m2c": [188.12179565429688, -193.7222137451172, 2605.588623046875], "obj_id": 0}, {"cam_R_m2c": [0.22402118146419525, 0.3928937017917633, -0.8918794393539429, 0.8449836373329163, 0.37768760323524475, 0.37862202525138855, 0.4856099784374237, -0.8384429216384888, -0.24737872183322906], "cam_t_m2c": [-394.9664611816406, 33.69700241088867, 1922.0718994140625], "obj_id": 2}, {"cam_R_m2c": [-0.2780410945415497, 0.7450276613235474, 0.6063223481178284, 0.9562382102012634, 0.2745516896247864, 0.10114254057407379, -0.09111281484365463, 0.6079104542732239, -0.7887606024742126], "cam_t_m2c": [-984.8639526367188, 68.62117004394531, 1734.28564453125], "obj_id": 2}, {"cam_R_m2c": [-0.1484641432762146, -0.5018500089645386, -0.8521177768707275, 0.9377538561820984, 0.20212392508983612, -0.28242430090904236, 0.3139679729938507, -0.8410066962242126, 0.44060376286506653], "cam_t_m2c": [91.31285858154297, 567.9842529296875, 2258.96337890625], "obj_id": 0}, {"cam_R_m2c": [0.0048319315537810326, -0.8578171133995056, -0.5139322280883789, 0.7701884508132935, 0.33098509907722473, -0.5452142357826233, 0.637798011302948, -0.39319029450416565, 0.6622802019119263], "cam_t_m2c": [804.4268188476562, -262.01934814453125, 2789.419677734375], "obj_id": 2}, {"cam_R_m2c": [0.6636487245559692, 0.37196987867355347, 0.6490059494972229, -0.3019356429576874, -0.6605880856513977, 0.6873558759689331, 0.6844013333320618, -0.6521208882331848, -0.32608747482299805], "cam_t_m2c": [775.377197265625, 140.2846221923828, 2857.991455078125], "obj_id": 2}, {"cam_R_m2c": [0.9028322100639343, -0.28082209825515747, 0.32562705874443054, 0.07156888395547867, -0.6485826969146729, -0.757771909236908, 0.4239951968193054, 0.7074456810951233, -0.5654631853103638], "cam_t_m2c": [-551.8359985351562, 515.170166015625, 2292.9423828125], "obj_id": 0}, {"cam_R_m2c": [0.5281606912612915, -0.378439337015152, 0.7601512670516968, -0.8187953233718872, -0.46416524052619934, 0.33782362937927246, 0.2249900847673416, -0.8008334636688232, -0.5550181865692139], "cam_t_m2c": [340.1109924316406, 524.3959350585938, 2071.352783203125], "obj_id": 2}, {"cam_R_m2c": [-0.6425182819366455, 0.5647442936897278, 0.5179129838943481, -0.22956456243991852, 0.5029779672622681, -0.8332545757293701, -0.7310746312141418, -0.6542758941650391, -0.1935272067785263], "cam_t_m2c": [220.53411865234375, -645.7223510742188, 2763.349365234375], "obj_id": 2}, {"cam_R_m2c": [0.020786425098776817, -0.07712956517934799, -0.9968043565750122, -0.46546390652656555, 0.8816298246383667, -0.07792405039072037, 0.88482266664505, 0.4655962288379669, -0.017575092613697052], "cam_t_m2c": [-1124.375, 277.3393859863281, 1970.4896240234375], "obj_id": 0}, {"cam_R_m2c": [-0.3135688304901123, 0.6376572251319885, -0.7036105394363403, -0.4685973823070526, -0.7483845353126526, -0.46940070390701294, -0.8258880376815796, 0.18252062797546387, 0.5334746241569519], "cam_t_m2c": [318.74114990234375, 93.7921371459961, 3151.402587890625], "obj_id": 2}, {"cam_R_m2c": [0.8120615482330322, 0.5522797703742981, -0.1885286569595337, -0.5602062940597534, 0.6472474932670593, -0.5169520974159241, -0.16347752511501312, 0.5254119038581848, 0.834995448589325], "cam_t_m2c": [-984.6915283203125, -16.63899803161621, 1879.984130859375], "obj_id": 0}, {"cam_R_m2c": [-0.650316596031189, 0.6000809073448181, 0.46582284569740295, -0.24038542807102203, 0.4191315174102783, -0.8755246996879578, -0.720626711845398, -0.6813454031944275, -0.12831737101078033], "cam_t_m2c": [151.4960174560547, -145.88983154296875, 2817.39208984375], "obj_id": 1}, {"cam_R_m2c": [0.6877999305725098, 0.5809131860733032, 0.43528273701667786, 0.5153307914733887, -0.8130756616592407, 0.27081701159477234, 0.5112390518188477, 0.03804668039083481, -0.8585958480834961], "cam_t_m2c": [-447.580322265625, 99.80763244628906, 2151.490966796875], "obj_id": 0}, {"cam_R_m2c": [0.7850608229637146, 0.49466463923454285, 0.3728087842464447, 0.6092587113380432, -0.7252255082130432, -0.32070547342300415, 0.1117287427186966, 0.47891029715538025, -0.8707248568534851], "cam_t_m2c": [319.8963317871094, -20.149015426635742, 2248.49853515625], "obj_id": 1}, {"cam_R_m2c": [-0.6095427870750427, -0.6654022336006165, -0.43092629313468933, 0.5213863849639893, 0.07298380881547928, -0.8501938581466675, 0.5971715450286865, -0.7429086565971375, 0.3024448752403259], "cam_t_m2c": [-186.01678466796875, 124.43049621582031, 2438.346435546875], "obj_id": 0}, {"cam_R_m2c": [0.4067689776420593, 0.8351300358772278, -0.370265930891037, 0.7708098888397217, -0.09623002260923386, 0.6297554969787598, 0.49029701948165894, -0.5415696501731873, -0.6828698515892029], "cam_t_m2c": [-4.024082183837891, -319.3475646972656, 2855.75244140625], "obj_id": 0}, {"cam_R_m2c": [0.8915596008300781, 0.12858636677265167, -0.4342661201953888, -0.15194575488567352, 0.9881995320320129, -0.019342318177223206, 0.4266544282436371, 0.08322972804307938, 0.9005769491195679], "cam_t_m2c": [-734.4149780273438, 404.76190185546875, 1812.29931640625], "obj_id": 0}, {"cam_R_m2c": [-0.9023519158363342, -0.36197125911712646, -0.23396101593971252, -0.2873097360134125, 0.10054938495159149, 0.9525455236434937, -0.3212694823741913, 0.9267505407333374, -0.1947287917137146], "cam_t_m2c": [373.4720153808594, -275.0552673339844, 2192.717041015625], "obj_id": 1}, {"cam_R_m2c": [-0.2999206483364105, -0.2741960287094116, 0.9137088060379028, 0.9476645588874817, 0.024253342300653458, 0.3183448016643524, -0.10944925993680954, 0.9613677859306335, 0.2525719702243805], "cam_t_m2c": [704.9658813476562, -149.219970703125, 1889.00927734375], "obj_id": 1}, {"cam_R_m2c": [0.928803026676178, 0.13096797466278076, -0.3466588258743286, 0.35403352975845337, -0.5899657011032104, 0.7256724834442139, -0.10947699844837189, -0.7967356443405151, -0.5943289995193481], "cam_t_m2c": [-682.5543823242188, -579.821044921875, 3242.973876953125], "obj_id": 2}, {"cam_R_m2c": [-0.012048092670738697, 0.9822502732276917, 0.18718740344047546, -0.5177828073501587, 0.1540200263261795, -0.8415335416793823, -0.8554272055625916, -0.10706134885549545, 0.5067367553710938], "cam_t_m2c": [-643.9559936523438, -384.550048828125, 2288.68798828125], "obj_id": 1}, {"cam_R_m2c": [-0.30354177951812744, 0.0987241342663765, -0.9476897716522217, -0.8673298358917236, -0.440397173166275, 0.2319251000881195, -0.39446330070495605, 0.8923585414886475, 0.2193053811788559], "cam_t_m2c": [-924.2356567382812, 387.42724609375, 1951.2119140625], "obj_id": 2}, {"cam_R_m2c": [0.3894147574901581, 0.9161272644996643, -0.09522021561861038, 0.23447206616401672, 0.0013740920694544911, 0.9721218347549438, 0.8907182216644287, -0.4008850157260895, -0.21427114307880402], "cam_t_m2c": [-836.993896484375, -101.77067565917969, 3074.634033203125], "obj_id": 1}, {"cam_R_m2c": [0.26790711283683777, 0.04771816357970238, 0.9622622728347778, 0.8533043265342712, -0.4754771590232849, -0.21399296820163727, 0.44732245802879333, 0.8784328699111938, -0.16810177266597748], "cam_t_m2c": [-230.10171508789062, 277.2201843261719, 2162.5703125], "obj_id": 1}, {"cam_R_m2c": [-0.2901570200920105, -0.681032657623291, 0.6723118424415588, 0.47768425941467285, -0.7118257284164429, -0.5148996710777283, 0.8292324542999268, 0.17175103724002838, 0.5318599939346313], "cam_t_m2c": [122.89521026611328, -297.2793273925781, 2167.912353515625], "obj_id": 1}, {"cam_R_m2c": [0.08380475640296936, -0.8559297323226929, 0.510255753993988, 0.6295156478881836, 0.4424125850200653, 0.638733983039856, -0.7724549770355225, 0.26768508553504944, 0.5758975148200989], "cam_t_m2c": [-398.0464782714844, -112.9666976928711, 1991.3115234375], "obj_id": 2}, {"cam_R_m2c": [-0.6466780304908752, -0.25133946537971497, -0.7201637625694275, -0.29820775985717773, 0.9523136615753174, -0.06458195298910141, 0.7020537853240967, 0.1729946881532669, -0.6907917261123657], "cam_t_m2c": [-93.28369903564453, -14.968993186950684, 3063.025146484375], "obj_id": 0}, {"cam_R_m2c": [-0.9061025977134705, -0.27220630645751953, 0.3238546848297119, -0.13730712234973907, 0.9132891893386841, 0.3834705352783203, -0.40015605092048645, 0.30299606919288635, -0.8649095296859741], "cam_t_m2c": [-651.9202880859375, -328.9137878417969, 2167.836669921875], "obj_id": 1}, {"cam_R_m2c": [-0.9156628251075745, 0.20384597778320312, 0.34642258286476135, 0.4013027250766754, 0.512427031993866, 0.759193480014801, -0.022757774218916893, 0.8341854810714722, -0.5510143637657166], "cam_t_m2c": [203.59141540527344, -291.4747009277344, 2368.443359375], "obj_id": 2}, {"cam_R_m2c": [-0.9915498495101929, 0.07925290614366531, 0.10270269215106964, -0.09382941573858261, 0.1085563451051712, -0.9896522164344788, -0.08958183974027634, -0.9909260869026184, -0.10020275413990021], "cam_t_m2c": [-768.1568603515625, -243.50259399414062, 3412.96875], "obj_id": 0}, {"cam_R_m2c": [-0.456522673368454, -0.008960126899182796, 0.8896666169166565, 0.03736928105354309, -0.9992599487304688, 0.009111760184168816, 0.88892662525177, 0.03740592673420906, 0.4565197229385376], "cam_t_m2c": [199.22874450683594, -426.7940979003906, 2972.19189453125], "obj_id": 0}, {"cam_R_m2c": [0.8309199810028076, -0.06436418741941452, -0.5526565313339233, -0.49767717719078064, -0.5300999283790588, -0.6865212321281433, -0.24877583980560303, 0.8454887270927429, -0.4725031554698944], "cam_t_m2c": [79.37345886230469, 148.44497680664062, 2039.8006591796875], "obj_id": 0}, {"cam_R_m2c": [-0.3488011360168457, -0.49527981877326965, 0.7956352233886719, -0.6768720149993896, -0.4540503919124603, -0.5793809294700623, 0.6482142806053162, -0.7406320571899414, -0.17686757445335388], "cam_t_m2c": [-150.9553985595703, -106.74777221679688, 2481.96044921875], "obj_id": 0}, {"cam_R_m2c": [0.6100788116455078, -0.20244847238063812, -0.7660407423973083, -0.5691744685173035, 0.5606194734573364, -0.601453423500061, 0.551220715045929, 0.8029448390007019, 0.2267935574054718], "cam_t_m2c": [108.63489532470703, -75.32843017578125, 1587.567138671875], "obj_id": 2}, {"cam_R_m2c": [0.8990573883056641, 0.33660295605659485, 0.2799898087978363, 0.43723776936531067, -0.7235298156738281, -0.5341609120368958, 0.022780830040574074, 0.6026633977890015, -0.7976703643798828], "cam_t_m2c": [-865.2783203125, 232.7834930419922, 2005.119140625], "obj_id": 2}, {"cam_R_m2c": [-0.8043023943901062, 0.5614343285560608, 0.19465094804763794, -0.3153946101665497, -0.6809700727462769, 0.6609129309654236, 0.5036107301712036, 0.47018206119537354, 0.7247793078422546], "cam_t_m2c": [-239.71470642089844, -205.01318359375, 2008.862060546875], "obj_id": 1}, {"cam_R_m2c": [0.31091856956481934, -0.9176138639450073, 0.24761751294136047, 0.10699228197336197, -0.22508230805397034, -0.9684475064277649, 0.9443951845169067, 0.32760146260261536, 0.02819536067545414], "cam_t_m2c": [-892.9226684570312, -363.8731689453125, 2271.71142578125], "obj_id": 1}, {"cam_R_m2c": [-0.8539196252822876, -0.03931615129113197, 0.5189173817634583, 0.053411416709423065, 0.9852550625801086, 0.16254127025604248, -0.5176565051078796, 0.16651330888271332, -0.8392286896705627], "cam_t_m2c": [254.44021606445312, -45.04036331176758, 2468.043701171875], "obj_id": 2}, {"cam_R_m2c": [0.7147167325019836, -0.30065420269966125, -0.6314958333969116, -0.559421956539154, 0.29618585109710693, -0.774158239364624, 0.4197940528392792, 0.9065764546394348, 0.04349643737077713], "cam_t_m2c": [-766.0848999023438, -753.1240234375, 3033.527587890625], "obj_id": 2}, {"cam_R_m2c": [-0.42491888999938965, -0.6655187606811523, -0.613619327545166, -0.6256067752838135, -0.2740299105644226, 0.730427086353302, -0.6542629599571228, 0.6942567229270935, -0.2999125123023987], "cam_t_m2c": [-997.4407348632812, 349.28314208984375, 2086.585693359375], "obj_id": 1}, {"cam_R_m2c": [-0.5758855938911438, -0.5716968774795532, 0.584395706653595, -0.816567063331604, 0.4369300603866577, -0.3772404193878174, -0.039672840386629105, -0.6944456100463867, -0.7184505462646484], "cam_t_m2c": [601.48486328125, 76.02652740478516, 1654.1915283203125], "obj_id": 1}, {"cam_R_m2c": [-0.7865008115768433, -0.5226550698280334, -0.3290112316608429, 0.6170381903648376, -0.6425048112869263, -0.4543694853782654, 0.026087231934070587, -0.56037437915802, 0.8278284668922424], "cam_t_m2c": [-150.3238983154297, 261.0191955566406, 2016.4539794921875], "obj_id": 0}, {"cam_R_m2c": [0.920586884021759, 0.2571652829647064, 0.29391467571258545, -0.3466358482837677, 0.1913774162530899, 0.9182690978050232, 0.17989832162857056, -0.9472278356552124, 0.2653222382068634], "cam_t_m2c": [223.0760040283203, 276.89581298828125, 2584.778564453125], "obj_id": 0}, {"cam_R_m2c": [0.8767402172088623, 0.34050726890563965, 0.33967843651771545, 0.4779874384403229, -0.5384078621864319, -0.6940065026283264, -0.053428713232278824, 0.7708253860473633, -0.634801983833313], "cam_t_m2c": [-350.9042053222656, 705.3936157226562, 1885.7880859375], "obj_id": 1}, {"cam_R_m2c": [0.1724669486284256, -0.18899719417095184, 0.9667136073112488, 0.7269869446754456, 0.686636209487915, 0.004542283248156309, -0.6646390557289124, 0.7020047903060913, 0.25582054257392883], "cam_t_m2c": [-243.7198028564453, -361.713623046875, 3026.396484375], "obj_id": 0}, {"cam_R_m2c": [-0.3792726397514343, -0.7027342915534973, -0.6019276976585388, 0.4807440936565399, 0.4061755836009979, -0.7771142721176147, 0.7905932068824768, -0.5841112732887268, 0.18378400802612305], "cam_t_m2c": [-358.1131896972656, -220.541015625, 2369.48583984375], "obj_id": 2}, {"cam_R_m2c": [-0.6269673109054565, -0.20860441029071808, -0.7505971789360046, -0.28000393509864807, 0.9594396948814392, -0.032760631293058395, 0.7269867658615112, 0.18963031470775604, -0.659947395324707], "cam_t_m2c": [-354.7850646972656, 591.1278686523438, 1951.8487548828125], "obj_id": 2}, {"cam_R_m2c": [0.9271590709686279, -0.2749117612838745, 0.2545574903488159, -0.2413000762462616, 0.08161436766386032, 0.9670125842094421, -0.2866186797618866, -0.9579992294311523, 0.009333271533250809], "cam_t_m2c": [-574.4825439453125, 147.72618103027344, 3059.389404296875], "obj_id": 1}, {"cam_R_m2c": [0.21873430907726288, -0.7602651715278625, 0.6116797924041748, 0.2576722800731659, -0.5596057772636414, -0.7876842021942139, 0.9411484003067017, 0.32990649342536926, 0.07349427044391632], "cam_t_m2c": [398.77398681640625, 224.79745483398438, 2050.860595703125], "obj_id": 0}, {"cam_R_m2c": [-0.14766308665275574, 0.6974827647209167, -0.7012226581573486, -0.09774348139762878, 0.6952329277992249, 0.7121076583862305, 0.98419588804245, 0.17369204759597778, -0.03448581323027611], "cam_t_m2c": [56.08114242553711, -227.60565185546875, 2336.651611328125], "obj_id": 1}, {"cam_R_m2c": [-0.26242414116859436, -0.41052210330963135, -0.873272716999054, 0.27856287360191345, -0.8986901640892029, 0.33876076340675354, -0.923870325088501, -0.15436236560344696, 0.35019412636756897], "cam_t_m2c": [-1089.8250732421875, 365.7657470703125, 2106.461669921875], "obj_id": 1}, {"cam_R_m2c": [0.1369091123342514, -0.33977416157722473, -0.9304887652397156, -0.7169357538223267, -0.6821855902671814, 0.14361703395843506, -0.6835634112358093, 0.6474381685256958, -0.33699360489845276], "cam_t_m2c": [-438.9687805175781, -543.8020629882812, 2790.084716796875], "obj_id": 0}, {"cam_R_m2c": [-0.3884064555168152, -0.12658390402793884, -0.9127523899078369, -0.7364450097084045, 0.6380198001861572, 0.22489885985851288, 0.5538855195045471, 0.7595441341400146, -0.34103310108184814], "cam_t_m2c": [-771.1741333007812, -562.64404296875, 2844.21142578125], "obj_id": 2}, {"cam_R_m2c": [-0.7869511842727661, 0.4512244462966919, 0.4208376109600067, -0.22368788719177246, 0.4270176589488983, -0.8761390447616577, -0.5750404596328735, -0.7836149334907532, -0.23510858416557312], "cam_t_m2c": [463.5840148925781, -413.859130859375, 2288.560791015625], "obj_id": 2}, {"cam_R_m2c": [-0.21598021686077118, -0.9269424676895142, 0.306806355714798, -0.4198221266269684, 0.371855229139328, 0.8279330134391785, -0.8815338015556335, 0.05001305416226387, -0.46946433186531067], "cam_t_m2c": [513.9458618164062, 266.657470703125, 1488.781494140625], "obj_id": 1}, {"cam_R_m2c": [0.2654523551464081, 0.962426483631134, -0.057185761630535126, -0.04249929264187813, -0.047575268894433975, -0.9979630708694458, -0.9631868004798889, 0.2673419713973999, 0.02827351540327072], "cam_t_m2c": [-92.16699981689453, -42.8905143737793, 2551.558837890625], "obj_id": 2}, {"cam_R_m2c": [-0.980563223361969, 0.19345685839653015, 0.03271086886525154, 0.19595767557621002, 0.9572996497154236, 0.2125510275363922, 0.009805353358387947, 0.2148296982049942, -0.9766021966934204], "cam_t_m2c": [-758.3721313476562, -163.52003479003906, 3394.487060546875], "obj_id": 0}, {"cam_R_m2c": [0.377323180437088, 0.8354550004005432, 0.39955228567123413, 0.5132262110710144, -0.5477748513221741, 0.6607126593589783, 0.770860493183136, -0.044241443276405334, -0.6354655027389526], "cam_t_m2c": [-118.88416290283203, 637.6194458007812, 1944.58642578125], "obj_id": 1}, {"cam_R_m2c": [0.062351975589990616, -0.6681708097457886, 0.7413905262947083, -0.5683029294013977, -0.6344195008277893, -0.5239691734313965, 0.8204535245895386, -0.3886638879776001, -0.4192807376384735], "cam_t_m2c": [288.2620849609375, -552.0067138671875, 2834.86376953125], "obj_id": 0}, {"cam_R_m2c": [-0.9871129989624023, 0.15993750095367432, 0.00527824554592371, 0.14953140914440155, 0.9101365804672241, 0.3863829970359802, 0.056993208825588226, 0.3821929395198822, -0.9223233461380005], "cam_t_m2c": [305.9948425292969, 43.19414520263672, 2965.5048828125], "obj_id": 1}, {"cam_R_m2c": [0.899767279624939, 0.03612422198057175, -0.43487226963043213, -0.4259434938430786, -0.143842414021492, -0.8932420611381531, -0.0948207676410675, 0.9889410138130188, -0.11403781175613403], "cam_t_m2c": [-770.3847045898438, -109.72649383544922, 2220.943603515625], "obj_id": 1}, {"cam_R_m2c": [-0.3284711539745331, -0.6432155966758728, -0.691650390625, 0.29400312900543213, 0.6262732744216919, -0.7220414876937866, 0.8975905179977417, -0.44051721692085266, -0.016605263575911522], "cam_t_m2c": [-53.11300277709961, 324.4913635253906, 2250.29248046875], "obj_id": 1}, {"cam_R_m2c": [-0.18442127108573914, -0.719475269317627, -0.6695848703384399, -0.0854659229516983, 0.6904294490814209, -0.7183332443237305, 0.979124128818512, -0.0752493366599083, -0.18882045149803162], "cam_t_m2c": [635.134521484375, 233.52342224121094, 2742.546142578125], "obj_id": 2}, {"cam_R_m2c": [-0.26993659138679504, -0.17398469150066376, -0.9470287561416626, -0.9419609308242798, 0.2516081631183624, 0.22226759791374207, 0.1996089667081833, 0.9520623087882996, -0.2318049967288971], "cam_t_m2c": [480.3190612792969, 163.565185546875, 2675.984619140625], "obj_id": 1}, {"cam_R_m2c": [0.010406432673335075, -0.3713359534740448, -0.928440272808075, -0.7451092600822449, 0.616328239440918, -0.2548561990261078, 0.6668612360954285, 0.694441556930542, -0.27027207612991333], "cam_t_m2c": [-598.0162353515625, 586.4215087890625, 1964.7569580078125], "obj_id": 1}, {"cam_R_m2c": [0.4058052897453308, -0.7415767312049866, -0.5342153906822205, 0.7250921130180359, 0.6170496344566345, -0.30576327443122864, 0.5563843250274658, -0.26327499747276306, 0.7881134152412415], "cam_t_m2c": [530.3980102539062, 534.7086181640625, 1697.080078125], "obj_id": 2}, {"cam_R_m2c": [-0.9845929145812988, 0.007228403352200985, -0.17471162974834442, -0.020980829373002052, 0.9870434999465942, 0.15907542407512665, 0.17359782755374908, 0.1602901667356491, -0.9716843962669373], "cam_t_m2c": [-678.9054565429688, 322.4327392578125, 2323.359130859375], "obj_id": 0}, {"cam_R_m2c": [-0.8658881187438965, 0.448417067527771, -0.22172023355960846, 0.49142104387283325, 0.6796602010726929, -0.5445799827575684, -0.09350456297397614, -0.5805033445358276, -0.8088712096214294], "cam_t_m2c": [-842.5811157226562, 377.5654296875, 2346.217041015625], "obj_id": 0}, {"cam_R_m2c": [0.15267552435398102, -0.23488037288188934, -0.9599590301513672, 0.4654676616191864, 0.8739530444145203, -0.13980689644813538, 0.8717969655990601, -0.4254848062992096, 0.24276046454906464], "cam_t_m2c": [-752.9107666015625, 207.73452758789062, 1974.3402099609375], "obj_id": 1}, {"cam_R_m2c": [0.37913864850997925, 0.7924780249595642, 0.4777367413043976, -0.8458793759346008, 0.08750488609075546, 0.5261472463607788, 0.37515586614608765, -0.6035904288291931, 0.7035173773765564], "cam_t_m2c": [220.42535400390625, -28.249847412109375, 3105.210205078125], "obj_id": 1}, {"cam_R_m2c": [-0.1916327327489853, -0.34148186445236206, 0.9201450943946838, 0.6588612198829651, 0.6501155495643616, 0.3784860074520111, -0.7274467349052429, 0.6787782311439514, 0.1004057303071022], "cam_t_m2c": [-569.5377807617188, -117.35639190673828, 2191.401611328125], "obj_id": 0}, {"cam_R_m2c": [0.6442618370056152, -0.38658010959625244, -0.6599109172821045, -0.7449506521224976, -0.12186799198389053, -0.6558936834335327, 0.17313338816165924, 0.9141683578491211, -0.3664979636669159], "cam_t_m2c": [788.62451171875, -640.7879028320312, 2868.5849609375], "obj_id": 2}, {"cam_R_m2c": [0.4149179756641388, 0.13841596245765686, 0.8992686867713928, 0.2381022572517395, -0.9704362154006958, 0.03951091319322586, 0.8781517148017883, 0.1977241039276123, -0.4356086552143097], "cam_t_m2c": [727.852294921875, -85.92095184326172, 2180.720703125], "obj_id": 1}]
}