{
  "0": [{"cam_R_m2c": [-0.5311486124992371, -0.8361901640892029, -0.13662810623645782, 0.26910948753356934, -0.013588310219347477, -0.963013768196106, 0.8034060597419739, -0.5482712984085083, 0.232244074344635], "cam_t_m2c": [75.12138366699219, -64.6878890991211, 665.0653686523438], "obj_id": 1}, {"cam_R_m2c": [-0.7828790545463562, 0.5758770704269409, 0.23551183938980103, 0.053355127573013306, 0.4392770528793335, -0.8967657685279846, -0.619881808757782, -0.6894934177398682, -0.3746267557144165], "cam_t_m2c": [-353.7554626464844, -191.89871215820312, 636.9638061523438], "obj_id": 3}, {"cam_R_m2c": [-0.5568156242370605, -0.8205454349517822, -0.12907929718494415, 0.7230799198150635, -0.4023488163948059, -0.5614897608757019, 0.4087929427623749, -0.4059809446334839, 0.817354142665863], "cam_t_m2c": [-460.0383605957031, -186.9070587158203, 469.4372863769531], "obj_id": 0}, {"cam_R_m2c": [0.7666239142417908, 0.6386693120002747, -0.06625166535377502, 0.5398125648498535, -0.6969349980354309, -0.4721059799194336, -0.34769272804260254, 0.32616424560546875, -0.879048764705658], "cam_t_m2c": [-197.93478393554688, -21.630924224853516, 477.4078063964844], "obj_id": 3}, {"cam_R_m2c": [0.4330333173274994, 0.37630385160446167, 0.8190711140632629, 0.6001701354980469, 0.5575994253158569, -0.573479413986206, -0.6725160479545593, 0.7399177551269531, 0.015612781047821045], "cam_t_m2c": [-330.8279113769531, -203.70037841796875, 636.1260986328125], "obj_id": 3}, {"cam_R_m2c": [-0.1273006796836853, 0.8745003938674927, 0.4680209755897522, 0.7721201181411743, -0.20881575345993042, 0.600188672542572, 0.6225953698158264, 0.43777284026145935, -0.6486369371414185], "cam_t_m2c": [-16.845991134643555, -121.57120513916016, 666.2901611328125], "obj_id": 0}, {"cam_R_m2c": [-0.3619844615459442, 0.29273125529289246, -0.885028600692749, -0.75345379114151, 0.467151939868927, 0.4626839756965637, 0.5488848686218262, 0.8343125581741333, 0.0514577217400074], "cam_t_m2c": [-332.6173095703125, -117.42970275878906, 458.7199401855469], "obj_id": 3}, {"cam_R_m2c": [0.07159526646137238, -0.07345113903284073, 0.9947255849838257, 0.7538816332817078, -0.6490153074264526, -0.1021842211484909, 0.6530976891517639, 0.7572212815284729, 0.00890705268830061], "cam_t_m2c": [70.10011291503906, -61.44705581665039, 656.430419921875], "obj_id": 1}, {"cam_R_m2c": [0.27654382586479187, -0.7161898016929626, -0.6407773494720459, -0.8683409094810486, -0.4718862473964691, 0.15266747772693634, -0.4117129445075989, 0.5141939520835876, -0.7523941397666931], "cam_t_m2c": [-459.2305603027344, -342.61920166015625, 847.0546264648438], "obj_id": 0}, {"cam_R_m2c": [-0.35539770126342773, -0.3322373330593109, 0.8736764788627625, -0.9335665106773376, 0.17249050736427307, -0.3141663074493408, -0.046323057264089584, -0.9272891879081726, -0.37146830558776855], "cam_t_m2c": [-15.616260528564453, -1.342589020729065, 430.6717834472656], "obj_id": 1}],
  "1": [{"cam_R_m2c": [-0.5311486124992371, -0.8361901640892029, -0.13662810623645782, 0.26910948753356934, -0.013588310219347477, -0.963013768196106, 0.8034060597419739, -0.5482712984085083, 0.232244074344635], "cam_t_m2c": [75.12138366699219, -64.6878890991211, 665.0653686523438], "obj_id": 1}, {"cam_R_m2c": [-0.7828790545463562, 0.5758770704269409, 0.23551183938980103, 0.053355127573013306, 0.4392770528793335, -0.8967657685279846, -0.619881808757782, -0.6894934177398682, -0.3746267557144165], "cam_t_m2c": [-353.7554626464844, -191.89871215820312, 636.9638061523438], "obj_id": 3}, {"cam_R_m2c": [-0.5568156242370605, -0.8205454349517822, -0.12907929718494415, 0.7230799198150635, -0.4023488163948059, -0.5614897608757019, 0.4087929427623749, -0.4059809446334839, 0.817354142665863], "cam_t_m2c": [-460.0383605957031, -186.9070587158203, 469.4372863769531], "obj_id": 0}, {"cam_R_m2c": [0.7666239142417908, 0.6386693120002747, -0.06625166535377502, 0.5398125648498535, -0.6969349980354309, -0.4721059799194336, -0.34769272804260254, 0.32616424560546875, -0.879048764705658], "cam_t_m2c": [-197.93478393554688, -21.630924224853516, 477.4078063964844], "obj_id": 3}, {"cam_R_m2c": [0.4330333173274994, 0.37630385160446167, 0.8190711140632629, 0.6001701354980469, 0.5575994253158569, -0.573479413986206, -0.6725160479545593, 0.7399177551269531, 0.015612781047821045], "cam_t_m2c": [-330.8279113769531, -203.70037841796875, 636.1260986328125], "obj_id": 3}, {"cam_R_m2c": [-0.1273006796836853, 0.8745003938674927, 0.4680209755897522, 0.7721201181411743, -0.20881575345993042, 0.600188672542572, 0.6225953698158264, 0.43777284026145935, -0.6486369371414185], "cam_t_m2c": [-16.845991134643555, -121.57120513916016, 666.2901611328125], "obj_id": 0}, {"cam_R_m2c": [-0.3619844615459442, 0.29273125529289246, -0.885028600692749, -0.75345379114151, 0.467151939868927, 0.4626839756965637, 0.5488848686218262, 0.8343125581741333, 0.0514577217400074], "cam_t_m2c": [-332.6173095703125, -117.42970275878906, 458.7199401855469], "obj_id": 3}, {"cam_R_m2c": [0.07159526646137238, -0.07345113903284073, 0.9947255849838257, 0.7538816332817078, -0.6490153074264526, -0.1021842211484909, 0.6530976891517639, 0.7572212815284729, 0.00890705268830061], "cam_t_m2c": [70.10011291503906, -61.44705581665039, 656.430419921875], "obj_id": 1}, {"cam_R_m2c": [0.27654382586479187, -0.7161898016929626, -0.6407773494720459, -0.8683409094810486, -0.4718862473964691, 0.15266747772693634, -0.4117129445075989, 0.5141939520835876, -0.7523941397666931], "cam_t_m2c": [-459.2305603027344, -342.61920166015625, 847.0546264648438], "obj_id": 0}, {"cam_R_m2c": [-0.35539770126342773, -0.3322373330593109, 0.8736764788627625, -0.9335665106773376, 0.17249050736427307, -0.3141663074493408, -0.046323057264089584, -0.9272891879081726, -0.37146830558776855], "cam_t_m2c": [-15.616260528564453, -1.342589020729065, 430.6717834472656], "obj_id": 1}],
  "2": [{"cam_R_m2c": [-0.5311486124992371, -0.8361901640892029, -0.13662810623645782, 0.26910948753356934, -0.013588310219347477, -0.963013768196106, 0.8034060597419739, -0.5482712984085083, 0.232244074344635], "cam_t_m2c": [75.12138366699219, -64.6878890991211, 665.0653686523438], "obj_id": 1}, {"cam_R_m2c": [-0.7828790545463562, 0.5758770704269409, 0.23551183938980103, 0.053355127573013306, 0.4392770528793335, -0.8967657685279846, -0.619881808757782, -0.6894934177398682, -0.3746267557144165], "cam_t_m2c": [-353.7554626464844, -191.89871215820312, 636.9638061523438], "obj_id": 3}, {"cam_R_m2c": [-0.5568156242370605, -0.8205454349517822, -0.12907929718494415, 0.7230799198150635, -0.4023488163948059, -0.5614897608757019, 0.4087929427623749, -0.4059809446334839, 0.817354142665863], "cam_t_m2c": [-460.0383605957031, -186.9070587158203, 469.4372863769531], "obj_id": 0}, {"cam_R_m2c": [0.7666239142417908, 0.6386693120002747, -0.06625166535377502, 0.5398125648498535, -0.6969349980354309, -0.4721059799194336, -0.34769272804260254, 0.32616424560546875, -0.879048764705658], "cam_t_m2c": [-197.93478393554688, -21.630924224853516, 477.4078063964844], "obj_id": 3}, {"cam_R_m2c": [0.4330333173274994, 0.37630385160446167, 0.8190711140632629, 0.6001701354980469, 0.5575994253158569, -0.573479413986206, -0.6725160479545593, 0.7399177551269531, 0.015612781047821045], "cam_t_m2c": [-330.8279113769531, -203.70037841796875, 636.1260986328125], "obj_id": 3}, {"cam_R_m2c": [-0.1273006796836853, 0.8745003938674927, 0.4680209755897522, 0.7721201181411743, -0.20881575345993042, 0.600188672542572, 0.6225953698158264, 0.43777284026145935, -0.6486369371414185], "cam_t_m2c": [-16.845991134643555, -121.57120513916016, 666.2901611328125], "obj_id": 0}, {"cam_R_m2c": [-0.3619844615459442, 0.29273125529289246, -0.885028600692749, -0.75345379114151, 0.467151939868927, 0.4626839756965637, 0.5488848686218262, 0.8343125581741333, 0.0514577217400074], "cam_t_m2c": [-332.6173095703125, -117.42970275878906, 458.7199401855469], "obj_id": 3}, {"cam_R_m2c": [0.07159526646137238, -0.07345113903284073, 0.9947255849838257, 0.7538816332817078, -0.6490153074264526, -0.1021842211484909, 0.6530976891517639, 0.7572212815284729, 0.00890705268830061], "cam_t_m2c": [70.10011291503906, -61.44705581665039, 656.430419921875], "obj_id": 1}, {"cam_R_m2c": [0.27654382586479187, -0.7161898016929626, -0.6407773494720459, -0.8683409094810486, -0.4718862473964691, 0.15266747772693634, -0.4117129445075989, 0.5141939520835876, -0.7523941397666931], "cam_t_m2c": [-459.2305603027344, -342.61920166015625, 847.0546264648438], "obj_id": 0}, {"cam_R_m2c": [-0.35539770126342773, -0.3322373330593109, 0.8736764788627625, -0.9335665106773376, 0.17249050736427307, -0.3141663074493408, -0.046323057264089584, -0.9272891879081726, -0.37146830558776855], "cam_t_m2c": [-15.616260528564453, -1.342589020729065, 430.6717834472656], "obj_id": 1}]
}