{
  "0": [{"cam_R_m2c": [-0.8937761187553406, -0.42069193720817566, 0.15550687909126282, -0.19144350290298462, 0.04429030418395996, -0.9805037975311279, 0.4056026041507721, -0.9061217308044434, -0.12012428045272827], "cam_t_m2c": [-111.87116241455078, -39.52293395996094, 1069.749267578125], "obj_id": 1}, {"cam_R_m2c": [-0.8937761187553406, -0.42069193720817566, 0.15550687909126282, -0.19144350290298462, 0.04429030418395996, -0.9805037975311279, 0.4056026041507721, -0.9061217308044434, -0.12012428045272827], "cam_t_m2c": [-111.87116241455078, -39.52293395996094, 1069.749267578125], "obj_id": 2}, {"cam_R_m2c": [-0.8937761187553406, -0.42069193720817566, 0.15550687909126282, -0.19144350290298462, 0.04429030418395996, -0.9805037975311279, 0.4056026041507721, -0.9061217308044434, -0.12012428045272827], "cam_t_m2c": [-111.87116241455078, -39.52293395996094, 1069.749267578125], "obj_id": 3}, {"cam_R_m2c": [-0.8937761187553406, -0.42069193720817566, 0.15550687909126282, -0.19144350290298462, 0.04429030418395996, -0.9805037975311279, 0.4056026041507721, -0.9061217308044434, -0.12012428045272827], "cam_t_m2c": [-111.87116241455078, -39.52293395996094, 1069.749267578125], "obj_id": 1}, {"cam_R_m2c": [-0.8937761187553406, -0.42069193720817566, 0.15550687909126282, -0.19144350290298462, 0.04429030418395996, -0.9805037975311279, 0.4056026041507721, -0.9061217308044434, -0.12012428045272827], "cam_t_m2c": [-111.87116241455078, -39.52293395996094, 1069.749267578125], "obj_id": 0}, {"cam_R_m2c": [-0.8937761187553406, -0.42069193720817566, 0.15550687909126282, -0.19144350290298462, 0.04429030418395996, -0.9805037975311279, 0.4056026041507721, -0.9061217308044434, -0.12012428045272827], "cam_t_m2c": [-111.87116241455078, -39.52293395996094, 1069.749267578125], "obj_id": 0}, {"cam_R_m2c": [-0.8937761187553406, -0.42069193720817566, 0.15550687909126282, -0.19144350290298462, 0.04429030418395996, -0.9805037975311279, 0.4056026041507721, -0.9061217308044434, -0.12012428045272827], "cam_t_m2c": [-111.87116241455078, -39.52293395996094, 1069.749267578125], "obj_id": 0}, {"cam_R_m2c": [-0.8937761187553406, -0.42069193720817566, 0.15550687909126282, -0.19144350290298462, 0.04429030418395996, -0.9805037975311279, 0.4056026041507721, -0.9061217308044434, -0.12012428045272827], "cam_t_m2c": [-111.87116241455078, -39.52293395996094, 1069.749267578125], "obj_id": 1}, {"cam_R_m2c": [-0.8937761187553406, -0.42069193720817566, 0.15550687909126282, -0.19144350290298462, 0.04429030418395996, -0.9805037975311279, 0.4056026041507721, -0.9061217308044434, -0.12012428045272827], "cam_t_m2c": [-111.87116241455078, -39.52293395996094, 1069.749267578125], "obj_id": 0}, {"cam_R_m2c": [-0.8937761187553406, -0.42069193720817566, 0.15550687909126282, -0.19144350290298462, 0.04429030418395996, -0.9805037975311279, 0.4056026041507721, -0.9061217308044434, -0.12012428045272827], "cam_t_m2c": [-111.87116241455078, -39.52293395996094, 1069.749267578125], "obj_id": 0}, {"cam_R_m2c": [-0.8937761187553406, -0.42069193720817566, 0.15550687909126282, -0.19144350290298462, 0.04429030418395996, -0.9805037975311279, 0.4056026041507721, -0.9061217308044434, -0.12012428045272827], "cam_t_m2c": [-111.87116241455078, -39.52293395996094, 1069.749267578125], "obj_id": 3}, {"cam_R_m2c": [-0.8937761187553406, -0.42069193720817566, 0.15550687909126282, -0.19144350290298462, 0.04429030418395996, -0.9805037975311279, 0.4056026041507721, -0.9061217308044434, -0.12012428045272827], "cam_t_m2c": [-111.87116241455078, -39.52293395996094, 1069.749267578125], "obj_id": 3}, {"cam_R_m2c": [0.004073056858032942, -0.8730781674385071, 0.4875633120536804, 0.08267893642187119, -0.48560404777526855, -0.8702602982521057, 0.996567964553833, 0.04385587200522423, 0.07020722329616547], "cam_t_m2c": [78.2271957397461, -75.51866912841797, 1146.7259521484375], "obj_id": 1}, {"cam_R_m2c": [-0.19103451073169708, 0.15769967436790466, 0.9688326716423035, 0.9379517436027527, -0.26167312264442444, 0.22753863036632538, 0.289400190114975, 0.9521859884262085, -0.09792617708444595], "cam_t_m2c": [-276.6794738769531, -77.69039154052734, 873.9531860351562], "obj_id": 2}, {"cam_R_m2c": [-0.0873071700334549, -0.9859150052070618, 0.142650306224823, 0.9872745871543884, -0.10474085062742233, -0.11965926736593246, 0.1329151690006256, 0.13038791716098785, 0.9825133681297302], "cam_t_m2c": [-0.72824627161026, -13.180660247802734, 1244.1634521484375], "obj_id": 3}, {"cam_R_m2c": [0.17853006720542908, -0.25901350378990173, -0.9492307901382446, -0.978154182434082, 0.05769699439406395, -0.1997135728597641, 0.10649629682302475, 0.9641488790512085, -0.24305450916290283], "cam_t_m2c": [-31.708948135375977, -59.23374557495117, 1067.13671875], "obj_id": 4}],
  "1": [{"cam_R_m2c": [-0.9748436808586121, -0.07215335220098495, 0.21088756620883942, -0.2088388204574585, 0.6262975335121155, -0.7510910630226135, -0.07788461446762085, -0.7762379050254822, -0.6256105303764343], "cam_t_m2c": [-219.82443237304688, -148.77655029296875, 1059.27099609375], "obj_id": 1}, {"cam_R_m2c": [-0.9748436808586121, -0.07215335220098495, 0.21088756620883942, -0.2088388204574585, 0.6262975335121155, -0.7510910630226135, -0.07788461446762085, -0.7762379050254822, -0.6256105303764343], "cam_t_m2c": [-219.82443237304688, -148.77655029296875, 1059.27099609375], "obj_id": 2}, {"cam_R_m2c": [-0.9748436808586121, -0.07215335220098495, 0.21088756620883942, -0.2088388204574585, 0.6262975335121155, -0.7510910630226135, -0.07788461446762085, -0.7762379050254822, -0.6256105303764343], "cam_t_m2c": [-219.82443237304688, -148.77655029296875, 1059.27099609375], "obj_id": 3}, {"cam_R_m2c": [-0.9748436808586121, -0.07215335220098495, 0.21088756620883942, -0.2088388204574585, 0.6262975335121155, -0.7510910630226135, -0.07788461446762085, -0.7762379050254822, -0.6256105303764343], "cam_t_m2c": [-219.82443237304688, -148.77655029296875, 1059.27099609375], "obj_id": 1}, {"cam_R_m2c": [-0.9748436808586121, -0.07215335220098495, 0.21088756620883942, -0.2088388204574585, 0.6262975335121155, -0.7510910630226135, -0.07788461446762085, -0.7762379050254822, -0.6256105303764343], "cam_t_m2c": [-219.82443237304688, -148.77655029296875, 1059.27099609375], "obj_id": 0}, {"cam_R_m2c": [-0.9748436808586121, -0.07215335220098495, 0.21088756620883942, -0.2088388204574585, 0.6262975335121155, -0.7510910630226135, -0.07788461446762085, -0.7762379050254822, -0.6256105303764343], "cam_t_m2c": [-219.82443237304688, -148.77655029296875, 1059.27099609375], "obj_id": 0}, {"cam_R_m2c": [-0.9748436808586121, -0.07215335220098495, 0.21088756620883942, -0.2088388204574585, 0.6262975335121155, -0.7510910630226135, -0.07788461446762085, -0.7762379050254822, -0.6256105303764343], "cam_t_m2c": [-219.82443237304688, -148.77655029296875, 1059.27099609375], "obj_id": 0}, {"cam_R_m2c": [-0.9748436808586121, -0.07215335220098495, 0.21088756620883942, -0.2088388204574585, 0.6262975335121155, -0.7510910630226135, -0.07788461446762085, -0.7762379050254822, -0.6256105303764343], "cam_t_m2c": [-219.82443237304688, -148.77655029296875, 1059.27099609375], "obj_id": 1}, {"cam_R_m2c": [-0.9748436808586121, -0.07215335220098495, 0.21088756620883942, -0.2088388204574585, 0.6262975335121155, -0.7510910630226135, -0.07788461446762085, -0.7762379050254822, -0.6256105303764343], "cam_t_m2c": [-219.82443237304688, -148.77655029296875, 1059.27099609375], "obj_id": 0}, {"cam_R_m2c": [-0.9748436808586121, -0.07215335220098495, 0.21088756620883942, -0.2088388204574585, 0.6262975335121155, -0.7510910630226135, -0.07788461446762085, -0.7762379050254822, -0.6256105303764343], "cam_t_m2c": [-219.82443237304688, -148.77655029296875, 1059.27099609375], "obj_id": 0}, {"cam_R_m2c": [-0.9748436808586121, -0.07215335220098495, 0.21088756620883942, -0.2088388204574585, 0.6262975335121155, -0.7510910630226135, -0.07788461446762085, -0.7762379050254822, -0.6256105303764343], "cam_t_m2c": [-219.82443237304688, -148.77655029296875, 1059.27099609375], "obj_id": 3}, {"cam_R_m2c": [-0.9748436808586121, -0.07215335220098495, 0.21088756620883942, -0.2088388204574585, 0.6262975335121155, -0.7510910630226135, -0.07788461446762085, -0.7762379050254822, -0.6256105303764343], "cam_t_m2c": [-219.82443237304688, -148.77655029296875, 1059.27099609375], "obj_id": 3}, {"cam_R_m2c": [-0.3522566556930542, -0.8200882077217102, 0.45096635818481445, -0.49435529112815857, -0.2461051344871521, -0.8336936831474304, 0.7946875095367432, -0.5166116952896118, -0.31872281432151794], "cam_t_m2c": [-68.70225524902344, -257.7901306152344, 1152.204345703125], "obj_id": 1}, {"cam_R_m2c": [-0.3032451570034027, -0.1848916858434677, 0.9348034262657166, 0.6286206245422363, -0.7760757207870483, 0.05042366310954094, 0.7161553502082825, 0.6029274463653564, 0.35156792402267456], "cam_t_m2c": [-303.3605651855469, -37.5247802734375, 841.0980834960938], "obj_id": 2}, {"cam_R_m2c": [-0.1518622487783432, -0.9651678204536438, -0.21304655075073242, 0.7361424565315247, 0.03339081630110741, -0.6760023832321167, 0.6595695614814758, -0.259491890668869, 0.7054303288459778], "cam_t_m2c": [-178.56134033203125, -247.13063049316406, 1238.41015625], "obj_id": 3}, {"cam_R_m2c": [0.1518164426088333, -0.5859920978546143, -0.7959679961204529, -0.8810162544250488, -0.44528648257255554, 0.15978224575519562, -0.4480648934841156, 0.6770032048225403, -0.5838704109191895], "cam_t_m2c": [-143.52906799316406, -178.68038940429688, 1069.571533203125], "obj_id": 4}],
  "2": [{"cam_R_m2c": [-0.9748436808586121, -0.07215335220098495, 0.21088756620883942, -0.2088388204574585, 0.6262975335121155, -0.7510910630226135, -0.07788461446762085, -0.7762379050254822, -0.6256105303764343], "cam_t_m2c": [-219.82443237304688, -148.77655029296875, 1059.27099609375], "obj_id": 1}, {"cam_R_m2c": [-0.9748436808586121, -0.07215335220098495, 0.21088756620883942, -0.2088388204574585, 0.6262975335121155, -0.7510910630226135, -0.07788461446762085, -0.7762379050254822, -0.6256105303764343], "cam_t_m2c": [-219.82443237304688, -148.77655029296875, 1059.27099609375], "obj_id": 2}, {"cam_R_m2c": [-0.9748436808586121, -0.07215335220098495, 0.21088756620883942, -0.2088388204574585, 0.6262975335121155, -0.7510910630226135, -0.07788461446762085, -0.7762379050254822, -0.6256105303764343], "cam_t_m2c": [-219.82443237304688, -148.77655029296875, 1059.27099609375], "obj_id": 3}, {"cam_R_m2c": [-0.9748436808586121, -0.07215335220098495, 0.21088756620883942, -0.2088388204574585, 0.6262975335121155, -0.7510910630226135, -0.07788461446762085, -0.7762379050254822, -0.6256105303764343], "cam_t_m2c": [-219.82443237304688, -148.77655029296875, 1059.27099609375], "obj_id": 1}, {"cam_R_m2c": [-0.9748436808586121, -0.07215335220098495, 0.21088756620883942, -0.2088388204574585, 0.6262975335121155, -0.7510910630226135, -0.07788461446762085, -0.7762379050254822, -0.6256105303764343], "cam_t_m2c": [-219.82443237304688, -148.77655029296875, 1059.27099609375], "obj_id": 0}, {"cam_R_m2c": [-0.9748436808586121, -0.07215335220098495, 0.21088756620883942, -0.2088388204574585, 0.6262975335121155, -0.7510910630226135, -0.07788461446762085, -0.7762379050254822, -0.6256105303764343], "cam_t_m2c": [-219.82443237304688, -148.77655029296875, 1059.27099609375], "obj_id": 0}, {"cam_R_m2c": [-0.9748436808586121, -0.07215335220098495, 0.21088756620883942, -0.2088388204574585, 0.6262975335121155, -0.7510910630226135, -0.07788461446762085, -0.7762379050254822, -0.6256105303764343], "cam_t_m2c": [-219.82443237304688, -148.77655029296875, 1059.27099609375], "obj_id": 0}, {"cam_R_m2c": [-0.9748436808586121, -0.07215335220098495, 0.21088756620883942, -0.2088388204574585, 0.6262975335121155, -0.7510910630226135, -0.07788461446762085, -0.7762379050254822, -0.6256105303764343], "cam_t_m2c": [-219.82443237304688, -148.77655029296875, 1059.27099609375], "obj_id": 1}, {"cam_R_m2c": [-0.9748436808586121, -0.07215335220098495, 0.21088756620883942, -0.2088388204574585, 0.6262975335121155, -0.7510910630226135, -0.07788461446762085, -0.7762379050254822, -0.6256105303764343], "cam_t_m2c": [-219.82443237304688, -148.77655029296875, 1059.27099609375], "obj_id": 0}, {"cam_R_m2c": [-0.9748436808586121, -0.07215335220098495, 0.21088756620883942, -0.2088388204574585, 0.6262975335121155, -0.7510910630226135, -0.07788461446762085, -0.7762379050254822, -0.6256105303764343], "cam_t_m2c": [-219.82443237304688, -148.77655029296875, 1059.27099609375], "obj_id": 0}, {"cam_R_m2c": [-0.9748436808586121, -0.07215335220098495, 0.21088756620883942, -0.2088388204574585, 0.6262975335121155, -0.7510910630226135, -0.07788461446762085, -0.7762379050254822, -0.6256105303764343], "cam_t_m2c": [-219.82443237304688, -148.77655029296875, 1059.27099609375], "obj_id": 3}, {"cam_R_m2c": [-0.9748436808586121, -0.07215335220098495, 0.21088756620883942, -0.2088388204574585, 0.6262975335121155, -0.7510910630226135, -0.07788461446762085, -0.7762379050254822, -0.6256105303764343], "cam_t_m2c": [-219.82443237304688, -148.77655029296875, 1059.27099609375], "obj_id": 3}, {"cam_R_m2c": [-0.3522566556930542, -0.8200882077217102, 0.45096635818481445, -0.49435529112815857, -0.2461051344871521, -0.8336936831474304, 0.7946875095367432, -0.5166116952896118, -0.31872281432151794], "cam_t_m2c": [-68.70225524902344, -257.7901306152344, 1152.204345703125], "obj_id": 1}, {"cam_R_m2c": [-0.3032451570034027, -0.1848916858434677, 0.9348034262657166, 0.6286206245422363, -0.7760757207870483, 0.05042366310954094, 0.7161553502082825, 0.6029274463653564, 0.35156792402267456], "cam_t_m2c": [-303.3605651855469, -37.5247802734375, 841.0980834960938], "obj_id": 2}, {"cam_R_m2c": [-0.1518622487783432, -0.9651678204536438, -0.21304655075073242, 0.7361424565315247, 0.03339081630110741, -0.6760023832321167, 0.6595695614814758, -0.259491890668869, 0.7054303288459778], "cam_t_m2c": [-178.56134033203125, -247.13063049316406, 1238.41015625], "obj_id": 3}, {"cam_R_m2c": [0.1518164426088333, -0.5859920978546143, -0.7959679961204529, -0.8810162544250488, -0.44528648257255554, 0.15978224575519562, -0.4480648934841156, 0.6770032048225403, -0.5838704109191895], "cam_t_m2c": [-143.52906799316406, -178.68038940429688, 1069.571533203125], "obj_id": 4}],
  "3": [{"cam_R_m2c": [0.8837750554084778, -0.44919028878211975, -0.13103337585926056, -0.35726574063301086, -0.4669506251811981, -0.8088993430137634, 0.30216363072395325, 0.7616987824440002, -0.5731596350669861], "cam_t_m2c": [268.3629150390625, 15.935577392578125, 560.7433471679688], "obj_id": 1}, {"cam_R_m2c": [0.8837750554084778, -0.44919028878211975, -0.13103337585926056, -0.35726574063301086, -0.4669506251811981, -0.8088993430137634, 0.30216363072395325, 0.7616987824440002, -0.5731596350669861], "cam_t_m2c": [268.3629150390625, 15.935577392578125, 560.7433471679688], "obj_id": 2}, {"cam_R_m2c": [0.8837750554084778, -0.44919028878211975, -0.13103337585926056, -0.35726574063301086, -0.4669506251811981, -0.8088993430137634, 0.30216363072395325, 0.7616987824440002, -0.5731596350669861], "cam_t_m2c": [268.3629150390625, 15.935577392578125, 560.7433471679688], "obj_id": 3}, {"cam_R_m2c": [0.8837750554084778, -0.44919028878211975, -0.13103337585926056, -0.35726574063301086, -0.4669506251811981, -0.8088993430137634, 0.30216363072395325, 0.7616987824440002, -0.5731596350669861], "cam_t_m2c": [268.3629150390625, 15.935577392578125, 560.7433471679688], "obj_id": 1}, {"cam_R_m2c": [0.8837750554084778, -0.44919028878211975, -0.13103337585926056, -0.35726574063301086, -0.4669506251811981, -0.8088993430137634, 0.30216363072395325, 0.7616987824440002, -0.5731596350669861], "cam_t_m2c": [268.3629150390625, 15.935577392578125, 560.7433471679688], "obj_id": 0}, {"cam_R_m2c": [0.8837750554084778, -0.44919028878211975, -0.13103337585926056, -0.35726574063301086, -0.4669506251811981, -0.8088993430137634, 0.30216363072395325, 0.7616987824440002, -0.5731596350669861], "cam_t_m2c": [268.3629150390625, 15.935577392578125, 560.7433471679688], "obj_id": 0}, {"cam_R_m2c": [0.8837750554084778, -0.44919028878211975, -0.13103337585926056, -0.35726574063301086, -0.4669506251811981, -0.8088993430137634, 0.30216363072395325, 0.7616987824440002, -0.5731596350669861], "cam_t_m2c": [268.3629150390625, 15.935577392578125, 560.7433471679688], "obj_id": 0}, {"cam_R_m2c": [0.8837750554084778, -0.44919028878211975, -0.13103337585926056, -0.35726574063301086, -0.4669506251811981, -0.8088993430137634, 0.30216363072395325, 0.7616987824440002, -0.5731596350669861], "cam_t_m2c": [268.3629150390625, 15.935577392578125, 560.7433471679688], "obj_id": 1}, {"cam_R_m2c": [0.8837750554084778, -0.44919028878211975, -0.13103337585926056, -0.35726574063301086, -0.4669506251811981, -0.8088993430137634, 0.30216363072395325, 0.7616987824440002, -0.5731596350669861], "cam_t_m2c": [268.3629150390625, 15.935577392578125, 560.7433471679688], "obj_id": 0}, {"cam_R_m2c": [0.8837750554084778, -0.44919028878211975, -0.13103337585926056, -0.35726574063301086, -0.4669506251811981, -0.8088993430137634, 0.30216363072395325, 0.7616987824440002, -0.5731596350669861], "cam_t_m2c": [268.3629150390625, 15.935577392578125, 560.7433471679688], "obj_id": 0}, {"cam_R_m2c": [0.8837750554084778, -0.44919028878211975, -0.13103337585926056, -0.35726574063301086, -0.4669506251811981, -0.8088993430137634, 0.30216363072395325, 0.7616987824440002, -0.5731596350669861], "cam_t_m2c": [268.3629150390625, 15.935577392578125, 560.7433471679688], "obj_id": 3}, {"cam_R_m2c": [0.8837750554084778, -0.44919028878211975, -0.13103337585926056, -0.35726574063301086, -0.4669506251811981, -0.8088993430137634, 0.30216363072395325, 0.7616987824440002, -0.5731596350669861], "cam_t_m2c": [268.3629150390625, 15.935577392578125, 560.7433471679688], "obj_id": 3}, {"cam_R_m2c": [0.7709999680519104, 0.6061391830444336, -0.1953313797712326, 0.44519487023353577, -0.7323276996612549, -0.5152645111083984, -0.45536860823631287, 0.3103083670139313, -0.8344746828079224], "cam_t_m2c": [212.57179260253906, 88.6962890625, 373.7895202636719], "obj_id": 1}, {"cam_R_m2c": [0.2879278361797333, 0.6617498397827148, -0.6922317147254944, 0.8228070139884949, 0.19889837503433228, 0.5323796272277832, 0.4899859130382538, -0.7228599786758423, -0.4872240722179413], "cam_t_m2c": [220.1117401123047, -153.92430114746094, 749.8837890625], "obj_id": 2}, {"cam_R_m2c": [0.0982428789138794, 0.7207620739936829, 0.6861853003501892, 0.8459895849227905, -0.42360225319862366, 0.32382509112358093, 0.5240705013275146, 0.5486921668052673, -0.6513730883598328], "cam_t_m2c": [333.96929931640625, 146.89828491210938, 412.38037109375], "obj_id": 3}, {"cam_R_m2c": [0.03156086802482605, 0.910643994808197, 0.4119846522808075, -0.712877631187439, 0.30942416191101074, -0.6293346881866455, -0.7005778551101685, -0.2738323211669922, 0.6589434742927551], "cam_t_m2c": [217.71157836914062, 29.64194107055664, 496.9632263183594], "obj_id": 4}],
  "4": [{"cam_R_m2c": [0.8837750554084778, -0.44919028878211975, -0.13103337585926056, -0.35726574063301086, -0.4669506251811981, -0.8088993430137634, 0.30216363072395325, 0.7616987824440002, -0.5731596350669861], "cam_t_m2c": [268.3629150390625, 15.935577392578125, 560.7433471679688], "obj_id": 1}, {"cam_R_m2c": [0.8837750554084778, -0.44919028878211975, -0.13103337585926056, -0.35726574063301086, -0.4669506251811981, -0.8088993430137634, 0.30216363072395325, 0.7616987824440002, -0.5731596350669861], "cam_t_m2c": [268.3629150390625, 15.935577392578125, 560.7433471679688], "obj_id": 2}, {"cam_R_m2c": [0.8837750554084778, -0.44919028878211975, -0.13103337585926056, -0.35726574063301086, -0.4669506251811981, -0.8088993430137634, 0.30216363072395325, 0.7616987824440002, -0.5731596350669861], "cam_t_m2c": [268.3629150390625, 15.935577392578125, 560.7433471679688], "obj_id": 3}, {"cam_R_m2c": [0.8837750554084778, -0.44919028878211975, -0.13103337585926056, -0.35726574063301086, -0.4669506251811981, -0.8088993430137634, 0.30216363072395325, 0.7616987824440002, -0.5731596350669861], "cam_t_m2c": [268.3629150390625, 15.935577392578125, 560.7433471679688], "obj_id": 1}, {"cam_R_m2c": [0.8837750554084778, -0.44919028878211975, -0.13103337585926056, -0.35726574063301086, -0.4669506251811981, -0.8088993430137634, 0.30216363072395325, 0.7616987824440002, -0.5731596350669861], "cam_t_m2c": [268.3629150390625, 15.935577392578125, 560.7433471679688], "obj_id": 0}, {"cam_R_m2c": [0.8837750554084778, -0.44919028878211975, -0.13103337585926056, -0.35726574063301086, -0.4669506251811981, -0.8088993430137634, 0.30216363072395325, 0.7616987824440002, -0.5731596350669861], "cam_t_m2c": [268.3629150390625, 15.935577392578125, 560.7433471679688], "obj_id": 0}, {"cam_R_m2c": [0.8837750554084778, -0.44919028878211975, -0.13103337585926056, -0.35726574063301086, -0.4669506251811981, -0.8088993430137634, 0.30216363072395325, 0.7616987824440002, -0.5731596350669861], "cam_t_m2c": [268.3629150390625, 15.935577392578125, 560.7433471679688], "obj_id": 0}, {"cam_R_m2c": [0.8837750554084778, -0.44919028878211975, -0.13103337585926056, -0.35726574063301086, -0.4669506251811981, -0.8088993430137634, 0.30216363072395325, 0.7616987824440002, -0.5731596350669861], "cam_t_m2c": [268.3629150390625, 15.935577392578125, 560.7433471679688], "obj_id": 1}, {"cam_R_m2c": [0.8837750554084778, -0.44919028878211975, -0.13103337585926056, -0.35726574063301086, -0.4669506251811981, -0.8088993430137634, 0.30216363072395325, 0.7616987824440002, -0.5731596350669861], "cam_t_m2c": [268.3629150390625, 15.935577392578125, 560.7433471679688], "obj_id": 0}, {"cam_R_m2c": [0.8837750554084778, -0.44919028878211975, -0.13103337585926056, -0.35726574063301086, -0.4669506251811981, -0.8088993430137634, 0.30216363072395325, 0.7616987824440002, -0.5731596350669861], "cam_t_m2c": [268.3629150390625, 15.935577392578125, 560.7433471679688], "obj_id": 0}, {"cam_R_m2c": [0.8837750554084778, -0.44919028878211975, -0.13103337585926056, -0.35726574063301086, -0.4669506251811981, -0.8088993430137634, 0.30216363072395325, 0.7616987824440002, -0.5731596350669861], "cam_t_m2c": [268.3629150390625, 15.935577392578125, 560.7433471679688], "obj_id": 3}, {"cam_R_m2c": [0.8837750554084778, -0.44919028878211975, -0.13103337585926056, -0.35726574063301086, -0.4669506251811981, -0.8088993430137634, 0.30216363072395325, 0.7616987824440002, -0.5731596350669861], "cam_t_m2c": [268.3629150390625, 15.935577392578125, 560.7433471679688], "obj_id": 3}, {"cam_R_m2c": [0.7709999680519104, 0.6061391830444336, -0.1953313797712326, 0.44519487023353577, -0.7323276996612549, -0.5152645111083984, -0.45536860823631287, 0.3103083670139313, -0.8344746828079224], "cam_t_m2c": [212.57179260253906, 88.6962890625, 373.7895202636719], "obj_id": 1}, {"cam_R_m2c": [0.2879278361797333, 0.6617498397827148, -0.6922317147254944, 0.8228070139884949, 0.19889837503433228, 0.5323796272277832, 0.4899859130382538, -0.7228599786758423, -0.4872240722179413], "cam_t_m2c": [220.1117401123047, -153.92430114746094, 749.8837890625], "obj_id": 2}, {"cam_R_m2c": [0.0982428789138794, 0.7207620739936829, 0.6861853003501892, 0.8459895849227905, -0.42360225319862366, 0.32382509112358093, 0.5240705013275146, 0.5486921668052673, -0.6513730883598328], "cam_t_m2c": [333.96929931640625, 146.89828491210938, 412.38037109375], "obj_id": 3}, {"cam_R_m2c": [0.03156086802482605, 0.910643994808197, 0.4119846522808075, -0.712877631187439, 0.30942416191101074, -0.6293346881866455, -0.7005778551101685, -0.2738323211669922, 0.6589434742927551], "cam_t_m2c": [217.71157836914062, 29.64194107055664, 496.9632263183594], "obj_id": 4}],
  "5": [{"cam_R_m2c": [0.9819092154502869, -0.14298933744430542, 0.12413055449724197, 0.014807912521064281, -0.5955588221549988, -0.8031752109527588, 0.1887725293636322, 0.7904832363128662, -0.5826672911643982], "cam_t_m2c": [255.38978576660156, 109.95933532714844, 693.1588134765625], "obj_id": 1}, {"cam_R_m2c": [0.9819092154502869, -0.14298933744430542, 0.12413055449724197, 0.014807912521064281, -0.5955588221549988, -0.8031752109527588, 0.1887725293636322, 0.7904832363128662, -0.5826672911643982], "cam_t_m2c": [255.38978576660156, 109.95933532714844, 693.1588134765625], "obj_id": 2}, {"cam_R_m2c": [0.9819092154502869, -0.14298933744430542, 0.12413055449724197, 0.014807912521064281, -0.5955588221549988, -0.8031752109527588, 0.1887725293636322, 0.7904832363128662, -0.5826672911643982], "cam_t_m2c": [255.38978576660156, 109.95933532714844, 693.1588134765625], "obj_id": 3}, {"cam_R_m2c": [0.9819092154502869, -0.14298933744430542, 0.12413055449724197, 0.014807912521064281, -0.5955588221549988, -0.8031752109527588, 0.1887725293636322, 0.7904832363128662, -0.5826672911643982], "cam_t_m2c": [255.38978576660156, 109.95933532714844, 693.1588134765625], "obj_id": 1}, {"cam_R_m2c": [0.9819092154502869, -0.14298933744430542, 0.12413055449724197, 0.014807912521064281, -0.5955588221549988, -0.8031752109527588, 0.1887725293636322, 0.7904832363128662, -0.5826672911643982], "cam_t_m2c": [255.38978576660156, 109.95933532714844, 693.1588134765625], "obj_id": 0}, {"cam_R_m2c": [0.9819092154502869, -0.14298933744430542, 0.12413055449724197, 0.014807912521064281, -0.5955588221549988, -0.8031752109527588, 0.1887725293636322, 0.7904832363128662, -0.5826672911643982], "cam_t_m2c": [255.38978576660156, 109.95933532714844, 693.1588134765625], "obj_id": 0}, {"cam_R_m2c": [0.9819092154502869, -0.14298933744430542, 0.12413055449724197, 0.014807912521064281, -0.5955588221549988, -0.8031752109527588, 0.1887725293636322, 0.7904832363128662, -0.5826672911643982], "cam_t_m2c": [255.38978576660156, 109.95933532714844, 693.1588134765625], "obj_id": 0}, {"cam_R_m2c": [0.9819092154502869, -0.14298933744430542, 0.12413055449724197, 0.014807912521064281, -0.5955588221549988, -0.8031752109527588, 0.1887725293636322, 0.7904832363128662, -0.5826672911643982], "cam_t_m2c": [255.38978576660156, 109.95933532714844, 693.1588134765625], "obj_id": 1}, {"cam_R_m2c": [0.9819092154502869, -0.14298933744430542, 0.12413055449724197, 0.014807912521064281, -0.5955588221549988, -0.8031752109527588, 0.1887725293636322, 0.7904832363128662, -0.5826672911643982], "cam_t_m2c": [255.38978576660156, 109.95933532714844, 693.1588134765625], "obj_id": 0}, {"cam_R_m2c": [0.9819092154502869, -0.14298933744430542, 0.12413055449724197, 0.014807912521064281, -0.5955588221549988, -0.8031752109527588, 0.1887725293636322, 0.7904832363128662, -0.5826672911643982], "cam_t_m2c": [255.38978576660156, 109.95933532714844, 693.1588134765625], "obj_id": 0}, {"cam_R_m2c": [0.9819092154502869, -0.14298933744430542, 0.12413055449724197, 0.014807912521064281, -0.5955588221549988, -0.8031752109527588, 0.1887725293636322, 0.7904832363128662, -0.5826672911643982], "cam_t_m2c": [255.38978576660156, 109.95933532714844, 693.1588134765625], "obj_id": 3}, {"cam_R_m2c": [0.9819092154502869, -0.14298933744430542, 0.12413055449724197, 0.014807912521064281, -0.5955588221549988, -0.8031752109527588, 0.1887725293636322, 0.7904832363128662, -0.5826672911643982], "cam_t_m2c": [255.38978576660156, 109.95933532714844, 693.1588134765625], "obj_id": 3}, {"cam_R_m2c": [0.48177996277809143, 0.8728035688400269, -0.0781148374080658, 0.7030854821205139, -0.4382190704345703, -0.560030996799469, -0.5230284929275513, 0.21489030122756958, -0.8247807025909424], "cam_t_m2c": [154.5211944580078, 153.46250915527344, 516.2647705078125], "obj_id": 1}, {"cam_R_m2c": [0.004498117603361607, 0.44522175192832947, -0.8954089283943176, 0.8756120800971985, 0.4307323694229126, 0.21857038140296936, 0.48299384117126465, -0.7850140333175659, -0.38790401816368103], "cam_t_m2c": [298.56561279296875, -63.23739242553711, 880.4910888671875], "obj_id": 2}, {"cam_R_m2c": [-0.17414331436157227, 0.8868865370750427, 0.4279092848300934, 0.8241894841194153, -0.10652776807546616, 0.556204617023468, 0.538874626159668, 0.44953763484954834, -0.7124114632606506], "cam_t_m2c": [247.81680297851562, 254.42623901367188, 543.029052734375], "obj_id": 3}, {"cam_R_m2c": [0.22125007212162018, 0.6830288171768188, 0.6960747241973877, -0.6532841920852661, 0.6337499022483826, -0.4142231345176697, -0.7240635752677917, -0.3630877435207367, 0.5864291787147522], "cam_t_m2c": [196.29742431640625, 102.34619903564453, 635.962158203125], "obj_id": 4}],
  "6": [{"cam_R_m2c": [0.9819092154502869, -0.14298933744430542, 0.12413055449724197, 0.014807912521064281, -0.5955588221549988, -0.8031752109527588, 0.1887725293636322, 0.7904832363128662, -0.5826672911643982], "cam_t_m2c": [255.38978576660156, 109.95933532714844, 693.1588134765625], "obj_id": 1}, {"cam_R_m2c": [0.9819092154502869, -0.14298933744430542, 0.12413055449724197, 0.014807912521064281, -0.5955588221549988, -0.8031752109527588, 0.1887725293636322, 0.7904832363128662, -0.5826672911643982], "cam_t_m2c": [255.38978576660156, 109.95933532714844, 693.1588134765625], "obj_id": 2}, {"cam_R_m2c": [0.9819092154502869, -0.14298933744430542, 0.12413055449724197, 0.014807912521064281, -0.5955588221549988, -0.8031752109527588, 0.1887725293636322, 0.7904832363128662, -0.5826672911643982], "cam_t_m2c": [255.38978576660156, 109.95933532714844, 693.1588134765625], "obj_id": 3}, {"cam_R_m2c": [0.9819092154502869, -0.14298933744430542, 0.12413055449724197, 0.014807912521064281, -0.5955588221549988, -0.8031752109527588, 0.1887725293636322, 0.7904832363128662, -0.5826672911643982], "cam_t_m2c": [255.38978576660156, 109.95933532714844, 693.1588134765625], "obj_id": 1}, {"cam_R_m2c": [0.9819092154502869, -0.14298933744430542, 0.12413055449724197, 0.014807912521064281, -0.5955588221549988, -0.8031752109527588, 0.1887725293636322, 0.7904832363128662, -0.5826672911643982], "cam_t_m2c": [255.38978576660156, 109.95933532714844, 693.1588134765625], "obj_id": 0}, {"cam_R_m2c": [0.9819092154502869, -0.14298933744430542, 0.12413055449724197, 0.014807912521064281, -0.5955588221549988, -0.8031752109527588, 0.1887725293636322, 0.7904832363128662, -0.5826672911643982], "cam_t_m2c": [255.38978576660156, 109.95933532714844, 693.1588134765625], "obj_id": 0}, {"cam_R_m2c": [0.9819092154502869, -0.14298933744430542, 0.12413055449724197, 0.014807912521064281, -0.5955588221549988, -0.8031752109527588, 0.1887725293636322, 0.7904832363128662, -0.5826672911643982], "cam_t_m2c": [255.38978576660156, 109.95933532714844, 693.1588134765625], "obj_id": 0}, {"cam_R_m2c": [0.9819092154502869, -0.14298933744430542, 0.12413055449724197, 0.014807912521064281, -0.5955588221549988, -0.8031752109527588, 0.1887725293636322, 0.7904832363128662, -0.5826672911643982], "cam_t_m2c": [255.38978576660156, 109.95933532714844, 693.1588134765625], "obj_id": 1}, {"cam_R_m2c": [0.9819092154502869, -0.14298933744430542, 0.12413055449724197, 0.014807912521064281, -0.5955588221549988, -0.8031752109527588, 0.1887725293636322, 0.7904832363128662, -0.5826672911643982], "cam_t_m2c": [255.38978576660156, 109.95933532714844, 693.1588134765625], "obj_id": 0}, {"cam_R_m2c": [0.9819092154502869, -0.14298933744430542, 0.12413055449724197, 0.014807912521064281, -0.5955588221549988, -0.8031752109527588, 0.1887725293636322, 0.7904832363128662, -0.5826672911643982], "cam_t_m2c": [255.38978576660156, 109.95933532714844, 693.1588134765625], "obj_id": 0}, {"cam_R_m2c": [0.9819092154502869, -0.14298933744430542, 0.12413055449724197, 0.014807912521064281, -0.5955588221549988, -0.8031752109527588, 0.1887725293636322, 0.7904832363128662, -0.5826672911643982], "cam_t_m2c": [255.38978576660156, 109.95933532714844, 693.1588134765625], "obj_id": 3}, {"cam_R_m2c": [0.9819092154502869, -0.14298933744430542, 0.12413055449724197, 0.014807912521064281, -0.5955588221549988, -0.8031752109527588, 0.1887725293636322, 0.7904832363128662, -0.5826672911643982], "cam_t_m2c": [255.38978576660156, 109.95933532714844, 693.1588134765625], "obj_id": 3}, {"cam_R_m2c": [0.48177996277809143, 0.8728035688400269, -0.0781148374080658, 0.7030854821205139, -0.4382190704345703, -0.560030996799469, -0.5230284929275513, 0.21489030122756958, -0.8247807025909424], "cam_t_m2c": [154.5211944580078, 153.46250915527344, 516.2647705078125], "obj_id": 1}, {"cam_R_m2c": [0.004498117603361607, 0.44522175192832947, -0.8954089283943176, 0.8756120800971985, 0.4307323694229126, 0.21857038140296936, 0.48299384117126465, -0.7850140333175659, -0.38790401816368103], "cam_t_m2c": [298.56561279296875, -63.23739242553711, 880.4910888671875], "obj_id": 2}, {"cam_R_m2c": [-0.17414331436157227, 0.8868865370750427, 0.4279092848300934, 0.8241894841194153, -0.10652776807546616, 0.556204617023468, 0.538874626159668, 0.44953763484954834, -0.7124114632606506], "cam_t_m2c": [247.81680297851562, 254.42623901367188, 543.029052734375], "obj_id": 3}, {"cam_R_m2c": [0.22125007212162018, 0.6830288171768188, 0.6960747241973877, -0.6532841920852661, 0.6337499022483826, -0.4142231345176697, -0.7240635752677917, -0.3630877435207367, 0.5864291787147522], "cam_t_m2c": [196.29742431640625, 102.34619903564453, 635.962158203125], "obj_id": 4}],
  "7": [{"cam_R_m2c": [0.1869058758020401, -0.9792639017105103, -0.07815610617399216, -0.2721148133277893, 0.024836985394358635, -0.9619442224502563, 0.9439384341239929, 0.2010604441165924, -0.26183003187179565], "cam_t_m2c": [218.7335205078125, -57.09265899658203, 916.777587890625], "obj_id": 1}, {"cam_R_m2c": [0.1869058758020401, -0.9792639017105103, -0.07815610617399216, -0.2721148133277893, 0.024836985394358635, -0.9619442224502563, 0.9439384341239929, 0.2010604441165924, -0.26183003187179565], "cam_t_m2c": [218.7335205078125, -57.09265899658203, 916.777587890625], "obj_id": 2}, {"cam_R_m2c": [0.1869058758020401, -0.9792639017105103, -0.07815610617399216, -0.2721148133277893, 0.024836985394358635, -0.9619442224502563, 0.9439384341239929, 0.2010604441165924, -0.26183003187179565], "cam_t_m2c": [218.7335205078125, -57.09265899658203, 916.777587890625], "obj_id": 3}, {"cam_R_m2c": [0.1869058758020401, -0.9792639017105103, -0.07815610617399216, -0.2721148133277893, 0.024836985394358635, -0.9619442224502563, 0.9439384341239929, 0.2010604441165924, -0.26183003187179565], "cam_t_m2c": [218.7335205078125, -57.09265899658203, 916.777587890625], "obj_id": 1}, {"cam_R_m2c": [0.1869058758020401, -0.9792639017105103, -0.07815610617399216, -0.2721148133277893, 0.024836985394358635, -0.9619442224502563, 0.9439384341239929, 0.2010604441165924, -0.26183003187179565], "cam_t_m2c": [218.7335205078125, -57.09265899658203, 916.777587890625], "obj_id": 0}, {"cam_R_m2c": [0.1869058758020401, -0.9792639017105103, -0.07815610617399216, -0.2721148133277893, 0.024836985394358635, -0.9619442224502563, 0.9439384341239929, 0.2010604441165924, -0.26183003187179565], "cam_t_m2c": [218.7335205078125, -57.09265899658203, 916.777587890625], "obj_id": 0}, {"cam_R_m2c": [0.1869058758020401, -0.9792639017105103, -0.07815610617399216, -0.2721148133277893, 0.024836985394358635, -0.9619442224502563, 0.9439384341239929, 0.2010604441165924, -0.26183003187179565], "cam_t_m2c": [218.7335205078125, -57.09265899658203, 916.777587890625], "obj_id": 0}, {"cam_R_m2c": [0.1869058758020401, -0.9792639017105103, -0.07815610617399216, -0.2721148133277893, 0.024836985394358635, -0.9619442224502563, 0.9439384341239929, 0.2010604441165924, -0.26183003187179565], "cam_t_m2c": [218.7335205078125, -57.09265899658203, 916.777587890625], "obj_id": 1}, {"cam_R_m2c": [0.1869058758020401, -0.9792639017105103, -0.07815610617399216, -0.2721148133277893, 0.024836985394358635, -0.9619442224502563, 0.9439384341239929, 0.2010604441165924, -0.26183003187179565], "cam_t_m2c": [218.7335205078125, -57.09265899658203, 916.777587890625], "obj_id": 0}, {"cam_R_m2c": [0.1869058758020401, -0.9792639017105103, -0.07815610617399216, -0.2721148133277893, 0.024836985394358635, -0.9619442224502563, 0.9439384341239929, 0.2010604441165924, -0.26183003187179565], "cam_t_m2c": [218.7335205078125, -57.09265899658203, 916.777587890625], "obj_id": 0}, {"cam_R_m2c": [0.1869058758020401, -0.9792639017105103, -0.07815610617399216, -0.2721148133277893, 0.024836985394358635, -0.9619442224502563, 0.9439384341239929, 0.2010604441165924, -0.26183003187179565], "cam_t_m2c": [218.7335205078125, -57.09265899658203, 916.777587890625], "obj_id": 3}, {"cam_R_m2c": [0.1869058758020401, -0.9792639017105103, -0.07815610617399216, -0.2721148133277893, 0.024836985394358635, -0.9619442224502563, 0.9439384341239929, 0.2010604441165924, -0.26183003187179565], "cam_t_m2c": [218.7335205078125, -57.09265899658203, 916.777587890625], "obj_id": 3}, {"cam_R_m2c": [0.9699320793151855, -0.15934441983699799, 0.1839594841003418, 0.06545531749725342, -0.5572237372398376, -0.8277785181999207, 0.23440848290920258, 0.8149300813674927, -0.5300392508506775], "cam_t_m2c": [337.9342041015625, -78.48084259033203, 747.3897705078125], "obj_id": 1}, {"cam_R_m2c": [0.23461981117725372, 0.9633960723876953, 0.12969817221164703, 0.9136587381362915, -0.2641054689884186, 0.30899205803871155, 0.33193570375442505, 0.046004198491573334, -0.9421795606613159], "cam_t_m2c": [-9.949088096618652, -105.43780517578125, 1027.780517578125], "obj_id": 2}, {"cam_R_m2c": [0.10645287483930588, -0.10241381824016571, 0.9890294075012207, 0.9741411805152893, -0.18862126767635345, -0.12438208609819412, 0.1992904394865036, 0.9766951203346252, 0.0796862542629242], "cam_t_m2c": [414.1601257324219, -24.62300682067871, 851.8073120117188], "obj_id": 3}, {"cam_R_m2c": [0.1475922167301178, 0.8772298693656921, -0.4568197429180145, -0.9616138935089111, 0.01924372836947441, -0.273730605840683, -0.23133374750614166, 0.4796847105026245, 0.8463966250419617], "cam_t_m2c": [234.90122985839844, -70.01969146728516, 836.822509765625], "obj_id": 4}]
}