{
  "0": [{"cam_R_m2c": [0.5948646664619446, 0.420789897441864, -0.6848881840705872, -0.5340133309364319, -0.42996087670326233, -0.7279857397079468, -0.6008042693138123, 0.7987924218177795, -0.031061090528964996], "cam_t_m2c": [405.32672119140625, -216.21253967285156, 1198.525634765625], "obj_id": 0}, {"cam_R_m2c": [0.430275022983551, 0.849524974822998, 0.30523860454559326, -0.8623048663139343, 0.4868290424346924, -0.13938339054584503, -0.2670086920261383, -0.20323556661605835, 0.9420199990272522], "cam_t_m2c": [479.84515380859375, 14.832817077636719, 1218.6795654296875], "obj_id": 1}, {"cam_R_m2c": [0.1389956772327423, -0.5541972517967224, 0.8206982612609863, 0.7681962847709656, -0.46265366673469543, -0.44252240657806396, 0.624943733215332, 0.6919660568237305, 0.36142539978027344], "cam_t_m2c": [337.2374267578125, -173.24957275390625, 1152.09521484375], "obj_id": 2}],
  "1": [{"cam_R_m2c": [-0.7274937033653259, -0.554249107837677, 0.4044264554977417, -0.3228437304496765, 0.7966382503509521, 0.5110180377960205, -0.6054128408432007, 0.2411958873271942, -0.7584851384162903], "cam_t_m2c": [-458.4743957519531, 230.2710723876953, 927.4147338867188], "obj_id": 0}, {"cam_R_m2c": [-0.6874868273735046, -0.6355629563331604, -0.3513137698173523, 0.16103212535381317, -0.6051501035690308, 0.7796549797058105, -0.7081174254417419, 0.47942981123924255, 0.5183789134025574], "cam_t_m2c": [-452.3127746582031, 105.9738998413086, 1137.0081787109375], "obj_id": 1}, {"cam_R_m2c": [0.11288389563560486, 0.35621315240859985, -0.9275609850883484, 0.06376730650663376, 0.9290062189102173, 0.3645286560058594, 0.9915598630905151, -0.1002974808216095, 0.08215509355068207], "cam_t_m2c": [-379.1466979980469, 183.31509399414062, 915.8757934570312], "obj_id": 2}]
}