{
  "0": [{"cam_R_m2c": [-0.9747017621994019, 0.21603117883205414, 0.05732937902212143, 0.09637326002120972, 0.1747867912054062, 0.9798783659934998, 0.20166388154029846, 0.9606143832206726, -0.19118447601795197], "cam_t_m2c": [-292.75537109375, -23.86933135986328, 735.30908203125], "obj_id": 3}, {"cam_R_m2c": [0.2705722451210022, 0.25195226073265076, -0.929145097732544, 0.9534445405006409, -0.20363900065422058, 0.2224283516407013, -0.13316895067691803, -0.9460713267326355, -0.295321524143219], "cam_t_m2c": [-56.866573333740234, -147.94107055664062, 599.4747924804688], "obj_id": 3}, {"cam_R_m2c": [-0.6176995635032654, -0.6257845759391785, 0.47627827525138855, 0.32672521471977234, -0.7551024556159973, -0.568393349647522, 0.7153306603431702, -0.1954842060804367, 0.6708859801292419], "cam_t_m2c": [-153.70948791503906, -319.02520751953125, 672.3440551757812], "obj_id": 3}, {"cam_R_m2c": [0.856834352016449, 0.12264763563871384, -0.5007917881011963, 0.5080766081809998, -0.3660822808742523, 0.7796421051025391, -0.08770976215600967, -0.9224647283554077, -0.3759862780570984], "cam_t_m2c": [-50.82782745361328, -88.83853149414062, 599.6975708007812], "obj_id": 3}, {"cam_R_m2c": [0.08232653141021729, -0.030124753713607788, 0.9961500763893127, -0.926278829574585, 0.36650723218917847, 0.08763571083545685, -0.36773625016212463, -0.929927408695221, 0.0022693132050335407], "cam_t_m2c": [-47.44326400756836, 40.901763916015625, 665.6714477539062], "obj_id": 3}, {"cam_R_m2c": [-0.34406641125679016, -0.3209362328052521, 0.8823934197425842, -0.9377151727676392, 0.16553860902786255, -0.30542951822280884, -0.04804673790931702, -0.9325217604637146, -0.35790300369262695], "cam_t_m2c": [-200.02467346191406, -39.42282485961914, 878.570556640625], "obj_id": 3}, {"cam_R_m2c": [-0.29945454001426697, -0.4748765528202057, -0.8275379538536072, -0.057712674140930176, 0.874767005443573, -0.48109450936317444, 0.9523634314537048, -0.09630654007196426, -0.28935933113098145], "cam_t_m2c": [-300.93194580078125, -101.27911376953125, 897.7535400390625], "obj_id": 3}, {"cam_R_m2c": [0.2797362506389618, -0.6889601349830627, 0.6686415672302246, 0.14066152274608612, -0.6595197916030884, -0.7384090423583984, 0.9497167468070984, 0.3006119132041931, -0.08758138865232468], "cam_t_m2c": [-317.7539367675781, -20.321182250976562, 769.7944946289062], "obj_id": 3}, {"cam_R_m2c": [0.9136884212493896, -0.31711459159851074, -0.25418853759765625, 0.3682444989681244, 0.9105959534645081, 0.18764610588550568, 0.17195773124694824, -0.2650536000728607, 0.9487766623497009], "cam_t_m2c": [-42.966304779052734, -131.72164916992188, 527.2999877929688], "obj_id": 3}, {"cam_R_m2c": [0.8423256874084473, 0.5086427330970764, -0.17824149131774902, 0.4365256130695343, -0.8378063440322876, -0.32791122794151306, -0.31612151861190796, 0.19840107858181, -0.9277413487434387], "cam_t_m2c": [-81.85408020019531, -164.4639892578125, 663.0693359375], "obj_id": 3}, {"cam_R_m2c": [0.6347702741622925, -0.15733952820301056, 0.7565123438835144, -0.7726765275001526, -0.13702629506587982, 0.6198343634605408, 0.006137684918940067, -0.9779917597770691, -0.2085527628660202], "cam_t_m2c": [-171.7418975830078, -309.1063232421875, 892.5623168945312], "obj_id": 3}, {"cam_R_m2c": [-0.6312850713729858, -0.7050284743309021, -0.3231313228607178, -0.3164690136909485, 0.6145573854446411, -0.7226109504699707, 0.7080440521240234, -0.35391250252723694, -0.6110805869102478], "cam_t_m2c": [-210.22317504882812, -97.5223159790039, 864.5195922851562], "obj_id": 3}, {"cam_R_m2c": [-0.16586969792842865, -0.8489576578140259, -0.5017549395561218, 0.9638278484344482, -0.03192398324608803, -0.2646067142486572, 0.20862185955047607, -0.5274956226348877, 0.8235443234443665], "cam_t_m2c": [-387.27020263671875, -40.08238220214844, 885.1828002929688], "obj_id": 3}, {"cam_R_m2c": [0.5548337697982788, -0.7952475547790527, 0.2444191724061966, -0.21227487921714783, -0.41938140988349915, -0.8826428651809692, 0.804424524307251, 0.4378359913825989, -0.401498019695282], "cam_t_m2c": [-419.0735168457031, 7.455813884735107, 831.6240844726562], "obj_id": 3}, {"cam_R_m2c": [-0.8890359401702881, -0.07615896314382553, -0.45145857334136963, 0.09067980200052261, -0.9958238005638123, -0.010580576956272125, -0.44876742362976074, -0.050344690680503845, 0.8922293186187744], "cam_t_m2c": [-192.4640655517578, -216.17576599121094, 892.2086791992188], "obj_id": 3}, {"cam_R_m2c": [0.5681814551353455, 0.5962740182876587, -0.5671218037605286, 0.809878945350647, -0.5273163914680481, 0.25696972012519836, -0.1458282768726349, -0.6053054332733154, -0.7825211882591248], "cam_t_m2c": [-76.32311248779297, -106.6724624633789, 907.2901000976562], "obj_id": 3}, {"cam_R_m2c": [-0.004137871321290731, -0.9520346522331238, -0.3059619963169098, 0.9959664940834045, -0.03134731948375702, 0.0840710699558258, -0.08962967991828918, -0.30438002943992615, 0.9483245015144348], "cam_t_m2c": [-198.27536010742188, -239.65553283691406, 562.8710327148438], "obj_id": 3}, {"cam_R_m2c": [0.9367095828056335, 0.14351439476013184, -0.3193412125110626, -0.23586928844451904, -0.4153754413127899, -0.8785379528999329, -0.25872933864593506, 0.8982576727867126, -0.3552355170249939], "cam_t_m2c": [-342.79888916015625, -123.4704818725586, 827.0151977539062], "obj_id": 3}, {"cam_R_m2c": [-0.2888193130493164, 0.2229984551668167, -0.9310504794120789, -0.11774121224880219, -0.973385751247406, -0.19661402702331543, -0.950115978717804, 0.052837077528238297, 0.3073887825012207], "cam_t_m2c": [-77.18846130371094, -278.5698547363281, 549.56396484375], "obj_id": 3}, {"cam_R_m2c": [0.7596827149391174, -0.21732600033283234, 0.6129042506217957, -0.5706529021263123, -0.6747400164604187, 0.4680609405040741, 0.31182923913002014, -0.7053333520889282, -0.6366060376167297], "cam_t_m2c": [-356.2091064453125, -253.8819580078125, 557.7702026367188], "obj_id": 3}, {"cam_R_m2c": [0.5647124648094177, -0.7462220788002014, 0.35249456763267517, -0.39944860339164734, -0.6208953261375427, -0.6744847893714905, 0.7221776843070984, 0.24008649587631226, -0.6487047076225281], "cam_t_m2c": [-51.77870178222656, 5.646854400634766, 525.343505859375], "obj_id": 3}, {"cam_R_m2c": [0.36980557441711426, -0.91159987449646, -0.17952556908130646, -0.8700525164604187, -0.4075630307197571, 0.2773101031780243, -0.3259638547897339, 0.05364586412906647, -0.9438588619232178], "cam_t_m2c": [-303.15869140625, -289.3912048339844, 699.4732055664062], "obj_id": 3}, {"cam_R_m2c": [0.7222341895103455, -0.6616834998130798, -0.20137719810009003, 0.43309229612350464, 0.20564201474189758, 0.8775776028633118, -0.5392670035362244, -0.7210314869880676, 0.43509167432785034], "cam_t_m2c": [-332.0570983886719, -109.54637145996094, 917.8408813476562], "obj_id": 3}, {"cam_R_m2c": [0.41589152812957764, 0.587333083152771, -0.694315493106842, -0.5611225366592407, -0.43508872389793396, -0.7041584849357605, -0.7156645059585571, 0.6824496388435364, 0.14861617982387543], "cam_t_m2c": [-271.47344970703125, -39.76236343383789, 911.9005737304688], "obj_id": 3}, {"cam_R_m2c": [0.040910299867391586, 0.13298718631267548, -0.9902730584144592, -0.945177435874939, -0.3162200450897217, -0.08151357620954514, -0.32398444414138794, 0.9393185377120972, 0.11275983601808548], "cam_t_m2c": [-345.5046691894531, -95.09188842773438, 856.801025390625], "obj_id": 3}, {"cam_R_m2c": [0.1733095645904541, -0.693895161151886, -0.6989086270332336, -0.8151997327804565, -0.49927741289138794, 0.2935495972633362, -0.5526419878005981, 0.5188751816749573, -0.6521927118301392], "cam_t_m2c": [-208.62933349609375, -10.76876163482666, 524.5088500976562], "obj_id": 3}, {"cam_R_m2c": [0.8894386887550354, -0.44074681401252747, -0.12100040912628174, -0.061630673706531525, -0.3779771029949188, 0.9237613081932068, -0.45288023352622986, -0.8141717314720154, -0.3633509874343872], "cam_t_m2c": [-329.2691345214844, -219.78695678710938, 721.1578979492188], "obj_id": 3}, {"cam_R_m2c": [0.580962061882019, -0.7290440797805786, 0.36190855503082275, -0.8120073676109314, -0.5496916174888611, 0.196171373128891, 0.055920518934726715, -0.4078405201435089, -0.9113391637802124], "cam_t_m2c": [-180.640625, -371.177734375, 586.1358032226562], "obj_id": 3}, {"cam_R_m2c": [0.14463184773921967, -0.6679039597511292, -0.7300586700439453, 0.8118001222610474, -0.34175238013267517, 0.4734823405742645, -0.565740168094635, -0.6611424088478088, 0.49277645349502563], "cam_t_m2c": [-201.2547607421875, -341.1995544433594, 932.8397216796875], "obj_id": 1}, {"cam_R_m2c": [-0.5799473524093628, -0.10671541839838028, 0.8076341152191162, -0.6474474668502808, -0.5413275957107544, -0.5364477038383484, 0.4944418966770172, -0.8340120911598206, 0.24484892189502716], "cam_t_m2c": [-113.68702697753906, -10.001629829406738, 657.7426147460938], "obj_id": 1}, {"cam_R_m2c": [0.2978626489639282, 0.5962875485420227, -0.7454655766487122, -0.22957831621170044, 0.8027385473251343, 0.5503677129745483, 0.9265913963317871, 0.007208754308521748, 0.3760005235671997], "cam_t_m2c": [-358.3260192871094, -61.3969612121582, 763.4254150390625], "obj_id": 1}, {"cam_R_m2c": [-0.002657313598319888, 0.6313573718070984, -0.7754873633384705, -0.19097518920898438, -0.7615373730659485, -0.6193456649780273, -0.9815912246704102, 0.14645302295684814, 0.1225973591208458], "cam_t_m2c": [-122.69000244140625, 7.213863372802734, 541.0831298828125], "obj_id": 1}, {"cam_R_m2c": [-0.9660022854804993, -0.22470465302467346, -0.12785598635673523, -0.07410580664873123, -0.2331285923719406, 0.9696180820465088, -0.24768461287021637, 0.946128249168396, 0.20855098962783813], "cam_t_m2c": [-255.25328063964844, -320.1589050292969, 938.3780517578125], "obj_id": 1}, {"cam_R_m2c": [-0.4715011417865753, 0.5924087166786194, 0.6532521843910217, -0.6798216700553894, 0.22766992449760437, -0.6971433162689209, -0.5617196559906006, -0.7727989554405212, 0.29538577795028687], "cam_t_m2c": [-363.65093994140625, -373.38104248046875, 691.2313232421875], "obj_id": 1}, {"cam_R_m2c": [0.037667468190193176, -0.9732763767242432, -0.2265266478061676, 0.9992235898971558, 0.03406405821442604, 0.019796699285507202, -0.011551236733794212, -0.22709645330905914, 0.9738037586212158], "cam_t_m2c": [-353.25506591796875, -269.8052673339844, 930.2514038085938], "obj_id": 1}, {"cam_R_m2c": [0.570527195930481, -0.5287759304046631, 0.6284065246582031, 0.8109246492385864, 0.4838159382343292, -0.3291250765323639, -0.12999965250492096, 0.6973651647567749, 0.704827606678009], "cam_t_m2c": [-64.20281219482422, -163.77609252929688, 668.518798828125], "obj_id": 1}, {"cam_R_m2c": [0.8449772000312805, 0.4102267026901245, 0.3431145250797272, 0.1198229044675827, 0.4800436496734619, -0.8690227270126343, -0.521206259727478, 0.7754173278808594, 0.35647138953208923], "cam_t_m2c": [-148.2814483642578, -254.5946807861328, 631.8804321289062], "obj_id": 1}, {"cam_R_m2c": [0.5683901309967041, 0.1255876123905182, -0.8131176829338074, -0.8226244449615479, 0.10462892800569534, -0.5588754415512085, 0.014887790195643902, 0.9865497946739197, 0.1627815067768097], "cam_t_m2c": [-230.3231964111328, -351.0764465332031, 910.5969848632812], "obj_id": 1}, {"cam_R_m2c": [0.7633802890777588, 0.6212929487228394, 0.1767641305923462, 0.19705528020858765, -0.4845958948135376, 0.8522536158561707, 0.6151583194732666, -0.6157613396644592, -0.49236005544662476], "cam_t_m2c": [-287.8471984863281, -3.3228061199188232, 688.1204223632812], "obj_id": 1}, {"cam_R_m2c": [-0.6565152406692505, -0.5544973015785217, -0.5113904476165771, -0.562441885471344, 0.8116070032119751, -0.15796561539173126, 0.5026395916938782, 0.18392054736614227, -0.8447048664093018], "cam_t_m2c": [-87.25284576416016, -84.65547180175781, 837.8748168945312], "obj_id": 1}, {"cam_R_m2c": [-0.9902070760726929, 0.05519920960068703, 0.12822997570037842, -0.02033879980444908, -0.9657518863677979, 0.2586689889431, 0.13811667263507843, 0.25352782011032104, 0.9574170708656311], "cam_t_m2c": [-369.5406494140625, -351.854248046875, 927.9262084960938], "obj_id": 1}, {"cam_R_m2c": [-0.44298848509788513, -0.7049756646156311, 0.5538686513900757, 0.21253040432929993, -0.6827605366706848, -0.6990485191345215, 0.8709719181060791, -0.1919565200805664, 0.4522838294506073], "cam_t_m2c": [-127.26203918457031, -321.57177734375, 551.6710815429688], "obj_id": 1}, {"cam_R_m2c": [0.35619938373565674, -0.31420668959617615, 0.8799977898597717, -0.9155102372169495, -0.30581021308898926, 0.261383056640625, 0.18698403239250183, -0.8987514972686768, -0.39658883213996887], "cam_t_m2c": [-197.30081176757812, -15.506733894348145, 904.031005859375], "obj_id": 1}, {"cam_R_m2c": [0.16813600063323975, -0.5050735473632812, 0.8465405702590942, -0.10839257389307022, -0.8630313277244568, -0.49338406324386597, 0.9797863364219666, -0.008803104050457478, -0.19985279440879822], "cam_t_m2c": [-125.2457046508789, -23.688901901245117, 784.5668334960938], "obj_id": 1}, {"cam_R_m2c": [-0.32709863781929016, -0.8017574548721313, -0.5001912117004395, -0.8614858388900757, 0.4705435633659363, -0.19086873531341553, 0.3883921802043915, 0.36847472190856934, -0.8446168303489685], "cam_t_m2c": [-349.17626953125, -104.91236114501953, 808.0369873046875], "obj_id": 1}, {"cam_R_m2c": [0.051725681871175766, -0.9854204058647156, -0.1620834916830063, 0.993419349193573, 0.06737944483757019, -0.09261761605739594, 0.10218838602304459, -0.15622615814208984, 0.9824209213256836], "cam_t_m2c": [-199.85198974609375, -131.82461547851562, 917.8076782226562], "obj_id": 1}, {"cam_R_m2c": [0.2596011757850647, 0.9455750584602356, 0.19620156288146973, -0.7857036590576172, 0.3249329626560211, -0.5263918042182922, -0.561495304107666, -0.017504367977380753, 0.8272947669029236], "cam_t_m2c": [-195.62940979003906, -32.586177825927734, 816.7930297851562], "obj_id": 1}, {"cam_R_m2c": [-0.27526378631591797, 0.3144413232803345, -0.9084911942481995, 0.9571467638015747, 0.0011717552551999688, -0.28960052132606506, -0.08999795466661453, -0.9492760896682739, -0.3012889325618744], "cam_t_m2c": [-32.537506103515625, -171.5662841796875, 533.1331787109375], "obj_id": 1}, {"cam_R_m2c": [0.08541285991668701, -0.13921166956424713, 0.9865722060203552, -0.1933257132768631, 0.9690561890602112, 0.153477281332016, -0.9774097204208374, -0.20383870601654053, 0.05585666373372078], "cam_t_m2c": [-203.80027770996094, -320.1998596191406, 676.0064086914062], "obj_id": 1}, {"cam_R_m2c": [0.47528165578842163, 0.5518577694892883, -0.6852446794509888, 0.056331731379032135, 0.7581497430801392, 0.6496427655220032, 0.8780285120010376, -0.34736427664756775, 0.3292475640773773], "cam_t_m2c": [-281.5467529296875, -155.03521728515625, 698.962646484375], "obj_id": 1}, {"cam_R_m2c": [0.5533797740936279, 0.033478666096925735, -0.8322559595108032, -0.7019086480140686, 0.5566933751106262, -0.4443160593509674, 0.44843626022338867, 0.8300431370735168, 0.3315618336200714], "cam_t_m2c": [-46.07743835449219, -272.6653747558594, 666.0045776367188], "obj_id": 1}, {"cam_R_m2c": [0.3840283751487732, -0.9225707650184631, -0.03722028806805611, -0.6769911050796509, -0.3087572753429413, 0.6680957078933716, -0.6278576254844666, -0.23136986792087555, -0.7431437373161316], "cam_t_m2c": [-94.72249603271484, -101.88359069824219, 588.7083740234375], "obj_id": 1}, {"cam_R_m2c": [0.9864678978919983, -0.15279126167297363, -0.059463635087013245, 0.16360080242156982, 0.8935061693191528, 0.41818830370903015, -0.010764403268694878, -0.4222576320171356, 0.9064119458198547], "cam_t_m2c": [-1.0706325769424438, -283.3521728515625, 696.30810546875], "obj_id": 1}, {"cam_R_m2c": [-0.43331751227378845, -0.8151577115058899, -0.3843873143196106, -0.8084322214126587, 0.16305643320083618, 0.5655526518821716, -0.39833784103393555, 0.5558150410652161, -0.7296549677848816], "cam_t_m2c": [-69.44448852539062, -291.4702453613281, 683.9076538085938], "obj_id": 1}, {"cam_R_m2c": [0.05108270049095154, -0.2246192991733551, 0.9731066823005676, -0.7316292524337769, 0.6548183560371399, 0.18955618143081665, -0.6797860860824585, -0.7216364145278931, -0.1308881640434265], "cam_t_m2c": [-240.36109924316406, -86.79847717285156, 856.572021484375], "obj_id": 1}, {"cam_R_m2c": [-0.027480706572532654, 0.9980425834655762, 0.05617601051926613, 0.9701776504516602, 0.013089990243315697, 0.24204117059707642, 0.24083206057548523, 0.06115218624472618, -0.9686383008956909], "cam_t_m2c": [-372.0046081542969, -243.1964569091797, 731.9104614257812], "obj_id": 1}, {"cam_R_m2c": [-0.5934000611305237, 0.682135820388794, -0.42727869749069214, -0.6209603548049927, -0.7257208228111267, -0.2962053418159485, -0.5121372938156128, 0.08955485373735428, 0.8542220592498779], "cam_t_m2c": [-380.39752197265625, -151.8915252685547, 644.1791381835938], "obj_id": 1}, {"cam_R_m2c": [0.4868525564670563, 0.8730038404464722, -0.028962943702936172, -0.5811425447463989, 0.29897794127464294, -0.7568920254707336, -0.6521103978157043, 0.38532644510269165, 0.652897834777832], "cam_t_m2c": [-183.30966186523438, -263.6312255859375, 699.95068359375], "obj_id": 1}, {"cam_R_m2c": [-0.7031025886535645, -0.5156234502792358, 0.48967280983924866, -0.33774784207344055, -0.3638330101966858, -0.8680738210678101, 0.6257582902908325, -0.7757307887077332, 0.08166105300188065], "cam_t_m2c": [-210.34727478027344, -183.7088165283203, 553.7227172851562], "obj_id": 1}, {"cam_R_m2c": [0.8457612991333008, 0.4544687271118164, 0.27954599261283875, 0.4609884023666382, -0.8862111568450928, 0.04603585600852966, 0.26865866780281067, 0.08993211388587952, -0.9590279459953308], "cam_t_m2c": [-146.76072692871094, -5.74003791809082, 819.4639892578125], "obj_id": 1}, {"cam_R_m2c": [0.6643291115760803, -0.2878086268901825, 0.6898065209388733, 0.745159924030304, 0.18299151957035065, -0.6412883996963501, 0.05833958089351654, 0.9400427341461182, 0.3360300362110138], "cam_t_m2c": [-49.863826751708984, -95.72457885742188, 850.1035766601562], "obj_id": 1}, {"cam_R_m2c": [0.6192519068717957, -0.7836698889732361, 0.04887218028306961, -0.43852823972702026, -0.3968105912208557, -0.8063710331916809, 0.6513217687606812, 0.477914959192276, -0.589387059211731], "cam_t_m2c": [-330.7859191894531, -100.82977294921875, 800.7772216796875], "obj_id": 1}, {"cam_R_m2c": [-0.9221095442771912, -0.3852730095386505, 0.035760462284088135, -0.3787441849708557, 0.9176495671272278, 0.12030018866062164, -0.07916398346424103, 0.09738587588071823, -0.9920933246612549], "cam_t_m2c": [-233.4618682861328, -82.61164855957031, 571.3571166992188], "obj_id": 1}, {"cam_R_m2c": [-0.01009983941912651, -0.18558332324028015, -0.9825765490531921, -0.20586107671260834, 0.9619638323783875, -0.17957405745983124, 0.9785290360450745, 0.20046059787273407, -0.04792006313800812], "cam_t_m2c": [-144.94627380371094, -342.05230712890625, 610.18505859375], "obj_id": 1}, {"cam_R_m2c": [-0.21351267397403717, -0.4076616168022156, -0.8878196477890015, -0.9406683444976807, -0.1595432013273239, 0.2994803786277771, -0.26373252272605896, 0.8990870118141174, -0.34940963983535767], "cam_t_m2c": [-235.14743041992188, -101.17774200439453, 897.1907958984375], "obj_id": 1}, {"cam_R_m2c": [0.6219123005867004, 0.7371813058853149, 0.2641759514808655, 0.3040262758731842, 0.08359190076589584, -0.94898921251297, -0.7216600179672241, 0.6705045104026794, -0.17213566601276398], "cam_t_m2c": [-49.9041748046875, -331.5040283203125, 730.0911254882812], "obj_id": 1}, {"cam_R_m2c": [0.005710955243557692, -0.9981801509857178, -0.06003023311495781, -0.9789957404136658, -0.017815470695495605, 0.2031005620956421, -0.20380042493343353, 0.05760946124792099, -0.9773158431053162], "cam_t_m2c": [-12.854034423828125, -124.66287231445312, 554.121337890625], "obj_id": 1}, {"cam_R_m2c": [0.3510214686393738, -0.9352037310600281, 0.04666716232895851, -0.5424749851226807, -0.1624852418899536, 0.8242083191871643, -0.7632200121879578, -0.31463053822517395, -0.5643603801727295], "cam_t_m2c": [-179.89857482910156, -316.0000915527344, 591.6747436523438], "obj_id": 1}, {"cam_R_m2c": [-0.9934147596359253, -0.11438019573688507, -0.006638326682150364, 0.071053147315979, -0.6604915261268616, 0.7474638223648071, -0.08987962454557419, 0.7420700192451477, 0.6642693281173706], "cam_t_m2c": [-316.73199462890625, -185.90049743652344, 810.9325561523438], "obj_id": 1}, {"cam_R_m2c": [0.5036442279815674, 0.4322323799133301, 0.7480090856552124, -0.8614225387573242, 0.3169296979904175, 0.39687108993530273, -0.06552571058273315, -0.8442337512969971, 0.5319545865058899], "cam_t_m2c": [-195.2186279296875, -172.63446044921875, 697.1820068359375], "obj_id": 1}, {"cam_R_m2c": [0.0874418243765831, 0.0649958923459053, 0.9940471053123474, -0.7796844244003296, -0.6166300177574158, 0.10890382528305054, 0.6200374364852905, -0.7845656871795654, -0.0032431602012366056], "cam_t_m2c": [-112.85645294189453, -71.29811096191406, 635.6953125], "obj_id": 1}, {"cam_R_m2c": [0.8114318251609802, 0.5804621577262878, 0.06813285499811172, -0.5744107961654663, 0.8135714530944824, -0.09029785543680191, -0.10784544050693512, 0.03413430228829384, 0.9935815334320068], "cam_t_m2c": [-285.17919921875, -164.28114318847656, 851.5377197265625], "obj_id": 1}, {"cam_R_m2c": [-0.8040804862976074, 0.5874809622764587, 0.09121991693973541, 0.00033428703318350017, 0.1538810133934021, -0.9880894422531128, -0.5945206880569458, -0.7944727540016174, -0.12392926216125488], "cam_t_m2c": [-310.725830078125, -292.5986633300781, 867.048828125], "obj_id": 1}, {"cam_R_m2c": [0.6861739754676819, 0.005095949862152338, -0.7274195551872253, 0.19518111646175385, -0.964597761631012, 0.17735658586025238, -0.7007635235786438, -0.2636760473251343, -0.6628764867782593], "cam_t_m2c": [-105.79705047607422, -134.8096160888672, 593.145263671875], "obj_id": 1}, {"cam_R_m2c": [-0.853487491607666, -0.4944618344306946, -0.16451963782310486, -0.08141350001096725, 0.4383520185947418, -0.8951085805892944, 0.5147145390510559, -0.7505698204040527, -0.4143838584423065], "cam_t_m2c": [-80.02172088623047, -301.5022277832031, 707.3882446289062], "obj_id": 1}, {"cam_R_m2c": [0.6204789876937866, -0.11185627430677414, -0.7762048244476318, -0.2515140175819397, -0.9658743143081665, -0.0618651807308197, -0.7427963614463806, 0.23361244797706604, -0.6274381279945374], "cam_t_m2c": [-323.6518859863281, -189.81634521484375, 843.2222900390625], "obj_id": 1}, {"cam_R_m2c": [-0.03396949917078018, 0.8953337073326111, -0.4440985321998596, -0.8415800333023071, 0.21404829621315002, 0.49590954184532166, 0.539063036441803, 0.3905903398990631, 0.7462239265441895], "cam_t_m2c": [-303.599365234375, -24.54252815246582, 592.1387329101562], "obj_id": 1}, {"cam_R_m2c": [-0.47784876823425293, -0.06374011188745499, -0.8761264085769653, 0.8772733211517334, 0.016803042963147163, -0.4796968102455139, 0.045297447592020035, -0.9978249669075012, 0.047888316214084625], "cam_t_m2c": [-48.31462097167969, -135.63658142089844, 557.5292358398438], "obj_id": 1}, {"cam_R_m2c": [0.2254941463470459, -0.6167130470275879, -0.7541998028755188, 0.8954341411590576, 0.4362127482891083, -0.08897238224744797, 0.3838619589805603, -0.6552734971046448, 0.6505894064903259], "cam_t_m2c": [-10.349116325378418, -114.84298706054688, 602.3590698242188], "obj_id": 1}, {"cam_R_m2c": [0.14058329164981842, 0.9869963526725769, -0.07793831825256348, 0.051847975701093674, -0.08595119416713715, -0.994949221611023, -0.9887102246284485, 0.13583219051361084, -0.06325697153806686], "cam_t_m2c": [-184.8222198486328, -14.435775756835938, 512.6632080078125], "obj_id": 1}, {"cam_R_m2c": [-0.22019223868846893, -0.6513171195983887, 0.7261549234390259, 0.46832406520843506, 0.5824304223060608, 0.6644149422645569, -0.8556795716285706, 0.48637503385543823, 0.17678096890449524], "cam_t_m2c": [-116.79466247558594, -66.3773422241211, 640.4061279296875], "obj_id": 1}, {"cam_R_m2c": [0.4652322232723236, 0.7562635540962219, -0.46002641320228577, -0.8620021343231201, 0.5052288174629211, -0.041182488203048706, 0.20127376914024353, 0.4157032370567322, 0.8869496583938599], "cam_t_m2c": [-119.66655731201172, -88.42875671386719, 757.9887084960938], "obj_id": 1}, {"cam_R_m2c": [0.36970120668411255, 0.07716205716133118, 0.9259411692619324, -0.8042603731155396, 0.5256049036979675, 0.2773170471191406, -0.46528083086013794, -0.8472222089767456, 0.25637516379356384], "cam_t_m2c": [-282.9684143066406, -26.634384155273438, 906.5282592773438], "obj_id": 3}, {"cam_R_m2c": [0.4912497103214264, 0.23655304312705994, 0.8382818102836609, 0.5115942358970642, -0.8572746515274048, -0.057891711592674255, 0.7049432992935181, 0.4572994112968445, -0.5421550869941711], "cam_t_m2c": [-109.0052490234375, -249.7029266357422, 892.5672607421875], "obj_id": 1}, {"cam_R_m2c": [-0.7613480687141418, 0.611037015914917, -0.21675503253936768, 0.4941958785057068, 0.763343095779419, 0.4160260856151581, 0.41966578364372253, 0.20962123572826385, -0.8831417560577393], "cam_t_m2c": [-322.1330261230469, -85.99424743652344, 537.4614868164062], "obj_id": 1}, {"cam_R_m2c": [0.825466513633728, -0.5028409957885742, 0.2564292252063751, 0.09788018465042114, -0.31989753246307373, -0.9423825740814209, 0.5558997392654419, 0.8030045628547668, -0.21484652161598206], "cam_t_m2c": [-370.9597473144531, -290.6654357910156, 781.718505859375], "obj_id": 1}, {"cam_R_m2c": [-0.9309132695198059, 0.12769226729869843, -0.342191606760025, -0.3649381995201111, -0.2870965003967285, 0.8856611251831055, 0.014850063249468803, 0.949352502822876, 0.31386178731918335], "cam_t_m2c": [-292.0639953613281, -60.456722259521484, 529.306640625], "obj_id": 1}, {"cam_R_m2c": [-0.15128237009048462, 0.2880855202674866, 0.9455792307853699, -0.9664832353591919, -0.24383512139320374, -0.08033865690231323, 0.20742115378379822, -0.9260404706001282, 0.3153179883956909], "cam_t_m2c": [-221.83172607421875, -106.74162292480469, 924.6576538085938], "obj_id": 3}, {"cam_R_m2c": [-0.9831113815307617, -0.13521237671375275, 0.12332706153392792, 0.05370772257447243, -0.8573805689811707, -0.5118730068206787, 0.1749497950077057, -0.4966045916080475, 0.8501626253128052], "cam_t_m2c": [-352.0869445800781, -175.3043670654297, 665.6943969726562], "obj_id": 1}, {"cam_R_m2c": [-0.5682395696640015, 0.6986786127090454, 0.434685617685318, 0.8154988884925842, 0.4076492190361023, 0.41083282232284546, 0.10984091460704803, 0.5879372358322144, -0.8014140129089355], "cam_t_m2c": [-339.21905517578125, -385.978515625, 725.5337524414062], "obj_id": 1}, {"cam_R_m2c": [0.20058436691761017, -0.9605916738510132, 0.1924305558204651, 0.694004476070404, 0.0006893230020068586, -0.7199703454971313, 0.691464900970459, 0.27796244621276855, 0.666793167591095], "cam_t_m2c": [-142.84527587890625, -6.627850532531738, 913.2572631835938], "obj_id": 1}, {"cam_R_m2c": [-0.27445149421691895, 0.31328698992729187, -0.9091355800628662, 0.1390395164489746, 0.9484331607818604, 0.28485536575317383, 0.9514958262443542, -0.04822678491473198, -0.3038581609725952], "cam_t_m2c": [-8.706832885742188, -305.8616638183594, 684.64306640625], "obj_id": 3}, {"cam_R_m2c": [-0.5576362013816833, -0.6513375639915466, 0.5145884156227112, 0.8300719857215881, -0.43402138352394104, 0.3501512110233307, -0.004724243655800819, 0.6224024295806885, 0.7826831340789795], "cam_t_m2c": [-190.41897583007812, -265.443603515625, 582.8541259765625], "obj_id": 1}, {"cam_R_m2c": [0.3076225817203522, 0.9467287063598633, -0.09525302052497864, -0.40342772006988525, 0.22043699026107788, 0.8880617022514343, 0.8617507815361023, -0.2347601354122162, 0.4497480094432831], "cam_t_m2c": [-28.170820236206055, 9.578128814697266, 900.2948608398438], "obj_id": 1}, {"cam_R_m2c": [0.3151814937591553, -0.4090273380279541, 0.8563627600669861, -0.807631254196167, -0.5894789695739746, 0.015691237524151802, 0.49838975071907043, -0.6965709328651428, -0.516136109828949], "cam_t_m2c": [-115.10971069335938, -155.5895233154297, 863.2819213867188], "obj_id": 3}, {"cam_R_m2c": [-0.8522377610206604, -0.09141671657562256, 0.5151054859161377, 0.15132887661457062, 0.8994446992874146, 0.40999850630760193, -0.5007896423339844, 0.42736655473709106, -0.75270676612854], "cam_t_m2c": [-349.4855651855469, -138.91250610351562, 548.3533325195312], "obj_id": 1}, {"cam_R_m2c": [-0.9370114803314209, 0.21293942630290985, -0.27688682079315186, -0.3348310887813568, -0.32178735733032227, 0.8856303095817566, 0.09948692470788956, 0.9225560426712036, 0.37281718850135803], "cam_t_m2c": [-304.35382080078125, -241.81979370117188, 608.5536499023438], "obj_id": 3}, {"cam_R_m2c": [-0.20282863080501556, -0.7561068534851074, -0.6222240924835205, -0.37999871373176575, 0.6464115977287292, -0.6616290211677551, 0.902475118637085, 0.10224699229001999, -0.4184303879737854], "cam_t_m2c": [-321.0087890625, -77.03401184082031, 885.91943359375], "obj_id": 3}, {"cam_R_m2c": [-0.7534546256065369, 0.33561891317367554, 0.5653900504112244, 0.6574572920799255, 0.37479791045188904, 0.6536638140678406, 0.007474949583411217, 0.8642259240150452, -0.503048300743103], "cam_t_m2c": [-214.63841247558594, -132.59317016601562, 775.9371337890625], "obj_id": 3}, {"cam_R_m2c": [0.5894795060157776, 0.6820986270904541, -0.4327300488948822, 0.6214275360107422, -0.04067470505833626, 0.782414972782135, 0.5160830020904541, -0.7301279306411743, -0.4478517472743988], "cam_t_m2c": [-288.6532287597656, -22.603559494018555, 900.803955078125], "obj_id": 3}, {"cam_R_m2c": [0.0913190022110939, 0.44438034296035767, 0.8911716341972351, -0.16429030895233154, -0.8759247660636902, 0.4536125063896179, 0.982175886631012, -0.18783429265022278, -0.006981116719543934], "cam_t_m2c": [-138.7030792236328, -56.159549713134766, 659.0210571289062], "obj_id": 1}, {"cam_R_m2c": [-0.3747304379940033, -0.8293280005455017, -0.4144781827926636, 0.9242954254150391, -0.2992182970046997, -0.23695223033428192, 0.07249166071414948, -0.4718934893608093, 0.8786702752113342], "cam_t_m2c": [-48.608055114746094, -108.57157135009766, 904.3682861328125], "obj_id": 3}, {"cam_R_m2c": [0.016278842464089394, 0.4200126528739929, 0.9073722958564758, -0.321302592754364, -0.857163667678833, 0.402536004781723, 0.9468367099761963, -0.29809391498565674, 0.12099742889404297], "cam_t_m2c": [-210.12461853027344, -291.0867614746094, 770.5319213867188], "obj_id": 3}, {"cam_R_m2c": [-0.6132663488388062, 0.40088072419166565, -0.6805872321128845, 0.4315394163131714, 0.8917236924171448, 0.13639138638973236, 0.6615723967552185, -0.21005594730377197, -0.7198599576950073], "cam_t_m2c": [-42.595924377441406, -93.07617950439453, 786.9915771484375], "obj_id": 3}, {"cam_R_m2c": [0.10129231214523315, -0.276474267244339, 0.9556683301925659, 0.8824203610420227, -0.41864433884620667, -0.2146422564983368, 0.4594281315803528, 0.8650428056716919, 0.20156101882457733], "cam_t_m2c": [-255.53521728515625, -37.996315002441406, 589.6326293945312], "obj_id": 1}, {"cam_R_m2c": [-0.7354879379272461, 0.21103452146053314, 0.643833577632904, 0.22340857982635498, -0.8215727806091309, 0.5245059728622437, 0.6396450996398926, 0.5296058654785156, 0.5571101903915405], "cam_t_m2c": [-45.450927734375, 16.6851749420166, 584.8659057617188], "obj_id": 3}, {"cam_R_m2c": [0.20422612130641937, 0.37615975737571716, -0.9037673473358154, -0.9399059414863586, 0.33340033888816833, -0.073626808822155, 0.2736208438873291, 0.8644928932189941, 0.4216439425945282], "cam_t_m2c": [-289.7038879394531, -108.40216064453125, 814.1819458007812], "obj_id": 3}, {"cam_R_m2c": [0.6674969792366028, -0.1498541384935379, 0.7293775081634521, -0.26695090532302856, -0.9625859260559082, 0.04653478041291237, 0.6951150894165039, -0.22576981782913208, -0.6825268864631653], "cam_t_m2c": [-184.94142150878906, -278.29437255859375, 711.0030517578125], "obj_id": 1}, {"cam_R_m2c": [-0.5196115374565125, 0.8078956604003906, -0.27804362773895264, -0.7439109683036804, -0.26772910356521606, 0.6123050451278687, 0.4202382564544678, 0.5250005125999451, 0.7401177287101746], "cam_t_m2c": [-77.04602813720703, -18.566082000732422, 709.236083984375], "obj_id": 1}, {"cam_R_m2c": [0.7000246047973633, -0.6948180794715881, -0.16490407288074493, -0.6990252733230591, -0.6194836497306824, -0.35721641778945923, 0.14604505896568298, 0.3653324246406555, -0.9193492531776428], "cam_t_m2c": [-146.66314697265625, 9.7669038772583, 568.4917602539062], "obj_id": 1}, {"cam_R_m2c": [-0.3025839328765869, 0.9242901802062988, -0.23266001045703888, 0.5545682311058044, 0.36925971508026123, 0.7457220554351807, 0.7751755118370056, 0.09661765396595001, -0.62431401014328], "cam_t_m2c": [-295.79644775390625, -306.999267578125, 916.4307861328125], "obj_id": 1}, {"cam_R_m2c": [-0.34198465943336487, 0.32864144444465637, -0.880364179611206, 0.2872976064682007, 0.9285587072372437, 0.23502936959266663, 0.8947101831436157, -0.17255006730556488, -0.41197073459625244], "cam_t_m2c": [-55.35870361328125, 14.916437149047852, 525.0305786132812], "obj_id": 1}, {"cam_R_m2c": [0.7516868710517883, -0.534393310546875, -0.3865107595920563, -0.10563143342733383, -0.6760344505310059, 0.7292593121528625, -0.6510059833526611, -0.5073469877243042, -0.5646149516105652], "cam_t_m2c": [-291.0543212890625, -136.62872314453125, 863.9440307617188], "obj_id": 3}, {"cam_R_m2c": [-0.10872907191514969, 0.4202737808227539, 0.9008594751358032, 0.861865222454071, -0.4117193818092346, 0.2961002588272095, 0.4953445494174957, 0.8086142539978027, -0.31745341420173645], "cam_t_m2c": [-298.92333984375, -58.7896842956543, 736.39892578125], "obj_id": 3}, {"cam_R_m2c": [-0.37775903940200806, 0.21397975087165833, -0.9008388519287109, 0.6406141519546509, 0.7628693580627441, -0.08742880821228027, 0.6685143113136292, -0.6101171970367432, -0.42525923252105713], "cam_t_m2c": [-245.95700073242188, -237.26657104492188, 665.20263671875], "obj_id": 3}, {"cam_R_m2c": [0.9811434745788574, -0.14274978637695312, 0.13030719757080078, 0.15543046593666077, 0.181992769241333, -0.9709376096725464, 0.11488617956638336, 0.972882866859436, 0.20074869692325592], "cam_t_m2c": [-368.6791076660156, -288.3447570800781, 707.4763793945312], "obj_id": 1}, {"cam_R_m2c": [-0.9240199327468872, 0.2035372108221054, 0.32366591691970825, -0.14168161153793335, 0.6039883494377136, -0.7842986583709717, -0.35512441396713257, -0.7705651521682739, -0.5292597413063049], "cam_t_m2c": [-165.46047973632812, -88.33496856689453, 754.3287963867188], "obj_id": 3}, {"cam_R_m2c": [0.5318004488945007, 0.11619173735380173, 0.8388609886169434, -0.840186595916748, 0.19658446311950684, 0.505411684513092, -0.10618235170841217, -0.9735779166221619, 0.20216646790504456], "cam_t_m2c": [-208.6385498046875, -308.2874755859375, 655.591796875], "obj_id": 1}, {"cam_R_m2c": [-0.9679956436157227, -0.24023784697055817, 0.07259659469127655, 0.21349652111530304, -0.6362085938453674, 0.7413891553878784, -0.13192316889762878, 0.7331606149673462, 0.6671370267868042], "cam_t_m2c": [-231.1154327392578, -263.221923828125, 561.51123046875], "obj_id": 1}, {"cam_R_m2c": [-0.6707987189292908, -0.5730076432228088, 0.4708406925201416, 0.4825437068939209, 0.1448923945426941, 0.8638041615486145, -0.5631876587867737, 0.806640088558197, 0.17930777370929718], "cam_t_m2c": [-108.53156280517578, -177.9521484375, 787.955322265625], "obj_id": 3}, {"cam_R_m2c": [-0.63032466173172, 0.7517923712730408, 0.1936461627483368, 0.3793202042579651, 0.5158807635307312, -0.7681035995483398, -0.677352786064148, -0.41070082783699036, -0.6103423833847046], "cam_t_m2c": [-314.8310852050781, 36.81238555908203, 875.4375], "obj_id": 3}, {"cam_R_m2c": [0.5893669128417969, -0.675375759601593, -0.44329914450645447, -0.8074178695678711, -0.5107012987136841, -0.2953985929489136, -0.02688843011856079, 0.5320258140563965, -0.8463008999824524], "cam_t_m2c": [-66.41244506835938, 52.52305221557617, 897.2239990234375], "obj_id": 3}, {"cam_R_m2c": [-0.09362232685089111, -0.9956067204475403, -0.001452274271287024, 0.9086313247680664, -0.0848471149802208, -0.40888887643814087, 0.4069693088531494, -0.039600711315870285, 0.9125829935073853], "cam_t_m2c": [-138.7172393798828, -292.85125732421875, 570.527099609375], "obj_id": 1}, {"cam_R_m2c": [0.5752841234207153, 0.00632613617926836, -0.817929208278656, -0.7593477368354797, -0.36756420135498047, -0.5369241833686829, -0.3040381371974945, 0.9299766421318054, -0.20665010809898376], "cam_t_m2c": [-32.97551727294922, -136.8302459716797, 871.9521484375], "obj_id": 1}, {"cam_R_m2c": [-0.5122988224029541, 0.7197959423065186, 0.4684482514858246, 0.12595181167125702, 0.6025374531745911, -0.7880893349647522, -0.8495211005210876, -0.3447352945804596, -0.39933881163597107], "cam_t_m2c": [-7.363576889038086, -137.45579528808594, 874.8899536132812], "obj_id": 3}, {"cam_R_m2c": [0.18578946590423584, -0.32576096057891846, 0.927017867565155, -0.8059002757072449, -0.5902687907218933, -0.04590925574302673, 0.5621451139450073, -0.7385544776916504, -0.37219664454460144], "cam_t_m2c": [-245.1293487548828, -66.20458984375, 778.76611328125], "obj_id": 3}, {"cam_R_m2c": [-0.15101692080497742, 0.9879785180091858, 0.03305066376924515, -0.49910444021224976, -0.1050647422671318, 0.8601489067077637, 0.8532811403274536, 0.11340130120515823, 0.5089709758758545], "cam_t_m2c": [-361.26202392578125, -314.9817810058594, 940.3970336914062], "obj_id": 3}, {"cam_R_m2c": [0.12020983546972275, 0.031679052859544754, -0.9922428727149963, 0.9725276827812195, 0.19694334268569946, 0.12410901486873627, 0.19934719800949097, -0.9799028635025024, -0.007134164683520794], "cam_t_m2c": [-323.71868896484375, -114.13406372070312, 916.7017211914062], "obj_id": 3}, {"cam_R_m2c": [0.8557133674621582, -0.1521540731191635, 0.49457433819770813, 0.4364042580127716, 0.725780725479126, -0.5317834615707397, -0.27803948521614075, 0.6708885431289673, 0.6874609589576721], "cam_t_m2c": [-86.7616958618164, -323.2324523925781, 650.2920532226562], "obj_id": 3}, {"cam_R_m2c": [-0.15929381549358368, 0.98722904920578, -0.00203290325589478, -0.9052921533584595, -0.1468936800956726, -0.3985828459262848, -0.39379122853279114, -0.061651431024074554, 0.9171300530433655], "cam_t_m2c": [-228.8278350830078, -229.35391235351562, 797.0498657226562], "obj_id": 3}, {"cam_R_m2c": [-0.9305430054664612, -0.34874096512794495, 0.11166542768478394, -0.3643598258495331, 0.851425051689148, -0.377249538898468, 0.0364876426756382, -0.3917333781719208, -0.9193548560142517], "cam_t_m2c": [-166.3525390625, -252.77003479003906, 543.6532592773438], "obj_id": 3}, {"cam_R_m2c": [-0.4075031876564026, -0.5642282962799072, 0.7180442810058594, 0.9110755324363708, -0.3048413395881653, 0.27751225233078003, 0.06230932101607323, 0.7672796845436096, 0.6382784843444824], "cam_t_m2c": [-111.98432159423828, -260.3744812011719, 907.6807250976562], "obj_id": 1}, {"cam_R_m2c": [-0.29430991411209106, -0.12325084954500198, 0.9477292895317078, -0.93049156665802, 0.2632538676261902, -0.25472110509872437, -0.21809878945350647, -0.956821084022522, -0.19216206669807434], "cam_t_m2c": [-17.5543155670166, -240.5502166748047, 574.5602416992188], "obj_id": 3}, {"cam_R_m2c": [0.6120381355285645, 0.5633396506309509, -0.5550294518470764, -0.7553770542144775, 0.6242144107818604, -0.1994035542011261, 0.23412542045116425, 0.5412991642951965, 0.8075768947601318], "cam_t_m2c": [-234.75344848632812, -246.1629638671875, 726.90869140625], "obj_id": 1}, {"cam_R_m2c": [0.2318742275238037, -0.20022262632846832, 0.9519165754318237, -0.6089692711830139, 0.7332215905189514, 0.3025599420070648, -0.7585451602935791, -0.6498438119888306, 0.0480857715010643], "cam_t_m2c": [-329.0397033691406, -127.16435241699219, 897.2810668945312], "obj_id": 3}, {"cam_R_m2c": [0.1909397393465042, -0.3276699483394623, -0.9252969622612, 0.784633994102478, -0.5154637694358826, 0.3444513976573944, -0.5898233652114868, -0.7917889356613159, 0.15867838263511658], "cam_t_m2c": [-336.0112609863281, -147.44627380371094, 600.633544921875], "obj_id": 3}, {"cam_R_m2c": [-0.5172953605651855, 0.8225044012069702, -0.23641441762447357, -0.48378071188926697, -0.053169719874858856, 0.873572587966919, 0.70594722032547, 0.5662679076194763, 0.42541635036468506], "cam_t_m2c": [-297.16424560546875, -155.51028442382812, 578.9398803710938], "obj_id": 1}, {"cam_R_m2c": [-0.9890355467796326, -0.097928985953331, 0.11053672432899475, -0.07573490589857101, -0.3