{
  "0": [{"cam_R_m2c": [0.5370843410491943, -0.6176702976226807, 0.574476957321167, 0.037335172295570374, -0.6629661321640015, -0.7477177977561951, 0.8427019119262695, 0.42303571105003357, -0.3330078721046448], "cam_t_m2c": [58.35902786254883, 41.602352142333984, 244.9689483642578], "obj_id": 1}, {"cam_R_m2c": [0.5370843410491943, -0.6176702976226807, 0.574476957321167, 0.037335172295570374, -0.6629661321640015, -0.7477177977561951, 0.8427019119262695, 0.42303571105003357, -0.3330078721046448], "cam_t_m2c": [58.35902786254883, 41.602352142333984, 244.9689483642578], "obj_id": 2}, {"cam_R_m2c": [0.5370843410491943, -0.6176702976226807, 0.574476957321167, 0.037335172295570374, -0.6629661321640015, -0.7477177977561951, 0.8427019119262695, 0.42303571105003357, -0.3330078721046448], "cam_t_m2c": [58.35902786254883, 41.602352142333984, 244.9689483642578], "obj_id": 0}, {"cam_R_m2c": [0.5370843410491943, -0.6176702976226807, 0.574476957321167, 0.037335172295570374, -0.6629661321640015, -0.7477177977561951, 0.8427019119262695, 0.42303571105003357, -0.3330078721046448], "cam_t_m2c": [58.35902786254883, 41.602352142333984, 244.9689483642578], "obj_id": 1}, {"cam_R_m2c": [0.5370843410491943, -0.6176702976226807, 0.574476957321167, 0.037335172295570374, -0.6629661321640015, -0.7477177977561951, 0.8427019119262695, 0.42303571105003357, -0.3330078721046448], "cam_t_m2c": [58.35902786254883, 41.602352142333984, 244.9689483642578], "obj_id": 3}, {"cam_R_m2c": [0.5370843410491943, -0.6176702976226807, 0.574476957321167, 0.037335172295570374, -0.6629661321640015, -0.7477177977561951, 0.8427019119262695, 0.42303571105003357, -0.3330078721046448], "cam_t_m2c": [58.35902786254883, 41.602352142333984, 244.9689483642578], "obj_id": 2}, {"cam_R_m2c": [0.5370843410491943, -0.6176702976226807, 0.574476957321167, 0.037335172295570374, -0.6629661321640015, -0.7477177977561951, 0.8427019119262695, 0.42303571105003357, -0.3330078721046448], "cam_t_m2c": [58.35902786254883, 41.602352142333984, 244.9689483642578], "obj_id": 0}, {"cam_R_m2c": [0.5370843410491943, -0.6176702976226807, 0.574476957321167, 0.037335172295570374, -0.6629661321640015, -0.7477177977561951, 0.8427019119262695, 0.42303571105003357, -0.3330078721046448], "cam_t_m2c": [58.35902786254883, 41.602352142333984, 244.9689483642578], "obj_id": 1}, {"cam_R_m2c": [0.5370843410491943, -0.6176702976226807, 0.574476957321167, 0.037335172295570374, -0.6629661321640015, -0.7477177977561951, 0.8427019119262695, 0.42303571105003357, -0.3330078721046448], "cam_t_m2c": [58.35902786254883, 41.602352142333984, 244.9689483642578], "obj_id": 2}, {"cam_R_m2c": [0.5370843410491943, -0.6176702976226807, 0.574476957321167, 0.037335172295570374, -0.6629661321640015, -0.7477177977561951, 0.8427019119262695, 0.42303571105003357, -0.3330078721046448], "cam_t_m2c": [58.35902786254883, 41.602352142333984, 244.9689483642578], "obj_id": 2}, {"cam_R_m2c": [0.5370843410491943, -0.6176702976226807, 0.574476957321167, 0.037335172295570374, -0.6629661321640015, -0.7477177977561951, 0.8427019119262695, 0.42303571105003357, -0.3330078721046448], "cam_t_m2c": [58.35902786254883, 41.602352142333984, 244.9689483642578], "obj_id": 3}, {"cam_R_m2c": [0.5370843410491943, -0.6176702976226807, 0.574476957321167, 0.037335172295570374, -0.6629661321640015, -0.7477177977561951, 0.8427019119262695, 0.42303571105003357, -0.3330078721046448], "cam_t_m2c": [58.35902786254883, 41.602352142333984, 244.9689483642578], "obj_id": 2}, {"cam_R_m2c": [0.5370843410491943, -0.6176702976226807, 0.574476957321167, 0.037335172295570374, -0.6629661321640015, -0.7477177977561951, 0.8427019119262695, 0.42303571105003357, -0.3330078721046448], "cam_t_m2c": [58.35902786254883, 41.602352142333984, 244.9689483642578], "obj_id": 3}, {"cam_R_m2c": [0.5370843410491943, -0.6176702976226807, 0.574476957321167, 0.037335172295570374, -0.6629661321640015, -0.7477177977561951, 0.8427019119262695, 0.42303571105003357, -0.3330078721046448], "cam_t_m2c": [58.35902786254883, 41.602352142333984, 244.9689483642578], "obj_id": 1}, {"cam_R_m2c": [0.5370843410491943, -0.6176702976226807, 0.574476957321167, 0.037335172295570374, -0.6629661321640015, -0.7477177977561951, 0.8427019119262695, 0.42303571105003357, -0.3330078721046448], "cam_t_m2c": [58.35902786254883, 41.602352142333984, 244.9689483642578], "obj_id": 0}, {"cam_R_m2c": [0.5370843410491943, -0.6176702976226807, 0.574476957321167, 0.037335172295570374, -0.6629661321640015, -0.7477177977561951, 0.8427019119262695, 0.42303571105003357, -0.3330078721046448], "cam_t_m2c": [58.35902786254883, 41.602352142333984, 244.9689483642578], "obj_id": 0}, {"cam_R_m2c": [0.5370843410491943, -0.6176702976226807, 0.574476957321167, 0.037335172295570374, -0.6629661321640015, -0.7477177977561951, 0.8427019119262695, 0.42303571105003357, -0.3330078721046448], "cam_t_m2c": [58.35902786254883, 41.602352142333984, 244.9689483642578], "obj_id": 2}, {"cam_R_m2c": [0.5370843410491943, -0.6176702976226807, 0.574476957321167, 0.037335172295570374, -0.6629661321640015, -0.7477177977561951, 0.8427019119262695, 0.42303571105003357, -0.3330078721046448], "cam_t_m2c": [58.35902786254883, 41.602352142333984, 244.9689483642578], "obj_id": 2}, {"cam_R_m2c": [0.5370843410491943, -0.6176702976226807, 0.574476957321167, 0.037335172295570374, -0.6629661321640015, -0.7477177977561951, 0.8427019119262695, 0.42303571105003357, -0.3330078721046448], "cam_t_m2c": [58.35902786254883, 41.602352142333984, 244.9689483642578], "obj_id": 0}, {"cam_R_m2c": [0.5370843410491943, -0.6176702976226807, 0.574476957321167, 0.037335172295570374, -0.6629661321640015, -0.7477177977561951, 0.8427019119262695, 0.42303571105003357, -0.3330078721046448], "cam_t_m2c": [58.35902786254883, 41.602352142333984, 244.9689483642578], "obj_id": 3}, {"cam_R_m2c": [0.5370843410491943, -0.6176702976226807, 0.574476957321167, 0.037335172295570374, -0.6629661321640015, -0.7477177977561951, 0.8427019119262695, 0.42303571105003357, -0.3330078721046448], "cam_t_m2c": [58.35902786254883, 41.602352142333984, 244.9689483642578], "obj_id": 3}, {"cam_R_m2c": [0.5370843410491943, -0.6176702976226807, 0.574476957321167, 0.037335172295570374, -0.6629661321640015, -0.7477177977561951, 0.8427019119262695, 0.42303571105003357, -0.3330078721046448], "cam_t_m2c": [58.35902786254883, 41.602352142333984, 244.9689483642578], "obj_id": 1}, {"cam_R_m2c": [0.5370843410491943, -0.6176702976226807, 0.574476957321167, 0.037335172295570374, -0.6629661321640015, -0.7477177977561951, 0.8427019119262695, 0.42303571105003357, -0.3330078721046448], "cam_t_m2c": [58.35902786254883, 41.602352142333984, 244.9689483642578], "obj_id": 1}, {"cam_R_m2c": [0.5370843410491943, -0.6176702976226807, 0.574476957321167, 0.037335172295570374, -0.6629661321640015, -0.7477177977561951, 0.8427019119262695, 0.42303571105003357, -0.3330078721046448], "cam_t_m2c": [58.35902786254883, 41.602352142333984, 244.9689483642578], "obj_id": 2}, {"cam_R_m2c": [0.18980856239795685, -0.3254515826702118, 0.9263119101524353, -0.04518355429172516, 0.9395681023597717, 0.33936741948127747, -0.9807807803153992, -0.10626887530088425, 0.16363300383090973], "cam_t_m2c": [-6.740888595581055, -21.26453971862793, 186.85997009277344], "obj_id": 3}, {"cam_R_m2c": [-0.42803218960762024, 0.03868091106414795, -0.9029353260993958, -0.10098503530025482, 0.9907800555229187, 0.0903155654668808, 0.8981038331985474, 0.1298409253358841, -0.4201795756816864], "cam_t_m2c": [114.12158203125, 94.506103515625, 142.24093627929688], "obj_id": 3}, {"cam_R_m2c": [-0.94398033618927, 0.24766159057617188, -0.21809259057044983, -0.21084405481815338, 0.055761534720659256, 0.9759278893470764, 0.25386103987693787, 0.9672404527664185, -0.0004195761284790933], "cam_t_m2c": [151.79110717773438, 39.74266815185547, 309.1385498046875], "obj_id": 3}, {"cam_R_m2c": [-0.5461177825927734, -0.8140307664871216, 0.1977604776620865, 0.2838873863220215, -0.40194466710090637, -0.8705448508262634, 0.7881391048431396, -0.4192783832550049, 0.450602263212204], "cam_t_m2c": [-4575.1845703125, 5845.607421875, 2831.3671875], "obj_id": 0}, {"cam_R_m2c": [-0.3444553315639496, -0.5413895845413208, -0.7669731378555298, -0.33914080262184143, 0.8335579037666321, -0.4360787570476532, 0.8754050135612488, 0.10990223288536072, -0.4707307517528534], "cam_t_m2c": [-4686.17333984375, 5933.07421875, 3165.167236328125], "obj_id": 2}, {"cam_R_m2c": [0.09617608785629272, 0.9440380334854126, 0.31550320982933044, -0.6925118565559387, 0.2911432087421417, -0.6600476503372192, -0.7149667143821716, -0.1550089567899704, 0.6817585825920105], "cam_t_m2c": [-40.09815216064453, -82.39496612548828, 243.44076538085938], "obj_id": 1}, {"cam_R_m2c": [0.4222310781478882, -0.8313239812850952, -0.36141565442085266, -0.418141633272171, 0.17513233423233032, -0.8913395404815674, 0.8042875528335571, 0.5274741649627686, -0.2736648619174957], "cam_t_m2c": [-4439.66064453125, 6090.3076171875, 2855.082763671875], "obj_id": 0}, {"cam_R_m2c": [0.7452702522277832, 0.5889670848846436, -0.3125540018081665, -0.22052185237407684, 0.6601111888885498, 0.7180691361427307, 0.6292394995689392, -0.4662306010723114, 0.6218413710594177], "cam_t_m2c": [-97.56256866455078, -52.284732818603516, 218.99220275878906], "obj_id": 1}],
  "1": [{"cam_R_m2c": [0.41095849871635437, -0.9105409979820251, -0.045035190880298615, -0.5155547261238098, -0.1913781762123108, -0.8352111577987671, 0.7518752813339233, 0.36645522713661194, -0.5480822324752808], "cam_t_m2c": [68.52068328857422, -23.650497436523438, 245.51100158691406], "obj_id": 1}, {"cam_R_m2c": [0.41095849871635437, -0.9105409979820251, -0.045035190880298615, -0.5155547261238098, -0.1913781762123108, -0.8352111577987671, 0.7518752813339233, 0.36645522713661194, -0.5480822324752808], "cam_t_m2c": [68.52068328857422, -23.650497436523438, 245.51100158691406], "obj_id": 2}, {"cam_R_m2c": [0.41095849871635437, -0.9105409979820251, -0.045035190880298615, -0.5155547261238098, -0.1913781762123108, -0.8352111577987671, 0.7518752813339233, 0.36645522713661194, -0.5480822324752808], "cam_t_m2c": [68.52068328857422, -23.650497436523438, 245.51100158691406], "obj_id": 0}, {"cam_R_m2c": [0.41095849871635437, -0.9105409979820251, -0.045035190880298615, -0.5155547261238098, -0.1913781762123108, -0.8352111577987671, 0.7518752813339233, 0.36645522713661194, -0.5480822324752808], "cam_t_m2c": [68.52068328857422, -23.650497436523438, 245.51100158691406], "obj_id": 1}, {"cam_R_m2c": [0.41095849871635437, -0.9105409979820251, -0.045035190880298615, -0.5155547261238098, -0.1913781762123108, -0.8352111577987671, 0.7518752813339233, 0.36645522713661194, -0.5480822324752808], "cam_t_m2c": [68.52068328857422, -23.650497436523438, 245.51100158691406], "obj_id": 3}, {"cam_R_m2c": [0.41095849871635437, -0.9105409979820251, -0.045035190880298615, -0.5155547261238098, -0.1913781762123108, -0.8352111577987671, 0.7518752813339233, 0.36645522713661194, -0.5480822324752808], "cam_t_m2c": [68.52068328857422, -23.650497436523438, 245.51100158691406], "obj_id": 2}, {"cam_R_m2c": [0.41095849871635437, -0.9105409979820251, -0.045035190880298615, -0.5155547261238098, -0.1913781762123108, -0.8352111577987671, 0.7518752813339233, 0.36645522713661194, -0.5480822324752808], "cam_t_m2c": [68.52068328857422, -23.650497436523438, 245.51100158691406], "obj_id": 0}, {"cam_R_m2c": [0.41095849871635437, -0.9105409979820251, -0.045035190880298615, -0.5155547261238098, -0.1913781762123108, -0.8352111577987671, 0.7518752813339233, 0.36645522713661194, -0.5480822324752808], "cam_t_m2c": [68.52068328857422, -23.650497436523438, 245.51100158691406], "obj_id": 1}, {"cam_R_m2c": [0.41095849871635437, -0.9105409979820251, -0.045035190880298615, -0.5155547261238098, -0.1913781762123108, -0.8352111577987671, 0.7518752813339233, 0.36645522713661194, -0.5480822324752808], "cam_t_m2c": [68.52068328857422, -23.650497436523438, 245.51100158691406], "obj_id": 2}, {"cam_R_m2c": [0.41095849871635437, -0.9105409979820251, -0.045035190880298615, -0.5155547261238098, -0.1913781762123108, -0.8352111577987671, 0.7518752813339233, 0.36645522713661194, -0.5480822324752808], "cam_t_m2c": [68.52068328857422, -23.650497436523438, 245.51100158691406], "obj_id": 2}, {"cam_R_m2c": [0.41095849871635437, -0.9105409979820251, -0.045035190880298615, -0.5155547261238098, -0.1913781762123108, -0.8352111577987671, 0.7518752813339233, 0.36645522713661194, -0.5480822324752808], "cam_t_m2c": [68.52068328857422, -23.650497436523438, 245.51100158691406], "obj_id": 3}, {"cam_R_m2c": [0.41095849871635437, -0.9105409979820251, -0.045035190880298615, -0.5155547261238098, -0.1913781762123108, -0.8352111577987671, 0.7518752813339233, 0.36645522713661194, -0.5480822324752808], "cam_t_m2c": [68.52068328857422, -23.650497436523438, 245.51100158691406], "obj_id": 2}, {"cam_R_m2c": [0.41095849871635437, -0.9105409979820251, -0.045035190880298615, -0.5155547261238098, -0.1913781762123108, -0.8352111577987671, 0.7518752813339233, 0.36645522713661194, -0.5480822324752808], "cam_t_m2c": [68.52068328857422, -23.650497436523438, 245.51100158691406], "obj_id": 3}, {"cam_R_m2c": [0.41095849871635437, -0.9105409979820251, -0.045035190880298615, -0.5155547261238098, -0.1913781762123108, -0.8352111577987671, 0.7518752813339233, 0.36645522713661194, -0.5480822324752808], "cam_t_m2c": [68.52068328857422, -23.650497436523438, 245.51100158691406], "obj_id": 1}, {"cam_R_m2c": [0.41095849871635437, -0.9105409979820251, -0.045035190880298615, -0.5155547261238098, -0.1913781762123108, -0.8352111577987671, 0.7518752813339233, 0.36645522713661194, -0.5480822324752808], "cam_t_m2c": [68.52068328857422, -23.650497436523438, 245.51100158691406], "obj_id": 0}, {"cam_R_m2c": [0.41095849871635437, -0.9105409979820251, -0.045035190880298615, -0.5155547261238098, -0.1913781762123108, -0.8352111577987671, 0.7518752813339233, 0.36645522713661194, -0.5480822324752808], "cam_t_m2c": [68.52068328857422, -23.650497436523438, 245.51100158691406], "obj_id": 0}, {"cam_R_m2c": [0.41095849871635437, -0.9105409979820251, -0.045035190880298615, -0.5155547261238098, -0.1913781762123108, -0.8352111577987671, 0.7518752813339233, 0.36645522713661194, -0.5480822324752808], "cam_t_m2c": [68.52068328857422, -23.650497436523438, 245.51100158691406], "obj_id": 2}, {"cam_R_m2c": [0.41095849871635437, -0.9105409979820251, -0.045035190880298615, -0.5155547261238098, -0.1913781762123108, -0.8352111577987671, 0.7518752813339233, 0.36645522713661194, -0.5480822324752808], "cam_t_m2c": [68.52068328857422, -23.650497436523438, 245.51100158691406], "obj_id": 2}, {"cam_R_m2c": [0.41095849871635437, -0.9105409979820251, -0.045035190880298615, -0.5155547261238098, -0.1913781762123108, -0.8352111577987671, 0.7518752813339233, 0.36645522713661194, -0.5480822324752808], "cam_t_m2c": [68.52068328857422, -23.650497436523438, 245.51100158691406], "obj_id": 0}, {"cam_R_m2c": [0.41095849871635437, -0.9105409979820251, -0.045035190880298615, -0.5155547261238098, -0.1913781762123108, -0.8352111577987671, 0.7518752813339233, 0.36645522713661194, -0.5480822324752808], "cam_t_m2c": [68.52068328857422, -23.650497436523438, 245.51100158691406], "obj_id": 3}, {"cam_R_m2c": [0.41095849871635437, -0.9105409979820251, -0.045035190880298615, -0.5155547261238098, -0.1913781762123108, -0.8352111577987671, 0.7518752813339233, 0.36645522713661194, -0.5480822324752808], "cam_t_m2c": [68.52068328857422, -23.650497436523438, 245.51100158691406], "obj_id": 3}, {"cam_R_m2c": [0.41095849871635437, -0.9105409979820251, -0.045035190880298615, -0.5155547261238098, -0.1913781762123108, -0.8352111577987671, 0.7518752813339233, 0.36645522713661194, -0.5480822324752808], "cam_t_m2c": [68.52068328857422, -23.650497436523438, 245.51100158691406], "obj_id": 1}, {"cam_R_m2c": [0.41095849871635437, -0.9105409979820251, -0.045035190880298615, -0.5155547261238098, -0.1913781762123108, -0.8352111577987671, 0.7518752813339233, 0.36645522713661194, -0.5480822324752808], "cam_t_m2c": [68.52068328857422, -23.650497436523438, 245.51100158691406], "obj_id": 1}, {"cam_R_m2c": [0.41095849871635437, -0.9105409979820251, -0.045035190880298615, -0.5155547261238098, -0.1913781762123108, -0.8352111577987671, 0.7518752813339233, 0.36645522713661194, -0.5480822324752808], "cam_t_m2c": [68.52068328857422, -23.650497436523438, 245.51100158691406], "obj_id": 2}, {"cam_R_m2c": [0.13766424357891083, 0.3693177402019501, 0.9190499782562256, 0.07845409214496613, 0.9209033250808716, -0.3818140923976898, -0.9873669147491455, 0.12466537207365036, 0.09780097752809525], "cam_t_m2c": [-20.421072006225586, -14.322686195373535, 185.7677459716797], "obj_id": 3}, {"cam_R_m2c": [-0.41148841381073, 0.6728482246398926, -0.6147785186767578, -0.01374516636133194, 0.669873833656311, 0.7423477172851562, 0.9113113284111023, 0.31391769647598267, -0.2663969099521637], "cam_t_m2c": [147.7294921875, 3.853783130645752, 148.39871215820312], "obj_id": 3}, {"cam_R_m2c": [-0.8585150241851807, 0.2008422613143921, 0.4718203544616699, 0.38812556862831116, -0.3468203842639923, 0.8538584113121033, 0.3351277709007263, 0.9161757826805115, 0.21979843080043793], "cam_t_m2c": [136.5271759033203, -99.89476776123047, 294.6300048828125], "obj_id": 3}, {"cam_R_m2c": [-0.24708782136440277, -0.8687618970870972, -0.4291857182979584, 0.36952242255210876, 0.32496923208236694, -0.8705447316169739, 0.8957682251930237, -0.3736947774887085, 0.24073107540607452], "cam_t_m2c": [286.0826721191406, 6570.4296875, 4525.2822265625], "obj_id": 0}, {"cam_R_m2c": [-0.5030950307846069, 0.13144415616989136, -0.8541765809059143, -0.23608392477035522, 0.9298712015151978, 0.28214165568351746, 0.8313600420951843, 0.3436014652252197, -0.43678170442581177], "cam_t_m2c": [251.15122985839844, 6626.126953125, 4881.74951171875], "obj_id": 2}, {"cam_R_m2c": [-0.362082302570343, 0.9086071252822876, -0.2081574648618698, -0.3987652063369751, -0.3528292775154114, -0.8464619517326355, -0.8425453901290894, -0.2234829217195511, 0.490074098110199], "cam_t_m2c": [-86.93061065673828, -51.2055549621582, 233.38243103027344], "obj_id": 1}, {"cam_R_m2c": [0.02762371487915516, -0.527820885181427, -0.8489062786102295, -0.7665748000144958, 0.5338553190231323, -0.35687750577926636, 0.6415604948997498, 0.6606084704399109, -0.3898671269416809], "cam_t_m2c": [547.8529052734375, 6657.42333984375, 4577.39453125], "obj_id": 0}, {"cam_R_m2c": [0.4054102599620819, 0.8879731893539429, 0.21713165938854218, -0.7866143584251404, 0.21786457300186157, 0.5777308344841003, 0.46570414304733276, -0.4050168991088867, 0.7868170142173767], "cam_t_m2c": [-110.21024322509766, 13.331293106079102, 223.40382385253906], "obj_id": 1}]
}