{
  "0": [{"cam_R_m2c": [-0.6034290790557861, 0.7629216313362122, -0.23199979960918427, 0.2426416277885437, -0.1014719232916832, -0.9647945165634155, -0.7596040964126587, -0.6384779214859009, -0.12388543039560318], "cam_t_m2c": [-441.6080017089844, 4311.35205078125, 2628.756591796875], "obj_id": 0}, {"cam_R_m2c": [-0.9333266615867615, 0.33980903029441833, 0.11589230597019196, 0.24739879369735718, 0.8426330089569092, -0.4782922565937042, -0.2601827085018158, -0.4177313446998596, -0.8705201745033264], "cam_t_m2c": [130.24505615234375, 4374.3115234375, 2921.512451171875], "obj_id": 1}, {"cam_R_m2c": [0.4243641197681427, -0.32524311542510986, 0.845063328742981, 0.010612068697810173, 0.93498694896698, 0.35452336072921753, -0.905429482460022, -0.14147913455963135, 0.4002263844013214], "cam_t_m2c": [-150.7461395263672, 4441.009765625, 2846.601318359375], "obj_id": 3}, {"cam_R_m2c": [0.8578466176986694, 0.29653283953666687, 0.4197230935096741, 0.29062822461128235, 0.39364975690841675, -0.8721095323562622, -0.4238330125808716, 0.870119571685791, 0.25151029229164124], "cam_t_m2c": [-217.53152465820312, 4391.9990234375, 3000.56298828125], "obj_id": 2}, {"cam_R_m2c": [0.5319060683250427, -0.6765828132629395, -0.5092265009880066, 0.27691277861595154, 0.7072639465332031, -0.6504591107368469, 0.8002470135688782, 0.2049717903137207, 0.5635523796081543], "cam_t_m2c": [-154.22885131835938, 6088.49462890625, 3660.546142578125], "obj_id": 1}, {"cam_R_m2c": [-0.03803470358252525, -0.5033066868782043, 0.8632703423500061, 0.06656938046216965, -0.863252580165863, -0.5003633499145508, 0.9970566034317017, 0.038436200469732285, 0.06633837521076202], "cam_t_m2c": [-29.36246109008789, 5744.74072265625, 3714.7880859375], "obj_id": 1}, {"cam_R_m2c": [0.284366637468338, -0.9587156176567078, -3.400111836526776e-08, -0.42837396264076233, -0.12706084549427032, -0.8946235179901123, 0.8576895594596863, 0.2544010877609253, -0.4468206465244293], "cam_t_m2c": [-156.8830108642578, 5879.5673828125, 3668.38427734375], "obj_id": 0}, {"cam_R_m2c": [0.28436657786369324, -0.9587156176567078, 6.6246848007267545e-09, -0.42837393283843994, -0.1270608752965927, -0.8946235775947571, 0.857689619064331, 0.2544010579586029, -0.4468206465244293], "cam_t_m2c": [-156.8830108642578, 5879.56640625, 3668.3837890625], "obj_id": 3}, {"cam_R_m2c": [0.7448559999465942, 0.419485479593277, 0.5188655257225037, 0.49943089485168457, -0.8661932349205017, -0.016668207943439484, 0.4424457848072052, 0.2715528905391693, -0.8546932339668274], "cam_t_m2c": [-86.08145141601562, 4448.51416015625, 2831.58837890625], "obj_id": 1}, {"cam_R_m2c": [-0.49568480253219604, 0.16004881262779236, -0.8536280393600464, 0.483245313167572, 0.8675016760826111, -0.11796093732118607, 0.7216442227363586, -0.47098320722579956, -0.5073502659797668], "cam_t_m2c": [-177.08229064941406, 4423.388671875, 2881.894287109375], "obj_id": 0}, {"cam_R_m2c": [-0.0950557217001915, -0.6711229085922241, 0.7352266311645508, -0.5807590484619141, 0.6372427940368652, 0.5065969824790955, -0.8085066676139832, -0.3788345456123352, -0.45033425092697144], "cam_t_m2c": [-100.51119232177734, 2990.57080078125, 2160.5302734375], "obj_id": 1}, {"cam_R_m2c": [-0.5565944910049438, -0.804357647895813, 0.20787303149700165, -0.607692301273346, 0.5647948980331421, 0.5583159923553467, -0.5664913654327393, 0.18443281948566437, -0.8031637072563171], "cam_t_m2c": [-126.61756896972656, 2978.689208984375, 2184.31982421875], "obj_id": 2}, {"cam_R_m2c": [0.14533044397830963, -0.5358636379241943, -0.8317025303840637, 0.5144399404525757, 0.7589834928512573, -0.39911848306655884, 0.8451215624809265, -0.36985698342323303, 0.38597309589385986], "cam_t_m2c": [-176.33401489257812, 3005.696533203125, 2130.245849609375], "obj_id": 3}, {"cam_R_m2c": [0.98196941614151, 0.18691523373126984, -0.028262609615921974, 0.019291924312710762, 0.04963972419500351, 0.9985808730125427, 0.1880529224872589, -0.9811211228370667, 0.04513873532414436], "cam_t_m2c": [-82.76449584960938, 3005.339599609375, 2130.959716796875], "obj_id": 0}, {"cam_R_m2c": [0.18646426498889923, 0.11452243477106094, -0.9757641553878784, -0.9622821807861328, 0.2215520292520523, -0.15788504481315613, 0.19810114800930023, 0.9684003591537476, 0.1515144407749176], "cam_t_m2c": [-192.46389770507812, 3005.149169921875, 2131.34228515625], "obj_id": 3}, {"cam_R_m2c": [-0.29659807682037354, -0.29455843567848206, 0.908440887928009, 0.9009178876876831, 0.2292749136686325, 0.36848339438438416, -0.3168225884437561, 0.9277220964431763, 0.19737045466899872], "cam_t_m2c": [-177.3966827392578, 4504.171875, 2800.949462890625], "obj_id": 3}, {"cam_R_m2c": [-0.399931937456131, 0.3507175147533417, -0.8467890024185181, 0.4679010808467865, 0.8725568056106567, 0.14040374755859375, 0.788113534450531, -0.3400615453720093, -0.513064444065094], "cam_t_m2c": [-164.40159606933594, 2963.1376953125, 2215.457275390625], "obj_id": 2}, {"cam_R_m2c": [-0.9332792162895203, 0.339863657951355, 0.11611355096101761, 0.24733521044254303, 0.8426192998886108, -0.4783492386341095, -0.2604130506515503, -0.41771450638771057, -0.8704593181610107], "cam_t_m2c": [-107.9294662475586, 4435.34912109375, 2850.858154296875], "obj_id": 1}, {"cam_R_m2c": [0.27335140109062195, 0.5458855032920837, 0.7920150756835938, -0.9558879733085632, 0.06213412433862686, 0.2870843708515167, 0.10750409960746765, -0.8355526328086853, 0.5387899279594421], "cam_t_m2c": [129.01849365234375, 4967.36181640625, 3000.12060546875], "obj_id": 0}, {"cam_R_m2c": [-0.5639561414718628, 0.7081896066665649, -0.4247594475746155, 0.2997472286224365, -0.30373021960258484, -0.904377818107605, -0.7694833874702454, -0.6373500823974609, -0.040987107902765274], "cam_t_m2c": [-270.8645935058594, 4468.02001953125, 2818.488525390625], "obj_id": 0}, {"cam_R_m2c": [-0.17816753685474396, -0.4680718183517456, -0.8655431866645813, 0.4470207691192627, 0.7451089024543762, -0.4949597716331482, 0.8766006231307983, -0.4751015603542328, 0.07648362964391708], "cam_t_m2c": [-121.3259506225586, 1554.220458984375, 1446.240966796875], "obj_id": 3}, {"cam_R_m2c": [-0.7390084266662598, 0.5568003058433533, 0.3792623281478882, -0.6731608510017395, -0.6327317357063293, -0.3827596604824066, 0.026850629597902298, -0.5381671786308289, 0.8424103260040283], "cam_t_m2c": [-193.1261444091797, 1571.1099853515625, 1412.4248046875], "obj_id": 2}, {"cam_R_m2c": [0.7691857814788818, -0.5751547813415527, -0.2784784138202667, -0.26224595308303833, 0.11328759789466858, -0.958328127861023, 0.5827351808547974, 0.8101621866226196, -0.06369280070066452], "cam_t_m2c": [-114.5541000366211, 1536.483642578125, 1481.7535400390625], "obj_id": 3}, {"cam_R_m2c": [-0.05712354928255081, -0.7800867557525635, 0.6230581402778625, 0.890073299407959, -0.3224768042564392, -0.32214605808258057, 0.4522237479686737, 0.5361652970314026, 0.712755560874939], "cam_t_m2c": [-91.28849029541016, 1573.3746337890625, 1407.890380859375], "obj_id": 1}, {"cam_R_m2c": [0.35665762424468994, -0.7865583896636963, 0.5041043758392334, -0.16613323986530304, -0.5843883752822876, -0.794285774230957, 0.9193449020385742, 0.19953954219818115, -0.33910003304481506], "cam_t_m2c": [-166.4515838623047, 1532.435791015625, 1489.858154296875], "obj_id": 3}, {"cam_R_m2c": [-0.12412460148334503, 0.10006498545408249, 0.9872080683708191, -0.7877228260040283, -0.6149346828460693, -0.03671204671263695, 0.6033950448036194, -0.7822033166885376, 0.15515221655368805], "cam_t_m2c": [-60.17471694946289, 1540.8109130859375, 1473.0894775390625], "obj_id": 2}, {"cam_R_m2c": [0.6076328754425049, 0.6956422924995422, 0.38322851061820984, 0.007089314982295036, 0.4777531921863556, -0.878465473651886, -0.7941864132881165, 0.5365012884140015, 0.2853669226169586], "cam_t_m2c": [-194.91094970703125, 4400.8232421875, 3003.564453125], "obj_id": 2}, {"cam_R_m2c": [-0.933296263217926, 0.33983951807022095, 0.11604821681976318, 0.24734003841876984, 0.8426146507263184, -0.47835490107536316, -0.260347843170166, -0.4177434742450714, -0.8704650402069092], "cam_t_m2c": [-3.605029821395874, 4454.76025390625, 2974.89892578125], "obj_id": 1}, {"cam_R_m2c": [0.5860168933868408, 0.7128787040710449, 0.385211706161499, -0.0011055064387619495, 0.47609764337539673, -0.8793916702270508, -0.8102980256080627, 0.514912486076355, 0.27978935837745667], "cam_t_m2c": [-159.23753356933594, 4393.5625, 2932.00390625], "obj_id": 2}, {"cam_R_m2c": [0.7737806439399719, 0.5000399351119995, 0.38887476921081543, 0.14336033165454865, 0.4597318470478058, -0.8764099478721619, -0.6170181035995483, 0.7338982820510864, 0.2840456962585449], "cam_t_m2c": [-120.19223022460938, 4393.673828125, 2876.276611328125], "obj_id": 2}, {"cam_R_m2c": [0.5912683010101318, -0.03653889149427414, 0.8056467175483704, 0.7780067920684814, 0.2889215648174286, -0.5578795671463013, -0.21238437294960022, 0.9566551446914673, 0.19925770163536072], "cam_t_m2c": [-121.60688781738281, 117.0041275024414, 733.6852416992188], "obj_id": 3}, {"cam_R_m2c": [-0.1113165020942688, -0.9218473434448242, 0.37122222781181335, 0.6728665828704834, -0.34480997920036316, -0.6544894576072693, 0.7313405871391296, 0.17692750692367554, 0.6586635112762451], "cam_t_m2c": [-179.09703063964844, 126.00715637207031, 715.6593627929688], "obj_id": 1}, {"cam_R_m2c": [0.2887449562549591, -0.20769058167934418, -0.9346073865890503, 0.9570981860160828, 0.0873718410730362, 0.27627742290496826, 0.02427811734378338, -0.9742847084999084, 0.2240084707736969], "cam_t_m2c": [-153.30116271972656, 90.59403991699219, 786.5635375976562], "obj_id": 2}, {"cam_R_m2c": [0.8773288726806641, 0.08502861112356186, 0.47229671478271484, 0.47828230261802673, -0.2354108989238739, -0.8460660576820374, 0.03924395516514778, 0.9681693911552429, -0.24720047414302826], "cam_t_m2c": [-115.96832275390625, 139.99911499023438, 687.6447143554688], "obj_id": 3}, {"cam_R_m2c": [-0.8614538311958313, -0.47834962606430054, -0.17052572965621948, -0.37611597776412964, 0.8265921473503113, -0.41866713762283325, 0.3412244915962219, -0.29652494192123413, -0.8919859528541565], "cam_t_m2c": [-94.1214828491211, 145.52069091796875, 676.5894165039062], "obj_id": 0}, {"cam_R_m2c": [0.23458848893642426, 0.8935721516609192, 0.38274919986724854, -0.19888950884342194, 0.4295269548892975, -0.8808799386024475, -0.951530933380127, 0.13051943480968475, 0.2784842550754547], "cam_t_m2c": [-236.34027099609375, 4390.703125, 3026.81787109375], "obj_id": 2}, {"cam_R_m2c": [-0.3371685743331909, -0.2169514149427414, -0.9161055088043213, 0.6509259343147278, -0.7567376494407654, -0.0603603832423687, -0.6801563501358032, -0.6166684627532959, 0.396367609500885], "cam_t_m2c": [-139.7635955810547, 99.3390884399414, 769.05419921875], "obj_id": 0}, {"cam_R_m2c": [-0.007062045857310295, -0.5519461035728455, -0.8338497877120972, 0.8923587203025818, 0.37283292412757874, -0.2543450891971588, 0.4512714147567749, -0.74588942527771, 0.48990103602409363], "cam_t_m2c": [-180.7091064453125, 135.88690185546875, 695.8782348632812], "obj_id": 3}, {"cam_R_m2c": [-0.044571083039045334, 0.9227808713912964, 0.3827383816242218, -0.31777888536453247, 0.35012349486351013, -0.8811526894569397, -0.9471166133880615, -0.16090019047260284, 0.27763497829437256], "cam_t_m2c": [-242.41244506835938, 4409.2255859375, 3093.96484375], "obj_id": 2}, {"cam_R_m2c": [0.4263579547405243, 0.5419371724128723, 0.7242395877838135, -0.9038483500480652, 0.2236098051071167, 0.36476942896842957, 0.03573507070541382, -0.8101251125335693, 0.585166871547699], "cam_t_m2c": [-122.0771484375, 4401.09765625, 2852.267333984375], "obj_id": 3}],
  "1": [{"cam_R_m2c": [-0.9839512705802917, -0.07516858726739883, 0.1618308126926422, -0.1668163239955902, 0.06557554006576538, -0.9838048815727234, 0.06333909928798676, -0.9950122237205505, -0.07706233114004135], "cam_t_m2c": [-460.28302001953125, 4102.1025390625, 3012.205810546875], "obj_id": 0}, {"cam_R_m2c": [-0.7631332278251648, -0.4806896448135376, -0.43193167448043823, -0.18429146707057953, 0.802497148513794, -0.5674812197685242, 0.6194062829017639, -0.35346248745918274, -0.7009992599487305], "cam_t_m2c": [27.597013473510742, 4436.10888671875, 2753.1708984375], "obj_id": 1}, {"cam_R_m2c": [-0.4944469630718231, -0.6340224742889404, 0.5945904850959778, -0.01679670624434948, 0.6909018754959106, 0.7227534055709839, -0.8690455555915833, 0.3473760187625885, -0.352263867855072], "cam_t_m2c": [-196.4884796142578, 4374.31005859375, 2940.20849609375], "obj_id": 3}, {"cam_R_m2c": [-0.013230569660663605, 0.6701385974884033, 0.7421180009841919, 0.49960780143737793, 0.6473290324211121, -0.5756363272666931, -0.8661506772041321, 0.3631519675254822, -0.34337103366851807], "cam_t_m2c": [-91.44959259033203, 4336.62158203125, 3074.79296875], "obj_id": 2}, {"cam_R_m2c": [0.7785854935646057, -0.45247897505760193, 0.4348188042640686, 0.6167741417884827, 0.42397254705429077, -0.6632020473480225, 0.11573374271392822, 0.7845445275306702, 0.6091761589050293], "cam_t_m2c": [-205.12136840820312, 6027.349609375, 3742.775390625], "obj_id": 1}, {"cam_R_m2c": [0.7283234596252441, 0.11302375048398972, 0.6758480668067932, 0.25175216794013977, -0.9614613652229309, -0.11051155626773834, 0.6373113989830017, 0.2506343722343445, -0.728708803653717], "cam_t_m2c": [32.34540939331055, 5775.79931640625, 3612.266845703125], "obj_id": 1}, {"cam_R_m2c": [0.9727632403373718, -0.2318008989095688, 4.513188045507377e-08, -0.10134806483983994, -0.42531195282936096, -0.8993542790412903, 0.2084711641073227, 0.8748587965965271, -0.43722039461135864], "cam_t_m2c": [-119.4599380493164, 5839.50341796875, 3709.682373046875], "obj_id": 0}, {"cam_R_m2c": [0.9727632403373718, -0.2318008840084076, 6.821235842835449e-08, -0.10134804993867874, -0.4253121316432953, -0.8993543386459351, 0.2084711641073227, 0.8748588562011719, -0.43722060322761536], "cam_t_m2c": [-119.4599380493164, 5839.501953125, 3709.681884765625], "obj_id": 3}, {"cam_R_m2c": [0.5212210416793823, 0.7552486658096313, -0.3974015414714813, 0.8242214322090149, -0.5662461519241333, 0.004893533885478973, -0.22133134305477142, -0.3300975263118744, -0.9176315069198608], "cam_t_m2c": [-178.77684020996094, 4402.47900390625, 2882.27734375], "obj_id": 1}, {"cam_R_m2c": [0.12512090802192688, -0.621283233165741, -0.7735320925712585, 0.39725643396377563, 0.7458041906356812, -0.534755527973175, 0.9091380834579468, -0.24038150906562805, 0.3401244580745697], "cam_t_m2c": [-175.43753051757812, 4355.7314453125, 2978.43701171875], "obj_id": 0}, {"cam_R_m2c": [-0.4494004547595978, -0.8752985596656799, -0.17858242988586426, -0.7270257472991943, 0.242192342877388, 0.6424767971038818, -0.5191076993942261, 0.4185633957386017, -0.7452059388160706], "cam_t_m2c": [-141.69178771972656, 2943.16552734375, 2215.079833984375], "obj_id": 1}, {"cam_R_m2c": [-0.48156142234802246, -0.47697320580482483, -0.735251784324646, -0.8761824369430542, 0.24279586970806122, 0.41635870933532715, -0.02007584646344185, 0.8447169661521912, -0.5348367094993591], "cam_t_m2c": [-131.6684112548828, 2927.47314453125, 2247.35888671875], "obj_id": 2}, {"cam_R_m2c": [0.5285518765449524, -0.84800785779953, 0.03893057629466057, 0.6938231587409973, 0.40511733293533325, -0.5953900814056396, 0.48912400007247925, 0.34170547127723694, 0.8024930357933044], "cam_t_m2c": [-208.85499572753906, 2921.817138671875, 2258.9931640625], "obj_id": 3}, {"cam_R_m2c": [0.6281954050064087, -0.686700701713562, -0.36580413579940796, 0.42837822437286377, -0.08721686154603958, 0.8993805050849915, -0.6495094895362854, -0.7216892242431641, 0.23937839269638062], "cam_t_m2c": [-161.48597717285156, 2957.099365234375, 2186.41748046875], "obj_id": 0}, {"cam_R_m2c": [0.6192649006843567, 0.7221904397010803, -0.3081427812576294, -0.7564059495925903, 0.4434376060962677, -0.4808461666107178, -0.2106204330921173, 0.530852198600769, 0.8208745121955872], "cam_t_m2c": [-215.83938598632812, 2915.43798828125, 2272.115478515625], "obj_id": 3}, {"cam_R_m2c": [-0.7424934506416321, 0.48358845710754395, 0.46351444721221924, 0.6347770094871521, 0.28698018193244934, 0.7174263000488281, 0.21391963958740234, 0.8269126415252686, -0.5200517177581787], "cam_t_m2c": [-269.6391906738281, 4411.7490234375, 2945.783935546875], "obj_id": 3}, {"cam_R_m2c": [0.23036740720272064, -0.4266141355037689, -0.8746033906936646, 0.43344029784202576, 0.8496795296669006, -0.30029013752937317, 0.8712406158447266, -0.3099113404750824, 0.38065025210380554], "cam_t_m2c": [-120.35202026367188, 2905.564208984375, 2292.4248046875], "obj_id": 2}, {"cam_R_m2c": [-0.7632637023925781, -0.48064398765563965, -0.43175217509269714, -0.1843784898519516, 0.802509069442749, -0.5674360990524292, 0.6192197799682617, -0.35349756479263306, -0.7011464834213257], "cam_t_m2c": [-169.6365203857422, 4386.30908203125, 2908.295654296875], "obj_id": 1}, {"cam_R_m2c": [0.589887261390686, -0.39959824085235596, 0.7016795873641968, -0.7364426255226135, 0.09017173200845718, 0.670463502407074, -0.3311876952648163, -0.9122446179389954, -0.24109001457691193], "cam_t_m2c": [-141.726318359375, 4986.8486328125, 2914.11962890625], "obj_id": 0}, {"cam_R_m2c": [-0.9940348267555237, -0.023272007703781128, 0.10655155032873154, -0.10238969326019287, -0.1373763084411621, -0.9852127432823181, 0.03756553679704666, -0.990245521068573, 0.13417401909828186], "cam_t_m2c": [-288.66705322265625, 4347.34619140625, 3022.2109375], "obj_id": 0}, {"cam_R_m2c": [0.41769009828567505, -0.8904188871383667, -0.18080121278762817, 0.5169318318367004, 0.39653387665748596, -0.7586450576782227, 0.7472057342529297, 0.22341661155223846, 0.6259141564369202], "cam_t_m2c": [-149.6737518310547, 1491.97265625, 1531.178955078125], "obj_id": 3}, {"cam_R_m2c": [-0.08715330064296722, 0.10551641881465912, 0.9905909299850464, -0.8817014694213867, -0.47101107239723206, -0.027401678264141083, 0.46368807554244995, -0.8757936954498291, 0.1340842843055725], "cam_t_m2c": [-218.25177001953125, 1473.0096435546875, 1570.1856689453125], "obj_id": 2}, {"cam_R_m2c": [0.9370946884155273, 0.29737773537635803, 0.18281157314777374, 0.1753799468278885, 0.051725395023822784, -0.9831410050392151, -0.3018202483654022, 0.9533576965332031, -0.0036824969574809074], "cam_t_m2c": [-111.89208221435547, 1485.880859375, 1543.709716796875], "obj_id": 3}, {"cam_R_m2c": [-0.022544579580426216, 0.15145243704319, 0.9882073402404785, 0.8747207522392273, -0.4756486117839813, 0.09285341948270798, 0.48410242795944214, 0.8664988875389099, -0.1217551976442337], "cam_t_m2c": [-171.84255981445312, 1512.7047119140625, 1488.533447265625], "obj_id": 1}, {"cam_R_m2c": [0.9550771117210388, -0.011355375871062279, 0.2961396872997284, 0.17534244060516357, -0.7839444875717163, -0.5955551862716675, 0.23891985416412354, 0.620727002620697, -0.7467363476753235], "cam_t_m2c": [-129.92974853515625, 1464.2392578125, 1588.22607421875], "obj_id": 3}, {"cam_R_m2c": [0.7109763026237488, -0.3184346854686737, 0.6269864439964294, -0.6328547596931458, -0.6784781813621521, 0.37304428219795227, 0.3066064119338989, -0.6620169878005981, -0.6839048266410828], "cam_t_m2c": [-93.1583023071289, 1508.5992431640625, 1496.978271484375], "obj_id": 2}, {"cam_R_m2c": [-0.3154055178165436, 0.5779921412467957, 0.752625048160553, 0.07246897369623184, 0.8054622411727905, -0.5881996154785156, -0.946185827255249, -0.13097943365573883, -0.2959337532520294], "cam_t_m2c": [-81.25489807128906, 4353.77294921875, 3060.634521484375], "obj_id": 2}, {"cam_R_m2c": [-0.7632234692573547, -0.4806767404079437, -0.4317869246006012, -0.1843671053647995, 0.8024897575378418, -0.5674671530723572, 0.6192728281021118, -0.3534969091415405, -0.7010999917984009], "cam_t_m2c": [-28.934907913208008, 4468.99267578125, 2904.698974609375], "obj_id": 1}, {"cam_R_m2c": [-0.3355073928833008, 0.5704926252365112, 0.7496485114097595, 0.053555186837911606, 0.806037425994873, -0.5894365906715393, -0.9405140280723572, -0.15761275589466095, -0.30098435282707214], "cam_t_m2c": [-116.13252258300781, 4345.9482421875, 2988.741943359375], "obj_id": 2}, {"cam_R_m2c": [-0.14792472124099731, 0.6404476165771484, 0.7536212801933289, 0.29497477412223816, 0.7558929920196533, -0.5844789743423462, -0.9439852237701416, 0.13584034144878387, -0.3007311522960663], "cam_t_m2c": [-139.90635681152344, 4349.32421875, 2925.0751953125], "obj_id": 2}, {"cam_R_m2c": [-0.17100445926189423, 0.6116374731063843, 0.7724357843399048, 0.8819385170936584, 0.44453731179237366, -0.15675115585327148, -0.4392513930797577, 0.6544357538223267, -0.6154444813728333], "cam_t_m2c": [-145.7329864501953, 48.13793182373047, 832.1421508789062], "obj_id": 3}, {"cam_R_m2c": [0.25095075368881226, -0.18915458023548126, 0.9493387937545776, 0.7159567475318909, -0.6237753629684448, -0.313544362783432, 0.6514825820922852, 0.7583697438240051, -0.021110324189066887], "cam_t_m2c": [-191.87503051757812, 30.747690200805664, 867.91357421875], "obj_id": 1}, {"cam_R_m2c": [-0.20777422189712524, -0.8928619623184204, -0.39953383803367615, 0.9777737855911255, -0.20129704475402832, -0.05863263085484505, -0.028074149042367935, -0.4028360843658447, 0.9148414731025696], "cam_t_m2c": [-110.31675720214844, 23.236238479614258, 883.364501953125], "obj_id": 2}, {"cam_R_m2c": [0.2828691303730011, 0.8842589259147644, 0.37157943844795227, 0.7719911336898804, 0.02001519687473774, -0.6353181004524231, -0.5692229270935059, 0.4665679335594177, -0.6769784092903137], "cam_t_m2c": [-187.52301025390625, 61.49921798706055, 804.6582641601562], "obj_id": 3}, {"cam_R_m2c": [-0.019514620304107666, -0.7886399030685425, -0.6145455837249756, -0.5951651334762573, 0.5030564665794373, -0.6266679167747498, 0.803366482257843, 0.3535269498825073, -0.4791879653930664], "cam_t_m2c": [-187.33470153808594, 72.47297668457031, 782.08544921875], "obj_id": 0}, {"cam_R_m2c": [-0.5437319874763489, 0.3806242346763611, 0.7479843497276306, -0.28721797466278076, 0.7530359029769897, -0.5919820666313171, -0.7885817885398865, -0.5367141366004944, -0.3001275658607483], "cam_t_m2c": [-79.97348022460938, 4333.75244140625, 3104.873291015625], "obj_id": 2}, {"cam_R_m2c": [-0.9476357698440552, -0.293316513299942, -0.12629981338977814, 0.3187907934188843, -0.8922978043556213, -0.31965121626853943, -0.018938079476356506, -0.3431761860847473, 0.9390801191329956], "cam_t_m2c": [-120.52607727050781, 32.63483810424805, 864.0317993164062], "obj_id": 0}, {"cam_R_m2c": [0.00080504035577178, -0.9980523586273193, 0.06237693876028061, 0.8955554366111755, -0.02703503519296646, -0.4441278874874115, 0.4449492394924164, 0.05621955171227455, 0.8937894105911255], "cam_t_m2c": [-211.8427276611328, 34.95945739746094, 859.2500610351562], "obj_id": 3}, {"cam_R_m2c": [-0.6335285305976868, 0.19998955726623535, 0.7474260926246643, -0.49933117628097534, 0.6322352886199951, -0.592407763004303, -0.5910245180130005, -0.7485203742980957, -0.3006780445575714], "cam_t_m2c": [-38.11245346069336, 4362.04052734375, 3153.20654296875], "obj_id": 2}, {"cam_R_m2c": [0.5904157161712646, -0.4443843960762024, 0.6737446188926697, -0.6463579535484314, 0.23958967626094818, 0.7244433760643005, -0.48335355520248413, -0.8632029294967651, -0.14577387273311615], "cam_t_m2c": [-162.33761596679688, 4350.34326171875, 2913.6328125], "obj_id": 3}]
}