{
  "0": [{"cam_R_m2c": [0.6218205690383911, 0.5703123211860657, 0.5367336869239807, 0.7684112787246704, -0.5766727328300476, -0.2774752378463745, 0.15127214789390564, 0.5849720239639282, -0.7968214154243469], "cam_t_m2c": [382.4765319824219, 86.1004638671875, 693.1968994140625], "obj_id": 0}, {"cam_R_m2c": [0.20673418045043945, -0.39322033524513245, 0.895901083946228, -0.8934596180915833, -0.44905179738998413, 0.009077299386262894, 0.3987365961074829, -0.8023280501365662, -0.4441608488559723], "cam_t_m2c": [142.86305236816406, -73.94542694091797, 774.2984008789062], "obj_id": 3}, {"cam_R_m2c": [0.14217692613601685, -0.010571149177849293, -0.989784836769104, -0.6363128423690796, 0.7649779319763184, -0.09957288950681686, 0.7582162022590637, 0.6439697742462158, 0.10203564167022705], "cam_t_m2c": [12.734343528747559, 84.84321594238281, 582.6326904296875], "obj_id": 0}, {"cam_R_m2c": [-0.9220446348190308, 0.3469223380088806, 0.17169302701950073, 0.37929025292396545, 0.7211851477622986, 0.5796817541122437, 0.07728209346532822, 0.5996139645576477, -0.7965491414070129], "cam_t_m2c": [107.44428253173828, -82.6889877319336, 719.3215942382812], "obj_id": 0}],
  "1": [{"cam_R_m2c": [0.14551551640033722, 0.9623896479606628, 0.2294151484966278, 0.9879063963890076, -0.1538894921541214, 0.018943924456834793, 0.053536027669906616, 0.22388407588005066, -0.9731442332267761], "cam_t_m2c": [126.61680603027344, 264.2052307128906, 605.0416870117188], "obj_id": 0}, {"cam_R_m2c": [0.7708231806755066, -0.39491337537765503, 0.4998749792575836, -0.624204695224762, -0.6249808669090271, 0.46879342198371887, 0.12727953493595123, -0.6733811497688293, -0.7282565236091614], "cam_t_m2c": [57.556522369384766, 4.249796390533447, 736.3894653320312], "obj_id": 3}, {"cam_R_m2c": [0.7358466386795044, -0.13677839934825897, -0.6631903052330017, -0.42624473571777344, 0.667446494102478, -0.6105985045433044, 0.526160717010498, 0.731988251209259, 0.43283721804618835], "cam_t_m2c": [-199.23495483398438, 59.87937927246094, 637.2236328125], "obj_id": 0}, {"cam_R_m2c": [-0.8641951084136963, 0.14016029238700867, -0.4832410216331482, -0.17184646427631378, 0.8204481601715088, 0.5452830195426941, 0.47290125489234924, 0.5542742013931274, -0.6849412322044373], "cam_t_m2c": [12.969024658203125, -24.428281784057617, 697.5774536132812], "obj_id": 0}]
}