{
  "0": [{"cam_R_m2c": [0.3473307192325592, 0.9251233339309692, -0.15332373976707458, -0.4572741985321045, 0.309836745262146, 0.8336074948310852, 0.818695068359375, -0.2194264829158783, 0.5306508541107178], "cam_t_m2c": [-112.72630310058594, 94.95083618164062, 227.22874450683594], "obj_id": 3}, {"cam_R_m2c": [0.4124034345149994, -0.6862128376960754, 0.5991955399513245, 0.8209867477416992, -0.005125890485942364, -0.5709241628646851, 0.39484694600105286, 0.7273826599121094, 0.5612577795982361], "cam_t_m2c": [40.19760513305664, -81.29629516601562, 461.6940002441406], "obj_id": 0}, {"cam_R_m2c": [0.7410959601402283, -0.004026040900498629, -0.6713870763778687, -0.6516050100326538, -0.24533674120903015, -0.7177888751029968, -0.16182604432106018, 0.969429612159729, -0.184441477060318], "cam_t_m2c": [4.679045677185059, -71.54279327392578, 394.7608337402344], "obj_id": 1}, {"cam_R_m2c": [-0.27452415227890015, 0.9413766860961914, -0.19607752561569214, -0.9478470087051392, -0.2992573082447052, -0.10968603193759918, -0.1619335114955902, 0.15574003756046295, 0.974434494972229], "cam_t_m2c": [-60.41508865356445, 34.79413604736328, 594.6544799804688], "obj_id": 0}, {"cam_R_m2c": [0.5195665955543518, -0.7287235260009766, -0.4461081326007843, 0.8361693620681763, 0.5410214066505432, 0.09009168297052383, 0.17570210993289948, -0.4198306202888489, 0.8904330730438232], "cam_t_m2c": [57.80445098876953, -29.719120025634766, 518.4701538085938], "obj_id": 2}, {"cam_R_m2c": [0.5442686676979065, -0.16581660509109497, 0.8223602771759033, 0.7162269353866577, -0.4185519218444824, -0.5584203600883484, 0.4367958605289459, 0.8929272890090942, -0.10904237627983093], "cam_t_m2c": [120.54296875, -78.52232360839844, 227.1153106689453], "obj_id": 0}, {"cam_R_m2c": [-0.2617451548576355, -0.8214020729064941, 0.5067424774169922, -0.046395402401685715, 0.5351488590240479, 0.8434827327728271, -0.9640211462974548, 0.1972670704126358, -0.17818187177181244], "cam_t_m2c": [-39.31171417236328, 89.22772979736328, 340.890625], "obj_id": 1}, {"cam_R_m2c": [-0.20656856894493103, -0.543171763420105, 0.8138142824172974, -0.10187108814716339, -0.8152931928634644, -0.570016622543335, 0.9731143116950989, -0.20065173506736755, 0.11308065056800842], "cam_t_m2c": [-148.12522888183594, 104.9537582397461, 467.7325439453125], "obj_id": 3}, {"cam_R_m2c": [-0.013528280891478062, -0.7926760911941528, -0.6094928979873657, -0.6620513200759888, 0.4638996720314026, -0.5886298418045044, 0.7493363618850708, 0.3955524265766144, -0.5310680270195007], "cam_t_m2c": [-106.66658020019531, -4.7812418937683105, 433.8377990722656], "obj_id": 1}, {"cam_R_m2c": [0.7523475289344788, 0.6275445818901062, 0.20040202140808105, 0.6200209259986877, -0.7773275971412659, 0.10646896064281464, 0.2225920706987381, 0.04415179044008255, -0.9739112854003906], "cam_t_m2c": [-100.81085968017578, 151.24827575683594, 221.58059692382812], "obj_id": 2}, {"cam_R_m2c": [0.5683238506317139, -0.06610199809074402, 0.8201454281806946, 0.7970935106277466, -0.2030007243156433, -0.5687112808227539, 0.20408309996128082, 0.9769448041915894, -0.06268065422773361], "cam_t_m2c": [-13.66748332977295, 69.59217071533203, 339.9525146484375], "obj_id": 2}, {"cam_R_m2c": [-0.5790627002716064, 0.06503352522850037, -0.8126851320266724, -0.805085301399231, 0.11155498772859573, 0.5825745463371277, 0.12854596972465515, 0.9916280508041382, -0.012239806354045868], "cam_t_m2c": [19.961591720581055, 60.708038330078125, 269.6116943359375], "obj_id": 0}, {"cam_R_m2c": [0.8829731941223145, -0.39771509170532227, 0.24936124682426453, -0.029432954266667366, 0.4832567870616913, 0.8749837875366211, -0.4684997498989105, -0.7799267172813416, 0.414996862411499], "cam_t_m2c": [-49.998626708984375, 102.96055603027344, 399.4783630371094], "obj_id": 1}, {"cam_R_m2c": [0.752615213394165, 0.6564056277275085, -0.05198121443390846, 0.6415565013885498, -0.7132325172424316, 0.28232020139694214, 0.14824187755584717, -0.24582736194133759, -0.9579108953475952], "cam_t_m2c": [135.25637817382812, -97.88033294677734, 261.7488098144531], "obj_id": 0}, {"cam_R_m2c": [0.5572428703308105, -0.8303332328796387, 0.005206493195146322, 0.8043810725212097, 0.538249135017395, -0.2515132427215576, 0.20603741705417633, 0.14434194564819336, 0.9678398370742798], "cam_t_m2c": [-90.03265380859375, -20.393632888793945, 902.1082763671875], "obj_id": 2}, {"cam_R_m2c": [0.35555559396743774, -0.9105574488639832, -0.21086780726909637, 0.9190062284469604, 0.3817005157470703, -0.09865149855613708, 0.1703162044286728, -0.15871275961399078, 0.9725238680839539], "cam_t_m2c": [-264.2290954589844, 216.16111755371094, 147.66162109375], "obj_id": 0}, {"cam_R_m2c": [0.21930916607379913, 0.7143697142601013, 0.6645143628120422, -0.38580718636512756, -0.5620846748352051, 0.7315828800201416, 0.8961340188980103, -0.41681721806526184, 0.15233874320983887], "cam_t_m2c": [-22.965932846069336, -5.21381139755249, 416.2726135253906], "obj_id": 3}, {"cam_R_m2c": [0.6649884581565857, -0.2790277898311615, -0.692772626876831, 0.7332682013511658, 0.42004215717315674, 0.534679651260376, 0.14180320501327515, -0.8635439276695251, 0.48392537236213684], "cam_t_m2c": [44.40385437011719, 6.115968227386475, 382.36767578125], "obj_id": 1}, {"cam_R_m2c": [0.29285839200019836, -0.2762086093425751, 0.9153921604156494, -0.4277521073818207, -0.8940688371658325, -0.13292522728443146, 0.8551386594772339, -0.35263264179229736, -0.37998437881469727], "cam_t_m2c": [304.9239196777344, -88.1061782836914, -64.73867797851562], "obj_id": 3}, {"cam_R_m2c": [-0.4088209569454193, -0.8447917699813843, 0.34524235129356384, 0.48880457878112793, 0.11676666140556335, 0.8645435571670532, -0.770672082901001, 0.5221996307373047, 0.3652014434337616], "cam_t_m2c": [-110.37948608398438, 69.93457794189453, 380.53094482421875], "obj_id": 3}, {"cam_R_m2c": [0.5683239102363586, 0.8210210204124451, -0.05415165424346924, 0.7970935106277466, -0.5330470204353333, 0.28373023867607117, 0.20408311486244202, -0.20441460609436035, -0.957373857498169], "cam_t_m2c": [-76.66996765136719, 75.7916259765625, 491.1859436035156], "obj_id": 2}, {"cam_R_m2c": [-0.4810737371444702, 0.3470069169998169, 0.805080235004425, -0.7105717062950134, 0.3835289180278778, -0.5899096727371216, -0.5134742259979248, -0.8558573126792908, 0.062067631632089615], "cam_t_m2c": [-59.99385452270508, 61.238956451416016, 490.1949768066406], "obj_id": 0}, {"cam_R_m2c": [0.8027188181877136, 0.5465281009674072, 0.23864097893238068, 0.5467633605003357, -0.8342379927635193, 0.07139266282320023, 0.23810145258903503, 0.07317191362380981, -0.968480110168457], "cam_t_m2c": [-98.02523803710938, 49.74280548095703, 246.8794708251953], "obj_id": 0}, {"cam_R_m2c": [-0.45764419436454773, 0.8035049438476562, 0.38071176409721375, -0.8756626844406128, -0.33304646611213684, -0.3497067093849182, -0.15419632196426392, -0.49341636896133423, 0.856016218662262], "cam_t_m2c": [10.100544929504395, -29.942819595336914, 533.2631225585938], "obj_id": 2}, {"cam_R_m2c": [-0.5293810963630676, 0.28879275918006897, 0.7977182269096375, -0.7704456448554993, 0.23002956807613373, -0.594558596611023, -0.3552030026912689, -0.9293466210365295, 0.10072583705186844], "cam_t_m2c": [124.63089752197266, -113.54914093017578, 368.2564697265625], "obj_id": 2}, {"cam_R_m2c": [0.5218518376350403, 0.8452754616737366, 0.11480412632226944, 0.8338441252708435, -0.5338574051856995, 0.14035674929618835, 0.17992916703224182, 0.022483330219984055, -0.9834224581718445], "cam_t_m2c": [-24.88215446472168, 135.8289794921875, 25.419116973876953], "obj_id": 2}, {"cam_R_m2c": [0.5683237910270691, 0.6607252955436707, 0.4903571307659149, 0.7970935702323914, -0.5899295210838318, -0.1289384961128235, 0.20408320426940918, 0.46413931250572205, -0.8619308471679688], "cam_t_m2c": [-22.315561294555664, 28.513160705566406, 524.4789428710938], "obj_id": 2}, {"cam_R_m2c": [-0.8080422282218933, 0.10247910767793655, -0.5801427364349365, 0.4939126670360565, 0.6546128988265991, -0.5723043084144592, 0.32111963629722595, -0.7489859461784363, -0.5795705914497375], "cam_t_m2c": [99.04518127441406, -42.99579620361328, 305.6738586425781], "obj_id": 3}, {"cam_R_m2c": [-0.2785302698612213, 0.9298487901687622, -0.24042092263698578, -0.9495543241500854, -0.3041702210903168, -0.07633563876152039, -0.14410947263240814, 0.20703093707561493, 0.9676624536514282], "cam_t_m2c": [163.2403106689453, -68.17268371582031, 373.9868469238281], "obj_id": 0}, {"cam_R_m2c": [0.8382613658905029, 0.08564609289169312, 0.5385003089904785, 0.5366995334625244, -0.30399495363235474, -0.7871090173721313, 0.09628858417272568, 0.9488159418106079, -0.30079343914985657], "cam_t_m2c": [52.11186218261719, -36.7884521484375, 392.7611389160156], "obj_id": 1}, {"cam_R_m2c": [0.8155109286308289, 0.4080633223056793, 0.41039764881134033, -0.5127477645874023, 0.8382877707481384, 0.18537357449531555, -0.26838719844818115, -0.36160463094711304, 0.8928663730621338], "cam_t_m2c": [-175.96185302734375, 49.097896575927734, 582.69775390625], "obj_id": 3}, {"cam_R_m2c": [0.5539749264717102, -0.12751252949237823, -0.822710394859314, 0.8315417170524597, 0.03652901574969292, 0.5542598366737366, -0.040622275322675705, -0.9911640286445618, 0.1262681484222412], "cam_t_m2c": [-150.84080505371094, 55.024688720703125, 461.2574462890625], "obj_id": 0}, {"cam_R_m2c": [0.8368722796440125, 0.11532565206289291, -0.5351119637489319, 0.5144333243370056, 0.16841715574264526, 0.8408293128013611, 0.18709121644496918, -0.9789462089538574, 0.08161628246307373], "cam_t_m2c": [-17.698511123657227, 29.74891471862793, 518.5869750976562], "obj_id": 1}, {"cam_R_m2c": [-0.4140700101852417, -0.7700216174125671, 0.48539942502975464, -0.7218154668807983, 0.6026524305343628, 0.34028294682502747, -0.5545523762702942, -0.2094678282737732, -0.8053537607192993], "cam_t_m2c": [-92.61799621582031, 37.3822135925293, 498.2213439941406], "obj_id": 1}, {"cam_R_m2c": [-0.17447146773338318, 0.9728331565856934, 0.15216825902462006, -0.9843139052391052, -0.16820485889911652, -0.05322682484984398, -0.026185374706983566, -0.15906789898872375, 0.9869202971458435], "cam_t_m2c": [427.8091125488281, -242.40460205078125, 868.8988647460938], "obj_id": 0}, {"cam_R_m2c": [0.8209342956542969, -0.5299628376960754, -0.21261762082576752, -0.5326007008552551, -0.8449128866195679, 0.04958338290452957, -0.2059207409620285, 0.07253560423851013, -0.97587651014328], "cam_t_m2c": [-66.76380157470703, 89.3744125366211, 319.5230407714844], "obj_id": 3}, {"cam_R_m2c": [0.9603990912437439, 0.17444239556789398, 0.21726363897323608, -0.24055714905261993, 0.1256699413061142, 0.962465226650238, 0.14059123396873474, -0.9766150116920471, 0.16265666484832764], "cam_t_m2c": [-75.00582885742188, 137.51651000976562, 334.1513977050781], "obj_id": 1}, {"cam_R_m2c": [0.5998948216438293, 0.10053035616874695, 0.7937378883361816, 0.7057361006736755, -0.5338488817214966, -0.4657701253890991, 0.37691208720207214, 0.8395825624465942, -0.39120107889175415], "cam_t_m2c": [103.79882049560547, -38.84535217285156, 404.6090087890625], "obj_id": 2}, {"cam_R_m2c": [0.5683239698410034, -0.7646681666374207, -0.3037935495376587, 0.797093391418457, 0.6032417416572571, -0.02723049558699131, 0.20408324897289276, -0.2266761064529419, 0.9523486495018005], "cam_t_m2c": [-48.67335891723633, 55.88985061645508, 490.9529113769531], "obj_id": 2}, {"cam_R_m2c": [-0.9857778549194336, -0.16307134926319122, -0.04061533883213997, -0.018656086176633835, -0.13399752974510193, 0.990805983543396, -0.16701443493366241, 0.9774724245071411, 0.12904959917068481], "cam_t_m2c": [-95.48678588867188, 106.7624282836914, 371.67694091796875], "obj_id": 1}, {"cam_R_m2c": [-0.4286233186721802, -0.5410445332527161, 0.7235695123672485, -0.9026481509208679, 0.2908670902252197, -0.31721070408821106, -0.038837455213069916, -0.7890926003456116, -0.6130452752113342], "cam_t_m2c": [21.429954528808594, 35.5093994140625, 132.02532958984375], "obj_id": 0}, {"cam_R_m2c": [-0.8212656378746033, -0.5241899490356445, 0.22527281939983368, -0.5327715873718262, 0.8458612561225891, 0.025946354493498802, -0.20415036380290985, -0.09871009737253189, -0.9739502668380737], "cam_t_m2c": [56.63923263549805, -77.73538970947266, 417.71844482421875], "obj_id": 2}, {"cam_R_m2c": [0.5683239698410034, -0.6974310874938965, 0.43657490611076355, 0.7970930933952332, 0.335067480802536, -0.5023666024208069, 0.2040840983390808, 0.6334978342056274, 0.7463445067405701], "cam_t_m2c": [-97.57746124267578, 64.96985626220703, 591.6735229492188], "obj_id": 2}, {"cam_R_m2c": [0.568324625492096, -0.13852407038211823, 0.811059832572937, 0.7970917820930481, -0.15180759131908417, -0.5844646692276001, 0.20408758521080017, 0.9786548018455505, 0.024140477180480957], "cam_t_m2c": [-30.867258071899414, 61.01289749145508, 421.35430908203125], "obj_id": 2}, {"cam_R_m2c": [-0.3602570593357086, 0.694670557975769, 0.6226134300231934, -0.8094693422317505, 0.09893972426652908, -0.5787661671638489, -0.46365299820899963, -0.7124910950660706, 0.5266708731651306], "cam_t_m2c": [92.65453338623047, -81.69418334960938, 623.3629760742188], "obj_id": 0}, {"cam_R_m2c": [-0.4942935109138489, 0.7992863655090332, 0.3417825400829315, -0.8607513904571533, -0.39503076672554016, -0.32102611660957336, -0.1215771809220314, -0.4528709352016449, 0.8832479119300842], "cam_t_m2c": [-11.399227142333984, -28.40947723388672, 585.5445556640625], "obj_id": 2}, {"cam_R_m2c": [-0.5574294924736023, 0.12728501856327057, 0.8204089403152466, -0.6579629778862, 0.5349164009094238, -0.5300464034080505, -0.506317138671875, -0.8352621793746948, -0.2144293338060379], "cam_t_m2c": [-99.06458282470703, 145.6507110595703, 269.30810546875], "obj_id": 0}, {"cam_R_m2c": [0.5683238506317139, 0.03307288512587547, -0.8221399784088135, 0.7970934510231018, 0.2257031351327896, 0.5600893497467041, 0.20408333837985992, -0.9736345410346985, 0.1019103080034256], "cam_t_m2c": [-144.6648712158203, 141.4146728515625, 424.2303161621094], "obj_id": 2}, {"cam_R_m2c": [0.22170081734657288, -0.5459723472595215, 0.807937502861023, 0.6646150946617126, -0.5216885209083557, -0.5349092483520508, 0.713537335395813, 0.6555572748184204, 0.24720267951488495], "cam_t_m2c": [136.37644958496094, -152.30575561523438, 155.06568908691406], "obj_id": 0}, {"cam_R_m2c": [-0.508726954460144, 0.4158400297164917, -0.753839373588562, -0.8583791851997375, -0.17766930162906647, 0.4812677800655365, 0.0661962702870369, 0.8919140100479126, 0.4473336935043335], "cam_t_m2c": [-30.096229553222656, -25.085466384887695, 466.5989990234375], "obj_id": 2}, {"cam_R_m2c": [-0.3556743264198303, -0.8763511180877686, -0.3248145878314972, -0.7151364684104919, 0.4789429306983948, -0.5091105103492737, 0.6017271876335144, 0.0512092299759388, -0.7970583438873291], "cam_t_m2c": [-155.38497924804688, 41.94807434082031, 421.4601135253906], "obj_id": 1}, {"cam_R_m2c": [-0.8066149353981018, -0.5897733569145203, 0.03923947736620903, -0.5685232877731323, 0.792288601398468, 0.22149492800235748, -0.16172079741954803, 0.15635256469249725, -0.9743717312812805], "cam_t_m2c": [-21.300575256347656, 104.19129943847656, 214.68296813964844], "obj_id": 0}],
  "1": [{"cam_R_m2c": [0.3473307192325592, 0.9251233339309692, -0.15332373976707458, -0.4572741985321045, 0.309836745262146, 0.8336074948310852, 0.818695068359375, -0.2194264829158783, 0.5306508541107178], "cam_t_m2c": [-112.72630310058594, 94.95083618164062, 227.22874450683594], "obj_id": 3}, {"cam_R_m2c": [0.4124034345149994, -0.6862128376960754, 0.5991955399513245, 0.8209867477416992, -0.005125890485942364, -0.5709241628646851, 0.39484694600105286, 0.7273826599121094, 0.5612577795982361], "cam_t_m2c": [40.19760513305664, -81.29629516601562, 461.6940002441406], "obj_id": 0}, {"cam_R_m2c": [0.7410959601402283, -0.004026040900498629, -0.6713870763778687, -0.6516050100326538, -0.24533674120903015, -0.7177888751029968, -0.16182604432106018, 0.969429612159729, -0.184441477060318], "cam_t_m2c": [4.679045677185059, -71.54279327392578, 394.7608337402344], "obj_id": 1}, {"cam_R_m2c": [-0.27452415227890015, 0.9413766860961914, -0.19607752561569214, -0.9478470087051392, -0.2992573082447052, -0.10968603193759918, -0.1619335114955902, 0.15574003756046295, 0.974434494972229], "cam_t_m2c": [-60.41508865356445, 34.79413604736328, 594.6544799804688], "obj_id": 0}, {"cam_R_m2c": [0.5195665955543518, -0.7287235260009766, -0.4461081326007843, 0.8361693620681763, 0.5410214066505432, 0.09009168297052383, 0.17570210993289948, -0.4198306202888489, 0.8904330730438232], "cam_t_m2c": [57.80445098876953, -29.719120025634766, 518.4701538085938], "obj_id": 2}, {"cam_R_m2c": [0.5442686676979065, -0.16581660509109497, 0.8223602771759033, 0.7162269353866577, -0.4185519218444824, -0.5584203600883484, 0.4367958605289459, 0.8929272890090942, -0.10904237627983093], "cam_t_m2c": [120.54296875, -78.52232360839844, 227.1153106689453], "obj_id": 0}, {"cam_R_m2c": [-0.2617451548576355, -0.8214020729064941, 0.5067424774169922, -0.046395402401685715, 0.5351488590240479, 0.8434827327728271, -0.9640211462974548, 0.1972670704126358, -0.17818187177181244], "cam_t_m2c": [-39.31171417236328, 89.22772979736328, 340.890625], "obj_id": 1}, {"cam_R_m2c": [-0.20656856894493103, -0.543171763420105, 0.8138142824172974, -0.10187108814716339, -0.8152931928634644, -0.570016622543335, 0.9731143116950989, -0.20065173506736755, 0.11308065056800842], "cam_t_m2c": [-148.12522888183594, 104.9537582397461, 467.7325439453125], "obj_id": 3}, {"cam_R_m2c": [-0.013528280891478062, -0.7926760911941528, -0.6094928979873657, -0.6620513200759888, 0.4638996720314026, -0.5886298418045044, 0.7493363618850708, 0.3955524265766144, -0.5310680270195007], "cam_t_m2c": [-106.66658020019531, -4.7812418937683105, 433.8377990722656], "obj_id": 1}, {"cam_R_m2c": [0.7523475289344788, 0.6275445818901062, 0.20040202140808105, 0.6200209259986877, -0.7773275971412659, 0.10646896064281464, 0.2225920706987381, 0.04415179044008255, -0.9739112854003906], "cam_t_m2c": [-100.81085968017578, 151.24827575683594, 221.58059692382812], "obj_id": 2}, {"cam_R_m2c": [0.5683238506317139, -0.06610199809074402, 0.8201454281806946, 0.7970935106277466, -0.2030007243156433, -0.5687112808227539, 0.20408309996128082, 0.9769448041915894, -0.06268065422773361], "cam_t_m2c": [-13.66748332977295, 69.59217071533203, 339.9525146484375], "obj_id": 2}, {"cam_R_m2c": [-0.5790627002716064, 0.06503352522850037, -0.8126851320266724, -0.805085301399231, 0.11155498772859573, 0.5825745463371277, 0.12854596972465515, 0.9916280508041382, -0.012239806354045868], "cam_t_m2c": [19.961591720581055, 60.708038330078125, 269.6116943359375], "obj_id": 0}, {"cam_R_m2c": [0.8829731941223145, -0.39771509170532227, 0.24936124682426453, -0.029432954266667366, 0.4832567870616913, 0.8749837875366211, -0.4684997498989105, -0.7799267172813416, 0.414996862411499], "cam_t_m2c": [-49.998626708984375, 102.96055603027344, 399.4783630371094], "obj_id": 1}, {"cam_R_m2c": [0.752615213394165, 0.6564056277275085, -0.05198121443390846, 0.6415565013885498, -0.7132325172424316, 0.28232020139694214, 0.14824187755584717, -0.24582736194133759, -0.9579108953475952], "cam_t_m2c": [135.25637817382812, -97.88033294677734, 261.7488098144531], "obj_id": 0}, {"cam_R_m2c": [0.5572428703308105, -0.8303332328796387, 0.005206493195146322, 0.8043810725212097, 0.538249135017395, -0.2515132427215576, 0.20603741705417633, 0.14434194564819336, 0.9678398370742798], "cam_t_m2c": [-90.03265380859375, -20.393632888793945, 902.1082763671875], "obj_id": 2}, {"cam_R_m2c": [0.35555559396743774, -0.9105574488639832, -0.21086780726909637, 0.9190062284469604, 0.3817005157470703, -0.09865149855613708, 0.1703162044286728, -0.15871275961399078, 0.9725238680839539], "cam_t_m2c": [-264.2290954589844, 216.16111755371094, 147.66162109375], "obj_id": 0}, {"cam_R_m2c": [0.21930916607379913, 0.7143697142601013, 0.6645143628120422, -0.38580718636512756, -0.5620846748352051, 0.7315828800201416, 0.8961340188980103, -0.41681721806526184, 0.15233874320983887], "cam_t_m2c": [-22.965932846069336, -5.21381139755249, 416.2726135253906], "obj_id": 3}, {"cam_R_m2c": [0.6649884581565857, -0.2790277898311615, -0.692772626876831, 0.7332682013511658, 0.42004215717315674, 0.534679651260376, 0.14180320501327515, -0.8635439276695251, 0.48392537236213684], "cam_t_m2c": [44.40385437011719, 6.115968227386475, 382.36767578125], "obj_id": 1}, {"cam_R_m2c": [0.29285839200019836, -0.2762086093425751, 0.9153921604156494, -0.4277521073818207, -0.8940688371658325, -0.13292522728443146, 0.8551386594772339, -0.35263264179229736, -0.37998437881469727], "cam_t_m2c": [304.9239196777344, -88.1061782836914, -64.73867797851562], "obj_id": 3}, {"cam_R_m2c": [-0.4088209569454193, -0.8447917699813843, 0.34524235129356384, 0.48880457878112793, 0.11676666140556335, 0.8645435571670532, -0.770672082901001, 0.5221996307373047, 0.3652014434337616], "cam_t_m2c": [-110.37948608398438, 69.93457794189453, 380.53094482421875], "obj_id": 3}, {"cam_R_m2c": [0.5683239102363586, 0.8210210204124451, -0.05415165424346924, 0.7970935106277466, -0.5330470204353333, 0.28373023867607117, 0.20408311486244202, -0.20441460609436035, -0.957373857498169], "cam_t_m2c": [-76.66996765136719, 75.7916259765625, 491.1859436035156], "obj_id": 2}, {"cam_R_m2c": [-0.4810737371444702, 0.3470069169998169, 0.805080235004425, -0.7105717062950134, 0.3835289180278778, -0.5899096727371216, -0.5134742259979248, -0.8558573126792908, 0.062067631632089615], "cam_t_m2c": [-59.99385452270508, 61.238956451416016, 490.1949768066406], "obj_id": 0}, {"cam_R_m2c": [0.8027188181877136, 0.5465281009674072, 0.23864097893238068, 0.5467633605003357, -0.8342379927635193, 0.07139266282320023, 0.23810145258903503, 0.07317191362380981, -0.968480110168457], "cam_t_m2c": [-98.02523803710938, 49.74280548095703, 246.8794708251953], "obj_id": 0}, {"cam_R_m2c": [-0.45764419436454773, 0.8035049438476562, 0.38071176409721375, -0.8756626844406128, -0.33304646611213684, -0.3497067093849182, -0.15419632196426392, -0.49341636896133423, 0.856016218662262], "cam_t_m2c": [10.100544929504395, -29.942819595336914, 533.2631225585938], "obj_id": 2}, {"cam_R_m2c": [-0.5293810963630676, 0.28879275918006897, 0.7977182269096375, -0.7704456448554993, 0.23002956807613373, -0.594558596611023, -0.3552030026912689, -0.9293466210365295, 0.10072583705186844], "cam_t_m2c": [124.63089752197266, -113.54914093017578, 368.2564697265625], "obj_id": 2}, {"cam_R_m2c": [0.5218518376350403, 0.8452754616737366, 0.11480412632226944, 0.8338441252708435, -0.5338574051856995, 0.14035674929618835, 0.17992916703224182, 0.022483330219984055, -0.9834224581718445], "cam_t_m2c": [-24.88215446472168, 135.8289794921875, 25.419116973876953], "obj_id": 2}, {"cam_R_m2c": [0.5683237910270691, 0.6607252955436707, 0.4903571307659149, 0.7970935702323914, -0.5899295210838318, -0.1289384961128235, 0.20408320426940918, 0.46413931250572205, -0.8619308471679688], "cam_t_m2c": [-22.315561294555664, 28.513160705566406, 524.4789428710938], "obj_id": 2}, {"cam_R_m2c": [-0.8080422282218933, 0.10247910767793655, -0.5801427364349365, 0.4939126670360565, 0.6546128988265991, -0.5723043084144592, 0.32111963629722595, -0.7489859461784363, -0.5795705914497375], "cam_t_m2c": [99.04518127441406, -42.99579620361328, 305.6738586425781], "obj_id": 3}, {"cam_R_m2c": [-0.2785302698612213, 0.9298487901687622, -0.24042092263698578, -0.9495543241500854, -0.3041702210903168, -0.07633563876152039, -0.14410947263240814, 0.20703093707561493, 0.9676624536514282], "cam_t_m2c": [163.2403106689453, -68.17268371582031, 373.9868469238281], "obj_id": 0}, {"cam_R_m2c": [0.8382613658905029, 0.08564609289169312, 0.5385003089904785, 0.5366995334625244, -0.30399495363235474, -0.7871090173721313, 0.09628858417272568, 0.9488159418106079, -0.30079343914985657], "cam_t_m2c": [52.11186218261719, -36.7884521484375, 392.7611389160156], "obj_id": 1}, {"cam_R_m2c": [0.8155109286308289, 0.4080633223056793, 0.41039764881134033, -0.5127477645874023, 0.8382877707481384, 0.18537357449531555, -0.26838719844818115, -0.36160463094711304, 0.8928663730621338], "cam_t_m2c": [-175.96185302734375, 49.097896575927734, 582.69775390625], "obj_id": 3}, {"cam_R_m2c": [0.5539749264717102, -0.12751252949237823, -0.822710394859314, 0.8315417170524597, 0.03652901574969292, 0.5542598366737366, -0.040622275322675705, -0.9911640286445618, 0.1262681484222412], "cam_t_m2c": [-150.84080505371094, 55.024688720703125, 461.2574462890625], "obj_id": 0}, {"cam_R_m2c": [0.8368722796440125, 0.11532565206289291, -0.5351119637489319, 0.5144333243370056, 0.16841715574264526, 0.8408293128013611, 0.18709121644496918, -0.9789462089538574, 0.08161628246307373], "cam_t_m2c": [-17.698511123657227, 29.74891471862793, 518.5869750976562], "obj_id": 1}, {"cam_R_m2c": [-0.4140700101852417, -0.7700216174125671, 0.48539942502975464, -0.7218154668807983, 0.6026524305343628, 0.34028294682502747, -0.5545523762702942, -0.2094678282737732, -0.8053537607192993], "cam_t_m2c": [-92.61799621582031, 37.3822135925293, 498.2213439941406], "obj_id": 1}, {"cam_R_m2c": [-0.17447146773338318, 0.9728331565856934, 0.15216825902462006, -0.9843139052391052, -0.16820485889911652, -0.05322682484984398, -0.026185374706983566, -0.15906789898872375, 0.9869202971458435], "cam_t_m2c": [427.8091125488281, -242.40460205078125, 868.8988647460938], "obj_id": 0}, {"cam_R_m2c": [0.8209342956542969, -0.5299628376960754, -0.21261762082576752, -0.5326007008552551, -0.8449128866195679, 0.04958338290452957, -0.2059207409620285, 0.07253560423851013, -0.97587651014328], "cam_t_m2c": [-66.76380157470703, 89.3744125366211, 319.5230407714844], "obj_id": 3}, {"cam_R_m2c": [0.9603990912437439, 0.17444239556789398, 0.21726363897323608, -0.24055714905261993, 0.1256699413061142, 0.962465226650238, 0.14059123396873474, -0.9766150116920471, 0.16265666484832764], "cam_t_m2c": [-75.00582885742188, 137.51651000976562, 334.1513977050781], "obj_id": 1}, {"cam_R_m2c": [0.5998948216438293, 0.10053035616874695, 0.7937378883361816, 0.7057361006736755, -0.5338488817214966, -0.4657701253890991, 0.37691208720207214, 0.8395825624465942, -0.39120107889175415], "cam_t_m2c": [103.79882049560547, -38.84535217285156, 404.6090087890625], "obj_id": 2}, {"cam_R_m2c": [0.5683239698410034, -0.7646681666374207, -0.3037935495376587, 0.797093391418457, 0.6032417416572571, -0.02723049558699131, 0.20408324897289276, -0.2266761064529419, 0.9523486495018005], "cam_t_m2c": [-48.67335891723633, 55.88985061645508, 490.9529113769531], "obj_id": 2}, {"cam_R_m2c": [-0.9857778549194336, -0.16307134926319122, -0.04061533883213997, -0.018656086176633835, -0.13399752974510193, 0.990805983543396, -0.16701443493366241, 0.9774724245071411, 0.12904959917068481], "cam_t_m2c": [-95.48678588867188, 106.7624282836914, 371.67694091796875], "obj_id": 1}, {"cam_R_m2c": [-0.4286233186721802, -0.5410445332527161, 0.7235695123672485, -0.9026481509208679, 0.2908670902252197, -0.31721070408821106, -0.038837455213069916, -0.7890926003456116, -0.6130452752113342], "cam_t_m2c": [21.429954528808594, 35.5093994140625, 132.02532958984375], "obj_id": 0}, {"cam_R_m2c": [-0.8212656378746033, -0.5241899490356445, 0.22527281939983368, -0.5327715873718262, 0.8458612561225891, 0.025946354493498802, -0.20415036380290985, -0.09871009737253189, -0.9739502668380737], "cam_t_m2c": [56.63923263549805, -77.73538970947266, 417.71844482421875], "obj_id": 2}, {"cam_R_m2c": [0.5683239698410034, -0.6974310874938965, 0.43657490611076355, 0.7970930933952332, 0.335067480802536, -0.5023666024208069, 0.2040840983390808, 0.6334978342056274, 0.7463445067405701], "cam_t_m2c": [-97.57746124267578, 64.96985626220703, 591.6735229492188], "obj_id": 2}, {"cam_R_m2c": [0.568324625492096, -0.13852407038211823, 0.811059832572937, 0.7970917820930481, -0.15180759131908417, -0.5844646692276001, 0.20408758521080017, 0.9786548018455505, 0.024140477180480957], "cam_t_m2c": [-30.867258071899414, 61.01289749145508, 421.35430908203125], "obj_id": 2}, {"cam_R_m2c": [-0.3602570593357086, 0.694670557975769, 0.6226134300231934, -0.8094693422317505, 0.09893972426652908, -0.5787661671638489, -0.46365299820899963, -0.7124910950660706, 0.5266708731651306], "cam_t_m2c": [92.65453338623047, -81.69418334960938, 623.3629760742188], "obj_id": 0}, {"cam_R_m2c": [-0.4942935109138489, 0.7992863655090332, 0.3417825400829315, -0.8607513904571533, -0.39503076672554016, -0.32102611660957336, -0.1215771809220314, -0.4528709352016449, 0.8832479119300842], "cam_t_m2c": [-11.399227142333984, -28.40947723388672, 585.5445556640625], "obj_id": 2}, {"cam_R_m2c": [-0.5574294924736023, 0.12728501856327057, 0.8204089403152466, -0.6579629778862, 0.5349164009094238, -0.5300464034080505, -0.506317138671875, -0.8352621793746948, -0.2144293338060379], "cam_t_m2c": [-99.06458282470703, 145.6507110595703, 269.30810546875], "obj_id": 0}, {"cam_R_m2c": [0.5683238506317139, 0.03307288512587547, -0.8221399784088135, 0.7970934510231018, 0.2257031351327896, 0.5600893497467041, 0.20408333837985992, -0.9736345410346985, 0.1019103080034256], "cam_t_m2c": [-144.6648712158203, 141.4146728515625, 424.2303161621094], "obj_id": 2}, {"cam_R_m2c": [0.22170081734657288, -0.5459723472595215, 0.807937502861023, 0.6646150946617126, -0.5216885209083557, -0.5349092483520508, 0.713537335395813, 0.6555572748184204, 0.24720267951488495], "cam_t_m2c": [136.37644958496094, -152.30575561523438, 155.06568908691406], "obj_id": 0}, {"cam_R_m2c": [-0.508726954460144, 0.4158400297164917, -0.753839373588562, -0.8583791851997375, -0.17766930162906647, 0.4812677800655365, 0.0661962702870369, 0.8919140100479126, 0.4473336935043335], "cam_t_m2c": [-30.096229553222656, -25.085466384887695, 466.5989990234375], "obj_id": 2}, {"cam_R_m2c": [-0.3556743264198303, -0.8763511180877686, -0.3248145878314972, -0.7151364684104919, 0.4789429306983948, -0.5091105103492737, 0.6017271876335144, 0.0512092299759388, -0.7970583438873291], "cam_t_m2c": [-155.38497924804688, 41.94807434082031, 421.4601135253906], "obj_id": 1}, {"cam_R_m2c": [-0.8066149353981018, -0.5897733569145203, 0.03923947736620903, -0.5685232877731323, 0.792288601398468, 0.22149492800235748, -0.16172079741954803, 0.15635256469249725, -0.9743717312812805], "cam_t_m2c": [-21.300575256347656, 104.19129943847656, 214.68296813964844], "obj_id": 0}],
