{
  "0": [{"cam_R_m2c": [-0.5108690857887268, -0.8516753911972046, -0.11688235402107239, -0.5549548864364624, 0.43056824803352356, -0.7117836475372314, 0.6565344929695129, -0.2987639307975769, -0.6926054358482361], "cam_t_m2c": [95.01348876953125, 95.33335876464844, 609.4725952148438], "obj_id": 2}, {"cam_R_m2c": [-0.5108690857887268, -0.8516753911972046, -0.11688235402107239, -0.5549548864364624, 0.43056824803352356, -0.7117836475372314, 0.6565344929695129, -0.2987639307975769, -0.6926054358482361], "cam_t_m2c": [95.01348876953125, 95.33335876464844, 609.4725952148438], "obj_id": 0}, {"cam_R_m2c": [-0.5108690857887268, -0.8516753911972046, -0.11688235402107239, -0.5549548864364624, 0.43056824803352356, -0.7117836475372314, 0.6565344929695129, -0.2987639307975769, -0.6926054358482361], "cam_t_m2c": [95.01348876953125, 95.33335876464844, 609.4725952148438], "obj_id": 3}, {"cam_R_m2c": [-0.5108690857887268, -0.8516753911972046, -0.11688235402107239, -0.5549548864364624, 0.43056824803352356, -0.7117836475372314, 0.6565344929695129, -0.2987639307975769, -0.6926054358482361], "cam_t_m2c": [95.01348876953125, 95.33335876464844, 609.4725952148438], "obj_id": 1}, {"cam_R_m2c": [-0.5108690857887268, -0.8516753911972046, -0.11688235402107239, -0.5549548864364624, 0.43056824803352356, -0.7117836475372314, 0.6565344929695129, -0.2987639307975769, -0.6926054358482361], "cam_t_m2c": [95.01348876953125, 95.33335876464844, 609.4725952148438], "obj_id": 2}, {"cam_R_m2c": [-0.5108690857887268, -0.8516753911972046, -0.11688235402107239, -0.5549548864364624, 0.43056824803352356, -0.7117836475372314, 0.6565344929695129, -0.2987639307975769, -0.6926054358482361], "cam_t_m2c": [95.01348876953125, 95.33335876464844, 609.4725952148438], "obj_id": 0}, {"cam_R_m2c": [-0.5108690857887268, -0.8516753911972046, -0.11688235402107239, -0.5549548864364624, 0.43056824803352356, -0.7117836475372314, 0.6565344929695129, -0.2987639307975769, -0.6926054358482361], "cam_t_m2c": [95.01348876953125, 95.33335876464844, 609.4725952148438], "obj_id": 2}, {"cam_R_m2c": [-0.5108690857887268, -0.8516753911972046, -0.11688235402107239, -0.5549548864364624, 0.43056824803352356, -0.7117836475372314, 0.6565344929695129, -0.2987639307975769, -0.6926054358482361], "cam_t_m2c": [95.01348876953125, 95.33335876464844, 609.4725952148438], "obj_id": 1}, {"cam_R_m2c": [-0.5108690857887268, -0.8516753911972046, -0.11688235402107239, -0.5549548864364624, 0.43056824803352356, -0.7117836475372314, 0.6565344929695129, -0.2987639307975769, -0.6926054358482361], "cam_t_m2c": [95.01348876953125, 95.33335876464844, 609.4725952148438], "obj_id": 0}, {"cam_R_m2c": [-0.5108690857887268, -0.8516753911972046, -0.11688235402107239, -0.5549548864364624, 0.43056824803352356, -0.7117836475372314, 0.6565344929695129, -0.2987639307975769, -0.6926054358482361], "cam_t_m2c": [95.01348876953125, 95.33335876464844, 609.4725952148438], "obj_id": 1}, {"cam_R_m2c": [-0.5108690857887268, -0.8516753911972046, -0.11688235402107239, -0.5549548864364624, 0.43056824803352356, -0.7117836475372314, 0.6565344929695129, -0.2987639307975769, -0.6926054358482361], "cam_t_m2c": [95.01348876953125, 95.33335876464844, 609.4725952148438], "obj_id": 3}, {"cam_R_m2c": [-0.5108690857887268, -0.8516753911972046, -0.11688235402107239, -0.5549548864364624, 0.43056824803352356, -0.7117836475372314, 0.6565344929695129, -0.2987639307975769, -0.6926054358482361], "cam_t_m2c": [95.01348876953125, 95.33335876464844, 609.4725952148438], "obj_id": 0}, {"cam_R_m2c": [-0.5108690857887268, -0.8516753911972046, -0.11688235402107239, -0.5549548864364624, 0.43056824803352356, -0.7117836475372314, 0.6565344929695129, -0.2987639307975769, -0.6926054358482361], "cam_t_m2c": [95.01348876953125, 95.33335876464844, 609.4725952148438], "obj_id": 2}, {"cam_R_m2c": [-0.5108690857887268, -0.8516753911972046, -0.11688235402107239, -0.5549548864364624, 0.43056824803352356, -0.7117836475372314, 0.6565344929695129, -0.2987639307975769, -0.6926054358482361], "cam_t_m2c": [95.01348876953125, 95.33335876464844, 609.4725952148438], "obj_id": 1}, {"cam_R_m2c": [-0.5108690857887268, -0.8516753911972046, -0.11688235402107239, -0.5549548864364624, 0.43056824803352356, -0.7117836475372314, 0.6565344929695129, -0.2987639307975769, -0.6926054358482361], "cam_t_m2c": [95.01348876953125, 95.33335876464844, 609.4725952148438], "obj_id": 2}, {"cam_R_m2c": [-0.5108690857887268, -0.8516753911972046, -0.11688235402107239, -0.5549548864364624, 0.43056824803352356, -0.7117836475372314, 0.6565344929695129, -0.2987639307975769, -0.6926054358482361], "cam_t_m2c": [95.01348876953125, 95.33335876464844, 609.4725952148438], "obj_id": 0}, {"cam_R_m2c": [-0.5108690857887268, -0.8516753911972046, -0.11688235402107239, -0.5549548864364624, 0.43056824803352356, -0.7117836475372314, 0.6565344929695129, -0.2987639307975769, -0.6926054358482361], "cam_t_m2c": [95.01348876953125, 95.33335876464844, 609.4725952148438], "obj_id": 2}, {"cam_R_m2c": [-0.5108690857887268, -0.8516753911972046, -0.11688235402107239, -0.5549548864364624, 0.43056824803352356, -0.7117836475372314, 0.6565344929695129, -0.2987639307975769, -0.6926054358482361], "cam_t_m2c": [95.01348876953125, 95.33335876464844, 609.4725952148438], "obj_id": 3}, {"cam_R_m2c": [-0.5108690857887268, -0.8516753911972046, -0.11688235402107239, -0.5549548864364624, 0.43056824803352356, -0.7117836475372314, 0.6565344929695129, -0.2987639307975769, -0.6926054358482361], "cam_t_m2c": [95.01348876953125, 95.33335876464844, 609.4725952148438], "obj_id": 1}, {"cam_R_m2c": [-0.5108690857887268, -0.8516753911972046, -0.11688235402107239, -0.5549548864364624, 0.43056824803352356, -0.7117836475372314, 0.6565344929695129, -0.2987639307975769, -0.6926054358482361], "cam_t_m2c": [95.01348876953125, 95.33335876464844, 609.4725952148438], "obj_id": 2}, {"cam_R_m2c": [-0.5108690857887268, -0.8516753911972046, -0.11688235402107239, -0.5549548864364624, 0.43056824803352356, -0.7117836475372314, 0.6565344929695129, -0.2987639307975769, -0.6926054358482361], "cam_t_m2c": [95.01348876953125, 95.33335876464844, 609.4725952148438], "obj_id": 3}, {"cam_R_m2c": [-0.5108690857887268, -0.8516753911972046, -0.11688235402107239, -0.5549548864364624, 0.43056824803352356, -0.7117836475372314, 0.6565344929695129, -0.2987639307975769, -0.6926054358482361], "cam_t_m2c": [95.01348876953125, 95.33335876464844, 609.4725952148438], "obj_id": 2}, {"cam_R_m2c": [-0.5108690857887268, -0.8516753911972046, -0.11688235402107239, -0.5549548864364624, 0.43056824803352356, -0.7117836475372314, 0.6565344929695129, -0.2987639307975769, -0.6926054358482361], "cam_t_m2c": [95.01348876953125, 95.33335876464844, 609.4725952148438], "obj_id": 3}, {"cam_R_m2c": [-0.5108690857887268, -0.8516753911972046, -0.11688235402107239, -0.5549548864364624, 0.43056824803352356, -0.7117836475372314, 0.6565344929695129, -0.2987639307975769, -0.6926054358482361], "cam_t_m2c": [95.01348876953125, 95.33335876464844, 609.4725952148438], "obj_id": 2}, {"cam_R_m2c": [-0.5108690857887268, -0.8516753911972046, -0.11688235402107239, -0.5549548864364624, 0.43056824803352356, -0.7117836475372314, 0.6565344929695129, -0.2987639307975769, -0.6926054358482361], "cam_t_m2c": [95.01348876953125, 95.33335876464844, 609.4725952148438], "obj_id": 0}, {"cam_R_m2c": [-0.5108690857887268, -0.8516753911972046, -0.11688235402107239, -0.5549548864364624, 0.43056824803352356, -0.7117836475372314, 0.6565344929695129, -0.2987639307975769, -0.6926054358482361], "cam_t_m2c": [95.01348876953125, 95.33335876464844, 609.4725952148438], "obj_id": 0}, {"cam_R_m2c": [-0.5108690857887268, -0.8516753911972046, -0.11688235402107239, -0.5549548864364624, 0.43056824803352356, -0.7117836475372314, 0.6565344929695129, -0.2987639307975769, -0.6926054358482361], "cam_t_m2c": [95.01348876953125, 95.33335876464844, 609.4725952148438], "obj_id": 1}, {"cam_R_m2c": [-0.5108690857887268, -0.8516753911972046, -0.11688235402107239, -0.5549548864364624, 0.43056824803352356, -0.7117836475372314, 0.6565344929695129, -0.2987639307975769, -0.6926054358482361], "cam_t_m2c": [95.01348876953125, 95.33335876464844, 609.4725952148438], "obj_id": 3}, {"cam_R_m2c": [-0.5108690857887268, -0.8516753911972046, -0.11688235402107239, -0.5549548864364624, 0.43056824803352356, -0.7117836475372314, 0.6565344929695129, -0.2987639307975769, -0.6926054358482361], "cam_t_m2c": [95.01348876953125, 95.33335876464844, 609.4725952148438], "obj_id": 0}, {"cam_R_m2c": [-0.5108690857887268, -0.8516753911972046, -0.11688235402107239, -0.5549548864364624, 0.43056824803352356, -0.7117836475372314, 0.6565344929695129, -0.2987639307975769, -0.6926054358482361], "cam_t_m2c": [95.01348876953125, 95.33335876464844, 609.4725952148438], "obj_id": 0}, {"cam_R_m2c": [-0.5108690857887268, -0.8516753911972046, -0.11688235402107239, -0.5549548864364624, 0.43056824803352356, -0.7117836475372314, 0.6565344929695129, -0.2987639307975769, -0.6926054358482361], "cam_t_m2c": [95.01348876953125, 95.33335876464844, 609.4725952148438], "obj_id": 2}, {"cam_R_m2c": [-0.5108690857887268, -0.8516753911972046, -0.11688235402107239, -0.5549548864364624, 0.43056824803352356, -0.7117836475372314, 0.6565344929695129, -0.2987639307975769, -0.6926054358482361], "cam_t_m2c": [95.01348876953125, 95.33335876464844, 609.4725952148438], "obj_id": 1}, {"cam_R_m2c": [-0.5108690857887268, -0.8516753911972046, -0.11688235402107239, -0.5549548864364624, 0.43056824803352356, -0.7117836475372314, 0.6565344929695129, -0.2987639307975769, -0.6926054358482361], "cam_t_m2c": [95.01348876953125, 95.33335876464844, 609.4725952148438], "obj_id": 0}, {"cam_R_m2c": [-0.5108690857887268, -0.8516753911972046, -0.11688235402107239, -0.5549548864364624, 0.43056824803352356, -0.7117836475372314, 0.6565344929695129, -0.2987639307975769, -0.6926054358482361], "cam_t_m2c": [95.01348876953125, 95.33335876464844, 609.4725952148438], "obj_id": 1}, {"cam_R_m2c": [-0.5108690857887268, -0.8516753911972046, -0.11688235402107239, -0.5549548864364624, 0.43056824803352356, -0.7117836475372314, 0.6565344929695129, -0.2987639307975769, -0.6926054358482361], "cam_t_m2c": [95.01348876953125, 95.33335876464844, 609.4725952148438], "obj_id": 1}, {"cam_R_m2c": [-0.5108690857887268, -0.8516753911972046, -0.11688235402107239, -0.5549548864364624, 0.43056824803352356, -0.7117836475372314, 0.6565344929695129, -0.2987639307975769, -0.6926054358482361], "cam_t_m2c": [95.01348876953125, 95.33335876464844, 609.4725952148438], "obj_id": 2}, {"cam_R_m2c": [-0.029778413474559784, -0.7825223207473755, 0.621910035610199, 0.6422180533409119, -0.4917490482330322, -0.5879955887794495, 0.7659433484077454, 0.38189226388931274, 0.5171934366226196], "cam_t_m2c": [131.8768310546875, -5.183711528778076, 655.5643920898438], "obj_id": 0}, {"cam_R_m2c": [-0.31027480959892273, -0.7832796573638916, 0.5387044548988342, -0.600028932094574, 0.600891649723053, 0.5281046032905579, -0.7373566031455994, -0.159380704164505, -0.656432032585144], "cam_t_m2c": [82.56938171386719, -95.52045440673828, 761.35546875], "obj_id": 2}, {"cam_R_m2c": [-0.3325090706348419, -0.09709309786558151, 0.9380888342857361, 0.7247329950332642, -0.6628057956695557, 0.1882832646369934, 0.6034896969795227, 0.742469847202301, 0.2907555103302002], "cam_t_m2c": [233.78268432617188, -101.97122955322266, 834.8800659179688], "obj_id": 1}, {"cam_R_m2c": [-0.1268869787454605, -0.9879040718078613, -0.08913517743349075, -0.66703200340271, 0.01847332902252674, 0.7447999715805054, -0.7341443300247192, 0.15396146476268768, -0.6613076329231262], "cam_t_m2c": [-161.8988037109375, 18.56076431274414, 698.4447021484375], "obj_id": 1}],
  "1": [{"cam_R_m2c": [-0.2693854868412018, 0.9284411668777466, -0.25578999519348145, 0.26318901777267456, -0.18452098965644836, -0.9469337463378906, -0.9263708591461182, -0.32241132855415344, -0.19464825093746185], "cam_t_m2c": [321.9571533203125, -143.49459838867188, 892.0215454101562], "obj_id": 0}, {"cam_R_m2c": [-0.2693854868412018, 0.9284411668777466, -0.25578999519348145, 0.26318901777267456, -0.18452098965644836, -0.9469337463378906, -0.9263708591461182, -0.32241132855415344, -0.19464825093746185], "cam_t_m2c": [321.9571533203125, -143.49459838867188, 892.0215454101562], "obj_id": 1}, {"cam_R_m2c": [-0.2693854868412018, 0.9284411668777466, -0.25578999519348145, 0.26318901777267456, -0.18452098965644836, -0.9469337463378906, -0.9263708591461182, -0.32241132855415344, -0.19464825093746185], "cam_t_m2c": [321.9571533203125, -143.49459838867188, 892.0215454101562], "obj_id": 3}, {"cam_R_m2c": [-0.2693854868412018, 0.9284411668777466, -0.25578999519348145, 0.26318901777267456, -0.18452098965644836, -0.9469337463378906, -0.9263708591461182, -0.32241132855415344, -0.19464825093746185], "cam_t_m2c": [321.9571533203125, -143.49459838867188, 892.0215454101562], "obj_id": 0}, {"cam_R_m2c": [-0.2693854868412018, 0.9284411668777466, -0.25578999519348145, 0.26318901777267456, -0.18452098965644836, -0.9469337463378906, -0.9263708591461182, -0.32241132855415344, -0.19464825093746185], "cam_t_m2c": [321.9571533203125, -143.49459838867188, 892.0215454101562], "obj_id": 3}, {"cam_R_m2c": [-0.2693854868412018, 0.9284411668777466, -0.25578999519348145, 0.26318901777267456, -0.18452098965644836, -0.9469337463378906, -0.9263708591461182, -0.32241132855415344, -0.19464825093746185], "cam_t_m2c": [321.9571533203125, -143.49459838867188, 892.0215454101562], "obj_id": 3}, {"cam_R_m2c": [-0.2693854868412018, 0.9284411668777466, -0.25578999519348145, 0.26318901777267456, -0.18452098965644836, -0.9469337463378906, -0.9263708591461182, -0.32241132855415344, -0.19464825093746185], "cam_t_m2c": [321.9571533203125, -143.49459838867188, 892.0215454101562], "obj_id": 2}, {"cam_R_m2c": [-0.2693854868412018, 0.9284411668777466, -0.25578999519348145, 0.26318901777267456, -0.18452098965644836, -0.9469337463378906, -0.9263708591461182, -0.32241132855415344, -0.19464825093746185], "cam_t_m2c": [321.9571533203125, -143.49459838867188, 892.0215454101562], "obj_id": 2}, {"cam_R_m2c": [-0.2693854868412018, 0.9284411668777466, -0.25578999519348145, 0.26318901777267456, -0.18452098965644836, -0.9469337463378906, -0.9263708591461182, -0.32241132855415344, -0.19464825093746185], "cam_t_m2c": [321.9571533203125, -143.49459838867188, 892.0215454101562], "obj_id": 3}, {"cam_R_m2c": [-0.2693854868412018, 0.9284411668777466, -0.25578999519348145, 0.26318901777267456, -0.18452098965644836, -0.9469337463378906, -0.9263708591461182, -0.32241132855415344, -0.19464825093746185], "cam_t_m2c": [321.9571533203125, -143.49459838867188, 892.0215454101562], "obj_id": 1}, {"cam_R_m2c": [-0.2693854868412018, 0.9284411668777466, -0.25578999519348145, 0.26318901777267456, -0.18452098965644836, -0.9469337463378906, -0.9263708591461182, -0.32241132855415344, -0.19464825093746185], "cam_t_m2c": [321.9571533203125, -143.49459838867188, 892.0215454101562], "obj_id": 2}, {"cam_R_m2c": [-0.2693854868412018, 0.9284411668777466, -0.25578999519348145, 0.26318901777267456, -0.18452098965644836, -0.9469337463378906, -0.9263708591461182, -0.32241132855415344, -0.19464825093746185], "cam_t_m2c": [321.9571533203125, -143.49459838867188, 892.0215454101562], "obj_id": 2}, {"cam_R_m2c": [-0.2693854868412018, 0.9284411668777466, -0.25578999519348145, 0.26318901777267456, -0.18452098965644836, -0.9469337463378906, -0.9263708591461182, -0.32241132855415344, -0.19464825093746185], "cam_t_m2c": [321.9571533203125, -143.49459838867188, 892.0215454101562], "obj_id": 3}, {"cam_R_m2c": [-0.2693854868412018, 0.9284411668777466, -0.25578999519348145, 0.26318901777267456, -0.18452098965644836, -0.9469337463378906, -0.9263708591461182, -0.32241132855415344, -0.19464825093746185], "cam_t_m2c": [321.9571533203125, -143.49459838867188, 892.0215454101562], "obj_id": 1}, {"cam_R_m2c": [-0.2693854868412018, 0.9284411668777466, -0.25578999519348145, 0.26318901777267456, -0.18452098965644836, -0.9469337463378906, -0.9263708591461182, -0.32241132855415344, -0.19464825093746185], "cam_t_m2c": [321.9571533203125, -143.49459838867188, 892.0215454101562], "obj_id": 2}, {"cam_R_m2c": [-0.2693854868412018, 0.9284411668777466, -0.25578999519348145, 0.26318901777267456, -0.18452098965644836, -0.9469337463378906, -0.9263708591461182, -0.32241132855415344, -0.19464825093746185], "cam_t_m2c": [321.9571533203125, -143.49459838867188, 892.0215454101562], "obj_id": 0}, {"cam_R_m2c": [-0.2693854868412018, 0.9284411668777466, -0.25578999519348145, 0.26318901777267456, -0.18452098965644836, -0.9469337463378906, -0.9263708591461182, -0.32241132855415344, -0.19464825093746185], "cam_t_m2c": [321.9571533203125, -143.49459838867188, 892.0215454101562], "obj_id": 2}, {"cam_R_m2c": [-0.2693854868412018, 0.9284411668777466, -0.25578999519348145, 0.26318901777267456, -0.18452098965644836, -0.9469337463378906, -0.9263708591461182, -0.32241132855415344, -0.19464825093746185], "cam_t_m2c": [321.9571533203125, -143.49459838867188, 892.0215454101562], "obj_id": 3}, {"cam_R_m2c": [-0.2693854868412018, 0.9284411668777466, -0.25578999519348145, 0.26318901777267456, -0.18452098965644836, -0.9469337463378906, -0.9263708591461182, -0.32241132855415344, -0.19464825093746185], "cam_t_m2c": [321.9571533203125, -143.49459838867188, 892.0215454101562], "obj_id": 0}, {"cam_R_m2c": [-0.2693854868412018, 0.9284411668777466, -0.25578999519348145, 0.26318901777267456, -0.18452098965644836, -0.9469337463378906, -0.9263708591461182, -0.32241132855415344, -0.19464825093746185], "cam_t_m2c": [321.9571533203125, -143.49459838867188, 892.0215454101562], "obj_id": 2}, {"cam_R_m2c": [-0.2693854868412018, 0.9284411668777466, -0.25578999519348145, 0.26318901777267456, -0.18452098965644836, -0.9469337463378906, -0.9263708591461182, -0.32241132855415344, -0.19464825093746185], "cam_t_m2c": [321.9571533203125, -143.49459838867188, 892.0215454101562], "obj_id": 0}, {"cam_R_m2c": [-0.2693854868412018, 0.9284411668777466, -0.25578999519348145, 0.26318901777267456, -0.18452098965644836, -0.9469337463378906, -0.9263708591461182, -0.32241132855415344, -0.19464825093746185], "cam_t_m2c": [321.9571533203125, -143.49459838867188, 892.0215454101562], "obj_id": 0}, {"cam_R_m2c": [-0.2693854868412018, 0.9284411668777466, -0.25578999519348145, 0.26318901777267456, -0.18452098965644836, -0.9469337463378906, -0.9263708591461182, -0.32241132855415344, -0.19464825093746185], "cam_t_m2c": [321.9571533203125, -143.49459838867188, 892.0215454101562], "obj_id": 0}, {"cam_R_m2c": [-0.2693854868412018, 0.9284411668777466, -0.25578999519348145, 0.26318901777267456, -0.18452098965644836, -0.9469337463378906, -0.9263708591461182, -0.32241132855415344, -0.19464825093746185], "cam_t_m2c": [321.9571533203125, -143.49459838867188, 892.0215454101562], "obj_id": 2}, {"cam_R_m2c": [-0.2693854868412018, 0.9284411668777466, -0.25578999519348145, 0.26318901777267456, -0.18452098965644836, -0.9469337463378906, -0.9263708591461182, -0.32241132855415344, -0.19464825093746185], "cam_t_m2c": [321.9571533203125, -143.49459838867188, 892.0215454101562], "obj_id": 2}, {"cam_R_m2c": [-0.2693854868412018, 0.9284411668777466, -0.25578999519348145, 0.26318901777267456, -0.18452098965644836, -0.9469337463378906, -0.9263708591461182, -0.32241132855415344, -0.19464825093746185], "cam_t_m2c": [321.9571533203125, -143.49459838867188, 892.0215454101562], "obj_id": 0}, {"cam_R_m2c": [-0.2693854868412018, 0.9284411668777466, -0.25578999519348145, 0.26318901777267456, -0.18452098965644836, -0.9469337463378906, -0.9263708591461182, -0.32241132855415344, -0.19464825093746185], "cam_t_m2c": [321.9571533203125, -143.49459838867188, 892.0215454101562], "obj_id": 2}, {"cam_R_m2c": [-0.2693854868412018, 0.9284411668777466, -0.25578999519348145, 0.26318901777267456, -0.18452098965644836, -0.9469337463378906, -0.9263708591461182, -0.32241132855415344, -0.19464825093746185], "cam_t_m2c": [321.9571533203125, -143.49459838867188, 892.0215454101562], "obj_id": 1}, {"cam_R_m2c": [-0.2693854868412018, 0.9284411668777466, -0.25578999519348145, 0.26318901777267456, -0.18452098965644836, -0.9469337463378906, -0.9263708591461182, -0.32241132855415344, -0.19464825093746185], "cam_t_m2c": [321.9571533203125, -143.49459838867188, 892.0215454101562], "obj_id": 1}, {"cam_R_m2c": [-0.2693854868412018, 0.9284411668777466, -0.25578999519348145, 0.26318901777267456, -0.18452098965644836, -0.9469337463378906, -0.9263708591461182, -0.32241132855415344, -0.19464825093746185], "cam_t_m2c": [321.9571533203125, -143.49459838867188, 892.0215454101562], "obj_id": 3}, {"cam_R_m2c": [-0.2693854868412018, 0.9284411668777466, -0.25578999519348145, 0.26318901777267456, -0.18452098965644836, -0.9469337463378906, -0.9263708591461182, -0.32241132855415344, -0.19464825093746185], "cam_t_m2c": [321.9571533203125, -143.49459838867188, 892.0215454101562], "obj_id": 0}, {"cam_R_m2c": [-0.2693854868412018, 0.9284411668777466, -0.25578999519348145, 0.26318901777267456, -0.18452098965644836, -0.9469337463378906, -0.9263708591461182, -0.32241132855415344, -0.19464825093746185], "cam_t_m2c": [321.9571533203125, -143.49459838867188, 892.0215454101562], "obj_id": 2}, {"cam_R_m2c": [-0.2693854868412018, 0.9284411668777466, -0.25578999519348145, 0.26318901777267456, -0.18452098965644836, -0.9469337463378906, -0.9263708591461182, -0.32241132855415344, -0.19464825093746185], "cam_t_m2c": [321.9571533203125, -143.49459838867188, 892.0215454101562], "obj_id": 0}, {"cam_R_m2c": [-0.2693854868412018, 0.9284411668777466, -0.25578999519348145, 0.26318901777267456, -0.18452098965644836, -0.9469337463378906, -0.9263708591461182, -0.32241132855415344, -0.19464825093746185], "cam_t_m2c": [321.9571533203125, -143.49459838867188, 892.0215454101562], "obj_id": 1}, {"cam_R_m2c": [-0.2693854868412018, 0.9284411668777466, -0.25578999519348145, 0.26318901777267456, -0.18452098965644836, -0.9469337463378906, -0.9263708591461182, -0.32241132855415344, -0.19464825093746185], "cam_t_m2c": [321.9571533203125, -143.49459838867188, 892.0215454101562], "obj_id": 3}, {"cam_R_m2c": [-0.2693854868412018, 0.9284411668777466, -0.25578999519348145, 0.26318901777267456, -0.18452098965644836, -0.9469337463378906, -0.9263708591461182, -0.32241132855415344, -0.19464825093746185], "cam_t_m2c": [321.9571533203125, -143.49459838867188, 892.0215454101562], "obj_id": 0}, {"cam_R_m2c": [-0.11932525783777237, 0.598605751991272, 0.7921064496040344, -0.88453209400177, 0.29827383160591125, -0.35865819454193115, -0.4509595036506653, -0.743440568447113, 0.49389439821243286], "cam_t_m2c": [383.7510070800781, -156.43650817871094, 708.8330688476562], "obj_id": 2}, {"cam_R_m2c": [0.5975965261459351, -0.20900298655033112, -0.7740775942802429, -0.17529650032520294, 0.9080158472061157, -0.3804975152015686, 0.7823998332023621, 0.3630770742893219, 0.5059896111488342], "cam_t_m2c": [119.8007583618164, -159.89117431640625, 1138.66357421875], "obj_id": 3}, {"cam_R_m2c": [0.3435208797454834, -0.9277427792549133, 0.145899698138237, 0.7707452774047852, 0.36726614832878113, 0.5206411480903625, -0.5366051197052002, -0.06639959663152695, 0.8412169814109802], "cam_t_m2c": [445.6936340332031, -79.36090850830078, 653.303466796875], "obj_id": 1}],
  "2": [{"cam_R_m2c": [-0.2693854868412018, 0.9284411668777466, -0.25578999519348145, 0.26318901777267456, -0.18452098965644836, -0.9469337463378906, -0.9263708591461182, -0.32241132855415344, -0.19464825093746185], "cam_t_m2c": [321.9571533203125, -143.49459838867188, 892.0215454101562], "obj_id": 0}, {"cam_R_m2c": [-0.2693854868412018, 0.9284411668777466, -0.25578999519348145, 0.26318901777267456, -0.18452098965644836, -0.9469337463378906, -0.9263708591461182, -0.32241132855415344, -0.19464825093746185], "cam_t_m2c": [321.9571533203125, -143.49459838867188, 892.0215454101562], "obj_id": 1}, {"cam_R_m2c": [-0.2693854868412018, 0.9284411668777466, -0.25578999519348145, 0.26318901777267456, -0.18452098965644836, -0.9469337463378906, -0.9263708591461182, -0.32241132855415344, -0.19464825093746185], "cam_t_m2c": [321.9571533203125, -143.49459838867188, 892.0215454101562], "obj_id": 3}, {"cam_R_m2c": [-0.2693854868412018, 0.9284411668777466, -0.25578999519348145, 0.26318901777267456, -0.18452098965644836, -0.9469337463378906, -0.9263708591461182, -0.32241132855415344, -0.19464825093746185], "cam_t_m2c": [321.9571533203125, -143.49459838867188, 892.0215454101562], "obj_id": 0}, {"cam_R_m2c": [-0.2693854868412018, 0.9284411668777466, -0.25578999519348145, 0.26318901777267456, -0.18452098965644836, -0.9469337463378906, -0.9263708591461182, -0.32241132855415344, -0.19464825093746185], "cam_t_m2c": [321.9571533203125, -143.49459838867188, 892.0215454101562], "obj_id": 3}, {"cam_R_m2c": [-0.2693854868412018, 0.9284411668777466, -0.25578999519348145, 0.26318901777267456, -0.18452098965644836, -0.9469337463378906, -0.9263708591461182, -0.32241132855415344, -0.19464825093746185], "cam_t_m2c": [321.9571533203125, -143.49459838867188, 892.0215454101562], "obj_id": 3}, {"cam_R_m2c": [-0.2693854868412018, 0.9284411668777466, -0.25578999519348145, 0.26318901777267456, -0.18452098965644836, -0.9469337463378906, -0.9263708591461182, -0.32241132855415344, -0.19464825093746185], "cam_t_m2c": [321.9571533203125, -143.49459838867188, 892.0215454101562], "obj_id": 2}, {"cam_R_m2c": [-0.2693854868412018, 0.9284411668777466, -0.25578999519348145, 0.26318901777267456, -0.18452098965644836, -0.9469337463378906, -0.9263708591461182, -0.32241132855415344, -0.19464825093746185], "cam_t_m2c": [321.9571533203125, -143.49459838867188, 892.0215454101562], "obj_id": 2}, {"cam_R_m2c": [-0.2693854868412018, 0.9284411668777466, -0.25578999519348145, 0.26318901777267456, -0.18452098965644836, -0.9469337463378906, -0.9263708591461182, -0.32241132855415344, -0.19464825093746185], "cam_t_m2c": [321.9571533203125, -143.49459838867188, 892.0215454101562], "obj_id": 3}, {"cam_R_m2c": [-0.2693854868412018, 0.9284411668777466, -0.25578999519348145, 0.26318901777267456, -0.18452098965644836, -0.9469337463378906, -0.9263708591461182, -0.32241132855415344, -0.19464825093746185], "cam_t_m2c": [321.9571533203125, -143.49459838867188, 892.0215454101562], "obj_id": 1}, {"cam_R_m2c": [-0.2693854868412018, 0.9284411668777466, -0.25578999519348145, 0.26318901777267456, -0.18452098965644836, -0.9469337463378906, -0.9263708591461182, -0.32241132855415344, -0.19464825093746185], "cam_t_m2c": [321.9571533203125, -143.49459838867188, 892.0215454101562], "obj_id": 2}, {"cam_R_m2c": [-0.2693854868412018, 0.9284411668777466, -0.25578999519348145, 0.26318901777267456, -0.18452098965644836, -0.9469337463378906, -0.9263708591461182, -0.32241132855415344, -0.19464825093746185], "cam_t_m2c": [321.9571533203125, -143.49459838867188, 892.0215454101562], "obj_id": 2}, {"cam_R_m2c": [-0.2693854868412018, 0.9284411668777466, -0.25578999519348145, 0.26318901777267456, -0.18452098965644836, -0.9469337463378906, -0.9263708591461182, -0.32241132855415344, -0.19464825093746185], "cam_t_m2c": [321.9571533203125, -143.49459838867188, 892.0215454101562], "obj_id": 3}, {"cam_R_m2c": [-0.2693854868412018, 0.9284411668777466, -0.25578999519348145, 0.26318901777267456, -0.18452098965644836, -0.9469337463378906, -0.9263708591461182, -0.32241132855415344, -0.19464825093746185], "cam_t_m2c": [321.9571533203125, -143.49459838867188, 892.0215454101562], "obj_id": 1}, {"cam_R_m2c": [-0.2693854868412018, 0.9284411668777466, -0.25578999519348145, 0.26318901777267456, -0.18452098965644836, -0.9469337463378906, -0.9263708591461182, -0.32241132855415344, -0.19464825093746185], "cam_t_m2c": [321.9571533203125, -143.49459838867188, 892.0215454101562], "obj_id": 2}, {"cam_R_m2c": [-0.2693854868412018, 0.9284411668777466, -0.25578999519348145, 0.26318901777267456, -0.18452098965644836, -0.9469337463378906, -0.9263708591461182, -0.32241132855415344, -0.19464825093746185], "cam_t_m2c": [321.9571533203125, -143.49459838867188, 892.0215454101562], "obj_id": 0}, {"cam_R_m2c": [-0.2693854868412018, 0.9284411668777466, -0.25578999519348145, 0.26318901777267456, -0.18452098965644836, -0.9469337463378906, -0.9263708591461182, -0.32241132855415344, -0.19464825093746185], "cam_t_m2c": [321.9571533203125, -143.49459838867188, 892.0215454101562], "obj_id": 2}, {"cam_R_m2c": [-0.2693854868412018, 0.9284411668777466, -0.25578999519348145, 0.26318901777267456, -0.18452098965644836, -0.9469337463378906, -0.9263708591461182, -0.32241132855415344, -0.19464825093746185], "cam_t_m2c": [321.9571533203125, -143.49459838867188, 892.0215454101562], "obj_id": 3}, {"cam_R_m2c": [-0.2693854868412018, 0.9284411668777466, -0.25578999519348145, 0.26318901777267456, -0.18452098965644836, -0.9469337463378906, -0.9263708591461182, -0.32241132855415344, -0.19464825093746185], "cam_t_m2c": [321.9571533203125, -143.49459838867188, 892.0215454101562], "obj_id": 0}, {"cam_R_m2c": [-0.2693854868412018, 0.9284411668777466, -0.25578999519348145, 0.26318901777267456, -0.18452098965644836, -0.9469337463378906, -0.9263708591461182, -0.32241132855415344, -0.19464825093746185], "cam_t_m2c": [321.9571533203125, -143.49459838867188, 892.0215454101562], "obj_id": 2}, {"cam_R_m2c": [-0.2693854868412018, 0.9284411668777466, -0.25578999519348145, 0.26318901777267456, -0.18452098965644836, -0.9469337463378906, -0.9263708591461182, -0.32241132855415344, -0.19464825093746185], "cam_t_m2c": [321.9571533203125, -143.49459838867188, 892.0215454101562], "obj_id": 0}, {"cam_R_m2c": [-0.2693854868412018, 0.9284411668777466, -0.25578999519348145, 0.26318901777267456, -0.18452098965644836, -0.9469337463378906, -0.9263708591461182, -0.32241132855415344, -0.19464825093746185], "cam_t_m2c": [321.9571533203125, -143.49459838867188, 892.0215454101562], "obj_id": 0}, {"cam_R_m2c": [-0.2693854868412018, 0.9284411668777466, -0.25578999519348145, 0.26318901777267456, -0.18452098965644836, -0.9469337463378906, -0.9263708591461182, -0.32241132855415344, -0.19464825093746185], "cam_t_m2c": [321.9571533203125, -143.49459838867188, 892.0215454101562], "obj_id": 0}, {"cam_R_m2c": [-0.2693854868412018, 0.9284411668777466, -0.25578999519348145, 0.26318901777267456, -0.18452098965644836, -0.9469337463378906, -0.9263708591461182, -0.32241132855415344, -0.19464825093746185], "cam_t_m2c": [321.9571533203125, -143.49459838867188, 892.0215454101562], "obj_id": 2}, {"cam_R_m2c": [-0.2693854868412018, 0.9284411668777466, -0.25578999519348145, 0.26318901777267456, -0.18452098965644836, -0.9469337463378906, -0.9263708591461182, -0.32241132855415344, -0.19464825093746185], "cam_t_m2c": [321.9571533203125, -143.49459838867188, 892.0215454101562], "obj_id": 2}, {"cam_R_m2c": [-0.2693854868412018, 0.9284411668777466, -0.25578999519348145, 0.26318901777267456, -0.18452098965644836, -0.9469337463378906, -0.9263708591461182, -0.32241132855415344, -0.19464825093746185], "cam_t_m2c": [321.9571533203125, -143.49459838867188, 892.0215454101562], "obj_id": 0}, {"cam_R_m2c": [-0.2693854868412018, 0.9284411668777466, -0.25578999519348145, 0.26318901777267456, -0.18452098965644836, -0.9469337463378906, -0.9263708591461182, -0.32241132855415344, -0.19464825093746185], "cam_t_m2c": [321.9571533203125, -143.49459838867188, 892.0215454101562], "obj_id": 2}, {"cam_R_m2c": [-0.2693854868412018, 0.9284411668777466, -0.25578999519348145, 0.26318901777267456, -0.18452098965644836, -0.9469337463378906, -0.9263708591461182, -0.32241132855415344, -0.19464825093746185], "cam_t_m2c": [321.9571533203125, -143.49459838867188, 892.0215454101562], "obj_id": 1}, {"cam_R_m2c": [-0.2693854868412018, 0.9284411668777466, -0.25578999519348145, 0.26318901777267456, -0.18452098965644836, -0.9469337463378906, -0.9263708591461182, -0.32241132855415344, -0.19464825093746185], "cam_t_m2c": [321.9571533203125, -143.49459838867188, 892.0215454101562], "obj_id": 1}, {"cam_R_m2c": [-0.2693854868412018, 0.9284411668777466, -0.25578999519348145, 0.26318901777267456, -0.18452098965644836, -0.9469337463378906, -0.9263708591461182, -0.32241132855415344, -0.19464825093746185], "cam_t_m2c": [321.9571533203125, -143.49459838867188, 892.0215454101562], "obj_id": 3}, {"cam_R_m2c": [-0.2693854868412018, 0.9284411668777466, -0.25578999519348145, 0.26318901777267456, -0.18452098965644836, -0.9469337463378906, -0.9263708591461182, -0.32241132855415344, -0.19464825093746185], "cam_t_m2c": [321.9571533203125, -143.49459838867188, 892.0215454101562], "obj_id": 0}, {"cam_R_m2c": [-0.2693854868412018, 0.9284411668777466, -0.25578999519348145, 0.26318901777267456, -0.18452098965644836, -0.9469337463378906, -0.9263708591461182, -0.32241132855415344, -0.19464825093746185], "cam_t_m2c": [321.9571533203125, -143.49459838867188, 892.0215454101562], "obj_id": 2}, {"cam_R_m2c": [-0.2693854868412018, 0.9284411668777466, -0.25578999519348145, 0.26318901777267456, -0.18452098965644836, -0.9469337463378906, -0.9263708591461182, -0.32241132855415344, -0.19464825093746185], "cam_t_m2c": [321.9571533203125, -143.49459838867188, 892.0215454101562], "obj_id": 0}, {"cam_R_m2c": [-0.2693854868412018, 0.9284411668777466, -0.25578999519348145, 0.26318901777267456, -0.18452098965644836, -0.9469337463378906, -0.9263708591461182, -0.32241132855415344, -0.19464825093746185], "cam_t_m2c": [321.9571533203125, -143.49459838867188, 892.0215454101562], "obj_id": 1}, {"cam_R_m2c": [-0.2693854868412018, 0.9284411668777466, -0.25578999519348145, 0.26318901777267456, -0.18452098965644836, -0.9469337463378906, -0.9263708591461182, -0.32241132855415344, -0.19464825093746185], "cam_t_m2c": [321.9571533203125, -143.49459838867188, 892.0215454101562], "obj_id": 3}, {"cam_R_m2c": [-0.2693854868412018, 0.9284411668777466, -0.25578999519348145, 0.26318901777267456, -0.18452098965644836, -0.9469337463378906, -0.9263708591461182, -0.32241132855415344, -0.19464825093746185], "cam_t_m2c": [321.9571533203125, -143.49459838867188, 892.0215454101562], "obj_id": 0}, {"cam_R_m2c": [-0.11932525783777237, 0.598605751991272, 0.7921064496040344, -0.88453209400177, 0.29827383160591125, -0.35865819454193115, -0.4509595036506653, -0.743440568447113, 0.49389439821243286], "cam_t_m2c": [383.7510070800781, -156.43650817871094, 708.8330688476562], "obj_id": 2}, {"cam_R_m2c": [0.5975965261459351, -0.20900298655033112, -0.7740775942802429, -0.17529650032520294, 0.9080158472061157, -0.3804975152015686, 0.7823998332023621, 0.3630770742893219, 0.5059896111488342], "cam_t_m2c": [119.8007583618164, -159.89117431640625, 1138.66357421875], "obj_id": 3}, {"cam_R_m2c": [0.3435208797454834, -0.9277427792549133, 0.145899698138237, 0.7707452774047852, 0.36726614832878113, 0.5206411480903625, -0.5366051197052002, -0.06639959663152695, 0.8412169814109802], "cam_t_m2c": [445.6936340332031, -79.36090850830078, 653.303466796875], "obj_id": 1}],
