{
  "0": [{"cam_R_m2c": [-0.8152018189430237, -0.4853062629699707, 0.3161073625087738, 0.04875802621245384, 0.4863447844982147, 0.8724055290222168, -0.5771210193634033, 0.7265993356704712, -0.3728066086769104], "cam_t_m2c": [366.7572326660156, 288.3025207519531, 1028.9129638671875], "obj_id": 2}, {"cam_R_m2c": [-0.7226776480674744, 0.5237222909927368, 0.45105642080307007, -0.6844519972801208, -0.45138415694236755, -0.5725187063217163, -0.0962410643696785, -0.7224730253219604, 0.6846681237220764], "cam_t_m2c": [927.1968383789062, -220.8924560546875, 236.41062927246094], "obj_id": 2}, {"cam_R_m2c": [-0.7137083411216736, 0.6987871527671814, 0.04813247174024582, -0.592966616153717, -0.5661906003952026, -0.5725544691085815, -0.37284159660339355, -0.4371779263019562, 0.8184525370597839], "cam_t_m2c": [-2832.59716796875, -6722.6748046875, -239.90309143066406], "obj_id": 1}, {"cam_R_m2c": [0.25605514645576477, 0.7211602926254272, 0.6437108516693115, -0.6690315008163452, -0.3484431505203247, 0.6564939618110657, 0.6977339386940002, -0.5987614989280701, 0.3932582139968872], "cam_t_m2c": [258.5781555175781, 89.17623138427734, 746.8203125], "obj_id": 3}],
  "1": [{"cam_R_m2c": [0.022995786741375923, 0.43027153611183167, -0.902406632900238, -0.9945812821388245, 0.10138683766126633, 0.022997010499238968, 0.101387158036232, 0.8969878554344177, 0.4302714169025421], "cam_t_m2c": [-174.3068389892578, 468.9312744140625, 969.6357421875], "obj_id": 2}, {"cam_R_m2c": [0.7042613625526428, -0.46751677989959717, 0.5342695713043213, -0.6314272880554199, -0.06848375499248505, 0.7724050283432007, -0.3245235085487366, -0.8813273906707764, -0.34343332052230835], "cam_t_m2c": [-671.7313842773438, 382.6860046386719, -3.307171106338501], "obj_id": 2}, {"cam_R_m2c": [0.47102636098861694, -0.30967628955841064, 0.8259750604629517, -0.7993934154510498, 0.24604669213294983, 0.5481160283088684, -0.3729669749736786, -0.9184561371803284, -0.13165870308876038], "cam_t_m2c": [4704.31494140625, -2948.160400390625, -4082.70361328125], "obj_id": 1}, {"cam_R_m2c": [0.6982531547546387, -0.5494970083236694, -0.4587979018688202, 0.628813624382019, 0.16452810168266296, 0.7599499225616455, -0.34210506081581116, -0.819135844707489, 0.46041348576545715], "cam_t_m2c": [-183.20260620117188, 201.4187469482422, 726.3048095703125], "obj_id": 3}]
}