{
  "0": [{"cam_R_m2c": [-0.795458197593689, -0.5474328994750977, 0.25993040204048157, 0.07379844039678574, 0.33822357654571533, 0.9381677508354187, -0.6014984250068665, 0.7654555439949036, -0.22864310443401337], "cam_t_m2c": [61.2994499206543, 463.5862121582031, 845.37451171875], "obj_id": 0}, {"cam_R_m2c": [0.9615995287895203, -0.06168024241924286, -0.2674357295036316, 0.26302000880241394, 0.485454797744751, 0.8337590098381042, 0.07840149849653244, -0.8720832467079163, 0.48303624987602234], "cam_t_m2c": [-87.84132385253906, 213.30789184570312, 844.4913940429688], "obj_id": 0}, {"cam_R_m2c": [-0.4144579768180847, 0.909807562828064, 0.021786801517009735, -0.830735981464386, -0.3684448003768921, -0.4172840714454651, -0.3716209828853607, -0.1910458207130432, 0.9085149168968201], "cam_t_m2c": [-101.15995025634766, 189.87066650390625, 965.7572021484375], "obj_id": 2}, {"cam_R_m2c": [0.1373501718044281, -0.5284948945045471, -0.8377518057823181, -0.5148972868919373, 0.6844222545623779, -0.5161849856376648, 0.8461771011352539, 0.5022542476654053, -0.1781150847673416], "cam_t_m2c": [-81.27059936523438, 399.1765441894531, 922.1534423828125], "obj_id": 1}],
  "1": [{"cam_R_m2c": [-0.010594491846859455, 0.8500900864601135, -0.5265307426452637, -0.7127199769020081, 0.36291390657424927, 0.6002696752548218, 0.7013686299324036, 0.38162854313850403, 0.6020313501358032], "cam_t_m2c": [-151.3883819580078, 312.08221435546875, 1224.8336181640625], "obj_id": 0}, {"cam_R_m2c": [-0.5645514130592346, -0.7419927716255188, 0.36156341433525085, 0.715363621711731, -0.22132988274097443, 0.6627727746963501, -0.4117478132247925, 0.6328186988830566, 0.6557469964027405], "cam_t_m2c": [-11.621406555175781, 74.91938781738281, 1129.23486328125], "obj_id": 0}, {"cam_R_m2c": [0.12934081256389618, -0.6124215722084045, 0.779878556728363, -0.9549496173858643, 0.13491953909397125, 0.2643250524997711, -0.26709917187690735, -0.7789328098297119, -0.5673811435699463], "cam_t_m2c": [95.43618774414062, 122.2079086303711, 1087.71875], "obj_id": 2}, {"cam_R_m2c": [0.683020293712616, 0.5624700784683228, 0.4659513831138611, 0.22761031985282898, 0.44226500391960144, -0.8675224781036377, -0.6940293908119202, 0.6985908150672913, 0.17405198514461517], "cam_t_m2c": [6.352434158325195, 240.25128173828125, 1243.10546875], "obj_id": 1}]
}