{
  "0": [{"cam_R_m2c": [0.9773269891738892, 0.1936921924352646, -0.08552943170070648, -0.043561503291130066, -0.21136698126792908, -0.9764355421066284, -0.20720605552196503, 0.9580225944519043, -0.19813713431358337], "cam_t_m2c": [-306.96453857421875, 45.764671325683594, 817.1509399414062], "obj_id": 0}, {"cam_R_m2c": [0.9773269891738892, 0.1936921924352646, -0.08552943170070648, -0.043561503291130066, -0.21136698126792908, -0.9764355421066284, -0.20720605552196503, 0.9580225944519043, -0.19813713431358337], "cam_t_m2c": [-306.96453857421875, 45.764671325683594, 817.1509399414062], "obj_id": 3}, {"cam_R_m2c": [0.9773269891738892, 0.1936921924352646, -0.08552943170070648, -0.043561503291130066, -0.21136698126792908, -0.9764355421066284, -0.20720605552196503, 0.9580225944519043, -0.19813713431358337], "cam_t_m2c": [-306.96453857421875, 45.764671325683594, 817.1509399414062], "obj_id": 0}, {"cam_R_m2c": [0.9773269891738892, 0.1936921924352646, -0.08552943170070648, -0.043561503291130066, -0.21136698126792908, -0.9764355421066284, -0.20720605552196503, 0.9580225944519043, -0.19813713431358337], "cam_t_m2c": [-306.96453857421875, 45.764671325683594, 817.1509399414062], "obj_id": 2}, {"cam_R_m2c": [0.9773269891738892, 0.1936921924352646, -0.08552943170070648, -0.043561503291130066, -0.21136698126792908, -0.9764355421066284, -0.20720605552196503, 0.9580225944519043, -0.19813713431358337], "cam_t_m2c": [-306.96453857421875, 45.764671325683594, 817.1509399414062], "obj_id": 2}, {"cam_R_m2c": [0.9773269891738892, 0.1936921924352646, -0.08552943170070648, -0.043561503291130066, -0.21136698126792908, -0.9764355421066284, -0.20720605552196503, 0.9580225944519043, -0.19813713431358337], "cam_t_m2c": [-306.96453857421875, 45.764671325683594, 817.1509399414062], "obj_id": 1}, {"cam_R_m2c": [0.9773269891738892, 0.1936921924352646, -0.08552943170070648, -0.043561503291130066, -0.21136698126792908, -0.9764355421066284, -0.20720605552196503, 0.9580225944519043, -0.19813713431358337], "cam_t_m2c": [-306.96453857421875, 45.764671325683594, 817.1509399414062], "obj_id": 3}, {"cam_R_m2c": [0.9773269891738892, 0.1936921924352646, -0.08552943170070648, -0.043561503291130066, -0.21136698126792908, -0.9764355421066284, -0.20720605552196503, 0.9580225944519043, -0.19813713431358337], "cam_t_m2c": [-306.96453857421875, 45.764671325683594, 817.1509399414062], "obj_id": 3}, {"cam_R_m2c": [0.9773269891738892, 0.1936921924352646, -0.08552943170070648, -0.043561503291130066, -0.21136698126792908, -0.9764355421066284, -0.20720605552196503, 0.9580225944519043, -0.19813713431358337], "cam_t_m2c": [-306.96453857421875, 45.764671325683594, 817.1509399414062], "obj_id": 2}, {"cam_R_m2c": [0.9773269891738892, 0.1936921924352646, -0.08552943170070648, -0.043561503291130066, -0.21136698126792908, -0.9764355421066284, -0.20720605552196503, 0.9580225944519043, -0.19813713431358337], "cam_t_m2c": [-306.96453857421875, 45.764671325683594, 817.1509399414062], "obj_id": 3}, {"cam_R_m2c": [0.9773269891738892, 0.1936921924352646, -0.08552943170070648, -0.043561503291130066, -0.21136698126792908, -0.9764355421066284, -0.20720605552196503, 0.9580225944519043, -0.19813713431358337], "cam_t_m2c": [-306.96453857421875, 45.764671325683594, 817.1509399414062], "obj_id": 2}, {"cam_R_m2c": [0.9773269891738892, 0.1936921924352646, -0.08552943170070648, -0.043561503291130066, -0.21136698126792908, -0.9764355421066284, -0.20720605552196503, 0.9580225944519043, -0.19813713431358337], "cam_t_m2c": [-306.96453857421875, 45.764671325683594, 817.1509399414062], "obj_id": 1}, {"cam_R_m2c": [-0.14776434004306793, -0.8270774483680725, -0.5423178672790527, -0.9797508716583252, 0.04750370606780052, 0.1945037990808487, -0.13510756194591522, 0.5600771307945251, -0.8173492550849915], "cam_t_m2c": [-274.1869201660156, 42.21255874633789, 658.4674072265625], "obj_id": 1}, {"cam_R_m2c": [-0.4023415446281433, -0.9152400493621826, 0.021367397159337997, 0.054562680423259735, -0.04727105796337128, -0.997390627861023, 0.9138620495796204, -0.40012601017951965, 0.06895725429058075], "cam_t_m2c": [-152.0822296142578, -46.252662658691406, 923.06982421875], "obj_id": 2}, {"cam_R_m2c": [0.24944737553596497, 0.8084626197814941, -0.5330705046653748, 0.9595531821250916, -0.1321631371974945, 0.24857687950134277, 0.13051281869411469, -0.5735163688659668, -0.8087306022644043], "cam_t_m2c": [-272.2060852050781, 20.700462341308594, 747.43408203125], "obj_id": 4}],
  "1": [{"cam_R_m2c": [-0.735859751701355, 0.6659587621688843, -0.12251174449920654, 0.5118011832237244, 0.42854517698287964, -0.7445861101150513, -0.44336190819740295, -0.610612690448761, -0.6561875939369202], "cam_t_m2c": [-226.95635986328125, 67.78319549560547, 897.7437744140625], "obj_id": 3}, {"cam_R_m2c": [-0.735859751701355, 0.6659587621688843, -0.12251174449920654, 0.5118011832237244, 0.42854517698287964, -0.7445861101150513, -0.44336190819740295, -0.610612690448761, -0.6561875939369202], "cam_t_m2c": [-226.95635986328125, 67.78319549560547, 897.7437744140625], "obj_id": 1}, {"cam_R_m2c": [-0.735859751701355, 0.6659587621688843, -0.12251174449920654, 0.5118011832237244, 0.42854517698287964, -0.7445861101150513, -0.44336190819740295, -0.610612690448761, -0.6561875939369202], "cam_t_m2c": [-226.95635986328125, 67.78319549560547, 897.7437744140625], "obj_id": 3}, {"cam_R_m2c": [-0.735859751701355, 0.6659587621688843, -0.12251174449920654, 0.5118011832237244, 0.42854517698287964, -0.7445861101150513, -0.44336190819740295, -0.610612690448761, -0.6561875939369202], "cam_t_m2c": [-226.95635986328125, 67.78319549560547, 897.7437744140625], "obj_id": 0}, {"cam_R_m2c": [-0.735859751701355, 0.6659587621688843, -0.12251174449920654, 0.5118011832237244, 0.42854517698287964, -0.7445861101150513, -0.44336190819740295, -0.610612690448761, -0.6561875939369202], "cam_t_m2c": [-226.95635986328125, 67.78319549560547, 897.7437744140625], "obj_id": 3}, {"cam_R_m2c": [-0.735859751701355, 0.6659587621688843, -0.12251174449920654, 0.5118011832237244, 0.42854517698287964, -0.7445861101150513, -0.44336190819740295, -0.610612690448761, -0.6561875939369202], "cam_t_m2c": [-226.95635986328125, 67.78319549560547, 897.7437744140625], "obj_id": 0}, {"cam_R_m2c": [-0.735859751701355, 0.6659587621688843, -0.12251174449920654, 0.5118011832237244, 0.42854517698287964, -0.7445861101150513, -0.44336190819740295, -0.610612690448761, -0.6561875939369202], "cam_t_m2c": [-226.95635986328125, 67.78319549560547, 897.7437744140625], "obj_id": 3}, {"cam_R_m2c": [-0.735859751701355, 0.6659587621688843, -0.12251174449920654, 0.5118011832237244, 0.42854517698287964, -0.7445861101150513, -0.44336190819740295, -0.610612690448761, -0.6561875939369202], "cam_t_m2c": [-226.95635986328125, 67.78319549560547, 897.7437744140625], "obj_id": 3}, {"cam_R_m2c": [-0.735859751701355, 0.6659587621688843, -0.12251174449920654, 0.5118011832237244, 0.42854517698287964, -0.7445861101150513, -0.44336190819740295, -0.610612690448761, -0.6561875939369202], "cam_t_m2c": [-226.95635986328125, 67.78319549560547, 897.7437744140625], "obj_id": 2}, {"cam_R_m2c": [-0.735859751701355, 0.6659587621688843, -0.12251174449920654, 0.5118011832237244, 0.42854517698287964, -0.7445861101150513, -0.44336190819740295, -0.610612690448761, -0.6561875939369202], "cam_t_m2c": [-226.95635986328125, 67.78319549560547, 897.7437744140625], "obj_id": 3}, {"cam_R_m2c": [-0.735859751701355, 0.6659587621688843, -0.12251174449920654, 0.5118011832237244, 0.42854517698287964, -0.7445861101150513, -0.44336190819740295, -0.610612690448761, -0.6561875939369202], "cam_t_m2c": [-226.95635986328125, 67.78319549560547, 897.7437744140625], "obj_id": 2}, {"cam_R_m2c": [-0.735859751701355, 0.6659587621688843, -0.12251174449920654, 0.5118011832237244, 0.42854517698287964, -0.7445861101150513, -0.44336190819740295, -0.610612690448761, -0.6561875939369202], "cam_t_m2c": [-226.95635986328125, 67.78319549560547, 897.7437744140625], "obj_id": 1}, {"cam_R_m2c": [-0.8120203614234924, 0.5093656778335571, 0.2849021852016449, 0.5320104956626892, 0.8467341065406799, 0.0024786542635411024, -0.23997384309768677, 0.15358367562294006, -0.9585532546043396], "cam_t_m2c": [-209.4801788330078, 47.54007339477539, 892.7265625], "obj_id": 1}, {"cam_R_m2c": [-0.10378231853246689, 0.9816979765892029, -0.15968136489391327, -0.7464563250541687, -0.18297915160655975, -0.6397823095321655, -0.6572914719581604, 0.05279703438282013, 0.7517848014831543], "cam_t_m2c": [-165.5421905517578, 191.37966918945312, 697.1024780273438], "obj_id": 2}, {"cam_R_m2c": [0.5285056829452515, -0.6269758939743042, 0.5723485946655273, -0.5028544068336487, -0.7744014263153076, -0.3839787244796753, 0.6839730143547058, -0.08487311750650406, -0.724553108215332], "cam_t_m2c": [-8.54002571105957, 32.02156066894531, 916.101806640625], "obj_id": 3}, {"cam_R_m2c": [-0.13053622841835022, -0.5449596047401428, -0.8282385468482971, -0.7549628615379333, -0.48685240745544434, 0.43932393193244934, -0.6426438689231873, 0.6826371550559998, -0.34787222743034363], "cam_t_m2c": [-8.339563369750977, 100.0836410522461, 771.3473510742188], "obj_id": 4}],
  "2": [{"cam_R_m2c": [-0.735859751701355, 0.6659587621688843, -0.12251174449920654, 0.5118011832237244, 0.42854517698287964, -0.7445861101150513, -0.44336190819740295, -0.610612690448761, -0.6561875939369202], "cam_t_m2c": [-226.95635986328125, 67.78319549560547, 897.7437744140625], "obj_id": 3}, {"cam_R_m2c": [-0.735859751701355, 0.6659587621688843, -0.12251174449920654, 0.5118011832237244, 0.42854517698287964, -0.7445861101150513, -0.44336190819740295, -0.610612690448761, -0.6561875939369202], "cam_t_m2c": [-226.95635986328125, 67.78319549560547, 897.7437744140625], "obj_id": 1}, {"cam_R_m2c": [-0.735859751701355, 0.6659587621688843, -0.12251174449920654, 0.5118011832237244, 0.42854517698287964, -0.7445861101150513, -0.44336190819740295, -0.610612690448761, -0.6561875939369202], "cam_t_m2c": [-226.95635986328125, 67.78319549560547, 897.7437744140625], "obj_id": 3}, {"cam_R_m2c": [-0.735859751701355, 0.6659587621688843, -0.12251174449920654, 0.5118011832237244, 0.42854517698287964, -0.7445861101150513, -0.44336190819740295, -0.610612690448761, -0.6561875939369202], "cam_t_m2c": [-226.95635986328125, 67.78319549560547, 897.7437744140625], "obj_id": 0}, {"cam_R_m2c": [-0.735859751701355, 0.6659587621688843, -0.12251174449920654, 0.5118011832237244, 0.42854517698287964, -0.7445861101150513, -0.44336190819740295, -0.610612690448761, -0.6561875939369202], "cam_t_m2c": [-226.95635986328125, 67.78319549560547, 897.7437744140625], "obj_id": 3}, {"cam_R_m2c": [-0.735859751701355, 0.6659587621688843, -0.12251174449920654, 0.5118011832237244, 0.42854517698287964, -0.7445861101150513, -0.44336190819740295, -0.610612690448761, -0.6561875939369202], "cam_t_m2c": [-226.95635986328125, 67.78319549560547, 897.7437744140625], "obj_id": 0}, {"cam_R_m2c": [-0.735859751701355, 0.6659587621688843, -0.12251174449920654, 0.5118011832237244, 0.42854517698287964, -0.7445861101150513, -0.44336190819740295, -0.610612690448761, -0.6561875939369202], "cam_t_m2c": [-226.95635986328125, 67.78319549560547, 897.7437744140625], "obj_id": 3}, {"cam_R_m2c": [-0.735859751701355, 0.6659587621688843, -0.12251174449920654, 0.5118011832237244, 0.42854517698287964, -0.7445861101150513, -0.44336190819740295, -0.610612690448761, -0.6561875939369202], "cam_t_m2c": [-226.95635986328125, 67.78319549560547, 897.7437744140625], "obj_id": 3}, {"cam_R_m2c": [-0.735859751701355, 0.6659587621688843, -0.12251174449920654, 0.5118011832237244, 0.42854517698287964, -0.7445861101150513, -0.44336190819740295, -0.610612690448761, -0.6561875939369202], "cam_t_m2c": [-226.95635986328125, 67.78319549560547, 897.7437744140625], "obj_id": 2}, {"cam_R_m2c": [-0.735859751701355, 0.6659587621688843, -0.12251174449920654, 0.5118011832237244, 0.42854517698287964, -0.7445861101150513, -0.44336190819740295, -0.610612690448761, -0.6561875939369202], "cam_t_m2c": [-226.95635986328125, 67.78319549560547, 897.7437744140625], "obj_id": 3}, {"cam_R_m2c": [-0.735859751701355, 0.6659587621688843, -0.12251174449920654, 0.5118011832237244, 0.42854517698287964, -0.7445861101150513, -0.44336190819740295, -0.610612690448761, -0.6561875939369202], "cam_t_m2c": [-226.95635986328125, 67.78319549560547, 897.7437744140625], "obj_id": 2}, {"cam_R_m2c": [-0.735859751701355, 0.6659587621688843, -0.12251174449920654, 0.5118011832237244, 0.42854517698287964, -0.7445861101150513, -0.44336190819740295, -0.610612690448761, -0.6561875939369202], "cam_t_m2c": [-226.95635986328125, 67.78319549560547, 897.7437744140625], "obj_id": 1}, {"cam_R_m2c": [-0.8120203614234924, 0.5093656778335571, 0.2849021852016449, 0.5320104956626892, 0.8467341065406799, 0.0024786542635411024, -0.23997384309768677, 0.15358367562294006, -0.9585532546043396], "cam_t_m2c": [-209.4801788330078, 47.54007339477539, 892.7265625], "obj_id": 1}, {"cam_R_m2c": [-0.10378231853246689, 0.9816979765892029, -0.15968136489391327, -0.7464563250541687, -0.18297915160655975, -0.6397823095321655, -0.6572914719581604, 0.05279703438282013, 0.7517848014831543], "cam_t_m2c": [-165.5421905517578, 191.37966918945312, 697.1024780273438], "obj_id": 2}, {"cam_R_m2c": [0.5285056829452515, -0.6269758939743042, 0.5723485946655273, -0.5028544068336487, -0.7744014263153076, -0.3839787244796753, 0.6839730143547058, -0.08487311750650406, -0.724553108215332], "cam_t_m2c": [-8.54002571105957, 32.02156066894531, 916.101806640625], "obj_id": 3}, {"cam_R_m2c": [-0.13053622841835022, -0.5449596047401428, -0.8282385468482971, -0.7549628615379333, -0.48685240745544434, 0.43932393193244934, -0.6426438689231873, 0.6826371550559998, -0.34787222743034363], "cam_t_m2c": [-8.339563369750977, 100.0836410522461, 771.3473510742188], "obj_id": 4}],
  "3": [{"cam_R_m2c": [-0.9732683897018433, 0.05702381581068039, -0.22247865796089172, 0.22754202783107758, 0.37097862362861633, -0.9003329277038574, 0.031194396317005157, -0.9268889427185059, -0.3740370273590088], "cam_t_m2c": [-211.66502380371094, 14.067791938781738, 998.770263671875], "obj_id": 3}, {"cam_R_m2c": [-0.9732683897018433, 0.05702381581068039, -0.22247865796089172, 0.22754202783107758, 0.37097862362861633, -0.9003329277038574, 0.031194396317005157, -0.9268889427185059, -0.3740370273590088], "cam_t_m2c": [-211.66502380371094, 14.067791938781738, 998.770263671875], "obj_id": 1}, {"cam_R_m2c": [-0.9732683897018433, 0.05702381581068039, -0.22247865796089172, 0.22754202783107758, 0.37097862362861633, -0.9003329277038574, 0.031194396317005157, -0.9268889427185059, -0.3740370273590088], "cam_t_m2c": [-211.66502380371094, 14.067791938781738, 998.770263671875], "obj_id": 3}, {"cam_R_m2c": [-0.9732683897018433, 0.05702381581068039, -0.22247865796089172, 0.22754202783107758, 0.37097862362861633, -0.9003329277038574, 0.031194396317005157, -0.9268889427185059, -0.3740370273590088], "cam_t_m2c": [-211.66502380371094, 14.067791938781738, 998.770263671875], "obj_id": 0}, {"cam_R_m2c": [-0.9732683897018433, 0.05702381581068039, -0.22247865796089172, 0.22754202783107758, 0.37097862362861633, -0.9003329277038574, 0.031194396317005157, -0.9268889427185059, -0.3740370273590088], "cam_t_m2c": [-211.66502380371094, 14.067791938781738, 998.770263671875], "obj_id": 3}, {"cam_R_m2c": [-0.9732683897018433, 0.05702381581068039, -0.22247865796089172, 0.22754202783107758, 0.37097862362861633, -0.9003329277038574, 0.031194396317005157, -0.9268889427185059, -0.3740370273590088], "cam_t_m2c": [-211.66502380371094, 14.067791938781738, 998.770263671875], "obj_id": 0}, {"cam_R_m2c": [-0.9732683897018433, 0.05702381581068039, -0.22247865796089172, 0.22754202783107758, 0.37097862362861633, -0.9003329277038574, 0.031194396317005157, -0.9268889427185059, -0.3740370273590088], "cam_t_m2c": [-211.66502380371094, 14.067791938781738, 998.770263671875], "obj_id": 3}, {"cam_R_m2c": [-0.9732683897018433, 0.05702381581068039, -0.22247865796089172, 0.22754202783107758, 0.37097862362861633, -0.9003329277038574, 0.031194396317005157, -0.9268889427185059, -0.3740370273590088], "cam_t_m2c": [-211.66502380371094, 14.067791938781738, 998.770263671875], "obj_id": 3}, {"cam_R_m2c": [-0.9732683897018433, 0.05702381581068039, -0.22247865796089172, 0.22754202783107758, 0.37097862362861633, -0.9003329277038574, 0.031194396317005157, -0.9268889427185059, -0.3740370273590088], "cam_t_m2c": [-211.66502380371094, 14.067791938781738, 998.770263671875], "obj_id": 2}, {"cam_R_m2c": [-0.9732683897018433, 0.05702381581068039, -0.22247865796089172, 0.22754202783107758, 0.37097862362861633, -0.9003329277038574, 0.031194396317005157, -0.9268889427185059, -0.3740370273590088], "cam_t_m2c": [-211.66502380371094, 14.067791938781738, 998.770263671875], "obj_id": 3}, {"cam_R_m2c": [-0.9732683897018433, 0.05702381581068039, -0.22247865796089172, 0.22754202783107758, 0.37097862362861633, -0.9003329277038574, 0.031194396317005157, -0.9268889427185059, -0.3740370273590088], "cam_t_m2c": [-211.66502380371094, 14.067791938781738, 998.770263671875], "obj_id": 2}, {"cam_R_m2c": [-0.9732683897018433, 0.05702381581068039, -0.22247865796089172, 0.22754202783107758, 0.37097862362861633, -0.9003329277038574, 0.031194396317005157, -0.9268889427185059, -0.3740370273590088], "cam_t_m2c": [-211.66502380371094, 14.067791938781738, 998.770263671875], "obj_id": 1}, {"cam_R_m2c": [-0.9286328554153442, 0.22055752575397491, -0.29832127690315247, 0.28576013445854187, 0.9380409717559814, -0.1960110068321228, 0.23660586774349213, -0.267270565032959, -0.9341222047805786], "cam_t_m2c": [-194.49606323242188, -3.080796480178833, 986.460693359375], "obj_id": 1}, {"cam_R_m2c": [-0.20786601305007935, 0.8521339893341064, 0.480270117521286, -0.8988355398178101, 0.027284519746899605, -0.43743595480918884, -0.3858579695224762, -0.5226119160652161, 0.7602567672729492], "cam_t_m2c": [-310.6296081542969, 89.78577423095703, 789.5394287109375], "obj_id": 2}, {"cam_R_m2c": [0.9390562176704407, -0.2974533438682556, 0.17232200503349304, -0.19508832693099976, -0.8738670945167542, -0.4453049302101135, 0.2830440104007721, 0.3845483362674713, -0.8786400556564331], "cam_t_m2c": [-20.011812210083008, 26.560474395751953, 887.259765625], "obj_id": 3}, {"cam_R_m2c": [-0.2182030975818634, 0.09457392990589142, -0.9713100790977478, -0.908104419708252, -0.38417667150497437, 0.16659773886203766, -0.3573988080024719, 0.9184030890464783, 0.16971145570278168], "cam_t_m2c": [-119.37535095214844, 52.847137451171875, 764.6944580078125], "obj_id": 4}],
  "4": [{"cam_R_m2c": [-0.9732683897018433, 0.05702381581068039, -0.22247865796089172, 0.22754202783107758, 0.37097862362861633, -0.9003329277038574, 0.031194396317005157, -0.9268889427185059, -0.3740370273590088], "cam_t_m2c": [-211.66502380371094, 14.067791938781738, 998.770263671875], "obj_id": 3}, {"cam_R_m2c": [-0.9732683897018433, 0.05702381581068039, -0.22247865796089172, 0.22754202783107758, 0.37097862362861633, -0.9003329277038574, 0.031194396317005157, -0.9268889427185059, -0.3740370273590088], "cam_t_m2c": [-211.66502380371094, 14.067791938781738, 998.770263671875], "obj_id": 1}, {"cam_R_m2c": [-0.9732683897018433, 0.05702381581068039, -0.22247865796089172, 0.22754202783107758, 0.37097862362861633, -0.9003329277038574, 0.031194396317005157, -0.9268889427185059, -0.3740370273590088], "cam_t_m2c": [-211.66502380371094, 14.067791938781738, 998.770263671875], "obj_id": 3}, {"cam_R_m2c": [-0.9732683897018433, 0.05702381581068039, -0.22247865796089172, 0.22754202783107758, 0.37097862362861633, -0.9003329277038574, 0.031194396317005157, -0.9268889427185059, -0.3740370273590088], "cam_t_m2c": [-211.66502380371094, 14.067791938781738, 998.770263671875], "obj_id": 0}, {"cam_R_m2c": [-0.9732683897018433, 0.05702381581068039, -0.22247865796089172, 0.22754202783107758, 0.37097862362861633, -0.9003329277038574, 0.031194396317005157, -0.9268889427185059, -0.3740370273590088], "cam_t_m2c": [-211.66502380371094, 14.067791938781738, 998.770263671875], "obj_id": 3}, {"cam_R_m2c": [-0.9732683897018433, 0.05702381581068039, -0.22247865796089172, 0.22754202783107758, 0.37097862362861633, -0.9003329277038574, 0.031194396317005157, -0.9268889427185059, -0.3740370273590088], "cam_t_m2c": [-211.66502380371094, 14.067791938781738, 998.770263671875], "obj_id": 0}, {"cam_R_m2c": [-0.9732683897018433, 0.05702381581068039, -0.22247865796089172, 0.22754202783107758, 0.37097862362861633, -0.9003329277038574, 0.031194396317005157, -0.9268889427185059, -0.3740370273590088], "cam_t_m2c": [-211.66502380371094, 14.067791938781738, 998.770263671875], "obj_id": 3}, {"cam_R_m2c": [-0.9732683897018433, 0.05702381581068039, -0.22247865796089172, 0.22754202783107758, 0.37097862362861633, -0.9003329277038574, 0.031194396317005157, -0.9268889427185059, -0.3740370273590088], "cam_t_m2c": [-211.66502380371094, 14.067791938781738, 998.770263671875], "obj_id": 3}, {"cam_R_m2c": [-0.9732683897018433, 0.05702381581068039, -0.22247865796089172, 0.22754202783107758, 0.37097862362861633, -0.9003329277038574, 0.031194396317005157, -0.9268889427185059, -0.3740370273590088], "cam_t_m2c": [-211.66502380371094, 14.067791938781738, 998.770263671875], "obj_id": 2}, {"cam_R_m2c": [-0.9732683897018433, 0.05702381581068039, -0.22247865796089172, 0.22754202783107758, 0.37097862362861633, -0.9003329277038574, 0.031194396317005157, -0.9268889427185059, -0.3740370273590088], "cam_t_m2c": [-211.66502380371094, 14.067791938781738, 998.770263671875], "obj_id": 3}, {"cam_R_m2c": [-0.9732683897018433, 0.05702381581068039, -0.22247865796089172, 0.22754202783107758, 0.37097862362861633, -0.9003329277038574, 0.031194396317005157, -0.9268889427185059, -0.3740370273590088], "cam_t_m2c": [-211.66502380371094, 14.067791938781738, 998.770263671875], "obj_id": 2}, {"cam_R_m2c": [-0.9732683897018433, 0.05702381581068039, -0.22247865796089172, 0.22754202783107758, 0.37097862362861633, -0.9003329277038574, 0.031194396317005157, -0.9268889427185059, -0.3740370273590088], "cam_t_m2c": [-211.66502380371094, 14.067791938781738, 998.770263671875], "obj_id": 1}, {"cam_R_m2c": [-0.9286328554153442, 0.22055752575397491, -0.29832127690315247, 0.28576013445854187, 0.9380409717559814, -0.1960110068321228, 0.23660586774349213, -0.267270565032959, -0.9341222047805786], "cam_t_m2c": [-194.49606323242188, -3.080796480178833, 986.460693359375], "obj_id": 1}, {"cam_R_m2c": [-0.20786601305007935, 0.8521339893341064, 0.480270117521286, -0.8988355398178101, 0.027284519746899605, -0.43743595480918884, -0.3858579695224762, -0.5226119160652161, 0.7602567672729492], "cam_t_m2c": [-310.6296081542969, 89.78577423095703, 789.5394287109375], "obj_id": 2}, {"cam_R_m2c": [0.9390562176704407, -0.2974533438682556, 0.17232200503349304, -0.19508832693099976, -0.8738670945167542, -0.4453049302101135, 0.2830440104007721, 0.3845483362674713, -0.8786400556564331], "cam_t_m2c": [-20.011812210083008, 26.560474395751953, 887.259765625], "obj_id": 3}, {"cam_R_m2c": [-0.2182030975818634, 0.09457392990589142, -0.9713100790977478, -0.908104419708252, -0.38417667150497437, 0.16659773886203766, -0.3573988080024719, 0.9184030890464783, 0.16971145570278168], "cam_t_m2c": [-119.37535095214844, 52.847137451171875, 764.6944580078125], "obj_id": 4}]
}