{
  "0": [{"cam_R_m2c": [-0.08952580392360687, 0.0964876040816307, 0.9912997484207153, 0.8167696595191956, 0.5766944289207458, 0.017631512135267258, -0.5699758529663086, 0.8112420439720154, -0.13043716549873352], "cam_t_m2c": [227.03591918945312, 158.80902099609375, 615.9246215820312], "obj_id": 3}, {"cam_R_m2c": [0.993911623954773, -0.04923464357852936, 0.09856795519590378, -0.08905226737260818, -0.885758101940155, 0.4555243253707886, 0.06487978249788284, -0.46152862906455994, -0.884749710559845], "cam_t_m2c": [160.00779724121094, -120.93899536132812, 698.0028686523438], "obj_id": 3}, {"cam_R_m2c": [0.13599315285682678, -0.8204464316368103, -0.555313766002655, 0.9901638031005859, 0.1311652958393097, 0.048695679754018784, 0.032885678112506866, -0.5564739108085632, 0.8302140235900879], "cam_t_m2c": [-31.92807388305664, -37.54752731323242, 685.1869506835938], "obj_id": 3}, {"cam_R_m2c": [0.649106502532959, -0.23240156471729279, 0.7243274450302124, -0.5372742414474487, -0.8141384124755859, 0.2202611118555069, 0.5385137796401978, -0.5321354269981384, -0.6533259153366089], "cam_t_m2c": [218.8754119873047, -113.19764709472656, 700.1041259765625], "obj_id": 3}, {"cam_R_m2c": [-0.8515465259552002, 0.46089571714401245, 0.2498873770236969, -0.5005336999893188, -0.5728746652603149, -0.649061381816864, -0.1559954583644867, -0.6777830123901367, 0.7185232043266296], "cam_t_m2c": [338.9463806152344, -42.74281311035156, 742.71435546875], "obj_id": 3}, {"cam_R_m2c": [-0.9698055982589722, 0.21636147797107697, -0.1125384271144867, 0.01179868821054697, -0.4192863702774048, -0.9077773690223694, -0.24359387159347534, -0.8816953897476196, 0.40407341718673706], "cam_t_m2c": [210.6373748779297, 196.04981994628906, 782.3840942382812], "obj_id": 3}, {"cam_R_m2c": [-0.2153405249118805, 0.789653480052948, -0.5745224356651306, 0.8706783652305603, 0.4216654598712921, 0.25321438908576965, 0.4422079026699066, -0.4456969201564789, -0.7783358097076416], "cam_t_m2c": [131.19454956054688, 265.2582702636719, 725.1505126953125], "obj_id": 3}, {"cam_R_m2c": [0.07481828331947327, -0.7942301630973816, -0.6029930114746094, 0.5194686651229858, 0.547203779220581, -0.6562927961349487, 0.8512076139450073, -0.2641333341598511, 0.4535185694694519], "cam_t_m2c": [222.4268341064453, 200.93670654296875, 621.468017578125], "obj_id": 3}, {"cam_R_m2c": [0.4916730225086212, 0.8701585531234741, 0.032888419926166534, -0.4171670377254486, 0.20222656428813934, 0.8860451579093933, 0.7643489241600037, -0.44936442375183105, 0.462430864572525], "cam_t_m2c": [186.48179626464844, -178.6955108642578, 657.6441040039062], "obj_id": 3}, {"cam_R_m2c": [0.6028645038604736, -0.7596073746681213, -0.24403080344200134, -0.7050147652626038, -0.3640021085739136, -0.6086514592170715, 0.37350842356681824, 0.538979709148407, -0.754978358745575], "cam_t_m2c": [132.39764404296875, -61.945491790771484, 724.4400634765625], "obj_id": 3}, {"cam_R_m2c": [-0.6529150605201721, -0.04782121255993843, 0.7559199929237366, -0.573285698890686, -0.6210474967956543, -0.534456193447113, 0.4950205981731415, -0.7823126316070557, 0.37807607650756836], "cam_t_m2c": [-50.4864501953125, 134.02162170410156, 823.528564453125], "obj_id": 3}, {"cam_R_m2c": [-0.49547722935676575, 0.5263898968696594, -0.6909528970718384, 0.8674866557121277, 0.3405071794986725, -0.36265915632247925, 0.04437427595257759, -0.7790818214416504, -0.6253498196601868], "cam_t_m2c": [153.6535186767578, 181.40313720703125, 767.7017211914062], "obj_id": 3}, {"cam_R_m2c": [0.8928303718566895, -0.11069323867559433, -0.4365786910057068, 0.4501212239265442, 0.18562442064285278, 0.8734610676765442, -0.01564662717282772, -0.9763659238815308, 0.21555651724338531], "cam_t_m2c": [178.3468017578125, 326.19793701171875, 651.5291748046875], "obj_id": 3}, {"cam_R_m2c": [-0.20884905755519867, -0.5922890305519104, -0.7781875729560852, 0.16162721812725067, 0.7638872861862183, -0.6247822642326355, 0.9644992351531982, -0.2562614381313324, -0.06380712985992432], "cam_t_m2c": [225.8218994140625, 318.5670166015625, 589.65966796875], "obj_id": 3}, {"cam_R_m2c": [-0.00624697282910347, -0.9822767376899719, -0.18733268976211548, 0.29294058680534363, -0.18091537058353424, 0.938858687877655, -0.9561102986335754, -0.049012381583452225, 0.28887879848480225], "cam_t_m2c": [37.172088623046875, 165.95278930664062, 804.4913330078125], "obj_id": 3}, {"cam_R_m2c": [0.9038169384002686, -0.34866470098495483, 0.24808835983276367, -0.3259108364582062, -0.9365684986114502, -0.12892436981201172, 0.27730312943458557, 0.035669341683387756, -0.9601200819015503], "cam_t_m2c": [161.862548828125, 120.41448211669922, 894.4129638671875], "obj_id": 3}, {"cam_R_m2c": [0.9852539300918579, -0.15276281535625458, -0.07705986499786377, 0.13465654850006104, 0.41445207595825195, 0.900053858757019, -0.1055571660399437, -0.8971582055091858, 0.4289110600948334], "cam_t_m2c": [51.048072814941406, -70.35735321044922, 574.2396240234375], "obj_id": 3}, {"cam_R_m2c": [-0.04683315008878708, -0.4864259660243988, -0.8724656701087952, -0.8595669865608215, 0.4645744860172272, -0.21287348866462708, 0.5088725090026855, 0.7399731874465942, -0.43987318873405457], "cam_t_m2c": [110.6777114868164, 238.36282348632812, 647.0167236328125], "obj_id": 3}, {"cam_R_m2c": [-0.05381772667169571, -0.9228088855743408, -0.3814801275730133, -0.5091533064842224, -0.3032800853252411, 0.8054711222648621, -0.8589914441108704, 0.23758064210414886, -0.4535292387008667], "cam_t_m2c": [34.425872802734375, -168.72274780273438, 654.2508544921875], "obj_id": 3}, {"cam_R_m2c": [-0.46953222155570984, -0.6157793402671814, 0.6327361464500427, -0.39861664175987244, -0.49160343408584595, -0.7742290496826172, 0.7878096103668213, -0.6157447099685669, -0.014636064879596233], "cam_t_m2c": [11.647555351257324, 29.09478187561035, 457.0692138671875], "obj_id": 3}, {"cam_R_m2c": [-0.38112396001815796, -0.7588849067687988, -0.5280512571334839, 0.05933632701635361, 0.5499044060707092, -0.8331172466278076, 0.9226178526878357, -0.34885358810424805, -0.16455228626728058], "cam_t_m2c": [319.8182067871094, -147.15414428710938, 644.2967529296875], "obj_id": 3}, {"cam_R_m2c": [-0.7538514733314514, -0.5557637214660645, 0.35047799348831177, -0.6523462533950806, 0.569408655166626, -0.5002181529998779, 0.07843788713216782, -0.6057231426239014, -0.7917999029159546], "cam_t_m2c": [-30.664566040039062, 87.89850616455078, 594.5709838867188], "obj_id": 3}, {"cam_R_m2c": [0.6053307056427002, 0.17514730989933014, 0.7764651775360107, -0.7847885489463806, -0.03163541480898857, 0.6189556121826172, 0.13297222554683685, -0.9840338230133057, 0.11830372363328934], "cam_t_m2c": [115.65457916259766, 298.8692321777344, 716.8203125], "obj_id": 3}, {"cam_R_m2c": [-0.39885348081588745, -0.4077412784099579, -0.8213784694671631, -0.9012148380279541, 0.008737083524465561, 0.43328428268432617, -0.16949155926704407, 0.9130555391311646, -0.3709471523761749], "cam_t_m2c": [194.6907958984375, 267.73333740234375, 753.690673828125], "obj_id": 3}, {"cam_R_m2c": [-0.8819169402122498, -0.39574798941612244, -0.25613632798194885, -0.4451858699321747, 0.5205176472663879, 0.7286088466644287, -0.1550220102071762, 0.7566008567810059, -0.6352347135543823], "cam_t_m2c": [134.60879516601562, 267.06817626953125, 664.4283447265625], "obj_id": 3}, {"cam_R_m2c": [-0.7064849138259888, -0.6631478667259216, 0.24721230566501617, -0.6719467043876648, 0.7381759285926819, 0.059865791350603104, -0.22218604385852814, -0.12381921708583832, -0.9671101570129395], "cam_t_m2c": [277.9610290527344, -45.81109619140625, 530.9383544921875], "obj_id": 3}, {"cam_R_m2c": [0.13835808634757996, -0.34941938519477844, 0.9266947507858276, -0.9324634075164795, -0.3612518608570099, 0.0030057651456445456, 0.333719938993454, -0.864524781703949, -0.3758028745651245], "cam_t_m2c": [30.720304489135742, 134.6146240234375, 587.7814331054688], "obj_id": 3}, {"cam_R_m2c": [-0.7060373425483704, -0.6118621230125427, 0.35656097531318665, -0.5093357563018799, 0.08892152458429337, -0.8559613823890686, 0.4920244812965393, -0.7859501242637634, -0.37442508339881897], "cam_t_m2c": [-77.55664825439453, -91.41796875, 608.4185180664062], "obj_id": 3}, {"cam_R_m2c": [0.8840832114219666, -0.36898142099380493, 0.2867918610572815, -0.34191036224365234, -0.09234602004289627, 0.935184121131897, -0.3185814917087555, -0.9248377084732056, -0.20780013501644135], "cam_t_m2c": [-91.4197769165039, 176.30751037597656, 831.2590942382812], "obj_id": 1}, {"cam_R_m2c": [-0.7866926193237305, -0.45206260681152344, -0.42042118310928345, 0.6151363849639893, -0.6315619945526123, -0.4719497859477997, -0.05217119678854942, -0.629895806312561, 0.7749254107475281], "cam_t_m2c": [279.0668640136719, -14.014541625976562, 691.4172973632812], "obj_id": 1}, {"cam_R_m2c": [-0.28221845626831055, 0.8838757872581482, 0.37298282980918884, 0.4179129898548126, -0.23669053614139557, 0.8771123886108398, 0.86353999376297, 0.40341174602508545, -0.3025846779346466], "cam_t_m2c": [176.2290496826172, 215.5021209716797, 589.412109375], "obj_id": 1}, {"cam_R_m2c": [-0.07474291324615479, -0.6586867570877075, -0.7486957907676697, -0.7379552721977234, -0.46843451261520386, 0.48578938841819763, -0.6706978678703308, 0.5888132452964783, -0.45106929540634155], "cam_t_m2c": [307.8488464355469, -88.03929901123047, 603.78857421875], "obj_id": 1}, {"cam_R_m2c": [-0.20346568524837494, -0.37413105368614197, 0.904780387878418, 0.4559585154056549, 0.7815773487091064, 0.42572128772735596, -0.8664314150810242, 0.49916204810142517, 0.011564099229872227], "cam_t_m2c": [-80.35113525390625, 220.616455078125, 795.1560668945312], "obj_id": 1}, {"cam_R_m2c": [-0.679179310798645, 0.40951812267303467, -0.6091060638427734, -0.21944598853588104, -0.9052149057388306, -0.3639082908630371, -0.7003989815711975, -0.11349311470985413, 0.7046704888343811], "cam_t_m2c": [-121.97158813476562, 106.03512573242188, 548.573486328125], "obj_id": 1}, {"cam_R_m2c": [0.9863694310188293, -0.10106868296861649, -0.12984803318977356, 0.16311778128147125, 0.49684983491897583, 0.852368950843811, -0.021632835268974304, -0.8619311451911926, 0.5065636038780212], "cam_t_m2c": [-46.255584716796875, 290.4237976074219, 716.6047973632812], "obj_id": 1}, {"cam_R_m2c": [0.9034097194671631, 0.30660828948020935, -0.2997369170188904, -0.315955251455307, 0.9486022591590881, 0.0180567167699337, 0.28986746072769165, 0.07839085161685944, 0.9538509845733643], "cam_t_m2c": [135.3545684814453, -69.74715423583984, 740.935546875], "obj_id": 1}, {"cam_R_m2c": [0.3166247606277466, 0.44882097840309143, -0.8356484770774841, -0.9158183932304382, 0.37407979369163513, -0.1460852026939392, 0.2470330446958542, 0.8115564584732056, 0.5294815301895142], "cam_t_m2c": [36.73286056518555, -57.45083236694336, 658.582275390625], "obj_id": 1}, {"cam_R_m2c": [-0.7137972712516785, 0.00986473448574543, -0.700282871723175, -0.5323471426963806, 0.6420838236808777, 0.5516655445098877, 0.4550822973251343, 0.7665709853172302, -0.4530661702156067], "cam_t_m2c": [-103.33409881591797, 177.94386291503906, 795.3058471679688], "obj_id": 1}, {"cam_R_m2c": [0.24826812744140625, -0.30148816108703613, 0.9205801486968994, -0.033040303736925125, -0.9524163603782654, -0.3030039370059967, 0.9681277275085449, 0.0448099710047245, -0.2464158535003662], "cam_t_m2c": [253.39404296875, 125.80622863769531, 586.1070556640625], "obj_id": 1}, {"cam_R_m2c": [-0.7169928550720215, 0.6824553608894348, -0.142041876912117, 0.6890682578086853, 0.6630760431289673, -0.2924296259880066, -0.10538560897111893, -0.3075465261936188, -0.9456791281700134], "cam_t_m2c": [189.60191345214844, 82.4212417602539, 837.75732421875], "obj_id": 1}, {"cam_R_m2c": [-0.1991124451160431, -0.9660638570785522, 0.16454367339611053, 0.7587413787841797, -0.04570778086781502, 0.6497861742973328, -0.62021404504776, 0.2542267143726349, 0.7420938611030579], "cam_t_m2c": [-129.04891967773438, 283.5330505371094, 706.5812377929688], "obj_id": 1}, {"cam_R_m2c": [0.035063859075307846, -0.7630478739738464, -0.6453901529312134, 0.9618793725967407, 0.20102337002754211, -0.18541227281093597, 0.2712169289588928, -0.6142861843109131, 0.7410086989402771], "cam_t_m2c": [-16.196866989135742, -142.1016387939453, 621.242919921875], "obj_id": 1}, {"cam_R_m2c": [-0.8595569729804993, -0.24813687801361084, 0.4467547833919525, -0.28524520993232727, -0.49239876866340637, -0.8223007917404175, 0.42402467131614685, -0.8342490196228027, 0.3524650037288666], "cam_t_m2c": [231.5874786376953, 217.14224243164062, 800.9246215820312], "obj_id": 1}, {"cam_R_m2c": [-0.19101431965827942, -0.9277103543281555, -0.32072848081588745, 0.566796064376831, 0.16252489387989044, -0.8076680302619934, 0.8014084100723267, -0.336063951253891, 0.4947781562805176], "cam_t_m2c": [249.1819305419922, 81.76246643066406, 771.0350341796875], "obj_id": 1}, {"cam_R_m2c": [-0.9424749612808228, 0.28636786341667175, -0.1724364161491394, 0.3276177942752838, 0.8937649130821228, -0.30635082721710205, 0.06638859212398529, -0.34522125124931335, -0.9361702799797058], "cam_t_m2c": [129.98556518554688, 232.7146759033203, 628.5617065429688], "obj_id": 1}, {"cam_R_m2c": [0.9699349999427795, -0.07857858389616013, -0.2303289920091629, 0.23391002416610718, 0.5622438192367554, 0.7932010889053345, 0.06717243790626526, -0.8232297897338867, 0.5637202858924866], "cam_t_m2c": [115.63927459716797, 205.81690979003906, 813.3389892578125], "obj_id": 1}, {"cam_R_m2c": [-0.6623410582542419, 0.4762715697288513, -0.5783336758613586, -0.730334997177124, -0.5825972557067871, 0.35663896799087524, -0.16707858443260193, 0.6585938930511475, 0.7337157726287842], "cam_t_m2c": [225.15504455566406, 150.25682067871094, 742.7015380859375], "obj_id": 1}, {"cam_R_m2c": [0.9025503993034363, 0.16207075119018555, -0.3989183008670807, 0.30854710936546326, -0.8896452784538269, 0.3366449773311615, -0.30033549666404724, -0.4269241690635681, -0.8529561758041382], "cam_t_m2c": [148.50030517578125, -189.35665893554688, 670.8397827148438], "obj_id": 1}, {"cam_R_m2c": [-0.06299983710050583, 0.9497355222702026, 0.30664879083633423, -0.7944787740707397, 0.13823302090168, -0.5913503170013428, -0.6040153503417969, -0.2808808982372284, 0.7458360195159912], "cam_t_m2c": [-41.76337432861328, -1.5722997188568115, 651.527099609375], "obj_id": 1}, {"cam_R_m2c": [0.032698433846235275, 0.8736050724983215, 0.485535591840744, 0.32047751545906067, -0.4693087041378021, 0.8228263258934021, 0.9466915130615234, 0.1286982148885727, -0.29531633853912354], "cam_t_m2c": [104.57158660888672, 99.48190307617188, 604.3502197265625], "obj_id": 1}, {"cam_R_m2c": [-0.6478304266929626, 0.45549124479293823, -0.6106090545654297, -0.18839962780475616, 0.6808529496192932, 0.7077745795249939, 0.7381200790405273, 0.5735564827919006, -0.3552628755569458], "cam_t_m2c": [31.966060638427734, -105.12723541259766, 756.7720947265625], "obj_id": 1}, {"cam_R_m2c": [-0.5277004837989807, -0.4280391037464142, 0.7336992621421814, -0.8398417830467224, 0.3923304080963135, -0.3751567304134369, -0.12727074325084686, -0.8141617178916931, -0.5665180683135986], "cam_t_m2c": [200.11990356445312, -94.19500732421875, 661.3145751953125], "obj_id": 1}, {"cam_R_m2c": [0.32420259714126587, 0.8985813856124878, 0.2957097291946411, -0.6369437575340271, -0.023769155144691467, 0.7705438733100891, 0.6994250416755676, -0.43816280364990234, 0.564639687538147], "cam_t_m2c": [25.437257766723633, -115.73148345947266, 810.6527709960938], "obj_id": 1}, {"cam_R_m2c": [-0.8176378011703491, -0.03857700899243355, 0.5744390487670898, -0.15348702669143677, 0.9762484431266785, -0.15290752053260803, -0.5548964738845825, -0.2131919115781784, -0.804138720035553], "cam_t_m2c": [7.6340861320495605, -80.35346984863281, 752.9802856445312], "obj_id": 1}, {"cam_R_m2c": [-0.6301722526550293, 0.6873130202293396, 0.36122530698776245, -0.664495587348938, -0.23673133552074432, -0.7088045477867126, -0.40165722370147705, -0.6867015957832336, 0.6058980226516724], "cam_t_m2c": [160.1011505126953, 198.0350799560547, 739.983154296875], "obj_id": 1}, {"cam_R_m2c": [0.9181752800941467, 0.1704101860523224, 0.3576514422893524, 0.3816201388835907, -0.6228801012039185, -0.6829248666763306, 0.10639660805463791, 0.7635317444801331, -0.6369450688362122], "cam_t_m2c": [-0.4953673481941223, 166.3541259765625, 565.2396850585938], "obj_id": 1}, {"cam_R_m2c": [-0.6473212242126465, -0.6086888909339905, -0.4587732255458832, -0.09066040813922882, -0.5361342430114746, 0.8392499685287476, -0.7568062543869019, 0.5848569869995117, 0.2918672561645508], "cam_t_m2c": [97.64100646972656, 127.19334411621094, 494.95806884765625], "obj_id": 1}, {"cam_R_m2c": [-0.4140625298023224, 0.39259615540504456, -0.8212310671806335, -0.9072731733322144, -0.2508910298347473, 0.33750423789024353, -0.07353663444519043, 0.8848287463188171, 0.46007654070854187], "cam_t_m2c": [14.281327247619629, 12.948905944824219, 680.5361328125], "obj_id": 1}, {"cam_R_m2c": [-0.5187132954597473, -0.35232993960380554, -0.7789737582206726, 0.8525927066802979, -0.28076493740081787, -0.44074562191963196, -0.06342063099145889, -0.8927679657936096, 0.4460304379463196], "cam_t_m2c": [104.91285705566406, -57.79428482055664, 556.9136352539062], "obj_id": 1}, {"cam_R_m2c": [0.5602105855941772, -0.8034976124763489, 0.20138415694236755, -0.28419753909111023, -0.4147936999797821, -0.8643944263458252, 0.7780718207359314, 0.42701002955436707, -0.4607238471508026], "cam_t_m2c": [259.20660400390625, 124.68341064453125, 778.7915649414062], "obj_id": 1}, {"cam_R_m2c": [0.8328205943107605, 0.02378724329173565, -0.5530316233634949, -0.25706911087036133, 0.9014243483543396, -0.3483526408672333, 0.49022984504699707, 0.43228262662887573, 0.7568397521972656], "cam_t_m2c": [183.5198211669922, 63.92045211791992, 873.6831665039062], "obj_id": 1}, {"cam_R_m2c": [-0.40226998925209045, -0.5728739500045776, -0.7141388654708862, -0.03560850769281387, 0.7892354130744934, -0.6130574941635132, 0.914828360080719, -0.22118520736694336, -0.33788490295410156], "cam_t_m2c": [137.85147094726562, 215.99322509765625, 636.6937255859375], "obj_id": 1}, {"cam_R_m2c": [-0.5140080451965332, 0.8241866827011108, 0.23772256076335907, 0.4871247410774231, 0.5085768103599548, -0.7099712491035461, -0.7060490250587463, -0.24913039803504944, -0.6628943085670471], "cam_t_m2c": [198.10826110839844, -9.786481857299805, 548.2093505859375], "obj_id": 1}, {"cam_R_m2c": [-0.3157464265823364, 0.8886904120445251, -0.3324657380580902, 0.6662251949310303, 0.45713478326797485, 0.5892127752304077, 0.6756094098091125, -0.03545520454645157, -0.7364066243171692], "cam_t_m2c": [-45.89872360229492, -92.41810607910156, 649.6228637695312], "obj_id": 1}, {"cam_R_m2c": [-0.926385760307312, -0.3268197774887085, 0.18707743287086487, -0.23060539364814758, 0.8850833177566528, 0.40428784489631653, -0.2977083921432495, 0.3313854932785034, -0.8952949643135071], "cam_t_m2c": [142.20779418945312, 220.76547241210938, 772.3421020507812], "obj_id": 1}, {"cam_R_m2c": [0.48330703377723694, 0.12644070386886597, -0.86627197265625, -0.8733904361724854, 0.001788248890079558, -0.48701754212379456, -0.060029685497283936, 0.9919726252555847, 0.11129634082317352], "cam_t_m2c": [-33.66560363769531, -68.29762268066406, 800.5873413085938], "obj_id": 1}, {"cam_R_m2c": [-0.934658408164978, -0.18870630860328674, 0.3013359308242798, -0.3422688841819763, 0.7069954872131348, -0.6188774704933167, -0.0962570309638977, -0.6815770268440247, -0.7253875136375427], "cam_t_m2c": [195.2822265625, -178.31246948242188, 697.6251220703125], "obj_id": 1}, {"cam_R_m2c": [-0.3858224153518677, -0.2772704064846039, 0.8799216151237488, -0.8880666494369507, 0.3700275719165802, -0.2727951407432556, -0.24995723366737366, -0.8866795897483826, -0.38899949193000793], "cam_t_m2c": [-24.016525268554688, -77.09620666503906, 610.5150146484375], "obj_id": 1}, {"cam_R_m2c": [-0.08392080664634705, -0.7511314749717712, 0.6547967791557312, 0.6157863736152649, 0.4775349199771881, 0.6267117261886597, -0.7834312319755554, 0.4558090567588806, 0.4224613904953003], "cam_t_m2c": [55.6689567565918, 197.0947723388672, 657.3426513671875], "obj_id": 1}, {"cam_R_m2c": [-0.7532439231872559, 0.4787440896034241, 0.4510294198989868, -0.5540909171104431, -0.8313484191894531, -0.04292958229780197, 0.3544103503227234, -0.28224778175354004, 0.891476035118103], "cam_t_m2c": [101.77471923828125, 36.86079406738281, 666.2874145507812], "obj_id": 1}, {"cam_R_m2c": [-0.8205836415290833, -0.5031872987747192, 0.2710078954696655, 0.23146191239356995, -0.7261450290679932, -0.6474094390869141, 0.5225591659545898, -0.4685254991054535, 0.712331235408783], "cam_t_m2c": [221.69232177734375, -42.404720306396484, 679.3309936523438], "obj_id": 1}, {"cam_R_m2c": [-0.41646280884742737, 0.8887841105461121, -0.19136789441108704, -0.7342576384544373, -0.2046872079372406, 0.6472781896591187, 0.5361199975013733, 0.41008058190345764, 0.7378409504890442], "cam_t_m2c": [77.38592529296875, 209.23910522460938, 707.268310546875], "obj_id": 1}, {"cam_R_m2c": [-0.06399089097976685, 0.3389124870300293, -0.9386391043663025, 0.11393707990646362, -0.9319353699684143, -0.3442595601081848, -0.9914249181747437, -0.1289753019809723, 0.021020781248807907], "cam_t_m2c": [-54.3079833984375, 212.210205078125, 704.7349243164062], "obj_id": 1}, {"cam_R_m2c": [0.3848816156387329, -0.9137768149375916, 0.12991559505462646, -0.9229506254196167, -0.38185372948646545, 0.04847472161054611, 0.005313682369887829, -0.13856272399425507, -0.9903393983840942], "cam_t_m2c": [165.5299072265625, -90.07359313964844, 657.7089233398438], "obj_id": 1}, {"cam_R_m2c": [-0.2796570956707001, 0.4340822398662567, -0.8563669323921204, 0.9244394898414612, -0.11909381300210953, -0.3622543513774872, -0.25923624634742737, -0.8929665088653564, -0.3679772615432739], "cam_t_m2c": [-6.635318279266357, -58.43928909301758, 761.925048828125], "obj_id": 1}, {"cam_R_m2c": [-0.058703016489744186, -0.9914494156837463, -0.11654156446456909, -0.9968735575675964, 0.05203498154878616, 0.05945925414562225, -0.052886608988046646, 0.119667649269104, -0.9914043545722961], "cam_t_m2c": [46.98257827758789, 224.06033325195312, 674.7557983398438], "obj_id": 1}, {"cam_R_m2c": [-0.8919380307197571, 0.31247803568840027, 0.32680827379226685, 0.24276681244373322, -0.2788113057613373, 0.929154634475708, 0.3814583122730255, 0.9080867171287537, 0.17282333970069885], "cam_t_m2c": [241.03643798828125, 63.53450012207031, 509.4231872558594], "obj_id": 1}, {"cam_R_m2c": [0.7753497958183289, 0.1205851286649704, -0.6199128031730652, 0.5254443883895874, -0.6677220463752747, 0.5273093581199646, -0.35034385323524475, -0.7345789074897766, -0.5810788869857788], "cam_t_m2c": [178.29212951660156, -154.256103515625, 674.772216796875], "obj_id": 1}, {"cam_R_m2c": [0.8702495098114014, 0.40087437629699707, -0.28629612922668457, 0.2996014654636383, 0.030623558908700943, 0.9535728096961975, 0.39103031158447266, -0.9156209826469421, -0.09345240145921707], "cam_t_m2c": [199.7723388671875, -143.552734375, 732.2830810546875], "obj_id": 1}, {"cam_R_m2c": [0.18756790459156036, 0.06298879534006119, -0.9802298545837402, -0.7913069128990173, -0.5815433859825134, -0.18878677487373352, -0.5819377303123474, 0.8110730648040771, -0.059235308319330215], "cam_t_m2c": [279.6607971191406, -70.96965026855469, 540.1444091796875], "obj_id": 1}, {"cam_R_m2c": [0.5207552909851074, 0.4072386920452118, 0.7503136396408081, -0.3722842335700989, 0.8992480039596558, -0.2296900451183319, -0.7682567238807678, -0.1597176343202591, 0.619896650314331], "cam_t_m2c": [225.32095336914062, -35.42620086669922, 679.5281982421875], "obj_id": 1}, {"cam_R_m2c": [-0.7907993197441101, 0.5718929171562195, -0.2181166261434555, -0.3376013934612274, -0.11029776930809021, 0.9348046183586121, 0.5105503797531128, 0.8128793239593506, 0.2802952826023102], "cam_t_m2c": [189.7371063232422, 46.26942443847656, 759.4016723632812], "obj_id": 1}, {"cam_R_m2c": [-0.6734134554862976, 0.6249396204948425, 0.3949236273765564, -0.738985538482666, -0.5543420910835266, -0.3828904926776886, -0.020360631868243217, -0.5496864914894104, 0.8351228833198547], "cam_t_m2c": [206.27113342285156, 274.1811828613281, 741.1398315429688], "obj_id": 3}, {"cam_R_m2c": [0.5011879205703735, -0.8532999753952026, 0.14383985102176666, 0.27554991841316223, -0.0001981644018087536, -0.9612867832183838, 0.8202944397926331, 0.521420419216156, 0.23502737283706665], "cam_t_m2c": [18.05279541015625, 103.65259552001953, 866.478515625], "obj_id": 1}, {"cam_R_m2c": [0.3103210926055908, 0.8244624137878418, 0.4732467830181122, 0.9079427123069763, -0.10954241454601288, -0.40452510118484497, -0.28167515993118286, 0.5552136301994324, -0.7825579643249512], "cam_t_m2c": [184.0637664794922, 24.756717681884766, 460.84521484375], "obj_id": 1}, {"cam_R_m2c": [0.16816529631614685, -0.4885605573654175, -0.8561710715293884, -0.1365756392478943, 0.8486161828041077, -0.5110750198364258, 0.9762517213821411, 0.20287717878818512, 0.07598231732845306], "cam_t_m2c": [-52.54554748535156, 191.94093322753906, 602.2710571289062], "obj_id": 1}, {"cam_R_m2c": [-0.5127370953559875, -0.3692449927330017, 0.7750863432884216, 0.5629951357841492, 0.5369768142700195, 0.62824547290802, -0.6481798887252808, 0.7584946155548096, -0.06744479387998581], "cam_t_m2c": [214.9764862060547, 3.787137508392334, 475.9286193847656], "obj_id": 1}, {"cam_R_m2c": [-0.9955396056175232, -0.0849519819021225, 0.04103497788310051, 0.059615496546030045, -0.9035673141479492, -0.4242781400680542, 0.07312113791704178, -0.41993942856788635, 0.9046016931533813], "cam_t_m2c": [135.79905700683594, 230.3900909423828, 801.1339111328125], "obj_id": 3}, {"cam_R_m2c": [-0.1296384483575821, -0.8051290512084961, -0.5787580609321594, 0.7949028015136719, -0.43329504132270813, 0.42471712827682495, -0.5927252173423767, -0.40499672293663025, 0.6961712837219238], "cam_t_m2c": [76.90361785888672, 118.9936752319336, 531.2249145507812], "obj_id": 1}, {"cam_R_m2c": [0.6925121545791626, 0.4470195174217224, 0.5662158727645874, 0.6200653910636902, 0.03231390193104744, -0.7838842868804932, -0.36870822310447693, 0.8939403295516968, -0.2548035681247711], "cam_t_m2c": [-134.22503662109375, 111.71109771728516, 590.40625], "obj_id": 1}, {"cam_R_m2c": [0.6334826350212097, -0.18969546258449554, -0.7501435875892639, 0.4966997504234314, 0.8430569767951965, 0.20626260340213776, 0.5932866930961609, -0.5032598972320557, 0.628283679485321], "cam_t_m2c": [248.20700073242188, 188.975830078125, 846.310302734375], "obj_id": 1}, {"cam_R_m2c": [-0.01838069222867489, 0.9862887859344482, 0.16400188207626343, 0.8920117020606995, -0.05791814625263214, 0.4482862949371338, 0.451638400554657, 0.15453140437602997, -0.8787165880203247], "cam_t_m2c": [3.469766616821289, -123.38481903076172, 798.0100708007812], "obj_id": 3}, {"cam_R_m2c": [0.7216989398002625, -0.6040985584259033, 0.3379580080509186, 0.5338723063468933, 0.7965375781059265, 0.28373968601226807, -0.44060298800468445, -0.024348193779587746, 0.8973718285560608], "cam_t_m2c": [24.786802291870117, -66.40259552001953, 594.7550659179688], "obj_id": 1}, {"cam_R_m2c": [-0.4434604346752167, 0.39905866980552673, 0.8025553226470947, 0.33077511191368103, -0.759342610836029, 0.5603451132774353, 0.8330250382423401, 0.5139561891555786, 0.20473970472812653], "cam_t_m2c": [284.48541259765625, 106.00189208984375, 919.6594848632812], "obj_id": 1}, {"cam_R_m2c": [-0.7964218854904175, -0.5648834705352783, 0.21591366827487946, -0.013757015578448772, -0.3400189280509949, -0.9403179287910461, 0.604584813117981, -0.7518601417541504, 0.26302748918533325], "cam_t_m2c": [112.60205841064453, 105.31549072265625, 838.025634765625], "obj_id": 3}, {"cam_R_m2c": [0.06521017849445343, 0.8169100284576416, 0.5730666518211365, 0.24298954010009766, 0.544002890586853, -0.8031293749809265, -0.9678344130516052, 0.191621333360672, -0.16302603483200073], "cam_t_m2c": [126.46345520019531, 40.472923278808594, 450.7362976074219], "obj_id": 1}, {"cam_R_m2c": [-0.4939740300178528, -0.38608887791633606, 0.7790539264678955, 0.6335514187812805, 0.45382264256477356, 0.6266239285469055, -0.5954848527908325, 0.8031067252159119, 0.020430557429790497], "cam_t_m2c": [26.18343162536621, 33.024391174316406, 529.0892944335938], "obj_id": 3}, {"cam_R_m2c": [-0.5093801021575928, 0.496762216091156, -0.7026799917221069, 0.7067805528640747, 0.7073257565498352, -0.012306089513003826, 0.49091047048568726, -0.5029090642929077, -0.7113995552062988], "cam_t_m2c": [152.99208068847656, 275.026611328125, 701.4793090820312], "obj_id": 3}, {"cam_R_m2c": [0.5189083814620972, 0.32321470975875854, 0.7913699150085449, 0.63992840051651, 0.46692079305648804, -0.6103085279464722, -0.5667677521705627, 0.8231143355369568, 0.03545483201742172], "cam_t_m2c": [128.7477569580078, 114.09705352783203, 704.885498046875], "obj_id": 3}, {"cam_R_m2c": [0.6466791033744812, 0.15654096007347107, 0.7465260028839111, 0.0962037742137909, -0.9876374006271362, 0.1237635537981987, 0.7566709518432617, -0.008216693997383118, -0.6537443399429321], "cam_t_m2c": [209.93966674804688, 274.6871643066406, 732.9131469726562], "obj_id": 3}, {"cam_R_m2c": [-0.2587153911590576, -0.7631732821464539, 0.5921425819396973, 0.6090120077133179, -0.6046977043151855, -0.5132688879966736, 0.7497803568840027, 0.2278313934803009, 0.6212263703346252], "cam_t_m2c": [229.58055114746094, -5.410757064819336, 676.0946655273438], "obj_id": 1}, {"cam_R_m2c": [0.8352957963943481, -0.375682532787323, -0.40142694115638733, 0.4850083291530609, 0.15963509678840637, 0.8598160147666931, -0.2589360177516937, -0.9128960967063904, 0.31555166840553284], "cam_t_m2c": [164.90826416015625, 99.36719512939453, 912.5213012695312], "obj_id": 3}, {"cam_R_m2c": [-0.4208400249481201, -0.7361463904380798, 0.5300775170326233, 0.6031497716903687, -0.6635383367538452, -0.4426366984844208, 0.6775721907615662, 0.1334368884563446, 0.7232499718666077], "cam_t_m2c": [-25.14670181274414, 76.0166244506836, 710.9121704101562], "obj_id": 3}, {"cam_R_m2c": [0.24557556211948395, 0.9637762308120728, 0.10405754297971725, 0.9693631529808044, -0.24357102811336517, -0.03175007551908493, -0.005254558753222227, 0.10866659879684448, -0.994064211845398], "cam_t_m2c": [194.56417846679688, 14.424516677856445, 835.3309326171875], "obj_id": 3}, {"cam_R_m2c": [0.8283343315124512, -0.5550832748413086, -0.0757942721247673, 0.43437331914901733, 0.721779465675354, -0.5388452410697937, 0.35381072759628296, 0.41342097520828247, 0.8389881253242493], "cam_t_m2c": [236.0726776123047, 26.866683959960938, 543.0130615234375], "obj_id": 1}, {"cam_R_m2c": [0.024052899330854416, -0.8308428525924683, 0.5559870600700378, 0.9946712255477905, 0.07566075026988983, 0.07003303617238998, -0.10025285184383392, 0.551339864730835, 0.8282353281974792], "cam_t_m2c": [324.833740234375, -106.64549255371094, 689.4481201171875], "obj_id": 3}, {"cam_R_m2c": [-0.9184742569923401, 0.28931811451911926, -0.2696295380592346, -0.1261727511882782, 0.4317818880081177, 0.8931096196174622, 0.3748139441013336, 0.8543180823326111, -0.3600764870643616], "cam_t_m2c": [135.67039489746094, 196.54736328125, 675.9591674804688], "obj_id": 3}, {"cam_R_m2c": [-0.23126858472824097, -0.9417179226875305, 0.24429954588413239, -0.0028661370743066072, -0.25044652819633484, -0.9681262373924255, 0.97288578748703, -0.22459733486175537, 0.05522126331925392], "cam_t_m2c": [-1.6217386722564697, 19.064037322998047, 687.5739135742188], "obj_id": 1}, {"cam_R_m2c": [-0.8627109527587891, -0.18932998180389404, 0.46891799569129944, 0.5026177167892456, -0.2188454568386078, 0.8363505005836487, -0.055725667625665665, 0.9572151899337769, 0.28396087884902954], "cam_t_m2c": [270.8046569824219, -3.4337210655212402, 753.7651977539062], "obj_id": 1}, {"cam_R_m2c": [-0.5860778093338013, -0.7634128928184509, -0.27150219678878784, -0.5024668574333191, 0.6053065061569214, -0.6173581480979919, 0.6356412768363953, -0.22539909183979034, -0.7383463382720947], "cam_t_m2c": [303.246826171875, -51.856597900390625, 605.23583984375], "obj_id": 1}, {"cam_R_m2c": [0.40428441762924194, 0.5030716061592102, 0.7638540267944336, 0.8665205240249634, -0.47796830534935, -0.14383424818515778, 0.2927391529083252, 0.7200451493263245, -0.6291570067405701], "cam_t_m2c": [-71.62566375732422, 234.6918487548828, 750.1634521484375], "obj_id": 1}, {"cam_R_m2c": [0.12223682552576065, 0.983635663986206, 0.13235916197299957, 0.9258491396903992, -0.16105592250823975, 0.3418542444705963, 0.35757726430892944, 0.08075744658708572, -0.9303852319717407], "cam_t_m2c": [328.3437805175781, -143.15280151367188, 641.1112670898438], "obj_id": 1}, {"cam_R_m2c": [0.09529740363359451, -0.6920894980430603, 0.7154932022094727, -0.9904820322990417, -0.13763655722141266, -0.0012110817478969693, 0.09931623190641403, -0.70856773853302, -0.6986185908317566], "cam_t_m2c": [102.07989501953125, 227.49407958984375, 710.4385375976562], "obj_id": 3}, {"cam_R_m2c": [0.7694323062896729, -0.42689791321754456, 0.4751127362251282, 0.5968421101570129, 0.21559952199459076, -0.772849440574646, 0.2274937778711319, 0.8782225847244263, 0.4206799268722534], "cam_t_m2c": [191.68505859375, 156.85501098632812, 613.6414184570312], "obj_id": 3}, {"cam_R_m2c": [0.48842906951904297, 0.8526873588562012, -0.18536792695522308, 0.8575623631477356, -0.4297819435596466, 0.2826204299926758, 0.1613190919160843, -0.2970046103000641, -0.9411506056785583], "cam_t_m2c": [33.767784118652344, 35.2856559753418, 610.1918334960938], "obj_id": 3}, {"cam_R_m2c": [0.30088523030281067, 0.04296116530895233, -0.9526920914649963, -0.5451006293296814, 0.827455461025238, -0.1348433643579483, 0.7825172543525696, 0.5598854422569275, 0.27238729596138], "cam_t_m2c": [-41.36654281616211, 137.76129150390625, 552.6517333984375], "obj_id": 1}, {"cam_R_m2c": [-0.25039437413215637, 0.7137601971626282, -0.6541014909744263, 0.3376564085483551, -0.5688182711601257, -0.7499557733535767, -0.9073535799980164, -0.4086463749408722, -0.09857665002346039], "cam_t_m2c": [182.6964874267578, 74.37504577636719, 723.7510986328125], "obj_id": 3}, {"cam_R_m2c": [-0.7231264114379883, 0.3235887587070465, 0.6102281808853149, -0.5978737473487854, -0.7356448173522949, -0.31839218735694885, 0.3458830714225769, -0.5950772166252136, 0.7254295349121094], "cam_t_m2c": [-28.54513931274414, -10.585968971252441, 633.467041015625], "obj_id": 1}, {"cam_R_m2c": [0.06463798880577087, -0.7470788359642029, 0.6615853309631348, 0.596699059009552, 0.5603295564651489, 0.5744397044181824, -0.7998575568199158, 0.3576367497444153, 0.48199984431266785], "cam_t_m2c": [22.703317642211914, -53.944908142089844, 550.5155029296875], "obj_id": 1}, {"cam_R_m2c": [0.4267599284648895, -0.04524761810898781, 0.9032322764396667, 0.14187738299369812, 0.9897303581237793, -0.017453577369451523, -0.893166720867157, 0.13559672236442566, 0.4287968575954437], "cam_t_m2c": [100.4352035522461, 42.620548248291016, 791.77880859375], "obj_id": 3}, {"cam_R_m2c": [0.34543484449386597, 0.6765338182449341, -0.6503665447235107, 0.012760794721543789, -0.6963495016098022, -0.7175891995429993, -0.9383559226989746, 0.23958107829093933, -0.24917641282081604], "cam_t_m2c": [266.739013671875, 285.78680419921875, 694.0574340820312], "obj_id": 3}, {"cam_R_m2c": [-0.6906415224075317, -0.6727952361106873, -0.2652556896209717, -0.5733033418655396, 0.7329171299934387, -0.3662727177143097, 0.44083699584007263, -0.10089121013879776, -0.8918987512588501], "cam_t_m2c": [320.5992126464844, 137.89659118652344, 888.1217041015625], "obj_id": 3}, {"cam_R_m2c": [0.8278887271881104, -0.24277715384960175, -0.5056278109550476, 0.5326990485191345, 0.6225420236587524, 0.5733002424240112, 0.17559035122394562, -0.7439762353897095, 0.6447227001190186], "cam_t_m2c": [7.882311820983887, -115.28201293945312, 624.779541015625], "obj_id": 1}, {"cam_R_m2c": [-0.6140341758728027, -0.4658620059490204, -0.6371299624443054, -0.7526525855064392, 0.5886591076850891, 0.2949484586715698, 0.23764705657958984, 0.6606459617614746, -0.7120890617370605], "cam_t_m2c": [143.529296875, 60.14003372192383, 902.6425170898438], "obj_id": 1}, {"cam_R_m2c": [0.1364845186471939, 0.7485658526420593, -0.648861289024353, -0.2393934279680252, -0.6106554865837097, -0.7548445463180542, -0.9612817168235779, 0.2583576738834381, 0.09585689753293991], "cam_t_m2c": [146.80081176757812, 44.94330596923828, 923.2196044921875], "obj_id": 3}, {"cam_R_m2c": [-0.8233920335769653, -0.5471001863479614, 0.15068723261356354, 0.11894810199737549, -0.4260371923446655, -0.8968519568443298, 0.5548662543296814, -0.7205369472503662, 0.41587236523628235], "cam_t_m2c": [188.4272918701172, 149.6298370361328, 682.0618286132812], "obj_id": 3}, {"cam_R_m2c": [-0.6118575930595398, 0.047004420310258865, 0.7895700335502625, 0.6134116053581238, -0.6020086407661438, 0.5111865997314453, 0.4993560314178467, 0.7971048355102539, 0.3395105302333832], "cam_t_m2c": [-92.99632263183594, 294.1596374511719, 719.6561889648438], "obj_id": 3}, {"cam_R_m2c": [0.9496030211448669, 0.31072765588760376, -0.041260845959186554, 0.2533791959285736, -0.6834319233894348, 0.6846311688423157, 0.18453484773635864, -0.660582423210144, -0.7277209758758545], "cam_t_m2c": [112.66668701171875, 291.5614929199219, 722.2552490234375], "obj_id": 3}, {"cam_R_m2c": [0.6005785465240479, 0.6087949872016907, -0.5183377861976624, -0.6867743134498596, 0.7247496247291565, 0.05548893287777901, 0.40944647789001465, 0.3226556181907654, 0.8533738255500793], "cam_t_m2c": [-22.47217559814453, -99.0381851196289, 718.5836181640625], "obj_id": 3}, {"cam_R_m2c": [-0.867846667766571, 0.026016946882009506, -0.4961502254009247, -0.35303187370300293, -0.7349569201469421, 0.5789702534675598, -0.3495860695838928, 0.6776143312454224, 0.6470149755477905], "cam_t_m2c": [29.19593620300293, 119.67066955566406, 713.1354370117188], "obj_id": 3}, {"cam_R_m2c": [-0.5145953297615051, 0.821533203125, -0.24550965428352356, 0.578338623046875, 0.12117089331150055, -0.8067478537559509, -0.6330214738845825, -0.5571363568305969, -0.5374783873558044], "cam_t_m2c": [45.67427444458008, -108.0866470336914, 584.6234741210938], "obj_id": 3}, {"cam_R_m2c": [0.8181101083755493, -0.47983235120773315, 0.3169490098953247, 0.4970977306365967, 0.867185115814209, 0.02972964197397232, -0.2891187071800232, 0.13323253393173218, 0.9479765295982361], "cam_t_m2c": [5.370035648345947, 114.359375, 875.1798706054688], "obj_id": 1}, {"cam_R_m2c": [-0.9349856972694397, 0.34747955203056335, -0.07113043963909149, -0.1417841911315918, -0.5499891638755798, -0.8230485916137695, -0.32511353492736816, -0.7594535946846008, 0.5634992718696594], "cam_t_m2c": [78.63728332519531, -183.34722900390625, 713.0602416992188], "obj_id": 3}, {"cam_R_m2c": [-0.6659110188484192, 0.6422005891799927, -0.37965890765190125, -0.3915542662143707, 0.13231691718101501, 0.9105918407440186, 0.6350179314613342, 0.7550302147865295, 0.1633450984954834], "cam_t_m2c": [19.8106746673584, 70.16448974609375, 661.19091796875], "obj_id": 1}, {"cam_R_m2c": [-0.471148282289505, 0.759891927242279, 0.4478655457496643, -0.8179184198379517, -0.18630599975585938, -0.5443339943885803, -0.33019495010375977, -0.6227795481681824, 0.7093073725700378], "cam_t_m2c": [101.25592803955078, 278.67364501953125, 705.5542602539062], "obj_id": 3}, {"cam_R_m2c": [0.8678761720657349, -0.46802061796188354, 0.16657613217830658, -0.39553341269493103, -0.4481162130832672, 0.8017138838768005, -0.3005731403827667, -0.7616748213768005, -0.5740271806716919], "cam_t_m2c": [114.3188247680664, 67.15731048583984, 496.8668518066406], "obj_id": 3}, {"cam_R_m2c": [-0.6403322815895081, 0.01851881854236126, 0.7678747177124023, 0.7566300630569458, -0.1568978875875473, 0.6347392797470093, 0.13223254680633545, 0.9874411821365356, 0.08645489811897278], "cam_t_m2c": [115.31900787353516, 24.00498390197754, 510.34326171875], "obj_id": 1}, {"cam_R_m2c": [-0.25188201665878296, -0.20733924210071564, -0.9452861547470093, 0.738943874835968, -0.6719451546669006, -0.04951523616909981, -0.6249139308929443, -0.7109854221343994, 0.32246291637420654], "cam_t_m2c": [307.038818359375, -61.41270446777344, 562.9054565429688], "obj_id": 1}, {"cam