{
  "0": [{"cam_R_m2c": [0.6071267127990723, 0.6915445327758789, -0.39136093854904175, -0.6363846659660339, 0.7181052565574646, 0.28167253732681274, 0.4758274555206299, 0.07804518938064575, 0.876069188117981], "cam_t_m2c": [-124.95729064941406, 116.44595336914062, 1336.6087646484375], "obj_id": 2}, {"cam_R_m2c": [0.12632280588150024, 0.9507412910461426, -0.2830783426761627, -0.9887129068374634, 0.09749698638916016, -0.11375851184129715, -0.08055566251277924, 0.29425352811813354, 0.9523264169692993], "cam_t_m2c": [-121.84185791015625, -46.51716613769531, 1470.6474609375], "obj_id": 0}, {"cam_R_m2c": [0.22301556169986725, 0.6259925365447998, -0.7472599744796753, 0.017731772735714912, -0.7690442204475403, -0.6389496326446533, -0.9746536016464233, 0.12924547493457794, -0.18260882794857025], "cam_t_m2c": [19.618913650512695, -56.20377731323242, 1592.357421875], "obj_id": 0}],
  "1": [{"cam_R_m2c": [0.31843361258506775, 0.7109742760658264, -0.6269893050193787, -0.8880333304405212, -0.007674841675907373, -0.4597148597240448, -0.3316575288772583, 0.7031760811805725, 0.6289250254631042], "cam_t_m2c": [-234.5314178466797, -226.57177734375, 1315.73583984375], "obj_id": 2}, {"cam_R_m2c": [0.01527986116707325, 0.7966347932815552, -0.6042677760124207, -0.40479519963264465, -0.5476702451705933, -0.7322555184364319, -0.9142796993255615, 0.2557934522628784, 0.3141056001186371], "cam_t_m2c": [-298.9775390625, -408.7380065917969, 1229.9334716796875], "obj_id": 0}, {"cam_R_m2c": [0.5434202551841736, 0.4371948540210724, -0.7166275978088379, 0.7312867045402527, -0.6657325625419617, 0.14839109778404236, -0.4122065007686615, -0.6046989560127258, -0.6814873814582825], "cam_t_m2c": [-210.2657012939453, -564.8779296875, 1281.1173095703125], "obj_id": 0}]
}