{
  "0": [{"cam_R_m2c": [0.7549021244049072, 0.6545892953872681, -0.04044259712100029, -0.4383847713470459, 0.457777738571167, -0.7734715938568115, -0.4877925217151642, 0.6016247272491455, 0.6325393915176392], "cam_t_m2c": [-22.43935775756836, -138.69320678710938, 957.2129516601562], "obj_id": 1}, {"cam_R_m2c": [-0.37174665927886963, 0.8082948327064514, 0.45657840371131897, 0.9280518293380737, 0.33570894598960876, 0.16130496561527252, -0.022895481437444687, 0.48369300365448, -0.8749381899833679], "cam_t_m2c": [-208.511962890625, -257.28997802734375, 1039.302490234375], "obj_id": 2}, {"cam_R_m2c": [-0.3794512152671814, -0.5079455375671387, -0.7733098268508911, -0.6933413147926331, 0.7095358371734619, -0.1258438676595688, 0.6126128435134888, 0.48841604590415955, -0.6214138269424438], "cam_t_m2c": [-19.572452545166016, -25.5965633392334, 888.4808959960938], "obj_id": 3}, {"cam_R_m2c": [-0.5291286110877991, 0.7980444431304932, 0.28835389018058777, 0.40125399827957153, -0.06410664319992065, 0.9137207269668579, 0.7476751208305359, 0.5991789102554321, -0.28629782795906067], "cam_t_m2c": [5.0079803466796875, -158.2399444580078, 1074.128173828125], "obj_id": 4}, {"cam_R_m2c": [0.27326512336730957, 0.7393593192100525, -0.6153648495674133, 0.058397483080625534, 0.6257824301719666, 0.7778084874153137, 0.960164487361908, -0.24848365783691406, 0.12782780826091766], "cam_t_m2c": [-174.6049041748047, -135.12037658691406, 827.1493530273438], "obj_id": 1}, {"cam_R_m2c": [0.9613544940948486, -0.061165910214185715, 0.2684330940246582, -0.24756312370300293, 0.23454077541828156, 0.9400549530982971, -0.12045783549547195, -0.9701801538467407, 0.2103344053030014], "cam_t_m2c": [-23.817766189575195, 78.086181640625, 772.9140014648438], "obj_id": 2}, {"cam_R_m2c": [-0.02041991986334324, -0.9996746778488159, -0.015285954810678959, -0.1566930115222931, -0.011900277808308601, 0.9875757098197937, -0.9874362349510193, 0.022561395540833473, -0.15639905631542206], "cam_t_m2c": [-88.49972534179688, -123.81008911132812, 857.8953247070312], "obj_id": 3}, {"cam_R_m2c": [0.562711238861084, -0.7550643086433411, 0.3365025222301483, -0.07284798473119736, 0.36018839478492737, 0.930030882358551, -0.8234374523162842, -0.5478523373603821, 0.14767713844776154], "cam_t_m2c": [-126.75788879394531, -134.79742431640625, 824.21435546875], "obj_id": 4}, {"cam_R_m2c": [-0.835545003414154, 0.500607967376709, 0.22639764845371246, -0.06824836879968643, -0.503442645072937, 0.8613288998603821, 0.5451663732528687, 0.7042279243469238, 0.4548148810863495], "cam_t_m2c": [-122.39393615722656, -145.84642028808594, 1043.74462890625], "obj_id": 1}, {"cam_R_m2c": [-0.5193913578987122, 0.8524419069290161, 0.059792205691337585, 0.7855381965637207, 0.44873952865600586, 0.4261015057563782, 0.3363956809043884, 0.26828256249427795, -0.9026970863342285], "cam_t_m2c": [-184.8236846923828, -140.3311767578125, 916.235595703125], "obj_id": 2}, {"cam_R_m2c": [0.5165386199951172, 0.3160068392753601, 0.7958187460899353, -0.3045729994773865, 0.9364323616027832, -0.1741543710231781, -0.8002643585205078, -0.15242749452590942, 0.5799506306648254], "cam_t_m2c": [198.9282989501953, -128.01280212402344, 1002.721923828125], "obj_id": 3}, {"cam_R_m2c": [-0.7239372134208679, 0.5882302522659302, 0.3604165017604828, 0.10783316195011139, -0.4195348918437958, 0.9013115763664246, 0.6813860535621643, 0.6913578510284424, 0.24028617143630981], "cam_t_m2c": [-153.59536743164062, -229.3961181640625, 1090.5699462890625], "obj_id": 4}, {"cam_R_m2c": [-0.12319312244653702, -0.6552945375442505, -0.7452600598335266, 0.8137356042861938, -0.49655699729919434, 0.30210188031196594, -0.5680297613143921, -0.5692278146743774, 0.5944088697433472], "cam_t_m2c": [-22.78756332397461, -263.7988586425781, 1165.3084716796875], "obj_id": 1}, {"cam_R_m2c": [0.6604992151260376, -0.628341019153595, 0.41100889444351196, -0.748649001121521, -0.5928080081939697, 0.2968217134475708, 0.05714412406086922, -0.5037519335746765, -0.8619560599327087], "cam_t_m2c": [-72.08712768554688, 111.84512329101562, 761.4854125976562], "obj_id": 2}, {"cam_R_m2c": [-0.4883083701133728, -0.6033176779747009, -0.6305258274078369, 0.20480485260486603, -0.7815726399421692, 0.5892362594604492, -0.8482983112335205, 0.15859420597553253, 0.5052106976509094], "cam_t_m2c": [-363.7814025878906, -4.931219100952148, 754.59375], "obj_id": 3}, {"cam_R_m2c": [0.3169861137866974, -0.3262304961681366, 0.8905580043792725, 0.9076759815216064, -0.1679464727640152, -0.38460153341293335, 0.2750347852706909, 0.93025141954422, 0.2428748458623886], "cam_t_m2c": [-397.4560241699219, -62.00918960571289, 837.799560546875], "obj_id": 4}],
  "1": [{"cam_R_m2c": [0.7549021244049072, 0.6545892953872681, -0.04044259712100029, -0.4383847713470459, 0.457777738571167, -0.7734715938568115, -0.4877925217151642, 0.6016247272491455, 0.6325393915176392], "cam_t_m2c": [-22.43935775756836, -138.69320678710938, 957.2129516601562], "obj_id": 1}, {"cam_R_m2c": [-0.37174665927886963, 0.8082948327064514, 0.45657840371131897, 0.9280518293380737, 0.33570894598960876, 0.16130496561527252, -0.022895481437444687, 0.48369300365448, -0.8749381899833679], "cam_t_m2c": [-208.511962890625, -257.28997802734375, 1039.302490234375], "obj_id": 2}, {"cam_R_m2c": [-0.3794512152671814, -0.5079455375671387, -0.7733098268508911, -0.6933413147926331, 0.7095358371734619, -0.1258438676595688, 0.6126128435134888, 0.48841604590415955, -0.6214138269424438], "cam_t_m2c": [-19.572452545166016, -25.5965633392334, 888.4808959960938], "obj_id": 3}, {"cam_R_m2c": [-0.5291286110877991, 0.7980444431304932, 0.28835389018058777, 0.40125399827957153, -0.06410664319992065, 0.9137207269668579, 0.7476751208305359, 0.5991789102554321, -0.28629782795906067], "cam_t_m2c": [5.0079803466796875, -158.2399444580078, 1074.128173828125], "obj_id": 4}, {"cam_R_m2c": [0.27326512336730957, 0.7393593192100525, -0.6153648495674133, 0.058397483080625534, 0.6257824301719666, 0.7778084874153137, 0.960164487361908, -0.24848365783691406, 0.12782780826091766], "cam_t_m2c": [-174.6049041748047, -135.12037658691406, 827.1493530273438], "obj_id": 1}, {"cam_R_m2c": [0.9613544940948486, -0.061165910214185715, 0.2684330940246582, -0.24756312370300293, 0.23454077541828156, 0.9400549530982971, -0.12045783549547195, -0.9701801538467407, 0.2103344053030014], "cam_t_m2c": [-23.817766189575195, 78.086181640625, 772.9140014648438], "obj_id": 2}, {"cam_R_m2c": [-0.02041991986334324, -0.9996746778488159, -0.015285954810678959, -0.1566930115222931, -0.011900277808308601, 0.9875757098197937, -0.9874362349510193, 0.022561395540833473, -0.15639905631542206], "cam_t_m2c": [-88.49972534179688, -123.81008911132812, 857.8953247070312], "obj_id": 3}, {"cam_R_m2c": [0.562711238861084, -0.7550643086433411, 0.3365025222301483, -0.07284798473119736, 0.36018839478492737, 0.930030882358551, -0.8234374523162842, -0.5478523373603821, 0.14767713844776154], "cam_t_m2c": [-126.75788879394531, -134.79742431640625, 824.21435546875], "obj_id": 4}, {"cam_R_m2c": [-0.835545003414154, 0.500607967376709, 0.22639764845371246, -0.06824836879968643, -0.503442645072937, 0.8613288998603821, 0.5451663732528687, 0.7042279243469238, 0.4548148810863495], "cam_t_m2c": [-122.39393615722656, -145.84642028808594, 1043.74462890625], "obj_id": 1}, {"cam_R_m2c": [-0.5193913578987122, 0.8524419069290161, 0.059792205691337585, 0.7855381965637207, 0.44873952865600586, 0.4261015057563782, 0.3363956809043884, 0.26828256249427795, -0.9026970863342285], "cam_t_m2c": [-184.8236846923828, -140.3311767578125, 916.235595703125], "obj_id": 2}, {"cam_R_m2c": [0.5165386199951172, 0.3160068392753601, 0.7958187460899353, -0.3045729994773865, 0.9364323616027832, -0.1741543710231781, -0.8002643585205078, -0.15242749452590942, 0.5799506306648254], "cam_t_m2c": [198.9282989501953, -128.01280212402344, 1002.721923828125], "obj_id": 3}, {"cam_R_m2c": [-0.7239372134208679, 0.5882302522659302, 0.3604165017604828, 0.10783316195011139, -0.4195348918437958, 0.9013115763664246, 0.6813860535621643, 0.6913578510284424, 0.24028617143630981], "cam_t_m2c": [-153.59536743164062, -229.3961181640625, 1090.5699462890625], "obj_id": 4}, {"cam_R_m2c": [-0.12319312244653702, -0.6552945375442505, -0.7452600598335266, 0.8137356042861938, -0.49655699729919434, 0.30210188031196594, -0.5680297613143921, -0.5692278146743774, 0.5944088697433472], "cam_t_m2c": [-22.78756332397461, -263.7988586425781, 1165.3084716796875], "obj_id": 1}, {"cam_R_m2c": [0.6604992151260376, -0.628341019153595, 0.41100889444351196, -0.748649001121521, -0.5928080081939697, 0.2968217134475708, 0.05714412406086922, -0.5037519335746765, -0.8619560599327087], "cam_t_m2c": [-72.08712768554688, 111.84512329101562, 761.4854125976562], "obj_id": 2}, {"cam_R_m2c": [-0.4883083701133728, -0.6033176779747009, -0.6305258274078369, 0.20480485260486603, -0.7815726399421692, 0.5892362594604492, -0.8482983112335205, 0.15859420597553253, 0.5052106976509094], "cam_t_m2c": [-363.7814025878906, -4.931219100952148, 754.59375], "obj_id": 3}, {"cam_R_m2c": [0.3169861137866974, -0.3262304961681366, 0.8905580043792725, 0.9076759815216064, -0.1679464727640152, -0.38460153341293335, 0.2750347852706909, 0.93025141954422, 0.2428748458623886], "cam_t_m2c": [-397.4560241699219, -62.00918960571289, 837.799560546875], "obj_id": 4}],
  "2": [{"cam_R_m2c": [-0.9156865477561951, -0.3899368643760681, -0.09730023890733719, -0.3890308439731598, 0.7992508411407471, 0.45809727907180786, -0.10086172074079514, 0.45732632279396057, -0.8835606575012207], "cam_t_m2c": [91.8869857788086, 411.6460266113281, 254.7548370361328], "obj_id": 1}, {"cam_R_m2c": [0.6236740946769714, -0.5889644622802734, -0.5139567255973816, 0.0685802772641182, 0.6961907148361206, -0.7145734429359436, 0.7786702513694763, 0.4104136526584625, 0.47458744049072266], "cam_t_m2c": [244.266357421875, 429.6304016113281, 76.19400787353516], "obj_id": 2}, {"cam_R_m2c": [0.24313180148601532, 0.7638582587242126, 0.5978354811668396, 0.38202986121177673, 0.491107702255249, -0.7828577756881714, -0.8915940523147583, 0.4187285900115967, -0.17241275310516357], "cam_t_m2c": [112.56185913085938, 366.8368225097656, 377.5874328613281], "obj_id": 3}, {"cam_R_m2c": [0.7309265732765198, -0.6811354160308838, -0.042436230927705765, 0.6794878840446472, 0.7321324348449707, -0.04773173853754997, 0.063580721616745, 0.006053490564227104, 0.9979583621025085], "cam_t_m2c": [77.78607940673828, 526.160400390625, 216.12525939941406], "obj_id": 4}, {"cam_R_m2c": [-0.09563101828098297, -0.5477039813995361, 0.8311890363693237, 0.9904088973999023, 0.03130139037966728, 0.1345755010843277, -0.09972494095563889, 0.8360865116119385, 0.539457380771637], "cam_t_m2c": [216.80099487304688, 255.28317260742188, 249.2049102783203], "obj_id": 1}, {"cam_R_m2c": [-0.9980906248092651, -0.01844671554863453, 0.05894731730222702, 0.04205460101366043, -0.9019362330436707, 0.42981666326522827, 0.04523801803588867, 0.4314749836921692, 0.9009899497032166], "cam_t_m2c": [130.083740234375, 273.8335876464844, 500.74267578125], "obj_id": 2}, {"cam_R_m2c": [-0.17610716819763184, 0.9421080946922302, 0.2853392958641052, -0.9811557531356812, -0.19140492379665375, 0.02640916034579277, 0.0794956386089325, -0.2753114402294159, 0.9580626487731934], "cam_t_m2c": [143.6415252685547, 305.0365905761719, 274.88824462890625], "obj_id": 3}, {"cam_R_m2c": [-0.6760609149932861, 0.7366345524787903, -0.017633071169257164, -0.6853609681129456, -0.6198553442955017, 0.3821772336959839, 0.2705950140953064, 0.2704601585865021, 0.9239208102226257], "cam_t_m2c": [171.35646057128906, 262.6177673339844, 262.5860595703125], "obj_id": 4}, {"cam_R_m2c": [0.8492675423622131, -0.5159693360328674, 0.11189418286085129, 0.3348604738712311, 0.690265417098999, 0.6414063572883606, -0.40818268060684204, -0.5072566270828247, 0.7589977383613586], "cam_t_m2c": [196.9929962158203, 472.35906982421875, 201.8729248046875], "obj_id": 1}, {"cam_R_m2c": [0.7744267582893372, -0.6292968988418579, -0.06518101692199707, 0.3565353751182556, 0.5192115902900696, -0.7767250537872314, 0.52263343334198, 0.5782773494720459, 0.6264579892158508], "cam_t_m2c": [238.2886505126953, 337.73504638671875, 220.78126525878906], "obj_id": 2}, {"cam_R_m2c": [-0.6981473565101624, -0.04157846048474312, -0.7147455811500549, -0.7150441408157349, 0.09080449491739273, 0.6931567788124084, 0.036081671714782715, 0.9950003027915955, -0.09312525391578674], "cam_t_m2c": [-106.73208618164062, 503.999755859375, 311.4120788574219], "obj_id": 3}, {"cam_R_m2c": [0.8170772194862366, -0.5754771828651428, -0.03479727357625961, 0.5212939381599426, 0.7116706967353821, 0.47093260288238525, -0.24624674022197723, -0.4029279053211212, 0.8814826607704163], "cam_t_m2c": [208.53807067871094, 495.53204345703125, 104.5261001586914], "obj_id": 4}, {"cam_R_m2c": [0.27325406670570374, 0.3839149475097656, 0.8820098638534546, -0.42333438992500305, -0.7753476500511169, 0.4686403274536133, 0.8637824654579163, -0.5014430284500122, -0.04934239387512207], "cam_t_m2c": [86.23468780517578, 588.641845703125, 88.63480377197266], "obj_id": 1}, {"cam_R_m2c": [-0.8371936678886414, 0.33966535329818726, -0.428642213344574, 0.05789988115429878, -0.7243068218231201, -0.6870423555374146, -0.5438329577445984, -0.6000058650970459, 0.5867185592651367], "cam_t_m2c": [183.92674255371094, 258.8216857910156, 522.55517578125], "obj_id": 2}, {"cam_R_m2c": [0.3936430513858795, 0.3594921827316284, 0.8460559248924255, -0.8804144263267517, -0.11729753017425537, 0.45946913957595825, 0.26441577076911926, -0.9257466197013855, 0.27032867074012756], "cam_t_m2c": [423.0107421875, 169.3982391357422, 339.2192687988281], "obj_id": 3}, {"cam_R_m2c": [0.01326702069491148, 0.39744070172309875, -0.9175319075584412, 0.4963007867336273, 0.7939857840538025, 0.3511013090610504, 0.8680492043495178, -0.46002987027168274, -0.18671630322933197], "cam_t_m2c": [450.25634765625, 231.80914306640625, 257.5024719238281], "obj_id": 4}]
}