{
  "0": [{"cam_R_m2c": [0.6028829216957092, -0.5011754631996155, 0.6207699775695801, 0.7916814684867859, 0.279387891292572, -0.543307363986969, 0.09885668009519577, 0.8190028071403503, 0.5652095079421997], "cam_t_m2c": [230.84410095214844, -218.282958984375, 1370.8953857421875], "obj_id": 0}, {"cam_R_m2c": [-0.8682141900062561, -0.38458767533302307, -0.31352221965789795, 0.4279135763645172, -0.26047611236572266, -0.865472137928009, 0.2511848509311676, -0.8855757117271423, 0.3907195031642914], "cam_t_m2c": [1619.5792236328125, 2559.371826171875, -4388.09326171875], "obj_id": 2}, {"cam_R_m2c": [-0.3362061679363251, -0.3868902921676636, 0.8586506843566895, -0.09317751228809357, -0.8935856819152832, -0.43911516666412354, 0.9371675252914429, -0.22764025628566742, 0.2643798589706421], "cam_t_m2c": [396.7100830078125, -308.35882568359375, 1209.0006103515625], "obj_id": 0}, {"cam_R_m2c": [-0.721768856048584, -0.17425471544265747, 0.6698395609855652, -0.610025942325592, 0.6173686981201172, -0.49671342968940735, -0.32698333263397217, -0.7671318054199219, -0.551897406578064], "cam_t_m2c": [359.51556396484375, -93.36540985107422, 1212.5313720703125], "obj_id": 3}],
  "1": [{"cam_R_m2c": [-0.1513189971446991, 0.3459947109222412, -0.9259536266326904, -0.7135301232337952, 0.6100456118583679, 0.34455636143684387, 0.6840886473655701, 0.7128337621688843, 0.1545661836862564], "cam_t_m2c": [-386.37725830078125, 221.38583374023438, 1230.883544921875], "obj_id": 0}, {"cam_R_m2c": [0.8701478838920593, 0.4235958158969879, -0.2518118917942047, 0.36103251576423645, -0.2001861333847046, 0.9108133316040039, 0.3354074954986572, -0.8834545612335205, -0.32712340354919434], "cam_t_m2c": [1249.2431640625, -5711.84375, -989.3189086914062], "obj_id": 2}, {"cam_R_m2c": [-0.0014237664872780442, -0.046068910509347916, -0.9989372491836548, 0.8143458366394043, 0.5797091126441956, -0.02789565734565258, 0.5803781151771545, -0.8135201334953308, 0.03669065982103348], "cam_t_m2c": [-527.5568237304688, 86.1728286743164, 1077.3792724609375], "obj_id": 0}, {"cam_R_m2c": [0.39646124839782715, 0.6381574869155884, -0.6599798798561096, 0.5276175141334534, -0.746692955493927, -0.40505456924438477, -0.7512909770011902, -0.18762853741645813, -0.6327378749847412], "cam_t_m2c": [-394.08062744140625, -17.193838119506836, 1215.775634765625], "obj_id": 3}]
}