{
  "0": [{"cam_R_m2c": [-0.9638713002204895, -0.266313374042511, -0.005394172854721546, 0.24339814484119415, -0.8887993693351746, 0.3883204758167267, -0.1082092747092247, 0.3729780614376068, 0.9215086102485657], "cam_t_m2c": [-62.64926528930664, -111.80804443359375, 978.4175415039062], "obj_id": 1}, {"cam_R_m2c": [0.33666399121284485, 0.41444262862205505, -0.8455143570899963, -0.5803089141845703, 0.7984616756439209, 0.16031360626220703, 0.7415515780448914, 0.43668776750564575, 0.5093181133270264], "cam_t_m2c": [-1.8134053945541382, -66.29924774169922, 1098.6982421875], "obj_id": 2}, {"cam_R_m2c": [-0.8943860530853271, -0.43964117765426636, -0.0823957622051239, 0.045432016253471375, -0.27254462242126465, 0.9610698819160461, -0.4449824094772339, 0.8558241724967957, 0.26373398303985596], "cam_t_m2c": [-318.8294677734375, -225.03245544433594, 1190.6507568359375], "obj_id": 0}, {"cam_R_m2c": [-0.10380662977695465, -0.35808566212654114, 0.9279001355171204, 0.5728505849838257, -0.7841823101043701, -0.2385372519493103, 0.8130598068237305, 0.5067864060401917, 0.28653305768966675], "cam_t_m2c": [-280.8959045410156, 13.532219886779785, 972.6342163085938], "obj_id": 0}],
  "1": [{"cam_R_m2c": [0.43259745836257935, -0.7127516269683838, -0.5521273016929626, 0.8962804079055786, 0.27363163232803345, 0.3490087389945984, -0.09767705202102661, -0.6458411812782288, 0.7571976780891418], "cam_t_m2c": [-128.580078125, 79.64258575439453, 894.376953125], "obj_id": 1}, {"cam_R_m2c": [-0.9889180064201355, -0.0329204685986042, -0.14476613700389862, -0.13786573708057404, -0.15814641118049622, 0.9777436256408691, -0.055082034319639206, 0.9868666529655457, 0.15185534954071045], "cam_t_m2c": [-217.20962524414062, 66.86365509033203, 1004.802001953125], "obj_id": 2}, {"cam_R_m2c": [0.5898498892784119, -0.7473714351654053, 0.30579903721809387, 0.6991676688194275, 0.6621478796005249, 0.26967522501945496, -0.40403175354003906, 0.05473687872290611, 0.9131057858467102], "cam_t_m2c": [-304.9603576660156, 376.91400146484375, 830.8463745117188], "obj_id": 0}, {"cam_R_m2c": [-0.34421664476394653, -0.7472348809242249, -0.5684671401977539, 0.4263412356376648, 0.41504529118537903, -0.8037229180335999, 0.8365094065666199, -0.5190158486366272, 0.17571157217025757], "cam_t_m2c": [-9.1741943359375, 296.4730529785156, 940.1757202148438], "obj_id": 0}]
}