{
  "0": [{"cam_R_m2c": [-0.5916898250579834, -0.5516287088394165, 0.5878850221633911, 0.6415224671363831, 0.11944027990102768, 0.757748544216156, -0.4882130026817322, 0.8254936337471008, 0.2832106947898865], "cam_t_m2c": [276.7543029785156, 186.72021484375, 90.16802978515625], "obj_id": 3}, {"cam_R_m2c": [-0.1313079297542572, 0.022198136895895004, 0.9910930395126343, 0.5981369614601135, -0.7954940795898438, 0.09706316888332367, 0.7905632853507996, 0.6055545806884766, 0.09117721766233444], "cam_t_m2c": [202.2234649658203, 348.623046875, 29.970399856567383], "obj_id": 1}, {"cam_R_m2c": [0.7823654413223267, 0.5858213901519775, -0.2114652544260025, 0.495444118976593, -0.7911346554756165, -0.35866546630859375, -0.377411425113678, 0.17583824694156647, -0.9091982245445251], "cam_t_m2c": [-140.35711669921875, 350.9506530761719, 14.631564140319824], "obj_id": 3}, {"cam_R_m2c": [0.5460452437400818, 0.4397622346878052, 0.7130523920059204, 0.6936525702476501, -0.7146058082580566, -0.0904688760638237, 0.46976661682128906, 0.5440107583999634, -0.6952493190765381], "cam_t_m2c": [188.73977661132812, 163.1549072265625, 118.3137435913086], "obj_id": 1}, {"cam_R_m2c": [-0.3076969385147095, -0.8854171633720398, -0.3483662009239197, -0.6631221771240234, -0.06300956755876541, 0.7458543181419373, -0.6823426485061646, 0.46050646901130676, -0.567751944065094], "cam_t_m2c": [23.036643981933594, 213.23870849609375, 141.33396911621094], "obj_id": 0}, {"cam_R_m2c": [0.1352757066488266, 0.3892708718776703, 0.9111358523368835, -0.3341575264930725, 0.8836366534233093, -0.32791006565093994, -0.9327588677406311, -0.2601046860218048, 0.24961237609386444], "cam_t_m2c": [290.28314208984375, 203.25543212890625, 148.92919921875], "obj_id": 0}, {"cam_R_m2c": [0.3115497827529907, 0.8965187072753906, -0.314945787191391, -0.6543978452682495, -0.03789062798023224, -0.7552003860473633, -0.6889848113059998, 0.44138234853744507, 0.5748751759529114], "cam_t_m2c": [235.45481872558594, 231.290283203125, 127.58858489990234], "obj_id": 0}, {"cam_R_m2c": [-0.08519496023654938, 0.4805305600166321, 0.8728299140930176, 0.7928299307823181, 0.5632627010345459, -0.2327139973640442, -0.6034587025642395, 0.672179639339447, -0.42896613478660583], "cam_t_m2c": [171.2147979736328, 220.66641235351562, 81.17790222167969], "obj_id": 3}, {"cam_R_m2c": [-0.05108402296900749, -0.14699959754943848, 0.9878165125846863, -0.31412890553474426, 0.9412702322006226, 0.12382800877094269, -0.948004961013794, -0.3039760887622833, -0.09426069259643555], "cam_t_m2c": [15.918100357055664, 229.75070190429688, 128.76040649414062], "obj_id": 0}, {"cam_R_m2c": [0.8839455246925354, 0.45246294140815735, 0.11797299236059189, -0.4369794428348541, 0.7095682621002197, 0.5527765154838562, 0.1664009839296341, -0.5401760935783386, 0.8249366879463196], "cam_t_m2c": [50.56099319458008, 100.38734436035156, 242.9741668701172], "obj_id": 1}, {"cam_R_m2c": [-0.11170463263988495, 0.30510491132736206, 0.9457446336746216, 0.5591958165168762, -0.7674235105514526, 0.31362539529800415, 0.8214754462242126, 0.5638899207115173, -0.08488847315311432], "cam_t_m2c": [305.1695251464844, 406.7410888671875, 49.56083679199219], "obj_id": 2}, {"cam_R_m2c": [0.49884891510009766, 0.0912475511431694, -0.8618721961975098, 0.6231498122215271, 0.653384804725647, 0.4298518896102905, 0.6023571491241455, -0.7515066266059875, 0.26907938718795776], "cam_t_m2c": [99.04586029052734, 5331.35595703125, 6613.2705078125], "obj_id": 1}, {"cam_R_m2c": [-0.9058948159217834, -0.4232868552207947, 0.013515894301235676, 0.3369159698486328, -0.7009775042533875, 0.6285841464996338, -0.2565970718860626, 0.5739849209785461, 0.7776241302490234], "cam_t_m2c": [120.67465209960938, 94.37562561035156, 169.34988403320312], "obj_id": 3}, {"cam_R_m2c": [-3.293290546935168e-06, -0.6564604043960571, 0.7543603777885437, 0.6057010293006897, -0.6002399921417236, -0.5223389267921448, 0.7956922054290771, 0.45691514015197754, 0.3976208567619324], "cam_t_m2c": [-18.870738983154297, 38.09273910522461, 277.57830810546875], "obj_id": 2}, {"cam_R_m2c": [-0.12867024540901184, 0.9902353286743164, -0.053646475076675415, 0.9603193402290344, 0.11091961711645126, -0.25589755177497864, -0.2474483698606491, -0.08444415032863617, -0.9652142524719238], "cam_t_m2c": [207.42442321777344, 173.65110778808594, 78.81278228759766], "obj_id": 1}, {"cam_R_m2c": [-0.31267473101615906, -0.9409428238868713, -0.12985004484653473, 0.4590841829776764, -0.2693796157836914, 0.8465673327445984, -0.8315504193305969, 0.20508815348148346, 0.5162002444267273], "cam_t_m2c": [-255.97256469726562, 343.638671875, 46.528289794921875], "obj_id": 1}, {"cam_R_m2c": [-0.1942635476589203, -0.7668085098266602, -0.6117729544639587, 0.7067806720733643, 0.3230583369731903, -0.6293601989746094, 0.6802371144294739, -0.554651141166687, 0.4792070984840393], "cam_t_m2c": [70.33231353759766, -41.961551666259766, 257.1148376464844], "obj_id": 0}, {"cam_R_m2c": [0.5462372899055481, -0.8063009977340698, -0.2269437611103058, 0.8248661160469055, 0.470675528049469, 0.31314584612846375, -0.1456729620695114, -0.3582501709461212, 0.9221909642219543], "cam_t_m2c": [-40.54914855957031, 145.36854553222656, 218.66929626464844], "obj_id": 1}, {"cam_R_m2c": [-0.6603086590766907, -0.6328875422477722, -0.40428426861763, 0.15955068171024323, 0.407820463180542, -0.8990139365196228, 0.7338501214981079, -0.6581305265426636, -0.16830973327159882], "cam_t_m2c": [-152.76283264160156, 4959.85791015625, 6442.7578125], "obj_id": 2}, {"cam_R_m2c": [-0.8144450187683105, -0.4049414098262787, 0.4155738949775696, -0.3716592788696289, -0.18593524396419525, -0.909558892250061, 0.4455879330635071, -0.8952376842498779, 0.0009338725940324366], "cam_t_m2c": [156.94573974609375, 5182.41064453125, 6718.619140625], "obj_id": 1}, {"cam_R_m2c": [0.9277927279472351, 0.35350751876831055, 0.11930236965417862, -0.3724239468574524, 0.8583139777183533, 0.3529837131500244, 0.022383514791727066, -0.37192678451538086, 0.9279921650886536], "cam_t_m2c": [-56.117645263671875, 182.27879333496094, 67.90589904785156], "obj_id": 3}, {"cam_R_m2c": [0.2666885554790497, 0.5958218574523926, 0.7575443387031555, 0.26310843229293823, -0.8011637330055237, 0.5375037789344788, 0.9271736741065979, 0.055970266461372375, -0.37042683362960815], "cam_t_m2c": [252.6849822998047, 117.53282165527344, 117.19192504882812], "obj_id": 0}, {"cam_R_m2c": [-0.07722850888967514, 0.23990115523338318, 0.967720627784729, -0.5931045413017273, 0.7691426277160645, -0.23800545930862427, -0.8014129996299744, -0.5923402905464172, 0.0828867182135582], "cam_t_m2c": [64.69623565673828, 102.37003326416016, 128.7341766357422], "obj_id": 1}, {"cam_R_m2c": [0.3025367558002472, 0.8705827593803406, -0.3880167603492737, -0.6734828352928162, -0.09281131625175476, -0.7333530187606812, -0.6744569540023804, 0.4831888675689697, 0.5582438707351685], "cam_t_m2c": [126.33322143554688, -38.24504852294922, 332.7643737792969], "obj_id": 0}, {"cam_R_m2c": [0.14930598437786102, -0.9812684059143066, 0.1217372789978981, -0.5377563238143921, -0.18390029668807983, -0.8227993845939636, 0.8297745585441589, 0.05738386884331703, -0.5551406741142273], "cam_t_m2c": [-37.533103942871094, 22.221660614013672, 182.6975555419922], "obj_id": 1}, {"cam_R_m2c": [-0.33177849650382996, 0.5268887877464294, -0.7825031876564026, 0.38140445947647095, -0.6837488412857056, -0.6221078634262085, -0.8628172874450684, -0.5048522353172302, 0.02589539811015129], "cam_t_m2c": [-92.35950469970703, 5136.2744140625, 6318.1787109375], "obj_id": 0}],
  "1": [{"cam_R_m2c": [0.11538409441709518, -0.4888406991958618, 0.864708662033081, 0.7896283864974976, -0.48299869894981384, -0.37841641902923584, 0.6026386618614197, 0.7264617681503296, 0.3302723169326782], "cam_t_m2c": [-74.08373260498047, -33.66580581665039, 391.58837890625], "obj_id": 1}, {"cam_R_m2c": [-0.3089371919631958, 0.5930473208427429, 0.7435405850410461, -0.6429840326309204, 0.44582438468933105, -0.6227456331253052, -0.7008061408996582, -0.6704740524291992, 0.24358828365802765], "cam_t_m2c": [-140.03408813476562, -116.56584167480469, 417.0221862792969], "obj_id": 1}, {"cam_R_m2c": [0.04083932191133499, 0.18385381996631622, 0.9821047782897949, -0.5533655285835266, -0.8142521381378174, 0.17544199526309967, 0.8319366574287415, -0.5506278872489929, 0.06848495453596115], "cam_t_m2c": [-73.80826568603516, 12.249551773071289, 318.7179260253906], "obj_id": 3}, {"cam_R_m2c": [-0.7132903933525085, 0.5783112645149231, 0.39594534039497375, 0.3881511986255646, 0.7963414788246155, -0.46387380361557007, -0.5835711359977722, -0.17719011008739471, -0.7924949526786804], "cam_t_m2c": [-180.53504943847656, -121.47020721435547, 499.0326843261719], "obj_id": 3}, {"cam_R_m2c": [0.10951448976993561, 0.31513985991477966, 0.9427053332328796, -0.6152434945106506, 0.7663888931274414, -0.18472540378570557, -0.7806932330131531, -0.5597632527351379, 0.2778184413909912], "cam_t_m2c": [-148.99147033691406, -20.513132095336914, 408.012939453125], "obj_id": 0}, {"cam_R_m2c": [-0.12775050103664398, -0.5041587352752686, -0.8541098833084106, 0.9233733415603638, 0.2538803815841675, -0.28796932101249695, 0.3620239794254303, -0.825450599193573, 0.43309345841407776], "cam_t_m2c": [-407.1333312988281, 77.33503723144531, 147.99395751953125], "obj_id": 0}, {"cam_R_m2c": [-0.3309260606765747, -0.9335781931877136, 0.13754872977733612, 0.7969685792922974, -0.1984488070011139, 0.5704902410507202, -0.5053008794784546, 0.29841211438179016, 0.8097044229507446], "cam_t_m2c": [-207.20367431640625, 107.18975067138672, 252.83572387695312], "obj_id": 1}, {"cam_R_m2c": [0.8960033059120178, 0.3664448857307434, 0.2507912218570709, 0.24596862494945526, 0.060640741139650345, -0.9673789143562317, -0.36969923973083496, 0.928461492061615, -0.03579964488744736], "cam_t_m2c": [-265.0864562988281, 153.95814514160156, 84.82727813720703], "obj_id": 3}, {"cam_R_m2c": [-0.026893319562077522, -0.10612528026103973, -0.9939890503883362, 0.942396879196167, 0.3289581537246704, -0.060619331896305084, 0.3334140479564667, -0.9383623600006104, 0.09116534888744354], "cam_t_m2c": [-130.4288330078125, 22.518070220947266, 230.43431091308594], "obj_id": 0}, {"cam_R_m2c": [0.714581310749054, -0.6334023475646973, -0.2969428300857544, 0.6433937549591064, 0.42843303084373474, 0.6344206929206848, -0.27462345361709595, -0.6443963050842285, 0.7136773467063904], "cam_t_m2c": [-274.7646484375, -11.205485343933105, 430.8953552246094], "obj_id": 1}, {"cam_R_m2c": [2.9763007205474423e-06, -0.21450449526309967, 0.9767228960990906, 0.8327216506004333, -0.5408027768135071, -0.11877170205116272, 0.5536916255950928, 0.8133387565612793, 0.1786210983991623], "cam_t_m2c": [-101.77445983886719, -10.191967010498047, 396.68621826171875], "obj_id": 2}, {"cam_R_m2c": [0.9602059125900269, -0.26333701610565186, 0.09304928779602051, 0.1547868549823761, 0.7790684103965759, 0.6075306534767151, -0.232477068901062, -0.5689517259597778, 0.7888271808624268], "cam_t_m2c": [-349.70635986328125, 17.36638832092285, 253.7997589111328], "obj_id": 3}, {"cam_R_m2c": [0.021048670634627342, 0.08306809514760971, -0.9963214993476868, 0.9427145719528198, 0.3302089273929596, 0.04744721204042435, 0.3329355716705322, -0.9402455687522888, -0.07135902345180511], "cam_t_m2c": [-141.8437042236328, 36.235321044921875, 209.80520629882812], "obj_id": 0}, {"cam_R_m2c": [0.6079348921775818, -0.7170997262001038, -0.3408564329147339, -0.43980884552001953, 0.05327851325273514, -0.89650958776474, 0.6610471606254578, 0.6949310898780823, -0.2829969525337219], "cam_t_m2c": [-512.0232543945312, -17.078811645507812, 347.9510803222656], "obj_id": 3}, {"cam_R_m2c": [-0.14638330042362213, -0.42123469710350037, 0.8950604200363159, -0.6239030361175537, 0.7414700984954834, 0.2469150871038437, -0.7676697373390198, -0.5222867131233215, -0.37134844064712524], "cam_t_m2c": [42.30534362792969, 149.38682556152344, 152.49142456054688], "obj_id": 0}, {"cam_R_m2c": [-0.43807533383369446, 0.6956539750099182, -0.56934654712677, 0.8948595523834229, 0.39773645997047424, -0.20256373286247253, 0.08553560078144073, -0.5982233881950378, -0.7967511415481567], "cam_t_m2c": [-199.14707946777344, 86.35342407226562, 159.186767578125], "obj_id": 1}, {"cam_R_m2c": [-0.21184514462947845, -0.8504960536956787, 0.48143330216407776, -0.9731802940368652, 0.1383787989616394, -0.18376986682415009, 0.08967539668083191, -0.5074521899223328, -0.8570008873939514], "cam_t_m2c": [5.670085430145264, 6724.849609375, 4657.80859375], "obj_id": 1}, {"cam_R_m2c": [0.20148004591464996, 0.5797800421714783, 0.7894687056541443, -0.6430945992469788, 0.6862447261810303, -0.33984917402267456, -0.7388065457344055, -0.4392302632331848, 0.5111180543899536], "cam_t_m2c": [72.94114685058594, -81.04938507080078, 499.056884765625], "obj_id": 0}, {"cam_R_m2c": [-0.6946534514427185, 0.6780258417129517, -0.24028638005256653, 0.39840108156204224, 0.08450211584568024, -0.9133104681968689, -0.5989433526992798, -0.7301645874977112, -0.3288258910179138], "cam_t_m2c": [-181.55821228027344, -83.58979034423828, 471.3248291015625], "obj_id": 3}, {"cam_R_m2c": [-0.23332270979881287, -0.9557943344116211, 0.17893429100513458, 0.9266773462295532, -0.16279307007789612, 0.33877328038215637, -0.2946683466434479, 0.24485790729522705, 0.9236964583396912], "cam_t_m2c": [-447.4671936035156, 48.9688720703125, 337.3736877441406], "obj_id": 1}, {"cam_R_m2c": [6.982108061492909e-06, 0.4937531054019928, -0.8696020841598511, 0.8327199220657349, 0.4814910292625427, 0.2733933925628662, 0.5536944270133972, -0.7241368889808655, -0.41115468740463257], "cam_t_m2c": [-50.2518196105957, 10.215226173400879, 366.0045471191406], "obj_id": 2}, {"cam_R_m2c": [-0.38194432854652405, 0.09647514671087265, 0.9191360473632812, 0.7484908699989319, -0.551082193851471, 0.3688763976097107, 0.5421069264411926, 0.8288551568984985, 0.1382719874382019], "cam_t_m2c": [-128.2317352294922, -3.9017977714538574, 391.659423828125], "obj_id": 1}, {"cam_R_m2c": [-0.9075698256492615, -0.41966211795806885, 0.014153141528367996, -0.23264369368553162, 0.4744888246059418, -0.8489624261856079, 0.3495618999004364, -0.7737854719161987, -0.5282633900642395], "cam_t_m2c": [-171.79039001464844, -49.94987106323242, 413.31048583984375], "obj_id": 3}, {"cam_R_m2c": [-0.1787581890821457, -0.7340298891067505, -0.6551682353019714, -0.9250323176383972, -0.10147929191589355, 0.36608320474624634, -0.3352021276950836, 0.6714922785758972, -0.660861074924469], "cam_t_m2c": [-301.5617370605469, -53.95157241821289, 318.9190979003906], "obj_id": 2}, {"cam_R_m2c": [0.9630858302116394, -0.21369513869285583, 0.16370727121829987, 0.2435026913881302, 0.9508385062217712, -0.19134415686130524, -0.11476986110210419, 0.22414401173591614, 0.9677744507789612], "cam_t_m2c": [-100.33097076416016, 11.904472351074219, 219.8746795654297], "obj_id": 3}, {"cam_R_m2c": [-0.5970058441162109, 0.7576408386230469, 0.2637504041194916, -0.32157066464424133, -0.5272029042243958, 0.7865425944328308, 0.7349668145179749, 0.3847561776638031, 0.5583783984184265], "cam_t_m2c": [-7.640742778778076, 13.264734268188477, 217.82891845703125], "obj_id": 3}, {"cam_R_m2c": [0.018983561545610428, 0.9987687468528748, -0.04583221673965454, 0.5575839281082153, 0.027474360540509224, 0.8296657800674438, 0.8299034833908081, -0.0413052961230278, -0.5563758015632629], "cam_t_m2c": [-58.28369903564453, 154.2933349609375, 153.66529846191406], "obj_id": 1}, {"cam_R_m2c": [0.8388462662696838, -0.10124523192644119, -0.534870445728302, 0.30140477418899536, -0.7318201065063477, 0.6112238168716431, -0.4533124268054962, -0.6739352941513062, -0.583368718624115], "cam_t_m2c": [-356.607177734375, 50.47571563720703, 261.1620178222656], "obj_id": 3}, {"cam_R_m2c": [-0.11608053743839264, -0.5605165958404541, -0.8199672102928162, -0.945380449295044, -0.1908215582370758, 0.26427769660949707, -0.3045995533466339, 0.8058586120605469, -0.5077507495880127], "cam_t_m2c": [-254.01678466796875, 80.2525634765625, 117.08235931396484], "obj_id": 2}, {"cam_R_m2c": [0.9165553450584412, -0.10214865207672119, -0.38664186000823975, 0.3757672905921936, 0.5508119463920593, 0.7452551126480103, 0.13684016466140747, -0.8283548951148987, 0.5432337522506714], "cam_t_m2c": [-160.43141174316406, 148.00047302246094, 191.47164916992188], "obj_id": 1}, {"cam_R_m2c": [6.994149771344382e-06, 0.7356628775596619, -0.6773478388786316, 0.8327199220657349, 0.3750394880771637, 0.4073363244533539, 0.5536943674087524, -0.5640438795089722, -0.6125984787940979], "cam_t_m2c": [-49.706451416015625, 52.67137145996094, 302.1524353027344], "obj_id": 2}, {"cam_R_m2c": [-0.5029829144477844, 0.2885976731777191, -0.8146898150444031, 0.8395594358444214, -0.06075642630457878, -0.5398597717285156, -0.20529994368553162, -0.9555208086967468, -0.21173541247844696], "cam_t_m2c": [-350.0427551269531, 6563.03759765625, 4678.1435546875], "obj_id": 2}, {"cam_R_m2c": [0.17403638362884521, -0.8717198967933655, 0.45805642008781433, -0.9113445281982422, 0.033633388578891754, 0.4102679193019867, -0.3730446696281433, -0.4888487458229065, -0.7885836958885193], "cam_t_m2c": [-275.4704284667969, 6928.72119140625, 4929.3876953125], "obj_id": 2}]
}