{
  "0": [{"cam_R_m2c": [0.3587353527545929, 0.8399003148078918, -0.40727919340133667, 0.02415534481406212, 0.42782190442085266, 0.9035401940345764, 0.93312668800354, -0.33396977186203003, 0.13318675756454468], "cam_t_m2c": [-118.37873840332031, 3.5604960918426514, 457.6782531738281], "obj_id": 3}, {"cam_R_m2c": [0.6828025579452515, 0.7201512455940247, -0.12313755601644516, 0.6489395499229431, -0.67523592710495, -0.35061925649642944, -0.33564579486846924, 0.15949490666389465, -0.928387463092804], "cam_t_m2c": [-260.1748352050781, 74.64457702636719, 477.00372314453125], "obj_id": 3}, {"cam_R_m2c": [-0.18953663110733032, -0.5290476679801941, -0.8271543979644775, -0.0599810890853405, 0.8470898270606995, -0.5280541181564331, 0.9800398945808411, -0.050471968948841095, -0.1922874003648758], "cam_t_m2c": [-71.1690673828125, 276.75592041015625, 543.5408935546875], "obj_id": 2}, {"cam_R_m2c": [0.6688678860664368, 0.017229333519935608, -0.7431816458702087, 0.7054100632667542, -0.3301398456096649, 0.6272194981575012, -0.23454733192920685, -0.9437747001647949, -0.23297366499900818], "cam_t_m2c": [-290.86761474609375, 281.88800048828125, 661.7247314453125], "obj_id": 2}],
  "1": [{"cam_R_m2c": [-0.9072351455688477, -0.07556090503931046, 0.41378143429756165, 0.19201812148094177, -0.9496455788612366, 0.24759326875209808, 0.3742373287677765, 0.3040788173675537, 0.8760607838630676], "cam_t_m2c": [325.5893859863281, -81.08146667480469, 912.6316528320312], "obj_id": 3}, {"cam_R_m2c": [0.08397206664085388, -0.7394768595695496, 0.6679240465164185, -0.8595535159111023, -0.39284437894821167, -0.326865017414093, 0.504099428653717, -0.5466690063476562, -0.6686078310012817], "cam_t_m2c": [412.6145324707031, 34.09158706665039, 980.9400634765625], "obj_id": 3}, {"cam_R_m2c": [-0.6644414663314819, 0.604340672492981, 0.43964752554893494, 0.6866463422775269, 0.2614405155181885, 0.6783551573753357, 0.2950159013271332, 0.7526096105575562, -0.5886802077293396], "cam_t_m2c": [320.8623352050781, -123.4537582397461, 1199.423828125], "obj_id": 2}, {"cam_R_m2c": [0.032325513660907745, 0.6080130934715271, 0.7932686805725098, -0.8045297265052795, -0.4550968408584595, 0.3816004693508148, 0.5930321216583252, -0.6505436301231384, 0.47445330023765564], "cam_t_m2c": [354.3694763183594, 120.48619842529297, 1240.1370849609375], "obj_id": 2}]
}