{
  "0": [{"cam_R_m2c": [0.556852400302887, -0.7920540571212769, 0.2501314580440521, -0.5901781320571899, -0.5891976952552795, -0.5518474578857422, 0.5844699740409851, 0.1596754640340805, -0.7955490946769714], "cam_t_m2c": [336.8836669921875, 3550.909912109375, 3743.736572265625], "obj_id": 0}, {"cam_R_m2c": [0.9119120836257935, -0.38262391090393066, -0.14837537705898285, -0.15356014668941498, 0.017145123332738876, -0.9879904985427856, 0.38057273626327515, 0.9237450361251831, -0.043120939284563065], "cam_t_m2c": [-220.4937744140625, 3860.38134765625, 3642.525634765625], "obj_id": 1}, {"cam_R_m2c": [-0.47076985239982605, 0.2932206988334656, -0.8321043848991394, -0.7889514565467834, 0.28222405910491943, 0.5458070635795593, 0.39488184452056885, 0.9134392738342285, 0.09847418963909149], "cam_t_m2c": [54.42833709716797, 3813.70849609375, 3748.61962890625], "obj_id": 3}, {"cam_R_m2c": [-0.8858470320701599, -0.26119330525398254, -0.3834749162197113, -0.21820689737796783, 0.9639173746109009, -0.1524762362241745, 0.40946391224861145, -0.05139376223087311, -0.910877525806427], "cam_t_m2c": [130.33335876464844, 3926.8544921875, 3639.06201171875], "obj_id": 2}, {"cam_R_m2c": [-0.4967710077762604, 0.6677798628807068, 0.5543362498283386, 0.8572707772254944, 0.477133572101593, 0.1934693455696106, -0.135297492146492, 0.5713261961936951, -0.8094942569732666], "cam_t_m2c": [57.44496536254883, 5280.05322265625, 4856.1171875], "obj_id": 1}, {"cam_R_m2c": [0.08783277869224548, 0.5267582535743713, -0.8454650044441223, 0.9188015460968018, -0.37072455883026123, -0.1355247050523758, -0.38482344150543213, -0.7649110555648804, -0.5165480375289917], "cam_t_m2c": [-55.5241584777832, 5178.462890625, 4519.044921875], "obj_id": 1}, {"cam_R_m2c": [-0.2284502387046814, 0.9735555052757263, 1.530131470417473e-07, 0.5833051204681396, 0.13687606155872345, -0.8006371855735779, -0.779464840888977, -0.18290574848651886, -0.599149227142334], "cam_t_m2c": [65.89862060546875, 5193.14990234375, 4666.12841796875], "obj_id": 0}, {"cam_R_m2c": [-0.2284502387046814, 0.9735555648803711, 1.111867788949894e-07, 0.5833052396774292, 0.1368759274482727, -0.8006372451782227, -0.779464840888977, -0.18290571868419647, -0.5991494059562683], "cam_t_m2c": [65.89862060546875, 5193.14892578125, 4666.12744140625], "obj_id": 3}, {"cam_R_m2c": [-0.7336246967315674, -0.38235363364219666, -0.5617832541465759, 0.6450951099395752, -0.1319328248500824, -0.7526260614395142, 0.2136516571044922, -0.9145486950874329, 0.34344369173049927], "cam_t_m2c": [-11.098734855651855, 3805.91357421875, 3759.044189453125], "obj_id": 1}, {"cam_R_m2c": [0.5197026133537292, -0.20656198263168335, 0.8290001749992371, 0.8441305756568909, -0.025463171303272247, -0.5355325937271118, 0.13172966241836548, 0.9781020879745483, 0.16113202273845673], "cam_t_m2c": [83.0015869140625, 3836.395751953125, 3718.3115234375], "obj_id": 0}, {"cam_R_m2c": [0.06807541102170944, 0.6339356899261475, -0.7703837752342224, -0.9859382510185242, -0.07537305355072021, -0.1491461843252182, -0.15261530876159668, 0.7697040438652039, 0.6198904514312744], "cam_t_m2c": [6.261712551116943, 2551.6318359375, 2757.74560546875], "obj_id": 1}, {"cam_R_m2c": [0.5420582294464111, 0.797959566116333, -0.26350218057632446, -0.797937273979187, 0.39039885997772217, -0.4592219889163971, -0.2635696530342102, 0.4591832756996155, 0.8483405709266663], "cam_t_m2c": [33.86213302612305, 2566.633056640625, 2737.699462890625], "obj_id": 2}, {"cam_R_m2c": [-0.11465776711702347, 0.4962216019630432, 0.8605914115905762, 0.9905943870544434, -0.00800897367298603, 0.13659632205963135, 0.07467453926801682, 0.8681588768959045, -0.49063602089881897], "cam_t_m2c": [80.00008392333984, 2528.756591796875, 2788.3134765625], "obj_id": 3}, {"cam_R_m2c": [-0.9710956811904907, -0.23864240944385529, 0.004748466890305281, 0.21058925986289978, -0.8472364544868469, 0.48769068717956543, -0.11236061900854111, 0.4745944142341614, 0.8730035424232483], "cam_t_m2c": [-13.366701126098633, 2532.4755859375, 2783.343017578125], "obj_id": 0}, {"cam_R_m2c": [-0.1510397344827652, -0.06995618343353271, 0.9860492944717407, -0.2487325221300125, 0.9680892825126648, 0.030581992119550705, -0.956723153591156, -0.2406434267759323, -0.16362032294273376], "cam_t_m2c": [96.17384338378906, 2528.9306640625, 2788.080810546875], "obj_id": 3}, {"cam_R_m2c": [0.2564326226711273, 0.3361361026763916, -0.9062311053276062, 0.11136269569396973, 0.9210634231567383, 0.3731495141983032, 0.9601253271102905, -0.1966080516576767, 0.19875769317150116], "cam_t_m2c": [77.04051971435547, 3800.384765625, 3826.689453125], "obj_id": 3}, {"cam_R_m2c": [0.42794501781463623, -0.39026910066604614, 0.8152012825012207, 0.8999062180519104, 0.10030697286128998, -0.4243905246257782, 0.08385611325502396, 0.9152204990386963, 0.39413145184516907], "cam_t_m2c": [73.59561920166016, 2586.142333984375, 2711.62939453125], "obj_id": 2}, {"cam_R_m2c": [0.9118545651435852, -0.3826771378517151, -0.14859163761138916, -0.15379270911216736, 0.017155945301055908, -0.9879540801048279, 0.380616694688797, 0.9237227439880371, -0.043209224939346313], "cam_t_m2c": [12.049808502197266, 3816.451416015625, 3739.67724609375], "obj_id": 1}, {"cam_R_m2c": [-0.24263307452201843, -0.58980393409729, -0.7702339887619019, -0.32374146580696106, -0.6992174386978149, 0.6374058723449707, -0.9145056009292603, 0.4040124714374542, -0.021290596574544907], "cam_t_m2c": [-230.5262451171875, 4196.8076171875, 4137.10302734375], "obj_id": 0}, {"cam_R_m2c": [0.5154591202735901, -0.7321291565895081, 0.4452962279319763, -0.5719907283782959, -0.6809022426605225, -0.45738232135772705, 0.6380661725997925, -0.018943428993225098, -0.769748330116272], "cam_t_m2c": [172.19349670410156, 3796.57421875, 3790.8818359375], "obj_id": 0}, {"cam_R_m2c": [0.21166899800300598, 0.42345693707466125, 0.8808407187461853, 0.9772207736968994, -0.1058579683303833, -0.18393905460834503, 0.015353769063949585, 0.8997100591659546, -0.4362177550792694], "cam_t_m2c": [27.202011108398438, 1268.2239990234375, 1795.367431640625], "obj_id": 3}, {"cam_R_m2c": [0.7565544843673706, -0.567361056804657, -0.3251563012599945, -0.30388325452804565, -0.7453141212463379, 0.593431830406189, -0.5790338516235352, -0.35015395283699036, -0.736282229423523], "cam_t_m2c": [96.69618225097656, 1243.1265869140625, 1828.9049072265625], "obj_id": 2}, {"cam_R_m2c": [-0.7309752106666565, 0.6131780743598938, 0.2994793653488159, 0.429200142621994, 0.7542984485626221, -0.4968109130859375, -0.5305303931236267, -0.2346198558807373, -0.8145495653152466], "cam_t_m2c": [22.736989974975586, 1292.2022705078125, 1763.3255615234375], "obj_id": 3}, {"cam_R_m2c": [0.05742482841014862, 0.8148517608642578, -0.5768179297447205, 0.8014392256736755, 0.30689769983291626, 0.5133311748504639, 0.5953128933906555, -0.4917624890804291, -0.635430634021759], "cam_t_m2c": [-5.264135837554932, 1243.6234130859375, 1828.240966796875], "obj_id": 1}, {"cam_R_m2c": [-0.30420660972595215, 0.8106648921966553, -0.500280499458313, 0.7586065530776978, -0.11148490011692047, -0.6419400572776794, -0.5761720538139343, -0.574798583984375, -0.5810612440109253], "cam_t_m2c": [75.07150268554688, 1295.8228759765625, 1758.4873046875], "obj_id": 3}, {"cam_R_m2c": [0.17548660933971405, -0.12447489798069, -0.9765810370445251, 0.18075397610664368, -0.9710378050804138, 0.15624892711639404, -0.9677460789680481, -0.2039404958486557, -0.1479048728942871], "cam_t_m2c": [-32.11143112182617, 1288.2935791015625, 1768.5487060546875], "obj_id": 2}, {"cam_R_m2c": [-0.6478856801986694, -0.6790673136711121, -0.34512555599212646, -0.6848591566085815, 0.7176348567008972, -0.12636533379554749, 0.3334846794605255, 0.1544921100139618, -0.9300107955932617], "cam_t_m2c": [107.67794799804688, 3934.2802734375, 3644.552734375], "obj_id": 2}, {"cam_R_m2c": [0.9118746519088745, -0.38265445828437805, -0.1485266536474228, -0.15373297035694122, 0.017127158120274544, -0.9879639744758606, 0.3805926740169525, 0.9237327575683594, -0.043208785355091095], "cam_t_m2c": [-86.18448638916016, 3939.5322265625, 3696.693603515625], "obj_id": 1}, {"cam_R_m2c": [-0.6269276142120361, -0.6973490118980408, -0.34737008810043335, -0.7036730647087097, 0.6982129812240601, -0.13169240951538086, 0.3343738615512848, 0.16187335550785065, -0.9284346699714661], "cam_t_m2c": [68.54972076416016, 3868.362548828125, 3668.429443359375], "obj_id": 2}, {"cam_R_m2c": [-0.8081108927726746, -0.47311457991600037, -0.3508838713169098, -0.4597302973270416, 0.8790132999420166, -0.12642639875411987, 0.3682457506656647, 0.05914539098739624, -0.9278453588485718], "cam_t_m2c": [26.68389129638672, 3820.00927734375, 3691.6513671875], "obj_id": 2}, {"cam_R_m2c": [-0.6213688850402832, 0.07850398123264313, -0.7795752882957458, 0.18018563091754913, 0.9826178550720215, -0.044668346643447876, 0.7625179886817932, -0.1682237982749939, -0.6247134804725647], "cam_t_m2c": [27.75490379333496, -13.313434600830078, 830.4901733398438], "obj_id": 3}, {"cam_R_m2c": [0.13157959282398224, 0.9383673071861267, -0.3196144998073578, 0.9512462615966797, -0.02878979779779911, 0.3070855140686035, 0.2789573669433594, -0.3444382846355438, -0.8964065313339233], "cam_t_m2c": [83.98365783691406, -27.3574275970459, 849.257080078125], "obj_id": 1}, {"cam_R_m2c": [-0.31173595786094666, 0.15468168258666992, 0.9374934434890747, 0.4614226222038269, -0.8378627896308899, 0.29167577624320984, 0.8306079506874084, 0.5235065817832947, 0.1898185908794403], "cam_t_m2c": [62.81415557861328, 20.942920684814453, 784.7138061523438], "obj_id": 2}, {"cam_R_m2c": [-0.8861886858940125, -0.028716295957565308, -0.46243372559547424, 0.2801873981952667, 0.7616825699806213, -0.5842385292053223, 0.36900487542152405, -0.6473137140274048, -0.6669484972953796], "cam_t_m2c": [19.149757385253906, -43.90086364746094, 871.3638916015625], "obj_id": 3}, {"cam_R_m2c": [0.8873834609985352, 0.4408505856990814, 0.1349121779203415, 0.10593992471694946, 0.0898156464099884, -0.9903079271316528, -0.4486950933933258, 0.8930754661560059, 0.0329972468316555], "cam_t_m2c": [-3.375121831893921, -50.535499572753906, 880.2296752929688], "obj_id": 0}, {"cam_R_m2c": [-0.2782832384109497, -0.8964229822158813, -0.34494075179100037, -0.9307559132575989, 0.3403548002243042, -0.13361138105392456, 0.23717454075813293, 0.2838738262653351, -0.9290660619735718], "cam_t_m2c": [150.50241088867188, 3949.062744140625, 3627.029541015625], "obj_id": 2}, {"cam_R_m2c": [0.28459811210632324, 0.20423874258995056, 0.9366378784179688, -0.32669591903686523, -0.8978926539421082, 0.2950569689273834, 0.9012622833251953, -0.3899684250354767, -0.18881464004516602], "cam_t_m2c": [48.16744613647461, 9.705191612243652, 799.7306518554688], "obj_id": 0}, {"cam_R_m2c": [0.007339176256209612, 0.5028011202812195, 0.8643708825111389, 0.8033495545387268, -0.5176926255226135, 0.294318825006485, 0.5954623818397522, 0.6922320127487183, -0.40772438049316406], "cam_t_m2c": [84.31441497802734, -40.6390380859375, 867.005126953125], "obj_id": 3}, {"cam_R_m2c": [0.0037094883155077696, -0.9386075735092163, -0.3449668884277344, -0.9898686408996582, 0.04551796242594719, -0.13449248671531677, 0.14193785190582275, 0.3419708013534546, -0.928929328918457], "cam_t_m2c": [159.5596160888672, 4017.121826171875, 3613.8154296875], "obj_id": 2}, {"cam_R_m2c": [-0.40044140815734863, -0.5887190699577332, -0.7021797299385071, -0.3591536581516266, -0.6041476130485535, 0.7113467454910278, -0.8430036306381226, 0.5370431542396545, 0.03048522397875786], "cam_t_m2c": [27.1317195892334, 3801.840576171875, 3709.1103515625], "obj_id": 3}],
  "1": [{"cam_R_m2c": [0.5021241903305054, 0.7748070955276489, -0.38411614298820496, 0.5417042970657349, -0.6280322074890137, -0.5586877465248108, -0.6741125583648682, 0.07245325297117233, -0.7350664734840393], "cam_t_m2c": [33.851200103759766, 3411.64990234375, 3924.1591796875], "obj_id": 0}, {"cam_R_m2c": [-0.03414006158709526, 0.8229780197143555, 0.5670462250709534, 0.7976655960083008, 0.3642735481262207, -0.48066025972366333, -0.6021327376365662, 0.43590348958969116, -0.6688975095748901], "cam_t_m2c": [33.071495056152344, 3088.259765625, 4482.82177734375], "obj_id": 1}, {"cam_R_m2c": [0.9146488308906555, 0.3814312517642975, 0.13389450311660767, -0.3324146866798401, 0.8981432914733887, -0.2878178060054779, -0.23003914952278137, 0.2187437117099762, 0.948279082775116], "cam_t_m2c": [16.737960815429688, 3322.8935546875, 4299.255859375], "obj_id": 3}, {"cam_R_m2c": [0.7950315475463867, -0.4461587369441986, -0.4109345078468323, -0.3917618691921234, 0.13952727615833282, -0.9094254374504089, 0.46308469772338867, 0.884010374546051, -0.06385939568281174], "cam_t_m2c": [-156.29803466796875, 3341.125244140625, 4316.36279296875], "obj_id": 2}, {"cam_R_m2c": [-0.34778305888175964, -0.1323840171098709, -0.9281817078590393, -0.10948944091796875, 0.9889423847198486, -0.1000252291560173, 0.9311599135398865, 0.06683901697397232, -0.3584320545196533], "cam_t_m2c": [22.792455673217773, 4582.603515625, 5637.09765625], "obj_id": 1}, {"cam_R_m2c": [-0.8128886818885803, -0.5789317488670349, 0.06363874673843384, 0.1331455409526825, -0.29109275341033936, -0.9473843574523926, 0.5669956803321838, -0.7616448998451233, 0.31370827555656433], "cam_t_m2c": [-117.29256439208984, 4248.94873046875, 5561.26025390625], "obj_id": 1}, {"cam_R_m2c": [-0.7806098461151123, -0.6250184774398804, -4.542130227491725e-08, -0.4564919173717499, 0.5701305866241455, -0.6830565333366394, 0.426923006772995, -0.5332006812095642, -0.7303654551506042], "cam_t_m2c": [-71.15901184082031, 4431.46728515625, 5527.32421875], "obj_id": 0}, {"cam_R_m2c": [-0.7806098461151123, -0.6250185370445251, -2.4771198425810326e-08, -0.45649194717407227, 0.5701305270195007, -0.6830565333366394, 0.4269230365753174, -0.5332006812095642, -0.7303654551506042], "cam_t_m2c": [-71.15901184082031, 4431.46630859375, 5527.3232421875], "obj_id": 3}, {"cam_R_m2c": [0.1210770234465599, -0.42518186569213867, 0.8969730734825134, -0.11116905510425568, -0.9037442803382874, -0.4133855402469635, 0.9863983988761902, -0.049664173275232315, -0.15668970346450806], "cam_t_m2c": [56.675777435302734, 3283.781982421875, 4335.84130859375], "obj_id": 1}, {"cam_R_m2c": [-0.5849205851554871, 0.809577465057373, 0.049521010369062424, 0.7324483394622803, 0.5009956955909729, 0.4610018730163574, 0.34840691089630127, 0.3059210479259491, -0.8860163688659668], "cam_t_m2c": [-29.730165481567383, 3329.84228515625, 4292.7646484375], "obj_id": 0}, {"cam_R_m2c": [0.3936879634857178, 0.32439929246902466, 0.8601016998291016, -0.4095626175403595, 0.8995612263679504, -0.15181595087051392, -0.8229631185531616, -0.2924973666667938, 0.4870082437992096], "cam_t_m2c": [3.9124834537506104, 2183.73779296875, 3168.261474609375], "obj_id": 1}, {"cam_R_m2c": [0.007917697541415691, -0.2225230485200882, 0.974895179271698, -0.10293950885534286, 0.9695649743080139, 0.22214241325855255, -0.9946560263633728, -0.10211407393217087, -0.01522968988865614], "cam_t_m2c": [-30.562721252441406, 2194.069580078125, 3158.598876953125], "obj_id": 2}, {"cam_R_m2c": [-0.43250226974487305, 0.418363094329834, -0.7986952066421509, 0.3290160894393921, 0.8979787826538086, 0.29220277070999146, 0.8394582271575928, -0.13640521466732025, -0.5260260701179504], "cam_t_m2c": [6.660027027130127, 2244.351318359375, 3111.573974609375], "obj_id": 3}, {"cam_R_m2c": [0.22261011600494385, 0.9039371609687805, 0.3651607930660248, -0.6390023231506348, -0.14759418368339539, 0.7549118995666504, 0.7362885475158691, -0.40138962864875793, 0.5447619557380676], "cam_t_m2c": [41.218711853027344, 2180.8408203125, 3170.970703125], "obj_id": 0}, {"cam_R_m2c": [-0.4919913411140442, -0.6674631834030151, -0.5589608550071716, -0.8209878206253052, 0.14205896854400635, 0.5529901385307312, -0.28969523310661316, 0.7309665083885193, -0.6178709268569946], "cam_t_m2c": [-0.5596046447753906, 2254.92431640625, 3101.6865234375], "obj_id": 3}, {"cam_R_m2c": [0.5234158635139465, -0.7848842740058899, 0.33165109157562256, 0.843458890914917, 0.4220443367958069, -0.33234861493110657, 0.12088377773761749, 0.4536905884742737, 0.8829224109649658], "cam_t_m2c": [70.64488220214844, 3384.6123046875, 4290.97314453125], "obj_id": 3}, {"cam_R_m2c": [-0.6102200746536255, 0.7751243710517883, 0.16374866664409637, 0.6603180766105652, 0.38342514634132385, 0.6457284092903137, 0.4377344846725464, 0.5021626353263855, -0.7458023428916931], "cam_t_m2c": [-77.04972839355469, 2210.037353515625, 3143.665283203125], "obj_id": 2}, {"cam_R_m2c": [-0.03395781293511391, 0.8229790329933167, 0.5670558214187622, 0.7975733280181885, 0.3642275929450989, -0.48084819316864014, -0.6022653579711914, 0.4359400272369385, -0.668754518032074], "cam_t_m2c": [27.020536422729492, 3290.0263671875, 4325.6650390625], "obj_id": 1}, {"cam_R_m2c": [-0.3815065920352936, 0.9239164590835571, -0.028827186673879623, -0.8803836107254028, -0.37268251180648804, -0.293312668800354, -0.2817398011684418, -0.08652175217866898, 0.9555818438529968], "cam_t_m2c": [212.8891143798828, 3529.11474609375, 4845.04052734375], "obj_id": 0}, {"cam_R_m2c": [0.5488307476043701, 0.6695296168327332, -0.5005146265029907, 0.556350827217102, -0.7394405007362366, -0.379079669713974, -0.6239058971405029, -0.07041114568710327, -0.7783210873603821], "cam_t_m2c": [5.8941216468811035, 3422.322265625, 4222.154296875], "obj_id": 0}, {"cam_R_m2c": [-0.6085168719291687, 0.525393009185791, -0.5947008728981018, 0.5001813769340515, 0.8357579708099365, 0.22655504941940308, 0.6160563826560974, -0.15959574282169342, -0.7713646292686462], "cam_t_m2c": [-6.50573205947876, 1101.3267822265625, 1984.191162109375], "obj_id": 3}, {"cam_R_m2c": [-0.579586386680603, 0.39410099387168884, -0.7132769823074341, 0.007219246588647366, -0.8727648258209229, -0.48808759450912476, -0.8148788809776306, -0.2880382239818573, 0.5029974579811096], "cam_t_m2c": [1.415436863899231, 1160.3072509765625, 1929.0311279296875], "obj_id": 2}, {"cam_R_m2c": [-0.3011667728424072, -0.8413302898406982, -0.4488450288772583, -0.6786011457443237, 0.5197818279266357, -0.5189675688743591, 0.6699246168136597, 0.1482909768819809, -0.727468729019165], "cam_t_m2c": [-40.713775634765625, 1085.8094482421875, 1998.703369140625], "obj_id": 3}, {"cam_R_m2c": [-0.027908746153116226, -0.8719474077224731, -0.4888036549091339, 0.7186718583106995, 0.3223777115345001, -0.61610347032547, 0.6947892308235168, -0.3684840202331543, 0.6176467537879944], "cam_t_m2c": [44.526187896728516, 1092.8204345703125, 1992.1466064453125], "obj_id": 1}, {"cam_R_m2c": [-0.6959047317504883, -0.7038664221763611, 0.1424373984336853, -0.3092360198497772, 0.11469767242670059, -0.9440430998802185, 0.6481430530548096, -0.7010110020637512, -0.29747939109802246], "cam_t_m2c": [-68.68125915527344, 1118.4171142578125, 1968.2078857421875], "obj_id": 3}, {"cam_R_m2c": [-0.8727192878723145, 0.4313591420650482, 0.22867096960544586, -0.4589475989341736, -0.565090000629425, -0.6855949759483337, -0.16651800274848938, -0.7032799124717712, 0.6911361217498779], "cam_t_m2c": [-11.230859756469727, 1051.6953125, 2030.60791015625], "obj_id": 2}, {"cam_R_m2c": [0.8901587724685669, 0.015613782219588757, -0.4553828835487366, -0.45243287086486816, -0.08827345073223114, -0.8874189257621765, -0.054054174572229385, 0.9959739446640015, -0.07151320576667786], "cam_t_m2c": [-146.6004180908203, 3332.47900390625, 4337.09326171875], "obj_id": 2}, {"cam_R_m2c": [-0.03401627391576767, 0.8229920268058777, 0.5670334696769714, 0.7975921034812927, 0.3642388880252838, -0.4808084964752197, -0.6022372245788574, 0.4359060823917389, -0.6688019633293152], "cam_t_m2c": [-28.363203048706055, 3240.99560546875, 4471.181640625], "obj_id": 1}, {"cam_R_m2c": [0.8919623494148254, 0.039317794144153595, -0.4503968358039856, -0.4447742700576782, -0.10241544246673584, -0.8897678256034851, -0.08111132681369781, 0.9939643144607544, -0.07386316359043121], "cam_t_m2c": [-76.85782623291016, 3298.816650390625, 4315.90283203125], "obj_id": 2}, {"cam_R_m2c": [0.8624371290206909, -0.22918035089969635, -0.4513076841831207, -0.45436471700668335, 0.04239237308502197, -0.8898065686225891, 0.22305819392204285, 0.9724604487419128, -0.06757070869207382], "cam_t_m2c": [-15.911005020141602, 3269.216064453125, 4309.6298828125], "obj_id": 2}, {"cam_R_m2c": [0.7209592461585999, -0.686839759349823, -0.09202663600444794, 0.15879535675048828, 0.2930094003677368, -0.9428306221961975, 0.6745381951332092, 0.6651290655136108, 0.32031479477882385], "cam_t_m2c": [-10.972380638122559, 4.49288272857666, 813.609619140625], "obj_id": 3}, {"cam_R_m2c": [-0.3694899082183838, -0.6370282173156738, -0.6765149235725403, 0.6122468113899231, 0.3807750344276428, -0.6929388642311096, 0.699021577835083, -0.6702279448509216, 0.24932590126991272], "cam_t_m2c": [-13.999297142028809, 48.9309196472168, 772.050048828125], "obj_id": 1}, {"cam_R_m2c": [0.48486512899398804, 0.7650274634361267, -0.4238381087779999, 0.5088058114051819, 0.14742259681224823, 0.8481645584106445, 0.711352527141571, -0.6268966794013977, -0.3177703320980072], "cam_t_m2c": [-77.66832733154297, 9.645952224731445, 808.7903442382812], "obj_id": 2}, {"cam_R_m2c": [0.4963622987270355, -0.8674929141998291, 0.032870277762413025, -0.23997613787651062, -0.1735011637210846, -0.9551485180854797, 0.8342876434326172, 0.46621158719062805, -0.2942970097064972], "cam_t_m2c": [38.81602478027344, 14.858182907104492, 803.9157104492188], "obj_id": 3}, {"cam_R_m2c": [-0.763324499130249, 0.4072789251804352, 0.5014574527740479, 0.3265873193740845, 0.9130192995071411, -0.2444104105234146, -0.5573835372924805, -0.022794822230935097, -0.8299421072006226], "cam_t_m2c": [58.501869201660156, 3.4856162071228027, 814.5516357421875], "obj_id": 0}, {"cam_R_m2c": [0.7945615649223328, 0.4066903293132782, -0.4508602023124695, -0.36056968569755554, -0.2813992500305176, -0.8892715573310852, -0.48852986097335815, 0.869147539138794, -0.07694882899522781], "cam_t_m2c": [-185.68263244628906, 3354.437255859375, 4318.3876953125], "obj_id": 2}, {"cam_R_m2c": [0.7056940793991089, 0.1159399077296257, -0.6989662051200867, 0.6660263538360596, -0.4450487792491913, 0.598615288734436, -0.24167071282863617, -0.8879691958427429, -0.39128729701042175], "cam_t_m2c": [-54.43574905395508, 5.881486415863037, 812.3109741210938], "obj_id": 0}, {"cam_R_m2c": [-0.007288898807018995, 0.5640566945075989, -0.8257038593292236, 0.6864320635795593, 0.6032708883285522, 0.4060482680797577, 0.7271573543548584, -0.5638300180435181, -0.39158380031585693], "cam_t_m2c": [5.870143890380859, 56.113426208496094, 765.332763671875], "obj_id": 3}, {"cam_R_m2c": [0.6363978385925293, 0.6262998580932617, -0.45027345418930054, -0.258772611618042, -0.37656447291374207, -0.8895142674446106, -0.7266597747802734, 0.6826033592224121, -0.07757546752691269], "cam_t_m2c": [-235.94163513183594, 3376.0859375, 4361.908203125], "obj_id": 2}, {"cam_R_m2c": [-0.24278996884822845, 0.9681795835494995, -0.060672514140605927, -0.9498851895332336, -0.24996547400951385, -0.18771053850650787, -0.1969035565853119, 0.012057674117386341, 0.9803487062454224], "cam_t_m2c": [6.342555999755859, 3274.531982421875, 4299.0634765625], "obj_id": 3}]
}