{
  "0": [{"cam_R_m2c": [0.4091052711009979, -0.8545787930488586, 0.31988731026649475, -0.2803613841533661, -0.45132943987846375, -0.8471712470054626, 0.8683491945266724, 0.2568981349468231, -0.4242321252822876], "cam_t_m2c": [-117.50244140625, -50.491310119628906, 212.58377075195312], "obj_id": 1}, {"cam_R_m2c": [0.4091052711009979, -0.8545787930488586, 0.31988731026649475, -0.2803613841533661, -0.45132943987846375, -0.8471712470054626, 0.8683491945266724, 0.2568981349468231, -0.4242321252822876], "cam_t_m2c": [-117.50244140625, -50.491310119628906, 212.58377075195312], "obj_id": 2}, {"cam_R_m2c": [0.4091052711009979, -0.8545787930488586, 0.31988731026649475, -0.2803613841533661, -0.45132943987846375, -0.8471712470054626, 0.8683491945266724, 0.2568981349468231, -0.4242321252822876], "cam_t_m2c": [-117.50244140625, -50.491310119628906, 212.58377075195312], "obj_id": 3}, {"cam_R_m2c": [0.4091052711009979, -0.8545787930488586, 0.31988731026649475, -0.2803613841533661, -0.45132943987846375, -0.8471712470054626, 0.8683491945266724, 0.2568981349468231, -0.4242321252822876], "cam_t_m2c": [-117.50244140625, -50.491310119628906, 212.58377075195312], "obj_id": 1}, {"cam_R_m2c": [0.4091052711009979, -0.8545787930488586, 0.31988731026649475, -0.2803613841533661, -0.45132943987846375, -0.8471712470054626, 0.8683491945266724, 0.2568981349468231, -0.4242321252822876], "cam_t_m2c": [-117.50244140625, -50.491310119628906, 212.58377075195312], "obj_id": 3}, {"cam_R_m2c": [0.4091052711009979, -0.8545787930488586, 0.31988731026649475, -0.2803613841533661, -0.45132943987846375, -0.8471712470054626, 0.8683491945266724, 0.2568981349468231, -0.4242321252822876], "cam_t_m2c": [-117.50244140625, -50.491310119628906, 212.58377075195312], "obj_id": 3}, {"cam_R_m2c": [0.4091052711009979, -0.8545787930488586, 0.31988731026649475, -0.2803613841533661, -0.45132943987846375, -0.8471712470054626, 0.8683491945266724, 0.2568981349468231, -0.4242321252822876], "cam_t_m2c": [-117.50244140625, -50.491310119628906, 212.58377075195312], "obj_id": 1}, {"cam_R_m2c": [0.4091052711009979, -0.8545787930488586, 0.31988731026649475, -0.2803613841533661, -0.45132943987846375, -0.8471712470054626, 0.8683491945266724, 0.2568981349468231, -0.4242321252822876], "cam_t_m2c": [-117.50244140625, -50.491310119628906, 212.58377075195312], "obj_id": 3}, {"cam_R_m2c": [0.4091052711009979, -0.8545787930488586, 0.31988731026649475, -0.2803613841533661, -0.45132943987846375, -0.8471712470054626, 0.8683491945266724, 0.2568981349468231, -0.4242321252822876], "cam_t_m2c": [-117.50244140625, -50.491310119628906, 212.58377075195312], "obj_id": 3}, {"cam_R_m2c": [0.4091052711009979, -0.8545787930488586, 0.31988731026649475, -0.2803613841533661, -0.45132943987846375, -0.8471712470054626, 0.8683491945266724, 0.2568981349468231, -0.4242321252822876], "cam_t_m2c": [-117.50244140625, -50.491310119628906, 212.58377075195312], "obj_id": 3}, {"cam_R_m2c": [0.4091052711009979, -0.8545787930488586, 0.31988731026649475, -0.2803613841533661, -0.45132943987846375, -0.8471712470054626, 0.8683491945266724, 0.2568981349468231, -0.4242321252822876], "cam_t_m2c": [-117.50244140625, -50.491310119628906, 212.58377075195312], "obj_id": 1}, {"cam_R_m2c": [0.4091052711009979, -0.8545787930488586, 0.31988731026649475, -0.2803613841533661, -0.45132943987846375, -0.8471712470054626, 0.8683491945266724, 0.2568981349468231, -0.4242321252822876], "cam_t_m2c": [-117.50244140625, -50.491310119628906, 212.58377075195312], "obj_id": 2}, {"cam_R_m2c": [0.4091052711009979, -0.8545787930488586, 0.31988731026649475, -0.2803613841533661, -0.45132943987846375, -0.8471712470054626, 0.8683491945266724, 0.2568981349468231, -0.4242321252822876], "cam_t_m2c": [-117.50244140625, -50.491310119628906, 212.58377075195312], "obj_id": 1}, {"cam_R_m2c": [0.4091052711009979, -0.8545787930488586, 0.31988731026649475, -0.2803613841533661, -0.45132943987846375, -0.8471712470054626, 0.8683491945266724, 0.2568981349468231, -0.4242321252822876], "cam_t_m2c": [-117.50244140625, -50.491310119628906, 212.58377075195312], "obj_id": 2}, {"cam_R_m2c": [0.4091052711009979, -0.8545787930488586, 0.31988731026649475, -0.2803613841533661, -0.45132943987846375, -0.8471712470054626, 0.8683491945266724, 0.2568981349468231, -0.4242321252822876], "cam_t_m2c": [-117.50244140625, -50.491310119628906, 212.58377075195312], "obj_id": 3}, {"cam_R_m2c": [0.4091052711009979, -0.8545787930488586, 0.31988731026649475, -0.2803613841533661, -0.45132943987846375, -0.8471712470054626, 0.8683491945266724, 0.2568981349468231, -0.4242321252822876], "cam_t_m2c": [-117.50244140625, -50.491310119628906, 212.58377075195312], "obj_id": 1}, {"cam_R_m2c": [0.4091052711009979, -0.8545787930488586, 0.31988731026649475, -0.2803613841533661, -0.45132943987846375, -0.8471712470054626, 0.8683491945266724, 0.2568981349468231, -0.4242321252822876], "cam_t_m2c": [-117.50244140625, -50.491310119628906, 212.58377075195312], "obj_id": 1}, {"cam_R_m2c": [0.4091052711009979, -0.8545787930488586, 0.31988731026649475, -0.2803613841533661, -0.45132943987846375, -0.8471712470054626, 0.8683491945266724, 0.2568981349468231, -0.4242321252822876], "cam_t_m2c": [-117.50244140625, -50.491310119628906, 212.58377075195312], "obj_id": 1}, {"cam_R_m2c": [0.4091052711009979, -0.8545787930488586, 0.31988731026649475, -0.2803613841533661, -0.45132943987846375, -0.8471712470054626, 0.8683491945266724, 0.2568981349468231, -0.4242321252822876], "cam_t_m2c": [-117.50244140625, -50.491310119628906, 212.58377075195312], "obj_id": 1}, {"cam_R_m2c": [0.4091052711009979, -0.8545787930488586, 0.31988731026649475, -0.2803613841533661, -0.45132943987846375, -0.8471712470054626, 0.8683491945266724, 0.2568981349468231, -0.4242321252822876], "cam_t_m2c": [-117.50244140625, -50.491310119628906, 212.58377075195312], "obj_id": 2}, {"cam_R_m2c": [0.4091052711009979, -0.8545787930488586, 0.31988731026649475, -0.2803613841533661, -0.45132943987846375, -0.8471712470054626, 0.8683491945266724, 0.2568981349468231, -0.4242321252822876], "cam_t_m2c": [-117.50244140625, -50.491310119628906, 212.58377075195312], "obj_id": 1}, {"cam_R_m2c": [0.4091052711009979, -0.8545787930488586, 0.31988731026649475, -0.2803613841533661, -0.45132943987846375, -0.8471712470054626, 0.8683491945266724, 0.2568981349468231, -0.4242321252822876], "cam_t_m2c": [-117.50244140625, -50.491310119628906, 212.58377075195312], "obj_id": 2}, {"cam_R_m2c": [0.4091052711009979, -0.8545787930488586, 0.31988731026649475, -0.2803613841533661, -0.45132943987846375, -0.8471712470054626, 0.8683491945266724, 0.2568981349468231, -0.4242321252822876], "cam_t_m2c": [-117.50244140625, -50.491310119628906, 212.58377075195312], "obj_id": 3}, {"cam_R_m2c": [0.4091052711009979, -0.8545787930488586, 0.31988731026649475, -0.2803613841533661, -0.45132943987846375, -0.8471712470054626, 0.8683491945266724, 0.2568981349468231, -0.4242321252822876], "cam_t_m2c": [-117.50244140625, -50.491310119628906, 212.58377075195312], "obj_id": 1}, {"cam_R_m2c": [0.18805532157421112, -0.6732273697853088, 0.715122401714325, 0.03392893821001053, -0.7232254147529602, -0.6897780299186707, 0.9815722107887268, 0.15397974848747253, -0.11316443979740143], "cam_t_m2c": [-2782.291259765625, 6603.26904296875, 3681.771484375], "obj_id": 0}, {"cam_R_m2c": [0.39616215229034424, -0.6512715220451355, -0.647225558757782, 0.8126254081726074, 0.5768393874168396, -0.08304315060377121, 0.42742881178855896, -0.4930534064769745, 0.7577617764472961], "cam_t_m2c": [-256.196533203125, -51.08073425292969, 50.687355041503906], "obj_id": 3}, {"cam_R_m2c": [0.03250040113925934, -0.5498484969139099, 0.8346318006515503, -0.40828242897987366, 0.7549166679382324, 0.5132311582565308, -0.9122768640518188, -0.35744571685791016, -0.19995836913585663], "cam_t_m2c": [-16.632482528686523, -82.66175079345703, 283.1363525390625], "obj_id": 3}, {"cam_R_m2c": [0.5538846254348755, -0.8281016945838928, 0.08636706322431564, -0.8311349153518677, -0.5437941551208496, 0.11620017886161804, -0.04925966262817383, -0.13614417612552643, -0.9894635081291199], "cam_t_m2c": [-36.101810455322266, 13.155838012695312, 78.98448181152344], "obj_id": 1}, {"cam_R_m2c": [-0.5203679203987122, 0.8539376258850098, -0.002808588556945324, 0.0993456169962883, 0.06380463391542435, 0.9930052757263184, 0.8481437563896179, 0.5164490342140198, -0.1180369034409523], "cam_t_m2c": [-174.7787628173828, -126.7559814453125, 382.7075500488281], "obj_id": 1}, {"cam_R_m2c": [0.009063403122127056, 0.4430675506591797, 0.8964422345161438, 0.8687122464179993, -0.4474737346172333, 0.2123815417289734, 0.495233952999115, 0.7768256068229675, -0.38895368576049805], "cam_t_m2c": [-2609.132080078125, 6641.146484375, 3725.627197265625], "obj_id": 0}, {"cam_R_m2c": [0.6650082468986511, 0.4432358741760254, -0.6010872721672058, 0.7350238561630249, -0.24585147202014923, 0.6318994164466858, 0.13230229914188385, -0.862031877040863, -0.4892822206020355], "cam_t_m2c": [-38.826393127441406, 53.62007141113281, -19.238683700561523], "obj_id": 0}, {"cam_R_m2c": [0.25723084807395935, -0.5803218483924866, 0.772695779800415, -0.32401254773139954, 0.7015212774276733, 0.6347312331199646, -0.9104109406471252, -0.4136355519294739, -0.007578663062304258], "cam_t_m2c": [16.5838565826416, -18.01423454284668, 182.4911651611328], "obj_id": 3}],
  "1": [{"cam_R_m2c": [-0.2041570246219635, -0.9631853699684143, -0.17491036653518677, -0.4076710641384125, 0.24609488248825073, -0.8793414831161499, 0.8900134563446045, -0.10821793973445892, -0.4429047405719757], "cam_t_m2c": [-133.04808044433594, 46.17109680175781, 172.20359802246094], "obj_id": 1}, {"cam_R_m2c": [-0.2041570246219635, -0.9631853699684143, -0.17491036653518677, -0.4076710641384125, 0.24609488248825073, -0.8793414831161499, 0.8900134563446045, -0.10821793973445892, -0.4429047405719757], "cam_t_m2c": [-133.04808044433594, 46.17109680175781, 172.20359802246094], "obj_id": 2}, {"cam_R_m2c": [-0.2041570246219635, -0.9631853699684143, -0.17491036653518677, -0.4076710641384125, 0.24609488248825073, -0.8793414831161499, 0.8900134563446045, -0.10821793973445892, -0.4429047405719757], "cam_t_m2c": [-133.04808044433594, 46.17109680175781, 172.20359802246094], "obj_id": 3}, {"cam_R_m2c": [-0.2041570246219635, -0.9631853699684143, -0.17491036653518677, -0.4076710641384125, 0.24609488248825073, -0.8793414831161499, 0.8900134563446045, -0.10821793973445892, -0.4429047405719757], "cam_t_m2c": [-133.04808044433594, 46.17109680175781, 172.20359802246094], "obj_id": 1}, {"cam_R_m2c": [-0.2041570246219635, -0.9631853699684143, -0.17491036653518677, -0.4076710641384125, 0.24609488248825073, -0.8793414831161499, 0.8900134563446045, -0.10821793973445892, -0.4429047405719757], "cam_t_m2c": [-133.04808044433594, 46.17109680175781, 172.20359802246094], "obj_id": 3}, {"cam_R_m2c": [-0.2041570246219635, -0.9631853699684143, -0.17491036653518677, -0.4076710641384125, 0.24609488248825073, -0.8793414831161499, 0.8900134563446045, -0.10821793973445892, -0.4429047405719757], "cam_t_m2c": [-133.04808044433594, 46.17109680175781, 172.20359802246094], "obj_id": 3}, {"cam_R_m2c": [-0.2041570246219635, -0.9631853699684143, -0.17491036653518677, -0.4076710641384125, 0.24609488248825073, -0.8793414831161499, 0.8900134563446045, -0.10821793973445892, -0.4429047405719757], "cam_t_m2c": [-133.04808044433594, 46.17109680175781, 172.20359802246094], "obj_id": 1}, {"cam_R_m2c": [-0.2041570246219635, -0.9631853699684143, -0.17491036653518677, -0.4076710641384125, 0.24609488248825073, -0.8793414831161499, 0.8900134563446045, -0.10821793973445892, -0.4429047405719757], "cam_t_m2c": [-133.04808044433594, 46.17109680175781, 172.20359802246094], "obj_id": 3}, {"cam_R_m2c": [-0.2041570246219635, -0.9631853699684143, -0.17491036653518677, -0.4076710641384125, 0.24609488248825073, -0.8793414831161499, 0.8900134563446045, -0.10821793973445892, -0.4429047405719757], "cam_t_m2c": [-133.04808044433594, 46.17109680175781, 172.20359802246094], "obj_id": 3}, {"cam_R_m2c": [-0.2041570246219635, -0.9631853699684143, -0.17491036653518677, -0.4076710641384125, 0.24609488248825073, -0.8793414831161499, 0.8900134563446045, -0.10821793973445892, -0.4429047405719757], "cam_t_m2c": [-133.04808044433594, 46.17109680175781, 172.20359802246094], "obj_id": 3}, {"cam_R_m2c": [-0.2041570246219635, -0.9631853699684143, -0.17491036653518677, -0.4076710641384125, 0.24609488248825073, -0.8793414831161499, 0.8900134563446045, -0.10821793973445892, -0.4429047405719757], "cam_t_m2c": [-133.04808044433594, 46.17109680175781, 172.20359802246094], "obj_id": 1}, {"cam_R_m2c": [-0.2041570246219635, -0.9631853699684143, -0.17491036653518677, -0.4076710641384125, 0.24609488248825073, -0.8793414831161499, 0.8900134563446045, -0.10821793973445892, -0.4429047405719757], "cam_t_m2c": [-133.04808044433594, 46.17109680175781, 172.20359802246094], "obj_id": 2}, {"cam_R_m2c": [-0.2041570246219635, -0.9631853699684143, -0.17491036653518677, -0.4076710641384125, 0.24609488248825073, -0.8793414831161499, 0.8900134563446045, -0.10821793973445892, -0.4429047405719757], "cam_t_m2c": [-133.04808044433594, 46.17109680175781, 172.20359802246094], "obj_id": 1}, {"cam_R_m2c": [-0.2041570246219635, -0.9631853699684143, -0.17491036653518677, -0.4076710641384125, 0.24609488248825073, -0.8793414831161499, 0.8900134563446045, -0.10821793973445892, -0.4429047405719757], "cam_t_m2c": [-133.04808044433594, 46.17109680175781, 172.20359802246094], "obj_id": 2}, {"cam_R_m2c": [-0.2041570246219635, -0.9631853699684143, -0.17491036653518677, -0.4076710641384125, 0.24609488248825073, -0.8793414831161499, 0.8900134563446045, -0.10821793973445892, -0.4429047405719757], "cam_t_m2c": [-133.04808044433594, 46.17109680175781, 172.20359802246094], "obj_id": 3}, {"cam_R_m2c": [-0.2041570246219635, -0.9631853699684143, -0.17491036653518677, -0.4076710641384125, 0.24609488248825073, -0.8793414831161499, 0.8900134563446045, -0.10821793973445892, -0.4429047405719757], "cam_t_m2c": [-133.04808044433594, 46.17109680175781, 172.20359802246094], "obj_id": 1}, {"cam_R_m2c": [-0.2041570246219635, -0.9631853699684143, -0.17491036653518677, -0.4076710641384125, 0.24609488248825073, -0.8793414831161499, 0.8900134563446045, -0.10821793973445892, -0.4429047405719757], "cam_t_m2c": [-133.04808044433594, 46.17109680175781, 172.20359802246094], "obj_id": 1}, {"cam_R_m2c": [-0.2041570246219635, -0.9631853699684143, -0.17491036653518677, -0.4076710641384125, 0.24609488248825073, -0.8793414831161499, 0.8900134563446045, -0.10821793973445892, -0.4429047405719757], "cam_t_m2c": [-133.04808044433594, 46.17109680175781, 172.20359802246094], "obj_id": 1}, {"cam_R_m2c": [-0.2041570246219635, -0.9631853699684143, -0.17491036653518677, -0.4076710641384125, 0.24609488248825073, -0.8793414831161499, 0.8900134563446045, -0.10821793973445892, -0.4429047405719757], "cam_t_m2c": [-133.04808044433594, 46.17109680175781, 172.20359802246094], "obj_id": 1}, {"cam_R_m2c": [-0.2041570246219635, -0.9631853699684143, -0.17491036653518677, -0.4076710641384125, 0.24609488248825073, -0.8793414831161499, 0.8900134563446045, -0.10821793973445892, -0.4429047405719757], "cam_t_m2c": [-133.04808044433594, 46.17109680175781, 172.20359802246094], "obj_id": 2}, {"cam_R_m2c": [-0.2041570246219635, -0.9631853699684143, -0.17491036653518677, -0.4076710641384125, 0.24609488248825073, -0.8793414831161499, 0.8900134563446045, -0.10821793973445892, -0.4429047405719757], "cam_t_m2c": [-133.04808044433594, 46.17109680175781, 172.20359802246094], "obj_id": 1}, {"cam_R_m2c": [-0.2041570246219635, -0.9631853699684143, -0.17491036653518677, -0.4076710641384125, 0.24609488248825073, -0.8793414831161499, 0.8900134563446045, -0.10821793973445892, -0.4429047405719757], "cam_t_m2c": [-133.04808044433594, 46.17109680175781, 172.20359802246094], "obj_id": 2}, {"cam_R_m2c": [-0.2041570246219635, -0.9631853699684143, -0.17491036653518677, -0.4076710641384125, 0.24609488248825073, -0.8793414831161499, 0.8900134563446045, -0.10821793973445892, -0.4429047405719757], "cam_t_m2c": [-133.04808044433594, 46.17109680175781, 172.20359802246094], "obj_id": 3}, {"cam_R_m2c": [-0.2041570246219635, -0.9631853699684143, -0.17491036653518677, -0.4076710641384125, 0.24609488248825073, -0.8793414831161499, 0.8900134563446045, -0.10821793973445892, -0.4429047405719757], "cam_t_m2c": [-133.04808044433594, 46.17109680175781, 172.20359802246094], "obj_id": 1}, {"cam_R_m2c": [-0.19377639889717102, -0.977179765701294, 0.08700726181268692, -0.01767706871032715, -0.08519601076841354, -0.9962072968482971, 0.9808863997459412, -0.1945795714855194, -0.0007646209560334682], "cam_t_m2c": [1088.4498291015625, 7064.203125, 3730.8642578125], "obj_id": 0}, {"cam_R_m2c": [0.6411994695663452, 0.09683828055858612, -0.7612394690513611, 0.3823268711566925, 0.8198003768920898, 0.42632555961608887, 0.665349006652832, -0.5644020438194275, 0.4886316955089569], "cam_t_m2c": [-171.4952850341797, 123.72476196289062, -22.614465713500977], "obj_id": 3}, {"cam_R_m2c": [0.08063380420207977, 0.2326357513666153, 0.969215452671051, -0.40191444754600525, 0.8974149823188782, -0.18196463584899902, -0.9121199250221252, -0.3748692572116852, 0.16586168110370636], "cam_t_m2c": [-109.41211700439453, -38.504661560058594, 264.17486572265625], "obj_id": 3}, {"cam_R_m2c": [-0.13610871136188507, -0.8665058016777039, 0.48025214672088623, -0.990554928779602, 0.12714917957782745, -0.051322344690561295, -0.01659255661070347, -0.4827015697956085, -0.8756276965141296], "cam_t_m2c": [10.172433853149414, 29.207508087158203, 84.3064193725586], "obj_id": 1}, {"cam_R_m2c": [-0.5894416570663452, 0.44360849261283875, 0.6751071214675903, 0.4866997301578522, -0.4719904661178589, 0.7350836396217346, 0.6447336077690125, 0.7618635892868042, 0.06230699270963669], "cam_t_m2c": [-280.655517578125, 40.81631088256836, 299.57061767578125], "obj_id": 1}, {"cam_R_m2c": [0.3886973559856415, -0.2558322846889496, 0.8851351737976074, 0.6847253441810608, -0.5625903606414795, -0.46329617500305176, 0.6164945960044861, 0.7861564755439758, -0.0435025580227375], "cam_t_m2c": [1215.7037353515625, 6982.146484375, 3832.919677734375], "obj_id": 0}, {"cam_R_m2c": [0.8787664175033569, 0.4477960467338562, 0.16507036983966827, 0.12298601120710373, -0.5466729402542114, 0.8282650709152222, 0.46113336086273193, -0.7075502276420593, -0.5354704856872559], "cam_t_m2c": [68.64114379882812, 53.19540023803711, -1.1251847743988037], "obj_id": 0}, {"cam_R_m2c": [0.2875591814517975, 0.19731833040714264, 0.9372166991233826, -0.48666951060295105, 0.8729063272476196, -0.034457504749298096, -0.8249014616012573, -0.4462062418460846, 0.3470410704612732], "cam_t_m2c": [-10.043149948120117, -20.285327911376953, 192.02259826660156], "obj_id": 3}]
}