{
  "0": [{"cam_R_m2c": [-0.6801761388778687, -0.6935359835624695, -0.23741987347602844, 0.19913579523563385, -0.4865137040615082, 0.8506757616996765, -0.7054823040962219, 0.5313305854797363, 0.4690228998661041], "cam_t_m2c": [48.00396728515625, 73.64295196533203, 300.8392333984375], "obj_id": 0}, {"cam_R_m2c": [0.5929474830627441, -0.6628029942512512, 0.45728060603141785, -0.5452481508255005, 0.08740708976984024, 0.8337053060531616, -0.5925518870353699, -0.7436748743057251, -0.3095642924308777], "cam_t_m2c": [189.00680541992188, 47.88451385498047, 102.78582000732422], "obj_id": 1}, {"cam_R_m2c": [-0.05632424354553223, -0.9977773427963257, 0.0356069877743721, -0.9918081164360046, 0.051820944994688034, -0.1167525053024292, 0.11464782059192657, -0.04189130663871765, -0.9925224184989929], "cam_t_m2c": [-13.241947174072266, -144.7224884033203, 294.3716735839844], "obj_id": 2}, {"cam_R_m2c": [0.34247979521751404, -0.052450548857450485, 0.9380599856376648, 0.5740326642990112, -0.7787285447120667, -0.2531174421310425, 0.743770182132721, 0.6251646876335144, -0.23659048974514008], "cam_t_m2c": [-262.13818359375, 29.39044761657715, 258.68707275390625], "obj_id": 3}, {"cam_R_m2c": [0.1943754404783249, -0.5091707110404968, 0.8384290933609009, -0.3859929144382477, -0.8254778981208801, -0.4118197560310364, 0.9017913341522217, -0.24358005821704865, -0.3569888472557068], "cam_t_m2c": [96.19771575927734, 128.31910705566406, 137.6724090576172], "obj_id": 0}, {"cam_R_m2c": [0.4793124794960022, 0.8475310206413269, -0.22792674601078033, -0.3119086027145386, -0.07824909687042236, -0.9468843340873718, -0.8203489780426025, 0.5249457359313965, 0.22684651613235474], "cam_t_m2c": [131.87933349609375, 101.51092529296875, 106.64817810058594], "obj_id": 1}, {"cam_R_m2c": [-0.3576509952545166, -0.4978083074092865, -0.7901092171669006, -0.9298259019851685, 0.11131849139928818, 0.3507590591907501, -0.08665704727172852, 0.8601133823394775, -0.5026881694793701], "cam_t_m2c": [202.6139678955078, -22.376745223999023, 86.60554504394531], "obj_id": 2}, {"cam_R_m2c": [0.9681980013847351, 0.24716395139694214, -0.03876379877328873, 0.23367248475551605, -0.9487312436103821, -0.21285207569599152, -0.08938579261302948, 0.19702491164207458, -0.9763150811195374], "cam_t_m2c": [4.139896392822266, 175.37753295898438, 130.6051483154297], "obj_id": 3}, {"cam_R_m2c": [-0.10181988775730133, -0.7568167448043823, 0.6456476449966431, -0.8998900055885315, -0.20659315586090088, -0.3840794563293457, 0.4240642488002777, -0.6201189160346985, -0.6600164771080017], "cam_t_m2c": [-16.44830322265625, 44.59385681152344, 349.4491882324219], "obj_id": 0}, {"cam_R_m2c": [-0.9139047861099243, 0.12151180952787399, 0.38731470704078674, -0.11823920905590057, 0.8330854177474976, -0.5403592586517334, -0.3883262872695923, -0.5396327972412109, -0.7469932436943054], "cam_t_m2c": [142.75286865234375, 3.1163673400878906, 237.0191192626953], "obj_id": 1}, {"cam_R_m2c": [0.8549745082855225, -0.14453931152820587, 0.49812349677085876, 0.5152943730354309, 0.12731531262397766, -0.847503662109375, 0.05907884240150452, 0.9812743067741394, 0.18333163857460022], "cam_t_m2c": [170.77908325195312, -33.231178283691406, 231.87771606445312], "obj_id": 2}, {"cam_R_m2c": [0.8095012903213501, 0.5409072637557983, -0.22831332683563232, -0.4885164201259613, 0.4048360586166382, -0.7729550004005432, -0.32566750049591064, 0.7372428774833679, 0.5919573903083801], "cam_t_m2c": [115.74128723144531, 92.09495544433594, 180.88963317871094], "obj_id": 3}, {"cam_R_m2c": [-0.37119659781455994, -0.45045197010040283, -0.8119766116142273, -0.7351424098014832, -0.39164063334465027, 0.5533382296562195, -0.5672553777694702, 0.8023157715797424, -0.18577063083648682], "cam_t_m2c": [0.10271742939949036, -6.069023132324219, 264.3035583496094], "obj_id": 0}, {"cam_R_m2c": [0.3582260012626648, 0.8842706680297852, -0.29956570267677307, 0.5799043774604797, 0.04072234779596329, 0.8136661648750305, 0.7317001223564148, -0.4651958644390106, -0.49820464849472046], "cam_t_m2c": [118.51896667480469, 55.6710319519043, 224.15908813476562], "obj_id": 1}, {"cam_R_m2c": [-0.9434365630149841, 0.31315019726753235, -0.10892309248447418, 0.13120773434638977, 0.6543347239494324, 0.7447351813316345, 0.30448615550994873, 0.6883189082145691, -0.6584110260009766], "cam_t_m2c": [110.93517303466797, 1.6205906867980957, 300.02587890625], "obj_id": 2}, {"cam_R_m2c": [0.44027265906333923, -0.49120306968688965, 0.7515847086906433, 0.7917090058326721, -0.1824485808610916, -0.5830176472663879, 0.4235055148601532, 0.8517231345176697, 0.308562695980072], "cam_t_m2c": [-141.22511291503906, -9.481571197509766, 179.25909423828125], "obj_id": 3}]
}