{
  "0": [{"cam_R_m2c": [-0.27510371804237366, 0.9483351707458496, 0.15804484486579895, -0.835059642791748, -0.3171611726284027, 0.4495375156402588, 0.4764379858970642, -0.008307406678795815, 0.8791688084602356], "cam_t_m2c": [-73.99202728271484, -345.96923828125, 797.1190185546875], "obj_id": 1}, {"cam_R_m2c": [-0.20149460434913635, -0.9610498547554016, -0.1891642063856125, 0.1400613784790039, 0.16287048161029816, -0.9766555428504944, 0.9694239497184753, -0.22328542172908783, 0.10178844630718231], "cam_t_m2c": [-211.97589111328125, -285.6217956542969, 713.59521484375], "obj_id": 0}, {"cam_R_m2c": [0.23554453253746033, 0.8970664143562317, 0.37388578057289124, -0.6210705041885376, 0.434845507144928, -0.6520588397979736, -0.7475226521492004, -0.0786205604672432, 0.6595670580863953], "cam_t_m2c": [-203.53575134277344, -99.45941925048828, 736.5176391601562], "obj_id": 1}, {"cam_R_m2c": [-0.20099422335624695, -0.9590750336647034, 0.1994399130344391, 0.04496677592396736, -0.2124132364988327, -0.9761447310447693, 0.9785597920417786, -0.18723131716251373, 0.08582039922475815], "cam_t_m2c": [-92.99755859375, -335.58197021484375, 713.5319213867188], "obj_id": 0}, {"cam_R_m2c": [-0.12933053076267242, -0.6762608885765076, -0.7252204418182373, 0.27095431089401245, 0.6794284582138062, -0.6818802952766418, 0.953864336013794, -0.28468963503837585, 0.0953650027513504], "cam_t_m2c": [-558.5439453125, -161.39437866210938, 715.8308715820312], "obj_id": 0}, {"cam_R_m2c": [-0.08894520998001099, -0.5168841481208801, -0.8514220118522644, 0.3016783893108368, 0.8006787896156311, -0.5175940990447998, 0.9492517113685608, -0.30289316177368164, 0.08471624553203583], "cam_t_m2c": [-113.69679260253906, -163.8860626220703, 697.8477172851562], "obj_id": 0}, {"cam_R_m2c": [0.08505558967590332, 0.939314603805542, -0.33234554529190063, -0.02794604003429413, 0.3356720507144928, 0.9415642619132996, 0.9959841966629028, -0.07079754024744034, 0.05480092391371727], "cam_t_m2c": [72.78700256347656, 58.60569381713867, 724.96337890625], "obj_id": 1}, {"cam_R_m2c": [0.024999555200338364, 0.823030948638916, -0.5674459934234619, -0.2501450479030609, 0.5547163486480713, 0.7935472130775452, 0.9678855538368225, 0.12210551649332047, 0.21974481642246246], "cam_t_m2c": [-109.17781829833984, -132.43203735351562, 759.8013916015625], "obj_id": 2}, {"cam_R_m2c": [-0.08758978545665741, 0.936262309551239, -0.3402068316936493, 0.1160406544804573, -0.32960453629493713, -0.9369605779647827, -0.9893746972084045, -0.12154611945152283, -0.07977434247732162], "cam_t_m2c": [-193.15960693359375, -511.4145202636719, 746.892333984375], "obj_id": 1}, {"cam_R_m2c": [0.016513118520379066, -0.950089693069458, -0.31153953075408936, 0.9681090712547302, 0.09309394657611847, -0.23259037733078003, 0.24998416006565094, -0.297763466835022, 0.9213277697563171], "cam_t_m2c": [71.05362701416016, 21.09934425354004, 704.0603637695312], "obj_id": 3}, {"cam_R_m2c": [0.9291950464248657, 0.3576698899269104, -0.09310624748468399, -0.1794533133506775, 0.6568467020988464, 0.7323583960533142, 0.3230991065502167, -0.6637955904006958, 0.6745237708091736], "cam_t_m2c": [-26.718204498291016, -14.75158977508545, 717.7174072265625], "obj_id": 3}],
  "1": [{"cam_R_m2c": [-0.27510371804237366, 0.9483351707458496, 0.15804484486579895, -0.835059642791748, -0.3171611726284027, 0.4495375156402588, 0.4764379858970642, -0.008307406678795815, 0.8791688084602356], "cam_t_m2c": [-73.99202728271484, -345.96923828125, 797.1190185546875], "obj_id": 1}, {"cam_R_m2c": [-0.20149460434913635, -0.9610498547554016, -0.1891642063856125, 0.1400613784790039, 0.16287048161029816, -0.9766555428504944, 0.9694239497184753, -0.22328542172908783, 0.10178844630718231], "cam_t_m2c": [-211.97589111328125, -285.6217956542969, 713.59521484375], "obj_id": 0}, {"cam_R_m2c": [0.23554453253746033, 0.8970664143562317, 0.37388578057289124, -0.6210705041885376, 0.434845507144928, -0.6520588397979736, -0.7475226521492004, -0.0786205604672432, 0.6595670580863953], "cam_t_m2c": [-203.53575134277344, -99.45941925048828, 736.5176391601562], "obj_id": 1}, {"cam_R_m2c": [-0.20099422335624695, -0.9590750336647034, 0.1994399130344391, 0.04496677592396736, -0.2124132364988327, -0.9761447310447693, 0.9785597920417786, -0.18723131716251373, 0.08582039922475815], "cam_t_m2c": [-92.99755859375, -335.58197021484375, 713.5319213867188], "obj_id": 0}, {"cam_R_m2c": [-0.12933053076267242, -0.6762608885765076, -0.7252204418182373, 0.27095431089401245, 0.6794284582138062, -0.6818802952766418, 0.953864336013794, -0.28468963503837585, 0.0953650027513504], "cam_t_m2c": [-558.5439453125, -161.39437866210938, 715.8308715820312], "obj_id": 0}, {"cam_R_m2c": [-0.08894520998001099, -0.5168841481208801, -0.8514220118522644, 0.3016783893108368, 0.8006787896156311, -0.5175940990447998, 0.9492517113685608, -0.30289316177368164, 0.08471624553203583], "cam_t_m2c": [-113.69679260253906, -163.8860626220703, 697.8477172851562], "obj_id": 0}, {"cam_R_m2c": [0.08505558967590332, 0.939314603805542, -0.33234554529190063, -0.02794604003429413, 0.3356720507144928, 0.9415642619132996, 0.9959841966629028, -0.07079754024744034, 0.05480092391371727], "cam_t_m2c": [72.78700256347656, 58.60569381713867, 724.96337890625], "obj_id": 1}, {"cam_R_m2c": [0.024999555200338364, 0.823030948638916, -0.5674459934234619, -0.2501450479030609, 0.5547163486480713, 0.7935472130775452, 0.9678855538368225, 0.12210551649332047, 0.21974481642246246], "cam_t_m2c": [-109.17781829833984, -132.43203735351562, 759.8013916015625], "obj_id": 2}, {"cam_R_m2c": [-0.08758978545665741, 0.936262309551239, -0.3402068316936493, 0.1160406544804573, -0.32960453629493713, -0.9369605779647827, -0.9893746972084045, -0.12154611945152283, -0.07977434247732162], "cam_t_m2c": [-193.15960693359375, -511.4145202636719, 746.892333984375], "obj_id": 1}, {"cam_R_m2c": [0.016513118520379066, -0.950089693069458, -0.31153953075408936, 0.9681090712547302, 0.09309394657611847, -0.23259037733078003, 0.24998416006565094, -0.297763466835022, 0.9213277697563171], "cam_t_m2c": [71.05362701416016, 21.09934425354004, 704.0603637695312], "obj_id": 3}, {"cam_R_m2c": [0.9291950464248657, 0.3576698899269104, -0.09310624748468399, -0.1794533133506775, 0.6568467020988464, 0.7323583960533142, 0.3230991065502167, -0.6637955904006958, 0.6745237708091736], "cam_t_m2c": [-26.718204498291016, -14.75158977508545, 717.7174072265625], "obj_id": 3}],
  "2": [{"cam_R_m2c": [-0.27510371804237366, 0.9483351707458496, 0.15804484486579895, -0.835059642791748, -0.3171611726284027, 0.4495375156402588, 0.4764379858970642, -0.008307406678795815, 0.8791688084602356], "cam_t_m2c": [-73.99202728271484, -345.96923828125, 797.1190185546875], "obj_id": 1}, {"cam_R_m2c": [-0.20149460434913635, -0.9610498547554016, -0.1891642063856125, 0.1400613784790039, 0.16287048161029816, -0.9766555428504944, 0.9694239497184753, -0.22328542172908783, 0.10178844630718231], "cam_t_m2c": [-211.97589111328125, -285.6217956542969, 713.59521484375], "obj_id": 0}, {"cam_R_m2c": [0.23554453253746033, 0.8970664143562317, 0.37388578057289124, -0.6210705041885376, 0.434845507144928, -0.6520588397979736, -0.7475226521492004, -0.0786205604672432, 0.6595670580863953], "cam_t_m2c": [-203.53575134277344, -99.45941925048828, 736.5176391601562], "obj_id": 1}, {"cam_R_m2c": [-0.20099422335624695, -0.9590750336647034, 0.1994399130344391, 0.04496677592396736, -0.2124132364988327, -0.9761447310447693, 0.9785597920417786, -0.18723131716251373, 0.08582039922475815], "cam_t_m2c": [-92.99755859375, -335.58197021484375, 713.5319213867188], "obj_id": 0}, {"cam_R_m2c": [-0.12933053076267242, -0.6762608885765076, -0.7252204418182373, 0.27095431089401245, 0.6794284582138062, -0.6818802952766418, 0.953864336013794, -0.28468963503837585, 0.0953650027513504], "cam_t_m2c": [-558.5439453125, -161.39437866210938, 715.8308715820312], "obj_id": 0}, {"cam_R_m2c": [-0.08894520998001099, -0.5168841481208801, -0.8514220118522644, 0.3016783893108368, 0.8006787896156311, -0.5175940990447998, 0.9492517113685608, -0.30289316177368164, 0.08471624553203583], "cam_t_m2c": [-113.69679260253906, -163.8860626220703, 697.8477172851562], "obj_id": 0}, {"cam_R_m2c": [0.08505558967590332, 0.939314603805542, -0.33234554529190063, -0.02794604003429413, 0.3356720507144928, 0.9415642619132996, 0.9959841966629028, -0.07079754024744034, 0.05480092391371727], "cam_t_m2c": [72.78700256347656, 58.60569381713867, 724.96337890625], "obj_id": 1}, {"cam_R_m2c": [0.024999555200338364, 0.823030948638916, -0.5674459934234619, -0.2501450479030609, 0.5547163486480713, 0.7935472130775452, 0.9678855538368225, 0.12210551649332047, 0.21974481642246246], "cam_t_m2c": [-109.17781829833984, -132.43203735351562, 759.8013916015625], "obj_id": 2}, {"cam_R_m2c": [-0.08758978545665741, 0.936262309551239, -0.3402068316936493, 0.1160406544804573, -0.32960453629493713, -0.9369605779647827, -0.9893746972084045, -0.12154611945152283, -0.07977434247732162], "cam_t_m2c": [-193.15960693359375, -511.4145202636719, 746.892333984375], "obj_id": 1}, {"cam_R_m2c": [0.016513118520379066, -0.950089693069458, -0.31153953075408936, 0.9681090712547302, 0.09309394657611847, -0.23259037733078003, 0.24998416006565094, -0.297763466835022, 0.9213277697563171], "cam_t_m2c": [71.05362701416016, 21.09934425354004, 704.0603637695312], "obj_id": 3}, {"cam_R_m2c": [0.9291950464248657, 0.3576698899269104, -0.09310624748468399, -0.1794533133506775, 0.6568467020988464, 0.7323583960533142, 0.3230991065502167, -0.6637955904006958, 0.6745237708091736], "cam_t_m2c": [-26.718204498291016, -14.75158977508545, 717.7174072265625], "obj_id": 3}],
  "3": [{"cam_R_m2c": [-0.9123247265815735, 0.396861732006073, 0.10081719607114792, -0.26083260774612427, -0.7530622482299805, 0.604039192199707, 0.31564170122146606, 0.5247835516929626, 0.790552020072937], "cam_t_m2c": [-315.5439453125, -177.4166259765625, 974.350830078125], "obj_id": 1}, {"cam_R_m2c": [-0.3728395998477936, -0.42925700545310974, -0.822635293006897, 0.612604558467865, 0.5520065426826477, -0.5656892657279968, 0.6969261169433594, -0.7148616313934326, 0.05715499818325043], "cam_t_m2c": [-334.0138244628906, -92.50251770019531, 825.6697387695312], "obj_id": 0}, {"cam_R_m2c": [-0.0104835731908679, 0.9007845520973206, -0.43413975834846497, -0.8898407816886902, -0.20645906031131744, -0.40688836574554443, -0.4561507999897003, 0.3820496201515198, 0.803719162940979], "cam_t_m2c": [-209.7599639892578, 47.910919189453125, 835.5760498046875], "obj_id": 1}, {"cam_R_m2c": [-0.4404970705509186, -0.6962612271308899, -0.5667299032211304, 0.5468573570251465, 0.29253992438316345, -0.7844535708427429, 0.7119757533073425, -0.6554698944091797, 0.2518925666809082], "cam_t_m2c": [-291.49359130859375, -193.98257446289062, 893.091552734375], "obj_id": 0}, {"cam_R_m2c": [-0.23180608451366425, 0.1273210197687149, -0.9643937349319458, 0.6620240807533264, 0.7470365166664124, -0.060502007603645325, 0.7127341628074646, -0.6524766683578491, -0.2574571967124939], "cam_t_m2c": [-473.0976867675781, 188.43209838867188, 632.5940551757812], "obj_id": 0}, {"cam_R_m2c": [-0.18328358232975006, 0.31881073117256165, -0.9299283623695374, 0.660403847694397, 0.7406425476074219, 0.1237553209066391, 0.7281990647315979, -0.5914459824562073, -0.3462914526462555], "cam_t_m2c": [-182.35398864746094, -64.11215209960938, 855.9951171875], "obj_id": 0}, {"cam_R_m2c": [-0.3122503161430359, 0.8576622605323792, 0.40855246782302856, 0.34450945258140564, -0.2985520362854004, 0.8900448679924011, 0.8853321075439453, 0.4186669886112213, -0.20224979519844055], "cam_t_m2c": [79.71734619140625, 7.109805107116699, 962.108642578125], "obj_id": 1}, {"cam_R_m2c": [-0.49245086312294006, 0.8647077679634094, 0.09885479509830475, 0.20394699275493622, 0.004230151884257793, 0.9789726734161377, 0.8461072444915771, 0.502257227897644, -0.17843756079673767], "cam_t_m2c": [-179.65963745117188, -18.08997917175293, 908.1749267578125], "obj_id": 2}, {"cam_R_m2c": [0.3683299124240875, 0.4201751947402954, -0.8293285369873047, -0.2762437164783478, -0.8022923469543457, -0.5291656255722046, -0.8877062797546387, 0.42400434613227844, -0.17943747341632843], "cam_t_m2c": [-487.37347412109375, -253.46115112304688, 880.6084594726562], "obj_id": 1}, {"cam_R_m2c": [0.5828665494918823, -0.44372785091400146, -0.6807144284248352, 0.7991900444030762, 0.4644390940666199, 0.3815646469593048, 0.14683952927589417, -0.7664214968681335, 0.6253288984298706], "cam_t_m2c": [60.35130310058594, -27.887680053710938, 946.3988037109375], "obj_id": 3}, {"cam_R_m2c": [0.36259984970092773, 0.9094707369804382, 0.20343121886253357, -0.505432665348053, 0.008515403605997562, 0.8628239631652832, 0.7829809188842773, -0.41568058729171753, 0.4627639651298523], "cam_t_m2c": [-31.738855361938477, 5.1216206550598145, 908.1767578125], "obj_id": 3}],
  "4": [{"cam_R_m2c": [-0.9123247265815735, 0.396861732006073, 0.10081719607114792, -0.26083260774612427, -0.7530622482299805, 0.604039192199707, 0.31564170122146606, 0.5247835516929626, 0.790552020072937], "cam_t_m2c": [-315.5439453125, -177.4166259765625, 974.350830078125], "obj_id": 1}, {"cam_R_m2c": [-0.3728395998477936, -0.42925700545310974, -0.822635293006897, 0.612604558467865, 0.5520065426826477, -0.5656892657279968, 0.6969261169433594, -0.7148616313934326, 0.05715499818325043], "cam_t_m2c": [-334.0138244628906, -92.50251770019531, 825.6697387695312], "obj_id": 0}, {"cam_R_m2c": [-0.0104835731908679, 0.9007845520973206, -0.43413975834846497, -0.8898407816886902, -0.20645906031131744, -0.40688836574554443, -0.4561507999897003, 0.3820496201515198, 0.803719162940979], "cam_t_m2c": [-209.7599639892578, 47.910919189453125, 835.5760498046875], "obj_id": 1}, {"cam_R_m2c": [-0.4404970705509186, -0.6962612271308899, -0.5667299032211304, 0.5468573570251465, 0.29253992438316345, -0.7844535708427429, 0.7119757533073425, -0.6554698944091797, 0.2518925666809082], "cam_t_m2c": [-291.49359130859375, -193.98257446289062, 893.091552734375], "obj_id": 0}, {"cam_R_m2c": [-0.23180608451366425, 0.1273210197687149, -0.9643937349319458, 0.6620240807533264, 0.7470365166664124, -0.060502007603645325, 0.7127341628074646, -0.6524766683578491, -0.2574571967124939], "cam_t_m2c": [-473.0976867675781, 188.43209838867188, 632.5940551757812], "obj_id": 0}, {"cam_R_m2c": [-0.18328358232975006, 0.31881073117256165, -0.9299283623695374, 0.660403847694397, 0.7406425476074219, 0.1237553209066391, 0.7281990647315979, -0.5914459824562073, -0.3462914526462555], "cam_t_m2c": [-182.35398864746094, -64.11215209960938, 855.9951171875], "obj_id": 0}, {"cam_R_m2c": [-0.3122503161430359, 0.8576622605323792, 0.40855246782302856, 0.34450945258140564, -0.2985520362854004, 0.8900448679924011, 0.8853321075439453, 0.4186669886112213, -0.20224979519844055], "cam_t_m2c": [79.71734619140625, 7.109805107116699, 962.108642578125], "obj_id": 1}, {"cam_R_m2c": [-0.49245086312294006, 0.8647077679634094, 0.09885479509830475, 0.20394699275493622, 0.004230151884257793, 0.9789726734161377, 0.8461072444915771, 0.502257227897644, -0.17843756079673767], "cam_t_m2c": [-179.65963745117188, -18.08997917175293, 908.1749267578125], "obj_id": 2}, {"cam_R_m2c": [0.3683299124240875, 0.4201751947402954, -0.8293285369873047, -0.2762437164783478, -0.8022923469543457, -0.5291656255722046, -0.8877062797546387, 0.42400434613227844, -0.17943747341632843], "cam_t_m2c": [-487.37347412109375, -253.46115112304688, 880.6084594726562], "obj_id": 1}, {"cam_R_m2c": [0.5828665494918823, -0.44372785091400146, -0.6807144284248352, 0.7991900444030762, 0.4644390940666199, 0.3815646469593048, 0.14683952927589417, -0.7664214968681335, 0.6253288984298706], "cam_t_m2c": [60.35130310058594, -27.887680053710938, 946.3988037109375], "obj_id": 3}, {"cam_R_m2c": [0.36259984970092773, 0.9094707369804382, 0.20343121886253357, -0.505432665348053, 0.008515403605997562, 0.8628239631652832, 0.7829809188842773, -0.41568058729171753, 0.4627639651298523], "cam_t_m2c": [-31.738855361938477, 5.1216206550598145, 908.1767578125], "obj_id": 3}]
}