{
  "0": [{"cam_R_m2c": [-0.4916357398033142, -0.19577805697917938, -0.8485076427459717, -0.8399794697761536, -0.1503259539604187, 0.5213794708251953, -0.22962738573551178, 0.9690577983856201, -0.09054394066333771], "cam_t_m2c": [-50.525203704833984, -198.33961486816406, 804.264892578125], "obj_id": 2}, {"cam_R_m2c": [0.561274528503418, 0.3643752634525299, -0.7431026697158813, 0.812710702419281, -0.07294204086065292, 0.5780836939811707, 0.1564359813928604, -0.92839115858078, -0.3370721936225891], "cam_t_m2c": [-181.9347381591797, -70.21492767333984, 681.2520141601562], "obj_id": 0}, {"cam_R_m2c": [-0.8894215226173401, 0.43146538734436035, 0.15088795125484467, 0.38765349984169006, 0.5371224880218506, 0.7491490244865417, 0.2421865463256836, 0.7248014211654663, -0.6449874043464661], "cam_t_m2c": [91.15058135986328, -283.0911560058594, 822.7904052734375], "obj_id": 3}, {"cam_R_m2c": [0.4545770585536957, 0.8906957507133484, 0.004561497364193201, 0.8057287335395813, -0.4133853316307068, 0.424162358045578, 0.37968525290489197, -0.18913914263248444, -0.90557461977005], "cam_t_m2c": [-156.37400817871094, -89.64881134033203, 862.5955810546875], "obj_id": 2}, {"cam_R_m2c": [0.6552827954292297, 0.7353706955909729, -0.1727263182401657, 0.702260434627533, -0.5088244080543518, 0.49792349338531494, 0.27827098965644836, -0.447579562664032, -0.8498455882072449], "cam_t_m2c": [184.2327880859375, -305.14447021484375, 741.402099609375], "obj_id": 0}, {"cam_R_m2c": [-0.14711707830429077, -0.5342667102813721, -0.8324154615402222, -0.9681900143623352, -0.09442232549190521, 0.23171615600585938, -0.2023969143629074, 0.840025782585144, -0.503380537033081], "cam_t_m2c": [-178.52587890625, -227.4775848388672, 978.0480346679688], "obj_id": 1}, {"cam_R_m2c": [0.4545772075653076, 0.8862633109092712, -0.08886484801769257, 0.8057287335395813, -0.3666275143623352, 0.4651726186275482, 0.3796851336956024, -0.2830578684806824, -0.8807483315467834], "cam_t_m2c": [-29.922832489013672, -89.01250457763672, 709.851806640625], "obj_id": 2}, {"cam_R_m2c": [0.132156640291214, -0.8077983260154724, 0.5744531750679016, 0.9800340533256531, 0.19333752989768982, 0.046408865600824356, -0.14855235815048218, 0.5568504929542542, 0.8172207474708557], "cam_t_m2c": [34.73517990112305, -129.46665954589844, 747.4271850585938], "obj_id": 1}, {"cam_R_m2c": [-0.1610177457332611, -0.3261759877204895, -0.9314947128295898, -0.34492379426956177, 0.9028931856155396, -0.25653737783432007, 0.924716591835022, 0.2799876034259796, -0.25788769125938416], "cam_t_m2c": [-28.764177322387695, -123.27041625976562, 677.7491455078125], "obj_id": 3}, {"cam_R_m2c": [-0.019519591704010963, -0.7050650715827942, 0.7088738083839417, 0.7016361355781555, -0.5147604942321777, -0.49267446994781494, 0.7122678756713867, 0.4877546727657318, 0.504747211933136], "cam_t_m2c": [60.18049240112305, -305.6174621582031, 890.9270629882812], "obj_id": 0}, {"cam_R_m2c": [0.1367620825767517, -0.14038054645061493, -0.9806066751480103, 0.8471804857254028, 0.5296158790588379, 0.04233541712164879, 0.5134017467498779, -0.836540699005127, 0.1913590431213379], "cam_t_m2c": [58.13819885253906, -184.8370819091797, 807.7850952148438], "obj_id": 2}, {"cam_R_m2c": [0.48192939162254333, 0.73905348777771, 0.4706845283508301, 0.8052260279655457, -0.5853639245033264, 0.09465634077787399, 0.3454779088497162, 0.3333897888660431, -0.8772091269493103], "cam_t_m2c": [3.9534308910369873, -204.95681762695312, 818.8378295898438], "obj_id": 1}, {"cam_R_m2c": [0.13674858212471008, -0.5558221936225891, -0.8199765086174011, 0.8471800088882446, 0.4946228563785553, -0.19399546086788177, 0.5134060978889465, -0.6681391000747681, 0.5385204553604126], "cam_t_m2c": [-327.68035888671875, -8.203277587890625, 894.856201171875], "obj_id": 2}],
  "1": [{"cam_R_m2c": [-0.4916357398033142, -0.19577805697917938, -0.8485076427459717, -0.8399794697761536, -0.1503259539604187, 0.5213794708251953, -0.22962738573551178, 0.9690577983856201, -0.09054394066333771], "cam_t_m2c": [-50.525203704833984, -198.33961486816406, 804.264892578125], "obj_id": 2}, {"cam_R_m2c": [0.561274528503418, 0.3643752634525299, -0.7431026697158813, 0.812710702419281, -0.07294204086065292, 0.5780836939811707, 0.1564359813928604, -0.92839115858078, -0.3370721936225891], "cam_t_m2c": [-181.9347381591797, -70.21492767333984, 681.2520141601562], "obj_id": 0}, {"cam_R_m2c": [-0.8894215226173401, 0.43146538734436035, 0.15088795125484467, 0.38765349984169006, 0.5371224880218506, 0.7491490244865417, 0.2421865463256836, 0.7248014211654663, -0.6449874043464661], "cam_t_m2c": [91.15058135986328, -283.0911560058594, 822.7904052734375], "obj_id": 3}, {"cam_R_m2c": [0.4545770585536957, 0.8906957507133484, 0.004561497364193201, 0.8057287335395813, -0.4133853316307068, 0.424162358045578, 0.37968525290489197, -0.18913914263248444, -0.90557461977005], "cam_t_m2c": [-156.37400817871094, -89.64881134033203, 862.5955810546875], "obj_id": 2}, {"cam_R_m2c": [0.6552827954292297, 0.7353706955909729, -0.1727263182401657, 0.702260434627533, -0.5088244080543518, 0.49792349338531494, 0.27827098965644836, -0.447579562664032, -0.8498455882072449], "cam_t_m2c": [184.2327880859375, -305.14447021484375, 741.402099609375], "obj_id": 0}, {"cam_R_m2c": [-0.14711707830429077, -0.5342667102813721, -0.8324154615402222, -0.9681900143623352, -0.09442232549190521, 0.23171615600585938, -0.2023969143629074, 0.840025782585144, -0.503380537033081], "cam_t_m2c": [-178.52587890625, -227.4775848388672, 978.0480346679688], "obj_id": 1}, {"cam_R_m2c": [0.4545772075653076, 0.8862633109092712, -0.08886484801769257, 0.8057287335395813, -0.3666275143623352, 0.4651726186275482, 0.3796851336956024, -0.2830578684806824, -0.8807483315467834], "cam_t_m2c": [-29.922832489013672, -89.01250457763672, 709.851806640625], "obj_id": 2}, {"cam_R_m2c": [0.132156640291214, -0.8077983260154724, 0.5744531750679016, 0.9800340533256531, 0.19333752989768982, 0.046408865600824356, -0.14855235815048218, 0.5568504929542542, 0.8172207474708557], "cam_t_m2c": [34.73517990112305, -129.46665954589844, 747.4271850585938], "obj_id": 1}, {"cam_R_m2c": [-0.1610177457332611, -0.3261759877204895, -0.9314947128295898, -0.34492379426956177, 0.9028931856155396, -0.25653737783432007, 0.924716591835022, 0.2799876034259796, -0.25788769125938416], "cam_t_m2c": [-28.764177322387695, -123.27041625976562, 677.7491455078125], "obj_id": 3}, {"cam_R_m2c": [-0.019519591704010963, -0.7050650715827942, 0.7088738083839417, 0.7016361355781555, -0.5147604942321777, -0.49267446994781494, 0.7122678756713867, 0.4877546727657318, 0.504747211933136], "cam_t_m2c": [60.18049240112305, -305.6174621582031, 890.9270629882812], "obj_id": 0}, {"cam_R_m2c": [0.1367620825767517, -0.14038054645061493, -0.9806066751480103, 0.8471804857254028, 0.5296158790588379, 0.04233541712164879, 0.5134017467498779, -0.836540699005127, 0.1913590431213379], "cam_t_m2c": [58.13819885253906, -184.8370819091797, 807.7850952148438], "obj_id": 2}, {"cam_R_m2c": [0.48192939162254333, 0.73905348777771, 0.4706845283508301, 0.8052260279655457, -0.5853639245033264, 0.09465634077787399, 0.3454779088497162, 0.3333897888660431, -0.8772091269493103], "cam_t_m2c": [3.9534308910369873, -204.95681762695312, 818.8378295898438], "obj_id": 1}, {"cam_R_m2c": [0.13674858212471008, -0.5558221936225891, -0.8199765086174011, 0.8471800088882446, 0.4946228563785553, -0.19399546086788177, 0.5134060978889465, -0.6681391000747681, 0.5385204553604126], "cam_t_m2c": [-327.68035888671875, -8.203277587890625, 894.856201171875], "obj_id": 2}],
  "2": [{"cam_R_m2c": [-0.4916357398033142, -0.19577805697917938, -0.8485076427459717, -0.8399794697761536, -0.1503259539604187, 0.5213794708251953, -0.22962738573551178, 0.9690577983856201, -0.09054394066333771], "cam_t_m2c": [-50.525203704833984, -198.33961486816406, 804.264892578125], "obj_id": 2}, {"cam_R_m2c": [0.561274528503418, 0.3643752634525299, -0.7431026697158813, 0.812710702419281, -0.07294204086065292, 0.5780836939811707, 0.1564359813928604, -0.92839115858078, -0.3370721936225891], "cam_t_m2c": [-181.9347381591797, -70.21492767333984, 681.2520141601562], "obj_id": 0}, {"cam_R_m2c": [-0.8894215226173401, 0.43146538734436035, 0.15088795125484467, 0.38765349984169006, 0.5371224880218506, 0.7491490244865417, 0.2421865463256836, 0.7248014211654663, -0.6449874043464661], "cam_t_m2c": [91.15058135986328, -283.0911560058594, 822.7904052734375], "obj_id": 3}, {"cam_R_m2c": [0.4545770585536957, 0.8906957507133484, 0.004561497364193201, 0.8057287335395813, -0.4133853316307068, 0.424162358045578, 0.37968525290489197, -0.18913914263248444, -0.90557461977005], "cam_t_m2c": [-156.37400817871094, -89.64881134033203, 862.5955810546875], "obj_id": 2}, {"cam_R_m2c": [0.6552827954292297, 0.7353706955909729, -0.1727263182401657, 0.702260434627533, -0.5088244080543518, 0.49792349338531494, 0.27827098965644836, -0.447579562664032, -0.8498455882072449], "cam_t_m2c": [184.2327880859375, -305.14447021484375, 741.402099609375], "obj_id": 0}, {"cam_R_m2c": [-0.14711707830429077, -0.5342667102813721, -0.8324154615402222, -0.9681900143623352, -0.09442232549190521, 0.23171615600585938, -0.2023969143629074, 0.840025782585144, -0.503380537033081], "cam_t_m2c": [-178.52587890625, -227.4775848388672, 978.0480346679688], "obj_id": 1}, {"cam_R_m2c": [0.4545772075653076, 0.8862633109092712, -0.08886484801769257, 0.8057287335395813, -0.3666275143623352, 0.4651726186275482, 0.3796851336956024, -0.2830578684806824, -0.8807483315467834], "cam_t_m2c": [-29.922832489013672, -89.01250457763672, 709.851806640625], "obj_id": 2}, {"cam_R_m2c": [0.132156640291214, -0.8077983260154724, 0.5744531750679016, 0.9800340533256531, 0.19333752989768982, 0.046408865600824356, -0.14855235815048218, 0.5568504929542542, 0.8172207474708557], "cam_t_m2c": [34.73517990112305, -129.46665954589844, 747.4271850585938], "obj_id": 1}, {"cam_R_m2c": [-0.1610177457332611, -0.3261759877204895, -0.9314947128295898, -0.34492379426956177, 0.9028931856155396, -0.25653737783432007, 0.924716591835022, 0.2799876034259796, -0.25788769125938416], "cam_t_m2c": [-28.764177322387695, -123.27041625976562, 677.7491455078125], "obj_id": 3}, {"cam_R_m2c": [-0.019519591704010963, -0.7050650715827942, 0.7088738083839417, 0.7016361355781555, -0.5147604942321777, -0.49267446994781494, 0.7122678756713867, 0.4877546727657318, 0.504747211933136], "cam_t_m2c": [60.18049240112305, -305.6174621582031, 890.9270629882812], "obj_id": 0}, {"cam_R_m2c": [0.1367620825767517, -0.14038054645061493, -0.9806066751480103, 0.8471804857254028, 0.5296158790588379, 0.04233541712164879, 0.5134017467498779, -0.836540699005127, 0.1913590431213379], "cam_t_m2c": [58.13819885253906, -184.8370819091797, 807.7850952148438], "obj_id": 2}, {"cam_R_m2c": [0.48192939162254333, 0.73905348777771, 0.4706845283508301, 0.8052260279655457, -0.5853639245033264, 0.09465634077787399, 0.3454779088497162, 0.3333897888660431, -0.8772091269493103], "cam_t_m2c": [3.9534308910369873, -204.95681762695312, 818.8378295898438], "obj_id": 1}, {"cam_R_m2c": [0.13674858212471008, -0.5558221936225891, -0.8199765086174011, 0.8471800088882446, 0.4946228563785553, -0.19399546086788177, 0.5134060978889465, -0.6681391000747681, 0.5385204553604126], "cam_t_m2c": [-327.68035888671875, -8.203277587890625, 894.856201171875], "obj_id": 2}]
}