{
  "0": [{"cam_R_m2c": [-0.8689426183700562, 0.034224733710289, -0.4937281310558319, 0.46670517325401306, 0.38864821195602417, -0.7944424748420715, 0.16469696164131165, -0.9207503795623779, -0.3536858558654785], "cam_t_m2c": [18.535295486450195, 108.25141143798828, 59.713077545166016], "obj_id": 0}, {"cam_R_m2c": [-0.8689426183700562, 0.034224733710289, -0.4937281310558319, 0.46670517325401306, 0.38864821195602417, -0.7944424748420715, 0.16469696164131165, -0.9207503795623779, -0.3536858558654785], "cam_t_m2c": [18.535295486450195, 108.25141143798828, 59.713077545166016], "obj_id": 0}, {"cam_R_m2c": [-0.8689426183700562, 0.034224733710289, -0.4937281310558319, 0.46670517325401306, 0.38864821195602417, -0.7944424748420715, 0.16469696164131165, -0.9207503795623779, -0.3536858558654785], "cam_t_m2c": [18.535295486450195, 108.25141143798828, 59.713077545166016], "obj_id": 2}, {"cam_R_m2c": [-0.8689426183700562, 0.034224733710289, -0.4937281310558319, 0.46670517325401306, 0.38864821195602417, -0.7944424748420715, 0.16469696164131165, -0.9207503795623779, -0.3536858558654785], "cam_t_m2c": [18.535295486450195, 108.25141143798828, 59.713077545166016], "obj_id": 3}, {"cam_R_m2c": [-0.8689426183700562, 0.034224733710289, -0.4937281310558319, 0.46670517325401306, 0.38864821195602417, -0.7944424748420715, 0.16469696164131165, -0.9207503795623779, -0.3536858558654785], "cam_t_m2c": [18.535295486450195, 108.25141143798828, 59.713077545166016], "obj_id": 0}, {"cam_R_m2c": [-0.8689426183700562, 0.034224733710289, -0.4937281310558319, 0.46670517325401306, 0.38864821195602417, -0.7944424748420715, 0.16469696164131165, -0.9207503795623779, -0.3536858558654785], "cam_t_m2c": [18.535295486450195, 108.25141143798828, 59.713077545166016], "obj_id": 1}, {"cam_R_m2c": [-0.8689426183700562, 0.034224733710289, -0.4937281310558319, 0.46670517325401306, 0.38864821195602417, -0.7944424748420715, 0.16469696164131165, -0.9207503795623779, -0.3536858558654785], "cam_t_m2c": [18.535295486450195, 108.25141143798828, 59.713077545166016], "obj_id": 2}, {"cam_R_m2c": [-0.8689426183700562, 0.034224733710289, -0.4937281310558319, 0.46670517325401306, 0.38864821195602417, -0.7944424748420715, 0.16469696164131165, -0.9207503795623779, -0.3536858558654785], "cam_t_m2c": [18.535295486450195, 108.25141143798828, 59.713077545166016], "obj_id": 0}, {"cam_R_m2c": [-0.8689426183700562, 0.034224733710289, -0.4937281310558319, 0.46670517325401306, 0.38864821195602417, -0.7944424748420715, 0.16469696164131165, -0.9207503795623779, -0.3536858558654785], "cam_t_m2c": [18.535295486450195, 108.25141143798828, 59.713077545166016], "obj_id": 2}, {"cam_R_m2c": [-0.8689426183700562, 0.034224733710289, -0.4937281310558319, 0.46670517325401306, 0.38864821195602417, -0.7944424748420715, 0.16469696164131165, -0.9207503795623779, -0.3536858558654785], "cam_t_m2c": [18.535295486450195, 108.25141143798828, 59.713077545166016], "obj_id": 1}, {"cam_R_m2c": [-0.8689426183700562, 0.034224733710289, -0.4937281310558319, 0.46670517325401306, 0.38864821195602417, -0.7944424748420715, 0.16469696164131165, -0.9207503795623779, -0.3536858558654785], "cam_t_m2c": [18.535295486450195, 108.25141143798828, 59.713077545166016], "obj_id": 1}, {"cam_R_m2c": [-0.8689426183700562, 0.034224733710289, -0.4937281310558319, 0.46670517325401306, 0.38864821195602417, -0.7944424748420715, 0.16469696164131165, -0.9207503795623779, -0.3536858558654785], "cam_t_m2c": [18.535295486450195, 108.25141143798828, 59.713077545166016], "obj_id": 1}, {"cam_R_m2c": [-0.8689426183700562, 0.034224733710289, -0.4937281310558319, 0.46670517325401306, 0.38864821195602417, -0.7944424748420715, 0.16469696164131165, -0.9207503795623779, -0.3536858558654785], "cam_t_m2c": [18.535295486450195, 108.25141143798828, 59.713077545166016], "obj_id": 0}, {"cam_R_m2c": [-0.8689426183700562, 0.034224733710289, -0.4937281310558319, 0.46670517325401306, 0.38864821195602417, -0.7944424748420715, 0.16469696164131165, -0.9207503795623779, -0.3536858558654785], "cam_t_m2c": [18.535295486450195, 108.25141143798828, 59.713077545166016], "obj_id": 3}, {"cam_R_m2c": [-0.8689426183700562, 0.034224733710289, -0.4937281310558319, 0.46670517325401306, 0.38864821195602417, -0.7944424748420715, 0.16469696164131165, -0.9207503795623779, -0.3536858558654785], "cam_t_m2c": [18.535295486450195, 108.25141143798828, 59.713077545166016], "obj_id": 1}, {"cam_R_m2c": [-0.8689426183700562, 0.034224733710289, -0.4937281310558319, 0.46670517325401306, 0.38864821195602417, -0.7944424748420715, 0.16469696164131165, -0.9207503795623779, -0.3536858558654785], "cam_t_m2c": [18.535295486450195, 108.25141143798828, 59.713077545166016], "obj_id": 2}, {"cam_R_m2c": [-0.8689426183700562, 0.034224733710289, -0.4937281310558319, 0.46670517325401306, 0.38864821195602417, -0.7944424748420715, 0.16469696164131165, -0.9207503795623779, -0.3536858558654785], "cam_t_m2c": [18.535295486450195, 108.25141143798828, 59.713077545166016], "obj_id": 3}, {"cam_R_m2c": [-0.8689426183700562, 0.034224733710289, -0.4937281310558319, 0.46670517325401306, 0.38864821195602417, -0.7944424748420715, 0.16469696164131165, -0.9207503795623779, -0.3536858558654785], "cam_t_m2c": [18.535295486450195, 108.25141143798828, 59.713077545166016], "obj_id": 0}, {"cam_R_m2c": [-0.8689426183700562, 0.034224733710289, -0.4937281310558319, 0.46670517325401306, 0.38864821195602417, -0.7944424748420715, 0.16469696164131165, -0.9207503795623779, -0.3536858558654785], "cam_t_m2c": [18.535295486450195, 108.25141143798828, 59.713077545166016], "obj_id": 1}, {"cam_R_m2c": [-0.8689426183700562, 0.034224733710289, -0.4937281310558319, 0.46670517325401306, 0.38864821195602417, -0.7944424748420715, 0.16469696164131165, -0.9207503795623779, -0.3536858558654785], "cam_t_m2c": [18.535295486450195, 108.25141143798828, 59.713077545166016], "obj_id": 1}, {"cam_R_m2c": [-0.8689426183700562, 0.034224733710289, -0.4937281310558319, 0.46670517325401306, 0.38864821195602417, -0.7944424748420715, 0.16469696164131165, -0.9207503795623779, -0.3536858558654785], "cam_t_m2c": [18.535295486450195, 108.25141143798828, 59.713077545166016], "obj_id": 0}, {"cam_R_m2c": [-0.8689426183700562, 0.034224733710289, -0.4937281310558319, 0.46670517325401306, 0.38864821195602417, -0.7944424748420715, 0.16469696164131165, -0.9207503795623779, -0.3536858558654785], "cam_t_m2c": [18.535295486450195, 108.25141143798828, 59.713077545166016], "obj_id": 0}, {"cam_R_m2c": [-0.8689426183700562, 0.034224733710289, -0.4937281310558319, 0.46670517325401306, 0.38864821195602417, -0.7944424748420715, 0.16469696164131165, -0.9207503795623779, -0.3536858558654785], "cam_t_m2c": [18.535295486450195, 108.25141143798828, 59.713077545166016], "obj_id": 3}, {"cam_R_m2c": [-0.8689426183700562, 0.034224733710289, -0.4937281310558319, 0.46670517325401306, 0.38864821195602417, -0.7944424748420715, 0.16469696164131165, -0.9207503795623779, -0.3536858558654785], "cam_t_m2c": [18.535295486450195, 108.25141143798828, 59.713077545166016], "obj_id": 3}, {"cam_R_m2c": [-0.4276430904865265, 0.27351030707359314, -0.8615761995315552, -0.9027803540229797, -0.17764896154403687, 0.39169949293136597, -0.04592426121234894, 0.9453216195106506, 0.3228900730609894], "cam_t_m2c": [-345.1071472167969, 392.1238708496094, -50.00186538696289], "obj_id": 0}, {"cam_R_m2c": [-0.8521230220794678, -0.5174399614334106, -0.07837241888046265, 0.5231366157531738, -0.8379935026168823, -0.1552254557609558, 0.014644271694123745, -0.17327065765857697, 0.984765350818634], "cam_t_m2c": [-6.497425556182861, 106.21672821044922, 56.74135208129883], "obj_id": 3}, {"cam_R_m2c": [0.5489333868026733, 0.6593720316886902, -0.5137125849723816, 0.03080238401889801, -0.6301270127296448, -0.7758808135986328, -0.8352982997894287, 0.4100832939147949, -0.36620795726776123], "cam_t_m2c": [-86.68946838378906, 201.0456085205078, -42.71865463256836], "obj_id": 3}, {"cam_R_m2c": [0.07375442981719971, 0.8397706151008606, 0.5379085540771484, -0.9353854060173035, 0.24530652165412903, -0.25471317768096924, -0.34585312008857727, -0.4843655824661255, 0.8036016225814819], "cam_t_m2c": [-26.132301330566406, 19.585474014282227, 245.79840087890625], "obj_id": 3}, {"cam_R_m2c": [0.8916680812835693, 0.2112852782011032, -0.40035802125930786, 0.4262757897377014, -0.6895679235458374, 0.5854784250259399, -0.15237107872962952, -0.6927153468132019, -0.7049314975738525], "cam_t_m2c": [3865.91796875, 6112.4013671875, 2945.829345703125], "obj_id": 2}]
}