{
  "0": [{"cam_R_m2c": [-0.20534898340702057, -0.42840203642845154, -0.8799450397491455, -0.8043824434280396, -0.4382832944393158, 0.401093989610672, -0.5574948191642761, 0.7901766896247864, -0.254597932100296], "cam_t_m2c": [79.50764465332031, 58.68022918701172, 919.2188110351562], "obj_id": 1}, {"cam_R_m2c": [0.5186440944671631, 0.5965376496315002, -0.6124958395957947, 0.8159363865852356, -0.5593737959861755, 0.14611205458641052, -0.25545281171798706, -0.5755378007888794, -0.7768526673316956], "cam_t_m2c": [-61.064090728759766, 63.708335876464844, 796.8294067382812], "obj_id": 0}, {"cam_R_m2c": [0.9198575615882874, 0.24871523678302765, -0.3033195734024048, -0.24059097468852997, 0.96848064661026, 0.06450772285461426, 0.30980318784713745, 0.013638044707477093, 0.9507029056549072], "cam_t_m2c": [224.9346466064453, -232.33201599121094, 836.050048828125], "obj_id": 3}, {"cam_R_m2c": [-0.3120564818382263, 0.9412250518798828, -0.12929050624370575, -0.7947763800621033, -0.333182692527771, -0.5072668790817261, -0.5205296874046326, -0.05553890019655228, 0.8520353436470032], "cam_t_m2c": [131.69430541992188, -94.82279205322266, 1097.2303466796875], "obj_id": 1}],
  "1": [{"cam_R_m2c": [-0.4299280345439911, -0.8253622055053711, -0.36597707867622375, -0.7100335359573364, 0.05870278552174568, 0.7017167210578918, -0.5576865673065186, 0.5615436434745789, -0.6112728118896484], "cam_t_m2c": [143.1114959716797, -31.32897186279297, 677.00927734375], "obj_id": 1}, {"cam_R_m2c": [0.9353291988372803, 0.32579994201660156, -0.13788998126983643, 0.3496686518192291, -0.9105899930000305, 0.22035744786262512, -0.053768809884786606, -0.2543225586414337, -0.9656234383583069], "cam_t_m2c": [77.5342025756836, 10.204188346862793, 507.45367431640625], "obj_id": 0}, {"cam_R_m2c": [0.46884503960609436, 0.7287440299987793, -0.4991157054901123, -0.5742810368537903, 0.680831253528595, 0.45460981130599976, 0.6711077690124512, 0.07349112629890442, 0.7377082109451294], "cam_t_m2c": [117.50650787353516, -366.3438415527344, 673.6707153320312], "obj_id": 3}, {"cam_R_m2c": [-0.5178597569465637, 0.5499064326286316, -0.6553046107292175, -0.6393339037895203, -0.7577507495880127, -0.130636528134346, -0.5683954358100891, 0.3513070344924927, 0.7439824938774109], "cam_t_m2c": [39.97665023803711, -137.5319061279297, 867.0826416015625], "obj_id": 1}]
}