{
  "0": [{"cam_R_m2c": [0.3899568021297455, 0.8403775095939636, 0.37642955780029297, -0.3726716935634613, -0.22978702187538147, 0.8990625739097595, 0.8420507311820984, -0.49088016152381897, 0.22357799112796783], "cam_t_m2c": [157.4051971435547, 2.2096986770629883, 827.8218994140625], "obj_id": 1}, {"cam_R_m2c": [-0.5954879522323608, 0.6911134719848633, 0.4095805883407593, 0.6949259638786316, 0.1873330920934677, 0.6942508220672607, 0.4030780792236328, 0.6980462074279785, -0.5918272733688354], "cam_t_m2c": [-55.79020690917969, -135.77745056152344, 804.144287109375], "obj_id": 3}, {"cam_R_m2c": [-0.12807904183864594, -0.5943353772163391, 0.7939528822898865, -0.9177232980728149, 0.3745329678058624, 0.1323215216398239, -0.3760048747062683, -0.7116814255714417, -0.5934052467346191], "cam_t_m2c": [225.08807373046875, 106.32453155517578, 806.7713623046875], "obj_id": 0}, {"cam_R_m2c": [0.4848214089870453, -0.5424543619155884, -0.6860695481300354, -0.7447118163108826, -0.6673844456672668, 0.0014189064968377352, -0.458641916513443, 0.5102362036705017, -0.7275344133377075], "cam_t_m2c": [-118.36187744140625, 151.25379943847656, 701.5529174804688], "obj_id": 1}],
  "1": [{"cam_R_m2c": [0.3069254457950592, 0.7921828627586365, 0.5274874567985535, 0.29893749952316284, -0.6064320802688599, 0.7368015050888062, 0.9035668969154358, -0.06845734268426895, -0.4229426085948944], "cam_t_m2c": [155.84271240234375, -49.60637664794922, 810.2392578125], "obj_id": 1}, {"cam_R_m2c": [-0.46740469336509705, 0.7046410441398621, 0.533866822719574, 0.8365145921707153, 0.5478664040565491, 0.009256490506231785, -0.2859652042388916, 0.4509139358997345, -0.8455178737640381], "cam_t_m2c": [-78.18232727050781, -137.18841552734375, 861.647216796875], "obj_id": 3}, {"cam_R_m2c": [-0.28453007340431213, -0.5093269944190979, 0.8121750950813293, -0.887273907661438, -0.18090273439884186, -0.42428648471832275, 0.36302536725997925, -0.8413441181182861, -0.40044018626213074], "cam_t_m2c": [241.22183227539062, -0.6525300145149231, 731.768798828125], "obj_id": 0}, {"cam_R_m2c": [0.35035112500190735, -0.6588159799575806, -0.6657443642616272, -0.8977611660957336, -0.033601704984903336, -0.43919897079467773, 0.2669811248779297, 0.7515532970428467, -0.6032317876815796], "cam_t_m2c": [-87.42161560058594, -5.213032245635986, 579.9567260742188], "obj_id": 1}]
}