{
  "0": [{"cam_R_m2c": [-0.9963074326515198, -0.08411905914545059, -0.017188284546136856, -0.04476967453956604, 0.6798256039619446, -0.7320060133934021, 0.07326069474220276, -0.7285335659980774, -0.6810812950134277], "cam_t_m2c": [-86.17560577392578, 151.2467498779297, 121.65481567382812], "obj_id": 3}, {"cam_R_m2c": [-0.9963074326515198, -0.08411905914545059, -0.017188284546136856, -0.04476967453956604, 0.6798256039619446, -0.7320060133934021, 0.07326069474220276, -0.7285335659980774, -0.6810812950134277], "cam_t_m2c": [-86.17560577392578, 151.2467498779297, 121.65481567382812], "obj_id": 2}, {"cam_R_m2c": [-0.9963074326515198, -0.08411905914545059, -0.017188284546136856, -0.04476967453956604, 0.6798256039619446, -0.7320060133934021, 0.07326069474220276, -0.7285335659980774, -0.6810812950134277], "cam_t_m2c": [-86.17560577392578, 151.2467498779297, 121.65481567382812], "obj_id": 1}, {"cam_R_m2c": [-0.9963074326515198, -0.08411905914545059, -0.017188284546136856, -0.04476967453956604, 0.6798256039619446, -0.7320060133934021, 0.07326069474220276, -0.7285335659980774, -0.6810812950134277], "cam_t_m2c": [-86.17560577392578, 151.2467498779297, 121.65481567382812], "obj_id": 2}, {"cam_R_m2c": [-0.9963074326515198, -0.08411905914545059, -0.017188284546136856, -0.04476967453956604, 0.6798256039619446, -0.7320060133934021, 0.07326069474220276, -0.7285335659980774, -0.6810812950134277], "cam_t_m2c": [-86.17560577392578, 151.2467498779297, 121.65481567382812], "obj_id": 2}, {"cam_R_m2c": [-0.9963074326515198, -0.08411905914545059, -0.017188284546136856, -0.04476967453956604, 0.6798256039619446, -0.7320060133934021, 0.07326069474220276, -0.7285335659980774, -0.6810812950134277], "cam_t_m2c": [-86.17560577392578, 151.2467498779297, 121.65481567382812], "obj_id": 2}, {"cam_R_m2c": [-0.9963074326515198, -0.08411905914545059, -0.017188284546136856, -0.04476967453956604, 0.6798256039619446, -0.7320060133934021, 0.07326069474220276, -0.7285335659980774, -0.6810812950134277], "cam_t_m2c": [-86.17560577392578, 151.2467498779297, 121.65481567382812], "obj_id": 2}, {"cam_R_m2c": [-0.9963074326515198, -0.08411905914545059, -0.017188284546136856, -0.04476967453956604, 0.6798256039619446, -0.7320060133934021, 0.07326069474220276, -0.7285335659980774, -0.6810812950134277], "cam_t_m2c": [-86.17560577392578, 151.2467498779297, 121.65481567382812], "obj_id": 1}, {"cam_R_m2c": [-0.9963074326515198, -0.08411905914545059, -0.017188284546136856, -0.04476967453956604, 0.6798256039619446, -0.7320060133934021, 0.07326069474220276, -0.7285335659980774, -0.6810812950134277], "cam_t_m2c": [-86.17560577392578, 151.2467498779297, 121.65481567382812], "obj_id": 0}, {"cam_R_m2c": [-0.9963074326515198, -0.08411905914545059, -0.017188284546136856, -0.04476967453956604, 0.6798256039619446, -0.7320060133934021, 0.07326069474220276, -0.7285335659980774, -0.6810812950134277], "cam_t_m2c": [-86.17560577392578, 151.2467498779297, 121.65481567382812], "obj_id": 3}, {"cam_R_m2c": [-0.9963074326515198, -0.08411905914545059, -0.017188284546136856, -0.04476967453956604, 0.6798256039619446, -0.7320060133934021, 0.07326069474220276, -0.7285335659980774, -0.6810812950134277], "cam_t_m2c": [-86.17560577392578, 151.2467498779297, 121.65481567382812], "obj_id": 2}, {"cam_R_m2c": [-0.9963074326515198, -0.08411905914545059, -0.017188284546136856, -0.04476967453956604, 0.6798256039619446, -0.7320060133934021, 0.07326069474220276, -0.7285335659980774, -0.6810812950134277], "cam_t_m2c": [-86.17560577392578, 151.2467498779297, 121.65481567382812], "obj_id": 0}, {"cam_R_m2c": [-0.9963074326515198, -0.08411905914545059, -0.017188284546136856, -0.04476967453956604, 0.6798256039619446, -0.7320060133934021, 0.07326069474220276, -0.7285335659980774, -0.6810812950134277], "cam_t_m2c": [-86.17560577392578, 151.2467498779297, 121.65481567382812], "obj_id": 1}, {"cam_R_m2c": [-0.9963074326515198, -0.08411905914545059, -0.017188284546136856, -0.04476967453956604, 0.6798256039619446, -0.7320060133934021, 0.07326069474220276, -0.7285335659980774, -0.6810812950134277], "cam_t_m2c": [-86.17560577392578, 151.2467498779297, 121.65481567382812], "obj_id": 2}, {"cam_R_m2c": [-0.9963074326515198, -0.08411905914545059, -0.017188284546136856, -0.04476967453956604, 0.6798256039619446, -0.7320060133934021, 0.07326069474220276, -0.7285335659980774, -0.6810812950134277], "cam_t_m2c": [-86.17560577392578, 151.2467498779297, 121.65481567382812], "obj_id": 1}, {"cam_R_m2c": [-0.9963074326515198, -0.08411905914545059, -0.017188284546136856, -0.04476967453956604, 0.6798256039619446, -0.7320060133934021, 0.07326069474220276, -0.7285335659980774, -0.6810812950134277], "cam_t_m2c": [-86.17560577392578, 151.2467498779297, 121.65481567382812], "obj_id": 2}, {"cam_R_m2c": [-0.9963074326515198, -0.08411905914545059, -0.017188284546136856, -0.04476967453956604, 0.6798256039619446, -0.7320060133934021, 0.07326069474220276, -0.7285335659980774, -0.6810812950134277], "cam_t_m2c": [-86.17560577392578, 151.2467498779297, 121.65481567382812], "obj_id": 0}, {"cam_R_m2c": [-0.9963074326515198, -0.08411905914545059, -0.017188284546136856, -0.04476967453956604, 0.6798256039619446, -0.7320060133934021, 0.07326069474220276, -0.7285335659980774, -0.6810812950134277], "cam_t_m2c": [-86.17560577392578, 151.2467498779297, 121.65481567382812], "obj_id": 2}, {"cam_R_m2c": [-0.9963074326515198, -0.08411905914545059, -0.017188284546136856, -0.04476967453956604, 0.6798256039619446, -0.7320060133934021, 0.07326069474220276, -0.7285335659980774, -0.6810812950134277], "cam_t_m2c": [-86.17560577392578, 151.2467498779297, 121.65481567382812], "obj_id": 3}, {"cam_R_m2c": [-0.9963074326515198, -0.08411905914545059, -0.017188284546136856, -0.04476967453956604, 0.6798256039619446, -0.7320060133934021, 0.07326069474220276, -0.7285335659980774, -0.6810812950134277], "cam_t_m2c": [-86.17560577392578, 151.2467498779297, 121.65481567382812], "obj_id": 2}, {"cam_R_m2c": [-0.9963074326515198, -0.08411905914545059, -0.017188284546136856, -0.04476967453956604, 0.6798256039619446, -0.7320060133934021, 0.07326069474220276, -0.7285335659980774, -0.6810812950134277], "cam_t_m2c": [-86.17560577392578, 151.2467498779297, 121.65481567382812], "obj_id": 2}, {"cam_R_m2c": [-0.9963074326515198, -0.08411905914545059, -0.017188284546136856, -0.04476967453956604, 0.6798256039619446, -0.7320060133934021, 0.07326069474220276, -0.7285335659980774, -0.6810812950134277], "cam_t_m2c": [-86.17560577392578, 151.2467498779297, 121.65481567382812], "obj_id": 2}, {"cam_R_m2c": [-0.9963074326515198, -0.08411905914545059, -0.017188284546136856, -0.04476967453956604, 0.6798256039619446, -0.7320060133934021, 0.07326069474220276, -0.7285335659980774, -0.6810812950134277], "cam_t_m2c": [-86.17560577392578, 151.2467498779297, 121.65481567382812], "obj_id": 3}, {"cam_R_m2c": [-0.9963074326515198, -0.08411905914545059, -0.017188284546136856, -0.04476967453956604, 0.6798256039619446, -0.7320060133934021, 0.07326069474220276, -0.7285335659980774, -0.6810812950134277], "cam_t_m2c": [-86.17560577392578, 151.2467498779297, 121.65481567382812], "obj_id": 0}, {"cam_R_m2c": [0.6104456186294556, -0.43724697828292847, 0.6604326367378235, 0.6648902297019958, -0.17024774849414825, -0.7272803783416748, 0.4304382801055908, 0.8830803036689758, 0.1867942363023758], "cam_t_m2c": [544.908935546875, 11.698003768920898, 182.29856872558594], "obj_id": 0}, {"cam_R_m2c": [-0.2905089259147644, 0.5508537292480469, 0.7824094891548157, 0.38200998306274414, 0.8164529204368591, -0.4329814910888672, -0.877310037612915, 0.1731032431125641, -0.4476184844970703], "cam_t_m2c": [172.20565795898438, 208.3997802734375, 64.24227142333984], "obj_id": 0}, {"cam_R_m2c": [-0.3116629421710968, 0.8419293761253357, -0.44047778844833374, -0.16883641481399536, 0.4071216583251953, 0.8976335525512695, 0.9350721836090088, 0.35412800312042236, 0.015263756737112999], "cam_t_m2c": [-108.00253295898438, 82.26029968261719, 197.0964813232422], "obj_id": 1}, {"cam_R_m2c": [0.5937893390655518, 0.11802966147661209, 0.7959166169166565, -0.651729941368103, 0.6506596803665161, 0.3897307515144348, -0.4718710482120514, -0.7501406669616699, 0.46327823400497437], "cam_t_m2c": [91.96703338623047, -12.078216552734375, 219.28335571289062], "obj_id": 3}, {"cam_R_m2c": [0.43213745951652527, 0.6924839615821838, 0.5776876211166382, 0.3290792405605316, 0.47532638907432556, -0.8159481883049011, -0.8396212458610535, 0.5427067279815674, -0.022475752979516983], "cam_t_m2c": [69.39876556396484, 153.86251831054688, 127.11432647705078], "obj_id": 0}, {"cam_R_m2c": [-0.5684394836425781, -0.8226758241653442, 0.00898814108222723, 0.7206934094429016, -0.5031833648681641, -0.47687244415283203, 0.396834135055542, -0.26459550857543945, 0.8789265155792236], "cam_t_m2c": [127.67234802246094, 35.194881439208984, 227.61239624023438], "obj_id": 3}, {"cam_R_m2c": [-0.5984948873519897, -0.7402384281158447, 0.30635103583335876, 0.5397524833679199, -0.6551652550697327, -0.5286073684692383, 0.5920060276985168, -0.15101505815982819, 0.7916585803031921], "cam_t_m2c": [89.7112808227539, 54.247310638427734, 209.7102813720703], "obj_id": 3}, {"cam_R_m2c": [0.6847000122070312, 0.7026917338371277, 0.1934172809123993, 0.16433367133140564, -0.40739706158638, 0.898344099521637, 0.7100565433502197, -0.5833112597465515, -0.39442068338394165], "cam_t_m2c": [75.58829498291016, 300.5326843261719, -28.92584228515625], "obj_id": 2}],
  "1": [{"cam_R_m2c": [-0.7774491310119629, 0.628942608833313, -0.002003513742238283, 0.27332577109336853, 0.33499130606651306, -0.9017060995101929, -0.5664502382278442, -0.7015781998634338, -0.432344913482666], "cam_t_m2c": [-3.963397264480591, 106.5589370727539, 38.6612663269043], "obj_id": 3}, {"cam_R_m2c": [-0.7774491310119629, 0.628942608833313, -0.002003513742238283, 0.27332577109336853, 0.33499130606651306, -0.9017060995101929, -0.5664502382278442, -0.7015781998634338, -0.432344913482666], "cam_t_m2c": [-3.963397264480591, 106.5589370727539, 38.6612663269043], "obj_id": 2}, {"cam_R_m2c": [-0.7774491310119629, 0.628942608833313, -0.002003513742238283, 0.27332577109336853, 0.33499130606651306, -0.9017060995101929, -0.5664502382278442, -0.7015781998634338, -0.432344913482666], "cam_t_m2c": [-3.963397264480591, 106.5589370727539, 38.6612663269043], "obj_id": 1}, {"cam_R_m2c": [-0.7774491310119629, 0.628942608833313, -0.002003513742238283, 0.27332577109336853, 0.33499130606651306, -0.9017060995101929, -0.5664502382278442, -0.7015781998634338, -0.432344913482666], "cam_t_m2c": [-3.963397264480591, 106.5589370727539, 38.6612663269043], "obj_id": 2}, {"cam_R_m2c": [-0.7774491310119629, 0.628942608833313, -0.002003513742238283, 0.27332577109336853, 0.33499130606651306, -0.9017060995101929, -0.5664502382278442, -0.7015781998634338, -0.432344913482666], "cam_t_m2c": [-3.963397264480591, 106.5589370727539, 38.6612663269043], "obj_id": 2}, {"cam_R_m2c": [-0.7774491310119629, 0.628942608833313, -0.002003513742238283, 0.27332577109336853, 0.33499130606651306, -0.9017060995101929, -0.5664502382278442, -0.7015781998634338, -0.432344913482666], "cam_t_m2c": [-3.963397264480591, 106.5589370727539, 38.6612663269043], "obj_id": 2}, {"cam_R_m2c": [-0.7774491310119629, 0.628942608833313, -0.002003513742238283, 0.27332577109336853, 0.33499130606651306, -0.9017060995101929, -0.5664502382278442, -0.7015781998634338, -0.432344913482666], "cam_t_m2c": [-3.963397264480591, 106.5589370727539, 38.6612663269043], "obj_id": 2}, {"cam_R_m2c": [-0.7774491310119629, 0.628942608833313, -0.002003513742238283, 0.27332577109336853, 0.33499130606651306, -0.9017060995101929, -0.5664502382278442, -0.7015781998634338, -0.432344913482666], "cam_t_m2c": [-3.963397264480591, 106.5589370727539, 38.6612663269043], "obj_id": 1}, {"cam_R_m2c": [-0.7774491310119629, 0.628942608833313, -0.002003513742238283, 0.27332577109336853, 0.33499130606651306, -0.9017060995101929, -0.5664502382278442, -0.7015781998634338, -0.432344913482666], "cam_t_m2c": [-3.963397264480591, 106.5589370727539, 38.6612663269043], "obj_id": 0}, {"cam_R_m2c": [-0.7774491310119629, 0.628942608833313, -0.002003513742238283, 0.27332577109336853, 0.33499130606651306, -0.9017060995101929, -0.5664502382278442, -0.7015781998634338, -0.432344913482666], "cam_t_m2c": [-3.963397264480591, 106.5589370727539, 38.6612663269043], "obj_id": 3}, {"cam_R_m2c": [-0.7774491310119629, 0.628942608833313, -0.002003513742238283, 0.27332577109336853, 0.33499130606651306, -0.9017060995101929, -0.5664502382278442, -0.7015781998634338, -0.432344913482666], "cam_t_m2c": [-3.963397264480591, 106.5589370727539, 38.6612663269043], "obj_id": 2}, {"cam_R_m2c": [-0.7774491310119629, 0.628942608833313, -0.002003513742238283, 0.27332577109336853, 0.33499130606651306, -0.9017060995101929, -0.5664502382278442, -0.7015781998634338, -0.432344913482666], "cam_t_m2c": [-3.963397264480591, 106.5589370727539, 38.6612663269043], "obj_id": 0}, {"cam_R_m2c": [-0.7774491310119629, 0.628942608833313, -0.002003513742238283, 0.27332577109336853, 0.33499130606651306, -0.9017060995101929, -0.5664502382278442, -0.7015781998634338, -0.432344913482666], "cam_t_m2c": [-3.963397264480591, 106.5589370727539, 38.6612663269043], "obj_id": 1}, {"cam_R_m2c": [-0.7774491310119629, 0.628942608833313, -0.002003513742238283, 0.27332577109336853, 0.33499130606651306, -0.9017060995101929, -0.5664502382278442, -0.7015781998634338, -0.432344913482666], "cam_t_m2c": [-3.963397264480591, 106.5589370727539, 38.6612663269043], "obj_id": 2}, {"cam_R_m2c": [-0.7774491310119629, 0.628942608833313, -0.002003513742238283, 0.27332577109336853, 0.33499130606651306, -0.9017060995101929, -0.5664502382278442, -0.7015781998634338, -0.432344913482666], "cam_t_m2c": [-3.963397264480591, 106.5589370727539, 38.6612663269043], "obj_id": 1}, {"cam_R_m2c": [-0.7774491310119629, 0.628942608833313, -0.002003513742238283, 0.27332577109336853, 0.33499130606651306, -0.9017060995101929, -0.5664502382278442, -0.7015781998634338, -0.432344913482666], "cam_t_m2c": [-3.963397264480591, 106.5589370727539, 38.6612663269043], "obj_id": 2}, {"cam_R_m2c": [-0.7774491310119629, 0.628942608833313, -0.002003513742238283, 0.27332577109336853, 0.33499130606651306, -0.9017060995101929, -0.5664502382278442, -0.7015781998634338, -0.432344913482666], "cam_t_m2c": [-3.963397264480591, 106.5589370727539, 38.6612663269043], "obj_id": 0}, {"cam_R_m2c": [-0.7774491310119629, 0.628942608833313, -0.002003513742238283, 0.27332577109336853, 0.33499130606651306, -0.9017060995101929, -0.5664502382278442, -0.7015781998634338, -0.432344913482666], "cam_t_m2c": [-3.963397264480591, 106.5589370727539, 38.6612663269043], "obj_id": 2}, {"cam_R_m2c": [-0.7774491310119629, 0.628942608833313, -0.002003513742238283, 0.27332577109336853, 0.33499130606651306, -0.9017060995101929, -0.5664502382278442, -0.7015781998634338, -0.432344913482666], "cam_t_m2c": [-3.963397264480591, 106.5589370727539, 38.6612663269043], "obj_id": 3}, {"cam_R_m2c": [-0.7774491310119629, 0.628942608833313, -0.002003513742238283, 0.27332577109336853, 0.33499130606651306, -0.9017060995101929, -0.5664502382278442, -0.7015781998634338, -0.432344913482666], "cam_t_m2c": [-3.963397264480591, 106.5589370727539, 38.6612663269043], "obj_id": 2}, {"cam_R_m2c": [-0.7774491310119629, 0.628942608833313, -0.002003513742238283, 0.27332577109336853, 0.33499130606651306, -0.9017060995101929, -0.5664502382278442, -0.7015781998634338, -0.432344913482666], "cam_t_m2c": [-3.963397264480591, 106.5589370727539, 38.6612663269043], "obj_id": 2}, {"cam_R_m2c": [-0.7774491310119629, 0.628942608833313, -0.002003513742238283, 0.27332577109336853, 0.33499130606651306, -0.9017060995101929, -0.5664502382278442, -0.7015781998634338, -0.432344913482666], "cam_t_m2c": [-3.963397264480591, 106.5589370727539, 38.6612663269043], "obj_id": 2}, {"cam_R_m2c": [-0.7774491310119629, 0.628942608833313, -0.002003513742238283, 0.27332577109336853, 0.33499130606651306, -0.9017060995101929, -0.5664502382278442, -0.7015781998634338, -0.432344913482666], "cam_t_m2c": [-3.963397264480591, 106.5589370727539, 38.6612663269043], "obj_id": 3}, {"cam_R_m2c": [-0.7774491310119629, 0.628942608833313, -0.002003513742238283, 0.27332577109336853, 0.33499130606651306, -0.9017060995101929, -0.5664502382278442, -0.7015781998634338, -0.432344913482666], "cam_t_m2c": [-3.963397264480591, 106.5589370727539, 38.6612663269043], "obj_id": 0}, {"cam_R_m2c": [0.5278100967407227, -0.8482570052146912, 0.043319422751665115, 0.5760884881019592, 0.3200489282608032, -0.7521241307258606, 0.6241302490234375, 0.4219345450401306, 0.6575961112976074], "cam_t_m2c": [355.6070861816406, -171.8231964111328, 501.9451904296875], "obj_id": 0}, {"cam_R_m2c": [0.41829049587249756, 0.6873220205307007, 0.5938194990158081, 0.075019970536232, 0.6253846287727356, -0.7767021059989929, -0.905210018157959, 0.36943545937538147, 0.21002952754497528], "cam_t_m2c": [238.52061462402344, 60.564517974853516, 150.05960083007812], "obj_id": 0}, {"cam_R_m2c": [-0.7836812138557434, 0.6145169734954834, 0.09062397480010986, 0.30577558279037476, 0.25465646386146545, 0.9174156188964844, 0.5406894683837891, 0.7466719746589661, -0.38747379183769226], "cam_t_m2c": [-90.47672271728516, 81.80853271484375, 91.85758972167969], "obj_id": 1}, {"cam_R_m2c": [0.36868712306022644, 0.7724079489707947, 0.5171611905097961, -0.9239323735237122, 0.24341434240341187, 0.29512423276901245, 0.10207189619541168, -0.5866304636001587, 0.8033965229988098], "cam_t_m2c": [-1.3152477741241455, -49.12539291381836, 247.6986083984375], "obj_id": 3}, {"cam_R_m2c": [0.8959134817123413, 0.44140616059303284, 0.04999611899256706, -0.1625734120607376, 0.4305308163166046, -0.8878136277198792, -0.41341128945350647, 0.7872762084007263, 0.4574792683124542], "cam_t_m2c": [106.7238998413086, 66.64070129394531, 140.61668395996094], "obj_id": 0}, {"cam_R_m2c": [-0.2798498868942261, -0.6911807656288147, -0.6662981510162354, 0.9478167295455933, -0.3093242645263672, -0.077213816344738, -0.1527334749698639, -0.6531368494033813, 0.7416769862174988], "cam_t_m2c": [42.10142135620117, -14.661969184875488, 270.1986999511719], "obj_id": 3}, {"cam_R_m2c": [-0.4857480227947235, -0.7605382800102234, -0.43084803223609924, 0.874096691608429, -0.42157813906669617, -0.24130183458328247, 0.0018831233028322458, -0.4938147962093353, 0.8695650696754456], "cam_t_m2c": [32.74007797241211, 5.854511260986328, 229.99964904785156], "obj_id": 3}, {"cam_R_m2c": [0.2055528163909912, 0.6178722977638245, 0.7589346766471863, 0.2257433533668518, -0.7845166325569153, 0.5775582194328308, 0.9522541165351868, 0.0526057630777359, -0.300740122795105], "cam_t_m2c": [259.3960266113281, 132.4219512939453, 5.47594690322876], "obj_id": 2}]
}