{
  "0": [{"cam_R_m2c": [0.2162630409002304, -0.9744089245796204, -0.061298519372940063, 0.9669292569160461, 0.22245100140571594, -0.12475299090147018, 0.13519634306430817, -0.032291874289512634, 0.990292489528656], "cam_t_m2c": [110.29634857177734, 47.84413146972656, 1130.2586669921875], "obj_id": 0}, {"cam_R_m2c": [0.2679259181022644, -0.7705255150794983, -0.5783649682998657, 0.9633950591087341, 0.2085036039352417, 0.1685115247964859, -0.009251288138329983, -0.6023425459861755, 0.7981840968132019], "cam_t_m2c": [203.58889770507812, 19.414392471313477, 1009.435302734375], "obj_id": 0}, {"cam_R_m2c": [-0.8392044901847839, -0.4692709743976593, 0.2748104929924011, 0.46995294094085693, -0.37152838706970215, 0.8006941080093384, -0.2736425995826721, 0.8010939955711365, 0.53232342004776], "cam_t_m2c": [-206.10836791992188, 258.447998046875, 969.911865234375], "obj_id": 3}, {"cam_R_m2c": [-0.7389483451843262, 0.5719044804573059, -0.3562026917934418, 0.2793348431587219, 0.7411467432975769, 0.6104699373245239, 0.6131289601325989, 0.35160598158836365, -0.7074219584465027], "cam_t_m2c": [191.60333251953125, 22.86166000366211, 1079.773681640625], "obj_id": 3}, {"cam_R_m2c": [-0.5077812075614929, -0.3322491943836212, -0.7948387861251831, -0.8614618182182312, 0.20275762677192688, 0.4655888080596924, 0.006468139123171568, 0.9211404919624329, -0.38917648792266846], "cam_t_m2c": [18.713787078857422, 52.20500946044922, 1421.49560546875], "obj_id": 2}, {"cam_R_m2c": [0.3246802091598511, -0.6122153997421265, -0.720954179763794, 0.9454341530799866, 0.1881956160068512, 0.26596346497535706, -0.027146587148308754, -0.7679678201675415, 0.6399128437042236], "cam_t_m2c": [32.21601486206055, 147.72232055664062, 1163.0484619140625], "obj_id": 2}, {"cam_R_m2c": [-0.012998263351619244, 0.4209665358066559, -0.9069828391075134, -0.14907106757164001, 0.896107017993927, 0.4180549681186676, 0.988740861415863, 0.14063897728919983, 0.05110612139105797], "cam_t_m2c": [221.67596435546875, 33.34172058105469, 941.7850952148438], "obj_id": 3}, {"cam_R_m2c": [-0.08176127076148987, 0.5299773216247559, 0.8440611362457275, 0.861473798751831, -0.3882904052734375, 0.32725149393081665, 0.5011767148971558, 0.7538930177688599, -0.42481449246406555], "cam_t_m2c": [-37.22004699707031, 226.14273071289062, 1020.4032592773438], "obj_id": 1}, {"cam_R_m2c": [0.08974455296993256, 0.910311758518219, 0.40407711267471313, -0.8833167552947998, -0.11467880755662918, 0.4545328915119171, 0.4601057469844818, -0.39771994948387146, 0.7938019633293152], "cam_t_m2c": [-77.41913604736328, 252.1836395263672, 914.4124755859375], "obj_id": 1}, {"cam_R_m2c": [0.010580163449048996, 0.91619873046875, 0.40058454871177673, -0.7865909934043884, 0.2549677789211273, -0.5623753666877747, -0.6173837184906006, -0.3091461658477783, 0.7233712673187256], "cam_t_m2c": [220.31353759765625, 42.43826675415039, 1258.7989501953125], "obj_id": 0}, {"cam_R_m2c": [-0.41884610056877136, -0.6491287350654602, -0.6349802613258362, -0.8652164340019226, 0.07303653657436371, 0.4960506558418274, -0.27562394738197327, 0.7571641802787781, -0.5922279357910156], "cam_t_m2c": [38.706787109375, 95.43180847167969, 954.8206176757812], "obj_id": 2}, {"cam_R_m2c": [0.6346631050109863, 0.16771861910820007, -0.7543694376945496, 0.6856390833854675, 0.3281298279762268, 0.6497921347618103, 0.3565133512020111, -0.9296242594718933, 0.09325744956731796], "cam_t_m2c": [-276.4598693847656, 324.38092041015625, 1089.7635498046875], "obj_id": 2}],
  "1": [{"cam_R_m2c": [0.2162630409002304, -0.9744089245796204, -0.061298519372940063, 0.9669292569160461, 0.22245100140571594, -0.12475299090147018, 0.13519634306430817, -0.032291874289512634, 0.990292489528656], "cam_t_m2c": [110.29634857177734, 47.84413146972656, 1130.2586669921875], "obj_id": 0}, {"cam_R_m2c": [0.2679259181022644, -0.7705255150794983, -0.5783649682998657, 0.9633950591087341, 0.2085036039352417, 0.1685115247964859, -0.009251288138329983, -0.6023425459861755, 0.7981840968132019], "cam_t_m2c": [203.58889770507812, 19.414392471313477, 1009.435302734375], "obj_id": 0}, {"cam_R_m2c": [-0.8392044901847839, -0.4692709743976593, 0.2748104929924011, 0.46995294094085693, -0.37152838706970215, 0.8006941080093384, -0.2736425995826721, 0.8010939955711365, 0.53232342004776], "cam_t_m2c": [-206.10836791992188, 258.447998046875, 969.911865234375], "obj_id": 3}, {"cam_R_m2c": [-0.7389483451843262, 0.5719044804573059, -0.3562026917934418, 0.2793348431587219, 0.7411467432975769, 0.6104699373245239, 0.6131289601325989, 0.35160598158836365, -0.7074219584465027], "cam_t_m2c": [191.60333251953125, 22.86166000366211, 1079.773681640625], "obj_id": 3}, {"cam_R_m2c": [-0.5077812075614929, -0.3322491943836212, -0.7948387861251831, -0.8614618182182312, 0.20275762677192688, 0.4655888080596924, 0.006468139123171568, 0.9211404919624329, -0.38917648792266846], "cam_t_m2c": [18.713787078857422, 52.20500946044922, 1421.49560546875], "obj_id": 2}, {"cam_R_m2c": [0.3246802091598511, -0.6122153997421265, -0.720954179763794, 0.9454341530799866, 0.1881956160068512, 0.26596346497535706, -0.027146587148308754, -0.7679678201675415, 0.6399128437042236], "cam_t_m2c": [32.21601486206055, 147.72232055664062, 1163.0484619140625], "obj_id": 2}, {"cam_R_m2c": [-0.012998263351619244, 0.4209665358066559, -0.9069828391075134, -0.14907106757164001, 0.896107017993927, 0.4180549681186676, 0.988740861415863, 0.14063897728919983, 0.05110612139105797], "cam_t_m2c": [221.67596435546875, 33.34172058105469, 941.7850952148438], "obj_id": 3}, {"cam_R_m2c": [-0.08176127076148987, 0.5299773216247559, 0.8440611362457275, 0.861473798751831, -0.3882904052734375, 0.32725149393081665, 0.5011767148971558, 0.7538930177688599, -0.42481449246406555], "cam_t_m2c": [-37.22004699707031, 226.14273071289062, 1020.4032592773438], "obj_id": 1}, {"cam_R_m2c": [0.08974455296993256, 0.910311758518219, 0.40407711267471313, -0.8833167552947998, -0.11467880755662918, 0.4545328915119171, 0.4601057469844818, -0.39771994948387146, 0.7938019633293152], "cam_t_m2c": [-77.41913604736328, 252.1836395263672, 914.4124755859375], "obj_id": 1}, {"cam_R_m2c": [0.010580163449048996, 0.91619873046875, 0.40058454871177673, -0.7865909934043884, 0.2549677789211273, -0.5623753666877747, -0.6173837184906006, -0.3091461658477783, 0.7233712673187256], "cam_t_m2c": [220.31353759765625, 42.43826675415039, 1258.7989501953125], "obj_id": 0}, {"cam_R_m2c": [-0.41884610056877136, -0.6491287350654602, -0.6349802613258362, -0.8652164340019226, 0.07303653657436371, 0.4960506558418274, -0.27562394738197327, 0.7571641802787781, -0.5922279357910156], "cam_t_m2c": [38.706787109375, 95.43180847167969, 954.8206176757812], "obj_id": 2}, {"cam_R_m2c": [0.6346631050109863, 0.16771861910820007, -0.7543694376945496, 0.6856390833854675, 0.3281298279762268, 0.6497921347618103, 0.3565133512020111, -0.9296242594718933, 0.09325744956731796], "cam_t_m2c": [-276.4598693847656, 324.38092041015625, 1089.7635498046875], "obj_id": 2}],
  "2": [{"cam_R_m2c": [0.2162630409002304, -0.9744089245796204, -0.061298519372940063, 0.9669292569160461, 0.22245100140571594, -0.12475299090147018, 0.13519634306430817, -0.032291874289512634, 0.990292489528656], "cam_t_m2c": [110.29634857177734, 47.84413146972656, 1130.2586669921875], "obj_id": 0}, {"cam_R_m2c": [0.2679259181022644, -0.7705255150794983, -0.5783649682998657, 0.9633950591087341, 0.2085036039352417, 0.1685115247964859, -0.009251288138329983, -0.6023425459861755, 0.7981840968132019], "cam_t_m2c": [203.58889770507812, 19.414392471313477, 1009.435302734375], "obj_id": 0}, {"cam_R_m2c": [-0.8392044901847839, -0.4692709743976593, 0.2748104929924011, 0.46995294094085693, -0.37152838706970215, 0.8006941080093384, -0.2736425995826721, 0.8010939955711365, 0.53232342004776], "cam_t_m2c": [-206.10836791992188, 258.447998046875, 969.911865234375], "obj_id": 3}, {"cam_R_m2c": [-0.7389483451843262, 0.5719044804573059, -0.3562026917934418, 0.2793348431587219, 0.7411467432975769, 0.6104699373245239, 0.6131289601325989, 0.35160598158836365, -0.7074219584465027], "cam_t_m2c": [191.60333251953125, 22.86166000366211, 1079.773681640625], "obj_id": 3}, {"cam_R_m2c": [-0.5077812075614929, -0.3322491943836212, -0.7948387861251831, -0.8614618182182312, 0.20275762677192688, 0.4655888080596924, 0.006468139123171568, 0.9211404919624329, -0.38917648792266846], "cam_t_m2c": [18.713787078857422, 52.20500946044922, 1421.49560546875], "obj_id": 2}, {"cam_R_m2c": [0.3246802091598511, -0.6122153997421265, -0.720954179763794, 0.9454341530799866, 0.1881956160068512, 0.26596346497535706, -0.027146587148308754, -0.7679678201675415, 0.6399128437042236], "cam_t_m2c": [32.21601486206055, 147.72232055664062, 1163.0484619140625], "obj_id": 2}, {"cam_R_m2c": [-0.012998263351619244, 0.4209665358066559, -0.9069828391075134, -0.14907106757164001, 0.896107017993927, 0.4180549681186676, 0.988740861415863, 0.14063897728919983, 0.05110612139105797], "cam_t_m2c": [221.67596435546875, 33.34172058105469, 941.7850952148438], "obj_id": 3}, {"cam_R_m2c": [-0.08176127076148987, 0.5299773216247559, 0.8440611362457275, 0.861473798751831, -0.3882904052734375, 0.32725149393081665, 0.5011767148971558, 0.7538930177688599, -0.42481449246406555], "cam_t_m2c": [-37.22004699707031, 226.14273071289062, 1020.4032592773438], "obj_id": 1}, {"cam_R_m2c": [0.08974455296993256, 0.910311758518219, 0.40407711267471313, -0.8833167552947998, -0.11467880755662918, 0.4545328915119171, 0.4601057469844818, -0.39771994948387146, 0.7938019633293152], "cam_t_m2c": [-77.41913604736328, 252.1836395263672, 914.4124755859375], "obj_id": 1}, {"cam_R_m2c": [0.010580163449048996, 0.91619873046875, 0.40058454871177673, -0.7865909934043884, 0.2549677789211273, -0.5623753666877747, -0.6173837184906006, -0.3091461658477783, 0.7233712673187256], "cam_t_m2c": [220.31353759765625, 42.43826675415039, 1258.7989501953125], "obj_id": 0}, {"cam_R_m2c": [-0.41884610056877136, -0.6491287350654602, -0.6349802613258362, -0.8652164340019226, 0.07303653657436371, 0.4960506558418274, -0.27562394738197327, 0.7571641802787781, -0.5922279357910156], "cam_t_m2c": [38.706787109375, 95.43180847167969, 954.8206176757812], "obj_id": 2}, {"cam_R_m2c": [0.6346631050109863, 0.16771861910820007, -0.7543694376945496, 0.6856390833854675, 0.3281298279762268, 0.6497921347618103, 0.3565133512020111, -0.9296242594718933, 0.09325744956731796], "cam_t_m2c": [-276.4598693847656, 324.38092041015625, 1089.7635498046875], "obj_id": 2}],
  "3": [{"cam_R_m2c": [0.2162630409002304, -0.9744089245796204, -0.061298519372940063, 0.9669292569160461, 0.22245100140571594, -0.12475299090147018, 0.13519634306430817, -0.032291874289512634, 0.990292489528656], "cam_t_m2c": [110.29634857177734, 47.84413146972656, 1130.2586669921875], "obj_id": 0}, {"cam_R_m2c": [0.2679259181022644, -0.7705255150794983, -0.5783649682998657, 0.9633950591087341, 0.2085036039352417, 0.1685115247964859, -0.009251288138329983, -0.6023425459861755, 0.7981840968132019], "cam_t_m2c": [203.58889770507812, 19.414392471313477, 1009.435302734375], "obj_id": 0}, {"cam_R_m2c": [-0.8392044901847839, -0.4692709743976593, 0.2748104929924011, 0.46995294094085693, -0.37152838706970215, 0.8006941080093384, -0.2736425995826721, 0.8010939955711365, 0.53232342004776], "cam_t_m2c": [-206.10836791992188, 258.447998046875, 969.911865234375], "obj_id": 3}, {"cam_R_m2c": [-0.7389483451843262, 0.5719044804573059, -0.3562026917934418, 0.2793348431587219, 0.7411467432975769, 0.6104699373245239, 0.6131289601325989, 0.35160598158836365, -0.7074219584465027], "cam_t_m2c": [191.60333251953125, 22.86166000366211, 1079.773681640625], "obj_id": 3}, {"cam_R_m2c": [-0.5077812075614929, -0.3322491943836212, -0.7948387861251831, -0.8614618182182312, 0.20275762677192688, 0.4655888080596924, 0.006468139123171568, 0.9211404919624329, -0.38917648792266846], "cam_t_m2c": [18.713787078857422, 52.20500946044922, 1421.49560546875], "obj_id": 2}, {"cam_R_m2c": [0.3246802091598511, -0.6122153997421265, -0.720954179763794, 0.9454341530799866, 0.1881956160068512, 0.26596346497535706, -0.027146587148308754, -0.7679678201675415, 0.6399128437042236], "cam_t_m2c": [32.21601486206055, 147.72232055664062, 1163.0484619140625], "obj_id": 2}, {"cam_R_m2c": [-0.012998263351619244, 0.4209665358066559, -0.9069828391075134, -0.14907106757164001, 0.896107017993927, 0.4180549681186676, 0.988740861415863, 0.14063897728919983, 0.05110612139105797], "cam_t_m2c": [221.67596435546875, 33.34172058105469, 941.7850952148438], "obj_id": 3}, {"cam_R_m2c": [-0.08176127076148987, 0.5299773216247559, 0.8440611362457275, 0.861473798751831, -0.3882904052734375, 0.32725149393081665, 0.5011767148971558, 0.7538930177688599, -0.42481449246406555], "cam_t_m2c": [-37.22004699707031, 226.14273071289062, 1020.4032592773438], "obj_id": 1}, {"cam_R_m2c": [0.08974455296993256, 0.910311758518219, 0.40407711267471313, -0.8833167552947998, -0.11467880755662918, 0.4545328915119171, 0.4601057469844818, -0.39771994948387146, 0.7938019633293152], "cam_t_m2c": [-77.41913604736328, 252.1836395263672, 914.4124755859375], "obj_id": 1}, {"cam_R_m2c": [0.010580163449048996, 0.91619873046875, 0.40058454871177673, -0.7865909934043884, 0.2549677789211273, -0.5623753666877747, -0.6173837184906006, -0.3091461658477783, 0.7233712673187256], "cam_t_m2c": [220.31353759765625, 42.43826675415039, 1258.7989501953125], "obj_id": 0}, {"cam_R_m2c": [-0.41884610056877136, -0.6491287350654602, -0.6349802613258362, -0.8652164340019226, 0.07303653657436371, 0.4960506558418274, -0.27562394738197327, 0.7571641802787781, -0.5922279357910156], "cam_t_m2c": [38.706787109375, 95.43180847167969, 954.8206176757812], "obj_id": 2}, {"cam_R_m2c": [0.6346631050109863, 0.16771861910820007, -0.7543694376945496, 0.6856390833854675, 0.3281298279762268, 0.6497921347618103, 0.3565133512020111, -0.9296242594718933, 0.09325744956731796], "cam_t_m2c": [-276.4598693847656, 324.38092041015625, 1089.7635498046875], "obj_id": 2}],
  "4": [{"cam_R_m2c": [0.2162630409002304, -0.9744089245796204, -0.061298519372940063, 0.9669292569160461, 0.22245100140571594, -0.12475299090147018, 0.13519634306430817, -0.032291874289512634, 0.990292489528656], "cam_t_m2c": [110.29634857177734, 47.84413146972656, 1130.2586669921875], "obj_id": 0}, {"cam_R_m2c": [0.2679259181022644, -0.7705255150794983, -0.5783649682998657, 0.9633950591087341, 0.2085036039352417, 0.1685115247964859, -0.009251288138329983, -0.6023425459861755, 0.7981840968132019], "cam_t_m2c": [203.58889770507812, 19.414392471313477, 1009.435302734375], "obj_id": 0}, {"cam_R_m2c": [-0.8392044901847839, -0.4692709743976593, 0.2748104929924011, 0.46995294094085693, -0.37152838706970215, 0.8006941080093384, -0.2736425995826721, 0.8010939955711365, 0.53232342004776], "cam_t_m2c": [-206.10836791992188, 258.447998046875, 969.911865234375], "obj_id": 3}, {"cam_R_m2c": [-0.7389483451843262, 0.5719044804573059, -0.3562026917934418, 0.2793348431587219, 0.7411467432975769, 0.6104699373245239, 0.6131289601325989, 0.35160598158836365, -0.7074219584465027], "cam_t_m2c": [191.60333251953125, 22.86166000366211, 1079.773681640625], "obj_id": 3}, {"cam_R_m2c": [-0.5077812075614929, -0.3322491943836212, -0.7948387861251831, -0.8614618182182312, 0.20275762677192688, 0.4655888080596924, 0.006468139123171568, 0.9211404919624329, -0.38917648792266846], "cam_t_m2c": [18.713787078857422, 52.20500946044922, 1421.49560546875], "obj_id": 2}, {"cam_R_m2c": [0.3246802091598511, -0.6122153997421265, -0.720954179763794, 0.9454341530799866, 0.1881956160068512, 0.26596346497535706, -0.027146587148308754, -0.7679678201675415, 0.6399128437042236], "cam_t_m2c": [32.21601486206055, 147.72232055664062, 1163.0484619140625], "obj_id": 2}, {"cam_R_m2c": [-0.012998263351619244, 0.4209665358066559, -0.9069828391075134, -0.14907106757164001, 0.896107017993927, 0.4180549681186676, 0.988740861415863, 0.14063897728919983, 0.05110612139105797], "cam_t_m2c": [221.67596435546875, 33.34172058105469, 941.7850952148438], "obj_id": 3}, {"cam_R_m2c": [-0.08176127076148987, 0.5299773216247559, 0.8440611362457275, 0.861473798751831, -0.3882904052734375, 0.32725149393081665, 0.5011767148971558, 0.7538930177688599, -0.42481449246406555], "cam_t_m2c": [-37.22004699707031, 226.14273071289062, 1020.4032592773438], "obj_id": 1}, {"cam_R_m2c": [0.08974455296993256, 0.910311758518219, 0.40407711267471313, -0.8833167552947998, -0.11467880755662918, 0.4545328915119171, 0.4601057469844818, -0.39771994948387146, 0.7938019633293152], "cam_t_m2c": [-77.41913604736328, 252.1836395263672, 914.4124755859375], "obj_id": 1}, {"cam_R_m2c": [0.010580163449048996, 0.91619873046875, 0.40058454871177673, -0.7865909934043884, 0.2549677789211273, -0.5623753666877747, -0.6173837184906006, -0.3091461658477783, 0.7233712673187256], "cam_t_m2c": [220.31353759765625, 42.43826675415039, 1258.7989501953125], "obj_id": 0}, {"cam_R_m2c": [-0.41884610056877136, -0.6491287350654602, -0.6349802613258362, -0.8652164340019226, 0.07303653657436371, 0.4960506558418274, -0.27562394738197327, 0.7571641802787781, -0.5922279357910156], "cam_t_m2c": [38.706787109375, 95.43180847167969, 954.8206176757812], "obj_id": 2}, {"cam_R_m2c": [0.6346631050109863, 0.16771861910820007, -0.7543694376945496, 0.6856390833854675, 0.3281298279762268, 0.6497921347618103, 0.3565133512020111, -0.9296242594718933, 0.09325744956731796], "cam_t_m2c": [-276.4598693847656, 324.38092041015625, 1089.7635498046875], "obj_id": 2}]
}