{
  "0": [{"cam_R_m2c": [0.5803533792495728, 0.185859814286232, -0.7928720712661743, 0.7959503531455994, 0.07641591876745224, 0.6005195379257202, 0.1722005158662796, -0.9796003103256226, -0.10358695685863495], "cam_t_m2c": [226.08433532714844, 92.01199340820312, 618.2786865234375], "obj_id": 1}, {"cam_R_m2c": [0.21349266171455383, 0.027202995494008064, 0.9765658378601074, 0.7803647518157959, -0.6061371564865112, -0.153715580701828, 0.5877513885498047, 0.7948946952819824, -0.1506340652704239], "cam_t_m2c": [103.6754379272461, 88.54657745361328, 526.62060546875], "obj_id": 2}, {"cam_R_m2c": [-0.6848178505897522, -0.06383220851421356, -0.7259130477905273, -0.21116003394126892, 0.9707996249198914, 0.11383993923664093, 0.6974494457244873, 0.23124346137046814, -0.6782997250556946], "cam_t_m2c": [234.52000427246094, 54.845664978027344, 464.9906005859375], "obj_id": 3}, {"cam_R_m2c": [-0.2226460874080658, 0.17522405087947845, 0.959023118019104, 0.24277636408805847, -0.9427591562271118, 0.22861522436141968, 0.9441866278648376, 0.2837284207344055, 0.1673613339662552], "cam_t_m2c": [77.407470703125, 132.10009765625, 682.0667114257812], "obj_id": 4}, {"cam_R_m2c": [-0.4037376046180725, -0.014742904342710972, 0.9147560000419617, -0.857721209526062, 0.35396286845207214, -0.3728599548339844, -0.31829261779785156, -0.935143232345581, -0.1555534303188324], "cam_t_m2c": [78.92556762695312, 30.788875579833984, 699.9891967773438], "obj_id": 1}, {"cam_R_m2c": [0.0348721444606781, -0.9285275340080261, 0.36962199211120605, -0.5646312236785889, 0.2868589460849762, 0.7738884687423706, -0.82460618019104, -0.23568721115589142, -0.5142722725868225], "cam_t_m2c": [227.00047302246094, 26.495441436767578, 654.5581665039062], "obj_id": 2}, {"cam_R_m2c": [-0.7590487599372864, -0.63301682472229, -0.1521000862121582, 0.38638946413993835, -0.24999754130840302, -0.8878086805343628, 0.5239732265472412, -0.7326600551605225, 0.43435150384902954], "cam_t_m2c": [308.5664978027344, 11.902429580688477, 572.6343383789062], "obj_id": 3}, {"cam_R_m2c": [-0.6050958633422852, -0.4914400577545166, -0.6263749599456787, 0.5471839904785156, -0.8281928300857544, 0.1211867704987526, -0.5783153176307678, -0.26941272616386414, 0.7700442671775818], "cam_t_m2c": [283.8185729980469, 135.797119140625, 550.8562622070312], "obj_id": 4}, {"cam_R_m2c": [-0.4960968792438507, 0.8323552012443542, 0.24712906777858734, 0.0870927944779396, -0.235484316945076, 0.9679679870605469, 0.8638882040977478, 0.5017290115356445, 0.04433085024356842], "cam_t_m2c": [97.26610565185547, 18.61866569519043, 569.6060791015625], "obj_id": 1}, {"cam_R_m2c": [0.6716629862785339, -0.20970170199871063, 0.7105589509010315, 0.3841889798641205, 0.9186549782752991, -0.09204302728176117, -0.6334569454193115, 0.3348107933998108, 0.6975916028022766], "cam_t_m2c": [251.20443725585938, 190.313720703125, 444.51214599609375], "obj_id": 2}, {"cam_R_m2c": [-0.3855855464935303, 0.8997473120689392, 0.2043980360031128, 0.9225019812583923, 0.371682345867157, 0.10412649810314178, 0.01771639846265316, 0.22870726883411407, -0.973334014415741], "cam_t_m2c": [6.5215678215026855, 91.57133483886719, 660.598388671875], "obj_id": 3}, {"cam_R_m2c": [0.7993007898330688, -0.1970902532339096, -0.5676915645599365, -0.30580395460128784, -0.9466236233711243, -0.10191987454891205, -0.5173028111457825, 0.25506696105003357, -0.8169080018997192], "cam_t_m2c": [246.67709350585938, 56.83395004272461, 286.46441650390625], "obj_id": 4}, {"cam_R_m2c": [-0.7153628468513489, -0.5244399309158325, -0.46175605058670044, -0.5123720765113831, 0.8430200815200806, -0.16368263959884644, 0.47511133551597595, 0.11949841678142548, -0.8717736005783081], "cam_t_m2c": [-21.981060028076172, 215.23818969726562, 442.4586181640625], "obj_id": 1}, {"cam_R_m2c": [0.7759621739387512, 0.6261606812477112, -0.0761936828494072, -0.35274776816368103, 0.33062097430229187, -0.8753620982170105, -0.5229260921478271, 0.706125020980835, 0.477426141500473], "cam_t_m2c": [199.7378387451172, 26.313234329223633, 516.35791015625], "obj_id": 2}, {"cam_R_m2c": [-0.1459825038909912, -0.9789162874221802, 0.14287105202674866, 0.3567277789115906, -0.18679045140743256, -0.9153439998626709, 0.9227320551872253, -0.08265810459852219, 0.3764747083187103], "cam_t_m2c": [196.51364135742188, -7.7993059158325195, 544.0435180664062], "obj_id": 3}, {"cam_R_m2c": [0.8452759981155396, 0.15912529826164246, 0.5100858807563782, -0.13436384499073029, -0.8606524467468262, 0.49114495515823364, 0.5171603560447693, -0.48369014263153076, -0.7061081528663635], "cam_t_m2c": [195.29171752929688, -61.91633605957031, 639.7639770507812], "obj_id": 4}],
  "1": [{"cam_R_m2c": [-0.5811903476715088, -0.7717723846435547, 0.258041113615036, 0.780951201915741, -0.6181102395057678, -0.08974967151880264, 0.22876416146755219, 0.14935587346553802, 0.9619562029838562], "cam_t_m2c": [-36.10425567626953, 310.4622802734375, 227.46055603027344], "obj_id": 1}, {"cam_R_m2c": [-0.06258352100849152, 0.7037380933761597, -0.7076977491378784, 0.9339709281921387, 0.29126161336898804, 0.20703858137130737, 0.35182613134384155, -0.6480119228363037, -0.6754990816116333], "cam_t_m2c": [-8.61605453491211, 189.85406494140625, 317.4339904785156], "obj_id": 2}, {"cam_R_m2c": [0.9855888485908508, -0.16666163504123688, 0.028957009315490723, 0.13224448263645172, 0.6523966789245605, -0.746250569820404, 0.1054798811674118, 0.7393257021903992, 0.6650350093841553], "cam_t_m2c": [-124.71128845214844, 179.71743774414062, 225.3826141357422], "obj_id": 3}, {"cam_R_m2c": [0.6576793789863586, 0.4040706157684326, -0.6357553005218506, 0.7426408529281616, -0.206329807639122, 0.6371127963066101, 0.1262633353471756, -0.8911538124084473, -0.4357782304286957], "cam_t_m2c": [91.22821044921875, 318.23779296875, 334.73016357421875], "obj_id": 4}, {"cam_R_m2c": [0.39087235927581787, -0.7080731391906738, -0.588091254234314, -0.8502395153045654, -0.5224931240081787, 0.06398344784975052, -0.3525785207748413, 0.475009024143219, -0.8062599301338196], "cam_t_m2c": [138.60720825195312, 279.5590515136719, 251.9855499267578], "obj_id": 1}, {"cam_R_m2c": [-0.3357529938220978, 0.38288313150405884, -0.860622227191925, -0.8974518775939941, -0.40753185749053955, 0.16881394386291504, -0.28609487414360046, 0.8290467262268066, 0.48044905066490173], "cam_t_m2c": [10.114978790283203, 303.92156982421875, 168.89041137695312], "obj_id": 2}, {"cam_R_m2c": [0.7082363367080688, 0.06447643041610718, 0.7030249238014221, 0.2828701436519623, -0.9383061528205872, -0.19891227781772614, 0.6468274593353271, 0.33974167704582214, -0.6827809810638428], "cam_t_m2c": [-91.98262786865234, 268.3443908691406, 125.44122314453125], "obj_id": 3}, {"cam_R_m2c": [-0.1498013287782669, 0.4709082245826721, 0.8693705201148987, -0.3963172435760498, -0.8341609835624695, 0.38354694843292236, 0.9058102965354919, -0.2870906591415405, 0.311587393283844], "cam_t_m2c": [-134.14694213867188, 306.3754577636719, 240.3866424560547], "obj_id": 4}, {"cam_R_m2c": [0.8516344428062439, -0.16840967535972595, -0.49634355306625366, 0.4894668459892273, 0.5942266583442688, 0.6382138729095459, 0.18745921552181244, -0.7864686250686646, 0.5884948372840881], "cam_t_m2c": [48.4603271484375, 183.04222106933594, 258.488037109375], "obj_id": 1}, {"cam_R_m2c": [-0.9997431039810181, 0.017590658739209175, -0.014286674559116364, 0.00037285449798218906, 0.643123209476471, 0.7657626271247864, 0.02265836112201214, 0.7655606269836426, -0.6429645419120789], "cam_t_m2c": [-198.69570922851562, 241.71261596679688, 324.0346984863281], "obj_id": 2}, {"cam_R_m2c": [-0.06280229240655899, -0.608982503414154, -0.790693461894989, 0.3355081081390381, 0.7332661151885986, -0.5914009809494019, 0.9399415850639343, -0.30242544412612915, 0.1582677811384201], "cam_t_m2c": [141.1587371826172, 252.02989196777344, 350.59649658203125], "obj_id": 3}, {"cam_R_m2c": [-0.7611690163612366, 0.642611563205719, -0.08759092539548874, -0.21944651007652283, -0.3822813630104065, -0.8976103067398071, -0.6102991104125977, -0.6640115976333618, 0.431999534368515], "cam_t_m2c": [-246.1036376953125, 51.96493911743164, 256.4718017578125], "obj_id": 4}, {"cam_R_m2c": [0.9770522117614746, 0.12554104626178741, -0.17207100987434387, -0.2036283314228058, 0.3135416507720947, -0.9274843335151672, -0.06248592212796211, 0.9412391185760498, 0.33191028237342834], "cam_t_m2c": [-21.903108596801758, 141.27528381347656, 508.1880798339844], "obj_id": 1}, {"cam_R_m2c": [-0.7315022945404053, -0.10603177547454834, 0.67354416847229, -0.2576500177383423, 0.9575782418251038, -0.12907519936561584, -0.6312851309776306, -0.2679574489593506, -0.7277897596359253], "cam_t_m2c": [-58.09236145019531, 189.112060546875, 213.71397399902344], "obj_id": 2}, {"cam_R_m2c": [0.5498633980751038, 0.6873518228530884, 0.47454994916915894, 0.8172677159309387, -0.5600242614746094, -0.13581690192222595, 0.17240548133850098, 0.46251511573791504, -0.8696873188018799], "cam_t_m2c": [-25.95622444152832, 190.781494140625, 183.630126953125], "obj_id": 3}, {"cam_R_m2c": [-0.20462748408317566, -0.09787110984325409, -0.9739347100257874, 0.6637101173400879, -0.7451982498168945, -0.06456281989812851, -0.7194555997848511, -0.6596216559410095, 0.21744614839553833], "cam_t_m2c": [54.9503059387207, 233.8361053466797, 122.8602294921875], "obj_id": 4}],
  "2": [{"cam_R_m2c": [-0.5811903476715088, -0.7717723846435547, 0.258041113615036, 0.780951201915741, -0.6181102395057678, -0.08974967151880264, 0.22876416146755219, 0.14935587346553802, 0.9619562029838562], "cam_t_m2c": [-36.10425567626953, 310.4622802734375, 227.46055603027344], "obj_id": 1}, {"cam_R_m2c": [-0.06258352100849152, 0.7037380933761597, -0.7076977491378784, 0.9339709281921387, 0.29126161336898804, 0.20703858137130737, 0.35182613134384155, -0.6480119228363037, -0.6754990816116333], "cam_t_m2c": [-8.61605453491211, 189.85406494140625, 317.4339904785156], "obj_id": 2}, {"cam_R_m2c": [0.9855888485908508, -0.16666163504123688, 0.028957009315490723, 0.13224448263645172, 0.6523966789245605, -0.746250569820404, 0.1054798811674118, 0.7393257021903992, 0.6650350093841553], "cam_t_m2c": [-124.71128845214844, 179.71743774414062, 225.3826141357422], "obj_id": 3}, {"cam_R_m2c": [0.6576793789863586, 0.4040706157684326, -0.6357553005218506, 0.7426408529281616, -0.206329807639122, 0.6371127963066101, 0.1262633353471756, -0.8911538124084473, -0.4357782304286957], "cam_t_m2c": [91.22821044921875, 318.23779296875, 334.73016357421875], "obj_id": 4}, {"cam_R_m2c": [0.39087235927581787, -0.7080731391906738, -0.588091254234314, -0.8502395153045654, -0.5224931240081787, 0.06398344784975052, -0.3525785207748413, 0.475009024143219, -0.8062599301338196], "cam_t_m2c": [138.60720825195312, 279.5590515136719, 251.9855499267578], "obj_id": 1}, {"cam_R_m2c": [-0.3357529938220978, 0.38288313150405884, -0.860622227191925, -0.8974518775939941, -0.40753185749053955, 0.16881394386291504, -0.28609487414360046, 0.8290467262268066, 0.48044905066490173], "cam_t_m2c": [10.114978790283203, 303.92156982421875, 168.89041137695312], "obj_id": 2}, {"cam_R_m2c": [0.7082363367080688, 0.06447643041610718, 0.7030249238014221, 0.2828701436519623, -0.9383061528205872, -0.19891227781772614, 0.6468274593353271, 0.33974167704582214, -0.6827809810638428], "cam_t_m2c": [-91.98262786865234, 268.3443908691406, 125.44122314453125], "obj_id": 3}, {"cam_R_m2c": [-0.1498013287782669, 0.4709082245826721, 0.8693705201148987, -0.3963172435760498, -0.8341609835624695, 0.38354694843292236, 0.9058102965354919, -0.2870906591415405, 0.311587393283844], "cam_t_m2c": [-134.14694213867188, 306.3754577636719, 240.3866424560547], "obj_id": 4}, {"cam_R_m2c": [0.8516344428062439, -0.16840967535972595, -0.49634355306625366, 0.4894668459892273, 0.5942266583442688, 0.6382138729095459, 0.18745921552181244, -0.7864686250686646, 0.5884948372840881], "cam_t_m2c": [48.4603271484375, 183.04222106933594, 258.488037109375], "obj_id": 1}, {"cam_R_m2c": [-0.9997431039810181, 0.017590658739209175, -0.014286674559116364, 0.00037285449798218906, 0.643123209476471, 0.7657626271247864, 0.02265836112201214, 0.7655606269836426, -0.6429645419120789], "cam_t_m2c": [-198.69570922851562, 241.71261596679688, 324.0346984863281], "obj_id": 2}, {"cam_R_m2c": [-0.06280229240655899, -0.608982503414154, -0.790693461894989, 0.3355081081390381, 0.7332661151885986, -0.5914009809494019, 0.9399415850639343, -0.30242544412612915, 0.1582677811384201], "cam_t_m2c": [141.1587371826172, 252.02989196777344, 350.59649658203125], "obj_id": 3}, {"cam_R_m2c": [-0.7611690163612366, 0.642611563205719, -0.08759092539548874, -0.21944651007652283, -0.3822813630104065, -0.8976103067398071, -0.6102991104125977, -0.6640115976333618, 0.431999534368515], "cam_t_m2c": [-246.1036376953125, 51.96493911743164, 256.4718017578125], "obj_id": 4}, {"cam_R_m2c": [0.9770522117614746, 0.12554104626178741, -0.17207100987434387, -0.2036283314228058, 0.3135416507720947, -0.9274843335151672, -0.06248592212796211, 0.9412391185760498, 0.33191028237342834], "cam_t_m2c": [-21.903108596801758, 141.27528381347656, 508.1880798339844], "obj_id": 1}, {"cam_R_m2c": [-0.7315022945404053, -0.10603177547454834, 0.67354416847229, -0.2576500177383423, 0.9575782418251038, -0.12907519936561584, -0.6312851309776306, -0.2679574489593506, -0.7277897596359253], "cam_t_m2c": [-58.09236145019531, 189.112060546875, 213.71397399902344], "obj_id": 2}, {"cam_R_m2c": [0.5498633980751038, 0.6873518228530884, 0.47454994916915894, 0.8172677159309387, -0.5600242614746094, -0.13581690192222595, 0.17240548133850098, 0.46251511573791504, -0.8696873188018799], "cam_t_m2c": [-25.95622444152832, 190.781494140625, 183.630126953125], "obj_id": 3}, {"cam_R_m2c": [-0.20462748408317566, -0.09787110984325409, -0.9739347100257874, 0.6637101173400879, -0.7451982498168945, -0.06456281989812851, -0.7194555997848511, -0.6596216559410095, 0.21744614839553833], "cam_t_m2c": [54.9503059387207, 233.8361053466797, 122.8602294921875], "obj_id": 4}]
}