{
  "0": [{"cam_R_m2c": [-0.6303422451019287, -0.7704639434814453, -0.09515184164047241, -0.6959049105644226, 0.6151131987571716, -0.3706103563308716, 0.34407109022140503, -0.1673947423696518, -0.9239014983177185], "cam_t_m2c": [-170.2177276611328, -131.34268188476562, 336.3730773925781], "obj_id": 1}, {"cam_R_m2c": [0.8238896131515503, -0.5616744756698608, -0.07568170130252838, 0.23432546854019165, 0.21600200235843658, 0.9478579759597778, -0.5160402655601501, -0.7986644506454468, 0.3095764219760895], "cam_t_m2c": [210.03985595703125, 91.84536743164062, 648.7766723632812], "obj_id": 2}, {"cam_R_m2c": [-0.21162548661231995, -0.8945626020431519, -0.39366525411605835, 0.5001557469367981, -0.445174902677536, 0.7427405118942261, -0.8396778106689453, -0.03971109911799431, 0.5416310429573059], "cam_t_m2c": [187.0049591064453, -0.09930133819580078, 849.91796875], "obj_id": 3}, {"cam_R_m2c": [-0.7779580950737, 0.03225189447402954, 0.6274877786636353, 0.47352227568626404, -0.6263291835784912, 0.6192643046379089, 0.4129863977432251, 0.7788911461830139, 0.47198593616485596], "cam_t_m2c": [20.285646438598633, -114.54246520996094, 734.7679443359375], "obj_id": 4}, {"cam_R_m2c": [-0.45086920261383057, 0.6360931396484375, 0.6261809468269348, 0.7947185635566711, -0.03331451863050461, 0.606063187122345, 0.406373530626297, 0.7708927989006042, -0.4904945492744446], "cam_t_m2c": [250.6730499267578, 141.78366088867188, 656.8598022460938], "obj_id": 1}, {"cam_R_m2c": [0.46800583600997925, -0.8769778609275818, 0.10899678617715836, -0.6060140132904053, -0.40825408697128296, -0.6826971173286438, 0.6432086825370789, 0.2534526288509369, -0.7225261926651001], "cam_t_m2c": [254.31976318359375, 103.67777252197266, 644.1757202148438], "obj_id": 2}, {"cam_R_m2c": [0.94059818983078, 0.3394181430339813, 0.008389358408749104, -0.3057776689529419, 0.8361168503761292, 0.4554213285446167, 0.14756377041339874, -0.43093374371528625, 0.890236496925354], "cam_t_m2c": [19.925086975097656, -100.11073303222656, 712.8148803710938], "obj_id": 3}, {"cam_R_m2c": [0.5913182497024536, 0.8028563857078552, 0.07592341303825378, 0.7560181021690369, -0.5191183090209961, -0.3986888527870178, -0.2806766629219055, 0.29315146803855896, -0.913938045501709], "cam_t_m2c": [174.7110595703125, 120.06251525878906, 326.76263427734375], "obj_id": 4}, {"cam_R_m2c": [-0.7789624333381653, 0.36017751693725586, -0.5133123397827148, 0.3274381160736084, -0.4644944965839386, -0.8228177428245544, -0.5347912311553955, -0.8090221881866455, 0.2438879758119583], "cam_t_m2c": [-96.23246002197266, -148.50697326660156, 566.7579956054688], "obj_id": 1}, {"cam_R_m2c": [-0.567581295967102, 0.7436390519142151, 0.3533448576927185, 0.755690336227417, 0.3002031147480011, 0.5820741057395935, 0.32677778601646423, 0.5973936319351196, -0.7323505282402039], "cam_t_m2c": [-203.5806884765625, -131.00869750976562, 648.8028564453125], "obj_id": 2}, {"cam_R_m2c": [-0.7753476500511169, -0.22312654554843903, -0.5908050537109375, 0.6133018136024475, -0.4891970455646515, -0.6201186776161194, -0.15065515041351318, -0.8431493639945984, 0.5161416530609131], "cam_t_m2c": [-96.04476165771484, -93.87338256835938, 783.0731201171875], "obj_id": 3}, {"cam_R_m2c": [0.6430013179779053, -0.5800339579582214, 0.5001099109649658, 0.7589882612228394, 0.3952983617782593, -0.5173742175102234, 0.10240195691585541, 0.7122498154640198, 0.6944162845611572], "cam_t_m2c": [40.247982025146484, -125.708984375, 812.0361328125], "obj_id": 4}, {"cam_R_m2c": [-0.6632130146026611, -0.7058822512626648, 0.24875393509864807, -0.74491286277771, 0.5903826355934143, -0.3107300400733948, 0.07247884571552277, -0.391380250453949, -0.9173702001571655], "cam_t_m2c": [92.3953857421875, -13.826591491699219, 545.3997192382812], "obj_id": 1}, {"cam_R_m2c": [0.9366477131843567, -0.11671902984380722, 0.33025407791137695, 0.12145722657442093, -0.7761262059211731, -0.6187700033187866, 0.3285410702228546, 0.6196812391281128, -0.7127804160118103], "cam_t_m2c": [-136.84788513183594, -144.0755157470703, 810.925537109375], "obj_id": 2}, {"cam_R_m2c": [0.023847054690122604, -0.7999711632728577, -0.5995645523071289, 0.7058911919593811, -0.41121071577072144, 0.5767354369163513, -0.7079189419746399, -0.43698081374168396, 0.5548861622810364], "cam_t_m2c": [222.05393981933594, 70.48628997802734, 337.082275390625], "obj_id": 3}, {"cam_R_m2c": [0.9013765454292297, -0.14444488286972046, 0.40823522210121155, 0.00462409807369113, 0.945884644985199, 0.3244701623916626, -0.4330114722251892, -0.2905820608139038, 0.853266179561615], "cam_t_m2c": [-13.222002983093262, -28.551538467407227, 413.73150634765625], "obj_id": 4}],
  "1": [{"cam_R_m2c": [-0.6303422451019287, -0.7704639434814453, -0.09515184164047241, -0.6959049105644226, 0.6151131987571716, -0.3706103563308716, 0.34407109022140503, -0.1673947423696518, -0.9239014983177185], "cam_t_m2c": [-170.2177276611328, -131.34268188476562, 336.3730773925781], "obj_id": 1}, {"cam_R_m2c": [0.8238896131515503, -0.5616744756698608, -0.07568170130252838, 0.23432546854019165, 0.21600200235843658, 0.9478579759597778, -0.5160402655601501, -0.7986644506454468, 0.3095764219760895], "cam_t_m2c": [210.03985595703125, 91.84536743164062, 648.7766723632812], "obj_id": 2}, {"cam_R_m2c": [-0.21162548661231995, -0.8945626020431519, -0.39366525411605835, 0.5001557469367981, -0.445174902677536, 0.7427405118942261, -0.8396778106689453, -0.03971109911799431, 0.5416310429573059], "cam_t_m2c": [187.0049591064453, -0.09930133819580078, 849.91796875], "obj_id": 3}, {"cam_R_m2c": [-0.7779580950737, 0.03225189447402954, 0.6274877786636353, 0.47352227568626404, -0.6263291835784912, 0.6192643046379089, 0.4129863977432251, 0.7788911461830139, 0.47198593616485596], "cam_t_m2c": [20.285646438598633, -114.54246520996094, 734.7679443359375], "obj_id": 4}, {"cam_R_m2c": [-0.45086920261383057, 0.6360931396484375, 0.6261809468269348, 0.7947185635566711, -0.03331451863050461, 0.606063187122345, 0.406373530626297, 0.7708927989006042, -0.4904945492744446], "cam_t_m2c": [250.6730499267578, 141.78366088867188, 656.8598022460938], "obj_id": 1}, {"cam_R_m2c": [0.46800583600997925, -0.8769778609275818, 0.10899678617715836, -0.6060140132904053, -0.40825408697128296, -0.6826971173286438, 0.6432086825370789, 0.2534526288509369, -0.7225261926651001], "cam_t_m2c": [254.31976318359375, 103.67777252197266, 644.1757202148438], "obj_id": 2}, {"cam_R_m2c": [0.94059818983078, 0.3394181430339813, 0.008389358408749104, -0.3057776689529419, 0.8361168503761292, 0.4554213285446167, 0.14756377041339874, -0.43093374371528625, 0.890236496925354], "cam_t_m2c": [19.925086975097656, -100.11073303222656, 712.8148803710938], "obj_id": 3}, {"cam_R_m2c": [0.5913182497024536, 0.8028563857078552, 0.07592341303825378, 0.7560181021690369, -0.5191183090209961, -0.3986888527870178, -0.2806766629219055, 0.29315146803855896, -0.913938045501709], "cam_t_m2c": [174.7110595703125, 120.06251525878906, 326.76263427734375], "obj_id": 4}, {"cam_R_m2c": [-0.7789624333381653, 0.36017751693725586, -0.5133123397827148, 0.3274381160736084, -0.4644944965839386, -0.8228177428245544, -0.5347912311553955, -0.8090221881866455, 0.2438879758119583], "cam_t_m2c": [-96.23246002197266, -148.50697326660156, 566.7579956054688], "obj_id": 1}, {"cam_R_m2c": [-0.567581295967102, 0.7436390519142151, 0.3533448576927185, 0.755690336227417, 0.3002031147480011, 0.5820741057395935, 0.32677778601646423, 0.5973936319351196, -0.7323505282402039], "cam_t_m2c": [-203.5806884765625, -131.00869750976562, 648.8028564453125], "obj_id": 2}, {"cam_R_m2c": [-0.7753476500511169, -0.22312654554843903, -0.5908050537109375, 0.6133018136024475, -0.4891970455646515, -0.6201186776161194, -0.15065515041351318, -0.8431493639945984, 0.5161416530609131], "cam_t_m2c": [-96.04476165771484, -93.87338256835938, 783.0731201171875], "obj_id": 3}, {"cam_R_m2c": [0.6430013179779053, -0.5800339579582214, 0.5001099109649658, 0.7589882612228394, 0.3952983617782593, -0.5173742175102234, 0.10240195691585541, 0.7122498154640198, 0.6944162845611572], "cam_t_m2c": [40.247982025146484, -125.708984375, 812.0361328125], "obj_id": 4}, {"cam_R_m2c": [-0.6632130146026611, -0.7058822512626648, 0.24875393509864807, -0.74491286277771, 0.5903826355934143, -0.3107300400733948, 0.07247884571552277, -0.391380250453949, -0.9173702001571655], "cam_t_m2c": [92.3953857421875, -13.826591491699219, 545.3997192382812], "obj_id": 1}, {"cam_R_m2c": [0.9366477131843567, -0.11671902984380722, 0.33025407791137695, 0.12145722657442093, -0.7761262059211731, -0.6187700033187866, 0.3285410702228546, 0.6196812391281128, -0.7127804160118103], "cam_t_m2c": [-136.84788513183594, -144.0755157470703, 810.925537109375], "obj_id": 2}, {"cam_R_m2c": [0.023847054690122604, -0.7999711632728577, -0.5995645523071289, 0.7058911919593811, -0.41121071577072144, 0.5767354369163513, -0.7079189419746399, -0.43698081374168396, 0.5548861622810364], "cam_t_m2c": [222.05393981933594, 70.48628997802734, 337.082275390625], "obj_id": 3}, {"cam_R_m2c": [0.9013765454292297, -0.14444488286972046, 0.40823522210121155, 0.00462409807369113, 0.945884644985199, 0.3244701623916626, -0.4330114722251892, -0.2905820608139038, 0.853266179561615], "cam_t_m2c": [-13.222002983093262, -28.551538467407227, 413.73150634765625], "obj_id": 4}],
  "2": [{"cam_R_m2c": [-0.6960107088088989, -0.401821106672287, 0.5950704216957092, -0.3720753788948059, 0.9106377959251404, 0.1797182708978653, -0.6141082048416138, -0.09632521122694016, -0.7833214402198792], "cam_t_m2c": [-73.00470733642578, 16.734172821044922, 298.876220703125], "obj_id": 1}, {"cam_R_m2c": [0.9463611841201782, 0.19172795116901398, -0.2600785791873932, 0.007823402062058449, 0.7910884618759155, 0.6116517782211304, 0.32301589846611023, -0.5808781981468201, 0.7471554279327393], "cam_t_m2c": [-31.822830200195312, -138.92431640625, 814.7048950195312], "obj_id": 2}, {"cam_R_m2c": [0.46819746494293213, -0.5975033044815063, -0.6509845852851868, 0.8537311553955078, 0.11587926745414734, 0.507656455039978, -0.22789078950881958, -0.7934492826461792, 0.564361572265625], "cam_t_m2c": [-194.51123046875, -286.7660827636719, 848.1348876953125], "obj_id": 3}, {"cam_R_m2c": [-0.8283983469009399, -0.5504817962646484, 0.10356602072715759, 0.5485843420028687, -0.8346826434135437, -0.048580389469861984, 0.11318738758563995, 0.01657078042626381, 0.9934354424476624], "cam_t_m2c": [-228.596923828125, -240.74468994140625, 622.5859985351562], "obj_id": 4}, {"cam_R_m2c": [-0.5920304656028748, -0.11715984344482422, 0.7973540425300598, 0.6348574161529541, -0.6772535443305969, 0.3718649744987488, 0.4964432418346405, 0.7263615727424622, 0.4753345847129822], "cam_t_m2c": [-8.72164249420166, -124.63019561767578, 873.630615234375], "obj_id": 1}, {"cam_R_m2c": [-0.15077343583106995, -0.7963897585868835, 0.5856881141662598, -0.9697971343994141, 0.004249981604516506, -0.24387571215629578, 0.19173099100589752, -0.604768693447113, -0.7729772925376892], "cam_t_m2c": [2.3241395950317383, -149.40591430664062, 843.7911376953125], "obj_id": 2}, {"cam_R_m2c": [0.5389707088470459, 0.5598307847976685, -0.6293648481369019, -0.7513934373855591, 0.6572239398956299, -0.05886070430278778, 0.3806816339492798, 0.5046247839927673, 0.7748776078224182], "cam_t_m2c": [-212.75579833984375, -219.90863037109375, 620.2918090820312], "obj_id": 3}, {"cam_R_m2c": [0.6242483854293823, 0.33502864837646484, 0.7057405710220337, 0.4078976809978485, -0.91023850440979, 0.07131026685237885, 0.6662833094596863, 0.24335463345050812, -0.7048722505569458], "cam_t_m2c": [176.7049102783203, 43.19244384765625, 644.1556396484375], "obj_id": 4}, {"cam_R_m2c": [-0.14722919464111328, 0.8255115747451782, -0.5448431372642517, 0.8623279929161072, -0.16268102824687958, -0.47950509190559387, -0.48447272181510925, -0.5404306650161743, -0.6879103183746338], "cam_t_m2c": [-188.45367431640625, -134.8700408935547, 448.9872741699219], "obj_id": 1}, {"cam_R_m2c": [-0.6159409284591675, 0.08804924041032791, 0.7828564047813416, 0.6975389122962952, -0.4008963108062744, 0.5939037799835205, 0.36613699793815613, 0.9118824005126953, 0.18551065027713776], "cam_t_m2c": [-321.6506652832031, -106.36026000976562, 446.3500671386719], "obj_id": 2}, {"cam_R_m2c": [-0.41731515526771545, 0.4462735056877136, -0.7916361689567566, 0.9041650891304016, 0.1163926050066948, -0.41102084517478943, -0.09128718823194504, -0.8872950673103333, -0.4520772695541382], "cam_t_m2c": [-343.5938415527344, -190.43521118164062, 599.390625], "obj_id": 3}, {"cam_R_m2c": [0.38346338272094727, -0.9088669419288635, -0.16406294703483582, 0.21406471729278564, 0.26027172803878784, -0.9415066838264465, 0.8984053134918213, 0.3259132504463196, 0.29436105489730835], "cam_t_m2c": [-270.7627868652344, -293.3126220703125, 666.769775390625], "obj_id": 4}, {"cam_R_m2c": [-0.5234733819961548, -0.19584450125694275, 0.8292288184165955, -0.2717714011669159, 0.9607689380645752, 0.05534805357456207, -0.8075368404388428, -0.19638743996620178, -0.5561618804931641], "cam_t_m2c": [-40.31794738769531, -115.3205337524414, 627.4503173828125], "obj_id": 1}, {"cam_R_m2c": [0.41268691420555115, -0.5410684943199158, 0.7327580451965332, -0.5088057518005371, -0.8041845560073853, -0.3072521388530731, 0.7555171847343445, -0.24603256583213806, -0.6071752309799194], "cam_t_m2c": [-392.76251220703125, -220.89080810546875, 559.1934814453125], "obj_id": 2}, {"cam_R_m2c": [0.5393679738044739, -0.24468040466308594, -0.8057379126548767, 0.8356993198394775, 0.2730175852775574, 0.4765164256095886, 0.10338632017374039, -0.9303723573684692, 0.35173624753952026], "cam_t_m2c": [201.1752471923828, -21.642271041870117, 642.336669921875], "obj_id": 3}, {"cam_R_m2c": [0.9361863136291504, 0.1256406456232071, -0.32828289270401, -0.23960955440998077, 0.9114304780960083, -0.33448728919029236, 0.2571818232536316, 0.3918021321296692, 0.8833734393119812], "cam_t_m2c": [-18.5532283782959, -16.473182678222656, 491.5684814453125], "obj_id": 4}]
}