{
  "0": [{"cam_R_m2c": [0.8787364959716797, -0.20914629101753235, 0.4290454685688019, -0.34664925932884216, -0.8975553512573242, 0.2724488079547882, 0.3281104564666748, -0.388139009475708, -0.8612149953842163], "cam_t_m2c": [191.04562377929688, 43.24895095825195, 949.6707153320312], "obj_id": 2}, {"cam_R_m2c": [0.0715877041220665, 0.697587788105011, 0.7129139304161072, 0.9901354908943176, 0.036607883870601654, -0.13524578511714935, -0.12044402956962585, 0.7155633568763733, -0.6880857348442078], "cam_t_m2c": [98.73832702636719, -101.41200256347656, 723.70556640625], "obj_id": 1}, {"cam_R_m2c": [-0.5229794383049011, 0.4775017499923706, 0.706034243106842, 0.6158777475357056, 0.7843342423439026, -0.07425910979509354, -0.5892256498336792, 0.39599481225013733, -0.7042733430862427], "cam_t_m2c": [98.1578598022461, 130.7904052734375, 810.9256591796875], "obj_id": 1}, {"cam_R_m2c": [-0.48836401104927063, -0.07283888757228851, -0.8695948123931885, 0.37247708439826965, 0.8837721943855286, -0.28320935368537903, 0.7891523838043213, -0.462213397026062, -0.4044717252254486], "cam_t_m2c": [123.19971466064453, 100.92086791992188, 719.8436889648438], "obj_id": 3}],
  "1": [{"cam_R_m2c": [-0.8387646079063416, -0.5171220302581787, 0.17046526074409485, -0.2809644639492035, 0.14288268983364105, -0.9490222930908203, 0.46640390157699585, -0.8439011573791504, -0.2651377320289612], "cam_t_m2c": [-104.94348907470703, -41.895755767822266, 1283.2904052734375], "obj_id": 2}, {"cam_R_m2c": [0.7803098559379578, -0.5167107582092285, -0.3523158133029938, -0.4161738157272339, -0.008521230891346931, -0.9092450141906738, 0.4668145477771759, 0.8561174869537354, -0.22169068455696106], "cam_t_m2c": [-119.55499267578125, -88.26294708251953, 1003.6810913085938], "obj_id": 1}, {"cam_R_m2c": [0.9145785570144653, 0.2755124270915985, -0.2960386872291565, -0.2151331752538681, -0.2883964478969574, -0.9330300688743591, -0.3424379229545593, 0.9170170426368713, -0.2044893354177475], "cam_t_m2c": [47.55364990234375, -96.58868408203125, 1186.906982421875], "obj_id": 1}, {"cam_R_m2c": [0.39525818824768066, 0.8509758710861206, 0.34584811329841614, 0.7546877861022949, -0.5154823064804077, 0.40586206316947937, 0.523657500743866, 0.10058711469173431, -0.8459696769714355], "cam_t_m2c": [29.878751754760742, -166.09280395507812, 1118.7001953125], "obj_id": 3}]
}