{
  "0": [{"cam_R_m2c": [-0.4945577085018158, -0.08509686589241028, -0.8649687767028809, 0.8582016229629517, 0.10961350053548813, -0.501472532749176, 0.13748593628406525, -0.990324854850769, 0.018820179626345634], "cam_t_m2c": [-293.5531921386719, -208.07952880859375, 884.154296875], "obj_id": 0}, {"cam_R_m2c": [-0.5631805062294006, 0.6280314326286316, -0.5370327234268188, -0.6937461495399475, -0.006269552279263735, 0.7201922535896301, 0.44893643260002136, 0.7781626582145691, 0.43922534584999084], "cam_t_m2c": [-364.0024108886719, -162.36923217773438, 899.957275390625], "obj_id": 1}, {"cam_R_m2c": [0.46591484546661377, 0.00996183231472969, -0.8847734332084656, -0.8553191423416138, -0.2510198950767517, -0.4532306492328644, -0.22661083936691284, 0.9679305553436279, -0.108433298766613], "cam_t_m2c": [146.7877960205078, -4.6806206703186035, 994.03466796875], "obj_id": 2}, {"cam_R_m2c": [-0.45850545167922974, -0.25596708059310913, -0.851030707359314, 0.8049834966659546, 0.2861115038394928, -0.5197514891624451, 0.37652888894081116, -0.9233747124671936, 0.07486575096845627], "cam_t_m2c": [-109.15947723388672, 49.79780197143555, 729.5081176757812], "obj_id": 2}, {"cam_R_m2c": [0.12023167312145233, 0.7047138810157776, -0.6992299556732178, 0.7960184812545776, 0.3524397015571594, 0.49207803606987, 0.5932106375694275, -0.6157633662223816, -0.5185908675193787], "cam_t_m2c": [13.053800582885742, 65.78621673583984, 844.1493530273438], "obj_id": 2}, {"cam_R_m2c": [-0.8541228771209717, 0.31347325444221497, 0.4149801731109619, 0.4855346083641052, 0.19470801949501038, 0.8522586822509766, 0.18636035919189453, 0.9294209480285645, -0.31850665807724], "cam_t_m2c": [-251.80319213867188, -25.464916229248047, 764.7816162109375], "obj_id": 1}, {"cam_R_m2c": [0.06683927774429321, 0.9590415358543396, -0.27526694536209106, -0.9786365032196045, 0.009253312833607197, -0.20538990199565887, -0.19443030655384064, 0.28311437368392944, 0.9391714930534363], "cam_t_m2c": [202.2906494140625, 146.96279907226562, 737.421142578125], "obj_id": 2}, {"cam_R_m2c": [-0.4412052035331726, 0.02809842862188816, 0.8969662189483643, 0.8051723837852478, -0.4289690852165222, 0.40949103236198425, 0.3962768614292145, 0.9028820395469666, 0.16663935780525208], "cam_t_m2c": [239.26864624023438, -33.21503829956055, 881.115478515625], "obj_id": 3}],
  "1": [{"cam_R_m2c": [-0.4945577085018158, -0.08509686589241028, -0.8649687767028809, 0.8582016229629517, 0.10961350053548813, -0.501472532749176, 0.13748593628406525, -0.990324854850769, 0.018820179626345634], "cam_t_m2c": [-293.5531921386719, -208.07952880859375, 884.154296875], "obj_id": 0}, {"cam_R_m2c": [-0.5631805062294006, 0.6280314326286316, -0.5370327234268188, -0.6937461495399475, -0.006269552279263735, 0.7201922535896301, 0.44893643260002136, 0.7781626582145691, 0.43922534584999084], "cam_t_m2c": [-364.0024108886719, -162.36923217773438, 899.957275390625], "obj_id": 1}, {"cam_R_m2c": [0.46591484546661377, 0.00996183231472969, -0.8847734332084656, -0.8553191423416138, -0.2510198950767517, -0.4532306492328644, -0.22661083936691284, 0.9679305553436279, -0.108433298766613], "cam_t_m2c": [146.7877960205078, -4.6806206703186035, 994.03466796875], "obj_id": 2}, {"cam_R_m2c": [-0.45850545167922974, -0.25596708059310913, -0.851030707359314, 0.8049834966659546, 0.2861115038394928, -0.5197514891624451, 0.37652888894081116, -0.9233747124671936, 0.07486575096845627], "cam_t_m2c": [-109.15947723388672, 49.79780197143555, 729.5081176757812], "obj_id": 2}, {"cam_R_m2c": [0.12023167312145233, 0.7047138810157776, -0.6992299556732178, 0.7960184812545776, 0.3524397015571594, 0.49207803606987, 0.5932106375694275, -0.6157633662223816, -0.5185908675193787], "cam_t_m2c": [13.053800582885742, 65.78621673583984, 844.1493530273438], "obj_id": 2}, {"cam_R_m2c": [-0.8541228771209717, 0.31347325444221497, 0.4149801731109619, 0.4855346083641052, 0.19470801949501038, 0.8522586822509766, 0.18636035919189453, 0.9294209480285645, -0.31850665807724], "cam_t_m2c": [-251.80319213867188, -25.464916229248047, 764.7816162109375], "obj_id": 1}, {"cam_R_m2c": [0.06683927774429321, 0.9590415358543396, -0.27526694536209106, -0.9786365032196045, 0.009253312833607197, -0.20538990199565887, -0.19443030655384064, 0.28311437368392944, 0.9391714930534363], "cam_t_m2c": [202.2906494140625, 146.96279907226562, 737.421142578125], "obj_id": 2}, {"cam_R_m2c": [-0.4412052035331726, 0.02809842862188816, 0.8969662189483643, 0.8051723837852478, -0.4289690852165222, 0.40949103236198425, 0.3962768614292145, 0.9028820395469666, 0.16663935780525208], "cam_t_m2c": [239.26864624023438, -33.21503829956055, 881.115478515625], "obj_id": 3}],
  "2": [{"cam_R_m2c": [-0.4945577085018158, -0.08509686589241028, -0.8649687767028809, 0.8582016229629517, 0.10961350053548813, -0.501472532749176, 0.13748593628406525, -0.990324854850769, 0.018820179626345634], "cam_t_m2c": [-293.5531921386719, -208.07952880859375, 884.154296875], "obj_id": 0}, {"cam_R_m2c": [-0.5631805062294006, 0.6280314326286316, -0.5370327234268188, -0.6937461495399475, -0.006269552279263735, 0.7201922535896301, 0.44893643260002136, 0.7781626582145691, 0.43922534584999084], "cam_t_m2c": [-364.0024108886719, -162.36923217773438, 899.957275390625], "obj_id": 1}, {"cam_R_m2c": [0.46591484546661377, 0.00996183231472969, -0.8847734332084656, -0.8553191423416138, -0.2510198950767517, -0.4532306492328644, -0.22661083936691284, 0.9679305553436279, -0.108433298766613], "cam_t_m2c": [146.7877960205078, -4.6806206703186035, 994.03466796875], "obj_id": 2}, {"cam_R_m2c": [-0.45850545167922974, -0.25596708059310913, -0.851030707359314, 0.8049834966659546, 0.2861115038394928, -0.5197514891624451, 0.37652888894081116, -0.9233747124671936, 0.07486575096845627], "cam_t_m2c": [-109.15947723388672, 49.79780197143555, 729.5081176757812], "obj_id": 2}, {"cam_R_m2c": [0.12023167312145233, 0.7047138810157776, -0.6992299556732178, 0.7960184812545776, 0.3524397015571594, 0.49207803606987, 0.5932106375694275, -0.6157633662223816, -0.5185908675193787], "cam_t_m2c": [13.053800582885742, 65.78621673583984, 844.1493530273438], "obj_id": 2}, {"cam_R_m2c": [-0.8541228771209717, 0.31347325444221497, 0.4149801731109619, 0.4855346083641052, 0.19470801949501038, 0.8522586822509766, 0.18636035919189453, 0.9294209480285645, -0.31850665807724], "cam_t_m2c": [-251.80319213867188, -25.464916229248047, 764.7816162109375], "obj_id": 1}, {"cam_R_m2c": [0.06683927774429321, 0.9590415358543396, -0.27526694536209106, -0.9786365032196045, 0.009253312833607197, -0.20538990199565887, -0.19443030655384064, 0.28311437368392944, 0.9391714930534363], "cam_t_m2c": [202.2906494140625, 146.96279907226562, 737.421142578125], "obj_id": 2}, {"cam_R_m2c": [-0.4412052035331726, 0.02809842862188816, 0.8969662189483643, 0.8051723837852478, -0.4289690852165222, 0.40949103236198425, 0.3962768614292145, 0.9028820395469666, 0.16663935780525208], "cam_t_m2c": [239.26864624023438, -33.21503829956055, 881.115478515625], "obj_id": 3}],
  "3": [{"cam_R_m2c": [-0.4945577085018158, -0.08509686589241028, -0.8649687767028809, 0.8582016229629517, 0.10961350053548813, -0.501472532749176, 0.13748593628406525, -0.990324854850769, 0.018820179626345634], "cam_t_m2c": [-293.5531921386719, -208.07952880859375, 884.154296875], "obj_id": 0}, {"cam_R_m2c": [-0.5631805062294006, 0.6280314326286316, -0.5370327234268188, -0.6937461495399475, -0.006269552279263735, 0.7201922535896301, 0.44893643260002136, 0.7781626582145691, 0.43922534584999084], "cam_t_m2c": [-364.0024108886719, -162.36923217773438, 899.957275390625], "obj_id": 1}, {"cam_R_m2c": [0.46591484546661377, 0.00996183231472969, -0.8847734332084656, -0.8553191423416138, -0.2510198950767517, -0.4532306492328644, -0.22661083936691284, 0.9679305553436279, -0.108433298766613], "cam_t_m2c": [146.7877960205078, -4.6806206703186035, 994.03466796875], "obj_id": 2}, {"cam_R_m2c": [-0.45850545167922974, -0.25596708059310913, -0.851030707359314, 0.8049834966659546, 0.2861115038394928, -0.5197514891624451, 0.37652888894081116, -0.9233747124671936, 0.07486575096845627], "cam_t_m2c": [-109.15947723388672, 49.79780197143555, 729.5081176757812], "obj_id": 2}, {"cam_R_m2c": [0.12023167312145233, 0.7047138810157776, -0.6992299556732178, 0.7960184812545776, 0.3524397015571594, 0.49207803606987, 0.5932106375694275, -0.6157633662223816, -0.5185908675193787], "cam_t_m2c": [13.053800582885742, 65.78621673583984, 844.1493530273438], "obj_id": 2}, {"cam_R_m2c": [-0.8541228771209717, 0.31347325444221497, 0.4149801731109619, 0.4855346083641052, 0.19470801949501038, 0.8522586822509766, 0.18636035919189453, 0.9294209480285645, -0.31850665807724], "cam_t_m2c": [-251.80319213867188, -25.464916229248047, 764.7816162109375], "obj_id": 1}, {"cam_R_m2c": [0.06683927774429321, 0.9590415358543396, -0.27526694536209106, -0.9786365032196045, 0.009253312833607197, -0.20538990199565887, -0.19443030655384064, 0.28311437368392944, 0.9391714930534363], "cam_t_m2c": [202.2906494140625, 146.96279907226562, 737.421142578125], "obj_id": 2}, {"cam_R_m2c": [-0.4412052035331726, 0.02809842862188816, 0.8969662189483643, 0.8051723837852478, -0.4289690852165222, 0.40949103236198425, 0.3962768614292145, 0.9028820395469666, 0.16663935780525208], "cam_t_m2c": [239.26864624023438, -33.21503829956055, 881.115478515625], "obj_id": 3}],
  "4": [{"cam_R_m2c": [-0.4945577085018158, -0.08509686589241028, -0.8649687767028809, 0.8582016229629517, 0.10961350053548813, -0.501472532749176, 0.13748593628406525, -0.990324854850769, 0.018820179626345634], "cam_t_m2c": [-293.5531921386719, -208.07952880859375, 884.154296875], "obj_id": 0}, {"cam_R_m2c": [-0.5631805062294006, 0.6280314326286316, -0.5370327234268188, -0.6937461495399475, -0.006269552279263735, 0.7201922535896301, 0.44893643260002136, 0.7781626582145691, 0.43922534584999084], "cam_t_m2c": [-364.0024108886719, -162.36923217773438, 899.957275390625], "obj_id": 1}, {"cam_R_m2c": [0.46591484546661377, 0.00996183231472969, -0.8847734332084656, -0.8553191423416138, -0.2510198950767517, -0.4532306492328644, -0.22661083936691284, 0.9679305553436279, -0.108433298766613], "cam_t_m2c": [146.7877960205078, -4.6806206703186035, 994.03466796875], "obj_id": 2}, {"cam_R_m2c": [-0.45850545167922974, -0.25596708059310913, -0.851030707359314, 0.8049834966659546, 0.2861115038394928, -0.5197514891624451, 0.37652888894081116, -0.9233747124671936, 0.07486575096845627], "cam_t_m2c": [-109.15947723388672, 49.79780197143555, 729.5081176757812], "obj_id": 2}, {"cam_R_m2c": [0.12023167312145233, 0.7047138810157776, -0.6992299556732178, 0.7960184812545776, 0.3524397015571594, 0.49207803606987, 0.5932106375694275, -0.6157633662223816, -0.5185908675193787], "cam_t_m2c": [13.053800582885742, 65.78621673583984, 844.1493530273438], "obj_id": 2}, {"cam_R_m2c": [-0.8541228771209717, 0.31347325444221497, 0.4149801731109619, 0.4855346083641052, 0.19470801949501038, 0.8522586822509766, 0.18636035919189453, 0.9294209480285645, -0.31850665807724], "cam_t_m2c": [-251.80319213867188, -25.464916229248047, 764.7816162109375], "obj_id": 1}, {"cam_R_m2c": [0.06683927774429321, 0.9590415358543396, -0.27526694536209106, -0.9786365032196045, 0.009253312833607197, -0.20538990199565887, -0.19443030655384064, 0.28311437368392944, 0.9391714930534363], "cam_t_m2c": [202.2906494140625, 146.96279907226562, 737.421142578125], "obj_id": 2}, {"cam_R_m2c": [-0.4412052035331726, 0.02809842862188816, 0.8969662189483643, 0.8051723837852478, -0.4289690852165222, 0.40949103236198425, 0.3962768614292145, 0.9028820395469666, 0.16663935780525208], "cam_t_m2c": [239.26864624023438, -33.21503829956055, 881.115478515625], "obj_id": 3}],
  "5": [{"cam_R_m2c": [0.45406773686408997, 0.8907293677330017, -0.020582010969519615, 0.5960643291473389, -0.28652411699295044, 0.750074028968811, 0.6622157692909241, -0.35285258293151855, -0.6610333323478699], "cam_t_m2c": [-107.15129852294922, 311.2347106933594, 524.66455078125], "obj_id": 0}, {"cam_R_m2c": [-0.5542635917663574, -0.8187238574028015, 0.14994283020496368, 0.6160420179367065, -0.28237542510032654, 0.7353612184524536, -0.5597176551818848, 0.4999551475048065, 0.6608788967132568], "cam_t_m2c": [-77.45767974853516, 386.747314453125, 551.4674072265625], "obj_id": 1}, {"cam_R_m2c": [-0.3714512586593628, -0.9215039610862732, 0.1133776605129242, -0.603287398815155, 0.3323765695095062, 0.7249621748924255, -0.7057395577430725, 0.2008887678384781, -0.679393470287323], "cam_t_m2c": [-220.46365356445312, -30.638084411621094, 867.63427734375], "obj_id": 2}, {"cam_R_m2c": [0.22136537730693817, 0.9719386100769043, -0.07957800477743149, 0.6481841206550598, -0.08567709475755692, 0.7566483616828918, 0.7285977602005005, -0.21907691657543182, -0.648961067199707], "cam_t_m2c": [95.89745330810547, 109.82107543945312, 731.113037109375], "obj_id": 2}, {"cam_R_m2c": [-0.12431728094816208, 0.4812347888946533, 0.8677317500114441, 0.19757822155952454, -0.8449974060058594, 0.4969329833984375, 0.9723724126815796, 0.23322221636772156, 0.009966193698346615], "cam_t_m2c": [-24.69242286682129, 42.688682556152344, 827.4751586914062], "obj_id": 2}, {"cam_R_m2c": [0.3301315903663635, -0.7538712620735168, 0.5680592060089111, 0.9063833951950073, 0.08511681854724884, -0.41379255056381226, 0.26359492540359497, 0.6514853835105896, 0.7113961577415466], "cam_t_m2c": [69.82213592529297, 246.50926208496094, 642.2742309570312], "obj_id": 1}, {"cam_R_m2c": [-0.3464469611644745, -0.4985538721084595, -0.7946184277534485, -0.2370602786540985, -0.7730532884597778, 0.5883799195289612, -0.9076215624809265, 0.39221492409706116, 0.1496346890926361], "cam_t_m2c": [49.7585563659668, -163.35263061523438, 903.6011352539062], "obj_id": 2}, {"cam_R_m2c": [0.20037604868412018, -0.9618385434150696, -0.18632245063781738, 0.6398019194602966, 0.27249300479888916, -0.7186104655265808, 0.7419587969779968, 0.024782847613096237, 0.6699872612953186], "cam_t_m2c": [-168.1929473876953, -161.50247192382812, 820.0953369140625], "obj_id": 3}],
  "6": [{"cam_R_m2c": [0.45406773686408997, 0.8907293677330017, -0.020582010969519615, 0.5960643291473389, -0.28652411699295044, 0.750074028968811, 0.6622157692909241, -0.35285258293151855, -0.6610333323478699], "cam_t_m2c": [-107.15129852294922, 311.2347106933594, 524.66455078125], "obj_id": 0}, {"cam_R_m2c": [-0.5542635917663574, -0.8187238574028015, 0.14994283020496368, 0.6160420179367065, -0.28237542510032654, 0.7353612184524536, -0.5597176551818848, 0.4999551475048065, 0.6608788967132568], "cam_t_m2c": [-77.45767974853516, 386.747314453125, 551.4674072265625], "obj_id": 1}, {"cam_R_m2c": [-0.3714512586593628, -0.9215039610862732, 0.1133776605129242, -0.603287398815155, 0.3323765695095062, 0.7249621748924255, -0.7057395577430725, 0.2008887678384781, -0.679393470287323], "cam_t_m2c": [-220.46365356445312, -30.638084411621094, 867.63427734375], "obj_id": 2}, {"cam_R_m2c": [0.22136537730693817, 0.9719386100769043, -0.07957800477743149, 0.6481841206550598, -0.08567709475755692, 0.7566483616828918, 0.7285977602005005, -0.21907691657543182, -0.648961067199707], "cam_t_m2c": [95.89745330810547, 109.82107543945312, 731.113037109375], "obj_id": 2}, {"cam_R_m2c": [-0.12431728094816208, 0.4812347888946533, 0.8677317500114441, 0.19757822155952454, -0.8449974060058594, 0.4969329833984375, 0.9723724126815796, 0.23322221636772156, 0.009966193698346615], "cam_t_m2c": [-24.69242286682129, 42.688682556152344, 827.4751586914062], "obj_id": 2}, {"cam_R_m2c": [0.3301315903663635, -0.7538712620735168, 0.5680592060089111, 0.9063833951950073, 0.08511681854724884, -0.41379255056381226, 0.26359492540359497, 0.6514853835105896, 0.7113961577415466], "cam_t_m2c": [69.82213592529297, 246.50926208496094, 642.2742309570312], "obj_id": 1}, {"cam_R_m2c": [-0.3464469611644745, -0.4985538721084595, -0.7946184277534485, -0.2370602786540985, -0.7730532884597778, 0.5883799195289612, -0.9076215624809265, 0.39221492409706116, 0.1496346890926361], "cam_t_m2c": [49.7585563659668, -163.35263061523438, 903.6011352539062], "obj_id": 2}, {"cam_R_m2c": [0.20037604868412018, -0.9618385434150696, -0.18632245063781738, 0.6398019194602966, 0.27249300479888916, -0.7186104655265808, 0.7419587969779968, 0.024782847613096237, 0.6699872612953186], "cam_t_m2c": [-168.1929473876953, -161.50247192382812, 820.0953369140625], "obj_id": 3}],
  "7": [{"cam_R_m2c": [0.45406773686408997, 0.8907293677330017, -0.020582010969519615, 0.5960643291473389, -0.28652411699295044, 0.750074028968811, 0.6622157692909241, -0.35285258293151855, -0.6610333323478699], "cam_t_m2c": [-107.15129852294922, 311.2347106933594, 524.66455078125], "obj_id": 0}, {"cam_R_m2c": [-0.5542635917663574, -0.8187238574028015, 0.14994283020496368, 0.6160420179367065, -0.28237542510032654, 0.7353612184524536, -0.5597176551818848, 0.4999551475048065, 0.6608788967132568], "cam_t_m2c": [-77.45767974853516, 386.747314453125, 551.4674072265625], "obj_id": 1}, {"cam_R_m2c": [-0.3714512586593628, -0.9215039610862732, 0.1133776605129242, -0.603287398815155, 0.3323765695095062, 0.7249621748924255, -0.7057395577430725, 0.2008887678384781, -0.679393470287323], "cam_t_m2c": [-220.46365356445312, -30.638084411621094, 867.63427734375], "obj_id": 2}, {"cam_R_m2c": [0.22136537730693817, 0.9719386100769043, -0.07957800477743149, 0.6481841206550598, -0.08567709475755692, 0.7566483616828918, 0.7285977602005005, -0.21907691657543182, -0.648961067199707], "cam_t_m2c": [95.89745330810547, 109.82107543945312, 731.113037109375], "obj_id": 2}, {"cam_R_m2c": [-0.12431728094816208, 0.4812347888946533, 0.8677317500114441, 0.19757822155952454, -0.8449974060058594, 0.4969329833984375, 0.9723724126815796, 0.23322221636772156, 0.009966193698346615], "cam_t_m2c": [-24.69242286682129, 42.688682556152344, 827.4751586914062], "obj_id": 2}, {"cam_R_m2c": [0.3301315903663635, -0.7538712620735168, 0.5680592060089111, 0.9063833951950073, 0.08511681854724884, -0.41379255056381226, 0.26359492540359497, 0.6514853835105896, 0.7113961577415466], "cam_t_m2c": [69.82213592529297, 246.50926208496094, 642.2742309570312], "obj_id": 1}, {"cam_R_m2c": [-0.3464469611644745, -0.4985538721084595, -0.7946184277534485, -0.2370602786540985, -0.7730532884597778, 0.5883799195289612, -0.9076215624809265, 0.39221492409706116, 0.1496346890926361], "cam_t_m2c": [49.7585563659668, -163.35263061523438, 903.6011352539062], "obj_id": 2}, {"cam_R_m2c": [0.20037604868412018, -0.9618385434150696, -0.18632245063781738, 0.6398019194602966, 0.27249300479888916, -0.7186104655265808, 0.7419587969779968, 0.024782847613096237, 0.6699872612953186], "cam_t_m2c": [-168.1929473876953, -161.50247192382812, 820.0953369140625], "obj_id": 3}],
  "8": [{"cam_R_m2c": [0.45406773686408997, 0.8907293677330017, -0.020582010969519615, 0.5960643291473389, -0.28652411699295044, 0.750074028968811, 0.6622157692909241, -0.35285258293151855, -0.6610333323478699], "cam_t_m2c": [-107.15129852294922, 311.2347106933594, 524.66455078125], "obj_id": 0}, {"cam_R_m2c": [-0.5542635917663574, -0.8187238574028015, 0.14994283020496368, 0.6160420179367065, -0.28237542510032654, 0.7353612184524536, -0.5597176551818848, 0.4999551475048065, 0.6608788967132568], "cam_t_m2c": [-77.45767974853516, 386.747314453125, 551.4674072265625], "obj_id": 1}, {"cam_R_m2c": [-0.3714512586593628, -0.9215039610862732, 0.1133776605129242, -0.603287398815155, 0.3323765695095062, 0.7249621748924255, -0.7057395577430725, 0.2008887678384781, -0.679393470287323], "cam_t_m2c": [-220.46365356445312, -30.638084411621094, 867.63427734375], "obj_id": 2}, {"cam_R_m2c": [0.22136537730693817, 0.9719386100769043, -0.07957800477743149, 0.6481841206550598, -0.08567709475755692, 0.7566483616828918, 0.7285977602005005, -0.21907691657543182, -0.648961067199707], "cam_t_m2c": [95.89745330810547, 109.82107543945312, 731.113037109375], "obj_id": 2}, {"cam_R_m2c": [-0.12431728094816208, 0.4812347888946533, 0.8677317500114441, 0.19757822155952454, -0.8449974060058594, 0.4969329833984375, 0.9723724126815796, 0.23322221636772156, 0.009966193698346615], "cam_t_m2c": [-24.69242286682129, 42.688682556152344, 827.4751586914062], "obj_id": 2}, {"cam_R_m2c": [0.3301315903663635, -0.7538712620735168, 0.5680592060089111, 0.9063833951950073, 0.08511681854724884, -0.41379255056381226, 0.26359492540359497, 0.6514853835105896, 0.7113961577415466], "cam_t_m2c": [69.82213592529297, 246.50926208496094, 642.2742309570312], "obj_id": 1}, {"cam_R_m2c": [-0.3464469611644745, -0.4985538721084595, -0.7946184277534485, -0.2370602786540985, -0.7730532884597778, 0.5883799195289612, -0.9076215624809265, 0.39221492409706116, 0.1496346890926361], "cam_t_m2c": [49.7585563659668, -163.35263061523438, 903.6011352539062], "obj_id": 2}, {"cam_R_m2c": [0.20037604868412018, -0.9618385434150696, -0.18632245063781738, 0.6398019194602966, 0.27249300479888916, -0.7186104655265808, 0.7419587969779968, 0.024782847613096237, 0.6699872612953186], "cam_t_m2c": [-168.1929473876953, -161.50247192382812, 820.0953369140625], "obj_id": 3}],
  "9": [{"cam_R_m2c": [0.45406773686408997, 0.8907293677330017, -0.020582010969519615, 0.5960643291473389, -0.28652411699295044, 0.750074028968811, 0.6622157692909241, -0.35285258293151855, -0.6610333323478699], "cam_t_m2c": [-107.15129852294922, 311.2347106933594, 524.66455078125], "obj_id": 0}, {"cam_R_m2c": [-0.5542635917663574, -0.8187238574028015, 0.14994283020496368, 0.6160420179367065, -0.28237542510032654, 0.7353612184524536, -0.5597176551818848, 0.4999551475048065, 0.6608788967132568], "cam_t_m2c": [-77.45767974853516, 386.747314453125, 551.4674072265625], "obj_id": 1}, {"cam_R_m2c": [-0.3714512586593628, -0.9215039610862732, 0.1133776605129242, -0.603287398815155, 0.3323765695095062, 0.7249621748924255, -0.7057395577430725, 0.2008887678384781, -0.679393470287323], "cam_t_m2c": [-220.46365356445312, -30.638084411621094, 867.63427734375], "obj_id": 2}, {"cam_R_m2c": [0.22136537730693817, 0.9719386100769043, -0.07957800477743149, 0.6481841206550598, -0.08567709475755692, 0.7566483616828918, 0.7285977602005005, -0.21907691657543182, -0.648961067199707], "cam_t_m2c": [95.89745330810547, 109.82107543945312, 731.113037109375], "obj_id": 2}, {"cam_R_m2c": [-0.12431728094816208, 0.4812347888946533, 0.8677317500114441, 0.19757822155952454, -0.8449974060058594, 0.4969329833984375, 0.9723724126815796, 0.23322221636772156, 0.009966193698346615], "cam_t_m2c": [-24.69242286682129, 42.688682556152344, 827.4751586914062], "obj_id": 2}, {"cam_R_m2c": [0.3301315903663635, -0.7538712620735168, 0.5680592060089111, 0.9063833951950073, 0.08511681854724884, -0.41379255056381226, 0.26359492540359497, 0.6514853835105896, 0.7113961577415466], "cam_t_m2c": [69.82213592529297, 246.50926208496094, 642.2742309570312], "obj_id": 1}, {"cam_R_m2c": [-0.3464469611644745, -0.4985538721084595, -0.7946184277534485, -0.2370602786540985, -0.7730532884597778, 0.5883799195289612, -0.9076215624809265, 0.39221492409706116, 0.1496346890926361], "cam_t_m2c": [49.7585563659668, -163.35263061523438, 903.6011352539062], "obj_id": 2}, {"cam_R_m2c": [0.20037604868412018, -0.9618385434150696, -0.18632245063781738, 0.6398019194602966, 0.27249300479888916, -0.7186104655265808, 0.7419587969779968, 0.024782847613096237, 0.6699872612953186], "cam_t_m2c": [-168.1929473876953, -161.50247192382812, 820.0953369140625], "obj_id": 3}]
}