{
  "0": [{"cam_R_m2c": [0.959322452545166, -0.162500262260437, 0.23085510730743408, 0.1378817856311798, -0.44387564063072205, -0.8854168653488159, 0.2463514357805252, 0.8812310099601746, -0.4034140408039093], "cam_t_m2c": [-26.7889461517334, -26.599849700927734, 807.239501953125], "obj_id": 2}, {"cam_R_m2c": [0.959322452545166, -0.162500262260437, 0.23085510730743408, 0.1378817856311798, -0.44387564063072205, -0.8854168653488159, 0.2463514357805252, 0.8812310099601746, -0.4034140408039093], "cam_t_m2c": [-26.7889461517334, -26.599849700927734, 807.239501953125], "obj_id": 0}, {"cam_R_m2c": [0.959322452545166, -0.162500262260437, 0.23085510730743408, 0.1378817856311798, -0.44387564063072205, -0.8854168653488159, 0.2463514357805252, 0.8812310099601746, -0.4034140408039093], "cam_t_m2c": [-26.7889461517334, -26.599849700927734, 807.239501953125], "obj_id": 2}, {"cam_R_m2c": [0.959322452545166, -0.162500262260437, 0.23085510730743408, 0.1378817856311798, -0.44387564063072205, -0.8854168653488159, 0.2463514357805252, 0.8812310099601746, -0.4034140408039093], "cam_t_m2c": [-26.7889461517334, -26.599849700927734, 807.239501953125], "obj_id": 0}, {"cam_R_m2c": [0.959322452545166, -0.162500262260437, 0.23085510730743408, 0.1378817856311798, -0.44387564063072205, -0.8854168653488159, 0.2463514357805252, 0.8812310099601746, -0.4034140408039093], "cam_t_m2c": [-26.7889461517334, -26.599849700927734, 807.239501953125], "obj_id": 3}, {"cam_R_m2c": [0.959322452545166, -0.162500262260437, 0.23085510730743408, 0.1378817856311798, -0.44387564063072205, -0.8854168653488159, 0.2463514357805252, 0.8812310099601746, -0.4034140408039093], "cam_t_m2c": [-26.7889461517334, -26.599849700927734, 807.239501953125], "obj_id": 0}, {"cam_R_m2c": [0.959322452545166, -0.162500262260437, 0.23085510730743408, 0.1378817856311798, -0.44387564063072205, -0.8854168653488159, 0.2463514357805252, 0.8812310099601746, -0.4034140408039093], "cam_t_m2c": [-26.7889461517334, -26.599849700927734, 807.239501953125], "obj_id": 1}, {"cam_R_m2c": [0.959322452545166, -0.162500262260437, 0.23085510730743408, 0.1378817856311798, -0.44387564063072205, -0.8854168653488159, 0.2463514357805252, 0.8812310099601746, -0.4034140408039093], "cam_t_m2c": [-26.7889461517334, -26.599849700927734, 807.239501953125], "obj_id": 1}, {"cam_R_m2c": [0.959322452545166, -0.162500262260437, 0.23085510730743408, 0.1378817856311798, -0.44387564063072205, -0.8854168653488159, 0.2463514357805252, 0.8812310099601746, -0.4034140408039093], "cam_t_m2c": [-26.7889461517334, -26.599849700927734, 807.239501953125], "obj_id": 1}, {"cam_R_m2c": [0.959322452545166, -0.162500262260437, 0.23085510730743408, 0.1378817856311798, -0.44387564063072205, -0.8854168653488159, 0.2463514357805252, 0.8812310099601746, -0.4034140408039093], "cam_t_m2c": [-26.7889461517334, -26.599849700927734, 807.239501953125], "obj_id": 2}, {"cam_R_m2c": [0.959322452545166, -0.162500262260437, 0.23085510730743408, 0.1378817856311798, -0.44387564063072205, -0.8854168653488159, 0.2463514357805252, 0.8812310099601746, -0.4034140408039093], "cam_t_m2c": [-26.7889461517334, -26.599849700927734, 807.239501953125], "obj_id": 0}, {"cam_R_m2c": [0.959322452545166, -0.162500262260437, 0.23085510730743408, 0.1378817856311798, -0.44387564063072205, -0.8854168653488159, 0.2463514357805252, 0.8812310099601746, -0.4034140408039093], "cam_t_m2c": [-26.7889461517334, -26.599849700927734, 807.239501953125], "obj_id": 0}, {"cam_R_m2c": [0.959322452545166, -0.162500262260437, 0.23085510730743408, 0.1378817856311798, -0.44387564063072205, -0.8854168653488159, 0.2463514357805252, 0.8812310099601746, -0.4034140408039093], "cam_t_m2c": [-26.7889461517334, -26.599849700927734, 807.239501953125], "obj_id": 2}, {"cam_R_m2c": [0.959322452545166, -0.162500262260437, 0.23085510730743408, 0.1378817856311798, -0.44387564063072205, -0.8854168653488159, 0.2463514357805252, 0.8812310099601746, -0.4034140408039093], "cam_t_m2c": [-26.7889461517334, -26.599849700927734, 807.239501953125], "obj_id": 1}, {"cam_R_m2c": [0.959322452545166, -0.162500262260437, 0.23085510730743408, 0.1378817856311798, -0.44387564063072205, -0.8854168653488159, 0.2463514357805252, 0.8812310099601746, -0.4034140408039093], "cam_t_m2c": [-26.7889461517334, -26.599849700927734, 807.239501953125], "obj_id": 0}, {"cam_R_m2c": [0.959322452545166, -0.162500262260437, 0.23085510730743408, 0.1378817856311798, -0.44387564063072205, -0.8854168653488159, 0.2463514357805252, 0.8812310099601746, -0.4034140408039093], "cam_t_m2c": [-26.7889461517334, -26.599849700927734, 807.239501953125], "obj_id": 2}, {"cam_R_m2c": [0.959322452545166, -0.162500262260437, 0.23085510730743408, 0.1378817856311798, -0.44387564063072205, -0.8854168653488159, 0.2463514357805252, 0.8812310099601746, -0.4034140408039093], "cam_t_m2c": [-26.7889461517334, -26.599849700927734, 807.239501953125], "obj_id": 2}, {"cam_R_m2c": [0.959322452545166, -0.162500262260437, 0.23085510730743408, 0.1378817856311798, -0.44387564063072205, -0.8854168653488159, 0.2463514357805252, 0.8812310099601746, -0.4034140408039093], "cam_t_m2c": [-26.7889461517334, -26.599849700927734, 807.239501953125], "obj_id": 3}, {"cam_R_m2c": [0.959322452545166, -0.162500262260437, 0.23085510730743408, 0.1378817856311798, -0.44387564063072205, -0.8854168653488159, 0.2463514357805252, 0.8812310099601746, -0.4034140408039093], "cam_t_m2c": [-26.7889461517334, -26.599849700927734, 807.239501953125], "obj_id": 2}, {"cam_R_m2c": [0.959322452545166, -0.162500262260437, 0.23085510730743408, 0.1378817856311798, -0.44387564063072205, -0.8854168653488159, 0.2463514357805252, 0.8812310099601746, -0.4034140408039093], "cam_t_m2c": [-26.7889461517334, -26.599849700927734, 807.239501953125], "obj_id": 1}, {"cam_R_m2c": [0.959322452545166, -0.162500262260437, 0.23085510730743408, 0.1378817856311798, -0.44387564063072205, -0.8854168653488159, 0.2463514357805252, 0.8812310099601746, -0.4034140408039093], "cam_t_m2c": [-26.7889461517334, -26.599849700927734, 807.239501953125], "obj_id": 2}, {"cam_R_m2c": [0.959322452545166, -0.162500262260437, 0.23085510730743408, 0.1378817856311798, -0.44387564063072205, -0.8854168653488159, 0.2463514357805252, 0.8812310099601746, -0.4034140408039093], "cam_t_m2c": [-26.7889461517334, -26.599849700927734, 807.239501953125], "obj_id": 3}, {"cam_R_m2c": [0.959322452545166, -0.162500262260437, 0.23085510730743408, 0.1378817856311798, -0.44387564063072205, -0.8854168653488159, 0.2463514357805252, 0.8812310099601746, -0.4034140408039093], "cam_t_m2c": [-26.7889461517334, -26.599849700927734, 807.239501953125], "obj_id": 2}, {"cam_R_m2c": [0.959322452545166, -0.162500262260437, 0.23085510730743408, 0.1378817856311798, -0.44387564063072205, -0.8854168653488159, 0.2463514357805252, 0.8812310099601746, -0.4034140408039093], "cam_t_m2c": [-26.7889461517334, -26.599849700927734, 807.239501953125], "obj_id": 0}, {"cam_R_m2c": [0.959322452545166, -0.162500262260437, 0.23085510730743408, 0.1378817856311798, -0.44387564063072205, -0.8854168653488159, 0.2463514357805252, 0.8812310099601746, -0.4034140408039093], "cam_t_m2c": [-26.7889461517334, -26.599849700927734, 807.239501953125], "obj_id": 0}, {"cam_R_m2c": [0.959322452545166, -0.162500262260437, 0.23085510730743408, 0.1378817856311798, -0.44387564063072205, -0.8854168653488159, 0.2463514357805252, 0.8812310099601746, -0.4034140408039093], "cam_t_m2c": [-26.7889461517334, -26.599849700927734, 807.239501953125], "obj_id": 0}, {"cam_R_m2c": [0.959322452545166, -0.162500262260437, 0.23085510730743408, 0.1378817856311798, -0.44387564063072205, -0.8854168653488159, 0.2463514357805252, 0.8812310099601746, -0.4034140408039093], "cam_t_m2c": [-26.7889461517334, -26.599849700927734, 807.239501953125], "obj_id": 1}, {"cam_R_m2c": [0.959322452545166, -0.162500262260437, 0.23085510730743408, 0.1378817856311798, -0.44387564063072205, -0.8854168653488159, 0.2463514357805252, 0.8812310099601746, -0.4034140408039093], "cam_t_m2c": [-26.7889461517334, -26.599849700927734, 807.239501953125], "obj_id": 3}, {"cam_R_m2c": [0.959322452545166, -0.162500262260437, 0.23085510730743408, 0.1378817856311798, -0.44387564063072205, -0.8854168653488159, 0.2463514357805252, 0.8812310099601746, -0.4034140408039093], "cam_t_m2c": [-26.7889461517334, -26.599849700927734, 807.239501953125], "obj_id": 0}, {"cam_R_m2c": [0.959322452545166, -0.162500262260437, 0.23085510730743408, 0.1378817856311798, -0.44387564063072205, -0.8854168653488159, 0.2463514357805252, 0.8812310099601746, -0.4034140408039093], "cam_t_m2c": [-26.7889461517334, -26.599849700927734, 807.239501953125], "obj_id": 2}, {"cam_R_m2c": [0.959322452545166, -0.162500262260437, 0.23085510730743408, 0.1378817856311798, -0.44387564063072205, -0.8854168653488159, 0.2463514357805252, 0.8812310099601746, -0.4034140408039093], "cam_t_m2c": [-26.7889461517334, -26.599849700927734, 807.239501953125], "obj_id": 2}, {"cam_R_m2c": [0.959322452545166, -0.162500262260437, 0.23085510730743408, 0.1378817856311798, -0.44387564063072205, -0.8854168653488159, 0.2463514357805252, 0.8812310099601746, -0.4034140408039093], "cam_t_m2c": [-26.7889461517334, -26.599849700927734, 807.239501953125], "obj_id": 0}, {"cam_R_m2c": [0.959322452545166, -0.162500262260437, 0.23085510730743408, 0.1378817856311798, -0.44387564063072205, -0.8854168653488159, 0.2463514357805252, 0.8812310099601746, -0.4034140408039093], "cam_t_m2c": [-26.7889461517334, -26.599849700927734, 807.239501953125], "obj_id": 2}, {"cam_R_m2c": [0.959322452545166, -0.162500262260437, 0.23085510730743408, 0.1378817856311798, -0.44387564063072205, -0.8854168653488159, 0.2463514357805252, 0.8812310099601746, -0.4034140408039093], "cam_t_m2c": [-26.7889461517334, -26.599849700927734, 807.239501953125], "obj_id": 0}, {"cam_R_m2c": [0.959322452545166, -0.162500262260437, 0.23085510730743408, 0.1378817856311798, -0.44387564063072205, -0.8854168653488159, 0.2463514357805252, 0.8812310099601746, -0.4034140408039093], "cam_t_m2c": [-26.7889461517334, -26.599849700927734, 807.239501953125], "obj_id": 3}, {"cam_R_m2c": [0.959322452545166, -0.162500262260437, 0.23085510730743408, 0.1378817856311798, -0.44387564063072205, -0.8854168653488159, 0.2463514357805252, 0.8812310099601746, -0.4034140408039093], "cam_t_m2c": [-26.7889461517334, -26.599849700927734, 807.239501953125], "obj_id": 1}, {"cam_R_m2c": [-0.5245286822319031, -0.49315688014030457, 0.6940215229988098, -0.8496409058570862, 0.25093522667884827, -0.4638338088989258, 0.05458839610219002, -0.832963228225708, -0.5506289601325989], "cam_t_m2c": [-61.549991607666016, -7.719681739807129, 592.7528076171875], "obj_id": 1}, {"cam_R_m2c": [0.40517741441726685, -0.11444167792797089, 0.9070470333099365, 0.7997063994407654, -0.4364435374736786, -0.4122942090034485, 0.4430585503578186, 0.8924236297607422, -0.08531724661588669], "cam_t_m2c": [-301.1191101074219, -42.64189910888672, 632.07177734375], "obj_id": 1}, {"cam_R_m2c": [-0.9727146029472351, -0.18387581408023834, -0.14147856831550598, -0.20018814504146576, 0.35697704553604126, 0.9124100804328918, -0.11726552993059158, 0.9158368706703186, -0.38404664397239685], "cam_t_m2c": [-35.870235443115234, -51.49018096923828, 783.3240966796875], "obj_id": 3}, {"cam_R_m2c": [0.46811458468437195, 0.6437711715698242, -0.6053324341773987, -0.867038905620575, 0.2023465782403946, -0.45530131459236145, -0.17062295973300934, 0.7379799485206604, 0.6528961062431335], "cam_t_m2c": [-169.70803833007812, 32.008567810058594, 664.1824951171875], "obj_id": 0}],
  "1": [{"cam_R_m2c": [0.959322452545166, -0.162500262260437, 0.23085510730743408, 0.1378817856311798, -0.44387564063072205, -0.8854168653488159, 0.2463514357805252, 0.8812310099601746, -0.4034140408039093], "cam_t_m2c": [-26.7889461517334, -26.599849700927734, 807.239501953125], "obj_id": 2}, {"cam_R_m2c": [0.959322452545166, -0.162500262260437, 0.23085510730743408, 0.1378817856311798, -0.44387564063072205, -0.8854168653488159, 0.2463514357805252, 0.8812310099601746, -0.4034140408039093], "cam_t_m2c": [-26.7889461517334, -26.599849700927734, 807.239501953125], "obj_id": 0}, {"cam_R_m2c": [0.959322452545166, -0.162500262260437, 0.23085510730743408, 0.1378817856311798, -0.44387564063072205, -0.8854168653488159, 0.2463514357805252, 0.8812310099601746, -0.4034140408039093], "cam_t_m2c": [-26.7889461517334, -26.599849700927734, 807.239501953125], "obj_id": 2}, {"cam_R_m2c": [0.959322452545166, -0.162500262260437, 0.23085510730743408, 0.1378817856311798, -0.44387564063072205, -0.8854168653488159, 0.2463514357805252, 0.8812310099601746, -0.4034140408039093], "cam_t_m2c": [-26.7889461517334, -26.599849700927734, 807.239501953125], "obj_id": 0}, {"cam_R_m2c": [0.959322452545166, -0.162500262260437, 0.23085510730743408, 0.1378817856311798, -0.44387564063072205, -0.8854168653488159, 0.2463514357805252, 0.8812310099601746, -0.4034140408039093], "cam_t_m2c": [-26.7889461517334, -26.599849700927734, 807.239501953125], "obj_id": 3}, {"cam_R_m2c": [0.959322452545166, -0.162500262260437, 0.23085510730743408, 0.1378817856311798, -0.44387564063072205, -0.8854168653488159, 0.2463514357805252, 0.8812310099601746, -0.4034140408039093], "cam_t_m2c": [-26.7889461517334, -26.599849700927734, 807.239501953125], "obj_id": 0}, {"cam_R_m2c": [0.959322452545166, -0.162500262260437, 0.23085510730743408, 0.1378817856311798, -0.44387564063072205, -0.8854168653488159, 0.2463514357805252, 0.8812310099601746, -0.4034140408039093], "cam_t_m2c": [-26.7889461517334, -26.599849700927734, 807.239501953125], "obj_id": 1}, {"cam_R_m2c": [0.959322452545166, -0.162500262260437, 0.23085510730743408, 0.1378817856311798, -0.44387564063072205, -0.8854168653488159, 0.2463514357805252, 0.8812310099601746, -0.4034140408039093], "cam_t_m2c": [-26.7889461517334, -26.599849700927734, 807.239501953125], "obj_id": 1}, {"cam_R_m2c": [0.959322452545166, -0.162500262260437, 0.23085510730743408, 0.1378817856311798, -0.44387564063072205, -0.8854168653488159, 0.2463514357805252, 0.8812310099601746, -0.4034140408039093], "cam_t_m2c": [-26.7889461517334, -26.599849700927734, 807.239501953125], "obj_id": 1}, {"cam_R_m2c": [0.959322452545166, -0.162500262260437, 0.23085510730743408, 0.1378817856311798, -0.44387564063072205, -0.8854168653488159, 0.2463514357805252, 0.8812310099601746, -0.4034140408039093], "cam_t_m2c": [-26.7889461517334, -26.599849700927734, 807.239501953125], "obj_id": 2}, {"cam_R_m2c": [0.959322452545166, -0.162500262260437, 0.23085510730743408, 0.1378817856311798, -0.44387564063072205, -0.8854168653488159, 0.2463514357805252, 0.8812310099601746, -0.4034140408039093], "cam_t_m2c": [-26.7889461517334, -26.599849700927734, 807.239501953125], "obj_id": 0}, {"cam_R_m2c": [0.959322452545166, -0.162500262260437, 0.23085510730743408, 0.1378817856311798, -0.44387564063072205, -0.8854168653488159, 0.2463514357805252, 0.8812310099601746, -0.4034140408039093], "cam_t_m2c": [-26.7889461517334, -26.599849700927734, 807.239501953125], "obj_id": 0}, {"cam_R_m2c": [0.959322452545166, -0.162500262260437, 0.23085510730743408, 0.1378817856311798, -0.44387564063072205, -0.8854168653488159, 0.2463514357805252, 0.8812310099601746, -0.4034140408039093], "cam_t_m2c": [-26.7889461517334, -26.599849700927734, 807.239501953125], "obj_id": 2}, {"cam_R_m2c": [0.959322452545166, -0.162500262260437, 0.23085510730743408, 0.1378817856311798, -0.44387564063072205, -0.8854168653488159, 0.2463514357805252, 0.8812310099601746, -0.4034140408039093], "cam_t_m2c": [-26.7889461517334, -26.599849700927734, 807.239501953125], "obj_id": 1}, {"cam_R_m2c": [0.959322452545166, -0.162500262260437, 0.23085510730743408, 0.1378817856311798, -0.44387564063072205, -0.8854168653488159, 0.2463514357805252, 0.8812310099601746, -0.4034140408039093], "cam_t_m2c": [-26.7889461517334, -26.599849700927734, 807.239501953125], "obj_id": 0}, {"cam_R_m2c": [0.959322452545166, -0.162500262260437, 0.23085510730743408, 0.1378817856311798, -0.44387564063072205, -0.8854168653488159, 0.2463514357805252, 0.8812310099601746, -0.4034140408039093], "cam_t_m2c": [-26.7889461517334, -26.599849700927734, 807.239501953125], "obj_id": 2}, {"cam_R_m2c": [0.959322452545166, -0.162500262260437, 0.23085510730743408, 0.1378817856311798, -0.44387564063072205, -0.8854168653488159, 0.2463514357805252, 0.8812310099601746, -0.4034140408039093], "cam_t_m2c": [-26.7889461517334, -26.599849700927734, 807.239501953125], "obj_id": 2}, {"cam_R_m2c": [0.959322452545166, -0.162500262260437, 0.23085510730743408, 0.1378817856311798, -0.44387564063072205, -0.8854168653488159, 0.2463514357805252, 0.8812310099601746, -0.4034140408039093], "cam_t_m2c": [-26.7889461517334, -26.599849700927734, 807.239501953125], "obj_id": 3}, {"cam_R_m2c": [0.959322452545166, -0.162500262260437, 0.23085510730743408, 0.1378817856311798, -0.44387564063072205, -0.8854168653488159, 0.2463514357805252, 0.8812310099601746, -0.4034140408039093], "cam_t_m2c": [-26.7889461517334, -26.599849700927734, 807.239501953125], "obj_id": 2}, {"cam_R_m2c": [0.959322452545166, -0.162500262260437, 0.23085510730743408, 0.1378817856311798, -0.44387564063072205, -0.8854168653488159, 0.2463514357805252, 0.8812310099601746, -0.4034140408039093], "cam_t_m2c": [-26.7889461517334, -26.599849700927734, 807.239501953125], "obj_id": 1}, {"cam_R_m2c": [0.959322452545166, -0.162500262260437, 0.23085510730743408, 0.1378817856311798, -0.44387564063072205, -0.8854168653488159, 0.2463514357805252, 0.8812310099601746, -0.4034140408039093], "cam_t_m2c": [-26.7889461517334, -26.599849700927734, 807.239501953125], "obj_id": 2}, {"cam_R_m2c": [0.959322452545166, -0.162500262260437, 0.23085510730743408, 0.1378817856311798, -0.44387564063072205, -0.8854168653488159, 0.2463514357805252, 0.8812310099601746, -0.4034140408039093], "cam_t_m2c": [-26.7889461517334, -26.599849700927734, 807.239501953125], "obj_id": 3}, {"cam_R_m2c": [0.959322452545166, -0.162500262260437, 0.23085510730743408, 0.1378817856311798, -0.44387564063072205, -0.8854168653488159, 0.2463514357805252, 0.8812310099601746, -0.4034140408039093], "cam_t_m2c": [-26.7889461517334, -26.599849700927734, 807.239501953125], "obj_id": 2}, {"cam_R_m2c": [0.959322452545166, -0.162500262260437, 0.23085510730743408, 0.1378817856311798, -0.44387564063072205, -0.8854168653488159, 0.2463514357805252, 0.8812310099601746, -0.4034140408039093], "cam_t_m2c": [-26.7889461517334, -26.599849700927734, 807.239501953125], "obj_id": 0}, {"cam_R_m2c": [0.959322452545166, -0.162500262260437, 0.23085510730743408, 0.1378817856311798, -0.44387564063072205, -0.8854168653488159, 0.2463514357805252, 0.8812310099601746, -0.4034140408039093], "cam_t_m2c": [-26.7889461517334, -26.599849700927734, 807.239501953125], "obj_id": 0}, {"cam_R_m2c": [0.959322452545166, -0.162500262260437, 0.23085510730743408, 0.1378817856311798, -0.44387564063072205, -0.8854168653488159, 0.2463514357805252, 0.8812310099601746, -0.4034140408039093], "cam_t_m2c": [-26.7889461517334, -26.599849700927734, 807.239501953125], "obj_id": 0}, {"cam_R_m2c": [0.959322452545166, -0.162500262260437, 0.23085510730743408, 0.1378817856311798, -0.44387564063072205, -0.8854168653488159, 0.2463514357805252, 0.8812310099601746, -0.4034140408039093], "cam_t_m2c": [-26.7889461517334, -26.599849700927734, 807.239501953125], "obj_id": 1}, {"cam_R_m2c": [0.959322452545166, -0.162500262260437, 0.23085510730743408, 0.1378817856311798, -0.44387564063072205, -0.8854168653488159, 0.2463514357805252, 0.8812310099601746, -0.4034140408039093], "cam_t_m2c": [-26.7889461517334, -26.599849700927734, 807.239501953125], "obj_id": 3}, {"cam_R_m2c": [0.959322452545166, -0.162500262260437, 0.23085510730743408, 0.1378817856311798, -0.44387564063072205, -0.8854168653488159, 0.2463514357805252, 0.8812310099601746, -0.4034140408039093], "cam_t_m2c": [-26.7889461517334, -26.599849700927734, 807.239501953125], "obj_id": 0}, {"cam_R_m2c": [0.959322452545166, -0.162500262260437, 0.23085510730743408, 0.1378817856311798, -0.44387564063072205, -0.8854168653488159, 0.2463514357805252, 0.8812310099601746, -0.4034140408039093], "cam_t_m2c": [-26.7889461517334, -26.599849700927734, 807.239501953125], "obj_id": 2}, {"cam_R_m2c": [0.959322452545166, -0.162500262260437, 0.23085510730743408, 0.1378817856311798, -0.44387564063072205, -0.8854168653488159, 0.2463514357805252, 0.8812310099601746, -0.4034140408039093], "cam_t_m2c": [-26.7889461517334, -26.599849700927734, 807.239501953125], "obj_id": 2}, {"cam_R_m2c": [0.959322452545166, -0.162500262260437, 0.23085510730743408, 0.1378817856311798, -0.44387564063072205, -0.8854168653488159, 0.2463514357805252, 0.8812310099601746, -0.4034140408039093], "cam_t_m2c": [-26.7889461517334, -26.599849700927734, 807.239501953125], "obj_id": 0}, {"cam_R_m2c": [0.959322452545166, -0.162500262260437, 0.23085510730743408, 0.1378817856311798, -0.44387564063072205, -0.8854168653488159, 0.2463514357805252, 0.8812310099601746, -0.4034140408039093], "cam_t_m2c": [-26.7889461517334, -26.599849700927734, 807.239501953125], "obj_id": 2}, {"cam_R_m2c": [0.959322452545166, -0.162500262260437, 0.23085510730743408, 0.1378817856311798, -0.44387564063072205, -0.8854168653488159, 0.2463514357805252, 0.8812310099601746, -0.4034140408039093], "cam_t_m2c": [-26.7889461517334, -26.599849700927734, 807.239501953125], "obj_id": 0}, {"cam_R_m2c": [0.959322452545166, -0.162500262260437, 0.23085510730743408, 0.1378817856311798, -0.44387564063072205, -0.8854168653488159, 0.2463514357805252, 0.8812310099601746, -0.4034140408039093], "cam_t_m2c": [-26.7889461517334, -26.599849700927734, 807.239501953125], "obj_id": 3}, {"cam_R_m2c": [0.959322452545166, -0.162500262260437, 0.23085510730743408, 0.1378817856311798, -0.44387564063072205, -0.8854168653488159, 0.2463514357805252, 0.8812310099601746, -0.4034140408039093], "cam_t_m2c": [-26.7889461517334, -26.599849700927734, 807.239501953125], "obj_id": 1}, {"cam_R_m2c": [-0.5245286822319031, -0.49315688014030457, 0.6940215229988098, -0.8496409058570862, 0.25093522667884827, -0.4638338088989258, 0.05458839610219002, -0.832963228225708, -0.5506289601325989], "cam_t_m2c": [-61.549991607666016, -7.719681739807129, 592.7528076171875], "obj_id": 1}, {"cam_R_m2c": [0.40517741441726685, -0.11444167792797089, 0.9070470333099365, 0.7997063994407654, -0.4364435374736786, -0.4122942090034485, 0.4430585503578186, 0.8924236297607422, -0.08531724661588669], "cam_t_m2c": [-301.1191101074219, -42.64189910888672, 632.07177734375], "obj_id": 1}, {"cam_R_m2c": [-0.9727146029472351, -0.18387581408023834, -0.14147856831550598, -0.20018814504146576, 0.35697704553604126, 0.9124100804328918, -0.11726552993059158, 0.9158368706703186, -0.38404664397239685], "cam_t_m2c": [-35.870235443115234, -51.49018096923828, 783.3240966796875], "obj_id": 3}, {"cam_R_m2c": [0.46811458468437195, 0.6437711715698242, -0.6053324341773987, -0.867038905620575, 0.2023465782403946, -0.45530131459236145, -0.17062295973300934, 0.7379799485206604, 0.6528961062431335], "cam_t_m2c": [-169.70803833007812, 32.008567810058594, 664.1824951171875], "obj_id": 0}],
  "2": [{"cam_R_m2c": [-0.9211820363998413, -0.373518705368042, 0.1091209277510643, -0.29974693059921265, 0.5022919178009033, -0.8110823631286621, 0.24814386665821075, -0.779863178730011, -0.5746634006500244], "cam_t_m2c": [155.73719787597656, 148.2953643798828, 555.4534301757812], "obj_id": 2}, {"cam_R_m2c": [-0.9211820363998413, -0.373518705368042, 0.1091209277510643, -0.29974693059921265, 0.5022919178009033, -0.8110823631286621, 0.24814386665821075, -0.779863178730011, -0.5746634006500244], "cam_t_m2c": [155.73719787597656, 148.2953643798828, 555.4534301757812], "obj_id": 3}, {"cam_R_m2c": [-0.9211820363998413, -0.373518705368042, 0.1091209277510643, -0.29974693059921265, 0.5022919178009033, -0.8110823631286621, 0.24814386665821075, -0.779863178730011, -0.5746634006500244], "cam_t_m2c": [155.73719787597656, 148.2953643798828, 555.4534301757812], "obj_id": 1}, {"cam_R_m2c": [-0.9211820363998413, -0.373518705368042, 0.1091209277510643, -0.29974693059921265, 0.5022919178009033, -0.8110823631286621, 0.24814386665821075, -0.779863178730011, -0.5746634006500244], "cam_t_m2c": [155.73719787597656, 148.2953643798828, 555.4534301757812], "obj_id": 0}, {"cam_R_m2c": [-0.9211820363998413, -0.373518705368042, 0.1091209277510643, -0.29974693059921265, 0.5022919178009033, -0.8110823631286621, 0.24814386665821075, -0.779863178730011, -0.5746634006500244], "cam_t_m2c": [155.73719787597656, 148.2953643798828, 555.4534301757812], "obj_id": 1}, {"cam_R_m2c": [-0.9211820363998413, -0.373518705368042, 0.1091209277510643, -0.29974693059921265, 0.5022919178009033, -0.8110823631286621, 0.24814386665821075, -0.779863178730011, -0.5746634006500244], "cam_t_m2c": [155.73719787597656, 148.2953643798828, 555.4534301757812], "obj_id": 2}, {"cam_R_m2c": [-0.9211820363998413, -0.373518705368042, 0.1091209277510643, -0.29974693059921265, 0.5022919178009033, -0.8110823631286621, 0.24814386665821075, -0.779863178730011, -0.5746634006500244], "cam_t_m2c": [155.73719787597656, 148.2953643798828, 555.4534301757812], "obj_id": 1}, {"cam_R_m2c": [-0.9211820363998413, -0.373518705368042, 0.1091209277510643, -0.29974693059921265, 0.5022919178009033, -0.8110823631286621, 0.24814386665821075, -0.779863178730011, -0.5746634006500244], "cam_t_m2c": [155.73719787597656, 148.2953643798828, 555.4534301757812], "obj_id": 0}, {"cam_R_m2c": [-0.9211820363998413, -0.373518705368042, 0.1091209277510643, -0.29974693059921265, 0.5022919178009033, -0.8110823631286621, 0.24814386665821075, -0.779863178730011, -0.5746634006500244], "cam_t_m2c": [155.73719787597656, 148.2953643798828, 555.4534301757812], "obj_id": 2}, {"cam_R_m2c": [-0.9211820363998413, -0.373518705368042, 0.1091209277510643, -0.29974693059921265, 0.5022919178009033, -0.8110823631286621, 0.24814386665821075, -0.779863178730011, -0.5746634006500244], "cam_t_m2c": [155.73719787597656, 148.2953643798828, 555.4534301757812], "obj_id": 3}, {"cam_R_m2c": [-0.9211820363998413, -0.373518705368042, 0.1091209277510643, -0.29974693059921265, 0.5022919178009033, -0.8110823631286621, 0.24814386665821075, -0.779863178730011, -0.5746634006500244], "cam_t_m2c": [155.73719787597656, 148.2953643798828, 555.4534301757812], "obj_id": 3}, {"cam_R_m2c": [-0.9211820363998413, -0.373518705368042, 0.1091209277510643, -0.29974693059921265, 0.5022919178009033, -0.8110823631286621, 0.24814386665821075, -0.779863178730011, -0.5746634006500244], "cam_t_m2c": [155.73719787597656, 148.2953643798828, 555.4534301757812], "obj_id": 0}, {"cam_R_m2c": [-0.9211820363998413, -0.373518705368042, 0.1091209277510643, -0.29974693059921265, 0.5022919178009033, -0.8110823631286621, 0.24814386665821075, -0.779863178730011, -0.5746634006500244], "cam_t_m2c": [155.73719787597656, 148.2953643798828, 555.4534301757812], "obj_id": 0}, {"cam_R_m2c": [-0.9211820363998413, -0.373518705368042, 0.1091209277510643, -0.29974693059921265, 0.5022919178009033, -0.8110823631286621, 0.24814386665821075, -0.779863178730011, -0.5746634006500244], "cam_t_m2c": [155.73719787597656, 148.2953643798828, 555.4534301757812], "obj_id": 2}, {"cam_R_m2c": [-0.9211820363998413, -0.373518705368042, 0.1091209277510643, -0.29974693059921265, 0.5022919178009033, -0.8110823631286621, 0.24814386665821075, -0.779863178730011, -0.5746634006500244], "cam_t_m2c": [155.73719787597656, 148.2953643798828, 555.4534301757812], "obj_id": 3}, {"cam_R_m2c": [-0.9211820363998413, -0.373518705368042, 0.1091209277510643, -0.29974693059921265, 0.5022919178009033, -0.8110823631286621, 0.24814386665821075, -0.779863178730011, -0.5746634006500244], "cam_t_m2c": [155.73719787597656, 148.2953643798828, 555.4534301757812], "obj_id": 1}, {"cam_R_m2c": [-0.9211820363998413, -0.373518705368042, 0.1091209277510643, -0.29974693059921265, 0.5022919178009033, -0.8110823631286621, 0.24814386665821075, -0.779863178730011, -0.5746634006500244], "cam_t_m2c": [155.73719787597656, 148.2953643798828, 555.4534301757812], "obj_id": 1}, {"cam_R_m2c": [-0.9211820363998413, -0.373518705368042, 0.1091209277510643, -0.29974693059921265, 0.5022919178009033, -0.8110823631286621, 0.24814386665821075, -0.779863178730011, -0.5746634006500244], "cam_t_m2c": [155.73719787597656, 148.2953643798828, 555.4534301757812], "obj_id": 3}, {"cam_R_m2c": [-0.9211820363998413, -0.373518705368042, 0.1091209277510643, -0.29974693059921265, 0.5022919178009033, -0.8110823631286621, 0.24814386665821075, -0.779863178730011, -0.5746634006500244], "cam_t_m2c": [155.73719787597656, 148.2953643798828, 555.4534301757812], "obj_id": 2}, {"cam_R_m2c": [-0.9211820363998413, -0.373518705368042, 0.1091209277510643, -0.29974693059921265, 0.5022919178009033, -0.8110823631286621, 0.24814386665821075, -0.779863178730011, -0.5746634006500244], "cam_t_m2c": [155.73719787597656, 148.2953643798828, 555.4534301757812], "obj_id": 1}, {"cam_R_m2c": [-0.9211820363998413, -0.373518705368042, 0.1091209277510643, -0.29974693059921265, 0.5022919178009033, -0.8110823631286621, 0.24814386665821075, -0.779863178730011, -0.5746634006500244], "cam_t_m2c": [155.73719787597656, 148.2953643798828, 555.4534301757812], "obj_id": 0}, {"cam_R_m2c": [-0.9211820363998413, -0.373518705368042, 0.1091209277510643, -0.29974693059921265, 0.5022919178009033, -0.8110823631286621, 0.24814386665821075, -0.779863178730011, -0.5746634006500244], "cam_t_m2c": [155.73719787597656, 148.2953643798828, 555.4534301757812], "obj_id": 2}, {"cam_R_m2c": [-0.9211820363998413, -0.373518705368042, 0.1091209277510643, -0.29974693059921265, 0.5022919178009033, -0.8110823631286621, 0.24814386665821075, -0.779863178730011, -0.5746634006500244], "cam_t_m2c": [155.73719787597656, 148.2953643798828, 555.4534301757812], "obj_id": 2}, {"cam_R_m2c": [-0.9211820363998413, -0.373518705368042, 0.1091209277510643, -0.29974693059921265, 0.5022919178009033, -0.8110823631286621, 0.24814386665821075, -0.779863178730011, -0.5746634006500244], "cam_t_m2c": [155.73719787597656, 148.2953643798828, 555.4534301757812], "obj_id": 1}, {"cam_R_m2c": [-0.9211820363998413, -0.373518705368042, 0.1091209277510643, -0.29974693059921265, 0.5022919178009033, -0.8110823631286621, 0.24814386665821075, -0.779863178730011, -0.5746634006500244], "cam_t_m2c": [155.73719787597656, 148.2953643798828, 555.4534301757812], "obj_id": 0}, {"cam_R_m2c": [-0.9211820363998413, -0.373518705368042, 0.1091209277510643, -0.29974693059921265, 0.5022919178009033, -0.8110823631286621, 0.24814386665821075, -0.779863178730011, -0.5746634006500244], "cam_t_m2c": [155.73719787597656, 148.2953643798828, 555.4534301757812], "obj_id": 0}, {"cam_R_m2c": [-0.9211820363998413, -0.373518705368042, 0.1091209277510643, -0.29974693059921265, 0.5022919178009033, -0.8110823631286621, 0.24814386665821075, -0.779863178730011, -0.5746634006500244], "cam_t_m2c": [155.73719787597656, 148.2953643798828, 555.4534301757812], "obj_id": 2}, {"cam_R_m2c": [-0.9211820363998413, -0.373518705368042, 0.1091209277510643, -0.29974693059921265, 0.5022919178009033, -0.8110823631286621, 0.24814386665821075, -0.779863178730011, -0.5746634006500244], "cam_t_m2c": [155.73719787597656, 148.2953643798828, 555.4534301757812], "obj_id": 3}, {"cam_R_m2c": [-0.9211820363998413, -0.373518705368042, 0.1091209277510643, -0.29974693059921265, 0.5022919178009033, -0.8110823631286621, 0.24814386665821075, -0.779863178730011, -0.5746634006500244], "cam_t_m2c": [155.73719787597656, 148.2953643798828, 555.4534301757812], "obj_id": 0}, {"cam_R_m2c": [-0.9211820363998413, -0.373518705368042, 0.1091209277510643, -0.29974693059921265, 0.5022919178009033, -0.8110823631286621, 0.24814386665821075, -0.779863178730011, -0.5746634006500244], "cam_t_m2c": [155.73719787597656, 148.2953643798828, 555.4534301757812], "obj_id": 0}, {"cam_R_m2c": [-0.9211820363998413, -0.373518705368042, 0.1091209277510643, -0.29974693059921265, 0.5022919178009033, -0.8110823631286621, 0.24814386665821075, -0.779863178730011, -0.5746634006500244], "cam_t_m2c": [155.73719787597656, 148.2953643798828, 555.4534301757812], "obj_id": 3}, {"cam_R_m2c": [-0.9211820363998413, -0.373518705368042, 0.1091209277510643, -0.29974693059921265, 0.5022919178009033, -0.8110823631286621, 0.24814386665821075, -0.779863178730011, -0.5746634006500244], "cam_t_m2c": [155.73719787597656, 148.2953643798828, 555.4534301757812], "obj_id": 2}, {"cam_R_m2c": [-0.9211820363998413, -0.373518705368042, 0.1091209277510643, -0.29974693059921265, 0.5022919178009033, -0.8110823631286621, 0.24814386665821075, -0.779863178730011, -0.5746634006500244], "cam_t_m2c": [155.73719787597656, 148.2953643798828, 555.4534301757812], "obj_id": 3}, {"cam_R_m2c": [-0.9211820363998413, -0.373518705368042, 0.1091209277510643, -0.29974693059921265, 0.5022919178009033, -0.8110823631286621, 0.24814386665821075, -0.779863178730011, -0.5746634006500244], "cam_t_m2c": [155.73719787597656, 148.2953643798828, 555.4534301757812], "obj_id": 2}, {"cam_R_m2c": [-0.9211820363998413, -0.373518705368042, 0.1091209277510643, -0.29974693059921265, 0.5022919178009033, -0.8110823631286621, 0.24814386665821075, -0.779863178730011, -0.5746634006500244], "cam_t_m2c": [155.73719787597656, 148.2953643798828, 555.4534301757812], "obj_id": 1}, {"cam_R_m2c": [-0.9211820363998413, -0.373518705368042, 0.1091209277510643, -0.29974693059921265, 0.5022919178009033, -0.8110823631286621, 0.24814386665821075, -0.779863178730011, -0.5746634006500244], "cam_t_m2c": [155.73719787597656, 148.2953643798828, 555.4534301757812], "obj_id": 0}, {"cam_R_m2c": [-0.5184752345085144, 0.025212956592440605, -0.8547205924987793, -0.7065316438674927, -0.5756701827049255, 0.411602258682251, -0.4816596210002899, 0.8172929286956787, 0.31628483533859253], "cam_t_m2c": [-91.01970672607422, 162.79603576660156, 497.9841613769531], "obj_id": 1}, {"cam_R_m2c": [0.9899128675460815, -0.10348989069461823, 0.0967591181397438, 0.03611206263303757, -0.47608712315559387, -0.878656268119812, 0.13699781894683838, 0.8732873201370239, -0.46754753589630127], "cam_t_m2c": [-26.42401695251465, 17.587928771972656, 710.3648071289062], "obj_id": 3}, {"cam_R_m2c": [0.9279838800430298, 0.13157133758068085, 0.3486185669898987, 0.29032444953918457, 0.33116820454597473, -0.8977969288825989, -0.2335757315158844, 0.9343535900115967, 0.26912039518356323], "cam_t_m2c": [356.3157958984375, 103.50059509277344, 634.0396118164062], "obj_id": 3}]
}