{
  "0": [{"cam_R_m2c": [0.5761868357658386, -0.14881542325019836, 0.8036558628082275, -0.47968509793281555, -0.8576965928077698, 0.18509136140346527, 0.6617484092712402, -0.4921489357948303, -0.565578043460846], "cam_t_m2c": [104.27620697021484, -37.627784729003906, 649.253662109375], "obj_id": 1}, {"cam_R_m2c": [0.5721445083618164, -0.4636329710483551, -0.6765317320823669, -0.4824039041996002, 0.4768648147583008, -0.7347696423530579, 0.6632776260375977, 0.7467559576034546, 0.049177221953868866], "cam_t_m2c": [208.4990997314453, 63.006839752197266, 533.3711547851562], "obj_id": 2}, {"cam_R_m2c": [0.9687693119049072, 0.06995678693056107, 0.23789098858833313, 0.2433411031961441, -0.4526044726371765, -0.857866108417511, 0.04765697196125984, 0.888962984085083, -0.45549267530441284], "cam_t_m2c": [51.280723571777344, -83.114990234375, 661.7377319335938], "obj_id": 4}, {"cam_R_m2c": [0.3351837396621704, 0.7747173309326172, -0.5361576080322266, -0.7288532853126526, -0.14738884568214417, -0.6686176061630249, -0.5970132350921631, 0.6148899793624878, 0.5152528285980225], "cam_t_m2c": [-113.33649444580078, 124.60263061523438, 354.2868347167969], "obj_id": 1}, {"cam_R_m2c": [-0.056224122643470764, -0.7976350784301758, -0.6005140542984009, -0.8378794193267822, -0.2893892526626587, 0.4628303050994873, -0.5429520010948181, 0.5291805863380432, -0.6520513296127319], "cam_t_m2c": [3.685239315032959, 105.98432159423828, 495.0917663574219], "obj_id": 4}, {"cam_R_m2c": [0.03433068469166756, 0.9539263844490051, 0.2980702817440033, -0.1554943025112152, 0.2997123897075653, -0.9412725567817688, -0.9872400760650635, -0.014033671468496323, 0.15861943364143372], "cam_t_m2c": [85.072021484375, 237.82554626464844, 264.3034362792969], "obj_id": 2}, {"cam_R_m2c": [-0.07843135297298431, 0.6738991141319275, 0.7346485257148743, -0.4995041489601135, 0.6111792922019958, -0.6139670014381409, -0.8627538084983826, -0.41511425375938416, 0.2886797785758972], "cam_t_m2c": [208.26087951660156, 245.18772888183594, 306.8971862792969], "obj_id": 3}, {"cam_R_m2c": [-0.2396979182958603, 0.3810747563838959, 0.8929315805435181, -0.7170543074607849, -0.6895445585250854, 0.10179008543491364, 0.6545058488845825, -0.615881621837616, 0.43853381276130676], "cam_t_m2c": [14.903509140014648, 277.2802429199219, 292.4197998046875], "obj_id": 1}, {"cam_R_m2c": [-0.07990094274282455, 0.870057225227356, -0.48643213510513306, -0.3855287432670593, -0.47698938846588135, -0.7898408770561218, -0.9192297458648682, 0.124424509704113, 0.37354400753974915], "cam_t_m2c": [-416.21435546875, -89.19329833984375, 568.81591796875], "obj_id": 2}, {"cam_R_m2c": [-0.4360637366771698, -0.871166467666626, -0.22564905881881714, 0.6793841123580933, -0.15424953401088715, -0.7173871994018555, 0.5901573896408081, -0.4661288857460022, 0.659119188785553], "cam_t_m2c": [-133.57125854492188, -101.37862396240234, 572.6976928710938], "obj_id": 3}, {"cam_R_m2c": [0.345869243144989, 0.3594352602958679, 0.8667068481445312, -0.431037575006485, 0.8813434839248657, -0.19349482655525208, -0.8334152698516846, -0.3066593110561371, 0.4597597122192383], "cam_t_m2c": [701.7763671875, 227.27293395996094, 584.2766723632812], "obj_id": 4}],
  "1": [{"cam_R_m2c": [0.8990065455436707, 0.2885330021381378, -0.3294479548931122, 0.15199509263038635, -0.9110867977142334, -0.38316845893859863, -0.41071248054504395, 0.29439646005630493, -0.862928569316864], "cam_t_m2c": [102.27474212646484, 58.091285705566406, 385.5406494140625], "obj_id": 1}, {"cam_R_m2c": [0.9011450409889221, 0.027126213535666466, 0.43266817927360535, 0.15177515149116516, 0.9151351451873779, -0.37348616123199463, -0.4060811400413513, 0.4022334814071655, 0.8205524682998657], "cam_t_m2c": [-24.323463439941406, 24.691553115844727, 254.1029815673828], "obj_id": 2}, {"cam_R_m2c": [0.054194170981645584, 0.9177631139755249, 0.3934130370616913, 0.1095190942287445, 0.3861517906188965, -0.9159106612205505, -0.992506206035614, 0.09272325783967972, -0.07958541065454483], "cam_t_m2c": [132.7569580078125, 43.139923095703125, 447.8363342285156], "obj_id": 4}, {"cam_R_m2c": [0.22797738015651703, 0.6650054454803467, 0.7111919522285461, -0.9502593874931335, 0.3111599087715149, 0.013659604825079441, -0.21221071481704712, -0.678930938243866, 0.7028651237487793], "cam_t_m2c": [-252.04417419433594, -45.87337875366211, 541.517822265625], "obj_id": 1}, {"cam_R_m2c": [0.26087042689323425, 0.3845953941345215, -0.8854563236236572, -0.9451998472213745, 0.2882883846759796, -0.15325462818145752, 0.19632573425769806, 0.8769128322601318, 0.43872547149658203], "cam_t_m2c": [-123.6546859741211, 40.147212982177734, 441.6011047363281], "obj_id": 4}, {"cam_R_m2c": [-0.5088493824005127, -0.030060002580285072, 0.8603305816650391, -0.857968807220459, 0.09948447346687317, -0.5039765238761902, -0.07043999433517456, -0.9945849776268005, -0.07641315460205078], "cam_t_m2c": [-351.59124755859375, -59.40070724487305, 317.4870300292969], "obj_id": 2}, {"cam_R_m2c": [-0.19852423667907715, -0.575725793838501, 0.7931757569313049, -0.9724346995353699, 0.014715297147631645, -0.2327101230621338, 0.1223054751753807, -0.8175103068351746, -0.562777042388916], "cam_t_m2c": [-303.9032897949219, -32.536399841308594, 198.9623565673828], "obj_id": 3}, {"cam_R_m2c": [0.8983805179595947, 0.1964903026819229, 0.39281541109085083, 0.06426776945590973, -0.9435336589813232, 0.3249829411506653, 0.4344905614852905, -0.2667129635810852, -0.8602802753448486], "cam_t_m2c": [-377.5584411621094, -6.767449378967285, 379.3438720703125], "obj_id": 1}, {"cam_R_m2c": [-0.3192419707775116, 0.6153311729431152, 0.7207301259040833, -0.9428816437721252, -0.2826194167137146, -0.17635294795036316, 0.09517689049243927, -0.7358625531196594, 0.6704085469245911], "cam_t_m2c": [-20.45838737487793, 7.7471089363098145, 897.8313598632812], "obj_id": 2}, {"cam_R_m2c": [-0.21698249876499176, -0.3670744299888611, 0.9045301675796509, 0.9220201373100281, -0.3814055025577545, 0.06639695167541504, 0.32062020897865295, 0.8484020829200745, 0.4212084412574768], "cam_t_m2c": [50.474754333496094, -21.010950088500977, 625.448974609375], "obj_id": 3}, {"cam_R_m2c": [-0.14118583500385284, -0.7723650932312012, 0.6192888021469116, -0.9422858357429504, 0.29667410254478455, 0.1551831215620041, -0.3035849332809448, -0.5616374015808105, -0.7696748375892639], "cam_t_m2c": [-9.55510425567627, 126.58880615234375, -258.04559326171875], "obj_id": 4}],
  "2": [{"cam_R_m2c": [0.8990065455436707, 0.2885330021381378, -0.3294479548931122, 0.15199509263038635, -0.9110867977142334, -0.38316845893859863, -0.41071248054504395, 0.29439646005630493, -0.862928569316864], "cam_t_m2c": [102.27474212646484, 58.091285705566406, 385.5406494140625], "obj_id": 1}, {"cam_R_m2c": [0.9011450409889221, 0.027126213535666466, 0.43266817927360535, 0.15177515149116516, 0.9151351451873779, -0.37348616123199463, -0.4060811400413513, 0.4022334814071655, 0.8205524682998657], "cam_t_m2c": [-24.323463439941406, 24.691553115844727, 254.1029815673828], "obj_id": 2}, {"cam_R_m2c": [0.054194170981645584, 0.9177631139755249, 0.3934130370616913, 0.1095190942287445, 0.3861517906188965, -0.9159106612205505, -0.992506206035614, 0.09272325783967972, -0.07958541065454483], "cam_t_m2c": [132.7569580078125, 43.139923095703125, 447.8363342285156], "obj_id": 4}, {"cam_R_m2c": [0.22797738015651703, 0.6650054454803467, 0.7111919522285461, -0.9502593874931335, 0.3111599087715149, 0.013659604825079441, -0.21221071481704712, -0.678930938243866, 0.7028651237487793], "cam_t_m2c": [-252.04417419433594, -45.87337875366211, 541.517822265625], "obj_id": 1}, {"cam_R_m2c": [0.26087042689323425, 0.3845953941345215, -0.8854563236236572, -0.9451998472213745, 0.2882883846759796, -0.15325462818145752, 0.19632573425769806, 0.8769128322601318, 0.43872547149658203], "cam_t_m2c": [-123.6546859741211, 40.147212982177734, 441.6011047363281], "obj_id": 4}, {"cam_R_m2c": [-0.5088493824005127, -0.030060002580285072, 0.8603305816650391, -0.857968807220459, 0.09948447346687317, -0.5039765238761902, -0.07043999433517456, -0.9945849776268005, -0.07641315460205078], "cam_t_m2c": [-351.59124755859375, -59.40070724487305, 317.4870300292969], "obj_id": 2}, {"cam_R_m2c": [-0.19852423667907715, -0.575725793838501, 0.7931757569313049, -0.9724346995353699, 0.014715297147631645, -0.2327101230621338, 0.1223054751753807, -0.8175103068351746, -0.562777042388916], "cam_t_m2c": [-303.9032897949219, -32.536399841308594, 198.9623565673828], "obj_id": 3}, {"cam_R_m2c": [0.8983805179595947, 0.1964903026819229, 0.39281541109085083, 0.06426776945590973, -0.9435336589813232, 0.3249829411506653, 0.4344905614852905, -0.2667129635810852, -0.8602802753448486], "cam_t_m2c": [-377.5584411621094, -6.767449378967285, 379.3438720703125], "obj_id": 1}, {"cam_R_m2c": [-0.3192419707775116, 0.6153311729431152, 0.7207301259040833, -0.9428816437721252, -0.2826194167137146, -0.17635294795036316, 0.09517689049243927, -0.7358625531196594, 0.6704085469245911], "cam_t_m2c": [-20.45838737487793, 7.7471089363098145, 897.8313598632812], "obj_id": 2}, {"cam_R_m2c": [-0.21698249876499176, -0.3670744299888611, 0.9045301675796509, 0.9220201373100281, -0.3814055025577545, 0.06639695167541504, 0.32062020897865295, 0.8484020829200745, 0.4212084412574768], "cam_t_m2c": [50.474754333496094, -21.010950088500977, 625.448974609375], "obj_id": 3}, {"cam_R_m2c": [-0.14118583500385284, -0.7723650932312012, 0.6192888021469116, -0.9422858357429504, 0.29667410254478455, 0.1551831215620041, -0.3035849332809448, -0.5616374015808105, -0.7696748375892639], "cam_t_m2c": [-9.55510425567627, 126.58880615234375, -258.04559326171875], "obj_id": 4}],
  "3": [{"cam_R_m2c": [0.45395466685295105, -0.4845981299877167, 0.7477231025695801, -0.5278521180152893, -0.8223281502723694, -0.2124820351600647, 0.7178421020507812, -0.29822999238967896, -0.6290958523750305], "cam_t_m2c": [120.05060577392578, 30.17740249633789, 634.6702880859375], "obj_id": 1}, {"cam_R_m2c": [0.4494398832321167, -0.18632125854492188, -0.8736636638641357, -0.5286575555801392, 0.7328834533691406, -0.4282558262348175, 0.7200868129730225, 0.6543441414833069, 0.23088689148426056], "cam_t_m2c": [237.85507202148438, 65.59098052978516, 495.7944030761719], "obj_id": 2}, {"cam_R_m2c": [0.9927615523338318, 0.01630106009542942, -0.11899086087942123, -0.10947676748037338, -0.284605473279953, -0.9523730278015137, -0.04939015209674835, 0.9585060477256775, -0.2807607650756836], "cam_t_m2c": [56.67328643798828, 9.24072265625, 658.7207641601562], "obj_id": 4}, {"cam_R_m2c": [-0.0010942267253994942, 0.7458083033561707, -0.6661596894264221, -0.892933189868927, -0.30062606930732727, -0.3351033926010132, -0.4501878619194031, 0.594469428062439, 0.6662859916687012], "cam_t_m2c": [-62.99018859863281, 204.2218017578125, 323.408203125], "obj_id": 1}, {"cam_R_m2c": [-0.39729246497154236, -0.7813915610313416, -0.48123353719711304, -0.8456734418869019, 0.10810056328773499, 0.5226380228996277, -0.3563634157180786, 0.6146066784858704, -0.7037495970726013], "cam_t_m2c": [56.4499626159668, 170.57687377929688, 459.3082580566406], "obj_id": 4}, {"cam_R_m2c": [-0.13472673296928406, 0.990689754486084, -0.019557273015379906, -0.3283675014972687, -0.06326018273830414, -0.94242924451828, -0.9348922371864319, -0.12054846435785294, 0.3338331878185272], "cam_t_m2c": [150.07681274414062, 222.55047607421875, 202.78939819335938], "obj_id": 2}, {"cam_R_m2c": [-0.3413560092449188, 0.787192702293396, 0.5136182904243469, -0.5829665064811707, 0.2513313889503479, -0.7726464867591858, -0.7373100519180298, -0.5631697773933411, 0.3731135129928589], "cam_t_m2c": [272.62469482421875, 193.36859130859375, 237.05833435058594], "obj_id": 3}, {"cam_R_m2c": [-0.3892260789871216, 0.05282501503825188, 0.9196262955665588, -0.45968639850616455, -0.8762921094894409, -0.14422358572483063, 0.7982426881790161, -0.4788752794265747, 0.36535876989364624], "cam_t_m2c": [101.02738189697266, 288.48956298828125, 225.52732849121094], "obj_id": 1}, {"cam_R_m2c": [-0.31095319986343384, 0.6671786308288574, -0.67689049243927, -0.48760002851486206, -0.7233142852783203, -0.4889403283596039, -0.8158150911331177, 0.17801427841186523, 0.5502332448959351], "cam_t_m2c": [-393.06634521484375, 152.14410400390625, 591.37109375], "obj_id": 2}, {"cam_R_m2c": [-0.11061806231737137, -0.9201269149780273, -0.37567272782325745, 0.8818212747573853, 0.08348575979471207, -0.46413496136665344, 0.4584263861179352, -0.3826179802417755, 0.8021525144577026], "cam_t_m2c": [-132.55816650390625, 41.98530960083008, 584.2145385742188], "obj_id": 3}, {"cam_R_m2c": [0.08161859214305878, 0.5967295169830322, 0.7982807755470276, -0.6644601225852966, 0.6295614838600159, -0.4026723802089691, -0.7428532838821411, -0.4975602328777313, 0.44788694381713867], "cam_t_m2c": [760.0119018554688, 51.624908447265625, 488.415283203125], "obj_id": 4}],
  "4": [{"cam_R_m2c": [0.45395466685295105, -0.4845981299877167, 0.7477231025695801, -0.5278521180152893, -0.8223281502723694, -0.2124820351600647, 0.7178421020507812, -0.29822999238967896, -0.6290958523750305], "cam_t_m2c": [120.05060577392578, 30.17740249633789, 634.6702880859375], "obj_id": 1}, {"cam_R_m2c": [0.4494398832321167, -0.18632125854492188, -0.8736636638641357, -0.5286575555801392, 0.7328834533691406, -0.4282558262348175, 0.7200868129730225, 0.6543441414833069, 0.23088689148426056], "cam_t_m2c": [237.85507202148438, 65.59098052978516, 495.7944030761719], "obj_id": 2}, {"cam_R_m2c": [0.9927615523338318, 0.01630106009542942, -0.11899086087942123, -0.10947676748037338, -0.284605473279953, -0.9523730278015137, -0.04939015209674835, 0.9585060477256775, -0.2807607650756836], "cam_t_m2c": [56.67328643798828, 9.24072265625, 658.7207641601562], "obj_id": 4}, {"cam_R_m2c": [-0.0010942267253994942, 0.7458083033561707, -0.6661596894264221, -0.892933189868927, -0.30062606930732727, -0.3351033926010132, -0.4501878619194031, 0.594469428062439, 0.6662859916687012], "cam_t_m2c": [-62.99018859863281, 204.2218017578125, 323.408203125], "obj_id": 1}, {"cam_R_m2c": [-0.39729246497154236, -0.7813915610313416, -0.48123353719711304, -0.8456734418869019, 0.10810056328773499, 0.5226380228996277, -0.3563634157180786, 0.6146066784858704, -0.7037495970726013], "cam_t_m2c": [56.4499626159668, 170.57687377929688, 459.3082580566406], "obj_id": 4}, {"cam_R_m2c": [-0.13472673296928406, 0.990689754486084, -0.019557273015379906, -0.3283675014972687, -0.06326018273830414, -0.94242924451828, -0.9348922371864319, -0.12054846435785294, 0.3338331878185272], "cam_t_m2c": [150.07681274414062, 222.55047607421875, 202.78939819335938], "obj_id": 2}, {"cam_R_m2c": [-0.3413560092449188, 0.787192702293396, 0.5136182904243469, -0.5829665064811707, 0.2513313889503479, -0.7726464867591858, -0.7373100519180298, -0.5631697773933411, 0.3731135129928589], "cam_t_m2c": [272.62469482421875, 193.36859130859375, 237.05833435058594], "obj_id": 3}, {"cam_R_m2c": [-0.3892260789871216, 0.05282501503825188, 0.9196262955665588, -0.45968639850616455, -0.8762921094894409, -0.14422358572483063, 0.7982426881790161, -0.4788752794265747, 0.36535876989364624], "cam_t_m2c": [101.02738189697266, 288.48956298828125, 225.52732849121094], "obj_id": 1}, {"cam_R_m2c": [-0.31095319986343384, 0.6671786308288574, -0.67689049243927, -0.48760002851486206, -0.7233142852783203, -0.4889403283596039, -0.8158150911331177, 0.17801427841186523, 0.5502332448959351], "cam_t_m2c": [-393.06634521484375, 152.14410400390625, 591.37109375], "obj_id": 2}, {"cam_R_m2c": [-0.11061806231737137, -0.9201269149780273, -0.37567272782325745, 0.8818212747573853, 0.08348575979471207, -0.46413496136665344, 0.4584263861179352, -0.3826179802417755, 0.8021525144577026], "cam_t_m2c": [-132.55816650390625, 41.98530960083008, 584.2145385742188], "obj_id": 3}, {"cam_R_m2c": [0.08161859214305878, 0.5967295169830322, 0.7982807755470276, -0.6644601225852966, 0.6295614838600159, -0.4026723802089691, -0.7428532838821411, -0.4975602328777313, 0.44788694381713867], "cam_t_m2c": [760.0119018554688, 51.624908447265625, 488.415283203125], "obj_id": 4}],
  "5": [{"cam_R_m2c": [0.8273027539253235, -0.3678366541862488, 0.42457786202430725, -0.2611934244632721, -0.9210134744644165, -0.2889846861362457, 0.4973410964012146, 0.1281808763742447, -0.8580334782600403], "cam_t_m2c": [150.69898986816406, 163.87564086914062, 548.9275512695312], "obj_id": 1}, {"cam_R_m2c": [0.8245295286178589, -0.041212551295757294, -0.5643160343170166, -0.26186442375183105, 0.8563105463981628, -0.44515082240104675, 0.5015755891799927, 0.5148142576217651, 0.6952612996101379], "cam_t_m2c": [184.7761688232422, 173.5549774169922, 366.81884765625], "obj_id": 2}, {"cam_R_m2c": [0.8679828643798828, 0.49643731117248535, -0.012481021694839, -0.007153308484703302, -0.012631554156541824, -0.9998946785926819, -0.49654263257980347, 0.8679807186126709, -0.007412808481603861], "cam_t_m2c": [110.67591094970703, 143.23822021484375, 603.7518920898438], "obj_id": 4}, {"cam_R_m2c": [0.002949569607153535, 0.9767439961433411, -0.21438854932785034, -0.9754377603530884, -0.044410403817892075, -0.21575181186199188, -0.22025537490844727, 0.20975905656814575, 0.9526219964027405], "cam_t_m2c": [-183.6977996826172, 226.212646484375, 336.8607482910156], "obj_id": 1}, {"cam_R_m2c": [-0.3119036555290222, -0.43681058287620544, -0.8437492847442627, -0.949234127998352, 0.18147064745426178, 0.2569497227668762, 0.040877461433410645, 0.8810590505599976, -0.471236914396286], "cam_t_m2c": [-12.764841079711914, 243.91819763183594, 402.7029113769531], "obj_id": 4}, {"cam_R_m2c": [-0.45174479484558105, 0.82474684715271, 0.34017500281333923, -0.5806428790092468, 0.017688503488898277, -0.8139660954475403, -0.6773331761360168, -0.5652252435684204, 0.47089284658432007], "cam_t_m2c": [-54.81755447387695, 235.09645080566406, 128.070556640625], "obj_id": 2}, {"cam_R_m2c": [-0.48839840292930603, 0.3836498260498047, 0.7837598323822021, -0.7941344380378723, 0.176862895488739, -0.5814376473426819, -0.36168643832206726, -0.9063841104507446, 0.21829017996788025], "cam_t_m2c": [73.46231079101562, 230.0821533203125, 104.34162902832031], "obj_id": 3}, {"cam_R_m2c": [0.11245285719633102, 0.033672306686639786, 0.9930862784385681, -0.2685154676437378, -0.9612129926681519, 0.06299711018800735, 0.9566888809204102, -0.27374324202537537, -0.09904944151639938], "cam_t_m2c": [-102.42718505859375, 298.81573486328125, 158.7951202392578], "obj_id": 1}, {"cam_R_m2c": [-0.5175772309303284, 0.8213268518447876, -0.2398667335510254, -0.7206231355667114, -0.5695729851722717, -0.3953339159488678, -0.4613199532032013, -0.03176230564713478, 0.8866651058197021], "cam_t_m2c": [-342.6396789550781, 211.6085205078125, 734.3411254882812], "obj_id": 2}, {"cam_R_m2c": [-0.09419231116771698, -0.9874245524406433, 0.12696628272533417, 0.9545485377311707, -0.12580017745494843, -0.2702060639858246, 0.2827804982662201, 0.09574413299560547, 0.9543941617012024], "cam_t_m2c": [-94.06591796875, 133.39120483398438, 624.14208984375], "obj_id": 3}, {"cam_R_m2c": [-0.10400038957595825, 0.16145563125610352, 0.9813846945762634, -0.826352596282959, 0.5350754261016846, -0.1756008118391037, -0.5534665584564209, -0.829232394695282, 0.07777124643325806], "cam_t_m2c": [639.63330078125, 216.51918029785156, 113.52784729003906], "obj_id": 4}],
  "6": [{"cam_R_m2c": [0.8273027539253235, -0.3678366541862488, 0.42457786202430725, -0.2611934244632721, -0.9210134744644165, -0.2889846861362457, 0.4973410964012146, 0.1281808763742447, -0.8580334782600403], "cam_t_m2c": [150.69898986816406, 163.87564086914062, 548.9275512695312], "obj_id": 1}, {"cam_R_m2c": [0.8245295286178589, -0.041212551295757294, -0.5643160343170166, -0.26186442375183105, 0.8563105463981628, -0.44515082240104675, 0.5015755891799927, 0.5148142576217651, 0.6952612996101379], "cam_t_m2c": [184.7761688232422, 173.5549774169922, 366.81884765625], "obj_id": 2}, {"cam_R_m2c": [0.8679828643798828, 0.49643731117248535, -0.012481021694839, -0.007153308484703302, -0.012631554156541824, -0.9998946785926819, -0.49654263257980347, 0.8679807186126709, -0.007412808481603861], "cam_t_m2c": [110.67591094970703, 143.23822021484375, 603.7518920898438], "obj_id": 4}, {"cam_R_m2c": [0.002949569607153535, 0.9767439961433411, -0.21438854932785034, -0.9754377603530884, -0.044410403817892075, -0.21575181186199188, -0.22025537490844727, 0.20975905656814575, 0.9526219964027405], "cam_t_m2c": [-183.6977996826172, 226.212646484375, 336.8607482910156], "obj_id": 1}, {"cam_R_m2c": [-0.3119036555290222, -0.43681058287620544, -0.8437492847442627, -0.949234127998352, 0.18147064745426178, 0.2569497227668762, 0.040877461433410645, 0.8810590505599976, -0.471236914396286], "cam_t_m2c": [-12.764841079711914, 243.91819763183594, 402.7029113769531], "obj_id": 4}, {"cam_R_m2c": [-0.45174479484558105, 0.82474684715271, 0.34017500281333923, -0.5806428790092468, 0.017688503488898277, -0.8139660954475403, -0.6773331761360168, -0.5652252435684204, 0.47089284658432007], "cam_t_m2c": [-54.81755447387695, 235.09645080566406, 128.070556640625], "obj_id": 2}, {"cam_R_m2c": [-0.48839840292930603, 0.3836498260498047, 0.7837598323822021, -0.7941344380378723, 0.176862895488739, -0.5814376473426819, -0.36168643832206726, -0.9063841104507446, 0.21829017996788025], "cam_t_m2c": [73.46231079101562, 230.0821533203125, 104.34162902832031], "obj_id": 3}, {"cam_R_m2c": [0.11245285719633102, 0.033672306686639786, 0.9930862784385681, -0.2685154676437378, -0.9612129926681519, 0.06299711018800735, 0.9566888809204102, -0.27374324202537537, -0.09904944151639938], "cam_t_m2c": [-102.42718505859375, 298.81573486328125, 158.7951202392578], "obj_id": 1}, {"cam_R_m2c": [-0.5175772309303284, 0.8213268518447876, -0.2398667335510254, -0.7206231355667114, -0.5695729851722717, -0.3953339159488678, -0.4613199532032013, -0.03176230564713478, 0.8866651058197021], "cam_t_m2c": [-342.6396789550781, 211.6085205078125, 734.3411254882812], "obj_id": 2}, {"cam_R_m2c": [-0.09419231116771698, -0.9874245524406433, 0.12696628272533417, 0.9545485377311707, -0.12580017745494843, -0.2702060639858246, 0.2827804982662201, 0.09574413299560547, 0.9543941617012024], "cam_t_m2c": [-94.06591796875, 133.39120483398438, 624.14208984375], "obj_id": 3}, {"cam_R_m2c": [-0.10400038957595825, 0.16145563125610352, 0.9813846945762634, -0.826352596282959, 0.5350754261016846, -0.1756008118391037, -0.5534665584564209, -0.829232394695282, 0.07777124643325806], "cam_t_m2c": [639.63330078125, 216.51918029785156, 113.52784729003906], "obj_id": 4}],
  "7": [{"cam_R_m2c": [0.9867587089538574, 0.040885016322135925, -0.1569574773311615, 0.007474474608898163, -0.9781426787376404, -0.20780068635940552, -0.16202273964881897, 0.20387597382068634, -0.9654964208602905], "cam_t_m2c": [-23.754066467285156, 287.7965393066406, 377.5215759277344], "obj_id": 1}, {"cam_R_m2c": [0.9875596761703491, 0.08029571920633316, 0.13519813120365143, 0.006300569511950016, 0.838897168636322, -0.544253408908844, -0.1571185439825058, 0.5383345484733582, 0.8279551267623901], "cam_t_m2c": [-115.98944091796875, 296.2295837402344, 216.7732391357422], "obj_id": 2}, {"cam_R_m2c": [0.32631319761276245, 0.9152854681015015, 0.23616154491901398, 0.2061014324426651, 0.17493435740470886, -0.9627669453620911, -0.9225193858146667, 0.3628368079662323, -0.13155828416347504], "cam_t_m2c": [-13.421608924865723, 259.9942321777344, 441.9710693359375], "obj_id": 4}, {"cam_R_m2c": [0.10714921355247498, 0.860975980758667, 0.4972316026687622, -0.9470822811126709, 0.2405851036310196, -0.21249431371688843, -0.30257901549339294, -0.4481506943702698, 0.8411937355995178], "cam_t_m2c": [-418.7554931640625, 242.68585205078125, 428.6911315917969], "obj_id": 1}, {"cam_R_m2c": [0.03397365286946297, 0.18937397003173828, -0.9813170433044434, -0.9946146607398987, 0.10260334610939026, -0.01463365089148283, 0.09791514277458191, 0.9765295386314392, 0.19183999300003052], "cam_t_m2c": [-256.07867431640625, 310.8714294433594, 376.2151794433594], "obj_id": 4}, {"cam_R_m2c": [-0.6138778328895569, 0.24502159655094147, 0.7504119873046875, -0.7206619381904602, 0.21402542293071747, -0.6594234704971313, -0.32218021154403687, -0.9455989599227905, 0.045192401856184006], "cam_t_m2c": [-457.9703674316406, 275.1766357421875, 188.50588989257812], "obj_id": 2}, {"cam_R_m2c": [-0.388357013463974, -0.3339962661266327, 0.8588510751724243, -0.9176996350288391, 0.2248324155807495, -0.3275328278541565, -0.08370278775691986, -0.915367066860199, -0.3938234746456146], "cam_t_m2c": [-377.4386291503906, 304.6541442871094, 90.06991577148438], "obj_id": 3}, {"cam_R_m2c": [0.7531090974807739, 0.09243027865886688, 0.6513703465461731, -0.17208229005336761, -0.9279375076293945, 0.330635666847229, 0.6349916458129883, -0.36109402775764465, -0.6829326152801514], "cam_t_m2c": [-489.50250244140625, 324.7987060546875, 250.26512145996094], "obj_id": 1}, {"cam_R_m2c": [-0.49100983142852783, 0.7257828712463379, 0.48181769251823425, -0.8609509468078613, -0.31988295912742615, -0.3955226242542267, -0.13293828070163727, -0.6090269684791565, 0.7819293737411499], "cam_t_m2c": [-281.1942138671875, 207.04672241210938, 832.761962890625], "obj_id": 2}, {"cam_R_m2c": [-0.1295265406370163, -0.6335924863815308, 0.7627471685409546, 0.9052482843399048, -0.3894772529602051, -0.1698022186756134, 0.40465816855430603, 0.668481707572937, 0.6240063309669495], "cam_t_m2c": [-148.51734924316406, 194.83836364746094, 583.1652221679688], "obj_id": 3}, {"cam_R_m2c": [-0.21884654462337494, -0.5381425619125366, 0.8139463067054749, -0.8526905179023743, 0.5110061168670654, 0.10858909040689468, -0.4743679463863373, -0.6702799797058105, -0.570701003074646], "cam_t_m2c": [47.693931579589844, 449.4233703613281, -255.0706787109375], "obj_id": 4}],
  "8": [{"cam_R_m2c": [0.9867587089538574, 0.040885016322135925, -0.1569574773311615, 0.007474474608898163, -0.9781426787376404, -0.20780068635940552, -0.16202273964881897, 0.20387597382068634, -0.9654964208602905], "cam_t_m2c": [-23.754066467285156, 287.7965393066406, 377.5215759277344], "obj_id": 1}, {"cam_R_m2c": [0.9875596761703491, 0.08029571920633316, 0.13519813120365143, 0.006300569511950016, 0.838897168636322, -0.544253408908844, -0.1571185439825058, 0.5383345484733582, 0.8279551267623901], "cam_t_m2c": [-115.98944091796875, 296.2295837402344, 216.7732391357422], "obj_id": 2}, {"cam_R_m2c": [0.32631319761276245, 0.9152854681015015, 0.23616154491901398, 0.2061014324426651, 0.17493435740470886, -0.9627669453620911, -0.9225193858146667, 0.3628368079662323, -0.13155828416347504], "cam_t_m2c": [-13.421608924865723, 259.9942321777344, 441.9710693359375], "obj_id": 4}, {"cam_R_m2c": [0.10714921355247498, 0.860975980758667, 0.4972316026687622, -0.9470822811126709, 0.2405851036310196, -0.21249431371688843, -0.30257901549339294, -0.4481506943702698, 0.8411937355995178], "cam_t_m2c": [-418.7554931640625, 242.68585205078125, 428.6911315917969], "obj_id": 1}, {"cam_R_m2c": [0.03397365286946297, 0.18937397003173828, -0.9813170433044434, -0.9946146607398987, 0.10260334610939026, -0.01463365089148283, 0.09791514277458191, 0.9765295386314392, 0.19183999300003052], "cam_t_m2c": [-256.07867431640625, 310.8714294433594, 376.2151794433594], "obj_id": 4}, {"cam_R_m2c": [-0.6138778328895569, 0.24502159655094147, 0.7504119873046875, -0.7206619381904602, 0.21402542293071747, -0.6594234704971313, -0.32218021154403687, -0.9455989599227905, 0.045192401856184006], "cam_t_m2c": [-457.9703674316406, 275.1766357421875, 188.50588989257812], "obj_id": 2}, {"cam_R_m2c": [-0.388357013463974, -0.3339962661266327, 0.8588510751724243, -0.9176996350288391, 0.2248324155807495, -0.3275328278541565, -0.08370278775691986, -0.915367066860199, -0.3938234746456146], "cam_t_m2c": [-377.4386291503906, 304.6541442871094, 90.06991577148438], "obj_id": 3}, {"cam_R_m2c": [0.7531090974807739, 0.09243027865886688, 0.6513703465461731, -0.17208229005336761, -0.9279375076293945, 0.330635666847229, 0.6349916458129883, -0.36109402775764465, -0.6829326152801514], "cam_t_m2c": [-489.50250244140625, 324.7987060546875, 250.26512145996094], "obj_id": 1}, {"cam_R_m2c": [-0.49100983142852783, 0.7257828712463379, 0.48181769251823425, -0.8609509468078613, -0.31988295912742615, -0.3955226242542267, -0.13293828070163727, -0.6090269684791565, 0.7819293737411499], "cam_t_m2c": [-281.1942138671875, 207.04672241210938, 832.761962890625], "obj_id": 2}, {"cam_R_m2c": [-0.1295265406370163, -0.6335924863815308, 0.7627471685409546, 0.9052482843399048, -0.3894772529602051, -0.1698022186756134, 0.40465816855430603, 0.668481707572937, 0.6240063309669495], "cam_t_m2c": [-148.51734924316406, 194.83836364746094, 583.1652221679688], "obj_id": 3}, {"cam_R_m2c": [-0.21884654462337494, -0.5381425619125366, 0.8139463067054749, -0.8526905179023743, 0.5110061168670654, 0.10858909040689468, -0.4743679463863373, -0.6702799797058105, -0.570701003074646], "cam_t_m2c": [47.693931579589844, 449.4233703613281, -255.0706787109375], "obj_id": 4}],
  "9": [{"cam_R_m2c": [-0.8155290484428406, 0.09247545897960663, -0.5712797045707703, 0.3794035017490387, -0.6599743366241455, -0.6484494805335999, -0.43699562549591064, -0.7455750107765198, 0.5031428337097168], "cam_t_m2c": [-213.57191467285156, 85.2205810546875, 991.8496704101562], "obj_id": 1}, {"cam_R_m2c": [-0.8126794099807739, 0.33968934416770935, 0.47345882654190063, 0.380952924489975, 0.9245463013648987, -0.009432557038962841, -0.4409387707710266, 0.17269988358020782, -0.8807653784751892], "cam_t_m2c": [-260.71429443359375, -18.735027313232422, 1138.1005859375], "obj_id": 2}, {"cam_R_m2c": [-0.8756548166275024, -0.3922368586063385, -0.2817421853542328, -0.08875317871570587, 0.7041589617729187, -0.7044735550880432, 0.4747117757797241, -0.5918702483177185, -0.6514124274253845], "cam_t_m2c": [-176.25802612304688, 95.80531311035156, 932.4434204101562], "obj_id": 4}, {"cam_R_m2c": [-0.3097817897796631, -0.9219167232513428, 0.2326039969921112, -0.8236871957778931, 0.3824121356010437, 0.4186888039112091, -0.4749467968940735, -0.06189073622226715, -0.8778352737426758], "cam_t_m2c": [102.3355941772461, -105.5265884399414, 1148.3660888671875], "obj_id": 1}, {"cam_R_m2c": [0.0225828904658556, 0.5536423325538635, 0.8324482440948486, -0.7215472459793091, 0.5853714346885681, -0.36974287033081055, -0.6919967532157898, -0.5923008918762207, 0.41269853711128235], "cam_t_m2c": [-48.729801177978516, -1.6250368356704712, 1132.5401611328125], "obj_id": 4}, {"cam_R_m2c": [0.19431950151920319, -0.8338728547096252, -0.5166198015213013, -0.9786672592163086, -0.1289874017238617, -0.15991464257240295, 0.06671103090047836, 0.5366734266281128, -0.8411487936973572], "cam_t_m2c": [-37.79499816894531, -200.9881591796875, 1325.9410400390625], "obj_id": 2}, {"cam_R_m2c": [0.1970876157283783, -0.4005480408668518, -0.8948282599449158, -0.9291179180145264, -0.36760351061820984, -0.0400911308825016, -0.3128836750984192, 0.8393025398254395, -0.44460639357566833], "cam_t_m2c": [-163.57937622070312, -184.06288146972656, 1356.5311279296875], "obj_id": 3}, {"cam_R_m2c": [-0.09337028115987778, -0.3399982154369354, -0.9357794523239136, 0.47659337520599365, -0.8404699563980103, 0.2578156888484955, -0.8741514086723328, -0.4219139814376831, 0.24051587283611298], "cam_t_m2c": [29.122289657592773, -149.73130798339844, 1338.8109130859375], "obj_id": 1}, {"cam_R_m2c": [0.23676955699920654, -0.9512022733688354, 0.19787463545799255, -0.9519592523574829, -0.1864195168018341, 0.2429431676864624, -0.19420039653778076, -0.24589014053344727, -0.9496442675590515], "cam_t_m2c": [287.5830993652344, 102.1233139038086, 822.7415161132812], "obj_id": 2}, {"cam_R_m2c": [0.3964878022670746, 0.911677896976471, -0.10789280384778976, 0.8247734308242798, -0.3021259903907776, 0.47798392176628113, 0.4031701683998108, -0.2785019278526306, -0.8717169761657715], "cam_t_m2c": [17.58609962463379, 44.81853103637695, 884.9382934570312], "obj_id": 3}, {"cam_R_m2c": [-0.19650614261627197, -0.07681255042552948, -0.977489173412323, -0.9700731039047241, -0.1297890841960907, 0.20521432161331177, -0.14263048768043518, 0.9885618686676025, -0.04900940880179405], "cam_t_m2c": [-705.2411499023438, -28.158050537109375, 1412.3345947265625], "obj_id": 4}]
}