{
  "0": [{"cam_R_m2c": [0.05952777341008186, 0.9770634174346924, 0.20445898175239563, 0.5104914903640747, 0.14621573686599731, -0.8473601937294006, -0.8578197956085205, 0.15481600165367126, -0.4900786578655243], "cam_t_m2c": [-45.33573532104492, -8.77633285522461, 455.44622802734375], "obj_id": 1}, {"cam_R_m2c": [0.05952777341008186, 0.9770634174346924, 0.20445898175239563, 0.5104914903640747, 0.14621573686599731, -0.8473601937294006, -0.8578197956085205, 0.15481600165367126, -0.4900786578655243], "cam_t_m2c": [-45.33573532104492, -8.77633285522461, 455.44622802734375], "obj_id": 2}, {"cam_R_m2c": [0.05952777341008186, 0.9770634174346924, 0.20445898175239563, 0.5104914903640747, 0.14621573686599731, -0.8473601937294006, -0.8578197956085205, 0.15481600165367126, -0.4900786578655243], "cam_t_m2c": [-45.33573532104492, -8.77633285522461, 455.44622802734375], "obj_id": 0}, {"cam_R_m2c": [0.05952777341008186, 0.9770634174346924, 0.20445898175239563, 0.5104914903640747, 0.14621573686599731, -0.8473601937294006, -0.8578197956085205, 0.15481600165367126, -0.4900786578655243], "cam_t_m2c": [-45.33573532104492, -8.77633285522461, 455.44622802734375], "obj_id": 0}, {"cam_R_m2c": [0.05952777341008186, 0.9770634174346924, 0.20445898175239563, 0.5104914903640747, 0.14621573686599731, -0.8473601937294006, -0.8578197956085205, 0.15481600165367126, -0.4900786578655243], "cam_t_m2c": [-45.33573532104492, -8.77633285522461, 455.44622802734375], "obj_id": 0}, {"cam_R_m2c": [0.05952777341008186, 0.9770634174346924, 0.20445898175239563, 0.5104914903640747, 0.14621573686599731, -0.8473601937294006, -0.8578197956085205, 0.15481600165367126, -0.4900786578655243], "cam_t_m2c": [-45.33573532104492, -8.77633285522461, 455.44622802734375], "obj_id": 1}, {"cam_R_m2c": [0.05952777341008186, 0.9770634174346924, 0.20445898175239563, 0.5104914903640747, 0.14621573686599731, -0.8473601937294006, -0.8578197956085205, 0.15481600165367126, -0.4900786578655243], "cam_t_m2c": [-45.33573532104492, -8.77633285522461, 455.44622802734375], "obj_id": 1}, {"cam_R_m2c": [0.05952777341008186, 0.9770634174346924, 0.20445898175239563, 0.5104914903640747, 0.14621573686599731, -0.8473601937294006, -0.8578197956085205, 0.15481600165367126, -0.4900786578655243], "cam_t_m2c": [-45.33573532104492, -8.77633285522461, 455.44622802734375], "obj_id": 2}, {"cam_R_m2c": [0.05952777341008186, 0.9770634174346924, 0.20445898175239563, 0.5104914903640747, 0.14621573686599731, -0.8473601937294006, -0.8578197956085205, 0.15481600165367126, -0.4900786578655243], "cam_t_m2c": [-45.33573532104492, -8.77633285522461, 455.44622802734375], "obj_id": 3}, {"cam_R_m2c": [0.05952777341008186, 0.9770634174346924, 0.20445898175239563, 0.5104914903640747, 0.14621573686599731, -0.8473601937294006, -0.8578197956085205, 0.15481600165367126, -0.4900786578655243], "cam_t_m2c": [-45.33573532104492, -8.77633285522461, 455.44622802734375], "obj_id": 3}, {"cam_R_m2c": [0.05952777341008186, 0.9770634174346924, 0.20445898175239563, 0.5104914903640747, 0.14621573686599731, -0.8473601937294006, -0.8578197956085205, 0.15481600165367126, -0.4900786578655243], "cam_t_m2c": [-45.33573532104492, -8.77633285522461, 455.44622802734375], "obj_id": 1}, {"cam_R_m2c": [0.05952777341008186, 0.9770634174346924, 0.20445898175239563, 0.5104914903640747, 0.14621573686599731, -0.8473601937294006, -0.8578197956085205, 0.15481600165367126, -0.4900786578655243], "cam_t_m2c": [-45.33573532104492, -8.77633285522461, 455.44622802734375], "obj_id": 2}, {"cam_R_m2c": [0.6717227101325989, -0.39516112208366394, -0.6266069412231445, 0.6442685723304749, 0.7291302680969238, 0.23083992302417755, 0.3656591475009918, -0.5587635636329651, 0.7443632483482361], "cam_t_m2c": [-9.080779075622559, -30.519962310791016, 453.6976623535156], "obj_id": 1}, {"cam_R_m2c": [0.32268229126930237, -0.7585773468017578, 0.5660710334777832, 0.9139270186424255, 0.4052749276161194, 0.02212497591972351, -0.2461978793144226, 0.5102083086967468, 0.8240594863891602], "cam_t_m2c": [-27.814029693603516, -117.5444564819336, 590.5592651367188], "obj_id": 3}, {"cam_R_m2c": [0.6716471314430237, -0.6892800331115723, 0.2716306746006012, 0.6348689198493958, 0.346488893032074, -0.6905699968338013, 0.3818790912628174, 0.636269211769104, 0.6703206896781921], "cam_t_m2c": [27.918453216552734, -12.119481086730957, 447.0283508300781], "obj_id": 4}],
  "1": [{"cam_R_m2c": [-0.46595603227615356, 0.8529931306838989, -0.23513373732566833, 0.2738851010799408, -0.11364699900150299, -0.9550243616104126, -0.8413513898849487, -0.509398877620697, -0.1806677132844925], "cam_t_m2c": [-38.838348388671875, 2.0912861824035645, 478.2708740234375], "obj_id": 1}, {"cam_R_m2c": [-0.46595603227615356, 0.8529931306838989, -0.23513373732566833, 0.2738851010799408, -0.11364699900150299, -0.9550243616104126, -0.8413513898849487, -0.509398877620697, -0.1806677132844925], "cam_t_m2c": [-38.838348388671875, 2.0912861824035645, 478.2708740234375], "obj_id": 2}, {"cam_R_m2c": [-0.46595603227615356, 0.8529931306838989, -0.23513373732566833, 0.2738851010799408, -0.11364699900150299, -0.9550243616104126, -0.8413513898849487, -0.509398877620697, -0.1806677132844925], "cam_t_m2c": [-38.838348388671875, 2.0912861824035645, 478.2708740234375], "obj_id": 0}, {"cam_R_m2c": [-0.46595603227615356, 0.8529931306838989, -0.23513373732566833, 0.2738851010799408, -0.11364699900150299, -0.9550243616104126, -0.8413513898849487, -0.509398877620697, -0.1806677132844925], "cam_t_m2c": [-38.838348388671875, 2.0912861824035645, 478.2708740234375], "obj_id": 0}, {"cam_R_m2c": [-0.46595603227615356, 0.8529931306838989, -0.23513373732566833, 0.2738851010799408, -0.11364699900150299, -0.9550243616104126, -0.8413513898849487, -0.509398877620697, -0.1806677132844925], "cam_t_m2c": [-38.838348388671875, 2.0912861824035645, 478.2708740234375], "obj_id": 0}, {"cam_R_m2c": [-0.46595603227615356, 0.8529931306838989, -0.23513373732566833, 0.2738851010799408, -0.11364699900150299, -0.9550243616104126, -0.8413513898849487, -0.509398877620697, -0.1806677132844925], "cam_t_m2c": [-38.838348388671875, 2.0912861824035645, 478.2708740234375], "obj_id": 1}, {"cam_R_m2c": [-0.46595603227615356, 0.8529931306838989, -0.23513373732566833, 0.2738851010799408, -0.11364699900150299, -0.9550243616104126, -0.8413513898849487, -0.509398877620697, -0.1806677132844925], "cam_t_m2c": [-38.838348388671875, 2.0912861824035645, 478.2708740234375], "obj_id": 1}, {"cam_R_m2c": [-0.46595603227615356, 0.8529931306838989, -0.23513373732566833, 0.2738851010799408, -0.11364699900150299, -0.9550243616104126, -0.8413513898849487, -0.509398877620697, -0.1806677132844925], "cam_t_m2c": [-38.838348388671875, 2.0912861824035645, 478.2708740234375], "obj_id": 2}, {"cam_R_m2c": [-0.46595603227615356, 0.8529931306838989, -0.23513373732566833, 0.2738851010799408, -0.11364699900150299, -0.9550243616104126, -0.8413513898849487, -0.509398877620697, -0.1806677132844925], "cam_t_m2c": [-38.838348388671875, 2.0912861824035645, 478.2708740234375], "obj_id": 3}, {"cam_R_m2c": [-0.46595603227615356, 0.8529931306838989, -0.23513373732566833, 0.2738851010799408, -0.11364699900150299, -0.9550243616104126, -0.8413513898849487, -0.509398877620697, -0.1806677132844925], "cam_t_m2c": [-38.838348388671875, 2.0912861824035645, 478.2708740234375], "obj_id": 3}, {"cam_R_m2c": [-0.46595603227615356, 0.8529931306838989, -0.23513373732566833, 0.2738851010799408, -0.11364699900150299, -0.9550243616104126, -0.8413513898849487, -0.509398877620697, -0.1806677132844925], "cam_t_m2c": [-38.838348388671875, 2.0912861824035645, 478.2708740234375], "obj_id": 1}, {"cam_R_m2c": [-0.46595603227615356, 0.8529931306838989, -0.23513373732566833, 0.2738851010799408, -0.11364699900150299, -0.9550243616104126, -0.8413513898849487, -0.509398877620697, -0.1806677132844925], "cam_t_m2c": [-38.838348388671875, 2.0912861824035645, 478.2708740234375], "obj_id": 2}, {"cam_R_m2c": [0.8009580969810486, -0.5981226563453674, 0.026748426258563995, 0.4847469925880432, 0.6740604639053345, 0.5573713779449463, -0.3514064848423004, -0.4334648847579956, 0.8298323154449463], "cam_t_m2c": [-14.37442398071289, -29.07427978515625, 463.4219970703125], "obj_id": 1}, {"cam_R_m2c": [0.16386665403842926, -0.20971374213695526, 0.9639334678649902, 0.7055570483207703, 0.7078344225883484, 0.03405357152223587, -0.689446747303009, 0.6745298504829407, 0.2639555037021637], "cam_t_m2c": [52.489479064941406, -75.29403686523438, 605.0138549804688], "obj_id": 3}, {"cam_R_m2c": [0.8105856776237488, -0.08071327954530716, 0.5800312161445618, 0.4794997274875641, 0.6600892543792725, -0.5782405734062195, -0.33620065450668335, 0.7468383312225342, 0.5737608671188354], "cam_t_m2c": [10.925997734069824, -24.083763122558594, 430.4525451660156], "obj_id": 4}],
  "2": [{"cam_R_m2c": [-0.46595603227615356, 0.8529931306838989, -0.23513373732566833, 0.2738851010799408, -0.11364699900150299, -0.9550243616104126, -0.8413513898849487, -0.509398877620697, -0.1806677132844925], "cam_t_m2c": [-38.838348388671875, 2.0912861824035645, 478.2708740234375], "obj_id": 1}, {"cam_R_m2c": [-0.46595603227615356, 0.8529931306838989, -0.23513373732566833, 0.2738851010799408, -0.11364699900150299, -0.9550243616104126, -0.8413513898849487, -0.509398877620697, -0.1806677132844925], "cam_t_m2c": [-38.838348388671875, 2.0912861824035645, 478.2708740234375], "obj_id": 2}, {"cam_R_m2c": [-0.46595603227615356, 0.8529931306838989, -0.23513373732566833, 0.2738851010799408, -0.11364699900150299, -0.9550243616104126, -0.8413513898849487, -0.509398877620697, -0.1806677132844925], "cam_t_m2c": [-38.838348388671875, 2.0912861824035645, 478.2708740234375], "obj_id": 0}, {"cam_R_m2c": [-0.46595603227615356, 0.8529931306838989, -0.23513373732566833, 0.2738851010799408, -0.11364699900150299, -0.9550243616104126, -0.8413513898849487, -0.509398877620697, -0.1806677132844925], "cam_t_m2c": [-38.838348388671875, 2.0912861824035645, 478.2708740234375], "obj_id": 0}, {"cam_R_m2c": [-0.46595603227615356, 0.8529931306838989, -0.23513373732566833, 0.2738851010799408, -0.11364699900150299, -0.9550243616104126, -0.8413513898849487, -0.509398877620697, -0.1806677132844925], "cam_t_m2c": [-38.838348388671875, 2.0912861824035645, 478.2708740234375], "obj_id": 0}, {"cam_R_m2c": [-0.46595603227615356, 0.8529931306838989, -0.23513373732566833, 0.2738851010799408, -0.11364699900150299, -0.9550243616104126, -0.8413513898849487, -0.509398877620697, -0.1806677132844925], "cam_t_m2c": [-38.838348388671875, 2.0912861824035645, 478.2708740234375], "obj_id": 1}, {"cam_R_m2c": [-0.46595603227615356, 0.8529931306838989, -0.23513373732566833, 0.2738851010799408, -0.11364699900150299, -0.9550243616104126, -0.8413513898849487, -0.509398877620697, -0.1806677132844925], "cam_t_m2c": [-38.838348388671875, 2.0912861824035645, 478.2708740234375], "obj_id": 1}, {"cam_R_m2c": [-0.46595603227615356, 0.8529931306838989, -0.23513373732566833, 0.2738851010799408, -0.11364699900150299, -0.9550243616104126, -0.8413513898849487, -0.509398877620697, -0.1806677132844925], "cam_t_m2c": [-38.838348388671875, 2.0912861824035645, 478.2708740234375], "obj_id": 2}, {"cam_R_m2c": [-0.46595603227615356, 0.8529931306838989, -0.23513373732566833, 0.2738851010799408, -0.11364699900150299, -0.9550243616104126, -0.8413513898849487, -0.509398877620697, -0.1806677132844925], "cam_t_m2c": [-38.838348388671875, 2.0912861824035645, 478.2708740234375], "obj_id": 3}, {"cam_R_m2c": [-0.46595603227615356, 0.8529931306838989, -0.23513373732566833, 0.2738851010799408, -0.11364699900150299, -0.9550243616104126, -0.8413513898849487, -0.509398877620697, -0.1806677132844925], "cam_t_m2c": [-38.838348388671875, 2.0912861824035645, 478.2708740234375], "obj_id": 3}, {"cam_R_m2c": [-0.46595603227615356, 0.8529931306838989, -0.23513373732566833, 0.2738851010799408, -0.11364699900150299, -0.9550243616104126, -0.8413513898849487, -0.509398877620697, -0.1806677132844925], "cam_t_m2c": [-38.838348388671875, 2.0912861824035645, 478.2708740234375], "obj_id": 1}, {"cam_R_m2c": [-0.46595603227615356, 0.8529931306838989, -0.23513373732566833, 0.2738851010799408, -0.11364699900150299, -0.9550243616104126, -0.8413513898849487, -0.509398877620697, -0.1806677132844925], "cam_t_m2c": [-38.838348388671875, 2.0912861824035645, 478.2708740234375], "obj_id": 2}, {"cam_R_m2c": [0.8009580969810486, -0.5981226563453674, 0.026748426258563995, 0.4847469925880432, 0.6740604639053345, 0.5573713779449463, -0.3514064848423004, -0.4334648847579956, 0.8298323154449463], "cam_t_m2c": [-14.37442398071289, -29.07427978515625, 463.4219970703125], "obj_id": 1}, {"cam_R_m2c": [0.16386665403842926, -0.20971374213695526, 0.9639334678649902, 0.7055570483207703, 0.7078344225883484, 0.03405357152223587, -0.689446747303009, 0.6745298504829407, 0.2639555037021637], "cam_t_m2c": [52.489479064941406, -75.29403686523438, 605.0138549804688], "obj_id": 3}, {"cam_R_m2c": [0.8105856776237488, -0.08071327954530716, 0.5800312161445618, 0.4794997274875641, 0.6600892543792725, -0.5782405734062195, -0.33620065450668335, 0.7468383312225342, 0.5737608671188354], "cam_t_m2c": [10.925997734069824, -24.083763122558594, 430.4525451660156], "obj_id": 4}],
  "3": [{"cam_R_m2c": [-0.6820071339607239, 0.70646733045578, 0.18913012742996216, -0.03424012288451195, 0.22747808694839478, -0.9731810688972473, -0.7305435538291931, -0.6701922416687012, -0.1309521496295929], "cam_t_m2c": [-29.37835121154785, -13.542790412902832, 546.0165405273438], "obj_id": 1}, {"cam_R_m2c": [-0.6820071339607239, 0.70646733045578, 0.18913012742996216, -0.03424012288451195, 0.22747808694839478, -0.9731810688972473, -0.7305435538291931, -0.6701922416687012, -0.1309521496295929], "cam_t_m2c": [-29.37835121154785, -13.542790412902832, 546.0165405273438], "obj_id": 2}, {"cam_R_m2c": [-0.6820071339607239, 0.70646733045578, 0.18913012742996216, -0.03424012288451195, 0.22747808694839478, -0.9731810688972473, -0.7305435538291931, -0.6701922416687012, -0.1309521496295929], "cam_t_m2c": [-29.37835121154785, -13.542790412902832, 546.0165405273438], "obj_id": 0}, {"cam_R_m2c": [-0.6820071339607239, 0.70646733045578, 0.18913012742996216, -0.03424012288451195, 0.22747808694839478, -0.9731810688972473, -0.7305435538291931, -0.6701922416687012, -0.1309521496295929], "cam_t_m2c": [-29.37835121154785, -13.542790412902832, 546.0165405273438], "obj_id": 0}, {"cam_R_m2c": [-0.6820071339607239, 0.70646733045578, 0.18913012742996216, -0.03424012288451195, 0.22747808694839478, -0.9731810688972473, -0.7305435538291931, -0.6701922416687012, -0.1309521496295929], "cam_t_m2c": [-29.37835121154785, -13.542790412902832, 546.0165405273438], "obj_id": 0}, {"cam_R_m2c": [-0.6820071339607239, 0.70646733045578, 0.18913012742996216, -0.03424012288451195, 0.22747808694839478, -0.9731810688972473, -0.7305435538291931, -0.6701922416687012, -0.1309521496295929], "cam_t_m2c": [-29.37835121154785, -13.542790412902832, 546.0165405273438], "obj_id": 1}, {"cam_R_m2c": [-0.6820071339607239, 0.70646733045578, 0.18913012742996216, -0.03424012288451195, 0.22747808694839478, -0.9731810688972473, -0.7305435538291931, -0.6701922416687012, -0.1309521496295929], "cam_t_m2c": [-29.37835121154785, -13.542790412902832, 546.0165405273438], "obj_id": 1}, {"cam_R_m2c": [-0.6820071339607239, 0.70646733045578, 0.18913012742996216, -0.03424012288451195, 0.22747808694839478, -0.9731810688972473, -0.7305435538291931, -0.6701922416687012, -0.1309521496295929], "cam_t_m2c": [-29.37835121154785, -13.542790412902832, 546.0165405273438], "obj_id": 2}, {"cam_R_m2c": [-0.6820071339607239, 0.70646733045578, 0.18913012742996216, -0.03424012288451195, 0.22747808694839478, -0.9731810688972473, -0.7305435538291931, -0.6701922416687012, -0.1309521496295929], "cam_t_m2c": [-29.37835121154785, -13.542790412902832, 546.0165405273438], "obj_id": 3}, {"cam_R_m2c": [-0.6820071339607239, 0.70646733045578, 0.18913012742996216, -0.03424012288451195, 0.22747808694839478, -0.9731810688972473, -0.7305435538291931, -0.6701922416687012, -0.1309521496295929], "cam_t_m2c": [-29.37835121154785, -13.542790412902832, 546.0165405273438], "obj_id": 3}, {"cam_R_m2c": [-0.6820071339607239, 0.70646733045578, 0.18913012742996216, -0.03424012288451195, 0.22747808694839478, -0.9731810688972473, -0.7305435538291931, -0.6701922416687012, -0.1309521496295929], "cam_t_m2c": [-29.37835121154785, -13.542790412902832, 546.0165405273438], "obj_id": 1}, {"cam_R_m2c": [-0.6820071339607239, 0.70646733045578, 0.18913012742996216, -0.03424012288451195, 0.22747808694839478, -0.9731810688972473, -0.7305435538291931, -0.6701922416687012, -0.1309521496295929], "cam_t_m2c": [-29.37835121154785, -13.542790412902832, 546.0165405273438], "obj_id": 2}, {"cam_R_m2c": [0.4213871955871582, -0.9036116600036621, -0.07693331688642502, 0.7537389993667603, 0.30179324746131897, 0.5837792754173279, -0.504291832447052, -0.30398473143577576, 0.8082592487335205], "cam_t_m2c": [3.333864688873291, -31.993106842041016, 526.5289916992188], "obj_id": 1}, {"cam_R_m2c": [-0.2962830066680908, -0.37933728098869324, 0.8765383958816528, 0.6416131258010864, 0.6007727384567261, 0.47686967253685, -0.7074947953224182, 0.7036869525909424, 0.06538904458284378], "cam_t_m2c": [108.04757690429688, -31.414043426513672, 651.7887573242188], "obj_id": 3}, {"cam_R_m2c": [0.43490293622016907, -0.2319682389497757, 0.8700863122940063, 0.7546213865280151, 0.621105432510376, -0.21160003542900085, -0.4913308620452881, 0.7486112117767334, 0.44516879320144653], "cam_t_m2c": [17.334171295166016, -19.354515075683594, 489.1625061035156], "obj_id": 4}],
  "4": [{"cam_R_m2c": [-0.6820071339607239, 0.70646733045578, 0.18913012742996216, -0.03424012288451195, 0.22747808694839478, -0.9731810688972473, -0.7305435538291931, -0.6701922416687012, -0.1309521496295929], "cam_t_m2c": [-29.37835121154785, -13.542790412902832, 546.0165405273438], "obj_id": 1}, {"cam_R_m2c": [-0.6820071339607239, 0.70646733045578, 0.18913012742996216, -0.03424012288451195, 0.22747808694839478, -0.9731810688972473, -0.7305435538291931, -0.6701922416687012, -0.1309521496295929], "cam_t_m2c": [-29.37835121154785, -13.542790412902832, 546.0165405273438], "obj_id": 2}, {"cam_R_m2c": [-0.6820071339607239, 0.70646733045578, 0.18913012742996216, -0.03424012288451195, 0.22747808694839478, -0.9731810688972473, -0.7305435538291931, -0.6701922416687012, -0.1309521496295929], "cam_t_m2c": [-29.37835121154785, -13.542790412902832, 546.0165405273438], "obj_id": 0}, {"cam_R_m2c": [-0.6820071339607239, 0.70646733045578, 0.18913012742996216, -0.03424012288451195, 0.22747808694839478, -0.9731810688972473, -0.7305435538291931, -0.6701922416687012, -0.1309521496295929], "cam_t_m2c": [-29.37835121154785, -13.542790412902832, 546.0165405273438], "obj_id": 0}, {"cam_R_m2c": [-0.6820071339607239, 0.70646733045578, 0.18913012742996216, -0.03424012288451195, 0.22747808694839478, -0.9731810688972473, -0.7305435538291931, -0.6701922416687012, -0.1309521496295929], "cam_t_m2c": [-29.37835121154785, -13.542790412902832, 546.0165405273438], "obj_id": 0}, {"cam_R_m2c": [-0.6820071339607239, 0.70646733045578, 0.18913012742996216, -0.03424012288451195, 0.22747808694839478, -0.9731810688972473, -0.7305435538291931, -0.6701922416687012, -0.1309521496295929], "cam_t_m2c": [-29.37835121154785, -13.542790412902832, 546.0165405273438], "obj_id": 1}, {"cam_R_m2c": [-0.6820071339607239, 0.70646733045578, 0.18913012742996216, -0.03424012288451195, 0.22747808694839478, -0.9731810688972473, -0.7305435538291931, -0.6701922416687012, -0.1309521496295929], "cam_t_m2c": [-29.37835121154785, -13.542790412902832, 546.0165405273438], "obj_id": 1}, {"cam_R_m2c": [-0.6820071339607239, 0.70646733045578, 0.18913012742996216, -0.03424012288451195, 0.22747808694839478, -0.9731810688972473, -0.7305435538291931, -0.6701922416687012, -0.1309521496295929], "cam_t_m2c": [-29.37835121154785, -13.542790412902832, 546.0165405273438], "obj_id": 2}, {"cam_R_m2c": [-0.6820071339607239, 0.70646733045578, 0.18913012742996216, -0.03424012288451195, 0.22747808694839478, -0.9731810688972473, -0.7305435538291931, -0.6701922416687012, -0.1309521496295929], "cam_t_m2c": [-29.37835121154785, -13.542790412902832, 546.0165405273438], "obj_id": 3}, {"cam_R_m2c": [-0.6820071339607239, 0.70646733045578, 0.18913012742996216, -0.03424012288451195, 0.22747808694839478, -0.9731810688972473, -0.7305435538291931, -0.6701922416687012, -0.1309521496295929], "cam_t_m2c": [-29.37835121154785, -13.542790412902832, 546.0165405273438], "obj_id": 3}, {"cam_R_m2c": [-0.6820071339607239, 0.70646733045578, 0.18913012742996216, -0.03424012288451195, 0.22747808694839478, -0.9731810688972473, -0.7305435538291931, -0.6701922416687012, -0.1309521496295929], "cam_t_m2c": [-29.37835121154785, -13.542790412902832, 546.0165405273438], "obj_id": 1}, {"cam_R_m2c": [-0.6820071339607239, 0.70646733045578, 0.18913012742996216, -0.03424012288451195, 0.22747808694839478, -0.9731810688972473, -0.7305435538291931, -0.6701922416687012, -0.1309521496295929], "cam_t_m2c": [-29.37835121154785, -13.542790412902832, 546.0165405273438], "obj_id": 2}, {"cam_R_m2c": [0.4213871955871582, -0.9036116600036621, -0.07693331688642502, 0.7537389993667603, 0.30179324746131897, 0.5837792754173279, -0.504291832447052, -0.30398473143577576, 0.8082592487335205], "cam_t_m2c": [3.333864688873291, -31.993106842041016, 526.5289916992188], "obj_id": 1}, {"cam_R_m2c": [-0.2962830066680908, -0.37933728098869324, 0.8765383958816528, 0.6416131258010864, 0.6007727384567261, 0.47686967253685, -0.7074947953224182, 0.7036869525909424, 0.06538904458284378], "cam_t_m2c": [108.04757690429688, -31.414043426513672, 651.7887573242188], "obj_id": 3}, {"cam_R_m2c": [0.43490293622016907, -0.2319682389497757, 0.8700863122940063, 0.7546213865280151, 0.621105432510376, -0.21160003542900085, -0.4913308620452881, 0.7486112117767334, 0.44516879320144653], "cam_t_m2c": [17.334171295166016, -19.354515075683594, 489.1625061035156], "obj_id": 4}],
  "5": [{"cam_R_m2c": [-0.40272513031959534, -0.8971925377845764, -0.181268110871315, -0.20681843161582947, 0.28211039304733276, -0.936824381351471, 0.8916494250297546, -0.3397930860519409, -0.2991689145565033], "cam_t_m2c": [63.58085632324219, -92.12800598144531, 823.9798583984375], "obj_id": 2}, {"cam_R_m2c": [-0.40272513031959534, -0.8971925377845764, -0.181268110871315, -0.20681843161582947, 0.28211039304733276, -0.936824381351471, 0.8916494250297546, -0.3397930860519409, -0.2991689145565033], "cam_t_m2c": [63.58085632324219, -92.12800598144531, 823.9798583984375], "obj_id": 0}, {"cam_R_m2c": [-0.40272513031959534, -0.8971925377845764, -0.181268110871315, -0.20681843161582947, 0.28211039304733276, -0.936824381351471, 0.8916494250297546, -0.3397930860519409, -0.2991689145565033], "cam_t_m2c": [63.58085632324219, -92.12800598144531, 823.9798583984375], "obj_id": 2}, {"cam_R_m2c": [-0.40272513031959534, -0.8971925377845764, -0.181268110871315, -0.20681843161582947, 0.28211039304733276, -0.936824381351471, 0.8916494250297546, -0.3397930860519409, -0.2991689145565033], "cam_t_m2c": [63.58085632324219, -92.12800598144531, 823.9798583984375], "obj_id": 1}, {"cam_R_m2c": [-0.40272513031959534, -0.8971925377845764, -0.181268110871315, -0.20681843161582947, 0.28211039304733276, -0.936824381351471, 0.8916494250297546, -0.3397930860519409, -0.2991689145565033], "cam_t_m2c": [63.58085632324219, -92.12800598144531, 823.9798583984375], "obj_id": 3}, {"cam_R_m2c": [-0.40272513031959534, -0.8971925377845764, -0.181268110871315, -0.20681843161582947, 0.28211039304733276, -0.936824381351471, 0.8916494250297546, -0.3397930860519409, -0.2991689145565033], "cam_t_m2c": [63.58085632324219, -92.12800598144531, 823.9798583984375], "obj_id": 2}, {"cam_R_m2c": [-0.40272513031959534, -0.8971925377845764, -0.181268110871315, -0.20681843161582947, 0.28211039304733276, -0.936824381351471, 0.8916494250297546, -0.3397930860519409, -0.2991689145565033], "cam_t_m2c": [63.58085632324219, -92.12800598144531, 823.9798583984375], "obj_id": 3}, {"cam_R_m2c": [-0.40272513031959534, -0.8971925377845764, -0.181268110871315, -0.20681843161582947, 0.28211039304733276, -0.936824381351471, 0.8916494250297546, -0.3397930860519409, -0.2991689145565033], "cam_t_m2c": [63.58085632324219, -92.12800598144531, 823.9798583984375], "obj_id": 2}, {"cam_R_m2c": [-0.40272513031959534, -0.8971925377845764, -0.181268110871315, -0.20681843161582947, 0.28211039304733276, -0.936824381351471, 0.8916494250297546, -0.3397930860519409, -0.2991689145565033], "cam_t_m2c": [63.58085632324219, -92.12800598144531, 823.9798583984375], "obj_id": 0}, {"cam_R_m2c": [-0.40272513031959534, -0.8971925377845764, -0.181268110871315, -0.20681843161582947, 0.28211039304733276, -0.936824381351471, 0.8916494250297546, -0.3397930860519409, -0.2991689145565033], "cam_t_m2c": [63.58085632324219, -92.12800598144531, 823.9798583984375], "obj_id": 0}, {"cam_R_m2c": [-0.40272513031959534, -0.8971925377845764, -0.181268110871315, -0.20681843161582947, 0.28211039304733276, -0.936824381351471, 0.8916494250297546, -0.3397930860519409, -0.2991689145565033], "cam_t_m2c": [63.58085632324219, -92.12800598144531, 823.9798583984375], "obj_id": 3}, {"cam_R_m2c": [-0.40272513031959534, -0.8971925377845764, -0.181268110871315, -0.20681843161582947, 0.28211039304733276, -0.936824381351471, 0.8916494250297546, -0.3397930860519409, -0.2991689145565033], "cam_t_m2c": [63.58085632324219, -92.12800598144531, 823.9798583984375], "obj_id": 0}, {"cam_R_m2c": [-0.33136633038520813, -0.6039485335350037, 0.724873960018158, 0.2041141539812088, -0.7959738969802856, -0.569879412651062, 0.9211587905883789, -0.040881894528865814, 0.3870336711406708], "cam_t_m2c": [-198.84893798828125, -36.32661056518555, 850.2994384765625], "obj_id": 1}, {"cam_R_m2c": [-0.08523496985435486, -0.5755539536476135, -0.8133097290992737, -0.9590381383895874, -0.17393136024475098, 0.223593071103096, -0.27014991641044617, 0.7990529537200928, -0.5371531844139099], "cam_t_m2c": [-93.83555603027344, -10.266179084777832, 619.7326049804688], "obj_id": 2}, {"cam_R_m2c": [-0.8246142864227295, 0.5608598589897156, -0.07380813360214233, 0.5421456694602966, 0.8207839727401733, 0.1799769550561905, 0.16152237355709076, 0.10839679837226868, -0.9808979034423828], "cam_t_m2c": [152.29547119140625, -95.03499603271484, 691.353515625], "obj_id": 3}, {"cam_R_m2c": [-0.33924269676208496, -0.39126527309417725, 0.8554681539535522, 0.9339680671691895, -0.24868343770503998, 0.2566322088241577, 0.11232953518629074, 0.8860405683517456, 0.44979339838027954], "cam_t_m2c": [390.7997741699219, -33.033287048339844, 687.2470703125], "obj_id": 4}],
  "6": [{"cam_R_m2c": [-0.40272513031959534, -0.8971925377845764, -0.181268110871315, -0.20681843161582947, 0.28211039304733276, -0.936824381351471, 0.8916494250297546, -0.3397930860519409, -0.2991689145565033], "cam_t_m2c": [63.58085632324219, -92.12800598144531, 823.9798583984375], "obj_id": 2}, {"cam_R_m2c": [-0.40272513031959534, -0.8971925377845764, -0.181268110871315, -0.20681843161582947, 0.28211039304733276, -0.936824381351471, 0.8916494250297546, -0.3397930860519409, -0.2991689145565033], "cam_t_m2c": [63.58085632324219, -92.12800598144531, 823.9798583984375], "obj_id": 0}, {"cam_R_m2c": [-0.40272513031959534, -0.8971925377845764, -0.181268110871315, -0.20681843161582947, 0.28211039304733276, -0.936824381351471, 0.8916494250297546, -0.3397930860519409, -0.2991689145565033], "cam_t_m2c": [63.58085632324219, -92.12800598144531, 823.9798583984375], "obj_id": 2}, {"cam_R_m2c": [-0.40272513031959534, -0.8971925377845764, -0.181268110871315, -0.20681843161582947, 0.28211039304733276, -0.936824381351471, 0.8916494250297546, -0.3397930860519409, -0.2991689145565033], "cam_t_m2c": [63.58085632324219, -92.12800598144531, 823.9798583984375], "obj_id": 1}, {"cam_R_m2c": [-0.40272513031959534, -0.8971925377845764, -0.181268110871315, -0.20681843161582947, 0.28211039304733276, -0.936824381351471, 0.8916494250297546, -0.3397930860519409, -0.2991689145565033], "cam_t_m2c": [63.58085632324219, -92.12800598144531, 823.9798583984375], "obj_id": 3}, {"cam_R_m2c": [-0.40272513031959534, -0.8971925377845764, -0.181268110871315, -0.20681843161582947, 0.28211039304733276, -0.936824381351471, 0.8916494250297546, -0.3397930860519409, -0.2991689145565033], "cam_t_m2c": [63.58085632324219, -92.12800598144531, 823.9798583984375], "obj_id": 2}, {"cam_R_m2c": [-0.40272513031959534, -0.8971925377845764, -0.181268110871315, -0.20681843161582947, 0.28211039304733276, -0.936824381351471, 0.8916494250297546, -0.3397930860519409, -0.2991689145565033], "cam_t_m2c": [63.58085632324219, -92.12800598144531, 823.9798583984375], "obj_id": 3}, {"cam_R_m2c": [-0.40272513031959534, -0.8971925377845764, -0.181268110871315, -0.20681843161582947, 0.28211039304733276, -0.936824381351471, 0.8916494250297546, -0.3397930860519409, -0.2991689145565033], "cam_t_m2c": [63.58085632324219, -92.12800598144531, 823.9798583984375], "obj_id": 2}, {"cam_R_m2c": [-0.40272513031959534, -0.8971925377845764, -0.181268110871315, -0.20681843161582947, 0.28211039304733276, -0.936824381351471, 0.8916494250297546, -0.3397930860519409, -0.2991689145565033], "cam_t_m2c": [63.58085632324219, -92.12800598144531, 823.9798583984375], "obj_id": 0}, {"cam_R_m2c": [-0.40272513031959534, -0.8971925377845764, -0.181268110871315, -0.20681843161582947, 0.28211039304733276, -0.936824381351471, 0.8916494250297546, -0.3397930860519409, -0.2991689145565033], "cam_t_m2c": [63.58085632324219, -92.12800598144531, 823.9798583984375], "obj_id": 0}, {"cam_R_m2c": [-0.40272513031959534, -0.8971925377845764, -0.181268110871315, -0.20681843161582947, 0.28211039304733276, -0.936824381351471, 0.8916494250297546, -0.3397930860519409, -0.2991689145565033], "cam_t_m2c": [63.58085632324219, -92.12800598144531, 823.9798583984375], "obj_id": 3}, {"cam_R_m2c": [-0.40272513031959534, -0.8971925377845764, -0.181268110871315, -0.20681843161582947, 0.28211039304733276, -0.936824381351471, 0.8916494250297546, -0.3397930860519409, -0.2991689145565033], "cam_t_m2c": [63.58085632324219, -92.12800598144531, 823.9798583984375], "obj_id": 0}, {"cam_R_m2c": [-0.33136633038520813, -0.6039485335350037, 0.724873960018158, 0.2041141539812088, -0.7959738969802856, -0.569879412651062, 0.9211587905883789, -0.040881894528865814, 0.3870336711406708], "cam_t_m2c": [-198.84893798828125, -36.32661056518555, 850.2994384765625], "obj_id": 1}, {"cam_R_m2c": [-0.08523496985435486, -0.5755539536476135, -0.8133097290992737, -0.9590381383895874, -0.17393136024475098, 0.223593071103096, -0.27014991641044617, 0.7990529537200928, -0.5371531844139099], "cam_t_m2c": [-93.83555603027344, -10.266179084777832, 619.7326049804688], "obj_id": 2}, {"cam_R_m2c": [-0.8246142864227295, 0.5608598589897156, -0.07380813360214233, 0.5421456694602966, 0.8207839727401733, 0.1799769550561905, 0.16152237355709076, 0.10839679837226868, -0.9808979034423828], "cam_t_m2c": [152.29547119140625, -95.03499603271484, 691.353515625], "obj_id": 3}, {"cam_R_m2c": [-0.33924269676208496, -0.39126527309417725, 0.8554681539535522, 0.9339680671691895, -0.24868343770503998, 0.2566322088241577, 0.11232953518629074, 0.8860405683517456, 0.44979339838027954], "cam_t_m2c": [390.7997741699219, -33.033287048339844, 687.2470703125], "obj_id": 4}],
  "7": [{"cam_R_m2c": [0.3924587368965149, -0.9151883721351624, -0.09168605506420135, -0.18979451060295105, 0.01695791631937027, -0.9816772937774658, 0.899974524974823, 0.4026693105697632, -0.16704240441322327], "cam_t_m2c": [262.6947021484375, -30.368972778320312, 633.9769897460938], "obj_id": 2}, {"cam_R_m2c": [0.3924587368965149, -0.9151883721351624, -0.09168605506420135, -0.18979451060295105, 0.01695791631937027, -0.9816772937774658, 0.899974524974823, 0.4026693105697632, -0.16704240441322327], "cam_t_m2c": [262.6947021484375, -30.368972778320312, 633.9769897460938], "obj_id": 0}, {"cam_R_m2c": [0.3924587368965149, -0.9151883721351624, -0.09168605506420135, -0.18979451060295105, 0.01695791631937027, -0.9816772937774658, 0.899974524974823, 0.4026693105697632, -0.16704240441322327], "cam_t_m2c": [262.6947021484375, -30.368972778320312, 633.9769897460938], "obj_id": 2}, {"cam_R_m2c": [0.3924587368965149, -0.9151883721351624, -0.09168605506420135, -0.18979451060295105, 0.01695791631937027, -0.9816772937774658, 0.899974524974823, 0.4026693105697632, -0.16704240441322327], "cam_t_m2c": [262.6947021484375, -30.368972778320312, 633.9769897460938], "obj_id": 1}, {"cam_R_m2c": [0.3924587368965149, -0.9151883721351624, -0.09168605506420135, -0.18979451060295105, 0.01695791631937027, -0.9816772937774658, 0.899974524974823, 0.4026693105697632, -0.16704240441322327], "cam_t_m2c": [262.6947021484375, -30.368972778320312, 633.9769897460938], "obj_id": 3}, {"cam_R_m2c": [0.3924587368965149, -0.9151883721351624, -0.09168605506420135, -0.18979451060295105, 0.01695791631937027, -0.9816772937774658, 0.899974524974823, 0.4026693105697632, -0.16704240441322327], "cam_t_m2c": [262.6947021484375, -30.368972778320312, 633.9769897460938], "obj_id": 2}, {"cam_R_m2c": [0.3924587368965149, -0.9151883721351624, -0.09168605506420135, -0.18979451060295105, 0.01695791631937027, -0.9816772937774658, 0.899974524974823, 0.4026693105697632, -0.16704240441322327], "cam_t_m2c": [262.6947021484375, -30.368972778320312, 633.9769897460938], "obj_id": 3}, {"cam_R_m2c": [0.3924587368965149, -0.9151883721351624, -0.09168605506420135, -0.18979451060295105, 0.01695791631937027, -0.9816772937774658, 0.899974524974823, 0.4026693105697632, -0.16704240441322327], "cam_t_m2c": [262.6947021484375, -30.368972778320312, 633.9769897460938], "obj_id": 2}, {"cam_R_m2c": [0.3924587368965149, -0.9151883721351624, -0.09168605506420135, -0.18979451060295105, 0.01695791631937027, -0.9816772937774658, 0.899974524974823, 0.4026693105697632, -0.16704240441322327], "cam_t_m2c": [262.6947021484375, -30.368972778320312, 633.9769897460938], "obj_id": 0}, {"cam_R_m2c": [0.3924587368965149, -0.9151883721351624, -0.09168605506420135, -0.18979451060295105, 0.01695791631937027, -0.9816772937774658, 0.899974524974823, 0.4026693105697632, -0.16704240441322327], "cam_t_m2c": [262.6947021484375, -30.368972778320312, 633.9769897460938], "obj_id": 0}, {"cam_R_m2c": [0.3924587368965149, -0.9151883721351624, -0.09168605506420135, -0.18979451060295105, 0.01695791631937027, -0.9816772937774658, 0.899974524974823, 0.4026693105697632, -0.16704240441322327], "cam_t_m2c": [262.6947021484375, -30.368972778320312, 633.9769897460938], "obj_id": 3}, {"cam_R_m2c": [0.3924587368965149, -0.9151883721351624, -0.09168605506420135, -0.18979451060295105, 0.01695791631937027, -0.9816772937774658, 0.899974524974823, 0.4026693105697632, -0.16704240441322327], "cam_t_m2c": [262.6947021484375, -30.368972778320312, 633.9769897460938], "obj_id": 0}, {"cam_R_m2c": [0.35711726546287537, -0.2368783801794052, 0.9035241603851318, 0.22678910195827484, -0.9163744449615479, -0.3298856019973755, 0.9061092138290405, 0.3227172791957855, -0.27353164553642273], "cam_t_m2c": [88.3033218383789, -36.23397445678711, 839.4743041992188], "obj_id": 1}, {"cam_R_m2c": [-0.0008101296843960881, 0.20291917026042938, -0.9791951179504395, -0.9766722321510315, -0.21042698621749878, -0.04279882833361626, -0.21473383903503418, 0.9563180208206177, 0.19835606217384338], "cam_t_m2c": [-5.636082172393799, -13.371033668518066, 603.8460693359375], "obj_id": 2}, {"cam_R_m2c": [-0.5866919755935669, 0.2477773278951645, -0.7709726691246033, 0.34441491961479187, 0.9379919767379761, 0.039362818002700806, 0.7329193949699402, -0.24244064092636108, -0.6356505751609802], "cam_t_m2c": [232.4359130859375, -27.694900512695312, 477.30621337890625], "obj_id": 3}, {"cam_R_m2c": [-0.3899730145931244, 0.40699782967567444, 0.8259986639022827, 0.8322587609291077, -0.2280646115541458, 0.5053038001060486, 0.3940386176109314, 0.8844994902610779, -0.24978844821453094], "cam_t_m2c": [375.9979553222656, 88.61091613769531, 314.185791015625], "obj_id": 4}],
