{
  "0": [{"cam_R_m2c": [0.6879438757896423, -0.1291925311088562, 0.7141725420951843, -0.7176517248153687, -0.26780620217323303, 0.6428495645523071, 0.1082085594534874, -0.9547716379165649, -0.2769508361816406], "cam_t_m2c": [-510.2654724121094, -180.9814453125, 955.6317749023438], "obj_id": 1}, {"cam_R_m2c": [-0.957295298576355, -0.2873348891735077, -0.032004404813051224, -0.28712549805641174, 0.9578291773796082, -0.011055893264710903, 0.03383149579167366, -0.0013944742968305945, -0.9994264841079712], "cam_t_m2c": [-559.3805541992188, -95.07064056396484, 967.8827514648438], "obj_id": 0}, {"cam_R_m2c": [0.056724563241004944, 0.5010289549827576, -0.8635695576667786, 0.610469400882721, -0.7018334269523621, -0.3670928478240967, -0.7900060415267944, -0.5063595771789551, -0.34567415714263916], "cam_t_m2c": [-341.68670654296875, -241.08392333984375, 665.4100952148438], "obj_id": 0}],
  "1": [{"cam_R_m2c": [-0.6612727046012878, -0.21214812994003296, 0.7195218205451965, -0.6947792768478394, -0.18844740092754364, -0.6940960884094238, 0.2828431725502014, -0.9588956236839294, -0.022781064733862877], "cam_t_m2c": [-229.365478515625, 489.3092956542969, 790.7907104492188], "obj_id": 1}, {"cam_R_m2c": [-0.3703548014163971, 0.9272910952568054, 0.05448305979371071, 0.8892951011657715, 0.3708999454975128, -0.26755812764167786, -0.2683120667934418, -0.05063994228839874, -0.9620000123977661], "cam_t_m2c": [-149.0645751953125, 548.4113159179688, 790.815673828125], "obj_id": 0}, {"cam_R_m2c": [0.6655948162078857, -0.6197315454483032, -0.4158320724964142, -0.22565782070159912, -0.6982188820838928, 0.6793886423110962, -0.7113804221153259, -0.3583618104457855, -0.6045781970024109], "cam_t_m2c": [-254.74423217773438, 236.98512268066406, 562.9988403320312], "obj_id": 0}]
}