{
  "0": [{"cam_R_m2c": [0.14430870115756989, 0.04551136866211891, 0.9884853959083557, 0.9341341853141785, 0.3232862055301666, -0.15125839412212372, -0.3264475464820862, 0.9452060461044312, 0.004139379598200321], "cam_t_m2c": [434.068359375, 59.79216766357422, 719.8387451171875], "obj_id": 3}, {"cam_R_m2c": [0.9397515654563904, -0.11048197001218796, 0.3235131502151489, -0.3017043471336365, -0.7130354642868042, 0.6328941583633423, 0.16075295209884644, -0.6923685669898987, -0.7034090757369995], "cam_t_m2c": [309.4659423828125, -212.04806518554688, 711.7366943359375], "obj_id": 3}, {"cam_R_m2c": [0.2863195836544037, -0.6787833571434021, -0.6762204766273499, 0.9016726016998291, 0.42958444356918335, -0.04943397641181946, 0.3240487277507782, -0.5955755710601807, 0.7350388169288635], "cam_t_m2c": [138.7318115234375, -91.04426574707031, 698.8575439453125], "obj_id": 3}, {"cam_R_m2c": [0.4498775005340576, -0.26452863216400146, 0.8530150651931763, -0.7748916745185852, -0.5904780626296997, 0.22556214034557343, 0.4440191388130188, -0.7624697089195251, -0.47062379121780396], "cam_t_m2c": [367.5315246582031, -217.15879821777344, 723.224609375], "obj_id": 3}, {"cam_R_m2c": [-0.8808282017707825, 0.4732665419578552, 0.012665055692195892, -0.2624744772911072, -0.46589550375938416, -0.8450139164924622, -0.39401623606681824, -0.7476363182067871, 0.5345943570137024], "cam_t_m2c": [488.11920166015625, -185.4272918701172, 798.3796997070312], "obj_id": 3}, {"cam_R_m2c": [-0.8976715207099915, 0.29608237743377686, -0.32637524604797363, 0.26844391226768494, -0.21993039548397064, -0.9378530383110046, -0.3494616448879242, -0.9294975399971008, 0.1179439052939415], "cam_t_m2c": [395.146484375, 56.68000030517578, 886.6920166015625], "obj_id": 3}, {"cam_R_m2c": [-0.14558415114879608, 0.9128223061561584, -0.38152405619621277, 0.7571415901184082, 0.35102108120918274, 0.5509271025657654, 0.6368215680122375, -0.20866145193576813, -0.7422388195991516], "cam_t_m2c": [339.13360595703125, 152.6138153076172, 841.571533203125], "obj_id": 3}, {"cam_R_m2c": [0.008253904990851879, -0.6370556950569153, -0.7707735896110535, 0.2634842097759247, 0.744946300983429, -0.6128875017166138, 0.9646283984184265, -0.19802795350551605, 0.17400282621383667], "cam_t_m2c": [435.4305725097656, 99.22100067138672, 736.27783203125], "obj_id": 3}, {"cam_R_m2c": [0.27699992060661316, 0.9562123417854309, 0.09449324756860733, -0.6858782768249512, 0.12789449095726013, 0.7163894772529602, 0.6729353070259094, -0.2632506787776947, 0.6912720799446106], "cam_t_m2c": [332.8844909667969, -261.9789123535156, 660.51171875], "obj_id": 3}, {"cam_R_m2c": [0.4066178798675537, -0.8905779719352722, -0.20379599928855896, -0.8830164074897766, -0.32587116956710815, -0.33777227997779846, 0.23440130054950714, 0.3172994554042816, -0.9189000129699707], "cam_t_m2c": [287.5684814453125, -157.2294158935547, 749.9066162109375], "obj_id": 3}, {"cam_R_m2c": [-0.8130888938903809, -0.010445231571793556, 0.5820456147193909, -0.534591794013977, -0.38237103819847107, -0.753660261631012, 0.23042958974838257, -0.9239497184753418, 0.30531787872314453], "cam_t_m2c": [124.31218719482422, 40.49712371826172, 876.08056640625], "obj_id": 3}, {"cam_R_m2c": [-0.3488835394382477, 0.7020868062973022, -0.6207689642906189, 0.9104474782943726, 0.4109571874141693, -0.04689781367778778, 0.22218309342861176, -0.581539511680603, -0.782589316368103], "cam_t_m2c": [339.98809814453125, 58.022762298583984, 861.533935546875], "obj_id": 3}, {"cam_R_m2c": [0.9426974058151245, 0.09261142462491989, -0.320538192987442, 0.24937817454338074, 0.4426625967025757, 0.8613131642341614, 0.22165770828723907, -0.8918929100036621, 0.3942016065120697], "cam_t_m2c": [407.60931396484375, 219.2039031982422, 794.3062133789062], "obj_id": 3}, {"cam_R_m2c": [-0.34483763575553894, -0.40726715326309204, -0.8457070589065552, -0.04626435041427612, 0.9072498083114624, -0.4180399477481842, 0.9375215172767639, -0.10502982139587402, -0.3316958248615265], "cam_t_m2c": [463.27374267578125, 217.8656005859375, 739.1735229492188], "obj_id": 3}, {"cam_R_m2c": [0.2078721970319748, -0.9748258590698242, -0.08064455538988113, 0.5180530548095703, 0.03978591784834862, 0.8544225692749023, -0.829704761505127, -0.21938879787921906, 0.513282060623169], "cam_t_m2c": [217.93516540527344, 57.754905700683594, 877.7605590820312], "obj_id": 3}, {"cam_R_m2c": [0.7769566178321838, -0.49618861079216003, 0.38747283816337585, -0.5609148740768433, -0.8250603675842285, 0.06818763166666031, 0.28585460782051086, -0.2703181207180023, -0.9193556308746338], "cam_t_m2c": [316.0279846191406, -33.11238479614258, 966.2378540039062], "obj_id": 3}, {"cam_R_m2c": [0.9971815347671509, 0.07490863651037216, -0.0042015970684587955, -0.045473046600818634, 0.6479806900024414, 0.7602980732917786, 0.05967544764280319, -0.7579641342163086, 0.6495607495307922], "cam_t_m2c": [233.3656463623047, -111.11312866210938, 594.395751953125], "obj_id": 3}, {"cam_R_m2c": [-0.2730270326137543, -0.5263981223106384, -0.8052088022232056, -0.9317535161972046, 0.35295507311820984, 0.08519408851861954, 0.23935654759407043, 0.7735164761543274, -0.5868396162986755], "cam_t_m2c": [328.475830078125, 150.87081909179688, 757.116943359375], "obj_id": 3}, {"cam_R_m2c": [0.01516775507479906, -0.9867721796035767, -0.16140151023864746, -0.2560189366340637, -0.1598716527223587, 0.9533599615097046, -0.9665526747703552, 0.02686157263815403, -0.2550572156906128], "cam_t_m2c": [187.38702392578125, -220.91433715820312, 641.1224975585938], "obj_id": 3}, {"cam_R_m2c": [-0.6577659845352173, -0.5702524185180664, 0.492093563079834, -0.4796641767024994, -0.18659399449825287, -0.857382595539093, 0.5807462334632874, -0.7999967932701111, -0.15079446136951447], "cam_t_m2c": [231.57850646972656, 20.359512329101562, 505.6059265136719], "obj_id": 3}, {"cam_R_m2c": [-0.521403968334198, -0.5875226259231567, -0.6188335418701172, -0.09775401651859283, 0.7615673542022705, -0.6406709551811218, 0.8476921319961548, -0.2735549509525299, -0.4545169174671173], "cam_t_m2c": [469.8230895996094, -255.7587890625, 673.1903686523438], "obj_id": 3}, {"cam_R_m2c": [-0.8513091802597046, -0.3423047959804535, 0.3976178467273712, -0.4846850633621216, 0.8032561540603638, -0.3462078869342804, -0.20088036358356476, -0.48744943737983704, -0.8497293591499329], "cam_t_m2c": [176.01490783691406, 50.1589469909668, 647.6610107421875], "obj_id": 3}, {"cam_R_m2c": [0.43804410099983215, 0.33650460839271545, 0.8335957527160645, -0.8988005518913269, 0.18104608356952667, 0.3992239534854889, -0.016578495502471924, -0.9241141080856323, 0.3817567527294159], "cam_t_m2c": [330.91998291015625, 189.66612243652344, 841.0654907226562], "obj_id": 3}, {"cam_R_m2c": [-0.503476083278656, -0.5537664890289307, -0.6632152199745178, -0.7300518751144409, -0.1378771811723709, 0.6693385243415833, -0.46209952235221863, 0.8211774826049805, -0.3348603844642639], "cam_t_m2c": [396.2368469238281, 134.95872497558594, 877.3472290039062], "obj_id": 3}, {"cam_R_m2c": [-0.9015575647354126, -0.43217796087265015, -0.02039920724928379, -0.2041717916727066, 0.3834032416343689, 0.9007307291030884, -0.38145485520362854, 0.816225528717041, -0.4338986873626709], "cam_t_m2c": [353.32427978515625, 168.8437042236328, 784.6739501953125], "obj_id": 3}, {"cam_R_m2c": [-0.756076991558075, -0.5033301711082458, 0.41833746433258057, -0.43753907084465027, 0.8640790581703186, 0.24885128438472748, -0.48673099279403687, 0.005111763719469309, -0.8735368847846985], "cam_t_m2c": [465.2911071777344, -122.95255279541016, 588.2523803710938], "obj_id": 3}, {"cam_R_m2c": [-0.0743926614522934, -0.24711036682128906, 0.966127336025238, -0.9943809509277344, -0.05478499457240105, -0.09058091789484024, 0.07531286031007767, -0.9674372673034668, -0.2416461557149887], "cam_t_m2c": [244.37168884277344, 83.66456604003906, 661.8514404296875], "obj_id": 3}, {"cam_R_m2c": [-0.8538370728492737, -0.4430074393749237, 0.2733248770236969, -0.46254652738571167, 0.4048476219177246, -0.788764238357544, 0.23877352476119995, -0.7999017238616943, -0.5505853891372681], "cam_t_m2c": [99.08667755126953, -113.58631896972656, 605.0631103515625], "obj_id": 3}, {"cam_R_m2c": [0.8590463995933533, -0.21216213703155518, 0.4658609926700592, -0.4228345453739166, 0.2188633233308792, 0.8793802857398987, -0.288531094789505, -0.9524106383323669, 0.09830427169799805], "cam_t_m2c": [90.0350341796875, 86.87867736816406, 890.1227416992188], "obj_id": 1}, {"cam_R_m2c": [-0.6556982398033142, -0.4313679337501526, -0.6196624040603638, 0.7546513676643372, -0.34868744015693665, -0.5558042526245117, 0.023687617853283882, -0.8320689797401428, 0.5541661977767944], "cam_t_m2c": [443.53497314453125, -133.26376342773438, 750.0736694335938], "obj_id": 1}, {"cam_R_m2c": [-0.35711103677749634, 0.7500227689743042, 0.5567201972007751, 0.23650500178337097, -0.5039935111999512, 0.8306959867477417, 0.9036243557929993, 0.4283178746700287, 0.0025975897442549467], "cam_t_m2c": [398.4952392578125, 130.38800048828125, 704.0545043945312], "obj_id": 1}, {"cam_R_m2c": [-0.0749320462346077, -0.8181025385856628, -0.5701697468757629, -0.5155572891235352, -0.45764607191085815, 0.7244037985801697, -0.853572428226471, 0.34823620319366455, -0.38748642802238464], "cam_t_m2c": [474.8052673339844, -187.2252197265625, 649.5888671875], "obj_id": 1}, {"cam_R_m2c": [0.027008436620235443, -0.3241453170776367, 0.9456216096878052, 0.689842700958252, 0.6906580924987793, 0.21704459190368652, -0.7234551906585693, 0.6464681625366211, 0.24226292967796326], "cam_t_m2c": [114.2359390258789, 135.62948608398438, 869.4611206054688], "obj_id": 1}, {"cam_R_m2c": [-0.5731195211410522, 0.2713368237018585, -0.7732466459274292, 0.10510101169347763, -0.9114602208137512, -0.39773619174957275, -0.8127040266990662, -0.3092193603515625, 0.49385786056518555], "cam_t_m2c": [98.26910400390625, 97.32793426513672, 597.5380249023438], "obj_id": 1}, {"cam_R_m2c": [0.9882375597953796, 0.13229387998580933, -0.07671315222978592, -0.0397714264690876, 0.706706166267395, 0.7063884139060974, 0.14766451716423035, -0.69502854347229, 0.7036550641059875], "cam_t_m2c": [172.320556640625, 214.4914093017578, 818.3450317382812], "obj_id": 1}, {"cam_R_m2c": [0.77597975730896, 0.4374038875102997, -0.4544593095779419, -0.554553747177124, 0.816399335861206, -0.1611282080411911, 0.3005421459674835, 0.3770543336868286, 0.8760733008384705], "cam_t_m2c": [286.306396484375, -169.3453826904297, 763.8109130859375], "obj_id": 1}, {"cam_R_m2c": [0.11656356602907181, 0.3549678325653076, -0.9275832772254944, -0.9929898977279663, 0.06007864698767662, -0.1017918586730957, 0.0195950698107481, 0.9329460263252258, 0.3594824969768524], "cam_t_m2c": [206.8466796875, -117.12064361572266, 676.5281982421875], "obj_id": 1}, {"cam_R_m2c": [-0.8586541414260864, -0.020282568410038948, -0.5121538043022156, -0.47351008653640747, 0.4139111042022705, 0.7774739861488342, 0.19621694087982178, 0.9100912809371948, -0.36501041054725647], "cam_t_m2c": [84.99175262451172, 99.84325408935547, 854.8558349609375], "obj_id": 1}, {"cam_R_m2c": [0.06710744649171829, -0.4545164406299591, 0.8882067799568176, -0.3239837884902954, -0.8519008755683899, -0.41145968437194824, 0.9436794519424438, -0.2601526379585266, -0.20442470908164978], "cam_t_m2c": [459.53643798828125, 30.680238723754883, 685.5328979492188], "obj_id": 1}, {"cam_R_m2c": [-0.5667781233787537, 0.8236174583435059, -0.020412564277648926, 0.8238672018051147, 0.5666707158088684, -0.011272498406469822, 0.002282974775880575, -0.023206248879432678, -0.9997279644012451], "cam_t_m2c": [346.7086486816406, -60.507259368896484, 905.1559448242188], "obj_id": 1}, {"cam_R_m2c": [0.03724148869514465, -0.9900804758071899, 0.13547588884830475, 0.913956344127655, 0.08856811374425888, 0.39602962136268616, -0.4041000306606293, 0.10907032340765, 0.9081887602806091], "cam_t_m2c": [92.53226470947266, 227.23365783691406, 796.5701904296875], "obj_id": 1}, {"cam_R_m2c": [0.14217890799045563, -0.6016691327095032, -0.7859894037246704, 0.8356323838233948, 0.49858441948890686, -0.23050381243228912, 0.5305690169334412, -0.6240254640579224, 0.5736624598503113], "cam_t_m2c": [148.2659454345703, -177.19979858398438, 610.799560546875], "obj_id": 1}, {"cam_R_m2c": [-0.9549094438552856, -0.17519064247608185, 0.23970013856887817, -0.20229145884513855, -0.20702701807022095, -0.9571927189826965, 0.21731562912464142, -0.9625217318534851, 0.1622525006532669], "cam_t_m2c": [415.6734313964844, 67.7658462524414, 912.83251953125], "obj_id": 1}, {"cam_R_m2c": [-0.23364117741584778, -0.8163194060325623, -0.5282372236251831, 0.3745616376399994, 0.4257819652557373, -0.8236585259437561, 0.8972823023796082, -0.39029788970947266, 0.20628167688846588], "cam_t_m2c": [416.103271484375, -56.47904586791992, 848.850830078125], "obj_id": 1}, {"cam_R_m2c": [-0.8741256594657898, 0.482706218957901, -0.053842488676309586, 0.48427996039390564, 0.8746685981750488, -0.020682571455836296, 0.03711072728037834, -0.044154006987810135, -0.9983352422714233], "cam_t_m2c": [349.5343322753906, 146.23802185058594, 740.373291015625], "obj_id": 1}, {"cam_R_m2c": [0.9682339429855347, 0.15795932710170746, -0.19383466243743896, 0.008336047641932964, 0.7543736100196838, 0.6563923358917236, 0.24990704655647278, -0.637157142162323, 0.7290933728218079], "cam_t_m2c": [299.05364990234375, 77.400146484375, 907.0613403320312], "obj_id": 1}, {"cam_R_m2c": [-0.7322328686714172, 0.2537453770637512, -0.6320189833641052, -0.5155525803565979, -0.8128957152366638, 0.2709349989891052, -0.44501712918281555, 0.5242266058921814, 0.7260483503341675], "cam_t_m2c": [408.7668151855469, 20.325918197631836, 837.9544677734375], "obj_id": 1}, {"cam_R_m2c": [0.978880763053894, 0.08811274915933609, -0.1844683140516281, 0.18467450141906738, -0.768145740032196, 0.6130640506744385, -0.08767977356910706, -0.6341832280158997, -0.7681952714920044], "cam_t_m2c": [291.9690856933594, -267.6903991699219, 665.3789672851562], "obj_id": 1}, {"cam_R_m2c": [-0.08427659422159195, 0.9938112497329712, 0.07236374914646149, -0.588146984577179, 0.009009589441120625, -0.8087037801742554, -0.8043509721755981, -0.1107153668999672, 0.583747923374176], "cam_t_m2c": [140.85610961914062, -46.56486129760742, 675.598388671875], "obj_id": 1}, {"cam_R_m2c": [-0.08144475519657135, 0.7503423690795898, 0.656013011932373, 0.05970190092921257, -0.6533448696136475, 0.754702627658844, 0.9948881268501282, 0.10063181817531586, 0.008414695970714092], "cam_t_m2c": [307.544921875, 31.30748176574707, 677.0411376953125], "obj_id": 1}, {"cam_R_m2c": [-0.7883388996124268, 0.4524790048599243, -0.4168742299079895, -0.232114776968956, 0.40876898169517517, 0.8826270699501038, 0.5697754621505737, 0.7925720810890198, -0.21722131967544556], "cam_t_m2c": [177.40406799316406, -185.8837432861328, 756.1629028320312], "obj_id": 1}, {"cam_R_m2c": [-0.6260758638381958, -0.21052007377147675, 0.7508061528205872, -0.6564452648162842, 0.661961555480957, -0.36178237199783325, -0.42084231972694397, -0.7193664908409119, -0.5526329874992371], "cam_t_m2c": [359.14263916015625, -185.6574249267578, 689.2415771484375], "obj_id": 1}, {"cam_R_m2c": [0.09013722091913223, 0.9453612565994263, 0.31331667304039, -0.8437983393669128, -0.09462278336286545, 0.5282526612281799, 0.5290364623069763, -0.31199130415916443, 0.7891652584075928], "cam_t_m2c": [159.960205078125, -208.0958709716797, 803.7077026367188], "obj_id": 1}, {"cam_R_m2c": [-0.7223130464553833, 0.1573847234249115, 0.6734193563461304, 0.159128338098526, 0.9854555130004883, -0.059628717601299286, -0.67300945520401, 0.06408950686454773, -0.7368517518043518], "cam_t_m2c": [158.43177795410156, -156.55548095703125, 756.4222412109375], "obj_id": 1}, {"cam_R_m2c": [-0.6494706273078918, 0.749053955078125, 0.13078981637954712, -0.4009817838668823, -0.19124267995357513, -0.895901620388031, -0.6460660696029663, -0.6343061923980713, 0.42456355690956116], "cam_t_m2c": [353.7680969238281, 79.40621185302734, 840.5730590820312], "obj_id": 1}, {"cam_R_m2c": [0.9349825382232666, -0.06814988702535629, 0.34808507561683655, 0.14883124828338623, -0.8154144287109375, -0.5594179034233093, 0.32195788621902466, 0.574851930141449, -0.7522554397583008], "cam_t_m2c": [223.10562133789062, 125.67645263671875, 645.3378295898438], "obj_id": 1}, {"cam_R_m2c": [-0.5115395784378052, -0.7797836661338806, -0.3609218895435333, 0.23470720648765564, -0.5308681130409241, 0.8143043518066406, -0.826583206653595, 0.331837922334671, 0.4545809328556061], "cam_t_m2c": [324.3528137207031, 86.34201049804688, 579.7205810546875], "obj_id": 1}, {"cam_R_m2c": [-0.53594970703125, 0.18662577867507935, -0.8233641386032104, -0.7567406296730042, -0.5385796427726746, 0.3705069124698639, -0.37430110573768616, 0.8216462731361389, 0.4298790991306305], "cam_t_m2c": [192.58541870117188, -51.42435836791992, 714.2481079101562], "obj_id": 1}, {"cam_R_m2c": [-0.355074942111969, -0.23201371729373932, -0.9055889844894409, 0.9280456304550171, 0.029077617451548576, -0.37132978439331055, 0.11248596757650375, -0.972277820110321, 0.2049945890903473], "cam_t_m2c": [290.7364196777344, -105.78166198730469, 588.1018676757812], "obj_id": 1}, {"cam_R_m2c": [0.3626631200313568, -0.9219034910202026, 0.13626937568187714, -0.5772977471351624, -0.3370334208011627, -0.743730902671814, 0.7315754890441895, 0.19105572998523712, -0.6544424295425415], "cam_t_m2c": [431.4225769042969, -19.815258026123047, 869.4409790039062], "obj_id": 1}, {"cam_R_m2c": [0.6820085048675537, 0.0933908000588417, -0.7253568172454834, -0.5346969962120056, 0.7403417229652405, -0.40742263197898865, 0.4989624321460724, 0.6657118201255798, 0.5548551678657532], "cam_t_m2c": [331.5516357421875, -85.78924560546875, 933.4586181640625], "obj_id": 1}, {"cam_R_m2c": [-0.5559243559837341, -0.39042598009109497, -0.7338361144065857, -0.18141204118728638, 0.9185342788696289, -0.3512612581253052, 0.8111951351165771, -0.06214800477027893, -0.5814635157585144], "cam_t_m2c": [353.056884765625, 126.77891540527344, 744.439453125], "obj_id": 1}, {"cam_R_m2c": [-0.2975539267063141, 0.9261512160301208, 0.2317441999912262, 0.7420297265052795, 0.3770865201950073, -0.5542540550231934, -0.6007107496261597, 0.007040570955723524, -0.7994352579116821], "cam_t_m2c": [390.5345764160156, -77.01144409179688, 604.7901000976562], "obj_id": 1}, {"cam_R_m2c": [-0.3168158233165741, 0.943260908126831, -0.09942980110645294, 0.5254437327384949, 0.2618170380592346, 0.8095434308052063, 0.7896431684494019, 0.20423151552677155, -0.5785782933235168], "cam_t_m2c": [122.49510192871094, -131.25872802734375, 647.9661254882812], "obj_id": 1}, {"cam_R_m2c": [-0.8852236866950989, -0.23223064839839935, 0.40304842591285706, 0.043714892119169235, 0.8210951089859009, 0.5691149830818176, -0.46310704946517944, 0.521413266658783, -0.7167009115219116], "cam_t_m2c": [334.42034912109375, 96.44316864013672, 875.4918212890625], "obj_id": 1}, {"cam_R_m2c": [0.33883628249168396, -0.04975972697138786, -0.9395285844802856, -0.9096531867980957, -0.2723265290260315, -0.313638836145401, -0.24025195837020874, 0.9609174132347107, -0.13753820955753326], "cam_t_m2c": [111.96619415283203, -148.70628356933594, 799.9742431640625], "obj_id": 1}, {"cam_R_m2c": [-0.9464037418365479, 0.04968390241265297, 0.3191414773464203, -0.1107793003320694, 0.8782280087471008, -0.4652348756790161, -0.3033936619758606, -0.47565433382987976, -0.8256542682647705], "cam_t_m2c": [334.52734375, -273.4096984863281, 699.7886962890625], "obj_id": 1}, {"cam_R_m2c": [-0.47467178106307983, -0.05503544956445694, 0.8784404397010803, -0.700089156627655, 0.6284956336021423, -0.33892232179641724, -0.5334432125091553, -0.7758635878562927, -0.3368588387966156], "cam_t_m2c": [153.0408477783203, -111.3871078491211, 617.7156982421875], "obj_id": 1}, {"cam_R_m2c": [0.1544836312532425, -0.7319079041481018, 0.6636608242988586, 0.7961786389350891, 0.4899621307849884, 0.3550165593624115, -0.5850080847740173, 0.4735482931137085, 0.6584205031394958], "cam_t_m2c": [266.5766906738281, 120.34712982177734, 748.6056518554688], "obj_id": 1}, {"cam_R_m2c": [-0.8829396963119507, 0.3799208402633667, 0.27582135796546936, -0.46090030670166016, -0.8132742047309875, -0.3551841378211975, 0.0893765464425087, -0.4407323896884918, 0.8931779265403748], "cam_t_m2c": [283.91864013671875, -42.924251556396484, 718.234619140625], "obj_id": 1}, {"cam_R_m2c": [-0.8507540225982666, -0.5244287848472595, 0.03452653810381889, 0.254332959651947, -0.4683004319667816, -0.8461734056472778, 0.4599265158176422, -0.7111042141914368, 0.5317879915237427], "cam_t_m2c": [385.3235168457031, -145.5037078857422, 723.51123046875], "obj_id": 1}, {"cam_R_m2c": [-0.6165751218795776, 0.7587983012199402, -0.2099054753780365, -0.7451366186141968, -0.4763578772544861, 0.466748982667923, 0.2541781961917877, 0.4441940486431122, 0.8591187596321106], "cam_t_m2c": [280.9330749511719, 114.94596099853516, 802.238037109375], "obj_id": 1}, {"cam_R_m2c": [0.12901979684829712, 0.20113517343997955, -0.9710296392440796, 0.36911314725875854, -0.9185911417007446, -0.1412295550107956, -0.920385479927063, -0.3401983976364136, -0.19275808334350586], "cam_t_m2c": [153.93258666992188, 145.04583740234375, 784.2536010742188], "obj_id": 1}, {"cam_R_m2c": [0.22383689880371094, -0.925142228603363, 0.3066083788871765, -0.953019380569458, -0.1418866366147995, 0.2676227390766144, -0.20408546924591064, -0.35210758447647095, -0.9134379625320435], "cam_t_m2c": [326.8372497558594, -173.85276794433594, 682.6487426757812], "obj_id": 1}, {"cam_R_m2c": [-0.07713554054498672, 0.5580248236656189, -0.8262314200401306, 0.9967265725135803, 0.023035427555441856, -0.07749494910240173, -0.024211540818214417, -0.8295044302940369, -0.5579749941825867], "cam_t_m2c": [146.55235290527344, -135.1606903076172, 769.2673950195312], "obj_id": 1}, {"cam_R_m2c": [-0.20884142816066742, -0.9755001068115234, 0.06917036324739456, -0.9186577200889587, 0.21994192898273468, 0.3281666338443756, -0.33534008264541626, 0.004990930203348398, -0.9420837163925171], "cam_t_m2c": [259.4605712890625, 143.2740478515625, 771.617431640625], "obj_id": 1}, {"cam_R_m2c": [-0.8936492800712585, 0.10023906081914902, 0.437427282333374, 0.31481388211250305, -0.5546236038208008, 0.770249605178833, 0.3198167085647583, 0.8260414004325867, 0.4640827178955078], "cam_t_m2c": [450.8367614746094, -6.569400310516357, 593.62158203125], "obj_id": 1}, {"cam_R_m2c": [0.8990762233734131, 0.13727912306785583, -0.4157119393348694, 0.4282872676849365, -0.4725961983203888, 0.7702094316482544, -0.09073024243116379, -0.8705211281776428, -0.4836949110031128], "cam_t_m2c": [325.8923645019531, -241.47323608398438, 682.610595703125], "obj_id": 1}, {"cam_R_m2c": [0.825577974319458, 0.5539015531539917, -0.10776877403259277, 0.00959573220461607, 0.1771736890077591, 0.9841328263282776, 0.5642064809799194, -0.8135124444961548, 0.1409556120634079], "cam_t_m2c": [338.46429443359375, -250.09014892578125, 743.035400390625], "obj_id": 1}, {"cam_R_m2c": [0.15577903389930725, -0.174101784825325, -0.9723278284072876, -0.6413826942443848, -0.7664457559585571, 0.034479789435863495, -0.7512396574020386, 0.6182630658149719, -0.23106195032596588], "cam_t_m2c": [461.2724914550781, -149.4203643798828, 590.223388671875], "obj_id": 1}, {"cam_R_m2c": [0.5795818567276001, 0.5686735510826111, 0.5836910605430603, -0.26544392108917236, 0.8089402914047241, -0.5245522856712341, -0.7704702019691467, 0.14908373355865479, 0.6197980642318726], "cam_t_m2c": [389.9414978027344, -139.68055725097656, 726.0946044921875], "obj_id": 1}, {"cam_R_m2c": [-0.9116573929786682, 0.3960370719432831, -0.10970570147037506, -0.28744393587112427, -0.42374086380004883, 0.8589642643928528, 0.2936949133872986, 0.8146153688430786, 0.5001450181007385], "cam_t_m2c": [354.65478515625, -75.13800811767578, 820.4835815429688], "obj_id": 1}, {"cam_R_m2c": [-0.7699539065361023, 0.6132826805114746, 0.17622525990009308, -0.5582459568977356, -0.5136297345161438, -0.6515719294548035, -0.3090832531452179, -0.6000573635101318, 0.7378337383270264], "cam_t_m2c": [410.7148132324219, 141.86317443847656, 868.6316528320312], "obj_id": 3}, {"cam_R_m2c": [0.38839536905288696, -0.9197574853897095, -0.05652518570423126, -0.04599018394947052, 0.04191688820719719, -0.9980619549751282, 0.9203444123268127, 0.39024218916893005, -0.026019427925348282], "cam_t_m2c": [178.49716186523438, -12.882678985595703, 917.0586547851562], "obj_id": 1}, {"cam_R_m2c": [0.4971897304058075, 0.6863968968391418, 0.5307180285453796, 0.8673291206359863, -0.4096103012561798, -0.28277140855789185, 0.023294145241379738, 0.600898265838623, -0.7989860773086548], "cam_t_m2c": [397.69720458984375, -19.586074829101562, 529.464111328125], "obj_id": 1}, {"cam_R_m2c": [-0.028841985389590263, -0.3728352189064026, -0.9274492263793945, -0.407828688621521, 0.8514865636825562, -0.3296155035495758, 0.9126028418540955, 0.36873364448547363, -0.17661146819591522], "cam_t_m2c": [170.22625732421875, 151.16024780273438, 681.2486572265625], "obj_id": 1}, {"cam_R_m2c": [-0.29414764046669006, -0.4041052758693695, 0.8661269545555115, 0.7991094589233398, 0.3931480050086975, 0.45481714606285095, -0.5243100523948669, 0.8259137272834778, 0.20728087425231934], "cam_t_m2c": [421.7085266113281, -49.47237777709961, 541.8370971679688], "obj_id": 1}, {"cam_R_m2c": [-0.9701371788978577, -0.1553008258342743, -0.18632082641124725, 0.2396036982536316, -0.7330834269523621, -0.6365364789962769, -0.03773408383131027, -0.6621708869934082, 0.7484022378921509], "cam_t_m2c": [324.732177734375, 99.64153289794922, 904.7935180664062], "obj_id": 3}, {"cam_R_m2c": [0.10577671974897385, -0.7814859747886658, -0.6148911118507385, 0.9272476434707642, -0.1458505094051361, 0.3448762893676758, -0.35919809341430664, -0.6066362261772156, 0.70920330286026], "cam_t_m2c": [296.564697265625, 73.6930923461914, 609.391845703125], "obj_id": 1}, {"cam_R_m2c": [0.8370967507362366, 0.28365179896354675, 0.46777206659317017, 0.5392328500747681, -0.28375372290611267, -0.7929134964942932, -0.0921792984008789, 0.9159833788871765, -0.39048367738723755], "cam_t_m2c": [79.99404907226562, 94.70481872558594, 637.43115234375], "obj_id": 1}, {"cam_R_m2c": [0.5921856164932251, 0.03962794691324234, -0.8048264980316162, 0.19346033036708832, 0.9625855684280396, 0.18974237143993378, 0.782233476638794, -0.2680647075176239, 0.5623629093170166], "cam_t_m2c": [419.3576965332031, 26.369731903076172, 950.2783203125], "obj_id": 1}, {"cam_R_m2c": [0.047537315636873245, 0.9217531085014343, 0.3848523199558258, 0.7351167798042297, -0.29313820600509644, 0.6112881302833557, 0.6762717366218567, 0.2538524270057678, -0.6915311813354492], "cam_t_m2c": [139.5882110595703, -207.72964477539062, 786.8004760742188], "obj_id": 3}, {"cam_R_m2c": [0.8640526533126831, -0.4538787603378296, 0.21773174405097961, 0.4697287082672119, 0.8824706077575684, -0.024505645036697388, -0.18101927638053894, 0.12344902008771896, 0.9757009744644165], "cam_t_m2c": [204.92010498046875, -107.19281005859375, 611.76318359375], "obj_id": 1}, {"cam_R_m2c": [-0.5224934816360474, 0.1753978282213211, 0.8344077467918396, 0.19428201019763947, -0.9283789992332458, 0.3168075978755951, 0.8302139639854431, 0.3276402950286865, 0.45099523663520813], "cam_t_m2c": [428.4109191894531, -77.8968505859375, 1001.53662109375], "obj_id": 1}, {"cam_R_m2c": [-0.881191611289978, -0.4726067781448364, 0.011992145329713821, -0.003258632030338049, -0.019293684512376785, -0.9998084306716919, 0.47274765372276306, -0.8810620903968811, 0.015461553819477558], "cam_t_m2c": [275.56585693359375, -23.31652069091797, 902.1993408203125], "obj_id": 3}, {"cam_R_m2c": [0.271256685256958, 0.8479976058006287, 0.45532405376434326, 0.4592369496822357, 0.3017159700393677, -0.8355052471160889, -0.8458849787712097, 0.4357380270957947, -0.3075893819332123], "cam_t_m2c": [346.0470886230469, 9.482442855834961, 517.04150390625], "obj_id": 1}, {"cam_R_m2c": [-0.2737073302268982, -0.44167399406433105, 0.8544052243232727, 0.8489139080047607, 0.30665844678878784, 0.4304714500904083, -0.45213860273361206, 0.8431397080421448, 0.2910086214542389], "cam_t_m2c": [233.7818145751953, 3.1017873287200928, 577.0963134765625], "obj_id": 3}, {"cam_R_m2c": [-0.46616530418395996, 0.6844364404678345, -0.5605681538581848, 0.6492828726768494, 0.6950709223747253, 0.3087202310562134, 0.6009340286254883, -0.22005262970924377, -0.7684108018875122], "cam_t_m2c": [366.01019287109375, 163.37867736816406, 824.4639892578125], "obj_id": 3}, {"cam_R_m2c": [0.7061891555786133, 0.24594277143478394, 0.6639345288276672, 0.6427739858627319, 0.1705004870891571, -0.7468407154083252, -0.29688122868537903, 0.9541706442832947, -0.03768002241849899], "cam_t_m2c": [315.86962890625, 15.073346138000488, 779.8642578125], "obj_id": 3}, {"cam_R_m2c": [0.5118350386619568, -0.0060552009381353855, 0.8590624332427979, -0.22929514944553375, -0.9646613001823425, 0.12981602549552917, 0.8279182314872742, -0.26342323422431946, -0.4951358437538147], "cam_t_m2c": [415.793701171875, 143.66098022460938, 861.396484375], "obj_id": 3}, {"cam_R_m2c": [-0.2835862934589386, -0.8787012100219727, 0.38400891423225403, 0.4411603510379791, -0.47510191798210144, -0.7613511681556702, 0.8514435887336731, -0.04649928957223892, 0.5223806500434875], "cam_t_m2c": [399.5255126953125, -111.26534271240234, 731.71533203125], "obj_id": 1}, {"cam_R_m2c": [0.9348437190055847, -0.1800469607114792, -0.30602332949638367, 0.3549806475639343, 0.45579013228416443, 0.81623774766922, -0.007478721905499697, -0.871687114238739, 0.4900057315826416], "cam_t_m2c": [312.430908203125, -58.19040298461914, 978.0004272460938], "obj_id": 3}, {"cam_R_m2c": [-0.4294307827949524, -0.8455038666725159, 0.3173522651195526, 0.4865047335624695, -0.51263827085495, -0.7074709534645081, 0.7608563303947449, -0.14941641688346863, 0.6314842700958252], "cam_t_m2c": [159.1813201904297, 8.655549049377441, 755.8330078125], "obj_id": 3}, {"cam_R_m2c": [0.3960496187210083, 0.8778875470161438, 0.26918044686317444, 0.8693545460700989, -0.45286116003990173, 0.1978365182876587, 0.29557961225509644, 0.15566019713878632, -0.9425510168075562], "cam_t_m2c": [340.9673767089844, -125.2796630859375, 884.5234985351562], "obj_id": 3}, {"cam_R_m2c": [0.8131206631660461, -0.4946326017379761, -0.3068767786026001, 0.15499424934387207, 0.6921388506889343, -0.7049258947372437, 0.5610806941986084, 0.5256256461143494, 0.639457643032074], "cam_t_m2c": [434.2381591796875, -48.69211959838867, 614.7783813476562], "obj_id": 1}, {"cam_R_m2c": [0.20151543617248535, -0.8909032344818115, 0.40704166889190674, 0.9619375467300415, 0.10169784724712372, -0.25364065170288086, 0.18457403779029846, 0.44266119599342346, 0.8774870038032532], "cam_t_m2c": [473.37109375, -229.73101806640625, 728.0969848632812], "obj_id": 3}, {"cam_R_m2c": [-0.9778665900230408, 0.20190274715423584, -0.05488312244415283, -0.02744264528155327, 0.136278435587883, 0.9902904033660889, 0.20742173492908478, 0.9698780179023743, -0.12772132456302643], "cam_t_m2c": [340.9539489746094, 98.97595977783203, 776.1446533203125], "obj_id": 3}, {"cam_R_m2c": [-0.39464902877807617, -0.9160623550415039, 0.07128659635782242, -0.19956040382385254, 0.00972325075417757, -0.9798372387886047, 0.8968989253044128, -0.4009178578853607, -0.1866469830274582], "cam_t_m2c": [176.89927673339844, -44.17923355102539, 720.67333984375], "obj_id": 1}, {"cam_R_m2c": [-0.7470959424972534, -0.3860703408718109, 0.5411073565483093, 0.6643997430801392, -0.40859997272491455, 0.6257945895195007, -0.02050425112247467, 0.8270402550697327, 0.5617685914039612], "cam_t_m2c": [426.3534851074219, -137.18885803222656, 811.3670654296875], "obj_id": 1}, {"cam_R_m2c": [-0.7612314224243164, -0.6044851541519165, -0.23478542268276215, -0.5162881016731262, 0.7840172052383423, -0.3446209728717804, 0.3923940658569336, -0.14111942052841187, -0.9089069962501526], "cam_t_m2c": [475.9278564453125, -152.4005889892578, 660.4722290039062], "obj_id": 1}, {"cam_R_m2c": [0.48166897892951965, 0.28597089648246765, 0.8283812999725342, 0.6652398705482483, -0.7346528768539429, -0.1331947147846222, 0.5704829692840576, 0.6152280569076538, -0.5440986752510071], "cam_t_m2c": [132.8259735107422, 158.45733642578125, 831.6207275390625], "obj_id": 1}, {"cam_R_m2c": [0.20598497986793518, 0.9153713583946228, 0.3459268808364868, 0.7622509598731995, -0.3717702329158783, 0.5298681855201721, 0.6136314868927002, 0.15453822910785675, -0.7743217349052429], "cam_t_m2c": [479.3059997558594, -252.8983917236328, 672.3331298828125], "obj_id": 1}, {"cam_R_m2c": [-0.0847434476017952, -0.5710206627845764, 0.8165500164031982, -0.981890857219696, 0.18721197545528412, 0.029015997424721718, -0.16943663358688354, -0.7993040680885315, -0.5765449404716492], "cam_t_m2c": [307.31622314453125, 126.4375, 813.416748046875], "obj_id": 3}, {"cam_R_m2c": [0.8041640520095825, -0.5328871011734009, 0.26334652304649353, 0.35236576199531555, 0.07056938856840134, -0.9331977367401123, 0.47870495915412903, 0.8432384133338928, 0.24452060461044312], "cam_t_m2c": [399.81219482421875, 65.66726684570312, 712.7186279296875], "obj_id": 3}, {"cam_R_m2c": [0.5848585367202759, 0.8105947375297546, 0.02960752509534359, 0.672642707824707, -0.5050761699676514, 0.5407862067222595, 0.45331254601478577, -0.29636815190315247, -0.8406386971473694], "cam_t_m2c": [227.38070678710938, -16.60318946838379, 655.90576171875], "obj_id": 3}, {"cam_R_m2c": [0.06784391403198242, 0.07782956957817078, -0.9946555495262146, -0.7729373574256897, 0.6344748735427856, -0.003074571257457137, 0.6308446526527405, 0.7690150737762451, 0.10320267081260681], "cam_t_m2c": [180.97979736328125, 110.0303726196289, 620.2964477539062], "obj_id": 1}, {"cam_R_m2c": [-0.030555659905076027, 0.6726422309875488, -0.7393367290496826, 0.5975869297981262, -0.5806325078010559, -0.5529518127441406, -0.8012216687202454, -0.4587137997150421, -0.38422060012817383], "cam_t_m2c": [358.5687561035156, -38.175899505615234, 793.4844360351562], "obj_id": 3}, {"cam_R_m2c": [-0.8592715859413147, 0.2991854250431061, 0.41489797830581665, -0.5063109397888184, -0.612922191619873, -0.6066098809242249, 0.07281135767698288, -0.7313100695610046, 0.678147554397583], "cam_t_m2c": [155.3863525390625, -53.25086975097656, 657.5350341796875], "obj_id": 1}, {"cam_R_m2c": [0.298566997051239, -0.6974883675575256, 0.6514350771903992, 0.7521565556526184, 0.592113733291626, 0.2892434895038605, -0.587467610836029, 0.4036226272583008, 0.7014061212539673], "cam_t_m2c": [212.61805725097656, -83.89753723144531, 572.8435668945312], "obj_id": 1}, {"cam_R_m2c": [0.5931047201156616, 0.09230078011751175, 0.7998170852661133, 0.27164018154144287, 0.9122183918952942, -0.3067070543766022, -0.7579171657562256, 0.3991718590259552, 0.5159684419631958], "cam_t_m2c": [261.6789245605469, -68.62783813476562, 839.1795043945312], "obj_id": 3}, {"cam_R_m2c": [0.501126229763031, 0.5029160380363464, -0.7042356729507446, 0.17717567086219788, -0.8561807870864868, -0.4853484630584717, -0.8470426797866821, 0.11844740808010101, -0.5181591510772705], "cam_t_m2c": [479.5304870605469, 152.4054412841797, 834.5591430664062], "obj_id": 3}, {"cam_R_m2c": [-0.8402954936027527, -0.5175463557243347, -0.16139808297157288, -0.5134037733078003, 0.8553106188774109, -0.0697159394621849, 0.17412671446800232, 0.02428038977086544, -0.9844239354133606], "cam_t_m2c": [474.1386413574219, -47.110782623291016, 984.8841552734375], "obj_id": 3}, {"cam_R_m2c": [0.8596293926239014, -0.005606879945844412, -0.5108873248100281, 0.29280731081962585, 0.8248423933982849, 0.4836309850215912, 0.41868987679481506, -0.5653349757194519, 0.7107004523277283], "cam_t_m2c": [175.37156677246094, -157.56680297851562, 624.635986328125], "obj_id": 1}, {"cam_R_m2c": [-0.759445071220398, -0.47255435585975647, -0.44714125990867615, -0.6478179097175598, 0.486136257648468, 0.5865180492401123, -0.05979010462760925, 0.735094428062439, -0.675322949886322], "cam_t_m2c": [287.0487976074219, -88.52873229980469, 955.0037231445312], "obj_id": 1}, {"cam_R_m2c": [0.26142260432243347, 0.5834559202194214, -0.7689196467399597, -0.013521050103008747, -0.7943308353424072, -0.6073349118232727, -0.9651297330856323, 0.1691676676273346, -0.1997670829296112], "cam_t_m2c": [284.1866455078125, -108.73112487792969, 970.7743530273438], "obj_id": 3}, {"cam_R_m2c": [-0.877287745475769, -0.47468695044517517, -0.07098029553890228, 0.14028868079185486, -0.11217428743839264, -0.9837356805801392, 0.45900434255599976, -0.8729771375656128, 0.1650025099515915], "cam_t_m2c": [383.55718994140625, 42.351898193359375, 775.4578857421875], "obj_id": 3}, {"cam_R_m2c": [-0.5822621583938599, -0.19050005078315735, 0.7903672456741333, 0.579510509967804, -0.7790879607200623, 0.23914295434951782, 0.5702089071273804, 0.5972700715065002, 0.5640303492546082], "cam_t_m2c": [126.99031829833984, 226.723388671875, 816.470947265625], "obj_id": 3}, {"cam_R_m2c": [0.931177020072937, 0.3065425753593445, 0.19733478128910065, 0.0014907318400219083, -0.5444818735122681, 0.8387712836265564, 0.36456432938575745, -0.7807503342628479, -0.5074659585952759], "cam_t_m2c": [325.8900451660156, 181.9909210205078, 843.8333740234375], "obj_id": 3}, {"cam_R_m2c": [0.40108123421669006, 0.652206540107727, -0.6432421207427979, -0.874285101890564, 0.482138454914093, -0.05628589913249016, 0.2734217345714569, 0.5849522352218628, 0.7635911703109741], "cam_t_m2c": [132.16305541992188, -159.53793334960938, 714.7122192382812], "obj_id": 3}, {"cam_R_m2c": [-0.8390976190567017, -0.2115398645401001, -0.5011648535728455, -0.07104631513357162, -0.870783269405365, 0.48650693893432617, -0.5393215417861938, 0.4438326954841614, 0.7156429886817932], "cam_t_m2c": [218.6318817138672, 38.431461334228516, 776.876708984375], "obj_id": 3}, {"cam_R_m2c": [-0.29611581563949585, 0.9146667122840881, -0.27513617277145386, 0.8102154731750488, 0.08798729628324509, -0.5794902443885803, -0.5058320164680481, -0.39451590180397034, -0.767131507396698], "cam_t_m2c": [220.24136352539062, -148.34677124023438, 593.1053466796875], "obj_id": 3}, {"cam_R_m2c": [0.9253630638122559, -0.34922048449516296, 0.14747264981269836, 0.3774632215499878, 0.8847421407699585, -0.2734096050262451, -0.03499501943588257, 0.30866867303848267, 0.9505256414413452], "cam_t_m2c": [166.39144897460938, -2.35805344581604, 926.7476806640625], "obj_id": 1}, {"cam_R_m2c": [-0.8744529485702515, 0.38102826476097107, -0.3002486824989319, 0.1364094465970993, -0.40082240104675293, -0.9059435129165649, -0.46553653478622437, -0.8331618309020996, 0.2985246777534485], "cam_t_m2c": [217.72019958496094, -258.4349670410156, 698.5595092773438], "obj_id": 3}, {"cam_R_m2c": [-0.8207523822784424, 0.5136043429374695, -0.2501519024372101, -0.3949699103832245, -0.1937880516052246, 0.8980227708816528, 0.4127519726753235, 0.8358568549156189, 0.36191031336784363], "cam_t_m2c": [210.57034301757812, 6.469671726226807, 712.4506225585938], "obj_id": 1}, {"cam_R_m2c": [-0.5322391390800476, 0.8165603876113892, 0.22349652647972107, -0.5963138937950134, -0.17419981956481934, -0.7836225032806396, -0.6009420156478882, -0.5503485798835754, 0.5796422362327576], "cam_t_m2c": [315.6346435546875, 176.28125, 822.9177856445312], "obj_id": 3}, {"cam_R_m2c": [0.8315029144287109, -0.3942700922489166, 0.3913488984107971, -0.4748319387435913, -0.1387786716222763, 0.8690655827522278, -0.2883357107639313, -0.9084555506706238, -0.3026069104671478], "cam_t_m2c": [330.52215576171875, 25.65003776550293, 566.8930053710938], "obj_id": 3}, {"cam_R_m2c": [-0.5228083729743958, -0.1794353425502777, 0.8333512544631958, 0.812807023525238, -0.3995858430862427, 0.4238819181919098, 0.2569359838962555, 0.8989627957344055, 0.35475316643714905], "cam_t_m2c": [322.1742858886719, -18.78159523010254, 567.8319091796875], "obj_id": 1}, {"cam_R_m2c": [-0.016395719721913338, -0.18604634702205658, -0.9824042320251465, 0.9070695638656616, -0.4161384403705597, 0.06366933137178421, -0.4206615388393402, -0.8900650143623352, 0.17557978630065918], "cam_t_m2c": [485.4443359375, -151.61390686035156, 617.9706420898438], "obj_id": 1}, {"cam_R_m2c": [0.7176688313484192, 0.6849809885025024, 0.12550894916057587