{
  "0": [{"cam_R_m2c": [0.051781103014945984, -0.08856078237295151, -0.9947239756584167, -0.022841215133666992, 0.9956945776939392, -0.08983621746301651, 0.9983972311019897, 0.02737252414226532, 0.04953532665967941], "cam_t_m2c": [174.9547882080078, -115.50482940673828, 764.5392456054688], "obj_id": 3}, {"cam_R_m2c": [-0.9889808893203735, 0.05940568074584007, -0.13560104370117188, 0.013686340302228928, -0.8753471970558167, -0.4833010733127594, -0.14740882813930511, -0.47983142733573914, 0.8648886680603027], "cam_t_m2c": [251.625, -202.75567626953125, 488.8629150390625], "obj_id": 3}, {"cam_R_m2c": [-0.16101624071598053, 0.8005806803703308, 0.5771863460540771, 0.5771318078041077, -0.39803025126457214, 0.7130852341651917, 0.8006200194358826, 0.4479310214519501, -0.3979511260986328], "cam_t_m2c": [440.8587951660156, -168.96771240234375, 572.56982421875], "obj_id": 3}, {"cam_R_m2c": [-0.6191914677619934, 0.23854589462280273, -0.7481296062469482, 0.15655305981636047, -0.8961111903190613, -0.4153023362159729, -0.7694759368896484, -0.3742736279964447, 0.5175192356109619], "cam_t_m2c": [192.65768432617188, -196.18446350097656, 491.92633056640625], "obj_id": 3}, {"cam_R_m2c": [0.8596522808074951, -0.46471619606018066, -0.21221889555454254, -0.4148625433444977, -0.8774243593215942, 0.24086371064186096, -0.2981393337249756, -0.1190173551440239, -0.9470731616020203], "cam_t_m2c": [72.03224182128906, -120.59390258789062, 522.4570922851562], "obj_id": 3}, {"cam_R_m2c": [0.9618522524833679, -0.2301965355873108, 0.14781662821769714, -0.20504115521907806, -0.9643113017082214, -0.16751709580421448, 0.18110308051109314, 0.1308182030916214, -0.9747247695922852], "cam_t_m2c": [195.08734130859375, 43.552207946777344, 704.0401000976562], "obj_id": 3}, {"cam_R_m2c": [0.20481973886489868, -0.8128122687339783, 0.5453301668167114, 0.8485113978385925, -0.13028933107852936, -0.5128868222236633, 0.487931489944458, 0.5677682161331177, 0.6629948019981384], "cam_t_m2c": [271.0238342285156, 33.52558898925781, 796.2882690429688], "obj_id": 3}, {"cam_R_m2c": [-0.06426698714494705, 0.7717347145080566, 0.6326889395713806, 0.9970676302909851, 0.07605034857988358, 0.008515802212059498, -0.041544266045093536, 0.6313809156417847, -0.7743592262268066], "cam_t_m2c": [178.60919189453125, -87.59428405761719, 796.700927734375], "obj_id": 3}, {"cam_R_m2c": [-0.4586251378059387, -0.8875862956047058, -0.04305373132228851, 0.40966713428497314, -0.2541763186454773, 0.8761091828346252, -0.7885657548904419, 0.38416796922683716, 0.4801865220069885], "cam_t_m2c": [225.54531860351562, -268.109375, 462.1373596191406], "obj_id": 3}, {"cam_R_m2c": [-0.5732541084289551, 0.7839195728302002, 0.23843184113502502, -0.07415417581796646, 0.24016255140304565, -0.9678962230682373, -0.8160151839256287, -0.5725312232971191, -0.07954320311546326], "cam_t_m2c": [278.41326904296875, -148.31661987304688, 524.3636474609375], "obj_id": 3}, {"cam_R_m2c": [0.6815672516822815, 0.04191943258047104, -0.7305538058280945, 0.08859679102897644, -0.9957406520843506, 0.02552007883787155, -0.7263723015785217, -0.08211836963891983, -0.6823781132698059], "cam_t_m2c": [458.81549072265625, 41.07658386230469, 639.4873657226562], "obj_id": 3}, {"cam_R_m2c": [0.4735355079174042, -0.5570753812789917, 0.6822251677513123, 0.5130136609077454, -0.4551733434200287, -0.7277597784996033, 0.715947687625885, 0.6946109533309937, 0.07024652510881424], "cam_t_m2c": [251.99649047851562, 22.699020385742188, 702.1212158203125], "obj_id": 3}, {"cam_R_m2c": [-0.9044514298439026, 0.078005351126194, 0.41938382387161255, 0.24441999197006226, -0.7109838724136353, 0.6593639254570007, 0.34960904717445374, 0.698868453502655, 0.6239843368530273], "cam_t_m2c": [220.21311950683594, 6.423112869262695, 885.959228515625], "obj_id": 3}, {"cam_R_m2c": [0.23182182013988495, 0.5644658207893372, 0.7922353744506836, 0.8905764222145081, 0.20447011291980743, -0.4062824845314026, -0.39132100343704224, 0.7997313141822815, -0.45529934763908386], "cam_t_m2c": [171.2177734375, -48.87938690185547, 912.0555419921875], "obj_id": 3}, {"cam_R_m2c": [-0.028611697256565094, 0.9849101305007935, 0.17068518698215485, -0.6337245106697083, -0.14992575347423553, 0.7588910460472107, 0.7730295658111572, -0.08645424991846085, 0.6284512877464294], "cam_t_m2c": [369.8423156738281, 43.71122741699219, 673.2921142578125], "obj_id": 3}, {"cam_R_m2c": [-0.8866893649101257, 0.37406423687934875, -0.27176788449287415, 0.05849643424153328, -0.492297887802124, -0.8684588670730591, -0.4586502015590668, -0.785950779914856, 0.41463398933410645], "cam_t_m2c": [248.99642944335938, 94.4726791381836, 580.9512329101562], "obj_id": 3}, {"cam_R_m2c": [-0.9910560846328735, 0.11626999825239182, 0.06549187004566193, -0.004350222647190094, -0.5186617374420166, 0.8549684882164001, 0.13337531685829163, 0.8470367789268494, 0.5145286321640015], "cam_t_m2c": [355.65838623046875, -278.7525329589844, 603.5343627929688], "obj_id": 3}, {"cam_R_m2c": [0.08386718481779099, 0.49484312534332275, 0.864925742149353, -0.052970707416534424, 0.8689703941345215, -0.492020845413208, -0.9950680136680603, -0.004551329649984837, 0.09909029304981232], "cam_t_m2c": [290.01483154296875, -46.605018615722656, 817.9130859375], "obj_id": 3}, {"cam_R_m2c": [0.0427899993956089, 0.936843991279602, 0.34712010622024536, -0.9976428747177124, 0.021411200985312462, 0.06519410014152527, 0.053644437342882156, -0.3490915596485138, 0.9355518817901611], "cam_t_m2c": [377.1277770996094, -266.7876281738281, 478.0367736816406], "obj_id": 3}, {"cam_R_m2c": [0.5020376443862915, 0.6107741594314575, -0.6123014688491821, 0.4307633340358734, -0.7905139327049255, -0.43535104393959045, -0.7499340772628784, -0.04519445076584816, -0.6599668264389038], "cam_t_m2c": [389.0850830078125, -321.5595703125, 752.6051635742188], "obj_id": 3}, {"cam_R_m2c": [0.40547069907188416, 0.733939528465271, 0.5449092984199524, 0.7974833250045776, 0.007338118273764849, -0.603296160697937, -0.4467815160751343, 0.6791750192642212, -0.5823291540145874], "cam_t_m2c": [91.099853515625, -260.53948974609375, 490.750732421875], "obj_id": 3}, {"cam_R_m2c": [0.772681474685669, 0.5231646299362183, -0.35953032970428467, -0.30291447043418884, -0.1938563883304596, -0.9330929517745972, -0.5578585267066956, 0.8298905491828918, 0.008684920147061348], "cam_t_m2c": [433.7223205566406, -174.899169921875, 727.0474853515625], "obj_id": 3}, {"cam_R_m2c": [-0.5804477334022522, -0.2021208256483078, -0.7888137698173523, -0.3185672461986542, -0.8351322412490845, 0.4484066367149353, -0.7493963241577148, 0.5115669965744019, 0.4203619658946991], "cam_t_m2c": [285.43109130859375, 45.06975555419922, 829.4508056640625], "obj_id": 3}, {"cam_R_m2c": [0.41746053099632263, 0.4331280589103699, 0.7988283634185791, -0.643961489200592, 0.7612512111663818, -0.07622507959604263, -0.6411242485046387, -0.48259374499320984, 0.5967100858688354], "cam_t_m2c": [208.32073974609375, 59.23122024536133, 780.165771484375], "obj_id": 3}, {"cam_R_m2c": [0.8885710835456848, 0.4032329022884369, 0.2187342643737793, -0.3836662769317627, 0.9146254062652588, -0.12751685082912445, -0.251478910446167, 0.02938683331012726, 0.967416524887085], "cam_t_m2c": [265.8405456542969, -15.991250038146973, 831.2645263671875], "obj_id": 3}, {"cam_R_m2c": [0.7173313498497009, 0.6397084593772888, -0.27605944871902466, -0.5636087656021118, 0.2998410165309906, -0.7697016000747681, -0.40961068868637085, 0.7077205777168274, 0.5756306648254395], "cam_t_m2c": [127.0396728515625, -299.14697265625, 639.3787841796875], "obj_id": 3}, {"cam_R_m2c": [-0.1042393371462822, 0.3341202437877655, -0.9367485046386719, -0.2374870777130127, -0.9229947924613953, -0.30278754234313965, -0.9657815098762512, 0.19090327620506287, 0.17556171119213104], "cam_t_m2c": [370.9609680175781, -154.11573791503906, 767.3674926757812], "obj_id": 3}, {"cam_R_m2c": [0.7328816056251526, 0.5867496728897095, -0.3443971276283264, 0.12104763090610504, -0.6105776429176331, -0.7826508283615112, -0.6695013642311096, 0.5319018959999084, -0.5185057520866394], "cam_t_m2c": [485.6906433105469, -263.1323547363281, 571.9371337890625], "obj_id": 3}, {"cam_R_m2c": [-0.8834669589996338, 0.3448783755302429, -0.3170883357524872, -0.4466113746166229, -0.8244156837463379, 0.3476736545562744, -0.14150747656822205, 0.44877347350120544, 0.88237065076828], "cam_t_m2c": [498.8247375488281, 70.56586456298828, 671.9373168945312], "obj_id": 1}, {"cam_R_m2c": [0.7684329152107239, 0.450461745262146, 0.4545272886753082, 0.2902069091796875, -0.8783438205718994, 0.3798578679561615, 0.5703427195549011, -0.15998832881450653, -0.8056753873825073], "cam_t_m2c": [129.6544647216797, -147.92601013183594, 576.9996337890625], "obj_id": 1}, {"cam_R_m2c": [0.29552504420280457, -0.8655309677124023, -0.40437737107276917, 0.9478394985198975, 0.212724968791008, 0.23737791180610657, -0.11943678557872772, -0.4534359574317932, 0.8832500576972961], "cam_t_m2c": [223.4788360595703, -106.63016510009766, 828.2966918945312], "obj_id": 1}, {"cam_R_m2c": [0.07506634294986725, 0.6872378587722778, 0.7225435376167297, -0.9678303003311157, 0.2247101366519928, -0.1131804957985878, -0.2401447594165802, -0.6908035278320312, 0.6819977760314941], "cam_t_m2c": [100.3543930053711, -261.62249755859375, 562.8055419921875], "obj_id": 1}, {"cam_R_m2c": [0.16671499609947205, 0.36745285987854004, -0.9149779081344604, -0.4705480933189392, 0.8451266884803772, 0.2536638379096985, 0.8664817214012146, 0.38825151324272156, 0.31379953026771545], "cam_t_m2c": [485.5733337402344, 65.15682220458984, 728.3674926757812], "obj_id": 1}, {"cam_R_m2c": [0.664560854434967, -0.3886100947856903, 0.6382327675819397, -0.7107943296432495, -0.5922336578369141, 0.3795137405395508, 0.23050007224082947, -0.7058622241020203, -0.6697971820831299], "cam_t_m2c": [523.1774291992188, -203.9717559814453, 771.0271606445312], "obj_id": 1}, {"cam_R_m2c": [-0.9905369877815247, 0.06344620138406754, 0.12170004099607468, 0.08129245042800903, -0.4432211220264435, 0.8927185535430908, 0.11057963967323303, 0.8941641449928284, 0.4338693618774414], "cam_t_m2c": [447.43603515625, 38.74422836303711, 828.6361694335938], "obj_id": 1}, {"cam_R_m2c": [-0.8861877918243408, -0.32911789417266846, 0.32611748576164246, 0.07446745783090591, 0.5935366749763489, 0.8013543486595154, -0.4573027491569519, 0.7344356179237366, -0.5014764070510864], "cam_t_m2c": [276.1316223144531, -138.87940979003906, 508.6330261230469], "obj_id": 1}, {"cam_R_m2c": [-0.28527167439460754, -0.4352888762950897, 0.8538990616798401, -0.29881638288497925, 0.886906623840332, 0.35228604078292847, -0.9106749296188354, -0.15466178953647614, -0.38308078050613403], "cam_t_m2c": [372.0181579589844, -201.5192413330078, 568.14404296875], "obj_id": 1}, {"cam_R_m2c": [0.7401924729347229, -0.004992038011550903, 0.6723765134811401, 0.07747583836317062, 0.9939454197883606, -0.07791053503751755, -0.6679165959358215, 0.10976172983646393, 0.7360976338386536], "cam_t_m2c": [509.66632080078125, 41.43379592895508, 693.6409301757812], "obj_id": 1}, {"cam_R_m2c": [-0.21972645819187164, 0.32759982347488403, -0.9189115166664124, 0.789899468421936, -0.49303996562957764, -0.364650696516037, -0.5725197792053223, -0.8059712648391724, -0.1504368931055069], "cam_t_m2c": [148.63844299316406, -158.37124633789062, 752.5835571289062], "obj_id": 1}, {"cam_R_m2c": [0.6953287720680237, -0.7081258296966553, 0.12278298288583755, 0.2874945402145386, 0.1174817904829979, -0.9505497813224792, 0.6586841344833374, 0.6962440013885498, 0.2852707803249359], "cam_t_m2c": [220.66912841796875, 26.512203216552734, 579.6406860351562], "obj_id": 1}, {"cam_R_m2c": [0.16138644516468048, 0.9737604260444641, -0.16045264899730682, -0.09780293703079224, 0.17756450176239014, 0.9792371392250061, 0.9820330739021301, -0.14234285056591034, 0.12389314919710159], "cam_t_m2c": [530.0640258789062, 25.832427978515625, 831.5645751953125], "obj_id": 1}, {"cam_R_m2c": [-0.05265187844634056, 0.7397453784942627, 0.6708237528800964, 0.7589559555053711, -0.4069386422634125, 0.5083175301551819, 0.6490097045898438, 0.5358895659446716, -0.5400080680847168], "cam_t_m2c": [426.0755310058594, -279.97760009765625, 520.3573608398438], "obj_id": 1}, {"cam_R_m2c": [0.8784579634666443, 0.23722484707832336, -0.4147721827030182, 0.1871873140335083, -0.9695244431495667, -0.15806053578853607, -0.43962767720222473, 0.06120944395661354, -0.8960919380187988], "cam_t_m2c": [174.12368774414062, 70.86137390136719, 710.5442504882812], "obj_id": 1}, {"cam_R_m2c": [0.19870686531066895, 0.9131967425346375, 0.3557910621166229, 0.9794195294380188, -0.19814161956310272, -0.03843582049012184, 0.035397548228502274, 0.3561061918735504, -0.9337748289108276], "cam_t_m2c": [159.2567596435547, -28.85845375061035, 613.7684326171875], "obj_id": 1}, {"cam_R_m2c": [0.9350311756134033, -0.31947609782218933, 0.15379109978675842, 0.2282174825668335, 0.2103237360715866, -0.9506211280822754, 0.2713548541069031, 0.9239582419395447, 0.2695692777633667], "cam_t_m2c": [270.34613037109375, -64.9222183227539, 822.697998046875], "obj_id": 1}, {"cam_R_m2c": [-0.9734567403793335, 0.040350645780563354, 0.22528553009033203, 0.19428957998752594, -0.3745725154876709, 0.9066128134727478, 0.12096820771694183, 0.9263191223144531, 0.35679060220718384], "cam_t_m2c": [290.6352844238281, 73.87142944335938, 698.6151733398438], "obj_id": 1}, {"cam_R_m2c": [0.676321804523468, -0.44188392162323, 0.58934485912323, -0.549677848815918, 0.22984422743320465, 0.8031349182128906, -0.4903499186038971, -0.8671274781227112, -0.08744515478610992], "cam_t_m2c": [180.65863037109375, -14.719474792480469, 687.345703125], "obj_id": 1}, {"cam_R_m2c": [-0.9185208678245544, -0.15065652132034302, 0.36554357409477234, -0.07091958820819855, -0.8467780351638794, -0.5271977186203003, 0.3889600336551666, -0.5101662874221802, 0.7670987248420715], "cam_t_m2c": [264.1535339355469, -263.374267578125, 447.39410400390625], "obj_id": 1}, {"cam_R_m2c": [0.06671306490898132, -0.9606359601020813, -0.2696811854839325, -0.9435240626335144, -0.14864546060562134, 0.2960858941078186, -0.3245176374912262, 0.23469789326190948, -0.9162997007369995], "cam_t_m2c": [448.78375244140625, -177.14891052246094, 621.5001831054688], "obj_id": 1}, {"cam_R_m2c": [-0.014230545610189438, -0.8569453358650208, -0.515210747718811, 0.965939462184906, -0.14492705464363098, 0.2143758088350296, -0.2583763599395752, -0.4946117103099823, 0.8298197984695435], "cam_t_m2c": [298.5600891113281, -159.11573791503906, 726.1854858398438], "obj_id": 1}, {"cam_R_m2c": [0.6732587814331055, -0.4567846655845642, 0.5814382433891296, 0.5042358636856079, 0.8587788939476013, 0.09080209583044052, -0.540803849697113, 0.23204869031906128, 0.8085076212882996], "cam_t_m2c": [380.8233642578125, -146.2322235107422, 474.3211364746094], "obj_id": 1}, {"cam_R_m2c": [0.5457944273948669, 0.3942784070968628, -0.7393597960472107, -0.5759817361831665, -0.4643177092075348, -0.6727956533432007, -0.6085667014122009, 0.7930659055709839, -0.026324832811951637], "cam_t_m2c": [209.7978973388672, -218.11941528320312, 529.908203125], "obj_id": 1}, {"cam_R_m2c": [-0.2873395085334778, -0.9097219109535217, -0.29973646998405457, 0.232351154088974, -0.3697885572910309, 0.8995939493179321, -0.9292194843292236, 0.18884478509426117, 0.3176298439502716], "cam_t_m2c": [389.1556091308594, -107.31089782714844, 435.9298400878906], "obj_id": 1}, {"cam_R_m2c": [0.8053104281425476, 0.0068028774112463, -0.5928143262863159, -0.5543809533119202, 0.36298495531082153, -0.7489351034164429, 0.21008777618408203, 0.9317702054977417, 0.2960869371891022], "cam_t_m2c": [404.3774719238281, -135.88534545898438, 497.94970703125], "obj_id": 1}, {"cam_R_m2c": [0.6357846260070801, -0.7000634670257568, -0.32509860396385193, -0.7081965804100037, -0.6965835094451904, 0.11501779407262802, -0.3069780468940735, 0.1571071594953537, -0.9386596083641052], "cam_t_m2c": [244.3291473388672, 8.896231651306152, 731.0554809570312], "obj_id": 1}, {"cam_R_m2c": [-0.9245095252990723, -0.13221247494220734, -0.35749363899230957, 0.30830129981040955, 0.2921162247657776, -0.9053277373313904, 0.22412531077861786, -0.9472000002861023, -0.22930285334587097], "cam_t_m2c": [400.677978515625, -155.58155822753906, 807.4260864257812], "obj_id": 1}, {"cam_R_m2c": [0.6277358531951904, 0.6389468908309937, 0.4446285665035248, -0.6861203908920288, 0.18436607718467712, 0.7037385106086731, 0.36767715215682983, -0.7468306422233582, 0.5541276931762695], "cam_t_m2c": [301.6504211425781, -234.89459228515625, 810.0342407226562], "obj_id": 1}, {"cam_R_m2c": [0.43554168939590454, -0.36057811975479126, 0.8247950673103333, -0.5675742030143738, 0.6011791825294495, 0.5625328421592712, -0.6986865997314453, -0.7131388783454895, 0.057183749973773956], "cam_t_m2c": [393.2229919433594, -144.44700622558594, 615.4229125976562], "obj_id": 1}, {"cam_R_m2c": [0.4940856993198395, 0.3341086208820343, 0.8026522994041443, 0.4148145616054535, -0.9019458293914795, 0.12009426951408386, 0.7640734314918518, 0.2736150026321411, -0.5842316746711731], "cam_t_m2c": [301.0114440917969, -285.7294616699219, 621.547607421875], "obj_id": 1}, {"cam_R_m2c": [-0.5302212238311768, 0.825934886932373, -0.1915646493434906, 0.4953736364841461, 0.11841437965631485, -0.8605713248252869, -0.6880918741226196, -0.5511892437934875, -0.47193217277526855], "cam_t_m2c": [148.3302459716797, 1.4666030406951904, 644.8147583007812], "obj_id": 1}, {"cam_R_m2c": [-0.8115129470825195, -0.035219959914684296, 0.5832720994949341, 0.27324801683425903, 0.8594484329223633, 0.4320693910121918, -0.5165097713470459, 0.5100077986717224, -0.6878297328948975], "cam_t_m2c": [228.2533416748047, 46.116180419921875, 544.59619140625], "obj_id": 1}, {"cam_R_m2c": [0.4288783371448517, 0.5453940033912659, 0.7201449275016785, 0.7382103204727173, 0.2478886991739273, -0.6273728013038635, -0.5206811428070068, 0.8006850481033325, -0.29630136489868164], "cam_t_m2c": [263.1568908691406, -67.34443664550781, 803.9884033203125], "obj_id": 1}, {"cam_R_m2c": [0.4807576835155487, -0.8440263271331787, -0.2376796156167984, -0.3225809633731842, 0.08180862665176392, -0.9429998993873596, 0.815360963344574, 0.5300253629684448, -0.23293666541576385], "cam_t_m2c": [206.37535095214844, -265.5361022949219, 662.8045043945312], "obj_id": 1}, {"cam_R_m2c": [0.3171573579311371, -0.9010615348815918, 0.2958028316497803, 0.9286440014839172, 0.23177745938301086, -0.2896541357040405, 0.19243578612804413, 0.3665614426136017, 0.9102753400802612], "cam_t_m2c": [455.2532653808594, -229.09762573242188, 547.1148681640625], "obj_id": 1}, {"cam_R_m2c": [0.9233083724975586, 0.3126896619796753, -0.22299514710903168, -0.38398221135139465, 0.7632231712341309, -0.519661545753479, 0.007702273782342672, 0.5654339790344238, 0.8247575759887695], "cam_t_m2c": [262.52935791015625, 48.26419448852539, 732.7385864257812], "obj_id": 1}, {"cam_R_m2c": [-0.4616633653640747, -0.09823021292686462, 0.8815995454788208, -0.5294274091720581, 0.827940046787262, -0.18499159812927246, -0.7117398381233215, -0.5521467924118042, -0.4342353641986847], "cam_t_m2c": [446.6805114746094, -89.94883728027344, 483.1941833496094], "obj_id": 1}, {"cam_R_m2c": [0.9402328133583069, 0.15060800313949585, -0.30541691184043884, -0.2782101631164551, -0.177458256483078, -0.9439849257469177, -0.196370467543602, 0.9725356698036194, -0.12495139241218567], "cam_t_m2c": [217.87660217285156, -234.5338897705078, 440.003173828125], "obj_id": 1}, {"cam_R_m2c": [0.4018087387084961, 0.24215096235275269, -0.8831265568733215, -0.7035459876060486, -0.5356764793395996, -0.4669834077358246, -0.5861507058143616, 0.8089581727981567, -0.044875044375658035], "cam_t_m2c": [431.87396240234375, -252.9681396484375, 580.679931640625], "obj_id": 1}, {"cam_R_m2c": [0.04540961608290672, 0.7509414553642273, -0.6588056683540344, -0.3118281364440918, 0.6371885538101196, 0.7048077583312988, 0.9490528106689453, 0.17342908680438995, 0.26309916377067566], "cam_t_m2c": [346.3616027832031, -61.368648529052734, 779.929931640625], "obj_id": 1}, {"cam_R_m2c": [0.7773237228393555, -0.4645192325115204, -0.4242519438266754, -0.018735092133283615, -0.691172182559967, 0.7224470973014832, -0.6288217902183533, -0.5536268353462219, -0.5459673404693604], "cam_t_m2c": [304.7613220214844, -142.2694549560547, 639.9115600585938], "obj_id": 1}, {"cam_R_m2c": [0.8287126421928406, 0.5086187720298767, -0.23354288935661316, 0.5558102130889893, -0.7968646287918091, 0.23681554198265076, -0.0656532496213913, -0.3260575532913208, -0.9430673122406006], "cam_t_m2c": [187.39027404785156, -174.2349395751953, 562.2225341796875], "obj_id": 1}, {"cam_R_m2c": [0.45069536566734314, -0.8710885047912598, 0.19513729214668274, 0.03578050062060356, 0.23604993522167206, 0.9710819721221924, -0.8919605016708374, -0.4306800663471222, 0.1375545710325241], "cam_t_m2c": [325.7586669921875, -12.881725311279297, 761.5930786132812], "obj_id": 1}, {"cam_R_m2c": [0.03279712796211243, -0.31779369711875916, 0.9475924968719482, -0.7628096342086792, -0.6205646395683289, -0.18171687424182892, 0.6457908749580383, -0.7168729305267334, -0.2627688944339752], "cam_t_m2c": [457.20379638671875, -14.537861824035645, 770.424072265625], "obj_id": 1}, {"cam_R_m2c": [-0.3601521849632263, 0.9192075133323669, -0.15921032428741455, -0.5033770203590393, -0.33516860008239746, -0.7964129447937012, -0.7854310870170593, -0.2066870629787445, 0.5834196209907532], "cam_t_m2c": [244.1512451171875, -219.1511993408203, 536.634033203125], "obj_id": 1}, {"cam_R_m2c": [0.24775870144367218, -0.45597442984580994, 0.8548116087913513, 0.29376813769340515, -0.8054230809211731, -0.5147753953933716, 0.9232094883918762, 0.3786564767360687, -0.0655997097492218], "cam_t_m2c": [418.31341552734375, -116.42845916748047, 511.772705078125], "obj_id": 1}, {"cam_R_m2c": [0.0833929181098938, 0.9927342534065247, 0.08674271404743195, -0.5967989563941956, 0.11946263164281845, -0.7934479117393494, -0.7980454564094543, 0.014399956911802292, 0.6024251580238342], "cam_t_m2c": [354.8262939453125, -32.013118743896484, 793.0609130859375], "obj_id": 1}, {"cam_R_m2c": [0.8957104682922363, -0.2791249454021454, -0.34610989689826965, 0.44396162033081055, 0.6043481230735779, 0.6615598797798157, 0.024512995034456253, -0.7462255954742432, 0.6652416586875916], "cam_t_m2c": [160.44850158691406, -256.8182678222656, 743.66162109375], "obj_id": 1}, {"cam_R_m2c": [-0.7985436320304871, -0.12377698719501495, 0.5890733003616333, 0.00645133201032877, -0.9803332686424255, -0.19724375009536743, 0.6019023656845093, -0.15370742976665497, 0.7836374044418335], "cam_t_m2c": [233.57205200195312, -240.3859100341797, 473.3047790527344], "obj_id": 1}, {"cam_R_m2c": [-0.8663802742958069, -0.42737486958503723, 0.25833258032798767, 0.4993846118450165, -0.7416443228721619, 0.44785991311073303, 0.00018683417874854058, 0.5170243382453918, 0.8559706807136536], "cam_t_m2c": [213.45889282226562, -186.38491821289062, 449.5810852050781], "obj_id": 1}, {"cam_R_m2c": [-0.18312348425388336, -0.024609798565506935, 0.9827818274497986, -0.9211169481277466, 0.35361939668655396, -0.16277842223644257, -0.3435247242450714, -0.9350655674934387, -0.08742449432611465], "cam_t_m2c": [126.26579284667969, -305.40478515625, 613.2862548828125], "obj_id": 1}, {"cam_R_m2c": [-0.5323784947395325, -0.43513399362564087, -0.7261070013046265, -0.8410786986351013, 0.36888566613197327, 0.39561331272125244, 0.09570565074682236, 0.8213292360305786, -0.5623686909675598], "cam_t_m2c": [183.58604431152344, -170.17205810546875, 567.7838745117188], "obj_id": 1}, {"cam_R_m2c": [0.8135862946510315, -0.5454832315444946, 0.2013089805841446, 0.23083803057670593, 0.6207917928695679, 0.7492204904556274, -0.5336582064628601, -0.5630857348442078, 0.6309859752655029], "cam_t_m2c": [219.26084899902344, -58.74388122558594, 592.9082641601562], "obj_id": 1}, {"cam_R_m2c": [0.6917789578437805, -0.6254882216453552, -0.3608410954475403, -0.4324297606945038, -0.759032666683197, 0.48669683933258057, -0.5783133506774902, -0.18064819276332855, -0.7955625653266907], "cam_t_m2c": [196.2227783203125, 52.458770751953125, 792.0406494140625], "obj_id": 3}, {"cam_R_m2c": [-0.48477545380592346, 0.8674688935279846, -0.11176051944494247, 0.840072512626648, 0.4262327551841736, -0.33556485176086426, -0.24345609545707703, -0.2565605640411377, -0.9353639483451843], "cam_t_m2c": [392.34661865234375, 60.62900161743164, 587.8714599609375], "obj_id": 1}, {"cam_R_m2c": [-0.3419802784919739, -0.805198609828949, -0.4844631254673004, 0.27129605412483215, 0.4089958667755127, -0.8712753653526306, 0.8996931314468384, -0.429392009973526, 0.07857874035835266], "cam_t_m2c": [217.0198516845703, -319.2568664550781, 740.4171752929688], "obj_id": 1}, {"cam_R_m2c": [-0.13672848045825958, 0.4716205894947052, 0.8711366653442383, 0.738581120967865, 0.6345741748809814, -0.22762566804885864, -0.6601538062095642, 0.6122822165489197, -0.43509441614151], "cam_t_m2c": [453.0671081542969, -111.05071258544922, 810.1862182617188], "obj_id": 1}, {"cam_R_m2c": [0.47913381457328796, 0.3763703405857086, -0.7929539680480957, -0.232364222407341, 0.9255599975585938, 0.2989073395729065, 0.8464263677597046, 0.04103756323456764, 0.5309221148490906], "cam_t_m2c": [187.1104278564453, -318.03656005859375, 713.458740234375], "obj_id": 1}, {"cam_R_m2c": [0.9953004717826843, 0.09674571454524994, -0.0041559431701898575, 0.08487564325332642, -0.8509144186973572, 0.5184022188186646, 0.04661683738231659, -0.516318678855896, -0.8551268577575684], "cam_t_m2c": [269.4976501464844, 77.50667572021484, 725.0575561523438], "obj_id": 3}, {"cam_R_m2c": [0.0917934700846672, 0.8044307231903076, 0.5869114398956299, -0.054256755858659744, -0.584483802318573, 0.8095892071723938, 0.9942988157272339, -0.10615888237953186, -0.010005922988057137], "cam_t_m2c": [323.61773681640625, -209.43324279785156, 783.9244384765625], "obj_id": 1}, {"cam_R_m2c": [-0.7187796235084534, -0.4221552312374115, -0.5523954629898071, 0.04282987862825394, 0.7661451697349548, -0.641238808631897, 0.6939173936843872, -0.48456844687461853, -0.5326086282730103], "cam_t_m2c": [536.4595336914062, -166.1133270263672, 753.064697265625], "obj_id": 1}, {"cam_R_m2c": [-0.6292357444763184, 0.15307815372943878, 0.7619901895523071, 0.7748013734817505, 0.04635387286543846, 0.6305029392242432, 0.06119512766599655, 0.9871262311935425, -0.14777252078056335], "cam_t_m2c": [159.54647827148438, 93.19155883789062, 661.3682861328125], "obj_id": 1}, {"cam_R_m2c": [0.007713521830737591, -0.979637861251831, -0.20062421262264252, 0.8699652552604675, 0.10549842566251755, -0.481695294380188, 0.49305251240730286, -0.17082057893276215, 0.853064775466919], "cam_t_m2c": [410.9495849609375, -122.27458190917969, 437.38348388671875], "obj_id": 3}, {"cam_R_m2c": [-0.7477173209190369, 0.5819913744926453, -0.31969502568244934, -0.06450548768043518, 0.41551509499549866, 0.9072961211204529, 0.6608766317367554, 0.6990230679512024, -0.2731461822986603], "cam_t_m2c": [382.3784484863281, -259.72186279296875, 596.4617919921875], "obj_id": 1}, {"cam_R_m2c": [0.45807313919067383, -0.3641837239265442, -0.81088787317276, 0.872702956199646, 0.010823715478181839, 0.4881315231323242, -0.1689927577972412, -0.9312642216682434, 0.3227822780609131], "cam_t_m2c": [127.56139373779297, 108.61736297607422, 550.373291015625], "obj_id": 1}, {"cam_R_m2c": [0.813351571559906, 0.5520626902580261, -0.18353737890720367, 0.48847007751464844, -0.8193932771682739, -0.2999858856201172, -0.3160003125667572, 0.154341459274292, -0.9361209273338318], "cam_t_m2c": [297.0163879394531, 38.72024154663086, 601.4409790039062], "obj_id": 3}, {"cam_R_m2c": [-0.09903368353843689, -0.8251742124557495, -0.5561290979385376, -0.670508623123169, 0.4682876765727997, -0.5754343271255493, 0.7352619767189026, 0.3159019649028778, -0.599662721157074], "cam_t_m2c": [273.87652587890625, -319.4881896972656, 761.2568359375], "obj_id": 1}, {"cam_R_m2c": [0.46002396941185, 0.3966566026210785, -0.7943811416625977, -0.14924003183841705, 0.9164812564849854, 0.3712000846862793, 0.8752744197845459, -0.052207447588443756, 0.48080042004585266], "cam_t_m2c": [376.50177001953125, -259.29534912109375, 715.4783325195312], "obj_id": 3}, {"cam_R_m2c": [0.5043349266052246, -0.5292828679084778, 0.6822799444198608, 0.7955963015556335, -0.02232452481985092, -0.6054156422615051, 0.3356677293777466, 0.8481516242027283, 0.40983644127845764], "cam_t_m2c": [248.3132781982422, 19.428268432617188, 816.6940307617188], "obj_id": 3}, {"cam_R_m2c": [-0.5514516234397888, -0.31189197301864624, -0.7737084031105042, -0.11262165009975433, 0.9468213319778442, -0.3014063239097595, 0.8265697956085205, -0.0790746733546257, -0.5572519898414612], "cam_t_m2c": [276.87164306640625, -67.10597229003906, 681.8091430664062], "obj_id": 3}, {"cam_R_m2c": [-0.6272438764572144, -0.1306646466255188, -0.7677837014198303, 0.6890727281570435, -0.5525447130203247, -0.4689062833786011, -0.3629653751850128, -0.8231774568557739, 0.43661773204803467], "cam_t_m2c": [192.31008911132812, 45.925148010253906, 796.8759765625], "obj_id": 3}, {"cam_R_m2c": [0.2637806236743927, 0.7849836349487305, -0.5605536699295044, 0.9592126607894897, -0.15223516523838043, 0.23819230496883392, 0.10164108127355576, -0.600520670413971, -0.7931229472160339], "cam_t_m2c": [178.44285583496094, -156.36419677734375, 594.5001831054688], "obj_id": 1}, {"cam_R_m2c": [-0.8547852039337158, 0.3452819585800171, 0.3874564468860626, 0.060689929872751236, -0.6749447584152222, 0.7353680729866028, 0.5154210329055786, 0.6520965099334717, 0.5559777617454529], "cam_t_m2c": [247.0208282470703, 97.91622924804688, 553.302734375], "obj_id": 3}, {"cam_R_m2c": [0.4238877296447754, 0.7568456530570984, -0.4974974989891052, 0.8943834900856018, -0.2631680369377136, 0.3616912364959717, 0.14281897246837616, -0.598270058631897, -0.7884639501571655], "cam_t_m2c": [431.82379150390625, -84.57878112792969, 652.5781860351562], "obj_id": 3}, {"cam_R_m2c": [-0.2710518538951874, -0.9535583853721619, -0.1313660591840744, 0.5348508358001709, -0.03573382645845413, -0.8441904187202454, 0.8002907037734985, -0.2990807294845581, 0.519697368144989], "cam_t_m2c": [217.43113708496094, -13.131258010864258, 524.2147827148438], "obj_id": 3}, {"cam_R_m2c": [-0.8291001319885254, 0.5474089980125427, 0.1137380376458168, 0.5426798462867737, 0.7389822006225586, 0.3992542028427124, 0.13450495898723602, 0.3927450478076935, -0.9097580909729004], "cam_t_m2c": [167.3272247314453, -249.21307373046875, 694.7506103515625], "obj_id": 1}, {"cam_R_m2c": [-0.05305849015712738, 0.8438817262649536, -0.5338993072509766, 0.46777835488319397, 0.49336734414100647, 0.7333294749259949, 0.8822517991065979, -0.2108372300863266, -0.420926958322525], "cam_t_m2c": [86.30316925048828, -200.4653778076172, 499.2864074707031], "obj_id": 3}, {"cam_R_m2c": [0.931747555732727, -0.2762100100517273, 0.23570005595684052, 0.23380769789218903, 0.9530249238014221, 0.19255509972572327, -0.2778136730194092, -0.12430424243211746, 0.9525586366653442], "cam_t_m2c": [266.963134765625, -45.44888687133789, 766.16259765625], "obj_id": 3}, {"cam_R_m2c": [0.2587915062904358, 0.941226601600647, -0.21706992387771606, 0.806230366230011, -0.3342486321926117, -0.4881294071674347, -0.5319957733154297, -0.048684630542993546, -0.845346212387085], "cam_t_m2c": [409.1529235839844, -135.34461975097656, 617.2156372070312], "obj_id": 1}, {"cam_R_m2c": [0.8472544550895691, 0.22212345898151398, -0.4825153350830078, 0.22422672808170319, 0.6739186644554138, 0.7039573788642883, 0.48154154419898987, -0.704623818397522, 0.5211745500564575], "cam_t_m2c": [139.40211486816406, -90.2355728149414, 551.6168823242188], "obj_id": 1}, {"cam_R_m2c": [0.6169086694717407, 0.7405111193656921, 0.2665838301181793, 0.24549895524978638, 0.14076252281665802, -0.9591225385665894, -0.7477658987045288, 0.6571370363235474, -0.09495706856250763], "cam_t_m2c": [104.04180145263672, -240.41517639160156, 592.2863159179688], "obj_id": 1}, {"cam_R_m2c": [-0.4184750020503998, -0.46967291831970215, -0.7773582935333252, 0.7273929119110107, 0.33920589089393616, -0.596522331237793, 0.5438548922538757, -0.815074622631073, 0.19968761503696442], "cam_t_m2c": [475.2065734863281, 35.57738494873047, 764.646728515625], "obj_id": 1}, {"cam_R_m2c": [-0.1363595724105835, -0.9763670563697815, -0.16767114400863647, 0.8116800785064697, -0.01307683251798153, -0.5839560031890869, 0.5679627656936646, -0.21572326123714447, 0.7942807078361511], "cam_t_m2c": [82.3848648071289, -260.8974304199219, 495.5218505859375], "obj_id": 1}, {"cam_R_m2c": [-0.06633922457695007, 0.6750762462615967, -0.7347592115402222, -0.4651559293270111, -0.6723916530609131, -0.5757771730422974, -0.8827394843101501, 0.30358096957206726, 0.358621746301651], "cam_t_m2c": [300.6928405761719, 0.0938931480050087, 774.10009765625], "obj_id": 3}, {"cam_R_m2c": [-0.7781043648719788, 0.445837140083313, -0.44247350096702576, 0.5269918441772461, 0.8466755747795105, -0.0736207589507103, 0.34180864691734314, -0.2904645800590515, -0.8937545418739319], "cam_t_m2c": [210.265625, -118.8081283569336, 765.5061645507812], "obj_id": 3}, {"cam_R_m2c": [-0.5060519576072693, -0.8491694927215576, 0.1510711908340454, 0.6137874722480774, -0.477611780166626, -0.6286110281944275, 0.6059507131576538, -0.22538428008556366, 0.7629060745239258], "cam_t_m2c": [371.166259765625, -190.45733642578125, 672.1995849609375], "obj_id": 3}, {"cam_R_m2c": [-0.26409757137298584, -0.048810120671987534, 0.9632599949836731, 0.35219132900238037, 0.9248731732368469, 0.14342552423477173, -0.8978939652442932, 0.3771302103996277, -0.22706623375415802], "cam_t_m2c": [441.91363525390625, -182.27078247070312, 792.1367797851562], "obj_id": 1}, {"cam_R_m2c": [0.21556009352207184, -0.7098570466041565, 0.6705496907234192, -0.5705766677856445, -0.6488334536552429, -0.5034456849098206, 0.7924494743347168, -0.2740771770477295, -0.5448904633522034], "cam_t_m2c": [224.54437255859375, -72.91658782958984, 636.2866821289062], "obj_id": 3}, {"cam_R_m2c": [0.7481390237808228, -0.32088035345077515, -0.5807958245277405, -0.04981536790728569, -0.8999873995780945, 0.43306002020835876, -0.6616694331169128, -0.2950565218925476, -0.6893004179000854], "cam_t_m2c": [435.3003234863281, -197.05714416503906, 623.494873046875], "obj_id": 1}, {"cam_R_m2c": [-0.1030016764998436, 0.7419256567955017, -0.6625230312347412, -0.33473020792007446, 0.6013641357421875, 0.7254769206047058, 0.9366675615310669, 0.2964918911457062, 0.18640346825122833], "cam_t_m2c": [382.8766784667969, -289.6683654785156, 631.3848876953125], "obj_id": 1}, {"cam_R_m2c": [-0.45553141832351685, 0.02301599644124508, -0.8899221420288086, -0.6610855460166931, 0.6607547998428345, 0.35548412799835205, 0.5962021350860596, 0.7502488493919373, -0.28577902913093567], "cam_t_m2c": [309.51116943359375, -34.621158599853516, 575.3186645507812], "obj_id": 3}, {"cam_R_m2c": [-0.37215203046798706, -0.6508986353874207, 0.6616898775100708, -0.7709687948226929, -0.1801786571741104, -0.610853910446167, 0.5168265104293823, -0.7374729514122009, -0.43476858735084534], "cam_t_m2c": [134.157958984375, 20.242534637451172, 825.4736938476562], "obj_id": 3}, {"cam_R_m2c": [0.7177276611328125, 0.6501378417015076, 0.24937471747398376, 0.04313809797167778, 0.315927654504776, -0.9478020668029785, -0.6949864029884338, 0.6910212635993958, 0.1987043023109436], "cam_t_m2c": [89.73989868164062, 100.35906982421875, 593.0048217773438], "obj_id": 3}, {"cam_R_m2c": [-0.8363021612167358, 0.20508936047554016, 0.5084649324417114, 0.44877928495407104, -0.27667954564094543, 0.8497324585914612, 0.3149530589580536, 0.9388218522071838, 0.13934814929962158], "cam_t_m2c": [401.4090881347656, -261.9580383300781, 539.8118896484375], "obj_id": 1}, {"cam_R_m2c": [0.6401289105415344, 0.4687768518924713, 0.6086733937263489, -0.22467482089996338, 0.871857225894928, -0.43518519401550293, -0.7346810102462769, 0.14182104170322418, 0.6634233593940735], "cam_t_m2c": [269.1357727050781, 67.76715850830078, 526.9310913085938], "obj_id": 1}, {"cam_R_m2c": [-0.15737329423427582, -0.7245988845825195, 0.6709621548652649, -0.931634247303009, -0.11642296612262726, -0.34424325823783875, 0.3275536298751831, -0.6792659759521484, -0.6567392945289612], "cam_t_m2c": [266.8501892089844, 76.50862121582031, 502.7772216796875], "obj_id": 3}, {"cam_R_m2c": [0.8353975415229797, 0.5374459028244019, -0.11516435444355011, 0.5203505158424377, -0.8408076763153076, -0.14925697445869446, -0.17704862356185913, 0.06476307660341263, -0.9820689558982849], "cam_t_m2c": [215.65374755859375, -65.88135528564453, 721.75927734375], "obj_id": 3}, {"cam_R_m2c": [0.6094325184822083, -0.008495371788740158, -0.7927923798561096, 0.7499746680259705, 0.3305091857910156, 0.5729760527610779, 0.25715747475624084, -0.9437644481658936, 0.20779438316822052], "cam_t_m2c": [494.1300048828125, 42.930442810058594, 831.8156127929688], "obj_id": 3}, {"cam_R_m2c": [-0.9503204226493835, -0.31126272678375244, 0.0025515269953757524, 0.30259326100349426, -0.9257116317749023, -0.22692538797855377, 0.0729953944683075, -0.21487976610660553, 0.9739087820053101], "cam_t_m2c": [288.76336669921875, 45.51860427856445, 820.4749755859375], "obj_id": 3}, {"cam_R_m2c": [-0.5704297423362732, -0.6182518005371094, 0.5407166481018066, -0.034152306616306305, 0.6756142973899841, 0.7364637851715088, -0.820635974407196, 0.401634156703949, -0.40650516748428345], "cam_t_m2c": [433.97686767578125, -175.1436767578125, 502.5670471191406], "obj_id": 3}, {"cam_R_m2c": [0.8665622472763062, 0.012582832016050816, 0.4989103674888611, -0.49446001648902893, 0.15719525516033173, 0.854867696762085, -0.06766964495182037, -0.9874873161315918, 0.14244118332862854], "cam_t_m2c": [376.4363708496094, -58.05208969116211, 685.6292114257812], "obj_id": 3}, {"cam_R_m2c": [0.48101723194122314, -0.8399236798286438, 0.25129786133766174, -0.2112620770931244, -0.38923802971839905, -0.8965835571289062, 0.8508764505386353, 0.37818244099617004, -0.36467424035072327], "cam_t_m2c": [362.3158874511719, -291.05877685546875, 566.595458984375], "obj_id": 3}, {"cam_R_m2c": [-0.8387874960899353, 0.4604329764842987, -0.29058021306991577, 0.042104754596948624, 0.5869618058204651, 0.8085190057754517, 0.5428283214569092, 0.6659408807754517, -0.5117226243019104], "cam_t_m2c": [404.9847717285156, 73.68897247314453, 592.444091796875], "obj_id": 1}, {"cam_R_m2c": [0.9287861585617065, -0.35430601239204407, 0.10873597115278244, -0.3576701581478119, -0.9337641000747681, 0.012515160255134106, 0.09709955006837845, -0.05051552131772041, -0.9939918518066406], "cam_t_m2c": [335.00494384765625, -225.53062438964844, 431.6637268066406], "obj_id": 3}, {"cam_R_m2c": [0.6937453150749207, -0.6237655878067017, 0.3600471317768097, 0.3056989014148712, 0.7076719999313354, 0.6369839906692505, -0.6521239280700684, -0.3318386375904083, 0.6816285848617554], "cam_t_m2c": [385.6427001953125, -128.80564880371094, 673.52880859375], "obj_id": 1}, {"cam_R_m2c": [0.4829463064670563, -0.7721003293991089, -0.4130665063858032, -0.7322561144828796, -0.6147770881652832, 0.29300177097320557, -0.4801706075668335, 0.16096638143062592, -0.8622795343399048], "cam_t_m2c": [300.03057861328125, 24.37209701538086, 819.421142578125], "obj_id": 3}, {"cam_R_m2c": [-0.8653494119644165, 0.45783865451812744, -0.20384755730628967, -0.4614722430706024, -0.8865687251091003, -0.03223339468240738, -0.19548259675502777, 0.06617683917284012, 0.9784718751907349], "cam_t_m2c": [286.61920166015625, -266.4126892089844, 758.3932495117188], "obj_id": 3}, {"cam_R_m2c": [0.6236938238143921, 0.01365849282592535, -0.7815494537353516, 0.523430347442627, 0.7352820634841919, 0.430558979511261, 0.5805400609970093, -0.6776236295700073, 0.45144158601760864], "cam_t_m2c": [287.1380310058594, -279.08984375, 714.9909057617188], "obj_id": 1}, {"cam_R_m2c": [0.2145041525363922, 0.20468249917030334, 0.9550356268882751, -0.11316105723381042, -0.9660030007362366, 0.23244936764240265, 0.970145583152771, -0.15793418884277344, -0.18404951691627502], "cam_t_m2c": [99.3023452758789, -280.91412353515625, 607.6138916015625], "obj_id": 1}, {"cam_R_m2c": [-0.842337