{
  "0": [{"cam_R_m2c": [0.21339352428913116, 0.90236896276474, -0.3744238615036011, 0.5443244576454163, 0.2084391862154007, 0.8125661611557007, 0.8112791776657104, -0.37720435857772827, -0.44670191407203674], "cam_t_m2c": [101.12151336669922, 153.05905151367188, 235.4465789794922], "obj_id": 0}, {"cam_R_m2c": [0.5701818466186523, 0.395275354385376, 0.7201735973358154, -0.5856651067733765, 0.8103321194648743, 0.018927782773971558, -0.5760980844497681, -0.4325728118419647, 0.6935356855392456], "cam_t_m2c": [176.51649475097656, -41.682640075683594, 388.8075256347656], "obj_id": 1}, {"cam_R_m2c": [-0.16628198325634003, -0.5959886908531189, -0.7855875492095947, 0.6304491758346558, 0.5483233332633972, -0.5494318604469299, 0.7582111358642578, -0.5866336822509766, 0.2845642864704132], "cam_t_m2c": [-74.30604553222656, 122.14111328125, 249.25132751464844], "obj_id": 0}, {"cam_R_m2c": [0.9022617936134338, -0.18553100526332855, -0.3892323672771454, 0.3392666280269623, 0.8625925183296204, 0.37527623772621155, 0.26612356305122375, -0.4706510007381439, 0.8412287831306458], "cam_t_m2c": [-13.008633613586426, -38.80036926269531, 431.82659912109375], "obj_id": 1}, {"cam_R_m2c": [-0.9267464876174927, 0.19843803346157074, -0.31900298595428467, -0.3365291953086853, -0.06103941425681114, 0.9396925568580627, 0.1669989675283432, 0.9782107472419739, 0.12334847450256348], "cam_t_m2c": [-169.136962890625, -15.298988342285156, 328.7230529785156], "obj_id": 3}, {"cam_R_m2c": [0.3153400421142578, 0.8623563647270203, -0.3961085379123688, -0.5622506141662598, -0.16647674143314362, -0.8100367188453674, -0.7644833326339722, 0.4781492352485657, 0.4323637783527374], "cam_t_m2c": [-60.99713134765625, -63.100040435791016, 420.9591979980469], "obj_id": 0}, {"cam_R_m2c": [0.032595884054899216, 0.04873987287282944, -0.9982795119285583, -0.7380536198616028, -0.6723365783691406, -0.05692506954073906, -0.6739543080329895, 0.7386393547058105, 0.014057185500860214], "cam_t_m2c": [-392.6112060546875, 14.532151222229004, 373.3064880371094], "obj_id": 0}, {"cam_R_m2c": [-0.019431697204709053, 0.8943244218826294, 0.44699692726135254, 0.8787455558776855, 0.22852788865566254, -0.41902416944503784, -0.4768947958946228, 0.3846541941165924, -0.7903242707252502], "cam_t_m2c": [-96.69080352783203, 181.55638122558594, 253.0563201904297], "obj_id": 3}, {"cam_R_m2c": [-0.5462480187416077, -0.7516379952430725, -0.3696666359901428, 0.7324494123458862, -0.6427310109138489, 0.22453221678733826, -0.4063631594181061, -0.14811182022094727, 0.9016273617744446], "cam_t_m2c": [143.04296875, -35.37348556518555, 362.74176025390625], "obj_id": 3}, {"cam_R_m2c": [0.039450112730264664, 0.15309616923332214, 0.9874234795570374, -0.3332829177379608, 0.933620035648346, -0.13143865764141083, -0.9420011043548584, -0.3239061236381531, 0.087855763733387], "cam_t_m2c": [220.81558227539062, -96.27143096923828, 376.244384765625], "obj_id": 2}, {"cam_R_m2c": [0.4374357759952545, -0.37302425503730774, 0.8182315230369568, -0.7876095175743103, -0.5980303287506104, 0.14842833578586578, 0.4339599311351776, -0.7093747854232788, -0.5553973317146301], "cam_t_m2c": [95.27172088623047, 206.89645385742188, 260.01568603515625], "obj_id": 3}, {"cam_R_m2c": [-0.1848696917295456, 0.8547347187995911, 0.48502758145332336, -0.15402789413928986, 0.4622354209423065, -0.8732776045799255, -0.9706176519393921, -0.2361503541469574, 0.04619966819882393], "cam_t_m2c": [146.6727752685547, 52.12125778198242, 276.7401123046875], "obj_id": 1}, {"cam_R_m2c": [-0.014797394163906574, -0.9485098123550415, -0.31640198826789856, 0.4764467477798462, 0.27151456475257874, -0.836228609085083, 0.8790788054466248, -0.16312269866466522, 0.44789668917655945], "cam_t_m2c": [-226.01858520507812, 41.06769561767578, 364.3671875], "obj_id": 2}, {"cam_R_m2c": [0.9919314384460449, 0.04728669300675392, 0.11762629449367523, -0.09733693301677704, 0.878535270690918, 0.46765509247779846, -0.08122498542070389, -0.47533118724823, 0.8760495185852051], "cam_t_m2c": [230.53887939453125, 66.8923110961914, 369.6614074707031], "obj_id": 1}, {"cam_R_m2c": [-0.11637765914201736, -0.9633644223213196, 0.2416304647922516, 0.7642651200294495, -0.24223542213439941, -0.597679615020752, 0.6343147158622742, 0.11511319875717163, 0.764456570148468], "cam_t_m2c": [-151.17446899414062, 8.986258506774902, 385.804931640625], "obj_id": 1}, {"cam_R_m2c": [-0.014794954098761082, -0.5915288925170898, 0.8061479330062866, 0.47644856572151184, -0.7129925489425659, -0.5144299268722534, 0.8790777921676636, 0.37647706270217896, 0.2923819124698639], "cam_t_m2c": [157.45799255371094, -39.05729675292969, 414.2492980957031], "obj_id": 2}, {"cam_R_m2c": [-0.02255246601998806, -0.9995853304862976, 0.017903558909893036, -0.933561384677887, 0.014648577198386192, -0.3581181466579437, 0.3577073812484741, -0.024790514260530472, -0.9335046410560608], "cam_t_m2c": [-81.67532348632812, -91.42680358886719, 335.2393798828125], "obj_id": 1}, {"cam_R_m2c": [0.22587944567203522, 0.604923665523529, -0.7635744214057922, -0.6689409613609314, -0.47349026799201965, -0.5729964971542358, -0.7081641554832458, 0.6402143239974976, 0.2977064549922943], "cam_t_m2c": [-52.37311553955078, 211.3236541748047, 249.61900329589844], "obj_id": 0}, {"cam_R_m2c": [-0.01480095088481903, -0.9996752142906189, -0.020743967965245247, 0.47644394636154175, 0.011188543401658535, -0.8791336417198181, 0.8790802359580994, -0.02289537340402603, 0.4761236310005188], "cam_t_m2c": [3.5850090980529785, 212.50804138183594, 252.5603790283203], "obj_id": 2}, {"cam_R_m2c": [-0.4815432131290436, 0.7169802188873291, 0.5040391683578491, 0.7670660018920898, 0.6229757070541382, -0.15333306789398193, -0.4239409565925598, 0.3127948045730591, -0.8499608635902405], "cam_t_m2c": [-238.63002014160156, -143.3551025390625, 400.5291442871094], "obj_id": 3}, {"cam_R_m2c": [0.13143427670001984, 0.9745951294898987, -0.18135426938533783, 0.9071157574653625, -0.19202570617198944, -0.37452244758605957, -0.39983242750167847, -0.11528424173593521, -0.9093093872070312], "cam_t_m2c": [253.74966430664062, 19.96763801574707, 280.5114440917969], "obj_id": 1}, {"cam_R_m2c": [0.22671423852443695, 0.8915449380874634, 0.39210745692253113, -0.4597894847393036, 0.4528764486312866, -0.7638694643974304, -0.8586001992225647, -0.00710679404437542, 0.5125965476036072], "cam_t_m2c": [133.97084045410156, -138.8296356201172, 458.0118103027344], "obj_id": 0}, {"cam_R_m2c": [0.47410848736763, 0.0871681347489357, -0.8761408925056458, -0.6481951475143433, 0.7079998254776001, -0.2803199589252472, 0.5958725810050964, 0.7008123397827148, 0.3921706974506378], "cam_t_m2c": [-9.896703720092773, 11.956255912780762, 317.2906799316406], "obj_id": 3}, {"cam_R_m2c": [-0.021840455010533333, 0.026955218985676765, 0.9993980526924133, 0.4425638020038605, -0.896098256111145, 0.033840686082839966, 0.8964710235595703, 0.4430364966392517, 0.0076417746022343636], "cam_t_m2c": [211.7659149169922, 275.07757568359375, 171.18902587890625], "obj_id": 0}, {"cam_R_m2c": [-0.28450295329093933, -0.8782836198806763, -0.3842863142490387, -0.6232921481132507, -0.1351046860218048, 0.7702295780181885, -0.7283989191055298, 0.4586552381515503, -0.5089896321296692], "cam_t_m2c": [-72.88253784179688, -76.62051391601562, 360.651123046875], "obj_id": 2}]
}