{
  "0": [{"cam_R_m2c": [-0.10261840373277664, -0.964484453201294, 0.24339120090007782, -0.2534409165382385, -0.21125683188438416, -0.9440011978149414, 0.9618925452232361, -0.15855716168880463, -0.22276102006435394], "cam_t_m2c": [-135.2410125732422, -17.023571014404297, 143.8501739501953], "obj_id": 1}, {"cam_R_m2c": [-0.10261840373277664, -0.964484453201294, 0.24339120090007782, -0.2534409165382385, -0.21125683188438416, -0.9440011978149414, 0.9618925452232361, -0.15855716168880463, -0.22276102006435394], "cam_t_m2c": [-135.2410125732422, -17.023571014404297, 143.8501739501953], "obj_id": 2}, {"cam_R_m2c": [-0.10261840373277664, -0.964484453201294, 0.24339120090007782, -0.2534409165382385, -0.21125683188438416, -0.9440011978149414, 0.9618925452232361, -0.15855716168880463, -0.22276102006435394], "cam_t_m2c": [-135.2410125732422, -17.023571014404297, 143.8501739501953], "obj_id": 3}, {"cam_R_m2c": [-0.10261840373277664, -0.964484453201294, 0.24339120090007782, -0.2534409165382385, -0.21125683188438416, -0.9440011978149414, 0.9618925452232361, -0.15855716168880463, -0.22276102006435394], "cam_t_m2c": [-135.2410125732422, -17.023571014404297, 143.8501739501953], "obj_id": 1}, {"cam_R_m2c": [-0.10261840373277664, -0.964484453201294, 0.24339120090007782, -0.2534409165382385, -0.21125683188438416, -0.9440011978149414, 0.9618925452232361, -0.15855716168880463, -0.22276102006435394], "cam_t_m2c": [-135.2410125732422, -17.023571014404297, 143.8501739501953], "obj_id": 3}, {"cam_R_m2c": [-0.10261840373277664, -0.964484453201294, 0.24339120090007782, -0.2534409165382385, -0.21125683188438416, -0.9440011978149414, 0.9618925452232361, -0.15855716168880463, -0.22276102006435394], "cam_t_m2c": [-135.2410125732422, -17.023571014404297, 143.8501739501953], "obj_id": 3}, {"cam_R_m2c": [-0.10261840373277664, -0.964484453201294, 0.24339120090007782, -0.2534409165382385, -0.21125683188438416, -0.9440011978149414, 0.9618925452232361, -0.15855716168880463, -0.22276102006435394], "cam_t_m2c": [-135.2410125732422, -17.023571014404297, 143.8501739501953], "obj_id": 1}, {"cam_R_m2c": [-0.10261840373277664, -0.964484453201294, 0.24339120090007782, -0.2534409165382385, -0.21125683188438416, -0.9440011978149414, 0.9618925452232361, -0.15855716168880463, -0.22276102006435394], "cam_t_m2c": [-135.2410125732422, -17.023571014404297, 143.8501739501953], "obj_id": 3}, {"cam_R_m2c": [-0.10261840373277664, -0.964484453201294, 0.24339120090007782, -0.2534409165382385, -0.21125683188438416, -0.9440011978149414, 0.9618925452232361, -0.15855716168880463, -0.22276102006435394], "cam_t_m2c": [-135.2410125732422, -17.023571014404297, 143.8501739501953], "obj_id": 3}, {"cam_R_m2c": [-0.10261840373277664, -0.964484453201294, 0.24339120090007782, -0.2534409165382385, -0.21125683188438416, -0.9440011978149414, 0.9618925452232361, -0.15855716168880463, -0.22276102006435394], "cam_t_m2c": [-135.2410125732422, -17.023571014404297, 143.8501739501953], "obj_id": 3}, {"cam_R_m2c": [-0.10261840373277664, -0.964484453201294, 0.24339120090007782, -0.2534409165382385, -0.21125683188438416, -0.9440011978149414, 0.9618925452232361, -0.15855716168880463, -0.22276102006435394], "cam_t_m2c": [-135.2410125732422, -17.023571014404297, 143.8501739501953], "obj_id": 1}, {"cam_R_m2c": [-0.10261840373277664, -0.964484453201294, 0.24339120090007782, -0.2534409165382385, -0.21125683188438416, -0.9440011978149414, 0.9618925452232361, -0.15855716168880463, -0.22276102006435394], "cam_t_m2c": [-135.2410125732422, -17.023571014404297, 143.8501739501953], "obj_id": 2}, {"cam_R_m2c": [-0.10261840373277664, -0.964484453201294, 0.24339120090007782, -0.2534409165382385, -0.21125683188438416, -0.9440011978149414, 0.9618925452232361, -0.15855716168880463, -0.22276102006435394], "cam_t_m2c": [-135.2410125732422, -17.023571014404297, 143.8501739501953], "obj_id": 1}, {"cam_R_m2c": [-0.10261840373277664, -0.964484453201294, 0.24339120090007782, -0.2534409165382385, -0.21125683188438416, -0.9440011978149414, 0.9618925452232361, -0.15855716168880463, -0.22276102006435394], "cam_t_m2c": [-135.2410125732422, -17.023571014404297, 143.8501739501953], "obj_id": 2}, {"cam_R_m2c": [-0.10261840373277664, -0.964484453201294, 0.24339120090007782, -0.2534409165382385, -0.21125683188438416, -0.9440011978149414, 0.9618925452232361, -0.15855716168880463, -0.22276102006435394], "cam_t_m2c": [-135.2410125732422, -17.023571014404297, 143.8501739501953], "obj_id": 3}, {"cam_R_m2c": [-0.10261840373277664, -0.964484453201294, 0.24339120090007782, -0.2534409165382385, -0.21125683188438416, -0.9440011978149414, 0.9618925452232361, -0.15855716168880463, -0.22276102006435394], "cam_t_m2c": [-135.2410125732422, -17.023571014404297, 143.8501739501953], "obj_id": 1}, {"cam_R_m2c": [-0.10261840373277664, -0.964484453201294, 0.24339120090007782, -0.2534409165382385, -0.21125683188438416, -0.9440011978149414, 0.9618925452232361, -0.15855716168880463, -0.22276102006435394], "cam_t_m2c": [-135.2410125732422, -17.023571014404297, 143.8501739501953], "obj_id": 1}, {"cam_R_m2c": [-0.10261840373277664, -0.964484453201294, 0.24339120090007782, -0.2534409165382385, -0.21125683188438416, -0.9440011978149414, 0.9618925452232361, -0.15855716168880463, -0.22276102006435394], "cam_t_m2c": [-135.2410125732422, -17.023571014404297, 143.8501739501953], "obj_id": 1}, {"cam_R_m2c": [-0.10261840373277664, -0.964484453201294, 0.24339120090007782, -0.2534409165382385, -0.21125683188438416, -0.9440011978149414, 0.9618925452232361, -0.15855716168880463, -0.22276102006435394], "cam_t_m2c": [-135.2410125732422, -17.023571014404297, 143.8501739501953], "obj_id": 1}, {"cam_R_m2c": [-0.10261840373277664, -0.964484453201294, 0.24339120090007782, -0.2534409165382385, -0.21125683188438416, -0.9440011978149414, 0.9618925452232361, -0.15855716168880463, -0.22276102006435394], "cam_t_m2c": [-135.2410125732422, -17.023571014404297, 143.8501739501953], "obj_id": 2}, {"cam_R_m2c": [-0.10261840373277664, -0.964484453201294, 0.24339120090007782, -0.2534409165382385, -0.21125683188438416, -0.9440011978149414, 0.9618925452232361, -0.15855716168880463, -0.22276102006435394], "cam_t_m2c": [-135.2410125732422, -17.023571014404297, 143.8501739501953], "obj_id": 1}, {"cam_R_m2c": [-0.10261840373277664, -0.964484453201294, 0.24339120090007782, -0.2534409165382385, -0.21125683188438416, -0.9440011978149414, 0.9618925452232361, -0.15855716168880463, -0.22276102006435394], "cam_t_m2c": [-135.2410125732422, -17.023571014404297, 143.8501739501953], "obj_id": 2}, {"cam_R_m2c": [-0.10261840373277664, -0.964484453201294, 0.24339120090007782, -0.2534409165382385, -0.21125683188438416, -0.9440011978149414, 0.9618925452232361, -0.15855716168880463, -0.22276102006435394], "cam_t_m2c": [-135.2410125732422, -17.023571014404297, 143.8501739501953], "obj_id": 3}, {"cam_R_m2c": [-0.10261840373277664, -0.964484453201294, 0.24339120090007782, -0.2534409165382385, -0.21125683188438416, -0.9440011978149414, 0.9618925452232361, -0.15855716168880463, -0.22276102006435394], "cam_t_m2c": [-135.2410125732422, -17.023571014404297, 143.8501739501953], "obj_id": 1}, {"cam_R_m2c": [-0.2615298628807068, -0.833320677280426, 0.4870098829269409, 0.11424929648637772, -0.5277513265609741, -0.8416801691055298, 0.9584096670150757, -0.16448400914669037, 0.2332291305065155], "cam_t_m2c": [-2238.306640625, 7448.85888671875, 1945.6900634765625], "obj_id": 0}, {"cam_R_m2c": [0.3621704578399658, -0.19439692795276642, -0.9116151928901672, 0.7498298287391663, 0.641730546951294, 0.16105008125305176, 0.5537036657333374, -0.7418838739395142, 0.37818047404289246], "cam_t_m2c": [-183.42770385742188, -6.789731025695801, -63.56283187866211], "obj_id": 3}, {"cam_R_m2c": [0.32419437170028687, -0.12092621624469757, 0.9382296204566956, -0.5168359875679016, 0.8080482482910156, 0.28273409605026245, -0.7923247814178467, -0.5765716433525085, 0.19946567714214325], "cam_t_m2c": [-87.83119201660156, -61.91382598876953, 253.04966735839844], "obj_id": 3}, {"cam_R_m2c": [0.28374922275543213, -0.7925633192062378, 0.5397496223449707, -0.9338911175727844, -0.3561244606971741, -0.03197852522134781, 0.21756309270858765, -0.49499353766441345, -0.8412178754806519], "cam_t_m2c": [9.987131118774414, 9.292119979858398, 61.74009323120117], "obj_id": 1}, {"cam_R_m2c": [-0.7952510714530945, 0.5236205458641052, 0.3056095540523529, 0.32010313868522644, -0.06545750051736832, 0.9451186060905457, 0.5148879885673523, 0.8494332432746887, -0.11555737257003784], "cam_t_m2c": [-279.04931640625, -56.35357666015625, 269.59320068359375], "obj_id": 1}, {"cam_R_m2c": [0.013844924978911877, -0.07621883600950241, 0.9969950318336487, 0.8997140526771545, -0.43408313393592834, -0.04567907378077507, 0.43626028299331665, 0.8976427912712097, 0.06256526708602905], "cam_t_m2c": [-2098.90625, 7452.0029296875, 2063.587646484375], "obj_id": 0}, {"cam_R_m2c": [0.7032905220985413, 0.6972419619560242, -0.13869425654411316, 0.577109158039093, -0.4460347890853882, 0.6841039061546326, 0.41512346267700195, -0.5611655116081238, -0.7160767316818237], "cam_t_m2c": [61.310157775878906, 36.6104850769043, -27.210582733154297], "obj_id": 0}, {"cam_R_m2c": [0.5383957624435425, -0.13617472350597382, 0.8316166996955872, -0.4857766330242157, 0.7562344074249268, 0.43832698464393616, -0.6885861754417419, -0.6399734020233154, 0.3410029113292694], "cam_t_m2c": [1.707099199295044, -19.627817153930664, 178.1706085205078], "obj_id": 3}],
  "1": [{"cam_R_m2c": [0.4091052711009979, -0.8545787930488586, 0.31988731026649475, -0.2803613841533661, -0.45132943987846375, -0.8471712470054626, 0.8683491945266724, 0.2568981349468231, -0.4242321252822876], "cam_t_m2c": [-117.50244140625, -50.491310119628906, 212.58377075195312], "obj_id": 1}, {"cam_R_m2c": [0.4091052711009979, -0.8545787930488586, 0.31988731026649475, -0.2803613841533661, -0.45132943987846375, -0.8471712470054626, 0.8683491945266724, 0.2568981349468231, -0.4242321252822876], "cam_t_m2c": [-117.50244140625, -50.491310119628906, 212.58377075195312], "obj_id": 2}, {"cam_R_m2c": [0.4091052711009979, -0.8545787930488586, 0.31988731026649475, -0.2803613841533661, -0.45132943987846375, -0.8471712470054626, 0.8683491945266724, 0.2568981349468231, -0.4242321252822876], "cam_t_m2c": [-117.50244140625, -50.491310119628906, 212.58377075195312], "obj_id": 3}, {"cam_R_m2c": [0.4091052711009979, -0.8545787930488586, 0.31988731026649475, -0.2803613841533661, -0.45132943987846375, -0.8471712470054626, 0.8683491945266724, 0.2568981349468231, -0.4242321252822876], "cam_t_m2c": [-117.50244140625, -50.491310119628906, 212.58377075195312], "obj_id": 1}, {"cam_R_m2c": [0.4091052711009979, -0.8545787930488586, 0.31988731026649475, -0.2803613841533661, -0.45132943987846375, -0.8471712470054626, 0.8683491945266724, 0.2568981349468231, -0.4242321252822876], "cam_t_m2c": [-117.50244140625, -50.491310119628906, 212.58377075195312], "obj_id": 3}, {"cam_R_m2c": [0.4091052711009979, -0.8545787930488586, 0.31988731026649475, -0.2803613841533661, -0.45132943987846375, -0.8471712470054626, 0.8683491945266724, 0.2568981349468231, -0.4242321252822876], "cam_t_m2c": [-117.50244140625, -50.491310119628906, 212.58377075195312], "obj_id": 3}, {"cam_R_m2c": [0.4091052711009979, -0.8545787930488586, 0.31988731026649475, -0.2803613841533661, -0.45132943987846375, -0.8471712470054626, 0.8683491945266724, 0.2568981349468231, -0.4242321252822876], "cam_t_m2c": [-117.50244140625, -50.491310119628906, 212.58377075195312], "obj_id": 1}, {"cam_R_m2c": [0.4091052711009979, -0.8545787930488586, 0.31988731026649475, -0.2803613841533661, -0.45132943987846375, -0.8471712470054626, 0.8683491945266724, 0.2568981349468231, -0.4242321252822876], "cam_t_m2c": [-117.50244140625, -50.491310119628906, 212.58377075195312], "obj_id": 3}, {"cam_R_m2c": [0.4091052711009979, -0.8545787930488586, 0.31988731026649475, -0.2803613841533661, -0.45132943987846375, -0.8471712470054626, 0.8683491945266724, 0.2568981349468231, -0.4242321252822876], "cam_t_m2c": [-117.50244140625, -50.491310119628906, 212.58377075195312], "obj_id": 3}, {"cam_R_m2c": [0.4091052711009979, -0.8545787930488586, 0.31988731026649475, -0.2803613841533661, -0.45132943987846375, -0.8471712470054626, 0.8683491945266724, 0.2568981349468231, -0.4242321252822876], "cam_t_m2c": [-117.50244140625, -50.491310119628906, 212.58377075195312], "obj_id": 3}, {"cam_R_m2c": [0.4091052711009979, -0.8545787930488586, 0.31988731026649475, -0.2803613841533661, -0.45132943987846375, -0.8471712470054626, 0.8683491945266724, 0.2568981349468231, -0.4242321252822876], "cam_t_m2c": [-117.50244140625, -50.491310119628906, 212.58377075195312], "obj_id": 1}, {"cam_R_m2c": [0.4091052711009979, -0.8545787930488586, 0.31988731026649475, -0.2803613841533661, -0.45132943987846375, -0.8471712470054626, 0.8683491945266724, 0.2568981349468231, -0.4242321252822876], "cam_t_m2c": [-117.50244140625, -50.491310119628906, 212.58377075195312], "obj_id": 2}, {"cam_R_m2c": [0.4091052711009979, -0.8545787930488586, 0.31988731026649475, -0.2803613841533661, -0.45132943987846375, -0.8471712470054626, 0.8683491945266724, 0.2568981349468231, -0.4242321252822876], "cam_t_m2c": [-117.50244140625, -50.491310119628906, 212.58377075195312], "obj_id": 1}, {"cam_R_m2c": [0.4091052711009979, -0.8545787930488586, 0.31988731026649475, -0.2803613841533661, -0.45132943987846375, -0.8471712470054626, 0.8683491945266724, 0.2568981349468231, -0.4242321252822876], "cam_t_m2c": [-117.50244140625, -50.491310119628906, 212.58377075195312], "obj_id": 2}, {"cam_R_m2c": [0.4091052711009979, -0.8545787930488586, 0.31988731026649475, -0.2803613841533661, -0.45132943987846375, -0.8471712470054626, 0.8683491945266724, 0.2568981349468231, -0.4242321252822876], "cam_t_m2c": [-117.50244140625, -50.491310119628906, 212.58377075195312], "obj_id": 3}, {"cam_R_m2c": [0.4091052711009979, -0.8545787930488586, 0.31988731026649475, -0.2803613841533661, -0.45132943987846375, -0.8471712470054626, 0.8683491945266724, 0.2568981349468231, -0.4242321252822876], "cam_t_m2c": [-117.50244140625, -50.491310119628906, 212.58377075195312], "obj_id": 1}, {"cam_R_m2c": [0.4091052711009979, -0.8545787930488586, 0.31988731026649475, -0.2803613841533661, -0.45132943987846375, -0.8471712470054626, 0.8683491945266724, 0.2568981349468231, -0.4242321252822876], "cam_t_m2c": [-117.50244140625, -50.491310119628906, 212.58377075195312], "obj_id": 1}, {"cam_R_m2c": [0.4091052711009979, -0.8545787930488586, 0.31988731026649475, -0.2803613841533661, -0.45132943987846375, -0.8471712470054626, 0.8683491945266724, 0.2568981349468231, -0.4242321252822876], "cam_t_m2c": [-117.50244140625, -50.491310119628906, 212.58377075195312], "obj_id": 1}, {"cam_R_m2c": [0.4091052711009979, -0.8545787930488586, 0.31988731026649475, -0.2803613841533661, -0.45132943987846375, -0.8471712470054626, 0.8683491945266724, 0.2568981349468231, -0.4242321252822876], "cam_t_m2c": [-117.50244140625, -50.491310119628906, 212.58377075195312], "obj_id": 1}, {"cam_R_m2c": [0.4091052711009979, -0.8545787930488586, 0.31988731026649475, -0.2803613841533661, -0.45132943987846375, -0.8471712470054626, 0.8683491945266724, 0.2568981349468231, -0.4242321252822876], "cam_t_m2c": [-117.50244140625, -50.491310119628906, 212.58377075195312], "obj_id": 2}, {"cam_R_m2c": [0.4091052711009979, -0.8545787930488586, 0.31988731026649475, -0.2803613841533661, -0.45132943987846375, -0.8471712470054626, 0.8683491945266724, 0.2568981349468231, -0.4242321252822876], "cam_t_m2c": [-117.50244140625, -50.491310119628906, 212.58377075195312], "obj_id": 1}, {"cam_R_m2c": [0.4091052711009979, -0.8545787930488586, 0.31988731026649475, -0.2803613841533661, -0.45132943987846375, -0.8471712470054626, 0.8683491945266724, 0.2568981349468231, -0.4242321252822876], "cam_t_m2c": [-117.50244140625, -50.491310119628906, 212.58377075195312], "obj_id": 2}, {"cam_R_m2c": [0.4091052711009979, -0.8545787930488586, 0.31988731026649475, -0.2803613841533661, -0.45132943987846375, -0.8471712470054626, 0.8683491945266724, 0.2568981349468231, -0.4242321252822876], "cam_t_m2c": [-117.50244140625, -50.491310119628906, 212.58377075195312], "obj_id": 3}, {"cam_R_m2c": [0.4091052711009979, -0.8545787930488586, 0.31988731026649475, -0.2803613841533661, -0.45132943987846375, -0.8471712470054626, 0.8683491945266724, 0.2568981349468231, -0.4242321252822876], "cam_t_m2c": [-117.50244140625, -50.491310119628906, 212.58377075195312], "obj_id": 1}, {"cam_R_m2c": [0.18805532157421112, -0.6732273697853088, 0.715122401714325, 0.03392893821001053, -0.7232254147529602, -0.6897780299186707, 0.9815722107887268, 0.15397974848747253, -0.11316443979740143], "cam_t_m2c": [-2782.291259765625, 6603.26904296875, 3681.771484375], "obj_id": 0}, {"cam_R_m2c": [0.39616215229034424, -0.6512715220451355, -0.647225558757782, 0.8126254081726074, 0.5768393874168396, -0.08304315060377121, 0.42742881178855896, -0.4930534064769745, 0.7577617764472961], "cam_t_m2c": [-256.196533203125, -51.08073425292969, 50.687355041503906], "obj_id": 3}, {"cam_R_m2c": [0.03250040113925934, -0.5498484969139099, 0.8346318006515503, -0.40828242897987366, 0.7549166679382324, 0.5132311582565308, -0.9122768640518188, -0.35744571685791016, -0.19995836913585663], "cam_t_m2c": [-16.632482528686523, -82.66175079345703, 283.1363525390625], "obj_id": 3}, {"cam_R_m2c": [0.5538846254348755, -0.8281016945838928, 0.08636706322431564, -0.8311349153518677, -0.5437941551208496, 0.11620017886161804, -0.04925966262817383, -0.13614417612552643, -0.9894635081291199], "cam_t_m2c": [-36.101810455322266, 13.155838012695312, 78.98448181152344], "obj_id": 1}, {"cam_R_m2c": [-0.5203679203987122, 0.8539376258850098, -0.002808588556945324, 0.0993456169962883, 0.06380463391542435, 0.9930052757263184, 0.8481437563896179, 0.5164490342140198, -0.1180369034409523], "cam_t_m2c": [-174.7787628173828, -126.7559814453125, 382.7075500488281], "obj_id": 1}, {"cam_R_m2c": [0.009063403122127056, 0.4430675506591797, 0.8964422345161438, 0.8687122464179993, -0.4474737346172333, 0.2123815417289734, 0.495233952999115, 0.7768256068229675, -0.38895368576049805], "cam_t_m2c": [-2609.132080078125, 6641.146484375, 3725.627197265625], "obj_id": 0}, {"cam_R_m2c": [0.6650082468986511, 0.4432358741760254, -0.6010872721672058, 0.7350238561630249, -0.24585147202014923, 0.6318994164466858, 0.13230229914188385, -0.862031877040863, -0.4892822206020355], "cam_t_m2c": [-38.826393127441406, 53.62007141113281, -19.238683700561523], "obj_id": 0}, {"cam_R_m2c": [0.25723084807395935, -0.5803218483924866, 0.772695779800415, -0.32401254773139954, 0.7015212774276733, 0.6347312331199646, -0.9104109406471252, -0.4136355519294739, -0.007578663062304258], "cam_t_m2c": [16.5838565826416, -18.01423454284668, 182.4911651611328], "obj_id": 3}]
}