{
  "0": [{"cam_R_m2c": [-0.16966262459754944, -0.9435582756996155, -0.28445038199424744, -0.1549147665500641, -0.2595116198062897, 0.9532338380813599, -0.9732500314712524, 0.20579388737678528, -0.10214149206876755], "cam_t_m2c": [-54.634765625, 410.3484191894531, 548.8889770507812], "obj_id": 2}, {"cam_R_m2c": [0.01862526871263981, -0.45236682891845703, 0.8916372656822205, 0.11201755702495575, -0.8852330446243286, -0.4514576494693756, 0.9935315251350403, 0.1082874983549118, 0.03418559581041336], "cam_t_m2c": [70.19096374511719, 302.93206787109375, 620.6669921875], "obj_id": 2}, {"cam_R_m2c": [-0.15190349519252777, -0.8324392437934875, -0.5328883528709412, -0.19392049312591553, -0.503565788269043, 0.8419121503829956, -0.9691852331161499, 0.23122747242450714, -0.08493351191282272], "cam_t_m2c": [-333.6282653808594, 16.3994083404541, 598.535400390625], "obj_id": 2}, {"cam_R_m2c": [0.04641459137201309, -0.9769099950790405, 0.2085483968257904, -0.016505366191267967, -0.20949485898017883, -0.9776703715324402, 0.9987858533859253, 0.04193595051765442, -0.025847813114523888], "cam_t_m2c": [-422.0815734863281, 568.9981689453125, 577.4254760742188], "obj_id": 1}, {"cam_R_m2c": [-0.7888651490211487, 0.5327479243278503, -0.3063843846321106, -0.5304397940635681, -0.8419999480247498, -0.09833484888076782, -0.3103633224964142, 0.08494552969932556, 0.9468151330947876], "cam_t_m2c": [-295.1700744628906, -91.16919708251953, 840.4301147460938], "obj_id": 3}, {"cam_R_m2c": [-0.03626282885670662, -0.908656120300293, 0.41596752405166626, 0.22964593768119812, -0.41267892718315125, -0.8814526200294495, 0.9725983738899231, 0.06356123834848404, 0.22363418340682983], "cam_t_m2c": [-112.31824493408203, 519.70361328125, 590.6511840820312], "obj_id": 1}, {"cam_R_m2c": [-0.3531642556190491, 0.2508724629878998, -0.9012978672981262, 0.19968052208423615, 0.9613906145095825, 0.1893562525510788, 0.9140036106109619, -0.11309777200222015, -0.38962313532829285], "cam_t_m2c": [-146.61293029785156, 566.7903442382812, 558.1134033203125], "obj_id": 1}, {"cam_R_m2c": [0.0723811611533165, -0.9961152672767639, 0.05015116184949875, 0.2469564825296402, -0.030817868188023567, -0.9685363173484802, 0.9663194417953491, 0.08248884975910187, 0.24376662075519562], "cam_t_m2c": [-9.592436790466309, 391.31353759765625, 589.7438354492188], "obj_id": 1}, {"cam_R_m2c": [-0.054766226559877396, 0.9220550656318665, -0.38316449522972107, -0.9728635549545288, 0.037121254950761795, 0.22838208079338074, 0.22480440139770508, 0.3852744400501251, 0.8950008749961853], "cam_t_m2c": [-49.850013732910156, 510.3462829589844, 617.7479248046875], "obj_id": 1}, {"cam_R_m2c": [-0.0016104662790894508, -0.5317603349685669, -0.8468933701515198, 0.007301109842956066, -0.8468782305717468, 0.5317369103431702, -0.9999721050262451, -0.0053269388154149055, 0.005246234126389027], "cam_t_m2c": [-425.1451416015625, -4.586252212524414, 602.6172485351562], "obj_id": 2}],
  "1": [{"cam_R_m2c": [-0.16966262459754944, -0.9435582756996155, -0.28445038199424744, -0.1549147665500641, -0.2595116198062897, 0.9532338380813599, -0.9732500314712524, 0.20579388737678528, -0.10214149206876755], "cam_t_m2c": [-54.634765625, 410.3484191894531, 548.8889770507812], "obj_id": 2}, {"cam_R_m2c": [0.01862526871263981, -0.45236682891845703, 0.8916372656822205, 0.11201755702495575, -0.8852330446243286, -0.4514576494693756, 0.9935315251350403, 0.1082874983549118, 0.03418559581041336], "cam_t_m2c": [70.19096374511719, 302.93206787109375, 620.6669921875], "obj_id": 2}, {"cam_R_m2c": [-0.15190349519252777, -0.8324392437934875, -0.5328883528709412, -0.19392049312591553, -0.503565788269043, 0.8419121503829956, -0.9691852331161499, 0.23122747242450714, -0.08493351191282272], "cam_t_m2c": [-333.6282653808594, 16.3994083404541, 598.535400390625], "obj_id": 2}, {"cam_R_m2c": [0.04641459137201309, -0.9769099950790405, 0.2085483968257904, -0.016505366191267967, -0.20949485898017883, -0.9776703715324402, 0.9987858533859253, 0.04193595051765442, -0.025847813114523888], "cam_t_m2c": [-422.0815734863281, 568.9981689453125, 577.4254760742188], "obj_id": 1}, {"cam_R_m2c": [-0.7888651490211487, 0.5327479243278503, -0.3063843846321106, -0.5304397940635681, -0.8419999480247498, -0.09833484888076782, -0.3103633224964142, 0.08494552969932556, 0.9468151330947876], "cam_t_m2c": [-295.1700744628906, -91.16919708251953, 840.4301147460938], "obj_id": 3}, {"cam_R_m2c": [-0.03626282885670662, -0.908656120300293, 0.41596752405166626, 0.22964593768119812, -0.41267892718315125, -0.8814526200294495, 0.9725983738899231, 0.06356123834848404, 0.22363418340682983], "cam_t_m2c": [-112.31824493408203, 519.70361328125, 590.6511840820312], "obj_id": 1}, {"cam_R_m2c": [-0.3531642556190491, 0.2508724629878998, -0.9012978672981262, 0.19968052208423615, 0.9613906145095825, 0.1893562525510788, 0.9140036106109619, -0.11309777200222015, -0.38962313532829285], "cam_t_m2c": [-146.61293029785156, 566.7903442382812, 558.1134033203125], "obj_id": 1}, {"cam_R_m2c": [0.0723811611533165, -0.9961152672767639, 0.05015116184949875, 0.2469564825296402, -0.030817868188023567, -0.9685363173484802, 0.9663194417953491, 0.08248884975910187, 0.24376662075519562], "cam_t_m2c": [-9.592436790466309, 391.31353759765625, 589.7438354492188], "obj_id": 1}, {"cam_R_m2c": [-0.054766226559877396, 0.9220550656318665, -0.38316449522972107, -0.9728635549545288, 0.037121254950761795, 0.22838208079338074, 0.22480440139770508, 0.3852744400501251, 0.8950008749961853], "cam_t_m2c": [-49.850013732910156, 510.3462829589844, 617.7479248046875], "obj_id": 1}, {"cam_R_m2c": [-0.0016104662790894508, -0.5317603349685669, -0.8468933701515198, 0.007301109842956066, -0.8468782305717468, 0.5317369103431702, -0.9999721050262451, -0.0053269388154149055, 0.005246234126389027], "cam_t_m2c": [-425.1451416015625, -4.586252212524414, 602.6172485351562], "obj_id": 2}],
  "2": [{"cam_R_m2c": [0.011303654871881008, 0.5262894034385681, -0.8502303957939148, -0.23849131166934967, -0.824327290058136, -0.5134261846542358, -0.9710788726806641, 0.20857614278793335, 0.11619753390550613], "cam_t_m2c": [-537.437255859375, -172.31527709960938, 637.0838623046875], "obj_id": 2}, {"cam_R_m2c": [0.0718965008854866, 0.9759504795074463, 0.20579475164413452, 0.10540808737277985, -0.21260790526866913, 0.9714354872703552, 0.991826593875885, -0.04815036058425903, -0.11815881729125977], "cam_t_m2c": [-454.3399963378906, -18.072755813598633, 676.7816162109375], "obj_id": 2}, {"cam_R_m2c": [0.044502899050712585, 0.7340118288993835, -0.6776769161224365, -0.21159398555755615, -0.6560331583023071, -0.7244641780853271, -0.9763438701629639, 0.17563308775424957, 0.12611719965934753], "cam_t_m2c": [-82.91202545166016, -341.67071533203125, 622.1341552734375], "obj_id": 2}, {"cam_R_m2c": [0.1876738965511322, 0.4572190046310425, 0.8693268895149231, 0.16346798837184906, -0.8872491717338562, 0.43135499954223633, 0.9685332775115967, 0.06115304306149483, -0.24125418066978455], "cam_t_m2c": [-588.4020385742188, -561.2135009765625, 721.71240234375], "obj_id": 1}, {"cam_R_m2c": [0.6485925316810608, 0.677798330783844, 0.34629058837890625, -0.6698389053344727, 0.7243511080741882, -0.1631908118724823, -0.36144644021987915, -0.12611457705497742, 0.9238244295120239], "cam_t_m2c": [53.82323455810547, -251.12831115722656, 833.4837036132812], "obj_id": 3}, {"cam_R_m2c": [-0.029476702213287354, 0.6364642381668091, 0.7707427144050598, 0.022013571113348007, -0.7704773545265198, 0.6370870471000671, 0.9993230104446411, 0.035746052861213684, 0.008700361475348473], "cam_t_m2c": [-618.6980590820312, -249.22731018066406, 704.249755859375], "obj_id": 1}, {"cam_R_m2c": [0.06949819624423981, -0.9973797798156738, -0.020087802782654762, -0.2831621468067169, -0.000414664507843554, -0.959071934223175, 0.956550657749176, 0.07234185189008713, -0.28244897723197937], "cam_t_m2c": [-660.5637817382812, -297.26934814453125, 684.4705200195312], "obj_id": 1}, {"cam_R_m2c": [-0.07494102418422699, 0.3000876307487488, 0.9509633779525757, 0.12192898243665695, -0.943731963634491, 0.30741429328918457, 0.9897056818008423, 0.13898791372776031, 0.03413473814725876], "cam_t_m2c": [-523.4139404296875, -119.64515686035156, 670.0908813476562], "obj_id": 1}, {"cam_R_m2c": [0.9785045981407166, -0.20092181861400604, 0.04646666347980499, 0.20509494841098785, 0.9245629906654358, -0.3211219608783722, 0.021559055894613266, 0.3237493932247162, 0.9458972215652466], "cam_t_m2c": [-620.8627319335938, -183.64276123046875, 724.696044921875], "obj_id": 1}, {"cam_R_m2c": [-0.19065867364406586, 0.9390137195587158, -0.28618600964546204, -0.11820366233587265, -0.3113729655742645, -0.9429075717926025, -0.9745137691497803, -0.14594529569149017, 0.17036084830760956], "cam_t_m2c": [-38.760990142822266, -424.4460754394531, 627.73095703125], "obj_id": 2}],
  "3": [{"cam_R_m2c": [0.011303654871881008, 0.5262894034385681, -0.8502303957939148, -0.23849131166934967, -0.824327290058136, -0.5134261846542358, -0.9710788726806641, 0.20857614278793335, 0.11619753390550613], "cam_t_m2c": [-537.437255859375, -172.31527709960938, 637.0838623046875], "obj_id": 2}, {"cam_R_m2c": [0.0718965008854866, 0.9759504795074463, 0.20579475164413452, 0.10540808737277985, -0.21260790526866913, 0.9714354872703552, 0.991826593875885, -0.04815036058425903, -0.11815881729125977], "cam_t_m2c": [-454.3399963378906, -18.072755813598633, 676.7816162109375], "obj_id": 2}, {"cam_R_m2c": [0.044502899050712585, 0.7340118288993835, -0.6776769161224365, -0.21159398555755615, -0.6560331583023071, -0.7244641780853271, -0.9763438701629639, 0.17563308775424957, 0.12611719965934753], "cam_t_m2c": [-82.91202545166016, -341.67071533203125, 622.1341552734375], "obj_id": 2}, {"cam_R_m2c": [0.1876738965511322, 0.4572190046310425, 0.8693268895149231, 0.16346798837184906, -0.8872491717338562, 0.43135499954223633, 0.9685332775115967, 0.06115304306149483, -0.24125418066978455], "cam_t_m2c": [-588.4020385742188, -561.2135009765625, 721.71240234375], "obj_id": 1}, {"cam_R_m2c": [0.6485925316810608, 0.677798330783844, 0.34629058837890625, -0.6698389053344727, 0.7243511080741882, -0.1631908118724823, -0.36144644021987915, -0.12611457705497742, 0.9238244295120239], "cam_t_m2c": [53.82323455810547, -251.12831115722656, 833.4837036132812], "obj_id": 3}, {"cam_R_m2c": [-0.029476702213287354, 0.6364642381668091, 0.7707427144050598, 0.022013571113348007, -0.7704773545265198, 0.6370870471000671, 0.9993230104446411, 0.035746052861213684, 0.008700361475348473], "cam_t_m2c": [-618.6980590820312, -249.22731018066406, 704.249755859375], "obj_id": 1}, {"cam_R_m2c": [0.06949819624423981, -0.9973797798156738, -0.020087802782654762, -0.2831621468067169, -0.000414664507843554, -0.959071934223175, 0.956550657749176, 0.07234185189008713, -0.28244897723197937], "cam_t_m2c": [-660.5637817382812, -297.26934814453125, 684.4705200195312], "obj_id": 1}, {"cam_R_m2c": [-0.07494102418422699, 0.3000876307487488, 0.9509633779525757, 0.12192898243665695, -0.943731963634491, 0.30741429328918457, 0.9897056818008423, 0.13898791372776031, 0.03413473814725876], "cam_t_m2c": [-523.4139404296875, -119.64515686035156, 670.0908813476562], "obj_id": 1}, {"cam_R_m2c": [0.9785045981407166, -0.20092181861400604, 0.04646666347980499, 0.20509494841098785, 0.9245629906654358, -0.3211219608783722, 0.021559055894613266, 0.3237493932247162, 0.9458972215652466], "cam_t_m2c": [-620.8627319335938, -183.64276123046875, 724.696044921875], "obj_id": 1}, {"cam_R_m2c": [-0.19065867364406586, 0.9390137195587158, -0.28618600964546204, -0.11820366233587265, -0.3113729655742645, -0.9429075717926025, -0.9745137691497803, -0.14594529569149017, 0.17036084830760956], "cam_t_m2c": [-38.760990142822266, -424.4460754394531, 627.73095703125], "obj_id": 2}],
  "4": [{"cam_R_m2c": [0.011303654871881008, 0.5262894034385681, -0.8502303957939148, -0.23849131166934967, -0.824327290058136, -0.5134261846542358, -0.9710788726806641, 0.20857614278793335, 0.11619753390550613], "cam_t_m2c": [-537.437255859375, -172.31527709960938, 637.0838623046875], "obj_id": 2}, {"cam_R_m2c": [0.0718965008854866, 0.9759504795074463, 0.20579475164413452, 0.10540808737277985, -0.21260790526866913, 0.9714354872703552, 0.991826593875885, -0.04815036058425903, -0.11815881729125977], "cam_t_m2c": [-454.3399963378906, -18.072755813598633, 676.7816162109375], "obj_id": 2}, {"cam_R_m2c": [0.044502899050712585, 0.7340118288993835, -0.6776769161224365, -0.21159398555755615, -0.6560331583023071, -0.7244641780853271, -0.9763438701629639, 0.17563308775424957, 0.12611719965934753], "cam_t_m2c": [-82.91202545166016, -341.67071533203125, 622.1341552734375], "obj_id": 2}, {"cam_R_m2c": [0.1876738965511322, 0.4572190046310425, 0.8693268895149231, 0.16346798837184906, -0.8872491717338562, 0.43135499954223633, 0.9685332775115967, 0.06115304306149483, -0.24125418066978455], "cam_t_m2c": [-588.4020385742188, -561.2135009765625, 721.71240234375], "obj_id": 1}, {"cam_R_m2c": [0.6485925316810608, 0.677798330783844, 0.34629058837890625, -0.6698389053344727, 0.7243511080741882, -0.1631908118724823, -0.36144644021987915, -0.12611457705497742, 0.9238244295120239], "cam_t_m2c": [53.82323455810547, -251.12831115722656, 833.4837036132812], "obj_id": 3}, {"cam_R_m2c": [-0.029476702213287354, 0.6364642381668091, 0.7707427144050598, 0.022013571113348007, -0.7704773545265198, 0.6370870471000671, 0.9993230104446411, 0.035746052861213684, 0.008700361475348473], "cam_t_m2c": [-618.6980590820312, -249.22731018066406, 704.249755859375], "obj_id": 1}, {"cam_R_m2c": [0.06949819624423981, -0.9973797798156738, -0.020087802782654762, -0.2831621468067169, -0.000414664507843554, -0.959071934223175, 0.956550657749176, 0.07234185189008713, -0.28244897723197937], "cam_t_m2c": [-660.5637817382812, -297.26934814453125, 684.4705200195312], "obj_id": 1}, {"cam_R_m2c": [-0.07494102418422699, 0.3000876307487488, 0.9509633779525757, 0.12192898243665695, -0.943731963634491, 0.30741429328918457, 0.9897056818008423, 0.13898791372776031, 0.03413473814725876], "cam_t_m2c": [-523.4139404296875, -119.64515686035156, 670.0908813476562], "obj_id": 1}, {"cam_R_m2c": [0.9785045981407166, -0.20092181861400604, 0.04646666347980499, 0.20509494841098785, 0.9245629906654358, -0.3211219608783722, 0.021559055894613266, 0.3237493932247162, 0.9458972215652466], "cam_t_m2c": [-620.8627319335938, -183.64276123046875, 724.696044921875], "obj_id": 1}, {"cam_R_m2c": [-0.19065867364406586, 0.9390137195587158, -0.28618600964546204, -0.11820366233587265, -0.3113729655742645, -0.9429075717926025, -0.9745137691497803, -0.14594529569149017, 0.17036084830760956], "cam_t_m2c": [-38.760990142822266, -424.4460754394531, 627.73095703125], "obj_id": 2}]
}