{
  "0": [{"cam_R_m2c": [-0.7843535542488098, -0.36063069105148315, 0.5047125816345215, -0.18253998458385468, 0.9118012189865112, 0.3678283393383026, -0.5928477644920349, 0.19637726247310638, -0.7810040712356567], "cam_t_m2c": [313.2773132324219, -70.88912963867188, 990.2487182617188], "obj_id": 0}, {"cam_R_m2c": [-0.16308607161045074, -0.07621500641107559, 0.9836635589599609, -0.13555268943309784, -0.9858258366584778, -0.09885645657777786, 0.9772554636001587, -0.14946037530899048, 0.15044347941875458], "cam_t_m2c": [408.9996643066406, -74.22592163085938, 1071.7574462890625], "obj_id": 2}, {"cam_R_m2c": [0.0030276556499302387, -0.9892969131469727, 0.14588563144207, -0.07922203838825226, 0.14519041776657104, 0.9862269759178162, -0.996852457523346, -0.014543367549777031, -0.07793457061052322], "cam_t_m2c": [609.903564453125, -73.1884994506836, 1258.381103515625], "obj_id": 2}],
  "1": [{"cam_R_m2c": [0.6941977143287659, 0.09020531177520752, -0.7141095995903015, -0.49993011355400085, -0.6533417105674744, -0.5685194730758667, -0.517841100692749, 0.7516697645187378, -0.4084519147872925], "cam_t_m2c": [-269.8211975097656, 164.98690795898438, 899.32470703125], "obj_id": 0}, {"cam_R_m2c": [0.35467419028282166, 0.34973928332328796, -0.8671150803565979, 0.6393231153488159, 0.5860058069229126, 0.497858464717865, 0.6822551488876343, -0.7309442758560181, -0.01575525477528572], "cam_t_m2c": [-345.1378173828125, 249.96029663085938, 953.4462280273438], "obj_id": 2}, {"cam_R_m2c": [-0.14187343418598175, 0.8804365992546082, -0.45244133472442627, -0.5526074171066284, -0.4496571719646454, -0.7017359137535095, -0.8212775588035583, 0.1504647135734558, 0.5503303408622742], "cam_t_m2c": [-503.24981689453125, 431.7964782714844, 1084.1795654296875], "obj_id": 2}]
}