{
  "0": [{"cam_R_m2c": [0.2125929445028305, -0.943406879901886, -0.2545340061187744, -0.2313113510608673, 0.20449669659137726, -0.9511445760726929, 0.9493677616119385, 0.2610831558704376, -0.17474612593650818], "cam_t_m2c": [-53.2840461730957, 46.49224853515625, 18.047910690307617], "obj_id": 0}, {"cam_R_m2c": [0.2125929445028305, -0.943406879901886, -0.2545340061187744, -0.2313113510608673, 0.20449669659137726, -0.9511445760726929, 0.9493677616119385, 0.2610831558704376, -0.17474612593650818], "cam_t_m2c": [-53.2840461730957, 46.49224853515625, 18.047910690307617], "obj_id": 1}, {"cam_R_m2c": [0.2125929445028305, -0.943406879901886, -0.2545340061187744, -0.2313113510608673, 0.20449669659137726, -0.9511445760726929, 0.9493677616119385, 0.2610831558704376, -0.17474612593650818], "cam_t_m2c": [-53.2840461730957, 46.49224853515625, 18.047910690307617], "obj_id": 0}, {"cam_R_m2c": [0.2125929445028305, -0.943406879901886, -0.2545340061187744, -0.2313113510608673, 0.20449669659137726, -0.9511445760726929, 0.9493677616119385, 0.2610831558704376, -0.17474612593650818], "cam_t_m2c": [-53.2840461730957, 46.49224853515625, 18.047910690307617], "obj_id": 0}, {"cam_R_m2c": [0.2125929445028305, -0.943406879901886, -0.2545340061187744, -0.2313113510608673, 0.20449669659137726, -0.9511445760726929, 0.9493677616119385, 0.2610831558704376, -0.17474612593650818], "cam_t_m2c": [-53.2840461730957, 46.49224853515625, 18.047910690307617], "obj_id": 3}, {"cam_R_m2c": [0.2125929445028305, -0.943406879901886, -0.2545340061187744, -0.2313113510608673, 0.20449669659137726, -0.9511445760726929, 0.9493677616119385, 0.2610831558704376, -0.17474612593650818], "cam_t_m2c": [-53.2840461730957, 46.49224853515625, 18.047910690307617], "obj_id": 1}, {"cam_R_m2c": [0.2125929445028305, -0.943406879901886, -0.2545340061187744, -0.2313113510608673, 0.20449669659137726, -0.9511445760726929, 0.9493677616119385, 0.2610831558704376, -0.17474612593650818], "cam_t_m2c": [-53.2840461730957, 46.49224853515625, 18.047910690307617], "obj_id": 1}, {"cam_R_m2c": [0.2125929445028305, -0.943406879901886, -0.2545340061187744, -0.2313113510608673, 0.20449669659137726, -0.9511445760726929, 0.9493677616119385, 0.2610831558704376, -0.17474612593650818], "cam_t_m2c": [-53.2840461730957, 46.49224853515625, 18.047910690307617], "obj_id": 3}, {"cam_R_m2c": [0.2125929445028305, -0.943406879901886, -0.2545340061187744, -0.2313113510608673, 0.20449669659137726, -0.9511445760726929, 0.9493677616119385, 0.2610831558704376, -0.17474612593650818], "cam_t_m2c": [-53.2840461730957, 46.49224853515625, 18.047910690307617], "obj_id": 2}, {"cam_R_m2c": [0.2125929445028305, -0.943406879901886, -0.2545340061187744, -0.2313113510608673, 0.20449669659137726, -0.9511445760726929, 0.9493677616119385, 0.2610831558704376, -0.17474612593650818], "cam_t_m2c": [-53.2840461730957, 46.49224853515625, 18.047910690307617], "obj_id": 2}, {"cam_R_m2c": [0.2125929445028305, -0.943406879901886, -0.2545340061187744, -0.2313113510608673, 0.20449669659137726, -0.9511445760726929, 0.9493677616119385, 0.2610831558704376, -0.17474612593650818], "cam_t_m2c": [-53.2840461730957, 46.49224853515625, 18.047910690307617], "obj_id": 0}, {"cam_R_m2c": [0.2125929445028305, -0.943406879901886, -0.2545340061187744, -0.2313113510608673, 0.20449669659137726, -0.9511445760726929, 0.9493677616119385, 0.2610831558704376, -0.17474612593650818], "cam_t_m2c": [-53.2840461730957, 46.49224853515625, 18.047910690307617], "obj_id": 2}, {"cam_R_m2c": [0.2125929445028305, -0.943406879901886, -0.2545340061187744, -0.2313113510608673, 0.20449669659137726, -0.9511445760726929, 0.9493677616119385, 0.2610831558704376, -0.17474612593650818], "cam_t_m2c": [-53.2840461730957, 46.49224853515625, 18.047910690307617], "obj_id": 2}, {"cam_R_m2c": [0.2125929445028305, -0.943406879901886, -0.2545340061187744, -0.2313113510608673, 0.20449669659137726, -0.9511445760726929, 0.9493677616119385, 0.2610831558704376, -0.17474612593650818], "cam_t_m2c": [-53.2840461730957, 46.49224853515625, 18.047910690307617], "obj_id": 2}, {"cam_R_m2c": [0.2125929445028305, -0.943406879901886, -0.2545340061187744, -0.2313113510608673, 0.20449669659137726, -0.9511445760726929, 0.9493677616119385, 0.2610831558704376, -0.17474612593650818], "cam_t_m2c": [-53.2840461730957, 46.49224853515625, 18.047910690307617], "obj_id": 3}, {"cam_R_m2c": [0.2125929445028305, -0.943406879901886, -0.2545340061187744, -0.2313113510608673, 0.20449669659137726, -0.9511445760726929, 0.9493677616119385, 0.2610831558704376, -0.17474612593650818], "cam_t_m2c": [-53.2840461730957, 46.49224853515625, 18.047910690307617], "obj_id": 2}, {"cam_R_m2c": [0.2125929445028305, -0.943406879901886, -0.2545340061187744, -0.2313113510608673, 0.20449669659137726, -0.9511445760726929, 0.9493677616119385, 0.2610831558704376, -0.17474612593650818], "cam_t_m2c": [-53.2840461730957, 46.49224853515625, 18.047910690307617], "obj_id": 2}, {"cam_R_m2c": [0.2125929445028305, -0.943406879901886, -0.2545340061187744, -0.2313113510608673, 0.20449669659137726, -0.9511445760726929, 0.9493677616119385, 0.2610831558704376, -0.17474612593650818], "cam_t_m2c": [-53.2840461730957, 46.49224853515625, 18.047910690307617], "obj_id": 0}, {"cam_R_m2c": [0.2125929445028305, -0.943406879901886, -0.2545340061187744, -0.2313113510608673, 0.20449669659137726, -0.9511445760726929, 0.9493677616119385, 0.2610831558704376, -0.17474612593650818], "cam_t_m2c": [-53.2840461730957, 46.49224853515625, 18.047910690307617], "obj_id": 0}, {"cam_R_m2c": [0.2125929445028305, -0.943406879901886, -0.2545340061187744, -0.2313113510608673, 0.20449669659137726, -0.9511445760726929, 0.9493677616119385, 0.2610831558704376, -0.17474612593650818], "cam_t_m2c": [-53.2840461730957, 46.49224853515625, 18.047910690307617], "obj_id": 3}, {"cam_R_m2c": [0.2125929445028305, -0.943406879901886, -0.2545340061187744, -0.2313113510608673, 0.20449669659137726, -0.9511445760726929, 0.9493677616119385, 0.2610831558704376, -0.17474612593650818], "cam_t_m2c": [-53.2840461730957, 46.49224853515625, 18.047910690307617], "obj_id": 1}, {"cam_R_m2c": [0.2125929445028305, -0.943406879901886, -0.2545340061187744, -0.2313113510608673, 0.20449669659137726, -0.9511445760726929, 0.9493677616119385, 0.2610831558704376, -0.17474612593650818], "cam_t_m2c": [-53.2840461730957, 46.49224853515625, 18.047910690307617], "obj_id": 1}, {"cam_R_m2c": [0.2125929445028305, -0.943406879901886, -0.2545340061187744, -0.2313113510608673, 0.20449669659137726, -0.9511445760726929, 0.9493677616119385, 0.2610831558704376, -0.17474612593650818], "cam_t_m2c": [-53.2840461730957, 46.49224853515625, 18.047910690307617], "obj_id": 1}, {"cam_R_m2c": [0.2125929445028305, -0.943406879901886, -0.2545340061187744, -0.2313113510608673, 0.20449669659137726, -0.9511445760726929, 0.9493677616119385, 0.2610831558704376, -0.17474612593650818], "cam_t_m2c": [-53.2840461730957, 46.49224853515625, 18.047910690307617], "obj_id": 2}, {"cam_R_m2c": [0.12805655598640442, 0.2577441930770874, -0.9576897025108337, 0.8039347529411316, 0.5384905934333801, 0.252422034740448, 0.5807672142982483, -0.802244246006012, -0.13825227320194244], "cam_t_m2c": [-4.735947132110596, -21.30182456970215, 149.704833984375], "obj_id": 3}, {"cam_R_m2c": [0.5023181438446045, -0.7920186519622803, -0.34696242213249207, 0.23320546746253967, -0.26229995489120483, 0.9363833665847778, -0.8326413631439209, -0.5512758493423462, 0.05294511467218399], "cam_t_m2c": [-232.46859741210938, 34.39112091064453, 142.8242950439453], "obj_id": 0}, {"cam_R_m2c": [-0.6145719289779663, 0.7518755197525024, 0.23871466517448425, -0.37698161602020264, -0.014105377718806267, -0.9261133670806885, -0.6929547786712646, -0.6591542363166809, 0.29211196303367615], "cam_t_m2c": [2010.2496337890625, 7472.66015625, 1486.4476318359375], "obj_id": 2}, {"cam_R_m2c": [0.2466454654932022, -0.8694745302200317, 0.4279952645301819, 0.7710450887680054, -0.09147751331329346, -0.6301755309104919, 0.587073564529419, 0.4854336082935333, 0.6478416323661804], "cam_t_m2c": [-199.09461975097656, 74.9704818725586, -57.36024856567383], "obj_id": 3}, {"cam_R_m2c": [0.02340104430913925, 0.1823575347661972, -0.9829538464546204, 0.17462559044361115, -0.9688530564308167, -0.17558425664901733, -0.9843568205833435, -0.16754001379013062, -0.05451655760407448], "cam_t_m2c": [-7.5721435546875, 44.563785552978516, -83.8160629272461], "obj_id": 3}, {"cam_R_m2c": [0.7654774188995361, -0.3849136531352997, -0.5156411528587341, 0.5960537195205688, 0.7260605692863464, 0.3428644835948944, 0.2424134612083435, -0.569804847240448, 0.7852121591567993], "cam_t_m2c": [-90.85369110107422, -5.0196733474731445, 169.6127166748047], "obj_id": 1}, {"cam_R_m2c": [0.8918954133987427, -0.09810984879732132, 0.4414713680744171, 0.44944292306900024, 0.30072638392448425, -0.8411685824394226, -0.05023515224456787, 0.9486506581306458, 0.3123112916946411], "cam_t_m2c": [104.4684829711914, -38.73482131958008, 50.21598434448242], "obj_id": 0}, {"cam_R_m2c": [-0.3797195851802826, -0.9032089710235596, -0.20006605982780457, 0.4633748531341553, -0.3728756308555603, 0.803895115852356, -0.8006850481033325, 0.21254919469356537, 0.5601126551628113], "cam_t_m2c": [-9.661443710327148, 43.99905776977539, -234.01100158691406], "obj_id": 0}],
  "1": [{"cam_R_m2c": [0.30027663707733154, -0.9532677531242371, -0.033384207636117935, -0.28656724095344543, -0.05677475780248642, -0.9563763737678528, 0.9097874164581299, 0.29674428701400757, -0.29022344946861267], "cam_t_m2c": [-67.66541290283203, 49.10121536254883, 23.353261947631836], "obj_id": 0}, {"cam_R_m2c": [0.30027663707733154, -0.9532677531242371, -0.033384207636117935, -0.28656724095344543, -0.05677475780248642, -0.9563763737678528, 0.9097874164581299, 0.29674428701400757, -0.29022344946861267], "cam_t_m2c": [-67.66541290283203, 49.10121536254883, 23.353261947631836], "obj_id": 1}, {"cam_R_m2c": [0.30027663707733154, -0.9532677531242371, -0.033384207636117935, -0.28656724095344543, -0.05677475780248642, -0.9563763737678528, 0.9097874164581299, 0.29674428701400757, -0.29022344946861267], "cam_t_m2c": [-67.66541290283203, 49.10121536254883, 23.353261947631836], "obj_id": 0}, {"cam_R_m2c": [0.30027663707733154, -0.9532677531242371, -0.033384207636117935, -0.28656724095344543, -0.05677475780248642, -0.9563763737678528, 0.9097874164581299, 0.29674428701400757, -0.29022344946861267], "cam_t_m2c": [-67.66541290283203, 49.10121536254883, 23.353261947631836], "obj_id": 0}, {"cam_R_m2c": [0.30027663707733154, -0.9532677531242371, -0.033384207636117935, -0.28656724095344543, -0.05677475780248642, -0.9563763737678528, 0.9097874164581299, 0.29674428701400757, -0.29022344946861267], "cam_t_m2c": [-67.66541290283203, 49.10121536254883, 23.353261947631836], "obj_id": 3}, {"cam_R_m2c": [0.30027663707733154, -0.9532677531242371, -0.033384207636117935, -0.28656724095344543, -0.05677475780248642, -0.9563763737678528, 0.9097874164581299, 0.29674428701400757, -0.29022344946861267], "cam_t_m2c": [-67.66541290283203, 49.10121536254883, 23.353261947631836], "obj_id": 1}, {"cam_R_m2c": [0.30027663707733154, -0.9532677531242371, -0.033384207636117935, -0.28656724095344543, -0.05677475780248642, -0.9563763737678528, 0.9097874164581299, 0.29674428701400757, -0.29022344946861267], "cam_t_m2c": [-67.66541290283203, 49.10121536254883, 23.353261947631836], "obj_id": 1}, {"cam_R_m2c": [0.30027663707733154, -0.9532677531242371, -0.033384207636117935, -0.28656724095344543, -0.05677475780248642, -0.9563763737678528, 0.9097874164581299, 0.29674428701400757, -0.29022344946861267], "cam_t_m2c": [-67.66541290283203, 49.10121536254883, 23.353261947631836], "obj_id": 3}, {"cam_R_m2c": [0.30027663707733154, -0.9532677531242371, -0.033384207636117935, -0.28656724095344543, -0.05677475780248642, -0.9563763737678528, 0.9097874164581299, 0.29674428701400757, -0.29022344946861267], "cam_t_m2c": [-67.66541290283203, 49.10121536254883, 23.353261947631836], "obj_id": 2}, {"cam_R_m2c": [0.30027663707733154, -0.9532677531242371, -0.033384207636117935, -0.28656724095344543, -0.05677475780248642, -0.9563763737678528, 0.9097874164581299, 0.29674428701400757, -0.29022344946861267], "cam_t_m2c": [-67.66541290283203, 49.10121536254883, 23.353261947631836], "obj_id": 2}, {"cam_R_m2c": [0.30027663707733154, -0.9532677531242371, -0.033384207636117935, -0.28656724095344543, -0.05677475780248642, -0.9563763737678528, 0.9097874164581299, 0.29674428701400757, -0.29022344946861267], "cam_t_m2c": [-67.66541290283203, 49.10121536254883, 23.353261947631836], "obj_id": 0}, {"cam_R_m2c": [0.30027663707733154, -0.9532677531242371, -0.033384207636117935, -0.28656724095344543, -0.05677475780248642, -0.9563763737678528, 0.9097874164581299, 0.29674428701400757, -0.29022344946861267], "cam_t_m2c": [-67.66541290283203, 49.10121536254883, 23.353261947631836], "obj_id": 2}, {"cam_R_m2c": [0.30027663707733154, -0.9532677531242371, -0.033384207636117935, -0.28656724095344543, -0.05677475780248642, -0.9563763737678528, 0.9097874164581299, 0.29674428701400757, -0.29022344946861267], "cam_t_m2c": [-67.66541290283203, 49.10121536254883, 23.353261947631836], "obj_id": 2}, {"cam_R_m2c": [0.30027663707733154, -0.9532677531242371, -0.033384207636117935, -0.28656724095344543, -0.05677475780248642, -0.9563763737678528, 0.9097874164581299, 0.29674428701400757, -0.29022344946861267], "cam_t_m2c": [-67.66541290283203, 49.10121536254883, 23.353261947631836], "obj_id": 2}, {"cam_R_m2c": [0.30027663707733154, -0.9532677531242371, -0.033384207636117935, -0.28656724095344543, -0.05677475780248642, -0.9563763737678528, 0.9097874164581299, 0.29674428701400757, -0.29022344946861267], "cam_t_m2c": [-67.66541290283203, 49.10121536254883, 23.353261947631836], "obj_id": 3}, {"cam_R_m2c": [0.30027663707733154, -0.9532677531242371, -0.033384207636117935, -0.28656724095344543, -0.05677475780248642, -0.9563763737678528, 0.9097874164581299, 0.29674428701400757, -0.29022344946861267], "cam_t_m2c": [-67.66541290283203, 49.10121536254883, 23.353261947631836], "obj_id": 2}, {"cam_R_m2c": [0.30027663707733154, -0.9532677531242371, -0.033384207636117935, -0.28656724095344543, -0.05677475780248642, -0.9563763737678528, 0.9097874164581299, 0.29674428701400757, -0.29022344946861267], "cam_t_m2c": [-67.66541290283203, 49.10121536254883, 23.353261947631836], "obj_id": 2}, {"cam_R_m2c": [0.30027663707733154, -0.9532677531242371, -0.033384207636117935, -0.28656724095344543, -0.05677475780248642, -0.9563763737678528, 0.9097874164581299, 0.29674428701400757, -0.29022344946861267], "cam_t_m2c": [-67.66541290283203, 49.10121536254883, 23.353261947631836], "obj_id": 0}, {"cam_R_m2c": [0.30027663707733154, -0.9532677531242371, -0.033384207636117935, -0.28656724095344543, -0.05677475780248642, -0.9563763737678528, 0.9097874164581299, 0.29674428701400757, -0.29022344946861267], "cam_t_m2c": [-67.66541290283203, 49.10121536254883, 23.353261947631836], "obj_id": 0}, {"cam_R_m2c": [0.30027663707733154, -0.9532677531242371, -0.033384207636117935, -0.28656724095344543, -0.05677475780248642, -0.9563763737678528, 0.9097874164581299, 0.29674428701400757, -0.29022344946861267], "cam_t_m2c": [-67.66541290283203, 49.10121536254883, 23.353261947631836], "obj_id": 3}, {"cam_R_m2c": [0.30027663707733154, -0.9532677531242371, -0.033384207636117935, -0.28656724095344543, -0.05677475780248642, -0.9563763737678528, 0.9097874164581299, 0.29674428701400757, -0.29022344946861267], "cam_t_m2c": [-67.66541290283203, 49.10121536254883, 23.353261947631836], "obj_id": 1}, {"cam_R_m2c": [0.30027663707733154, -0.9532677531242371, -0.033384207636117935, -0.28656724095344543, -0.05677475780248642, -0.9563763737678528, 0.9097874164581299, 0.29674428701400757, -0.29022344946861267], "cam_t_m2c": [-67.66541290283203, 49.10121536254883, 23.353261947631836], "obj_id": 1}, {"cam_R_m2c": [0.30027663707733154, -0.9532677531242371, -0.033384207636117935, -0.28656724095344543, -0.05677475780248642, -0.9563763737678528, 0.9097874164581299, 0.29674428701400757, -0.29022344946861267], "cam_t_m2c": [-67.66541290283203, 49.10121536254883, 23.353261947631836], "obj_id": 1}, {"cam_R_m2c": [0.30027663707733154, -0.9532677531242371, -0.033384207636117935, -0.28656724095344543, -0.05677475780248642, -0.9563763737678528, 0.9097874164581299, 0.29674428701400757, -0.29022344946861267], "cam_t_m2c": [-67.66541290283203, 49.10121536254883, 23.353261947631836], "obj_id": 2}, {"cam_R_m2c": [-0.038197752088308334, 0.09144744277000427, -0.9950770139694214, 0.7359360456466675, 0.6762021780014038, 0.0338926799595356, 0.6759726405143738, -0.7310184240341187, -0.09312885999679565], "cam_t_m2c": [0.81124347448349, -20.58067512512207, 144.76939392089844], "obj_id": 3}, {"cam_R_m2c": [0.3988339900970459, -0.7317121624946594, -0.5527464151382446, 0.44318386912345886, -0.3738955855369568, 0.8147329688072205, -0.8028196096420288, -0.5699114799499512, 0.17516088485717773], "cam_t_m2c": [-233.71177673339844, -19.811241149902344, 147.8617401123047], "obj_id": 0}, {"cam_R_m2c": [-0.5385693311691284, 0.7061433792114258, 0.4596787393093109, -0.4256296157836914, 0.24283155798912048, -0.871706485748291, -0.7271742820739746, -0.6651273369789124, 0.16977393627166748], "cam_t_m2c": [271.4277648925781, 7521.6513671875, 2391.546875], "obj_id": 2}, {"cam_R_m2c": [0.08494611084461212, -0.8031461834907532, 0.5896949768066406, 0.7314596772193909, -0.35160547494888306, -0.58424311876297, 0.6765727400779724, 0.48096728324890137, 0.5576017498970032], "cam_t_m2c": [-219.13705444335938, 51.17277526855469, -46.00214385986328], "obj_id": 3}, {"cam_R_m2c": [-0.059254661202430725, 0.39554563164711, -0.9165327548980713, 0.29180482029914856, -0.8711788058280945, -0.394837886095047, -0.9546405673027039, -0.29084473848342896, -0.06380049139261246], "cam_t_m2c": [-27.081422805786133, 70.23171997070312, -78.50943756103516], "obj_id": 3}, {"cam_R_m2c": [0.6152976751327515, -0.5668623447418213, -0.5477918386459351, 0.7264668941497803, 0.6775325536727905, 0.1148715540766716, 0.30603042244911194, -0.46863284707069397, 0.8286908864974976], "cam_t_m2c": [-85.81670379638672, -27.593271255493164, 167.66311645507812], "obj_id": 1}, {"cam_R_m2c": [0.7599419355392456, -0.12542451918125153, 0.6377750039100647, 0.6499763131141663, 0.15323035418987274, -0.7443461418151855, -0.004367215558886528, 0.9801985025405884, 0.19796915352344513], "cam_t_m2c": [106.79483032226562, 0.30261462926864624, 42.500572204589844], "obj_id": 0}, {"cam_R_m2c": [-0.510405957698822, -0.7819265723228455, -0.35787805914878845, 0.45309314131736755, -0.5982495546340942, 0.6609116196632385, -0.7308847308158875, 0.17518112063407898, 0.659635603427887], "cam_t_m2c": [-35.291988372802734, 87.18087768554688, -227.53465270996094], "obj_id": 0}]
}