{
  "0": [{"cam_R_m2c": [0.1030435636639595, -0.9804379940032959, 0.16769962012767792, 0.8651321530342102, 0.005142627749592066, -0.5015174150466919, 0.49084439873695374, 0.19676044583320618, 0.8487384915351868], "cam_t_m2c": [111.07782745361328, 84.99684143066406, 800.7625732421875], "obj_id": 0}, {"cam_R_m2c": [-0.9535384774208069, 0.2912822961807251, 0.07693542540073395, 0.2894705533981323, 0.8150381445884705, 0.5019159317016602, 0.0834939032793045, 0.5008666515350342, -0.8614879250526428], "cam_t_m2c": [-265.21142578125, -3.3928937911987305, 853.9605102539062], "obj_id": 3}, {"cam_R_m2c": [0.2306392788887024, 0.5577131509780884, -0.7973465323448181, -0.3304661214351654, 0.8156294822692871, 0.4749111831188202, 0.9152035713195801, 0.1539628952741623, 0.372421532869339], "cam_t_m2c": [-91.81802368164062, 230.418212890625, 910.7092895507812], "obj_id": 3}, {"cam_R_m2c": [0.06930550187826157, -0.8413181304931641, 0.5360785722732544, -0.03990611433982849, 0.5346026420593262, 0.8441607356071472, -0.9967968463897705, -0.0798976868391037, 0.0034772236831486225], "cam_t_m2c": [126.56700897216797, 135.80569458007812, 889.9774780273438], "obj_id": 2}],
  "1": [{"cam_R_m2c": [-0.08552715182304382, 0.007990562357008457, 0.9963036775588989, 0.9168664813041687, -0.3907140791416168, 0.0818416178226471, 0.38992398977279663, 0.9204772710800171, 0.02609054371714592], "cam_t_m2c": [-28.53063201904297, 120.44342803955078, 772.886474609375], "obj_id": 0}, {"cam_R_m2c": [-0.2422589659690857, -0.020405562594532967, -0.9699969291687012, -0.21434307098388672, 0.9762009382247925, 0.032996613532304764, 0.94623863697052, 0.21590586006641388, -0.24086721241474152], "cam_t_m2c": [8.478604316711426, -107.14051818847656, 1087.56494140625], "obj_id": 3}, {"cam_R_m2c": [0.961171567440033, -0.25998950004577637, -0.09249170124530792, 0.2704966068267822, 0.9539868831634521, 0.12938550114631653, 0.054597001522779465, -0.14938035607337952, 0.9872713088989258], "cam_t_m2c": [-53.91359329223633, 178.58070373535156, 1037.96484375], "obj_id": 3}, {"cam_R_m2c": [-0.7692974209785461, -0.49755051732063293, -0.4007801413536072, -0.4370943307876587, -0.047645702958106995, 0.8981527090072632, -0.46597185730934143, 0.8661254048347473, -0.1808226853609085], "cam_t_m2c": [16.59893798828125, 205.8712615966797, 811.6363525390625], "obj_id": 2}]
}