{
  "0": [{"cam_R_m2c": [0.6432657241821289, 0.7596575617790222, -0.095548614859581, 0.45074203610420227, -0.47661417722702026, -0.7547650933265686, -0.6189029216766357, 0.4424467086791992, -0.6489991545677185], "cam_t_m2c": [-24.431549072265625, 67.02273559570312, 862.8253173828125], "obj_id": 1}, {"cam_R_m2c": [0.6432657241821289, 0.7596575617790222, -0.095548614859581, 0.45074203610420227, -0.47661417722702026, -0.7547650933265686, -0.6189029216766357, 0.4424467086791992, -0.6489991545677185], "cam_t_m2c": [-24.431549072265625, 67.02273559570312, 862.8253173828125], "obj_id": 0}, {"cam_R_m2c": [0.6432657241821289, 0.7596575617790222, -0.095548614859581, 0.45074203610420227, -0.47661417722702026, -0.7547650933265686, -0.6189029216766357, 0.4424467086791992, -0.6489991545677185], "cam_t_m2c": [-24.431549072265625, 67.02273559570312, 862.8253173828125], "obj_id": 0}, {"cam_R_m2c": [0.6432657241821289, 0.7596575617790222, -0.095548614859581, 0.45074203610420227, -0.47661417722702026, -0.7547650933265686, -0.6189029216766357, 0.4424467086791992, -0.6489991545677185], "cam_t_m2c": [-24.431549072265625, 67.02273559570312, 862.8253173828125], "obj_id": 0}, {"cam_R_m2c": [0.6432657241821289, 0.7596575617790222, -0.095548614859581, 0.45074203610420227, -0.47661417722702026, -0.7547650933265686, -0.6189029216766357, 0.4424467086791992, -0.6489991545677185], "cam_t_m2c": [-24.431549072265625, 67.02273559570312, 862.8253173828125], "obj_id": 1}, {"cam_R_m2c": [0.6432657241821289, 0.7596575617790222, -0.095548614859581, 0.45074203610420227, -0.47661417722702026, -0.7547650933265686, -0.6189029216766357, 0.4424467086791992, -0.6489991545677185], "cam_t_m2c": [-24.431549072265625, 67.02273559570312, 862.8253173828125], "obj_id": 3}, {"cam_R_m2c": [0.6432657241821289, 0.7596575617790222, -0.095548614859581, 0.45074203610420227, -0.47661417722702026, -0.7547650933265686, -0.6189029216766357, 0.4424467086791992, -0.6489991545677185], "cam_t_m2c": [-24.431549072265625, 67.02273559570312, 862.8253173828125], "obj_id": 3}, {"cam_R_m2c": [0.6432657241821289, 0.7596575617790222, -0.095548614859581, 0.45074203610420227, -0.47661417722702026, -0.7547650933265686, -0.6189029216766357, 0.4424467086791992, -0.6489991545677185], "cam_t_m2c": [-24.431549072265625, 67.02273559570312, 862.8253173828125], "obj_id": 1}, {"cam_R_m2c": [0.9820083975791931, -0.10475392639636993, 0.15711800754070282, -0.17815281450748444, -0.7898290157318115, 0.5868828892707825, 0.06261807680130005, -0.6043149828910828, -0.7942809462547302], "cam_t_m2c": [132.0065155029297, 126.57853698730469, 784.9641723632812], "obj_id": 3}, {"cam_R_m2c": [0.07604945451021194, 0.9934828281402588, 0.0849013552069664, 0.6652071475982666, -0.11398070305585861, 0.7379076480865479, 0.7427757382392883, 0.00035957040381617844, -0.6695399880409241], "cam_t_m2c": [-134.17344665527344, 252.02944946289062, 695.482666015625], "obj_id": 1}, {"cam_R_m2c": [-0.4998641610145569, -0.8046392798423767, 0.320454865694046, -0.8562010526657104, 0.4032905697822571, -0.3229185938835144, 0.1305965781211853, -0.4357892572879791, -0.8905234932899475], "cam_t_m2c": [-137.17359924316406, 21.07151985168457, 837.6635131835938], "obj_id": 1}, {"cam_R_m2c": [0.3214951753616333, 0.9020499587059021, 0.28800466656684875, 0.6586382389068604, -0.43154823780059814, 0.6164103746414185, 0.6803208589553833, -0.008482062257826328, -0.7328653335571289], "cam_t_m2c": [-145.87966918945312, -76.39608001708984, 993.0835571289062], "obj_id": 0}],
  "1": [{"cam_R_m2c": [0.6432657241821289, 0.7596575617790222, -0.095548614859581, 0.45074203610420227, -0.47661417722702026, -0.7547650933265686, -0.6189029216766357, 0.4424467086791992, -0.6489991545677185], "cam_t_m2c": [-24.431549072265625, 67.02273559570312, 862.8253173828125], "obj_id": 1}, {"cam_R_m2c": [0.6432657241821289, 0.7596575617790222, -0.095548614859581, 0.45074203610420227, -0.47661417722702026, -0.7547650933265686, -0.6189029216766357, 0.4424467086791992, -0.6489991545677185], "cam_t_m2c": [-24.431549072265625, 67.02273559570312, 862.8253173828125], "obj_id": 0}, {"cam_R_m2c": [0.6432657241821289, 0.7596575617790222, -0.095548614859581, 0.45074203610420227, -0.47661417722702026, -0.7547650933265686, -0.6189029216766357, 0.4424467086791992, -0.6489991545677185], "cam_t_m2c": [-24.431549072265625, 67.02273559570312, 862.8253173828125], "obj_id": 0}, {"cam_R_m2c": [0.6432657241821289, 0.7596575617790222, -0.095548614859581, 0.45074203610420227, -0.47661417722702026, -0.7547650933265686, -0.6189029216766357, 0.4424467086791992, -0.6489991545677185], "cam_t_m2c": [-24.431549072265625, 67.02273559570312, 862.8253173828125], "obj_id": 0}, {"cam_R_m2c": [0.6432657241821289, 0.7596575617790222, -0.095548614859581, 0.45074203610420227, -0.47661417722702026, -0.7547650933265686, -0.6189029216766357, 0.4424467086791992, -0.6489991545677185], "cam_t_m2c": [-24.431549072265625, 67.02273559570312, 862.8253173828125], "obj_id": 1}, {"cam_R_m2c": [0.6432657241821289, 0.7596575617790222, -0.095548614859581, 0.45074203610420227, -0.47661417722702026, -0.7547650933265686, -0.6189029216766357, 0.4424467086791992, -0.6489991545677185], "cam_t_m2c": [-24.431549072265625, 67.02273559570312, 862.8253173828125], "obj_id": 3}, {"cam_R_m2c": [0.6432657241821289, 0.7596575617790222, -0.095548614859581, 0.45074203610420227, -0.47661417722702026, -0.7547650933265686, -0.6189029216766357, 0.4424467086791992, -0.6489991545677185], "cam_t_m2c": [-24.431549072265625, 67.02273559570312, 862.8253173828125], "obj_id": 3}, {"cam_R_m2c": [0.6432657241821289, 0.7596575617790222, -0.095548614859581, 0.45074203610420227, -0.47661417722702026, -0.7547650933265686, -0.6189029216766357, 0.4424467086791992, -0.6489991545677185], "cam_t_m2c": [-24.431549072265625, 67.02273559570312, 862.8253173828125], "obj_id": 1}, {"cam_R_m2c": [0.9820083975791931, -0.10475392639636993, 0.15711800754070282, -0.17815281450748444, -0.7898290157318115, 0.5868828892707825, 0.06261807680130005, -0.6043149828910828, -0.7942809462547302], "cam_t_m2c": [132.0065155029297, 126.57853698730469, 784.9641723632812], "obj_id": 3}, {"cam_R_m2c": [0.07604945451021194, 0.9934828281402588, 0.0849013552069664, 0.6652071475982666, -0.11398070305585861, 0.7379076480865479, 0.7427757382392883, 0.00035957040381617844, -0.6695399880409241], "cam_t_m2c": [-134.17344665527344, 252.02944946289062, 695.482666015625], "obj_id": 1}, {"cam_R_m2c": [-0.4998641610145569, -0.8046392798423767, 0.320454865694046, -0.8562010526657104, 0.4032905697822571, -0.3229185938835144, 0.1305965781211853, -0.4357892572879791, -0.8905234932899475], "cam_t_m2c": [-137.17359924316406, 21.07151985168457, 837.6635131835938], "obj_id": 1}, {"cam_R_m2c": [0.3214951753616333, 0.9020499587059021, 0.28800466656684875, 0.6586382389068604, -0.43154823780059814, 0.6164103746414185, 0.6803208589553833, -0.008482062257826328, -0.7328653335571289], "cam_t_m2c": [-145.87966918945312, -76.39608001708984, 993.0835571289062], "obj_id": 0}],
  "2": [{"cam_R_m2c": [0.3076712191104889, -0.9308033585548401, -0.19734106957912445, -0.3275177478790283, 0.09112533926963806, -0.9404404759407043, 0.8933479189872742, 0.3539791405200958, -0.2768179774284363], "cam_t_m2c": [-132.0835723876953, 95.07442474365234, 674.8530883789062], "obj_id": 2}, {"cam_R_m2c": [0.3076712191104889, -0.9308033585548401, -0.19734106957912445, -0.3275177478790283, 0.09112533926963806, -0.9404404759407043, 0.8933479189872742, 0.3539791405200958, -0.2768179774284363], "cam_t_m2c": [-132.0835723876953, 95.07442474365234, 674.8530883789062], "obj_id": 3}, {"cam_R_m2c": [0.3076712191104889, -0.9308033585548401, -0.19734106957912445, -0.3275177478790283, 0.09112533926963806, -0.9404404759407043, 0.8933479189872742, 0.3539791405200958, -0.2768179774284363], "cam_t_m2c": [-132.0835723876953, 95.07442474365234, 674.8530883789062], "obj_id": 2}, {"cam_R_m2c": [0.3076712191104889, -0.9308033585548401, -0.19734106957912445, -0.3275177478790283, 0.09112533926963806, -0.9404404759407043, 0.8933479189872742, 0.3539791405200958, -0.2768179774284363], "cam_t_m2c": [-132.0835723876953, 95.07442474365234, 674.8530883789062], "obj_id": 3}, {"cam_R_m2c": [0.3076712191104889, -0.9308033585548401, -0.19734106957912445, -0.3275177478790283, 0.09112533926963806, -0.9404404759407043, 0.8933479189872742, 0.3539791405200958, -0.2768179774284363], "cam_t_m2c": [-132.0835723876953, 95.07442474365234, 674.8530883789062], "obj_id": 1}, {"cam_R_m2c": [0.3076712191104889, -0.9308033585548401, -0.19734106957912445, -0.3275177478790283, 0.09112533926963806, -0.9404404759407043, 0.8933479189872742, 0.3539791405200958, -0.2768179774284363], "cam_t_m2c": [-132.0835723876953, 95.07442474365234, 674.8530883789062], "obj_id": 3}, {"cam_R_m2c": [0.3076712191104889, -0.9308033585548401, -0.19734106957912445, -0.3275177478790283, 0.09112533926963806, -0.9404404759407043, 0.8933479189872742, 0.3539791405200958, -0.2768179774284363], "cam_t_m2c": [-132.0835723876953, 95.07442474365234, 674.8530883789062], "obj_id": 2}, {"cam_R_m2c": [0.3076712191104889, -0.9308033585548401, -0.19734106957912445, -0.3275177478790283, 0.09112533926963806, -0.9404404759407043, 0.8933479189872742, 0.3539791405200958, -0.2768179774284363], "cam_t_m2c": [-132.0835723876953, 95.07442474365234, 674.8530883789062], "obj_id": 1}, {"cam_R_m2c": [0.3076712191104889, -0.9308033585548401, -0.19734106957912445, -0.3275177478790283, 0.09112533926963806, -0.9404404759407043, 0.8933479189872742, 0.3539791405200958, -0.2768179774284363], "cam_t_m2c": [-132.0835723876953, 95.07442474365234, 674.8530883789062], "obj_id": 0}, {"cam_R_m2c": [0.3076712191104889, -0.9308033585548401, -0.19734106957912445, -0.3275177478790283, 0.09112533926963806, -0.9404404759407043, 0.8933479189872742, 0.3539791405200958, -0.2768179774284363], "cam_t_m2c": [-132.0835723876953, 95.07442474365234, 674.8530883789062], "obj_id": 0}, {"cam_R_m2c": [0.3076712191104889, -0.9308033585548401, -0.19734106957912445, -0.3275177478790283, 0.09112533926963806, -0.9404404759407043, 0.8933479189872742, 0.3539791405200958, -0.2768179774284363], "cam_t_m2c": [-132.0835723876953, 95.07442474365234, 674.8530883789062], "obj_id": 3}, {"cam_R_m2c": [0.3076712191104889, -0.9308033585548401, -0.19734106957912445, -0.3275177478790283, 0.09112533926963806, -0.9404404759407043, 0.8933479189872742, 0.3539791405200958, -0.2768179774284363], "cam_t_m2c": [-132.0835723876953, 95.07442474365234, 674.8530883789062], "obj_id": 2}, {"cam_R_m2c": [0.3076712191104889, -0.9308033585548401, -0.19734106957912445, -0.3275177478790283, 0.09112533926963806, -0.9404404759407043, 0.8933479189872742, 0.3539791405200958, -0.2768179774284363], "cam_t_m2c": [-132.0835723876953, 95.07442474365234, 674.8530883789062], "obj_id": 3}, {"cam_R_m2c": [0.3076712191104889, -0.9308033585548401, -0.19734106957912445, -0.3275177478790283, 0.09112533926963806, -0.9404404759407043, 0.8933479189872742, 0.3539791405200958, -0.2768179774284363], "cam_t_m2c": [-132.0835723876953, 95.07442474365234, 674.8530883789062], "obj_id": 0}, {"cam_R_m2c": [0.3076712191104889, -0.9308033585548401, -0.19734106957912445, -0.3275177478790283, 0.09112533926963806, -0.9404404759407043, 0.8933479189872742, 0.3539791405200958, -0.2768179774284363], "cam_t_m2c": [-132.0835723876953, 95.07442474365234, 674.8530883789062], "obj_id": 0}, {"cam_R_m2c": [0.3076712191104889, -0.9308033585548401, -0.19734106957912445, -0.3275177478790283, 0.09112533926963806, -0.9404404759407043, 0.8933479189872742, 0.3539791405200958, -0.2768179774284363], "cam_t_m2c": [-132.0835723876953, 95.07442474365234, 674.8530883789062], "obj_id": 3}, {"cam_R_m2c": [0.3076712191104889, -0.9308033585548401, -0.19734106957912445, -0.3275177478790283, 0.09112533926963806, -0.9404404759407043, 0.8933479189872742, 0.3539791405200958, -0.2768179774284363], "cam_t_m2c": [-132.0835723876953, 95.07442474365234, 674.8530883789062], "obj_id": 2}, {"cam_R_m2c": [0.3076712191104889, -0.9308033585548401, -0.19734106957912445, -0.3275177478790283, 0.09112533926963806, -0.9404404759407043, 0.8933479189872742, 0.3539791405200958, -0.2768179774284363], "cam_t_m2c": [-132.0835723876953, 95.07442474365234, 674.8530883789062], "obj_id": 1}, {"cam_R_m2c": [0.3076712191104889, -0.9308033585548401, -0.19734106957912445, -0.3275177478790283, 0.09112533926963806, -0.9404404759407043, 0.8933479189872742, 0.3539791405200958, -0.2768179774284363], "cam_t_m2c": [-132.0835723876953, 95.07442474365234, 674.8530883789062], "obj_id": 3}, {"cam_R_m2c": [0.3076712191104889, -0.9308033585548401, -0.19734106957912445, -0.3275177478790283, 0.09112533926963806, -0.9404404759407043, 0.8933479189872742, 0.3539791405200958, -0.2768179774284363], "cam_t_m2c": [-132.0835723876953, 95.07442474365234, 674.8530883789062], "obj_id": 3}, {"cam_R_m2c": [0.3076712191104889, -0.9308033585548401, -0.19734106957912445, -0.3275177478790283, 0.09112533926963806, -0.9404404759407043, 0.8933479189872742, 0.3539791405200958, -0.2768179774284363], "cam_t_m2c": [-132.0835723876953, 95.07442474365234, 674.8530883789062], "obj_id": 1}, {"cam_R_m2c": [0.3076712191104889, -0.9308033585548401, -0.19734106957912445, -0.3275177478790283, 0.09112533926963806, -0.9404404759407043, 0.8933479189872742, 0.3539791405200958, -0.2768179774284363], "cam_t_m2c": [-132.0835723876953, 95.07442474365234, 674.8530883789062], "obj_id": 2}, {"cam_R_m2c": [0.3076712191104889, -0.9308033585548401, -0.19734106957912445, -0.3275177478790283, 0.09112533926963806, -0.9404404759407043, 0.8933479189872742, 0.3539791405200958, -0.2768179774284363], "cam_t_m2c": [-132.0835723876953, 95.07442474365234, 674.8530883789062], "obj_id": 1}, {"cam_R_m2c": [0.3076712191104889, -0.9308033585548401, -0.19734106957912445, -0.3275177478790283, 0.09112533926963806, -0.9404404759407043, 0.8933479189872742, 0.3539791405200958, -0.2768179774284363], "cam_t_m2c": [-132.0835723876953, 95.07442474365234, 674.8530883789062], "obj_id": 0}, {"cam_R_m2c": [0.3076712191104889, -0.9308033585548401, -0.19734106957912445, -0.3275177478790283, 0.09112533926963806, -0.9404404759407043, 0.8933479189872742, 0.3539791405200958, -0.2768179774284363], "cam_t_m2c": [-132.0835723876953, 95.07442474365234, 674.8530883789062], "obj_id": 3}, {"cam_R_m2c": [0.3076712191104889, -0.9308033585548401, -0.19734106957912445, -0.3275177478790283, 0.09112533926963806, -0.9404404759407043, 0.8933479189872742, 0.3539791405200958, -0.2768179774284363], "cam_t_m2c": [-132.0835723876953, 95.07442474365234, 674.8530883789062], "obj_id": 3}, {"cam_R_m2c": [0.3076712191104889, -0.9308033585548401, -0.19734106957912445, -0.3275177478790283, 0.09112533926963806, -0.9404404759407043, 0.8933479189872742, 0.3539791405200958, -0.2768179774284363], "cam_t_m2c": [-132.0835723876953, 95.07442474365234, 674.8530883789062], "obj_id": 2}, {"cam_R_m2c": [0.3076712191104889, -0.9308033585548401, -0.19734106957912445, -0.3275177478790283, 0.09112533926963806, -0.9404404759407043, 0.8933479189872742, 0.3539791405200958, -0.2768179774284363], "cam_t_m2c": [-132.0835723876953, 95.07442474365234, 674.8530883789062], "obj_id": 1}, {"cam_R_m2c": [0.3076712191104889, -0.9308033585548401, -0.19734106957912445, -0.3275177478790283, 0.09112533926963806, -0.9404404759407043, 0.8933479189872742, 0.3539791405200958, -0.2768179774284363], "cam_t_m2c": [-132.0835723876953, 95.07442474365234, 674.8530883789062], "obj_id": 0}, {"cam_R_m2c": [0.3076712191104889, -0.9308033585548401, -0.19734106957912445, -0.3275177478790283, 0.09112533926963806, -0.9404404759407043, 0.8933479189872742, 0.3539791405200958, -0.2768179774284363], "cam_t_m2c": [-132.0835723876953, 95.07442474365234, 674.8530883789062], "obj_id": 3}, {"cam_R_m2c": [0.3076712191104889, -0.9308033585548401, -0.19734106957912445, -0.3275177478790283, 0.09112533926963806, -0.9404404759407043, 0.8933479189872742, 0.3539791405200958, -0.2768179774284363], "cam_t_m2c": [-132.0835723876953, 95.07442474365234, 674.8530883789062], "obj_id": 1}, {"cam_R_m2c": [0.3076712191104889, -0.9308033585548401, -0.19734106957912445, -0.3275177478790283, 0.09112533926963806, -0.9404404759407043, 0.8933479189872742, 0.3539791405200958, -0.2768179774284363], "cam_t_m2c": [-132.0835723876953, 95.07442474365234, 674.8530883789062], "obj_id": 0}, {"cam_R_m2c": [0.3076712191104889, -0.9308033585548401, -0.19734106957912445, -0.3275177478790283, 0.09112533926963806, -0.9404404759407043, 0.8933479189872742, 0.3539791405200958, -0.2768179774284363], "cam_t_m2c": [-132.0835723876953, 95.07442474365234, 674.8530883789062], "obj_id": 1}, {"cam_R_m2c": [0.3076712191104889, -0.9308033585548401, -0.19734106957912445, -0.3275177478790283, 0.09112533926963806, -0.9404404759407043, 0.8933479189872742, 0.3539791405200958, -0.2768179774284363], "cam_t_m2c": [-132.0835723876953, 95.07442474365234, 674.8530883789062], "obj_id": 2}, {"cam_R_m2c": [0.3076712191104889, -0.9308033585548401, -0.19734106957912445, -0.3275177478790283, 0.09112533926963806, -0.9404404759407043, 0.8933479189872742, 0.3539791405200958, -0.2768179774284363], "cam_t_m2c": [-132.0835723876953, 95.07442474365234, 674.8530883789062], "obj_id": 0}, {"cam_R_m2c": [0.3076712191104889, -0.9308033585548401, -0.19734106957912445, -0.3275177478790283, 0.09112533926963806, -0.9404404759407043, 0.8933479189872742, 0.3539791405200958, -0.2768179774284363], "cam_t_m2c": [-132.0835723876953, 95.07442474365234, 674.8530883789062], "obj_id": 0}, {"cam_R_m2c": [-0.753352165222168, 0.056340765208005905, 0.6551993489265442, -0.6289837956428528, 0.22906167805194855, -0.7429065108299255, -0.19193696975708008, -0.9717800617218018, -0.13712666928768158], "cam_t_m2c": [-231.25523376464844, 89.11920928955078, 561.8927001953125], "obj_id": 1}, {"cam_R_m2c": [0.22226588428020477, -0.25199031829833984, 0.9418591856956482, -0.31793904304504395, -0.9319499731063843, -0.1743098944425583, 0.9216901063919067, -0.2607106864452362, -0.28725820779800415], "cam_t_m2c": [-154.32958984375, 30.028179168701172, 945.533935546875], "obj_id": 3}, {"cam_R_m2c": [-0.20338746905326843, 0.3132258653640747, -0.9276437163352966, 0.3155028820037842, -0.8759418725967407, -0.3649429678916931, -0.9268717169761658, -0.36689916253089905, 0.0793321430683136], "cam_t_m2c": [8.901204109191895, 50.02452087402344, 772.8395385742188], "obj_id": 3}, {"cam_R_m2c": [0.06485812366008759, 0.6636367440223694, -0.7452380061149597, -0.2942717373371124, 0.7263196706771851, 0.6211794018745422, 0.9535185098648071, 0.17901396751403809, 0.242397278547287], "cam_t_m2c": [-7.361443996429443, -11.956233978271484, 842.874755859375], "obj_id": 3}]
}