{
  "0": [{"cam_R_m2c": [0.10484523326158524, -0.9918696284294128, -0.07212452590465546, -0.6807219386100769, -0.018705347552895546, -0.7323029041290283, 0.7249999642372131, 0.12587514519691467, -0.6771485209465027], "cam_t_m2c": [198.4600372314453, -1.3775081634521484, 291.2843933105469], "obj_id": 2}, {"cam_R_m2c": [0.10484523326158524, -0.9918696284294128, -0.07212452590465546, -0.6807219386100769, -0.018705347552895546, -0.7323029041290283, 0.7249999642372131, 0.12587514519691467, -0.6771485209465027], "cam_t_m2c": [198.4600372314453, -1.3775081634521484, 291.2843933105469], "obj_id": 0}, {"cam_R_m2c": [0.10484523326158524, -0.9918696284294128, -0.07212452590465546, -0.6807219386100769, -0.018705347552895546, -0.7323029041290283, 0.7249999642372131, 0.12587514519691467, -0.6771485209465027], "cam_t_m2c": [198.4600372314453, -1.3775081634521484, 291.2843933105469], "obj_id": 2}, {"cam_R_m2c": [0.10484523326158524, -0.9918696284294128, -0.07212452590465546, -0.6807219386100769, -0.018705347552895546, -0.7323029041290283, 0.7249999642372131, 0.12587514519691467, -0.6771485209465027], "cam_t_m2c": [198.4600372314453, -1.3775081634521484, 291.2843933105469], "obj_id": 0}, {"cam_R_m2c": [0.10484523326158524, -0.9918696284294128, -0.07212452590465546, -0.6807219386100769, -0.018705347552895546, -0.7323029041290283, 0.7249999642372131, 0.12587514519691467, -0.6771485209465027], "cam_t_m2c": [198.4600372314453, -1.3775081634521484, 291.2843933105469], "obj_id": 2}, {"cam_R_m2c": [0.10484523326158524, -0.9918696284294128, -0.07212452590465546, -0.6807219386100769, -0.018705347552895546, -0.7323029041290283, 0.7249999642372131, 0.12587514519691467, -0.6771485209465027], "cam_t_m2c": [198.4600372314453, -1.3775081634521484, 291.2843933105469], "obj_id": 0}, {"cam_R_m2c": [0.10484523326158524, -0.9918696284294128, -0.07212452590465546, -0.6807219386100769, -0.018705347552895546, -0.7323029041290283, 0.7249999642372131, 0.12587514519691467, -0.6771485209465027], "cam_t_m2c": [198.4600372314453, -1.3775081634521484, 291.2843933105469], "obj_id": 1}, {"cam_R_m2c": [0.10484523326158524, -0.9918696284294128, -0.07212452590465546, -0.6807219386100769, -0.018705347552895546, -0.7323029041290283, 0.7249999642372131, 0.12587514519691467, -0.6771485209465027], "cam_t_m2c": [198.4600372314453, -1.3775081634521484, 291.2843933105469], "obj_id": 0}, {"cam_R_m2c": [0.10484523326158524, -0.9918696284294128, -0.07212452590465546, -0.6807219386100769, -0.018705347552895546, -0.7323029041290283, 0.7249999642372131, 0.12587514519691467, -0.6771485209465027], "cam_t_m2c": [198.4600372314453, -1.3775081634521484, 291.2843933105469], "obj_id": 1}, {"cam_R_m2c": [0.10484523326158524, -0.9918696284294128, -0.07212452590465546, -0.6807219386100769, -0.018705347552895546, -0.7323029041290283, 0.7249999642372131, 0.12587514519691467, -0.6771485209465027], "cam_t_m2c": [198.4600372314453, -1.3775081634521484, 291.2843933105469], "obj_id": 2}, {"cam_R_m2c": [0.10484523326158524, -0.9918696284294128, -0.07212452590465546, -0.6807219386100769, -0.018705347552895546, -0.7323029041290283, 0.7249999642372131, 0.12587514519691467, -0.6771485209465027], "cam_t_m2c": [198.4600372314453, -1.3775081634521484, 291.2843933105469], "obj_id": 1}, {"cam_R_m2c": [0.10484523326158524, -0.9918696284294128, -0.07212452590465546, -0.6807219386100769, -0.018705347552895546, -0.7323029041290283, 0.7249999642372131, 0.12587514519691467, -0.6771485209465027], "cam_t_m2c": [198.4600372314453, -1.3775081634521484, 291.2843933105469], "obj_id": 0}, {"cam_R_m2c": [0.10484523326158524, -0.9918696284294128, -0.07212452590465546, -0.6807219386100769, -0.018705347552895546, -0.7323029041290283, 0.7249999642372131, 0.12587514519691467, -0.6771485209465027], "cam_t_m2c": [198.4600372314453, -1.3775081634521484, 291.2843933105469], "obj_id": 2}, {"cam_R_m2c": [0.10484523326158524, -0.9918696284294128, -0.07212452590465546, -0.6807219386100769, -0.018705347552895546, -0.7323029041290283, 0.7249999642372131, 0.12587514519691467, -0.6771485209465027], "cam_t_m2c": [198.4600372314453, -1.3775081634521484, 291.2843933105469], "obj_id": 0}, {"cam_R_m2c": [0.10484523326158524, -0.9918696284294128, -0.07212452590465546, -0.6807219386100769, -0.018705347552895546, -0.7323029041290283, 0.7249999642372131, 0.12587514519691467, -0.6771485209465027], "cam_t_m2c": [198.4600372314453, -1.3775081634521484, 291.2843933105469], "obj_id": 3}, {"cam_R_m2c": [0.10484523326158524, -0.9918696284294128, -0.07212452590465546, -0.6807219386100769, -0.018705347552895546, -0.7323029041290283, 0.7249999642372131, 0.12587514519691467, -0.6771485209465027], "cam_t_m2c": [198.4600372314453, -1.3775081634521484, 291.2843933105469], "obj_id": 1}, {"cam_R_m2c": [0.10484523326158524, -0.9918696284294128, -0.07212452590465546, -0.6807219386100769, -0.018705347552895546, -0.7323029041290283, 0.7249999642372131, 0.12587514519691467, -0.6771485209465027], "cam_t_m2c": [198.4600372314453, -1.3775081634521484, 291.2843933105469], "obj_id": 1}, {"cam_R_m2c": [0.10484523326158524, -0.9918696284294128, -0.07212452590465546, -0.6807219386100769, -0.018705347552895546, -0.7323029041290283, 0.7249999642372131, 0.12587514519691467, -0.6771485209465027], "cam_t_m2c": [198.4600372314453, -1.3775081634521484, 291.2843933105469], "obj_id": 2}, {"cam_R_m2c": [0.10484523326158524, -0.9918696284294128, -0.07212452590465546, -0.6807219386100769, -0.018705347552895546, -0.7323029041290283, 0.7249999642372131, 0.12587514519691467, -0.6771485209465027], "cam_t_m2c": [198.4600372314453, -1.3775081634521484, 291.2843933105469], "obj_id": 3}, {"cam_R_m2c": [0.10484523326158524, -0.9918696284294128, -0.07212452590465546, -0.6807219386100769, -0.018705347552895546, -0.7323029041290283, 0.7249999642372131, 0.12587514519691467, -0.6771485209465027], "cam_t_m2c": [198.4600372314453, -1.3775081634521484, 291.2843933105469], "obj_id": 3}, {"cam_R_m2c": [0.10484523326158524, -0.9918696284294128, -0.07212452590465546, -0.6807219386100769, -0.018705347552895546, -0.7323029041290283, 0.7249999642372131, 0.12587514519691467, -0.6771485209465027], "cam_t_m2c": [198.4600372314453, -1.3775081634521484, 291.2843933105469], "obj_id": 1}, {"cam_R_m2c": [0.10484523326158524, -0.9918696284294128, -0.07212452590465546, -0.6807219386100769, -0.018705347552895546, -0.7323029041290283, 0.7249999642372131, 0.12587514519691467, -0.6771485209465027], "cam_t_m2c": [198.4600372314453, -1.3775081634521484, 291.2843933105469], "obj_id": 1}, {"cam_R_m2c": [0.10484523326158524, -0.9918696284294128, -0.07212452590465546, -0.6807219386100769, -0.018705347552895546, -0.7323029041290283, 0.7249999642372131, 0.12587514519691467, -0.6771485209465027], "cam_t_m2c": [198.4600372314453, -1.3775081634521484, 291.2843933105469], "obj_id": 1}, {"cam_R_m2c": [0.10484523326158524, -0.9918696284294128, -0.07212452590465546, -0.6807219386100769, -0.018705347552895546, -0.7323029041290283, 0.7249999642372131, 0.12587514519691467, -0.6771485209465027], "cam_t_m2c": [198.4600372314453, -1.3775081634521484, 291.2843933105469], "obj_id": 2}, {"cam_R_m2c": [0.47911784052848816, -0.6957899928092957, -0.535090982913971, -0.86733078956604, -0.46893972158432007, -0.16683150827884674, -0.13484573364257812, 0.5440328121185303, -0.8281574845314026], "cam_t_m2c": [444.671630859375, -143.7082977294922, 345.14459228515625], "obj_id": 0}, {"cam_R_m2c": [-0.6747580170631409, 0.39668482542037964, 0.6223684549331665, 0.29877784848213196, -0.6242640018463135, 0.7218213677406311, 0.6748579144477844, 0.6730047464370728, 0.30270668864250183], "cam_t_m2c": [144.42379760742188, 104.38351440429688, 193.26097106933594], "obj_id": 0}, {"cam_R_m2c": [0.10744808614253998, 0.993619978427887, 0.03426508978009224, 0.9352303743362427, -0.11270768940448761, 0.3356202244758606, 0.33734092116355896, -0.004015970975160599, -0.9413738250732422], "cam_t_m2c": [194.14366149902344, -126.90587615966797, 353.6578674316406], "obj_id": 2}, {"cam_R_m2c": [-0.07187747955322266, 0.9971537590026855, -0.02276141755282879, -0.9044653177261353, -0.07478198409080505, -0.41994062066078186, -0.4204474985599518, -0.009597357362508774, 0.9072660803794861], "cam_t_m2c": [-196.8125, 63.510746002197266, 189.37327575683594], "obj_id": 0}, {"cam_R_m2c": [0.2927336096763611, -0.9516011476516724, 0.0936066061258316, -0.9070371985435486, -0.24536649882793427, 0.34216761589050293, -0.3026391863822937, -0.18506862223148346, -0.934964656829834], "cam_t_m2c": [216.11968994140625, 147.5775909423828, 142.34886169433594], "obj_id": 2}, {"cam_R_m2c": [-0.8514721393585205, -0.5143736004829407, 0.10205309092998505, -0.33512160181999207, 0.6834218502044678, 0.6485584378242493, -0.4033466577529907, 0.5180293321609497, -0.7542923092842102], "cam_t_m2c": [-82.60975646972656, 78.46160888671875, 161.04066467285156], "obj_id": 1}, {"cam_R_m2c": [-0.6820390224456787, -0.3281756341457367, 0.6535466909408569, 0.6838361620903015, -0.6029456853866577, 0.41088247299194336, 0.25921159982681274, 0.7271568179130554, 0.6356510519981384], "cam_t_m2c": [-38.01984405517578, 148.0683135986328, 165.4505157470703], "obj_id": 0}, {"cam_R_m2c": [0.2927325367927551, -0.31169769167900085, 0.903964638710022, -0.907037079334259, 0.20869861543178558, 0.36568912863731384, -0.3026405870914459, -0.926978588104248, -0.22162847220897675], "cam_t_m2c": [359.04833984375, -61.60166549682617, 353.3432312011719], "obj_id": 2}],
  "1": [{"cam_R_m2c": [-0.7406444549560547, 0.6692232489585876, 0.05988345295190811, 0.15145382285118103, 0.25311803817749023, -0.9555066823959351, -0.6546048521995544, -0.6986211538314819, -0.2888268828392029], "cam_t_m2c": [-146.01368713378906, -100.7657470703125, 443.495361328125], "obj_id": 2}, {"cam_R_m2c": [-0.7406444549560547, 0.6692232489585876, 0.05988345295190811, 0.15145382285118103, 0.25311803817749023, -0.9555066823959351, -0.6546048521995544, -0.6986211538314819, -0.2888268828392029], "cam_t_m2c": [-146.01368713378906, -100.7657470703125, 443.495361328125], "obj_id": 0}, {"cam_R_m2c": [-0.7406444549560547, 0.6692232489585876, 0.05988345295190811, 0.15145382285118103, 0.25311803817749023, -0.9555066823959351, -0.6546048521995544, -0.6986211538314819, -0.2888268828392029], "cam_t_m2c": [-146.01368713378906, -100.7657470703125, 443.495361328125], "obj_id": 2}, {"cam_R_m2c": [-0.7406444549560547, 0.6692232489585876, 0.05988345295190811, 0.15145382285118103, 0.25311803817749023, -0.9555066823959351, -0.6546048521995544, -0.6986211538314819, -0.2888268828392029], "cam_t_m2c": [-146.01368713378906, -100.7657470703125, 443.495361328125], "obj_id": 0}, {"cam_R_m2c": [-0.7406444549560547, 0.6692232489585876, 0.05988345295190811, 0.15145382285118103, 0.25311803817749023, -0.9555066823959351, -0.6546048521995544, -0.6986211538314819, -0.2888268828392029], "cam_t_m2c": [-146.01368713378906, -100.7657470703125, 443.495361328125], "obj_id": 2}, {"cam_R_m2c": [-0.7406444549560547, 0.6692232489585876, 0.05988345295190811, 0.15145382285118103, 0.25311803817749023, -0.9555066823959351, -0.6546048521995544, -0.6986211538314819, -0.2888268828392029], "cam_t_m2c": [-146.01368713378906, -100.7657470703125, 443.495361328125], "obj_id": 0}, {"cam_R_m2c": [-0.7406444549560547, 0.6692232489585876, 0.05988345295190811, 0.15145382285118103, 0.25311803817749023, -0.9555066823959351, -0.6546048521995544, -0.6986211538314819, -0.2888268828392029], "cam_t_m2c": [-146.01368713378906, -100.7657470703125, 443.495361328125], "obj_id": 1}, {"cam_R_m2c": [-0.7406444549560547, 0.6692232489585876, 0.05988345295190811, 0.15145382285118103, 0.25311803817749023, -0.9555066823959351, -0.6546048521995544, -0.6986211538314819, -0.2888268828392029], "cam_t_m2c": [-146.01368713378906, -100.7657470703125, 443.495361328125], "obj_id": 0}, {"cam_R_m2c": [-0.7406444549560547, 0.6692232489585876, 0.05988345295190811, 0.15145382285118103, 0.25311803817749023, -0.9555066823959351, -0.6546048521995544, -0.6986211538314819, -0.2888268828392029], "cam_t_m2c": [-146.01368713378906, -100.7657470703125, 443.495361328125], "obj_id": 1}, {"cam_R_m2c": [-0.7406444549560547, 0.6692232489585876, 0.05988345295190811, 0.15145382285118103, 0.25311803817749023, -0.9555066823959351, -0.6546048521995544, -0.6986211538314819, -0.2888268828392029], "cam_t_m2c": [-146.01368713378906, -100.7657470703125, 443.495361328125], "obj_id": 2}, {"cam_R_m2c": [-0.7406444549560547, 0.6692232489585876, 0.05988345295190811, 0.15145382285118103, 0.25311803817749023, -0.9555066823959351, -0.6546048521995544, -0.6986211538314819, -0.2888268828392029], "cam_t_m2c": [-146.01368713378906, -100.7657470703125, 443.495361328125], "obj_id": 1}, {"cam_R_m2c": [-0.7406444549560547, 0.6692232489585876, 0.05988345295190811, 0.15145382285118103, 0.25311803817749023, -0.9555066823959351, -0.6546048521995544, -0.6986211538314819, -0.2888268828392029], "cam_t_m2c": [-146.01368713378906, -100.7657470703125, 443.495361328125], "obj_id": 0}, {"cam_R_m2c": [-0.7406444549560547, 0.6692232489585876, 0.05988345295190811, 0.15145382285118103, 0.25311803817749023, -0.9555066823959351, -0.6546048521995544, -0.6986211538314819, -0.2888268828392029], "cam_t_m2c": [-146.01368713378906, -100.7657470703125, 443.495361328125], "obj_id": 2}, {"cam_R_m2c": [-0.7406444549560547, 0.6692232489585876, 0.05988345295190811, 0.15145382285118103, 0.25311803817749023, -0.9555066823959351, -0.6546048521995544, -0.6986211538314819, -0.2888268828392029], "cam_t_m2c": [-146.01368713378906, -100.7657470703125, 443.495361328125], "obj_id": 0}, {"cam_R_m2c": [-0.7406444549560547, 0.6692232489585876, 0.05988345295190811, 0.15145382285118103, 0.25311803817749023, -0.9555066823959351, -0.6546048521995544, -0.6986211538314819, -0.2888268828392029], "cam_t_m2c": [-146.01368713378906, -100.7657470703125, 443.495361328125], "obj_id": 3}, {"cam_R_m2c": [-0.7406444549560547, 0.6692232489585876, 0.05988345295190811, 0.15145382285118103, 0.25311803817749023, -0.9555066823959351, -0.6546048521995544, -0.6986211538314819, -0.2888268828392029], "cam_t_m2c": [-146.01368713378906, -100.7657470703125, 443.495361328125], "obj_id": 1}, {"cam_R_m2c": [-0.7406444549560547, 0.6692232489585876, 0.05988345295190811, 0.15145382285118103, 0.25311803817749023, -0.9555066823959351, -0.6546048521995544, -0.6986211538314819, -0.2888268828392029], "cam_t_m2c": [-146.01368713378906, -100.7657470703125, 443.495361328125], "obj_id": 1}, {"cam_R_m2c": [-0.7406444549560547, 0.6692232489585876, 0.05988345295190811, 0.15145382285118103, 0.25311803817749023, -0.9555066823959351, -0.6546048521995544, -0.6986211538314819, -0.2888268828392029], "cam_t_m2c": [-146.01368713378906, -100.7657470703125, 443.495361328125], "obj_id": 2}, {"cam_R_m2c": [-0.7406444549560547, 0.6692232489585876, 0.05988345295190811, 0.15145382285118103, 0.25311803817749023, -0.9555066823959351, -0.6546048521995544, -0.6986211538314819, -0.2888268828392029], "cam_t_m2c": [-146.01368713378906, -100.7657470703125, 443.495361328125], "obj_id": 3}, {"cam_R_m2c": [-0.7406444549560547, 0.6692232489585876, 0.05988345295190811, 0.15145382285118103, 0.25311803817749023, -0.9555066823959351, -0.6546048521995544, -0.6986211538314819, -0.2888268828392029], "cam_t_m2c": [-146.01368713378906, -100.7657470703125, 443.495361328125], "obj_id": 3}, {"cam_R_m2c": [-0.7406444549560547, 0.6692232489585876, 0.05988345295190811, 0.15145382285118103, 0.25311803817749023, -0.9555066823959351, -0.6546048521995544, -0.6986211538314819, -0.2888268828392029], "cam_t_m2c": [-146.01368713378906, -100.7657470703125, 443.495361328125], "obj_id": 1}, {"cam_R_m2c": [-0.7406444549560547, 0.6692232489585876, 0.05988345295190811, 0.15145382285118103, 0.25311803817749023, -0.9555066823959351, -0.6546048521995544, -0.6986211538314819, -0.2888268828392029], "cam_t_m2c": [-146.01368713378906, -100.7657470703125, 443.495361328125], "obj_id": 1}, {"cam_R_m2c": [-0.7406444549560547, 0.6692232489585876, 0.05988345295190811, 0.15145382285118103, 0.25311803817749023, -0.9555066823959351, -0.6546048521995544, -0.6986211538314819, -0.2888268828392029], "cam_t_m2c": [-146.01368713378906, -100.7657470703125, 443.495361328125], "obj_id": 1}, {"cam_R_m2c": [-0.7406444549560547, 0.6692232489585876, 0.05988345295190811, 0.15145382285118103, 0.25311803817749023, -0.9555066823959351, -0.6546048521995544, -0.6986211538314819, -0.2888268828392029], "cam_t_m2c": [-146.01368713378906, -100.7657470703125, 443.495361328125], "obj_id": 2}, {"cam_R_m2c": [-0.6791802048683167, 0.04053628444671631, 0.7328513264656067, -0.6993740797042847, 0.2671968638896942, -0.6629341840744019, -0.2226884663105011, -0.962788999080658, -0.15312479436397552], "cam_t_m2c": [-419.93115234375, -183.46730041503906, 487.18524169921875], "obj_id": 0}, {"cam_R_m2c": [0.30410414934158325, -0.9073551893234253, -0.2902192771434784, 0.8212824463844299, 0.09534004330635071, 0.5624992847442627, -0.4827171266078949, -0.40941035747528076, 0.7741881608963013], "cam_t_m2c": [-10.003067970275879, -106.49237060546875, 515.4829711914062], "obj_id": 0}, {"cam_R_m2c": [0.17226551473140717, -0.7894859313964844, 0.5890979766845703, 0.8017423748970032, -0.23508226871490479, -0.54949551820755, 0.5723055601119995, 0.5669639706611633, 0.5924679040908813], "cam_t_m2c": [-229.77413940429688, -125.15371704101562, 333.6961364746094], "obj_id": 2}, {"cam_R_m2c": [-0.1440206915140152, -0.772384762763977, -0.6186110973358154, -0.8549920320510864, -0.2176240086555481, 0.4707741439342499, -0.49824345111846924, 0.5967088341712952, -0.6290404200553894], "cam_t_m2c": [228.09011840820312, -77.01486206054688, 269.3719177246094], "obj_id": 0}, {"cam_R_m2c": [-0.4751952588558197, 0.6910752058029175, 0.5446139574050903, -0.8242226243019104, -0.1329721361398697, -0.5504319667816162, -0.30797138810157776, -0.7104458808898926, 0.6327876448631287], "cam_t_m2c": [-19.014314651489258, -133.00050354003906, 609.3668823242188], "obj_id": 2}, {"cam_R_m2c": [0.683883011341095, 0.4341013431549072, 0.5863958597183228, -0.3748977482318878, 0.8985936641693115, -0.2279936522245407, -0.6259039640426636, -0.06391749531030655, 0.7772765159606934], "cam_t_m2c": [163.59385681152344, -109.49911499023438, 363.46514892578125], "obj_id": 1}, {"cam_R_m2c": [0.6869933605194092, -0.3839530646800995, -0.6169441938400269, 0.7225901484489441, 0.2711862027645111, 0.6358627676963806, -0.07683472335338593, -0.8826313018798828, 0.46374383568763733], "cam_t_m2c": [159.33546447753906, -72.23552703857422, 437.2628479003906], "obj_id": 0}, {"cam_R_m2c": [-0.4751935303211212, 0.7831643223762512, -0.4010544717311859, -0.8242236375808716, -0.5557438731193542, -0.10864616185426712, -0.30797138810157776, 0.2789306342601776, 0.9095885157585144], "cam_t_m2c": [-323.3538818359375, -114.16705322265625, 483.96392822265625], "obj_id": 2}]
}