{
  "0": [{"cam_R_m2c": [-0.5822614431381226, 0.06338632106781006, -0.8105267286300659, -0.37858015298843384, 0.8611320853233337, 0.3393060564994812, 0.7194779515266418, 0.5044142007827759, -0.47740721702575684], "cam_t_m2c": [130.22454833984375, -185.71482849121094, 1077.5089111328125], "obj_id": 3}, {"cam_R_m2c": [-0.6685985922813416, 0.21251742541790009, -0.7126092910766602, 0.48980674147605896, -0.5951880216598511, -0.6370559334754944, -0.5595220923423767, -0.7749756574630737, 0.2938496470451355], "cam_t_m2c": [347.1253356933594, -198.78114318847656, 871.9085083007812], "obj_id": 3}, {"cam_R_m2c": [-0.5341155529022217, 0.27983754873275757, 0.7977539896965027, 0.28174227476119995, -0.8307660818099976, 0.48005086183547974, 0.7970832586288452, 0.4811636805534363, 0.3648831248283386], "cam_t_m2c": [446.0933837890625, -280.8184814453125, 1037.5394287109375], "obj_id": 3}, {"cam_R_m2c": [0.023160817101597786, 0.2820253372192383, -0.9591272473335266, 0.6589310765266418, -0.7258099317550659, -0.19750818610191345, -0.7518465518951416, -0.627424418926239, -0.20264548063278198], "cam_t_m2c": [300.7747802734375, -168.76942443847656, 849.9877319335938], "obj_id": 3}, {"cam_R_m2c": [0.7852113842964172, -0.41523340344429016, 0.4593737721443176, -0.6185623407363892, -0.4915878176689148, 0.6129616498947144, -0.028699586167931557, -0.7654557824134827, -0.6428481340408325], "cam_t_m2c": [200.19346618652344, -63.63685607910156, 855.1937255859375], "obj_id": 3}, {"cam_R_m2c": [0.5982591509819031, -0.4023389220237732, 0.6929713487625122, -0.6493188738822937, -0.7501690983772278, 0.1250249445438385, 0.46954333782196045, -0.5247567296028137, -0.7100417613983154], "cam_t_m2c": [206.96798706054688, -41.10984420776367, 1128.1513671875], "obj_id": 3}, {"cam_R_m2c": [-0.01795988157391548, -0.9975741505622864, -0.06725355982780457, 0.4555194675922394, 0.05171416699886322, -0.8887224197387695, 0.8900445699691772, -0.04659673944115639, 0.45348578691482544], "cam_t_m2c": [206.8077392578125, -113.53935241699219, 1223.7042236328125], "obj_id": 3}, {"cam_R_m2c": [0.12502014636993408, 0.2146662175655365, 0.9686527848243713, 0.8750166893005371, -0.4840593636035919, -0.0056608752347528934, 0.46767038106918335, 0.8482951521873474, -0.24835360050201416], "cam_t_m2c": [117.2728271484375, -174.83505249023438, 1116.76025390625], "obj_id": 3}, {"cam_R_m2c": [0.19647736847400665, -0.9598888158798218, -0.20002494752407074, 0.8072887063026428, 0.042583733797073364, 0.5886182188987732, -0.5564903020858765, -0.2771280109882355, 0.7832742929458618], "cam_t_m2c": [333.84259033203125, -233.06546020507812, 806.2302856445312], "obj_id": 3}, {"cam_R_m2c": [0.052969254553318024, 0.9946607351303101, 0.08856800198554993, 0.46195751428604126, 0.054224126040935516, -0.8852429389953613, -0.8853188753128052, 0.08780533075332642, -0.4566188156604767], "cam_t_m2c": [353.89019775390625, -176.88833618164062, 938.3663330078125], "obj_id": 3}, {"cam_R_m2c": [0.9885237216949463, -0.0654013529419899, -0.13617463409900665, 0.023870982229709625, -0.8224751949310303, 0.5682998299598694, -0.14916783571243286, -0.5650284886360168, -0.8114750385284424], "cam_t_m2c": [449.80181884765625, -135.67868041992188, 1204.3944091796875], "obj_id": 3}, {"cam_R_m2c": [-0.002294868929311633, -0.9276237487792969, 0.37350863218307495, -0.018252568319439888, -0.3734084367752075, -0.927487313747406, 0.9998306632041931, -0.008946061134338379, -0.01607443392276764], "cam_t_m2c": [248.89073181152344, -82.54939270019531, 1142.3695068359375], "obj_id": 3}, {"cam_R_m2c": [-0.8770612478256226, -0.47911518812179565, 0.03481500223278999, 0.47818151116371155, -0.8638309240341187, 0.15855084359645844, -0.04588983952999115, 0.15570670366287231, 0.9867368340492249], "cam_t_m2c": [108.04048156738281, -144.43841552734375, 1249.155029296875], "obj_id": 3}, {"cam_R_m2c": [0.5540326237678528, -0.030201895162463188, 0.8319469094276428, 0.7757971882820129, -0.3437608480453491, -0.5291193127632141, 0.3019711673259735, 0.9385714530944824, -0.16702419519424438], "cam_t_m2c": [45.865379333496094, -178.2236328125, 1215.500244140625], "obj_id": 3}, {"cam_R_m2c": [-0.5956937670707703, 0.7900663018226624, -0.1447201520204544, -0.7781042456626892, -0.5229319930076599, 0.3479880392551422, 0.1992548108100891, 0.319901704788208, 0.9262615442276001], "cam_t_m2c": [360.6940002441406, -106.33226013183594, 1188.1441650390625], "obj_id": 3}, {"cam_R_m2c": [-0.3902076780796051, 0.7018346190452576, -0.5959580540657043, 0.5879918336868286, -0.3081391155719757, -0.7478742003440857, -0.7085220813751221, -0.6422447562217712, -0.2924347519874573], "cam_t_m2c": [332.38397216796875, 19.628915786743164, 1093.068359375], "obj_id": 3}, {"cam_R_m2c": [-0.8469030261039734, -0.5127593278884888, -0.14082999527454376, 0.3808438777923584, -0.7697325944900513, 0.512317955493927, -0.37109723687171936, 0.38024938106536865, 0.8471701145172119], "cam_t_m2c": [344.8749084472656, -346.0791931152344, 961.6077880859375], "obj_id": 3}, {"cam_R_m2c": [0.673400342464447, 0.5137650370597839, 0.5315800905227661, 0.25532108545303345, 0.5131834149360657, -0.8194228410720825, -0.6937888860702515, 0.6875231862068176, 0.21440285444259644], "cam_t_m2c": [196.08053588867188, -196.02645874023438, 1205.5380859375], "obj_id": 3}, {"cam_R_m2c": [-0.1491524875164032, 0.9413679242134094, -0.30262160301208496, -0.8702746033668518, -0.2702687084674835, -0.4117969870567322, -0.469441682100296, 0.20194333791732788, 0.8595600128173828], "cam_t_m2c": [440.9753112792969, -303.02142333984375, 889.053955078125], "obj_id": 3}, {"cam_R_m2c": [0.9158615469932556, 0.38063570857048035, -0.12772665917873383, 0.3955410122871399, -0.9099861979484558, 0.12438646703958511, -0.06888359040021896, -0.16444191336631775, -0.9839783906936646], "cam_t_m2c": [271.8560791015625, -446.66180419921875, 1060.2115478515625], "obj_id": 3}, {"cam_R_m2c": [0.7083061337471008, 0.14567172527313232, 0.6907113790512085, 0.6414763927459717, -0.5412300229072571, -0.5436709523200989, 0.29463621973991394, 0.8281605243682861, -0.47680148482322693], "cam_t_m2c": [213.65040588378906, -178.13429260253906, 767.6557006835938], "obj_id": 3}, {"cam_R_m2c": [0.8958664536476135, -0.14015622437000275, -0.4216390550136566, -0.39964839816093445, -0.6688808798789978, -0.6268009543418884, -0.19417625665664673, 0.7300373315811157, -0.6552411317825317], "cam_t_m2c": [343.97442626953125, -334.83258056640625, 1140.5120849609375], "obj_id": 3}, {"cam_R_m2c": [-0.030333245173096657, -0.5973964929580688, -0.8013721108436584, 0.23835591971874237, -0.7829347848892212, 0.5746299028396606, -0.9707040190696716, -0.17358139157295227, 0.16614198684692383], "cam_t_m2c": [199.07879638671875, -121.33152770996094, 1260.03857421875], "obj_id": 3}, {"cam_R_m2c": [0.6228832006454468, 0.7464032173156738, 0.234304741024971, -0.5025675296783447, 0.6113048195838928, -0.6113364696502686, -0.5995351672172546, 0.2630372643470764, 0.7558895349502563], "cam_t_m2c": [172.325927734375, -59.44346618652344, 1196.5595703125], "obj_id": 3}, {"cam_R_m2c": [0.7832308411598206, 0.4289606809616089, -0.4500468373298645, -0.6207802295684814, 0.5795770883560181, -0.5279415845870972, 0.03437066823244095, 0.6928802728652954, 0.7202329635620117], "cam_t_m2c": [173.74853515625, -164.47657775878906, 1219.8818359375], "obj_id": 3}, {"cam_R_m2c": [0.7224416136741638, 0.09902644902467728, -0.6843039393424988, -0.6435417532920837, -0.2656164765357971, -0.7178453803062439, -0.2528480291366577, 0.9589795470237732, -0.12816475331783295], "cam_t_m2c": [143.46754455566406, -276.1448059082031, 869.3441162109375], "obj_id": 3}, {"cam_R_m2c": [0.48278170824050903, 0.0013878713361918926, -0.875739574432373, 0.17277608811855316, -0.9804944396018982, 0.09369489550590515, -0.8585278987884521, -0.19654105603694916, -0.4736045002937317], "cam_t_m2c": [273.7301940917969, -303.8780212402344, 1150.726806640625], "obj_id": 3}, {"cam_R_m2c": [0.9976579546928406, 0.03132513165473938, -0.06080600246787071, 0.009548520669341087, -0.9440462589263916, -0.32967495918273926, -0.06773078441619873, 0.32832223176956177, -0.9421343803405762], "cam_t_m2c": [466.9753723144531, -378.7146301269531, 1008.2614135742188], "obj_id": 3}, {"cam_R_m2c": [-0.6596478819847107, -0.13542567193508148, -0.7392728924751282, 0.05746668204665184, -0.9898406267166138, 0.13004949688911438, -0.7493744492530823, 0.04330332949757576, 0.660728931427002], "cam_t_m2c": [464.9184265136719, -139.33348083496094, 1261.677490234375], "obj_id": 1}, {"cam_R_m2c": [0.281908243894577, 0.31515324115753174, 0.9062042236328125, -0.28307533264160156, -0.8751457929611206, 0.3924129903316498, 0.9167311787605286, -0.3671485185623169, -0.15749862790107727], "cam_t_m2c": [206.70950317382812, -129.86097717285156, 906.3226318359375], "obj_id": 1}, {"cam_R_m2c": [0.44316205382347107, -0.35412174463272095, -0.8235321044921875, 0.7042510509490967, 0.7059335708618164, 0.07542013376951218, 0.5546510219573975, -0.6133967638015747, 0.5622336268424988], "cam_t_m2c": [129.42279052734375, -220.8528594970703, 1150.0557861328125], "obj_id": 1}, {"cam_R_m2c": [0.06223880872130394, 0.9911611676216125, 0.11715702712535858, -0.7601699233055115, 0.12314062565565109, -0.637948215007782, -0.6467363238334656, -0.04935416579246521, 0.7611151337623596], "cam_t_m2c": [175.96426391601562, -207.37461853027344, 822.4583129882812], "obj_id": 1}, {"cam_R_m2c": [-0.4787631034851074, 0.16861754655838013, -0.8615996241569519, -0.75795578956604, 0.4158603847026825, 0.5025566220283508, 0.4430450201034546, 0.8936600089073181, -0.07129393517971039], "cam_t_m2c": [418.928955078125, -157.16079711914062, 1292.6029052734375], "obj_id": 1}, {"cam_R_m2c": [0.26311439275741577, 0.04965668171644211, 0.963485836982727, -0.9597564935684204, -0.08815265446901321, 0.2666391432285309, 0.0981743335723877, -0.9948683977127075, 0.024464158341288567], "cam_t_m2c": [381.3029479980469, -412.7405700683594, 1198.1177978515625], "obj_id": 1}, {"cam_R_m2c": [-0.8195952773094177, -0.5714085102081299, -0.041900862008333206, 0.4598768353462219, -0.6997120976448059, 0.5467321872711182, -0.3417259752750397, 0.42882993817329407, 0.8362584710121155], "cam_t_m2c": [323.46240234375, -196.5530242919922, 1331.84912109375], "obj_id": 1}, {"cam_R_m2c": [-0.3882729411125183, -0.6201702952384949, 0.6816398501396179, 0.6006647348403931, 0.39064547419548035, 0.6975657343864441, -0.6988890767097473, 0.6802829504013062, 0.22083736956119537], "cam_t_m2c": [363.28802490234375, -162.7020721435547, 931.1430053710938], "obj_id": 1}, {"cam_R_m2c": [0.2999947965145111, -0.10718271136283875, 0.9479002356529236, 0.18138232827186584, 0.9819493293762207, 0.053628262132406235, -0.93653804063797, 0.15584416687488556, 0.31402072310447693], "cam_t_m2c": [390.9405212402344, -276.6893005371094, 985.0122680664062], "obj_id": 1}, {"cam_R_m2c": [0.9958066344261169, 0.07645375281572342, 0.05023932456970215, -0.030563004314899445, 0.795639157295227, -0.6049993634223938, -0.08622685074806213, 0.6009268760681152, 0.7946394085884094], "cam_t_m2c": [455.4737548828125, -175.70150756835938, 1266.72021484375], "obj_id": 1}, {"cam_R_m2c": [0.3033936321735382, 0.678331196308136, -0.6691928505897522, 0.9485369324684143, -0.28186365962028503, 0.14432772994041443, -0.09071917086839676, -0.6785422563552856, -0.7289378046989441], "cam_t_m2c": [110.96078491210938, -206.0923614501953, 1034.072998046875], "obj_id": 1}, {"cam_R_m2c": [0.17042864859104156, -0.9595624208450317, -0.2240401655435562, -0.2834834158420563, 0.17000731825828552, -0.9437873363494873, 0.9437114000320435, 0.22436003386974335, -0.2430458962917328], "cam_t_m2c": [301.22894287109375, -24.43772315979004, 1042.967041015625], "obj_id": 1}, {"cam_R_m2c": [-0.498856782913208, 0.8649829626083374, -0.0542793944478035, -0.4831940233707428, -0.22558458149433136, 0.8459521532058716, 0.7194896340370178, 0.44823649525642395, 0.5304890871047974], "cam_t_m2c": [383.3845520019531, -244.1393280029297, 1365.7244873046875], "obj_id": 1}, {"cam_R_m2c": [-0.32952967286109924, 0.1771235167980194, 0.9273819923400879, 0.43789222836494446, -0.841539204120636, 0.316325843334198, 0.8364571332931519, 0.5103321671485901, 0.19975119829177856], "cam_t_m2c": [450.4959411621094, -349.5433654785156, 934.9459228515625], "obj_id": 1}, {"cam_R_m2c": [0.9772298336029053, 0.00016458412574138492, 0.21218335628509521, -0.0758800059556961, -0.9335976839065552, 0.3501964807510376, 0.19815152883529663, -0.3583229184150696, -0.9123270511627197], "cam_t_m2c": [190.85848999023438, -11.40014934539795, 1137.3968505859375], "obj_id": 1}, {"cam_R_m2c": [0.27732017636299133, 0.45334333181381226, 0.8470969796180725, 0.7203270196914673, -0.6815473437309265, 0.1289270967245102, 0.6357849836349487, 0.5744327902793884, -0.5155622363090515], "cam_t_m2c": [224.49864196777344, -55.611366271972656, 1009.1616821289062], "obj_id": 1}, {"cam_R_m2c": [0.5863150954246521, -0.7873827219009399, -0.1904284954071045, -0.30613717436790466, 0.0022762285079807043, -0.9519845843315125, 0.7500097155570984, 0.6164601445198059, -0.23971252143383026], "cam_t_m2c": [175.22720336914062, -204.4226837158203, 1190.0499267578125], "obj_id": 1}, {"cam_R_m2c": [-0.7960112690925598, -0.5988867878913879, 0.0877528041601181, 0.5433866381645203, -0.6431962847709656, 0.5394713878631592, -0.2666400074958801, 0.47710901498794556, 0.8374186754226685], "cam_t_m2c": [288.4700622558594, -55.35184860229492, 1185.0028076171875], "obj_id": 1}, {"cam_R_m2c": [0.7429607510566711, 0.23122963309288025, 0.6281259059906006, -0.5868712663650513, 0.6762973070144653, 0.4452010691165924, -0.32185617089271545, -0.6993959546089172, 0.6381644010543823], "cam_t_m2c": [197.4994659423828, -77.9113998413086, 1078.7698974609375], "obj_id": 1}, {"cam_R_m2c": [-0.9593464732170105, 0.07373049855232239, -0.2724301517009735, 0.20749978721141815, -0.4700379967689514, -0.8579091429710388, -0.19130659103393555, -0.8795613050460815, 0.4356302320957184], "cam_t_m2c": [373.433349609375, -240.8636932373047, 816.336669921875], "obj_id": 1}, {"cam_R_m2c": [0.11171911656856537, -0.9077915549278259, 0.4042687714099884, -0.7077558636665344, 0.2128829061985016, 0.6736189126968384, -0.6975675225257874, -0.3613796830177307, -0.6187117099761963], "cam_t_m2c": [420.6527404785156, -307.6067199707031, 1071.583984375], "obj_id": 1}, {"cam_R_m2c": [0.2933073341846466, -0.37535998225212097, -0.8792471885681152, 0.9005228877067566, 0.417263001203537, 0.12227064371109009, 0.3209817707538605, -0.8276451230049133, 0.4604065716266632], "cam_t_m2c": [242.7223358154297, -262.77593994140625, 1085.06103515625], "obj_id": 1}, {"cam_R_m2c": [0.9291422367095947, -0.36760348081588745, -0.03952644392848015, 0.31212857365608215, 0.8372107148170471, -0.44905897974967957, 0.198167622089386, 0.4049023389816284, 0.8926274180412292], "cam_t_m2c": [464.1189270019531, -202.63400268554688, 951.88671875], "obj_id": 1}, {"cam_R_m2c": [0.7117298245429993, -0.2569999098777771, -0.6537520289421082, -0.5123732089996338, -0.8265867233276367, -0.2328689694404602, -0.48053547739982605, 0.500704824924469, -0.7199862599372864], "cam_t_m2c": [287.16796875, -207.3500518798828, 873.3142700195312], "obj_id": 1}, {"cam_R_m2c": [0.38915935158729553, -0.8731465339660645, -0.29354745149612427, 0.6323770880699158, 0.021512450650334358, 0.7743619084358215, -0.6698164939880371, -0.4869828522205353, 0.5605297088623047], "cam_t_m2c": [500.1378173828125, -160.76150512695312, 949.1591186523438], "obj_id": 1}, {"cam_R_m2c": [0.40755152702331543, -0.5180491805076599, -0.7520151734352112, -0.8831663727760315, -0.014202039688825607, -0.46884486079216003, 0.23220454156398773, 0.8552328944206238, -0.46331167221069336], "cam_t_m2c": [469.1674499511719, -212.17306518554688, 985.1083984375], "obj_id": 1}, {"cam_R_m2c": [0.574428379535675, -0.7407051920890808, 0.3484075367450714, -0.7636653184890747, -0.3317016363143921, 0.5538855791091919, -0.2946985960006714, -0.584234356880188, -0.7561897039413452], "cam_t_m2c": [222.99212646484375, -100.52650451660156, 1151.9886474609375], "obj_id": 1}, {"cam_R_m2c": [-0.8052154183387756, 0.5287445187568665, -0.26843518018722534, 0.5826156139373779, 0.6211571097373962, -0.5241401195526123, -0.11039577424526215, -0.5784401893615723, -0.8082200884819031], "cam_t_m2c": [271.5819091796875, -331.5052490234375, 1192.2244873046875], "obj_id": 1}, {"cam_R_m2c": [0.15340857207775116, 0.9826556444168091, 0.10418075323104858, -0.9694901704788208, 0.12927228212356567, 0.20827233791351318, 0.19119231402873993, -0.1329529732465744, 0.972506582736969], "cam_t_m2c": [181.83045959472656, -355.7421569824219, 1105.8470458984375], "obj_id": 1}, {"cam_R_m2c": [0.6838874220848083, 0.2538548409938812, 0.6839997172355652, -0.4271423816680908, 0.8993588089942932, 0.0932905450463295, -0.5914788842201233, -0.3559655249118805, 0.7234923839569092], "cam_t_m2c": [386.4922180175781, -254.15122985839844, 1058.5953369140625], "obj_id": 1}, {"cam_R_m2c": [-0.030941110104322433, -0.04673996567726135, 0.9984277486801147, -0.12545979022979736, -0.9908241033554077, -0.05027199536561966, 0.9916160702705383, -0.1268180012702942, 0.024793295189738274], "cam_t_m2c": [290.5654296875, -334.310302734375, 945.1324462890625], "obj_id": 1}, {"cam_R_m2c": [0.09183516353368759, 0.9956382513046265, 0.016457706689834595, 0.8760133385658264, -0.07292083650827408, -0.47674232721328735, -0.4734627604484558, 0.05819888412952423, -0.8788890242576599], "cam_t_m2c": [201.3645782470703, -36.01771926879883, 1042.082275390625], "obj_id": 1}, {"cam_R_m2c": [-0.2643800675868988, -0.21495690941810608, 0.9401575922966003, 0.7543888092041016, 0.5612343549728394, 0.3404606282711029, -0.6008330583572388, 0.7992555499076843, 0.013782022520899773], "cam_t_m2c": [331.71649169921875, 0.48868265748023987, 1032.0484619140625], "obj_id": 1}, {"cam_R_m2c": [0.7632949948310852, -0.03900826349854469, 0.6448712944984436, 0.6067518591880798, -0.2995372414588928, -0.7362942695617676, 0.22188465297222137, 0.9532866477966309, -0.20496690273284912], "cam_t_m2c": [180.92027282714844, -197.0150604248047, 1172.1534423828125], "obj_id": 1}, {"cam_R_m2c": [-0.18303491175174713, -0.9665824174880981, -0.17948967218399048, -0.7531582117080688, 0.2552104890346527, -0.6063169836997986, 0.631862998008728, 0.02420691028237343, -0.7747018933296204], "cam_t_m2c": [195.0943145751953, -290.3514099121094, 940.7986450195312], "obj_id": 1}, {"cam_R_m2c": [0.26368415355682373, -0.8868421912193298, -0.3794490098953247, 0.5735499858856201, 0.46042540669441223, -0.6775314211845398, 0.7755714058876038, -0.03897871449589729, 0.6300552487373352], "cam_t_m2c": [463.98699951171875, -328.7068176269531, 994.4429931640625], "obj_id": 1}, {"cam_R_m2c": [0.6493225693702698, 0.004393494687974453, -0.7605003714561462, -0.7235968708992004, 0.31134018301963806, -0.6160152554512024, 0.23406784236431122, 0.9502882957458496, 0.20533934235572815], "cam_t_m2c": [241.84576416015625, -76.08749389648438, 1182.5020751953125], "obj_id": 1}, {"cam_R_m2c": [0.006385148037225008, 0.39005565643310547, 0.9207691550254822, -0.0020283206831663847, 0.9207910895347595, -0.39005088806152344, -0.9999775886535645, 0.000622925057541579, 0.006670543923974037], "cam_t_m2c": [517.760986328125, -187.1409454345703, 1018.71630859375], "obj_id": 1}, {"cam_R_m2c": [0.8046193718910217, -0.5131624937057495, -0.29875048995018005, -0.5736557245254517, -0.5418755412101746, -0.6142390966415405, 0.153318852186203, 0.6656085848808289, -0.7303822040557861], "cam_t_m2c": [346.6610107421875, -194.21556091308594, 804.7163696289062], "obj_id": 1}, {"cam_R_m2c": [0.5678623914718628, -0.3947100043296814, -0.7223131060600281, -0.5641313195228577, -0.8256492614746094, 0.007674104068428278, -0.5994064211845398, 0.4031216502189636, -0.6915234327316284], "cam_t_m2c": [421.609619140625, -349.8520202636719, 994.6738891601562], "obj_id": 1}, {"cam_R_m2c": [-0.5997146368026733, 0.5661950707435608, -0.5654780864715576, -0.6006349921226501, 0.14843535423278809, 0.7856236696243286, 0.5287531614303589, 0.8107959628105164, 0.2510577142238617], "cam_t_m2c": [260.83160400390625, -219.95957946777344, 1197.16259765625], "obj_id": 1}, {"cam_R_m2c": [0.9858296513557434, -0.1179414689540863, 0.11928816139698029, -0.14024609327316284, -0.18932093679904938, 0.9718480110168457, -0.09203743934631348, -0.9748063087463379, -0.2031790316104889], "cam_t_m2c": [303.48193359375, -222.26126098632812, 1035.742919921875], "obj_id": 1}, {"cam_R_m2c": [0.7621424794197083, 0.47504156827926636, 0.4398571848869324, 0.12744459509849548, -0.7762029767036438, 0.6174680590629578, 0.634741485118866, -0.41454118490219116, -0.6521187424659729], "cam_t_m2c": [256.4271240234375, -171.8777313232422, 908.93408203125], "obj_id": 1}, {"cam_R_m2c": [0.9053804874420166, -0.3690258264541626, 0.21001438796520233, 0.13569554686546326, 0.7201500535011292, 0.680419385433197, -0.4023342430591583, -0.5875404477119446, 0.702085018157959], "cam_t_m2c": [263.5574645996094, -164.3243865966797, 1200.1741943359375], "obj_id": 1}, {"cam_R_m2c": [-0.4887867867946625, 0.10681581497192383, 0.8658393025398254, -0.8696249723434448, -0.13879910111427307, -0.4738007187843323, 0.06956835836172104, -0.9845430850982666, 0.1607329547405243], "cam_t_m2c": [359.11370849609375, -225.65457153320312, 1267.00439453125], "obj_id": 1}, {"cam_R_m2c": [0.1341552883386612, 0.7863134741783142, -0.603086531162262, 0.0006237816996872425, -0.608654797077179, -0.7934347987174988, -0.9909600615501404, 0.1060672402381897, -0.08214467763900757], "cam_t_m2c": [309.3162841796875, -225.36996459960938, 893.592041015625], "obj_id": 1}, {"cam_R_m2c": [-0.337419718503952, -0.7061833143234253, 0.6224572062492371, -0.17357465624809265, -0.6032247543334961, -0.7784547209739685, 0.9252133369445801, -0.37070879340171814, 0.08096440136432648], "cam_t_m2c": [474.24169921875, -206.6212158203125, 1011.7032470703125], "obj_id": 1}, {"cam_R_m2c": [0.469777375459671, 0.7737912535667419, -0.4249190390110016, -0.26540446281433105, -0.3352724015712738, -0.9039649367332458, -0.8419439196586609, 0.5374376177787781, 0.04786435514688492], "cam_t_m2c": [263.59552001953125, -203.53305053710938, 1225.9443359375], "obj_id": 1}, {"cam_R_m2c": [0.7411925196647644, 0.3375915288925171, -0.5802289843559265, -0.025490138679742813, 0.8778762817382812, 0.47820860147476196, 0.6708084344863892, -0.33965450525283813, 0.6592805981636047], "cam_t_m2c": [110.8985366821289, -290.4599914550781, 981.2242431640625], "obj_id": 1}, {"cam_R_m2c": [-0.9873291254043579, -0.1464022397994995, -0.0612148679792881, 0.1482660174369812, -0.7136228084564209, -0.684660017490387, 0.056551434099674225, -0.685060977935791, 0.7262873649597168], "cam_t_m2c": [337.2437438964844, -217.1488494873047, 832.552001953125], "obj_id": 1}, {"cam_R_m2c": [-0.5931283831596375, -0.7603826522827148, -0.2646070122718811, 0.7926909923553467, -0.6090385913848877, -0.026700332760810852, -0.1408534198999405, -0.22558832168579102, 0.9639866352081299], "cam_t_m2c": [344.50738525390625, -155.30038452148438, 834.891845703125], "obj_id": 1}, {"cam_R_m2c": [-0.06565330177545547, 0.6133086681365967, 0.787109911441803, -0.5743415355682373, 0.621819019317627, -0.5324217081069946, -0.8159787654876709, -0.4870252013206482, 0.31142422556877136], "cam_t_m2c": [158.11106872558594, -272.23211669921875, 847.1903076171875], "obj_id": 1}, {"cam_R_m2c": [-0.5950157642364502, -0.7892300486564636, -0.1518951803445816, -0.504383385181427, 0.21954017877578735, 0.8351045250892639, -0.625742495059967, 0.5735137462615967, -0.5287043452262878], "cam_t_m2c": [250.65475463867188, -168.71131896972656, 913.2435302734375], "obj_id": 1}, {"cam_R_m2c": [0.9920358061790466, 0.021320190280675888, -0.12413883209228516, 0.020452488213777542, 0.9452243447303772, 0.32578009366989136, 0.12428473681211472, -0.32572445273399353, 0.9372603297233582], "cam_t_m2c": [279.1992492675781, -99.54571533203125, 1006.6324462890625], "obj_id": 1}, {"cam_R_m2c": [0.8268817067146301, -0.4832434356212616, 0.2876497805118561, -0.4659029543399811, -0.3021790683269501, 0.8316382169723511, -0.3149619698524475, -0.8216833472251892, -0.47501087188720703], "cam_t_m2c": [154.63143920898438, -63.8719367980957, 1195.7359619140625], "obj_id": 3}, {"cam_R_m2c": [-0.09727050364017487, 0.8909805417060852, 0.44349977374076843, 0.9942383170127869, 0.06682371348142624, 0.08381394296884537, 0.045040301978588104, 0.4490970969200134, -0.892346978187561], "cam_t_m2c": [433.4975891113281, -73.11004638671875, 1147.088134765625], "obj_id": 1}, {"cam_R_m2c": [-0.7805848717689514, -0.2932484447956085, -0.5519893169403076, 0.07116901129484177, 0.8356715440750122, -0.5445989966392517, 0.6209845542907715, -0.464390367269516, -0.6314423084259033], "cam_t_m2c": [147.1792755126953, -366.0545959472656, 972.35986328125], "obj_id": 1}, {"cam_R_m2c": [0.41399508714675903, 0.07861579954624176, 0.9068779349327087, 0.8992707133293152, 0.11914884299039841, -0.42085111141204834, -0.141138955950737, 0.989759087562561, -0.021369822323322296], "cam_t_m2c": [316.8817138671875, -317.9320068359375, 1242.2138671875], "obj_id": 1}, {"cam_R_m2c": [-0.19007563591003418, 0.4026748538017273, -0.8953903913497925, -0.6875577569007874, 0.5964223742485046, 0.4141794443130493, 0.7008104920387268, 0.6943581700325012, 0.16349691152572632], "cam_t_m2c": [141.0238037109375, -342.9718322753906, 939.9237060546875], "obj_id": 1}, {"cam_R_m2c": [0.7506410479545593, 0.2675463557243347, 0.604116678237915, -0.3761613965034485, -0.5786368250846863, 0.7236587405204773, 0.5431764721870422, -0.7704533338546753, -0.33370792865753174], "cam_t_m2c": [256.3397521972656, -52.079925537109375, 1195.7784423828125], "obj_id": 3}, {"cam_R_m2c": [-0.5535807013511658, 0.598373293876648, 0.5792217254638672, -0.4207876920700073, -0.8011757135391235, 0.4255058169364929, 0.7186697125434875, -0.008177578449249268, 0.6953034996986389], "cam_t_m2c": [218.73683166503906, -335.17266845703125, 1111.0792236328125], "obj_id": 1}, {"cam_R_m2c": [-0.9774691462516785, 0.08937299996614456, -0.1912233978509903, 0.11303161084651947, 0.9867249727249146, -0.11660885810852051, 0.17826321721076965, -0.13559585809707642, -0.9745951890945435], "cam_t_m2c": [408.31634521484375, -380.79803466796875, 1211.6158447265625], "obj_id": 1}, {"cam_R_m2c": [-0.4071212708950043, -0.48690280318260193, 0.7727727293968201, 0.8994563221931458, -0.36085689067840576, 0.2464962899684906, 0.15884070098400116, 0.7954292893409729, 0.5848605036735535], "cam_t_m2c": [213.43544006347656, 30.177419662475586, 1107.54833984375], "obj_id": 1}, {"cam_R_m2c": [-0.16979973018169403, -0.6331897974014282, -0.7551414370536804, 0.55713951587677, 0.5703786611557007, -0.6035426259040833, 0.8128735423088074, -0.5232005715370178, 0.2559249699115753], "cam_t_m2c": [513.7977294921875, -183.2014617919922, 952.4664916992188], "obj_id": 3}, {"cam_R_m2c": [-0.9953057169914246, 0.0772082731127739, 0.05835328251123428, 0.04703860357403755, -0.14101041853427887, 0.9888899326324463, 0.08457890897989273, 0.9869927763938904, 0.13671688735485077], "cam_t_m2c": [372.68597412109375, -339.3728942871094, 979.146728515625], "obj_id": 1}, {"cam_R_m2c": [0.587902843952179, 0.29816094040870667, -0.7519775629043579, 0.587752103805542, 0.4812643229961395, 0.6503322720527649, 0.555803656578064, -0.8243085741996765, 0.1076919361948967], "cam_t_m2c": [259.8817443847656, 94.40031433105469, 1022.11376953125], "obj_id": 1}, {"cam_R_m2c": [0.8954087495803833, 0.2074287384748459, 0.3939751982688904, 0.16234879195690155, -0.9760351777076721, 0.14490573108196259, 0.41459137201309204, -0.06578844785690308, -0.9076262712478638], "cam_t_m2c": [348.36468505859375, -54.684722900390625, 1100.5560302734375], "obj_id": 3}, {"cam_R_m2c": [-0.6320359706878662, -0.761682391166687, -0.1427239030599594, -0.765571117401123, 0.6422650218009949, -0.037368159741163254, 0.12012924253940582, 0.08564728498458862, -0.9890566468238831], "cam_t_m2c": [178.03590393066406, -397.9253234863281, 1013.5825805664062], "obj_id": 1}, {"cam_R_m2c": [-0.21027353405952454, 0.4747382402420044, -0.8546393513679504, -0.6195570826530457, 0.6115235686302185, 0.49212583899497986, 0.7562630772590637, 0.6329790353775024, 0.16554027795791626], "cam_t_m2c": [294.4614562988281, -376.64886474609375, 1060.9461669921875], "obj_id": 3}, {"cam_R_m2c": [0.2992804944515228, -0.936772882938385, 0.18134945631027222, 0.3329032361507416, -0.07560364156961441, -0.9399251937866211, 0.894207239151001, 0.3416730761528015, 0.28922808170318604], "cam_t_m2c": [174.55857849121094, -122.36592102050781, 1220.090576171875], "obj_id": 3}, {"cam_R_m2c": [-0.9539532661437988, -0.05001065880060196, -0.29575711488723755, -0.13416169583797455, 0.9530177116394043, 0.2715841233730316, 0.26827964186668396, 0.2987578213214874, -0.9158438444137573], "cam_t_m2c": [267.2440490722656, -161.51290893554688, 1092.1278076171875], "obj_id": 3}, {"cam_R_m2c": [-0.15550890564918518, 0.32702821493148804, -0.9321316480636597, 0.970153272151947, -0.1271728128194809, -0.2064693719148636, -0.18606317043304443, -0.9364184737205505, -0.2974909245967865], "cam_t_m2c": [147.64512634277344, -69.26345825195312, 1193.8824462890625], "obj_id": 3}, {"cam_R_m2c": [0.2833891212940216, 0.9542702436447144, 0.09517814964056015, 0.652877151966095, -0.26467135548591614, 0.7097185850143433, 0.7024542689323425, -0.13898690044879913, -0.6980262398719788], "cam_t_m2c": [232.1962890625, -163.96580505371094, 937.0694580078125], "obj_id": 1}, {"cam_R_m2c": [-0.9689725041389465, -0.23881760239601135, 0.06370391696691513, 0.2471570074558258, -0.9337599277496338, 0.25885453820228577, -0.00233485852368176, 0.2665678560733795, 0.963813304901123], "cam_t_m2c": [348.5112609863281, 32.699371337890625, 1074.3768310546875], "obj_id": 3}, {"cam_R_m2c": [0.37155547738075256, 0.914641261100769, 0.15930433571338654, 0.5154176950454712, -0.34593117237091064, 0.7840129137039185, 0.7721989154815674, -0.2091960310935974, -0.5999549031257629], "cam_t_m2c": [402.1426086425781, -233.39566040039062, 1134.6134033203125], "obj_id": 3}, {"cam_R_m2c": [-0.6250019669532776, -0.5546833276748657, -0.5492711663246155, 0.29421111941337585, 0.4843640625476837, -0.8239121437072754, 0.7230575680732727, -0.6765484809875488, -0.13953442871570587], "cam_t_m2c": [327.16845703125, -37.44878005981445, 981.2243041992188], "obj_id": 3}, {"cam_R_m2c": [-0.6411862373352051, 0.288646936416626, 0.7110296487808228, 0.7673664689064026, 0.24766044318675995, 0.5914499163627625, -0.005373707972466946, 0.9248498678207397, -0.38029441237449646], "cam_t_m2c": [147.6456756591797, -270.57421875, 953.8079833984375], "obj_id": 1}, {"cam_R_m2c": [-0.5178448557853699, 0.8544884920120239, -0.041062578558921814, 0.11602231115102768, 0.11770713329315186, 0.9862473607063293, 0.8475704193115234, 0.5059589147567749, -0.1600937843322754], "cam_t_m2c": [213.6288299560547, -128.73724365234375, 803.2190551757812], "obj_id": 3}, {"cam_R_m2c": [0.9249626994132996, 0.006438242271542549, -0.38000330328941345, -0.11464671045541763, 0.9580066800117493, -0.26282942295074463, 0.36235353350639343, 0.28667354583740234, 0.8868585824966431], "cam_t_m2c": [210.5642852783203, -167.599609375, 1158.708984375], "obj_id": 3}, {"cam_R_m2c": [0.6494079828262329, 0.705495297908783, 0.28380560874938965, 0.7411211133003235, -0.6707695722579956, -0.028417693451046944, 0.17031963169574738, 0.22878900170326233, -0.9584605693817139], "cam_t_m2c": [399.0137023925781, -254.05377197265625, 1072.1240234375], "obj_id": 1}, {"cam_R_m2c": [0.38782691955566406, 0.7083962559700012, -0.5897160172462463, -0.3423886001110077, 0.7047322392463684, 0.6213875412940979, 0.8557804822921753, -0.039078742265701294, 0.5158609747886658], "cam_t_m2c": [238.5597381591797, -77.3108139038086, 923.39697265625], "obj_id": 1}, {"cam_R_m2c": [0.9753778576850891, 0.18430349230766296, 0.12112078815698624, 0.19022111594676971, -0.4251500964164734, -0.8849087357521057, -0.11159725487232208, 0.886160135269165, -0.4497404098510742], "cam_t_m2c": [163.69956970214844, -201.20462036132812, 856.2809448242188], "obj_id": 1}, {"cam_R_m2c": [-0.5509325265884399, 0.19387899339199066, -0.8117167949676514, 0.6055591702461243, 0.7621492743492126, -0.22896845638751984, 0.5742571949958801, -0.6176887154579163, -0.5372980237007141], "cam_t_m2c": [384.0436706542969, -189.63235473632812, 1297.821044921875], "obj_id": 1}, {"cam_R_m2c": [-0.33592912554740906, -0.6205361485481262, -0.7085805535316467, 0.5455862879753113, 0.4850395917892456, -0.6834267973899841, 0.7677806615829468, -0.6161748766899109, 0.17561714351177216], "cam_t_m2c": [203.92576599121094, -176.26654052734375, 766.7720336914062], "obj_id": 1}, {"cam_R_m2c": [0.426544189453125, 0.2316555678844452, -0.8742972612380981, -0.06192149966955185, -0.9568964838981628, -0.2837509512901306, -0.9023445844650269, 0.17517010867595673, -0.3938140869140625], "cam_t_m2c": [238.42930603027344, -146.8419647216797, 1204.1785888671875], "obj_id": 3}, {"cam_R_m2c": [-0.7327107787132263, 0.6498724222183228, 0.2019919753074646, 0.6621726155281067, 0.6123149394989014, 0.43196970224380493, 0.1570425033569336, 0.4502623975276947, -0.8789774775505066], "cam_t_m2c": [156.34115600585938, -204.10206604003906, 1092.9517822265625], "obj_id": 3}, {"cam_R_m2c": [-0.6738460063934326, -0.5858663320541382, -0.45021361112594604, 0.5276228189468384, 0.04501540958881378, -0.8482852578163147, 0.517248272895813, -0.8091565370559692, 0.2787829339504242], "cam_t_m2c": [327.4439697265625, -302.2068176269531, 1064.185546875], "obj_id": 3}, {"cam_R_m2c": [0.4055367410182953, -0.13331474363803864, 0.9043047428131104, 0.7118664979934692, 0.6666509509086609, -0.22095823287963867, -0.5733985900878906, 0.7333509922027588, 0.3652537763118744], "cam_t_m2c": [308.84613037109375, -366.51568603515625, 1186.558349609375], "obj_id": 1}, {"cam_R_m2c": [-0.41017457842826843, -0.47390174865722656, 0.7792136669158936, -0.8377143144607544, -0.14199267327785492, -0.5273260474205017, 0.3605433702468872, -0.8690541982650757, -0.33875250816345215], "cam_t_m2c": [254.2715606689453, -128.32260131835938, 1032.3424072265625], "obj_id": 3}, {"cam_R_m2c": [0.9790623188018799, -0.19867780804634094, 0.04431819170713425, -0.1424790769815445, -0.5133471488952637, 0.846270740032196, -0.14538460969924927, -0.8348662257194519, -0.5309062600135803], "cam_t_m2c": [406.0592346191406, -319.07171630859375, 1056.1685791015625], "obj_id": 1}, {"cam_R_m2c": [-0.7098058462142944, 0.47763508558273315, -0.5177260637283325, -0.5512716770172119, 0.08086246252059937, 0.83039790391922, 0.4384917914867401, 0.8748290538787842, 0.2059101164340973], "cam_t_m2c": [346.9580383300781, -376.4018249511719, 988.2896728515625], "obj_id": 1}, {"cam_R_m2c": [-0.8191251158714294, -0.3486250340938568, -0.45551547408103943, -0.5562517642974854, 0.2888656556606293, 0.7791922092437744, -0.14006316661834717, 0.8916373252868652, -0.4305403530597687], "cam_t_m2c": [363.23590087890625, -112.56498718261719, 1049.1151123046875], "obj_id": 3}, {"cam_R_m2c": [-0.7220877408981323, -0.07135254144668579, 0.6881117820739746, -0.6574073433876038, 0.3804987967014313, -0.6504122614860535, -0.21541708707809448, -0.9220246076583862, -0.321661114692688], "cam_t_m2c": [81.28472900390625, -75.1731185913086, 1173.3807373046875], "obj_id": 3}, {"cam_R_m2c": [0.990149974822998, 0.11981201171875, -0.07244392484426498, -0.040380775928497314, -0.251056969165802, -0.9671295881271362, -0.1340613067150116, 0.9605286717414856, -0.24374595284461975], "cam_t_m2c": [203.08778381347656, 89.50009155273438, 1030.2720947265625], "obj_id": 3}, {"cam_R_m2c": [-0.7725793719291687, -0.46509796380996704, 0.43220919370651245, 0.6311072707176208, -0.6370135545730591, 0.44262534379959106, 0.0694589838385582, 0.6147336363792419, 0.7856703996658325], "cam_t_m2c": [422.1221618652344, -330.36541748046875, 946.7265625], "obj_id": 1}, {"cam_R_m2c": [0.9149965643882751, 0.4033988416194916, -0.0071190292946994305, -0.21713201701641083, 0.4774777293205261, -0.8513922095298767, -0.34005147218704224, 0.7805666923522949, 0.5244812965393066], "cam_t_m2c": [377.39691162109375, 6.8245086669921875, 1050.088134765625], "obj_id": 1}, {"cam_R_m2c": [-0.4632786214351654, -0.15469689667224884, 0.8726061582565308, -0.8208414316177368, 0.44606268405914307, -0.35671743750572205, -0.3340539336204529, -0.8815309405326843, -0.33363285660743713], "cam_t_m2c": [391.90625, 23.274524688720703, 1036.5291748046875], "obj_id": 3}, {"cam_R_m2c": [0.8310379981994629, 0.24848657846450806, 0.49762460589408875, 0.13252411782741547, -0.9573532342910767, 0.25673341751098633, 0.5401973724365234, -0.14740796387195587, -0.8285273909568787], "cam_t_m2c": [195.50038146972656, -147.4458465576172, 1092.46142578125], "obj_id": 3}, {"cam_R_m2c": [0.4221048951148987, 0.6276670694351196, -0.6541112065315247, 0.2757393717765808, 0.598461389541626, 0.7522045969963074, 0.8635943531990051, -0.497873455286026, 0.07954095304012299], "cam_t_m2c": [358.0937805175781, -214.36474609375, 1358.14306640625], "obj_id": 3}, {"cam_R_m2c": [-0.7322922348976135, -0.2447953224182129, -0.6354708075523376, 0.6400525569915771, -0.5660772919654846, -0.519508421421051, -0.2325524240732193, -0.7871667742729187, 0.5712160468101501], "cam_t_m2c": [207.2759246826172, -119.37140655517578, 1255.4736328125], "obj_id": 3}, {"cam_R_m2c": [0.06397874653339386, -0.6244444847106934, 0.7784444093704224, 0.49571868777275085, 0.6968860030174255, 0.5182787179946899, -0.8661233186721802, 0.3527306616306305, 0.3541347086429596], "cam_t_m2c": [483.2552795410156, -259.3641662597656, 981.4614868164062], "obj_id": 3}, {"cam_R_m2c": [0.6358252763748169, 0.6451411843299866, 0.42369693517684937, -0.7658731937408447, 0.45926758646965027, 0.45001283288002014, 0.09573154896497726, -0.6106276512145996, 0.7861102819442749], "cam_t_m2c": [342.9410095214844, -198.3852081298828, 1146.1661376953125], "obj_id": 3}, {"cam_R_m2c": [-0.18823359906673431, -0.93961101770401, 0.28583085536956787, -0.6722435355186462, -0.08890791982412338, -0.7349721193313599, 0.716000497341156, -0.33049440383911133, -0.6149119734764099], "cam_t_m2c": [371.0607604980469, -346.7799377441406, 932.0401611328125], "obj_id": 3}, {"cam_R_m2c": [-0.9764055013656616, 0.0296360794454813, 0.2139018476009369, 0.21544179320335388, 0.06609787791967392, 0.974277138710022, 0.014735297299921513, 0.9973729252815247, -0.07092317193746567], "cam_t_m2c": [442.347412109375, -69.21879577636719, 1163.141357421875], "obj_id": 1}, {"cam_R_m2c": [0.6020662188529968, -0.38102489709854126, 0.7016667723655701, -0.734164834022522, -0.6096401810646057, 0.2988993227481842, 0.3138761818408966, -0.6950962543487549, -0.6467788219451904], "cam_t_m2c": [443.4178466796875, -234.6397705078125, 858.3236694335938], "obj_id": 3}, {"cam_R_m2c": [0.9842894673347473, -0.16934415698051453, -0.04996746778488159, 0.17493568360805511, 0.9736789464950562, 0.14610546827316284, 0.023910164833068848, -0.15255117416381836, 0.9880062937736511], "cam_t_m2c": [346.97552490234375, -257.4118957519531, 1104.487548828125], "obj_id": 1}, {"cam_R_m2c": [0.5604133009910583, -0.7863923907279968, 0.2598535418510437, -0.6590629816055298, -0.23342862725257874, 0.7149454355239868, -0.5015704035758972, -0.5719248056411743, -0.6490986347198486], "cam_t_m2c": [213.4546356201172, -141.56922912597656, 1248.813232421875], "obj_id": 3}, {"cam_R_m2c": [-0.6144557595252991, 0.17944537103176117, -0.7682730555534363, 0.05541900917887688, -0.961567759513855, -0.26891666650772095, -0.787002444267273, -0.2078143209218979, 0.5808961987495422], "cam_t_m2c": [197.5493927001953, -358.1302185058594, 1045.5699462890625], "obj_id": 3}, {"cam_R_m2c": [0.19887252151966095, 0.5402005910873413, -0.8176997900009155, -0.028911547735333443, 0.8372367024421692, 0.5460757613182068, 0.9795987606048584, -0.08495847880840302, 0.1821214258670807], "cam_t_m2c": [222.95562744140625, -354.295654296875, 1008.3602905273438], "obj_id": 1}, {"cam_R_m2c": [-0.45285511016845703, 0.1114293709397316, 0.8845934867858887, -0.5150340795516968, -0.8425701260566711, -0.1575285941362381, 0.7277787923812866, -0.5269334316253662, 0.4389522671699524], "cam_t_m2c": [14