{
  "0": [{"cam_R_m2c": [-0.28226393461227417, 0.9561511874198914, 0.07811473309993744, 0.33250007033348083, 0.17388467490673065, -0.9269345998764038, -0.8998726010322571, -0.23566707968711853, -0.3670016825199127], "cam_t_m2c": [26.5636043548584, -5.716857433319092, 670.9998779296875], "obj_id": 1}, {"cam_R_m2c": [-0.28226393461227417, 0.9561511874198914, 0.07811473309993744, 0.33250007033348083, 0.17388467490673065, -0.9269345998764038, -0.8998726010322571, -0.23566707968711853, -0.3670016825199127], "cam_t_m2c": [26.5636043548584, -5.716857433319092, 670.9998779296875], "obj_id": 0}, {"cam_R_m2c": [-0.28226393461227417, 0.9561511874198914, 0.07811473309993744, 0.33250007033348083, 0.17388467490673065, -0.9269345998764038, -0.8998726010322571, -0.23566707968711853, -0.3670016825199127], "cam_t_m2c": [26.5636043548584, -5.716857433319092, 670.9998779296875], "obj_id": 0}, {"cam_R_m2c": [-0.28226393461227417, 0.9561511874198914, 0.07811473309993744, 0.33250007033348083, 0.17388467490673065, -0.9269345998764038, -0.8998726010322571, -0.23566707968711853, -0.3670016825199127], "cam_t_m2c": [26.5636043548584, -5.716857433319092, 670.9998779296875], "obj_id": 3}, {"cam_R_m2c": [-0.28226393461227417, 0.9561511874198914, 0.07811473309993744, 0.33250007033348083, 0.17388467490673065, -0.9269345998764038, -0.8998726010322571, -0.23566707968711853, -0.3670016825199127], "cam_t_m2c": [26.5636043548584, -5.716857433319092, 670.9998779296875], "obj_id": 2}, {"cam_R_m2c": [-0.28226393461227417, 0.9561511874198914, 0.07811473309993744, 0.33250007033348083, 0.17388467490673065, -0.9269345998764038, -0.8998726010322571, -0.23566707968711853, -0.3670016825199127], "cam_t_m2c": [26.5636043548584, -5.716857433319092, 670.9998779296875], "obj_id": 0}, {"cam_R_m2c": [-0.28226393461227417, 0.9561511874198914, 0.07811473309993744, 0.33250007033348083, 0.17388467490673065, -0.9269345998764038, -0.8998726010322571, -0.23566707968711853, -0.3670016825199127], "cam_t_m2c": [26.5636043548584, -5.716857433319092, 670.9998779296875], "obj_id": 3}, {"cam_R_m2c": [-0.28226393461227417, 0.9561511874198914, 0.07811473309993744, 0.33250007033348083, 0.17388467490673065, -0.9269345998764038, -0.8998726010322571, -0.23566707968711853, -0.3670016825199127], "cam_t_m2c": [26.5636043548584, -5.716857433319092, 670.9998779296875], "obj_id": 2}, {"cam_R_m2c": [-0.28226393461227417, 0.9561511874198914, 0.07811473309993744, 0.33250007033348083, 0.17388467490673065, -0.9269345998764038, -0.8998726010322571, -0.23566707968711853, -0.3670016825199127], "cam_t_m2c": [26.5636043548584, -5.716857433319092, 670.9998779296875], "obj_id": 0}, {"cam_R_m2c": [-0.28226393461227417, 0.9561511874198914, 0.07811473309993744, 0.33250007033348083, 0.17388467490673065, -0.9269345998764038, -0.8998726010322571, -0.23566707968711853, -0.3670016825199127], "cam_t_m2c": [26.5636043548584, -5.716857433319092, 670.9998779296875], "obj_id": 0}, {"cam_R_m2c": [-0.28226393461227417, 0.9561511874198914, 0.07811473309993744, 0.33250007033348083, 0.17388467490673065, -0.9269345998764038, -0.8998726010322571, -0.23566707968711853, -0.3670016825199127], "cam_t_m2c": [26.5636043548584, -5.716857433319092, 670.9998779296875], "obj_id": 0}, {"cam_R_m2c": [-0.28226393461227417, 0.9561511874198914, 0.07811473309993744, 0.33250007033348083, 0.17388467490673065, -0.9269345998764038, -0.8998726010322571, -0.23566707968711853, -0.3670016825199127], "cam_t_m2c": [26.5636043548584, -5.716857433319092, 670.9998779296875], "obj_id": 0}, {"cam_R_m2c": [-0.28226393461227417, 0.9561511874198914, 0.07811473309993744, 0.33250007033348083, 0.17388467490673065, -0.9269345998764038, -0.8998726010322571, -0.23566707968711853, -0.3670016825199127], "cam_t_m2c": [26.5636043548584, -5.716857433319092, 670.9998779296875], "obj_id": 2}, {"cam_R_m2c": [-0.28226393461227417, 0.9561511874198914, 0.07811473309993744, 0.33250007033348083, 0.17388467490673065, -0.9269345998764038, -0.8998726010322571, -0.23566707968711853, -0.3670016825199127], "cam_t_m2c": [26.5636043548584, -5.716857433319092, 670.9998779296875], "obj_id": 1}, {"cam_R_m2c": [-0.28226393461227417, 0.9561511874198914, 0.07811473309993744, 0.33250007033348083, 0.17388467490673065, -0.9269345998764038, -0.8998726010322571, -0.23566707968711853, -0.3670016825199127], "cam_t_m2c": [26.5636043548584, -5.716857433319092, 670.9998779296875], "obj_id": 1}, {"cam_R_m2c": [-0.28226393461227417, 0.9561511874198914, 0.07811473309993744, 0.33250007033348083, 0.17388467490673065, -0.9269345998764038, -0.8998726010322571, -0.23566707968711853, -0.3670016825199127], "cam_t_m2c": [26.5636043548584, -5.716857433319092, 670.9998779296875], "obj_id": 3}, {"cam_R_m2c": [-0.28226393461227417, 0.9561511874198914, 0.07811473309993744, 0.33250007033348083, 0.17388467490673065, -0.9269345998764038, -0.8998726010322571, -0.23566707968711853, -0.3670016825199127], "cam_t_m2c": [26.5636043548584, -5.716857433319092, 670.9998779296875], "obj_id": 1}, {"cam_R_m2c": [-0.28226393461227417, 0.9561511874198914, 0.07811473309993744, 0.33250007033348083, 0.17388467490673065, -0.9269345998764038, -0.8998726010322571, -0.23566707968711853, -0.3670016825199127], "cam_t_m2c": [26.5636043548584, -5.716857433319092, 670.9998779296875], "obj_id": 2}, {"cam_R_m2c": [-0.28226393461227417, 0.9561511874198914, 0.07811473309993744, 0.33250007033348083, 0.17388467490673065, -0.9269345998764038, -0.8998726010322571, -0.23566707968711853, -0.3670016825199127], "cam_t_m2c": [26.5636043548584, -5.716857433319092, 670.9998779296875], "obj_id": 0}, {"cam_R_m2c": [-0.28226393461227417, 0.9561511874198914, 0.07811473309993744, 0.33250007033348083, 0.17388467490673065, -0.9269345998764038, -0.8998726010322571, -0.23566707968711853, -0.3670016825199127], "cam_t_m2c": [26.5636043548584, -5.716857433319092, 670.9998779296875], "obj_id": 3}, {"cam_R_m2c": [-0.28226393461227417, 0.9561511874198914, 0.07811473309993744, 0.33250007033348083, 0.17388467490673065, -0.9269345998764038, -0.8998726010322571, -0.23566707968711853, -0.3670016825199127], "cam_t_m2c": [26.5636043548584, -5.716857433319092, 670.9998779296875], "obj_id": 0}, {"cam_R_m2c": [-0.28226393461227417, 0.9561511874198914, 0.07811473309993744, 0.33250007033348083, 0.17388467490673065, -0.9269345998764038, -0.8998726010322571, -0.23566707968711853, -0.3670016825199127], "cam_t_m2c": [26.5636043548584, -5.716857433319092, 670.9998779296875], "obj_id": 3}, {"cam_R_m2c": [-0.28226393461227417, 0.9561511874198914, 0.07811473309993744, 0.33250007033348083, 0.17388467490673065, -0.9269345998764038, -0.8998726010322571, -0.23566707968711853, -0.3670016825199127], "cam_t_m2c": [26.5636043548584, -5.716857433319092, 670.9998779296875], "obj_id": 1}, {"cam_R_m2c": [-0.28226393461227417, 0.9561511874198914, 0.07811473309993744, 0.33250007033348083, 0.17388467490673065, -0.9269345998764038, -0.8998726010322571, -0.23566707968711853, -0.3670016825199127], "cam_t_m2c": [26.5636043548584, -5.716857433319092, 670.9998779296875], "obj_id": 0}, {"cam_R_m2c": [0.6939432621002197, -0.6017124056816101, -0.39545539021492004, 0.6696599125862122, 0.33753567934036255, 0.661532461643219, -0.26457199454307556, -0.7238866090774536, 0.6371732950210571], "cam_t_m2c": [123.82630157470703, 35.0682487487793, 452.4518737792969], "obj_id": 3}, {"cam_R_m2c": [-0.9044942259788513, 0.3425101339817047, -0.25412026047706604, 0.42637261748313904, 0.7399419546127319, -0.5202809572219849, 0.009832744486629963, -0.5789410471916199, -0.8153101801872253], "cam_t_m2c": [-92.63252258300781, -74.44293212890625, 682.9714965820312], "obj_id": 3}, {"cam_R_m2c": [0.9085736870765686, -0.3957918584346771, -0.13357631862163544, -0.13308852910995483, 0.02883157692849636, -0.9906846880912781, 0.3959561586380005, 0.9178875088691711, -0.02647974155843258], "cam_t_m2c": [78.20683288574219, -7.616502285003662, 550.5507202148438], "obj_id": 0}, {"cam_R_m2c": [0.0772986188530922, -0.08012287318706512, 0.9937832355499268, -0.949928343296051, 0.2967633903026581, 0.0978136956691742, -0.30275553464889526, -0.9515838027000427, -0.0531715452671051], "cam_t_m2c": [168.45809936523438, -153.6608428955078, 938.6238403320312], "obj_id": 1}, {"cam_R_m2c": [-0.15968774259090424, -0.9677872061729431, 0.19464759528636932, -0.9062718152999878, 0.22189649939537048, 0.3597683310508728, -0.3913708031177521, -0.11895302683115005, -0.9125124216079712], "cam_t_m2c": [108.12407684326172, 5.767247676849365, 523.1151733398438], "obj_id": 0}, {"cam_R_m2c": [-0.1237265095114708, -0.7926761507987976, 0.5969557166099548, -0.8672770857810974, 0.378711074590683, 0.3231227695941925, -0.48220545053482056, -0.4777471721172333, -0.7343264222145081], "cam_t_m2c": [351.8824462890625, -98.95909118652344, 839.5049438476562], "obj_id": 0}, {"cam_R_m2c": [-0.3426923453807831, -0.017816975712776184, -0.9392786026000977, -0.8806073665618896, -0.34218788146972656, 0.32777729630470276, -0.3272498548030853, 0.9394625425338745, 0.10157552361488342], "cam_t_m2c": [-130.8507537841797, -105.34539794921875, 752.8871459960938], "obj_id": 1}, {"cam_R_m2c": [-0.08929932117462158, 0.5355556607246399, -0.839765191078186, 0.7557920217514038, -0.5126934051513672, -0.4073372483253479, -0.6486939787864685, -0.6710628867149353, -0.35898539423942566], "cam_t_m2c": [-5.557559490203857, -31.706165313720703, 593.56494140625], "obj_id": 3}],
  "1": [{"cam_R_m2c": [-0.8247780799865723, 0.5639855265617371, 0.040761638432741165, 0.16322144865989685, 0.30647405982017517, -0.9377806186676025, -0.5413870215415955, -0.7668076753616333, -0.34482765197753906], "cam_t_m2c": [69.4940414428711, 9.031722068786621, 532.9437255859375], "obj_id": 1}, {"cam_R_m2c": [-0.8247780799865723, 0.5639855265617371, 0.040761638432741165, 0.16322144865989685, 0.30647405982017517, -0.9377806186676025, -0.5413870215415955, -0.7668076753616333, -0.34482765197753906], "cam_t_m2c": [69.4940414428711, 9.031722068786621, 532.9437255859375], "obj_id": 0}, {"cam_R_m2c": [-0.8247780799865723, 0.5639855265617371, 0.040761638432741165, 0.16322144865989685, 0.30647405982017517, -0.9377806186676025, -0.5413870215415955, -0.7668076753616333, -0.34482765197753906], "cam_t_m2c": [69.4940414428711, 9.031722068786621, 532.9437255859375], "obj_id": 0}, {"cam_R_m2c": [-0.8247780799865723, 0.5639855265617371, 0.040761638432741165, 0.16322144865989685, 0.30647405982017517, -0.9377806186676025, -0.5413870215415955, -0.7668076753616333, -0.34482765197753906], "cam_t_m2c": [69.4940414428711, 9.031722068786621, 532.9437255859375], "obj_id": 3}, {"cam_R_m2c": [-0.8247780799865723, 0.5639855265617371, 0.040761638432741165, 0.16322144865989685, 0.30647405982017517, -0.9377806186676025, -0.5413870215415955, -0.7668076753616333, -0.34482765197753906], "cam_t_m2c": [69.4940414428711, 9.031722068786621, 532.9437255859375], "obj_id": 2}, {"cam_R_m2c": [-0.8247780799865723, 0.5639855265617371, 0.040761638432741165, 0.16322144865989685, 0.30647405982017517, -0.9377806186676025, -0.5413870215415955, -0.7668076753616333, -0.34482765197753906], "cam_t_m2c": [69.4940414428711, 9.031722068786621, 532.9437255859375], "obj_id": 0}, {"cam_R_m2c": [-0.8247780799865723, 0.5639855265617371, 0.040761638432741165, 0.16322144865989685, 0.30647405982017517, -0.9377806186676025, -0.5413870215415955, -0.7668076753616333, -0.34482765197753906], "cam_t_m2c": [69.4940414428711, 9.031722068786621, 532.9437255859375], "obj_id": 3}, {"cam_R_m2c": [-0.8247780799865723, 0.5639855265617371, 0.040761638432741165, 0.16322144865989685, 0.30647405982017517, -0.9377806186676025, -0.5413870215415955, -0.7668076753616333, -0.34482765197753906], "cam_t_m2c": [69.4940414428711, 9.031722068786621, 532.9437255859375], "obj_id": 2}, {"cam_R_m2c": [-0.8247780799865723, 0.5639855265617371, 0.040761638432741165, 0.16322144865989685, 0.30647405982017517, -0.9377806186676025, -0.5413870215415955, -0.7668076753616333, -0.34482765197753906], "cam_t_m2c": [69.4940414428711, 9.031722068786621, 532.9437255859375], "obj_id": 0}, {"cam_R_m2c": [-0.8247780799865723, 0.5639855265617371, 0.040761638432741165, 0.16322144865989685, 0.30647405982017517, -0.9377806186676025, -0.5413870215415955, -0.7668076753616333, -0.34482765197753906], "cam_t_m2c": [69.4940414428711, 9.031722068786621, 532.9437255859375], "obj_id": 0}, {"cam_R_m2c": [-0.8247780799865723, 0.5639855265617371, 0.040761638432741165, 0.16322144865989685, 0.30647405982017517, -0.9377806186676025, -0.5413870215415955, -0.7668076753616333, -0.34482765197753906], "cam_t_m2c": [69.4940414428711, 9.031722068786621, 532.9437255859375], "obj_id": 0}, {"cam_R_m2c": [-0.8247780799865723, 0.5639855265617371, 0.040761638432741165, 0.16322144865989685, 0.30647405982017517, -0.9377806186676025, -0.5413870215415955, -0.7668076753616333, -0.34482765197753906], "cam_t_m2c": [69.4940414428711, 9.031722068786621, 532.9437255859375], "obj_id": 0}, {"cam_R_m2c": [-0.8247780799865723, 0.5639855265617371, 0.040761638432741165, 0.16322144865989685, 0.30647405982017517, -0.9377806186676025, -0.5413870215415955, -0.7668076753616333, -0.34482765197753906], "cam_t_m2c": [69.4940414428711, 9.031722068786621, 532.9437255859375], "obj_id": 2}, {"cam_R_m2c": [-0.8247780799865723, 0.5639855265617371, 0.040761638432741165, 0.16322144865989685, 0.30647405982017517, -0.9377806186676025, -0.5413870215415955, -0.7668076753616333, -0.34482765197753906], "cam_t_m2c": [69.4940414428711, 9.031722068786621, 532.9437255859375], "obj_id": 1}, {"cam_R_m2c": [-0.8247780799865723, 0.5639855265617371, 0.040761638432741165, 0.16322144865989685, 0.30647405982017517, -0.9377806186676025, -0.5413870215415955, -0.7668076753616333, -0.34482765197753906], "cam_t_m2c": [69.4940414428711, 9.031722068786621, 532.9437255859375], "obj_id": 1}, {"cam_R_m2c": [-0.8247780799865723, 0.5639855265617371, 0.040761638432741165, 0.16322144865989685, 0.30647405982017517, -0.9377806186676025, -0.5413870215415955, -0.7668076753616333, -0.34482765197753906], "cam_t_m2c": [69.4940414428711, 9.031722068786621, 532.9437255859375], "obj_id": 3}, {"cam_R_m2c": [-0.8247780799865723, 0.5639855265617371, 0.040761638432741165, 0.16322144865989685, 0.30647405982017517, -0.9377806186676025, -0.5413870215415955, -0.7668076753616333, -0.34482765197753906], "cam_t_m2c": [69.4940414428711, 9.031722068786621, 532.9437255859375], "obj_id": 1}, {"cam_R_m2c": [-0.8247780799865723, 0.5639855265617371, 0.040761638432741165, 0.16322144865989685, 0.30647405982017517, -0.9377806186676025, -0.5413870215415955, -0.7668076753616333, -0.34482765197753906], "cam_t_m2c": [69.4940414428711, 9.031722068786621, 532.9437255859375], "obj_id": 2}, {"cam_R_m2c": [-0.8247780799865723, 0.5639855265617371, 0.040761638432741165, 0.16322144865989685, 0.30647405982017517, -0.9377806186676025, -0.5413870215415955, -0.7668076753616333, -0.34482765197753906], "cam_t_m2c": [69.4940414428711, 9.031722068786621, 532.9437255859375], "obj_id": 0}, {"cam_R_m2c": [-0.8247780799865723, 0.5639855265617371, 0.040761638432741165, 0.16322144865989685, 0.30647405982017517, -0.9377806186676025, -0.5413870215415955, -0.7668076753616333, -0.34482765197753906], "cam_t_m2c": [69.4940414428711, 9.031722068786621, 532.9437255859375], "obj_id": 3}, {"cam_R_m2c": [-0.8247780799865723, 0.5639855265617371, 0.040761638432741165, 0.16322144865989685, 0.30647405982017517, -0.9377806186676025, -0.5413870215415955, -0.7668076753616333, -0.34482765197753906], "cam_t_m2c": [69.4940414428711, 9.031722068786621, 532.9437255859375], "obj_id": 0}, {"cam_R_m2c": [-0.8247780799865723, 0.5639855265617371, 0.040761638432741165, 0.16322144865989685, 0.30647405982017517, -0.9377806186676025, -0.5413870215415955, -0.7668076753616333, -0.34482765197753906], "cam_t_m2c": [69.4940414428711, 9.031722068786621, 532.9437255859375], "obj_id": 3}, {"cam_R_m2c": [-0.8247780799865723, 0.5639855265617371, 0.040761638432741165, 0.16322144865989685, 0.30647405982017517, -0.9377806186676025, -0.5413870215415955, -0.7668076753616333, -0.34482765197753906], "cam_t_m2c": [69.4940414428711, 9.031722068786621, 532.9437255859375], "obj_id": 1}, {"cam_R_m2c": [-0.8247780799865723, 0.5639855265617371, 0.040761638432741165, 0.16322144865989685, 0.30647405982017517, -0.9377806186676025, -0.5413870215415955, -0.7668076753616333, -0.34482765197753906], "cam_t_m2c": [69.4940414428711, 9.031722068786621, 532.9437255859375], "obj_id": 0}, {"cam_R_m2c": [0.23745813965797424, -0.968913733959198, -0.06942541152238846, 0.7415961623191833, 0.13465818762779236, 0.6571927666664124, -0.627414345741272, -0.20754139125347137, 0.7505183219909668], "cam_t_m2c": [6.2822394371032715, 38.43482971191406, 300.5079040527344], "obj_id": 3}, {"cam_R_m2c": [-0.7865844368934631, -0.23686201870441437, -0.5702467560768127, 0.2606012523174286, 0.7098861336708069, -0.6543307304382324, 0.5597963333129883, -0.6632933616638184, -0.4966588318347931], "cam_t_m2c": [-1.0929065942764282, -77.30982971191406, 614.4110717773438], "obj_id": 3}, {"cam_R_m2c": [0.9681674242019653, 0.23251742124557495, 0.09266888350248337, 0.07734334468841553, 0.07420412451028824, -0.9942392110824585, -0.23805436491966248, 0.9697573184967041, 0.05385833978652954], "cam_t_m2c": [38.350894927978516, 1.0833227634429932, 405.8785095214844], "obj_id": 0}, {"cam_R_m2c": [0.08323146402835846, -0.6911565065383911, 0.7178963422775269, -0.9523483514785767, 0.1569596827030182, 0.2615266442298889, -0.29343661665916443, -0.7054547071456909, -0.6451578140258789], "cam_t_m2c": [370.2051696777344, -77.365234375, 658.4524536132812], "obj_id": 1}, {"cam_R_m2c": [-0.16249743103981018, -0.8684438467025757, -0.4684012830257416, -0.9619528651237488, 0.03376325964927673, 0.271121084690094, -0.21963872015476227, 0.4946364760398865, -0.8408884406089783], "cam_t_m2c": [42.3750114440918, 15.922636032104492, 365.99774169921875], "obj_id": 0}, {"cam_R_m2c": [-0.19694684445858002, -0.9794806241989136, -0.042773641645908356, -0.9289751052856445, 0.17249009013175964, 0.3274939954280853, -0.31339600682258606, 0.10423457622528076, -0.9438844919204712], "cam_t_m2c": [441.7915954589844, -4.464776992797852, 468.65716552734375], "obj_id": 0}, {"cam_R_m2c": [-0.2717532217502594, 0.6177439093589783, -0.7379311919212341, -0.9606537222862244, -0.21986041963100433, 0.16972224414348602, -0.05739704892039299, 0.7550190091133118, 0.6531859040260315], "cam_t_m2c": [17.44278335571289, -105.39111328125, 692.9710083007812], "obj_id": 1}, {"cam_R_m2c": [-0.6164670586585999, 0.1260511726140976, -0.7772253155708313, 0.6416358351707458, -0.4917048215866089, -0.588667631149292, -0.4563677906990051, -0.8615899085998535, 0.22224107384681702], "cam_t_m2c": [4.13144588470459, -31.619220733642578, 490.7701416015625], "obj_id": 3}]
}