{
  "0": [{"cam_R_m2c": [-0.9211820363998413, -0.373518705368042, 0.1091209277510643, -0.29974693059921265, 0.5022919178009033, -0.8110823631286621, 0.24814386665821075, -0.779863178730011, -0.5746634006500244], "cam_t_m2c": [155.73719787597656, 148.2953643798828, 555.4534301757812], "obj_id": 2}, {"cam_R_m2c": [-0.9211820363998413, -0.373518705368042, 0.1091209277510643, -0.29974693059921265, 0.5022919178009033, -0.8110823631286621, 0.24814386665821075, -0.779863178730011, -0.5746634006500244], "cam_t_m2c": [155.73719787597656, 148.2953643798828, 555.4534301757812], "obj_id": 3}, {"cam_R_m2c": [-0.9211820363998413, -0.373518705368042, 0.1091209277510643, -0.29974693059921265, 0.5022919178009033, -0.8110823631286621, 0.24814386665821075, -0.779863178730011, -0.5746634006500244], "cam_t_m2c": [155.73719787597656, 148.2953643798828, 555.4534301757812], "obj_id": 1}, {"cam_R_m2c": [-0.9211820363998413, -0.373518705368042, 0.1091209277510643, -0.29974693059921265, 0.5022919178009033, -0.8110823631286621, 0.24814386665821075, -0.779863178730011, -0.5746634006500244], "cam_t_m2c": [155.73719787597656, 148.2953643798828, 555.4534301757812], "obj_id": 0}, {"cam_R_m2c": [-0.9211820363998413, -0.373518705368042, 0.1091209277510643, -0.29974693059921265, 0.5022919178009033, -0.8110823631286621, 0.24814386665821075, -0.779863178730011, -0.5746634006500244], "cam_t_m2c": [155.73719787597656, 148.2953643798828, 555.4534301757812], "obj_id": 1}, {"cam_R_m2c": [-0.9211820363998413, -0.373518705368042, 0.1091209277510643, -0.29974693059921265, 0.5022919178009033, -0.8110823631286621, 0.24814386665821075, -0.779863178730011, -0.5746634006500244], "cam_t_m2c": [155.73719787597656, 148.2953643798828, 555.4534301757812], "obj_id": 2}, {"cam_R_m2c": [-0.9211820363998413, -0.373518705368042, 0.1091209277510643, -0.29974693059921265, 0.5022919178009033, -0.8110823631286621, 0.24814386665821075, -0.779863178730011, -0.5746634006500244], "cam_t_m2c": [155.73719787597656, 148.2953643798828, 555.4534301757812], "obj_id": 1}, {"cam_R_m2c": [-0.9211820363998413, -0.373518705368042, 0.1091209277510643, -0.29974693059921265, 0.5022919178009033, -0.8110823631286621, 0.24814386665821075, -0.779863178730011, -0.5746634006500244], "cam_t_m2c": [155.73719787597656, 148.2953643798828, 555.4534301757812], "obj_id": 0}, {"cam_R_m2c": [-0.9211820363998413, -0.373518705368042, 0.1091209277510643, -0.29974693059921265, 0.5022919178009033, -0.8110823631286621, 0.24814386665821075, -0.779863178730011, -0.5746634006500244], "cam_t_m2c": [155.73719787597656, 148.2953643798828, 555.4534301757812], "obj_id": 2}, {"cam_R_m2c": [-0.9211820363998413, -0.373518705368042, 0.1091209277510643, -0.29974693059921265, 0.5022919178009033, -0.8110823631286621, 0.24814386665821075, -0.779863178730011, -0.5746634006500244], "cam_t_m2c": [155.73719787597656, 148.2953643798828, 555.4534301757812], "obj_id": 3}, {"cam_R_m2c": [-0.9211820363998413, -0.373518705368042, 0.1091209277510643, -0.29974693059921265, 0.5022919178009033, -0.8110823631286621, 0.24814386665821075, -0.779863178730011, -0.5746634006500244], "cam_t_m2c": [155.73719787597656, 148.2953643798828, 555.4534301757812], "obj_id": 3}, {"cam_R_m2c": [-0.9211820363998413, -0.373518705368042, 0.1091209277510643, -0.29974693059921265, 0.5022919178009033, -0.8110823631286621, 0.24814386665821075, -0.779863178730011, -0.5746634006500244], "cam_t_m2c": [155.73719787597656, 148.2953643798828, 555.4534301757812], "obj_id": 0}, {"cam_R_m2c": [-0.9211820363998413, -0.373518705368042, 0.1091209277510643, -0.29974693059921265, 0.5022919178009033, -0.8110823631286621, 0.24814386665821075, -0.779863178730011, -0.5746634006500244], "cam_t_m2c": [155.73719787597656, 148.2953643798828, 555.4534301757812], "obj_id": 0}, {"cam_R_m2c": [-0.9211820363998413, -0.373518705368042, 0.1091209277510643, -0.29974693059921265, 0.5022919178009033, -0.8110823631286621, 0.24814386665821075, -0.779863178730011, -0.5746634006500244], "cam_t_m2c": [155.73719787597656, 148.2953643798828, 555.4534301757812], "obj_id": 2}, {"cam_R_m2c": [-0.9211820363998413, -0.373518705368042, 0.1091209277510643, -0.29974693059921265, 0.5022919178009033, -0.8110823631286621, 0.24814386665821075, -0.779863178730011, -0.5746634006500244], "cam_t_m2c": [155.73719787597656, 148.2953643798828, 555.4534301757812], "obj_id": 3}, {"cam_R_m2c": [-0.9211820363998413, -0.373518705368042, 0.1091209277510643, -0.29974693059921265, 0.5022919178009033, -0.8110823631286621, 0.24814386665821075, -0.779863178730011, -0.5746634006500244], "cam_t_m2c": [155.73719787597656, 148.2953643798828, 555.4534301757812], "obj_id": 1}, {"cam_R_m2c": [-0.9211820363998413, -0.373518705368042, 0.1091209277510643, -0.29974693059921265, 0.5022919178009033, -0.8110823631286621, 0.24814386665821075, -0.779863178730011, -0.5746634006500244], "cam_t_m2c": [155.73719787597656, 148.2953643798828, 555.4534301757812], "obj_id": 1}, {"cam_R_m2c": [-0.9211820363998413, -0.373518705368042, 0.1091209277510643, -0.29974693059921265, 0.5022919178009033, -0.8110823631286621, 0.24814386665821075, -0.779863178730011, -0.5746634006500244], "cam_t_m2c": [155.73719787597656, 148.2953643798828, 555.4534301757812], "obj_id": 3}, {"cam_R_m2c": [-0.9211820363998413, -0.373518705368042, 0.1091209277510643, -0.29974693059921265, 0.5022919178009033, -0.8110823631286621, 0.24814386665821075, -0.779863178730011, -0.5746634006500244], "cam_t_m2c": [155.73719787597656, 148.2953643798828, 555.4534301757812], "obj_id": 2}, {"cam_R_m2c": [-0.9211820363998413, -0.373518705368042, 0.1091209277510643, -0.29974693059921265, 0.5022919178009033, -0.8110823631286621, 0.24814386665821075, -0.779863178730011, -0.5746634006500244], "cam_t_m2c": [155.73719787597656, 148.2953643798828, 555.4534301757812], "obj_id": 1}, {"cam_R_m2c": [-0.9211820363998413, -0.373518705368042, 0.1091209277510643, -0.29974693059921265, 0.5022919178009033, -0.8110823631286621, 0.24814386665821075, -0.779863178730011, -0.5746634006500244], "cam_t_m2c": [155.73719787597656, 148.2953643798828, 555.4534301757812], "obj_id": 0}, {"cam_R_m2c": [-0.9211820363998413, -0.373518705368042, 0.1091209277510643, -0.29974693059921265, 0.5022919178009033, -0.8110823631286621, 0.24814386665821075, -0.779863178730011, -0.5746634006500244], "cam_t_m2c": [155.73719787597656, 148.2953643798828, 555.4534301757812], "obj_id": 2}, {"cam_R_m2c": [-0.9211820363998413, -0.373518705368042, 0.1091209277510643, -0.29974693059921265, 0.5022919178009033, -0.8110823631286621, 0.24814386665821075, -0.779863178730011, -0.5746634006500244], "cam_t_m2c": [155.73719787597656, 148.2953643798828, 555.4534301757812], "obj_id": 2}, {"cam_R_m2c": [-0.9211820363998413, -0.373518705368042, 0.1091209277510643, -0.29974693059921265, 0.5022919178009033, -0.8110823631286621, 0.24814386665821075, -0.779863178730011, -0.5746634006500244], "cam_t_m2c": [155.73719787597656, 148.2953643798828, 555.4534301757812], "obj_id": 1}, {"cam_R_m2c": [-0.9211820363998413, -0.373518705368042, 0.1091209277510643, -0.29974693059921265, 0.5022919178009033, -0.8110823631286621, 0.24814386665821075, -0.779863178730011, -0.5746634006500244], "cam_t_m2c": [155.73719787597656, 148.2953643798828, 555.4534301757812], "obj_id": 0}, {"cam_R_m2c": [-0.9211820363998413, -0.373518705368042, 0.1091209277510643, -0.29974693059921265, 0.5022919178009033, -0.8110823631286621, 0.24814386665821075, -0.779863178730011, -0.5746634006500244], "cam_t_m2c": [155.73719787597656, 148.2953643798828, 555.4534301757812], "obj_id": 0}, {"cam_R_m2c": [-0.9211820363998413, -0.373518705368042, 0.1091209277510643, -0.29974693059921265, 0.5022919178009033, -0.8110823631286621, 0.24814386665821075, -0.779863178730011, -0.5746634006500244], "cam_t_m2c": [155.73719787597656, 148.2953643798828, 555.4534301757812], "obj_id": 2}, {"cam_R_m2c": [-0.9211820363998413, -0.373518705368042, 0.1091209277510643, -0.29974693059921265, 0.5022919178009033, -0.8110823631286621, 0.24814386665821075, -0.779863178730011, -0.5746634006500244], "cam_t_m2c": [155.73719787597656, 148.2953643798828, 555.4534301757812], "obj_id": 3}, {"cam_R_m2c": [-0.9211820363998413, -0.373518705368042, 0.1091209277510643, -0.29974693059921265, 0.5022919178009033, -0.8110823631286621, 0.24814386665821075, -0.779863178730011, -0.5746634006500244], "cam_t_m2c": [155.73719787597656, 148.2953643798828, 555.4534301757812], "obj_id": 0}, {"cam_R_m2c": [-0.9211820363998413, -0.373518705368042, 0.1091209277510643, -0.29974693059921265, 0.5022919178009033, -0.8110823631286621, 0.24814386665821075, -0.779863178730011, -0.5746634006500244], "cam_t_m2c": [155.73719787597656, 148.2953643798828, 555.4534301757812], "obj_id": 0}, {"cam_R_m2c": [-0.9211820363998413, -0.373518705368042, 0.1091209277510643, -0.29974693059921265, 0.5022919178009033, -0.8110823631286621, 0.24814386665821075, -0.779863178730011, -0.5746634006500244], "cam_t_m2c": [155.73719787597656, 148.2953643798828, 555.4534301757812], "obj_id": 3}, {"cam_R_m2c": [-0.9211820363998413, -0.373518705368042, 0.1091209277510643, -0.29974693059921265, 0.5022919178009033, -0.8110823631286621, 0.24814386665821075, -0.779863178730011, -0.5746634006500244], "cam_t_m2c": [155.73719787597656, 148.2953643798828, 555.4534301757812], "obj_id": 2}, {"cam_R_m2c": [-0.9211820363998413, -0.373518705368042, 0.1091209277510643, -0.29974693059921265, 0.5022919178009033, -0.8110823631286621, 0.24814386665821075, -0.779863178730011, -0.5746634006500244], "cam_t_m2c": [155.73719787597656, 148.2953643798828, 555.4534301757812], "obj_id": 3}, {"cam_R_m2c": [-0.9211820363998413, -0.373518705368042, 0.1091209277510643, -0.29974693059921265, 0.5022919178009033, -0.8110823631286621, 0.24814386665821075, -0.779863178730011, -0.5746634006500244], "cam_t_m2c": [155.73719787597656, 148.2953643798828, 555.4534301757812], "obj_id": 2}, {"cam_R_m2c": [-0.9211820363998413, -0.373518705368042, 0.1091209277510643, -0.29974693059921265, 0.5022919178009033, -0.8110823631286621, 0.24814386665821075, -0.779863178730011, -0.5746634006500244], "cam_t_m2c": [155.73719787597656, 148.2953643798828, 555.4534301757812], "obj_id": 1}, {"cam_R_m2c": [-0.9211820363998413, -0.373518705368042, 0.1091209277510643, -0.29974693059921265, 0.5022919178009033, -0.8110823631286621, 0.24814386665821075, -0.779863178730011, -0.5746634006500244], "cam_t_m2c": [155.73719787597656, 148.2953643798828, 555.4534301757812], "obj_id": 0}, {"cam_R_m2c": [-0.5184752345085144, 0.025212956592440605, -0.8547205924987793, -0.7065316438674927, -0.5756701827049255, 0.411602258682251, -0.4816596210002899, 0.8172929286956787, 0.31628483533859253], "cam_t_m2c": [-91.01970672607422, 162.79603576660156, 497.9841613769531], "obj_id": 1}, {"cam_R_m2c": [0.9899128675460815, -0.10348989069461823, 0.0967591181397438, 0.03611206263303757, -0.47608712315559387, -0.878656268119812, 0.13699781894683838, 0.8732873201370239, -0.46754753589630127], "cam_t_m2c": [-26.42401695251465, 17.587928771972656, 710.3648071289062], "obj_id": 3}, {"cam_R_m2c": [0.9279838800430298, 0.13157133758068085, 0.3486185669898987, 0.29032444953918457, 0.33116820454597473, -0.8977969288825989, -0.2335757315158844, 0.9343535900115967, 0.26912039518356323], "cam_t_m2c": [356.3157958984375, 103.50059509277344, 634.0396118164062], "obj_id": 3}],
  "1": [{"cam_R_m2c": [0.538882851600647, 0.837067723274231, -0.09446115791797638, 0.4371047019958496, -0.37371671199798584, -0.8180924654006958, -0.7201005220413208, 0.39956656098365784, -0.5672757625579834], "cam_t_m2c": [-14.150691032409668, 140.78009033203125, 599.573974609375], "obj_id": 3}, {"cam_R_m2c": [0.538882851600647, 0.837067723274231, -0.09446115791797638, 0.4371047019958496, -0.37371671199798584, -0.8180924654006958, -0.7201005220413208, 0.39956656098365784, -0.5672757625579834], "cam_t_m2c": [-14.150691032409668, 140.78009033203125, 599.573974609375], "obj_id": 2}, {"cam_R_m2c": [0.538882851600647, 0.837067723274231, -0.09446115791797638, 0.4371047019958496, -0.37371671199798584, -0.8180924654006958, -0.7201005220413208, 0.39956656098365784, -0.5672757625579834], "cam_t_m2c": [-14.150691032409668, 140.78009033203125, 599.573974609375], "obj_id": 2}, {"cam_R_m2c": [0.538882851600647, 0.837067723274231, -0.09446115791797638, 0.4371047019958496, -0.37371671199798584, -0.8180924654006958, -0.7201005220413208, 0.39956656098365784, -0.5672757625579834], "cam_t_m2c": [-14.150691032409668, 140.78009033203125, 599.573974609375], "obj_id": 2}, {"cam_R_m2c": [0.538882851600647, 0.837067723274231, -0.09446115791797638, 0.4371047019958496, -0.37371671199798584, -0.8180924654006958, -0.7201005220413208, 0.39956656098365784, -0.5672757625579834], "cam_t_m2c": [-14.150691032409668, 140.78009033203125, 599.573974609375], "obj_id": 3}, {"cam_R_m2c": [0.538882851600647, 0.837067723274231, -0.09446115791797638, 0.4371047019958496, -0.37371671199798584, -0.8180924654006958, -0.7201005220413208, 0.39956656098365784, -0.5672757625579834], "cam_t_m2c": [-14.150691032409668, 140.78009033203125, 599.573974609375], "obj_id": 3}, {"cam_R_m2c": [0.538882851600647, 0.837067723274231, -0.09446115791797638, 0.4371047019958496, -0.37371671199798584, -0.8180924654006958, -0.7201005220413208, 0.39956656098365784, -0.5672757625579834], "cam_t_m2c": [-14.150691032409668, 140.78009033203125, 599.573974609375], "obj_id": 3}, {"cam_R_m2c": [0.538882851600647, 0.837067723274231, -0.09446115791797638, 0.4371047019958496, -0.37371671199798584, -0.8180924654006958, -0.7201005220413208, 0.39956656098365784, -0.5672757625579834], "cam_t_m2c": [-14.150691032409668, 140.78009033203125, 599.573974609375], "obj_id": 1}, {"cam_R_m2c": [0.538882851600647, 0.837067723274231, -0.09446115791797638, 0.4371047019958496, -0.37371671199798584, -0.8180924654006958, -0.7201005220413208, 0.39956656098365784, -0.5672757625579834], "cam_t_m2c": [-14.150691032409668, 140.78009033203125, 599.573974609375], "obj_id": 2}, {"cam_R_m2c": [0.538882851600647, 0.837067723274231, -0.09446115791797638, 0.4371047019958496, -0.37371671199798584, -0.8180924654006958, -0.7201005220413208, 0.39956656098365784, -0.5672757625579834], "cam_t_m2c": [-14.150691032409668, 140.78009033203125, 599.573974609375], "obj_id": 0}, {"cam_R_m2c": [0.538882851600647, 0.837067723274231, -0.09446115791797638, 0.4371047019958496, -0.37371671199798584, -0.8180924654006958, -0.7201005220413208, 0.39956656098365784, -0.5672757625579834], "cam_t_m2c": [-14.150691032409668, 140.78009033203125, 599.573974609375], "obj_id": 0}, {"cam_R_m2c": [0.538882851600647, 0.837067723274231, -0.09446115791797638, 0.4371047019958496, -0.37371671199798584, -0.8180924654006958, -0.7201005220413208, 0.39956656098365784, -0.5672757625579834], "cam_t_m2c": [-14.150691032409668, 140.78009033203125, 599.573974609375], "obj_id": 0}, {"cam_R_m2c": [0.538882851600647, 0.837067723274231, -0.09446115791797638, 0.4371047019958496, -0.37371671199798584, -0.8180924654006958, -0.7201005220413208, 0.39956656098365784, -0.5672757625579834], "cam_t_m2c": [-14.150691032409668, 140.78009033203125, 599.573974609375], "obj_id": 2}, {"cam_R_m2c": [0.538882851600647, 0.837067723274231, -0.09446115791797638, 0.4371047019958496, -0.37371671199798584, -0.8180924654006958, -0.7201005220413208, 0.39956656098365784, -0.5672757625579834], "cam_t_m2c": [-14.150691032409668, 140.78009033203125, 599.573974609375], "obj_id": 0}, {"cam_R_m2c": [0.538882851600647, 0.837067723274231, -0.09446115791797638, 0.4371047019958496, -0.37371671199798584, -0.8180924654006958, -0.7201005220413208, 0.39956656098365784, -0.5672757625579834], "cam_t_m2c": [-14.150691032409668, 140.78009033203125, 599.573974609375], "obj_id": 1}, {"cam_R_m2c": [0.538882851600647, 0.837067723274231, -0.09446115791797638, 0.4371047019958496, -0.37371671199798584, -0.8180924654006958, -0.7201005220413208, 0.39956656098365784, -0.5672757625579834], "cam_t_m2c": [-14.150691032409668, 140.78009033203125, 599.573974609375], "obj_id": 3}, {"cam_R_m2c": [0.538882851600647, 0.837067723274231, -0.09446115791797638, 0.4371047019958496, -0.37371671199798584, -0.8180924654006958, -0.7201005220413208, 0.39956656098365784, -0.5672757625579834], "cam_t_m2c": [-14.150691032409668, 140.78009033203125, 599.573974609375], "obj_id": 0}, {"cam_R_m2c": [0.538882851600647, 0.837067723274231, -0.09446115791797638, 0.4371047019958496, -0.37371671199798584, -0.8180924654006958, -0.7201005220413208, 0.39956656098365784, -0.5672757625579834], "cam_t_m2c": [-14.150691032409668, 140.78009033203125, 599.573974609375], "obj_id": 0}, {"cam_R_m2c": [0.538882851600647, 0.837067723274231, -0.09446115791797638, 0.4371047019958496, -0.37371671199798584, -0.8180924654006958, -0.7201005220413208, 0.39956656098365784, -0.5672757625579834], "cam_t_m2c": [-14.150691032409668, 140.78009033203125, 599.573974609375], "obj_id": 2}, {"cam_R_m2c": [0.538882851600647, 0.837067723274231, -0.09446115791797638, 0.4371047019958496, -0.37371671199798584, -0.8180924654006958, -0.7201005220413208, 0.39956656098365784, -0.5672757625579834], "cam_t_m2c": [-14.150691032409668, 140.78009033203125, 599.573974609375], "obj_id": 2}, {"cam_R_m2c": [0.538882851600647, 0.837067723274231, -0.09446115791797638, 0.4371047019958496, -0.37371671199798584, -0.8180924654006958, -0.7201005220413208, 0.39956656098365784, -0.5672757625579834], "cam_t_m2c": [-14.150691032409668, 140.78009033203125, 599.573974609375], "obj_id": 3}, {"cam_R_m2c": [0.538882851600647, 0.837067723274231, -0.09446115791797638, 0.4371047019958496, -0.37371671199798584, -0.8180924654006958, -0.7201005220413208, 0.39956656098365784, -0.5672757625579834], "cam_t_m2c": [-14.150691032409668, 140.78009033203125, 599.573974609375], "obj_id": 0}, {"cam_R_m2c": [0.538882851600647, 0.837067723274231, -0.09446115791797638, 0.4371047019958496, -0.37371671199798584, -0.8180924654006958, -0.7201005220413208, 0.39956656098365784, -0.5672757625579834], "cam_t_m2c": [-14.150691032409668, 140.78009033203125, 599.573974609375], "obj_id": 3}, {"cam_R_m2c": [0.538882851600647, 0.837067723274231, -0.09446115791797638, 0.4371047019958496, -0.37371671199798584, -0.8180924654006958, -0.7201005220413208, 0.39956656098365784, -0.5672757625579834], "cam_t_m2c": [-14.150691032409668, 140.78009033203125, 599.573974609375], "obj_id": 0}, {"cam_R_m2c": [0.538882851600647, 0.837067723274231, -0.09446115791797638, 0.4371047019958496, -0.37371671199798584, -0.8180924654006958, -0.7201005220413208, 0.39956656098365784, -0.5672757625579834], "cam_t_m2c": [-14.150691032409668, 140.78009033203125, 599.573974609375], "obj_id": 3}, {"cam_R_m2c": [0.538882851600647, 0.837067723274231, -0.09446115791797638, 0.4371047019958496, -0.37371671199798584, -0.8180924654006958, -0.7201005220413208, 0.39956656098365784, -0.5672757625579834], "cam_t_m2c": [-14.150691032409668, 140.78009033203125, 599.573974609375], "obj_id": 3}, {"cam_R_m2c": [0.538882851600647, 0.837067723274231, -0.09446115791797638, 0.4371047019958496, -0.37371671199798584, -0.8180924654006958, -0.7201005220413208, 0.39956656098365784, -0.5672757625579834], "cam_t_m2c": [-14.150691032409668, 140.78009033203125, 599.573974609375], "obj_id": 3}, {"cam_R_m2c": [0.538882851600647, 0.837067723274231, -0.09446115791797638, 0.4371047019958496, -0.37371671199798584, -0.8180924654006958, -0.7201005220413208, 0.39956656098365784, -0.5672757625579834], "cam_t_m2c": [-14.150691032409668, 140.78009033203125, 599.573974609375], "obj_id": 2}, {"cam_R_m2c": [0.538882851600647, 0.837067723274231, -0.09446115791797638, 0.4371047019958496, -0.37371671199798584, -0.8180924654006958, -0.7201005220413208, 0.39956656098365784, -0.5672757625579834], "cam_t_m2c": [-14.150691032409668, 140.78009033203125, 599.573974609375], "obj_id": 2}, {"cam_R_m2c": [0.538882851600647, 0.837067723274231, -0.09446115791797638, 0.4371047019958496, -0.37371671199798584, -0.8180924654006958, -0.7201005220413208, 0.39956656098365784, -0.5672757625579834], "cam_t_m2c": [-14.150691032409668, 140.78009033203125, 599.573974609375], "obj_id": 0}, {"cam_R_m2c": [0.538882851600647, 0.837067723274231, -0.09446115791797638, 0.4371047019958496, -0.37371671199798584, -0.8180924654006958, -0.7201005220413208, 0.39956656098365784, -0.5672757625579834], "cam_t_m2c": [-14.150691032409668, 140.78009033203125, 599.573974609375], "obj_id": 0}, {"cam_R_m2c": [0.538882851600647, 0.837067723274231, -0.09446115791797638, 0.4371047019958496, -0.37371671199798584, -0.8180924654006958, -0.7201005220413208, 0.39956656098365784, -0.5672757625579834], "cam_t_m2c": [-14.150691032409668, 140.78009033203125, 599.573974609375], "obj_id": 3}, {"cam_R_m2c": [0.538882851600647, 0.837067723274231, -0.09446115791797638, 0.4371047019958496, -0.37371671199798584, -0.8180924654006958, -0.7201005220413208, 0.39956656098365784, -0.5672757625579834], "cam_t_m2c": [-14.150691032409668, 140.78009033203125, 599.573974609375], "obj_id": 2}, {"cam_R_m2c": [0.538882851600647, 0.837067723274231, -0.09446115791797638, 0.4371047019958496, -0.37371671199798584, -0.8180924654006958, -0.7201005220413208, 0.39956656098365784, -0.5672757625579834], "cam_t_m2c": [-14.150691032409668, 140.78009033203125, 599.573974609375], "obj_id": 1}, {"cam_R_m2c": [0.538882851600647, 0.837067723274231, -0.09446115791797638, 0.4371047019958496, -0.37371671199798584, -0.8180924654006958, -0.7201005220413208, 0.39956656098365784, -0.5672757625579834], "cam_t_m2c": [-14.150691032409668, 140.78009033203125, 599.573974609375], "obj_id": 1}, {"cam_R_m2c": [0.538882851600647, 0.837067723274231, -0.09446115791797638, 0.4371047019958496, -0.37371671199798584, -0.8180924654006958, -0.7201005220413208, 0.39956656098365784, -0.5672757625579834], "cam_t_m2c": [-14.150691032409668, 140.78009033203125, 599.573974609375], "obj_id": 0}, {"cam_R_m2c": [0.056641384959220886, 0.7163600325584412, -0.6954279541969299, 0.7856094837188721, 0.39787012338638306, 0.473832368850708, 0.6161245703697205, -0.5731733441352844, -0.5402433276176453], "cam_t_m2c": [-260.9244689941406, 188.5253448486328, 623.813232421875], "obj_id": 2}, {"cam_R_m2c": [-0.298861026763916, -0.7416725158691406, -0.6005028486251831, -0.8633201122283936, -0.05801176652312279, 0.5013110041618347, -0.40664494037628174, 0.6682486534118652, -0.6229632496833801], "cam_t_m2c": [90.97310638427734, 162.3195343017578, 598.9134521484375], "obj_id": 0}, {"cam_R_m2c": [-0.9125585556030273, 0.30205273628234863, -0.2756829261779785, -0.2192641943693161, 0.20764806866645813, 0.9533129334449768, 0.34519580006599426, 0.9304012656211853, -0.1232617199420929], "cam_t_m2c": [117.17034912109375, 129.33290100097656, 542.0543823242188], "obj_id": 3}, {"cam_R_m2c": [-0.26596900820732117, 0.8561486005783081, 0.44302383065223694, 0.3140697479248047, -0.3575405776500702, 0.8795027136802673, 0.9113839864730835, 0.37306079268455505, -0.173795685172081], "cam_t_m2c": [150.3891143798828, -3.280181407928467, 851.443603515625], "obj_id": 1}],
  "2": [{"cam_R_m2c": [0.538882851600647, 0.837067723274231, -0.09446115791797638, 0.4371047019958496, -0.37371671199798584, -0.8180924654006958, -0.7201005220413208, 0.39956656098365784, -0.5672757625579834], "cam_t_m2c": [-14.150691032409668, 140.78009033203125, 599.573974609375], "obj_id": 3}, {"cam_R_m2c": [0.538882851600647, 0.837067723274231, -0.09446115791797638, 0.4371047019958496, -0.37371671199798584, -0.8180924654006958, -0.7201005220413208, 0.39956656098365784, -0.5672757625579834], "cam_t_m2c": [-14.150691032409668, 140.78009033203125, 599.573974609375], "obj_id": 2}, {"cam_R_m2c": [0.538882851600647, 0.837067723274231, -0.09446115791797638, 0.4371047019958496, -0.37371671199798584, -0.8180924654006958, -0.7201005220413208, 0.39956656098365784, -0.5672757625579834], "cam_t_m2c": [-14.150691032409668, 140.78009033203125, 599.573974609375], "obj_id": 2}, {"cam_R_m2c": [0.538882851600647, 0.837067723274231, -0.09446115791797638, 0.4371047019958496, -0.37371671199798584, -0.8180924654006958, -0.7201005220413208, 0.39956656098365784, -0.5672757625579834], "cam_t_m2c": [-14.150691032409668, 140.78009033203125, 599.573974609375], "obj_id": 2}, {"cam_R_m2c": [0.538882851600647, 0.837067723274231, -0.09446115791797638, 0.4371047019958496, -0.37371671199798584, -0.8180924654006958, -0.7201005220413208, 0.39956656098365784, -0.5672757625579834], "cam_t_m2c": [-14.150691032409668, 140.78009033203125, 599.573974609375], "obj_id": 3}, {"cam_R_m2c": [0.538882851600647, 0.837067723274231, -0.09446115791797638, 0.4371047019958496, -0.37371671199798584, -0.8180924654006958, -0.7201005220413208, 0.39956656098365784, -0.5672757625579834], "cam_t_m2c": [-14.150691032409668, 140.78009033203125, 599.573974609375], "obj_id": 3}, {"cam_R_m2c": [0.538882851600647, 0.837067723274231, -0.09446115791797638, 0.4371047019958496, -0.37371671199798584, -0.8180924654006958, -0.7201005220413208, 0.39956656098365784, -0.5672757625579834], "cam_t_m2c": [-14.150691032409668, 140.78009033203125, 599.573974609375], "obj_id": 3}, {"cam_R_m2c": [0.538882851600647, 0.837067723274231, -0.09446115791797638, 0.4371047019958496, -0.37371671199798584, -0.8180924654006958, -0.7201005220413208, 0.39956656098365784, -0.5672757625579834], "cam_t_m2c": [-14.150691032409668, 140.78009033203125, 599.573974609375], "obj_id": 1}, {"cam_R_m2c": [0.538882851600647, 0.837067723274231, -0.09446115791797638, 0.4371047019958496, -0.37371671199798584, -0.8180924654006958, -0.7201005220413208, 0.39956656098365784, -0.5672757625579834], "cam_t_m2c": [-14.150691032409668, 140.78009033203125, 599.573974609375], "obj_id": 2}, {"cam_R_m2c": [0.538882851600647, 0.837067723274231, -0.09446115791797638, 0.4371047019958496, -0.37371671199798584, -0.8180924654006958, -0.7201005220413208, 0.39956656098365784, -0.5672757625579834], "cam_t_m2c": [-14.150691032409668, 140.78009033203125, 599.573974609375], "obj_id": 0}, {"cam_R_m2c": [0.538882851600647, 0.837067723274231, -0.09446115791797638, 0.4371047019958496, -0.37371671199798584, -0.8180924654006958, -0.7201005220413208, 0.39956656098365784, -0.5672757625579834], "cam_t_m2c": [-14.150691032409668, 140.78009033203125, 599.573974609375], "obj_id": 0}, {"cam_R_m2c": [0.538882851600647, 0.837067723274231, -0.09446115791797638, 0.4371047019958496, -0.37371671199798584, -0.8180924654006958, -0.7201005220413208, 0.39956656098365784, -0.5672757625579834], "cam_t_m2c": [-14.150691032409668, 140.78009033203125, 599.573974609375], "obj_id": 0}, {"cam_R_m2c": [0.538882851600647, 0.837067723274231, -0.09446115791797638, 0.4371047019958496, -0.37371671199798584, -0.8180924654006958, -0.7201005220413208, 0.39956656098365784, -0.5672757625579834], "cam_t_m2c": [-14.150691032409668, 140.78009033203125, 599.573974609375], "obj_id": 2}, {"cam_R_m2c": [0.538882851600647, 0.837067723274231, -0.09446115791797638, 0.4371047019958496, -0.37371671199798584, -0.8180924654006958, -0.7201005220413208, 0.39956656098365784, -0.5672757625579834], "cam_t_m2c": [-14.150691032409668, 140.78009033203125, 599.573974609375], "obj_id": 0}, {"cam_R_m2c": [0.538882851600647, 0.837067723274231, -0.09446115791797638, 0.4371047019958496, -0.37371671199798584, -0.8180924654006958, -0.7201005220413208, 0.39956656098365784, -0.5672757625579834], "cam_t_m2c": [-14.150691032409668, 140.78009033203125, 599.573974609375], "obj_id": 1}, {"cam_R_m2c": [0.538882851600647, 0.837067723274231, -0.09446115791797638, 0.4371047019958496, -0.37371671199798584, -0.8180924654006958, -0.7201005220413208, 0.39956656098365784, -0.5672757625579834], "cam_t_m2c": [-14.150691032409668, 140.78009033203125, 599.573974609375], "obj_id": 3}, {"cam_R_m2c": [0.538882851600647, 0.837067723274231, -0.09446115791797638, 0.4371047019958496, -0.37371671199798584, -0.8180924654006958, -0.7201005220413208, 0.39956656098365784, -0.5672757625579834], "cam_t_m2c": [-14.150691032409668, 140.78009033203125, 599.573974609375], "obj_id": 0}, {"cam_R_m2c": [0.538882851600647, 0.837067723274231, -0.09446115791797638, 0.4371047019958496, -0.37371671199798584, -0.8180924654006958, -0.7201005220413208, 0.39956656098365784, -0.5672757625579834], "cam_t_m2c": [-14.150691032409668, 140.78009033203125, 599.573974609375], "obj_id": 0}, {"cam_R_m2c": [0.538882851600647, 0.837067723274231, -0.09446115791797638, 0.4371047019958496, -0.37371671199798584, -0.8180924654006958, -0.7201005220413208, 0.39956656098365784, -0.5672757625579834], "cam_t_m2c": [-14.150691032409668, 140.78009033203125, 599.573974609375], "obj_id": 2}, {"cam_R_m2c": [0.538882851600647, 0.837067723274231, -0.09446115791797638, 0.4371047019958496, -0.37371671199798584, -0.8180924654006958, -0.7201005220413208, 0.39956656098365784, -0.5672757625579834], "cam_t_m2c": [-14.150691032409668, 140.78009033203125, 599.573974609375], "obj_id": 2}, {"cam_R_m2c": [0.538882851600647, 0.837067723274231, -0.09446115791797638, 0.4371047019958496, -0.37371671199798584, -0.8180924654006958, -0.7201005220413208, 0.39956656098365784, -0.5672757625579834], "cam_t_m2c": [-14.150691032409668, 140.78009033203125, 599.573974609375], "obj_id": 3}, {"cam_R_m2c": [0.538882851600647, 0.837067723274231, -0.09446115791797638, 0.4371047019958496, -0.37371671199798584, -0.8180924654006958, -0.7201005220413208, 0.39956656098365784, -0.5672757625579834], "cam_t_m2c": [-14.150691032409668, 140.78009033203125, 599.573974609375], "obj_id": 0}, {"cam_R_m2c": [0.538882851600647, 0.837067723274231, -0.09446115791797638, 0.4371047019958496, -0.37371671199798584, -0.8180924654006958, -0.7201005220413208, 0.39956656098365784, -0.5672757625579834], "cam_t_m2c": [-14.150691032409668, 140.78009033203125, 599.573974609375], "obj_id": 3}, {"cam_R_m2c": [0.538882851600647, 0.837067723274231, -0.09446115791797638, 0.4371047019958496, -0.37371671199798584, -0.8180924654006958, -0.7201005220413208, 0.39956656098365784, -0.5672757625579834], "cam_t_m2c": [-14.150691032409668, 140.78009033203125, 599.573974609375], "obj_id": 0}, {"cam_R_m2c": [0.538882851600647, 0.837067723274231, -0.09446115791797638, 0.4371047019958496, -0.37371671199798584, -0.8180924654006958, -0.7201005220413208, 0.39956656098365784, -0.5672757625579834], "cam_t_m2c": [-14.150691032409668, 140.78009033203125, 599.573974609375], "obj_id": 3}, {"cam_R_m2c": [0.538882851600647, 0.837067723274231, -0.09446115791797638, 0.4371047019958496, -0.37371671199798584, -0.8180924654006958, -0.7201005220413208, 0.39956656098365784, -0.5672757625579834], "cam_t_m2c": [-14.150691032409668, 140.78009033203125, 599.573974609375], "obj_id": 3}, {"cam_R_m2c": [0.538882851600647, 0.837067723274231, -0.09446115791797638, 0.4371047019958496, -0.37371671199798584, -0.8180924654006958, -0.7201005220413208, 0.39956656098365784, -0.5672757625579834], "cam_t_m2c": [-14.150691032409668, 140.78009033203125, 599.573974609375], "obj_id": 3}, {"cam_R_m2c": [0.538882851600647, 0.837067723274231, -0.09446115791797638, 0.4371047019958496, -0.37371671199798584, -0.8180924654006958, -0.7201005220413208, 0.39956656098365784, -0.5672757625579834], "cam_t_m2c": [-14.150691032409668, 140.78009033203125, 599.573974609375], "obj_id": 2}, {"cam_R_m2c": [0.538882851600647, 0.837067723274231, -0.09446115791797638, 0.4371047019958496, -0.37371671199798584, -0.8180924654006958, -0.7201005220413208, 0.39956656098365784, -0.5672757625579834], "cam_t_m2c": [-14.150691032409668, 140.78009033203125, 599.573974609375], "obj_id": 2}, {"cam_R_m2c": [0.538882851600647, 0.837067723274231, -0.09446115791797638, 0.4371047019958496, -0.37371671199798584, -0.8180924654006958, -0.7201005220413208, 0.39956656098365784, -0.5672757625579834], "cam_t_m2c": [-14.150691032409668, 140.78009033203125, 599.573974609375], "obj_id": 0}, {"cam_R_m2c": [0.538882851600647, 0.837067723274231, -0.09446115791797638, 0.4371047019958496, -0.37371671199798584, -0.8180924654006958, -0.7201005220413208, 0.39956656098365784, -0.5672757625579834], "cam_t_m2c": [-14.150691032409668, 140.78009033203125, 599.573974609375], "obj_id": 0}, {"cam_R_m2c": [0.538882851600647, 0.837067723274231, -0.09446115791797638, 0.4371047019958496, -0.37371671199798584, -0.8180924654006958, -0.7201005220413208, 0.39956656098365784, -0.5672757625579834], "cam_t_m2c": [-14.150691032409668, 140.78009033203125, 599.573974609375], "obj_id": 3}, {"cam_R_m2c": [0.538882851600647, 0.837067723274231, -0.09446115791797638, 0.4371047019958496, -0.37371671199798584, -0.8180924654006958, -0.7201005220413208, 0.39956656098365784, -0.5672757625579834], "cam_t_m2c": [-14.150691032409668, 140.78009033203125, 599.573974609375], "obj_id": 2}, {"cam_R_m2c": [0.538882851600647, 0.837067723274231, -0.09446115791797638, 0.4371047019958496, -0.37371671199798584, -0.8180924654006958, -0.7201005220413208, 0.39956656098365784, -0.5672757625579834], "cam_t_m2c": [-14.150691032409668, 140.78009033203125, 599.573974609375], "obj_id": 1}, {"cam_R_m2c": [0.538882851600647, 0.837067723274231, -0.09446115791797638, 0.4371047019958496, -0.37371671199798584, -0.8180924654006958, -0.7201005220413208, 0.39956656098365784, -0.5672757625579834], "cam_t_m2c": [-14.150691032409668, 140.78009033203125, 599.573974609375], "obj_id": 1}, {"cam_R_m2c": [0.538882851600647, 0.837067723274231, -0.09446115791797638, 0.4371047019958496, -0.37371671199798584, -0.8180924654006958, -0.7201005220413208, 0.39956656098365784, -0.5672757625579834], "cam_t_m2c": [-14.150691032409668, 140.78009033203125, 599.573974609375], "obj_id": 0}, {"cam_R_m2c": [0.056641384959220886, 0.7163600325584412, -0.6954279541969299, 0.7856094837188721, 0.39787012338638306, 0.473832368850708, 0.6161245703697205, -0.5731733441352844, -0.5402433276176453], "cam_t_m2c": [-260.9244689941406, 188.5253448486328, 623.813232421875], "obj_id": 2}, {"cam_R_m2c": [-0.298861026763916, -0.7416725158691406, -0.6005028486251831, -0.8633201122283936, -0.05801176652312279, 0.5013110041618347, -0.40664494037628174, 0.6682486534118652, -0.6229632496833801], "cam_t_m2c": [90.97310638427734, 162.3195343017578, 598.9134521484375], "obj_id": 0}, {"cam_R_m2c": [-0.9125585556030273, 0.30205273628234863, -0.2756829261779785, -0.2192641943693161, 0.20764806866645813, 0.9533129334449768, 0.34519580006599426, 0.9304012656211853, -0.1232617199420929], "cam_t_m2c": [117.17034912109375, 129.33290100097656, 542.0543823242188], "obj_id": 3}, {"cam_R_m2c": [-0.26596900820732117, 0.8561486005783081, 0.44302383065223694, 0.3140697479248047, -0.3575405776500702, 0.8795027136802673, 0.9113839864730835, 0.37306079268455505, -0.173795685172081], "cam_t_m2c": [150.3891143798828, -3.280181407928467, 851.443603515625], "obj_id": 1}],
