{
  "0": [{"cam_R_m2c": [0.9484003782272339, 0.0760265588760376, -0.3078257441520691, 0.24115979671478271, -0.8032662272453308, 0.544614851474762, -0.20586083829402924, -0.5907480716705322, -0.7801524996757507], "cam_t_m2c": [1.9175009727478027, -11.300591468811035, 874.4948120117188], "obj_id": 3}, {"cam_R_m2c": [0.20641827583312988, 0.9624392986297607, 0.1763579398393631, 0.6819636225700378, -0.2707611918449402, 0.6794218420982361, 0.7016531229019165, -0.019975386559963226, -0.7122386693954468], "cam_t_m2c": [83.15230560302734, -26.801401138305664, 830.041748046875], "obj_id": 0}, {"cam_R_m2c": [-0.04595820978283882, -0.9988142251968384, 0.01606801711022854, 0.9340773820877075, -0.04867011681199074, -0.3537384271621704, 0.3541009724140167, -0.0012483772588893771, 0.9352063536643982], "cam_t_m2c": [144.3398895263672, -7.9881157875061035, 911.4255981445312], "obj_id": 1}, {"cam_R_m2c": [-0.8669312000274658, 0.27539294958114624, 0.4154382646083832, 0.3180561363697052, 0.9474000334739685, 0.0356864333152771, -0.38375842571258545, 0.16307038068771362, -0.9089210033416748], "cam_t_m2c": [361.95947265625, -63.913368225097656, 916.7293090820312], "obj_id": 3}, {"cam_R_m2c": [-0.3158499002456665, 0.4058021008968353, -0.8576499819755554, -0.7879653573036194, -0.6157185435295105, -0.001143966568633914, -0.5285352468490601, 0.6754371523857117, 0.5142326354980469], "cam_t_m2c": [254.27952575683594, -251.66883850097656, 1116.706787109375], "obj_id": 1}, {"cam_R_m2c": [-0.4655722379684448, 0.6958163380622864, -0.5468841195106506, 0.8562273383140564, 0.5104517936706543, -0.07945919036865234, 0.2238689512014389, -0.5052511096000671, -0.8334291577339172], "cam_t_m2c": [81.04702758789062, -149.60675048828125, 980.4609985351562], "obj_id": 1}, {"cam_R_m2c": [-0.6526541113853455, -0.7560158371925354, 0.04982505366206169, 0.5925149917602539, -0.46830978989601135, 0.655447781085968, -0.4721953570842743, 0.45730283856391907, 0.7535951137542725], "cam_t_m2c": [90.50618743896484, -97.49937438964844, 1023.4948120117188], "obj_id": 1}, {"cam_R_m2c": [-0.9829006195068359, 0.17444446682929993, 0.05895395576953888, 0.0978306233882904, 0.7659587264060974, -0.635402500629425, -0.15599875152111053, -0.6187700033187866, -0.7699273228645325], "cam_t_m2c": [322.6961975097656, -277.4215393066406, 1164.670166015625], "obj_id": 3}, {"cam_R_m2c": [-0.03631081432104111, 0.9988626837730408, 0.030900951474905014, 0.7275779843330383, 0.005226662382483482, 0.6860051155090332, 0.685063362121582, 0.04739224538207054, -0.7269402742385864], "cam_t_m2c": [-13.357527732849121, 128.8784942626953, 754.1959228515625], "obj_id": 2}, {"cam_R_m2c": [-0.0363108329474926, 0.9964330196380615, -0.07617493718862534, 0.7275779247283936, 0.07861310243606567, 0.6815058588981628, 0.685063362121582, -0.030677134171128273, -0.7278372049331665], "cam_t_m2c": [-4.1912736892700195, -139.07020568847656, 1039.259033203125], "obj_id": 2}, {"cam_R_m2c": [-0.9477492570877075, -0.28620389103889465, 0.1409207433462143, -0.2424851655960083, 0.35925111174583435, -0.9011878371238708, 0.20729754865169525, -0.8882713317871094, -0.409880131483078], "cam_t_m2c": [114.43717193603516, -197.8766632080078, 1079.162841796875], "obj_id": 3}, {"cam_R_m2c": [0.06722288578748703, 0.9954589009284973, -0.06740030646324158, -0.4099513292312622, -0.0340299978852272, -0.9114724397659302, -0.9096269607543945, 0.08890272676944733, 0.4058019816875458], "cam_t_m2c": [342.670166015625, -324.0450134277344, 1141.2869873046875], "obj_id": 1}, {"cam_R_m2c": [-0.9849375486373901, 0.12522850930690765, -0.11922965943813324, 0.08990887552499771, -0.218083918094635, -0.9717797040939331, -0.1476965993642807, -0.9678621888160706, 0.20353993773460388], "cam_t_m2c": [22.59071922302246, -39.862823486328125, 910.6155395507812], "obj_id": 3}, {"cam_R_m2c": [0.1765345335006714, 0.8445047736167908, -0.505615770816803, 0.7960822582244873, 0.17959870398044586, 0.5779250860214233, 0.5788683891296387, -0.5045354962348938, -0.6405898928642273], "cam_t_m2c": [607.5840454101562, 12.516825675964355, 816.0801391601562], "obj_id": 0}, {"cam_R_m2c": [0.06029666215181351, 0.3857816457748413, -0.9206176996231079, 0.8629332184791565, 0.44342008233070374, 0.2423323094844818, 0.5017077922821045, -0.8090434074401855, -0.3061670660972595], "cam_t_m2c": [175.16212463378906, -177.624755859375, 995.1019287109375], "obj_id": 0}, {"cam_R_m2c": [-0.0833878293633461, -0.18125739693641663, 0.9798939824104309, 0.5389052033424377, -0.8353292346000671, -0.10865610092878342, 0.8382288217544556, 0.5190094113349915, 0.16733688116073608], "cam_t_m2c": [606.4797973632812, -112.6718521118164, 948.9793701171875], "obj_id": 0}, {"cam_R_m2c": [0.286815881729126, -0.5673585534095764, 0.7719073295593262, 0.46741166710853577, -0.6204648017883301, -0.6297221183776855, 0.8362194895744324, 0.5414128303527832, 0.08723079413175583], "cam_t_m2c": [-53.64595031738281, -121.1653060913086, 943.1192016601562], "obj_id": 1}, {"cam_R_m2c": [0.9862267374992371, -0.09803742170333862, -0.13321198523044586, -0.15944483876228333, -0.7776769995689392, -0.6081082820892334, -0.04397853463888168, 0.6209726333618164, -0.7825974822044373], "cam_t_m2c": [369.9015197753906, -319.268310546875, 1114.7490234375], "obj_id": 1}, {"cam_R_m2c": [0.5209380984306335, 0.6213068962097168, 0.5853214859962463, 0.8056107759475708, -0.5845277905464172, -0.0965317115187645, 0.2821609079837799, 0.5218283534049988, -0.8050342798233032], "cam_t_m2c": [155.97125244140625, 27.59981918334961, 776.5869750976562], "obj_id": 1}, {"cam_R_m2c": [0.24171477556228638, 0.4533469080924988, 0.8579338788986206, -0.29304298758506775, 0.8769734501838684, -0.3808456361293793, -0.9250404238700867, -0.15935549139976501, 0.3448275625705719], "cam_t_m2c": [56.489253997802734, -198.0271453857422, 1101.6976318359375], "obj_id": 0}, {"cam_R_m2c": [0.1702980250120163, -0.9314540028572083, -0.32154640555381775, 0.6976013779640198, 0.3444269895553589, -0.628269374370575, 0.6959533095359802, -0.11731813848018646, 0.7084388136863708], "cam_t_m2c": [403.83587646484375, -227.85890197753906, 1155.1844482421875], "obj_id": 2}, {"cam_R_m2c": [0.904127299785614, 0.11475662142038345, -0.41156384348869324, -0.18427392840385437, -0.7643306255340576, -0.6179335117340088, -0.3854827880859375, 0.6345310211181641, -0.6699054837226868], "cam_t_m2c": [-112.83432006835938, -180.5704345703125, 944.3253784179688], "obj_id": 1}, {"cam_R_m2c": [0.24399679899215698, 0.4568083882331848, 0.8554482460021973, -0.2936853766441345, 0.8754932284355164, -0.3837454319000244, -0.9242372512817383, -0.15759995579719543, 0.34777548909187317], "cam_t_m2c": [64.32062530517578, 128.2147979736328, 755.6245727539062], "obj_id": 0}, {"cam_R_m2c": [0.9578251838684082, 0.2155589461326599, 0.1900137960910797, 0.07150283455848694, -0.8192520141601562, 0.5689581036567688, 0.27831321954727173, -0.5313758850097656, -0.800113320350647], "cam_t_m2c": [227.04537963867188, -286.4077453613281, 1180.8802490234375], "obj_id": 3}, {"cam_R_m2c": [-0.8669670224189758, 0.4528388977050781, 0.20809899270534515, -0.050488490611314774, -0.495221883058548, 0.8672982454299927, 0.49580156803131104, 0.741412341594696, 0.452204167842865], "cam_t_m2c": [-12.658482551574707, -90.25167846679688, 1010.3250732421875], "obj_id": 1}],
  "1": [{"cam_R_m2c": [0.9484003782272339, 0.0760265588760376, -0.3078257441520691, 0.24115979671478271, -0.8032662272453308, 0.544614851474762, -0.20586083829402924, -0.5907480716705322, -0.7801524996757507], "cam_t_m2c": [1.9175009727478027, -11.300591468811035, 874.4948120117188], "obj_id": 3}, {"cam_R_m2c": [0.20641827583312988, 0.9624392986297607, 0.1763579398393631, 0.6819636225700378, -0.2707611918449402, 0.6794218420982361, 0.7016531229019165, -0.019975386559963226, -0.7122386693954468], "cam_t_m2c": [83.15230560302734, -26.801401138305664, 830.041748046875], "obj_id": 0}, {"cam_R_m2c": [-0.04595820978283882, -0.9988142251968384, 0.01606801711022854, 0.9340773820877075, -0.04867011681199074, -0.3537384271621704, 0.3541009724140167, -0.0012483772588893771, 0.9352063536643982], "cam_t_m2c": [144.3398895263672, -7.9881157875061035, 911.4255981445312], "obj_id": 1}, {"cam_R_m2c": [-0.8669312000274658, 0.27539294958114624, 0.4154382646083832, 0.3180561363697052, 0.9474000334739685, 0.0356864333152771, -0.38375842571258545, 0.16307038068771362, -0.9089210033416748], "cam_t_m2c": [361.95947265625, -63.913368225097656, 916.7293090820312], "obj_id": 3}, {"cam_R_m2c": [-0.3158499002456665, 0.4058021008968353, -0.8576499819755554, -0.7879653573036194, -0.6157185435295105, -0.001143966568633914, -0.5285352468490601, 0.6754371523857117, 0.5142326354980469], "cam_t_m2c": [254.27952575683594, -251.66883850097656, 1116.706787109375], "obj_id": 1}, {"cam_R_m2c": [-0.4655722379684448, 0.6958163380622864, -0.5468841195106506, 0.8562273383140564, 0.5104517936706543, -0.07945919036865234, 0.2238689512014389, -0.5052511096000671, -0.8334291577339172], "cam_t_m2c": [81.04702758789062, -149.60675048828125, 980.4609985351562], "obj_id": 1}, {"cam_R_m2c": [-0.6526541113853455, -0.7560158371925354, 0.04982505366206169, 0.5925149917602539, -0.46830978989601135, 0.655447781085968, -0.4721953570842743, 0.45730283856391907, 0.7535951137542725], "cam_t_m2c": [90.50618743896484, -97.49937438964844, 1023.4948120117188], "obj_id": 1}, {"cam_R_m2c": [-0.9829006195068359, 0.17444446682929993, 0.05895395576953888, 0.0978306233882904, 0.7659587264060974, -0.635402500629425, -0.15599875152111053, -0.6187700033187866, -0.7699273228645325], "cam_t_m2c": [322.6961975097656, -277.4215393066406, 1164.670166015625], "obj_id": 3}, {"cam_R_m2c": [-0.03631081432104111, 0.9988626837730408, 0.030900951474905014, 0.7275779843330383, 0.005226662382483482, 0.6860051155090332, 0.685063362121582, 0.04739224538207054, -0.7269402742385864], "cam_t_m2c": [-13.357527732849121, 128.8784942626953, 754.1959228515625], "obj_id": 2}, {"cam_R_m2c": [-0.0363108329474926, 0.9964330196380615, -0.07617493718862534, 0.7275779247283936, 0.07861310243606567, 0.6815058588981628, 0.685063362121582, -0.030677134171128273, -0.7278372049331665], "cam_t_m2c": [-4.1912736892700195, -139.07020568847656, 1039.259033203125], "obj_id": 2}, {"cam_R_m2c": [-0.9477492570877075, -0.28620389103889465, 0.1409207433462143, -0.2424851655960083, 0.35925111174583435, -0.9011878371238708, 0.20729754865169525, -0.8882713317871094, -0.409880131483078], "cam_t_m2c": [114.43717193603516, -197.8766632080078, 1079.162841796875], "obj_id": 3}, {"cam_R_m2c": [0.06722288578748703, 0.9954589009284973, -0.06740030646324158, -0.4099513292312622, -0.0340299978852272, -0.9114724397659302, -0.9096269607543945, 0.08890272676944733, 0.4058019816875458], "cam_t_m2c": [342.670166015625, -324.0450134277344, 1141.2869873046875], "obj_id": 1}, {"cam_R_m2c": [-0.9849375486373901, 0.12522850930690765, -0.11922965943813324, 0.08990887552499771, -0.218083918094635, -0.9717797040939331, -0.1476965993642807, -0.9678621888160706, 0.20353993773460388], "cam_t_m2c": [22.59071922302246, -39.862823486328125, 910.6155395507812], "obj_id": 3}, {"cam_R_m2c": [0.1765345335006714, 0.8445047736167908, -0.505615770816803, 0.7960822582244873, 0.17959870398044586, 0.5779250860214233, 0.5788683891296387, -0.5045354962348938, -0.6405898928642273], "cam_t_m2c": [607.5840454101562, 12.516825675964355, 816.0801391601562], "obj_id": 0}, {"cam_R_m2c": [0.06029666215181351, 0.3857816457748413, -0.9206176996231079, 0.8629332184791565, 0.44342008233070374, 0.2423323094844818, 0.5017077922821045, -0.8090434074401855, -0.3061670660972595], "cam_t_m2c": [175.16212463378906, -177.624755859375, 995.1019287109375], "obj_id": 0}, {"cam_R_m2c": [-0.0833878293633461, -0.18125739693641663, 0.9798939824104309, 0.5389052033424377, -0.8353292346000671, -0.10865610092878342, 0.8382288217544556, 0.5190094113349915, 0.16733688116073608], "cam_t_m2c": [606.4797973632812, -112.6718521118164, 948.9793701171875], "obj_id": 0}, {"cam_R_m2c": [0.286815881729126, -0.5673585534095764, 0.7719073295593262, 0.46741166710853577, -0.6204648017883301, -0.6297221183776855, 0.8362194895744324, 0.5414128303527832, 0.08723079413175583], "cam_t_m2c": [-53.64595031738281, -121.1653060913086, 943.1192016601562], "obj_id": 1}, {"cam_R_m2c": [0.9862267374992371, -0.09803742170333862, -0.13321198523044586, -0.15944483876228333, -0.7776769995689392, -0.6081082820892334, -0.04397853463888168, 0.6209726333618164, -0.7825974822044373], "cam_t_m2c": [369.9015197753906, -319.268310546875, 1114.7490234375], "obj_id": 1}, {"cam_R_m2c": [0.5209380984306335, 0.6213068962097168, 0.5853214859962463, 0.8056107759475708, -0.5845277905464172, -0.0965317115187645, 0.2821609079837799, 0.5218283534049988, -0.8050342798233032], "cam_t_m2c": [155.97125244140625, 27.59981918334961, 776.5869750976562], "obj_id": 1}, {"cam_R_m2c": [0.24171477556228638, 0.4533469080924988, 0.8579338788986206, -0.29304298758506775, 0.8769734501838684, -0.3808456361293793, -0.9250404238700867, -0.15935549139976501, 0.3448275625705719], "cam_t_m2c": [56.489253997802734, -198.0271453857422, 1101.6976318359375], "obj_id": 0}, {"cam_R_m2c": [0.1702980250120163, -0.9314540028572083, -0.32154640555381775, 0.6976013779640198, 0.3444269895553589, -0.628269374370575, 0.6959533095359802, -0.11731813848018646, 0.7084388136863708], "cam_t_m2c": [403.83587646484375, -227.85890197753906, 1155.1844482421875], "obj_id": 2}, {"cam_R_m2c": [0.904127299785614, 0.11475662142038345, -0.41156384348869324, -0.18427392840385437, -0.7643306255340576, -0.6179335117340088, -0.3854827880859375, 0.6345310211181641, -0.6699054837226868], "cam_t_m2c": [-112.83432006835938, -180.5704345703125, 944.3253784179688], "obj_id": 1}, {"cam_R_m2c": [0.24399679899215698, 0.4568083882331848, 0.8554482460021973, -0.2936853766441345, 0.8754932284355164, -0.3837454319000244, -0.9242372512817383, -0.15759995579719543, 0.34777548909187317], "cam_t_m2c": [64.32062530517578, 128.2147979736328, 755.6245727539062], "obj_id": 0}, {"cam_R_m2c": [0.9578251838684082, 0.2155589461326599, 0.1900137960910797, 0.07150283455848694, -0.8192520141601562, 0.5689581036567688, 0.27831321954727173, -0.5313758850097656, -0.800113320350647], "cam_t_m2c": [227.04537963867188, -286.4077453613281, 1180.8802490234375], "obj_id": 3}, {"cam_R_m2c": [-0.8669670224189758, 0.4528388977050781, 0.20809899270534515, -0.050488490611314774, -0.495221883058548, 0.8672982454299927, 0.49580156803131104, 0.741412341594696, 0.452204167842865], "cam_t_m2c": [-12.658482551574707, -90.25167846679688, 1010.3250732421875], "obj_id": 1}]
}