{
  "0": [{"cam_R_m2c": [-0.48408079147338867, -0.5473366975784302, -0.6827066540718079, 0.17368844151496887, 0.704586386680603, -0.6880336999893188, 0.857611894607544, -0.45164215564727783, -0.2460106611251831], "cam_t_m2c": [-67.7464828491211, 132.2869415283203, 123.05277252197266], "obj_id": 1}, {"cam_R_m2c": [-0.48408079147338867, -0.5473366975784302, -0.6827066540718079, 0.17368844151496887, 0.704586386680603, -0.6880336999893188, 0.857611894607544, -0.45164215564727783, -0.2460106611251831], "cam_t_m2c": [-67.7464828491211, 132.2869415283203, 123.05277252197266], "obj_id": 2}, {"cam_R_m2c": [-0.48408079147338867, -0.5473366975784302, -0.6827066540718079, 0.17368844151496887, 0.704586386680603, -0.6880336999893188, 0.857611894607544, -0.45164215564727783, -0.2460106611251831], "cam_t_m2c": [-67.7464828491211, 132.2869415283203, 123.05277252197266], "obj_id": 3}, {"cam_R_m2c": [-0.48408079147338867, -0.5473366975784302, -0.6827066540718079, 0.17368844151496887, 0.704586386680603, -0.6880336999893188, 0.857611894607544, -0.45164215564727783, -0.2460106611251831], "cam_t_m2c": [-67.7464828491211, 132.2869415283203, 123.05277252197266], "obj_id": 1}, {"cam_R_m2c": [-0.48408079147338867, -0.5473366975784302, -0.6827066540718079, 0.17368844151496887, 0.704586386680603, -0.6880336999893188, 0.857611894607544, -0.45164215564727783, -0.2460106611251831], "cam_t_m2c": [-67.7464828491211, 132.2869415283203, 123.05277252197266], "obj_id": 3}, {"cam_R_m2c": [-0.48408079147338867, -0.5473366975784302, -0.6827066540718079, 0.17368844151496887, 0.704586386680603, -0.6880336999893188, 0.857611894607544, -0.45164215564727783, -0.2460106611251831], "cam_t_m2c": [-67.7464828491211, 132.2869415283203, 123.05277252197266], "obj_id": 3}, {"cam_R_m2c": [-0.48408079147338867, -0.5473366975784302, -0.6827066540718079, 0.17368844151496887, 0.704586386680603, -0.6880336999893188, 0.857611894607544, -0.45164215564727783, -0.2460106611251831], "cam_t_m2c": [-67.7464828491211, 132.2869415283203, 123.05277252197266], "obj_id": 1}, {"cam_R_m2c": [-0.48408079147338867, -0.5473366975784302, -0.6827066540718079, 0.17368844151496887, 0.704586386680603, -0.6880336999893188, 0.857611894607544, -0.45164215564727783, -0.2460106611251831], "cam_t_m2c": [-67.7464828491211, 132.2869415283203, 123.05277252197266], "obj_id": 3}, {"cam_R_m2c": [-0.48408079147338867, -0.5473366975784302, -0.6827066540718079, 0.17368844151496887, 0.704586386680603, -0.6880336999893188, 0.857611894607544, -0.45164215564727783, -0.2460106611251831], "cam_t_m2c": [-67.7464828491211, 132.2869415283203, 123.05277252197266], "obj_id": 3}, {"cam_R_m2c": [-0.48408079147338867, -0.5473366975784302, -0.6827066540718079, 0.17368844151496887, 0.704586386680603, -0.6880336999893188, 0.857611894607544, -0.45164215564727783, -0.2460106611251831], "cam_t_m2c": [-67.7464828491211, 132.2869415283203, 123.05277252197266], "obj_id": 3}, {"cam_R_m2c": [-0.48408079147338867, -0.5473366975784302, -0.6827066540718079, 0.17368844151496887, 0.704586386680603, -0.6880336999893188, 0.857611894607544, -0.45164215564727783, -0.2460106611251831], "cam_t_m2c": [-67.7464828491211, 132.2869415283203, 123.05277252197266], "obj_id": 1}, {"cam_R_m2c": [-0.48408079147338867, -0.5473366975784302, -0.6827066540718079, 0.17368844151496887, 0.704586386680603, -0.6880336999893188, 0.857611894607544, -0.45164215564727783, -0.2460106611251831], "cam_t_m2c": [-67.7464828491211, 132.2869415283203, 123.05277252197266], "obj_id": 2}, {"cam_R_m2c": [-0.48408079147338867, -0.5473366975784302, -0.6827066540718079, 0.17368844151496887, 0.704586386680603, -0.6880336999893188, 0.857611894607544, -0.45164215564727783, -0.2460106611251831], "cam_t_m2c": [-67.7464828491211, 132.2869415283203, 123.05277252197266], "obj_id": 1}, {"cam_R_m2c": [-0.48408079147338867, -0.5473366975784302, -0.6827066540718079, 0.17368844151496887, 0.704586386680603, -0.6880336999893188, 0.857611894607544, -0.45164215564727783, -0.2460106611251831], "cam_t_m2c": [-67.7464828491211, 132.2869415283203, 123.05277252197266], "obj_id": 2}, {"cam_R_m2c": [-0.48408079147338867, -0.5473366975784302, -0.6827066540718079, 0.17368844151496887, 0.704586386680603, -0.6880336999893188, 0.857611894607544, -0.45164215564727783, -0.2460106611251831], "cam_t_m2c": [-67.7464828491211, 132.2869415283203, 123.05277252197266], "obj_id": 3}, {"cam_R_m2c": [-0.48408079147338867, -0.5473366975784302, -0.6827066540718079, 0.17368844151496887, 0.704586386680603, -0.6880336999893188, 0.857611894607544, -0.45164215564727783, -0.2460106611251831], "cam_t_m2c": [-67.7464828491211, 132.2869415283203, 123.05277252197266], "obj_id": 1}, {"cam_R_m2c": [-0.48408079147338867, -0.5473366975784302, -0.6827066540718079, 0.17368844151496887, 0.704586386680603, -0.6880336999893188, 0.857611894607544, -0.45164215564727783, -0.2460106611251831], "cam_t_m2c": [-67.7464828491211, 132.2869415283203, 123.05277252197266], "obj_id": 1}, {"cam_R_m2c": [-0.48408079147338867, -0.5473366975784302, -0.6827066540718079, 0.17368844151496887, 0.704586386680603, -0.6880336999893188, 0.857611894607544, -0.45164215564727783, -0.2460106611251831], "cam_t_m2c": [-67.7464828491211, 132.2869415283203, 123.05277252197266], "obj_id": 1}, {"cam_R_m2c": [-0.48408079147338867, -0.5473366975784302, -0.6827066540718079, 0.17368844151496887, 0.704586386680603, -0.6880336999893188, 0.857611894607544, -0.45164215564727783, -0.2460106611251831], "cam_t_m2c": [-67.7464828491211, 132.2869415283203, 123.05277252197266], "obj_id": 1}, {"cam_R_m2c": [-0.48408079147338867, -0.5473366975784302, -0.6827066540718079, 0.17368844151496887, 0.704586386680603, -0.6880336999893188, 0.857611894607544, -0.45164215564727783, -0.2460106611251831], "cam_t_m2c": [-67.7464828491211, 132.2869415283203, 123.05277252197266], "obj_id": 2}, {"cam_R_m2c": [-0.48408079147338867, -0.5473366975784302, -0.6827066540718079, 0.17368844151496887, 0.704586386680603, -0.6880336999893188, 0.857611894607544, -0.45164215564727783, -0.2460106611251831], "cam_t_m2c": [-67.7464828491211, 132.2869415283203, 123.05277252197266], "obj_id": 1}, {"cam_R_m2c": [-0.48408079147338867, -0.5473366975784302, -0.6827066540718079, 0.17368844151496887, 0.704586386680603, -0.6880336999893188, 0.857611894607544, -0.45164215564727783, -0.2460106611251831], "cam_t_m2c": [-67.7464828491211, 132.2869415283203, 123.05277252197266], "obj_id": 2}, {"cam_R_m2c": [-0.48408079147338867, -0.5473366975784302, -0.6827066540718079, 0.17368844151496887, 0.704586386680603, -0.6880336999893188, 0.857611894607544, -0.45164215564727783, -0.2460106611251831], "cam_t_m2c": [-67.7464828491211, 132.2869415283203, 123.05277252197266], "obj_id": 3}, {"cam_R_m2c": [-0.48408079147338867, -0.5473366975784302, -0.6827066540718079, 0.17368844151496887, 0.704586386680603, -0.6880336999893188, 0.857611894607544, -0.45164215564727783, -0.2460106611251831], "cam_t_m2c": [-67.7464828491211, 132.2869415283203, 123.05277252197266], "obj_id": 1}, {"cam_R_m2c": [-0.2240752875804901, -0.771429181098938, -0.5955561995506287, 0.47829669713974, 0.44539034366607666, -0.7568749785423279, 0.8491304516792297, -0.4544495642185211, 0.2691710591316223], "cam_t_m2c": [5249.240234375, 5736.20849609375, 2055.564208984375], "obj_id": 0}, {"cam_R_m2c": [0.6853796243667603, 0.6547733545303345, -0.3186323940753937, 0.14469070732593536, 0.3063896596431732, 0.9408453106880188, 0.7136661410331726, -0.6909393668174744, 0.11525360494852066], "cam_t_m2c": [-31.501680374145508, 135.36383056640625, -87.00359344482422], "obj_id": 3}, {"cam_R_m2c": [-0.14320683479309082, 0.7943357825279236, 0.5903580188751221, -0.6816790699958801, 0.3532828092575073, -0.6407065987586975, -0.7174995541572571, -0.49418821930885315, 0.4908894896507263], "cam_t_m2c": [-112.6334457397461, 93.56729888916016, 235.6285400390625], "obj_id": 3}, {"cam_R_m2c": [-0.7570297718048096, -0.528201162815094, 0.38458961248397827, -0.6264603734016418, 0.41956183314323425, -0.6568981409072876, 0.18561528623104095, -0.7382217049598694, -0.6485177874565125], "cam_t_m2c": [33.852882385253906, 1.5736967325210571, 89.62515258789062], "obj_id": 1}, {"cam_R_m2c": [-0.16134996712207794, -0.03498876839876175, 0.9862766861915588, 0.9413571953773499, -0.3055337071418762, 0.14316247403621674, 0.29633182287216187, 0.9515380859375, 0.0822349414229393], "cam_t_m2c": [-190.1452178955078, 264.9320983886719, 196.96343994140625], "obj_id": 1}, {"cam_R_m2c": [0.7010244131088257, -0.6181190609931946, 0.3556593656539917, 0.4898807108402252, 0.054965343326330185, -0.8700550198554993, 0.5182486772537231, 0.7841604351997375, 0.3413366675376892], "cam_t_m2c": [5282.63134765625, 5641.68017578125, 2208.18017578125], "obj_id": 0}, {"cam_R_m2c": [0.7046688199043274, 0.02035120688378811, 0.709244430065155, -0.2581072449684143, -0.923753559589386, 0.28294846415519714, 0.6609254479408264, -0.3824460804462433, -0.645687460899353], "cam_t_m2c": [99.2552719116211, -48.89517593383789, 22.782142639160156], "obj_id": 0}, {"cam_R_m2c": [-0.05118843913078308, 0.7566993236541748, 0.651756227016449, -0.8311060667037964, 0.32958337664604187, -0.44792595505714417, -0.5537532567977905, -0.5646070241928101, 0.6120263934135437], "cam_t_m2c": [-21.486684799194336, 19.818431854248047, 194.8185272216797], "obj_id": 3}],
  "1": [{"cam_R_m2c": [-0.9803116917610168, -0.12370418012142181, -0.15390273928642273, -0.042787112295627594, 0.89399254322052, -0.44603431224823, 0.19276420772075653, -0.4306676387786865, -0.8816842436790466], "cam_t_m2c": [171.14776611328125, 37.095149993896484, 138.47267150878906], "obj_id": 0}, {"cam_R_m2c": [-0.9803116917610168, -0.12370418012142181, -0.15390273928642273, -0.042787112295627594, 0.89399254322052, -0.44603431224823, 0.19276420772075653, -0.4306676387786865, -0.8816842436790466], "cam_t_m2c": [171.14776611328125, 37.095149993896484, 138.47267150878906], "obj_id": 1}, {"cam_R_m2c": [-0.9803116917610168, -0.12370418012142181, -0.15390273928642273, -0.042787112295627594, 0.89399254322052, -0.44603431224823, 0.19276420772075653, -0.4306676387786865, -0.8816842436790466], "cam_t_m2c": [171.14776611328125, 37.095149993896484, 138.47267150878906], "obj_id": 0}, {"cam_R_m2c": [-0.9803116917610168, -0.12370418012142181, -0.15390273928642273, -0.042787112295627594, 0.89399254322052, -0.44603431224823, 0.19276420772075653, -0.4306676387786865, -0.8816842436790466], "cam_t_m2c": [171.14776611328125, 37.095149993896484, 138.47267150878906], "obj_id": 0}, {"cam_R_m2c": [-0.9803116917610168, -0.12370418012142181, -0.15390273928642273, -0.042787112295627594, 0.89399254322052, -0.44603431224823, 0.19276420772075653, -0.4306676387786865, -0.8816842436790466], "cam_t_m2c": [171.14776611328125, 37.095149993896484, 138.47267150878906], "obj_id": 3}, {"cam_R_m2c": [-0.9803116917610168, -0.12370418012142181, -0.15390273928642273, -0.042787112295627594, 0.89399254322052, -0.44603431224823, 0.19276420772075653, -0.4306676387786865, -0.8816842436790466], "cam_t_m2c": [171.14776611328125, 37.095149993896484, 138.47267150878906], "obj_id": 1}, {"cam_R_m2c": [-0.9803116917610168, -0.12370418012142181, -0.15390273928642273, -0.042787112295627594, 0.89399254322052, -0.44603431224823, 0.19276420772075653, -0.4306676387786865, -0.8816842436790466], "cam_t_m2c": [171.14776611328125, 37.095149993896484, 138.47267150878906], "obj_id": 1}, {"cam_R_m2c": [-0.9803116917610168, -0.12370418012142181, -0.15390273928642273, -0.042787112295627594, 0.89399254322052, -0.44603431224823, 0.19276420772075653, -0.4306676387786865, -0.8816842436790466], "cam_t_m2c": [171.14776611328125, 37.095149993896484, 138.47267150878906], "obj_id": 3}, {"cam_R_m2c": [-0.9803116917610168, -0.12370418012142181, -0.15390273928642273, -0.042787112295627594, 0.89399254322052, -0.44603431224823, 0.19276420772075653, -0.4306676387786865, -0.8816842436790466], "cam_t_m2c": [171.14776611328125, 37.095149993896484, 138.47267150878906], "obj_id": 2}, {"cam_R_m2c": [-0.9803116917610168, -0.12370418012142181, -0.15390273928642273, -0.042787112295627594, 0.89399254322052, -0.44603431224823, 0.19276420772075653, -0.4306676387786865, -0.8816842436790466], "cam_t_m2c": [171.14776611328125, 37.095149993896484, 138.47267150878906], "obj_id": 2}, {"cam_R_m2c": [-0.9803116917610168, -0.12370418012142181, -0.15390273928642273, -0.042787112295627594, 0.89399254322052, -0.44603431224823, 0.19276420772075653, -0.4306676387786865, -0.8816842436790466], "cam_t_m2c": [171.14776611328125, 37.095149993896484, 138.47267150878906], "obj_id": 0}, {"cam_R_m2c": [-0.9803116917610168, -0.12370418012142181, -0.15390273928642273, -0.042787112295627594, 0.89399254322052, -0.44603431224823, 0.19276420772075653, -0.4306676387786865, -0.8816842436790466], "cam_t_m2c": [171.14776611328125, 37.095149993896484, 138.47267150878906], "obj_id": 2}, {"cam_R_m2c": [-0.9803116917610168, -0.12370418012142181, -0.15390273928642273, -0.042787112295627594, 0.89399254322052, -0.44603431224823, 0.19276420772075653, -0.4306676387786865, -0.8816842436790466], "cam_t_m2c": [171.14776611328125, 37.095149993896484, 138.47267150878906], "obj_id": 2}, {"cam_R_m2c": [-0.9803116917610168, -0.12370418012142181, -0.15390273928642273, -0.042787112295627594, 0.89399254322052, -0.44603431224823, 0.19276420772075653, -0.4306676387786865, -0.8816842436790466], "cam_t_m2c": [171.14776611328125, 37.095149993896484, 138.47267150878906], "obj_id": 2}, {"cam_R_m2c": [-0.9803116917610168, -0.12370418012142181, -0.15390273928642273, -0.042787112295627594, 0.89399254322052, -0.44603431224823, 0.19276420772075653, -0.4306676387786865, -0.8816842436790466], "cam_t_m2c": [171.14776611328125, 37.095149993896484, 138.47267150878906], "obj_id": 3}, {"cam_R_m2c": [-0.9803116917610168, -0.12370418012142181, -0.15390273928642273, -0.042787112295627594, 0.89399254322052, -0.44603431224823, 0.19276420772075653, -0.4306676387786865, -0.8816842436790466], "cam_t_m2c": [171.14776611328125, 37.095149993896484, 138.47267150878906], "obj_id": 2}, {"cam_R_m2c": [-0.9803116917610168, -0.12370418012142181, -0.15390273928642273, -0.042787112295627594, 0.89399254322052, -0.44603431224823, 0.19276420772075653, -0.4306676387786865, -0.8816842436790466], "cam_t_m2c": [171.14776611328125, 37.095149993896484, 138.47267150878906], "obj_id": 2}, {"cam_R_m2c": [-0.9803116917610168, -0.12370418012142181, -0.15390273928642273, -0.042787112295627594, 0.89399254322052, -0.44603431224823, 0.19276420772075653, -0.4306676387786865, -0.8816842436790466], "cam_t_m2c": [171.14776611328125, 37.095149993896484, 138.47267150878906], "obj_id": 0}, {"cam_R_m2c": [-0.9803116917610168, -0.12370418012142181, -0.15390273928642273, -0.042787112295627594, 0.89399254322052, -0.44603431224823, 0.19276420772075653, -0.4306676387786865, -0.8816842436790466], "cam_t_m2c": [171.14776611328125, 37.095149993896484, 138.47267150878906], "obj_id": 0}, {"cam_R_m2c": [-0.9803116917610168, -0.12370418012142181, -0.15390273928642273, -0.042787112295627594, 0.89399254322052, -0.44603431224823, 0.19276420772075653, -0.4306676387786865, -0.8816842436790466], "cam_t_m2c": [171.14776611328125, 37.095149993896484, 138.47267150878906], "obj_id": 3}, {"cam_R_m2c": [-0.9803116917610168, -0.12370418012142181, -0.15390273928642273, -0.042787112295627594, 0.89399254322052, -0.44603431224823, 0.19276420772075653, -0.4306676387786865, -0.8816842436790466], "cam_t_m2c": [171.14776611328125, 37.095149993896484, 138.47267150878906], "obj_id": 1}, {"cam_R_m2c": [-0.9803116917610168, -0.12370418012142181, -0.15390273928642273, -0.042787112295627594, 0.89399254322052, -0.44603431224823, 0.19276420772075653, -0.4306676387786865, -0.8816842436790466], "cam_t_m2c": [171.14776611328125, 37.095149993896484, 138.47267150878906], "obj_id": 1}, {"cam_R_m2c": [-0.9803116917610168, -0.12370418012142181, -0.15390273928642273, -0.042787112295627594, 0.89399254322052, -0.44603431224823, 0.19276420772075653, -0.4306676387786865, -0.8816842436790466], "cam_t_m2c": [171.14776611328125, 37.095149993896484, 138.47267150878906], "obj_id": 1}, {"cam_R_m2c": [-0.9803116917610168, -0.12370418012142181, -0.15390273928642273, -0.042787112295627594, 0.89399254322052, -0.44603431224823, 0.19276420772075653, -0.4306676387786865, -0.8816842436790466], "cam_t_m2c": [171.14776611328125, 37.095149993896484, 138.47267150878906], "obj_id": 2}, {"cam_R_m2c": [-0.2707274556159973, 0.9247357845306396, 0.26752641797065735, 0.5585956573486328, -0.07542750984430313, 0.82600337266922, 0.7840137481689453, 0.3730608820915222, -0.49613308906555176], "cam_t_m2c": [21.774372100830078, -4.963013172149658, 152.79762268066406], "obj_id": 3}, {"cam_R_m2c": [0.8341508507728577, 0.46640369296073914, 0.29438066482543945, -0.45273661613464355, 0.2741988003253937, 0.8484365344047546, 0.314995139837265, -0.8410009741783142, 0.43988120555877686], "cam_t_m2c": [59.55046463012695, 195.8207244873047, 37.601863861083984], "obj_id": 0}, {"cam_R_m2c": [0.5498137474060059, 0.5726180076599121, -0.6081228256225586, 0.03396175056695938, -0.7427632212638855, -0.6686921715736389, -0.834596574306488, 0.3470032513141632, -0.42782852053642273], "cam_t_m2c": [1271.357666015625, 3491.39501953125, 7096.89794921875], "obj_id": 2}, {"cam_R_m2c": [-0.29430073499679565, -0.4405505955219269, -0.848116934299469, 0.4523785412311554, 0.7174932956695557, -0.5296763181686401, 0.8418674468994141, -0.5395539999008179, -0.01186317391693592], "cam_t_m2c": [259.30126953125, 141.99867248535156, 43.69752502441406], "obj_id": 3}, {"cam_R_m2c": [0.9809495806694031, -0.18975816667079926, 0.04159102216362953, -0.1760493665933609, -0.7778559923171997, 0.6032800674438477, -0.08212549239397049, -0.599109411239624, -0.796444296836853], "cam_t_m2c": [263.4284973144531, -25.451570510864258, 144.93345642089844], "obj_id": 3}, {"cam_R_m2c": [-0.059795480221509933, 0.8061580657958984, -0.588671088218689, -0.13229145109653473, 0.5781245231628418, 0.8051527738571167, 0.989405632019043, 0.1260206550359726, 0.07207858562469482], "cam_t_m2c": [13.326460838317871, 74.10995483398438, 110.91926574707031], "obj_id": 1}, {"cam_R_m2c": [0.15650853514671326, -0.778252899646759, -0.608134388923645, -0.39539095759391785, 0.5148623585700989, -0.7606462240219116, 0.9050806760787964, 0.35949844121932983, -0.22713378071784973], "cam_t_m2c": [103.10334777832031, -123.35108184814453, 191.4940643310547], "obj_id": 0}, {"cam_R_m2c": [0.930634081363678, -0.28121957182884216, -0.2341703623533249, 0.3497140407562256, 0.4949333071708679, 0.7954502701759338, -0.10779745876789093, -0.8221657872200012, 0.5589482188224792], "cam_t_m2c": [403.9362487792969, -64.9181137084961, 109.3923568725586], "obj_id": 0}]
}