{
  "0": [{"cam_R_m2c": [0.9985485672950745, 0.020172040909528732, -0.04993834346532822, -0.026253771036863327, -0.6272863149642944, -0.7783460021018982, -0.04702647030353546, 0.7785273790359497, -0.625846266746521], "cam_t_m2c": [-305.0777282714844, 51.571754455566406, 701.7354736328125], "obj_id": 3}, {"cam_R_m2c": [0.9985485672950745, 0.020172040909528732, -0.04993834346532822, -0.026253771036863327, -0.6272863149642944, -0.7783460021018982, -0.04702647030353546, 0.7785273790359497, -0.625846266746521], "cam_t_m2c": [-305.0777282714844, 51.571754455566406, 701.7354736328125], "obj_id": 0}, {"cam_R_m2c": [0.9985485672950745, 0.020172040909528732, -0.04993834346532822, -0.026253771036863327, -0.6272863149642944, -0.7783460021018982, -0.04702647030353546, 0.7785273790359497, -0.625846266746521], "cam_t_m2c": [-305.0777282714844, 51.571754455566406, 701.7354736328125], "obj_id": 3}, {"cam_R_m2c": [0.9985485672950745, 0.020172040909528732, -0.04993834346532822, -0.026253771036863327, -0.6272863149642944, -0.7783460021018982, -0.04702647030353546, 0.7785273790359497, -0.625846266746521], "cam_t_m2c": [-305.0777282714844, 51.571754455566406, 701.7354736328125], "obj_id": 1}, {"cam_R_m2c": [0.9985485672950745, 0.020172040909528732, -0.04993834346532822, -0.026253771036863327, -0.6272863149642944, -0.7783460021018982, -0.04702647030353546, 0.7785273790359497, -0.625846266746521], "cam_t_m2c": [-305.0777282714844, 51.571754455566406, 701.7354736328125], "obj_id": 3}, {"cam_R_m2c": [0.9985485672950745, 0.020172040909528732, -0.04993834346532822, -0.026253771036863327, -0.6272863149642944, -0.7783460021018982, -0.04702647030353546, 0.7785273790359497, -0.625846266746521], "cam_t_m2c": [-305.0777282714844, 51.571754455566406, 701.7354736328125], "obj_id": 2}, {"cam_R_m2c": [0.9985485672950745, 0.020172040909528732, -0.04993834346532822, -0.026253771036863327, -0.6272863149642944, -0.7783460021018982, -0.04702647030353546, 0.7785273790359497, -0.625846266746521], "cam_t_m2c": [-305.0777282714844, 51.571754455566406, 701.7354736328125], "obj_id": 0}, {"cam_R_m2c": [0.9985485672950745, 0.020172040909528732, -0.04993834346532822, -0.026253771036863327, -0.6272863149642944, -0.7783460021018982, -0.04702647030353546, 0.7785273790359497, -0.625846266746521], "cam_t_m2c": [-305.0777282714844, 51.571754455566406, 701.7354736328125], "obj_id": 3}, {"cam_R_m2c": [0.9985485672950745, 0.020172040909528732, -0.04993834346532822, -0.026253771036863327, -0.6272863149642944, -0.7783460021018982, -0.04702647030353546, 0.7785273790359497, -0.625846266746521], "cam_t_m2c": [-305.0777282714844, 51.571754455566406, 701.7354736328125], "obj_id": 1}, {"cam_R_m2c": [0.9985485672950745, 0.020172040909528732, -0.04993834346532822, -0.026253771036863327, -0.6272863149642944, -0.7783460021018982, -0.04702647030353546, 0.7785273790359497, -0.625846266746521], "cam_t_m2c": [-305.0777282714844, 51.571754455566406, 701.7354736328125], "obj_id": 1}, {"cam_R_m2c": [0.9985485672950745, 0.020172040909528732, -0.04993834346532822, -0.026253771036863327, -0.6272863149642944, -0.7783460021018982, -0.04702647030353546, 0.7785273790359497, -0.625846266746521], "cam_t_m2c": [-305.0777282714844, 51.571754455566406, 701.7354736328125], "obj_id": 1}, {"cam_R_m2c": [0.9985485672950745, 0.020172040909528732, -0.04993834346532822, -0.026253771036863327, -0.6272863149642944, -0.7783460021018982, -0.04702647030353546, 0.7785273790359497, -0.625846266746521], "cam_t_m2c": [-305.0777282714844, 51.571754455566406, 701.7354736328125], "obj_id": 0}, {"cam_R_m2c": [0.07122151553630829, 0.24819281697273254, -0.9660888910293579, -0.9737242460250854, -0.19273675978183746, -0.12129934877157211, -0.21630653738975525, 0.9493433237075806, 0.22794441878795624], "cam_t_m2c": [-464.3453674316406, 39.772071838378906, 772.5407104492188], "obj_id": 0}, {"cam_R_m2c": [0.4973513185977936, 0.38509154319763184, 0.7773970365524292, 0.7787021994590759, -0.5931820273399353, -0.20434756577014923, 0.38244542479515076, 0.7069933414459229, -0.5948914885520935], "cam_t_m2c": [-409.301513671875, -58.854339599609375, 812.9696655273438], "obj_id": 1}, {"cam_R_m2c": [0.09028385579586029, 0.3675225079059601, -0.9256219863891602, 0.835094690322876, 0.47847646474838257, 0.2714352607727051, 0.5426469445228577, -0.7974882125854492, -0.2637174129486084], "cam_t_m2c": [-418.1216125488281, 133.94808959960938, 551.8801879882812], "obj_id": 0}, {"cam_R_m2c": [-0.08706539124250412, 0.8848077058792114, 0.45774978399276733, 0.7924961447715759, -0.2169049233198166, 0.5700017809867859, 0.6036301851272583, 0.41239240765571594, -0.6823217868804932], "cam_t_m2c": [-92.80381774902344, 82.68131256103516, 693.24365234375], "obj_id": 2}],
  "1": [{"cam_R_m2c": [0.9985485672950745, 0.020172040909528732, -0.04993834346532822, -0.026253771036863327, -0.6272863149642944, -0.7783460021018982, -0.04702647030353546, 0.7785273790359497, -0.625846266746521], "cam_t_m2c": [-305.0777282714844, 51.571754455566406, 701.7354736328125], "obj_id": 3}, {"cam_R_m2c": [0.9985485672950745, 0.020172040909528732, -0.04993834346532822, -0.026253771036863327, -0.6272863149642944, -0.7783460021018982, -0.04702647030353546, 0.7785273790359497, -0.625846266746521], "cam_t_m2c": [-305.0777282714844, 51.571754455566406, 701.7354736328125], "obj_id": 0}, {"cam_R_m2c": [0.9985485672950745, 0.020172040909528732, -0.04993834346532822, -0.026253771036863327, -0.6272863149642944, -0.7783460021018982, -0.04702647030353546, 0.7785273790359497, -0.625846266746521], "cam_t_m2c": [-305.0777282714844, 51.571754455566406, 701.7354736328125], "obj_id": 3}, {"cam_R_m2c": [0.9985485672950745, 0.020172040909528732, -0.04993834346532822, -0.026253771036863327, -0.6272863149642944, -0.7783460021018982, -0.04702647030353546, 0.7785273790359497, -0.625846266746521], "cam_t_m2c": [-305.0777282714844, 51.571754455566406, 701.7354736328125], "obj_id": 1}, {"cam_R_m2c": [0.9985485672950745, 0.020172040909528732, -0.04993834346532822, -0.026253771036863327, -0.6272863149642944, -0.7783460021018982, -0.04702647030353546, 0.7785273790359497, -0.625846266746521], "cam_t_m2c": [-305.0777282714844, 51.571754455566406, 701.7354736328125], "obj_id": 3}, {"cam_R_m2c": [0.9985485672950745, 0.020172040909528732, -0.04993834346532822, -0.026253771036863327, -0.6272863149642944, -0.7783460021018982, -0.04702647030353546, 0.7785273790359497, -0.625846266746521], "cam_t_m2c": [-305.0777282714844, 51.571754455566406, 701.7354736328125], "obj_id": 2}, {"cam_R_m2c": [0.9985485672950745, 0.020172040909528732, -0.04993834346532822, -0.026253771036863327, -0.6272863149642944, -0.7783460021018982, -0.04702647030353546, 0.7785273790359497, -0.625846266746521], "cam_t_m2c": [-305.0777282714844, 51.571754455566406, 701.7354736328125], "obj_id": 0}, {"cam_R_m2c": [0.9985485672950745, 0.020172040909528732, -0.04993834346532822, -0.026253771036863327, -0.6272863149642944, -0.7783460021018982, -0.04702647030353546, 0.7785273790359497, -0.625846266746521], "cam_t_m2c": [-305.0777282714844, 51.571754455566406, 701.7354736328125], "obj_id": 3}, {"cam_R_m2c": [0.9985485672950745, 0.020172040909528732, -0.04993834346532822, -0.026253771036863327, -0.6272863149642944, -0.7783460021018982, -0.04702647030353546, 0.7785273790359497, -0.625846266746521], "cam_t_m2c": [-305.0777282714844, 51.571754455566406, 701.7354736328125], "obj_id": 1}, {"cam_R_m2c": [0.9985485672950745, 0.020172040909528732, -0.04993834346532822, -0.026253771036863327, -0.6272863149642944, -0.7783460021018982, -0.04702647030353546, 0.7785273790359497, -0.625846266746521], "cam_t_m2c": [-305.0777282714844, 51.571754455566406, 701.7354736328125], "obj_id": 1}, {"cam_R_m2c": [0.9985485672950745, 0.020172040909528732, -0.04993834346532822, -0.026253771036863327, -0.6272863149642944, -0.7783460021018982, -0.04702647030353546, 0.7785273790359497, -0.625846266746521], "cam_t_m2c": [-305.0777282714844, 51.571754455566406, 701.7354736328125], "obj_id": 1}, {"cam_R_m2c": [0.9985485672950745, 0.020172040909528732, -0.04993834346532822, -0.026253771036863327, -0.6272863149642944, -0.7783460021018982, -0.04702647030353546, 0.7785273790359497, -0.625846266746521], "cam_t_m2c": [-305.0777282714844, 51.571754455566406, 701.7354736328125], "obj_id": 0}, {"cam_R_m2c": [0.07122151553630829, 0.24819281697273254, -0.9660888910293579, -0.9737242460250854, -0.19273675978183746, -0.12129934877157211, -0.21630653738975525, 0.9493433237075806, 0.22794441878795624], "cam_t_m2c": [-464.3453674316406, 39.772071838378906, 772.5407104492188], "obj_id": 0}, {"cam_R_m2c": [0.4973513185977936, 0.38509154319763184, 0.7773970365524292, 0.7787021994590759, -0.5931820273399353, -0.20434756577014923, 0.38244542479515076, 0.7069933414459229, -0.5948914885520935], "cam_t_m2c": [-409.301513671875, -58.854339599609375, 812.9696655273438], "obj_id": 1}, {"cam_R_m2c": [0.09028385579586029, 0.3675225079059601, -0.9256219863891602, 0.835094690322876, 0.47847646474838257, 0.2714352607727051, 0.5426469445228577, -0.7974882125854492, -0.2637174129486084], "cam_t_m2c": [-418.1216125488281, 133.94808959960938, 551.8801879882812], "obj_id": 0}, {"cam_R_m2c": [-0.08706539124250412, 0.8848077058792114, 0.45774978399276733, 0.7924961447715759, -0.2169049233198166, 0.5700017809867859, 0.6036301851272583, 0.41239240765571594, -0.6823217868804932], "cam_t_m2c": [-92.80381774902344, 82.68131256103516, 693.24365234375], "obj_id": 2}],
  "2": [{"cam_R_m2c": [0.7857265472412109, -0.6183225512504578, 0.017635082826018333, -0.1879582554101944, -0.2658129930496216, -0.945523738861084, 0.5893262624740601, 0.7396084070205688, -0.3250751495361328], "cam_t_m2c": [-179.82981872558594, 90.61283111572266, 711.2825317382812], "obj_id": 3}, {"cam_R_m2c": [0.7857265472412109, -0.6183225512504578, 0.017635082826018333, -0.1879582554101944, -0.2658129930496216, -0.945523738861084, 0.5893262624740601, 0.7396084070205688, -0.3250751495361328], "cam_t_m2c": [-179.82981872558594, 90.61283111572266, 711.2825317382812], "obj_id": 0}, {"cam_R_m2c": [0.7857265472412109, -0.6183225512504578, 0.017635082826018333, -0.1879582554101944, -0.2658129930496216, -0.945523738861084, 0.5893262624740601, 0.7396084070205688, -0.3250751495361328], "cam_t_m2c": [-179.82981872558594, 90.61283111572266, 711.2825317382812], "obj_id": 3}, {"cam_R_m2c": [0.7857265472412109, -0.6183225512504578, 0.017635082826018333, -0.1879582554101944, -0.2658129930496216, -0.945523738861084, 0.5893262624740601, 0.7396084070205688, -0.3250751495361328], "cam_t_m2c": [-179.82981872558594, 90.61283111572266, 711.2825317382812], "obj_id": 1}, {"cam_R_m2c": [0.7857265472412109, -0.6183225512504578, 0.017635082826018333, -0.1879582554101944, -0.2658129930496216, -0.945523738861084, 0.5893262624740601, 0.7396084070205688, -0.3250751495361328], "cam_t_m2c": [-179.82981872558594, 90.61283111572266, 711.2825317382812], "obj_id": 3}, {"cam_R_m2c": [0.7857265472412109, -0.6183225512504578, 0.017635082826018333, -0.1879582554101944, -0.2658129930496216, -0.945523738861084, 0.5893262624740601, 0.7396084070205688, -0.3250751495361328], "cam_t_m2c": [-179.82981872558594, 90.61283111572266, 711.2825317382812], "obj_id": 2}, {"cam_R_m2c": [0.7857265472412109, -0.6183225512504578, 0.017635082826018333, -0.1879582554101944, -0.2658129930496216, -0.945523738861084, 0.5893262624740601, 0.7396084070205688, -0.3250751495361328], "cam_t_m2c": [-179.82981872558594, 90.61283111572266, 711.2825317382812], "obj_id": 0}, {"cam_R_m2c": [0.7857265472412109, -0.6183225512504578, 0.017635082826018333, -0.1879582554101944, -0.2658129930496216, -0.945523738861084, 0.5893262624740601, 0.7396084070205688, -0.3250751495361328], "cam_t_m2c": [-179.82981872558594, 90.61283111572266, 711.2825317382812], "obj_id": 3}, {"cam_R_m2c": [0.7857265472412109, -0.6183225512504578, 0.017635082826018333, -0.1879582554101944, -0.2658129930496216, -0.945523738861084, 0.5893262624740601, 0.7396084070205688, -0.3250751495361328], "cam_t_m2c": [-179.82981872558594, 90.61283111572266, 711.2825317382812], "obj_id": 1}, {"cam_R_m2c": [0.7857265472412109, -0.6183225512504578, 0.017635082826018333, -0.1879582554101944, -0.2658129930496216, -0.945523738861084, 0.5893262624740601, 0.7396084070205688, -0.3250751495361328], "cam_t_m2c": [-179.82981872558594, 90.61283111572266, 711.2825317382812], "obj_id": 1}, {"cam_R_m2c": [0.7857265472412109, -0.6183225512504578, 0.017635082826018333, -0.1879582554101944, -0.2658129930496216, -0.945523738861084, 0.5893262624740601, 0.7396084070205688, -0.3250751495361328], "cam_t_m2c": [-179.82981872558594, 90.61283111572266, 711.2825317382812], "obj_id": 1}, {"cam_R_m2c": [0.7857265472412109, -0.6183225512504578, 0.017635082826018333, -0.1879582554101944, -0.2658129930496216, -0.945523738861084, 0.5893262624740601, 0.7396084070205688, -0.3250751495361328], "cam_t_m2c": [-179.82981872558594, 90.61283111572266, 711.2825317382812], "obj_id": 0}, {"cam_R_m2c": [-0.17478802800178528, -0.3792721629142761, -0.9086263179779053, -0.9793068170547485, 0.16258227825164795, 0.12052056193351746, 0.10201645642518997, 0.9108895063400269, -0.3998412489891052], "cam_t_m2c": [-344.3155212402344, 131.0015106201172, 668.4807739257812], "obj_id": 0}, {"cam_R_m2c": [0.45639893412590027, -0.28696075081825256, 0.842231273651123, 0.7847864627838135, -0.3162344694137573, -0.5330158472061157, 0.4192972183227539, 0.9042395949363708, 0.08087384700775146], "cam_t_m2c": [-358.1312255859375, 49.37401580810547, 755.2999267578125], "obj_id": 1}, {"cam_R_m2c": [0.07758507132530212, 0.8747565746307373, -0.47831106185913086, 0.9583950042724609, 0.0667489692568779, 0.27753111720085144, 0.274698942899704, -0.4799432158470154, -0.8331835865974426], "cam_t_m2c": [-158.5634307861328, 122.87401580810547, 509.96600341796875], "obj_id": 0}, {"cam_R_m2c": [-0.10653407871723175, 0.3874070942401886, 0.9157325625419617, 0.9696004986763, -0.16356059908866882, 0.1819964498281479, 0.22028452157974243, 0.9072836637496948, -0.35820528864860535], "cam_t_m2c": [-0.624360978603363, 84.54985809326172, 829.3875122070312], "obj_id": 2}],
  "3": [{"cam_R_m2c": [0.7857265472412109, -0.6183225512504578, 0.017635082826018333, -0.1879582554101944, -0.2658129930496216, -0.945523738861084, 0.5893262624740601, 0.7396084070205688, -0.3250751495361328], "cam_t_m2c": [-179.82981872558594, 90.61283111572266, 711.2825317382812], "obj_id": 3}, {"cam_R_m2c": [0.7857265472412109, -0.6183225512504578, 0.017635082826018333, -0.1879582554101944, -0.2658129930496216, -0.945523738861084, 0.5893262624740601, 0.7396084070205688, -0.3250751495361328], "cam_t_m2c": [-179.82981872558594, 90.61283111572266, 711.2825317382812], "obj_id": 0}, {"cam_R_m2c": [0.7857265472412109, -0.6183225512504578, 0.017635082826018333, -0.1879582554101944, -0.2658129930496216, -0.945523738861084, 0.5893262624740601, 0.7396084070205688, -0.3250751495361328], "cam_t_m2c": [-179.82981872558594, 90.61283111572266, 711.2825317382812], "obj_id": 3}, {"cam_R_m2c": [0.7857265472412109, -0.6183225512504578, 0.017635082826018333, -0.1879582554101944, -0.2658129930496216, -0.945523738861084, 0.5893262624740601, 0.7396084070205688, -0.3250751495361328], "cam_t_m2c": [-179.82981872558594, 90.61283111572266, 711.2825317382812], "obj_id": 1}, {"cam_R_m2c": [0.7857265472412109, -0.6183225512504578, 0.017635082826018333, -0.1879582554101944, -0.2658129930496216, -0.945523738861084, 0.5893262624740601, 0.7396084070205688, -0.3250751495361328], "cam_t_m2c": [-179.82981872558594, 90.61283111572266, 711.2825317382812], "obj_id": 3}, {"cam_R_m2c": [0.7857265472412109, -0.6183225512504578, 0.017635082826018333, -0.1879582554101944, -0.2658129930496216, -0.945523738861084, 0.5893262624740601, 0.7396084070205688, -0.3250751495361328], "cam_t_m2c": [-179.82981872558594, 90.61283111572266, 711.2825317382812], "obj_id": 2}, {"cam_R_m2c": [0.7857265472412109, -0.6183225512504578, 0.017635082826018333, -0.1879582554101944, -0.2658129930496216, -0.945523738861084, 0.5893262624740601, 0.7396084070205688, -0.3250751495361328], "cam_t_m2c": [-179.82981872558594, 90.61283111572266, 711.2825317382812], "obj_id": 0}, {"cam_R_m2c": [0.7857265472412109, -0.6183225512504578, 0.017635082826018333, -0.1879582554101944, -0.2658129930496216, -0.945523738861084, 0.5893262624740601, 0.7396084070205688, -0.3250751495361328], "cam_t_m2c": [-179.82981872558594, 90.61283111572266, 711.2825317382812], "obj_id": 3}, {"cam_R_m2c": [0.7857265472412109, -0.6183225512504578, 0.017635082826018333, -0.1879582554101944, -0.2658129930496216, -0.945523738861084, 0.5893262624740601, 0.7396084070205688, -0.3250751495361328], "cam_t_m2c": [-179.82981872558594, 90.61283111572266, 711.2825317382812], "obj_id": 1}, {"cam_R_m2c": [0.7857265472412109, -0.6183225512504578, 0.017635082826018333, -0.1879582554101944, -0.2658129930496216, -0.945523738861084, 0.5893262624740601, 0.7396084070205688, -0.3250751495361328], "cam_t_m2c": [-179.82981872558594, 90.61283111572266, 711.2825317382812], "obj_id": 1}, {"cam_R_m2c": [0.7857265472412109, -0.6183225512504578, 0.017635082826018333, -0.1879582554101944, -0.2658129930496216, -0.945523738861084, 0.5893262624740601, 0.7396084070205688, -0.3250751495361328], "cam_t_m2c": [-179.82981872558594, 90.61283111572266, 711.2825317382812], "obj_id": 1}, {"cam_R_m2c": [0.7857265472412109, -0.6183225512504578, 0.017635082826018333, -0.1879582554101944, -0.2658129930496216, -0.945523738861084, 0.5893262624740601, 0.7396084070205688, -0.3250751495361328], "cam_t_m2c": [-179.82981872558594, 90.61283111572266, 711.2825317382812], "obj_id": 0}, {"cam_R_m2c": [-0.17478802800178528, -0.3792721629142761, -0.9086263179779053, -0.9793068170547485, 0.16258227825164795, 0.12052056193351746, 0.10201645642518997, 0.9108895063400269, -0.3998412489891052], "cam_t_m2c": [-344.3155212402344, 131.0015106201172, 668.4807739257812], "obj_id": 0}, {"cam_R_m2c": [0.45639893412590027, -0.28696075081825256, 0.842231273651123, 0.7847864627838135, -0.3162344694137573, -0.5330158472061157, 0.4192972183227539, 0.9042395949363708, 0.08087384700775146], "cam_t_m2c": [-358.1312255859375, 49.37401580810547, 755.2999267578125], "obj_id": 1}, {"cam_R_m2c": [0.07758507132530212, 0.8747565746307373, -0.47831106185913086, 0.9583950042724609, 0.0667489692568779, 0.27753111720085144, 0.274698942899704, -0.4799432158470154, -0.8331835865974426], "cam_t_m2c": [-158.5634307861328, 122.87401580810547, 509.96600341796875], "obj_id": 0}, {"cam_R_m2c": [-0.10653407871723175, 0.3874070942401886, 0.9157325625419617, 0.9696004986763, -0.16356059908866882, 0.1819964498281479, 0.22028452157974243, 0.9072836637496948, -0.35820528864860535], "cam_t_m2c": [-0.624360978603363, 84.54985809326172, 829.3875122070312], "obj_id": 2}],
  "4": [{"cam_R_m2c": [-0.8321166634559631, -0.5505859851837158, -0.06660795211791992, -0.26855841279029846, 0.5051063299179077, -0.8202096819877625, 0.48524007201194763, -0.6646221280097961, -0.5681718587875366], "cam_t_m2c": [284.7750549316406, 57.818599700927734, 860.5314331054688], "obj_id": 3}, {"cam_R_m2c": [-0.8321166634559631, -0.5505859851837158, -0.06660795211791992, -0.26855841279029846, 0.5051063299179077, -0.8202096819877625, 0.48524007201194763, -0.6646221280097961, -0.5681718587875366], "cam_t_m2c": [284.7750549316406, 57.818599700927734, 860.5314331054688], "obj_id": 0}, {"cam_R_m2c": [-0.8321166634559631, -0.5505859851837158, -0.06660795211791992, -0.26855841279029846, 0.5051063299179077, -0.8202096819877625, 0.48524007201194763, -0.6646221280097961, -0.5681718587875366], "cam_t_m2c": [284.7750549316406, 57.818599700927734, 860.5314331054688], "obj_id": 3}, {"cam_R_m2c": [-0.8321166634559631, -0.5505859851837158, -0.06660795211791992, -0.26855841279029846, 0.5051063299179077, -0.8202096819877625, 0.48524007201194763, -0.6646221280097961, -0.5681718587875366], "cam_t_m2c": [284.7750549316406, 57.818599700927734, 860.5314331054688], "obj_id": 1}, {"cam_R_m2c": [-0.8321166634559631, -0.5505859851837158, -0.06660795211791992, -0.26855841279029846, 0.5051063299179077, -0.8202096819877625, 0.48524007201194763, -0.6646221280097961, -0.5681718587875366], "cam_t_m2c": [284.7750549316406, 57.818599700927734, 860.5314331054688], "obj_id": 3}, {"cam_R_m2c": [-0.8321166634559631, -0.5505859851837158, -0.06660795211791992, -0.26855841279029846, 0.5051063299179077, -0.8202096819877625, 0.48524007201194763, -0.6646221280097961, -0.5681718587875366], "cam_t_m2c": [284.7750549316406, 57.818599700927734, 860.5314331054688], "obj_id": 2}, {"cam_R_m2c": [-0.8321166634559631, -0.5505859851837158, -0.06660795211791992, -0.26855841279029846, 0.5051063299179077, -0.8202096819877625, 0.48524007201194763, -0.6646221280097961, -0.5681718587875366], "cam_t_m2c": [284.7750549316406, 57.818599700927734, 860.5314331054688], "obj_id": 0}, {"cam_R_m2c": [-0.8321166634559631, -0.5505859851837158, -0.06660795211791992, -0.26855841279029846, 0.5051063299179077, -0.8202096819877625, 0.48524007201194763, -0.6646221280097961, -0.5681718587875366], "cam_t_m2c": [284.7750549316406, 57.818599700927734, 860.5314331054688], "obj_id": 3}, {"cam_R_m2c": [-0.8321166634559631, -0.5505859851837158, -0.06660795211791992, -0.26855841279029846, 0.5051063299179077, -0.8202096819877625, 0.48524007201194763, -0.6646221280097961, -0.5681718587875366], "cam_t_m2c": [284.7750549316406, 57.818599700927734, 860.5314331054688], "obj_id": 1}, {"cam_R_m2c": [-0.8321166634559631, -0.5505859851837158, -0.06660795211791992, -0.26855841279029846, 0.5051063299179077, -0.8202096819877625, 0.48524007201194763, -0.6646221280097961, -0.5681718587875366], "cam_t_m2c": [284.7750549316406, 57.818599700927734, 860.5314331054688], "obj_id": 1}, {"cam_R_m2c": [-0.8321166634559631, -0.5505859851837158, -0.06660795211791992, -0.26855841279029846, 0.5051063299179077, -0.8202096819877625, 0.48524007201194763, -0.6646221280097961, -0.5681718587875366], "cam_t_m2c": [284.7750549316406, 57.818599700927734, 860.5314331054688], "obj_id": 1}, {"cam_R_m2c": [-0.8321166634559631, -0.5505859851837158, -0.06660795211791992, -0.26855841279029846, 0.5051063299179077, -0.8202096819877625, 0.48524007201194763, -0.6646221280097961, -0.5681718587875366], "cam_t_m2c": [284.7750549316406, 57.818599700927734, 860.5314331054688], "obj_id": 0}, {"cam_R_m2c": [-0.39254894852638245, -0.6191345453262329, 0.6801305413246155, -0.5342609286308289, 0.7554321885108948, 0.3793250024318695, -0.7486457228660583, -0.21446353197097778, -0.6273235082626343], "cam_t_m2c": [388.7781677246094, 153.5889892578125, 757.9148559570312], "obj_id": 0}, {"cam_R_m2c": [-0.2238209992647171, -0.8174664378166199, -0.5307093262672424, 0.4994969367980957, 0.37136515974998474, -0.7826816439628601, 0.8369029760360718, -0.44026845693588257, 0.3252028524875641], "cam_t_m2c": [287.2202453613281, 146.3957061767578, 694.4661865234375], "obj_id": 1}, {"cam_R_m2c": [0.08549100905656815, 0.1696648746728897, 0.9817867279052734, 0.7536258697509766, -0.6555729508399963, 0.04766763746738434, 0.6517203450202942, 0.735824704170227, -0.18390947580337524], "cam_t_m2c": [466.228759765625, -28.32491683959961, 901.4612426757812], "obj_id": 0}, {"cam_R_m2c": [0.19516876339912415, -0.9764178395271301, 0.09228916466236115, 0.8341711759567261, 0.11577033996582031, -0.5392175912857056, 0.5158173441886902, 0.182223379611969, 0.8370944261550903], "cam_t_m2c": [122.73387908935547, 14.168261528015137, 994.462158203125], "obj_id": 2}]
}