{
  "0": [{"cam_R_m2c": [0.13812026381492615, 0.9583917260169983, 0.24981608986854553, 0.20571425557136536, 0.2189721018075943, -0.9537991881370544, -0.9688160419464111, 0.18312974274158478, -0.16691036522388458], "cam_t_m2c": [-173.83494567871094, -14.164274215698242, 454.56646728515625], "obj_id": 1}, {"cam_R_m2c": [0.13812026381492615, 0.9583917260169983, 0.24981608986854553, 0.20571425557136536, 0.2189721018075943, -0.9537991881370544, -0.9688160419464111, 0.18312974274158478, -0.16691036522388458], "cam_t_m2c": [-173.83494567871094, -14.164274215698242, 454.56646728515625], "obj_id": 2}, {"cam_R_m2c": [0.13812026381492615, 0.9583917260169983, 0.24981608986854553, 0.20571425557136536, 0.2189721018075943, -0.9537991881370544, -0.9688160419464111, 0.18312974274158478, -0.16691036522388458], "cam_t_m2c": [-173.83494567871094, -14.164274215698242, 454.56646728515625], "obj_id": 3}, {"cam_R_m2c": [0.13812026381492615, 0.9583917260169983, 0.24981608986854553, 0.20571425557136536, 0.2189721018075943, -0.9537991881370544, -0.9688160419464111, 0.18312974274158478, -0.16691036522388458], "cam_t_m2c": [-173.83494567871094, -14.164274215698242, 454.56646728515625], "obj_id": 1}, {"cam_R_m2c": [0.13812026381492615, 0.9583917260169983, 0.24981608986854553, 0.20571425557136536, 0.2189721018075943, -0.9537991881370544, -0.9688160419464111, 0.18312974274158478, -0.16691036522388458], "cam_t_m2c": [-173.83494567871094, -14.164274215698242, 454.56646728515625], "obj_id": 0}, {"cam_R_m2c": [0.13812026381492615, 0.9583917260169983, 0.24981608986854553, 0.20571425557136536, 0.2189721018075943, -0.9537991881370544, -0.9688160419464111, 0.18312974274158478, -0.16691036522388458], "cam_t_m2c": [-173.83494567871094, -14.164274215698242, 454.56646728515625], "obj_id": 0}, {"cam_R_m2c": [0.13812026381492615, 0.9583917260169983, 0.24981608986854553, 0.20571425557136536, 0.2189721018075943, -0.9537991881370544, -0.9688160419464111, 0.18312974274158478, -0.16691036522388458], "cam_t_m2c": [-173.83494567871094, -14.164274215698242, 454.56646728515625], "obj_id": 0}, {"cam_R_m2c": [0.13812026381492615, 0.9583917260169983, 0.24981608986854553, 0.20571425557136536, 0.2189721018075943, -0.9537991881370544, -0.9688160419464111, 0.18312974274158478, -0.16691036522388458], "cam_t_m2c": [-173.83494567871094, -14.164274215698242, 454.56646728515625], "obj_id": 1}, {"cam_R_m2c": [0.13812026381492615, 0.9583917260169983, 0.24981608986854553, 0.20571425557136536, 0.2189721018075943, -0.9537991881370544, -0.9688160419464111, 0.18312974274158478, -0.16691036522388458], "cam_t_m2c": [-173.83494567871094, -14.164274215698242, 454.56646728515625], "obj_id": 0}, {"cam_R_m2c": [0.13812026381492615, 0.9583917260169983, 0.24981608986854553, 0.20571425557136536, 0.2189721018075943, -0.9537991881370544, -0.9688160419464111, 0.18312974274158478, -0.16691036522388458], "cam_t_m2c": [-173.83494567871094, -14.164274215698242, 454.56646728515625], "obj_id": 0}, {"cam_R_m2c": [0.13812026381492615, 0.9583917260169983, 0.24981608986854553, 0.20571425557136536, 0.2189721018075943, -0.9537991881370544, -0.9688160419464111, 0.18312974274158478, -0.16691036522388458], "cam_t_m2c": [-173.83494567871094, -14.164274215698242, 454.56646728515625], "obj_id": 3}, {"cam_R_m2c": [0.13812026381492615, 0.9583917260169983, 0.24981608986854553, 0.20571425557136536, 0.2189721018075943, -0.9537991881370544, -0.9688160419464111, 0.18312974274158478, -0.16691036522388458], "cam_t_m2c": [-173.83494567871094, -14.164274215698242, 454.56646728515625], "obj_id": 3}, {"cam_R_m2c": [-0.8604306578636169, 0.5001069903373718, -0.09773273020982742, 0.07273764163255692, -0.06929029524326324, -0.9949411153793335, -0.5043489933013916, -0.8631868958473206, 0.023243088275194168], "cam_t_m2c": [-323.16741943359375, -127.44975280761719, 545.256591796875], "obj_id": 1}, {"cam_R_m2c": [-0.36534354090690613, -0.8191442489624023, -0.44218412041664124, 0.9302736520767212, -0.30424633622169495, -0.20500022172927856, 0.03339186683297157, -0.4862477481365204, 0.8731827735900879], "cam_t_m2c": [80.23458862304688, 21.282184600830078, 420.70111083984375], "obj_id": 2}, {"cam_R_m2c": [-0.2954084873199463, 0.39505735039711, -0.8698639869689941, 0.9309874176979065, 0.323431134223938, -0.16927683353424072, 0.21446700394153595, -0.8598383069038391, -0.4633376896381378], "cam_t_m2c": [-381.00762939453125, -37.5395622253418, 454.787109375], "obj_id": 3}, {"cam_R_m2c": [0.04714113846421242, -0.6990709900856018, 0.7134966254234314, -0.9615315794944763, 0.1617579609155655, 0.222016379237175, -0.2706189453601837, -0.696515679359436, -0.6645534038543701], "cam_t_m2c": [-206.2237091064453, -66.02494812011719, 510.089111328125], "obj_id": 4}],
  "1": [{"cam_R_m2c": [-0.8913917541503906, -0.3828895390033722, 0.24252109229564667, -0.4041630029678345, 0.4293496310710907, -0.8076578378677368, 0.2051173746585846, -0.8179575204849243, -0.5374685525894165], "cam_t_m2c": [-19.620607376098633, -207.5652618408203, 892.5260009765625], "obj_id": 1}, {"cam_R_m2c": [-0.8913917541503906, -0.3828895390033722, 0.24252109229564667, -0.4041630029678345, 0.4293496310710907, -0.8076578378677368, 0.2051173746585846, -0.8179575204849243, -0.5374685525894165], "cam_t_m2c": [-19.620607376098633, -207.5652618408203, 892.5260009765625], "obj_id": 2}, {"cam_R_m2c": [-0.8913917541503906, -0.3828895390033722, 0.24252109229564667, -0.4041630029678345, 0.4293496310710907, -0.8076578378677368, 0.2051173746585846, -0.8179575204849243, -0.5374685525894165], "cam_t_m2c": [-19.620607376098633, -207.5652618408203, 892.5260009765625], "obj_id": 0}, {"cam_R_m2c": [-0.8913917541503906, -0.3828895390033722, 0.24252109229564667, -0.4041630029678345, 0.4293496310710907, -0.8076578378677368, 0.2051173746585846, -0.8179575204849243, -0.5374685525894165], "cam_t_m2c": [-19.620607376098633, -207.5652618408203, 892.5260009765625], "obj_id": 0}, {"cam_R_m2c": [-0.8913917541503906, -0.3828895390033722, 0.24252109229564667, -0.4041630029678345, 0.4293496310710907, -0.8076578378677368, 0.2051173746585846, -0.8179575204849243, -0.5374685525894165], "cam_t_m2c": [-19.620607376098633, -207.5652618408203, 892.5260009765625], "obj_id": 0}, {"cam_R_m2c": [-0.8913917541503906, -0.3828895390033722, 0.24252109229564667, -0.4041630029678345, 0.4293496310710907, -0.8076578378677368, 0.2051173746585846, -0.8179575204849243, -0.5374685525894165], "cam_t_m2c": [-19.620607376098633, -207.5652618408203, 892.5260009765625], "obj_id": 3}, {"cam_R_m2c": [-0.8913917541503906, -0.3828895390033722, 0.24252109229564667, -0.4041630029678345, 0.4293496310710907, -0.8076578378677368, 0.2051173746585846, -0.8179575204849243, -0.5374685525894165], "cam_t_m2c": [-19.620607376098633, -207.5652618408203, 892.5260009765625], "obj_id": 2}, {"cam_R_m2c": [-0.8913917541503906, -0.3828895390033722, 0.24252109229564667, -0.4041630029678345, 0.4293496310710907, -0.8076578378677368, 0.2051173746585846, -0.8179575204849243, -0.5374685525894165], "cam_t_m2c": [-19.620607376098633, -207.5652618408203, 892.5260009765625], "obj_id": 0}, {"cam_R_m2c": [-0.8913917541503906, -0.3828895390033722, 0.24252109229564667, -0.4041630029678345, 0.4293496310710907, -0.8076578378677368, 0.2051173746585846, -0.8179575204849243, -0.5374685525894165], "cam_t_m2c": [-19.620607376098633, -207.5652618408203, 892.5260009765625], "obj_id": 3}, {"cam_R_m2c": [-0.8913917541503906, -0.3828895390033722, 0.24252109229564667, -0.4041630029678345, 0.4293496310710907, -0.8076578378677368, 0.2051173746585846, -0.8179575204849243, -0.5374685525894165], "cam_t_m2c": [-19.620607376098633, -207.5652618408203, 892.5260009765625], "obj_id": 2}, {"cam_R_m2c": [-0.8913917541503906, -0.3828895390033722, 0.24252109229564667, -0.4041630029678345, 0.4293496310710907, -0.8076578378677368, 0.2051173746585846, -0.8179575204849243, -0.5374685525894165], "cam_t_m2c": [-19.620607376098633, -207.5652618408203, 892.5260009765625], "obj_id": 1}, {"cam_R_m2c": [-0.8913917541503906, -0.3828895390033722, 0.24252109229564667, -0.4041630029678345, 0.4293496310710907, -0.8076578378677368, 0.2051173746585846, -0.8179575204849243, -0.5374685525894165], "cam_t_m2c": [-19.620607376098633, -207.5652618408203, 892.5260009765625], "obj_id": 2}, {"cam_R_m2c": [0.1698865294456482, -0.9853891730308533, -0.012110014446079731, 0.8477168679237366, 0.15239524841308594, -0.5080862641334534, 0.5025082230567932, 0.07605111598968506, 0.8612210154533386], "cam_t_m2c": [-68.58443450927734, -216.65562438964844, 938.9783935546875], "obj_id": 1}, {"cam_R_m2c": [0.16584627330303192, 0.9857203364372253, 0.02915840968489647, -0.8381122946739197, 0.15646961331367493, -0.5225751996040344, -0.5196754932403564, 0.062229085713624954, 0.8520944118499756], "cam_t_m2c": [-106.45878601074219, -211.19166564941406, 909.3529052734375], "obj_id": 2}, {"cam_R_m2c": [-0.6715602874755859, 0.42371469736099243, -0.6078425645828247, -0.176876500248909, 0.7049638628959656, 0.6868337392807007, 0.7195286154747009, 0.5687633752822876, -0.3984805643558502], "cam_t_m2c": [109.95008087158203, -89.92330169677734, 720.0169067382812], "obj_id": 3}, {"cam_R_m2c": [0.4364722967147827, -0.7851273417472839, 0.43939390778541565, -0.6030722856521606, -0.6177194714546204, -0.5047044157981873, 0.6676794290542603, -0.04469677060842514, -0.7431060075759888], "cam_t_m2c": [-111.05680084228516, -287.9471740722656, 857.1044311523438], "obj_id": 4}],
  "2": [{"cam_R_m2c": [-0.8913917541503906, -0.3828895390033722, 0.24252109229564667, -0.4041630029678345, 0.4293496310710907, -0.8076578378677368, 0.2051173746585846, -0.8179575204849243, -0.5374685525894165], "cam_t_m2c": [-19.620607376098633, -207.5652618408203, 892.5260009765625], "obj_id": 1}, {"cam_R_m2c": [-0.8913917541503906, -0.3828895390033722, 0.24252109229564667, -0.4041630029678345, 0.4293496310710907, -0.8076578378677368, 0.2051173746585846, -0.8179575204849243, -0.5374685525894165], "cam_t_m2c": [-19.620607376098633, -207.5652618408203, 892.5260009765625], "obj_id": 2}, {"cam_R_m2c": [-0.8913917541503906, -0.3828895390033722, 0.24252109229564667, -0.4041630029678345, 0.4293496310710907, -0.8076578378677368, 0.2051173746585846, -0.8179575204849243, -0.5374685525894165], "cam_t_m2c": [-19.620607376098633, -207.5652618408203, 892.5260009765625], "obj_id": 0}, {"cam_R_m2c": [-0.8913917541503906, -0.3828895390033722, 0.24252109229564667, -0.4041630029678345, 0.4293496310710907, -0.8076578378677368, 0.2051173746585846, -0.8179575204849243, -0.5374685525894165], "cam_t_m2c": [-19.620607376098633, -207.5652618408203, 892.5260009765625], "obj_id": 0}, {"cam_R_m2c": [-0.8913917541503906, -0.3828895390033722, 0.24252109229564667, -0.4041630029678345, 0.4293496310710907, -0.8076578378677368, 0.2051173746585846, -0.8179575204849243, -0.5374685525894165], "cam_t_m2c": [-19.620607376098633, -207.5652618408203, 892.5260009765625], "obj_id": 0}, {"cam_R_m2c": [-0.8913917541503906, -0.3828895390033722, 0.24252109229564667, -0.4041630029678345, 0.4293496310710907, -0.8076578378677368, 0.2051173746585846, -0.8179575204849243, -0.5374685525894165], "cam_t_m2c": [-19.620607376098633, -207.5652618408203, 892.5260009765625], "obj_id": 3}, {"cam_R_m2c": [-0.8913917541503906, -0.3828895390033722, 0.24252109229564667, -0.4041630029678345, 0.4293496310710907, -0.8076578378677368, 0.2051173746585846, -0.8179575204849243, -0.5374685525894165], "cam_t_m2c": [-19.620607376098633, -207.5652618408203, 892.5260009765625], "obj_id": 2}, {"cam_R_m2c": [-0.8913917541503906, -0.3828895390033722, 0.24252109229564667, -0.4041630029678345, 0.4293496310710907, -0.8076578378677368, 0.2051173746585846, -0.8179575204849243, -0.5374685525894165], "cam_t_m2c": [-19.620607376098633, -207.5652618408203, 892.5260009765625], "obj_id": 0}, {"cam_R_m2c": [-0.8913917541503906, -0.3828895390033722, 0.24252109229564667, -0.4041630029678345, 0.4293496310710907, -0.8076578378677368, 0.2051173746585846, -0.8179575204849243, -0.5374685525894165], "cam_t_m2c": [-19.620607376098633, -207.5652618408203, 892.5260009765625], "obj_id": 3}, {"cam_R_m2c": [-0.8913917541503906, -0.3828895390033722, 0.24252109229564667, -0.4041630029678345, 0.4293496310710907, -0.8076578378677368, 0.2051173746585846, -0.8179575204849243, -0.5374685525894165], "cam_t_m2c": [-19.620607376098633, -207.5652618408203, 892.5260009765625], "obj_id": 2}, {"cam_R_m2c": [-0.8913917541503906, -0.3828895390033722, 0.24252109229564667, -0.4041630029678345, 0.4293496310710907, -0.8076578378677368, 0.2051173746585846, -0.8179575204849243, -0.5374685525894165], "cam_t_m2c": [-19.620607376098633, -207.5652618408203, 892.5260009765625], "obj_id": 1}, {"cam_R_m2c": [-0.8913917541503906, -0.3828895390033722, 0.24252109229564667, -0.4041630029678345, 0.4293496310710907, -0.8076578378677368, 0.2051173746585846, -0.8179575204849243, -0.5374685525894165], "cam_t_m2c": [-19.620607376098633, -207.5652618408203, 892.5260009765625], "obj_id": 2}, {"cam_R_m2c": [0.1698865294456482, -0.9853891730308533, -0.012110014446079731, 0.8477168679237366, 0.15239524841308594, -0.5080862641334534, 0.5025082230567932, 0.07605111598968506, 0.8612210154533386], "cam_t_m2c": [-68.58443450927734, -216.65562438964844, 938.9783935546875], "obj_id": 1}, {"cam_R_m2c": [0.16584627330303192, 0.9857203364372253, 0.02915840968489647, -0.8381122946739197, 0.15646961331367493, -0.5225751996040344, -0.5196754932403564, 0.062229085713624954, 0.8520944118499756], "cam_t_m2c": [-106.45878601074219, -211.19166564941406, 909.3529052734375], "obj_id": 2}, {"cam_R_m2c": [-0.6715602874755859, 0.42371469736099243, -0.6078425645828247, -0.176876500248909, 0.7049638628959656, 0.6868337392807007, 0.7195286154747009, 0.5687633752822876, -0.3984805643558502], "cam_t_m2c": [109.95008087158203, -89.92330169677734, 720.0169067382812], "obj_id": 3}, {"cam_R_m2c": [0.4364722967147827, -0.7851273417472839, 0.43939390778541565, -0.6030722856521606, -0.6177194714546204, -0.5047044157981873, 0.6676794290542603, -0.04469677060842514, -0.7431060075759888], "cam_t_m2c": [-111.05680084228516, -287.9471740722656, 857.1044311523438], "obj_id": 4}],
  "3": [{"cam_R_m2c": [-0.14691045880317688, -0.971703290939331, -0.1849597543478012, -0.29181408882141113, 0.22124257683753967, -0.9305354952812195, 0.9451253414154053, -0.08273150771856308, -0.31605955958366394], "cam_t_m2c": [309.00762939453125, -102.49864959716797, 693.4545288085938], "obj_id": 1}, {"cam_R_m2c": [-0.14691045880317688, -0.971703290939331, -0.1849597543478012, -0.29181408882141113, 0.22124257683753967, -0.9305354952812195, 0.9451253414154053, -0.08273150771856308, -0.31605955958366394], "cam_t_m2c": [309.00762939453125, -102.49864959716797, 693.4545288085938], "obj_id": 2}, {"cam_R_m2c": [-0.14691045880317688, -0.971703290939331, -0.1849597543478012, -0.29181408882141113, 0.22124257683753967, -0.9305354952812195, 0.9451253414154053, -0.08273150771856308, -0.31605955958366394], "cam_t_m2c": [309.00762939453125, -102.49864959716797, 693.4545288085938], "obj_id": 0}, {"cam_R_m2c": [-0.14691045880317688, -0.971703290939331, -0.1849597543478012, -0.29181408882141113, 0.22124257683753967, -0.9305354952812195, 0.9451253414154053, -0.08273150771856308, -0.31605955958366394], "cam_t_m2c": [309.00762939453125, -102.49864959716797, 693.4545288085938], "obj_id": 0}, {"cam_R_m2c": [-0.14691045880317688, -0.971703290939331, -0.1849597543478012, -0.29181408882141113, 0.22124257683753967, -0.9305354952812195, 0.9451253414154053, -0.08273150771856308, -0.31605955958366394], "cam_t_m2c": [309.00762939453125, -102.49864959716797, 693.4545288085938], "obj_id": 0}, {"cam_R_m2c": [-0.14691045880317688, -0.971703290939331, -0.1849597543478012, -0.29181408882141113, 0.22124257683753967, -0.9305354952812195, 0.9451253414154053, -0.08273150771856308, -0.31605955958366394], "cam_t_m2c": [309.00762939453125, -102.49864959716797, 693.4545288085938], "obj_id": 3}, {"cam_R_m2c": [-0.14691045880317688, -0.971703290939331, -0.1849597543478012, -0.29181408882141113, 0.22124257683753967, -0.9305354952812195, 0.9451253414154053, -0.08273150771856308, -0.31605955958366394], "cam_t_m2c": [309.00762939453125, -102.49864959716797, 693.4545288085938], "obj_id": 2}, {"cam_R_m2c": [-0.14691045880317688, -0.971703290939331, -0.1849597543478012, -0.29181408882141113, 0.22124257683753967, -0.9305354952812195, 0.9451253414154053, -0.08273150771856308, -0.31605955958366394], "cam_t_m2c": [309.00762939453125, -102.49864959716797, 693.4545288085938], "obj_id": 0}, {"cam_R_m2c": [-0.14691045880317688, -0.971703290939331, -0.1849597543478012, -0.29181408882141113, 0.22124257683753967, -0.9305354952812195, 0.9451253414154053, -0.08273150771856308, -0.31605955958366394], "cam_t_m2c": [309.00762939453125, -102.49864959716797, 693.4545288085938], "obj_id": 3}, {"cam_R_m2c": [-0.14691045880317688, -0.971703290939331, -0.1849597543478012, -0.29181408882141113, 0.22124257683753967, -0.9305354952812195, 0.9451253414154053, -0.08273150771856308, -0.31605955958366394], "cam_t_m2c": [309.00762939453125, -102.49864959716797, 693.4545288085938], "obj_id": 2}, {"cam_R_m2c": [-0.14691045880317688, -0.971703290939331, -0.1849597543478012, -0.29181408882141113, 0.22124257683753967, -0.9305354952812195, 0.9451253414154053, -0.08273150771856308, -0.31605955958366394], "cam_t_m2c": [309.00762939453125, -102.49864959716797, 693.4545288085938], "obj_id": 1}, {"cam_R_m2c": [-0.14691045880317688, -0.971703290939331, -0.1849597543478012, -0.29181408882141113, 0.22124257683753967, -0.9305354952812195, 0.9451253414154053, -0.08273150771856308, -0.31605955958366394], "cam_t_m2c": [309.00762939453125, -102.49864959716797, 693.4545288085938], "obj_id": 2}, {"cam_R_m2c": [0.33534690737724304, -0.41750961542129517, 0.8445283770561218, 0.9393765926361084, 0.21623456478118896, -0.26610952615737915, -0.07151295989751816, 0.8825691938400269, 0.46471235156059265], "cam_t_m2c": [328.6083984375, -96.75942993164062, 758.4220581054688], "obj_id": 1}, {"cam_R_m2c": [-0.19836604595184326, 0.47276780009269714, 0.858569324016571, -0.9514403343200684, 0.11750152707099915, -0.2845250070095062, -0.23539739847183228, -0.8733177185058594, 0.42650219798088074], "cam_t_m2c": [284.51824951171875, -97.26793670654297, 778.36669921875], "obj_id": 2}, {"cam_R_m2c": [0.3509269654750824, 0.5386448502540588, -0.7659712433815002, 0.04974253103137016, 0.8061152696609497, 0.5896641612052917, 0.9350807070732117, -0.24503040313720703, 0.2560940384864807], "cam_t_m2c": [194.78639221191406, -40.28101348876953, 484.9596862792969], "obj_id": 3}, {"cam_R_m2c": [0.902609646320343, -0.26957273483276367, -0.33559852838516235, -0.43045753240585327, -0.56790691614151, -0.7015610933303833, -0.0014669924275949597, 0.7776967287063599, -0.6286378502845764], "cam_t_m2c": [253.26329040527344, -184.61492919921875, 772.3595581054688], "obj_id": 4}],
  "4": [{"cam_R_m2c": [-0.14691045880317688, -0.971703290939331, -0.1849597543478012, -0.29181408882141113, 0.22124257683753967, -0.9305354952812195, 0.9451253414154053, -0.08273150771856308, -0.31605955958366394], "cam_t_m2c": [309.00762939453125, -102.49864959716797, 693.4545288085938], "obj_id": 1}, {"cam_R_m2c": [-0.14691045880317688, -0.971703290939331, -0.1849597543478012, -0.29181408882141113, 0.22124257683753967, -0.9305354952812195, 0.9451253414154053, -0.08273150771856308, -0.31605955958366394], "cam_t_m2c": [309.00762939453125, -102.49864959716797, 693.4545288085938], "obj_id": 2}, {"cam_R_m2c": [-0.14691045880317688, -0.971703290939331, -0.1849597543478012, -0.29181408882141113, 0.22124257683753967, -0.9305354952812195, 0.9451253414154053, -0.08273150771856308, -0.31605955958366394], "cam_t_m2c": [309.00762939453125, -102.49864959716797, 693.4545288085938], "obj_id": 0}, {"cam_R_m2c": [-0.14691045880317688, -0.971703290939331, -0.1849597543478012, -0.29181408882141113, 0.22124257683753967, -0.9305354952812195, 0.9451253414154053, -0.08273150771856308, -0.31605955958366394], "cam_t_m2c": [309.00762939453125, -102.49864959716797, 693.4545288085938], "obj_id": 0}, {"cam_R_m2c": [-0.14691045880317688, -0.971703290939331, -0.1849597543478012, -0.29181408882141113, 0.22124257683753967, -0.9305354952812195, 0.9451253414154053, -0.08273150771856308, -0.31605955958366394], "cam_t_m2c": [309.00762939453125, -102.49864959716797, 693.4545288085938], "obj_id": 0}, {"cam_R_m2c": [-0.14691045880317688, -0.971703290939331, -0.1849597543478012, -0.29181408882141113, 0.22124257683753967, -0.9305354952812195, 0.9451253414154053, -0.08273150771856308, -0.31605955958366394], "cam_t_m2c": [309.00762939453125, -102.49864959716797, 693.4545288085938], "obj_id": 3}, {"cam_R_m2c": [-0.14691045880317688, -0.971703290939331, -0.1849597543478012, -0.29181408882141113, 0.22124257683753967, -0.9305354952812195, 0.9451253414154053, -0.08273150771856308, -0.31605955958366394], "cam_t_m2c": [309.00762939453125, -102.49864959716797, 693.4545288085938], "obj_id": 2}, {"cam_R_m2c": [-0.14691045880317688, -0.971703290939331, -0.1849597543478012, -0.29181408882141113, 0.22124257683753967, -0.9305354952812195, 0.9451253414154053, -0.08273150771856308, -0.31605955958366394], "cam_t_m2c": [309.00762939453125, -102.49864959716797, 693.4545288085938], "obj_id": 0}, {"cam_R_m2c": [-0.14691045880317688, -0.971703290939331, -0.1849597543478012, -0.29181408882141113, 0.22124257683753967, -0.9305354952812195, 0.9451253414154053, -0.08273150771856308, -0.31605955958366394], "cam_t_m2c": [309.00762939453125, -102.49864959716797, 693.4545288085938], "obj_id": 3}, {"cam_R_m2c": [-0.14691045880317688, -0.971703290939331, -0.1849597543478012, -0.29181408882141113, 0.22124257683753967, -0.9305354952812195, 0.9451253414154053, -0.08273150771856308, -0.31605955958366394], "cam_t_m2c": [309.00762939453125, -102.49864959716797, 693.4545288085938], "obj_id": 2}, {"cam_R_m2c": [-0.14691045880317688, -0.971703290939331, -0.1849597543478012, -0.29181408882141113, 0.22124257683753967, -0.9305354952812195, 0.9451253414154053, -0.08273150771856308, -0.31605955958366394], "cam_t_m2c": [309.00762939453125, -102.49864959716797, 693.4545288085938], "obj_id": 1}, {"cam_R_m2c": [-0.14691045880317688, -0.971703290939331, -0.1849597543478012, -0.29181408882141113, 0.22124257683753967, -0.9305354952812195, 0.9451253414154053, -0.08273150771856308, -0.31605955958366394], "cam_t_m2c": [309.00762939453125, -102.49864959716797, 693.4545288085938], "obj_id": 2}, {"cam_R_m2c": [0.33534690737724304, -0.41750961542129517, 0.8445283770561218, 0.9393765926361084, 0.21623456478118896, -0.26610952615737915, -0.07151295989751816, 0.8825691938400269, 0.46471235156059265], "cam_t_m2c": [328.6083984375, -96.75942993164062, 758.4220581054688], "obj_id": 1}, {"cam_R_m2c": [-0.19836604595184326, 0.47276780009269714, 0.858569324016571, -0.9514403343200684, 0.11750152707099915, -0.2845250070095062, -0.23539739847183228, -0.8733177185058594, 0.42650219798088074], "cam_t_m2c": [284.51824951171875, -97.26793670654297, 778.36669921875], "obj_id": 2}, {"cam_R_m2c": [0.3509269654750824, 0.5386448502540588, -0.7659712433815002, 0.04974253103137016, 0.8061152696609497, 0.5896641612052917, 0.9350807070732117, -0.24503040313720703, 0.2560940384864807], "cam_t_m2c": [194.78639221191406, -40.28101348876953, 484.9596862792969], "obj_id": 3}, {"cam_R_m2c": [0.902609646320343, -0.26957273483276367, -0.33559852838516235, -0.43045753240585327, -0.56790691614151, -0.7015610933303833, -0.0014669924275949597, 0.7776967287063599, -0.6286378502845764], "cam_t_m2c": [253.26329040527344, -184.61492919921875, 772.3595581054688], "obj_id": 4}],
  "5": [{"cam_R_m2c": [-0.8636637926101685, -0.4628162980079651, -0.19971424341201782, -0.14384666085243225, 0.6060243248939514, -0.7823315262794495, 0.4831075072288513, -0.6469432711601257, -0.5899757742881775], "cam_t_m2c": [26.919055938720703, -199.37030029296875, 861.370849609375], "obj_id": 1}, {"cam_R_m2c": [-0.8636637926101685, -0.4628162980079651, -0.19971424341201782, -0.14384666085243225, 0.6060243248939514, -0.7823315262794495, 0.4831075072288513, -0.6469432711601257, -0.5899757742881775], "cam_t_m2c": [26.919055938720703, -199.37030029296875, 861.370849609375], "obj_id": 2}, {"cam_R_m2c": [-0.8636637926101685, -0.4628162980079651, -0.19971424341201782, -0.14384666085243225, 0.6060243248939514, -0.7823315262794495, 0.4831075072288513, -0.6469432711601257, -0.5899757742881775], "cam_t_m2c": [26.919055938720703, -199.37030029296875, 861.370849609375], "obj_id": 0}, {"cam_R_m2c": [-0.8636637926101685, -0.4628162980079651, -0.19971424341201782, -0.14384666085243225, 0.6060243248939514, -0.7823315262794495, 0.4831075072288513, -0.6469432711601257, -0.5899757742881775], "cam_t_m2c": [26.919055938720703, -199.37030029296875, 861.370849609375], "obj_id": 0}, {"cam_R_m2c": [-0.8636637926101685, -0.4628162980079651, -0.19971424341201782, -0.14384666085243225, 0.6060243248939514, -0.7823315262794495, 0.4831075072288513, -0.6469432711601257, -0.5899757742881775], "cam_t_m2c": [26.919055938720703, -199.37030029296875, 861.370849609375], "obj_id": 0}, {"cam_R_m2c": [-0.8636637926101685, -0.4628162980079651, -0.19971424341201782, -0.14384666085243225, 0.6060243248939514, -0.7823315262794495, 0.4831075072288513, -0.6469432711601257, -0.5899757742881775], "cam_t_m2c": [26.919055938720703, -199.37030029296875, 861.370849609375], "obj_id": 3}, {"cam_R_m2c": [-0.8636637926101685, -0.4628162980079651, -0.19971424341201782, -0.14384666085243225, 0.6060243248939514, -0.7823315262794495, 0.4831075072288513, -0.6469432711601257, -0.5899757742881775], "cam_t_m2c": [26.919055938720703, -199.37030029296875, 861.370849609375], "obj_id": 2}, {"cam_R_m2c": [-0.8636637926101685, -0.4628162980079651, -0.19971424341201782, -0.14384666085243225, 0.6060243248939514, -0.7823315262794495, 0.4831075072288513, -0.6469432711601257, -0.5899757742881775], "cam_t_m2c": [26.919055938720703, -199.37030029296875, 861.370849609375], "obj_id": 0}, {"cam_R_m2c": [-0.8636637926101685, -0.4628162980079651, -0.19971424341201782, -0.14384666085243225, 0.6060243248939514, -0.7823315262794495, 0.4831075072288513, -0.6469432711601257, -0.5899757742881775], "cam_t_m2c": [26.919055938720703, -199.37030029296875, 861.370849609375], "obj_id": 3}, {"cam_R_m2c": [-0.8636637926101685, -0.4628162980079651, -0.19971424341201782, -0.14384666085243225, 0.6060243248939514, -0.7823315262794495, 0.4831075072288513, -0.6469432711601257, -0.5899757742881775], "cam_t_m2c": [26.919055938720703, -199.37030029296875, 861.370849609375], "obj_id": 2}, {"cam_R_m2c": [-0.8636637926101685, -0.4628162980079651, -0.19971424341201782, -0.14384666085243225, 0.6060243248939514, -0.7823315262794495, 0.4831075072288513, -0.6469432711601257, -0.5899757742881775], "cam_t_m2c": [26.919055938720703, -199.37030029296875, 861.370849609375], "obj_id": 1}, {"cam_R_m2c": [-0.8636637926101685, -0.4628162980079651, -0.19971424341201782, -0.14384666085243225, 0.6060243248939514, -0.7823315262794495, 0.4831075072288513, -0.6469432711601257, -0.5899757742881775], "cam_t_m2c": [26.919055938720703, -199.37030029296875, 861.370849609375], "obj_id": 2}, {"cam_R_m2c": [0.5720087885856628, -0.8145304322242737, 0.09667505323886871, 0.7029950618743896, 0.4260992109775543, -0.5694184303283691, 0.42261549830436707, 0.393674373626709, 0.8163434267044067], "cam_t_m2c": [-5.572364807128906, -198.49951171875, 921.2161865234375], "obj_id": 1}, {"cam_R_m2c": [-0.2726146876811981, 0.9537805318832397, 0.12642671167850494, -0.790624737739563, -0.1471983641386032, -0.5943441390991211, -0.5482640862464905, -0.26198312640190125, 0.7942111492156982], "cam_t_m2c": [-47.05165481567383, -179.0871124267578, 905.5759887695312], "obj_id": 2}, {"cam_R_m2c": [-0.4364560842514038, 0.7760748863220215, -0.4552074372768402, -0.04628618806600571, 0.4859028160572052, 0.8727863430976868, 0.8985341787338257, 0.40200275182724, -0.17615367472171783], "cam_t_m2c": [126.75669860839844, -107.556640625, 656.4554443359375], "obj_id": 3}, {"cam_R_m2c": [0.4104282259941101, -0.9118566513061523, 0.0081276660785079, -0.7710843682289124, -0.35179680585861206, -0.5307238101959229, 0.4868033528327942, 0.21155689656734467, -0.8475057482719421], "cam_t_m2c": [-91.23639678955078, -245.19775390625, 857.414306640625], "obj_id": 4}],
  "6": [{"cam_R_m2c": [-0.8636637926101685, -0.4628162980079651, -0.19971424341201782, -0.14384666085243225, 0.6060243248939514, -0.7823315262794495, 0.4831075072288513, -0.6469432711601257, -0.5899757742881775], "cam_t_m2c": [26.919055938720703, -199.37030029296875, 861.370849609375], "obj_id": 1}, {"cam_R_m2c": [-0.8636637926101685, -0.4628162980079651, -0.19971424341201782, -0.14384666085243225, 0.6060243248939514, -0.7823315262794495, 0.4831075072288513, -0.6469432711601257, -0.5899757742881775], "cam_t_m2c": [26.919055938720703, -199.37030029296875, 861.370849609375], "obj_id": 2}, {"cam_R_m2c": [-0.8636637926101685, -0.4628162980079651, -0.19971424341201782, -0.14384666085243225, 0.6060243248939514, -0.7823315262794495, 0.4831075072288513, -0.6469432711601257, -0.5899757742881775], "cam_t_m2c": [26.919055938720703, -199.37030029296875, 861.370849609375], "obj_id": 0}, {"cam_R_m2c": [-0.8636637926101685, -0.4628162980079651, -0.19971424341201782, -0.14384666085243225, 0.6060243248939514, -0.7823315262794495, 0.4831075072288513, -0.6469432711601257, -0.5899757742881775], "cam_t_m2c": [26.919055938720703, -199.37030029296875, 861.370849609375], "obj_id": 0}, {"cam_R_m2c": [-0.8636637926101685, -0.4628162980079651, -0.19971424341201782, -0.14384666085243225, 0.6060243248939514, -0.7823315262794495, 0.4831075072288513, -0.6469432711601257, -0.5899757742881775], "cam_t_m2c": [26.919055938720703, -199.37030029296875, 861.370849609375], "obj_id": 0}, {"cam_R_m2c": [-0.8636637926101685, -0.4628162980079651, -0.19971424341201782, -0.14384666085243225, 0.6060243248939514, -0.7823315262794495, 0.4831075072288513, -0.6469432711601257, -0.5899757742881775], "cam_t_m2c": [26.919055938720703, -199.37030029296875, 861.370849609375], "obj_id": 3}, {"cam_R_m2c": [-0.8636637926101685, -0.4628162980079651, -0.19971424341201782, -0.14384666085243225, 0.6060243248939514, -0.7823315262794495, 0.4831075072288513, -0.6469432711601257, -0.5899757742881775], "cam_t_m2c": [26.919055938720703, -199.37030029296875, 861.370849609375], "obj_id": 2}, {"cam_R_m2c": [-0.8636637926101685, -0.4628162980079651, -0.19971424341201782, -0.14384666085243225, 0.6060243248939514, -0.7823315262794495, 0.4831075072288513, -0.6469432711601257, -0.5899757742881775], "cam_t_m2c": [26.919055938720703, -199.37030029296875, 861.370849609375], "obj_id": 0}, {"cam_R_m2c": [-0.8636637926101685, -0.4628162980079651, -0.19971424341201782, -0.14384666085243225, 0.6060243248939514, -0.7823315262794495, 0.4831075072288513, -0.6469432711601257, -0.5899757742881775], "cam_t_m2c": [26.919055938720703, -199.37030029296875, 861.370849609375], "obj_id": 3}, {"cam_R_m2c": [-0.8636637926101685, -0.4628162980079651, -0.19971424341201782, -0.14384666085243225, 0.6060243248939514, -0.7823315262794495, 0.4831075072288513, -0.6469432711601257, -0.5899757742881775], "cam_t_m2c": [26.919055938720703, -199.37030029296875, 861.370849609375], "obj_id": 2}, {"cam_R_m2c": [-0.8636637926101685, -0.4628162980079651, -0.19971424341201782, -0.14384666085243225, 0.6060243248939514, -0.7823315262794495, 0.4831075072288513, -0.6469432711601257, -0.5899757742881775], "cam_t_m2c": [26.919055938720703, -199.37030029296875, 861.370849609375], "obj_id": 1}, {"cam_R_m2c": [-0.8636637926101685, -0.4628162980079651, -0.19971424341201782, -0.14384666085243225, 0.6060243248939514, -0.7823315262794495, 0.4831075072288513, -0.6469432711601257, -0.5899757742881775], "cam_t_m2c": [26.919055938720703, -199.37030029296875, 861.370849609375], "obj_id": 2}, {"cam_R_m2c": [0.5720087885856628, -0.8145304322242737, 0.09667505323886871, 0.7029950618743896, 0.4260992109775543, -0.5694184303283691, 0.42261549830436707, 0.393674373626709, 0.8163434267044067], "cam_t_m2c": [-5.572364807128906, -198.49951171875, 921.2161865234375], "obj_id": 1}, {"cam_R_m2c": [-0.2726146876811981, 0.9537805318832397, 0.12642671167850494, -0.790624737739563, -0.1471983641386032, -0.5943441390991211, -0.5482640862464905, -0.26198312640190125, 0.7942111492156982], "cam_t_m2c": [-47.05165481567383, -179.0871124267578, 905.5759887695312], "obj_id": 2}, {"cam_R_m2c": [-0.4364560842514038, 0.7760748863220215, -0.4552074372768402, -0.04628618806600571, 0.4859028160572052, 0.8727863430976868, 0.8985341787338257, 0.40200275182724, -0.17615367472171783], "cam_t_m2c": [126.75669860839844, -107.556640625, 656.4554443359375], "obj_id": 3}, {"cam_R_m2c": [0.4104282259941101, -0.9118566513061523, 0.0081276660785079, -0.7710843682289124, -0.35179680585861206, -0.5307238101959229, 0.4868033528327942, 0.21155689656734467, -0.8475057482719421], "cam_t_m2c": [-91.23639678955078, -245.19775390625, 857.414306640625], "obj_id": 4}],
  "7": [{"cam_R_m2c": [0.9931313991546631, 0.10639943182468414, -0.048674602061510086, -0.011080051772296429, -0.3286137878894806, -0.9443994164466858, -0.11647870391607285, 0.9384520649909973, -0.32517775893211365], "cam_t_m2c": [149.61151123046875, 138.54620361328125, 175.15843200683594], "obj_id": 1}, {"cam_R_m2c": [0.9931313991546631, 0.10639943182468414, -0.048674602061510086, -0.011080051772296429, -0.3286137878894806, -0.9443994164466858, -0.11647870391607285, 0.9384520649909973, -0.32517775893211365], "cam_t_m2c": [149.61151123046875, 138.54620361328125, 175.15843200683594], "obj_id": 2}, {"cam_R_m2c": [0.9931313991546631, 0.10639943182468414, -0.048674602061510086, -0.011080051772296429, -0.3286137878894806, -0.9443994164466858, -0.11647870391607285, 0.9384520649909973, -0.32517775893211365], "cam_t_m2c": [149.61151123046875, 138.54620361328125, 175.15843200683594], "obj_id": 0}, {"cam_R_m2c": [0.9931313991546631, 0.10639943182468414, -0.048674602061510086, -0.011080051772296429, -0.3286137878894806, -0.9443994164466858, -0.11647870391607285, 0.9384520649909973, -0.32517775893211365], "cam_t_m2c": [149.61151123046875, 138.54620361328125, 175.15843200683594], "obj_id": 0}, {"cam_R_m2c": [0.9931313991546631, 0.10639943182468414, -0.048674602061510086, -0.011080051772296429, -0.3286137878894806, -0.9443994164466858, -0.11647870391607285, 0.9384520649909973, -0.32517775893211365], "cam_t_m2c": [149.61151123046875, 138.54620361328125, 175.15843200683594], "obj_id": 0}, {"cam_R_m2c": [0.9931313991546631, 0.10639943182468414, -0.048674602061510086, -0.011080051772296429, -0.3286137878894806, -0.9443994164466858, -0.11647870391607285, 0.9384520649909973, -0.32517775893211365], "cam_t_m2c": [149.61151123046875, 138.54620361328125, 175.15843200683594], "obj_id": 3}, {"cam_R_m2c": [0.9931313991546631, 0.10639943182468414, -0.048674602061510086, -0.011080051772296429, -0.3286137878894806, -0.9443994164466858, -0.11647870391607285, 0.9384520649909973, -0.32517775893211365], "cam_t_m2c": [149.61151123046875, 138.54620361328125, 175.15843200683594], "obj_id": 2}, {"cam_R_m2c": [0.9931313991546631, 0.10639943182468414, -0.048674602061510086, -0.011080051772296429, -0.3286137878894806, -0.9443994164466858, -0.11647870391607285, 0.9384520649909973, -0.32517775893211365], "cam_t_m2c": [149.61151123046875, 138.54620361328125, 175.15843200683594], "obj_id": 0}, {"cam_R_m2c": [0.9931313991546631, 0.10639943182468414, -0.048674602061510086, -0.011080051772296429, -0.3286137878894806, -0.9443994164466858, -0.11647870391607285, 0.9384520649909973, -0.32517775893211365], "cam_t_m2c": [149.61151123046875, 138.54620361328125, 175.15843200683594], "obj_id": 3}, {"cam_R_m2c": [0.9931313991546631, 0.10639943182468414, -0.048674602061510086, -0.011080051772296429, -0.3286137878894806, -0.9443994164466858, -0.11647870391607285, 0.9384520649909973, -0.32517775893211365], "cam_t_m2c": [149.61151123046875, 138.54620361328125, 175.15843200683594], "obj_id": 2}, {"cam_R_m2c": [0.9931313991546631, 0.10639943182468414, -0.048674602061510086, -0.011080051772296429, -0.3286137878894806, -0.9443994164466858, -0.11647870391607285, 0.9384520649909973, -0.32517775893211365], "cam_t_m2c": [149.61151123046875, 138.54620361328125, 175.15843200683594], "obj_id": 1}, {"cam_R_m2c": [0.9931313991546631, 0.10639943182468414, -0.048674602061510086, -0.011080051772296429, -0.3286137878894806, -0.9443994164466858, -0.11647870391607285, 0.9384520649909973, -0.32517775893211365], "cam_t_m2c": [149.61151123046875, 138.54620361328125, 175.15843200683594], "obj_id": 2}, {"cam_R_m2c": [-0.3557545244693756, 0.8867571949958801, 0.2951275110244751, 0.9039260745048523, 0.24626579880714417, 0.3496723175048828, 0.23739464581012726, 0.39117100834846497, -0.889173150062561], "cam_t_m2c": [205.04176330566406, 173.38345336914062, 156.403076171875], "obj_id": 1}, {"cam_R_m2c": [0.03540920093655586, -0.9650382399559021, 0.25970616936683655, -0.9425379037857056, 0.05413921922445297, 0.3296833038330078, -0.332217276096344, -0.25645673274993896, -0.9076680541038513], "cam_t_m2c": [234.6003875732422, 157.40658569335938, 191.2314453125], "obj_id": 2}, {"cam_R_m2c": [0.7885372638702393, -0.5391682386398315, 0.2958151698112488, 0.5089224576950073, 0.8421395421028137, 0.17832256853580475, -0.3452635109424591, 0.009932988323271275, 0.938453197479248], "cam_t_m2c": [-33.76361846923828, 66.57263946533203, 322.06304931640625], "obj_id": 3}, {"cam_R_m2c": [-0.12315138429403305, 0.9253594875335693, -0.35852962732315063, 0.09850691258907318, -0.3480967879295349, -0.9322687387466431, -0.987486720085144, -0.1501278579235077, -0.04828567057847977], "cam_t_m2c": [255.7341766357422, 69.33031463623047, 170.29368591308594], "obj_id": 4}]
}