{
  "0": [{"cam_R_m2c": [-0.15629275143146515, -0.9822977185249329, -0.10326550155878067, 0.45251086354255676, 0.021720949560403824, -0.8914943337440491, 0.8779558539390564, -0.18606285750865936, 0.44110554456710815], "cam_t_m2c": [116.82403564453125, 5064.33251953125, 3939.12109375], "obj_id": 1}, {"cam_R_m2c": [-0.21338792145252228, -0.2398243546485901, 0.9470743536949158, 0.1732928305864334, -0.9633214473724365, -0.20489346981048584, 0.9614755511283875, 0.12039940059185028, 0.24712102115154266], "cam_t_m2c": [14.102665901184082, 5045.27294921875, 3981.330810546875], "obj_id": 1}, {"cam_R_m2c": [-0.6270990371704102, 0.5391958951950073, -0.5621517300605774, 0.5393190979957581, 0.8212777972221375, 0.18611198663711548, 0.5620335340499878, -0.1864684820175171, -0.8058211803436279], "cam_t_m2c": [44.021358489990234, 5082.357421875, 3940.12060546875], "obj_id": 1}, {"cam_R_m2c": [-0.505670428276062, -0.40325772762298584, -0.7626798152923584, 0.8626551628112793, -0.24772301316261292, -0.4409753382205963, -0.011106664314866066, -0.8809179067611694, 0.473138689994812], "cam_t_m2c": [-81.12162017822266, 5079.44677734375, 3922.0224609375], "obj_id": 2}, {"cam_R_m2c": [0.5116017460823059, -0.8589508533477783, -0.021612804383039474, 0.7234919667243958, 0.4442168176174164, -0.5284229516983032, 0.4634901285171509, 0.25470542907714844, 0.8487061262130737], "cam_t_m2c": [25.140634536743164, 5103.96728515625, 3828.943603515625], "obj_id": 2}, {"cam_R_m2c": [-0.05324239283800125, 0.9705032110214233, 0.23513579368591309, 0.8934827446937561, 0.15145139396190643, -0.42278963327407837, -0.4459303617477417, 0.1875794529914856, -0.8751915097236633], "cam_t_m2c": [55.60941696166992, 11.9867582321167, 889.1427001953125], "obj_id": 3}, {"cam_R_m2c": [-0.24066661298274994, 0.607164204120636, -0.7572523951530457, -0.6901038885116577, -0.6556582450866699, -0.30638033151626587, -0.6825219392776489, 0.44884732365608215, 0.5768014192581177], "cam_t_m2c": [-38.50537109375, -6.405791282653809, 920.0903930664062], "obj_id": 3}, {"cam_R_m2c": [0.9892604351043701, -0.08921963721513748, 0.11577435582876205, -0.0501830168068409, -0.9512616395950317, -0.30427423119544983, 0.1372789442539215, 0.2951965630054474, -0.9455227851867676], "cam_t_m2c": [89.22604370117188, -19.359304428100586, 941.88623046875], "obj_id": 2}, {"cam_R_m2c": [0.6915779113769531, 0.4525114595890045, 0.5629860758781433, 0.2345600575208664, 0.5964928865432739, -0.767579197883606, -0.6831555962562561, 0.6628948450088501, 0.3063802123069763], "cam_t_m2c": [20.834043502807617, -34.708702087402344, 967.7134399414062], "obj_id": 1}, {"cam_R_m2c": [-0.09344904869794846, 0.36486148834228516, 0.9263602495193481, -0.7215423583984375, 0.6162956953048706, -0.31552523374557495, -0.6860348582267761, -0.6978937387466431, 0.2056708037853241], "cam_t_m2c": [44.804931640625, -43.79608917236328, 983.0040283203125], "obj_id": 2}, {"cam_R_m2c": [0.2595911920070648, -0.19352714717388153, 0.9461287260055542, 0.9644986987113953, 0.1011829525232315, -0.2439347207546234, -0.048524029552936554, 0.9758632779121399, 0.21292296051979065], "cam_t_m2c": [-17.384845733642578, -5.023745059967041, 917.764892578125], "obj_id": 2}, {"cam_R_m2c": [-0.5801628828048706, -0.12246844172477722, 0.8052406311035156, 0.8130671977996826, -0.14570419490337372, 0.5636417269706726, 0.048298630863428116, 0.9817187786102295, 0.18410727381706238], "cam_t_m2c": [135.93150329589844, 4.566788673400879, 901.6277465820312], "obj_id": 3}],
  "1": [{"cam_R_m2c": [0.2492499202489853, 0.9345600008964539, 0.2539133131504059, 0.9657023549079895, -0.22015313804149628, -0.13766427338123322, -0.07275570183992386, 0.2795175015926361, -0.957379937171936], "cam_t_m2c": [-111.7167739868164, 5328.6015625, 3446.548583984375], "obj_id": 1}, {"cam_R_m2c": [0.34453752636909485, 0.34454306960105896, -0.873260498046875, 0.8753740191459656, -0.4539565443992615, 0.16626375913619995, -0.33913734555244446, -0.8217136859893799, -0.45800909399986267], "cam_t_m2c": [-2.3194427490234375, 5344.8076171875, 3424.956787109375], "obj_id": 1}, {"cam_R_m2c": [0.6544633507728577, -0.6360032558441162, 0.4088734984397888, 0.7148180603981018, 0.3442327082157135, -0.6087191104888916, 0.24639970064163208, 0.6906545162200928, 0.6799143552780151], "cam_t_m2c": [-41.662078857421875, 5333.64111328125, 3472.874755859375], "obj_id": 1}, {"cam_R_m2c": [0.41496461629867554, 0.2813296914100647, 0.8652501702308655, 0.42930009961128235, -0.8990174531936646, 0.08642126619815826, 0.8021880388259888, 0.3355902433395386, -0.4938352108001709], "cam_t_m2c": [78.80858612060547, 5307.0849609375, 3500.774658203125], "obj_id": 2}, {"cam_R_m2c": [-0.49774354696273804, 0.8430551290512085, 0.20373904705047607, 0.8259921073913574, 0.38910800218582153, 0.407838374376297, 0.2645536959171295, 0.37128570675849915, -0.8900328874588013], "cam_t_m2c": [-42.56317901611328, 5252.06689453125, 3553.675537109375], "obj_id": 2}, {"cam_R_m2c": [-0.10097859054803848, -0.9388782978057861, -0.3291061520576477, 0.12232377380132675, 0.316570520401001, -0.9406487345695496, 0.987339973449707, -0.13524287939071655, 0.08288028091192245], "cam_t_m2c": [-58.95817184448242, -5.626670837402344, 921.56640625], "obj_id": 3}, {"cam_R_m2c": [0.19387181103229523, -0.4653584063053131, 0.8636291027069092, -0.967289924621582, 0.056127775460481644, 0.24738599359989166, -0.1635967195034027, -0.8833408951759338, -0.43925490975379944], "cam_t_m2c": [40.1474609375, 2.307990789413452, 905.1728515625], "obj_id": 3}, {"cam_R_m2c": [-0.9464073181152344, 0.22277846932411194, -0.23384355008602142, 0.16451534628868103, -0.2905386686325073, -0.9426144361495972, -0.2779347896575928, -0.9305680990219116, 0.23831751942634583], "cam_t_m2c": [-80.8081283569336, 23.32807731628418, 861.743896484375], "obj_id": 2}, {"cam_R_m2c": [-0.8090513944625854, -0.3965047001838684, -0.4338429868221283, -0.3805350661277771, 0.915939211845398, -0.1274694800376892, 0.44791603088378906, 0.06196310743689537, -0.8919258117675781], "cam_t_m2c": [-8.080427169799805, 30.757308959960938, 846.3945922851562], "obj_id": 1}, {"cam_R_m2c": [0.051509492099285126, -0.5257455110549927, -0.8490809202194214, -0.975935697555542, -0.20688773691654205, 0.06889841705560684, -0.2118874490261078, 0.8250994682312012, -0.5237505435943604], "cam_t_m2c": [-28.401004791259766, 40.28291702270508, 826.7140502929688], "obj_id": 2}, {"cam_R_m2c": [-0.35280683636665344, 0.33399462699890137, -0.8740566372871399, 0.5157008767127991, 0.8488516807556152, 0.11620426923036575, 0.7807560563087463, -0.4097541272640228, -0.4717220067977905], "cam_t_m2c": [18.888036727905273, 2.82918381690979, 904.0960083007812], "obj_id": 2}, {"cam_R_m2c": [0.502153754234314, 0.2880775034427643, -0.8153851628303528, 0.44504934549331665, 0.7223459482192993, 0.5292895436286926, 0.7414665818214417, -0.6286713480949402, 0.23452000319957733], "cam_t_m2c": [-135.27870178222656, 6.983107089996338, 895.5138549804688], "obj_id": 3}]
}