{
  "0": [{"cam_R_m2c": [0.8661175966262817, -0.4940362572669983, 0.07595022022724152, 0.020440224558115005, -0.11681453883647919, -0.9929433465003967, 0.4994221329689026, 0.861558198928833, -0.09107691794633865], "cam_t_m2c": [173.1764373779297, 32.70462417602539, 505.2091979980469], "obj_id": 3}, {"cam_R_m2c": [0.8661175966262817, -0.4940362572669983, 0.07595022022724152, 0.020440224558115005, -0.11681453883647919, -0.9929433465003967, 0.4994221329689026, 0.861558198928833, -0.09107691794633865], "cam_t_m2c": [173.1764373779297, 32.70462417602539, 505.2091979980469], "obj_id": 0}, {"cam_R_m2c": [0.8661175966262817, -0.4940362572669983, 0.07595022022724152, 0.020440224558115005, -0.11681453883647919, -0.9929433465003967, 0.4994221329689026, 0.861558198928833, -0.09107691794633865], "cam_t_m2c": [173.1764373779297, 32.70462417602539, 505.2091979980469], "obj_id": 3}, {"cam_R_m2c": [0.8661175966262817, -0.4940362572669983, 0.07595022022724152, 0.020440224558115005, -0.11681453883647919, -0.9929433465003967, 0.4994221329689026, 0.861558198928833, -0.09107691794633865], "cam_t_m2c": [173.1764373779297, 32.70462417602539, 505.2091979980469], "obj_id": 0}, {"cam_R_m2c": [0.8661175966262817, -0.4940362572669983, 0.07595022022724152, 0.020440224558115005, -0.11681453883647919, -0.9929433465003967, 0.4994221329689026, 0.861558198928833, -0.09107691794633865], "cam_t_m2c": [173.1764373779297, 32.70462417602539, 505.2091979980469], "obj_id": 1}, {"cam_R_m2c": [0.8661175966262817, -0.4940362572669983, 0.07595022022724152, 0.020440224558115005, -0.11681453883647919, -0.9929433465003967, 0.4994221329689026, 0.861558198928833, -0.09107691794633865], "cam_t_m2c": [173.1764373779297, 32.70462417602539, 505.2091979980469], "obj_id": 3}, {"cam_R_m2c": [0.8661175966262817, -0.4940362572669983, 0.07595022022724152, 0.020440224558115005, -0.11681453883647919, -0.9929433465003967, 0.4994221329689026, 0.861558198928833, -0.09107691794633865], "cam_t_m2c": [173.1764373779297, 32.70462417602539, 505.2091979980469], "obj_id": 2}, {"cam_R_m2c": [0.8661175966262817, -0.4940362572669983, 0.07595022022724152, 0.020440224558115005, -0.11681453883647919, -0.9929433465003967, 0.4994221329689026, 0.861558198928833, -0.09107691794633865], "cam_t_m2c": [173.1764373779297, 32.70462417602539, 505.2091979980469], "obj_id": 0}, {"cam_R_m2c": [0.8661175966262817, -0.4940362572669983, 0.07595022022724152, 0.020440224558115005, -0.11681453883647919, -0.9929433465003967, 0.4994221329689026, 0.861558198928833, -0.09107691794633865], "cam_t_m2c": [173.1764373779297, 32.70462417602539, 505.2091979980469], "obj_id": 1}, {"cam_R_m2c": [0.8661175966262817, -0.4940362572669983, 0.07595022022724152, 0.020440224558115005, -0.11681453883647919, -0.9929433465003967, 0.4994221329689026, 0.861558198928833, -0.09107691794633865], "cam_t_m2c": [173.1764373779297, 32.70462417602539, 505.2091979980469], "obj_id": 2}, {"cam_R_m2c": [0.8661175966262817, -0.4940362572669983, 0.07595022022724152, 0.020440224558115005, -0.11681453883647919, -0.9929433465003967, 0.4994221329689026, 0.861558198928833, -0.09107691794633865], "cam_t_m2c": [173.1764373779297, 32.70462417602539, 505.2091979980469], "obj_id": 0}, {"cam_R_m2c": [0.8661175966262817, -0.4940362572669983, 0.07595022022724152, 0.020440224558115005, -0.11681453883647919, -0.9929433465003967, 0.4994221329689026, 0.861558198928833, -0.09107691794633865], "cam_t_m2c": [173.1764373779297, 32.70462417602539, 505.2091979980469], "obj_id": 0}, {"cam_R_m2c": [-0.22127683460712433, 0.31824275851249695, 0.921823263168335, 0.9721903204917908, -0.0023558535613119602, 0.23418039083480835, 0.07669788599014282, 0.9480063319206238, -0.30887123942375183], "cam_t_m2c": [77.75609588623047, 15.521708488464355, 691.773681640625], "obj_id": 1}, {"cam_R_m2c": [0.48219093680381775, 0.6930938363075256, -0.5358290076255798, -0.8760270476341248, 0.38723939657211304, -0.2874406576156616, 0.008270690217614174, 0.6080020070075989, 0.7938923835754395], "cam_t_m2c": [79.96949005126953, 5.471971035003662, 371.8638000488281], "obj_id": 2}, {"cam_R_m2c": [0.05908902734518051, 0.10565096884965897, 0.9926460981369019, -0.98790043592453, 0.1490248739719391, 0.04294523969292641, -0.14339172840118408, -0.983173131942749, 0.11317840218544006], "cam_t_m2c": [53.14091491699219, 87.30705261230469, 108.19810485839844], "obj_id": 3}, {"cam_R_m2c": [-0.3259385824203491, -0.8837982416152954, -0.33565524220466614, -0.21815291047096252, -0.27515026926994324, 0.936323344707489, -0.9198766946792603, 0.37840819358825684, -0.10312096774578094], "cam_t_m2c": [408.1080017089844, 46.32439422607422, 437.3147888183594], "obj_id": 4}],
  "1": [{"cam_R_m2c": [-0.6654930114746094, -0.7462084889411926, 0.017080120742321014, -0.47622188925743103, 0.4068673849105835, -0.7795329093933105, 0.5747447609901428, -0.526907742023468, -0.6261281967163086], "cam_t_m2c": [11.93935775756836, -107.54598236083984, 621.521728515625], "obj_id": 3}, {"cam_R_m2c": [-0.6654930114746094, -0.7462084889411926, 0.017080120742321014, -0.47622188925743103, 0.4068673849105835, -0.7795329093933105, 0.5747447609901428, -0.526907742023468, -0.6261281967163086], "cam_t_m2c": [11.93935775756836, -107.54598236083984, 621.521728515625], "obj_id": 0}, {"cam_R_m2c": [-0.6654930114746094, -0.7462084889411926, 0.017080120742321014, -0.47622188925743103, 0.4068673849105835, -0.7795329093933105, 0.5747447609901428, -0.526907742023468, -0.6261281967163086], "cam_t_m2c": [11.93935775756836, -107.54598236083984, 621.521728515625], "obj_id": 3}, {"cam_R_m2c": [-0.6654930114746094, -0.7462084889411926, 0.017080120742321014, -0.47622188925743103, 0.4068673849105835, -0.7795329093933105, 0.5747447609901428, -0.526907742023468, -0.6261281967163086], "cam_t_m2c": [11.93935775756836, -107.54598236083984, 621.521728515625], "obj_id": 0}, {"cam_R_m2c": [-0.6654930114746094, -0.7462084889411926, 0.017080120742321014, -0.47622188925743103, 0.4068673849105835, -0.7795329093933105, 0.5747447609901428, -0.526907742023468, -0.6261281967163086], "cam_t_m2c": [11.93935775756836, -107.54598236083984, 621.521728515625], "obj_id": 1}, {"cam_R_m2c": [-0.6654930114746094, -0.7462084889411926, 0.017080120742321014, -0.47622188925743103, 0.4068673849105835, -0.7795329093933105, 0.5747447609901428, -0.526907742023468, -0.6261281967163086], "cam_t_m2c": [11.93935775756836, -107.54598236083984, 621.521728515625], "obj_id": 3}, {"cam_R_m2c": [-0.6654930114746094, -0.7462084889411926, 0.017080120742321014, -0.47622188925743103, 0.4068673849105835, -0.7795329093933105, 0.5747447609901428, -0.526907742023468, -0.6261281967163086], "cam_t_m2c": [11.93935775756836, -107.54598236083984, 621.521728515625], "obj_id": 2}, {"cam_R_m2c": [-0.6654930114746094, -0.7462084889411926, 0.017080120742321014, -0.47622188925743103, 0.4068673849105835, -0.7795329093933105, 0.5747447609901428, -0.526907742023468, -0.6261281967163086], "cam_t_m2c": [11.93935775756836, -107.54598236083984, 621.521728515625], "obj_id": 0}, {"cam_R_m2c": [-0.6654930114746094, -0.7462084889411926, 0.017080120742321014, -0.47622188925743103, 0.4068673849105835, -0.7795329093933105, 0.5747447609901428, -0.526907742023468, -0.6261281967163086], "cam_t_m2c": [11.93935775756836, -107.54598236083984, 621.521728515625], "obj_id": 1}, {"cam_R_m2c": [-0.6654930114746094, -0.7462084889411926, 0.017080120742321014, -0.47622188925743103, 0.4068673849105835, -0.7795329093933105, 0.5747447609901428, -0.526907742023468, -0.6261281967163086], "cam_t_m2c": [11.93935775756836, -107.54598236083984, 621.521728515625], "obj_id": 2}, {"cam_R_m2c": [-0.6654930114746094, -0.7462084889411926, 0.017080120742321014, -0.47622188925743103, 0.4068673849105835, -0.7795329093933105, 0.5747447609901428, -0.526907742023468, -0.6261281967163086], "cam_t_m2c": [11.93935775756836, -107.54598236083984, 621.521728515625], "obj_id": 0}, {"cam_R_m2c": [-0.6654930114746094, -0.7462084889411926, 0.017080120742321014, -0.47622188925743103, 0.4068673849105835, -0.7795329093933105, 0.5747447609901428, -0.526907742023468, -0.6261281967163086], "cam_t_m2c": [11.93935775756836, -107.54598236083984, 621.521728515625], "obj_id": 0}, {"cam_R_m2c": [0.025792712345719337, -0.9918637871742249, 0.1246626153588295, 0.8597741723060608, -0.041612934321165085, -0.5089760422706604, 0.5100225210189819, 0.12030953913927078, 0.8517057299613953], "cam_t_m2c": [-151.57415771484375, -21.402910232543945, 521.2755126953125], "obj_id": 1}, {"cam_R_m2c": [-0.157212495803833, -0.7150734663009644, -0.68114173412323, -0.9507493376731873, -0.07697580009698868, 0.30025041103363037, -0.26713255047798157, 0.6947982311248779, -0.667754054069519], "cam_t_m2c": [159.89422607421875, -88.86309814453125, 551.0203247070312], "obj_id": 2}, {"cam_R_m2c": [0.0719485804438591, 0.9470075368881226, -0.3130497336387634, -0.7741866111755371, -0.14486292004585266, -0.6161573529243469, -0.6288549900054932, 0.2866905629634857, 0.7227378487586975], "cam_t_m2c": [427.6189880371094, -60.594993591308594, 617.8089599609375], "obj_id": 3}, {"cam_R_m2c": [0.9534931182861328, -0.20275679230690002, 0.2230258285999298, -0.10609684139490128, 0.46680551767349243, 0.8779726624488831, -0.2821246087551117, -0.8608032464981079, 0.4235840141773224], "cam_t_m2c": [30.530731201171875, -268.2891540527344, 805.38037109375], "obj_id": 4}],
  "2": [{"cam_R_m2c": [-0.6654930114746094, -0.7462084889411926, 0.017080120742321014, -0.47622188925743103, 0.4068673849105835, -0.7795329093933105, 0.5747447609901428, -0.526907742023468, -0.6261281967163086], "cam_t_m2c": [11.93935775756836, -107.54598236083984, 621.521728515625], "obj_id": 3}, {"cam_R_m2c": [-0.6654930114746094, -0.7462084889411926, 0.017080120742321014, -0.47622188925743103, 0.4068673849105835, -0.7795329093933105, 0.5747447609901428, -0.526907742023468, -0.6261281967163086], "cam_t_m2c": [11.93935775756836, -107.54598236083984, 621.521728515625], "obj_id": 0}, {"cam_R_m2c": [-0.6654930114746094, -0.7462084889411926, 0.017080120742321014, -0.47622188925743103, 0.4068673849105835, -0.7795329093933105, 0.5747447609901428, -0.526907742023468, -0.6261281967163086], "cam_t_m2c": [11.93935775756836, -107.54598236083984, 621.521728515625], "obj_id": 3}, {"cam_R_m2c": [-0.6654930114746094, -0.7462084889411926, 0.017080120742321014, -0.47622188925743103, 0.4068673849105835, -0.7795329093933105, 0.5747447609901428, -0.526907742023468, -0.6261281967163086], "cam_t_m2c": [11.93935775756836, -107.54598236083984, 621.521728515625], "obj_id": 0}, {"cam_R_m2c": [-0.6654930114746094, -0.7462084889411926, 0.017080120742321014, -0.47622188925743103, 0.4068673849105835, -0.7795329093933105, 0.5747447609901428, -0.526907742023468, -0.6261281967163086], "cam_t_m2c": [11.93935775756836, -107.54598236083984, 621.521728515625], "obj_id": 1}, {"cam_R_m2c": [-0.6654930114746094, -0.7462084889411926, 0.017080120742321014, -0.47622188925743103, 0.4068673849105835, -0.7795329093933105, 0.5747447609901428, -0.526907742023468, -0.6261281967163086], "cam_t_m2c": [11.93935775756836, -107.54598236083984, 621.521728515625], "obj_id": 3}, {"cam_R_m2c": [-0.6654930114746094, -0.7462084889411926, 0.017080120742321014, -0.47622188925743103, 0.4068673849105835, -0.7795329093933105, 0.5747447609901428, -0.526907742023468, -0.6261281967163086], "cam_t_m2c": [11.93935775756836, -107.54598236083984, 621.521728515625], "obj_id": 2}, {"cam_R_m2c": [-0.6654930114746094, -0.7462084889411926, 0.017080120742321014, -0.47622188925743103, 0.4068673849105835, -0.7795329093933105, 0.5747447609901428, -0.526907742023468, -0.6261281967163086], "cam_t_m2c": [11.93935775756836, -107.54598236083984, 621.521728515625], "obj_id": 0}, {"cam_R_m2c": [-0.6654930114746094, -0.7462084889411926, 0.017080120742321014, -0.47622188925743103, 0.4068673849105835, -0.7795329093933105, 0.5747447609901428, -0.526907742023468, -0.6261281967163086], "cam_t_m2c": [11.93935775756836, -107.54598236083984, 621.521728515625], "obj_id": 1}, {"cam_R_m2c": [-0.6654930114746094, -0.7462084889411926, 0.017080120742321014, -0.47622188925743103, 0.4068673849105835, -0.7795329093933105, 0.5747447609901428, -0.526907742023468, -0.6261281967163086], "cam_t_m2c": [11.93935775756836, -107.54598236083984, 621.521728515625], "obj_id": 2}, {"cam_R_m2c": [-0.6654930114746094, -0.7462084889411926, 0.017080120742321014, -0.47622188925743103, 0.4068673849105835, -0.7795329093933105, 0.5747447609901428, -0.526907742023468, -0.6261281967163086], "cam_t_m2c": [11.93935775756836, -107.54598236083984, 621.521728515625], "obj_id": 0}, {"cam_R_m2c": [-0.6654930114746094, -0.7462084889411926, 0.017080120742321014, -0.47622188925743103, 0.4068673849105835, -0.7795329093933105, 0.5747447609901428, -0.526907742023468, -0.6261281967163086], "cam_t_m2c": [11.93935775756836, -107.54598236083984, 621.521728515625], "obj_id": 0}, {"cam_R_m2c": [0.025792712345719337, -0.9918637871742249, 0.1246626153588295, 0.8597741723060608, -0.041612934321165085, -0.5089760422706604, 0.5100225210189819, 0.12030953913927078, 0.8517057299613953], "cam_t_m2c": [-151.57415771484375, -21.402910232543945, 521.2755126953125], "obj_id": 1}, {"cam_R_m2c": [-0.157212495803833, -0.7150734663009644, -0.68114173412323, -0.9507493376731873, -0.07697580009698868, 0.30025041103363037, -0.26713255047798157, 0.6947982311248779, -0.667754054069519], "cam_t_m2c": [159.89422607421875, -88.86309814453125, 551.0203247070312], "obj_id": 2}, {"cam_R_m2c": [0.0719485804438591, 0.9470075368881226, -0.3130497336387634, -0.7741866111755371, -0.14486292004585266, -0.6161573529243469, -0.6288549900054932, 0.2866905629634857, 0.7227378487586975], "cam_t_m2c": [427.6189880371094, -60.594993591308594, 617.8089599609375], "obj_id": 3}, {"cam_R_m2c": [0.9534931182861328, -0.20275679230690002, 0.2230258285999298, -0.10609684139490128, 0.46680551767349243, 0.8779726624488831, -0.2821246087551117, -0.8608032464981079, 0.4235840141773224], "cam_t_m2c": [30.530731201171875, -268.2891540527344, 805.38037109375], "obj_id": 4}],
  "3": [{"cam_R_m2c": [0.7969561219215393, -0.561691164970398, 0.2221800982952118, -0.19840747117996216, -0.5908399224281311, -0.7820119857788086, 0.5705220699310303, 0.5791470408439636, -0.5823172330856323], "cam_t_m2c": [177.48202514648438, 70.13737487792969, 471.0599060058594], "obj_id": 3}, {"cam_R_m2c": [0.7969561219215393, -0.561691164970398, 0.2221800982952118, -0.19840747117996216, -0.5908399224281311, -0.7820119857788086, 0.5705220699310303, 0.5791470408439636, -0.5823172330856323], "cam_t_m2c": [177.48202514648438, 70.13737487792969, 471.0599060058594], "obj_id": 0}, {"cam_R_m2c": [0.7969561219215393, -0.561691164970398, 0.2221800982952118, -0.19840747117996216, -0.5908399224281311, -0.7820119857788086, 0.5705220699310303, 0.5791470408439636, -0.5823172330856323], "cam_t_m2c": [177.48202514648438, 70.13737487792969, 471.0599060058594], "obj_id": 3}, {"cam_R_m2c": [0.7969561219215393, -0.561691164970398, 0.2221800982952118, -0.19840747117996216, -0.5908399224281311, -0.7820119857788086, 0.5705220699310303, 0.5791470408439636, -0.5823172330856323], "cam_t_m2c": [177.48202514648438, 70.13737487792969, 471.0599060058594], "obj_id": 0}, {"cam_R_m2c": [0.7969561219215393, -0.561691164970398, 0.2221800982952118, -0.19840747117996216, -0.5908399224281311, -0.7820119857788086, 0.5705220699310303, 0.5791470408439636, -0.5823172330856323], "cam_t_m2c": [177.48202514648438, 70.13737487792969, 471.0599060058594], "obj_id": 1}, {"cam_R_m2c": [0.7969561219215393, -0.561691164970398, 0.2221800982952118, -0.19840747117996216, -0.5908399224281311, -0.7820119857788086, 0.5705220699310303, 0.5791470408439636, -0.5823172330856323], "cam_t_m2c": [177.48202514648438, 70.13737487792969, 471.0599060058594], "obj_id": 3}, {"cam_R_m2c": [0.7969561219215393, -0.561691164970398, 0.2221800982952118, -0.19840747117996216, -0.5908399224281311, -0.7820119857788086, 0.5705220699310303, 0.5791470408439636, -0.5823172330856323], "cam_t_m2c": [177.48202514648438, 70.13737487792969, 471.0599060058594], "obj_id": 2}, {"cam_R_m2c": [0.7969561219215393, -0.561691164970398, 0.2221800982952118, -0.19840747117996216, -0.5908399224281311, -0.7820119857788086, 0.5705220699310303, 0.5791470408439636, -0.5823172330856323], "cam_t_m2c": [177.48202514648438, 70.13737487792969, 471.0599060058594], "obj_id": 0}, {"cam_R_m2c": [0.7969561219215393, -0.561691164970398, 0.2221800982952118, -0.19840747117996216, -0.5908399224281311, -0.7820119857788086, 0.5705220699310303, 0.5791470408439636, -0.5823172330856323], "cam_t_m2c": [177.48202514648438, 70.13737487792969, 471.0599060058594], "obj_id": 1}, {"cam_R_m2c": [0.7969561219215393, -0.561691164970398, 0.2221800982952118, -0.19840747117996216, -0.5908399224281311, -0.7820119857788086, 0.5705220699310303, 0.5791470408439636, -0.5823172330856323], "cam_t_m2c": [177.48202514648438, 70.13737487792969, 471.0599060058594], "obj_id": 2}, {"cam_R_m2c": [0.7969561219215393, -0.561691164970398, 0.2221800982952118, -0.19840747117996216, -0.5908399224281311, -0.7820119857788086, 0.5705220699310303, 0.5791470408439636, -0.5823172330856323], "cam_t_m2c": [177.48202514648438, 70.13737487792969, 471.0599060058594], "obj_id": 0}, {"cam_R_m2c": [0.7969561219215393, -0.561691164970398, 0.2221800982952118, -0.19840747117996216, -0.5908399224281311, -0.7820119857788086, 0.5705220699310303, 0.5791470408439636, -0.5823172330856323], "cam_t_m2c": [177.48202514648438, 70.13737487792969, 471.0599060058594], "obj_id": 0}, {"cam_R_m2c": [-0.3608678877353668, 0.21304893493652344, 0.9079563021659851, 0.7634543180465698, -0.4916711747646332, 0.418804407119751, 0.5356416702270508, 0.8443161845207214, 0.01477508433163166], "cam_t_m2c": [66.10850524902344, -50.277427673339844, 602.60009765625], "obj_id": 1}, {"cam_R_m2c": [0.5954134464263916, 0.5641883015632629, -0.5719915628433228, -0.71233069896698, 0.04144549369812012, -0.700619101524353, -0.37157467007637024, 0.8246051669120789, 0.42656591534614563], "cam_t_m2c": [103.6395492553711, 113.16282653808594, 329.9704284667969], "obj_id": 2}, {"cam_R_m2c": [0.21043157577514648, 0.1877175122499466, 0.9594168663024902, -0.7507031559944153, 0.6596807837486267, 0.0355820395052433, -0.626229465007782, -0.7277248501777649, 0.27973780035972595], "cam_t_m2c": [93.85967254638672, 321.9605712890625, 147.64044189453125], "obj_id": 3}, {"cam_R_m2c": [-0.19302602112293243, -0.8722140192985535, -0.4494258165359497, 0.29055270552635193, -0.48830747604370117, 0.8228819966316223, -0.9371872544288635, 0.028255779296159744, 0.3476802706718445], "cam_t_m2c": [414.1199035644531, 132.3014373779297, 459.82916259765625], "obj_id": 4}],
  "4": [{"cam_R_m2c": [0.7969561219215393, -0.561691164970398, 0.2221800982952118, -0.19840747117996216, -0.5908399224281311, -0.7820119857788086, 0.5705220699310303, 0.5791470408439636, -0.5823172330856323], "cam_t_m2c": [177.48202514648438, 70.13737487792969, 471.0599060058594], "obj_id": 3}, {"cam_R_m2c": [0.7969561219215393, -0.561691164970398, 0.2221800982952118, -0.19840747117996216, -0.5908399224281311, -0.7820119857788086, 0.5705220699310303, 0.5791470408439636, -0.5823172330856323], "cam_t_m2c": [177.48202514648438, 70.13737487792969, 471.0599060058594], "obj_id": 0}, {"cam_R_m2c": [0.7969561219215393, -0.561691164970398, 0.2221800982952118, -0.19840747117996216, -0.5908399224281311, -0.7820119857788086, 0.5705220699310303, 0.5791470408439636, -0.5823172330856323], "cam_t_m2c": [177.48202514648438, 70.13737487792969, 471.0599060058594], "obj_id": 3}, {"cam_R_m2c": [0.7969561219215393, -0.561691164970398, 0.2221800982952118, -0.19840747117996216, -0.5908399224281311, -0.7820119857788086, 0.5705220699310303, 0.5791470408439636, -0.5823172330856323], "cam_t_m2c": [177.48202514648438, 70.13737487792969, 471.0599060058594], "obj_id": 0}, {"cam_R_m2c": [0.7969561219215393, -0.561691164970398, 0.2221800982952118, -0.19840747117996216, -0.5908399224281311, -0.7820119857788086, 0.5705220699310303, 0.5791470408439636, -0.5823172330856323], "cam_t_m2c": [177.48202514648438, 70.13737487792969, 471.0599060058594], "obj_id": 1}, {"cam_R_m2c": [0.7969561219215393, -0.561691164970398, 0.2221800982952118, -0.19840747117996216, -0.5908399224281311, -0.7820119857788086, 0.5705220699310303, 0.5791470408439636, -0.5823172330856323], "cam_t_m2c": [177.48202514648438, 70.13737487792969, 471.0599060058594], "obj_id": 3}, {"cam_R_m2c": [0.7969561219215393, -0.561691164970398, 0.2221800982952118, -0.19840747117996216, -0.5908399224281311, -0.7820119857788086, 0.5705220699310303, 0.5791470408439636, -0.5823172330856323], "cam_t_m2c": [177.48202514648438, 70.13737487792969, 471.0599060058594], "obj_id": 2}, {"cam_R_m2c": [0.7969561219215393, -0.561691164970398, 0.2221800982952118, -0.19840747117996216, -0.5908399224281311, -0.7820119857788086, 0.5705220699310303, 0.5791470408439636, -0.5823172330856323], "cam_t_m2c": [177.48202514648438, 70.13737487792969, 471.0599060058594], "obj_id": 0}, {"cam_R_m2c": [0.7969561219215393, -0.561691164970398, 0.2221800982952118, -0.19840747117996216, -0.5908399224281311, -0.7820119857788086, 0.5705220699310303, 0.5791470408439636, -0.5823172330856323], "cam_t_m2c": [177.48202514648438, 70.13737487792969, 471.0599060058594], "obj_id": 1}, {"cam_R_m2c": [0.7969561219215393, -0.561691164970398, 0.2221800982952118, -0.19840747117996216, -0.5908399224281311, -0.7820119857788086, 0.5705220699310303, 0.5791470408439636, -0.5823172330856323], "cam_t_m2c": [177.48202514648438, 70.13737487792969, 471.0599060058594], "obj_id": 2}, {"cam_R_m2c": [0.7969561219215393, -0.561691164970398, 0.2221800982952118, -0.19840747117996216, -0.5908399224281311, -0.7820119857788086, 0.5705220699310303, 0.5791470408439636, -0.5823172330856323], "cam_t_m2c": [177.48202514648438, 70.13737487792969, 471.0599060058594], "obj_id": 0}, {"cam_R_m2c": [0.7969561219215393, -0.561691164970398, 0.2221800982952118, -0.19840747117996216, -0.5908399224281311, -0.7820119857788086, 0.5705220699310303, 0.5791470408439636, -0.5823172330856323], "cam_t_m2c": [177.48202514648438, 70.13737487792969, 471.0599060058594], "obj_id": 0}, {"cam_R_m2c": [-0.3608678877353668, 0.21304893493652344, 0.9079563021659851, 0.7634543180465698, -0.4916711747646332, 0.418804407119751, 0.5356416702270508, 0.8443161845207214, 0.01477508433163166], "cam_t_m2c": [66.10850524902344, -50.277427673339844, 602.60009765625], "obj_id": 1}, {"cam_R_m2c": [0.5954134464263916, 0.5641883015632629, -0.5719915628433228, -0.71233069896698, 0.04144549369812012, -0.700619101524353, -0.37157467007637024, 0.8246051669120789, 0.42656591534614563], "cam_t_m2c": [103.6395492553711, 113.16282653808594, 329.9704284667969], "obj_id": 2}, {"cam_R_m2c": [0.21043157577514648, 0.1877175122499466, 0.9594168663024902, -0.7507031559944153, 0.6596807837486267, 0.0355820395052433, -0.626229465007782, -0.7277248501777649, 0.27973780035972595], "cam_t_m2c": [93.85967254638672, 321.9605712890625, 147.64044189453125], "obj_id": 3}, {"cam_R_m2c": [-0.19302602112293243, -0.8722140192985535, -0.4494258165359497, 0.29055270552635193, -0.48830747604370117, 0.8228819966316223, -0.9371872544288635, 0.028255779296159744, 0.3476802706718445], "cam_t_m2c": [414.1199035644531, 132.3014373779297, 459.82916259765625], "obj_id": 4}],
  "5": [{"cam_R_m2c": [-0.32738980650901794, -0.9448450207710266, 0.009148486889898777, -0.6102213263511658, 0.204030379652977, -0.7655073404312134, 0.7214192152023315, -0.25620195269584656, -0.6433619856834412], "cam_t_m2c": [83.63447570800781, -87.12757110595703, 586.9925537109375], "obj_id": 3}, {"cam_R_m2c": [-0.32738980650901794, -0.9448450207710266, 0.009148486889898777, -0.6102213263511658, 0.204030379652977, -0.7655073404312134, 0.7214192152023315, -0.25620195269584656, -0.6433619856834412], "cam_t_m2c": [83.63447570800781, -87.12757110595703, 586.9925537109375], "obj_id": 0}, {"cam_R_m2c": [-0.32738980650901794, -0.9448450207710266, 0.009148486889898777, -0.6102213263511658, 0.204030379652977, -0.7655073404312134, 0.7214192152023315, -0.25620195269584656, -0.6433619856834412], "cam_t_m2c": [83.63447570800781, -87.12757110595703, 586.9925537109375], "obj_id": 3}, {"cam_R_m2c": [-0.32738980650901794, -0.9448450207710266, 0.009148486889898777, -0.6102213263511658, 0.204030379652977, -0.7655073404312134, 0.7214192152023315, -0.25620195269584656, -0.6433619856834412], "cam_t_m2c": [83.63447570800781, -87.12757110595703, 586.9925537109375], "obj_id": 0}, {"cam_R_m2c": [-0.32738980650901794, -0.9448450207710266, 0.009148486889898777, -0.6102213263511658, 0.204030379652977, -0.7655073404312134, 0.7214192152023315, -0.25620195269584656, -0.6433619856834412], "cam_t_m2c": [83.63447570800781, -87.12757110595703, 586.9925537109375], "obj_id": 1}, {"cam_R_m2c": [-0.32738980650901794, -0.9448450207710266, 0.009148486889898777, -0.6102213263511658, 0.204030379652977, -0.7655073404312134, 0.7214192152023315, -0.25620195269584656, -0.6433619856834412], "cam_t_m2c": [83.63447570800781, -87.12757110595703, 586.9925537109375], "obj_id": 3}, {"cam_R_m2c": [-0.32738980650901794, -0.9448450207710266, 0.009148486889898777, -0.6102213263511658, 0.204030379652977, -0.7655073404312134, 0.7214192152023315, -0.25620195269584656, -0.6433619856834412], "cam_t_m2c": [83.63447570800781, -87.12757110595703, 586.9925537109375], "obj_id": 2}, {"cam_R_m2c": [-0.32738980650901794, -0.9448450207710266, 0.009148486889898777, -0.6102213263511658, 0.204030379652977, -0.7655073404312134, 0.7214192152023315, -0.25620195269584656, -0.6433619856834412], "cam_t_m2c": [83.63447570800781, -87.12757110595703, 586.9925537109375], "obj_id": 0}, {"cam_R_m2c": [-0.32738980650901794, -0.9448450207710266, 0.009148486889898777, -0.6102213263511658, 0.204030379652977, -0.7655073404312134, 0.7214192152023315, -0.25620195269584656, -0.6433619856834412], "cam_t_m2c": [83.63447570800781, -87.12757110595703, 586.9925537109375], "obj_id": 1}, {"cam_R_m2c": [-0.32738980650901794, -0.9448450207710266, 0.009148486889898777, -0.6102213263511658, 0.204030379652977, -0.7655073404312134, 0.7214192152023315, -0.25620195269584656, -0.6433619856834412], "cam_t_m2c": [83.63447570800781, -87.12757110595703, 586.9925537109375], "obj_id": 2}, {"cam_R_m2c": [-0.32738980650901794, -0.9448450207710266, 0.009148486889898777, -0.6102213263511658, 0.204030379652977, -0.7655073404312134, 0.7214192152023315, -0.25620195269584656, -0.6433619856834412], "cam_t_m2c": [83.63447570800781, -87.12757110595703, 586.9925537109375], "obj_id": 0}, {"cam_R_m2c": [-0.32738980650901794, -0.9448450207710266, 0.009148486889898777, -0.6102213263511658, 0.204030379652977, -0.7655073404312134, 0.7214192152023315, -0.25620195269584656, -0.6433619856834412], "cam_t_m2c": [83.63447570800781, -87.12757110595703, 586.9925537109375], "obj_id": 0}, {"cam_R_m2c": [-0.02377249300479889, -0.8691985607147217, 0.49389123916625977, 0.8512448668479919, -0.27665814757347107, -0.4459173381328583, 0.5242298245429993, 0.4098218083381653, 0.7464778423309326], "cam_t_m2c": [-118.0716323852539, -45.021339416503906, 545.179931640625], "obj_id": 1}, {"cam_R_m2c": [-0.0022735795937478542, -0.4307475686073303, -0.9024695754051208, -0.9660453796386719, -0.23221918940544128, 0.11327170580625534, -0.2583622932434082, 0.8720841407775879, -0.4155937135219574], "cam_t_m2c": [194.37750244140625, -34.861019134521484, 476.4740905761719], "obj_id": 2}, {"cam_R_m2c": [0.057708002626895905, 0.9954437613487244, 0.07590321451425552, -0.7471659183502197, 0.09348997473716736, -0.658029317855835, -0.6621274352073669, -0.018738793209195137, 0.7491568922996521], "cam_t_m2c": [455.14898681640625, 58.43799591064453, 461.31304931640625], "obj_id": 3}, {"cam_R_m2c": [0.8194026947021484, -0.5588064193725586, 0.12772855162620544, 0.12067798525094986, 0.3860023617744446, 0.9145703911781311, -0.5603713393211365, -0.7339874505996704, 0.3837270140647888], "cam_t_m2c": [194.55889892578125, -234.75318908691406, 747.897705078125], "obj_id": 4}],
  "6": [{"cam_R_m2c": [-0.32738980650901794, -0.9448450207710266, 0.009148486889898777, -0.6102213263511658, 0.204030379652977, -0.7655073404312134, 0.7214192152023315, -0.25620195269584656, -0.6433619856834412], "cam_t_m2c": [83.63447570800781, -87.12757110595703, 586.9925537109375], "obj_id": 3}, {"cam_R_m2c": [-0.32738980650901794, -0.9448450207710266, 0.009148486889898777, -0.6102213263511658, 0.204030379652977, -0.7655073404312134, 0.7214192152023315, -0.25620195269584656, -0.6433619856834412], "cam_t_m2c": [83.63447570800781, -87.12757110595703, 586.9925537109375], "obj_id": 0}, {"cam_R_m2c": [-0.32738980650901794, -0.9448450207710266, 0.009148486889898777, -0.6102213263511658, 0.204030379652977, -0.7655073404312134, 0.7214192152023315, -0.25620195269584656, -0.6433619856834412], "cam_t_m2c": [83.63447570800781, -87.12757110595703, 586.9925537109375], "obj_id": 3}, {"cam_R_m2c": [-0.32738980650901794, -0.9448450207710266, 0.009148486889898777, -0.6102213263511658, 0.204030379652977, -0.7655073404312134, 0.7214192152023315, -0.25620195269584656, -0.6433619856834412], "cam_t_m2c": [83.63447570800781, -87.12757110595703, 586.9925537109375], "obj_id": 0}, {"cam_R_m2c": [-0.32738980650901794, -0.9448450207710266, 0.009148486889898777, -0.6102213263511658, 0.204030379652977, -0.7655073404312134, 0.7214192152023315, -0.25620195269584656, -0.6433619856834412], "cam_t_m2c": [83.63447570800781, -87.12757110595703, 586.9925537109375], "obj_id": 1}, {"cam_R_m2c": [-0.32738980650901794, -0.9448450207710266, 0.009148486889898777, -0.6102213263511658, 0.204030379652977, -0.7655073404312134, 0.7214192152023315, -0.25620195269584656, -0.6433619856834412], "cam_t_m2c": [83.63447570800781, -87.12757110595703, 586.9925537109375], "obj_id": 3}, {"cam_R_m2c": [-0.32738980650901794, -0.9448450207710266, 0.009148486889898777, -0.6102213263511658, 0.204030379652977, -0.7655073404312134, 0.7214192152023315, -0.25620195269584656, -0.6433619856834412], "cam_t_m2c": [83.63447570800781, -87.12757110595703, 586.9925537109375], "obj_id": 2}, {"cam_R_m2c": [-0.32738980650901794, -0.9448450207710266, 0.009148486889898777, -0.6102213263511658, 0.204030379652977, -0.7655073404312134, 0.7214192152023315, -0.25620195269584656, -0.6433619856834412], "cam_t_m2c": [83.63447570800781, -87.12757110595703, 586.9925537109375], "obj_id": 0}, {"cam_R_m2c": [-0.32738980650901794, -0.9448450207710266, 0.009148486889898777, -0.6102213263511658, 0.204030379652977, -0.7655073404312134, 0.7214192152023315, -0.25620195269584656, -0.6433619856834412], "cam_t_m2c": [83.63447570800781, -87.12757110595703, 586.9925537109375], "obj_id": 1}, {"cam_R_m2c": [-0.32738980650901794, -0.9448450207710266, 0.009148486889898777, -0.6102213263511658, 0.204030379652977, -0.7655073404312134, 0.7214192152023315, -0.25620195269584656, -0.6433619856834412], "cam_t_m2c": [83.63447570800781, -87.12757110595703, 586.9925537109375], "obj_id": 2}, {"cam_R_m2c": [-0.32738980650901794, -0.9448450207710266, 0.009148486889898777, -0.6102213263511658, 0.204030379652977, -0.7655073404312134, 0.7214192152023315, -0.25620195269584656, -0.6433619856834412], "cam_t_m2c": [83.63447570800781, -87.12757110595703, 586.9925537109375], "obj_id": 0}, {"cam_R_m2c": [-0.32738980650901794, -0.9448450207710266, 0.009148486889898777, -0.6102213263511658, 0.204030379652977, -0.7655073404312134, 0.7214192152023315, -0.25620195269584656, -0.6433619856834412], "cam_t_m2c": [83.63447570800781, -87.12757110595703, 586.9925537109375], "obj_id": 0}, {"cam_R_m2c": [-0.02377249300479889, -0.8691985607147217, 0.49389123916625977, 0.8512448668479919, -0.27665814757347107, -0.4459173381328583, 0.5242298245429993, 0.4098218083381653, 0.7464778423309326], "cam_t_m2c": [-118.0716323852539, -45.021339416503906, 545.179931640625], "obj_id": 1}, {"cam_R_m2c": [-0.0022735795937478542, -0.4307475686073303, -0.9024695754051208, -0.9660453796386719, -0.23221918940544128, 0.11327170580625534, -0.2583622932434082, 0.8720841407775879, -0.4155937135219574], "cam_t_m2c": [194.37750244140625, -34.861019134521484, 476.4740905761719], "obj_id": 2}, {"cam_R_m2c": [0.057708002626895905, 0.9954437613487244, 0.07590321451425552, -0.7471659183502197, 0.09348997473716736, -0.658029317855835, -0.6621274352073669, -0.018738793209195137, 0.7491568922996521], "cam_t_m2c": [455.14898681640625, 58.43799591064453, 461.31304931640625], "obj_id": 3}, {"cam_R_m2c": [0.8194026947021484, -0.5588064193725586, 0.12772855162620544, 0.12067798525094986, 0.3860023617744446, 0.9145703911781311, -0.5603713393211365, -0.7339874505996704, 0.3837270140647888], "cam_t_m2c": [194.55889892578125, -234.75318908691406, 747.897705078125], "obj_id": 4}],
  "7": [{"cam_R_m2c": [-0.9944281578063965, 0.016851777210831642, -0.10406003147363663, 0.1030358150601387, 0.3639523386955261, -0.9257009625434875, 0.02227318286895752, -0.931265115737915, -0.3636607527732849], "cam_t_m2c": [-134.74046325683594, -12.61658000946045, 730.0443725585938], "obj_id": 3}, {"cam_R_m2c": [-0.9944281578063965, 0.016851777210831642, -0.10406003147363663, 0.1030358150601387, 0.3639523386955261, -0.9257009625434875, 0.02227318286895752, -0.931265115737915, -0.3636607527732849], "cam_t_m2c": [-134.74046325683594, -12.61658000946045, 730.0443725585938], "obj_id": 0}, {"cam_R_m2c": [-0.9944281578063965, 0.016851777210831642, -0.10406003147363663, 0.1030358150601387, 0.3639523386955261, -0.9257009625434875, 0.02227318286895752, -0.931265115737915, -0.3636607527732849], "cam_t_m2c": [-134.74046325683594, -12.61658000946045, 730.0443725585938], "obj_id": 3}, {"cam_R_m2c": [-0.9944281578063965, 0.016851777210831642, -0.10406003147363663, 0.1030358150601387, 0.3639523386955261, -0.9257009625434875, 0.02227318286895752, -0.931265115737915, -0.3636607527732849], "cam_t_m2c": [-134.74046325683594, -12.61658000946045, 730.0443725585938], "obj_id": 0}, {"cam_R_m2c": [-0.9944281578063965, 0.016851777210831642, -0.10406003147363663, 0.1030358150601387, 0.3639523386955261, -0.9257009625434875, 0.02227318286895752, -0.931265115737915, -0.3636607527732849], "cam_t_m2c": [-134.74046325683594, -12.61658000946045, 730.0443725585938], "obj_id": 1}, {"cam_R_m2c": [-0.9944281578063965, 0.016851777210831642, -0.10406003147363663, 0.1030358150601387, 0.3639523386955261, -0.9257009625434875, 0.02227318286895752, -0.931265115737915, -0.3636607527732849], "cam_t_m2c": [-134.74046325683594, -12.61658000946045, 730.0443725585938], "obj_id": 3}, {"cam_R_m2c": [-0.9944281578063965, 0.016851777210831642, -0.10406003147363663, 0.1030358150601387, 0.3639523386955261, -0.9257009625434875, 0.02227318286895752, -0.931265115737915, -0.3636607527732849], "cam_t_m2c": [-134.74046325683594, -12.61658000946045, 730.0443725585938], "obj_id": 2}, {"cam_R_m2c": [-0.9944281578063965, 0.016851777210831642, -0.10406003147363663, 0.1030358150601387, 0.3639523386955261, -0.9257009625434875, 0.02227318286895752, -0.931265115737915, -0.3636607527732849], "cam_t_m2c": [-134.74046325683594, -12.61658000946045, 730.0443725585938], "obj_id": 0}, {"cam_R_m2c": [-0.9944281578063965, 0.016851777210831642, -0.10406003147363663, 0.1030358150601387, 0.3639523386955261, -0.9257009625434875, 0.02227318286895752, -0.931265115737915, -0.3636607527732849], "cam_t_m2c": [-134.74046325683594, -12.61658000946045, 730.0443725585938], "obj_id": 1}, {"cam_R_m2c": [-0.9944281578063965, 0.016851777210831642, -0.10406003147363663, 0.1030358150601387, 0.3639523386955261, -0.9257009625434875, 0.02227318286895752, -0.931265115737915, -0.3636607527732849], "cam_t_m2c": [-134.74046325683594, -12.61658000946045, 730.0443725585938], "obj_id": 2}, {"cam_R_m2c": [-0.9944281578063965, 0.016851777210831642, -0.10406003147363663, 0.1030358150601387, 0.3639523386955261, -0.9257009625434875, 0.02227318286895752, -0.931265115737915, -0.3636607527732849], "cam_t_m2c": [-134.74046325683594, -12.61658000946045, 730.0443725585938], "obj_id": 0}, {"cam_R_m2c": [-0.9944281578063965, 0.016851777210831642, -0.10406003147363663, 0.1030358150601387, 0.3639523386955261, -0.9257009625434875, 0.02227318286895752, -0.931265115737915, -0.3636607527732849], "cam_t_m2c": [-134.74046325683594, -12.61658000946045, 730.0443725585938], "obj_id": 0}, {"cam_R_m2c": [0.23670192062854767, -0.7275241613388062, -0.6439570784568787, 0.9243818521499634, 0.3727056682109833, -0.08129335939884186, 0.2991493046283722, -0.5760199427604675, 0.7607303261756897], "cam_t_m2c": [-140.57791137695312, 71.46405792236328, 537.4230346679688], "obj_id": 1}, {"cam_R_m2c": [-0.4980267882347107, -0.864193856716156, 0.07168157398700714, -0.8436719179153442, 0.5019875764846802, 0.19033165276050568, -0.20046670734882355, 0.03431453928351402, -0.9790993332862854], "cam_t_m2c": [7.86865234375, -81.46987915039062, 776.2180786132812], "obj_id": 2}, {"cam_R_m2c": [-0.06412922590970993, 0.3840547800064087, -0.9210804104804993, -0.9420636296272278, -0.3278128504753113, -0.07109499722719193, -0.32924652099609375, 0.8631571531295776, 0.38282665610313416], "cam_t_m2c": [162.6622314453125, -123.71463012695312, 1002.4715576171875], "obj_id": 3}, {"cam_R_m2c": [0.7031142115592957, 0.5744035243988037, 0.419155091047287, -0.5526020526885986, 0.07041867822408676, 0.8304650783538818, 0.4475056827068329, -0.8155377507209778, 0.36692893505096436], "cam_t_m2c": [-307.70428466796875, -68.94921875, 894.0509033203125], "obj_id": 4}],
