{
  "0": [{"cam_R_m2c": [-0.4661474823951721, -0.6164170503616333, -0.6346153616905212, 0.5356261134147644, 0.37427785992622375, -0.756981372833252, 0.7041386961936951, -0.6927814483642578, 0.15570032596588135], "cam_t_m2c": [75.40354919433594, 4844.79833984375, 4339.15087890625], "obj_id": 1}, {"cam_R_m2c": [-0.651935338973999, -0.5764799118041992, 0.49259623885154724, 0.3041306436061859, -0.7938770055770874, -0.5265583395957947, 0.6946111917495728, -0.19346842169761658, 0.6928818225860596], "cam_t_m2c": [-31.767200469970703, 4868.3134765625, 4313.4970703125], "obj_id": 1}, {"cam_R_m2c": [-0.6052421927452087, 0.7886393070220947, 0.10830450057983398, 0.770582914352417, 0.5463050007820129, 0.3282572329044342, 0.19970925152301788, 0.28213274478912354, -0.9383587837219238], "cam_t_m2c": [26.825958251953125, 4888.71435546875, 4302.57568359375], "obj_id": 1}, {"cam_R_m2c": [-0.07524805516004562, 0.12152343988418579, -0.9897320866584778, 0.986232340335846, -0.1375005841255188, -0.09186496585607529, -0.14725257456302643, -0.9830185174942017, -0.1095036119222641], "cam_t_m2c": [-56.86344909667969, 4931.51708984375, 4217.9541015625], "obj_id": 2}, {"cam_R_m2c": [0.36132580041885376, -0.63362717628479, -0.684076189994812, 0.5094743967056274, 0.7486050128936768, -0.42429521679878235, 0.7809478640556335, -0.1952105015516281, 0.5933071374893188], "cam_t_m2c": [84.02996063232422, 4908.3408203125, 4204.97265625], "obj_id": 2}, {"cam_R_m2c": [0.5216405987739563, 0.6658981442451477, 0.5333580374717712, 0.8169077634811401, -0.20952960848808289, -0.5373629927635193, -0.24607470631599426, 0.7160146832466125, -0.6532765030860901], "cam_t_m2c": [57.04712677001953, -11.006857872009277, 984.5838012695312], "obj_id": 3}, {"cam_R_m2c": [-0.02254609204828739, -0.030056670308113098, -0.9992939233779907, -0.5943020582199097, -0.8033638596534729, 0.03757214546203613, -0.8039258718490601, 0.594729483127594, 0.0002499374095350504], "cam_t_m2c": [-37.023441314697266, 9.161365509033203, 954.6237182617188], "obj_id": 3}, {"cam_R_m2c": [0.6399050354957581, -0.5607486963272095, 0.5254354476928711, -0.40646791458129883, -0.8272623419761658, -0.387841135263443, 0.6521543860435486, 0.034608807414770126, -0.7572956681251526], "cam_t_m2c": [41.050880432128906, -49.04015350341797, 1041.0826416015625], "obj_id": 2}, {"cam_R_m2c": [0.9870175719261169, 0.15945017337799072, -0.019286924973130226, -0.08661635220050812, 0.4273100793361664, -0.8999464511871338, -0.1352551281452179, 0.8899335265159607, 0.435573548078537], "cam_t_m2c": [-29.9039306640625, -35.99717712402344, 1021.7071533203125], "obj_id": 1}, {"cam_R_m2c": [0.07825230062007904, 0.8827781081199646, 0.46322712302207947, -0.6785691976547241, 0.3875693082809448, -0.6239662766456604, -0.7303563952445984, -0.2655048370361328, 0.6293542385101318], "cam_t_m2c": [-23.959247589111328, -52.33204650878906, 1045.9727783203125], "obj_id": 2}, {"cam_R_m2c": [0.5502941012382507, -0.670047402381897, 0.4982096552848816, 0.7923842668533325, 0.23095150291919708, -0.5646135807037354, 0.26325562596321106, 0.7054770588874817, 0.6580262780189514], "cam_t_m2c": [-19.50415802001953, 2.4030065536499023, 964.663330078125], "obj_id": 2}, {"cam_R_m2c": [-0.18172192573547363, -0.7048457860946655, 0.6856890916824341, 0.9721091985702515, -0.02363409660756588, 0.23333483934402466, -0.14825944602489471, 0.7089667320251465, 0.6894819140434265], "cam_t_m2c": [107.09228515625, -47.01601791381836, 1038.0758056640625], "obj_id": 3}],
  "1": [{"cam_R_m2c": [-0.14964573085308075, -0.9843862652778625, -0.09268016368150711, 0.2908257842063904, 0.04576645791530609, -0.9556807279586792, 0.9450007081031799, -0.1699674278497696, 0.27943629026412964], "cam_t_m2c": [117.03248596191406, 4457.77978515625, 4691.20556640625], "obj_id": 1}, {"cam_R_m2c": [-0.20401866734027863, -0.23225675523281097, 0.951016902923584, 0.0008464032434858382, -0.9714908599853516, -0.2370753139257431, 0.9789665937423706, -0.0475628562271595, 0.19839893281459808], "cam_t_m2c": [14.902568817138672, 4430.78857421875, 4730.41748046875], "obj_id": 1}, {"cam_R_m2c": [-0.6244176030158997, 0.5318042635917664, -0.5720897912979126, 0.4276019036769867, 0.8456607460975647, 0.3193970322608948, 0.6536505818367004, -0.04518953710794449, -0.7554460167884827], "cam_t_m2c": [44.12983703613281, 4474.74951171875, 4696.03955078125], "obj_id": 1}, {"cam_R_m2c": [-0.5113358497619629, -0.41121798753738403, -0.7546094655990601, 0.8471075892448425, -0.09331059455871582, -0.5231652855873108, 0.14472192525863647, -0.9067485332489014, 0.39605891704559326], "cam_t_m2c": [-81.181396484375, 4474.01025390625, 4678.91259765625], "obj_id": 2}, {"cam_R_m2c": [0.5119257569313049, -0.8589830994606018, -0.00894447322934866, 0.6355809569358826, 0.38574907183647156, -0.6687558889389038, 0.5779003500938416, 0.33666837215423584, 0.7434282302856445], "cam_t_m2c": [23.899595260620117, 4515.29638671875, 4590.5380859375], "obj_id": 2}, {"cam_R_m2c": [-0.0638805627822876, 0.9714880585670471, 0.2283201366662979, 0.9571859240531921, 0.12437307089567184, -0.26139307022094727, -0.28233712911605835, 0.2018468827009201, -0.9378397464752197], "cam_t_m2c": [55.30763244628906, 15.786446571350098, 805.6952514648438], "obj_id": 3}, {"cam_R_m2c": [-0.24361464381217957, 0.6162499785423279, -0.7489244937896729, -0.562191367149353, -0.7189527750015259, -0.4087148606777191, -0.790311872959137, 0.3214699625968933, 0.5215978026390076], "cam_t_m2c": [-38.343379974365234, -8.509407043457031, 833.8525390625], "obj_id": 3}, {"cam_R_m2c": [0.991001307964325, -0.07983803749084473, 0.10743484646081924, -0.06520754098892212, -0.9889142513275146, -0.13340377807617188, 0.11689454317092896, 0.12519775331020355, -0.9852213859558105], "cam_t_m2c": [89.6990737915039, -24.014328002929688, 851.82177734375], "obj_id": 2}, {"cam_R_m2c": [0.6825618147850037, 0.45583462715148926, 0.571247935295105, 0.35604262351989746, 0.47520712018013, -0.8046190738677979, -0.6382343173027039, 0.7525908946990967, 0.1620616763830185], "cam_t_m2c": [21.69329261779785, -44.20625305175781, 875.222900390625], "obj_id": 1}, {"cam_R_m2c": [-0.0962434932589531, 0.35323962569236755, 0.930569052696228, -0.5913124084472656, 0.7317624092102051, -0.338929682970047, -0.8006788492202759, -0.5828769207000732, 0.13844765722751617], "cam_t_m2c": [45.88766098022461, -55.62694549560547, 888.4588012695312], "obj_id": 2}, {"cam_R_m2c": [0.2527971565723419, -0.18353591859340668, 0.949951708316803, 0.9602543115615845, -0.07250146567821503, -0.26954659819602966, 0.11834429204463959, 0.9803357720375061, 0.15791290998458862], "cam_t_m2c": [-17.258834838867188, -6.567471504211426, 831.6019897460938], "obj_id": 2}, {"cam_R_m2c": [-0.5848540663719177, -0.11082091927528381, 0.8035324215888977, 0.7872869968414307, -0.31601622700691223, 0.5294457674026489, 0.19525563716888428, 0.9422591924667358, 0.27207130193710327], "cam_t_m2c": [135.80731201171875, 6.964227199554443, 815.9195556640625], "obj_id": 3}]
}