{
  "0": [{"cam_R_m2c": [-0.24305368959903717, 0.23441699147224426, -0.9412617683410645, 0.42498284578323364, -0.8465383648872375, -0.3205660879611969, -0.8719602227210999, -0.4779348075389862, 0.10613095760345459], "cam_t_m2c": [-540.8093872070312, 460.68212890625, 1.8378323316574097], "obj_id": 1}, {"cam_R_m2c": [-0.23819366097450256, 0.49973905086517334, 0.8327813148498535, 0.42461106181144714, 0.8247556686401367, -0.37347495555877686, -0.8734811544418335, 0.26464879512786865, -0.40864628553390503], "cam_t_m2c": [-693.5966796875, 417.18511962890625, 97.66352844238281], "obj_id": 2}, {"cam_R_m2c": [-0.953034520149231, 0.27963384985923767, -0.1163201779127121, 0.264222651720047, 0.5799592137336731, -0.7706061005592346, -0.14802658557891846, -0.7651485204696655, -0.6266067624092102], "cam_t_m2c": [-476.4856872558594, 444.6022033691406, -23.408035278320312], "obj_id": 4}, {"cam_R_m2c": [-0.27656129002571106, -0.5259250402450562, 0.8043113946914673, -0.8242918848991394, 0.5600786209106445, 0.08279405534267426, -0.49402111768722534, -0.6400896906852722, -0.588411808013916], "cam_t_m2c": [-455.6518249511719, 251.8138885498047, 333.2012023925781], "obj_id": 1}, {"cam_R_m2c": [0.13003988564014435, 0.953311562538147, 0.2725555896759033, -0.8715457320213318, 0.24097126722335815, -0.4270137548446655, -0.47275522351264954, -0.18201588094234467, 0.8621906638145447], "cam_t_m2c": [-523.7601928710938, 380.2353210449219, 220.34759521484375], "obj_id": 4}, {"cam_R_m2c": [-0.24463024735450745, -0.9695945978164673, 0.006510149221867323, -0.9360300898551941, 0.23439933359622955, -0.2624970078468323, 0.2529897093772888, -0.0703083947300911, -0.9649109244346619], "cam_t_m2c": [-692.7841186523438, 247.57716369628906, 396.7049255371094], "obj_id": 2}, {"cam_R_m2c": [-0.018727535381913185, -0.8920919299125671, -0.4514654278755188, -0.9985894560813904, -0.005747667979449034, 0.05278095230460167, -0.04968038946390152, 0.451817125082016, -0.8907259702682495], "cam_t_m2c": [-798.513916015625, 302.37945556640625, 343.2087097167969], "obj_id": 3}, {"cam_R_m2c": [0.5763943791389465, -0.3343049883842468, -0.7456605434417725, 0.21636517345905304, -0.8174890279769897, 0.5337580442428589, -0.788007378578186, -0.4689900875091553, -0.3988640308380127], "cam_t_m2c": [-630.4351196289062, 282.61407470703125, 443.13592529296875], "obj_id": 1}, {"cam_R_m2c": [-0.06130917742848396, -0.6550905704498291, 0.7530586123466492, -0.9956502318382263, -0.012890087440609932, -0.09227283298969269, 0.07015414535999298, -0.7554402351379395, -0.6514507532119751], "cam_t_m2c": [-63.29961013793945, 307.1645202636719, 170.52818298339844], "obj_id": 2}, {"cam_R_m2c": [0.38155972957611084, 0.7318910956382751, 0.5645773410797119, 0.7839442491531372, -0.5798367261886597, 0.22185763716697693, 0.4897382855415344, 0.3579452335834503, -0.7950041890144348], "cam_t_m2c": [-322.4011535644531, 336.9384765625, 60.844146728515625], "obj_id": 3}, {"cam_R_m2c": [-0.42410901188850403, -0.641314685344696, -0.639411449432373, -0.893064022064209, 0.1790509670972824, 0.4127679169178009, -0.1502269059419632, 0.7460939884185791, -0.6486721634864807], "cam_t_m2c": [-1182.4796142578125, 593.8250122070312, 45.807029724121094], "obj_id": 4}],
  "1": [{"cam_R_m2c": [0.9558031558990479, -0.043062590062618256, -0.2908366322517395, -0.0700744017958641, -0.9940741062164307, -0.08310484886169434, -0.28553441166877747, 0.0998120829463005, -0.9531567692756653], "cam_t_m2c": [625.0887451171875, 65.8344497680664, 42.07693862915039], "obj_id": 1}, {"cam_R_m2c": [0.9570395350456238, 0.23435452580451965, 0.17074349522590637, -0.071857750415802, 0.7621815800666809, -0.6433627605438232, -0.28091251850128174, 0.6034543514251709, 0.7462781071662903], "cam_t_m2c": [516.1409301757812, 100.95423126220703, -103.92127990722656], "obj_id": 2}, {"cam_R_m2c": [0.2366095930337906, 0.9651198387145996, 0.11206924170255661, 0.27475452423095703, 0.044173721224069595, -0.960499107837677, -0.9319472908973694, 0.25805479288101196, -0.254719078540802], "cam_t_m2c": [639.7882080078125, 30.17698860168457, 101.62467193603516], "obj_id": 4}, {"cam_R_m2c": [-0.033586643636226654, 0.8237008452415466, 0.566028892993927, -0.913507878780365, 0.20444439351558685, -0.3517182171344757, -0.4054320156574249, -0.528885006904602, 0.7455907464027405], "cam_t_m2c": [236.25466918945312, 53.74666213989258, 138.7276611328125], "obj_id": 1}, {"cam_R_m2c": [-0.0641058087348938, 0.3125852346420288, -0.9477239847183228, -0.9979279041290283, -0.02530667558312416, 0.0591549277305603, -0.005492870695888996, 0.9495524764060974, 0.31355994939804077], "cam_t_m2c": [398.1544494628906, 111.27908325195312, 72.80925750732422], "obj_id": 4}, {"cam_R_m2c": [-0.7227237224578857, 0.15453720092773438, 0.6736384630203247, -0.6176243424415588, 0.2930200695991516, -0.7298488616943359, -0.31017839908599854, -0.9435345530509949, -0.11632663011550903], "cam_t_m2c": [172.97222900390625, 116.3558578491211, -90.09062957763672], "obj_id": 2}, {"cam_R_m2c": [-0.49380186200141907, -0.41224658489227295, 0.7656451463699341, -0.860819935798645, 0.3563683032989502, -0.3633052110671997, -0.12308034300804138, -0.8384833931922913, -0.5308454036712646], "cam_t_m2c": [244.16087341308594, 148.65469360351562, -194.65110778808594], "obj_id": 3}, {"cam_R_m2c": [0.7988636493682861, -0.05287013202905655, 0.5991841554641724, -0.3135976493358612, -0.8866482377052307, 0.33986973762512207, 0.5132966041564941, -0.4594123363494873, -0.7248910069465637], "cam_t_m2c": [154.5283203125, 161.627197265625, -20.22540855407715], "obj_id": 1}, {"cam_R_m2c": [-0.5946669578552246, 0.6099280714988708, 0.5237929821014404, -0.7892903089523315, -0.3189610540866852, -0.5246758460998535, -0.15294496715068817, -0.7254320383071899, 0.6710858345031738], "cam_t_m2c": [415.4640197753906, -39.6949577331543, 516.377197265625], "obj_id": 2}, {"cam_R_m2c": [0.01886974461376667, -0.5897849798202515, 0.8073397874832153, 0.8629565834999084, -0.3981843888759613, -0.3110548257827759, 0.5049256086349487, 0.7025687098503113, 0.5014452338218689], "cam_t_m2c": [515.838623046875, -36.881629943847656, 251.86306762695312], "obj_id": 3}, {"cam_R_m2c": [-0.3651277720928192, -0.5536379814147949, 0.7484427690505981, -0.7695255279541016, 0.6319470405578613, 0.0920507162809372, -0.5239389538764954, -0.542335569858551, -0.6567800045013428], "cam_t_m2c": [639.2264404296875, 289.0522155761719, -575.4786987304688], "obj_id": 4}],
  "2": [{"cam_R_m2c": [0.9558031558990479, -0.043062590062618256, -0.2908366322517395, -0.0700744017958641, -0.9940741062164307, -0.08310484886169434, -0.28553441166877747, 0.0998120829463005, -0.9531567692756653], "cam_t_m2c": [625.0887451171875, 65.8344497680664, 42.07693862915039], "obj_id": 1}, {"cam_R_m2c": [0.9570395350456238, 0.23435452580451965, 0.17074349522590637, -0.071857750415802, 0.7621815800666809, -0.6433627605438232, -0.28091251850128174, 0.6034543514251709, 0.7462781071662903], "cam_t_m2c": [516.1409301757812, 100.95423126220703, -103.92127990722656], "obj_id": 2}, {"cam_R_m2c": [0.2366095930337906, 0.9651198387145996, 0.11206924170255661, 0.27475452423095703, 0.044173721224069595, -0.960499107837677, -0.9319472908973694, 0.25805479288101196, -0.254719078540802], "cam_t_m2c": [639.7882080078125, 30.17698860168457, 101.62467193603516], "obj_id": 4}, {"cam_R_m2c": [-0.033586643636226654, 0.8237008452415466, 0.566028892993927, -0.913507878780365, 0.20444439351558685, -0.3517182171344757, -0.4054320156574249, -0.528885006904602, 0.7455907464027405], "cam_t_m2c": [236.25466918945312, 53.74666213989258, 138.7276611328125], "obj_id": 1}, {"cam_R_m2c": [-0.0641058087348938, 0.3125852346420288, -0.9477239847183228, -0.9979279041290283, -0.02530667558312416, 0.0591549277305603, -0.005492870695888996, 0.9495524764060974, 0.31355994939804077], "cam_t_m2c": [398.1544494628906, 111.27908325195312, 72.80925750732422], "obj_id": 4}, {"cam_R_m2c": [-0.7227237224578857, 0.15453720092773438, 0.6736384630203247, -0.6176243424415588, 0.2930200695991516, -0.7298488616943359, -0.31017839908599854, -0.9435345530509949, -0.11632663011550903], "cam_t_m2c": [172.97222900390625, 116.3558578491211, -90.09062957763672], "obj_id": 2}, {"cam_R_m2c": [-0.49380186200141907, -0.41224658489227295, 0.7656451463699341, -0.860819935798645, 0.3563683032989502, -0.3633052110671997, -0.12308034300804138, -0.8384833931922913, -0.5308454036712646], "cam_t_m2c": [244.16087341308594, 148.65469360351562, -194.65110778808594], "obj_id": 3}, {"cam_R_m2c": [0.7988636493682861, -0.05287013202905655, 0.5991841554641724, -0.3135976493358612, -0.8866482377052307, 0.33986973762512207, 0.5132966041564941, -0.4594123363494873, -0.7248910069465637], "cam_t_m2c": [154.5283203125, 161.627197265625, -20.22540855407715], "obj_id": 1}, {"cam_R_m2c": [-0.5946669578552246, 0.6099280714988708, 0.5237929821014404, -0.7892903089523315, -0.3189610540866852, -0.5246758460998535, -0.15294496715068817, -0.7254320383071899, 0.6710858345031738], "cam_t_m2c": [415.4640197753906, -39.6949577331543, 516.377197265625], "obj_id": 2}, {"cam_R_m2c": [0.01886974461376667, -0.5897849798202515, 0.8073397874832153, 0.8629565834999084, -0.3981843888759613, -0.3110548257827759, 0.5049256086349487, 0.7025687098503113, 0.5014452338218689], "cam_t_m2c": [515.838623046875, -36.881629943847656, 251.86306762695312], "obj_id": 3}, {"cam_R_m2c": [-0.3651277720928192, -0.5536379814147949, 0.7484427690505981, -0.7695255279541016, 0.6319470405578613, 0.0920507162809372, -0.5239389538764954, -0.542335569858551, -0.6567800045013428], "cam_t_m2c": [639.2264404296875, 289.0522155761719, -575.4786987304688], "obj_id": 4}],
  "3": [{"cam_R_m2c": [-0.8968538641929626, 0.3171938359737396, -0.3082874119281769, 0.14501328766345978, -0.44760069251060486, -0.8823971152305603, -0.4178806245326996, -0.8360871076583862, 0.35543516278266907], "cam_t_m2c": [-560.7850341796875, -6.197838306427002, 200.63314819335938], "obj_id": 1}, {"cam_R_m2c": [-0.8947270512580872, -0.005017751827836037, 0.44658488035202026, 0.14810901880264282, 0.9400173425674438, 0.30729639530181885, -0.4213394820690155, 0.3410896956920624, -0.8403157591819763], "cam_t_m2c": [-568.55126953125, -143.73886108398438, 324.89361572265625], "obj_id": 2}, {"cam_R_m2c": [-0.7891798615455627, -0.6139038801193237, -0.017804980278015137, -0.46591681241989136, 0.6173259615898132, -0.6339007616043091, 0.40014562010765076, -0.4919661283493042, -0.7732093334197998], "cam_t_m2c": [-529.54736328125, 26.734451293945312, 146.106689453125], "obj_id": 4}, {"cam_R_m2c": [-0.0023292466066777706, -0.9974576830863953, 0.07122392952442169, -0.7841853499412537, 0.0460180826485157, 0.6188181042671204, -0.6205224394798279, -0.054411422461271286, -0.7822988629341125], "cam_t_m2c": [-198.0694580078125, -100.5469970703125, 342.8128967285156], "obj_id": 1}, {"cam_R_m2c": [0.2732633352279663, 0.3137938678264618, 0.9093186855316162, -0.53778475522995, 0.8336053490638733, -0.12605416774749756, -0.7975679636001587, -0.45457175374031067, 0.3965473473072052], "cam_t_m2c": [-375.936279296875, -53.97138595581055, 335.0113525390625], "obj_id": 4}, {"cam_R_m2c": [0.5243120789527893, -0.7359463572502136, -0.4283454120159149, -0.8475825190544128, -0.49940377473831177, -0.17944227159023285, -0.08185746520757675, 0.45714184641838074, -0.8856186866760254], "cam_t_m2c": [-295.9132080078125, -267.71881103515625, 493.68560791015625], "obj_id": 2}, {"cam_R_m2c": [0.5094575881958008, -0.24644097685813904, -0.824451208114624, -0.7350083589553833, -0.6228427886962891, -0.26801052689552307, -0.4474547207355499, 0.7425185441970825, -0.4984481930732727], "cam_t_m2c": [-419.6648254394531, -300.7397766113281, 518.9656372070312], "obj_id": 3}, {"cam_R_m2c": [-0.25441697239875793, -0.02475222572684288, -0.9667776823043823, 0.5593230128288269, -0.8192844986915588, -0.1262153834104538, -0.7889420390129089, -0.5728524327278137, 0.22228460013866425], "cam_t_m2c": [-251.1414337158203, -199.61399841308594, 518.7463989257812], "obj_id": 1}, {"cam_R_m2c": [0.5546594262123108, -0.8260316848754883, 0.10012298822402954, -0.763019859790802, -0.4569341838359833, 0.45717811584472656, -0.3318939805030823, -0.329973965883255, -0.8837214112281799], "cam_t_m2c": [-97.23661041259766, 211.37612915039062, 67.12613677978516], "obj_id": 2}, {"cam_R_m2c": [0.08315809071063995, 0.9596812725067139, -0.26850807666778564, 0.8275144696235657, 0.08362790197134018, 0.5551811456680298, 0.5552517175674438, -0.2683621346950531, -0.7871958017349243], "cam_t_m2c": [-330.1272277832031, 54.70916748046875, 102.73670196533203], "obj_id": 3}, {"cam_R_m2c": [0.1550910323858261, -0.026262162253260612, -0.9875509738922119, -0.9379234910011292, -0.31783878803253174, -0.1388448029756546, -0.31023573875427246, 0.9477809071540833, -0.07392577081918716], "cam_t_m2c": [-981.6292724609375, -353.1590576171875, 566.5689697265625], "obj_id": 4}],
  "4": [{"cam_R_m2c": [-0.8968538641929626, 0.3171938359737396, -0.3082874119281769, 0.14501328766345978, -0.44760069251060486, -0.8823971152305603, -0.4178806245326996, -0.8360871076583862, 0.35543516278266907], "cam_t_m2c": [-560.7850341796875, -6.197838306427002, 200.63314819335938], "obj_id": 1}, {"cam_R_m2c": [-0.8947270512580872, -0.005017751827836037, 0.44658488035202026, 0.14810901880264282, 0.9400173425674438, 0.30729639530181885, -0.4213394820690155, 0.3410896956920624, -0.8403157591819763], "cam_t_m2c": [-568.55126953125, -143.73886108398438, 324.89361572265625], "obj_id": 2}, {"cam_R_m2c": [-0.7891798615455627, -0.6139038801193237, -0.017804980278015137, -0.46591681241989136, 0.6173259615898132, -0.6339007616043091, 0.40014562010765076, -0.4919661283493042, -0.7732093334197998], "cam_t_m2c": [-529.54736328125, 26.734451293945312, 146.106689453125], "obj_id": 4}, {"cam_R_m2c": [-0.0023292466066777706, -0.9974576830863953, 0.07122392952442169, -0.7841853499412537, 0.0460180826485157, 0.6188181042671204, -0.6205224394798279, -0.054411422461271286, -0.7822988629341125], "cam_t_m2c": [-198.0694580078125, -100.5469970703125, 342.8128967285156], "obj_id": 1}, {"cam_R_m2c": [0.2732633352279663, 0.3137938678264618, 0.9093186855316162, -0.53778475522995, 0.8336053490638733, -0.12605416774749756, -0.7975679636001587, -0.45457175374031067, 0.3965473473072052], "cam_t_m2c": [-375.936279296875, -53.97138595581055, 335.0113525390625], "obj_id": 4}, {"cam_R_m2c": [0.5243120789527893, -0.7359463572502136, -0.4283454120159149, -0.8475825190544128, -0.49940377473831177, -0.17944227159023285, -0.08185746520757675, 0.45714184641838074, -0.8856186866760254], "cam_t_m2c": [-295.9132080078125, -267.71881103515625, 493.68560791015625], "obj_id": 2}, {"cam_R_m2c": [0.5094575881958008, -0.24644097685813904, -0.824451208114624, -0.7350083589553833, -0.6228427886962891, -0.26801052689552307, -0.4474547207355499, 0.7425185441970825, -0.4984481930732727], "cam_t_m2c": [-419.6648254394531, -300.7397766113281, 518.9656372070312], "obj_id": 3}, {"cam_R_m2c": [-0.25441697239875793, -0.02475222572684288, -0.9667776823043823, 0.5593230128288269, -0.8192844986915588, -0.1262153834104538, -0.7889420390129089, -0.5728524327278137, 0.22228460013866425], "cam_t_m2c": [-251.1414337158203, -199.61399841308594, 518.7463989257812], "obj_id": 1}, {"cam_R_m2c": [0.5546594262123108, -0.8260316848754883, 0.10012298822402954, -0.763019859790802, -0.4569341838359833, 0.45717811584472656, -0.3318939805030823, -0.329973965883255, -0.8837214112281799], "cam_t_m2c": [-97.23661041259766, 211.37612915039062, 67.12613677978516], "obj_id": 2}, {"cam_R_m2c": [0.08315809071063995, 0.9596812725067139, -0.26850807666778564, 0.8275144696235657, 0.08362790197134018, 0.5551811456680298, 0.5552517175674438, -0.2683621346950531, -0.7871958017349243], "cam_t_m2c": [-330.1272277832031, 54.70916748046875, 102.73670196533203], "obj_id": 3}, {"cam_R_m2c": [0.1550910323858261, -0.026262162253260612, -0.9875509738922119, -0.9379234910011292, -0.31783878803253174, -0.1388448029756546, -0.31023573875427246, 0.9477809071540833, -0.07392577081918716], "cam_t_m2c": [-981.6292724609375, -353.1590576171875, 566.5689697265625], "obj_id": 4}],
  "5": [{"cam_R_m2c": [0.05860801786184311, -0.8273409605026245, -0.5586339831352234, 0.91535484790802, 0.2678418457508087, -0.3006429970264435, 0.3983598053455353, -0.49372825026512146, 0.7730082869529724], "cam_t_m2c": [-479.1216125488281, -73.65721893310547, 851.9440307617188], "obj_id": 1}, {"cam_R_m2c": [-0.10989950597286224, 0.4759209454059601, -0.8725945353507996, -0.962982177734375, -0.2683936357498169, -0.02510085143148899, -0.24614489078521729, 0.837534487247467, 0.4877997934818268], "cam_t_m2c": [-812.3391723632812, 307.5035400390625, 528.7581787109375], "obj_id": 2}, {"cam_R_m2c": [-0.8006489276885986, 0.4725814461708069, 0.368276983499527, 0.044087234884500504, -0.566544771194458, 0.8228506445884705, 0.5975093841552734, 0.6750508546829224, 0.4327687621116638], "cam_t_m2c": [-305.97259521484375, -40.73003005981445, 869.1795043945312], "obj_id": 3}, {"cam_R_m2c": [-0.2707461714744568, 0.013066635467112064, 0.9625620245933533, -0.5982863903045654, 0.7810587882995605, -0.1788867563009262, -0.7541549801826477, -0.6243207454681396, -0.2036510705947876], "cam_t_m2c": [-112.85584259033203, -192.72848510742188, 980.1742553710938], "obj_id": 4}, {"cam_R_m2c": [0.26003313064575195, -0.15704922378063202, 0.9527423977851868, 0.8215211033821106, -0.4825283885002136, -0.3037582039833069, 0.5074304342269897, 0.8616852760314941, 0.0035460437647998333], "cam_t_m2c": [-702.9052124023438, -4.527129173278809, 982.4321899414062], "obj_id": 1}, {"cam_R_m2c": [0.247190922498703, -0.0831143856048584, -0.9653955698013306, 0.9265235662460327, 0.3119180202484131, 0.21038348972797394, 0.2836383581161499, -0.9464666247367859, 0.15411075949668884], "cam_t_m2c": [-399.01556396484375, -31.934968948364258, 743.3460083007812], "obj_id": 2}, {"cam_R_m2c": [-0.2787395417690277, -0.4947027862071991, -0.8231483697891235, -0.4392762780189514, 0.8278763294219971, -0.34879374504089355, 0.8540142774581909, 0.26436692476272583, -0.44807305932044983], "cam_t_m2c": [-504.7670593261719, 204.30467224121094, 465.415283203125], "obj_id": 4}, {"cam_R_m2c": [0.26003333926200867, -0.6074965596199036, -0.7505534887313843, 0.821520984172821, 0.5476603507995605, -0.1586548238992691, 0.5074306726455688, -0.5753399133682251, 0.6414811611175537], "cam_t_m2c": [-329.9754333496094, 84.36405944824219, 647.41064453125], "obj_id": 1}, {"cam_R_m2c": [-0.10046828538179398, -0.845296323299408, 0.524766743183136, -0.6431604027748108, 0.4575963616371155, 0.613962709903717, -0.7591118216514587, -0.2758254110813141, -0.5896350741386414], "cam_t_m2c": [-123.62974548339844, -151.610107421875, 923.706787109375], "obj_id": 1}, {"cam_R_m2c": [-0.005404912866652012, -0.8564990758895874, 0.5161200761795044, 0.4875722825527191, 0.4483628571033478, 0.7491621375083923, -0.8730658292770386, 0.255695104598999, 0.4151819348335266], "cam_t_m2c": [-337.8760986328125, 168.9625244140625, 550.1621704101562], "obj_id": 3}],
  "6": [{"cam_R_m2c": [0.05860801786184311, -0.8273409605026245, -0.5586339831352234, 0.91535484790802, 0.2678418457508087, -0.3006429970264435, 0.3983598053455353, -0.49372825026512146, 0.7730082869529724], "cam_t_m2c": [-479.1216125488281, -73.65721893310547, 851.9440307617188], "obj_id": 1}, {"cam_R_m2c": [-0.10989950597286224, 0.4759209454059601, -0.8725945353507996, -0.962982177734375, -0.2683936357498169, -0.02510085143148899, -0.24614489078521729, 0.837534487247467, 0.4877997934818268], "cam_t_m2c": [-812.3391723632812, 307.5035400390625, 528.7581787109375], "obj_id": 2}, {"cam_R_m2c": [-0.8006489276885986, 0.4725814461708069, 0.368276983499527, 0.044087234884500504, -0.566544771194458, 0.8228506445884705, 0.5975093841552734, 0.6750508546829224, 0.4327687621116638], "cam_t_m2c": [-305.97259521484375, -40.73003005981445, 869.1795043945312], "obj_id": 3}, {"cam_R_m2c": [-0.2707461714744568, 0.013066635467112064, 0.9625620245933533, -0.5982863903045654, 0.7810587882995605, -0.1788867563009262, -0.7541549801826477, -0.6243207454681396, -0.2036510705947876], "cam_t_m2c": [-112.85584259033203, -192.72848510742188, 980.1742553710938], "obj_id": 4}, {"cam_R_m2c": [0.26003313064575195, -0.15704922378063202, 0.9527423977851868, 0.8215211033821106, -0.4825283885002136, -0.3037582039833069, 0.5074304342269897, 0.8616852760314941, 0.0035460437647998333], "cam_t_m2c": [-702.9052124023438, -4.527129173278809, 982.4321899414062], "obj_id": 1}, {"cam_R_m2c": [0.247190922498703, -0.0831143856048584, -0.9653955698013306, 0.9265235662460327, 0.3119180202484131, 0.21038348972797394, 0.2836383581161499, -0.9464666247367859, 0.15411075949668884], "cam_t_m2c": [-399.01556396484375, -31.934968948364258, 743.3460083007812], "obj_id": 2}, {"cam_R_m2c": [-0.2787395417690277, -0.4947027862071991, -0.8231483697891235, -0.4392762780189514, 0.8278763294219971, -0.34879374504089355, 0.8540142774581909, 0.26436692476272583, -0.44807305932044983], "cam_t_m2c": [-504.7670593261719, 204.30467224121094, 465.415283203125], "obj_id": 4}, {"cam_R_m2c": [0.26003333926200867, -0.6074965596199036, -0.7505534887313843, 0.821520984172821, 0.5476603507995605, -0.1586548238992691, 0.5074306726455688, -0.5753399133682251, 0.6414811611175537], "cam_t_m2c": [-329.9754333496094, 84.36405944824219, 647.41064453125], "obj_id": 1}, {"cam_R_m2c": [-0.10046828538179398, -0.845296323299408, 0.524766743183136, -0.6431604027748108, 0.4575963616371155, 0.613962709903717, -0.7591118216514587, -0.2758254110813141, -0.5896350741386414], "cam_t_m2c": [-123.62974548339844, -151.610107421875, 923.706787109375], "obj_id": 1}, {"cam_R_m2c": [-0.005404912866652012, -0.8564990758895874, 0.5161200761795044, 0.4875722825527191, 0.4483628571033478, 0.7491621375083923, -0.8730658292770386, 0.255695104598999, 0.4151819348335266], "cam_t_m2c": [-337.8760986328125, 168.9625244140625, 550.1621704101562], "obj_id": 3}],
  "7": [{"cam_R_m2c": [-0.05470624193549156, -0.9551439881324768, -0.29104483127593994, 0.9550157785415649, 0.03503252565860748, -0.2944784462451935, 0.2914653718471527, -0.29406222701072693, 0.9102611541748047], "cam_t_m2c": [-190.95164489746094, -82.2788314819336, 815.1893310546875], "obj_id": 1}, {"cam_R_m2c": [0.05062049254775047, 0.6988429427146912, -0.7134817242622375, -0.9905096292495728, -0.05627458170056343, -0.12539520859718323, -0.12778240442276, 0.7130580544471741, 0.6893619298934937], "cam_t_m2c": [-663.2802734375, 180.6417694091797, 553.37841796875], "obj_id": 2}, {"cam_R_m2c": [-0.635608434677124, 0.7242608070373535, 0.26729750633239746, -0.02949403040111065, -0.3687632083892822, 0.9290552139282227, 0.7714478373527527, 0.5826317667961121, 0.2557505667209625], "cam_t_m2c": [-29.84413719177246, -14.778047561645508, 786.0371704101562], "obj_id": 3}, {"cam_R_m2c": [-0.2959771156311035, -0.29852980375289917, 0.9073463082313538, -0.7356318831443787, 0.6771638989448547, -0.017167268320918083, -0.6092972159385681, -0.6725540161132812, -0.4200330674648285], "cam_t_m2c": [211.691162109375, -110.51350402832031, 858.2374267578125], "obj_id": 4}, {"cam_R_m2c": [0.18158304691314697, 0.14996439218521118, 0.9718735218048096, 0.9171522259712219, -0.38237079977989197, -0.11235742270946503, 0.3547665476799011, 0.9117582440376282, -0.2069721519947052], "cam_t_m2c": [-389.22235107421875, -40.248592376708984, 990.7097778320312], "obj_id": 1}, {"cam_R_m2c": [0.09614460170269012, -0.359824001789093, -0.9280532002449036, 0.9864393472671509, 0.15904304385185242, 0.04052920266985893, 0.13301697373390198, -0.9193649291992188, 0.37023577094078064], "cam_t_m2c": [-148.4080810546875, -41.09711456298828, 686.9498901367188], "obj_id": 2}, {"cam_R_m2c": [0.02323477901518345, -0.5911535620689392, -0.8062242269515991, -0.3646680414676666, 0.7458658218383789, -0.557405948638916, 0.9308475852012634, 0.30695539712905884, -0.19824478030204773], "cam_t_m2c": [-362.9075012207031, 130.63720703125, 424.7756042480469], "obj_id": 4}, {"cam_R_m2c": [0.18158306181430817, -0.8258374333381653, -0.5338727831840515, 0.9171521663665771, 0.33808210492134094, -0.21102701127529144, 0.3547668159008026, -0.45132362842559814, 0.8188085556030273], "cam_t_m2c": [-129.8139190673828, 72.17710876464844, 567.2886352539062], "obj_id": 1}, {"cam_R_m2c": [-0.12559278309345245, -0.9646509885787964, 0.2316780835390091, -0.7473182678222656, 0.24558120965957642, 0.617418110370636, -0.6524888277053833, -0.09559397399425507, -0.7517445087432861], "cam_t_m2c": [179.785400390625, -80.25755310058594, 802.9024047851562], "obj_id": 1}, {"cam_R_m2c": [-0.3078925609588623, -0.8537821769714355, 0.4198310077190399, 0.3546227812767029, 0.3064861297607422, 0.8833509087562561, -0.8828616738319397, 0.42085886001586914, 0.20840586721897125], "cam_t_m2c": [-177.6553192138672, 139.72381591796875, 468.1664123535156], "obj_id": 3}],
  "8": [{"cam_R_m2c": [-0.05470624193549156, -0.9551439881324768, -0.29104483127593994, 0.9550157785415649, 0.03503252565860748, -0.2944784462451935, 0.2914653718471527, -0.29406222701072693, 0.9102611541748047], "cam_t_m2c": [-190.95164489746094, -82.2788314819336, 815.1893310546875], "obj_id": 1}, {"cam_R_m2c": [0.05062049254775047, 0.6988429427146912, -0.7134817242622375, -0.9905096292495728, -0.05627458170056343, -0.12539520859718323, -0.12778240442276, 0.7130580544471741, 0.6893619298934937], "cam_t_m2c": [-663.2802734375, 180.6417694091797, 553.37841796875], "obj_id": 2}, {"cam_R_m2c": [-0.635608434677124, 0.7242608070373535, 0.26729750633239746, -0.02949403040111065, -0.3687632083892822, 0.9290552139282227, 0.7714478373527527, 0.5826317667961121, 0.2557505667209625], "cam_t_m2c": [-29.84413719177246, -14.778047561645508, 786.0371704101562], "obj_id": 3}, {"cam_R_m2c": [-0.2959771156311035, -0.29852980375289917, 0.9073463082313538, -0.7356318831443787, 0.6771638989448547, -0.017167268320918083, -0.6092972159385681, -0.6725540161132812, -0.4200330674648285], "cam_t_m2c": [211.691162109375, -110.51350402832031, 858.2374267578125], "obj_id": 4}, {"cam_R_m2c": [0.18158304691314697, 0.14996439218521118, 0.9718735218048096, 0.9171522259712219, -0.38237079977989197, -0.11235742270946503, 0.3547665476799011, 0.9117582440376282, -0.2069721519947052], "cam_t_m2c": [-389.22235107421875, -40.248592376708984, 990.7097778320312], "obj_id": 1}, {"cam_R_m2c": [0.09614460170269012, -0.359824001789093, -0.9280532002449036, 0.9864393472671509, 0.15904304385185242, 0.04052920266985893, 0.13301697373390198, -0.9193649291992188, 0.37023577094078064], "cam_t_m2c": [-148.4080810546875, -41.09711456298828, 686.9498901367188], "obj_id": 2}, {"cam_R_m2c": [0.02323477901518345, -0.5911535620689392, -0.8062242269515991, -0.3646680414676666, 0.7458658218383789, -0.557405948638916, 0.9308475852012634, 0.30695539712905884, -0.19824478030204773], "cam_t_m2c": [-362.9075012207031, 130.63720703125, 424.7756042480469], "obj_id": 4}, {"cam_R_m2c": [0.18158306181430817, -0.8258374333381653, -0.5338727831840515, 0.9171521663665771, 0.33808210492134094, -0.21102701127529144, 0.3547668159008026, -0.45132362842559814, 0.8188085556030273], "cam_t_m2c": [-129.8139190673828, 72.17710876464844, 567.2886352539062], "obj_id": 1}, {"cam_R_m2c": [-0.12559278309345245, -0.9646509885787964, 0.2316780835390091, -0.7473182678222656, 0.24558120965957642, 0.617418110370636, -0.6524888277053833, -0.09559397399425507, -0.7517445087432861], "cam_t_m2c": [179.785400390625, -80.25755310058594, 802.9024047851562], "obj_id": 1}, {"cam_R_m2c": [-0.3078925609588623, -0.8537821769714355, 0.4198310077190399, 0.3546227812767029, 0.3064861297607422, 0.8833509087562561, -0.8828616738319397, 0.42085886001586914, 0.20840586721897125], "cam_t_m2c": [-177.6553192138672, 139.72381591796875, 468.1664123535156], "obj_id": 3}],
  "9": [{"cam_R_m2c": [0.029929738491773605, -0.2668026089668274, 0.963286280632019, 0.8925132751464844, -0.42675989866256714, -0.14593097567558289, 0.45002681016921997, 0.8641135096549988, 0.2253521829843521], "cam_t_m2c": [344.72467041015625, 57.11450958251953, 601.7982788085938], "obj_id": 1}, {"cam_R_m2c": [0.13736099004745483, 0.6833025813102722, 0.7170979380607605, -0.8840227127075195, 0.41113463044166565, -0.22242307662963867, -0.44680601358413696, -0.6033786535263062, 0.6605289578437805], "cam_t_m2c": [35.638301849365234, 32.87360763549805, 1116.2342529296875], "obj_id": 2}, {"cam_R_m2c": [0.7687563896179199, 0.639509916305542, -0.0063816881738603115, -0.08599424362182617, 0.11325149983167648, 0.9898379445075989, 0.633733868598938, -0.7603954076766968, 0.14205698668956757], "cam_t_m2c": [294.3960876464844, 173.81838989257812, 478.4732360839844], "obj_id": 3}, {"cam_R_m2c": [-0.38481321930885315, -0.8193111419677734, -0.42502689361572266, -0.9204334020614624, 0.3063589334487915, 0.2427888810634613, -0.0687088817358017, 0.48463737964630127, -0.8720122575759888], "cam_t_m2c": [382.7535095214844, 204.705322265625, 225.57723999023438], "obj_id": 4}, {"cam_R_m2c": [0.09454772621393204, 0.9759923815727234, -0.19621306657791138, 0.9699952602386475, -0.045970942825078964, 0.23873788118362427, 0.22398625314235687, -0.2128978669643402, -0.9510544538497925], "cam_t_m2c": [508.20159912109375, 58.9293327331543, 814.3005981445312], "obj_id": 1}, {"cam_R_m2c": [-0.13522489368915558, -0.9185705780982971, 0.37140607833862305, 0.9406542181968689, -0.23677624762058258, -0.24311885237693787, 0.311261922121048, 0.31648898124694824, 0.8960751891136169], "cam_t_m2c": [209.0537567138672, 78.0232162475586, 568.5196533203125], "obj_id": 2}, {"cam_R_m2c": [0.9931560158729553, 0.1147390827536583, -0.021818574517965317, -0.07641184329986572, 0.49703940749168396, -0.8643569946289062, -0.08833085000514984, 0.8601085543632507, 0.5024051070213318], "cam_t_m2c": [-83.27361297607422, 76.86869049072266, 810.9683837890625], "obj_id": 4}, {"cam_R_m2c": [0.09454787522554398, -0.5020537972450256, 0.859652578830719, 0.9699952006340027, -0.14782795310020447, -0.1930181235074997, 0.22398626804351807, 0.852108359336853, 0.47301310300827026], "cam_t_m2c": [63.239479064941406, 154.9597625732422, 586.2555541992188], "obj_id": 1}, {"cam_R_m2c": [-0.4279887080192566, -0.13089212775230408, -0.894255518913269, -0.873271644115448, -0.19503851234912872, 0.44649365544319153, -0.23285676538944244, 0.9720222353935242, -0.030830100178718567], "cam_t_m2c": [322.27532958984375, 204.5512237548828, 262.1522521972656], "obj_id": 1}, {"cam_R_m2c": [-0.9365081787109375, 0.3478635251522064, -0.04408055543899536, -0.034523990005254745, 0.03362627327442169, 0.998837947845459, 0.3489415645599365, 0.936941921710968, -0.019481513649225235], "cam_t_m2c": [-48.878509521484375, 170.17236328125, 648.502685546875], "obj_id": 3}]
}