{
  "0": [{"cam_R_m2c": [0.7553564310073853, -0.6463837623596191, -0.10781767219305038, -0.3079847991466522, -0.20493954420089722, -0.9290559887886047, 0.5784305930137634, 0.7349746227264404, -0.35387876629829407], "cam_t_m2c": [-320.9306640625, -91.5878677368164, 832.7002563476562], "obj_id": 3}, {"cam_R_m2c": [0.7553564310073853, -0.6463837623596191, -0.10781767219305038, -0.3079847991466522, -0.20493954420089722, -0.9290559887886047, 0.5784305930137634, 0.7349746227264404, -0.35387876629829407], "cam_t_m2c": [-320.9306640625, -91.5878677368164, 832.7002563476562], "obj_id": 0}, {"cam_R_m2c": [0.7553564310073853, -0.6463837623596191, -0.10781767219305038, -0.3079847991466522, -0.20493954420089722, -0.9290559887886047, 0.5784305930137634, 0.7349746227264404, -0.35387876629829407], "cam_t_m2c": [-320.9306640625, -91.5878677368164, 832.7002563476562], "obj_id": 3}, {"cam_R_m2c": [0.7553564310073853, -0.6463837623596191, -0.10781767219305038, -0.3079847991466522, -0.20493954420089722, -0.9290559887886047, 0.5784305930137634, 0.7349746227264404, -0.35387876629829407], "cam_t_m2c": [-320.9306640625, -91.5878677368164, 832.7002563476562], "obj_id": 3}, {"cam_R_m2c": [0.7553564310073853, -0.6463837623596191, -0.10781767219305038, -0.3079847991466522, -0.20493954420089722, -0.9290559887886047, 0.5784305930137634, 0.7349746227264404, -0.35387876629829407], "cam_t_m2c": [-320.9306640625, -91.5878677368164, 832.7002563476562], "obj_id": 2}, {"cam_R_m2c": [0.7553564310073853, -0.6463837623596191, -0.10781767219305038, -0.3079847991466522, -0.20493954420089722, -0.9290559887886047, 0.5784305930137634, 0.7349746227264404, -0.35387876629829407], "cam_t_m2c": [-320.9306640625, -91.5878677368164, 832.7002563476562], "obj_id": 0}, {"cam_R_m2c": [0.7553564310073853, -0.6463837623596191, -0.10781767219305038, -0.3079847991466522, -0.20493954420089722, -0.9290559887886047, 0.5784305930137634, 0.7349746227264404, -0.35387876629829407], "cam_t_m2c": [-320.9306640625, -91.5878677368164, 832.7002563476562], "obj_id": 0}, {"cam_R_m2c": [0.7553564310073853, -0.6463837623596191, -0.10781767219305038, -0.3079847991466522, -0.20493954420089722, -0.9290559887886047, 0.5784305930137634, 0.7349746227264404, -0.35387876629829407], "cam_t_m2c": [-320.9306640625, -91.5878677368164, 832.7002563476562], "obj_id": 1}, {"cam_R_m2c": [0.7553564310073853, -0.6463837623596191, -0.10781767219305038, -0.3079847991466522, -0.20493954420089722, -0.9290559887886047, 0.5784305930137634, 0.7349746227264404, -0.35387876629829407], "cam_t_m2c": [-320.9306640625, -91.5878677368164, 832.7002563476562], "obj_id": 1}, {"cam_R_m2c": [0.7553564310073853, -0.6463837623596191, -0.10781767219305038, -0.3079847991466522, -0.20493954420089722, -0.9290559887886047, 0.5784305930137634, 0.7349746227264404, -0.35387876629829407], "cam_t_m2c": [-320.9306640625, -91.5878677368164, 832.7002563476562], "obj_id": 1}, {"cam_R_m2c": [0.7553564310073853, -0.6463837623596191, -0.10781767219305038, -0.3079847991466522, -0.20493954420089722, -0.9290559887886047, 0.5784305930137634, 0.7349746227264404, -0.35387876629829407], "cam_t_m2c": [-320.9306640625, -91.5878677368164, 832.7002563476562], "obj_id": 3}, {"cam_R_m2c": [0.7553564310073853, -0.6463837623596191, -0.10781767219305038, -0.3079847991466522, -0.20493954420089722, -0.9290559887886047, 0.5784305930137634, 0.7349746227264404, -0.35387876629829407], "cam_t_m2c": [-320.9306640625, -91.5878677368164, 832.7002563476562], "obj_id": 3}, {"cam_R_m2c": [-0.07523887604475021, -0.9909661412239075, 0.11101869493722916, 0.9970777034759521, -0.07328689098358154, 0.021565545350313187, -0.013234508223831654, 0.11231683939695358, 0.9935843348503113], "cam_t_m2c": [-389.34771728515625, -98.80442810058594, 955.8529052734375], "obj_id": 1}, {"cam_R_m2c": [0.560172975063324, 0.8093220591545105, 0.17664679884910583, -0.6588733792304993, 0.5645521879196167, -0.49715864658355713, -0.5020877718925476, 0.1621069759130478, 0.8494876027107239], "cam_t_m2c": [370.6650085449219, -112.49890899658203, 753.6807250976562], "obj_id": 2}, {"cam_R_m2c": [0.06458716839551926, 0.45463159680366516, 0.8883346915245056, 0.9783750176429749, -0.20413418114185333, 0.03333813697099686, 0.19649608433246613, 0.8669713139533997, -0.45798465609550476], "cam_t_m2c": [-220.93824768066406, -43.91202926635742, 577.2772216796875], "obj_id": 3}, {"cam_R_m2c": [0.13434921205043793, -0.2096082866191864, -0.9685115814208984, 0.9443818926811218, -0.26896411180496216, 0.18921208381652832, -0.30015525221824646, -0.9400652647018433, 0.1618151217699051], "cam_t_m2c": [-263.0331115722656, -38.47659683227539, 575.8325805664062], "obj_id": 4}],
  "1": [{"cam_R_m2c": [0.0029800233896821737, -0.9570978283882141, -0.289749413728714, -0.12338601052761078, 0.28718480467796326, -0.9498950839042664, 0.9923542141914368, 0.03858165815472603, -0.11723661422729492], "cam_t_m2c": [-93.68594360351562, 21.029142379760742, 739.006103515625], "obj_id": 3}, {"cam_R_m2c": [0.0029800233896821737, -0.9570978283882141, -0.289749413728714, -0.12338601052761078, 0.28718480467796326, -0.9498950839042664, 0.9923542141914368, 0.03858165815472603, -0.11723661422729492], "cam_t_m2c": [-93.68594360351562, 21.029142379760742, 739.006103515625], "obj_id": 0}, {"cam_R_m2c": [0.0029800233896821737, -0.9570978283882141, -0.289749413728714, -0.12338601052761078, 0.28718480467796326, -0.9498950839042664, 0.9923542141914368, 0.03858165815472603, -0.11723661422729492], "cam_t_m2c": [-93.68594360351562, 21.029142379760742, 739.006103515625], "obj_id": 3}, {"cam_R_m2c": [0.0029800233896821737, -0.9570978283882141, -0.289749413728714, -0.12338601052761078, 0.28718480467796326, -0.9498950839042664, 0.9923542141914368, 0.03858165815472603, -0.11723661422729492], "cam_t_m2c": [-93.68594360351562, 21.029142379760742, 739.006103515625], "obj_id": 3}, {"cam_R_m2c": [0.0029800233896821737, -0.9570978283882141, -0.289749413728714, -0.12338601052761078, 0.28718480467796326, -0.9498950839042664, 0.9923542141914368, 0.03858165815472603, -0.11723661422729492], "cam_t_m2c": [-93.68594360351562, 21.029142379760742, 739.006103515625], "obj_id": 2}, {"cam_R_m2c": [0.0029800233896821737, -0.9570978283882141, -0.289749413728714, -0.12338601052761078, 0.28718480467796326, -0.9498950839042664, 0.9923542141914368, 0.03858165815472603, -0.11723661422729492], "cam_t_m2c": [-93.68594360351562, 21.029142379760742, 739.006103515625], "obj_id": 0}, {"cam_R_m2c": [0.0029800233896821737, -0.9570978283882141, -0.289749413728714, -0.12338601052761078, 0.28718480467796326, -0.9498950839042664, 0.9923542141914368, 0.03858165815472603, -0.11723661422729492], "cam_t_m2c": [-93.68594360351562, 21.029142379760742, 739.006103515625], "obj_id": 0}, {"cam_R_m2c": [0.0029800233896821737, -0.9570978283882141, -0.289749413728714, -0.12338601052761078, 0.28718480467796326, -0.9498950839042664, 0.9923542141914368, 0.03858165815472603, -0.11723661422729492], "cam_t_m2c": [-93.68594360351562, 21.029142379760742, 739.006103515625], "obj_id": 1}, {"cam_R_m2c": [0.0029800233896821737, -0.9570978283882141, -0.289749413728714, -0.12338601052761078, 0.28718480467796326, -0.9498950839042664, 0.9923542141914368, 0.03858165815472603, -0.11723661422729492], "cam_t_m2c": [-93.68594360351562, 21.029142379760742, 739.006103515625], "obj_id": 1}, {"cam_R_m2c": [0.0029800233896821737, -0.9570978283882141, -0.289749413728714, -0.12338601052761078, 0.28718480467796326, -0.9498950839042664, 0.9923542141914368, 0.03858165815472603, -0.11723661422729492], "cam_t_m2c": [-93.68594360351562, 21.029142379760742, 739.006103515625], "obj_id": 1}, {"cam_R_m2c": [0.0029800233896821737, -0.9570978283882141, -0.289749413728714, -0.12338601052761078, 0.28718480467796326, -0.9498950839042664, 0.9923542141914368, 0.03858165815472603, -0.11723661422729492], "cam_t_m2c": [-93.68594360351562, 21.029142379760742, 739.006103515625], "obj_id": 3}, {"cam_R_m2c": [0.0029800233896821737, -0.9570978283882141, -0.289749413728714, -0.12338601052761078, 0.28718480467796326, -0.9498950839042664, 0.9923542141914368, 0.03858165815472603, -0.11723661422729492], "cam_t_m2c": [-93.68594360351562, 21.029142379760742, 739.006103515625], "obj_id": 3}, {"cam_R_m2c": [0.42192909121513367, -0.747586727142334, -0.5129229426383972, 0.8661090731620789, 0.16512107849121094, 0.47179457545280457, -0.26801297068595886, -0.643311083316803, 0.7171609997749329], "cam_t_m2c": [-215.44618225097656, 85.48321533203125, 769.3321533203125], "obj_id": 1}, {"cam_R_m2c": [0.3601597249507904, 0.6928535103797913, -0.6246910691261292, -0.9054617881774902, 0.42080819606781006, -0.055311255156993866, 0.22455251216888428, 0.585554838180542, 0.7789105772972107], "cam_t_m2c": [394.9693298339844, -156.59930419921875, 1202.3094482421875], "obj_id": 2}, {"cam_R_m2c": [0.3787628412246704, -0.3177938759326935, 0.8692213892936707, 0.925126850605011, 0.1564520299434662, -0.34592360258102417, -0.02605905942618847, 0.9351630210876465, 0.35325783491134644], "cam_t_m2c": [146.71034240722656, -77.07453155517578, 638.5187377929688], "obj_id": 3}, {"cam_R_m2c": [0.7060554623603821, 0.3016630709171295, -0.6406911015510559, 0.6471972465515137, -0.6421060562133789, 0.41089609265327454, -0.2874394357204437, -0.7047688961029053, -0.6485980153083801], "cam_t_m2c": [122.64837646484375, -65.65229034423828, 605.4406127929688], "obj_id": 4}],
  "2": [{"cam_R_m2c": [0.0029800233896821737, -0.9570978283882141, -0.289749413728714, -0.12338601052761078, 0.28718480467796326, -0.9498950839042664, 0.9923542141914368, 0.03858165815472603, -0.11723661422729492], "cam_t_m2c": [-93.68594360351562, 21.029142379760742, 739.006103515625], "obj_id": 3}, {"cam_R_m2c": [0.0029800233896821737, -0.9570978283882141, -0.289749413728714, -0.12338601052761078, 0.28718480467796326, -0.9498950839042664, 0.9923542141914368, 0.03858165815472603, -0.11723661422729492], "cam_t_m2c": [-93.68594360351562, 21.029142379760742, 739.006103515625], "obj_id": 0}, {"cam_R_m2c": [0.0029800233896821737, -0.9570978283882141, -0.289749413728714, -0.12338601052761078, 0.28718480467796326, -0.9498950839042664, 0.9923542141914368, 0.03858165815472603, -0.11723661422729492], "cam_t_m2c": [-93.68594360351562, 21.029142379760742, 739.006103515625], "obj_id": 3}, {"cam_R_m2c": [0.0029800233896821737, -0.9570978283882141, -0.289749413728714, -0.12338601052761078, 0.28718480467796326, -0.9498950839042664, 0.9923542141914368, 0.03858165815472603, -0.11723661422729492], "cam_t_m2c": [-93.68594360351562, 21.029142379760742, 739.006103515625], "obj_id": 3}, {"cam_R_m2c": [0.0029800233896821737, -0.9570978283882141, -0.289749413728714, -0.12338601052761078, 0.28718480467796326, -0.9498950839042664, 0.9923542141914368, 0.03858165815472603, -0.11723661422729492], "cam_t_m2c": [-93.68594360351562, 21.029142379760742, 739.006103515625], "obj_id": 2}, {"cam_R_m2c": [0.0029800233896821737, -0.9570978283882141, -0.289749413728714, -0.12338601052761078, 0.28718480467796326, -0.9498950839042664, 0.9923542141914368, 0.03858165815472603, -0.11723661422729492], "cam_t_m2c": [-93.68594360351562, 21.029142379760742, 739.006103515625], "obj_id": 0}, {"cam_R_m2c": [0.0029800233896821737, -0.9570978283882141, -0.289749413728714, -0.12338601052761078, 0.28718480467796326, -0.9498950839042664, 0.9923542141914368, 0.03858165815472603, -0.11723661422729492], "cam_t_m2c": [-93.68594360351562, 21.029142379760742, 739.006103515625], "obj_id": 0}, {"cam_R_m2c": [0.0029800233896821737, -0.9570978283882141, -0.289749413728714, -0.12338601052761078, 0.28718480467796326, -0.9498950839042664, 0.9923542141914368, 0.03858165815472603, -0.11723661422729492], "cam_t_m2c": [-93.68594360351562, 21.029142379760742, 739.006103515625], "obj_id": 1}, {"cam_R_m2c": [0.0029800233896821737, -0.9570978283882141, -0.289749413728714, -0.12338601052761078, 0.28718480467796326, -0.9498950839042664, 0.9923542141914368, 0.03858165815472603, -0.11723661422729492], "cam_t_m2c": [-93.68594360351562, 21.029142379760742, 739.006103515625], "obj_id": 1}, {"cam_R_m2c": [0.0029800233896821737, -0.9570978283882141, -0.289749413728714, -0.12338601052761078, 0.28718480467796326, -0.9498950839042664, 0.9923542141914368, 0.03858165815472603, -0.11723661422729492], "cam_t_m2c": [-93.68594360351562, 21.029142379760742, 739.006103515625], "obj_id": 1}, {"cam_R_m2c": [0.0029800233896821737, -0.9570978283882141, -0.289749413728714, -0.12338601052761078, 0.28718480467796326, -0.9498950839042664, 0.9923542141914368, 0.03858165815472603, -0.11723661422729492], "cam_t_m2c": [-93.68594360351562, 21.029142379760742, 739.006103515625], "obj_id": 3}, {"cam_R_m2c": [0.0029800233896821737, -0.9570978283882141, -0.289749413728714, -0.12338601052761078, 0.28718480467796326, -0.9498950839042664, 0.9923542141914368, 0.03858165815472603, -0.11723661422729492], "cam_t_m2c": [-93.68594360351562, 21.029142379760742, 739.006103515625], "obj_id": 3}, {"cam_R_m2c": [0.42192909121513367, -0.747586727142334, -0.5129229426383972, 0.8661090731620789, 0.16512107849121094, 0.47179457545280457, -0.26801297068595886, -0.643311083316803, 0.7171609997749329], "cam_t_m2c": [-215.44618225097656, 85.48321533203125, 769.3321533203125], "obj_id": 1}, {"cam_R_m2c": [0.3601597249507904, 0.6928535103797913, -0.6246910691261292, -0.9054617881774902, 0.42080819606781006, -0.055311255156993866, 0.22455251216888428, 0.585554838180542, 0.7789105772972107], "cam_t_m2c": [394.9693298339844, -156.59930419921875, 1202.3094482421875], "obj_id": 2}, {"cam_R_m2c": [0.3787628412246704, -0.3177938759326935, 0.8692213892936707, 0.925126850605011, 0.1564520299434662, -0.34592360258102417, -0.02605905942618847, 0.9351630210876465, 0.35325783491134644], "cam_t_m2c": [146.71034240722656, -77.07453155517578, 638.5187377929688], "obj_id": 3}, {"cam_R_m2c": [0.7060554623603821, 0.3016630709171295, -0.6406911015510559, 0.6471972465515137, -0.6421060562133789, 0.41089609265327454, -0.2874394357204437, -0.7047688961029053, -0.6485980153083801], "cam_t_m2c": [122.64837646484375, -65.65229034423828, 605.4406127929688], "obj_id": 4}],
  "3": [{"cam_R_m2c": [0.5012329816818237, 0.8647822737693787, -0.03028264082968235, 0.10384728759527206, -0.09485998749732971, -0.9900591969490051, -0.8590583205223083, 0.49310553073883057, -0.13735222816467285], "cam_t_m2c": [267.2692565917969, 49.98091125488281, 377.06781005859375], "obj_id": 3}, {"cam_R_m2c": [0.5012329816818237, 0.8647822737693787, -0.03028264082968235, 0.10384728759527206, -0.09485998749732971, -0.9900591969490051, -0.8590583205223083, 0.49310553073883057, -0.13735222816467285], "cam_t_m2c": [267.2692565917969, 49.98091125488281, 377.06781005859375], "obj_id": 0}, {"cam_R_m2c": [0.5012329816818237, 0.8647822737693787, -0.03028264082968235, 0.10384728759527206, -0.09485998749732971, -0.9900591969490051, -0.8590583205223083, 0.49310553073883057, -0.13735222816467285], "cam_t_m2c": [267.2692565917969, 49.98091125488281, 377.06781005859375], "obj_id": 3}, {"cam_R_m2c": [0.5012329816818237, 0.8647822737693787, -0.03028264082968235, 0.10384728759527206, -0.09485998749732971, -0.9900591969490051, -0.8590583205223083, 0.49310553073883057, -0.13735222816467285], "cam_t_m2c": [267.2692565917969, 49.98091125488281, 377.06781005859375], "obj_id": 3}, {"cam_R_m2c": [0.5012329816818237, 0.8647822737693787, -0.03028264082968235, 0.10384728759527206, -0.09485998749732971, -0.9900591969490051, -0.8590583205223083, 0.49310553073883057, -0.13735222816467285], "cam_t_m2c": [267.2692565917969, 49.98091125488281, 377.06781005859375], "obj_id": 2}, {"cam_R_m2c": [0.5012329816818237, 0.8647822737693787, -0.03028264082968235, 0.10384728759527206, -0.09485998749732971, -0.9900591969490051, -0.8590583205223083, 0.49310553073883057, -0.13735222816467285], "cam_t_m2c": [267.2692565917969, 49.98091125488281, 377.06781005859375], "obj_id": 0}, {"cam_R_m2c": [0.5012329816818237, 0.8647822737693787, -0.03028264082968235, 0.10384728759527206, -0.09485998749732971, -0.9900591969490051, -0.8590583205223083, 0.49310553073883057, -0.13735222816467285], "cam_t_m2c": [267.2692565917969, 49.98091125488281, 377.06781005859375], "obj_id": 0}, {"cam_R_m2c": [0.5012329816818237, 0.8647822737693787, -0.03028264082968235, 0.10384728759527206, -0.09485998749732971, -0.9900591969490051, -0.8590583205223083, 0.49310553073883057, -0.13735222816467285], "cam_t_m2c": [267.2692565917969, 49.98091125488281, 377.06781005859375], "obj_id": 1}, {"cam_R_m2c": [0.5012329816818237, 0.8647822737693787, -0.03028264082968235, 0.10384728759527206, -0.09485998749732971, -0.9900591969490051, -0.8590583205223083, 0.49310553073883057, -0.13735222816467285], "cam_t_m2c": [267.2692565917969, 49.98091125488281, 377.06781005859375], "obj_id": 1}, {"cam_R_m2c": [0.5012329816818237, 0.8647822737693787, -0.03028264082968235, 0.10384728759527206, -0.09485998749732971, -0.9900591969490051, -0.8590583205223083, 0.49310553073883057, -0.13735222816467285], "cam_t_m2c": [267.2692565917969, 49.98091125488281, 377.06781005859375], "obj_id": 1}, {"cam_R_m2c": [0.5012329816818237, 0.8647822737693787, -0.03028264082968235, 0.10384728759527206, -0.09485998749732971, -0.9900591969490051, -0.8590583205223083, 0.49310553073883057, -0.13735222816467285], "cam_t_m2c": [267.2692565917969, 49.98091125488281, 377.06781005859375], "obj_id": 3}, {"cam_R_m2c": [0.5012329816818237, 0.8647822737693787, -0.03028264082968235, 0.10384728759527206, -0.09485998749732971, -0.9900591969490051, -0.8590583205223083, 0.49310553073883057, -0.13735222816467285], "cam_t_m2c": [267.2692565917969, 49.98091125488281, 377.06781005859375], "obj_id": 3}, {"cam_R_m2c": [-0.3016444742679596, 0.30290210247039795, 0.9040247797966003, 0.8815706372261047, -0.2725006639957428, 0.38545623421669006, 0.36310291290283203, 0.9132325053215027, -0.1848311871290207], "cam_t_m2c": [396.8765869140625, 68.52777099609375, 429.579833984375], "obj_id": 1}, {"cam_R_m2c": [-0.3693382740020752, -0.16288810968399048, 0.9149079322814941, -0.6307627558708191, 0.7669377326965332, -0.11808820813894272, -0.6824422478675842, -0.6207044124603271, -0.38600319623947144], "cam_t_m2c": [77.14775848388672, 174.56680297851562, -281.20111083984375], "obj_id": 2}, {"cam_R_m2c": [-0.12437529861927032, 0.7931210994720459, -0.596229612827301, 0.9705270528793335, 0.22224727272987366, 0.09318467229604721, 0.20641715824604034, -0.5670670866966248, -0.7973875999450684], "cam_t_m2c": [-4.044843673706055, 30.85950469970703, 317.60821533203125], "obj_id": 3}, {"cam_R_m2c": [-0.5913987159729004, -0.7613802552223206, 0.26560795307159424, 0.7876683473587036, -0.6159836649894714, -0.011941621080040932, 0.17270229756832123, 0.20214872062206268, 0.9640071392059326], "cam_t_m2c": [0.4084511995315552, 24.922222137451172, 359.4236145019531], "obj_id": 4}],
  "4": [{"cam_R_m2c": [0.5012329816818237, 0.8647822737693787, -0.03028264082968235, 0.10384728759527206, -0.09485998749732971, -0.9900591969490051, -0.8590583205223083, 0.49310553073883057, -0.13735222816467285], "cam_t_m2c": [267.2692565917969, 49.98091125488281, 377.06781005859375], "obj_id": 3}, {"cam_R_m2c": [0.5012329816818237, 0.8647822737693787, -0.03028264082968235, 0.10384728759527206, -0.09485998749732971, -0.9900591969490051, -0.8590583205223083, 0.49310553073883057, -0.13735222816467285], "cam_t_m2c": [267.2692565917969, 49.98091125488281, 377.06781005859375], "obj_id": 0}, {"cam_R_m2c": [0.5012329816818237, 0.8647822737693787, -0.03028264082968235, 0.10384728759527206, -0.09485998749732971, -0.9900591969490051, -0.8590583205223083, 0.49310553073883057, -0.13735222816467285], "cam_t_m2c": [267.2692565917969, 49.98091125488281, 377.06781005859375], "obj_id": 3}, {"cam_R_m2c": [0.5012329816818237, 0.8647822737693787, -0.03028264082968235, 0.10384728759527206, -0.09485998749732971, -0.9900591969490051, -0.8590583205223083, 0.49310553073883057, -0.13735222816467285], "cam_t_m2c": [267.2692565917969, 49.98091125488281, 377.06781005859375], "obj_id": 3}, {"cam_R_m2c": [0.5012329816818237, 0.8647822737693787, -0.03028264082968235, 0.10384728759527206, -0.09485998749732971, -0.9900591969490051, -0.8590583205223083, 0.49310553073883057, -0.13735222816467285], "cam_t_m2c": [267.2692565917969, 49.98091125488281, 377.06781005859375], "obj_id": 2}, {"cam_R_m2c": [0.5012329816818237, 0.8647822737693787, -0.03028264082968235, 0.10384728759527206, -0.09485998749732971, -0.9900591969490051, -0.8590583205223083, 0.49310553073883057, -0.13735222816467285], "cam_t_m2c": [267.2692565917969, 49.98091125488281, 377.06781005859375], "obj_id": 0}, {"cam_R_m2c": [0.5012329816818237, 0.8647822737693787, -0.03028264082968235, 0.10384728759527206, -0.09485998749732971, -0.9900591969490051, -0.8590583205223083, 0.49310553073883057, -0.13735222816467285], "cam_t_m2c": [267.2692565917969, 49.98091125488281, 377.06781005859375], "obj_id": 0}, {"cam_R_m2c": [0.5012329816818237, 0.8647822737693787, -0.03028264082968235, 0.10384728759527206, -0.09485998749732971, -0.9900591969490051, -0.8590583205223083, 0.49310553073883057, -0.13735222816467285], "cam_t_m2c": [267.2692565917969, 49.98091125488281, 377.06781005859375], "obj_id": 1}, {"cam_R_m2c": [0.5012329816818237, 0.8647822737693787, -0.03028264082968235, 0.10384728759527206, -0.09485998749732971, -0.9900591969490051, -0.8590583205223083, 0.49310553073883057, -0.13735222816467285], "cam_t_m2c": [267.2692565917969, 49.98091125488281, 377.06781005859375], "obj_id": 1}, {"cam_R_m2c": [0.5012329816818237, 0.8647822737693787, -0.03028264082968235, 0.10384728759527206, -0.09485998749732971, -0.9900591969490051, -0.8590583205223083, 0.49310553073883057, -0.13735222816467285], "cam_t_m2c": [267.2692565917969, 49.98091125488281, 377.06781005859375], "obj_id": 1}, {"cam_R_m2c": [0.5012329816818237, 0.8647822737693787, -0.03028264082968235, 0.10384728759527206, -0.09485998749732971, -0.9900591969490051, -0.8590583205223083, 0.49310553073883057, -0.13735222816467285], "cam_t_m2c": [267.2692565917969, 49.98091125488281, 377.06781005859375], "obj_id": 3}, {"cam_R_m2c": [0.5012329816818237, 0.8647822737693787, -0.03028264082968235, 0.10384728759527206, -0.09485998749732971, -0.9900591969490051, -0.8590583205223083, 0.49310553073883057, -0.13735222816467285], "cam_t_m2c": [267.2692565917969, 49.98091125488281, 377.06781005859375], "obj_id": 3}, {"cam_R_m2c": [-0.3016444742679596, 0.30290210247039795, 0.9040247797966003, 0.8815706372261047, -0.2725006639957428, 0.38545623421669006, 0.36310291290283203, 0.9132325053215027, -0.1848311871290207], "cam_t_m2c": [396.8765869140625, 68.52777099609375, 429.579833984375], "obj_id": 1}, {"cam_R_m2c": [-0.3693382740020752, -0.16288810968399048, 0.9149079322814941, -0.6307627558708191, 0.7669377326965332, -0.11808820813894272, -0.6824422478675842, -0.6207044124603271, -0.38600319623947144], "cam_t_m2c": [77.14775848388672, 174.56680297851562, -281.20111083984375], "obj_id": 2}, {"cam_R_m2c": [-0.12437529861927032, 0.7931210994720459, -0.596229612827301, 0.9705270528793335, 0.22224727272987366, 0.09318467229604721, 0.20641715824604034, -0.5670670866966248, -0.7973875999450684], "cam_t_m2c": [-4.044843673706055, 30.85950469970703, 317.60821533203125], "obj_id": 3}, {"cam_R_m2c": [-0.5913987159729004, -0.7613802552223206, 0.26560795307159424, 0.7876683473587036, -0.6159836649894714, -0.011941621080040932, 0.17270229756832123, 0.20214872062206268, 0.9640071392059326], "cam_t_m2c": [0.4084511995315552, 24.922222137451172, 359.4236145019531], "obj_id": 4}],
  "5": [{"cam_R_m2c": [-0.8962231278419495, 0.37595197558403015, 0.23546597361564636, -0.057078905403614044, 0.42865893244743347, -0.9016615152359009, -0.43991604447364807, -0.8215300440788269, -0.36271512508392334], "cam_t_m2c": [-231.96188354492188, 89.73711395263672, 198.6463623046875], "obj_id": 3}, {"cam_R_m2c": [-0.8962231278419495, 0.37595197558403015, 0.23546597361564636, -0.057078905403614044, 0.42865893244743347, -0.9016615152359009, -0.43991604447364807, -0.8215300440788269, -0.36271512508392334], "cam_t_m2c": [-231.96188354492188, 89.73711395263672, 198.6463623046875], "obj_id": 0}, {"cam_R_m2c": [-0.8962231278419495, 0.37595197558403015, 0.23546597361564636, -0.057078905403614044, 0.42865893244743347, -0.9016615152359009, -0.43991604447364807, -0.8215300440788269, -0.36271512508392334], "cam_t_m2c": [-231.96188354492188, 89.73711395263672, 198.6463623046875], "obj_id": 3}, {"cam_R_m2c": [-0.8962231278419495, 0.37595197558403015, 0.23546597361564636, -0.057078905403614044, 0.42865893244743347, -0.9016615152359009, -0.43991604447364807, -0.8215300440788269, -0.36271512508392334], "cam_t_m2c": [-231.96188354492188, 89.73711395263672, 198.6463623046875], "obj_id": 3}, {"cam_R_m2c": [-0.8962231278419495, 0.37595197558403015, 0.23546597361564636, -0.057078905403614044, 0.42865893244743347, -0.9016615152359009, -0.43991604447364807, -0.8215300440788269, -0.36271512508392334], "cam_t_m2c": [-231.96188354492188, 89.73711395263672, 198.6463623046875], "obj_id": 2}, {"cam_R_m2c": [-0.8962231278419495, 0.37595197558403015, 0.23546597361564636, -0.057078905403614044, 0.42865893244743347, -0.9016615152359009, -0.43991604447364807, -0.8215300440788269, -0.36271512508392334], "cam_t_m2c": [-231.96188354492188, 89.73711395263672, 198.6463623046875], "obj_id": 0}, {"cam_R_m2c": [-0.8962231278419495, 0.37595197558403015, 0.23546597361564636, -0.057078905403614044, 0.42865893244743347, -0.9016615152359009, -0.43991604447364807, -0.8215300440788269, -0.36271512508392334], "cam_t_m2c": [-231.96188354492188, 89.73711395263672, 198.6463623046875], "obj_id": 0}, {"cam_R_m2c": [-0.8962231278419495, 0.37595197558403015, 0.23546597361564636, -0.057078905403614044, 0.42865893244743347, -0.9016615152359009, -0.43991604447364807, -0.8215300440788269, -0.36271512508392334], "cam_t_m2c": [-231.96188354492188, 89.73711395263672, 198.6463623046875], "obj_id": 1}, {"cam_R_m2c": [-0.8962231278419495, 0.37595197558403015, 0.23546597361564636, -0.057078905403614044, 0.42865893244743347, -0.9016615152359009, -0.43991604447364807, -0.8215300440788269, -0.36271512508392334], "cam_t_m2c": [-231.96188354492188, 89.73711395263672, 198.6463623046875], "obj_id": 1}, {"cam_R_m2c": [-0.8962231278419495, 0.37595197558403015, 0.23546597361564636, -0.057078905403614044, 0.42865893244743347, -0.9016615152359009, -0.43991604447364807, -0.8215300440788269, -0.36271512508392334], "cam_t_m2c": [-231.96188354492188, 89.73711395263672, 198.6463623046875], "obj_id": 1}, {"cam_R_m2c": [-0.8962231278419495, 0.37595197558403015, 0.23546597361564636, -0.057078905403614044, 0.42865893244743347, -0.9016615152359009, -0.43991604447364807, -0.8215300440788269, -0.36271512508392334], "cam_t_m2c": [-231.96188354492188, 89.73711395263672, 198.6463623046875], "obj_id": 3}, {"cam_R_m2c": [-0.8962231278419495, 0.37595197558403015, 0.23546597361564636, -0.057078905403614044, 0.42865893244743347, -0.9016615152359009, -0.43991604447364807, -0.8215300440788269, -0.36271512508392334], "cam_t_m2c": [-231.96188354492188, 89.73711395263672, 198.6463623046875], "obj_id": 3}, {"cam_R_m2c": [0.05570720508694649, 0.9017248749732971, -0.42870622873306274, 0.7740029692649841, 0.23223692178726196, 0.5890547633171082, 0.6307267546653748, -0.36463451385498047, -0.685000479221344], "cam_t_m2c": [-207.21568298339844, 173.48350524902344, 87.85955810546875], "obj_id": 1}, {"cam_R_m2c": [-0.35314491391181946, -0.8290262222290039, -0.4335944354534149, -0.9323548674583435, 0.35023507475852966, 0.08972053229808807, 0.0774792954325676, 0.4359482228755951, -0.8966304063796997], "cam_t_m2c": [-859.6441650390625, -128.02113342285156, 407.4100646972656], "obj_id": 2}, {"cam_R_m2c": [-0.14435893297195435, -0.7078784704208374, -0.6914250254631042, 0.8545443415641785, 0.26311975717544556, -0.4477967917919159, 0.4989132881164551, -0.6554968357086182, 0.5669298768043518], "cam_t_m2c": [-244.31619262695312, -49.510292053222656, 439.4158020019531], "obj_id": 3}, {"cam_R_m2c": [-0.048019129782915115, 0.5093884468078613, 0.8591957688331604, 0.5143566131591797, -0.7247596383094788, 0.45843252539634705, 0.8562307953834534, 0.4639466404914856, -0.2272047996520996], "cam_t_m2c": [-204.15863037109375, -36.82115936279297, 433.94171142578125], "obj_id": 4}],
  "6": [{"cam_R_m2c": [-0.8962231278419495, 0.37595197558403015, 0.23546597361564636, -0.057078905403614044, 0.42865893244743347, -0.9016615152359009, -0.43991604447364807, -0.8215300440788269, -0.36271512508392334], "cam_t_m2c": [-231.96188354492188, 89.73711395263672, 198.6463623046875], "obj_id": 3}, {"cam_R_m2c": [-0.8962231278419495, 0.37595197558403015, 0.23546597361564636, -0.057078905403614044, 0.42865893244743347, -0.9016615152359009, -0.43991604447364807, -0.8215300440788269, -0.36271512508392334], "cam_t_m2c": [-231.96188354492188, 89.73711395263672, 198.6463623046875], "obj_id": 0}, {"cam_R_m2c": [-0.8962231278419495, 0.37595197558403015, 0.23546597361564636, -0.057078905403614044, 0.42865893244743347, -0.9016615152359009, -0.43991604447364807, -0.8215300440788269, -0.36271512508392334], "cam_t_m2c": [-231.96188354492188, 89.73711395263672, 198.6463623046875], "obj_id": 3}, {"cam_R_m2c": [-0.8962231278419495, 0.37595197558403015, 0.23546597361564636, -0.057078905403614044, 0.42865893244743347, -0.9016615152359009, -0.43991604447364807, -0.8215300440788269, -0.36271512508392334], "cam_t_m2c": [-231.96188354492188, 89.73711395263672, 198.6463623046875], "obj_id": 3}, {"cam_R_m2c": [-0.8962231278419495, 0.37595197558403015, 0.23546597361564636, -0.057078905403614044, 0.42865893244743347, -0.9016615152359009, -0.43991604447364807, -0.8215300440788269, -0.36271512508392334], "cam_t_m2c": [-231.96188354492188, 89.73711395263672, 198.6463623046875], "obj_id": 2}, {"cam_R_m2c": [-0.8962231278419495, 0.37595197558403015, 0.23546597361564636, -0.057078905403614044, 0.42865893244743347, -0.9016615152359009, -0.43991604447364807, -0.8215300440788269, -0.36271512508392334], "cam_t_m2c": [-231.96188354492188, 89.73711395263672, 198.6463623046875], "obj_id": 0}, {"cam_R_m2c": [-0.8962231278419495, 0.37595197558403015, 0.23546597361564636, -0.057078905403614044, 0.42865893244743347, -0.9016615152359009, -0.43991604447364807, -0.8215300440788269, -0.36271512508392334], "cam_t_m2c": [-231.96188354492188, 89.73711395263672, 198.6463623046875], "obj_id": 0}, {"cam_R_m2c": [-0.8962231278419495, 0.37595197558403015, 0.23546597361564636, -0.057078905403614044, 0.42865893244743347, -0.9016615152359009, -0.43991604447364807, -0.8215300440788269, -0.36271512508392334], "cam_t_m2c": [-231.96188354492188, 89.73711395263672, 198.6463623046875], "obj_id": 1}, {"cam_R_m2c": [-0.8962231278419495, 0.37595197558403015, 0.23546597361564636, -0.057078905403614044, 0.42865893244743347, -0.9016615152359009, -0.43991604447364807, -0.8215300440788269, -0.36271512508392334], "cam_t_m2c": [-231.96188354492188, 89.73711395263672, 198.6463623046875], "obj_id": 1}, {"cam_R_m2c": [-0.8962231278419495, 0.37595197558403015, 0.23546597361564636, -0.057078905403614044, 0.42865893244743347, -0.9016615152359009, -0.43991604447364807, -0.8215300440788269, -0.36271512508392334], "cam_t_m2c": [-231.96188354492188, 89.73711395263672, 198.6463623046875], "obj_id": 1}, {"cam_R_m2c": [-0.8962231278419495, 0.37595197558403015, 0.23546597361564636, -0.057078905403614044, 0.42865893244743347, -0.9016615152359009, -0.43991604447364807, -0.8215300440788269, -0.36271512508392334], "cam_t_m2c": [-231.96188354492188, 89.73711395263672, 198.6463623046875], "obj_id": 3}, {"cam_R_m2c": [-0.8962231278419495, 0.37595197558403015, 0.23546597361564636, -0.057078905403614044, 0.42865893244743347, -0.9016615152359009, -0.43991604447364807, -0.8215300440788269, -0.36271512508392334], "cam_t_m2c": [-231.96188354492188, 89.73711395263672, 198.6463623046875], "obj_id": 3}, {"cam_R_m2c": [0.05570720508694649, 0.9017248749732971, -0.42870622873306274, 0.7740029692649841, 0.23223692178726196, 0.5890547633171082, 0.6307267546653748, -0.36463451385498047, -0.685000479221344], "cam_t_m2c": [-207.21568298339844, 173.48350524902344, 87.85955810546875], "obj_id": 1}, {"cam_R_m2c": [-0.35314491391181946, -0.8290262222290039, -0.4335944354534149, -0.9323548674583435, 0.35023507475852966, 0.08972053229808807, 0.0774792954325676, 0.4359482228755951, -0.8966304063796997], "cam_t_m2c": [-859.6441650390625, -128.02113342285156, 407.4100646972656], "obj_id": 2}, {"cam_R_m2c": [-0.14435893297195435, -0.7078784704208374, -0.6914250254631042, 0.8545443415641785, 0.26311975717544556, -0.4477967917919159, 0.4989132881164551, -0.6554968357086182, 0.5669298768043518], "cam_t_m2c": [-244.31619262695312, -49.510292053222656, 439.4158020019531], "obj_id": 3}, {"cam_R_m2c": [-0.048019129782915115, 0.5093884468078613, 0.8591957688331604, 0.5143566131591797, -0.7247596383094788, 0.45843252539634705, 0.8562307953834534, 0.4639466404914856, -0.2272047996520996], "cam_t_m2c": [-204.15863037109375, -36.82115936279297, 433.94171142578125], "obj_id": 4}],
  "7": [{"cam_R_m2c": [-0.8014559149742126, 0.5980372428894043, 0.004449829459190369, 0.11045348644256592, 0.1553279012441635, -0.9816685914993286, -0.5877655744552612, -0.7862726449966431, -0.1905437409877777], "cam_t_m2c": [-156.8028106689453, 131.71751403808594, 183.4494171142578], "obj_id": 3}, {"cam_R_m2c": [-0.8014559149742126, 0.5980372428894043, 0.004449829459190369, 0.11045348644256592, 0.1553279012441635, -0.9816685914993286, -0.5877655744552612, -0.7862726449966431, -0.1905437409877777], "cam_t_m2c": [-156.8028106689453, 131.71751403808594, 183.4494171142578], "obj_id": 0}, {"cam_R_m2c": [-0.8014559149742126, 0.5980372428894043, 0.004449829459190369, 0.11045348644256592, 0.1553279012441635, -0.9816685914993286, -0.5877655744552612, -0.7862726449966431, -0.1905437409877777], "cam_t_m2c": [-156.8028106689453, 131.71751403808594, 183.4494171142578], "obj_id": 3}, {"cam_R_m2c": [-0.8014559149742126, 0.5980372428894043, 0.004449829459190369, 0.11045348644256592, 0.1553279012441635, -0.9816685914993286, -0.5877655744552612, -0.7862726449966431, -0.1905437409877777], "cam_t_m2c": [-156.8028106689453, 131.71751403808594, 183.4494171142578], "obj_id": 3}, {"cam_R_m2c": [-0.8014559149742126, 0.5980372428894043, 0.004449829459190369, 0.11045348644256592, 0.1553279012441635, -0.9816685914993286, -0.5877655744552612, -0.7862726449966431, -0.1905437409877777], "cam_t_m2c": [-156.8028106689453, 131.71751403808594, 183.4494171142578], "obj_id": 2}, {"cam_R_m2c": [-0.8014559149742126, 0.5980372428894043, 0.004449829459190369, 0.11045348644256592, 0.1553279012441635, -0.9816685914993286, -0.5877655744552612, -0.7862726449966431, -0.1905437409877777], "cam_t_m2c": [-156.8028106689453, 131.71751403808594, 183.4494171142578], "obj_id": 0}, {"cam_R_m2c": [-0.8014559149742126, 0.5980372428894043, 0.004449829459190369, 0.11045348644256592, 0.1553279012441635, -0.9816685914993286, -0.5877655744552612, -0.7862726449966431, -0.1905437409877777], "cam_t_m2c": [-156.8028106689453, 131.71751403808594, 183.4494171142578], "obj_id": 0}, {"cam_R_m2c": [-0.8014559149742126, 0.5980372428894043, 0.004449829459190369, 0.11045348644256592, 0.1553279012441635, -0.9816685914993286, -0.5877655744552612, -0.7862726449966431, -0.1905437409877777], "cam_t_m2c": [-156.8028106689453, 131.71751403808594, 183.4494171142578], "obj_id": 1}, {"cam_R_m2c": [-0.8014559149742126, 0.5980372428894043, 0.004449829459190369, 0.11045348644256592, 0.1553279012441635, -0.9816685914993286, -0.5877655744552612, -0.7862726449966431, -0.1905437409877777], "cam_t_m2c": [-156.8028106689453, 131.71751403808594, 183.4494171142578], "obj_id": 1}, {"cam_R_m2c": [-0.8014559149742126, 0.5980372428894043, 0.004449829459190369, 0.11045348644256592, 0.1553279012441635, -0.9816685914993286, -0.5877655744552612, -0.7862726449966431, -0.1905437409877777], "cam_t_m2c": [-156.8028106689453, 131.71751403808594, 183.4494171142578], "obj_id": 1}, {"cam_R_m2c": [-0.8014559149742126, 0.5980372428894043, 0.004449829459190369, 0.11045348644256592, 0.1553279012441635, -0.9816685914993286, -0.5877655744552612, -0.7862726449966431, -0.1905437409877777], "cam_t_m2c": [-156.8028106689453, 131.71751403808594, 183.4494171142578], "obj_id": 3}, {"cam_R_m2c": [-0.8014559149742126, 0.5980372428894043, 0.004449829459190369, 0.11045348644256592, 0.1553279012441635, -0.9816685914993286, -0.5877655744552612, -0.7862726449966431, -0.1905437409877777], "cam_t_m2c": [-156.8028106689453, 131.71751403808594, 183.4494171142578], "obj_id": 3}, {"cam_R_m2c": [0.19479750096797943, 0.9717786908149719, -0.13304176926612854, 0.8300610780715942, -0.09106601029634476, 0.550186812877655, 0.522544264793396, -0.21760781109333038, -0.8243751525878906], "cam_t_m2c": [-92.92599487304688, 184.24049377441406, 69.166259765625], "obj_id": 1}, {"cam_R_m2c": [-0.6222244501113892, -0.7395200729370117, -0.25680097937583923, -0.7715572118759155, 0.634813129901886, 0.04137352481484413, 0.13242407143115997, 0.22388026118278503, -0.9655783176422119], "cam_t_m2c": [-843.6483764648438, 133.96595764160156, 298.4452209472656], "obj_id": 2}, {"cam_R_m2c": [0.04841022938489914, -0.49792423844337463, -0.8658682703971863, 0.9368635416030884, 0.3232147693634033, -0.13348761200904846, 0.34632813930511475, -0.8047382235527039, 0.48213398456573486], "cam_t_m2c": [-243.7664031982422, 46.73573684692383, 433.9046630859375], "obj_id": 3}, {"cam_R_m2c": [-0.012183355167508125, 0.19979102909564972, 0.9797626733779907, 0.6533369421958923, -0.7401695847511292, 0.15905806422233582, 0.7569690942764282, 0.6420531272888184, -0.12151294946670532], "cam_t_m2c": [-201.30032348632812, 46.83495330810547, 434.3853454589844], "obj_id": 4}],
