{
  "0": [{"cam_R_m2c": [0.8508540391921997, 0.28086528182029724, -0.4440293610095978, 0.292441189289093, 0.44894155859947205, 0.8443516492843628, 0.43649229407310486, -0.8482725024223328, 0.29984715580940247], "cam_t_m2c": [2277.170654296875, -8590.248046875, -35778.328125], "obj_id": 3}, {"cam_R_m2c": [-0.19634602963924408, -0.8016032576560974, 0.564694881439209, -0.19593334197998047, -0.5322153568267822, -0.8236241340637207, 0.9607592225074768, -0.2723579704761505, -0.05256234109401703], "cam_t_m2c": [-177.0481719970703, 122.37556457519531, 1605.077880859375], "obj_id": 3}, {"cam_R_m2c": [0.19304654002189636, -0.028350306674838066, 0.9807800054550171, 0.27978888154029846, 0.9596724510192871, -0.027330581098794937, -0.9404527544975281, 0.27968740463256836, 0.19319353997707367], "cam_t_m2c": [-362.179443359375, -102.87677764892578, 1713.4510498046875], "obj_id": 3}, {"cam_R_m2c": [-0.9231507182121277, -0.2138328105211258, -0.3194808065891266, 0.14178477227687836, -0.9618251919746399, 0.23407062888145447, -0.35733672976493835, 0.17078498005867004, 0.9182281494140625], "cam_t_m2c": [-168.15737915039062, 5.893620491027832, 1506.2904052734375], "obj_id": 0}],
  "1": [{"cam_R_m2c": [0.842340886592865, 0.1722254902124405, -0.5106859803199768, 0.3621748089790344, 0.5208250880241394, 0.7730268836021423, 0.3991129994392395, -0.8361097574234009, 0.37633654475212097], "cam_t_m2c": [660.0101318359375, -6358.46875, -36342.96484375], "obj_id": 3}, {"cam_R_m2c": [-0.10790535062551498, -0.7564700245857239, 0.645065426826477, -0.2661721408367157, -0.6031830310821533, -0.7518792748451233, 0.9578667879104614, -0.25283029675483704, -0.13626448810100555], "cam_t_m2c": [-152.16146850585938, 74.48212432861328, 1570.3260498046875], "obj_id": 3}, {"cam_R_m2c": [0.09700489789247513, -0.11218056082725525, 0.9889416098594666, 0.3479725122451782, 0.9347435235977173, 0.07190012186765671, -0.9324725866317749, 0.33714985847473145, 0.12971046566963196], "cam_t_m2c": [-304.14111328125, -175.47247314453125, 1676.395751953125], "obj_id": 3}, {"cam_R_m2c": [-0.9553278088569641, -0.09695864468812943, -0.2791912853717804, 0.05661996081471443, -0.9872000217437744, 0.14909833669662476, -0.2900739908218384, 0.12662997841835022, 0.9485894441604614], "cam_t_m2c": [-137.583740234375, -35.14686965942383, 1464.4910888671875], "obj_id": 0}]
}