{
  "0": [{"cam_R_m2c": [-0.9904028177261353, 0.13776342570781708, -0.011109951883554459, -0.12675197422504425, -0.873304545879364, 0.47039666771888733, 0.05510108545422554, 0.46729040145874023, 0.8823851346969604], "cam_t_m2c": [-6.65561056137085, 80.34835815429688, 303.07489013671875], "obj_id": 0}, {"cam_R_m2c": [0.03927525132894516, -0.9790154695510864, -0.19996507465839386, -0.0008225165656767786, -0.20015104115009308, 0.9797646403312683, -0.9992280602455139, -0.03831597417593002, -0.008666171692311764], "cam_t_m2c": [-69.56656646728516, 172.05032348632812, 85.35161590576172], "obj_id": 1}, {"cam_R_m2c": [0.32664772868156433, -0.625752866268158, -0.7083323001861572, -0.8435683846473694, -0.531015157699585, 0.08009594678878784, -0.4262554347515106, 0.5713635683059692, -0.7013202905654907], "cam_t_m2c": [12.584094047546387, -128.83702087402344, 217.3563232421875], "obj_id": 2}, {"cam_R_m2c": [0.6120278835296631, 0.661990225315094, 0.4326554834842682, 0.5432969331741333, -0.7495039701461792, 0.3782489001750946, 0.5746740698814392, 0.0035615137312561274, -0.8183746337890625], "cam_t_m2c": [-206.9744110107422, -128.49891662597656, 430.2694396972656], "obj_id": 3}, {"cam_R_m2c": [0.909930408000946, -0.2565166652202606, 0.32592299580574036, -0.33478084206581116, -0.9181262254714966, 0.2120518982410431, 0.24484360218048096, -0.30206525325775146, -0.9213078618049622], "cam_t_m2c": [-118.73213195800781, 177.1618194580078, 203.06715393066406], "obj_id": 0}, {"cam_R_m2c": [-0.26523441076278687, 0.9160890579223633, 0.3007179796695709, 0.15494155883789062, 0.3483316898345947, -0.9244771599769592, -0.9516530632972717, -0.19860956072807312, -0.23432974517345428], "cam_t_m2c": [-114.45916748046875, 181.20008850097656, 149.0320587158203], "obj_id": 1}, {"cam_R_m2c": [-0.019650081172585487, 0.3398817479610443, -0.9402627944946289, -0.9378314018249512, -0.33222490549087524, -0.10049176216125488, -0.3465341627597809, 0.8798333406448364, 0.32528018951416016], "cam_t_m2c": [-54.839256286621094, 126.24224853515625, 29.959150314331055], "obj_id": 2}, {"cam_R_m2c": [0.4297855496406555, 0.554264485836029, -0.7127939462661743, 0.7623996734619141, -0.6457152366638184, -0.04240873456001282, -0.4837675988674164, -0.5252072215080261, -0.7000901699066162], "cam_t_m2c": [-190.4923095703125, 162.47476196289062, 276.37371826171875], "obj_id": 3}, {"cam_R_m2c": [0.5122978091239929, -0.8584155440330505, -0.02595667354762554, -0.8440893292427063, -0.5088595151901245, 0.1690422147512436, -0.15831676125526428, -0.06469020992517471, -0.9852669835090637], "cam_t_m2c": [1.1341217756271362, 12.235734939575195, 354.658447265625], "obj_id": 0}, {"cam_R_m2c": [-0.7961104512214661, -0.5711837410926819, -0.19989284873008728, -0.5650255084037781, 0.8198784589767456, -0.09244213998317719, 0.21668928861618042, 0.039350397884845734, -0.9754471778869629], "cam_t_m2c": [18.741352081298828, 88.74142456054688, 171.5115509033203], "obj_id": 1}, {"cam_R_m2c": [0.40077975392341614, 0.6335555911064148, 0.6618027687072754, 0.8990870714187622, -0.13311856985092163, -0.4170393645763397, -0.1761193424463272, 0.7621592283248901, -0.622972846031189], "cam_t_m2c": [41.02375411987305, 76.72348022460938, 132.88369750976562], "obj_id": 2}, {"cam_R_m2c": [0.3541293442249298, 0.7685676217079163, 0.5328191518783569, 0.1291043758392334, 0.5241080522537231, -0.8418092727661133, -0.9262421131134033, 0.36689862608909607, 0.08637659251689911], "cam_t_m2c": [-64.3332290649414, 152.87539672851562, 199.4898681640625], "obj_id": 3}, {"cam_R_m2c": [-0.44927549362182617, 0.4607299268245697, -0.7654275298118591, -0.7159894108772278, -0.6981109380722046, 4.6915243729017675e-05, -0.5343317985534668, 0.5480591058731079, 0.6435220837593079], "cam_t_m2c": [-40.668643951416016, -5.571493625640869, 265.07122802734375], "obj_id": 0}, {"cam_R_m2c": [0.6103110313415527, 0.14572249352931976, -0.7786433100700378, 0.558987557888031, 0.6172474026679993, 0.5536592602729797, 0.5612961649894714, -0.7731562852859497, 0.2952558398246765], "cam_t_m2c": [-19.57625961303711, 118.69353485107422, 205.41270446777344], "obj_id": 1}, {"cam_R_m2c": [-0.3503558933734894, 0.5305018424987793, -0.7718929648399353, -0.489324152469635, 0.5990421772003174, 0.6338062882423401, 0.7986318469047546, 0.5997635722160339, 0.049709346145391464], "cam_t_m2c": [48.98007583618164, 59.38361358642578, 228.15248107910156], "obj_id": 2}, {"cam_R_m2c": [0.36369603872299194, 0.4176887273788452, 0.8326231241226196, 0.8234410881996155, -0.5620522499084473, -0.07772944122552872, 0.4355110228061676, 0.713886022567749, -0.5483582019805908], "cam_t_m2c": [-187.01318359375, -77.20536804199219, 290.948486328125], "obj_id": 3}]
}