{
  "0": [{"cam_R_m2c": [0.9082604050636292, -0.16734430193901062, 0.3834826648235321, 0.41839879751205444, 0.3581164479255676, -0.8346825838088989, 0.0023479177616536617, 0.9185578227043152, 0.3952796459197998], "cam_t_m2c": [88.02578735351562, -87.5504150390625, 1121.1016845703125], "obj_id": 3}, {"cam_R_m2c": [0.17725488543510437, -0.266847163438797, 0.9472978115081787, -0.8623419404029846, -0.5059759020805359, 0.01882827840745449, 0.474285751581192, -0.820232093334198, -0.31980010867118835], "cam_t_m2c": [-171.0830078125, -167.94561767578125, 995.0556030273438], "obj_id": 3}, {"cam_R_m2c": [0.6609898805618286, 0.24506182968616486, -0.7092510461807251, 0.4206678569316864, 0.6616736650466919, 0.6206662058830261, 0.6213942766189575, -0.7086132168769836, 0.3342699706554413], "cam_t_m2c": [-161.94606018066406, 33.85478210449219, 938.919677734375], "obj_id": 3}, {"cam_R_m2c": [-0.5456843376159668, -0.2222539633512497, 0.8079798817634583, -0.7389722466468811, -0.32703766226768494, -0.5890383124351501, 0.3951560854911804, -0.9185038208961487, 0.014220030046999454], "cam_t_m2c": [-150.87234497070312, -212.3558807373047, 1028.9512939453125], "obj_id": 3}, {"cam_R_m2c": [-0.45737895369529724, 0.23351646959781647, -0.8580641746520996, 0.41490158438682556, -0.7974115610122681, -0.4381677806377411, -0.7865499258041382, -0.5564210414886475, 0.26783323287963867], "cam_t_m2c": [-100.96141815185547, -267.6064453125, 1154.0626220703125], "obj_id": 3}, {"cam_R_m2c": [-0.09509790688753128, 0.4079887866973877, -0.9080206155776978, 0.7723501920700073, -0.5452359318733215, -0.32587260007858276, -0.6280378699302673, -0.7322997450828552, -0.2632594108581543], "cam_t_m2c": [-9.424385070800781, -27.277774810791016, 1248.5198974609375], "obj_id": 3}, {"cam_R_m2c": [0.19581323862075806, 0.8117219805717468, 0.5502404570579529, 0.714504599571228, -0.5024113059043884, 0.4868941903114319, 0.6716697812080383, 0.29780906438827515, -0.6783578395843506], "cam_t_m2c": [53.511146545410156, 66.40039825439453, 1208.0224609375], "obj_id": 3}, {"cam_R_m2c": [-0.23890095949172974, 0.31811827421188354, -0.917456865310669, 0.35200777649879456, 0.908922016620636, 0.2234979122877121, 0.9049955010414124, -0.2695581018924713, -0.3291224539279938], "cam_t_m2c": [110.29505920410156, -60.35409164428711, 1145.4161376953125], "obj_id": 3}, {"cam_R_m2c": [-0.6707345247268677, 0.6939646601676941, 0.2617790400981903, -0.5078286528587341, -0.6869272589683533, 0.51984703540802, 0.5405786633491516, 0.21574045717716217, 0.8131609559059143], "cam_t_m2c": [-172.87130737304688, -227.23704528808594, 948.7217407226562], "obj_id": 3}, {"cam_R_m2c": [-0.5520638823509216, -0.8312473893165588, 0.06521735340356827, -0.81662517786026, 0.5232400894165039, -0.24360452592372894, 0.1683712899684906, -0.1877433806657791, -0.967679500579834], "cam_t_m2c": [-159.016845703125, -109.28868103027344, 1031.8709716796875], "obj_id": 3}, {"cam_R_m2c": [-0.9066357612609863, 0.13182851672172546, -0.40078994631767273, 0.31591540575027466, -0.4175344705581665, -0.8519754409790039, -0.27965831756591797, -0.8990472555160522, 0.33690521121025085], "cam_t_m2c": [-152.6317596435547, 163.0655059814453, 1118.1883544921875], "obj_id": 3}, {"cam_R_m2c": [0.3944026827812195, 0.9189019799232483, 0.008099555969238281, 0.8813883066177368, -0.3807656764984131, 0.2795923054218292, 0.2600019574165344, -0.10313307493925095, -0.9600844383239746], "cam_t_m2c": [-24.754486083984375, 9.858774185180664, 1203.100341796875], "obj_id": 3}, {"cam_R_m2c": [0.5569198727607727, 0.7765910029411316, 0.29452788829803467, -0.5036976337432861, 0.033837269991636276, 0.8632170557975769, 0.6604005694389343, -0.629095733165741, 0.4100116789340973], "cam_t_m2c": [158.3699951171875, 47.91685104370117, 1212.5247802734375], "obj_id": 3}, {"cam_R_m2c": [-0.6321327090263367, 0.5109648704528809, -0.5825143456459045, 0.4148503839969635, 0.8581218719482422, 0.3025325834751129, 0.654451847076416, -0.050415560603141785, -0.7544208765029907], "cam_t_m2c": [210.33628845214844, -5.530770778656006, 1188.3846435546875], "obj_id": 3}, {"cam_R_m2c": [0.8618477582931519, -0.36117222905158997, 0.35605207085609436, 0.007630228064954281, 0.7111952900886536, 0.702953040599823, -0.5071097016334534, -0.6031216979026794, 0.6156979203224182], "cam_t_m2c": [-93.63847351074219, 104.25402069091797, 1164.304931640625], "obj_id": 3}, {"cam_R_m2c": [-0.15209996700286865, -0.7343860864639282, 0.6614699959754944, -0.8797261118888855, -0.20445464551448822, -0.429278701543808, 0.45049697160720825, -0.6472057700157166, -0.6149610877037048], "cam_t_m2c": [-151.3401336669922, -9.106546401977539, 1261.911865234375], "obj_id": 3}, {"cam_R_m2c": [0.4405827820301056, 0.858195960521698, 0.26341304183006287, -0.7632210850715637, 0.20360367000102997, 0.6132202744483948, 0.4726313054561615, -0.47121667861938477, 0.7446975708007812], "cam_t_m2c": [-81.83792877197266, -70.39976501464844, 884.29443359375], "obj_id": 3}, {"cam_R_m2c": [-0.9317310452461243, -0.3551039397716522, -0.07601342350244522, -0.3378432095050812, 0.7708348631858826, 0.5400699377059937, -0.1331871896982193, 0.5288806557655334, -0.8381801843643188], "cam_t_m2c": [85.13723754882812, 56.51320266723633, 1129.5926513671875], "obj_id": 3}, {"cam_R_m2c": [0.2570396363735199, -0.6257627606391907, 0.7364451289176941, -0.36519360542297363, 0.6426483988761902, 0.6735254526138306, -0.894742488861084, -0.4420677423477173, -0.06333844363689423], "cam_t_m2c": [-206.96356201171875, -96.2076187133789, 878.7185668945312], "obj_id": 3}, {"cam_R_m2c": [-0.9468615055084229, -0.06149055436253548, -0.3157082796096802, 0.30395615100860596, 0.14992249011993408, -0.9408154487609863, 0.10518300533294678, -0.9867836236953735, -0.12326521426439285], "cam_t_m2c": [54.300575256347656, -3.479771375656128, 837.8223876953125], "obj_id": 3}, {"cam_R_m2c": [-0.7180739045143127, 0.38946855068206787, -0.5767877101898193, 0.4965786635875702, 0.8673819899559021, -0.03252874314785004, 0.4876263439655304, -0.30977851152420044, -0.8162461519241333], "cam_t_m2c": [-105.22095489501953, -323.2683410644531, 1020.5064086914062], "obj_id": 3}, {"cam_R_m2c": [-0.6936732530593872, 0.64030522108078, 0.32988840341567993, 0.290508508682251, 0.6677975058555603, -0.6853110194206238, -0.6591069102287292, -0.3795466423034668, -0.6492473483085632], "cam_t_m2c": [-16.042041778564453, 85.15520477294922, 944.3622436523438], "obj_id": 3}, {"cam_R_m2c": [-0.43417811393737793, 0.7211145162582397, 0.5398916006088257, -0.8999415636062622, -0.32065412402153015, -0.2954418659210205, -0.03992891684174538, -0.6141453385353088, 0.7881821990013123], "cam_t_m2c": [76.89570617675781, 95.8964614868164, 1212.8966064453125], "obj_id": 3}, {"cam_R_m2c": [-0.5811967253684998, -0.751867413520813, 0.311297208070755, -0.17693252861499786, 0.49014386534690857, 0.8534951210021973, -0.7942955493927002, 0.44096988439559937, -0.41789984703063965], "cam_t_m2c": [52.9963493347168, 19.591339111328125, 1259.60693359375], "obj_id": 3}, {"cam_R_m2c": [-0.4305572211742401, -0.3046872019767761, 0.8495798707008362, 0.469806045293808, 0.7280664443969727, 0.4992007911205292, -0.7706506848335266, 0.6140723824501038, -0.17033034563064575], "cam_t_m2c": [98.37240600585938, 54.759979248046875, 1168.6005859375], "obj_id": 3}, {"cam_R_m2c": [-0.48158684372901917, 0.380999356508255, 0.7892486453056335, 0.19234614074230194, 0.9245516657829285, -0.3289485275745392, -0.855030357837677, -0.006608371157199144, -0.5185356736183167], "cam_t_m2c": [28.775585174560547, -252.68495178222656, 976.5143432617188], "obj_id": 3}, {"cam_R_m2c": [-0.8037018775939941, 0.27381521463394165, 0.5282880067825317, -0.5586901307106018, -0.04172737896442413, -0.8283260464668274, -0.20476415753364563, -0.9608766436576843, 0.18651440739631653], "cam_t_m2c": [36.55060958862305, 58.017822265625, 994.3048706054688], "obj_id": 3}, {"cam_R_m2c": [-0.8778436779975891, 0.43790706992149353, -0.19397804141044617, 0.3936621844768524, 0.42901575565338135, -0.8130039572715759, -0.27280059456825256, -0.7900523543357849, -0.5489961504936218], "cam_t_m2c": [-155.97061157226562, 30.643754959106445, 834.8471069335938], "obj_id": 3}, {"cam_R_m2c": [0.25107133388519287, 0.4860651195049286, 0.8370805978775024, -0.9677643179893494, 0.10828274488449097, 0.22739197313785553, 0.019885912537574768, -0.8671883344650269, 0.49758315086364746], "cam_t_m2c": [-142.06680297851562, 220.85801696777344, 1126.6558837890625], "obj_id": 1}, {"cam_R_m2c": [0.21543975174427032, -0.09652126580476761, -0.9717351794242859, 0.9730163216590881, -0.06296666711568832, 0.22197815775871277, -0.08261258155107498, -0.9933371543884277, 0.08035128563642502], "cam_t_m2c": [-63.06941223144531, -210.81375122070312, 1105.2666015625], "obj_id": 1}, {"cam_R_m2c": [-0.4147298038005829, -0.18827001750469208, 0.8902547359466553, 0.5962643027305603, -0.7952728867530823, 0.10958946496248245, 0.6873630881309509, 0.5762771368026733, 0.44208210706710815], "cam_t_m2c": [129.28317260742188, -19.382312774658203, 1108.883056640625], "obj_id": 1}, {"cam_R_m2c": [-0.030533645302057266, -0.9058741927146912, 0.42244476079940796, -0.4395955502986908, 0.39174309372901917, 0.8082655072212219, -0.8976767063140869, -0.1610255241394043, -0.41017961502075195], "cam_t_m2c": [-41.560646057128906, -288.3083190917969, 1018.555419921875], "obj_id": 1}, {"cam_R_m2c": [0.8493138551712036, 0.052757859230041504, 0.5252452492713928, 0.27279362082481384, 0.8079777956008911, -0.5222599506378174, -0.45193982124328613, 0.5868461728096008, 0.6718347072601318], "cam_t_m2c": [-84.64708709716797, 229.49862670898438, 1130.843994140625], "obj_id": 1}, {"cam_R_m2c": [0.15761058032512665, -0.39468199014663696, -0.905198872089386, 0.33415037393569946, -0.8412663340568542, 0.4249876141548157, -0.9292483329772949, -0.36945509910583496, -0.0007093284511938691], "cam_t_m2c": [2.331407308578491, 163.2440643310547, 878.4370727539062], "obj_id": 1}, {"cam_R_m2c": [0.40041986107826233, 0.9017593860626221, 0.1627696305513382, -0.7354573011398315, 0.2103121429681778, 0.6441051363945007, 0.5465953946113586, -0.3776226043701172, 0.7474186420440674], "cam_t_m2c": [25.770244598388672, 225.79331970214844, 1130.4388427734375], "obj_id": 1}, {"cam_R_m2c": [-0.15456147491931915, 0.650107204914093, -0.743956446647644, -0.872054398059845, 0.2641497850418091, 0.41200223565101624, 0.4643615186214447, 0.7124502658843994, 0.5261015892028809], "cam_t_m2c": [-174.87220764160156, -113.25337982177734, 1040.50927734375], "obj_id": 1}, {"cam_R_m2c": [-0.6814729571342468, -0.2000894546508789, -0.7039589881896973, -0.7117776870727539, -0.04248705133795738, 0.7011184096336365, -0.17019568383693695, 0.9788558483123779, -0.11346516758203506], "cam_t_m2c": [-136.80172729492188, -38.056007385253906, 942.756591796875], "obj_id": 1}, {"cam_R_m2c": [-0.869055449962616, -0.11776699125766754, 0.48049283027648926, 0.38188329339027405, 0.45774129033088684, 0.8028935194015503, -0.3144957423210144, 0.8812512755393982, -0.3528292775154114], "cam_t_m2c": [-119.07596588134766, 225.83839416503906, 1096.92578125], "obj_id": 1}, {"cam_R_m2c": [-0.6324058175086975, -0.73781418800354, 0.23599326610565186, -0.06798458844423294, -0.2506108582019806, -0.965697705745697, 0.7716480493545532, -0.6267569065093994, 0.1083279401063919], "cam_t_m2c": [94.9314956665039, -131.8426971435547, 1095.3427734375], "obj_id": 1}, {"cam_R_m2c": [0.32078802585601807, 0.8416571021080017, 0.43440577387809753, 0.9460256695747375, -0.26236915588378906, -0.19025734066963196, -0.04615677520632744, 0.47199130058288574, -0.8803941011428833], "cam_t_m2c": [-128.41908264160156, -61.5271110534668, 1215.5499267578125], "obj_id": 1}, {"cam_R_m2c": [0.8747826814651489, -0.4817385673522949, -0.051799677312374115, 0.4703465700149536, 0.8186684846878052, 0.32947838306427, -0.11631569266319275, -0.3125857710838318, 0.9427410960197449], "cam_t_m2c": [4.92342472076416, 289.2495422363281, 1080.026611328125], "obj_id": 1}, {"cam_R_m2c": [0.44635674357414246, 0.3475106954574585, -0.8246223330497742, 0.5277323126792908, 0.6419834494590759, 0.5561977028846741, 0.7226786017417908, -0.6834424734115601, 0.1031610295176506], "cam_t_m2c": [-180.6963653564453, -45.28114318847656, 845.8937377929688], "obj_id": 1}, {"cam_R_m2c": [-0.7272781133651733, 0.19562844932079315, -0.6578720211982727, 0.6297526359558105, -0.1909250169992447, -0.7529667615890503, -0.2729060649871826, -0.9619131088256836, 0.015658294782042503], "cam_t_m2c": [-2.7898929119110107, -30.437198638916016, 1282.7779541015625], "obj_id": 1}, {"cam_R_m2c": [-0.24815455079078674, 0.08013871312141418, -0.9653999209403992, 0.589972734451294, 0.8029366731643677, -0.08499912172555923, 0.7683432698249817, -0.590652585029602, -0.24653203785419464], "cam_t_m2c": [-65.07000732421875, -122.08671569824219, 1197.618408203125], "obj_id": 1}, {"cam_R_m2c": [-0.09948965162038803, 0.9066221117973328, 0.4100465178489685, 0.9680408835411072, 0.18353202939033508, -0.17091740667819977, -0.2302141636610031, 0.3799372911453247, -0.8959068059921265], "cam_t_m2c": [99.89461517333984, 34.4985466003418, 1123.0479736328125], "obj_id": 1}, {"cam_R_m2c": [0.37946587800979614, 0.9235351085662842, 0.05557427927851677, -0.6697506308555603, 0.232756108045578, 0.705165684223175, 0.6383100152015686, -0.30480721592903137, 0.7068612575531006], "cam_t_m2c": [-51.68448257446289, 61.792205810546875, 1229.5869140625], "obj_id": 1}, {"cam_R_m2c": [-0.5459486842155457, -0.7085694670677185, -0.4470674991607666, 0.13340744376182556, -0.6003222465515137, 0.7885529398918152, -0.827129065990448, 0.3708672821521759, 0.42227354645729065], "cam_t_m2c": [-7.26574182510376, -70.15122985839844, 1203.3565673828125], "obj_id": 1}, {"cam_R_m2c": [0.6676161885261536, -0.2339918166399002, 0.7067789435386658, -0.6331151723861694, -0.6779336333274841, 0.37359198927879333, 0.39173179864883423, -0.6968885660171509, -0.6007432341575623], "cam_t_m2c": [-199.8429412841797, -199.2648468017578, 933.8736572265625], "obj_id": 1}, {"cam_R_m2c": [-0.11098156124353409, 0.5562082529067993, -0.823599100112915, -0.46877342462539673, -0.7600334286689758, -0.4501117765903473, -0.8763187527656555, 0.33612728118896484, 0.34508535265922546], "cam_t_m2c": [-117.58830261230469, 55.797943115234375, 930.2717895507812], "obj_id": 1}, {"cam_R_m2c": [-0.44773799180984497, -0.1496114730834961, 0.8815593123435974, 0.2961757779121399, -0.9550620317459106, -0.011660117655992508, 0.8436884880065918, 0.2558758556842804, 0.4719291627407074], "cam_t_m2c": [22.862014770507812, -19.381328582763672, 1022.3198852539062], "obj_id": 1}, {"cam_R_m2c": [-0.8252280354499817, 0.16926558315753937, 0.5388390421867371, 0.5561650991439819, 0.07735271006822586, 0.8274640440940857, 0.09838058054447174, 0.9825301766395569, -0.15797312557697296], "cam_t_m2c": [-238.31036376953125, -43.735809326171875, 982.7628784179688], "obj_id": 1}, {"cam_R_m2c": [-0.6072998046875, 0.7075685262680054, 0.36129459738731384, -0.0304087083786726, 0.433724969625473, -0.900532066822052, -0.793890655040741, -0.5578793883323669, -0.24188487231731415], "cam_t_m2c": [-116.49453735351562, -192.88516235351562, 1003.3253173828125], "obj_id": 1}, {"cam_R_m2c": [-0.8157196044921875, 0.5467488169670105, 0.18885697424411774, -0.4964812994003296, -0.829302966594696, 0.2564421594142914, 0.29682913422584534, 0.11542098224163055, 0.9479295611381531], "cam_t_m2c": [-284.9732666015625, -35.303367614746094, 1011.2166137695312], "obj_id": 1}, {"cam_R_m2c": [0.05912605673074722, 0.7756735682487488, 0.6283585429191589, 0.5077212452888489, 0.5185955762863159, -0.6879518032073975, -0.8594900369644165, 0.359706848859787, -0.36316344141960144], "cam_t_m2c": [-226.36648559570312, -10.924671173095703, 981.7957763671875], "obj_id": 1}, {"cam_R_m2c": [-0.3289039433002472, 0.5229927897453308, -0.7863211035728455, 0.10407789796590805, -0.8075000643730164, -0.5806130766868591, -0.9386107325553894, -0.27280452847480774, 0.21115785837173462], "cam_t_m2c": [7.4124555587768555, 8.91953182220459, 1195.96728515625], "obj_id": 1}, {"cam_R_m2c": [0.433562308549881, -0.8951206803321838, 0.10383963584899902, -0.5416517853736877, -0.3509645462036133, -0.7638305425643921, 0.7201645970344543, 0.2749232053756714, -0.6370086669921875], "cam_t_m2c": [64.28079223632812, 97.24401092529297, 980.803466796875], "obj_id": 1}, {"cam_R_m2c": [0.2902773320674896, -0.9331041574478149, 0.2122630923986435, 0.3673335611820221, 0.3134714365005493, 0.8756721019744873, -0.883631706237793, -0.17621636390686035, 0.43375420570373535], "cam_t_m2c": [115.92668914794922, -16.44437026977539, 958.1876831054688], "obj_id": 1}, {"cam_R_m2c": [-0.6569473147392273, -0.675067663192749, -0.3357136845588684, -0.15209589898586273, -0.31746023893356323, 0.9359945058822632, -0.7384354472160339, 0.6659598350524902, 0.10587973147630692], "cam_t_m2c": [-112.68362426757812, 21.679359436035156, 985.0908813476562], "obj_id": 1}, {"cam_R_m2c": [0.4539516568183899, 0.34534555673599243, -0.8213794827461243, 0.8753892779350281, -0.0009121585171669722, 0.4834175705909729, 0.1661968231201172, -0.9384750723838806, -0.3027258515357971], "cam_t_m2c": [-46.23052215576172, -111.21154022216797, 904.9334106445312], "obj_id": 1}, {"cam_R_m2c": [-0.5743046998977661, -0.7980089783668518, -0.18263550102710724, -0.49158406257629395, 0.5145661234855652, -0.7025430798530579, 0.654613733291626, -0.3136931359767914, -0.6878061890602112], "cam_t_m2c": [-39.7041015625, -106.26212310791016, 1230.9202880859375], "obj_id": 1}, {"cam_R_m2c": [-0.27706435322761536, 0.29044291377067566, -0.9159027934074402, -0.7497828602790833, 0.530758261680603, 0.3951217830181122, 0.6008832454681396, 0.796202540397644, 0.0707150474190712], "cam_t_m2c": [-167.47555541992188, -60.56718063354492, 1227.53564453125], "obj_id": 1}, {"cam_R_m2c": [-0.7804848551750183, 0.5083077549934387, -0.36395910382270813, 0.46222612261772156, 0.861169695854187, 0.21150358021259308, 0.42093947529792786, -0.0031560377683490515, -0.9070830345153809], "cam_t_m2c": [85.4946517944336, 20.354087829589844, 1123.448974609375], "obj_id": 1}, {"cam_R_m2c": [0.6690276861190796, 0.7398809790611267, 0.07055492699146271, 0.5730808973312378, -0.4530836343765259, -0.6828567385673523, -0.47326546907424927, 0.4972837269306183, -0.7271371483802795], "cam_t_m2c": [17.5433292388916, -164.38037109375, 969.5233764648438], "obj_id": 1}, {"cam_R_m2c": [-0.13008227944374084, 0.5742576122283936, 0.8082739114761353, 0.7263475060462952, -0.4997057020664215, 0.47192516922950745, 0.6749057769775391, 0.6484768986701965, -0.3521076440811157], "cam_t_m2c": [-176.65855407714844, 10.456092834472656, 878.0360717773438], "obj_id": 1}, {"cam_R_m2c": [-0.2028266191482544, 0.2516525089740753, 0.9463256597518921, 0.5982570052146912, 0.7969211935997009, -0.083697110414505, -0.7752095460891724, 0.5491699576377869, -0.3121896982192993], "cam_t_m2c": [-5.586230278015137, 41.11072540283203, 1222.017822265625], "obj_id": 1}, {"cam_R_m2c": [-0.3906797468662262, -0.6609072685241699, -0.6407578587532043, -0.876952052116394, 0.05559156462550163, 0.47735148668289185, -0.27986446022987366, 0.7484056353569031, -0.6013023853302002], "cam_t_m2c": [-263.6696472167969, 37.46049118041992, 1001.4118041992188], "obj_id": 1}, {"cam_R_m2c": [-0.4196939170360565, 0.8871475458145142, 0.19190096855163574, 0.5779653191566467, 0.42422330379486084, -0.6971302628517151, -0.6998662948608398, -0.18166930973529816, -0.6907843947410583], "cam_t_m2c": [-198.2577667236328, -227.9056396484375, 980.8320922851562], "obj_id": 1}, {"cam_R_m2c": [-0.5123346447944641, 0.7866590619087219, 0.3445013761520386, -0.19368557631969452, 0.2849693298339844, -0.9387643933296204, -0.8366597294807434, -0.5476862788200378, 0.006364654283970594], "cam_t_m2c": [-132.97048950195312, -5.831404685974121, 869.7244262695312], "obj_id": 1}, {"cam_R_m2c": [0.928942859172821, -0.22158224880695343, 0.29659146070480347, 0.27216339111328125, 0.9518147110939026, -0.14133583009243011, -0.2509826123714447, 0.21201425790786743, 0.9444880485534668], "cam_t_m2c": [35.41240310668945, 81.83165740966797, 1088.094970703125], "obj_id": 1}, {"cam_R_m2c": [-0.8235663771629333, -0.2082318812608719, -0.5276150107383728, 0.38683590292930603, -0.8864905834197998, -0.25395309925079346, -0.41484466195106506, -0.4132477343082428, 0.8106356859207153], "cam_t_m2c": [-62.33411407470703, -40.503379821777344, 1030.1256103515625], "obj_id": 1}, {"cam_R_m2c": [-0.4486345946788788, -0.2861689031124115, -0.8466606736183167, 0.8889331221580505, -0.045013610273599625, -0.4558197557926178, 0.09233017265796661, -0.9571212530136108, 0.2745797336101532], "cam_t_m2c": [-89.29964447021484, -180.2659912109375, 1054.05322265625], "obj_id": 1}, {"cam_R_m2c": [-0.9736745357513428, -0.17070449888706207, -0.1510549932718277, 0.04031166061758995, -0.7811999320983887, 0.6229778528213501, -0.22434930503368378, 0.6004884839057922, 0.7675160765647888], "cam_t_m2c": [14.349278450012207, 78.31253051757812, 1139.62841796875], "obj_id": 1}, {"cam_R_m2c": [0.7536397576332092, -0.4211743175983429, -0.5046179890632629, -0.045612189918756485, -0.7993884682655334, 0.5990804433822632, -0.6557031273841858, -0.428474098443985, -0.6216616034507751], "cam_t_m2c": [-19.15871810913086, 188.8397979736328, 1076.2286376953125], "obj_id": 1}, {"cam_R_m2c": [-0.49678799510002136, -0.4098435640335083, 0.7650032639503479, -0.8111549019813538, 0.5326991081237793, -0.2413697987794876, -0.30859270691871643, -0.7404457330703735, -0.597085177898407], "cam_t_m2c": [-121.05027770996094, -162.54568481445312, 986.4370727539062], "obj_id": 1}, {"cam_R_m2c": [0.7061296701431274, 0.6732183694839478, -0.21944910287857056, 0.6837188005447388, -0.5676630139350891, 0.4585709273815155, 0.1841452419757843, -0.4738520085811615, -0.861135721206665], "cam_t_m2c": [-222.40245056152344, 14.055072784423828, 992.9382934570312], "obj_id": 1}, {"cam_R_m2c": [-0.6294465661048889, -0.3305198550224304, 0.7032451629638672, -0.49164214730262756, 0.8702439069747925, -0.031041178852319717, -0.6017350554466248, -0.365283727645874, -0.7102695107460022], "cam_t_m2c": [38.29262161254883, 106.23417663574219, 1110.5015869140625], "obj_id": 1}, {"cam_R_m2c": [-0.36217427253723145, -0.7322839498519897, 0.576706051826477, 0.9315070509910583, -0.26209041476249695, 0.2521965503692627, -0.03353032097220421, 0.6285449266433716, 0.7770501971244812], "cam_t_m2c": [104.7754135131836, -167.14614868164062, 1002.7811279296875], "obj_id": 1}, {"cam_R_m2c": [0.8082748055458069, 0.11541950702667236, 0.5773822069168091, -0.4198206067085266, -0.5745880603790283, 0.7025659680366516, 0.4128468334674835, -0.8102632761001587, -0.4159695506095886], "cam_t_m2c": [-171.29881286621094, -204.64105224609375, 969.8092651367188], "obj_id": 1}, {"cam_R_m2c": [0.16630086302757263, 0.7773973941802979, 0.6066277027130127, -0.49981632828712463, -0.46385449171066284, 0.731452226638794, 0.850016176700592, -0.42484351992607117, 0.3114166855812073], "cam_t_m2c": [-198.70361328125, -207.51177978515625, 1025.7037353515625], "obj_id": 1}, {"cam_R_m2c": [-0.05361143872141838, -0.9319754242897034, -0.3585349917411804, -0.6715809106826782, -0.23206500709056854, 0.7036508917808533, -0.7389889359474182, 0.27850911021232605, -0.6134555339813232], "cam_t_m2c": [6.373767852783203, -266.03533935546875, 970.1514892578125], "obj_id": 1}, {"cam_R_m2c": [0.44488686323165894, 0.8138710856437683, -0.37375056743621826, -0.7546497583389282, 0.11594570428133011, -0.6458020806312561, -0.4822648763656616, 0.5693596601486206, 0.6657703518867493], "cam_t_m2c": [-83.86152648925781, -179.52438354492188, 1059.69140625], "obj_id": 1}, {"cam_R_m2c": [-0.8028501868247986, -0.48208901286125183, 0.3507445156574249, 0.5586507320404053, -0.4029002785682678, 0.7249693870544434, -0.20818471908569336, 0.7779855132102966, 0.5927879810333252], "cam_t_m2c": [-96.83545684814453, -93.5372543334961, 1141.89892578125], "obj_id": 1}, {"cam_R_m2c": [-0.6579305529594421, 0.2018633335828781, -0.7255194783210754, 0.161594957113266, -0.9031208157539368, -0.39781877398490906, -0.7355368137359619, -0.3789774179458618, 0.5615707635879517], "cam_t_m2c": [69.30619049072266, 11.395439147949219, 1259.950927734375], "obj_id": 3}, {"cam_R_m2c": [-0.2556833028793335, -0.608146071434021, -0.7515212297439575, -0.13713273406028748, 0.7923147082328796, -0.5945014357566833, 0.9569850564002991, -0.048945989459753036, -0.28597837686538696], "cam_t_m2c": [-183.27574157714844, 96.86346435546875, 1164.4796142578125], "obj_id": 1}, {"cam_R_m2c": [0.8779361844062805, -0.2289399802684784, 0.4204931855201721, 0.1814328283071518, -0.653674304485321, -0.73470538854599, 0.4430690407752991, 0.7213157415390015, -0.5323470830917358], "cam_t_m2c": [97.55594635009766, -148.34698486328125, 920.90380859375], "obj_id": 1}, {"cam_R_m2c": [-0.728279709815979, 0.2725513279438019, -0.6287482976913452, -0.05540651082992554, 0.8910827040672302, 0.45044609904289246, 0.6830364465713501, 0.36288750171661377, -0.6338563561439514], "cam_t_m2c": [40.201622009277344, 160.07315063476562, 995.2232666015625], "obj_id": 1}, {"cam_R_m2c": [0.678152859210968, -0.28779444098472595, 0.6762270927429199, 0.6218176484107971, 0.7151467204093933, -0.31923025846481323, -0.39172884821891785, 0.6369768381118774, 0.6639344692230225], "cam_t_m2c": [82.00994873046875, -182.77548217773438, 934.8972778320312], "obj_id": 1}, {"cam_R_m2c": [-0.2939891517162323, -0.3178139328956604, -0.9014236330986023, 0.8701944947242737, -0.47912877798080444, -0.11487824469804764, -0.3953881561756134, -0.81818687915802, 0.4174186885356903], "cam_t_m2c": [-21.376117706298828, 56.20077133178711, 1244.055419921875], "obj_id": 3}, {"cam_R_m2c": [0.8986652493476868, -0.22524823248386383, -0.3763827681541443, 0.43637776374816895, 0.3721667230129242, 0.8191863894462585, -0.044443149119615555, -0.9004194140434265, 0.43274661898612976], "cam_t_m2c": [79.20510864257812, 2.235419988632202, 968.9185791015625], "obj_id": 1}, {"cam_R_m2c": [0.8594781160354614, -0.4814162850379944, -0.1718597114086151, -0.30350935459136963, -0.21008138358592987, -0.9293803572654724, 0.41131433844566345, 0.8509430885314941, -0.3266746997833252], "cam_t_m2c": [-26.858257293701172, 183.1773223876953, 904.56982421875], "obj_id": 1}, {"cam_R_m2c": [0.08561680465936661, 0.8501532673835754, -0.5195277333259583, -0.16551655530929565, 0.5263331532478333, 0.8340129256248474, 0.9824835658073425, 0.014584969729185104, 0.1857774406671524], "cam_t_m2c": [-48.385841369628906, -51.96133041381836, 1307.008056640625], "obj_id": 1}, {"cam_R_m2c": [0.2587686777114868, 0.13233545422554016, 0.9568312764167786, 0.5638636946678162, -0.8249748945236206, -0.0383942574262619, 0.7842808961868286, 0.5494576096534729, -0.2880967855453491], "cam_t_m2c": [-287.2809753417969, -23.17999267578125, 987.79150390625], "obj_id": 3}, {"cam_R_m2c": [0.8620981574058533, 0.36577504873275757, -0.3507069945335388, -0.38530054688453674, 0.9226663708686829, 0.015173554420471191, 0.3291356563568115, 0.12204651534557343, 0.9363623261451721], "cam_t_m2c": [-101.11482238769531, -43.18426513671875, 888.0120239257812], "obj_id": 1}, {"cam_R_m2c": [-0.49566659331321716, -0.7439038753509521, 0.4482426345348358, 0.6787453293800354, -0.6537860035896301, -0.33446741104125977, 0.5418664216995239, 0.13845829665660858, 0.828981339931488], "cam_t_m2c": [-143.8357391357422, -114.55116271972656, 1330.51806640625], "obj_id": 1}, {"cam_R_m2c": [-0.6594123244285583, 0.1474965661764145, -0.7371703386306763, 0.7512357234954834, 0.16663582623004913, -0.6386528015136719, 0.02863987721502781, -0.9749242067337036, -0.22068637609481812], "cam_t_m2c": [-135.44544982910156, 14.665623664855957, 1191.0863037109375], "obj_id": 3}, {"cam_R_m2c": [0.8577225804328918, 0.4508722126483917, -0.24703489243984222, -0.0802401602268219, -0.3572166860103607, -0.9305684566497803, -0.5078125, 0.8179916739463806, -0.2702147364616394], "cam_t_m2c": [98.63410949707031, -93.76068115234375, 894.7070922851562], "obj_id": 1}, {"cam_R_m2c": [0.6923972964286804, -0.3781633973121643, 0.6144740581512451, 0.6523624658584595, 0.6919450759887695, -0.30924931168556213, -0.3082355558872223, 0.6149832606315613, 0.7258005738258362], "cam_t_m2c": [10.30944538116455, -1.8623099327087402, 896.7769775390625], "obj_id": 3}, {"cam_R_m2c": [-0.028445038944482803, 0.9554495215415955, 0.293780654668808, 0.8790434002876282, -0.11601129919290543, 0.4624110460281372, 0.4758923053741455, 0.27139928936958313, -0.8365816473960876], "cam_t_m2c": [82.69512939453125, 49.70326232910156, 1207.364990234375], "obj_id": 3}, {"cam_R_m2c": [0.962682843208313, -0.18318599462509155, -0.19920989871025085, -0.18063479661941528, 0.11320114880800247, -0.9770140647888184, 0.20152607560157776, 0.976538896560669, 0.0758870467543602], "cam_t_m2c": [-31.496200561523438, -15.479877471923828, 1111.40087890625], "obj_id": 3}, {"cam_R_m2c": [-0.2867489159107208, -0.5940004587173462, 0.7516239285469055, -0.36386439204216003, -0.6582484841346741, -0.6590232253074646, 0.8862153887748718, -0.46246337890625, -0.027383584529161453], "cam_t_m2c": [76.46036529541016, 7.297613143920898, 1256.2938232421875], "obj_id": 3}, {"cam_R_m2c": [-0.20344538986682892, -0.7703301310539246, -0.6043189167976379, 0.6604030728340149, 0.34771087765693665, -0.6655560731887817, 0.7228261828422546, -0.534498393535614, 0.4379882514476776], "cam_t_m2c": [-60.66873550415039, -167.59751892089844, 1075.5260009765625], "obj_id": 1}, {"cam_R_m2c": [0.7345504760742188, 0.640085756778717, 0.22522392868995667, -0.47646066546440125, 0.2502112090587616, 0.8428401947021484, 0.48313647508621216, -0.7264189720153809, 0.48876845836639404], "cam_t_m2c": [-176.94358825683594, -19.9512882232666, 1264.575927734375], "obj_id": 3}, {"cam_R_m2c": [-0.20230261981487274, -0.7346565127372742, -0.6475749611854553, 0.7802716493606567, 0.2786865234375, -0.559919536113739, 0.5918189883232117, -0.6185576319694519, 0.5168526768684387], "cam_t_m2c": [-104.07405853271484, 92.95333099365234, 1021.1536865234375], "obj_id": 3}, {"cam_R_m2c": [0.7052337527275085, 0.03717264160513878, 0.7079996466636658, 0.31244367361068726, -0.9127160906791687, -0.2633019983768463, 0.6364151835441589, 0.40689948201179504, -0.6552925109863281], "cam_t_m2c": [-169.6502685546875, -102.31770324707031, 1179.62890625], "obj_id": 3}, {"cam_R_m2c": [0.26851871609687805, 0.022926993668079376, -0.963001549243927, -0.399095743894577, 0.9125251770019531, -0.08955666422843933, 0.8767098784446716, 0.408377468585968, 0.2541801631450653], "cam_t_m2c": [55.83213424682617, -177.1833038330078, 1003.9007568359375], "obj_id": 1}, {"cam_R_m2c": [0.7259431481361389, -0.5733779072761536, -0.37979501485824585, 0.49459540843963623, 0.8189564347267151, -0.2910080552101135, 0.4778931736946106, 0.023410402238368988, 0.8781059384346008], "cam_t_m2c": [-109.15096282958984, -298.5562438964844, 1075.991943359375], "obj_id": 3}, {"cam_R_m2c": [-0.6055850982666016, -0.23763270676136017, 0.759471595287323, 0.7556263208389282, 0.12761928141117096, 0.6424500346183777, -0.24959033727645874, 0.9629350304603577, 0.10227730125188828], "cam_t_m2c": [44.57464599609375, 18.108259201049805, 1139.109375], "obj_id": 3}, {"cam_R_m2c": [-0.7516353130340576, -0.27153003215789795, -0.6010955572128296, 0.3470512330532074, 0.612166166305542, -0.7104984521865845, 0.5608919858932495, -0.7426466345787048, -0.36589086055755615], "cam_t_m2c": [-118.14289855957031, 39.278926849365234, 985.6192016601562], "obj_id": 1}, {"cam_R_m2c": [0.1230781078338623, -0.869594931602478, 0.47818028926849365, 0.9755306243896484, 0.19447281956672668, 0.10256826132535934, -0.18218590319156647, 0.45385563373565674, 0.8722518682479858], "cam_t_m2c": [-102.36486053466797, -188.27532958984375, 1150.1595458984375], "obj_id": 1}, {"cam_R_m2c": [-0.9404827356338501, 0.33747023344039917, 0.0400739386677742, 0.32083192467689514, 0.9205668568611145, -0.22276338934898376, -0.11206675320863724, -0.19664813578128815, -0.9740484952926636], "cam_t_m2c": [-20.285112380981445, -264.94921875, 1036.835693359375], "obj_id": 1}, {"cam_R_m2c": [0.47340771555900574, -0.675994336605072, 0.5647271275520325, 0.17374472320079803, -0.5568625330924988, -0.8122295141220093, 0.8635379672050476, 0.4826340675354004, -0.14617252349853516], "cam_t_m2c": [-41.351356506347656, 222.5232696533203, 1111.468017578125], "obj_id": 1}, {"cam_R_m2c": [0.3867531716823578, 0.11622720211744308, 0.9148296117782593, 0.450023353099823, -0.889671802520752, -0.07722081989049911, 0.8049229383468628, 0.4415600895881653, -0.39638835191726685], "cam_t_m2c": [-97.96131134033203, -328.72540283203125, 1024.551025390625], "obj_id": 1}, {"cam_R_m2c": [-0.6888137459754944, 0.21305498480796814, 0.6929236054420471, -0.5916104912757874, 0.38720420002937317, -0.7071561813354492, -0.4189660847187042, -0.8970398306846619, -0.14066597819328308], "cam_t_m2c": [31.00436019897461, 68.05880737304688, 1163.5147705078125], "obj_id": 3}, {"cam_R_m2c": [0.44667237997055054, -0.5978848338127136, -0.6655955910682678, -0.28383031487464905, 0.6108149886131287, -0.7391517758369446, 0.8484833836555481, 0.5190748572349548, 0.10313635319471359], "cam_t_m2c": [78.36194610595703, -59.608768463134766, 1101.4918212890625], "obj_id": 3}, {"cam_R_m2c": [0.5838019847869873, 0.16971716284751892, 0.7939592599868774, 0.07795026153326035, -0.9851065278053284, 0.153259739279747, 0.8081454038619995, -0.02758399024605751, -0.5883365273475647], "cam_t_m2c": [-43.12349319458008, 6.098056316375732, 957.7822875976562], "obj_id": 3}, {"cam_R_m2c": [-0.8208733797073364, 0.15786443650722504, -0.5488585829734802, -0.4147472679615021, 0.49590539932250977, 0.7629302144050598, 0.3926214873790741, 0.8539066910743713, -0.341601699590683], "cam_t_m2c": [42.93693161010742, 113.89927673339844, 937.0599365234375], "obj_id": 1}, {"cam_R_m2c": [0.7876909375190735, 0.11831516027450562, -0.6046027541160583, 0.24205529689788818, -0.9618988633155823, 0.12712068855762482, -0.566526472568512, -0.2464791238307953, -0.786317765712738], "cam_t_m2c": [-55.419193267822266, -78.43231201171875, 1128.9754638671875], "obj_id": 3}, {"cam_R_m2c": [-0.8376045227050781, 0.03037952445447445, -0.5454314947128296, 0.3370964825153351, -0.7569385766983032, -0.5598301291465759, -0.4298655688762665, -0.6527794003486633, 0.623774528503418], "cam_t_m2c": [-107.02619934082031, 37.10784912109375, 919.2621459960938], "obj_id": 1}, {"cam_R_m2c": [0.9700471758842468, -0.09738600254058838, 0.22254087030887604, 0.13598418235778809, 0.9768267273902893, -0.16528114676475525, -0.20128779113292694, 0.19059255719184875, 0.9608109593391418], "cam_t_m2c": [-62.45952224731445, -41.926170349121094, 863.09521484375], "obj_id": 1}, {"cam_R_m2c": [0.8414672613143921, 0.537219226360321, -0.05769231915473938, -0.4223758578300476, 0.5874531269073486, -0.6902879476547241, -0.3369444012641907, 0.6052225232124329, 0.7212309837341309], "cam_t_m2c": [-147.23428344726562, -16.123863220214844, 1119.458740234375], "obj_id": 3}, {"cam_R_m2c": [0.7660704851150513, -0.4313749074935913, -0.47649943828582764, -0.43101057410240173, -0.8947224020957947, 0.11705435067415237, -0.47682905197143555, 0.11570442467927933, -0.8713475465774536], "cam_t_m2c": [127.08723449707031, -40.19458770751953, 1262.6534423828125], "obj_id": 3}, {"cam_R_m2c": [-0.8791961669921875, 0.3587140142917633, 0.3135896921157837, 0.3385124206542969, 0.9334457516670227, -0.1186942532658577, -0.33529627323150635, 0.001798478071577847, -0.942111074924469], "cam_t_m2c": [-90.64278411865234, -132.59446716308594, 1343.209228515625], "obj_id": 3}, {"cam_R_m2c": [0.4578820466995239, 0.8606863617897034, -0.22262747585773468, -0.3749433159828186, 0.4140191376209259, 0.8294610381126404, 0.8060778975486755, -0.29632264375686646, 0.5122805237770081], "cam_t_m2c": [-158.8872528076172, -50.395484924316406, 874.351318359375], "obj_id": 1}, {"cam_R_m2c": [-0.8315559029579163, -0.21257220208644867, 0.5131545662879944, 0.14651645720005035, 0.8071994781494141, 0.5718058347702026, -0.5357681512832642, 0.5506742000579834, -0.6400861144065857], "cam_t_m2c": [-201.619140625, -24.720062255859375, 1226.339599609375], "obj_id": 1}, {"cam_R_m2c": [0.5587021112442017, -0.36834055185317993, -0.7430862784385681, -0.3957382142543793, -0.9057895541191101, 0.15144842863082886, -0.7288643717765808, 0.20945307612419128, -0.6518329977989197], "cam_t_m2c": [-225.07754516601562, -32.23423767089844, 1233.971923828125], "obj_id": 3}, {"cam_R_m2c": [-0.5455248951911926, 0.07439705729484558, -0.8347858190536499, 0.8364330530166626, 0.11101612448692322, -0.5367075800895691, 0.052745141088962555, -0.9910299181938171, -0.12279008328914642], "cam_t_m2c": [24.600772857666016, -49.74769592285156, 1143.400634765625], "obj_id": 3}, {"cam_R_m2c": [-0.1242406964302063, -0.9400132298469543, 0.31770971417427063, 0.915675699710846, -0.23195955157279968, -0.32822689414024353, 0.3822334110736847, 0.25013992190361023, 0.8895660042762756], "cam_t_m2c": [12.846817016601562, 267.0875549316406, 1112.11572265625], "obj_id": 3}, {"cam_R_m2c": [0.30385395884513855, 0.10687242448329926, 0.9467054009437561, -0.6235953569412231, -0.7289427518844604, 0.2824382185935974, 0.7202788591384888, -0.6761810183525085, -0.15484699606895447], "cam_t_m2c": [67.46246337890625, 95.35255432128906, 1211.2872314453125], "obj_id": 3}, {"cam_R_m2c": [-0.5660966038703918, 0.417726993560791, -0.7106606960296631, -0.7992119789123535, -0.06689213216304779, 0.5973153114318848, 0.20197710394859314, 0.9061067700386047, 0.3717198967933655], "cam_t_m2c": [-222.8653106689453, -1.429740309715271, 933.4605102539062], "obj_id": 3}, {"cam_R_m2c": [-0.22961801290512085, -0.9485836625099182, -0.21786342561244965, 0.4759829044342041, -0.3046947121620178, 0.8249856233596802, -0.8489497900009155, 0.08573233336210251, 0.5214731097221375], "cam_t_m2c": [-61.80719757080078, 71.48243713378906, 1072.304443359375], "obj_id": 3}, {"cam_R_m2c": [0.6769695281982422, 0.7031766772270203, -0.2173815667629242, 0.633986234664917, -0.7071408033370972, -0.3130703568458557, -0.37386322021484375, 0.07412216067314148, -0.9245170950889587], "cam_t_m2c": [-115.264892578125, -84.39854431152344, 868.5781860351562], "obj_id": 3}, {"cam_R_m2c": [0.7588081359863281, 0.3361198902130127, -0.5578832030296326, -0.4605976641178131, 0.8825358748435974, -0.09476430714130402, 0.46049976348876953, 0.3288676142692566, 0.8244913816452026], "cam_t_m2c": [-185.9983367919922, 114.50663757324219, 1170.1793212890625], "obj_id": 1}, {"cam_R_m2c": [-0.12805914878845215, 0.2738310396671295, -0.953214168548584, 0.6483776569366455, -0.7041712999343872, -0.2893942594528198, -0.750471293926239, -0.6551023721694946, -0.08737024664878845], "cam_t_m2c": [-245.37179565429688, -131.2543182373047, 932.785400390625], "obj_id": 3}, {"cam_R_m2c": [-0.8902866244316101, -0.26331156492233276, 0.37155982851982117, 0.4461955726146698, -0.341141939163208, 0.8273642659187317, -0.09109994769096375, 0.9023796916007996, 0.4212026000022888], "cam_t_m2c": [-60.202518463134766, 44.501861572265625, 1005.1715087890625], "obj_id": 1}, {"cam_R_m2c": [-0.43426716327667236, 0.5314251780509949, -0.7273233532905579, -0.09832187741994858, -0.8305737972259521, -0.5481604933738708, -0.8954020142555237, -0.16653630137443542, 0.41294169425964355], "cam_t_m2c": [67.5812759399414, 95.26313018798828, 1187.30322265625], "obj_id": 3}, {"cam_R_m2c": [0.19885443150997162, 0.11129321902990341, 0.9736891984939575, -0.9800195097923279, 0.02695467509329319, 0.1970662772655487, -0.004313284531235695, -0.9934219717979431, 0.11442963033914566], "cam_t_m2c": [80.14956665039062, -62.01725387573242, 935.1826782226562], "obj_id": 3}, {"cam_R_m2c": [0.21935975551605225, -0.7917062640190125, 0.5701600313186646, 0.9566561579704285, 0.05980633199214935, -0.2850126028060913, 0.19154709577560425, 0.6079674363136292, 0.7705097794532776], "cam_t_m2c": [42.812744140625, -83.7027587890625, 921.7499389648438], "obj_id": 1}, {"cam_R_m2c": [0.8502616286277771, 0.0033686780370771885, -0.5263494849205017, 0.5028432607650757, -0.30076104402542114, 0.810364842414856, -0.15557563304901123, -0.9536934494972229, -0.25741949677467346], "cam_t_m2c": [