{
  "0": [{"cam_R_m2c": [-0.8309372663497925, -0.310355007648468, 0.4617606997489929, -0.41345614194869995, 0.8998150825500488, -0.13923661410808563, -0.37228646874427795, -0.3066146969795227, -0.8760080337524414], "cam_t_m2c": [69.11953735351562, -433.9331970214844, 632.7796630859375], "obj_id": 2}, {"cam_R_m2c": [-0.8202784061431885, -0.48342010378837585, -0.30569297075271606, 0.16142144799232483, 0.3170718550682068, -0.9345632791519165, 0.5487133264541626, -0.8159475326538086, -0.18205276131629944], "cam_t_m2c": [-172.2220001220703, -381.4960632324219, 678.9269409179688], "obj_id": 2}, {"cam_R_m2c": [0.2665015161037445, 0.7661316990852356, 0.5848239064216614, 0.6614914536476135, 0.2959207594394684, -0.6891007423400879, -0.7010034918785095, 0.5705023407936096, -0.427926242351532], "cam_t_m2c": [258.96630859375, -392.8431091308594, 682.8211669921875], "obj_id": 2}],
  "1": [{"cam_R_m2c": [-0.2703363597393036, 0.9627102017402649, 0.010352723300457, 0.07951521873474121, 0.03304232284426689, -0.9962857961654663, -0.9594766497612, -0.2685091495513916, -0.08548258990049362], "cam_t_m2c": [-402.810791015625, -202.00167846679688, 863.3063354492188], "obj_id": 2}, {"cam_R_m2c": [0.10282259434461594, 0.50931715965271, -0.8544141054153442, 0.9189493656158447, -0.3774208128452301, -0.11439203470945358, -0.38073551654815674, -0.7734012603759766, -0.5068441033363342], "cam_t_m2c": [-344.32666015625, -26.750072479248047, 693.0286865234375], "obj_id": 2}, {"cam_R_m2c": [0.7702500224113464, 0.11968956887722015, -0.6264098286628723, -0.6372126936912537, 0.10442773252725601, -0.7635802626609802, -0.025978049263358116, 0.9873040318489075, 0.1567031890153885], "cam_t_m2c": [-386.1117858886719, -256.36297607421875, 1055.748291015625], "obj_id": 2}]
}