{
  "0": [{"cam_R_m2c": [-0.5702667832374573, -0.5042091608047485, 0.6485128998756409, -0.7978030443191528, 0.15185141563415527, -0.5834821462631226, 0.19571943581104279, -0.8501260280609131, -0.48885542154312134], "cam_t_m2c": [162.60398864746094, 76.02178955078125, 839.680908203125], "obj_id": 3}, {"cam_R_m2c": [0.3260657787322998, 0.8944053053855896, 0.3061376214027405, 0.6738730669021606, 0.007212841417640448, -0.7388118505477905, -0.6630053520202637, 0.44719916582107544, -0.6003637909889221], "cam_t_m2c": [-84.60540008544922, 67.181884765625, 616.1990356445312], "obj_id": 2}, {"cam_R_m2c": [0.02155863679945469, 0.6404592990875244, -0.7676894664764404, -0.9211083650588989, -0.28582239151000977, -0.26431968808174133, -0.38870882987976074, 0.7128235697746277, 0.5837705135345459], "cam_t_m2c": [82.84253692626953, -126.37388610839844, 564.5240478515625], "obj_id": 0}, {"cam_R_m2c": [-0.9954273104667664, -0.010941639542579651, 0.0948917344212532, 0.04117753356695175, -0.945525586605072, 0.3229326903820038, 0.0861891657114029, 0.32536348700523376, 0.9416528344154358], "cam_t_m2c": [12.333678245544434, -73.19679260253906, 980.0427856445312], "obj_id": 3}],
  "1": [{"cam_R_m2c": [0.7318787574768066, -0.1986486166715622, -0.6518375873565674, -0.6557331085205078, -0.46554139256477356, -0.5943780541419983, -0.18538500368595123, 0.8624441623687744, -0.47098031640052795], "cam_t_m2c": [-60.53329086303711, 165.95639038085938, 964.9603881835938], "obj_id": 3}, {"cam_R_m2c": [-0.816973090171814, -0.38140228390693665, -0.43253594636917114, 0.24142968654632568, 0.4549405574798584, -0.8571702241897583, 0.5237048268318176, -0.8047119975090027, -0.2795923948287964], "cam_t_m2c": [-16.481435775756836, -20.963376998901367, 1237.3616943359375], "obj_id": 2}, {"cam_R_m2c": [-0.04585377871990204, 0.04253825917840004, 0.998042106628418, -0.9482918977737427, 0.31226199865341187, -0.056877147406339645, -0.3140701353549957, -0.9490432143211365, 0.026020243763923645], "cam_t_m2c": [-127.71176147460938, -166.9511260986328, 1051.6734619140625], "obj_id": 0}, {"cam_R_m2c": [0.7812889814376831, 0.4343193471431732, 0.44827914237976074, -0.14118587970733643, -0.5766140222549438, 0.8047253489494324, 0.6079918146133423, -0.6920137405395508, -0.3891824185848236], "cam_t_m2c": [174.1170196533203, 91.5393295288086, 901.9354248046875], "obj_id": 3}]
}