{
  "0": [{"cam_R_m2c": [-0.927075982093811, 0.34814250469207764, 0.13902179896831512, 0.1441662609577179, 0.6734346747398376, -0.7250530123710632, -0.3460438549518585, -0.6521369218826294, -0.6745155453681946], "cam_t_m2c": [67.529296875, 135.48866271972656, 111.5342788696289], "obj_id": 0}, {"cam_R_m2c": [-0.927075982093811, 0.34814250469207764, 0.13902179896831512, 0.1441662609577179, 0.6734346747398376, -0.7250530123710632, -0.3460438549518585, -0.6521369218826294, -0.6745155453681946], "cam_t_m2c": [67.529296875, 135.48866271972656, 111.5342788696289], "obj_id": 0}, {"cam_R_m2c": [-0.927075982093811, 0.34814250469207764, 0.13902179896831512, 0.1441662609577179, 0.6734346747398376, -0.7250530123710632, -0.3460438549518585, -0.6521369218826294, -0.6745155453681946], "cam_t_m2c": [67.529296875, 135.48866271972656, 111.5342788696289], "obj_id": 2}, {"cam_R_m2c": [-0.927075982093811, 0.34814250469207764, 0.13902179896831512, 0.1441662609577179, 0.6734346747398376, -0.7250530123710632, -0.3460438549518585, -0.6521369218826294, -0.6745155453681946], "cam_t_m2c": [67.529296875, 135.48866271972656, 111.5342788696289], "obj_id": 3}, {"cam_R_m2c": [-0.927075982093811, 0.34814250469207764, 0.13902179896831512, 0.1441662609577179, 0.6734346747398376, -0.7250530123710632, -0.3460438549518585, -0.6521369218826294, -0.6745155453681946], "cam_t_m2c": [67.529296875, 135.48866271972656, 111.5342788696289], "obj_id": 0}, {"cam_R_m2c": [-0.927075982093811, 0.34814250469207764, 0.13902179896831512, 0.1441662609577179, 0.6734346747398376, -0.7250530123710632, -0.3460438549518585, -0.6521369218826294, -0.6745155453681946], "cam_t_m2c": [67.529296875, 135.48866271972656, 111.5342788696289], "obj_id": 1}, {"cam_R_m2c": [-0.927075982093811, 0.34814250469207764, 0.13902179896831512, 0.1441662609577179, 0.6734346747398376, -0.7250530123710632, -0.3460438549518585, -0.6521369218826294, -0.6745155453681946], "cam_t_m2c": [67.529296875, 135.48866271972656, 111.5342788696289], "obj_id": 2}, {"cam_R_m2c": [-0.927075982093811, 0.34814250469207764, 0.13902179896831512, 0.1441662609577179, 0.6734346747398376, -0.7250530123710632, -0.3460438549518585, -0.6521369218826294, -0.6745155453681946], "cam_t_m2c": [67.529296875, 135.48866271972656, 111.5342788696289], "obj_id": 0}, {"cam_R_m2c": [-0.927075982093811, 0.34814250469207764, 0.13902179896831512, 0.1441662609577179, 0.6734346747398376, -0.7250530123710632, -0.3460438549518585, -0.6521369218826294, -0.6745155453681946], "cam_t_m2c": [67.529296875, 135.48866271972656, 111.5342788696289], "obj_id": 2}, {"cam_R_m2c": [-0.927075982093811, 0.34814250469207764, 0.13902179896831512, 0.1441662609577179, 0.6734346747398376, -0.7250530123710632, -0.3460438549518585, -0.6521369218826294, -0.6745155453681946], "cam_t_m2c": [67.529296875, 135.48866271972656, 111.5342788696289], "obj_id": 1}, {"cam_R_m2c": [-0.927075982093811, 0.34814250469207764, 0.13902179896831512, 0.1441662609577179, 0.6734346747398376, -0.7250530123710632, -0.3460438549518585, -0.6521369218826294, -0.6745155453681946], "cam_t_m2c": [67.529296875, 135.48866271972656, 111.5342788696289], "obj_id": 1}, {"cam_R_m2c": [-0.927075982093811, 0.34814250469207764, 0.13902179896831512, 0.1441662609577179, 0.6734346747398376, -0.7250530123710632, -0.3460438549518585, -0.6521369218826294, -0.6745155453681946], "cam_t_m2c": [67.529296875, 135.48866271972656, 111.5342788696289], "obj_id": 1}, {"cam_R_m2c": [-0.927075982093811, 0.34814250469207764, 0.13902179896831512, 0.1441662609577179, 0.6734346747398376, -0.7250530123710632, -0.3460438549518585, -0.6521369218826294, -0.6745155453681946], "cam_t_m2c": [67.529296875, 135.48866271972656, 111.5342788696289], "obj_id": 0}, {"cam_R_m2c": [-0.927075982093811, 0.34814250469207764, 0.13902179896831512, 0.1441662609577179, 0.6734346747398376, -0.7250530123710632, -0.3460438549518585, -0.6521369218826294, -0.6745155453681946], "cam_t_m2c": [67.529296875, 135.48866271972656, 111.5342788696289], "obj_id": 3}, {"cam_R_m2c": [-0.927075982093811, 0.34814250469207764, 0.13902179896831512, 0.1441662609577179, 0.6734346747398376, -0.7250530123710632, -0.3460438549518585, -0.6521369218826294, -0.6745155453681946], "cam_t_m2c": [67.529296875, 135.48866271972656, 111.5342788696289], "obj_id": 1}, {"cam_R_m2c": [-0.927075982093811, 0.34814250469207764, 0.13902179896831512, 0.1441662609577179, 0.6734346747398376, -0.7250530123710632, -0.3460438549518585, -0.6521369218826294, -0.6745155453681946], "cam_t_m2c": [67.529296875, 135.48866271972656, 111.5342788696289], "obj_id": 2}, {"cam_R_m2c": [-0.927075982093811, 0.34814250469207764, 0.13902179896831512, 0.1441662609577179, 0.6734346747398376, -0.7250530123710632, -0.3460438549518585, -0.6521369218826294, -0.6745155453681946], "cam_t_m2c": [67.529296875, 135.48866271972656, 111.5342788696289], "obj_id": 3}, {"cam_R_m2c": [-0.927075982093811, 0.34814250469207764, 0.13902179896831512, 0.1441662609577179, 0.6734346747398376, -0.7250530123710632, -0.3460438549518585, -0.6521369218826294, -0.6745155453681946], "cam_t_m2c": [67.529296875, 135.48866271972656, 111.5342788696289], "obj_id": 0}, {"cam_R_m2c": [-0.927075982093811, 0.34814250469207764, 0.13902179896831512, 0.1441662609577179, 0.6734346747398376, -0.7250530123710632, -0.3460438549518585, -0.6521369218826294, -0.6745155453681946], "cam_t_m2c": [67.529296875, 135.48866271972656, 111.5342788696289], "obj_id": 1}, {"cam_R_m2c": [-0.927075982093811, 0.34814250469207764, 0.13902179896831512, 0.1441662609577179, 0.6734346747398376, -0.7250530123710632, -0.3460438549518585, -0.6521369218826294, -0.6745155453681946], "cam_t_m2c": [67.529296875, 135.48866271972656, 111.5342788696289], "obj_id": 1}, {"cam_R_m2c": [-0.927075982093811, 0.34814250469207764, 0.13902179896831512, 0.1441662609577179, 0.6734346747398376, -0.7250530123710632, -0.3460438549518585, -0.6521369218826294, -0.6745155453681946], "cam_t_m2c": [67.529296875, 135.48866271972656, 111.5342788696289], "obj_id": 0}, {"cam_R_m2c": [-0.927075982093811, 0.34814250469207764, 0.13902179896831512, 0.1441662609577179, 0.6734346747398376, -0.7250530123710632, -0.3460438549518585, -0.6521369218826294, -0.6745155453681946], "cam_t_m2c": [67.529296875, 135.48866271972656, 111.5342788696289], "obj_id": 0}, {"cam_R_m2c": [-0.927075982093811, 0.34814250469207764, 0.13902179896831512, 0.1441662609577179, 0.6734346747398376, -0.7250530123710632, -0.3460438549518585, -0.6521369218826294, -0.6745155453681946], "cam_t_m2c": [67.529296875, 135.48866271972656, 111.5342788696289], "obj_id": 3}, {"cam_R_m2c": [-0.927075982093811, 0.34814250469207764, 0.13902179896831512, 0.1441662609577179, 0.6734346747398376, -0.7250530123710632, -0.3460438549518585, -0.6521369218826294, -0.6745155453681946], "cam_t_m2c": [67.529296875, 135.48866271972656, 111.5342788696289], "obj_id": 3}, {"cam_R_m2c": [0.0719136968255043, -0.2165786325931549, -0.9736128449440002, -0.9108020067214966, -0.4121214747428894, 0.024401506409049034, -0.4065316915512085, 0.8850138187408447, -0.22689737379550934], "cam_t_m2c": [-263.2352294921875, 336.68701171875, -162.2736358642578], "obj_id": 0}, {"cam_R_m2c": [-0.8591049313545227, 0.044775210320949554, -0.5098368525505066, 0.2505398094654083, -0.831851601600647, -0.49522966146469116, -0.44628268480300903, -0.5531887412071228, 0.7034301161766052], "cam_t_m2c": [51.16572189331055, 128.2550048828125, 93.6592788696289], "obj_id": 3}, {"cam_R_m2c": [0.8348755240440369, 0.53651362657547, 0.12302841246128082, 0.45217105746269226, -0.5410224199295044, -0.7091093063354492, -0.3138856887817383, 0.6476478576660156, -0.6942822933197021], "cam_t_m2c": [4.4002909660339355, 227.37252807617188, -21.684913635253906], "obj_id": 3}, {"cam_R_m2c": [0.6173683404922485, 0.7818619608879089, 0.08687999844551086, -0.7101355195045471, 0.6014105081558228, -0.36607760190963745, -0.33847272396087646, 0.16430813074111938, 0.9265198707580566], "cam_t_m2c": [-26.973793029785156, -19.426977157592773, 219.02798461914062], "obj_id": 3}, {"cam_R_m2c": [0.5734873414039612, 0.801315426826477, -0.17031089961528778, 0.6656268835067749, -0.33459851145744324, 0.6670716404914856, 0.4775490462779999, -0.49592065811157227, -0.7252650856971741], "cam_t_m2c": [-1007.6421508789062, 5572.4482421875, 5446.82373046875], "obj_id": 2}]
}