{
  "0": [{"cam_R_m2c": [-0.5100648999214172, -0.7821584939956665, -0.3578571677207947, -0.3448092043399811, 0.5670907497406006, -0.7480071187019348, 0.7879976630210876, -0.25813978910446167, -0.5589484572410583], "cam_t_m2c": [-241.55189514160156, -599.4356079101562, 787.2876586914062], "obj_id": 2}, {"cam_R_m2c": [0.48521679639816284, 0.8740074634552002, 0.02599327079951763, -0.5819830894470215, 0.3006240129470825, 0.7555931210517883, 0.6525797843933105, -0.3817541301250458, 0.6545253396034241], "cam_t_m2c": [-27.254825592041016, -501.037841796875, 565.1259155273438], "obj_id": 1}, {"cam_R_m2c": [0.9345871210098267, -0.02484130859375, -0.3548658490180969, -0.31912270188331604, 0.3822394907474518, -0.8672102689743042, 0.1571863889694214, 0.9237293601036072, 0.34930869936943054], "cam_t_m2c": [-329.9640197753906, -368.9302978515625, 606.9490356445312], "obj_id": 3}, {"cam_R_m2c": [0.16382263600826263, 0.6595714688301086, -0.7335717678070068, 0.3563813865184784, -0.7329673171043396, -0.5794402956962585, -0.9198665022850037, -0.16650593280792236, -0.35513556003570557], "cam_t_m2c": [-265.7154541015625, -341.23565673828125, 529.3795166015625], "obj_id": 0}],
  "1": [{"cam_R_m2c": [-0.06455451995134354, 0.9649773836135864, -0.2542661726474762, 0.8862288594245911, -0.061689507216215134, -0.4591217041015625, -0.45872762799263, -0.25497642159461975, -0.8512084484100342], "cam_t_m2c": [-315.46759033203125, 132.6864776611328, 487.7022705078125], "obj_id": 2}, {"cam_R_m2c": [-0.8512267470359802, -0.2627282738685608, 0.4542981684207916, 0.5157198309898376, -0.5790930986404419, 0.6314144730567932, 0.0971904993057251, 0.7717674970626831, 0.6284337043762207], "cam_t_m2c": [-340.802978515625, -134.67787170410156, 669.7784423828125], "obj_id": 1}, {"cam_R_m2c": [-0.8568248152732849, 0.16024434566497803, -0.49007460474967957, -0.07211984694004059, 0.9038887619972229, 0.4216442406177521, 0.5105390548706055, 0.3966193199157715, -0.7629175186157227], "cam_t_m2c": [-56.078678131103516, -20.77164077758789, 539.8778076171875], "obj_id": 3}, {"cam_R_m2c": [0.31258687376976013, -0.9466284513473511, 0.07863837480545044, -0.9313074350357056, -0.3217148184776306, -0.17078053951263428, 0.18696485459804535, -0.01985274814069271, -0.9821659922599792], "cam_t_m2c": [-63.34394073486328, -111.4005355834961, 591.2923583984375], "obj_id": 0}]
}