{
  "0": [{"cam_R_m2c": [0.6683769822120667, -0.20075444877147675, -0.7162191271781921, -0.18383951485157013, 0.8884320855140686, -0.42058467864990234, 0.7207462787628174, 0.41277849674224854, 0.5569009780883789], "cam_t_m2c": [-259.4737243652344, 26.275999069213867, 892.4237060546875], "obj_id": 3}, {"cam_R_m2c": [-0.8507917523384094, -0.12308397144079208, 0.5108848810195923, -0.2873038053512573, -0.7050754427909851, -0.6483246684074402, 0.44001081585884094, -0.6983685493469238, 0.56451016664505], "cam_t_m2c": [-360.3412170410156, 20.381938934326172, 610.858154296875], "obj_id": 3}, {"cam_R_m2c": [0.2912646532058716, 0.9528894424438477, 0.08465541899204254, 0.3374427258968353, -0.18514075875282288, 0.9229600429534912, 0.8951520919799805, -0.2402592897415161, -0.3754705488681793], "cam_t_m2c": [-168.27569580078125, 99.09605407714844, 581.3040161132812], "obj_id": 3}, {"cam_R_m2c": [-0.9791333079338074, 0.08317340910434723, -0.18541847169399261, 0.07917649298906326, -0.6841759085655212, -0.7250064611434937, -0.18716010451316833, -0.7245588302612305, 0.6633141040802002], "cam_t_m2c": [-404.5126953125, 6.450688362121582, 648.065185546875], "obj_id": 3}, {"cam_R_m2c": [0.5333194732666016, -0.29764458537101746, -0.7918193936347961, -0.046896494925022125, -0.9450157284736633, 0.3236445188522339, -0.8446129560470581, -0.135472372174263, -0.5179537534713745], "cam_t_m2c": [-489.0482482910156, 31.1683349609375, 763.993408203125], "obj_id": 3}, {"cam_R_m2c": [0.8800060153007507, 0.05130663514137268, -0.4721832573413849, 0.0949724093079567, -0.9930791854858398, 0.06909337639808655, -0.46537041664123535, -0.10564696788787842, -0.8787883520126343], "cam_t_m2c": [-305.95501708984375, 191.19825744628906, 890.1939697265625], "obj_id": 3}, {"cam_R_m2c": [0.33429154753685, -0.24640102684497833, 0.9096898436546326, 0.7659895420074463, -0.49132028222084045, -0.4145650565624237, 0.5490984320640564, 0.8353984951972961, 0.024496473371982574], "cam_t_m2c": [-188.58787536621094, 190.3680877685547, 914.70166015625], "obj_id": 3}, {"cam_R_m2c": [-0.22554580867290497, 0.9742295742034912, -0.00239189388230443, 0.9101343750953674, 0.21158163249492645, 0.35621416568756104, 0.3475404679775238, 0.0781656876206398, -0.9344012141227722], "cam_t_m2c": [-240.74313354492188, 47.55278778076172, 924.4119262695312], "obj_id": 3}, {"cam_R_m2c": [-0.9064574837684631, -0.3999011516571045, 0.1356978416442871, 0.37016016244888306, -0.5977413654327393, 0.7111164927482605, -0.20326408743858337, 0.6948267817497253, 0.689854621887207], "cam_t_m2c": [-387.1698303222656, -43.9720573425293, 582.4989013671875], "obj_id": 3}, {"cam_R_m2c": [-0.9383543729782104, 0.20474942028522491, 0.27851149439811707, -0.11104771494865417, 0.5844457149505615, -0.8037981986999512, -0.3273520767688751, -0.7851756811141968, -0.5256802439689636], "cam_t_m2c": [-325.8246154785156, 73.27811431884766, 641.7180786132812], "obj_id": 3}, {"cam_R_m2c": [0.052969951182603836, 0.13079966604709625, -0.9899927377700806, 0.4379138648509979, -0.8940165638923645, -0.09468835592269897, -0.897455096244812, -0.4285159111022949, -0.10463500767946243], "cam_t_m2c": [-144.3076934814453, 287.6029052734375, 694.4886474609375], "obj_id": 3}, {"cam_R_m2c": [0.7332249879837036, 0.07763674855232239, 0.6755395531654358, 0.5027849674224854, -0.7307579517364502, -0.4617358446121216, 0.457808256149292, 0.6782073974609375, -0.5748445987701416], "cam_t_m2c": [-260.48797607421875, 191.0095977783203, 850.0746459960938], "obj_id": 3}, {"cam_R_m2c": [-0.5096408724784851, 0.6046110987663269, 0.6121368408203125, -0.1350926160812378, -0.7588739991188049, 0.6370714902877808, 0.8497152328491211, 0.24198253452777863, 0.46843183040618896], "cam_t_m2c": [-167.19607543945312, 132.3334197998047, 1001.4880981445312], "obj_id": 3}, {"cam_R_m2c": [-0.20210477709770203, 0.9017802476882935, 0.3820287883281708, 0.9722000956535339, 0.23182769119739532, -0.03290673717856407, -0.11823949962854385, 0.36475783586502075, -0.9235643744468689], "cam_t_m2c": [-179.9857177734375, 60.21588134765625, 1029.332275390625], "obj_id": 3}, {"cam_R_m2c": [0.5578650832176208, 0.7217492461204529, 0.4097127318382263, -0.7358410358428955, 0.20183111727237701, 0.6463761329650879, 0.3838287591934204, -0.662074089050293, 0.6436873078346252], "cam_t_m2c": [-191.579833984375, 254.58023071289062, 770.253173828125], "obj_id": 3}, {"cam_R_m2c": [-0.9742549657821655, -0.1319258064031601, 0.18281865119934082, -0.15596778690814972, -0.1911364495754242, -0.9690927863121033, 0.1627916693687439, -0.9726573824882507, 0.16563954949378967], "cam_t_m2c": [-349.4970703125, 278.3413391113281, 784.5569458007812], "obj_id": 3}, {"cam_R_m2c": [-0.6737947463989258, 0.6976746916770935, 0.24341455101966858, -0.3552594482898712, -0.5947158336639404, 0.7211821675300598, 0.6479130387306213, 0.39945346117019653, 0.6485719680786133], "cam_t_m2c": [-197.4889678955078, -36.3306999206543, 614.102783203125], "obj_id": 3}, {"cam_R_m2c": [-0.5511104464530945, 0.2445664405822754, 0.7977871894836426, 0.15778003633022308, 0.9693790674209595, -0.18817467987537384, -0.8193793892860413, 0.022169852629303932, -0.572822630405426], "cam_t_m2c": [-148.43385314941406, 118.49629974365234, 892.9920654296875], "obj_id": 3}, {"cam_R_m2c": [0.21678514778614044, 0.49464866518974304, 0.8416215777397156, -0.9199371337890625, 0.39201098680496216, 0.006559930741786957, -0.3266800045967102, -0.775661051273346, 0.5400278568267822], "cam_t_m2c": [-261.47735595703125, 4.435263633728027, 511.16168212890625], "obj_id": 3}, {"cam_R_m2c": [-0.1507004201412201, 0.558051586151123, -0.816007137298584, 0.6999298930168152, -0.5226874947547913, -0.4867193102836609, -0.6981313228607178, -0.6444966793060303, -0.3118276596069336], "cam_t_m2c": [-72.10222625732422, -91.80464172363281, 693.9275512695312], "obj_id": 3}, {"cam_R_m2c": [-0.0899902880191803, 0.9856205582618713, 0.14301636815071106, 0.953260064125061, 0.1268293261528015, -0.2742433547973633, -0.2884385883808136, 0.11165253818035126, -0.9509661197662354], "cam_t_m2c": [-473.2166748046875, -86.49969482421875, 681.184814453125], "obj_id": 3}, {"cam_R_m2c": [0.287247896194458, 0.9491548538208008, -0.12881599366664886, 0.07488367706537247, -0.15632452070713043, -0.9848628640174866, -0.9549245834350586, 0.27325350046157837, -0.11598002910614014], "cam_t_m2c": [-76.0849838256836, 63.429325103759766, 700.374755859375], "obj_id": 3}, {"cam_R_m2c": [-0.8652698397636414, 0.2917730510234833, -0.40764734148979187, -0.351889044046402, -0.9326714277267456, 0.0793592631816864, -0.3570461571216583, 0.21211381256580353, 0.909684419631958], "cam_t_m2c": [-158.5390625, 199.85166931152344, 935.8624267578125], "obj_id": 3}, {"cam_R_m2c": [0.014847489073872566, -0.08580294251441956, 0.9962015151977539, -0.3434160649776459, 0.9352676272392273, 0.085673026740551, -0.9390660524368286, -0.34338364005088806, -0.01557973399758339], "cam_t_m2c": [-250.5193634033203, 196.38758850097656, 946.01318359375], "obj_id": 3}, {"cam_R_m2c": [0.5799575448036194, 0.18887148797512054, 0.7924498915672302, -0.01684403605759144, 0.9753250479698181, -0.2201303392648697, -0.8144725561141968, 0.11431820690631866, 0.5688284635543823], "cam_t_m2c": [-163.17758178710938, 136.4771270751953, 927.0386962890625], "obj_id": 3}, {"cam_R_m2c": [0.37708333134651184, 0.8873153924942017, 0.2654797434806824, -0.21164117753505707, 0.36160725355148315, -0.9079912900924683, -0.9016740918159485, 0.2862018942832947, 0.324148565530777], "cam_t_m2c": [-346.81817626953125, -137.16957092285156, 760.734375], "obj_id": 3}, {"cam_R_m2c": [-0.6488090753555298, 0.5143144130706787, -0.5608274340629578, -0.08057074248790741, -0.7792966365814209, -0.6214540600776672, -0.7566736936569214, -0.35801875591278076, 0.5470534563064575], "cam_t_m2c": [-101.96810913085938, 54.70485305786133, 772.8368530273438], "obj_id": 3}, {"cam_R_m2c": [0.12294293195009232, 0.8739941716194153, -0.47012680768966675, 0.4746846556663513, -0.4678046405315399, -0.7455422878265381, -0.8715271353721619, -0.13150283694267273, -0.47238487005233765], "cam_t_m2c": [-120.18659210205078, 26.760051727294922, 523.5824584960938], "obj_id": 3}, {"cam_R_m2c": [-0.6969760656356812, 0.6691878437995911, 0.2577049136161804, -0.6800365447998047, -0.7308341860771179, 0.05857938528060913, 0.22754019498825073, -0.13442032039165497, 0.9644463062286377], "cam_t_m2c": [-97.83040618896484, 322.2919921875, 707.126220703125], "obj_id": 1}, {"cam_R_m2c": [0.9011762738227844, 0.3767869472503662, -0.21427303552627563, 0.4199172258377075, -0.6363298296928406, 0.6471118927001953, 0.10747498273849487, -0.6731387972831726, -0.7316647171974182], "cam_t_m2c": [-406.6932373046875, 15.046645164489746, 764.0700073242188], "obj_id": 1}, {"cam_R_m2c": [0.008271273225545883, -0.9780664443969727, 0.2081286609172821, 0.9973366260528564, -0.0070142680779099464, -0.07259770482778549, 0.07246526330709457, 0.20817480981349945, 0.9754035472869873], "cam_t_m2c": [-183.7661895751953, 39.03998565673828, 916.9962158203125], "obj_id": 1}, {"cam_R_m2c": [0.05296524986624718, 0.05905726179480553, 0.9968484044075012, -0.8287568092346191, 0.5595029592514038, 0.010886823758482933, -0.5570966005325317, -0.8267216086387634, 0.07857837527990341], "cam_t_m2c": [-420.84600830078125, -97.42146301269531, 730.3433227539062], "obj_id": 1}, {"cam_R_m2c": [0.741179347038269, 0.39675578474998474, -0.54151451587677, -0.536980152130127, 0.8344977498054504, -0.12355498969554901, 0.4028714895248413, 0.38235896825790405, 0.8315625190734863], "cam_t_m2c": [-71.8056869506836, 302.7440185546875, 755.3943481445312], "obj_id": 1}, {"cam_R_m2c": [0.7598426938056946, -0.6500071883201599, 0.011387007310986519, -0.48070332407951355, -0.5499658584594727, 0.6829800605773926, -0.4376794993877411, -0.5244311690330505, -0.7303482294082642], "cam_t_m2c": [24.26256561279297, 58.10649108886719, 674.2310791015625], "obj_id": 1}, {"cam_R_m2c": [-0.7005915641784668, 0.6754134893417358, 0.23019132018089294, -0.27162793278694153, -0.5507397055625916, 0.789242684841156, 0.6598406434059143, 0.49041038751602173, 0.5693048238754272], "cam_t_m2c": [-34.189273834228516, 247.62437438964844, 843.4437866210938], "obj_id": 1}, {"cam_R_m2c": [-0.9754359722137451, 0.11876820772886276, -0.18552246689796448, -0.1412462443113327, 0.3090590834617615, 0.9404955506324768, 0.16903838515281677, 0.943597674369812, -0.2846917510032654], "cam_t_m2c": [-338.8479309082031, 84.10099792480469, 634.3013916015625], "obj_id": 1}, {"cam_R_m2c": [-0.743503212928772, -0.5635491609573364, 0.36002078652381897, -0.20709100365638733, 0.7059295177459717, 0.6773306131362915, -0.635858416557312, 0.4290405213832855, -0.641566812992096], "cam_t_m2c": [-218.79013061523438, 47.003902435302734, 604.8125], "obj_id": 1}, {"cam_R_m2c": [0.1360982209444046, -0.08497189730405807, 0.987044632434845, 0.4364398121833801, 0.8995678424835205, 0.017262952402234077, -0.8893804550170898, 0.42843613028526306, 0.15951469540596008], "cam_t_m2c": [-71.55123901367188, 294.9700622558594, 707.5540771484375], "obj_id": 1}, {"cam_R_m2c": [-0.6457690000534058, -0.17989078164100647, -0.742038905620575, 0.762454628944397, -0.2035604566335678, -0.6141873598098755, -0.04056311771273613, -0.962394118309021, 0.2686115801334381], "cam_t_m2c": [-280.6246032714844, -19.97960662841797, 883.1458129882812], "obj_id": 1}, {"cam_R_m2c": [0.9010042548179626, -0.12323272973299026, 0.41593867540359497, 0.37736064195632935, -0.2503075897693634, -0.8915969133377075, 0.21398653090000153, 0.9602915048599243, -0.17902500927448273], "cam_t_m2c": [-361.7352600097656, 206.25442504882812, 775.82080078125], "obj_id": 1}, {"cam_R_m2c": [0.7532622218132019, 0.6288265585899353, -0.19280342757701874, -0.21416383981704712, 0.5116624236106873, 0.8320669531822205, 0.621876060962677, -0.5854730606079102, 0.5200878977775574], "cam_t_m2c": [32.7884407043457, 262.4151611328125, 795.5077514648438], "obj_id": 1}, {"cam_R_m2c": [0.2517647445201874, 0.9627955555915833, 0.09817910194396973, 0.5689963102340698, -0.22931869328022003, 0.7897189259529114, 0.7828522324562073, -0.1429598033428192, -0.6055614352226257], "cam_t_m2c": [-195.54359436035156, 0.7561333179473877, 511.6358337402344], "obj_id": 1}, {"cam_R_m2c": [0.36828628182411194, 0.3659919500350952, -0.8546432256698608, 0.5426421761512756, -0.8310493230819702, -0.12205061316490173, -0.7549203038215637, -0.4188159108161926, -0.5046667456626892], "cam_t_m2c": [-322.035400390625, 208.4091796875, 916.1339111328125], "obj_id": 1}, {"cam_R_m2c": [0.026437019929289818, 0.9513624906539917, -0.30693739652633667, 0.9667527675628662, 0.053789857774972916, 0.2499915510416031, 0.2543427050113678, -0.3033416271209717, -0.918310284614563], "cam_t_m2c": [-378.98016357421875, 128.52650451660156, 816.6021728515625], "obj_id": 1}, {"cam_R_m2c": [0.8506785035133362, 0.30264079570770264, 0.429830938577652, 0.4713193476200104, -0.07696452736854553, -0.8785979747772217, -0.2328178435564041, 0.9499920606613159, -0.20811252295970917], "cam_t_m2c": [-157.71759033203125, 94.1693115234375, 901.1921997070312], "obj_id": 1}, {"cam_R_m2c": [-0.6980631351470947, 0.6675359606742859, 0.2590441405773163, -0.16315706074237823, -0.500545859336853, 0.850196361541748, 0.6972000598907471, 0.5512257218360901, 0.4583256244659424], "cam_t_m2c": [-240.8496856689453, 251.8136444091797, 843.6702880859375], "obj_id": 1}, {"cam_R_m2c": [0.29304760694503784, -0.9157391786575317, 0.2748538553714752, -0.19773517549037933, 0.22321130335330963, 0.9545037150382996, -0.9354270100593567, -0.33406323194503784, -0.11566226184368134], "cam_t_m2c": [-318.6600036621094, 135.4453887939453, 865.4402465820312], "obj_id": 1}, {"cam_R_m2c": [-0.4481970965862274, -0.307053804397583, 0.8395458459854126, -0.4390137791633606, -0.7424970269203186, -0.5059297680854797, 0.7787080407142639, -0.5953285098075867, 0.1979842334985733], "cam_t_m2c": [-367.5894470214844, -24.182756423950195, 551.5897827148438], "obj_id": 1}, {"cam_R_m2c": [-0.009935000911355019, -0.5653051733970642, -0.824821949005127, -0.7938008308410645, -0.49716225266456604, 0.3502996563911438, -0.6080965995788574, 0.6582246422767639, -0.4438004195690155], "cam_t_m2c": [-130.33609008789062, 85.32080841064453, 611.2152099609375], "obj_id": 1}, {"cam_R_m2c": [-0.3183908462524414, -0.9433506727218628, 0.09336409717798233, 0.9368546009063721, -0.3281623423099518, -0.12088409811258316, 0.14467467367649078, 0.048980195075273514, 0.9882662296295166], "cam_t_m2c": [-182.38192749023438, 33.582820892333984, 779.9307861328125], "obj_id": 1}, {"cam_R_m2c": [0.10015869140625, -0.33353859186172485, 0.937400758266449, 0.7868842482566833, 0.603138267993927, 0.13052751123905182, -0.6089182496070862, 0.7245524525642395, 0.3228658139705658], "cam_t_m2c": [-279.158447265625, 118.03182983398438, 547.8282470703125], "obj_id": 1}, {"cam_R_m2c": [0.12314048409461975, 0.8683040142059326, -0.48050448298454285, -0.24391768872737885, -0.44285425543785095, -0.8627771139144897, -0.9619462490081787, 0.22344635426998138, 0.15726138651371002], "cam_t_m2c": [-364.30401611328125, -15.054637908935547, 659.8359985351562], "obj_id": 1}, {"cam_R_m2c": [-0.8368075489997864, -0.5217323899269104, -0.16597683727741241, 0.2877397835254669, -0.6770049333572388, 0.6773994565010071, -0.46578842401504517, 0.5190948843955994, 0.7166460752487183], "cam_t_m2c": [-302.7027282714844, 163.7586212158203, 527.510498046875], "obj_id": 1}, {"cam_R_m2c": [0.8311178088188171, 0.5340574979782104, -0.15500247478485107, -0.285626083612442, 0.17080965638160706, -0.9429962038993835, -0.4771382510662079, 0.8280136585235596, 0.29450368881225586], "cam_t_m2c": [-247.9047088623047, 131.14132690429688, 556.2844848632812], "obj_id": 1}, {"cam_R_m2c": [0.4008021056652069, -0.3319726288318634, -0.8539038896560669, -0.39101889729499817, -0.9048729538917542, 0.16825298964977264, -0.828529953956604, 0.26645639538764954, -0.4924825131893158], "cam_t_m2c": [-246.1479034423828, 170.4811248779297, 871.5076293945312], "obj_id": 1}, {"cam_R_m2c": [-0.6132107377052307, -0.7384371757507324, -0.28050485253334045, -0.05992881581187248, 0.39757275581359863, -0.9156115055084229, 0.7876426577568054, -0.5446525812149048, -0.28804948925971985], "cam_t_m2c": [-53.92860794067383, 55.94521713256836, 786.2760620117188], "obj_id": 1}, {"cam_R_m2c": [0.8138751983642578, -0.006884225178509951, 0.580998957157135, -0.4946992099285126, 0.5162646174430847, 0.6991019248962402, -0.30476200580596924, -0.8564014434814453, 0.4167693555355072], "cam_t_m2c": [-116.07263946533203, -50.71059036254883, 815.7119750976562], "obj_id": 1}, {"cam_R_m2c": [-0.018896905705332756, -0.8131088018417358, 0.5818049311637878, -0.2563018798828125, 0.5664036870002747, 0.7832599878311157, -0.9664120674133301, -0.13431653380393982, -0.21910460293293], "cam_t_m2c": [-181.5675048828125, 98.37312316894531, 648.606201171875], "obj_id": 1}, {"cam_R_m2c": [0.7938948273658752, 0.5629360675811768, 0.22985634207725525, 0.4099141061306, -0.7746894955635071, 0.48148342967033386, 0.4491117298603058, -0.2880258560180664, -0.8457774519920349], "cam_t_m2c": [-226.95001220703125, -64.08570861816406, 655.5897827148438], "obj_id": 1}, {"cam_R_m2c": [-0.9112120270729065, 0.26861244440078735, -0.31231409311294556, 0.40784505009651184, 0.4816643297672272, -0.7756686806678772, -0.05792368948459625, -0.8341743350028992, -0.5484505891799927], "cam_t_m2c": [-372.46527099609375, 147.42764282226562, 856.6417846679688], "obj_id": 1}, {"cam_R_m2c": [-0.9853848218917847, 0.1628800928592682, -0.04986897483468056, 0.07825767248868942, 0.6928957104682922, 0.7167783975601196, 0.15130293369293213, 0.7023999094963074, -0.695515513420105], "cam_t_m2c": [-380.842041015625, 233.23458862304688, 751.799072265625], "obj_id": 1}, {"cam_R_m2c": [-0.10943378508090973, 0.8812426924705505, 0.45982104539871216, 0.9193730354309082, 0.26559048891067505, -0.29019781947135925, -0.37785881757736206, 0.39098963141441345, -0.8392553329467773], "cam_t_m2c": [-174.5689239501953, 92.91924285888672, 890.1455078125], "obj_id": 1}, {"cam_R_m2c": [0.9270340204238892, -0.32590144872665405, -0.18546214699745178, -0.2869844138622284, -0.29830217361450195, -0.9103052616119385, 0.24134604632854462, 0.8971086740493774, -0.370064914226532], "cam_t_m2c": [-276.53533935546875, -84.04906463623047, 746.19140625], "obj_id": 1}, {"cam_R_m2c": [0.22304704785346985, -0.49452364444732666, 0.8400573134422302, 0.930536687374115, -0.1487402766942978, -0.3346307575702667, 0.29043322801589966, 0.8563425540924072, 0.4269963502883911], "cam_t_m2c": [-164.14198303222656, 52.71656036376953, 533.3182983398438], "obj_id": 1}, {"cam_R_m2c": [0.768906831741333, 0.47819873690605164, 0.42439165711402893, -0.05233589932322502, 0.7086222171783447, -0.7036444544792175, -0.6372151970863342, 0.5188261270523071, 0.5698914527893066], "cam_t_m2c": [-237.1114044189453, 212.66343688964844, 876.2789916992188], "obj_id": 1}, {"cam_R_m2c": [-0.7190338969230652, -0.5458218455314636, 0.4301963150501251, -0.5148316621780396, 0.8341482281684875, 0.19785131514072418, -0.4668390452861786, -0.07921688258647919, -0.8807871341705322], "cam_t_m2c": [-231.7198486328125, 190.32955932617188, 537.516357421875], "obj_id": 1}, {"cam_R_m2c": [0.6380819082260132, 0.7510830760002136, -0.16948635876178741, 0.08800463378429413, -0.28982019424438477, -0.9530263543128967, -0.7649226188659668, 0.5931932330131531, -0.25102779269218445], "cam_t_m2c": [-411.9600524902344, -11.408522605895996, 581.521240234375], "obj_id": 1}, {"cam_R_m2c": [0.046294428408145905, 0.7726682424545288, -0.633119523525238, -0.41369280219078064, -0.5620633959770203, -0.716200053691864, -0.9092385768890381, 0.295073002576828, 0.29362714290618896], "cam_t_m2c": [-157.4002227783203, 16.83555793762207, 563.4863891601562], "obj_id": 1}, {"cam_R_m2c": [0.6761811971664429, 0.5868686437606812, -0.44538095593452454, -0.44483059644699097, 0.807120144367218, 0.38817882537841797, 0.5872859358787537, -0.06436017900705338, 0.806816577911377], "cam_t_m2c": [-126.9017333984375, 130.25950622558594, 827.9256591796875], "obj_id": 1}, {"cam_R_m2c": [0.20349350571632385, -0.5977934002876282, -0.7753924131393433, 0.35251185297966003, -0.6941155195236206, 0.6276455521583557, -0.9134142994880676, -0.40105679631233215, 0.06948132067918777], "cam_t_m2c": [-234.2158660888672, 66.77433013916016, 716.8671875], "obj_id": 1}, {"cam_R_m2c": [0.5088784098625183, 0.3049643933773041, -0.8050089478492737, 0.8004423379898071, -0.5117281079292297, 0.31213176250457764, -0.3167567253112793, -0.803200364112854, -0.5045137405395508], "cam_t_m2c": [-367.82220458984375, 12.39271068572998, 711.8580932617188], "obj_id": 1}, {"cam_R_m2c": [-0.219355046749115, -0.9715816974639893, 0.08894839137792587, 0.3425647020339966, 0.008666024543344975, 0.9394540786743164, -0.9135273694992065, 0.23654480278491974, 0.3309289813041687], "cam_t_m2c": [-161.4579315185547, 171.6866912841797, 842.11865234375], "obj_id": 1}, {"cam_R_m2c": [0.5446065068244934, -0.5984684228897095, 0.5875706076622009, -0.8122642636299133, -0.5508532524108887, 0.19180001318454742, 0.20887897908687592, -0.5817181468009949, -0.7861127853393555], "cam_t_m2c": [-55.143028259277344, 211.96250915527344, 775.532958984375], "obj_id": 1}, {"cam_R_m2c": [-0.6914790272712708, 0.6241295337677002, 0.36375632882118225, -0.44390925765037537, 0.03014327958226204, -0.8955644965171814, -0.5699130892753601, -0.7807390689849854, 0.2562136650085449], "cam_t_m2c": [-333.6626892089844, -5.878210067749023, 645.57568359375], "obj_id": 1}, {"cam_R_m2c": [0.7234245538711548, 0.009891786612570286, 0.6903325915336609, 0.18777088820934296, -0.9650251269340515, -0.18294404447078705, 0.6643787026405334, 0.261970579624176, -0.6999801993370056], "cam_t_m2c": [-231.52268981933594, 151.28208923339844, 565.7626342773438], "obj_id": 1}, {"cam_R_m2c": [-0.34605467319488525, 0.7502741813659668, 0.5633249282836914, -0.38175830245018005, 0.4358670115470886, -0.8150340914726257, -0.8570337891578674, -0.49710026383399963, 0.13558952510356903], "cam_t_m2c": [-116.62853240966797, 157.88970947265625, 843.3169555664062], "obj_id": 1}, {"cam_R_m2c": [0.6334624290466309, -0.7720123529434204, 0.05217483639717102, 0.7026897668838501, 0.6021905541419983, 0.3789375126361847, -0.32396364212036133, -0.20337992906570435, 0.9239503145217896], "cam_t_m2c": [-262.332763671875, -105.69386291503906, 835.9296264648438], "obj_id": 1}, {"cam_R_m2c": [-0.23473085463047028, -0.04309188202023506, 0.9711046814918518, -0.3660528063774109, -0.9215571284294128, -0.12937383353710175, 0.9005035161972046, -0.3858436644077301, 0.20054413378238678], "cam_t_m2c": [-378.2169494628906, -17.644155502319336, 596.0792846679688], "obj_id": 1}, {"cam_R_m2c": [-0.7378297448158264, 0.10881103575229645, 0.6661586165428162, 0.17664176225662231, -0.9214003086090088, 0.34614890813827515, 0.6514636278152466, 0.3730704188346863, 0.6606160998344421], "cam_t_m2c": [-416.6034851074219, 30.02338409423828, 607.8162231445312], "obj_id": 1}, {"cam_R_m2c": [-0.21630124747753143, -0.6578149795532227, 0.7214521169662476, -0.8521036505699158, 0.4879028797149658, 0.1893939971923828, -0.4765847623348236, -0.5737858414649963, -0.6660605669021606], "cam_t_m2c": [-362.8040771484375, -138.52391052246094, 739.2137451171875], "obj_id": 1}, {"cam_R_m2c": [-0.22038793563842773, 0.12598901987075806, -0.9672412872314453, -0.9723410606384277, 0.05025070533156395, 0.22809545695781708, 0.07734201103448868, 0.9907580614089966, 0.11142974346876144], "cam_t_m2c": [-367.8619689941406, 13.899441719055176, 719.581298828125], "obj_id": 1}, {"cam_R_m2c": [0.2531929910182953, -0.8635042905807495, 0.43618062138557434, 0.5786012411117554, 0.49650853872299194, 0.6470701694488525, -0.7753153443336487, 0.08854105323553085, 0.6253371834754944], "cam_t_m2c": [-341.6455993652344, 124.40235900878906, 757.290283203125], "obj_id": 1}, {"cam_R_m2c": [0.23209281265735626, -0.4770641028881073, -0.8476690053939819, -0.06815202534198761, -0.877299427986145, 0.47507989406585693, -0.9703031182289124, -0.052492253482341766, -0.23612771928310394], "cam_t_m2c": [-251.31163024902344, 183.97447204589844, 959.3809814453125], "obj_id": 3}, {"cam_R_m2c": [-0.6499493718147278, 0.43849098682403564, -0.6207184791564941, 0.6621831655502319, 0.7275478839874268, -0.17940880358219147, 0.3729332685470581, -0.5276359915733337, -0.7632306218147278], "cam_t_m2c": [-230.4231414794922, 293.06781005859375, 698.8413696289062], "obj_id": 1}, {"cam_R_m2c": [0.26103532314300537, -0.9464633464813232, -0.18991431593894958, -0.0235289316624403, 0.19043883681297302, -0.9814169406890869, 0.9650423526763916, 0.2606528699398041, 0.027442069724202156], "cam_t_m2c": [-211.68112182617188, -144.28663635253906, 780.662841796875], "obj_id": 1}, {"cam_R_m2c": [-0.6294381618499756, 0.6484982371330261, 0.4280858039855957, 0.7580859661102295, 0.6334555745124817, 0.15504710376262665, -0.17062556743621826, 0.4221184551715851, -0.8903385400772095], "cam_t_m2c": [-18.847034454345703, 114.00717163085938, 774.729248046875], "obj_id": 1}, {"cam_R_m2c": [0.9316433072090149, 0.17397435009479523, -0.3190198242664337, -0.20952026546001434, 0.9744899868965149, -0.08043979108333588, 0.2968871593475342, 0.14178231358528137, 0.944328248500824], "cam_t_m2c": [-251.62547302246094, -148.17691040039062, 777.181884765625], "obj_id": 1}, {"cam_R_m2c": [0.7776314616203308, -0.1210632175207138, -0.6169546246528625, 0.3988654315471649, -0.6635380983352661, 0.6329483389854431, -0.4859996438026428, -0.7382823824882507, -0.46770018339157104], "cam_t_m2c": [-241.002197265625, 243.4434814453125, 876.6716918945312], "obj_id": 3}, {"cam_R_m2c": [0.7011504769325256, 0.6369094252586365, 0.3205219805240631, -0.19900023937225342, -0.2568660378456116, 0.9457371234893799, 0.6846801042556763, -0.7268880009651184, -0.0533565916121006], "cam_t_m2c": [-119.46472930908203, -15.164196014404297, 792.5277099609375], "obj_id": 1}, {"cam_R_m2c": [-0.12157958745956421, -0.7419230341911316, -0.659369945526123, -0.32257765531539917, 0.6577723622322083, -0.6806461811065674, 0.9387023448944092, 0.12994533777236938, -0.31929948925971985], "cam_t_m2c": [17.459619522094727, 100.8042984008789, 666.3036499023438], "obj_id": 1}, {"cam_R_m2c": [-0.5597801208496094, 0.7283568382263184, 0.39514845609664917, 0.4991520941257477, -0.08424991369247437, 0.8624088168144226, 0.661432683467865, 0.6799986362457275, -0.31639930605888367], "cam_t_m2c": [-367.3521728515625, 233.14163208007812, 894.592529296875], "obj_id": 1}, {"cam_R_m2c": [0.18351104855537415, -0.8721563220024109, 0.45350542664527893, 0.7198687195777893, -0.19493144750595093, -0.6661762595176697, 0.6694122552871704, 0.44871509075164795, 0.5920659303665161], "cam_t_m2c": [-282.865478515625, 156.828369140625, 511.3998107910156], "obj_id": 3}, {"cam_R_m2c": [-0.14821866154670715, 0.8202788233757019, -0.5524253249168396, -0.42563843727111816, 0.4512997269630432, 0.784321665763855, 0.8926718831062317, 0.35138460993766785, 0.2822512090206146], "cam_t_m2c": [-184.3522186279297, -8.605486869812012, 600.5101318359375], "obj_id": 1}, {"cam_R_m2c": [0.11288587003946304, -0.863451361656189, -0.4916384518146515, 0.9903066158294678, 0.05747165530920029, 0.12644991278648376, -0.08092812448740005, -0.5011472702026367, 0.8615695238113403], "cam_t_m2c": [-463.6614685058594, 256.8606872558594, 833.4140014648438], "obj_id": 1}, {"cam_R_m2c": [0.3504851460456848, 0.6424785852432251, -0.6814553141593933, 0.7780514359474182, -0.604759931564331, -0.17000368237495422, -0.5213406682014465, -0.47062352299690247, -0.7118407487869263], "cam_t_m2c": [-291.5296325683594, 238.8471221923828, 754.3258056640625], "obj_id": 3}, {"cam_R_m2c": [0.48589691519737244, -0.5038816928863525, -0.7141479849815369, -0.7863755226135254, 0.10458464175462723, -0.6088312268257141, 0.3814678192138672, 0.8574177026748657, -0.3454228639602661], "cam_t_m2c": [-155.10581970214844, -129.48199462890625, 764.9379272460938], "obj_id": 1}, {"cam_R_m2c": [0.9225597381591797, 0.1324567049741745, -0.3624069392681122, -0.1440020352602005, 0.9895652532577515, -0.004900336731225252, 0.3579762578010559, 0.0567081943154335, 0.9320070743560791], "cam_t_m2c": [-114.36758422851562, -31.580995559692383, 694.1797485351562], "obj_id": 3}, {"cam_R_m2c": [0.47598206996917725, 0.12978096306324005, 0.8698263764381409, 0.8432653546333313, -0.34815511107444763, -0.4095015227794647, 0.2496890127658844, 0.9284098744392395, -0.27515536546707153], "cam_t_m2c": [-191.05140686035156, 166.13156127929688, 937.8859252929688], "obj_id": 3}, {"cam_R_m2c": [0.11292645335197449, -0.430865079164505, -0.8953227996826172, -0.43525680899620056, 0.7885770797729492, -0.43439343571662903, 0.8931959867477417, 0.43874984979629517, -0.09848573803901672], "cam_t_m2c": [-240.6405792236328, 119.66777038574219, 789.968505859375], "obj_id": 3}, {"cam_R_m2c": [-0.8109928369522095, -0.5321871638298035, -0.2430376410484314, 0.4967489540576935, -0.40690168738365173, -0.7665972709655762, 0.3090808093547821, -0.7424336671829224, 0.5943579077720642], "cam_t_m2c": [-250.29029846191406, 175.76438903808594, 962.9658203125], "obj_id": 3}, {"cam_R_m2c": [0.12074530124664307, 0.24721162021160126, -0.961408793926239, 0.9575865268707275, 0.2262452244758606, 0.17844069004058838, 0.2616267204284668, -0.9421780109405518, -0.2094084471464157], "cam_t_m2c": [-357.1413269042969, 20.18531036376953, 747.446533203125], "obj_id": 1}, {"cam_R_m2c": [-0.3400922417640686, 0.7743020057678223, 0.5336605906486511, -0.3187931180000305, -0.6288131475448608, 0.7092002034187317, 0.8847079277038574, 0.07106617093086243, 0.46069666743278503], "cam_t_m2c": [-368.8467712402344, 285.8609619140625, 765.86572265625], "obj_id": 3}, {"cam_R_m2c": [0.27876782417297363, 0.24383096396923065, -0.9288890957832336, 0.9429640769958496, 0.11376035958528519, 0.3128536641597748, 0.18195419013500214, -0.963122546672821, -0.19821111857891083], "cam_t_m2c": [-137.80596923828125, 159.90232849121094, 676.0564575195312], "obj_id": 3}, {"cam_R_m2c": [0.21327660977840424, -0.9112436175346375, 0.3523465692996979, 0.26199477910995483, -0.2940906584262848, -0.9191677570343018, 0.9412076473236084, 0.2883499562740326, 0.17601844668388367], "cam_t_m2c": [-392.948974609375, 178.43141174316406, 721.9140625], "obj_id": 3}, {"cam_R_m2c": [-0.6317185759544373, 0.5532139539718628, -0.5430339574813843, 0.20488199591636658, 0.7947515845298767, 0.571308434009552, 0.7476329207420349, 0.24964827299118042, -0.6154029369354248], "cam_t_m2c": [-288.8533020019531, -87.56892395019531, 797.6465454101562], "obj_id": 1}, {"cam_R_m2c": [0.4414544403553009, 0.438963919878006, -0.7825781106948853, 0.25706225633621216, 0.7737336158752441, 0.5790122747421265, 0.8596725463867188, -0.4567788243293762, 0.22872710227966309], "cam_t_m2c": [-480.6036682128906, -33.95621871948242, 711.0084228515625], "obj_id": 3}, {"cam_R_m2c": [0.5033618807792664, -0.43283888697624207, 0.7478484511375427, 0.5742984414100647, 0.8142502903938293, 0.08472203463315964, -0.6456068158149719, 0.3868423402309418, 0.6584412455558777], "cam_t_m2c": [-198.6516571044922, 121.2750015258789, 866.8908081054688], "obj_id": 3}, {"cam_R_m2c": [-0.2568659782409668, 0.7397938370704651, -0.621872067451477, 0.928280234336853, 0.009815889410674572, -0.37175169587135315, -0.26891541481018066, -0.6727619767189026, -0.6892573237419128], "cam_t_m2c": [-169.63462829589844, 111.74433898925781, 644.288818359375], "obj_id": 1}, {"cam_R_m2c": [0.9157929420471191, -0.373078852891922, -0.14878001809120178, 0.40079444646835327, 0.8246584534645081, 0.3991268575191498, -0.02621310018002987, -0.42514777183532715, 0.9047443270683289], "cam_t_m2c": [-423.8365478515625, 76.29075622558594, 759.3002319335938], "obj_id": 1}, {"cam_R_m2c": [-0.033545419573783875, 0.956721305847168, 0.28906571865081787, 0.5658019185066223, 0.25659671425819397, -0.7835982441902161, -0.8238584995269775, 0.13726778328418732, -0.5499224066734314], "cam_t_m2c": [-402.7593688964844, -81.8618392944336, 757.9700317382812], "obj_id": 1}, {"cam_R_m2c": [-0.0891287550330162, -0.9208839535713196, -0.3795110583305359, 0.4379020929336548, 0.30599725246429443, -0.8453444838523865, 0.8945935964584351, -0.2415332794189453, 0.37598395347595215], "cam_t_m2c": [-52.550636291503906, 265.38031005859375, 778.4554443359375], "obj_id": 1}, {"cam_R_m2c": [0.12902861833572388, -0.8798956871032715, 0.4573129713535309, 0.6048057079315186, -0.2956370711326599, -0.7394651770591736, 0.7858508825302124, 0.3719976544380188, 0.4940203130245209], "cam_t_m2c": [-476.8409118652344, -90.56747436523438, 689.5007934570312], "obj_id": 1}, {"cam_R_m2c": [-0.5334742069244385, 0.807866632938385, -0.2505131661891937, -0.29396557807922363, -0.4548068940639496, -0.8406753540039062, -0.7930886149406433, -0.37483635544776917, 0.48011264204978943], "cam_t_m2c": [-174.75132751464844, 173.18150329589844, 869.942138671875], "obj_id": 3}, {"cam_R_m2c": [-0.46050840616226196, 0.031370919197797775, -0.8871007561683655, 0.16985565423965454, 0.9840223789215088, -0.053376439958810806, 0.8712525367736816, -0.17525939643383026, -0.458479106426239], "cam_t_m2c": [-231.36692810058594, 34.701255798339844, 872.4822387695312], "obj_id": 3}, {"cam_R_m2c": [-0.10008425265550613, -0.7186040282249451, 0.6881797313690186, 0.2925405502319336, -0.6823343634605408, -0.6699550747871399, 0.9510011672973633, 0.13426853716373444, 0.27851173281669617], "cam_t_m2c": [-155.93496704101562, 38.23411560058594, 688.02197265625], "obj_id": 3}, {"cam_R_m2c": [-0.8174849152565002, 0.05939343944191933, 0.5728793740272522, 0.40081578493118286, 0.7729565501213074, 0.4918178617954254, -0.4136001169681549, 0.6316727995872498, -0.6556861400604248], "cam_t_m2c": [-27.941457748413086, 47.582862854003906, 742.67333984375], "obj_id": 1}, {"cam_R_m2c": [0.7472544312477112, -0.6167289614677429, 0.24749994277954102, -0.6002083420753479, -0.7862227559089661, -0.1469818502664566, 0.2852380573749542, -0.038718707859516144, -0.9576743245124817], "cam_t_m2c": [-308.2975158691406, 105.2037124633789, 782.386474609375], "obj_id": 3}, {"cam_R_m2c": [0.1652861088514328, -0.2944909334182739, -0.9412520527839661, 0.3199918568134308, -0.8867349624633789, 0.3336254060268402, -0.9328909516334534, -0.3563366234302521, -0.05233006924390793], "cam_t_m2c": [-136.3964385986328, 62.06452941894531, 613.3262329101562], "obj_id": 1}, {"cam_R_m2c": [0.5583686232566833, 0.6624543070793152, -0.49937838315963745, -0.5128217935562134, 0.7487900853157043, 0.41991329193115234, 0.6521029472351074, 0.021625736728310585, 0.7578219175338745], "cam_t_m2c": [-157.5809783935547, -42.47709655761719, 616.4056396484375], "obj_id": 1}, {"cam_R_m2c": [0.12471821159124374, 0.3878571689128876, -0.9132426977157593, -0.8703084588050842, 0.48475781083106995, 0.08702339231967926, 0.4764541685581207, 0.7839494347572327, 0.39801350235939026], "cam_t_m2c": [-287.2725524902344, 179.71829223632812, 702.3344116210938], "obj_id": 3}, {"cam_R_m2c": [0.155345618724823, -0.932555615901947, 0.3258952796459198, -0.9303037524223328, -0.2490670382976532, -0.26925909519195557, 0.3322688639163971, -0.26135340332984924, -0.9062514901161194], "cam_t_m2c": [-272.9837951660156, 127.62081909179688, 1007.9783325195312], "obj_id": 3}, {"cam_R_m2c": [0.10714029520750046, 0.8824067115783691, 0.4581258296966553, 0.40207982063293457, 0.3829633891582489, -0.8316674828529358, -0.9093143939971924, 0.2733082175254822, -0.31376710534095764], "cam_t_m2c": [-464.6414489746094, 229.046875, 883.8278198242188], "obj_id": 3}, {"cam_R_m2c": [-0.510045051574707, 0.7866000533103943, 0.3480148911476135, 0.08300531655550003, -0.35769930481910706, 0.930140495300293, 0.8561332821846008, 0.503300666809082, 0.11715076863765717], "cam_t_m2c": [-204.9397735595703, 5.805150508880615, 546.2461547851562], "obj_id": 1}, {"cam_R_m2c": [0.063318632543087, 0.31587257981300354, 0.9466864466667175, 0.13545408844947815, 0.9370919466018677, -0.3217310309410095, -0.9887582659721375, 0.1486041098833084, 0.01654914952814579], "cam_t_m2c": [-363.9044494628906, 269.9732666015625, 723.2389526367188], "obj_id": 1}, {"cam_R_m2c": [0.22529757022857666, -0.9620819091796875, 0.15375082194805145, -0.9741813540458679, -0.2248053103685379, 0.020809056237339973, 0.014543998055160046, -0.15446941554546356, -0.987890362739563], "cam_t_m2c": [-382.1003112792969, 281.6666564941406, 709.1985473632812], "obj_id": 3}, {"cam_R_m2c": [0.4495684504508972, 0.5784229636192322, -0.6806724667549133, 0.7898507118225098, -0.6132986545562744, 0.000508031458593905, -0.417161762714386, -0.5378580689430237, -0.732587456703186], "cam_t_m2c": [-262.62445068359375, 93.39698791503906, 854.5571899414062], "obj_id": 3}, {"cam_R_m2c": [0.5140705704689026, -0.647453248500824, -0.5626150965690613, 0.8498290777206421, 0.4733758270740509, 0.23174528777599335, 0.11628413945436478, -0.597260057926178, 0.7935732007026672], "cam_t_m2c": [2.8836798667907715, 266.3475646972656, 821.4664916992188], "obj_id": 3}, {"cam_R_m2c": [-0.7267481684684753, -0.23303818702697754, 0.6461656093597412, -0.046527162194252014, -0.9218321442604065, -0.3847862482070923, 0.6853262186050415, -0.30970701575279236, 0.6590974926948547], "cam_t_m2c": [-161.67990112304688, 202.98263549804688, 927.3649291992188], "obj_id": 3}, {"cam_R_m2c": [-0.945121169090271, -0.3231925368309021, 0.047879043966531754, -0.07221779972314835, 0.34957313537597656, 0.9341216087341309, -0.3186383843421936, 0.8794004917144775, -0.3537291884422302], "cam_t_m2c": [-216.45213317871094, 103.7072982788086, 529.8857421875], "obj_id": 3}, {"cam_R_m2c": [0.6949596405029297, -0.6325788497924805, 0.34187009930610657, -0.15986761450767517, 0.3276168704032898, 0.9311872124671936, -0.7010517120361328, -0.7017914652824402, 0.12655161321163177], "cam_t_m2c": [-163.46347045898438, 160.24420166015625, 740.9073486328125], "obj_id": 3}, {"cam_R_m2c": [0.9326885342597961, -0.3468271493911743, 0.09901022166013718, -0.1901465803384781, -0.7060738205909729, -0.6821320056915283, 0.306490421295166, 0.6173902153968811, -0.7244949340820312], "cam_t_m2c": [-213.67742919921875, -38.88836669921875, 578.1602783203125], "obj_id": 3}, {"cam_R_m2c": [-0.30788764357566833, 0.6807305216789246, -0.6646885871887207, -0.33566710352897644, 0.5759826898574829, 0.745366632938385, 0.8902429938316345, 0.45260339975357056, 0.05116095393896103], "cam_t_m2c": [-219.86215209960938, 308.5166320800781, 699.8204345703125], "obj_id": 1}, {"cam_R_m2c": [0.8251205682754517, -0.16179798543453217, -0.5412923693656921, -0.04224372282624245, -0.9731004238128662, 0.22647561132907867, -0.5633751153945923, -0.16400347650051117, -0.8097601532936096], "cam_t_m2c": [-328.95599365234375, 37.10650634765625, 513.503662109375], "obj_id": 3}, {"cam_R_m2c": [0.07604634016752243, -0.7916420102119446, 0.606234073638916, 0.6297301054000854, 0.5095264315605164, 0.5863640308380127, -0.7730827331542969, 0.3371730446815491, 0.5372684597969055], "cam_t_m2c": [-153.33145141601562, 99.90129089355469, 702.2594604492188], "obj_id": 1}, {"cam_R_m2c": [0.17905960977077484, -0.3969888687133789, -0.9001874327659607, -0.4325890839099884, -0.8535510897636414, 0.2903740406036377, -0.8836312890052795, 0.33741700649261475, -0.3245694935321808], "cam_t_m2c": [-150.53329467773438, 187.29722595214844, 913.0468139648438], "obj_id": 3}, {"cam_R_m2c": [-0.7146847248077393, 0.5253241062164307, 0.46180129051208496, -0.678105890750885, -0.6822388768196106, -0.27335435152053833, 0.1714591532945633, -0.5085123181343079, 0.8438109755516052], "cam_t_m2c": [-155.1603546142578, -75.57949829101562, 774.0008544921875], "obj_id": 3}, {"cam_R_m2c": [0.7616891264915466, -0.5248622298240662, -0.37993329763412476, 0.5863956809043884, 0.807827353477478, 0.05962397903203964, 0.27562615275382996, -0.2682061791419983, 0.9230902791023254], "cam_t_m2c": [-180.035888671875, -79.3397216796875, 736.4268798828125], "obj_id": 1}, {"cam_R_m2c": [0.7887588739395142, 0.20331473648548126, 0.5801056623458862, -0.20871636271476746, -0.799071729183197, 0.5638454556465149, 0.5781841278076172, -0.5658156275749207, -0.5878397822380066], "cam_t_m2c": [-390.67626953125, -123.71244049072266, 758.2653198242188], "obj_id":