{
  "0": [{"cam_R_m2c": [-0.6212132573127747, -0.7828802466392517, 0.034533094614744186, -0.38587263226509094, 0.2672395408153534, -0.8829979300498962, 0.6820530295372009, -0.5618554353713989, -0.4681047797203064], "cam_t_m2c": [-159.35943603515625, 66.50354766845703, 134.84628295898438], "obj_id": 0}, {"cam_R_m2c": [-0.6212132573127747, -0.7828802466392517, 0.034533094614744186, -0.38587263226509094, 0.2672395408153534, -0.8829979300498962, 0.6820530295372009, -0.5618554353713989, -0.4681047797203064], "cam_t_m2c": [-159.35943603515625, 66.50354766845703, 134.84628295898438], "obj_id": 0}, {"cam_R_m2c": [-0.6212132573127747, -0.7828802466392517, 0.034533094614744186, -0.38587263226509094, 0.2672395408153534, -0.8829979300498962, 0.6820530295372009, -0.5618554353713989, -0.4681047797203064], "cam_t_m2c": [-159.35943603515625, 66.50354766845703, 134.84628295898438], "obj_id": 2}, {"cam_R_m2c": [-0.6212132573127747, -0.7828802466392517, 0.034533094614744186, -0.38587263226509094, 0.2672395408153534, -0.8829979300498962, 0.6820530295372009, -0.5618554353713989, -0.4681047797203064], "cam_t_m2c": [-159.35943603515625, 66.50354766845703, 134.84628295898438], "obj_id": 3}, {"cam_R_m2c": [-0.6212132573127747, -0.7828802466392517, 0.034533094614744186, -0.38587263226509094, 0.2672395408153534, -0.8829979300498962, 0.6820530295372009, -0.5618554353713989, -0.4681047797203064], "cam_t_m2c": [-159.35943603515625, 66.50354766845703, 134.84628295898438], "obj_id": 0}, {"cam_R_m2c": [-0.6212132573127747, -0.7828802466392517, 0.034533094614744186, -0.38587263226509094, 0.2672395408153534, -0.8829979300498962, 0.6820530295372009, -0.5618554353713989, -0.4681047797203064], "cam_t_m2c": [-159.35943603515625, 66.50354766845703, 134.84628295898438], "obj_id": 1}, {"cam_R_m2c": [-0.6212132573127747, -0.7828802466392517, 0.034533094614744186, -0.38587263226509094, 0.2672395408153534, -0.8829979300498962, 0.6820530295372009, -0.5618554353713989, -0.4681047797203064], "cam_t_m2c": [-159.35943603515625, 66.50354766845703, 134.84628295898438], "obj_id": 2}, {"cam_R_m2c": [-0.6212132573127747, -0.7828802466392517, 0.034533094614744186, -0.38587263226509094, 0.2672395408153534, -0.8829979300498962, 0.6820530295372009, -0.5618554353713989, -0.4681047797203064], "cam_t_m2c": [-159.35943603515625, 66.50354766845703, 134.84628295898438], "obj_id": 0}, {"cam_R_m2c": [-0.6212132573127747, -0.7828802466392517, 0.034533094614744186, -0.38587263226509094, 0.2672395408153534, -0.8829979300498962, 0.6820530295372009, -0.5618554353713989, -0.4681047797203064], "cam_t_m2c": [-159.35943603515625, 66.50354766845703, 134.84628295898438], "obj_id": 2}, {"cam_R_m2c": [-0.6212132573127747, -0.7828802466392517, 0.034533094614744186, -0.38587263226509094, 0.2672395408153534, -0.8829979300498962, 0.6820530295372009, -0.5618554353713989, -0.4681047797203064], "cam_t_m2c": [-159.35943603515625, 66.50354766845703, 134.84628295898438], "obj_id": 1}, {"cam_R_m2c": [-0.6212132573127747, -0.7828802466392517, 0.034533094614744186, -0.38587263226509094, 0.2672395408153534, -0.8829979300498962, 0.6820530295372009, -0.5618554353713989, -0.4681047797203064], "cam_t_m2c": [-159.35943603515625, 66.50354766845703, 134.84628295898438], "obj_id": 1}, {"cam_R_m2c": [-0.6212132573127747, -0.7828802466392517, 0.034533094614744186, -0.38587263226509094, 0.2672395408153534, -0.8829979300498962, 0.6820530295372009, -0.5618554353713989, -0.4681047797203064], "cam_t_m2c": [-159.35943603515625, 66.50354766845703, 134.84628295898438], "obj_id": 1}, {"cam_R_m2c": [-0.6212132573127747, -0.7828802466392517, 0.034533094614744186, -0.38587263226509094, 0.2672395408153534, -0.8829979300498962, 0.6820530295372009, -0.5618554353713989, -0.4681047797203064], "cam_t_m2c": [-159.35943603515625, 66.50354766845703, 134.84628295898438], "obj_id": 0}, {"cam_R_m2c": [-0.6212132573127747, -0.7828802466392517, 0.034533094614744186, -0.38587263226509094, 0.2672395408153534, -0.8829979300498962, 0.6820530295372009, -0.5618554353713989, -0.4681047797203064], "cam_t_m2c": [-159.35943603515625, 66.50354766845703, 134.84628295898438], "obj_id": 3}, {"cam_R_m2c": [-0.6212132573127747, -0.7828802466392517, 0.034533094614744186, -0.38587263226509094, 0.2672395408153534, -0.8829979300498962, 0.6820530295372009, -0.5618554353713989, -0.4681047797203064], "cam_t_m2c": [-159.35943603515625, 66.50354766845703, 134.84628295898438], "obj_id": 1}, {"cam_R_m2c": [-0.6212132573127747, -0.7828802466392517, 0.034533094614744186, -0.38587263226509094, 0.2672395408153534, -0.8829979300498962, 0.6820530295372009, -0.5618554353713989, -0.4681047797203064], "cam_t_m2c": [-159.35943603515625, 66.50354766845703, 134.84628295898438], "obj_id": 2}, {"cam_R_m2c": [-0.6212132573127747, -0.7828802466392517, 0.034533094614744186, -0.38587263226509094, 0.2672395408153534, -0.8829979300498962, 0.6820530295372009, -0.5618554353713989, -0.4681047797203064], "cam_t_m2c": [-159.35943603515625, 66.50354766845703, 134.84628295898438], "obj_id": 3}, {"cam_R_m2c": [-0.6212132573127747, -0.7828802466392517, 0.034533094614744186, -0.38587263226509094, 0.2672395408153534, -0.8829979300498962, 0.6820530295372009, -0.5618554353713989, -0.4681047797203064], "cam_t_m2c": [-159.35943603515625, 66.50354766845703, 134.84628295898438], "obj_id": 0}, {"cam_R_m2c": [-0.6212132573127747, -0.7828802466392517, 0.034533094614744186, -0.38587263226509094, 0.2672395408153534, -0.8829979300498962, 0.6820530295372009, -0.5618554353713989, -0.4681047797203064], "cam_t_m2c": [-159.35943603515625, 66.50354766845703, 134.84628295898438], "obj_id": 1}, {"cam_R_m2c": [-0.6212132573127747, -0.7828802466392517, 0.034533094614744186, -0.38587263226509094, 0.2672395408153534, -0.8829979300498962, 0.6820530295372009, -0.5618554353713989, -0.4681047797203064], "cam_t_m2c": [-159.35943603515625, 66.50354766845703, 134.84628295898438], "obj_id": 1}, {"cam_R_m2c": [-0.6212132573127747, -0.7828802466392517, 0.034533094614744186, -0.38587263226509094, 0.2672395408153534, -0.8829979300498962, 0.6820530295372009, -0.5618554353713989, -0.4681047797203064], "cam_t_m2c": [-159.35943603515625, 66.50354766845703, 134.84628295898438], "obj_id": 0}, {"cam_R_m2c": [-0.6212132573127747, -0.7828802466392517, 0.034533094614744186, -0.38587263226509094, 0.2672395408153534, -0.8829979300498962, 0.6820530295372009, -0.5618554353713989, -0.4681047797203064], "cam_t_m2c": [-159.35943603515625, 66.50354766845703, 134.84628295898438], "obj_id": 0}, {"cam_R_m2c": [-0.6212132573127747, -0.7828802466392517, 0.034533094614744186, -0.38587263226509094, 0.2672395408153534, -0.8829979300498962, 0.6820530295372009, -0.5618554353713989, -0.4681047797203064], "cam_t_m2c": [-159.35943603515625, 66.50354766845703, 134.84628295898438], "obj_id": 3}, {"cam_R_m2c": [-0.6212132573127747, -0.7828802466392517, 0.034533094614744186, -0.38587263226509094, 0.2672395408153534, -0.8829979300498962, 0.6820530295372009, -0.5618554353713989, -0.4681047797203064], "cam_t_m2c": [-159.35943603515625, 66.50354766845703, 134.84628295898438], "obj_id": 3}, {"cam_R_m2c": [0.3212530314922333, 0.8192387819290161, -0.47502031922340393, -0.8983362317085266, 0.10491593182086945, -0.42659658193588257, -0.2996472418308258, 0.5637733936309814, 0.7696564793586731], "cam_t_m2c": [-582.6927490234375, -40.085872650146484, 320.0066833496094], "obj_id": 0}, {"cam_R_m2c": [-0.7389292120933533, 0.1592331975698471, 0.654697060585022, -0.3378656506538391, -0.9282482266426086, -0.15556947886943817, 0.5829496383666992, -0.3361545205116272, 0.7397093176841736], "cam_t_m2c": [-172.31150817871094, 45.687591552734375, 141.0549774169922], "obj_id": 3}, {"cam_R_m2c": [-0.2533523738384247, 0.967358410358429, 0.005490961018949747, 0.4454040229320526, 0.1216869056224823, -0.8870216608047485, -0.8587360978126526, -0.22228340804576874, -0.46169495582580566], "cam_t_m2c": [-331.334716796875, 42.13054275512695, 137.2411346435547], "obj_id": 3}, {"cam_R_m2c": [0.40834125876426697, -0.029676295816898346, 0.9123467803001404, -0.5282354354858398, 0.8074419498443604, 0.2626875936985016, -0.7444626688957214, -0.5892000794410706, 0.3140358328819275], "cam_t_m2c": [-13.570088386535645, -23.294336318969727, 257.9981994628906], "obj_id": 3}, {"cam_R_m2c": [0.08485984802246094, 0.11343778669834137, -0.9899145364761353, 0.9619902968406677, -0.2681376338005066, 0.05173926427960396, -0.2595641016960144, -0.9566786885261536, -0.13188019394874573], "cam_t_m2c": [-233.66358947753906, 6830.9814453125, 3797.927001953125], "obj_id": 2}]
}