{
  "0": [{"cam_R_m2c": [0.8895608186721802, -0.1598290205001831, 0.42794421315193176, 0.428049236536026, 0.6188206672668457, -0.6586613655090332, -0.15954752266407013, 0.769100546836853, 0.6188933253288269], "cam_t_m2c": [465.36749267578125, -216.1302490234375, 1011.99853515625], "obj_id": 3}, {"cam_R_m2c": [0.22506083548069, -0.26519647240638733, 0.9375599026679993, -0.6672636270523071, -0.7431398630142212, -0.05002675950527191, 0.7100049257278442, -0.6143404841423035, -0.3442077040672302], "cam_t_m2c": [206.88368225097656, -339.95831298828125, 926.3179321289062], "obj_id": 3}, {"cam_R_m2c": [0.6576148867607117, 0.19950388371944427, -0.7264577746391296, 0.6134653091430664, 0.4178925156593323, 0.6700941920280457, 0.4372676610946655, -0.8863205313682556, 0.1524236500263214], "cam_t_m2c": [206.11329650878906, -165.20347595214844, 810.4813232421875], "obj_id": 3}, {"cam_R_m2c": [-0.5041618347167969, -0.2306167185306549, 0.8322479724884033, -0.5980560779571533, -0.6019802093505859, -0.5291016697883606, 0.6230165362358093, -0.7644838690757751, 0.16557379066944122], "cam_t_m2c": [229.7747344970703, -371.0335693359375, 971.4845581054688], "obj_id": 3}, {"cam_R_m2c": [-0.49357983469963074, 0.2533283531665802, -0.8319877982139587, 0.13632608950138092, -0.9222752451896667, -0.3616955280303955, -0.8589494824409485, -0.29194727540016174, 0.4206811487674713], "cam_t_m2c": [285.01715087890625, -383.2505798339844, 1105.632080078125], "obj_id": 3}, {"cam_R_m2c": [-0.14295744895935059, 0.41264238953590393, -0.8996051549911499, 0.536889374256134, -0.7312520146369934, -0.4207378327846527, -0.8314523696899414, -0.5431360602378845, -0.11700543016195297], "cam_t_m2c": [368.6010437011719, -122.64204406738281, 1118.11572265625], "obj_id": 3}, {"cam_R_m2c": [0.18180830776691437, 0.839255154132843, 0.5124415755271912, 0.8931065201759338, -0.3589929938316345, 0.2710801362991333, 0.41146841645240784, 0.4083803594112396, -0.8148121237754822], "cam_t_m2c": [426.51434326171875, -44.065086364746094, 1048.4859619140625], "obj_id": 3}, {"cam_R_m2c": [-0.23137366771697998, 0.272756427526474, -0.9338468909263611, 0.6064870357513428, 0.7909809350967407, 0.08076263219118118, 0.7606835961341858, -0.5476797223091125, -0.3484354019165039], "cam_t_m2c": [487.0552062988281, -182.0391082763672, 1025.9329833984375], "obj_id": 3}, {"cam_R_m2c": [-0.6352742314338684, 0.72742760181427, 0.2593757212162018, -0.3374943733215332, -0.5635801553726196, 0.7539728283882141, 0.6946396231651306, 0.3914416432380676, 0.6035306453704834], "cam_t_m2c": [206.4702911376953, -410.6925048828125, 900.5885009765625], "obj_id": 3}, {"cam_R_m2c": [-0.5127946138381958, -0.8569480180740356, 0.051785990595817566, -0.7421644330024719, 0.41217124462127686, -0.5284948945045471, 0.43154793977737427, -0.30944305658340454, -0.8473554849624634], "cam_t_m2c": [217.357421875, -272.4343566894531, 942.8213500976562], "obj_id": 3}, {"cam_R_m2c": [-0.925734281539917, 0.12734226882457733, -0.3560897409915924, 0.18424470722675323, -0.6704251766204834, -0.7187377214431763, -0.33025723695755005, -0.7309678196907043, 0.5971735119819641], "cam_t_m2c": [214.33859252929688, 13.319034576416016, 940.793212890625], "obj_id": 3}, {"cam_R_m2c": [0.3630523979663849, 0.9313721656799316, -0.027180001139640808, 0.9309728145599365, -0.3637932240962982, -0.030724529176950455, -0.038503874093294144, -0.014149229973554611, -0.9991581439971924], "cam_t_m2c": [350.61016845703125, -101.88239288330078, 1064.0552978515625], "obj_id": 3}, {"cam_R_m2c": [0.593670666217804, 0.7588648796081543, 0.26772964000701904, -0.25646522641181946, -0.13692714273929596, 0.9568052291870117, 0.7627454400062561, -0.6366904973983765, 0.11333288997411728], "cam_t_m2c": [532.1386108398438, -56.81978988647461, 1054.6534423828125], "obj_id": 3}, {"cam_R_m2c": [-0.6329135298728943, 0.4728738069534302, -0.6130340099334717, 0.5759469866752625, 0.8167216181755066, 0.03536759316921234, 0.5174025297164917, -0.33069050312042236, -0.789264440536499], "cam_t_m2c": [585.71142578125, -113.38525390625, 1046.27392578125], "obj_id": 3}, {"cam_R_m2c": [0.8481078147888184, -0.4055221974849701, 0.34097641706466675, -0.12135130912065506, 0.4777795374393463, 0.8700577616691589, -0.5157393217086792, -0.7792807221412659, 0.35599789023399353], "cam_t_m2c": [276.8731994628906, -26.40103530883789, 1000.6063232421875], "obj_id": 3}, {"cam_R_m2c": [-0.10374820232391357, -0.740687906742096, 0.663790225982666, -0.7018889784812927, -0.4183323085308075, -0.5764977335929871, 0.7046899199485779, -0.5257177948951721, -0.47647935152053833], "cam_t_m2c": [226.41319274902344, -105.86349487304688, 1130.4014892578125], "obj_id": 3}, {"cam_R_m2c": [0.483847439289093, 0.8370587825775146, 0.2553904950618744, -0.564967930316925, 0.07589136064052582, 0.8216153979301453, 0.6683583855628967, -0.5418239235877991, 0.5096311569213867], "cam_t_m2c": [289.1955261230469, -278.5644836425781, 787.7411499023438], "obj_id": 3}, {"cam_R_m2c": [-0.9196035861968994, -0.3743211627006531, -0.11921769380569458, -0.39268773794174194, 0.8845338821411133, 0.2517858147621155, 0.011203331872820854, 0.27835848927497864, -0.9604119062423706], "cam_t_m2c": [456.60406494140625, -76.67089080810547, 975.8177490234375], "obj_id": 3}, {"cam_R_m2c": [0.25029826164245605, -0.6629666090011597, 0.7055677771568298, -0.6152591109275818, 0.4537685215473175, 0.6446318626403809, -0.7475338578224182, -0.5954571962356567, -0.2943187654018402], "cam_t_m2c": [165.1721954345703, -308.9002990722656, 794.9263916015625], "obj_id": 3}, {"cam_R_m2c": [-0.9560037851333618, -0.09186182916164398, -0.2786003053188324, 0.2905083894729614, -0.16449637711048126, -0.9426270723342896, 0.040762707591056824, -0.9820908308029175, 0.18394580483436584], "cam_t_m2c": [421.20965576171875, -224.876953125, 718.0150756835938], "obj_id": 3}, {"cam_R_m2c": [-0.7262811660766602, 0.34479376673698425, -0.5946705341339111, 0.5992617607116699, 0.7413958311080933, -0.30202245712280273, 0.3367507755756378, -0.575716495513916, -0.7450835704803467], "cam_t_m2c": [279.8504943847656, -477.57366943359375, 995.9502563476562], "obj_id": 3}, {"cam_R_m2c": [-0.721223771572113, 0.6020580530166626, 0.34258171916007996, 0.049769848585128784, 0.5383186936378479, -0.8412704467773438, -0.6909117698669434, -0.5896940231323242, -0.41821253299713135], "cam_t_m2c": [349.8096618652344, -109.99935150146484, 794.5665893554688], "obj_id": 3}, {"cam_R_m2c": [-0.3966195583343506, 0.7187950015068054, 0.5709874033927917, -0.8818870186805725, -0.4710537791252136, -0.019584599882364273, 0.25488847494125366, -0.5113140344619751, 0.8207252025604248], "cam_t_m2c": [448.7441101074219, -13.760348320007324, 1043.189208984375], "obj_id": 3}, {"cam_R_m2c": [-0.592437744140625, -0.7609024047851562, 0.26466038823127747, -0.4326346814632416, 0.5776225924491882, 0.692227840423584, -0.6795915961265564, 0.29560062289237976, -0.6713981628417969], "cam_t_m2c": [429.2386169433594, -72.62957000732422, 1111.9605712890625], "obj_id": 3}, {"cam_R_m2c": [-0.4687206745147705, -0.3200763761997223, 0.8233176469802856, 0.19430114328861237, 0.8718593120574951, 0.449564665555954, -0.8617122173309326, 0.37069183588027954, -0.3464672863483429], "cam_t_m2c": [470.85064697265625, -65.84906005859375, 1012.9631958007812], "obj_id": 3}, {"cam_R_m2c": [-0.5100304484367371, 0.34132733941078186, 0.7895343899726868, -0.09716358035802841, 0.8891593217849731, -0.44716325402259827, -0.8546508550643921, -0.30478087067604065, -0.42033371329307556], "cam_t_m2c": [409.6305847167969, -419.7084655761719, 927.5309448242188], "obj_id": 3}, {"cam_R_m2c": [-0.7841463685035706, 0.251773476600647, 0.5672076344490051, -0.6205417513847351, -0.3277040123939514, -0.7124170064926147, 0.006508529651910067, -0.9106152653694153, 0.4132039248943329], "cam_t_m2c": [404.7061462402344, -118.64022827148438, 848.495849609375], "obj_id": 3}, {"cam_R_m2c": [-0.9000933766365051, 0.3999578356742859, -0.17281673848628998, 0.26120057702064514, 0.17787981033325195, -0.9487534165382385, -0.3487207591533661, -0.899106502532959, -0.2645776569843292], "cam_t_m2c": [209.67477416992188, -200.22564697265625, 712.3080444335938], "obj_id": 3}, {"cam_R_m2c": [0.29214024543762207, 0.4597227871417999, 0.8386352062225342, -0.9054981470108032, -0.1492384374141693, 0.3972415626049042, 0.30777764320373535, -0.8754329085350037, 0.37267962098121643], "cam_t_m2c": [222.65647888183594, 71.21195220947266, 930.6659545898438], "obj_id": 1}, {"cam_R_m2c": [0.17206056416034698, -0.11801772564649582, -0.9779912233352661, 0.9063294529914856, -0.37001147866249084, 0.2041034698486328, -0.38595592975616455, -0.9215004444122314, 0.04329867288470268], "cam_t_m2c": [319.2725830078125, -343.1150817871094, 1040.3790283203125], "obj_id": 1}, {"cam_R_m2c": [-0.42262911796569824, -0.14036943018436432, 0.8953664302825928, 0.7656447887420654, -0.5839234590530396, 0.2698546051979065, 0.4849461317062378, 0.7995810508728027, 0.35425615310668945], "cam_t_m2c": [503.3974609375, -153.76780700683594, 977.8956298828125], "obj_id": 1}, {"cam_R_m2c": [-0.03386110067367554, -0.9252780675888062, 0.37777483463287354, -0.6962694525718689, 0.29300829768180847, 0.6552518010139465, -0.7169812917709351, -0.24084553122520447, -0.6541644334793091], "cam_t_m2c": [341.9106750488281, -442.8699951171875, 981.0213012695312], "obj_id": 1}, {"cam_R_m2c": [0.8257353901863098, 0.03290191665291786, 0.5630972981452942, 0.14732307195663452, 0.951065182685852, -0.27160805463790894, -0.5444786548614502, 0.307233601808548, 0.7804809808731079], "cam_t_m2c": [279.7450866699219, 82.59317016601562, 929.9039306640625], "obj_id": 1}, {"cam_R_m2c": [0.12060189992189407, -0.36770057678222656, -0.9220907688140869, 0.03554223105311394, -0.9266756176948547, 0.3741775453090668, -0.9920644164085388, -0.07789966464042664, -0.09868983179330826], "cam_t_m2c": [363.2514343261719, -55.5533332824707, 707.1791381835938], "obj_id": 1}, {"cam_R_m2c": [0.44436684250831604, 0.8825737237930298, 0.15362870693206787, -0.5170296430587769, 0.11261691898107529, 0.8485268354415894, 0.7315862774848938, -0.456487774848938, 0.5063599944114685], "cam_t_m2c": [390.1774597167969, 82.55003356933594, 926.6536254882812], "obj_id": 1}, {"cam_R_m2c": [-0.10619251430034637, 0.6555819511413574, -0.7476199269294739, -0.6903924942016602, 0.49248579144477844, 0.529920756816864, 0.7155986428260803, 0.5724247694015503, 0.4003105163574219], "cam_t_m2c": [201.8994140625, -274.0498962402344, 952.829345703125], "obj_id": 1}, {"cam_R_m2c": [-0.6547514796257019, -0.17413868010044098, -0.7355107665061951, -0.7513746619224548, 0.2556230127811432, 0.6083526015281677, 0.08207570761442184, 0.9509639739990234, -0.29821285605430603], "cam_t_m2c": [234.36001586914062, -231.54669189453125, 835.35888671875], "obj_id": 1}, {"cam_R_m2c": [-0.8918368220329285, -0.11543084681034088, 0.43738195300102234, 0.23740500211715698, 0.7035995125770569, 0.6697661280632019, -0.3850533962249756, 0.7011587023735046, -0.6000921130180359], "cam_t_m2c": [244.68309020996094, 67.50730895996094, 900.033203125], "obj_id": 1}, {"cam_R_m2c": [-0.6099259257316589, -0.7416626214981079, 0.2791537940502167, 0.15323594212532043, -0.45599472522735596, -0.8766912221908569, 0.7775018215179443, -0.49194034934043884, 0.39177241921424866], "cam_t_m2c": [473.50665283203125, -265.965087890625, 1000.8961181640625], "obj_id": 1}, {"cam_R_m2c": [0.2793143689632416, 0.8632704019546509, 0.42041367292404175, 0.8953812718391418, -0.07602622359991074, -0.43876221776008606, -0.34680798649787903, 0.49898314476013184, -0.7941913604736328], "cam_t_m2c": [250.38877868652344, -169.2692413330078, 1101.632568359375], "obj_id": 1}, {"cam_R_m2c": [0.851029098033905, -0.5233860015869141, -0.042621366679668427, 0.43965622782707214, 0.6657918095588684, 0.6028463244438171, -0.28714439272880554, -0.5317785143852234, 0.7967181205749512], "cam_t_m2c": [365.44305419921875, 126.60212707519531, 859.943115234375], "obj_id": 1}, {"cam_R_m2c": [0.4411897659301758, 0.30327746272087097, -0.8446148037910461, 0.7395262718200684, 0.4103008210659027, 0.533623456954956, 0.5083820819854736, -0.8600441217422485, -0.04326111078262329], "cam_t_m2c": [188.45550537109375, -269.7840576171875, 747.0858764648438], "obj_id": 1}, {"cam_R_m2c": [-0.7596830725669861, 0.1799573004245758, -0.6248974800109863, 0.4904812276363373, -0.47238555550575256, -0.7323113679885864, -0.42697736620903015, -0.8628250956535339, 0.2705977261066437], "cam_t_m2c": [376.1979064941406, -114.83987426757812, 1151.417236328125], "obj_id": 1}, {"cam_R_m2c": [-0.2540077567100525, 0.03169199079275131, -0.9666827917098999, 0.7901303768157959, 0.5832353234291077, -0.18849553167819977, 0.557829737663269, -0.811684787273407, -0.17318709194660187], "cam_t_m2c": [315.78271484375, -230.30398559570312, 1100.93310546875], "obj_id": 1}, {"cam_R_m2c": [-0.14588990807533264, 0.9070722460746765, 0.3948875069618225, 0.845702052116394, 0.3214622139930725, -0.42596960067749023, -0.5133265852928162, 0.2718124985694885, -0.8140109181404114], "cam_t_m2c": [472.1139221191406, -99.13668823242188, 975.83837890625], "obj_id": 1}, {"cam_R_m2c": [0.4229031205177307, 0.9051545262336731, 0.042990632355213165, -0.42691442370414734, 0.15716545283794403, 0.8905296921730042, 0.7993103265762329, -0.3949611186981201, 0.4528892934322357], "cam_t_m2c": [322.1654968261719, -45.213417053222656, 1074.2230224609375], "obj_id": 1}, {"cam_R_m2c": [-0.5711438655853271, -0.6733035445213318, -0.4695283770561218, -0.14666064083576202, -0.47909536957740784, 0.8654236793518066, -0.8076417446136475, 0.5631428360939026, 0.1748853325843811], "cam_t_m2c": [371.4643859863281, -177.28021240234375, 1088.3001708984375], "obj_id": 1}, {"cam_R_m2c": [0.7031375169754028, -0.2221022993326187, 0.6754762530326843, -0.45889872312545776, -0.8673872351646423, 0.1924867033958435, 0.5431478023529053, -0.4453198313713074, -0.7118149995803833], "cam_t_m2c": [177.98634338378906, -389.57501220703125, 878.8377685546875], "obj_id": 1}, {"cam_R_m2c": [-0.1124584972858429, 0.5958651900291443, -0.7951714396476746, -0.720026969909668, -0.6003537178039551, -0.3480466306209564, -0.6847730875015259, 0.5334041118621826, 0.4965539872646332], "cam_t_m2c": [249.2797393798828, -145.57159423828125, 793.8933715820312], "obj_id": 1}, {"cam_R_m2c": [-0.4391014575958252, -0.10283556580543518, 0.8925327062606812, 0.5276555418968201, -0.8335650563240051, 0.16355052590370178, 0.7271653413772583, 0.5427651405334473, 0.42028146982192993], "cam_t_m2c": [394.988037109375, -183.9945831298828, 899.4586181640625], "obj_id": 1}, {"cam_R_m2c": [-0.8453356623649597, 0.18980354070663452, 0.4993818700313568, 0.5320951342582703, 0.3827193081378937, 0.7552487850189209, -0.04777419939637184, 0.9041574001312256, -0.4245198369026184], "cam_t_m2c": [134.18917846679688, -227.893310546875, 878.8251953125], "obj_id": 1}, {"cam_R_m2c": [-0.6246895790100098, 0.6747719049453735, 0.392995685338974, -0.29409360885620117, 0.26291555166244507, -0.9189038276672363, -0.723375141620636, -0.6896073222160339, 0.03420557454228401], "cam_t_m2c": [262.66241455078125, -359.3255310058594, 939.8792114257812], "obj_id": 1}, {"cam_R_m2c": [-0.7865216135978699, 0.5839506387710571, 0.20096063613891602, -0.40677738189697266, -0.7347158789634705, 0.5428853631019592, 0.46466726064682007, 0.3452449142932892, 0.8154080510139465], "cam_t_m2c": [87.92053985595703, -212.6068572998047, 904.9730224609375], "obj_id": 1}, {"cam_R_m2c": [0.01660650409758091, 0.7616310119628906, 0.6477981209754944, 0.21886353194713593, 0.6294063925743103, -0.7456181049346924, -0.9756141304969788, 0.1541614830493927, -0.1562410145998001], "cam_t_m2c": [144.70912170410156, -196.61610412597656, 867.36962890625], "obj_id": 1}, {"cam_R_m2c": [-0.35584303736686707, 0.5498157739639282, -0.7556973695755005, -0.2019096314907074, -0.8347578048706055, -0.5122617483139038, -0.912473738193512, -0.029702186584472656, 0.40805572271347046], "cam_t_m2c": [382.6043395996094, -103.93036651611328, 1056.3955078125], "obj_id": 1}, {"cam_R_m2c": [0.47352373600006104, -0.872510552406311, 0.12041834741830826, -0.27809467911720276, -0.2778289318084717, -0.9194967746734619, 0.8357263803482056, 0.40191584825515747, -0.37419912219047546], "cam_t_m2c": [430.41632080078125, -84.62442779541016, 822.57568359375], "obj_id": 1}, {"cam_R_m2c": [0.2528233230113983, -0.9495401978492737, 0.18561682105064392, 0.0855109691619873, 0.21302887797355652, 0.9732967019081116, -0.9637261629104614, -0.23019975423812866, 0.1350548416376114], "cam_t_m2c": [486.250732421875, -197.9869842529297, 834.2059326171875], "obj_id": 1}, {"cam_R_m2c": [-0.6677824854850769, -0.6445804238319397, -0.37226659059524536, -0.3942355215549469, -0.11794298887252808, 0.9114097356796265, -0.6313831806182861, 0.7553842663764954, -0.17535614967346191], "cam_t_m2c": [256.959716796875, -160.89779663085938, 856.3389282226562], "obj_id": 1}, {"cam_R_m2c": [0.4204917550086975, 0.322041779756546, -0.8482191562652588, 0.8982219696044922, -0.27965182065963745, 0.33910495042800903, -0.12800008058547974, -0.9044799208641052, -0.4068562686443329], "cam_t_m2c": [326.9888610839844, -309.8131408691406, 818.6382446289062], "obj_id": 1}, {"cam_R_m2c": [-0.5368591547012329, -0.8264602422714233, -0.1695457398891449, -0.2836618721485138, 0.36608412861824036, -0.8862947225570679, 0.7945553660392761, -0.42772176861763, -0.43097084760665894], "cam_t_m2c": [341.26361083984375, -204.14244079589844, 1126.80126953125], "obj_id": 1}, {"cam_R_m2c": [-0.2303789108991623, 0.28713011741638184, -0.9297751188278198, -0.5359792709350586, 0.7600378394126892, 0.3675169348716736, 0.8121894001960754, 0.5830084085464478, -0.021200861781835556], "cam_t_m2c": [211.63131713867188, -165.9271697998047, 1114.148681640625], "obj_id": 1}, {"cam_R_m2c": [-0.7887961268424988, 0.4712459146976471, -0.39462393522262573, 0.5439624190330505, 0.8341383337974548, -0.09120365232229233, 0.2861916124820709, -0.2866016924381256, -0.9143051505088806], "cam_t_m2c": [458.3379821777344, -112.92670440673828, 981.0971069335938], "obj_id": 1}, {"cam_R_m2c": [0.6324576139450073, 0.770290195941925, 0.08155041933059692, 0.42026424407958984, -0.2528010904788971, -0.8714756369590759, -0.6506730318069458, 0.5854440927505493, -0.48361140489578247], "cam_t_m2c": [394.5109558105469, -338.30450439453125, 894.102783203125], "obj_id": 1}, {"cam_R_m2c": [-0.14412032067775726, 0.610527753829956, 0.7787714600563049, 0.8947263360023499, -0.25579017400741577, 0.3661092221736908, 0.4227220416069031, 0.7495511770248413, -0.5093905925750732], "cam_t_m2c": [190.91934204101562, -206.74093627929688, 760.3360595703125], "obj_id": 1}, {"cam_R_m2c": [-0.24679914116859436, 0.23110614717006683, 0.9411057233810425, 0.32241472601890564, 0.935403048992157, -0.1451544612646103, -0.9138593077659607, 0.2676023840904236, -0.30536869168281555], "cam_t_m2c": [368.89752197265625, -65.70578002929688, 1071.72216796875], "obj_id": 1}, {"cam_R_m2c": [-0.3600066006183624, -0.6441816091537476, -0.6748520731925964, -0.9327738285064697, 0.26257815957069397, 0.24695292115211487, 0.01811889186501503, 0.7183890342712402, -0.6954056024551392], "cam_t_m2c": [105.8857421875, -145.78182983398438, 872.474365234375], "obj_id": 1}, {"cam_R_m2c": [-0.4607100486755371, 0.8637308478355408, 0.20424310863018036, 0.3193362355232239, 0.3760216534137726, -0.869845986366272, -0.8281126618385315, -0.3355245888233185, -0.4490574896335602], "cam_t_m2c": [181.92640686035156, -402.23248291015625, 932.2437133789062], "obj_id": 1}, {"cam_R_m2c": [-0.523984968662262, 0.7603012323379517, 0.3839031755924225, -0.45940402150154114, 0.12725825607776642, -0.8790638446807861, -0.7172081470489502, -0.6369829773902893, 0.2826041281223297], "cam_t_m2c": [235.04029846191406, -223.36483764648438, 755.8639526367188], "obj_id": 1}, {"cam_R_m2c": [0.9102062582969666, -0.2563461363315582, 0.325286328792572, 0.2114333212375641, 0.9629748463630676, 0.1672585904598236, -0.35611864924430847, -0.08346343785524368, 0.9307058453559875], "cam_t_m2c": [404.85498046875, -67.05496978759766, 930.3731689453125], "obj_id": 1}, {"cam_R_m2c": [-0.8490631580352783, -0.18063238263130188, -0.4964512288570404, 0.2125820368528366, -0.9771101474761963, -0.008052854798734188, -0.483632892370224, -0.11237399280071259, 0.8680272698402405], "cam_t_m2c": [310.9764099121094, -204.43878173828125, 916.4744262695312], "obj_id": 1}, {"cam_R_m2c": [-0.4833959639072418, -0.3073127567768097, -0.8196871876716614, 0.8588054180145264, -0.34794411063194275, -0.37601593136787415, -0.1696508824825287, -0.885716438293457, 0.4321167469024658], "cam_t_m2c": [290.531982421875, -330.7650451660156, 983.2351684570312], "obj_id": 1}, {"cam_R_m2c": [-0.979698896408081, -0.12282780557870865, -0.15843845903873444, -0.06280440837144852, -0.5624908208847046, 0.8244144320487976, -0.19038125872612, 0.8176288604736328, 0.5433580279350281], "cam_t_m2c": [385.22503662109375, -55.15963363647461, 981.2149047851562], "obj_id": 1}, {"cam_R_m2c": [0.7386471033096313, -0.39737263321876526, -0.5445139408111572, -0.22141501307487488, -0.9059776067733765, 0.36080461740493774, -0.6366913318634033, -0.14594371616840363, -0.7571820020675659], "cam_t_m2c": [345.53851318359375, 29.204753875732422, 888.1224975585938], "obj_id": 1}, {"cam_R_m2c": [-0.4694698750972748, -0.44995060563087463, 0.7596989870071411, -0.8825772404670715, 0.26409098505973816, -0.38899025321006775, -0.025603285059332848, -0.8531122207641602, -0.5210989117622375], "cam_t_m2c": [256.41845703125, -335.8568115234375, 914.6465454101562], "obj_id": 1}, {"cam_R_m2c": [0.6809048056602478, 0.6848183274269104, -0.25960054993629456, 0.7298213243484497, -0.664032518863678, 0.16254620254039764, -0.06106862053275108, -0.30014052987098694, -0.9519379734992981], "cam_t_m2c": [147.88543701171875, -169.30018615722656, 870.1278686523438], "obj_id": 1}, {"cam_R_m2c": [-0.6226303577423096, -0.3758138418197632, 0.6863638758659363, -0.6738191843032837, 0.703461229801178, -0.2260752171278, -0.39786815643310547, -0.6032464504241943, -0.6912268996238708], "cam_t_m2c": [407.2478942871094, -36.84189224243164, 944.0578002929688], "obj_id": 1}, {"cam_R_m2c": [-0.4019126892089844, -0.7049817442893982, 0.584351658821106, 0.8631930351257324, -0.0787467285990715, 0.4986949861049652, -0.3055550754070282, 0.7048401236534119, 0.6401847004890442], "cam_t_m2c": [482.5685729980469, -327.8071594238281, 923.4085083007812], "obj_id": 1}, {"cam_R_m2c": [0.8351340889930725, 0.119756780564785, 0.5368513464927673, -0.24504990875720978, -0.7927961945533752, 0.5580543875694275, 0.4924445152282715, -0.5976055860519409, -0.6327447295188904], "cam_t_m2c": [207.60171508789062, -382.646728515625, 913.6224975585938], "obj_id": 1}, {"cam_R_m2c": [0.20798617601394653, 0.7856854200363159, 0.5826146602630615, -0.2069205790758133, -0.5468173623085022, 0.8112792372703552, 0.9559944272041321, -0.2892897129058838, 0.04884432628750801], "cam_t_m2c": [181.71646118164062, -368.9942321777344, 968.6409301757812], "obj_id": 1}, {"cam_R_m2c": [-0.04323429986834526, -0.914256751537323, -0.40282198786735535, -0.8684739470481873, -0.16491208970546722, 0.46750104427337646, -0.4938461482524872, 0.37005239725112915, -0.7868782877922058], "cam_t_m2c": [387.6642150878906, -435.0963439941406, 926.4060668945312], "obj_id": 1}, {"cam_R_m2c": [0.46445244550704956, 0.8219152092933655, -0.3297564685344696, -0.8518122434616089, 0.3127409517765045, -0.42024871706962585, -0.24228043854236603, 0.4760761559009552, 0.8453707695007324], "cam_t_m2c": [296.0698547363281, -328.139892578125, 988.1697387695312], "obj_id": 1}, {"cam_R_m2c": [-0.830579936504364, -0.44548511505126953, 0.33418533205986023, 0.4404371678829193, -0.15822908282279968, 0.883729875087738, -0.3408106863498688, 0.8811960220336914, 0.3276302218437195], "cam_t_m2c": [281.4876403808594, -221.42645263671875, 1040.321044921875], "obj_id": 1}, {"cam_R_m2c": [-0.6819450855255127, 0.23051415383815765, -0.6941282749176025, -0.09521538764238358, -0.9689396023750305, -0.2282324731349945, -0.7251791954040527, -0.08955032378435135, 0.6827121376991272], "cam_t_m2c": [445.8825378417969, -79.7802734375, 1114.219970703125], "obj_id": 3}, {"cam_R_m2c": [-0.2262028455734253, -0.6420878767967224, -0.7324994802474976, 0.15709039568901062, 0.7181009650230408, -0.6779776215553284, 0.9613297581672668, -0.26842907071113586, -0.061570651829242706], "cam_t_m2c": [187.65972900390625, -36.29704666137695, 1006.2997436523438], "obj_id": 1}, {"cam_R_m2c": [0.8800516724586487, -0.1834287792444229, 0.43802157044410706, 0.33804312348365784, -0.4058370888233185, -0.8491308689117432, 0.33352041244506836, 0.8953492641448975, -0.2951508164405823], "cam_t_m2c": [472.56298828125, -335.48052978515625, 840.039306640625], "obj_id": 1}, {"cam_R_m2c": [-0.7083818912506104, 0.24345065653324127, -0.6625154614448547, 0.13467451930046082, 0.9680089950561523, 0.21171042323112488, 0.6928619742393494, 0.060747887939214706, -0.7185066342353821], "cam_t_m2c": [404.06402587890625, -21.23586654663086, 817.8130493164062], "obj_id": 1}, {"cam_R_m2c": [0.6415053009986877, -0.3020981550216675, 0.7051295042037964, 0.4920859634876251, 0.8672099113464355, -0.07614662498235703, -0.5884915590286255, 0.3958328068256378, 0.7049780488014221], "cam_t_m2c": [458.831787109375, -364.3865051269531, 864.5079956054688], "obj_id": 1}, {"cam_R_m2c": [-0.34006017446517944, -0.3171865940093994, -0.8852974772453308, 0.6953022480010986, -0.7186533212661743, -0.009598365053534508, -0.6331775188446045, -0.6188133358955383, 0.46492600440979004], "cam_t_m2c": [353.02764892578125, -45.06732940673828, 1088.6005859375], "obj_id": 3}, {"cam_R_m2c": [0.8780742883682251, -0.2627025246620178, -0.3999660909175873, 0.43036288022994995, 0.06809012591838837, 0.9000841379165649, -0.20922064781188965, -0.9624713063240051, 0.17284561693668365], "cam_t_m2c": [449.0459899902344, -178.1142120361328, 839.9886474609375], "obj_id": 1}, {"cam_R_m2c": [0.8813255429267883, -0.4511759877204895, -0.14037621021270752, -0.13330088555812836, 0.04761192947626114, -0.9899312257766724, 0.4533168077468872, 0.8911639451980591, -0.018180549144744873], "cam_t_m2c": [333.8926696777344, -29.48272132873535, 726.9451904296875], "obj_id": 1}, {"cam_R_m2c": [0.11651284992694855, 0.8272624015808105, -0.5496013760566711, 0.1491328328847885, 0.5325241684913635, 0.8331730961799622, 0.9819287657737732, -0.17903895676136017, -0.06132606789469719], "cam_t_m2c": [332.1575012207031, -129.29750061035156, 1182.7352294921875], "obj_id": 1}, {"cam_R_m2c": [0.2538037598133087, 0.18045340478420258, 0.9502737522125244, 0.7867854833602905, -0.6099796295166016, -0.09430567920207977, 0.5626298189163208, 0.7715967297554016, -0.29679325222969055], "cam_t_m2c": [84.53143310546875, -208.39959716796875, 879.0534057617188], "obj_id": 3}, {"cam_R_m2c": [0.8853896260261536, 0.32934439182281494, -0.32805103063583374, -0.23635531961917877, 0.9266340732574463, 0.29237890243530273, 0.40027663111686707, -0.18133263289928436, 0.8982744812965393], "cam_t_m2c": [268.88287353515625, -252.1760711669922, 783.5960693359375], "obj_id": 1}, {"cam_R_m2c": [-0.5105089545249939, -0.7120159864425659, 0.48209306597709656, 0.7964305281639099, -0.6028961539268494, -0.04705891013145447, 0.32415878772735596, 0.3599296510219574, 0.8748552799224854], "cam_t_m2c": [240.03981018066406, -184.6368865966797, 1227.8214111328125], "obj_id": 1}, {"cam_R_m2c": [-0.6896618604660034, 0.11646007746458054, -0.7147051095962524, 0.7013626098632812, -0.13812388479709625, -0.6992940306663513, -0.18015773594379425, -0.9835439324378967, 0.013578138314187527], "cam_t_m2c": [239.55435180664062, -104.63984680175781, 1055.1693115234375], "obj_id": 3}, {"cam_R_m2c": [0.8476822972297668, 0.48541221022605896, -0.21403220295906067, -0.2052220106124878, -0.07199264317750931, -0.9760640859603882, -0.4892021119594574, 0.8713163733482361, 0.038590360432863235], "cam_t_m2c": [470.69329833984375, -291.6591796875, 798.2871704101562], "obj_id": 1}, {"cam_R_m2c": [0.6564825177192688, -0.39191675186157227, 0.6445401310920715, 0.5473886132240295, 0.8354101181030273, -0.04955445975065231, -0.5190341472625732, 0.38534554839134216, 0.7629628777503967], "cam_t_m2c": [378.642822265625, -206.55462646484375, 775.1630859375], "obj_id": 3}, {"cam_R_m2c": [-0.05391741916537285, 0.9658432602882385, 0.25345540046691895, 0.9816683530807495, 0.004800520837306976, 0.1905364692211151, 0.1828116625547409, 0.2590824067592621, -0.948396623134613], "cam_t_m2c": [456.3526611328125, -59.185638427734375, 1051.943359375], "obj_id": 3}, {"cam_R_m2c": [0.9740906357765198, -0.16388896107673645, -0.15584547817707062, -0.07798256725072861, 0.40343695878982544, -0.9116782546043396, 0.21228784322738647, 0.9002104997634888, 0.3802036941051483], "cam_t_m2c": [342.7063903808594, -154.52810668945312, 984.9208984375], "obj_id": 3}, {"cam_R_m2c": [-0.24938234686851501, -0.5767856240272522, 0.777898907661438, -0.0813000351190567, -0.7879729270935059, -0.6103187203407288, 0.9649863839149475, -0.21544593572616577, 0.1496138572692871], "cam_t_m2c": [453.1119079589844, -84.57337188720703, 1111.7440185546875], "obj_id": 3}, {"cam_R_m2c": [-0.21343939006328583, -0.7971609234809875, -0.5647813081741333, 0.8444638848304749, 0.14015047252178192, -0.5169511437416077, 0.49124759435653687, -0.5872752070426941, 0.64326012134552], "cam_t_m2c": [319.1179504394531, -311.15325927734375, 998.7108764648438], "obj_id": 1}, {"cam_R_m2c": [0.7656077146530151, 0.6110039353370667, 0.20129337906837463, -0.2795667052268982, 0.034196145832538605, 0.9595171213150024, 0.5793852806091309, -0.7908886671066284, 0.19699718058109283], "cam_t_m2c": [201.36392211914062, -116.18365478515625, 1137.2015380859375], "obj_id": 3}, {"cam_R_m2c": [-0.22056274116039276, -0.7606678605079651, -0.6105213761329651, 0.9179430603981018, 0.04972827434539795, -0.39358288049697876, 0.3297460079193115, -0.6472336649894714, 0.6872817277908325], "cam_t_m2c": [263.4302978515625, -81.72592163085938, 868.3661499023438], "obj_id": 3}, {"cam_R_m2c": [0.7067447304725647, 0.08562720566987991, 0.7022676467895508, 0.516687273979187, -0.7405426502227783, -0.4296872317790985, 0.483266144990921, 0.6665319204330444, -0.5676171183586121], "cam_t_m2c": [210.0524139404297, -220.48736572265625, 1081.5372314453125], "obj_id": 3}, {"cam_R_m2c": [0.3064797520637512, -0.005670567508786917, -0.951860249042511, -0.09960123896598816, 0.9943018555641174, -0.03799298778176308, 0.9466518759727478, 0.10645054280757904, 0.30416858196258545], "cam_t_m2c": [434.13494873046875, -338.5986022949219, 929.3392333984375], "obj_id": 1}, {"cam_R_m2c": [0.7158614993095398, -0.6067185401916504, -0.34559348225593567, 0.6414995789527893, 0.7669215798377991, -0.017594926059246063, 0.27571824193000793, -0.2091025412082672, 0.9382193684577942], "cam_t_m2c": [276.23736572265625, -437.0638732910156, 1041.234619140625], "obj_id": 3}, {"cam_R_m2c": [-0.6428826451301575, -0.21921218931674957, 0.7339262366294861, 0.6212995052337646, 0.41115960478782654, 0.6670342087745667, -0.4479828178882599, 0.8848128318786621, -0.12813086807727814], "cam_t_m2c": [417.94476318359375, -111.55656433105469, 998.1622924804688], "obj_id": 3}, {"cam_R_m2c": [-0.7516955733299255, -0.31521257758140564, -0.5793052315711975, 0.4786880612373352, 0.34345704317092896, -0.8080191016197205, 0.45366424322128296, -0.8846909999847412, -0.10728655755519867], "cam_t_m2c": [250.77659606933594, -144.18455505371094, 851.6201171875], "obj_id": 1}, {"cam_R_m2c": [0.0772697776556015, -0.8656845092773438, 0.4945904016494751, 0.8749293684959412, 0.2967337667942047, 0.3826848268508911, -0.4780460000038147, 0.4031617045402527, 0.780341386795044], "cam_t_m2c": [280.16876220703125, -309.10028076171875, 1077.5457763671875], "obj_id": 1}, {"cam_R_m2c": [-0.9556534290313721, 0.2933748960494995, 0.025636600330471992, 0.23961077630519867, 0.8252151012420654, -0.5114750266075134, -0.1712096631526947, -0.48265016078948975, -0.858915388584137], "cam_t_m2c": [362.6207275390625, -414.3233642578125, 990.4365234375], "obj_id": 1}, {"cam_R_m2c": [0.48660388588905334, -0.639872133731842, 0.5947943329811096, 0.4474875330924988, -0.40218082070350647, -0.79875248670578, 0.7503142952919006, 0.6548391580581665, 0.09063202887773514], "cam_t_m2c": [322.8104553222656, 71.38793182373047, 912.059814453125], "obj_id": 1}, {"cam_R_m2c": [0.38694921135902405, 0.1644609123468399, 0.9073163270950317, 0.6891398429870605, -0.7053464651107788, -0.16605037450790405, 0.6126635670661926, 0.6895208358764648, -0.38626983761787415], "cam_t_m2c": [287.43109130859375, -481.2732849121094, 1001.2123413085938], "obj_id": 1}, {"cam_R_m2c": [-0.673238217830658, 0.17452582716941833, 0.7185338139533997, -0.714285671710968, 0.09773307293653488, -0.6929964423179626, -0.19117026031017303, -0.979790210723877, 0.05886377766728401], "cam_t_m2c": [402.8768310546875, -56.979496002197266, 1006.4773559570312], "obj_id": 3}, {"cam_R_m2c": [0.47886213660240173, -0.6102924942970276, -0.6310579180717468, 0.007046731188893318, 0.7214837074279785, -0.6923955678939819, 0.8778617978096008, 0.32711508870124817, 0.3497917950153351], "cam_t_m2c": [454.0567626953125, -195.9481964111328, 985.1015625], "obj_id": 3}, {"cam_R_m2c": [0.5995597243309021, 0.21045564115047455, 0.7721635699272156, 0.34291985630989075, -0.9393087029457092, -0.010254432447254658, 0.7231418490409851, 0.27093836665153503, -0.6353410482406616], "cam_t_m2c": [326.4273681640625, -181.877685546875, 832.650146484375], "obj_id": 3}, {"cam_R_m2c": [-0.7927815318107605, 0.15759184956550598, -0.5887804627418518, -0.29965242743492126, 0.7404184341430664, 0.6016551852226257, 0.530759871006012, 0.6534105539321899, -0.539767324924469], "cam_t_m2c": [407.3254699707031, -83.01051330566406, 776.6336669921875], "obj_id": 1}, {"cam_R_m2c": [0.7626844048500061, 0.1527860462665558, -0.6284655332565308, 0.08068020641803741, -0.9865822792053223, -0.14193692803382874, -0.6417189240455627, 0.05754835531115532, -0.7647777795791626], "cam_t_m2c": [321.9006042480469, -209.7120361328125, 1021.881103515625], "obj_id": 3}, {"cam_R_m2c": [-0.8613502383232117, 0.0463692769408226, -0.505890965461731, 0.16020505130290985, -0.9202181100845337, -0.35711750388145447, -0.4820893108844757, -0.38864952325820923, 0.7852015495300293], "cam_t_m2c": [260.35040283203125, -166.39434814453125, 788.7980346679688], "obj_id": 1}, {"cam_R_m2c": [0.958228588104248, -0.1338779330253601, 0.25273439288139343, 0.09869882464408875, 0.9841809272766113, 0.14712710678577423, -0.26843345165252686, -0.1160368099808693, 0.9562839269638062], "cam_t_m2c": [306.8302307128906, -257.4197998046875, 758.1173095703125], "obj_id": 1}, {"cam_R_m2c": [0.8500744700431824, 0.5265509486198425, -0.010840538889169693, -0.47813472151756287, 0.7629530429840088, -0.43507450819015503, -0.22081807255744934, 0.37502893805503845, 0.9003291726112366], "cam_t_m2c": [227.32980346679688, -156.42750549316406, 996.9794921875], "obj_id": 3}, {"cam_R_m2c": [0.7717143297195435, -0.39023736119270325, -0.5021671056747437, -0.5320371389389038, -0.8287329077720642, -0.17360389232635498, -0.34841567277908325, 0.4011441469192505, -0.8471658825874329], "cam_t_m2c": [505.8406066894531, -126.09589385986328, 1130.5760498046875], "obj_id": 3}, {"cam_R_m2c": [-0.9006413221359253, 0.31889820098876953, 0.2952105402946472, 0.18942207098007202, 0.8994839191436768, -0.3937612473964691, -0.39110687375068665, -0.29871824383735657, -0.8705187439918518], "cam_t_m2c": [294.24169921875, -196.12840270996094, 1243.5126953125], "obj_id": 3}, {"cam_R_m2c": [0.4928712546825409, 0.8349307775497437, -0.2448846846818924, -0.0922946184873581, 0.330022931098938, 0.9394501447677612, 0.8651934266090393, -0.44042640924453735, 0.23971843719482422], "cam_t_m2c": [211.1495361328125, -265.13812255859375, 774.9249877929688], "obj_id": 1}, {"cam_R_m2c": [-0.8498457670211792, -0.23296290636062622, 0.4727480113506317, -0.05347127094864845, 0.9304855465888977, 0.36240512132644653, -0.5243121385574341, 0.2827099859714508, -0.8032260537147522], "cam_t_m2c": [175.98565673828125, -133.33865356445312, 1103.21337890625], "obj_id": 1}, {"cam_R_m2c": [0.5569447875022888, -0.3245198428630829, -0.7645255923271179, -0.5831767916679382, -0.8082194924354553, -0.08176834881305695, -0.5913690328598022, 0.49139404296875, -0.6393860578536987], "cam_t_m2c": [153.0583038330078, -138.8872833251953, 1113.6337890625], "obj_id": 3}, {"cam_R_m2c": [-0.5789204835891724, 0.04540374502539635, -0.8141188621520996, 0.7935082912445068, -0.1983531266450882, -0.5753265619277954, -0.18760500848293304, -0.9790784120559692, 0.07880245894193649], "cam_t_m2c": [400.96600341796875, -175.37771606445312, 1023.860107421875], "obj_id": 3}, {"cam_R_m2c": [-0.15343478322029114, -0.922982394695282, 0.3529324531555176, 0.9844124913215637, -0.17384225130081177, -0.026662934571504593, 0.08596398681402206, 0.34334009885787964, 0.9352688193321228], "cam_t_m2c": [375.0772705078125, 115.71430969238281, 896.9874877929688], "obj_id": 3}, {"cam_R_m2c": [0.3474344313144684, 0.1210164949297905, 0.9298624992370605, -0.3601783514022827, -0.8983446359634399, 0.251491904258728, 0.8657717704772949, -0.4222933053970337, -0.2685282528400421], "cam_t_m2c": [439.3057861328125, -15.082303047180176, 1042.169189453125], "obj_id": 3}, {"cam_R_m2c": [-0.5267251133918762, 0.4421950578689575, -0.7259641885757446, -0.7156850099563599, 0.23010686039924622, 0.6594283580780029, 0.4586452841758728, 0.8668992519378662, 0.1952693909406662], "cam_t_m2c": [146.62435913085938, -202.41650390625, 818.3659057617188], "obj_id": 3}, {"cam_R_m2c": [-0.270194947719574, -0.9324872493743896, -0.2397126406431198, 0.18253031373023987, -0.2940688729286194, 0.9381930232048035, -0.9453451037406921, 0.20974022150039673, 0.24966315925121307], "cam_t_m2c": [307.8026123046875, -84.94566345214844, 922.07421875], "obj_id": 3}, {"cam_R_m2c": [0.640245795249939, 0.7340223789215088, -0.22648702561855316, 0.5091350674629211, -0.6262621283531189, -0.5904041528701782, -0.5752101540565491, 0.26269128918647766, -0.7746782302856445], "cam_t_m2c": [256.0158386230469, -297.8175354003906, 778.3231201171875], "obj_id": 3}, {"cam_R_m2c": [0.7886133790016174, 0.3064732551574707, -0.5330694317817688, -0.27069389820098877, 0.9514455795288086, 0.14654716849327087, 0.552099347114563, 0.02872958779335022, 0.8332831859588623], "cam_t_m2c": [184.33346557617188, -17.854726791381836, 1006.3848266601562], "obj_id": 1}, {"cam_R_m2c": [-0.1736338585615158, 0.2872448265552521, -0.9419880509376526, 0.3801394999027252, -0.8628358244895935, -0.3331786096096039, -0.9084850549697876, -0.41593801975250244, 0.04062455892562866], "cam_t_m2c": [129.61111450195312, -326.7553405761719, 858.5145874023438], "obj_id": 3}, {"cam_R_m2c": [-0.9103007316589355, -0.22653791308403015, 0.34645771980285645, 0.36688485741615295, -0.05394192039966583, 0.9287010431289673, -0.1916973888874054, 0.9725074768066406, 0.13221679627895355], "cam_t_m2c": [308.9050598144531, -131.2860870361328, 866.4987182617188], "obj_id": 1}, {"cam_R_m2c": [-0.4514745771884918, 0.5618094205856323, -0.6932104825973511, -0.3843705654144287, -0.8235690593719482, -0.41712486743927, -0.80525141954422, 0.07812843471765518, 0.5877636075019836], "cam_t_m2c": [438.8421630859375, -22.575973510742188, 1019.3903198242188], "obj_id": 3}, {"cam_R_m2c": [0.23991185426712036, 0.08574860543012619, 0.9670001864433289, -0.9263300895690918, -0.27778664231300354, 0.25445425510406494, 0.2904389500617981, -0.9568079710006714, 0.012787292711436749], "cam_t_m2c": [451.87921142578125, -249.5808563232422, 827.66455078125], "obj_id": 3}, {"cam_R_m2c": [0.1833658665418625, -0.7784342765808105, 0.6003474593162537, 0.9756425023078918, 0.21891003847122192, -0.014145917259156704, -0.12041041254997253, 0.5883183479309082, 0.7996141910552979], "cam_t_m2c": [415.17474365234375, -275.56280517578125, 822.9254760742188], "obj_id": 1}, {"cam_R_m2c": [0.8242051005363464, -0.007232725154608488, -0.5662451982498169, 0.45760923624038696, -0.5805169939994812, 0.6734937429428101, -0.3335861265659332, -0.8142160177230835, -0.4751553237438202], "cam_t_m2c": [387.04864501953125, -437.9179992675781, 9