{
  "0": [{"cam_R_m2c": [-0.05323970317840576, 0.9504343867301941, 0.30633342266082764, -0.8542122840881348, -0.20223012566566467, 0.4789828062057495, 0.5171915292739868, -0.2361728698015213, 0.8226392269134521], "cam_t_m2c": [-62.12533950805664, 52.51494216918945, 389.0492858886719], "obj_id": 0}, {"cam_R_m2c": [-0.7033117413520813, -0.06780240684747696, -0.7076406478881836, -0.24935773015022278, -0.908661425113678, 0.3348954916000366, -0.6657125353813171, 0.4119916260242462, 0.622165322303772], "cam_t_m2c": [-290.6570739746094, -13.032842636108398, 332.065185546875], "obj_id": 1}, {"cam_R_m2c": [0.3285295069217682, 0.6543768644332886, -0.6810721158981323, -0.28468456864356995, -0.6189544796943665, -0.7320176362991333, -0.9005681276321411, 0.43438008427619934, -0.017053727060556412], "cam_t_m2c": [22.426982879638672, -62.665096282958984, 212.80850219726562], "obj_id": 2}, {"cam_R_m2c": [0.15021257102489471, 0.6309069395065308, -0.7611783742904663, 0.9361916780471802, 0.15669651329517365, 0.3146287500858307, 0.3177754282951355, -0.7598701119422913, -0.5671120285987854], "cam_t_m2c": [134.107177734375, -181.1115264892578, 471.7216491699219], "obj_id": 3}, {"cam_R_m2c": [0.5656044483184814, 0.3624067008495331, -0.7407786250114441, 0.6376386880874634, -0.7618314623832703, 0.11414805799722672, -0.5229804515838623, -0.5369117259979248, -0.6619797945022583], "cam_t_m2c": [-219.2367401123047, -17.301010131835938, 437.8066101074219], "obj_id": 0}, {"cam_R_m2c": [-0.830143928527832, -0.21275290846824646, 0.5153613090515137, -0.40403085947036743, 0.8665188550949097, -0.29309409856796265, -0.3842136561870575, -0.45153218507766724, -0.8052940964698792], "cam_t_m2c": [-259.6551208496094, -26.955638885498047, 402.7708740234375], "obj_id": 1}, {"cam_R_m2c": [0.3868480920791626, 0.9129061698913574, 0.13019569218158722, -0.5918512940406799, 0.35407090187072754, -0.7241172790527344, -0.7071496248245239, 0.2030669003725052, 0.6772763729095459], "cam_t_m2c": [-296.30242919921875, -40.00265121459961, 264.06256103515625], "obj_id": 2}, {"cam_R_m2c": [-0.784527599811554, 0.16477911174297333, -0.5977994203567505, 0.6023381352424622, -0.026540035381913185, -0.7977997064590454, -0.14732636511325836, -0.9859732985496521, -0.07843129336833954], "cam_t_m2c": [-170.0396728515625, -62.51835250854492, 517.0159301757812], "obj_id": 3}, {"cam_R_m2c": [0.5529868006706238, 0.14483772218227386, -0.8205044865608215, -0.058735962957143784, -0.9755480885505676, -0.21179211139678955, -0.8311171531677246, 0.16531136631965637, -0.5309579968452454], "cam_t_m2c": [22.240686416625977, 38.59512710571289, 382.0149230957031], "obj_id": 0}, {"cam_R_m2c": [0.3944166600704193, -0.6318026781082153, -0.6672787070274353, -0.8744701743125916, -0.03491969034075737, -0.48382073640823364, 0.28237807750701904, 0.7743422985076904, -0.5662655234336853], "cam_t_m2c": [-156.85484313964844, 40.4608039855957, 294.68096923828125], "obj_id": 1}, {"cam_R_m2c": [-0.6636988520622253, 0.7468913197517395, -0.040706392377614975, 0.734971821308136, 0.6612855195999146, 0.15005962550640106, 0.13899677991867065, 0.06967635452747345, -0.9878385066986084], "cam_t_m2c": [-172.1596221923828, 41.58372497558594, 251.12008666992188], "obj_id": 2}, {"cam_R_m2c": [-0.6828691363334656, 0.04363096505403519, 0.7292365431785583, 0.09336888045072556, 0.9952409863471985, 0.027885887771844864, -0.724549412727356, 0.08713041990995407, -0.6836931109428406], "cam_t_m2c": [-195.48133850097656, 13.519922256469727, 392.55596923828125], "obj_id": 3}, {"cam_R_m2c": [0.02511673793196678, 0.9471327662467957, 0.31985732913017273, -0.880668580532074, 0.17237268388271332, -0.4412601590156555, -0.47306662797927856, -0.27060526609420776, 0.8384394645690918], "cam_t_m2c": [-36.94178009033203, -29.649742126464844, 338.0773620605469], "obj_id": 0}, {"cam_R_m2c": [0.12972821295261383, -0.9430493712425232, -0.3063141703605652, 0.9390411376953125, 0.21604570746421814, -0.26744315028190613, 0.3183899521827698, -0.25294673442840576, 0.9135894775390625], "cam_t_m2c": [-159.98399353027344, 34.125274658203125, 353.5428771972656], "obj_id": 1}, {"cam_R_m2c": [0.8374060392379761, 0.1155070886015892, -0.5342370867729187, -0.3099519610404968, 0.9054176807403564, -0.29008370637893677, 0.45020097494125366, 0.4085056781768799, 0.7940039038658142], "cam_t_m2c": [-91.16500854492188, 65.98225402832031, 298.9185791015625], "obj_id": 2}, {"cam_R_m2c": [-0.1838325560092926, 0.9649525284767151, -0.18727581202983856, 0.8381513357162476, 0.25341421365737915, 0.4829943776130676, 0.5135250091552734, -0.06817537546157837, -0.8553619980812073], "cam_t_m2c": [3.7414748668670654, -177.876953125, 398.0050964355469], "obj_id": 3}]
}