{
  "0": [{"cam_R_m2c": [0.3636108636856079, -0.8897522687911987, -0.27591314911842346, -0.8644402623176575, -0.4326600432395935, 0.25602400302886963, -0.3471745252609253, 0.14541731774806976, -0.9264575839042664], "cam_t_m2c": [83.19265747070312, 153.53665161132812, 505.2725524902344], "obj_id": 0}, {"cam_R_m2c": [-0.6355291604995728, 0.763067364692688, -0.11760564893484116, 0.6745179891586304, 0.622861385345459, 0.39631956815719604, 0.37567052245140076, 0.17254549264907837, -0.9105492234230042], "cam_t_m2c": [-174.42593383789062, 229.41661071777344, -60.59940719604492], "obj_id": 2}, {"cam_R_m2c": [0.6085473299026489, 0.7856932878494263, 0.11115821450948715, 0.13816535472869873, -0.24285699427127838, 0.960172176361084, 0.7813964486122131, -0.5689519643783569, -0.2563455402851105], "cam_t_m2c": [-60.77753448486328, 85.0662841796875, 310.377197265625], "obj_id": 3}, {"cam_R_m2c": [-0.36215072870254517, 0.5002934336662292, -0.7864814400672913, 0.6643574237823486, 0.7303749918937683, 0.15868674218654633, 0.6538163423538208, -0.4650363028049469, -0.5968794822692871], "cam_t_m2c": [-117.76469421386719, 36.75627899169922, 387.56988525390625], "obj_id": 1}, {"cam_R_m2c": [0.6620597839355469, -0.18927572667598724, -0.7251562476158142, 0.2742055356502533, 0.9616708755493164, -0.000662623904645443, 0.6974870562553406, -0.19840316474437714, 0.68858402967453], "cam_t_m2c": [-134.0425567626953, 6.012430191040039, 452.53546142578125], "obj_id": 1}, {"cam_R_m2c": [-0.7101526260375977, 0.48982056975364685, -0.5057259798049927, 0.27274250984191895, 0.8536209464073181, 0.44378232955932617, 0.6490720510482788, 0.17722025513648987, -0.7397961020469666], "cam_t_m2c": [36.106407165527344, 50.957828521728516, 556.572021484375], "obj_id": 1}, {"cam_R_m2c": [-0.7085533142089844, -0.687981903553009, -0.15694910287857056, 0.48781049251556396, -0.6382570862770081, 0.5955407023429871, -0.5098951458930969, 0.34541094303131104, 0.7878440618515015], "cam_t_m2c": [126.06040954589844, 42.02723693847656, 677.715087890625], "obj_id": 3}, {"cam_R_m2c": [-0.5930669903755188, 0.3629406988620758, -0.7187110185623169, 0.20730739831924438, 0.9313765168190002, 0.29926809668540955, 0.7780071496963501, 0.02849193662405014, -0.6276089549064636], "cam_t_m2c": [-263.8162536621094, 95.06591033935547, 29.40233612060547], "obj_id": 2}],
  "1": [{"cam_R_m2c": [0.3636108636856079, -0.8897522687911987, -0.27591314911842346, -0.8644402623176575, -0.4326600432395935, 0.25602400302886963, -0.3471745252609253, 0.14541731774806976, -0.9264575839042664], "cam_t_m2c": [83.19265747070312, 153.53665161132812, 505.2725524902344], "obj_id": 0}, {"cam_R_m2c": [-0.6355291604995728, 0.763067364692688, -0.11760564893484116, 0.6745179891586304, 0.622861385345459, 0.39631956815719604, 0.37567052245140076, 0.17254549264907837, -0.9105492234230042], "cam_t_m2c": [-174.42593383789062, 229.41661071777344, -60.59940719604492], "obj_id": 2}, {"cam_R_m2c": [0.6085473299026489, 0.7856932878494263, 0.11115821450948715, 0.13816535472869873, -0.24285699427127838, 0.960172176361084, 0.7813964486122131, -0.5689519643783569, -0.2563455402851105], "cam_t_m2c": [-60.77753448486328, 85.0662841796875, 310.377197265625], "obj_id": 3}, {"cam_R_m2c": [-0.36215072870254517, 0.5002934336662292, -0.7864814400672913, 0.6643574237823486, 0.7303749918937683, 0.15868674218654633, 0.6538163423538208, -0.4650363028049469, -0.5968794822692871], "cam_t_m2c": [-117.76469421386719, 36.75627899169922, 387.56988525390625], "obj_id": 1}, {"cam_R_m2c": [0.6620597839355469, -0.18927572667598724, -0.7251562476158142, 0.2742055356502533, 0.9616708755493164, -0.000662623904645443, 0.6974870562553406, -0.19840316474437714, 0.68858402967453], "cam_t_m2c": [-134.0425567626953, 6.012430191040039, 452.53546142578125], "obj_id": 1}, {"cam_R_m2c": [-0.7101526260375977, 0.48982056975364685, -0.5057259798049927, 0.27274250984191895, 0.8536209464073181, 0.44378232955932617, 0.6490720510482788, 0.17722025513648987, -0.7397961020469666], "cam_t_m2c": [36.106407165527344, 50.957828521728516, 556.572021484375], "obj_id": 1}, {"cam_R_m2c": [-0.7085533142089844, -0.687981903553009, -0.15694910287857056, 0.48781049251556396, -0.6382570862770081, 0.5955407023429871, -0.5098951458930969, 0.34541094303131104, 0.7878440618515015], "cam_t_m2c": [126.06040954589844, 42.02723693847656, 677.715087890625], "obj_id": 3}, {"cam_R_m2c": [-0.5930669903755188, 0.3629406988620758, -0.7187110185623169, 0.20730739831924438, 0.9313765168190002, 0.29926809668540955, 0.7780071496963501, 0.02849193662405014, -0.6276089549064636], "cam_t_m2c": [-263.8162536621094, 95.06591033935547, 29.40233612060547], "obj_id": 2}],
  "2": [{"cam_R_m2c": [0.3636108636856079, -0.8897522687911987, -0.27591314911842346, -0.8644402623176575, -0.4326600432395935, 0.25602400302886963, -0.3471745252609253, 0.14541731774806976, -0.9264575839042664], "cam_t_m2c": [83.19265747070312, 153.53665161132812, 505.2725524902344], "obj_id": 0}, {"cam_R_m2c": [-0.6355291604995728, 0.763067364692688, -0.11760564893484116, 0.6745179891586304, 0.622861385345459, 0.39631956815719604, 0.37567052245140076, 0.17254549264907837, -0.9105492234230042], "cam_t_m2c": [-174.42593383789062, 229.41661071777344, -60.59940719604492], "obj_id": 2}, {"cam_R_m2c": [0.6085473299026489, 0.7856932878494263, 0.11115821450948715, 0.13816535472869873, -0.24285699427127838, 0.960172176361084, 0.7813964486122131, -0.5689519643783569, -0.2563455402851105], "cam_t_m2c": [-60.77753448486328, 85.0662841796875, 310.377197265625], "obj_id": 3}, {"cam_R_m2c": [-0.36215072870254517, 0.5002934336662292, -0.7864814400672913, 0.6643574237823486, 0.7303749918937683, 0.15868674218654633, 0.6538163423538208, -0.4650363028049469, -0.5968794822692871], "cam_t_m2c": [-117.76469421386719, 36.75627899169922, 387.56988525390625], "obj_id": 1}, {"cam_R_m2c": [0.6620597839355469, -0.18927572667598724, -0.7251562476158142, 0.2742055356502533, 0.9616708755493164, -0.000662623904645443, 0.6974870562553406, -0.19840316474437714, 0.68858402967453], "cam_t_m2c": [-134.0425567626953, 6.012430191040039, 452.53546142578125], "obj_id": 1}, {"cam_R_m2c": [-0.7101526260375977, 0.48982056975364685, -0.5057259798049927, 0.27274250984191895, 0.8536209464073181, 0.44378232955932617, 0.6490720510482788, 0.17722025513648987, -0.7397961020469666], "cam_t_m2c": [36.106407165527344, 50.957828521728516, 556.572021484375], "obj_id": 1}, {"cam_R_m2c": [-0.7085533142089844, -0.687981903553009, -0.15694910287857056, 0.48781049251556396, -0.6382570862770081, 0.5955407023429871, -0.5098951458930969, 0.34541094303131104, 0.7878440618515015], "cam_t_m2c": [126.06040954589844, 42.02723693847656, 677.715087890625], "obj_id": 3}, {"cam_R_m2c": [-0.5930669903755188, 0.3629406988620758, -0.7187110185623169, 0.20730739831924438, 0.9313765168190002, 0.29926809668540955, 0.7780071496963501, 0.02849193662405014, -0.6276089549064636], "cam_t_m2c": [-263.8162536621094, 95.06591033935547, 29.40233612060547], "obj_id": 2}],
  "3": [{"cam_R_m2c": [0.3636108636856079, -0.8897522687911987, -0.27591314911842346, -0.8644402623176575, -0.4326600432395935, 0.25602400302886963, -0.3471745252609253, 0.14541731774806976, -0.9264575839042664], "cam_t_m2c": [83.19265747070312, 153.53665161132812, 505.2725524902344], "obj_id": 0}, {"cam_R_m2c": [-0.6355291604995728, 0.763067364692688, -0.11760564893484116, 0.6745179891586304, 0.622861385345459, 0.39631956815719604, 0.37567052245140076, 0.17254549264907837, -0.9105492234230042], "cam_t_m2c": [-174.42593383789062, 229.41661071777344, -60.59940719604492], "obj_id": 2}, {"cam_R_m2c": [0.6085473299026489, 0.7856932878494263, 0.11115821450948715, 0.13816535472869873, -0.24285699427127838, 0.960172176361084, 0.7813964486122131, -0.5689519643783569, -0.2563455402851105], "cam_t_m2c": [-60.77753448486328, 85.0662841796875, 310.377197265625], "obj_id": 3}, {"cam_R_m2c": [-0.36215072870254517, 0.5002934336662292, -0.7864814400672913, 0.6643574237823486, 0.7303749918937683, 0.15868674218654633, 0.6538163423538208, -0.4650363028049469, -0.5968794822692871], "cam_t_m2c": [-117.76469421386719, 36.75627899169922, 387.56988525390625], "obj_id": 1}, {"cam_R_m2c": [0.6620597839355469, -0.18927572667598724, -0.7251562476158142, 0.2742055356502533, 0.9616708755493164, -0.000662623904645443, 0.6974870562553406, -0.19840316474437714, 0.68858402967453], "cam_t_m2c": [-134.0425567626953, 6.012430191040039, 452.53546142578125], "obj_id": 1}, {"cam_R_m2c": [-0.7101526260375977, 0.48982056975364685, -0.5057259798049927, 0.27274250984191895, 0.8536209464073181, 0.44378232955932617, 0.6490720510482788, 0.17722025513648987, -0.7397961020469666], "cam_t_m2c": [36.106407165527344, 50.957828521728516, 556.572021484375], "obj_id": 1}, {"cam_R_m2c": [-0.7085533142089844, -0.687981903553009, -0.15694910287857056, 0.48781049251556396, -0.6382570862770081, 0.5955407023429871, -0.5098951458930969, 0.34541094303131104, 0.7878440618515015], "cam_t_m2c": [126.06040954589844, 42.02723693847656, 677.715087890625], "obj_id": 3}, {"cam_R_m2c": [-0.5930669903755188, 0.3629406988620758, -0.7187110185623169, 0.20730739831924438, 0.9313765168190002, 0.29926809668540955, 0.7780071496963501, 0.02849193662405014, -0.6276089549064636], "cam_t_m2c": [-263.8162536621094, 95.06591033935547, 29.40233612060547], "obj_id": 2}],
  "4": [{"cam_R_m2c": [0.3636108636856079, -0.8897522687911987, -0.27591314911842346, -0.8644402623176575, -0.4326600432395935, 0.25602400302886963, -0.3471745252609253, 0.14541731774806976, -0.9264575839042664], "cam_t_m2c": [83.19265747070312, 153.53665161132812, 505.2725524902344], "obj_id": 0}, {"cam_R_m2c": [-0.6355291604995728, 0.763067364692688, -0.11760564893484116, 0.6745179891586304, 0.622861385345459, 0.39631956815719604, 0.37567052245140076, 0.17254549264907837, -0.9105492234230042], "cam_t_m2c": [-174.42593383789062, 229.41661071777344, -60.59940719604492], "obj_id": 2}, {"cam_R_m2c": [0.6085473299026489, 0.7856932878494263, 0.11115821450948715, 0.13816535472869873, -0.24285699427127838, 0.960172176361084, 0.7813964486122131, -0.5689519643783569, -0.2563455402851105], "cam_t_m2c": [-60.77753448486328, 85.0662841796875, 310.377197265625], "obj_id": 3}, {"cam_R_m2c": [-0.36215072870254517, 0.5002934336662292, -0.7864814400672913, 0.6643574237823486, 0.7303749918937683, 0.15868674218654633, 0.6538163423538208, -0.4650363028049469, -0.5968794822692871], "cam_t_m2c": [-117.76469421386719, 36.75627899169922, 387.56988525390625], "obj_id": 1}, {"cam_R_m2c": [0.6620597839355469, -0.18927572667598724, -0.7251562476158142, 0.2742055356502533, 0.9616708755493164, -0.000662623904645443, 0.6974870562553406, -0.19840316474437714, 0.68858402967453], "cam_t_m2c": [-134.0425567626953, 6.012430191040039, 452.53546142578125], "obj_id": 1}, {"cam_R_m2c": [-0.7101526260375977, 0.48982056975364685, -0.5057259798049927, 0.27274250984191895, 0.8536209464073181, 0.44378232955932617, 0.6490720510482788, 0.17722025513648987, -0.7397961020469666], "cam_t_m2c": [36.106407165527344, 50.957828521728516, 556.572021484375], "obj_id": 1}, {"cam_R_m2c": [-0.7085533142089844, -0.687981903553009, -0.15694910287857056, 0.48781049251556396, -0.6382570862770081, 0.5955407023429871, -0.5098951458930969, 0.34541094303131104, 0.7878440618515015], "cam_t_m2c": [126.06040954589844, 42.02723693847656, 677.715087890625], "obj_id": 3}, {"cam_R_m2c": [-0.5930669903755188, 0.3629406988620758, -0.7187110185623169, 0.20730739831924438, 0.9313765168190002, 0.29926809668540955, 0.7780071496963501, 0.02849193662405014, -0.6276089549064636], "cam_t_m2c": [-263.8162536621094, 95.06591033935547, 29.40233612060547], "obj_id": 2}]
}