{
  "0": [{"cam_R_m2c": [0.18266570568084717, 0.3671894073486328, -0.9120336174964905, -0.797581672668457, -0.48707371950149536, -0.3558412194252014, -0.5748885869979858, 0.7924212217330933, 0.20389172434806824], "cam_t_m2c": [235.13507080078125, 140.69407653808594, 687.7860107421875], "obj_id": 3}, {"cam_R_m2c": [0.21563737094402313, 0.5433104634284973, -0.8113657832145691, 0.8239277601242065, 0.3447068929672241, 0.44980037212371826, 0.5240646600723267, -0.765500545501709, -0.3733168840408325], "cam_t_m2c": [308.6961669921875, 32.76655960083008, 1023.7672119140625], "obj_id": 3}, {"cam_R_m2c": [-0.7908281087875366, -0.385806679725647, -0.47512510418891907, 0.40131235122680664, -0.9129959940910339, 0.07339299470186234, -0.46210289001464844, -0.13263234496116638, 0.8768520951271057], "cam_t_m2c": [6.705522537231445e-05, 0.0001434236764907837, 1052.634521484375], "obj_id": 1}, {"cam_R_m2c": [0.10616540163755417, -0.34604716300964355, 0.9321911334991455, -0.9537203311920166, -0.30068013072013855, -0.003000882687047124, 0.28132978081703186, -0.8887310028076172, -0.36195406317710876], "cam_t_m2c": [164.43414306640625, 46.89021301269531, 1045.072998046875], "obj_id": 3}, {"cam_R_m2c": [0.234546959400177, -0.020812777802348137, 0.9718819260597229, -0.0905933752655983, -0.995887815952301, 0.0005362869123928249, 0.9678742289543152, -0.08817185461521149, -0.23546794056892395], "cam_t_m2c": [-21.903488159179688, 16.24054527282715, 978.4429931640625], "obj_id": 2}, {"cam_R_m2c": [-0.5867502093315125, -0.5267987251281738, -0.6149853467941284, -0.057125452905893326, -0.7306384444236755, 0.6803703308105469, -0.8077502846717834, 0.43433886766433716, 0.398608922958374], "cam_t_m2c": [269.1376953125, 79.70024108886719, 963.31103515625], "obj_id": 1}, {"cam_R_m2c": [0.0813400074839592, -0.7536888122558594, -0.6521785259246826, -0.9750093221664429, 0.07555690407752991, -0.2089206874370575, 0.20673775672912598, 0.6528738141059875, -0.7287078499794006], "cam_t_m2c": [169.70054626464844, -1.5651453733444214, 1109.7611083984375], "obj_id": 2}, {"cam_R_m2c": [-0.5201295018196106, -0.26154032349586487, -0.8130570650100708, 0.8532218337059021, -0.20195907354354858, -0.48085853457450867, -0.03844039887189865, -0.9438267946243286, 0.3281968832015991], "cam_t_m2c": [337.7309875488281, 111.4130859375, 867.1719360351562], "obj_id": 1}]
}