{
  "0": [{"cam_R_m2c": [-0.3192810118198395, 0.19771191477775574, -0.9268061518669128, -0.7024783492088318, -0.7058073878288269, 0.09143385291099548, -0.6360690593719482, 0.680254340171814, 0.3642392158508301], "cam_t_m2c": [-55.293060302734375, -215.28399658203125, 896.2699584960938], "obj_id": 2}, {"cam_R_m2c": [0.7556821703910828, 0.11849929392337799, 0.6441290974617004, 0.49008306860923767, -0.7547359466552734, -0.43611031770706177, 0.43446865677833557, 0.6452375650405884, -0.6284149885177612], "cam_t_m2c": [41.58869171142578, -14.086836814880371, 685.5541381835938], "obj_id": 2}, {"cam_R_m2c": [-0.45792657136917114, 0.416082501411438, 0.7856071591377258, 0.2625085413455963, 0.907589852809906, -0.3276734948158264, -0.8493483066558838, 0.056178174912929535, -0.5248347520828247], "cam_t_m2c": [-61.31487274169922, -205.17063903808594, 498.4662780761719], "obj_id": 3}, {"cam_R_m2c": [-0.4923473596572876, 0.8085591793060303, -0.32222065329551697, -0.7066687941551208, -0.5874578952789307, -0.3943506181240082, -0.5081468820571899, 0.033545807003974915, 0.8606168627738953], "cam_t_m2c": [97.43807220458984, -126.07379150390625, 784.9696655273438], "obj_id": 1}],
  "1": [{"cam_R_m2c": [-0.3011474013328552, 0.4092939794063568, -0.8612714409828186, -0.6718230247497559, -0.7320449948310852, -0.11297697573900223, -0.6767303347587585, 0.5445992946624756, 0.4954267144203186], "cam_t_m2c": [3.1232991218566895, -237.29226684570312, 912.3674926757812], "obj_id": 2}, {"cam_R_m2c": [0.7284194827079773, 0.3342025876045227, 0.598091721534729, 0.5627180933952332, -0.789817214012146, -0.24400252103805542, 0.39083683490753174, 0.5142932534217834, -0.7633800506591797], "cam_t_m2c": [33.282344818115234, -0.1316005289554596, 719.6953125], "obj_id": 2}, {"cam_R_m2c": [-0.62031489610672, 0.2729268968105316, 0.7353367805480957, 0.2718725800514221, 0.9542045593261719, -0.12481557577848434, -0.7357272505760193, 0.1224929466843605, -0.6661086678504944], "cam_t_m2c": [-66.49403381347656, -183.9479522705078, 524.0357055664062], "obj_id": 3}, {"cam_R_m2c": [-0.44929584860801697, 0.8855255246162415, -0.11822722107172012, -0.7204201221466064, -0.43738433718681335, -0.5382282733917236, -0.528325617313385, -0.15665048360824585, 0.834465503692627], "cam_t_m2c": [120.76811218261719, -110.92919158935547, 794.4452514648438], "obj_id": 1}]
}