{
  "0": [{"cam_R_m2c": [-0.8913590908050537, 0.3367302417755127, 0.30346614122390747, -0.11316976696252823, 0.4829541742801666, -0.8683016896247864, -0.43894368410110474, -0.8083118200302124, -0.3923778831958771], "cam_t_m2c": [14.497032165527344, 296.6150207519531, 354.0632019042969], "obj_id": 0}, {"cam_R_m2c": [0.711685836315155, -0.6775267124176025, 0.18563643097877502, -0.6754075884819031, -0.5872430801391602, 0.4460605978965759, -0.19320425391197205, -0.4428352415561676, -0.875539243221283], "cam_t_m2c": [13.750974655151367, 142.36106872558594, 542.3976440429688], "obj_id": 0}, {"cam_R_m2c": [0.10054636001586914, -0.9881994724273682, -0.11555177718400955, 0.7322750091552734, -0.005122436676174402, 0.6809897422790527, -0.6735456585884094, -0.15308672189712524, 0.7231187224388123], "cam_t_m2c": [307.7840881347656, -57473.07421875, -13937.3095703125], "obj_id": 0}, {"cam_R_m2c": [-0.5292633771896362, -0.32707926630973816, -0.7828789353370667, 0.1499447524547577, -0.9442424774169922, 0.29312562942504883, -0.8351028561592102, 0.03775208070874214, 0.5487968325614929], "cam_t_m2c": [55.175018310546875, 335.6690368652344, 439.589111328125], "obj_id": 3}],
  "1": [{"cam_R_m2c": [0.3805389106273651, -0.9118105173110962, -0.15424534678459167, -0.8051513433456421, -0.24463188648223877, -0.5402651429176331, 0.4548861086368561, 0.32978272438049316, -0.8272374272346497], "cam_t_m2c": [-513.66943359375, -346.4834899902344, 1152.1622314453125], "obj_id": 0}, {"cam_R_m2c": [-0.37899142503738403, 0.39557793736457825, -0.8365902900695801, -0.11057637631893158, -0.9169119000434875, -0.3834644854068756, -0.9187698364257812, -0.052822671830654144, 0.3912436068058014], "cam_t_m2c": [-340.41217041015625, -271.2149658203125, 998.5988159179688], "obj_id": 0}, {"cam_R_m2c": [-0.75029057264328, 0.5901278257369995, 0.298015296459198, -0.14289037883281708, -0.5848812460899353, 0.7984336018562317, 0.6454814672470093, 0.5564737319946289, 0.5231545567512512], "cam_t_m2c": [10462.564453125, -36653.5703125, -44706.1015625], "obj_id": 0}, {"cam_R_m2c": [-0.21214929223060608, 0.5804916620254517, 0.7861437797546387, -0.8204838037490845, -0.5427954792976379, 0.1793859601020813, 0.5308473706245422, -0.6069616675376892, 0.5914376974105835], "cam_t_m2c": [-501.55145263671875, -244.5995635986328, 1150.2138671875], "obj_id": 3}]
}