{
  "0": [{"cam_R_m2c": [-0.5040547847747803, -0.3761840760707855, -0.7774407267570496, 0.8441979289054871, -0.02452472597360611, -0.5354700684547424, 0.18236875534057617, -0.9262202382087708, 0.329935759305954], "cam_t_m2c": [908.08349609375, -8513.6826171875, -15141.400390625], "obj_id": 2}, {"cam_R_m2c": [0.657135546207428, 0.4172525405883789, 0.6277524828910828, -0.556118905544281, 0.8305575847625732, 0.030096648260951042, -0.5088266730308533, -0.3688826262950897, 0.777830958366394], "cam_t_m2c": [301.00994873046875, 16.26193618774414, 1382.166748046875], "obj_id": 2}, {"cam_R_m2c": [0.17426228523254395, -0.4198639392852783, -0.8907003402709961, 0.14017559587955475, 0.9059057831764221, -0.39960673451423645, 0.9746710062026978, -0.05521802604198456, 0.2167198807001114], "cam_t_m2c": [-5929.8818359375, 1222.487548828125, -19013.736328125], "obj_id": 0}, {"cam_R_m2c": [0.9124079346656799, 0.04066835716366768, -0.40725648403167725, 0.4092679023742676, -0.08239710330963135, 0.9086861610412598, 0.003398018190637231, -0.9957694411277771, -0.09182402491569519], "cam_t_m2c": [147.07278442382812, -431.100830078125, 1431.9925537109375], "obj_id": 2}],
  "1": [{"cam_R_m2c": [-0.7358644008636475, -0.47911903262138367, -0.4784858226776123, 0.5660102963447571, -0.04736951366066933, -0.8230361938476562, 0.37166666984558105, -0.8764708638191223, 0.30604371428489685], "cam_t_m2c": [1384.8128662109375, -5472.76513671875, -16556.244140625], "obj_id": 2}, {"cam_R_m2c": [0.725892186164856, 0.035831090062856674, 0.686874508857727, -0.20343203842639923, 0.965147078037262, 0.1646406352519989, -0.6570356488227844, -0.2592436373233795, 0.7078819274902344], "cam_t_m2c": [317.8794250488281, 89.61875915527344, 1166.252197265625], "obj_id": 2}, {"cam_R_m2c": [0.2592119574546814, -0.7159841656684875, -0.6482097506523132, 0.072511687874794, 0.6836820244789124, -0.726168692111969, 0.9630945920944214, 0.1412288099527359, 0.22913576662540436], "cam_t_m2c": [-8954.390625, 1417.0927734375, -18031.275390625], "obj_id": 0}, {"cam_R_m2c": [0.6982285976409912, -0.084410160779953, -0.7108809351921082, 0.7157434821128845, 0.06328922510147095, 0.6954894661903381, -0.013715332373976707, -0.9944190382957458, 0.10460639744997025], "cam_t_m2c": [341.3439636230469, -385.27423095703125, 1153.3175048828125], "obj_id": 2}]
}