{
  "0": [{"cam_R_m2c": [0.41682329773902893, -0.905195951461792, -0.08293687552213669, 0.4408063292503357, 0.12149767577648163, 0.8893412947654724, -0.7949515581130981, -0.40725722908973694, 0.4496592581272125], "cam_t_m2c": [-411.6024169921875, 366.76898193359375, 747.9220581054688], "obj_id": 1}, {"cam_R_m2c": [-0.2340298444032669, 0.03749919310212135, -0.971505880355835, 0.8140760064125061, 0.5538504719734192, -0.1747279316186905, 0.5315167903900146, -0.8317712545394897, -0.16014470160007477], "cam_t_m2c": [-342.74212646484375, 145.27841186523438, 879.711669921875], "obj_id": 0}, {"cam_R_m2c": [-0.29853808879852295, -0.948729932308197, -0.10385739803314209, 0.31360310316085815, 0.005264182109385729, -0.9495394825935364, 0.9014033079147339, -0.31604379415512085, 0.2959532141685486], "cam_t_m2c": [-290.7459716796875, 369.2378845214844, 732.664306640625], "obj_id": 1}, {"cam_R_m2c": [-0.9366678595542908, -0.3501751720905304, -0.005535145755857229, -0.3500640094280243, 0.9366066455841064, -0.014937752857804298, 0.010415084660053253, -0.01205405779182911, -0.9998731017112732], "cam_t_m2c": [-486.5164794921875, 126.44197082519531, 885.1398315429688], "obj_id": 3}, {"cam_R_m2c": [-0.0440932922065258, 0.7870684862136841, -0.6152876019477844, 0.7784134745597839, 0.4131116271018982, 0.47266387939453125, 0.626201331615448, -0.4581068754196167, -0.6308801770210266], "cam_t_m2c": [-341.4297790527344, 224.4966583251953, 808.23974609375], "obj_id": 0}, {"cam_R_m2c": [-0.33601853251457214, -0.36499008536338806, 0.8682590126991272, 0.45306941866874695, -0.8708323240280151, -0.19073277711868286, 0.8257236480712891, 0.32929185032844543, 0.45798176527023315], "cam_t_m2c": [-269.1427001953125, 58.89092254638672, 982.2681274414062], "obj_id": 0}, {"cam_R_m2c": [0.6187132000923157, -0.7563261985778809, -0.21251970529556274, 0.6720035672187805, 0.369380384683609, 0.6418483257293701, -0.4069460928440094, -0.5399340391159058, 0.7367944717407227], "cam_t_m2c": [-17.330810546875, 389.8143310546875, 782.31103515625], "obj_id": 3}, {"cam_R_m2c": [-0.3989255726337433, -0.6132477521896362, 0.6817517280578613, 0.47770747542381287, -0.773600697517395, -0.4163380265235901, 0.7827220559120178, 0.1595900058746338, 0.6015622615814209], "cam_t_m2c": [-315.1390075683594, 207.86509704589844, 831.961181640625], "obj_id": 0}, {"cam_R_m2c": [-0.03752798214554787, 0.992885947227478, 0.11300067603588104, 0.8545442819595337, -0.02673320472240448, 0.5186900496482849, 0.5180209279060364, 0.11602946370840073, -0.8474618196487427], "cam_t_m2c": [-144.72616577148438, 195.4600830078125, 989.2090454101562], "obj_id": 2}, {"cam_R_m2c": [-0.4298999011516571, -0.8042794466018677, 0.41026878356933594, -0.5835157036781311, 0.5942494869232178, 0.5535132884979248, -0.6889814138412476, -0.0014429204165935516, -0.7247774600982666], "cam_t_m2c": [-202.92376708984375, 303.0002136230469, 869.274169921875], "obj_id": 0}, {"cam_R_m2c": [-0.037527382373809814, 0.42943650484085083, -0.9023169875144958, 0.8545446991920471, 0.4818686246871948, 0.19379344582557678, 0.5180202126502991, -0.7637977004051208, -0.3850559592247009], "cam_t_m2c": [-56.50594711303711, 205.99569702148438, 1008.5889282226562], "obj_id": 2}, {"cam_R_m2c": [-0.03752647340297699, -0.9418633580207825, 0.33389365673065186, 0.8545452356338501, -0.20345361530780792, -0.47786909341812134, 0.5180193185806274, 0.267394483089447, 0.8124999403953552], "cam_t_m2c": [-319.83477783203125, 229.77899169921875, 900.6073608398438], "obj_id": 2}],
  "1": [{"cam_R_m2c": [0.41682329773902893, -0.905195951461792, -0.08293687552213669, 0.4408063292503357, 0.12149767577648163, 0.8893412947654724, -0.7949515581130981, -0.40725722908973694, 0.4496592581272125], "cam_t_m2c": [-411.6024169921875, 366.76898193359375, 747.9220581054688], "obj_id": 1}, {"cam_R_m2c": [-0.2340298444032669, 0.03749919310212135, -0.971505880355835, 0.8140760064125061, 0.5538504719734192, -0.1747279316186905, 0.5315167903900146, -0.8317712545394897, -0.16014470160007477], "cam_t_m2c": [-342.74212646484375, 145.27841186523438, 879.711669921875], "obj_id": 0}, {"cam_R_m2c": [-0.29853808879852295, -0.948729932308197, -0.10385739803314209, 0.31360310316085815, 0.005264182109385729, -0.9495394825935364, 0.9014033079147339, -0.31604379415512085, 0.2959532141685486], "cam_t_m2c": [-290.7459716796875, 369.2378845214844, 732.664306640625], "obj_id": 1}, {"cam_R_m2c": [-0.9366678595542908, -0.3501751720905304, -0.005535145755857229, -0.3500640094280243, 0.9366066455841064, -0.014937752857804298, 0.010415084660053253, -0.01205405779182911, -0.9998731017112732], "cam_t_m2c": [-486.5164794921875, 126.44197082519531, 885.1398315429688], "obj_id": 3}, {"cam_R_m2c": [-0.0440932922065258, 0.7870684862136841, -0.6152876019477844, 0.7784134745597839, 0.4131116271018982, 0.47266387939453125, 0.626201331615448, -0.4581068754196167, -0.6308801770210266], "cam_t_m2c": [-341.4297790527344, 224.4966583251953, 808.23974609375], "obj_id": 0}, {"cam_R_m2c": [-0.33601853251457214, -0.36499008536338806, 0.8682590126991272, 0.45306941866874695, -0.8708323240280151, -0.19073277711868286, 0.8257236480712891, 0.32929185032844543, 0.45798176527023315], "cam_t_m2c": [-269.1427001953125, 58.89092254638672, 982.2681274414062], "obj_id": 0}, {"cam_R_m2c": [0.6187132000923157, -0.7563261985778809, -0.21251970529556274, 0.6720035672187805, 0.369380384683609, 0.6418483257293701, -0.4069460928440094, -0.5399340391159058, 0.7367944717407227], "cam_t_m2c": [-17.330810546875, 389.8143310546875, 782.31103515625], "obj_id": 3}, {"cam_R_m2c": [-0.3989255726337433, -0.6132477521896362, 0.6817517280578613, 0.47770747542381287, -0.773600697517395, -0.4163380265235901, 0.7827220559120178, 0.1595900058746338, 0.6015622615814209], "cam_t_m2c": [-315.1390075683594, 207.86509704589844, 831.961181640625], "obj_id": 0}, {"cam_R_m2c": [-0.03752798214554787, 0.992885947227478, 0.11300067603588104, 0.8545442819595337, -0.02673320472240448, 0.5186900496482849, 0.5180209279060364, 0.11602946370840073, -0.8474618196487427], "cam_t_m2c": [-144.72616577148438, 195.4600830078125, 989.2090454101562], "obj_id": 2}, {"cam_R_m2c": [-0.4298999011516571, -0.8042794466018677, 0.41026878356933594, -0.5835157036781311, 0.5942494869232178, 0.5535132884979248, -0.6889814138412476, -0.0014429204165935516, -0.7247774600982666], "cam_t_m2c": [-202.92376708984375, 303.0002136230469, 869.274169921875], "obj_id": 0}, {"cam_R_m2c": [-0.037527382373809814, 0.42943650484085083, -0.9023169875144958, 0.8545446991920471, 0.4818686246871948, 0.19379344582557678, 0.5180202126502991, -0.7637977004051208, -0.3850559592247009], "cam_t_m2c": [-56.50594711303711, 205.99569702148438, 1008.5889282226562], "obj_id": 2}, {"cam_R_m2c": [-0.03752647340297699, -0.9418633580207825, 0.33389365673065186, 0.8545452356338501, -0.20345361530780792, -0.47786909341812134, 0.5180193185806274, 0.267394483089447, 0.8124999403953552], "cam_t_m2c": [-319.83477783203125, 229.77899169921875, 900.6073608398438], "obj_id": 2}],
  "2": [{"cam_R_m2c": [0.41682329773902893, -0.905195951461792, -0.08293687552213669, 0.4408063292503357, 0.12149767577648163, 0.8893412947654724, -0.7949515581130981, -0.40725722908973694, 0.4496592581272125], "cam_t_m2c": [-411.6024169921875, 366.76898193359375, 747.9220581054688], "obj_id": 1}, {"cam_R_m2c": [-0.2340298444032669, 0.03749919310212135, -0.971505880355835, 0.8140760064125061, 0.5538504719734192, -0.1747279316186905, 0.5315167903900146, -0.8317712545394897, -0.16014470160007477], "cam_t_m2c": [-342.74212646484375, 145.27841186523438, 879.711669921875], "obj_id": 0}, {"cam_R_m2c": [-0.29853808879852295, -0.948729932308197, -0.10385739803314209, 0.31360310316085815, 0.005264182109385729, -0.9495394825935364, 0.9014033079147339, -0.31604379415512085, 0.2959532141685486], "cam_t_m2c": [-290.7459716796875, 369.2378845214844, 732.664306640625], "obj_id": 1}, {"cam_R_m2c": [-0.9366678595542908, -0.3501751720905304, -0.005535145755857229, -0.3500640094280243, 0.9366066455841064, -0.014937752857804298, 0.010415084660053253, -0.01205405779182911, -0.9998731017112732], "cam_t_m2c": [-486.5164794921875, 126.44197082519531, 885.1398315429688], "obj_id": 3}, {"cam_R_m2c": [-0.0440932922065258, 0.7870684862136841, -0.6152876019477844, 0.7784134745597839, 0.4131116271018982, 0.47266387939453125, 0.626201331615448, -0.4581068754196167, -0.6308801770210266], "cam_t_m2c": [-341.4297790527344, 224.4966583251953, 808.23974609375], "obj_id": 0}, {"cam_R_m2c": [-0.33601853251457214, -0.36499008536338806, 0.8682590126991272, 0.45306941866874695, -0.8708323240280151, -0.19073277711868286, 0.8257236480712891, 0.32929185032844543, 0.45798176527023315], "cam_t_m2c": [-269.1427001953125, 58.89092254638672, 982.2681274414062], "obj_id": 0}, {"cam_R_m2c": [0.6187132000923157, -0.7563261985778809, -0.21251970529556274, 0.6720035672187805, 0.369380384683609, 0.6418483257293701, -0.4069460928440094, -0.5399340391159058, 0.7367944717407227], "cam_t_m2c": [-17.330810546875, 389.8143310546875, 782.31103515625], "obj_id": 3}, {"cam_R_m2c": [-0.3989255726337433, -0.6132477521896362, 0.6817517280578613, 0.47770747542381287, -0.773600697517395, -0.4163380265235901, 0.7827220559120178, 0.1595900058746338, 0.6015622615814209], "cam_t_m2c": [-315.1390075683594, 207.86509704589844, 831.961181640625], "obj_id": 0}, {"cam_R_m2c": [-0.03752798214554787, 0.992885947227478, 0.11300067603588104, 0.8545442819595337, -0.02673320472240448, 0.5186900496482849, 0.5180209279060364, 0.11602946370840073, -0.8474618196487427], "cam_t_m2c": [-144.72616577148438, 195.4600830078125, 989.2090454101562], "obj_id": 2}, {"cam_R_m2c": [-0.4298999011516571, -0.8042794466018677, 0.41026878356933594, -0.5835157036781311, 0.5942494869232178, 0.5535132884979248, -0.6889814138412476, -0.0014429204165935516, -0.7247774600982666], "cam_t_m2c": [-202.92376708984375, 303.0002136230469, 869.274169921875], "obj_id": 0}, {"cam_R_m2c": [-0.037527382373809814, 0.42943650484085083, -0.9023169875144958, 0.8545446991920471, 0.4818686246871948, 0.19379344582557678, 0.5180202126502991, -0.7637977004051208, -0.3850559592247009], "cam_t_m2c": [-56.50594711303711, 205.99569702148438, 1008.5889282226562], "obj_id": 2}, {"cam_R_m2c": [-0.03752647340297699, -0.9418633580207825, 0.33389365673065186, 0.8545452356338501, -0.20345361530780792, -0.47786909341812134, 0.5180193185806274, 0.267394483089447, 0.8124999403953552], "cam_t_m2c": [-319.83477783203125, 229.77899169921875, 900.6073608398438], "obj_id": 2}],
  "3": [{"cam_R_m2c": [0.41682329773902893, -0.905195951461792, -0.08293687552213669, 0.4408063292503357, 0.12149767577648163, 0.8893412947654724, -0.7949515581130981, -0.40725722908973694, 0.4496592581272125], "cam_t_m2c": [-411.6024169921875, 366.76898193359375, 747.9220581054688], "obj_id": 1}, {"cam_R_m2c": [-0.2340298444032669, 0.03749919310212135, -0.971505880355835, 0.8140760064125061, 0.5538504719734192, -0.1747279316186905, 0.5315167903900146, -0.8317712545394897, -0.16014470160007477], "cam_t_m2c": [-342.74212646484375, 145.27841186523438, 879.711669921875], "obj_id": 0}, {"cam_R_m2c": [-0.29853808879852295, -0.948729932308197, -0.10385739803314209, 0.31360310316085815, 0.005264182109385729, -0.9495394825935364, 0.9014033079147339, -0.31604379415512085, 0.2959532141685486], "cam_t_m2c": [-290.7459716796875, 369.2378845214844, 732.664306640625], "obj_id": 1}, {"cam_R_m2c": [-0.9366678595542908, -0.3501751720905304, -0.005535145755857229, -0.3500640094280243, 0.9366066455841064, -0.014937752857804298, 0.010415084660053253, -0.01205405779182911, -0.9998731017112732], "cam_t_m2c": [-486.5164794921875, 126.44197082519531, 885.1398315429688], "obj_id": 3}, {"cam_R_m2c": [-0.0440932922065258, 0.7870684862136841, -0.6152876019477844, 0.7784134745597839, 0.4131116271018982, 0.47266387939453125, 0.626201331615448, -0.4581068754196167, -0.6308801770210266], "cam_t_m2c": [-341.4297790527344, 224.4966583251953, 808.23974609375], "obj_id": 0}, {"cam_R_m2c": [-0.33601853251457214, -0.36499008536338806, 0.8682590126991272, 0.45306941866874695, -0.8708323240280151, -0.19073277711868286, 0.8257236480712891, 0.32929185032844543, 0.45798176527023315], "cam_t_m2c": [-269.1427001953125, 58.89092254638672, 982.2681274414062], "obj_id": 0}, {"cam_R_m2c": [0.6187132000923157, -0.7563261985778809, -0.21251970529556274, 0.6720035672187805, 0.369380384683609, 0.6418483257293701, -0.4069460928440094, -0.5399340391159058, 0.7367944717407227], "cam_t_m2c": [-17.330810546875, 389.8143310546875, 782.31103515625], "obj_id": 3}, {"cam_R_m2c": [-0.3989255726337433, -0.6132477521896362, 0.6817517280578613, 0.47770747542381287, -0.773600697517395, -0.4163380265235901, 0.7827220559120178, 0.1595900058746338, 0.6015622615814209], "cam_t_m2c": [-315.1390075683594, 207.86509704589844, 831.961181640625], "obj_id": 0}, {"cam_R_m2c": [-0.03752798214554787, 0.992885947227478, 0.11300067603588104, 0.8545442819595337, -0.02673320472240448, 0.5186900496482849, 0.5180209279060364, 0.11602946370840073, -0.8474618196487427], "cam_t_m2c": [-144.72616577148438, 195.4600830078125, 989.2090454101562], "obj_id": 2}, {"cam_R_m2c": [-0.4298999011516571, -0.8042794466018677, 0.41026878356933594, -0.5835157036781311, 0.5942494869232178, 0.5535132884979248, -0.6889814138412476, -0.0014429204165935516, -0.7247774600982666], "cam_t_m2c": [-202.92376708984375, 303.0002136230469, 869.274169921875], "obj_id": 0}, {"cam_R_m2c": [-0.037527382373809814, 0.42943650484085083, -0.9023169875144958, 0.8545446991920471, 0.4818686246871948, 0.19379344582557678, 0.5180202126502991, -0.7637977004051208, -0.3850559592247009], "cam_t_m2c": [-56.50594711303711, 205.99569702148438, 1008.5889282226562], "obj_id": 2}, {"cam_R_m2c": [-0.03752647340297699, -0.9418633580207825, 0.33389365673065186, 0.8545452356338501, -0.20345361530780792, -0.47786909341812134, 0.5180193185806274, 0.267394483089447, 0.8124999403953552], "cam_t_m2c": [-319.83477783203125, 229.77899169921875, 900.6073608398438], "obj_id": 2}],
  "4": [{"cam_R_m2c": [0.41682329773902893, -0.905195951461792, -0.08293687552213669, 0.4408063292503357, 0.12149767577648163, 0.8893412947654724, -0.7949515581130981, -0.40725722908973694, 0.4496592581272125], "cam_t_m2c": [-411.6024169921875, 366.76898193359375, 747.9220581054688], "obj_id": 1}, {"cam_R_m2c": [-0.2340298444032669, 0.03749919310212135, -0.971505880355835, 0.8140760064125061, 0.5538504719734192, -0.1747279316186905, 0.5315167903900146, -0.8317712545394897, -0.16014470160007477], "cam_t_m2c": [-342.74212646484375, 145.27841186523438, 879.711669921875], "obj_id": 0}, {"cam_R_m2c": [-0.29853808879852295, -0.948729932308197, -0.10385739803314209, 0.31360310316085815, 0.005264182109385729, -0.9495394825935364, 0.9014033079147339, -0.31604379415512085, 0.2959532141685486], "cam_t_m2c": [-290.7459716796875, 369.2378845214844, 732.664306640625], "obj_id": 1}, {"cam_R_m2c": [-0.9366678595542908, -0.3501751720905304, -0.005535145755857229, -0.3500640094280243, 0.9366066455841064, -0.014937752857804298, 0.010415084660053253, -0.01205405779182911, -0.9998731017112732], "cam_t_m2c": [-486.5164794921875, 126.44197082519531, 885.1398315429688], "obj_id": 3}, {"cam_R_m2c": [-0.0440932922065258, 0.7870684862136841, -0.6152876019477844, 0.7784134745597839, 0.4131116271018982, 0.47266387939453125, 0.626201331615448, -0.4581068754196167, -0.6308801770210266], "cam_t_m2c": [-341.4297790527344, 224.4966583251953, 808.23974609375], "obj_id": 0}, {"cam_R_m2c": [-0.33601853251457214, -0.36499008536338806, 0.8682590126991272, 0.45306941866874695, -0.8708323240280151, -0.19073277711868286, 0.8257236480712891, 0.32929185032844543, 0.45798176527023315], "cam_t_m2c": [-269.1427001953125, 58.89092254638672, 982.2681274414062], "obj_id": 0}, {"cam_R_m2c": [0.6187132000923157, -0.7563261985778809, -0.21251970529556274, 0.6720035672187805, 0.369380384683609, 0.6418483257293701, -0.4069460928440094, -0.5399340391159058, 0.7367944717407227], "cam_t_m2c": [-17.330810546875, 389.8143310546875, 782.31103515625], "obj_id": 3}, {"cam_R_m2c": [-0.3989255726337433, -0.6132477521896362, 0.6817517280578613, 0.47770747542381287, -0.773600697517395, -0.4163380265235901, 0.7827220559120178, 0.1595900058746338, 0.6015622615814209], "cam_t_m2c": [-315.1390075683594, 207.86509704589844, 831.961181640625], "obj_id": 0}, {"cam_R_m2c": [-0.03752798214554787, 0.992885947227478, 0.11300067603588104, 0.8545442819595337, -0.02673320472240448, 0.5186900496482849, 0.5180209279060364, 0.11602946370840073, -0.8474618196487427], "cam_t_m2c": [-144.72616577148438, 195.4600830078125, 989.2090454101562], "obj_id": 2}, {"cam_R_m2c": [-0.4298999011516571, -0.8042794466018677, 0.41026878356933594, -0.5835157036781311, 0.5942494869232178, 0.5535132884979248, -0.6889814138412476, -0.0014429204165935516, -0.7247774600982666], "cam_t_m2c": [-202.92376708984375, 303.0002136230469, 869.274169921875], "obj_id": 0}, {"cam_R_m2c": [-0.037527382373809814, 0.42943650484085083, -0.9023169875144958, 0.8545446991920471, 0.4818686246871948, 0.19379344582557678, 0.5180202126502991, -0.7637977004051208, -0.3850559592247009], "cam_t_m2c": [-56.50594711303711, 205.99569702148438, 1008.5889282226562], "obj_id": 2}, {"cam_R_m2c": [-0.03752647340297699, -0.9418633580207825, 0.33389365673065186, 0.8545452356338501, -0.20345361530780792, -0.47786909341812134, 0.5180193185806274, 0.267394483089447, 0.8124999403953552], "cam_t_m2c": [-319.83477783203125, 229.77899169921875, 900.6073608398438], "obj_id": 2}]
}