{
  "0": [{"cam_R_m2c": [-0.41237643361091614, 0.15923696756362915, 0.8969889879226685, 0.9075306057929993, 0.15781864523887634, 0.3892062306404114, -0.07958554476499557, 0.9745444059371948, -0.20959308743476868], "cam_t_m2c": [267.70025634765625, 296.33917236328125, 650.878173828125], "obj_id": 3}, {"cam_R_m2c": [0.9721836447715759, 0.042535778135061264, -0.2303251475095749, 0.21458007395267487, -0.5559250712394714, 0.8030583262443542, -0.09388482570648193, -0.8301433324813843, -0.5495886206626892], "cam_t_m2c": [288.9971008300781, 4.046703815460205, 590.8776245117188], "obj_id": 3}, {"cam_R_m2c": [-0.09075287729501724, -0.940056562423706, -0.3287211060523987, 0.8598858714103699, 0.09253742545843124, -0.5020290017127991, 0.5023546814918518, -0.32822319865226746, 0.7999433279037476], "cam_t_m2c": [86.01634216308594, 18.280052185058594, 641.4149780273438], "obj_id": 3}, {"cam_R_m2c": [0.8673734664916992, -0.16377869248390198, 0.46993589401245117, -0.4802030622959137, -0.5233369469642639, 0.7039341330528259, 0.13064543902873993, -0.8362385034561157, -0.5325756072998047], "cam_t_m2c": [343.1643981933594, 28.443880081176758, 590.2344970703125], "obj_id": 3}, {"cam_R_m2c": [-0.7255618572235107, 0.39764025807380676, 0.5616423487663269, -0.6236926317214966, -0.035085130482912064, -0.7808818817138672, -0.29080477356910706, -0.9168703556060791, 0.2734617590904236], "cam_t_m2c": [450.59539794921875, 107.21370697021484, 648.9749755859375], "obj_id": 3}, {"cam_R_m2c": [-0.9759666919708252, 0.08180931955575943, 0.20198075473308563, -0.19306012988090515, 0.1053147092461586, -0.9755186438560486, -0.10107805579900742, -0.9910681247711182, -0.08698950707912445], "cam_t_m2c": [284.8796691894531, 249.10069274902344, 814.701171875], "obj_id": 3}, {"cam_R_m2c": [-0.2929455041885376, 0.5366130471229553, -0.791346549987793, 0.4671613872051239, 0.8024692535400391, 0.3712187111377716, 0.8342320919036865, -0.26093971729278564, -0.48576465249061584], "cam_t_m2c": [180.07691955566406, 306.95233154296875, 807.9031982421875], "obj_id": 3}, {"cam_R_m2c": [0.1618310809135437, -0.9384447932243347, -0.3051752746105194, 0.08528432995080948, 0.3213950991630554, -0.9430968761444092, 0.9831262230873108, 0.1265956610441208, 0.1320464015007019], "cam_t_m2c": [255.07691955566406, 327.7762145996094, 676.9373779296875], "obj_id": 3}, {"cam_R_m2c": [0.7474616169929504, 0.6617884635925293, -0.05776796489953995, -0.529135525226593, 0.6456930041313171, 0.5505416393280029, 0.40164250135421753, -0.3809416890144348, 0.8328065276145935], "cam_t_m2c": [317.17987060546875, -18.19333267211914, 524.7215576171875], "obj_id": 3}, {"cam_R_m2c": [0.8214860558509827, -0.4984786808490753, -0.27691081166267395, -0.5631417036056519, -0.7855191230773926, -0.25657525658607483, -0.08962146937847137, 0.3667130172252655, -0.9260072112083435], "cam_t_m2c": [256.01910400390625, 33.08689498901367, 645.7467041015625], "obj_id": 3}, {"cam_R_m2c": [-0.3609375059604645, -0.09610266238451004, 0.9276250600814819, -0.9076704382896423, -0.19220168888568878, -0.37308546900749207, 0.21414566040039062, -0.9766384363174438, -0.017856687307357788], "cam_t_m2c": [63.42707443237305, 95.44049835205078, 847.4607543945312], "obj_id": 3}, {"cam_R_m2c": [-0.6543077230453491, 0.22493751347064972, -0.7220003604888916, 0.5499456524848938, 0.7968681454658508, -0.25012192130088806, 0.5190773010253906, -0.5607176423072815, -0.6451003551483154], "cam_t_m2c": [230.9581298828125, 225.04745483398438, 800.875732421875], "obj_id": 3}, {"cam_R_m2c": [0.7335483431816101, -0.3881344497203827, -0.5579054355621338, 0.670117199420929, 0.5499703288078308, 0.498473197221756, 0.11335683614015579, -0.7395161986351013, 0.663525402545929], "cam_t_m2c": [192.30264282226562, 405.5614013671875, 769.3819580078125], "obj_id": 3}, {"cam_R_m2c": [0.004782303236424923, -0.7960351705551147, -0.605231523513794, -0.35555320978164673, 0.5643352270126343, -0.7450554966926575, 0.9346438050270081, 0.2187551110982895, -0.2803340554237366], "cam_t_m2c": [223.4521942138672, 441.56365966796875, 707.14453125], "obj_id": 3}, {"cam_R_m2c": [-0.30938786268234253, -0.8954383134841919, -0.3201085329055786, 0.6645106673240662, -0.4443761110305786, 0.6007958054542542, -0.6802241206169128, -0.026836631819605827, 0.7325127720832825], "cam_t_m2c": [133.93048095703125, 158.64413452148438, 837.4324951171875], "obj_id": 3}, {"cam_R_m2c": [0.994159460067749, -0.10480457544326782, 0.02574838139116764, -0.10645277053117752, -0.9130901098251343, 0.3936167359352112, -0.01774224452674389, -0.39405879378318787, -0.9189139008522034], "cam_t_m2c": [283.9892883300781, 120.74207305908203, 879.3026123046875], "obj_id": 3}, {"cam_R_m2c": [0.8706292510032654, -0.4606001377105713, -0.17277802526950836, 0.47452330589294434, 0.693678081035614, 0.5418840646743774, -0.12973953783512115, -0.5537673234939575, 0.8225018978118896], "cam_t_m2c": [144.22598266601562, 66.10228729248047, 520.6034545898438], "obj_id": 3}, {"cam_R_m2c": [0.278700590133667, -0.3814820349216461, -0.8813611268997192, -0.9601643085479736, -0.09132013469934464, -0.2640930712223053, 0.02026074007153511, 0.9198544025421143, -0.3917364180088043], "cam_t_m2c": [147.6081085205078, 312.20208740234375, 729.3702392578125], "obj_id": 3}, {"cam_R_m2c": [-0.14634816348552704, -0.7405564785003662, -0.6558644771575928, -0.06648769974708557, -0.6541401147842407, 0.7534454464912415, -0.9869962334632874, 0.1538722962141037, 0.046494342386722565], "cam_t_m2c": [170.8999786376953, -56.959224700927734, 542.923095703125], "obj_id": 3}, {"cam_R_m2c": [-0.15593349933624268, -0.6193020939826965, 0.7695127129554749, -0.8312862515449524, -0.33850741386413574, -0.4408811032772064, 0.5335242748260498, -0.7084333896636963, -0.4620327353477478], "cam_t_m2c": [55.37308883666992, 188.50990295410156, 472.71282958984375], "obj_id": 3}, {"cam_R_m2c": [-0.144321009516716, -0.9267321825027466, -0.34689876437187195, -0.4780527949333191, 0.37224218249320984, -0.7955508828163147, 0.866392970085144, 0.051021162420511246, -0.49674925208091736], "cam_t_m2c": [432.18365478515625, 56.78763198852539, 514.5433349609375], "obj_id": 3}, {"cam_R_m2c": [-0.54083651304245, -0.8034741878509521, 0.24884720146656036, -0.8229911923408508, 0.5665913820266724, 0.040738966315984726, -0.1737273782491684, -0.18276594579219818, -0.9676854610443115], "cam_t_m2c": [36.05496597290039, 163.81991577148438, 624.9368286132812], "obj_id": 3}, {"cam_R_m2c": [0.7826233506202698, -0.07113102823495865, 0.6184181571006775, -0.5234549045562744, 0.46244949102401733, 0.7156363725662231, -0.33689114451408386, -0.8837878108024597, 0.3246898949146271], "cam_t_m2c": [155.6844940185547, 333.85162353515625, 818.9494018554688], "obj_id": 3}, {"cam_R_m2c": [-0.21087850630283356, -0.16014845669269562, -0.9643043279647827, -0.809202253818512, -0.5248166918754578, 0.26411986351013184, -0.5483813285827637, 0.8360143899917603, -0.01892000436782837], "cam_t_m2c": [246.3450927734375, 316.7772216796875, 826.9930419921875], "obj_id": 3}, {"cam_R_m2c": [-0.766598105430603, -0.3048214316368103, -0.5651646852493286, -0.587390124797821, -0.02269476093351841, 0.8089855909347534, -0.2594224512577057, 0.9521390795707703, -0.16165131330490112], "cam_t_m2c": [167.86459350585938, 336.2812194824219, 756.010986328125], "obj_id": 3}, {"cam_R_m2c": [-0.5660721659660339, -0.8241113424301147, -0.020069535821676254, -0.6920134425163269, 0.4618240296840668, 0.5548296570777893, -0.44797283411026, 0.3279620409011841, -0.831721842288971], "cam_t_m2c": [341.5269470214844, 178.3192596435547, 471.1385498046875], "obj_id": 3}, {"cam_R_m2c": [0.4264560043811798, -0.4599098563194275, 0.7788569927215576, -0.885040283203125, -0.03447957709431648, 0.46423572301864624, -0.18665191531181335, -0.8872959017753601, -0.4217427968978882], "cam_t_m2c": [81.46241760253906, 225.63868713378906, 635.5767822265625], "obj_id": 3}, {"cam_R_m2c": [-0.4263467788696289, -0.7907320857048035, 0.43928495049476624, -0.8696791529655457, 0.22476649284362793, -0.43947502970695496, 0.24877044558525085, -0.5694056749343872, -0.7835116982460022], "cam_t_m2c": [36.42538833618164, -7.737062454223633, 553.4309692382812], "obj_id": 3}, {"cam_R_m2c": [0.8319305777549744, -0.5548629760742188, 0.00431576045230031, 0.13600507378578186, 0.21144665777683258, 0.9678806662559509, -0.5379536747932434, -0.8046225309371948, 0.2513731122016907], "cam_t_m2c": [17.110157012939453, 114.43135833740234, 879.3585815429688], "obj_id": 1}, {"cam_R_m2c": [-0.8945147395133972, -0.4365922808647156, -0.09607617557048798, 0.28754374384880066, -0.39736586809158325, -0.8714464902877808, 0.34228941798210144, -0.8071478009223938, 0.4809889495372772], "cam_t_m2c": [374.9552917480469, 134.74179077148438, 625.2466430664062], "obj_id": 1}, {"cam_R_m2c": [-0.14798517525196075, 0.9861158132553101, 0.07533715665340424, -0.11953984200954437, -0.09345238655805588, 0.9884212613105774, 0.9817384481430054, 0.13726602494716644, 0.13170985877513885], "cam_t_m2c": [200.3203125, 339.3291320800781, 661.3744506835938], "obj_id": 1}, {"cam_R_m2c": [-0.06706276535987854, -0.3672124445438385, -0.9277163147926331, -0.3480221927165985, -0.8628031015396118, 0.36667606234550476, -0.9350845217704773, 0.3474561870098114, -0.06993608921766281], "cam_t_m2c": [397.35296630859375, 120.38805389404297, 510.0113830566406], "obj_id": 1}, {"cam_R_m2c": [-0.5102511048316956, -0.40794187784194946, 0.757117748260498, 0.6987720131874084, 0.31655359268188477, 0.6414915919303894, -0.5013596415519714, 0.8563745021820068, 0.12353652715682983], "cam_t_m2c": [8.451135635375977, 171.03720092773438, 868.8694458007812], "obj_id": 1}, {"cam_R_m2c": [-0.7622901797294617, 0.5649381875991821, -0.3158455193042755, -0.09316153824329376, -0.5786810517311096, -0.810215413570404, -0.6404954791069031, -0.5881946682929993, 0.4937535226345062], "cam_t_m2c": [-65.43559265136719, 170.0780029296875, 603.9091796875], "obj_id": 1}, {"cam_R_m2c": [0.8859050273895264, -0.42210590839385986, -0.1923508495092392, 0.46183499693870544, 0.7638511657714844, 0.45082125067710876, -0.043366894125938416, -0.48821917176246643, 0.8716428875923157], "cam_t_m2c": [5.133477687835693, 275.0808410644531, 831.8587646484375], "obj_id": 1}, {"cam_R_m2c": [0.9946007132530212, 0.09065046906471252, -0.05051611363887787, -0.10375749319791794, 0.8595508337020874, -0.5004066228866577, -0.0019409266533330083, 0.5029461979866028, 0.8643155097961426], "cam_t_m2c": [264.6691589355469, 20.227848052978516, 655.8232421875], "obj_id": 1}, {"cam_R_m2c": [0.5690429210662842, 0.5374584197998047, -0.6223572492599487, -0.7759203314781189, 0.10033893585205078, -0.6227997541427612, -0.2722823917865753, 0.8372994661331177, 0.47412216663360596], "cam_t_m2c": [148.6422882080078, 35.242652893066406, 601.3087158203125], "obj_id": 1}, {"cam_R_m2c": [-0.4375118017196655, 0.051655400544404984, -0.8977277278900146, -0.8752151131629944, 0.2046416699886322, 0.4383152723312378, 0.20635385811328888, 0.9774730205535889, -0.044323548674583435], "cam_t_m2c": [-3.3702847957611084, 127.81396484375, 850.39794921875], "obj_id": 1}, {"cam_R_m2c": [0.480652391910553, -0.05449775233864784, 0.8752161264419556, -0.3743128180503845, -0.9153231978416443, 0.1485704779624939, 0.7930089235305786, -0.3990153670310974, -0.46035143733024597], "cam_t_m2c": [292.70721435546875, 290.1952209472656, 606.0460815429688], "obj_id": 1}, {"cam_R_m2c": [-0.8589931726455688, 0.41451969742774963, -0.30050593614578247, 0.39528635144233704, 0.9099719524383545, 0.12529848515987396, 0.32539066672325134, -0.011155351996421814, -0.9455136656761169], "cam_t_m2c": [304.8053894042969, 122.66120147705078, 808.6923828125], "obj_id": 1}, {"cam_R_m2c": [-0.5146706700325012, -0.8361923098564148, 0.1894640475511551, 0.8458974957466125, -0.45916369557380676, 0.27134156227111816, -0.13989870250225067, 0.29991868138313293, 0.9436509609222412], "cam_t_m2c": [-73.71265411376953, 247.2318115234375, 828.6331176757812], "obj_id": 1}, {"cam_R_m2c": [-0.12037136405706406, -0.9163196086883545, -0.3819281756877899, 0.6990067958831787, 0.19495075941085815, -0.688028872013092, 0.7049115300178528, -0.3497893512248993, 0.617047131061554], "cam_t_m2c": [108.97904968261719, -36.286590576171875, 532.9573364257812], "obj_id": 1}, {"cam_R_m2c": [-0.6390461921691895, -0.32701602578163147, 0.6961896419525146, -0.7008154988288879, -0.1254584938287735, -0.7022232413291931, 0.3169812858104706, -0.9366538524627686, -0.14900393784046173], "cam_t_m2c": [304.35357666015625, 265.3417053222656, 838.878662109375], "obj_id": 1}, {"cam_R_m2c": [-0.11159925162792206, -0.9937381744384766, 0.005458913743495941, 0.06189638376235962, -0.012433389201760292, -0.9980050325393677, 0.991823673248291, -0.11103882640600204, 0.06289646029472351], "cam_t_m2c": [344.5537414550781, 170.52040100097656, 744.4144287109375], "obj_id": 1}, {"cam_R_m2c": [-0.9459770321846008, -0.020565105602145195, -0.3235802948474884, -0.055704936385154724, 0.9934557676315308, 0.09971273690462112, 0.31941208243370056, 0.11235100030899048, -0.9409319162368774], "cam_t_m2c": [162.5177001953125, 321.7576599121094, 708.593505859375], "obj_id": 1}, {"cam_R_m2c": [0.876163899898529, -0.40635064244270325, -0.2592604160308838, 0.47690728306770325, 0.8088879585266113, 0.34388911724090576, 0.06997304409742355, -0.4249464273452759, 0.9025099873542786], "cam_t_m2c": [200.856689453125, 213.29580688476562, 856.3704833984375], "obj_id": 1}, {"cam_R_m2c": [-0.4975074231624603, 0.744728147983551, -0.4448215961456299, -0.7511385679244995, -0.6263434290885925, -0.20852980017662048, -0.4339090883731842, 0.23037753999233246, 0.8710046410560608], "cam_t_m2c": [299.23162841796875, 232.77847290039062, 756.3053588867188], "obj_id": 1}, {"cam_R_m2c": [0.7047622203826904, 0.2509188652038574, -0.6635887026786804, 0.6796936392784119, -0.506837785243988, 0.5302188992500305, -0.20328989624977112, -0.824715256690979, -0.5277480483055115], "cam_t_m2c": [287.1270446777344, -45.091983795166016, 534.9033203125], "obj_id": 1}, {"cam_R_m2c": [-0.026568204164505005, 0.7930259108543396, 0.6086081266403198, -0.42103755474090576, 0.5433096289634705, -0.7263208627700806, -0.9066539406776428, -0.2755439877510071, 0.3194589912891388], "cam_t_m2c": [60.19095230102539, 60.132869720458984, 631.1524658203125], "obj_id": 1}, {"cam_R_m2c": [0.19138509035110474, 0.9618398547172546, 0.19553938508033752, -0.1371765434741974, -0.17105479538440704, 0.9756652116775513, 0.9718817472457886, -0.2135510891675949, 0.0992046669125557], "cam_t_m2c": [163.13856506347656, 212.48541259765625, 624.6754150390625], "obj_id": 1}, {"cam_R_m2c": [-0.38425517082214355, 0.4145957827568054, -0.8248990774154663, -0.6900450587272644, 0.4646131098270416, 0.5549527406692505, 0.6133400201797485, 0.7824608683586121, 0.10755971819162369], "cam_t_m2c": [179.35545349121094, -49.49209976196289, 663.0638427734375], "obj_id": 1}, {"cam_R_m2c": [-0.33581072092056274, -0.6941753625869751, 0.6366722583770752, -0.8174855709075928, 0.5505629777908325, 0.16910864412784576, -0.4679192006587982, -0.4636818766593933, -0.7523633241653442], "cam_t_m2c": [311.5620422363281, 55.4592170715332, 568.12158203125], "obj_id": 1}, {"cam_R_m2c": [0.624109148979187, 0.7431084513664246, 0.24140775203704834, -0.7385444045066833, 0.4602165222167969, 0.49269965291023254, 0.2550294101238251, -0.4857887029647827, 0.8360438942909241], "cam_t_m2c": [188.95970153808594, -84.18609619140625, 705.0433959960938], "obj_id": 1}, {"cam_R_m2c": [-0.8717884421348572, -0.31275221705436707, 0.37705549597740173, -0.1461154967546463, 0.9006577730178833, 0.4092259407043457, -0.4675842821598053, 0.301664799451828, -0.8308809995651245], "cam_t_m2c": [149.83285522460938, -34.81693649291992, 674.6057739257812], "obj_id": 1}, {"cam_R_m2c": [-0.5403034687042236, 0.5315659046173096, 0.6523110866546631, -0.582387387752533, 0.323311448097229, -0.7458515763282776, -0.6073688864707947, -0.7828840017318726, 0.13489103317260742], "cam_t_m2c": [226.3640899658203, 253.2620086669922, 784.4640502929688], "obj_id": 1}, {"cam_R_m2c": [0.8032801747322083, 0.4919443428516388, 0.33575543761253357, 0.56704181432724, -0.8041336536407471, -0.17841702699661255, 0.18222101032733917, 0.33370622992515564, -0.9248976707458496], "cam_t_m2c": [39.227272033691406, 252.20767211914062, 635.102294921875], "obj_id": 1}, {"cam_R_m2c": [-0.7757560014724731, -0.3056044280529022, -0.5520948171615601, 0.04991273954510689, -0.9018813371658325, 0.42909079790115356, -0.6290560364723206, 0.3053131401538849, 0.7148932814598083], "cam_t_m2c": [123.21869659423828, 281.6556701660156, 544.6474609375], "obj_id": 1}, {"cam_R_m2c": [-0.20008628070354462, 0.645863950252533, -0.7367666363716125, -0.8613705635070801, -0.4743069112300873, -0.18186123669147491, -0.4669111967086792, 0.5982412099838257, 0.6512306332588196], "cam_t_m2c": [116.79898834228516, 77.47665405273438, 657.3842163085938], "obj_id": 1}, {"cam_R_m2c": [-0.6994197368621826, -0.4880776107311249, -0.5221034288406372, 0.5774474740028381, 0.04455513134598732, -0.8152110576629639, 0.4211486577987671, -0.8716621994972229, 0.25067657232284546], "cam_t_m2c": [187.77545166015625, 101.49365234375, 506.10052490234375], "obj_id": 1}, {"cam_R_m2c": [0.7849075794219971, -0.5558416843414307, 0.27378836274147034, -0.4016781747341156, -0.7929079532623291, -0.45820459723472595, 0.4717782139778137, 0.24967345595359802, -0.8456289172172546], "cam_t_m2c": [346.0730285644531, 206.32911682128906, 771.2154541015625], "obj_id": 1}, {"cam_R_m2c": [0.9641827344894409, -0.07731427252292633, -0.25372064113616943, -0.16508056223392487, 0.5738012790679932, -0.8021848797798157, 0.20760557055473328, 0.8153371214866638, 0.540486216545105], "cam_t_m2c": [312.200927734375, 89.38414001464844, 831.2286376953125], "obj_id": 1}, {"cam_R_m2c": [-0.14439664781093597, -0.7748938202857971, -0.6153773069381714, -0.5610579252243042, 0.5763804912567139, -0.5941376686096191, 0.8150850534439087, 0.2594708502292633, -0.5179877281188965], "cam_t_m2c": [175.76568603515625, 306.66387939453125, 706.5261840820312], "obj_id": 1}, {"cam_R_m2c": [-0.7701084613800049, 0.59780353307724, 0.22262923419475555, 0.55504310131073, 0.799950897693634, -0.2280474305152893, -0.31442001461982727, -0.052052438259124756, -0.9478557109832764], "cam_t_m2c": [262.3620300292969, 175.41172790527344, 512.3334350585938], "obj_id": 1}, {"cam_R_m2c": [-0.28291741013526917, 0.7231461405754089, -0.6300930380821228, 0.1607924848794937, 0.6833945512771606, 0.7121219038963318, 0.9455704092979431, 0.10015751421451569, -0.3096206486225128], "cam_t_m2c": [76.64591217041016, -16.58223533630371, 585.1337280273438], "obj_id": 1}, {"cam_R_m2c": [-0.8929150104522705, -0.42859867215156555, -0.13786154985427856, -0.3587695360183716, 0.4923606216907501, 0.7930103540420532, -0.2720055878162384, 0.7575514316558838, -0.5934042930603027], "cam_t_m2c": [212.30892944335938, 252.37503051757812, 825.5201416015625], "obj_id": 1}, {"cam_R_m2c": [0.6403323411941528, 0.3638691306114197, -0.6764419674873352, -0.5519031286239624, -0.39453965425491333, -0.734670877456665, -0.534207284450531, 0.8437640070915222, -0.05181596800684929], "cam_t_m2c": [119.95729064941406, -58.85578536987305, 726.0550537109375], "obj_id": 1}, {"cam_R_m2c": [-0.8253099322319031, -0.5081852674484253, 0.24619340896606445, -0.5437544584274292, 0.8328045010566711, -0.10376786440610886, -0.15229767560958862, -0.21950942277908325, -0.9636498093605042], "cam_t_m2c": [335.2615661621094, -32.649349212646484, 558.487548828125], "obj_id": 1}, {"cam_R_m2c": [-0.22151611745357513, -0.5650487542152405, 0.7947644591331482, -0.7585963606834412, 0.6119722723960876, 0.22365474700927734, -0.6127496361732483, -0.5533623099327087, -0.5642056465148926], "cam_t_m2c": [84.06756591796875, 20.480335235595703, 556.597900390625], "obj_id": 1}, {"cam_R_m2c": [-0.4138113856315613, -0.7039159536361694, 0.5772886872291565, 0.8345962166786194, -0.04006321728229523, 0.5494032502174377, -0.36360564827919006, 0.7091524004936218, 0.604064404964447], "cam_t_m2c": [107.82936096191406, 255.43800354003906, 723.791015625], "obj_id": 1}, {"cam_R_m2c": [-0.49455517530441284, 0.5714640617370605, 0.6548618078231812, -0.8617792725563049, -0.42030638456344604, -0.2840406596660614, 0.11292358487844467, -0.7048200964927673, 0.7003405690193176], "cam_t_m2c": [190.16867065429688, 131.79151916503906, 647.551513671875], "obj_id": 1}, {"cam_R_m2c": [-0.6964080929756165, -0.42315441370010376, 0.5796173810958862, -0.29812923073768616, -0.5640861988067627, -0.7700167894363403, 0.6527901291847229, -0.7090467214584351, 0.2666793763637543], "cam_t_m2c": [324.4571228027344, 97.88868713378906, 606.9242553710938], "obj_id": 1}, {"cam_R_m2c": [-0.0912746787071228, 0.9850512742996216, -0.1460917741060257, -0.9852114915847778, -0.06796237826347351, 0.15728768706321716, 0.14500769972801208, 0.1582876741886139, 0.9766871333122253], "cam_t_m2c": [137.8349151611328, 250.60585021972656, 770.5671997070312], "obj_id": 1}, {"cam_R_m2c": [-0.3314601480960846, 0.5007612705230713, -0.7996075749397278, 0.51137775182724, -0.6168700456619263, -0.5983009934425354, -0.7928599715232849, -0.6072145104408264, -0.05161028355360031], "cam_t_m2c": [12.542130470275879, 212.0980682373047, 783.88623046875], "obj_id": 1}, {"cam_R_m2c": [0.575179934501648, -0.8070379495620728, -0.1336330622434616, -0.6537182331085205, -0.5516778230667114, 0.5179807543754578, -0.4917525053024292, -0.21057376265525818, -0.8448894023895264], "cam_t_m2c": [277.16082763671875, 49.441993713378906, 570.7299194335938], "obj_id": 1}, {"cam_R_m2c": [-0.539231538772583, 0.2152046263217926, -0.8141965866088867, 0.8003462553024292, 0.43179842829704285, -0.4159277677536011, 0.26205921173095703, -0.8759206533432007, -0.4050775170326233], "cam_t_m2c": [133.58795166015625, -24.927459716796875, 694.65966796875], "obj_id": 1}, {"cam_R_m2c": [0.16011221706867218, -0.9157577157020569, -0.3684450685977936, -0.8319980502128601, -0.3260570466518402, 0.44884946942329407, -0.5311715602874756, 0.23467935621738434, -0.8141142725944519], "cam_t_m2c": [97.77655029296875, 267.6256103515625, 753.05224609375], "obj_id": 1}, {"cam_R_m2c": [-0.8010604381561279, 0.5825838446617126, 0.13747088611125946, -0.24937662482261658, -0.5335911512374878, 0.8081409335136414, 0.5441631078720093, 0.6130877137184143, 0.572721540927887], "cam_t_m2c": [276.38568115234375, 267.7314147949219, 510.4433288574219], "obj_id": 1}, {"cam_R_m2c": [0.5229372382164001, 0.08494368940591812, -0.8481280207633972, 0.8430215716362, -0.1985142081975937, 0.49990665912628174, -0.12590157985687256, -0.9764100313186646, -0.17541982233524323], "cam_t_m2c": [308.1032409667969, -7.841344833374023, 552.4376831054688], "obj_id": 1}, {"cam_R_m2c": [0.8473240733146667, 0.14402906596660614, -0.5111727714538574, 0.35765060782432556, 0.5567774772644043, 0.7497232556343079, 0.3925914168357849, -0.8180797696113586, 0.42025884985923767], "cam_t_m2c": [340.09130859375, -17.295801162719727, 605.0762939453125], "obj_id": 1}, {"cam_R_m2c": [0.21406419575214386, 0.3930909037590027, -0.8942348957061768, -0.3479587733745575, -0.8247193098068237, -0.44582822918891907, -0.9127438068389893, 0.4065927565097809, -0.03976346179842949], "cam_t_m2c": [351.1683654785156, 153.7010040283203, 466.4938049316406], "obj_id": 1}, {"cam_R_m2c": [0.3856593668460846, 0.13783515989780426, 0.9122874140739441, 0.1921863555908203, 0.9550880789756775, -0.2255464494228363, -0.9024030566215515, 0.2623133063316345, 0.34184861183166504], "cam_t_m2c": [326.3229064941406, 104.81822204589844, 610.1502075195312], "obj_id": 1}, {"cam_R_m2c": [-0.5409235954284668, 0.7646586894989014, -0.3502834737300873, -0.760831892490387, -0.2673351466655731, 0.591326117515564, 0.3585195541381836, 0.5863691568374634, 0.7263848185539246], "cam_t_m2c": [293.8462829589844, 126.84584045410156, 723.1997680664062], "obj_id": 1}, {"cam_R_m2c": [-0.46967723965644836, 0.5795037150382996, 0.6660171747207642, -0.8264957070350647, -0.02343636006116867, -0.5624550580978394, -0.31033581495285034, -0.8146325945854187, 0.4899647533893585], "cam_t_m2c": [252.6670379638672, 331.4138488769531, 818.1038208007812], "obj_id": 3}, {"cam_R_m2c": [0.6115005612373352, -0.6744014620780945, 0.41382327675819397, 0.030562859028577805, -0.5024809837341309, -0.8640478849411011, 0.7906535267829895, 0.5410134196281433, -0.2866557538509369], "cam_t_m2c": [145.53240966796875, 72.97753143310547, 862.250244140625], "obj_id": 1}, {"cam_R_m2c": [0.014447279274463654, 0.9385705590248108, 0.3447847366333008, 0.9850519895553589, -0.07255460321903229, 0.15623179078102112, 0.17165029048919678, 0.3373737633228302, -0.9255890250205994], "cam_t_m2c": [219.62484741210938, 238.34710693359375, 455.4506530761719], "obj_id": 1}, {"cam_R_m2c": [0.4309738576412201, -0.6042855381965637, -0.6701496243476868, -0.4903828501701355, 0.4665803909301758, -0.7360892295837402, 0.7574867606163025, 0.6458650827407837, -0.0952473133802414], "cam_t_m2c": [-6.484975337982178, 240.73825073242188, 685.2428588867188], "obj_id": 1}, {"cam_R_m2c": [-0.7719924449920654, -0.2831735908985138, 0.5690694451332092, 0.5936508774757385, -0.001241249032318592, 0.8047216534614563, -0.22716952860355377, 0.9590677618980408, 0.16906465590000153], "cam_t_m2c": [257.2627258300781, 224.00022888183594, 454.83172607421875], "obj_id": 1}, {"cam_R_m2c": [-0.9328532218933105, 0.023272261023521423, 0.35950398445129395, -0.30052322149276733, -0.6005911231040955, -0.7409290671348572, 0.1986718326807022, -0.7992174625396729, 0.5672573447227478], "cam_t_m2c": [211.18756103515625, 245.73301696777344, 855.80712890625], "obj_id": 3}, {"cam_R_m2c": [-0.450754314661026, -0.7588294744491577, -0.47010454535484314, 0.8863636255264282, -0.4428645968437195, -0.13502000272274017, -0.10573551803827286, -0.4775444567203522, 0.8722220659255981], "cam_t_m2c": [114.54026794433594, 252.18560791015625, 574.1221923828125], "obj_id": 1}, {"cam_R_m2c": [0.4187239110469818, 0.634452223777771, 0.6497234106063843, 0.9040088057518005, -0.2232690006494522, -0.3645804524421692, -0.08624574542045593, 0.7400142550468445, -0.6670384407043457], "cam_t_m2c": [-67.9303970336914, 152.5155029296875, 644.12939453125], "obj_id": 1}, {"cam_R_m2c": [0.6292491555213928, -0.49621349573135376, -0.5981786251068115, 0.35832688212394714, 0.8681989312171936, -0.3432672917842865, 0.6896719336509705, 0.001657171524129808, 0.7241200804710388], "cam_t_m2c": [337.67559814453125, 227.0515899658203, 862.3930053710938], "obj_id": 1}, {"cam_R_m2c": [-0.11007144302129745, 0.9800359010696411, -0.16557088494300842, 0.5439010262489319, 0.19882000982761383, 0.815255880355835, 0.8318988680839539, -0.00031770888017490506, -0.554926872253418], "cam_t_m2c": [166.9062042236328, -92.070556640625, 692.695556640625], "obj_id": 3}, {"cam_R_m2c": [0.44818115234375, -0.757301390171051, 0.4750034213066101, 0.8726507425308228, 0.48591235280036926, -0.04868074133992195, -0.1939440220594406, 0.4363298714160919, 0.8786364197731018], "cam_t_m2c": [123.66740417480469, 51.9953498840332, 543.0646362304688], "obj_id": 1}, {"cam_R_m2c": [-0.28736412525177, 0.6767816543579102, 0.6777820587158203, -0.2307971566915512, -0.735704779624939, 0.6367661952972412, 0.9295991659164429, 0.026553574949502945, 0.36761438846588135], "cam_t_m2c": [408.9793395996094, 136.7541961669922, 880.9146728515625], "obj_id": 1}, {"cam_R_m2c": [-0.5971850752830505, -0.6397748589515686, 0.483795166015625, -0.5322619676589966, -0.1351412534713745, -0.8357235193252563, 0.6000556945800781, -0.756587564945221, -0.2598233222961426], "cam_t_m2c": [227.13217163085938, 117.12955474853516, 828.4271850585938], "obj_id": 3}, {"cam_R_m2c": [-0.23356430232524872, 0.6917985081672668, 0.683273434638977, 0.6506065726280212, 0.6334161162376404, -0.4189213812351227, -0.7226055860519409, 0.3466971218585968, -0.5980320572853088], "cam_t_m2c": [159.29505920410156, 237.56243896484375, 460.6177062988281], "obj_id": 1}, {"cam_R_m2c": [-0.7574695944786072, -0.2689458429813385, 0.5949015021324158, 0.6356703042984009, -0.09603371471166611, 0.7659639120101929, -0.14887219667434692, 0.9583556652069092, 0.24370360374450684], "cam_t_m2c": [85.96247100830078, 164.7665557861328, 535.2759399414062], "obj_id": 3}, {"cam_R_m2c": [-0.5201734304428101, 0.181256502866745, -0.8346050381660461, 0.2141682356595993, 0.9736793041229248, 0.07797826826572418, 0.8267717361450195, -0.13818366825580597, -0.5453014969825745], "cam_t_m2c": [192.50796508789062, 332.5355224609375, 789.9628295898438], "obj_id": 3}, {"cam_R_m2c": [0.20176438987255096, 0.4007852077484131, 0.8936790823936462, 0.9523056149482727, 0.13298895955085754, -0.2746414542198181, -0.22892166674137115, 0.9064684510231018, -0.354837566614151], "cam_t_m2c": [207.40501403808594, 188.2444305419922, 716.09912109375], "obj_id": 3}, {"cam_R_m2c": [0.7738474011421204, 0.3716840445995331, 0.5128461122512817, -0.04540703073143959, -0.7750677466392517, 0.6302444934844971, 0.6317422986030579, -0.5109999179840088, -0.5829070806503296], "cam_t_m2c": [253.97109985351562, 336.631591796875, 810.86083984375], "obj_id": 3}, {"cam_R_m2c": [-0.1977764070034027, -0.523598849773407, 0.8286908864974976, 0.09838660806417465, -0.8517239093780518, -0.5146709680557251, 0.9752970933914185, -0.02025771513581276, 0.21996614336967468], "cam_t_m2c": [322.60540771484375, 132.87777709960938, 621.5390014648438], "obj_id": 1}, {"cam_R_m2c": [0.6112394332885742, -0.6159660816192627, -0.49696290493011475, 0.7880414128303528, 0.41549140214920044, 0.4542660415172577, -0.0733286663889885, -0.669292688369751, 0.7393714785575867], "cam_t_m2c": [296.1571044921875, 96.08705139160156, 884.2279663085938], "obj_id": 3}, {"cam_R_m2c": [-0.36691930890083313, -0.5080059766769409, 0.7792946100234985, 0.07339221239089966, -0.8509206175804138, -0.5201418995857239, 0.9273530840873718, -0.13365596532821655, 0.34950295090675354], "cam_t_m2c": [72.73540496826172, 104.42291259765625, 718.9234619140625], "obj_id": 3}, {"cam_R_m2c": [0.007753076031804085, 0.9900482892990112, -0.14051330089569092, 0.8942580223083496, 0.05601684749126434, 0.44403207302093506, 0.4474843442440033, -0.12909771502017975, -0.8849243521690369], "cam_t_m2c": [324.460205078125, 68.25837707519531, 772.524658203125], "obj_id": 3}, {"cam_R_m2c": [0.7677749991416931, -0.5857959389686584, 0.25954702496528625, 0.47371259331703186, 0.2462344616651535, -0.8455559611320496, 0.43141382932662964, 0.7721474766731262, 0.46655160188674927], "cam_t_m2c": [288.4198303222656, 220.5955352783203, 521.881591796875], "obj_id": 1}, {"cam_R_m2c": [-0.23008881509304047, -0.6632465720176697, 0.7121537327766418, 0.8864515423774719, -0.4448093771934509, -0.12785959243774414, 0.4015751779079437, 0.6018707752227783, 0.6902817487716675], "cam_t_m2c": [438.7850036621094, 72.51610565185547, 572.9710693359375], "obj_id": 3}, {"cam_R_m2c": [-0.7431358098983765, 0.3846396803855896, -0.547541081905365, -0.564523458480835, 0.07893330603837967, 0.8216341733932495, 0.35925233364105225, 0.9196856617927551, 0.15848004817962646], "cam_t_m2c": [187.8760223388672, 272.3717041015625, 731.063232421875], "obj_id": 3}, {"cam_R_m2c": [0.02344539761543274, -0.8847277760505676, 0.4655179977416992, -0.5044426321983337, -0.4124912917613983, -0.7585436105728149, 0.863126814365387, -0.21704280376434326, -0.45596539974212646], "cam_t_m2c": [102.16531372070312, 74.42543029785156, 668.1719970703125], "obj_id": 1}, {"cam_R_m2c": [-0.9411761164665222, 0.10855111479759216, 0.3200063705444336, 0.170380637049675, -0.6653676629066467, 0.7268124222755432, 0.29181820154190063, 0.7385814189910889, 0.6077331900596619], "cam_t_m2c": [380.1657409667969, 113.54447937011719, 685.1717529296875], "obj_id": 1}, {"cam_R_m2c": [-0.2794772684574127, -0.9131707549095154, -0.2966671884059906, -0.888744592666626, 0.36296209692955017, -0.2799847424030304, 0.36335280537605286, 0.1854119598865509, -0.9130151867866516], "cam_t_m2c": [385.0860900878906, 148.64111328125, 529.6008911132812], "obj_id": 1}, {"cam_R_m2c": [0.2544120252132416, 0.7611740231513977, 0.5965638756752014, 0.7275962829589844, -0.5570156574249268, 0.40042102336883545, 0.6370856165885925, 0.3321858048439026, -0.6955388188362122], "cam_t_m2c": [2.316983699798584, 205.43563842773438, 836.0409545898438], "obj_id": 1}, {"cam_R_m2c": [-0.008693268522620201, 0.9829355478286743, -0.18374426662921906, 0.6586518287658691, 0.14388790726661682, 0.7385619878768921, 0.7523974776268005, -0.11460291594266891, -0.6486631631851196], "cam_t_m2c": [438.5057067871094, 64.27332305908203, 512.8583374023438], "obj_id": 1}, {"cam_R_m2c": [0.3412618637084961, -0.7952123880386353, 0.5011761784553528, -0.8443559408187866, -0.0250481516122818, 0.5351967811584473, -0.4130415618419647, -0.6058133244514465, -0.679990291595459], "cam_t_m2c": [157.68370056152344, 272.4262390136719, 779.6767578125], "obj_id": 3}, {"cam_R_m2c": [0.6438590288162231, -0.23420222103595734, 0.7284194231033325, 0.6467869281768799, -0.342033714056015, -0.6816741228103638, 0.408793568611145, 0.9100342392921448, -0.06874256581068039], "cam_t_m2c": [234.30206298828125, 284.3986511230469, 651.712158203125], "obj_id": 3}, {"cam_R_m2c": [0.3031943738460541, 0.8278442621231079, -0.47196081280708313, 0.8048146367073059, 0.04273606091737747, 0.5919856429100037, 0.510241687297821, -0.5593276619911194, -0.653303861618042], "cam_t_m2c": [112.63504028320312, 133.4038543701172, 605.5979614257812], "obj_id": 3}, {"cam_R_m2c": [0.601651132106781, -0.01076471246778965, -0.7986864447593689, -0.7054954171180725, 0.4617181122303009, -0.53767329454422, 0.37455591559410095, 0.8869614005088806, 0.2701987624168396], "cam_t_m2c": [4.188990116119385, 220.68307495117188, 614.4873657226562], "obj_id": 1}, {"cam_R_m2c": [-0.5374385714530945, 0.7013114094734192, -0.4683184027671814, 0.6025007367134094, -0.06923777610063553, -0.7951093912124634, -0.5900446176528931, -0.7094846367835999, -0.38532960414886475], "cam_t_m2c": [271.963134765625, 163.86476135253906, 707.0385131835938], "obj_id": 3}, {"cam_R_m2c": [-0.4582749307155609, 0.3261190950870514, 0.8268194794654846, -0.8851345777511597, -0.25197088718414307, -0.39121291041374207, 0.0807524248957634, -0.9111295342445374, 0.4041312038898468], "cam_t_m2c": [70.23619079589844, 64.74295043945312, 609.7055053710938], "obj_id": 1}, {"cam_R_m2c": [-0.2736346423625946, -0.7433452010154724, 0.6103784441947937, 0.8733167052268982, 0.07390402257442474, 0.4815142750740051, -0.40304070711135864, 0.6648127436637878, 0.628953218460083], "cam_t_m2c": [107.9138412475586, 81.24825286865234, 511.24078369140625], "obj_id": 1}, {"cam_R_m2c": [0.1484544426202774, -0.23589307069778442, 0.9603726863861084, 0.6485306024551392, 0.756367564201355, 0.08553411066532135, -0.7465716600418091, 0.6101332306861877, 0.26527002453804016], "cam_t_m2c": [218.61192321777344, 80.97917175292969, 758.8713989257812], "obj_id": 3}, {"cam_R_m2c": [0.0903073251247406, 0.855747640132904, -0.5094513297080994, 0.5340624451637268, -0.47338202595710754, -0.700490415096283, -0.8406080603599548, -0.20881937444210052, -0.4997725486755371], "cam_t_m2c": [295.2961730957031, 381.20672607421875, 776.7372436523438], "obj_id": 3}, {"cam_R_m2c": [-0.409847229719162, -0.826320469379425, -0.3862893581390381, -0.8959089517593384, 0.44423750042915344, 0.00026779159088619053, 0.17138291895389557, 0.3461898863315582, -0.9223774075508118], "cam_t_m2c": [427.87310791015625, 188.94378662109375, 865.5724487304688], "obj_id": 3}, {"cam_R_m2c": [0.7007617950439453, -0.555163562297821, -0.4480249285697937, 0.6344956755638123, 0.7721022367477417, 0.03568384051322937, 0.32611069083213806, -0.30927574634552, 0.8933086395263672], "cam_t_m2c": [126.37676239013672, -7.637202739715576, 546.6737670898438], "obj_id": 1}, {"cam_R_m2c": [-0.34685570001602173, -0.4101698398590088, -0.8434759378433228, -0.932499885559082, 0.05428241565823555, 0.35706761479377747, -0.10067250579595566, 0.9103922247886658, -0.401311457157135], "cam_t_m2c": [282.5769348144531, 60.680301666259766, 858.6273803710938], "obj_id": 1}, {"cam_R_m2c": [-0.054293807595968246, 0.9085668325424194, -0.4141959249973297, 0.26574021577835083, -0.3867005407810211, -0.8830880522727966, -0.9625144600868225, -0.15801484882831573, -0.22044716775417328], "cam_t_m2c": [294.2269287109375, 39.92078399658203, 868.5459594726562], "obj_id": 3}, {"cam_R_m2c": [-0.6652804613113403, -0.5955758690834045, 0.45021235942840576, -0.40765514969825745, -0.21541628241539001, -0.8873629570007324, 0.6254751086235046, -0.7738766670227051, -0.09947730600833893], "cam_t_m2c": [249.80577087402344, 247.1887664794922, 707.5618896484375], "obj_id": 3}, {"cam_R_m2c": [-0.5931673049926758, 0.3792787790298462, 0.7101408839225769, 0.09933222830295563, -0.8408575654029846, 0.5320635437965393, 0.7989277839660645, 0.3861425817012787, 0.4610946476459503], "cam_t_m2c": [-38.973167419433594, 261.9253234863281, 841.3191528320312], "obj_id": 3}, {"cam_R_m2c": [0.8815749883651733, 0.2858506739139557, -0.3756526708602905, 0.43510159850120544, -0.1834479570388794, 0.8814948797225952, 0.18306317925453186, -0.9405509233474731, -0.2860972285270691], "cam_t_m2c": [155.8898468017578, 324.3725891113281, 820.354736328125], "obj_id": 3}, {"cam_R_m2c": [0.8240385055541992, 0.486837774515152, -0.2897403836250305, -0.564379870891571, 0.660872757434845, -0.4946943521499634, -0.049354419112205505, 0.5711708664894104, 0.8193460702896118], "cam_t_m2c": [117.2669677734375, -44.9888916015625, 638.9037475585938], "obj_id": 3}, {"cam_R_m2c": [-0.822571337223053, 0.3604467809200287, -0.43983474373817444, -0.41995254158973694, -0.9065521359443665, 0.04246392846107483, -0.38342714309692383, 0.21963933110237122, 0.8970742225646973], "cam_t_m2c": [114.44246673583984, 157.45468139648438, 736.58447265625], "obj_id": 3}, {"cam_R_m2c": [-0.773510754108429, 0.6079407334327698, -0.1791340410709381, 0.5992617607116699, 0.6095480918884277, -0.5189763903617859, -0.20631609857082367, -0.5087820291519165, -0.8358076214790344], "cam_t_m2c": [150.38031005859375, 28.15528678894043, 511.52789306640625], "obj_id": 3}, {"cam_R_m2c": [0.5848272442817688, -0.617541491985321, 0.5259463787078857, 0.8059705495834351, 0.515597403049469, -0.2908105254173279, -0.09158900380134583, 0.5939711928367615, 0.7992556691169739], "cam_t_m2c": [133.28958129882812, 74.07737731933594, 876.39599609375], "obj_id": 1}, {"cam_R_m2c": [-0.9281419515609741, 0.26542702317237854, 0.2609615623950958, -0.2749297022819519, -0.016216300427913666, -0.9613275527954102, -0.25093045830726624, -0.963994562625885, 0.08802486211061478], "cam_t_m2c": [230.4137725830078, -80.96866607666016, 581.7647705078125], "obj_id": 3}, {"cam_R_m2c": [-0.3802097737789154, 0.7609493136405945, -0.5257344245910645, -0.8209322094917297, -0.01581414043903351, 0.570806622505188, 0.4260408878326416, 0.6486185789108276, 0.6307005286216736], "cam_t_m2c": [104.11004638671875, 135.76759338378906, 668.3195190429688], "obj_id": 1}, {"cam_R_m2c": [-0.33776018023490906, 0.6041435599327087, 0.721753716468811, -0.6917155385017395, 0.3607090711593628, -0.625634491443634, -0.6383161544799805, -0.7105627655982971, 0.2960624098777771], "cam_t_m2c": [143.97161865234375, 317.257568359375, 800.7955932617188], "obj_id": 3}, {"cam_R_m2c": [0.8334130048751831, -0.5262355208396912, -0.16881604492664337, 0.07790223509073257, -0.19055236876010895, 0.9785810708999634, -0.5471324920654297, -0.8287133574485779, -0.11781388521194458], "cam_t_m2c": [153.15074157714844, 235.7720184326172, 514.9005126953125], "obj_id": 3}, {"cam_R_m2c": [-0.743558406829834, 0.2975098490715027, 0.5988394618034363, 0.371940553188324, -0.5602162480354309, 0.7401472330093384, 0.5556807518005371, 0.7730754017829895, 0.3058975636959076], "cam_t_m2c": [167.31329345703125, 193.95220947265625, 505.1402587890625], "obj_id": 1}, {"cam_R_m2c": [-0.5609762072563171, -0.21698574721813202, -0.7988883852958679, 0.8144770264625549, -0.3173094093799591, -0.48573824763298035, -0.14809660613536835, -0.9231639504432678, 0.3547331392765045], "cam_t_m2c": [380.38104248046875, 160.46083068847656, 487.9389343261719], "obj_id": 1}, {"cam_R_m2c": [0.9825845956802368, 0.18080951273441315, 0.04284149408340454