{
  "0": [{"cam_R_m2c": [0.35058942437171936, -0.8041931390762329, -0.47995880246162415, 0.4346364736557007, 0.5936686992645264, -0.6772359609603882, 0.8295650482177734, 0.028824159875512123, 0.5576656460762024], "cam_t_m2c": [5919.515625, 29560.912109375, 13681.1396484375], "obj_id": 0}, {"cam_R_m2c": [0.38782528042793274, -0.8617186546325684, -0.3271583020687103, 0.6125374436378479, -0.024277111515402794, 0.7900686860084534, -0.6887593865394592, -0.5068053603172302, 0.518419623374939], "cam_t_m2c": [-239.61273193359375, 358.314208984375, 1000.4639892578125], "obj_id": 0}, {"cam_R_m2c": [-0.6303276419639587, -0.009742297232151031, -0.7762680053710938, 0.21422968804836273, -0.9632784128189087, -0.16186466813087463, -0.746185302734375, -0.2683274447917938, 0.6092682480812073], "cam_t_m2c": [4317.78173828125, 26900.9140625, 16360.8017578125], "obj_id": 2}, {"cam_R_m2c": [-0.420091837644577, -0.2819032073020935, -0.8625853657722473, -0.35956746339797974, -0.8210220336914062, 0.443434476852417, -0.8332071900367737, 0.4964407980442047, 0.24354135990142822], "cam_t_m2c": [14994.673828125, -2932.3193359375, -11670.0078125], "obj_id": 0}],
  "1": [{"cam_R_m2c": [-0.7752488851547241, 0.39632871747016907, -0.49184611439704895, 0.4166545271873474, 0.906096875667572, 0.07339940965175629, 0.47475048899650574, -0.14802710711956024, -0.8675827383995056], "cam_t_m2c": [-6911.71923828125, 21436.859375, 24839.1875], "obj_id": 0}, {"cam_R_m2c": [0.6282981634140015, 0.7589765191078186, -0.17086875438690186, -0.11388099938631058, 0.30699315667152405, 0.9448737502098083, 0.7695924639701843, -0.5742037892341614, 0.2793162167072296], "cam_t_m2c": [1.4905753135681152, 463.473388671875, 1093.4820556640625], "obj_id": 0}, {"cam_R_m2c": [0.9490312337875366, 0.023619020357728004, -0.31429582834243774, 0.22487661242485046, -0.749445378780365, 0.6227055788040161, -0.22083982825279236, -0.6616448163986206, -0.7165583968162537], "cam_t_m2c": [-9387.2265625, 21751.90234375, 21584.14453125], "obj_id": 2}, {"cam_R_m2c": [0.8205573558807373, -0.5398557186126709, 0.18772700428962708, -0.3249724507331848, -0.17046909034252167, 0.9302328824996948, -0.4701898992061615, -0.8243155479431152, -0.31531789898872375], "cam_t_m2c": [5319.2509765625, -16380.375, 10657.078125], "obj_id": 0}]
}