{
  "0": [{"cam_R_m2c": [0.03290240839123726, -0.5601760745048523, 0.8277198076248169, -0.7949042916297913, 0.4873441159725189, 0.36141782999038696, -0.6058419942855835, -0.6698495149612427, -0.4292515516281128], "cam_t_m2c": [275.94012451171875, 63.257484436035156, 863.25341796875], "obj_id": 2}, {"cam_R_m2c": [-0.12089645117521286, -0.9778107404708862, -0.17108528316020966, 0.8618547916412354, -0.017879074439406395, -0.5068398118019104, 0.4925345778465271, -0.20872582495212555, 0.8448924422264099], "cam_t_m2c": [195.36936950683594, 33.29024887084961, 1020.9942016601562], "obj_id": 2}, {"cam_R_m2c": [0.0008187566418200731, -0.7609186768531799, 0.6488466858863831, -0.8124072551727295, 0.3778300881385803, 0.4441157877445221, -0.5830897688865662, -0.5274913311004639, -0.6178665161132812], "cam_t_m2c": [-181.88095092773438, 89.74934387207031, 704.5208740234375], "obj_id": 2}, {"cam_R_m2c": [-0.23355865478515625, -0.48529571294784546, -0.8425782918930054, 0.8105147480964661, 0.38152414560317993, -0.444415420293808, 0.5371368527412415, -0.7867193222045898, 0.3042311668395996], "cam_t_m2c": [311.1025085449219, 298.4575500488281, 540.07275390625], "obj_id": 1}, {"cam_R_m2c": [-0.6477967500686646, -0.6489713191986084, -0.3989933431148529, -0.10330008715391159, -0.4440757632255554, 0.8900145292282104, -0.7547771334648132, 0.6177645325660706, 0.22063200175762177], "cam_t_m2c": [-326.86773681640625, 239.06687927246094, 872.5869140625], "obj_id": 3}, {"cam_R_m2c": [-0.022514760494232178, -0.6595004796981812, -0.751366913318634, 0.9079465270042419, 0.30110371112823486, -0.2914957106113434, 0.41848093271255493, -0.6887639164924622, 0.5920118689537048], "cam_t_m2c": [351.29412841796875, 160.1993865966797, 819.0485229492188], "obj_id": 1}, {"cam_R_m2c": [-0.12789508700370789, 0.9917619824409485, 0.0071479096077382565, 0.9842410683631897, 0.12603114545345306, 0.12403922528028488, 0.12211652100086212, 0.022899266332387924, -0.9922516345977783], "cam_t_m2c": [392.7341613769531, 163.70054626464844, 766.8713989257812], "obj_id": 1}, {"cam_R_m2c": [0.026266058906912804, -0.3341779410839081, -0.9421439170837402, 0.86212158203125, 0.4846454858779907, -0.14786839485168457, 0.5060201287269592, -0.8083587288856506, 0.30083176493644714], "cam_t_m2c": [261.73028564453125, 71.69120025634766, 924.7937622070312], "obj_id": 1}, {"cam_R_m2c": [-0.9719358086585999, 0.2102910727262497, -0.1054435446858406, -0.1203351840376854, -0.05928730592131615, 0.9909613728523254, 0.20213887095451355, 0.9758394360542297, 0.08292894065380096], "cam_t_m2c": [354.27777099609375, 152.96470642089844, 887.3334350585938], "obj_id": 1}, {"cam_R_m2c": [0.23816326260566711, -0.9386545419692993, 0.24941079318523407, -0.8338140249252319, -0.0659274160861969, 0.5480944514274597, -0.49802836775779724, -0.33849817514419556, -0.7983648777008057], "cam_t_m2c": [-228.64297485351562, 125.15470123291016, 631.0895385742188], "obj_id": 2}],
  "1": [{"cam_R_m2c": [0.03290240839123726, -0.5601760745048523, 0.8277198076248169, -0.7949042916297913, 0.4873441159725189, 0.36141782999038696, -0.6058419942855835, -0.6698495149612427, -0.4292515516281128], "cam_t_m2c": [275.94012451171875, 63.257484436035156, 863.25341796875], "obj_id": 2}, {"cam_R_m2c": [-0.12089645117521286, -0.9778107404708862, -0.17108528316020966, 0.8618547916412354, -0.017879074439406395, -0.5068398118019104, 0.4925345778465271, -0.20872582495212555, 0.8448924422264099], "cam_t_m2c": [195.36936950683594, 33.29024887084961, 1020.9942016601562], "obj_id": 2}, {"cam_R_m2c": [0.0008187566418200731, -0.7609186768531799, 0.6488466858863831, -0.8124072551727295, 0.3778300881385803, 0.4441157877445221, -0.5830897688865662, -0.5274913311004639, -0.6178665161132812], "cam_t_m2c": [-181.88095092773438, 89.74934387207031, 704.5208740234375], "obj_id": 2}, {"cam_R_m2c": [-0.23355865478515625, -0.48529571294784546, -0.8425782918930054, 0.8105147480964661, 0.38152414560317993, -0.444415420293808, 0.5371368527412415, -0.7867193222045898, 0.3042311668395996], "cam_t_m2c": [311.1025085449219, 298.4575500488281, 540.07275390625], "obj_id": 1}, {"cam_R_m2c": [-0.6477967500686646, -0.6489713191986084, -0.3989933431148529, -0.10330008715391159, -0.4440757632255554, 0.8900145292282104, -0.7547771334648132, 0.6177645325660706, 0.22063200175762177], "cam_t_m2c": [-326.86773681640625, 239.06687927246094, 872.5869140625], "obj_id": 3}, {"cam_R_m2c": [-0.022514760494232178, -0.6595004796981812, -0.751366913318634, 0.9079465270042419, 0.30110371112823486, -0.2914957106113434, 0.41848093271255493, -0.6887639164924622, 0.5920118689537048], "cam_t_m2c": [351.29412841796875, 160.1993865966797, 819.0485229492188], "obj_id": 1}, {"cam_R_m2c": [-0.12789508700370789, 0.9917619824409485, 0.0071479096077382565, 0.9842410683631897, 0.12603114545345306, 0.12403922528028488, 0.12211652100086212, 0.022899266332387924, -0.9922516345977783], "cam_t_m2c": [392.7341613769531, 163.70054626464844, 766.8713989257812], "obj_id": 1}, {"cam_R_m2c": [0.026266058906912804, -0.3341779410839081, -0.9421439170837402, 0.86212158203125, 0.4846454858779907, -0.14786839485168457, 0.5060201287269592, -0.8083587288856506, 0.30083176493644714], "cam_t_m2c": [261.73028564453125, 71.69120025634766, 924.7937622070312], "obj_id": 1}, {"cam_R_m2c": [-0.9719358086585999, 0.2102910727262497, -0.1054435446858406, -0.1203351840376854, -0.05928730592131615, 0.9909613728523254, 0.20213887095451355, 0.9758394360542297, 0.08292894065380096], "cam_t_m2c": [354.27777099609375, 152.96470642089844, 887.3334350585938], "obj_id": 1}, {"cam_R_m2c": [0.23816326260566711, -0.9386545419692993, 0.24941079318523407, -0.8338140249252319, -0.0659274160861969, 0.5480944514274597, -0.49802836775779724, -0.33849817514419556, -0.7983648777008057], "cam_t_m2c": [-228.64297485351562, 125.15470123291016, 631.0895385742188], "obj_id": 2}],
  "2": [{"cam_R_m2c": [0.03290240839123726, -0.5601760745048523, 0.8277198076248169, -0.7949042916297913, 0.4873441159725189, 0.36141782999038696, -0.6058419942855835, -0.6698495149612427, -0.4292515516281128], "cam_t_m2c": [275.94012451171875, 63.257484436035156, 863.25341796875], "obj_id": 2}, {"cam_R_m2c": [-0.12089645117521286, -0.9778107404708862, -0.17108528316020966, 0.8618547916412354, -0.017879074439406395, -0.5068398118019104, 0.4925345778465271, -0.20872582495212555, 0.8448924422264099], "cam_t_m2c": [195.36936950683594, 33.29024887084961, 1020.9942016601562], "obj_id": 2}, {"cam_R_m2c": [0.0008187566418200731, -0.7609186768531799, 0.6488466858863831, -0.8124072551727295, 0.3778300881385803, 0.4441157877445221, -0.5830897688865662, -0.5274913311004639, -0.6178665161132812], "cam_t_m2c": [-181.88095092773438, 89.74934387207031, 704.5208740234375], "obj_id": 2}, {"cam_R_m2c": [-0.23355865478515625, -0.48529571294784546, -0.8425782918930054, 0.8105147480964661, 0.38152414560317993, -0.444415420293808, 0.5371368527412415, -0.7867193222045898, 0.3042311668395996], "cam_t_m2c": [311.1025085449219, 298.4575500488281, 540.07275390625], "obj_id": 1}, {"cam_R_m2c": [-0.6477967500686646, -0.6489713191986084, -0.3989933431148529, -0.10330008715391159, -0.4440757632255554, 0.8900145292282104, -0.7547771334648132, 0.6177645325660706, 0.22063200175762177], "cam_t_m2c": [-326.86773681640625, 239.06687927246094, 872.5869140625], "obj_id": 3}, {"cam_R_m2c": [-0.022514760494232178, -0.6595004796981812, -0.751366913318634, 0.9079465270042419, 0.30110371112823486, -0.2914957106113434, 0.41848093271255493, -0.6887639164924622, 0.5920118689537048], "cam_t_m2c": [351.29412841796875, 160.1993865966797, 819.0485229492188], "obj_id": 1}, {"cam_R_m2c": [-0.12789508700370789, 0.9917619824409485, 0.0071479096077382565, 0.9842410683631897, 0.12603114545345306, 0.12403922528028488, 0.12211652100086212, 0.022899266332387924, -0.9922516345977783], "cam_t_m2c": [392.7341613769531, 163.70054626464844, 766.8713989257812], "obj_id": 1}, {"cam_R_m2c": [0.026266058906912804, -0.3341779410839081, -0.9421439170837402, 0.86212158203125, 0.4846454858779907, -0.14786839485168457, 0.5060201287269592, -0.8083587288856506, 0.30083176493644714], "cam_t_m2c": [261.73028564453125, 71.69120025634766, 924.7937622070312], "obj_id": 1}, {"cam_R_m2c": [-0.9719358086585999, 0.2102910727262497, -0.1054435446858406, -0.1203351840376854, -0.05928730592131615, 0.9909613728523254, 0.20213887095451355, 0.9758394360542297, 0.08292894065380096], "cam_t_m2c": [354.27777099609375, 152.96470642089844, 887.3334350585938], "obj_id": 1}, {"cam_R_m2c": [0.23816326260566711, -0.9386545419692993, 0.24941079318523407, -0.8338140249252319, -0.0659274160861969, 0.5480944514274597, -0.49802836775779724, -0.33849817514419556, -0.7983648777008057], "cam_t_m2c": [-228.64297485351562, 125.15470123291016, 631.0895385742188], "obj_id": 2}],
  "3": [{"cam_R_m2c": [0.03290240839123726, -0.5601760745048523, 0.8277198076248169, -0.7949042916297913, 0.4873441159725189, 0.36141782999038696, -0.6058419942855835, -0.6698495149612427, -0.4292515516281128], "cam_t_m2c": [275.94012451171875, 63.257484436035156, 863.25341796875], "obj_id": 2}, {"cam_R_m2c": [-0.12089645117521286, -0.9778107404708862, -0.17108528316020966, 0.8618547916412354, -0.017879074439406395, -0.5068398118019104, 0.4925345778465271, -0.20872582495212555, 0.8448924422264099], "cam_t_m2c": [195.36936950683594, 33.29024887084961, 1020.9942016601562], "obj_id": 2}, {"cam_R_m2c": [0.0008187566418200731, -0.7609186768531799, 0.6488466858863831, -0.8124072551727295, 0.3778300881385803, 0.4441157877445221, -0.5830897688865662, -0.5274913311004639, -0.6178665161132812], "cam_t_m2c": [-181.88095092773438, 89.74934387207031, 704.5208740234375], "obj_id": 2}, {"cam_R_m2c": [-0.23355865478515625, -0.48529571294784546, -0.8425782918930054, 0.8105147480964661, 0.38152414560317993, -0.444415420293808, 0.5371368527412415, -0.7867193222045898, 0.3042311668395996], "cam_t_m2c": [311.1025085449219, 298.4575500488281, 540.07275390625], "obj_id": 1}, {"cam_R_m2c": [-0.6477967500686646, -0.6489713191986084, -0.3989933431148529, -0.10330008715391159, -0.4440757632255554, 0.8900145292282104, -0.7547771334648132, 0.6177645325660706, 0.22063200175762177], "cam_t_m2c": [-326.86773681640625, 239.06687927246094, 872.5869140625], "obj_id": 3}, {"cam_R_m2c": [-0.022514760494232178, -0.6595004796981812, -0.751366913318634, 0.9079465270042419, 0.30110371112823486, -0.2914957106113434, 0.41848093271255493, -0.6887639164924622, 0.5920118689537048], "cam_t_m2c": [351.29412841796875, 160.1993865966797, 819.0485229492188], "obj_id": 1}, {"cam_R_m2c": [-0.12789508700370789, 0.9917619824409485, 0.0071479096077382565, 0.9842410683631897, 0.12603114545345306, 0.12403922528028488, 0.12211652100086212, 0.022899266332387924, -0.9922516345977783], "cam_t_m2c": [392.7341613769531, 163.70054626464844, 766.8713989257812], "obj_id": 1}, {"cam_R_m2c": [0.026266058906912804, -0.3341779410839081, -0.9421439170837402, 0.86212158203125, 0.4846454858779907, -0.14786839485168457, 0.5060201287269592, -0.8083587288856506, 0.30083176493644714], "cam_t_m2c": [261.73028564453125, 71.69120025634766, 924.7937622070312], "obj_id": 1}, {"cam_R_m2c": [-0.9719358086585999, 0.2102910727262497, -0.1054435446858406, -0.1203351840376854, -0.05928730592131615, 0.9909613728523254, 0.20213887095451355, 0.9758394360542297, 0.08292894065380096], "cam_t_m2c": [354.27777099609375, 152.96470642089844, 887.3334350585938], "obj_id": 1}, {"cam_R_m2c": [0.23816326260566711, -0.9386545419692993, 0.24941079318523407, -0.8338140249252319, -0.0659274160861969, 0.5480944514274597, -0.49802836775779724, -0.33849817514419556, -0.7983648777008057], "cam_t_m2c": [-228.64297485351562, 125.15470123291016, 631.0895385742188], "obj_id": 2}],
  "4": [{"cam_R_m2c": [0.03290240839123726, -0.5601760745048523, 0.8277198076248169, -0.7949042916297913, 0.4873441159725189, 0.36141782999038696, -0.6058419942855835, -0.6698495149612427, -0.4292515516281128], "cam_t_m2c": [275.94012451171875, 63.257484436035156, 863.25341796875], "obj_id": 2}, {"cam_R_m2c": [-0.12089645117521286, -0.9778107404708862, -0.17108528316020966, 0.8618547916412354, -0.017879074439406395, -0.5068398118019104, 0.4925345778465271, -0.20872582495212555, 0.8448924422264099], "cam_t_m2c": [195.36936950683594, 33.29024887084961, 1020.9942016601562], "obj_id": 2}, {"cam_R_m2c": [0.0008187566418200731, -0.7609186768531799, 0.6488466858863831, -0.8124072551727295, 0.3778300881385803, 0.4441157877445221, -0.5830897688865662, -0.5274913311004639, -0.6178665161132812], "cam_t_m2c": [-181.88095092773438, 89.74934387207031, 704.5208740234375], "obj_id": 2}, {"cam_R_m2c": [-0.23355865478515625, -0.48529571294784546, -0.8425782918930054, 0.8105147480964661, 0.38152414560317993, -0.444415420293808, 0.5371368527412415, -0.7867193222045898, 0.3042311668395996], "cam_t_m2c": [311.1025085449219, 298.4575500488281, 540.07275390625], "obj_id": 1}, {"cam_R_m2c": [-0.6477967500686646, -0.6489713191986084, -0.3989933431148529, -0.10330008715391159, -0.4440757632255554, 0.8900145292282104, -0.7547771334648132, 0.6177645325660706, 0.22063200175762177], "cam_t_m2c": [-326.86773681640625, 239.06687927246094, 872.5869140625], "obj_id": 3}, {"cam_R_m2c": [-0.022514760494232178, -0.6595004796981812, -0.751366913318634, 0.9079465270042419, 0.30110371112823486, -0.2914957106113434, 0.41848093271255493, -0.6887639164924622, 0.5920118689537048], "cam_t_m2c": [351.29412841796875, 160.1993865966797, 819.0485229492188], "obj_id": 1}, {"cam_R_m2c": [-0.12789508700370789, 0.9917619824409485, 0.0071479096077382565, 0.9842410683631897, 0.12603114545345306, 0.12403922528028488, 0.12211652100086212, 0.022899266332387924, -0.9922516345977783], "cam_t_m2c": [392.7341613769531, 163.70054626464844, 766.8713989257812], "obj_id": 1}, {"cam_R_m2c": [0.026266058906912804, -0.3341779410839081, -0.9421439170837402, 0.86212158203125, 0.4846454858779907, -0.14786839485168457, 0.5060201287269592, -0.8083587288856506, 0.30083176493644714], "cam_t_m2c": [261.73028564453125, 71.69120025634766, 924.7937622070312], "obj_id": 1}, {"cam_R_m2c": [-0.9719358086585999, 0.2102910727262497, -0.1054435446858406, -0.1203351840376854, -0.05928730592131615, 0.9909613728523254, 0.20213887095451355, 0.9758394360542297, 0.08292894065380096], "cam_t_m2c": [354.27777099609375, 152.96470642089844, 887.3334350585938], "obj_id": 1}, {"cam_R_m2c": [0.23816326260566711, -0.9386545419692993, 0.24941079318523407, -0.8338140249252319, -0.0659274160861969, 0.5480944514274597, -0.49802836775779724, -0.33849817514419556, -0.7983648777008057], "cam_t_m2c": [-228.64297485351562, 125.15470123291016, 631.0895385742188], "obj_id": 2}]
}