{
  "0": [{"cam_R_m2c": [0.7931650876998901, 0.5957010388374329, 0.12660746276378632, 0.3423219621181488, -0.26415544748306274, -0.9016860127449036, -0.5036912560462952, 0.7585263848304749, -0.41344043612480164], "cam_t_m2c": [105.67411041259766, 88.46577453613281, 1098.880615234375], "obj_id": 2}, {"cam_R_m2c": [-0.6377718448638916, 0.33785194158554077, -0.6921727657318115, -0.7523154020309448, -0.46591562032699585, 0.4657725989818573, -0.16513191163539886, 0.8177888989448547, 0.5513191223144531], "cam_t_m2c": [90.99336242675781, -43.85869216918945, 1230.3095703125], "obj_id": 2}, {"cam_R_m2c": [0.5057556629180908, -0.7659927606582642, -0.396820068359375, -0.5176025032997131, 0.09854892641305923, -0.849926769733429, 0.6901440024375916, 0.6352503299713135, -0.34663811326026917], "cam_t_m2c": [2.430108070373535, 13.299606323242188, 1099.8638916015625], "obj_id": 2}, {"cam_R_m2c": [-0.9058219194412231, 0.4235997498035431, 0.007062622811645269, -0.31717321276664734, -0.6891037821769714, 0.6515650749206543, 0.2808696925640106, 0.5879618525505066, 0.7585598826408386], "cam_t_m2c": [13.333820343017578, 52.5970344543457, 1140.7939453125], "obj_id": 3}, {"cam_R_m2c": [0.816096842288971, 0.09492380172014236, 0.5700661540031433, 0.17853513360023499, 0.8967569470405579, -0.40491005778312683, -0.5496464371681213, 0.4322226643562317, 0.7148932814598083], "cam_t_m2c": [103.55113983154297, -32.237648010253906, 1236.2293701171875], "obj_id": 3}, {"cam_R_m2c": [-0.43764129281044006, -0.466522216796875, 0.7686529159545898, 0.18078994750976562, -0.8830642104148865, -0.43302756547927856, 0.8807867169380188, -0.050545983016490936, 0.4708077013492584], "cam_t_m2c": [-0.16747790575027466, 67.16902923583984, 1163.5174560546875], "obj_id": 2}, {"cam_R_m2c": [-0.6838699579238892, 0.25498878955841064, 0.6835952997207642, 0.5008465647697449, -0.5172408819198608, 0.6939845085144043, 0.530541718006134, 0.8169715404510498, 0.22601529955863953], "cam_t_m2c": [-8.633872032165527, 74.36296081542969, 1146.7376708984375], "obj_id": 2}, {"cam_R_m2c": [-0.05337413027882576, -0.8384978771209717, 0.5422844290733337, -0.15849129855632782, -0.5290612578392029, -0.8336513042449951, 0.9859166145324707, -0.13044282793998718, -0.10465637594461441], "cam_t_m2c": [42.57710266113281, 47.65765380859375, 1093.5015869140625], "obj_id": 2}, {"cam_R_m2c": [-0.6669034361839294, 0.6613165736198425, -0.3433661162853241, -0.47583574056625366, -0.7325766682624817, -0.4867359399795532, -0.5734285116195679, -0.161219984292984, 0.8032358884811401], "cam_t_m2c": [95.0107650756836, -2.565539836883545, 1213.259765625], "obj_id": 3}, {"cam_R_m2c": [-0.4084421992301941, -0.5499778389930725, -0.7284911274909973, 0.8629379868507385, 0.02747211419045925, -0.504562497138977, 0.29751139879226685, -0.8347272872924805, 0.463375985622406], "cam_t_m2c": [-25.16899299621582, 72.44690704345703, 1153.37060546875], "obj_id": 2}]
}