{
  "0": [{"cam_R_m2c": [0.888100266456604, 0.37752223014831543, 0.26221153140068054, 0.198588564991951, 0.19932964444160461, -0.9595990180969238, -0.4145364761352539, 0.9042923450469971, 0.10205312073230743], "cam_t_m2c": [2.507481813430786, 19.18286895751953, 1046.2451171875], "obj_id": 2}, {"cam_R_m2c": [0.1436057984828949, 0.8218861222267151, 0.551253616809845, -0.9875267744064331, 0.08267046511173248, 0.13400159776210785, 0.06456168740987778, -0.5636211037635803, 0.8235065340995789], "cam_t_m2c": [47.198143005371094, 118.01229095458984, 961.1455078125], "obj_id": 3}, {"cam_R_m2c": [-0.8086029887199402, -0.308133065700531, 0.501213788986206, 0.352740079164505, 0.42791590094566345, 0.832143247127533, -0.4708881974220276, 0.8496717214584351, -0.23732320964336395], "cam_t_m2c": [103.0947265625, 125.75687408447266, 834.7805786132812], "obj_id": 2}, {"cam_R_m2c": [-0.012137921527028084, -0.9926377534866333, 0.12051070481538773, 0.8148956894874573, -0.07966364175081253, -0.574106752872467, 0.5794804096221924, 0.09123516082763672, 0.809863269329071], "cam_t_m2c": [-24.056676864624023, 43.316375732421875, 1108.2308349609375], "obj_id": 2}, {"cam_R_m2c": [0.5692556500434875, 0.416679322719574, 0.7087497711181641, -0.4889744818210602, -0.5214353799819946, 0.6992917060852051, 0.6609477400779724, -0.7446363568305969, -0.09308446198701859], "cam_t_m2c": [0.8821077346801758, 162.81057739257812, 729.7059936523438], "obj_id": 3}, {"cam_R_m2c": [-0.34709617495536804, 0.8986116051673889, -0.26836785674095154, 0.19521759450435638, 0.34912002086639404, 0.9165180325508118, 0.9172863364219666, 0.26572978496551514, -0.2966029942035675], "cam_t_m2c": [-15.303635597229004, 101.30350494384766, 786.8611450195312], "obj_id": 2}, {"cam_R_m2c": [-0.17118880152702332, -0.04758601263165474, -0.9840882420539856, -0.7050248384475708, -0.6917902231216431, 0.1560957431793213, -0.6882107853889465, 0.7205286026000977, 0.0848776325583458], "cam_t_m2c": [-98.7646484375, 120.78841400146484, 830.4004516601562], "obj_id": 2}, {"cam_R_m2c": [0.5536550879478455, 0.4749467968940735, -0.6840260028839111, -0.6067361235618591, 0.7926883697509766, 0.05929930508136749, 0.5703834891319275, 0.382191926240921, 0.7270433306694031], "cam_t_m2c": [167.83746337890625, 119.03099060058594, 802.1553955078125], "obj_id": 3}, {"cam_R_m2c": [-0.3393089473247528, 0.8662195801734924, 0.366787314414978, -0.9329639077186584, -0.26006779074668884, -0.2488832175731659, -0.12019792199134827, -0.42664769291877747, 0.8963950872421265], "cam_t_m2c": [-22.769920349121094, 36.758602142333984, 948.8248901367188], "obj_id": 1}, {"cam_R_m2c": [-0.889848530292511, -0.1688837856054306, 0.4238487184047699, -0.3126416504383087, 0.9022932648658752, -0.296853631734848, -0.3323020935058594, -0.3966675400733948, -0.8557044267654419], "cam_t_m2c": [-141.57147216796875, 114.391845703125, 980.4771118164062], "obj_id": 1}]
}