{
  "0": [{"cam_R_m2c": [0.1313703954219818, 0.9834786057472229, -0.12454601377248764, 0.3648090362548828, -0.1647796481847763, -0.9163853526115417, -0.9217680096626282, 0.07495039701461792, -0.3804290294647217], "cam_t_m2c": [-136.65054321289062, 83.91508483886719, 367.1361083984375], "obj_id": 3}, {"cam_R_m2c": [0.1313703954219818, 0.9834786057472229, -0.12454601377248764, 0.3648090362548828, -0.1647796481847763, -0.9163853526115417, -0.9217680096626282, 0.07495039701461792, -0.3804290294647217], "cam_t_m2c": [-136.65054321289062, 83.91508483886719, 367.1361083984375], "obj_id": 0}, {"cam_R_m2c": [0.1313703954219818, 0.9834786057472229, -0.12454601377248764, 0.3648090362548828, -0.1647796481847763, -0.9163853526115417, -0.9217680096626282, 0.07495039701461792, -0.3804290294647217], "cam_t_m2c": [-136.65054321289062, 83.91508483886719, 367.1361083984375], "obj_id": 3}, {"cam_R_m2c": [0.1313703954219818, 0.9834786057472229, -0.12454601377248764, 0.3648090362548828, -0.1647796481847763, -0.9163853526115417, -0.9217680096626282, 0.07495039701461792, -0.3804290294647217], "cam_t_m2c": [-136.65054321289062, 83.91508483886719, 367.1361083984375], "obj_id": 0}, {"cam_R_m2c": [0.1313703954219818, 0.9834786057472229, -0.12454601377248764, 0.3648090362548828, -0.1647796481847763, -0.9163853526115417, -0.9217680096626282, 0.07495039701461792, -0.3804290294647217], "cam_t_m2c": [-136.65054321289062, 83.91508483886719, 367.1361083984375], "obj_id": 1}, {"cam_R_m2c": [0.1313703954219818, 0.9834786057472229, -0.12454601377248764, 0.3648090362548828, -0.1647796481847763, -0.9163853526115417, -0.9217680096626282, 0.07495039701461792, -0.3804290294647217], "cam_t_m2c": [-136.65054321289062, 83.91508483886719, 367.1361083984375], "obj_id": 3}, {"cam_R_m2c": [0.1313703954219818, 0.9834786057472229, -0.12454601377248764, 0.3648090362548828, -0.1647796481847763, -0.9163853526115417, -0.9217680096626282, 0.07495039701461792, -0.3804290294647217], "cam_t_m2c": [-136.65054321289062, 83.91508483886719, 367.1361083984375], "obj_id": 2}, {"cam_R_m2c": [0.1313703954219818, 0.9834786057472229, -0.12454601377248764, 0.3648090362548828, -0.1647796481847763, -0.9163853526115417, -0.9217680096626282, 0.07495039701461792, -0.3804290294647217], "cam_t_m2c": [-136.65054321289062, 83.91508483886719, 367.1361083984375], "obj_id": 0}, {"cam_R_m2c": [0.1313703954219818, 0.9834786057472229, -0.12454601377248764, 0.3648090362548828, -0.1647796481847763, -0.9163853526115417, -0.9217680096626282, 0.07495039701461792, -0.3804290294647217], "cam_t_m2c": [-136.65054321289062, 83.91508483886719, 367.1361083984375], "obj_id": 1}, {"cam_R_m2c": [0.1313703954219818, 0.9834786057472229, -0.12454601377248764, 0.3648090362548828, -0.1647796481847763, -0.9163853526115417, -0.9217680096626282, 0.07495039701461792, -0.3804290294647217], "cam_t_m2c": [-136.65054321289062, 83.91508483886719, 367.1361083984375], "obj_id": 2}, {"cam_R_m2c": [0.1313703954219818, 0.9834786057472229, -0.12454601377248764, 0.3648090362548828, -0.1647796481847763, -0.9163853526115417, -0.9217680096626282, 0.07495039701461792, -0.3804290294647217], "cam_t_m2c": [-136.65054321289062, 83.91508483886719, 367.1361083984375], "obj_id": 0}, {"cam_R_m2c": [0.1313703954219818, 0.9834786057472229, -0.12454601377248764, 0.3648090362548828, -0.1647796481847763, -0.9163853526115417, -0.9217680096626282, 0.07495039701461792, -0.3804290294647217], "cam_t_m2c": [-136.65054321289062, 83.91508483886719, 367.1361083984375], "obj_id": 0}, {"cam_R_m2c": [0.1664673388004303, 0.7547670602798462, -0.634519636631012, 0.8475344777107239, 0.21936263144016266, 0.48328590393066406, 0.5039581656455994, -0.618228554725647, -0.6031743884086609], "cam_t_m2c": [71.99727630615234, 59.62052917480469, 376.2157897949219], "obj_id": 1}, {"cam_R_m2c": [-0.18638209998607635, 0.301952064037323, 0.9349259734153748, -0.6614350080490112, 0.6650792360305786, -0.3466602861881256, -0.7264746427536011, -0.6830040812492371, 0.0757628083229065], "cam_t_m2c": [-224.6476287841797, 11.364166259765625, 486.31256103515625], "obj_id": 2}, {"cam_R_m2c": [-0.16640819609165192, -0.9473263621330261, -0.2736446261405945, -0.9236594438552856, 0.05260312184691429, 0.3795870840549469, -0.3451981842517853, 0.31592077016830444, -0.8837605714797974], "cam_t_m2c": [-457.1726989746094, 46.60685348510742, 633.3717041015625], "obj_id": 3}, {"cam_R_m2c": [-0.7283600568771362, 0.6838127374649048, 0.04349488019943237, -0.4249396026134491, -0.5005950331687927, 0.7542088031768799, 0.5375109314918518, 0.5308528542518616, 0.6551925539970398], "cam_t_m2c": [-288.8859558105469, 165.2786865234375, 193.376708984375], "obj_id": 4}],
  "1": [{"cam_R_m2c": [0.08921053260564804, -0.9670566916465759, 0.23841698467731476, -0.5511758923530579, -0.24731115996837616, -0.7968952655792236, 0.8296061754226685, -0.06031832844018936, -0.5550810098648071], "cam_t_m2c": [154.76165771484375, -37.04784393310547, 598.5651245117188], "obj_id": 3}, {"cam_R_m2c": [0.08921053260564804, -0.9670566916465759, 0.23841698467731476, -0.5511758923530579, -0.24731115996837616, -0.7968952655792236, 0.8296061754226685, -0.06031832844018936, -0.5550810098648071], "cam_t_m2c": [154.76165771484375, -37.04784393310547, 598.5651245117188], "obj_id": 0}, {"cam_R_m2c": [0.08921053260564804, -0.9670566916465759, 0.23841698467731476, -0.5511758923530579, -0.24731115996837616, -0.7968952655792236, 0.8296061754226685, -0.06031832844018936, -0.5550810098648071], "cam_t_m2c": [154.76165771484375, -37.04784393310547, 598.5651245117188], "obj_id": 3}, {"cam_R_m2c": [0.08921053260564804, -0.9670566916465759, 0.23841698467731476, -0.5511758923530579, -0.24731115996837616, -0.7968952655792236, 0.8296061754226685, -0.06031832844018936, -0.5550810098648071], "cam_t_m2c": [154.76165771484375, -37.04784393310547, 598.5651245117188], "obj_id": 0}, {"cam_R_m2c": [0.08921053260564804, -0.9670566916465759, 0.23841698467731476, -0.5511758923530579, -0.24731115996837616, -0.7968952655792236, 0.8296061754226685, -0.06031832844018936, -0.5550810098648071], "cam_t_m2c": [154.76165771484375, -37.04784393310547, 598.5651245117188], "obj_id": 1}, {"cam_R_m2c": [0.08921053260564804, -0.9670566916465759, 0.23841698467731476, -0.5511758923530579, -0.24731115996837616, -0.7968952655792236, 0.8296061754226685, -0.06031832844018936, -0.5550810098648071], "cam_t_m2c": [154.76165771484375, -37.04784393310547, 598.5651245117188], "obj_id": 3}, {"cam_R_m2c": [0.08921053260564804, -0.9670566916465759, 0.23841698467731476, -0.5511758923530579, -0.24731115996837616, -0.7968952655792236, 0.8296061754226685, -0.06031832844018936, -0.5550810098648071], "cam_t_m2c": [154.76165771484375, -37.04784393310547, 598.5651245117188], "obj_id": 2}, {"cam_R_m2c": [0.08921053260564804, -0.9670566916465759, 0.23841698467731476, -0.5511758923530579, -0.24731115996837616, -0.7968952655792236, 0.8296061754226685, -0.06031832844018936, -0.5550810098648071], "cam_t_m2c": [154.76165771484375, -37.04784393310547, 598.5651245117188], "obj_id": 0}, {"cam_R_m2c": [0.08921053260564804, -0.9670566916465759, 0.23841698467731476, -0.5511758923530579, -0.24731115996837616, -0.7968952655792236, 0.8296061754226685, -0.06031832844018936, -0.5550810098648071], "cam_t_m2c": [154.76165771484375, -37.04784393310547, 598.5651245117188], "obj_id": 1}, {"cam_R_m2c": [0.08921053260564804, -0.9670566916465759, 0.23841698467731476, -0.5511758923530579, -0.24731115996837616, -0.7968952655792236, 0.8296061754226685, -0.06031832844018936, -0.5550810098648071], "cam_t_m2c": [154.76165771484375, -37.04784393310547, 598.5651245117188], "obj_id": 2}, {"cam_R_m2c": [0.08921053260564804, -0.9670566916465759, 0.23841698467731476, -0.5511758923530579, -0.24731115996837616, -0.7968952655792236, 0.8296061754226685, -0.06031832844018936, -0.5550810098648071], "cam_t_m2c": [154.76165771484375, -37.04784393310547, 598.5651245117188], "obj_id": 0}, {"cam_R_m2c": [0.08921053260564804, -0.9670566916465759, 0.23841698467731476, -0.5511758923530579, -0.24731115996837616, -0.7968952655792236, 0.8296061754226685, -0.06031832844018936, -0.5550810098648071], "cam_t_m2c": [154.76165771484375, -37.04784393310547, 598.5651245117188], "obj_id": 0}, {"cam_R_m2c": [-0.30752620100975037, -0.5855205059051514, 0.7500621676445007, 0.8465027809143066, -0.5283541083335876, -0.06538170576095581, 0.43458080291748047, 0.6148231625556946, 0.6581276059150696], "cam_t_m2c": [-49.011722564697266, -88.84496307373047, 598.3328857421875], "obj_id": 1}, {"cam_R_m2c": [0.3764857053756714, -0.14267122745513916, -0.9153706431388855, -0.9125126600265503, -0.22768662869930267, -0.33982256054878235, -0.15993478894233704, 0.9632256627082825, -0.21591003239154816], "cam_t_m2c": [212.7169189453125, 35.11258316040039, 462.0213317871094], "obj_id": 2}, {"cam_R_m2c": [0.2705307900905609, 0.8390805721282959, 0.4719712734222412, -0.7640560269355774, 0.48539111018180847, -0.4249868392944336, -0.5856888890266418, -0.24564047157764435, 0.7724178433418274], "cam_t_m2c": [401.0190124511719, 222.0845947265625, 381.2739562988281], "obj_id": 3}, {"cam_R_m2c": [0.585205078125, -0.7796211242675781, -0.22299319505691528, 0.3414898216724396, -0.012477964162826538, 0.9398027658462524, -0.7354725003242493, -0.626127302646637, 0.2589304447174072], "cam_t_m2c": [342.7657470703125, -95.4701919555664, 744.267822265625], "obj_id": 4}],
  "2": [{"cam_R_m2c": [0.08921053260564804, -0.9670566916465759, 0.23841698467731476, -0.5511758923530579, -0.24731115996837616, -0.7968952655792236, 0.8296061754226685, -0.06031832844018936, -0.5550810098648071], "cam_t_m2c": [154.76165771484375, -37.04784393310547, 598.5651245117188], "obj_id": 3}, {"cam_R_m2c": [0.08921053260564804, -0.9670566916465759, 0.23841698467731476, -0.5511758923530579, -0.24731115996837616, -0.7968952655792236, 0.8296061754226685, -0.06031832844018936, -0.5550810098648071], "cam_t_m2c": [154.76165771484375, -37.04784393310547, 598.5651245117188], "obj_id": 0}, {"cam_R_m2c": [0.08921053260564804, -0.9670566916465759, 0.23841698467731476, -0.5511758923530579, -0.24731115996837616, -0.7968952655792236, 0.8296061754226685, -0.06031832844018936, -0.5550810098648071], "cam_t_m2c": [154.76165771484375, -37.04784393310547, 598.5651245117188], "obj_id": 3}, {"cam_R_m2c": [0.08921053260564804, -0.9670566916465759, 0.23841698467731476, -0.5511758923530579, -0.24731115996837616, -0.7968952655792236, 0.8296061754226685, -0.06031832844018936, -0.5550810098648071], "cam_t_m2c": [154.76165771484375, -37.04784393310547, 598.5651245117188], "obj_id": 0}, {"cam_R_m2c": [0.08921053260564804, -0.9670566916465759, 0.23841698467731476, -0.5511758923530579, -0.24731115996837616, -0.7968952655792236, 0.8296061754226685, -0.06031832844018936, -0.5550810098648071], "cam_t_m2c": [154.76165771484375, -37.04784393310547, 598.5651245117188], "obj_id": 1}, {"cam_R_m2c": [0.08921053260564804, -0.9670566916465759, 0.23841698467731476, -0.5511758923530579, -0.24731115996837616, -0.7968952655792236, 0.8296061754226685, -0.06031832844018936, -0.5550810098648071], "cam_t_m2c": [154.76165771484375, -37.04784393310547, 598.5651245117188], "obj_id": 3}, {"cam_R_m2c": [0.08921053260564804, -0.9670566916465759, 0.23841698467731476, -0.5511758923530579, -0.24731115996837616, -0.7968952655792236, 0.8296061754226685, -0.06031832844018936, -0.5550810098648071], "cam_t_m2c": [154.76165771484375, -37.04784393310547, 598.5651245117188], "obj_id": 2}, {"cam_R_m2c": [0.08921053260564804, -0.9670566916465759, 0.23841698467731476, -0.5511758923530579, -0.24731115996837616, -0.7968952655792236, 0.8296061754226685, -0.06031832844018936, -0.5550810098648071], "cam_t_m2c": [154.76165771484375, -37.04784393310547, 598.5651245117188], "obj_id": 0}, {"cam_R_m2c": [0.08921053260564804, -0.9670566916465759, 0.23841698467731476, -0.5511758923530579, -0.24731115996837616, -0.7968952655792236, 0.8296061754226685, -0.06031832844018936, -0.5550810098648071], "cam_t_m2c": [154.76165771484375, -37.04784393310547, 598.5651245117188], "obj_id": 1}, {"cam_R_m2c": [0.08921053260564804, -0.9670566916465759, 0.23841698467731476, -0.5511758923530579, -0.24731115996837616, -0.7968952655792236, 0.8296061754226685, -0.06031832844018936, -0.5550810098648071], "cam_t_m2c": [154.76165771484375, -37.04784393310547, 598.5651245117188], "obj_id": 2}, {"cam_R_m2c": [0.08921053260564804, -0.9670566916465759, 0.23841698467731476, -0.5511758923530579, -0.24731115996837616, -0.7968952655792236, 0.8296061754226685, -0.06031832844018936, -0.5550810098648071], "cam_t_m2c": [154.76165771484375, -37.04784393310547, 598.5651245117188], "obj_id": 0}, {"cam_R_m2c": [0.08921053260564804, -0.9670566916465759, 0.23841698467731476, -0.5511758923530579, -0.24731115996837616, -0.7968952655792236, 0.8296061754226685, -0.06031832844018936, -0.5550810098648071], "cam_t_m2c": [154.76165771484375, -37.04784393310547, 598.5651245117188], "obj_id": 0}, {"cam_R_m2c": [-0.30752620100975037, -0.5855205059051514, 0.7500621676445007, 0.8465027809143066, -0.5283541083335876, -0.06538170576095581, 0.43458080291748047, 0.6148231625556946, 0.6581276059150696], "cam_t_m2c": [-49.011722564697266, -88.84496307373047, 598.3328857421875], "obj_id": 1}, {"cam_R_m2c": [0.3764857053756714, -0.14267122745513916, -0.9153706431388855, -0.9125126600265503, -0.22768662869930267, -0.33982256054878235, -0.15993478894233704, 0.9632256627082825, -0.21591003239154816], "cam_t_m2c": [212.7169189453125, 35.11258316040039, 462.0213317871094], "obj_id": 2}, {"cam_R_m2c": [0.2705307900905609, 0.8390805721282959, 0.4719712734222412, -0.7640560269355774, 0.48539111018180847, -0.4249868392944336, -0.5856888890266418, -0.24564047157764435, 0.7724178433418274], "cam_t_m2c": [401.0190124511719, 222.0845947265625, 381.2739562988281], "obj_id": 3}, {"cam_R_m2c": [0.585205078125, -0.7796211242675781, -0.22299319505691528, 0.3414898216724396, -0.012477964162826538, 0.9398027658462524, -0.7354725003242493, -0.626127302646637, 0.2589304447174072], "cam_t_m2c": [342.7657470703125, -95.4701919555664, 744.267822265625], "obj_id": 4}],
  "3": [{"cam_R_m2c": [-0.8625186681747437, 0.5016029477119446, -0.06675613671541214, 0.16176185011863708, 0.14831221103668213, -0.975621223449707, -0.47947368025779724, -0.8522899150848389, -0.20906241238117218], "cam_t_m2c": [-194.49635314941406, 10.91402816772461, 619.4059448242188], "obj_id": 3}, {"cam_R_m2c": [-0.8625186681747437, 0.5016029477119446, -0.06675613671541214, 0.16176185011863708, 0.14831221103668213, -0.975621223449707, -0.47947368025779724, -0.8522899150848389, -0.20906241238117218], "cam_t_m2c": [-194.49635314941406, 10.91402816772461, 619.4059448242188], "obj_id": 0}, {"cam_R_m2c": [-0.8625186681747437, 0.5016029477119446, -0.06675613671541214, 0.16176185011863708, 0.14831221103668213, -0.975621223449707, -0.47947368025779724, -0.8522899150848389, -0.20906241238117218], "cam_t_m2c": [-194.49635314941406, 10.91402816772461, 619.4059448242188], "obj_id": 3}, {"cam_R_m2c": [-0.8625186681747437, 0.5016029477119446, -0.06675613671541214, 0.16176185011863708, 0.14831221103668213, -0.975621223449707, -0.47947368025779724, -0.8522899150848389, -0.20906241238117218], "cam_t_m2c": [-194.49635314941406, 10.91402816772461, 619.4059448242188], "obj_id": 0}, {"cam_R_m2c": [-0.8625186681747437, 0.5016029477119446, -0.06675613671541214, 0.16176185011863708, 0.14831221103668213, -0.975621223449707, -0.47947368025779724, -0.8522899150848389, -0.20906241238117218], "cam_t_m2c": [-194.49635314941406, 10.91402816772461, 619.4059448242188], "obj_id": 1}, {"cam_R_m2c": [-0.8625186681747437, 0.5016029477119446, -0.06675613671541214, 0.16176185011863708, 0.14831221103668213, -0.975621223449707, -0.47947368025779724, -0.8522899150848389, -0.20906241238117218], "cam_t_m2c": [-194.49635314941406, 10.91402816772461, 619.4059448242188], "obj_id": 3}, {"cam_R_m2c": [-0.8625186681747437, 0.5016029477119446, -0.06675613671541214, 0.16176185011863708, 0.14831221103668213, -0.975621223449707, -0.47947368025779724, -0.8522899150848389, -0.20906241238117218], "cam_t_m2c": [-194.49635314941406, 10.91402816772461, 619.4059448242188], "obj_id": 2}, {"cam_R_m2c": [-0.8625186681747437, 0.5016029477119446, -0.06675613671541214, 0.16176185011863708, 0.14831221103668213, -0.975621223449707, -0.47947368025779724, -0.8522899150848389, -0.20906241238117218], "cam_t_m2c": [-194.49635314941406, 10.91402816772461, 619.4059448242188], "obj_id": 0}, {"cam_R_m2c": [-0.8625186681747437, 0.5016029477119446, -0.06675613671541214, 0.16176185011863708, 0.14831221103668213, -0.975621223449707, -0.47947368025779724, -0.8522899150848389, -0.20906241238117218], "cam_t_m2c": [-194.49635314941406, 10.91402816772461, 619.4059448242188], "obj_id": 1}, {"cam_R_m2c": [-0.8625186681747437, 0.5016029477119446, -0.06675613671541214, 0.16176185011863708, 0.14831221103668213, -0.975621223449707, -0.47947368025779724, -0.8522899150848389, -0.20906241238117218], "cam_t_m2c": [-194.49635314941406, 10.91402816772461, 619.4059448242188], "obj_id": 2}, {"cam_R_m2c": [-0.8625186681747437, 0.5016029477119446, -0.06675613671541214, 0.16176185011863708, 0.14831221103668213, -0.975621223449707, -0.47947368025779724, -0.8522899150848389, -0.20906241238117218], "cam_t_m2c": [-194.49635314941406, 10.91402816772461, 619.4059448242188], "obj_id": 0}, {"cam_R_m2c": [-0.8625186681747437, 0.5016029477119446, -0.06675613671541214, 0.16176185011863708, 0.14831221103668213, -0.975621223449707, -0.47947368025779724, -0.8522899150848389, -0.20906241238117218], "cam_t_m2c": [-194.49635314941406, 10.91402816772461, 619.4059448242188], "obj_id": 0}, {"cam_R_m2c": [0.21217051148414612, -0.31110429763793945, -0.9263895750045776, 0.952586829662323, 0.2773984372615814, 0.12501323223114014, 0.2180868238210678, -0.908990740776062, 0.35520967841148376], "cam_t_m2c": [-97.51724243164062, 50.691165924072266, 437.1439514160156], "obj_id": 1}, {"cam_R_m2c": [-0.4733844995498657, -0.6923418641090393, 0.5445822477340698, -0.8374022245407104, 0.5455030202865601, -0.03440932184457779, -0.27324822545051575, -0.4723232090473175, -0.8380012512207031], "cam_t_m2c": [-102.02326202392578, -54.068382263183594, 739.5565185546875], "obj_id": 2}, {"cam_R_m2c": [-0.050337716937065125, -0.11447744071483612, -0.9921497106552124, -0.9862436652183533, -0.15091000497341156, 0.06745055317878723, -0.15744687616825104, 0.981896698474884, -0.10530619323253632], "cam_t_m2c": [-77.98216247558594, -54.16448211669922, 1015.8866577148438], "obj_id": 3}, {"cam_R_m2c": [0.3212016522884369, 0.8892950415611267, 0.32555171847343445, -0.4794996380805969, -0.1437225341796875, 0.8656928539276123, 0.8166453838348389, -0.4341639280319214, 0.3802526593208313], "cam_t_m2c": [-430.0528869628906, 2.016781806945801, 685.903564453125], "obj_id": 4}],
  "4": [{"cam_R_m2c": [-0.8625186681747437, 0.5016029477119446, -0.06675613671541214, 0.16176185011863708, 0.14831221103668213, -0.975621223449707, -0.47947368025779724, -0.8522899150848389, -0.20906241238117218], "cam_t_m2c": [-194.49635314941406, 10.91402816772461, 619.4059448242188], "obj_id": 3}, {"cam_R_m2c": [-0.8625186681747437, 0.5016029477119446, -0.06675613671541214, 0.16176185011863708, 0.14831221103668213, -0.975621223449707, -0.47947368025779724, -0.8522899150848389, -0.20906241238117218], "cam_t_m2c": [-194.49635314941406, 10.91402816772461, 619.4059448242188], "obj_id": 0}, {"cam_R_m2c": [-0.8625186681747437, 0.5016029477119446, -0.06675613671541214, 0.16176185011863708, 0.14831221103668213, -0.975621223449707, -0.47947368025779724, -0.8522899150848389, -0.20906241238117218], "cam_t_m2c": [-194.49635314941406, 10.91402816772461, 619.4059448242188], "obj_id": 3}, {"cam_R_m2c": [-0.8625186681747437, 0.5016029477119446, -0.06675613671541214, 0.16176185011863708, 0.14831221103668213, -0.975621223449707, -0.47947368025779724, -0.8522899150848389, -0.20906241238117218], "cam_t_m2c": [-194.49635314941406, 10.91402816772461, 619.4059448242188], "obj_id": 0}, {"cam_R_m2c": [-0.8625186681747437, 0.5016029477119446, -0.06675613671541214, 0.16176185011863708, 0.14831221103668213, -0.975621223449707, -0.47947368025779724, -0.8522899150848389, -0.20906241238117218], "cam_t_m2c": [-194.49635314941406, 10.91402816772461, 619.4059448242188], "obj_id": 1}, {"cam_R_m2c": [-0.8625186681747437, 0.5016029477119446, -0.06675613671541214, 0.16176185011863708, 0.14831221103668213, -0.975621223449707, -0.47947368025779724, -0.8522899150848389, -0.20906241238117218], "cam_t_m2c": [-194.49635314941406, 10.91402816772461, 619.4059448242188], "obj_id": 3}, {"cam_R_m2c": [-0.8625186681747437, 0.5016029477119446, -0.06675613671541214, 0.16176185011863708, 0.14831221103668213, -0.975621223449707, -0.47947368025779724, -0.8522899150848389, -0.20906241238117218], "cam_t_m2c": [-194.49635314941406, 10.91402816772461, 619.4059448242188], "obj_id": 2}, {"cam_R_m2c": [-0.8625186681747437, 0.5016029477119446, -0.06675613671541214, 0.16176185011863708, 0.14831221103668213, -0.975621223449707, -0.47947368025779724, -0.8522899150848389, -0.20906241238117218], "cam_t_m2c": [-194.49635314941406, 10.91402816772461, 619.4059448242188], "obj_id": 0}, {"cam_R_m2c": [-0.8625186681747437, 0.5016029477119446, -0.06675613671541214, 0.16176185011863708, 0.14831221103668213, -0.975621223449707, -0.47947368025779724, -0.8522899150848389, -0.20906241238117218], "cam_t_m2c": [-194.49635314941406, 10.91402816772461, 619.4059448242188], "obj_id": 1}, {"cam_R_m2c": [-0.8625186681747437, 0.5016029477119446, -0.06675613671541214, 0.16176185011863708, 0.14831221103668213, -0.975621223449707, -0.47947368025779724, -0.8522899150848389, -0.20906241238117218], "cam_t_m2c": [-194.49635314941406, 10.91402816772461, 619.4059448242188], "obj_id": 2}, {"cam_R_m2c": [-0.8625186681747437, 0.5016029477119446, -0.06675613671541214, 0.16176185011863708, 0.14831221103668213, -0.975621223449707, -0.47947368025779724, -0.8522899150848389, -0.20906241238117218], "cam_t_m2c": [-194.49635314941406, 10.91402816772461, 619.4059448242188], "obj_id": 0}, {"cam_R_m2c": [-0.8625186681747437, 0.5016029477119446, -0.06675613671541214, 0.16176185011863708, 0.14831221103668213, -0.975621223449707, -0.47947368025779724, -0.8522899150848389, -0.20906241238117218], "cam_t_m2c": [-194.49635314941406, 10.91402816772461, 619.4059448242188], "obj_id": 0}, {"cam_R_m2c": [0.21217051148414612, -0.31110429763793945, -0.9263895750045776, 0.952586829662323, 0.2773984372615814, 0.12501323223114014, 0.2180868238210678, -0.908990740776062, 0.35520967841148376], "cam_t_m2c": [-97.51724243164062, 50.691165924072266, 437.1439514160156], "obj_id": 1}, {"cam_R_m2c": [-0.4733844995498657, -0.6923418641090393, 0.5445822477340698, -0.8374022245407104, 0.5455030202865601, -0.03440932184457779, -0.27324822545051575, -0.4723232090473175, -0.8380012512207031], "cam_t_m2c": [-102.02326202392578, -54.068382263183594, 739.5565185546875], "obj_id": 2}, {"cam_R_m2c": [-0.050337716937065125, -0.11447744071483612, -0.9921497106552124, -0.9862436652183533, -0.15091000497341156, 0.06745055317878723, -0.15744687616825104, 0.981896698474884, -0.10530619323253632], "cam_t_m2c": [-77.98216247558594, -54.16448211669922, 1015.8866577148438], "obj_id": 3}, {"cam_R_m2c": [0.3212016522884369, 0.8892950415611267, 0.32555171847343445, -0.4794996380805969, -0.1437225341796875, 0.8656928539276123, 0.8166453838348389, -0.4341639280319214, 0.3802526593208313], "cam_t_m2c": [-430.0528869628906, 2.016781806945801, 685.903564453125], "obj_id": 4}],
  "5": [{"cam_R_m2c": [-0.026581162586808205, -0.9978413581848145, 0.06004812940955162, -0.23121671378612518, -0.052303194999694824, -0.9714952111244202, 0.972538948059082, -0.039707738906145096, -0.22932720184326172], "cam_t_m2c": [141.73724365234375, -9.600257873535156, 661.5638427734375], "obj_id": 3}, {"cam_R_m2c": [-0.026581162586808205, -0.9978413581848145, 0.06004812940955162, -0.23121671378612518, -0.052303194999694824, -0.9714952111244202, 0.972538948059082, -0.039707738906145096, -0.22932720184326172], "cam_t_m2c": [141.73724365234375, -9.600257873535156, 661.5638427734375], "obj_id": 0}, {"cam_R_m2c": [-0.026581162586808205, -0.9978413581848145, 0.06004812940955162, -0.23121671378612518, -0.052303194999694824, -0.9714952111244202, 0.972538948059082, -0.039707738906145096, -0.22932720184326172], "cam_t_m2c": [141.73724365234375, -9.600257873535156, 661.5638427734375], "obj_id": 3}, {"cam_R_m2c": [-0.026581162586808205, -0.9978413581848145, 0.06004812940955162, -0.23121671378612518, -0.052303194999694824, -0.9714952111244202, 0.972538948059082, -0.039707738906145096, -0.22932720184326172], "cam_t_m2c": [141.73724365234375, -9.600257873535156, 661.5638427734375], "obj_id": 0}, {"cam_R_m2c": [-0.026581162586808205, -0.9978413581848145, 0.06004812940955162, -0.23121671378612518, -0.052303194999694824, -0.9714952111244202, 0.972538948059082, -0.039707738906145096, -0.22932720184326172], "cam_t_m2c": [141.73724365234375, -9.600257873535156, 661.5638427734375], "obj_id": 1}, {"cam_R_m2c": [-0.026581162586808205, -0.9978413581848145, 0.06004812940955162, -0.23121671378612518, -0.052303194999694824, -0.9714952111244202, 0.972538948059082, -0.039707738906145096, -0.22932720184326172], "cam_t_m2c": [141.73724365234375, -9.600257873535156, 661.5638427734375], "obj_id": 3}, {"cam_R_m2c": [-0.026581162586808205, -0.9978413581848145, 0.06004812940955162, -0.23121671378612518, -0.052303194999694824, -0.9714952111244202, 0.972538948059082, -0.039707738906145096, -0.22932720184326172], "cam_t_m2c": [141.73724365234375, -9.600257873535156, 661.5638427734375], "obj_id": 2}, {"cam_R_m2c": [-0.026581162586808205, -0.9978413581848145, 0.06004812940955162, -0.23121671378612518, -0.052303194999694824, -0.9714952111244202, 0.972538948059082, -0.039707738906145096, -0.22932720184326172], "cam_t_m2c": [141.73724365234375, -9.600257873535156, 661.5638427734375], "obj_id": 0}, {"cam_R_m2c": [-0.026581162586808205, -0.9978413581848145, 0.06004812940955162, -0.23121671378612518, -0.052303194999694824, -0.9714952111244202, 0.972538948059082, -0.039707738906145096, -0.22932720184326172], "cam_t_m2c": [141.73724365234375, -9.600257873535156, 661.5638427734375], "obj_id": 1}, {"cam_R_m2c": [-0.026581162586808205, -0.9978413581848145, 0.06004812940955162, -0.23121671378612518, -0.052303194999694824, -0.9714952111244202, 0.972538948059082, -0.039707738906145096, -0.22932720184326172], "cam_t_m2c": [141.73724365234375, -9.600257873535156, 661.5638427734375], "obj_id": 2}, {"cam_R_m2c": [-0.026581162586808205, -0.9978413581848145, 0.06004812940955162, -0.23121671378612518, -0.052303194999694824, -0.9714952111244202, 0.972538948059082, -0.039707738906145096, -0.22932720184326172], "cam_t_m2c": [141.73724365234375, -9.600257873535156, 661.5638427734375], "obj_id": 0}, {"cam_R_m2c": [-0.026581162586808205, -0.9978413581848145, 0.06004812940955162, -0.23121671378612518, -0.052303194999694824, -0.9714952111244202, 0.972538948059082, -0.039707738906145096, -0.22932720184326172], "cam_t_m2c": [141.73724365234375, -9.600257873535156, 661.5638427734375], "obj_id": 0}, {"cam_R_m2c": [-0.11754585057497025, -0.681893527507782, 0.7219448089599609, 0.9885545372962952, -0.14957545697689056, 0.01967731863260269, 0.09456736594438553, 0.7159947752952576, 0.691670835018158], "cam_t_m2c": [-68.39571380615234, -15.958532333374023, 664.7742309570312], "obj_id": 1}, {"cam_R_m2c": [0.17213481664657593, -0.18337811529636383, -0.9678543210029602, -0.966541588306427, 0.1582416445016861, -0.20188310742378235, 0.19017574191093445, 0.9702225923538208, -0.15000364184379578], "cam_t_m2c": [213.1103057861328, -3.164713144302368, 512.9885864257812], "obj_id": 2}, {"cam_R_m2c": [0.0982872024178505, 0.9221978783607483, 0.374019593000412, -0.9586690664291382, 0.18858195841312408, -0.21305027604103088, -0.26700785756111145, -0.33762091398239136, 0.9026178121566772], "cam_t_m2c": [436.6102294921875, 101.54768371582031, 386.4206237792969], "obj_id": 3}, {"cam_R_m2c": [0.6410959362983704, -0.7672963738441467, -0.01588146574795246, -0.06355798989534378, -0.07370397448539734, 0.9952527284622192, -0.764824390411377, -0.6370430588722229, -0.09601911157369614], "cam_t_m2c": [313.6235656738281, -49.862571716308594, 831.3343505859375], "obj_id": 4}],
  "6": [{"cam_R_m2c": [-0.026581162586808205, -0.9978413581848145, 0.06004812940955162, -0.23121671378612518, -0.052303194999694824, -0.9714952111244202, 0.972538948059082, -0.039707738906145096, -0.22932720184326172], "cam_t_m2c": [141.73724365234375, -9.600257873535156, 661.5638427734375], "obj_id": 3}, {"cam_R_m2c": [-0.026581162586808205, -0.9978413581848145, 0.06004812940955162, -0.23121671378612518, -0.052303194999694824, -0.9714952111244202, 0.972538948059082, -0.039707738906145096, -0.22932720184326172], "cam_t_m2c": [141.73724365234375, -9.600257873535156, 661.5638427734375], "obj_id": 0}, {"cam_R_m2c": [-0.026581162586808205, -0.9978413581848145, 0.06004812940955162, -0.23121671378612518, -0.052303194999694824, -0.9714952111244202, 0.972538948059082, -0.039707738906145096, -0.22932720184326172], "cam_t_m2c": [141.73724365234375, -9.600257873535156, 661.5638427734375], "obj_id": 3}, {"cam_R_m2c": [-0.026581162586808205, -0.9978413581848145, 0.06004812940955162, -0.23121671378612518, -0.052303194999694824, -0.9714952111244202, 0.972538948059082, -0.039707738906145096, -0.22932720184326172], "cam_t_m2c": [141.73724365234375, -9.600257873535156, 661.5638427734375], "obj_id": 0}, {"cam_R_m2c": [-0.026581162586808205, -0.9978413581848145, 0.06004812940955162, -0.23121671378612518, -0.052303194999694824, -0.9714952111244202, 0.972538948059082, -0.039707738906145096, -0.22932720184326172], "cam_t_m2c": [141.73724365234375, -9.600257873535156, 661.5638427734375], "obj_id": 1}, {"cam_R_m2c": [-0.026581162586808205, -0.9978413581848145, 0.06004812940955162, -0.23121671378612518, -0.052303194999694824, -0.9714952111244202, 0.972538948059082, -0.039707738906145096, -0.22932720184326172], "cam_t_m2c": [141.73724365234375, -9.600257873535156, 661.5638427734375], "obj_id": 3}, {"cam_R_m2c": [-0.026581162586808205, -0.9978413581848145, 0.06004812940955162, -0.23121671378612518, -0.052303194999694824, -0.9714952111244202, 0.972538948059082, -0.039707738906145096, -0.22932720184326172], "cam_t_m2c": [141.73724365234375, -9.600257873535156, 661.5638427734375], "obj_id": 2}, {"cam_R_m2c": [-0.026581162586808205, -0.9978413581848145, 0.06004812940955162, -0.23121671378612518, -0.052303194999694824, -0.9714952111244202, 0.972538948059082, -0.039707738906145096, -0.22932720184326172], "cam_t_m2c": [141.73724365234375, -9.600257873535156, 661.5638427734375], "obj_id": 0}, {"cam_R_m2c": [-0.026581162586808205, -0.9978413581848145, 0.06004812940955162, -0.23121671378612518, -0.052303194999694824, -0.9714952111244202, 0.972538948059082, -0.039707738906145096, -0.22932720184326172], "cam_t_m2c": [141.73724365234375, -9.600257873535156, 661.5638427734375], "obj_id": 1}, {"cam_R_m2c": [-0.026581162586808205, -0.9978413581848145, 0.06004812940955162, -0.23121671378612518, -0.052303194999694824, -0.9714952111244202, 0.972538948059082, -0.039707738906145096, -0.22932720184326172], "cam_t_m2c": [141.73724365234375, -9.600257873535156, 661.5638427734375], "obj_id": 2}, {"cam_R_m2c": [-0.026581162586808205, -0.9978413581848145, 0.06004812940955162, -0.23121671378612518, -0.052303194999694824, -0.9714952111244202, 0.972538948059082, -0.039707738906145096, -0.22932720184326172], "cam_t_m2c": [141.73724365234375, -9.600257873535156, 661.5638427734375], "obj_id": 0}, {"cam_R_m2c": [-0.026581162586808205, -0.9978413581848145, 0.06004812940955162, -0.23121671378612518, -0.052303194999694824, -0.9714952111244202, 0.972538948059082, -0.039707738906145096, -0.22932720184326172], "cam_t_m2c": [141.73724365234375, -9.600257873535156, 661.5638427734375], "obj_id": 0}, {"cam_R_m2c": [-0.11754585057497025, -0.681893527507782, 0.7219448089599609, 0.9885545372962952, -0.14957545697689056, 0.01967731863260269, 0.09456736594438553, 0.7159947752952576, 0.691670835018158], "cam_t_m2c": [-68.39571380615234, -15.958532333374023, 664.7742309570312], "obj_id": 1}, {"cam_R_m2c": [0.17213481664657593, -0.18337811529636383, -0.9678543210029602, -0.966541588306427, 0.1582416445016861, -0.20188310742378235, 0.19017574191093445, 0.9702225923538208, -0.15000364184379578], "cam_t_m2c": [213.1103057861328, -3.164713144302368, 512.9885864257812], "obj_id": 2}, {"cam_R_m2c": [0.0982872024178505, 0.9221978783607483, 0.374019593000412, -0.9586690664291382, 0.18858195841312408, -0.21305027604103088, -0.26700785756111145, -0.33762091398239136, 0.9026178121566772], "cam_t_m2c": [436.6102294921875, 101.54768371582031, 386.4206237792969], "obj_id": 3}, {"cam_R_m2c": [0.6410959362983704, -0.7672963738441467, -0.01588146574795246, -0.06355798989534378, -0.07370397448539734, 0.9952527284622192, -0.764824390411377, -0.6370430588722229, -0.09601911157369614], "cam_t_m2c": [313.6235656738281, -49.862571716308594, 831.3343505859375], "obj_id": 4}],
  "7": [{"cam_R_m2c": [0.972313642501831, -0.20334795117378235, -0.11513367295265198, -0.19471244513988495, -0.4325999915599823, -0.8803091645240784, 0.1292022466659546, 0.8783546090126038, -0.4602172374725342], "cam_t_m2c": [160.41177368164062, 46.349945068359375, 369.1488342285156], "obj_id": 3}, {"cam_R_m2c": [0.972313642501831, -0.20334795117378235, -0.11513367295265198, -0.19471244513988495, -0.4325999915599823, -0.8803091645240784, 0.1292022466659546, 0.8783546090126038, -0.4602172374725342], "cam_t_m2c": [160.41177368164062, 46.349945068359375, 369.1488342285156], "obj_id": 0}, {"cam_R_m2c": [0.972313642501831, -0.20334795117378235, -0.11513367295265198, -0.19471244513988495, -0.4325999915599823, -0.8803091645240784, 0.1292022466659546, 0.8783546090126038, -0.4602172374725342], "cam_t_m2c": [160.41177368164062, 46.349945068359375, 369.1488342285156], "obj_id": 3}, {"cam_R_m2c": [0.972313642501831, -0.20334795117378235, -0.11513367295265198, -0.19471244513988495, -0.4325999915599823, -0.8803091645240784, 0.1292022466659546, 0.8783546090126038, -0.4602172374725342], "cam_t_m2c": [160.41177368164062, 46.349945068359375, 369.1488342285156], "obj_id": 0}, {"cam_R_m2c": [0.972313642501831, -0.20334795117378235, -0.11513367295265198, -0.19471244513988495, -0.4325999915599823, -0.8803091645240784, 0.1292022466659546, 0.8783546090126038, -0.4602172374725342], "cam_t_m2c": [160.41177368164062, 46.349945068359375, 369.1488342285156], "obj_id": 1}, {"cam_R_m2c": [0.972313642501831, -0.20334795117378235, -0.11513367295265198, -0.19471244513988495, -0.4325999915599823, -0.8803091645240784, 0.1292022466659546, 0.8783546090126038, -0.4602172374725342], "cam_t_m2c": [160.41177368164062, 46.349945068359375, 369.1488342285156], "obj_id": 3}, {"cam_R_m2c": [0.972313642501831, -0.20334795117378235, -0.11513367295265198, -0.19471244513988495, -0.4325999915599823, -0.8803091645240784, 0.1292022466659546, 0.8783546090126038, -0.4602172374725342], "cam_t_m2c": [160.41177368164062, 46.349945068359375, 369.1488342285156], "obj_id": 2}, {"cam_R_m2c": [0.972313642501831, -0.20334795117378235, -0.11513367295265198, -0.19471244513988495, -0.4325999915599823, -0.8803091645240784, 0.1292022466659546, 0.8783546090126038, -0.4602172374725342], "cam_t_m2c": [160.41177368164062, 46.349945068359375, 369.1488342285156], "obj_id": 0}, {"cam_R_m2c": [0.972313642501831, -0.20334795117378235, -0.11513367295265198, -0.19471244513988495, -0.4325999915599823, -0.8803091645240784, 0.1292022466659546, 0.8783546090126038, -0.4602172374725342], "cam_t_m2c": [160.41177368164062, 46.349945068359375, 369.1488342285156], "obj_id": 1}, {"cam_R_m2c": [0.972313642501831, -0.20334795117378235, -0.11513367295265198, -0.19471244513988495, -0.4325999915599823, -0.8803091645240784, 0.1292022466659546, 0.8783546090126038, -0.4602172374725342], "cam_t_m2c": [160.41177368164062, 46.349945068359375, 369.1488342285156], "obj_id": 2}, {"cam_R_m2c": [0.972313642501831, -0.20334795117378235, -0.11513367295265198, -0.19471244513988495, -0.4325999915599823, -0.8803091645240784, 0.1292022466659546, 0.8783546090126038, -0.4602172374725342], "cam_t_m2c": [160.41177368164062, 46.349945068359375, 369.1488342285156], "obj_id": 0}, {"cam_R_m2c": [0.972313642501831, -0.20334795117378235, -0.11513367295265198, -0.19471244513988495, -0.4325999915599823, -0.8803091645240784, 0.1292022466659546, 0.8783546090126038, -0.4602172374725342], "cam_t_m2c": [160.41177368164062, 46.349945068359375, 369.1488342285156], "obj_id": 0}, {"cam_R_m2c": [-0.028472017496824265, 0.6010212898254395, 0.7987255454063416, 0.8699731230735779, -0.378613144159317, 0.3159090578556061, 0.49227622151374817, 0.7038644552230835, -0.5120924115180969], "cam_t_m2c": [128.4547119140625, -40.10968017578125, 558.1199340820312], "obj_id": 1}, {"cam_R_m2c": [0.31458231806755066, 0.9035120010375977, -0.29103952646255493, -0.8202428817749023, 0.10442875325679779, -0.5624022483825684, -0.47774428129196167, 0.41564491391181946, 0.7739507555961609], "cam_t_m2c": [26.280134201049805, 75.28362274169922, 277.5972900390625], "obj_id": 2}, {"cam_R_m2c": [-0.14687007665634155, -0.19328425824642181, 0.9700878858566284, -0.8549080491065979, 0.5181176066398621, -0.026200102642178535, -0.49755552411079407, -0.8331838846206665, -0.24133624136447906], "cam_t_m2c": [-70.45437622070312, 253.98069763183594, 88.79537963867188], "obj_id": 3}, {"cam_R_m2c": [-0.6340112090110779, -0.747373640537262, -0.19865168631076813, 0.1648048460483551, -0.3815607726573944, 0.9095332622528076, -0.7555588483810425, 0.5439155101776123, 0.36508458852767944], "cam_t_m2c": [360.1686706542969, 80.23515319824219, 231.5371856689453], "obj_id": 4}],
