{
  "0": [{"cam_R_m2c": [-0.38712140917778015, -0.5995616316795349, 0.7004733085632324, 0.5847464799880981, -0.7470327019691467, -0.3162493407726288, 0.7128874659538269, 0.28717243671417236, 0.6397839188575745], "cam_t_m2c": [267.9962158203125, 73.75923919677734, 783.44580078125], "obj_id": 3}, {"cam_R_m2c": [0.725181519985199, 0.5723990201950073, -0.38271546363830566, -0.6210965514183044, 0.30384212732315063, -0.7224395871162415, -0.29723864793777466, 0.7616031169891357, 0.5758557319641113], "cam_t_m2c": [260.0208740234375, 378.79266357421875, 419.00762939453125], "obj_id": 2}, {"cam_R_m2c": [0.0854417011141777, -0.39068275690078735, -0.9165514707565308, -0.6424121260643005, -0.7247635722160339, 0.2490464746952057, -0.7615814208984375, 0.5675249099731445, -0.3129042983055115], "cam_t_m2c": [325.6602783203125, 336.62347412109375, 676.9699096679688], "obj_id": 1}, {"cam_R_m2c": [-0.6506736874580383, 0.7377156615257263, 0.17999833822250366, 0.7250609397888184, 0.6740126013755798, -0.14139892160892487, -0.22563333809375763, 0.03850520774722099, -0.9734510779380798], "cam_t_m2c": [399.8466796875, 208.2583770751953, 642.26953125], "obj_id": 3}, {"cam_R_m2c": [-0.7107939124107361, 0.3649495840072632, 0.6013182997703552, 0.5614793300628662, -0.2205507457256317, 0.7975576519966125, 0.4236895740032196, 0.9045270085334778, -0.048145443201065063], "cam_t_m2c": [608.6497802734375, 515.726318359375, 873.6893920898438], "obj_id": 3}, {"cam_R_m2c": [-0.6257580518722534, -0.2829964756965637, -0.7268697023391724, 0.6612648367881775, 0.30178025364875793, -0.6867731213569641, 0.41370925307273865, -0.9104073643684387, -0.0017056860961019993], "cam_t_m2c": [123.29105377197266, 370.5312805175781, 374.3125], "obj_id": 2}, {"cam_R_m2c": [-0.5995455980300903, 0.1814938187599182, 0.7794902920722961, 0.5156038403511047, -0.6573169231414795, 0.549624502658844, 0.6121256351470947, 0.7314331531524658, 0.3005125820636749], "cam_t_m2c": [397.8540954589844, 437.8494873046875, 525.3377075195312], "obj_id": 0}, {"cam_R_m2c": [0.17301487922668457, -0.46019232273101807, 0.8707978129386902, -0.3676793575286865, 0.790036678314209, 0.49056488275527954, -0.9137164354324341, -0.4050494134426117, -0.03251512348651886], "cam_t_m2c": [158.8970947265625, 360.6390686035156, 438.36090087890625], "obj_id": 0}, {"cam_R_m2c": [-0.6163851022720337, 0.1653757393360138, 0.7698832750320435, 0.7419436573982239, -0.20556244254112244, 0.6381721496582031, 0.2637972831726074, 0.9645698070526123, 0.004006142728030682], "cam_t_m2c": [348.3359069824219, 275.13446044921875, 710.5194091796875], "obj_id": 0}, {"cam_R_m2c": [-0.38750678300857544, 0.8639358282089233, 0.32164114713668823, 0.9193018078804016, 0.3361367881298065, 0.20468543469905853, 0.06871969997882843, 0.37500232458114624, -0.9244730472564697], "cam_t_m2c": [233.1221923828125, 341.0215148925781, 431.6831359863281], "obj_id": 1}],
  "1": [{"cam_R_m2c": [-0.38712140917778015, -0.5995616316795349, 0.7004733085632324, 0.5847464799880981, -0.7470327019691467, -0.3162493407726288, 0.7128874659538269, 0.28717243671417236, 0.6397839188575745], "cam_t_m2c": [267.9962158203125, 73.75923919677734, 783.44580078125], "obj_id": 3}, {"cam_R_m2c": [0.725181519985199, 0.5723990201950073, -0.38271546363830566, -0.6210965514183044, 0.30384212732315063, -0.7224395871162415, -0.29723864793777466, 0.7616031169891357, 0.5758557319641113], "cam_t_m2c": [260.0208740234375, 378.79266357421875, 419.00762939453125], "obj_id": 2}, {"cam_R_m2c": [0.0854417011141777, -0.39068275690078735, -0.9165514707565308, -0.6424121260643005, -0.7247635722160339, 0.2490464746952057, -0.7615814208984375, 0.5675249099731445, -0.3129042983055115], "cam_t_m2c": [325.6602783203125, 336.62347412109375, 676.9699096679688], "obj_id": 1}, {"cam_R_m2c": [-0.6506736874580383, 0.7377156615257263, 0.17999833822250366, 0.7250609397888184, 0.6740126013755798, -0.14139892160892487, -0.22563333809375763, 0.03850520774722099, -0.9734510779380798], "cam_t_m2c": [399.8466796875, 208.2583770751953, 642.26953125], "obj_id": 3}, {"cam_R_m2c": [-0.7107939124107361, 0.3649495840072632, 0.6013182997703552, 0.5614793300628662, -0.2205507457256317, 0.7975576519966125, 0.4236895740032196, 0.9045270085334778, -0.048145443201065063], "cam_t_m2c": [608.6497802734375, 515.726318359375, 873.6893920898438], "obj_id": 3}, {"cam_R_m2c": [-0.6257580518722534, -0.2829964756965637, -0.7268697023391724, 0.6612648367881775, 0.30178025364875793, -0.6867731213569641, 0.41370925307273865, -0.9104073643684387, -0.0017056860961019993], "cam_t_m2c": [123.29105377197266, 370.5312805175781, 374.3125], "obj_id": 2}, {"cam_R_m2c": [-0.5995455980300903, 0.1814938187599182, 0.7794902920722961, 0.5156038403511047, -0.6573169231414795, 0.549624502658844, 0.6121256351470947, 0.7314331531524658, 0.3005125820636749], "cam_t_m2c": [397.8540954589844, 437.8494873046875, 525.3377075195312], "obj_id": 0}, {"cam_R_m2c": [0.17301487922668457, -0.46019232273101807, 0.8707978129386902, -0.3676793575286865, 0.790036678314209, 0.49056488275527954, -0.9137164354324341, -0.4050494134426117, -0.03251512348651886], "cam_t_m2c": [158.8970947265625, 360.6390686035156, 438.36090087890625], "obj_id": 0}, {"cam_R_m2c": [-0.6163851022720337, 0.1653757393360138, 0.7698832750320435, 0.7419436573982239, -0.20556244254112244, 0.6381721496582031, 0.2637972831726074, 0.9645698070526123, 0.004006142728030682], "cam_t_m2c": [348.3359069824219, 275.13446044921875, 710.5194091796875], "obj_id": 0}, {"cam_R_m2c": [-0.38750678300857544, 0.8639358282089233, 0.32164114713668823, 0.9193018078804016, 0.3361367881298065, 0.20468543469905853, 0.06871969997882843, 0.37500232458114624, -0.9244730472564697], "cam_t_m2c": [233.1221923828125, 341.0215148925781, 431.6831359863281], "obj_id": 1}],
  "2": [{"cam_R_m2c": [-0.38712140917778015, -0.5995616316795349, 0.7004733085632324, 0.5847464799880981, -0.7470327019691467, -0.3162493407726288, 0.7128874659538269, 0.28717243671417236, 0.6397839188575745], "cam_t_m2c": [267.9962158203125, 73.75923919677734, 783.44580078125], "obj_id": 3}, {"cam_R_m2c": [0.725181519985199, 0.5723990201950073, -0.38271546363830566, -0.6210965514183044, 0.30384212732315063, -0.7224395871162415, -0.29723864793777466, 0.7616031169891357, 0.5758557319641113], "cam_t_m2c": [260.0208740234375, 378.79266357421875, 419.00762939453125], "obj_id": 2}, {"cam_R_m2c": [0.0854417011141777, -0.39068275690078735, -0.9165514707565308, -0.6424121260643005, -0.7247635722160339, 0.2490464746952057, -0.7615814208984375, 0.5675249099731445, -0.3129042983055115], "cam_t_m2c": [325.6602783203125, 336.62347412109375, 676.9699096679688], "obj_id": 1}, {"cam_R_m2c": [-0.6506736874580383, 0.7377156615257263, 0.17999833822250366, 0.7250609397888184, 0.6740126013755798, -0.14139892160892487, -0.22563333809375763, 0.03850520774722099, -0.9734510779380798], "cam_t_m2c": [399.8466796875, 208.2583770751953, 642.26953125], "obj_id": 3}, {"cam_R_m2c": [-0.7107939124107361, 0.3649495840072632, 0.6013182997703552, 0.5614793300628662, -0.2205507457256317, 0.7975576519966125, 0.4236895740032196, 0.9045270085334778, -0.048145443201065063], "cam_t_m2c": [608.6497802734375, 515.726318359375, 873.6893920898438], "obj_id": 3}, {"cam_R_m2c": [-0.6257580518722534, -0.2829964756965637, -0.7268697023391724, 0.6612648367881775, 0.30178025364875793, -0.6867731213569641, 0.41370925307273865, -0.9104073643684387, -0.0017056860961019993], "cam_t_m2c": [123.29105377197266, 370.5312805175781, 374.3125], "obj_id": 2}, {"cam_R_m2c": [-0.5995455980300903, 0.1814938187599182, 0.7794902920722961, 0.5156038403511047, -0.6573169231414795, 0.549624502658844, 0.6121256351470947, 0.7314331531524658, 0.3005125820636749], "cam_t_m2c": [397.8540954589844, 437.8494873046875, 525.3377075195312], "obj_id": 0}, {"cam_R_m2c": [0.17301487922668457, -0.46019232273101807, 0.8707978129386902, -0.3676793575286865, 0.790036678314209, 0.49056488275527954, -0.9137164354324341, -0.4050494134426117, -0.03251512348651886], "cam_t_m2c": [158.8970947265625, 360.6390686035156, 438.36090087890625], "obj_id": 0}, {"cam_R_m2c": [-0.6163851022720337, 0.1653757393360138, 0.7698832750320435, 0.7419436573982239, -0.20556244254112244, 0.6381721496582031, 0.2637972831726074, 0.9645698070526123, 0.004006142728030682], "cam_t_m2c": [348.3359069824219, 275.13446044921875, 710.5194091796875], "obj_id": 0}, {"cam_R_m2c": [-0.38750678300857544, 0.8639358282089233, 0.32164114713668823, 0.9193018078804016, 0.3361367881298065, 0.20468543469905853, 0.06871969997882843, 0.37500232458114624, -0.9244730472564697], "cam_t_m2c": [233.1221923828125, 341.0215148925781, 431.6831359863281], "obj_id": 1}],
  "3": [{"cam_R_m2c": [-0.38712140917778015, -0.5995616316795349, 0.7004733085632324, 0.5847464799880981, -0.7470327019691467, -0.3162493407726288, 0.7128874659538269, 0.28717243671417236, 0.6397839188575745], "cam_t_m2c": [267.9962158203125, 73.75923919677734, 783.44580078125], "obj_id": 3}, {"cam_R_m2c": [0.725181519985199, 0.5723990201950073, -0.38271546363830566, -0.6210965514183044, 0.30384212732315063, -0.7224395871162415, -0.29723864793777466, 0.7616031169891357, 0.5758557319641113], "cam_t_m2c": [260.0208740234375, 378.79266357421875, 419.00762939453125], "obj_id": 2}, {"cam_R_m2c": [0.0854417011141777, -0.39068275690078735, -0.9165514707565308, -0.6424121260643005, -0.7247635722160339, 0.2490464746952057, -0.7615814208984375, 0.5675249099731445, -0.3129042983055115], "cam_t_m2c": [325.6602783203125, 336.62347412109375, 676.9699096679688], "obj_id": 1}, {"cam_R_m2c": [-0.6506736874580383, 0.7377156615257263, 0.17999833822250366, 0.7250609397888184, 0.6740126013755798, -0.14139892160892487, -0.22563333809375763, 0.03850520774722099, -0.9734510779380798], "cam_t_m2c": [399.8466796875, 208.2583770751953, 642.26953125], "obj_id": 3}, {"cam_R_m2c": [-0.7107939124107361, 0.3649495840072632, 0.6013182997703552, 0.5614793300628662, -0.2205507457256317, 0.7975576519966125, 0.4236895740032196, 0.9045270085334778, -0.048145443201065063], "cam_t_m2c": [608.6497802734375, 515.726318359375, 873.6893920898438], "obj_id": 3}, {"cam_R_m2c": [-0.6257580518722534, -0.2829964756965637, -0.7268697023391724, 0.6612648367881775, 0.30178025364875793, -0.6867731213569641, 0.41370925307273865, -0.9104073643684387, -0.0017056860961019993], "cam_t_m2c": [123.29105377197266, 370.5312805175781, 374.3125], "obj_id": 2}, {"cam_R_m2c": [-0.5995455980300903, 0.1814938187599182, 0.7794902920722961, 0.5156038403511047, -0.6573169231414795, 0.549624502658844, 0.6121256351470947, 0.7314331531524658, 0.3005125820636749], "cam_t_m2c": [397.8540954589844, 437.8494873046875, 525.3377075195312], "obj_id": 0}, {"cam_R_m2c": [0.17301487922668457, -0.46019232273101807, 0.8707978129386902, -0.3676793575286865, 0.790036678314209, 0.49056488275527954, -0.9137164354324341, -0.4050494134426117, -0.03251512348651886], "cam_t_m2c": [158.8970947265625, 360.6390686035156, 438.36090087890625], "obj_id": 0}, {"cam_R_m2c": [-0.6163851022720337, 0.1653757393360138, 0.7698832750320435, 0.7419436573982239, -0.20556244254112244, 0.6381721496582031, 0.2637972831726074, 0.9645698070526123, 0.004006142728030682], "cam_t_m2c": [348.3359069824219, 275.13446044921875, 710.5194091796875], "obj_id": 0}, {"cam_R_m2c": [-0.38750678300857544, 0.8639358282089233, 0.32164114713668823, 0.9193018078804016, 0.3361367881298065, 0.20468543469905853, 0.06871969997882843, 0.37500232458114624, -0.9244730472564697], "cam_t_m2c": [233.1221923828125, 341.0215148925781, 431.6831359863281], "obj_id": 1}],
  "4": [{"cam_R_m2c": [-0.38712140917778015, -0.5995616316795349, 0.7004733085632324, 0.5847464799880981, -0.7470327019691467, -0.3162493407726288, 0.7128874659538269, 0.28717243671417236, 0.6397839188575745], "cam_t_m2c": [267.9962158203125, 73.75923919677734, 783.44580078125], "obj_id": 3}, {"cam_R_m2c": [0.725181519985199, 0.5723990201950073, -0.38271546363830566, -0.6210965514183044, 0.30384212732315063, -0.7224395871162415, -0.29723864793777466, 0.7616031169891357, 0.5758557319641113], "cam_t_m2c": [260.0208740234375, 378.79266357421875, 419.00762939453125], "obj_id": 2}, {"cam_R_m2c": [0.0854417011141777, -0.39068275690078735, -0.9165514707565308, -0.6424121260643005, -0.7247635722160339, 0.2490464746952057, -0.7615814208984375, 0.5675249099731445, -0.3129042983055115], "cam_t_m2c": [325.6602783203125, 336.62347412109375, 676.9699096679688], "obj_id": 1}, {"cam_R_m2c": [-0.6506736874580383, 0.7377156615257263, 0.17999833822250366, 0.7250609397888184, 0.6740126013755798, -0.14139892160892487, -0.22563333809375763, 0.03850520774722099, -0.9734510779380798], "cam_t_m2c": [399.8466796875, 208.2583770751953, 642.26953125], "obj_id": 3}, {"cam_R_m2c": [-0.7107939124107361, 0.3649495840072632, 0.6013182997703552, 0.5614793300628662, -0.2205507457256317, 0.7975576519966125, 0.4236895740032196, 0.9045270085334778, -0.048145443201065063], "cam_t_m2c": [608.6497802734375, 515.726318359375, 873.6893920898438], "obj_id": 3}, {"cam_R_m2c": [-0.6257580518722534, -0.2829964756965637, -0.7268697023391724, 0.6612648367881775, 0.30178025364875793, -0.6867731213569641, 0.41370925307273865, -0.9104073643684387, -0.0017056860961019993], "cam_t_m2c": [123.29105377197266, 370.5312805175781, 374.3125], "obj_id": 2}, {"cam_R_m2c": [-0.5995455980300903, 0.1814938187599182, 0.7794902920722961, 0.5156038403511047, -0.6573169231414795, 0.549624502658844, 0.6121256351470947, 0.7314331531524658, 0.3005125820636749], "cam_t_m2c": [397.8540954589844, 437.8494873046875, 525.3377075195312], "obj_id": 0}, {"cam_R_m2c": [0.17301487922668457, -0.46019232273101807, 0.8707978129386902, -0.3676793575286865, 0.790036678314209, 0.49056488275527954, -0.9137164354324341, -0.4050494134426117, -0.03251512348651886], "cam_t_m2c": [158.8970947265625, 360.6390686035156, 438.36090087890625], "obj_id": 0}, {"cam_R_m2c": [-0.6163851022720337, 0.1653757393360138, 0.7698832750320435, 0.7419436573982239, -0.20556244254112244, 0.6381721496582031, 0.2637972831726074, 0.9645698070526123, 0.004006142728030682], "cam_t_m2c": [348.3359069824219, 275.13446044921875, 710.5194091796875], "obj_id": 0}, {"cam_R_m2c": [-0.38750678300857544, 0.8639358282089233, 0.32164114713668823, 0.9193018078804016, 0.3361367881298065, 0.20468543469905853, 0.06871969997882843, 0.37500232458114624, -0.9244730472564697], "cam_t_m2c": [233.1221923828125, 341.0215148925781, 431.6831359863281], "obj_id": 1}]
}