{
  "0": [{"cam_R_m2c": [0.7460834980010986, -0.5063660740852356, 0.43238046765327454, -0.10557780414819717, -0.7311128377914429, -0.6740380525588989, 0.6574289202690125, 0.4572388827800751, -0.5989322662353516], "cam_t_m2c": [-83.73429870605469, -92.09280395507812, 266.4862976074219], "obj_id": 1}, {"cam_R_m2c": [0.7460834980010986, -0.5063660740852356, 0.43238046765327454, -0.10557780414819717, -0.7311128377914429, -0.6740380525588989, 0.6574289202690125, 0.4572388827800751, -0.5989322662353516], "cam_t_m2c": [-83.73429870605469, -92.09280395507812, 266.4862976074219], "obj_id": 2}, {"cam_R_m2c": [0.7460834980010986, -0.5063660740852356, 0.43238046765327454, -0.10557780414819717, -0.7311128377914429, -0.6740380525588989, 0.6574289202690125, 0.4572388827800751, -0.5989322662353516], "cam_t_m2c": [-83.73429870605469, -92.09280395507812, 266.4862976074219], "obj_id": 3}, {"cam_R_m2c": [0.7460834980010986, -0.5063660740852356, 0.43238046765327454, -0.10557780414819717, -0.7311128377914429, -0.6740380525588989, 0.6574289202690125, 0.4572388827800751, -0.5989322662353516], "cam_t_m2c": [-83.73429870605469, -92.09280395507812, 266.4862976074219], "obj_id": 1}, {"cam_R_m2c": [0.7460834980010986, -0.5063660740852356, 0.43238046765327454, -0.10557780414819717, -0.7311128377914429, -0.6740380525588989, 0.6574289202690125, 0.4572388827800751, -0.5989322662353516], "cam_t_m2c": [-83.73429870605469, -92.09280395507812, 266.4862976074219], "obj_id": 3}, {"cam_R_m2c": [0.7460834980010986, -0.5063660740852356, 0.43238046765327454, -0.10557780414819717, -0.7311128377914429, -0.6740380525588989, 0.6574289202690125, 0.4572388827800751, -0.5989322662353516], "cam_t_m2c": [-83.73429870605469, -92.09280395507812, 266.4862976074219], "obj_id": 3}, {"cam_R_m2c": [0.7460834980010986, -0.5063660740852356, 0.43238046765327454, -0.10557780414819717, -0.7311128377914429, -0.6740380525588989, 0.6574289202690125, 0.4572388827800751, -0.5989322662353516], "cam_t_m2c": [-83.73429870605469, -92.09280395507812, 266.4862976074219], "obj_id": 1}, {"cam_R_m2c": [0.7460834980010986, -0.5063660740852356, 0.43238046765327454, -0.10557780414819717, -0.7311128377914429, -0.6740380525588989, 0.6574289202690125, 0.4572388827800751, -0.5989322662353516], "cam_t_m2c": [-83.73429870605469, -92.09280395507812, 266.4862976074219], "obj_id": 3}, {"cam_R_m2c": [0.7460834980010986, -0.5063660740852356, 0.43238046765327454, -0.10557780414819717, -0.7311128377914429, -0.6740380525588989, 0.6574289202690125, 0.4572388827800751, -0.5989322662353516], "cam_t_m2c": [-83.73429870605469, -92.09280395507812, 266.4862976074219], "obj_id": 3}, {"cam_R_m2c": [0.7460834980010986, -0.5063660740852356, 0.43238046765327454, -0.10557780414819717, -0.7311128377914429, -0.6740380525588989, 0.6574289202690125, 0.4572388827800751, -0.5989322662353516], "cam_t_m2c": [-83.73429870605469, -92.09280395507812, 266.4862976074219], "obj_id": 3}, {"cam_R_m2c": [0.7460834980010986, -0.5063660740852356, 0.43238046765327454, -0.10557780414819717, -0.7311128377914429, -0.6740380525588989, 0.6574289202690125, 0.4572388827800751, -0.5989322662353516], "cam_t_m2c": [-83.73429870605469, -92.09280395507812, 266.4862976074219], "obj_id": 1}, {"cam_R_m2c": [0.7460834980010986, -0.5063660740852356, 0.43238046765327454, -0.10557780414819717, -0.7311128377914429, -0.6740380525588989, 0.6574289202690125, 0.4572388827800751, -0.5989322662353516], "cam_t_m2c": [-83.73429870605469, -92.09280395507812, 266.4862976074219], "obj_id": 2}, {"cam_R_m2c": [0.7460834980010986, -0.5063660740852356, 0.43238046765327454, -0.10557780414819717, -0.7311128377914429, -0.6740380525588989, 0.6574289202690125, 0.4572388827800751, -0.5989322662353516], "cam_t_m2c": [-83.73429870605469, -92.09280395507812, 266.4862976074219], "obj_id": 1}, {"cam_R_m2c": [0.7460834980010986, -0.5063660740852356, 0.43238046765327454, -0.10557780414819717, -0.7311128377914429, -0.6740380525588989, 0.6574289202690125, 0.4572388827800751, -0.5989322662353516], "cam_t_m2c": [-83.73429870605469, -92.09280395507812, 266.4862976074219], "obj_id": 2}, {"cam_R_m2c": [0.7460834980010986, -0.5063660740852356, 0.43238046765327454, -0.10557780414819717, -0.7311128377914429, -0.6740380525588989, 0.6574289202690125, 0.4572388827800751, -0.5989322662353516], "cam_t_m2c": [-83.73429870605469, -92.09280395507812, 266.4862976074219], "obj_id": 3}, {"cam_R_m2c": [0.7460834980010986, -0.5063660740852356, 0.43238046765327454, -0.10557780414819717, -0.7311128377914429, -0.6740380525588989, 0.6574289202690125, 0.4572388827800751, -0.5989322662353516], "cam_t_m2c": [-83.73429870605469, -92.09280395507812, 266.4862976074219], "obj_id": 1}, {"cam_R_m2c": [0.7460834980010986, -0.5063660740852356, 0.43238046765327454, -0.10557780414819717, -0.7311128377914429, -0.6740380525588989, 0.6574289202690125, 0.4572388827800751, -0.5989322662353516], "cam_t_m2c": [-83.73429870605469, -92.09280395507812, 266.4862976074219], "obj_id": 1}, {"cam_R_m2c": [0.7460834980010986, -0.5063660740852356, 0.43238046765327454, -0.10557780414819717, -0.7311128377914429, -0.6740380525588989, 0.6574289202690125, 0.4572388827800751, -0.5989322662353516], "cam_t_m2c": [-83.73429870605469, -92.09280395507812, 266.4862976074219], "obj_id": 1}, {"cam_R_m2c": [0.7460834980010986, -0.5063660740852356, 0.43238046765327454, -0.10557780414819717, -0.7311128377914429, -0.6740380525588989, 0.6574289202690125, 0.4572388827800751, -0.5989322662353516], "cam_t_m2c": [-83.73429870605469, -92.09280395507812, 266.4862976074219], "obj_id": 1}, {"cam_R_m2c": [0.7460834980010986, -0.5063660740852356, 0.43238046765327454, -0.10557780414819717, -0.7311128377914429, -0.6740380525588989, 0.6574289202690125, 0.4572388827800751, -0.5989322662353516], "cam_t_m2c": [-83.73429870605469, -92.09280395507812, 266.4862976074219], "obj_id": 2}, {"cam_R_m2c": [0.7460834980010986, -0.5063660740852356, 0.43238046765327454, -0.10557780414819717, -0.7311128377914429, -0.6740380525588989, 0.6574289202690125, 0.4572388827800751, -0.5989322662353516], "cam_t_m2c": [-83.73429870605469, -92.09280395507812, 266.4862976074219], "obj_id": 1}, {"cam_R_m2c": [0.7460834980010986, -0.5063660740852356, 0.43238046765327454, -0.10557780414819717, -0.7311128377914429, -0.6740380525588989, 0.6574289202690125, 0.4572388827800751, -0.5989322662353516], "cam_t_m2c": [-83.73429870605469, -92.09280395507812, 266.4862976074219], "obj_id": 2}, {"cam_R_m2c": [0.7460834980010986, -0.5063660740852356, 0.43238046765327454, -0.10557780414819717, -0.7311128377914429, -0.6740380525588989, 0.6574289202690125, 0.4572388827800751, -0.5989322662353516], "cam_t_m2c": [-83.73429870605469, -92.09280395507812, 266.4862976074219], "obj_id": 3}, {"cam_R_m2c": [0.7460834980010986, -0.5063660740852356, 0.43238046765327454, -0.10557780414819717, -0.7311128377914429, -0.6740380525588989, 0.6574289202690125, 0.4572388827800751, -0.5989322662353516], "cam_t_m2c": [-83.73429870605469, -92.09280395507812, 266.4862976074219], "obj_id": 1}, {"cam_R_m2c": [0.48120155930519104, -0.2875334620475769, 0.8281120657920837, 0.10672950744628906, -0.9184305667877197, -0.3809121251106262, 0.8700883984565735, 0.27167949080467224, -0.4112618565559387], "cam_t_m2c": [-3567.31982421875, 5146.98486328125, 5147.63134765625], "obj_id": 0}, {"cam_R_m2c": [0.20812579989433289, -0.9356661438941956, -0.28497806191444397, 0.9039736986160278, 0.29527074098587036, -0.30926793813705444, 0.3735172152519226, -0.1932460516691208, 0.9072710871696472], "cam_t_m2c": [-259.1927490234375, -144.44529724121094, 157.3057098388672], "obj_id": 3}, {"cam_R_m2c": [-0.13489004969596863, -0.8632336258888245, 0.4864489436149597, -0.37393537163734436, 0.49898287653923035, 0.7817854285240173, -0.9175931215286255, -0.07644544541835785, -0.39010143280029297], "cam_t_m2c": [39.40507888793945, -84.65870666503906, 297.6116638183594], "obj_id": 3}, {"cam_R_m2c": [0.7572323679924011, -0.5824981927871704, -0.295457124710083, -0.5710572004318237, -0.810004711151123, 0.13336396217346191, -0.3170059323310852, 0.06773540377616882, -0.9460015892982483], "cam_t_m2c": [-79.15535736083984, -3.933018922805786, 122.49783325195312], "obj_id": 1}, {"cam_R_m2c": [-0.20687487721443176, 0.8988163471221924, -0.38643497228622437, -0.09252645075321198, 0.37523525953292847, 0.9223000407218933, 0.9739823341369629, 0.22655616700649261, 0.005537536460906267], "cam_t_m2c": [-50.58451843261719, -182.92974853515625, 435.8637390136719], "obj_id": 1}, {"cam_R_m2c": [-0.12786535918712616, 0.803220272064209, 0.5817968845367432, 0.8149330019950867, -0.24925287067890167, 0.5232180953025818, 0.5652739405632019, 0.5410269498825073, -0.6226998567581177], "cam_t_m2c": [-3414.06396484375, 5245.890625, 5139.11865234375], "obj_id": 0}, {"cam_R_m2c": [0.37195560336112976, 0.1854710876941681, -0.9095324873924255, 0.9282481670379639, -0.0721304714679718, 0.36490049958229065, 0.002073401352390647, -0.9799987077713013, -0.19899249076843262], "cam_t_m2c": [-128.4219207763672, 32.09236145019531, 35.50618362426758], "obj_id": 0}, {"cam_R_m2c": [0.033421844244003296, -0.8901984691619873, 0.4543451964855194, -0.21325398981571198, 0.4377782940864563, 0.8734259605407715, -0.9764249324798584, -0.1260824054479599, -0.1752070039510727], "cam_t_m2c": [12.432618141174316, -12.990195274353027, 199.8968048095703], "obj_id": 3}],
  "1": [{"cam_R_m2c": [-0.48408079147338867, -0.5473366975784302, -0.6827066540718079, 0.17368844151496887, 0.704586386680603, -0.6880336999893188, 0.857611894607544, -0.45164215564727783, -0.2460106611251831], "cam_t_m2c": [-67.7464828491211, 132.2869415283203, 123.05277252197266], "obj_id": 1}, {"cam_R_m2c": [-0.48408079147338867, -0.5473366975784302, -0.6827066540718079, 0.17368844151496887, 0.704586386680603, -0.6880336999893188, 0.857611894607544, -0.45164215564727783, -0.2460106611251831], "cam_t_m2c": [-67.7464828491211, 132.2869415283203, 123.05277252197266], "obj_id": 2}, {"cam_R_m2c": [-0.48408079147338867, -0.5473366975784302, -0.6827066540718079, 0.17368844151496887, 0.704586386680603, -0.6880336999893188, 0.857611894607544, -0.45164215564727783, -0.2460106611251831], "cam_t_m2c": [-67.7464828491211, 132.2869415283203, 123.05277252197266], "obj_id": 3}, {"cam_R_m2c": [-0.48408079147338867, -0.5473366975784302, -0.6827066540718079, 0.17368844151496887, 0.704586386680603, -0.6880336999893188, 0.857611894607544, -0.45164215564727783, -0.2460106611251831], "cam_t_m2c": [-67.7464828491211, 132.2869415283203, 123.05277252197266], "obj_id": 1}, {"cam_R_m2c": [-0.48408079147338867, -0.5473366975784302, -0.6827066540718079, 0.17368844151496887, 0.704586386680603, -0.6880336999893188, 0.857611894607544, -0.45164215564727783, -0.2460106611251831], "cam_t_m2c": [-67.7464828491211, 132.2869415283203, 123.05277252197266], "obj_id": 3}, {"cam_R_m2c": [-0.48408079147338867, -0.5473366975784302, -0.6827066540718079, 0.17368844151496887, 0.704586386680603, -0.6880336999893188, 0.857611894607544, -0.45164215564727783, -0.2460106611251831], "cam_t_m2c": [-67.7464828491211, 132.2869415283203, 123.05277252197266], "obj_id": 3}, {"cam_R_m2c": [-0.48408079147338867, -0.5473366975784302, -0.6827066540718079, 0.17368844151496887, 0.704586386680603, -0.6880336999893188, 0.857611894607544, -0.45164215564727783, -0.2460106611251831], "cam_t_m2c": [-67.7464828491211, 132.2869415283203, 123.05277252197266], "obj_id": 1}, {"cam_R_m2c": [-0.48408079147338867, -0.5473366975784302, -0.6827066540718079, 0.17368844151496887, 0.704586386680603, -0.6880336999893188, 0.857611894607544, -0.45164215564727783, -0.2460106611251831], "cam_t_m2c": [-67.7464828491211, 132.2869415283203, 123.05277252197266], "obj_id": 3}, {"cam_R_m2c": [-0.48408079147338867, -0.5473366975784302, -0.6827066540718079, 0.17368844151496887, 0.704586386680603, -0.6880336999893188, 0.857611894607544, -0.45164215564727783, -0.2460106611251831], "cam_t_m2c": [-67.7464828491211, 132.2869415283203, 123.05277252197266], "obj_id": 3}, {"cam_R_m2c": [-0.48408079147338867, -0.5473366975784302, -0.6827066540718079, 0.17368844151496887, 0.704586386680603, -0.6880336999893188, 0.857611894607544, -0.45164215564727783, -0.2460106611251831], "cam_t_m2c": [-67.7464828491211, 132.2869415283203, 123.05277252197266], "obj_id": 3}, {"cam_R_m2c": [-0.48408079147338867, -0.5473366975784302, -0.6827066540718079, 0.17368844151496887, 0.704586386680603, -0.6880336999893188, 0.857611894607544, -0.45164215564727783, -0.2460106611251831], "cam_t_m2c": [-67.7464828491211, 132.2869415283203, 123.05277252197266], "obj_id": 1}, {"cam_R_m2c": [-0.48408079147338867, -0.5473366975784302, -0.6827066540718079, 0.17368844151496887, 0.704586386680603, -0.6880336999893188, 0.857611894607544, -0.45164215564727783, -0.2460106611251831], "cam_t_m2c": [-67.7464828491211, 132.2869415283203, 123.05277252197266], "obj_id": 2}, {"cam_R_m2c": [-0.48408079147338867, -0.5473366975784302, -0.6827066540718079, 0.17368844151496887, 0.704586386680603, -0.6880336999893188, 0.857611894607544, -0.45164215564727783, -0.2460106611251831], "cam_t_m2c": [-67.7464828491211, 132.2869415283203, 123.05277252197266], "obj_id": 1}, {"cam_R_m2c": [-0.48408079147338867, -0.5473366975784302, -0.6827066540718079, 0.17368844151496887, 0.704586386680603, -0.6880336999893188, 0.857611894607544, -0.45164215564727783, -0.2460106611251831], "cam_t_m2c": [-67.7464828491211, 132.2869415283203, 123.05277252197266], "obj_id": 2}, {"cam_R_m2c": [-0.48408079147338867, -0.5473366975784302, -0.6827066540718079, 0.17368844151496887, 0.704586386680603, -0.6880336999893188, 0.857611894607544, -0.45164215564727783, -0.2460106611251831], "cam_t_m2c": [-67.7464828491211, 132.2869415283203, 123.05277252197266], "obj_id": 3}, {"cam_R_m2c": [-0.48408079147338867, -0.5473366975784302, -0.6827066540718079, 0.17368844151496887, 0.704586386680603, -0.6880336999893188, 0.857611894607544, -0.45164215564727783, -0.2460106611251831], "cam_t_m2c": [-67.7464828491211, 132.2869415283203, 123.05277252197266], "obj_id": 1}, {"cam_R_m2c": [-0.48408079147338867, -0.5473366975784302, -0.6827066540718079, 0.17368844151496887, 0.704586386680603, -0.6880336999893188, 0.857611894607544, -0.45164215564727783, -0.2460106611251831], "cam_t_m2c": [-67.7464828491211, 132.2869415283203, 123.05277252197266], "obj_id": 1}, {"cam_R_m2c": [-0.48408079147338867, -0.5473366975784302, -0.6827066540718079, 0.17368844151496887, 0.704586386680603, -0.6880336999893188, 0.857611894607544, -0.45164215564727783, -0.2460106611251831], "cam_t_m2c": [-67.7464828491211, 132.2869415283203, 123.05277252197266], "obj_id": 1}, {"cam_R_m2c": [-0.48408079147338867, -0.5473366975784302, -0.6827066540718079, 0.17368844151496887, 0.704586386680603, -0.6880336999893188, 0.857611894607544, -0.45164215564727783, -0.2460106611251831], "cam_t_m2c": [-67.7464828491211, 132.2869415283203, 123.05277252197266], "obj_id": 1}, {"cam_R_m2c": [-0.48408079147338867, -0.5473366975784302, -0.6827066540718079, 0.17368844151496887, 0.704586386680603, -0.6880336999893188, 0.857611894607544, -0.45164215564727783, -0.2460106611251831], "cam_t_m2c": [-67.7464828491211, 132.2869415283203, 123.05277252197266], "obj_id": 2}, {"cam_R_m2c": [-0.48408079147338867, -0.5473366975784302, -0.6827066540718079, 0.17368844151496887, 0.704586386680603, -0.6880336999893188, 0.857611894607544, -0.45164215564727783, -0.2460106611251831], "cam_t_m2c": [-67.7464828491211, 132.2869415283203, 123.05277252197266], "obj_id": 1}, {"cam_R_m2c": [-0.48408079147338867, -0.5473366975784302, -0.6827066540718079, 0.17368844151496887, 0.704586386680603, -0.6880336999893188, 0.857611894607544, -0.45164215564727783, -0.2460106611251831], "cam_t_m2c": [-67.7464828491211, 132.2869415283203, 123.05277252197266], "obj_id": 2}, {"cam_R_m2c": [-0.48408079147338867, -0.5473366975784302, -0.6827066540718079, 0.17368844151496887, 0.704586386680603, -0.6880336999893188, 0.857611894607544, -0.45164215564727783, -0.2460106611251831], "cam_t_m2c": [-67.7464828491211, 132.2869415283203, 123.05277252197266], "obj_id": 3}, {"cam_R_m2c": [-0.48408079147338867, -0.5473366975784302, -0.6827066540718079, 0.17368844151496887, 0.704586386680603, -0.6880336999893188, 0.857611894607544, -0.45164215564727783, -0.2460106611251831], "cam_t_m2c": [-67.7464828491211, 132.2869415283203, 123.05277252197266], "obj_id": 1}, {"cam_R_m2c": [-0.2240752875804901, -0.771429181098938, -0.5955561995506287, 0.47829669713974, 0.44539034366607666, -0.7568749785423279, 0.8491304516792297, -0.4544495642185211, 0.2691710591316223], "cam_t_m2c": [5249.240234375, 5736.20849609375, 2055.564208984375], "obj_id": 0}, {"cam_R_m2c": [0.6853796243667603, 0.6547733545303345, -0.3186323940753937, 0.14469070732593536, 0.3063896596431732, 0.9408453106880188, 0.7136661410331726, -0.6909393668174744, 0.11525360494852066], "cam_t_m2c": [-31.501680374145508, 135.36383056640625, -87.00359344482422], "obj_id": 3}, {"cam_R_m2c": [-0.14320683479309082, 0.7943357825279236, 0.5903580188751221, -0.6816790699958801, 0.3532828092575073, -0.6407065987586975, -0.7174995541572571, -0.49418821930885315, 0.4908894896507263], "cam_t_m2c": [-112.6334457397461, 93.56729888916016, 235.6285400390625], "obj_id": 3}, {"cam_R_m2c": [-0.7570297718048096, -0.528201162815094, 0.38458961248397827, -0.6264603734016418, 0.41956183314323425, -0.6568981409072876, 0.18561528623104095, -0.7382217049598694, -0.6485177874565125], "cam_t_m2c": [33.852882385253906, 1.5736967325210571, 89.62515258789062], "obj_id": 1}, {"cam_R_m2c": [-0.16134996712207794, -0.03498876839876175, 0.9862766861915588, 0.9413571953773499, -0.3055337071418762, 0.14316247403621674, 0.29633182287216187, 0.9515380859375, 0.0822349414229393], "cam_t_m2c": [-190.1452178955078, 264.9320983886719, 196.96343994140625], "obj_id": 1}, {"cam_R_m2c": [0.7010244131088257, -0.6181190609931946, 0.3556593656539917, 0.4898807108402252, 0.054965343326330185, -0.8700550198554993, 0.5182486772537231, 0.7841604351997375, 0.3413366675376892], "cam_t_m2c": [5282.63134765625, 5641.68017578125, 2208.18017578125], "obj_id": 0}, {"cam_R_m2c": [0.7046688199043274, 0.02035120688378811, 0.709244430065155, -0.2581072449684143, -0.923753559589386, 0.28294846415519714, 0.6609254479408264, -0.3824460804462433, -0.645687460899353], "cam_t_m2c": [99.2552719116211, -48.89517593383789, 22.782142639160156], "obj_id": 0}, {"cam_R_m2c": [-0.05118843913078308, 0.7566993236541748, 0.651756227016449, -0.8311060667037964, 0.32958337664604187, -0.44792595505714417, -0.5537532567977905, -0.5646070241928101, 0.6120263934135437], "cam_t_m2c": [-21.486684799194336, 19.818431854248047, 194.8185272216797], "obj_id": 3}]
}