{
  "0": [{"cam_R_m2c": [0.7844151854515076, 0.6201062202453613, 0.012695259414613247, 0.24092520773410797, -0.2857741713523865, -0.9275172352790833, -0.5715311765670776, 0.7306171655654907, -0.37356480956077576], "cam_t_m2c": [56.26888656616211, 50.00859832763672, 261.44818115234375], "obj_id": 0}, {"cam_R_m2c": [0.7844151854515076, 0.6201062202453613, 0.012695259414613247, 0.24092520773410797, -0.2857741713523865, -0.9275172352790833, -0.5715311765670776, 0.7306171655654907, -0.37356480956077576], "cam_t_m2c": [56.26888656616211, 50.00859832763672, 261.44818115234375], "obj_id": 3}, {"cam_R_m2c": [0.7844151854515076, 0.6201062202453613, 0.012695259414613247, 0.24092520773410797, -0.2857741713523865, -0.9275172352790833, -0.5715311765670776, 0.7306171655654907, -0.37356480956077576], "cam_t_m2c": [56.26888656616211, 50.00859832763672, 261.44818115234375], "obj_id": 1}, {"cam_R_m2c": [0.7844151854515076, 0.6201062202453613, 0.012695259414613247, 0.24092520773410797, -0.2857741713523865, -0.9275172352790833, -0.5715311765670776, 0.7306171655654907, -0.37356480956077576], "cam_t_m2c": [56.26888656616211, 50.00859832763672, 261.44818115234375], "obj_id": 1}, {"cam_R_m2c": [0.7844151854515076, 0.6201062202453613, 0.012695259414613247, 0.24092520773410797, -0.2857741713523865, -0.9275172352790833, -0.5715311765670776, 0.7306171655654907, -0.37356480956077576], "cam_t_m2c": [56.26888656616211, 50.00859832763672, 261.44818115234375], "obj_id": 0}, {"cam_R_m2c": [0.7844151854515076, 0.6201062202453613, 0.012695259414613247, 0.24092520773410797, -0.2857741713523865, -0.9275172352790833, -0.5715311765670776, 0.7306171655654907, -0.37356480956077576], "cam_t_m2c": [56.26888656616211, 50.00859832763672, 261.44818115234375], "obj_id": 3}, {"cam_R_m2c": [0.7844151854515076, 0.6201062202453613, 0.012695259414613247, 0.24092520773410797, -0.2857741713523865, -0.9275172352790833, -0.5715311765670776, 0.7306171655654907, -0.37356480956077576], "cam_t_m2c": [56.26888656616211, 50.00859832763672, 261.44818115234375], "obj_id": 1}, {"cam_R_m2c": [0.7844151854515076, 0.6201062202453613, 0.012695259414613247, 0.24092520773410797, -0.2857741713523865, -0.9275172352790833, -0.5715311765670776, 0.7306171655654907, -0.37356480956077576], "cam_t_m2c": [56.26888656616211, 50.00859832763672, 261.44818115234375], "obj_id": 3}, {"cam_R_m2c": [0.7844151854515076, 0.6201062202453613, 0.012695259414613247, 0.24092520773410797, -0.2857741713523865, -0.9275172352790833, -0.5715311765670776, 0.7306171655654907, -0.37356480956077576], "cam_t_m2c": [56.26888656616211, 50.00859832763672, 261.44818115234375], "obj_id": 2}, {"cam_R_m2c": [0.7844151854515076, 0.6201062202453613, 0.012695259414613247, 0.24092520773410797, -0.2857741713523865, -0.9275172352790833, -0.5715311765670776, 0.7306171655654907, -0.37356480956077576], "cam_t_m2c": [56.26888656616211, 50.00859832763672, 261.44818115234375], "obj_id": 2}, {"cam_R_m2c": [0.7844151854515076, 0.6201062202453613, 0.012695259414613247, 0.24092520773410797, -0.2857741713523865, -0.9275172352790833, -0.5715311765670776, 0.7306171655654907, -0.37356480956077576], "cam_t_m2c": [56.26888656616211, 50.00859832763672, 261.44818115234375], "obj_id": 1}, {"cam_R_m2c": [0.7844151854515076, 0.6201062202453613, 0.012695259414613247, 0.24092520773410797, -0.2857741713523865, -0.9275172352790833, -0.5715311765670776, 0.7306171655654907, -0.37356480956077576], "cam_t_m2c": [56.26888656616211, 50.00859832763672, 261.44818115234375], "obj_id": 2}, {"cam_R_m2c": [0.7844151854515076, 0.6201062202453613, 0.012695259414613247, 0.24092520773410797, -0.2857741713523865, -0.9275172352790833, -0.5715311765670776, 0.7306171655654907, -0.37356480956077576], "cam_t_m2c": [56.26888656616211, 50.00859832763672, 261.44818115234375], "obj_id": 2}, {"cam_R_m2c": [0.7844151854515076, 0.6201062202453613, 0.012695259414613247, 0.24092520773410797, -0.2857741713523865, -0.9275172352790833, -0.5715311765670776, 0.7306171655654907, -0.37356480956077576], "cam_t_m2c": [56.26888656616211, 50.00859832763672, 261.44818115234375], "obj_id": 0}, {"cam_R_m2c": [0.7844151854515076, 0.6201062202453613, 0.012695259414613247, 0.24092520773410797, -0.2857741713523865, -0.9275172352790833, -0.5715311765670776, 0.7306171655654907, -0.37356480956077576], "cam_t_m2c": [56.26888656616211, 50.00859832763672, 261.44818115234375], "obj_id": 3}, {"cam_R_m2c": [0.7844151854515076, 0.6201062202453613, 0.012695259414613247, 0.24092520773410797, -0.2857741713523865, -0.9275172352790833, -0.5715311765670776, 0.7306171655654907, -0.37356480956077576], "cam_t_m2c": [56.26888656616211, 50.00859832763672, 261.44818115234375], "obj_id": 2}, {"cam_R_m2c": [0.7844151854515076, 0.6201062202453613, 0.012695259414613247, 0.24092520773410797, -0.2857741713523865, -0.9275172352790833, -0.5715311765670776, 0.7306171655654907, -0.37356480956077576], "cam_t_m2c": [56.26888656616211, 50.00859832763672, 261.44818115234375], "obj_id": 2}, {"cam_R_m2c": [0.7844151854515076, 0.6201062202453613, 0.012695259414613247, 0.24092520773410797, -0.2857741713523865, -0.9275172352790833, -0.5715311765670776, 0.7306171655654907, -0.37356480956077576], "cam_t_m2c": [56.26888656616211, 50.00859832763672, 261.44818115234375], "obj_id": 0}, {"cam_R_m2c": [0.7844151854515076, 0.6201062202453613, 0.012695259414613247, 0.24092520773410797, -0.2857741713523865, -0.9275172352790833, -0.5715311765670776, 0.7306171655654907, -0.37356480956077576], "cam_t_m2c": [56.26888656616211, 50.00859832763672, 261.44818115234375], "obj_id": 2}, {"cam_R_m2c": [0.7844151854515076, 0.6201062202453613, 0.012695259414613247, 0.24092520773410797, -0.2857741713523865, -0.9275172352790833, -0.5715311765670776, 0.7306171655654907, -0.37356480956077576], "cam_t_m2c": [56.26888656616211, 50.00859832763672, 261.44818115234375], "obj_id": 0}, {"cam_R_m2c": [0.7844151854515076, 0.6201062202453613, 0.012695259414613247, 0.24092520773410797, -0.2857741713523865, -0.9275172352790833, -0.5715311765670776, 0.7306171655654907, -0.37356480956077576], "cam_t_m2c": [56.26888656616211, 50.00859832763672, 261.44818115234375], "obj_id": 3}, {"cam_R_m2c": [0.7844151854515076, 0.6201062202453613, 0.012695259414613247, 0.24092520773410797, -0.2857741713523865, -0.9275172352790833, -0.5715311765670776, 0.7306171655654907, -0.37356480956077576], "cam_t_m2c": [56.26888656616211, 50.00859832763672, 261.44818115234375], "obj_id": 0}, {"cam_R_m2c": [0.7844151854515076, 0.6201062202453613, 0.012695259414613247, 0.24092520773410797, -0.2857741713523865, -0.9275172352790833, -0.5715311765670776, 0.7306171655654907, -0.37356480956077576], "cam_t_m2c": [56.26888656616211, 50.00859832763672, 261.44818115234375], "obj_id": 0}, {"cam_R_m2c": [0.7844151854515076, 0.6201062202453613, 0.012695259414613247, 0.24092520773410797, -0.2857741713523865, -0.9275172352790833, -0.5715311765670776, 0.7306171655654907, -0.37356480956077576], "cam_t_m2c": [56.26888656616211, 50.00859832763672, 261.44818115234375], "obj_id": 3}, {"cam_R_m2c": [-0.44263893365859985, 0.5324585437774658, 0.7214975357055664, 0.6229005455970764, 0.7613734602928162, -0.17973695695400238, -0.6450315713882446, 0.3698626458644867, -0.6686822175979614], "cam_t_m2c": [296.9262390136719, -9.902436256408691, 284.53314208984375], "obj_id": 3}, {"cam_R_m2c": [0.6769086718559265, -0.3645097613334656, 0.6394742131233215, 0.5671250224113464, 0.812086284160614, -0.13742302358150482, -0.4692161977291107, 0.45568469166755676, 0.7564308643341064], "cam_t_m2c": [-26.749372482299805, -10.32739543914795, 274.58843994140625], "obj_id": 3}, {"cam_R_m2c": [-0.9742116928100586, -0.03843143954873085, -0.2223382145166397, -0.21702483296394348, -0.11001592874526978, 0.9699466824531555, -0.06173721328377724, 0.9931864738464355, 0.09883839637041092], "cam_t_m2c": [-157.90150451660156, -24.07367515563965, 506.592041015625], "obj_id": 1}, {"cam_R_m2c": [0.8887668251991272, 0.45781537890434265, 0.022329282015562057, 0.4369070529937744, -0.8314349055290222, -0.34326088428497314, -0.13858477771282196, 0.31483471393585205, -0.9389744997024536], "cam_t_m2c": [15.031292915344238, -40.125343322753906, 460.2215270996094], "obj_id": 3}, {"cam_R_m2c": [0.6305854916572571, 0.6742811799049377, -0.38432639837265015, -0.7551604509353638, 0.4187451899051666, -0.5043660998344421, -0.17914974689483643, 0.6082740426063538, 0.7732451558113098], "cam_t_m2c": [252.32061767578125, 49.78383255004883, 287.8767395019531], "obj_id": 0}, {"cam_R_m2c": [-0.05436587706208229, 0.14420895278453827, -0.9880526065826416, 0.8880617022514343, 0.45936453342437744, 0.01818135939538479, 0.4564982056617737, -0.8764632940292358, -0.15304017066955566], "cam_t_m2c": [-407.9910888671875, 55.113033294677734, 99.1513671875], "obj_id": 0}, {"cam_R_m2c": [-0.9036915302276611, -0.4279533326625824, -0.014052890241146088, 0.18885068595409393, -0.427813857793808, 0.8839178085327148, -0.38428759574890137, 0.7961351871490479, 0.46743109822273254], "cam_t_m2c": [-133.81898498535156, 7972.85546875, 3390.219970703125], "obj_id": 2}, {"cam_R_m2c": [-0.23019710183143616, 0.12926547229290009, 0.9645203948020935, 0.9680505394935608, 0.13169127702713013, 0.21339036524295807, -0.09943486750125885, 0.9828264117240906, -0.15545040369033813], "cam_t_m2c": [127.0349349975586, 6944.83984375, 2675.562744140625], "obj_id": 2}]
}