{
  "0": [{"cam_R_m2c": [0.3601972162723541, -0.8971843123435974, 0.25557440519332886, 0.825492262840271, 0.1789272278547287, -0.5353013277053833, 0.4345347285270691, 0.4037887156009674, 0.8050678372383118], "cam_t_m2c": [303.8754577636719, 35.58158874511719, 158.85885620117188], "obj_id": 2}, {"cam_R_m2c": [-0.5262060165405273, -0.4169069826602936, 0.7411447167396545, -0.5947356820106506, 0.803374171257019, 0.029655059799551964, -0.607779860496521, -0.4251805543899536, -0.6706897616386414], "cam_t_m2c": [97.18901062011719, 205.56915283203125, 1.908774495124817], "obj_id": 0}, {"cam_R_m2c": [0.5248031616210938, 0.6046811938285828, 0.5991179347038269, 0.6667106747627258, -0.7295808792114258, 0.15234388411045074, 0.5292244553565979, 0.3194877505302429, -0.7860338091850281], "cam_t_m2c": [315.822509765625, -26.69686508178711, 118.10940551757812], "obj_id": 0}, {"cam_R_m2c": [-0.09140146523714066, -0.2829316556453705, -0.9547750949859619, -0.4323318302631378, 0.8749904036521912, -0.21790127456188202, 0.8970702290534973, 0.3928631842136383, -0.20229576528072357], "cam_t_m2c": [391.60028076171875, -106.17374420166016, 257.5012512207031], "obj_id": 3}, {"cam_R_m2c": [0.4106038212776184, 0.15400105714797974, -0.8987146615982056, 0.8894346356391907, 0.1493823379278183, 0.4319615960121155, 0.20077458024024963, -0.9767131209373474, -0.07563689351081848], "cam_t_m2c": [130.62298583984375, 60.25825500488281, 106.43538665771484], "obj_id": 0}, {"cam_R_m2c": [0.6572175025939941, 0.36049872636795044, 0.6618956327438354, -0.7536705136299133, 0.30644428730010986, 0.5814401507377625, 0.006774286739528179, -0.8809838891029358, 0.4730978012084961], "cam_t_m2c": [362.0929870605469, 25.016817092895508, 133.5902557373047], "obj_id": 1}, {"cam_R_m2c": [0.5053552389144897, 0.5279282331466675, 0.6825743913650513, 0.6631192564964294, -0.7437520623207092, 0.0842941477894783, 0.5521674752235413, 0.4100297689437866, -0.7259383201599121], "cam_t_m2c": [295.4730224609375, -178.5448455810547, 423.4449157714844], "obj_id": 0}, {"cam_R_m2c": [0.8467883467674255, -0.1205061748623848, -0.5181001424789429, -0.48476260900497437, 0.22615252435207367, -0.844902515411377, 0.2189856320619583, 0.9666091799736023, 0.1330864429473877], "cam_t_m2c": [444.0290222167969, -93.25064086914062, 204.69630432128906], "obj_id": 3}, {"cam_R_m2c": [-0.2609289586544037, 0.8795503377914429, -0.3978781998157501, 0.6490038633346558, -0.1452844887971878, -0.7467839121818542, -0.7146396636962891, -0.4530821144580841, -0.5329225659370422], "cam_t_m2c": [189.0886993408203, -24.510408401489258, 172.29820251464844], "obj_id": 1}, {"cam_R_m2c": [-0.7962928414344788, -0.6044402718544006, 0.023867186158895493, 0.5147255659103394, -0.6563200950622559, 0.5516352653503418, -0.31776607036590576, 0.4515482783317566, 0.8337438702583313], "cam_t_m2c": [284.468994140625, 70.91558074951172, 15.760675430297852], "obj_id": 3}, {"cam_R_m2c": [0.36019715666770935, 0.9322451949119568, -0.034305963665246964, 0.8254922032356262, -0.3013894259929657, 0.4772074222564697, 0.43453487753868103, -0.20020805299282074, -0.8781207799911499], "cam_t_m2c": [230.34573364257812, 1.0706281661987305, 285.37042236328125], "obj_id": 2}, {"cam_R_m2c": [0.3601970672607422, 0.34253668785095215, -0.867713451385498, 0.8254922032356262, 0.3162303566932678, 0.46750491857528687, 0.43453487753868103, -0.8846846222877502, -0.16885611414909363], "cam_t_m2c": [183.5161895751953, 56.26021957397461, 219.34425354003906], "obj_id": 2}, {"cam_R_m2c": [0.3280366063117981, 0.9062438607215881, 0.26667192578315735, 0.7688900828361511, -0.42014098167419434, 0.48196402192115784, 0.5488168001174927, 0.046939607709646225, -0.8346235156059265], "cam_t_m2c": [197.5362548828125, -12.320700645446777, 317.4410705566406], "obj_id": 1}, {"cam_R_m2c": [-0.15652453899383545, -0.8368327021598816, 0.5246058106422424, 0.512677013874054, 0.3851519823074341, 0.7673462629318237, -0.8441933989524841, 0.3890618085861206, 0.3687390983104706], "cam_t_m2c": [264.3748779296875, -101.25415802001953, 326.60650634765625], "obj_id": 3}, {"cam_R_m2c": [-0.25500452518463135, 0.8303142189979553, 0.4955308139324188, 0.06716107577085495, -0.4960262179374695, 0.8657061457633972, 0.9646044969558716, 0.254039466381073, 0.07072429358959198], "cam_t_m2c": [367.31195068359375, 0.8804314136505127, 213.84634399414062], "obj_id": 1}, {"cam_R_m2c": [-0.4158763885498047, -0.3197808861732483, 0.8513442873954773, -0.7274938225746155, 0.6787234544754028, -0.10043492913246155, -0.5457101464271545, -0.6611162424087524, -0.514903724193573], "cam_t_m2c": [137.3837432861328, 12.3720121383667, 199.18463134765625], "obj_id": 2}, {"cam_R_m2c": [0.32043328881263733, -0.20184847712516785, -0.92551589012146, 0.9235301613807678, 0.28393712639808655, 0.25782111287117004, 0.21074751019477844, -0.9373562932014465, 0.2773960828781128], "cam_t_m2c": [37.22882080078125, 77.90455627441406, 150.3289794921875], "obj_id": 0}, {"cam_R_m2c": [-0.38606804609298706, -0.013643968850374222, -0.9223693013191223, -0.9152717590332031, -0.11900421977043152, 0.384857714176178, -0.11501690745353699, 0.9927998781204224, 0.03345591202378273], "cam_t_m2c": [350.29327392578125, -206.58535766601562, 575.080078125], "obj_id": 0}, {"cam_R_m2c": [-0.13615676760673523, 0.7779335379600525, 0.6134172081947327, -0.7689743041992188, 0.3073958456516266, -0.5605232119560242, -0.6246117353439331, -0.548021137714386, 0.5563569068908691], "cam_t_m2c": [451.60601806640625, -86.49298095703125, 128.86932373046875], "obj_id": 2}, {"cam_R_m2c": [0.091583751142025, -0.9782341122627258, 0.18619941174983978, 0.8539255261421204, -0.019041089341044426, -0.5200465321540833, 0.5122727751731873, 0.2066282033920288, 0.8335954546928406], "cam_t_m2c": [227.8656463623047, -66.12055206298828, 393.1258544921875], "obj_id": 2}, {"cam_R_m2c": [0.6661903262138367, 0.33377236127853394, 0.6669231057167053, 0.7125016450881958, -0.5490056872367859, -0.43696001172065735, 0.22029943764209747, 0.766282320022583, -0.6035556197166443], "cam_t_m2c": [118.06270599365234, 73.80883026123047, 155.9559783935547], "obj_id": 1}, {"cam_R_m2c": [-0.644355297088623, -0.7568941712379456, -0.10916730761528015, -0.693736732006073, 0.5184875130653381, 0.4999000132083893, -0.32176950573921204, 0.3978465795516968, -0.8591755032539368], "cam_t_m2c": [410.5502014160156, -62.32128143310547, 251.07115173339844], "obj_id": 0}, {"cam_R_m2c": [-0.9196902513504028, 0.31021827459335327, 0.24069491028785706, 0.2361898422241211, -0.05260903015732765, 0.9702816009521484, 0.3136618733406067, 0.9492084383964539, -0.024886155501008034], "cam_t_m2c": [507.7931213378906, -51.917903900146484, 23.35666847229004], "obj_id": 3}, {"cam_R_m2c": [-0.8383873701095581, -0.014893908984959126, 0.54487144947052, 0.49072265625, 0.4145147502422333, 0.7663999199867249, -0.23727194964885712, 0.9099207520484924, -0.34021520614624023], "cam_t_m2c": [544.9277954101562, -144.73056030273438, 165.57679748535156], "obj_id": 3}, {"cam_R_m2c": [0.5524049997329712, -0.7401293516159058, 0.38348034024238586, 0.1866142749786377, 0.55817049741745, 0.8084681630134583, -0.8124184608459473, -0.37503892183303833, 0.4464549124240875], "cam_t_m2c": [186.9879608154297, -93.01964569091797, 380.3587951660156], "obj_id": 3}, {"cam_R_m2c": [-0.3435738682746887, -0.8454727530479431, 0.4088186025619507, 0.660373866558075, 0.09201520681381226, 0.7452781200408936, -0.6677298545837402, 0.5260312557220459, 0.5267142057418823], "cam_t_m2c": [145.96572875976562, -21.4805850982666, 434.99200439453125], "obj_id": 1}, {"cam_R_m2c": [-0.11220961809158325, 0.7744138836860657, -0.6226491928100586, -0.9597155451774597, -0.24689583480358124, -0.13412083685398102, -0.25759458541870117, 0.5825164914131165, 0.7709212303161621], "cam_t_m2c": [213.7103271484375, 43.11833190917969, 213.9314727783203], "obj_id": 0}, {"cam_R_m2c": [0.34496232867240906, 0.9055423736572266, 0.24696971476078033, -0.1725274622440338, -0.1974644958972931, 0.9650087952613831, 0.9226241111755371, -0.37550076842308044, 0.08811311423778534], "cam_t_m2c": [244.06268310546875, -21.392614364624023, 358.3233642578125], "obj_id": 1}, {"cam_R_m2c": [0.21386654675006866, 0.8739957213401794, -0.4363398551940918, -0.6818921566009521, -0.18627651035785675, -0.7073357701301575, -0.6994884014129639, 0.4488121569156647, 0.5561326146125793], "cam_t_m2c": [212.58363342285156, -290.8717956542969, 586.9221801757812], "obj_id": 2}, {"cam_R_m2c": [-0.7556363940238953, 0.5239545106887817, -0.39304620027542114, -0.6536213159561157, -0.5644087791442871, 0.5042041540145874, 0.04234129562973976, 0.6378983855247498, 0.7689557075500488], "cam_t_m2c": [46.7984619140625, -0.08406443893909454, 384.83868408203125], "obj_id": 1}, {"cam_R_m2c": [-0.5655727386474609, -0.817767858505249, -0.10669062286615372, -0.8208139538764954, 0.5456374883651733, 0.16895005106925964, -0.07994753867387772, 0.18312671780586243, -0.9798329472541809], "cam_t_m2c": [118.33006286621094, 65.59200286865234, 114.76654052734375], "obj_id": 2}, {"cam_R_m2c": [0.36893507838249207, -0.32251399755477905, -0.8717061877250671, 0.7791543006896973, 0.6186627149581909, 0.10087110847234726, 0.506759762763977, -0.7164084911346436, 0.4795345664024353], "cam_t_m2c": [132.179931640625, -0.15894603729248047, 313.0641174316406], "obj_id": 2}, {"cam_R_m2c": [0.6148350834846497, 0.438056617975235, -0.6558080911636353, 0.7859678268432617, -0.27174893021583557, 0.5553441047668457, 0.06505700945854187, -0.8568890690803528, -0.5113791823387146], "cam_t_m2c": [244.53939819335938, -83.92693328857422, 389.9050598144531], "obj_id": 2}, {"cam_R_m2c": [0.722628116607666, -0.02257353626191616, -0.6908682584762573, 0.6704292893409729, -0.22049367427825928, 0.7084539532661438, -0.16832444071769714, -0.975127100944519, -0.14420095086097717], "cam_t_m2c": [-58.46096420288086, -1.922693133354187, 381.2983093261719], "obj_id": 0}, {"cam_R_m2c": [-0.503010630607605, -0.1660255491733551, -0.8481836915016174, -0.7602768540382385, -0.38173723220825195, 0.525600254535675, -0.41104647517204285, 0.9092370271682739, 0.06579265743494034], "cam_t_m2c": [62.502281188964844, -92.4847183227539, 452.27606201171875], "obj_id": 1}, {"cam_R_m2c": [-0.28012338280677795, -0.2744165360927582, 0.9199056029319763, -0.7138168811798096, 0.7002812027931213, -0.008466184139251709, -0.641869306564331, -0.6590157151222229, -0.39204829931259155], "cam_t_m2c": [407.50543212890625, 40.52748107910156, 46.367523193359375], "obj_id": 2}, {"cam_R_m2c": [0.30671730637550354, 0.13877137005329132, 0.9416298866271973, 0.4406331181526184, -0.8976166844367981, -0.011242473497986794, 0.8436627388000488, 0.4183616042137146, -0.3364616930484772], "cam_t_m2c": [466.9429016113281, -101.39501190185547, 223.61488342285156], "obj_id": 0}, {"cam_R_m2c": [0.03019445203244686, 0.6483671069145203, -0.7607287168502808, -0.9589595794677734, -0.19587738811969757, -0.20500828325748444, -0.28193026781082153, 0.7356982827186584, 0.6158435940742493], "cam_t_m2c": [140.0301513671875, -77.84229278564453, 349.453369140625], "obj_id": 1}, {"cam_R_m2c": [-0.17914944887161255, 0.9815067052841187, -0.06745236366987228, 0.1338222622871399, 0.0922355204820633, 0.986703634262085, 0.9746778011322021, 0.16774089634418488, -0.14787130057811737], "cam_t_m2c": [319.7806396484375, -24.846139907836914, 135.5263671875], "obj_id": 3}, {"cam_R_m2c": [-0.6036136746406555, 0.7816384434700012, 0.15713559091091156, -0.7657896280288696, -0.5135610699653625, -0.3870672881603241, -0.22184793651103973, -0.3539719879627228, 0.9085633158683777], "cam_t_m2c": [188.72731018066406, 3.4816620349884033, 173.5137939453125], "obj_id": 2}, {"cam_R_m2c": [-0.3275245428085327, 0.15482228994369507, -0.9320718050003052, -0.9368646740913391, -0.1811399757862091, 0.29912033677101135, -0.1225249320268631, 0.971194326877594, 0.2043752521276474], "cam_t_m2c": [182.4368896484375, 56.157203674316406, 215.08486938476562], "obj_id": 0}, {"cam_R_m2c": [0.9322673678398132, 0.2714740037918091, -0.23912209272384644, -0.30170968174934387, 0.2187134474515915, -0.9279739856719971, -0.19962160289287567, 0.9372653365135193, 0.28580573201179504], "cam_t_m2c": [214.9480743408203, -109.52680969238281, 417.8712463378906], "obj_id": 3}],
  "1": [{"cam_R_m2c": [0.3601972162723541, -0.8971843123435974, 0.25557440519332886, 0.825492262840271, 0.1789272278547287, -0.5353013277053833, 0.4345347285270691, 0.4037887156009674, 0.8050678372383118], "cam_t_m2c": [303.8754577636719, 35.58158874511719, 158.85885620117188], "obj_id": 2}, {"cam_R_m2c": [-0.5262060165405273, -0.4169069826602936, 0.7411447167396545, -0.5947356820106506, 0.803374171257019, 0.029655059799551964, -0.607779860496521, -0.4251805543899536, -0.6706897616386414], "cam_t_m2c": [97.18901062011719, 205.56915283203125, 1.908774495124817], "obj_id": 0}, {"cam_R_m2c": [0.5248031616210938, 0.6046811938285828, 0.5991179347038269, 0.6667106747627258, -0.7295808792114258, 0.15234388411045074, 0.5292244553565979, 0.3194877505302429, -0.7860338091850281], "cam_t_m2c": [315.822509765625, -26.69686508178711, 118.10940551757812], "obj_id": 0}, {"cam_R_m2c": [-0.09140146523714066, -0.2829316556453705, -0.9547750949859619, -0.4323318302631378, 0.8749904036521912, -0.21790127456188202, 0.8970702290534973, 0.3928631842136383, -0.20229576528072357], "cam_t_m2c": [391.60028076171875, -106.17374420166016, 257.5012512207031], "obj_id": 3}, {"cam_R_m2c": [0.4106038212776184, 0.15400105714797974, -0.8987146615982056, 0.8894346356391907, 0.1493823379278183, 0.4319615960121155, 0.20077458024024963, -0.9767131209373474, -0.07563689351081848], "cam_t_m2c": [130.62298583984375, 60.25825500488281, 106.43538665771484], "obj_id": 0}, {"cam_R_m2c": [0.6572175025939941, 0.36049872636795044, 0.6618956327438354, -0.7536705136299133, 0.30644428730010986, 0.5814401507377625, 0.006774286739528179, -0.8809838891029358, 0.4730978012084961], "cam_t_m2c": [362.0929870605469, 25.016817092895508, 133.5902557373047], "obj_id": 1}, {"cam_R_m2c": [0.5053552389144897, 0.5279282331466675, 0.6825743913650513, 0.6631192564964294, -0.7437520623207092, 0.0842941477894783, 0.5521674752235413, 0.4100297689437866, -0.7259383201599121], "cam_t_m2c": [295.4730224609375, -178.5448455810547, 423.4449157714844], "obj_id": 0}, {"cam_R_m2c": [0.8467883467674255, -0.1205061748623848, -0.5181001424789429, -0.48476260900497437, 0.22615252435207367, -0.844902515411377, 0.2189856320619583, 0.9666091799736023, 0.1330864429473877], "cam_t_m2c": [444.0290222167969, -93.25064086914062, 204.69630432128906], "obj_id": 3}, {"cam_R_m2c": [-0.2609289586544037, 0.8795503377914429, -0.3978781998157501, 0.6490038633346558, -0.1452844887971878, -0.7467839121818542, -0.7146396636962891, -0.4530821144580841, -0.5329225659370422], "cam_t_m2c": [189.0886993408203, -24.510408401489258, 172.29820251464844], "obj_id": 1}, {"cam_R_m2c": [-0.7962928414344788, -0.6044402718544006, 0.023867186158895493, 0.5147255659103394, -0.6563200950622559, 0.5516352653503418, -0.31776607036590576, 0.4515482783317566, 0.8337438702583313], "cam_t_m2c": [284.468994140625, 70.91558074951172, 15.760675430297852], "obj_id": 3}, {"cam_R_m2c": [0.36019715666770935, 0.9322451949119568, -0.034305963665246964, 0.8254922032356262, -0.3013894259929657, 0.4772074222564697, 0.43453487753868103, -0.20020805299282074, -0.8781207799911499], "cam_t_m2c": [230.34573364257812, 1.0706281661987305, 285.37042236328125], "obj_id": 2}, {"cam_R_m2c": [0.3601970672607422, 0.34253668785095215, -0.867713451385498, 0.8254922032356262, 0.3162303566932678, 0.46750491857528687, 0.43453487753868103, -0.8846846222877502, -0.16885611414909363], "cam_t_m2c": [183.5161895751953, 56.26021957397461, 219.34425354003906], "obj_id": 2}, {"cam_R_m2c": [0.3280366063117981, 0.9062438607215881, 0.26667192578315735, 0.7688900828361511, -0.42014098167419434, 0.48196402192115784, 0.5488168001174927, 0.046939607709646225, -0.8346235156059265], "cam_t_m2c": [197.5362548828125, -12.320700645446777, 317.4410705566406], "obj_id": 1}, {"cam_R_m2c": [-0.15652453899383545, -0.8368327021598816, 0.5246058106422424, 0.512677013874054, 0.3851519823074341, 0.7673462629318237, -0.8441933989524841, 0.3890618085861206, 0.3687390983104706], "cam_t_m2c": [264.3748779296875, -101.25415802001953, 326.60650634765625], "obj_id": 3}, {"cam_R_m2c": [-0.25500452518463135, 0.8303142189979553, 0.4955308139324188, 0.06716107577085495, -0.4960262179374695, 0.8657061457633972, 0.9646044969558716, 0.254039466381073, 0.07072429358959198], "cam_t_m2c": [367.31195068359375, 0.8804314136505127, 213.84634399414062], "obj_id": 1}, {"cam_R_m2c": [-0.4158763885498047, -0.3197808861732483, 0.8513442873954773, -0.7274938225746155, 0.6787234544754028, -0.10043492913246155, -0.5457101464271545, -0.6611162424087524, -0.514903724193573], "cam_t_m2c": [137.3837432861328, 12.3720121383667, 199.18463134765625], "obj_id": 2}, {"cam_R_m2c": [0.32043328881263733, -0.20184847712516785, -0.92551589012146, 0.9235301613807678, 0.28393712639808655, 0.25782111287117004, 0.21074751019477844, -0.9373562932014465, 0.2773960828781128], "cam_t_m2c": [37.22882080078125, 77.90455627441406, 150.3289794921875], "obj_id": 0}, {"cam_R_m2c": [-0.38606804609298706, -0.013643968850374222, -0.9223693013191223, -0.9152717590332031, -0.11900421977043152, 0.384857714176178, -0.11501690745353699, 0.9927998781204224, 0.03345591202378273], "cam_t_m2c": [350.29327392578125, -206.58535766601562, 575.080078125], "obj_id": 0}, {"cam_R_m2c": [-0.13615676760673523, 0.7779335379600525, 0.6134172081947327, -0.7689743041992188, 0.3073958456516266, -0.5605232119560242, -0.6246117353439331, -0.548021137714386, 0.5563569068908691], "cam_t_m2c": [451.60601806640625, -86.49298095703125, 128.86932373046875], "obj_id": 2}, {"cam_R_m2c": [0.091583751142025, -0.9782341122627258, 0.18619941174983978, 0.8539255261421204, -0.019041089341044426, -0.5200465321540833, 0.5122727751731873, 0.2066282033920288, 0.8335954546928406], "cam_t_m2c": [227.8656463623047, -66.12055206298828, 393.1258544921875], "obj_id": 2}, {"cam_R_m2c": [0.6661903262138367, 0.33377236127853394, 0.6669231057167053, 0.7125016450881958, -0.5490056872367859, -0.43696001172065735, 0.22029943764209747, 0.766282320022583, -0.6035556197166443], "cam_t_m2c": [118.06270599365234, 73.80883026123047, 155.9559783935547], "obj_id": 1}, {"cam_R_m2c": [-0.644355297088623, -0.7568941712379456, -0.10916730761528015, -0.693736732006073, 0.5184875130653381, 0.4999000132083893, -0.32176950573921204, 0.3978465795516968, -0.8591755032539368], "cam_t_m2c": [410.5502014160156, -62.32128143310547, 251.07115173339844], "obj_id": 0}, {"cam_R_m2c": [-0.9196902513504028, 0.31021827459335327, 0.24069491028785706, 0.2361898422241211, -0.05260903015732765, 0.9702816009521484, 0.3136618733406067, 0.9492084383964539, -0.024886155501008034], "cam_t_m2c": [507.7931213378906, -51.917903900146484, 23.35666847229004], "obj_id": 3}, {"cam_R_m2c": [-0.8383873701095581, -0.014893908984959126, 0.54487144947052, 0.49072265625, 0.4145147502422333, 0.7663999199867249, -0.23727194964885712, 0.9099207520484924, -0.34021520614624023], "cam_t_m2c": [544.9277954101562, -144.73056030273438, 165.57679748535156], "obj_id": 3}, {"cam_R_m2c": [0.5524049997329712, -0.7401293516159058, 0.38348034024238586, 0.1866142749786377, 0.55817049741745, 0.8084681630134583, -0.8124184608459473, -0.37503892183303833, 0.4464549124240875], "cam_t_m2c": [186.9879608154297, -93.01964569091797, 380.3587951660156], "obj_id": 3}, {"cam_R_m2c": [-0.3435738682746887, -0.8454727530479431, 0.4088186025619507, 0.660373866558075, 0.09201520681381226, 0.7452781200408936, -0.6677298545837402, 0.5260312557220459, 0.5267142057418823], "cam_t_m2c": [145.96572875976562, -21.4805850982666, 434.99200439453125], "obj_id": 1}, {"cam_R_m2c": [-0.11220961809158325, 0.7744138836860657, -0.6226491928100586, -0.9597155451774597, -0.24689583480358124, -0.13412083685398102, -0.25759458541870117, 0.5825164914131165, 0.7709212303161621], "cam_t_m2c": [213.7103271484375, 43.11833190917969, 213.9314727783203], "obj_id": 0}, {"cam_R_m2c": [0.34496232867240906, 0.9055423736572266, 0.24696971476078033, -0.1725274622440338, -0.1974644958972931, 0.9650087952613831, 0.9226241111755371, -0.37550076842308044, 0.08811311423778534], "cam_t_m2c": [244.06268310546875, -21.392614364624023, 358.3233642578125], "obj_id": 1}, {"cam_R_m2c": [0.21386654675006866, 0.8739957213401794, -0.4363398551940918, -0.6818921566009521, -0.18627651035785675, -0.7073357701301575, -0.6994884014129639, 0.4488121569156647, 0.5561326146125793], "cam_t_m2c": [212.58363342285156, -290.8717956542969, 586.9221801757812], "obj_id": 2}, {"cam_R_m2c": [-0.7556363940238953, 0.5239545106887817, -0.39304620027542114, -0.6536213159561157, -0.5644087791442871, 0.5042041540145874, 0.04234129562973976, 0.6378983855247498, 0.7689557075500488], "cam_t_m2c": [46.7984619140625, -0.08406443893909454, 384.83868408203125], "obj_id": 1}, {"cam_R_m2c": [-0.5655727386474609, -0.817767858505249, -0.10669062286615372, -0.8208139538764954, 0.5456374883651733, 0.16895005106925964, -0.07994753867387772, 0.18312671780586243, -0.9798329472541809], "cam_t_m2c": [118.33006286621094, 65.59200286865234, 114.76654052734375], "obj_id": 2}, {"cam_R_m2c": [0.36893507838249207, -0.32251399755477905, -0.8717061877250671, 0.7791543006896973, 0.6186627149581909, 0.10087110847234726, 0.506759762763977, -0.7164084911346436, 0.4795345664024353], "cam_t_m2c": [132.179931640625, -0.15894603729248047, 313.0641174316406], "obj_id": 2}, {"cam_R_m2c": [0.6148350834846497, 0.438056617975235, -0.6558080911636353, 0.7859678268432617, -0.27174893021583557, 0.5553441047668457, 0.06505700945854187, -0.8568890690803528, -0.5113791823387146], "cam_t_m2c": [244.53939819335938, -83.92693328857422, 389.9050598144531], "obj_id": 2}, {"cam_R_m2c": [0.722628116607666, -0.02257353626191616, -0.6908682584762573, 0.6704292893409729, -0.22049367427825928, 0.7084539532661438, -0.16832444071769714, -0.975127100944519, -0.14420095086097717], "cam_t_m2c": [-58.46096420288086, -1.922693133354187, 381.2983093261719], "obj_id": 0}, {"cam_R_m2c": [-0.503010630607605, -0.1660255491733551, -0.8481836915016174, -0.7602768540382385, -0.38173723220825195, 0.525600254535675, -0.41104647517204285, 0.9092370271682739, 0.06579265743494034], "cam_t_m2c": [62.502281188964844, -92.4847183227539, 452.27606201171875], "obj_id": 1}, {"cam_R_m2c": [-0.28012338280677795, -0.2744165360927582, 0.9199056029319763, -0.7138168811798096, 0.7002812027931213, -0.008466184139251709, -0.641869306564331, -0.6590157151222229, -0.39204829931259155], "cam_t_m2c": [407.50543212890625, 40.52748107910156, 46.367523193359375], "obj_id": 2}, {"cam_R_m2c": [0.30671730637550354, 0.13877137005329132, 0.9416298866271973, 0.4406331181526184, -0.8976166844367981, -0.011242473497986794, 0.8436627388000488, 0.4183616042137146, -0.3364616930484772], "cam_t_m2c": [466.9429016113281, -101.39501190185547, 223.61488342285156], "obj_id": 0}, {"cam_R_m2c": [0.03019445203244686, 0.6483671069145203, -0.7607287168502808, -0.9589595794677734, -0.19587738811969757, -0.20500828325748444, -0.28193026781082153, 0.7356982827186584, 0.6158435940742493], "cam_t_m2c": [140.0301513671875, -77.84229278564453, 349.453369140625], "obj_id": 1}, {"cam_R_m2c": [-0.17914944887161255, 0.9815067052841187, -0.06745236366987228, 0.1338222622871399, 0.0922355204820633, 0.986703634262085, 0.9746778011322021, 0.16774089634418488, -0.14787130057811737], "cam_t_m2c": [319.7806396484375, -24.846139907836914, 135.5263671875], "obj_id": 3}, {"cam_R_m2c": [-0.6036136746406555, 0.7816384434700012, 0.15713559091091156, -0.7657896280288696, -0.5135610699653625, -0.3870672881603241, -0.22184793651103973, -0.3539719879627228, 0.9085633158683777], "cam_t_m2c": [188.72731018066406, 3.4816620349884033, 173.5137939453125], "obj_id": 2}, {"cam_R_m2c": [-0.3275245428085327, 0.15482228994369507, -0.9320718050003052, -0.9368646740913391, -0.1811399757862091, 0.29912033677101135, -0.1225249320268631, 0.971194326877594, 0.2043752521276474], "cam_t_m2c": [182.4368896484375, 56.157203674316406, 215.08486938476562], "obj_id": 0}, {"cam_R_m2c": [0.9322673678398132, 0.2714740037918091, -0.23912209272384644, -0.30170968174934387, 0.2187134474515915, -0.9279739856719971, -0.19962160289287567, 0.9372653365135193, 0.28580573201179504], "cam_t_m2c": [214.9480743408203, -109.52680969238281, 417.8712463378906], "obj_id": 3}],
  "2": [{"cam_R_m2c": [0.3601972162723541, -0.8971843123435974, 0.25557440519332886, 0.825492262840271, 0.1789272278547287, -0.5353013277053833, 0.4345347285270691, 0.4037887156009674, 0.8050678372383118], "cam_t_m2c": [303.8754577636719, 35.58158874511719, 158.85885620117188], "obj_id": 2}, {"cam_R_m2c": [-0.5262060165405273, -0.4169069826602936, 0.7411447167396545, -0.5947356820106506, 0.803374171257019, 0.029655059799551964, -0.607779860496521, -0.4251805543899536, -0.6706897616386414], "cam_t_m2c": [97.18901062011719, 205.56915283203125, 1.908774495124817], "obj_id": 0}, {"cam_R_m2c": [0.5248031616210938, 0.6046811938285828, 0.5991179347038269, 0.6667106747627258, -0.7295808792114258, 0.15234388411045074, 0.5292244553565979, 0.3194877505302429, -0.7860338091850281], "cam_t_m2c": [315.822509765625, -26.69686508178711, 118.10940551757812], "obj_id": 0}, {"cam_R_m2c": [-0.09140146523714066, -0.2829316556453705, -0.9547750949859619, -0.4323318302631378, 0.8749904036521912, -0.21790127456188202, 0.8970702290534973, 0.3928631842136383, -0.20229576528072357], "cam_t_m2c": [391.60028076171875, -106.17374420166016, 257.5012512207031], "obj_id": 3}, {"cam_R_m2c": [0.4106038212776184, 0.15400105714797974, -0.8987146615982056, 0.8894346356391907, 0.1493823379278183, 0.4319615960121155, 0.20077458024024963, -0.9767131209373474, -0.07563689351081848], "cam_t_m2c": [130.62298583984375, 60.25825500488281, 106.43538665771484], "obj_id": 0}, {"cam_R_m2c": [0.6572175025939941, 0.36049872636795044, 0.6618956327438354, -0.7536705136299133, 0.30644428730010986, 0.5814401507377625, 0.006774286739528179, -0.8809838891029358, 0.4730978012084961], "cam_t_m2c": [362.0929870605469, 25.016817092895508, 133.5902557373047], "obj_id": 1}, {"cam_R_m2c": [0.5053552389144897, 0.5279282331466675, 0.6825743913650513, 0.6631192564964294, -0.7437520623207092, 0.0842941477894783, 0.5521674752235413, 0.4100297689437866, -0.7259383201599121], "cam_t_m2c": [295.4730224609375, -178.5448455810547, 423.4449157714844], "obj_id": 0}, {"cam_R_m2c": [0.8467883467674255, -0.1205061748623848, -0.5181001424789429, -0.48476260900497437, 0.22615252435207367, -0.844902515411377, 0.2189856320619583, 0.9666091799736023, 0.1330864429473877], "cam_t_m2c": [444.0290222167969, -93.25064086914062, 204.69630432128906], "obj_id": 3}, {"cam_R_m2c": [-0.2609289586544037, 0.8795503377914429, -0.3978781998157501, 0.6490038633346558, -0.1452844887971878, -0.7467839121818542, -0.7146396636962891, -0.4530821144580841, -0.5329225659370422], "cam_t_m2c": [189.0886993408203, -24.510408401489258, 172.29820251464844], "obj_id": 1}, {"cam_R_m2c": [-0.7962928414344788, -0.6044402718544006, 0.023867186158895493, 0.5147255659103394, -0.6563200950622559, 0.5516352653503418, -0.31776607036590576, 0.4515482783317566, 0.8337438702583313], "cam_t_m2c": [284.468994140625, 70.91558074951172, 15.760675430297852], "obj_id": 3}, {"cam_R_m2c": [0.36019715666770935, 0.9322451949119568, -0.034305963665246964, 0.8254922032356262, -0.3013894259929657, 0.4772074222564697, 0.43453487753868103, -0.20020805299282074, -0.8781207799911499], "cam_t_m2c": [230.34573364257812, 1.0706281661987305, 285.37042236328125], "obj_id": 2}, {"cam_R_m2c": [0.3601970672607422, 0.34253668785095215, -0.867713451385498, 0.8254922032356262, 0.3162303566932678, 0.46750491857528687, 0.43453487753868103, -0.8846846222877502, -0.16885611414909363], "cam_t_m2c": [183.5161895751953, 56.26021957397461, 219.34425354003906], "obj_id": 2}, {"cam_R_m2c": [0.3280366063117981, 0.9062438607215881, 0.26667192578315735, 0.7688900828361511, -0.42014098167419434, 0.48196402192115784, 0.5488168001174927, 0.046939607709646225, -0.8346235156059265], "cam_t_m2c": [197.5362548828125, -12.320700645446777, 317.4410705566406], "obj_id": 1}, {"cam_R_m2c": [-0.15652453899383545, -0.8368327021598816, 0.5246058106422424, 0.512677013874054, 0.3851519823074341, 0.7673462629318237, -0.8441933989524841, 0.3890618085861206, 0.3687390983104706], "cam_t_m2c": [264.3748779296875, -101.25415802001953, 326.60650634765625], "obj_id": 3}, {"cam_R_m2c": [-0.25500452518463135, 0.8303142189979553, 0.4955308139324188, 0.06716107577085495, -0.4960262179374695, 0.8657061457633972, 0.9646044969558716, 0.254039466381073, 0.07072429358959198], "cam_t_m2c": [367.31195068359375, 0.8804314136505127, 213.84634399414062], "obj_id": 1}, {"cam_R_m2c": [-0.4158763885498047, -0.3197808861732483, 0.8513442873954773, -0.7274938225746155, 0.6787234544754028, -0.10043492913246155, -0.5457101464271545, -0.6611162424087524, -0.514903724193573], "cam_t_m2c": [137.3837432861328, 12.3720121383667, 199.18463134765625], "obj_id": 2}, {"cam_R_m2c": [0.32043328881263733, -0.20184847712516785, -0.92551589012146, 0.9235301613807678, 0.28393712639808655, 0.25782111287117004, 0.21074751019477844, -0.9373562932014465, 0.2773960828781128], "cam_t_m2c": [37.22882080078125, 77.90455627441406, 150.3289794921875], "obj_id": 0}, {"cam_R_m2c": [-0.38606804609298706, -0.013643968850374222, -0.9223693013191223, -0.9152717590332031, -0.11900421977043152, 0.384857714176178, -0.11501690745353699, 0.9927998781204224, 0.03345591202378273], "cam_t_m2c": [350.29327392578125, -206.58535766601562, 575.080078125], "obj_id": 0}, {"cam_R_m2c": [-0.13615676760673523, 0.7779335379600525, 0.6134172081947327, -0.7689743041992188, 0.3073958456516266, -0.5605232119560242, -0.6246117353439331, -0.548021137714386, 0.5563569068908691], "cam_t_m2c": [451.60601806640625, -86.49298095703125, 128.86932373046875], "obj_id": 2}, {"cam_R_m2c": [0.091583751142025, -0.9782341122627258, 0.18619941174983978, 0.8539255261421204, -0.019041089341044426, -0.5200465321540833, 0.5122727751731873, 0.2066282033920288, 0.8335954546928406], "cam_t_m2c": [227.8656463623047, -66.12055206298828, 393.1258544921875], "obj_id": 2}, {"cam_R_m2c": [0.6661903262138367, 0.33377236127853394, 0.6669231057167053, 0.7125016450881958, -0.5490056872367859, -0.43696001172065735, 0.22029943764209747, 0.766282320022583, -0.6035556197166443], "cam_t_m2c": [118.06270599365234, 73.80883026123047, 155.9559783935547], "obj_id": 1}, {"cam_R_m2c": [-0.644355297088623, -0.7568941712379456, -0.10916730761528015, -0.693736732006073, 0.5184875130653381, 0.4999000132083893, -0.32176950573921204, 0.3978465795516968, -0.8591755032539368], "cam_t_m2c": [410.5502014160156, -62.32128143310547, 251.07115173339844], "obj_id": 0}, {"cam_R_m2c": [-0.9196902513504028, 0.31021827459335327, 0.24069491028785706, 0.2361898422241211, -0.05260903015732765, 0.9702816009521484, 0.3136618733406067, 0.9492084383964539, -0.024886155501008034], "cam_t_m2c": [507.7931213378906, -51.917903900146484, 23.35666847229004], "obj_id": 3}, {"cam_R_m2c": [-0.8383873701095581, -0.014893908984959126, 0.54487144947052, 0.49072265625, 0.4145147502422333, 0.7663999199867249, -0.23727194964885712, 0.9099207520484924, -0.34021520614624023], "cam_t_m2c": [544.9277954101562, -144.73056030273438, 165.57679748535156], "obj_id": 3}, {"cam_R_m2c": [0.5524049997329712, -0.7401293516159058, 0.38348034024238586, 0.1866142749786377, 0.55817049741745, 0.8084681630134583, -0.8124184608459473, -0.37503892183303833, 0.4464549124240875], "cam_t_m2c": [186.9879608154297, -93.01964569091797, 380.3587951660156], "obj_id": 3}, {"cam_R_m2c": [-0.3435738682746887, -0.8454727530479431, 0.4088186025619507, 0.660373866558075, 0.09201520681381226, 0.7452781200408936, -0.6677298545837402, 0.5260312557220459, 0.5267142057418823], "cam_t_m2c": [145.96572875976562, -21.4805850982666, 434.99200439453125], "obj_id": 1}, {"cam_R_m2c": [-0.11220961809158325, 0.7744138836860657, -0.6226491928100586, -0.9597155451774597, -0.24689583480358124, -0.13412083685398102, -0.25759458541870117, 0.5825164914131165, 0.7709212303161621], "cam_t_m2c": [213.7103271484375, 43.11833190917969, 213.9314727783203], "obj_id": 0}, {"cam_R_m2c": [0.34496232867240906, 0.9055423736572266, 0.24696971476078033, -0.1725274622440338, -0.1974644958972931, 0.9650087952613831, 0.9226241111755371, -0.37550076842308044, 0.08811311423778534], "cam_t_m2c": [244.06268310546875, -21.392614364624023, 358.3233642578125], "obj_id": 1}, {"cam_R_m2c": [0.21386654675006866, 0.8739957213401794, -0.4363398551940918, -0.6818921566009521, -0.18627651035785675, -0.7073357701301575, -0.6994884014129639, 0.4488121569156647, 0.5561326146125793], "cam_t_m2c": [212.58363342285156, -290.8717956542969, 586.9221801757812], "obj_id": 2}, {"cam_R_m2c": [-0.7556363940238953, 0.5239545106887817, -0.39304620027542114, -0.6536213159561157, -0.5644087791442871, 0.5042041540145874, 0.04234129562973976, 0.6378983855247498, 0.7689557075500488], "cam_t_m2c": [46.7984619140625, -0.08406443893909454, 384.83868408203125], "obj_id": 1}, {"cam_R_m2c": [-0.5655727386474609, -0.817767858505249, -0.10669062286615372, -0.8208139538764954, 0.5456374883651733, 0.16895005106925964, -0.07994753867387772, 0.18312671780586243, -0.9798329472541809], "cam_t_m2c": [118.33006286621094, 65.59200286865234, 114.76654052734375], "obj_id": 2}, {"cam_R_m2c": [0.36893507838249207, -0.32251399755477905, -0.8717061877250671, 0.7791543006896973, 0.6186627149581909, 0.10087110847234726, 0.506759762763977, -0.7164084911346436, 0.4795345664024353], "cam_t_m2c": [132.179931640625, -0.15894603729248047, 313.0641174316406], "obj_id": 2}, {"cam_R_m2c": [0.6148350834846497, 0.438056617975235, -0.6558080911636353, 0.7859678268432617, -0.27174893021583557, 0.5553441047668457, 0.06505700945854187, -0.8568890690803528, -0.5113791823387146], "cam_t_m2c": [244.53939819335938, -83.92693328857422, 389.9050598144531], "obj_id": 2}, {"cam_R_m2c": [0.722628116607666, -0.02257353626191616, -0.6908682584762573, 0.6704292893409729, -0.22049367427825928, 0.7084539532661438, -0.16832444071769714, -0.975127100944519, -0.14420095086097717], "cam_t_m2c": [-58.46096420288086, -1.922693133354187, 381.2983093261719], "obj_id": 0}, {"cam_R_m2c": [-0.503010630607605, -0.1660255491733551, -0.8481836915016174, -0.7602768540382385, -0.38173723220825195, 0.525600254535675, -0.41104647517204285, 0.9092370271682739, 0.06579265743494034], "cam_t_m2c": [62.502281188964844, -92.4847183227539, 452.27606201171875], "obj_id": 1}, {"cam_R_m2c": [-0.28012338280677795, -0.2744165360927582, 0.9199056029319763, -0.7138168811798096, 0.7002812027931213, -0.008466184139251709, -0.641869306564331, -0.6590157151222229, -0.39204829931259155], "cam_t_m2c": [407.50543212890625, 40.52748107910156, 46.367523193359375], "obj_id": 2}, {"cam_R_m2c": [0.30671730637550354, 0.13877137005329132, 0.9416298866271973, 0.4406331181526184, -0.8976166844367981, -0.011242473497986794, 0.8436627388000488, 0.4183616042137146, -0.3364616930484772], "cam_t_m2c": [466.9429016113281, -101.39501190185547, 223.61488342285156], "obj_id": 0}, {"cam_R_m2c": [0.03019445203244686, 0.6483671069145203, -0.7607287168502808, -0.9589595794677734, -0.19587738811969757, -0.20500828325748444, -0.28193026781082153, 0.7356982827186584, 0.6158435940742493], "cam_t_m2c": [140.0301513671875, -77.84229278564453, 349.453369140625], "obj_id": 1}, {"cam_R_m2c": [-0.17914944887161255, 0.9815067052841187, -0.06745236366987228, 0.1338222622871399, 0.0922355204820633, 0.986703634262085, 0.9746778011322021, 0.16774089634418488, -0.14787130057811737], "cam_t_m2c": [319.7806396484375, -24.846139907836914, 135.5263671875], "obj_id": 3}, {"cam_R_m2c": [-0.6036136746406555, 0.7816384434700012, 0.15713559091091156, -0.7657896280288696, -0.5135610699653625, -0.3870672881603241, -0.22184793651103973, -0.3539719879627228, 0.9085633158683777], "cam_t_m2c": [188.72731018066406, 3.4816620349884033, 173.5137939453125], "obj_id": 2}, {"cam_R_m2c": [-0.3275245428085327, 0.15482228994369507, -0.9320718050003052, -0.9368646740913391, -0.1811399757862091, 0.29912033677101135, -0.1225249320268631, 0.971194326877594, 0.2043752521276474], "cam_t_m2c": [182.4368896484375, 56.157203674316406, 215.08486938476562], "obj_id": 0}, {"cam_R_m2c": [0.9322673678398132, 0.2714740037918091, -0.23912209272384644, -0.30170968174934387, 0.2187134474515915, -0.9279739856719971, -0.19962160289287567, 0.9372653365135193, 0.28580573201179504], "cam_t_m2c": [214.9480743408203, -109.52680969238281, 417.8712463378906], "obj_id": 3}]
}