{
  "0": [{"cam_R_m2c": [0.16539517045021057, -0.18019817769527435, 0.9696252346038818, 0.7980040311813354, 0.6021655201911926, -0.024212336167693138, -0.5795118808746338, 0.7777694463729858, 0.243394136428833], "cam_t_m2c": [-51.75419616699219, 4007.297119140625, 5016.35400390625], "obj_id": 2}, {"cam_R_m2c": [0.1588868647813797, -0.7754870653152466, -0.6110439300537109, 0.9841448664665222, 0.07498731464147568, 0.16073474287986755, -0.07882720977067947, -0.6268944144248962, 0.7751061916351318], "cam_t_m2c": [8.934898376464844, 4004.322509765625, 5019.09521484375], "obj_id": 3}, {"cam_R_m2c": [-0.8111693263053894, 0.01444438099861145, -0.5846326947212219, 0.2753713130950928, 0.8913663625717163, -0.36005091667175293, 0.5159212350845337, -0.45305338501930237, -0.7270265817642212], "cam_t_m2c": [9.569199562072754, 3982.3603515625, 5039.33447265625], "obj_id": 2}, {"cam_R_m2c": [0.3989238142967224, -0.19102241098880768, -0.8968669176101685, 0.8214517831802368, -0.3602246046066284, 0.4421031177043915, -0.4075251519680023, -0.9130983948707581, 0.013213531114161015], "cam_t_m2c": [-14.178478240966797, 4038.9638671875, 4987.171875], "obj_id": 2}, {"cam_R_m2c": [0.3287271559238434, -0.8176851272583008, -0.47257745265960693, 0.3610233962535858, -0.35358452796936035, 0.8629252910614014, -0.8726972937583923, -0.45427846908569336, 0.17897066473960876], "cam_t_m2c": [-91.98526763916016, 3971.915771484375, 5048.9599609375], "obj_id": 2}, {"cam_R_m2c": [-0.11268160492181778, 0.6785057783126831, 0.7259012460708618, -0.9889997243881226, -0.0061333077028393745, -0.14778953790664673, -0.09582383930683136, -0.7345693707466125, 0.6717332601547241], "cam_t_m2c": [-83.65691375732422, 3974.803466796875, 5046.2978515625], "obj_id": 2}, {"cam_R_m2c": [0.07697856426239014, -0.06677412241697311, -0.9947941303253174, 0.41138675808906555, 0.9109893441200256, -0.029315173625946045, 0.9082043170928955, -0.4069885313510895, 0.09759664535522461], "cam_t_m2c": [-50.54966354370117, -9.662120819091797, 694.9552001953125], "obj_id": 0}, {"cam_R_m2c": [0.39320504665374756, -0.623601496219635, -0.6756559014320374, 0.8619603514671326, 0.5057788491249084, 0.03481459617614746, 0.32002201676368713, -0.5960778594017029, 0.7363946437835693], "cam_t_m2c": [-19.574718475341797, 40.765254974365234, 648.484375], "obj_id": 1}, {"cam_R_m2c": [-0.33414211869239807, 0.8583993911743164, -0.3892289400100708, -0.19291946291923523, 0.34193265438079834, 0.9197086095809937, 0.9225674867630005, 0.3824034035205841, 0.05134798586368561], "cam_t_m2c": [-1.9266104698181152, -2.3993117809295654, 688.26220703125], "obj_id": 3}, {"cam_R_m2c": [0.6426414251327515, -0.540503203868866, -0.5430176854133606, 0.6376109719276428, 0.7702633738517761, -0.01210757065564394, 0.4248107969760895, -0.3384532034397125, 0.8396339416503906], "cam_t_m2c": [-76.75126647949219, 18.22376823425293, 669.2572021484375], "obj_id": 3}, {"cam_R_m2c": [0.6785666346549988, 0.5697062611579895, -0.4636615514755249, -0.7153789401054382, 0.36933478713035583, -0.5931480526924133, -0.16667386889457703, 0.734184205532074, 0.6581742167472839], "cam_t_m2c": [11.232794761657715, -32.328800201416016, 715.8434448242188], "obj_id": 0}, {"cam_R_m2c": [0.0768766701221466, 0.04162980616092682, -0.9961711764335632, -0.5081343650817871, -0.8580000400543213, -0.07506948709487915, -0.8578400015830994, 0.5119598507881165, -0.044806674122810364], "cam_t_m2c": [-80.09724426269531, 47.152923583984375, 642.5978393554688], "obj_id": 3}],
  "1": [{"cam_R_m2c": [-0.9248934388160706, 0.16500866413116455, -0.3425554037094116, -0.06070147454738617, 0.8252914547920227, 0.5614351034164429, 0.3753497004508972, 0.5400612950325012, -0.7532903552055359], "cam_t_m2c": [23.294795989990234, 5213.85888671875, 3663.829345703125], "obj_id": 2}, {"cam_R_m2c": [-0.7480156421661377, -0.012201582081615925, 0.663568913936615, 0.42516055703163147, -0.7765465378761292, 0.464988112449646, 0.5096185803413391, 0.6299417018890381, 0.5860565900802612], "cam_t_m2c": [-4.483616352081299, 5238.19921875, 3615.5029296875], "obj_id": 3}, {"cam_R_m2c": [0.5437635183334351, -0.8325660228729248, 0.10561741143465042, 0.22677110135555267, 0.024594809859991074, -0.9736374616622925, 0.8080198764801025, 0.553379476070404, 0.20217569172382355], "cam_t_m2c": [20.792560577392578, 5245.3603515625, 3601.284423828125], "obj_id": 2}, {"cam_R_m2c": [-0.9599934220314026, -0.20502471923828125, 0.1907278299331665, 0.17949925363063812, -0.9733355045318604, -0.14281994104385376, 0.21492384374141693, -0.10287071764469147, 0.9711979031562805], "cam_t_m2c": [-32.9682502746582, 5218.37548828125, 3654.861083984375], "obj_id": 2}, {"cam_R_m2c": [-0.9038340449333191, 0.3799825608730316, -0.19671548902988434, -0.4263406991958618, -0.8387570977210999, 0.3387032151222229, -0.03629522770643234, 0.3899993598461151, 0.9200995564460754], "cam_t_m2c": [85.2549819946289, 5209.48779296875, 3672.508056640625], "obj_id": 2}, {"cam_R_m2c": [0.6258235573768616, -0.7722150683403015, 0.10967563837766647, -0.5515702366828918, -0.33874717354774475, 0.7622470855712891, -0.5514663457870483, -0.53752601146698, -0.6379268169403076], "cam_t_m2c": [77.60045623779297, 5211.7900390625, 3667.937255859375], "obj_id": 2}, {"cam_R_m2c": [0.22864484786987305, -0.7763592004776001, 0.5873566269874573, 0.9476269483566284, 0.03929326310753822, -0.31695279479026794, 0.22299011051654816, 0.6290646195411682, 0.7446832060813904], "cam_t_m2c": [44.49919128417969, -49.14781951904297, 997.2274169921875], "obj_id": 0}, {"cam_R_m2c": [-0.5599181652069092, -0.3440742492675781, 0.7537270188331604, 0.7869272828102112, -0.5055361986160278, 0.35380563139915466, 0.25930094718933105, 0.7912306189537048, 0.5538204312324524], "cam_t_m2c": [-30.23569679260254, -53.084712982177734, 1005.0440063476562], "obj_id": 1}, {"cam_R_m2c": [0.8296196460723877, -0.43535473942756653, -0.3495675325393677, 0.5379457473754883, 0.7909042239189148, 0.2916930615901947, 0.14948448538780212, -0.43004265427589417, 0.8903469443321228], "cam_t_m2c": [10.998414039611816, -32.68486022949219, 964.540771484375], "obj_id": 3}, {"cam_R_m2c": [-0.4860326647758484, -0.403925359249115, 0.7749944925308228, 0.8708087801933289, -0.14882667362689972, 0.4685538411140442, -0.07392091304063797, 0.9026045203208923, 0.4240764081478119], "cam_t_m2c": [25.480485916137695, -68.03424835205078, 1034.7257080078125], "obj_id": 3}, {"cam_R_m2c": [0.004789319820702076, -0.09962683916091919, 0.9950132966041565, -0.18509039282798767, 0.9777435064315796, 0.0987885594367981, -0.9827097654342651, -0.1846405416727066, -0.013757243752479553], "cam_t_m2c": [39.11438751220703, -18.18423080444336, 935.7503662109375], "obj_id": 0}, {"cam_R_m2c": [-0.21760816872119904, 0.816882848739624, 0.5341807007789612, -0.8893925547599792, 0.05947384238243103, -0.45325905084609985, -0.4020293354988098, -0.5737292170524597, 0.7135875225067139], "cam_t_m2c": [-6.521842002868652, -78.43551635742188, 1055.376953125], "obj_id": 3}]
}