{
  "0": [{"cam_R_m2c": [-0.5132842659950256, -0.8304734230041504, -0.21645565330982208, -0.35068508982658386, 0.4331554174423218, -0.8302989602088928, 0.7833001613616943, -0.35027164220809937, -0.5135664939880371], "cam_t_m2c": [-18.91701889038086, 17.382568359375, 312.8514709472656], "obj_id": 1}, {"cam_R_m2c": [-0.5132842659950256, -0.8304734230041504, -0.21645565330982208, -0.35068508982658386, 0.4331554174423218, -0.8302989602088928, 0.7833001613616943, -0.35027164220809937, -0.5135664939880371], "cam_t_m2c": [-18.91701889038086, 17.382568359375, 312.8514709472656], "obj_id": 2}, {"cam_R_m2c": [-0.5132842659950256, -0.8304734230041504, -0.21645565330982208, -0.35068508982658386, 0.4331554174423218, -0.8302989602088928, 0.7833001613616943, -0.35027164220809937, -0.5135664939880371], "cam_t_m2c": [-18.91701889038086, 17.382568359375, 312.8514709472656], "obj_id": 3}, {"cam_R_m2c": [-0.5132842659950256, -0.8304734230041504, -0.21645565330982208, -0.35068508982658386, 0.4331554174423218, -0.8302989602088928, 0.7833001613616943, -0.35027164220809937, -0.5135664939880371], "cam_t_m2c": [-18.91701889038086, 17.382568359375, 312.8514709472656], "obj_id": 0}, {"cam_R_m2c": [-0.5132842659950256, -0.8304734230041504, -0.21645565330982208, -0.35068508982658386, 0.4331554174423218, -0.8302989602088928, 0.7833001613616943, -0.35027164220809937, -0.5135664939880371], "cam_t_m2c": [-18.91701889038086, 17.382568359375, 312.8514709472656], "obj_id": 2}, {"cam_R_m2c": [-0.5132842659950256, -0.8304734230041504, -0.21645565330982208, -0.35068508982658386, 0.4331554174423218, -0.8302989602088928, 0.7833001613616943, -0.35027164220809937, -0.5135664939880371], "cam_t_m2c": [-18.91701889038086, 17.382568359375, 312.8514709472656], "obj_id": 3}, {"cam_R_m2c": [-0.5132842659950256, -0.8304734230041504, -0.21645565330982208, -0.35068508982658386, 0.4331554174423218, -0.8302989602088928, 0.7833001613616943, -0.35027164220809937, -0.5135664939880371], "cam_t_m2c": [-18.91701889038086, 17.382568359375, 312.8514709472656], "obj_id": 0}, {"cam_R_m2c": [-0.5132842659950256, -0.8304734230041504, -0.21645565330982208, -0.35068508982658386, 0.4331554174423218, -0.8302989602088928, 0.7833001613616943, -0.35027164220809937, -0.5135664939880371], "cam_t_m2c": [-18.91701889038086, 17.382568359375, 312.8514709472656], "obj_id": 1}, {"cam_R_m2c": [-0.5132842659950256, -0.8304734230041504, -0.21645565330982208, -0.35068508982658386, 0.4331554174423218, -0.8302989602088928, 0.7833001613616943, -0.35027164220809937, -0.5135664939880371], "cam_t_m2c": [-18.91701889038086, 17.382568359375, 312.8514709472656], "obj_id": 0}, {"cam_R_m2c": [-0.5132842659950256, -0.8304734230041504, -0.21645565330982208, -0.35068508982658386, 0.4331554174423218, -0.8302989602088928, 0.7833001613616943, -0.35027164220809937, -0.5135664939880371], "cam_t_m2c": [-18.91701889038086, 17.382568359375, 312.8514709472656], "obj_id": 3}, {"cam_R_m2c": [-0.5132842659950256, -0.8304734230041504, -0.21645565330982208, -0.35068508982658386, 0.4331554174423218, -0.8302989602088928, 0.7833001613616943, -0.35027164220809937, -0.5135664939880371], "cam_t_m2c": [-18.91701889038086, 17.382568359375, 312.8514709472656], "obj_id": 3}, {"cam_R_m2c": [-0.5132842659950256, -0.8304734230041504, -0.21645565330982208, -0.35068508982658386, 0.4331554174423218, -0.8302989602088928, 0.7833001613616943, -0.35027164220809937, -0.5135664939880371], "cam_t_m2c": [-18.91701889038086, 17.382568359375, 312.8514709472656], "obj_id": 2}, {"cam_R_m2c": [-0.5132842659950256, -0.8304734230041504, -0.21645565330982208, -0.35068508982658386, 0.4331554174423218, -0.8302989602088928, 0.7833001613616943, -0.35027164220809937, -0.5135664939880371], "cam_t_m2c": [-18.91701889038086, 17.382568359375, 312.8514709472656], "obj_id": 3}, {"cam_R_m2c": [-0.5132842659950256, -0.8304734230041504, -0.21645565330982208, -0.35068508982658386, 0.4331554174423218, -0.8302989602088928, 0.7833001613616943, -0.35027164220809937, -0.5135664939880371], "cam_t_m2c": [-18.91701889038086, 17.382568359375, 312.8514709472656], "obj_id": 0}, {"cam_R_m2c": [-0.5132842659950256, -0.8304734230041504, -0.21645565330982208, -0.35068508982658386, 0.4331554174423218, -0.8302989602088928, 0.7833001613616943, -0.35027164220809937, -0.5135664939880371], "cam_t_m2c": [-18.91701889038086, 17.382568359375, 312.8514709472656], "obj_id": 2}, {"cam_R_m2c": [-0.5132842659950256, -0.8304734230041504, -0.21645565330982208, -0.35068508982658386, 0.4331554174423218, -0.8302989602088928, 0.7833001613616943, -0.35027164220809937, -0.5135664939880371], "cam_t_m2c": [-18.91701889038086, 17.382568359375, 312.8514709472656], "obj_id": 0}, {"cam_R_m2c": [-0.5132842659950256, -0.8304734230041504, -0.21645565330982208, -0.35068508982658386, 0.4331554174423218, -0.8302989602088928, 0.7833001613616943, -0.35027164220809937, -0.5135664939880371], "cam_t_m2c": [-18.91701889038086, 17.382568359375, 312.8514709472656], "obj_id": 3}, {"cam_R_m2c": [-0.5132842659950256, -0.8304734230041504, -0.21645565330982208, -0.35068508982658386, 0.4331554174423218, -0.8302989602088928, 0.7833001613616943, -0.35027164220809937, -0.5135664939880371], "cam_t_m2c": [-18.91701889038086, 17.382568359375, 312.8514709472656], "obj_id": 3}, {"cam_R_m2c": [-0.5132842659950256, -0.8304734230041504, -0.21645565330982208, -0.35068508982658386, 0.4331554174423218, -0.8302989602088928, 0.7833001613616943, -0.35027164220809937, -0.5135664939880371], "cam_t_m2c": [-18.91701889038086, 17.382568359375, 312.8514709472656], "obj_id": 1}, {"cam_R_m2c": [-0.5132842659950256, -0.8304734230041504, -0.21645565330982208, -0.35068508982658386, 0.4331554174423218, -0.8302989602088928, 0.7833001613616943, -0.35027164220809937, -0.5135664939880371], "cam_t_m2c": [-18.91701889038086, 17.382568359375, 312.8514709472656], "obj_id": 2}, {"cam_R_m2c": [-0.5132842659950256, -0.8304734230041504, -0.21645565330982208, -0.35068508982658386, 0.4331554174423218, -0.8302989602088928, 0.7833001613616943, -0.35027164220809937, -0.5135664939880371], "cam_t_m2c": [-18.91701889038086, 17.382568359375, 312.8514709472656], "obj_id": 0}, {"cam_R_m2c": [-0.5132842659950256, -0.8304734230041504, -0.21645565330982208, -0.35068508982658386, 0.4331554174423218, -0.8302989602088928, 0.7833001613616943, -0.35027164220809937, -0.5135664939880371], "cam_t_m2c": [-18.91701889038086, 17.382568359375, 312.8514709472656], "obj_id": 2}, {"cam_R_m2c": [-0.5132842659950256, -0.8304734230041504, -0.21645565330982208, -0.35068508982658386, 0.4331554174423218, -0.8302989602088928, 0.7833001613616943, -0.35027164220809937, -0.5135664939880371], "cam_t_m2c": [-18.91701889038086, 17.382568359375, 312.8514709472656], "obj_id": 1}, {"cam_R_m2c": [-0.5132842659950256, -0.8304734230041504, -0.21645565330982208, -0.35068508982658386, 0.4331554174423218, -0.8302989602088928, 0.7833001613616943, -0.35027164220809937, -0.5135664939880371], "cam_t_m2c": [-18.91701889038086, 17.382568359375, 312.8514709472656], "obj_id": 2}, {"cam_R_m2c": [0.6491791009902954, -0.3532090485095978, 0.6736540794372559, 0.4846268594264984, -0.4905485510826111, -0.7242230772972107, 0.5862621068954468, 0.7966213822364807, -0.1472793072462082], "cam_t_m2c": [-5.577713489532471, -101.96146392822266, 432.12139892578125], "obj_id": 1}, {"cam_R_m2c": [0.10503488034009933, -0.9543820023536682, 0.2795039415359497, 0.16704025864601135, 0.2939969301223755, 0.941096842288971, -0.9803392887115479, -0.05215949937701225, 0.19030022621154785], "cam_t_m2c": [-135.06124877929688, -26.808902740478516, 355.7090148925781], "obj_id": 3}, {"cam_R_m2c": [0.12734465301036835, 0.9414148926734924, -0.31228411197662354, 0.8373860716819763, -0.2707817256450653, -0.47482818365097046, -0.5315711498260498, -0.2010355442762375, -0.8228103518486023], "cam_t_m2c": [294.1237487792969, -94.32682800292969, 252.43511962890625], "obj_id": 1}, {"cam_R_m2c": [-0.4923650324344635, -0.6113449335098267, -0.6195433139801025, 0.0019216735381633043, 0.7110354900360107, -0.7031534910202026, 0.8703866004943848, -0.3473988175392151, -0.34891417622566223], "cam_t_m2c": [-199.62374877929688, 1.9381530284881592, 368.8288879394531], "obj_id": 3}, {"cam_R_m2c": [0.3157193064689636, -0.053037144243717194, -0.9473691582679749, 0.947287380695343, -0.03970663249492645, 0.3179149329662323, -0.054478202015161514, -0.997802734375, 0.03770531341433525], "cam_t_m2c": [-332.6385803222656, -81.16389465332031, 535.6376342773438], "obj_id": 0}, {"cam_R_m2c": [-0.2264101207256317, 0.1268991231918335, -0.9657302498817444, -0.020168351009488106, -0.9918749928474426, -0.1256062537431717, -0.9738231301307678, -0.008961353451013565, 0.22713008522987366], "cam_t_m2c": [1742.9119873046875, 6613.29541015625, 4433.90966796875], "obj_id": 1}, {"cam_R_m2c": [0.43416911363601685, -0.03975158929824829, 0.8999538421630859, 0.8667449355125427, -0.25378167629241943, -0.429357647895813, 0.24545949697494507, 0.9664443135261536, -0.07572965323925018], "cam_t_m2c": [56.184722900390625, 36.011314392089844, 269.58148193359375], "obj_id": 2}, {"cam_R_m2c": [-0.22325070202350616, 0.5782968401908875, 0.7846857905387878, -0.8356754779815674, 0.3008623421192169, -0.4594869613647461, -0.5018022656440735, -0.7583234906196594, 0.41610080003738403], "cam_t_m2c": [149.1940155029297, 119.84588623046875, 90.31094360351562], "obj_id": 0}]
}