{
  "0": [{"cam_R_m2c": [0.13049085438251495, -0.9622083902359009, 0.2390126734972, -0.7145684957504272, -0.2583909034729004, -0.6500967741012573, 0.6872873306274414, -0.085959292948246, -0.7212813496589661], "cam_t_m2c": [204.6457977294922, -484.1912536621094, 749.4061279296875], "obj_id": 0}, {"cam_R_m2c": [-0.8766120076179504, 0.4231124818325043, 0.22918786108493805, -0.046023380011320114, 0.4003812372684479, -0.9151921272277832, -0.4789917469024658, -0.8128165006637573, -0.3315059244632721], "cam_t_m2c": [77.92830657958984, -377.8741455078125, 749.297607421875], "obj_id": 2}, {"cam_R_m2c": [-0.5336484909057617, -0.08085443079471588, -0.8418324589729309, -0.7836722135543823, -0.3269304037094116, 0.5281802415847778, -0.3179263174533844, 0.9415832757949829, 0.11110252887010574], "cam_t_m2c": [56.94159698486328, -328.78533935546875, 567.6805419921875], "obj_id": 2}, {"cam_R_m2c": [0.32170894742012024, 0.9109416007995605, -0.2582417130470276, -0.7372927069664001, 0.41213417053222656, 0.5352988243103027, 0.5940561890602112, 0.01818932220339775, 0.8042178750038147], "cam_t_m2c": [-112.72947692871094, -295.8533020019531, 401.90960693359375], "obj_id": 3}],
  "1": [{"cam_R_m2c": [-0.24966731667518616, 0.938927173614502, -0.23681673407554626, 0.26858803629875183, -0.16781790554523468, -0.948523998260498, -0.9303369522094727, -0.30042147636413574, -0.21028606593608856], "cam_t_m2c": [-231.9464569091797, -392.8370056152344, 719.1055297851562], "obj_id": 0}, {"cam_R_m2c": [0.9050502777099609, -0.317821204662323, -0.28261926770210266, -0.4181149899959564, -0.5432248711585999, -0.7280705571174622, 0.0778704583644867, 0.777107834815979, -0.624531626701355], "cam_t_m2c": [-96.59019470214844, -339.1951904296875, 797.8479614257812], "obj_id": 2}, {"cam_R_m2c": [0.4852882921695709, -0.025813886895775795, 0.8739730715751648, -0.6314901113510132, 0.6809974312782288, 0.37075963616371155, -0.6047441363334656, -0.7318306565284729, 0.31417885422706604], "cam_t_m2c": [-56.567012786865234, -476.32391357421875, 922.309326171875], "obj_id": 2}, {"cam_R_m2c": [-0.43391725420951843, -0.868717610836029, 0.23884238302707672, 0.16983988881111145, 0.18147507309913635, 0.9686182141304016, -0.884799599647522, 0.4608650505542755, 0.06879767030477524], "cam_t_m2c": [128.31849670410156, -601.942626953125, 1007.9439697265625], "obj_id": 3}]
}