{
  "0": [{"cam_R_m2c": [-0.4306565225124359, -0.8120593428611755, 0.3938203752040863, -0.8242930769920349, 0.17621256411075592, -0.5380427241325378, 0.3675265610218048, -0.5563350319862366, -0.7452619671821594], "cam_t_m2c": [100.17436218261719, -48.40141677856445, 464.5466613769531], "obj_id": 3}, {"cam_R_m2c": [-0.4306565225124359, -0.8120593428611755, 0.3938203752040863, -0.8242930769920349, 0.17621256411075592, -0.5380427241325378, 0.3675265610218048, -0.5563350319862366, -0.7452619671821594], "cam_t_m2c": [100.17436218261719, -48.40141677856445, 464.5466613769531], "obj_id": 0}, {"cam_R_m2c": [-0.4306565225124359, -0.8120593428611755, 0.3938203752040863, -0.8242930769920349, 0.17621256411075592, -0.5380427241325378, 0.3675265610218048, -0.5563350319862366, -0.7452619671821594], "cam_t_m2c": [100.17436218261719, -48.40141677856445, 464.5466613769531], "obj_id": 3}, {"cam_R_m2c": [-0.4306565225124359, -0.8120593428611755, 0.3938203752040863, -0.8242930769920349, 0.17621256411075592, -0.5380427241325378, 0.3675265610218048, -0.5563350319862366, -0.7452619671821594], "cam_t_m2c": [100.17436218261719, -48.40141677856445, 464.5466613769531], "obj_id": 3}, {"cam_R_m2c": [-0.4306565225124359, -0.8120593428611755, 0.3938203752040863, -0.8242930769920349, 0.17621256411075592, -0.5380427241325378, 0.3675265610218048, -0.5563350319862366, -0.7452619671821594], "cam_t_m2c": [100.17436218261719, -48.40141677856445, 464.5466613769531], "obj_id": 1}, {"cam_R_m2c": [-0.4306565225124359, -0.8120593428611755, 0.3938203752040863, -0.8242930769920349, 0.17621256411075592, -0.5380427241325378, 0.3675265610218048, -0.5563350319862366, -0.7452619671821594], "cam_t_m2c": [100.17436218261719, -48.40141677856445, 464.5466613769531], "obj_id": 1}, {"cam_R_m2c": [-0.4306565225124359, -0.8120593428611755, 0.3938203752040863, -0.8242930769920349, 0.17621256411075592, -0.5380427241325378, 0.3675265610218048, -0.5563350319862366, -0.7452619671821594], "cam_t_m2c": [100.17436218261719, -48.40141677856445, 464.5466613769531], "obj_id": 3}, {"cam_R_m2c": [-0.4306565225124359, -0.8120593428611755, 0.3938203752040863, -0.8242930769920349, 0.17621256411075592, -0.5380427241325378, 0.3675265610218048, -0.5563350319862366, -0.7452619671821594], "cam_t_m2c": [100.17436218261719, -48.40141677856445, 464.5466613769531], "obj_id": 1}, {"cam_R_m2c": [-0.4306565225124359, -0.8120593428611755, 0.3938203752040863, -0.8242930769920349, 0.17621256411075592, -0.5380427241325378, 0.3675265610218048, -0.5563350319862366, -0.7452619671821594], "cam_t_m2c": [100.17436218261719, -48.40141677856445, 464.5466613769531], "obj_id": 1}, {"cam_R_m2c": [-0.4306565225124359, -0.8120593428611755, 0.3938203752040863, -0.8242930769920349, 0.17621256411075592, -0.5380427241325378, 0.3675265610218048, -0.5563350319862366, -0.7452619671821594], "cam_t_m2c": [100.17436218261719, -48.40141677856445, 464.5466613769531], "obj_id": 0}, {"cam_R_m2c": [-0.4306565225124359, -0.8120593428611755, 0.3938203752040863, -0.8242930769920349, 0.17621256411075592, -0.5380427241325378, 0.3675265610218048, -0.5563350319862366, -0.7452619671821594], "cam_t_m2c": [100.17436218261719, -48.40141677856445, 464.5466613769531], "obj_id": 0}, {"cam_R_m2c": [-0.4306565225124359, -0.8120593428611755, 0.3938203752040863, -0.8242930769920349, 0.17621256411075592, -0.5380427241325378, 0.3675265610218048, -0.5563350319862366, -0.7452619671821594], "cam_t_m2c": [100.17436218261719, -48.40141677856445, 464.5466613769531], "obj_id": 0}, {"cam_R_m2c": [-0.4306565225124359, -0.8120593428611755, 0.3938203752040863, -0.8242930769920349, 0.17621256411075592, -0.5380427241325378, 0.3675265610218048, -0.5563350319862366, -0.7452619671821594], "cam_t_m2c": [100.17436218261719, -48.40141677856445, 464.5466613769531], "obj_id": 0}, {"cam_R_m2c": [-0.4306565225124359, -0.8120593428611755, 0.3938203752040863, -0.8242930769920349, 0.17621256411075592, -0.5380427241325378, 0.3675265610218048, -0.5563350319862366, -0.7452619671821594], "cam_t_m2c": [100.17436218261719, -48.40141677856445, 464.5466613769531], "obj_id": 2}, {"cam_R_m2c": [-0.4306565225124359, -0.8120593428611755, 0.3938203752040863, -0.8242930769920349, 0.17621256411075592, -0.5380427241325378, 0.3675265610218048, -0.5563350319862366, -0.7452619671821594], "cam_t_m2c": [100.17436218261719, -48.40141677856445, 464.5466613769531], "obj_id": 3}, {"cam_R_m2c": [-0.4306565225124359, -0.8120593428611755, 0.3938203752040863, -0.8242930769920349, 0.17621256411075592, -0.5380427241325378, 0.3675265610218048, -0.5563350319862366, -0.7452619671821594], "cam_t_m2c": [100.17436218261719, -48.40141677856445, 464.5466613769531], "obj_id": 2}, {"cam_R_m2c": [-0.4306565225124359, -0.8120593428611755, 0.3938203752040863, -0.8242930769920349, 0.17621256411075592, -0.5380427241325378, 0.3675265610218048, -0.5563350319862366, -0.7452619671821594], "cam_t_m2c": [100.17436218261719, -48.40141677856445, 464.5466613769531], "obj_id": 1}, {"cam_R_m2c": [-0.4306565225124359, -0.8120593428611755, 0.3938203752040863, -0.8242930769920349, 0.17621256411075592, -0.5380427241325378, 0.3675265610218048, -0.5563350319862366, -0.7452619671821594], "cam_t_m2c": [100.17436218261719, -48.40141677856445, 464.5466613769531], "obj_id": 1}, {"cam_R_m2c": [-0.4306565225124359, -0.8120593428611755, 0.3938203752040863, -0.8242930769920349, 0.17621256411075592, -0.5380427241325378, 0.3675265610218048, -0.5563350319862366, -0.7452619671821594], "cam_t_m2c": [100.17436218261719, -48.40141677856445, 464.5466613769531], "obj_id": 0}, {"cam_R_m2c": [-0.4306565225124359, -0.8120593428611755, 0.3938203752040863, -0.8242930769920349, 0.17621256411075592, -0.5380427241325378, 0.3675265610218048, -0.5563350319862366, -0.7452619671821594], "cam_t_m2c": [100.17436218261719, -48.40141677856445, 464.5466613769531], "obj_id": 0}, {"cam_R_m2c": [-0.4306565225124359, -0.8120593428611755, 0.3938203752040863, -0.8242930769920349, 0.17621256411075592, -0.5380427241325378, 0.3675265610218048, -0.5563350319862366, -0.7452619671821594], "cam_t_m2c": [100.17436218261719, -48.40141677856445, 464.5466613769531], "obj_id": 3}, {"cam_R_m2c": [-0.4306565225124359, -0.8120593428611755, 0.3938203752040863, -0.8242930769920349, 0.17621256411075592, -0.5380427241325378, 0.3675265610218048, -0.5563350319862366, -0.7452619671821594], "cam_t_m2c": [100.17436218261719, -48.40141677856445, 464.5466613769531], "obj_id": 2}, {"cam_R_m2c": [-0.4306565225124359, -0.8120593428611755, 0.3938203752040863, -0.8242930769920349, 0.17621256411075592, -0.5380427241325378, 0.3675265610218048, -0.5563350319862366, -0.7452619671821594], "cam_t_m2c": [100.17436218261719, -48.40141677856445, 464.5466613769531], "obj_id": 1}, {"cam_R_m2c": [-0.4306565225124359, -0.8120593428611755, 0.3938203752040863, -0.8242930769920349, 0.17621256411075592, -0.5380427241325378, 0.3675265610218048, -0.5563350319862366, -0.7452619671821594], "cam_t_m2c": [100.17436218261719, -48.40141677856445, 464.5466613769531], "obj_id": 0}, {"cam_R_m2c": [-0.31919553875923157, 0.5609325766563416, 0.7638511061668396, 0.41606682538986206, -0.6412338614463806, 0.6447535753250122, 0.8514706492424011, 0.5236157178878784, -0.02870621532201767], "cam_t_m2c": [141.63465881347656, -7.610453128814697, 409.6214294433594], "obj_id": 0}, {"cam_R_m2c": [0.36859771609306335, 0.9274517297744751, -0.06299937516450882, 0.835170328617096, -0.36015719175338745, -0.4156647026538849, -0.40819865465164185, 0.10059783607721329, -0.9073333144187927], "cam_t_m2c": [-59.69955062866211, -101.46466064453125, 406.612060546875], "obj_id": 3}, {"cam_R_m2c": [0.9078145623207092, 0.3681839406490326, 0.20078173279762268, -0.4178173542022705, 0.8352379202842712, 0.3575000464916229, -0.03607472777366638, -0.40843382477760315, 0.9120748043060303], "cam_t_m2c": [58.76187515258789, 25.320228576660156, 388.2365417480469], "obj_id": 1}, {"cam_R_m2c": [0.3685641288757324, 0.8564366102218628, 0.36149245500564575, 0.9092727899551392, -0.2512492835521698, -0.331808477640152, -0.1933482140302658, 0.45098793506622314, -0.8713359832763672], "cam_t_m2c": [359.42437744140625, -21.86642074584961, 507.7629699707031], "obj_id": 1}, {"cam_R_m2c": [-0.8588794469833374, -0.20518599450588226, -0.46928098797798157, -0.512093186378479, 0.3606649339199066, 0.7795392274856567, 0.009302648715674877, 0.9098458290100098, -0.41484200954437256], "cam_t_m2c": [235.73583984375, 62.764129638671875, 417.08673095703125], "obj_id": 3}, {"cam_R_m2c": [0.6434741020202637, 0.6519280672073364, 0.4011618494987488, -0.3239932060241699, 0.7067748308181763, -0.6288861036300659, -0.6935195922851562, 0.2746981978416443, 0.6660115718841553], "cam_t_m2c": [234.6470947265625, 23.77391815185547, 493.12713623046875], "obj_id": 0}, {"cam_R_m2c": [0.8721498847007751, -0.25865763425827026, 0.41527193784713745, 0.41962236166000366, -0.04092259332537651, -0.9067758321762085, 0.25153848528862, 0.9651018381118774, 0.0728478878736496], "cam_t_m2c": [-23.649606704711914, 0.7706247568130493, 315.0265808105469], "obj_id": 3}, {"cam_R_m2c": [-0.3938240110874176, 0.8687894940376282, 0.3001787066459656, 0.53803551197052, -0.046897344291210175, 0.8416164517402649, 0.7452651858329773, 0.49295568466186523, -0.448970228433609], "cam_t_m2c": [256.58984375, 159.12762451171875, 410.1280822753906], "obj_id": 2}]
}