{
  "0": [{"cam_R_m2c": [-0.12439297139644623, -0.0500277541577816, -0.9909709095954895, -0.8788225650787354, 0.469218909740448, 0.08662766218185425, 0.46064844727516174, 0.8816636204719543, -0.10233298689126968], "cam_t_m2c": [-288.0916748046875, 166.2407989501953, 869.7434692382812], "obj_id": 3}, {"cam_R_m2c": [-0.9465713500976562, 0.10543051362037659, -0.30477359890937805, 0.304697722196579, -0.01722179725766182, -0.952293336391449, -0.10564953833818436, -0.9942774772644043, -0.01582271233201027], "cam_t_m2c": [-168.19058227539062, 348.2819519042969, 664.8695678710938], "obj_id": 3}, {"cam_R_m2c": [-0.27395549416542053, 0.6925864815711975, 0.6672874093055725, -0.3841351270675659, -0.714883029460907, 0.5842795968055725, 0.8816965222358704, -0.09626195579767227, 0.4618928134441376], "cam_t_m2c": [4.765896320343018, 259.69049072265625, 743.5803833007812], "obj_id": 3}, {"cam_R_m2c": [-0.4681446850299835, 0.26234740018844604, -0.8438094258308411, 0.8442932367324829, -0.1490197777748108, -0.5147445797920227, -0.2607862055301666, -0.9533975720405579, -0.15173529088497162], "cam_t_m2c": [-226.45751953125, 359.0123291015625, 669.2920532226562], "obj_id": 3}, {"cam_R_m2c": [0.8802910447120667, -0.47326886653900146, -0.03322984278202057, -0.09135793894529343, -0.23782439529895782, 0.9670021533966064, -0.4655548930168152, -0.8482075333595276, -0.2525915503501892], "cam_t_m2c": [-347.27398681640625, 389.8883361816406, 744.43603515625], "obj_id": 3}, {"cam_R_m2c": [0.9059520959854126, -0.28985241055488586, 0.30860385298728943, -0.42073729634284973, -0.5350402593612671, 0.7326062321662903, -0.04723217338323593, -0.7935473322868347, -0.6066725850105286], "cam_t_m2c": [-251.03184509277344, 291.0655822753906, 981.143310546875], "obj_id": 3}, {"cam_R_m2c": [0.1519530713558197, -0.9042298793792725, 0.3990970551967621, -0.048386041074991226, -0.4101071059703827, -0.9107528328895569, 0.9872025847434998, 0.11908090114593506, -0.10606904327869415], "cam_t_m2c": [-192.8631591796875, 193.74417114257812, 1020.1510009765625], "obj_id": 3}, {"cam_R_m2c": [-0.014035075902938843, 0.6521068811416626, 0.7579970955848694, 0.5249563455581665, -0.6403871774673462, 0.5606469511985779, 0.8510133624076843, 0.40578413009643555, -0.33333975076675415], "cam_t_m2c": [-288.9400634765625, 151.32273864746094, 909.7864990234375], "obj_id": 3}, {"cam_R_m2c": [-0.2962120473384857, -0.9509314894676208, -0.08937454968690872, 0.9542662501335144, -0.29860880970954895, 0.014448991045355797, -0.040428027510643005, -0.08100715279579163, 0.9958932995796204], "cam_t_m2c": [-191.92697143554688, 344.4547424316406, 593.5431518554688], "obj_id": 3}, {"cam_R_m2c": [-0.4245287775993347, 0.8812596797943115, 0.20774134993553162, 0.7657504677772522, 0.471892774105072, -0.43697068095207214, -0.4831162989139557, -0.026428626850247383, -0.8751570582389832], "cam_t_m2c": [-145.7496795654297, 339.2039489746094, 730.8656616210938], "obj_id": 3}, {"cam_R_m2c": [0.8010669350624084, 0.01370463240891695, -0.5984178185462952, 0.5492955446243286, -0.4140641391277313, 0.725827157497406, -0.23783622682094574, -0.9101444482803345, -0.3392210006713867], "cam_t_m2c": [19.576496124267578, 299.7258605957031, 960.5980224609375], "obj_id": 3}, {"cam_R_m2c": [0.3623653054237366, -0.6884692311286926, 0.6282527446746826, -0.4519613981246948, -0.7193073630332947, -0.5275677442550659, 0.8151209950447083, -0.09277372807264328, -0.5718135833740234], "cam_t_m2c": [-195.5897674560547, 272.8591003417969, 964.6524047851562], "obj_id": 3}, {"cam_R_m2c": [-0.9405184984207153, -0.07522154599428177, 0.33131057024002075, -0.02688520774245262, -0.9556444883346558, -0.2932930588722229, 0.3386770784854889, -0.2847549021244049, 0.89677894115448], "cam_t_m2c": [-259.6482238769531, 112.40913391113281, 1036.9276123046875], "obj_id": 3}, {"cam_R_m2c": [0.333847314119339, 0.4242078363895416, 0.8417800068855286, 0.723508894443512, -0.687734067440033, 0.0596364364027977, 0.6042191386222839, 0.5891258716583252, -0.5365162491798401], "cam_t_m2c": [-314.72991943359375, 71.92908477783203, 998.621826171875], "obj_id": 3}, {"cam_R_m2c": [-0.18980737030506134, 0.9776816964149475, 0.09006315469741821, -0.9639291167259216, -0.16813038289546967, -0.20633132755756378, -0.18658402562141418, -0.12597773969173431, 0.9743285179138184], "cam_t_m2c": [-73.7429428100586, 287.32061767578125, 974.867431640625], "obj_id": 3}, {"cam_R_m2c": [-0.7897007465362549, 0.4845430254936218, -0.3762851655483246, 0.5762181282043457, 0.3752858340740204, -0.7260393500328064, -0.21058283746242523, -0.790176272392273, -0.5755659341812134], "cam_t_m2c": [-174.36038208007812, 412.033935546875, 969.3847045898438], "obj_id": 3}, {"cam_R_m2c": [-0.9984105825424194, -0.05536924675107002, 0.010518291965126991, 0.05485610291361809, -0.9975228309631348, -0.04403511434793472, 0.012930427677929401, -0.04338813200592995, 0.998974621295929], "cam_t_m2c": [-89.07331848144531, 195.17063903808594, 658.1275634765625], "obj_id": 3}, {"cam_R_m2c": [0.25406497716903687, 0.5241315960884094, 0.8128573298454285, 0.8161091208457947, 0.3348553776741028, -0.47099652886390686, -0.5190538167953491, 0.7830440402030945, -0.34267354011535645], "cam_t_m2c": [-181.3277130126953, 133.42916870117188, 961.1743774414062], "obj_id": 3}, {"cam_R_m2c": [-0.009230049327015877, 0.9834729433059692, 0.180819571018219, -0.5319212079048157, 0.1482919305562973, -0.8337081670761108, -0.8467435240745544, -0.10387695580720901, 0.521761417388916], "cam_t_m2c": [-45.531070709228516, 305.1520080566406, 609.5270385742188], "obj_id": 3}, {"cam_R_m2c": [0.6429624557495117, 0.5754870772361755, -0.5053848624229431, 0.7647308111190796, -0.44596853852272034, 0.46507927775382996, 0.04226136580109596, -0.6855118870735168, -0.726833701133728], "cam_t_m2c": [-84.02572631835938, 40.61185836791992, 693.5974731445312], "obj_id": 3}, {"cam_R_m2c": [0.5104425549507141, 0.6036897897720337, 0.6123781800270081, 0.6965019106864929, -0.7079030275344849, 0.11729612201452255, 0.5043148398399353, 0.36664965748786926, -0.7818149328231812], "cam_t_m2c": [-328.86431884765625, 346.7593078613281, 607.4885864257812], "obj_id": 3}, {"cam_R_m2c": [0.8448031544685364, 0.36156004667282104, -0.3944387435913086, 0.20081719756126404, -0.8975183367729187, -0.39259785413742065, -0.4959637522697449, 0.2524578273296356, -0.8308337926864624], "cam_t_m2c": [-29.48381996154785, 125.18852996826172, 812.0327758789062], "obj_id": 3}, {"cam_R_m2c": [-0.453519344329834, -0.32329919934272766, -0.8305405974388123, 0.5924922227859497, -0.8055142760276794, -0.009974959306418896, -0.6657874584197998, -0.4966127276420593, 0.5568687319755554], "cam_t_m2c": [-183.99667358398438, 168.25457763671875, 1046.8388671875], "obj_id": 3}, {"cam_R_m2c": [0.49556097388267517, 0.5423812866210938, 0.6784113049507141, 0.1704559177160263, 0.7051460146903992, -0.688268780708313, -0.8516831398010254, 0.456718385219574, 0.2569907605648041], "cam_t_m2c": [-250.64981079101562, 230.80152893066406, 1031.978515625], "obj_id": 3}, {"cam_R_m2c": [0.9019020795822144, 0.4300042390823364, 0.040852904319763184, -0.12155027687549591, 0.3434200584888458, -0.9312830567359924, -0.4144853949546814, 0.834960401058197, 0.36199840903282166], "cam_t_m2c": [-206.1531219482422, 140.8099365234375, 993.2537231445312], "obj_id": 3}, {"cam_R_m2c": [0.7534986734390259, 0.5183069109916687, -0.4044720530509949, -0.042129166424274445, -0.5758844017982483, -0.8164448738098145, -0.6560981869697571, 0.6322302222251892, -0.41209229826927185], "cam_t_m2c": [-321.09033203125, 194.15966796875, 646.546142578125], "obj_id": 3}, {"cam_R_m2c": [0.056144051253795624, 0.25652769207954407, -0.96490478515625, 0.7350268363952637, -0.6646766066551208, -0.13394136726856232, -0.6757094264030457, -0.7017109394073486, -0.2258722186088562], "cam_t_m2c": [-97.39181518554688, 111.33979797363281, 846.5771484375], "obj_id": 3}, {"cam_R_m2c": [0.8429787755012512, 0.4586297273635864, -0.28115031123161316, 0.5070410370826721, -0.8519933819770813, 0.13044734299182892, -0.17971119284629822, -0.2525191009044647, -0.9507564306259155], "cam_t_m2c": [45.01946258544922, 207.3168182373047, 662.8710327148438], "obj_id": 3}, {"cam_R_m2c": [-0.863162100315094, 0.22621910274028778, -0.45141586661338806, 0.06063458323478699, -0.8411132097244263, -0.5374497175216675, -0.5012731552124023, -0.4912776052951813, 0.712300181388855], "cam_t_m2c": [54.507598876953125, 279.0188903808594, 1003.8927612304688], "obj_id": 1}, {"cam_R_m2c": [0.6685252785682678, 0.4341377913951874, 0.603819727897644, -0.4846195578575134, -0.3615562319755554, 0.7965053915977478, 0.5641079545021057, -0.8251068592071533, -0.031317777931690216], "cam_t_m2c": [-301.2644958496094, 319.8790588378906, 749.3436279296875], "obj_id": 1}, {"cam_R_m2c": [0.35143762826919556, -0.7633113265037537, -0.542076826095581, 0.5060340762138367, 0.64201819896698, -0.5759705901145935, 0.7876681089401245, -0.07189162820577621, 0.6118909120559692], "cam_t_m2c": [-251.11911010742188, 107.240966796875, 910.36865234375], "obj_id": 1}, {"cam_R_m2c": [0.07508572190999985, 0.8061573505401611, 0.5869176983833313, -0.27047690749168396, 0.5829790234565735, -0.7661446332931519, -0.9597938656806946, -0.10122119635343552, 0.26182037591934204], "cam_t_m2c": [-332.3902893066406, 282.6494140625, 641.4918823242188], "obj_id": 1}, {"cam_R_m2c": [-0.007117508444935083, 0.32920753955841064, -0.9442307353019714, -0.9999195337295532, 0.007570410612970591, 0.01017674058675766, 0.010498447343707085, 0.9442272186279297, 0.3291271924972534], "cam_t_m2c": [31.388669967651367, 230.17514038085938, 1025.5498046875], "obj_id": 1}, {"cam_R_m2c": [0.5836009383201599, -0.2839142978191376, 0.7607907652854919, -0.6542357206344604, 0.3905882239341736, 0.6476236581802368, -0.4810255169868469, -0.8756902813911438, 0.042200785130262375], "cam_t_m2c": [49.6125373840332, 57.917327880859375, 811.8695068359375], "obj_id": 1}, {"cam_R_m2c": [-0.9903170466423035, -0.11239197105169296, 0.08148685842752457, 0.11544162034988403, -0.9927417635917664, 0.0337182991206646, 0.07710574567317963, 0.042798783630132675, 0.9961038827896118], "cam_t_m2c": [-24.75098419189453, 137.85809326171875, 1048.6102294921875], "obj_id": 1}, {"cam_R_m2c": [-0.7887710928916931, -0.4270731508731842, 0.44209572672843933, 0.5826299786567688, -0.29021164774894714, 0.7591570615768433, -0.19591428339481354, 0.8563793897628784, 0.4777362048625946], "cam_t_m2c": [-144.84945678710938, 357.6567687988281, 731.4946899414062], "obj_id": 1}, {"cam_R_m2c": [-0.13414664566516876, -0.3638976812362671, 0.9217281937599182, 0.6895734071731567, 0.6337206363677979, 0.3505518138408661, -0.7116831541061401, 0.6826247572898865, 0.16592274606227875], "cam_t_m2c": [-63.55116653442383, 259.8147277832031, 709.6536254882812], "obj_id": 1}, {"cam_R_m2c": [0.8480615019798279, 0.01771857589483261, 0.529601514339447, 0.48351919651031494, 0.38302546739578247, -0.7870836853981018, -0.2167968899011612, 0.9235678315162659, 0.316261887550354], "cam_t_m2c": [60.157127380371094, 244.50106811523438, 989.2684936523438], "obj_id": 1}, {"cam_R_m2c": [-0.0829424038529396, 0.44229987263679504, -0.8930237889289856, 0.909339189529419, 0.4002022445201874, 0.11375584453344345, 0.40770435333251953, -0.8026263117790222, -0.4353943467140198], "cam_t_m2c": [-313.6945495605469, 160.53086853027344, 825.191162109375], "obj_id": 1}, {"cam_R_m2c": [0.5810674428939819, -0.8132652640342712, 0.030988261103630066, -0.5492545366287231, -0.4199635684490204, -0.7224612236022949, 0.6005665063858032, 0.4027782380580902, -0.6907168030738831], "cam_t_m2c": [-204.8559112548828, 385.4819641113281, 907.8394165039062], "obj_id": 1}, {"cam_R_m2c": [-0.01686500944197178, 0.9902467727661133, -0.13829964399337769, -0.9196754693984985, 0.03890928998589516, 0.39074674248695374, 0.3923168480396271, 0.13378074765205383, 0.910049557685852], "cam_t_m2c": [55.47841262817383, 114.83396911621094, 1042.625244140625], "obj_id": 1}, {"cam_R_m2c": [-0.1332285851240158, 0.6170040369033813, 0.7756004929542542, -0.1852971464395523, -0.7842846512794495, 0.5920830965042114, 0.9736092686653137, -0.06483414769172668, 0.2188183069229126], "cam_t_m2c": [-5.326303482055664, 253.9404296875, 620.5643310546875], "obj_id": 1}, {"cam_R_m2c": [0.9488205909729004, 0.18190298974514008, -0.25816822052001953, 0.31578055024147034, -0.5586289763450623, 0.7669525742530823, -0.004709302913397551, -0.8092248439788818, -0.5874801278114319], "cam_t_m2c": [-271.6415100097656, 302.1961364746094, 1007.1990356445312], "obj_id": 1}, {"cam_R_m2c": [0.23048074543476105, 0.8278136253356934, 0.5114715099334717, 0.40474751591682434, -0.5595519542694092, 0.7232432961463928, 0.8849056363105774, 0.04032321274280548, -0.4640214145183563], "cam_t_m2c": [-273.5581970214844, 340.21124267578125, 872.7303466796875], "obj_id": 1}, {"cam_R_m2c": [0.8820250630378723, -0.4668042063713074, 0.06423121690750122, -0.28598979115486145, -0.6386708617210388, -0.7143592238426208, 0.3744885325431824, 0.6117132306098938, -0.6968249082565308], "cam_t_m2c": [-202.28244018554688, 123.93706512451172, 946.4747314453125], "obj_id": 1}, {"cam_R_m2c": [-0.9705771803855896, -0.13784073293209076, 0.1974334716796875, 0.15772667527198792, -0.9834869503974915, 0.08874555677175522, 0.1819404810667038, 0.1172749325633049, 0.9762910604476929], "cam_t_m2c": [-154.81512451171875, 293.7183837890625, 1009.6655883789062], "obj_id": 1}, {"cam_R_m2c": [0.7278433442115784, -0.27358466386795044, 0.6288048028945923, 0.04111302271485329, 0.9327280521392822, 0.3582291603088379, -0.6845098733901978, -0.23488262295722961, 0.6901277899742126], "cam_t_m2c": [-264.76025390625, 279.986328125, 921.38330078125], "obj_id": 1}, {"cam_R_m2c": [-0.9744930863380432, -0.09471489489078522, 0.20345136523246765, -0.20950280129909515, 0.05896265059709549, -0.9760286808013916, 0.08044841885566711, -0.9937567710876465, -0.07730177789926529], "cam_t_m2c": [-151.1727752685547, 352.7203369140625, 592.4684448242188], "obj_id": 1}, {"cam_R_m2c": [0.08262632042169571, -0.9922494888305664, -0.09280972927808762, -0.1847909539937973, -0.1067674309015274, 0.9769609570503235, -0.9792981743812561, -0.06357217580080032, -0.19218042492866516], "cam_t_m2c": [3.672612428665161, 212.3009033203125, 760.22265625], "obj_id": 1}, {"cam_R_m2c": [0.07174812257289886, -0.7627148628234863, -0.6427428722381592, 0.687899112701416, 0.5044628977775574, -0.5218352675437927, 0.7222514152526855, -0.40470150113105774, 0.560865044593811], "cam_t_m2c": [-161.63270568847656, 156.91246032714844, 819.025634765625], "obj_id": 1}, {"cam_R_m2c": [0.7779633402824402, -0.4537660777568817, 0.43459105491638184, 0.5903886556625366, 0.2912784218788147, -0.7527270317077637, 0.214975044131279, 0.8421716690063477, 0.49450230598449707], "cam_t_m2c": [-36.177467346191406, 365.51312255859375, 713.5948486328125], "obj_id": 1}, {"cam_R_m2c": [0.6189798712730408, 0.22982792556285858, -0.7510280013084412, 0.1528112292289734, -0.9731951355934143, -0.17187157273292542, -0.7703977227210999, -0.008380470797419548, -0.6375084519386292], "cam_t_m2c": [-217.15219116210938, 312.8509826660156, 669.0726318359375], "obj_id": 1}, {"cam_R_m2c": [-0.11060440540313721, -0.9434555768966675, -0.3125031590461731, 0.9605745673179626, -0.1821766048669815, 0.2100195288658142, -0.2550748586654663, -0.27695348858833313, 0.9264089465141296], "cam_t_m2c": [-19.638471603393555, 415.7593688964844, 729.71875], "obj_id": 1}, {"cam_R_m2c": [0.7322036027908325, -0.1407775580883026, -0.6663779020309448, -0.5860590934753418, -0.6287135481834412, -0.5111300945281982, -0.3470051884651184, 0.7647881507873535, -0.5428503155708313], "cam_t_m2c": [-16.698179244995117, 346.06683349609375, 735.1021118164062], "obj_id": 1}, {"cam_R_m2c": [0.649273157119751, -0.7454078793525696, -0.151034876704216, -0.18562397360801697, -0.3478876054286957, 0.9189765453338623, -0.7375555038452148, -0.568631112575531, -0.3642396330833435], "cam_t_m2c": [-208.766357421875, 242.67723083496094, 966.0474243164062], "obj_id": 1}, {"cam_R_m2c": [-0.9356480836868286, 0.04765259847044945, -0.3497025966644287, 0.11517103761434555, 0.977826714515686, -0.17490169405937195, 0.3336140215396881, -0.20392203330993652, -0.9203898310661316], "cam_t_m2c": [-75.21619415283203, 71.02742004394531, 865.8928833007812], "obj_id": 1}, {"cam_R_m2c": [0.5244543552398682, 0.766740620136261, 0.37021127343177795, -0.7540362477302551, 0.6201989054679871, -0.21629293262958527, -0.39544519782066345, -0.16571694612503052, 0.9034162759780884], "cam_t_m2c": [-176.42369079589844, 47.908626556396484, 792.9108276367188], "obj_id": 1}, {"cam_R_m2c": [0.5266138911247253, -0.20487965643405914, 0.825046718120575, 0.25347021222114563, 0.9642212986946106, 0.07765425741672516, -0.8114374279975891, 0.16823096573352814, 0.5597032308578491], "cam_t_m2c": [-48.54808807373047, 242.8341827392578, 783.3335571289062], "obj_id": 1}, {"cam_R_m2c": [0.37004610896110535, 0.24295569956302643, 0.8966819047927856, -0.5440084934234619, -0.7257370948791504, 0.42114177346229553, 0.7530741095542908, -0.6436444520950317, -0.1363862305879593], "cam_t_m2c": [-146.27069091796875, 185.795654296875, 658.0414428710938], "obj_id": 1}, {"cam_R_m2c": [-0.38058704137802124, 0.9137440919876099, -0.14221526682376862, 0.9213286638259888, 0.3878774046897888, 0.02654346078634262, 0.07941601425409317, -0.12092490494251251, -0.9894797205924988], "cam_t_m2c": [-288.4539489746094, 329.9361877441406, 913.662109375], "obj_id": 1}, {"cam_R_m2c": [-0.6966109275817871, -0.08757711946964264, 0.7120838761329651, 0.7159417867660522, -0.02055133879184723, 0.6978574395179749, -0.04648207128047943, 0.9959457516670227, 0.07701639831066132], "cam_t_m2c": [-190.44996643066406, 423.7157897949219, 908.5982666015625], "obj_id": 1}, {"cam_R_m2c": [0.5438836812973022, 0.4071056544780731, 0.7337952852249146, 0.7276002168655396, -0.6644321084022522, -0.17066854238510132, 0.4180770814418793, 0.6267334818840027, -0.6575839519500732], "cam_t_m2c": [-206.18873596191406, 140.11672973632812, 935.0481567382812], "obj_id": 1}, {"cam_R_m2c": [0.3169669806957245, -0.919424831867218, -0.23278731107711792, -0.9393948316574097, -0.27053162455558777, -0.21059450507164001, 0.13064949214458466, 0.2854306995868683, -0.9494525790214539], "cam_t_m2c": [-245.7235870361328, 176.3796844482422, 691.0012817382812], "obj_id": 1}, {"cam_R_m2c": [0.31744179129600525, -0.9406762719154358, 0.11982898414134979, 0.22478501498699188, -0.048118360340595245, -0.973219633102417, 0.9212505221366882, 0.33587637543678284, 0.19617509841918945], "cam_t_m2c": [20.843273162841797, 250.26348876953125, 679.3666381835938], "obj_id": 1}, {"cam_R_m2c": [0.8907946348190308, 0.2409456968307495, -0.38526618480682373, -0.35068756341934204, -0.17464135587215424, -0.9200643301010132, -0.2889690101146698, 0.9546964764595032, -0.07107291370630264], "cam_t_m2c": [-189.5004119873047, 256.953125, 1002.22705078125], "obj_id": 1}, {"cam_R_m2c": [-0.3521113693714142, 0.03461914137005806, 0.9353176355361938, 0.43841469287872314, 0.889005720615387, 0.13214139640331268, -0.8269281387329102, 0.45658549666404724, -0.3282065689563751], "cam_t_m2c": [29.425579071044922, 373.4585876464844, 770.3118896484375], "obj_id": 1}, {"cam_R_m2c": [0.9475334882736206, -0.0291594285517931, -0.3183237910270691, -0.1273432970046997, -0.9478318691253662, -0.29223009943962097, -0.2931962013244629, 0.3174341917037964, -0.9018157124519348], "cam_t_m2c": [-194.19320678710938, 380.92431640625, 612.0068359375], "obj_id": 1}, {"cam_R_m2c": [0.46805697679519653, 0.07439885288476944, -0.8805609345436096, 0.09730445593595505, -0.9947296977043152, -0.03232339397072792, -0.8783248662948608, -0.07055331021547318, -0.47282955050468445], "cam_t_m2c": [-9.021728515625, 213.9924774169922, 673.407958984375], "obj_id": 1}, {"cam_R_m2c": [-0.1341957300901413, 0.735231876373291, -0.6643987894058228, -0.973835289478302, 0.02624139003455639, 0.22573497891426086, 0.18340231478214264, 0.6773076057434082, 0.7124731540679932], "cam_t_m2c": [-119.88468170166016, 149.26522827148438, 932.7206420898438], "obj_id": 1}, {"cam_R_m2c": [0.8737146854400635, -0.389337420463562, -0.29161450266838074, 0.39732226729393005, 0.22533325850963593, 0.8895840644836426, -0.2806379497051239, -0.8931075930595398, 0.35156941413879395], "cam_t_m2c": [-139.7560272216797, 238.13552856445312, 792.7640380859375], "obj_id": 1}, {"cam_R_m2c": [0.8500715494155884, 0.5237793922424316, -0.0550767257809639, 0.17942635715007782, -0.1896965354681015, 0.9653088450431824, 0.4951610863208771, -0.8304638266563416, -0.2552354633808136], "cam_t_m2c": [-242.9937286376953, 309.9749755859375, 721.951171875], "obj_id": 1}, {"cam_R_m2c": [0.6006499528884888, -0.7717719674110413, 0.20877665281295776, 0.7064170241355896, 0.6345884799957275, 0.31348443031311035, -0.3744257390499115, -0.040811024606227875, 0.9263584017753601], "cam_t_m2c": [-134.91082763671875, 191.8578643798828, 965.4585571289062], "obj_id": 1}, {"cam_R_m2c": [-0.11260362714529037, -0.21351838111877441, 0.9704279899597168, -0.927001416683197, 0.37420839071273804, -0.02522937022149563, -0.3577553927898407, -0.9024289846420288, -0.24006909132003784], "cam_t_m2c": [-7.216042995452881, 160.69635009765625, 974.4884643554688], "obj_id": 1}, {"cam_R_m2c": [-0.23828579485416412, 0.9262566566467285, -0.29200753569602966, 0.496715784072876, -0.14213673770427704, -0.856195330619812, -0.8345616459846497, -0.3490639925003052, -0.42621704936027527], "cam_t_m2c": [-184.5759735107422, 300.61859130859375, 673.0238647460938], "obj_id": 1}, {"cam_R_m2c": [0.09484252333641052, -0.5485606789588928, 0.8307141661643982, -0.6962788701057434, -0.6329533457756042, -0.33847564458847046, 0.7114777565002441, -0.546306848526001, -0.44198209047317505], "cam_t_m2c": [-4.584913730621338, 341.0904541015625, 759.4405517578125], "obj_id": 1}, {"cam_R_m2c": [0.19631804525852203, 0.9790933132171631, -0.0532502755522728, 0.38593682646751404, -0.12707960605621338, -0.9137305617332458, -0.9013944864273071, 0.15883058309555054, -0.40281617641448975], "cam_t_m2c": [-112.61653900146484, 150.5786895751953, 965.1438598632812], "obj_id": 1}, {"cam_R_m2c": [0.8955280780792236, -0.11883974820375443, -0.42884331941604614, 0.036621928215026855, 0.9800943732261658, -0.19512534141540527, 0.44349557161331177, 0.15903514623641968, 0.8820541501045227], "cam_t_m2c": [-304.6584777832031, 118.95597839355469, 735.1868286132812], "obj_id": 1}, {"cam_R_m2c": [-0.8904044032096863, -0.1361451894044876, 0.4343322217464447, -0.3763781189918518, -0.31638622283935547, -0.8707693815231323, 0.25596779584884644, -0.9388100504875183, 0.23046961426734924], "cam_t_m2c": [-184.81544494628906, 346.750244140625, 623.5745849609375], "obj_id": 1}, {"cam_R_m2c": [-0.8313174843788147, -0.5419104099273682, 0.12346801161766052, 0.3893733620643616, -0.7263614535331726, -0.56638103723526, 0.39661017060279846, -0.4227672815322876, 0.8148424625396729], "cam_t_m2c": [-198.18695068359375, 396.53643798828125, 658.5888061523438], "obj_id": 1}, {"cam_R_m2c": [-0.15888412296772003, 0.15397194027900696, 0.9752171635627747, -0.11441611498594284, 0.9782376289367676, -0.17308971285820007, -0.9806451201438904, -0.13908176124095917, -0.13780955970287323], "cam_t_m2c": [-317.5586242675781, 213.74044799804688, 628.5263061523438], "obj_id": 1}, {"cam_R_m2c": [-0.5758036971092224, -0.5559881329536438, -0.5994392037391663, -0.3933975398540497, -0.4543169140815735, 0.799271285533905, -0.716720700263977, 0.6960412263870239, 0.04287293553352356], "cam_t_m2c": [-247.53627014160156, 307.7978210449219, 727.9953002929688], "obj_id": 1}, {"cam_R_m2c": [0.9032624959945679, -0.41215890645980835, 0.11933942884206772, 0.42884090542793274, 0.8765691518783569, -0.21845370531082153, -0.014571614563465118, 0.24849867820739746, 0.9685226082801819], "cam_t_m2c": [-212.14382934570312, 333.4324951171875, 839.3972778320312], "obj_id": 1}, {"cam_R_m2c": [0.7633427381515503, -0.6156826615333557, -0.19555743038654327, 0.1703275889158249, -0.10018625110387802, 0.9802811741828918, -0.6231342554092407, -0.7815994024276733, 0.028391296043992043], "cam_t_m2c": [-264.9093322753906, 219.4351348876953, 1031.155029296875], "obj_id": 3}, {"cam_R_m2c": [-0.39904072880744934, 0.9160902500152588, 0.039308059960603714, 0.6962246894836426, 0.2748151421546936, 0.6631348133087158, 0.5966888666152954, 0.29198503494262695, -0.7474671006202698], "cam_t_m2c": [-35.97443771362305, 365.019287109375, 949.852783203125], "obj_id": 1}, {"cam_R_m2c": [-0.4821402430534363, -0.6999057531356812, -0.5269463658332825, -0.5846620202064514, 0.7049921154975891, -0.40144288539886475, 0.6524652242660522, 0.11453372985124588, -0.7491133809089661], "cam_t_m2c": [-251.06655883789062, 82.00845336914062, 681.59375], "obj_id": 1}, {"cam_R_m2c": [0.011852695606648922, 0.383698970079422, 0.9233821630477905, 0.945744514465332, -0.30416139960289, 0.11425039917230606, 0.324694961309433, 0.8719294667243958, -0.3664863407611847], "cam_t_m2c": [-22.288694381713867, 80.9295883178711, 908.7398681640625], "obj_id": 1}, {"cam_R_m2c": [0.3137379586696625, 0.40200385451316833, -0.8602100610733032, -0.9225804209709167, 0.3432934582233429, -0.17605376243591309, 0.2245302051305771, 0.8488477468490601, 0.4785850942134857], "cam_t_m2c": [-275.72979736328125, 110.96673583984375, 668.328369140625], "obj_id": 1}, {"cam_R_m2c": [0.9745364785194397, 0.14956311881542206, 0.16706141829490662, -0.17182378470897675, 0.019414396956562996, 0.9849362969398499, 0.14406678080558777, -0.9885614514350891, 0.04461854323744774], "cam_t_m2c": [-180.07440185546875, 276.3752746582031, 1024.51171875], "obj_id": 3}, {"cam_R_m2c": [-0.08563703298568726, 0.7853051424026489, 0.6131575703620911, -0.8972918391227722, -0.3282802999019623, 0.2951260805130005, 0.43305155634880066, -0.5249075889587402, 0.7327607870101929], "cam_t_m2c": [-149.18292236328125, 78.7733154296875, 803.7677001953125], "obj_id": 1}, {"cam_R_m2c": [-0.8264787197113037, -0.2984376549720764, -0.4773550033569336, -0.4519111216068268, 0.8573534488677979, 0.24641700088977814, 0.33572185039520264, 0.41938045620918274, -0.843451738357544], "cam_t_m2c": [67.4082260131836, 89.221923828125, 837.0821533203125], "obj_id": 1}, {"cam_R_m2c": [-0.5971038341522217, -0.019865605980157852, 0.8019179701805115, 0.42786768078804016, -0.8534963130950928, 0.2974446415901184, 0.6785250902175903, 0.5207200646400452, 0.5181257724761963], "cam_t_m2c": [-276.4538879394531, 357.7336120605469, 1002.5248413085938], "obj_id": 1}, {"cam_R_m2c": [-0.04193854704499245, -0.9294303059577942, -0.3666064143180847, -0.008359676226973534, 0.3672429025173187, -0.9300874471664429, 0.9990851283073425, -0.03594188019633293, -0.02317131869494915], "cam_t_m2c": [0.9173706769943237, 403.5584716796875, 718.3353881835938], "obj_id": 3}, {"cam_R_m2c": [-0.8536887168884277, 0.46791234612464905, -0.22863346338272095, -0.4699401259422302, -0.502938985824585, 0.7254022359848022, 0.2244359850883484, 0.7267118692398071, 0.6492443680763245], "cam_t_m2c": [-60.75247573852539, 205.7515411376953, 672.69287109375], "obj_id": 1}, {"cam_R_m2c": [0.5168365240097046, -0.19515764713287354, -0.8335427641868591, 0.48448050022125244, 0.8694252371788025, 0.09684234857559204, 0.7058035731315613, -0.45388686656951904, 0.5439007878303528], "cam_t_m2c": [-287.8844909667969, 466.1576843261719, 961.3610229492188], "obj_id": 1}, {"cam_R_m2c": [0.8758518099784851, 0.48166704177856445, -0.029672594740986824, 0.36516690254211426, -0.6213018298149109, 0.6932798027992249, 0.3154944181442261, -0.6180458068847656, -0.7200571894645691], "cam_t_m2c": [-133.04473876953125, 359.3555603027344, 932.6137084960938], "obj_id": 3}, {"cam_R_m2c": [-0.2540346384048462, -0.8472294807434082, -0.46654948592185974, -0.9368770122528076, 0.0957212895154953, 0.3363017141819, -0.24026606976985931, 0.5225318074226379, -0.8180662989616394], "cam_t_m2c": [-198.78427124023438, 54.120765686035156, 694.076904296875], "obj_id": 1}, {"cam_R_m2c": [0.2933964133262634, 0.43786361813545227, -0.8498198986053467, -0.9042301177978516, 0.41564294695854187, -0.09802419692277908, 0.31030037999153137, 0.7971927523612976, 0.5178776979446411], "cam_t_m2c": [-87.30191040039062, 104.5865249633789, 729.7931518554688], "obj_id": 3}, {"cam_R_m2c": [0.4709636867046356, -0.6697418689727783, 0.5741419792175293, 0.0053455159068107605, -0.6486632823944092, -0.761056661605835, 0.8821364045143127, 0.3614991009235382, -0.3019167184829712], "cam_t_m2c": [-219.3607635498047, 173.36428833007812, 1016.4879760742188], "obj_id": 3}, {"cam_R_m2c": [-0.6915780305862427, -0.25318995118141174, -0.6764721870422363, -0.6695530414581299, 0.5760469436645508, 0.46890154480934143, 0.2709585726261139, 0.7772160172462463, -0.5679054856300354], "cam_t_m2c": [-171.34852600097656, 242.96336364746094, 877.3890991210938], "obj_id": 3}, {"cam_R_m2c": [-0.5246690511703491, -0.008006736636161804, -0.8512685298919678, 0.7513131499290466, 0.46585842967033386, -0.4674445390701294, 0.4003133177757263, -0.8848230242729187, -0.23840589821338654], "cam_t_m2c": [-269.87762451171875, 212.82008361816406, 1027.5565185546875], "obj_id": 3}, {"cam_R_m2c": [0.2820764183998108, 0.8706929087638855, -0.40289777517318726, 0.3267977833747864, 0.30763664841651917, 0.893623411655426, 0.9020177125930786, -0.38373610377311707, -0.19776344299316406], "cam_t_m2c": [-256.6816101074219, 292.3263854980469, 752.6500854492188], "obj_id": 1}, {"cam_R_m2c": [-0.9283462166786194, 0.19739127159118652, 0.314976304769516, -0.26623019576072693, -0.9444279670715332, -0.1928143948316574, 0.259412556886673, -0.2628547251224518, 0.9293075799942017], "cam_t_m2c": [-171.33009338378906, 437.81219482421875, 959.06591796875], "obj_id": 3}, {"cam_R_m2c": [0.42966097593307495, 0.8379544019699097, -0.33648720383644104, 0.23255279660224915, 0.25738343596458435, 0.9379087090492249, 0.8725310564041138, -0.48123371601104736, -0.08428099006414413], "cam_t_m2c": [-14.546679496765137, 232.88870239257812, 855.443115234375], "obj_id": 3}, {"cam_R_m2c": [-0.38392138481140137, -0.8873138427734375, -0.25549641251564026, -0.3850635290145874, 0.40534526109695435, -0.829108715057373, 0.8392438888549805, -0.2199302613735199, -0.4972928762435913], "cam_t_m2c": [-200.02816772460938, 414.7157897949219, 846.3890380859375], "obj_id": 3}, {"cam_R_m2c": [-0.8162817358970642, 0.5009874701499939, 0.28756821155548096, 0.2881236672401428, -0.07836443930864334, 0.9543812870979309, 0.5006682276725769, 0.8618993163108826, -0.08037876337766647], "cam_t_m2c": [-289.02947998046875, 163.48812866210938, 718.753173828125], "obj_id": 1}, {"cam_R_m2c": [-0.18660959601402283, 0.8877243399620056, -0.42085888981819153, -0.5254965424537659, 0.27175667881965637, 0.8062267303466797, 0.8300783634185791, 0.371609628200531, 0.41578376293182373], "cam_t_m2c": [-332.546875, 369.051513671875, 664.0062255859375], "obj_id": 3}, {"cam_R_m2c": [0.9749428033828735, -0.20992818474769592, 0.07359791547060013, 0.18969783186912537, 0.6117503046989441, -0.7679688930511475, 0.11619477719068527, 0.762687087059021, 0.636244535446167], "cam_t_m2c": [-194.91757202148438, 182.49668884277344, 936.3041381835938], "obj_id": 3}, {"cam_R_m2c": [0.38140031695365906, 0.9203609824180603, -0.08642573654651642, 0.7994133234024048, -0.28143635392189026, 0.5307842493057251, 0.4641897976398468, -0.2715311646461487, -0.8430887460708618], "cam_t_m2c": [-32.80757141113281, 242.89666748046875, 792.9285888671875], "obj_id": 1}, {"cam_R_m2c": [0.7587990164756775, 0.36991432309150696, -0.536085307598114, -0.4535169005393982, 0.8908316493034363, -0.02722846530377865, 0.4674895405769348, 0.2637846767902374, 0.8437245488166809], "cam_t_m2c": [-284.816162109375, 367.6886901855469, 788.217529296875], "obj_id": 1}, {"cam_R_m2c": [0.7477951049804688, 0.6196143627166748, 0.23849651217460632, 0.6541339755058289, -0.6261069774627686, -0.42438045144081116, -0.11362786591053009, 0.47335827350616455, -0.873510479927063], "cam_t_m2c": [-333.0198669433594, 266.817626953125, 674.3768310546875], "obj_id": 1}, {"cam_R_m2c": [-0.476062148809433, -0.3054136037826538, -0.8246740102767944, -0.04659678041934967, 0.9451996684074402, -0.32315054535865784, 0.878176212310791, -0.11541260778903961, -0.4642050862312317], "cam_t_m2c": [13.610435485839844, 186.57774353027344, 1016.506103515625], "obj_id": 1}, {"cam_R_m2c": [-0.19920222461223602, -0.9233567714691162, -0.32822322845458984, -0.07579261809587479, 0.3484496772289276, -0.9342581033706665, 0.9770228862762451, -0.16122950613498688, -0.13939550518989563], "cam_t_m2c": [-338.28582763671875, 343.9927062988281, 609.0455932617188], "obj_id": 1}, {"cam_R_m2c": [0.06934989243745804, 0.5827964544296265, -0.8096535205841064, 0.5478571057319641, -0.7005137801170349, -0.45731061697006226, -0.8336924910545349, -0.41185998916625977, -0.36786970496177673], "cam_t_m2c": [-161.2075653076172, 191.6623992919922, 981.6304321289062], "obj_id": 3}, {"cam_R_m2c": [-0.8029811382293701, 0.5249203443527222, -0.2822761833667755, 0.09342828392982483, 0.5786199569702148, 0.8102284073829651, 0.588636040687561, 0.6242256164550781, -0.5136632323265076], "cam_t_m2c": [-253.6630859375, 157.7073211669922, 868.9909057617188], "obj_id": 3}, {"cam_R_m2c": [-0.5778371691703796, -0.8160768747329712, -0.011064567603170872, -0.1393180638551712, 0.11198651045560837, -0.9838950037956238, 0.8041731119155884, -0.5669897198677063, -0.17840410768985748], "cam_t_m2c": [-82.09703826904297, 175.75021362304688, 769.1490478515625], "obj_id": 3}, {"cam_R_m2c": [-0.08817168325185776, -0.07498769462108612, 0.9932785630226135, 0.9870616793632507, 0.12748530507087708, 0.09724445641040802, -0.13392044603824615, 0.9890015721321106, 0.06277702003717422], "cam_t_m2c": [-33.103450775146484, 64.23995971679688, 837.1369018554688], "obj_id": 1}, {"cam_R_m2c": [0.04965600743889809, -0.6777271628379822, 0.7336349487304688, -0.992655336856842, 0.04764354228973389, 0.11120070517063141, -0.11031674593687057, -0.7337684035301208, -0.6703837513923645], "cam_t_m2c": [-215.1183624267578, 288.40411376953125, 848.0027465820312], "obj_id": 3}, {"cam_R_m2c": [0.8494345545768738, -0.30197635293006897, -0.4327484667301178, 0.41573354601860046, -0.12211712449789047, 0.9012507796287537, -0.32500243186950684, -0.945461630821228, 0.02181120030581951], "cam_t_m2c": [-10.77747917175293, 203.37464904785156, 743.0864868164062], "obj_id": 1}, {"cam_R_m2c": [-0.27899301052093506, 0.7033631205558777, -0.6537913084030151, -0.9484522938728333, -0.09524291753768921, 0.3022695779800415, 0.15033625066280365, 0.7044210433959961, 0.693678617477417], "cam_t_m2c": [-67.6212387084961, 161.26251220703125, 663.194580078125], "obj_id": 1}, {"cam_R_m2c": [-0.5800493359565735, -0.08060275763273239, -0.8105835318565369, -0.7509717345237732, -0.3325854539871216, 0.5704631209373474, -0.31556931138038635, 0.939622163772583, 0.13238577544689178], "cam_t_m2c": [-119.27523040771484, 344.497314453125, 856.409423828125], "obj_id": 3}, {"cam_R_m2c": [-0.48878464102745056, -0.5190864205360413, 0.7011694312095642, -0.7498182654380798, 0.6607950925827026, -0.03350120782852173, -0.4459392726421356, -0.5421245694160461, -0.7122069597244263], "cam_t_m2c": [-333.15838623046875, 185.9767303466797, 1015.9759521484375], "obj_id": 3}, {"cam_R_m2c": [0.8292458653450012, 0.5321597456932068, 0.1707550585269928, 0.4942338168621063, -0.5556116104125977, -0.6686019897460938, -0.26092955470085144, 0.6388283371925354, -0.7237499952316284], "cam_t_m2c": [-332.8836669921875, 432.0746765136719, 972.7423706054688], "obj_id": 3}, {"cam_R_m2c": [-0.8588311672210693, 0.026151146739721298, 0.5115906596183777, 0.08911129087209702, -0.9758420586585999, 0.19947771728038788, 0.5044482946395874, 0.21690620481967926, 0.835753321647644], "cam_t_m2c": [-32.23143768310547, 250.1177520751953, 644.5040283203125], "obj_id": 1}, {"cam_R_m2c": [0.7485796213150024, 0.47304657101631165, 0.46460238099098206, 0.4134111702442169, 0.2148340493440628, -0.8848374485969543, -0.5183817744255066, 0.8544431328773499, -0.03474234789609909], "cam_t_m2c": [-146.23715209960938, 442.2117614746094, 921.0604248046875], "obj_id": 1}, {"cam_R_m2c": [-0.2511996924877167, -0.5990723967552185, 0.7602702379226685, -0.7012344598770142, 0.6540582776069641, 0.28368639945983887, -0.6672097444534302, -0.46186575293540955, -0.5843894481658936], "cam_t_m2c": [-143.89878845214844, 467.5783996582031, 917.0445556640625], "obj_id": 3}, {"cam_R_m2c": [0.8746117949485779, 0.4820323586463928, 0.051951777189970016, 0.2570968568325043, -0.5519753694534302, 0.7932366132736206, 0.41104182600975037, -0.6804174780845642, -0.6066931486129761], "cam_t_m2c": [-238.4963836669922, 219.78717041015625, 894.6856689453125], "obj_id": 3}, {"cam_R_m2c": [0.5861446857452393, 0.1703716516494751, -0.7920908331871033, 0.03280507028102875, 0.9718485474586487, 0.23331154882907867, 0.8095420002937317, -0.16273891925811768, 0.5640547871589661], "cam_t_m2c": [20.804161071777344, 129.0413055419922, 1056.0234375], "obj_id": 3}, {"cam_R_m2c": [-0.9348840117454529, -0.3075999915599823, -0.17712745070457458, 0.24691925942897797, -0.20509199798107147, -0.9470840096473694, 0.2549956142902374, -0.929149866104126, 0.26768958568573], "cam_t_m2c": [-179.13211059570312, 175.61431884765625, 1043.0919189453125], "obj_id": 3}, {"cam_R_m2c": [-0.41926097869873047, -0.6499276757240295, 0.6338880062103271, 0.7884169220924377, 0.08553306013345718, 0.609165608882904, -0.45013195276260376, 0.7551674842834473, 0.47655344009399414], "cam_t_m2c": [9.961830139160156, 318.1430969238281, 704.3101196289062], "obj_id": 3}, {"cam_R_m2c": [0.8434894680976868, 0.19145455956459045, 0.5018671751022339, -0.3289894461631775, 0.9227086901664734, 0.2009342908859253, -0.42460742592811584, -0.3345949649810791, 0.8412815928459167], "cam_t_m2c": [-73.68994140625, 226.77047729492188, 891.8901977539062], "obj_id": 3}, {"cam_R_m2c": [0.3157010078430176, -0.9086787700653076, 0.2731955051422119, -0.916616678237915, -0.36647701263427734, -0.15971367061138153, 0.24524830281734467, -0.1999937891960144, -0.9486072659492493], "cam_t_m2c": [-76.59022521972656, 219.8946075439453, 629.9654541015625], "obj_id": 3}, {"cam_R_m2c": [-0.9181769490242004, 0.3613194227218628, -0.16247859597206116, -0.3014908730983734, -0.37121447920799255, 0.8782386183738708, 0.25701025128364563, 0.8553642630577087, 0.4497751295566559], "cam_t_m2c": [-23.790864944458008, 365.1588134765625, 964.0914916992188], "obj_id": 1}, {"cam_R_m2c": [0.8816764950752258, -0.378988116979599, 0.2810952365398407, -0.41592684388160706, -0.3428957462310791, 0.8422751426696777, -0.22282591462135315, -0.8595292568206787, -0.4599544405937195], "cam_t_m2c": [-77.1352310180664, 372.12567138671875, 621.4752197265625], "obj_id": 3}, {"cam_R_m2c": [0.8092094659805298, -0.5259016156196594, 0.26193034648895264, 0.5874097347259521, 0.7328510880470276, -0.34333524107933044, -0.011395360343158245, 0.4316905736923218, 0.9019497632980347], "cam_t_m2c": [-65.4955062866211, 201.65965270996094, 824.5145874023438], "obj_id": 1}, {"cam_R_m2c": [0.5281577706336975, -0.8135064840316772, -0.24342668056488037, -0.021689873188734055, -0.29950326681137085, 0.953848659992218, -0.8488691449165344, -0.4985026717185974, -0.17582981288433075], "cam_t_m2c": [-168.75343322753906, 164.42958068847656, 1024.587646484375], "obj_id": 3}, {"cam_R_m2c": [-0.8365374803543091, 0.4015488922595978, -0.372778058052063, 0.09680412709712982, -0.5613431334495544, -0.8219019174575806, -0.5392902493476868, -0.7236382365226746, 0.430713027715683], "cam_t_m2c": [-183.51658630371094, 79.82557678222656, 739.8342895507812], "obj_id": 3}, {"cam_R_m2c": [0.5341679453849792, 0.16270555555820465, -0.8295730948448181, -0.3564904034137726, 0.9331396818161011, -0.046528410166502, 0.7665371894836426, 0.3205888271331787, 0.5564562678337097], "cam_t_m2c": [-175.95904541015625, 110.9952163696289, 707.9583740234375], "obj_id": 1}, {"cam_R_m2c": [0.036818727850914, 0.18831171095371246, 0.9814189076423645, -0.9260146021842957, -0.3627784848213196, 0.1043490320444107, 0.3756878077983856, -0.9126502275466919, 0.1610223650932312], "cam_t_m2c": [-342.06231689453125, 235.03378295898438, 645.