{
  "0": [{"cam_R_m2c": [-0.824225127696991, -0.4465634524822235, 0.348186731338501, -0.48361167311668396, 0.8749911189079285, -0.02259089983999729, -0.29457202553749084, -0.18700715899467468, -0.9371529221534729], "cam_t_m2c": [3.8516781330108643, 112.35820007324219, 432.7175598144531], "obj_id": 1}, {"cam_R_m2c": [0.4417884349822998, -0.3131850063800812, -0.8406770825386047, -0.8374465703964233, -0.480025976896286, -0.2612622380256653, -0.3217235505580902, 0.8194448947906494, -0.4743455648422241], "cam_t_m2c": [-34.417762756347656, -164.20556640625, 352.60076904296875], "obj_id": 2}, {"cam_R_m2c": [0.43811994791030884, 0.7924166917800903, -0.4244134724140167, 0.8641226291656494, -0.24117770791053772, 0.4417301118373871, 0.24767525494098663, -0.5602760314941406, -0.7904099822044373], "cam_t_m2c": [-163.89605712890625, 12.953736305236816, 371.5582275390625], "obj_id": 3}, {"cam_R_m2c": [-0.4700014293193817, -0.021908003836870193, 0.8823937773704529, -0.7582009434700012, 0.5218552947044373, -0.3908943235874176, -0.45191818475723267, -0.852752685546875, -0.2618834376335144], "cam_t_m2c": [-138.03880310058594, -99.41468811035156, 551.055419921875], "obj_id": 4}, {"cam_R_m2c": [-0.4498777389526367, 0.5446006059646606, -0.7078278064727783, 0.7475571632385254, 0.6632648706436157, 0.0351853147149086, 0.4886392652988434, -0.5133126378059387, -0.7055081725120544], "cam_t_m2c": [216.64016723632812, 92.71381378173828, 358.8879089355469], "obj_id": 5}, {"cam_R_m2c": [0.04004664719104767, -0.6846908926963806, 0.7277325987815857, 0.02628842554986477, -0.7273427844047546, -0.6857707500457764, 0.9988519549369812, 0.04659378156065941, -0.011128249578177929], "cam_t_m2c": [125.49756622314453, 53.06444549560547, 682.7647094726562], "obj_id": 6}, {"cam_R_m2c": [0.5902251601219177, 0.2627115547657013, 0.763293445110321, -0.803917407989502, 0.10560959577560425, 0.5852891206741333, 0.0731511265039444, -0.9590772390365601, 0.27353185415267944], "cam_t_m2c": [264.9468994140625, -36.68363571166992, 608.636474609375], "obj_id": 7}, {"cam_R_m2c": [-0.5439997315406799, 0.42743805050849915, 0.7220533490180969, 0.7495413422584534, -0.13925442099571228, 0.6471445560455322, 0.3771633207798004, 0.8932552337646484, -0.24462813138961792], "cam_t_m2c": [-89.6135482788086, -283.48828125, 519.0819091796875], "obj_id": 1}, {"cam_R_m2c": [-0.918150007724762, 0.1064734160900116, -0.38165929913520813, 0.3731286823749542, -0.09177017956972122, -0.9232296943664551, -0.13332438468933105, -0.9900714755058289, 0.04453059658408165], "cam_t_m2c": [-111.00028991699219, -179.41696166992188, 337.9544372558594], "obj_id": 2}, {"cam_R_m2c": [0.44688960909843445, -0.7491002082824707, -0.48901793360710144, -0.8285844326019287, -0.5526779294013977, 0.08941459655761719, -0.33724990487098694, 0.3652341961860657, -0.8676788210868835], "cam_t_m2c": [67.4075927734375, -117.3974609375, 628.271728515625], "obj_id": 3}, {"cam_R_m2c": [-0.5178979635238647, -0.8532502055168152, -0.06120270490646362, 0.738574206829071, -0.4099002480506897, -0.5352475643157959, 0.43161308765411377, -0.3224063813686371, 0.8424750566482544], "cam_t_m2c": [226.7703094482422, -82.61846923828125, 709.1293334960938], "obj_id": 4}, {"cam_R_m2c": [-0.095550037920475, -0.9484531283378601, 0.3021703362464905, -0.9943273067474365, 0.07669128477573395, -0.07369979470968246, 0.04672696441411972, -0.3074982464313507, -0.950400710105896], "cam_t_m2c": [127.411376953125, 20.45294761657715, 547.2994384765625], "obj_id": 5}, {"cam_R_m2c": [-0.47843319177627563, 0.29757460951805115, -0.8261665105819702, 0.8081546425819397, 0.5172333121299744, -0.2817016839981079, 0.3434935510158539, -0.8024457097053528, -0.48794788122177124], "cam_t_m2c": [106.89264678955078, 107.6672592163086, 440.08660888671875], "obj_id": 6}, {"cam_R_m2c": [0.5554870963096619, -0.27340400218963623, 0.7852925062179565, 0.14013205468654633, -0.9001131057739258, -0.4125036895275116, 0.8196322917938232, 0.33918511867523193, -0.46168848872184753], "cam_t_m2c": [286.935791015625, -111.83277893066406, 710.22412109375], "obj_id": 1}, {"cam_R_m2c": [-0.4582919180393219, 0.8881458044052124, -0.034143462777137756, 0.7899017333984375, 0.4246062934398651, 0.44245317578315735, 0.40746045112609863, 0.17580267786979675, -0.8961415886878967], "cam_t_m2c": [-171.75506591796875, -192.1090087890625, 598.6792602539062], "obj_id": 2}, {"cam_R_m2c": [-0.07640673220157623, -0.5919218063354492, 0.8023656606674194, 0.97700434923172, -0.20510247349739075, -0.05827133730053902, 0.19905923306941986, 0.7794623970985413, 0.5939813256263733], "cam_t_m2c": [-91.9024429321289, -164.18344116210938, 561.2686157226562], "obj_id": 3}, {"cam_R_m2c": [-0.4811907708644867, 0.8749066591262817, 0.05471619591116905, 0.7653652429580688, 0.38887181878089905, 0.5128301382064819, 0.4274008870124817, 0.28864696621894836, -0.8567447066307068], "cam_t_m2c": [-228.99929809570312, -155.32192993164062, 558.7261352539062], "obj_id": 4}, {"cam_R_m2c": [0.8970862030982971, 0.3178449869155884, 0.30693793296813965, 0.08819185942411423, 0.551878809928894, -0.8292478322982788, -0.43296483159065247, 0.7709762454032898, 0.46705153584480286], "cam_t_m2c": [-15.806365966796875, -64.55318450927734, 577.8485107421875], "obj_id": 5}, {"cam_R_m2c": [0.46780773997306824, 0.03922102227807045, -0.8829596042633057, -0.8106073141098022, -0.3791038393974304, -0.4463140070438385, -0.3522382080554962, 0.9245226383209229, -0.14555488526821136], "cam_t_m2c": [-155.8135528564453, -203.1407012939453, 293.1103515625], "obj_id": 6}, {"cam_R_m2c": [0.10604248940944672, -0.7522405385971069, -0.6502992510795593, 0.8989655375480652, 0.3520388603210449, -0.26063287258148193, 0.4249891936779022, -0.5569584965705872, 0.7135694622993469], "cam_t_m2c": [149.87265014648438, -36.55775833129883, 323.556396484375], "obj_id": 1}, {"cam_R_m2c": [-0.46096211671829224, -0.8872646689414978, 0.01659092865884304, 0.8095216155052185, -0.42808476090431213, -0.4017687737941742, 0.36357757449150085, -0.17176946997642517, 0.9155908226966858], "cam_t_m2c": [106.61762237548828, 4.72542667388916, 328.081787109375], "obj_id": 2}, {"cam_R_m2c": [-0.025381511077284813, -0.99943608045578, -0.021986475214362144, 0.8675455451011658, -0.01109345257282257, -0.49723413586616516, 0.49670982360839844, -0.031694795936346054, 0.8673377633094788], "cam_t_m2c": [-189.76661682128906, -183.66094970703125, 560.9111328125], "obj_id": 3}, {"cam_R_m2c": [-0.590445876121521, -0.8014943599700928, 0.09476375579833984, 0.78888338804245, -0.5979338884353638, -0.1419074386358261, 0.1704005002975464, -0.009031129069626331, 0.9853335022926331], "cam_t_m2c": [182.99221801757812, -64.4092025756836, 505.18572998046875], "obj_id": 4}, {"cam_R_m2c": [-0.7020668387413025, 0.31425970792770386, 0.6390171647071838, 0.5269596576690674, 0.8328423500061035, 0.1693727821111679, -0.47897350788116455, 0.4556472897529602, -0.7503131628036499], "cam_t_m2c": [-198.42237854003906, -194.65011596679688, 703.7307739257812], "obj_id": 5}, {"cam_R_m2c": [-0.40691202878952026, -0.3583378195762634, 0.8402478694915771, 0.7909138202667236, -0.5984311103820801, 0.12780976295471191, 0.4570314586162567, 0.716571033000946, 0.5269232988357544], "cam_t_m2c": [107.95668029785156, 8.401371955871582, 438.4858093261719], "obj_id": 6}, {"cam_R_m2c": [0.8218405246734619, 0.5120266079902649, -0.2498137652873993, -0.28764745593070984, -0.005568742286413908, -0.957720160484314, -0.49176934361457825, 0.8589515686035156, 0.14270652830600739], "cam_t_m2c": [180.25283813476562, 107.0428466796875, 346.0294494628906], "obj_id": 1}, {"cam_R_m2c": [-0.47492754459381104, -0.03444075584411621, -0.8793506622314453, 0.8108127117156982, 0.3713063895702362, -0.45245361328125, 0.3420913517475128, -0.9278714060783386, -0.1484186053276062], "cam_t_m2c": [164.0315399169922, -66.12225341796875, 587.8170776367188], "obj_id": 2}, {"cam_R_m2c": [-0.3791716694831848, -0.8370524048805237, -0.3944266140460968, -0.5488591194152832, -0.13972462713718414, 0.8241546750068665, -0.7449716329574585, 0.5289806127548218, -0.40644434094429016], "cam_t_m2c": [61.78593063354492, -59.29600143432617, 605.3792724609375], "obj_id": 3}, {"cam_R_m2c": [0.09621518105268478, -0.9845050573348999, -0.14660266041755676, -0.44389501214027405, -0.17426887154579163, 0.8789694905281067, -0.8908982872962952, -0.01949395053088665, -0.45378413796424866], "cam_t_m2c": [-7.465872764587402, -73.2032470703125, 384.38134765625], "obj_id": 4}, {"cam_R_m2c": [-0.5193547010421753, -0.7074599862098694, -0.4793442487716675, 0.07111342251300812, 0.523201048374176, -0.8492370247840881, 0.8515946269035339, -0.47514310479164124, -0.22141696512699127], "cam_t_m2c": [60.627750396728516, -64.87277221679688, 718.1067504882812], "obj_id": 5}, {"cam_R_m2c": [-0.7957086563110352, -0.6055324077606201, 0.01334886159747839, 0.4175894260406494, -0.5644367337226868, -0.7120605111122131, 0.4387103021144867, -0.5610184073448181, 0.7019912004470825], "cam_t_m2c": [18.964599609375, -231.5863494873047, 736.8732299804688], "obj_id": 6}, {"cam_R_m2c": [0.918999969959259, -0.09045660495758057, -0.3837403655052185, -0.3676642179489136, 0.15478552877902985, -0.9169866442680359, 0.14234495162963867, 0.9837982654571533, 0.10899023711681366], "cam_t_m2c": [217.10084533691406, -53.374534606933594, 651.4269409179688], "obj_id": 7}, {"cam_R_m2c": [0.2973930537700653, 0.16234517097473145, 0.9408513903617859, 0.11917489022016525, -0.9840424060821533, 0.13212794065475464, 0.9472880363464355, 0.07283193618059158, -0.3119948208332062], "cam_t_m2c": [-100.04071807861328, -247.68411254882812, 643.5855102539062], "obj_id": 8}, {"cam_R_m2c": [0.244021937251091, -0.8847439289093018, -0.39709123969078064, -0.8345763683319092, -0.4001317322254181, 0.3786514699459076, -0.4938983917236328, 0.23900370299816132, -0.8360272645950317], "cam_t_m2c": [117.29153442382812, -143.80764770507812, 484.640380859375], "obj_id": 9}, {"cam_R_m2c": [-0.4927573502063751, -0.8292967677116394, 0.2635468542575836, 0.7788292765617371, -0.5553991198539734, -0.29147329926490784, 0.3880915641784668, 0.06163237988948822, 0.9195576906204224], "cam_t_m2c": [77.69908142089844, -82.75347137451172, 678.9527587890625], "obj_id": 10}, {"cam_R_m2c": [-0.06168324500322342, 0.14128310978412628, 0.9880457520484924, 0.13775436580181122, 0.9816620349884033, -0.13177035748958588, -0.9885439276695251, 0.1279795914888382, -0.08001446723937988], "cam_t_m2c": [90.68014526367188, 191.58482360839844, 371.9758605957031], "obj_id": 1}, {"cam_R_m2c": [-0.8385773301124573, -0.2320692390203476, -0.4928815960884094, 0.5134900212287903, -0.034486155956983566, -0.8574024438858032, 0.18197916448116302, -0.9720878005027771, 0.1480843722820282], "cam_t_m2c": [102.42999267578125, -115.04531860351562, 633.7513427734375], "obj_id": 2}, {"cam_R_m2c": [-0.13643738627433777, -0.9809455275535583, 0.13831409811973572, 0.8715631365776062, -0.18523047864437103, -0.4539465606212616, 0.4709168076515198, 0.05861419439315796, 0.8802282214164734], "cam_t_m2c": [-242.5867919921875, -96.64082336425781, 371.8941955566406], "obj_id": 3}, {"cam_R_m2c": [-0.8705422878265381, 0.17538206279277802, 0.4597797095775604, 0.3014164865016937, -0.5485092997550964, 0.7799267172813416, 0.38897860050201416, 0.8175443410873413, 0.42463743686676025], "cam_t_m2c": [-45.864383697509766, -86.66928100585938, 498.8714904785156], "obj_id": 4}, {"cam_R_m2c": [-0.3617277443408966, 0.9070464968681335, -0.21545258164405823, 0.4687291383743286, 0.3767129182815552, 0.798987090587616, 0.8058822154998779, 0.18802687525749207, -0.5614266395568848], "cam_t_m2c": [58.93918228149414, -93.48155212402344, 343.90185546875], "obj_id": 5}, {"cam_R_m2c": [-0.166772723197937, 0.5169903635978699, -0.8395879864692688, 0.9549397826194763, -0.12733754515647888, -0.26809585094451904, -0.24551396071910858, -0.8464669585227966, -0.4724583029747009], "cam_t_m2c": [-34.61846160888672, -94.8364028930664, 561.0947265625], "obj_id": 6}, {"cam_R_m2c": [0.021496426314115524, 0.9571298956871033, 0.2888603210449219, 0.9776921272277832, 0.040257249027490616, -0.20614919066429138, -0.2089402824640274, 0.28684791922569275, -0.9349129796028137], "cam_t_m2c": [92.62444305419922, -63.008846282958984, 680.244140625], "obj_id": 7}, {"cam_R_m2c": [-0.49088752269744873, -0.6666847467422485, -0.560857355594635, 0.5669751167297363, 0.24432390928268433, -0.7866670489311218, 0.6614897847175598, -0.7041571736335754, 0.2580580711364746], "cam_t_m2c": [213.34153747558594, 19.35183334350586, 342.4001159667969], "obj_id": 8}, {"cam_R_m2c": [-0.9576752185821533, 0.2755410671234131, -0.08327823132276535, 0.18346837162971497, 0.8072225451469421, 0.5610089898109436, 0.22180508077144623, 0.5219855308532715, -0.8236101269721985], "cam_t_m2c": [-36.03900909423828, -124.77717590332031, 335.9661865234375], "obj_id": 9}, {"cam_R_m2c": [0.6880452632904053, 0.7245635390281677, -0.04001816734671593, 0.7189190983772278, -0.673105776309967, 0.17344783246517181, 0.09873751550912857, -0.1481097787618637, -0.9840298295021057], "cam_t_m2c": [45.8634147644043, 42.994232177734375, 381.6094665527344], "obj_id": 10}, {"cam_R_m2c": [-0.6663157939910889, 0.34240347146987915, 0.6624072790145874, 0.3884853422641754, -0.5988495349884033, 0.7003275156021118, 0.6364767551422119, 0.7239747047424316, 0.2660039961338043], "cam_t_m2c": [196.23597717285156, -118.3249740600586, 544.2880249023438], "obj_id": 1}, {"cam_R_m2c": [-0.2839660048484802, -0.9290416836738586, -0.23716051876544952, 0.8614717721939087, -0.13860546052455902, -0.4885233938694, 0.4209868311882019, -0.3430310785770416, 0.8397021889686584], "cam_t_m2c": [5.793904781341553, 41.65302658081055, 325.8097839355469], "obj_id": 2}, {"cam_R_m2c": [-0.18125638365745544, -0.3858259320259094, 0.9045907258987427, -0.924013078212738, 0.3817075192928314, -0.022342335432767868, -0.33666878938674927, -0.8399033546447754, -0.4256950914859772], "cam_t_m2c": [-92.09774780273438, -139.18087768554688, 280.471923828125], "obj_id": 3}, {"cam_R_m2c": [-0.5242250561714172, -0.7411826252937317, -0.41932860016822815, 0.35873323678970337, 0.254384845495224, -0.8981084823608398, 0.7723332047462463, -0.6212380528450012, 0.13253191113471985], "cam_t_m2c": [-149.68060302734375, -197.8200225830078, 467.7663269042969], "obj_id": 4}, {"cam_R_m2c": [0.053459759801626205, -0.6145275831222534, 0.7870818376541138, 0.13338470458984375, -0.776750922203064, -0.615521252155304, 0.9896214008331299, 0.1378902792930603, 0.04044372960925102], "cam_t_m2c": [247.13455200195312, 3.8075783252716064, 634.96337890625], "obj_id": 5}, {"cam_R_m2c": [-0.581229567527771, -0.501757025718689, -0.6406344771385193, 0.5433324575424194, 0.34677448868751526, -0.764550507068634, 0.6057742834091187, -0.7924566268920898, 0.07106512784957886], "cam_t_m2c": [29.86805534362793, -37.46512985229492, 445.1707458496094], "obj_id": 6}, {"cam_R_m2c": [-0.5492094159126282, -0.18794575333595276, -0.8142760396003723, 0.7918814420700073, 0.1942790150642395, -0.5789469480514526, 0.26700738072395325, -0.9627731442451477, 0.04213084653019905], "cam_t_m2c": [-67.95100402832031, -136.240966796875, 594.4984741210938], "obj_id": 7}, {"cam_R_m2c": [-0.6700100302696228, -0.1902354210615158, -0.7175633311271667, 0.7211709022521973, 0.06245506554841995, -0.6899361610412598, 0.17606577277183533, -0.9797499179840088, 0.09534667432308197], "cam_t_m2c": [200.72093200683594, -155.7095947265625, 679.1834716796875], "obj_id": 8}, {"cam_R_m2c": [-0.5307212471961975, -0.16318565607070923, -0.8316882848739624, 0.7899214625358582, 0.26041528582572937, -0.5551648736000061, 0.3071793019771576, -0.9516062140464783, -0.009304086677730083], "cam_t_m2c": [-148.28237915039062, -297.9085998535156, 696.89404296875], "obj_id": 1}, {"cam_R_m2c": [0.2986043095588684, 0.8609291315078735, -0.41186943650245667, -0.6080242395401001, -0.1610298603773117, -0.7774161696434021, -0.7356235384941101, 0.4825664162635803, 0.4753815829753876], "cam_t_m2c": [158.5303955078125, 75.00083923339844, 449.94744873046875], "obj_id": 2}, {"cam_R_m2c": [-0.5478864312171936, 0.04116590693593025, -0.8355394005775452, 0.8122932314872742, 0.2649669349193573, -0.5195886492729187, 0.20000101625919342, -0.9633784294128418, -0.1786106675863266], "cam_t_m2c": [-11.10947322845459, -87.43941497802734, 684.449951171875], "obj_id": 3}, {"cam_R_m2c": [0.675512433052063, -0.08751101791858673, 0.732137143611908, -0.7024232745170593, -0.37834468483924866, 0.6028738021850586, 0.22424210608005524, -0.9215189218521118, -0.31704631447792053], "cam_t_m2c": [33.817901611328125, -27.23384666442871, 327.6275939941406], "obj_id": 4}, {"cam_R_m2c": [0.558141827583313, -0.8147419095039368, -0.15707726776599884, -0.7754256129264832, -0.5795403718948364, 0.25069496035575867, -0.29528433084487915, -0.018121590837836266, -0.9552374482154846], "cam_t_m2c": [-121.52432250976562, -168.93101501464844, 442.5241394042969], "obj_id": 5}, {"cam_R_m2c": [-0.641101598739624, 0.19497209787368774, -0.7422767877578735, 0.7628403306007385, 0.26781052350997925, -0.5885169506072998, 0.08404519408941269, -0.9435377717018127, -0.32042640447616577], "cam_t_m2c": [156.8979949951172, -13.815414428710938, 733.4298095703125], "obj_id": 6}, {"cam_R_m2c": [-0.09868798404932022, 0.987009584903717, 0.12677834928035736, -0.7223939299583435, 0.01656332053244114, -0.6912833452224731, -0.6844031810760498, -0.1598052680492401, 0.7113751173019409], "cam_t_m2c": [86.13561248779297, -28.821643829345703, 477.13458251953125], "obj_id": 7}, {"cam_R_m2c": [-0.6386153101921082, -0.757451057434082, -0.13578742742538452, 0.7687230706214905, -0.6359974145889282, -0.06761625409126282, -0.03514445945620537, -0.14756372570991516, 0.9884279370307922], "cam_t_m2c": [-242.966064453125, -106.47730255126953, 553.7435302734375], "obj_id": 8}, {"cam_R_m2c": [0.9346526265144348, -0.18530882894992828, 0.30345529317855835, 0.3373917043209076, 0.1928820163011551, -0.9213920831680298, 0.11221101880073547, 0.9635648131370544, 0.24279934167861938], "cam_t_m2c": [-3.449451208114624, -194.82765197753906, 660.2305908203125], "obj_id": 9}, {"cam_R_m2c": [-0.26940810680389404, 0.16802790760993958, 0.9482541680335999, 0.8054056167602539, 0.5791326761245728, 0.126202791929245, -0.527959406375885, 0.7977292537689209, -0.29135367274284363], "cam_t_m2c": [236.14996337890625, 35.411033630371094, 552.14306640625], "obj_id": 10}, {"cam_R_m2c": [-0.33269575238227844, -0.5128651857376099, 0.7913802862167358, 0.49670127034187317, -0.8086470365524292, -0.3152422308921814, 0.8016241788864136, 0.28819984197616577, 0.5237743258476257], "cam_t_m2c": [-174.02670288085938, -181.01710510253906, 673.121337890625], "obj_id": 1}, {"cam_R_m2c": [0.4077385365962982, 0.10510775446891785, 0.9070290327072144, 0.6412480473518372, -0.7401332259178162, -0.2024938464164734, 0.6500386595726013, 0.6641951203346252, -0.36918097734451294], "cam_t_m2c": [-158.25698852539062, -81.7789306640625, 479.5088195800781], "obj_id": 2}, {"cam_R_m2c": [-0.1580260843038559, 0.9648149609565735, 0.2101428061723709, -0.5942241549491882, 0.07704847306013107, -0.8006006479263306, -0.7886226177215576, -0.2513876259326935, 0.5611405372619629], "cam_t_m2c": [109.69654083251953, -18.310344696044922, 473.697998046875], "obj_id": 3}, {"cam_R_m2c": [-0.07656078040599823, -0.8618794083595276, -0.5013005137443542, -0.9284493923187256, -0.12166254967451096, 0.3509698510169983, -0.3634832203388214, 0.4923027455806732, -0.7908967733383179], "cam_t_m2c": [107.5222396850586, -83.8096923828125, 484.8573303222656], "obj_id": 4}, {"cam_R_m2c": [-0.39655330777168274, -0.8996190428733826, -0.18284177780151367, 0.8876966238021851, -0.3250141441822052, -0.32612958550453186, 0.23396621644496918, -0.29163578152656555, 0.9274742007255554], "cam_t_m2c": [256.4739990234375, -54.08082580566406, 467.61480712890625], "obj_id": 5}, {"cam_R_m2c": [-0.3488391041755676, -0.2992970049381256, -0.8881062865257263, -0.486206591129303, 0.867926836013794, -0.10151946544647217, 0.8011957406997681, 0.3963891565799713, -0.4482869803905487], "cam_t_m2c": [-153.92825317382812, -118.89285278320312, 419.3318786621094], "obj_id": 6}, {"cam_R_m2c": [-0.6318253874778748, 0.255489706993103, 0.7317935228347778, 0.2943023443222046, -0.7943388223648071, 0.5314245820045471, 0.7170654535293579, 0.5511360764503479, 0.4266921281814575], "cam_t_m2c": [-11.69314956665039, -211.426025390625, 695.7686767578125], "obj_id": 1}, {"cam_R_m2c": [-0.29753661155700684, 0.4252986013889313, 0.8547472953796387, 0.8843932747840881, -0.2144487500190735, 0.4145601987838745, 0.3596114218235016, 0.879279613494873, -0.31232476234436035], "cam_t_m2c": [245.87832641601562, -10.356790542602539, 491.24151611328125], "obj_id": 2}, {"cam_R_m2c": [0.022141115739941597, -0.5292757153511047, 0.8481608629226685, -0.9557843208312988, 0.237625390291214, 0.17323532700538635, -0.2932337820529938, -0.8144944906234741, -0.5006121397018433], "cam_t_m2c": [73.08817291259766, -101.64473724365234, 586.426025390625], "obj_id": 3}, {"cam_R_m2c": [-0.7177430987358093, -0.6760110855102539, -0.16689415276050568, 0.6524714827537537, -0.569252610206604, -0.5002322196960449, 0.24315762519836426, -0.46793195605278015, 0.849655270576477], "cam_t_m2c": [191.48727416992188, 12.561034202575684, 719.6060791015625], "obj_id": 4}, {"cam_R_m2c": [-0.5959304571151733, -0.8029115796089172, -0.01413394883275032, 0.7552748918533325, -0.5544208288192749, -0.3495386242866516, 0.27281248569488525, -0.2189757525920868, 0.9368153214454651], "cam_t_m2c": [-56.38655471801758, -207.58700561523438, 442.42669677734375], "obj_id": 5}, {"cam_R_m2c": [-0.8897301554679871, 0.1320953071117401, 0.43695640563964844, 0.2272108793258667, -0.7020696401596069, 0.6748876571655273, 0.39592334628105164, 0.699749231338501, 0.5946391224861145], "cam_t_m2c": [213.2686004638672, 20.30732536315918, 346.30242919921875], "obj_id": 6}, {"cam_R_m2c": [0.4784981608390808, 0.08795945346355438, -0.8736719489097595, -0.7846776843070984, -0.40373367071151733, -0.47040432691574097, -0.39410722255706787, 0.9106384515762329, -0.12416604161262512], "cam_t_m2c": [-160.65914916992188, -231.952392578125, 397.6463928222656], "obj_id": 7}, {"cam_R_m2c": [-0.8417360782623291, -0.15712447464466095, -0.5165196657180786, 0.5350868701934814, -0.11546614021062851, -0.8368690609931946, 0.07185211032629013, -0.9808056354522705, 0.18126708269119263], "cam_t_m2c": [45.619144439697266, 133.2082061767578, 417.2209167480469], "obj_id": 8}, {"cam_R_m2c": [0.1938038319349289, 0.91811203956604, 0.34570276737213135, 0.17428043484687805, 0.3145582973957062, -0.933102011680603, -0.9654358625411987, 0.24108798801898956, -0.09904635697603226], "cam_t_m2c": [-5.3640546798706055, -47.608070373535156, 550.2955932617188], "obj_id": 9}, {"cam_R_m2c": [-0.30551862716674805, 0.7032396793365479, -0.6419597864151001, 0.7330582141876221, -0.25655895471572876, -0.6299231648445129, -0.6076874732971191, -0.6630471348762512, -0.4371320605278015], "cam_t_m2c": [234.83119201660156, -5.2100419998168945, 469.24224853515625], "obj_id": 10}],
