{
  "0": [{"cam_R_m2c": [0.930654764175415, 0.26872918009757996, 0.24832706153392792, -0.33755040168762207, 0.8924792408943176, 0.2992331385612488, -0.14121407270431519, -0.3623056709766388, 0.9212997555732727], "cam_t_m2c": [-2816.8154296875, -22641.939453125, -74820.1953125], "obj_id": 1}, {"cam_R_m2c": [-0.6060407161712646, 0.21861378848552704, 0.7648026347160339, 0.6698201298713684, -0.37832215428352356, 0.6389159560203552, 0.42901748418807983, 0.8994891047477722, 0.0828464925289154], "cam_t_m2c": [308.77374267578125, 284.0740661621094, 1105.1876220703125], "obj_id": 2}, {"cam_R_m2c": [-0.0052168662659823895, -0.7669223546981812, 0.6417186856269836, -0.7430028915405273, -0.42652055621147156, -0.5157779455184937, 0.6692678332328796, -0.47948959469795227, -0.567600429058075], "cam_t_m2c": [1059.7598876953125, 10368.0625, 18475.6640625], "obj_id": 2}, {"cam_R_m2c": [-0.48638078570365906, 0.6441642045974731, 0.5903270244598389, 0.7922115921974182, 0.6101073026657104, -0.013031205162405968, -0.36855706572532654, 0.46132582426071167, -0.8070588111877441], "cam_t_m2c": [1139.407470703125, 9877.94140625, 18327.103515625], "obj_id": 3}],
  "1": [{"cam_R_m2c": [0.9557899236679077, 0.12171828746795654, 0.2676757574081421, -0.11942695081233978, 0.9925310015678406, -0.02488868124783039, -0.2687058746814728, -0.008179347962141037, 0.9631875157356262], "cam_t_m2c": [-4876.05859375, 6514.0263671875, -77999.6953125], "obj_id": 1}, {"cam_R_m2c": [-0.6598994135856628, 0.32754918932914734, 0.6761984825134277, 0.36793237924575806, -0.6438077092170715, 0.6709228754043579, 0.655102014541626, 0.6915368437767029, 0.30433231592178345], "cam_t_m2c": [272.36590576171875, 279.3709716796875, 960.1911010742188], "obj_id": 2}, {"cam_R_m2c": [0.13953128457069397, -0.7335228323936462, 0.6651880145072937, -0.9280877113342285, -0.3310779929161072, -0.17041216790676117, 0.34523043036460876, -0.593575119972229, -0.7269692420959473], "cam_t_m2c": [837.830078125, 3303.63134765625, 20822.65625], "obj_id": 2}, {"cam_R_m2c": [-0.6118486523628235, 0.5863442420959473, 0.5308874845504761, 0.7898924946784973, 0.4880376160144806, 0.3713342547416687, -0.04136332497000694, 0.6465443968772888, -0.761754035949707], "cam_t_m2c": [972.1436157226562, 2919.772216796875, 20501.525390625], "obj_id": 3}]
}