{
  "0": [{"cam_R_m2c": [0.3831755518913269, 0.9210286736488342, 0.0698763057589531, 0.45329606533050537, -0.1215914785861969, -0.8830278515815735, -0.8047975897789001, 0.3700293302536011, -0.4640895426273346], "cam_t_m2c": [19.931062698364258, -14.7528076171875, 420.3231506347656], "obj_id": 2}, {"cam_R_m2c": [0.3831755518913269, 0.9210286736488342, 0.0698763057589531, 0.45329606533050537, -0.1215914785861969, -0.8830278515815735, -0.8047975897789001, 0.3700293302536011, -0.4640895426273346], "cam_t_m2c": [19.931062698364258, -14.7528076171875, 420.3231506347656], "obj_id": 1}, {"cam_R_m2c": [0.3831755518913269, 0.9210286736488342, 0.0698763057589531, 0.45329606533050537, -0.1215914785861969, -0.8830278515815735, -0.8047975897789001, 0.3700293302536011, -0.4640895426273346], "cam_t_m2c": [19.931062698364258, -14.7528076171875, 420.3231506347656], "obj_id": 3}, {"cam_R_m2c": [0.3831755518913269, 0.9210286736488342, 0.0698763057589531, 0.45329606533050537, -0.1215914785861969, -0.8830278515815735, -0.8047975897789001, 0.3700293302536011, -0.4640895426273346], "cam_t_m2c": [19.931062698364258, -14.7528076171875, 420.3231506347656], "obj_id": 2}, {"cam_R_m2c": [0.3831755518913269, 0.9210286736488342, 0.0698763057589531, 0.45329606533050537, -0.1215914785861969, -0.8830278515815735, -0.8047975897789001, 0.3700293302536011, -0.4640895426273346], "cam_t_m2c": [19.931062698364258, -14.7528076171875, 420.3231506347656], "obj_id": 0}, {"cam_R_m2c": [0.3831755518913269, 0.9210286736488342, 0.0698763057589531, 0.45329606533050537, -0.1215914785861969, -0.8830278515815735, -0.8047975897789001, 0.3700293302536011, -0.4640895426273346], "cam_t_m2c": [19.931062698364258, -14.7528076171875, 420.3231506347656], "obj_id": 3}, {"cam_R_m2c": [0.3831755518913269, 0.9210286736488342, 0.0698763057589531, 0.45329606533050537, -0.1215914785861969, -0.8830278515815735, -0.8047975897789001, 0.3700293302536011, -0.4640895426273346], "cam_t_m2c": [19.931062698364258, -14.7528076171875, 420.3231506347656], "obj_id": 3}, {"cam_R_m2c": [0.3831755518913269, 0.9210286736488342, 0.0698763057589531, 0.45329606533050537, -0.1215914785861969, -0.8830278515815735, -0.8047975897789001, 0.3700293302536011, -0.4640895426273346], "cam_t_m2c": [19.931062698364258, -14.7528076171875, 420.3231506347656], "obj_id": 3}, {"cam_R_m2c": [0.3831755518913269, 0.9210286736488342, 0.0698763057589531, 0.45329606533050537, -0.1215914785861969, -0.8830278515815735, -0.8047975897789001, 0.3700293302536011, -0.4640895426273346], "cam_t_m2c": [19.931062698364258, -14.7528076171875, 420.3231506347656], "obj_id": 1}, {"cam_R_m2c": [0.3831755518913269, 0.9210286736488342, 0.0698763057589531, 0.45329606533050537, -0.1215914785861969, -0.8830278515815735, -0.8047975897789001, 0.3700293302536011, -0.4640895426273346], "cam_t_m2c": [19.931062698364258, -14.7528076171875, 420.3231506347656], "obj_id": 1}, {"cam_R_m2c": [0.3831755518913269, 0.9210286736488342, 0.0698763057589531, 0.45329606533050537, -0.1215914785861969, -0.8830278515815735, -0.8047975897789001, 0.3700293302536011, -0.4640895426273346], "cam_t_m2c": [19.931062698364258, -14.7528076171875, 420.3231506347656], "obj_id": 2}, {"cam_R_m2c": [0.3831755518913269, 0.9210286736488342, 0.0698763057589531, 0.45329606533050537, -0.1215914785861969, -0.8830278515815735, -0.8047975897789001, 0.3700293302536011, -0.4640895426273346], "cam_t_m2c": [19.931062698364258, -14.7528076171875, 420.3231506347656], "obj_id": 3}, {"cam_R_m2c": [0.3831755518913269, 0.9210286736488342, 0.0698763057589531, 0.45329606533050537, -0.1215914785861969, -0.8830278515815735, -0.8047975897789001, 0.3700293302536011, -0.4640895426273346], "cam_t_m2c": [19.931062698364258, -14.7528076171875, 420.3231506347656], "obj_id": 2}, {"cam_R_m2c": [0.3831755518913269, 0.9210286736488342, 0.0698763057589531, 0.45329606533050537, -0.1215914785861969, -0.8830278515815735, -0.8047975897789001, 0.3700293302536011, -0.4640895426273346], "cam_t_m2c": [19.931062698364258, -14.7528076171875, 420.3231506347656], "obj_id": 1}, {"cam_R_m2c": [0.3831755518913269, 0.9210286736488342, 0.0698763057589531, 0.45329606533050537, -0.1215914785861969, -0.8830278515815735, -0.8047975897789001, 0.3700293302536011, -0.4640895426273346], "cam_t_m2c": [19.931062698364258, -14.7528076171875, 420.3231506347656], "obj_id": 1}, {"cam_R_m2c": [0.3831755518913269, 0.9210286736488342, 0.0698763057589531, 0.45329606533050537, -0.1215914785861969, -0.8830278515815735, -0.8047975897789001, 0.3700293302536011, -0.4640895426273346], "cam_t_m2c": [19.931062698364258, -14.7528076171875, 420.3231506347656], "obj_id": 3}, {"cam_R_m2c": [0.3831755518913269, 0.9210286736488342, 0.0698763057589531, 0.45329606533050537, -0.1215914785861969, -0.8830278515815735, -0.8047975897789001, 0.3700293302536011, -0.4640895426273346], "cam_t_m2c": [19.931062698364258, -14.7528076171875, 420.3231506347656], "obj_id": 3}, {"cam_R_m2c": [0.3831755518913269, 0.9210286736488342, 0.0698763057589531, 0.45329606533050537, -0.1215914785861969, -0.8830278515815735, -0.8047975897789001, 0.3700293302536011, -0.4640895426273346], "cam_t_m2c": [19.931062698364258, -14.7528076171875, 420.3231506347656], "obj_id": 3}, {"cam_R_m2c": [0.3831755518913269, 0.9210286736488342, 0.0698763057589531, 0.45329606533050537, -0.1215914785861969, -0.8830278515815735, -0.8047975897789001, 0.3700293302536011, -0.4640895426273346], "cam_t_m2c": [19.931062698364258, -14.7528076171875, 420.3231506347656], "obj_id": 1}, {"cam_R_m2c": [0.3831755518913269, 0.9210286736488342, 0.0698763057589531, 0.45329606533050537, -0.1215914785861969, -0.8830278515815735, -0.8047975897789001, 0.3700293302536011, -0.4640895426273346], "cam_t_m2c": [19.931062698364258, -14.7528076171875, 420.3231506347656], "obj_id": 0}, {"cam_R_m2c": [0.3831755518913269, 0.9210286736488342, 0.0698763057589531, 0.45329606533050537, -0.1215914785861969, -0.8830278515815735, -0.8047975897789001, 0.3700293302536011, -0.4640895426273346], "cam_t_m2c": [19.931062698364258, -14.7528076171875, 420.3231506347656], "obj_id": 1}, {"cam_R_m2c": [0.3831755518913269, 0.9210286736488342, 0.0698763057589531, 0.45329606533050537, -0.1215914785861969, -0.8830278515815735, -0.8047975897789001, 0.3700293302536011, -0.4640895426273346], "cam_t_m2c": [19.931062698364258, -14.7528076171875, 420.3231506347656], "obj_id": 1}, {"cam_R_m2c": [0.3831755518913269, 0.9210286736488342, 0.0698763057589531, 0.45329606533050537, -0.1215914785861969, -0.8830278515815735, -0.8047975897789001, 0.3700293302536011, -0.4640895426273346], "cam_t_m2c": [19.931062698364258, -14.7528076171875, 420.3231506347656], "obj_id": 1}, {"cam_R_m2c": [0.3831755518913269, 0.9210286736488342, 0.0698763057589531, 0.45329606533050537, -0.1215914785861969, -0.8830278515815735, -0.8047975897789001, 0.3700293302536011, -0.4640895426273346], "cam_t_m2c": [19.931062698364258, -14.7528076171875, 420.3231506347656], "obj_id": 3}, {"cam_R_m2c": [-0.04483829438686371, 0.7915092706680298, 0.6095101237297058, 0.8701765537261963, -0.2687417268753052, 0.4130018949508667, 0.49069565534591675, 0.5488997101783752, -0.6767029166221619], "cam_t_m2c": [-101.74974822998047, -82.99259185791016, 424.10479736328125], "obj_id": 0}, {"cam_R_m2c": [0.4094249904155731, 0.3775669038295746, -0.8305506706237793, -0.9110413789749146, 0.1205708459019661, -0.39429211616516113, -0.04873143509030342, 0.9180991053581238, 0.3933437764644623], "cam_t_m2c": [103.50849914550781, -54.11707305908203, 523.2670288085938], "obj_id": 0}, {"cam_R_m2c": [-0.3707684576511383, -0.3720764219760895, 0.8509346842765808, -0.651131808757782, -0.5491910576820374, -0.523847758769989, 0.6622371673583984, -0.7482969164848328, -0.03864804282784462], "cam_t_m2c": [-586.2190551757812, 7091.419921875, 3972.1103515625], "obj_id": 0}, {"cam_R_m2c": [0.3077986240386963, 0.7438244223594666, 0.5932834148406982, -0.6856064796447754, 0.6057455539703369, -0.4037524163722992, -0.6596996784210205, -0.2824845016002655, 0.6964185237884521], "cam_t_m2c": [57.08417510986328, -114.51457214355469, 507.9970397949219], "obj_id": 2}, {"cam_R_m2c": [0.6327511072158813, -0.6796772480010986, -0.37103211879730225, 0.5642366409301758, 0.07652311027050018, 0.822059154510498, -0.5303424000740051, -0.7295087575912476, 0.4319188892841339], "cam_t_m2c": [1.1500989198684692, 34.268184661865234, 216.48484802246094], "obj_id": 3}, {"cam_R_m2c": [0.5363708734512329, -0.5843793749809265, 0.6089392304420471, 0.5935008525848389, 0.7741401195526123, 0.22014503180980682, -0.6000524759292603, 0.2433265596628189, 0.7620558738708496], "cam_t_m2c": [161.13421630859375, -64.89168548583984, 429.2455139160156], "obj_id": 3}, {"cam_R_m2c": [-0.9415366649627686, 0.17571137845516205, -0.2874618172645569, -0.3338681161403656, -0.3722030520439148, 0.8660236597061157, 0.04517604410648346, 0.9113673567771912, 0.40910717844963074], "cam_t_m2c": [174.24913024902344, 3.7853848934173584, 300.54766845703125], "obj_id": 3}, {"cam_R_m2c": [0.7037177085876465, -0.7100856304168701, 0.02365865185856819, 0.43727803230285645, 0.4591215252876282, 0.7733015418052673, -0.5599725246429443, -0.533840537071228, 0.6335968375205994], "cam_t_m2c": [-125.07559204101562, 81.68551635742188, 257.4703369140625], "obj_id": 1}]
}