{
  "0": [{"cam_R_m2c": [0.7623301148414612, 0.3683416247367859, 0.5321439504623413, 0.3971844017505646, -0.9154570698738098, 0.0646730437874794, 0.5109767913818359, 0.1620570868253708, -0.8441800475120544], "cam_t_m2c": [9.715052604675293, 5260.4443359375, 3501.409423828125], "obj_id": 1}, {"cam_R_m2c": [-0.3552095890045166, 0.9285827279090881, 0.10751824826002121, -0.07509119063615799, 0.08630283176898956, -0.9934349656105042, -0.9317656755447388, -0.36095139384269714, 0.039072852581739426], "cam_t_m2c": [57.46407699584961, 5318.0439453125, 3486.43798828125], "obj_id": 1}, {"cam_R_m2c": [0.08488782495260239, 0.24216486513614655, -0.9665144681930542, 0.07900728285312653, 0.9653255343437195, 0.24880607426166534, 0.9932531714439392, -0.09748227894306183, 0.06281159818172455], "cam_t_m2c": [94.48650360107422, 5285.96337890625, 3507.340087890625], "obj_id": 0}, {"cam_R_m2c": [-0.4469366669654846, 0.24216119945049286, -0.8611650466918945, -0.21054410934448242, -0.9640955328941345, -0.16183499991893768, -0.869435727596283, 0.10898322612047195, 0.48187556862831116], "cam_t_m2c": [12.864910125732422, 5261.60498046875, 3554.140625], "obj_id": 3}, {"cam_R_m2c": [-0.3447527587413788, 0.7710227966308594, -0.5354151725769043, 0.9250785112380981, 0.37585946917533875, -0.05440101772546768, 0.159296452999115, -0.5140559673309326, -0.8428351879119873], "cam_t_m2c": [47.31550216674805, 5262.53662109375, 3552.350830078125], "obj_id": 2}, {"cam_R_m2c": [0.6538074016571045, 0.4658697843551636, 0.5962392091751099, -0.5910071134567261, 0.8064668774604797, 0.01793953776359558, -0.47248968482017517, -0.3641106188297272, 0.8026063442230225], "cam_t_m2c": [14.486856460571289, 35.32572937011719, 816.2488403320312], "obj_id": 3}, {"cam_R_m2c": [-0.4456707537174225, -0.8176379203796387, 0.36447978019714355, -0.8950101733207703, 0.41528698801994324, -0.16276796162128448, -0.018278421834111214, -0.3987540900707245, -0.9168755412101746], "cam_t_m2c": [46.613365173339844, 83.61124420166016, 723.4784545898438], "obj_id": 2}, {"cam_R_m2c": [0.32774096727371216, 0.8796469569206238, -0.3446839451789856, -0.8671347498893738, 0.13524499535560608, -0.47936007380485535, -0.3750509023666382, 0.45599332451820374, 0.8070977926254272], "cam_t_m2c": [102.1216812133789, 48.39026641845703, 791.1480712890625], "obj_id": 2}, {"cam_R_m2c": [-0.41317883133888245, -0.7446794509887695, -0.5241524577140808, 0.7572781443595886, 0.03871050104498863, -0.6519442796707153, 0.5057796835899353, -0.6662987470626831, 0.5479350686073303], "cam_t_m2c": [31.608245849609375, 21.530179977416992, 842.7540283203125], "obj_id": 0}, {"cam_R_m2c": [0.18771785497665405, -0.2711169123649597, 0.9440644383430481, 0.6597926616668701, 0.7468188405036926, 0.083278588950634, -0.7276232838630676, 0.6072538495063782, 0.3190721571445465], "cam_t_m2c": [19.868282318115234, 61.47229766845703, 766.0137329101562], "obj_id": 3}, {"cam_R_m2c": [-0.29117557406425476, 0.7772505283355713, 0.5577617287635803, -0.9260966181755066, -0.3752216100692749, 0.03941551223397255, 0.23992004990577698, -0.5050644278526306, 0.829064667224884], "cam_t_m2c": [-12.696760177612305, 66.16621398925781, 756.995361328125], "obj_id": 0}],
  "1": [{"cam_R_m2c": [-0.40447795391082764, 0.08769619464874268, -0.910333514213562, 0.8540245890617371, -0.3198717534542084, -0.41027337312698364, -0.3271693289279938, -0.9433936476707458, 0.054486267268657684], "cam_t_m2c": [-39.42109298706055, 5149.8310546875, 3823.962646484375], "obj_id": 1}, {"cam_R_m2c": [-0.24407419562339783, -0.939950168132782, 0.2385822981595993, -0.8383458256721497, 0.08085164427757263, -0.5391097068786621, 0.48744648694992065, -0.331597238779068, -0.8077371120452881], "cam_t_m2c": [-101.62549591064453, 5188.8017578125, 3844.7890625], "obj_id": 1}, {"cam_R_m2c": [0.4838901162147522, -0.5297238230705261, 0.6965938210487366, 0.8005329370498657, 0.5895141363143921, -0.10779637843370438, -0.3535495698451996, 0.6098079681396484, 0.7093214392662048], "cam_t_m2c": [-108.12210083007812, 5196.31298828125, 3792.462646484375], "obj_id": 0}, {"cam_R_m2c": [-0.09780503809452057, 0.16766363382339478, 0.9809805750846863, -0.9036911129951477, -0.42784807085990906, -0.016973884776234627, 0.41686487197875977, -0.8881636261940002, 0.19336198270320892], "cam_t_m2c": [-11.790385246276855, 5190.0673828125, 3803.727294921875], "obj_id": 3}, {"cam_R_m2c": [0.07658624649047852, -0.9951328039169312, -0.062010347843170166, 0.5680010318756104, 0.09465935826301575, -0.8175661563873291, 0.8194567561149597, 0.027392379939556122, 0.5724860429763794], "cam_t_m2c": [-39.29939651489258, 5200.17138671875, 3785.504638671875], "obj_id": 2}, {"cam_R_m2c": [-0.5921759605407715, -0.8058009147644043, 0.0035142251290380955, -0.49730974435806274, 0.36889317631721497, 0.7852393388748169, -0.6340429782867432, 0.4632522463798523, -0.619182288646698], "cam_t_m2c": [-23.2171573638916, 24.954187393188477, 952.143798828125], "obj_id": 3}, {"cam_R_m2c": [0.5967232584953308, 0.267594575881958, -0.7565147280693054, -0.6956313848495483, -0.29746630787849426, -0.6539195775985718, -0.4000229239463806, 0.9164643883705139, 0.00864210445433855], "cam_t_m2c": [-115.5622787475586, -3.4974961280822754, 1003.454833984375], "obj_id": 2}, {"cam_R_m2c": [-0.20529977977275848, -0.4468340575695038, 0.8707417249679565, -0.6959667205810547, 0.6921762228012085, 0.1911083459854126, -0.6881003975868225, -0.5667728185653687, -0.4530852437019348], "cam_t_m2c": [-108.23632049560547, 42.115177154541016, 921.1948852539062], "obj_id": 2}, {"cam_R_m2c": [0.378510981798172, 0.1709018349647522, 0.9096823930740356, 0.6980926990509033, -0.698055624961853, -0.15932682156562805, 0.6077796220779419, 0.6953495740890503, -0.38352707028388977], "cam_t_m2c": [-16.833982467651367, 41.36503601074219, 922.5477294921875], "obj_id": 0}, {"cam_R_m2c": [-0.7596900463104248, 0.33206361532211304, -0.5591109395027161, -0.07319790124893188, 0.8106621503829956, 0.5809207558631897, 0.6461527347564697, 0.48224541544914246, -0.5915456414222717], "cam_t_m2c": [-64.08485412597656, 5.764059543609619, 986.7520751953125], "obj_id": 3}, {"cam_R_m2c": [0.6372809410095215, -0.7695091962814331, 0.04157714918255806, -0.47708773612976074, -0.3515877425670624, 0.8054646849632263, -0.6051944494247437, -0.5331432223320007, -0.5911835432052612], "cam_t_m2c": [-45.92206954956055, -8.240038871765137, 1012.0076904296875], "obj_id": 0}]
}