{
  "0": [{"cam_R_m2c": [-0.6500269770622253, 0.19812451303005219, 0.7336289286613464, 0.6425479054450989, 0.6587218642234802, 0.3914302587509155, -0.4057054817676544, 0.7258320450782776, -0.5554914474487305], "cam_t_m2c": [349.5987548828125, 44.40293502807617, 546.5176391601562], "obj_id": 3}, {"cam_R_m2c": [0.8638689517974854, 0.11698354780673981, -0.4899441599845886, 0.3180764317512512, -0.8808950185775757, 0.3505013883113861, -0.3905864953994751, -0.45862695574760437, -0.7981875538825989], "cam_t_m2c": [444.3618469238281, -227.41650390625, 627.8965454101562], "obj_id": 3}, {"cam_R_m2c": [-0.2760218381881714, -0.9554147124290466, -0.10485494881868362, 0.9600695371627808, -0.26889118552207947, -0.07722635567188263, 0.045588623732328415, -0.12198421359062195, 0.991484522819519], "cam_t_m2c": [250.688232421875, -228.5319061279297, 708.1922607421875], "obj_id": 3}, {"cam_R_m2c": [0.9736981391906738, -0.0900513231754303, 0.20929081737995148, -0.1709372103214264, -0.8960527777671814, 0.40971940755844116, 0.1506398320198059, -0.43471860885620117, -0.8878780603408813], "cam_t_m2c": [489.51348876953125, -196.91661071777344, 604.216552734375], "obj_id": 3}, {"cam_R_m2c": [-0.550978422164917, 0.3069058954715729, 0.7760356664657593, -0.8101092576980591, -0.41997140645980835, -0.40908050537109375, 0.2003636211156845, -0.8540682792663574, 0.4800226092338562], "cam_t_m2c": [576.23095703125, -80.38602447509766, 594.35400390625], "obj_id": 3}, {"cam_R_m2c": [-0.8911207914352417, -0.040654852986335754, 0.45194122195243835, -0.39992669224739075, -0.40019771456718445, -0.8245607018470764, 0.21438825130462646, -0.9155265688896179, 0.34036558866500854], "cam_t_m2c": [393.8679504394531, 91.37934112548828, 705.2569580078125], "obj_id": 3}, {"cam_R_m2c": [-0.3321761190891266, 0.2709657847881317, -0.9034581184387207, 0.7606281042098999, 0.6433722972869873, -0.08670086413621902, 0.5577669739723206, -0.7159955501556396, -0.41981709003448486], "cam_t_m2c": [277.08380126953125, 116.4637451171875, 694.82861328125], "obj_id": 3}, {"cam_R_m2c": [0.22120055556297302, -0.9749650955200195, -0.02265438623726368, 0.602695643901825, 0.1549288034439087, -0.7827866077423096, 0.7666995525360107, 0.15949907898902893, 0.6218776702880859], "cam_t_m2c": [331.2960510253906, 81.63946533203125, 556.7743530273438], "obj_id": 3}, {"cam_R_m2c": [0.8969019651412964, 0.42273372411727905, -0.12985803186893463, -0.09704306721687317, 0.4746266305446625, 0.8748212456703186, 0.4314505159854889, -0.7720270156860352, 0.4667169153690338], "cam_t_m2c": [471.40167236328125, -274.3608093261719, 575.6416015625], "obj_id": 3}, {"cam_R_m2c": [0.9323502779006958, -0.22944465279579163, -0.2794246971607208, -0.36139118671417236, -0.5680441856384277, -0.7394065856933594, 0.010927312076091766, 0.7903675436973572, -0.6125354170799255], "cam_t_m2c": [409.84283447265625, -181.4236297607422, 668.3279418945312], "obj_id": 3}, {"cam_R_m2c": [-0.07825614511966705, -0.12846319377422333, 0.9886217713356018, -0.7219304442405701, -0.6765891909599304, -0.14506293833255768, 0.6875261664390564, -0.7250682711601257, -0.03979409486055374], "cam_t_m2c": [226.74229431152344, -63.24399948120117, 853.1954956054688], "obj_id": 3}, {"cam_R_m2c": [-0.7295436859130859, -0.053279075771570206, -0.6818557977676392, 0.6007463932037354, 0.42661160230636597, -0.6760963201522827, 0.3269093930721283, -0.9028642773628235, -0.27922457456588745], "cam_t_m2c": [347.5408935546875, 53.85432052612305, 716.3355712890625], "obj_id": 3}, {"cam_R_m2c": [0.5297906994819641, -0.5892419219017029, -0.6100128889083862, 0.7603243589401245, 0.011272864416241646, 0.6494458317756653, -0.3758040964603424, -0.8078780174255371, 0.4539872407913208], "cam_t_m2c": [258.3515319824219, 181.9777069091797, 612.8876953125], "obj_id": 3}, {"cam_R_m2c": [0.1867876648902893, -0.8965451717376709, -0.40164297819137573, 0.177972212433815, 0.432954877614975, -0.8836718797683716, 0.9661450386047363, 0.09357772022485733, 0.24043075740337372], "cam_t_m2c": [272.68365478515625, 186.48451232910156, 535.9840698242188], "obj_id": 3}, {"cam_R_m2c": [-0.5397136211395264, -0.7386030554771423, -0.40394866466522217, 0.15263178944587708, -0.557735025882721, 0.8158645033836365, -0.8278964161872864, 0.3786779046058655, 0.4137516915798187], "cam_t_m2c": [276.08477783203125, -1.8239790201187134, 799.7293090820312], "obj_id": 3}, {"cam_R_m2c": [0.9795272946357727, 0.11313548684120178, -0.1665133237838745, 0.09152684360742569, -0.9869900941848755, -0.1321851760149002, -0.1793018877506256, 0.11423853784799576, -0.9771386384963989], "cam_t_m2c": [433.9540710449219, 16.328893661499023, 821.0590209960938], "obj_id": 3}, {"cam_R_m2c": [0.6923542022705078, -0.6809763312339783, -0.23857252299785614, 0.49864062666893005, 0.21256795525550842, 0.8403406739234924, -0.5215392112731934, -0.7007753252983093, 0.4867347776889801], "cam_t_m2c": [282.3726501464844, -238.73252868652344, 569.7644653320312], "obj_id": 3}, {"cam_R_m2c": [0.5309845209121704, -0.256636381149292, -0.8075847625732422, -0.7424497008323669, 0.3184669613838196, -0.5893617272377014, 0.4084407389163971, 0.9125330448150635, -0.02143857441842556], "cam_t_m2c": [237.40541076660156, 74.71247863769531, 632.1256713867188], "obj_id": 3}, {"cam_R_m2c": [-0.21185918152332306, -0.5165344476699829, -0.8296430110931396, -0.5859282612800598, -0.6122916340827942, 0.530835747718811, -0.7821786403656006, 0.5985738635063171, -0.17293232679367065], "cam_t_m2c": [343.560546875, -325.58447265625, 640.942626953125], "obj_id": 3}, {"cam_R_m2c": [0.12628600001335144, -0.5651323199272156, 0.8152773976325989, -0.45615676045417786, -0.7628942131996155, -0.4581630229949951, 0.8808931708335876, -0.31403475999832153, -0.3541317582130432], "cam_t_m2c": [159.4907684326172, -177.32015991210938, 490.3907775878906], "obj_id": 3}, {"cam_R_m2c": [0.07124002277851105, -0.9845167398452759, -0.16016098856925964, 0.011934059672057629, 0.16139884293079376, -0.9868170022964478, 0.997387707233429, 0.0683894157409668, 0.023247405886650085], "cam_t_m2c": [560.1304321289062, -194.6280059814453, 506.9286193847656], "obj_id": 3}, {"cam_R_m2c": [-0.30898216366767883, -0.9408441185951233, 0.13907673954963684, -0.8825538158416748, 0.22914381325244904, -0.41059935092926025, 0.35444140434265137, -0.24961058795452118, -0.9011468887329102], "cam_t_m2c": [161.59213256835938, -124.28857421875, 636.466796875], "obj_id": 3}, {"cam_R_m2c": [0.8617798089981079, -0.27489230036735535, 0.42634472250938416, -0.46130502223968506, -0.07504001259803772, 0.8840625286102295, -0.211029052734375, -0.9585421681404114, -0.19147716462612152], "cam_t_m2c": [247.38319396972656, 140.00497436523438, 696.9009399414062], "obj_id": 3}, {"cam_R_m2c": [-0.03087221272289753, 0.06608851253986359, -0.9973360300064087, -0.9985615611076355, -0.04580067843198776, 0.02787519246339798, -0.04383646696805954, 0.9967620372772217, 0.06740745157003403], "cam_t_m2c": [339.600830078125, 147.0813751220703, 692.2821044921875], "obj_id": 3}, {"cam_R_m2c": [-0.5973349809646606, -0.19902488589286804, -0.7769040465354919, -0.7715080976486206, 0.4071439504623413, 0.48888543248176575, 0.21901138126850128, 0.8914161920547485, -0.3967505991458893], "cam_t_m2c": [252.6534423828125, 112.34913635253906, 639.2556762695312], "obj_id": 3}, {"cam_R_m2c": [-0.393891841173172, -0.8854916095733643, -0.24648281931877136, -0.9169562458992004, 0.3971014618873596, 0.03875160962343216, 0.06356446444988251, 0.24127790331840515, -0.9683720469474792], "cam_t_m2c": [436.1686096191406, -132.0107421875, 432.1962585449219], "obj_id": 3}, {"cam_R_m2c": [0.6331269145011902, -0.5118097066879272, 0.5806902050971985, -0.7564342021942139, -0.5682340860366821, 0.3239096403121948, 0.16418781876564026, -0.644329845905304, -0.7469146847724915], "cam_t_m2c": [189.16236877441406, -58.30769348144531, 606.749755859375], "obj_id": 3}, {"cam_R_m2c": [-0.14811971783638, -0.8704864382743835, 0.4693761169910431, -0.6849181056022644, -0.25207531452178955, -0.6836265921592712, 0.7134057879447937, -0.4227427542209625, -0.5588746070861816], "cam_t_m2c": [202.29405212402344, -304.6092224121094, 655.7769775390625], "obj_id": 3}, {"cam_R_m2c": [0.7105816602706909, -0.6623822450637817, -0.23732571303844452, -0.0006059808074496686, -0.3378709554672241, 0.9411922693252563, -0.7036144733428955, -0.6686501502990723, -0.2404862940311432], "cam_t_m2c": [180.10391235351562, -39.92237854003906, 881.5548706054688], "obj_id": 1}, {"cam_R_m2c": [-0.9040104746818542, -0.3830707371234894, 0.18979412317276, 0.24464435875415802, -0.8276227116584778, -0.5051630735397339, 0.35059112310409546, -0.41024065017700195, 0.8418957591056824], "cam_t_m2c": [494.1143493652344, -83.79981231689453, 577.3989868164062], "obj_id": 1}, {"cam_R_m2c": [-0.01968361996114254, 0.9823873043060303, -0.18581661581993103, 0.370868444442749, 0.17976748943328857, 0.9111203551292419, 0.9284768104553223, -0.05097939446568489, -0.3678749203681946], "cam_t_m2c": [274.28594970703125, 72.95894622802734, 549.8175659179688], "obj_id": 1}, {"cam_R_m2c": [-0.05431210994720459, -0.08438152074813843, -0.9949522614479065, -0.780701756477356, -0.6176408529281616, 0.09499853104352951, -0.622539222240448, 0.7819204926490784, -0.03233147785067558], "cam_t_m2c": [508.9917907714844, -150.19908142089844, 480.6691589355469], "obj_id": 1}, {"cam_R_m2c": [-0.7251445055007935, -0.3991537094116211, 0.5611073970794678, 0.2340230792760849, 0.6235000491142273, 0.745976448059082, -0.6476097702980042, 0.672252893447876, -0.3587163984775543], "cam_t_m2c": [155.39634704589844, 0.6039254665374756, 847.8446655273438], "obj_id": 1}, {"cam_R_m2c": [-0.7628895044326782, 0.6455129384994507, -0.036231737583875656, -0.5496916770935059, -0.6771056056022644, -0.48925164341926575, -0.3403509557247162, -0.3533286452293396, 0.8713897466659546], "cam_t_m2c": [60.775089263916016, -149.12103271484375, 637.3847045898438], "obj_id": 1}, {"cam_R_m2c": [0.7183129787445068, -0.6573092937469482, -0.22797130048274994, 0.5348519682884216, 0.3121768832206726, 0.7851617336273193, -0.44492676854133606, -0.6859227418899536, 0.5758038759231567], "cam_t_m2c": [120.43305206298828, 68.47819519042969, 767.9913940429688], "obj_id": 1}, {"cam_R_m2c": [0.9806524515151978, -0.10215350985527039, 0.16698934137821198, 0.1019129827618599, 0.994742751121521, 0.010032027959823608, -0.16713623702526093, 0.007180449087172747, 0.9859076738357544], "cam_t_m2c": [422.55743408203125, -185.4384765625, 681.1322631835938], "obj_id": 1}, {"cam_R_m2c": [0.7320774793624878, 0.5635355114936829, -0.38274046778678894, -0.6811631917953491, 0.6128959655761719, -0.40046870708465576, 0.008901696652173996, 0.5538828372955322, 0.8325470089912415], "cam_t_m2c": [302.3783264160156, -222.7356414794922, 652.401123046875], "obj_id": 1}, {"cam_R_m2c": [-0.16116201877593994, 0.08257623016834259, -0.9834673404693604, -0.713278591632843, 0.6789655685424805, 0.1738947629928589, 0.6821000576019287, 0.7295114398002625, -0.05052362009882927], "cam_t_m2c": [154.1986541748047, -47.335365295410156, 854.8859252929688], "obj_id": 1}, {"cam_R_m2c": [0.6347379684448242, 0.16147096455097198, 0.7556684613227844, 0.18106989562511444, -0.9817765951156616, 0.05769257992506027, 0.7512132525444031, 0.10020913928747177, -0.6524084210395813], "cam_t_m2c": [371.1430358886719, 21.213035583496094, 505.638671875], "obj_id": 1}, {"cam_R_m2c": [-0.9009583592414856, 0.14742355048656464, -0.4080938696861267, 0.33327558636665344, 0.837374746799469, -0.4332793056964874, 0.277851939201355, -0.5263742804527283, -0.803572416305542], "cam_t_m2c": [446.93621826171875, -14.008062362670898, 755.2271118164062], "obj_id": 1}, {"cam_R_m2c": [-0.7366484999656677, -0.648075520992279, 0.1932538002729416, 0.5405837297439575, -0.39258554577827454, 0.744073748588562, -0.4063473343849182, 0.6525906920433044, 0.6395367383956909], "cam_t_m2c": [52.237525939941406, 28.3980770111084, 795.2975463867188], "obj_id": 1}, {"cam_R_m2c": [-0.24200439453125, -0.9626172780990601, -0.1216619461774826, 0.9224194288253784, -0.18935950100421906, -0.33657869696617126, 0.30095863342285156, -0.1936769038438797, 0.9337629079818726], "cam_t_m2c": [277.7071533203125, -325.1313781738281, 636.0368041992188], "obj_id": 1}, {"cam_R_m2c": [-0.3917231261730194, -0.3641883134841919, 0.844937801361084, -0.5490957498550415, -0.6443307995796204, -0.5322891473770142, 0.7382729053497314, -0.6724616885185242, 0.05242500081658363], "cam_t_m2c": [410.2840576171875, 121.0342025756836, 714.1288452148438], "obj_id": 1}, {"cam_R_m2c": [-0.03347353637218475, -0.9583793878555298, 0.2835283875465393, 0.5352545380592346, -0.2567645311355591, -0.8047200441360474, 0.8440272212028503, 0.12482298165559769, 0.5215718746185303], "cam_t_m2c": [466.0783996582031, 1.0561197996139526, 669.1528930664062], "obj_id": 1}, {"cam_R_m2c": [-0.8616294264793396, -0.2807961106300354, -0.4227861166000366, -0.06496169418096542, 0.8871769905090332, -0.4568336606025696, 0.5033631920814514, -0.3661564588546753, -0.7826587557792664], "cam_t_m2c": [247.18222045898438, 75.0117416381836, 606.6387939453125], "obj_id": 1}, {"cam_R_m2c": [0.7151874303817749, -0.6487604379653931, -0.26003238558769226, 0.603307843208313, 0.3851836919784546, 0.6983216404914856, -0.3528832197189331, -0.6563104391098022, 0.6668807864189148], "cam_t_m2c": [326.97650146484375, 66.47380065917969, 775.8477783203125], "obj_id": 1}, {"cam_R_m2c": [-0.3108013868331909, 0.9052397608757019, -0.28972989320755005, -0.9463348984718323, -0.2663005292415619, 0.18312354385852814, 0.08861549198627472, 0.3310965597629547, 0.939426600933075], "cam_t_m2c": [406.7539978027344, 50.70980453491211, 659.8427124023438], "obj_id": 1}, {"cam_R_m2c": [0.4707772135734558, 0.30363160371780396, -0.8283578157424927, 0.6017621159553528, -0.7971203327178955, 0.04981538653373718, -0.6451753377914429, -0.5219262838363647, -0.5579800605773926], "cam_t_m2c": [450.8948059082031, -297.50128173828125, 603.4690551757812], "obj_id": 1}, {"cam_R_m2c": [0.006998738739639521, 0.5859741568565369, 0.8102994561195374, -0.8197931051254272, 0.4673762023448944, -0.33090588450431824, -0.5726169943809509, -0.6619620323181152, 0.4836486577987671], "cam_t_m2c": [213.59217834472656, -203.55331420898438, 685.3045043945312], "obj_id": 1}, {"cam_R_m2c": [0.3092378079891205, 0.9483916759490967, -0.07017907500267029, 0.4158783555030823, -0.06849939376115799, 0.906836748123169, 0.8552292585372925, -0.3096141219139099, -0.41559815406799316], "cam_t_m2c": [269.9803466796875, -59.292816162109375, 586.00537109375], "obj_id": 1}, {"cam_R_m2c": [-0.12367712706327438, 0.341391384601593, -0.9317487478256226, -0.34060174226760864, 0.8673105239868164, 0.3629916310310364, 0.9320377111434937, 0.36224907636642456, 0.009012055583298206], "cam_t_m2c": [360.556884765625, -256.57763671875, 738.4635009765625], "obj_id": 1}, {"cam_R_m2c": [-0.1409265697002411, -0.8573727607727051, 0.4950267970561981, -0.9884436726570129, 0.0936451256275177, -0.11920420825481415, 0.05584562569856644, -0.5061051845550537, -0.8606617450714111], "cam_t_m2c": [449.8563232421875, -191.52589416503906, 579.399658203125], "obj_id": 1}, {"cam_R_m2c": [0.8226163387298584, 0.5417214035987854, 0.17274349927902222, -0.3709857761859894, 0.2811218202114105, 0.8850650787353516, 0.43089669942855835, -0.7921543121337891, 0.4322263300418854], "cam_t_m2c": [383.0530700683594, -262.507568359375, 788.6322631835938], "obj_id": 1}, {"cam_R_m2c": [-0.8375453352928162, -0.5180306434631348, 0.17367231845855713, -0.5270876884460449, 0.8497804999351501, -0.007183171343058348, -0.14386224746704102, -0.09755677729845047, -0.9847772717475891], "cam_t_m2c": [329.3270568847656, -244.02618408203125, 747.80810546875], "obj_id": 1}, {"cam_R_m2c": [-0.4136681854724884, 0.34947600960731506, 0.8406813144683838, -0.9011061787605286, -0.025367124006152153, -0.4328557848930359, -0.1299470216035843, -0.9366018176078796, 0.32540860772132874], "cam_t_m2c": [333.9410705566406, 68.31194305419922, 690.0203247070312], "obj_id": 1}, {"cam_R_m2c": [0.6309922337532043, 0.7211242318153381, 0.28605684638023376, 0.7221561670303345, -0.4112622141838074, -0.5561954975128174, -0.2834416925907135, 0.5575327277183533, -0.780267596244812], "cam_t_m2c": [141.41571044921875, -44.314308166503906, 602.957275390625], "obj_id": 1}, {"cam_R_m2c": [-0.8138195276260376, -0.018546126782894135, -0.5808215141296387, -0.4263419508934021, -0.6601167321205139, 0.6184482574462891, -0.39487987756729126, 0.7509338855743408, 0.529309093952179], "cam_t_m2c": [205.5723419189453, -49.57084274291992, 493.594970703125], "obj_id": 1}, {"cam_R_m2c": [0.0011291971895843744, 0.802531361579895, -0.5966086387634277, -0.9988420605659485, 0.029598616063594818, 0.03792427480220795, 0.04809414967894554, 0.595875084400177, 0.8016357421875], "cam_t_m2c": [265.4542541503906, -164.8350830078125, 687.4200439453125], "obj_id": 1}, {"cam_R_m2c": [-0.7891735434532166, -0.5589473247528076, -0.2545248568058014, 0.5653910636901855, -0.4993162751197815, -0.6565181612968445, 0.23987063765525818, -0.6620128750801086, 0.7100711464881897], "cam_t_m2c": [313.091796875, -208.08505249023438, 531.3389282226562], "obj_id": 1}, {"cam_R_m2c": [0.9043374061584473, -0.2930174171924591, 0.3103460669517517, 0.05278605595231056, -0.6447515487670898, -0.7625674605369568, 0.4235416650772095, 0.7060002088546753, -0.5676056742668152], "cam_t_m2c": [460.1935729980469, 45.041229248046875, 674.94482421875], "obj_id": 1}, {"cam_R_m2c": [0.9873500466346741, -0.1565200388431549, 0.025324635207653046, 0.1512373983860016, 0.8817243576049805, -0.4468662440776825, 0.04761417582631111, 0.4450434446334839, 0.8942422866821289], "cam_t_m2c": [465.1598205566406, -29.06304359436035, 788.562255859375], "obj_id": 1}, {"cam_R_m2c": [0.08916610479354858, -0.8758813738822937, -0.474216103553772, -0.08386217802762985, 0.46782004833221436, -0.8798359632492065, 0.9924798607826233, 0.11822021007537842, -0.03173955902457237], "cam_t_m2c": [263.8033752441406, 63.82100296020508, 609.1066284179688], "obj_id": 1}, {"cam_R_m2c": [-0.9177241921424866, 0.34927254915237427, 0.18918490409851074, 0.15884122252464294, 0.7592241764068604, -0.6311482787132263, -0.36407649517059326, -0.549169659614563, -0.7522372603416443], "cam_t_m2c": [364.8995666503906, -128.61602783203125, 485.8799133300781], "obj_id": 1}, {"cam_R_m2c": [-0.2287600338459015, 0.5150009989738464, -0.8261009454727173, 0.5620123147964478, 0.7627671957015991, 0.3198881149291992, 0.7948653697967529, -0.39110130071640015, -0.4639275372028351], "cam_t_m2c": [246.11199951171875, -288.22137451171875, 678.4097290039062], "obj_id": 1}, {"cam_R_m2c": [-0.7818902134895325, -0.47595012187957764, -0.40264034271240234, -0.6101276874542236, 0.7168543338775635, 0.33743754029273987, 0.12803103029727936, 0.5095010995864868, -0.8508917093276978], "cam_t_m2c": [324.461669921875, 85.77066802978516, 728.6104125976562], "obj_id": 1}, {"cam_R_m2c": [0.7153170704841614, 0.5330447554588318, -0.4518682062625885, -0.6127570867538452, 0.16760435700416565, -0.772293746471405, -0.3359319865703583, 0.8293203115463257, 0.4465171694755554], "cam_t_m2c": [311.96630859375, -243.73634338378906, 809.58154296875], "obj_id": 1}, {"cam_R_m2c": [-0.6557248830795288, -0.734110414981842, 0.17637017369270325, -0.6915918588638306, 0.4903280436992645, -0.5303574204444885, 0.30286169052124023, -0.46974483132362366, -0.8292250633239746], "cam_t_m2c": [495.7393798828125, -265.86181640625, 607.4446411132812], "obj_id": 1}, {"cam_R_m2c": [-0.0607418455183506, -0.7586504817008972, 0.6486600637435913, -0.9908623099327087, 0.12423443049192429, 0.05251391977071762, -0.12042561173439026, -0.6395429968833923, -0.7592644095420837], "cam_t_m2c": [240.49876403808594, -270.210205078125, 634.968994140625], "obj_id": 1}, {"cam_R_m2c": [-0.6573415994644165, -0.598602831363678, 0.45779532194137573, 0.43654754757881165, 0.19269968569278717, 0.8788020610809326, -0.6142704486846924, 0.777522623538971, 0.1346491128206253], "cam_t_m2c": [214.30618286132812, 16.625057220458984, 662.58740234375], "obj_id": 1}, {"cam_R_m2c": [-0.22796665132045746, 0.5978886485099792, 0.7684792280197144, -0.7604319453239441, -0.6022491455078125, 0.24297961592674255, 0.6080907583236694, -0.5289849638938904, 0.5919464230537415], "cam_t_m2c": [319.9879150390625, -110.22795867919922, 637.6803588867188], "obj_id": 1}, {"cam_R_m2c": [-0.5260618925094604, -0.31573519110679626, 0.7896645665168762, -0.051172155886888504, -0.9150955677032471, -0.399976909160614, 0.8489053249359131, -0.25082144141197205, 0.4652400612831116], "cam_t_m2c": [454.15081787109375, -133.70468139648438, 589.9058837890625], "obj_id": 1}, {"cam_R_m2c": [0.19487245380878448, 0.9763198494911194, -0.09393700212240219, -0.7706834077835083, 0.21165688335895538, 0.6010394096374512, 0.6066891551017761, -0.04473030939698219, 0.7936797142028809], "cam_t_m2c": [248.62060546875, 42.099029541015625, 698.43896484375], "obj_id": 1}, {"cam_R_m2c": [-0.5292837619781494, 0.5927516222000122, -0.6070454716682434, -0.03743646293878555, -0.7310991883277893, -0.681243360042572, -0.847618579864502, -0.33784541487693787, 0.4091494083404541], "cam_t_m2c": [140.3618927001953, -7.3829216957092285, 754.9205932617188], "obj_id": 1}, {"cam_R_m2c": [0.6845963597297668, -0.641368567943573, -0.3463729918003082, -0.6890705227851868, -0.7244022488594055, -0.020574184134602547, -0.23771773278713226, 0.2527604103088379, -0.9378712773323059], "cam_t_m2c": [418.79315185546875, -201.8224334716797, 591.8701782226562], "obj_id": 1}, {"cam_R_m2c": [-0.7111302614212036, 0.008408097550272942, -0.7030097246170044, 0.7021605968475342, -0.042068205773830414, -0.7107746005058289, -0.03555070236325264, -0.9990792274475098, 0.024012338370084763], "cam_t_m2c": [312.89483642578125, -228.62493896484375, 763.8280639648438], "obj_id": 1}, {"cam_R_m2c": [0.3322039246559143, -0.7665662169456482, -0.5495604872703552, -0.9380712509155273, -0.32924237847328186, -0.10780397802591324, -0.09829972684383392, 0.5513398051261902, -0.8284693360328674], "cam_t_m2c": [204.0135498046875, 39.823280334472656, 684.0755615234375], "obj_id": 1}, {"cam_R_m2c": [-0.649489164352417, 0.7594738602638245, -0.03692131116986275, -0.0855058953166008, -0.02470177784562111, 0.9960314035415649, 0.7555477619171143, 0.6500686407089233, 0.08098307251930237], "cam_t_m2c": [352.94317626953125, -49.4021110534668, 437.86578369140625], "obj_id": 1}, {"cam_R_m2c": [0.25908857583999634, 0.04666278138756752, -0.9647256731987, 0.7435050010681152, -0.6471866369247437, 0.16837333142757416, -0.6165009140968323, -0.7609019875526428, -0.20237262547016144], "cam_t_m2c": [462.40533447265625, -253.30380249023438, 596.4599609375], "obj_id": 1}, {"cam_R_m2c": [0.7495143413543701, -0.08862175792455673, -0.6560292840003967, 0.6618302464485168, 0.07867515087127686, 0.7455138564109802, -0.014455570839345455, -0.992953360080719, 0.11762072145938873], "cam_t_m2c": [500.41424560546875, -228.3480987548828, 639.0745239257812], "obj_id": 1}, {"cam_R_m2c": [0.2169296145439148, 0.6387147307395935, -0.7382309436798096, -0.7155783176422119, -0.41034385561943054, -0.5653011202812195, -0.6639947891235352, 0.6508926153182983, 0.3680347800254822], "cam_t_m2c": [451.70013427734375, -153.19842529296875, 437.7110290527344], "obj_id": 1}, {"cam_R_m2c": [0.23467743396759033, -0.10496922582387924, 0.9663891196250916, -0.22411933541297913, 0.9615259170532227, 0.1588660031557083, -0.9458842277526855, -0.2538687586784363, 0.20212280750274658], "cam_t_m2c": [454.339111328125, -125.88971710205078, 589.0094604492188], "obj_id": 1}, {"cam_R_m2c": [-0.27758100628852844, 0.8586878180503845, -0.430817574262619, -0.5595975518226624, 0.21999144554138184, 0.7990333437919617, 0.7808963656425476, 0.46288102865219116, 0.4194542467594147], "cam_t_m2c": [427.5145568847656, -56.08607864379883, 682.4334716796875], "obj_id": 1}, {"cam_R_m2c": [-0.25231653451919556, 0.48719677329063416, 0.8360475897789001, -0.9414049386978149, -0.32343563437461853, -0.0956348329782486, 0.22381465137004852, -0.811189591884613, 0.5402576923370361], "cam_t_m2c": [340.84747314453125, 156.05299377441406, 676.4309692382812], "obj_id": 3}, {"cam_R_m2c": [0.6492528915405273, -0.4593519866466522, 0.6061900854110718, 0.5447351336479187, -0.2753780484199524, -0.7921051383018494, 0.5307865142822266, 0.844489574432373, 0.07143516838550568], "cam_t_m2c": [312.8533630371094, -58.89327621459961, 858.7263793945312], "obj_id": 1}, {"cam_R_m2c": [-0.23957176506519318, 0.9493671655654907, 0.20324209332466125, 0.9169809222221375, 0.2900373339653015, -0.2739056646823883, -0.31898483633995056, 0.12074905633926392, -0.9400362968444824], "cam_t_m2c": [301.60394287109375, -112.8904037475586, 416.8197326660156], "obj_id": 1}, {"cam_R_m2c": [0.6156294345855713, -0.6473267078399658, -0.4494091272354126, 0.05607350170612335, 0.6048285961151123, -0.7943790555000305, 0.7860382795333862, 0.4638431668281555, 0.40864816308021545], "cam_t_m2c": [105.336669921875, -37.16428756713867, 661.1158447265625], "obj_id": 1}, {"cam_R_m2c": [-0.9221287965774536, -0.18352191150188446, 0.3405849039554596, 0.23528102040290833, 0.43281346559524536, 0.8702386617660522, -0.3071175813674927, 0.8826053142547607, -0.35593047738075256], "cam_t_m2c": [341.51019287109375, -118.05859375, 414.9238586425781], "obj_id": 1}, {"cam_R_m2c": [-0.7931903004646301, 0.11355064064264297, 0.5982938408851624, -0.32939398288726807, -0.9063352346420288, -0.26468124985694885, 0.5121999979019165, -0.4070169925689697, 0.7562990784645081], "cam_t_m2c": [327.9590759277344, 95.38983154296875, 757.9007568359375], "obj_id": 3}, {"cam_R_m2c": [-0.6833798289299011, -0.6492279767990112, -0.3339084982872009, 0.6041438579559326, -0.7596789002418518, 0.24062004685401917, -0.40988054871559143, -0.03729386255145073, 0.9113764762878418], "cam_t_m2c": [207.9938507080078, -60.97093200683594, 534.5429077148438], "obj_id": 1}, {"cam_R_m2c": [0.14624129235744476, 0.7359482049942017, 0.6610549092292786, 0.7949680089950562, 0.310279905796051, -0.5212985277175903, -0.5887607932090759, 0.6017528772354126, -0.5396795272827148], "cam_t_m2c": [66.84537506103516, -143.87649536132812, 680.6043090820312], "obj_id": 1}, {"cam_R_m2c": [0.5675369501113892, -0.712175190448761, -0.41316860914230347, 0.7718863487243652, 0.6348503232002258, -0.03400710970163345, 0.28651925921440125, -0.2996189296245575, 0.9100193381309509], "cam_t_m2c": [454.79376220703125, 107.22118377685547, 745.07177734375], "obj_id": 1}, {"cam_R_m2c": [-0.17821601033210754, 0.8842126131057739, -0.4317488670349121, 0.8587935566902161, 0.35395127534866333, 0.37039443850517273, 0.48032549023628235, -0.3047729432582855, -0.8224359154701233], "cam_t_m2c": [362.9616394042969, -279.62188720703125, 786.5169067382812], "obj_id": 3}, {"cam_R_m2c": [0.1732100397348404, -0.8182222843170166, 0.5481883883476257, 0.7194778919219971, 0.4852197766304016, 0.4969036877155304, -0.6725695133209229, 0.30834075808525085, 0.6727378368377686], "cam_t_m2c": [268.582275390625, -243.07608032226562, 600.0474243164062], "obj_id": 1}, {"cam_R_m2c": [-0.12752220034599304, 0.8514803647994995, 0.5086444616317749, 0.22432200610637665, -0.4747828543186188, 0.8510351777076721, 0.9661354422569275, 0.22262604534626007, -0.13046042621135712], "cam_t_m2c": [549.4269409179688, 54.46677780151367, 787.9953002929688], "obj_id": 1}, {"cam_R_m2c": [-0.37189531326293945, -0.6446658372879028, 0.6679070591926575, -0.25558751821517944, -0.620591938495636, -0.7413101196289062, 0.89239501953125, -0.44639846682548523, 0.06602668762207031], "cam_t_m2c": [375.85919189453125, -23.449329376220703, 791.4498291015625], "obj_id": 3}, {"cam_R_m2c": [-0.46716204285621643, 0.5210779905319214, 0.7143089771270752, 0.13388213515281677, 0.8402583003044128, -0.5253965854644775, -0.8739766478538513, -0.14981211721897125, -0.46229982376098633], "cam_t_m2c": [244.51202392578125, -122.44445037841797, 434.6053771972656], "obj_id": 1}, {"cam_R_m2c": [-0.9125680923461914, -0.1440718024969101, 0.38270455598831177, 0.31316372752189636, 0.35559654235839844, 0.8806132078170776, -0.26295992732048035, 0.9234687089920044, -0.2793879806995392], "cam_t_m2c": [200.96481323242188, -159.57701110839844, 548.51611328125], "obj_id": 3}, {"cam_R_m2c": [-0.48136571049690247, -0.10492922365665436, -0.8702164888381958, 0.5010530948638916, 0.7816640138626099, -0.37141239643096924, 0.719188928604126, -0.6148099303245544, -0.32369112968444824], "cam_t_m2c": [280.3681945800781, 131.18621826171875, 664.7720947265625], "obj_id": 3}, {"cam_R_m2c": [-0.08771396428346634, 0.4300291836261749, 0.8985439538955688, 0.7214744687080383, 0.6493865251541138, -0.24035753309726715, -0.686863124370575, 0.627193808555603, -0.3672153353691101], "cam_t_m2c": [327.31744384765625, -24.671279907226562, 666.1256103515625], "obj_id": 3}, {"cam_R_m2c": [0.8110060095787048, 0.5211062431335449, 0.26592758297920227, 0.43112626671791077, -0.8396023511886597, 0.33045104146003723, 0.39547356963157654, -0.1533493995666504, -0.9055851697921753], "cam_t_m2c": [340.0117492675781, 156.9998321533203, 667.5004272460938], "obj_id": 3}, {"cam_R_m2c": [-0.12747283279895782, -0.27065327763557434, 0.9541997909545898, 0.5410151481628418, -0.8252986073493958, -0.16181622445583344, 0.8312960267066956, 0.4956094026565552, 0.25163090229034424], "cam_t_m2c": [444.150634765625, -97.25145721435547, 586.3764038085938], "obj_id": 1}, {"cam_R_m2c": [0.3634551465511322, -0.7643049359321594, -0.5326708555221558, 0.740968644618988, -0.10940831899642944, 0.6625670790672302, -0.5646820068359375, -0.6355057954788208, 0.5265610218048096], "cam_t_m2c": [452.78997802734375, 0.46336090564727783, 834.239990234375], "obj_id": 3}, {"cam_R_m2c": [-0.28699344396591187, -0.26626500487327576, 0.9201834201812744, 0.46332988142967224, -0.8793396949768066, -0.10993975400924683, 0.8384270668029785, 0.3947964906692505, 0.37573349475860596], "cam_t_m2c": [221.501953125, -119.32416534423828, 736.9334716796875], "obj_id": 3}, {"cam_R_m2c": [-0.19607025384902954, 0.9210778474807739, -0.3364103436470032, 0.9798238277435303, 0.17046965658664703, -0.10433254390954971, -0.03875065594911575, -0.35007941722869873, -0.9359180927276611], "cam_t_m2c": [477.32476806640625, -74.32315063476562, 745.592041015625], "obj_id": 3}, {"cam_R_m2c": [0.6451693773269653, -0.5579412579536438, 0.5219751000404358, 0.7638126611709595, 0.48764345049858093, -0.4228403568267822, -0.01861761137843132, 0.6714949011802673, 0.7407752275466919], "cam_t_m2c": [378.3829650878906, -80.85136413574219, 467.2120666503906], "obj_id": 1}, {"cam_R_m2c": [-0.4258902966976166, -0.4588794708251953, 0.7797736525535583, 0.9044783711433411, -0.19387279450893402, 0.3799106776714325, -0.023156262934207916, 0.8670887351036072, 0.49761518836021423], "cam_t_m2c": [567.4786987304688, -150.43734741210938, 548.1351318359375], "obj_id": 3}, {"cam_R_m2c": [-0.5247807502746582, 0.43053439259529114, -0.7343332767486572, -0.43306463956832886, 0.6076504588127136, 0.6657446622848511, 0.7328439354896545, 0.6673837304115295, -0.13243407011032104], "cam_t_m2c": [287.00091552734375, 49.83098602294922, 643.6159057617188], "obj_id": 3}, {"cam_R_m2c": [0.23881347477436066, -0.7543726563453674, 0.6114654541015625, 0.020168272778391838, -0.6256961226463318, -0.7798060774803162, 0.9708560109138489, 0.19856040179729462, -0.1342102587223053], "cam_t_m2c": [253.25616455078125, -164.70350646972656, 701.240966796875], "obj_id": 1}, {"cam_R_m2c": [-0.9212923049926758, 0.35292768478393555, 0.16328613460063934, 0.11170105636119843, -0.1620262712240219, 0.9804438948631287, 0.3724824786186218, 0.9215147495269775, 0.10985125601291656], "cam_t_m2c": [510.3498229980469, -70.1098861694336, 637.5361938476562], "obj_id": 1}, {"cam_R_m2c": [0.008171514607965946, -0.9567586779594421, -0.2907680571079254, -0.614569365978241, 0.2245739996433258, -0.7562215328216553, 0.7888205051422119, 0.18487662076950073, -0.5861594676971436], "cam_t_m2c": [491.3114929199219, -118.85910034179688, 486.806884765625], "obj_id": 1}, {"cam_R_m2c": [0.10292735695838928, 0.9113243222236633, 0.39861488342285156, 0.9835052490234375, -0.15316498279571533, 0.09621701389551163, 0.1487387865781784, 0.3821364939212799, -0.912057101726532], "cam_t_m2c": [137.1380157470703, 11.604912757873535, 804.9003295898438], "obj_id": 1}, {"cam_R_m2c": [-0.11970947682857513, 0.8915866613388062, -0.4367409646511078, 0.9340375661849976, 0.2502479553222656, 0.254852294921875, 0.33651643991470337, -0.3774242401123047, -0.862732470035553], "cam_t_m2c": [563.9874267578125, -187.9940643310547, 500.607666015625], "obj_id": 1}, {"cam_R_m2c": [0.5198152661323547, -0.8098628520965576, 0.27187153697013855, -0.8537381887435913, -0.48115822672843933, 0.19904163479804993, -0.030383171513676643, -0.3355720043182373, -0.9415242075920105], "cam_t_m2c": [262.4983825683594, 68.84254455566406, 691.7098388671875], "obj_id": 3}, {"cam_R_m2c": [0.47717034816741943, -0.048011813312768936, 0.8774982690811157, 0.8739175200462341, 0.1311473697423935, -0.4680474102497101, -0.092609703540802, 0.9901995062828064, 0.10453804582357407], "cam_t_m2c": [320.95361328125, 28.42271614074707, 560.03662109375], "obj_id": 3}, {"cam_R_m2c": [0.11700541526079178, 0.7301957607269287, -0.6731446981430054, 0.9931090474128723, -0.09055475890636444, 0.07439163327217102, -0.006636044476181269, -0.6772103309631348, -0.7357593774795532], "cam_t_m2c": [241.47567749023438, -145.03016662597656, 617.706787109375], "obj_id": 3}, {"cam_R_m2c": [0.8029657602310181, -0.0556546226143837, -0.5934210419654846, -0.2867213189601898, 0.8367910981178284, -0.466445654630661, 0.5225293040275574, 0.5446863770484924, 0.6559572219848633], "cam_t_m2c": [114.5938491821289, -87.95894622802734, 607.6677856445312], "obj_id": 1}, {"cam_R_m2c": [-0.732962429523468, 0.6259303689002991, -0.26641586422920227, 0.1028951033949852, -0.28511759638786316, -0.9529536366462708, -0.6724424362182617, -0.7258920669555664, 0.14457522332668304], "cam_t_m2c": [394.97564697265625, -37.413700103759766, 655.9185180664062], "obj_id": 3}, {"cam_R_m2c": [-0.18977293372154236, 0.2981710135936737, 0.9354572296142578, -0.7894744873046875, -0.6127753853797913, 0.03516028821468353, 0.5837089419364929, -0.7318471670150757, 0.3516866862773895], "cam_t_m2c": [220.00001525878906, -208.67709350585938, 662.6159057617188], "obj_id": 1}, {"cam_R_m2c": [-0.5372657775878906, -0.671526312828064, 0.5102919936180115, 0.47576531767845154, 0.25827696919441223, 0.840797483921051, -0.6964142918586731, 0.6945109367370605, 0.180725559592247], "cam_t_m2c": [242.60841369628906, -237.72088623046875, 562.4529418945312], "obj_id": 1}, {"cam_R_m2c": [-0.10293230414390564, -0.3769312798976898, 0.9205041527748108, 0.19292332231998444, 0.9002812504768372, 0.39022335410118103, -0.9757999777793884, 0.21775327622890472, -0.01994919404387474], "cam_t_m2c": [371.2394104003906, -90.81097412109375, 750.7249145507812], "obj_id": 3}, {"cam_R_m2c": [-0.13591614365577698, 0.9297930598258972, -0.34206944704055786, 0.037882935255765915, -0.3401433527469635, -0.9396101236343384, -0.9899957180023193, -0.14066685736179352, 0.011007796041667461], "cam_t_m2c": [364.3069152832031, 184.95144653320312, 608.445556640625], "obj_id": 3}, {"cam_R_m2c": [-0.1322011649608612, -0.8811443448066711, -0.45399048924446106, -0.7431573867797852, 0.39119061827659607, -0.5428507328033447, 0.6559267044067383, 0.2656208872795105, -0.706544816493988], "cam_t_m2c": [551.869873046875, 94.0810546875, 746.2716674804688], "obj_id": 3}, {"cam_R_m2c": [0.5274927020072937, -0.7706941366195679, -0.35746610164642334, 0.8324028253555298, 0.3847271502017975, 0.39886146783828735, -0.16987331211566925, -0.5079523324966431, 0.8444687724113464], "cam_t_m2c": [287.7914733886719, -290.7794494628906, 630.5706176757812], "obj_id": 1}, {"cam_R_m2c": [-0.0866534486413002, -0.32473787665367126, -0.9418260455131531, -0.9002549052238464, 0.43039700388908386, -0.0655704140663147, 0.42665228247642517, 0.8422016501426697, -0.3296422064304352], "cam_t_m2c": [447.124755859375, -44.879817962646484, 831.88427734375], "obj_id": 1}, {"cam_R_m2c": [-0.21221129596233368, 0.9613275527954102, -0.17554350197315216, -0.27700281143188477, -0.2314417064189911, -0.9325791597366333, -0.9371422529220581, -0.14927789568901062, 0.3154051601886749], "cam_t_m2c": [464.85504150390625, -55.032596588134766, 847.61865234375], "obj_id": 3}, {"cam_R_m2c": [-0.46882545948028564, -0.5819878578186035, 0.6644492149353027, -0.1510634422302246, -0.6883304715156555, -0.7094934582710266, 0.8702772259712219, -0.4330025911331177, 0.23478980362415314], "cam_t_m2c": [351.046875, 28.56509780883789, 621.9901123046875], "obj_id": 3}, {"cam_R_m2c": [-0.5224406719207764, 0.6280332803726196, 0.5767412185668945, 0.3765450417995453, -0.43693462014198303, 0.8168858289718628, 0.7650294303894043, 0.643943190574646, -0.008210711181163788], "cam_t_m2c": [82.648193359375, 53.82246398925781, 791.771240234375], "obj_id": 3}, {"cam_R_m2c": [0.7420842051506042, 0.23821377754211426, -0.6265502572059631, 0.6267857551574707, -0.577916145324707, 0.5226399302482605, -0.23759347200393677, -0.7805556058883667, -0.57817143201828], "cam_t_m2c": [250.2967071533203, 132.8015594482422, 702.512939453125], "obj_id": 3}, {"cam_R_m2c": [0.9387991428375244, 0.337734580039978, -0.06776119768619537, -0.3414561152458191, 0.9383594989776611, -0.05375121161341667, 0.04543071985244751, 0.07359906286001205, 0.9962525963783264], "cam_t_m2c": [297.6666564941406, -276.9509582519531, 729.038818359375], "obj_id": 3}, {"cam_R_m2c": [-0.7079592347145081, 0.6127806901931763, -0.3511316180229187, -0.7047377824783325, -0.5803907513618469, 0.4080333113670349, 0.046241383999586105, 0.5363267064094543, 0.8427428007125854], "cam_t_m2c": [248.5652313232422, -57.85258483886719, 718.152587890625], "obj_id": 3}, {"cam_R_m2c": [-0.9232164621353149, 0.3693978190422058, -0.10590825974941254, 0.2503106892108917, 0.36895665526390076, -0.8951064348220825, -0.2915748059749603, -0.852886974811554, -0.43309107422828674], "cam_t_m2c": [297.80426025390625, -274.0304260253906, 578.4970092773438], "obj_id": 3}, {"cam_R_m2c": [0.3316018283367157, -0.6781337857246399, 0.6558770537376404, 0.7416831851005554, 0.6170408129692078, 0.26299551129341125, -0.5830490589141846, 0.39924320578575134, 0.707572340965271], "cam_t_m2c": [302.1161804199219, -53.1105842590332, 872.9550170898438], "obj_id": 1}, {"cam_R_m2c": [-0.8366049528121948, 0.17084625363349915, 0.520484209060669, -0.5357563495635986, -0.45336464047431946, -0.7123381495475769, 0.11426880210638046, -0.8747983574867249, 0.47081899642944336], "cam_t_m2c": [410.6459655761719, -314.6085510253906, 672.6563110351562], "obj_id": 3}, {"cam_R_m2c": [-0.10110917687416077, 0.7921081185340881, -0.6019481420516968, -0.5449937582015991, 0.46208998560905457, 0.6996102929115295, 0.8323212265968323, 0.3987950384616852, 0.3849725127220154], "cam_t_m2c": [238.3783721923828, -112.76407623291016, 672.1273193359375], "obj_id": 1}, {"cam_R_m2c": [-0.19265857338905334, 0.4153519570827484, 0.8890249729156494, -0.9699337482452393, 0.05668549984693527, -0.23667556047439575, -0.14869847893714905, -0.9078928828239441, 0.39194291830062866], "cam_t_m2c": [239.04544067382812, 114.60052490234375, 691.6784057617188], "obj_id": 3}, {"cam_R_m2c": [0.7270346879959106, -0.5273667573928833, -0.43966448307037354, -0.05376658961176872, -0.6821122765541077, 0.729267954826355, -0.684492290019989, -0.5065638422966003, -0.5242739915847778], "cam_t_m2c": [244.0605010986328, -97.50373840332031, 483.2403259277344], "obj_id": 3}, {"cam_R_m2c": [-0.7630665302276611, 0.5083082914352417, 0.39918968081474304, 0.4528956711292267, -0.02011175826191902, 0.8913367390632629, 0.4611021876335144, 0.8609403967857361, -0.21486413478851318], "cam_t_m2c": [268.1565246582031, -134.8691864013672, 491.4830627441406], "obj_id": 1}, {"cam_R_m2c": [-0.773158609867096, -0.2051902413368225, -0.6001021265983582, 0.5011916756629944, -0.7774950265884399, -0.3798791468143463, -0.3886289596557617, -0.5944730639457703, 0.7039667963981628], "cam_t_m2c": [479.7840881347656, -131.03256225585938, 446.60125732421875], "obj_id": 1}, {"cam_R_m2c": [0.99