{
  "0": [{"cam_R_m2c": [0.5096943974494934, -0.8567337989807129, 0.07885909825563431, -0.008560363203287125, 0.08660430461168289, 0.9962059259414673, -0.8603128790855408, -0.5084355473518372, 0.0368078239262104], "cam_t_m2c": [-260.5574645996094, 221.12054443359375, 62.175594329833984], "obj_id": 1}, {"cam_R_m2c": [-0.08548528701066971, 0.1597423106431961, -0.9834502935409546, 0.9882212281227112, 0.13934123516082764, -0.06326685100793839, 0.1269286870956421, -0.9772748947143555, -0.16977228224277496], "cam_t_m2c": [-237.96128845214844, 67.34329986572266, 278.99407958984375], "obj_id": 0}, {"cam_R_m2c": [-0.25194236636161804, -0.9235252737998962, -0.28918179869651794, 0.7072212100028992, 0.02826864644885063, -0.7064269185066223, 0.6605778932571411, -0.38249439001083374, 0.6460146307945251], "cam_t_m2c": [-141.1576385498047, 197.03305053710938, 59.23521041870117], "obj_id": 1}, {"cam_R_m2c": [-0.9862487316131592, -0.16479171812534332, 0.0125276492908597, -0.15397803485393524, 0.8887004256248474, -0.4318590760231018, 0.06003347411751747, -0.42784950137138367, -0.9018539786338806], "cam_t_m2c": [-382.7703552246094, 76.46773529052734, 277.43695068359375], "obj_id": 3}, {"cam_R_m2c": [0.09215088933706284, 0.8607698678970337, -0.5005832314491272, 0.9648433923721313, 0.04708185791969299, 0.2585742473602295, 0.24614131450653076, -0.5068122744560242, -0.826169490814209], "cam_t_m2c": [-220.07757568359375, 107.86507415771484, 181.9186248779297], "obj_id": 0}, {"cam_R_m2c": [-0.2605527639389038, -0.5311466455459595, 0.8062230348587036, 0.806147038936615, -0.5792003870010376, -0.12105400860309601, 0.5312620401382446, 0.6183933019638062, 0.579094409942627], "cam_t_m2c": [-184.3390655517578, 21.13176918029785, 414.5914611816406], "obj_id": 0}, {"cam_R_m2c": [0.743852436542511, -0.6605924963951111, -0.1014937087893486, 0.3273688554763794, 0.2277352213859558, 0.9170420169830322, -0.5826774835586548, -0.7153698205947876, 0.3856588900089264], "cam_t_m2c": [130.06968688964844, 191.2283935546875, 122.84396362304688], "obj_id": 3}, {"cam_R_m2c": [-0.31669744849205017, -0.7527171969413757, 0.5771650075912476, 0.8204566240310669, -0.522728681564331, -0.2315288633108139, 0.47597649693489075, 0.4002142548561096, 0.783118724822998], "cam_t_m2c": [-197.94078063964844, 98.64161682128906, 212.8283233642578], "obj_id": 0}, {"cam_R_m2c": [0.11536532640457153, 0.9669290781021118, 0.2274620085954666, 0.9863454699516296, -0.1386052966117859, 0.08894454687833786, 0.11753052473068237, 0.21409501135349274, -0.9697163105010986], "cam_t_m2c": [-36.331932067871094, 125.48384094238281, 377.39862060546875], "obj_id": 2}, {"cam_R_m2c": [-0.5188623070716858, -0.6759751439094543, 0.5232964158058167, -0.739178478717804, 0.6622623801231384, 0.12257078289985657, -0.4294143319129944, -0.3232121467590332, -0.843289315700531], "cam_t_m2c": [-70.44258880615234, 180.75372314453125, 218.91229248046875], "obj_id": 0}, {"cam_R_m2c": [0.11536611616611481, 0.5292561054229736, -0.8405821919441223, 0.9863454103469849, 0.039089322090148926, 0.1599830687046051, 0.1175297275185585, -0.8475610613822937, -0.5175197124481201], "cam_t_m2c": [51.855525970458984, 128.49913024902344, 399.38189697265625], "obj_id": 2}, {"cam_R_m2c": [0.1153668612241745, -0.9687348008155823, 0.21964383125305176, 0.9863455295562744, 0.08555814623832703, -0.14072072505950928, 0.11752873659133911, 0.23287922143936157, 0.9653778076171875], "cam_t_m2c": [-199.79855346679688, 147.77359008789062, 265.7165222167969], "obj_id": 2}],
  "1": [{"cam_R_m2c": [0.5096943974494934, -0.8567337989807129, 0.07885909825563431, -0.008560363203287125, 0.08660430461168289, 0.9962059259414673, -0.8603128790855408, -0.5084355473518372, 0.0368078239262104], "cam_t_m2c": [-260.5574645996094, 221.12054443359375, 62.175594329833984], "obj_id": 1}, {"cam_R_m2c": [-0.08548528701066971, 0.1597423106431961, -0.9834502935409546, 0.9882212281227112, 0.13934123516082764, -0.06326685100793839, 0.1269286870956421, -0.9772748947143555, -0.16977228224277496], "cam_t_m2c": [-237.96128845214844, 67.34329986572266, 278.99407958984375], "obj_id": 0}, {"cam_R_m2c": [-0.25194236636161804, -0.9235252737998962, -0.28918179869651794, 0.7072212100028992, 0.02826864644885063, -0.7064269185066223, 0.6605778932571411, -0.38249439001083374, 0.6460146307945251], "cam_t_m2c": [-141.1576385498047, 197.03305053710938, 59.23521041870117], "obj_id": 1}, {"cam_R_m2c": [-0.9862487316131592, -0.16479171812534332, 0.0125276492908597, -0.15397803485393524, 0.8887004256248474, -0.4318590760231018, 0.06003347411751747, -0.42784950137138367, -0.9018539786338806], "cam_t_m2c": [-382.7703552246094, 76.46773529052734, 277.43695068359375], "obj_id": 3}, {"cam_R_m2c": [0.09215088933706284, 0.8607698678970337, -0.5005832314491272, 0.9648433923721313, 0.04708185791969299, 0.2585742473602295, 0.24614131450653076, -0.5068122744560242, -0.826169490814209], "cam_t_m2c": [-220.07757568359375, 107.86507415771484, 181.9186248779297], "obj_id": 0}, {"cam_R_m2c": [-0.2605527639389038, -0.5311466455459595, 0.8062230348587036, 0.806147038936615, -0.5792003870010376, -0.12105400860309601, 0.5312620401382446, 0.6183933019638062, 0.579094409942627], "cam_t_m2c": [-184.3390655517578, 21.13176918029785, 414.5914611816406], "obj_id": 0}, {"cam_R_m2c": [0.743852436542511, -0.6605924963951111, -0.1014937087893486, 0.3273688554763794, 0.2277352213859558, 0.9170420169830322, -0.5826774835586548, -0.7153698205947876, 0.3856588900089264], "cam_t_m2c": [130.06968688964844, 191.2283935546875, 122.84396362304688], "obj_id": 3}, {"cam_R_m2c": [-0.31669744849205017, -0.7527171969413757, 0.5771650075912476, 0.8204566240310669, -0.522728681564331, -0.2315288633108139, 0.47597649693489075, 0.4002142548561096, 0.783118724822998], "cam_t_m2c": [-197.94078063964844, 98.64161682128906, 212.8283233642578], "obj_id": 0}, {"cam_R_m2c": [0.11536532640457153, 0.9669290781021118, 0.2274620085954666, 0.9863454699516296, -0.1386052966117859, 0.08894454687833786, 0.11753052473068237, 0.21409501135349274, -0.9697163105010986], "cam_t_m2c": [-36.331932067871094, 125.48384094238281, 377.39862060546875], "obj_id": 2}, {"cam_R_m2c": [-0.5188623070716858, -0.6759751439094543, 0.5232964158058167, -0.739178478717804, 0.6622623801231384, 0.12257078289985657, -0.4294143319129944, -0.3232121467590332, -0.843289315700531], "cam_t_m2c": [-70.44258880615234, 180.75372314453125, 218.91229248046875], "obj_id": 0}, {"cam_R_m2c": [0.11536611616611481, 0.5292561054229736, -0.8405821919441223, 0.9863454103469849, 0.039089322090148926, 0.1599830687046051, 0.1175297275185585, -0.8475610613822937, -0.5175197124481201], "cam_t_m2c": [51.855525970458984, 128.49913024902344, 399.38189697265625], "obj_id": 2}, {"cam_R_m2c": [0.1153668612241745, -0.9687348008155823, 0.21964383125305176, 0.9863455295562744, 0.08555814623832703, -0.14072072505950928, 0.11752873659133911, 0.23287922143936157, 0.9653778076171875], "cam_t_m2c": [-199.79855346679688, 147.77359008789062, 265.7165222167969], "obj_id": 2}],
  "2": [{"cam_R_m2c": [0.5096943974494934, -0.8567337989807129, 0.07885909825563431, -0.008560363203287125, 0.08660430461168289, 0.9962059259414673, -0.8603128790855408, -0.5084355473518372, 0.0368078239262104], "cam_t_m2c": [-260.5574645996094, 221.12054443359375, 62.175594329833984], "obj_id": 1}, {"cam_R_m2c": [-0.08548528701066971, 0.1597423106431961, -0.9834502935409546, 0.9882212281227112, 0.13934123516082764, -0.06326685100793839, 0.1269286870956421, -0.9772748947143555, -0.16977228224277496], "cam_t_m2c": [-237.96128845214844, 67.34329986572266, 278.99407958984375], "obj_id": 0}, {"cam_R_m2c": [-0.25194236636161804, -0.9235252737998962, -0.28918179869651794, 0.7072212100028992, 0.02826864644885063, -0.7064269185066223, 0.6605778932571411, -0.38249439001083374, 0.6460146307945251], "cam_t_m2c": [-141.1576385498047, 197.03305053710938, 59.23521041870117], "obj_id": 1}, {"cam_R_m2c": [-0.9862487316131592, -0.16479171812534332, 0.0125276492908597, -0.15397803485393524, 0.8887004256248474, -0.4318590760231018, 0.06003347411751747, -0.42784950137138367, -0.9018539786338806], "cam_t_m2c": [-382.7703552246094, 76.46773529052734, 277.43695068359375], "obj_id": 3}, {"cam_R_m2c": [0.09215088933706284, 0.8607698678970337, -0.5005832314491272, 0.9648433923721313, 0.04708185791969299, 0.2585742473602295, 0.24614131450653076, -0.5068122744560242, -0.826169490814209], "cam_t_m2c": [-220.07757568359375, 107.86507415771484, 181.9186248779297], "obj_id": 0}, {"cam_R_m2c": [-0.2605527639389038, -0.5311466455459595, 0.8062230348587036, 0.806147038936615, -0.5792003870010376, -0.12105400860309601, 0.5312620401382446, 0.6183933019638062, 0.579094409942627], "cam_t_m2c": [-184.3390655517578, 21.13176918029785, 414.5914611816406], "obj_id": 0}, {"cam_R_m2c": [0.743852436542511, -0.6605924963951111, -0.1014937087893486, 0.3273688554763794, 0.2277352213859558, 0.9170420169830322, -0.5826774835586548, -0.7153698205947876, 0.3856588900089264], "cam_t_m2c": [130.06968688964844, 191.2283935546875, 122.84396362304688], "obj_id": 3}, {"cam_R_m2c": [-0.31669744849205017, -0.7527171969413757, 0.5771650075912476, 0.8204566240310669, -0.522728681564331, -0.2315288633108139, 0.47597649693489075, 0.4002142548561096, 0.783118724822998], "cam_t_m2c": [-197.94078063964844, 98.64161682128906, 212.8283233642578], "obj_id": 0}, {"cam_R_m2c": [0.11536532640457153, 0.9669290781021118, 0.2274620085954666, 0.9863454699516296, -0.1386052966117859, 0.08894454687833786, 0.11753052473068237, 0.21409501135349274, -0.9697163105010986], "cam_t_m2c": [-36.331932067871094, 125.48384094238281, 377.39862060546875], "obj_id": 2}, {"cam_R_m2c": [-0.5188623070716858, -0.6759751439094543, 0.5232964158058167, -0.739178478717804, 0.6622623801231384, 0.12257078289985657, -0.4294143319129944, -0.3232121467590332, -0.843289315700531], "cam_t_m2c": [-70.44258880615234, 180.75372314453125, 218.91229248046875], "obj_id": 0}, {"cam_R_m2c": [0.11536611616611481, 0.5292561054229736, -0.8405821919441223, 0.9863454103469849, 0.039089322090148926, 0.1599830687046051, 0.1175297275185585, -0.8475610613822937, -0.5175197124481201], "cam_t_m2c": [51.855525970458984, 128.49913024902344, 399.38189697265625], "obj_id": 2}, {"cam_R_m2c": [0.1153668612241745, -0.9687348008155823, 0.21964383125305176, 0.9863455295562744, 0.08555814623832703, -0.14072072505950928, 0.11752873659133911, 0.23287922143936157, 0.9653778076171875], "cam_t_m2c": [-199.79855346679688, 147.77359008789062, 265.7165222167969], "obj_id": 2}],
  "3": [{"cam_R_m2c": [0.5096943974494934, -0.8567337989807129, 0.07885909825563431, -0.008560363203287125, 0.08660430461168289, 0.9962059259414673, -0.8603128790855408, -0.5084355473518372, 0.0368078239262104], "cam_t_m2c": [-260.5574645996094, 221.12054443359375, 62.175594329833984], "obj_id": 1}, {"cam_R_m2c": [-0.08548528701066971, 0.1597423106431961, -0.9834502935409546, 0.9882212281227112, 0.13934123516082764, -0.06326685100793839, 0.1269286870956421, -0.9772748947143555, -0.16977228224277496], "cam_t_m2c": [-237.96128845214844, 67.34329986572266, 278.99407958984375], "obj_id": 0}, {"cam_R_m2c": [-0.25194236636161804, -0.9235252737998962, -0.28918179869651794, 0.7072212100028992, 0.02826864644885063, -0.7064269185066223, 0.6605778932571411, -0.38249439001083374, 0.6460146307945251], "cam_t_m2c": [-141.1576385498047, 197.03305053710938, 59.23521041870117], "obj_id": 1}, {"cam_R_m2c": [-0.9862487316131592, -0.16479171812534332, 0.0125276492908597, -0.15397803485393524, 0.8887004256248474, -0.4318590760231018, 0.06003347411751747, -0.42784950137138367, -0.9018539786338806], "cam_t_m2c": [-382.7703552246094, 76.46773529052734, 277.43695068359375], "obj_id": 3}, {"cam_R_m2c": [0.09215088933706284, 0.8607698678970337, -0.5005832314491272, 0.9648433923721313, 0.04708185791969299, 0.2585742473602295, 0.24614131450653076, -0.5068122744560242, -0.826169490814209], "cam_t_m2c": [-220.07757568359375, 107.86507415771484, 181.9186248779297], "obj_id": 0}, {"cam_R_m2c": [-0.2605527639389038, -0.5311466455459595, 0.8062230348587036, 0.806147038936615, -0.5792003870010376, -0.12105400860309601, 0.5312620401382446, 0.6183933019638062, 0.579094409942627], "cam_t_m2c": [-184.3390655517578, 21.13176918029785, 414.5914611816406], "obj_id": 0}, {"cam_R_m2c": [0.743852436542511, -0.6605924963951111, -0.1014937087893486, 0.3273688554763794, 0.2277352213859558, 0.9170420169830322, -0.5826774835586548, -0.7153698205947876, 0.3856588900089264], "cam_t_m2c": [130.06968688964844, 191.2283935546875, 122.84396362304688], "obj_id": 3}, {"cam_R_m2c": [-0.31669744849205017, -0.7527171969413757, 0.5771650075912476, 0.8204566240310669, -0.522728681564331, -0.2315288633108139, 0.47597649693489075, 0.4002142548561096, 0.783118724822998], "cam_t_m2c": [-197.94078063964844, 98.64161682128906, 212.8283233642578], "obj_id": 0}, {"cam_R_m2c": [0.11536532640457153, 0.9669290781021118, 0.2274620085954666, 0.9863454699516296, -0.1386052966117859, 0.08894454687833786, 0.11753052473068237, 0.21409501135349274, -0.9697163105010986], "cam_t_m2c": [-36.331932067871094, 125.48384094238281, 377.39862060546875], "obj_id": 2}, {"cam_R_m2c": [-0.5188623070716858, -0.6759751439094543, 0.5232964158058167, -0.739178478717804, 0.6622623801231384, 0.12257078289985657, -0.4294143319129944, -0.3232121467590332, -0.843289315700531], "cam_t_m2c": [-70.44258880615234, 180.75372314453125, 218.91229248046875], "obj_id": 0}, {"cam_R_m2c": [0.11536611616611481, 0.5292561054229736, -0.8405821919441223, 0.9863454103469849, 0.039089322090148926, 0.1599830687046051, 0.1175297275185585, -0.8475610613822937, -0.5175197124481201], "cam_t_m2c": [51.855525970458984, 128.49913024902344, 399.38189697265625], "obj_id": 2}, {"cam_R_m2c": [0.1153668612241745, -0.9687348008155823, 0.21964383125305176, 0.9863455295562744, 0.08555814623832703, -0.14072072505950928, 0.11752873659133911, 0.23287922143936157, 0.9653778076171875], "cam_t_m2c": [-199.79855346679688, 147.77359008789062, 265.7165222167969], "obj_id": 2}],
  "4": [{"cam_R_m2c": [0.5096943974494934, -0.8567337989807129, 0.07885909825563431, -0.008560363203287125, 0.08660430461168289, 0.9962059259414673, -0.8603128790855408, -0.5084355473518372, 0.0368078239262104], "cam_t_m2c": [-260.5574645996094, 221.12054443359375, 62.175594329833984], "obj_id": 1}, {"cam_R_m2c": [-0.08548528701066971, 0.1597423106431961, -0.9834502935409546, 0.9882212281227112, 0.13934123516082764, -0.06326685100793839, 0.1269286870956421, -0.9772748947143555, -0.16977228224277496], "cam_t_m2c": [-237.96128845214844, 67.34329986572266, 278.99407958984375], "obj_id": 0}, {"cam_R_m2c": [-0.25194236636161804, -0.9235252737998962, -0.28918179869651794, 0.7072212100028992, 0.02826864644885063, -0.7064269185066223, 0.6605778932571411, -0.38249439001083374, 0.6460146307945251], "cam_t_m2c": [-141.1576385498047, 197.03305053710938, 59.23521041870117], "obj_id": 1}, {"cam_R_m2c": [-0.9862487316131592, -0.16479171812534332, 0.0125276492908597, -0.15397803485393524, 0.8887004256248474, -0.4318590760231018, 0.06003347411751747, -0.42784950137138367, -0.9018539786338806], "cam_t_m2c": [-382.7703552246094, 76.46773529052734, 277.43695068359375], "obj_id": 3}, {"cam_R_m2c": [0.09215088933706284, 0.8607698678970337, -0.5005832314491272, 0.9648433923721313, 0.04708185791969299, 0.2585742473602295, 0.24614131450653076, -0.5068122744560242, -0.826169490814209], "cam_t_m2c": [-220.07757568359375, 107.86507415771484, 181.9186248779297], "obj_id": 0}, {"cam_R_m2c": [-0.2605527639389038, -0.5311466455459595, 0.8062230348587036, 0.806147038936615, -0.5792003870010376, -0.12105400860309601, 0.5312620401382446, 0.6183933019638062, 0.579094409942627], "cam_t_m2c": [-184.3390655517578, 21.13176918029785, 414.5914611816406], "obj_id": 0}, {"cam_R_m2c": [0.743852436542511, -0.6605924963951111, -0.1014937087893486, 0.3273688554763794, 0.2277352213859558, 0.9170420169830322, -0.5826774835586548, -0.7153698205947876, 0.3856588900089264], "cam_t_m2c": [130.06968688964844, 191.2283935546875, 122.84396362304688], "obj_id": 3}, {"cam_R_m2c": [-0.31669744849205017, -0.7527171969413757, 0.5771650075912476, 0.8204566240310669, -0.522728681564331, -0.2315288633108139, 0.47597649693489075, 0.4002142548561096, 0.783118724822998], "cam_t_m2c": [-197.94078063964844, 98.64161682128906, 212.8283233642578], "obj_id": 0}, {"cam_R_m2c": [0.11536532640457153, 0.9669290781021118, 0.2274620085954666, 0.9863454699516296, -0.1386052966117859, 0.08894454687833786, 0.11753052473068237, 0.21409501135349274, -0.9697163105010986], "cam_t_m2c": [-36.331932067871094, 125.48384094238281, 377.39862060546875], "obj_id": 2}, {"cam_R_m2c": [-0.5188623070716858, -0.6759751439094543, 0.5232964158058167, -0.739178478717804, 0.6622623801231384, 0.12257078289985657, -0.4294143319129944, -0.3232121467590332, -0.843289315700531], "cam_t_m2c": [-70.44258880615234, 180.75372314453125, 218.91229248046875], "obj_id": 0}, {"cam_R_m2c": [0.11536611616611481, 0.5292561054229736, -0.8405821919441223, 0.9863454103469849, 0.039089322090148926, 0.1599830687046051, 0.1175297275185585, -0.8475610613822937, -0.5175197124481201], "cam_t_m2c": [51.855525970458984, 128.49913024902344, 399.38189697265625], "obj_id": 2}, {"cam_R_m2c": [0.1153668612241745, -0.9687348008155823, 0.21964383125305176, 0.9863455295562744, 0.08555814623832703, -0.14072072505950928, 0.11752873659133911, 0.23287922143936157, 0.9653778076171875], "cam_t_m2c": [-199.79855346679688, 147.77359008789062, 265.7165222167969], "obj_id": 2}]
}