{
  "0": [{"cam_R_m2c": [-0.26871731877326965, -0.19936439394950867, -0.9423612356185913, -0.5360373258590698, -0.78190016746521, 0.3182702958583832, -0.8002842664718628, 0.5906655788421631, 0.10324345529079437], "cam_t_m2c": [109.32490539550781, -59.57778549194336, 1218.5904541015625], "obj_id": 1}, {"cam_R_m2c": [0.14271090924739838, 0.3515077829360962, 0.9252436757087708, 0.5731725692749023, -0.7914618849754333, 0.21227607131004333, 0.8069118857383728, 0.5000301599502563, -0.3144247829914093], "cam_t_m2c": [125.51985931396484, 278.4183044433594, 1040.7698974609375], "obj_id": 2}, {"cam_R_m2c": [0.142710879445076, 0.7728214263916016, -0.6183692812919617, 0.5731725096702576, 0.44481369853019714, 0.6881961822509766, 0.8069118857383728, -0.45264533162117004, -0.3794802129268646], "cam_t_m2c": [151.8350830078125, -66.25057983398438, 1280.9437255859375], "obj_id": 2}, {"cam_R_m2c": [0.03877783939242363, -0.6053691506385803, -0.7949995994567871, 0.5113971829414368, 0.6955335140228271, -0.5046840906143188, 0.8584690093994141, -0.3869900405406952, 0.3365553915500641], "cam_t_m2c": [335.45440673828125, 64.77784729003906, 1127.7366943359375], "obj_id": 1}, {"cam_R_m2c": [0.6033372282981873, 0.7654240727424622, -0.2238529622554779, 0.49782660603523254, -0.5807775855064392, -0.6441008448600769, -0.6230190992355347, 0.2771700322628021, -0.7314531803131104], "cam_t_m2c": [415.1881408691406, -45.50007629394531, 1106.99267578125], "obj_id": 1}, {"cam_R_m2c": [0.01378614641726017, 0.9905292391777039, -0.1366087794303894, -0.5966657996177673, -0.10148249566555023, -0.7960473895072937, -0.8023715615272522, 0.09248428046703339, 0.5896157026290894], "cam_t_m2c": [223.07981872558594, -131.63311767578125, 1238.4384765625], "obj_id": 2}, {"cam_R_m2c": [-0.07288546860218048, -0.9777064323425293, 0.19692093133926392, -0.22617822885513306, 0.20850542187690735, 0.9515087604522705, -0.9713553190231323, 0.02481193281710148, -0.23633292317390442], "cam_t_m2c": [332.52178955078125, 123.45523834228516, 1066.842041015625], "obj_id": 1}, {"cam_R_m2c": [0.6940051317214966, 0.680259644985199, 0.23580439388751984, -0.6901903748512268, 0.5353825688362122, 0.4868292808532715, 0.20492474734783173, -0.5006119012832642, 0.8410668969154358], "cam_t_m2c": [164.712158203125, 455.3437805175781, 1136.778564453125], "obj_id": 3}, {"cam_R_m2c": [0.5548993349075317, 0.7624675631523132, -0.3327609896659851, 0.7705581784248352, -0.621832013130188, -0.13987405598163605, -0.31357091665267944, -0.1787957102060318, -0.9325798153877258], "cam_t_m2c": [78.65913391113281, 51.357051849365234, 1104.8643798828125], "obj_id": 1}, {"cam_R_m2c": [-0.039371736347675323, 0.9479309916496277, 0.3160325586795807, 0.4042506515979767, -0.2741282880306244, 0.8726024627685547, 0.9138004183769226, 0.1621122807264328, -0.37240880727767944], "cam_t_m2c": [807.6106567382812, 25.227182388305664, 1098.6168212890625], "obj_id": 3}, {"cam_R_m2c": [-0.3920558989048004, 0.6098337173461914, 0.6887630224227905, -0.4698483645915985, 0.5109492540359497, -0.7198424935340881, -0.7909072041511536, -0.6058329343795776, 0.08620888739824295], "cam_t_m2c": [234.72055053710938, 57.43037414550781, 1085.284912109375], "obj_id": 3}],
  "1": [{"cam_R_m2c": [-0.26871731877326965, -0.19936439394950867, -0.9423612356185913, -0.5360373258590698, -0.78190016746521, 0.3182702958583832, -0.8002842664718628, 0.5906655788421631, 0.10324345529079437], "cam_t_m2c": [109.32490539550781, -59.57778549194336, 1218.5904541015625], "obj_id": 1}, {"cam_R_m2c": [0.14271090924739838, 0.3515077829360962, 0.9252436757087708, 0.5731725692749023, -0.7914618849754333, 0.21227607131004333, 0.8069118857383728, 0.5000301599502563, -0.3144247829914093], "cam_t_m2c": [125.51985931396484, 278.4183044433594, 1040.7698974609375], "obj_id": 2}, {"cam_R_m2c": [0.142710879445076, 0.7728214263916016, -0.6183692812919617, 0.5731725096702576, 0.44481369853019714, 0.6881961822509766, 0.8069118857383728, -0.45264533162117004, -0.3794802129268646], "cam_t_m2c": [151.8350830078125, -66.25057983398438, 1280.9437255859375], "obj_id": 2}, {"cam_R_m2c": [0.03877783939242363, -0.6053691506385803, -0.7949995994567871, 0.5113971829414368, 0.6955335140228271, -0.5046840906143188, 0.8584690093994141, -0.3869900405406952, 0.3365553915500641], "cam_t_m2c": [335.45440673828125, 64.77784729003906, 1127.7366943359375], "obj_id": 1}, {"cam_R_m2c": [0.6033372282981873, 0.7654240727424622, -0.2238529622554779, 0.49782660603523254, -0.5807775855064392, -0.6441008448600769, -0.6230190992355347, 0.2771700322628021, -0.7314531803131104], "cam_t_m2c": [415.1881408691406, -45.50007629394531, 1106.99267578125], "obj_id": 1}, {"cam_R_m2c": [0.01378614641726017, 0.9905292391777039, -0.1366087794303894, -0.5966657996177673, -0.10148249566555023, -0.7960473895072937, -0.8023715615272522, 0.09248428046703339, 0.5896157026290894], "cam_t_m2c": [223.07981872558594, -131.63311767578125, 1238.4384765625], "obj_id": 2}, {"cam_R_m2c": [-0.07288546860218048, -0.9777064323425293, 0.19692093133926392, -0.22617822885513306, 0.20850542187690735, 0.9515087604522705, -0.9713553190231323, 0.02481193281710148, -0.23633292317390442], "cam_t_m2c": [332.52178955078125, 123.45523834228516, 1066.842041015625], "obj_id": 1}, {"cam_R_m2c": [0.6940051317214966, 0.680259644985199, 0.23580439388751984, -0.6901903748512268, 0.5353825688362122, 0.4868292808532715, 0.20492474734783173, -0.5006119012832642, 0.8410668969154358], "cam_t_m2c": [164.712158203125, 455.3437805175781, 1136.778564453125], "obj_id": 3}, {"cam_R_m2c": [0.5548993349075317, 0.7624675631523132, -0.3327609896659851, 0.7705581784248352, -0.621832013130188, -0.13987405598163605, -0.31357091665267944, -0.1787957102060318, -0.9325798153877258], "cam_t_m2c": [78.65913391113281, 51.357051849365234, 1104.8643798828125], "obj_id": 1}, {"cam_R_m2c": [-0.039371736347675323, 0.9479309916496277, 0.3160325586795807, 0.4042506515979767, -0.2741282880306244, 0.8726024627685547, 0.9138004183769226, 0.1621122807264328, -0.37240880727767944], "cam_t_m2c": [807.6106567382812, 25.227182388305664, 1098.6168212890625], "obj_id": 3}, {"cam_R_m2c": [-0.3920558989048004, 0.6098337173461914, 0.6887630224227905, -0.4698483645915985, 0.5109492540359497, -0.7198424935340881, -0.7909072041511536, -0.6058329343795776, 0.08620888739824295], "cam_t_m2c": [234.72055053710938, 57.43037414550781, 1085.284912109375], "obj_id": 3}],
  "2": [{"cam_R_m2c": [-0.26871731877326965, -0.19936439394950867, -0.9423612356185913, -0.5360373258590698, -0.78190016746521, 0.3182702958583832, -0.8002842664718628, 0.5906655788421631, 0.10324345529079437], "cam_t_m2c": [109.32490539550781, -59.57778549194336, 1218.5904541015625], "obj_id": 1}, {"cam_R_m2c": [0.14271090924739838, 0.3515077829360962, 0.9252436757087708, 0.5731725692749023, -0.7914618849754333, 0.21227607131004333, 0.8069118857383728, 0.5000301599502563, -0.3144247829914093], "cam_t_m2c": [125.51985931396484, 278.4183044433594, 1040.7698974609375], "obj_id": 2}, {"cam_R_m2c": [0.142710879445076, 0.7728214263916016, -0.6183692812919617, 0.5731725096702576, 0.44481369853019714, 0.6881961822509766, 0.8069118857383728, -0.45264533162117004, -0.3794802129268646], "cam_t_m2c": [151.8350830078125, -66.25057983398438, 1280.9437255859375], "obj_id": 2}, {"cam_R_m2c": [0.03877783939242363, -0.6053691506385803, -0.7949995994567871, 0.5113971829414368, 0.6955335140228271, -0.5046840906143188, 0.8584690093994141, -0.3869900405406952, 0.3365553915500641], "cam_t_m2c": [335.45440673828125, 64.77784729003906, 1127.7366943359375], "obj_id": 1}, {"cam_R_m2c": [0.6033372282981873, 0.7654240727424622, -0.2238529622554779, 0.49782660603523254, -0.5807775855064392, -0.6441008448600769, -0.6230190992355347, 0.2771700322628021, -0.7314531803131104], "cam_t_m2c": [415.1881408691406, -45.50007629394531, 1106.99267578125], "obj_id": 1}, {"cam_R_m2c": [0.01378614641726017, 0.9905292391777039, -0.1366087794303894, -0.5966657996177673, -0.10148249566555023, -0.7960473895072937, -0.8023715615272522, 0.09248428046703339, 0.5896157026290894], "cam_t_m2c": [223.07981872558594, -131.63311767578125, 1238.4384765625], "obj_id": 2}, {"cam_R_m2c": [-0.07288546860218048, -0.9777064323425293, 0.19692093133926392, -0.22617822885513306, 0.20850542187690735, 0.9515087604522705, -0.9713553190231323, 0.02481193281710148, -0.23633292317390442], "cam_t_m2c": [332.52178955078125, 123.45523834228516, 1066.842041015625], "obj_id": 1}, {"cam_R_m2c": [0.6940051317214966, 0.680259644985199, 0.23580439388751984, -0.6901903748512268, 0.5353825688362122, 0.4868292808532715, 0.20492474734783173, -0.5006119012832642, 0.8410668969154358], "cam_t_m2c": [164.712158203125, 455.3437805175781, 1136.778564453125], "obj_id": 3}, {"cam_R_m2c": [0.5548993349075317, 0.7624675631523132, -0.3327609896659851, 0.7705581784248352, -0.621832013130188, -0.13987405598163605, -0.31357091665267944, -0.1787957102060318, -0.9325798153877258], "cam_t_m2c": [78.65913391113281, 51.357051849365234, 1104.8643798828125], "obj_id": 1}, {"cam_R_m2c": [-0.039371736347675323, 0.9479309916496277, 0.3160325586795807, 0.4042506515979767, -0.2741282880306244, 0.8726024627685547, 0.9138004183769226, 0.1621122807264328, -0.37240880727767944], "cam_t_m2c": [807.6106567382812, 25.227182388305664, 1098.6168212890625], "obj_id": 3}, {"cam_R_m2c": [-0.3920558989048004, 0.6098337173461914, 0.6887630224227905, -0.4698483645915985, 0.5109492540359497, -0.7198424935340881, -0.7909072041511536, -0.6058329343795776, 0.08620888739824295], "cam_t_m2c": [234.72055053710938, 57.43037414550781, 1085.284912109375], "obj_id": 3}],
  "3": [{"cam_R_m2c": [-0.26871731877326965, -0.19936439394950867, -0.9423612356185913, -0.5360373258590698, -0.78190016746521, 0.3182702958583832, -0.8002842664718628, 0.5906655788421631, 0.10324345529079437], "cam_t_m2c": [109.32490539550781, -59.57778549194336, 1218.5904541015625], "obj_id": 1}, {"cam_R_m2c": [0.14271090924739838, 0.3515077829360962, 0.9252436757087708, 0.5731725692749023, -0.7914618849754333, 0.21227607131004333, 0.8069118857383728, 0.5000301599502563, -0.3144247829914093], "cam_t_m2c": [125.51985931396484, 278.4183044433594, 1040.7698974609375], "obj_id": 2}, {"cam_R_m2c": [0.142710879445076, 0.7728214263916016, -0.6183692812919617, 0.5731725096702576, 0.44481369853019714, 0.6881961822509766, 0.8069118857383728, -0.45264533162117004, -0.3794802129268646], "cam_t_m2c": [151.8350830078125, -66.25057983398438, 1280.9437255859375], "obj_id": 2}, {"cam_R_m2c": [0.03877783939242363, -0.6053691506385803, -0.7949995994567871, 0.5113971829414368, 0.6955335140228271, -0.5046840906143188, 0.8584690093994141, -0.3869900405406952, 0.3365553915500641], "cam_t_m2c": [335.45440673828125, 64.77784729003906, 1127.7366943359375], "obj_id": 1}, {"cam_R_m2c": [0.6033372282981873, 0.7654240727424622, -0.2238529622554779, 0.49782660603523254, -0.5807775855064392, -0.6441008448600769, -0.6230190992355347, 0.2771700322628021, -0.7314531803131104], "cam_t_m2c": [415.1881408691406, -45.50007629394531, 1106.99267578125], "obj_id": 1}, {"cam_R_m2c": [0.01378614641726017, 0.9905292391777039, -0.1366087794303894, -0.5966657996177673, -0.10148249566555023, -0.7960473895072937, -0.8023715615272522, 0.09248428046703339, 0.5896157026290894], "cam_t_m2c": [223.07981872558594, -131.63311767578125, 1238.4384765625], "obj_id": 2}, {"cam_R_m2c": [-0.07288546860218048, -0.9777064323425293, 0.19692093133926392, -0.22617822885513306, 0.20850542187690735, 0.9515087604522705, -0.9713553190231323, 0.02481193281710148, -0.23633292317390442], "cam_t_m2c": [332.52178955078125, 123.45523834228516, 1066.842041015625], "obj_id": 1}, {"cam_R_m2c": [0.6940051317214966, 0.680259644985199, 0.23580439388751984, -0.6901903748512268, 0.5353825688362122, 0.4868292808532715, 0.20492474734783173, -0.5006119012832642, 0.8410668969154358], "cam_t_m2c": [164.712158203125, 455.3437805175781, 1136.778564453125], "obj_id": 3}, {"cam_R_m2c": [0.5548993349075317, 0.7624675631523132, -0.3327609896659851, 0.7705581784248352, -0.621832013130188, -0.13987405598163605, -0.31357091665267944, -0.1787957102060318, -0.9325798153877258], "cam_t_m2c": [78.65913391113281, 51.357051849365234, 1104.8643798828125], "obj_id": 1}, {"cam_R_m2c": [-0.039371736347675323, 0.9479309916496277, 0.3160325586795807, 0.4042506515979767, -0.2741282880306244, 0.8726024627685547, 0.9138004183769226, 0.1621122807264328, -0.37240880727767944], "cam_t_m2c": [807.6106567382812, 25.227182388305664, 1098.6168212890625], "obj_id": 3}, {"cam_R_m2c": [-0.3920558989048004, 0.6098337173461914, 0.6887630224227905, -0.4698483645915985, 0.5109492540359497, -0.7198424935340881, -0.7909072041511536, -0.6058329343795776, 0.08620888739824295], "cam_t_m2c": [234.72055053710938, 57.43037414550781, 1085.284912109375], "obj_id": 3}],
  "4": [{"cam_R_m2c": [-0.26871731877326965, -0.19936439394950867, -0.9423612356185913, -0.5360373258590698, -0.78190016746521, 0.3182702958583832, -0.8002842664718628, 0.5906655788421631, 0.10324345529079437], "cam_t_m2c": [109.32490539550781, -59.57778549194336, 1218.5904541015625], "obj_id": 1}, {"cam_R_m2c": [0.14271090924739838, 0.3515077829360962, 0.9252436757087708, 0.5731725692749023, -0.7914618849754333, 0.21227607131004333, 0.8069118857383728, 0.5000301599502563, -0.3144247829914093], "cam_t_m2c": [125.51985931396484, 278.4183044433594, 1040.7698974609375], "obj_id": 2}, {"cam_R_m2c": [0.142710879445076, 0.7728214263916016, -0.6183692812919617, 0.5731725096702576, 0.44481369853019714, 0.6881961822509766, 0.8069118857383728, -0.45264533162117004, -0.3794802129268646], "cam_t_m2c": [151.8350830078125, -66.25057983398438, 1280.9437255859375], "obj_id": 2}, {"cam_R_m2c": [0.03877783939242363, -0.6053691506385803, -0.7949995994567871, 0.5113971829414368, 0.6955335140228271, -0.5046840906143188, 0.8584690093994141, -0.3869900405406952, 0.3365553915500641], "cam_t_m2c": [335.45440673828125, 64.77784729003906, 1127.7366943359375], "obj_id": 1}, {"cam_R_m2c": [0.6033372282981873, 0.7654240727424622, -0.2238529622554779, 0.49782660603523254, -0.5807775855064392, -0.6441008448600769, -0.6230190992355347, 0.2771700322628021, -0.7314531803131104], "cam_t_m2c": [415.1881408691406, -45.50007629394531, 1106.99267578125], "obj_id": 1}, {"cam_R_m2c": [0.01378614641726017, 0.9905292391777039, -0.1366087794303894, -0.5966657996177673, -0.10148249566555023, -0.7960473895072937, -0.8023715615272522, 0.09248428046703339, 0.5896157026290894], "cam_t_m2c": [223.07981872558594, -131.63311767578125, 1238.4384765625], "obj_id": 2}, {"cam_R_m2c": [-0.07288546860218048, -0.9777064323425293, 0.19692093133926392, -0.22617822885513306, 0.20850542187690735, 0.9515087604522705, -0.9713553190231323, 0.02481193281710148, -0.23633292317390442], "cam_t_m2c": [332.52178955078125, 123.45523834228516, 1066.842041015625], "obj_id": 1}, {"cam_R_m2c": [0.6940051317214966, 0.680259644985199, 0.23580439388751984, -0.6901903748512268, 0.5353825688362122, 0.4868292808532715, 0.20492474734783173, -0.5006119012832642, 0.8410668969154358], "cam_t_m2c": [164.712158203125, 455.3437805175781, 1136.778564453125], "obj_id": 3}, {"cam_R_m2c": [0.5548993349075317, 0.7624675631523132, -0.3327609896659851, 0.7705581784248352, -0.621832013130188, -0.13987405598163605, -0.31357091665267944, -0.1787957102060318, -0.9325798153877258], "cam_t_m2c": [78.65913391113281, 51.357051849365234, 1104.8643798828125], "obj_id": 1}, {"cam_R_m2c": [-0.039371736347675323, 0.9479309916496277, 0.3160325586795807, 0.4042506515979767, -0.2741282880306244, 0.8726024627685547, 0.9138004183769226, 0.1621122807264328, -0.37240880727767944], "cam_t_m2c": [807.6106567382812, 25.227182388305664, 1098.6168212890625], "obj_id": 3}, {"cam_R_m2c": [-0.3920558989048004, 0.6098337173461914, 0.6887630224227905, -0.4698483645915985, 0.5109492540359497, -0.7198424935340881, -0.7909072041511536, -0.6058329343795776, 0.08620888739824295], "cam_t_m2c": [234.72055053710938, 57.43037414550781, 1085.284912109375], "obj_id": 3}]
}