{
  "0": [{"cam_R_m2c": [0.9079430103302002, -0.18111185729503632, -0.3779391944408417, -0.41907474398612976, -0.38376858830451965, -0.8228597044944763, 0.003988480195403099, 0.9054945111274719, -0.4243393838405609], "cam_t_m2c": [-30.894811630249023, -59.36919403076172, 417.2608337402344], "obj_id": 0}, {"cam_R_m2c": [0.9079430103302002, -0.18111185729503632, -0.3779391944408417, -0.41907474398612976, -0.38376858830451965, -0.8228597044944763, 0.003988480195403099, 0.9054945111274719, -0.4243393838405609], "cam_t_m2c": [-30.894811630249023, -59.36919403076172, 417.2608337402344], "obj_id": 0}, {"cam_R_m2c": [0.9079430103302002, -0.18111185729503632, -0.3779391944408417, -0.41907474398612976, -0.38376858830451965, -0.8228597044944763, 0.003988480195403099, 0.9054945111274719, -0.4243393838405609], "cam_t_m2c": [-30.894811630249023, -59.36919403076172, 417.2608337402344], "obj_id": 2}, {"cam_R_m2c": [0.9079430103302002, -0.18111185729503632, -0.3779391944408417, -0.41907474398612976, -0.38376858830451965, -0.8228597044944763, 0.003988480195403099, 0.9054945111274719, -0.4243393838405609], "cam_t_m2c": [-30.894811630249023, -59.36919403076172, 417.2608337402344], "obj_id": 3}, {"cam_R_m2c": [0.9079430103302002, -0.18111185729503632, -0.3779391944408417, -0.41907474398612976, -0.38376858830451965, -0.8228597044944763, 0.003988480195403099, 0.9054945111274719, -0.4243393838405609], "cam_t_m2c": [-30.894811630249023, -59.36919403076172, 417.2608337402344], "obj_id": 0}, {"cam_R_m2c": [0.9079430103302002, -0.18111185729503632, -0.3779391944408417, -0.41907474398612976, -0.38376858830451965, -0.8228597044944763, 0.003988480195403099, 0.9054945111274719, -0.4243393838405609], "cam_t_m2c": [-30.894811630249023, -59.36919403076172, 417.2608337402344], "obj_id": 1}, {"cam_R_m2c": [0.9079430103302002, -0.18111185729503632, -0.3779391944408417, -0.41907474398612976, -0.38376858830451965, -0.8228597044944763, 0.003988480195403099, 0.9054945111274719, -0.4243393838405609], "cam_t_m2c": [-30.894811630249023, -59.36919403076172, 417.2608337402344], "obj_id": 2}, {"cam_R_m2c": [0.9079430103302002, -0.18111185729503632, -0.3779391944408417, -0.41907474398612976, -0.38376858830451965, -0.8228597044944763, 0.003988480195403099, 0.9054945111274719, -0.4243393838405609], "cam_t_m2c": [-30.894811630249023, -59.36919403076172, 417.2608337402344], "obj_id": 0}, {"cam_R_m2c": [0.9079430103302002, -0.18111185729503632, -0.3779391944408417, -0.41907474398612976, -0.38376858830451965, -0.8228597044944763, 0.003988480195403099, 0.9054945111274719, -0.4243393838405609], "cam_t_m2c": [-30.894811630249023, -59.36919403076172, 417.2608337402344], "obj_id": 2}, {"cam_R_m2c": [0.9079430103302002, -0.18111185729503632, -0.3779391944408417, -0.41907474398612976, -0.38376858830451965, -0.8228597044944763, 0.003988480195403099, 0.9054945111274719, -0.4243393838405609], "cam_t_m2c": [-30.894811630249023, -59.36919403076172, 417.2608337402344], "obj_id": 1}, {"cam_R_m2c": [0.9079430103302002, -0.18111185729503632, -0.3779391944408417, -0.41907474398612976, -0.38376858830451965, -0.8228597044944763, 0.003988480195403099, 0.9054945111274719, -0.4243393838405609], "cam_t_m2c": [-30.894811630249023, -59.36919403076172, 417.2608337402344], "obj_id": 1}, {"cam_R_m2c": [0.9079430103302002, -0.18111185729503632, -0.3779391944408417, -0.41907474398612976, -0.38376858830451965, -0.8228597044944763, 0.003988480195403099, 0.9054945111274719, -0.4243393838405609], "cam_t_m2c": [-30.894811630249023, -59.36919403076172, 417.2608337402344], "obj_id": 1}, {"cam_R_m2c": [0.9079430103302002, -0.18111185729503632, -0.3779391944408417, -0.41907474398612976, -0.38376858830451965, -0.8228597044944763, 0.003988480195403099, 0.9054945111274719, -0.4243393838405609], "cam_t_m2c": [-30.894811630249023, -59.36919403076172, 417.2608337402344], "obj_id": 0}, {"cam_R_m2c": [0.9079430103302002, -0.18111185729503632, -0.3779391944408417, -0.41907474398612976, -0.38376858830451965, -0.8228597044944763, 0.003988480195403099, 0.9054945111274719, -0.4243393838405609], "cam_t_m2c": [-30.894811630249023, -59.36919403076172, 417.2608337402344], "obj_id": 3}, {"cam_R_m2c": [0.9079430103302002, -0.18111185729503632, -0.3779391944408417, -0.41907474398612976, -0.38376858830451965, -0.8228597044944763, 0.003988480195403099, 0.9054945111274719, -0.4243393838405609], "cam_t_m2c": [-30.894811630249023, -59.36919403076172, 417.2608337402344], "obj_id": 1}, {"cam_R_m2c": [0.9079430103302002, -0.18111185729503632, -0.3779391944408417, -0.41907474398612976, -0.38376858830451965, -0.8228597044944763, 0.003988480195403099, 0.9054945111274719, -0.4243393838405609], "cam_t_m2c": [-30.894811630249023, -59.36919403076172, 417.2608337402344], "obj_id": 2}, {"cam_R_m2c": [0.9079430103302002, -0.18111185729503632, -0.3779391944408417, -0.41907474398612976, -0.38376858830451965, -0.8228597044944763, 0.003988480195403099, 0.9054945111274719, -0.4243393838405609], "cam_t_m2c": [-30.894811630249023, -59.36919403076172, 417.2608337402344], "obj_id": 3}, {"cam_R_m2c": [0.9079430103302002, -0.18111185729503632, -0.3779391944408417, -0.41907474398612976, -0.38376858830451965, -0.8228597044944763, 0.003988480195403099, 0.9054945111274719, -0.4243393838405609], "cam_t_m2c": [-30.894811630249023, -59.36919403076172, 417.2608337402344], "obj_id": 0}, {"cam_R_m2c": [0.9079430103302002, -0.18111185729503632, -0.3779391944408417, -0.41907474398612976, -0.38376858830451965, -0.8228597044944763, 0.003988480195403099, 0.9054945111274719, -0.4243393838405609], "cam_t_m2c": [-30.894811630249023, -59.36919403076172, 417.2608337402344], "obj_id": 1}, {"cam_R_m2c": [0.9079430103302002, -0.18111185729503632, -0.3779391944408417, -0.41907474398612976, -0.38376858830451965, -0.8228597044944763, 0.003988480195403099, 0.9054945111274719, -0.4243393838405609], "cam_t_m2c": [-30.894811630249023, -59.36919403076172, 417.2608337402344], "obj_id": 1}, {"cam_R_m2c": [0.9079430103302002, -0.18111185729503632, -0.3779391944408417, -0.41907474398612976, -0.38376858830451965, -0.8228597044944763, 0.003988480195403099, 0.9054945111274719, -0.4243393838405609], "cam_t_m2c": [-30.894811630249023, -59.36919403076172, 417.2608337402344], "obj_id": 0}, {"cam_R_m2c": [0.9079430103302002, -0.18111185729503632, -0.3779391944408417, -0.41907474398612976, -0.38376858830451965, -0.8228597044944763, 0.003988480195403099, 0.9054945111274719, -0.4243393838405609], "cam_t_m2c": [-30.894811630249023, -59.36919403076172, 417.2608337402344], "obj_id": 0}, {"cam_R_m2c": [0.9079430103302002, -0.18111185729503632, -0.3779391944408417, -0.41907474398612976, -0.38376858830451965, -0.8228597044944763, 0.003988480195403099, 0.9054945111274719, -0.4243393838405609], "cam_t_m2c": [-30.894811630249023, -59.36919403076172, 417.2608337402344], "obj_id": 3}, {"cam_R_m2c": [0.9079430103302002, -0.18111185729503632, -0.3779391944408417, -0.41907474398612976, -0.38376858830451965, -0.8228597044944763, 0.003988480195403099, 0.9054945111274719, -0.4243393838405609], "cam_t_m2c": [-30.894811630249023, -59.36919403076172, 417.2608337402344], "obj_id": 3}, {"cam_R_m2c": [-0.35048291087150574, 0.14280591905117035, 0.9256176352500916, -0.6292121410369873, 0.696144163608551, -0.3456520736217499, -0.6937244534492493, -0.7035550475120544, -0.15413138270378113], "cam_t_m2c": [326.57177734375, -310.16644287109375, 602.1259155273438], "obj_id": 0}, {"cam_R_m2c": [0.8670727014541626, -0.31079375743865967, 0.3893483877182007, -0.4752368628978729, -0.7504676580429077, 0.45929116010665894, 0.14944852888584137, -0.5832715034484863, -0.7984107136726379], "cam_t_m2c": [-18.328214645385742, -80.6646499633789, 411.9511413574219], "obj_id": 3}, {"cam_R_m2c": [-0.6897764801979065, -0.6285905838012695, -0.35928013920783997, -0.05538736656308174, 0.5405862927436829, -0.8394633531570435, 0.7219006419181824, -0.559142529964447, -0.4076996445655823], "cam_t_m2c": [47.699527740478516, -169.31898498535156, 526.3903198242188], "obj_id": 3}, {"cam_R_m2c": [-0.8118768334388733, -0.568656861782074, -0.13223221898078918, -0.4321546256542206, 0.43305274844169617, 0.7910168766975403, -0.3925536572933197, 0.699353039264679, -0.5973331928253174], "cam_t_m2c": [22.067289352416992, -13.523674011230469, 218.31915283203125], "obj_id": 3}, {"cam_R_m2c": [-0.33257049322128296, -0.8909801840782166, 0.30911344289779663, 0.7192891240119934, -0.45162534713745117, -0.5278803110122681, 0.609934389591217, 0.04678451642394066, 0.7910696864128113], "cam_t_m2c": [2850.771484375, 6369.94091796875, 3506.242919921875], "obj_id": 2}]
}