{
  "0": [{"cam_R_m2c": [-0.638708770275116, -0.09614017605781555, 0.7634186148643494, 0.6593134999275208, 0.4431188702583313, 0.607413649559021, -0.3966820240020752, 0.8912926912307739, -0.21963736414909363], "cam_t_m2c": [-82.21318054199219, 17.53749656677246, 191.12135314941406], "obj_id": 3}, {"cam_R_m2c": [-0.08874712884426117, -0.2343086153268814, 0.9681029915809631, 0.18829621374607086, -0.9583595395088196, -0.21468909084796906, 0.9780942797660828, 0.1632370799779892, 0.12917113304138184], "cam_t_m2c": [64.15666961669922, -187.0130615234375, 287.531005859375], "obj_id": 0}, {"cam_R_m2c": [-0.10280356556177139, -0.29861775040626526, 0.948819637298584, 0.22283728420734406, -0.9365434050559998, -0.27060994505882263, 0.9694198369979858, 0.18361271917819977, 0.16282330453395844], "cam_t_m2c": [72.12751770019531, -166.5093994140625, 353.6437072753906], "obj_id": 2}, {"cam_R_m2c": [0.880361020565033, 0.47028201818466187, 0.061638183891773224, 0.406406044960022, -0.6809367537498474, -0.6092284321784973, -0.24453745782375336, 0.5613911151885986, -0.7905956506729126], "cam_t_m2c": [-136.39756774902344, 88.03433990478516, 182.6990509033203], "obj_id": 3}, {"cam_R_m2c": [0.12158051133155823, 0.47980546951293945, -0.8689101338386536, 0.682624876499176, 0.595098614692688, 0.42412373423576355, 0.7205840945243835, -0.6447048783302307, -0.25517475605010986], "cam_t_m2c": [-54.23015594482422, -13.595067024230957, 199.3291015625], "obj_id": 0}, {"cam_R_m2c": [0.35348838567733765, 0.8140162825584412, -0.46089398860931396, -0.01540962141007185, 0.4977039098739624, 0.8672100305557251, 0.9353119134902954, -0.2994464039802551, 0.18847627937793732], "cam_t_m2c": [10.032665252685547, -142.1803741455078, 365.2366943359375], "obj_id": 1}, {"cam_R_m2c": [0.24280203878879547, 0.6986894011497498, 0.6729637384414673, -0.29768550395965576, 0.7139160633087158, -0.6338037252426147, -0.9232715964317322, -0.046442750841379166, 0.3813300132751465], "cam_t_m2c": [73.7783432006836, -18.718730926513672, 275.339599609375], "obj_id": 0}, {"cam_R_m2c": [-8.588131095166318e-06, 0.21484509110450745, -0.9766480326652527, 0.5155382752418518, 0.8368580341339111, 0.18408918380737305, 0.8568664193153381, -0.5034978985786438, -0.11076804995536804], "cam_t_m2c": [-183.74642944335938, 136.33697509765625, 184.75865173339844], "obj_id": 2}, {"cam_R_m2c": [-0.9127305746078491, -0.25136956572532654, -0.3220812976360321, 0.35020676255226135, -0.8873701691627502, -0.29988253116607666, -0.21042397618293762, -0.38650697469711304, 0.8979610800743103], "cam_t_m2c": [-110.17439270019531, 16.031635284423828, 218.06332397460938], "obj_id": 3}, {"cam_R_m2c": [0.9850807785987854, -0.15613366663455963, -0.07237520813941956, -0.14750199019908905, -0.5493765473365784, -0.8224526643753052, 0.08865130692720413, 0.8208577632904053, -0.5642102956771851], "cam_t_m2c": [-133.8923797607422, 137.92153930664062, 145.85169982910156], "obj_id": 3}, {"cam_R_m2c": [0.5899899005889893, -0.2519282400608063, -0.7671010494232178, 0.540246307849884, 0.8292370438575745, 0.14317750930786133, 0.6000381708145142, -0.4988968074321747, 0.6253448128700256], "cam_t_m2c": [-304.2752990722656, -125.62043762207031, 355.31805419921875], "obj_id": 1}, {"cam_R_m2c": [-0.207583487033844, -0.8192110657691956, 0.5346046090126038, 0.38722243905067444, -0.570682942867279, -0.724140465259552, 0.8983137607574463, 0.0566912479698658, 0.43568146228790283], "cam_t_m2c": [-164.0869903564453, 134.16326904296875, 110.42970275878906], "obj_id": 0}, {"cam_R_m2c": [-0.25963881611824036, -0.8949484825134277, -0.36284270882606506, 0.5817462205886841, 0.154954731464386, -0.7984737157821655, 0.7708170413970947, -0.4183971881866455, 0.4804006814956665], "cam_t_m2c": [-167.49618530273438, -92.5537109375, 311.3304138183594], "obj_id": 2}, {"cam_R_m2c": [0.021518176421523094, 0.06192103400826454, 0.9978489875793457, -0.20630471408367157, 0.9768742322921753, -0.056170590221881866, -0.9782510995864868, -0.20465227961540222, 0.033795155584812164], "cam_t_m2c": [106.85124969482422, -21.650165557861328, 277.10321044921875], "obj_id": 0}, {"cam_R_m2c": [-0.06460225582122803, -0.18589931726455688, -0.9804428219795227, -0.762740433216095, -0.6243310570716858, 0.16863547265529633, -0.643470048904419, 0.7587175369262695, -0.1014597937464714], "cam_t_m2c": [-30.60428810119629, 252.63958740234375, 112.07604217529297], "obj_id": 0}, {"cam_R_m2c": [0.3523780405521393, 0.9353909492492676, -0.0295537281781435, -0.8019370436668396, 0.3180809020996094, 0.5056891441345215, 0.4824175238609314, -0.15449349582195282, 0.8622094392776489], "cam_t_m2c": [-177.17416381835938, -158.65261840820312, 301.5379333496094], "obj_id": 3}, {"cam_R_m2c": [0.8276476263999939, -0.5390878319740295, -0.15615272521972656, -0.48082318902015686, -0.5375421643257141, -0.692717432975769, 0.28949686884880066, 0.6484078168869019, -0.7041015028953552], "cam_t_m2c": [-197.45303344726562, -39.791324615478516, 256.29400634765625], "obj_id": 3}, {"cam_R_m2c": [-0.31700754165649414, -0.9122246503829956, 0.2595228850841522, -0.4139743149280548, 0.3792821168899536, 0.8275084495544434, -0.8533060550689697, 0.15489071607589722, -0.49787279963493347], "cam_t_m2c": [-27.024932861328125, -77.0886459350586, 310.4579772949219], "obj_id": 0}, {"cam_R_m2c": [-0.31782659888267517, -0.7091595530509949, 0.6293480396270752, -0.3367532193660736, 0.7049181461334229, 0.6242496371269226, -0.8863314390182495, -0.013531816191971302, -0.46285349130630493], "cam_t_m2c": [96.82093811035156, 4186.7451171875, 7071.4287109375], "obj_id": 2}, {"cam_R_m2c": [0.11496534198522568, -0.9535775780677795, 0.2783389091491699, 0.16464950144290924, -0.2580289840698242, -0.9520038366317749, 0.9796291589736938, 0.15527573227882385, 0.12734180688858032], "cam_t_m2c": [-120.2330093383789, 14.960676193237305, 215.1171112060547], "obj_id": 1}, {"cam_R_m2c": [-9.242473879567115e-07, 0.15530696511268616, 0.987866222858429, 0.5155369639396667, -0.8464701175689697, 0.1330779641866684, 0.856867253780365, 0.5092816948890686, -0.08006558567285538], "cam_t_m2c": [-64.93242645263672, -103.60577392578125, 329.125732421875], "obj_id": 2}, {"cam_R_m2c": [-3.3767055356292985e-06, -0.9998771548271179, -0.015664100646972656, 0.5155375003814697, 0.013420390896499157, -0.8567616939544678, 0.8568667769432068, -0.008078469894826412, 0.5154743790626526], "cam_t_m2c": [-77.78036499023438, 144.60183715820312, 179.79052734375], "obj_id": 2}, {"cam_R_m2c": [0.00027683930238708854, -0.010642420500516891, -0.9999432563781738, -0.5221733450889587, -0.8527924418449402, 0.008931762538850307, -0.8528392314910889, 0.5221412777900696, -0.005793142598122358], "cam_t_m2c": [-194.935791015625, 3970.432373046875, 7215.701171875], "obj_id": 2}, {"cam_R_m2c": [-0.9862043857574463, -0.16547192633152008, 0.0044344463385641575, 0.14183536171913147, -0.8309134244918823, 0.5380198955535889, -0.08534255623817444, 0.531226634979248, 0.8429204821586609], "cam_t_m2c": [-165.4778594970703, 86.44518280029297, 154.16403198242188], "obj_id": 3}, {"cam_R_m2c": [0.5655739903450012, -0.18444368243217468, -0.8038075566291809, -0.4315553605556488, -0.8967607617378235, -0.09787742793560028, -0.7027702331542969, 0.4022443890571594, -0.5867821574211121], "cam_t_m2c": [-126.20547485351562, 3972.00048828125, 7182.37548828125], "obj_id": 1}, {"cam_R_m2c": [-0.1636803299188614, -0.4710083603858948, -0.866810142993927, -0.7307788729667664, -0.5323580503463745, 0.4272668957710266, -0.6626996994018555, 0.7033817172050476, -0.2570663392543793], "cam_t_m2c": [-159.842041015625, 70.66008758544922, 221.56448364257812], "obj_id": 0}, {"cam_R_m2c": [-0.9900670051574707, -0.1348949521780014, -0.03962716832756996, 0.12043110281229019, -0.9591297507286072, 0.2560589909553528, -0.07254866510629654, 0.24874326586723328, 0.9658485651016235], "cam_t_m2c": [-283.8258056640625, -65.98431396484375, 252.34976196289062], "obj_id": 3}, {"cam_R_m2c": [-0.701930820941925, -0.5306576490402222, -0.4750741422176361, -0.254125714302063, 0.8097029328346252, -0.5289624333381653, 0.6653668880462646, -0.2505665123462677, -0.7032091617584229], "cam_t_m2c": [-40.76137924194336, 4024.305419921875, 7237.5791015625], "obj_id": 1}, {"cam_R_m2c": [0.9895589351654053, -0.13571766018867493, 0.048515766859054565, -0.12348867207765579, -0.971948504447937, -0.20016686618328094, 0.07432100176811218, 0.19208577275276184, -0.9785599708557129], "cam_t_m2c": [-192.2915802001953, -5.393032550811768, 246.97402954101562], "obj_id": 3}, {"cam_R_m2c": [0.1830148696899414, 0.21088124811649323, -0.9602263569831848, 0.09262292087078094, -0.976077139377594, -0.1967088282108307, -0.9787372350692749, -0.05293833091855049, -0.1981690526008606], "cam_t_m2c": [-249.71890258789062, 4173.5029296875, 7007.47900390625], "obj_id": 0}, {"cam_R_m2c": [0.6253322958946228, 0.5430099964141846, -0.56044602394104, 0.10504800081253052, -0.7702292203903198, -0.6290565133094788, -0.7732557654380798, 0.3344956040382385, -0.5386913418769836], "cam_t_m2c": [85.69757843017578, -139.3214874267578, 244.0619659423828], "obj_id": 1}, {"cam_R_m2c": [0.215680792927742, 0.9220747947692871, 0.32134056091308594, 0.0014382413355633616, 0.32878565788269043, -0.9444034695625305, -0.9764628410339355, 0.20415182411670685, 0.0695866048336029], "cam_t_m2c": [101.60382843017578, 4065.69140625, 7031.97314453125], "obj_id": 2}, {"cam_R_m2c": [0.6376324892044067, 0.7349711060523987, 0.23074285686016083, -0.6600698232650757, 0.36684560775756836, 0.6555395126342773, 0.39715561270713806, -0.5702996850013733, 0.7190449833869934], "cam_t_m2c": [28.7802734375, -11.110095977783203, 215.7062530517578], "obj_id": 3}, {"cam_R_m2c": [-0.8950373530387878, 0.4425342381000519, -0.05542004108428955, -0.21314996480941772, -0.31529226899147034, 0.9247474074363708, 0.39175888895988464, 0.8394963145256042, 0.3765246570110321], "cam_t_m2c": [-4.6208062171936035, 4319.50830078125, 7611.07958984375], "obj_id": 0}, {"cam_R_m2c": [0.1265224814414978, 0.23755161464214325, 0.9630998373031616, 0.5376457571983337, -0.8323465585708618, 0.13467037677764893, 0.8336240649223328, 0.500767707824707, -0.23302912712097168], "cam_t_m2c": [13.181022644042969, -20.176929473876953, 252.9379119873047], "obj_id": 1}, {"cam_R_m2c": [-0.8098450899124146, -0.3188174068927765, 0.49244949221611023, -0.5362899899482727, 0.7425975799560547, -0.4011756479740143, -0.2377900332212448, -0.5889858603477478, -0.7723675966262817], "cam_t_m2c": [-126.06053161621094, -102.9124526977539, 220.67372131347656], "obj_id": 1}, {"cam_R_m2c": [0.9812201857566833, 0.12393207848072052, -0.14780980348587036, 0.05447373166680336, -0.9131336212158203, -0.40400445461273193, -0.1850392073392868, 0.38836559653282166, -0.9027361869812012], "cam_t_m2c": [-119.83869934082031, -80.38097381591797, 209.0994110107422], "obj_id": 1}, {"cam_R_m2c": [-8.678750418766867e-06, 0.4506383240222931, 0.8927065134048462, 0.5155383944511414, -0.7649281620979309, 0.3861408829689026, 0.8568663597106934, 0.460227906703949, -0.2323145717382431], "cam_t_m2c": [33.150875091552734, -39.478302001953125, 290.54644775390625], "obj_id": 2}, {"cam_R_m2c": [-0.9981969594955444, -0.03447473794221878, 0.0491306334733963, 0.05146893858909607, -0.07058299332857132, 0.996177077293396, -0.030875155702233315, 0.9969098567962646, 0.07223034650087357], "cam_t_m2c": [-169.12351989746094, -130.09628295898438, 276.0950012207031], "obj_id": 3}, {"cam_R_m2c": [0.9202168583869934, -0.22674204409122467, -0.3190438449382782, -0.08749015629291534, -0.9136493802070618, 0.3969762325286865, -0.38150545954704285, -0.33739104866981506, -0.8605932593345642], "cam_t_m2c": [-241.77163696289062, 4050.603759765625, 7014.92626953125], "obj_id": 2}, {"cam_R_m2c": [0.5376302003860474, 0.7415262460708618, -0.4013633131980896, 0.7222591638565063, -0.650627851486206, -0.23457391560077667, -0.4350809156894684, -0.16377434134483337, -0.8853713274002075], "cam_t_m2c": [101.76370239257812, -88.86302185058594, 298.8680114746094], "obj_id": 3}, {"cam_R_m2c": [-0.11787806451320648, -0.7079266309738159, -0.6963796019554138, -0.7744337320327759, -0.37341588735580444, 0.5106983780860901, -0.6215762495994568, 0.5995000600814819, -0.5042245984077454], "cam_t_m2c": [-411.4122619628906, 209.40602111816406, 70.64138793945312], "obj_id": 0}, {"cam_R_m2c": [0.07928841561079025, 0.3709717392921448, -0.92525315284729, -0.6259927153587341, -0.703811764717102, -0.33583053946495056, -0.7757876515388489, 0.6058291792869568, 0.17642144858837128], "cam_t_m2c": [-98.5865478515625, -230.20558166503906, 333.3971252441406], "obj_id": 2}]
}