{
  "0": [{"cam_R_m2c": [-0.6860976219177246, -0.7269197106361389, 0.0292830653488636, -0.3384343683719635, 0.28328070044517517, -0.8973371982574463, 0.6439968347549438, -0.6255714893341064, -0.4403727352619171], "cam_t_m2c": [300.50933837890625, 18.745628356933594, 378.349609375], "obj_id": 2}, {"cam_R_m2c": [-0.6860976219177246, -0.7269197106361389, 0.0292830653488636, -0.3384343683719635, 0.28328070044517517, -0.8973371982574463, 0.6439968347549438, -0.6255714893341064, -0.4403727352619171], "cam_t_m2c": [300.50933837890625, 18.745628356933594, 378.349609375], "obj_id": 0}, {"cam_R_m2c": [-0.6860976219177246, -0.7269197106361389, 0.0292830653488636, -0.3384343683719635, 0.28328070044517517, -0.8973371982574463, 0.6439968347549438, -0.6255714893341064, -0.4403727352619171], "cam_t_m2c": [300.50933837890625, 18.745628356933594, 378.349609375], "obj_id": 2}, {"cam_R_m2c": [-0.6860976219177246, -0.7269197106361389, 0.0292830653488636, -0.3384343683719635, 0.28328070044517517, -0.8973371982574463, 0.6439968347549438, -0.6255714893341064, -0.4403727352619171], "cam_t_m2c": [300.50933837890625, 18.745628356933594, 378.349609375], "obj_id": 0}, {"cam_R_m2c": [-0.6860976219177246, -0.7269197106361389, 0.0292830653488636, -0.3384343683719635, 0.28328070044517517, -0.8973371982574463, 0.6439968347549438, -0.6255714893341064, -0.4403727352619171], "cam_t_m2c": [300.50933837890625, 18.745628356933594, 378.349609375], "obj_id": 2}, {"cam_R_m2c": [-0.6860976219177246, -0.7269197106361389, 0.0292830653488636, -0.3384343683719635, 0.28328070044517517, -0.8973371982574463, 0.6439968347549438, -0.6255714893341064, -0.4403727352619171], "cam_t_m2c": [300.50933837890625, 18.745628356933594, 378.349609375], "obj_id": 0}, {"cam_R_m2c": [-0.6860976219177246, -0.7269197106361389, 0.0292830653488636, -0.3384343683719635, 0.28328070044517517, -0.8973371982574463, 0.6439968347549438, -0.6255714893341064, -0.4403727352619171], "cam_t_m2c": [300.50933837890625, 18.745628356933594, 378.349609375], "obj_id": 1}, {"cam_R_m2c": [-0.6860976219177246, -0.7269197106361389, 0.0292830653488636, -0.3384343683719635, 0.28328070044517517, -0.8973371982574463, 0.6439968347549438, -0.6255714893341064, -0.4403727352619171], "cam_t_m2c": [300.50933837890625, 18.745628356933594, 378.349609375], "obj_id": 0}, {"cam_R_m2c": [-0.6860976219177246, -0.7269197106361389, 0.0292830653488636, -0.3384343683719635, 0.28328070044517517, -0.8973371982574463, 0.6439968347549438, -0.6255714893341064, -0.4403727352619171], "cam_t_m2c": [300.50933837890625, 18.745628356933594, 378.349609375], "obj_id": 1}, {"cam_R_m2c": [-0.6860976219177246, -0.7269197106361389, 0.0292830653488636, -0.3384343683719635, 0.28328070044517517, -0.8973371982574463, 0.6439968347549438, -0.6255714893341064, -0.4403727352619171], "cam_t_m2c": [300.50933837890625, 18.745628356933594, 378.349609375], "obj_id": 2}, {"cam_R_m2c": [-0.6860976219177246, -0.7269197106361389, 0.0292830653488636, -0.3384343683719635, 0.28328070044517517, -0.8973371982574463, 0.6439968347549438, -0.6255714893341064, -0.4403727352619171], "cam_t_m2c": [300.50933837890625, 18.745628356933594, 378.349609375], "obj_id": 1}, {"cam_R_m2c": [-0.6860976219177246, -0.7269197106361389, 0.0292830653488636, -0.3384343683719635, 0.28328070044517517, -0.8973371982574463, 0.6439968347549438, -0.6255714893341064, -0.4403727352619171], "cam_t_m2c": [300.50933837890625, 18.745628356933594, 378.349609375], "obj_id": 0}, {"cam_R_m2c": [-0.6860976219177246, -0.7269197106361389, 0.0292830653488636, -0.3384343683719635, 0.28328070044517517, -0.8973371982574463, 0.6439968347549438, -0.6255714893341064, -0.4403727352619171], "cam_t_m2c": [300.50933837890625, 18.745628356933594, 378.349609375], "obj_id": 2}, {"cam_R_m2c": [-0.6860976219177246, -0.7269197106361389, 0.0292830653488636, -0.3384343683719635, 0.28328070044517517, -0.8973371982574463, 0.6439968347549438, -0.6255714893341064, -0.4403727352619171], "cam_t_m2c": [300.50933837890625, 18.745628356933594, 378.349609375], "obj_id": 0}, {"cam_R_m2c": [-0.6860976219177246, -0.7269197106361389, 0.0292830653488636, -0.3384343683719635, 0.28328070044517517, -0.8973371982574463, 0.6439968347549438, -0.6255714893341064, -0.4403727352619171], "cam_t_m2c": [300.50933837890625, 18.745628356933594, 378.349609375], "obj_id": 3}, {"cam_R_m2c": [-0.6860976219177246, -0.7269197106361389, 0.0292830653488636, -0.3384343683719635, 0.28328070044517517, -0.8973371982574463, 0.6439968347549438, -0.6255714893341064, -0.4403727352619171], "cam_t_m2c": [300.50933837890625, 18.745628356933594, 378.349609375], "obj_id": 1}, {"cam_R_m2c": [-0.6860976219177246, -0.7269197106361389, 0.0292830653488636, -0.3384343683719635, 0.28328070044517517, -0.8973371982574463, 0.6439968347549438, -0.6255714893341064, -0.4403727352619171], "cam_t_m2c": [300.50933837890625, 18.745628356933594, 378.349609375], "obj_id": 1}, {"cam_R_m2c": [-0.6860976219177246, -0.7269197106361389, 0.0292830653488636, -0.3384343683719635, 0.28328070044517517, -0.8973371982574463, 0.6439968347549438, -0.6255714893341064, -0.4403727352619171], "cam_t_m2c": [300.50933837890625, 18.745628356933594, 378.349609375], "obj_id": 2}, {"cam_R_m2c": [-0.6860976219177246, -0.7269197106361389, 0.0292830653488636, -0.3384343683719635, 0.28328070044517517, -0.8973371982574463, 0.6439968347549438, -0.6255714893341064, -0.4403727352619171], "cam_t_m2c": [300.50933837890625, 18.745628356933594, 378.349609375], "obj_id": 3}, {"cam_R_m2c": [-0.6860976219177246, -0.7269197106361389, 0.0292830653488636, -0.3384343683719635, 0.28328070044517517, -0.8973371982574463, 0.6439968347549438, -0.6255714893341064, -0.4403727352619171], "cam_t_m2c": [300.50933837890625, 18.745628356933594, 378.349609375], "obj_id": 3}, {"cam_R_m2c": [-0.6860976219177246, -0.7269197106361389, 0.0292830653488636, -0.3384343683719635, 0.28328070044517517, -0.8973371982574463, 0.6439968347549438, -0.6255714893341064, -0.4403727352619171], "cam_t_m2c": [300.50933837890625, 18.745628356933594, 378.349609375], "obj_id": 1}, {"cam_R_m2c": [-0.6860976219177246, -0.7269197106361389, 0.0292830653488636, -0.3384343683719635, 0.28328070044517517, -0.8973371982574463, 0.6439968347549438, -0.6255714893341064, -0.4403727352619171], "cam_t_m2c": [300.50933837890625, 18.745628356933594, 378.349609375], "obj_id": 1}, {"cam_R_m2c": [-0.6860976219177246, -0.7269197106361389, 0.0292830653488636, -0.3384343683719635, 0.28328070044517517, -0.8973371982574463, 0.6439968347549438, -0.6255714893341064, -0.4403727352619171], "cam_t_m2c": [300.50933837890625, 18.745628356933594, 378.349609375], "obj_id": 1}, {"cam_R_m2c": [-0.6860976219177246, -0.7269197106361389, 0.0292830653488636, -0.3384343683719635, 0.28328070044517517, -0.8973371982574463, 0.6439968347549438, -0.6255714893341064, -0.4403727352619171], "cam_t_m2c": [300.50933837890625, 18.745628356933594, 378.349609375], "obj_id": 2}, {"cam_R_m2c": [-0.006214447785168886, -0.9966663122177124, 0.08134901523590088, -0.9394341707229614, -0.022058377042412758, -0.34201881289482117, 0.34267303347587585, -0.07854750007390976, -0.9361653327941895], "cam_t_m2c": [361.6543273925781, -147.36831665039062, 607.3618774414062], "obj_id": 0}, {"cam_R_m2c": [-0.7101673483848572, -0.43971043825149536, 0.5498336553573608, 0.7019888162612915, -0.3827851712703705, 0.600572407245636, -0.053609784692525864, 0.8124839663505554, 0.5805133581161499], "cam_t_m2c": [373.7865905761719, 86.64566802978516, 261.15777587890625], "obj_id": 0}, {"cam_R_m2c": [0.2936113178730011, 0.593526303768158, 0.7493457198143005, 0.9322508573532104, -0.3511635959148407, -0.08713555335998535, 0.21142564713954926, 0.7241621613502502, -0.6564210057258606], "cam_t_m2c": [202.10488891601562, -66.08946990966797, 431.1324157714844], "obj_id": 2}, {"cam_R_m2c": [-0.20588015019893646, 0.6166253685951233, -0.7598595023155212, -0.947134256362915, -0.32081589102745056, -0.003720505628734827, -0.24606917798519135, 0.7189229726791382, 0.650076687335968], "cam_t_m2c": [136.61709594726562, 134.9435272216797, 17.137502670288086], "obj_id": 0}, {"cam_R_m2c": [-0.04288683831691742, -0.6156619191169739, 0.786842405796051, -0.9943118095397949, -0.05055006220936775, -0.09374777972698212, 0.09749192744493484, -0.7863872647285461, -0.6099919080734253], "cam_t_m2c": [470.9985656738281, 86.4437484741211, 273.31787109375], "obj_id": 2}, {"cam_R_m2c": [-0.45922017097473145, -0.3343081474304199, 0.8230156898498535, -0.24179679155349731, 0.9385421276092529, 0.24631889164447784, -0.8547813296318054, -0.08588794618844986, -0.5118321180343628], "cam_t_m2c": [234.61500549316406, 108.10956573486328, 78.33293914794922], "obj_id": 1}, {"cam_R_m2c": [-0.2850358784198761, -0.9318448901176453, 0.22454307973384857, 0.8781261444091797, -0.15995293855667114, 0.45089852809906006, -0.3842511475086212, 0.32569941878318787, 0.8638697266578674], "cam_t_m2c": [292.74163818359375, 160.04656982421875, 106.20133209228516], "obj_id": 0}, {"cam_R_m2c": [-0.042886584997177124, 0.45847538113594055, 0.887671709060669, -0.994312047958374, -0.10628517717123032, 0.006856683176010847, 0.09748997539281845, -0.8823286294937134, 0.46042582392692566], "cam_t_m2c": [338.9711608886719, -50.11623001098633, 542.8050537109375], "obj_id": 2}],
  "1": [{"cam_R_m2c": [-0.993405282497406, -0.09689537435770035, 0.0612979531288147, -0.09693213552236557, 0.4241895079612732, -0.9003707766532898, 0.061239805072546005, -0.900374710559845, -0.4307844638824463], "cam_t_m2c": [109.3361587524414, -89.44200897216797, 511.423828125], "obj_id": 2}, {"cam_R_m2c": [-0.993405282497406, -0.09689537435770035, 0.0612979531288147, -0.09693213552236557, 0.4241895079612732, -0.9003707766532898, 0.061239805072546005, -0.900374710559845, -0.4307844638824463], "cam_t_m2c": [109.3361587524414, -89.44200897216797, 511.423828125], "obj_id": 0}, {"cam_R_m2c": [-0.993405282497406, -0.09689537435770035, 0.0612979531288147, -0.09693213552236557, 0.4241895079612732, -0.9003707766532898, 0.061239805072546005, -0.900374710559845, -0.4307844638824463], "cam_t_m2c": [109.3361587524414, -89.44200897216797, 511.423828125], "obj_id": 2}, {"cam_R_m2c": [-0.993405282497406, -0.09689537435770035, 0.0612979531288147, -0.09693213552236557, 0.4241895079612732, -0.9003707766532898, 0.061239805072546005, -0.900374710559845, -0.4307844638824463], "cam_t_m2c": [109.3361587524414, -89.44200897216797, 511.423828125], "obj_id": 0}, {"cam_R_m2c": [-0.993405282497406, -0.09689537435770035, 0.0612979531288147, -0.09693213552236557, 0.4241895079612732, -0.9003707766532898, 0.061239805072546005, -0.900374710559845, -0.4307844638824463], "cam_t_m2c": [109.3361587524414, -89.44200897216797, 511.423828125], "obj_id": 2}, {"cam_R_m2c": [-0.993405282497406, -0.09689537435770035, 0.0612979531288147, -0.09693213552236557, 0.4241895079612732, -0.9003707766532898, 0.061239805072546005, -0.900374710559845, -0.4307844638824463], "cam_t_m2c": [109.3361587524414, -89.44200897216797, 511.423828125], "obj_id": 0}, {"cam_R_m2c": [-0.993405282497406, -0.09689537435770035, 0.0612979531288147, -0.09693213552236557, 0.4241895079612732, -0.9003707766532898, 0.061239805072546005, -0.900374710559845, -0.4307844638824463], "cam_t_m2c": [109.3361587524414, -89.44200897216797, 511.423828125], "obj_id": 1}, {"cam_R_m2c": [-0.993405282497406, -0.09689537435770035, 0.0612979531288147, -0.09693213552236557, 0.4241895079612732, -0.9003707766532898, 0.061239805072546005, -0.900374710559845, -0.4307844638824463], "cam_t_m2c": [109.3361587524414, -89.44200897216797, 511.423828125], "obj_id": 0}, {"cam_R_m2c": [-0.993405282497406, -0.09689537435770035, 0.0612979531288147, -0.09693213552236557, 0.4241895079612732, -0.9003707766532898, 0.061239805072546005, -0.900374710559845, -0.4307844638824463], "cam_t_m2c": [109.3361587524414, -89.44200897216797, 511.423828125], "obj_id": 1}, {"cam_R_m2c": [-0.993405282497406, -0.09689537435770035, 0.0612979531288147, -0.09693213552236557, 0.4241895079612732, -0.9003707766532898, 0.061239805072546005, -0.900374710559845, -0.4307844638824463], "cam_t_m2c": [109.3361587524414, -89.44200897216797, 511.423828125], "obj_id": 2}, {"cam_R_m2c": [-0.993405282497406, -0.09689537435770035, 0.0612979531288147, -0.09693213552236557, 0.4241895079612732, -0.9003707766532898, 0.061239805072546005, -0.900374710559845, -0.4307844638824463], "cam_t_m2c": [109.3361587524414, -89.44200897216797, 511.423828125], "obj_id": 1}, {"cam_R_m2c": [-0.993405282497406, -0.09689537435770035, 0.0612979531288147, -0.09693213552236557, 0.4241895079612732, -0.9003707766532898, 0.061239805072546005, -0.900374710559845, -0.4307844638824463], "cam_t_m2c": [109.3361587524414, -89.44200897216797, 511.423828125], "obj_id": 0}, {"cam_R_m2c": [-0.993405282497406, -0.09689537435770035, 0.0612979531288147, -0.09693213552236557, 0.4241895079612732, -0.9003707766532898, 0.061239805072546005, -0.900374710559845, -0.4307844638824463], "cam_t_m2c": [109.3361587524414, -89.44200897216797, 511.423828125], "obj_id": 2}, {"cam_R_m2c": [-0.993405282497406, -0.09689537435770035, 0.0612979531288147, -0.09693213552236557, 0.4241895079612732, -0.9003707766532898, 0.061239805072546005, -0.900374710559845, -0.4307844638824463], "cam_t_m2c": [109.3361587524414, -89.44200897216797, 511.423828125], "obj_id": 0}, {"cam_R_m2c": [-0.993405282497406, -0.09689537435770035, 0.0612979531288147, -0.09693213552236557, 0.4241895079612732, -0.9003707766532898, 0.061239805072546005, -0.900374710559845, -0.4307844638824463], "cam_t_m2c": [109.3361587524414, -89.44200897216797, 511.423828125], "obj_id": 3}, {"cam_R_m2c": [-0.993405282497406, -0.09689537435770035, 0.0612979531288147, -0.09693213552236557, 0.4241895079612732, -0.9003707766532898, 0.061239805072546005, -0.900374710559845, -0.4307844638824463], "cam_t_m2c": [109.3361587524414, -89.44200897216797, 511.423828125], "obj_id": 1}, {"cam_R_m2c": [-0.993405282497406, -0.09689537435770035, 0.0612979531288147, -0.09693213552236557, 0.4241895079612732, -0.9003707766532898, 0.061239805072546005, -0.900374710559845, -0.4307844638824463], "cam_t_m2c": [109.3361587524414, -89.44200897216797, 511.423828125], "obj_id": 1}, {"cam_R_m2c": [-0.993405282497406, -0.09689537435770035, 0.0612979531288147, -0.09693213552236557, 0.4241895079612732, -0.9003707766532898, 0.061239805072546005, -0.900374710559845, -0.4307844638824463], "cam_t_m2c": [109.3361587524414, -89.44200897216797, 511.423828125], "obj_id": 2}, {"cam_R_m2c": [-0.993405282497406, -0.09689537435770035, 0.0612979531288147, -0.09693213552236557, 0.4241895079612732, -0.9003707766532898, 0.061239805072546005, -0.900374710559845, -0.4307844638824463], "cam_t_m2c": [109.3361587524414, -89.44200897216797, 511.423828125], "obj_id": 3}, {"cam_R_m2c": [-0.993405282497406, -0.09689537435770035, 0.0612979531288147, -0.09693213552236557, 0.4241895079612732, -0.9003707766532898, 0.061239805072546005, -0.900374710559845, -0.4307844638824463], "cam_t_m2c": [109.3361587524414, -89.44200897216797, 511.423828125], "obj_id": 3}, {"cam_R_m2c": [-0.993405282497406, -0.09689537435770035, 0.0612979531288147, -0.09693213552236557, 0.4241895079612732, -0.9003707766532898, 0.061239805072546005, -0.900374710559845, -0.4307844638824463], "cam_t_m2c": [109.3361587524414, -89.44200897216797, 511.423828125], "obj_id": 1}, {"cam_R_m2c": [-0.993405282497406, -0.09689537435770035, 0.0612979531288147, -0.09693213552236557, 0.4241895079612732, -0.9003707766532898, 0.061239805072546005, -0.900374710559845, -0.4307844638824463], "cam_t_m2c": [109.3361587524414, -89.44200897216797, 511.423828125], "obj_id": 1}, {"cam_R_m2c": [-0.993405282497406, -0.09689537435770035, 0.0612979531288147, -0.09693213552236557, 0.4241895079612732, -0.9003707766532898, 0.061239805072546005, -0.900374710559845, -0.4307844638824463], "cam_t_m2c": [109.3361587524414, -89.44200897216797, 511.423828125], "obj_id": 1}, {"cam_R_m2c": [-0.993405282497406, -0.09689537435770035, 0.0612979531288147, -0.09693213552236557, 0.4241895079612732, -0.9003707766532898, 0.061239805072546005, -0.900374710559845, -0.4307844638824463], "cam_t_m2c": [109.3361587524414, -89.44200897216797, 511.423828125], "obj_id": 2}, {"cam_R_m2c": [-0.4507691264152527, -0.7092776298522949, 0.54197096824646, -0.877494752407074, 0.2407251000404358, -0.4147945046424866, 0.163738414645195, -0.6625531911849976, -0.7308987975120544], "cam_t_m2c": [-25.534700393676758, -249.7254180908203, 711.1692504882812], "obj_id": 0}, {"cam_R_m2c": [-0.3247031271457672, -0.9210563898086548, 0.2149951010942459, 0.8613373041152954, -0.19405585527420044, 0.4695107936859131, -0.39072486758232117, 0.33763495087623596, 0.856350839138031], "cam_t_m2c": [252.83572387695312, -51.90303039550781, 470.04022216796875], "obj_id": 0}, {"cam_R_m2c": [0.32973167300224304, -0.0806410163640976, 0.9406242966651917, 0.8315831422805786, -0.44686633348464966, -0.3298182785511017, 0.4469301700592041, 0.8909587860107422, -0.08028630912303925], "cam_t_m2c": [-18.36142349243164, -140.94033813476562, 484.8211975097656], "obj_id": 2}, {"cam_R_m2c": [-0.24637775123119354, -0.05235238000750542, -0.9677587151527405, -0.871795654296875, -0.4242604076862335, 0.24489805102348328, -0.42340287566185, 0.9040254354476929, 0.05888798460364342], "cam_t_m2c": [234.21983337402344, 41.35091781616211, 139.75990295410156], "obj_id": 0}, {"cam_R_m2c": [-0.34372660517692566, -0.0002629166410770267, 0.9390696883201599, -0.9372383952140808, 0.06251862645149231, -0.34303879737854004, -0.05861915275454521, -0.9980437755584717, -0.021735720336437225], "cam_t_m2c": [318.6925354003906, -77.33495330810547, 537.9678955078125], "obj_id": 2}, {"cam_R_m2c": [0.1105901300907135, 0.038210686296224594, 0.9931312799453735, -0.16791075468063354, 0.9856147170066833, -0.019223790615797043, -0.9795793890953064, -0.16463147103786469, 0.11541525274515152], "cam_t_m2c": [264.1895446777344, -6.513291835784912, 244.06410217285156], "obj_id": 1}, {"cam_R_m2c": [0.24086838960647583, -0.9404314160346985, -0.23993997275829315, 0.8938434720039368, 0.11861281841993332, 0.4324057698249817, -0.37818804383277893, -0.3186216652393341, 0.8691685795783997], "cam_t_m2c": [304.2926940917969, 29.717937469482422, 306.7684631347656], "obj_id": 0}, {"cam_R_m2c": [-0.3437252640724182, 0.853435218334198, 0.3917921781539917, -0.9372387528419495, -0.28572720289230347, -0.1998584270477295, -0.05862051621079445, -0.4358992278575897, 0.8980843424797058], "cam_t_m2c": [21.174007415771484, -154.62734985351562, 657.1810302734375], "obj_id": 2}]
}