{
  "0": [{"cam_R_m2c": [0.9967477321624756, -0.0685448944568634, 0.04237379878759384, 0.0789945051074028, 0.9350460767745972, -0.3456134498119354, -0.015931416302919388, 0.3478367328643799, 0.9374197721481323], "cam_t_m2c": [12.163347244262695, -59.90626525878906, 1231.331298828125], "obj_id": 0}, {"cam_R_m2c": [0.01803385466337204, 0.7454624772071838, 0.6663035154342651, -0.3009030222892761, -0.6314700245857239, 0.7146347761154175, 0.9534841775894165, -0.2133803516626358, 0.21292410790920258], "cam_t_m2c": [-219.47866821289062, 118.73588562011719, 1103.829345703125], "obj_id": 3}, {"cam_R_m2c": [-0.6664713025093079, 0.6398758888244629, 0.38258957862854004, -0.2231673151254654, 0.3184177279472351, -0.9213069677352905, -0.7113454341888428, -0.6994061470031738, -0.06941686570644379], "cam_t_m2c": [98.66641998291016, 62.87568664550781, 1304.865478515625], "obj_id": 2}, {"cam_R_m2c": [-0.9178776144981384, -0.04703988507390022, -0.3940662741661072, -0.056054484099149704, -0.9676296710968018, 0.24607113003730774, -0.39288532733917236, 0.24795232713222504, 0.8855285048484802], "cam_t_m2c": [120.73529815673828, 169.06643676757812, 1341.6668701171875], "obj_id": 2}],
  "1": [{"cam_R_m2c": [0.8134397268295288, -0.36095109581947327, 0.4561031460762024, 0.5357790589332581, 0.770205020904541, -0.34601306915283203, -0.22639912366867065, 0.5258312821388245, 0.8199054002761841], "cam_t_m2c": [170.3656768798828, -77.21744537353516, 1323.75390625], "obj_id": 0}, {"cam_R_m2c": [0.42067429423332214, 0.8476808667182922, 0.32321855425834656, -0.3189750909805298, -0.19532562792301178, 0.9274172186851501, 0.8492867350578308, -0.4932391941547394, 0.18822066485881805], "cam_t_m2c": [-141.40496826171875, -19.574657440185547, 1288.7333984375], "obj_id": 3}, {"cam_R_m2c": [-0.6791956424713135, 0.20764213800430298, 0.7039729952812195, -0.4615858793258667, 0.6248805522918701, -0.6296529173851013, -0.5706415176391602, -0.7526015043258667, -0.32857146859169006], "cam_t_m2c": [212.7519989013672, 66.42398071289062, 1397.8291015625], "obj_id": 2}, {"cam_R_m2c": [-0.8740689754486084, 0.4483937919139862, -0.1869395673274994, -0.45217573642730713, -0.8915961980819702, -0.024357803165912628, -0.17759649455547333, 0.06323913484811783, 0.9820693731307983], "cam_t_m2c": [196.54116821289062, 167.9972381591797, 1448.3507080078125], "obj_id": 2}]
}