{
  "0": [{"cam_R_m2c": [-0.641991376876831, 0.3927437365055084, 0.6584824919700623, -0.5419590473175049, 0.3750460147857666, -0.7520776391029358, -0.542335033416748, -0.8396980166435242, -0.02792520448565483], "cam_t_m2c": [17331.76953125, 22359.79296875, 12287.017578125], "obj_id": 2}, {"cam_R_m2c": [0.804332971572876, -0.5300636291503906, -0.26847901940345764, 0.2879568934440613, -0.04749893769621849, 0.9564645886421204, -0.5197396278381348, -0.8466264009475708, 0.11443053185939789], "cam_t_m2c": [-178.073486328125, 431.314453125, 782.6483154296875], "obj_id": 0}, {"cam_R_m2c": [0.8158060312271118, -0.1564350575208664, -0.5567662119865417, -0.5488772392272949, 0.09385526180267334, -0.8306172490119934, 0.1821931004524231, 0.9832188487052917, -0.009295955300331116], "cam_t_m2c": [17230.396484375, 22386.9375, 12171.37890625], "obj_id": 0}],
  "1": [{"cam_R_m2c": [0.019754061475396156, -0.9937906265258789, -0.10949879139661789, -0.9792112112045288, -0.041344963014125824, 0.19858500361442566, -0.20187914371490479, 0.103299580514431, -0.9739476442337036], "cam_t_m2c": [-5484.05859375, 27485.171875, 13084.240234375], "obj_id": 2}, {"cam_R_m2c": [-0.8985616564750671, -0.43388617038726807, -0.06579825282096863, 0.4119272828102112, -0.8856127262115479, 0.21448945999145508, -0.15133579075336456, 0.16562794148921967, 0.9745075106620789], "cam_t_m2c": [-75.47904968261719, 5.1809844970703125, 1448.791259765625], "obj_id": 0}, {"cam_R_m2c": [-0.07168761640787125, 0.8590167760848999, 0.5069032311439514, 0.5075562596321106, 0.46890854835510254, -0.7228494882583618, -0.8586311340332031, 0.2054625302553177, -0.46961429715156555], "cam_t_m2c": [-5539.6142578125, 27354.96875, 13150.0234375], "obj_id": 0}]
}