{
  "0": [{"cam_R_m2c": [0.7432986497879028, -0.5239547491073608, 0.4159068465232849, -0.27829691767692566, -0.8075628280639648, -0.5199931859970093, 0.608323872089386, 0.2707645893096924, -0.7460753321647644], "cam_t_m2c": [-118.77232360839844, 32.542720794677734, 85.14769744873047], "obj_id": 0}, {"cam_R_m2c": [0.7432986497879028, -0.5239547491073608, 0.4159068465232849, -0.27829691767692566, -0.8075628280639648, -0.5199931859970093, 0.608323872089386, 0.2707645893096924, -0.7460753321647644], "cam_t_m2c": [-118.77232360839844, 32.542720794677734, 85.14769744873047], "obj_id": 1}, {"cam_R_m2c": [0.7432986497879028, -0.5239547491073608, 0.4159068465232849, -0.27829691767692566, -0.8075628280639648, -0.5199931859970093, 0.608323872089386, 0.2707645893096924, -0.7460753321647644], "cam_t_m2c": [-118.77232360839844, 32.542720794677734, 85.14769744873047], "obj_id": 0}, {"cam_R_m2c": [0.7432986497879028, -0.5239547491073608, 0.4159068465232849, -0.27829691767692566, -0.8075628280639648, -0.5199931859970093, 0.608323872089386, 0.2707645893096924, -0.7460753321647644], "cam_t_m2c": [-118.77232360839844, 32.542720794677734, 85.14769744873047], "obj_id": 0}, {"cam_R_m2c": [0.7432986497879028, -0.5239547491073608, 0.4159068465232849, -0.27829691767692566, -0.8075628280639648, -0.5199931859970093, 0.608323872089386, 0.2707645893096924, -0.7460753321647644], "cam_t_m2c": [-118.77232360839844, 32.542720794677734, 85.14769744873047], "obj_id": 3}, {"cam_R_m2c": [0.7432986497879028, -0.5239547491073608, 0.4159068465232849, -0.27829691767692566, -0.8075628280639648, -0.5199931859970093, 0.608323872089386, 0.2707645893096924, -0.7460753321647644], "cam_t_m2c": [-118.77232360839844, 32.542720794677734, 85.14769744873047], "obj_id": 1}, {"cam_R_m2c": [0.7432986497879028, -0.5239547491073608, 0.4159068465232849, -0.27829691767692566, -0.8075628280639648, -0.5199931859970093, 0.608323872089386, 0.2707645893096924, -0.7460753321647644], "cam_t_m2c": [-118.77232360839844, 32.542720794677734, 85.14769744873047], "obj_id": 1}, {"cam_R_m2c": [0.7432986497879028, -0.5239547491073608, 0.4159068465232849, -0.27829691767692566, -0.8075628280639648, -0.5199931859970093, 0.608323872089386, 0.2707645893096924, -0.7460753321647644], "cam_t_m2c": [-118.77232360839844, 32.542720794677734, 85.14769744873047], "obj_id": 3}, {"cam_R_m2c": [0.7432986497879028, -0.5239547491073608, 0.4159068465232849, -0.27829691767692566, -0.8075628280639648, -0.5199931859970093, 0.608323872089386, 0.2707645893096924, -0.7460753321647644], "cam_t_m2c": [-118.77232360839844, 32.542720794677734, 85.14769744873047], "obj_id": 2}, {"cam_R_m2c": [0.7432986497879028, -0.5239547491073608, 0.4159068465232849, -0.27829691767692566, -0.8075628280639648, -0.5199931859970093, 0.608323872089386, 0.2707645893096924, -0.7460753321647644], "cam_t_m2c": [-118.77232360839844, 32.542720794677734, 85.14769744873047], "obj_id": 2}, {"cam_R_m2c": [0.7432986497879028, -0.5239547491073608, 0.4159068465232849, -0.27829691767692566, -0.8075628280639648, -0.5199931859970093, 0.608323872089386, 0.2707645893096924, -0.7460753321647644], "cam_t_m2c": [-118.77232360839844, 32.542720794677734, 85.14769744873047], "obj_id": 0}, {"cam_R_m2c": [0.7432986497879028, -0.5239547491073608, 0.4159068465232849, -0.27829691767692566, -0.8075628280639648, -0.5199931859970093, 0.608323872089386, 0.2707645893096924, -0.7460753321647644], "cam_t_m2c": [-118.77232360839844, 32.542720794677734, 85.14769744873047], "obj_id": 2}, {"cam_R_m2c": [0.7432986497879028, -0.5239547491073608, 0.4159068465232849, -0.27829691767692566, -0.8075628280639648, -0.5199931859970093, 0.608323872089386, 0.2707645893096924, -0.7460753321647644], "cam_t_m2c": [-118.77232360839844, 32.542720794677734, 85.14769744873047], "obj_id": 2}, {"cam_R_m2c": [0.7432986497879028, -0.5239547491073608, 0.4159068465232849, -0.27829691767692566, -0.8075628280639648, -0.5199931859970093, 0.608323872089386, 0.2707645893096924, -0.7460753321647644], "cam_t_m2c": [-118.77232360839844, 32.542720794677734, 85.14769744873047], "obj_id": 2}, {"cam_R_m2c": [0.7432986497879028, -0.5239547491073608, 0.4159068465232849, -0.27829691767692566, -0.8075628280639648, -0.5199931859970093, 0.608323872089386, 0.2707645893096924, -0.7460753321647644], "cam_t_m2c": [-118.77232360839844, 32.542720794677734, 85.14769744873047], "obj_id": 3}, {"cam_R_m2c": [0.7432986497879028, -0.5239547491073608, 0.4159068465232849, -0.27829691767692566, -0.8075628280639648, -0.5199931859970093, 0.608323872089386, 0.2707645893096924, -0.7460753321647644], "cam_t_m2c": [-118.77232360839844, 32.542720794677734, 85.14769744873047], "obj_id": 2}, {"cam_R_m2c": [0.7432986497879028, -0.5239547491073608, 0.4159068465232849, -0.27829691767692566, -0.8075628280639648, -0.5199931859970093, 0.608323872089386, 0.2707645893096924, -0.7460753321647644], "cam_t_m2c": [-118.77232360839844, 32.542720794677734, 85.14769744873047], "obj_id": 2}, {"cam_R_m2c": [0.7432986497879028, -0.5239547491073608, 0.4159068465232849, -0.27829691767692566, -0.8075628280639648, -0.5199931859970093, 0.608323872089386, 0.2707645893096924, -0.7460753321647644], "cam_t_m2c": [-118.77232360839844, 32.542720794677734, 85.14769744873047], "obj_id": 0}, {"cam_R_m2c": [0.7432986497879028, -0.5239547491073608, 0.4159068465232849, -0.27829691767692566, -0.8075628280639648, -0.5199931859970093, 0.608323872089386, 0.2707645893096924, -0.7460753321647644], "cam_t_m2c": [-118.77232360839844, 32.542720794677734, 85.14769744873047], "obj_id": 0}, {"cam_R_m2c": [0.7432986497879028, -0.5239547491073608, 0.4159068465232849, -0.27829691767692566, -0.8075628280639648, -0.5199931859970093, 0.608323872089386, 0.2707645893096924, -0.7460753321647644], "cam_t_m2c": [-118.77232360839844, 32.542720794677734, 85.14769744873047], "obj_id": 3}, {"cam_R_m2c": [0.7432986497879028, -0.5239547491073608, 0.4159068465232849, -0.27829691767692566, -0.8075628280639648, -0.5199931859970093, 0.608323872089386, 0.2707645893096924, -0.7460753321647644], "cam_t_m2c": [-118.77232360839844, 32.542720794677734, 85.14769744873047], "obj_id": 1}, {"cam_R_m2c": [0.7432986497879028, -0.5239547491073608, 0.4159068465232849, -0.27829691767692566, -0.8075628280639648, -0.5199931859970093, 0.608323872089386, 0.2707645893096924, -0.7460753321647644], "cam_t_m2c": [-118.77232360839844, 32.542720794677734, 85.14769744873047], "obj_id": 1}, {"cam_R_m2c": [0.7432986497879028, -0.5239547491073608, 0.4159068465232849, -0.27829691767692566, -0.8075628280639648, -0.5199931859970093, 0.608323872089386, 0.2707645893096924, -0.7460753321647644], "cam_t_m2c": [-118.77232360839844, 32.542720794677734, 85.14769744873047], "obj_id": 1}, {"cam_R_m2c": [0.7432986497879028, -0.5239547491073608, 0.4159068465232849, -0.27829691767692566, -0.8075628280639648, -0.5199931859970093, 0.608323872089386, 0.2707645893096924, -0.7460753321647644], "cam_t_m2c": [-118.77232360839844, 32.542720794677734, 85.14769744873047], "obj_id": 2}, {"cam_R_m2c": [-0.18424034118652344, -0.6205208897590637, -0.7622396349906921, 0.20041844248771667, 0.7355038523674011, -0.6471989750862122, 0.9622306823730469, -0.2720070481300354, -0.011145645752549171], "cam_t_m2c": [18.82261848449707, -4.195619583129883, 148.4282684326172], "obj_id": 3}, {"cam_R_m2c": [-0.2959875762462616, -0.5293786525726318, -0.7950781583786011, 0.8311869502067566, -0.5528861284255981, 0.058692432940006256, -0.4706583619117737, -0.6434864401817322, 0.6036603450775146], "cam_t_m2c": [-146.61248779296875, -169.78805541992188, 163.31324768066406], "obj_id": 0}, {"cam_R_m2c": [-0.4253385066986084, 0.093320831656456, 0.9002100229263306, -0.39544227719306946, 0.87553471326828, -0.2776046395301819, -0.8140714168548584, -0.4740571081638336, -0.33549562096595764], "cam_t_m2c": [-3272.725830078125, 4116.1298828125, 5996.0888671875], "obj_id": 2}, {"cam_R_m2c": [-0.09411761164665222, -0.17254896461963654, 0.9804940819740295, 0.2840711176395416, -0.9485764503479004, -0.13966406881809235, 0.9541726112365723, 0.2653852105140686, 0.13829405605793], "cam_t_m2c": [-255.0821075439453, -49.03116989135742, 34.91360092163086], "obj_id": 3}, {"cam_R_m2c": [-0.5934542417526245, 0.6701735258102417, -0.44573453068733215, 0.46648266911506653, -0.16490787267684937, -0.8690219521522522, -0.6559007167816162, -0.7236523032188416, -0.21475893259048462], "cam_t_m2c": [-143.035400390625, 109.08924102783203, 7.549371242523193], "obj_id": 3}, {"cam_R_m2c": [0.136447474360466, -0.9829212427139282, -0.12348270416259766, 0.7808200716972351, 0.18342040479183197, -0.5972244739532471, 0.6096738576889038, -0.014927968382835388, 0.7925118207931519], "cam_t_m2c": [-29.344257354736328, -77.34447479248047, 168.59991455078125], "obj_id": 1}, {"cam_R_m2c": [0.15923428535461426, 0.21420712769031525, 0.9637218117713928, 0.9410776495933533, -0.3279484510421753, -0.08259950578212738, 0.29835766553878784, 0.9200897216796875, -0.2538062036037445], "cam_t_m2c": [40.89459991455078, 118.35205841064453, 67.04987335205078], "obj_id": 0}, {"cam_R_m2c": [-0.9174175262451172, -0.1365356743335724, -0.3737681806087494, 0.17300713062286377, -0.9827291965484619, -0.06566152721643448, -0.3583478331565857, -0.12490362673997879, 0.925195038318634], "cam_t_m2c": [-218.32131958007812, 164.82412719726562, -109.8765869140625], "obj_id": 0}],
  "1": [{"cam_R_m2c": [-0.5790366530418396, 0.6226210594177246, -0.5263646245002747, 0.6966908574104309, 0.04252086579799652, -0.7161102294921875, -0.42348381876945496, -0.7813674211502075, -0.4583955705165863], "cam_t_m2c": [-118.29435729980469, 62.58372116088867, 258.9694519042969], "obj_id": 0}, {"cam_R_m2c": [-0.5790366530418396, 0.6226210594177246, -0.5263646245002747, 0.6966908574104309, 0.04252086579799652, -0.7161102294921875, -0.42348381876945496, -0.7813674211502075, -0.4583955705165863], "cam_t_m2c": [-118.29435729980469, 62.58372116088867, 258.9694519042969], "obj_id": 1}, {"cam_R_m2c": [-0.5790366530418396, 0.6226210594177246, -0.5263646245002747, 0.6966908574104309, 0.04252086579799652, -0.7161102294921875, -0.42348381876945496, -0.7813674211502075, -0.4583955705165863], "cam_t_m2c": [-118.29435729980469, 62.58372116088867, 258.9694519042969], "obj_id": 0}, {"cam_R_m2c": [-0.5790366530418396, 0.6226210594177246, -0.5263646245002747, 0.6966908574104309, 0.04252086579799652, -0.7161102294921875, -0.42348381876945496, -0.7813674211502075, -0.4583955705165863], "cam_t_m2c": [-118.29435729980469, 62.58372116088867, 258.9694519042969], "obj_id": 0}, {"cam_R_m2c": [-0.5790366530418396, 0.6226210594177246, -0.5263646245002747, 0.6966908574104309, 0.04252086579799652, -0.7161102294921875, -0.42348381876945496, -0.7813674211502075, -0.4583955705165863], "cam_t_m2c": [-118.29435729980469, 62.58372116088867, 258.9694519042969], "obj_id": 3}, {"cam_R_m2c": [-0.5790366530418396, 0.6226210594177246, -0.5263646245002747, 0.6966908574104309, 0.04252086579799652, -0.7161102294921875, -0.42348381876945496, -0.7813674211502075, -0.4583955705165863], "cam_t_m2c": [-118.29435729980469, 62.58372116088867, 258.9694519042969], "obj_id": 1}, {"cam_R_m2c": [-0.5790366530418396, 0.6226210594177246, -0.5263646245002747, 0.6966908574104309, 0.04252086579799652, -0.7161102294921875, -0.42348381876945496, -0.7813674211502075, -0.4583955705165863], "cam_t_m2c": [-118.29435729980469, 62.58372116088867, 258.9694519042969], "obj_id": 1}, {"cam_R_m2c": [-0.5790366530418396, 0.6226210594177246, -0.5263646245002747, 0.6966908574104309, 0.04252086579799652, -0.7161102294921875, -0.42348381876945496, -0.7813674211502075, -0.4583955705165863], "cam_t_m2c": [-118.29435729980469, 62.58372116088867, 258.9694519042969], "obj_id": 3}, {"cam_R_m2c": [-0.5790366530418396, 0.6226210594177246, -0.5263646245002747, 0.6966908574104309, 0.04252086579799652, -0.7161102294921875, -0.42348381876945496, -0.7813674211502075, -0.4583955705165863], "cam_t_m2c": [-118.29435729980469, 62.58372116088867, 258.9694519042969], "obj_id": 2}, {"cam_R_m2c": [-0.5790366530418396, 0.6226210594177246, -0.5263646245002747, 0.6966908574104309, 0.04252086579799652, -0.7161102294921875, -0.42348381876945496, -0.7813674211502075, -0.4583955705165863], "cam_t_m2c": [-118.29435729980469, 62.58372116088867, 258.9694519042969], "obj_id": 2}, {"cam_R_m2c": [-0.5790366530418396, 0.6226210594177246, -0.5263646245002747, 0.6966908574104309, 0.04252086579799652, -0.7161102294921875, -0.42348381876945496, -0.7813674211502075, -0.4583955705165863], "cam_t_m2c": [-118.29435729980469, 62.58372116088867, 258.9694519042969], "obj_id": 0}, {"cam_R_m2c": [-0.5790366530418396, 0.6226210594177246, -0.5263646245002747, 0.6966908574104309, 0.04252086579799652, -0.7161102294921875, -0.42348381876945496, -0.7813674211502075, -0.4583955705165863], "cam_t_m2c": [-118.29435729980469, 62.58372116088867, 258.9694519042969], "obj_id": 2}, {"cam_R_m2c": [-0.5790366530418396, 0.6226210594177246, -0.5263646245002747, 0.6966908574104309, 0.04252086579799652, -0.7161102294921875, -0.42348381876945496, -0.7813674211502075, -0.4583955705165863], "cam_t_m2c": [-118.29435729980469, 62.58372116088867, 258.9694519042969], "obj_id": 2}, {"cam_R_m2c": [-0.5790366530418396, 0.6226210594177246, -0.5263646245002747, 0.6966908574104309, 0.04252086579799652, -0.7161102294921875, -0.42348381876945496, -0.7813674211502075, -0.4583955705165863], "cam_t_m2c": [-118.29435729980469, 62.58372116088867, 258.9694519042969], "obj_id": 2}, {"cam_R_m2c": [-0.5790366530418396, 0.6226210594177246, -0.5263646245002747, 0.6966908574104309, 0.04252086579799652, -0.7161102294921875, -0.42348381876945496, -0.7813674211502075, -0.4583955705165863], "cam_t_m2c": [-118.29435729980469, 62.58372116088867, 258.9694519042969], "obj_id": 3}, {"cam_R_m2c": [-0.5790366530418396, 0.6226210594177246, -0.5263646245002747, 0.6966908574104309, 0.04252086579799652, -0.7161102294921875, -0.42348381876945496, -0.7813674211502075, -0.4583955705165863], "cam_t_m2c": [-118.29435729980469, 62.58372116088867, 258.9694519042969], "obj_id": 2}, {"cam_R_m2c": [-0.5790366530418396, 0.6226210594177246, -0.5263646245002747, 0.6966908574104309, 0.04252086579799652, -0.7161102294921875, -0.42348381876945496, -0.7813674211502075, -0.4583955705165863], "cam_t_m2c": [-118.29435729980469, 62.58372116088867, 258.9694519042969], "obj_id": 2}, {"cam_R_m2c": [-0.5790366530418396, 0.6226210594177246, -0.5263646245002747, 0.6966908574104309, 0.04252086579799652, -0.7161102294921875, -0.42348381876945496, -0.7813674211502075, -0.4583955705165863], "cam_t_m2c": [-118.29435729980469, 62.58372116088867, 258.9694519042969], "obj_id": 0}, {"cam_R_m2c": [-0.5790366530418396, 0.6226210594177246, -0.5263646245002747, 0.6966908574104309, 0.04252086579799652, -0.7161102294921875, -0.42348381876945496, -0.7813674211502075, -0.4583955705165863], "cam_t_m2c": [-118.29435729980469, 62.58372116088867, 258.9694519042969], "obj_id": 0}, {"cam_R_m2c": [-0.5790366530418396, 0.6226210594177246, -0.5263646245002747, 0.6966908574104309, 0.04252086579799652, -0.7161102294921875, -0.42348381876945496, -0.7813674211502075, -0.4583955705165863], "cam_t_m2c": [-118.29435729980469, 62.58372116088867, 258.9694519042969], "obj_id": 3}, {"cam_R_m2c": [-0.5790366530418396, 0.6226210594177246, -0.5263646245002747, 0.6966908574104309, 0.04252086579799652, -0.7161102294921875, -0.42348381876945496, -0.7813674211502075, -0.4583955705165863], "cam_t_m2c": [-118.29435729980469, 62.58372116088867, 258.9694519042969], "obj_id": 1}, {"cam_R_m2c": [-0.5790366530418396, 0.6226210594177246, -0.5263646245002747, 0.6966908574104309, 0.04252086579799652, -0.7161102294921875, -0.42348381876945496, -0.7813674211502075, -0.4583955705165863], "cam_t_m2c": [-118.29435729980469, 62.58372116088867, 258.9694519042969], "obj_id": 1}, {"cam_R_m2c": [-0.5790366530418396, 0.6226210594177246, -0.5263646245002747, 0.6966908574104309, 0.04252086579799652, -0.7161102294921875, -0.42348381876945496, -0.7813674211502075, -0.4583955705165863], "cam_t_m2c": [-118.29435729980469, 62.58372116088867, 258.9694519042969], "obj_id": 1}, {"cam_R_m2c": [-0.5790366530418396, 0.6226210594177246, -0.5263646245002747, 0.6966908574104309, 0.04252086579799652, -0.7161102294921875, -0.42348381876945496, -0.7813674211502075, -0.4583955705165863], "cam_t_m2c": [-118.29435729980469, 62.58372116088867, 258.9694519042969], "obj_id": 2}, {"cam_R_m2c": [0.367268443107605, 0.49849897623062134, 0.7852467894554138, 0.9254369139671326, -0.280415803194046, -0.2548201382160187, 0.09316810220479965, 0.820283830165863, -0.5643172264099121], "cam_t_m2c": [-236.7985076904297, 145.85214233398438, 201.4399871826172], "obj_id": 3}, {"cam_R_m2c": [0.1338733732700348, 0.41948166489601135, 0.8978379368782043, -0.39506396651268005, -0.8082976341247559, 0.43655380606651306, 0.9088466763496399, -0.41314634680747986, 0.057512637227773666], "cam_t_m2c": [-61.04511642456055, 103.70262145996094, 51.9562873840332], "obj_id": 0}, {"cam_R_m2c": [0.2716265320777893, -0.2496371865272522, -0.9294623136520386, -0.9304291605949402, -0.31498679518699646, -0.1873091161251068, -0.24600909650325775, 0.915677011013031, -0.3178284466266632], "cam_t_m2c": [3916.694091796875, 5758.81689453125, 3841.445068359375], "obj_id": 2}, {"cam_R_m2c": [0.2719807028770447, 0.2882682979106903, -0.9181110858917236, 0.9475026726722717, 0.08646385371685028, 0.3078356087207794, 0.16812270879745483, -0.9536380171775818, -0.2496185004711151], "cam_t_m2c": [9.723414421081543, -24.83509063720703, 197.91598510742188], "obj_id": 3}, {"cam_R_m2c": [0.41012316942214966, -0.7938546538352966, 0.4489920139312744, -0.6860655546188354, -0.5929068922996521, -0.4216344356536865, 0.6009268760681152, -0.1351158767938614, -0.787801206111908], "cam_t_m2c": [-116.04839324951172, -6.419260025024414, 346.7368469238281], "obj_id": 3}, {"cam_R_m2c": [-0.05871929973363876, 0.943294882774353, 0.3267214596271515, 0.7306725978851318, -0.1823926419019699, 0.6579138040542603, 0.6801982522010803, 0.27735862135887146, -0.6785297989845276], "cam_t_m2c": [-180.62197875976562, 145.34210205078125, 131.2855987548828], "obj_id": 1}, {"cam_R_m2c": [-0.15691950917243958, 0.0056624580174684525, -0.9875950813293457, 0.45642709732055664, 0.8872016668319702, -0.0674351304769516, 0.8758141398429871, -0.4613471031188965, -0.14180374145507812], "cam_t_m2c": [-283.6705627441406, 88.97702026367188, 330.65216064453125], "obj_id": 0}, {"cam_R_m2c": [0.8083093166351318, 0.17386701703071594, 0.5625, -0.5039210319519043, -0.28976181149482727, 0.8136961460113525, 0.30446603894233704, -0.941173791885376, -0.14660191535949707], "cam_t_m2c": [-70.9392318725586, -127.12802124023438, 423.9233703613281], "obj_id": 0}]
}