{
  "0": [{"cam_R_m2c": [0.26162955164909363, 0.9640712738037109, 0.04600413888692856, -0.3837379813194275, 0.14763736724853516, -0.9115636348724365, -0.8856043219566345, 0.22083838284015656, 0.40857717394828796], "cam_t_m2c": [177.65069580078125, -78.85041809082031, 3424.364501953125], "obj_id": 2}, {"cam_R_m2c": [0.8564740419387817, 0.5081180930137634, -0.09092960506677628, -0.3922782838344574, 0.7551965117454529, 0.5251627564430237, 0.3355144262313843, -0.41411855816841125, 0.8461299538612366], "cam_t_m2c": [172.79562377929688, -78.67975616455078, 3778.4091796875], "obj_id": 2}, {"cam_R_m2c": [0.6337735056877136, -0.7708314061164856, 0.0644209086894989, 0.7397364377975464, 0.6283324956893921, 0.2408073991537094, -0.2260996550321579, -0.10496284067630768, 0.968432605266571], "cam_t_m2c": [350.6509704589844, -203.15362548828125, 3595.57470703125], "obj_id": 2}, {"cam_R_m2c": [-0.9062925577163696, 0.11718474328517914, -0.4060805141925812, 0.3853125274181366, -0.16575907170772552, -0.9077764749526978, -0.1736890971660614, -0.9791790246963501, 0.10507354140281677], "cam_t_m2c": [-154.7764892578125, -80.08582305908203, 3704.589599609375], "obj_id": 0}, {"cam_R_m2c": [-0.6528920531272888, -0.7355045676231384, -0.1810108721256256, -0.6879473924636841, 0.6758001446723938, -0.2646176517009735, 0.31695467233657837, -0.04824079945683479, -0.9472129940986633], "cam_t_m2c": [-38.58317947387695, -177.6372528076172, 3493.667236328125], "obj_id": 0}, {"cam_R_m2c": [0.406211256980896, 0.6832656860351562, -0.6067456603050232, 0.23182298243045807, 0.5652149319648743, 0.7917007207870483, 0.8838837146759033, -0.4622552990913391, 0.07119999080896378], "cam_t_m2c": [-54.9328498840332, -14.817225456237793, 3788.17041015625], "obj_id": 2}, {"cam_R_m2c": [-0.7367226481437683, -0.5676009058952332, 0.3675168454647064, -0.03400590270757675, -0.5117196440696716, -0.8584790825843811, 0.6753392219543457, -0.6449588537216187, 0.3576938807964325], "cam_t_m2c": [253.4946746826172, -91.11640930175781, 3461.197998046875], "obj_id": 0}, {"cam_R_m2c": [0.4352196156978607, 0.8921864628791809, -0.12077736854553223, -0.6476749777793884, 0.4034402072429657, 0.646338164806366, 0.6253806352615356, -0.20307454466819763, 0.7534319758415222], "cam_t_m2c": [7.646737503819168e-05, -5.529727786779404e-06, 3582.74853515625], "obj_id": 0}, {"cam_R_m2c": [0.6488022804260254, 0.16634950041770935, 0.7425519824028015, -0.7498201131820679, -0.02658095397055149, 0.6611075401306152, 0.12971265614032745, -0.9857085347175598, 0.10748642683029175], "cam_t_m2c": [-57.67258834838867, 22.000835418701172, 3299.740478515625], "obj_id": 1}, {"cam_R_m2c": [-0.3220125138759613, 0.8369207978248596, 0.4425736963748932, -0.387376070022583, 0.31007495522499084, -0.8682126998901367, -0.863856315612793, -0.451017826795578, 0.22435510158538818], "cam_t_m2c": [125.58927917480469, -37.30750274658203, 3327.9697265625], "obj_id": 1}, {"cam_R_m2c": [0.8138607740402222, -0.4111582934856415, -0.4105842709541321, -0.5793312788009644, -0.6286389827728271, -0.518833339214325, -0.04478665813803673, 0.6601224541664124, -0.7498214840888977], "cam_t_m2c": [307.24395751953125, -83.09915161132812, 3657.325439453125], "obj_id": 2}, {"cam_R_m2c": [0.304320752620697, 0.471403032541275, 0.8277487754821777, 0.03861013054847717, 0.862145721912384, -0.5051870346069336, -0.9517867565155029, 0.18569837510585785, 0.24416792392730713], "cam_t_m2c": [265.2549743652344, 60.96894073486328, 3247.95849609375], "obj_id": 0}, {"cam_R_m2c": [-0.9185425043106079, -0.2616689205169678, -0.2963257133960724, -0.1088455319404602, -0.5532064437866211, 0.8259026408195496, -0.3800423741340637, 0.7908804416656494, 0.4796622395515442], "cam_t_m2c": [-129.36619567871094, -146.07073974609375, 3713.524169921875], "obj_id": 0}, {"cam_R_m2c": [-0.08734163641929626, -0.6336155533790588, -0.76870197057724, 0.7143020629882812, 0.498029500246048, -0.49166980385780334, 0.694365918636322, -0.5920286774635315, 0.4090941846370697], "cam_t_m2c": [-129.8936767578125, -52.57585525512695, 3873.8701171875], "obj_id": 2}, {"cam_R_m2c": [-0.9023802280426025, 0.3951246440410614, -0.17200742661952972, -0.2682715654373169, -0.8274360299110413, -0.4933357238769531, -0.33725422620773315, -0.3990316689014435, 0.8526625037193298], "cam_t_m2c": [295.16424560546875, -85.76570892333984, 3404.11083984375], "obj_id": 2}, {"cam_R_m2c": [0.08056501299142838, 0.990238606929779, 0.1137392446398735, 0.8876178860664368, -0.0193600133061409, -0.46017342805862427, -0.453479528427124, 0.13803084194660187, -0.8805132508277893], "cam_t_m2c": [279.3058776855469, -173.88687133789062, 3667.94091796875], "obj_id": 0}, {"cam_R_m2c": [0.9022689461708069, -0.43071073293685913, 0.01997503824532032, 0.3555547297000885, 0.7170242071151733, -0.5995473861694336, 0.24390891194343567, 0.5480551719665527, 0.800089955329895], "cam_t_m2c": [257.0426330566406, -13.990433692932129, 3528.681640625], "obj_id": 2}, {"cam_R_m2c": [-0.761276364326477, -0.622138261795044, -0.18276256322860718, -0.16505959630012512, -0.08664127439260483, 0.9824706315994263, -0.6270673871040344, 0.778098464012146, -0.036731868982315063], "cam_t_m2c": [157.26434326171875, -75.23795318603516, 3270.871337890625], "obj_id": 1}, {"cam_R_m2c": [0.4110042452812195, 0.3627869188785553, -0.8363379240036011, 0.17024311423301697, 0.8707232475280762, 0.461365669965744, 0.8955962657928467, -0.33200401067733765, 0.29610899090766907], "cam_t_m2c": [-6.348711013793945, -67.13346099853516, 3269.74072265625], "obj_id": 0}, {"cam_R_m2c": [0.8539276719093323, 0.2359299659729004, 0.4638368487358093, -0.5121173858642578, 0.22267599403858185, 0.8295487761497498, 0.09243009239435196, -0.945913553237915, 0.31097301840782166], "cam_t_m2c": [-186.00782775878906, -7.280959606170654, 3477.14892578125], "obj_id": 2}]
}