{
  "0": [{"cam_R_m2c": [0.7943874597549438, -0.5978529453277588, 0.10733350366353989, -0.34904664754867554, -0.5939252376556396, -0.724858283996582, 0.497106671333313, 0.5383539795875549, -0.6804853081703186], "cam_t_m2c": [-117.20294189453125, -103.49299621582031, 337.3416748046875], "obj_id": 0}, {"cam_R_m2c": [0.7943874597549438, -0.5978529453277588, 0.10733350366353989, -0.34904664754867554, -0.5939252376556396, -0.724858283996582, 0.497106671333313, 0.5383539795875549, -0.6804853081703186], "cam_t_m2c": [-117.20294189453125, -103.49299621582031, 337.3416748046875], "obj_id": 0}, {"cam_R_m2c": [0.7943874597549438, -0.5978529453277588, 0.10733350366353989, -0.34904664754867554, -0.5939252376556396, -0.724858283996582, 0.497106671333313, 0.5383539795875549, -0.6804853081703186], "cam_t_m2c": [-117.20294189453125, -103.49299621582031, 337.3416748046875], "obj_id": 2}, {"cam_R_m2c": [0.7943874597549438, -0.5978529453277588, 0.10733350366353989, -0.34904664754867554, -0.5939252376556396, -0.724858283996582, 0.497106671333313, 0.5383539795875549, -0.6804853081703186], "cam_t_m2c": [-117.20294189453125, -103.49299621582031, 337.3416748046875], "obj_id": 3}, {"cam_R_m2c": [0.7943874597549438, -0.5978529453277588, 0.10733350366353989, -0.34904664754867554, -0.5939252376556396, -0.724858283996582, 0.497106671333313, 0.5383539795875549, -0.6804853081703186], "cam_t_m2c": [-117.20294189453125, -103.49299621582031, 337.3416748046875], "obj_id": 0}, {"cam_R_m2c": [0.7943874597549438, -0.5978529453277588, 0.10733350366353989, -0.34904664754867554, -0.5939252376556396, -0.724858283996582, 0.497106671333313, 0.5383539795875549, -0.6804853081703186], "cam_t_m2c": [-117.20294189453125, -103.49299621582031, 337.3416748046875], "obj_id": 1}, {"cam_R_m2c": [0.7943874597549438, -0.5978529453277588, 0.10733350366353989, -0.34904664754867554, -0.5939252376556396, -0.724858283996582, 0.497106671333313, 0.5383539795875549, -0.6804853081703186], "cam_t_m2c": [-117.20294189453125, -103.49299621582031, 337.3416748046875], "obj_id": 2}, {"cam_R_m2c": [0.7943874597549438, -0.5978529453277588, 0.10733350366353989, -0.34904664754867554, -0.5939252376556396, -0.724858283996582, 0.497106671333313, 0.5383539795875549, -0.6804853081703186], "cam_t_m2c": [-117.20294189453125, -103.49299621582031, 337.3416748046875], "obj_id": 0}, {"cam_R_m2c": [0.7943874597549438, -0.5978529453277588, 0.10733350366353989, -0.34904664754867554, -0.5939252376556396, -0.724858283996582, 0.497106671333313, 0.5383539795875549, -0.6804853081703186], "cam_t_m2c": [-117.20294189453125, -103.49299621582031, 337.3416748046875], "obj_id": 2}, {"cam_R_m2c": [0.7943874597549438, -0.5978529453277588, 0.10733350366353989, -0.34904664754867554, -0.5939252376556396, -0.724858283996582, 0.497106671333313, 0.5383539795875549, -0.6804853081703186], "cam_t_m2c": [-117.20294189453125, -103.49299621582031, 337.3416748046875], "obj_id": 1}, {"cam_R_m2c": [0.7943874597549438, -0.5978529453277588, 0.10733350366353989, -0.34904664754867554, -0.5939252376556396, -0.724858283996582, 0.497106671333313, 0.5383539795875549, -0.6804853081703186], "cam_t_m2c": [-117.20294189453125, -103.49299621582031, 337.3416748046875], "obj_id": 1}, {"cam_R_m2c": [0.7943874597549438, -0.5978529453277588, 0.10733350366353989, -0.34904664754867554, -0.5939252376556396, -0.724858283996582, 0.497106671333313, 0.5383539795875549, -0.6804853081703186], "cam_t_m2c": [-117.20294189453125, -103.49299621582031, 337.3416748046875], "obj_id": 1}, {"cam_R_m2c": [0.7943874597549438, -0.5978529453277588, 0.10733350366353989, -0.34904664754867554, -0.5939252376556396, -0.724858283996582, 0.497106671333313, 0.5383539795875549, -0.6804853081703186], "cam_t_m2c": [-117.20294189453125, -103.49299621582031, 337.3416748046875], "obj_id": 0}, {"cam_R_m2c": [0.7943874597549438, -0.5978529453277588, 0.10733350366353989, -0.34904664754867554, -0.5939252376556396, -0.724858283996582, 0.497106671333313, 0.5383539795875549, -0.6804853081703186], "cam_t_m2c": [-117.20294189453125, -103.49299621582031, 337.3416748046875], "obj_id": 3}, {"cam_R_m2c": [0.7943874597549438, -0.5978529453277588, 0.10733350366353989, -0.34904664754867554, -0.5939252376556396, -0.724858283996582, 0.497106671333313, 0.5383539795875549, -0.6804853081703186], "cam_t_m2c": [-117.20294189453125, -103.49299621582031, 337.3416748046875], "obj_id": 1}, {"cam_R_m2c": [0.7943874597549438, -0.5978529453277588, 0.10733350366353989, -0.34904664754867554, -0.5939252376556396, -0.724858283996582, 0.497106671333313, 0.5383539795875549, -0.6804853081703186], "cam_t_m2c": [-117.20294189453125, -103.49299621582031, 337.3416748046875], "obj_id": 2}, {"cam_R_m2c": [0.7943874597549438, -0.5978529453277588, 0.10733350366353989, -0.34904664754867554, -0.5939252376556396, -0.724858283996582, 0.497106671333313, 0.5383539795875549, -0.6804853081703186], "cam_t_m2c": [-117.20294189453125, -103.49299621582031, 337.3416748046875], "obj_id": 3}, {"cam_R_m2c": [0.7943874597549438, -0.5978529453277588, 0.10733350366353989, -0.34904664754867554, -0.5939252376556396, -0.724858283996582, 0.497106671333313, 0.5383539795875549, -0.6804853081703186], "cam_t_m2c": [-117.20294189453125, -103.49299621582031, 337.3416748046875], "obj_id": 0}, {"cam_R_m2c": [0.7943874597549438, -0.5978529453277588, 0.10733350366353989, -0.34904664754867554, -0.5939252376556396, -0.724858283996582, 0.497106671333313, 0.5383539795875549, -0.6804853081703186], "cam_t_m2c": [-117.20294189453125, -103.49299621582031, 337.3416748046875], "obj_id": 1}, {"cam_R_m2c": [0.7943874597549438, -0.5978529453277588, 0.10733350366353989, -0.34904664754867554, -0.5939252376556396, -0.724858283996582, 0.497106671333313, 0.5383539795875549, -0.6804853081703186], "cam_t_m2c": [-117.20294189453125, -103.49299621582031, 337.3416748046875], "obj_id": 1}, {"cam_R_m2c": [0.7943874597549438, -0.5978529453277588, 0.10733350366353989, -0.34904664754867554, -0.5939252376556396, -0.724858283996582, 0.497106671333313, 0.5383539795875549, -0.6804853081703186], "cam_t_m2c": [-117.20294189453125, -103.49299621582031, 337.3416748046875], "obj_id": 0}, {"cam_R_m2c": [0.7943874597549438, -0.5978529453277588, 0.10733350366353989, -0.34904664754867554, -0.5939252376556396, -0.724858283996582, 0.497106671333313, 0.5383539795875549, -0.6804853081703186], "cam_t_m2c": [-117.20294189453125, -103.49299621582031, 337.3416748046875], "obj_id": 0}, {"cam_R_m2c": [0.7943874597549438, -0.5978529453277588, 0.10733350366353989, -0.34904664754867554, -0.5939252376556396, -0.724858283996582, 0.497106671333313, 0.5383539795875549, -0.6804853081703186], "cam_t_m2c": [-117.20294189453125, -103.49299621582031, 337.3416748046875], "obj_id": 3}, {"cam_R_m2c": [0.7943874597549438, -0.5978529453277588, 0.10733350366353989, -0.34904664754867554, -0.5939252376556396, -0.724858283996582, 0.497106671333313, 0.5383539795875549, -0.6804853081703186], "cam_t_m2c": [-117.20294189453125, -103.49299621582031, 337.3416748046875], "obj_id": 3}, {"cam_R_m2c": [0.24910394847393036, 0.38984179496765137, 0.8865497708320618, -0.47272783517837524, 0.847892165184021, -0.24001522362232208, -0.845266580581665, -0.35930803418159485, 0.39550235867500305], "cam_t_m2c": [105.01725769042969, -366.6537170410156, 663.2578735351562], "obj_id": 0}, {"cam_R_m2c": [0.6880040168762207, 0.2391984760761261, 0.6851528882980347, -0.4398903250694275, -0.6134429574012756, 0.6558841466903687, 0.5771887898445129, -0.7526431083679199, -0.3168300986289978], "cam_t_m2c": [-100.10457611083984, -122.12211608886719, 337.7999267578125], "obj_id": 3}, {"cam_R_m2c": [-0.954986035823822, -0.27323126792907715, 0.11552618443965912, -0.26551902294158936, 0.6136157512664795, -0.7436231374740601, 0.13229240477085114, -0.7408241033554077, -0.6585426330566406], "cam_t_m2c": [-97.80903625488281, -230.41424560546875, 454.3465576171875], "obj_id": 3}, {"cam_R_m2c": [-0.32851892709732056, -0.9399427175521851, 0.09264408051967621, -0.38101139664649963, 0.22163894772529602, 0.8976114988327026, -0.8642369508743286, 0.259583979845047, -0.4309414327144623], "cam_t_m2c": [31.918079376220703, -9.495539665222168, 221.53152465820312], "obj_id": 3}, {"cam_R_m2c": [-0.7563785910606384, -0.6436495780944824, -0.11664660274982452, 0.5354396104812622, -0.506773054599762, -0.6756370067596436, 0.37576013803482056, -0.5734946131706238, 0.7279479503631592], "cam_t_m2c": [-879.86572265625, 5607.955078125, 5434.35498046875], "obj_id": 2}]
}