{
  "0": [{"cam_R_m2c": [-0.5370030999183655, -0.6583690643310547, -0.5274256467819214, 0.7502514123916626, -0.0868854746222496, -0.6554186940193176, 0.38568177819252014, -0.7476637363433838, 0.5406001210212708], "cam_t_m2c": [-677.8727416992188, -177.09561157226562, 180.4141845703125], "obj_id": 1}, {"cam_R_m2c": [0.4746820628643036, 0.27278923988342285, -0.8368170857429504, -0.8410545587539673, -0.13965696096420288, -0.522611677646637, -0.25943025946617126, 0.9518832564353943, 0.16313806176185608], "cam_t_m2c": [-1045.3519287109375, 43.57831954956055, -240.33334350585938], "obj_id": 2}, {"cam_R_m2c": [-0.8464705944061279, 0.4701334834098816, -0.2499239146709442, -0.44648492336273193, -0.3710426688194275, 0.8142349123954773, 0.2900666892528534, 0.8008131980895996, 0.5239842534065247], "cam_t_m2c": [-559.8743896484375, -68.14598846435547, 255.03465270996094], "obj_id": 3}, {"cam_R_m2c": [0.3096535801887512, -0.2020985633134842, 0.9291236400604248, -0.5209943056106567, 0.7813518047332764, 0.34359022974967957, -0.7954115271568298, -0.5904620885848999, 0.13665616512298584], "cam_t_m2c": [-359.3646240234375, -124.16324615478516, 426.42706298828125], "obj_id": 4}, {"cam_R_m2c": [-0.3588350713253021, -0.1366618275642395, 0.9233421683311462, 0.7486081123352051, -0.6329943537712097, 0.19724076986312866, 0.5575151443481445, 0.7619983553886414, 0.32944685220718384], "cam_t_m2c": [-932.5669555664062, -246.984375, 226.5840301513672], "obj_id": 1}, {"cam_R_m2c": [-0.35631996393203735, 0.054682016372680664, -0.9327625036239624, 0.869672954082489, 0.3844013810157776, -0.3096844255924225, 0.3416210114955902, -0.921545147895813, -0.18452534079551697], "cam_t_m2c": [-602.2013549804688, -84.67686462402344, 105.02281951904297], "obj_id": 2}, {"cam_R_m2c": [-0.25472506880760193, -0.8997085094451904, -0.3544568419456482, -0.6531642079353333, 0.4303741157054901, -0.6230205297470093, 0.713085949420929, 0.0728195458650589, -0.697284460067749], "cam_t_m2c": [-725.5296630859375, 113.46505737304688, -194.5901336669922], "obj_id": 4}, {"cam_R_m2c": [-0.3588351011276245, -0.5990790724754333, -0.7157803177833557, 0.748607873916626, 0.27332377433776855, -0.6040531396865845, 0.5575153827667236, -0.7525943517684937, 0.3503972887992859], "cam_t_m2c": [-577.2084350585938, 64.495361328125, 37.06248092651367], "obj_id": 1}, {"cam_R_m2c": [0.4715397357940674, -0.8341435790061951, 0.2861025929450989, -0.4767192304134369, 0.031820982694625854, 0.8784794211387634, -0.7418820858001709, -0.5506285429000854, -0.38264742493629456], "cam_t_m2c": [-372.26434326171875, -84.66282653808594, 369.2546691894531], "obj_id": 1}, {"cam_R_m2c": [0.006227695383131504, -0.9961237907409668, -0.08774049580097198, 0.5609090328216553, -0.06915932148694992, 0.8249834775924683, -0.8278538584709167, -0.05435209721326828, 0.5583043098449707], "cam_t_m2c": [-597.837890625, 149.52005004882812, -57.920692443847656], "obj_id": 3}],
  "1": [{"cam_R_m2c": [-0.14373987913131714, -0.1158972829580307, 0.9828053712844849, 0.6703774929046631, -0.7419449090957642, 0.010552090592682362, 0.7279646992683411, 0.660367488861084, 0.18434225022792816], "cam_t_m2c": [-97.68206024169922, -481.66082763671875, 1075.212890625], "obj_id": 1}, {"cam_R_m2c": [0.30486631393432617, 0.5395358800888062, 0.7848296761512756, -0.6255351305007935, 0.7348273396492004, -0.2621729373931885, -0.7181659936904907, -0.4110108017921448, 0.5615227222442627], "cam_t_m2c": [-364.0027770996094, -747.7260131835938, 1543.2396240234375], "obj_id": 2}, {"cam_R_m2c": [0.8032718300819397, 0.554221510887146, -0.21815793216228485, -0.11673793941736221, 0.5056684017181396, 0.8547933101654053, 0.5840604305267334, -0.6611640453338623, 0.4708878695964813], "cam_t_m2c": [-179.59201049804688, -344.9781188964844, 997.9442749023438], "obj_id": 3}, {"cam_R_m2c": [-0.1738794595003128, -0.8381083011627197, -0.5170495510101318, -0.9053847193717957, -0.07047098129987717, 0.41870301961898804, -0.3873555064201355, 0.5409326553344727, -0.7465569972991943], "cam_t_m2c": [-114.7791519165039, -211.3631134033203, 772.8582153320312], "obj_id": 4}, {"cam_R_m2c": [-0.11086838692426682, 0.948133111000061, -0.29791200160980225, 0.8320841789245605, 0.25247249007225037, 0.49385571479797363, 0.5434556007385254, -0.1931348443031311, -0.8169177770614624], "cam_t_m2c": [73.07020568847656, -514.3265380859375, 1279.3250732421875], "obj_id": 1}, {"cam_R_m2c": [-0.32305118441581726, -0.8235334753990173, 0.4662943482398987, 0.723436713218689, -0.5325510501861572, -0.4393501877784729, 0.6101452112197876, 0.19540183246135712, 0.7678157091140747], "cam_t_m2c": [-236.26832580566406, -482.30328369140625, 1047.9241943359375], "obj_id": 2}, {"cam_R_m2c": [0.9786605834960938, 0.049931131303310394, 0.19932472705841064, 0.18659715354442596, 0.19027632474899292, -0.9638342261314392, -0.08605210483074188, 0.980459988117218, 0.17689894139766693], "cam_t_m2c": [-506.81365966796875, -631.7811889648438, 1268.6038818359375], "obj_id": 4}, {"cam_R_m2c": [-0.11086807399988174, -0.40755027532577515, 0.9064275026321411, 0.8320842385292053, -0.536798357963562, -0.13958171010017395, 0.5434554815292358, 0.7387489676475525, 0.39863014221191406], "cam_t_m2c": [-394.2902526855469, -451.2785949707031, 1087.4481201171875], "obj_id": 1}, {"cam_R_m2c": [-0.23568333685398102, -0.02899789810180664, -0.9713971018791199, -0.8168307542800903, -0.535646915435791, 0.21417205035686493, -0.5265364646911621, 0.8439438939094543, 0.10255683213472366], "cam_t_m2c": [-171.53919982910156, -237.6318359375, 805.7764892578125], "obj_id": 1}, {"cam_R_m2c": [-0.8841055631637573, 0.38418737053871155, -0.2660018801689148, -0.36284276843070984, -0.20571428537368774, 0.9088600277900696, 0.29445216059684753, 0.9000452160835266, 0.3212730288505554], "cam_t_m2c": [-503.2746887207031, -483.94744873046875, 1148.535888671875], "obj_id": 3}],
  "2": [{"cam_R_m2c": [-0.14373987913131714, -0.1158972829580307, 0.9828053712844849, 0.6703774929046631, -0.7419449090957642, 0.010552090592682362, 0.7279646992683411, 0.660367488861084, 0.18434225022792816], "cam_t_m2c": [-97.68206024169922, -481.66082763671875, 1075.212890625], "obj_id": 1}, {"cam_R_m2c": [0.30486631393432617, 0.5395358800888062, 0.7848296761512756, -0.6255351305007935, 0.7348273396492004, -0.2621729373931885, -0.7181659936904907, -0.4110108017921448, 0.5615227222442627], "cam_t_m2c": [-364.0027770996094, -747.7260131835938, 1543.2396240234375], "obj_id": 2}, {"cam_R_m2c": [0.8032718300819397, 0.554221510887146, -0.21815793216228485, -0.11673793941736221, 0.5056684017181396, 0.8547933101654053, 0.5840604305267334, -0.6611640453338623, 0.4708878695964813], "cam_t_m2c": [-179.59201049804688, -344.9781188964844, 997.9442749023438], "obj_id": 3}, {"cam_R_m2c": [-0.1738794595003128, -0.8381083011627197, -0.5170495510101318, -0.9053847193717957, -0.07047098129987717, 0.41870301961898804, -0.3873555064201355, 0.5409326553344727, -0.7465569972991943], "cam_t_m2c": [-114.7791519165039, -211.3631134033203, 772.8582153320312], "obj_id": 4}, {"cam_R_m2c": [-0.11086838692426682, 0.948133111000061, -0.29791200160980225, 0.8320841789245605, 0.25247249007225037, 0.49385571479797363, 0.5434556007385254, -0.1931348443031311, -0.8169177770614624], "cam_t_m2c": [73.07020568847656, -514.3265380859375, 1279.3250732421875], "obj_id": 1}, {"cam_R_m2c": [-0.32305118441581726, -0.8235334753990173, 0.4662943482398987, 0.723436713218689, -0.5325510501861572, -0.4393501877784729, 0.6101452112197876, 0.19540183246135712, 0.7678157091140747], "cam_t_m2c": [-236.26832580566406, -482.30328369140625, 1047.9241943359375], "obj_id": 2}, {"cam_R_m2c": [0.9786605834960938, 0.049931131303310394, 0.19932472705841064, 0.18659715354442596, 0.19027632474899292, -0.9638342261314392, -0.08605210483074188, 0.980459988117218, 0.17689894139766693], "cam_t_m2c": [-506.81365966796875, -631.7811889648438, 1268.6038818359375], "obj_id": 4}, {"cam_R_m2c": [-0.11086807399988174, -0.40755027532577515, 0.9064275026321411, 0.8320842385292053, -0.536798357963562, -0.13958171010017395, 0.5434554815292358, 0.7387489676475525, 0.39863014221191406], "cam_t_m2c": [-394.2902526855469, -451.2785949707031, 1087.4481201171875], "obj_id": 1}, {"cam_R_m2c": [-0.23568333685398102, -0.02899789810180664, -0.9713971018791199, -0.8168307542800903, -0.535646915435791, 0.21417205035686493, -0.5265364646911621, 0.8439438939094543, 0.10255683213472366], "cam_t_m2c": [-171.53919982910156, -237.6318359375, 805.7764892578125], "obj_id": 1}, {"cam_R_m2c": [-0.8841055631637573, 0.38418737053871155, -0.2660018801689148, -0.36284276843070984, -0.20571428537368774, 0.9088600277900696, 0.29445216059684753, 0.9000452160835266, 0.3212730288505554], "cam_t_m2c": [-503.2746887207031, -483.94744873046875, 1148.535888671875], "obj_id": 3}],
  "3": [{"cam_R_m2c": [-0.2910001575946808, -0.8330321311950684, -0.4705066680908203, 0.802473783493042, 0.05524350702762604, -0.5941246747970581, 0.5209173560142517, -0.5504595637321472, 0.6524104475975037], "cam_t_m2c": [-463.9983825683594, 259.3321533203125, 67.41175842285156], "obj_id": 1}, {"cam_R_m2c": [0.249217227101326, 0.48115620017051697, -0.8404638767242432, -0.8891611695289612, -0.23022669553756714, -0.3954593539237976, -0.38377490639686584, 0.8458631038665771, 0.3704489469528198], "cam_t_m2c": [-886.1243896484375, 555.9278564453125, -240.17091369628906], "obj_id": 2}, {"cam_R_m2c": [-0.8047724366188049, 0.5929044485092163, 0.0283798947930336, -0.3255879580974579, -0.48089998960494995, 0.8140807747840881, 0.4963200092315674, 0.6459097266197205, 0.5800577998161316], "cam_t_m2c": [-314.7438049316406, 344.7088928222656, 109.78776550292969], "obj_id": 3}, {"cam_R_m2c": [0.006616390775889158, -0.21695449948310852, 0.9761592745780945, -0.5195654630661011, 0.8333260416984558, 0.18873095512390137, -0.8544049859046936, -0.5084273815155029, -0.10720846056938171], "cam_t_m2c": [-88.86628723144531, 249.4898223876953, 222.1715545654297], "obj_id": 4}, {"cam_R_m2c": [-0.07746612280607224, -0.037787046283483505, 0.9962786436080933, 0.7643192410469055, -0.6438871026039124, 0.03500852733850479, 0.6401680707931519, 0.7641868591308594, 0.0787607803940773], "cam_t_m2c": [-706.2100830078125, 227.13829040527344, 177.78509521484375], "obj_id": 1}, {"cam_R_m2c": [-0.11072473227977753, -0.12159087508916855, -0.9863850474357605, 0.8948212265968323, 0.419685423374176, -0.1521807610988617, 0.43247517943382263, -0.8994885683059692, 0.06233260780572891], "cam_t_m2c": [-396.1997985839844, 342.8634033203125, -24.114849090576172], "obj_id": 2}, {"cam_R_m2c": [-0.16609542071819305, -0.7687366604804993, -0.6176214218139648, -0.643020749092102, 0.5592789649963379, -0.5231934189796448, 0.7476206421852112, 0.3102433681488037, -0.5872073173522949], "cam_t_m2c": [-558.3027954101562, 573.2232666015625, -278.8597106933594], "obj_id": 4}, {"cam_R_m2c": [-0.07746592909097672, -0.7192897796630859, -0.6903774738311768, 0.7643189430236816, 0.4017806947231293, -0.5043696165084839, 0.6401682496070862, -0.5667401552200317, 0.5186426043510437], "cam_t_m2c": [-365.5682678222656, 489.7988586425781, -94.59382629394531], "obj_id": 1}, {"cam_R_m2c": [0.1817808896303177, -0.930752158164978, 0.317263662815094, -0.5036390423774719, 0.1889849156141281, 0.8429902195930481, -0.8445730209350586, -0.31302592158317566, -0.4344092905521393], "cam_t_m2c": [-109.39160919189453, 293.478515625, 170.7996368408203], "obj_id": 1}, {"cam_R_m2c": [-0.11508343368768692, -0.9743353128433228, 0.19345945119857788, 0.596332848072052, 0.08799156546592712, 0.7979001402854919, -0.7944450974464417, 0.20719128847122192, 0.5709017515182495], "cam_t_m2c": [-395.7528991699219, 581.8978881835938, -179.9357147216797], "obj_id": 3}],
  "4": [{"cam_R_m2c": [-0.2910001575946808, -0.8330321311950684, -0.4705066680908203, 0.802473783493042, 0.05524350702762604, -0.5941246747970581, 0.5209173560142517, -0.5504595637321472, 0.6524104475975037], "cam_t_m2c": [-463.9983825683594, 259.3321533203125, 67.41175842285156], "obj_id": 1}, {"cam_R_m2c": [0.249217227101326, 0.48115620017051697, -0.8404638767242432, -0.8891611695289612, -0.23022669553756714, -0.3954593539237976, -0.38377490639686584, 0.8458631038665771, 0.3704489469528198], "cam_t_m2c": [-886.1243896484375, 555.9278564453125, -240.17091369628906], "obj_id": 2}, {"cam_R_m2c": [-0.8047724366188049, 0.5929044485092163, 0.0283798947930336, -0.3255879580974579, -0.48089998960494995, 0.8140807747840881, 0.4963200092315674, 0.6459097266197205, 0.5800577998161316], "cam_t_m2c": [-314.7438049316406, 344.7088928222656, 109.78776550292969], "obj_id": 3}, {"cam_R_m2c": [0.006616390775889158, -0.21695449948310852, 0.9761592745780945, -0.5195654630661011, 0.8333260416984558, 0.18873095512390137, -0.8544049859046936, -0.5084273815155029, -0.10720846056938171], "cam_t_m2c": [-88.86628723144531, 249.4898223876953, 222.1715545654297], "obj_id": 4}, {"cam_R_m2c": [-0.07746612280607224, -0.037787046283483505, 0.9962786436080933, 0.7643192410469055, -0.6438871026039124, 0.03500852733850479, 0.6401680707931519, 0.7641868591308594, 0.0787607803940773], "cam_t_m2c": [-706.2100830078125, 227.13829040527344, 177.78509521484375], "obj_id": 1}, {"cam_R_m2c": [-0.11072473227977753, -0.12159087508916855, -0.9863850474357605, 0.8948212265968323, 0.419685423374176, -0.1521807610988617, 0.43247517943382263, -0.8994885683059692, 0.06233260780572891], "cam_t_m2c": [-396.1997985839844, 342.8634033203125, -24.114849090576172], "obj_id": 2}, {"cam_R_m2c": [-0.16609542071819305, -0.7687366604804993, -0.6176214218139648, -0.643020749092102, 0.5592789649963379, -0.5231934189796448, 0.7476206421852112, 0.3102433681488037, -0.5872073173522949], "cam_t_m2c": [-558.3027954101562, 573.2232666015625, -278.8597106933594], "obj_id": 4}, {"cam_R_m2c": [-0.07746592909097672, -0.7192897796630859, -0.6903774738311768, 0.7643189430236816, 0.4017806947231293, -0.5043696165084839, 0.6401682496070862, -0.5667401552200317, 0.5186426043510437], "cam_t_m2c": [-365.5682678222656, 489.7988586425781, -94.59382629394531], "obj_id": 1}, {"cam_R_m2c": [0.1817808896303177, -0.930752158164978, 0.317263662815094, -0.5036390423774719, 0.1889849156141281, 0.8429902195930481, -0.8445730209350586, -0.31302592158317566, -0.4344092905521393], "cam_t_m2c": [-109.39160919189453, 293.478515625, 170.7996368408203], "obj_id": 1}, {"cam_R_m2c": [-0.11508343368768692, -0.9743353128433228, 0.19345945119857788, 0.596332848072052, 0.08799156546592712, 0.7979001402854919, -0.7944450974464417, 0.20719128847122192, 0.5709017515182495], "cam_t_m2c": [-395.7528991699219, 581.8978881835938, -179.9357147216797], "obj_id": 3}],
  "5": [{"cam_R_m2c": [-0.8676177859306335, -0.23960110545158386, -0.43569570779800415, -0.2546846568584442, 0.9667147397994995, -0.02445968985557556, 0.4270540475845337, 0.08974336087703705, -0.8997616171836853], "cam_t_m2c": [-216.61181640625, 6.773855686187744, 491.7919616699219], "obj_id": 1}, {"cam_R_m2c": [0.7072398066520691, -0.41579708456993103, 0.5717732310295105, -0.17940488457679749, 0.6767333745956421, 0.7140348553657532, -0.6838316321372986, -0.6075727939605713, 0.40401676297187805], "cam_t_m2c": [260.2379150390625, -111.09172821044922, 717.01806640625], "obj_id": 2}, {"cam_R_m2c": [0.024435250088572502, -0.9722428321838379, 0.23269446194171906, 0.7042322754859924, 0.18194721639156342, 0.6862594485282898, -0.7095489501953125, 0.14710205793380737, 0.6891307830810547], "cam_t_m2c": [214.6125946044922, -215.11953735351562, 908.1693115234375], "obj_id": 3}, {"cam_R_m2c": [-0.24923072755336761, -0.24980314075946808, 0.9356722235679626, 0.7288400530815125, -0.6845896244049072, 0.01136797945946455, 0.6377117037773132, 0.6847886443138123, 0.3526872992515564], "cam_t_m2c": [-1.5615354776382446, -181.34776306152344, 828.9209594726562], "obj_id": 4}, {"cam_R_m2c": [0.20109973847866058, 0.5821942090988159, 0.7877872586250305, 0.7908248901367188, -0.5710731744766235, 0.2201620489358902, 0.5780612826347351, 0.5787272453308105, -0.57525634765625], "cam_t_m2c": [323.66607666015625, -97.57323455810547, 719.10302734375], "obj_id": 1}, {"cam_R_m2c": [0.08001278340816498, -0.8935859203338623, -0.4417036473751068, -0.891532838344574, 0.1340412050485611, -0.43266862630844116, 0.44583308696746826, 0.4284123182296753, -0.785936176776886], "cam_t_m2c": [301.1121826171875, -126.57640838623047, 702.4783325195312], "obj_id": 2}, {"cam_R_m2c": [0.5593787431716919, 0.7168596982955933, 0.4161822199821472, -0.8196536898612976, 0.5531909465789795, 0.14882075786590576, -0.12354465574026108, -0.42437246441841125, 0.8970199227333069], "cam_t_m2c": [3.9127097129821777, -164.88742065429688, 809.1868286132812], "obj_id": 3}, {"cam_R_m2c": [0.883732795715332, 0.34207627177238464, -0.319374680519104, 0.30995824933052063, -0.9391278028488159, -0.14820541441440582, -0.3506312072277069, 0.03198117017745972, -0.9359673857688904], "cam_t_m2c": [203.954345703125, 4.554119110107422, 418.3617858886719], "obj_id": 4}, {"cam_R_m2c": [-0.47686734795570374, -0.1251966953277588, -0.870013415813446, 0.8303489685058594, -0.3888188302516937, -0.39917483925819397, -0.2883022129535675, -0.9127681851387024, 0.28937193751335144], "cam_t_m2c": [-136.82530212402344, -101.95014190673828, 693.4323120117188], "obj_id": 1}, {"cam_R_m2c": [0.0753001719713211, 0.8463878631591797, 0.5272167325019836, 0.8463237881660461, -0.33384352922439575, 0.4150717556476593, 0.527319610118866, 0.41494110226631165, -0.7414566278457642], "cam_t_m2c": [-197.1644744873047, -44.42564392089844, 801.1881713867188], "obj_id": 2}, {"cam_R_m2c": [-0.2420823574066162, -0.5962474942207336, -0.7654311656951904, 0.9643447399139404, -0.06091247871518135, -0.257543683052063, 0.10693541169166565, -0.8004863858222961, 0.5897340774536133], "cam_t_m2c": [-71.74713897705078, -108.4658203125, 906.7384643554688], "obj_id": 3}, {"cam_R_m2c": [0.980728268623352, -0.10144459456205368, 0.16697628796100616, 0.19529758393764496, 0.48468005657196045, -0.852610170841217, 0.005562618374824524, 0.8687889575958252, 0.4951513111591339], "cam_t_m2c": [18.105361938476562, -219.21388244628906, 897.2797241210938], "obj_id": 4}, {"cam_R_m2c": [-0.9624494910240173, -0.23724450170993805, -0.13193154335021973, -0.21221567690372467, 0.9606302380561829, -0.17931543290615082, 0.16927902400493622, -0.14458411931991577, -0.9749051332473755], "cam_t_m2c": [89.11282348632812, -101.70016479492188, 637.5097045898438], "obj_id": 1}, {"cam_R_m2c": [0.8463848829269409, -0.4804527163505554, -0.2297777235507965, -0.5247650742530823, -0.6787605881690979, -0.5137175917625427, 0.09085295349359512, 0.5553820729255676, -0.8266174793243408], "cam_t_m2c": [-130.2904052734375, -130.24362182617188, 939.28564453125], "obj_id": 2}, {"cam_R_m2c": [0.3525533974170685, -0.9353986978530884, -0.027116304263472557, 0.697975218296051, 0.24354581534862518, 0.6734359264373779, -0.6233270764350891, -0.2563486099243164, 0.7387480735778809], "cam_t_m2c": [211.40396118164062, -64.05432891845703, 411.80224609375], "obj_id": 3}, {"cam_R_m2c": [0.6371746063232422, 0.43090471625328064, 0.6390067338943481, -0.42271727323532104, 0.8886593580245972, -0.17774897813796997, -0.6444521546363831, -0.1568620502948761, 0.748382031917572], "cam_t_m2c": [-20.59980583190918, -21.865623474121094, 536.0308227539062], "obj_id": 4}]
}