{
  "0": [{"cam_R_m2c": [-0.30265137553215027, -0.565510630607605, 0.767202615737915, 0.7786298394203186, -0.6109334230422974, -0.1431642323732376, 0.5496706366539001, 0.5540379881858826, 0.6252232789993286], "cam_t_m2c": [-54.77153015136719, -84.7366714477539, 940.2941284179688], "obj_id": 1}, {"cam_R_m2c": [-0.4228367507457733, 0.10608301311731339, 0.8999752402305603, -0.32932624220848083, -0.9432113170623779, -0.04354846850037575, 0.8442471027374268, -0.31479936838150024, 0.4337604343891144], "cam_t_m2c": [-317.1941833496094, 198.34469604492188, 924.4721069335938], "obj_id": 2}, {"cam_R_m2c": [0.1420091688632965, 0.4058228135108948, -0.9028517603874207, -0.9379639029502869, 0.3466342091560364, 0.00827663391828537, 0.31631818413734436, 0.8456669449806213, 0.4298723340034485], "cam_t_m2c": [-183.79977416992188, -48.238548278808594, 1035.6326904296875], "obj_id": 2}, {"cam_R_m2c": [-0.1456618756055832, 0.20170913636684418, 0.9685536623001099, -0.2717888653278351, 0.9331692457199097, -0.2352146953344345, -0.9512694478034973, -0.29750388860702515, -0.08110489696264267], "cam_t_m2c": [-362.5307312011719, 45.912166595458984, 912.0503540039062], "obj_id": 2}],
  "1": [{"cam_R_m2c": [0.41386935114860535, 0.9029354453086853, -0.11584325134754181, 0.7689997553825378, -0.27866822481155396, 0.5753114819526672, 0.48718732595443726, -0.3271872103214264, -0.8096894025802612], "cam_t_m2c": [142.4657440185547, 3.591744899749756, 902.9031982421875], "obj_id": 1}, {"cam_R_m2c": [0.9297879934310913, -0.08246636390686035, -0.3587389588356018, 0.14920085668563843, -0.8064996600151062, 0.5720991492271423, -0.3365017771720886, -0.585455060005188, -0.7375696301460266], "cam_t_m2c": [262.123779296875, 91.68118286132812, 1259.2821044921875], "obj_id": 2}, {"cam_R_m2c": [0.3039659857749939, 0.18630187213420868, 0.9342892169952393, -0.3933960795402527, 0.9177219271659851, -0.055008966475725174, -0.8676659464836121, -0.35082486271858215, 0.3522466719150543], "cam_t_m2c": [290.71923828125, 41.14226150512695, 963.3695678710938], "obj_id": 2}, {"cam_R_m2c": [-0.45998501777648926, -0.5397273302078247, -0.7050589919090271, -0.8373687267303467, 0.5277998447418213, 0.1422705352306366, 0.29534271359443665, 0.6558367013931274, -0.694730818271637], "cam_t_m2c": [319.1445007324219, -37.145240783691406, 1185.355224609375], "obj_id": 2}]
}