{
  "0": [{"cam_R_m2c": [-0.25419119000434875, -0.9656081199645996, -0.054660364985466, 0.5837292671203613, -0.10811075568199158, -0.8047186732292175, 0.771133542060852, -0.23645928502082825, 0.5911345481872559], "cam_t_m2c": [-171.97064208984375, -118.8958740234375, 382.3938293457031], "obj_id": 0}, {"cam_R_m2c": [-0.3962511122226715, -0.7478886246681213, -0.5325859189033508, -0.10613685846328735, -0.5388678312301636, 0.8356773257255554, -0.9119868874549866, 0.3876650035381317, 0.13414834439754486], "cam_t_m2c": [-137.44384765625, 109.7174301147461, 265.46575927734375], "obj_id": 1}, {"cam_R_m2c": [0.04670034348964691, 0.2218347191810608, 0.9739652276039124, 0.38181307911872864, -0.9049564003944397, 0.18780957162380219, 0.9230588674545288, 0.36310192942619324, -0.12696103751659393], "cam_t_m2c": [1.203230619430542, -153.3386688232422, 409.7037353515625], "obj_id": 0}, {"cam_R_m2c": [-0.8983937501907349, -0.24921110272407532, 0.36163854598999023, 0.40707919001579285, -0.7815729975700378, 0.4726838767528534, 0.16484886407852173, 0.571871817111969, 0.8036090731620789], "cam_t_m2c": [40.838478088378906, 84.05058288574219, 338.50921630859375], "obj_id": 1}, {"cam_R_m2c": [0.9985178709030151, 0.02228713408112526, -0.0496518574655056, -0.03763007000088692, 0.9418209791183472, -0.3340017795562744, 0.03931921720504761, 0.3353751599788666, 0.9412637948989868], "cam_t_m2c": [154.3173370361328, -65.73174285888672, 354.2101135253906], "obj_id": 3}, {"cam_R_m2c": [-0.20894981920719147, -0.6293653845787048, 0.7484911680221558, -0.3628177046775818, 0.7606513500213623, 0.5383054614067078, -0.9081317186355591, -0.15908700227737427, -0.3872828781604767], "cam_t_m2c": [91.6231460571289, 67.51506042480469, 325.90106201171875], "obj_id": 0}, {"cam_R_m2c": [0.13099676370620728, 0.348843514919281, 0.9279806017875671, -0.3134830892086029, 0.9025935530662537, -0.295047789812088, -0.940514862537384, -0.252255916595459, 0.22759337723255157], "cam_t_m2c": [353.26312255859375, -110.84371185302734, 460.0581359863281], "obj_id": 0}, {"cam_R_m2c": [-0.4068920314311981, -0.8270571827888489, -0.3878341317176819, -0.7382900714874268, 0.5477674603462219, -0.3935461640357971, 0.5379281044006348, 0.1262032836675644, -0.8334903120994568], "cam_t_m2c": [-0.660269021987915, -178.67433166503906, 468.016357421875], "obj_id": 3}, {"cam_R_m2c": [0.13898703455924988, 0.9001360535621643, 0.4128408133983612, -0.7971455454826355, -0.1456589549779892, 0.5859541296958923, 0.5875725150108337, -0.41053423285484314, 0.6972948908805847], "cam_t_m2c": [-114.32473754882812, 73.68788146972656, 268.12774658203125], "obj_id": 3}, {"cam_R_m2c": [-0.0795576199889183, -0.556213915348053, -0.8272221088409424, -0.6906412839889526, -0.5676450729370117, 0.44809970259666443, -0.7188080549240112, 0.6069636344909668, -0.3389836847782135], "cam_t_m2c": [-158.86659240722656, 132.86367797851562, 201.3916015625], "obj_id": 2}, {"cam_R_m2c": [-0.014281249605119228, 0.43789076805114746, -0.8989146947860718, 0.8053205013275146, -0.5278290510177612, -0.26991716027259827, -0.5926675796508789, -0.7277691960334778, -0.34510430693626404], "cam_t_m2c": [-182.86996459960938, -118.65813446044922, 440.85302734375], "obj_id": 3}, {"cam_R_m2c": [0.04941340163350105, -0.9942314624786377, -0.09519516676664352, -0.8535900712013245, -0.09152683615684509, 0.5128419399261475, -0.5185964703559875, 0.055916380137205124, -0.8531887531280518], "cam_t_m2c": [-166.9014892578125, -31.653039932250977, 302.8231201171875], "obj_id": 1}, {"cam_R_m2c": [-0.009216340258717537, 0.7244740724563599, 0.6892403960227966, 0.5924020409584045, -0.5513363480567932, 0.5874419212341309, 0.8055897355079651, 0.41372150182724, -0.4240986108779907], "cam_t_m2c": [190.65650939941406, -73.47816467285156, 433.5995178222656], "obj_id": 2}, {"cam_R_m2c": [-0.8752440810203552, -0.46691370010375977, -0.12625063955783844, 0.2896026372909546, -0.7149436473846436, 0.636384904384613, -0.38739892840385437, 0.5204296112060547, 0.7609698176383972], "cam_t_m2c": [-231.53094482421875, 71.77947998046875, 334.6166076660156], "obj_id": 1}, {"cam_R_m2c": [-0.0724627748131752, 0.9859821200370789, 0.15029402077198029, 0.2419370710849762, -0.12881247699260712, 0.9617035388946533, 0.9675822854042053, 0.10604945570230484, -0.2292114645242691], "cam_t_m2c": [139.1459197998047, -18.666038513183594, 395.7481689453125], "obj_id": 1}, {"cam_R_m2c": [-0.009219573810696602, 0.8779033422470093, -0.47874903678894043, 0.5924013257026672, 0.3905036449432373, 0.7046754956245422, 0.8055902123451233, -0.27711474895477295, -0.5236713886260986], "cam_t_m2c": [-116.56074523925781, 124.75003051757812, 284.3156433105469], "obj_id": 2}, {"cam_R_m2c": [0.4442013204097748, 0.8945877552032471, -0.04896794259548187, 0.6400195956230164, -0.3550947308540344, -0.6813828349113464, -0.6269450187683105, 0.27133068442344666, -0.7302872538566589], "cam_t_m2c": [105.580322265625, -4.016958236694336, 268.74993896484375], "obj_id": 1}, {"cam_R_m2c": [-0.07672969996929169, -0.2488868683576584, 0.9654883742332458, -0.3047081530094147, 0.9278682470321655, 0.21497312188148499, -0.9493500590324402, -0.27769735455513, -0.14703290164470673], "cam_t_m2c": [-52.831844329833984, -177.8048095703125, 479.8203125], "obj_id": 0}, {"cam_R_m2c": [-0.009211532771587372, 0.8963437676429749, 0.4432638883590698, 0.5924029350280762, -0.3522270619869232, 0.7245651483535767, 0.8055890798568726, 0.2692652642726898, -0.5277520418167114], "cam_t_m2c": [-103.3984603881836, -157.28756713867188, 467.0364685058594], "obj_id": 2}, {"cam_R_m2c": [0.06392069160938263, -0.8311371207237244, -0.5523813962936401, -0.8036782741546631, 0.2852690815925598, -0.5222285985946655, 0.591620922088623, 0.47731813788414, -0.649732232093811], "cam_t_m2c": [279.49554443359375, 20.129714965820312, 296.4000549316406], "obj_id": 3}, {"cam_R_m2c": [-0.5402798056602478, -0.8294011950492859, 0.142096608877182, -0.6315962076187134, 0.2881125509738922, -0.7197759747505188, 0.5560432076454163, -0.4786280691623688, -0.6795080900192261], "cam_t_m2c": [-250.7814483642578, 18.330280303955078, 248.2396240234375], "obj_id": 1}, {"cam_R_m2c": [-0.18525342643260956, -0.9821704030036926, 0.03197402507066727, -0.5109067559242249, 0.12405751645565033, 0.8506373763084412, -0.8394374847412109, 0.14124779403209686, -0.5247794985771179], "cam_t_m2c": [-49.00131607055664, 191.06597900390625, 225.50033569335938], "obj_id": 0}, {"cam_R_m2c": [-0.07147840410470963, -0.22295480966567993, 0.9722046256065369, 0.9088369607925415, 0.3870522975921631, 0.15558192133903503, -0.4109817147254944, 0.8946963548660278, 0.17496377229690552], "cam_t_m2c": [-2.365767240524292, -33.21669006347656, 329.2264099121094], "obj_id": 3}, {"cam_R_m2c": [0.013343957252800465, 0.40057000517845154, -0.9161689877510071, 0.6174404621124268, 0.7173984050750732, 0.32265594601631165, 0.7865044474601746, -0.5699852705001831, -0.2377551794052124], "cam_t_m2c": [-330.6995544433594, -182.48513793945312, 427.35235595703125], "obj_id": 0}, {"cam_R_m2c": [0.36400049924850464, 0.9305030107498169, -0.04083772003650665, -0.506328821182251, 0.1608874499797821, -0.8471991419792175, -0.7817510962486267, 0.3290582299232483, 0.5297036170959473], "cam_t_m2c": [96.57137298583984, 15.764273643493652, 290.42572021484375], "obj_id": 2}]
}