{
  "0": [{"cam_R_m2c": [-0.9838711023330688, -0.10240147262811661, -0.14666758477687836, 0.10279463231563568, 0.3473547101020813, -0.9320825338363647, 0.14639230072498322, -0.9321258664131165, -0.33122584223747253], "cam_t_m2c": [64.77548217773438, -15.699533462524414, 274.51983642578125], "obj_id": 3}, {"cam_R_m2c": [-0.9838711023330688, -0.10240147262811661, -0.14666758477687836, 0.10279463231563568, 0.3473547101020813, -0.9320825338363647, 0.14639230072498322, -0.9321258664131165, -0.33122584223747253], "cam_t_m2c": [64.77548217773438, -15.699533462524414, 274.51983642578125], "obj_id": 2}, {"cam_R_m2c": [-0.9838711023330688, -0.10240147262811661, -0.14666758477687836, 0.10279463231563568, 0.3473547101020813, -0.9320825338363647, 0.14639230072498322, -0.9321258664131165, -0.33122584223747253], "cam_t_m2c": [64.77548217773438, -15.699533462524414, 274.51983642578125], "obj_id": 2}, {"cam_R_m2c": [-0.9838711023330688, -0.10240147262811661, -0.14666758477687836, 0.10279463231563568, 0.3473547101020813, -0.9320825338363647, 0.14639230072498322, -0.9321258664131165, -0.33122584223747253], "cam_t_m2c": [64.77548217773438, -15.699533462524414, 274.51983642578125], "obj_id": 0}, {"cam_R_m2c": [-0.9838711023330688, -0.10240147262811661, -0.14666758477687836, 0.10279463231563568, 0.3473547101020813, -0.9320825338363647, 0.14639230072498322, -0.9321258664131165, -0.33122584223747253], "cam_t_m2c": [64.77548217773438, -15.699533462524414, 274.51983642578125], "obj_id": 3}, {"cam_R_m2c": [-0.9838711023330688, -0.10240147262811661, -0.14666758477687836, 0.10279463231563568, 0.3473547101020813, -0.9320825338363647, 0.14639230072498322, -0.9321258664131165, -0.33122584223747253], "cam_t_m2c": [64.77548217773438, -15.699533462524414, 274.51983642578125], "obj_id": 2}, {"cam_R_m2c": [-0.9838711023330688, -0.10240147262811661, -0.14666758477687836, 0.10279463231563568, 0.3473547101020813, -0.9320825338363647, 0.14639230072498322, -0.9321258664131165, -0.33122584223747253], "cam_t_m2c": [64.77548217773438, -15.699533462524414, 274.51983642578125], "obj_id": 1}, {"cam_R_m2c": [-0.9838711023330688, -0.10240147262811661, -0.14666758477687836, 0.10279463231563568, 0.3473547101020813, -0.9320825338363647, 0.14639230072498322, -0.9321258664131165, -0.33122584223747253], "cam_t_m2c": [64.77548217773438, -15.699533462524414, 274.51983642578125], "obj_id": 1}, {"cam_R_m2c": [-0.9838711023330688, -0.10240147262811661, -0.14666758477687836, 0.10279463231563568, 0.3473547101020813, -0.9320825338363647, 0.14639230072498322, -0.9321258664131165, -0.33122584223747253], "cam_t_m2c": [64.77548217773438, -15.699533462524414, 274.51983642578125], "obj_id": 0}, {"cam_R_m2c": [-0.9838711023330688, -0.10240147262811661, -0.14666758477687836, 0.10279463231563568, 0.3473547101020813, -0.9320825338363647, 0.14639230072498322, -0.9321258664131165, -0.33122584223747253], "cam_t_m2c": [64.77548217773438, -15.699533462524414, 274.51983642578125], "obj_id": 0}, {"cam_R_m2c": [-0.9838711023330688, -0.10240147262811661, -0.14666758477687836, 0.10279463231563568, 0.3473547101020813, -0.9320825338363647, 0.14639230072498322, -0.9321258664131165, -0.33122584223747253], "cam_t_m2c": [64.77548217773438, -15.699533462524414, 274.51983642578125], "obj_id": 0}, {"cam_R_m2c": [-0.9838711023330688, -0.10240147262811661, -0.14666758477687836, 0.10279463231563568, 0.3473547101020813, -0.9320825338363647, 0.14639230072498322, -0.9321258664131165, -0.33122584223747253], "cam_t_m2c": [64.77548217773438, -15.699533462524414, 274.51983642578125], "obj_id": 0}, {"cam_R_m2c": [-0.9838711023330688, -0.10240147262811661, -0.14666758477687836, 0.10279463231563568, 0.3473547101020813, -0.9320825338363647, 0.14639230072498322, -0.9321258664131165, -0.33122584223747253], "cam_t_m2c": [64.77548217773438, -15.699533462524414, 274.51983642578125], "obj_id": 0}, {"cam_R_m2c": [-0.9838711023330688, -0.10240147262811661, -0.14666758477687836, 0.10279463231563568, 0.3473547101020813, -0.9320825338363647, 0.14639230072498322, -0.9321258664131165, -0.33122584223747253], "cam_t_m2c": [64.77548217773438, -15.699533462524414, 274.51983642578125], "obj_id": 3}, {"cam_R_m2c": [-0.9838711023330688, -0.10240147262811661, -0.14666758477687836, 0.10279463231563568, 0.3473547101020813, -0.9320825338363647, 0.14639230072498322, -0.9321258664131165, -0.33122584223747253], "cam_t_m2c": [64.77548217773438, -15.699533462524414, 274.51983642578125], "obj_id": 3}, {"cam_R_m2c": [-0.9838711023330688, -0.10240147262811661, -0.14666758477687836, 0.10279463231563568, 0.3473547101020813, -0.9320825338363647, 0.14639230072498322, -0.9321258664131165, -0.33122584223747253], "cam_t_m2c": [64.77548217773438, -15.699533462524414, 274.51983642578125], "obj_id": 0}, {"cam_R_m2c": [-0.9838711023330688, -0.10240147262811661, -0.14666758477687836, 0.10279463231563568, 0.3473547101020813, -0.9320825338363647, 0.14639230072498322, -0.9321258664131165, -0.33122584223747253], "cam_t_m2c": [64.77548217773438, -15.699533462524414, 274.51983642578125], "obj_id": 0}, {"cam_R_m2c": [-0.9838711023330688, -0.10240147262811661, -0.14666758477687836, 0.10279463231563568, 0.3473547101020813, -0.9320825338363647, 0.14639230072498322, -0.9321258664131165, -0.33122584223747253], "cam_t_m2c": [64.77548217773438, -15.699533462524414, 274.51983642578125], "obj_id": 2}, {"cam_R_m2c": [-0.9838711023330688, -0.10240147262811661, -0.14666758477687836, 0.10279463231563568, 0.3473547101020813, -0.9320825338363647, 0.14639230072498322, -0.9321258664131165, -0.33122584223747253], "cam_t_m2c": [64.77548217773438, -15.699533462524414, 274.51983642578125], "obj_id": 1}, {"cam_R_m2c": [-0.9838711023330688, -0.10240147262811661, -0.14666758477687836, 0.10279463231563568, 0.3473547101020813, -0.9320825338363647, 0.14639230072498322, -0.9321258664131165, -0.33122584223747253], "cam_t_m2c": [64.77548217773438, -15.699533462524414, 274.51983642578125], "obj_id": 2}, {"cam_R_m2c": [-0.9838711023330688, -0.10240147262811661, -0.14666758477687836, 0.10279463231563568, 0.3473547101020813, -0.9320825338363647, 0.14639230072498322, -0.9321258664131165, -0.33122584223747253], "cam_t_m2c": [64.77548217773438, -15.699533462524414, 274.51983642578125], "obj_id": 1}, {"cam_R_m2c": [-0.9838711023330688, -0.10240147262811661, -0.14666758477687836, 0.10279463231563568, 0.3473547101020813, -0.9320825338363647, 0.14639230072498322, -0.9321258664131165, -0.33122584223747253], "cam_t_m2c": [64.77548217773438, -15.699533462524414, 274.51983642578125], "obj_id": 3}, {"cam_R_m2c": [-0.9838711023330688, -0.10240147262811661, -0.14666758477687836, 0.10279463231563568, 0.3473547101020813, -0.9320825338363647, 0.14639230072498322, -0.9321258664131165, -0.33122584223747253], "cam_t_m2c": [64.77548217773438, -15.699533462524414, 274.51983642578125], "obj_id": 3}, {"cam_R_m2c": [-0.9838711023330688, -0.10240147262811661, -0.14666758477687836, 0.10279463231563568, 0.3473547101020813, -0.9320825338363647, 0.14639230072498322, -0.9321258664131165, -0.33122584223747253], "cam_t_m2c": [64.77548217773438, -15.699533462524414, 274.51983642578125], "obj_id": 3}, {"cam_R_m2c": [0.1090330109000206, -0.9935302138328552, -0.031773705035448074, 0.5934310555458069, 0.09070166200399399, -0.7997580170631409, 0.7974656224250793, 0.06834453344345093, 0.5994811058044434], "cam_t_m2c": [-130.3314208984375, -30.069581985473633, 336.1798400878906], "obj_id": 1}, {"cam_R_m2c": [0.04263342171907425, -0.645000696182251, -0.7629917860031128, 0.9799186587333679, 0.17588654160499573, -0.09393241256475449, 0.1947864443063736, -0.7436652779579163, 0.6395468711853027], "cam_t_m2c": [-58.18397521972656, -38.08839416503906, 285.3525695800781], "obj_id": 0}, {"cam_R_m2c": [0.031982723623514175, -0.26692554354667664, -0.9631862640380859, -0.27218306064605713, 0.924932062625885, -0.26536211371421814, 0.9617137908935547, 0.2706499993801117, -0.04307076334953308], "cam_t_m2c": [-120.13555908203125, 21.841733932495117, 132.47877502441406], "obj_id": 3}, {"cam_R_m2c": [-0.4090960919857025, -0.19848568737506866, -0.8906422257423401, -0.17879515886306763, 0.9745716452598572, -0.13506443798542023, 0.8948030471801758, 0.1039881780743599, -0.43418174982070923], "cam_t_m2c": [38.139469146728516, -70.28355407714844, 321.47833251953125], "obj_id": 3}, {"cam_R_m2c": [-0.8823167085647583, 0.0198620967566967, -0.4702366292476654, 0.04701751470565796, 0.9978309273719788, -0.04607324302196503, 0.46830156445503235, -0.06276055425405502, -0.8813368082046509], "cam_t_m2c": [225.73248291015625, -40.920108795166016, 156.0107879638672], "obj_id": 3}]
}