{
  "0": [{"cam_R_m2c": [0.8172127604484558, -0.1338142603635788, 0.5605863332748413, 0.5737385153770447, 0.09664303809404373, -0.8133167028427124, 0.054656654596328735, 0.9862827658653259, 0.15575234591960907], "cam_t_m2c": [142.9652862548828, -55.03022384643555, 948.0306396484375], "obj_id": 3}, {"cam_R_m2c": [0.3713209629058838, -0.25591886043548584, 0.8925392031669617, -0.8977801203727722, -0.3441953659057617, 0.27480971813201904, 0.2368788868188858, -0.9033465385437012, -0.3575657904148102], "cam_t_m2c": [-109.5570068359375, -152.54449462890625, 820.7059936523438], "obj_id": 3}, {"cam_R_m2c": [0.6368599534034729, 0.053712084889411926, -0.7691062688827515, 0.3849416673183441, 0.8421776294708252, 0.3775668740272522, 0.6680039763450623, -0.5365182757377625, 0.5156731605529785], "cam_t_m2c": [-141.3488311767578, 54.62991714477539, 815.53369140625], "obj_id": 3}, {"cam_R_m2c": [-0.3662928342819214, -0.2532397210597992, 0.8953766226768494, -0.9013913869857788, -0.1422286331653595, -0.40897998213768005, 0.23091812431812286, -0.9568911790847778, -0.17617082595825195], "cam_t_m2c": [-78.62615203857422, -198.83087158203125, 841.4517822265625], "obj_id": 3}, {"cam_R_m2c": [-0.59932941198349, 0.31146350502967834, -0.737424373626709, 0.48930904269218445, -0.5865340232849121, -0.6454102993011475, -0.6335462331771851, -0.7476418018341064, 0.1991252452135086], "cam_t_m2c": [-7.539070129394531, -270.8255920410156, 946.1415405273438], "obj_id": 3}, {"cam_R_m2c": [-0.2906547486782074, 0.42083030939102173, -0.8593146204948425, 0.8634037375450134, -0.27170583605766296, -0.42509981989860535, -0.41237571835517883, -0.8654927611351013, -0.28437381982803345], "cam_t_m2c": [49.83551788330078, -45.8495979309082, 1091.5836181640625], "obj_id": 3}, {"cam_R_m2c": [0.13512372970581055, 0.9125033020973206, 0.386107861995697, 0.5636922717094421, -0.3912705183029175, 0.7274326682090759, 0.8148573637008667, 0.11935263127088547, -0.5672409534454346], "cam_t_m2c": [91.12395477294922, 64.9919662475586, 1071.94384765625], "obj_id": 3}, {"cam_R_m2c": [-0.2042136937379837, 0.12644442915916443, -0.9707256555557251, 0.08014281839132309, 0.9904537200927734, 0.11215430498123169, 0.9756401181221008, -0.05489324405789375, -0.21239781379699707], "cam_t_m2c": [162.497314453125, -30.42392349243164, 977.0105590820312], "obj_id": 3}, {"cam_R_m2c": [-0.5143634080886841, 0.8209811449050903, 0.24783042073249817, -0.7387762665748596, -0.5709539651870728, 0.35807934403419495, 0.43547624349594116, 0.001091722515411675, 0.9001995325088501], "cam_t_m2c": [-105.65889739990234, -198.70448303222656, 761.3805541992188], "obj_id": 3}, {"cam_R_m2c": [-0.3818497955799103, -0.9241814017295837, 0.008913474157452583, -0.9241957068443298, 0.3818961977958679, 0.004197567701339722, -0.007283336017280817, -0.006634954363107681, -0.9999514222145081], "cam_t_m2c": [-104.23628997802734, -102.79949188232422, 870.0914306640625], "obj_id": 3}, {"cam_R_m2c": [-0.9712221622467041, 0.11131873726844788, -0.21055959165096283, 0.1909209042787552, -0.1646692156791687, -0.9676947593688965, -0.1423952579498291, -0.9800469279289246, 0.1386774778366089], "cam_t_m2c": [-136.6634979248047, 138.1561737060547, 1020.2816772460938], "obj_id": 3}, {"cam_R_m2c": [0.25923052430152893, 0.9560112953186035, -0.13726602494716644, 0.8564022183418274, -0.1618233323097229, 0.49029430747032166, 0.4465140700340271, -0.24465419352054596, -0.8606798052787781], "cam_t_m2c": [23.79265785217285, -2.891577959060669, 1057.6256103515625], "obj_id": 3}, {"cam_R_m2c": [0.6995937824249268, 0.6915903091430664, 0.17964237928390503, -0.5255758166313171, 0.32772937417030334, 0.7850881814956665, 0.4840853214263916, -0.6436585187911987, 0.5927606225013733], "cam_t_m2c": [197.51370239257812, 66.56938934326172, 1065.9146728515625], "obj_id": 3}, {"cam_R_m2c": [-0.6255592703819275, 0.3462374210357666, -0.6991389393806458, 0.12212366610765457, 0.9285387992858887, 0.3505730628967285, 0.7705591320991516, 0.13392283022403717, -0.6231398582458496], "cam_t_m2c": [255.2857666015625, 31.221145629882812, 1026.5106201171875], "obj_id": 3}, {"cam_R_m2c": [0.7919371724128723, -0.5381619930267334, 0.2884739339351654, 0.29097461700439453, 0.7479637861251831, 0.5965600609779358, -0.5368140339851379, -0.38849949836730957, 0.7489317655563354], "cam_t_m2c": [-64.00768280029297, 82.79702758789062, 1047.147705078125], "obj_id": 3}, {"cam_R_m2c": [0.04931209608912468, -0.7489580512046814, 0.6607799530029297, -0.972430408000946, -0.18697382509708405, -0.13935503363609314, 0.22791965305805206, -0.6356906294822693, -0.7375296354293823], "cam_t_m2c": [-90.99678039550781, -59.01643753051758, 1116.9154052734375], "obj_id": 3}, {"cam_R_m2c": [0.611875057220459, 0.7578882575035095, 0.22630567848682404, -0.7520508766174316, 0.4688301384449005, 0.46326854825019836, 0.24500688910484314, -0.45365583896636963, 0.8568360209465027], "cam_t_m2c": [-50.23834991455078, -16.675996780395508, 732.5657958984375], "obj_id": 3}, {"cam_R_m2c": [-0.867375910282135, -0.4287202060222626, -0.2527015507221222, -0.47118574380874634, 0.544093132019043, 0.6942238211631775, -0.16013458371162415, 0.7212223410606384, -0.673940122127533], "cam_t_m2c": [115.93537139892578, 79.8155517578125, 991.8572998046875], "obj_id": 3}, {"cam_R_m2c": [0.22530721127986908, -0.7692357897758484, 0.5979238152503967, -0.09158657491207123, 0.5942638516426086, 0.7990383505821228, -0.9699734449386597, -0.2347908616065979, 0.06344027817249298], "cam_t_m2c": [-168.88218688964844, -64.15101623535156, 727.78271484375], "obj_id": 3}, {"cam_R_m2c": [-0.9698364734649658, -0.1855715960264206, -0.15805135667324066, 0.08271217346191406, 0.3593948185443878, -0.9295127987861633, 0.22929401695728302, -0.9145482182502747, -0.33320513367652893], "cam_t_m2c": [66.81071472167969, 84.1624526977539, 696.48046875], "obj_id": 3}, {"cam_R_m2c": [-0.7407428026199341, 0.19951839745044708, -0.6414768695831299, 0.22206155955791473, 0.9739234447479248, 0.046494532376527786, 0.6340258717536926, -0.10800686478614807, -0.7657321095466614], "cam_t_m2c": [-15.465275764465332, -293.8212890625, 803.4459228515625], "obj_id": 3}, {"cam_R_m2c": [-0.7963526248931885, 0.4729325771331787, 0.37703737616539, 0.2955971956253052, 0.848178505897522, -0.4395628273487091, -0.5276786088943481, -0.23859582841396332, -0.8152467608451843], "cam_t_m2c": [-6.795383453369141, 130.4520721435547, 825.2998657226562], "obj_id": 3}, {"cam_R_m2c": [-0.2728312611579895, 0.7003993391990662, 0.6595480442047119, -0.9326891303062439, -0.024454273283481598, -0.35985100269317627, -0.2359105944633484, -0.7133319973945618, 0.6599269509315491], "cam_t_m2c": [109.39228820800781, 96.50391387939453, 1082.61767578125], "obj_id": 3}, {"cam_R_m2c": [-0.6184744834899902, -0.7774211168289185, 0.11448001861572266, -0.09712756425142288, 0.2201974093914032, 0.9706076979637146, -0.7797791361808777, 0.5891769528388977, -0.21169549226760864], "cam_t_m2c": [103.94690704345703, 8.324518203735352, 1110.368896484375], "obj_id": 3}, {"cam_R_m2c": [-0.5810035467147827, -0.36332395672798157, 0.7283064126968384, 0.5431606769561768, 0.4933342933654785, 0.6794098019599915, -0.606144368648529, 0.7903270721435547, -0.08928558230400085], "cam_t_m2c": [133.12942504882812, 71.67350769042969, 1028.43505859375], "obj_id": 3}, {"cam_R_m2c": [-0.5912269949913025, 0.21177560091018677, 0.7782041430473328, 0.2882685959339142, 0.9566571712493896, -0.04133164510130882, -0.7532275915145874, 0.19989542663097382, -0.626649796962738], "cam_t_m2c": [99.09941864013672, -190.47581481933594, 770.7853393554688], "obj_id": 3}, {"cam_R_m2c": [-0.7107492089271545, 0.1788335144519806, 0.6803337931632996, -0.6404929757118225, 0.23538532853126526, -0.7310010194778442, -0.2908680737018585, -0.9553074240684509, -0.05275828018784523], "cam_t_m2c": [54.46900177001953, 103.1724624633789, 864.0213012695312], "obj_id": 3}, {"cam_R_m2c": [-0.9558485746383667, 0.2748951315879822, -0.1038559079170227, 0.2690255045890808, 0.6764021515846252, -0.6856423020362854, -0.1182313933968544, -0.6833101511001587, -0.7204917669296265], "cam_t_m2c": [-145.40650939941406, 76.79683685302734, 713.7059326171875], "obj_id": 3}, {"cam_R_m2c": [0.4162582457065582, 0.3700912594795227, 0.8305187225341797, -0.878919243812561, 0.39771947264671326, 0.2632870376110077, -0.23287315666675568, -0.8395543694496155, 0.49083444476127625], "cam_t_m2c": [-135.51300048828125, 193.3423614501953, 1042.10595703125], "obj_id": 1}, {"cam_R_m2c": [0.033517882227897644, -0.18352347612380981, -0.9824436902999878, 0.988494873046875, 0.15115444362163544, 0.005488179624080658, 0.14749346673488617, -0.9713245630264282, 0.18647843599319458], "cam_t_m2c": [14.794966697692871, -198.06802368164062, 910.7891845703125], "obj_id": 1}, {"cam_R_m2c": [-0.4408285319805145, 0.011844456195831299, 0.8975130915641785, 0.3294583559036255, -0.9279860258102417, 0.17406560480594635, 0.8349414467811584, 0.372426301240921, 0.4051806628704071], "cam_t_m2c": [170.297119140625, 20.760896682739258, 950.68408203125], "obj_id": 1}, {"cam_R_m2c": [-0.043758366256952286, -0.9717299938201904, 0.2320038229227066, -0.21736440062522888, 0.23592358827590942, 0.9471496939659119, -0.9751090407371521, -0.00898351427167654, -0.2215430587530136], "cam_t_m2c": [40.62002944946289, -247.74658203125, 806.616455078125], "obj_id": 1}, {"cam_R_m2c": [0.7390933036804199, -0.029803458601236343, 0.6729434132575989, 0.528629720211029, 0.6448314785957336, -0.5520352721214294, -0.41748252511024475, 0.7637434601783752, 0.4923456311225891], "cam_t_m2c": [-80.34547424316406, 211.6966094970703, 1045.087646484375], "obj_id": 1}, {"cam_R_m2c": [0.0028102335054427385, -0.27749207615852356, -0.9607237577438354, 0.5640433430671692, -0.7928746938705444, 0.23066101968288422, -0.8257402777671814, -0.5425381064414978, 0.15428955852985382], "cam_t_m2c": [-9.007850646972656, 223.71060180664062, 779.6998291015625], "obj_id": 1}, {"cam_R_m2c": [0.5751426815986633, 0.8088114857673645, 0.12261684983968735, -0.7504433989524841, 0.46198147535324097, 0.47266027331352234, 0.3256463408470154, -0.36386409401893616, 0.8726725578308105], "cam_t_m2c": [28.42411994934082, 229.57205200195312, 1037.635986328125], "obj_id": 1}, {"cam_R_m2c": [0.0469609797000885, 0.6625789403915405, -0.7475183606147766, -0.9687983393669128, 0.21252970397472382, 0.1275179386138916, 0.24336054921150208, 0.7182062268257141, 0.6518860459327698], "cam_t_m2c": [-118.20913696289062, -111.6414566040039, 878.358154296875], "obj_id": 1}, {"cam_R_m2c": [-0.5609115362167358, -0.09015636146068573, -0.8229519724845886, -0.7708685994148254, -0.30561408400535583, 0.558893084526062, -0.30189353227615356, 0.9478774666786194, 0.1019238606095314], "cam_t_m2c": [-103.82798767089844, -9.972384452819824, 800.1514282226562], "obj_id": 1}, {"cam_R_m2c": [-0.9493851065635681, -0.10632644593715668, 0.29557138681411743, 0.26913735270500183, 0.209839329123497, 0.9399640560150146, -0.1619655340909958, 0.9719372987747192, -0.17060184478759766], "cam_t_m2c": [-116.84768676757812, 209.4080047607422, 1013.2828979492188], "obj_id": 1}, {"cam_R_m2c": [-0.5300670862197876, -0.7422322630882263, 0.4100247323513031, -0.3654385805130005, -0.23637810349464417, -0.9003222584724426, 0.7651690244674683, -0.6270699501037598, -0.14594408869743347], "cam_t_m2c": [154.84202575683594, -89.97103881835938, 911.8214721679688], "obj_id": 1}, {"cam_R_m2c": [0.14507916569709778, 0.9176030158996582, 0.37007656693458557, 0.9746601581573486, -0.1969064176082611, 0.10613784939050674, 0.1702628880739212, 0.3453005254268646, -0.9229181408882141], "cam_t_m2c": [-64.09070587158203, -93.84991455078125, 1057.879150390625], "obj_id": 1}, {"cam_R_m2c": [0.7634468674659729, -0.645735502243042, -0.013212459161877632, 0.6442644596099854, 0.7599470615386963, 0.08604513108730316, -0.04552162438631058, -0.07420320063829422, 0.996203601360321], "cam_t_m2c": [-8.104454040527344, 297.7188415527344, 1005.6309814453125], "obj_id": 1}, {"cam_R_m2c": [0.41817185282707214, 0.16002805531024933, -0.8941606283187866, 0.4221634268760681, 0.8373556137084961, 0.3472946584224701, 0.8043072819709778, -0.5227108001708984, 0.2826005816459656], "cam_t_m2c": [-155.3123016357422, -2.9247851371765137, 707.0881958007812], "obj_id": 1}, {"cam_R_m2c": [-0.8494225740432739, 0.1280839443206787, -0.5119332671165466, 0.5232324600219727, 0.07826875895261765, -0.8485881090164185, -0.06862214207649231, -0.9886700510978699, -0.133500874042511], "cam_t_m2c": [60.331417083740234, -55.509552001953125, 1123.587158203125], "obj_id": 1}, {"cam_R_m2c": [-0.2684096097946167, -0.12054988741874695, -0.9557321667671204, 0.33687838912010193, 0.9177462458610535, -0.21036815643310547, 0.9024794697761536, -0.3784303665161133, -0.20572125911712646], "cam_t_m2c": [6.694219589233398, -135.21827697753906, 1022.0978393554688], "obj_id": 1}, {"cam_R_m2c": [-0.2889721989631653, 0.8944361209869385, 0.3412902355194092, 0.9571076035499573, 0.2621091902256012, 0.12346569448709488, 0.020976882427930832, 0.3623296320438385, -0.9318138360977173], "cam_t_m2c": [133.56211853027344, 63.18736267089844, 979.28662109375], "obj_id": 1}, {"cam_R_m2c": [0.55241459608078, 0.8335644602775574, 0.0029082451947033405, -0.713055431842804, 0.47073882818222046, 0.5195738077163696, 0.4317292273044586, -0.28909388184547424, 0.8544206023216248], "cam_t_m2c": [-8.955390930175781, 35.30105972290039, 1097.5341796875], "obj_id": 1}, {"cam_R_m2c": [-0.6412196755409241, -0.552412748336792, -0.5326136350631714, 0.21318945288658142, -0.795008659362793, 0.5679007768630981, -0.7371481657028198, 0.25060155987739563, 0.6275439262390137], "cam_t_m2c": [54.864898681640625, -75.86585235595703, 1037.2117919921875], "obj_id": 1}, {"cam_R_m2c": [0.8035145401954651, -0.18142069876194, 0.5669664144515991, -0.5654482245445251, -0.5303561687469482, 0.63165682554245, 0.18609857559204102, -0.82813560962677, -0.5287328362464905], "cam_t_m2c": [-138.43887329101562, -173.8035430908203, 755.3975830078125], "obj_id": 1}, {"cam_R_m2c": [-0.11534299701452255, 0.7108575105667114, -0.693813681602478, -0.2656571865081787, -0.6951082944869995, -0.6680198311805725, -0.95714271068573, 0.10726513713598251, 0.2690204083919525], "cam_t_m2c": [-102.58060455322266, 86.11474609375, 810.0958862304688], "obj_id": 1}, {"cam_R_m2c": [-0.4052498936653137, 0.04527460038661957, 0.9130841493606567, 0.0007765805348753929, -0.9987554550170898, 0.04986721649765968, 0.9142055511474609, 0.020917771384119987, 0.4047105014324188], "cam_t_m2c": [57.33820343017578, 20.246416091918945, 872.8467407226562], "obj_id": 1}, {"cam_R_m2c": [-0.8952292203903198, 0.25119537115097046, 0.3680557310581207, 0.34825289249420166, -0.1208941861987114, 0.9295720458030701, 0.2780000865459442, 0.9603567719459534, 0.02074877731502056], "cam_t_m2c": [-198.2525177001953, -44.240230560302734, 843.1180419921875], "obj_id": 1}, {"cam_R_m2c": [-0.6694866418838501, 0.561593770980835, 0.4862094223499298, 0.037453792989254, 0.6792300343513489, -0.7329690456390381, -0.7418789267539978, -0.47250276803970337, -0.47576916217803955], "cam_t_m2c": [-50.91165542602539, -167.69834899902344, 819.5314331054688], "obj_id": 1}, {"cam_R_m2c": [-0.6828848719596863, 0.6914368271827698, 0.23576101660728455, -0.6995483040809631, -0.7119200825691223, 0.0616590715944767, 0.2104763686656952, -0.1228201687335968, 0.9698530435562134], "cam_t_m2c": [-242.56674194335938, -51.79222106933594, 875.3247680664062], "obj_id": 1}, {"cam_R_m2c": [-0.11683528870344162, 0.705851137638092, 0.6986584663391113, 0.6943959593772888, 0.5610025525093079, -0.4506554901599884, -0.7100448608398438, 0.4324931502342224, -0.5556850433349609], "cam_t_m2c": [-192.35569763183594, -10.424673080444336, 849.5908813476562], "obj_id": 1}, {"cam_R_m2c": [-0.43471381068229675, 0.6253212094306946, -0.6480719447135925, 0.25291430950164795, -0.6058931350708008, -0.7542730569839478, -0.8643252849578857, -0.49179959297180176, 0.1052374616265297], "cam_t_m2c": [54.74897003173828, 4.073444843292236, 1048.703369140625], "obj_id": 1}, {"cam_R_m2c": [0.5913638472557068, -0.7881775498390198, 0.17048422992229462, -0.5994061827659607, -0.5710537433624268, -0.5609006881713867, 0.5394450426101685, 0.22950707376003265, -0.810139000415802], "cam_t_m2c": [73.45375061035156, 149.05230712890625, 859.0650634765625], "obj_id": 1}, {"cam_R_m2c": [0.13158957660198212, -0.9863205552101135, 0.09927696734666824, 0.6107398867607117, 0.1595478504896164, 0.7755908966064453, -0.7808206677436829, -0.04142724722623825, 0.623380184173584], "cam_t_m2c": [141.54342651367188, 55.85011672973633, 806.3301391601562], "obj_id": 1}, {"cam_R_m2c": [-0.69138103723526, -0.5391034483909607, -0.480998694896698, -0.10099226981401443, -0.5871017575263977, 0.8031887412071228, -0.7153970003128052, 0.603886604309082, 0.35146570205688477], "cam_t_m2c": [-86.32955932617188, 41.84679412841797, 854.47265625], "obj_id": 1}, {"cam_R_m2c": [0.3091728389263153, 0.2440604269504547, -0.9191553592681885, 0.8838806748390198, 0.2829287350177765, 0.37243273854255676, 0.35095152258872986, -0.9275698065757751, -0.12824638187885284], "cam_t_m2c": [-6.183218479156494, -53.49372863769531, 740.5078125], "obj_id": 1}, {"cam_R_m2c": [-0.41125407814979553, -0.9027815461158752, -0.12591807544231415, -0.7310561537742615, 0.4091825485229492, -0.5460095405578613, 0.5444508194923401, -0.13249552249908447, -0.8282619714736938], "cam_t_m2c": [32.140716552734375, -122.93760681152344, 1056.80419921875], "obj_id": 1}, {"cam_R_m2c": [-0.08057566732168198, 0.27230656147003174, -0.9588308334350586, -0.9074442386627197, 0.37794026732444763, 0.18359193205833435, 0.41237401962280273, 0.8848786354064941, 0.21665030717849731], "cam_t_m2c": [-101.3124771118164, -103.2479248046875, 1071.889404296875], "obj_id": 1}, {"cam_R_m2c": [-0.8026149272918701, 0.34785833954811096, -0.48456552624702454, 0.19268712401390076, 0.9199976921081543, 0.34128570556640625, 0.5645182132720947, 0.18055148422718048, -0.8054316639900208], "cam_t_m2c": [121.9575424194336, 46.82779312133789, 976.995849609375], "obj_id": 1}, {"cam_R_m2c": [0.5081145167350769, 0.8536138534545898, 0.11472980678081512, 0.7850921750068665, -0.4042556583881378, -0.46926265954971313, -0.3541889488697052, 0.32851263880729675, -0.8755737543106079], "cam_t_m2c": [72.03417205810547, -106.82469940185547, 786.3744506835938], "obj_id": 1}, {"cam_R_m2c": [-0.18586112558841705, 0.7146843671798706, 0.6743009686470032, 0.5113257169723511, -0.5156636834144592, 0.6874858736991882, 0.8390479683876038, 0.4725643992424011, -0.26959460973739624], "cam_t_m2c": [-157.8169403076172, 43.564640045166016, 751.68115234375], "obj_id": 1}, {"cam_R_m2c": [-0.38071414828300476, 0.16316886246204376, 0.910182774066925, 0.7106571793556213, 0.6814000606536865, 0.17510104179382324, -0.5916275382041931, 0.7134913206100464, -0.37537574768066406], "cam_t_m2c": [39.038299560546875, 26.231121063232422, 1082.5550537109375], "obj_id": 1}, {"cam_R_m2c": [-0.25835323333740234, -0.581816554069519, -0.7711958289146423, -0.8468578457832336, -0.24773041903972626, 0.47059670090675354, -0.46484968066215515, 0.7746734619140625, -0.42871391773223877], "cam_t_m2c": [-235.33981323242188, 23.972198486328125, 882.5554809570312], "obj_id": 1}, {"cam_R_m2c": [-0.5820518732070923, 0.7770071029663086, 0.23974066972732544, 0.6320128440856934, 0.6177924275398254, -0.4678592383861542, -0.5116399526596069, -0.12079915404319763, -0.8506657481193542], "cam_t_m2c": [-127.1799087524414, -211.67037963867188, 793.70068359375], "obj_id": 1}, {"cam_R_m2c": [-0.5523639917373657, 0.6659671664237976, 0.5013794898986816, -0.09000714123249054, 0.5502974987030029, -0.8301031589508057, -0.8287293314933777, -0.5036470293998718, -0.24402263760566711], "cam_t_m2c": [-113.02316284179688, 38.39067077636719, 737.1981201171875], "obj_id": 1}, {"cam_R_m2c": [0.8374228477478027, -0.36126935482025146, 0.41013094782829285, 0.49690496921539307, 0.8157492876052856, -0.29603803157806396, -0.22761458158493042, 0.45170512795448303, 0.8626436591148376], "cam_t_m2c": [58.64692687988281, 103.95970916748047, 960.70068359375], "obj_id": 1}, {"cam_R_m2c": [-0.915779173374176, -0.09138379245996475, -0.3911488950252533, 0.3058585822582245, -0.7898728847503662, -0.5315554738044739, -0.26038235425949097, -0.6064237356185913, 0.7512997388839722], "cam_t_m2c": [-21.66223907470703, -18.14608383178711, 879.946044921875], "obj_id": 1}, {"cam_R_m2c": [-0.5847952961921692, -0.36878329515457153, -0.7225046753883362, 0.7396515011787415, 0.12328452616930008, -0.6616013646125793, 0.3330611288547516, -0.9213032126426697, 0.2006751000881195], "cam_t_m2c": [-21.36544418334961, -162.15359497070312, 870.2095336914062], "obj_id": 1}, {"cam_R_m2c": [-0.9833997488021851, 0.02903984673321247, -0.17911310493946075, -0.09761127084493637, -0.9167782068252563, 0.38728490471839905, -0.15296030044555664, 0.3983393609523773, 0.9043942093849182], "cam_t_m2c": [43.80831527709961, 84.61418914794922, 1010.8741455078125], "obj_id": 1}, {"cam_R_m2c": [0.680247962474823, -0.3166639506816864, -0.6610496044158936, 0.2536981999874115, -0.7444021701812744, 0.6176586747169495, -0.6876771450042725, -0.5878681540489197, -0.426040917634964], "cam_t_m2c": [-14.615150451660156, 198.20616149902344, 978.5900268554688], "obj_id": 1}, {"cam_R_m2c": [-0.37663063406944275, -0.5686118006706238, 0.7313206791877747, -0.7979548573493958, 0.6001406908035278, 0.05567026883363724, -0.4705500602722168, -0.5625937581062317, -0.6797579526901245], "cam_t_m2c": [-62.35204315185547, -135.7417449951172, 810.908935546875], "obj_id": 1}, {"cam_R_m2c": [0.5913482308387756, 0.7105497121810913, -0.3813481330871582, 0.7456459999084473, -0.30168765783309937, 0.5941351056098938, 0.30711448192596436, -0.6356914043426514, -0.7082210183143616], "cam_t_m2c": [-191.6959228515625, 11.581256866455078, 866.2990112304688], "obj_id": 1}, {"cam_R_m2c": [-0.5916386842727661, -0.5118706822395325, 0.622857928276062, -0.4510766565799713, 0.850508987903595, 0.2704889476299286, -0.6682016253471375, -0.1209249198436737, -0.7340869307518005], "cam_t_m2c": [59.4799690246582, 122.60134887695312, 988.2264404296875], "obj_id": 1}, {"cam_R_m2c": [-0.5201627016067505, -0.6085460782051086, 0.5992513298988342, 0.8260568380355835, -0.5366936326026917, 0.17201663553714752, 0.2169344127178192, 0.5844923853874207, 0.7818619012832642], "cam_t_m2c": [161.31405639648438, -100.31755828857422, 813.0188598632812], "obj_id": 1}, {"cam_R_m2c": [0.9063346982002258, 0.131488636136055, 0.4015820622444153, -0.3397999107837677, -0.3381328582763672, 0.877611517906189, 0.2511840760707855, -0.9318673610687256, -0.2617817223072052], "cam_t_m2c": [-105.92735290527344, -181.7337646484375, 787.2584228515625], "obj_id": 1}, {"cam_R_m2c": [0.33533811569213867, 0.7994808554649353, 0.49837595224380493, -0.6411505341529846, -0.19393235445022583, 0.7425066232681274, 0.6902711391448975, -0.5685247182846069, 0.4475547671318054], "cam_t_m2c": [-126.65127563476562, -202.69383239746094, 842.1644897460938], "obj_id": 1}, {"cam_R_m2c": [-0.010058203712105751, -0.8445983529090881, -0.535305917263031, -0.47973769903182983, -0.46562454104423523, 0.7436702251434326, -0.8773542642593384, 0.26428645849227905, -0.4005022644996643], "cam_t_m2c": [78.83453369140625, -206.0535125732422, 762.5892333984375], "obj_id": 1}, {"cam_R_m2c": [0.5185468792915344, 0.8343845009803772, -0.1868465542793274, -0.5221142172813416, 0.13593365252017975, -0.8419731259346008, -0.6771305799484253, 0.5341577529907227, 0.5061320066452026], "cam_t_m2c": [-15.599262237548828, -161.7019500732422, 875.5452880859375], "obj_id": 1}, {"cam_R_m2c": [-0.9045776724815369, -0.32393184304237366, 0.2771412134170532, 0.4258723556995392, -0.6572373509407043, 0.6218293309211731, -0.019282735884189606, 0.6805197596549988, 0.7324759364128113], "cam_t_m2c": [-34.99351501464844, -101.23594665527344, 976.9745483398438], "obj_id": 1}, {"cam_R_m2c": [-0.7466070055961609, 0.31668898463249207, -0.5850520133972168, 0.1972585916519165, -0.7344951033592224, -0.6493117809295654, -0.635347843170166, -0.600187361240387, 0.48590973019599915], "cam_t_m2c": [121.38796997070312, 3.5782310962677, 1107.7735595703125], "obj_id": 3}, {"cam_R_m2c": [-0.1303570419549942, -0.7384626865386963, -0.6615738272666931, -0.4015321433544159, 0.6494186520576477, -0.6457765698432922, 0.9065202474594116, 0.1814616173505783, -0.381172776222229], "cam_t_m2c": [-150.51589965820312, 58.40458679199219, 1050.4892578125], "obj_id": 1}, {"cam_R_m2c": [0.8730508089065552, -0.03803229704499245, 0.48614388704299927, 0.23996348679065704, -0.834376871585846, -0.4962184727191925, 0.4244995415210724, 0.5498807430267334, -0.7193270325660706], "cam_t_m2c": [142.736083984375, -64.84210968017578, 738.818115234375], "obj_id": 1}, {"cam_R_m2c": [-0.6350868940353394, 0.14852724969387054, -0.7580263614654541, -0.35145044326782227, 0.8183194994926453, 0.45479199290275574, 0.6878567337989807, 0.5552412271499634, -0.46750399470329285], "cam_t_m2c": [40.38931655883789, 200.97682189941406, 889.8193359375], "obj_id": 1}],
