{
  "0": [{"cam_R_m2c": [0.553371012210846, 0.798115611076355, -0.2383105456829071, -0.741848349571228, 0.3421591818332672, -0.5767045021057129, -0.3787367641925812, 0.4959218204021454, 0.7814217805862427], "cam_t_m2c": [140.55337524414062, 121.55386352539062, 1114.6397705078125], "obj_id": 2}, {"cam_R_m2c": [-0.7242217659950256, 0.39599213004112244, -0.5645291805267334, 0.10308172553777695, -0.7473020553588867, -0.6564403772354126, -0.681818962097168, -0.5336009860038757, 0.500392735004425], "cam_t_m2c": [140.55337524414062, 121.55386352539062, 1114.6397705078125], "obj_id": 1}, {"cam_R_m2c": [-0.06598494201898575, -0.12104333937168121, 0.9904515147209167, -0.52637779712677, 0.847486674785614, 0.06850362569093704, -0.8476863503456116, -0.5168315172195435, -0.11963587254285812], "cam_t_m2c": [140.55337524414062, 121.55386352539062, 1114.6397705078125], "obj_id": 0}, {"cam_R_m2c": [0.509092390537262, -0.5362161993980408, -0.6732733845710754, 0.3236553966999054, -0.6055555939674377, 0.7270140647888184, -0.7975412607192993, -0.5880258679389954, -0.13473443686962128], "cam_t_m2c": [140.55337524414062, 121.55386352539062, 1114.6397705078125], "obj_id": 0}, {"cam_R_m2c": [-0.05514738708734512, -0.6699461340904236, 0.7403584718704224, -0.5978554487228394, 0.6160300374031067, 0.5129091739654541, -0.7997045516967773, -0.4143417477607727, -0.4345034062862396], "cam_t_m2c": [140.55337524414062, 121.55386352539062, 1114.6397705078125], "obj_id": 0}, {"cam_R_m2c": [0.778724193572998, 0.6223865747451782, 0.07888976484537125, -0.5906174778938293, 0.6848846673965454, 0.42673632502555847, 0.2115645706653595, -0.3789035677909851, 0.9009286761283875], "cam_t_m2c": [140.55337524414062, 121.55386352539062, 1114.6397705078125], "obj_id": 1}, {"cam_R_m2c": [0.07314315438270569, -0.8989002108573914, -0.4320051074028015, 0.7913030385971069, -0.21134525537490845, 0.5737355947494507, -0.6070333123207092, -0.3838118016719818, 0.6958441138267517], "cam_t_m2c": [140.55337524414062, 121.55386352539062, 1114.6397705078125], "obj_id": 2}, {"cam_R_m2c": [0.14924968779087067, -0.9564308524131775, 0.25092747807502747, 0.35496726632118225, 0.28867900371551514, 0.8891921639442444, -0.9228882789611816, -0.04364063963294029, 0.38258686661720276], "cam_t_m2c": [140.55337524414062, 121.55386352539062, 1114.6397705078125], "obj_id": 1}, {"cam_R_m2c": [-0.003092183033004403, 0.9989060759544373, -0.046659912914037704, -0.7609710693359375, -0.032622747123241425, -0.647965133190155, -0.6487784385681152, 0.033503226935863495, 0.7602394819259644], "cam_t_m2c": [140.55337524414062, 121.55386352539062, 1114.6397705078125], "obj_id": 1}, {"cam_R_m2c": [0.45917561650276184, -0.5372634530067444, 0.707464337348938, 0.6795010566711426, -0.3005657196044922, -0.6692821979522705, 0.5722203254699707, 0.788040816783905, 0.22705857455730438], "cam_t_m2c": [140.55337524414062, 121.55386352539062, 1114.6397705078125], "obj_id": 0}],
  "1": [{"cam_R_m2c": [0.553371012210846, 0.798115611076355, -0.2383105456829071, -0.741848349571228, 0.3421591818332672, -0.5767045021057129, -0.3787367641925812, 0.4959218204021454, 0.7814217805862427], "cam_t_m2c": [140.55337524414062, 121.55386352539062, 1114.6397705078125], "obj_id": 2}, {"cam_R_m2c": [-0.7242217659950256, 0.39599213004112244, -0.5645291805267334, 0.10308172553777695, -0.7473020553588867, -0.6564403772354126, -0.681818962097168, -0.5336009860038757, 0.500392735004425], "cam_t_m2c": [140.55337524414062, 121.55386352539062, 1114.6397705078125], "obj_id": 1}, {"cam_R_m2c": [-0.06598494201898575, -0.12104333937168121, 0.9904515147209167, -0.52637779712677, 0.847486674785614, 0.06850362569093704, -0.8476863503456116, -0.5168315172195435, -0.11963587254285812], "cam_t_m2c": [140.55337524414062, 121.55386352539062, 1114.6397705078125], "obj_id": 0}, {"cam_R_m2c": [0.509092390537262, -0.5362161993980408, -0.6732733845710754, 0.3236553966999054, -0.6055555939674377, 0.7270140647888184, -0.7975412607192993, -0.5880258679389954, -0.13473443686962128], "cam_t_m2c": [140.55337524414062, 121.55386352539062, 1114.6397705078125], "obj_id": 0}, {"cam_R_m2c": [-0.05514738708734512, -0.6699461340904236, 0.7403584718704224, -0.5978554487228394, 0.6160300374031067, 0.5129091739654541, -0.7997045516967773, -0.4143417477607727, -0.4345034062862396], "cam_t_m2c": [140.55337524414062, 121.55386352539062, 1114.6397705078125], "obj_id": 0}, {"cam_R_m2c": [0.778724193572998, 0.6223865747451782, 0.07888976484537125, -0.5906174778938293, 0.6848846673965454, 0.42673632502555847, 0.2115645706653595, -0.3789035677909851, 0.9009286761283875], "cam_t_m2c": [140.55337524414062, 121.55386352539062, 1114.6397705078125], "obj_id": 1}, {"cam_R_m2c": [0.07314315438270569, -0.8989002108573914, -0.4320051074028015, 0.7913030385971069, -0.21134525537490845, 0.5737355947494507, -0.6070333123207092, -0.3838118016719818, 0.6958441138267517], "cam_t_m2c": [140.55337524414062, 121.55386352539062, 1114.6397705078125], "obj_id": 2}, {"cam_R_m2c": [0.14924968779087067, -0.9564308524131775, 0.25092747807502747, 0.35496726632118225, 0.28867900371551514, 0.8891921639442444, -0.9228882789611816, -0.04364063963294029, 0.38258686661720276], "cam_t_m2c": [140.55337524414062, 121.55386352539062, 1114.6397705078125], "obj_id": 1}, {"cam_R_m2c": [-0.003092183033004403, 0.9989060759544373, -0.046659912914037704, -0.7609710693359375, -0.032622747123241425, -0.647965133190155, -0.6487784385681152, 0.033503226935863495, 0.7602394819259644], "cam_t_m2c": [140.55337524414062, 121.55386352539062, 1114.6397705078125], "obj_id": 1}, {"cam_R_m2c": [0.45917561650276184, -0.5372634530067444, 0.707464337348938, 0.6795010566711426, -0.3005657196044922, -0.6692821979522705, 0.5722203254699707, 0.788040816783905, 0.22705857455730438], "cam_t_m2c": [140.55337524414062, 121.55386352539062, 1114.6397705078125], "obj_id": 0}],
  "2": [{"cam_R_m2c": [0.553371012210846, 0.798115611076355, -0.2383105456829071, -0.741848349571228, 0.3421591818332672, -0.5767045021057129, -0.3787367641925812, 0.4959218204021454, 0.7814217805862427], "cam_t_m2c": [140.55337524414062, 121.55386352539062, 1114.6397705078125], "obj_id": 2}, {"cam_R_m2c": [-0.7242217659950256, 0.39599213004112244, -0.5645291805267334, 0.10308172553777695, -0.7473020553588867, -0.6564403772354126, -0.681818962097168, -0.5336009860038757, 0.500392735004425], "cam_t_m2c": [140.55337524414062, 121.55386352539062, 1114.6397705078125], "obj_id": 1}, {"cam_R_m2c": [-0.06598494201898575, -0.12104333937168121, 0.9904515147209167, -0.52637779712677, 0.847486674785614, 0.06850362569093704, -0.8476863503456116, -0.5168315172195435, -0.11963587254285812], "cam_t_m2c": [140.55337524414062, 121.55386352539062, 1114.6397705078125], "obj_id": 0}, {"cam_R_m2c": [0.509092390537262, -0.5362161993980408, -0.6732733845710754, 0.3236553966999054, -0.6055555939674377, 0.7270140647888184, -0.7975412607192993, -0.5880258679389954, -0.13473443686962128], "cam_t_m2c": [140.55337524414062, 121.55386352539062, 1114.6397705078125], "obj_id": 0}, {"cam_R_m2c": [-0.05514738708734512, -0.6699461340904236, 0.7403584718704224, -0.5978554487228394, 0.6160300374031067, 0.5129091739654541, -0.7997045516967773, -0.4143417477607727, -0.4345034062862396], "cam_t_m2c": [140.55337524414062, 121.55386352539062, 1114.6397705078125], "obj_id": 0}, {"cam_R_m2c": [0.778724193572998, 0.6223865747451782, 0.07888976484537125, -0.5906174778938293, 0.6848846673965454, 0.42673632502555847, 0.2115645706653595, -0.3789035677909851, 0.9009286761283875], "cam_t_m2c": [140.55337524414062, 121.55386352539062, 1114.6397705078125], "obj_id": 1}, {"cam_R_m2c": [0.07314315438270569, -0.8989002108573914, -0.4320051074028015, 0.7913030385971069, -0.21134525537490845, 0.5737355947494507, -0.6070333123207092, -0.3838118016719818, 0.6958441138267517], "cam_t_m2c": [140.55337524414062, 121.55386352539062, 1114.6397705078125], "obj_id": 2}, {"cam_R_m2c": [0.14924968779087067, -0.9564308524131775, 0.25092747807502747, 0.35496726632118225, 0.28867900371551514, 0.8891921639442444, -0.9228882789611816, -0.04364063963294029, 0.38258686661720276], "cam_t_m2c": [140.55337524414062, 121.55386352539062, 1114.6397705078125], "obj_id": 1}, {"cam_R_m2c": [-0.003092183033004403, 0.9989060759544373, -0.046659912914037704, -0.7609710693359375, -0.032622747123241425, -0.647965133190155, -0.6487784385681152, 0.033503226935863495, 0.7602394819259644], "cam_t_m2c": [140.55337524414062, 121.55386352539062, 1114.6397705078125], "obj_id": 1}, {"cam_R_m2c": [0.45917561650276184, -0.5372634530067444, 0.707464337348938, 0.6795010566711426, -0.3005657196044922, -0.6692821979522705, 0.5722203254699707, 0.788040816783905, 0.22705857455730438], "cam_t_m2c": [140.55337524414062, 121.55386352539062, 1114.6397705078125], "obj_id": 0}],
  "3": [{"cam_R_m2c": [0.553371012210846, 0.798115611076355, -0.2383105456829071, -0.741848349571228, 0.3421591818332672, -0.5767045021057129, -0.3787367641925812, 0.4959218204021454, 0.7814217805862427], "cam_t_m2c": [140.55337524414062, 121.55386352539062, 1114.6397705078125], "obj_id": 2}, {"cam_R_m2c": [-0.7242217659950256, 0.39599213004112244, -0.5645291805267334, 0.10308172553777695, -0.7473020553588867, -0.6564403772354126, -0.681818962097168, -0.5336009860038757, 0.500392735004425], "cam_t_m2c": [140.55337524414062, 121.55386352539062, 1114.6397705078125], "obj_id": 1}, {"cam_R_m2c": [-0.06598494201898575, -0.12104333937168121, 0.9904515147209167, -0.52637779712677, 0.847486674785614, 0.06850362569093704, -0.8476863503456116, -0.5168315172195435, -0.11963587254285812], "cam_t_m2c": [140.55337524414062, 121.55386352539062, 1114.6397705078125], "obj_id": 0}, {"cam_R_m2c": [0.509092390537262, -0.5362161993980408, -0.6732733845710754, 0.3236553966999054, -0.6055555939674377, 0.7270140647888184, -0.7975412607192993, -0.5880258679389954, -0.13473443686962128], "cam_t_m2c": [140.55337524414062, 121.55386352539062, 1114.6397705078125], "obj_id": 0}, {"cam_R_m2c": [-0.05514738708734512, -0.6699461340904236, 0.7403584718704224, -0.5978554487228394, 0.6160300374031067, 0.5129091739654541, -0.7997045516967773, -0.4143417477607727, -0.4345034062862396], "cam_t_m2c": [140.55337524414062, 121.55386352539062, 1114.6397705078125], "obj_id": 0}, {"cam_R_m2c": [0.778724193572998, 0.6223865747451782, 0.07888976484537125, -0.5906174778938293, 0.6848846673965454, 0.42673632502555847, 0.2115645706653595, -0.3789035677909851, 0.9009286761283875], "cam_t_m2c": [140.55337524414062, 121.55386352539062, 1114.6397705078125], "obj_id": 1}, {"cam_R_m2c": [0.07314315438270569, -0.8989002108573914, -0.4320051074028015, 0.7913030385971069, -0.21134525537490845, 0.5737355947494507, -0.6070333123207092, -0.3838118016719818, 0.6958441138267517], "cam_t_m2c": [140.55337524414062, 121.55386352539062, 1114.6397705078125], "obj_id": 2}, {"cam_R_m2c": [0.14924968779087067, -0.9564308524131775, 0.25092747807502747, 0.35496726632118225, 0.28867900371551514, 0.8891921639442444, -0.9228882789611816, -0.04364063963294029, 0.38258686661720276], "cam_t_m2c": [140.55337524414062, 121.55386352539062, 1114.6397705078125], "obj_id": 1}, {"cam_R_m2c": [-0.003092183033004403, 0.9989060759544373, -0.046659912914037704, -0.7609710693359375, -0.032622747123241425, -0.647965133190155, -0.6487784385681152, 0.033503226935863495, 0.7602394819259644], "cam_t_m2c": [140.55337524414062, 121.55386352539062, 1114.6397705078125], "obj_id": 1}, {"cam_R_m2c": [0.45917561650276184, -0.5372634530067444, 0.707464337348938, 0.6795010566711426, -0.3005657196044922, -0.6692821979522705, 0.5722203254699707, 0.788040816783905, 0.22705857455730438], "cam_t_m2c": [140.55337524414062, 121.55386352539062, 1114.6397705078125], "obj_id": 0}],
  "4": [{"cam_R_m2c": [0.553371012210846, 0.798115611076355, -0.2383105456829071, -0.741848349571228, 0.3421591818332672, -0.5767045021057129, -0.3787367641925812, 0.4959218204021454, 0.7814217805862427], "cam_t_m2c": [140.55337524414062, 121.55386352539062, 1114.6397705078125], "obj_id": 2}, {"cam_R_m2c": [-0.7242217659950256, 0.39599213004112244, -0.5645291805267334, 0.10308172553777695, -0.7473020553588867, -0.6564403772354126, -0.681818962097168, -0.5336009860038757, 0.500392735004425], "cam_t_m2c": [140.55337524414062, 121.55386352539062, 1114.6397705078125], "obj_id": 1}, {"cam_R_m2c": [-0.06598494201898575, -0.12104333937168121, 0.9904515147209167, -0.52637779712677, 0.847486674785614, 0.06850362569093704, -0.8476863503456116, -0.5168315172195435, -0.11963587254285812], "cam_t_m2c": [140.55337524414062, 121.55386352539062, 1114.6397705078125], "obj_id": 0}, {"cam_R_m2c": [0.509092390537262, -0.5362161993980408, -0.6732733845710754, 0.3236553966999054, -0.6055555939674377, 0.7270140647888184, -0.7975412607192993, -0.5880258679389954, -0.13473443686962128], "cam_t_m2c": [140.55337524414062, 121.55386352539062, 1114.6397705078125], "obj_id": 0}, {"cam_R_m2c": [-0.05514738708734512, -0.6699461340904236, 0.7403584718704224, -0.5978554487228394, 0.6160300374031067, 0.5129091739654541, -0.7997045516967773, -0.4143417477607727, -0.4345034062862396], "cam_t_m2c": [140.55337524414062, 121.55386352539062, 1114.6397705078125], "obj_id": 0}, {"cam_R_m2c": [0.778724193572998, 0.6223865747451782, 0.07888976484537125, -0.5906174778938293, 0.6848846673965454, 0.42673632502555847, 0.2115645706653595, -0.3789035677909851, 0.9009286761283875], "cam_t_m2c": [140.55337524414062, 121.55386352539062, 1114.6397705078125], "obj_id": 1}, {"cam_R_m2c": [0.07314315438270569, -0.8989002108573914, -0.4320051074028015, 0.7913030385971069, -0.21134525537490845, 0.5737355947494507, -0.6070333123207092, -0.3838118016719818, 0.6958441138267517], "cam_t_m2c": [140.55337524414062, 121.55386352539062, 1114.6397705078125], "obj_id": 2}, {"cam_R_m2c": [0.14924968779087067, -0.9564308524131775, 0.25092747807502747, 0.35496726632118225, 0.28867900371551514, 0.8891921639442444, -0.9228882789611816, -0.04364063963294029, 0.38258686661720276], "cam_t_m2c": [140.55337524414062, 121.55386352539062, 1114.6397705078125], "obj_id": 1}, {"cam_R_m2c": [-0.003092183033004403, 0.9989060759544373, -0.046659912914037704, -0.7609710693359375, -0.032622747123241425, -0.647965133190155, -0.6487784385681152, 0.033503226935863495, 0.7602394819259644], "cam_t_m2c": [140.55337524414062, 121.55386352539062, 1114.6397705078125], "obj_id": 1}, {"cam_R_m2c": [0.45917561650276184, -0.5372634530067444, 0.707464337348938, 0.6795010566711426, -0.3005657196044922, -0.6692821979522705, 0.5722203254699707, 0.788040816783905, 0.22705857455730438], "cam_t_m2c": [140.55337524414062, 121.55386352539062, 1114.6397705078125], "obj_id": 0}],
  "5": [{"cam_R_m2c": [0.553371012210846, 0.798115611076355, -0.2383105456829071, -0.741848349571228, 0.3421591818332672, -0.5767045021057129, -0.3787367641925812, 0.4959218204021454, 0.7814217805862427], "cam_t_m2c": [140.55337524414062, 121.55386352539062, 1114.6397705078125], "obj_id": 2}, {"cam_R_m2c": [-0.7242217659950256, 0.39599213004112244, -0.5645291805267334, 0.10308172553777695, -0.7473020553588867, -0.6564403772354126, -0.681818962097168, -0.5336009860038757, 0.500392735004425], "cam_t_m2c": [140.55337524414062, 121.55386352539062, 1114.6397705078125], "obj_id": 1}, {"cam_R_m2c": [-0.06598494201898575, -0.12104333937168121, 0.9904515147209167, -0.52637779712677, 0.847486674785614, 0.06850362569093704, -0.8476863503456116, -0.5168315172195435, -0.11963587254285812], "cam_t_m2c": [140.55337524414062, 121.55386352539062, 1114.6397705078125], "obj_id": 0}, {"cam_R_m2c": [0.509092390537262, -0.5362161993980408, -0.6732733845710754, 0.3236553966999054, -0.6055555939674377, 0.7270140647888184, -0.7975412607192993, -0.5880258679389954, -0.13473443686962128], "cam_t_m2c": [140.55337524414062, 121.55386352539062, 1114.6397705078125], "obj_id": 0}, {"cam_R_m2c": [-0.05514738708734512, -0.6699461340904236, 0.7403584718704224, -0.5978554487228394, 0.6160300374031067, 0.5129091739654541, -0.7997045516967773, -0.4143417477607727, -0.4345034062862396], "cam_t_m2c": [140.55337524414062, 121.55386352539062, 1114.6397705078125], "obj_id": 0}, {"cam_R_m2c": [0.778724193572998, 0.6223865747451782, 0.07888976484537125, -0.5906174778938293, 0.6848846673965454, 0.42673632502555847, 0.2115645706653595, -0.3789035677909851, 0.9009286761283875], "cam_t_m2c": [140.55337524414062, 121.55386352539062, 1114.6397705078125], "obj_id": 1}, {"cam_R_m2c": [0.07314315438270569, -0.8989002108573914, -0.4320051074028015, 0.7913030385971069, -0.21134525537490845, 0.5737355947494507, -0.6070333123207092, -0.3838118016719818, 0.6958441138267517], "cam_t_m2c": [140.55337524414062, 121.55386352539062, 1114.6397705078125], "obj_id": 2}, {"cam_R_m2c": [0.14924968779087067, -0.9564308524131775, 0.25092747807502747, 0.35496726632118225, 0.28867900371551514, 0.8891921639442444, -0.9228882789611816, -0.04364063963294029, 0.38258686661720276], "cam_t_m2c": [140.55337524414062, 121.55386352539062, 1114.6397705078125], "obj_id": 1}, {"cam_R_m2c": [-0.003092183033004403, 0.9989060759544373, -0.046659912914037704, -0.7609710693359375, -0.032622747123241425, -0.647965133190155, -0.6487784385681152, 0.033503226935863495, 0.7602394819259644], "cam_t_m2c": [140.55337524414062, 121.55386352539062, 1114.6397705078125], "obj_id": 1}, {"cam_R_m2c": [0.45917561650276184, -0.5372634530067444, 0.707464337348938, 0.6795010566711426, -0.3005657196044922, -0.6692821979522705, 0.5722203254699707, 0.788040816783905, 0.22705857455730438], "cam_t_m2c": [140.55337524414062, 121.55386352539062, 1114.6397705078125], "obj_id": 0}],
  "6": [{"cam_R_m2c": [0.553371012210846, 0.798115611076355, -0.2383105456829071, -0.741848349571228, 0.3421591818332672, -0.5767045021057129, -0.3787367641925812, 0.4959218204021454, 0.7814217805862427], "cam_t_m2c": [140.55337524414062, 121.55386352539062, 1114.6397705078125], "obj_id": 2}, {"cam_R_m2c": [-0.7242217659950256, 0.39599213004112244, -0.5645291805267334, 0.10308172553777695, -0.7473020553588867, -0.6564403772354126, -0.681818962097168, -0.5336009860038757, 0.500392735004425], "cam_t_m2c": [140.55337524414062, 121.55386352539062, 1114.6397705078125], "obj_id": 1}, {"cam_R_m2c": [-0.06598494201898575, -0.12104333937168121, 0.9904515147209167, -0.52637779712677, 0.847486674785614, 0.06850362569093704, -0.8476863503456116, -0.5168315172195435, -0.11963587254285812], "cam_t_m2c": [140.55337524414062, 121.55386352539062, 1114.6397705078125], "obj_id": 0}, {"cam_R_m2c": [0.509092390537262, -0.5362161993980408, -0.6732733845710754, 0.3236553966999054, -0.6055555939674377, 0.7270140647888184, -0.7975412607192993, -0.5880258679389954, -0.13473443686962128], "cam_t_m2c": [140.55337524414062, 121.55386352539062, 1114.6397705078125], "obj_id": 0}, {"cam_R_m2c": [-0.05514738708734512, -0.6699461340904236, 0.7403584718704224, -0.5978554487228394, 0.6160300374031067, 0.5129091739654541, -0.7997045516967773, -0.4143417477607727, -0.4345034062862396], "cam_t_m2c": [140.55337524414062, 121.55386352539062, 1114.6397705078125], "obj_id": 0}, {"cam_R_m2c": [0.778724193572998, 0.6223865747451782, 0.07888976484537125, -0.5906174778938293, 0.6848846673965454, 0.42673632502555847, 0.2115645706653595, -0.3789035677909851, 0.9009286761283875], "cam_t_m2c": [140.55337524414062, 121.55386352539062, 1114.6397705078125], "obj_id": 1}, {"cam_R_m2c": [0.07314315438270569, -0.8989002108573914, -0.4320051074028015, 0.7913030385971069, -0.21134525537490845, 0.5737355947494507, -0.6070333123207092, -0.3838118016719818, 0.6958441138267517], "cam_t_m2c": [140.55337524414062, 121.55386352539062, 1114.6397705078125], "obj_id": 2}, {"cam_R_m2c": [0.14924968779087067, -0.9564308524131775, 0.25092747807502747, 0.35496726632118225, 0.28867900371551514, 0.8891921639442444, -0.9228882789611816, -0.04364063963294029, 0.38258686661720276], "cam_t_m2c": [140.55337524414062, 121.55386352539062, 1114.6397705078125], "obj_id": 1}, {"cam_R_m2c": [-0.003092183033004403, 0.9989060759544373, -0.046659912914037704, -0.7609710693359375, -0.032622747123241425, -0.647965133190155, -0.6487784385681152, 0.033503226935863495, 0.7602394819259644], "cam_t_m2c": [140.55337524414062, 121.55386352539062, 1114.6397705078125], "obj_id": 1}, {"cam_R_m2c": [0.45917561650276184, -0.5372634530067444, 0.707464337348938, 0.6795010566711426, -0.3005657196044922, -0.6692821979522705, 0.5722203254699707, 0.788040816783905, 0.22705857455730438], "cam_t_m2c": [140.55337524414062, 121.55386352539062, 1114.6397705078125], "obj_id": 0}],
  "7": [{"cam_R_m2c": [0.553371012210846, 0.798115611076355, -0.2383105456829071, -0.741848349571228, 0.3421591818332672, -0.5767045021057129, -0.3787367641925812, 0.4959218204021454, 0.7814217805862427], "cam_t_m2c": [140.55337524414062, 121.55386352539062, 1114.6397705078125], "obj_id": 2}, {"cam_R_m2c": [-0.7242217659950256, 0.39599213004112244, -0.5645291805267334, 0.10308172553777695, -0.7473020553588867, -0.6564403772354126, -0.681818962097168, -0.5336009860038757, 0.500392735004425], "cam_t_m2c": [140.55337524414062, 121.55386352539062, 1114.6397705078125], "obj_id": 1}, {"cam_R_m2c": [-0.06598494201898575, -0.12104333937168121, 0.9904515147209167, -0.52637779712677, 0.847486674785614, 0.06850362569093704, -0.8476863503456116, -0.5168315172195435, -0.11963587254285812], "cam_t_m2c": [140.55337524414062, 121.55386352539062, 1114.6397705078125], "obj_id": 0}, {"cam_R_m2c": [0.509092390537262, -0.5362161993980408, -0.6732733845710754, 0.3236553966999054, -0.6055555939674377, 0.7270140647888184, -0.7975412607192993, -0.5880258679389954, -0.13473443686962128], "cam_t_m2c": [140.55337524414062, 121.55386352539062, 1114.6397705078125], "obj_id": 0}, {"cam_R_m2c": [-0.05514738708734512, -0.6699461340904236, 0.7403584718704224, -0.5978554487228394, 0.6160300374031067, 0.5129091739654541, -0.7997045516967773, -0.4143417477607727, -0.4345034062862396], "cam_t_m2c": [140.55337524414062, 121.55386352539062, 1114.6397705078125], "obj_id": 0}, {"cam_R_m2c": [0.778724193572998, 0.6223865747451782, 0.07888976484537125, -0.5906174778938293, 0.6848846673965454, 0.42673632502555847, 0.2115645706653595, -0.3789035677909851, 0.9009286761283875], "cam_t_m2c": [140.55337524414062, 121.55386352539062, 1114.6397705078125], "obj_id": 1}, {"cam_R_m2c": [0.07314315438270569, -0.8989002108573914, -0.4320051074028015, 0.7913030385971069, -0.21134525537490845, 0.5737355947494507, -0.6070333123207092, -0.3838118016719818, 0.6958441138267517], "cam_t_m2c": [140.55337524414062, 121.55386352539062, 1114.6397705078125], "obj_id": 2}, {"cam_R_m2c": [0.14924968779087067, -0.9564308524131775, 0.25092747807502747, 0.35496726632118225, 0.28867900371551514, 0.8891921639442444, -0.9228882789611816, -0.04364063963294029, 0.38258686661720276], "cam_t_m2c": [140.55337524414062, 121.55386352539062, 1114.6397705078125], "obj_id": 1}, {"cam_R_m2c": [-0.003092183033004403, 0.9989060759544373, -0.046659912914037704, -0.7609710693359375, -0.032622747123241425, -0.647965133190155, -0.6487784385681152, 0.033503226935863495, 0.7602394819259644], "cam_t_m2c": [140.55337524414062, 121.55386352539062, 1114.6397705078125], "obj_id": 1}, {"cam_R_m2c": [0.45917561650276184, -0.5372634530067444, 0.707464337348938, 0.6795010566711426, -0.3005657196044922, -0.6692821979522705, 0.5722203254699707, 0.788040816783905, 0.22705857455730438], "cam_t_m2c": [140.55337524414062, 121.55386352539062, 1114.6397705078125], "obj_id": 0}],
  "8": [{"cam_R_m2c": [0.553371012210846, 0.798115611076355, -0.2383105456829071, -0.741848349571228, 0.3421591818332672, -0.5767045021057129, -0.3787367641925812, 0.4959218204021454, 0.7814217805862427], "cam_t_m2c": [140.55337524414062, 121.55386352539062, 1114.6397705078125], "obj_id": 2}, {"cam_R_m2c": [-0.7242217659950256, 0.39599213004112244, -0.5645291805267334, 0.10308172553777695, -0.7473020553588867, -0.6564403772354126, -0.681818962097168, -0.5336009860038757, 0.500392735004425], "cam_t_m2c": [140.55337524414062, 121.55386352539062, 1114.6397705078125], "obj_id": 1}, {"cam_R_m2c": [-0.06598494201898575, -0.12104333937168121, 0.9904515147209167, -0.52637779712677, 0.847486674785614, 0.06850362569093704, -0.8476863503456116, -0.5168315172195435, -0.11963587254285812], "cam_t_m2c": [140.55337524414062, 121.55386352539062, 1114.6397705078125], "obj_id": 0}, {"cam_R_m2c": [0.509092390537262, -0.5362161993980408, -0.6732733845710754, 0.3236553966999054, -0.6055555939674377, 0.7270140647888184, -0.7975412607192993, -0.5880258679389954, -0.13473443686962128], "cam_t_m2c": [140.55337524414062, 121.55386352539062, 1114.6397705078125], "obj_id": 0}, {"cam_R_m2c": [-0.05514738708734512, -0.6699461340904236, 0.7403584718704224, -0.5978554487228394, 0.6160300374031067, 0.5129091739654541, -0.7997045516967773, -0.4143417477607727, -0.4345034062862396], "cam_t_m2c": [140.55337524414062, 121.55386352539062, 1114.6397705078125], "obj_id": 0}, {"cam_R_m2c": [0.778724193572998, 0.6223865747451782, 0.07888976484537125, -0.5906174778938293, 0.6848846673965454, 0.42673632502555847, 0.2115645706653595, -0.3789035677909851, 0.9009286761283875], "cam_t_m2c": [140.55337524414062, 121.55386352539062, 1114.6397705078125], "obj_id": 1}, {"cam_R_m2c": [0.07314315438270569, -0.8989002108573914, -0.4320051074028015, 0.7913030385971069, -0.21134525537490845, 0.5737355947494507, -0.6070333123207092, -0.3838118016719818, 0.6958441138267517], "cam_t_m2c": [140.55337524414062, 121.55386352539062, 1114.6397705078125], "obj_id": 2}, {"cam_R_m2c": [0.14924968779087067, -0.9564308524131775, 0.25092747807502747, 0.35496726632118225, 0.28867900371551514, 0.8891921639442444, -0.9228882789611816, -0.04364063963294029, 0.38258686661720276], "cam_t_m2c": [140.55337524414062, 121.55386352539062, 1114.6397705078125], "obj_id": 1}, {"cam_R_m2c": [-0.003092183033004403, 0.9989060759544373, -0.046659912914037704, -0.7609710693359375, -0.032622747123241425, -0.647965133190155, -0.6487784385681152, 0.033503226935863495, 0.7602394819259644], "cam_t_m2c": [140.55337524414062, 121.55386352539062, 1114.6397705078125], "obj_id": 1}, {"cam_R_m2c": [0.45917561650276184, -0.5372634530067444, 0.707464337348938, 0.6795010566711426, -0.3005657196044922, -0.6692821979522705, 0.5722203254699707, 0.788040816783905, 0.22705857455730438], "cam_t_m2c": [140.55337524414062, 121.55386352539062, 1114.6397705078125], "obj_id": 0}],
  "9": [{"cam_R_m2c": [0.553371012210846, 0.798115611076355, -0.2383105456829071, -0.741848349571228, 0.3421591818332672, -0.5767045021057129, -0.3787367641925812, 0.4959218204021454, 0.7814217805862427], "cam_t_m2c": [140.55337524414062, 121.55386352539062, 1114.6397705078125], "obj_id": 2}, {"cam_R_m2c": [-0.7242217659950256, 0.39599213004112244, -0.5645291805267334, 0.10308172553777695, -0.7473020553588867, -0.6564403772354126, -0.681818962097168, -0.5336009860038757, 0.500392735004425], "cam_t_m2c": [140.55337524414062, 121.55386352539062, 1114.6397705078125], "obj_id": 1}, {"cam_R_m2c": [-0.06598494201898575, -0.12104333937168121, 0.9904515147209167, -0.52637779712677, 0.847486674785614, 0.06850362569093704, -0.8476863503456116, -0.5168315172195435, -0.11963587254285812], "cam_t_m2c": [140.55337524414062, 121.55386352539062, 1114.6397705078125], "obj_id": 0}, {"cam_R_m2c": [0.509092390537262, -0.5362161993980408, -0.6732733845710754, 0.3236553966999054, -0.6055555939674377, 0.7270140647888184, -0.7975412607192993, -0.5880258679389954, -0.13473443686962128], "cam_t_m2c": [140.55337524414062, 121.55386352539062, 1114.6397705078125], "obj_id": 0}, {"cam_R_m2c": [-0.05514738708734512, -0.6699461340904236, 0.7403584718704224, -0.5978554487228394, 0.6160300374031067, 0.5129091739654541, -0.7997045516967773, -0.4143417477607727, -0.4345034062862396], "cam_t_m2c": [140.55337524414062, 121.55386352539062, 1114.6397705078125], "obj_id": 0}, {"cam_R_m2c": [0.778724193572998, 0.6223865747451782, 0.07888976484537125, -0.5906174778938293, 0.6848846673965454, 0.42673632502555847, 0.2115645706653595, -0.3789035677909851, 0.9009286761283875], "cam_t_m2c": [140.55337524414062, 121.55386352539062, 1114.6397705078125], "obj_id": 1}, {"cam_R_m2c": [0.07314315438270569, -0.8989002108573914, -0.4320051074028015, 0.7913030385971069, -0.21134525537490845, 0.5737355947494507, -0.6070333123207092, -0.3838118016719818, 0.6958441138267517], "cam_t_m2c": [140.55337524414062, 121.55386352539062, 1114.6397705078125], "obj_id": 2}, {"cam_R_m2c": [0.14924968779087067, -0.9564308524131775, 0.25092747807502747, 0.35496726632118225, 0.28867900371551514, 0.8891921639442444, -0.9228882789611816, -0.04364063963294029, 0.38258686661720276], "cam_t_m2c": [140.55337524414062, 121.55386352539062, 1114.6397705078125], "obj_id": 1}, {"cam_R_m2c": [-0.003092183033004403, 0.9989060759544373, -0.046659912914037704, -0.7609710693359375, -0.032622747123241425, -0.647965133190155, -0.6487784385681152, 0.033503226935863495, 0.7602394819259644], "cam_t_m2c": [140.55337524414062, 121.55386352539062, 1114.6397705078125], "obj_id": 1}, {"cam_R_m2c": [0.45917561650276184, -0.5372634530067444, 0.707464337348938, 0.6795010566711426, -0.3005657196044922, -0.6692821979522705, 0.5722203254699707, 0.788040816783905, 0.22705857455730438], "cam_t_m2c": [140.55337524414062, 121.55386352539062, 1114.6397705078125], "obj_id": 0}]
}