{
  "0": [{"cam_R_m2c": [-0.09593330323696136, -0.9912934303283691, -0.09018781036138535, -0.4657391905784607, 0.12477824836969376, -0.8760805726051331, 0.8797065019607544, -0.042041413486003876, -0.47365453839302063], "cam_t_m2c": [181.287841796875, -88.52782440185547, 588.7059936523438], "obj_id": 0}, {"cam_R_m2c": [-0.09593330323696136, -0.9912934303283691, -0.09018781036138535, -0.4657391905784607, 0.12477824836969376, -0.8760805726051331, 0.8797065019607544, -0.042041413486003876, -0.47365453839302063], "cam_t_m2c": [181.287841796875, -88.52782440185547, 588.7059936523438], "obj_id": 2}, {"cam_R_m2c": [-0.09593330323696136, -0.9912934303283691, -0.09018781036138535, -0.4657391905784607, 0.12477824836969376, -0.8760805726051331, 0.8797065019607544, -0.042041413486003876, -0.47365453839302063], "cam_t_m2c": [181.287841796875, -88.52782440185547, 588.7059936523438], "obj_id": 0}, {"cam_R_m2c": [-0.09593330323696136, -0.9912934303283691, -0.09018781036138535, -0.4657391905784607, 0.12477824836969376, -0.8760805726051331, 0.8797065019607544, -0.042041413486003876, -0.47365453839302063], "cam_t_m2c": [181.287841796875, -88.52782440185547, 588.7059936523438], "obj_id": 0}, {"cam_R_m2c": [-0.09593330323696136, -0.9912934303283691, -0.09018781036138535, -0.4657391905784607, 0.12477824836969376, -0.8760805726051331, 0.8797065019607544, -0.042041413486003876, -0.47365453839302063], "cam_t_m2c": [181.287841796875, -88.52782440185547, 588.7059936523438], "obj_id": 3}, {"cam_R_m2c": [-0.09593330323696136, -0.9912934303283691, -0.09018781036138535, -0.4657391905784607, 0.12477824836969376, -0.8760805726051331, 0.8797065019607544, -0.042041413486003876, -0.47365453839302063], "cam_t_m2c": [181.287841796875, -88.52782440185547, 588.7059936523438], "obj_id": 2}, {"cam_R_m2c": [-0.09593330323696136, -0.9912934303283691, -0.09018781036138535, -0.4657391905784607, 0.12477824836969376, -0.8760805726051331, 0.8797065019607544, -0.042041413486003876, -0.47365453839302063], "cam_t_m2c": [181.287841796875, -88.52782440185547, 588.7059936523438], "obj_id": 1}, {"cam_R_m2c": [-0.09593330323696136, -0.9912934303283691, -0.09018781036138535, -0.4657391905784607, 0.12477824836969376, -0.8760805726051331, 0.8797065019607544, -0.042041413486003876, -0.47365453839302063], "cam_t_m2c": [181.287841796875, -88.52782440185547, 588.7059936523438], "obj_id": 3}, {"cam_R_m2c": [-0.09593330323696136, -0.9912934303283691, -0.09018781036138535, -0.4657391905784607, 0.12477824836969376, -0.8760805726051331, 0.8797065019607544, -0.042041413486003876, -0.47365453839302063], "cam_t_m2c": [181.287841796875, -88.52782440185547, 588.7059936523438], "obj_id": 2}, {"cam_R_m2c": [-0.09593330323696136, -0.9912934303283691, -0.09018781036138535, -0.4657391905784607, 0.12477824836969376, -0.8760805726051331, 0.8797065019607544, -0.042041413486003876, -0.47365453839302063], "cam_t_m2c": [181.287841796875, -88.52782440185547, 588.7059936523438], "obj_id": 2}, {"cam_R_m2c": [-0.09593330323696136, -0.9912934303283691, -0.09018781036138535, -0.4657391905784607, 0.12477824836969376, -0.8760805726051331, 0.8797065019607544, -0.042041413486003876, -0.47365453839302063], "cam_t_m2c": [181.287841796875, -88.52782440185547, 588.7059936523438], "obj_id": 3}, {"cam_R_m2c": [-0.09593330323696136, -0.9912934303283691, -0.09018781036138535, -0.4657391905784607, 0.12477824836969376, -0.8760805726051331, 0.8797065019607544, -0.042041413486003876, -0.47365453839302063], "cam_t_m2c": [181.287841796875, -88.52782440185547, 588.7059936523438], "obj_id": 2}, {"cam_R_m2c": [-0.06579587608575821, -0.28823304176330566, 0.9552971124649048, -0.8981482982635498, 0.43422043323516846, 0.06915359199047089, -0.43474188446998596, -0.8534485101699829, -0.28744593262672424], "cam_t_m2c": [-36.98695755004883, -63.584571838378906, 516.34814453125], "obj_id": 1}, {"cam_R_m2c": [0.6412076950073242, 0.17312830686569214, 0.7475823163986206, 0.10746614634990692, 0.9443565011024475, -0.31087273359298706, -0.7598050236701965, 0.2796737551689148, 0.5869231820106506], "cam_t_m2c": [159.6919708251953, -200.8295135498047, 741.6820068359375], "obj_id": 2}, {"cam_R_m2c": [-0.4986743927001953, -0.8199120759963989, -0.2811904549598694, -0.4017431139945984, -0.06882870197296143, 0.913162112236023, -0.7680666446685791, 0.5683369040489197, -0.29507091641426086], "cam_t_m2c": [-15.775217056274414, -21.405746459960938, 542.4144287109375], "obj_id": 3}, {"cam_R_m2c": [-0.17043977975845337, 0.670825183391571, -0.721764326095581, 0.9765415787696838, 0.212814599275589, -0.03280875086784363, 0.1315930187702179, -0.7104248404502869, -0.6913607716560364], "cam_t_m2c": [19.75111961364746, 56.13725662231445, 306.4037170410156], "obj_id": 4}],
  "1": [{"cam_R_m2c": [0.13191191852092743, 0.9868937730789185, -0.09294993430376053, 0.11858105659484863, -0.10880642384290695, -0.9869647026062012, -0.9841430187225342, 0.1191701665520668, -0.131379634141922], "cam_t_m2c": [-186.4976348876953, 39.16447830200195, 285.3746337890625], "obj_id": 0}, {"cam_R_m2c": [0.13191191852092743, 0.9868937730789185, -0.09294993430376053, 0.11858105659484863, -0.10880642384290695, -0.9869647026062012, -0.9841430187225342, 0.1191701665520668, -0.131379634141922], "cam_t_m2c": [-186.4976348876953, 39.16447830200195, 285.3746337890625], "obj_id": 2}, {"cam_R_m2c": [0.13191191852092743, 0.9868937730789185, -0.09294993430376053, 0.11858105659484863, -0.10880642384290695, -0.9869647026062012, -0.9841430187225342, 0.1191701665520668, -0.131379634141922], "cam_t_m2c": [-186.4976348876953, 39.16447830200195, 285.3746337890625], "obj_id": 0}, {"cam_R_m2c": [0.13191191852092743, 0.9868937730789185, -0.09294993430376053, 0.11858105659484863, -0.10880642384290695, -0.9869647026062012, -0.9841430187225342, 0.1191701665520668, -0.131379634141922], "cam_t_m2c": [-186.4976348876953, 39.16447830200195, 285.3746337890625], "obj_id": 0}, {"cam_R_m2c": [0.13191191852092743, 0.9868937730789185, -0.09294993430376053, 0.11858105659484863, -0.10880642384290695, -0.9869647026062012, -0.9841430187225342, 0.1191701665520668, -0.131379634141922], "cam_t_m2c": [-186.4976348876953, 39.16447830200195, 285.3746337890625], "obj_id": 3}, {"cam_R_m2c": [0.13191191852092743, 0.9868937730789185, -0.09294993430376053, 0.11858105659484863, -0.10880642384290695, -0.9869647026062012, -0.9841430187225342, 0.1191701665520668, -0.131379634141922], "cam_t_m2c": [-186.4976348876953, 39.16447830200195, 285.3746337890625], "obj_id": 2}, {"cam_R_m2c": [0.13191191852092743, 0.9868937730789185, -0.09294993430376053, 0.11858105659484863, -0.10880642384290695, -0.9869647026062012, -0.9841430187225342, 0.1191701665520668, -0.131379634141922], "cam_t_m2c": [-186.4976348876953, 39.16447830200195, 285.3746337890625], "obj_id": 1}, {"cam_R_m2c": [0.13191191852092743, 0.9868937730789185, -0.09294993430376053, 0.11858105659484863, -0.10880642384290695, -0.9869647026062012, -0.9841430187225342, 0.1191701665520668, -0.131379634141922], "cam_t_m2c": [-186.4976348876953, 39.16447830200195, 285.3746337890625], "obj_id": 3}, {"cam_R_m2c": [0.13191191852092743, 0.9868937730789185, -0.09294993430376053, 0.11858105659484863, -0.10880642384290695, -0.9869647026062012, -0.9841430187225342, 0.1191701665520668, -0.131379634141922], "cam_t_m2c": [-186.4976348876953, 39.16447830200195, 285.3746337890625], "obj_id": 2}, {"cam_R_m2c": [0.13191191852092743, 0.9868937730789185, -0.09294993430376053, 0.11858105659484863, -0.10880642384290695, -0.9869647026062012, -0.9841430187225342, 0.1191701665520668, -0.131379634141922], "cam_t_m2c": [-186.4976348876953, 39.16447830200195, 285.3746337890625], "obj_id": 2}, {"cam_R_m2c": [0.13191191852092743, 0.9868937730789185, -0.09294993430376053, 0.11858105659484863, -0.10880642384290695, -0.9869647026062012, -0.9841430187225342, 0.1191701665520668, -0.131379634141922], "cam_t_m2c": [-186.4976348876953, 39.16447830200195, 285.3746337890625], "obj_id": 3}, {"cam_R_m2c": [0.13191191852092743, 0.9868937730789185, -0.09294993430376053, 0.11858105659484863, -0.10880642384290695, -0.9869647026062012, -0.9841430187225342, 0.1191701665520668, -0.131379634141922], "cam_t_m2c": [-186.4976348876953, 39.16447830200195, 285.3746337890625], "obj_id": 2}, {"cam_R_m2c": [-0.11546109616756439, 0.24416212737560272, -0.9628361463546753, -0.9775746464729309, -0.1997920721769333, 0.06656402349472046, -0.17611470818519592, 0.9489297866821289, 0.2617550492286682], "cam_t_m2c": [22.963577270507812, -23.178279876708984, 361.1447448730469], "obj_id": 1}, {"cam_R_m2c": [-0.7047483325004578, -0.0017745792865753174, -0.7094550132751465, -0.2334611564874649, 0.9448826313018799, 0.22954890131950378, 0.6699443459510803, 0.3274044394493103, -0.6663187742233276], "cam_t_m2c": [-163.21290588378906, 33.95350646972656, 95.87430572509766], "obj_id": 2}, {"cam_R_m2c": [0.3414027690887451, 0.8631648421287537, 0.3720088601112366, -0.8549233078956604, 0.12070563435554504, 0.5045158267021179, 0.3905767798423767, -0.4902821481227875, 0.7791489958763123], "cam_t_m2c": [11.249791145324707, 29.348541259765625, 364.63214111328125], "obj_id": 3}, {"cam_R_m2c": [0.32285383343696594, -0.7129149436950684, 0.6225090622901917, 0.8214174509048462, -0.11566374450922012, -0.5584756731987, 0.4701474606990814, 0.6916458606719971, 0.5482584238052368], "cam_t_m2c": [-40.54410934448242, -38.37819290161133, 600.654541015625], "obj_id": 4}],
  "2": [{"cam_R_m2c": [0.13191191852092743, 0.9868937730789185, -0.09294993430376053, 0.11858105659484863, -0.10880642384290695, -0.9869647026062012, -0.9841430187225342, 0.1191701665520668, -0.131379634141922], "cam_t_m2c": [-186.4976348876953, 39.16447830200195, 285.3746337890625], "obj_id": 0}, {"cam_R_m2c": [0.13191191852092743, 0.9868937730789185, -0.09294993430376053, 0.11858105659484863, -0.10880642384290695, -0.9869647026062012, -0.9841430187225342, 0.1191701665520668, -0.131379634141922], "cam_t_m2c": [-186.4976348876953, 39.16447830200195, 285.3746337890625], "obj_id": 2}, {"cam_R_m2c": [0.13191191852092743, 0.9868937730789185, -0.09294993430376053, 0.11858105659484863, -0.10880642384290695, -0.9869647026062012, -0.9841430187225342, 0.1191701665520668, -0.131379634141922], "cam_t_m2c": [-186.4976348876953, 39.16447830200195, 285.3746337890625], "obj_id": 0}, {"cam_R_m2c": [0.13191191852092743, 0.9868937730789185, -0.09294993430376053, 0.11858105659484863, -0.10880642384290695, -0.9869647026062012, -0.9841430187225342, 0.1191701665520668, -0.131379634141922], "cam_t_m2c": [-186.4976348876953, 39.16447830200195, 285.3746337890625], "obj_id": 0}, {"cam_R_m2c": [0.13191191852092743, 0.9868937730789185, -0.09294993430376053, 0.11858105659484863, -0.10880642384290695, -0.9869647026062012, -0.9841430187225342, 0.1191701665520668, -0.131379634141922], "cam_t_m2c": [-186.4976348876953, 39.16447830200195, 285.3746337890625], "obj_id": 3}, {"cam_R_m2c": [0.13191191852092743, 0.9868937730789185, -0.09294993430376053, 0.11858105659484863, -0.10880642384290695, -0.9869647026062012, -0.9841430187225342, 0.1191701665520668, -0.131379634141922], "cam_t_m2c": [-186.4976348876953, 39.16447830200195, 285.3746337890625], "obj_id": 2}, {"cam_R_m2c": [0.13191191852092743, 0.9868937730789185, -0.09294993430376053, 0.11858105659484863, -0.10880642384290695, -0.9869647026062012, -0.9841430187225342, 0.1191701665520668, -0.131379634141922], "cam_t_m2c": [-186.4976348876953, 39.16447830200195, 285.3746337890625], "obj_id": 1}, {"cam_R_m2c": [0.13191191852092743, 0.9868937730789185, -0.09294993430376053, 0.11858105659484863, -0.10880642384290695, -0.9869647026062012, -0.9841430187225342, 0.1191701665520668, -0.131379634141922], "cam_t_m2c": [-186.4976348876953, 39.16447830200195, 285.3746337890625], "obj_id": 3}, {"cam_R_m2c": [0.13191191852092743, 0.9868937730789185, -0.09294993430376053, 0.11858105659484863, -0.10880642384290695, -0.9869647026062012, -0.9841430187225342, 0.1191701665520668, -0.131379634141922], "cam_t_m2c": [-186.4976348876953, 39.16447830200195, 285.3746337890625], "obj_id": 2}, {"cam_R_m2c": [0.13191191852092743, 0.9868937730789185, -0.09294993430376053, 0.11858105659484863, -0.10880642384290695, -0.9869647026062012, -0.9841430187225342, 0.1191701665520668, -0.131379634141922], "cam_t_m2c": [-186.4976348876953, 39.16447830200195, 285.3746337890625], "obj_id": 2}, {"cam_R_m2c": [0.13191191852092743, 0.9868937730789185, -0.09294993430376053, 0.11858105659484863, -0.10880642384290695, -0.9869647026062012, -0.9841430187225342, 0.1191701665520668, -0.131379634141922], "cam_t_m2c": [-186.4976348876953, 39.16447830200195, 285.3746337890625], "obj_id": 3}, {"cam_R_m2c": [0.13191191852092743, 0.9868937730789185, -0.09294993430376053, 0.11858105659484863, -0.10880642384290695, -0.9869647026062012, -0.9841430187225342, 0.1191701665520668, -0.131379634141922], "cam_t_m2c": [-186.4976348876953, 39.16447830200195, 285.3746337890625], "obj_id": 2}, {"cam_R_m2c": [-0.11546109616756439, 0.24416212737560272, -0.9628361463546753, -0.9775746464729309, -0.1997920721769333, 0.06656402349472046, -0.17611470818519592, 0.9489297866821289, 0.2617550492286682], "cam_t_m2c": [22.963577270507812, -23.178279876708984, 361.1447448730469], "obj_id": 1}, {"cam_R_m2c": [-0.7047483325004578, -0.0017745792865753174, -0.7094550132751465, -0.2334611564874649, 0.9448826313018799, 0.22954890131950378, 0.6699443459510803, 0.3274044394493103, -0.6663187742233276], "cam_t_m2c": [-163.21290588378906, 33.95350646972656, 95.87430572509766], "obj_id": 2}, {"cam_R_m2c": [0.3414027690887451, 0.8631648421287537, 0.3720088601112366, -0.8549233078956604, 0.12070563435554504, 0.5045158267021179, 0.3905767798423767, -0.4902821481227875, 0.7791489958763123], "cam_t_m2c": [11.249791145324707, 29.348541259765625, 364.63214111328125], "obj_id": 3}, {"cam_R_m2c": [0.32285383343696594, -0.7129149436950684, 0.6225090622901917, 0.8214174509048462, -0.11566374450922012, -0.5584756731987, 0.4701474606990814, 0.6916458606719971, 0.5482584238052368], "cam_t_m2c": [-40.54410934448242, -38.37819290161133, 600.654541015625], "obj_id": 4}],
  "3": [{"cam_R_m2c": [0.9900082945823669, -0.0144024807959795, 0.1402718424797058, 0.13470488786697388, -0.1975245326757431, -0.9709987640380859, 0.04169192165136337, 0.9801921248435974, -0.19361083209514618], "cam_t_m2c": [141.961181640625, 62.24289321899414, 210.86912536621094], "obj_id": 0}, {"cam_R_m2c": [0.9900082945823669, -0.0144024807959795, 0.1402718424797058, 0.13470488786697388, -0.1975245326757431, -0.9709987640380859, 0.04169192165136337, 0.9801921248435974, -0.19361083209514618], "cam_t_m2c": [141.961181640625, 62.24289321899414, 210.86912536621094], "obj_id": 2}, {"cam_R_m2c": [0.9900082945823669, -0.0144024807959795, 0.1402718424797058, 0.13470488786697388, -0.1975245326757431, -0.9709987640380859, 0.04169192165136337, 0.9801921248435974, -0.19361083209514618], "cam_t_m2c": [141.961181640625, 62.24289321899414, 210.86912536621094], "obj_id": 0}, {"cam_R_m2c": [0.9900082945823669, -0.0144024807959795, 0.1402718424797058, 0.13470488786697388, -0.1975245326757431, -0.9709987640380859, 0.04169192165136337, 0.9801921248435974, -0.19361083209514618], "cam_t_m2c": [141.961181640625, 62.24289321899414, 210.86912536621094], "obj_id": 0}, {"cam_R_m2c": [0.9900082945823669, -0.0144024807959795, 0.1402718424797058, 0.13470488786697388, -0.1975245326757431, -0.9709987640380859, 0.04169192165136337, 0.9801921248435974, -0.19361083209514618], "cam_t_m2c": [141.961181640625, 62.24289321899414, 210.86912536621094], "obj_id": 3}, {"cam_R_m2c": [0.9900082945823669, -0.0144024807959795, 0.1402718424797058, 0.13470488786697388, -0.1975245326757431, -0.9709987640380859, 0.04169192165136337, 0.9801921248435974, -0.19361083209514618], "cam_t_m2c": [141.961181640625, 62.24289321899414, 210.86912536621094], "obj_id": 2}, {"cam_R_m2c": [0.9900082945823669, -0.0144024807959795, 0.1402718424797058, 0.13470488786697388, -0.1975245326757431, -0.9709987640380859, 0.04169192165136337, 0.9801921248435974, -0.19361083209514618], "cam_t_m2c": [141.961181640625, 62.24289321899414, 210.86912536621094], "obj_id": 1}, {"cam_R_m2c": [0.9900082945823669, -0.0144024807959795, 0.1402718424797058, 0.13470488786697388, -0.1975245326757431, -0.9709987640380859, 0.04169192165136337, 0.9801921248435974, -0.19361083209514618], "cam_t_m2c": [141.961181640625, 62.24289321899414, 210.86912536621094], "obj_id": 3}, {"cam_R_m2c": [0.9900082945823669, -0.0144024807959795, 0.1402718424797058, 0.13470488786697388, -0.1975245326757431, -0.9709987640380859, 0.04169192165136337, 0.9801921248435974, -0.19361083209514618], "cam_t_m2c": [141.961181640625, 62.24289321899414, 210.86912536621094], "obj_id": 2}, {"cam_R_m2c": [0.9900082945823669, -0.0144024807959795, 0.1402718424797058, 0.13470488786697388, -0.1975245326757431, -0.9709987640380859, 0.04169192165136337, 0.9801921248435974, -0.19361083209514618], "cam_t_m2c": [141.961181640625, 62.24289321899414, 210.86912536621094], "obj_id": 2}, {"cam_R_m2c": [0.9900082945823669, -0.0144024807959795, 0.1402718424797058, 0.13470488786697388, -0.1975245326757431, -0.9709987640380859, 0.04169192165136337, 0.9801921248435974, -0.19361083209514618], "cam_t_m2c": [141.961181640625, 62.24289321899414, 210.86912536621094], "obj_id": 3}, {"cam_R_m2c": [0.9900082945823669, -0.0144024807959795, 0.1402718424797058, 0.13470488786697388, -0.1975245326757431, -0.9709987640380859, 0.04169192165136337, 0.9801921248435974, -0.19361083209514618], "cam_t_m2c": [141.961181640625, 62.24289321899414, 210.86912536621094], "obj_id": 2}, {"cam_R_m2c": [0.1822495460510254, -0.9145440459251404, -0.36110126972198486, -0.9584147930145264, -0.24725593626499176, 0.1424972265958786, -0.2196044623851776, 0.32011479139328003, -0.9215748310089111], "cam_t_m2c": [89.47171783447266, -20.20561408996582, 420.50885009765625], "obj_id": 1}, {"cam_R_m2c": [-0.7345116138458252, -0.34417882561683655, 0.5848362445831299, -0.19034996628761292, 0.9317314624786377, 0.30926257371902466, -0.6513519287109375, 0.11583341658115387, -0.7498820424079895], "cam_t_m2c": [332.9185485839844, 60.43806457519531, 214.2944793701172], "obj_id": 2}, {"cam_R_m2c": [-0.3364759385585785, 0.5744131207466125, -0.7462127208709717, -0.8921573162078857, 0.059171441942453384, 0.44783255457878113, 0.30139535665512085, 0.8164240717887878, 0.492557168006897], "cam_t_m2c": [83.76992797851562, 33.01951217651367, 413.9501647949219], "obj_id": 3}, {"cam_R_m2c": [-0.4501776397228241, -0.759231448173523, -0.470007985830307, 0.776496171951294, -0.07295619696378708, -0.6258841753005981, 0.4409009516239166, -0.6467185020446777, 0.622383713722229], "cam_t_m2c": [-154.97686767578125, -36.657405853271484, 380.46630859375], "obj_id": 4}],
  "4": [{"cam_R_m2c": [0.9900082945823669, -0.0144024807959795, 0.1402718424797058, 0.13470488786697388, -0.1975245326757431, -0.9709987640380859, 0.04169192165136337, 0.9801921248435974, -0.19361083209514618], "cam_t_m2c": [141.961181640625, 62.24289321899414, 210.86912536621094], "obj_id": 0}, {"cam_R_m2c": [0.9900082945823669, -0.0144024807959795, 0.1402718424797058, 0.13470488786697388, -0.1975245326757431, -0.9709987640380859, 0.04169192165136337, 0.9801921248435974, -0.19361083209514618], "cam_t_m2c": [141.961181640625, 62.24289321899414, 210.86912536621094], "obj_id": 2}, {"cam_R_m2c": [0.9900082945823669, -0.0144024807959795, 0.1402718424797058, 0.13470488786697388, -0.1975245326757431, -0.9709987640380859, 0.04169192165136337, 0.9801921248435974, -0.19361083209514618], "cam_t_m2c": [141.961181640625, 62.24289321899414, 210.86912536621094], "obj_id": 0}, {"cam_R_m2c": [0.9900082945823669, -0.0144024807959795, 0.1402718424797058, 0.13470488786697388, -0.1975245326757431, -0.9709987640380859, 0.04169192165136337, 0.9801921248435974, -0.19361083209514618], "cam_t_m2c": [141.961181640625, 62.24289321899414, 210.86912536621094], "obj_id": 0}, {"cam_R_m2c": [0.9900082945823669, -0.0144024807959795, 0.1402718424797058, 0.13470488786697388, -0.1975245326757431, -0.9709987640380859, 0.04169192165136337, 0.9801921248435974, -0.19361083209514618], "cam_t_m2c": [141.961181640625, 62.24289321899414, 210.86912536621094], "obj_id": 3}, {"cam_R_m2c": [0.9900082945823669, -0.0144024807959795, 0.1402718424797058, 0.13470488786697388, -0.1975245326757431, -0.9709987640380859, 0.04169192165136337, 0.9801921248435974, -0.19361083209514618], "cam_t_m2c": [141.961181640625, 62.24289321899414, 210.86912536621094], "obj_id": 2}, {"cam_R_m2c": [0.9900082945823669, -0.0144024807959795, 0.1402718424797058, 0.13470488786697388, -0.1975245326757431, -0.9709987640380859, 0.04169192165136337, 0.9801921248435974, -0.19361083209514618], "cam_t_m2c": [141.961181640625, 62.24289321899414, 210.86912536621094], "obj_id": 1}, {"cam_R_m2c": [0.9900082945823669, -0.0144024807959795, 0.1402718424797058, 0.13470488786697388, -0.1975245326757431, -0.9709987640380859, 0.04169192165136337, 0.9801921248435974, -0.19361083209514618], "cam_t_m2c": [141.961181640625, 62.24289321899414, 210.86912536621094], "obj_id": 3}, {"cam_R_m2c": [0.9900082945823669, -0.0144024807959795, 0.1402718424797058, 0.13470488786697388, -0.1975245326757431, -0.9709987640380859, 0.04169192165136337, 0.9801921248435974, -0.19361083209514618], "cam_t_m2c": [141.961181640625, 62.24289321899414, 210.86912536621094], "obj_id": 2}, {"cam_R_m2c": [0.9900082945823669, -0.0144024807959795, 0.1402718424797058, 0.13470488786697388, -0.1975245326757431, -0.9709987640380859, 0.04169192165136337, 0.9801921248435974, -0.19361083209514618], "cam_t_m2c": [141.961181640625, 62.24289321899414, 210.86912536621094], "obj_id": 2}, {"cam_R_m2c": [0.9900082945823669, -0.0144024807959795, 0.1402718424797058, 0.13470488786697388, -0.1975245326757431, -0.9709987640380859, 0.04169192165136337, 0.9801921248435974, -0.19361083209514618], "cam_t_m2c": [141.961181640625, 62.24289321899414, 210.86912536621094], "obj_id": 3}, {"cam_R_m2c": [0.9900082945823669, -0.0144024807959795, 0.1402718424797058, 0.13470488786697388, -0.1975245326757431, -0.9709987640380859, 0.04169192165136337, 0.9801921248435974, -0.19361083209514618], "cam_t_m2c": [141.961181640625, 62.24289321899414, 210.86912536621094], "obj_id": 2}, {"cam_R_m2c": [0.1822495460510254, -0.9145440459251404, -0.36110126972198486, -0.9584147930145264, -0.24725593626499176, 0.1424972265958786, -0.2196044623851776, 0.32011479139328003, -0.9215748310089111], "cam_t_m2c": [89.47171783447266, -20.20561408996582, 420.50885009765625], "obj_id": 1}, {"cam_R_m2c": [-0.7345116138458252, -0.34417882561683655, 0.5848362445831299, -0.19034996628761292, 0.9317314624786377, 0.30926257371902466, -0.6513519287109375, 0.11583341658115387, -0.7498820424079895], "cam_t_m2c": [332.9185485839844, 60.43806457519531, 214.2944793701172], "obj_id": 2}, {"cam_R_m2c": [-0.3364759385585785, 0.5744131207466125, -0.7462127208709717, -0.8921573162078857, 0.059171441942453384, 0.44783255457878113, 0.30139535665512085, 0.8164240717887878, 0.492557168006897], "cam_t_m2c": [83.76992797851562, 33.01951217651367, 413.9501647949219], "obj_id": 3}, {"cam_R_m2c": [-0.4501776397228241, -0.759231448173523, -0.470007985830307, 0.776496171951294, -0.07295619696378708, -0.6258841753005981, 0.4409009516239166, -0.6467185020446777, 0.622383713722229], "cam_t_m2c": [-154.97686767578125, -36.657405853271484, 380.46630859375], "obj_id": 4}],
  "5": [{"cam_R_m2c": [0.21700529754161835, 0.9691347479820251, -0.11698934435844421, 0.3444473147392273, -0.1881561577320099, -0.9197571873664856, -0.9133809208869934, 0.15929549932479858, -0.37464675307273865], "cam_t_m2c": [-191.77606201171875, 92.50924682617188, 269.96807861328125], "obj_id": 0}, {"cam_R_m2c": [0.21700529754161835, 0.9691347479820251, -0.11698934435844421, 0.3444473147392273, -0.1881561577320099, -0.9197571873664856, -0.9133809208869934, 0.15929549932479858, -0.37464675307273865], "cam_t_m2c": [-191.77606201171875, 92.50924682617188, 269.96807861328125], "obj_id": 2}, {"cam_R_m2c": [0.21700529754161835, 0.9691347479820251, -0.11698934435844421, 0.3444473147392273, -0.1881561577320099, -0.9197571873664856, -0.9133809208869934, 0.15929549932479858, -0.37464675307273865], "cam_t_m2c": [-191.77606201171875, 92.50924682617188, 269.96807861328125], "obj_id": 0}, {"cam_R_m2c": [0.21700529754161835, 0.9691347479820251, -0.11698934435844421, 0.3444473147392273, -0.1881561577320099, -0.9197571873664856, -0.9133809208869934, 0.15929549932479858, -0.37464675307273865], "cam_t_m2c": [-191.77606201171875, 92.50924682617188, 269.96807861328125], "obj_id": 0}, {"cam_R_m2c": [0.21700529754161835, 0.9691347479820251, -0.11698934435844421, 0.3444473147392273, -0.1881561577320099, -0.9197571873664856, -0.9133809208869934, 0.15929549932479858, -0.37464675307273865], "cam_t_m2c": [-191.77606201171875, 92.50924682617188, 269.96807861328125], "obj_id": 3}, {"cam_R_m2c": [0.21700529754161835, 0.9691347479820251, -0.11698934435844421, 0.3444473147392273, -0.1881561577320099, -0.9197571873664856, -0.9133809208869934, 0.15929549932479858, -0.37464675307273865], "cam_t_m2c": [-191.77606201171875, 92.50924682617188, 269.96807861328125], "obj_id": 2}, {"cam_R_m2c": [0.21700529754161835, 0.9691347479820251, -0.11698934435844421, 0.3444473147392273, -0.1881561577320099, -0.9197571873664856, -0.9133809208869934, 0.15929549932479858, -0.37464675307273865], "cam_t_m2c": [-191.77606201171875, 92.50924682617188, 269.96807861328125], "obj_id": 1}, {"cam_R_m2c": [0.21700529754161835, 0.9691347479820251, -0.11698934435844421, 0.3444473147392273, -0.1881561577320099, -0.9197571873664856, -0.9133809208869934, 0.15929549932479858, -0.37464675307273865], "cam_t_m2c": [-191.77606201171875, 92.50924682617188, 269.96807861328125], "obj_id": 3}, {"cam_R_m2c": [0.21700529754161835, 0.9691347479820251, -0.11698934435844421, 0.3444473147392273, -0.1881561577320099, -0.9197571873664856, -0.9133809208869934, 0.15929549932479858, -0.37464675307273865], "cam_t_m2c": [-191.77606201171875, 92.50924682617188, 269.96807861328125], "obj_id": 2}, {"cam_R_m2c": [0.21700529754161835, 0.9691347479820251, -0.11698934435844421, 0.3444473147392273, -0.1881561577320099, -0.9197571873664856, -0.9133809208869934, 0.15929549932479858, -0.37464675307273865], "cam_t_m2c": [-191.77606201171875, 92.50924682617188, 269.96807861328125], "obj_id": 2}, {"cam_R_m2c": [0.21700529754161835, 0.9691347479820251, -0.11698934435844421, 0.3444473147392273, -0.1881561577320099, -0.9197571873664856, -0.9133809208869934, 0.15929549932479858, -0.37464675307273865], "cam_t_m2c": [-191.77606201171875, 92.50924682617188, 269.96807861328125], "obj_id": 3}, {"cam_R_m2c": [0.21700529754161835, 0.9691347479820251, -0.11698934435844421, 0.3444473147392273, -0.1881561577320099, -0.9197571873664856, -0.9133809208869934, 0.15929549932479858, -0.37464675307273865], "cam_t_m2c": [-191.77606201171875, 92.50924682617188, 269.96807861328125], "obj_id": 2}, {"cam_R_m2c": [-0.1353735774755478, 0.1575479954481125, -0.9781885147094727, -0.898662805557251, -0.43527108430862427, 0.054262612015008926, -0.417228102684021, 0.8864073157310486, 0.20050662755966187], "cam_t_m2c": [8.338164329528809, 2.3951735496520996, 343.0123291015625], "obj_id": 1}, {"cam_R_m2c": [-0.7656340599060059, 0.004934005439281464, -0.6432573199272156, -0.34881916642189026, 0.8370054364204407, 0.4216005504131317, 0.5404900908470154, 0.5471722483634949, -0.6391187906265259], "cam_t_m2c": [-153.10023498535156, 131.77244567871094, 87.09577941894531], "obj_id": 2}, {"cam_R_m2c": [0.2771499752998352, 0.904516875743866, 0.32409438490867615, -0.9411512017250061, 0.187652587890625, 0.2811066806316376, 0.19344855844974518, -0.38293054699897766, 0.9032949805259705], "cam_t_m2c": [-1.7386155128479004, 53.10066604614258, 358.36981201171875], "obj_id": 3}, {"cam_R_m2c": [0.31202301383018494, -0.771351158618927, 0.5546702742576599, 0.6652401089668274, -0.23943717777729034, -0.7071955800056458, 0.6783047318458557, 0.5896502137184143, 0.4384237229824066], "cam_t_m2c": [-75.2625961303711, -66.47601318359375, 566.3883056640625], "obj_id": 4}],
  "6": [{"cam_R_m2c": [0.21700529754161835, 0.9691347479820251, -0.11698934435844421, 0.3444473147392273, -0.1881561577320099, -0.9197571873664856, -0.9133809208869934, 0.15929549932479858, -0.37464675307273865], "cam_t_m2c": [-191.77606201171875, 92.50924682617188, 269.96807861328125], "obj_id": 0}, {"cam_R_m2c": [0.21700529754161835, 0.9691347479820251, -0.11698934435844421, 0.3444473147392273, -0.1881561577320099, -0.9197571873664856, -0.9133809208869934, 0.15929549932479858, -0.37464675307273865], "cam_t_m2c": [-191.77606201171875, 92.50924682617188, 269.96807861328125], "obj_id": 2}, {"cam_R_m2c": [0.21700529754161835, 0.9691347479820251, -0.11698934435844421, 0.3444473147392273, -0.1881561577320099, -0.9197571873664856, -0.9133809208869934, 0.15929549932479858, -0.37464675307273865], "cam_t_m2c": [-191.77606201171875, 92.50924682617188, 269.96807861328125], "obj_id": 0}, {"cam_R_m2c": [0.21700529754161835, 0.9691347479820251, -0.11698934435844421, 0.3444473147392273, -0.1881561577320099, -0.9197571873664856, -0.9133809208869934, 0.15929549932479858, -0.37464675307273865], "cam_t_m2c": [-191.77606201171875, 92.50924682617188, 269.96807861328125], "obj_id": 0}, {"cam_R_m2c": [0.21700529754161835, 0.9691347479820251, -0.11698934435844421, 0.3444473147392273, -0.1881561577320099, -0.9197571873664856, -0.9133809208869934, 0.15929549932479858, -0.37464675307273865], "cam_t_m2c": [-191.77606201171875, 92.50924682617188, 269.96807861328125], "obj_id": 3}, {"cam_R_m2c": [0.21700529754161835, 0.9691347479820251, -0.11698934435844421, 0.3444473147392273, -0.1881561577320099, -0.9197571873664856, -0.9133809208869934, 0.15929549932479858, -0.37464675307273865], "cam_t_m2c": [-191.77606201171875, 92.50924682617188, 269.96807861328125], "obj_id": 2}, {"cam_R_m2c": [0.21700529754161835, 0.9691347479820251, -0.11698934435844421, 0.3444473147392273, -0.1881561577320099, -0.9197571873664856, -0.9133809208869934, 0.15929549932479858, -0.37464675307273865], "cam_t_m2c": [-191.77606201171875, 92.50924682617188, 269.96807861328125], "obj_id": 1}, {"cam_R_m2c": [0.21700529754161835, 0.9691347479820251, -0.11698934435844421, 0.3444473147392273, -0.1881561577320099, -0.9197571873664856, -0.9133809208869934, 0.15929549932479858, -0.37464675307273865], "cam_t_m2c": [-191.77606201171875, 92.50924682617188, 269.96807861328125], "obj_id": 3}, {"cam_R_m2c": [0.21700529754161835, 0.9691347479820251, -0.11698934435844421, 0.3444473147392273, -0.1881561577320099, -0.9197571873664856, -0.9133809208869934, 0.15929549932479858, -0.37464675307273865], "cam_t_m2c": [-191.77606201171875, 92.50924682617188, 269.96807861328125], "obj_id": 2}, {"cam_R_m2c": [0.21700529754161835, 0.9691347479820251, -0.11698934435844421, 0.3444473147392273, -0.1881561577320099, -0.9197571873664856, -0.9133809208869934, 0.15929549932479858, -0.37464675307273865], "cam_t_m2c": [-191.77606201171875, 92.50924682617188, 269.96807861328125], "obj_id": 2}, {"cam_R_m2c": [0.21700529754161835, 0.9691347479820251, -0.11698934435844421, 0.3444473147392273, -0.1881561577320099, -0.9197571873664856, -0.9133809208869934, 0.15929549932479858, -0.37464675307273865], "cam_t_m2c": [-191.77606201171875, 92.50924682617188, 269.96807861328125], "obj_id": 3}, {"cam_R_m2c": [0.21700529754161835, 0.9691347479820251, -0.11698934435844421, 0.3444473147392273, -0.1881561577320099, -0.9197571873664856, -0.9133809208869934, 0.15929549932479858, -0.37464675307273865], "cam_t_m2c": [-191.77606201171875, 92.50924682617188, 269.96807861328125], "obj_id": 2}, {"cam_R_m2c": [-0.1353735774755478, 0.1575479954481125, -0.9781885147094727, -0.898662805557251, -0.43527108430862427, 0.054262612015008926, -0.417228102684021, 0.8864073157310486, 0.20050662755966187], "cam_t_m2c": [8.338164329528809, 2.3951735496520996, 343.0123291015625], "obj_id": 1}, {"cam_R_m2c": [-0.7656340599060059, 0.004934005439281464, -0.6432573199272156, -0.34881916642189026, 0.8370054364204407, 0.4216005504131317, 0.5404900908470154, 0.5471722483634949, -0.6391187906265259], "cam_t_m2c": [-153.10023498535156, 131.77244567871094, 87.09577941894531], "obj_id": 2}, {"cam_R_m2c": [0.2771499752998352, 0.904516875743866, 0.32409438490867615, -0.9411512017250061, 0.187652587890625, 0.2811066806316376, 0.19344855844974518, -0.38293054699897766, 0.9032949805259705], "cam_t_m2c": [-1.7386155128479004, 53.10066604614258, 358.36981201171875], "obj_id": 3}, {"cam_R_m2c": [0.31202301383018494, -0.771351158618927, 0.5546702742576599, 0.6652401089668274, -0.23943717777729034, -0.7071955800056458, 0.6783047318458557, 0.5896502137184143, 0.4384237229824066], "cam_t_m2c": [-75.2625961303711, -66.47601318359375, 566.3883056640625], "obj_id": 4}],
  "7": [{"cam_R_m2c": [0.914584755897522, 0.39733102917671204, 0.07525154203176498, 0.32899683713912964, -0.6228626370429993, -0.7097909450531006, -0.23515060544013977, 0.673921525478363, -0.7003812789916992], "cam_t_m2c": [42.21604919433594, 179.72113037109375, 249.07119750976562], "obj_id": 0}, {"cam_R_m2c": [0.914584755897522, 0.39733102917671204, 0.07525154203176498, 0.32899683713912964, -0.6228626370429993, -0.7097909450531006, -0.23515060544013977, 0.673921525478363, -0.7003812789916992], "cam_t_m2c": [42.21604919433594, 179.72113037109375, 249.07119750976562], "obj_id": 2}, {"cam_R_m2c": [0.914584755897522, 0.39733102917671204, 0.07525154203176498, 0.32899683713912964, -0.6228626370429993, -0.7097909450531006, -0.23515060544013977, 0.673921525478363, -0.7003812789916992], "cam_t_m2c": [42.21604919433594, 179.72113037109375, 249.07119750976562], "obj_id": 0}, {"cam_R_m2c": [0.914584755897522, 0.39733102917671204, 0.07525154203176498, 0.32899683713912964, -0.6228626370429993, -0.7097909450531006, -0.23515060544013977, 0.673921525478363, -0.7003812789916992], "cam_t_m2c": [42.21604919433594, 179.72113037109375, 249.07119750976562], "obj_id": 0}, {"cam_R_m2c": [0.914584755897522, 0.39733102917671204, 0.07525154203176498, 0.32899683713912964, -0.6228626370429993, -0.7097909450531006, -0.23515060544013977, 0.673921525478363, -0.7003812789916992], "cam_t_m2c": [42.21604919433594, 179.72113037109375, 249.07119750976562], "obj_id": 3}, {"cam_R_m2c": [0.914584755897522, 0.39733102917671204, 0.07525154203176498, 0.32899683713912964, -0.6228626370429993, -0.7097909450531006, -0.23515060544013977, 0.673921525478363, -0.7003812789916992], "cam_t_m2c": [42.21604919433594, 179.72113037109375, 249.07119750976562], "obj_id": 2}, {"cam_R_m2c": [0.914584755897522, 0.39733102917671204, 0.07525154203176498, 0.32899683713912964, -0.6228626370429993, -0.7097909450531006, -0.23515060544013977, 0.673921525478363, -0.7003812789916992], "cam_t_m2c": [42.21604919433594, 179.72113037109375, 249.07119750976562], "obj_id": 1}, {"cam_R_m2c": [0.914584755897522, 0.39733102917671204, 0.07525154203176498, 0.32899683713912964, -0.6228626370429993, -0.7097909450531006, -0.23515060544013977, 0.673921525478363, -0.7003812789916992], "cam_t_m2c": [42.21604919433594, 179.72113037109375, 249.07119750976562], "obj_id": 3}, {"cam_R_m2c": [0.914584755897522, 0.39733102917671204, 0.07525154203176498, 0.32899683713912964, -0.6228626370429993, -0.7097909450531006, -0.23515060544013977, 0.673921525478363, -0.7003812789916992], "cam_t_m2c": [42.21604919433594, 179.72113037109375, 249.07119750976562], "obj_id": 2}, {"cam_R_m2c": [0.914584755897522, 0.39733102917671204, 0.07525154203176498, 0.32899683713912964, -0.6228626370429993, -0.7097909450531006, -0.23515060544013977, 0.673921525478363, -0.7003812789916992], "cam_t_m2c": [42.21604919433594, 179.72113037109375, 249.07119750976562], "obj_id": 2}, {"cam_R_m2c": [0.914584755897522, 0.39733102917671204, 0.07525154203176498, 0.32899683713912964, -0.6228626370429993, -0.7097909450531006, -0.23515060544013977, 0.673921525478363, -0.7003812789916992], "cam_t_m2c": [42.21604919433594, 179.72113037109375, 249.07119750976562], "obj_id": 3}, {"cam_R_m2c": [0.914584755897522, 0.39733102917671204, 0.07525154203176498, 0.32899683713912964, -0.6228626370429993, -0.7097909450531006, -0.23515060544013977, 0.673921525478363, -0.7003812789916992], "cam_t_m2c": [42.21604919433594, 179.72113037109375, 249.07119750976562], "obj_id": 2}, {"cam_R_m2c": [0.10237032920122147, -0.6932659149169922, -0.7133740186691284, -0.6772014498710632, -0.5738686919212341, 0.46051350235939026, -0.7286414504051208, 0.43595507740974426, -0.5282277464866638], "cam_t_m2c": [83.35944366455078, 0.4529617726802826, 389.32763671875], "obj_id": 1}, {"cam_R_m2c": [-0.9322367310523987, -0.29187440872192383, 0.21387825906276703, -0.03651953488588333, 0.6639442443847656, 0.7468897700309753, -0.36000126600265503, 0.6884673833847046, -0.6296123266220093], "cam_t_m2c": [217.50656127929688, 221.4989013671875, 185.76589965820312], "obj_id": 2}, {"cam_R_m2c": [-0.15650911629199982, 0.8583999276161194, -0.48852264881134033, -0.9817489385604858, -0.18931543827056885, -0.018127530813217163, -0.1080455631017685, 0.47676947712898254, 0.8723629117012024], "cam_t_m2c": [73.95124816894531, 47.71554946899414, 413.5386657714844], "obj_id": 3}, {"cam_R_m2c": [-0.24970148503780365, -0.956153392791748, -0.1530350297689438, 0.35672345757484436, 0.05609407275915146, -0.9325243830680847, 0.9002208113670349, -0.28744396567344666, 0.32707563042640686], "cam_t_m2c": [-155.2291259765625, -52.71787643432617, 432.6582336425781], "obj_id": 4}],
