{
  "0": [{"cam_R_m2c": [-0.49431338906288147, -0.8566141128540039, -0.14787323772907257, -0.48865818977355957, 0.4145105481147766, -0.767720103263855, 0.7189348936080933, -0.30723488330841064, -0.6234895586967468], "cam_t_m2c": [84.68940734863281, 139.4469451904297, 427.26007080078125], "obj_id": 3}, {"cam_R_m2c": [-0.49431338906288147, -0.8566141128540039, -0.14787323772907257, -0.48865818977355957, 0.4145105481147766, -0.767720103263855, 0.7189348936080933, -0.30723488330841064, -0.6234895586967468], "cam_t_m2c": [84.68940734863281, 139.4469451904297, 427.26007080078125], "obj_id": 3}, {"cam_R_m2c": [-0.49431338906288147, -0.8566141128540039, -0.14787323772907257, -0.48865818977355957, 0.4145105481147766, -0.767720103263855, 0.7189348936080933, -0.30723488330841064, -0.6234895586967468], "cam_t_m2c": [84.68940734863281, 139.4469451904297, 427.26007080078125], "obj_id": 0}, {"cam_R_m2c": [-0.49431338906288147, -0.8566141128540039, -0.14787323772907257, -0.48865818977355957, 0.4145105481147766, -0.767720103263855, 0.7189348936080933, -0.30723488330841064, -0.6234895586967468], "cam_t_m2c": [84.68940734863281, 139.4469451904297, 427.26007080078125], "obj_id": 3}, {"cam_R_m2c": [-0.49431338906288147, -0.8566141128540039, -0.14787323772907257, -0.48865818977355957, 0.4145105481147766, -0.767720103263855, 0.7189348936080933, -0.30723488330841064, -0.6234895586967468], "cam_t_m2c": [84.68940734863281, 139.4469451904297, 427.26007080078125], "obj_id": 3}, {"cam_R_m2c": [-0.49431338906288147, -0.8566141128540039, -0.14787323772907257, -0.48865818977355957, 0.4145105481147766, -0.767720103263855, 0.7189348936080933, -0.30723488330841064, -0.6234895586967468], "cam_t_m2c": [84.68940734863281, 139.4469451904297, 427.26007080078125], "obj_id": 3}, {"cam_R_m2c": [-0.49431338906288147, -0.8566141128540039, -0.14787323772907257, -0.48865818977355957, 0.4145105481147766, -0.767720103263855, 0.7189348936080933, -0.30723488330841064, -0.6234895586967468], "cam_t_m2c": [84.68940734863281, 139.4469451904297, 427.26007080078125], "obj_id": 3}, {"cam_R_m2c": [-0.49431338906288147, -0.8566141128540039, -0.14787323772907257, -0.48865818977355957, 0.4145105481147766, -0.767720103263855, 0.7189348936080933, -0.30723488330841064, -0.6234895586967468], "cam_t_m2c": [84.68940734863281, 139.4469451904297, 427.26007080078125], "obj_id": 3}, {"cam_R_m2c": [-0.49431338906288147, -0.8566141128540039, -0.14787323772907257, -0.48865818977355957, 0.4145105481147766, -0.767720103263855, 0.7189348936080933, -0.30723488330841064, -0.6234895586967468], "cam_t_m2c": [84.68940734863281, 139.4469451904297, 427.26007080078125], "obj_id": 0}, {"cam_R_m2c": [-0.49431338906288147, -0.8566141128540039, -0.14787323772907257, -0.48865818977355957, 0.4145105481147766, -0.767720103263855, 0.7189348936080933, -0.30723488330841064, -0.6234895586967468], "cam_t_m2c": [84.68940734863281, 139.4469451904297, 427.26007080078125], "obj_id": 3}, {"cam_R_m2c": [-0.49431338906288147, -0.8566141128540039, -0.14787323772907257, -0.48865818977355957, 0.4145105481147766, -0.767720103263855, 0.7189348936080933, -0.30723488330841064, -0.6234895586967468], "cam_t_m2c": [84.68940734863281, 139.4469451904297, 427.26007080078125], "obj_id": 1}, {"cam_R_m2c": [-0.49431338906288147, -0.8566141128540039, -0.14787323772907257, -0.48865818977355957, 0.4145105481147766, -0.767720103263855, 0.7189348936080933, -0.30723488330841064, -0.6234895586967468], "cam_t_m2c": [84.68940734863281, 139.4469451904297, 427.26007080078125], "obj_id": 2}, {"cam_R_m2c": [0.9188852906227112, -0.1415390521287918, 0.3682614862918854, 0.3916182219982147, 0.44032612442970276, -0.807928204536438, -0.047801751643419266, 0.88661128282547, 0.4600384831428528], "cam_t_m2c": [139.6978759765625, 65.04857635498047, 466.8434753417969], "obj_id": 1}, {"cam_R_m2c": [-0.6229907870292664, 0.3363148868083954, -0.7062398791313171, 0.014629560522735119, 0.9077070355415344, 0.41934943199157715, 0.7820923924446106, 0.2509188652038574, -0.5704132318496704], "cam_t_m2c": [311.87078857421875, 169.22811889648438, 294.4937744140625], "obj_id": 2}, {"cam_R_m2c": [-0.08400838077068329, 0.01620125211775303, 0.9963333010673523, -0.9065843820571899, 0.4137483239173889, -0.0831688940525055, -0.41357865929603577, -0.9102471470832825, -0.0200705137103796], "cam_t_m2c": [26.01444435119629, -16.799409866333008, 582.0723266601562], "obj_id": 3}, {"cam_R_m2c": [0.6928412318229675, -0.6153301000595093, 0.3759518563747406, -0.08136989176273346, 0.45132049918174744, 0.888644278049469, -0.7164843678474426, -0.6462805867195129, 0.2626241445541382], "cam_t_m2c": [-2.6889379024505615, -21.154043197631836, 623.64990234375], "obj_id": 4}],
  "1": [{"cam_R_m2c": [0.9950581192970276, -0.03292611613869667, 0.09367617964744568, 0.07762721180915833, -0.3303011655807495, -0.9406780004501343, 0.06191422790288925, 0.9433010816574097, -0.32611289620399475], "cam_t_m2c": [-233.2735595703125, -18.864004135131836, 584.5792236328125], "obj_id": 3}, {"cam_R_m2c": [0.9950581192970276, -0.03292611613869667, 0.09367617964744568, 0.07762721180915833, -0.3303011655807495, -0.9406780004501343, 0.06191422790288925, 0.9433010816574097, -0.32611289620399475], "cam_t_m2c": [-233.2735595703125, -18.864004135131836, 584.5792236328125], "obj_id": 3}, {"cam_R_m2c": [0.9950581192970276, -0.03292611613869667, 0.09367617964744568, 0.07762721180915833, -0.3303011655807495, -0.9406780004501343, 0.06191422790288925, 0.9433010816574097, -0.32611289620399475], "cam_t_m2c": [-233.2735595703125, -18.864004135131836, 584.5792236328125], "obj_id": 0}, {"cam_R_m2c": [0.9950581192970276, -0.03292611613869667, 0.09367617964744568, 0.07762721180915833, -0.3303011655807495, -0.9406780004501343, 0.06191422790288925, 0.9433010816574097, -0.32611289620399475], "cam_t_m2c": [-233.2735595703125, -18.864004135131836, 584.5792236328125], "obj_id": 3}, {"cam_R_m2c": [0.9950581192970276, -0.03292611613869667, 0.09367617964744568, 0.07762721180915833, -0.3303011655807495, -0.9406780004501343, 0.06191422790288925, 0.9433010816574097, -0.32611289620399475], "cam_t_m2c": [-233.2735595703125, -18.864004135131836, 584.5792236328125], "obj_id": 3}, {"cam_R_m2c": [0.9950581192970276, -0.03292611613869667, 0.09367617964744568, 0.07762721180915833, -0.3303011655807495, -0.9406780004501343, 0.06191422790288925, 0.9433010816574097, -0.32611289620399475], "cam_t_m2c": [-233.2735595703125, -18.864004135131836, 584.5792236328125], "obj_id": 3}, {"cam_R_m2c": [0.9950581192970276, -0.03292611613869667, 0.09367617964744568, 0.07762721180915833, -0.3303011655807495, -0.9406780004501343, 0.06191422790288925, 0.9433010816574097, -0.32611289620399475], "cam_t_m2c": [-233.2735595703125, -18.864004135131836, 584.5792236328125], "obj_id": 3}, {"cam_R_m2c": [0.9950581192970276, -0.03292611613869667, 0.09367617964744568, 0.07762721180915833, -0.3303011655807495, -0.9406780004501343, 0.06191422790288925, 0.9433010816574097, -0.32611289620399475], "cam_t_m2c": [-233.2735595703125, -18.864004135131836, 584.5792236328125], "obj_id": 3}, {"cam_R_m2c": [0.9950581192970276, -0.03292611613869667, 0.09367617964744568, 0.07762721180915833, -0.3303011655807495, -0.9406780004501343, 0.06191422790288925, 0.9433010816574097, -0.32611289620399475], "cam_t_m2c": [-233.2735595703125, -18.864004135131836, 584.5792236328125], "obj_id": 0}, {"cam_R_m2c": [0.9950581192970276, -0.03292611613869667, 0.09367617964744568, 0.07762721180915833, -0.3303011655807495, -0.9406780004501343, 0.06191422790288925, 0.9433010816574097, -0.32611289620399475], "cam_t_m2c": [-233.2735595703125, -18.864004135131836, 584.5792236328125], "obj_id": 3}, {"cam_R_m2c": [0.9950581192970276, -0.03292611613869667, 0.09367617964744568, 0.07762721180915833, -0.3303011655807495, -0.9406780004501343, 0.06191422790288925, 0.9433010816574097, -0.32611289620399475], "cam_t_m2c": [-233.2735595703125, -18.864004135131836, 584.5792236328125], "obj_id": 1}, {"cam_R_m2c": [0.9950581192970276, -0.03292611613869667, 0.09367617964744568, 0.07762721180915833, -0.3303011655807495, -0.9406780004501343, 0.06191422790288925, 0.9433010816574097, -0.32611289620399475], "cam_t_m2c": [-233.2735595703125, -18.864004135131836, 584.5792236328125], "obj_id": 2}, {"cam_R_m2c": [-0.6946025490760803, 0.407256543636322, 0.5930168628692627, 0.531338632106781, 0.8461541533470154, 0.04125933349132538, -0.4849805533885956, 0.3437516689300537, -0.8041319847106934], "cam_t_m2c": [-190.59365844726562, -9.037636756896973, 493.97149658203125], "obj_id": 1}, {"cam_R_m2c": [0.8108514547348022, -0.5122449398040771, -0.2830636501312256, 0.3506985008716583, 0.8124815225601196, -0.4657084345817566, 0.468540757894516, 0.2783503532409668, 0.8384453654289246], "cam_t_m2c": [-447.3531494140625, -14.151762962341309, 428.7816467285156], "obj_id": 2}, {"cam_R_m2c": [0.28261318802833557, -0.8515398502349854, -0.44159895181655884, -0.8360496759414673, -0.4443610906600952, 0.3218136429786682, -0.47026658058166504, 0.2782498896121979, -0.8375118970870972], "cam_t_m2c": [-12.63818073272705, -11.746188163757324, 528.9745483398438], "obj_id": 3}, {"cam_R_m2c": [-0.7622768878936768, -0.39536651968955994, -0.5124637484550476, -0.3116293251514435, -0.46976014971733093, 0.8259614706039429, -0.5672926306724548, 0.7893101572990417, 0.23487962782382965], "cam_t_m2c": [31.294286727905273, 5.782839775085449, 547.2560424804688], "obj_id": 4}],
  "2": [{"cam_R_m2c": [0.9950581192970276, -0.03292611613869667, 0.09367617964744568, 0.07762721180915833, -0.3303011655807495, -0.9406780004501343, 0.06191422790288925, 0.9433010816574097, -0.32611289620399475], "cam_t_m2c": [-233.2735595703125, -18.864004135131836, 584.5792236328125], "obj_id": 3}, {"cam_R_m2c": [0.9950581192970276, -0.03292611613869667, 0.09367617964744568, 0.07762721180915833, -0.3303011655807495, -0.9406780004501343, 0.06191422790288925, 0.9433010816574097, -0.32611289620399475], "cam_t_m2c": [-233.2735595703125, -18.864004135131836, 584.5792236328125], "obj_id": 3}, {"cam_R_m2c": [0.9950581192970276, -0.03292611613869667, 0.09367617964744568, 0.07762721180915833, -0.3303011655807495, -0.9406780004501343, 0.06191422790288925, 0.9433010816574097, -0.32611289620399475], "cam_t_m2c": [-233.2735595703125, -18.864004135131836, 584.5792236328125], "obj_id": 0}, {"cam_R_m2c": [0.9950581192970276, -0.03292611613869667, 0.09367617964744568, 0.07762721180915833, -0.3303011655807495, -0.9406780004501343, 0.06191422790288925, 0.9433010816574097, -0.32611289620399475], "cam_t_m2c": [-233.2735595703125, -18.864004135131836, 584.5792236328125], "obj_id": 3}, {"cam_R_m2c": [0.9950581192970276, -0.03292611613869667, 0.09367617964744568, 0.07762721180915833, -0.3303011655807495, -0.9406780004501343, 0.06191422790288925, 0.9433010816574097, -0.32611289620399475], "cam_t_m2c": [-233.2735595703125, -18.864004135131836, 584.5792236328125], "obj_id": 3}, {"cam_R_m2c": [0.9950581192970276, -0.03292611613869667, 0.09367617964744568, 0.07762721180915833, -0.3303011655807495, -0.9406780004501343, 0.06191422790288925, 0.9433010816574097, -0.32611289620399475], "cam_t_m2c": [-233.2735595703125, -18.864004135131836, 584.5792236328125], "obj_id": 3}, {"cam_R_m2c": [0.9950581192970276, -0.03292611613869667, 0.09367617964744568, 0.07762721180915833, -0.3303011655807495, -0.9406780004501343, 0.06191422790288925, 0.9433010816574097, -0.32611289620399475], "cam_t_m2c": [-233.2735595703125, -18.864004135131836, 584.5792236328125], "obj_id": 3}, {"cam_R_m2c": [0.9950581192970276, -0.03292611613869667, 0.09367617964744568, 0.07762721180915833, -0.3303011655807495, -0.9406780004501343, 0.06191422790288925, 0.9433010816574097, -0.32611289620399475], "cam_t_m2c": [-233.2735595703125, -18.864004135131836, 584.5792236328125], "obj_id": 3}, {"cam_R_m2c": [0.9950581192970276, -0.03292611613869667, 0.09367617964744568, 0.07762721180915833, -0.3303011655807495, -0.9406780004501343, 0.06191422790288925, 0.9433010816574097, -0.32611289620399475], "cam_t_m2c": [-233.2735595703125, -18.864004135131836, 584.5792236328125], "obj_id": 0}, {"cam_R_m2c": [0.9950581192970276, -0.03292611613869667, 0.09367617964744568, 0.07762721180915833, -0.3303011655807495, -0.9406780004501343, 0.06191422790288925, 0.9433010816574097, -0.32611289620399475], "cam_t_m2c": [-233.2735595703125, -18.864004135131836, 584.5792236328125], "obj_id": 3}, {"cam_R_m2c": [0.9950581192970276, -0.03292611613869667, 0.09367617964744568, 0.07762721180915833, -0.3303011655807495, -0.9406780004501343, 0.06191422790288925, 0.9433010816574097, -0.32611289620399475], "cam_t_m2c": [-233.2735595703125, -18.864004135131836, 584.5792236328125], "obj_id": 1}, {"cam_R_m2c": [0.9950581192970276, -0.03292611613869667, 0.09367617964744568, 0.07762721180915833, -0.3303011655807495, -0.9406780004501343, 0.06191422790288925, 0.9433010816574097, -0.32611289620399475], "cam_t_m2c": [-233.2735595703125, -18.864004135131836, 584.5792236328125], "obj_id": 2}, {"cam_R_m2c": [-0.6946025490760803, 0.407256543636322, 0.5930168628692627, 0.531338632106781, 0.8461541533470154, 0.04125933349132538, -0.4849805533885956, 0.3437516689300537, -0.8041319847106934], "cam_t_m2c": [-190.59365844726562, -9.037636756896973, 493.97149658203125], "obj_id": 1}, {"cam_R_m2c": [0.8108514547348022, -0.5122449398040771, -0.2830636501312256, 0.3506985008716583, 0.8124815225601196, -0.4657084345817566, 0.468540757894516, 0.2783503532409668, 0.8384453654289246], "cam_t_m2c": [-447.3531494140625, -14.151762962341309, 428.7816467285156], "obj_id": 2}, {"cam_R_m2c": [0.28261318802833557, -0.8515398502349854, -0.44159895181655884, -0.8360496759414673, -0.4443610906600952, 0.3218136429786682, -0.47026658058166504, 0.2782498896121979, -0.8375118970870972], "cam_t_m2c": [-12.63818073272705, -11.746188163757324, 528.9745483398438], "obj_id": 3}, {"cam_R_m2c": [-0.7622768878936768, -0.39536651968955994, -0.5124637484550476, -0.3116293251514435, -0.46976014971733093, 0.8259614706039429, -0.5672926306724548, 0.7893101572990417, 0.23487962782382965], "cam_t_m2c": [31.294286727905273, 5.782839775085449, 547.2560424804688], "obj_id": 4}],
  "3": [{"cam_R_m2c": [0.034366004168987274, -0.9630481004714966, 0.2671276330947876, -0.26911482214927673, -0.2663300633430481, -0.9255513548851013, 0.9624946713447571, -0.04008058086037636, -0.2683231234550476], "cam_t_m2c": [-50.16447448730469, 62.45815658569336, 259.55303955078125], "obj_id": 3}, {"cam_R_m2c": [0.034366004168987274, -0.9630481004714966, 0.2671276330947876, -0.26911482214927673, -0.2663300633430481, -0.9255513548851013, 0.9624946713447571, -0.04008058086037636, -0.2683231234550476], "cam_t_m2c": [-50.16447448730469, 62.45815658569336, 259.55303955078125], "obj_id": 3}, {"cam_R_m2c": [0.034366004168987274, -0.9630481004714966, 0.2671276330947876, -0.26911482214927673, -0.2663300633430481, -0.9255513548851013, 0.9624946713447571, -0.04008058086037636, -0.2683231234550476], "cam_t_m2c": [-50.16447448730469, 62.45815658569336, 259.55303955078125], "obj_id": 0}, {"cam_R_m2c": [0.034366004168987274, -0.9630481004714966, 0.2671276330947876, -0.26911482214927673, -0.2663300633430481, -0.9255513548851013, 0.9624946713447571, -0.04008058086037636, -0.2683231234550476], "cam_t_m2c": [-50.16447448730469, 62.45815658569336, 259.55303955078125], "obj_id": 3}, {"cam_R_m2c": [0.034366004168987274, -0.9630481004714966, 0.2671276330947876, -0.26911482214927673, -0.2663300633430481, -0.9255513548851013, 0.9624946713447571, -0.04008058086037636, -0.2683231234550476], "cam_t_m2c": [-50.16447448730469, 62.45815658569336, 259.55303955078125], "obj_id": 3}, {"cam_R_m2c": [0.034366004168987274, -0.9630481004714966, 0.2671276330947876, -0.26911482214927673, -0.2663300633430481, -0.9255513548851013, 0.9624946713447571, -0.04008058086037636, -0.2683231234550476], "cam_t_m2c": [-50.16447448730469, 62.45815658569336, 259.55303955078125], "obj_id": 3}, {"cam_R_m2c": [0.034366004168987274, -0.9630481004714966, 0.2671276330947876, -0.26911482214927673, -0.2663300633430481, -0.9255513548851013, 0.9624946713447571, -0.04008058086037636, -0.2683231234550476], "cam_t_m2c": [-50.16447448730469, 62.45815658569336, 259.55303955078125], "obj_id": 3}, {"cam_R_m2c": [0.034366004168987274, -0.9630481004714966, 0.2671276330947876, -0.26911482214927673, -0.2663300633430481, -0.9255513548851013, 0.9624946713447571, -0.04008058086037636, -0.2683231234550476], "cam_t_m2c": [-50.16447448730469, 62.45815658569336, 259.55303955078125], "obj_id": 3}, {"cam_R_m2c": [0.034366004168987274, -0.9630481004714966, 0.2671276330947876, -0.26911482214927673, -0.2663300633430481, -0.9255513548851013, 0.9624946713447571, -0.04008058086037636, -0.2683231234550476], "cam_t_m2c": [-50.16447448730469, 62.45815658569336, 259.55303955078125], "obj_id": 0}, {"cam_R_m2c": [0.034366004168987274, -0.9630481004714966, 0.2671276330947876, -0.26911482214927673, -0.2663300633430481, -0.9255513548851013, 0.9624946713447571, -0.04008058086037636, -0.2683231234550476], "cam_t_m2c": [-50.16447448730469, 62.45815658569336, 259.55303955078125], "obj_id": 3}, {"cam_R_m2c": [0.034366004168987274, -0.9630481004714966, 0.2671276330947876, -0.26911482214927673, -0.2663300633430481, -0.9255513548851013, 0.9624946713447571, -0.04008058086037636, -0.2683231234550476], "cam_t_m2c": [-50.16447448730469, 62.45815658569336, 259.55303955078125], "obj_id": 1}, {"cam_R_m2c": [0.034366004168987274, -0.9630481004714966, 0.2671276330947876, -0.26911482214927673, -0.2663300633430481, -0.9255513548851013, 0.9624946713447571, -0.04008058086037636, -0.2683231234550476], "cam_t_m2c": [-50.16447448730469, 62.45815658569336, 259.55303955078125], "obj_id": 2}, {"cam_R_m2c": [0.45555379986763, -0.2456689476966858, 0.8556385636329651, 0.7219240665435791, 0.6643315553665161, -0.1936209797859192, -0.520861029624939, 0.7059109210968018, 0.47999313473701477], "cam_t_m2c": [44.41163635253906, 53.84190368652344, 292.8549499511719], "obj_id": 1}, {"cam_R_m2c": [-0.3673652112483978, -0.2666463255882263, -0.8910343647003174, 0.06443632394075394, 0.9484239220619202, -0.31038689613342285, 0.9278417825698853, -0.17144039273262024, -0.33123621344566345], "cam_t_m2c": [85.47100067138672, 135.599853515625, 44.1964225769043], "obj_id": 2}, {"cam_R_m2c": [0.4347839951515198, -0.38472703099250793, 0.8142160773277283, -0.8976507186889648, -0.11285137385129929, 0.4260134994983673, -0.07201342284679413, -0.9161055684089661, -0.3944164514541626], "cam_t_m2c": [25.63166046142578, -9.032232284545898, 461.9550476074219], "obj_id": 3}, {"cam_R_m2c": [0.47259992361068726, -0.852715253829956, -0.22254420816898346, -0.047945406287908554, -0.2770288288593292, 0.959664523601532, -0.8799718618392944, -0.44286736845970154, -0.17180752754211426], "cam_t_m2c": [12.682928085327148, -7.16254186630249, 510.94873046875], "obj_id": 4}],
  "4": [{"cam_R_m2c": [0.034366004168987274, -0.9630481004714966, 0.2671276330947876, -0.26911482214927673, -0.2663300633430481, -0.9255513548851013, 0.9624946713447571, -0.04008058086037636, -0.2683231234550476], "cam_t_m2c": [-50.16447448730469, 62.45815658569336, 259.55303955078125], "obj_id": 3}, {"cam_R_m2c": [0.034366004168987274, -0.9630481004714966, 0.2671276330947876, -0.26911482214927673, -0.2663300633430481, -0.9255513548851013, 0.9624946713447571, -0.04008058086037636, -0.2683231234550476], "cam_t_m2c": [-50.16447448730469, 62.45815658569336, 259.55303955078125], "obj_id": 3}, {"cam_R_m2c": [0.034366004168987274, -0.9630481004714966, 0.2671276330947876, -0.26911482214927673, -0.2663300633430481, -0.9255513548851013, 0.9624946713447571, -0.04008058086037636, -0.2683231234550476], "cam_t_m2c": [-50.16447448730469, 62.45815658569336, 259.55303955078125], "obj_id": 0}, {"cam_R_m2c": [0.034366004168987274, -0.9630481004714966, 0.2671276330947876, -0.26911482214927673, -0.2663300633430481, -0.9255513548851013, 0.9624946713447571, -0.04008058086037636, -0.2683231234550476], "cam_t_m2c": [-50.16447448730469, 62.45815658569336, 259.55303955078125], "obj_id": 3}, {"cam_R_m2c": [0.034366004168987274, -0.9630481004714966, 0.2671276330947876, -0.26911482214927673, -0.2663300633430481, -0.9255513548851013, 0.9624946713447571, -0.04008058086037636, -0.2683231234550476], "cam_t_m2c": [-50.16447448730469, 62.45815658569336, 259.55303955078125], "obj_id": 3}, {"cam_R_m2c": [0.034366004168987274, -0.9630481004714966, 0.2671276330947876, -0.26911482214927673, -0.2663300633430481, -0.9255513548851013, 0.9624946713447571, -0.04008058086037636, -0.2683231234550476], "cam_t_m2c": [-50.16447448730469, 62.45815658569336, 259.55303955078125], "obj_id": 3}, {"cam_R_m2c": [0.034366004168987274, -0.9630481004714966, 0.2671276330947876, -0.26911482214927673, -0.2663300633430481, -0.9255513548851013, 0.9624946713447571, -0.04008058086037636, -0.2683231234550476], "cam_t_m2c": [-50.16447448730469, 62.45815658569336, 259.55303955078125], "obj_id": 3}, {"cam_R_m2c": [0.034366004168987274, -0.9630481004714966, 0.2671276330947876, -0.26911482214927673, -0.2663300633430481, -0.9255513548851013, 0.9624946713447571, -0.04008058086037636, -0.2683231234550476], "cam_t_m2c": [-50.16447448730469, 62.45815658569336, 259.55303955078125], "obj_id": 3}, {"cam_R_m2c": [0.034366004168987274, -0.9630481004714966, 0.2671276330947876, -0.26911482214927673, -0.2663300633430481, -0.9255513548851013, 0.9624946713447571, -0.04008058086037636, -0.2683231234550476], "cam_t_m2c": [-50.16447448730469, 62.45815658569336, 259.55303955078125], "obj_id": 0}, {"cam_R_m2c": [0.034366004168987274, -0.9630481004714966, 0.2671276330947876, -0.26911482214927673, -0.2663300633430481, -0.9255513548851013, 0.9624946713447571, -0.04008058086037636, -0.2683231234550476], "cam_t_m2c": [-50.16447448730469, 62.45815658569336, 259.55303955078125], "obj_id": 3}, {"cam_R_m2c": [0.034366004168987274, -0.9630481004714966, 0.2671276330947876, -0.26911482214927673, -0.2663300633430481, -0.9255513548851013, 0.9624946713447571, -0.04008058086037636, -0.2683231234550476], "cam_t_m2c": [-50.16447448730469, 62.45815658569336, 259.55303955078125], "obj_id": 1}, {"cam_R_m2c": [0.034366004168987274, -0.9630481004714966, 0.2671276330947876, -0.26911482214927673, -0.2663300633430481, -0.9255513548851013, 0.9624946713447571, -0.04008058086037636, -0.2683231234550476], "cam_t_m2c": [-50.16447448730469, 62.45815658569336, 259.55303955078125], "obj_id": 2}, {"cam_R_m2c": [0.45555379986763, -0.2456689476966858, 0.8556385636329651, 0.7219240665435791, 0.6643315553665161, -0.1936209797859192, -0.520861029624939, 0.7059109210968018, 0.47999313473701477], "cam_t_m2c": [44.41163635253906, 53.84190368652344, 292.8549499511719], "obj_id": 1}, {"cam_R_m2c": [-0.3673652112483978, -0.2666463255882263, -0.8910343647003174, 0.06443632394075394, 0.9484239220619202, -0.31038689613342285, 0.9278417825698853, -0.17144039273262024, -0.33123621344566345], "cam_t_m2c": [85.47100067138672, 135.599853515625, 44.1964225769043], "obj_id": 2}, {"cam_R_m2c": [0.4347839951515198, -0.38472703099250793, 0.8142160773277283, -0.8976507186889648, -0.11285137385129929, 0.4260134994983673, -0.07201342284679413, -0.9161055684089661, -0.3944164514541626], "cam_t_m2c": [25.63166046142578, -9.032232284545898, 461.9550476074219], "obj_id": 3}, {"cam_R_m2c": [0.47259992361068726, -0.852715253829956, -0.22254420816898346, -0.047945406287908554, -0.2770288288593292, 0.959664523601532, -0.8799718618392944, -0.44286736845970154, -0.17180752754211426], "cam_t_m2c": [12.682928085327148, -7.16254186630249, 510.94873046875], "obj_id": 4}],
  "5": [{"cam_R_m2c": [-0.4433078169822693, -0.8802695870399475, 0.16912613809108734, -0.33187994360923767, -0.014083893969655037, -0.9432165026664734, 0.8326667547225952, -0.47426480054855347, -0.285900354385376], "cam_t_m2c": [64.64341735839844, 89.2158432006836, 200.16419982910156], "obj_id": 3}, {"cam_R_m2c": [-0.4433078169822693, -0.8802695870399475, 0.16912613809108734, -0.33187994360923767, -0.014083893969655037, -0.9432165026664734, 0.8326667547225952, -0.47426480054855347, -0.285900354385376], "cam_t_m2c": [64.64341735839844, 89.2158432006836, 200.16419982910156], "obj_id": 3}, {"cam_R_m2c": [-0.4433078169822693, -0.8802695870399475, 0.16912613809108734, -0.33187994360923767, -0.014083893969655037, -0.9432165026664734, 0.8326667547225952, -0.47426480054855347, -0.285900354385376], "cam_t_m2c": [64.64341735839844, 89.2158432006836, 200.16419982910156], "obj_id": 0}, {"cam_R_m2c": [-0.4433078169822693, -0.8802695870399475, 0.16912613809108734, -0.33187994360923767, -0.014083893969655037, -0.9432165026664734, 0.8326667547225952, -0.47426480054855347, -0.285900354385376], "cam_t_m2c": [64.64341735839844, 89.2158432006836, 200.16419982910156], "obj_id": 3}, {"cam_R_m2c": [-0.4433078169822693, -0.8802695870399475, 0.16912613809108734, -0.33187994360923767, -0.014083893969655037, -0.9432165026664734, 0.8326667547225952, -0.47426480054855347, -0.285900354385376], "cam_t_m2c": [64.64341735839844, 89.2158432006836, 200.16419982910156], "obj_id": 3}, {"cam_R_m2c": [-0.4433078169822693, -0.8802695870399475, 0.16912613809108734, -0.33187994360923767, -0.014083893969655037, -0.9432165026664734, 0.8326667547225952, -0.47426480054855347, -0.285900354385376], "cam_t_m2c": [64.64341735839844, 89.2158432006836, 200.16419982910156], "obj_id": 3}, {"cam_R_m2c": [-0.4433078169822693, -0.8802695870399475, 0.16912613809108734, -0.33187994360923767, -0.014083893969655037, -0.9432165026664734, 0.8326667547225952, -0.47426480054855347, -0.285900354385376], "cam_t_m2c": [64.64341735839844, 89.2158432006836, 200.16419982910156], "obj_id": 3}, {"cam_R_m2c": [-0.4433078169822693, -0.8802695870399475, 0.16912613809108734, -0.33187994360923767, -0.014083893969655037, -0.9432165026664734, 0.8326667547225952, -0.47426480054855347, -0.285900354385376], "cam_t_m2c": [64.64341735839844, 89.2158432006836, 200.16419982910156], "obj_id": 3}, {"cam_R_m2c": [-0.4433078169822693, -0.8802695870399475, 0.16912613809108734, -0.33187994360923767, -0.014083893969655037, -0.9432165026664734, 0.8326667547225952, -0.47426480054855347, -0.285900354385376], "cam_t_m2c": [64.64341735839844, 89.2158432006836, 200.16419982910156], "obj_id": 0}, {"cam_R_m2c": [-0.4433078169822693, -0.8802695870399475, 0.16912613809108734, -0.33187994360923767, -0.014083893969655037, -0.9432165026664734, 0.8326667547225952, -0.47426480054855347, -0.285900354385376], "cam_t_m2c": [64.64341735839844, 89.2158432006836, 200.16419982910156], "obj_id": 3}, {"cam_R_m2c": [-0.4433078169822693, -0.8802695870399475, 0.16912613809108734, -0.33187994360923767, -0.014083893969655037, -0.9432165026664734, 0.8326667547225952, -0.47426480054855347, -0.285900354385376], "cam_t_m2c": [64.64341735839844, 89.2158432006836, 200.16419982910156], "obj_id": 1}, {"cam_R_m2c": [-0.4433078169822693, -0.8802695870399475, 0.16912613809108734, -0.33187994360923767, -0.014083893969655037, -0.9432165026664734, 0.8326667547225952, -0.47426480054855347, -0.285900354385376], "cam_t_m2c": [64.64341735839844, 89.2158432006836, 200.16419982910156], "obj_id": 2}, {"cam_R_m2c": [0.7697041034698486, -0.39293646812438965, 0.5031465888023376, 0.6178871989250183, 0.6567168235778809, -0.4323636591434479, -0.1605333536863327, 0.6436799764633179, 0.7482680678367615], "cam_t_m2c": [131.4066925048828, 55.07615661621094, 267.2837829589844], "obj_id": 1}, {"cam_R_m2c": [-0.7149868607521057, 0.027887092903256416, -0.6985814571380615, 0.09298305958509445, 0.9941206574440002, -0.05548176169395447, 0.6929270625114441, -0.10462497174739838, -0.7133762240409851], "cam_t_m2c": [292.1763916015625, 140.15966796875, 74.6307373046875], "obj_id": 2}, {"cam_R_m2c": [0.2360338568687439, 0.04021243378520012, 0.9709123373031616, -0.9710568785667419, 0.0473470538854599, 0.2341078668832779, -0.03655564785003662, -0.9980685710906982, 0.0502241887152195], "cam_t_m2c": [28.664886474609375, -12.096410751342773, 400.8227844238281], "obj_id": 3}, {"cam_R_m2c": [0.7896932363510132, -0.6096125245094299, 0.06897202134132385, -0.10648846626281738, -0.02548476681113243, 0.9939871430397034, -0.6041893362998962, -0.7922896146774292, -0.0850418359041214], "cam_t_m2c": [-3.730768918991089, -10.278430938720703, 439.7940673828125], "obj_id": 4}],
  "6": [{"cam_R_m2c": [-0.4433078169822693, -0.8802695870399475, 0.16912613809108734, -0.33187994360923767, -0.014083893969655037, -0.9432165026664734, 0.8326667547225952, -0.47426480054855347, -0.285900354385376], "cam_t_m2c": [64.64341735839844, 89.2158432006836, 200.16419982910156], "obj_id": 3}, {"cam_R_m2c": [-0.4433078169822693, -0.8802695870399475, 0.16912613809108734, -0.33187994360923767, -0.014083893969655037, -0.9432165026664734, 0.8326667547225952, -0.47426480054855347, -0.285900354385376], "cam_t_m2c": [64.64341735839844, 89.2158432006836, 200.16419982910156], "obj_id": 3}, {"cam_R_m2c": [-0.4433078169822693, -0.8802695870399475, 0.16912613809108734, -0.33187994360923767, -0.014083893969655037, -0.9432165026664734, 0.8326667547225952, -0.47426480054855347, -0.285900354385376], "cam_t_m2c": [64.64341735839844, 89.2158432006836, 200.16419982910156], "obj_id": 0}, {"cam_R_m2c": [-0.4433078169822693, -0.8802695870399475, 0.16912613809108734, -0.33187994360923767, -0.014083893969655037, -0.9432165026664734, 0.8326667547225952, -0.47426480054855347, -0.285900354385376], "cam_t_m2c": [64.64341735839844, 89.2158432006836, 200.16419982910156], "obj_id": 3}, {"cam_R_m2c": [-0.4433078169822693, -0.8802695870399475, 0.16912613809108734, -0.33187994360923767, -0.014083893969655037, -0.9432165026664734, 0.8326667547225952, -0.47426480054855347, -0.285900354385376], "cam_t_m2c": [64.64341735839844, 89.2158432006836, 200.16419982910156], "obj_id": 3}, {"cam_R_m2c": [-0.4433078169822693, -0.8802695870399475, 0.16912613809108734, -0.33187994360923767, -0.014083893969655037, -0.9432165026664734, 0.8326667547225952, -0.47426480054855347, -0.285900354385376], "cam_t_m2c": [64.64341735839844, 89.2158432006836, 200.16419982910156], "obj_id": 3}, {"cam_R_m2c": [-0.4433078169822693, -0.8802695870399475, 0.16912613809108734, -0.33187994360923767, -0.014083893969655037, -0.9432165026664734, 0.8326667547225952, -0.47426480054855347, -0.285900354385376], "cam_t_m2c": [64.64341735839844, 89.2158432006836, 200.16419982910156], "obj_id": 3}, {"cam_R_m2c": [-0.4433078169822693, -0.8802695870399475, 0.16912613809108734, -0.33187994360923767, -0.014083893969655037, -0.9432165026664734, 0.8326667547225952, -0.47426480054855347, -0.285900354385376], "cam_t_m2c": [64.64341735839844, 89.2158432006836, 200.16419982910156], "obj_id": 3}, {"cam_R_m2c": [-0.4433078169822693, -0.8802695870399475, 0.16912613809108734, -0.33187994360923767, -0.014083893969655037, -0.9432165026664734, 0.8326667547225952, -0.47426480054855347, -0.285900354385376], "cam_t_m2c": [64.64341735839844, 89.2158432006836, 200.16419982910156], "obj_id": 0}, {"cam_R_m2c": [-0.4433078169822693, -0.8802695870399475, 0.16912613809108734, -0.33187994360923767, -0.014083893969655037, -0.9432165026664734, 0.8326667547225952, -0.47426480054855347, -0.285900354385376], "cam_t_m2c": [64.64341735839844, 89.2158432006836, 200.16419982910156], "obj_id": 3}, {"cam_R_m2c": [-0.4433078169822693, -0.8802695870399475, 0.16912613809108734, -0.33187994360923767, -0.014083893969655037, -0.9432165026664734, 0.8326667547225952, -0.47426480054855347, -0.285900354385376], "cam_t_m2c": [64.64341735839844, 89.2158432006836, 200.16419982910156], "obj_id": 1}, {"cam_R_m2c": [-0.4433078169822693, -0.8802695870399475, 0.16912613809108734, -0.33187994360923767, -0.014083893969655037, -0.9432165026664734, 0.8326667547225952, -0.47426480054855347, -0.285900354385376], "cam_t_m2c": [64.64341735839844, 89.2158432006836, 200.16419982910156], "obj_id": 2}, {"cam_R_m2c": [0.7697041034698486, -0.39293646812438965, 0.5031465888023376, 0.6178871989250183, 0.6567168235778809, -0.4323636591434479, -0.1605333536863327, 0.6436799764633179, 0.7482680678367615], "cam_t_m2c": [131.4066925048828, 55.07615661621094, 267.2837829589844], "obj_id": 1}, {"cam_R_m2c": [-0.7149868607521057, 0.027887092903256416, -0.6985814571380615, 0.09298305958509445, 0.9941206574440002, -0.05548176169395447, 0.6929270625114441, -0.10462497174739838, -0.7133762240409851], "cam_t_m2c": [292.1763916015625, 140.15966796875, 74.6307373046875], "obj_id": 2}, {"cam_R_m2c": [0.2360338568687439, 0.04021243378520012, 0.9709123373031616, -0.9710568785667419, 0.0473470538854599, 0.2341078668832779, -0.03655564785003662, -0.9980685710906982, 0.0502241887152195], "cam_t_m2c": [28.664886474609375, -12.096410751342773, 400.8227844238281], "obj_id": 3}, {"cam_R_m2c": [0.7896932363510132, -0.6096125245094299, 0.06897202134132385, -0.10648846626281738, -0.02548476681113243, 0.9939871430397034, -0.6041893362998962, -0.7922896146774292, -0.0850418359041214], "cam_t_m2c": [-3.730768918991089, -10.278430938720703, 439.7940673828125], "obj_id": 4}],
  "7": [{"cam_R_m2c": [-0.6427901387214661, -0.7280358672142029, 0.23829445242881775, -0.3050941526889801, -0.04203131049871445, -0.9513940811157227, 0.7026649117469788, -0.6842491626739502, -0.19510197639465332], "cam_t_m2c": [115.66751098632812, 83.82749938964844, 258.7419128417969], "obj_id": 3}, {"cam_R_m2c": [-0.6427901387214661, -0.7280358672142029, 0.23829445242881775, -0.3050941526889801, -0.04203131049871445, -0.9513940811157227, 0.7026649117469788, -0.6842491626739502, -0.19510197639465332], "cam_t_m2c": [115.66751098632812, 83.82749938964844, 258.7419128417969], "obj_id": 3}, {"cam_R_m2c": [-0.6427901387214661, -0.7280358672142029, 0.23829445242881775, -0.3050941526889801, -0.04203131049871445, -0.9513940811157227, 0.7026649117469788, -0.6842491626739502, -0.19510197639465332], "cam_t_m2c": [115.66751098632812, 83.82749938964844, 258.7419128417969], "obj_id": 0}, {"cam_R_m2c": [-0.6427901387214661, -0.7280358672142029, 0.23829445242881775, -0.3050941526889801, -0.04203131049871445, -0.9513940811157227, 0.7026649117469788, -0.6842491626739502, -0.19510197639465332], "cam_t_m2c": [115.66751098632812, 83.82749938964844, 258.7419128417969], "obj_id": 3}, {"cam_R_m2c": [-0.6427901387214661, -0.7280358672142029, 0.23829445242881775, -0.3050941526889801, -0.04203131049871445, -0.9513940811157227, 0.7026649117469788, -0.6842491626739502, -0.19510197639465332], "cam_t_m2c": [115.66751098632812, 83.82749938964844, 258.7419128417969], "obj_id": 3}, {"cam_R_m2c": [-0.6427901387214661, -0.7280358672142029, 0.23829445242881775, -0.3050941526889801, -0.04203131049871445, -0.9513940811157227, 0.7026649117469788, -0.6842491626739502, -0.19510197639465332], "cam_t_m2c": [115.66751098632812, 83.82749938964844, 258.7419128417969], "obj_id": 3}, {"cam_R_m2c": [-0.6427901387214661, -0.7280358672142029, 0.23829445242881775, -0.3050941526889801, -0.04203131049871445, -0.9513940811157227, 0.7026649117469788, -0.6842491626739502, -0.19510197639465332], "cam_t_m2c": [115.66751098632812, 83.82749938964844, 258.7419128417969], "obj_id": 3}, {"cam_R_m2c": [-0.6427901387214661, -0.7280358672142029, 0.23829445242881775, -0.3050941526889801, -0.04203131049871445, -0.9513940811157227, 0.7026649117469788, -0.6842491626739502, -0.19510197639465332], "cam_t_m2c": [115.66751098632812, 83.82749938964844, 258.7419128417969], "obj_id": 3}, {"cam_R_m2c": [-0.6427901387214661, -0.7280358672142029, 0.23829445242881775, -0.3050941526889801, -0.04203131049871445, -0.9513940811157227, 0.7026649117469788, -0.6842491626739502, -0.19510197639465332], "cam_t_m2c": [115.66751098632812, 83.82749938964844, 258.7419128417969], "obj_id": 0}, {"cam_R_m2c": [-0.6427901387214661, -0.7280358672142029, 0.23829445242881775, -0.3050941526889801, -0.04203131049871445, -0.9513940811157227, 0.7026649117469788, -0.6842491626739502, -0.19510197639465332], "cam_t_m2c": [115.66751098632812, 83.82749938964844, 258.7419128417969], "obj_id": 3}, {"cam_R_m2c": [-0.6427901387214661, -0.7280358672142029, 0.23829445242881775, -0.3050941526889801, -0.04203131049871445, -0.9513940811157227, 0.7026649117469788, -0.6842491626739502, -0.19510197639465332], "cam_t_m2c": [115.66751098632812, 83.82749938964844, 258.7419128417969], "obj_id": 1}, {"cam_R_m2c": [-0.6427901387214661, -0.7280358672142029, 0.23829445242881775, -0.3050941526889801, -0.04203131049871445, -0.9513940811157227, 0.7026649117469788, -0.6842491626739502, -0.19510197639465332], "cam_t_m2c": [115.66751098632812, 83.82749938964844, 258.7419128417969], "obj_id": 2}, {"cam_R_m2c": [0.7843297719955444, -0.5465194582939148, 0.2935017943382263, 0.6200516819953918, 0.6761383414268494, -0.3979608714580536, 0.019045552238821983, 0.4941188395023346, 0.869185745716095], "cam_t_m2c": [162.88739013671875, 53.01548767089844, 342.10137939453125], "obj_id": 1}, {"cam_R_m2c": [-0.8697038888931274, 0.05276995152235031, -0.49074482917785645, 0.11105872690677643, 0.9896939992904663, -0.09039748460054398, 0.48091694712638855, -0.13312053680419922, -0.866601288318634], "cam_t_m2c": [367.82965087890625, 132.55535888671875, 194.2047576904297], "obj_id": 2}, {"cam_R_m2c": [0.23861822485923767, 0.2963724136352539, 0.9247836470603943, -0.96900475025177, 0.009942757897078991, 0.24684199690818787, 0.06396225094795227, -0.9550207257270813, 0.2895587980747223], "cam_t_m2c": [29.24207878112793, -10.209389686584473, 447.1835021972656], "obj_id": 3}, {"cam_R_m2c": [0.9189942479133606, -0.38445955514907837, 0.08740925043821335, -0.12034323811531067, -0.062405362725257874, 0.9907688498497009, -0.375455766916275, -0.9210299849510193, -0.10361727327108383], "cam_t_m2c": [-12.115852355957031, -7.283470630645752, 476.3811340332031], "obj_id": 4}],
