{
  "0": [{"cam_R_m2c": [0.7381658554077148, -0.10847443342208862, 0.6658411622047424, 0.56781005859375, 0.6328588128089905, -0.5263852477073669, -0.36428412795066833, 0.7666309475898743, 0.5287476181983948], "cam_t_m2c": [118.90877532958984, 66.77530670166016, 722.8878173828125], "obj_id": 3}, {"cam_R_m2c": [0.492137610912323, -0.24287040531635284, 0.8359513282775879, -0.5646693706512451, -0.8199219107627869, 0.09421636909246445, 0.6625323295593262, -0.5184034705162048, -0.5406559109687805], "cam_t_m2c": [-123.53314971923828, -106.9650650024414, 699.9866943359375], "obj_id": 3}, {"cam_R_m2c": [0.6064295172691345, -0.07488415390253067, -0.791603147983551, 0.7503224611282349, 0.3833988308906555, 0.5385364294052124, 0.26317185163497925, -0.9205420613288879, 0.2886916399002075], "cam_t_m2c": [-181.85452270507812, 56.249168395996094, 582.0120239257812], "obj_id": 3}, {"cam_R_m2c": [-0.2386055588722229, -0.2681546211242676, 0.9333595633506775, -0.6331747770309448, -0.6857751607894897, -0.35888946056365967, 0.7363129258155823, -0.676612913608551, -0.006158697418868542], "cam_t_m2c": [-86.16242218017578, -130.19325256347656, 739.9053344726562], "obj_id": 3}, {"cam_R_m2c": [-0.6803081631660461, 0.3563283085823059, -0.6404772996902466, -0.014846964739263058, -0.8803839087486267, -0.4740295708179474, -0.7327759861946106, -0.3129769563674927, 0.6042224764823914], "cam_t_m2c": [-2.581726312637329, -122.87260437011719, 858.8895263671875], "obj_id": 3}, {"cam_R_m2c": [-0.41428324580192566, 0.41988593339920044, -0.8075054287910461, 0.44284746050834656, -0.6821228861808777, -0.5818885564804077, -0.7951448559761047, -0.5986684560775757, 0.09664683043956757], "cam_t_m2c": [30.758056640625, 148.69949340820312, 844.8822021484375], "obj_id": 3}, {"cam_R_m2c": [0.0916733518242836, 0.9590105414390564, 0.26813217997550964, 0.9379220604896545, -0.17361056804656982, 0.3002692461013794, 0.3345119059085846, 0.22396038472652435, -0.9153926372528076], "cam_t_m2c": [56.70222473144531, 231.26246643066406, 761.89599609375], "obj_id": 3}, {"cam_R_m2c": [-0.1765153855085373, -0.004008383955806494, -0.9842897057533264, 0.6073784828186035, 0.7864599227905273, -0.11212559789419174, 0.7745538949966431, -0.617628276348114, -0.1363876610994339], "cam_t_m2c": [136.1768798828125, 105.08804321289062, 730.6797485351562], "obj_id": 3}, {"cam_R_m2c": [-0.398661732673645, 0.8870182037353516, 0.23295384645462036, -0.39585185050964355, -0.395563542842865, 0.8287525177001953, 0.8272666335105896, 0.23817671835422516, 0.5088238716125488], "cam_t_m2c": [-115.9364242553711, -178.26669311523438, 677.09912109375], "obj_id": 3}, {"cam_R_m2c": [-0.25992169976234436, -0.9652010202407837, -0.028769761323928833, -0.7896156907081604, 0.22959882020950317, -0.56902676820755, 0.555830717086792, -0.12518535554409027, -0.821815550327301], "cam_t_m2c": [-122.82106018066406, -37.664127349853516, 711.7567749023438], "obj_id": 3}, {"cam_R_m2c": [-0.9923092722892761, 0.09515407681465149, -0.07917030900716782, -0.007841036655008793, -0.6866247653961182, -0.7269696593284607, -0.1235344260931015, -0.7207579612731934, 0.6820902824401855], "cam_t_m2c": [-180.355712890625, 242.08843994140625, 701.9336547851562], "obj_id": 3}, {"cam_R_m2c": [0.16339656710624695, 0.9591494202613831, -0.23094142973423004, 0.9758082628250122, -0.19159148633480072, -0.1053132712841034, -0.14525757730007172, -0.20814673602581024, -0.9672513008117676], "cam_t_m2c": [-1.8314820528030396, 162.05349731445312, 795.5206298828125], "obj_id": 3}, {"cam_R_m2c": [0.7787922620773315, 0.6194030046463013, 0.09910855442285538, -0.09194005280733109, -0.04357742890715599, 0.9948104619979858, 0.620507538318634, -0.7838627099990845, 0.02301020361483097], "cam_t_m2c": [161.708984375, 238.0541534423828, 745.018798828125], "obj_id": 3}, {"cam_R_m2c": [-0.607071578502655, 0.22876501083374023, -0.761006236076355, 0.48853808641433716, 0.8627483248710632, -0.130368173122406, 0.6267331838607788, -0.450923353433609, -0.6355104446411133], "cam_t_m2c": [222.044921875, 191.52418518066406, 726.732421875], "obj_id": 3}, {"cam_R_m2c": [0.7275318503379822, -0.6438467502593994, 0.2369784265756607, -0.003834260394796729, 0.3415912687778473, 0.9398407936096191, -0.6860632300376892, -0.6846727132797241, 0.24604985117912292], "cam_t_m2c": [-100.2415542602539, 218.49005126953125, 747.6549072265625], "obj_id": 3}, {"cam_R_m2c": [0.18228298425674438, -0.7417634129524231, 0.6454145312309265, -0.657778799533844, -0.5798895359039307, -0.48068180680274963, 0.7308213710784912, -0.336919903755188, -0.5936201810836792], "cam_t_m2c": [-106.17986297607422, 140.623046875, 887.6856689453125], "obj_id": 3}, {"cam_R_m2c": [0.7121042013168335, 0.6740151047706604, 0.19649744033813477, -0.42096593976020813, 0.1859273910522461, 0.8878167867660522, 0.5618677139282227, -0.7149367928504944, 0.41613706946372986], "cam_t_m2c": [-85.47412872314453, -41.754188537597656, 544.9161987304688], "obj_id": 3}, {"cam_R_m2c": [-0.8049668073654175, -0.46805664896965027, -0.3646250069141388, -0.5489130020141602, 0.8207687735557556, 0.15821868181228638, 0.22521750628948212, 0.32750821113586426, -0.9176139831542969], "cam_t_m2c": [76.41730499267578, 199.52711486816406, 685.3886108398438], "obj_id": 3}, {"cam_R_m2c": [0.19910001754760742, -0.8473954796791077, 0.49221962690353394, -0.611680269241333, 0.2849590480327606, 0.7380011081695557, -0.7656412124633789, -0.44801709055900574, -0.46159976720809937], "cam_t_m2c": [-197.13055419921875, -93.18380737304688, 580.1475830078125], "obj_id": 3}, {"cam_R_m2c": [-0.963253378868103, -0.2639879882335663, -0.049531061202287674, 0.11714198440313339, -0.24695229530334473, -0.961921215057373, 0.2417038381099701, -0.932375967502594, 0.26880165934562683], "cam_t_m2c": [16.227415084838867, 29.614408493041992, 446.2513427734375], "obj_id": 3}, {"cam_R_m2c": [-0.7391238212585449, 0.06856459379196167, -0.6700707674026489, 0.4820239543914795, 0.7486973404884338, -0.45508816838264465, 0.47047725319862366, -0.6593566536903381, -0.5864297747612], "cam_t_m2c": [-12.771109580993652, -224.0804443359375, 755.9002075195312], "obj_id": 3}, {"cam_R_m2c": [-0.8467433452606201, 0.35084134340286255, 0.3999200463294983, -0.1286458820104599, 0.5943869948387146, -0.7938225865364075, -0.516213059425354, -0.7236120700836182, -0.4581589102745056], "cam_t_m2c": [-57.89091110229492, 134.98287963867188, 533.1934814453125], "obj_id": 3}, {"cam_R_m2c": [-0.1592654436826706, 0.6708091497421265, 0.7243269681930542, -0.9184086918830872, -0.3698228895664215, 0.14055781066417694, 0.36216017603874207, -0.642842173576355, 0.6749770045280457], "cam_t_m2c": [71.1524887084961, 264.603271484375, 750.9320678710938], "obj_id": 3}, {"cam_R_m2c": [-0.6293389201164246, -0.7768955230712891, -0.019126851111650467, -0.5782620310783386, 0.4517056941986084, 0.6793931126594543, -0.5191777944564819, 0.4386288523674011, -0.7335252165794373], "cam_t_m2c": [78.1181411743164, 208.182373046875, 824.0322265625], "obj_id": 3}, {"cam_R_m2c": [-0.6680516004562378, -0.3941636383533478, 0.63114333152771, 0.046296533197164536, 0.82451993227005, 0.5639356970787048, -0.7426732182502747, 0.4059579372406006, -0.5325734615325928], "cam_t_m2c": [95.85897064208984, 215.306884765625, 718.1434326171875], "obj_id": 3}, {"cam_R_m2c": [-0.6508790254592896, 0.09434319287538528, 0.7532966732978821, -0.24662762880325317, 0.9121549129486084, -0.327335000038147, -0.7180050611495972, -0.3988392651081085, -0.5704348683357239], "cam_t_m2c": [86.2720947265625, -148.9170684814453, 658.8786010742188], "obj_id": 3}, {"cam_R_m2c": [-0.6328355073928833, 0.11156859993934631, 0.766205906867981, -0.7486514449119568, -0.34068891406059265, -0.5687283873558044, 0.19758567214012146, -0.9335327744483948, 0.29912611842155457], "cam_t_m2c": [7.763319969177246, 140.1066131591797, 573.936767578125], "obj_id": 3}, {"cam_R_m2c": [-0.9862151145935059, 0.1601743847131729, -0.04151707515120506, 0.07096503674983978, 0.18277302384376526, -0.9805905818939209, -0.1494773030281067, -0.9700196385383606, -0.19162021577358246], "cam_t_m2c": [-192.4984130859375, 15.605938911437988, 486.5561218261719], "obj_id": 3}, {"cam_R_m2c": [0.5168356895446777, 0.2845372259616852, 0.807415246963501, -0.8147852420806885, -0.1259114146232605, 0.5659250617027283, 0.26268962025642395, -0.9503602981567383, 0.16676127910614014], "cam_t_m2c": [-185.49855041503906, 299.6764831542969, 688.5018920898438], "obj_id": 1}, {"cam_R_m2c": [-0.08834679424762726, -0.23730190098285675, -0.9674102067947388, 0.8930476307868958, -0.4490523934364319, 0.02859494648873806, -0.44120359420776367, -0.8614171743392944, 0.2515943646430969], "cam_t_m2c": [8.891295433044434, -81.95452880859375, 786.5269775390625], "obj_id": 1}, {"cam_R_m2c": [-0.448258638381958, 0.14479680359363556, 0.8820987343788147, 0.7099967002868652, -0.541875958442688, 0.449750155210495, 0.5431104302406311, 0.8278915286064148, 0.1400952786207199], "cam_t_m2c": [136.35354614257812, 132.3728790283203, 679.4022216796875], "obj_id": 1}, {"cam_R_m2c": [-0.05157490819692612, -0.9936507344245911, 0.09999064356088638, -0.739808976650238, 0.1052708849310875, 0.664530336856842, -0.6708372235298157, -0.03970084711909294, -0.7405411005020142], "cam_t_m2c": [37.00725173950195, -179.98402404785156, 726.6390380859375], "obj_id": 1}, {"cam_R_m2c": [0.6490451693534851, -0.08409369736909866, 0.7560877203941345, 0.2538193166255951, 0.9608595967292786, -0.1110161617398262, -0.7171583771705627, 0.2639641761779785, 0.6449858546257019], "cam_t_m2c": [-133.07485961914062, 320.99334716796875, 674.8427734375], "obj_id": 1}, {"cam_R_m2c": [-0.10030612349510193, -0.1932169497013092, -0.9760152697563171, -0.013373936526477337, -0.9806121587753296, 0.1955014318227768, -0.9948667287826538, 0.03266316279768944, 0.09577738493680954], "cam_t_m2c": [-73.75882720947266, 184.66827392578125, 443.4098815917969], "obj_id": 1}, {"cam_R_m2c": [0.6784842610359192, 0.7286890745162964, 0.09312022477388382, -0.37652575969696045, 0.23610682785511017, 0.895813524723053, 0.630783200263977, -0.642857551574707, 0.4345649778842926], "cam_t_m2c": [-27.85588836669922, 340.455322265625, 647.345947265625], "obj_id": 1}, {"cam_R_m2c": [0.18005870282649994, 0.6559346914291382, -0.7330269813537598, -0.6461654901504517, 0.6407416462898254, 0.41463276743888855, 0.7416529655456543, 0.3989984691143036, 0.5392134785652161], "cam_t_m2c": [-135.22642517089844, -41.30842590332031, 724.9690551757812], "obj_id": 1}, {"cam_R_m2c": [-0.46799829602241516, -0.01493874005973339, -0.8836029767990112, -0.848610520362854, 0.28666120767593384, 0.44461825489997864, 0.24665261805057526, 0.9579154849052429, -0.14683406054973602], "cam_t_m2c": [-136.93699645996094, -2.061396837234497, 602.0204467773438], "obj_id": 1}, {"cam_R_m2c": [-0.9814452528953552, -0.09631199389696121, 0.16579867899417877, 0.046531207859516144, 0.7192126512527466, 0.693230152130127, -0.18601088225841522, 0.688082218170166, -0.7013862729072571], "cam_t_m2c": [-170.13385009765625, 297.8212890625, 653.8934326171875], "obj_id": 1}, {"cam_R_m2c": [-0.4499812424182892, -0.7284296751022339, 0.5166307091712952, 0.0961042270064354, -0.6146485209465027, -0.7829248905181885, 0.8878519535064697, -0.302651047706604, 0.34658530354499817], "cam_t_m2c": [133.82688903808594, 18.541250228881836, 711.7548217773438], "obj_id": 1}, {"cam_R_m2c": [0.024834027513861656, 0.9474617838859558, 0.31890353560447693, 0.9042229652404785, 0.11475573480129242, -0.41135379672050476, -0.4263380169868469, 0.2985754907131195, -0.8538668751716614], "cam_t_m2c": [-77.2270278930664, 80.65752410888672, 856.2445068359375], "obj_id": 1}, {"cam_R_m2c": [0.6721066236495972, -0.740344226360321, 0.012773517519235611, 0.5633376836776733, 0.5224581956863403, 0.6400688290596008, -0.4805448651313782, -0.42299866676330566, 0.7682114243507385], "cam_t_m2c": [-74.0, 374.5742492675781, 586.4420776367188], "obj_id": 1}, {"cam_R_m2c": [0.3899751603603363, 0.0316082164645195, -0.9202826619148254, 0.8403680920600891, 0.39634057879447937, 0.3697236180305481, 0.3764316439628601, -0.9175592660903931, 0.12800046801567078], "cam_t_m2c": [-192.3155059814453, -54.000999450683594, 527.2089233398438], "obj_id": 1}, {"cam_R_m2c": [-0.9115744233131409, 0.08022943884134293, -0.4032309949398041, 0.31556132435798645, -0.49214741587638855, -0.8113026022911072, -0.26353946328163147, -0.8668068647384644, 0.4233117401599884], "cam_t_m2c": [43.58628463745117, 160.05645751953125, 875.4451904296875], "obj_id": 1}, {"cam_R_m2c": [-0.27583885192871094, -0.2514321208000183, -0.9277362823486328, 0.7692854404449463, 0.5209296345710754, -0.36990824341773987, 0.5762921571731567, -0.8157292008399963, 0.04973050579428673], "cam_t_m2c": [-3.0876903533935547, 32.393959045410156, 842.9737548828125], "obj_id": 1}, {"cam_R_m2c": [-0.4085952937602997, 0.8661465048789978, 0.2878192365169525, 0.7677722573280334, 0.49668794870376587, -0.40475520491600037, -0.4935336709022522, 0.055598530918359756, -0.8679476380348206], "cam_t_m2c": [95.55661010742188, 180.2528839111328, 682.6614990234375], "obj_id": 1}, {"cam_R_m2c": [0.6550876498222351, 0.7548656463623047, -0.03221818804740906, -0.28715789318084717, 0.2881903648376465, 0.9135023355484009, 0.6988565921783447, -0.58917236328125, 0.4055556058883667], "cam_t_m2c": [-37.714454650878906, 213.3002166748047, 810.0125122070312], "obj_id": 1}, {"cam_R_m2c": [-0.6901782751083374, -0.4359952509403229, -0.5775484442710876, -0.3028160333633423, -0.5508651733398438, 0.777721107006073, -0.6572340130805969, 0.7116571068763733, 0.24816875159740448], "cam_t_m2c": [37.583072662353516, 93.49156951904297, 816.8103637695312], "obj_id": 1}, {"cam_R_m2c": [0.8758582472801208, -0.14233055710792542, 0.461101233959198, -0.28649669885635376, -0.9222634434700012, 0.2595183253288269, 0.3883194327354431, -0.3594052493572235, -0.8485493063926697], "cam_t_m2c": [-151.84364318847656, -164.1624755859375, 661.538818359375], "obj_id": 1}, {"cam_R_m2c": [-0.11564435809850693, 0.7977743148803711, -0.5917622447013855, -0.7749025821685791, -0.4451724886894226, -0.44871750473976135, -0.6214115619659424, 0.40666642785072327, 0.6696791052818298], "cam_t_m2c": [-147.68313598632812, 82.06107330322266, 555.7453002929688], "obj_id": 1}, {"cam_R_m2c": [-0.36782321333885193, 0.17399202287197113, 0.9134728312492371, 0.49053701758384705, -0.7982342839241028, 0.34956416487693787, 0.7899868488311768, 0.5766701698303223, 0.20825979113578796], "cam_t_m2c": [21.590595245361328, 77.81813049316406, 627.712158203125], "obj_id": 1}, {"cam_R_m2c": [-0.9216357469558716, 0.30007070302963257, 0.24605968594551086, 0.36777743697166443, 0.47313061356544495, 0.8005543351173401, 0.1238045021891594, 0.8283146023750305, -0.5464133620262146], "cam_t_m2c": [-224.5184783935547, -13.317167282104492, 666.3589477539062], "obj_id": 1}, {"cam_R_m2c": [-0.6957830786705017, 0.4517473578453064, 0.5583995580673218, -0.4511435031890869, 0.3300730288028717, -0.8291690349578857, -0.5588875412940979, -0.8288401961326599, -0.025856265798211098], "cam_t_m2c": [-63.51116180419922, -115.04964447021484, 701.4959716796875], "obj_id": 1}, {"cam_R_m2c": [-0.5790499448776245, 0.7721602320671082, 0.26166725158691406, -0.5070529580116272, -0.5924023985862732, 0.6260644793510437, 0.6384344100952148, 0.22984342277050018, 0.7345566749572754], "cam_t_m2c": [-266.271484375, -4.743620872497559, 701.5910034179688], "obj_id": 1}, {"cam_R_m2c": [-0.23133982717990875, 0.6434460878372192, 0.7296978235244751, 0.14910978078842163, 0.764633059501648, -0.626978874206543, -0.9613782167434692, -0.0362401120364666, -0.2728341817855835], "cam_t_m2c": [-222.7803192138672, 18.45160484313965, 651.940673828125], "obj_id": 1}, {"cam_R_m2c": [-0.4953464865684509, 0.6793367862701416, -0.5414177775382996, -0.32594096660614014, -0.7230637669563293, -0.6090492606163025, -0.8052292466163635, -0.12522020936012268, 0.5795909762382507], "cam_t_m2c": [27.62133026123047, 165.2227325439453, 781.0657348632812], "obj_id": 1}, {"cam_R_m2c": [0.6830745339393616, -0.6992039084434509, 0.21100495755672455, -0.12950055301189423, -0.40028518438339233, -0.9071941375732422, 0.7187758684158325, 0.5923559069633484, -0.36397188901901245], "cam_t_m2c": [20.497827529907227, 176.2595672607422, 541.9877319335938], "obj_id": 1}, {"cam_R_m2c": [0.0229800958186388, -0.9994978308677673, 0.021820520982146263, 0.06128520891070366, 0.023193538188934326, 0.9978508353233337, -0.9978557825088501, -0.02159350924193859, 0.06178734451532364], "cam_t_m2c": [97.9983901977539, 75.80239868164062, 544.4031982421875], "obj_id": 1}, {"cam_R_m2c": [-0.6987073421478271, -0.43642863631248474, -0.5668666362762451, -0.5506488084793091, -0.17777560651302338, 0.8155865669250488, -0.4567205011844635, 0.8820009231567383, -0.1161055937409401], "cam_t_m2c": [-124.24321746826172, 72.78683471679688, 615.3922119140625], "obj_id": 1}, {"cam_R_m2c": [0.2058166116476059, 0.17112788558006287, -0.9635116457939148, 0.9476335048675537, -0.2805432975292206, 0.15259796380996704, -0.24419298768043518, -0.9444631338119507, -0.2199069857597351], "cam_t_m2c": [-36.78904342651367, -63.496002197265625, 567.6431884765625], "obj_id": 1}, {"cam_R_m2c": [-0.2934316098690033, -0.9521650075912476, -0.08531970530748367, -0.3184052109718323, 0.1814950406551361, -0.9304179549217224, 0.9013965725898743, -0.2458478808403015, -0.35643061995506287], "cam_t_m2c": [21.838403701782227, 64.44186401367188, 861.8016357421875], "obj_id": 1}, {"cam_R_m2c": [0.0520477257668972, 0.2540897727012634, -0.9657791256904602, -0.5100207328796387, 0.8382200598716736, 0.19304385781288147, 0.8585859537124634, 0.4825199246406555, 0.1732185035943985], "cam_t_m2c": [-112.38719177246094, 77.892578125, 876.8873901367188], "obj_id": 1}, {"cam_R_m2c": [-0.7992415428161621, 0.2331973761320114, -0.5539239048957825, 0.41302570700645447, 0.882652223110199, -0.22435425221920013, 0.4366033375263214, -0.40809810161590576, -0.8017688393592834], "cam_t_m2c": [86.07268524169922, 164.62802124023438, 691.2343139648438], "obj_id": 1}, {"cam_R_m2c": [0.3895297646522522, 0.9100715517997742, 0.14154982566833496, 0.47967132925987244, -0.06925957649946213, -0.8747106194496155, -0.7862455248832703, 0.40862321853637695, -0.46351391077041626], "cam_t_m2c": [49.27914810180664, -74.0816879272461, 627.1923217773438], "obj_id": 1}, {"cam_R_m2c": [-0.21880125999450684, 0.7920464277267456, 0.5699020028114319, 0.8820636868476868, -0.08919373899698257, 0.4626099467277527, 0.41724032163619995, 0.6039096117019653, -0.6791196465492249], "cam_t_m2c": [-199.11907958984375, 9.241252899169922, 537.7066650390625], "obj_id": 1}, {"cam_R_m2c": [-0.4905482530593872, 0.10058284550905228, 0.8655896186828613, 0.20801125466823578, 0.9781172871589661, 0.004225736949592829, -0.8462231159210205, 0.18212531507015228, -0.5007361173629761], "cam_t_m2c": [10.458382606506348, 201.36431884765625, 797.8895874023438], "obj_id": 1}, {"cam_R_m2c": [-0.1644333153963089, -0.516040027141571, -0.8406332731246948, -0.978465735912323, 0.19313091039657593, 0.07283688336610794, 0.12476550042629242, 0.8345077037811279, -0.5366846919059753], "cam_t_m2c": [-268.5766906738281, 61.761566162109375, 663.9564208984375], "obj_id": 1}, {"cam_R_m2c": [-0.6770057678222656, 0.6861567497253418, 0.2661803960800171, 0.17279985547065735, 0.49975287914276123, -0.8487563133239746, -0.7154043316841125, -0.5286170244216919, -0.4569033682346344], "cam_t_m2c": [-134.40077209472656, -172.1217803955078, 713.1165161132812], "obj_id": 1}, {"cam_R_m2c": [-0.566551923751831, 0.5705977082252502, 0.5945056080818176, -0.5949481725692749, 0.21592684090137482, -0.7742171287536621, -0.5701362490653992, -0.7923343777656555, 0.21714241802692413], "cam_t_m2c": [-154.59970092773438, 0.4960346221923828, 524.1215209960938], "obj_id": 1}, {"cam_R_m2c": [0.7576056122779846, -0.44611188769340515, 0.4764639437198639, 0.3450838327407837, 0.8933714628219604, 0.2877577245235443, -0.554031491279602, -0.05358685180544853, 0.8307692408561707], "cam_t_m2c": [15.386018753051758, 196.51943969726562, 652.1956176757812], "obj_id": 1}, {"cam_R_m2c": [-0.9565081596374512, -0.011534476652741432, -0.29147762060165405, 0.022877126932144165, -0.9991065859794617, -0.03553612902760506, -0.2908072769641876, -0.04065876826643944, 0.9559173583984375], "cam_t_m2c": [-51.50312042236328, 43.93981170654297, 663.4195556640625], "obj_id": 1}, {"cam_R_m2c": [-0.6622480154037476, -0.4154617190361023, -0.6235536336898804, 0.7445055246353149, -0.4587027132511139, -0.4850807785987854, -0.0844932422041893, -0.7854828834533691, 0.6130884885787964], "cam_t_m2c": [-33.06304168701172, -78.99053955078125, 736.7767333984375], "obj_id": 1}, {"cam_R_m2c": [-0.9676900506019592, 0.16135771572589874, -0.19375155866146088, -0.25009244680404663, -0.5164380669593811, 0.8189905285835266, 0.032089754939079285, 0.8409847617149353, 0.5401063561439514], "cam_t_m2c": [5.026957035064697, 208.26275634765625, 705.7356567382812], "obj_id": 1}, {"cam_R_m2c": [0.6160445809364319, -0.23994624614715576, -0.750276505947113, -0.13010533154010773, -0.9703892469406128, 0.20351240038871765, -0.7768923044204712, -0.027757732197642326, -0.6290212869644165], "cam_t_m2c": [-68.66622924804688, 277.4163818359375, 621.203369140625], "obj_id": 1}, {"cam_R_m2c": [-0.28814375400543213, -0.6614794135093689, 0.6924003958702087, -0.9518398642539978, 0.11874659359455109, -0.28266623616218567, 0.1047576516866684, -0.7405027747154236, -0.6638385653495789], "cam_t_m2c": [-79.27355194091797, -94.90936279296875, 677.5717163085938], "obj_id": 1}, {"cam_R_m2c": [0.5015965700149536, 0.7193729281425476, -0.48052406311035156, 0.8336098194122314, -0.5504220724105835, 0.046151578426361084, -0.23129092156887054, -0.42371904850006104, -0.8757661581039429], "cam_t_m2c": [-224.33514404296875, 46.020713806152344, 653.1163330078125], "obj_id": 1}, {"cam_R_m2c": [-0.5531230568885803, -0.6210517883300781, 0.5552921295166016, -0.8005293011665344, 0.5807673335075378, -0.14785853028297424, -0.23066772520542145, -0.5263116359710693, -0.8184059262275696], "cam_t_m2c": [14.835310935974121, 227.561279296875, 664.1097412109375], "obj_id": 1}, {"cam_R_m2c": [-0.6136041879653931, -0.5124441385269165, 0.6007418036460876, 0.753808856010437, -0.15365852415561676, 0.638874888420105, -0.2350785881280899, 0.844860851764679, 0.48057058453559875], "cam_t_m2c": [137.90823364257812, -45.98275375366211, 636.0521240234375], "obj_id": 1}, {"cam_R_m2c": [0.9511692523956299, 0.13922026753425598, 0.2754901349544525, -0.05660960450768471, -0.7986897230148315, 0.5990744233131409, 0.30343443155288696, -0.5854165554046631, -0.7518078684806824], "cam_t_m2c": [-117.42388153076172, -149.62355041503906, 688.7219848632812], "obj_id": 1}, {"cam_R_m2c": [0.44030410051345825, 0.7961471080780029, 0.4150685667991638, -0.09863732010126114, -0.4166015386581421, 0.9037220478057861, 0.8924140334129333, -0.43885374069213867, -0.10490147024393082], "cam_t_m2c": [-133.2332000732422, -136.97938537597656, 747.6597900390625], "obj_id": 1}, {"cam_R_m2c": [0.01916315406560898, -0.7673771977424622, -0.6409094929695129, -0.8947824835777283, -0.2991718053817749, 0.3314521014690399, -0.4460908770561218, 0.5671229362487793, -0.6923686861991882], "cam_t_m2c": [67.88886260986328, -168.02120971679688, 663.07763671875], "obj_id": 1}, {"cam_R_m2c": [0.5558859705924988, 0.8292180895805359, -0.05820681154727936, -0.7700121402740479, 0.48728495836257935, -0.4118671715259552, -0.31316444277763367, 0.27377113699913025, 0.9093829989433289], "cam_t_m2c": [-27.209537506103516, -75.07772827148438, 740.2898559570312], "obj_id": 1}, {"cam_R_m2c": [-0.95189368724823, -0.21133671700954437, 0.22189028561115265, 0.2598433196544647, -0.17288345098495483, 0.9500488638877869, -0.16241905093193054, 0.962002158164978, 0.21948102116584778], "cam_t_m2c": [-50.44042205810547, 30.71323585510254, 791.1696166992188], "obj_id": 1}, {"cam_R_m2c": [-0.7887981534004211, 0.38598671555519104, -0.4783426523208618, -0.2663249671459198, -0.9160149693489075, -0.29997941851615906, -0.5539571046829224, -0.10922863334417343, 0.8253487944602966], "cam_t_m2c": [95.91372680664062, 204.29681396484375, 822.7796630859375], "obj_id": 3}, {"cam_R_m2c": [-0.04398472607135773, -0.80855792760849, -0.5867702960968018, 0.18138858675956726, 0.5711131691932678, -0.8005797266960144, 0.9824273586273193, -0.14164671301841736, 0.12154292315244675], "cam_t_m2c": [-182.71315002441406, 193.2367401123047, 773.1559448242188], "obj_id": 1}, {"cam_R_m2c": [0.8501035571098328, 0.08991583436727524, 0.5188825130462646, 0.5124737620353699, -0.36806002259254456, -0.7758236527442932, 0.12122110277414322, 0.9254441261291504, -0.3589686453342438], "cam_t_m2c": [112.1880874633789, -61.16735076904297, 557.2022094726562], "obj_id": 1}, {"cam_R_m2c": [-0.5587207078933716, 0.0626119002699852, -0.8269890546798706, 0.05433978885412216, 0.9977672696113586, 0.03882921487092972, 0.8275737166404724, -0.023243723437190056, -0.5608755350112915], "cam_t_m2c": [-17.802364349365234, 233.42425537109375, 541.261474609375], "obj_id": 1}, {"cam_R_m2c": [0.3976929187774658, -0.3707401156425476, 0.8392806649208069, 0.5561482310295105, 0.8249385356903076, 0.10087400674819946, -0.7297529578208923, 0.4266476035118103, 0.5342586636543274], "cam_t_m2c": [109.66506958007812, -90.26716613769531, 584.9447021484375], "obj_id": 1}, {"cam_R_m2c": [-0.5915308594703674, -0.2983138859272003, -0.7490661144256592, 0.5770429372787476, -0.8054959177970886, -0.13489875197410583, -0.5631275773048401, -0.5120400786399841, 0.6486156582832336], "cam_t_m2c": [-5.116240978240967, 219.97071838378906, 817.2267456054688], "obj_id": 3}, {"cam_R_m2c": [0.71623694896698, -0.46779972314834595, -0.5178494453430176, 0.5645329356193542, -0.047841932624578476, 0.8240228891372681, -0.4102526009082794, -0.8825386762619019, 0.22982218861579895], "cam_t_m2c": [59.771141052246094, 89.06411743164062, 557.645751953125], "obj_id": 1}, {"cam_R_m2c": [0.9660109877586365, -0.2537437379360199, 0.0493643693625927, 0.0585600845515728, 0.028810786083340645, -0.9978680610656738, 0.25178053975105286, 0.9668422937393188, 0.04269079118967056], "cam_t_m2c": [-102.68834686279297, 206.3978271484375, 468.37322998046875], "obj_id": 1}, {"cam_R_m2c": [0.2905071973800659, 0.654495120048523, -0.6980269551277161, 0.23626792430877686, 0.6578367948532104, 0.7151420712471008, 0.9272448420524597, -0.3726752698421478, 0.03647011145949364], "cam_t_m2c": [10.702404975891113, 140.20220947265625, 916.1123657226562], "obj_id": 1}, {"cam_R_m2c": [0.21276040375232697, 0.45148327946662903, 0.8665424585342407, 0.85708087682724, -0.5120887756347656, 0.0563695915043354, 0.4691965878009796, 0.7307037115097046, -0.4959098994731903], "cam_t_m2c": [-275.7866516113281, -3.043524980545044, 676.9407348632812], "obj_id": 3}, {"cam_R_m2c": [0.9782741665840149, 0.10177599638700485, -0.18061353266239166, -0.04558194801211357, 0.9554771780967712, 0.2915230095386505, 0.2022421509027481, -0.276956707239151, 0.9393578171730042], "cam_t_m2c": [-110.83321380615234, -19.78018569946289, 544.5619506835938], "obj_id": 1}, {"cam_R_m2c": [-0.5722768902778625, -0.49248477816581726, 0.6557117104530334, 0.7131927609443665, -0.6935775876045227, 0.10151918232440948, 0.40479031205177307, 0.5257459282875061, 0.7481550574302673], "cam_t_m2c": [-57.624473571777344, 72.60501098632812, 982.0133666992188], "obj_id": 1}, {"cam_R_m2c": [-0.8323872685432434, -0.06953298300504684, -0.5498150587081909, 0.5523964762687683, -0.18394801020622253, -0.8130321502685547, -0.0446048304438591, -0.980473518371582, 0.19152575731277466], "cam_t_m2c": [-109.67619323730469, 138.87814331054688, 811.4050903320312], "obj_id": 3}, {"cam_R_m2c": [0.74863201379776, 0.6628784537315369, -0.011924698948860168, -0.08435258269309998, 0.07739394158124924, -0.993425726890564, -0.6575976610183716, 0.7447161674499512, 0.11385510861873627], "cam_t_m2c": [93.27745056152344, -21.432876586914062, 515.6004638671875], "obj_id": 1}, {"cam_R_m2c": [0.4162105917930603, -0.45304781198501587, 0.7883630990982056, 0.6179848313331604, 0.7769432067871094, 0.12022455036640167, -0.6669808030128479, 0.4371577501296997, 0.6033487319946289], "cam_t_m2c": [-16.015138626098633, 44.011474609375, 510.800048828125], "obj_id": 3}, {"cam_R_m2c": [-0.19939157366752625, 0.9798955917358398, 0.006894092541188002, 0.9666247367858887, 0.19552655518054962, 0.16554732620716095, 0.16087111830711365, 0.03967275097966194, -0.9861776828765869], "cam_t_m2c": [88.91314697265625, 221.9976348876953, 759.1435546875], "obj_id": 3}, {"cam_R_m2c": [0.9936414957046509, -0.04385622218251228, 0.10369760543107986, 0.11246533691883087, 0.42998406291007996, -0.895804226398468, -0.005301725119352341, 0.9017706513404846, 0.43218231201171875], "cam_t_m2c": [-16.11119270324707, 103.40736389160156, 721.6759643554688], "obj_id": 3}, {"cam_R_m2c": [-0.02021385356783867, -0.4490343928337097, 0.8932858109474182, -0.056449081748723984, -0.8915305733680725, -0.4494294226169586, 0.9982008337974548, -0.05950986221432686, -0.007326316554099321], "cam_t_m2c": [103.23338317871094, 200.71359252929688, 818.918212890625], "obj_id": 3}, {"cam_R_m2c": [-0.26128634810447693, -0.9148528575897217, -0.3078533113002777, 0.825171947479248, -0.04622461274266243, -0.5629871487617493, 0.5008200407028198, -0.4011327624320984, 0.7669888138771057], "cam_t_m2c": [-6.108157634735107, -53.545982360839844, 744.9819946289062], "obj_id": 1}, {"cam_R_m2c": [0.9093816876411438, 0.4126323461532593, 0.05253028869628906, -0.09679009020328522, 0.08708968758583069, 0.9914873242378235, 0.4045448899269104, -0.9067248702049255, 0.11913648992776871], "cam_t_m2c": [-126.80891418457031, 126.49773406982422, 900.1432495117188], "obj_id": 3}, {"cam_R_m2c": [-0.3161155879497528, -0.8753481507301331, -0.36583632230758667, 0.8846467137336731, -0.1326616406440735, -0.44699084758758545, 0.34274017810821533, -0.4649367928504944, 0.8163105249404907], "cam_t_m2c": [-130.52403259277344, 152.4862060546875, 623.3359375], "obj_id": 3}, {"cam_R_m2c": [0.6816023588180542, 0.36316585540771484, 0.6352391242980957, 0.6673611998558044, -0.6645585894584656, -0.33614107966423035, 0.3000786602497101, 0.6530485153198242, -0.6953275203704834], "cam_t_m2c": [-110.42765808105469, 21.77027702331543, 847.0642700195312], "obj_id": 3}, {"cam_R_m2c": [0.5124209523200989, -0.17162656784057617, -0.8414089679718018, 0.023626569658517838, 0.9822712540626526, -0.18597030639648438, 0.8584092855453491, 0.0754154622554779, 0.5073913335800171], "cam_t_m2c": [94.76214599609375, -64.81057739257812, 652.8262329101562], "obj_id": 1}, {"cam_R_m2c": [0.6228967308998108, -0.7713926434516907, -0.13020384311676025, 0.7768757939338684, 0.6295194625854492, -0.013005059212446213, 0.09199786186218262, -0.09305141866207123, 0.9914019703865051], "cam_t_m2c": [-14.371670722961426, -181.78541564941406, 799.6423950195312], "obj_id": 3}, {"cam_R_m2c": [-0.8288201689720154, -0.10161921381950378, 0.5502095222473145, 0.4633374810218811, 0.42659392952919006, 0.7767470479011536, -0.3136484622955322, 0.898716390132904, -0.306485652923584], "cam_t_m2c": [50.676429748535156, 159.95506286621094, 716.7301025390625], "obj_id": 3}, {"cam_R_m2c": [-0.7159639596939087, -0.5539926290512085, -0.42483821511268616, 0.3673797845840454, 0.21848934888839722, -0.9040433764457703, 0.5936560034751892, -0.8033395409584045, 0.04709531366825104], "cam_t_m2c": [-134.338623046875, 87.75181579589844, 611.6561279296875], "obj_id": 1}, {"cam_R_m2c": [-0.1927071511745453, -0.801400899887085, 0.5662338137626648, 0.8388143181800842, 0.16489002108573914, 0.5188466906547546, -0.5091705322265625, 0.5749503970146179, 0.6404509544372559], "cam_t_m2c": [-27.221637725830078, -52.945064544677734, 830.365234375], "obj_id": 1}, {"cam_R_m2c": [-0.9979629516601562, 0.022981984540820122, -0.0595119372010231, 0.05233931541442871, 0.8283169865608215, -0.557809591293335, 0.036475177854299545, -0.559788167476654, -0.8278325200080872], "cam_t_m2c": [53.436317443847656, -147.6056365966797, 730.4055786132812], "obj_id": 1}, {"cam_R_m2c": [0.5399487018585205, -0.39919203519821167, 0.7410135865211487, 0.5789033770561218, -0.46295616030693054, -0.6712245941162109, 0.6110042929649353, 0.7914021015167236, -0.018878936767578125], "cam_t_m2c": [-93.41564178466797, 316.4361267089844, 648.291259765625], "obj_id": 1}, {"cam_R_m2c": [0.36951321363449097, 0.43693211674690247, 0.8200916647911072, 0.7885648608207703, -0.6143132448196411, -0.028011465445160866, 0.49155405163764954, 0.6570460796356201, -0.571546196937561], "cam_t_m2c": [-3.690706968307495, -225.98672485351562, 759.4711303710938], "obj_id": 1}, {"cam_R_m2c": [-0.5503852963447571, -0.05780746415257454, 0.83290696144104, -0.8347417712211609, 0.058158814907073975, -0.5475614070892334, -0.016787659376859665, -0.9966321587562561, -0.08026391267776489], "cam_t_m2c": [27.62678337097168, 211.40882873535156, 726.5308837890625], "obj_id": 3}, {"cam_R_m2c": [0.6429826021194458, -0.6531195044517517, -0.4000104069709778, 0.15425202250480652, 0.6220187544822693, -0.7676581740379333, 0.7501864433288574, 0.4318884611129761, 0.5006922483444214], "cam_t_m2c": [98.55974578857422, 82.66683197021484, 698.5560913085938], "obj_id": 3}, {"cam_R_m2c": [0.6623730659484863, 0.43715202808380127, 0.6084077954292297, 0.49455398321151733, -0.8651546835899353, 0.08320882171392441, 0.562741756439209, 0.24577520787715912, -0.7892504334449768], "cam_t_m2c": [-58.64352798461914, 62.94439697265625, 577.6160888671875], "obj_id": 3}, {"cam_R_m2c": [-0.5914381742477417, 0.14844129979610443, -0.7925692200660706, -0.3983899652957916, 0.8007726669311523, 0.44726791977882385, 0.7010607719421387, 0.580282986164093, -0.41446998715400696], "cam_t_m2c": [-11.639165878295898, 170.48475646972656, 502.2344665527344], "obj_id": 1}, {"cam_R_m2c": [0.5807211399078369, 0.34581947326660156, -0.7370019555091858, 0.17030832171440125, -0.9368680119514465, -0.30540698766708374, -0.796089231967926, 0.051838744431734085, -0.6029549837112427], "cam_t_m2c": [-17.798450469970703, 48.133567810058594, 763.938720703125], "obj_id": 3}, {"cam_R_m2c": [-0.9580279588699341, 0.13708709180355072, -0.2517721951007843, -0.030611887574195862, -0.9221504330635071, -0.3856180012226105, -0.285035103559494, -0.36172565817832947, 0.8876426815986633], "cam_t_m2c": [-134.19268798828125, 63.24574279785156, 548.9586791992188], "obj_id": 1}, {"cam_R_m2c": [0.8435346484184265, -0.3395666480064392, 0.4161055386066437, 0.24919860064983368, 0.9337746500968933, 0.25683650374412537, -0.47576192021369934, -0.11295755952596664, 0.8722907900810242], "cam_t_m2c": [-78.82308197021484, -19.938161849975586, 511.5167541503906], "obj_id": 1}, {"cam_R_m2c": [0.8593005537986755, 0.4392634630203247, 0.262011855840683, -0.3328736424446106, 0.869228720664978, -0.365563303232193, -0.38832685351371765, 0.22691188752651215, 0.8931479454040527], "cam_t_m2c": [-123.84442901611328, 81.77595520019531, 758.9070434570312], "obj_id": 3}, {"cam_R_m2c": [0.7674770951271057, -0.13238658010959625, -0.6272580623626709, -0.4087529182434082, -0.854812502861023, -0.31971341371536255, -0.4938622713088989, 0.5017663240432739, -0.7101624011993408], "cam_t_m2c": [165.64434814453125, 170.71141052246094, 826.9009399414062], "obj_id": 3}, {"cam_R_m2c": [-0.9820614457130432, 0.07215508073568344, 0.17420949041843414, -0.0025577459018677473, 0.9187061190605164, -0.3949335813522339, -0.18854378163814545, -0.38829463720321655, -0.9020413160324097], "cam_t_m2c": [-0.15982285141944885, 72.11764526367188, 985.7139282226562], "obj_id": 3}, {"cam_R_m2c": [0.6725916862487793, 0.6451442837715149, -0.36250409483909607, 0.05837160348892212, 0.4420830309391022, 0.8950727581977844, 0.7377080321311951, -0.6231784224510193, 0.2596832811832428], "cam_t_m2c": [-165.56346130371094, -43.426856994628906, 549.2125244140625], "obj_id": 1}, {"cam_R_m2c": [-0.915361762046814, -0.34030506014823914, 0.2151864469051361, -0.24122607707977295, 0.8914303779602051, 0.38361674547195435, -0.3223704695701599, 0.29923951625823975, -0.8980717658996582], "cam_t_m2c": [-155.05897521972656, 102.73377227783203, 873.1069946289062], "obj_id": 1}, {"cam_R_m2c": [0.5199965834617615, -0.05422806739807129, -0.8524452447891235, -0.5144125819206238, -0.8165878057479858, -0.26184770464897156, -0.6818968653678894, 0.5746684670448303, -0.4525185227394104], "cam_t_m2c": [-173.79241943359375, 93.92486572265625, 888.4839477539062], "obj_id": 3}, {"cam_R_m2c": [-0.7452468276023865, -0.12530235946178436, -0.6549093127250671, 0.662091076374054, -0.25543898344039917, -0.7045467495918274, -0.07900805026292801, -0.958670973777771, 0.2733268141746521], "cam_t_m2c": [51.922550201416016, 96.0960693359375, 747.4267578125], "obj_id": 3}, {"cam_R_m2c": [-0.31576529145240784, -0.7796834707260132, 0.5407273173332214, 0.9447206854820251, -0.3113745450973511, 0.10270688682794571, 0.08828985691070557, 0.543267548084259, 0.8349043726921082], "cam_t_m2c": [-54.8838005065918, 368.2166748046875, 620.7609252929688], "obj_id": 3}, {"cam_R_m2c": [0.5840733051300049, 0.19742326438426971, 0.7873261570930481, -0.23047320544719696, -0.8897131085395813, 0.39407214522361755, 0.7782933115959167, -0.41162461042404175, -0.47415691614151], "cam_t_m2c": [62.13752746582031, 261.54693603515625, 752.0558471679688], "obj_id": 3}, {"cam_R_m2c": [-0.27258947491645813, 0.563191294670105, -0.7800710201263428, -0.7642118334770203, 0.36583662033081055, 0.5311722159385681, 0.5845301151275635, 0.7409313321113586, 0.3306741416454315], "cam_t_m2c": [-230.178466796875, 9.653840065002441, 603.9135131835938], "obj_id": 3}, {"cam_R_m2c": [-0.49308425188064575, -0.7941628098487854, -0.3552088141441345, 0.06433451175689697, -0.440462201833725, 0.8954630494117737, -0.8675995469093323, 0.41868656873703003, 0.268277108669281], "cam_t_m2c": [-76.0357437133789, 161.03663635253906, 666.0194702148438], "obj_id": 3}, {"cam_R_m2c": [0.3960515856742859, 0.8780826330184937, -0.26854056119918823, 0.5735894441604614, -0.46495985984802246, -0.6743941307067871, -0.7170343995094299, 0.11306284368038177, -0.687807023525238], "cam_t_m2c": [-115.6244888305664, -67.24251556396484, 543.6156616210938], "obj_id": 3}, {"cam_R_m2c": [0.924004852771759, 0.11943603307008743, -0.3632493317127228, -0.085891492664814, 0.9905206561088562, 0.10719827562570572, 0.37260928750038147, -0.06785169988870621, 0.9255044460296631], "cam_t_m2c": [-189.38185119628906, 210.74755859375, 773.422119140625], "obj_id": 1}, {"cam_R_m2c": [-0.43020644783973694, 0.35142725706100464, -0.8315174579620361, 0.27811357378959656, -0.824714720249176, -0.4924412667751312, -0.8588219881057739, -0.4431076943874359, 0.2570609748363495], "cam_t_m2c": [-214.43411254882812, -112.58489227294922, 650.5087280273438], "obj_id": 3}, {"cam_R_m2c": [-0.9829397797584534, -0.0019121147925034165, 0.18391694128513336, 0.18390680849552155, -0.024988865479826927, 0.9826259016990662, 0.002716993447393179, 0.9996858239173889, 0.024914324283599854], "cam_t_m2c": [-77.90733337402344, 111.8439712524414, 612.9720458984375], "obj_id": 1}, {"cam_R_m2c": [-0.5298223495483398, 0.7114549279212952, -0.4616493284702301, -0.5145495533943176, -0.7023531198501587, -0.49187275767326355, -0.6741861701011658, -0.02306370995938778, 0.7382012605667114], "cam_t_m2c": [58.31098937988281, 252.5066680908203, 730.1720581054688], "obj_id": 3}, {"cam_R_m2c": [0.4670485258102417, -0.06684818863868713, 0.8817011117935181, -0.8457818627357483, -0.32461780309677124, 0.4234098792076111, 0.2579118311405182, -0.9434798359870911, -0.208151176571846], "cam_t_m2c": [73.44784545898438, 18.56666374206543, 547.1350708007812], "obj_id": 3}, {"cam_R_m2c": [-0.03465636819601059, -0.6639232635498047, 0.7469971776008606, 0.9817752838134766, 0.11713383346796036, 0.1496560424566269, -0.18685875833034515, 0.7385699152946472, 0.6477640271186829], "cam_t_m2c": [42.1809196472168, -13.82378101348877, 551.3748168945312], "obj_id": 1}, {"cam_R_m2c": [0.6331847310066223, -0.06850607693195343, -0.7709630727767944, 0.5728954672813416, -0.6282947659492493, 0.5263425707817078, -0.520449697971344, -0.774953305721283, -0.3585798442363739], "cam_t_m2c": [75.58447265625, -168.31552124023438, 