{
  "0": [{"cam_R_m2c": [0.7533785104751587, 0.6572827100753784, 0.020006105303764343, 0.5629096627235413, -0.6288836598396301, -0.5363187789916992, -0.33993154764175415, 0.41531267762184143, -0.8437781929969788], "cam_t_m2c": [-127.19404602050781, 63.124916076660156, 342.5911865234375], "obj_id": 2}, {"cam_R_m2c": [0.7533785104751587, 0.6572827100753784, 0.020006105303764343, 0.5629096627235413, -0.6288836598396301, -0.5363187789916992, -0.33993154764175415, 0.41531267762184143, -0.8437781929969788], "cam_t_m2c": [-127.19404602050781, 63.124916076660156, 342.5911865234375], "obj_id": 1}, {"cam_R_m2c": [0.7533785104751587, 0.6572827100753784, 0.020006105303764343, 0.5629096627235413, -0.6288836598396301, -0.5363187789916992, -0.33993154764175415, 0.41531267762184143, -0.8437781929969788], "cam_t_m2c": [-127.19404602050781, 63.124916076660156, 342.5911865234375], "obj_id": 3}, {"cam_R_m2c": [0.7533785104751587, 0.6572827100753784, 0.020006105303764343, 0.5629096627235413, -0.6288836598396301, -0.5363187789916992, -0.33993154764175415, 0.41531267762184143, -0.8437781929969788], "cam_t_m2c": [-127.19404602050781, 63.124916076660156, 342.5911865234375], "obj_id": 2}, {"cam_R_m2c": [0.7533785104751587, 0.6572827100753784, 0.020006105303764343, 0.5629096627235413, -0.6288836598396301, -0.5363187789916992, -0.33993154764175415, 0.41531267762184143, -0.8437781929969788], "cam_t_m2c": [-127.19404602050781, 63.124916076660156, 342.5911865234375], "obj_id": 0}, {"cam_R_m2c": [0.7533785104751587, 0.6572827100753784, 0.020006105303764343, 0.5629096627235413, -0.6288836598396301, -0.5363187789916992, -0.33993154764175415, 0.41531267762184143, -0.8437781929969788], "cam_t_m2c": [-127.19404602050781, 63.124916076660156, 342.5911865234375], "obj_id": 3}, {"cam_R_m2c": [0.7533785104751587, 0.6572827100753784, 0.020006105303764343, 0.5629096627235413, -0.6288836598396301, -0.5363187789916992, -0.33993154764175415, 0.41531267762184143, -0.8437781929969788], "cam_t_m2c": [-127.19404602050781, 63.124916076660156, 342.5911865234375], "obj_id": 3}, {"cam_R_m2c": [0.7533785104751587, 0.6572827100753784, 0.020006105303764343, 0.5629096627235413, -0.6288836598396301, -0.5363187789916992, -0.33993154764175415, 0.41531267762184143, -0.8437781929969788], "cam_t_m2c": [-127.19404602050781, 63.124916076660156, 342.5911865234375], "obj_id": 3}, {"cam_R_m2c": [0.7533785104751587, 0.6572827100753784, 0.020006105303764343, 0.5629096627235413, -0.6288836598396301, -0.5363187789916992, -0.33993154764175415, 0.41531267762184143, -0.8437781929969788], "cam_t_m2c": [-127.19404602050781, 63.124916076660156, 342.5911865234375], "obj_id": 1}, {"cam_R_m2c": [0.7533785104751587, 0.6572827100753784, 0.020006105303764343, 0.5629096627235413, -0.6288836598396301, -0.5363187789916992, -0.33993154764175415, 0.41531267762184143, -0.8437781929969788], "cam_t_m2c": [-127.19404602050781, 63.124916076660156, 342.5911865234375], "obj_id": 1}, {"cam_R_m2c": [0.7533785104751587, 0.6572827100753784, 0.020006105303764343, 0.5629096627235413, -0.6288836598396301, -0.5363187789916992, -0.33993154764175415, 0.41531267762184143, -0.8437781929969788], "cam_t_m2c": [-127.19404602050781, 63.124916076660156, 342.5911865234375], "obj_id": 2}, {"cam_R_m2c": [0.7533785104751587, 0.6572827100753784, 0.020006105303764343, 0.5629096627235413, -0.6288836598396301, -0.5363187789916992, -0.33993154764175415, 0.41531267762184143, -0.8437781929969788], "cam_t_m2c": [-127.19404602050781, 63.124916076660156, 342.5911865234375], "obj_id": 3}, {"cam_R_m2c": [0.7533785104751587, 0.6572827100753784, 0.020006105303764343, 0.5629096627235413, -0.6288836598396301, -0.5363187789916992, -0.33993154764175415, 0.41531267762184143, -0.8437781929969788], "cam_t_m2c": [-127.19404602050781, 63.124916076660156, 342.5911865234375], "obj_id": 2}, {"cam_R_m2c": [0.7533785104751587, 0.6572827100753784, 0.020006105303764343, 0.5629096627235413, -0.6288836598396301, -0.5363187789916992, -0.33993154764175415, 0.41531267762184143, -0.8437781929969788], "cam_t_m2c": [-127.19404602050781, 63.124916076660156, 342.5911865234375], "obj_id": 1}, {"cam_R_m2c": [0.7533785104751587, 0.6572827100753784, 0.020006105303764343, 0.5629096627235413, -0.6288836598396301, -0.5363187789916992, -0.33993154764175415, 0.41531267762184143, -0.8437781929969788], "cam_t_m2c": [-127.19404602050781, 63.124916076660156, 342.5911865234375], "obj_id": 1}, {"cam_R_m2c": [0.7533785104751587, 0.6572827100753784, 0.020006105303764343, 0.5629096627235413, -0.6288836598396301, -0.5363187789916992, -0.33993154764175415, 0.41531267762184143, -0.8437781929969788], "cam_t_m2c": [-127.19404602050781, 63.124916076660156, 342.5911865234375], "obj_id": 3}, {"cam_R_m2c": [0.7533785104751587, 0.6572827100753784, 0.020006105303764343, 0.5629096627235413, -0.6288836598396301, -0.5363187789916992, -0.33993154764175415, 0.41531267762184143, -0.8437781929969788], "cam_t_m2c": [-127.19404602050781, 63.124916076660156, 342.5911865234375], "obj_id": 3}, {"cam_R_m2c": [0.7533785104751587, 0.6572827100753784, 0.020006105303764343, 0.5629096627235413, -0.6288836598396301, -0.5363187789916992, -0.33993154764175415, 0.41531267762184143, -0.8437781929969788], "cam_t_m2c": [-127.19404602050781, 63.124916076660156, 342.5911865234375], "obj_id": 3}, {"cam_R_m2c": [0.7533785104751587, 0.6572827100753784, 0.020006105303764343, 0.5629096627235413, -0.6288836598396301, -0.5363187789916992, -0.33993154764175415, 0.41531267762184143, -0.8437781929969788], "cam_t_m2c": [-127.19404602050781, 63.124916076660156, 342.5911865234375], "obj_id": 1}, {"cam_R_m2c": [0.7533785104751587, 0.6572827100753784, 0.020006105303764343, 0.5629096627235413, -0.6288836598396301, -0.5363187789916992, -0.33993154764175415, 0.41531267762184143, -0.8437781929969788], "cam_t_m2c": [-127.19404602050781, 63.124916076660156, 342.5911865234375], "obj_id": 0}, {"cam_R_m2c": [0.7533785104751587, 0.6572827100753784, 0.020006105303764343, 0.5629096627235413, -0.6288836598396301, -0.5363187789916992, -0.33993154764175415, 0.41531267762184143, -0.8437781929969788], "cam_t_m2c": [-127.19404602050781, 63.124916076660156, 342.5911865234375], "obj_id": 1}, {"cam_R_m2c": [0.7533785104751587, 0.6572827100753784, 0.020006105303764343, 0.5629096627235413, -0.6288836598396301, -0.5363187789916992, -0.33993154764175415, 0.41531267762184143, -0.8437781929969788], "cam_t_m2c": [-127.19404602050781, 63.124916076660156, 342.5911865234375], "obj_id": 1}, {"cam_R_m2c": [0.7533785104751587, 0.6572827100753784, 0.020006105303764343, 0.5629096627235413, -0.6288836598396301, -0.5363187789916992, -0.33993154764175415, 0.41531267762184143, -0.8437781929969788], "cam_t_m2c": [-127.19404602050781, 63.124916076660156, 342.5911865234375], "obj_id": 1}, {"cam_R_m2c": [0.7533785104751587, 0.6572827100753784, 0.020006105303764343, 0.5629096627235413, -0.6288836598396301, -0.5363187789916992, -0.33993154764175415, 0.41531267762184143, -0.8437781929969788], "cam_t_m2c": [-127.19404602050781, 63.124916076660156, 342.5911865234375], "obj_id": 3}, {"cam_R_m2c": [-0.010628215968608856, 0.43880271911621094, 0.8985205888748169, 0.5043078660964966, -0.773570716381073, 0.38374724984169006, 0.863458514213562, 0.4572095274925232, -0.21307000517845154], "cam_t_m2c": [-254.206298828125, 55.31953430175781, 285.28369140625], "obj_id": 0}, {"cam_R_m2c": [0.16254796087741852, 0.025612711906433105, -0.9863680005073547, -0.8764780759811401, -0.4553762376308441, -0.15626317262649536, -0.45317113399505615, 0.8899303078651428, -0.051571283489465714], "cam_t_m2c": [-100.29129028320312, -47.05598068237305, 421.7655944824219], "obj_id": 0}, {"cam_R_m2c": [-0.7374362945556641, -0.18847647309303284, 0.6485861539840698, -0.6649101972579956, 0.03386758267879486, -0.7461549639701843, 0.11866667121648788, -0.9814934730529785, -0.15029498934745789], "cam_t_m2c": [-259.293701171875, 4476.65673828125, 6974.603515625], "obj_id": 0}, {"cam_R_m2c": [0.35405099391937256, 0.9190037846565247, 0.17343571782112122, -0.38731035590171814, 0.31287920475006104, -0.8672354817390442, -0.8512570858001709, 0.23987218737602234, 0.4667148292064667], "cam_t_m2c": [-150.90762329101562, -70.40229797363281, 367.6436462402344], "obj_id": 2}, {"cam_R_m2c": [0.9017176628112793, -0.318291574716568, -0.29256749153137207, 0.432268887758255, 0.652844250202179, 0.6220433712005615, -0.006990157533437014, -0.6873753070831299, 0.7262687683105469], "cam_t_m2c": [-56.14742660522461, 199.17213439941406, 198.54470825195312], "obj_id": 3}, {"cam_R_m2c": [0.8485111594200134, -0.4250682294368744, 0.31519168615341187, 0.5249335169792175, 0.751394510269165, -0.3998137414455414, -0.06688518077135086, 0.5047011375427246, 0.8606992363929749], "cam_t_m2c": [-16.305953979492188, -37.76816177368164, 350.09228515625], "obj_id": 3}, {"cam_R_m2c": [-0.9413585066795349, -0.2728283107280731, -0.19851598143577576, 0.08898841589689255, -0.7682806849479675, 0.6338971853256226, -0.32546111941337585, 0.5790589451789856, 0.747506320476532], "cam_t_m2c": [60.114898681640625, 68.4922103881836, 284.3634948730469], "obj_id": 3}, {"cam_R_m2c": [0.9453312158584595, -0.3250627815723419, -0.026136737316846848, 0.3145255148410797, 0.8876379728317261, 0.3364112079143524, -0.08615480363368988, -0.3262406587600708, 0.9413524270057678], "cam_t_m2c": [-172.8728790283203, 270.06634521484375, 233.33445739746094], "obj_id": 1}]
}