{
  "0": [{"cam_R_m2c": [-0.8359538912773132, 0.30569979548454285, 0.45577242970466614, 0.3863416612148285, 0.9176432490348816, 0.09311775118112564, -0.38977041840553284, 0.25392603874206543, -0.8852120637893677], "cam_t_m2c": [-238.26553344726562, -265.7897644042969, 509.0221862792969], "obj_id": 0}, {"cam_R_m2c": [0.8417049050331116, -0.4778038561344147, -0.251468300819397, 0.13056133687496185, -0.27180492877960205, 0.9534545540809631, -0.523914635181427, -0.8353593945503235, -0.16639681160449982], "cam_t_m2c": [-245.0845489501953, -293.80706787109375, 541.191162109375], "obj_id": 2}, {"cam_R_m2c": [-0.6936007142066956, -0.15216438472270966, -0.7041050791740417, 0.1334204375743866, 0.9333881735801697, -0.33314481377601624, 0.7078961133956909, -0.3250114917755127, -0.6270968914031982], "cam_t_m2c": [-187.5104522705078, 70.08369445800781, 581.4095458984375], "obj_id": 3}, {"cam_R_m2c": [-0.9173733592033386, -0.11352065205574036, -0.38149571418762207, -0.37619149684906006, 0.5603877902030945, 0.7378654479980469, 0.1300225704908371, 0.8204136490821838, -0.556790292263031], "cam_t_m2c": [5296.244140625, 3825.042724609375, -20123.57421875], "obj_id": 3}],
  "1": [{"cam_R_m2c": [0.8668553233146667, 0.4915507435798645, 0.08330518752336502, 0.044476624578237534, 0.09018031507730484, -0.9949318170547485, -0.49657195806503296, 0.8661670088768005, 0.05631076917052269], "cam_t_m2c": [-8.903327941894531, -120.65885925292969, 311.19989013671875], "obj_id": 0}, {"cam_R_m2c": [-0.1976151317358017, 0.2801433503627777, 0.9393976330757141, -0.8531605005264282, -0.5210925936698914, -0.024075860157608986, 0.4827685058116913, -0.8062146902084351, 0.34198305010795593], "cam_t_m2c": [-36.63084411621094, -89.46561431884766, 300.9417419433594], "obj_id": 2}, {"cam_R_m2c": [0.2749338150024414, 0.9156926870346069, 0.29311808943748474, 0.9495623707771301, -0.21078579127788544, -0.23216480016708374, -0.1508064717054367, 0.3421638607978821, -0.9274594783782959], "cam_t_m2c": [209.7323760986328, -77.56304168701172, 577.7528686523438], "obj_id": 3}, {"cam_R_m2c": [0.15620969235897064, 0.2703951895236969, 0.9499920606613159, 0.5373075604438782, 0.7837778925895691, -0.3114367127418518, -0.8287937641143799, 0.559087336063385, -0.022851688787341118], "cam_t_m2c": [6186.814453125, -20940.23828125, -798.5841674804688], "obj_id": 3}]
}