{
  "0": [{"cam_R_m2c": [0.7695238590240479, -0.11825601011514664, 0.6275734901428223, 0.6153482794761658, -0.1255536526441574, -0.7781919240951538, 0.17082007229328156, 0.985013484954834, -0.023847881704568863], "cam_t_m2c": [452.5125427246094, 175.12689208984375, 933.0081787109375], "obj_id": 3}, {"cam_R_m2c": [0.4476364850997925, -0.24830245971679688, 0.8590503334999084, -0.8933854699134827, -0.16556832194328308, 0.4176715612411499, 0.038522664457559586, -0.9544280767440796, -0.2959442138671875], "cam_t_m2c": [205.7570037841797, 86.01520538330078, 789.2744140625], "obj_id": 3}, {"cam_R_m2c": [0.6191826462745667, -0.02656795084476471, -0.7847974300384521, 0.2867816984653473, 0.9380423426628113, 0.19450673460960388, 0.7310055494308472, -0.34550073742866516, 0.5884387493133545], "cam_t_m2c": [157.31300354003906, 286.20703125, 828.4425048828125], "obj_id": 3}, {"cam_R_m2c": [-0.28724226355552673, -0.26309934258461, 0.9210160374641418, -0.9571794271469116, 0.042656391859054565, -0.28633543848991394, 0.03604745492339134, -0.9638252854347229, -0.264085978269577], "cam_t_m2c": [240.7803192138672, 39.13361358642578, 799.5326538085938], "obj_id": 3}, {"cam_R_m2c": [-0.6512216925621033, 0.3401704430580139, -0.6783761978149414, 0.5604380369186401, -0.38714659214019775, -0.7321383953094482, -0.51168292760849, -0.8569722771644592, 0.06147387996315956], "cam_t_m2c": [319.8282775878906, -47.17829895019531, 886.1249389648438], "obj_id": 3}, {"cam_R_m2c": [-0.3685574531555176, 0.42113035917282104, -0.8287426829338074, 0.9037390947341919, -0.046518534421920776, -0.4255485534667969, -0.21776336431503296, -0.9058063626289368, -0.3634471595287323], "cam_t_m2c": [362.3005676269531, 145.94766235351562, 1075.7490234375], "obj_id": 3}, {"cam_R_m2c": [0.10824564099311829, 0.9435078501701355, 0.313170462846756, 0.38795074820518494, -0.3301352858543396, 0.860525906085968, 0.9153016209602356, 0.028346560895442963, -0.4017702639102936], "cam_t_m2c": [394.08154296875, 261.4875793457031, 1079.8924560546875], "obj_id": 3}, {"cam_R_m2c": [-0.1873299777507782, 0.04515741765499115, -0.9812585115432739, -0.14524529874324799, 0.9866889119148254, 0.07313579320907593, 0.971499502658844, 0.15622371435165405, -0.17827749252319336], "cam_t_m2c": [470.6695861816406, 194.5908966064453, 966.4474487304688], "obj_id": 3}, {"cam_R_m2c": [-0.4431188702583313, 0.8640016913414001, 0.23905400931835175, -0.8544173240661621, -0.4877515435218811, 0.1790795922279358, 0.2713240087032318, -0.12489835172891617, 0.9543498754501343], "cam_t_m2c": [211.97669982910156, 53.92875671386719, 721.4710083007812], "obj_id": 3}, {"cam_R_m2c": [-0.3064322769641876, -0.9517800807952881, -0.014625590294599533, -0.9303281903266907, 0.2962031066417694, 0.21622471511363983, -0.20146623253822327, 0.07986483722925186, -0.9762340188026428], "cam_t_m2c": [208.2100830078125, 124.4570541381836, 848.0763549804688], "obj_id": 3}, {"cam_R_m2c": [-0.9864591360092163, 0.10144893079996109, -0.1288651078939438, 0.1350010484457016, 0.056112390011548996, -0.9892553091049194, -0.09312797337770462, -0.9932569861412048, -0.06904818117618561], "cam_t_m2c": [160.01675415039062, 324.65478515625, 1046.234130859375], "obj_id": 3}, {"cam_R_m2c": [0.19986677169799805, 0.9599951505661011, -0.19611859321594238, 0.7612239122390747, -0.026110179722309113, 0.6479632258415222, 0.6169208884239197, -0.2787964642047882, -0.7359898090362549], "cam_t_m2c": [332.10723876953125, 192.7906951904297, 1051.845703125], "obj_id": 3}, {"cam_R_m2c": [0.7505852580070496, 0.6479244232177734, 0.1296752542257309, -0.5557944774627686, 0.5129226446151733, 0.6542192697525024, 0.3573712706565857, -0.5631201267242432, 0.7451050281524658], "cam_t_m2c": [499.8298645019531, 273.1711730957031, 1073.740966796875], "obj_id": 3}, {"cam_R_m2c": [-0.6153246164321899, 0.27353012561798096, -0.7392946481704712, -0.09615997970104218, 0.904814600944519, 0.41480571031570435, 0.7823864817619324, 0.3263308107852936, -0.5304520130157471], "cam_t_m2c": [559.3287963867188, 251.90072631835938, 1027.40087890625], "obj_id": 3}, {"cam_R_m2c": [0.7533483505249023, -0.6053704619407654, 0.2568907141685486, 0.4629141390323639, 0.7656235694885254, 0.44668903946876526, -0.46709394454956055, -0.21759410202503204, 0.8570157885551453], "cam_t_m2c": [237.49102783203125, 271.1240539550781, 1060.3148193359375], "obj_id": 3}, {"cam_R_m2c": [0.13254503905773163, -0.7460439801216125, 0.6525719165802002, -0.9910526871681213, -0.11017755419015884, 0.07533532381057739, 0.015695344656705856, -0.6567184329032898, -0.7539723515510559], "cam_t_m2c": [223.60134887695312, 116.02011108398438, 1098.488037109375], "obj_id": 3}, {"cam_R_m2c": [0.6758288145065308, 0.7070568799972534, 0.20814895629882812, -0.7331191301345825, 0.6156949996948242, 0.28888750076293945, 0.07610362768173218, -0.3478364944458008, 0.9344613552093506], "cam_t_m2c": [251.91146850585938, 241.9084930419922, 731.6972045898438], "obj_id": 3}, {"cam_R_m2c": [-0.8301942944526672, -0.45421892404556274, -0.3232063949108124, -0.49736571311950684, 0.3416191339492798, 0.7974482178688049, -0.25180262327194214, 0.8227888345718384, -0.5095230937004089], "cam_t_m2c": [415.7593994140625, 294.9237976074219, 1004.6508178710938], "obj_id": 3}, {"cam_R_m2c": [0.2094002068042755, -0.8197252750396729, 0.5331059694290161, 0.13466277718544006, 0.56417316198349, 0.8146008849143982, -0.968513011932373, -0.09878803789615631, 0.22852447628974915], "cam_t_m2c": [137.380859375, 186.79147338867188, 717.5999755859375], "obj_id": 3}, {"cam_R_m2c": [-0.9677723050117493, -0.23498696088790894, -0.0905425101518631, -0.04883695766329765, 0.5278469920158386, -0.8479343056678772, 0.2470460832118988, -0.816185474395752, -0.5223117470741272], "cam_t_m2c": [359.6141357421875, 357.50640869140625, 717.2291259765625], "obj_id": 3}, {"cam_R_m2c": [-0.7412976622581482, 0.11807273328304291, -0.6607092618942261, 0.020416803658008575, 0.9879160523414612, 0.15363946557044983, 0.6708658933639526, 0.10040299594402313, -0.734750509262085], "cam_t_m2c": [310.4696044921875, -40.068565368652344, 741.8492431640625], "obj_id": 3}, {"cam_R_m2c": [-0.8295391798019409, 0.397605836391449, 0.39214053750038147, 0.3329773545265198, 0.9158788323402405, -0.22425881028175354, -0.44831985235214233, -0.05545755848288536, -0.8921511173248291], "cam_t_m2c": [285.5323486328125, 369.2057800292969, 853.3538818359375], "obj_id": 3}, {"cam_R_m2c": [-0.20241093635559082, 0.6833822727203369, 0.7014403343200684, -0.8811717629432678, 0.18541918694972992, -0.4349207878112793, -0.4272776246070862, -0.706122100353241, 0.5646462440490723], "cam_t_m2c": [410.0015869140625, 291.4423522949219, 1096.9169921875], "obj_id": 3}, {"cam_R_m2c": [-0.6265742778778076, -0.7787370085716248, 0.031195923686027527, 0.018664412200450897, 0.0250227190554142, 0.9995125532150269, -0.7791380882263184, 0.6268512606620789, -0.0011438430519774556], "cam_t_m2c": [412.306640625, 199.2488250732422, 1105.3214111328125], "obj_id": 3}, {"cam_R_m2c": [-0.6366514563560486, -0.3833726644515991, 0.6691039800643921, 0.6086166501045227, 0.2830353081226349, 0.7412669658660889, -0.47356152534484863, 0.8791565895080566, 0.053132254630327225], "cam_t_m2c": [434.3949279785156, 280.6966247558594, 1038.56494140625], "obj_id": 3}, {"cam_R_m2c": [-0.6297695636749268, 0.13880889117717743, 0.7642789483070374, 0.3906354606151581, 0.9070324897766113, 0.15714964270591736, -0.6714121103286743, 0.39752253890037537, -0.6254451274871826], "cam_t_m2c": [415.5718994140625, 77.03876495361328, 731.2669677734375], "obj_id": 3}, {"cam_R_m2c": [-0.6635434627532959, 0.13716043531894684, 0.7354568839073181, -0.6215378642082214, 0.4461009204387665, -0.6439600586891174, -0.416413813829422, -0.8844099044799805, -0.21075686812400818], "cam_t_m2c": [349.6696472167969, 339.5664978027344, 885.0479125976562], "obj_id": 3}, {"cam_R_m2c": [-0.9768542647361755, 0.20375743508338928, -0.06510328501462936, 0.20723597705364227, 0.8260900378227234, -0.5240500569343567, -0.052997931838035583, -0.5254123210906982, -0.8491954207420349], "cam_t_m2c": [149.1301727294922, 328.9891357421875, 733.6790161132812], "obj_id": 3}, {"cam_R_m2c": [0.48001614212989807, 0.31738904118537903, 0.8178316950798035, -0.7719619274139404, 0.5956724882125854, 0.22192128002643585, -0.41672441363334656, -0.7378607392311096, 0.5309446454048157], "cam_t_m2c": [157.23529052734375, 373.87933349609375, 1079.288818359375], "obj_id": 1}, {"cam_R_m2c": [-0.04259708896279335, -0.21753157675266266, -0.975123405456543, 0.9342435598373413, 0.3372294008731842, -0.11604072153568268, 0.354082852602005, -0.9159456491470337, 0.1888623982667923], "cam_t_m2c": [335.4196472167969, 33.0122184753418, 866.9246826171875], "obj_id": 1}, {"cam_R_m2c": [-0.4464060962200165, 0.0949864313006401, 0.8897747993469238, 0.10755017399787903, -0.9814465045928955, 0.1587313562631607, 0.8883436918258667, 0.16655407845973969, 0.42790791392326355], "cam_t_m2c": [473.72113037109375, 250.65394592285156, 951.5613403320312], "obj_id": 1}, {"cam_R_m2c": [-0.04873722419142723, -0.9874892234802246, 0.14996464550495148, -0.009185430593788624, 0.15057997405529022, 0.9885550141334534, -0.9987692832946777, 0.04680207371711731, -0.016409248113632202], "cam_t_m2c": [362.7315368652344, 8.810688018798828, 754.4293823242188], "obj_id": 1}, {"cam_R_m2c": [0.6843617558479309, -0.06380710750818253, 0.726345419883728, 0.664714515209198, 0.46401283144950867, -0.5855311155319214, -0.29967254400253296, 0.8835274577140808, 0.35996612906455994], "cam_t_m2c": [210.80416870117188, 395.7254333496094, 1085.7965087890625], "obj_id": 1}, {"cam_R_m2c": [-0.061648279428482056, -0.22539298236370087, -0.9723155498504639, 0.724082350730896, -0.6805827021598816, 0.1118568405508995, -0.6869528889656067, -0.6971406936645508, 0.20515982806682587], "cam_t_m2c": [274.77728271484375, 469.48052978515625, 828.6355590820312], "obj_id": 1}, {"cam_R_m2c": [0.6409644484519958, 0.7604326009750366, 0.10443561524152756, -0.7516657114028931, 0.5942916870117188, 0.28603509068489075, 0.15544520318508148, -0.26183900237083435, 0.9525109529495239], "cam_t_m2c": [317.5840759277344, 423.78277587890625, 1081.70849609375], "obj_id": 1}, {"cam_R_m2c": [0.13026826083660126, 0.6598262786865234, -0.7400400042533875, -0.9909759759902954, 0.11041440814733505, -0.07599364966154099, 0.03156839311122894, 0.7432615160942078, 0.6682556867599487], "cam_t_m2c": [195.1864013671875, 112.93697357177734, 854.3518676757812], "obj_id": 1}, {"cam_R_m2c": [-0.5040118098258972, -0.04332399740815163, -0.8626095056533813, -0.7336705327033997, -0.5055230259895325, 0.45406395196914673, -0.4557408094406128, 0.8617247343063354, 0.2230040282011032], "cam_t_m2c": [199.5410614013672, 229.67752075195312, 799.468505859375], "obj_id": 1}, {"cam_R_m2c": [-0.9714358448982239, -0.10029102861881256, 0.2150672823190689, 0.21712973713874817, -0.009993478655815125, 0.9760915637016296, -0.09574394673109055, 0.9949079155921936, 0.031484298408031464], "cam_t_m2c": [173.87669372558594, 397.175048828125, 1054.4365234375], "obj_id": 1}, {"cam_R_m2c": [-0.48112165927886963, -0.7351729273796082, 0.4775383472442627, -0.5618574023246765, -0.15955038368701935, -0.8117019534111023, 0.6729326844215393, -0.658835768699646, -0.3362993001937866], "cam_t_m2c": [466.31573486328125, 149.7460174560547, 890.1328125], "obj_id": 1}, {"cam_R_m2c": [0.07021304965019226, 0.9382102489471436, 0.3388679623603821, 0.9252644181251526, -0.18819807469844818, 0.3293432593345642, 0.3727675974369049, 0.2904183268547058, -0.881306529045105], "cam_t_m2c": [251.8445587158203, 96.82495880126953, 1033.244873046875], "obj_id": 1}, {"cam_R_m2c": [0.7079589366912842, -0.7062472105026245, 0.0030047434847801924, 0.7007211446762085, 0.7018753290176392, -0.1279098093509674, 0.08822699636220932, 0.09266038239002228, 0.9917812347412109], "cam_t_m2c": [274.9669494628906, 493.8646545410156, 1065.1253662109375], "obj_id": 1}, {"cam_R_m2c": [0.40142855048179626, 0.08008319139480591, -0.9123824238777161, 0.2759697735309601, 0.9392971992492676, 0.20386628806591034, 0.8733245134353638, -0.33362773060798645, 0.354960173368454], "cam_t_m2c": [145.51034545898438, 251.92034912109375, 710.3197631835938], "obj_id": 1}, {"cam_R_m2c": [-0.8900743126869202, 0.09843822568655014, -0.4450591802597046, 0.4531821012496948, 0.29591473937034607, -0.8408688902854919, 0.04892594367265701, -0.9501286149024963, -0.30799660086631775], "cam_t_m2c": [374.27508544921875, 130.6536102294922, 1104.907958984375], "obj_id": 1}, {"cam_R_m2c": [-0.2736222445964813, -0.20262762904167175, -0.9402515292167664, 0.1148826852440834, 0.9636748433113098, -0.24110740423202515, 0.9549517631530762, -0.17399096488952637, -0.24040447175502777], "cam_t_m2c": [324.877197265625, 70.01040649414062, 989.0938720703125], "obj_id": 1}, {"cam_R_m2c": [-0.3643675148487091, 0.8786422610282898, 0.3085842728614807, 0.9035190939903259, 0.2532729506492615, 0.34569668769836426, 0.2255876511335373, 0.4047723710536957, -0.8861545324325562], "cam_t_m2c": [434.3690185546875, 282.8586730957031, 988.732421875], "obj_id": 1}, {"cam_R_m2c": [0.617770254611969, 0.7861279845237732, -0.019045662134885788, -0.7395786046981812, 0.5890781283378601, 0.3255925476551056, 0.2671767771244049, -0.18705563247203827, 0.945318341255188], "cam_t_m2c": [297.3295593261719, 218.81561279296875, 1099.1436767578125], "obj_id": 1}, {"cam_R_m2c": [-0.6731827259063721, -0.48080113530158997, -0.5618319511413574, 0.3099510669708252, -0.873269259929657, 0.37594008445739746, -0.6713830232620239, 0.07893597334623337, 0.7368947863578796], "cam_t_m2c": [368.4610595703125, 128.63328552246094, 1016.2113647460938], "obj_id": 1}, {"cam_R_m2c": [0.8504406213760376, -0.15736638009548187, 0.501982569694519, -0.5229581594467163, -0.3565422594547272, 0.7742041945457458, 0.05714435502886772, -0.9209306240081787, -0.3855140507221222], "cam_t_m2c": [177.17234802246094, 76.70814514160156, 721.1016235351562], "obj_id": 1}, {"cam_R_m2c": [-0.11577499657869339, 0.7666981816291809, -0.6314823031425476, -0.06598473340272903, -0.6402897238731384, -0.7652940154075623, -0.9910812377929688, -0.04693376272916794, 0.1247200220823288], "cam_t_m2c": [193.2880096435547, 321.2553405761719, 829.6061401367188], "obj_id": 1}, {"cam_R_m2c": [-0.3827093839645386, 0.1258399933576584, 0.9152582883834839, -0.22631914913654327, -0.973264753818512, 0.03918146342039108, 0.8957192897796631, -0.19214537739753723, 0.4009576737880707], "cam_t_m2c": [359.3955078125, 257.18414306640625, 876.025634765625], "obj_id": 1}, {"cam_R_m2c": [-0.91363126039505, 0.2822814881801605, 0.29256656765937805, 0.2056826949119568, -0.299796998500824, 0.9315666556358337, 0.350674569606781, 0.9112842679023743, 0.21584343910217285], "cam_t_m2c": [109.19181060791016, 179.3464813232422, 834.6939086914062], "obj_id": 1}, {"cam_R_m2c": [-0.68734210729599, 0.494109570980072, 0.5323686599731445, 0.13745585083961487, 0.8081970810890198, -0.572645902633667, -0.7132086157798767, -0.32042649388313293, -0.6234261393547058], "cam_t_m2c": [265.3862609863281, 76.39478302001953, 784.5779418945312], "obj_id": 1}, {"cam_R_m2c": [-0.6194153428077698, 0.743364691734314, 0.2524549961090088, -0.7827093005180359, -0.6096409559249878, -0.12531587481498718, 0.06075149402022362, -0.27522143721580505, 0.9594594240188599], "cam_t_m2c": [66.38291931152344, 161.48886108398438, 864.8056030273438], "obj_id": 1}, {"cam_R_m2c": [-0.1886662393808365, 0.6683304905891418, 0.719541072845459, 0.8165836334228516, 0.5137789249420166, -0.2631014585494995, -0.5455237627029419, 0.5379270911216736, -0.6426804661750793], "cam_t_m2c": [112.50125122070312, 211.40069580078125, 848.1749267578125], "obj_id": 1}, {"cam_R_m2c": [-0.4735383093357086, 0.6604125499725342, -0.5827662348747253, 0.3927503228187561, -0.4339005947113037, -0.810849666595459, -0.7883580327033997, -0.6128501296043396, -0.053908511996269226], "cam_t_m2c": [362.1898498535156, 204.0417938232422, 1044.431640625], "obj_id": 1}, {"cam_R_m2c": [0.6499486565589905, -0.7342215180397034, 0.1961771845817566, -0.6484254598617554, -0.6703847050666809, -0.3607335090637207, 0.396372526884079, 0.10725197941064835, -0.9118035435676575], "cam_t_m2c": [364.787109375, 386.8773498535156, 889.8529663085938], "obj_id": 1}, {"cam_R_m2c": [0.06396937370300293, -0.9966446161270142, 0.05106370896100998, 0.7708044648170471, 0.08184417337179184, 0.6317927241325378, -0.6338520646095276, -0.00105526321567595, 0.7734535932540894], "cam_t_m2c": [438.9041748046875, 312.94305419921875, 818.1299438476562], "obj_id": 1}, {"cam_R_m2c": [-0.6974232196807861, -0.4760553240776062, -0.5356977581977844, -0.004792231135070324, -0.7443781495094299, 0.667741060256958, -0.7166433930397034, 0.4682653546333313, 0.5168653130531311], "cam_t_m2c": [214.0697479248047, 270.1177978515625, 863.4658813476562], "obj_id": 1}, {"cam_R_m2c": [0.24521200358867645, 0.19898219406604767, -0.948829174041748, 0.812352180480957, 0.4919780492782593, 0.31311553716659546, 0.5291074514389038, -0.8475632667541504, -0.04100464656949043], "cam_t_m2c": [298.9542541503906, 208.05116271972656, 731.3917846679688], "obj_id": 1}, {"cam_R_m2c": [-0.3384656310081482, -0.9355638027191162, -0.1008034199476242, -0.8613346219062805, 0.3511680066585541, -0.3671289086341858, 0.37887147068977356, -0.037435054779052734, -0.9246917963027954], "cam_t_m2c": [350.0521545410156, 76.755615234375, 1025.4749755859375], "obj_id": 1}, {"cam_R_m2c": [0.0021651533897966146, 0.2614937424659729, -0.9652026891708374, -0.9775976538658142, 0.20370157063007355, 0.052994128316640854, 0.21047089993953705, 0.9434652328491211, 0.25607675313949585], "cam_t_m2c": [215.8332977294922, 81.60765075683594, 1045.142333984375], "obj_id": 1}, {"cam_R_m2c": [-0.8022040128707886, 0.27691203355789185, -0.528950572013855, 0.0013434516731649637, 0.8867747187614441, 0.4621999263763428, 0.5970486998558044, 0.3700679540634155, -0.7117462754249573], "cam_t_m2c": [424.0636901855469, 266.443115234375, 983.080810546875], "obj_id": 1}, {"cam_R_m2c": [0.43505436182022095, 0.8907145261764526, 0.13173966109752655, 0.8818153738975525, -0.3919109106063843, -0.26231178641319275, -0.18201470375061035, 0.23028993606567383, -0.9559482932090759], "cam_t_m2c": [382.2450866699219, 152.94488525390625, 764.4346313476562], "obj_id": 1}, {"cam_R_m2c": [-0.20684769749641418, 0.7645599246025085, 0.6104606986045837, 0.30506157875061035, -0.5424472093582153, 0.782744288444519, 0.9295975565910339, 0.34813690185546875, -0.12103398144245148], "cam_t_m2c": [140.31283569335938, 287.5571594238281, 763.7901611328125], "obj_id": 1}, {"cam_R_m2c": [-0.45018360018730164, 0.1243872418999672, 0.8842297792434692, 0.7853705286979675, 0.5263472199440002, 0.32580915093421936, -0.4248853325843811, 0.8411220908164978, -0.3346429169178009], "cam_t_m2c": [345.5367431640625, 217.15350341796875, 1082.3092041015625], "obj_id": 1}, {"cam_R_m2c": [-0.20018412172794342, -0.5419262647628784, -0.8162366151809692, -0.747979998588562, -0.4535560607910156, 0.4845747947692871, -0.6328129172325134, 0.7075328826904297, -0.314555287361145], "cam_t_m2c": [67.6680908203125, 234.3425750732422, 887.9379272460938], "obj_id": 1}, {"cam_R_m2c": [-0.6426445245742798, 0.7218541502952576, 0.25677722692489624, 0.6750775575637817, 0.6919870972633362, -0.2557814419269562, -0.36232343316078186, 0.008967977948486805, -0.932009220123291], "cam_t_m2c": [192.31924438476562, 32.6712646484375, 750.4155883789062], "obj_id": 1}, {"cam_R_m2c": [-0.5624018311500549, 0.6077544093132019, 0.5606591701507568, 0.041462160646915436, 0.6979299187660217, -0.7149648666381836, -0.8258238434791565, -0.37885141372680664, -0.417715847492218], "cam_t_m2c": [185.0298309326172, 289.3174133300781, 748.2883911132812], "obj_id": 1}, {"cam_R_m2c": [0.7892951965332031, -0.4150741398334503, 0.452467143535614, 0.6018846035003662, 0.6687706708908081, -0.43644100427627563, -0.12144138664007187, 0.6168137788772583, 0.777684211730957], "cam_t_m2c": [356.0099182128906, 320.2433166503906, 979.65966796875], "obj_id": 1}, {"cam_R_m2c": [-0.9431782364845276, -0.04165790230035782, -0.32966554164886475, 0.27649933099746704, -0.6486271023750305, -0.7091057300567627, -0.18429014086723328, -0.7599654197692871, 0.6232894062995911], "cam_t_m2c": [283.920654296875, 211.70468139648438, 875.2413940429688], "obj_id": 1}, {"cam_R_m2c": [-0.6344529986381531, -0.3987446129322052, -0.6621721386909485, 0.6010977625846863, 0.28405851125717163, -0.7469887137413025, 0.48595336079597473, -0.8719595074653625, 0.059462811797857285], "cam_t_m2c": [295.5616760253906, 73.54752349853516, 835.1105346679688], "obj_id": 1}, {"cam_R_m2c": [-0.9756585955619812, 0.11182162910699844, -0.1886436939239502, -0.14476332068443298, -0.9745755791664124, 0.171015202999115, -0.16472432017326355, 0.19416111707687378, 0.9670405387878418], "cam_t_m2c": [343.9412841796875, 289.5606994628906, 1024.6553955078125], "obj_id": 1}, {"cam_R_m2c": [0.641549289226532, -0.26937228441238403, -0.7182291150093079, 0.4491882026195526, -0.6270637512207031, 0.6364124417304993, -0.6218073964118958, -0.7309100031852722, -0.2812933921813965], "cam_t_m2c": [275.8472595214844, 402.12933349609375, 1017.5814819335938], "obj_id": 1}, {"cam_R_m2c": [-0.3221082091331482, -0.6278717517852783, 0.7085360884666443, -0.7090192437171936, 0.6559325456619263, 0.2589290738105774, -0.6273261308670044, -0.4189625084400177, -0.6564543843269348], "cam_t_m2c": [251.2226104736328, 108.38519287109375, 783.0103149414062], "obj_id": 1}, {"cam_R_m2c": [0.5364893078804016, 0.7175686955451965, -0.4441557228565216, 0.7105433940887451, -0.10012616217136383, 0.6964931488037109, 0.45531007647514343, -0.689253032207489, -0.563580334186554], "cam_t_m2c": [111.77791595458984, 229.35366821289062, 869.1754760742188], "obj_id": 1}, {"cam_R_m2c": [-0.5688109993934631, -0.5812094211578369, 0.5819358229637146, -0.34737148880958557, 0.8111125230789185, 0.4705629050731659, -0.7455110549926758, 0.0655134916305542, -0.6632653474807739], "cam_t_m2c": [355.9778137207031, 332.644775390625, 1010.514404296875], "obj_id": 1}, {"cam_R_m2c": [-0.5796791911125183, -0.5497539043426514, 0.6014504432678223, 0.7151839733123779, -0.6969826221466064, 0.05222097784280777, 0.3904918134212494, 0.4604191184043884, 0.7972015738487244], "cam_t_m2c": [471.30694580078125, 161.09742736816406, 791.3546142578125], "obj_id": 1}, {"cam_R_m2c": [0.9362804889678955, 0.1366005837917328, 0.3236033022403717, -0.3083958923816681, -0.12131457775831223, 0.9434906840324402, 0.16813918948173523, -0.9831698536872864, -0.07145741581916809], "cam_t_m2c": [210.94610595703125, 64.96171569824219, 750.3663330078125], "obj_id": 1}, {"cam_R_m2c": [0.4016680419445038, 0.7990880012512207, 0.44734901189804077, -0.7423222064971924, -0.0019706094171851873, 0.6700401306152344, 0.5363026261329651, -0.6012108325958252, 0.5923892855644226], "cam_t_m2c": [193.250244140625, 31.21445655822754, 799.6759033203125], "obj_id": 1}, {"cam_R_m2c": [0.008189097978174686, -0.7981087565422058, -0.602457582950592, -0.2825471758842468, -0.5797739028930664, 0.7642179727554321, -0.9592183828353882, 0.16396450996398926, -0.23025108873844147], "cam_t_m2c": [396.44293212890625, 61.90311813354492, 720.0601806640625], "obj_id": 1}, {"cam_R_m2c": [0.5429869890213013, 0.832919180393219, -0.10682082176208496, -0.3220424950122833, 0.08906443417072296, -0.9425264000892639, -0.775534451007843, 0.5461803674697876, 0.31659626960754395], "cam_t_m2c": [301.3935546875, 73.34162902832031, 840.3880004882812], "obj_id": 1}, {"cam_R_m2c": [-0.9360712170600891, -0.2542267143726349, 0.24318617582321167, 0.34333768486976624, -0.8109279870986938, 0.47383031249046326, 0.0767461359500885, 0.5270338654518127, 0.8463718891143799], "cam_t_m2c": [279.55975341796875, 109.16478729248047, 952.4600219726562], "obj_id": 1}, {"cam_R_m2c": [-0.7745622396469116, 0.36068153381347656, -0.5195786952972412, 0.2641238570213318, -0.5619721412658691, -0.7838531136512756, -0.5747101306915283, -0.7443762421607971, 0.3400179445743561], "cam_t_m2c": [430.0013732910156, 196.62893676757812, 1101.684814453125], "obj_id": 3}, {"cam_R_m2c": [-0.07663608342409134, -0.7838456630706787, -0.6162083745002747, -0.5935417413711548, 0.5324547290802002, -0.6034899353981018, 0.8011460304260254, 0.3194962441921234, -0.5060503482818604], "cam_t_m2c": [153.32521057128906, 239.44924926757812, 1058.8768310546875], "obj_id": 1}, {"cam_R_m2c": [0.8605512976646423, 0.04187576472759247, 0.5076395273208618, 0.2167799025774002, -0.9319625496864319, -0.2906070053577423, 0.46093156933784485, 0.3601282835006714, -0.8110794425010681], "cam_t_m2c": [448.2248840332031, 209.7812957763672, 726.4968872070312], "obj_id": 1}, {"cam_R_m2c": [-0.5886889100074768, 0.09513001888990402, -0.8027424812316895, -0.540652871131897, 0.6919167637825012, 0.4784826934337616, 0.6009490489959717, 0.7156825065612793, -0.3558913469314575], "cam_t_m2c": [328.3795166015625, 428.18304443359375, 931.127197265625], "obj_id": 1}, {"cam_R_m2c": [0.4434240758419037, -0.3607756197452545, 0.8204973936080933, 0.8920303583145142, 0.2669992744922638, -0.36468228697776794, -0.08750367909669876, 0.8936175107955933, 0.4402167499065399], "cam_t_m2c": [443.6944274902344, 169.8283233642578, 724.0338745117188], "obj_id": 1}, {"cam_R_m2c": [-0.5504027605056763, -0.30346623063087463, -0.7777949571609497, 0.83404141664505, -0.1576332300901413, -0.5287027359008789, 0.037837084382772446, -0.9397127032279968, 0.33986523747444153], "cam_t_m2c": [329.8165283203125, 216.42807006835938, 1109.049072265625], "obj_id": 3}, {"cam_R_m2c": [0.7493186593055725, -0.4341674745082855, -0.5000200867652893, 0.6478678584098816, 0.6369343400001526, 0.41782984137535095, 0.13707180321216583, -0.6370346546173096, 0.7585499882698059], "cam_t_m2c": [400.628173828125, 314.18634033203125, 836.72998046875], "obj_id": 1}, {"cam_R_m2c": [0.9567835927009583, -0.29036375880241394, 0.015939131379127502, -0.19307191669940948, -0.6752713322639465, -0.7118509411811829, 0.21745896339416504, 0.6780099272727966, -0.7021496295928955], "cam_t_m2c": [245.595458984375, 467.43377685546875, 861.4468994140625], "obj_id": 1}, {"cam_R_m2c": [0.2613338232040405, 0.6891473531723022, -0.6758554577827454, -0.5326864123344421, 0.6868781447410583, 0.494412362575531, 0.8049533367156982, 0.23081234097480774, 0.5466039180755615], "cam_t_m2c": [339.20977783203125, 89.0513916015625, 1117.911865234375], "obj_id": 1}, {"cam_R_m2c": [0.22133764624595642, 0.4060344099998474, 0.8866485357284546, 0.22834889590740204, -0.9055013656616211, 0.3576643168926239, 0.948085606098175, 0.12330066412687302, -0.29313892126083374], "cam_t_m2c": [57.90077209472656, 181.16250610351562, 849.2499389648438], "obj_id": 3}, {"cam_R_m2c": [0.9676634669303894, 0.14283570647239685, -0.20790709555149078, -0.22820459306240082, 0.8468955159187317, -0.48030272126197815, 0.10747121274471283, 0.5122167468070984, 0.8521056175231934], "cam_t_m2c": [227.29676818847656, 258.3763122558594, 747.4805297851562], "obj_id": 1}, {"cam_R_m2c": [-0.5647491216659546, -0.5344716310501099, 0.6288071274757385, 0.21719470620155334, -0.8313460946083069, -0.5115565061569214, 0.7961688041687012, -0.1523275375366211, 0.5855864882469177], "cam_t_m2c": [266.2425537109375, -1.6804814338684082, 1112.970947265625], "obj_id": 1}, {"cam_R_m2c": [-0.8120388984680176, -0.03689498081803322, -0.5824358463287354, 0.4499107897281647, 0.5960829257965088, -0.6650304198265076, 0.37171632051467896, -0.8020747303962708, -0.4674430191516876], "cam_t_m2c": [223.04139709472656, 170.83961486816406, 1045.3033447265625], "obj_id": 3}, {"cam_R_m2c": [0.7707499861717224, 0.6353332996368408, -0.047917433083057404, 0.38630130887031555, -0.5257949829101562, -0.7578328847885132, -0.5066712498664856, 0.5655891299247742, -0.650686502456665], "cam_t_m2c": [432.2275390625, 268.1806640625, 727.253662109375], "obj_id": 1}, {"cam_R_m2c": [0.4614238440990448, -0.4449145197868347, 0.767553985118866, 0.8871796727180481, 0.2308308333158493, -0.3995365500450134, 0.0005844488041475415, 0.8653139472007751, 0.5012299418449402], "cam_t_m2c": [325.3417663574219, 321.6676330566406, 771.5855102539062], "obj_id": 3}, {"cam_R_m2c": [-0.1747383326292038, 0.9833057522773743, 0.050757743418216705, 0.5491825938224792, 0.05454595014452934, 0.8339203596115112, 0.8172300457954407, 0.17359313368797302, -0.5495456457138062], "cam_t_m2c": [426.0641784667969, 255.58644104003906, 1071.3389892578125], "obj_id": 3}, {"cam_R_m2c": [0.9961572289466858, -0.06545461714267731, 0.058193761855363846, 0.03032458759844303, -0.3655785620212555, -0.9302863478660583, 0.08216593414545059, 0.9284761548042297, -0.36218881607055664], "cam_t_m2c": [318.87506103515625, 207.699951171875, 958.5777587890625], "obj_id": 3}, {"cam_R_m2c": [-0.061066217720508575, -0.4744468629360199, 0.8781633377075195, -0.7679096460342407, -0.5397166609764099, -0.3449932038784027, 0.6376405358314514, -0.6954176425933838, -0.3313736617565155], "cam_t_m2c": [437.3491516113281, 196.65133666992188, 1096.449462890625], "obj_id": 3}, {"cam_R_m2c": [-0.25435784459114075, -0.8994506597518921, -0.3553737699985504, 0.20736628770828247, 0.30818960070610046, -0.9284493923187256, 0.944616973400116, -0.3098509907722473, 0.10812534391880035], "cam_t_m2c": [322.9684753417969, 83.47525787353516, 859.432373046875], "obj_id": 1}, {"cam_R_m2c": [0.8893109560012817, 0.4503771960735321, 0.07928672432899475, -0.40760037302970886, 0.7020425200462341, 0.5839505791664124, 0.20733538269996643, -0.551630973815918, 0.8079079985618591], "cam_t_m2c": [202.06336975097656, 98.34288787841797, 1096.53857421875], "obj_id": 3}, {"cam_R_m2c": [-0.30103880167007446, -0.8602432012557983, -0.411530464887619, 0.3662375509738922, 0.2941591739654541, -0.8828026056289673, 0.8804804086685181, -0.41647574305534363, 0.2265000343322754], "cam_t_m2c": [210.01986694335938, 318.78472900390625, 927.2620849609375], "obj_id": 3}, {"cam_R_m2c": [0.6901799440383911, 0.3160278797149658, 0.6509823203086853, 0.19961073994636536, -0.947838544845581, 0.2485107034444809, 0.695562481880188, -0.04157404601573944, -0.7172617316246033], "cam_t_m2c": [217.17616271972656, 65.19674682617188, 983.7290649414062], "obj_id": 3}, {"cam_R_m2c": [0.4789077043533325, -0.14316579699516296, -0.866112470626831, -0.6379750967025757, 0.6209623217582703, -0.45540469884872437, 0.6030216217041016, 0.77065509557724, 0.2060474455356598], "cam_t_m2c": [426.9609680175781, 138.1962890625, 788.8215942382812], "obj_id": 1}, {"cam_R_m2c": [0.6431746482849121, -0.7467756271362305, -0.16927069425582886, 0.4292774498462677, 0.5347104072570801, -0.7278775572776794, 0.6340720057487488, 0.39548829197883606, 0.6644861102104187], "cam_t_m2c": [308.501953125, -43.25565719604492, 802.6005249023438], "obj_id": 3}, {"cam_R_m2c": [-0.8007700443267822, -0.12313223630189896, 0.5861788988113403, 0.5861176252365112, -0.3627413511276245, 0.7244892716407776, 0.12342336773872375, 0.9237191677093506, 0.36264246702194214], "cam_t_m2c": [387.5675048828125, 246.38815307617188, 996.8828735351562], "obj_id": 3}, {"cam_R_m2c": [-0.7266314625740051, -0.5148935914039612, -0.4548531472682953, -0.1488094925880432, 0.7642970681190491, -0.627459704875946, 0.6707178950309753, -0.38824549317359924, -0.6319833993911743], "cam_t_m2c": [204.60935974121094, 283.5304870605469, 871.8583374023438], "obj_id": 1}, {"cam_R_m2c": [-0.14588531851768494, -0.8176577091217041, 0.5569137930870056, 0.9523811936378479, -0.2684275805950165, -0.14462459087371826, 0.2677445709705353, 0.5092957019805908, 0.8178818225860596], "cam_t_m2c": [298.5574035644531, 22.45841407775879, 917.8882446289062], "obj_id": 1}, {"cam_R_m2c": [-0.9964598417282104, 0.07117802649736404, -0.04473680257797241, 0.05907417833805084, 0.9714438915252686, 0.22979766130447388, 0.05981583893299103, 0.2263413667678833, -0.972209632396698], "cam_t_m2c": [380.0205383300781, 27.23101043701172, 780.7778930664062], "obj_id": 1}, {"cam_R_m2c": [0.5337226986885071, -0.44437527656555176, 0.7194933295249939, -0.08093815296888351, -0.8737441897392273, -0.47960391640663147, 0.8417773246765137, 0.19774103164672852, -0.5023040175437927], "cam_t_m2c": [251.30787658691406, 410.0661315917969, 1064.5272216796875], "obj_id": 1}, {"cam_R_m2c": [0.3748394548892975, 0.3911394774913788, 0.840538740158081, 0.15753905475139618, -0.9203298091888428, 0.35801494121551514, 0.9136065244674683, -0.0017804730450734496, -0.40659573674201965], "cam_t_m2c": [319.33880615234375, -44.43342971801758, 742.9119262695312], "obj_id": 1}, {"cam_R_m2c": [-0.5755384564399719, -0.016862694174051285, 0.8176007866859436, -0.5272940993309021, 0.7718482613563538, -0.3552621304988861, -0.6250730752944946, -0.6355831027030945, -0.4531199634075165], "cam_t_m2c": [365.79730224609375, 275.34130859375, 1041.184326171875], "obj_id": 3}, {"cam_R_m2c": [0.617689311504364, -0.649445652961731, -0.4434865117073059, -0.47656723856925964, 0.1394694447517395, -0.8680046200752258, 0.6255745887756348, 0.7475082874298096, -0.2233557254076004], "cam_t_m2c": [433.6501159667969, 204.76100158691406, 928.03369140625], "obj_id": 3}, {"cam_R_m2c": [0.6552022695541382, 0.3994964063167572, 0.6411806344985962, -0.10909546911716461, -0.7898037433624268, 0.6035792827606201, 0.7475346922874451, -0.46541640162467957, -0.47389790415763855], "cam_t_m2c": [280.75115966796875, 287.775146484375, 830.7737426757812], "obj_id": 3}, {"cam_R_m2c": [-0.6307891011238098, 0.15096236765384674, -0.761127769947052, -0.7540770173072815, 0.11201666295528412, 0.6471631526947021, 0.1829562783241272, 0.9821723699569702, 0.043178364634513855], "cam_t_m2c": [334.06414794921875, 413.6642761230469, 858.4679565429688], "obj_id": 1}, {"cam_R_m2c": [0.6165631413459778, 0.31359630823135376, -0.7221545577049255, 0.6691676378250122, -0.6920049786567688, 0.27081987261772156, -0.4148065447807312, -0.6502200365066528, -0.6365132331848145], "cam_t_m2c": [313.77947998046875, 139.2906951904297, 946.812255859375], "obj_id": 3}, {"cam_R_m2c": [-0.9466211199760437, 0.1217903420329094, -0.29845520853996277, 0.23600153625011444, -0.3688231408596039, -0.8990398645401001, -0.2195715755224228, -0.9214860200881958, 0.3203931450843811], "cam_t_m2c": [206.4319305419922, 312.7568054199219, 811.244384765625], "obj_id": 1}, {"cam_R_m2c": [0.869005024433136, -0.3050565719604492, 0.3895776569843292, 0.475117027759552, 0.7343202233314514, -0.48480677604675293, -0.13818128407001495, 0.6063945293426514, 0.7830655574798584], "cam_t_m2c": [260.5555419921875, 280.8435363769531, 724.99169921875], "obj_id": 1}, {"cam_R_m2c": [0.8628415465354919, 0.4574252665042877, 0.21509668231010437, 0.014771704562008381, 0.4025341868400574, -0.9152857065200806, -0.5052586197853088, 0.7929238677024841, 0.3405662775039673], "cam_t_m2c": [209.13259887695312, 171.16885375976562, 967.6895751953125], "obj_id": 3}, {"cam_R_m2c": [0.7728574872016907, -0.1790129840373993, -0.6088067889213562, 0.04506487771868706, -0.9414808750152588, 0.3340403437614441, -0.6329774856567383, -0.2856013774871826, -0.7195633053779602], "cam_t_m2c": [498.4167785644531, 167.2823486328125, 1080.0987548828125], "obj_id": 3}, {"cam_R_m2c": [-0.9735111594200134, 0.11644413322210312, 0.19676581025123596, 0.18565504252910614, 0.9048832058906555, 0.38303864002227783, -0.13344746828079224, 0.40942296385765076, -0.9025323390960693], "cam_t_m2c": [323.4737548828125, -7.610845565795898, 1115.32275390625], "obj_id": 3}, {"cam_R_m2c": [0.6447043418884277, 0.682765007019043, -0.3437851071357727, -0.5340815186500549, 0.724067211151123, 0.4364442527294159, 0.546912431716919, -0.09776821732521057, 0.831461489200592], "cam_t_m2c": [171.701171875, 241.65480041503906, 733.1290893554688], "obj_id": 1}, {"cam_R_m2c": [-0.909235954284668, -0.32327884435653687, 0.2622607946395874, 0.11805278807878494, 0.40390172600746155, 0.9071531891822815, -0.3991910219192505, 0.8557769656181335, -0.32907798886299133], "cam_t_m2c": [174.15542602539062, 103.4032211303711, 1060.63671875], "obj_id": 1}, {"cam_R_m2c": [0.5296987295150757, -0.10259447246789932, -0.8419581651687622, 0.12332987040281296, -0.9727916717529297, 0.1961269974708557, -0.8391715884208679, -0.20772682130336761, -0.5026335120201111], "cam_t_m2c": [154.5606689453125, 87.10640716552734, 1064.5772705078125], "obj_id": 3}, {"cam_R_m2c": [-0.720178484916687, -0.09571753442287445, -0.6871542930603027, 0.5452519655227661, 0.5343482494354248, -0.6458887457847595, 0.4290025532245636, -0.8398274183273315, -0.33263587951660156], "cam_t_m2c": [385.5818176269531, 180.46255493164062, 970.9664916992188], "obj_id": 3}, {"cam_R_m2c": [-0.288817822933197, -0.8098528981208801, 0.5106098055839539, 0.5932721495628357, -0.5699880719184875, -0.5684554576873779, 0.7514069080352783, 0.13875047862529755, 0.6450859904289246], "cam_t_m2c": [292.5131530761719, 463.46533203125, 1083.8785400390625], "obj_id": 3}, {"cam_R_m2c": [0.5455361604690552, 0.18503376841545105, 0.8174061179161072, -0.7556232213973999, -0.31329452991485596, 0.575221836566925, 0.3625243008136749, -0.9314553737640381, -0.031097715720534325], "cam_t_m2c": [400.85699462890625, 288.99652099609375, 1095.4124755859375], "obj_id": 3}, {"cam_R_m2c": [-0.3194006681442261, 0.5450814366340637, -0.7751576900482178, -0.9334318041801453, -0.321992427110672, 0.15819576382637024, -0.16336534917354584, 0.7740846872329712, 0.6116409301757812], "cam_t_m2c": [106.71537017822266, 240.94293212890625, 809.0289306640625], "obj_id": 3}, {"cam_R_m2c": [-0.456442266702652, -0.8235355019569397, -0.3368232548236847, 0.7035046219825745, -0.5658056139945984, 0.430052787065506, -0.5447402000427246, -0.040662456303834915, 0.8376184701919556], "cam_t_m2c": [263.0362243652344, 290.6114807128906, 962.7481079101562], "obj_id": 3}, {"cam_R_m2c": [0.44184041023254395, 0.8577725291252136, -0.26268506050109863, 0.8946571350097656, -0.44289323687553406, 0.05860285833477974, -0.06607349961996078, -0.2609061598777771, -0.9631004333496094], "cam_t_m2c": [221.0410614013672, 227.05636596679688, 712.0344848632812], "obj_id": 3}, {"cam_R_m2c": [0.9055120944976807, 0.15339839458465576, -0.39562204480171204, -0.3775564730167389, 0.7167814373970032, -0.586238443851471, 0.19364649057388306, 0.6802156567573547, 0.7069708108901978], "cam_t_m2c": [147.20755004882812, 251.4894561767578, 1071.86962890625], "obj_id": 1}, {"cam_R_m2c": [-0.38719865679740906, 0.3421389162540436, -0.8561645746231079, 0.8391956090927124, -0.25382834672927856, -0.48095905780792236, -0.38187381625175476, -0.904716432094574, -0.18883928656578064], "cam_t_m2c": [116.72853088378906, 122.97672271728516, 751.1896362304688], "obj_id": 3}, {"cam_R_m2c": [-0.9759557843208313, -0.04184708371758461, 0.21391430497169495, 0.17243506014347076, -0.7485378980636597, 0.6402791142463684, 0.1333291381597519, 0.6617703437805176, 0.7377556562423706], "cam_t_m2c": [261.6825866699219, 296.1011962890625, 890.6011352539062], "obj_id": 1}, {"cam_R_m2c": [-0.5190913081169128, 0.6891473531723022, -0.5055885314941406, 0.1704033613204956, -0.4962084889411926, -0.8513162732124329, -0.8375598788261414, -0.528065025806427, 0.14014476537704468], "cam_t_m2c": [397.6051330566406, 299.0619201660156, 1073.8873291015625], "obj_id": 3}, {"cam_R_m2c": [0.4294949769973755, -0.040129534900188446, 0.9021771550178528, -0.7870250940322876, 0.4732776880264282, 0.3957267999649048, -0.4428606331348419, -0.8799987435340881, 0.17168743908405304], "cam_t_m2c": [412.459716796875, 273.283203125, 777.9564208984375], "obj_id": 3}, {"cam_R_m2c": [0.0038840484339743853, -0.688278317451477, 0.725436270236969, 0.8056888580322266, -0.427547425031662, -0.4099615216255188, 0.5923261046409607, 0.5860682129859924, 0.55287766456604], "cam_t_m2c": [380.0378723144531, 249.74139404296875, 756.9959106445312], "obj_id": 1}, {"cam_R_m2c": [0.670952558517456, -0.05802860110998154, -0.7392261624336243, 0.738379955291748, 0.14364920556545258, 0.6589080691337585, 0.0679536834359169, -0.9879258275032043, 0.13922898471355438], "cam_t_m2c": [402.7073974609375, 34.932579040527344, 744.397216796875], "obj_id": 1}, {"cam_R_m2c": [0.04222014173865318, 0.9848257303237915, 0.16833187639713287, -0.9976125955581665, 0.03233872354030609, 0.06101837009191513, 0.0546488352119922