{
  "0": [{"cam_R_m2c": [0.3175044059753418, 0.6281286478042603, -0.7103841304779053, 0.9272902607917786, -0.04900176078081131, 0.3711225390434265, 0.19830268621444702, -0.7765652537345886, -0.5980158448219299], "cam_t_m2c": [104.17395782470703, 191.26791381835938, 672.5756225585938], "obj_id": 1}, {"cam_R_m2c": [-0.19998937845230103, -0.2873443365097046, 0.9367162585258484, 0.8965613842010498, -0.439279705286026, 0.05666418746113777, 0.39519837498664856, 0.8511559367179871, 0.3454732298851013], "cam_t_m2c": [43.46046447753906, 143.69761657714844, 540.4844360351562], "obj_id": 2}, {"cam_R_m2c": [-0.9049697518348694, -0.29000183939933777, -0.31133389472961426, -0.24487917125225067, 0.9533958435058594, -0.17626842856407166, 0.34794262051582336, -0.08327840268611908, -0.9338098168373108], "cam_t_m2c": [190.80267333984375, 131.7307586669922, 554.6751708984375], "obj_id": 3}, {"cam_R_m2c": [-0.6828534007072449, 0.1319236308336258, 0.7185452580451965, 0.3399015963077545, -0.8132480382919312, 0.4723287522792816, 0.6466668844223022, 0.5667660236358643, 0.5104882121086121], "cam_t_m2c": [-60.43495559692383, 205.52687072753906, 650.6356811523438], "obj_id": 4}, {"cam_R_m2c": [-0.08593319356441498, 0.3981659412384033, 0.9132794737815857, -0.9696729183197021, 0.17708894610404968, -0.16844557225704193, -0.22880098223686218, -0.9000574350357056, 0.3708729147911072], "cam_t_m2c": [-55.09881591796875, 111.94152069091797, 693.0714111328125], "obj_id": 1}, {"cam_R_m2c": [0.5028432607650757, -0.7238001823425293, 0.47250598669052124, -0.6718315482139587, 0.0166791882365942, 0.7405160665512085, -0.5438666939735413, -0.6898079514503479, -0.47788476943969727], "cam_t_m2c": [95.54305267333984, 134.9105682373047, 721.143310546875], "obj_id": 2}, {"cam_R_m2c": [-0.9598525762557983, -0.15877090394496918, -0.23124589025974274, 0.2803063988685608, -0.5119214057922363, -0.8120127320289612, 0.010544252581894398, -0.8442322611808777, 0.5358737111091614], "cam_t_m2c": [207.77499389648438, 126.22883605957031, 691.041748046875], "obj_id": 3}, {"cam_R_m2c": [-0.3101656138896942, -0.18925467133522034, -0.9316544532775879, 0.28381651639938354, -0.9537282586097717, 0.09925075620412827, -0.9073288440704346, -0.23363474011421204, 0.3495272099971771], "cam_t_m2c": [181.39743041992188, 235.3242645263672, 629.0816650390625], "obj_id": 4}, {"cam_R_m2c": [-0.860476553440094, 0.5046389698982239, 0.07014011591672897, 0.1130867525935173, 0.05494014546275139, 0.9920650124549866, 0.4967811703681946, 0.8615805506706238, -0.10434270650148392], "cam_t_m2c": [25.787639617919922, 82.53266143798828, 592.6884155273438], "obj_id": 1}, {"cam_R_m2c": [0.8406513333320618, -0.45994865894317627, 0.2859240770339966, 0.4182434678077698, 0.8867610692977905, 0.19679223001003265, -0.34406065940856934, -0.04584778472781181, 0.9378274083137512], "cam_t_m2c": [198.14324951171875, 261.852294921875, 509.2456970214844], "obj_id": 2}, {"cam_R_m2c": [-0.45799899101257324, 0.6194276213645935, 0.6376098990440369, 0.7954820394515991, 0.6057369112968445, -0.017064057290554047, -0.39679378271102905, 0.4993918836116791, -0.7701704502105713], "cam_t_m2c": [-106.14015197753906, 146.45579528808594, 611.2666015625], "obj_id": 3}, {"cam_R_m2c": [0.9812473058700562, -0.17540372908115387, -0.07992049306631088, -0.19259017705917358, -0.9092155694961548, -0.36910149455070496, -0.007923180237412453, 0.3775717318058014, -0.9259463548660278], "cam_t_m2c": [288.01104736328125, 106.27486419677734, 406.601318359375], "obj_id": 4}, {"cam_R_m2c": [-0.7851602435112, -0.6175720691680908, 0.046131864190101624, -0.5779988765716553, 0.7040250897407532, -0.4126329720020294, 0.22235260903835297, -0.3506471514701843, -0.9097285270690918], "cam_t_m2c": [-40.09526824951172, 221.2196044921875, 379.4491882324219], "obj_id": 1}, {"cam_R_m2c": [0.9697251319885254, 0.15562039613723755, -0.1881900429725647, -0.24395616352558136, 0.5829935669898987, -0.7749863862991333, -0.010890109464526176, 0.7974339127540588, 0.6033080220222473], "cam_t_m2c": [139.315185546875, 104.94617462158203, 590.6490478515625], "obj_id": 2}, {"cam_R_m2c": [-0.6204918026924133, -0.7822580337524414, 0.055338889360427856, 0.46334511041641235, -0.4226299524307251, -0.7789064645767212, 0.6326937079429626, -0.45766404271125793, 0.624693751335144], "cam_t_m2c": [127.33843994140625, 76.22215270996094, 621.82666015625], "obj_id": 3}, {"cam_R_m2c": [0.49556079506874084, 0.4814486503601074, 0.7229292392730713, 0.15737788379192352, -0.868312656879425, 0.4703885316848755, 0.8541965484619141, -0.11933305859565735, -0.5060710906982422], "cam_t_m2c": [86.47377014160156, 40.33407974243164, 717.4021606445312], "obj_id": 4}],
  "1": [{"cam_R_m2c": [0.3175044059753418, 0.6281286478042603, -0.7103841304779053, 0.9272902607917786, -0.04900176078081131, 0.3711225390434265, 0.19830268621444702, -0.7765652537345886, -0.5980158448219299], "cam_t_m2c": [104.17395782470703, 191.26791381835938, 672.5756225585938], "obj_id": 1}, {"cam_R_m2c": [-0.19998937845230103, -0.2873443365097046, 0.9367162585258484, 0.8965613842010498, -0.439279705286026, 0.05666418746113777, 0.39519837498664856, 0.8511559367179871, 0.3454732298851013], "cam_t_m2c": [43.46046447753906, 143.69761657714844, 540.4844360351562], "obj_id": 2}, {"cam_R_m2c": [-0.9049697518348694, -0.29000183939933777, -0.31133389472961426, -0.24487917125225067, 0.9533958435058594, -0.17626842856407166, 0.34794262051582336, -0.08327840268611908, -0.9338098168373108], "cam_t_m2c": [190.80267333984375, 131.7307586669922, 554.6751708984375], "obj_id": 3}, {"cam_R_m2c": [-0.6828534007072449, 0.1319236308336258, 0.7185452580451965, 0.3399015963077545, -0.8132480382919312, 0.4723287522792816, 0.6466668844223022, 0.5667660236358643, 0.5104882121086121], "cam_t_m2c": [-60.43495559692383, 205.52687072753906, 650.6356811523438], "obj_id": 4}, {"cam_R_m2c": [-0.08593319356441498, 0.3981659412384033, 0.9132794737815857, -0.9696729183197021, 0.17708894610404968, -0.16844557225704193, -0.22880098223686218, -0.9000574350357056, 0.3708729147911072], "cam_t_m2c": [-55.09881591796875, 111.94152069091797, 693.0714111328125], "obj_id": 1}, {"cam_R_m2c": [0.5028432607650757, -0.7238001823425293, 0.47250598669052124, -0.6718315482139587, 0.0166791882365942, 0.7405160665512085, -0.5438666939735413, -0.6898079514503479, -0.47788476943969727], "cam_t_m2c": [95.54305267333984, 134.9105682373047, 721.143310546875], "obj_id": 2}, {"cam_R_m2c": [-0.9598525762557983, -0.15877090394496918, -0.23124589025974274, 0.2803063988685608, -0.5119214057922363, -0.8120127320289612, 0.010544252581894398, -0.8442322611808777, 0.5358737111091614], "cam_t_m2c": [207.77499389648438, 126.22883605957031, 691.041748046875], "obj_id": 3}, {"cam_R_m2c": [-0.3101656138896942, -0.18925467133522034, -0.9316544532775879, 0.28381651639938354, -0.9537282586097717, 0.09925075620412827, -0.9073288440704346, -0.23363474011421204, 0.3495272099971771], "cam_t_m2c": [181.39743041992188, 235.3242645263672, 629.0816650390625], "obj_id": 4}, {"cam_R_m2c": [-0.860476553440094, 0.5046389698982239, 0.07014011591672897, 0.1130867525935173, 0.05494014546275139, 0.9920650124549866, 0.4967811703681946, 0.8615805506706238, -0.10434270650148392], "cam_t_m2c": [25.787639617919922, 82.53266143798828, 592.6884155273438], "obj_id": 1}, {"cam_R_m2c": [0.8406513333320618, -0.45994865894317627, 0.2859240770339966, 0.4182434678077698, 0.8867610692977905, 0.19679223001003265, -0.34406065940856934, -0.04584778472781181, 0.9378274083137512], "cam_t_m2c": [198.14324951171875, 261.852294921875, 509.2456970214844], "obj_id": 2}, {"cam_R_m2c": [-0.45799899101257324, 0.6194276213645935, 0.6376098990440369, 0.7954820394515991, 0.6057369112968445, -0.017064057290554047, -0.39679378271102905, 0.4993918836116791, -0.7701704502105713], "cam_t_m2c": [-106.14015197753906, 146.45579528808594, 611.2666015625], "obj_id": 3}, {"cam_R_m2c": [0.9812473058700562, -0.17540372908115387, -0.07992049306631088, -0.19259017705917358, -0.9092155694961548, -0.36910149455070496, -0.007923180237412453, 0.3775717318058014, -0.9259463548660278], "cam_t_m2c": [288.01104736328125, 106.27486419677734, 406.601318359375], "obj_id": 4}, {"cam_R_m2c": [-0.7851602435112, -0.6175720691680908, 0.046131864190101624, -0.5779988765716553, 0.7040250897407532, -0.4126329720020294, 0.22235260903835297, -0.3506471514701843, -0.9097285270690918], "cam_t_m2c": [-40.09526824951172, 221.2196044921875, 379.4491882324219], "obj_id": 1}, {"cam_R_m2c": [0.9697251319885254, 0.15562039613723755, -0.1881900429725647, -0.24395616352558136, 0.5829935669898987, -0.7749863862991333, -0.010890109464526176, 0.7974339127540588, 0.6033080220222473], "cam_t_m2c": [139.315185546875, 104.94617462158203, 590.6490478515625], "obj_id": 2}, {"cam_R_m2c": [-0.6204918026924133, -0.7822580337524414, 0.055338889360427856, 0.46334511041641235, -0.4226299524307251, -0.7789064645767212, 0.6326937079429626, -0.45766404271125793, 0.624693751335144], "cam_t_m2c": [127.33843994140625, 76.22215270996094, 621.82666015625], "obj_id": 3}, {"cam_R_m2c": [0.49556079506874084, 0.4814486503601074, 0.7229292392730713, 0.15737788379192352, -0.868312656879425, 0.4703885316848755, 0.8541965484619141, -0.11933305859565735, -0.5060710906982422], "cam_t_m2c": [86.47377014160156, 40.33407974243164, 717.4021606445312], "obj_id": 4}],
  "2": [{"cam_R_m2c": [0.5803533792495728, 0.185859814286232, -0.7928720712661743, 0.7959503531455994, 0.07641591876745224, 0.6005195379257202, 0.1722005158662796, -0.9796003103256226, -0.10358695685863495], "cam_t_m2c": [226.08433532714844, 92.01199340820312, 618.2786865234375], "obj_id": 1}, {"cam_R_m2c": [0.21349266171455383, 0.027202995494008064, 0.9765658378601074, 0.7803647518157959, -0.6061371564865112, -0.153715580701828, 0.5877513885498047, 0.7948946952819824, -0.1506340652704239], "cam_t_m2c": [103.6754379272461, 88.54657745361328, 526.62060546875], "obj_id": 2}, {"cam_R_m2c": [-0.6848178505897522, -0.06383220851421356, -0.7259130477905273, -0.21116003394126892, 0.9707996249198914, 0.11383993923664093, 0.6974494457244873, 0.23124346137046814, -0.6782997250556946], "cam_t_m2c": [234.52000427246094, 54.845664978027344, 464.9906005859375], "obj_id": 3}, {"cam_R_m2c": [-0.2226460874080658, 0.17522405087947845, 0.959023118019104, 0.24277636408805847, -0.9427591562271118, 0.22861522436141968, 0.9441866278648376, 0.2837284207344055, 0.1673613339662552], "cam_t_m2c": [77.407470703125, 132.10009765625, 682.0667114257812], "obj_id": 4}, {"cam_R_m2c": [-0.4037376046180725, -0.014742904342710972, 0.9147560000419617, -0.857721209526062, 0.35396286845207214, -0.3728599548339844, -0.31829261779785156, -0.935143232345581, -0.1555534303188324], "cam_t_m2c": [78.92556762695312, 30.788875579833984, 699.9891967773438], "obj_id": 1}, {"cam_R_m2c": [0.0348721444606781, -0.9285275340080261, 0.36962199211120605, -0.5646312236785889, 0.2868589460849762, 0.7738884687423706, -0.82460618019104, -0.23568721115589142, -0.5142722725868225], "cam_t_m2c": [227.00047302246094, 26.495441436767578, 654.5581665039062], "obj_id": 2}, {"cam_R_m2c": [-0.7590487599372864, -0.63301682472229, -0.1521000862121582, 0.38638946413993835, -0.24999754130840302, -0.8878086805343628, 0.5239732265472412, -0.7326600551605225, 0.43435150384902954], "cam_t_m2c": [308.5664978027344, 11.902429580688477, 572.6343383789062], "obj_id": 3}, {"cam_R_m2c": [-0.6050958633422852, -0.4914400577545166, -0.6263749599456787, 0.5471839904785156, -0.8281928300857544, 0.1211867704987526, -0.5783153176307678, -0.26941272616386414, 0.7700442671775818], "cam_t_m2c": [283.8185729980469, 135.797119140625, 550.8562622070312], "obj_id": 4}, {"cam_R_m2c": [-0.4960968792438507, 0.8323552012443542, 0.24712906777858734, 0.0870927944779396, -0.235484316945076, 0.9679679870605469, 0.8638882040977478, 0.5017290115356445, 0.04433085024356842], "cam_t_m2c": [97.26610565185547, 18.61866569519043, 569.6060791015625], "obj_id": 1}, {"cam_R_m2c": [0.6716629862785339, -0.20970170199871063, 0.7105589509010315, 0.3841889798641205, 0.9186549782752991, -0.09204302728176117, -0.6334569454193115, 0.3348107933998108, 0.6975916028022766], "cam_t_m2c": [251.20443725585938, 190.313720703125, 444.51214599609375], "obj_id": 2}, {"cam_R_m2c": [-0.3855855464935303, 0.8997473120689392, 0.2043980360031128, 0.9225019812583923, 0.371682345867157, 0.10412649810314178, 0.01771639846265316, 0.22870726883411407, -0.973334014415741], "cam_t_m2c": [6.5215678215026855, 91.57133483886719, 660.598388671875], "obj_id": 3}, {"cam_R_m2c": [0.7993007898330688, -0.1970902532339096, -0.5676915645599365, -0.30580395460128784, -0.9466236233711243, -0.10191987454891205, -0.5173028111457825, 0.25506696105003357, -0.8169080018997192], "cam_t_m2c": [246.67709350585938, 56.83395004272461, 286.46441650390625], "obj_id": 4}, {"cam_R_m2c": [-0.7153628468513489, -0.5244399309158325, -0.46175605058670044, -0.5123720765113831, 0.8430200815200806, -0.16368263959884644, 0.47511133551597595, 0.11949841678142548, -0.8717736005783081], "cam_t_m2c": [-21.981060028076172, 215.23818969726562, 442.4586181640625], "obj_id": 1}, {"cam_R_m2c": [0.7759621739387512, 0.6261606812477112, -0.0761936828494072, -0.35274776816368103, 0.33062097430229187, -0.8753620982170105, -0.5229260921478271, 0.706125020980835, 0.477426141500473], "cam_t_m2c": [199.7378387451172, 26.313234329223633, 516.35791015625], "obj_id": 2}, {"cam_R_m2c": [-0.1459825038909912, -0.9789162874221802, 0.14287105202674866, 0.3567277789115906, -0.18679045140743256, -0.9153439998626709, 0.9227320551872253, -0.08265810459852219, 0.3764747083187103], "cam_t_m2c": [196.51364135742188, -7.7993059158325195, 544.0435180664062], "obj_id": 3}, {"cam_R_m2c": [0.8452759981155396, 0.15912529826164246, 0.5100858807563782, -0.13436384499073029, -0.8606524467468262, 0.49114495515823364, 0.5171603560447693, -0.48369014263153076, -0.7061081528663635], "cam_t_m2c": [195.29171752929688, -61.91633605957031, 639.7639770507812], "obj_id": 4}]
}