{
  "0": [{"cam_R_m2c": [-0.8819499015808105, -0.4294782876968384, 0.19419793784618378, -0.33216750621795654, 0.2740149199962616, -0.9025411605834961, 0.334408700466156, -0.860502302646637, -0.38432618975639343], "cam_t_m2c": [-189.23635864257812, 54.06669616699219, 420.03790283203125], "obj_id": 2}, {"cam_R_m2c": [-0.8819499015808105, -0.4294782876968384, 0.19419793784618378, -0.33216750621795654, 0.2740149199962616, -0.9025411605834961, 0.334408700466156, -0.860502302646637, -0.38432618975639343], "cam_t_m2c": [-189.23635864257812, 54.06669616699219, 420.03790283203125], "obj_id": 1}, {"cam_R_m2c": [-0.8819499015808105, -0.4294782876968384, 0.19419793784618378, -0.33216750621795654, 0.2740149199962616, -0.9025411605834961, 0.334408700466156, -0.860502302646637, -0.38432618975639343], "cam_t_m2c": [-189.23635864257812, 54.06669616699219, 420.03790283203125], "obj_id": 1}, {"cam_R_m2c": [-0.8819499015808105, -0.4294782876968384, 0.19419793784618378, -0.33216750621795654, 0.2740149199962616, -0.9025411605834961, 0.334408700466156, -0.860502302646637, -0.38432618975639343], "cam_t_m2c": [-189.23635864257812, 54.06669616699219, 420.03790283203125], "obj_id": 2}, {"cam_R_m2c": [-0.8819499015808105, -0.4294782876968384, 0.19419793784618378, -0.33216750621795654, 0.2740149199962616, -0.9025411605834961, 0.334408700466156, -0.860502302646637, -0.38432618975639343], "cam_t_m2c": [-189.23635864257812, 54.06669616699219, 420.03790283203125], "obj_id": 0}, {"cam_R_m2c": [-0.8819499015808105, -0.4294782876968384, 0.19419793784618378, -0.33216750621795654, 0.2740149199962616, -0.9025411605834961, 0.334408700466156, -0.860502302646637, -0.38432618975639343], "cam_t_m2c": [-189.23635864257812, 54.06669616699219, 420.03790283203125], "obj_id": 0}, {"cam_R_m2c": [-0.8819499015808105, -0.4294782876968384, 0.19419793784618378, -0.33216750621795654, 0.2740149199962616, -0.9025411605834961, 0.334408700466156, -0.860502302646637, -0.38432618975639343], "cam_t_m2c": [-189.23635864257812, 54.06669616699219, 420.03790283203125], "obj_id": 0}, {"cam_R_m2c": [-0.8819499015808105, -0.4294782876968384, 0.19419793784618378, -0.33216750621795654, 0.2740149199962616, -0.9025411605834961, 0.334408700466156, -0.860502302646637, -0.38432618975639343], "cam_t_m2c": [-189.23635864257812, 54.06669616699219, 420.03790283203125], "obj_id": 2}, {"cam_R_m2c": [-0.8819499015808105, -0.4294782876968384, 0.19419793784618378, -0.33216750621795654, 0.2740149199962616, -0.9025411605834961, 0.334408700466156, -0.860502302646637, -0.38432618975639343], "cam_t_m2c": [-189.23635864257812, 54.06669616699219, 420.03790283203125], "obj_id": 1}, {"cam_R_m2c": [-0.8819499015808105, -0.4294782876968384, 0.19419793784618378, -0.33216750621795654, 0.2740149199962616, -0.9025411605834961, 0.334408700466156, -0.860502302646637, -0.38432618975639343], "cam_t_m2c": [-189.23635864257812, 54.06669616699219, 420.03790283203125], "obj_id": 0}, {"cam_R_m2c": [-0.8819499015808105, -0.4294782876968384, 0.19419793784618378, -0.33216750621795654, 0.2740149199962616, -0.9025411605834961, 0.334408700466156, -0.860502302646637, -0.38432618975639343], "cam_t_m2c": [-189.23635864257812, 54.06669616699219, 420.03790283203125], "obj_id": 0}, {"cam_R_m2c": [-0.8819499015808105, -0.4294782876968384, 0.19419793784618378, -0.33216750621795654, 0.2740149199962616, -0.9025411605834961, 0.334408700466156, -0.860502302646637, -0.38432618975639343], "cam_t_m2c": [-189.23635864257812, 54.06669616699219, 420.03790283203125], "obj_id": 1}, {"cam_R_m2c": [0.11809093505144119, -0.860615611076355, 0.4953738749027252, 0.47421756386756897, 0.4871789515018463, 0.733331024646759, -0.8724518418312073, 0.14831523597240448, 0.46565043926239014], "cam_t_m2c": [-17.35713005065918, 100.68070983886719, 321.6309509277344], "obj_id": 1}, {"cam_R_m2c": [0.300503671169281, -0.8556578755378723, -0.4213635325431824, -0.2499924749135971, 0.35567614436149597, -0.9005544185638428, 0.9204354286193848, 0.3759576380252838, -0.10702604055404663], "cam_t_m2c": [9.61140251159668, 13.027379989624023, 591.4713134765625], "obj_id": 2}, {"cam_R_m2c": [-0.949272096157074, 0.0986894890666008, -0.29856783151626587, 0.006907412316650152, -0.9427016973495483, -0.33356496691703796, -0.31437981128692627, -0.3187062442302704, 0.8941988945007324], "cam_t_m2c": [103.0373764038086, 65.85332489013672, 559.165283203125], "obj_id": 3}, {"cam_R_m2c": [0.12161089479923248, 0.9838099479675293, -0.13163810968399048, 0.9208710789680481, -0.06233591586351395, 0.38485121726989746, 0.37041470408439636, -0.16802380979061127, -0.9135428667068481], "cam_t_m2c": [-269.3318786621094, -82.14710998535156, 607.560546875], "obj_id": 4}],
  "1": [{"cam_R_m2c": [-0.8819499015808105, -0.4294782876968384, 0.19419793784618378, -0.33216750621795654, 0.2740149199962616, -0.9025411605834961, 0.334408700466156, -0.860502302646637, -0.38432618975639343], "cam_t_m2c": [-189.23635864257812, 54.06669616699219, 420.03790283203125], "obj_id": 2}, {"cam_R_m2c": [-0.8819499015808105, -0.4294782876968384, 0.19419793784618378, -0.33216750621795654, 0.2740149199962616, -0.9025411605834961, 0.334408700466156, -0.860502302646637, -0.38432618975639343], "cam_t_m2c": [-189.23635864257812, 54.06669616699219, 420.03790283203125], "obj_id": 1}, {"cam_R_m2c": [-0.8819499015808105, -0.4294782876968384, 0.19419793784618378, -0.33216750621795654, 0.2740149199962616, -0.9025411605834961, 0.334408700466156, -0.860502302646637, -0.38432618975639343], "cam_t_m2c": [-189.23635864257812, 54.06669616699219, 420.03790283203125], "obj_id": 1}, {"cam_R_m2c": [-0.8819499015808105, -0.4294782876968384, 0.19419793784618378, -0.33216750621795654, 0.2740149199962616, -0.9025411605834961, 0.334408700466156, -0.860502302646637, -0.38432618975639343], "cam_t_m2c": [-189.23635864257812, 54.06669616699219, 420.03790283203125], "obj_id": 2}, {"cam_R_m2c": [-0.8819499015808105, -0.4294782876968384, 0.19419793784618378, -0.33216750621795654, 0.2740149199962616, -0.9025411605834961, 0.334408700466156, -0.860502302646637, -0.38432618975639343], "cam_t_m2c": [-189.23635864257812, 54.06669616699219, 420.03790283203125], "obj_id": 0}, {"cam_R_m2c": [-0.8819499015808105, -0.4294782876968384, 0.19419793784618378, -0.33216750621795654, 0.2740149199962616, -0.9025411605834961, 0.334408700466156, -0.860502302646637, -0.38432618975639343], "cam_t_m2c": [-189.23635864257812, 54.06669616699219, 420.03790283203125], "obj_id": 0}, {"cam_R_m2c": [-0.8819499015808105, -0.4294782876968384, 0.19419793784618378, -0.33216750621795654, 0.2740149199962616, -0.9025411605834961, 0.334408700466156, -0.860502302646637, -0.38432618975639343], "cam_t_m2c": [-189.23635864257812, 54.06669616699219, 420.03790283203125], "obj_id": 0}, {"cam_R_m2c": [-0.8819499015808105, -0.4294782876968384, 0.19419793784618378, -0.33216750621795654, 0.2740149199962616, -0.9025411605834961, 0.334408700466156, -0.860502302646637, -0.38432618975639343], "cam_t_m2c": [-189.23635864257812, 54.06669616699219, 420.03790283203125], "obj_id": 2}, {"cam_R_m2c": [-0.8819499015808105, -0.4294782876968384, 0.19419793784618378, -0.33216750621795654, 0.2740149199962616, -0.9025411605834961, 0.334408700466156, -0.860502302646637, -0.38432618975639343], "cam_t_m2c": [-189.23635864257812, 54.06669616699219, 420.03790283203125], "obj_id": 1}, {"cam_R_m2c": [-0.8819499015808105, -0.4294782876968384, 0.19419793784618378, -0.33216750621795654, 0.2740149199962616, -0.9025411605834961, 0.334408700466156, -0.860502302646637, -0.38432618975639343], "cam_t_m2c": [-189.23635864257812, 54.06669616699219, 420.03790283203125], "obj_id": 0}, {"cam_R_m2c": [-0.8819499015808105, -0.4294782876968384, 0.19419793784618378, -0.33216750621795654, 0.2740149199962616, -0.9025411605834961, 0.334408700466156, -0.860502302646637, -0.38432618975639343], "cam_t_m2c": [-189.23635864257812, 54.06669616699219, 420.03790283203125], "obj_id": 0}, {"cam_R_m2c": [-0.8819499015808105, -0.4294782876968384, 0.19419793784618378, -0.33216750621795654, 0.2740149199962616, -0.9025411605834961, 0.334408700466156, -0.860502302646637, -0.38432618975639343], "cam_t_m2c": [-189.23635864257812, 54.06669616699219, 420.03790283203125], "obj_id": 1}, {"cam_R_m2c": [0.11809093505144119, -0.860615611076355, 0.4953738749027252, 0.47421756386756897, 0.4871789515018463, 0.733331024646759, -0.8724518418312073, 0.14831523597240448, 0.46565043926239014], "cam_t_m2c": [-17.35713005065918, 100.68070983886719, 321.6309509277344], "obj_id": 1}, {"cam_R_m2c": [0.300503671169281, -0.8556578755378723, -0.4213635325431824, -0.2499924749135971, 0.35567614436149597, -0.9005544185638428, 0.9204354286193848, 0.3759576380252838, -0.10702604055404663], "cam_t_m2c": [9.61140251159668, 13.027379989624023, 591.4713134765625], "obj_id": 2}, {"cam_R_m2c": [-0.949272096157074, 0.0986894890666008, -0.29856783151626587, 0.006907412316650152, -0.9427016973495483, -0.33356496691703796, -0.31437981128692627, -0.3187062442302704, 0.8941988945007324], "cam_t_m2c": [103.0373764038086, 65.85332489013672, 559.165283203125], "obj_id": 3}, {"cam_R_m2c": [0.12161089479923248, 0.9838099479675293, -0.13163810968399048, 0.9208710789680481, -0.06233591586351395, 0.38485121726989746, 0.37041470408439636, -0.16802380979061127, -0.9135428667068481], "cam_t_m2c": [-269.3318786621094, -82.14710998535156, 607.560546875], "obj_id": 4}],
  "2": [{"cam_R_m2c": [0.3407725989818573, -0.9330414533615112, 0.11535828560590744, -0.10676460713148117, -0.16031500697135925, -0.9812747836112976, 0.9340638518333435, 0.32207533717155457, -0.1542467176914215], "cam_t_m2c": [-223.91807556152344, -42.039512634277344, 1120.8475341796875], "obj_id": 2}, {"cam_R_m2c": [0.3407725989818573, -0.9330414533615112, 0.11535828560590744, -0.10676460713148117, -0.16031500697135925, -0.9812747836112976, 0.9340638518333435, 0.32207533717155457, -0.1542467176914215], "cam_t_m2c": [-223.91807556152344, -42.039512634277344, 1120.8475341796875], "obj_id": 1}, {"cam_R_m2c": [0.3407725989818573, -0.9330414533615112, 0.11535828560590744, -0.10676460713148117, -0.16031500697135925, -0.9812747836112976, 0.9340638518333435, 0.32207533717155457, -0.1542467176914215], "cam_t_m2c": [-223.91807556152344, -42.039512634277344, 1120.8475341796875], "obj_id": 1}, {"cam_R_m2c": [0.3407725989818573, -0.9330414533615112, 0.11535828560590744, -0.10676460713148117, -0.16031500697135925, -0.9812747836112976, 0.9340638518333435, 0.32207533717155457, -0.1542467176914215], "cam_t_m2c": [-223.91807556152344, -42.039512634277344, 1120.8475341796875], "obj_id": 2}, {"cam_R_m2c": [0.3407725989818573, -0.9330414533615112, 0.11535828560590744, -0.10676460713148117, -0.16031500697135925, -0.9812747836112976, 0.9340638518333435, 0.32207533717155457, -0.1542467176914215], "cam_t_m2c": [-223.91807556152344, -42.039512634277344, 1120.8475341796875], "obj_id": 0}, {"cam_R_m2c": [0.3407725989818573, -0.9330414533615112, 0.11535828560590744, -0.10676460713148117, -0.16031500697135925, -0.9812747836112976, 0.9340638518333435, 0.32207533717155457, -0.1542467176914215], "cam_t_m2c": [-223.91807556152344, -42.039512634277344, 1120.8475341796875], "obj_id": 0}, {"cam_R_m2c": [0.3407725989818573, -0.9330414533615112, 0.11535828560590744, -0.10676460713148117, -0.16031500697135925, -0.9812747836112976, 0.9340638518333435, 0.32207533717155457, -0.1542467176914215], "cam_t_m2c": [-223.91807556152344, -42.039512634277344, 1120.8475341796875], "obj_id": 0}, {"cam_R_m2c": [0.3407725989818573, -0.9330414533615112, 0.11535828560590744, -0.10676460713148117, -0.16031500697135925, -0.9812747836112976, 0.9340638518333435, 0.32207533717155457, -0.1542467176914215], "cam_t_m2c": [-223.91807556152344, -42.039512634277344, 1120.8475341796875], "obj_id": 2}, {"cam_R_m2c": [0.3407725989818573, -0.9330414533615112, 0.11535828560590744, -0.10676460713148117, -0.16031500697135925, -0.9812747836112976, 0.9340638518333435, 0.32207533717155457, -0.1542467176914215], "cam_t_m2c": [-223.91807556152344, -42.039512634277344, 1120.8475341796875], "obj_id": 1}, {"cam_R_m2c": [0.3407725989818573, -0.9330414533615112, 0.11535828560590744, -0.10676460713148117, -0.16031500697135925, -0.9812747836112976, 0.9340638518333435, 0.32207533717155457, -0.1542467176914215], "cam_t_m2c": [-223.91807556152344, -42.039512634277344, 1120.8475341796875], "obj_id": 0}, {"cam_R_m2c": [0.3407725989818573, -0.9330414533615112, 0.11535828560590744, -0.10676460713148117, -0.16031500697135925, -0.9812747836112976, 0.9340638518333435, 0.32207533717155457, -0.1542467176914215], "cam_t_m2c": [-223.91807556152344, -42.039512634277344, 1120.8475341796875], "obj_id": 0}, {"cam_R_m2c": [0.3407725989818573, -0.9330414533615112, 0.11535828560590744, -0.10676460713148117, -0.16031500697135925, -0.9812747836112976, 0.9340638518333435, 0.32207533717155457, -0.1542467176914215], "cam_t_m2c": [-223.91807556152344, -42.039512634277344, 1120.8475341796875], "obj_id": 1}, {"cam_R_m2c": [-0.9710381627082825, -0.20651179552078247, 0.12015728652477264, -0.005515289958566427, 0.5221495032310486, 0.8528361320495605, -0.23886078596115112, 0.8274737000465393, -0.5081660747528076], "cam_t_m2c": [-310.7572937011719, -53.05998229980469, 937.1719360351562], "obj_id": 1}, {"cam_R_m2c": [0.9581618905067444, 0.05491304397583008, 0.28090977668762207, 0.2136707901954651, 0.5157886147499084, -0.829642653465271, -0.19044826924800873, 0.8549542427062988, 0.4824756681919098], "cam_t_m2c": [-30.556058883666992, -1.3347827196121216, 943.1727294921875], "obj_id": 2}, {"cam_R_m2c": [-0.3939265310764313, 0.17989970743656158, 0.9013645648956299, -0.11849656701087952, -0.9824150204658508, 0.1442892700433731, 0.9114716649055481, -0.04996923729777336, 0.4083167314529419], "cam_t_m2c": [-72.27665710449219, 26.942279815673828, 843.0604858398438], "obj_id": 3}, {"cam_R_m2c": [-0.09745409339666367, 0.003476174781098962, -0.9952338933944702, 0.981984555721283, -0.16232910752296448, -0.09672374278306961, -0.16189171373844147, -0.9867305159568787, 0.012406145222485065], "cam_t_m2c": [-5.695415019989014, -69.42220306396484, 1229.306396484375], "obj_id": 4}],
  "3": [{"cam_R_m2c": [0.3407725989818573, -0.9330414533615112, 0.11535828560590744, -0.10676460713148117, -0.16031500697135925, -0.9812747836112976, 0.9340638518333435, 0.32207533717155457, -0.1542467176914215], "cam_t_m2c": [-223.91807556152344, -42.039512634277344, 1120.8475341796875], "obj_id": 2}, {"cam_R_m2c": [0.3407725989818573, -0.9330414533615112, 0.11535828560590744, -0.10676460713148117, -0.16031500697135925, -0.9812747836112976, 0.9340638518333435, 0.32207533717155457, -0.1542467176914215], "cam_t_m2c": [-223.91807556152344, -42.039512634277344, 1120.8475341796875], "obj_id": 1}, {"cam_R_m2c": [0.3407725989818573, -0.9330414533615112, 0.11535828560590744, -0.10676460713148117, -0.16031500697135925, -0.9812747836112976, 0.9340638518333435, 0.32207533717155457, -0.1542467176914215], "cam_t_m2c": [-223.91807556152344, -42.039512634277344, 1120.8475341796875], "obj_id": 1}, {"cam_R_m2c": [0.3407725989818573, -0.9330414533615112, 0.11535828560590744, -0.10676460713148117, -0.16031500697135925, -0.9812747836112976, 0.9340638518333435, 0.32207533717155457, -0.1542467176914215], "cam_t_m2c": [-223.91807556152344, -42.039512634277344, 1120.8475341796875], "obj_id": 2}, {"cam_R_m2c": [0.3407725989818573, -0.9330414533615112, 0.11535828560590744, -0.10676460713148117, -0.16031500697135925, -0.9812747836112976, 0.9340638518333435, 0.32207533717155457, -0.1542467176914215], "cam_t_m2c": [-223.91807556152344, -42.039512634277344, 1120.8475341796875], "obj_id": 0}, {"cam_R_m2c": [0.3407725989818573, -0.9330414533615112, 0.11535828560590744, -0.10676460713148117, -0.16031500697135925, -0.9812747836112976, 0.9340638518333435, 0.32207533717155457, -0.1542467176914215], "cam_t_m2c": [-223.91807556152344, -42.039512634277344, 1120.8475341796875], "obj_id": 0}, {"cam_R_m2c": [0.3407725989818573, -0.9330414533615112, 0.11535828560590744, -0.10676460713148117, -0.16031500697135925, -0.9812747836112976, 0.9340638518333435, 0.32207533717155457, -0.1542467176914215], "cam_t_m2c": [-223.91807556152344, -42.039512634277344, 1120.8475341796875], "obj_id": 0}, {"cam_R_m2c": [0.3407725989818573, -0.9330414533615112, 0.11535828560590744, -0.10676460713148117, -0.16031500697135925, -0.9812747836112976, 0.9340638518333435, 0.32207533717155457, -0.1542467176914215], "cam_t_m2c": [-223.91807556152344, -42.039512634277344, 1120.8475341796875], "obj_id": 2}, {"cam_R_m2c": [0.3407725989818573, -0.9330414533615112, 0.11535828560590744, -0.10676460713148117, -0.16031500697135925, -0.9812747836112976, 0.9340638518333435, 0.32207533717155457, -0.1542467176914215], "cam_t_m2c": [-223.91807556152344, -42.039512634277344, 1120.8475341796875], "obj_id": 1}, {"cam_R_m2c": [0.3407725989818573, -0.9330414533615112, 0.11535828560590744, -0.10676460713148117, -0.16031500697135925, -0.9812747836112976, 0.9340638518333435, 0.32207533717155457, -0.1542467176914215], "cam_t_m2c": [-223.91807556152344, -42.039512634277344, 1120.8475341796875], "obj_id": 0}, {"cam_R_m2c": [0.3407725989818573, -0.9330414533615112, 0.11535828560590744, -0.10676460713148117, -0.16031500697135925, -0.9812747836112976, 0.9340638518333435, 0.32207533717155457, -0.1542467176914215], "cam_t_m2c": [-223.91807556152344, -42.039512634277344, 1120.8475341796875], "obj_id": 0}, {"cam_R_m2c": [0.3407725989818573, -0.9330414533615112, 0.11535828560590744, -0.10676460713148117, -0.16031500697135925, -0.9812747836112976, 0.9340638518333435, 0.32207533717155457, -0.1542467176914215], "cam_t_m2c": [-223.91807556152344, -42.039512634277344, 1120.8475341796875], "obj_id": 1}, {"cam_R_m2c": [-0.9710381627082825, -0.20651179552078247, 0.12015728652477264, -0.005515289958566427, 0.5221495032310486, 0.8528361320495605, -0.23886078596115112, 0.8274737000465393, -0.5081660747528076], "cam_t_m2c": [-310.7572937011719, -53.05998229980469, 937.1719360351562], "obj_id": 1}, {"cam_R_m2c": [0.9581618905067444, 0.05491304397583008, 0.28090977668762207, 0.2136707901954651, 0.5157886147499084, -0.829642653465271, -0.19044826924800873, 0.8549542427062988, 0.4824756681919098], "cam_t_m2c": [-30.556058883666992, -1.3347827196121216, 943.1727294921875], "obj_id": 2}, {"cam_R_m2c": [-0.3939265310764313, 0.17989970743656158, 0.9013645648956299, -0.11849656701087952, -0.9824150204658508, 0.1442892700433731, 0.9114716649055481, -0.04996923729777336, 0.4083167314529419], "cam_t_m2c": [-72.27665710449219, 26.942279815673828, 843.0604858398438], "obj_id": 3}, {"cam_R_m2c": [-0.09745409339666367, 0.003476174781098962, -0.9952338933944702, 0.981984555721283, -0.16232910752296448, -0.09672374278306961, -0.16189171373844147, -0.9867305159568787, 0.012406145222485065], "cam_t_m2c": [-5.695415019989014, -69.42220306396484, 1229.306396484375], "obj_id": 4}],
  "4": [{"cam_R_m2c": [0.18360108137130737, 0.9807776808738708, 0.06607358902692795, 0.6161384582519531, -0.06244569271802902, -0.7851584553718567, -0.7659398913383484, 0.18486636877059937, -0.6157599091529846], "cam_t_m2c": [275.94390869140625, 40.54554748535156, 804.419189453125], "obj_id": 2}, {"cam_R_m2c": [0.18360108137130737, 0.9807776808738708, 0.06607358902692795, 0.6161384582519531, -0.06244569271802902, -0.7851584553718567, -0.7659398913383484, 0.18486636877059937, -0.6157599091529846], "cam_t_m2c": [275.94390869140625, 40.54554748535156, 804.419189453125], "obj_id": 1}, {"cam_R_m2c": [0.18360108137130737, 0.9807776808738708, 0.06607358902692795, 0.6161384582519531, -0.06244569271802902, -0.7851584553718567, -0.7659398913383484, 0.18486636877059937, -0.6157599091529846], "cam_t_m2c": [275.94390869140625, 40.54554748535156, 804.419189453125], "obj_id": 1}, {"cam_R_m2c": [0.18360108137130737, 0.9807776808738708, 0.06607358902692795, 0.6161384582519531, -0.06244569271802902, -0.7851584553718567, -0.7659398913383484, 0.18486636877059937, -0.6157599091529846], "cam_t_m2c": [275.94390869140625, 40.54554748535156, 804.419189453125], "obj_id": 2}, {"cam_R_m2c": [0.18360108137130737, 0.9807776808738708, 0.06607358902692795, 0.6161384582519531, -0.06244569271802902, -0.7851584553718567, -0.7659398913383484, 0.18486636877059937, -0.6157599091529846], "cam_t_m2c": [275.94390869140625, 40.54554748535156, 804.419189453125], "obj_id": 0}, {"cam_R_m2c": [0.18360108137130737, 0.9807776808738708, 0.06607358902692795, 0.6161384582519531, -0.06244569271802902, -0.7851584553718567, -0.7659398913383484, 0.18486636877059937, -0.6157599091529846], "cam_t_m2c": [275.94390869140625, 40.54554748535156, 804.419189453125], "obj_id": 0}, {"cam_R_m2c": [0.18360108137130737, 0.9807776808738708, 0.06607358902692795, 0.6161384582519531, -0.06244569271802902, -0.7851584553718567, -0.7659398913383484, 0.18486636877059937, -0.6157599091529846], "cam_t_m2c": [275.94390869140625, 40.54554748535156, 804.419189453125], "obj_id": 0}, {"cam_R_m2c": [0.18360108137130737, 0.9807776808738708, 0.06607358902692795, 0.6161384582519531, -0.06244569271802902, -0.7851584553718567, -0.7659398913383484, 0.18486636877059937, -0.6157599091529846], "cam_t_m2c": [275.94390869140625, 40.54554748535156, 804.419189453125], "obj_id": 2}, {"cam_R_m2c": [0.18360108137130737, 0.9807776808738708, 0.06607358902692795, 0.6161384582519531, -0.06244569271802902, -0.7851584553718567, -0.7659398913383484, 0.18486636877059937, -0.6157599091529846], "cam_t_m2c": [275.94390869140625, 40.54554748535156, 804.419189453125], "obj_id": 1}, {"cam_R_m2c": [0.18360108137130737, 0.9807776808738708, 0.06607358902692795, 0.6161384582519531, -0.06244569271802902, -0.7851584553718567, -0.7659398913383484, 0.18486636877059937, -0.6157599091529846], "cam_t_m2c": [275.94390869140625, 40.54554748535156, 804.419189453125], "obj_id": 0}, {"cam_R_m2c": [0.18360108137130737, 0.9807776808738708, 0.06607358902692795, 0.6161384582519531, -0.06244569271802902, -0.7851584553718567, -0.7659398913383484, 0.18486636877059937, -0.6157599091529846], "cam_t_m2c": [275.94390869140625, 40.54554748535156, 804.419189453125], "obj_id": 0}, {"cam_R_m2c": [0.18360108137130737, 0.9807776808738708, 0.06607358902692795, 0.6161384582519531, -0.06244569271802902, -0.7851584553718567, -0.7659398913383484, 0.18486636877059937, -0.6157599091529846], "cam_t_m2c": [275.94390869140625, 40.54554748535156, 804.419189453125], "obj_id": 1}, {"cam_R_m2c": [0.7077991366386414, 0.4431569576263428, -0.5501202344894409, -0.3380409777164459, 0.896278440952301, 0.28707706928253174, 0.6202811002731323, -0.017229735851287842, 0.7841903567314148], "cam_t_m2c": [264.33148193359375, -107.01605224609375, 944.0256958007812], "obj_id": 1}, {"cam_R_m2c": [-0.9520860314369202, 0.23692502081394196, 0.1933870017528534, 0.1940879076719284, 0.9567660689353943, -0.2166299968957901, -0.23635119199752808, -0.16871632635593414, -0.9569079279899597], "cam_t_m2c": [17.947404861450195, -16.210559844970703, 833.239990234375], "obj_id": 2}, {"cam_R_m2c": [0.7964159250259399, 0.06157680228352547, -0.6016061305999756, 0.4619484543800354, -0.7039626836776733, 0.5394814610481262, -0.39028871059417725, -0.7075626850128174, -0.5890924334526062], "cam_t_m2c": [-1.4082304239273071, -71.13997650146484, 929.0042114257812], "obj_id": 3}, {"cam_R_m2c": [-0.2322300672531128, -0.4345623850822449, 0.8701866269111633, 0.5749759674072266, -0.7829285860061646, -0.23754055798053741, 0.784520149230957, 0.4451723098754883, 0.43168243765830994], "cam_t_m2c": [149.93646240234375, 133.11676025390625, 615.5093383789062], "obj_id": 4}]
}