{
  "0": [{"cam_R_m2c": [-0.9209749698638916, 0.22465673089027405, 0.31833070516586304, 0.31820958852767944, 0.9051628708839417, 0.2818206250667572, -0.22482822835445404, 0.3608456254005432, -0.9051202535629272], "cam_t_m2c": [227.40013122558594, 6.0141987800598145, 1123.3983154296875], "obj_id": 3}, {"cam_R_m2c": [0.5152716636657715, 0.21867457032203674, -0.8286594748497009, 0.2995747923851013, -0.9518622756004333, -0.06490690261125565, -0.8029632568359375, -0.21480080485343933, -0.5559769868850708], "cam_t_m2c": [426.5251770019531, -194.41567993164062, 1221.7113037109375], "obj_id": 3}, {"cam_R_m2c": [-0.5320184826850891, -0.7956919074058533, 0.289535254240036, 0.8421053886413574, -0.46151646971702576, 0.2790357768535614, -0.08840121328830719, 0.39227139949798584, 0.915591835975647], "cam_t_m2c": [285.9831237792969, -200.32864379882812, 1377.181884765625], "obj_id": 3}, {"cam_R_m2c": [0.9624180197715759, 0.05060810595750809, -0.266815185546875, 0.07473857700824738, -0.993902325630188, 0.08106820285320282, -0.261085569858551, -0.097962886095047, -0.960331916809082], "cam_t_m2c": [447.85302734375, -167.32980346679688, 1173.3260498046875], "obj_id": 3}, {"cam_R_m2c": [-0.1523687094449997, 0.09575240314006805, 0.9836744070053101, -0.7623866200447083, -0.6447521448135376, -0.05533057823777199, 0.6289280652999878, -0.7583708167076111, 0.17124031484127045], "cam_t_m2c": [483.1351318359375, -49.28620147705078, 1095.75390625], "obj_id": 3}, {"cam_R_m2c": [-0.5764481425285339, -0.23738475143909454, 0.7818924784660339, -0.4444582164287567, -0.7118573784828186, -0.5437975525856018, 0.6856852769851685, -0.6609897017478943, 0.30484139919281006], "cam_t_m2c": [308.34393310546875, 115.69342803955078, 1227.2408447265625], "obj_id": 3}, {"cam_R_m2c": [-0.3332700729370117, -0.22546514868736267, -0.9154762029647827, 0.8405396342277527, 0.3688156306743622, -0.3968226909637451, 0.4271116852760315, -0.9017430543899536, 0.0665971040725708], "cam_t_m2c": [194.19931030273438, 113.74089050292969, 1263.8974609375], "obj_id": 3}, {"cam_R_m2c": [0.2774773836135864, -0.846807062625885, 0.45378848910331726, 0.8734335899353027, 0.0256196279078722, -0.4862688183784485, 0.40015000104904175, 0.5312827229499817, 0.7467386722564697], "cam_t_m2c": [203.16006469726562, 40.46597671508789, 1130.62646484375], "obj_id": 3}, {"cam_R_m2c": [0.972562313079834, -0.058713655918836594, -0.22511163353919983, 0.2325715571641922, 0.22147957980632782, 0.9470254778862, -0.0057457019574940205, -0.973395824432373, 0.22905783355236053], "cam_t_m2c": [446.4094543457031, -251.74134826660156, 1177.170654296875], "obj_id": 3}, {"cam_R_m2c": [0.9366777539253235, 0.2645885944366455, -0.22940713167190552, -0.15806367993354797, -0.26512932777404785, -0.9511688947677612, -0.3124909996986389, 0.92719966173172, -0.20651890337467194], "cam_t_m2c": [396.132568359375, -143.68797302246094, 1259.7191162109375], "obj_id": 3}, {"cam_R_m2c": [0.40924328565597534, -0.15760654211044312, 0.8987102508544922, -0.41641485691070557, -0.9086707234382629, 0.030268410220742226, 0.8118612170219421, -0.38662344217300415, -0.4374971091747284], "cam_t_m2c": [264.4163818359375, -0.19216234982013702, 1468.83154296875], "obj_id": 3}, {"cam_R_m2c": [-0.7136937975883484, -0.507796585559845, -0.4824768900871277, 0.5379294157028198, 0.04382888227701187, -0.8418497443199158, 0.44863489270210266, -0.8603613972663879, 0.24187825620174408], "cam_t_m2c": [283.6929626464844, 77.31735229492188, 1267.19921875], "obj_id": 3}, {"cam_R_m2c": [0.08654661476612091, -0.8109269142150879, -0.578711748123169, 0.6480839848518372, -0.39535051584243774, 0.6509109735488892, -0.7566351890563965, -0.4313879907131195, 0.491332471370697], "cam_t_m2c": [127.37716674804688, 139.63980102539062, 1185.02197265625], "obj_id": 3}, {"cam_R_m2c": [0.45464664697647095, -0.890519917011261, 0.016453400254249573, 0.5543938279151917, 0.2684858441352844, -0.7877581119537354, 0.6970967650413513, 0.3672732412815094, 0.6157649159431458], "cam_t_m2c": [110.82785034179688, 117.75657653808594, 1111.6248779296875], "obj_id": 3}, {"cam_R_m2c": [-0.8198283314704895, -0.33324167132377625, -0.46565160155296326, -0.2651248872280121, -0.4998800754547119, 0.8245172500610352, -0.5075334906578064, 0.7994184494018555, 0.32146522402763367], "cam_t_m2c": [268.8299255371094, 44.752952575683594, 1385.0091552734375], "obj_id": 3}, {"cam_R_m2c": [0.7650165557861328, 0.4553259611129761, -0.4554425776004791, 0.1923726201057434, -0.8364755511283875, -0.5131289958953857, -0.6146075129508972, 0.3049375116825104, -0.7275098562240601], "cam_t_m2c": [409.1168518066406, 97.50829315185547, 1328.05615234375], "obj_id": 3}, {"cam_R_m2c": [0.26014411449432373, -0.9170565009117126, -0.3022129237651825, 0.3847023844718933, -0.1886356621980667, 0.9035601615905762, -0.8856236934661865, -0.3513179421424866, 0.30372121930122375], "cam_t_m2c": [267.1997985839844, -255.34739685058594, 1247.218994140625], "obj_id": 3}, {"cam_R_m2c": [0.8494806885719299, 0.0017573961522430182, -0.5276167988777161, -0.42954474687576294, 0.5829997062683105, -0.6896395087242126, 0.3063884377479553, 0.8124704360961914, 0.49600183963775635], "cam_t_m2c": [150.17379760742188, 45.30766296386719, 1238.8404541015625], "obj_id": 3}, {"cam_R_m2c": [-0.2802102565765381, -0.04200384020805359, -0.959019124507904, -0.8622318506240845, -0.42812079191207886, 0.270681768655777, -0.42194581031799316, 0.902744710445404, 0.08374691009521484], "cam_t_m2c": [374.1803894042969, -297.0727233886719, 1303.5013427734375], "obj_id": 3}, {"cam_R_m2c": [0.5733255743980408, -0.36496809124946594, 0.7335503101348877, -0.06581846624612808, -0.912929892539978, -0.4027738571166992, 0.8166796565055847, 0.18263937532901764, -0.5474276542663574], "cam_t_m2c": [111.30213928222656, -250.89976501464844, 1218.1025390625], "obj_id": 3}, {"cam_R_m2c": [0.41758477687835693, -0.8900346159934998, 0.1829243302345276, 0.39401912689208984, -0.004031437914818525, -0.9190933108329773, 0.8187623620033264, 0.45587506890296936, 0.349007248878479], "cam_t_m2c": [474.02105712890625, -188.71499633789062, 1057.93603515625], "obj_id": 3}, {"cam_R_m2c": [0.1383628100156784, -0.9878103733062744, -0.07131817936897278, -0.7277933359146118, -0.052574481815099716, -0.6837782263755798, 0.671693742275238, 0.14651434123516083, -0.7261961698532104], "cam_t_m2c": [148.78732299804688, -147.96482849121094, 1328.3487548828125], "obj_id": 3}, {"cam_R_m2c": [0.8268216252326965, -0.5620061159133911, 0.02269536629319191, -0.3441602885723114, -0.47358837723731995, 0.8107204437255859, -0.4448815882205963, -0.6781320571899414, -0.584993302822113], "cam_t_m2c": [161.3925018310547, 130.63357543945312, 1272.783447265625], "obj_id": 3}, {"cam_R_m2c": [0.27587929368019104, 0.43127116560935974, -0.8590086102485657, -0.9315303564071655, 0.3402656018733978, -0.12833769619464874, 0.23694276809692383, 0.8355982899665833, 0.4956143796443939], "cam_t_m2c": [238.3193359375, 151.8944549560547, 1225.818115234375], "obj_id": 3}, {"cam_R_m2c": [-0.198619544506073, 0.016362447291612625, -0.9799399971961975, -0.7286040782928467, 0.6662716269493103, 0.15880244970321655, 0.655504584312439, 0.7455295920372009, -0.12041280418634415], "cam_t_m2c": [154.09494018554688, 84.97655487060547, 1228.311279296875], "obj_id": 3}, {"cam_R_m2c": [-0.029777497053146362, -0.8162314891815186, -0.5769570469856262, -0.8823707103729248, 0.29265162348747253, -0.3684791326522827, 0.46961167454719543, 0.4981176257133484, -0.7289332151412964], "cam_t_m2c": [318.4623718261719, -181.6397247314453, 1032.9595947265625], "obj_id": 3}, {"cam_R_m2c": [0.855591893196106, -0.4992172420024872, 0.13691091537475586, -0.514679491519928, -0.8486855626106262, 0.12180985510349274, 0.05538474768400192, -0.17468476295471191, -0.9830653667449951], "cam_t_m2c": [141.2040252685547, -93.9479751586914, 1273.3817138671875], "obj_id": 3}, {"cam_R_m2c": [0.34549373388290405, -0.8348382711410522, 0.4285779595375061, -0.38560760021209717, -0.5426599979400635, -0.7462082505226135, 0.8555353879928589, 0.09254729747772217, -0.5094055533409119], "cam_t_m2c": [248.9749298095703, -297.77581787109375, 1373.7818603515625], "obj_id": 3}, {"cam_R_m2c": [0.3699491322040558, -0.7135044932365417, -0.5950201153755188, -0.1344718635082245, -0.6748385429382324, 0.7256101369857788, -0.9192686676979065, -0.18842536211013794, -0.3456021845340729], "cam_t_m2c": [226.29039001464844, 23.22614860534668, 1507.835205078125], "obj_id": 1}, {"cam_R_m2c": [-0.7444666624069214, -0.2193160057067871, 0.6306108236312866, 0.19103270769119263, -0.9749923944473267, -0.11356282979249954, 0.6397468447685242, 0.035923559218645096, 0.7677457332611084], "cam_t_m2c": [406.1309814453125, -73.41117858886719, 1118.7886962890625], "obj_id": 1}, {"cam_R_m2c": [0.19850745797157288, 0.7855395078659058, -0.5861078500747681, 0.6791313886642456, 0.3209274411201477, 0.6601409316062927, 0.7066649198532104, -0.5290871262550354, -0.46977806091308594], "cam_t_m2c": [153.44601440429688, 19.75574493408203, 1152.3865966796875], "obj_id": 1}, {"cam_R_m2c": [-0.022469036281108856, 0.4045563340187073, -0.9142369627952576, -0.9521551132202148, -0.2874486744403839, -0.10379710048437119, -0.3047880232334137, 0.8681632280349731, 0.39165911078453064], "cam_t_m2c": [405.5565185546875, -167.15655517578125, 1046.6893310546875], "obj_id": 1}, {"cam_R_m2c": [-0.9434939622879028, -0.3070201277732849, 0.12473101913928986, -0.15726305544376373, 0.7461209297180176, 0.6469713449478149, -0.2916976511478424, 0.5907979607582092, -0.7522435188293457], "cam_t_m2c": [179.56239318847656, 43.199928283691406, 1479.431640625], "obj_id": 1}, {"cam_R_m2c": [-0.6158632636070251, 0.6548880934715271, 0.4379885196685791, -0.7639151811599731, -0.6323672533035278, -0.12862789630889893, 0.19273273646831512, -0.4138033092021942, 0.8897308111190796], "cam_t_m2c": [68.65680694580078, -188.3177032470703, 1380.620361328125], "obj_id": 1}, {"cam_R_m2c": [0.2989158034324646, -0.9227553009986877, -0.24325259029865265, 0.45079463720321655, -0.08813098073005676, 0.8882661461830139, -0.8410905599594116, -0.3751736879348755, 0.3896295726299286], "cam_t_m2c": [98.5083999633789, 69.11515045166016, 1408.97216796875], "obj_id": 1}, {"cam_R_m2c": [0.7670660614967346, -0.4044764041900635, 0.4980044960975647, 0.20655399560928345, 0.8905953764915466, 0.4051855802536011, -0.6074085235595703, -0.20793931186199188, 0.7666916847229004], "cam_t_m2c": [413.1689758300781, -140.31178283691406, 1266.051025390625], "obj_id": 1}, {"cam_R_m2c": [0.8624333739280701, 0.4977605640888214, 0.09188596904277802, -0.486034631729126, 0.8650581240653992, -0.12427712976932526, -0.14134696125984192, 0.06252097338438034, 0.9879838824272156], "cam_t_m2c": [309.3720703125, -206.5009307861328, 1304.8426513671875], "obj_id": 1}, {"cam_R_m2c": [0.3318450152873993, 0.11821751296520233, -0.935897171497345, -0.42540785670280457, 0.9042606353759766, -0.036617301404476166, 0.8419662117958069, 0.4102892577648163, 0.3503650426864624], "cam_t_m2c": [196.34765625, 1.9259629249572754, 1498.5078125], "obj_id": 1}, {"cam_R_m2c": [0.7690291404724121, 0.49098891019821167, 0.40929707884788513, 0.5576928853988647, -0.8282718062400818, -0.05426334589719772, 0.3123665153980255, 0.2699921727180481, -0.9107862114906311], "cam_t_m2c": [238.97840881347656, -26.43112564086914, 1084.8463134765625], "obj_id": 1}, {"cam_R_m2c": [-0.7962570786476135, -0.3274565637111664, -0.5086717009544373, 0.24531374871730804, 0.5938289761543274, -0.7662821412086487, 0.5529881119728088, -0.7349417209625244, -0.39251092076301575], "cam_t_m2c": [406.4898376464844, 47.75083923339844, 1273.834228515625], "obj_id": 1}, {"cam_R_m2c": [-0.9646023511886597, -0.20801295340061188, 0.16208815574645996, 0.20955277979373932, -0.23148085176944733, 0.950002133846283, -0.16009244322776794, 0.9503404498100281, 0.26687687635421753], "cam_t_m2c": [61.34065628051758, 30.517578125, 1473.2486572265625], "obj_id": 1}, {"cam_R_m2c": [-0.3982760012149811, -0.8531920313835144, 0.33680781722068787, 0.9087335467338562, -0.4169746935367584, 0.01831101067364216, 0.12481755018234253, 0.31336140632629395, 0.9413953423500061], "cam_t_m2c": [314.5362548828125, -310.285400390625, 1328.5802001953125], "obj_id": 1}, {"cam_R_m2c": [0.09752251207828522, -0.3556321859359741, 0.9295240640640259, -0.2962990701198578, -0.9019986987113953, -0.31401440501213074, 0.950103223323822, -0.24479368329048157, -0.19333860278129578], "cam_t_m2c": [316.4635925292969, 148.94688415527344, 1219.764892578125], "obj_id": 1}, {"cam_R_m2c": [0.10355745255947113, -0.7133412957191467, 0.6931234002113342, 0.7950600981712341, -0.3593488931655884, -0.4886183440685272, 0.5976247787475586, 0.6016748547554016, 0.529935896396637], "cam_t_m2c": [387.487548828125, 32.942378997802734, 1187.684814453125], "obj_id": 1}, {"cam_R_m2c": [-0.5535114407539368, -0.6611161828041077, -0.5065080523490906, -0.026699326932430267, 0.6219417452812195, -0.7826082110404968, 0.8324134349822998, -0.41965919733047485, -0.36190319061279297], "cam_t_m2c": [149.47750854492188, 37.86821365356445, 1212.58349609375], "obj_id": 1}, {"cam_R_m2c": [0.30744999647140503, -0.9279061555862427, -0.21086658537387848, 0.546779990196228, -0.009091122075915337, 0.8372269868850708, -0.7787850499153137, -0.37270304560661316, 0.504565417766571], "cam_t_m2c": [283.0532531738281, 107.22776794433594, 1324.021728515625], "obj_id": 1}, {"cam_R_m2c": [0.061460766941308975, 0.9977806210517883, 0.025621458888053894, -0.8849396705627441, 0.04260159283876419, 0.46375298500061035, 0.46163222193717957, -0.05117606371641159, 0.8855940103530884], "cam_t_m2c": [316.2785339355469, 64.08757781982422, 1193.235107421875], "obj_id": 1}, {"cam_R_m2c": [-0.011521639302372932, 0.33279064297676086, -0.942930281162262, 0.3930211067199707, -0.8655919432640076, -0.31029778718948364, -0.919457197189331, -0.37416666746139526, -0.12082059681415558], "cam_t_m2c": [445.8314208984375, -266.1650085449219, 1216.1834716796875], "obj_id": 1}, {"cam_R_m2c": [0.061725422739982605, 0.12632425129413605, 0.9900667071342468, -0.9582405686378479, 0.2850061357021332, 0.023376768454909325, -0.2792219817638397, -0.9501650333404541, 0.13864119350910187], "cam_t_m2c": [237.25135803222656, -192.72093200683594, 1367.6302490234375], "obj_id": 1}, {"cam_R_m2c": [0.4461482763290405, 0.7419005036354065, -0.5005350112915039, 0.7518929839134216, -0.007387942634522915, 0.6592437624931335, 0.4853953421115875, -0.6704692244529724, -0.5611258745193481], "cam_t_m2c": [204.9065704345703, -88.06285095214844, 1219.8074951171875], "obj_id": 1}, {"cam_R_m2c": [0.3357042670249939, 0.15283693373203278, -0.9294856190681458, 0.013644012622535229, 0.9858567118644714, 0.16703397035598755, 0.9418686032295227, -0.06875592470169067, 0.3288709819316864], "cam_t_m2c": [402.1511535644531, -194.9448699951172, 1361.3692626953125], "obj_id": 1}, {"cam_R_m2c": [0.21203787624835968, -0.963688850402832, 0.16230741143226624, -0.9050223231315613, -0.2563048005104065, -0.339473694562912, 0.36874720454216003, -0.07491055876016617, -0.9265062212944031], "cam_t_m2c": [402.4337158203125, -178.74267578125, 1168.3798828125], "obj_id": 1}, {"cam_R_m2c": [0.9946734309196472, 0.10012298077344894, 0.024498747661709785, -0.03051883727312088, 0.0590444840490818, 0.997788667678833, 0.09845507144927979, -0.9932215213775635, 0.06178561598062515], "cam_t_m2c": [441.8210144042969, -177.6848907470703, 1395.8155517578125], "obj_id": 1}, {"cam_R_m2c": [-0.6178173422813416, -0.7605016827583313, -0.19984714686870575, -0.6837381720542908, 0.645094096660614, -0.34110957384109497, 0.38833460211753845, -0.0741003155708313, -0.9185343384742737], "cam_t_m2c": [374.1285095214844, -185.6377410888672, 1380.03125], "obj_id": 1}, {"cam_R_m2c": [-0.12181498110294342, -0.022577909752726555, 0.9922959804534912, -0.943335771560669, -0.3082744777202606, -0.12281883507966995, 0.30867254734039307, -0.9510294795036316, 0.01625392585992813], "cam_t_m2c": [257.68505859375, 78.27886199951172, 1246.971923828125], "obj_id": 1}, {"cam_R_m2c": [0.2206922322511673, 0.9641237854957581, 0.1475130021572113, 0.665749728679657, -0.03837764263153076, -0.7451874017715454, -0.7127917408943176, 0.26266375184059143, -0.6503347754478455], "cam_t_m2c": [93.51301574707031, -91.16613006591797, 1287.7960205078125], "obj_id": 1}, {"cam_R_m2c": [-0.7195085883140564, 0.46468091011047363, -0.516119122505188, -0.6809180378913879, -0.3258519470691681, 0.6558742523193359, 0.1365938037633896, 0.8233420252799988, 0.5508629679679871], "cam_t_m2c": [112.08023071289062, -125.06687927246094, 1166.9249267578125], "obj_id": 1}, {"cam_R_m2c": [0.3371080756187439, 0.9085785150527954, -0.24666407704353333, -0.8919118046760559, 0.3920890986919403, 0.22529855370521545, 0.30141571164131165, 0.1440526396036148, 0.9425483345985413], "cam_t_m2c": [271.1224060058594, -147.3660125732422, 1336.1827392578125], "obj_id": 1}, {"cam_R_m2c": [-0.7860102653503418, -0.568903923034668, 0.24194280803203583, 0.462709903717041, -0.8009154200553894, -0.38004496693611145, 0.4099847674369812, -0.18676988780498505, 0.8927651047706604], "cam_t_m2c": [270.5208740234375, -236.18971252441406, 1192.61669921875], "obj_id": 1}, {"cam_R_m2c": [0.9284123182296753, 0.20297542214393616, 0.31120970845222473, 0.36746594309806824, -0.37773624062538147, -0.8498728275299072, -0.05494809150695801, 0.903391420841217, -0.4252815544605255], "cam_t_m2c": [370.37353515625, 74.11007690429688, 1183.786376953125], "obj_id": 1}, {"cam_R_m2c": [0.8344784379005432, -0.2584894895553589, 0.4866507053375244, 0.3324374854564667, 0.9404870867729187, -0.07049385458230972, -0.43946677446365356, 0.22060656547546387, 0.8707477450370789], "cam_t_m2c": [439.2684326171875, 49.68068313598633, 1298.1617431640625], "obj_id": 1}, {"cam_R_m2c": [0.4621109366416931, -0.8746638298034668, -0.14634408056735992, 0.30813664197921753, 0.3131035566329956, -0.8983417749404907, 0.8315679430961609, 0.37003955245018005, 0.41420456767082214], "cam_t_m2c": [168.5093231201172, 31.568742752075195, 1210.1976318359375], "obj_id": 1}, {"cam_R_m2c": [-0.9862958192825317, -0.1337539553642273, 0.0965958908200264, -0.1549847275018692, 0.5503462553024292, -0.8204259872436523, 0.0565740168094635, -0.824153482913971, -0.5635340809822083], "cam_t_m2c": [274.2164611816406, -171.3861541748047, 1109.83544921875], "obj_id": 1}, {"cam_R_m2c": [-0.09388399869203568, 0.06729551404714584, -0.9933061003684998, 0.7661774158477783, 0.641977846622467, -0.028923194855451584, 0.6357341408729553, -0.7637642025947571, -0.11183175444602966], "cam_t_m2c": [290.3047180175781, -266.58734130859375, 1369.3157958984375], "obj_id": 1}, {"cam_R_m2c": [-0.4446711540222168, -0.46271538734436035, -0.7669171690940857, -0.6484472155570984, 0.7569667100906372, -0.08073147386312485, 0.617886483669281, 0.4614063799381256, -0.6366477608680725], "cam_t_m2c": [257.68963623046875, 106.81549072265625, 1279.6756591796875], "obj_id": 1}, {"cam_R_m2c": [0.7018076777458191, 0.7122809886932373, 0.011037038639187813, -0.5547720789909363, 0.5562027096748352, -0.6187620759010315, -0.446871280670166, 0.4281288981437683, 0.7855009436607361], "cam_t_m2c": [381.0466003417969, -165.5460662841797, 1440.5780029296875], "obj_id": 1}, {"cam_R_m2c": [-0.24514208734035492, -0.9691521525382996, 0.025484599173069, -0.6351264715194702, 0.14068064093589783, -0.7594888806343079, 0.7324751019477844, -0.2023686319589615, -0.650020956993103], "cam_t_m2c": [476.4789733886719, -227.82620239257812, 1191.3084716796875], "obj_id": 1}, {"cam_R_m2c": [0.21967214345932007, -0.9349232912063599, 0.2786800265312195, -0.9583112597465515, -0.2602936327457428, -0.11784230172634125, 0.1827121526002884, -0.24117553234100342, -0.9531267881393433], "cam_t_m2c": [264.0014343261719, -267.3164367675781, 1329.9378662109375], "obj_id": 1}, {"cam_R_m2c": [-0.936694324016571, -0.3064911663532257, 0.16931286454200745, 0.051776304841041565, 0.3569914996623993, 0.9326715469360352, -0.34629884362220764, 0.8823946118354797, -0.3185229003429413], "cam_t_m2c": [159.4254150390625, -0.4400927424430847, 1290.3883056640625], "obj_id": 1}, {"cam_R_m2c": [0.26169338822364807, 0.5260282158851624, 0.8092039227485657, -0.5078234076499939, -0.6379369497299194, 0.5789231657981873, 0.820750892162323, -0.5624330639839172, 0.10018548369407654], "cam_t_m2c": [283.6026306152344, -106.31336975097656, 1255.01123046875], "obj_id": 1}, {"cam_R_m2c": [-0.13936609029769897, -0.07499155402183533, 0.9873971343040466, 0.17432749271392822, -0.98341304063797, -0.05008351802825928, 0.9747752547264099, 0.16515053808689117, 0.15012772381305695], "cam_t_m2c": [391.5242919921875, -121.39468383789062, 1160.3607177734375], "obj_id": 1}, {"cam_R_m2c": [0.6351662874221802, 0.7722907662391663, 0.011432761326432228, -0.44189268350601196, 0.35121238231658936, 0.8254578709602356, 0.6334781646728516, -0.5293550491333008, 0.5643479228019714], "cam_t_m2c": [194.28042602539062, 42.23138427734375, 1299.1065673828125], "obj_id": 1}, {"cam_R_m2c": [-0.75711590051651, 0.6314377188682556, -0.16751709580421448, -0.44373685121536255, -0.6852645874023438, -0.5775033235549927, -0.47945091128349304, -0.3629034459590912, 0.7990168333053589], "cam_t_m2c": [135.4895782470703, -1.278265357017517, 1408.6927490234375], "obj_id": 1}, {"cam_R_m2c": [0.7345775365829468, -0.2401137351989746, -0.6346189975738525, -0.5933305025100708, -0.6810492873191833, -0.42910459637641907, -0.32917290925979614, 0.6917493939399719, -0.6427502632141113], "cam_t_m2c": [382.9747619628906, -189.06002807617188, 1195.6077880859375], "obj_id": 1}, {"cam_R_m2c": [-0.8603612780570984, -0.33874741196632385, -0.38082587718963623, 0.49902230501174927, -0.40782418847084045, -0.764627993106842, 0.10370571166276932, -0.8478970527648926, 0.5199188590049744], "cam_t_m2c": [360.57177734375, -168.6031494140625, 1397.057373046875], "obj_id": 1}, {"cam_R_m2c": [0.5552827715873718, -0.3685503304004669, -0.7455411553382874, -0.83156818151474, -0.23261144757270813, -0.5043670535087585, 0.012463179416954517, 0.9000346660614014, -0.4356398284435272], "cam_t_m2c": [150.7305145263672, 26.828853607177734, 1307.31884765625], "obj_id": 1}, {"cam_R_m2c": [-0.27021411061286926, 0.9076642990112305, -0.3211384415626526, 0.08625701069831848, 0.35502707958221436, 0.9308681488037109, 0.9589285850524902, 0.22383327782154083, -0.17422573268413544], "cam_t_m2c": [221.1715087890625, -119.19303894042969, 1053.3973388671875], "obj_id": 1}, {"cam_R_m2c": [-0.2320323884487152, -0.026353025808930397, -0.9723510146141052, 0.49485766887664795, -0.8638010025024414, -0.09467695653438568, -0.8374227285385132, -0.5031434893608093, 0.21347080171108246], "cam_t_m2c": [439.2934265136719, -226.4394989013672, 1193.508056640625], "obj_id": 1}, {"cam_R_m2c": [0.4406580924987793, -0.46014833450317383, -0.770768404006958, 0.7319226861000061, -0.3129403591156006, 0.6052746772766113, -0.519720733165741, -0.8308620452880859, 0.19889332354068756], "cam_t_m2c": [479.9867248535156, -181.0665283203125, 1206.5008544921875], "obj_id": 1}, {"cam_R_m2c": [0.1796247661113739, 0.9251798987388611, -0.3343307077884674, -0.8596024513244629, -0.017642999067902565, -0.5106585621833801, -0.4783496856689453, 0.3791184425354004, 0.7921178936958313], "cam_t_m2c": [340.8262939453125, -196.11053466796875, 1036.27783203125], "obj_id": 1}, {"cam_R_m2c": [-0.06312516331672668, -0.49028855562210083, 0.8692710399627686, -0.5133671164512634, 0.7628892064094543, 0.39300671219825745, -0.8558441400527954, -0.4214465320110321, -0.2998555302619934], "cam_t_m2c": [388.8724060058594, -114.57416534423828, 1157.46923828125], "obj_id": 1}, {"cam_R_m2c": [0.2162827104330063, 0.8491798639297485, -0.48178350925445557, -0.2695794403553009, 0.5262213349342346, 0.8064849972724915, 0.9383755326271057, -0.04454980418086052, 0.3427340090274811], "cam_t_m2c": [376.69647216796875, -21.09632110595703, 1231.1834716796875], "obj_id": 1}, {"cam_R_m2c": [0.1598161906003952, 0.23843319714069366, 0.9579188227653503, -0.8197595477104187, -0.5085666179656982, 0.2633522152900696, 0.5499573945999146, -0.8273510336875916, 0.11418065428733826], "cam_t_m2c": [230.84422302246094, 154.405029296875, 1209.3524169921875], "obj_id": 3}, {"cam_R_m2c": [0.586353063583374, -0.010908236727118492, 0.8099821209907532, 0.8097490072250366, -0.019613105803728104, -0.5864483714103699, 0.022283434867858887, 0.9997480511665344, -0.0026672447565943003], "cam_t_m2c": [340.5122375488281, 21.260112762451172, 1433.9910888671875], "obj_id": 1}, {"cam_R_m2c": [-0.6175113320350647, 0.783195972442627, -0.07268937677145004, 0.6740002036094666, 0.4792386591434479, -0.5621867775917053, -0.40546688437461853, -0.3961493968963623, -0.8238095641136169], "cam_t_m2c": [188.85227966308594, -194.05020141601562, 1074.8748779296875], "obj_id": 1}, {"cam_R_m2c": [0.8047056198120117, -0.593637228012085, 0.006613851524889469, 0.4533247947692871, 0.6072351932525635, -0.6525044441223145, 0.383334755897522, 0.5280721783638, 0.7577560544013977], "cam_t_m2c": [80.53013610839844, -69.5220947265625, 1351.8133544921875], "obj_id": 1}, {"cam_R_m2c": [-0.9940569996833801, 0.018589843064546585, -0.1072615459561348, -0.06498383730649948, 0.6891641616821289, 0.7216854095458984, 0.08733683824539185, 0.7243667244911194, -0.6838604211807251], "cam_t_m2c": [224.80563354492188, -192.3097381591797, 1056.7877197265625], "obj_id": 1}, {"cam_R_m2c": [-0.4059288203716278, 0.24235814809799194, 0.8811835050582886, -0.25205594301223755, -0.9564891457557678, 0.14695708453655243, 0.8784586787223816, -0.16245342791080475, 0.44935429096221924], "cam_t_m2c": [268.2265625, 127.08263397216797, 1300.6732177734375], "obj_id": 3}, {"cam_R_m2c": [-0.9394603371620178, -0.34012851119041443, -0.04155652970075607, 0.27569374442100525, -0.822307288646698, 0.49779900908470154, -0.20348785817623138, 0.4562055170536041, 0.8662962913513184], "cam_t_m2c": [132.57810974121094, -119.81271362304688, 1203.8680419921875], "obj_id": 1}, {"cam_R_m2c": [-0.3374090790748596, 0.7627322673797607, 0.5517199039459229, 0.531816303730011, 0.6380459666252136, -0.5568382143974304, -0.776741087436676, 0.10553143173456192, -0.620915949344635], "cam_t_m2c": [87.85848236083984, -166.40223693847656, 1413.5338134765625], "obj_id": 1}, {"cam_R_m2c": [0.3543038070201874, -0.9348254799842834, -0.023877110332250595, 0.911335289478302, 0.3394523561000824, 0.23289506137371063, -0.20961110293865204, -0.1042756661772728, 0.9722087383270264], "cam_t_m2c": [371.0299987792969, 155.83139038085938, 1229.9869384765625], "obj_id": 1}, {"cam_R_m2c": [-0.25749436020851135, 0.5525387525558472, -0.792715311050415, 0.9288095235824585, 0.36777105927467346, -0.04535737633705139, 0.266476035118103, -0.7479608058929443, -0.6079022288322449], "cam_t_m2c": [428.9080505371094, -197.66329956054688, 1407.441162109375], "obj_id": 3}, {"cam_R_m2c": [-0.3198315501213074, -0.7612473368644714, 0.5641011595726013, 0.4367543160915375, 0.40989091992378235, 0.8007715344429016, -0.840805172920227, 0.5024856925010681, 0.20138207077980042], "cam_t_m2c": [267.3942565917969, -250.53077697753906, 1280.428466796875], "obj_id": 1}, {"cam_R_m2c": [0.16429200768470764, 0.9781567454338074, 0.12734828889369965, 0.5402787327766418, -0.19724828004837036, 0.8180416226387024, 0.8252921104431152, -0.06559416651725769, -0.560883641242981], "cam_t_m2c": [486.2807312011719, 140.67239379882812, 1238.2547607421875], "obj_id": 1}, {"cam_R_m2c": [0.07668875902891159, -0.5277503132820129, 0.8459305167198181, 0.03188229724764824, -0.846697211265564, -0.5311189889907837, 0.9965451955795288, 0.0677010715007782, -0.04810629412531853], "cam_t_m2c": [360.2254943847656, 39.86084747314453, 1339.0302734375], "obj_id": 3}, {"cam_R_m2c": [-0.7668204307556152, 0.13472428917884827, 0.6275632381439209, -0.28631383180618286, 0.8032659888267517, -0.5222911834716797, -0.5744655132293701, -0.5801836252212524, -0.5773873329162598], "cam_t_m2c": [148.2496337890625, -206.3828582763672, 1118.0770263671875], "obj_id": 1}, {"cam_R_m2c": [-0.9946422576904297, 0.09252787381410599, -0.04610039293766022, 0.024081112816929817, 0.6410629153251648, 0.7671104073524475, 0.10053235292434692, 0.7618903517723083, -0.6398564577102661], "cam_t_m2c": [162.9174346923828, -205.71665954589844, 1244.70751953125], "obj_id": 3}, {"cam_R_m2c": [-0.3231217861175537, -0.5627399682998657, -0.7608652114868164, 0.6372621655464172, 0.4650021493434906, -0.6145485043525696, 0.6996350288391113, -0.6834446787834167, 0.20836061239242554], "cam_t_m2c": [181.56295776367188, 116.58077239990234, 1232.862060546875], "obj_id": 3}, {"cam_R_m2c": [-0.5543660521507263, 0.39545077085494995, 0.7323228716850281, 0.3864968419075012, 0.901595950126648, -0.1942805051803589, -0.7370877265930176, 0.17533795535564423, -0.6526547074317932], "cam_t_m2c": [272.9573059082031, -16.491968154907227, 1253.7509765625], "obj_id": 3}, {"cam_R_m2c": [0.7157284617424011, 0.6696539521217346, -0.19823306798934937, 0.6849929690361023, -0.7284436821937561, 0.012428666464984417, -0.13607871532440186, -0.1446838080883026, -0.9800761342048645], "cam_t_m2c": [226.595458984375, 151.80148315429688, 1201.83447265625], "obj_id": 3}, {"cam_R_m2c": [0.014727807603776455, 0.2044944316148758, 0.9787567853927612, 0.7787317633628845, -0.6163395643234253, 0.11705575883388519, 0.6271839737892151, 0.760465145111084, -0.16832345724105835], "cam_t_m2c": [369.851806640625, -91.287841796875, 1152.287353515625], "obj_id": 1}, {"cam_R_m2c": [-0.12107568234205246, -0.8638536334037781, -0.48897606134414673, 0.5304967164993286, -0.4726633131504059, 0.7036779522895813, -0.8389957547187805, -0.17420189082622528, 0.5154995322227478], "cam_t_m2c": [435.4378967285156, 91.3252182006836, 1335.071533203125], "obj_id": 3}, {"cam_R_m2c": [-0.09776317328214645, 0.18931007385253906, 0.9770383238792419, 0.6820136308670044, -0.7022227048873901, 0.20430487394332886, 0.7247756123542786, 0.6863269805908203, -0.060460414737463], "cam_t_m2c": [235.8817138671875, -95.39569854736328, 1386.3006591796875], "obj_id": 3}, {"cam_R_m2c": [-0.4985814392566681, 0.6271176934242249, -0.5984479188919067, 0.8431136012077332, 0.1903972178697586, -0.5028998851776123, -0.20143461227416992, -0.7552961111068726, -0.6236599683761597], "cam_t_m2c": [448.91558837890625, -5.328944683074951, 1267.768310546875], "obj_id": 3}, {"cam_R_m2c": [0.31512928009033203, -0.40313997864723206, 0.8591692447662354, 0.8045832514762878, 0.593608558177948, -0.016574619337916374, -0.5033283829689026, 0.6964962482452393, 0.5114230513572693], "cam_t_m2c": [264.0737609863281, -132.38662719726562, 1075.369384765625], "obj_id": 1}, {"cam_R_m2c": [-0.670404851436615, -0.028375936672091484, 0.7414523363113403, 0.7390691637992859, 0.06311766058206558, 0.6706658005714417, -0.06582938879728317, 0.9976024627685547, -0.02134232223033905], "cam_t_m2c": [481.1878662109375, -131.83694458007812, 1078.388916015625], "obj_id": 3}, {"cam_R_m2c": [-0.058118272572755814, 0.42367836833000183, -0.9039461612701416, -0.21645714342594147, 0.8785882592201233, 0.425709992647171, 0.9745606184005737, 0.22040718793869019, 0.04064619541168213], "cam_t_m2c": [205.73121643066406, 35.796382904052734, 1233.0318603515625], "obj_id": 3}, {"cam_R_m2c": [0.552321195602417, -0.39019542932510376, 0.7366741895675659, 0.42170432209968567, -0.631507396697998, -0.650664210319519, 0.7191013693809509, 0.6700342893600464, -0.18424783647060394], "cam_t_m2c": [265.3600769042969, -144.30020141601562, 1353.4229736328125], "obj_id": 1}, {"cam_R_m2c": [-0.7093064188957214, 0.6927616596221924, -0.13025131821632385, 0.07494916021823883, 0.2578514516353607, 0.9632731080055237, 0.7009041905403137, 0.6734937429428101, -0.2348174750804901], "cam_t_m2c": [437.63714599609375, -35.69738006591797, 1159.4398193359375], "obj_id": 1}, {"cam_R_m2c": [0.487201064825058, -0.8439419269561768, -0.2244928628206253, -0.2654988765716553, 0.1017557755112648, -0.9587262272834778, 0.8319527506828308, 0.5266950130462646, -0.1744900941848755], "cam_t_m2c": [382.2618408203125, -139.49473571777344, 1051.6533203125], "obj_id": 1}, {"cam_R_m2c": [-0.17015044391155243, 0.9853726029396057, -0.009471741504967213, 0.9696842432022095, 0.16571517288684845, -0.17958545684814453, -0.17538897693157196, -0.039741139858961105, -0.9836968183517456], "cam_t_m2c": [144.58921813964844, 34.00222396850586, 1447.953369140625], "obj_id": 1}, {"cam_R_m2c": [-0.28197115659713745, 0.5659583210945129, -0.774715006351471, 0.9544427394866943, 0.2476368397474289, -0.16647830605506897, 0.09762818366289139, -0.7863632440567017, -0.6100012063980103], "cam_t_m2c": [473.01031494140625, -184.32720947265625, 1049.072265625], "obj_id": 1}, {"cam_R_m2c": [0.7172867059707642, -0.6771998405456543, -0.1640123575925827, -0.695889949798584, -0.7081242203712463, -0.11956959217786789, -0.035168636590242386, 0.19990023970603943, -0.9791846871376038], "cam_t_m2c": [195.48951721191406, 66.58412170410156, 1280.1705322265625], "obj_id": 3}, {"cam_R_m2c": [0.10607268661260605, 0.2723989486694336, 0.9563196897506714, 0.8473023772239685, 0.47858163714408875, -0.23030036687850952, -0.5204106569290161, 0.8347205519676208, -0.18003983795642853], "cam_t_m2c": [212.25245666503906, -8.658421516418457, 1151.927978515625], "obj_id": 3}, {"cam_R_m2c": [-0.21678949892520905, 0.425356924533844, -0.8786771893501282, 0.9232586622238159, -0.20309686660766602, -0.32610559463500977, -0.3171679675579071, -0.8819426894187927, -0.3486851155757904], "cam_t_m2c": [218.69065856933594, -159.509033203125, 1282.047607421875], "obj_id": 3}, {"cam_R_m2c": [0.9835267066955566, -0.11985920369625092, -0.13531085848808289, 0.07675390690565109, 0.9546330571174622, -0.28772300481796265, 0.16365846991539001, 0.27259761095046997, 0.9481067657470703], "cam_t_m2c": [85.62387084960938, -133.9860076904297, 1315.1944580078125], "obj_id": 1}, {"cam_R_m2c": [-0.917431116104126, 0.378527969121933, 0.1226249635219574, -0.2873472273349762, -0.417115718126297, -0.8622332215309143, -0.2752305865287781, -0.8262754678726196, 0.49144378304481506], "cam_t_m2c": [332.66748046875, -19.763864517211914, 1218.139404296875], "obj_id": 3}, {"cam_R_m2c": [0.2956731617450714, 0.19361846148967743, 0.9354621171951294, -0.5364902019500732, -0.7765811085700989, 0.33030328154563904, 0.7904149293899536, -0.5995280146598816, -0.12573987245559692], "cam_t_m2c": [236.3394012451172, -204.6656494140625, 1346.6878662109375], "obj_id": 1}, {"cam_R_m2c": [-0.8735023140907288, -0.42122864723205566, 0.24404920637607574, 0.07852351665496826, 0.3728371560573578, 0.9245682954788208, -0.4804452657699585, 0.8267762064933777, -0.2925977408885956], "cam_t_m2c": [229.38414001464844, -264.2682800292969, 1258.447021484375], "obj_id": 1}, {"cam_R_m2c": [-0.5029872059822083, -0.5394446849822998, 0.6752800941467285, -0.20505233108997345, 0.8334824442863464, 0.5130892395973206, -0.8396173715591431, 0.11960957944393158, -0.5298454165458679], "cam_t_m2c": [363.01983642578125, -37.458709716796875, 1323.8206787109375], "obj_id": 3}, {"cam_R_m2c": [-0.48752713203430176, 0.8730986714363098, 0.0039719585329294205, -0.35748207569122314, -0.1954588145017624, -0.9132372140884399, -0.7965699434280396, -0.4466479420661926, 0.407408744096756], "cam_t_m2c": [217.72103881835938, 159.6909942626953, 1133.146484375], "obj_id": 3}, {"cam_R_m2c": [0.35735300183296204, -0.8017730712890625, -0.4790184795856476, -0.4571566581726074, 0.29708558320999146, -0.8383005857467651, 0.8144363760948181, 0.5185557007789612, -0.26037147641181946], "cam_t_m2c": [460.7630615234375, 161.70603942871094, 1191.11083984375], "obj_id": 3}, {"cam_R_m2c": [0.1356358379125595, -0.9812694787979126, -0.1367955356836319, 0.78980952501297, 0.02372996136546135, 0.6128928661346436, -0.5981669425964355, -0.19117261469364166, 0.7782347202301025], "cam_t_m2c": [310.44561767578125, -279.2121276855469, 1310.4322509765625], "obj_id": 1}, {"cam_R_m2c": [0.3649163246154785, -0.11898402124643326, -0.9234061241149902, -0.6772534847259521, 0.6466471552848816, -0.35096314549446106, 0.6388769149780273, 0.7534522414207458, 0.15538975596427917], "cam_t_m2c": [444.09600830078125, 48.12606430053711, 1347.4212646484375], "obj_id": 1}, {"cam_R_m2c": [-0.4348894953727722, 0.8629508018493652, 0.25726786255836487, -0.6384003758430481, -0.09397387504577637, -0.7639461159706116, -0.6350714564323425, -0.49647215008735657, 0.5917766094207764], "cam_t_m2c": [468.54327392578125, 47.897525787353516, 1355.62451171875], "obj_id": 3}, {"cam_R_m2c": [-0.04961210861802101, -0.4463583827018738, 0.8934778571128845, 0.10151934623718262, -0.8921999335289001, -0.4400829076766968, 0.9935956597328186, 0.06887182593345642, 0.08957802504301071], "cam_t_m2c": [260.8856506347656, 19.871580123901367, 1191.4844970703125], "obj_id": 3}, {"cam_R_m2c": [-0.3028949797153473, 0.9218014478683472, 0.2419436126947403, 0.5334922075271606, -0.04636280983686447, 0.8445333242416382, 0.789709210395813, 0.3848799467086792, -0.4777308404445648], "cam_t_m2c": [78.61785125732422, 57.821292877197266, 1450.0181884765625], "obj_id": 3}, {"cam_R_m2c": [0.36502718925476074, 0.11239809542894363, -0.9241870641708374, 0.615802526473999, -0.7736578583717346, 0.14913319051265717, -0.6982423663139343, -0.6235544085502625, -0.351621150970459], "cam_t_m2c": [168.26560974121094, 126.67729187011719, 1278.166748046875], "obj_id": 3}, {"cam_R_m2c": [0.9483856558799744, 0.02307477779686451, 0.31627872586250305, -0.12593352794647217, 0.9427394270896912, 0.30884167551994324, -0.2910419702529907, -0.33273109793663025, 0.8969864249229431], "cam_t_m2c": [350.1259765625, -228.27796936035156, 1386.6943359375], "obj_id": 3}, {"cam_R_m2c": [-0.37909233570098877, 0.915489137172699, -0.13479076325893402, -0.7517606616020203, -0.2197529524564743, 0.6217431426048279, 0.5395784378051758, 0.33702847361564636, 0.7715353965759277], "cam_t_m2c": [233.22897338867188, -41.51669692993164, 1342.09765625], "obj_id": 3}, {"cam_R_m2c": [-0.9942141771316528, -0.10084547847509384, 0.03698987886309624, -0.04571450129151344, 0.08562395721673965, -0.9952781796455383, 0.09720209240913391, -0.9912106990814209, -0.08973859995603561], "cam_t_m2c": [295.13775634765625, -281.4959716796875, 1257.0196533203125], "obj_id": 3}, {"cam_R_m2c": [-0.15583963692188263, -0.647791862487793, 0.7457074522972107, 0.518617570400238, 0.5888499617576599, 0.6199125051498413, -0.8406841158866882, 0.4833439588546753, 0.24419011175632477], "cam_t_m2c": [334.3737487792969, 29.887521743774414, 1449.452880859375], "obj_id": 1}, {"cam_R_m2c": [-0.5213304162025452, -0.020333658903837204, 0.8531126379966736, -0.5956106185913086, -0.7072597742080688, -0.3808302581310272, 0.6111158728599548, -0.7066613435745239, 0.35660505294799805], "cam_t_m2c": [440.904296875, -263.2720031738281, 1297.8341064453125], "obj_id": 3}, {"cam_R_m2c": [0.38484200835227966, 0.6904729604721069, -0.6124897599220276, -0.2055473029613495, 0.7110478281974792, 0.6724293828010559, 0.8998038172721863, -0.1328834593296051, 0.41556593775749207], "cam_t_m2c": [225.26126098632812, -110.45991516113281, 1321.5863037109375], "obj_id": 1}, {"cam_R_m2c": [0.08716537803411484, 0.019317949190735817, 0.9960065484046936, -0.9733887314796448, -0.21105355024337769, 0.08927945047616959, 0.2119354009628296, -0.9772835969924927, 0.0004073113959748298], "cam_t_m2c": [160.31185913085938, 104.0555648803711, 1278.6673583984375], "obj_id": 3}, {"cam_R_m2c": [0.4082229435443878, -0.42692962288856506, -0.8068984150886536, -0.17285257577896118, -0.9040614366531372, 0.39088964462280273, -0.8963682055473328, -0.020095638930797577, -0.44285446405410767], "cam_t_m2c": [157.39581298828125, -165.68161010742188, 1153.3948974609375], "obj_id": 3}, {"cam_R_m2c": [-0.6475993394851685, 0.7618889808654785, -0.01184988021850586, 0.44705671072006226, 0.39249610900878906, 0.8037954568862915, 0.6170539259910583, 0.5152397751808167, -0.5947878360748291], "cam_t_m2c": [193.4136199951172, -192.34263610839844, 1159.4483642578125], "obj_id": 1}, {"cam_R_m2c": [-0.9776615500450134, -0.14566805958747864, -0.1515209972858429, 0.17370100319385529, -0.9658552408218384, -0.19222769141197205, -0.11834592372179031, -0.21425297856330872, 0.9695823192596436], "cam_t_m2c": [36