{
  "0": [{"cam_R_m2c": [0.8404490351676941, -0.5226728916168213, 0.14303307235240936, 0.06997080892324448, -0.1570691466331482, -0.9851057529449463, 0.5373541712760925, 0.8379393219947815, -0.09543676674365997], "cam_t_m2c": [107.86760711669922, 15.019551277160645, 933.0708618164062], "obj_id": 2}, {"cam_R_m2c": [0.8404490351676941, -0.5226728916168213, 0.14303307235240936, 0.06997080892324448, -0.1570691466331482, -0.9851057529449463, 0.5373541712760925, 0.8379393219947815, -0.09543676674365997], "cam_t_m2c": [107.86760711669922, 15.019551277160645, 933.0708618164062], "obj_id": 2}, {"cam_R_m2c": [0.8404490351676941, -0.5226728916168213, 0.14303307235240936, 0.06997080892324448, -0.1570691466331482, -0.9851057529449463, 0.5373541712760925, 0.8379393219947815, -0.09543676674365997], "cam_t_m2c": [107.86760711669922, 15.019551277160645, 933.0708618164062], "obj_id": 0}, {"cam_R_m2c": [0.8404490351676941, -0.5226728916168213, 0.14303307235240936, 0.06997080892324448, -0.1570691466331482, -0.9851057529449463, 0.5373541712760925, 0.8379393219947815, -0.09543676674365997], "cam_t_m2c": [107.86760711669922, 15.019551277160645, 933.0708618164062], "obj_id": 3}, {"cam_R_m2c": [0.8404490351676941, -0.5226728916168213, 0.14303307235240936, 0.06997080892324448, -0.1570691466331482, -0.9851057529449463, 0.5373541712760925, 0.8379393219947815, -0.09543676674365997], "cam_t_m2c": [107.86760711669922, 15.019551277160645, 933.0708618164062], "obj_id": 0}, {"cam_R_m2c": [0.8404490351676941, -0.5226728916168213, 0.14303307235240936, 0.06997080892324448, -0.1570691466331482, -0.9851057529449463, 0.5373541712760925, 0.8379393219947815, -0.09543676674365997], "cam_t_m2c": [107.86760711669922, 15.019551277160645, 933.0708618164062], "obj_id": 0}, {"cam_R_m2c": [0.8404490351676941, -0.5226728916168213, 0.14303307235240936, 0.06997080892324448, -0.1570691466331482, -0.9851057529449463, 0.5373541712760925, 0.8379393219947815, -0.09543676674365997], "cam_t_m2c": [107.86760711669922, 15.019551277160645, 933.0708618164062], "obj_id": 2}, {"cam_R_m2c": [0.8404490351676941, -0.5226728916168213, 0.14303307235240936, 0.06997080892324448, -0.1570691466331482, -0.9851057529449463, 0.5373541712760925, 0.8379393219947815, -0.09543676674365997], "cam_t_m2c": [107.86760711669922, 15.019551277160645, 933.0708618164062], "obj_id": 1}, {"cam_R_m2c": [0.8404490351676941, -0.5226728916168213, 0.14303307235240936, 0.06997080892324448, -0.1570691466331482, -0.9851057529449463, 0.5373541712760925, 0.8379393219947815, -0.09543676674365997], "cam_t_m2c": [107.86760711669922, 15.019551277160645, 933.0708618164062], "obj_id": 2}, {"cam_R_m2c": [0.8404490351676941, -0.5226728916168213, 0.14303307235240936, 0.06997080892324448, -0.1570691466331482, -0.9851057529449463, 0.5373541712760925, 0.8379393219947815, -0.09543676674365997], "cam_t_m2c": [107.86760711669922, 15.019551277160645, 933.0708618164062], "obj_id": 3}, {"cam_R_m2c": [0.8404490351676941, -0.5226728916168213, 0.14303307235240936, 0.06997080892324448, -0.1570691466331482, -0.9851057529449463, 0.5373541712760925, 0.8379393219947815, -0.09543676674365997], "cam_t_m2c": [107.86760711669922, 15.019551277160645, 933.0708618164062], "obj_id": 1}, {"cam_R_m2c": [0.8404490351676941, -0.5226728916168213, 0.14303307235240936, 0.06997080892324448, -0.1570691466331482, -0.9851057529449463, 0.5373541712760925, 0.8379393219947815, -0.09543676674365997], "cam_t_m2c": [107.86760711669922, 15.019551277160645, 933.0708618164062], "obj_id": 2}, {"cam_R_m2c": [0.018550414592027664, -0.9952577352523804, 0.09548751264810562, -0.9948495626449585, -0.00885503925383091, 0.10097461938858032, -0.09965022653341293, -0.0968688353896141, -0.9902960658073425], "cam_t_m2c": [70.83296966552734, 44.43577575683594, 858.6767578125], "obj_id": 1}, {"cam_R_m2c": [-0.7823907732963562, 0.042828015983104706, 0.6213134527206421, 0.03722649812698364, -0.9926327466964722, 0.11530115455389023, 0.6216741800308228, 0.11333988606929779, 0.7750324010848999], "cam_t_m2c": [10.195230484008789, 15.41519832611084, 859.6024169921875], "obj_id": 2}, {"cam_R_m2c": [0.362394243478775, 0.26109641790390015, -0.894706130027771, -0.8525136113166809, 0.4808339774608612, -0.20498572289943695, 0.3766840696334839, 0.8370348215103149, 0.3968397378921509], "cam_t_m2c": [-291.83648681640625, -13.367547035217285, 911.81640625], "obj_id": 3}, {"cam_R_m2c": [0.6243352293968201, -0.6292161345481873, -0.46291738748550415, 0.2293613851070404, 0.7141445279121399, -0.6613553166389465, 0.7467253804206848, 0.30673205852508545, 0.5901834964752197], "cam_t_m2c": [-137.0493927001953, -33.71229553222656, 899.0489501953125], "obj_id": 4}],
  "1": [{"cam_R_m2c": [-0.10354729741811752, 0.9884472489356995, -0.11067947000265121, 0.5563557147979736, -0.0346798375248909, -0.8302202224731445, -0.8244672417640686, -0.14754422008991241, -0.5463372468948364], "cam_t_m2c": [-108.700439453125, 150.08815002441406, 704.3760375976562], "obj_id": 2}, {"cam_R_m2c": [-0.10354729741811752, 0.9884472489356995, -0.11067947000265121, 0.5563557147979736, -0.0346798375248909, -0.8302202224731445, -0.8244672417640686, -0.14754422008991241, -0.5463372468948364], "cam_t_m2c": [-108.700439453125, 150.08815002441406, 704.3760375976562], "obj_id": 0}, {"cam_R_m2c": [-0.10354729741811752, 0.9884472489356995, -0.11067947000265121, 0.5563557147979736, -0.0346798375248909, -0.8302202224731445, -0.8244672417640686, -0.14754422008991241, -0.5463372468948364], "cam_t_m2c": [-108.700439453125, 150.08815002441406, 704.3760375976562], "obj_id": 1}, {"cam_R_m2c": [-0.10354729741811752, 0.9884472489356995, -0.11067947000265121, 0.5563557147979736, -0.0346798375248909, -0.8302202224731445, -0.8244672417640686, -0.14754422008991241, -0.5463372468948364], "cam_t_m2c": [-108.700439453125, 150.08815002441406, 704.3760375976562], "obj_id": 1}, {"cam_R_m2c": [-0.10354729741811752, 0.9884472489356995, -0.11067947000265121, 0.5563557147979736, -0.0346798375248909, -0.8302202224731445, -0.8244672417640686, -0.14754422008991241, -0.5463372468948364], "cam_t_m2c": [-108.700439453125, 150.08815002441406, 704.3760375976562], "obj_id": 2}, {"cam_R_m2c": [-0.10354729741811752, 0.9884472489356995, -0.11067947000265121, 0.5563557147979736, -0.0346798375248909, -0.8302202224731445, -0.8244672417640686, -0.14754422008991241, -0.5463372468948364], "cam_t_m2c": [-108.700439453125, 150.08815002441406, 704.3760375976562], "obj_id": 2}, {"cam_R_m2c": [-0.10354729741811752, 0.9884472489356995, -0.11067947000265121, 0.5563557147979736, -0.0346798375248909, -0.8302202224731445, -0.8244672417640686, -0.14754422008991241, -0.5463372468948364], "cam_t_m2c": [-108.700439453125, 150.08815002441406, 704.3760375976562], "obj_id": 2}, {"cam_R_m2c": [-0.10354729741811752, 0.9884472489356995, -0.11067947000265121, 0.5563557147979736, -0.0346798375248909, -0.8302202224731445, -0.8244672417640686, -0.14754422008991241, -0.5463372468948364], "cam_t_m2c": [-108.700439453125, 150.08815002441406, 704.3760375976562], "obj_id": 3}, {"cam_R_m2c": [-0.10354729741811752, 0.9884472489356995, -0.11067947000265121, 0.5563557147979736, -0.0346798375248909, -0.8302202224731445, -0.8244672417640686, -0.14754422008991241, -0.5463372468948364], "cam_t_m2c": [-108.700439453125, 150.08815002441406, 704.3760375976562], "obj_id": 2}, {"cam_R_m2c": [-0.10354729741811752, 0.9884472489356995, -0.11067947000265121, 0.5563557147979736, -0.0346798375248909, -0.8302202224731445, -0.8244672417640686, -0.14754422008991241, -0.5463372468948364], "cam_t_m2c": [-108.700439453125, 150.08815002441406, 704.3760375976562], "obj_id": 2}, {"cam_R_m2c": [-0.10354729741811752, 0.9884472489356995, -0.11067947000265121, 0.5563557147979736, -0.0346798375248909, -0.8302202224731445, -0.8244672417640686, -0.14754422008991241, -0.5463372468948364], "cam_t_m2c": [-108.700439453125, 150.08815002441406, 704.3760375976562], "obj_id": 0}, {"cam_R_m2c": [-0.10354729741811752, 0.9884472489356995, -0.11067947000265121, 0.5563557147979736, -0.0346798375248909, -0.8302202224731445, -0.8244672417640686, -0.14754422008991241, -0.5463372468948364], "cam_t_m2c": [-108.700439453125, 150.08815002441406, 704.3760375976562], "obj_id": 0}, {"cam_R_m2c": [-0.16086137294769287, 0.9565723538398743, -0.24309033155441284, -0.8214295506477356, -0.26629647612571716, -0.5043209791183472, -0.547153651714325, 0.11855581402778625, 0.8285936117172241], "cam_t_m2c": [128.70867919921875, 176.06961059570312, 558.03271484375], "obj_id": 1}, {"cam_R_m2c": [0.2437274158000946, 0.9640786051750183, 0.10559029877185822, -0.7594456672668457, 0.25743213295936584, -0.5974704623222351, -0.6031908392906189, 0.06542982906103134, 0.7949086427688599], "cam_t_m2c": [-147.56639099121094, 130.36001586914062, 683.462646484375], "obj_id": 2}, {"cam_R_m2c": [-0.43701067566871643, -0.7683871984481812, 0.46754953265190125, -0.6727772951126099, 0.6242538690567017, 0.39708665013313293, -0.596985936164856, -0.1410255879163742, -0.7897590398788452], "cam_t_m2c": [38.92250061035156, 14.260289192199707, 822.1093139648438], "obj_id": 3}, {"cam_R_m2c": [-0.9278593063354492, 0.10518953949213028, 0.3577878773212433, 0.14922304451465607, -0.7745224237442017, 0.6146928668022156, 0.341774046421051, 0.623738706111908, 0.7029512524604797], "cam_t_m2c": [20.182527542114258, 7.623442649841309, 869.548583984375], "obj_id": 4}],
  "2": [{"cam_R_m2c": [-0.10354729741811752, 0.9884472489356995, -0.11067947000265121, 0.5563557147979736, -0.0346798375248909, -0.8302202224731445, -0.8244672417640686, -0.14754422008991241, -0.5463372468948364], "cam_t_m2c": [-108.700439453125, 150.08815002441406, 704.3760375976562], "obj_id": 2}, {"cam_R_m2c": [-0.10354729741811752, 0.9884472489356995, -0.11067947000265121, 0.5563557147979736, -0.0346798375248909, -0.8302202224731445, -0.8244672417640686, -0.14754422008991241, -0.5463372468948364], "cam_t_m2c": [-108.700439453125, 150.08815002441406, 704.3760375976562], "obj_id": 0}, {"cam_R_m2c": [-0.10354729741811752, 0.9884472489356995, -0.11067947000265121, 0.5563557147979736, -0.0346798375248909, -0.8302202224731445, -0.8244672417640686, -0.14754422008991241, -0.5463372468948364], "cam_t_m2c": [-108.700439453125, 150.08815002441406, 704.3760375976562], "obj_id": 1}, {"cam_R_m2c": [-0.10354729741811752, 0.9884472489356995, -0.11067947000265121, 0.5563557147979736, -0.0346798375248909, -0.8302202224731445, -0.8244672417640686, -0.14754422008991241, -0.5463372468948364], "cam_t_m2c": [-108.700439453125, 150.08815002441406, 704.3760375976562], "obj_id": 1}, {"cam_R_m2c": [-0.10354729741811752, 0.9884472489356995, -0.11067947000265121, 0.5563557147979736, -0.0346798375248909, -0.8302202224731445, -0.8244672417640686, -0.14754422008991241, -0.5463372468948364], "cam_t_m2c": [-108.700439453125, 150.08815002441406, 704.3760375976562], "obj_id": 2}, {"cam_R_m2c": [-0.10354729741811752, 0.9884472489356995, -0.11067947000265121, 0.5563557147979736, -0.0346798375248909, -0.8302202224731445, -0.8244672417640686, -0.14754422008991241, -0.5463372468948364], "cam_t_m2c": [-108.700439453125, 150.08815002441406, 704.3760375976562], "obj_id": 2}, {"cam_R_m2c": [-0.10354729741811752, 0.9884472489356995, -0.11067947000265121, 0.5563557147979736, -0.0346798375248909, -0.8302202224731445, -0.8244672417640686, -0.14754422008991241, -0.5463372468948364], "cam_t_m2c": [-108.700439453125, 150.08815002441406, 704.3760375976562], "obj_id": 2}, {"cam_R_m2c": [-0.10354729741811752, 0.9884472489356995, -0.11067947000265121, 0.5563557147979736, -0.0346798375248909, -0.8302202224731445, -0.8244672417640686, -0.14754422008991241, -0.5463372468948364], "cam_t_m2c": [-108.700439453125, 150.08815002441406, 704.3760375976562], "obj_id": 3}, {"cam_R_m2c": [-0.10354729741811752, 0.9884472489356995, -0.11067947000265121, 0.5563557147979736, -0.0346798375248909, -0.8302202224731445, -0.8244672417640686, -0.14754422008991241, -0.5463372468948364], "cam_t_m2c": [-108.700439453125, 150.08815002441406, 704.3760375976562], "obj_id": 2}, {"cam_R_m2c": [-0.10354729741811752, 0.9884472489356995, -0.11067947000265121, 0.5563557147979736, -0.0346798375248909, -0.8302202224731445, -0.8244672417640686, -0.14754422008991241, -0.5463372468948364], "cam_t_m2c": [-108.700439453125, 150.08815002441406, 704.3760375976562], "obj_id": 2}, {"cam_R_m2c": [-0.10354729741811752, 0.9884472489356995, -0.11067947000265121, 0.5563557147979736, -0.0346798375248909, -0.8302202224731445, -0.8244672417640686, -0.14754422008991241, -0.5463372468948364], "cam_t_m2c": [-108.700439453125, 150.08815002441406, 704.3760375976562], "obj_id": 0}, {"cam_R_m2c": [-0.10354729741811752, 0.9884472489356995, -0.11067947000265121, 0.5563557147979736, -0.0346798375248909, -0.8302202224731445, -0.8244672417640686, -0.14754422008991241, -0.5463372468948364], "cam_t_m2c": [-108.700439453125, 150.08815002441406, 704.3760375976562], "obj_id": 0}, {"cam_R_m2c": [-0.16086137294769287, 0.9565723538398743, -0.24309033155441284, -0.8214295506477356, -0.26629647612571716, -0.5043209791183472, -0.547153651714325, 0.11855581402778625, 0.8285936117172241], "cam_t_m2c": [128.70867919921875, 176.06961059570312, 558.03271484375], "obj_id": 1}, {"cam_R_m2c": [0.2437274158000946, 0.9640786051750183, 0.10559029877185822, -0.7594456672668457, 0.25743213295936584, -0.5974704623222351, -0.6031908392906189, 0.06542982906103134, 0.7949086427688599], "cam_t_m2c": [-147.56639099121094, 130.36001586914062, 683.462646484375], "obj_id": 2}, {"cam_R_m2c": [-0.43701067566871643, -0.7683871984481812, 0.46754953265190125, -0.6727772951126099, 0.6242538690567017, 0.39708665013313293, -0.596985936164856, -0.1410255879163742, -0.7897590398788452], "cam_t_m2c": [38.92250061035156, 14.260289192199707, 822.1093139648438], "obj_id": 3}, {"cam_R_m2c": [-0.9278593063354492, 0.10518953949213028, 0.3577878773212433, 0.14922304451465607, -0.7745224237442017, 0.6146928668022156, 0.341774046421051, 0.623738706111908, 0.7029512524604797], "cam_t_m2c": [20.182527542114258, 7.623442649841309, 869.548583984375], "obj_id": 4}],
  "3": [{"cam_R_m2c": [-0.6940121650695801, 0.7054262161254883, 0.14394782483577728, 0.32045185565948486, 0.4817049503326416, -0.8156414031982422, -0.6447151899337769, -0.519936740398407, -0.5603642463684082], "cam_t_m2c": [-235.1184539794922, 45.6311149597168, 686.9574584960938], "obj_id": 2}, {"cam_R_m2c": [-0.6940121650695801, 0.7054262161254883, 0.14394782483577728, 0.32045185565948486, 0.4817049503326416, -0.8156414031982422, -0.6447151899337769, -0.519936740398407, -0.5603642463684082], "cam_t_m2c": [-235.1184539794922, 45.6311149597168, 686.9574584960938], "obj_id": 0}, {"cam_R_m2c": [-0.6940121650695801, 0.7054262161254883, 0.14394782483577728, 0.32045185565948486, 0.4817049503326416, -0.8156414031982422, -0.6447151899337769, -0.519936740398407, -0.5603642463684082], "cam_t_m2c": [-235.1184539794922, 45.6311149597168, 686.9574584960938], "obj_id": 1}, {"cam_R_m2c": [-0.6940121650695801, 0.7054262161254883, 0.14394782483577728, 0.32045185565948486, 0.4817049503326416, -0.8156414031982422, -0.6447151899337769, -0.519936740398407, -0.5603642463684082], "cam_t_m2c": [-235.1184539794922, 45.6311149597168, 686.9574584960938], "obj_id": 1}, {"cam_R_m2c": [-0.6940121650695801, 0.7054262161254883, 0.14394782483577728, 0.32045185565948486, 0.4817049503326416, -0.8156414031982422, -0.6447151899337769, -0.519936740398407, -0.5603642463684082], "cam_t_m2c": [-235.1184539794922, 45.6311149597168, 686.9574584960938], "obj_id": 2}, {"cam_R_m2c": [-0.6940121650695801, 0.7054262161254883, 0.14394782483577728, 0.32045185565948486, 0.4817049503326416, -0.8156414031982422, -0.6447151899337769, -0.519936740398407, -0.5603642463684082], "cam_t_m2c": [-235.1184539794922, 45.6311149597168, 686.9574584960938], "obj_id": 2}, {"cam_R_m2c": [-0.6940121650695801, 0.7054262161254883, 0.14394782483577728, 0.32045185565948486, 0.4817049503326416, -0.8156414031982422, -0.6447151899337769, -0.519936740398407, -0.5603642463684082], "cam_t_m2c": [-235.1184539794922, 45.6311149597168, 686.9574584960938], "obj_id": 2}, {"cam_R_m2c": [-0.6940121650695801, 0.7054262161254883, 0.14394782483577728, 0.32045185565948486, 0.4817049503326416, -0.8156414031982422, -0.6447151899337769, -0.519936740398407, -0.5603642463684082], "cam_t_m2c": [-235.1184539794922, 45.6311149597168, 686.9574584960938], "obj_id": 3}, {"cam_R_m2c": [-0.6940121650695801, 0.7054262161254883, 0.14394782483577728, 0.32045185565948486, 0.4817049503326416, -0.8156414031982422, -0.6447151899337769, -0.519936740398407, -0.5603642463684082], "cam_t_m2c": [-235.1184539794922, 45.6311149597168, 686.9574584960938], "obj_id": 2}, {"cam_R_m2c": [-0.6940121650695801, 0.7054262161254883, 0.14394782483577728, 0.32045185565948486, 0.4817049503326416, -0.8156414031982422, -0.6447151899337769, -0.519936740398407, -0.5603642463684082], "cam_t_m2c": [-235.1184539794922, 45.6311149597168, 686.9574584960938], "obj_id": 2}, {"cam_R_m2c": [-0.6940121650695801, 0.7054262161254883, 0.14394782483577728, 0.32045185565948486, 0.4817049503326416, -0.8156414031982422, -0.6447151899337769, -0.519936740398407, -0.5603642463684082], "cam_t_m2c": [-235.1184539794922, 45.6311149597168, 686.9574584960938], "obj_id": 0}, {"cam_R_m2c": [-0.6940121650695801, 0.7054262161254883, 0.14394782483577728, 0.32045185565948486, 0.4817049503326416, -0.8156414031982422, -0.6447151899337769, -0.519936740398407, -0.5603642463684082], "cam_t_m2c": [-235.1184539794922, 45.6311149597168, 686.9574584960938], "obj_id": 0}, {"cam_R_m2c": [0.10117260366678238, 0.9078320860862732, 0.406946063041687, -0.835116982460022, 0.2998032867908478, -0.4611915349960327, -0.5406882166862488, -0.29318761825561523, 0.7884778380393982], "cam_t_m2c": [-127.06819152832031, 177.8695831298828, 464.9380798339844], "obj_id": 1}, {"cam_R_m2c": [0.3512304127216339, 0.6151717901229858, 0.7058334350585938, -0.5735718011856079, 0.7372169494628906, -0.3571086525917053, -0.7400355339050293, -0.2794187366962433, 0.611778199672699], "cam_t_m2c": [-262.0799255371094, 6.052108287811279, 680.3458862304688], "obj_id": 2}, {"cam_R_m2c": [-0.2050321251153946, -0.9645904898643494, -0.16591310501098633, -0.8631867170333862, 0.09829746931791306, 0.49522361159324646, -0.46137911081314087, 0.24475069344043732, -0.8527758717536926], "cam_t_m2c": [-6.073773384094238, 23.41474151611328, 720.8370971679688], "obj_id": 3}, {"cam_R_m2c": [-0.6448636651039124, 0.7327205538749695, 0.21742059290409088, -0.3318939208984375, -0.5247102975845337, 0.7839169502258301, 0.6884747743606567, 0.4333588778972626, 0.5815519094467163], "cam_t_m2c": [1.8051728010177612, 13.08984375, 770.60693359375], "obj_id": 4}],
  "4": [{"cam_R_m2c": [-0.6940121650695801, 0.7054262161254883, 0.14394782483577728, 0.32045185565948486, 0.4817049503326416, -0.8156414031982422, -0.6447151899337769, -0.519936740398407, -0.5603642463684082], "cam_t_m2c": [-235.1184539794922, 45.6311149597168, 686.9574584960938], "obj_id": 2}, {"cam_R_m2c": [-0.6940121650695801, 0.7054262161254883, 0.14394782483577728, 0.32045185565948486, 0.4817049503326416, -0.8156414031982422, -0.6447151899337769, -0.519936740398407, -0.5603642463684082], "cam_t_m2c": [-235.1184539794922, 45.6311149597168, 686.9574584960938], "obj_id": 0}, {"cam_R_m2c": [-0.6940121650695801, 0.7054262161254883, 0.14394782483577728, 0.32045185565948486, 0.4817049503326416, -0.8156414031982422, -0.6447151899337769, -0.519936740398407, -0.5603642463684082], "cam_t_m2c": [-235.1184539794922, 45.6311149597168, 686.9574584960938], "obj_id": 1}, {"cam_R_m2c": [-0.6940121650695801, 0.7054262161254883, 0.14394782483577728, 0.32045185565948486, 0.4817049503326416, -0.8156414031982422, -0.6447151899337769, -0.519936740398407, -0.5603642463684082], "cam_t_m2c": [-235.1184539794922, 45.6311149597168, 686.9574584960938], "obj_id": 1}, {"cam_R_m2c": [-0.6940121650695801, 0.7054262161254883, 0.14394782483577728, 0.32045185565948486, 0.4817049503326416, -0.8156414031982422, -0.6447151899337769, -0.519936740398407, -0.5603642463684082], "cam_t_m2c": [-235.1184539794922, 45.6311149597168, 686.9574584960938], "obj_id": 2}, {"cam_R_m2c": [-0.6940121650695801, 0.7054262161254883, 0.14394782483577728, 0.32045185565948486, 0.4817049503326416, -0.8156414031982422, -0.6447151899337769, -0.519936740398407, -0.5603642463684082], "cam_t_m2c": [-235.1184539794922, 45.6311149597168, 686.9574584960938], "obj_id": 2}, {"cam_R_m2c": [-0.6940121650695801, 0.7054262161254883, 0.14394782483577728, 0.32045185565948486, 0.4817049503326416, -0.8156414031982422, -0.6447151899337769, -0.519936740398407, -0.5603642463684082], "cam_t_m2c": [-235.1184539794922, 45.6311149597168, 686.9574584960938], "obj_id": 2}, {"cam_R_m2c": [-0.6940121650695801, 0.7054262161254883, 0.14394782483577728, 0.32045185565948486, 0.4817049503326416, -0.8156414031982422, -0.6447151899337769, -0.519936740398407, -0.5603642463684082], "cam_t_m2c": [-235.1184539794922, 45.6311149597168, 686.9574584960938], "obj_id": 3}, {"cam_R_m2c": [-0.6940121650695801, 0.7054262161254883, 0.14394782483577728, 0.32045185565948486, 0.4817049503326416, -0.8156414031982422, -0.6447151899337769, -0.519936740398407, -0.5603642463684082], "cam_t_m2c": [-235.1184539794922, 45.6311149597168, 686.9574584960938], "obj_id": 2}, {"cam_R_m2c": [-0.6940121650695801, 0.7054262161254883, 0.14394782483577728, 0.32045185565948486, 0.4817049503326416, -0.8156414031982422, -0.6447151899337769, -0.519936740398407, -0.5603642463684082], "cam_t_m2c": [-235.1184539794922, 45.6311149597168, 686.9574584960938], "obj_id": 2}, {"cam_R_m2c": [-0.6940121650695801, 0.7054262161254883, 0.14394782483577728, 0.32045185565948486, 0.4817049503326416, -0.8156414031982422, -0.6447151899337769, -0.519936740398407, -0.5603642463684082], "cam_t_m2c": [-235.1184539794922, 45.6311149597168, 686.9574584960938], "obj_id": 0}, {"cam_R_m2c": [-0.6940121650695801, 0.7054262161254883, 0.14394782483577728, 0.32045185565948486, 0.4817049503326416, -0.8156414031982422, -0.6447151899337769, -0.519936740398407, -0.5603642463684082], "cam_t_m2c": [-235.1184539794922, 45.6311149597168, 686.9574584960938], "obj_id": 0}, {"cam_R_m2c": [0.10117260366678238, 0.9078320860862732, 0.406946063041687, -0.835116982460022, 0.2998032867908478, -0.4611915349960327, -0.5406882166862488, -0.29318761825561523, 0.7884778380393982], "cam_t_m2c": [-127.06819152832031, 177.8695831298828, 464.9380798339844], "obj_id": 1}, {"cam_R_m2c": [0.3512304127216339, 0.6151717901229858, 0.7058334350585938, -0.5735718011856079, 0.7372169494628906, -0.3571086525917053, -0.7400355339050293, -0.2794187366962433, 0.611778199672699], "cam_t_m2c": [-262.0799255371094, 6.052108287811279, 680.3458862304688], "obj_id": 2}, {"cam_R_m2c": [-0.2050321251153946, -0.9645904898643494, -0.16591310501098633, -0.8631867170333862, 0.09829746931791306, 0.49522361159324646, -0.46137911081314087, 0.24475069344043732, -0.8527758717536926], "cam_t_m2c": [-6.073773384094238, 23.41474151611328, 720.8370971679688], "obj_id": 3}, {"cam_R_m2c": [-0.6448636651039124, 0.7327205538749695, 0.21742059290409088, -0.3318939208984375, -0.5247102975845337, 0.7839169502258301, 0.6884747743606567, 0.4333588778972626, 0.5815519094467163], "cam_t_m2c": [1.8051728010177612, 13.08984375, 770.60693359375], "obj_id": 4}]
}