{
  "0": [{"cam_R_m2c": [0.6236283779144287, -0.7808060050010681, -0.03780961036682129, -0.5475674271583557, -0.40179893374443054, -0.7339805364608765, 0.5579046010971069, 0.47843441367149353, -0.6781171560287476], "cam_t_m2c": [10.9046630859375, 159.62681579589844, 506.5550842285156], "obj_id": 2}, {"cam_R_m2c": [0.6236283779144287, -0.7808060050010681, -0.03780961036682129, -0.5475674271583557, -0.40179893374443054, -0.7339805364608765, 0.5579046010971069, 0.47843441367149353, -0.6781171560287476], "cam_t_m2c": [10.9046630859375, 159.62681579589844, 506.5550842285156], "obj_id": 0}, {"cam_R_m2c": [0.6236283779144287, -0.7808060050010681, -0.03780961036682129, -0.5475674271583557, -0.40179893374443054, -0.7339805364608765, 0.5579046010971069, 0.47843441367149353, -0.6781171560287476], "cam_t_m2c": [10.9046630859375, 159.62681579589844, 506.5550842285156], "obj_id": 3}, {"cam_R_m2c": [0.6236283779144287, -0.7808060050010681, -0.03780961036682129, -0.5475674271583557, -0.40179893374443054, -0.7339805364608765, 0.5579046010971069, 0.47843441367149353, -0.6781171560287476], "cam_t_m2c": [10.9046630859375, 159.62681579589844, 506.5550842285156], "obj_id": 2}, {"cam_R_m2c": [0.6236283779144287, -0.7808060050010681, -0.03780961036682129, -0.5475674271583557, -0.40179893374443054, -0.7339805364608765, 0.5579046010971069, 0.47843441367149353, -0.6781171560287476], "cam_t_m2c": [10.9046630859375, 159.62681579589844, 506.5550842285156], "obj_id": 0}, {"cam_R_m2c": [0.6236283779144287, -0.7808060050010681, -0.03780961036682129, -0.5475674271583557, -0.40179893374443054, -0.7339805364608765, 0.5579046010971069, 0.47843441367149353, -0.6781171560287476], "cam_t_m2c": [10.9046630859375, 159.62681579589844, 506.5550842285156], "obj_id": 2}, {"cam_R_m2c": [0.6236283779144287, -0.7808060050010681, -0.03780961036682129, -0.5475674271583557, -0.40179893374443054, -0.7339805364608765, 0.5579046010971069, 0.47843441367149353, -0.6781171560287476], "cam_t_m2c": [10.9046630859375, 159.62681579589844, 506.5550842285156], "obj_id": 1}, {"cam_R_m2c": [0.6236283779144287, -0.7808060050010681, -0.03780961036682129, -0.5475674271583557, -0.40179893374443054, -0.7339805364608765, 0.5579046010971069, 0.47843441367149353, -0.6781171560287476], "cam_t_m2c": [10.9046630859375, 159.62681579589844, 506.5550842285156], "obj_id": 0}, {"cam_R_m2c": [0.6236283779144287, -0.7808060050010681, -0.03780961036682129, -0.5475674271583557, -0.40179893374443054, -0.7339805364608765, 0.5579046010971069, 0.47843441367149353, -0.6781171560287476], "cam_t_m2c": [10.9046630859375, 159.62681579589844, 506.5550842285156], "obj_id": 1}, {"cam_R_m2c": [0.6236283779144287, -0.7808060050010681, -0.03780961036682129, -0.5475674271583557, -0.40179893374443054, -0.7339805364608765, 0.5579046010971069, 0.47843441367149353, -0.6781171560287476], "cam_t_m2c": [10.9046630859375, 159.62681579589844, 506.5550842285156], "obj_id": 3}, {"cam_R_m2c": [0.6236283779144287, -0.7808060050010681, -0.03780961036682129, -0.5475674271583557, -0.40179893374443054, -0.7339805364608765, 0.5579046010971069, 0.47843441367149353, -0.6781171560287476], "cam_t_m2c": [10.9046630859375, 159.62681579589844, 506.5550842285156], "obj_id": 2}, {"cam_R_m2c": [0.6236283779144287, -0.7808060050010681, -0.03780961036682129, -0.5475674271583557, -0.40179893374443054, -0.7339805364608765, 0.5579046010971069, 0.47843441367149353, -0.6781171560287476], "cam_t_m2c": [10.9046630859375, 159.62681579589844, 506.5550842285156], "obj_id": 1}, {"cam_R_m2c": [0.1449190080165863, -0.9091192483901978, 0.39051327109336853, -0.21076644957065582, 0.35725754499435425, 0.9099145531654358, -0.9667346477508545, -0.21417097747325897, -0.13983839750289917], "cam_t_m2c": [52.893280029296875, 135.25518798828125, 558.6932373046875], "obj_id": 1}, {"cam_R_m2c": [0.25986382365226746, 0.5380879640579224, -0.8018304109573364, -0.879960298538208, -0.20999954640865326, -0.4261101186275482, -0.39766883850097656, 0.8163095712661743, 0.41892486810684204], "cam_t_m2c": [-317.9989929199219, -97.38945770263672, 755.737060546875], "obj_id": 2}, {"cam_R_m2c": [-0.5943328142166138, -0.7987875938415527, -0.09330885112285614, -0.6639983057975769, 0.4219333529472351, 0.617315411567688, -0.4537338614463806, 0.4288478493690491, -0.781162440776825], "cam_t_m2c": [54.01993179321289, 135.04318237304688, 570.8345947265625], "obj_id": 3}, {"cam_R_m2c": [0.09980393201112747, -0.9765322208404541, 0.1908506453037262, 0.5563838481903076, 0.21379023790359497, 0.8029512763023376, -0.8249098062515259, 0.02604852430522442, 0.5646638870239258], "cam_t_m2c": [-144.63230895996094, 75.24800872802734, 673.6624755859375], "obj_id": 4}],
  "1": [{"cam_R_m2c": [-0.9352606534957886, -0.35010361671447754, -0.05210317671298981, -0.16274462640285492, 0.556052029132843, -0.8150584697723389, 0.3143270015716553, -0.7538126707077026, -0.5770309567451477], "cam_t_m2c": [208.718994140625, -43.11079788208008, 790.9512329101562], "obj_id": 2}, {"cam_R_m2c": [-0.9352606534957886, -0.35010361671447754, -0.05210317671298981, -0.16274462640285492, 0.556052029132843, -0.8150584697723389, 0.3143270015716553, -0.7538126707077026, -0.5770309567451477], "cam_t_m2c": [208.718994140625, -43.11079788208008, 790.9512329101562], "obj_id": 0}, {"cam_R_m2c": [-0.9352606534957886, -0.35010361671447754, -0.05210317671298981, -0.16274462640285492, 0.556052029132843, -0.8150584697723389, 0.3143270015716553, -0.7538126707077026, -0.5770309567451477], "cam_t_m2c": [208.718994140625, -43.11079788208008, 790.9512329101562], "obj_id": 3}, {"cam_R_m2c": [-0.9352606534957886, -0.35010361671447754, -0.05210317671298981, -0.16274462640285492, 0.556052029132843, -0.8150584697723389, 0.3143270015716553, -0.7538126707077026, -0.5770309567451477], "cam_t_m2c": [208.718994140625, -43.11079788208008, 790.9512329101562], "obj_id": 2}, {"cam_R_m2c": [-0.9352606534957886, -0.35010361671447754, -0.05210317671298981, -0.16274462640285492, 0.556052029132843, -0.8150584697723389, 0.3143270015716553, -0.7538126707077026, -0.5770309567451477], "cam_t_m2c": [208.718994140625, -43.11079788208008, 790.9512329101562], "obj_id": 0}, {"cam_R_m2c": [-0.9352606534957886, -0.35010361671447754, -0.05210317671298981, -0.16274462640285492, 0.556052029132843, -0.8150584697723389, 0.3143270015716553, -0.7538126707077026, -0.5770309567451477], "cam_t_m2c": [208.718994140625, -43.11079788208008, 790.9512329101562], "obj_id": 2}, {"cam_R_m2c": [-0.9352606534957886, -0.35010361671447754, -0.05210317671298981, -0.16274462640285492, 0.556052029132843, -0.8150584697723389, 0.3143270015716553, -0.7538126707077026, -0.5770309567451477], "cam_t_m2c": [208.718994140625, -43.11079788208008, 790.9512329101562], "obj_id": 1}, {"cam_R_m2c": [-0.9352606534957886, -0.35010361671447754, -0.05210317671298981, -0.16274462640285492, 0.556052029132843, -0.8150584697723389, 0.3143270015716553, -0.7538126707077026, -0.5770309567451477], "cam_t_m2c": [208.718994140625, -43.11079788208008, 790.9512329101562], "obj_id": 0}, {"cam_R_m2c": [-0.9352606534957886, -0.35010361671447754, -0.05210317671298981, -0.16274462640285492, 0.556052029132843, -0.8150584697723389, 0.3143270015716553, -0.7538126707077026, -0.5770309567451477], "cam_t_m2c": [208.718994140625, -43.11079788208008, 790.9512329101562], "obj_id": 1}, {"cam_R_m2c": [-0.9352606534957886, -0.35010361671447754, -0.05210317671298981, -0.16274462640285492, 0.556052029132843, -0.8150584697723389, 0.3143270015716553, -0.7538126707077026, -0.5770309567451477], "cam_t_m2c": [208.718994140625, -43.11079788208008, 790.9512329101562], "obj_id": 3}, {"cam_R_m2c": [-0.9352606534957886, -0.35010361671447754, -0.05210317671298981, -0.16274462640285492, 0.556052029132843, -0.8150584697723389, 0.3143270015716553, -0.7538126707077026, -0.5770309567451477], "cam_t_m2c": [208.718994140625, -43.11079788208008, 790.9512329101562], "obj_id": 2}, {"cam_R_m2c": [-0.9352606534957886, -0.35010361671447754, -0.05210317671298981, -0.16274462640285492, 0.556052029132843, -0.8150584697723389, 0.3143270015716553, -0.7538126707077026, -0.5770309567451477], "cam_t_m2c": [208.718994140625, -43.11079788208008, 790.9512329101562], "obj_id": 1}, {"cam_R_m2c": [0.4419316351413727, 0.6668726801872253, 0.5999810099601746, -0.8746705651283264, 0.4688013792037964, 0.12319349497556686, -0.19911755621433258, -0.5792288780212402, 0.7904720902442932], "cam_t_m2c": [144.85214233398438, -37.661590576171875, 822.0436401367188], "obj_id": 1}, {"cam_R_m2c": [-0.428041011095047, -0.8446362614631653, -0.32151293754577637, -0.8289108872413635, 0.22515186667442322, 0.5120677351951599, -0.3601217269897461, 0.48569154739379883, -0.7965024709701538], "cam_t_m2c": [-30.56490135192871, 185.08714294433594, 434.5869140625], "obj_id": 2}, {"cam_R_m2c": [0.020886097103357315, 0.25708624720573425, 0.9661626219749451, -0.33829596638679504, 0.9111875295639038, -0.23514480888843536, -0.9408078193664551, -0.3219377100467682, 0.10600241273641586], "cam_t_m2c": [136.4188232421875, -29.490509033203125, 825.3359375], "obj_id": 3}, {"cam_R_m2c": [0.893202006816864, 0.43139728903770447, 0.12683294713497162, -0.3927503526210785, 0.6111419200897217, 0.6872064471244812, 0.21894609928131104, -0.6636278629302979, 0.7153046131134033], "cam_t_m2c": [89.02290344238281, 117.91002655029297, 653.1776733398438], "obj_id": 4}],
  "2": [{"cam_R_m2c": [-0.9352606534957886, -0.35010361671447754, -0.05210317671298981, -0.16274462640285492, 0.556052029132843, -0.8150584697723389, 0.3143270015716553, -0.7538126707077026, -0.5770309567451477], "cam_t_m2c": [208.718994140625, -43.11079788208008, 790.9512329101562], "obj_id": 2}, {"cam_R_m2c": [-0.9352606534957886, -0.35010361671447754, -0.05210317671298981, -0.16274462640285492, 0.556052029132843, -0.8150584697723389, 0.3143270015716553, -0.7538126707077026, -0.5770309567451477], "cam_t_m2c": [208.718994140625, -43.11079788208008, 790.9512329101562], "obj_id": 0}, {"cam_R_m2c": [-0.9352606534957886, -0.35010361671447754, -0.05210317671298981, -0.16274462640285492, 0.556052029132843, -0.8150584697723389, 0.3143270015716553, -0.7538126707077026, -0.5770309567451477], "cam_t_m2c": [208.718994140625, -43.11079788208008, 790.9512329101562], "obj_id": 3}, {"cam_R_m2c": [-0.9352606534957886, -0.35010361671447754, -0.05210317671298981, -0.16274462640285492, 0.556052029132843, -0.8150584697723389, 0.3143270015716553, -0.7538126707077026, -0.5770309567451477], "cam_t_m2c": [208.718994140625, -43.11079788208008, 790.9512329101562], "obj_id": 2}, {"cam_R_m2c": [-0.9352606534957886, -0.35010361671447754, -0.05210317671298981, -0.16274462640285492, 0.556052029132843, -0.8150584697723389, 0.3143270015716553, -0.7538126707077026, -0.5770309567451477], "cam_t_m2c": [208.718994140625, -43.11079788208008, 790.9512329101562], "obj_id": 0}, {"cam_R_m2c": [-0.9352606534957886, -0.35010361671447754, -0.05210317671298981, -0.16274462640285492, 0.556052029132843, -0.8150584697723389, 0.3143270015716553, -0.7538126707077026, -0.5770309567451477], "cam_t_m2c": [208.718994140625, -43.11079788208008, 790.9512329101562], "obj_id": 2}, {"cam_R_m2c": [-0.9352606534957886, -0.35010361671447754, -0.05210317671298981, -0.16274462640285492, 0.556052029132843, -0.8150584697723389, 0.3143270015716553, -0.7538126707077026, -0.5770309567451477], "cam_t_m2c": [208.718994140625, -43.11079788208008, 790.9512329101562], "obj_id": 1}, {"cam_R_m2c": [-0.9352606534957886, -0.35010361671447754, -0.05210317671298981, -0.16274462640285492, 0.556052029132843, -0.8150584697723389, 0.3143270015716553, -0.7538126707077026, -0.5770309567451477], "cam_t_m2c": [208.718994140625, -43.11079788208008, 790.9512329101562], "obj_id": 0}, {"cam_R_m2c": [-0.9352606534957886, -0.35010361671447754, -0.05210317671298981, -0.16274462640285492, 0.556052029132843, -0.8150584697723389, 0.3143270015716553, -0.7538126707077026, -0.5770309567451477], "cam_t_m2c": [208.718994140625, -43.11079788208008, 790.9512329101562], "obj_id": 1}, {"cam_R_m2c": [-0.9352606534957886, -0.35010361671447754, -0.05210317671298981, -0.16274462640285492, 0.556052029132843, -0.8150584697723389, 0.3143270015716553, -0.7538126707077026, -0.5770309567451477], "cam_t_m2c": [208.718994140625, -43.11079788208008, 790.9512329101562], "obj_id": 3}, {"cam_R_m2c": [-0.9352606534957886, -0.35010361671447754, -0.05210317671298981, -0.16274462640285492, 0.556052029132843, -0.8150584697723389, 0.3143270015716553, -0.7538126707077026, -0.5770309567451477], "cam_t_m2c": [208.718994140625, -43.11079788208008, 790.9512329101562], "obj_id": 2}, {"cam_R_m2c": [-0.9352606534957886, -0.35010361671447754, -0.05210317671298981, -0.16274462640285492, 0.556052029132843, -0.8150584697723389, 0.3143270015716553, -0.7538126707077026, -0.5770309567451477], "cam_t_m2c": [208.718994140625, -43.11079788208008, 790.9512329101562], "obj_id": 1}, {"cam_R_m2c": [0.4419316351413727, 0.6668726801872253, 0.5999810099601746, -0.8746705651283264, 0.4688013792037964, 0.12319349497556686, -0.19911755621433258, -0.5792288780212402, 0.7904720902442932], "cam_t_m2c": [144.85214233398438, -37.661590576171875, 822.0436401367188], "obj_id": 1}, {"cam_R_m2c": [-0.428041011095047, -0.8446362614631653, -0.32151293754577637, -0.8289108872413635, 0.22515186667442322, 0.5120677351951599, -0.3601217269897461, 0.48569154739379883, -0.7965024709701538], "cam_t_m2c": [-30.56490135192871, 185.08714294433594, 434.5869140625], "obj_id": 2}, {"cam_R_m2c": [0.020886097103357315, 0.25708624720573425, 0.9661626219749451, -0.33829596638679504, 0.9111875295639038, -0.23514480888843536, -0.9408078193664551, -0.3219377100467682, 0.10600241273641586], "cam_t_m2c": [136.4188232421875, -29.490509033203125, 825.3359375], "obj_id": 3}, {"cam_R_m2c": [0.893202006816864, 0.43139728903770447, 0.12683294713497162, -0.3927503526210785, 0.6111419200897217, 0.6872064471244812, 0.21894609928131104, -0.6636278629302979, 0.7153046131134033], "cam_t_m2c": [89.02290344238281, 117.91002655029297, 653.1776733398438], "obj_id": 4}],
  "3": [{"cam_R_m2c": [-0.9928025007247925, -0.09880666434764862, 0.0676800012588501, -0.10788900405168533, 0.49252960085868835, -0.86358243227005, 0.05199328437447548, -0.8646686673164368, -0.49964481592178345], "cam_t_m2c": [182.92710876464844, -45.077972412109375, 744.2792358398438], "obj_id": 2}, {"cam_R_m2c": [-0.9928025007247925, -0.09880666434764862, 0.0676800012588501, -0.10788900405168533, 0.49252960085868835, -0.86358243227005, 0.05199328437447548, -0.8646686673164368, -0.49964481592178345], "cam_t_m2c": [182.92710876464844, -45.077972412109375, 744.2792358398438], "obj_id": 0}, {"cam_R_m2c": [-0.9928025007247925, -0.09880666434764862, 0.0676800012588501, -0.10788900405168533, 0.49252960085868835, -0.86358243227005, 0.05199328437447548, -0.8646686673164368, -0.49964481592178345], "cam_t_m2c": [182.92710876464844, -45.077972412109375, 744.2792358398438], "obj_id": 3}, {"cam_R_m2c": [-0.9928025007247925, -0.09880666434764862, 0.0676800012588501, -0.10788900405168533, 0.49252960085868835, -0.86358243227005, 0.05199328437447548, -0.8646686673164368, -0.49964481592178345], "cam_t_m2c": [182.92710876464844, -45.077972412109375, 744.2792358398438], "obj_id": 2}, {"cam_R_m2c": [-0.9928025007247925, -0.09880666434764862, 0.0676800012588501, -0.10788900405168533, 0.49252960085868835, -0.86358243227005, 0.05199328437447548, -0.8646686673164368, -0.49964481592178345], "cam_t_m2c": [182.92710876464844, -45.077972412109375, 744.2792358398438], "obj_id": 0}, {"cam_R_m2c": [-0.9928025007247925, -0.09880666434764862, 0.0676800012588501, -0.10788900405168533, 0.49252960085868835, -0.86358243227005, 0.05199328437447548, -0.8646686673164368, -0.49964481592178345], "cam_t_m2c": [182.92710876464844, -45.077972412109375, 744.2792358398438], "obj_id": 2}, {"cam_R_m2c": [-0.9928025007247925, -0.09880666434764862, 0.0676800012588501, -0.10788900405168533, 0.49252960085868835, -0.86358243227005, 0.05199328437447548, -0.8646686673164368, -0.49964481592178345], "cam_t_m2c": [182.92710876464844, -45.077972412109375, 744.2792358398438], "obj_id": 1}, {"cam_R_m2c": [-0.9928025007247925, -0.09880666434764862, 0.0676800012588501, -0.10788900405168533, 0.49252960085868835, -0.86358243227005, 0.05199328437447548, -0.8646686673164368, -0.49964481592178345], "cam_t_m2c": [182.92710876464844, -45.077972412109375, 744.2792358398438], "obj_id": 0}, {"cam_R_m2c": [-0.9928025007247925, -0.09880666434764862, 0.0676800012588501, -0.10788900405168533, 0.49252960085868835, -0.86358243227005, 0.05199328437447548, -0.8646686673164368, -0.49964481592178345], "cam_t_m2c": [182.92710876464844, -45.077972412109375, 744.2792358398438], "obj_id": 1}, {"cam_R_m2c": [-0.9928025007247925, -0.09880666434764862, 0.0676800012588501, -0.10788900405168533, 0.49252960085868835, -0.86358243227005, 0.05199328437447548, -0.8646686673164368, -0.49964481592178345], "cam_t_m2c": [182.92710876464844, -45.077972412109375, 744.2792358398438], "obj_id": 3}, {"cam_R_m2c": [-0.9928025007247925, -0.09880666434764862, 0.0676800012588501, -0.10788900405168533, 0.49252960085868835, -0.86358243227005, 0.05199328437447548, -0.8646686673164368, -0.49964481592178345], "cam_t_m2c": [182.92710876464844, -45.077972412109375, 744.2792358398438], "obj_id": 2}, {"cam_R_m2c": [-0.9928025007247925, -0.09880666434764862, 0.0676800012588501, -0.10788900405168533, 0.49252960085868835, -0.86358243227005, 0.05199328437447548, -0.8646686673164368, -0.49964481592178345], "cam_t_m2c": [182.92710876464844, -45.077972412109375, 744.2792358398438], "obj_id": 1}, {"cam_R_m2c": [0.43414074182510376, 0.8242922425270081, 0.36340615153312683, -0.9008306264877319, 0.3949601948261261, 0.18030688166618347, 0.005094628781080246, -0.4056459665298462, 0.91401606798172], "cam_t_m2c": [113.31993103027344, -35.06403350830078, 755.6796875], "obj_id": 1}, {"cam_R_m2c": [-0.35378625988960266, -0.9332806468009949, -0.06182531639933586, -0.8471934795379639, 0.2917385697364807, 0.44401776790618896, -0.39635637402534485, 0.20946542918682098, -0.8938823342323303], "cam_t_m2c": [63.63973617553711, 155.21046447753906, 317.68609619140625], "obj_id": 2}, {"cam_R_m2c": [0.2628922164440155, 0.3826559782028198, 0.885698676109314, -0.4248744547367096, 0.8701024055480957, -0.2498069554567337, -0.8662386536598206, -0.310638427734375, 0.39132389426231384], "cam_t_m2c": [104.73714447021484, -26.400959014892578, 755.7958984375], "obj_id": 3}, {"cam_R_m2c": [0.7763298153877258, 0.6290050148963928, -0.04080147296190262, -0.3942176103591919, 0.5350207686424255, 0.7472250461578369, 0.49183791875839233, -0.5640084147453308, 0.6633173823356628], "cam_t_m2c": [114.46797180175781, 105.53214263916016, 565.7677001953125], "obj_id": 4}],
  "4": [{"cam_R_m2c": [-0.9928025007247925, -0.09880666434764862, 0.0676800012588501, -0.10788900405168533, 0.49252960085868835, -0.86358243227005, 0.05199328437447548, -0.8646686673164368, -0.49964481592178345], "cam_t_m2c": [182.92710876464844, -45.077972412109375, 744.2792358398438], "obj_id": 2}, {"cam_R_m2c": [-0.9928025007247925, -0.09880666434764862, 0.0676800012588501, -0.10788900405168533, 0.49252960085868835, -0.86358243227005, 0.05199328437447548, -0.8646686673164368, -0.49964481592178345], "cam_t_m2c": [182.92710876464844, -45.077972412109375, 744.2792358398438], "obj_id": 0}, {"cam_R_m2c": [-0.9928025007247925, -0.09880666434764862, 0.0676800012588501, -0.10788900405168533, 0.49252960085868835, -0.86358243227005, 0.05199328437447548, -0.8646686673164368, -0.49964481592178345], "cam_t_m2c": [182.92710876464844, -45.077972412109375, 744.2792358398438], "obj_id": 3}, {"cam_R_m2c": [-0.9928025007247925, -0.09880666434764862, 0.0676800012588501, -0.10788900405168533, 0.49252960085868835, -0.86358243227005, 0.05199328437447548, -0.8646686673164368, -0.49964481592178345], "cam_t_m2c": [182.92710876464844, -45.077972412109375, 744.2792358398438], "obj_id": 2}, {"cam_R_m2c": [-0.9928025007247925, -0.09880666434764862, 0.0676800012588501, -0.10788900405168533, 0.49252960085868835, -0.86358243227005, 0.05199328437447548, -0.8646686673164368, -0.49964481592178345], "cam_t_m2c": [182.92710876464844, -45.077972412109375, 744.2792358398438], "obj_id": 0}, {"cam_R_m2c": [-0.9928025007247925, -0.09880666434764862, 0.0676800012588501, -0.10788900405168533, 0.49252960085868835, -0.86358243227005, 0.05199328437447548, -0.8646686673164368, -0.49964481592178345], "cam_t_m2c": [182.92710876464844, -45.077972412109375, 744.2792358398438], "obj_id": 2}, {"cam_R_m2c": [-0.9928025007247925, -0.09880666434764862, 0.0676800012588501, -0.10788900405168533, 0.49252960085868835, -0.86358243227005, 0.05199328437447548, -0.8646686673164368, -0.49964481592178345], "cam_t_m2c": [182.92710876464844, -45.077972412109375, 744.2792358398438], "obj_id": 1}, {"cam_R_m2c": [-0.9928025007247925, -0.09880666434764862, 0.0676800012588501, -0.10788900405168533, 0.49252960085868835, -0.86358243227005, 0.05199328437447548, -0.8646686673164368, -0.49964481592178345], "cam_t_m2c": [182.92710876464844, -45.077972412109375, 744.2792358398438], "obj_id": 0}, {"cam_R_m2c": [-0.9928025007247925, -0.09880666434764862, 0.0676800012588501, -0.10788900405168533, 0.49252960085868835, -0.86358243227005, 0.05199328437447548, -0.8646686673164368, -0.49964481592178345], "cam_t_m2c": [182.92710876464844, -45.077972412109375, 744.2792358398438], "obj_id": 1}, {"cam_R_m2c": [-0.9928025007247925, -0.09880666434764862, 0.0676800012588501, -0.10788900405168533, 0.49252960085868835, -0.86358243227005, 0.05199328437447548, -0.8646686673164368, -0.49964481592178345], "cam_t_m2c": [182.92710876464844, -45.077972412109375, 744.2792358398438], "obj_id": 3}, {"cam_R_m2c": [-0.9928025007247925, -0.09880666434764862, 0.0676800012588501, -0.10788900405168533, 0.49252960085868835, -0.86358243227005, 0.05199328437447548, -0.8646686673164368, -0.49964481592178345], "cam_t_m2c": [182.92710876464844, -45.077972412109375, 744.2792358398438], "obj_id": 2}, {"cam_R_m2c": [-0.9928025007247925, -0.09880666434764862, 0.0676800012588501, -0.10788900405168533, 0.49252960085868835, -0.86358243227005, 0.05199328437447548, -0.8646686673164368, -0.49964481592178345], "cam_t_m2c": [182.92710876464844, -45.077972412109375, 744.2792358398438], "obj_id": 1}, {"cam_R_m2c": [0.43414074182510376, 0.8242922425270081, 0.36340615153312683, -0.9008306264877319, 0.3949601948261261, 0.18030688166618347, 0.005094628781080246, -0.4056459665298462, 0.91401606798172], "cam_t_m2c": [113.31993103027344, -35.06403350830078, 755.6796875], "obj_id": 1}, {"cam_R_m2c": [-0.35378625988960266, -0.9332806468009949, -0.06182531639933586, -0.8471934795379639, 0.2917385697364807, 0.44401776790618896, -0.39635637402534485, 0.20946542918682098, -0.8938823342323303], "cam_t_m2c": [63.63973617553711, 155.21046447753906, 317.68609619140625], "obj_id": 2}, {"cam_R_m2c": [0.2628922164440155, 0.3826559782028198, 0.885698676109314, -0.4248744547367096, 0.8701024055480957, -0.2498069554567337, -0.8662386536598206, -0.310638427734375, 0.39132389426231384], "cam_t_m2c": [104.73714447021484, -26.400959014892578, 755.7958984375], "obj_id": 3}, {"cam_R_m2c": [0.7763298153877258, 0.6290050148963928, -0.04080147296190262, -0.3942176103591919, 0.5350207686424255, 0.7472250461578369, 0.49183791875839233, -0.5640084147453308, 0.6633173823356628], "cam_t_m2c": [114.46797180175781, 105.53214263916016, 565.7677001953125], "obj_id": 4}],
  "5": [{"cam_R_m2c": [-0.6637373566627502, 0.7295278906822205, 0.16505134105682373, 0.10423854738473892, 0.3087335228919983, -0.9454194903373718, -0.7406667470932007, -0.6103054285049438, -0.2809629440307617], "cam_t_m2c": [-274.36676025390625, -28.408002853393555, 743.0578002929688], "obj_id": 1}, {"cam_R_m2c": [-0.6637373566627502, 0.7295278906822205, 0.16505134105682373, 0.10423854738473892, 0.3087335228919983, -0.9454194903373718, -0.7406667470932007, -0.6103054285049438, -0.2809629440307617], "cam_t_m2c": [-274.36676025390625, -28.408002853393555, 743.0578002929688], "obj_id": 2}, {"cam_R_m2c": [-0.6637373566627502, 0.7295278906822205, 0.16505134105682373, 0.10423854738473892, 0.3087335228919983, -0.9454194903373718, -0.7406667470932007, -0.6103054285049438, -0.2809629440307617], "cam_t_m2c": [-274.36676025390625, -28.408002853393555, 743.0578002929688], "obj_id": 3}, {"cam_R_m2c": [-0.6637373566627502, 0.7295278906822205, 0.16505134105682373, 0.10423854738473892, 0.3087335228919983, -0.9454194903373718, -0.7406667470932007, -0.6103054285049438, -0.2809629440307617], "cam_t_m2c": [-274.36676025390625, -28.408002853393555, 743.0578002929688], "obj_id": 1}, {"cam_R_m2c": [-0.6637373566627502, 0.7295278906822205, 0.16505134105682373, 0.10423854738473892, 0.3087335228919983, -0.9454194903373718, -0.7406667470932007, -0.6103054285049438, -0.2809629440307617], "cam_t_m2c": [-274.36676025390625, -28.408002853393555, 743.0578002929688], "obj_id": 0}, {"cam_R_m2c": [-0.6637373566627502, 0.7295278906822205, 0.16505134105682373, 0.10423854738473892, 0.3087335228919983, -0.9454194903373718, -0.7406667470932007, -0.6103054285049438, -0.2809629440307617], "cam_t_m2c": [-274.36676025390625, -28.408002853393555, 743.0578002929688], "obj_id": 0}, {"cam_R_m2c": [-0.6637373566627502, 0.7295278906822205, 0.16505134105682373, 0.10423854738473892, 0.3087335228919983, -0.9454194903373718, -0.7406667470932007, -0.6103054285049438, -0.2809629440307617], "cam_t_m2c": [-274.36676025390625, -28.408002853393555, 743.0578002929688], "obj_id": 0}, {"cam_R_m2c": [-0.6637373566627502, 0.7295278906822205, 0.16505134105682373, 0.10423854738473892, 0.3087335228919983, -0.9454194903373718, -0.7406667470932007, -0.6103054285049438, -0.2809629440307617], "cam_t_m2c": [-274.36676025390625, -28.408002853393555, 743.0578002929688], "obj_id": 1}, {"cam_R_m2c": [-0.6637373566627502, 0.7295278906822205, 0.16505134105682373, 0.10423854738473892, 0.3087335228919983, -0.9454194903373718, -0.7406667470932007, -0.6103054285049438, -0.2809629440307617], "cam_t_m2c": [-274.36676025390625, -28.408002853393555, 743.0578002929688], "obj_id": 0}, {"cam_R_m2c": [-0.6637373566627502, 0.7295278906822205, 0.16505134105682373, 0.10423854738473892, 0.3087335228919983, -0.9454194903373718, -0.7406667470932007, -0.6103054285049438, -0.2809629440307617], "cam_t_m2c": [-274.36676025390625, -28.408002853393555, 743.0578002929688], "obj_id": 0}, {"cam_R_m2c": [-0.6637373566627502, 0.7295278906822205, 0.16505134105682373, 0.10423854738473892, 0.3087335228919983, -0.9454194903373718, -0.7406667470932007, -0.6103054285049438, -0.2809629440307617], "cam_t_m2c": [-274.36676025390625, -28.408002853393555, 743.0578002929688], "obj_id": 3}, {"cam_R_m2c": [-0.6637373566627502, 0.7295278906822205, 0.16505134105682373, 0.10423854738473892, 0.3087335228919983, -0.9454194903373718, -0.7406667470932007, -0.6103054285049438, -0.2809629440307617], "cam_t_m2c": [-274.36676025390625, -28.408002853393555, 743.0578002929688], "obj_id": 3}, {"cam_R_m2c": [-0.9457525610923767, -0.3128686845302582, 0.08754941821098328, -0.048862017691135406, -0.1294347047805786, -0.9903832674026489, 0.3211918771266937, -0.940935492515564, 0.10712600499391556], "cam_t_m2c": [-288.1031799316406, -141.4362030029297, 917.3977661132812], "obj_id": 1}, {"cam_R_m2c": [-0.3368571102619171, -0.8548105955123901, 0.3947479724884033, 0.8984151482582092, -0.41726192831993103, -0.1369035392999649, 0.2817399203777313, 0.30853065848350525, 0.9085325598716736], "cam_t_m2c": [-139.66989135742188, 21.70083236694336, 527.8822631835938], "obj_id": 2}, {"cam_R_m2c": [-0.15594245493412018, -0.43122032284736633, -0.8886680603027344, 0.92482990026474, 0.2522636353969574, -0.28469738364219666, 0.3469459116458893, -0.8662632703781128, 0.35946691036224365], "cam_t_m2c": [-405.4633483886719, -66.89527893066406, 900.5360717773438], "obj_id": 3}, {"cam_R_m2c": [-0.04307917132973671, -0.9969717860221863, -0.06474127620458603, -0.9798551797866821, 0.029513301327824593, 0.197516530752182, -0.19500768184661865, 0.0719459280371666, -0.9781593084335327], "cam_t_m2c": [-246.82626342773438, -75.89753723144531, 804.763427734375], "obj_id": 4}],
  "6": [{"cam_R_m2c": [-0.6637373566627502, 0.7295278906822205, 0.16505134105682373, 0.10423854738473892, 0.3087335228919983, -0.9454194903373718, -0.7406667470932007, -0.6103054285049438, -0.2809629440307617], "cam_t_m2c": [-274.36676025390625, -28.408002853393555, 743.0578002929688], "obj_id": 1}, {"cam_R_m2c": [-0.6637373566627502, 0.7295278906822205, 0.16505134105682373, 0.10423854738473892, 0.3087335228919983, -0.9454194903373718, -0.7406667470932007, -0.6103054285049438, -0.2809629440307617], "cam_t_m2c": [-274.36676025390625, -28.408002853393555, 743.0578002929688], "obj_id": 2}, {"cam_R_m2c": [-0.6637373566627502, 0.7295278906822205, 0.16505134105682373, 0.10423854738473892, 0.3087335228919983, -0.9454194903373718, -0.7406667470932007, -0.6103054285049438, -0.2809629440307617], "cam_t_m2c": [-274.36676025390625, -28.408002853393555, 743.0578002929688], "obj_id": 3}, {"cam_R_m2c": [-0.6637373566627502, 0.7295278906822205, 0.16505134105682373, 0.10423854738473892, 0.3087335228919983, -0.9454194903373718, -0.7406667470932007, -0.6103054285049438, -0.2809629440307617], "cam_t_m2c": [-274.36676025390625, -28.408002853393555, 743.0578002929688], "obj_id": 1}, {"cam_R_m2c": [-0.6637373566627502, 0.7295278906822205, 0.16505134105682373, 0.10423854738473892, 0.3087335228919983, -0.9454194903373718, -0.7406667470932007, -0.6103054285049438, -0.2809629440307617], "cam_t_m2c": [-274.36676025390625, -28.408002853393555, 743.0578002929688], "obj_id": 0}, {"cam_R_m2c": [-0.6637373566627502, 0.7295278906822205, 0.16505134105682373, 0.10423854738473892, 0.3087335228919983, -0.9454194903373718, -0.7406667470932007, -0.6103054285049438, -0.2809629440307617], "cam_t_m2c": [-274.36676025390625, -28.408002853393555, 743.0578002929688], "obj_id": 0}, {"cam_R_m2c": [-0.6637373566627502, 0.7295278906822205, 0.16505134105682373, 0.10423854738473892, 0.3087335228919983, -0.9454194903373718, -0.7406667470932007, -0.6103054285049438, -0.2809629440307617], "cam_t_m2c": [-274.36676025390625, -28.408002853393555, 743.0578002929688], "obj_id": 0}, {"cam_R_m2c": [-0.6637373566627502, 0.7295278906822205, 0.16505134105682373, 0.10423854738473892, 0.3087335228919983, -0.9454194903373718, -0.7406667470932007, -0.6103054285049438, -0.2809629440307617], "cam_t_m2c": [-274.36676025390625, -28.408002853393555, 743.0578002929688], "obj_id": 1}, {"cam_R_m2c": [-0.6637373566627502, 0.7295278906822205, 0.16505134105682373, 0.10423854738473892, 0.3087335228919983, -0.9454194903373718, -0.7406667470932007, -0.6103054285049438, -0.2809629440307617], "cam_t_m2c": [-274.36676025390625, -28.408002853393555, 743.0578002929688], "obj_id": 0}, {"cam_R_m2c": [-0.6637373566627502, 0.7295278906822205, 0.16505134105682373, 0.10423854738473892, 0.3087335228919983, -0.9454194903373718, -0.7406667470932007, -0.6103054285049438, -0.2809629440307617], "cam_t_m2c": [-274.36676025390625, -28.408002853393555, 743.0578002929688], "obj_id": 0}, {"cam_R_m2c": [-0.6637373566627502, 0.7295278906822205, 0.16505134105682373, 0.10423854738473892, 0.3087335228919983, -0.9454194903373718, -0.7406667470932007, -0.6103054285049438, -0.2809629440307617], "cam_t_m2c": [-274.36676025390625, -28.408002853393555, 743.0578002929688], "obj_id": 3}, {"cam_R_m2c": [-0.6637373566627502, 0.7295278906822205, 0.16505134105682373, 0.10423854738473892, 0.3087335228919983, -0.9454194903373718, -0.7406667470932007, -0.6103054285049438, -0.2809629440307617], "cam_t_m2c": [-274.36676025390625, -28.408002853393555, 743.0578002929688], "obj_id": 3}, {"cam_R_m2c": [-0.9457525610923767, -0.3128686845302582, 0.08754941821098328, -0.048862017691135406, -0.1294347047805786, -0.9903832674026489, 0.3211918771266937, -0.940935492515564, 0.10712600499391556], "cam_t_m2c": [-288.1031799316406, -141.4362030029297, 917.3977661132812], "obj_id": 1}, {"cam_R_m2c": [-0.3368571102619171, -0.8548105955123901, 0.3947479724884033, 0.8984151482582092, -0.41726192831993103, -0.1369035392999649, 0.2817399203777313, 0.30853065848350525, 0.9085325598716736], "cam_t_m2c": [-139.66989135742188, 21.70083236694336, 527.8822631835938], "obj_id": 2}, {"cam_R_m2c": [-0.15594245493412018, -0.43122032284736633, -0.8886680603027344, 0.92482990026474, 0.2522636353969574, -0.28469738364219666, 0.3469459116458893, -0.8662632703781128, 0.35946691036224365], "cam_t_m2c": [-405.4633483886719, -66.89527893066406, 900.5360717773438], "obj_id": 3}, {"cam_R_m2c": [-0.04307917132973671, -0.9969717860221863, -0.06474127620458603, -0.9798551797866821, 0.029513301327824593, 0.197516530752182, -0.19500768184661865, 0.0719459280371666, -0.9781593084335327], "cam_t_m2c": [-246.82626342773438, -75.89753723144531, 804.763427734375], "obj_id": 4}],
  "7": [{"cam_R_m2c": [-0.8937761187553406, -0.42069193720817566, 0.15550687909126282, -0.19144350290298462, 0.04429030418395996, -0.9805037975311279, 0.4056026041507721, -0.9061217308044434, -0.12012428045272827], "cam_t_m2c": [-111.87116241455078, -39.52293395996094, 1069.749267578125], "obj_id": 1}, {"cam_R_m2c": [-0.8937761187553406, -0.42069193720817566, 0.15550687909126282, -0.19144350290298462, 0.04429030418395996, -0.9805037975311279, 0.4056026041507721, -0.9061217308044434, -0.12012428045272827], "cam_t_m2c": [-111.87116241455078, -39.52293395996094, 1069.749267578125], "obj_id": 2}, {"cam_R_m2c": [-0.8937761187553406, -0.42069193720817566, 0.15550687909126282, -0.19144350290298462, 0.04429030418395996, -0.9805037975311279, 0.4056026041507721, -0.9061217308044434, -0.12012428045272827], "cam_t_m2c": [-111.87116241455078, -39.52293395996094, 1069.749267578125], "obj_id": 3}, {"cam_R_m2c": [-0.8937761187553406, -0.42069193720817566, 0.15550687909126282, -0.19144350290298462, 0.04429030418395996, -0.9805037975311279, 0.4056026041507721, -0.9061217308044434, -0.12012428045272827], "cam_t_m2c": [-111.87116241455078, -39.52293395996094, 1069.749267578125], "obj_id": 1}, {"cam_R_m2c": [-0.8937761187553406, -0.42069193720817566, 0.15550687909126282, -0.19144350290298462, 0.04429030418395996, -0.9805037975311279, 0.4056026041507721, -0.9061217308044434, -0.12012428045272827], "cam_t_m2c": [-111.87116241455078, -39.52293395996094, 1069.749267578125], "obj_id": 0}, {"cam_R_m2c": [-0.8937761187553406, -0.42069193720817566, 0.15550687909126282, -0.19144350290298462, 0.04429030418395996, -0.9805037975311279, 0.4056026041507721, -0.9061217308044434, -0.12012428045272827], "cam_t_m2c": [-111.87116241455078, -39.52293395996094, 1069.749267578125], "obj_id": 0}, {"cam_R_m2c": [-0.8937761187553406, -0.42069193720817566, 0.15550687909126282, -0.19144350290298462, 0.04429030418395996, -0.9805037975311279, 0.4056026041507721, -0.9061217308044434, -0.12012428045272827], "cam_t_m2c": [-111.87116241455078, -39.52293395996094, 1069.749267578125], "obj_id": 0}, {"cam_R_m2c": [-0.8937761187553406, -0.42069193720817566, 0.15550687909126282, -0.19144350290298462, 0.04429030418395996, -0.9805037975311279, 0.4056026041507721, -0.9061217308044434, -0.12012428045272827], "cam_t_m2c": [-111.87116241455078, -39.52293395996094, 1069.749267578125], "obj_id": 1}, {"cam_R_m2c": [-0.8937761187553406, -0.42069193720817566, 0.15550687909126282, -0.19144350290298462, 0.04429030418395996, -0.9805037975311279, 0.4056026041507721, -0.9061217308044434, -0.12012428045272827], "cam_t_m2c": [-111.87116241455078, -39.52293395996094, 1069.749267578125], "obj_id": 0}, {"cam_R_m2c": [-0.8937761187553406, -0.42069193720817566, 0.15550687909126282, -0.19144350290298462, 0.04429030418395996, -0.9805037975311279, 0.4056026041507721, -0.9061217308044434, -0.12012428045272827], "cam_t_m2c": [-111.87116241455078, -39.52293395996094, 1069.749267578125], "obj_id": 0}, {"cam_R_m2c": [-0.8937761187553406, -0.42069193720817566, 0.15550687909126282, -0.19144350290298462, 0.04429030418395996, -0.9805037975311279, 0.4056026041507721, -0.9061217308044434, -0.12012428045272827], "cam_t_m2c": [-111.87116241455078, -39.52293395996094, 1069.749267578125], "obj_id": 3}, {"cam_R_m2c": [-0.8937761187553406, -0.42069193720817566, 0.15550687909126282, -0.19144350290298462, 0.04429030418395996, -0.9805037975311279, 0.4056026041507721, -0.9061217308044434, -0.12012428045272827], "cam_t_m2c": [-111.87116241455078, -39.52293395996094, 1069.749267578125], "obj_id": 3}, {"cam_R_m2c": [0.004073056858032942, -0.8730781674385071, 0.4875633120536804, 0.08267893642187119, -0.48560404777526855, -0.8702602982521057, 0.996567964553833, 0.04385587200522423, 0.07020722329616547], "cam_t_m2c": [78.2271957397461, -75.51866912841797, 1146.7259521484375], "obj_id": 1}, {"cam_R_m2c": [-0.19103451073169708, 0.15769967436790466, 0.9688326716423035, 0.9379517436027527, -0.26167312264442444, 0.22753863036632538, 0.289400190114975, 0.9521859884262085, -0.09792617708444595], "cam_t_m2c": [-276.6794738769531, -77.69039154052734, 873.9531860351562], "obj_id": 2}, {"cam_R_m2c": [-0.0873071700334549, -0.9859150052070618, 0.142650306224823, 0.9872745871543884, -0.10474085062742233, -0.11965926736593246, 0.1329151690006256, 0.13038791716098785, 0.9825133681297302], "cam_t_m2c": [-0.72824627161026, -13.180660247802734, 1244.1634521484375], "obj_id": 3}, {"cam_R_m2c": [0.17853006720542908, -0.25901350378990173, -0.9492307901382446, -0.978154182434082, 0.05769699439406395, -0.1997135728597641, 0.10649629682302475, 0.9641488790512085, -0.24305450916290283], "cam_t_m2c": [-31.708948135375977, -59.23374557495117, 1067.13671875], "obj_id": 4}]
}