{
  "0": [{"cam_R_m2c": [0.1438995897769928, -0.9895917773246765, 0.0010837380541488528, -0.19029584527015686, -0.02874624915421009, -0.9813058972358704, 0.9711233377456665, 0.1410033404827118, -0.1924518197774887], "cam_t_m2c": [-44.64773178100586, 36.87818908691406, 10.03071117401123], "obj_id": 0}, {"cam_R_m2c": [0.1438995897769928, -0.9895917773246765, 0.0010837380541488528, -0.19029584527015686, -0.02874624915421009, -0.9813058972358704, 0.9711233377456665, 0.1410033404827118, -0.1924518197774887], "cam_t_m2c": [-44.64773178100586, 36.87818908691406, 10.03071117401123], "obj_id": 1}, {"cam_R_m2c": [0.1438995897769928, -0.9895917773246765, 0.0010837380541488528, -0.19029584527015686, -0.02874624915421009, -0.9813058972358704, 0.9711233377456665, 0.1410033404827118, -0.1924518197774887], "cam_t_m2c": [-44.64773178100586, 36.87818908691406, 10.03071117401123], "obj_id": 0}, {"cam_R_m2c": [0.1438995897769928, -0.9895917773246765, 0.0010837380541488528, -0.19029584527015686, -0.02874624915421009, -0.9813058972358704, 0.9711233377456665, 0.1410033404827118, -0.1924518197774887], "cam_t_m2c": [-44.64773178100586, 36.87818908691406, 10.03071117401123], "obj_id": 0}, {"cam_R_m2c": [0.1438995897769928, -0.9895917773246765, 0.0010837380541488528, -0.19029584527015686, -0.02874624915421009, -0.9813058972358704, 0.9711233377456665, 0.1410033404827118, -0.1924518197774887], "cam_t_m2c": [-44.64773178100586, 36.87818908691406, 10.03071117401123], "obj_id": 3}, {"cam_R_m2c": [0.1438995897769928, -0.9895917773246765, 0.0010837380541488528, -0.19029584527015686, -0.02874624915421009, -0.9813058972358704, 0.9711233377456665, 0.1410033404827118, -0.1924518197774887], "cam_t_m2c": [-44.64773178100586, 36.87818908691406, 10.03071117401123], "obj_id": 1}, {"cam_R_m2c": [0.1438995897769928, -0.9895917773246765, 0.0010837380541488528, -0.19029584527015686, -0.02874624915421009, -0.9813058972358704, 0.9711233377456665, 0.1410033404827118, -0.1924518197774887], "cam_t_m2c": [-44.64773178100586, 36.87818908691406, 10.03071117401123], "obj_id": 1}, {"cam_R_m2c": [0.1438995897769928, -0.9895917773246765, 0.0010837380541488528, -0.19029584527015686, -0.02874624915421009, -0.9813058972358704, 0.9711233377456665, 0.1410033404827118, -0.1924518197774887], "cam_t_m2c": [-44.64773178100586, 36.87818908691406, 10.03071117401123], "obj_id": 3}, {"cam_R_m2c": [0.1438995897769928, -0.9895917773246765, 0.0010837380541488528, -0.19029584527015686, -0.02874624915421009, -0.9813058972358704, 0.9711233377456665, 0.1410033404827118, -0.1924518197774887], "cam_t_m2c": [-44.64773178100586, 36.87818908691406, 10.03071117401123], "obj_id": 2}, {"cam_R_m2c": [0.1438995897769928, -0.9895917773246765, 0.0010837380541488528, -0.19029584527015686, -0.02874624915421009, -0.9813058972358704, 0.9711233377456665, 0.1410033404827118, -0.1924518197774887], "cam_t_m2c": [-44.64773178100586, 36.87818908691406, 10.03071117401123], "obj_id": 2}, {"cam_R_m2c": [0.1438995897769928, -0.9895917773246765, 0.0010837380541488528, -0.19029584527015686, -0.02874624915421009, -0.9813058972358704, 0.9711233377456665, 0.1410033404827118, -0.1924518197774887], "cam_t_m2c": [-44.64773178100586, 36.87818908691406, 10.03071117401123], "obj_id": 0}, {"cam_R_m2c": [0.1438995897769928, -0.9895917773246765, 0.0010837380541488528, -0.19029584527015686, -0.02874624915421009, -0.9813058972358704, 0.9711233377456665, 0.1410033404827118, -0.1924518197774887], "cam_t_m2c": [-44.64773178100586, 36.87818908691406, 10.03071117401123], "obj_id": 2}, {"cam_R_m2c": [0.1438995897769928, -0.9895917773246765, 0.0010837380541488528, -0.19029584527015686, -0.02874624915421009, -0.9813058972358704, 0.9711233377456665, 0.1410033404827118, -0.1924518197774887], "cam_t_m2c": [-44.64773178100586, 36.87818908691406, 10.03071117401123], "obj_id": 2}, {"cam_R_m2c": [0.1438995897769928, -0.9895917773246765, 0.0010837380541488528, -0.19029584527015686, -0.02874624915421009, -0.9813058972358704, 0.9711233377456665, 0.1410033404827118, -0.1924518197774887], "cam_t_m2c": [-44.64773178100586, 36.87818908691406, 10.03071117401123], "obj_id": 2}, {"cam_R_m2c": [0.1438995897769928, -0.9895917773246765, 0.0010837380541488528, -0.19029584527015686, -0.02874624915421009, -0.9813058972358704, 0.9711233377456665, 0.1410033404827118, -0.1924518197774887], "cam_t_m2c": [-44.64773178100586, 36.87818908691406, 10.03071117401123], "obj_id": 3}, {"cam_R_m2c": [0.1438995897769928, -0.9895917773246765, 0.0010837380541488528, -0.19029584527015686, -0.02874624915421009, -0.9813058972358704, 0.9711233377456665, 0.1410033404827118, -0.1924518197774887], "cam_t_m2c": [-44.64773178100586, 36.87818908691406, 10.03071117401123], "obj_id": 2}, {"cam_R_m2c": [0.1438995897769928, -0.9895917773246765, 0.0010837380541488528, -0.19029584527015686, -0.02874624915421009, -0.9813058972358704, 0.9711233377456665, 0.1410033404827118, -0.1924518197774887], "cam_t_m2c": [-44.64773178100586, 36.87818908691406, 10.03071117401123], "obj_id": 2}, {"cam_R_m2c": [0.1438995897769928, -0.9895917773246765, 0.0010837380541488528, -0.19029584527015686, -0.02874624915421009, -0.9813058972358704, 0.9711233377456665, 0.1410033404827118, -0.1924518197774887], "cam_t_m2c": [-44.64773178100586, 36.87818908691406, 10.03071117401123], "obj_id": 0}, {"cam_R_m2c": [0.1438995897769928, -0.9895917773246765, 0.0010837380541488528, -0.19029584527015686, -0.02874624915421009, -0.9813058972358704, 0.9711233377456665, 0.1410033404827118, -0.1924518197774887], "cam_t_m2c": [-44.64773178100586, 36.87818908691406, 10.03071117401123], "obj_id": 0}, {"cam_R_m2c": [0.1438995897769928, -0.9895917773246765, 0.0010837380541488528, -0.19029584527015686, -0.02874624915421009, -0.9813058972358704, 0.9711233377456665, 0.1410033404827118, -0.1924518197774887], "cam_t_m2c": [-44.64773178100586, 36.87818908691406, 10.03071117401123], "obj_id": 3}, {"cam_R_m2c": [0.1438995897769928, -0.9895917773246765, 0.0010837380541488528, -0.19029584527015686, -0.02874624915421009, -0.9813058972358704, 0.9711233377456665, 0.1410033404827118, -0.1924518197774887], "cam_t_m2c": [-44.64773178100586, 36.87818908691406, 10.03071117401123], "obj_id": 1}, {"cam_R_m2c": [0.1438995897769928, -0.9895917773246765, 0.0010837380541488528, -0.19029584527015686, -0.02874624915421009, -0.9813058972358704, 0.9711233377456665, 0.1410033404827118, -0.1924518197774887], "cam_t_m2c": [-44.64773178100586, 36.87818908691406, 10.03071117401123], "obj_id": 1}, {"cam_R_m2c": [0.1438995897769928, -0.9895917773246765, 0.0010837380541488528, -0.19029584527015686, -0.02874624915421009, -0.9813058972358704, 0.9711233377456665, 0.1410033404827118, -0.1924518197774887], "cam_t_m2c": [-44.64773178100586, 36.87818908691406, 10.03071117401123], "obj_id": 1}, {"cam_R_m2c": [0.1438995897769928, -0.9895917773246765, 0.0010837380541488528, -0.19029584527015686, -0.02874624915421009, -0.9813058972358704, 0.9711233377456665, 0.1410033404827118, -0.1924518197774887], "cam_t_m2c": [-44.64773178100586, 36.87818908691406, 10.03071117401123], "obj_id": 2}, {"cam_R_m2c": [-0.13766442239284515, 0.21881498396396637, -0.9660063982009888, 0.8016114830970764, 0.5974727869033813, 0.02109983004629612, 0.5817795395851135, -0.7714571952819824, -0.2576553523540497], "cam_t_m2c": [2.1393661499023438, -19.70214080810547, 147.49392700195312], "obj_id": 3}, {"cam_R_m2c": [0.5305237174034119, -0.6341240406036377, -0.5625222325325012, 0.359221488237381, -0.43289104104042053, 0.8267800211906433, -0.7677919864654541, -0.6406964659690857, -0.0018679287750273943], "cam_t_m2c": [-229.7156524658203, -19.32650375366211, 112.07765197753906], "obj_id": 0}, {"cam_R_m2c": [-0.41866248846054077, 0.808452308177948, 0.4136742055416107, -0.4999850392341614, 0.17506863176822662, -0.8481543660163879, -0.7581137418746948, -0.5619214177131653, 0.3309195339679718], "cam_t_m2c": [7.681571960449219, 7714.81982421875, 1625.208984375], "obj_id": 2}, {"cam_R_m2c": [-0.016340691596269608, -0.8756330013275146, 0.48270055651664734, 0.7975931763648987, -0.3025491535663605, -0.5218324661254883, 0.6029743552207947, 0.37647154927253723, 0.7033427953720093], "cam_t_m2c": [-182.74009704589844, 31.32777214050293, -83.01666259765625], "obj_id": 3}, {"cam_R_m2c": [0.10125923901796341, 0.42551782727241516, -0.8992670178413391, 0.19160766899585724, -0.8953312635421753, -0.40208008885383606, -0.9762340784072876, -0.13159213960170746, -0.1721930205821991], "cam_t_m2c": [12.292009353637695, 47.51253128051758, -85.4383544921875], "obj_id": 3}, {"cam_R_m2c": [0.5672096014022827, -0.47338443994522095, -0.6739290952682495, 0.7560121417045593, 0.6238690614700317, 0.19807341694831848, 0.326678603887558, -0.6218476891517639, 0.7117488980293274], "cam_t_m2c": [-87.15119171142578, -24.57782554626465, 156.50071716308594], "obj_id": 1}, {"cam_R_m2c": [0.7594509124755859, -0.2814255952835083, 0.5865440964698792, 0.648352861404419, 0.2531299293041229, -0.7180277705192566, 0.05359949544072151, 0.9255943894386292, 0.3747028112411499], "cam_t_m2c": [123.65987396240234, -9.157964706420898, 62.3520622253418], "obj_id": 0}, {"cam_R_m2c": [-0.37805038690567017, -0.8082712292671204, -0.45141497254371643, 0.3737497925758362, -0.5793508887290955, 0.7243366241455078, -0.8469881415367126, 0.1051195040345192, 0.5211150646209717], "cam_t_m2c": [28.726764678955078, 48.97612380981445, -234.73992919921875], "obj_id": 0}],
  "1": [{"cam_R_m2c": [0.2125929445028305, -0.943406879901886, -0.2545340061187744, -0.2313113510608673, 0.20449669659137726, -0.9511445760726929, 0.9493677616119385, 0.2610831558704376, -0.17474612593650818], "cam_t_m2c": [-53.2840461730957, 46.49224853515625, 18.047910690307617], "obj_id": 0}, {"cam_R_m2c": [0.2125929445028305, -0.943406879901886, -0.2545340061187744, -0.2313113510608673, 0.20449669659137726, -0.9511445760726929, 0.9493677616119385, 0.2610831558704376, -0.17474612593650818], "cam_t_m2c": [-53.2840461730957, 46.49224853515625, 18.047910690307617], "obj_id": 1}, {"cam_R_m2c": [0.2125929445028305, -0.943406879901886, -0.2545340061187744, -0.2313113510608673, 0.20449669659137726, -0.9511445760726929, 0.9493677616119385, 0.2610831558704376, -0.17474612593650818], "cam_t_m2c": [-53.2840461730957, 46.49224853515625, 18.047910690307617], "obj_id": 0}, {"cam_R_m2c": [0.2125929445028305, -0.943406879901886, -0.2545340061187744, -0.2313113510608673, 0.20449669659137726, -0.9511445760726929, 0.9493677616119385, 0.2610831558704376, -0.17474612593650818], "cam_t_m2c": [-53.2840461730957, 46.49224853515625, 18.047910690307617], "obj_id": 0}, {"cam_R_m2c": [0.2125929445028305, -0.943406879901886, -0.2545340061187744, -0.2313113510608673, 0.20449669659137726, -0.9511445760726929, 0.9493677616119385, 0.2610831558704376, -0.17474612593650818], "cam_t_m2c": [-53.2840461730957, 46.49224853515625, 18.047910690307617], "obj_id": 3}, {"cam_R_m2c": [0.2125929445028305, -0.943406879901886, -0.2545340061187744, -0.2313113510608673, 0.20449669659137726, -0.9511445760726929, 0.9493677616119385, 0.2610831558704376, -0.17474612593650818], "cam_t_m2c": [-53.2840461730957, 46.49224853515625, 18.047910690307617], "obj_id": 1}, {"cam_R_m2c": [0.2125929445028305, -0.943406879901886, -0.2545340061187744, -0.2313113510608673, 0.20449669659137726, -0.9511445760726929, 0.9493677616119385, 0.2610831558704376, -0.17474612593650818], "cam_t_m2c": [-53.2840461730957, 46.49224853515625, 18.047910690307617], "obj_id": 1}, {"cam_R_m2c": [0.2125929445028305, -0.943406879901886, -0.2545340061187744, -0.2313113510608673, 0.20449669659137726, -0.9511445760726929, 0.9493677616119385, 0.2610831558704376, -0.17474612593650818], "cam_t_m2c": [-53.2840461730957, 46.49224853515625, 18.047910690307617], "obj_id": 3}, {"cam_R_m2c": [0.2125929445028305, -0.943406879901886, -0.2545340061187744, -0.2313113510608673, 0.20449669659137726, -0.9511445760726929, 0.9493677616119385, 0.2610831558704376, -0.17474612593650818], "cam_t_m2c": [-53.2840461730957, 46.49224853515625, 18.047910690307617], "obj_id": 2}, {"cam_R_m2c": [0.2125929445028305, -0.943406879901886, -0.2545340061187744, -0.2313113510608673, 0.20449669659137726, -0.9511445760726929, 0.9493677616119385, 0.2610831558704376, -0.17474612593650818], "cam_t_m2c": [-53.2840461730957, 46.49224853515625, 18.047910690307617], "obj_id": 2}, {"cam_R_m2c": [0.2125929445028305, -0.943406879901886, -0.2545340061187744, -0.2313113510608673, 0.20449669659137726, -0.9511445760726929, 0.9493677616119385, 0.2610831558704376, -0.17474612593650818], "cam_t_m2c": [-53.2840461730957, 46.49224853515625, 18.047910690307617], "obj_id": 0}, {"cam_R_m2c": [0.2125929445028305, -0.943406879901886, -0.2545340061187744, -0.2313113510608673, 0.20449669659137726, -0.9511445760726929, 0.9493677616119385, 0.2610831558704376, -0.17474612593650818], "cam_t_m2c": [-53.2840461730957, 46.49224853515625, 18.047910690307617], "obj_id": 2}, {"cam_R_m2c": [0.2125929445028305, -0.943406879901886, -0.2545340061187744, -0.2313113510608673, 0.20449669659137726, -0.9511445760726929, 0.9493677616119385, 0.2610831558704376, -0.17474612593650818], "cam_t_m2c": [-53.2840461730957, 46.49224853515625, 18.047910690307617], "obj_id": 2}, {"cam_R_m2c": [0.2125929445028305, -0.943406879901886, -0.2545340061187744, -0.2313113510608673, 0.20449669659137726, -0.9511445760726929, 0.9493677616119385, 0.2610831558704376, -0.17474612593650818], "cam_t_m2c": [-53.2840461730957, 46.49224853515625, 18.047910690307617], "obj_id": 2}, {"cam_R_m2c": [0.2125929445028305, -0.943406879901886, -0.2545340061187744, -0.2313113510608673, 0.20449669659137726, -0.9511445760726929, 0.9493677616119385, 0.2610831558704376, -0.17474612593650818], "cam_t_m2c": [-53.2840461730957, 46.49224853515625, 18.047910690307617], "obj_id": 3}, {"cam_R_m2c": [0.2125929445028305, -0.943406879901886, -0.2545340061187744, -0.2313113510608673, 0.20449669659137726, -0.9511445760726929, 0.9493677616119385, 0.2610831558704376, -0.17474612593650818], "cam_t_m2c": [-53.2840461730957, 46.49224853515625, 18.047910690307617], "obj_id": 2}, {"cam_R_m2c": [0.2125929445028305, -0.943406879901886, -0.2545340061187744, -0.2313113510608673, 0.20449669659137726, -0.9511445760726929, 0.9493677616119385, 0.2610831558704376, -0.17474612593650818], "cam_t_m2c": [-53.2840461730957, 46.49224853515625, 18.047910690307617], "obj_id": 2}, {"cam_R_m2c": [0.2125929445028305, -0.943406879901886, -0.2545340061187744, -0.2313113510608673, 0.20449669659137726, -0.9511445760726929, 0.9493677616119385, 0.2610831558704376, -0.17474612593650818], "cam_t_m2c": [-53.2840461730957, 46.49224853515625, 18.047910690307617], "obj_id": 0}, {"cam_R_m2c": [0.2125929445028305, -0.943406879901886, -0.2545340061187744, -0.2313113510608673, 0.20449669659137726, -0.9511445760726929, 0.9493677616119385, 0.2610831558704376, -0.17474612593650818], "cam_t_m2c": [-53.2840461730957, 46.49224853515625, 18.047910690307617], "obj_id": 0}, {"cam_R_m2c": [0.2125929445028305, -0.943406879901886, -0.2545340061187744, -0.2313113510608673, 0.20449669659137726, -0.9511445760726929, 0.9493677616119385, 0.2610831558704376, -0.17474612593650818], "cam_t_m2c": [-53.2840461730957, 46.49224853515625, 18.047910690307617], "obj_id": 3}, {"cam_R_m2c": [0.2125929445028305, -0.943406879901886, -0.2545340061187744, -0.2313113510608673, 0.20449669659137726, -0.9511445760726929, 0.9493677616119385, 0.2610831558704376, -0.17474612593650818], "cam_t_m2c": [-53.2840461730957, 46.49224853515625, 18.047910690307617], "obj_id": 1}, {"cam_R_m2c": [0.2125929445028305, -0.943406879901886, -0.2545340061187744, -0.2313113510608673, 0.20449669659137726, -0.9511445760726929, 0.9493677616119385, 0.2610831558704376, -0.17474612593650818], "cam_t_m2c": [-53.2840461730957, 46.49224853515625, 18.047910690307617], "obj_id": 1}, {"cam_R_m2c": [0.2125929445028305, -0.943406879901886, -0.2545340061187744, -0.2313113510608673, 0.20449669659137726, -0.9511445760726929, 0.9493677616119385, 0.2610831558704376, -0.17474612593650818], "cam_t_m2c": [-53.2840461730957, 46.49224853515625, 18.047910690307617], "obj_id": 1}, {"cam_R_m2c": [0.2125929445028305, -0.943406879901886, -0.2545340061187744, -0.2313113510608673, 0.20449669659137726, -0.9511445760726929, 0.9493677616119385, 0.2610831558704376, -0.17474612593650818], "cam_t_m2c": [-53.2840461730957, 46.49224853515625, 18.047910690307617], "obj_id": 2}, {"cam_R_m2c": [0.12805655598640442, 0.2577441930770874, -0.9576897025108337, 0.8039347529411316, 0.5384905934333801, 0.252422034740448, 0.5807672142982483, -0.802244246006012, -0.13825227320194244], "cam_t_m2c": [-4.735947132110596, -21.30182456970215, 149.704833984375], "obj_id": 3}, {"cam_R_m2c": [0.5023181438446045, -0.7920186519622803, -0.34696242213249207, 0.23320546746253967, -0.26229995489120483, 0.9363833665847778, -0.8326413631439209, -0.5512758493423462, 0.05294511467218399], "cam_t_m2c": [-232.46859741210938, 34.39112091064453, 142.8242950439453], "obj_id": 0}, {"cam_R_m2c": [-0.6145719289779663, 0.7518755197525024, 0.23871466517448425, -0.37698161602020264, -0.014105377718806267, -0.9261133670806885, -0.6929547786712646, -0.6591542363166809, 0.29211196303367615], "cam_t_m2c": [2010.2496337890625, 7472.66015625, 1486.4476318359375], "obj_id": 2}, {"cam_R_m2c": [0.2466454654932022, -0.8694745302200317, 0.4279952645301819, 0.7710450887680054, -0.09147751331329346, -0.6301755309104919, 0.587073564529419, 0.4854336082935333, 0.6478416323661804], "cam_t_m2c": [-199.09461975097656, 74.9704818725586, -57.36024856567383], "obj_id": 3}, {"cam_R_m2c": [0.02340104430913925, 0.1823575347661972, -0.9829538464546204, 0.17462559044361115, -0.9688530564308167, -0.17558425664901733, -0.9843568205833435, -0.16754001379013062, -0.05451655760407448], "cam_t_m2c": [-7.5721435546875, 44.563785552978516, -83.8160629272461], "obj_id": 3}, {"cam_R_m2c": [0.7654774188995361, -0.3849136531352997, -0.5156411528587341, 0.5960537195205688, 0.7260605692863464, 0.3428644835948944, 0.2424134612083435, -0.569804847240448, 0.7852121591567993], "cam_t_m2c": [-90.85369110107422, -5.0196733474731445, 169.6127166748047], "obj_id": 1}, {"cam_R_m2c": [0.8918954133987427, -0.09810984879732132, 0.4414713680744171, 0.44944292306900024, 0.30072638392448425, -0.8411685824394226, -0.05023515224456787, 0.9486506581306458, 0.3123112916946411], "cam_t_m2c": [104.4684829711914, -38.73482131958008, 50.21598434448242], "obj_id": 0}, {"cam_R_m2c": [-0.3797195851802826, -0.9032089710235596, -0.20006605982780457, 0.4633748531341553, -0.3728756308555603, 0.803895115852356, -0.8006850481033325, 0.21254919469356537, 0.5601126551628113], "cam_t_m2c": [-9.661443710327148, 43.99905776977539, -234.01100158691406], "obj_id": 0}]
}