{
  "0": [{"cam_R_m2c": [-0.2310478687286377, -0.025449063628911972, -0.9726094603538513, 0.026090344414114952, 0.9991363286972046, -0.032341040670871735, 0.9725924730300903, -0.032848045229911804, -0.23018434643745422], "cam_t_m2c": [-89.72087860107422, -170.93450927734375, 1229.8485107421875], "obj_id": 3}, {"cam_R_m2c": [-0.9050841927528381, 0.13211239874362946, -0.40418899059295654, 0.06036938726902008, -0.9009653925895691, -0.4296704828739166, -0.420925110578537, -0.4132886528968811, 0.8074741363525391], "cam_t_m2c": [54.90434646606445, -276.428955078125, 990.1759033203125], "obj_id": 3}, {"cam_R_m2c": [-0.3391830027103424, 0.614757239818573, 0.7120592594146729, 0.6258020401000977, -0.4176951050758362, 0.6587128043174744, 0.702372133731842, 0.6690323352813721, -0.2430412471294403], "cam_t_m2c": [215.0202178955078, -248.8026885986328, 1122.680908203125], "obj_id": 3}, {"cam_R_m2c": [-0.36739420890808105, 0.2727804481983185, -0.8891637325286865, 0.15028318762779236, -0.9260485768318176, -0.34619176387786865, -0.9178432822227478, -0.26081526279449463, 0.29923078417778015], "cam_t_m2c": [-1.9867308139801025, -266.476806640625, 976.2449340820312], "obj_id": 3}, {"cam_R_m2c": [0.8787670731544495, -0.47088104486465454, 0.07771391421556473, -0.4763689339160919, -0.8555408716201782, 0.20278598368167877, -0.029000641778111458, -0.21522213518619537, -0.9761342406272888], "cam_t_m2c": [-120.9645767211914, -182.89085388183594, 968.8818359375], "obj_id": 3}, {"cam_R_m2c": [0.8568012118339539, -0.321956604719162, 0.4027848541736603, -0.24794146418571472, -0.9421291351318359, -0.2256493866443634, 0.452124685049057, 0.09346958994865417, -0.8870437741279602], "cam_t_m2c": [-42.81919479370117, -16.571840286254883, 1172.0816650390625], "obj_id": 3}, {"cam_R_m2c": [0.11688331514596939, -0.9459767937660217, 0.30243349075317383, 0.8601033091545105, -0.055835023522377014, -0.50705486536026, 0.496548593044281, 0.31939026713371277, 0.8071117401123047], "cam_t_m2c": [3.4471991062164307, -25.965486526489258, 1282.2987060546875], "obj_id": 3}, {"cam_R_m2c": [0.017177140340209007, 0.5677576065063477, 0.8230165243148804, 0.9956005215644836, 0.06611901521682739, -0.06639121472835541, -0.09211111813783646, 0.8205360770225525, -0.5641239881515503], "cam_t_m2c": [-93.33293914794922, -141.63870239257812, 1260.7586669921875], "obj_id": 3}, {"cam_R_m2c": [-0.1912345439195633, -0.9746063351631165, -0.11649904400110245, 0.3928605020046234, -0.18476805090904236, 0.900844931602478, -0.8994943499565125, 0.12650473415851593, 0.4182182550430298], "cam_t_m2c": [32.998050689697266, -341.5468444824219, 959.430419921875], "obj_id": 3}, {"cam_R_m2c": [-0.325916588306427, 0.9270318746566772, 0.18544648587703705, -0.08470048010349274, 0.1667356938123703, -0.9823569059371948, -0.9415966868400574, -0.3358737528324127, 0.024178065359592438], "cam_t_m2c": [74.30138397216797, -221.7789764404297, 1029.908203125], "obj_id": 3}, {"cam_R_m2c": [0.8618062734603882, -0.003921261057257652, -0.5072224140167236, 0.013260122388601303, -0.999454140663147, 0.03025650419294834, -0.5070642232894897, -0.032801076769828796, -0.8612838387489319], "cam_t_m2c": [227.65042114257812, -36.87921905517578, 1184.7125244140625], "obj_id": 3}, {"cam_R_m2c": [0.2879246771335602, -0.7583684325218201, 0.5847876667976379, 0.5226044654846191, -0.38727718591690063, -0.7595399022102356, 0.8024860620498657, 0.5243028998374939, 0.2848201394081116], "cam_t_m2c": [10.8193359375, -40.59275436401367, 1187.0181884765625], "obj_id": 3}, {"cam_R_m2c": [-0.9475359320640564, -0.16851840913295746, 0.2716198265552521, 0.311541348695755, -0.6770426630973816, 0.6667497754096985, 0.07153860479593277, 0.7163901329040527, 0.6940226554870605], "cam_t_m2c": [-72.10978698730469, -45.55332565307617, 1354.856201171875], "obj_id": 3}, {"cam_R_m2c": [0.39137402176856995, 0.33082371950149536, 0.858709454536438, 0.8550228476524353, 0.21428397297859192, -0.47224801778793335, -0.34023845195770264, 0.9190418720245361, -0.1989966183900833], "cam_t_m2c": [-130.0538787841797, -96.6532974243164, 1367.9410400390625], "obj_id": 3}, {"cam_R_m2c": [-0.28616419434547424, 0.957391619682312, 0.03887516260147095, -0.5903026461601257, -0.20810912549495697, 0.779893159866333, 0.7547534108161926, 0.20022942125797272, 0.6247042417526245], "cam_t_m2c": [133.16188049316406, -27.610919952392578, 1191.920166015625], "obj_id": 3}, {"cam_R_m2c": [-0.717087984085083, 0.5448432564735413, -0.4346615672111511, 0.08330849558115005, -0.5521601438522339, -0.8295655250549316, -0.6919859647750854, -0.6310824155807495, 0.3505572974681854], "cam_t_m2c": [46.65070343017578, 24.864774703979492, 1067.5440673828125], "obj_id": 3}, {"cam_R_m2c": [-0.9867797493934631, -0.16034473478794098, -0.023561036214232445, 0.05704173073172569, -0.47969850897789, 0.8755772113800049, -0.15169639885425568, 0.8626579642295837, 0.4825032353401184], "cam_t_m2c": [117.37181091308594, -351.98736572265625, 1132.0799560546875], "obj_id": 3}, {"cam_R_m2c": [0.3549337089061737, 0.5337104797363281, 0.7675774693489075, -0.10896892100572586, 0.8390550017356873, -0.5330220460891724, -0.9285191893577576, 0.10554540157318115, 0.3559667766094208], "cam_t_m2c": [10.197038650512695, -105.79098510742188, 1311.135009765625], "obj_id": 3}, {"cam_R_m2c": [-0.041168369352817535, 0.9963098168373108, 0.07531274855136871, -0.9943670630455017, -0.04822292551398277, 0.09438648819923401, 0.09766998142004013, -0.0710027813911438, 0.9926828145980835], "cam_t_m2c": [173.8231658935547, -347.7367858886719, 1017.4111328125], "obj_id": 3}, {"cam_R_m2c": [0.7194777727127075, 0.5444018244743347, -0.4312520921230316, 0.36309653520584106, -0.824167013168335, -0.4346371293067932, -0.592041015625, 0.15612562000751495, -0.7906402349472046], "cam_t_m2c": [104.83221435546875, -388.78814697265625, 1285.899169921875], "obj_id": 3}, {"cam_R_m2c": [0.5669271945953369, 0.5135723948478699, 0.6440783143043518, 0.749778687953949, 0.0021558632142841816, -0.661685049533844, -0.3412116765975952, 0.8580434322357178, -0.38384339213371277], "cam_t_m2c": [-103.25886535644531, -325.1270446777344, 948.6577758789062], "obj_id": 3}, {"cam_R_m2c": [0.8756100535392761, 0.2560229003429413, -0.40958431363105774, -0.37341272830963135, -0.17907309532165527, -0.9102173447608948, -0.30638206005096436, 0.9499394297599792, -0.0611959807574749], "cam_t_m2c": [164.60121154785156, -246.32373046875, 1268.97265625], "obj_id": 3}, {"cam_R_m2c": [-0.36788231134414673, -0.39281055331230164, -0.8428299427032471, -0.3245696723461151, -0.7951412796974182, 0.5122544765472412, -0.8713879585266113, 0.46200644969940186, 0.16502416133880615], "cam_t_m2c": [8.752406120300293, -13.528505325317383, 1317.763671875], "obj_id": 3}, {"cam_R_m2c": [0.5357109904289246, 0.6009889841079712, 0.5931491851806641, -0.6982744932174683, 0.7102749943733215, -0.0890064537525177, -0.47479093074798584, -0.3664992153644562, 0.8001574277877808], "cam_t_m2c": [-50.37042236328125, 2.2780210971832275, 1248.263916015625], "obj_id": 3}, {"cam_R_m2c": [0.8955204486846924, 0.43955492973327637, -0.06953094154596329, -0.44443443417549133, 0.891372561454773, -0.0890672579407692, 0.02282802015542984, 0.11066349595785141, 0.9935957193374634], "cam_t_m2c": [-14.62801742553711, -73.24441528320312, 1316.064208984375], "obj_id": 3}, {"cam_R_m2c": [0.7636061906814575, 0.43503016233444214, -0.47713130712509155, -0.6226416230201721, 0.30048102140426636, -0.7225154042243958, -0.1709471195936203, 0.8487990498542786, 0.5003170967102051], "cam_t_m2c": [-112.98503112792969, -357.9013977050781, 1102.617919921875], "obj_id": 3}, {"cam_R_m2c": [0.15416359901428223, 0.2045121043920517, -0.9666479825973511, -0.2811025381088257, -0.9288351535797119, -0.24134309589862823, -0.9472143054008484, 0.3089335262775421, -0.08570363372564316], "cam_t_m2c": [94.6178970336914, -220.0617218017578, 1289.203125], "obj_id": 3}, {"cam_R_m2c": [0.8972395658493042, 0.37217506766319275, -0.2375856190919876, 0.04574361443519592, -0.6135334968566895, -0.7883427143096924, -0.43916821479797363, 0.6964642405509949, -0.5675111413002014], "cam_t_m2c": [251.79710388183594, -345.1952819824219, 1137.9522705078125], "obj_id": 3}, {"cam_R_m2c": [-0.8366602659225464, 0.1493632197380066, -0.5269629955291748, -0.4041074216365814, -0.8177722096443176, 0.4098115861415863, -0.36972498893737793, 0.5558227896690369, 0.7445565462112427], "cam_t_m2c": [258.8835754394531, -7.9923996925354, 1226.1058349609375], "obj_id": 1}, {"cam_R_m2c": [0.5960742235183716, 0.41703855991363525, 0.6861299276351929, 0.2766839265823364, -0.9088806509971619, 0.3120606243610382, 0.7537515759468079, 0.003829843131825328, -0.6571481823921204], "cam_t_m2c": [-82.86323547363281, -210.4869384765625, 1038.3729248046875], "obj_id": 1}, {"cam_R_m2c": [0.3802356719970703, -0.687899112701416, -0.6182358264923096, 0.9227033257484436, 0.23620367050170898, 0.30467405915260315, -0.06355546414852142, -0.686296284198761, 0.7245399355888367], "cam_t_m2c": [-60.47228240966797, -161.4498748779297, 1304.366455078125], "obj_id": 1}, {"cam_R_m2c": [0.07388143986463547, 0.8664563298225403, 0.49375590682029724, -0.9816304445266724, 0.15051552653312683, -0.11724591255187988, -0.17590637505054474, -0.4760235846042633, 0.8616603016853333], "cam_t_m2c": [-114.6111831665039, -322.98345947265625, 1020.3881225585938], "obj_id": 1}, {"cam_R_m2c": [-0.11422761529684067, 0.30028608441352844, -0.9469849467277527, -0.4334876239299774, 0.8426264524459839, 0.31948262453079224, 0.8938907980918884, 0.4469999372959137, 0.0339190699160099], "cam_t_m2c": [230.05242919921875, -9.734831809997559, 1276.65234375], "obj_id": 1}, {"cam_R_m2c": [0.5242120623588562, -0.21473778784275055, 0.8240688443183899, -0.7333517074584961, -0.6057435870170593, 0.3086583614349365, 0.4328938126564026, -0.7661346793174744, -0.47501638531684875], "cam_t_m2c": [236.02682495117188, -277.9520568847656, 1337.3807373046875], "obj_id": 1}, {"cam_R_m2c": [-0.9741450548171997, -0.2190341055393219, 0.0553630106151104, 0.14123059809207916, -0.39912885427474976, 0.9059524536132812, -0.17633751034736633, 0.8903481960296631, 0.41974401473999023], "cam_t_m2c": [163.71746826171875, -28.78240394592285, 1362.9237060546875], "obj_id": 1}, {"cam_R_m2c": [-0.7159092426300049, -0.48057907819747925, 0.5064759254455566, 0.09927608072757721, 0.6479711532592773, 0.7551673054695129, -0.6910994052886963, 0.5909121632575989, -0.4161785840988159], "cam_t_m2c": [77.14892578125, -213.05807495117188, 1013.859619140625], "obj_id": 1}, {"cam_R_m2c": [-0.03875671699643135, -0.3139687180519104, 0.9486419558525085, -0.32945236563682556, 0.9002876281738281, 0.28450533747673035, -0.9433764219284058, -0.3015058636665344, -0.13832993805408478], "cam_t_m2c": [148.13296508789062, -277.706787109375, 1100.122802734375], "obj_id": 1}, {"cam_R_m2c": [0.9008656144142151, 0.03144049644470215, 0.4329579770565033, 0.001976457191631198, 0.9970663189888, -0.07651732116937637, -0.43409353494644165, 0.06978754699230194, 0.8981606364250183], "cam_t_m2c": [261.2389831542969, -36.513004302978516, 1250.9713134765625], "obj_id": 1}, {"cam_R_m2c": [0.002773414133116603, 0.5058876872062683, -0.8625949025154114, 0.770066499710083, -0.5513836145401001, -0.32089510560035706, -0.6379575729370117, -0.6633654832839966, -0.39109641313552856], "cam_t_m2c": [-114.46905517578125, -212.85133361816406, 1212.426513671875], "obj_id": 1}, {"cam_R_m2c": [0.5011786818504333, -0.8649490475654602, -0.026135418564081192, 0.2825729548931122, 0.19212903082370758, -0.9398078918457031, 0.8179073333740234, 0.463626503944397, 0.34070220589637756], "cam_t_m2c": [15.31143856048584, -41.412559509277344, 1060.61962890625], "obj_id": 1}, {"cam_R_m2c": [-0.12654262781143188, 0.9843811392784119, -0.12239527702331543, -0.055529192090034485, 0.11616409569978714, 0.9916765093803406, 0.9904056787490845, 0.13228590786457062, 0.03996221348643303], "cam_t_m2c": [241.16815185546875, -46.047142028808594, 1389.494384765625], "obj_id": 1}, {"cam_R_m2c": [-0.1807725727558136, 0.5313023924827576, 0.8276707530021667, 0.793298065662384, -0.418678343296051, 0.4420253336429596, 0.5813770294189453, 0.7364957332611084, -0.34579551219940186], "cam_t_m2c": [207.98497009277344, -361.3873596191406, 1072.2520751953125], "obj_id": 1}, {"cam_R_m2c": [0.9768581390380859, 0.1448330134153366, -0.1573900580406189, 0.11559946089982986, -0.9766238331794739, -0.18122552335262299, -0.179958313703537, 0.1588374227285385, -0.9707655310630798], "cam_t_m2c": [-62.8774528503418, 12.148443222045898, 1171.465576171875], "obj_id": 1}, {"cam_R_m2c": [0.24634777009487152, 0.7617422342300415, 0.5992173552513123, 0.9675342440605164, -0.2293229103088379, -0.10624664276838303, 0.0564817450940609, 0.6059369444847107, -0.7935048937797546], "cam_t_m2c": [-56.77507400512695, -91.48200988769531, 1077.902099609375], "obj_id": 1}, {"cam_R_m2c": [0.8350468277931213, -0.5501214265823364, 0.007947794161736965, 0.19022858142852783, 0.2751389145851135, -0.9423967003822327, 0.5162459015846252, 0.7884573340415955, 0.3344027101993561], "cam_t_m2c": [-11.211638450622559, -122.72699737548828, 1310.7984619140625], "obj_id": 1}, {"cam_R_m2c": [-0.9530841112136841, -0.24552227556705475, 0.17705674469470978, 0.25350430607795715, -0.32774126529693604, 0.9101213812828064, -0.16542628407478333, 0.91230708360672, 0.374606192111969], "cam_t_m2c": [52.25101852416992, 8.128212928771973, 1192.8099365234375], "obj_id": 1}, {"cam_R_m2c": [0.7478371262550354, -0.16534274816513062, 0.6429629921913147, -0.6106785535812378, 0.20856179296970367, 0.7639199495315552, -0.26040610671043396, -0.9639313817024231, 0.05499899014830589], "cam_t_m2c": [-55.894020080566406, -74.74876403808594, 1153.999267578125], "obj_id": 1}, {"cam_R_m2c": [-0.9932383298873901, -0.0586751252412796, 0.10017372667789459, -8.613029058324173e-05, -0.8625033497810364, -0.506051242351532, 0.11609280109405518, -0.5026381611824036, 0.8566663861274719], "cam_t_m2c": [74.41600799560547, -339.71087646484375, 956.0302734375], "obj_id": 1}, {"cam_R_m2c": [0.09110352396965027, -0.9956824779510498, 0.017792711034417152, -0.9613046646118164, -0.08326530456542969, 0.2626027464866638, -0.25998741388320923, -0.04102824628353119, -0.9647399187088013], "cam_t_m2c": [208.3812255859375, -254.8617401123047, 1172.1090087890625], "obj_id": 1}, {"cam_R_m2c": [0.12362101674079895, -0.6922401785850525, -0.7110002040863037, 0.9505802392959595, -0.12303156405687332, 0.28506189584732056, -0.2848068177700043, -0.7111024260520935, 0.6428206562995911], "cam_t_m2c": [36.450592041015625, -223.20111083984375, 1229.4573974609375], "obj_id": 1}, {"cam_R_m2c": [0.8299506306648254, -0.4445561468601227, 0.33697447180747986, 0.4377804398536682, 0.8934515118598938, 0.10046223551034927, -0.3457314372062683, 0.0641421377658844, 0.9361386299133301], "cam_t_m2c": [186.516357421875, -227.92120361328125, 1010.7637939453125], "obj_id": 1}, {"cam_R_m2c": [0.6540994048118591, 0.12466846406459808, -0.7460641264915466, -0.6358563303947449, -0.44358518719673157, -0.6316003203392029, -0.4096836447715759, 0.8875190019607544, -0.21087759733200073], "cam_t_m2c": [2.335175037384033, -287.3238830566406, 1018.2481079101562], "obj_id": 1}, {"cam_R_m2c": [0.00020188087364658713, -0.9489862322807312, -0.3153173625469208, 0.1993512511253357, -0.30895012617111206, 0.9299509525299072, -0.9799280762672424, -0.06304661929607391, 0.18911926448345184], "cam_t_m2c": [207.84902954101562, -191.55752563476562, 974.9757080078125], "obj_id": 1}, {"cam_R_m2c": [0.6752524375915527, -0.22952961921691895, -0.7009638547897339, -0.5861783027648926, 0.4098357856273651, -0.6988773941993713, 0.4476931691169739, 0.8828085064888, 0.14219732582569122], "cam_t_m2c": [203.166748046875, -217.67465209960938, 1039.7109375], "obj_id": 1}, {"cam_R_m2c": [0.6470794081687927, -0.761307418346405, -0.041221778839826584, -0.7570186257362366, -0.6479789614677429, 0.08393941819667816, -0.09061455726623535, -0.023109812289476395, -0.995617687702179], "cam_t_m2c": [-5.541987419128418, -52.436073303222656, 1213.06689453125], "obj_id": 1}, {"cam_R_m2c": [-0.9273675680160522, 0.15782690048217773, -0.33923444151878357, 0.3698432445526123, 0.24948804080486298, -0.894970178604126, -0.05661545321345329, -0.9554299116134644, -0.2897382974624634], "cam_t_m2c": [111.7826919555664, -221.0818328857422, 1336.0462646484375], "obj_id": 1}, {"cam_R_m2c": [0.45225489139556885, 0.833151638507843, 0.31831398606300354, -0.6996190547943115, 0.1100388690829277, 0.7059918642044067, 0.5531713962554932, -0.5419867634773254, 0.6326544284820557], "cam_t_m2c": [10.86937141418457, -294.5904541015625, 1313.3128662109375], "obj_id": 1}, {"cam_R_m2c": [0.5742622017860413, -0.10552270710468292, 0.8118422627449036, -0.6260806322097778, 0.582343339920044, 0.5185549855232239, -0.5274902582168579, -0.8060652613639832, 0.26835203170776367], "cam_t_m2c": [159.0670623779297, -219.51422119140625, 1149.481201171875], "obj_id": 1}, {"cam_R_m2c": [0.2875431776046753, 0.1827954798936844, 0.9401620626449585, 0.4260489046573639, -0.9035614132881165, 0.04537465050816536, 0.8577885627746582, 0.3875078558921814, -0.3376926779747009], "cam_t_m2c": [59.52745056152344, -355.00775146484375, 1134.1651611328125], "obj_id": 1}, {"cam_R_m2c": [-0.28212547302246094, 0.9531112313270569, -0.10947253555059433, 0.4874613583087921, 0.044131357222795486, -0.8720285892486572, -0.8263090252876282, -0.29938510060310364, -0.47705549001693726], "cam_t_m2c": [-73.8779067993164, -59.034942626953125, 1103.544677734375], "obj_id": 1}, {"cam_R_m2c": [-0.6144558191299438, -0.118454210460186, 0.7800079584121704, 0.2903178930282593, 0.8853457570075989, 0.3631507158279419, -0.7335934638977051, 0.44959038496017456, -0.509616494178772], "cam_t_m2c": [33.69173812866211, -24.09657859802246, 1028.49072265625], "obj_id": 1}, {"cam_R_m2c": [0.6060153245925903, 0.31521329283714294, 0.7303327322006226, 0.6855607032775879, 0.25867605209350586, -0.6805093288421631, -0.4034251272678375, 0.9130865335464478, -0.059336189180612564], "cam_t_m2c": [-13.029985427856445, -125.71622467041016, 1290.914794921875], "obj_id": 1}, {"cam_R_m2c": [0.2108038067817688, -0.9510443806648254, -0.22600029408931732, -0.30585160851478577, 0.15541794896125793, -0.9393081665039062, 0.9284483790397644, 0.2671322226524353, -0.2581157386302948], "cam_t_m2c": [-41.286155700683594, -327.5336608886719, 1146.3177490234375], "obj_id": 1}, {"cam_R_m2c": [0.3124774694442749, -0.9498791694641113, 0.009342783130705357, 0.9185271859169006, 0.29962673783302307, -0.2579370439052582, 0.24220968782901764, 0.08918110281229019, 0.9661165475845337], "cam_t_m2c": [231.87527465820312, -310.8704833984375, 1104.3980712890625], "obj_id": 1}, {"cam_R_m2c": [0.8563146591186523, 0.19279064238071442, -0.47912105917930603, -0.4332343339920044, 0.773144006729126, -0.4632022976875305, 0.28112849593162537, 0.604218602180481, 0.7455780506134033], "cam_t_m2c": [14.069049835205078, -14.093683242797852, 1218.4693603515625], "obj_id": 1}, {"cam_R_m2c": [-0.2788350284099579, 0.11600397527217865, 0.9533069133758545, -0.5394058227539062, 0.8023759126663208, -0.25540992617607117, -0.7945390939712524, -0.5854365229606628, -0.1611572951078415], "cam_t_m2c": [250.90036010742188, -174.95870971679688, 1035.930908203125], "obj_id": 1}, {"cam_R_m2c": [0.9366933107376099, -0.1395728886127472, -0.3211308419704437, -0.3392646014690399, -0.1348564475774765, -0.9309743046760559, 0.08663219213485718, 0.9809857606887817, -0.17367127537727356], "cam_t_m2c": [34.10097122192383, -308.79217529296875, 934.8954467773438], "obj_id": 1}, {"cam_R_m2c": [0.5013412833213806, -0.0302804633975029, -0.864719569683075, -0.7539812922477722, -0.5055556893348694, -0.4194347560405731, -0.42446330189704895, 0.8622623682022095, -0.2762868106365204], "cam_t_m2c": [198.49327087402344, -331.6493225097656, 1130.796875], "obj_id": 1}, {"cam_R_m2c": [-0.24280856549739838, 0.7136363387107849, -0.65708988904953, -0.2642768621444702, 0.60307776927948, 0.7526320219039917, 0.9333818554878235, 0.35639917850494385, 0.04216514155268669], "cam_t_m2c": [73.78864288330078, -125.5767822265625, 1291.1282958984375], "obj_id": 1}, {"cam_R_m2c": [0.919023334980011, -0.33665889501571655, -0.20507773756980896, -0.09397558867931366, -0.6923424005508423, 0.7154235243797302, -0.3828376531600952, -0.6382185816764832, -0.6679165363311768], "cam_t_m2c": [67.64205932617188, -211.21240234375, 1147.9171142578125], "obj_id": 1}, {"cam_R_m2c": [0.8494814038276672, 0.5246491432189941, 0.05589815229177475, 0.5052738189697266, -0.8394323587417603, 0.20012885332107544, 0.1519201546907425, -0.14176185429096222, -0.9781736731529236], "cam_t_m2c": [-25.205720901489258, -240.65945434570312, 1041.40185546875], "obj_id": 1}, {"cam_R_m2c": [0.6834200024604797, -0.6980133652687073, 0.21380940079689026, -0.03529262915253639, 0.26094621419906616, 0.9647079706192017, -0.7291718125343323, -0.6668466329574585, 0.15370112657546997], "cam_t_m2c": [62.445735931396484, -77.04570007324219, 1266.0728759765625], "obj_id": 1}, {"cam_R_m2c": [-0.20046782493591309, -0.14574116468429565, 0.9687992930412292, -0.7289847135543823, -0.6384561657905579, -0.24689051508903503, 0.6545180082321167, -0.7557335495948792, 0.021746883168816566], "cam_t_m2c": [185.7594757080078, -85.4643325805664, 1311.6953125], "obj_id": 1}, {"cam_R_m2c": [-0.15925675630569458, 0.9156059622764587, -0.3691924214363098, -0.522826075553894, -0.395439088344574, -0.7551693916320801, -0.8374307155609131, 0.07275758683681488, 0.5416790246963501], "cam_t_m2c": [33.288002014160156, -289.892578125, 1034.4276123046875], "obj_id": 1}, {"cam_R_m2c": [-0.0010158853838220239, -0.5967879891395569, 0.8023983240127563, 0.3271297514438629, -0.7584485411643982, -0.563685953617096, 0.9449788928031921, 0.2619157135486603, 0.19599762558937073], "cam_t_m2c": [213.95960998535156, -198.32333374023438, 1056.23046875], "obj_id": 1}, {"cam_R_m2c": [0.2627943158149719, 0.9548248052597046, -0.13874001801013947, -0.6410132050514221, 0.06530376523733139, -0.7647467255592346, -0.7211388349533081, 0.28990527987480164, 0.629216730594635], "cam_t_m2c": [80.20108795166016, -96.09020233154297, 1305.1011962890625], "obj_id": 1}, {"cam_R_m2c": [0.8809145092964172, -0.018046705052256584, -0.4729312062263489, 0.3947325646877289, 0.5793125033378601, 0.7131502032279968, 0.2611049711704254, -0.8149057030677795, 0.5174484252929688], "cam_t_m2c": [-107.29042053222656, -312.12841796875, 1210.5772705078125], "obj_id": 1}, {"cam_R_m2c": [-0.9326484799385071, -0.14156992733478546, 0.3318503201007843, 0.08149893581867218, -0.978691577911377, -0.1884688287973404, 0.35146066546440125, -0.14872972667217255, 0.9243131875991821], "cam_t_m2c": [39.43006896972656, -313.76531982421875, 971.453125], "obj_id": 1}, {"cam_R_m2c": [-0.7962281703948975, -0.6037841439247131, 0.03828055039048195, 0.5455867648124695, -0.6892572641372681, 0.47671744227409363, -0.26144927740097046, 0.40046122670173645, 0.8782227039337158], "cam_t_m2c": [30.43337631225586, -260.0418395996094, 941.1825561523438], "obj_id": 1}, {"cam_R_m2c": [-0.14135998487472534, 0.2616330087184906, 0.9547593593597412, -0.9262142777442932, 0.3055301010608673, -0.22085821628570557, -0.34949150681495667, -0.9155323505401611, 0.1991385519504547], "cam_t_m2c": [-106.85328674316406, -365.45025634765625, 1077.5980224609375], "obj_id": 1}, {"cam_R_m2c": [-0.5932657122612, -0.6215313076972961, -0.5116000771522522, -0.8044585585594177, 0.4342893660068512, 0.40526431798934937, -0.029701989144086838, 0.6519904732704163, -0.7576451301574707], "cam_t_m2c": [-30.130468368530273, -236.1110076904297, 1045.5208740234375], "obj_id": 1}, {"cam_R_m2c": [0.9439509510993958, -0.32324641942977905, 0.06684606522321701, 0.1578206866979599, 0.6198350191116333, 0.7686983346939087, -0.28991255164146423, -0.7150638103485107, 0.6361088156700134], "cam_t_m2c": [4.514733791351318, -125.66055297851562, 1075.8616943359375], "obj_id": 1}, {"cam_R_m2c": [0.7951244115829468, -0.5996648073196411, -0.09043896198272705, -0.49917086958885193, -0.7318429350852966, 0.46393322944641113, -0.3443915843963623, -0.3237401247024536, -0.8812414407730103], "cam_t_m2c": [-65.7329330444336, -3.195037364959717, 1256.4661865234375], "obj_id": 3}, {"cam_R_m2c": [-0.33969515562057495, 0.9312472939491272, 0.13185489177703857, 0.851708173751831, 0.3640480637550354, -0.37691137194633484, -0.3989992141723633, -0.015733083710074425, -0.9168162941932678], "cam_t_m2c": [179.73416137695312, -16.40276527404785, 1115.796875], "obj_id": 1}, {"cam_R_m2c": [-0.5607877969741821, -0.6236245632171631, -0.544618546962738, 0.33591732382774353, 0.42984333634376526, -0.838089644908905, 0.7567539811134338, -0.6529372930526733, -0.03156457096338272], "cam_t_m2c": [-56.4041748046875, -377.66607666015625, 1225.571533203125], "obj_id": 1}, {"cam_R_m2c": [0.1033102348446846, 0.32325318455696106, 0.9406563639640808, 0.7097938656806946, 0.6385536193847656, -0.297391802072525, -0.6967924237251282, 0.6983957886695862, -0.16347400844097137], "cam_t_m2c": [164.18524169921875, -179.41465759277344, 1351.953857421875], "obj_id": 1}, {"cam_R_m2c": [0.2066366970539093, 0.4113059639930725, -0.8877661228179932, -0.21419420838356018, 0.9043557643890381, 0.36913612484931946, 0.954684317111969, 0.1138772964477539, 0.27497243881225586], "cam_t_m2c": [-77.4320068359375, -376.20166015625, 1191.2420654296875], "obj_id": 1}, {"cam_R_m2c": [0.9459481239318848, 0.17972025275230408, 0.26996809244155884, 0.03234320506453514, -0.8805446028709412, 0.4728585183620453, 0.32270118594169617, -0.43856799602508545, -0.8387622833251953], "cam_t_m2c": [24.858734130859375, 14.284441947937012, 1212.0706787109375], "obj_id": 3}, {"cam_R_m2c": [-0.1936943382024765, 0.7607913017272949, 0.6194184422492981, -0.007646907586604357, -0.6325270533561707, 0.7745005488395691, 0.981032133102417, 0.14527972042560577, 0.12833458185195923], "cam_t_m2c": [40.92186737060547, -271.7615661621094, 1293.60888671875], "obj_id": 1}, {"cam_R_m2c": [-0.8795275092124939, -0.21729235351085663, -0.4233384132385254, 0.11815554648637772, 0.7620614767074585, -0.6366329789161682, 0.46094536781311035, -0.6099559664726257, -0.6445797681808472], "cam_t_m2c": [256.31781005859375, -241.86215209960938, 1322.6119384765625], "obj_id": 1}, {"cam_R_m2c": [-0.5676146745681763, -0.1262204647064209, 0.8135613203048706, 0.8103429079055786, 0.08893611282110214, 0.5791672468185425, -0.14545772969722748, 0.9880074858665466, 0.05180041864514351], "cam_t_m2c": [-61.58865737915039, 32.668968200683594, 1119.43994140625], "obj_id": 1}, {"cam_R_m2c": [-0.07188613712787628, -0.8834107518196106, -0.4630526304244995, 0.8925946950912476, 0.15019303560256958, -0.4251078963279724, 0.44509217143058777, -0.4438777267932892, 0.7777310013771057], "cam_t_m2c": [227.3089599609375, -207.60105895996094, 983.0328979492188], "obj_id": 3}, {"cam_R_m2c": [-0.9052314162254333, 0.38996848464012146, -0.16876164078712463, 0.011005798354744911, 0.4185468256473541, 0.9081284999847412, 0.424776166677475, 0.8202091455459595, -0.3831735849380493], "cam_t_m2c": [146.22161865234375, -334.84588623046875, 1132.1890869140625], "obj_id": 1}, {"cam_R_m2c": [0.5447146892547607, -0.08773733675479889, -0.8340191841125488, 0.8362805247306824, -0.017425887286663055, 0.5480247735977173, -0.0626157820224762, -0.9959911704063416, 0.06388089805841446], "cam_t_m2c": [-60.15559768676758, 44.0596809387207, 1003.4697265625], "obj_id": 1}, {"cam_R_m2c": [0.9002213478088379, 0.4304450750350952, 0.06571593880653381, 0.42600351572036743, -0.8394017815589905, -0.33752813935279846, -0.09012524783611298, 0.3318452537059784, -0.9390184879302979], "cam_t_m2c": [83.16180419921875, -32.30648422241211, 1102.6505126953125], "obj_id": 3}, {"cam_R_m2c": [-0.34553009271621704, -0.847114622592926, -0.40373969078063965, -0.625067412853241, 0.5286663770675659, -0.5742843747138977, 0.6999282836914062, 0.05393199250102043, -0.7121738791465759], "cam_t_m2c": [-7.790022850036621, -379.9423522949219, 1261.6063232421875], "obj_id": 1}, {"cam_R_m2c": [0.18586494028568268, 0.45619115233421326, -0.8702549338340759, -0.1287628412246704, 0.889358401298523, 0.43870463967323303, 0.974101722240448, 0.030516741797327995, 0.22404102981090546], "cam_t_m2c": [107.35040283203125, -327.93310546875, 1244.6209716796875], "obj_id": 3}, {"cam_R_m2c": [0.44275322556495667, -0.7455360293388367, 0.4981420934200287, 0.7829904556274414, 0.05076060816645622, -0.6199590563774109, 0.4369158446788788, 0.6645293831825256, 0.6062220931053162], "cam_t_m2c": [-24.957643508911133, -37.71737289428711, 1295.935302734375], "obj_id": 3}, {"cam_R_m2c": [-0.7668133974075317, -0.2128806710243225, -0.6055403351783752, -0.03917813301086426, 0.9571640491485596, -0.28688332438468933, 0.6406733393669128, -0.19626203179359436, -0.7423065304756165], "cam_t_m2c": [34.277156829833984, -132.560546875, 1177.6402587890625], "obj_id": 3}, {"cam_R_m2c": [-0.452902227640152, 0.06778156757354736, -0.888979971408844, 0.7027800679206848, -0.5864217877388, -0.4027528166770935, -0.548616349697113, -0.8071650266647339, 0.2179560512304306], "cam_t_m2c": [-71.27191162109375, -9.244589805603027, 1260.22119140625], "obj_id": 3}, {"cam_R_m2c": [0.28879445791244507, 0.9094618558883667, -0.2991269528865814, 0.9472395777702332, -0.2260495275259018, 0.2272416353225708, 0.13905009627342224, -0.34897100925445557, -0.9267600774765015], "cam_t_m2c": [-41.595645904541016, -220.67611694335938, 1069.210205078125], "obj_id": 1}, {"cam_R_m2c": [-0.9586879014968872, 0.1029716357588768, 0.26516833901405334, 0.1341945230960846, -0.6582192182540894, 0.7407693266868591, 0.2508171498775482, 0.7457507848739624, 0.6172086596488953], "cam_t_m2c": [52.71953582763672, 26.974977493286133, 1040.361083984375], "obj_id": 3}, {"cam_R_m2c": [0.42626461386680603, 0.8744157552719116, -0.23172295093536377, 0.875928521156311, -0.33500269055366516, 0.3471634089946747, 0.22593733668327332, -0.3509562313556671, -0.9087255001068115], "cam_t_m2c": [189.68075561523438, -160.01412963867188, 1193.94775390625], "obj_id": 3}, {"cam_R_m2c": [-0.4473257064819336, -0.832084059715271, -0.3279264271259308, 0.5896724462509155, 0.0012875421671196818, -0.8076414465904236, 0.6724478006362915, -0.5546479821205139, 0.49008113145828247], "cam_t_m2c": [25.036108016967773, -83.63563537597656, 1007.9246826171875], "obj_id": 3}, {"cam_R_m2c": [-0.7951570153236389, 0.4642411768436432, 0.390135258436203, 0.5936664342880249, 0.727126955986023, 0.3447413146495819, -0.12363474071025848, 0.5057336688041687, -0.8537845015525818], "cam_t_m2c": [-86.51707458496094, -307.45635986328125, 1165.36572265625], "obj_id": 1}, {"cam_R_m2c": [-0.26596587896347046, 0.9003930687904358, -0.3443172872066498, 0.5150553584098816, 0.4346558451652527, 0.7387775182723999, 0.8148497343063354, 0.019147183746099472, -0.5793558359146118], "cam_t_m2c": [-106.19532775878906, -264.5187683105469, 953.4302368164062], "obj_id": 3}, {"cam_R_m2c": [0.9857997894287109, -0.16564403474330902, -0.027582956477999687, 0.16753898561000824, 0.9590460658073425, 0.22838857769966125, -0.011377881281077862, -0.2297666370868683, 0.9731792211532593], "cam_t_m2c": [2.6636650562286377, -106.05160522460938, 1254.9744873046875], "obj_id": 3}, {"cam_R_m2c": [0.4508531391620636, 0.8925871253013611, -0.004441357683390379, 0.7621490955352783, -0.3875482678413391, -0.5185896158218384, -0.4646076560020447, 0.23042279481887817, -0.8550118207931519], "cam_t_m2c": [174.43582153320312, -211.2205352783203, 1155.38427734375], "obj_id": 1}, {"cam_R_m2c": [0.6919500827789307, 0.4550861418247223, -0.5604477524757385, 0.20196059346199036, 0.6232891082763672, 0.7554618716239929, 0.6931211948394775, -0.6359302401542664, 0.33937549591064453], "cam_t_m2c": [-62.54808044433594, -154.81173706054688, 1014.8132934570312], "obj_id": 1}, {"cam_R_m2c": [0.8164206743240356, 0.535008430480957, 0.2173091471195221, 0.17215992510318756, 0.13369661569595337, -0.9759539365768433, -0.5511971116065979, 0.834200918674469, 0.017045671120285988], "cam_t_m2c": [-117.89338684082031, -300.512451171875, 1048.966796875], "obj_id": 1}, {"cam_R_m2c": [-0.503874659538269, -0.19914813339710236, -0.8405060172080994, 0.7764853239059448, 0.3218346834182739, -0.541749894618988, 0.3783924877643585, -0.9256146550178528, -0.007528765592724085], "cam_t_m2c": [207.99044799804688, -36.780906677246094, 1309.521484375], "obj_id": 1}, {"cam_R_m2c": [-0.23473939299583435, -0.8757069110870361, -0.4219413697719574, 0.8462743759155273, 0.029450906440615654, -0.5319324135780334, 0.47824347019195557, -0.4819437861442566, 0.7341752648353577], "cam_t_m2c": [-112.96369171142578, -324.7578430175781, 950.7844848632812], "obj_id": 1}, {"cam_R_m2c": [0.15192358195781708, 0.5164383053779602, -0.842739999294281, -0.5059031844139099, -0.6918513774871826, -0.5151733756065369, -0.8491060733795166, 0.5046118497848511, 0.15615926682949066], "cam_t_m2c": [35.8155632019043, -62.08163833618164, 1270.544921875], "obj_id": 3}, {"cam_R_m2c": [-0.8053231239318848, 0.5652012228965759, -0.17889100313186646, 0.5859577059745789, 0.8047083616256714, -0.09538324177265167, 0.09004435688257217, -0.18163691461086273, -0.9792342782020569], "cam_t_m2c": [-56.393943786621094, -176.1190948486328, 1240.8548583984375], "obj_id": 3}, {"cam_R_m2c": [-0.6127594709396362, -0.7824500799179077, -0.11089535057544708, 0.6712340712547302, -0.44124898314476013, -0.5956040620803833, 0.4170980155467987, -0.43939876556396484, 0.7955865859985352], "cam_t_m2c": [118.97267150878906, -261.24005126953125, 1199.2650146484375], "obj_id": 3}, {"cam_R_m2c": [0.021771878004074097, -0.08992006629705429, 0.9957110285758972, 0.31919437646865845, 0.9444481730461121, 0.0783112496137619, -0.9474391937255859, 0.31612035632133484, 0.04926438629627228], "cam_t_m2c": [153.75450134277344, -250.75318908691406, 1333.940185546875], "obj_id": 1}, {"cam_R_m2c": [-0.053482357412576675, -0.6469342112541199, 0.7606679201126099, -0.5397496819496155, -0.6221605539321899, -0.5670859217643738, 0.8401249051094055, -0.44089940190315247, -0.3159078359603882], "cam_t_m2c": [-3.505392551422119, -137.83636474609375, 1119.426513671875], "obj_id": 3}, {"cam_R_m2c": [0.8981616497039795, -0.2854263186454773, -0.3344210088253021, -0.12506438791751862, -0.8950631618499756, 0.4280429184436798, -0.42150264978408813, -0.3426275849342346, -0.8396080732345581], "cam_t_m2c": [193.5695037841797, -273.86871337890625, 1170.8974609375], "obj_id": 1}, {"cam_R_m2c": [-0.38303178548812866, 0.6681874394416809, -0.6378183960914612, -0.2795979380607605, 0.5742250084877014, 0.7694742679595947, 0.8804042935371399, 0.4730657637119293, -0.03312264755368233], "cam_t_m2c": [134.92010498046875, -362.9253845214844, 1166.8370361328125], "obj_id": 1}, {"cam_R_m2c": [-0.647463321685791, -0.14321251213550568, -0.7485194802284241, -0.6032795906066895, 0.6964622735977173, 0.38857948780059814, 0.46566611528396606, 0.7031574845314026, -0.5373309254646301], "cam_t_m2c": [97.49461364746094, -107.47818756103516, 1083.6441650390625], "obj_id": 3}, {"cam_R_m2c": [-0.5528121590614319, -0.429375559091568, 0.7141672372817993, -0.7215431332588196, -0.18208637833595276, -0.6679968237876892, 0.41686180233955383, -0.8845794796943665, -0.2091531902551651], "cam_t_m2c": [-136.69151306152344, -30.176448822021484, 1272.1053466796875], "obj_id": 3}, {"cam_R_m2c": [0.8846055865287781, 0.45077037811279297, 0.11949489265680313, -0.03243056684732437, 0.3150835633277893, -0.9485096335411072, -0.4652109444141388, 0.8351816534996033, 0.2933434247970581], "cam_t_m2c": [-108.85348510742188, 40.111839294433594, 1033.949951171875], "obj_id": 3}, {"cam_R_m2c": [-0.8588205575942993, -0.08464653044939041, 0.5052347183227539, 0.5097762942314148, -0.23853516578674316, 0.8265766501426697, 0.05054941400885582, 0.9674378037452698, 0.2480097860097885], "cam_t_m2c": [180.13465881347656, -341.0558776855469, 1083.3248291015625], "obj_id": 1}, {"cam_R_m2c": [0.8033533692359924, 0.46802061796188354, 0.3682119846343994, -0.2972696125507355, 0.8509476184844971, -0.4330345094203949, -0.5159981846809387, 0.2384214699268341, 0.8227399587631226], "cam_t_m2c": [79.24333953857422, -5.669384956359863, 1022.3518676757812], "obj_id": 1}, {"cam_R_m2c": [-0.30500707030296326, -0.511943519115448, 0.8030468225479126, -0.903357982635498, -0.11144686490297318, -0.41415420174598694, 0.3015207350254059, -0.8517588973045349, -0.4284760653972626], "cam_t_m2c": [84.39502716064453, 1.9216588735580444, 998.2503662109375], "obj_id": 3}, {"cam_R_m2c": [0.8846379518508911, 0.44004595279693604, 0.15419243276119232, 0.4637782871723175, -0.8645917177200317, -0.1933676153421402, 0.048222847282886505, 0.24257142841815948, -0.9689343571662903], "cam_t_m2c": [-35.441123962402344, -125.90550231933594, 1198.62158203125], "obj_id": 3}, {"cam_R_m2c": [0.5622891187667847, 0.27794307470321655, -0.7788314819335938, 0.7276562452316284, 0.2811494469642639, 0.6256766319274902, 0.3928705155849457, -0.9185328483581543, -0.04415974020957947], "cam_t_m2c": [207.83245849609375, -27.009902954101562, 1379.007568359375], "obj_id": 3}, {"cam_R_m2c": [-0.9102237224578857, -0.30036014318466187, -0.2850901782512665, 0.3577422797679901, -0.9170897603034973, -0.17597347497940063, -0.20859789848327637, -0.26216405630111694, 0.9422085285186768], "cam_t_m2c": [14.483392715454102, -13.728954315185547, 1310.08349609375], "obj_id": 3}, {"cam_R_m2c": [-0.3192269206047058, -0.6589418053627014, 0.6810945868492126, -0.04520735517144203, 0.7284683585166931, 0.6835861802101135, -0.9465993642807007, 0.18742865324020386, -0.26233571767807007], "cam_t_m2c": [227.5826416015625, -258.2085876464844, 1053.8360595703125], "obj_id": 3}, {"cam_R_m2c": [0.8155988454818726, 0.29868757724761963, 0.4955645799636841, -0.5441815853118896, 0.10490737855434418, 0.8323825597763062, 0.196633979678154, -0.9485673904418945, 0.24810263514518738], "cam_t_m2c": [129.17861938476562, -128.80706787109375, 1209.0938720703125], "obj_id": 3}, {"cam_R_m2c": [0.20861701667308807, -0.936374843120575, 0.2822783887386322, -0.19302523136138916, -0.3223734498023987, -0.9267235994338989, 0.9587597250938416, 0.13884347677230835, -0.24799655377864838], "cam_t_m2c": [133.24615478515625, -366.5375671386719, 1098.9659423828125], "obj_id": 3}, {"cam_R_m2c": [-0.9522786736488342, 0.29433268308639526, -0.08083061128854752, 0.11620268225669861, 0.594471275806427, 0.7956763505935669, 0.28224503993988037, 0.7483128905296326, -0.6003046035766602], "cam_t_m2c": [191.43942260742188, -3.837876081466675, 1123.3006591796875], "obj_id": 1}, {"cam_R_m2c": [0.8383409976959229, -0.3880760967731476, 0.3828594386577606, -0.40266820788383484, -0.9142400622367859, -0.0449812076985836, 0.3674815893173218, -0.11645573377609253, -0.9227108359336853], "cam_t_m2c": [149.2200927734375, -306.6842956542969, 959.6502075195312], "obj_id": 3}, {"cam_R_m2c": [0.8673276305198669, -0.45702025294303894, 0.1971679925918579, 0.23291857540607452, 0.722747266292572, 0.650680661201477, -0.43987685441970825, -0.5184292197227478, 0.7333071827888489], "cam_t_m2c": [136.61611938476562, -200.4912872314453, 1202.5140380859375], "obj_id": 1}, {"cam_R_m2c": [0.5474928617477417, -0.8258740901947021, -0.13484618067741394, -0.7815795540809631, -0.5622472763061523, 0.27020618319511414, -0.2989731729030609, -0.04254293441772461, -0.9533126950263977], "cam_t_m2c": [24.14591407775879, -35.48893737792969, 1312.977294921875], "obj_id": 3}, {"cam_R_m2c": [-0.8052194118499756, 0.3603251874446869, -0.4709429144859314, -0.4227173328399658, -0.9057732224464417, 0.029743043705821037, -0.41585037112236023, 0.22302542626857758, 0.881662130355835], "cam_t_m2c": [8.787731170654297, -327.86712646484375, 1260.639892578125], "obj_id": 3}, {"cam_R_m2c": [0.4702962636947632, 0.2520076334476471, -0.8457620739936829, 0.5177246928215027, 0.6973336338996887, 0.4956681728363037, 0.7146905064582825, -0.670982837677002, 0.19748282432556152], "cam_t_m2c": [20.564538955688477, -342.7846374511719, 1219.6092529296875], "obj_id": 1}, {"cam_R_m2c": [-0.07337887585163116, 0.17516420781612396, 0.9818007946014404, -0.07437857240438461, -0.9826741814613342, 0.1697610467672348, 0.9945265650749207, -0.