{
  "0": [{"cam_R_m2c": [0.1869058758020401, -0.9792639017105103, -0.07815610617399216, -0.2721148133277893, 0.024836985394358635, -0.9619442224502563, 0.9439384341239929, 0.2010604441165924, -0.26183003187179565], "cam_t_m2c": [218.7335205078125, -57.09265899658203, 916.777587890625], "obj_id": 1}, {"cam_R_m2c": [0.1869058758020401, -0.9792639017105103, -0.07815610617399216, -0.2721148133277893, 0.024836985394358635, -0.9619442224502563, 0.9439384341239929, 0.2010604441165924, -0.26183003187179565], "cam_t_m2c": [218.7335205078125, -57.09265899658203, 916.777587890625], "obj_id": 2}, {"cam_R_m2c": [0.1869058758020401, -0.9792639017105103, -0.07815610617399216, -0.2721148133277893, 0.024836985394358635, -0.9619442224502563, 0.9439384341239929, 0.2010604441165924, -0.26183003187179565], "cam_t_m2c": [218.7335205078125, -57.09265899658203, 916.777587890625], "obj_id": 3}, {"cam_R_m2c": [0.1869058758020401, -0.9792639017105103, -0.07815610617399216, -0.2721148133277893, 0.024836985394358635, -0.9619442224502563, 0.9439384341239929, 0.2010604441165924, -0.26183003187179565], "cam_t_m2c": [218.7335205078125, -57.09265899658203, 916.777587890625], "obj_id": 1}, {"cam_R_m2c": [0.1869058758020401, -0.9792639017105103, -0.07815610617399216, -0.2721148133277893, 0.024836985394358635, -0.9619442224502563, 0.9439384341239929, 0.2010604441165924, -0.26183003187179565], "cam_t_m2c": [218.7335205078125, -57.09265899658203, 916.777587890625], "obj_id": 0}, {"cam_R_m2c": [0.1869058758020401, -0.9792639017105103, -0.07815610617399216, -0.2721148133277893, 0.024836985394358635, -0.9619442224502563, 0.9439384341239929, 0.2010604441165924, -0.26183003187179565], "cam_t_m2c": [218.7335205078125, -57.09265899658203, 916.777587890625], "obj_id": 0}, {"cam_R_m2c": [0.1869058758020401, -0.9792639017105103, -0.07815610617399216, -0.2721148133277893, 0.024836985394358635, -0.9619442224502563, 0.9439384341239929, 0.2010604441165924, -0.26183003187179565], "cam_t_m2c": [218.7335205078125, -57.09265899658203, 916.777587890625], "obj_id": 0}, {"cam_R_m2c": [0.1869058758020401, -0.9792639017105103, -0.07815610617399216, -0.2721148133277893, 0.024836985394358635, -0.9619442224502563, 0.9439384341239929, 0.2010604441165924, -0.26183003187179565], "cam_t_m2c": [218.7335205078125, -57.09265899658203, 916.777587890625], "obj_id": 1}, {"cam_R_m2c": [0.1869058758020401, -0.9792639017105103, -0.07815610617399216, -0.2721148133277893, 0.024836985394358635, -0.9619442224502563, 0.9439384341239929, 0.2010604441165924, -0.26183003187179565], "cam_t_m2c": [218.7335205078125, -57.09265899658203, 916.777587890625], "obj_id": 0}, {"cam_R_m2c": [0.1869058758020401, -0.9792639017105103, -0.07815610617399216, -0.2721148133277893, 0.024836985394358635, -0.9619442224502563, 0.9439384341239929, 0.2010604441165924, -0.26183003187179565], "cam_t_m2c": [218.7335205078125, -57.09265899658203, 916.777587890625], "obj_id": 0}, {"cam_R_m2c": [0.1869058758020401, -0.9792639017105103, -0.07815610617399216, -0.2721148133277893, 0.024836985394358635, -0.9619442224502563, 0.9439384341239929, 0.2010604441165924, -0.26183003187179565], "cam_t_m2c": [218.7335205078125, -57.09265899658203, 916.777587890625], "obj_id": 3}, {"cam_R_m2c": [0.1869058758020401, -0.9792639017105103, -0.07815610617399216, -0.2721148133277893, 0.024836985394358635, -0.9619442224502563, 0.9439384341239929, 0.2010604441165924, -0.26183003187179565], "cam_t_m2c": [218.7335205078125, -57.09265899658203, 916.777587890625], "obj_id": 3}, {"cam_R_m2c": [0.9699320793151855, -0.15934441983699799, 0.1839594841003418, 0.06545531749725342, -0.5572237372398376, -0.8277785181999207, 0.23440848290920258, 0.8149300813674927, -0.5300392508506775], "cam_t_m2c": [337.9342041015625, -78.48084259033203, 747.3897705078125], "obj_id": 1}, {"cam_R_m2c": [0.23461981117725372, 0.9633960723876953, 0.12969817221164703, 0.9136587381362915, -0.2641054689884186, 0.30899205803871155, 0.33193570375442505, 0.046004198491573334, -0.9421795606613159], "cam_t_m2c": [-9.949088096618652, -105.43780517578125, 1027.780517578125], "obj_id": 2}, {"cam_R_m2c": [0.10645287483930588, -0.10241381824016571, 0.9890294075012207, 0.9741411805152893, -0.18862126767635345, -0.12438208609819412, 0.1992904394865036, 0.9766951203346252, 0.0796862542629242], "cam_t_m2c": [414.1601257324219, -24.62300682067871, 851.8073120117188], "obj_id": 3}, {"cam_R_m2c": [0.1475922167301178, 0.8772298693656921, -0.4568197429180145, -0.9616138935089111, 0.01924372836947441, -0.273730605840683, -0.23133374750614166, 0.4796847105026245, 0.8463966250419617], "cam_t_m2c": [234.90122985839844, -70.01969146728516, 836.822509765625], "obj_id": 4}],
  "1": [{"cam_R_m2c": [0.9883648753166199, -0.04960653930902481, 0.14378459751605988, 0.07776551693677902, -0.647617757320404, -0.7579864263534546, 0.13071857392787933, 0.7603486776351929, -0.6362249851226807], "cam_t_m2c": [189.7464141845703, 142.1312713623047, 636.4609375], "obj_id": 1}, {"cam_R_m2c": [0.9883648753166199, -0.04960653930902481, 0.14378459751605988, 0.07776551693677902, -0.647617757320404, -0.7579864263534546, 0.13071857392787933, 0.7603486776351929, -0.6362249851226807], "cam_t_m2c": [189.7464141845703, 142.1312713623047, 636.4609375], "obj_id": 2}, {"cam_R_m2c": [0.9883648753166199, -0.04960653930902481, 0.14378459751605988, 0.07776551693677902, -0.647617757320404, -0.7579864263534546, 0.13071857392787933, 0.7603486776351929, -0.6362249851226807], "cam_t_m2c": [189.7464141845703, 142.1312713623047, 636.4609375], "obj_id": 3}, {"cam_R_m2c": [0.9883648753166199, -0.04960653930902481, 0.14378459751605988, 0.07776551693677902, -0.647617757320404, -0.7579864263534546, 0.13071857392787933, 0.7603486776351929, -0.6362249851226807], "cam_t_m2c": [189.7464141845703, 142.1312713623047, 636.4609375], "obj_id": 1}, {"cam_R_m2c": [0.9883648753166199, -0.04960653930902481, 0.14378459751605988, 0.07776551693677902, -0.647617757320404, -0.7579864263534546, 0.13071857392787933, 0.7603486776351929, -0.6362249851226807], "cam_t_m2c": [189.7464141845703, 142.1312713623047, 636.4609375], "obj_id": 0}, {"cam_R_m2c": [0.9883648753166199, -0.04960653930902481, 0.14378459751605988, 0.07776551693677902, -0.647617757320404, -0.7579864263534546, 0.13071857392787933, 0.7603486776351929, -0.6362249851226807], "cam_t_m2c": [189.7464141845703, 142.1312713623047, 636.4609375], "obj_id": 0}, {"cam_R_m2c": [0.9883648753166199, -0.04960653930902481, 0.14378459751605988, 0.07776551693677902, -0.647617757320404, -0.7579864263534546, 0.13071857392787933, 0.7603486776351929, -0.6362249851226807], "cam_t_m2c": [189.7464141845703, 142.1312713623047, 636.4609375], "obj_id": 0}, {"cam_R_m2c": [0.9883648753166199, -0.04960653930902481, 0.14378459751605988, 0.07776551693677902, -0.647617757320404, -0.7579864263534546, 0.13071857392787933, 0.7603486776351929, -0.6362249851226807], "cam_t_m2c": [189.7464141845703, 142.1312713623047, 636.4609375], "obj_id": 1}, {"cam_R_m2c": [0.9883648753166199, -0.04960653930902481, 0.14378459751605988, 0.07776551693677902, -0.647617757320404, -0.7579864263534546, 0.13071857392787933, 0.7603486776351929, -0.6362249851226807], "cam_t_m2c": [189.7464141845703, 142.1312713623047, 636.4609375], "obj_id": 0}, {"cam_R_m2c": [0.9883648753166199, -0.04960653930902481, 0.14378459751605988, 0.07776551693677902, -0.647617757320404, -0.7579864263534546, 0.13071857392787933, 0.7603486776351929, -0.6362249851226807], "cam_t_m2c": [189.7464141845703, 142.1312713623047, 636.4609375], "obj_id": 0}, {"cam_R_m2c": [0.9883648753166199, -0.04960653930902481, 0.14378459751605988, 0.07776551693677902, -0.647617757320404, -0.7579864263534546, 0.13071857392787933, 0.7603486776351929, -0.6362249851226807], "cam_t_m2c": [189.7464141845703, 142.1312713623047, 636.4609375], "obj_id": 3}, {"cam_R_m2c": [0.9883648753166199, -0.04960653930902481, 0.14378459751605988, 0.07776551693677902, -0.647617757320404, -0.7579864263534546, 0.13071857392787933, 0.7603486776351929, -0.6362249851226807], "cam_t_m2c": [189.7464141845703, 142.1312713623047, 636.4609375], "obj_id": 3}, {"cam_R_m2c": [0.3961862325668335, 0.9137221574783325, -0.09026772528886795, 0.7651720643043518, -0.3829081654548645, -0.5175836682319641, -0.507491946220398, 0.13598917424678802, -0.8508576154708862], "cam_t_m2c": [74.9895248413086, 187.72743225097656, 468.79962158203125], "obj_id": 1}, {"cam_R_m2c": [-0.02724725753068924, 0.3625572919845581, -0.9315631985664368, 0.845280110836029, 0.5058342218399048, 0.1721433699131012, 0.5336284041404724, -0.782741367816925, -0.32024508714675903], "cam_t_m2c": [256.9859924316406, -37.49314880371094, 810.1519165039062], "obj_id": 2}, {"cam_R_m2c": [-0.19785135984420776, 0.9190093278884888, 0.3409934937953949, 0.7775993943214417, -0.064653679728508, 0.6254270076751709, 0.5968197584152222, 0.38889798521995544, -0.7018292546272278], "cam_t_m2c": [162.36094665527344, 293.7483825683594, 496.00006103515625], "obj_id": 3}, {"cam_R_m2c": [0.22078131139278412, 0.6116282939910889, 0.7597147226333618, -0.5936160087585449, 0.7023143172264099, -0.3929053246974945, -0.773870587348938, -0.3642326891422272, 0.5181302428245544], "cam_t_m2c": [127.83038330078125, 133.30691528320312, 582.5178833007812], "obj_id": 4}],
  "2": [{"cam_R_m2c": [0.9883648753166199, -0.04960653930902481, 0.14378459751605988, 0.07776551693677902, -0.647617757320404, -0.7579864263534546, 0.13071857392787933, 0.7603486776351929, -0.6362249851226807], "cam_t_m2c": [189.7464141845703, 142.1312713623047, 636.4609375], "obj_id": 1}, {"cam_R_m2c": [0.9883648753166199, -0.04960653930902481, 0.14378459751605988, 0.07776551693677902, -0.647617757320404, -0.7579864263534546, 0.13071857392787933, 0.7603486776351929, -0.6362249851226807], "cam_t_m2c": [189.7464141845703, 142.1312713623047, 636.4609375], "obj_id": 2}, {"cam_R_m2c": [0.9883648753166199, -0.04960653930902481, 0.14378459751605988, 0.07776551693677902, -0.647617757320404, -0.7579864263534546, 0.13071857392787933, 0.7603486776351929, -0.6362249851226807], "cam_t_m2c": [189.7464141845703, 142.1312713623047, 636.4609375], "obj_id": 3}, {"cam_R_m2c": [0.9883648753166199, -0.04960653930902481, 0.14378459751605988, 0.07776551693677902, -0.647617757320404, -0.7579864263534546, 0.13071857392787933, 0.7603486776351929, -0.6362249851226807], "cam_t_m2c": [189.7464141845703, 142.1312713623047, 636.4609375], "obj_id": 1}, {"cam_R_m2c": [0.9883648753166199, -0.04960653930902481, 0.14378459751605988, 0.07776551693677902, -0.647617757320404, -0.7579864263534546, 0.13071857392787933, 0.7603486776351929, -0.6362249851226807], "cam_t_m2c": [189.7464141845703, 142.1312713623047, 636.4609375], "obj_id": 0}, {"cam_R_m2c": [0.9883648753166199, -0.04960653930902481, 0.14378459751605988, 0.07776551693677902, -0.647617757320404, -0.7579864263534546, 0.13071857392787933, 0.7603486776351929, -0.6362249851226807], "cam_t_m2c": [189.7464141845703, 142.1312713623047, 636.4609375], "obj_id": 0}, {"cam_R_m2c": [0.9883648753166199, -0.04960653930902481, 0.14378459751605988, 0.07776551693677902, -0.647617757320404, -0.7579864263534546, 0.13071857392787933, 0.7603486776351929, -0.6362249851226807], "cam_t_m2c": [189.7464141845703, 142.1312713623047, 636.4609375], "obj_id": 0}, {"cam_R_m2c": [0.9883648753166199, -0.04960653930902481, 0.14378459751605988, 0.07776551693677902, -0.647617757320404, -0.7579864263534546, 0.13071857392787933, 0.7603486776351929, -0.6362249851226807], "cam_t_m2c": [189.7464141845703, 142.1312713623047, 636.4609375], "obj_id": 1}, {"cam_R_m2c": [0.9883648753166199, -0.04960653930902481, 0.14378459751605988, 0.07776551693677902, -0.647617757320404, -0.7579864263534546, 0.13071857392787933, 0.7603486776351929, -0.6362249851226807], "cam_t_m2c": [189.7464141845703, 142.1312713623047, 636.4609375], "obj_id": 0}, {"cam_R_m2c": [0.9883648753166199, -0.04960653930902481, 0.14378459751605988, 0.07776551693677902, -0.647617757320404, -0.7579864263534546, 0.13071857392787933, 0.7603486776351929, -0.6362249851226807], "cam_t_m2c": [189.7464141845703, 142.1312713623047, 636.4609375], "obj_id": 0}, {"cam_R_m2c": [0.9883648753166199, -0.04960653930902481, 0.14378459751605988, 0.07776551693677902, -0.647617757320404, -0.7579864263534546, 0.13071857392787933, 0.7603486776351929, -0.6362249851226807], "cam_t_m2c": [189.7464141845703, 142.1312713623047, 636.4609375], "obj_id": 3}, {"cam_R_m2c": [0.9883648753166199, -0.04960653930902481, 0.14378459751605988, 0.07776551693677902, -0.647617757320404, -0.7579864263534546, 0.13071857392787933, 0.7603486776351929, -0.6362249851226807], "cam_t_m2c": [189.7464141845703, 142.1312713623047, 636.4609375], "obj_id": 3}, {"cam_R_m2c": [0.3961862325668335, 0.9137221574783325, -0.09026772528886795, 0.7651720643043518, -0.3829081654548645, -0.5175836682319641, -0.507491946220398, 0.13598917424678802, -0.8508576154708862], "cam_t_m2c": [74.9895248413086, 187.72743225097656, 468.79962158203125], "obj_id": 1}, {"cam_R_m2c": [-0.02724725753068924, 0.3625572919845581, -0.9315631985664368, 0.845280110836029, 0.5058342218399048, 0.1721433699131012, 0.5336284041404724, -0.782741367816925, -0.32024508714675903], "cam_t_m2c": [256.9859924316406, -37.49314880371094, 810.1519165039062], "obj_id": 2}, {"cam_R_m2c": [-0.19785135984420776, 0.9190093278884888, 0.3409934937953949, 0.7775993943214417, -0.064653679728508, 0.6254270076751709, 0.5968197584152222, 0.38889798521995544, -0.7018292546272278], "cam_t_m2c": [162.36094665527344, 293.7483825683594, 496.00006103515625], "obj_id": 3}, {"cam_R_m2c": [0.22078131139278412, 0.6116282939910889, 0.7597147226333618, -0.5936160087585449, 0.7023143172264099, -0.3929053246974945, -0.773870587348938, -0.3642326891422272, 0.5181302428245544], "cam_t_m2c": [127.83038330078125, 133.30691528320312, 582.5178833007812], "obj_id": 4}],
  "3": [{"cam_R_m2c": [-0.799951434135437, 0.5953417420387268, 0.07513722032308578, 0.02876845747232437, 0.16312099993228912, -0.9861864447593689, -0.5993744730949402, -0.7867398262023926, -0.14761580526828766], "cam_t_m2c": [-277.1757507324219, -21.17258644104004, 835.0283813476562], "obj_id": 1}, {"cam_R_m2c": [-0.799951434135437, 0.5953417420387268, 0.07513722032308578, 0.02876845747232437, 0.16312099993228912, -0.9861864447593689, -0.5993744730949402, -0.7867398262023926, -0.14761580526828766], "cam_t_m2c": [-277.1757507324219, -21.17258644104004, 835.0283813476562], "obj_id": 2}, {"cam_R_m2c": [-0.799951434135437, 0.5953417420387268, 0.07513722032308578, 0.02876845747232437, 0.16312099993228912, -0.9861864447593689, -0.5993744730949402, -0.7867398262023926, -0.14761580526828766], "cam_t_m2c": [-277.1757507324219, -21.17258644104004, 835.0283813476562], "obj_id": 3}, {"cam_R_m2c": [-0.799951434135437, 0.5953417420387268, 0.07513722032308578, 0.02876845747232437, 0.16312099993228912, -0.9861864447593689, -0.5993744730949402, -0.7867398262023926, -0.14761580526828766], "cam_t_m2c": [-277.1757507324219, -21.17258644104004, 835.0283813476562], "obj_id": 1}, {"cam_R_m2c": [-0.799951434135437, 0.5953417420387268, 0.07513722032308578, 0.02876845747232437, 0.16312099993228912, -0.9861864447593689, -0.5993744730949402, -0.7867398262023926, -0.14761580526828766], "cam_t_m2c": [-277.1757507324219, -21.17258644104004, 835.0283813476562], "obj_id": 0}, {"cam_R_m2c": [-0.799951434135437, 0.5953417420387268, 0.07513722032308578, 0.02876845747232437, 0.16312099993228912, -0.9861864447593689, -0.5993744730949402, -0.7867398262023926, -0.14761580526828766], "cam_t_m2c": [-277.1757507324219, -21.17258644104004, 835.0283813476562], "obj_id": 0}, {"cam_R_m2c": [-0.799951434135437, 0.5953417420387268, 0.07513722032308578, 0.02876845747232437, 0.16312099993228912, -0.9861864447593689, -0.5993744730949402, -0.7867398262023926, -0.14761580526828766], "cam_t_m2c": [-277.1757507324219, -21.17258644104004, 835.0283813476562], "obj_id": 0}, {"cam_R_m2c": [-0.799951434135437, 0.5953417420387268, 0.07513722032308578, 0.02876845747232437, 0.16312099993228912, -0.9861864447593689, -0.5993744730949402, -0.7867398262023926, -0.14761580526828766], "cam_t_m2c": [-277.1757507324219, -21.17258644104004, 835.0283813476562], "obj_id": 1}, {"cam_R_m2c": [-0.799951434135437, 0.5953417420387268, 0.07513722032308578, 0.02876845747232437, 0.16312099993228912, -0.9861864447593689, -0.5993744730949402, -0.7867398262023926, -0.14761580526828766], "cam_t_m2c": [-277.1757507324219, -21.17258644104004, 835.0283813476562], "obj_id": 0}, {"cam_R_m2c": [-0.799951434135437, 0.5953417420387268, 0.07513722032308578, 0.02876845747232437, 0.16312099993228912, -0.9861864447593689, -0.5993744730949402, -0.7867398262023926, -0.14761580526828766], "cam_t_m2c": [-277.1757507324219, -21.17258644104004, 835.0283813476562], "obj_id": 0}, {"cam_R_m2c": [-0.799951434135437, 0.5953417420387268, 0.07513722032308578, 0.02876845747232437, 0.16312099993228912, -0.9861864447593689, -0.5993744730949402, -0.7867398262023926, -0.14761580526828766], "cam_t_m2c": [-277.1757507324219, -21.17258644104004, 835.0283813476562], "obj_id": 3}, {"cam_R_m2c": [-0.799951434135437, 0.5953417420387268, 0.07513722032308578, 0.02876845747232437, 0.16312099993228912, -0.9861864447593689, -0.5993744730949402, -0.7867398262023926, -0.14761580526828766], "cam_t_m2c": [-277.1757507324219, -21.17258644104004, 835.0283813476562], "obj_id": 3}, {"cam_R_m2c": [-0.859254002571106, -0.5054458975791931, 0.07878484576940536, 0.06146702170372009, -0.25491127371788025, -0.9650088548660278, 0.5078428983688354, -0.8243449926376343, 0.250101774930954], "cam_t_m2c": [-257.6554870605469, -104.48771667480469, 1024.8599853515625], "obj_id": 1}, {"cam_R_m2c": [-0.24432718753814697, -0.7837997674942017, 0.5709310173988342, 0.9507755637168884, -0.309366911649704, -0.01783297397196293, 0.19060464203357697, 0.5384701490402222, 0.8208043575286865], "cam_t_m2c": [-188.7799530029297, -13.861835479736328, 591.9494018554688], "obj_id": 2}, {"cam_R_m2c": [-0.053108878433704376, -0.5944058895111084, -0.8024094700813293, 0.9756263494491577, 0.14044193923473358, -0.1686096340417862, 0.21291446685791016, -0.7918065190315247, 0.5724594593048096], "cam_t_m2c": [-373.7138671875, -26.267562866210938, 1019.7482299804688], "obj_id": 3}, {"cam_R_m2c": [-0.11147641390562057, -0.9588816165924072, -0.2609957158565521, -0.993618369102478, 0.10300598293542862, 0.04595748335123062, -0.017183702439069748, 0.26445335149765015, -0.9642451405525208], "cam_t_m2c": [-238.8076171875, -60.075599670410156, 896.9619750976562], "obj_id": 4}],
  "4": [{"cam_R_m2c": [-0.799951434135437, 0.5953417420387268, 0.07513722032308578, 0.02876845747232437, 0.16312099993228912, -0.9861864447593689, -0.5993744730949402, -0.7867398262023926, -0.14761580526828766], "cam_t_m2c": [-277.1757507324219, -21.17258644104004, 835.0283813476562], "obj_id": 1}, {"cam_R_m2c": [-0.799951434135437, 0.5953417420387268, 0.07513722032308578, 0.02876845747232437, 0.16312099993228912, -0.9861864447593689, -0.5993744730949402, -0.7867398262023926, -0.14761580526828766], "cam_t_m2c": [-277.1757507324219, -21.17258644104004, 835.0283813476562], "obj_id": 2}, {"cam_R_m2c": [-0.799951434135437, 0.5953417420387268, 0.07513722032308578, 0.02876845747232437, 0.16312099993228912, -0.9861864447593689, -0.5993744730949402, -0.7867398262023926, -0.14761580526828766], "cam_t_m2c": [-277.1757507324219, -21.17258644104004, 835.0283813476562], "obj_id": 3}, {"cam_R_m2c": [-0.799951434135437, 0.5953417420387268, 0.07513722032308578, 0.02876845747232437, 0.16312099993228912, -0.9861864447593689, -0.5993744730949402, -0.7867398262023926, -0.14761580526828766], "cam_t_m2c": [-277.1757507324219, -21.17258644104004, 835.0283813476562], "obj_id": 1}, {"cam_R_m2c": [-0.799951434135437, 0.5953417420387268, 0.07513722032308578, 0.02876845747232437, 0.16312099993228912, -0.9861864447593689, -0.5993744730949402, -0.7867398262023926, -0.14761580526828766], "cam_t_m2c": [-277.1757507324219, -21.17258644104004, 835.0283813476562], "obj_id": 0}, {"cam_R_m2c": [-0.799951434135437, 0.5953417420387268, 0.07513722032308578, 0.02876845747232437, 0.16312099993228912, -0.9861864447593689, -0.5993744730949402, -0.7867398262023926, -0.14761580526828766], "cam_t_m2c": [-277.1757507324219, -21.17258644104004, 835.0283813476562], "obj_id": 0}, {"cam_R_m2c": [-0.799951434135437, 0.5953417420387268, 0.07513722032308578, 0.02876845747232437, 0.16312099993228912, -0.9861864447593689, -0.5993744730949402, -0.7867398262023926, -0.14761580526828766], "cam_t_m2c": [-277.1757507324219, -21.17258644104004, 835.0283813476562], "obj_id": 0}, {"cam_R_m2c": [-0.799951434135437, 0.5953417420387268, 0.07513722032308578, 0.02876845747232437, 0.16312099993228912, -0.9861864447593689, -0.5993744730949402, -0.7867398262023926, -0.14761580526828766], "cam_t_m2c": [-277.1757507324219, -21.17258644104004, 835.0283813476562], "obj_id": 1}, {"cam_R_m2c": [-0.799951434135437, 0.5953417420387268, 0.07513722032308578, 0.02876845747232437, 0.16312099993228912, -0.9861864447593689, -0.5993744730949402, -0.7867398262023926, -0.14761580526828766], "cam_t_m2c": [-277.1757507324219, -21.17258644104004, 835.0283813476562], "obj_id": 0}, {"cam_R_m2c": [-0.799951434135437, 0.5953417420387268, 0.07513722032308578, 0.02876845747232437, 0.16312099993228912, -0.9861864447593689, -0.5993744730949402, -0.7867398262023926, -0.14761580526828766], "cam_t_m2c": [-277.1757507324219, -21.17258644104004, 835.0283813476562], "obj_id": 0}, {"cam_R_m2c": [-0.799951434135437, 0.5953417420387268, 0.07513722032308578, 0.02876845747232437, 0.16312099993228912, -0.9861864447593689, -0.5993744730949402, -0.7867398262023926, -0.14761580526828766], "cam_t_m2c": [-277.1757507324219, -21.17258644104004, 835.0283813476562], "obj_id": 3}, {"cam_R_m2c": [-0.799951434135437, 0.5953417420387268, 0.07513722032308578, 0.02876845747232437, 0.16312099993228912, -0.9861864447593689, -0.5993744730949402, -0.7867398262023926, -0.14761580526828766], "cam_t_m2c": [-277.1757507324219, -21.17258644104004, 835.0283813476562], "obj_id": 3}, {"cam_R_m2c": [-0.859254002571106, -0.5054458975791931, 0.07878484576940536, 0.06146702170372009, -0.25491127371788025, -0.9650088548660278, 0.5078428983688354, -0.8243449926376343, 0.250101774930954], "cam_t_m2c": [-257.6554870605469, -104.48771667480469, 1024.8599853515625], "obj_id": 1}, {"cam_R_m2c": [-0.24432718753814697, -0.7837997674942017, 0.5709310173988342, 0.9507755637168884, -0.309366911649704, -0.01783297397196293, 0.19060464203357697, 0.5384701490402222, 0.8208043575286865], "cam_t_m2c": [-188.7799530029297, -13.861835479736328, 591.9494018554688], "obj_id": 2}, {"cam_R_m2c": [-0.053108878433704376, -0.5944058895111084, -0.8024094700813293, 0.9756263494491577, 0.14044193923473358, -0.1686096340417862, 0.21291446685791016, -0.7918065190315247, 0.5724594593048096], "cam_t_m2c": [-373.7138671875, -26.267562866210938, 1019.7482299804688], "obj_id": 3}, {"cam_R_m2c": [-0.11147641390562057, -0.9588816165924072, -0.2609957158565521, -0.993618369102478, 0.10300598293542862, 0.04595748335123062, -0.017183702439069748, 0.26445335149765015, -0.9642451405525208], "cam_t_m2c": [-238.8076171875, -60.075599670410156, 896.9619750976562], "obj_id": 4}],
  "5": [{"cam_R_m2c": [0.9064227342605591, -0.41656434535980225, -0.0697992816567421, -0.3355116546154022, -0.6097331047058105, -0.7180930376052856, 0.25657302141189575, 0.6743143796920776, -0.6924381852149963], "cam_t_m2c": [246.72254943847656, 57.73955535888672, 534.3214111328125], "obj_id": 1}, {"cam_R_m2c": [0.9064227342605591, -0.41656434535980225, -0.0697992816567421, -0.3355116546154022, -0.6097331047058105, -0.7180930376052856, 0.25657302141189575, 0.6743143796920776, -0.6924381852149963], "cam_t_m2c": [246.72254943847656, 57.73955535888672, 534.3214111328125], "obj_id": 2}, {"cam_R_m2c": [0.9064227342605591, -0.41656434535980225, -0.0697992816567421, -0.3355116546154022, -0.6097331047058105, -0.7180930376052856, 0.25657302141189575, 0.6743143796920776, -0.6924381852149963], "cam_t_m2c": [246.72254943847656, 57.73955535888672, 534.3214111328125], "obj_id": 3}, {"cam_R_m2c": [0.9064227342605591, -0.41656434535980225, -0.0697992816567421, -0.3355116546154022, -0.6097331047058105, -0.7180930376052856, 0.25657302141189575, 0.6743143796920776, -0.6924381852149963], "cam_t_m2c": [246.72254943847656, 57.73955535888672, 534.3214111328125], "obj_id": 1}, {"cam_R_m2c": [0.9064227342605591, -0.41656434535980225, -0.0697992816567421, -0.3355116546154022, -0.6097331047058105, -0.7180930376052856, 0.25657302141189575, 0.6743143796920776, -0.6924381852149963], "cam_t_m2c": [246.72254943847656, 57.73955535888672, 534.3214111328125], "obj_id": 0}, {"cam_R_m2c": [0.9064227342605591, -0.41656434535980225, -0.0697992816567421, -0.3355116546154022, -0.6097331047058105, -0.7180930376052856, 0.25657302141189575, 0.6743143796920776, -0.6924381852149963], "cam_t_m2c": [246.72254943847656, 57.73955535888672, 534.3214111328125], "obj_id": 0}, {"cam_R_m2c": [0.9064227342605591, -0.41656434535980225, -0.0697992816567421, -0.3355116546154022, -0.6097331047058105, -0.7180930376052856, 0.25657302141189575, 0.6743143796920776, -0.6924381852149963], "cam_t_m2c": [246.72254943847656, 57.73955535888672, 534.3214111328125], "obj_id": 0}, {"cam_R_m2c": [0.9064227342605591, -0.41656434535980225, -0.0697992816567421, -0.3355116546154022, -0.6097331047058105, -0.7180930376052856, 0.25657302141189575, 0.6743143796920776, -0.6924381852149963], "cam_t_m2c": [246.72254943847656, 57.73955535888672, 534.3214111328125], "obj_id": 1}, {"cam_R_m2c": [0.9064227342605591, -0.41656434535980225, -0.0697992816567421, -0.3355116546154022, -0.6097331047058105, -0.7180930376052856, 0.25657302141189575, 0.6743143796920776, -0.6924381852149963], "cam_t_m2c": [246.72254943847656, 57.73955535888672, 534.3214111328125], "obj_id": 0}, {"cam_R_m2c": [0.9064227342605591, -0.41656434535980225, -0.0697992816567421, -0.3355116546154022, -0.6097331047058105, -0.7180930376052856, 0.25657302141189575, 0.6743143796920776, -0.6924381852149963], "cam_t_m2c": [246.72254943847656, 57.73955535888672, 534.3214111328125], "obj_id": 0}, {"cam_R_m2c": [0.9064227342605591, -0.41656434535980225, -0.0697992816567421, -0.3355116546154022, -0.6097331047058105, -0.7180930376052856, 0.25657302141189575, 0.6743143796920776, -0.6924381852149963], "cam_t_m2c": [246.72254943847656, 57.73955535888672, 534.3214111328125], "obj_id": 3}, {"cam_R_m2c": [0.9064227342605591, -0.41656434535980225, -0.0697992816567421, -0.3355116546154022, -0.6097331047058105, -0.7180930376052856, 0.25657302141189575, 0.6743143796920776, -0.6924381852149963], "cam_t_m2c": [246.72254943847656, 57.73955535888672, 534.3214111328125], "obj_id": 3}, {"cam_R_m2c": [0.7380596995353699, 0.6568249464035034, -0.15443061292171478, 0.5640459060668945, -0.7262123823165894, -0.3930237591266632, -0.37029725313186646, 0.202969029545784, -0.9064675569534302], "cam_t_m2c": [186.41493225097656, 154.28826904296875, 359.9659729003906], "obj_id": 1}, {"cam_R_m2c": [0.22554562985897064, 0.6479554176330566, -0.7275183796882629, 0.7558383941650391, 0.3547816872596741, 0.5503073930740356, 0.6146848201751709, -0.6740057468414307, -0.40973010659217834], "cam_t_m2c": [210.33203125, -142.2677001953125, 694.4072265625], "obj_id": 2}, {"cam_R_m2c": [0.03456087037920952, 0.7478383779525757, 0.6629805564880371, 0.7598713040351868, -0.45055434107780457, 0.46861106157302856, 0.6491541266441345, 0.48758432269096375, -0.5838324427604675], "cam_t_m2c": [303.1172790527344, 214.36685180664062, 408.8044738769531], "obj_id": 3}, {"cam_R_m2c": [0.08579941838979721, 0.8866061568260193, 0.45449739694595337, -0.5921974182128906, 0.41223207116127014, -0.6923632621765137, -0.801211953163147, -0.20974785089492798, 0.5604152083396912], "cam_t_m2c": [195.42453002929688, 77.46355438232422, 472.6708068847656], "obj_id": 4}],
  "6": [{"cam_R_m2c": [0.9064227342605591, -0.41656434535980225, -0.0697992816567421, -0.3355116546154022, -0.6097331047058105, -0.7180930376052856, 0.25657302141189575, 0.6743143796920776, -0.6924381852149963], "cam_t_m2c": [246.72254943847656, 57.73955535888672, 534.3214111328125], "obj_id": 1}, {"cam_R_m2c": [0.9064227342605591, -0.41656434535980225, -0.0697992816567421, -0.3355116546154022, -0.6097331047058105, -0.7180930376052856, 0.25657302141189575, 0.6743143796920776, -0.6924381852149963], "cam_t_m2c": [246.72254943847656, 57.73955535888672, 534.3214111328125], "obj_id": 2}, {"cam_R_m2c": [0.9064227342605591, -0.41656434535980225, -0.0697992816567421, -0.3355116546154022, -0.6097331047058105, -0.7180930376052856, 0.25657302141189575, 0.6743143796920776, -0.6924381852149963], "cam_t_m2c": [246.72254943847656, 57.73955535888672, 534.3214111328125], "obj_id": 3}, {"cam_R_m2c": [0.9064227342605591, -0.41656434535980225, -0.0697992816567421, -0.3355116546154022, -0.6097331047058105, -0.7180930376052856, 0.25657302141189575, 0.6743143796920776, -0.6924381852149963], "cam_t_m2c": [246.72254943847656, 57.73955535888672, 534.3214111328125], "obj_id": 1}, {"cam_R_m2c": [0.9064227342605591, -0.41656434535980225, -0.0697992816567421, -0.3355116546154022, -0.6097331047058105, -0.7180930376052856, 0.25657302141189575, 0.6743143796920776, -0.6924381852149963], "cam_t_m2c": [246.72254943847656, 57.73955535888672, 534.3214111328125], "obj_id": 0}, {"cam_R_m2c": [0.9064227342605591, -0.41656434535980225, -0.0697992816567421, -0.3355116546154022, -0.6097331047058105, -0.7180930376052856, 0.25657302141189575, 0.6743143796920776, -0.6924381852149963], "cam_t_m2c": [246.72254943847656, 57.73955535888672, 534.3214111328125], "obj_id": 0}, {"cam_R_m2c": [0.9064227342605591, -0.41656434535980225, -0.0697992816567421, -0.3355116546154022, -0.6097331047058105, -0.7180930376052856, 0.25657302141189575, 0.6743143796920776, -0.6924381852149963], "cam_t_m2c": [246.72254943847656, 57.73955535888672, 534.3214111328125], "obj_id": 0}, {"cam_R_m2c": [0.9064227342605591, -0.41656434535980225, -0.0697992816567421, -0.3355116546154022, -0.6097331047058105, -0.7180930376052856, 0.25657302141189575, 0.6743143796920776, -0.6924381852149963], "cam_t_m2c": [246.72254943847656, 57.73955535888672, 534.3214111328125], "obj_id": 1}, {"cam_R_m2c": [0.9064227342605591, -0.41656434535980225, -0.0697992816567421, -0.3355116546154022, -0.6097331047058105, -0.7180930376052856, 0.25657302141189575, 0.6743143796920776, -0.6924381852149963], "cam_t_m2c": [246.72254943847656, 57.73955535888672, 534.3214111328125], "obj_id": 0}, {"cam_R_m2c": [0.9064227342605591, -0.41656434535980225, -0.0697992816567421, -0.3355116546154022, -0.6097331047058105, -0.7180930376052856, 0.25657302141189575, 0.6743143796920776, -0.6924381852149963], "cam_t_m2c": [246.72254943847656, 57.73955535888672, 534.3214111328125], "obj_id": 0}, {"cam_R_m2c": [0.9064227342605591, -0.41656434535980225, -0.0697992816567421, -0.3355116546154022, -0.6097331047058105, -0.7180930376052856, 0.25657302141189575, 0.6743143796920776, -0.6924381852149963], "cam_t_m2c": [246.72254943847656, 57.73955535888672, 534.3214111328125], "obj_id": 3}, {"cam_R_m2c": [0.9064227342605591, -0.41656434535980225, -0.0697992816567421, -0.3355116546154022, -0.6097331047058105, -0.7180930376052856, 0.25657302141189575, 0.6743143796920776, -0.6924381852149963], "cam_t_m2c": [246.72254943847656, 57.73955535888672, 534.3214111328125], "obj_id": 3}, {"cam_R_m2c": [0.7380596995353699, 0.6568249464035034, -0.15443061292171478, 0.5640459060668945, -0.7262123823165894, -0.3930237591266632, -0.37029725313186646, 0.202969029545784, -0.9064675569534302], "cam_t_m2c": [186.41493225097656, 154.28826904296875, 359.9659729003906], "obj_id": 1}, {"cam_R_m2c": [0.22554562985897064, 0.6479554176330566, -0.7275183796882629, 0.7558383941650391, 0.3547816872596741, 0.5503073930740356, 0.6146848201751709, -0.6740057468414307, -0.40973010659217834], "cam_t_m2c": [210.33203125, -142.2677001953125, 694.4072265625], "obj_id": 2}, {"cam_R_m2c": [0.03456087037920952, 0.7478383779525757, 0.6629805564880371, 0.7598713040351868, -0.45055434107780457, 0.46861106157302856, 0.6491541266441345, 0.48758432269096375, -0.5838324427604675], "cam_t_m2c": [303.1172790527344, 214.36685180664062, 408.8044738769531], "obj_id": 3}, {"cam_R_m2c": [0.08579941838979721, 0.8866061568260193, 0.45449739694595337, -0.5921974182128906, 0.41223207116127014, -0.6923632621765137, -0.801211953163147, -0.20974785089492798, 0.5604152083396912], "cam_t_m2c": [195.42453002929688, 77.46355438232422, 472.6708068847656], "obj_id": 4}],
  "7": [{"cam_R_m2c": [0.13812026381492615, 0.9583917260169983, 0.24981608986854553, 0.20571425557136536, 0.2189721018075943, -0.9537991881370544, -0.9688160419464111, 0.18312974274158478, -0.16691036522388458], "cam_t_m2c": [-173.83494567871094, -14.164274215698242, 454.56646728515625], "obj_id": 1}, {"cam_R_m2c": [0.13812026381492615, 0.9583917260169983, 0.24981608986854553, 0.20571425557136536, 0.2189721018075943, -0.9537991881370544, -0.9688160419464111, 0.18312974274158478, -0.16691036522388458], "cam_t_m2c": [-173.83494567871094, -14.164274215698242, 454.56646728515625], "obj_id": 2}, {"cam_R_m2c": [0.13812026381492615, 0.9583917260169983, 0.24981608986854553, 0.20571425557136536, 0.2189721018075943, -0.9537991881370544, -0.9688160419464111, 0.18312974274158478, -0.16691036522388458], "cam_t_m2c": [-173.83494567871094, -14.164274215698242, 454.56646728515625], "obj_id": 3}, {"cam_R_m2c": [0.13812026381492615, 0.9583917260169983, 0.24981608986854553, 0.20571425557136536, 0.2189721018075943, -0.9537991881370544, -0.9688160419464111, 0.18312974274158478, -0.16691036522388458], "cam_t_m2c": [-173.83494567871094, -14.164274215698242, 454.56646728515625], "obj_id": 1}, {"cam_R_m2c": [0.13812026381492615, 0.9583917260169983, 0.24981608986854553, 0.20571425557136536, 0.2189721018075943, -0.9537991881370544, -0.9688160419464111, 0.18312974274158478, -0.16691036522388458], "cam_t_m2c": [-173.83494567871094, -14.164274215698242, 454.56646728515625], "obj_id": 0}, {"cam_R_m2c": [0.13812026381492615, 0.9583917260169983, 0.24981608986854553, 0.20571425557136536, 0.2189721018075943, -0.9537991881370544, -0.9688160419464111, 0.18312974274158478, -0.16691036522388458], "cam_t_m2c": [-173.83494567871094, -14.164274215698242, 454.56646728515625], "obj_id": 0}, {"cam_R_m2c": [0.13812026381492615, 0.9583917260169983, 0.24981608986854553, 0.20571425557136536, 0.2189721018075943, -0.9537991881370544, -0.9688160419464111, 0.18312974274158478, -0.16691036522388458], "cam_t_m2c": [-173.83494567871094, -14.164274215698242, 454.56646728515625], "obj_id": 0}, {"cam_R_m2c": [0.13812026381492615, 0.9583917260169983, 0.24981608986854553, 0.20571425557136536, 0.2189721018075943, -0.9537991881370544, -0.9688160419464111, 0.18312974274158478, -0.16691036522388458], "cam_t_m2c": [-173.83494567871094, -14.164274215698242, 454.56646728515625], "obj_id": 1}, {"cam_R_m2c": [0.13812026381492615, 0.9583917260169983, 0.24981608986854553, 0.20571425557136536, 0.2189721018075943, -0.9537991881370544, -0.9688160419464111, 0.18312974274158478, -0.16691036522388458], "cam_t_m2c": [-173.83494567871094, -14.164274215698242, 454.56646728515625], "obj_id": 0}, {"cam_R_m2c": [0.13812026381492615, 0.9583917260169983, 0.24981608986854553, 0.20571425557136536, 0.2189721018075943, -0.9537991881370544, -0.9688160419464111, 0.18312974274158478, -0.16691036522388458], "cam_t_m2c": [-173.83494567871094, -14.164274215698242, 454.56646728515625], "obj_id": 0}, {"cam_R_m2c": [0.13812026381492615, 0.9583917260169983, 0.24981608986854553, 0.20571425557136536, 0.2189721018075943, -0.9537991881370544, -0.9688160419464111, 0.18312974274158478, -0.16691036522388458], "cam_t_m2c": [-173.83494567871094, -14.164274215698242, 454.56646728515625], "obj_id": 3}, {"cam_R_m2c": [0.13812026381492615, 0.9583917260169983, 0.24981608986854553, 0.20571425557136536, 0.2189721018075943, -0.9537991881370544, -0.9688160419464111, 0.18312974274158478, -0.16691036522388458], "cam_t_m2c": [-173.83494567871094, -14.164274215698242, 454.56646728515625], "obj_id": 3}, {"cam_R_m2c": [-0.8604306578636169, 0.5001069903373718, -0.09773273020982742, 0.07273764163255692, -0.06929029524326324, -0.9949411153793335, -0.5043489933013916, -0.8631868958473206, 0.023243088275194168], "cam_t_m2c": [-323.16741943359375, -127.44975280761719, 545.256591796875], "obj_id": 1}, {"cam_R_m2c": [-0.36534354090690613, -0.8191442489624023, -0.44218412041664124, 0.9302736520767212, -0.30424633622169495, -0.20500022172927856, 0.03339186683297157, -0.4862477481365204, 0.8731827735900879], "cam_t_m2c": [80.23458862304688, 21.282184600830078, 420.70111083984375], "obj_id": 2}, {"cam_R_m2c": [-0.2954084873199463, 0.39505735039711, -0.8698639869689941, 0.9309874176979065, 0.323431134223938, -0.16927683353424072, 0.21446700394153595, -0.8598383069038391, -0.4633376896381378], "cam_t_m2c": [-381.00762939453125, -37.5395622253418, 454.787109375], "obj_id": 3}, {"cam_R_m2c": [0.04714113846421242, -0.6990709900856018, 0.7134966254234314, -0.9615315794944763, 0.1617579609155655, 0.222016379237175, -0.2706189453601837, -0.696515679359436, -0.6645534038543701], "cam_t_m2c": [-206.2237091064453, -66.02494812011719, 510.089111328125], "obj_id": 4}]
}