{
  "0": [{"cam_R_m2c": [-0.9773499369621277, 0.21032755076885223, -0.023441629484295845, 0.06802982836961746, 0.41713041067123413, 0.906296968460083, 0.20039744675159454, 0.8841745257377625, -0.4219909608364105], "cam_t_m2c": [-130.86248779296875, -62.50825500488281, 642.4132080078125], "obj_id": 3}, {"cam_R_m2c": [0.19177347421646118, 0.25857701897621155, -0.9467633366584778, 0.9108677506446838, -0.406083345413208, 0.07359430193901062, -0.36543509364128113, -0.8764896392822266, -0.31340542435646057], "cam_t_m2c": [112.94650268554688, -197.4358673095703, 533.6015625], "obj_id": 3}, {"cam_R_m2c": [-0.6351954340934753, -0.5648654699325562, 0.526738703250885, 0.4418194890022278, -0.8251329064369202, -0.3520670235157013, 0.6334999799728394, 0.009092051535844803, 0.7736892700195312], "cam_t_m2c": [30.863224029541016, -352.7289733886719, 648.0775756835938], "obj_id": 3}, {"cam_R_m2c": [0.8123470544815063, 0.14297926425933838, -0.5653752684593201, 0.5353415012359619, -0.5673549771308899, 0.6257137656211853, -0.23130440711975098, -0.8109655976295471, -0.5374318957328796], "cam_t_m2c": [114.21583557128906, -139.7415313720703, 519.4821166992188], "obj_id": 3}, {"cam_R_m2c": [0.1530599296092987, -0.06826058030128479, 0.9858566522598267, -0.9786414504051208, 0.1280704289674759, 0.16080740094184875, -0.13723596930503845, -0.9894132614135742, -0.047200243920087814], "cam_t_m2c": [107.78052520751953, 1.951646089553833, 552.31787109375], "obj_id": 3}, {"cam_R_m2c": [-0.2679997980594635, -0.34198492765426636, 0.900678813457489, -0.9449174404144287, -0.089029960334301, -0.3149676024913788, 0.18790163099765778, -0.9354783892631531, -0.29928746819496155], "cam_t_m2c": [-35.83472442626953, -35.98390197753906, 782.523681640625], "obj_id": 3}, {"cam_R_m2c": [-0.2848517596721649, -0.5445557236671448, -0.7888716459274292, 0.1511373370885849, 0.7871578335762024, -0.5979465246200562, 0.9465817213058472, -0.28955408930778503, -0.14192058145999908], "cam_t_m2c": [-131.25689697265625, -98.85012817382812, 818.840087890625], "obj_id": 3}, {"cam_R_m2c": [0.27646443247795105, -0.630840539932251, 0.7249879837036133, 0.38631176948547363, -0.617806613445282, -0.6848927140235901, 0.8799605369567871, 0.4694198668003082, 0.07289962470531464], "cam_t_m2c": [-155.73924255371094, -52.65311050415039, 675.7418212890625], "obj_id": 3}, {"cam_R_m2c": [0.8827052712440491, -0.3917831480503082, -0.25949448347091675, 0.4669765532016754, 0.7930821776390076, 0.3910926878452301, 0.05257692188024521, -0.4663974344730377, 0.8830114006996155], "cam_t_m2c": [124.8166275024414, -198.0951690673828, 459.2770690917969], "obj_id": 3}, {"cam_R_m2c": [0.8014848828315735, 0.5762020945549011, -0.16004100441932678, 0.4099331498146057, -0.7242192029953003, -0.5544919371604919, -0.4354041814804077, 0.3788107633590698, -0.8166550993919373], "cam_t_m2c": [89.96898651123047, -199.9799041748047, 599.9886474609375], "obj_id": 3}, {"cam_R_m2c": [0.6948665380477905, -0.15502820909023285, 0.7022298574447632, -0.698013186454773, -0.38034021854400635, 0.6067280173301697, 0.17302629351615906, -0.911760687828064, -0.37249743938446045], "cam_t_m2c": [14.169114112854004, -291.3924255371094, 859.9239501953125], "obj_id": 3}, {"cam_R_m2c": [-0.5970935225486755, -0.7554610371589661, -0.2697363793849945, -0.18327414989471436, 0.4558396637439728, -0.8709883689880371, 0.7809543609619141, -0.4706258773803711, -0.4106353521347046], "cam_t_m2c": [-41.46123504638672, -96.35737609863281, 783.1019287109375], "obj_id": 3}, {"cam_R_m2c": [-0.24084794521331787, -0.8485788106918335, -0.47106918692588806, 0.9702711701393127, -0.22241181135177612, -0.0954294353723526, -0.02379196137189865, -0.48004886507987976, 0.8769190311431885], "cam_t_m2c": [-222.35079956054688, -49.21330261230469, 794.4371948242188], "obj_id": 3}, {"cam_R_m2c": [0.5776644349098206, -0.7547919154167175, 0.3107939660549164, 0.03064108081161976, -0.36042752861976624, -0.9322836399078369, 0.8156989812850952, 0.5480701327323914, -0.1850784420967102], "cam_t_m2c": [-258.3764343261719, -18.543987274169922, 731.9760131835938], "obj_id": 3}, {"cam_R_m2c": [-0.8976401090621948, 0.003678463865071535, -0.4407133460044861, -0.08784051984548569, -0.9813959002494812, 0.17072130739688873, -0.43188634514808655, 0.19195882976055145, 0.8812638521194458], "cam_t_m2c": [-13.95975112915039, -203.1353302001953, 837.9010620117188], "obj_id": 3}, {"cam_R_m2c": [0.49982911348342896, 0.631004810333252, -0.5932990312576294, 0.7914588451385498, -0.61098712682724, 0.01695314235985279, -0.3518006205558777, -0.4780454635620117, -0.8048034310340881], "cam_t_m2c": [93.13807678222656, -84.75188446044922, 822.9834594726562], "obj_id": 3}, {"cam_R_m2c": [-0.08504324406385422, -0.9492601752281189, -0.3027750849723816, 0.9416956901550293, -0.17585887014865875, 0.2868497669696808, -0.3255407512187958, -0.2607273757457733, 0.9088698625564575], "cam_t_m2c": [-20.969697952270508, -305.71234130859375, 524.0910034179688], "obj_id": 3}, {"cam_R_m2c": [0.9501593112945557, 0.18490862846374512, -0.25101011991500854, -0.2196354866027832, -0.17439813911914825, -0.9598673582077026, -0.22126348316669464, 0.9671576619148254, -0.1250935196876526], "cam_t_m2c": [-171.8693389892578, -140.55136108398438, 756.7044067382812], "obj_id": 3}, {"cam_R_m2c": [-0.28736406564712524, 0.30102312564849854, -0.9092892408370972, -0.3649202883243561, -0.9121395349502563, -0.1866404116153717, -0.8855817317962646, 0.27818435430526733, 0.371965616941452], "cam_t_m2c": [102.7227554321289, -337.39801025390625, 517.0499267578125], "obj_id": 3}, {"cam_R_m2c": [0.8060091733932495, -0.1690158247947693, 0.5672590136528015, -0.4193687438964844, -0.8393849730491638, 0.3457779586315155, 0.41770684719085693, -0.51659095287323, -0.7474319338798523], "cam_t_m2c": [-177.28919982910156, -332.6722106933594, 527.0525512695312], "obj_id": 3}, {"cam_R_m2c": [0.6017835736274719, -0.6915906667709351, 0.3994482457637787, -0.1695397049188614, -0.5993705987930298, -0.7823113799095154, 0.7804568409919739, 0.40305978059768677, -0.47794345021247864], "cam_t_m2c": [104.97041320800781, -66.32706451416016, 424.7099609375], "obj_id": 3}, {"cam_R_m2c": [0.43546879291534424, -0.875335156917572, -0.21013137698173523, -0.8923876285552979, -0.45045554637908936, 0.02709142677485943, -0.11836894601583481, 0.1757211834192276, -0.9772976040840149], "cam_t_m2c": [-120.22212982177734, -328.8377380371094, 671.564208984375], "obj_id": 3}, {"cam_R_m2c": [0.6799594163894653, -0.6828438639640808, -0.2671692669391632, 0.34370145201683044, -0.02504337765276432, 0.9387449026107788, -0.6477070450782776, -0.730134904384613, 0.21766597032546997], "cam_t_m2c": [-161.42584228515625, -104.36286926269531, 841.2024536132812], "obj_id": 3}, {"cam_R_m2c": [0.45289167761802673, 0.6268209218978882, -0.63402259349823, -0.6839748620986938, -0.21188892424106598, -0.6980554461479187, -0.5718981623649597, 0.7497990131378174, 0.3327670395374298], "cam_t_m2c": [-106.70728302001953, -33.68798828125, 816.98681640625], "obj_id": 3}, {"cam_R_m2c": [0.11371143907308578, 0.16683143377304077, -0.9794064164161682, -0.9895133376121521, -0.06935833394527435, -0.1266992837190628, -0.0890674740076065, 0.9835428595542908, 0.15719513595104218], "cam_t_m2c": [-176.5669708251953, -106.116455078125, 778.8861694335938], "obj_id": 3}, {"cam_R_m2c": [0.2330699861049652, -0.6465846300125122, -0.7263653874397278, -0.9088667035102844, -0.4105074405670166, 0.07378971576690674, -0.34588971734046936, 0.6429711580276489, -0.6833361983299255], "cam_t_m2c": [-50.05352020263672, -94.29386901855469, 432.3058166503906], "obj_id": 3}, {"cam_R_m2c": [0.8872044682502747, -0.4165887236595154, -0.1982978731393814, -0.10145614296197891, -0.595432460308075, 0.796973466873169, -0.4500831663608551, -0.6869598627090454, -0.5705358386039734], "cam_t_m2c": [-151.63845825195312, -258.2425537109375, 676.6719970703125], "obj_id": 3}, {"cam_R_m2c": [0.6448665857315063, -0.6863029599189758, 0.33635586500167847, -0.7281380295753479, -0.6854255795478821, -0.00255028810352087, 0.23229722678661346, -0.2432689368724823, -0.941731333732605], "cam_t_m2c": [7.400962829589844, -426.0169982910156, 577.683349609375], "obj_id": 3}, {"cam_R_m2c": [0.07355575263500214, -0.6444700956344604, -0.7610833644866943, 0.6599668264389038, -0.5406908988952637, 0.5216293931007385, -0.7476853728294373, -0.5406586527824402, 0.3855578899383545], "cam_t_m2c": [-12.286882400512695, -314.96661376953125, 907.54296875], "obj_id": 1}, {"cam_R_m2c": [-0.5213285684585571, -0.07070760428905487, 0.8504216074943542, -0.5511251091957092, -0.732956051826477, -0.3987937569618225, 0.6515194773674011, -0.6765912771224976, 0.34314221143722534], "cam_t_m2c": [45.77191162109375, -54.22951889038086, 558.7107543945312], "obj_id": 1}, {"cam_R_m2c": [0.32407984137535095, 0.529860258102417, -0.7837221026420593, 0.023891665041446686, 0.8235846161842346, 0.5666900277137756, 0.9457280039787292, -0.20237722992897034, 0.25424790382385254], "cam_t_m2c": [-192.93568420410156, -97.00469207763672, 680.5612182617188], "obj_id": 1}, {"cam_R_m2c": [0.0034500055480748415, 0.6918924450874329, -0.7219923138618469, -0.4216860830783844, -0.6536571383476257, -0.6284211874008179, -0.9067353010177612, 0.306622177362442, 0.28950628638267517], "cam_t_m2c": [34.31438064575195, -66.38764953613281, 441.630615234375], "obj_id": 1}, {"cam_R_m2c": [-0.959209680557251, -0.19630298018455505, -0.20342521369457245, -0.2046147584915161, -0.014422518201172352, 0.9787362813949585, -0.1950627565383911, 0.980437159538269, -0.02633221633732319], "cam_t_m2c": [-67.74760437011719, -297.36468505859375, 909.4148559570312], "obj_id": 1}, {"cam_R_m2c": [-0.4205939769744873, 0.564873456954956, 0.7099425196647644, -0.8289260268211365, 0.07879766821861267, -0.5537800788879395, -0.3687574565410614, -0.8214065432548523, 0.4350966811180115], "cam_t_m2c": [-173.8409881591797, -416.6705017089844, 685.4183349609375], "obj_id": 1}, {"cam_R_m2c": [-0.042900413274765015, -0.9749622941017151, -0.21819265186786652, 0.9668429493904114, -0.09554363787174225, 0.23682506382465363, -0.2517424523830414, -0.2007981240749359, 0.9467343091964722], "cam_t_m2c": [-169.552734375, -258.03076171875, 892.255615234375], "obj_id": 1}, {"cam_R_m2c": [0.5022321939468384, -0.5593628287315369, 0.6594513058662415, 0.7964654564857483, 0.5962133407592773, -0.10085813701152802, -0.3367573916912079, 0.5758844017982483, 0.7449507713317871], "cam_t_m2c": [107.55850219726562, -196.66261291503906, 604.6087646484375], "obj_id": 1}, {"cam_R_m2c": [0.8276561498641968, 0.37759751081466675, 0.4152172803878784, 0.054259538650512695, 0.6825265884399414, -0.7288438081741333, -0.5586064457893372, 0.6257615685462952, 0.5444090962409973], "cam_t_m2c": [30.712148666381836, -299.737548828125, 593.21484375], "obj_id": 1}, {"cam_R_m2c": [0.6328025460243225, 0.12606586515903473, -0.7639818787574768, -0.7492579817771912, 0.3486531674861908, -0.5630749464035034, 0.19538012146949768, 0.9287347793579102, 0.3150844871997833], "cam_t_m2c": [-40.67557144165039, -332.0888977050781, 889.1534423828125], "obj_id": 1}, {"cam_R_m2c": [0.7508326172828674, 0.6524084806442261, 0.1030220165848732, 0.3968370854854584, -0.5702799558639526, 0.7192365527153015, 0.5279873609542847, -0.4991433024406433, -0.6870846748352051], "cam_t_m2c": [-128.0672607421875, -53.636661529541016, 591.5555419921875], "obj_id": 1}, {"cam_R_m2c": [-0.6044021844863892, -0.6161949038505554, -0.5049769282341003, -0.4727041721343994, 0.7875936627388, -0.3952808678150177, 0.6412866711616516, -0.00020395813044160604, -0.7673012018203735], "cam_t_m2c": [79.81970977783203, -81.017333984375, 750.6554565429688], "obj_id": 1}, {"cam_R_m2c": [-0.9840198755264282, 0.1350531131029129, 0.11604037880897522, -0.06139136105775833, -0.8690695762634277, 0.4908655881881714, 0.16714009642601013, 0.4758976697921753, 0.8634729981422424], "cam_t_m2c": [-179.2102508544922, -339.2098083496094, 910.1261596679688], "obj_id": 1}, {"cam_R_m2c": [-0.45040905475616455, -0.6495795845985413, 0.6125176548957825, 0.38210248947143555, -0.7602891325950623, -0.5253169536590576, 0.8069257736206055, -0.0025630120653659105, 0.5906472206115723], "cam_t_m2c": [56.290870666503906, -382.2893981933594, 530.8276977539062], "obj_id": 1}, {"cam_R_m2c": [0.43039873242378235, -0.29706355929374695, 0.8523556590080261, -0.8137022852897644, -0.536418616771698, 0.22392763197422028, 0.39069873094558716, -0.7899419069290161, -0.4725951552391052], "cam_t_m2c": [-34.80251693725586, -6.497990131378174, 801.4224243164062], "obj_id": 1}, {"cam_R_m2c": [0.18553723394870758, -0.43411314487457275, 0.8815450668334961, 0.14414171874523163, -0.8753934502601624, -0.46142110228538513, 0.9720077514648438, 0.2126782089471817, -0.09984426200389862], "cam_t_m2c": [36.54743576049805, -37.7642822265625, 685.3958740234375], "obj_id": 1}, {"cam_R_m2c": [-0.2531013488769531, -0.8334827423095703, -0.49116823077201843, -0.7646304965019226, 0.4833783209323883, -0.42624589800834656, 0.5926886796951294, 0.267678827047348, -0.7596499919891357], "cam_t_m2c": [-179.89675903320312, -127.65560913085938, 734.021728515625], "obj_id": 1}, {"cam_R_m2c": [-0.027349380776286125, -0.9890767931938171, -0.14484180510044098, 0.9897207021713257, -0.04713995009660721, 0.13502168655395508, -0.14037464559078217, -0.13966017961502075, 0.9801989793777466], "cam_t_m2c": [-27.863805770874023, -115.90946197509766, 842.7395629882812], "obj_id": 1}, {"cam_R_m2c": [0.3166239559650421, 0.916182816028595, 0.24567914009094238, -0.8759256601333618, 0.3817986249923706, -0.29493048787117004, -0.364010214805603, -0.12181463092565536, 0.9233946800231934], "cam_t_m2c": [-32.58610153198242, -43.93366622924805, 720.8084716796875], "obj_id": 1}, {"cam_R_m2c": [-0.352161705493927, 0.30436432361602783, -0.8850674629211426, 0.8835068941116333, -0.2039622664451599, -0.4216810166835785, -0.3088650703430176, -0.9304631352424622, -0.19708023965358734], "cam_t_m2c": [138.46963500976562, -234.44911193847656, 474.1889953613281], "obj_id": 1}, {"cam_R_m2c": [0.0914594903588295, -0.21858693659305573, 0.9715219736099243, -0.41627952456474304, 0.8778842687606812, 0.23670771718025208, -0.9046250581741333, -0.4260738492012024, -0.01070241816341877], "cam_t_m2c": [-18.934171676635742, -356.77691650390625, 653.3412475585938], "obj_id": 1}, {"cam_R_m2c": [0.47747206687927246, 0.48581767082214355, -0.7321212887763977, 0.30224770307540894, 0.6915722489356995, 0.6560290455818176, 0.8250253200531006, -0.5345175266265869, 0.18336914479732513], "cam_t_m2c": [-109.48789978027344, -197.33042907714844, 638.2547607421875], "obj_id": 1}, {"cam_R_m2c": [0.6122241020202637, -0.00356154702603817, -0.7906762957572937, -0.5290490388870239, 0.7413172125816345, -0.4129841923713684, 0.5876128077507019, 0.6711453795433044, 0.4519680142402649], "cam_t_m2c": [134.35516357421875, -301.2489318847656, 627.7468872070312], "obj_id": 1}, {"cam_R_m2c": [0.4312765300273895, -0.8969013690948486, -0.09781897813081741, -0.7773200869560242, -0.4244214594364166, 0.4643704891204834, -0.4580110013484955, -0.12423544377088547, -0.8802224397659302], "cam_t_m2c": [71.41007995605469, -158.33865356445312, 513.1953735351562], "obj_id": 1}, {"cam_R_m2c": [0.9699758887290955, -0.22810743749141693, -0.08434326201677322, 0.23042884469032288, 0.7510870099067688, 0.6186848282814026, -0.07777748256921768, -0.6195444464683533, 0.7810987830162048], "cam_t_m2c": [180.35914611816406, -300.8708801269531, 658.4324951171875], "obj_id": 1}, {"cam_R_m2c": [-0.37065503001213074, -0.8203510046005249, -0.4354753792285919, -0.9110676050186157, 0.23003843426704407, 0.3421081602573395, -0.18047276139259338, 0.5235517024993896, -0.8326601386070251], "cam_t_m2c": [112.7454833984375, -316.8961181640625, 650.2935180664062], "obj_id": 1}, {"cam_R_m2c": [0.10332663357257843, -0.28333282470703125, 0.9534390568733215, -0.8679310083389282, 0.4425131380558014, 0.22556118667125702, -0.48581817746162415, -0.850825846195221, -0.20018993318080902], "cam_t_m2c": [-72.43731689453125, -90.18158721923828, 773.678955078125], "obj_id": 1}, {"cam_R_m2c": [-0.10311989486217499, 0.9942914843559265, 0.027398642152547836, 0.9946668744087219, 0.10302528738975525, 0.004849387798458338, 0.001998953055590391, 0.027752593159675598, -0.9996127486228943], "cam_t_m2c": [-192.250244140625, -281.5365905761719, 693.9351806640625], "obj_id": 1}, {"cam_R_m2c": [-0.5463579297065735, 0.7390881776809692, -0.39400744438171387, -0.7692546248435974, -0.6288776993751526, -0.11296162009239197, -0.33127105236053467, 0.24137456715106964, 0.9121391177177429], "cam_t_m2c": [-208.7836151123047, -214.98902893066406, 587.1555786132812], "obj_id": 1}, {"cam_R_m2c": [0.5258285403251648, 0.8497350215911865, 0.038140833377838135, -0.6826425194740295, 0.44833093881607056, -0.5770602226257324, -0.5074480175971985, 0.2773981988430023, 0.81581050157547], "cam_t_m2c": [-2.8329660892486572, -294.718994140625, 662.4371948242188], "obj_id": 1}, {"cam_R_m2c": [-0.6677402257919312, -0.49199438095092773, 0.5586271286010742, -0.2291460931301117, -0.5781502723693848, -0.7830926179885864, 0.7082476615905762, -0.6509097814559937, 0.27331578731536865], "cam_t_m2c": [-37.586273193359375, -254.70333862304688, 502.14947509765625], "obj_id": 1}, {"cam_R_m2c": [0.8084564805030823, 0.52507483959198, 0.2658845782279968, 0.574881911277771, -0.8013139963150024, -0.1655503511428833, 0.12613067030906677, 0.28669247031211853, -0.9496834874153137], "cam_t_m2c": [13.989012718200684, -13.61285400390625, 715.5736083984375], "obj_id": 1}, {"cam_R_m2c": [0.6027897000312805, -0.29271242022514343, 0.7422694563865662, 0.7853610515594482, 0.38193604350090027, -0.48716822266578674, -0.14089927077293396, 0.8766095042228699, 0.460112065076828], "cam_t_m2c": [118.09141540527344, -85.94520568847656, 764.1094970703125], "obj_id": 1}, {"cam_R_m2c": [0.6586180329322815, -0.7446889281272888, 0.10798495262861252, -0.22030526399612427, -0.32804760336875916, -0.9186132550239563, 0.7195053100585938, 0.581225574016571, -0.38011693954467773], "cam_t_m2c": [-161.96365356445312, -124.06289672851562, 725.4738159179688], "obj_id": 1}, {"cam_R_m2c": [-0.8893793225288391, -0.4568674564361572, 0.016616569831967354, -0.45539599657058716, 0.8821454644203186, -0.12014105170965195, 0.04023031145334244, -0.11441811174154282, -0.9926175475120544], "cam_t_m2c": [-68.58673858642578, -154.3878936767578, 495.6941833496094], "obj_id": 1}, {"cam_R_m2c": [0.01571071147918701, -0.26042410731315613, -0.965366542339325, 0.036031756550073624, 0.9650059938430786, -0.2597404718399048, 0.9992271661758423, -0.030703138560056686, 0.02454446814954281], "cam_t_m2c": [40.86300277709961, -389.3339538574219, 593.0243530273438], "obj_id": 1}, {"cam_R_m2c": [-0.13967092335224152, -0.38501909375190735, -0.9122785925865173, -0.9898966550827026, 0.03156755492091179, 0.13823160529136658, -0.024423446506261826, 0.9223685264587402, -0.38553816080093384], "cam_t_m2c": [-65.70176696777344, -93.90359497070312, 816.3941650390625], "obj_id": 1}, {"cam_R_m2c": [0.588623583316803, 0.7343636155128479, 0.337982714176178, 0.16724182665348053, 0.29842033982276917, -0.9396676421165466, -0.7909187078475952, 0.6096353530883789, 0.05284096300601959], "cam_t_m2c": [135.8757781982422, -343.0122375488281, 704.1486206054688], "obj_id": 1}, {"cam_R_m2c": [0.08247991651296616, -0.9929287433624268, -0.08537732809782028, -0.9959176778793335, -0.078968346118927, -0.04372325539588928, 0.0366719625890255, 0.08863508701324463, -0.9953885674476624], "cam_t_m2c": [154.51516723632812, -182.516357421875, 482.7554931640625], "obj_id": 1}, {"cam_R_m2c": [0.38628682494163513, -0.9220378398895264, -0.025072133168578148, -0.6823155879974365, -0.30393487215042114, 0.6648826003074646, -0.6206672787666321, -0.23972825706005096, -0.746526837348938], "cam_t_m2c": [3.7563276290893555, -371.2396240234375, 569.814453125], "obj_id": 1}, {"cam_R_m2c": [-0.9967148303985596, -0.053905535489320755, -0.06044759228825569, -0.028191739693284035, -0.4687579572200775, 0.8828766942024231, -0.07592722773551941, 0.8816803693771362, 0.4656982123851776], "cam_t_m2c": [-141.0203857421875, -202.8574676513672, 755.31494140625], "obj_id": 1}, {"cam_R_m2c": [0.5706300735473633, 0.3973729908466339, 0.7186626195907593, -0.811093270778656, 0.13579702377319336, 0.5689347386360168, 0.12848711013793945, -0.9075537323951721, 0.3997964859008789], "cam_t_m2c": [-22.044910430908203, -208.24717712402344, 638.2830810546875], "obj_id": 1}, {"cam_R_m2c": [0.15568684041500092, 0.10696037113666534, 0.9819984436035156, -0.5982175469398499, -0.7808794975280762, 0.17989611625671387, 0.7860643863677979, -0.615456223487854, -0.0575869083404541], "cam_t_m2c": [51.32001495361328, -118.78937530517578, 551.9808959960938], "obj_id": 1}, {"cam_R_m2c": [0.8539334535598755, 0.5134696364402771, 0.08453769236803055, -0.5202887654304504, 0.8393599390983582, 0.15739910304546356, 0.009862116537988186, -0.17839238047599792, 0.9839100241661072], "cam_t_m2c": [-110.9262466430664, -169.75770568847656, 788.6392822265625], "obj_id": 1}, {"cam_R_m2c": [-0.8070741891860962, 0.5656899213790894, 0.16919219493865967, -0.20396409928798676, 0.00180499826092273, -0.9789766669273376, -0.5541026592254639, -0.824616014957428, 0.11392372846603394], "cam_t_m2c": [-125.92649841308594, -292.1031494140625, 835.171142578125], "obj_id": 1}, {"cam_R_m2c": [0.6616224050521851, 0.08014467358589172, -0.7455418109893799, 0.07183905690908432, -0.9964728951454163, -0.0433666855096817, -0.7463878989219666, -0.024866655468940735, -0.665046215057373], "cam_t_m2c": [63.06122970581055, -189.9645538330078, 525.7074584960938], "obj_id": 1}, {"cam_R_m2c": [-0.8392875790596008, -0.5351589918136597, -0.09592209756374359, -0.019307956099510193, 0.20565548539161682, -0.9784339070320129, 0.5433446764945984, -0.8193354606628418, -0.1829368621110916], "cam_t_m2c": [103.23091125488281, -321.7413024902344, 675.7857055664062], "obj_id": 1}, {"cam_R_m2c": [0.6316600441932678, -0.031632088124752045, -0.7745999097824097, -0.37546348571777344, -0.8866471648216248, -0.26996999979019165, -0.678257167339325, 0.4613632261753082, -0.5719362497329712], "cam_t_m2c": [-147.29855346679688, -199.3837890625, 787.7859497070312], "obj_id": 1}, {"cam_R_m2c": [0.03888615220785141, 0.8788694143295288, -0.47547486424446106, -0.6868287324905396, 0.3691204786300659, 0.6261121034622192, 0.7257782816886902, 0.30222272872924805, 0.6179865002632141], "cam_t_m2c": [-142.96673583984375, -98.50675964355469, 503.9452209472656], "obj_id": 1}, {"cam_R_m2c": [-0.5463844537734985, -0.0742904543876648, -0.8342329859733582, 0.8235054612159729, -0.22919778525829315, -0.5189478993415833, -0.1526515632867813, -0.9705405831336975, 0.1864088922739029], "cam_t_m2c": [120.0856704711914, -194.99844360351562, 489.7034912109375], "obj_id": 1}, {"cam_R_m2c": [0.15638227760791779, -0.6559385061264038, -0.7384369969367981, 0.9760082364082336, 0.2173040509223938, 0.013667107559740543, 0.15150055289268494, -0.7228579521179199, 0.6741839051246643], "cam_t_m2c": [156.67752075195312, -161.1929473876953, 527.1426391601562], "obj_id": 1}, {"cam_R_m2c": [0.12663060426712036, 0.9919484257698059, 0.0017130543710663915, -0.17761307954788208, 0.024372853338718414, -0.9837984442710876, -0.9759191274642944, 0.12427466362714767, 0.1792694330215454], "cam_t_m2c": [-26.141565322875977, -98.89532470703125, 421.0105285644531], "obj_id": 1}, {"cam_R_m2c": [-0.2651905417442322, -0.6914198398590088, 0.672021210193634, 0.2300858497619629, 0.6314610838890076, 0.7404845356941223, -0.9363409876823425, 0.3509921133518219, -0.008371567353606224], "cam_t_m2c": [47.04349899291992, -113.19062805175781, 555.4854736328125], "obj_id": 1}, {"cam_R_m2c": [0.5349064469337463, 0.717082142829895, -0.44684258103370667, -0.7502253651618958, 0.6463649868965149, 0.1391909122467041, 0.38863474130630493, 0.260778546333313, 0.8837180733680725], "cam_t_m2c": [47.0626335144043, -106.38843536376953, 674.9588012695312], "obj_id": 1}, {"cam_R_m2c": [0.42876172065734863, 0.02666281722486019, 0.9030240178108215, -0.8623362183570862, 0.31007421016693115, 0.4002875089645386, -0.2693316340446472, -0.9503383636474609, 0.15594030916690826], "cam_t_m2c": [-119.27117919921875, -23.1527099609375, 808.9544067382812], "obj_id": 3}, {"cam_R_m2c": [0.45515355467796326, 0.30901190638542175, 0.835072934627533, 0.7021961212158203, -0.7012357711791992, -0.12324292957782745, 0.5474995374679565, 0.6424794793128967, -0.5361568927764893], "cam_t_m2c": [71.92439270019531, -229.1641845703125, 843.9041137695312], "obj_id": 1}, {"cam_R_m2c": [-0.7946248054504395, 0.5496371388435364, -0.2578186094760895, 0.5216689109802246, 0.8353978395462036, 0.17312414944171906, 0.31053659319877625, 0.003072791500017047, -0.9505564570426941], "cam_t_m2c": [-157.0145263671875, -172.55245971679688, 466.1390686035156], "obj_id": 1}, {"cam_R_m2c": [0.820129930973053, -0.4678999185562134, 0.32932740449905396, 0.29129600524902344, -0.15396025776863098, -0.9441624283790588, 0.4924769103527069, 0.8702676296234131, 0.010029982775449753], "cam_t_m2c": [-186.92279052734375, -315.3736877441406, 753.6168823242188], "obj_id": 1}, {"cam_R_m2c": [-0.8983778953552246, 0.15930680930614471, -0.4093145728111267, -0.42003390192985535, -0.039162151515483856, 0.9066630005836487, 0.12840794026851654, 0.986452043056488, 0.10209670662879944], "cam_t_m2c": [-129.1742401123047, -147.53271484375, 451.2481689453125], "obj_id": 1}, {"cam_R_m2c": [-0.07112683355808258, 0.2980121970176697, 0.9519084692001343, -0.8965395092964172, -0.43740618228912354, 0.06994828581809998, 0.4372160732746124, -0.8484483361244202, 0.29829099774360657], "cam_t_m2c": [-51.72340774536133, -91.65445709228516, 844.0029907226562], "obj_id": 3}, {"cam_R_m2c": [-0.9825535416603088, -0.0705195739865303, 0.17209219932556152, 0.01967049390077591, -0.9595385193824768, -0.28088974952697754, 0.18493731319904327, -0.2726040482521057, 0.9441849589347839], "cam_t_m2c": [-178.4806671142578, -230.30825805664062, 612.8384399414062], "obj_id": 1}, {"cam_R_m2c": [-0.6309037208557129, 0.6691554188728333, 0.3926723599433899, 0.7724537253379822, 0.5891258120536804, 0.23716244101524353, -0.07263489812612534, 0.4529478847980499, -0.8885732889175415], "cam_t_m2c": [-148.15310668945312, -418.73553466796875, 721.0289916992188], "obj_id": 1}, {"cam_R_m2c": [0.15064941346645355, -0.9548736810684204, 0.2559705972671509, 0.8534111976623535, -0.005078607704490423, -0.5212134718894958, 0.49899303913116455, 0.2969686686992645, 0.8141348361968994], "cam_t_m2c": [18.847394943237305, 8.443115234375, 806.695556640625], "obj_id": 1}, {"cam_R_m2c": [-0.275757759809494, 0.23555202782154083, -0.9319189786911011, 0.3431851863861084, 0.9297389984130859, 0.1334514617919922, 0.8978762030601501, -0.2830205261707306, -0.337220698595047], "cam_t_m2c": [174.44778442382812, -326.0412292480469, 652.7243041992188], "obj_id": 3}, {"cam_R_m2c": [-0.6225866675376892, -0.6084367632865906, 0.49212831258773804, 0.7597293853759766, -0.3191807270050049, 0.5665110349655151, -0.1876082569360733, 0.726586639881134, 0.6609651446342468], "cam_t_m2c": [-10.877339363098145, -325.24908447265625, 549.43896484375], "obj_id": 1}, {"cam_R_m2c": [0.3471735715866089, 0.9236853122711182, -0.16209791600704193, -0.159209206700325, 0.22839206457138062, 0.9604630470275879, 0.9241876006126404, -0.30763980746269226, 0.22635099291801453], "cam_t_m2c": [131.72036743164062, 29.684898376464844, 786.9631958007812], "obj_id": 1}, {"cam_R_m2c": [0.38377833366394043, -0.36686021089553833, 0.8474241495132446, -0.6373385190963745, -0.7693033218383789, -0.044405266642570496, 0.6682168245315552, -0.523054301738739, -0.5290560722351074], "cam_t_m2c": [57.99677276611328, -145.6314697265625, 793.1046142578125], "obj_id": 3}, {"cam_R_m2c": [-0.8663294911384583, -0.15940050780773163, 0.4733545184135437, -0.03891826793551445, 0.9663699269294739, 0.25419384241104126, -0.49795421957969666, 0.20179350674152374, -0.8433983325958252], "cam_t_m2c": [-179.9204559326172, -223.1980438232422, 490.17047119140625], "obj_id": 1}, {"cam_R_m2c": [-0.906078577041626, 0.24681058526039124, -0.3436656594276428, -0.3709562122821808, -0.07272998243570328, 0.9257979393005371, 0.20350192487239838, 0.9663305878639221, 0.15745505690574646], "cam_t_m2c": [-126.09532165527344, -304.82684326171875, 571.9658203125], "obj_id": 3}, {"cam_R_m2c": [-0.16310231387615204, -0.8046315908432007, -0.5709339380264282, -0.1653929501771927, 0.592792809009552, -0.7881889343261719, 0.9726472496986389, -0.034127023071050644, -0.22976626455783844], "cam_t_m2c": [-153.32876586914062, -79.76712036132812, 802.1177368164062], "obj_id": 3}, {"cam_R_m2c": [-0.8037698268890381, 0.312533438205719, 0.5062381029129028, 0.5808265209197998, 0.5964623689651489, 0.5539613962173462, -0.128820538520813, 0.7392939329147339, -0.6609461903572083], "cam_t_m2c": [-43.87761306762695, -151.98561096191406, 705.6682739257812], "obj_id": 3}, {"cam_R_m2c": [0.5424495339393616, 0.6762458086013794, -0.4984375834465027, 0.7703612446784973, -0.16374756395816803, 0.6162225008010864, 0.3350999355316162, -0.7182466387748718, -0.6097784042358398], "cam_t_m2c": [-125.31539916992188, -21.063554763793945, 802.5963745117188], "obj_id": 3}, {"cam_R_m2c": [0.11348893493413925, 0.5115733742713928, 0.8517118096351624, 0.08481565117835999, -0.8591094017028809, 0.5047151446342468, 0.9899123907089233, 0.014958896674215794, -0.14088885486125946], "cam_t_m2c": [24.560762405395508, -100.4758071899414, 571.7262573242188], "obj_id": 1}, {"cam_R_m2c": [-0.4471285939216614, -0.8069993853569031, -0.3857823312282562, 0.8833709359169006, -0.4661303460597992, -0.048767175525426865, -0.14046978950500488, -0.3625940978527069, 0.9213000535964966], "cam_t_m2c": [120.88761901855469, -85.1939697265625, 819.8131713867188], "obj_id": 3}, {"cam_R_m2c": [0.05098535865545273, 0.4847377836704254, 0.8731722831726074, -0.08130508661270142, -0.8693926334381104, 0.4873869717121124, 0.9953843355178833, -0.09584295749664307, -0.004914699122309685], "cam_t_m2c": [-26.686412811279297, -306.29364013671875, 738.2762451171875], "obj_id": 3}, {"cam_R_m2c": [-0.6397106647491455, 0.32589176297187805, -0.6961069703102112, 0.530601978302002, 0.8424822092056274, -0.09319502860307693, 0.5560862421989441, -0.42897358536720276, -0.71186363697052], "cam_t_m2c": [124.52745056152344, -98.05184936523438, 702.0208129882812], "obj_id": 3}, {"cam_R_m2c": [0.03434707969427109, -0.2337523251771927, 0.9716892838478088, 0.972230076789856, -0.21738989651203156, -0.08666211366653442, 0.23149292171001434, 0.9476821422576904, 0.21979433298110962], "cam_t_m2c": [-94.00232696533203, -108.48656463623047, 503.36700439453125], "obj_id": 1}, {"cam_R_m2c": [-0.7450045347213745, 0.2813884913921356, 0.6048046350479126, 0.3146824538707733, -0.651189923286438, 0.6905986666679382, 0.5881692171096802, 0.7048205733299255, 0.39659154415130615], "cam_t_m2c": [110.95158386230469, -40.813541412353516, 479.6471862792969], "obj_id": 3}, {"cam_R_m2c": [0.2817024290561676, 0.35627204179763794, -0.8909062743186951, -0.8279270529747009, 0.55954509973526, -0.03802730143070221, 0.48495417833328247, 0.7483177781105042, 0.4525924623012543], "cam_t_m2c": [-120.28101348876953, -125.04457092285156, 739.1256103515625], "obj_id": 3}, {"cam_R_m2c": [0.693323016166687, -0.07410126179456711, 0.716806948184967, -0.04008369520306587, -0.9971246719360352, -0.06430915743112564, 0.7195112705230713, 0.015854746103286743, -0.6942996978759766], "cam_t_m2c": [-3.1761341094970703, -306.3642578125, 676.723388671875], "obj_id": 1}, {"cam_R_m2c": [-0.4541347324848175, 0.8317195773124695, -0.31938064098358154, -0.6577792763710022, -0.07122281938791275, 0.7498356699943542, 0.6009058356285095, 0.5506084561347961, 0.5794328451156616], "cam_t_m2c": [83.46675872802734, -47.32217025756836, 609.6898803710938], "obj_id": 1}, {"cam_R_m2c": [0.7553046345710754, -0.6392877697944641, -0.14431215822696686, -0.5880711078643799, -0.5639072060585022, -0.5798112154006958, 0.2892875373363495, 0.5227999091148376, -0.8018684387207031], "cam_t_m2c": [10.473085403442383, -59.124183654785156, 468.30072021484375], "obj_id": 1}, {"cam_R_m2c": [-0.33886784315109253, 0.8924801349639893, -0.2977377474308014, 0.7005688548088074, 0.4505937695503235, 0.5533249378204346, 0.6279903054237366, -0.02108175680041313, -0.7779355645179749], "cam_t_m2c": [-109.42269897460938, -292.99664306640625, 886.1185302734375], "obj_id": 1}, {"cam_R_m2c": [-0.3555240333080292, 0.25128173828125, -0.9002554416656494, 0.46781840920448303, 0.8816925883293152, 0.061351992189884186, 0.8091651797294617, -0.39934399724006653, -0.431017130613327], "cam_t_m2c": [100.65408325195312, -57.705169677734375, 422.28692626953125], "obj_id": 1}, {"cam_R_m2c": [0.7515740990638733, -0.4830716550350189, -0.4491972327232361, -0.20224244892597198, -0.8169147372245789, 0.5401372909545898, -0.627880871295929, -0.31510642170906067, -0.7116695642471313], "cam_t_m2c": [-118.8884506225586, -140.45660400390625, 794.2196655273438], "obj_id": 3}, {"cam_R_m2c": [-0.17299404740333557, 0.45962050557136536, 0.8711040616035461, 0.9450922012329102, -0.17151080071926117, 0.2781815528869629, 0.2772615849971771, 0.8713973164558411, -0.40471351146698], "cam_t_m2c": [-134.19180297851562, -96.49897766113281, 652.0151977539062], "obj_id": 3}, {"cam_R_m2c": [-0.4217199385166168, 0.14619147777557373, -0.8948633670806885, 0.7524037957191467, 0.6071773171424866, -0.2553904056549072, 0.5060048699378967, -0.7810017466545105, -0.36605381965637207], "cam_t_m2c": [-67.72233581542969, -282.33636474609375, 624.184326171875], "obj_id": 3}, {"cam_R_m2c": [0.9665105938911438, -0.14773964881896973, 0.20983389019966125, 0.25242120027542114, 0.39987897872924805, -0.8811244368553162, 0.04626886919140816, 0.904582679271698, 0.4237798750400543], "cam_t_m2c": [-185.53622436523438, -330.859130859375, 680.947998046875], "obj_id": 1}, {"cam_R_m2c": [-0.9129453301429749, 0.1470440924167633, 0.3806692361831665, -0.2927245795726776, 0.4139724671840668, -0.8619391918182373, -0.2843296527862549, -0.8983345031738281, -0.33489084243774414], "cam_t_m2c": [1.376871943473816, -110.64972686767578, 672.6902465820312], "obj_id": 3}, {"cam_R_m2c": [0.596603274345398, 0.09082541614770889, 0.797380268573761, -0.7982181310653687, -0.03577541559934616, 0.6013051867485046, 0.08314040303230286, -0.9952239990234375, 0.051154766231775284], "cam_t_m2c": [-24.90657615661621, -350.5411682128906, 630.8132934570312], "obj_id": 1}, {"cam_R_m2c": [-0.9832274317741394, -0.18138642609119415, 0.019042758271098137, 0.10141292214393616, -0.45694705843925476, 0.8836937546730042, -0.1515885293483734, 0.87080317735672, 0.4676779508590698], "cam_t_m2c": [-51.820098876953125, -331.3297424316406, 529.354736328125], "obj_id": 1}, {"cam_R_m2c": [-0.712703287601471, -0.5751702189445496, 0.4015383720397949, 0.28023961186408997, 0.29129698872566223, 0.9146648049354553, -0.6430548429489136, 0.7644116878509521, -0.04642275720834732], "cam_t_m2c": [65.64082336425781, -184.9346160888672, 725.1760864257812], "obj_id": 3}, {"cam_R_m2c": [-0.6651395559310913, 0.7039768099784851, 0.2490096092224121, 0.15590351819992065, 0.4570446014404297, -0.8756735920906067, -0.7302624583244324, -0.5436238050460815, -0.41375085711479187], "cam_t_m2c": [-156.4231414794922, 28.322673797607422, 764.4876098632812], "obj_id": 3}, {"cam_R_m2c": [0.6520939469337463, -0.6270834803581238, -0.4260748028755188, -0.7430304288864136, -0.4169864356517792, -0.5234769582748413, 0.15059633553028107, 0.6579427123069763, -0.7378564476966858], "cam_t_m2c": [90.12261962890625, 67.59754180908203, 774.7821655273438], "obj_id": 3}, {"cam_R_m2c": [-0.1625298261642456, -0.9858911633491516, 0.04003118723630905, 0.9701722264289856, -0.16707059741020203, -0.1756507158279419, 0.17986054718494415, 0.010288653895258904, 0.9836382865905762], "cam_t_m2c": [42.741695404052734, -350.8223876953125, 542.5703125], "obj_id": 1}, {"cam_R_m2c": [0.6315794587135315, 0.044625576585531235, -0.7740257978439331, -0.7644228935241699, -0.1308843195438385, -0.6312897205352783, -0.12947958707809448, 0.9903926849365234, -0.04855098947882652], "cam_t_m2c": [138.4354705810547, -119.16801452636719, 794.6812133789062], "obj_id": 1}, {"cam_R_m2c": [-0.5287540555000305, 0.6657403111457825, 0.526506245136261, -0.12181343883275986, 0.5543707609176636, -0.8233070373535156, -0.8399884104728699, -0.4994625449180603, -0.21202966570854187], "cam_t_m2c": [164.04110717773438, -117.12393188476562, 796.9517822265625], "obj_id": 3}, {"cam_R_m2c": [0.25527340173721313, -0.2841995358467102, 0.924156904220581, -0.6300919055938721, -0.7738833427429199, -0.06394112855195999, 0.7333617806434631, -0.565981388092041, -0.37662360072135925], "cam_t_m2c": [-79.57933807373047, -89.38078308105469, 693.373291015625], "obj_id": 3}, {"cam_R_m2c": [-0.10234861075878143, 0.9942523837089539, -0.03141278028488159, -0.28856852650642395, 0.0005450762109830976, 0.9574589729309082, 0.9519730806350708, 0.10705945640802383, 0.2868542969226837], "cam_t_m2c": [-173.80564880371094, -299.9002685546875, 913.1558837890625], "obj_id": 3}, {"cam_R_m2c": [0.04350584000349045, 0.006501602474600077, -0.9990319609642029, 0.9981258511543274, -0.04335632920265198, 0.04318416491150856, -0.0430336520075798, -0.9990384578704834, -0.008375613018870354], "cam_t_m2c": [-152.7567138671875, -108.44461822509766, 840.9585571289062], "obj_id": 3}, {"cam_R_m2c": [0.8151974081993103, -0.20368006825447083, 0.5421878099441528, 0.42001354694366455, 0.8524693846702576, -0.311262845993042, -0.39880049228668213, 0.4814668893814087, 0.7804792523384094], "cam_t_m2c": [97.72180938720703, -357.0455627441406, 625.7769775390625], "obj_id": 3}, {"cam_R_m2c": [-0.0897006168961525, 0.9952178597450256, 0.03866688534617424, -0.9829251170158386, -0.08219645172357559, -0.16462677717208862, -0.1606612354516983, -0.05277377739548683, 0.9855977296829224], "cam_t_m2c": [-50.04202651977539, -241.58770751953125, 749.75], "obj_id": 3}, {"cam_R_m2c": [-0.8978515267372131, -0.41974306106567383, 0.13296033442020416, -0.41422832012176514, 0.7028878331184387, -0.5782418251037598, 0.14925678074359894, -0.5742511749267578, -0.8049584031105042], "cam_t_m2c": [11.721577644348145, -320.6170349121094, 507.6733703613281], "obj_id": 3}, {"cam_R_m2c": [-0.4788268506526947, -0.5306331515312195, 0.6993948221206665, 0.8656419515609741, -0.15265899896621704, 0.47682181000709534, -0.14624851942062378, 0.8337407112121582, 0.5324357151985168], "cam_t_m2c": [69.95520782470703, -236.07005310058594, 861.213134765625], "obj_id": 1}, {"cam_R_m2c": [-0.22059081494808197, -0.15303367376327515, 0.9632861018180847, -0.9751667976379395, 0.014629409648478031, -0.2209874838590622, 0.019726330414414406, -0.9881125688552856, -0.15246035158634186], "cam_t_m2c": [159.33984375, -290.06768798828125, 530.4960327148438], "obj_id": 3}, {"cam_R_m2c": [0.6729679107666016, 0.5164093971252441, -0.5295615792274475, -0.6280183792114258, 0.7771579027175903, -0.04023048281669617, 0.3907775580883026, 0.3596482276916504, 0.8473169803619385], "cam_t_m2c": [-55.25800323486328, -275.2145080566406, 685.87890625], "obj_id": 1}, {"cam_R_m2c": [0.2729206681251526, -0.2646424472332001, 0.9249208569526672, -0.7545499801635742, 0.5375315546989441, 0.3764493763446808, -0.5967985987663269, -0.8006398677825928, -0.052982479333877563], "cam_t_m2c": [-157.1957550048828, -126.13825225830078, 825.3860473632812], "obj_id": 3}, {"cam_R_m2c": [0.12166858464479446, -0.2926184833049774, -0.9484572410583496, 0.63138347864151, -0.7144895792007446, 0.3014288544654846, -0.7658665180206299, -0.6355146765708923, 0.0978236272931099], "cam_t_m2c": [-165.3109893798828, -217.82630920410156, 542.5662841796875], "obj_id": 3}, {"cam_R_m2c": [-0.4700460731983185, 0.8294193148612976, -0.30186066031455994, -0.33702221512794495, 0.14742720127105713, 0.929882287979126, 0.815764844417572, 0.5388214588165283, 0.2102353721857071], "cam_t_m2c": [-126.14765930175781, -227.91676330566406, 522.3387451171875], "obj_id": 1}, {"cam_R_m2c": [-0.978505551815033, -0.08191626518964767, 0.18925276398658752, -0.11763405799865723, -0.5320481657981873, -0.83850