{
  "0": [{"cam_R_m2c": [-0.9828352332115173, -0.10302655398845673, -0.15303677320480347, 0.06741736829280853, 0.5715853571891785, -0.8177683353424072, 0.17172543704509735, -0.8140489459037781, -0.554828405380249], "cam_t_m2c": [337.7896423339844, 124.69869232177734, 616.8589477539062], "obj_id": 3}, {"cam_R_m2c": [-0.9828352332115173, -0.10302655398845673, -0.15303677320480347, 0.06741736829280853, 0.5715853571891785, -0.8177683353424072, 0.17172543704509735, -0.8140489459037781, -0.554828405380249], "cam_t_m2c": [337.7896423339844, 124.69869232177734, 616.8589477539062], "obj_id": 3}, {"cam_R_m2c": [-0.9828352332115173, -0.10302655398845673, -0.15303677320480347, 0.06741736829280853, 0.5715853571891785, -0.8177683353424072, 0.17172543704509735, -0.8140489459037781, -0.554828405380249], "cam_t_m2c": [337.7896423339844, 124.69869232177734, 616.8589477539062], "obj_id": 1}, {"cam_R_m2c": [-0.9828352332115173, -0.10302655398845673, -0.15303677320480347, 0.06741736829280853, 0.5715853571891785, -0.8177683353424072, 0.17172543704509735, -0.8140489459037781, -0.554828405380249], "cam_t_m2c": [337.7896423339844, 124.69869232177734, 616.8589477539062], "obj_id": 1}, {"cam_R_m2c": [-0.9828352332115173, -0.10302655398845673, -0.15303677320480347, 0.06741736829280853, 0.5715853571891785, -0.8177683353424072, 0.17172543704509735, -0.8140489459037781, -0.554828405380249], "cam_t_m2c": [337.7896423339844, 124.69869232177734, 616.8589477539062], "obj_id": 2}, {"cam_R_m2c": [-0.9828352332115173, -0.10302655398845673, -0.15303677320480347, 0.06741736829280853, 0.5715853571891785, -0.8177683353424072, 0.17172543704509735, -0.8140489459037781, -0.554828405380249], "cam_t_m2c": [337.7896423339844, 124.69869232177734, 616.8589477539062], "obj_id": 0}, {"cam_R_m2c": [-0.9828352332115173, -0.10302655398845673, -0.15303677320480347, 0.06741736829280853, 0.5715853571891785, -0.8177683353424072, 0.17172543704509735, -0.8140489459037781, -0.554828405380249], "cam_t_m2c": [337.7896423339844, 124.69869232177734, 616.8589477539062], "obj_id": 1}, {"cam_R_m2c": [-0.9828352332115173, -0.10302655398845673, -0.15303677320480347, 0.06741736829280853, 0.5715853571891785, -0.8177683353424072, 0.17172543704509735, -0.8140489459037781, -0.554828405380249], "cam_t_m2c": [337.7896423339844, 124.69869232177734, 616.8589477539062], "obj_id": 2}, {"cam_R_m2c": [-0.9828352332115173, -0.10302655398845673, -0.15303677320480347, 0.06741736829280853, 0.5715853571891785, -0.8177683353424072, 0.17172543704509735, -0.8140489459037781, -0.554828405380249], "cam_t_m2c": [337.7896423339844, 124.69869232177734, 616.8589477539062], "obj_id": 3}, {"cam_R_m2c": [-0.9828352332115173, -0.10302655398845673, -0.15303677320480347, 0.06741736829280853, 0.5715853571891785, -0.8177683353424072, 0.17172543704509735, -0.8140489459037781, -0.554828405380249], "cam_t_m2c": [337.7896423339844, 124.69869232177734, 616.8589477539062], "obj_id": 2}, {"cam_R_m2c": [-0.9828352332115173, -0.10302655398845673, -0.15303677320480347, 0.06741736829280853, 0.5715853571891785, -0.8177683353424072, 0.17172543704509735, -0.8140489459037781, -0.554828405380249], "cam_t_m2c": [337.7896423339844, 124.69869232177734, 616.8589477539062], "obj_id": 1}, {"cam_R_m2c": [-0.9828352332115173, -0.10302655398845673, -0.15303677320480347, 0.06741736829280853, 0.5715853571891785, -0.8177683353424072, 0.17172543704509735, -0.8140489459037781, -0.554828405380249], "cam_t_m2c": [337.7896423339844, 124.69869232177734, 616.8589477539062], "obj_id": 2}, {"cam_R_m2c": [0.35503166913986206, 0.19615845382213593, 0.9140428304672241, 0.7776257991790771, -0.604663074016571, -0.17228075861930847, 0.5188936591148376, 0.7719484567642212, -0.3672123849391937], "cam_t_m2c": [412.5509948730469, 2.635993242263794, 829.3171997070312], "obj_id": 1}, {"cam_R_m2c": [0.22881299257278442, 0.045144930481910706, -0.9724230170249939, 0.8005494475364685, 0.5596196055412292, 0.21435126662254333, 0.5538638234138489, -0.8275191187858582, 0.09190748631954193], "cam_t_m2c": [214.28140258789062, 311.60552978515625, 388.36871337890625], "obj_id": 3}, {"cam_R_m2c": [0.9016672372817993, 0.38471198081970215, 0.19746600091457367, -0.3902303874492645, 0.5271310210227966, 0.7548860907554626, 0.18632331490516663, -0.7577133178710938, 0.6254231333732605], "cam_t_m2c": [134.07611083984375, 172.29241943359375, 684.9188842773438], "obj_id": 4}],
  "1": [{"cam_R_m2c": [-0.9828352332115173, -0.10302655398845673, -0.15303677320480347, 0.06741736829280853, 0.5715853571891785, -0.8177683353424072, 0.17172543704509735, -0.8140489459037781, -0.554828405380249], "cam_t_m2c": [337.7896423339844, 124.69869232177734, 616.8589477539062], "obj_id": 3}, {"cam_R_m2c": [-0.9828352332115173, -0.10302655398845673, -0.15303677320480347, 0.06741736829280853, 0.5715853571891785, -0.8177683353424072, 0.17172543704509735, -0.8140489459037781, -0.554828405380249], "cam_t_m2c": [337.7896423339844, 124.69869232177734, 616.8589477539062], "obj_id": 3}, {"cam_R_m2c": [-0.9828352332115173, -0.10302655398845673, -0.15303677320480347, 0.06741736829280853, 0.5715853571891785, -0.8177683353424072, 0.17172543704509735, -0.8140489459037781, -0.554828405380249], "cam_t_m2c": [337.7896423339844, 124.69869232177734, 616.8589477539062], "obj_id": 1}, {"cam_R_m2c": [-0.9828352332115173, -0.10302655398845673, -0.15303677320480347, 0.06741736829280853, 0.5715853571891785, -0.8177683353424072, 0.17172543704509735, -0.8140489459037781, -0.554828405380249], "cam_t_m2c": [337.7896423339844, 124.69869232177734, 616.8589477539062], "obj_id": 1}, {"cam_R_m2c": [-0.9828352332115173, -0.10302655398845673, -0.15303677320480347, 0.06741736829280853, 0.5715853571891785, -0.8177683353424072, 0.17172543704509735, -0.8140489459037781, -0.554828405380249], "cam_t_m2c": [337.7896423339844, 124.69869232177734, 616.8589477539062], "obj_id": 2}, {"cam_R_m2c": [-0.9828352332115173, -0.10302655398845673, -0.15303677320480347, 0.06741736829280853, 0.5715853571891785, -0.8177683353424072, 0.17172543704509735, -0.8140489459037781, -0.554828405380249], "cam_t_m2c": [337.7896423339844, 124.69869232177734, 616.8589477539062], "obj_id": 0}, {"cam_R_m2c": [-0.9828352332115173, -0.10302655398845673, -0.15303677320480347, 0.06741736829280853, 0.5715853571891785, -0.8177683353424072, 0.17172543704509735, -0.8140489459037781, -0.554828405380249], "cam_t_m2c": [337.7896423339844, 124.69869232177734, 616.8589477539062], "obj_id": 1}, {"cam_R_m2c": [-0.9828352332115173, -0.10302655398845673, -0.15303677320480347, 0.06741736829280853, 0.5715853571891785, -0.8177683353424072, 0.17172543704509735, -0.8140489459037781, -0.554828405380249], "cam_t_m2c": [337.7896423339844, 124.69869232177734, 616.8589477539062], "obj_id": 2}, {"cam_R_m2c": [-0.9828352332115173, -0.10302655398845673, -0.15303677320480347, 0.06741736829280853, 0.5715853571891785, -0.8177683353424072, 0.17172543704509735, -0.8140489459037781, -0.554828405380249], "cam_t_m2c": [337.7896423339844, 124.69869232177734, 616.8589477539062], "obj_id": 3}, {"cam_R_m2c": [-0.9828352332115173, -0.10302655398845673, -0.15303677320480347, 0.06741736829280853, 0.5715853571891785, -0.8177683353424072, 0.17172543704509735, -0.8140489459037781, -0.554828405380249], "cam_t_m2c": [337.7896423339844, 124.69869232177734, 616.8589477539062], "obj_id": 2}, {"cam_R_m2c": [-0.9828352332115173, -0.10302655398845673, -0.15303677320480347, 0.06741736829280853, 0.5715853571891785, -0.8177683353424072, 0.17172543704509735, -0.8140489459037781, -0.554828405380249], "cam_t_m2c": [337.7896423339844, 124.69869232177734, 616.8589477539062], "obj_id": 1}, {"cam_R_m2c": [-0.9828352332115173, -0.10302655398845673, -0.15303677320480347, 0.06741736829280853, 0.5715853571891785, -0.8177683353424072, 0.17172543704509735, -0.8140489459037781, -0.554828405380249], "cam_t_m2c": [337.7896423339844, 124.69869232177734, 616.8589477539062], "obj_id": 2}, {"cam_R_m2c": [0.35503166913986206, 0.19615845382213593, 0.9140428304672241, 0.7776257991790771, -0.604663074016571, -0.17228075861930847, 0.5188936591148376, 0.7719484567642212, -0.3672123849391937], "cam_t_m2c": [412.5509948730469, 2.635993242263794, 829.3171997070312], "obj_id": 1}, {"cam_R_m2c": [0.22881299257278442, 0.045144930481910706, -0.9724230170249939, 0.8005494475364685, 0.5596196055412292, 0.21435126662254333, 0.5538638234138489, -0.8275191187858582, 0.09190748631954193], "cam_t_m2c": [214.28140258789062, 311.60552978515625, 388.36871337890625], "obj_id": 3}, {"cam_R_m2c": [0.9016672372817993, 0.38471198081970215, 0.19746600091457367, -0.3902303874492645, 0.5271310210227966, 0.7548860907554626, 0.18632331490516663, -0.7577133178710938, 0.6254231333732605], "cam_t_m2c": [134.07611083984375, 172.29241943359375, 684.9188842773438], "obj_id": 4}],
  "2": [{"cam_R_m2c": [0.8724963068962097, 0.4201320707798004, -0.24947787821292877, 0.00132754014339298, -0.5126120448112488, -0.8586192727088928, -0.4886188805103302, 0.7488109469413757, -0.4478098750114441], "cam_t_m2c": [-218.3253173828125, -198.15968322753906, 1045.71337890625], "obj_id": 3}, {"cam_R_m2c": [0.8724963068962097, 0.4201320707798004, -0.24947787821292877, 0.00132754014339298, -0.5126120448112488, -0.8586192727088928, -0.4886188805103302, 0.7488109469413757, -0.4478098750114441], "cam_t_m2c": [-218.3253173828125, -198.15968322753906, 1045.71337890625], "obj_id": 3}, {"cam_R_m2c": [0.8724963068962097, 0.4201320707798004, -0.24947787821292877, 0.00132754014339298, -0.5126120448112488, -0.8586192727088928, -0.4886188805103302, 0.7488109469413757, -0.4478098750114441], "cam_t_m2c": [-218.3253173828125, -198.15968322753906, 1045.71337890625], "obj_id": 1}, {"cam_R_m2c": [0.8724963068962097, 0.4201320707798004, -0.24947787821292877, 0.00132754014339298, -0.5126120448112488, -0.8586192727088928, -0.4886188805103302, 0.7488109469413757, -0.4478098750114441], "cam_t_m2c": [-218.3253173828125, -198.15968322753906, 1045.71337890625], "obj_id": 1}, {"cam_R_m2c": [0.8724963068962097, 0.4201320707798004, -0.24947787821292877, 0.00132754014339298, -0.5126120448112488, -0.8586192727088928, -0.4886188805103302, 0.7488109469413757, -0.4478098750114441], "cam_t_m2c": [-218.3253173828125, -198.15968322753906, 1045.71337890625], "obj_id": 2}, {"cam_R_m2c": [0.8724963068962097, 0.4201320707798004, -0.24947787821292877, 0.00132754014339298, -0.5126120448112488, -0.8586192727088928, -0.4886188805103302, 0.7488109469413757, -0.4478098750114441], "cam_t_m2c": [-218.3253173828125, -198.15968322753906, 1045.71337890625], "obj_id": 0}, {"cam_R_m2c": [0.8724963068962097, 0.4201320707798004, -0.24947787821292877, 0.00132754014339298, -0.5126120448112488, -0.8586192727088928, -0.4886188805103302, 0.7488109469413757, -0.4478098750114441], "cam_t_m2c": [-218.3253173828125, -198.15968322753906, 1045.71337890625], "obj_id": 1}, {"cam_R_m2c": [0.8724963068962097, 0.4201320707798004, -0.24947787821292877, 0.00132754014339298, -0.5126120448112488, -0.8586192727088928, -0.4886188805103302, 0.7488109469413757, -0.4478098750114441], "cam_t_m2c": [-218.3253173828125, -198.15968322753906, 1045.71337890625], "obj_id": 2}, {"cam_R_m2c": [0.8724963068962097, 0.4201320707798004, -0.24947787821292877, 0.00132754014339298, -0.5126120448112488, -0.8586192727088928, -0.4886188805103302, 0.7488109469413757, -0.4478098750114441], "cam_t_m2c": [-218.3253173828125, -198.15968322753906, 1045.71337890625], "obj_id": 3}, {"cam_R_m2c": [0.8724963068962097, 0.4201320707798004, -0.24947787821292877, 0.00132754014339298, -0.5126120448112488, -0.8586192727088928, -0.4886188805103302, 0.7488109469413757, -0.4478098750114441], "cam_t_m2c": [-218.3253173828125, -198.15968322753906, 1045.71337890625], "obj_id": 2}, {"cam_R_m2c": [0.8724963068962097, 0.4201320707798004, -0.24947787821292877, 0.00132754014339298, -0.5126120448112488, -0.8586192727088928, -0.4886188805103302, 0.7488109469413757, -0.4478098750114441], "cam_t_m2c": [-218.3253173828125, -198.15968322753906, 1045.71337890625], "obj_id": 1}, {"cam_R_m2c": [0.8724963068962097, 0.4201320707798004, -0.24947787821292877, 0.00132754014339298, -0.5126120448112488, -0.8586192727088928, -0.4886188805103302, 0.7488109469413757, -0.4478098750114441], "cam_t_m2c": [-218.3253173828125, -198.15968322753906, 1045.71337890625], "obj_id": 2}, {"cam_R_m2c": [0.056973107159137726, -0.5148441195487976, -0.8553884625434875, 0.8470155000686646, 0.47847601771354675, -0.23157140612602234, 0.5285059809684753, -0.7113340497016907, 0.4633413255214691], "cam_t_m2c": [-355.6331787109375, -44.52043533325195, 893.5009765625], "obj_id": 1}, {"cam_R_m2c": [0.17550265789031982, 0.2870211899280548, 0.9417099356651306, 0.8645704388618469, -0.5024481415748596, -0.007986652664840221, 0.4708680808544159, 0.8155762553215027, -0.33633098006248474], "cam_t_m2c": [-5.490068435668945, -348.50946044921875, 1231.4346923828125], "obj_id": 3}, {"cam_R_m2c": [-0.9840953350067139, -0.02599186636507511, 0.17572854459285736, 0.17178012430667877, -0.39123430848121643, 0.9041168093681335, 0.04525136202573776, 0.9199239015579224, 0.3894768953323364], "cam_t_m2c": [-22.317180633544922, -155.10418701171875, 955.582763671875], "obj_id": 4}],
  "3": [{"cam_R_m2c": [0.8724963068962097, 0.4201320707798004, -0.24947787821292877, 0.00132754014339298, -0.5126120448112488, -0.8586192727088928, -0.4886188805103302, 0.7488109469413757, -0.4478098750114441], "cam_t_m2c": [-218.3253173828125, -198.15968322753906, 1045.71337890625], "obj_id": 3}, {"cam_R_m2c": [0.8724963068962097, 0.4201320707798004, -0.24947787821292877, 0.00132754014339298, -0.5126120448112488, -0.8586192727088928, -0.4886188805103302, 0.7488109469413757, -0.4478098750114441], "cam_t_m2c": [-218.3253173828125, -198.15968322753906, 1045.71337890625], "obj_id": 3}, {"cam_R_m2c": [0.8724963068962097, 0.4201320707798004, -0.24947787821292877, 0.00132754014339298, -0.5126120448112488, -0.8586192727088928, -0.4886188805103302, 0.7488109469413757, -0.4478098750114441], "cam_t_m2c": [-218.3253173828125, -198.15968322753906, 1045.71337890625], "obj_id": 1}, {"cam_R_m2c": [0.8724963068962097, 0.4201320707798004, -0.24947787821292877, 0.00132754014339298, -0.5126120448112488, -0.8586192727088928, -0.4886188805103302, 0.7488109469413757, -0.4478098750114441], "cam_t_m2c": [-218.3253173828125, -198.15968322753906, 1045.71337890625], "obj_id": 1}, {"cam_R_m2c": [0.8724963068962097, 0.4201320707798004, -0.24947787821292877, 0.00132754014339298, -0.5126120448112488, -0.8586192727088928, -0.4886188805103302, 0.7488109469413757, -0.4478098750114441], "cam_t_m2c": [-218.3253173828125, -198.15968322753906, 1045.71337890625], "obj_id": 2}, {"cam_R_m2c": [0.8724963068962097, 0.4201320707798004, -0.24947787821292877, 0.00132754014339298, -0.5126120448112488, -0.8586192727088928, -0.4886188805103302, 0.7488109469413757, -0.4478098750114441], "cam_t_m2c": [-218.3253173828125, -198.15968322753906, 1045.71337890625], "obj_id": 0}, {"cam_R_m2c": [0.8724963068962097, 0.4201320707798004, -0.24947787821292877, 0.00132754014339298, -0.5126120448112488, -0.8586192727088928, -0.4886188805103302, 0.7488109469413757, -0.4478098750114441], "cam_t_m2c": [-218.3253173828125, -198.15968322753906, 1045.71337890625], "obj_id": 1}, {"cam_R_m2c": [0.8724963068962097, 0.4201320707798004, -0.24947787821292877, 0.00132754014339298, -0.5126120448112488, -0.8586192727088928, -0.4886188805103302, 0.7488109469413757, -0.4478098750114441], "cam_t_m2c": [-218.3253173828125, -198.15968322753906, 1045.71337890625], "obj_id": 2}, {"cam_R_m2c": [0.8724963068962097, 0.4201320707798004, -0.24947787821292877, 0.00132754014339298, -0.5126120448112488, -0.8586192727088928, -0.4886188805103302, 0.7488109469413757, -0.4478098750114441], "cam_t_m2c": [-218.3253173828125, -198.15968322753906, 1045.71337890625], "obj_id": 3}, {"cam_R_m2c": [0.8724963068962097, 0.4201320707798004, -0.24947787821292877, 0.00132754014339298, -0.5126120448112488, -0.8586192727088928, -0.4886188805103302, 0.7488109469413757, -0.4478098750114441], "cam_t_m2c": [-218.3253173828125, -198.15968322753906, 1045.71337890625], "obj_id": 2}, {"cam_R_m2c": [0.8724963068962097, 0.4201320707798004, -0.24947787821292877, 0.00132754014339298, -0.5126120448112488, -0.8586192727088928, -0.4886188805103302, 0.7488109469413757, -0.4478098750114441], "cam_t_m2c": [-218.3253173828125, -198.15968322753906, 1045.71337890625], "obj_id": 1}, {"cam_R_m2c": [0.8724963068962097, 0.4201320707798004, -0.24947787821292877, 0.00132754014339298, -0.5126120448112488, -0.8586192727088928, -0.4886188805103302, 0.7488109469413757, -0.4478098750114441], "cam_t_m2c": [-218.3253173828125, -198.15968322753906, 1045.71337890625], "obj_id": 2}, {"cam_R_m2c": [0.056973107159137726, -0.5148441195487976, -0.8553884625434875, 0.8470155000686646, 0.47847601771354675, -0.23157140612602234, 0.5285059809684753, -0.7113340497016907, 0.4633413255214691], "cam_t_m2c": [-355.6331787109375, -44.52043533325195, 893.5009765625], "obj_id": 1}, {"cam_R_m2c": [0.17550265789031982, 0.2870211899280548, 0.9417099356651306, 0.8645704388618469, -0.5024481415748596, -0.007986652664840221, 0.4708680808544159, 0.8155762553215027, -0.33633098006248474], "cam_t_m2c": [-5.490068435668945, -348.50946044921875, 1231.4346923828125], "obj_id": 3}, {"cam_R_m2c": [-0.9840953350067139, -0.02599186636507511, 0.17572854459285736, 0.17178012430667877, -0.39123430848121643, 0.9041168093681335, 0.04525136202573776, 0.9199239015579224, 0.3894768953323364], "cam_t_m2c": [-22.317180633544922, -155.10418701171875, 955.582763671875], "obj_id": 4}],
  "4": [{"cam_R_m2c": [-0.6379202008247375, -0.7696525454521179, -0.02631908841431141, -0.4251311421394348, 0.3804514408111572, -0.8212917447090149, 0.6421224474906921, -0.5127295851707458, -0.5699008703231812], "cam_t_m2c": [8.899016380310059, 204.46218872070312, 502.5765380859375], "obj_id": 3}, {"cam_R_m2c": [-0.6379202008247375, -0.7696525454521179, -0.02631908841431141, -0.4251311421394348, 0.3804514408111572, -0.8212917447090149, 0.6421224474906921, -0.5127295851707458, -0.5699008703231812], "cam_t_m2c": [8.899016380310059, 204.46218872070312, 502.5765380859375], "obj_id": 3}, {"cam_R_m2c": [-0.6379202008247375, -0.7696525454521179, -0.02631908841431141, -0.4251311421394348, 0.3804514408111572, -0.8212917447090149, 0.6421224474906921, -0.5127295851707458, -0.5699008703231812], "cam_t_m2c": [8.899016380310059, 204.46218872070312, 502.5765380859375], "obj_id": 1}, {"cam_R_m2c": [-0.6379202008247375, -0.7696525454521179, -0.02631908841431141, -0.4251311421394348, 0.3804514408111572, -0.8212917447090149, 0.6421224474906921, -0.5127295851707458, -0.5699008703231812], "cam_t_m2c": [8.899016380310059, 204.46218872070312, 502.5765380859375], "obj_id": 1}, {"cam_R_m2c": [-0.6379202008247375, -0.7696525454521179, -0.02631908841431141, -0.4251311421394348, 0.3804514408111572, -0.8212917447090149, 0.6421224474906921, -0.5127295851707458, -0.5699008703231812], "cam_t_m2c": [8.899016380310059, 204.46218872070312, 502.5765380859375], "obj_id": 2}, {"cam_R_m2c": [-0.6379202008247375, -0.7696525454521179, -0.02631908841431141, -0.4251311421394348, 0.3804514408111572, -0.8212917447090149, 0.6421224474906921, -0.5127295851707458, -0.5699008703231812], "cam_t_m2c": [8.899016380310059, 204.46218872070312, 502.5765380859375], "obj_id": 0}, {"cam_R_m2c": [-0.6379202008247375, -0.7696525454521179, -0.02631908841431141, -0.4251311421394348, 0.3804514408111572, -0.8212917447090149, 0.6421224474906921, -0.5127295851707458, -0.5699008703231812], "cam_t_m2c": [8.899016380310059, 204.46218872070312, 502.5765380859375], "obj_id": 1}, {"cam_R_m2c": [-0.6379202008247375, -0.7696525454521179, -0.02631908841431141, -0.4251311421394348, 0.3804514408111572, -0.8212917447090149, 0.6421224474906921, -0.5127295851707458, -0.5699008703231812], "cam_t_m2c": [8.899016380310059, 204.46218872070312, 502.5765380859375], "obj_id": 2}, {"cam_R_m2c": [-0.6379202008247375, -0.7696525454521179, -0.02631908841431141, -0.4251311421394348, 0.3804514408111572, -0.8212917447090149, 0.6421224474906921, -0.5127295851707458, -0.5699008703231812], "cam_t_m2c": [8.899016380310059, 204.46218872070312, 502.5765380859375], "obj_id": 3}, {"cam_R_m2c": [-0.6379202008247375, -0.7696525454521179, -0.02631908841431141, -0.4251311421394348, 0.3804514408111572, -0.8212917447090149, 0.6421224474906921, -0.5127295851707458, -0.5699008703231812], "cam_t_m2c": [8.899016380310059, 204.46218872070312, 502.5765380859375], "obj_id": 2}, {"cam_R_m2c": [-0.6379202008247375, -0.7696525454521179, -0.02631908841431141, -0.4251311421394348, 0.3804514408111572, -0.8212917447090149, 0.6421224474906921, -0.5127295851707458, -0.5699008703231812], "cam_t_m2c": [8.899016380310059, 204.46218872070312, 502.5765380859375], "obj_id": 1}, {"cam_R_m2c": [-0.6379202008247375, -0.7696525454521179, -0.02631908841431141, -0.4251311421394348, 0.3804514408111572, -0.8212917447090149, 0.6421224474906921, -0.5127295851707458, -0.5699008703231812], "cam_t_m2c": [8.899016380310059, 204.46218872070312, 502.5765380859375], "obj_id": 2}, {"cam_R_m2c": [0.16921406984329224, 0.8286855816841125, 0.5335230231285095, 0.8860012292861938, -0.3650154173374176, 0.28594669699668884, 0.431704044342041, 0.42431584000587463, -0.7959821820259094], "cam_t_m2c": [231.26272583007812, 152.6421661376953, 618.7494506835938], "obj_id": 1}, {"cam_R_m2c": [0.08757463097572327, -0.6660468578338623, -0.7407510876655579, 0.8446215987205505, 0.44389966130256653, -0.2992780804634094, 0.528152346611023, -0.5994452238082886, 0.6014319658279419], "cam_t_m2c": [-286.53125, 286.32171630859375, 410.83636474609375], "obj_id": 3}, {"cam_R_m2c": [0.9195502996444702, -0.37275639176368713, 0.1244184821844101, 0.13256418704986572, 0.5922910571098328, 0.7947439551353455, -0.36993786692619324, -0.7143136262893677, 0.5940555334091187], "cam_t_m2c": [-121.57730865478516, 147.64114379882812, 670.337646484375], "obj_id": 4}]
}