{
  "0": [{"cam_R_m2c": [-0.4501799941062927, -0.8789045214653015, -0.15768566727638245, -0.28049007058143616, 0.30684182047843933, -0.9094907641410828, 0.847740113735199, -0.3652052879333496, -0.3846580386161804], "cam_t_m2c": [41.8625602722168, -4.926525115966797, 982.0003662109375], "obj_id": 0}, {"cam_R_m2c": [-0.3919908404350281, 0.9193965196609497, 0.032449640333652496, 0.9199542999267578, 0.39194005727767944, 0.008182598277926445, -0.005195258185267448, 0.03305969387292862, -0.9994396567344666], "cam_t_m2c": [41.47883224487305, 239.30332946777344, 1092.527099609375], "obj_id": 0}, {"cam_R_m2c": [-0.24739256501197815, -0.6824316382408142, 0.6878108382225037, 0.20465317368507385, 0.6570577621459961, 0.72552889585495, -0.9470553398132324, 0.3202531933784485, -0.02288934960961342], "cam_t_m2c": [47.804161071777344, 267.20880126953125, 897.2998657226562], "obj_id": 3}, {"cam_R_m2c": [-0.23481608927249908, -0.24075573682785034, 0.9417527318000793, 0.9293615818023682, -0.3395344614982605, 0.14492569863796234, 0.28486576676368713, 0.9092596769332886, 0.3034772276878357], "cam_t_m2c": [75.0673599243164, 258.7202453613281, 817.4553833007812], "obj_id": 3}],
  "1": [{"cam_R_m2c": [-0.9679936170578003, 0.24560950696468353, -0.051616985350847244, 0.18731577694416046, 0.5701391100883484, -0.7999088168144226, -0.16703635454177856, -0.7839753031730652, -0.5978975296020508], "cam_t_m2c": [-101.11593627929688, 7.319308757781982, 1163.0574951171875], "obj_id": 0}, {"cam_R_m2c": [0.2775324881076813, 0.33457836508750916, 0.90057373046875, 0.9605758786201477, -0.08061645179986954, -0.26607319712638855, -0.016421282663941383, 0.9389133453369141, -0.3437616229057312], "cam_t_m2c": [-103.33937072753906, 243.83187866210938, 1289.6339111328125], "obj_id": 0}, {"cam_R_m2c": [0.8674860596656799, -0.18203039467334747, 0.4629609286785126, 0.042967457324266434, 0.9545863270759583, 0.29481983184814453, -0.4956023395061493, -0.23585984110832214, 0.835911750793457], "cam_t_m2c": [82.81437683105469, 213.970947265625, 1231.5274658203125], "obj_id": 3}, {"cam_R_m2c": [0.05879497528076172, -0.9982687830924988, 0.0016037614550441504, 0.9712960124015808, 0.056835275143384933, -0.23098444938659668, 0.23049341142177582, 0.015138453803956509, 0.972956120967865], "cam_t_m2c": [156.75146484375, 173.53077697753906, 1222.149169921875], "obj_id": 3}]
}