{
  "0": [{"cam_R_m2c": [0.6340410113334656, -0.7461942434310913, -0.202943354845047, -0.22247321903705597, 0.07532734423875809, -0.9720243215560913, 0.7406061887741089, 0.6614527106285095, -0.11824759840965271], "cam_t_m2c": [-75.13912963867188, 27.587482452392578, 512.81591796875], "obj_id": 3}, {"cam_R_m2c": [0.6340410113334656, -0.7461942434310913, -0.202943354845047, -0.22247321903705597, 0.07532734423875809, -0.9720243215560913, 0.7406061887741089, 0.6614527106285095, -0.11824759840965271], "cam_t_m2c": [-75.13912963867188, 27.587482452392578, 512.81591796875], "obj_id": 1}, {"cam_R_m2c": [0.6340410113334656, -0.7461942434310913, -0.202943354845047, -0.22247321903705597, 0.07532734423875809, -0.9720243215560913, 0.7406061887741089, 0.6614527106285095, -0.11824759840965271], "cam_t_m2c": [-75.13912963867188, 27.587482452392578, 512.81591796875], "obj_id": 3}, {"cam_R_m2c": [0.6340410113334656, -0.7461942434310913, -0.202943354845047, -0.22247321903705597, 0.07532734423875809, -0.9720243215560913, 0.7406061887741089, 0.6614527106285095, -0.11824759840965271], "cam_t_m2c": [-75.13912963867188, 27.587482452392578, 512.81591796875], "obj_id": 0}, {"cam_R_m2c": [0.6340410113334656, -0.7461942434310913, -0.202943354845047, -0.22247321903705597, 0.07532734423875809, -0.9720243215560913, 0.7406061887741089, 0.6614527106285095, -0.11824759840965271], "cam_t_m2c": [-75.13912963867188, 27.587482452392578, 512.81591796875], "obj_id": 3}, {"cam_R_m2c": [0.6340410113334656, -0.7461942434310913, -0.202943354845047, -0.22247321903705597, 0.07532734423875809, -0.9720243215560913, 0.7406061887741089, 0.6614527106285095, -0.11824759840965271], "cam_t_m2c": [-75.13912963867188, 27.587482452392578, 512.81591796875], "obj_id": 0}, {"cam_R_m2c": [0.6340410113334656, -0.7461942434310913, -0.202943354845047, -0.22247321903705597, 0.07532734423875809, -0.9720243215560913, 0.7406061887741089, 0.6614527106285095, -0.11824759840965271], "cam_t_m2c": [-75.13912963867188, 27.587482452392578, 512.81591796875], "obj_id": 3}, {"cam_R_m2c": [0.6340410113334656, -0.7461942434310913, -0.202943354845047, -0.22247321903705597, 0.07532734423875809, -0.9720243215560913, 0.7406061887741089, 0.6614527106285095, -0.11824759840965271], "cam_t_m2c": [-75.13912963867188, 27.587482452392578, 512.81591796875], "obj_id": 2}, {"cam_R_m2c": [0.6340410113334656, -0.7461942434310913, -0.202943354845047, -0.22247321903705597, 0.07532734423875809, -0.9720243215560913, 0.7406061887741089, 0.6614527106285095, -0.11824759840965271], "cam_t_m2c": [-75.13912963867188, 27.587482452392578, 512.81591796875], "obj_id": 0}, {"cam_R_m2c": [0.6340410113334656, -0.7461942434310913, -0.202943354845047, -0.22247321903705597, 0.07532734423875809, -0.9720243215560913, 0.7406061887741089, 0.6614527106285095, -0.11824759840965271], "cam_t_m2c": [-75.13912963867188, 27.587482452392578, 512.81591796875], "obj_id": 0}, {"cam_R_m2c": [0.6340410113334656, -0.7461942434310913, -0.202943354845047, -0.22247321903705597, 0.07532734423875809, -0.9720243215560913, 0.7406061887741089, 0.6614527106285095, -0.11824759840965271], "cam_t_m2c": [-75.13912963867188, 27.587482452392578, 512.81591796875], "obj_id": 0}, {"cam_R_m2c": [0.6340410113334656, -0.7461942434310913, -0.202943354845047, -0.22247321903705597, 0.07532734423875809, -0.9720243215560913, 0.7406061887741089, 0.6614527106285095, -0.11824759840965271], "cam_t_m2c": [-75.13912963867188, 27.587482452392578, 512.81591796875], "obj_id": 1}, {"cam_R_m2c": [-0.4565185010433197, -0.8001945614814758, 0.38894665241241455, -0.1498917043209076, 0.500082790851593, 0.8529065847396851, -0.8769967555999756, 0.3310678005218506, -0.34823957085609436], "cam_t_m2c": [26.964990615844727, -16.61651039123535, 491.243896484375], "obj_id": 1}, {"cam_R_m2c": [0.12198156863451004, 0.46470358967781067, -0.8770239353179932, -0.9567088484764099, 0.2903054654598236, 0.020757896825671196, 0.26425108313560486, 0.836524486541748, 0.47999799251556396], "cam_t_m2c": [212.66909790039062, -71.14228820800781, 558.9305419921875], "obj_id": 2}, {"cam_R_m2c": [0.2427021563053131, 0.5322733521461487, 0.8110368251800537, 0.9647731781005859, -0.21993277966976166, -0.1443684846162796, 0.10153011232614517, 0.8175051212310791, -0.5669012069702148], "cam_t_m2c": [-4.468347072601318, 1.396179437637329, 546.4777221679688], "obj_id": 3}, {"cam_R_m2c": [0.2871158719062805, -0.9562781453132629, 0.05564426630735397, 0.04564567655324936, -0.044365353882312775, -0.9979718327522278, 0.956807553768158, 0.28907331824302673, 0.030912132933735847], "cam_t_m2c": [-175.9904022216797, -48.421871185302734, 791.5977172851562], "obj_id": 4}],
  "1": [{"cam_R_m2c": [-0.22951065003871918, -0.9613333344459534, 0.1521947979927063, -0.5982179641723633, 0.01598064973950386, -0.8011741638183594, 0.7677631974220276, -0.2749235928058624, -0.5787546634674072], "cam_t_m2c": [-73.71646118164062, 31.07453155517578, 390.4640808105469], "obj_id": 3}, {"cam_R_m2c": [-0.22951065003871918, -0.9613333344459534, 0.1521947979927063, -0.5982179641723633, 0.01598064973950386, -0.8011741638183594, 0.7677631974220276, -0.2749235928058624, -0.5787546634674072], "cam_t_m2c": [-73.71646118164062, 31.07453155517578, 390.4640808105469], "obj_id": 1}, {"cam_R_m2c": [-0.22951065003871918, -0.9613333344459534, 0.1521947979927063, -0.5982179641723633, 0.01598064973950386, -0.8011741638183594, 0.7677631974220276, -0.2749235928058624, -0.5787546634674072], "cam_t_m2c": [-73.71646118164062, 31.07453155517578, 390.4640808105469], "obj_id": 3}, {"cam_R_m2c": [-0.22951065003871918, -0.9613333344459534, 0.1521947979927063, -0.5982179641723633, 0.01598064973950386, -0.8011741638183594, 0.7677631974220276, -0.2749235928058624, -0.5787546634674072], "cam_t_m2c": [-73.71646118164062, 31.07453155517578, 390.4640808105469], "obj_id": 0}, {"cam_R_m2c": [-0.22951065003871918, -0.9613333344459534, 0.1521947979927063, -0.5982179641723633, 0.01598064973950386, -0.8011741638183594, 0.7677631974220276, -0.2749235928058624, -0.5787546634674072], "cam_t_m2c": [-73.71646118164062, 31.07453155517578, 390.4640808105469], "obj_id": 3}, {"cam_R_m2c": [-0.22951065003871918, -0.9613333344459534, 0.1521947979927063, -0.5982179641723633, 0.01598064973950386, -0.8011741638183594, 0.7677631974220276, -0.2749235928058624, -0.5787546634674072], "cam_t_m2c": [-73.71646118164062, 31.07453155517578, 390.4640808105469], "obj_id": 0}, {"cam_R_m2c": [-0.22951065003871918, -0.9613333344459534, 0.1521947979927063, -0.5982179641723633, 0.01598064973950386, -0.8011741638183594, 0.7677631974220276, -0.2749235928058624, -0.5787546634674072], "cam_t_m2c": [-73.71646118164062, 31.07453155517578, 390.4640808105469], "obj_id": 3}, {"cam_R_m2c": [-0.22951065003871918, -0.9613333344459534, 0.1521947979927063, -0.5982179641723633, 0.01598064973950386, -0.8011741638183594, 0.7677631974220276, -0.2749235928058624, -0.5787546634674072], "cam_t_m2c": [-73.71646118164062, 31.07453155517578, 390.4640808105469], "obj_id": 2}, {"cam_R_m2c": [-0.22951065003871918, -0.9613333344459534, 0.1521947979927063, -0.5982179641723633, 0.01598064973950386, -0.8011741638183594, 0.7677631974220276, -0.2749235928058624, -0.5787546634674072], "cam_t_m2c": [-73.71646118164062, 31.07453155517578, 390.4640808105469], "obj_id": 0}, {"cam_R_m2c": [-0.22951065003871918, -0.9613333344459534, 0.1521947979927063, -0.5982179641723633, 0.01598064973950386, -0.8011741638183594, 0.7677631974220276, -0.2749235928058624, -0.5787546634674072], "cam_t_m2c": [-73.71646118164062, 31.07453155517578, 390.4640808105469], "obj_id": 0}, {"cam_R_m2c": [-0.22951065003871918, -0.9613333344459534, 0.1521947979927063, -0.5982179641723633, 0.01598064973950386, -0.8011741638183594, 0.7677631974220276, -0.2749235928058624, -0.5787546634674072], "cam_t_m2c": [-73.71646118164062, 31.07453155517578, 390.4640808105469], "obj_id": 0}, {"cam_R_m2c": [-0.22951065003871918, -0.9613333344459534, 0.1521947979927063, -0.5982179641723633, 0.01598064973950386, -0.8011741638183594, 0.7677631974220276, -0.2749235928058624, -0.5787546634674072], "cam_t_m2c": [-73.71646118164062, 31.07453155517578, 390.4640808105469], "obj_id": 1}, {"cam_R_m2c": [0.5009424686431885, -0.7902637124061584, 0.3529020845890045, 0.26370713114738464, 0.5277335047721863, 0.8074378371238708, -0.8243271112442017, -0.3114170730113983, 0.4727622866630554], "cam_t_m2c": [6.770749568939209, -25.34406280517578, 446.8852233886719], "obj_id": 1}, {"cam_R_m2c": [0.010243440978229046, -0.486942857503891, -0.873373806476593, -0.9906604886054993, -0.12370430678129196, 0.057351261377334595, -0.13596683740615845, 0.8646293878555298, -0.4836622178554535], "cam_t_m2c": [60.691795349121094, -140.446044921875, 607.7720947265625], "obj_id": 2}, {"cam_R_m2c": [-0.11568740010261536, -0.3483436703681946, 0.9302005171775818, 0.7911094427108765, -0.5986031889915466, -0.12577740848064423, 0.6006348133087158, 0.7213395833969116, 0.34482887387275696], "cam_t_m2c": [-58.78647232055664, -20.365530014038086, 453.2691345214844], "obj_id": 3}, {"cam_R_m2c": [-0.6406826376914978, -0.7479270100593567, 0.1735818237066269, -0.3471144437789917, 0.08049183338880539, -0.9343620538711548, 0.6848627924919128, -0.6588824391365051, -0.3111858665943146], "cam_t_m2c": [-345.0772399902344, -109.4234848022461, 407.5333557128906], "obj_id": 4}],
  "2": [{"cam_R_m2c": [-0.22951065003871918, -0.9613333344459534, 0.1521947979927063, -0.5982179641723633, 0.01598064973950386, -0.8011741638183594, 0.7677631974220276, -0.2749235928058624, -0.5787546634674072], "cam_t_m2c": [-73.71646118164062, 31.07453155517578, 390.4640808105469], "obj_id": 3}, {"cam_R_m2c": [-0.22951065003871918, -0.9613333344459534, 0.1521947979927063, -0.5982179641723633, 0.01598064973950386, -0.8011741638183594, 0.7677631974220276, -0.2749235928058624, -0.5787546634674072], "cam_t_m2c": [-73.71646118164062, 31.07453155517578, 390.4640808105469], "obj_id": 1}, {"cam_R_m2c": [-0.22951065003871918, -0.9613333344459534, 0.1521947979927063, -0.5982179641723633, 0.01598064973950386, -0.8011741638183594, 0.7677631974220276, -0.2749235928058624, -0.5787546634674072], "cam_t_m2c": [-73.71646118164062, 31.07453155517578, 390.4640808105469], "obj_id": 3}, {"cam_R_m2c": [-0.22951065003871918, -0.9613333344459534, 0.1521947979927063, -0.5982179641723633, 0.01598064973950386, -0.8011741638183594, 0.7677631974220276, -0.2749235928058624, -0.5787546634674072], "cam_t_m2c": [-73.71646118164062, 31.07453155517578, 390.4640808105469], "obj_id": 0}, {"cam_R_m2c": [-0.22951065003871918, -0.9613333344459534, 0.1521947979927063, -0.5982179641723633, 0.01598064973950386, -0.8011741638183594, 0.7677631974220276, -0.2749235928058624, -0.5787546634674072], "cam_t_m2c": [-73.71646118164062, 31.07453155517578, 390.4640808105469], "obj_id": 3}, {"cam_R_m2c": [-0.22951065003871918, -0.9613333344459534, 0.1521947979927063, -0.5982179641723633, 0.01598064973950386, -0.8011741638183594, 0.7677631974220276, -0.2749235928058624, -0.5787546634674072], "cam_t_m2c": [-73.71646118164062, 31.07453155517578, 390.4640808105469], "obj_id": 0}, {"cam_R_m2c": [-0.22951065003871918, -0.9613333344459534, 0.1521947979927063, -0.5982179641723633, 0.01598064973950386, -0.8011741638183594, 0.7677631974220276, -0.2749235928058624, -0.5787546634674072], "cam_t_m2c": [-73.71646118164062, 31.07453155517578, 390.4640808105469], "obj_id": 3}, {"cam_R_m2c": [-0.22951065003871918, -0.9613333344459534, 0.1521947979927063, -0.5982179641723633, 0.01598064973950386, -0.8011741638183594, 0.7677631974220276, -0.2749235928058624, -0.5787546634674072], "cam_t_m2c": [-73.71646118164062, 31.07453155517578, 390.4640808105469], "obj_id": 2}, {"cam_R_m2c": [-0.22951065003871918, -0.9613333344459534, 0.1521947979927063, -0.5982179641723633, 0.01598064973950386, -0.8011741638183594, 0.7677631974220276, -0.2749235928058624, -0.5787546634674072], "cam_t_m2c": [-73.71646118164062, 31.07453155517578, 390.4640808105469], "obj_id": 0}, {"cam_R_m2c": [-0.22951065003871918, -0.9613333344459534, 0.1521947979927063, -0.5982179641723633, 0.01598064973950386, -0.8011741638183594, 0.7677631974220276, -0.2749235928058624, -0.5787546634674072], "cam_t_m2c": [-73.71646118164062, 31.07453155517578, 390.4640808105469], "obj_id": 0}, {"cam_R_m2c": [-0.22951065003871918, -0.9613333344459534, 0.1521947979927063, -0.5982179641723633, 0.01598064973950386, -0.8011741638183594, 0.7677631974220276, -0.2749235928058624, -0.5787546634674072], "cam_t_m2c": [-73.71646118164062, 31.07453155517578, 390.4640808105469], "obj_id": 0}, {"cam_R_m2c": [-0.22951065003871918, -0.9613333344459534, 0.1521947979927063, -0.5982179641723633, 0.01598064973950386, -0.8011741638183594, 0.7677631974220276, -0.2749235928058624, -0.5787546634674072], "cam_t_m2c": [-73.71646118164062, 31.07453155517578, 390.4640808105469], "obj_id": 1}, {"cam_R_m2c": [0.5009424686431885, -0.7902637124061584, 0.3529020845890045, 0.26370713114738464, 0.5277335047721863, 0.8074378371238708, -0.8243271112442017, -0.3114170730113983, 0.4727622866630554], "cam_t_m2c": [6.770749568939209, -25.34406280517578, 446.8852233886719], "obj_id": 1}, {"cam_R_m2c": [0.010243440978229046, -0.486942857503891, -0.873373806476593, -0.9906604886054993, -0.12370430678129196, 0.057351261377334595, -0.13596683740615845, 0.8646293878555298, -0.4836622178554535], "cam_t_m2c": [60.691795349121094, -140.446044921875, 607.7720947265625], "obj_id": 2}, {"cam_R_m2c": [-0.11568740010261536, -0.3483436703681946, 0.9302005171775818, 0.7911094427108765, -0.5986031889915466, -0.12577740848064423, 0.6006348133087158, 0.7213395833969116, 0.34482887387275696], "cam_t_m2c": [-58.78647232055664, -20.365530014038086, 453.2691345214844], "obj_id": 3}, {"cam_R_m2c": [-0.6406826376914978, -0.7479270100593567, 0.1735818237066269, -0.3471144437789917, 0.08049183338880539, -0.9343620538711548, 0.6848627924919128, -0.6588824391365051, -0.3111858665943146], "cam_t_m2c": [-345.0772399902344, -109.4234848022461, 407.5333557128906], "obj_id": 4}],
  "3": [{"cam_R_m2c": [-0.9646528959274292, 0.15121595561504364, -0.21582138538360596, 0.26141002774238586, 0.4455585181713104, -0.8562374114990234, -0.03331568464636803, -0.8823896050453186, -0.4693387448787689], "cam_t_m2c": [43.33758544921875, 42.81687545776367, 477.4911804199219], "obj_id": 3}, {"cam_R_m2c": [-0.9646528959274292, 0.15121595561504364, -0.21582138538360596, 0.26141002774238586, 0.4455585181713104, -0.8562374114990234, -0.03331568464636803, -0.8823896050453186, -0.4693387448787689], "cam_t_m2c": [43.33758544921875, 42.81687545776367, 477.4911804199219], "obj_id": 1}, {"cam_R_m2c": [-0.9646528959274292, 0.15121595561504364, -0.21582138538360596, 0.26141002774238586, 0.4455585181713104, -0.8562374114990234, -0.03331568464636803, -0.8823896050453186, -0.4693387448787689], "cam_t_m2c": [43.33758544921875, 42.81687545776367, 477.4911804199219], "obj_id": 3}, {"cam_R_m2c": [-0.9646528959274292, 0.15121595561504364, -0.21582138538360596, 0.26141002774238586, 0.4455585181713104, -0.8562374114990234, -0.03331568464636803, -0.8823896050453186, -0.4693387448787689], "cam_t_m2c": [43.33758544921875, 42.81687545776367, 477.4911804199219], "obj_id": 0}, {"cam_R_m2c": [-0.9646528959274292, 0.15121595561504364, -0.21582138538360596, 0.26141002774238586, 0.4455585181713104, -0.8562374114990234, -0.03331568464636803, -0.8823896050453186, -0.4693387448787689], "cam_t_m2c": [43.33758544921875, 42.81687545776367, 477.4911804199219], "obj_id": 3}, {"cam_R_m2c": [-0.9646528959274292, 0.15121595561504364, -0.21582138538360596, 0.26141002774238586, 0.4455585181713104, -0.8562374114990234, -0.03331568464636803, -0.8823896050453186, -0.4693387448787689], "cam_t_m2c": [43.33758544921875, 42.81687545776367, 477.4911804199219], "obj_id": 0}, {"cam_R_m2c": [-0.9646528959274292, 0.15121595561504364, -0.21582138538360596, 0.26141002774238586, 0.4455585181713104, -0.8562374114990234, -0.03331568464636803, -0.8823896050453186, -0.4693387448787689], "cam_t_m2c": [43.33758544921875, 42.81687545776367, 477.4911804199219], "obj_id": 3}, {"cam_R_m2c": [-0.9646528959274292, 0.15121595561504364, -0.21582138538360596, 0.26141002774238586, 0.4455585181713104, -0.8562374114990234, -0.03331568464636803, -0.8823896050453186, -0.4693387448787689], "cam_t_m2c": [43.33758544921875, 42.81687545776367, 477.4911804199219], "obj_id": 2}, {"cam_R_m2c": [-0.9646528959274292, 0.15121595561504364, -0.21582138538360596, 0.26141002774238586, 0.4455585181713104, -0.8562374114990234, -0.03331568464636803, -0.8823896050453186, -0.4693387448787689], "cam_t_m2c": [43.33758544921875, 42.81687545776367, 477.4911804199219], "obj_id": 0}, {"cam_R_m2c": [-0.9646528959274292, 0.15121595561504364, -0.21582138538360596, 0.26141002774238586, 0.4455585181713104, -0.8562374114990234, -0.03331568464636803, -0.8823896050453186, -0.4693387448787689], "cam_t_m2c": [43.33758544921875, 42.81687545776367, 477.4911804199219], "obj_id": 0}, {"cam_R_m2c": [-0.9646528959274292, 0.15121595561504364, -0.21582138538360596, 0.26141002774238586, 0.4455585181713104, -0.8562374114990234, -0.03331568464636803, -0.8823896050453186, -0.4693387448787689], "cam_t_m2c": [43.33758544921875, 42.81687545776367, 477.4911804199219], "obj_id": 0}, {"cam_R_m2c": [-0.9646528959274292, 0.15121595561504364, -0.21582138538360596, 0.26141002774238586, 0.4455585181713104, -0.8562374114990234, -0.03331568464636803, -0.8823896050453186, -0.4693387448787689], "cam_t_m2c": [43.33758544921875, 42.81687545776367, 477.4911804199219], "obj_id": 1}, {"cam_R_m2c": [0.7618670463562012, 0.5676323771476746, 0.31201300024986267, -0.6413267254829407, 0.5934653282165527, 0.4863116145133972, 0.09087731689214706, -0.57060706615448, 0.8161794543266296], "cam_t_m2c": [-32.721187591552734, -4.8856306076049805, 546.6585693359375], "obj_id": 1}, {"cam_R_m2c": [-0.6555603742599487, -0.6824148297309875, 0.3233429491519928, -0.616071879863739, 0.7309340238571167, 0.2935827970504761, -0.4366876184940338, -0.006741248536854982, -0.8995879888534546], "cam_t_m2c": [-222.74484252929688, -7.712625026702881, 623.6233520507812], "obj_id": 2}, {"cam_R_m2c": [0.19544339179992676, -0.9395605325698853, -0.2811189591884613, 0.8408044576644897, 0.30808213353157043, -0.4451216757297516, 0.5048264861106873, -0.1493699848651886, 0.850199282169342], "cam_t_m2c": [-36.002342224121094, 42.00575256347656, 500.2503967285156], "obj_id": 3}, {"cam_R_m2c": [-0.7389882802963257, 0.46134158968925476, -0.49097877740859985, 0.602989673614502, 0.12786245346069336, -0.7874354124069214, -0.30049899220466614, -0.877960741519928, -0.37267300486564636], "cam_t_m2c": [-85.31053924560547, 145.0752410888672, 219.30406188964844], "obj_id": 4}],
  "4": [{"cam_R_m2c": [-0.9646528959274292, 0.15121595561504364, -0.21582138538360596, 0.26141002774238586, 0.4455585181713104, -0.8562374114990234, -0.03331568464636803, -0.8823896050453186, -0.4693387448787689], "cam_t_m2c": [43.33758544921875, 42.81687545776367, 477.4911804199219], "obj_id": 3}, {"cam_R_m2c": [-0.9646528959274292, 0.15121595561504364, -0.21582138538360596, 0.26141002774238586, 0.4455585181713104, -0.8562374114990234, -0.03331568464636803, -0.8823896050453186, -0.4693387448787689], "cam_t_m2c": [43.33758544921875, 42.81687545776367, 477.4911804199219], "obj_id": 1}, {"cam_R_m2c": [-0.9646528959274292, 0.15121595561504364, -0.21582138538360596, 0.26141002774238586, 0.4455585181713104, -0.8562374114990234, -0.03331568464636803, -0.8823896050453186, -0.4693387448787689], "cam_t_m2c": [43.33758544921875, 42.81687545776367, 477.4911804199219], "obj_id": 3}, {"cam_R_m2c": [-0.9646528959274292, 0.15121595561504364, -0.21582138538360596, 0.26141002774238586, 0.4455585181713104, -0.8562374114990234, -0.03331568464636803, -0.8823896050453186, -0.4693387448787689], "cam_t_m2c": [43.33758544921875, 42.81687545776367, 477.4911804199219], "obj_id": 0}, {"cam_R_m2c": [-0.9646528959274292, 0.15121595561504364, -0.21582138538360596, 0.26141002774238586, 0.4455585181713104, -0.8562374114990234, -0.03331568464636803, -0.8823896050453186, -0.4693387448787689], "cam_t_m2c": [43.33758544921875, 42.81687545776367, 477.4911804199219], "obj_id": 3}, {"cam_R_m2c": [-0.9646528959274292, 0.15121595561504364, -0.21582138538360596, 0.26141002774238586, 0.4455585181713104, -0.8562374114990234, -0.03331568464636803, -0.8823896050453186, -0.4693387448787689], "cam_t_m2c": [43.33758544921875, 42.81687545776367, 477.4911804199219], "obj_id": 0}, {"cam_R_m2c": [-0.9646528959274292, 0.15121595561504364, -0.21582138538360596, 0.26141002774238586, 0.4455585181713104, -0.8562374114990234, -0.03331568464636803, -0.8823896050453186, -0.4693387448787689], "cam_t_m2c": [43.33758544921875, 42.81687545776367, 477.4911804199219], "obj_id": 3}, {"cam_R_m2c": [-0.9646528959274292, 0.15121595561504364, -0.21582138538360596, 0.26141002774238586, 0.4455585181713104, -0.8562374114990234, -0.03331568464636803, -0.8823896050453186, -0.4693387448787689], "cam_t_m2c": [43.33758544921875, 42.81687545776367, 477.4911804199219], "obj_id": 2}, {"cam_R_m2c": [-0.9646528959274292, 0.15121595561504364, -0.21582138538360596, 0.26141002774238586, 0.4455585181713104, -0.8562374114990234, -0.03331568464636803, -0.8823896050453186, -0.4693387448787689], "cam_t_m2c": [43.33758544921875, 42.81687545776367, 477.4911804199219], "obj_id": 0}, {"cam_R_m2c": [-0.9646528959274292, 0.15121595561504364, -0.21582138538360596, 0.26141002774238586, 0.4455585181713104, -0.8562374114990234, -0.03331568464636803, -0.8823896050453186, -0.4693387448787689], "cam_t_m2c": [43.33758544921875, 42.81687545776367, 477.4911804199219], "obj_id": 0}, {"cam_R_m2c": [-0.9646528959274292, 0.15121595561504364, -0.21582138538360596, 0.26141002774238586, 0.4455585181713104, -0.8562374114990234, -0.03331568464636803, -0.8823896050453186, -0.4693387448787689], "cam_t_m2c": [43.33758544921875, 42.81687545776367, 477.4911804199219], "obj_id": 0}, {"cam_R_m2c": [-0.9646528959274292, 0.15121595561504364, -0.21582138538360596, 0.26141002774238586, 0.4455585181713104, -0.8562374114990234, -0.03331568464636803, -0.8823896050453186, -0.4693387448787689], "cam_t_m2c": [43.33758544921875, 42.81687545776367, 477.4911804199219], "obj_id": 1}, {"cam_R_m2c": [0.7618670463562012, 0.5676323771476746, 0.31201300024986267, -0.6413267254829407, 0.5934653282165527, 0.4863116145133972, 0.09087731689214706, -0.57060706615448, 0.8161794543266296], "cam_t_m2c": [-32.721187591552734, -4.8856306076049805, 546.6585693359375], "obj_id": 1}, {"cam_R_m2c": [-0.6555603742599487, -0.6824148297309875, 0.3233429491519928, -0.616071879863739, 0.7309340238571167, 0.2935827970504761, -0.4366876184940338, -0.006741248536854982, -0.8995879888534546], "cam_t_m2c": [-222.74484252929688, -7.712625026702881, 623.6233520507812], "obj_id": 2}, {"cam_R_m2c": [0.19544339179992676, -0.9395605325698853, -0.2811189591884613, 0.8408044576644897, 0.30808213353157043, -0.4451216757297516, 0.5048264861106873, -0.1493699848651886, 0.850199282169342], "cam_t_m2c": [-36.002342224121094, 42.00575256347656, 500.2503967285156], "obj_id": 3}, {"cam_R_m2c": [-0.7389882802963257, 0.46134158968925476, -0.49097877740859985, 0.602989673614502, 0.12786245346069336, -0.7874354124069214, -0.30049899220466614, -0.877960741519928, -0.37267300486564636], "cam_t_m2c": [-85.31053924560547, 145.0752410888672, 219.30406188964844], "obj_id": 4}],
  "5": [{"cam_R_m2c": [0.533842921257019, 0.8052302002906799, -0.258100688457489, 0.16744138300418854, -0.3998556435108185, -0.901154100894928, -0.8288396000862122, 0.4378580152988434, -0.34828895330429077], "cam_t_m2c": [57.92943572998047, -24.99785041809082, 662.8439331054688], "obj_id": 3}, {"cam_R_m2c": [0.533842921257019, 0.8052302002906799, -0.258100688457489, 0.16744138300418854, -0.3998556435108185, -0.901154100894928, -0.8288396000862122, 0.4378580152988434, -0.34828895330429077], "cam_t_m2c": [57.92943572998047, -24.99785041809082, 662.8439331054688], "obj_id": 1}, {"cam_R_m2c": [0.533842921257019, 0.8052302002906799, -0.258100688457489, 0.16744138300418854, -0.3998556435108185, -0.901154100894928, -0.8288396000862122, 0.4378580152988434, -0.34828895330429077], "cam_t_m2c": [57.92943572998047, -24.99785041809082, 662.8439331054688], "obj_id": 3}, {"cam_R_m2c": [0.533842921257019, 0.8052302002906799, -0.258100688457489, 0.16744138300418854, -0.3998556435108185, -0.901154100894928, -0.8288396000862122, 0.4378580152988434, -0.34828895330429077], "cam_t_m2c": [57.92943572998047, -24.99785041809082, 662.8439331054688], "obj_id": 0}, {"cam_R_m2c": [0.533842921257019, 0.8052302002906799, -0.258100688457489, 0.16744138300418854, -0.3998556435108185, -0.901154100894928, -0.8288396000862122, 0.4378580152988434, -0.34828895330429077], "cam_t_m2c": [57.92943572998047, -24.99785041809082, 662.8439331054688], "obj_id": 3}, {"cam_R_m2c": [0.533842921257019, 0.8052302002906799, -0.258100688457489, 0.16744138300418854, -0.3998556435108185, -0.901154100894928, -0.8288396000862122, 0.4378580152988434, -0.34828895330429077], "cam_t_m2c": [57.92943572998047, -24.99785041809082, 662.8439331054688], "obj_id": 0}, {"cam_R_m2c": [0.533842921257019, 0.8052302002906799, -0.258100688457489, 0.16744138300418854, -0.3998556435108185, -0.901154100894928, -0.8288396000862122, 0.4378580152988434, -0.34828895330429077], "cam_t_m2c": [57.92943572998047, -24.99785041809082, 662.8439331054688], "obj_id": 3}, {"cam_R_m2c": [0.533842921257019, 0.8052302002906799, -0.258100688457489, 0.16744138300418854, -0.3998556435108185, -0.901154100894928, -0.8288396000862122, 0.4378580152988434, -0.34828895330429077], "cam_t_m2c": [57.92943572998047, -24.99785041809082, 662.8439331054688], "obj_id": 2}, {"cam_R_m2c": [0.533842921257019, 0.8052302002906799, -0.258100688457489, 0.16744138300418854, -0.3998556435108185, -0.901154100894928, -0.8288396000862122, 0.4378580152988434, -0.34828895330429077], "cam_t_m2c": [57.92943572998047, -24.99785041809082, 662.8439331054688], "obj_id": 0}, {"cam_R_m2c": [0.533842921257019, 0.8052302002906799, -0.258100688457489, 0.16744138300418854, -0.3998556435108185, -0.901154100894928, -0.8288396000862122, 0.4378580152988434, -0.34828895330429077], "cam_t_m2c": [57.92943572998047, -24.99785041809082, 662.8439331054688], "obj_id": 0}, {"cam_R_m2c": [0.533842921257019, 0.8052302002906799, -0.258100688457489, 0.16744138300418854, -0.3998556435108185, -0.901154100894928, -0.8288396000862122, 0.4378580152988434, -0.34828895330429077], "cam_t_m2c": [57.92943572998047, -24.99785041809082, 662.8439331054688], "obj_id": 0}, {"cam_R_m2c": [0.533842921257019, 0.8052302002906799, -0.258100688457489, 0.16744138300418854, -0.3998556435108185, -0.901154100894928, -0.8288396000862122, 0.4378580152988434, -0.34828895330429077], "cam_t_m2c": [57.92943572998047, -24.99785041809082, 662.8439331054688], "obj_id": 1}, {"cam_R_m2c": [-0.7736348509788513, 0.5817735195159912, -0.2510545551776886, -0.3596193492412567, -0.07692460715770721, 0.9299227595329285, 0.5216922163963318, 0.8097048997879028, 0.26872873306274414], "cam_t_m2c": [7.289361000061035, -0.03050733357667923, 564.5748901367188], "obj_id": 1}, {"cam_R_m2c": [0.0432455912232399, 0.7601909637451172, 0.6482588648796082, -0.7108774781227112, 0.4793345332145691, -0.5146762728691101, -0.7019851207733154, -0.4385751485824585, 0.5611317157745361], "cam_t_m2c": [22.658771514892578, 62.671566009521484, 369.9656066894531], "obj_id": 2}, {"cam_R_m2c": [0.23232950270175934, 0.6294119358062744, -0.7415279150009155, 0.9192132353782654, 0.10710689425468445, 0.3789133131504059, 0.3179153501987457, -0.7696549892425537, -0.5536797046661377], "cam_t_m2c": [70.30481719970703, -5.803884506225586, 583.5224609375], "obj_id": 3}, {"cam_R_m2c": [0.8656136989593506, 0.46934548020362854, -0.17443552613258362, 0.17311137914657593, -0.6074128746986389, -0.7752947211265564, -0.469835489988327, 0.64090895652771, -0.6070339679718018], "cam_t_m2c": [331.6707763671875, -155.1545867919922, 620.504638671875], "obj_id": 4}],
  "6": [{"cam_R_m2c": [0.533842921257019, 0.8052302002906799, -0.258100688457489, 0.16744138300418854, -0.3998556435108185, -0.901154100894928, -0.8288396000862122, 0.4378580152988434, -0.34828895330429077], "cam_t_m2c": [57.92943572998047, -24.99785041809082, 662.8439331054688], "obj_id": 3}, {"cam_R_m2c": [0.533842921257019, 0.8052302002906799, -0.258100688457489, 0.16744138300418854, -0.3998556435108185, -0.901154100894928, -0.8288396000862122, 0.4378580152988434, -0.34828895330429077], "cam_t_m2c": [57.92943572998047, -24.99785041809082, 662.8439331054688], "obj_id": 1}, {"cam_R_m2c": [0.533842921257019, 0.8052302002906799, -0.258100688457489, 0.16744138300418854, -0.3998556435108185, -0.901154100894928, -0.8288396000862122, 0.4378580152988434, -0.34828895330429077], "cam_t_m2c": [57.92943572998047, -24.99785041809082, 662.8439331054688], "obj_id": 3}, {"cam_R_m2c": [0.533842921257019, 0.8052302002906799, -0.258100688457489, 0.16744138300418854, -0.3998556435108185, -0.901154100894928, -0.8288396000862122, 0.4378580152988434, -0.34828895330429077], "cam_t_m2c": [57.92943572998047, -24.99785041809082, 662.8439331054688], "obj_id": 0}, {"cam_R_m2c": [0.533842921257019, 0.8052302002906799, -0.258100688457489, 0.16744138300418854, -0.3998556435108185, -0.901154100894928, -0.8288396000862122, 0.4378580152988434, -0.34828895330429077], "cam_t_m2c": [57.92943572998047, -24.99785041809082, 662.8439331054688], "obj_id": 3}, {"cam_R_m2c": [0.533842921257019, 0.8052302002906799, -0.258100688457489, 0.16744138300418854, -0.3998556435108185, -0.901154100894928, -0.8288396000862122, 0.4378580152988434, -0.34828895330429077], "cam_t_m2c": [57.92943572998047, -24.99785041809082, 662.8439331054688], "obj_id": 0}, {"cam_R_m2c": [0.533842921257019, 0.8052302002906799, -0.258100688457489, 0.16744138300418854, -0.3998556435108185, -0.901154100894928, -0.8288396000862122, 0.4378580152988434, -0.34828895330429077], "cam_t_m2c": [57.92943572998047, -24.99785041809082, 662.8439331054688], "obj_id": 3}, {"cam_R_m2c": [0.533842921257019, 0.8052302002906799, -0.258100688457489, 0.16744138300418854, -0.3998556435108185, -0.901154100894928, -0.8288396000862122, 0.4378580152988434, -0.34828895330429077], "cam_t_m2c": [57.92943572998047, -24.99785041809082, 662.8439331054688], "obj_id": 2}, {"cam_R_m2c": [0.533842921257019, 0.8052302002906799, -0.258100688457489, 0.16744138300418854, -0.3998556435108185, -0.901154100894928, -0.8288396000862122, 0.4378580152988434, -0.34828895330429077], "cam_t_m2c": [57.92943572998047, -24.99785041809082, 662.8439331054688], "obj_id": 0}, {"cam_R_m2c": [0.533842921257019, 0.8052302002906799, -0.258100688457489, 0.16744138300418854, -0.3998556435108185, -0.901154100894928, -0.8288396000862122, 0.4378580152988434, -0.34828895330429077], "cam_t_m2c": [57.92943572998047, -24.99785041809082, 662.8439331054688], "obj_id": 0}, {"cam_R_m2c": [0.533842921257019, 0.8052302002906799, -0.258100688457489, 0.16744138300418854, -0.3998556435108185, -0.901154100894928, -0.8288396000862122, 0.4378580152988434, -0.34828895330429077], "cam_t_m2c": [57.92943572998047, -24.99785041809082, 662.8439331054688], "obj_id": 0}, {"cam_R_m2c": [0.533842921257019, 0.8052302002906799, -0.258100688457489, 0.16744138300418854, -0.3998556435108185, -0.901154100894928, -0.8288396000862122, 0.4378580152988434, -0.34828895330429077], "cam_t_m2c": [57.92943572998047, -24.99785041809082, 662.8439331054688], "obj_id": 1}, {"cam_R_m2c": [-0.7736348509788513, 0.5817735195159912, -0.2510545551776886, -0.3596193492412567, -0.07692460715770721, 0.9299227595329285, 0.5216922163963318, 0.8097048997879028, 0.26872873306274414], "cam_t_m2c": [7.289361000061035, -0.03050733357667923, 564.5748901367188], "obj_id": 1}, {"cam_R_m2c": [0.0432455912232399, 0.7601909637451172, 0.6482588648796082, -0.7108774781227112, 0.4793345332145691, -0.5146762728691101, -0.7019851207733154, -0.4385751485824585, 0.5611317157745361], "cam_t_m2c": [22.658771514892578, 62.671566009521484, 369.9656066894531], "obj_id": 2}, {"cam_R_m2c": [0.23232950270175934, 0.6294119358062744, -0.7415279150009155, 0.9192132353782654, 0.10710689425468445, 0.3789133131504059, 0.3179153501987457, -0.7696549892425537, -0.5536797046661377], "cam_t_m2c": [70.30481719970703, -5.803884506225586, 583.5224609375], "obj_id": 3}, {"cam_R_m2c": [0.8656136989593506, 0.46934548020362854, -0.17443552613258362, 0.17311137914657593, -0.6074128746986389, -0.7752947211265564, -0.469835489988327, 0.64090895652771, -0.6070339679718018], "cam_t_m2c": [331.6707763671875, -155.1545867919922, 620.504638671875], "obj_id": 4}],
  "7": [{"cam_R_m2c": [-0.8959199786186218, 0.4075377881526947, -0.1767486035823822, 0.2853642702102661, 0.22308944165706635, -0.9320934414863586, -0.34043261408805847, -0.8855190277099609, -0.3161669075489044], "cam_t_m2c": [62.73274230957031, 24.993274688720703, 470.0004577636719], "obj_id": 3}, {"cam_R_m2c": [-0.8959199786186218, 0.4075377881526947, -0.1767486035823822, 0.2853642702102661, 0.22308944165706635, -0.9320934414863586, -0.34043261408805847, -0.8855190277099609, -0.3161669075489044], "cam_t_m2c": [62.73274230957031, 24.993274688720703, 470.0004577636719], "obj_id": 1}, {"cam_R_m2c": [-0.8959199786186218, 0.4075377881526947, -0.1767486035823822, 0.2853642702102661, 0.22308944165706635, -0.9320934414863586, -0.34043261408805847, -0.8855190277099609, -0.3161669075489044], "cam_t_m2c": [62.73274230957031, 24.993274688720703, 470.0004577636719], "obj_id": 3}, {"cam_R_m2c": [-0.8959199786186218, 0.4075377881526947, -0.1767486035823822, 0.2853642702102661, 0.22308944165706635, -0.9320934414863586, -0.34043261408805847, -0.8855190277099609, -0.3161669075489044], "cam_t_m2c": [62.73274230957031, 24.993274688720703, 470.0004577636719], "obj_id": 0}, {"cam_R_m2c": [-0.8959199786186218, 0.4075377881526947, -0.1767486035823822, 0.2853642702102661, 0.22308944165706635, -0.9320934414863586, -0.34043261408805847, -0.8855190277099609, -0.3161669075489044], "cam_t_m2c": [62.73274230957031, 24.993274688720703, 470.0004577636719], "obj_id": 3}, {"cam_R_m2c": [-0.8959199786186218, 0.4075377881526947, -0.1767486035823822, 0.2853642702102661, 0.22308944165706635, -0.9320934414863586, -0.34043261408805847, -0.8855190277099609, -0.3161669075489044], "cam_t_m2c": [62.73274230957031, 24.993274688720703, 470.0004577636719], "obj_id": 0}, {"cam_R_m2c": [-0.8959199786186218, 0.4075377881526947, -0.1767486035823822, 0.2853642702102661, 0.22308944165706635, -0.9320934414863586, -0.34043261408805847, -0.8855190277099609, -0.3161669075489044], "cam_t_m2c": [62.73274230957031, 24.993274688720703, 470.0004577636719], "obj_id": 3}, {"cam_R_m2c": [-0.8959199786186218, 0.4075377881526947, -0.1767486035823822, 0.2853642702102661, 0.22308944165706635, -0.9320934414863586, -0.34043261408805847, -0.8855190277099609, -0.3161669075489044], "cam_t_m2c": [62.73274230957031, 24.993274688720703, 470.0004577636719], "obj_id": 2}, {"cam_R_m2c": [-0.8959199786186218, 0.4075377881526947, -0.1767486035823822, 0.2853642702102661, 0.22308944165706635, -0.9320934414863586, -0.34043261408805847, -0.8855190277099609, -0.3161669075489044], "cam_t_m2c": [62.73274230957031, 24.993274688720703, 470.0004577636719], "obj_id": 0}, {"cam_R_m2c": [-0.8959199786186218, 0.4075377881526947, -0.1767486035823822, 0.2853642702102661, 0.22308944165706635, -0.9320934414863586, -0.34043261408805847, -0.8855190277099609, -0.3161669075489044], "cam_t_m2c": [62.73274230957031, 24.993274688720703, 470.0004577636719], "obj_id": 0}, {"cam_R_m2c": [-0.8959199786186218, 0.4075377881526947, -0.1767486035823822, 0.2853642702102661, 0.22308944165706635, -0.9320934414863586, -0.34043261408805847, -0.8855190277099609, -0.3161669075489044], "cam_t_m2c": [62.73274230957031, 24.993274688720703, 470.0004577636719], "obj_id": 0}, {"cam_R_m2c": [-0.8959199786186218, 0.4075377881526947, -0.1767486035823822, 0.2853642702102661, 0.22308944165706635, -0.9320934414863586, -0.34043261408805847, -0.8855190277099609, -0.3161669075489044], "cam_t_m2c": [62.73274230957031, 24.993274688720703, 470.0004577636719], "obj_id": 1}, {"cam_R_m2c": [0.6487186551094055, 0.7466252446174622, 0.14735960960388184, -0.6331865191459656, 0.4221099615097046, 0.6487664580345154, 0.42218348383903503, -0.5141730308532715, 0.7465837001800537], "cam_t_m2c": [-32.369632720947266, -2.3216400146484375, 525.263671875], "obj_id": 1}, {"cam_R_m2c": [-0.5850170850753784, -0.5840440392494202, 0.5627142786979675, -0.6733298301696777, 0.7365294694900513, 0.06443079560995102, -0.45208603143692017, -0.34119918942451477, -0.8241365551948547], "cam_t_m2c": [-234.83128356933594, 20.390077590942383, 548.3722534179688], "obj_id": 2}, {"cam_R_m2c": [0.14682181179523468, -0.8384805917739868, -0.5247794985771179, 0.9261156320571899, 0.302899569272995, -0.2248590737581253, 0.347495436668396, -0.45299234986305237, 0.8210023045539856], "cam_t_m2c": [-19.449989318847656, 32.66814422607422, 470.7468566894531], "obj_id": 3}, {"cam_R_m2c": [-0.5787122249603271, 0.6740509867668152, -0.4590722620487213, 0.5465502738952637, -0.09723792225122452, -0.8317616581916809, -0.6052890419960022, -0.7322567701339722, -0.3121299147605896], "cam_t_m2c": [12.52923583984375, 69.92274475097656, 171.45626831054688], "obj_id": 4}],
