{
  "0": [{"cam_R_m2c": [-0.9918569922447205, 0.10376483201980591, 0.07384028285741806, 0.11999976634979248, 0.567253828048706, 0.8147534132003784, 0.042656563222408295, 0.8169797658920288, -0.5750864148139954], "cam_t_m2c": [114.70474243164062, 4318.3720703125, 5562.669921875], "obj_id": 2}, {"cam_R_m2c": [-0.7899710536003113, -0.3908015191555023, 0.47246143221855164, 0.47849830985069275, -0.8747491240501404, 0.07650682330131531, 0.3833862543106079, 0.286510169506073, 0.8780243992805481], "cam_t_m2c": [111.97930908203125, 4361.63818359375, 5520.0068359375], "obj_id": 3}, {"cam_R_m2c": [0.23637421429157257, -0.9581431746482849, -0.1615206003189087, -0.16495952010154724, 0.12424708157777786, -0.9784432053565979, 0.9575571417808533, 0.2579231262207031, -0.1286860555410385], "cam_t_m2c": [141.58900451660156, 4364.45068359375, 5517.2333984375], "obj_id": 2}, {"cam_R_m2c": [-0.9191214442253113, -0.33045685291290283, -0.21450859308242798, 0.3930700123310089, -0.8060362339019775, -0.44249454140663147, -0.026676347479224205, -0.49102315306663513, 0.8707379698753357], "cam_t_m2c": [67.73201751708984, 4341.5537109375, 5539.810546875], "obj_id": 2}, {"cam_R_m2c": [-0.8881129622459412, 0.043345220386981964, -0.45757654309272766, -0.11401331424713135, -0.9852036237716675, 0.12796293199062347, -0.44525954127311707, 0.16581538319587708, 0.8799142837524414], "cam_t_m2c": [166.99221801757812, 4293.71142578125, 5586.9873046875], "obj_id": 2}, {"cam_R_m2c": [0.6707610487937927, -0.5656437873840332, 0.4797152280807495, -0.5473730564117432, 0.05889957770705223, 0.8348135352134705, -0.5004621148109436, -0.8225436210632324, -0.2701106369495392], "cam_t_m2c": [162.1637420654297, 4299.2939453125, 5581.48291015625], "obj_id": 2}, {"cam_R_m2c": [0.3024470806121826, -0.932433009147644, 0.19772271811962128, 0.7439115047454834, 0.10122410953044891, -0.6605673432350159, 0.5959205627441406, 0.34687483310699463, 0.7242627143859863], "cam_t_m2c": [139.87107849121094, 178.67201232910156, 1358.778076171875], "obj_id": 0}, {"cam_R_m2c": [-0.458108514547348, -0.7017562985420227, 0.545595645904541, 0.8206111192703247, -0.5698009729385376, -0.04386482387781143, 0.3416633605957031, 0.4276270270347595, 0.8368998169898987], "cam_t_m2c": [68.27869415283203, 195.1637420654297, 1342.5159912109375], "obj_id": 1}, {"cam_R_m2c": [0.79944908618927, -0.08776077628135681, -0.5942887663841248, 0.20880785584449768, 0.9681828618049622, 0.1379173994064331, 0.563276469707489, -0.23435011506080627, 0.7923380732536316], "cam_t_m2c": [124.65142059326172, 212.2977294921875, 1325.6204833984375], "obj_id": 3}, {"cam_R_m2c": [-0.25130414962768555, -0.7307780385017395, 0.6346728205680847, 0.9631547331809998, -0.2537100911140442, 0.08924131095409393, 0.09580732882022858, 0.6337149143218994, 0.7676108479499817], "cam_t_m2c": [105.09727478027344, 157.12962341308594, 1380.0205078125], "obj_id": 3}, {"cam_R_m2c": [0.3351341485977173, 0.16121535003185272, 0.9282751083374023, 0.08642808347940445, 0.975837230682373, -0.20067857205867767, -0.9381978511810303, 0.14748327434062958, 0.3131028413772583], "cam_t_m2c": [163.63665771484375, 224.8309326171875, 1313.2618408203125], "obj_id": 0}, {"cam_R_m2c": [-0.21492475271224976, 0.967197835445404, 0.13540935516357422, -0.6467357873916626, -0.03705849125981331, -0.761813223361969, -0.7318060398101807, -0.2513066232204437, 0.633486270904541], "cam_t_m2c": [66.3731689453125, 151.6484375, 1385.42529296875], "obj_id": 3}],
  "1": [{"cam_R_m2c": [0.992559015750885, -0.119752898812294, 0.022041764110326767, 0.11532296240329742, 0.8664237260818481, -0.4858091175556183, 0.03907954692840576, 0.4847361445426941, 0.873786985874176], "cam_t_m2c": [-89.27265167236328, 5039.14404296875, 4645.75634765625], "obj_id": 2}, {"cam_R_m2c": [0.7931833863258362, 0.30894702672958374, -0.5247969627380371, 0.4804523289203644, 0.21205686032772064, 0.8509979248046875, 0.37420007586479187, -0.9271373748779297, 0.01976565644145012], "cam_t_m2c": [-80.6604232788086, 5001.71826171875, 4692.92236328125], "obj_id": 3}, {"cam_R_m2c": [-0.3119411766529083, 0.9446226358413696, 0.1018853709101677, 0.9177125096321106, 0.32733088731765747, -0.2250736802816391, -0.24595992267131805, 0.02329171448945999, -0.9689999222755432], "cam_t_m2c": [-109.74671173095703, 4997.4873046875, 4698.25390625], "obj_id": 2}, {"cam_R_m2c": [0.9437724351882935, 0.30664438009262085, 0.12354283034801483, 0.07204731553792953, -0.5554918050765991, 0.8283946514129639, 0.32264965772628784, -0.7729151248931885, -0.5463507771492004], "cam_t_m2c": [-39.360836029052734, 5021.837890625, 4667.56591796875], "obj_id": 2}, {"cam_R_m2c": [0.9063891172409058, -0.12255674600601196, 0.40427544713020325, -0.40065115690231323, 0.05401203781366348, 0.9146372675895691, -0.13393071293830872, -0.9909906983375549, -0.00014658013242296875], "cam_t_m2c": [-144.67581176757812, 5057.41455078125, 4622.7314453125], "obj_id": 2}, {"cam_R_m2c": [-0.6713168621063232, 0.6231181621551514, -0.40131959319114685, -0.5969570279121399, -0.7755008935928345, -0.20552530884742737, -0.43929025530815125, 0.10159794986248016, 0.8925816416740417], "cam_t_m2c": [-139.1089324951172, 5052.85595703125, 4628.4765625], "obj_id": 2}, {"cam_R_m2c": [-0.2902129888534546, 0.9113783836364746, -0.2918317914009094, 0.6544538140296936, 0.41151154041290283, 0.6343094110488892, 0.6981880068778992, -0.006905585527420044, -0.7158810496330261], "cam_t_m2c": [-113.92920684814453, 413.40130615234375, 983.4682006835938], "obj_id": 0}, {"cam_R_m2c": [0.4893851578235626, 0.6298950910568237, -0.6031038761138916, 0.4564918875694275, 0.40422651171684265, 0.7926007509231567, 0.7430459260940552, -0.6631990671157837, -0.08971953392028809], "cam_t_m2c": [-40.42628860473633, 403.39349365234375, 996.0803833007812], "obj_id": 1}, {"cam_R_m2c": [-0.8196357488632202, 0.1702578067779541, 0.5470002889633179, 0.5334736108779907, -0.12119229882955551, 0.8370891809463501, 0.20881322026252747, 0.9779185056686401, 0.008505593985319138], "cam_t_m2c": [-94.19630432128906, 385.1047668457031, 1019.1285400390625], "obj_id": 3}, {"cam_R_m2c": [0.31017324328422546, 0.6665830612182617, -0.6778343915939331, 0.21569371223449707, 0.6450626254081726, 0.7330554723739624, 0.9258880615234375, -0.373578816652298, 0.05630340427160263], "cam_t_m2c": [-82.2571792602539, 434.2166442871094, 957.23583984375], "obj_id": 3}, {"cam_R_m2c": [-0.26361626386642456, -0.10304322093725204, -0.9591081142425537, -0.9415966272354126, 0.24345655739307404, 0.23264706134796143, 0.20952841639518738, 0.9644225835800171, -0.16120420396327972], "cam_t_m2c": [-131.28834533691406, 371.8627014160156, 1035.8167724609375], "obj_id": 0}, {"cam_R_m2c": [0.2190861701965332, -0.9480578899383545, -0.23062393069267273, -0.7839134931564331, -0.31176459789276123, 0.5369192361831665, -0.5809309482574463, 0.06315766274929047, -0.8114986419677734], "cam_t_m2c": [-44.46343994140625, 441.3159484863281, 948.2890014648438], "obj_id": 3}]
}