{
  "0": [{"cam_R_m2c": [-0.2653350234031677, -0.7150401473045349, -0.6467726230621338, -0.1443418711423874, -0.6337979435920715, 0.7599114775657654, -0.9532904028892517, 0.2949875295162201, 0.06495865434408188], "cam_t_m2c": [46.29890441894531, 56.80839920043945, 270.199462890625], "obj_id": 0}, {"cam_R_m2c": [0.925187885761261, -0.20346136391162872, 0.3203604519367218, -0.36504122614860535, -0.24624007940292358, 0.8978366851806641, -0.10378947854042053, -0.9476124048233032, -0.3020901083946228], "cam_t_m2c": [268.1461181640625, 59.27671432495117, 167.49508666992188], "obj_id": 1}, {"cam_R_m2c": [0.1494438797235489, -0.8205333352088928, 0.5517168641090393, -0.92465740442276, -0.3136281967163086, -0.21597683429718018, 0.3502501845359802, -0.47787266969680786, -0.8055820465087891], "cam_t_m2c": [54.394107818603516, -168.07830810546875, 299.1268615722656], "obj_id": 2}, {"cam_R_m2c": [-0.23120331764221191, -0.1549689769744873, 0.9604840874671936, 0.7443168759346008, -0.6639289259910583, 0.072047159075737, 0.6265280246734619, 0.731562077999115, 0.26884856820106506], "cam_t_m2c": [-178.89735412597656, -100.113037109375, 113.40160369873047], "obj_id": 3}, {"cam_R_m2c": [-0.1875576376914978, -0.09111873805522919, 0.978018045425415, -0.17843395471572876, -0.9759607911109924, -0.12514594197273254, 0.9659105539321899, -0.1979837268590927, 0.1667904406785965], "cam_t_m2c": [153.2904052734375, 104.83854675292969, 135.3607940673828], "obj_id": 0}, {"cam_R_m2c": [0.8843469619750977, 0.46294569969177246, -0.060097962617874146, -0.2172374427318573, 0.294154554605484, -0.9307421445846558, -0.41320499777793884, 0.8361544609069824, 0.36070382595062256], "cam_t_m2c": [205.13479614257812, 88.99361419677734, 131.4293212890625], "obj_id": 1}, {"cam_R_m2c": [-0.016589097678661346, -0.8682423233985901, -0.4958629906177521, -0.9993861317634583, 0.02970353700220585, -0.018575705587863922, 0.030857112258672714, 0.4952504634857178, -0.8682021498680115], "cam_t_m2c": [305.39349365234375, -2.8920676708221436, 178.95269775390625], "obj_id": 2}, {"cam_R_m2c": [0.7882639169692993, 0.3494628965854645, 0.5064737200737, 0.551490068435669, -0.766315221786499, -0.32957467436790466, 0.27294448018074036, 0.539107084274292, -0.796783983707428], "cam_t_m2c": [68.38695526123047, 114.66395568847656, 76.76087188720703], "obj_id": 3}, {"cam_R_m2c": [-0.06526482105255127, -0.26776567101478577, 0.9612710475921631, -0.818202555179596, -0.5370801687240601, -0.20515702664852142, 0.5712136030197144, -0.7999039888381958, -0.1840340793132782], "cam_t_m2c": [-23.89507293701172, 12.783035278320312, 292.4580383300781], "obj_id": 0}, {"cam_R_m2c": [-0.5356716513633728, 0.15598511695861816, 0.8298941850662231, -0.4832306504249573, 0.7493342757225037, -0.45275411009788513, -0.6924909949302673, -0.6435579061508179, -0.3260203003883362], "cam_t_m2c": [174.5899658203125, 17.599838256835938, 275.5343322753906], "obj_id": 1}, {"cam_R_m2c": [0.5487871766090393, -0.6392389535903931, 0.5387079119682312, 0.7898647785186768, 0.1854679435491562, -0.5845641493797302, 0.27376312017440796, 0.7463077306747437, 0.606694757938385], "cam_t_m2c": [209.67477416992188, -6.66990852355957, 293.2284240722656], "obj_id": 2}, {"cam_R_m2c": [0.9580413103103638, -0.020111730322241783, -0.28592365980148315, -0.2027018964290619, 0.6577423810958862, -0.7254563570022583, 0.20265428721904755, 0.7529744505882263, 0.6260676980018616], "cam_t_m2c": [157.313720703125, 83.5271224975586, 190.9621124267578], "obj_id": 3}, {"cam_R_m2c": [0.16091185808181763, -0.6719345450401306, -0.7229186296463013, -0.8823283910751343, -0.42615994811058044, 0.19971056282520294, -0.4422714114189148, 0.605715811252594, -0.6614410877227783], "cam_t_m2c": [45.007564544677734, -38.563453674316406, 240.4348907470703], "obj_id": 0}, {"cam_R_m2c": [-0.2136453539133072, 0.9542752504348755, -0.20907984673976898, 0.753914475440979, 0.2971630096435547, 0.5859241485595703, 0.6212636828422546, -0.032448332756757736, -0.7829294204711914], "cam_t_m2c": [147.44741821289062, 56.04622268676758, 239.48138427734375], "obj_id": 1}, {"cam_R_m2c": [-0.9675225019454956, -0.24852615594863892, 0.04620558023452759, -0.1786138117313385, 0.8014634847640991, 0.5707481503486633, -0.17887791991233826, 0.5439587235450745, -0.8198240995407104], "cam_t_m2c": [117.30821990966797, 12.500238418579102, 316.48858642578125], "obj_id": 2}, {"cam_R_m2c": [-0.046704068779945374, -0.7836419343948364, 0.619454562664032, 0.9419296383857727, -0.2409970611333847, -0.2338564395904541, 0.3325464725494385, 0.5725606083869934, 0.7493911981582642], "cam_t_m2c": [-29.22570037841797, -102.55517578125, 107.72373962402344], "obj_id": 3}]
}