{
  "0": [{"cam_R_m2c": [-0.8632423877716064, -0.25538039207458496, 0.43542322516441345, 0.03547689691185951, 0.8297572731971741, 0.5569957494735718, -0.5035414099693298, 0.4962698221206665, -0.707221508026123], "cam_t_m2c": [136.3231658935547, -171.65708923339844, 667.1255493164062], "obj_id": 3}, {"cam_R_m2c": [-0.4740988612174988, 0.8370799422264099, -0.2729969024658203, 0.23883992433547974, 0.4206998348236084, 0.8751954436302185, 0.8474583625793457, 0.34972667694091797, -0.3993813991546631], "cam_t_m2c": [306.66217041015625, -14.781838417053223, 985.7734985351562], "obj_id": 3}, {"cam_R_m2c": [-0.33231285214424133, 0.898609459400177, 0.28647682070732117, 0.15103591978549957, 0.35052016377449036, -0.9242963194847107, -0.930997371673584, -0.2638873755931854, -0.2522045969963074], "cam_t_m2c": [201.0874481201172, -153.76513671875, 658.5352783203125], "obj_id": 3}, {"cam_R_m2c": [0.8393154740333557, -0.5434834361076355, 0.013240723870694637, 0.5260119438171387, 0.8056992888450623, -0.27232351899147034, 0.13733528554439545, 0.23553012311458588, 0.9621146321296692], "cam_t_m2c": [148.1669464111328, 91.69829559326172, 787.1732177734375], "obj_id": 3}],
  "1": [{"cam_R_m2c": [-0.4524374306201935, 0.3122462332248688, -0.8353456854820251, -0.8802059292793274, -0.0058284602127969265, 0.47455593943595886, 0.14330947399139404, 0.9499832391738892, 0.2774781286716461], "cam_t_m2c": [-62.6927375793457, 82.89657592773438, 713.4841918945312], "obj_id": 3}, {"cam_R_m2c": [0.7970483899116516, 0.20269112288951874, -0.5688849687576294, -0.3156483769416809, 0.9429039359092712, -0.10629347711801529, 0.514859139919281, 0.26428869366645813, 0.8155191540718079], "cam_t_m2c": [203.7309112548828, 316.8533935546875, 884.875732421875], "obj_id": 3}, {"cam_R_m2c": [-0.9223615527153015, -0.38235342502593994, -0.05526990070939064, -0.3846733570098877, 0.9221897721290588, 0.03990505635738373, 0.03571150079369545, 0.05806775391101837, -0.9976735711097717], "cam_t_m2c": [-78.48161315917969, 148.73460388183594, 712.8824462890625], "obj_id": 3}, {"cam_R_m2c": [-0.02760668471455574, 0.07899172604084015, 0.996492862701416, 0.9468666911125183, -0.31749236583709717, 0.05139944702386856, 0.32043910026550293, 0.9449649453163147, -0.0660296380519867], "cam_t_m2c": [-4.93648624420166, 166.9391632080078, 984.2301635742188], "obj_id": 3}]
}