{
  "0": [{"cam_R_m2c": [-0.08676990866661072, -0.9685226678848267, -0.23331260681152344, -0.9882310628890991, 0.05406457558274269, 0.14309561252593994, -0.12597739696502686, 0.24298317730426788, -0.961815357208252], "cam_t_m2c": [-300.7227783203125, 197.24734497070312, -43.1624641418457], "obj_id": 1}, {"cam_R_m2c": [0.063585065305233, -0.9660079479217529, 0.2505705952644348, 0.5747782588005066, -0.1698058396577835, -0.80049729347229, 0.8158351182937622, 0.19492222368717194, 0.5444432497024536], "cam_t_m2c": [-202.12716674804688, 339.0362854003906, -203.1678009033203], "obj_id": 2}, {"cam_R_m2c": [-0.003689494449645281, -0.14504531025886536, 0.9894180297851562, 0.40173792839050293, 0.9058542847633362, 0.13429324328899384, -0.9157471060752869, 0.39798226952552795, 0.05492807552218437], "cam_t_m2c": [-280.84942626953125, 192.88211059570312, 87.6395263671875], "obj_id": 3}, {"cam_R_m2c": [-0.23945975303649902, -0.9484759569168091, -0.2074904441833496, 0.970841109752655, -0.23143638670444489, -0.06248725578188896, 0.011246811598539352, -0.21640345454216003, 0.9762392640113831], "cam_t_m2c": [-395.6982421875, 241.53970336914062, -104.98858642578125], "obj_id": 4}, {"cam_R_m2c": [-0.8622351884841919, -0.4799729585647583, 0.1617906540632248, 0.4054977297782898, -0.4627126157283783, 0.7883327007293701, -0.30351582169532776, 0.7453340291976929, 0.5935952067375183], "cam_t_m2c": [-107.04802703857422, 228.8013916015625, -3.437195062637329], "obj_id": 1}, {"cam_R_m2c": [-0.5248470306396484, 0.6568931937217712, -0.5413194298744202, -0.8475939035415649, -0.4617730975151062, 0.2614382207393646, -0.07822979986667633, 0.5960341691970825, 0.7991390824317932], "cam_t_m2c": [-221.73175048828125, 162.0033416748047, 227.90875244140625], "obj_id": 2}, {"cam_R_m2c": [0.7286241054534912, 0.6769821047782898, -0.10393356531858444, -0.6372790932655334, 0.7257006764411926, 0.25929492712020874, 0.25096267461776733, -0.12269383668899536, 0.9601895213127136], "cam_t_m2c": [-190.1598358154297, 189.6465301513672, 3.394235372543335], "obj_id": 3}, {"cam_R_m2c": [0.19455790519714355, 0.8169282674789429, -0.5429322123527527, -0.9266896843910217, 0.3345297873020172, 0.1712774634361267, 0.32154837250709534, 0.4698063135147095, 0.8221244812011719], "cam_t_m2c": [-138.11846923828125, 192.8592987060547, 2.9541728496551514], "obj_id": 4}, {"cam_R_m2c": [0.21687427163124084, -0.7167039513587952, -0.662797749042511, 0.9047703742980957, -0.10736283659934998, 0.4121449887752533, -0.3665459156036377, -0.6890634298324585, 0.6251684427261353], "cam_t_m2c": [-289.6692199707031, 318.7317199707031, -94.63289642333984], "obj_id": 1}, {"cam_R_m2c": [-0.04965641722083092, -0.8736990690231323, 0.48392561078071594, 0.848463237285614, -0.29252150654792786, -0.44106805324554443, 0.5269194841384888, 0.3886912167072296, 0.7558273077011108], "cam_t_m2c": [-160.1108856201172, 288.21795654296875, -44.933467864990234], "obj_id": 2}, {"cam_R_m2c": [0.26258549094200134, -0.3237744867801666, -0.9089658260345459, -0.9600659608840942, 0.006593227852135897, -0.27969592809677124, 0.09655139595270157, 0.946111261844635, -0.3091135621070862], "cam_t_m2c": [-487.1871337890625, 69.90265655517578, -28.908781051635742], "obj_id": 3}, {"cam_R_m2c": [0.006552419625222683, -0.7871822118759155, -0.6166855096817017, 0.9683904051780701, -0.14878392219543457, 0.20020796358585358, -0.24935311079025269, -0.5985041856765747, 0.7613250017166138], "cam_t_m2c": [-281.5638732910156, 340.4021301269531, -192.67054748535156], "obj_id": 4}, {"cam_R_m2c": [0.2927968204021454, 0.9554423093795776, 0.037416405975818634, 0.02715316228568554, -0.04742390662431717, 0.9985056519508362, 0.9557890295982361, -0.2913432717323303, -0.03982881084084511], "cam_t_m2c": [-415.50762939453125, 279.96527099609375, -240.48837280273438], "obj_id": 1}, {"cam_R_m2c": [-0.3267425298690796, 0.9134435653686523, 0.2426115870475769, -0.6986158490180969, -0.060542523860931396, -0.7129310369491577, -0.6365339159965515, -0.40243712067604065, 0.6579278111457825], "cam_t_m2c": [-188.15255737304688, 201.39320373535156, 258.2581481933594], "obj_id": 2}, {"cam_R_m2c": [0.8744828104972839, 0.4829683005809784, -0.04496072605252266, -0.09233950078487396, 0.25675398111343384, 0.962055504322052, 0.4761861562728882, -0.8371493220329285, 0.26912400126457214], "cam_t_m2c": [44.13200378417969, 365.64141845703125, 124.7060317993164], "obj_id": 3}, {"cam_R_m2c": [-0.6120525002479553, -0.3770761787891388, -0.6951296329498291, 0.25455859303474426, 0.7382771968841553, -0.6246172785758972, 0.7487266063690186, -0.5592498183250427, -0.3558764159679413], "cam_t_m2c": [22.963563919067383, 420.2907409667969, 35.934200286865234], "obj_id": 4}],
  "1": [{"cam_R_m2c": [-0.1673039346933365, -0.6959599852561951, 0.6983187794685364, -0.8654527068138123, 0.442935585975647, 0.23409338295459747, -0.47222986817359924, -0.5651971101760864, -0.6764253377914429], "cam_t_m2c": [226.1590576171875, 335.01409912109375, 207.45738220214844], "obj_id": 1}, {"cam_R_m2c": [-0.5044641494750977, -0.7062039375305176, -0.49678146839141846, 0.4916960895061493, 0.23798778653144836, -0.8376137018203735, 0.7097540497779846, -0.6668116450309753, 0.22718146443367004], "cam_t_m2c": [441.4150085449219, 425.50897216796875, 237.49790954589844], "obj_id": 2}, {"cam_R_m2c": [0.8401332497596741, -0.19625791907310486, 0.5056272745132446, 0.3759632110595703, 0.8826540112495422, -0.28208792209625244, -0.39093196392059326, 0.4270887076854706, 0.8153327107429504], "cam_t_m2c": [128.39540100097656, 321.79937744140625, 295.722900390625], "obj_id": 3}, {"cam_R_m2c": [0.08590804040431976, -0.3738606572151184, -0.9234976172447205, 0.9838256239891052, 0.17807163298130035, 0.01943102292716503, 0.1571841835975647, -0.9102299809455872, 0.38311153650283813], "cam_t_m2c": [236.9961700439453, 414.7647399902344, 116.2049331665039], "obj_id": 4}, {"cam_R_m2c": [-0.1121358871459961, -0.9685623645782471, -0.22206412255764008, 0.7249189019203186, -0.23258338868618011, 0.6483807563781738, -0.6796455979347229, -0.08827172219753265, 0.7282100915908813], "cam_t_m2c": [302.58355712890625, 284.3570861816406, 385.4372253417969], "obj_id": 1}, {"cam_R_m2c": [-0.4047004282474518, -0.24838337302207947, -0.8800698518753052, -0.5585362315177917, -0.6948834657669067, 0.45296117663383484, -0.7240541577339172, 0.674864649772644, 0.14248879253864288], "cam_t_m2c": [37.46476364135742, 268.2730407714844, 409.69830322265625], "obj_id": 2}, {"cam_R_m2c": [0.03221968561410904, 0.6216159462928772, -0.7826591730117798, -0.8814395666122437, 0.3868415355682373, 0.27095726132392883, 0.47119641304016113, 0.6811366677284241, 0.5603808760643005], "cam_t_m2c": [244.38375854492188, 282.51434326171875, 314.0458068847656], "obj_id": 3}, {"cam_R_m2c": [-0.37224656343460083, 0.1204707995057106, -0.9202821850776672, -0.9280142188072205, -0.03239189088344574, 0.37113383412361145, 0.01490110345184803, 0.9921882748603821, 0.12385639548301697], "cam_t_m2c": [272.83099365234375, 264.19073486328125, 353.7171936035156], "obj_id": 4}, {"cam_R_m2c": [0.6204075217247009, 0.16364377737045288, -0.7670170664787292, 0.7403146028518677, 0.2006504237651825, 0.6416178941726685, 0.2588990330696106, -0.9658985137939453, 0.003337171394377947], "cam_t_m2c": [301.8128356933594, 441.81634521484375, 227.44796752929688], "obj_id": 1}, {"cam_R_m2c": [-0.2648693323135376, -0.8444461226463318, -0.46556928753852844, 0.790208637714386, 0.08662670850753784, -0.6066843867301941, 0.5526430606842041, -0.5285890698432922, 0.6443440318107605], "cam_t_m2c": [322.2304992675781, 360.6170654296875, 342.2359313964844], "obj_id": 2}, {"cam_R_m2c": [-0.15965953469276428, -0.9442011117935181, -0.28808510303497314, -0.9843546152114868, 0.13024133443832397, 0.11867208033800125, -0.0745297372341156, 0.30252504348754883, -0.9502230286598206], "cam_t_m2c": [87.47372436523438, 294.83734130859375, 33.27072525024414], "obj_id": 3}, {"cam_R_m2c": [0.42827433347702026, 0.04293853044509888, -0.9026279449462891, 0.8833045363426208, 0.19086682796478271, 0.428185373544693, 0.1906673014163971, -0.9806762933731079, 0.04381561651825905], "cam_t_m2c": [391.3661193847656, 459.1174621582031, 184.69802856445312], "obj_id": 4}, {"cam_R_m2c": [-0.6233571767807007, 0.7302359342575073, 0.2796092629432678, -0.10295415669679642, -0.4311201572418213, 0.896401584148407, 0.7751298546791077, 0.5299914479255676, 0.3439226746559143], "cam_t_m2c": [346.3974609375, 459.0805358886719, 36.85386657714844], "obj_id": 1}, {"cam_R_m2c": [0.19097737967967987, 0.7962351441383362, -0.5740532279014587, -0.4987446069717407, -0.4249916970729828, -0.7554042935371399, -0.8454474210739136, 0.4305710792541504, 0.3159542977809906], "cam_t_m2c": [39.20501708984375, 290.2490539550781, 465.503662109375], "obj_id": 2}, {"cam_R_m2c": [0.04832428693771362, 0.9985129237174988, -0.0252325851470232, -0.44556668400764465, 0.04415929690003395, 0.8941590189933777, 0.8939435482025146, -0.03196680545806885, 0.44703805446624756], "cam_t_m2c": [308.1629333496094, 346.4040222167969, 618.0750122070312], "obj_id": 3}, {"cam_R_m2c": [-0.8774940371513367, 0.42825785279273987, -0.21586868166923523, 0.47600623965263367, 0.8326299786567688, -0.28309959173202515, 0.058499112725257874, -0.3511730432510376, -0.9344812035560608], "cam_t_m2c": [382.24078369140625, 405.6853942871094, 569.9783935546875], "obj_id": 4}],
  "2": [{"cam_R_m2c": [-0.1673039346933365, -0.6959599852561951, 0.6983187794685364, -0.8654527068138123, 0.442935585975647, 0.23409338295459747, -0.47222986817359924, -0.5651971101760864, -0.6764253377914429], "cam_t_m2c": [226.1590576171875, 335.01409912109375, 207.45738220214844], "obj_id": 1}, {"cam_R_m2c": [-0.5044641494750977, -0.7062039375305176, -0.49678146839141846, 0.4916960895061493, 0.23798778653144836, -0.8376137018203735, 0.7097540497779846, -0.6668116450309753, 0.22718146443367004], "cam_t_m2c": [441.4150085449219, 425.50897216796875, 237.49790954589844], "obj_id": 2}, {"cam_R_m2c": [0.8401332497596741, -0.19625791907310486, 0.5056272745132446, 0.3759632110595703, 0.8826540112495422, -0.28208792209625244, -0.39093196392059326, 0.4270887076854706, 0.8153327107429504], "cam_t_m2c": [128.39540100097656, 321.79937744140625, 295.722900390625], "obj_id": 3}, {"cam_R_m2c": [0.08590804040431976, -0.3738606572151184, -0.9234976172447205, 0.9838256239891052, 0.17807163298130035, 0.01943102292716503, 0.1571841835975647, -0.9102299809455872, 0.38311153650283813], "cam_t_m2c": [236.9961700439453, 414.7647399902344, 116.2049331665039], "obj_id": 4}, {"cam_R_m2c": [-0.1121358871459961, -0.9685623645782471, -0.22206412255764008, 0.7249189019203186, -0.23258338868618011, 0.6483807563781738, -0.6796455979347229, -0.08827172219753265, 0.7282100915908813], "cam_t_m2c": [302.58355712890625, 284.3570861816406, 385.4372253417969], "obj_id": 1}, {"cam_R_m2c": [-0.4047004282474518, -0.24838337302207947, -0.8800698518753052, -0.5585362315177917, -0.6948834657669067, 0.45296117663383484, -0.7240541577339172, 0.674864649772644, 0.14248879253864288], "cam_t_m2c": [37.46476364135742, 268.2730407714844, 409.69830322265625], "obj_id": 2}, {"cam_R_m2c": [0.03221968561410904, 0.6216159462928772, -0.7826591730117798, -0.8814395666122437, 0.3868415355682373, 0.27095726132392883, 0.47119641304016113, 0.6811366677284241, 0.5603808760643005], "cam_t_m2c": [244.38375854492188, 282.51434326171875, 314.0458068847656], "obj_id": 3}, {"cam_R_m2c": [-0.37224656343460083, 0.1204707995057106, -0.9202821850776672, -0.9280142188072205, -0.03239189088344574, 0.37113383412361145, 0.01490110345184803, 0.9921882748603821, 0.12385639548301697], "cam_t_m2c": [272.83099365234375, 264.19073486328125, 353.7171936035156], "obj_id": 4}, {"cam_R_m2c": [0.6204075217247009, 0.16364377737045288, -0.7670170664787292, 0.7403146028518677, 0.2006504237651825, 0.6416178941726685, 0.2588990330696106, -0.9658985137939453, 0.003337171394377947], "cam_t_m2c": [301.8128356933594, 441.81634521484375, 227.44796752929688], "obj_id": 1}, {"cam_R_m2c": [-0.2648693323135376, -0.8444461226463318, -0.46556928753852844, 0.790208637714386, 0.08662670850753784, -0.6066843867301941, 0.5526430606842041, -0.5285890698432922, 0.6443440318107605], "cam_t_m2c": [322.2304992675781, 360.6170654296875, 342.2359313964844], "obj_id": 2}, {"cam_R_m2c": [-0.15965953469276428, -0.9442011117935181, -0.28808510303497314, -0.9843546152114868, 0.13024133443832397, 0.11867208033800125, -0.0745297372341156, 0.30252504348754883, -0.9502230286598206], "cam_t_m2c": [87.47372436523438, 294.83734130859375, 33.27072525024414], "obj_id": 3}, {"cam_R_m2c": [0.42827433347702026, 0.04293853044509888, -0.9026279449462891, 0.8833045363426208, 0.19086682796478271, 0.428185373544693, 0.1906673014163971, -0.9806762933731079, 0.04381561651825905], "cam_t_m2c": [391.3661193847656, 459.1174621582031, 184.69802856445312], "obj_id": 4}, {"cam_R_m2c": [-0.6233571767807007, 0.7302359342575073, 0.2796092629432678, -0.10295415669679642, -0.4311201572418213, 0.896401584148407, 0.7751298546791077, 0.5299914479255676, 0.3439226746559143], "cam_t_m2c": [346.3974609375, 459.0805358886719, 36.85386657714844], "obj_id": 1}, {"cam_R_m2c": [0.19097737967967987, 0.7962351441383362, -0.5740532279014587, -0.4987446069717407, -0.4249916970729828, -0.7554042935371399, -0.8454474210739136, 0.4305710792541504, 0.3159542977809906], "cam_t_m2c": [39.20501708984375, 290.2490539550781, 465.503662109375], "obj_id": 2}, {"cam_R_m2c": [0.04832428693771362, 0.9985129237174988, -0.0252325851470232, -0.44556668400764465, 0.04415929690003395, 0.8941590189933777, 0.8939435482025146, -0.03196680545806885, 0.44703805446624756], "cam_t_m2c": [308.1629333496094, 346.4040222167969, 618.0750122070312], "obj_id": 3}, {"cam_R_m2c": [-0.8774940371513367, 0.42825785279273987, -0.21586868166923523, 0.47600623965263367, 0.8326299786567688, -0.28309959173202515, 0.058499112725257874, -0.3511730432510376, -0.9344812035560608], "cam_t_m2c": [382.24078369140625, 405.6853942871094, 569.9783935546875], "obj_id": 4}]
}