{
  "0": [{"cam_R_m2c": [-0.2899932563304901, 0.13657702505588531, 0.9472330808639526, 0.8296592831611633, 0.5292367339134216, 0.17769025266170502, -0.4770421087741852, 0.8374097347259521, -0.26678743958473206], "cam_t_m2c": [387.6642761230469, -67.27920532226562, 850.335693359375], "obj_id": 3}, {"cam_R_m2c": [0.9946642518043518, 0.006684628315269947, -0.10294807702302933, 0.05986915901303291, -0.8500753045082092, 0.5232470035552979, -0.08401591330766678, -0.5266185402870178, -0.8459397554397583], "cam_t_m2c": [374.1772155761719, -358.8325500488281, 915.9328002929688], "obj_id": 3}, {"cam_R_m2c": [-0.001967238960787654, -0.9059305787086487, -0.4234214425086975, 0.9948866367340088, 0.040983352810144424, -0.0923081710934639, 0.10097799450159073, -0.42143797874450684, 0.9012177586555481], "cam_t_m2c": [172.6909942626953, -305.108154296875, 937.7384643554688], "obj_id": 3}, {"cam_R_m2c": [0.7930192351341248, -0.19337308406829834, 0.5776913166046143, -0.4664043188095093, -0.8027610182762146, 0.3715396225452423, 0.3919023275375366, -0.5640758275985718, -0.726794958114624], "cam_t_m2c": [430.98223876953125, -342.3376159667969, 910.39306640625], "obj_id": 3}, {"cam_R_m2c": [-0.7859467267990112, 0.4284340739250183, 0.44579342007637024, -0.6133379936218262, -0.44913291931152344, -0.6496891379356384, -0.07812841981649399, -0.7840431928634644, 0.615769624710083], "cam_t_m2c": [544.965087890625, -257.3507080078125, 941.725341796875], "obj_id": 3}, {"cam_R_m2c": [-0.9874218106269836, 0.1364278942346573, 0.07991031557321548, -0.12042858451604843, -0.321489542722702, -0.9392238855361938, -0.10244599729776382, -0.9370335936546326, 0.33387553691864014], "cam_t_m2c": [391.74664306640625, -44.176204681396484, 1020.0838012695312], "obj_id": 3}, {"cam_R_m2c": [-0.26628896594047546, 0.6447815299034119, -0.716482400894165, 0.7960339188575745, 0.5662573575973511, 0.21373488008975983, 0.543525755405426, -0.5134290456771851, -0.6640560626983643], "cam_t_m2c": [295.5279235839844, 15.7324857711792, 980.9776000976562], "obj_id": 3}, {"cam_R_m2c": [0.12956883013248444, -0.8945215940475464, -0.42783528566360474, 0.46683254837989807, 0.4356926679611206, -0.7695708274841309, 0.8748024106025696, -0.10001503676176071, 0.47404396533966064], "cam_t_m2c": [378.04425048828125, -26.815942764282227, 860.182861328125], "obj_id": 3}, {"cam_R_m2c": [0.6564931273460388, 0.7539940476417542, -0.022576283663511276, -0.3871263563632965, 0.36245110630989075, 0.8477984666824341, 0.6474178433418274, -0.5478339791297913, 0.5298376679420471], "cam_t_m2c": [402.0814514160156, -409.0382385253906, 867.2891845703125], "obj_id": 3}, {"cam_R_m2c": [0.7463372945785522, -0.6093171238899231, -0.267793208360672, -0.6278554797172546, -0.5110312104225159, -0.5870642066001892, 0.22085757553577423, 0.6062833666801453, -0.7639647722244263], "cam_t_m2c": [342.8576965332031, -306.65313720703125, 951.1197509765625], "obj_id": 3}, {"cam_R_m2c": [-0.48207178711891174, -0.07829071581363678, 0.8726264834403992, -0.6981312036514282, -0.5674554705619812, -0.43658533692359924, 0.5293574333190918, -0.8196734189987183, 0.21889735758304596], "cam_t_m2c": [151.38169860839844, -148.0117950439453, 1091.9676513671875], "obj_id": 3}, {"cam_R_m2c": [-0.6005304455757141, 0.34789857268333435, -0.7199510931968689, 0.7765899896621704, 0.46821972727775574, -0.4215189516544342, 0.19044941663742065, -0.8122418522834778, -0.551354706287384], "cam_t_m2c": [335.8433837890625, -66.35137176513672, 1012.3399658203125], "obj_id": 3}, {"cam_R_m2c": [0.8072749972343445, -0.28344541788101196, -0.5176541209220886, 0.5813986659049988, 0.23124054074287415, 0.7800663113594055, -0.10140359401702881, -0.9306914210319519, 0.351469486951828], "cam_t_m2c": [321.8016357421875, 87.944091796875, 907.1353759765625], "obj_id": 3}, {"cam_R_m2c": [-0.08001822233200073, -0.7264332175254822, -0.682562530040741, 0.0630660131573677, 0.6796969771385193, -0.7307767271995544, 0.9947962164878845, -0.1015220507979393, -0.008574854582548141], "cam_t_m2c": [359.8818054199219, 91.80702209472656, 838.7628784179688], "obj_id": 3}, {"cam_R_m2c": [-0.1933673918247223, -0.9426916837692261, -0.2719213664531708, 0.3516741693019867, -0.32533156871795654, 0.8777724504470825, -0.9159334897994995, 0.0741049200296402, 0.3944289982318878], "cam_t_m2c": [229.70223999023438, -101.85503387451172, 1063.6676025390625], "obj_id": 3}, {"cam_R_m2c": [0.9724313616752625, -0.2031746804714203, 0.11444342881441116, -0.2016211897134781, -0.9791416525840759, -0.025112919509410858, 0.11715862900018692, 0.0013463713694363832, -0.9931123852729797], "cam_t_m2c": [371.82147216796875, -133.68289184570312, 1130.72119140625], "obj_id": 3}, {"cam_R_m2c": [0.9285678863525391, -0.3448680341243744, -0.13721396028995514, 0.29049012064933777, 0.4451415538787842, 0.8470327258110046, -0.23103490471839905, -0.8263866901397705, 0.5135248899459839], "cam_t_m2c": [241.56924438476562, -317.3622131347656, 813.741455078125], "obj_id": 3}, {"cam_R_m2c": [0.1533472239971161, -0.42860710620880127, -0.8903821706771851, -0.8886333703994751, 0.3342972993850708, -0.3139680027961731, 0.4322212040424347, 0.8393694758415222, -0.32961100339889526], "cam_t_m2c": [267.3447265625, -8.710243225097656, 904.4434814453125], "obj_id": 3}, {"cam_R_m2c": [-0.11167370527982712, -0.8235085606575012, -0.5562037229537964, -0.45293083786964417, -0.4560089111328125, 0.7661001086235046, -0.8845239281654358, 0.33747509121894836, -0.3220681846141815], "cam_t_m2c": [251.42601013183594, -422.2308349609375, 886.25830078125], "obj_id": 3}, {"cam_R_m2c": [-0.282736599445343, -0.6267244815826416, 0.7261378169059753, -0.5174015164375305, -0.5377999544143677, -0.665632426738739, 0.8076851963996887, -0.5639035701751709, -0.17221225798130035], "cam_t_m2c": [171.09886169433594, -217.51690673828125, 712.5679321289062], "obj_id": 3}, {"cam_R_m2c": [-0.24045084416866302, -0.8732534646987915, -0.4238058030605316, -0.06134297698736191, 0.44941380620002747, -0.8912149667739868, 0.9687208533287048, -0.18829603493213654, -0.1616298109292984], "cam_t_m2c": [526.0057983398438, -356.656005859375, 838.1266479492188], "obj_id": 3}, {"cam_R_m2c": [-0.6331643462181091, -0.7165127992630005, 0.2927667200565338, -0.7637239098548889, 0.5168479084968567, -0.3867739140987396, 0.1258125901222229, -0.46848440170288086, -0.874467670917511], "cam_t_m2c": [142.36709594726562, -175.1823272705078, 859.32373046875], "obj_id": 3}, {"cam_R_m2c": [0.7233397364616394, 0.025693846866488457, 0.6900140643119812, -0.6900842189788818, 0.06125278398394585, 0.7211323380470276, -0.023736588656902313, -0.9977914690971375, 0.062037501484155655], "cam_t_m2c": [274.3048095703125, 47.05268478393555, 977.93310546875], "obj_id": 3}, {"cam_R_m2c": [-0.28855836391448975, -0.26079025864601135, -0.9212614297866821, -0.9382700324058533, -0.11466570943593979, 0.326345294713974, -0.19074472784996033, 0.9585615992546082, -0.21160398423671722], "cam_t_m2c": [361.63720703125, 25.976337432861328, 1000.3889770507812], "obj_id": 3}, {"cam_R_m2c": [-0.8233305811882019, -0.34528589248657227, -0.45044904947280884, -0.5634756684303284, 0.40221425890922546, 0.7216085195541382, -0.06798422336578369, 0.8479394316673279, -0.5257155299186707], "cam_t_m2c": [289.34954833984375, 22.090797424316406, 920.7819213867188], "obj_id": 3}, {"cam_R_m2c": [-0.6299169659614563, -0.7719056606292725, 0.08582668006420135, -0.7557467818260193, 0.6346721053123474, 0.16136309504508972, -0.17902888357639313, 0.03678211569786072, -0.9831559658050537], "cam_t_m2c": [453.4470520019531, -255.57106018066406, 741.228515625], "obj_id": 3}, {"cam_R_m2c": [0.31807953119277954, -0.4225670397281647, 0.8486827611923218, -0.9204992055892944, -0.3519408404827118, 0.1697610765695572, 0.2269507199525833, -0.8352093696594238, -0.5009177327156067], "cam_t_m2c": [194.76986694335938, -119.27977752685547, 848.1143798828125], "obj_id": 3}, {"cam_R_m2c": [-0.543531596660614, -0.730937123298645, 0.41267943382263184, -0.6430021524429321, 0.04654253274202347, -0.7644488215446472, 0.5395569205284119, -0.6808558702468872, -0.495291531085968], "cam_t_m2c": [123.97222900390625, -360.0811767578125, 863.7025146484375], "obj_id": 3}, {"cam_R_m2c": [0.8645000457763672, -0.48892244696617126, 0.1165952980518341, -0.1806546300649643, -0.08577211201190948, 0.9797994494438171, -0.46904534101486206, -0.8681001663208008, -0.1624760925769806], "cam_t_m2c": [106.54369354248047, -113.0964584350586, 1109.1043701171875], "obj_id": 1}, {"cam_R_m2c": [-0.8644232153892517, -0.4489571750164032, -0.2262960523366928, 0.4896826446056366, -0.6498146057128906, -0.581336259841919, 0.11394461989402771, -0.6133338212966919, 0.7815613746643066], "cam_t_m2c": [474.508544921875, -234.75997924804688, 902.1298217773438], "obj_id": 1}, {"cam_R_m2c": [-0.20341981947422028, 0.959546685218811, 0.1946547031402588, 0.311274915933609, -0.1251157969236374, 0.942047655582428, 0.9282931685447693, 0.25222235918045044, -0.27323171496391296], "cam_t_m2c": [325.9084167480469, -17.38187599182129, 836.3775024414062], "obj_id": 1}, {"cam_R_m2c": [-0.07106879353523254, -0.48823630809783936, -0.8698127865791321, -0.6942890286445618, -0.6018905639648438, 0.39457595348358154, -0.7161785960197449, 0.6319436430931091, -0.29620134830474854], "cam_t_m2c": [499.7615966796875, -297.4983825683594, 805.1089477539062], "obj_id": 1}, {"cam_R_m2c": [-0.3956442177295685, -0.40032118558883667, 0.8265641331672668, 0.4762617349624634, 0.6800976395606995, 0.557352602481842, -0.7852643728256226, 0.6141743659973145, -0.07841896265745163], "cam_t_m2c": [105.59844970703125, -65.30694580078125, 1075.8704833984375], "obj_id": 1}, {"cam_R_m2c": [-0.7401317954063416, 0.5112428069114685, -0.4368472099304199, -0.27350521087646484, -0.8223234415054321, -0.49897781014442444, -0.6143285632133484, -0.24982938170433044, 0.7484555244445801], "cam_t_m2c": [43.47753143310547, -168.19418334960938, 828.445068359375], "obj_id": 1}, {"cam_R_m2c": [0.9384358525276184, -0.3005816340446472, -0.17026092112064362, 0.3131231963634491, 0.5319394469261169, 0.7867619395256042, -0.14591768383979797, -0.7916382551193237, 0.5933101177215576], "cam_t_m2c": [117.09652709960938, 13.977425575256348, 999.7937622070312], "obj_id": 1}, {"cam_R_m2c": [0.9725418090820312, 0.17773430049419403, -0.15024276077747345, -0.19270579516887665, 0.9769642353057861, -0.09168098121881485, 0.13048695027828217, 0.11811624467372894, 0.9843890070915222], "cam_t_m2c": [349.3722839355469, -314.9937744140625, 966.2770385742188], "obj_id": 1}, {"cam_R_m2c": [0.47687190771102905, 0.5099018216133118, -0.7159561514854431, -0.8710405230522156, 0.38332509994506836, -0.30716484785079956, 0.11782000958919525, 0.7701051235198975, 0.6269421577453613], "cam_t_m2c": [238.6053466796875, -312.4593200683594, 900.0658569335938], "obj_id": 1}, {"cam_R_m2c": [-0.5535030364990234, 0.03578885272145271, -0.8320777416229248, -0.6644125580787659, 0.5834426283836365, 0.4670659005641937, 0.5021854043006897, 0.8113653659820557, -0.29915866255760193], "cam_t_m2c": [89.17453002929688, -110.90619659423828, 1075.4774169921875], "obj_id": 1}, {"cam_R_m2c": [0.39518067240715027, -0.15339486300945282, 0.9057053923606873, -0.05920614302158356, -0.9881622791290283, -0.14152713119983673, 0.9166934490203857, 0.0023054643534123898, -0.3995845317840576], "cam_t_m2c": [413.56427001953125, -93.79875946044922, 814.295166015625], "obj_id": 1}, {"cam_R_m2c": [-0.8148178458213806, 0.5268661975860596, -0.2418341338634491, 0.5767883062362671, 0.7786714434623718, -0.24695347249507904, 0.05819790065288544, -0.34070920944213867, -0.938365638256073], "cam_t_m2c": [395.6854553222656, -163.12078857421875, 1067.5821533203125], "obj_id": 1}, {"cam_R_m2c": [-0.39664143323898315, -0.8996975421905518, 0.18226291239261627, 0.7590373754501343, -0.20977309346199036, 0.6163257360458374, -0.5162729024887085, 0.3828047513961792, 0.7661088705062866], "cam_t_m2c": [35.559120178222656, -4.808830261230469, 1000.97119140625], "obj_id": 1}, {"cam_R_m2c": [-0.060336943715810776, -0.8684828877449036, -0.4920331835746765, 0.935660719871521, 0.12249782681465149, -0.3309577405452728, 0.34770411252975464, -0.480345219373703, 0.8052144050598145], "cam_t_m2c": [193.10848999023438, -401.52484130859375, 863.2073974609375], "obj_id": 1}, {"cam_R_m2c": [-0.7357509136199951, -0.30033811926841736, 0.6070150136947632, -0.44099390506744385, -0.46777966618537903, -0.7659675478935242, 0.5139986276626587, -0.8312514424324036, 0.2117222547531128], "cam_t_m2c": [412.08709716796875, -21.41204071044922, 1037.280517578125], "obj_id": 1}, {"cam_R_m2c": [-0.14473813772201538, -0.9816634654998779, -0.12404652684926987, 0.4761647582054138, 0.040792450308799744, -0.8784093856811523, 0.8673626184463501, -0.18620596826076508, 0.461529403924942], "cam_t_m2c": [443.879150390625, -150.2084503173828, 993.333984375], "obj_id": 1}, {"cam_R_m2c": [-0.9580614566802979, 0.10107586532831192, -0.26814523339271545, 0.17445966601371765, 0.9480652809143066, -0.2659624218940735, 0.2273368239402771, -0.30158886313438416, -0.9259384870529175], "cam_t_m2c": [284.2139892578125, -10.094054222106934, 883.025146484375], "obj_id": 1}, {"cam_R_m2c": [0.9258970022201538, -0.28192639350891113, -0.25146034359931946, 0.3744841516017914, 0.5972739458084106, 0.7092428803443909, -0.04976356774568558, -0.7508537173271179, 0.658591091632843], "cam_t_m2c": [302.17022705078125, -51.13832473754883, 1064.8614501953125], "obj_id": 1}, {"cam_R_m2c": [-0.5700770020484924, 0.6486882567405701, -0.5041980743408203, -0.8102424144744873, -0.5455362796783447, 0.21423642337322235, -0.13608571887016296, 0.5306539535522461, 0.8365925550460815], "cam_t_m2c": [406.37127685546875, -84.4582290649414, 974.850830078125], "obj_id": 1}, {"cam_R_m2c": [0.7933761477470398, 0.219197079539299, -0.5678969025611877, 0.4622911810874939, -0.8239015340805054, 0.32783055305480957, -0.3960316777229309, -0.5226266980171204, -0.7549967169761658], "cam_t_m2c": [368.45074462890625, -426.2390441894531, 884.7100830078125], "obj_id": 1}, {"cam_R_m2c": [-0.04141949862241745, 0.8665781021118164, 0.4973195493221283, -0.7526735663414001, 0.3002828359603882, -0.5859288573265076, -0.6570896506309509, -0.3985882103443146, 0.6398129463195801], "cam_t_m2c": [152.85289001464844, -268.8951110839844, 909.1216430664062], "obj_id": 1}, {"cam_R_m2c": [0.13107028603553772, 0.9404887557029724, 0.31353044509887695, 0.25781840085983276, -0.33771365880966187, 0.9052507877349854, 0.9572618007659912, -0.03781750053167343, -0.2867394685745239], "cam_t_m2c": [274.5009765625, -143.73121643066406, 850.9293823242188], "obj_id": 1}, {"cam_R_m2c": [-0.4944384694099426, 0.4367479681968689, -0.7515196800231934, -0.3340837061405182, 0.7026979923248291, 0.6281748414039612, 0.8024454116821289, 0.5616642832756042, -0.20153051614761353], "cam_t_m2c": [255.6627655029297, -366.74609375, 993.3317260742188], "obj_id": 1}, {"cam_R_m2c": [-0.41682541370391846, -0.5983372330665588, 0.6842873096466064, -0.9002793431282043, 0.37569326162338257, -0.21989011764526367, -0.1255137175321579, -0.707705557346344, -0.6952692270278931], "cam_t_m2c": [404.0319519042969, -323.87969970703125, 876.470458984375], "obj_id": 1}, {"cam_R_m2c": [0.5138569474220276, 0.8154582381248474, 0.26641881465911865, -0.6251019239425659, 0.1432228982448578, 0.7672905921936035, 0.5875361561775208, -0.5608164668083191, 0.5833405256271362], "cam_t_m2c": [258.9970397949219, -381.7942810058594, 1046.4403076171875], "obj_id": 1}, {"cam_R_m2c": [-0.8626946210861206, -0.20828703045845032, 0.4608405530452728, -0.23935432732105255, 0.9708881378173828, -0.009257744997739792, -0.4454963505268097, -0.11829080432653427, -0.8874343633651733], "cam_t_m2c": [227.78164672851562, -345.7877502441406, 995.2174682617188], "obj_id": 1}, {"cam_R_m2c": [-0.5837017893791199, 0.6010112166404724, 0.5459650158882141, -0.7247543334960938, -0.08248019218444824, -0.6840527653694153, -0.36609208583831787, -0.7949733138084412, 0.4837292730808258], "cam_t_m2c": [335.5699462890625, -47.11558532714844, 985.5753784179688], "obj_id": 1}, {"cam_R_m2c": [0.8603667616844177, 0.37121760845184326, 0.3492371141910553, 0.5095906853675842, -0.6390327215194702, -0.5761549472808838, 0.00929507240653038, 0.6736725568771362, -0.7389715313911438], "cam_t_m2c": [156.3107147216797, -91.25505828857422, 833.0992431640625], "obj_id": 1}, {"cam_R_m2c": [-0.7357836961746216, -0.43036285042762756, -0.5228860974311829, -0.13788913190364838, -0.6607311367988586, 0.7378486394882202, -0.6630299091339111, 0.6149974465370178, 0.4268130958080292], "cam_t_m2c": [247.1179656982422, -110.16905975341797, 746.4959716796875], "obj_id": 1}, {"cam_R_m2c": [-0.28794193267822266, 0.5544495582580566, -0.7808168530464172, -0.9529716372489929, -0.2463723123073578, 0.1764811873435974, -0.09452179819345474, 0.7949126958847046, 0.5993157029151917], "cam_t_m2c": [210.04115295410156, -247.9429931640625, 931.1132202148438], "obj_id": 1}, {"cam_R_m2c": [-0.6375946402549744, -0.44110238552093506, -0.6315866112709045, 0.7655436992645264, -0.2711428701877594, -0.5834589004516602, 0.08611489832401276, -0.8555175065994263, 0.5105624794960022], "cam_t_m2c": [289.8370361328125, -295.5852966308594, 790.17333984375], "obj_id": 1}, {"cam_R_m2c": [0.7068241238594055, -0.6621450781822205, 0.24892494082450867, -0.24645493924617767, -0.5603523254394531, -0.7907372117042542, 0.6630683541297913, 0.49756336212158203, -0.5592594742774963], "cam_t_m2c": [448.7989501953125, -106.87360382080078, 1003.3717041015625], "obj_id": 1}, {"cam_R_m2c": [0.925731897354126, -0.038251619786024094, -0.37624096870422363, -0.15880954265594482, 0.8635818362236023, -0.478545606136322, 0.3432200253009796, 0.5027555823326111, 0.7933705449104309], "cam_t_m2c": [397.8333740234375, -184.68917846679688, 1102.226318359375], "obj_id": 1}, {"cam_R_m2c": [-0.24889805912971497, -0.7056766748428345, -0.6633778214454651, -0.15767093002796173, 0.7053183913230896, -0.6911336779594421, 0.9556095004081726, -0.06742646545171738, -0.2868170738220215], "cam_t_m2c": [295.51312255859375, -25.91931915283203, 888.4521484375], "obj_id": 1}, {"cam_R_m2c": [-0.6793388724327087, 0.6962535977363586, 0.23179681599140167, 0.4487975835800171, 0.644115686416626, -0.619431734085083, -0.5805855393409729, -0.3167741596698761, -0.7500497698783875], "cam_t_m2c": [372.8787536621094, -233.4170379638672, 772.7069091796875], "obj_id": 1}, {"cam_R_m2c": [-0.2999897599220276, 0.7992125749588013, -0.5208315253257751, 0.5635181069374084, 0.5890024304389954, 0.5792438983917236, 0.7697100043296814, -0.11973079293966293, -0.6270654797554016], "cam_t_m2c": [161.3600616455078, -358.9737854003906, 899.779541015625], "obj_id": 1}, {"cam_R_m2c": [-0.9189314246177673, -0.39427095651626587, -0.010738157667219639, -0.34918344020843506, 0.8005827069282532, 0.48696842789649963, -0.1834007352590561, 0.451240211725235, -0.8733534812927246], "cam_t_m2c": [319.7908020019531, -29.599679946899414, 1022.0170288085938], "obj_id": 1}, {"cam_R_m2c": [0.5870731472969055, 0.27472999691963196, -0.7614910006523132, -0.7832276225090027, -0.04508829116821289, -0.6200979948043823, -0.20469383895397186, 0.9604637026786804, 0.18870599567890167], "cam_t_m2c": [192.9420623779297, -343.3935546875, 1049.049560546875], "obj_id": 1}, {"cam_R_m2c": [-0.8805069923400879, -0.38850629329681396, 0.2716068923473358, -0.47398841381073, 0.7137025594711304, -0.5157166123390198, 0.006512635387480259, -0.5828306078910828, -0.8125675916671753], "cam_t_m2c": [416.7322692871094, -409.9805908203125, 905.5039672851562], "obj_id": 1}, {"cam_R_m2c": [-0.2899448275566101, -0.4587733745574951, 0.8399159908294678, -0.9179440140724182, 0.38159945607185364, -0.10844601690769196, -0.27075931429862976, -0.802439272403717, -0.5317710638046265], "cam_t_m2c": [174.6321258544922, -337.9107360839844, 859.490478515625], "obj_id": 1}, {"cam_R_m2c": [-0.28865188360214233, -0.7327005863189697, 0.6163034439086914, 0.6465933322906494, 0.325554221868515, 0.6898779273033142, -0.7061141133308411, 0.5976322889328003, 0.37978747487068176], "cam_t_m2c": [220.94894409179688, -58.501441955566406, 918.7232666015625], "obj_id": 1}, {"cam_R_m2c": [-0.604368269443512, 0.5427703261375427, 0.5832145810127258, -0.6851670742034912, -0.7276455163955688, -0.03283330425620079, 0.4065525531768799, -0.4194428622722626, 0.8116543292999268], "cam_t_m2c": [290.06689453125, -210.03494262695312, 906.8487548828125], "obj_id": 1}, {"cam_R_m2c": [-0.7556592226028442, -0.46097639203071594, 0.46527397632598877, 0.06785540282726288, -0.7616574764251709, -0.6444172263145447, 0.6514405012130737, -0.45538845658302307, 0.6068332195281982], "cam_t_m2c": [420.55810546875, -270.7207336425781, 895.7849731445312], "obj_id": 1}, {"cam_R_m2c": [-0.22176098823547363, 0.9608396291732788, -0.16615977883338928, -0.8234272599220276, -0.09325532615184784, 0.5597059726715088, 0.52229243516922, 0.2609415054321289, 0.8118621110916138], "cam_t_m2c": [248.08982849121094, -46.538238525390625, 965.9677124023438], "obj_id": 1}, {"cam_R_m2c": [-0.22992518544197083, 0.44359779357910156, -0.8662304282188416, 0.16870547831058502, -0.8584341406822205, -0.4843851625919342, -0.9584740996360779, -0.257510244846344, 0.12253845483064651], "cam_t_m2c": [118.46858215332031, -63.57733154296875, 982.297607421875], "obj_id": 1}, {"cam_R_m2c": [0.5077746510505676, -0.860937774181366, -0.03083760105073452, -0.8515055179595947, -0.5070018172264099, 0.13374310731887817, -0.1307792365550995, -0.04165296256542206, -0.9905359148979187], "cam_t_m2c": [369.06585693359375, -324.86773681640625, 878.1581420898438], "obj_id": 1}, {"cam_R_m2c": [-0.4437931180000305, 0.3052229583263397, -0.8425477743148804, 0.8860086798667908, 0.00854350533336401, -0.4635900855064392, -0.13429997861385345, -0.9522426724433899, -0.274221807718277], "cam_t_m2c": [212.09011840820312, -326.95989990234375, 1007.9901123046875], "obj_id": 1}, {"cam_R_m2c": [0.07546525448560715, -0.9588725566864014, -0.27362072467803955, -0.988347589969635, -0.10830475389957428, 0.10695326328277588, -0.13218899071216583, 0.26236116886138916, -0.955872654914856], "cam_t_m2c": [211.29446411132812, -34.40240478515625, 939.5051879882812], "obj_id": 1}, {"cam_R_m2c": [-0.8485740423202515, 0.4835789203643799, 0.21464622020721436, 0.07750413566827774, -0.287705659866333, 0.9545775055885315, 0.5233685970306396, 0.8266659379005432, 0.20666049420833588], "cam_t_m2c": [398.5849914550781, -151.9707794189453, 734.9066772460938], "obj_id": 1}, {"cam_R_m2c": [0.6306614279747009, 0.10031313449144363, -0.7695475220680237, 0.6600315570831299, -0.5909059643745422, 0.4638839364051819, -0.40819665789604187, -0.8004793524742126, -0.4388713836669922], "cam_t_m2c": [393.2272644042969, -387.3370361328125, 887.498046875], "obj_id": 1}, {"cam_R_m2c": [0.8685016632080078, 0.24811677634716034, -0.4291187524795532, 0.40240034461021423, 0.15259522199630737, 0.9026564359664917, 0.2894456684589386, -0.9566361308097839, 0.032686926424503326], "cam_t_m2c": [421.4972229003906, -377.3357849121094, 942.1264038085938], "obj_id": 1}, {"cam_R_m2c": [0.20658770203590393, 0.26755228638648987, -0.9411361217498779, -0.712699294090271, -0.6178759932518005, -0.3320975601673126, -0.6703590154647827, 0.7393543124198914, 0.06303883343935013], "cam_t_m2c": [460.0648193359375, -280.73150634765625, 747.837890625], "obj_id": 1}, {"cam_R_m2c": [0.4448223412036896, 0.24682335555553436, 0.8609362840652466, -0.23616328835487366, 0.9595791101455688, -0.15308430790901184, -0.8639212250709534, -0.13522623479366302, 0.4851328432559967], "cam_t_m2c": [423.1519775390625, -263.2977294921875, 896.085693359375], "obj_id": 1}, {"cam_R_m2c": [-0.6478961110115051, 0.6989719271659851, -0.30276811122894287, -0.48787426948547363, -0.0755288228392601, 0.8696401119232178, 0.5849863290786743, 0.7111493349075317, 0.38994544744491577], "cam_t_m2c": [388.978271484375, -193.51878356933594, 987.097900390625], "obj_id": 1}, {"cam_R_m2c": [-0.5573049783706665, 0.6058091521263123, 0.567808210849762, -0.8302547335624695, -0.4143195152282715, -0.3728486895561218, 0.009378938004374504, -0.6792159676551819, 0.733878493309021], "cam_t_m2c": [370.13861083984375, 34.943145751953125, 986.9456787109375], "obj_id": 3}, {"cam_R_m2c": [0.5763878226280212, -0.7550786733627319, 0.3124631643295288, 0.2936021685600281, -0.16548436880111694, -0.9414948225021362, 0.7626104950904846, 0.6344059705734253, 0.1263096034526825], "cam_t_m2c": [229.26626586914062, -170.3437042236328, 1121.967041015625], "obj_id": 1}, {"cam_R_m2c": [0.13219334185123444, 0.906609296798706, 0.4007301330566406, 0.9614676237106323, -0.01896527037024498, -0.27426353096961975, -0.24104993045330048, 0.4215448498725891, -0.8741825819015503], "cam_t_m2c": [340.93157958984375, -195.67689514160156, 691.6022338867188], "obj_id": 1}, {"cam_R_m2c": [0.3327081501483917, -0.566920280456543, -0.7535958290100098, -0.17408247292041779, 0.7484657764434814, -0.6399174332618713, 0.92682284116745, 0.34409356117248535, 0.15032976865768433], "cam_t_m2c": [107.4294204711914, -76.4580078125, 879.2175903320312], "obj_id": 1}, {"cam_R_m2c": [-0.6799961924552917, -0.3214007616043091, 0.6590193510055542, 0.51993727684021, 0.42236965894699097, 0.7424749135971069, -0.5169817805290222, 0.8475289940834045, -0.1201014369726181], "cam_t_m2c": [376.43377685546875, -212.631103515625, 700.259765625], "obj_id": 1}, {"cam_R_m2c": [-0.9710450172424316, -0.01938982680439949, 0.23810821771621704, -0.09835024178028107, -0.8758725523948669, -0.47241348028182983, 0.21771247684955597, -0.4821527898311615, 0.8486047387123108], "cam_t_m2c": [316.5517883300781, -23.011701583862305, 1052.1634521484375], "obj_id": 3}, {"cam_R_m2c": [-0.3296070396900177, -0.7880322933197021, -0.5199657082557678, 0.8034825325012207, -0.5233288407325745, 0.28380054235458374, -0.4957570433616638, -0.32424071431159973, 0.8056630492210388], "cam_t_m2c": [233.52528381347656, -123.84510803222656, 784.4533081054688], "obj_id": 1}, {"cam_R_m2c": [0.5334553122520447, 0.5690292716026306, 0.6258043646812439, 0.741882860660553, 0.04057766869664192, -0.6693005561828613, -0.40624529123306274, 0.8213154673576355, -0.4005066752433777], "cam_t_m2c": [37.0727653503418, -167.2620086669922, 871.9231567382812], "obj_id": 1}, {"cam_R_m2c": [0.6398944854736328, -0.38151296973228455, -0.6670703291893005, 0.5470306873321533, 0.8358073830604553, 0.046727538108825684, 0.5397151708602905, -0.39480865001678467, 0.7435278296470642], "cam_t_m2c": [439.2481384277344, -49.6697998046875, 1077.1944580078125], "obj_id": 1}, {"cam_R_m2c": [-0.0752139613032341, 0.9964807033538818, -0.037001244723796844, 0.8465607166290283, 0.08341889083385468, 0.5257149338722229, 0.5269513726234436, 0.00821730587631464, -0.8498556613922119], "cam_t_m2c": [236.66122436523438, -391.8573303222656, 1036.3935546875], "obj_id": 3}, {"cam_R_m2c": [0.5632247924804688, -0.7072271108627319, 0.4273262023925781, 0.6661587953567505, 0.6946091055870056, 0.27157077193260193, -0.48888689279556274, 0.1317116767168045, 0.8623465895652771], "cam_t_m2c": [218.45172119140625, -318.8520812988281, 838.018798828125], "obj_id": 1}, {"cam_R_m2c": [-0.353469580411911, 0.5760924220085144, 0.7370051145553589, 0.20273523032665253, -0.7219616770744324, 0.661565899848938, 0.9132126569747925, 0.38326042890548706, 0.1383974850177765], "cam_t_m2c": [497.65325927734375, -130.82632446289062, 1137.0556640625], "obj_id": 1}, {"cam_R_m2c": [-0.6848421096801758, -0.6191364526748657, 0.3842669129371643, -0.17570382356643677, -0.3714747428894043, -0.9116657376289368, 0.7071910500526428, -0.6918643712997437, 0.14561709761619568], "cam_t_m2c": [317.1732482910156, -152.3421630859375, 1080.7276611328125], "obj_id": 3}, {"cam_R_m2c": [-0.11819832772016525, 0.7513557076454163, 0.6492254137992859, 0.31413382291793823, 0.6485236287117004, -0.6933519840240479, -0.9419919848442078, 0.12199058383703232, -0.3126806318759918], "cam_t_m2c": [280.8252258300781, -188.31344604492188, 691.1441040039062], "obj_id": 1}, {"cam_R_m2c": [-0.6635821461677551, -0.31931406259536743, 0.6765332221984863, 0.5888580083847046, 0.33482837677001953, 0.7356195449829102, -0.46141618490219116, 0.8865260481834412, -0.03415545076131821], "cam_t_m2c": [195.7439727783203, -216.2235565185547, 781.8807983398438], "obj_id": 3}, {"cam_R_m2c": [-0.5232957005500793, 0.3091782033443451, -0.7940845489501953, 0.5862157344818115, 0.8069377541542053, -0.07212913036346436, 0.6184760332107544, -0.5032497644424438, -0.603512167930603], "cam_t_m2c": [311.8582458496094, 30.27643394470215, 955.4280395507812], "obj_id": 3}, {"cam_R_m2c": [0.3306288421154022, 0.37567827105522156, 0.8657656311988831, 0.7481329441070557, 0.45488396286964417, -0.4830915927886963, -0.5753098726272583, 0.8074318766593933, -0.13065950572490692], "cam_t_m2c": [311.41680908203125, -132.3317413330078, 947.9485473632812], "obj_id": 3}, {"cam_R_m2c": [0.7343511581420898, 0.29150983691215515, 0.6129847764968872, 0.14326566457748413, -0.9493033289909363, 0.2798176407814026, 0.6634781956672668, -0.11766473203897476, -0.7388852834701538], "cam_t_m2c": [372.40057373046875, 36.55769729614258, 978.3677368164062], "obj_id": 3}, {"cam_R_m2c": [-0.22480304539203644, -0.6262323260307312, 0.7465231418609619, 0.5108799338340759, -0.7281373143196106, -0.4569660425186157, 0.8297381401062012, 0.27865636348724365, 0.4836168587207794], "cam_t_m2c": [422.546875, -232.8217315673828, 894.758056640625], "obj_id": 1}, {"cam_R_m2c": [0.7089564800262451, -0.5292839407920837, -0.46608924865722656, 0.6232309341430664, 0.1608550101518631, 0.7653161287307739, -0.3300968110561371, -0.8330570459365845, 0.4439053535461426], "cam_t_m2c": [380.5403137207031, -155.1773681640625, 1146.2864990234375], "obj_id": 3}, {"cam_R_m2c": [-0.39356717467308044, -0.6058749556541443, 0.6913902163505554, 0.4851236939430237, -0.7757210731506348, -0.4036233723163605, 0.7808712720870972, 0.17655685544013977, 0.5992226600646973], "cam_t_m2c": [167.19403076171875, -193.8196563720703, 972.213623046875], "obj_id": 3}, {"cam_R_m2c": [0.1023421585559845, 0.9937146306037903, -0.04535505920648575, 0.9936812520027161, -0.10001366585493088, 0.05093691870570183, 0.046080637723207474, -0.05028146505355835, -0.9976712465286255], "cam_t_m2c": [409.7840881347656, -229.24537658691406, 1058.4658203125], "obj_id": 3}, {"cam_R_m2c": [0.8027699589729309, -0.5819398760795593, 0.13002468645572662, 0.5313562750816345, 0.5991852283477783, -0.5988636016845703, 0.27059370279312134, 0.5498391389846802, 0.7902252674102783], "cam_t_m2c": [404.0378723144531, -191.12493896484375, 765.4788818359375], "obj_id": 1}, {"cam_R_m2c": [-0.13240453600883484, -0.7392749786376953, 0.6602585911750793, 0.9910950660705566, -0.08925081789493561, 0.09881673008203506, -0.014124094508588314, 0.6674628853797913, 0.7445091009140015], "cam_t_m2c": [532.0755004882812, -318.9625244140625, 885.5311889648438], "obj_id": 3}, {"cam_R_m2c": [-0.823377788066864, 0.35225075483322144, -0.44493618607521057, -0.289878249168396, 0.4129718244075775, 0.8633798360824585, 0.48787233233451843, 0.8398652076721191, -0.23792189359664917], "cam_t_m2c": [302.1176452636719, -48.04859924316406, 925.7546997070312], "obj_id": 3}, {"cam_R_m2c": [-0.07741004228591919, -0.9199709296226501, 0.3842669725418091, -0.10310941189527512, -0.3759695887565613, -0.9208774566650391, 0.9916532039642334, -0.11090672016143799, -0.06575381755828857], "cam_t_m2c": [194.6953125, -244.8160858154297, 940.8369140625], "obj_id": 1}, {"cam_R_m2c": [-0.9234116673469543, -0.008240746334195137, 0.3837221562862396, 0.36735278367996216, -0.30860161781311035, 0.877392053604126, 0.1111869364976883, 0.9511556029319763, 0.28799375891685486], "cam_t_m2c": [474.4410095214844, -229.7511749267578, 965.7096557617188], "obj_id": 1}, {"cam_R_m2c": [-0.4052604138851166, -0.8666853308677673, -0.2908957600593567, -0.6274663209915161, 0.49510931968688965, -0.600959837436676, 0.6648683547973633, -0.06101800128817558, -0.7444640398025513], "cam_t_m2c": [490.36492919921875, -262.6232604980469, 810.3902587890625], "obj_id": 1}, {"cam_R_m2c": [0.317575067281723, 0.6694818139076233, 0.6715207695960999, 0.8966689109802246, -0.44237586855888367, 0.016980720683932304, 0.3084328770637512, 0.5967391729354858, -0.7407910823822021], "cam_t_m2c": [105.28014373779297, -47.09285354614258, 1031.522216796875], "obj_id": 1}, {"cam_R_m2c": [0.04319697991013527, 0.9972156882286072, -0.06078444421291351, 0.9077050685882568, -0.013756302185356617, 0.4193829894065857, 0.4173791706562042, -0.0732904002070427, -0.9057719707489014], "cam_t_m2c": [533.2939453125, -351.1952209472656, 834.13916015625], "obj_id": 1}, {"cam_R_m2c": [0.24840986728668213, -0.7655729651451111, 0.5934563875198364, -0.9686495661735535, -0.194271981716156, 0.15484318137168884, -0.0032517826184630394, -0.6133158802986145, -0.7898309826850891], "cam_t_m2c": [270.1455383300781, -24.97327423095703, 967.229248046875], "obj_id": 3}, {"cam_R_m2c": [0.70291668176651, -0.3140901029109955, 0.6381657123565674, 0.6909676790237427, 0.08869191259145737, -0.7174240350723267, 0.16873574256896973, 0.9452412128448486, 0.27936917543411255], "cam_t_m2c": [353.0166320800781, -74.46363830566406, 852.89794921875], "obj_id": 3}, {"cam_R_m2c": [0.3811006546020508, 0.8495063781738281, -0.3648303151130676, 0.9094736576080322, -0.2735353708267212, 0.3131070137023926, 0.1661924123764038, -0.45112887024879456, -0.8768481612205505], "cam_t_m2c": [215.21209716796875, -218.24375915527344, 860.98095703125], "obj_id": 3}, {"cam_R_m2c": [0.49073755741119385, 0.010425289161503315, -0.8712450861930847, -0.5436566472053528, 0.7850679755210876, -0.29682600498199463, 0.6808921098709106, 0.619321882724762, 0.3909301161766052], "cam_t_m2c": [118.45609283447266, -124.85771942138672, 823.9151000976562], "obj_id": 1}, {"cam_R_m2c": [-0.43106144666671753, 0.7162472605705261, -0.5487948656082153, 0.35517171025276184, -0.42442014813423157, -0.8328988552093506, -0.8294811844825745, -0.5539470314979553, -0.07143954932689667], "cam_t_m2c": [372.67962646484375, -164.5048370361328, 955.427001953125], "obj_id": 3}, {"cam_R_m2c": [-0.570019543170929, 0.32975974678993225, 0.7525531053543091, -0.7231611013412476, -0.6361387372016907, -0.2690082788467407, 0.39002010226249695, -0.6975570917129517, 0.6010810136795044], "cam_t_m2c": [164.30001831054688, -274.55780029296875, 888.653564453125], "obj_id": 1}, {"cam_R_m2c": [-0.14314837753772736, -0.7554177045822144, 0.6394159197807312, 0.6515893340110779, 0.41435834765434265, 0.6354042291641235, -0.7449429035186768, 0.5075936317443848, 0.4329073429107666], "cam_t_m2c": [207.90382385253906, -303.9360656738281, 795.7942504882812], "obj_id": 1}, {"cam_R_m2c": [0.26113051176071167, -0.16351668536663055, 0.9513533115386963, 0.2647499442100525, 0.9598882794380188, 0.09231424331665039, -0.9282878637313843, 0.22776468098163605, 0.29394716024398804], "cam_t_m2c": [307.08233642578125, -212.93226623535156, 1031.2861328125], "obj_id": 3}, {"cam_R_m2c": [0.19294747710227966, 0.79674232006073, -0.5726890563964844, 0.1280212253332138, -0.599108874797821, -0.7903662323951721, -0.9728214740753174, 0.07918274402618408, -0.2175963670015335], "cam_t_m2c": [420.4630432128906, 58.78097915649414, 933.0349731445312], "obj_id": 3}, {"cam_R_m2c": [-0.5272356867790222, -0.7771012187004089, -0.3437093496322632, -0.7003028988838196, 0.6264818906784058, -0.3421933650970459, 0.48124656081199646, 0.0602840892970562, -0.8745098114013672], "cam_t_m2c": [523.6571044921875, -91.74972534179688, 1103.69482421875], "obj_id": 3}, {"cam_R_m2c": [0.7612472176551819, -0.43897148966789246, -0.47729095816612244, 0.6401270031929016, 0.6263272166252136, 0.44491758942604065, 0.10363417118787766, -0.6442191004753113, 0.7577873468399048], "cam_t_m2c": [213.40704345703125, -371.6328125, 865.6748046875], "obj_id": 1}, {"cam_R_m2c": [-0.4579375982284546, -0.43813759088516235, -0.7735170125961304, -0.8518643975257874, 0.465080201625824, 0.24088887870311737, 0.25420495867729187, 0.7692436575889587, -0.5862115025520325], "cam_t_m2c": [363.66864013671875, -196.47019958496094, 1136.0828857421875], "obj_id": 1}, {"cam_R_m2c": [0.020722616463899612, 0.8579465746879578, -0.5133206248283386, -0.15102380514144897, -0.5048530697822571, -0.8498911261558533, -0.9883127808570862, 0.09513553231954575, 0.11910862475633621], "cam_t_m2c": [372.15899658203125, -212.32318115234375, 1154.564208984375], "obj_id": 3}, {"cam_R_m2c": [-0.7375698089599609, -0.5848020315170288, 0.33763471245765686, -0.045666325837373734, -0.45565739274024963, -0.8889830112457275, 0.6737248301506042, -0.6711056232452393, 0.30937349796295166], "cam_t_m2c": [361.28582763671875, -86.6471939086914, 920.1790161132812], "obj_id": 3}, {"cam_R_m2c": [-0.6090421080589294, 0.2526802718639374, 0.7518112659454346, 0.4779199957847595, -0.6395668387413025, 0.6021183729171753, 0.6329771280288696, 0.7260211706161499, 0.2687623202800751], "cam_t_m2c": [71.31512451171875, 10.309078216552734, 1009.7221069335938], "obj_id": 3}, {"cam_R_m2c": [0.9211582541465759, 0.299805611371994, -0.2481614202260971, 0.3827400803565979, -0.582253634929657, 0.7172799110412598, 0.07055164873600006, -0.7557096481323242, -0.6510953307151794], "cam_t_m2c": [273.2445373535156, 39.026607513427734, 983.0646362304688], "obj_id": 3}, {"cam_R_m2c": [0.7470040321350098, 0.5422221422195435, -0.3846818208694458, -0.6126182079315186, 0.7861657738685608, -0.08150063455104828, 0.2582322359085083, 0.2965444028377533, 0.9194441437721252], "cam_t_m2c": [195.72662353515625, -366.5207214355469, 963.8901977539062], "obj_id": 3}, {"cam_R_m2c": [-0.8522751331329346, 0.23272381722927094, -0.4684726595878601, -0.45747965574264526, -0.7658882737159729, 0.45180457830429077, -0.25365206599235535, 0.5993785262107849, 0.7592140436172485], "cam_t_m2c": [214.51226806640625, -142.60960388183594, 970.6119384765625], "obj_id": 3}, {"cam_R_m2c": [-0.6816712021827698, 0.7014539837837219, -0.20805442333221436, 0.5337702035903931, 0.28228652477264404, -0.7971221208572388, -0.5004135370254517, -0.6544284820556641, -0.5668418407440186], "cam_t_m2c": [243.231689453125, -356.0813293457031, 821.3914184570312], "obj_id": 3}, {"cam_R_m2c": [0.6858333945274353, -0.5716314315795898, 0.4504108726978302, 0.6345365643501282, 0.7727562189102173, 0.014532026834785938, -0.35636475682258606, 0.27583563327789307, 0.892703115940094], "cam_t_m2c": [216.67530822753906, -162.3043975830078, 1133.28076171875], "obj_id": 1}, {"cam_R_m2c": [-0.9440821409225464, 0.30180492997169495, 0.1327502280473709, -0.26109403371810913, -0.43846413493156433, -0.8599878549575806, -0.20134237408638, -0.846559464931488, 0.49274566769599915], "cam_t_m2c": [305.7029724121094, -433.8117370605469, 936.7182006835938], "obj_id": 3}, {"cam_R_m2c": [-0.49912530183792114, 0.7246142029762268, -0.475193053483963, -0.5302762389183044, 0.17829713225364685, 0.828865110874176, 0.6853329539299011, 0.6656910181045532, 0.2952529489994049], "cam_t_m2c": [204.40960693359375, -189.3939666748047, 916.3282470703125], "obj_id": 1}, {"cam_R_m2c": [-0.39556199312210083, 0.6746232509613037, 0.6232287883758545, -0.8564746379852295, -0.025927046313881874, -0.5155375003814697, -0.33163511753082275, -0.73770672082901, 0.5880535244941711], "cam_t_m2c": [261.3581237792969, 25.687782287597656, 967.0623779296875], "obj_id": 3}, {"cam_R_m2c": [0.8589762449264526, -0.5106047987937927, -0.03798091039061546, -0.2372061014175415, -0.4625879228115082, 0.8542514443397522, -0.45375439524650574, -0.7247723340988159, -0.5184705853462219], "cam_t_m2c": [272.2115478515625, -166.9400177001953, 740.708251953125], "obj_id": 3}, {"cam_R_m2c": [-0.7131423950195312, 0.190914124250412, 0.674521803855896, 0.6392719149589539, -0.21775247156620026, 0.737506091594696, 0.28767913579940796, 0.9571497440338135, 0.03324252739548683], "cam_t_m2c": [281.3468933105469, -210.23365783691406, 750.0326538085938], "obj_id": 1}, {"cam_R_m2c": [-0.446174681186676, -0.21624429523944855, -0.868427574634552, 0.731760561466217, -0.6467944979667664, -0.21490272879600525, -0.5152227282524109, -0.7313652634620667, 0.44682249426841736], "cam_t_m2c": [488.968505859375, -268.64105224609375, 767.2694091796875], "o