{
  "0": [{"cam_R_m2c": [-0.13596297800540924, 0.6201193332672119, -0.7726356387138367, 0.988048255443573, 0.1420447677373886, -0.059864506125450134, 0.07262563705444336, -0.7715407609939575, -0.6320206522941589], "cam_t_m2c": [-286.8692321777344, -19.701171875, 273.3967590332031], "obj_id": 0}, {"cam_R_m2c": [0.07163818925619125, -0.5102158784866333, 0.8570575714111328, 0.30125701427459717, 0.8302034735679626, 0.469048410654068, -0.9508481025695801, 0.22459286451339722, 0.21318040788173676], "cam_t_m2c": [-450.25494384765625, -148.50352478027344, 703.431640625], "obj_id": 3}, {"cam_R_m2c": [0.28543350100517273, 0.6891088485717773, 0.6660756468772888, -0.9444528818130493, 0.32037433981895447, 0.07327353209257126, -0.16290010511875153, -0.6499917507171631, 0.7422763705253601], "cam_t_m2c": [-455.3553771972656, -130.822998046875, 640.1888427734375], "obj_id": 1}],
  "1": [{"cam_R_m2c": [0.6432657241821289, 0.7596575617790222, -0.095548614859581, 0.45074203610420227, -0.47661417722702026, -0.7547650933265686, -0.6189029216766357, 0.4424467086791992, -0.6489991545677185], "cam_t_m2c": [-24.431549072265625, 67.02273559570312, 862.8253173828125], "obj_id": 1}, {"cam_R_m2c": [0.6432657241821289, 0.7596575617790222, -0.095548614859581, 0.45074203610420227, -0.47661417722702026, -0.7547650933265686, -0.6189029216766357, 0.4424467086791992, -0.6489991545677185], "cam_t_m2c": [-24.431549072265625, 67.02273559570312, 862.8253173828125], "obj_id": 0}, {"cam_R_m2c": [0.6432657241821289, 0.7596575617790222, -0.095548614859581, 0.45074203610420227, -0.47661417722702026, -0.7547650933265686, -0.6189029216766357, 0.4424467086791992, -0.6489991545677185], "cam_t_m2c": [-24.431549072265625, 67.02273559570312, 862.8253173828125], "obj_id": 0}, {"cam_R_m2c": [0.6432657241821289, 0.7596575617790222, -0.095548614859581, 0.45074203610420227, -0.47661417722702026, -0.7547650933265686, -0.6189029216766357, 0.4424467086791992, -0.6489991545677185], "cam_t_m2c": [-24.431549072265625, 67.02273559570312, 862.8253173828125], "obj_id": 0}, {"cam_R_m2c": [0.6432657241821289, 0.7596575617790222, -0.095548614859581, 0.45074203610420227, -0.47661417722702026, -0.7547650933265686, -0.6189029216766357, 0.4424467086791992, -0.6489991545677185], "cam_t_m2c": [-24.431549072265625, 67.02273559570312, 862.8253173828125], "obj_id": 1}, {"cam_R_m2c": [0.6432657241821289, 0.7596575617790222, -0.095548614859581, 0.45074203610420227, -0.47661417722702026, -0.7547650933265686, -0.6189029216766357, 0.4424467086791992, -0.6489991545677185], "cam_t_m2c": [-24.431549072265625, 67.02273559570312, 862.8253173828125], "obj_id": 3}, {"cam_R_m2c": [0.6432657241821289, 0.7596575617790222, -0.095548614859581, 0.45074203610420227, -0.47661417722702026, -0.7547650933265686, -0.6189029216766357, 0.4424467086791992, -0.6489991545677185], "cam_t_m2c": [-24.431549072265625, 67.02273559570312, 862.8253173828125], "obj_id": 3}, {"cam_R_m2c": [0.6432657241821289, 0.7596575617790222, -0.095548614859581, 0.45074203610420227, -0.47661417722702026, -0.7547650933265686, -0.6189029216766357, 0.4424467086791992, -0.6489991545677185], "cam_t_m2c": [-24.431549072265625, 67.02273559570312, 862.8253173828125], "obj_id": 1}, {"cam_R_m2c": [0.9820083975791931, -0.10475392639636993, 0.15711800754070282, -0.17815281450748444, -0.7898290157318115, 0.5868828892707825, 0.06261807680130005, -0.6043149828910828, -0.7942809462547302], "cam_t_m2c": [132.0065155029297, 126.57853698730469, 784.9641723632812], "obj_id": 3}, {"cam_R_m2c": [0.07604945451021194, 0.9934828281402588, 0.0849013552069664, 0.6652071475982666, -0.11398070305585861, 0.7379076480865479, 0.7427757382392883, 0.00035957040381617844, -0.6695399880409241], "cam_t_m2c": [-134.17344665527344, 252.02944946289062, 695.482666015625], "obj_id": 1}, {"cam_R_m2c": [-0.4998641610145569, -0.8046392798423767, 0.320454865694046, -0.8562010526657104, 0.4032905697822571, -0.3229185938835144, 0.1305965781211853, -0.4357892572879791, -0.8905234932899475], "cam_t_m2c": [-137.17359924316406, 21.07151985168457, 837.6635131835938], "obj_id": 1}, {"cam_R_m2c": [0.3214951753616333, 0.9020499587059021, 0.28800466656684875, 0.6586382389068604, -0.43154823780059814, 0.6164103746414185, 0.6803208589553833, -0.008482062257826328, -0.7328653335571289], "cam_t_m2c": [-145.87966918945312, -76.39608001708984, 993.0835571289062], "obj_id": 0}],
  "2": [{"cam_R_m2c": [0.6432657241821289, 0.7596575617790222, -0.095548614859581, 0.45074203610420227, -0.47661417722702026, -0.7547650933265686, -0.6189029216766357, 0.4424467086791992, -0.6489991545677185], "cam_t_m2c": [-24.431549072265625, 67.02273559570312, 862.8253173828125], "obj_id": 1}, {"cam_R_m2c": [0.6432657241821289, 0.7596575617790222, -0.095548614859581, 0.45074203610420227, -0.47661417722702026, -0.7547650933265686, -0.6189029216766357, 0.4424467086791992, -0.6489991545677185], "cam_t_m2c": [-24.431549072265625, 67.02273559570312, 862.8253173828125], "obj_id": 0}, {"cam_R_m2c": [0.6432657241821289, 0.7596575617790222, -0.095548614859581, 0.45074203610420227, -0.47661417722702026, -0.7547650933265686, -0.6189029216766357, 0.4424467086791992, -0.6489991545677185], "cam_t_m2c": [-24.431549072265625, 67.02273559570312, 862.8253173828125], "obj_id": 0}, {"cam_R_m2c": [0.6432657241821289, 0.7596575617790222, -0.095548614859581, 0.45074203610420227, -0.47661417722702026, -0.7547650933265686, -0.6189029216766357, 0.4424467086791992, -0.6489991545677185], "cam_t_m2c": [-24.431549072265625, 67.02273559570312, 862.8253173828125], "obj_id": 0}, {"cam_R_m2c": [0.6432657241821289, 0.7596575617790222, -0.095548614859581, 0.45074203610420227, -0.47661417722702026, -0.7547650933265686, -0.6189029216766357, 0.4424467086791992, -0.6489991545677185], "cam_t_m2c": [-24.431549072265625, 67.02273559570312, 862.8253173828125], "obj_id": 1}, {"cam_R_m2c": [0.6432657241821289, 0.7596575617790222, -0.095548614859581, 0.45074203610420227, -0.47661417722702026, -0.7547650933265686, -0.6189029216766357, 0.4424467086791992, -0.6489991545677185], "cam_t_m2c": [-24.431549072265625, 67.02273559570312, 862.8253173828125], "obj_id": 3}, {"cam_R_m2c": [0.6432657241821289, 0.7596575617790222, -0.095548614859581, 0.45074203610420227, -0.47661417722702026, -0.7547650933265686, -0.6189029216766357, 0.4424467086791992, -0.6489991545677185], "cam_t_m2c": [-24.431549072265625, 67.02273559570312, 862.8253173828125], "obj_id": 3}, {"cam_R_m2c": [0.6432657241821289, 0.7596575617790222, -0.095548614859581, 0.45074203610420227, -0.47661417722702026, -0.7547650933265686, -0.6189029216766357, 0.4424467086791992, -0.6489991545677185], "cam_t_m2c": [-24.431549072265625, 67.02273559570312, 862.8253173828125], "obj_id": 1}, {"cam_R_m2c": [0.9820083975791931, -0.10475392639636993, 0.15711800754070282, -0.17815281450748444, -0.7898290157318115, 0.5868828892707825, 0.06261807680130005, -0.6043149828910828, -0.7942809462547302], "cam_t_m2c": [132.0065155029297, 126.57853698730469, 784.9641723632812], "obj_id": 3}, {"cam_R_m2c": [0.07604945451021194, 0.9934828281402588, 0.0849013552069664, 0.6652071475982666, -0.11398070305585861, 0.7379076480865479, 0.7427757382392883, 0.00035957040381617844, -0.6695399880409241], "cam_t_m2c": [-134.17344665527344, 252.02944946289062, 695.482666015625], "obj_id": 1}, {"cam_R_m2c": [-0.4998641610145569, -0.8046392798423767, 0.320454865694046, -0.8562010526657104, 0.4032905697822571, -0.3229185938835144, 0.1305965781211853, -0.4357892572879791, -0.8905234932899475], "cam_t_m2c": [-137.17359924316406, 21.07151985168457, 837.6635131835938], "obj_id": 1}, {"cam_R_m2c": [0.3214951753616333, 0.9020499587059021, 0.28800466656684875, 0.6586382389068604, -0.43154823780059814, 0.6164103746414185, 0.6803208589553833, -0.008482062257826328, -0.7328653335571289], "cam_t_m2c": [-145.87966918945312, -76.39608001708984, 993.0835571289062], "obj_id": 0}]
}