{
  "0": [{"cam_R_m2c": [0.6958659291267395, 0.708573579788208, 0.11702169477939606, 0.37413814663887024, -0.21858689188957214, -0.9012438058853149, -0.6130181550979614, 0.670927107334137, -0.4172115921974182], "cam_t_m2c": [-146.5769500732422, -109.119873046875, 415.3697204589844], "obj_id": 1}, {"cam_R_m2c": [-0.18929368257522583, -0.9502609372138977, 0.24732962250709534, -0.9518507719039917, 0.11572330445051193, -0.2838805317878723, 0.24113880097866058, -0.2891576886177063, -0.9264123439788818], "cam_t_m2c": [-105.66179656982422, 230.70684814453125, 270.33062744140625], "obj_id": 2}, {"cam_R_m2c": [-0.5012796521186829, 0.14502495527267456, 0.8530452847480774, -0.04036932811141014, 0.980861246585846, -0.190477192401886, -0.864342987537384, -0.12991921603679657, -0.48583123087882996], "cam_t_m2c": [67.98262786865234, 204.15472412109375, 256.0354309082031], "obj_id": 3}, {"cam_R_m2c": [0.33320894837379456, -0.38849398493766785, 0.8590950965881348, 0.6225550770759583, -0.5936415195465088, -0.5099169015884399, 0.7080940008163452, 0.7047428488731384, 0.04405207931995392], "cam_t_m2c": [83.45252227783203, 242.85134887695312, 24.011924743652344], "obj_id": 4}, {"cam_R_m2c": [-0.4354839622974396, 0.8391731977462769, 0.3257944583892822, 0.6970010995864868, 0.08529093116521835, 0.7119795083999634, 0.5696868300437927, 0.5371347665786743, -0.622047483921051], "cam_t_m2c": [-295.33270263671875, 123.94026184082031, 298.3658752441406], "obj_id": 5}, {"cam_R_m2c": [0.2825337052345276, -0.7008999586105347, 0.6549152135848999, 0.6098485589027405, -0.39575302600860596, -0.686632513999939, 0.7404453754425049, 0.5933959484100342, 0.3156293034553528], "cam_t_m2c": [-352.8472595214844, 36.55400085449219, 141.6555938720703], "obj_id": 6}, {"cam_R_m2c": [0.23322924971580505, 0.23798836767673492, -0.9428497552871704, -0.7651082873344421, -0.5535187125205994, -0.3289778232574463, -0.6001778244972229, 0.7981094121932983, 0.05299009755253792], "cam_t_m2c": [153.58370971679688, 192.22779846191406, 233.21498107910156], "obj_id": 7}, {"cam_R_m2c": [-0.18295660614967346, 0.9458938837051392, -0.26797664165496826, 0.9795517921447754, 0.19859519600868225, 0.032220788300037384, 0.08369631320238113, -0.2566019892692566, -0.9628863334655762], "cam_t_m2c": [-14.474884033203125, 264.96630859375, -20.722322463989258], "obj_id": 8}, {"cam_R_m2c": [0.2972383201122284, 0.9073905944824219, -0.2971387207508087, -0.5754324793815613, -0.0780959203839302, -0.8141118884086609, -0.7619229555130005, 0.4129684567451477, 0.49892914295196533], "cam_t_m2c": [-145.5142059326172, 40.10101318359375, 274.462890625], "obj_id": 9}, {"cam_R_m2c": [-0.18938110768795013, -0.9659754633903503, 0.1761425882577896, 0.8420918583869934, -0.2520400881767273, -0.4768197238445282, 0.5049911737442017, 0.05802759528160095, 0.8611717224121094], "cam_t_m2c": [-186.05447387695312, 181.04515075683594, 205.15322875976562], "obj_id": 1}, {"cam_R_m2c": [-0.6320099234580994, 0.7723461985588074, 0.06359989941120148, -0.4291812479496002, -0.28049930930137634, -0.8585591316223145, -0.6452651023864746, -0.5699136853218079, 0.5087547302246094], "cam_t_m2c": [60.41593551635742, 219.17303466796875, 335.9625244140625], "obj_id": 2}, {"cam_R_m2c": [-0.3025723993778229, 0.7624086141586304, -0.5719993710517883, -0.2684336006641388, -0.6440010666847229, -0.7163841724395752, -0.9145455360412598, -0.06321416050195694, 0.3995128571987152], "cam_t_m2c": [-29.59641456604004, 260.63311767578125, 45.49773025512695], "obj_id": 3}, {"cam_R_m2c": [-0.7988857626914978, 0.4628779888153076, -0.3840908110141754, 0.4673994481563568, 0.07582078129053116, -0.8807889223098755, -0.3785756826400757, -0.883173406124115, -0.2769211530685425], "cam_t_m2c": [-272.49114990234375, 215.2626495361328, 53.07221221923828], "obj_id": 4}, {"cam_R_m2c": [-0.24330025911331177, 0.5207433700561523, -0.8183100819587708, 0.9698660969734192, 0.14177635312080383, -0.1981394737958908, 0.01283723209053278, -0.8418585658073425, -0.5395455956459045], "cam_t_m2c": [53.232723236083984, 370.7973327636719, 139.80389404296875], "obj_id": 5}, {"cam_R_m2c": [-0.8863415718078613, -0.1366601139307022, 0.44240570068359375, 0.40728411078453064, -0.6846195459365845, 0.604496419429779, 0.22026900947093964, 0.7159750461578369, 0.6624661087989807], "cam_t_m2c": [-8.573254585266113, 377.6494140625, 67.00523376464844], "obj_id": 6}, {"cam_R_m2c": [-0.17870959639549255, -0.9830021262168884, -0.04206957668066025, 0.7913966774940491, -0.11820760369300842, -0.5997652411460876, 0.5845975279808044, -0.1404774934053421, 0.799069344997406], "cam_t_m2c": [-10.754437446594238, 165.256591796875, 165.5164794921875], "obj_id": 7}, {"cam_R_m2c": [0.6647763252258301, -0.3621358275413513, 0.6533988118171692, 0.5821970105171204, -0.2969134747982025, -0.7568941712379456, 0.46810153126716614, 0.8835721611976624, 0.013453438878059387], "cam_t_m2c": [-227.40652465820312, 354.404541015625, 107.0687255859375], "obj_id": 1}, {"cam_R_m2c": [-0.18318384885787964, -0.9586248993873596, -0.21790379285812378, 0.8867706656455994, -0.06544750928878784, -0.45755264163017273, 0.42436009645462036, -0.27704691886901855, 0.862069308757782], "cam_t_m2c": [-157.23745727539062, 186.6868896484375, 273.7891845703125], "obj_id": 2}, {"cam_R_m2c": [0.3439406454563141, -0.2484510838985443, 0.905525803565979, 0.13165491819381714, 0.9675936698913574, 0.21547505259513855, -0.9297160506248474, 0.04510628432035446, 0.36550459265708923], "cam_t_m2c": [-198.780029296875, 42.70760726928711, 393.27508544921875], "obj_id": 3}, {"cam_R_m2c": [-0.32076069712638855, 0.1482921838760376, 0.9354795217514038, 0.31688180565834045, -0.9139511585235596, 0.25353315472602844, 0.8925796151161194, 0.3777599036693573, 0.2461686134338379], "cam_t_m2c": [129.416748046875, 214.9009552001953, 143.4203643798828], "obj_id": 4}, {"cam_R_m2c": [0.6277146935462952, 0.6350981593132019, 0.4501384198665619, -0.5935600399971008, 0.7646198868751526, -0.25108346343040466, -0.5036474466323853, -0.10957540571689606, 0.8569320440292358], "cam_t_m2c": [-37.2816162109375, -17.000076293945312, 288.73583984375], "obj_id": 5}, {"cam_R_m2c": [-0.10457229614257812, -0.09657805413007736, -0.9898168444633484, 0.8082849979400635, 0.5716180205345154, -0.14116749167442322, 0.5794308185577393, -0.8148162961006165, 0.01828717067837715], "cam_t_m2c": [-354.22210693359375, 90.30799865722656, 36.11988067626953], "obj_id": 6}, {"cam_R_m2c": [-0.29498952627182007, 0.9099324941635132, 0.29155462980270386, 0.9540129899978638, 0.26346465945243835, 0.14298787713050842, 0.05329497158527374, 0.3203268349170685, -0.9458067417144775], "cam_t_m2c": [-223.49261474609375, 41.71072769165039, 337.85089111328125], "obj_id": 7}, {"cam_R_m2c": [0.3206821382045746, -0.9444181323051453, 0.07237036526203156, 0.31127071380615234, 0.03291453421115875, -0.9497511982917786, 0.8945801258087158, 0.32709506154060364, 0.3045247495174408], "cam_t_m2c": [-216.196044921875, 209.8534698486328, 30.202064514160156], "obj_id": 8}, {"cam_R_m2c": [0.9618151783943176, -0.24424178898334503, 0.12352144718170166, 0.15281568467617035, 0.10480687767267227, -0.9826814532279968, 0.22706599533557892, 0.9640339016914368, 0.1381288319826126], "cam_t_m2c": [123.88382720947266, 237.32118225097656, 338.5943908691406], "obj_id": 1}, {"cam_R_m2c": [-0.15032903850078583, 0.9534038305282593, 0.261576384305954, 0.7756074070930481, -0.050334226340055466, 0.6292054057121277, 0.6130531430244446, 0.29746851325035095, -0.7319003343582153], "cam_t_m2c": [-175.26531982421875, 41.545631408691406, 357.2341613769531], "obj_id": 2}, {"cam_R_m2c": [0.5239167213439941, -0.15261828899383545, -0.8379850387573242, 0.6182935833930969, 0.7448192238807678, 0.25091299414634705, 0.5858535170555115, -0.6495782732963562, 0.4845861494541168], "cam_t_m2c": [-206.1727294921875, 140.90963745117188, 211.29148864746094], "obj_id": 3}, {"cam_R_m2c": [-0.7234340310096741, 0.4000056982040405, -0.5627065896987915, 0.5708053112030029, 0.8050294518470764, -0.16158263385295868, 0.388361394405365, -0.4380902647972107, -0.8107110857963562], "cam_t_m2c": [-1.2951371669769287, 254.14019775390625, 208.60768127441406], "obj_id": 4}, {"cam_R_m2c": [0.15932513773441315, -0.9861597418785095, -0.04587395489215851, 0.28360041975975037, 0.0012109846575185657, 0.9589417576789856, -0.945614218711853, -0.16579340398311615, 0.2798682749271393], "cam_t_m2c": [-359.40472412109375, 194.671875, 107.7412338256836], "obj_id": 5}, {"cam_R_m2c": [-0.2602654695510864, -0.18714019656181335, -0.9472277164459229, 0.735032856464386, 0.5977388024330139, -0.32005468010902405, 0.6260898113250732, -0.7795427441596985, -0.018016550689935684], "cam_t_m2c": [-243.38316345214844, 179.59707641601562, 236.78857421875], "obj_id": 6}, {"cam_R_m2c": [-0.2714819610118866, -0.7192302346229553, -0.6395352482795715, 0.8774046301841736, 0.08814334869384766, -0.4715844392776489, 0.395548552274704, -0.6891578435897827, 0.6071266531944275], "cam_t_m2c": [193.9993133544922, 96.3725357055664, 237.5654296875], "obj_id": 7}, {"cam_R_m2c": [0.41949304938316345, 0.724859893321991, 0.5464463829994202, 0.621610701084137, 0.20931002497673035, -0.7548438906669617, -0.6615327596664429, 0.6563287377357483, -0.3627765476703644], "cam_t_m2c": [-226.97344970703125, 82.15250396728516, 397.1883239746094], "obj_id": 1}, {"cam_R_m2c": [0.8351938724517822, -0.5355916619300842, 0.12487100064754486, 0.04293559491634369, 0.2898648977279663, 0.9561039805412292, -0.5482770204544067, -0.7931708097457886, 0.26508933305740356], "cam_t_m2c": [-198.64381408691406, 117.5421371459961, 195.7095947265625], "obj_id": 2}, {"cam_R_m2c": [0.6857642531394958, -0.018074138090014458, 0.7275993227958679, -0.710822343826294, -0.23144420981407166, 0.6642026901245117, 0.15639373660087585, -0.9726802706718445, -0.17156367003917694], "cam_t_m2c": [-57.69879913330078, 366.5954284667969, 52.092979431152344], "obj_id": 3}, {"cam_R_m2c": [-0.6452018618583679, 0.5264744758605957, -0.5536597371101379, -0.7572559714317322, -0.5368316173553467, 0.37198808789253235, -0.10137983411550522, 0.6592695713043213, 0.745040774345398], "cam_t_m2c": [-58.89949417114258, 296.9012145996094, 107.02666473388672], "obj_id": 4}, {"cam_R_m2c": [-0.17590798437595367, 0.48155367374420166, 0.8585817217826843, -0.9351423978805542, 0.19071261584758759, -0.2985590398311615, -0.30751460790634155, -0.8554149866104126, 0.41677331924438477], "cam_t_m2c": [-124.24671173095703, 259.1484680175781, 279.2910461425781], "obj_id": 5}, {"cam_R_m2c": [-0.13140693306922913, -0.40191173553466797, 0.9062004685401917, -0.5639500617980957, 0.7821028828620911, 0.26509523391723633, -0.8152868747711182, -0.4762164354324341, -0.3294318914413452], "cam_t_m2c": [121.62364959716797, 151.49630737304688, 181.9120635986328], "obj_id": 6}, {"cam_R_m2c": [-0.5851711630821228, 0.399263471364975, -0.7058070302009583, 0.7885662913322449, 0.48309019207954407, -0.38050901889801025, 0.18904511630535126, -0.7792384624481201, -0.5975362062454224], "cam_t_m2c": [-164.37484741210938, 380.5660400390625, 101.59353637695312], "obj_id": 1}, {"cam_R_m2c": [0.08193811029195786, -0.011217302642762661, 0.996574342250824, 0.5409279465675354, -0.8393387198448181, -0.05392247065901756, 0.8370682001113892, 0.5434932112693787, -0.06270614266395569], "cam_t_m2c": [-366.6187438964844, 156.27145385742188, 154.04685974121094], "obj_id": 2}, {"cam_R_m2c": [0.5067313313484192, 0.19582200050354004, 0.8395695686340332, -0.8493334054946899, 0.28039899468421936, 0.44722387194633484, -0.14783819019794464, -0.9396968483924866, 0.3084051311016083], "cam_t_m2c": [27.31270980834961, 277.3271179199219, 282.4373474121094], "obj_id": 3}, {"cam_R_m2c": [-0.5544655919075012, 0.7370215654373169, 0.3864803612232208, 0.07739336043596268, 0.5080581307411194, -0.8578386902809143, -0.8286001086235046, -0.4457310438156128, -0.3387413024902344], "cam_t_m2c": [-123.15766906738281, 166.97711181640625, 403.1388854980469], "obj_id": 4}, {"cam_R_m2c": [0.03566550463438034, -0.40692731738090515, 0.9127640724182129, -0.8729768395423889, 0.43189918994903564, 0.2266596555709839, -0.48645609617233276, -0.8049057722091675, -0.33983421325683594], "cam_t_m2c": [-68.73993682861328, 362.8783264160156, 146.38388061523438], "obj_id": 5}, {"cam_R_m2c": [0.3933611512184143, 0.8881794214248657, 0.23749563097953796, -0.7294580936431885, 0.458740770816803, -0.5073930025100708, -0.5596050024032593, 0.026345547288656235, 0.8283405900001526], "cam_t_m2c": [-141.9917449951172, 13.664661407470703, 271.3194274902344], "obj_id": 6}, {"cam_R_m2c": [-0.39981013536453247, 0.8437795639038086, 0.35803332924842834, 0.4332444965839386, -0.1702592670917511, 0.885048508644104, 0.8077443838119507, 0.508967399597168, -0.2974914312362671], "cam_t_m2c": [-175.4510040283203, -23.99782371520996, 245.1968536376953], "obj_id": 7}, {"cam_R_m2c": [0.2997748553752899, -0.25010189414024353, 0.9206432700157166, -0.4437297582626343, 0.8177324533462524, 0.3666299879550934, -0.844534695148468, -0.5184232592582703, 0.13415798544883728], "cam_t_m2c": [-83.93179321289062, 79.43759155273438, 367.628173828125], "obj_id": 8}, {"cam_R_m2c": [-0.10505791008472443, 0.9918378591537476, -0.07225316762924194, 0.8739495873451233, 0.1267508864402771, 0.469197541475296, 0.474526047706604, -0.01385271456092596, -0.8801324367523193], "cam_t_m2c": [-326.79840087890625, 178.52064514160156, 143.0255889892578], "obj_id": 1}, {"cam_R_m2c": [0.005588667932897806, 0.9365547299385071, -0.35047680139541626, 0.6734325289726257, 0.2555652856826782, 0.6936677694320679, 0.7392275333404541, -0.2398991733789444, -0.6292781829833984], "cam_t_m2c": [-171.66616821289062, 46.27785110473633, 184.45030212402344], "obj_id": 2}, {"cam_R_m2c": [-0.0586051382124424, -0.8297138214111328, 0.5551038980484009, 0.6473408341407776, -0.45488762855529785, -0.6115775108337402, 0.7599442601203918, 0.3234998285770416, 0.5637664198875427], "cam_t_m2c": [-285.8316650390625, 198.8732147216797, 58.877593994140625], "obj_id": 3}, {"cam_R_m2c": [0.07021915912628174, 0.7289795875549316, -0.6809244155883789, 0.44532933831214905, 0.5879024863243103, 0.675316572189331, 0.892609179019928, -0.35065582394599915, -0.2833539843559265], "cam_t_m2c": [-260.8700256347656, 25.421354293823242, 219.82774353027344], "obj_id": 4}, {"cam_R_m2c": [-0.4445902407169342, -0.8956452012062073, 0.012616955675184727, 0.8946624994277954, -0.44332554936408997, 0.055148713290691376, -0.04380026087164879, 0.03580649942159653, 0.9983984231948853], "cam_t_m2c": [58.940765380859375, 181.27601623535156, 184.09945678710938], "obj_id": 5}, {"cam_R_m2c": [0.6833459138870239, 0.6835343837738037, -0.25655239820480347, -0.4071522057056427, 0.06509826332330704, -0.9110375642776489, -0.6060243248939514, 0.7270097136497498, 0.3227871358394623], "cam_t_m2c": [-189.340576171875, -37.99293899536133, 434.15087890625], "obj_id": 6}, {"cam_R_m2c": [-0.3467632234096527, 0.06419341266155243, -0.9357534646987915, 0.9322813153266907, -0.08595667034387589, -0.35137319564819336, -0.10299006849527359, -0.994228720664978, -0.030039750039577484], "cam_t_m2c": [-301.07305908203125, 50.42232894897461, 210.9678955078125], "obj_id": 7}, {"cam_R_m2c": [-0.11321235448122025, -0.9334320425987244, 0.3404228091239929, 0.8372626900672913, -0.2741018533706665, -0.4731379449367523, 0.5349525809288025, 0.23145829141139984, 0.8125594258308411], "cam_t_m2c": [-270.4179992675781, 95.80199432373047, 261.0711669921875], "obj_id": 1}, {"cam_R_m2c": [0.033078040927648544, -0.3969966173171997, -0.9172238111495972, -0.741867184638977, -0.6247183680534363, 0.24363909661769867, -0.6697304844856262, 0.6723991632461548, -0.31518319249153137], "cam_t_m2c": [-321.8644714355469, 101.04952239990234, 24.6616153717041], "obj_id": 2}, {"cam_R_m2c": [-0.12246395647525787, 0.9806123971939087, -0.15297682583332062, 0.6062425971031189, -0.04812656715512276, -0.7938222289085388, -0.7857941389083862, -0.1899556964635849, -0.5885952115058899], "cam_t_m2c": [-40.395259857177734, 101.61088562011719, 267.385498046875], "obj_id": 3}, {"cam_R_m2c": [-0.7251060009002686, 0.6880384087562561, -0.02871241793036461, 0.6383079290390015, 0.6871737837791443, 0.3469224274158478, 0.25842636823654175, 0.2332281768321991, -0.9374542236328125], "cam_t_m2c": [89.3578872680664, 17.737415313720703, 255.04409790039062], "obj_id": 4}, {"cam_R_m2c": [-0.09327000379562378, -0.8738834857940674, -0.47710445523262024, 0.6314178705215454, 0.31858769059181213, -0.706974983215332, 0.7698132991790771, -0.3671916425228119, 0.5220707654953003], "cam_t_m2c": [-100.4756088256836, 34.699134826660156, 352.0897216796875], "obj_id": 5}, {"cam_R_m2c": [0.057563666254282, 0.5464614033699036, 0.8355036377906799, 0.6139847636222839, 0.6405306458473206, -0.4612409174442291, -0.787216067314148, 0.539537250995636, -0.2986477017402649], "cam_t_m2c": [-63.026695251464844, 21.81107521057129, 443.9554443359375], "obj_id": 6}, {"cam_R_m2c": [-0.0253507811576128, -0.3332549035549164, -0.9424960017204285, -0.5313805341720581, 0.8030673861503601, -0.26966193318367004, 0.8467539548873901, 0.49398788809776306, -0.19744355976581573], "cam_t_m2c": [-125.97163391113281, 96.48383331298828, 429.3990783691406], "obj_id": 7}, {"cam_R_m2c": [0.5507097840309143, 0.7488963007926941, -0.3686096966266632, -0.8216103315353394, 0.40846261382102966, -0.39763665199279785, -0.1472253054380417, 0.5218359231948853, 0.8402451872825623], "cam_t_m2c": [-154.31300354003906, 363.5095520019531, 109.15157318115234], "obj_id": 8}, {"cam_R_m2c": [0.8458209037780762, -0.1486932933330536, -0.5123253464698792, 0.5064935684204102, -0.07767805457115173, 0.858737587928772, -0.16748499870300293, -0.9858277440071106, 0.009610491804778576], "cam_t_m2c": [239.8695068359375, 58.01151657104492, 239.03561401367188], "obj_id": 9}, {"cam_R_m2c": [0.19237534701824188, 0.7928516864776611, 0.5782542824745178, -0.7918179631233215, 0.47349125146865845, -0.38578540086746216, -0.5796689391136169, -0.38365650177001953, 0.7188822031021118], "cam_t_m2c": [-163.95272827148438, 273.5147399902344, 195.4766845703125], "obj_id": 10}, {"cam_R_m2c": [-0.6433210968971252, -0.1392837017774582, -0.7528202533721924, -0.06632208079099655, -0.9694766998291016, 0.23604394495487213, -0.7627186179161072, 0.20178061723709106, 0.6144468784332275], "cam_t_m2c": [-120.26063537597656, 105.34312438964844, 435.08343505859375], "obj_id": 1}, {"cam_R_m2c": [-0.7824702858924866, -0.5033731460571289, -0.36654552817344666, 0.11426958441734314, 0.4625765383243561, -0.8791844844818115, 0.6121131777763367, -0.7298207879066467, -0.30443209409713745], "cam_t_m2c": [-201.49180603027344, 62.962852478027344, 468.4200744628906], "obj_id": 2}, {"cam_R_m2c": [0.7100639343261719, -0.5736545324325562, 0.4083254635334015, -0.4075091481208801, 0.13812440633773804, 0.9026948809623718, -0.574234664440155, -0.8073674440383911, -0.135692298412323], "cam_t_m2c": [17.0595703125, 342.3099670410156, 141.67115783691406], "obj_id": 3}, {"cam_R_m2c": [0.10763537138700485, -0.27518191933631897, 0.9553477764129639, -0.9866752028465271, 0.08836144208908081, 0.13661669194698334, -0.1220102459192276, -0.9573227763175964, -0.2620042860507965], "cam_t_m2c": [-204.89869689941406, 281.90814208984375, 224.4515380859375], "obj_id": 4}, {"cam_R_m2c": [-0.7104261517524719, -0.03869212791323662, 0.7027074694633484, -0.6870845556259155, 0.2542768120765686, -0.6806307435035706, -0.15234719216823578, -0.9663572311401367, -0.20722973346710205], "cam_t_m2c": [-380.86846923828125, 201.93212890625, 152.56256103515625], "obj_id": 5}, {"cam_R_m2c": [0.1485009789466858, 0.12963539361953735, 0.9803786277770996, -0.49784085154533386, 0.8663842082023621, -0.03915240988135338, -0.8544601202011108, -0.48225831985473633, 0.19319668412208557], "cam_t_m2c": [-172.85543823242188, 126.23989868164062, 387.38653564453125], "obj_id": 6}, {"cam_R_m2c": [0.22987189888954163, 0.9677724838256836, 0.10283611714839935, 0.8310946226119995, -0.2501845061779022, 0.49667832255363464, 0.5063996315002441, -0.02870582602918148, -0.8618208765983582], "cam_t_m2c": [-92.14539337158203, 209.8638916015625, 294.6171875], "obj_id": 7}, {"cam_R_m2c": [0.802718997001648, 0.0688650906085968, -0.592367947101593, 0.4944433271884918, 0.47849786281585693, 0.7256483435630798, 0.3334186375141144, -0.8753840923309326, 0.3500494360923767], "cam_t_m2c": [-137.52197265625, 307.1697998046875, 161.89093017578125], "obj_id": 8}, {"cam_R_m2c": [-0.8092178106307983, 0.17451848089694977, 0.560990035533905, 0.3936690390110016, -0.5477287173271179, 0.7382533550262451, 0.43610918521881104, 0.8182521462440491, 0.37452930212020874], "cam_t_m2c": [-33.269554138183594, -65.07295227050781, 368.0531311035156], "obj_id": 9}, {"cam_R_m2c": [0.5612936019897461, 0.5582867860794067, -0.6109543442726135, -0.8109164834022522, 0.518542468547821, -0.27116066217422485, 0.16542033851146698, 0.6476337313652039, 0.7437785863876343], "cam_t_m2c": [119.27068328857422, 194.3089141845703, 143.77294921875], "obj_id": 10}, {"cam_R_m2c": [-0.06084774062037468, 0.0842665433883667, 0.9945836663246155, -0.9752541780471802, 0.20716354250907898, -0.077217236161232, -0.21254827082157135, -0.97467041015625, 0.06957589834928513], "cam_t_m2c": [-180.18174743652344, -71.94866943359375, 327.58935546875], "obj_id": 1}, {"cam_R_m2c": [-0.6432216167449951, -0.25971561670303345, -0.7202872633934021, 0.6951051950454712, 0.19641581177711487, -0.691555917263031, 0.3210836946964264, -0.9454991817474365, 0.05419075861573219], "cam_t_m2c": [-169.01759338378906, 268.8863525390625, 98.34591674804688], "obj_id": 2}, {"cam_R_m2c": [0.002516967710107565, 0.9968183636665344, -0.07966730743646622, 0.7913169264793396, 0.046723563224077225, 0.6096183061599731, 0.6114010214805603, -0.06457648426294327, -0.7886816263198853], "cam_t_m2c": [123.65214538574219, 295.33905029296875, 298.268310546875], "obj_id": 3}, {"cam_R_m2c": [-0.15180058777332306, -0.7437150478363037, -0.6510334610939026, 0.8349115252494812, 0.25606241822242737, -0.4871908128261566, 0.5290363430976868, -0.6175111532211304, 0.582065761089325], "cam_t_m2c": [88.55506896972656, 52.81239318847656, 289.46075439453125], "obj_id": 4}, {"cam_R_m2c": [0.0238724984228611, -0.19534537196159363, 0.9804439544677734, -0.9247861504554749, 0.36820876598358154, 0.09587990492582321, -0.3797377645969391, -0.9089898467063904, -0.1718626469373703], "cam_t_m2c": [4.014052391052246, -13.98012638092041, 376.5555114746094], "obj_id": 5}, {"cam_R_m2c": [0.17645835876464844, 0.7745217084884644, 0.6074360013008118, 0.9188330769538879, 0.09170197695493698, -0.3838442862033844, -0.3529987931251526, 0.6258648037910461, -0.6954745650291443], "cam_t_m2c": [22.39892578125, 166.7653350830078, 127.65204620361328], "obj_id": 6}, {"cam_R_m2c": [0.03300199285149574, -0.9764708280563354, -0.21310953795909882, 0.9936920404434204, 0.05492259934544563, -0.09777364134788513, 0.10717763751745224, -0.20853851735591888, 0.9721238017082214], "cam_t_m2c": [176.66021728515625, 121.0868148803711, 257.87677001953125], "obj_id": 7}, {"cam_R_m2c": [-0.2871510982513428, 0.9512423872947693, -0.1126151978969574, 0.9384013414382935, 0.3029511570930481, 0.16620326042175293, 0.19221648573875427, -0.05795280635356903, -0.9796398878097534], "cam_t_m2c": [-86.39038848876953, 255.75732421875, 162.63523864746094], "obj_id": 8}],
