{
  "0": [{"cam_R_m2c": [0.0759994238615036, -0.23244205117225647, 0.9696363210678101, -0.2370985448360443, 0.9403438568115234, 0.24400360882282257, -0.968508243560791, -0.24844349920749664, 0.016353914514183998], "cam_t_m2c": [-30.858694076538086, 46.32881546020508, 997.6328735351562], "obj_id": 1}, {"cam_R_m2c": [0.31150975823402405, 0.21962034702301025, -0.9245153069496155, -0.9233039021492004, 0.2999764680862427, -0.23984159529209137, 0.22465871274471283, 0.9283215999603271, 0.29622194170951843], "cam_t_m2c": [32.6810302734375, 74.88670349121094, 994.4720458984375], "obj_id": 2}, {"cam_R_m2c": [-0.7045088410377502, -0.5856374502182007, 0.4008695185184479, -0.6945417523384094, 0.685045599937439, -0.21982797980308533, -0.14587442576885223, -0.43329131603240967, -0.8893703818321228], "cam_t_m2c": [-7.397380352020264, 52.019622802734375, 1063.2852783203125], "obj_id": 3}, {"cam_R_m2c": [0.0754457339644432, -0.4337047040462494, 0.8978909850120544, 0.8747806549072266, -0.4034114181995392, -0.2683621048927307, 0.4786093235015869, 0.8057044148445129, 0.3489607274532318], "cam_t_m2c": [63.538448333740234, 33.255714416503906, 1033.1031494140625], "obj_id": 1}, {"cam_R_m2c": [-0.7384698390960693, -0.005211807321757078, -0.6742662191390991, 0.17550982534885406, -0.9669873118400574, -0.18474747240543365, -0.6510440707206726, -0.25477081537246704, 0.7150058746337891], "cam_t_m2c": [-8.251557350158691, 22.33548927307129, 1104.87158203125], "obj_id": 2}, {"cam_R_m2c": [-0.6569413542747498, -0.32946932315826416, 0.6781432032585144, -0.5254396200180054, -0.44497331976890564, -0.725197970867157, 0.5406860709190369, -0.8327357769012451, 0.11920502781867981], "cam_t_m2c": [71.30863952636719, 71.08016204833984, 1014.2373046875], "obj_id": 2}, {"cam_R_m2c": [0.7903056144714355, 0.39470675587654114, -0.46864014863967896, 0.034106772392988205, 0.7353352904319763, 0.6768447160720825, 0.6117628216743469, -0.5508979558944702, 0.5676774382591248], "cam_t_m2c": [-0.00014169671339914203, 0.0001750304363667965, 1014.14990234375], "obj_id": 1}, {"cam_R_m2c": [0.6669872403144836, -0.6655688881874084, 0.3348821997642517, -0.4423227310180664, -0.715406596660614, -0.5408731698989868, 0.599565327167511, 0.21262948215007782, -0.7715633511543274], "cam_t_m2c": [40.59051513671875, 79.73709869384766, 1017.9575805664062], "obj_id": 3}, {"cam_R_m2c": [-0.3287082314491272, -0.8563669323921204, 0.39822912216186523, 0.5454728603363037, -0.5163675546646118, -0.6601694822311401, 0.7709799408912659, 0.0002199978771386668, 0.6368593573570251], "cam_t_m2c": [9.313704490661621, 3.6943986415863037, 1069.687255859375], "obj_id": 1}, {"cam_R_m2c": [-0.9090513586997986, -0.17974038422107697, 0.37592455744743347, -0.12347154319286346, 0.9778574705123901, 0.1689661294221878, -0.39797067642211914, 0.10718289017677307, -0.9111155271530151], "cam_t_m2c": [-62.37173843383789, 27.63297462463379, 1043.906494140625], "obj_id": 3}]
}