{
  "0": [{"cam_R_m2c": [0.5763079524040222, 0.6090990304946899, 0.5448554158210754, 0.6431263089179993, 0.0733407735824585, -0.7622398138046265, -0.5042396187782288, 0.7896957397460938, -0.34946075081825256], "cam_t_m2c": [111.03561401367188, 38.48265075683594, 348.4383850097656], "obj_id": 0}, {"cam_R_m2c": [0.5763079524040222, 0.6090990304946899, 0.5448554158210754, 0.6431263089179993, 0.0733407735824585, -0.7622398138046265, -0.5042396187782288, 0.7896957397460938, -0.34946075081825256], "cam_t_m2c": [111.03561401367188, 38.48265075683594, 348.4383850097656], "obj_id": 0}, {"cam_R_m2c": [0.5763079524040222, 0.6090990304946899, 0.5448554158210754, 0.6431263089179993, 0.0733407735824585, -0.7622398138046265, -0.5042396187782288, 0.7896957397460938, -0.34946075081825256], "cam_t_m2c": [111.03561401367188, 38.48265075683594, 348.4383850097656], "obj_id": 2}, {"cam_R_m2c": [0.5763079524040222, 0.6090990304946899, 0.5448554158210754, 0.6431263089179993, 0.0733407735824585, -0.7622398138046265, -0.5042396187782288, 0.7896957397460938, -0.34946075081825256], "cam_t_m2c": [111.03561401367188, 38.48265075683594, 348.4383850097656], "obj_id": 3}, {"cam_R_m2c": [0.5763079524040222, 0.6090990304946899, 0.5448554158210754, 0.6431263089179993, 0.0733407735824585, -0.7622398138046265, -0.5042396187782288, 0.7896957397460938, -0.34946075081825256], "cam_t_m2c": [111.03561401367188, 38.48265075683594, 348.4383850097656], "obj_id": 0}, {"cam_R_m2c": [0.5763079524040222, 0.6090990304946899, 0.5448554158210754, 0.6431263089179993, 0.0733407735824585, -0.7622398138046265, -0.5042396187782288, 0.7896957397460938, -0.34946075081825256], "cam_t_m2c": [111.03561401367188, 38.48265075683594, 348.4383850097656], "obj_id": 1}, {"cam_R_m2c": [0.5763079524040222, 0.6090990304946899, 0.5448554158210754, 0.6431263089179993, 0.0733407735824585, -0.7622398138046265, -0.5042396187782288, 0.7896957397460938, -0.34946075081825256], "cam_t_m2c": [111.03561401367188, 38.48265075683594, 348.4383850097656], "obj_id": 2}, {"cam_R_m2c": [0.5763079524040222, 0.6090990304946899, 0.5448554158210754, 0.6431263089179993, 0.0733407735824585, -0.7622398138046265, -0.5042396187782288, 0.7896957397460938, -0.34946075081825256], "cam_t_m2c": [111.03561401367188, 38.48265075683594, 348.4383850097656], "obj_id": 0}, {"cam_R_m2c": [0.5763079524040222, 0.6090990304946899, 0.5448554158210754, 0.6431263089179993, 0.0733407735824585, -0.7622398138046265, -0.5042396187782288, 0.7896957397460938, -0.34946075081825256], "cam_t_m2c": [111.03561401367188, 38.48265075683594, 348.4383850097656], "obj_id": 2}, {"cam_R_m2c": [0.5763079524040222, 0.6090990304946899, 0.5448554158210754, 0.6431263089179993, 0.0733407735824585, -0.7622398138046265, -0.5042396187782288, 0.7896957397460938, -0.34946075081825256], "cam_t_m2c": [111.03561401367188, 38.48265075683594, 348.4383850097656], "obj_id": 1}, {"cam_R_m2c": [0.5763079524040222, 0.6090990304946899, 0.5448554158210754, 0.6431263089179993, 0.0733407735824585, -0.7622398138046265, -0.5042396187782288, 0.7896957397460938, -0.34946075081825256], "cam_t_m2c": [111.03561401367188, 38.48265075683594, 348.4383850097656], "obj_id": 1}, {"cam_R_m2c": [0.5763079524040222, 0.6090990304946899, 0.5448554158210754, 0.6431263089179993, 0.0733407735824585, -0.7622398138046265, -0.5042396187782288, 0.7896957397460938, -0.34946075081825256], "cam_t_m2c": [111.03561401367188, 38.48265075683594, 348.4383850097656], "obj_id": 1}, {"cam_R_m2c": [0.5763079524040222, 0.6090990304946899, 0.5448554158210754, 0.6431263089179993, 0.0733407735824585, -0.7622398138046265, -0.5042396187782288, 0.7896957397460938, -0.34946075081825256], "cam_t_m2c": [111.03561401367188, 38.48265075683594, 348.4383850097656], "obj_id": 0}, {"cam_R_m2c": [0.5763079524040222, 0.6090990304946899, 0.5448554158210754, 0.6431263089179993, 0.0733407735824585, -0.7622398138046265, -0.5042396187782288, 0.7896957397460938, -0.34946075081825256], "cam_t_m2c": [111.03561401367188, 38.48265075683594, 348.4383850097656], "obj_id": 3}, {"cam_R_m2c": [0.5763079524040222, 0.6090990304946899, 0.5448554158210754, 0.6431263089179993, 0.0733407735824585, -0.7622398138046265, -0.5042396187782288, 0.7896957397460938, -0.34946075081825256], "cam_t_m2c": [111.03561401367188, 38.48265075683594, 348.4383850097656], "obj_id": 1}, {"cam_R_m2c": [0.5763079524040222, 0.6090990304946899, 0.5448554158210754, 0.6431263089179993, 0.0733407735824585, -0.7622398138046265, -0.5042396187782288, 0.7896957397460938, -0.34946075081825256], "cam_t_m2c": [111.03561401367188, 38.48265075683594, 348.4383850097656], "obj_id": 2}, {"cam_R_m2c": [0.5763079524040222, 0.6090990304946899, 0.5448554158210754, 0.6431263089179993, 0.0733407735824585, -0.7622398138046265, -0.5042396187782288, 0.7896957397460938, -0.34946075081825256], "cam_t_m2c": [111.03561401367188, 38.48265075683594, 348.4383850097656], "obj_id": 3}, {"cam_R_m2c": [0.5763079524040222, 0.6090990304946899, 0.5448554158210754, 0.6431263089179993, 0.0733407735824585, -0.7622398138046265, -0.5042396187782288, 0.7896957397460938, -0.34946075081825256], "cam_t_m2c": [111.03561401367188, 38.48265075683594, 348.4383850097656], "obj_id": 0}, {"cam_R_m2c": [0.5763079524040222, 0.6090990304946899, 0.5448554158210754, 0.6431263089179993, 0.0733407735824585, -0.7622398138046265, -0.5042396187782288, 0.7896957397460938, -0.34946075081825256], "cam_t_m2c": [111.03561401367188, 38.48265075683594, 348.4383850097656], "obj_id": 1}, {"cam_R_m2c": [0.5763079524040222, 0.6090990304946899, 0.5448554158210754, 0.6431263089179993, 0.0733407735824585, -0.7622398138046265, -0.5042396187782288, 0.7896957397460938, -0.34946075081825256], "cam_t_m2c": [111.03561401367188, 38.48265075683594, 348.4383850097656], "obj_id": 1}, {"cam_R_m2c": [0.5763079524040222, 0.6090990304946899, 0.5448554158210754, 0.6431263089179993, 0.0733407735824585, -0.7622398138046265, -0.5042396187782288, 0.7896957397460938, -0.34946075081825256], "cam_t_m2c": [111.03561401367188, 38.48265075683594, 348.4383850097656], "obj_id": 0}, {"cam_R_m2c": [0.5763079524040222, 0.6090990304946899, 0.5448554158210754, 0.6431263089179993, 0.0733407735824585, -0.7622398138046265, -0.5042396187782288, 0.7896957397460938, -0.34946075081825256], "cam_t_m2c": [111.03561401367188, 38.48265075683594, 348.4383850097656], "obj_id": 0}, {"cam_R_m2c": [0.5763079524040222, 0.6090990304946899, 0.5448554158210754, 0.6431263089179993, 0.0733407735824585, -0.7622398138046265, -0.5042396187782288, 0.7896957397460938, -0.34946075081825256], "cam_t_m2c": [111.03561401367188, 38.48265075683594, 348.4383850097656], "obj_id": 3}, {"cam_R_m2c": [0.5763079524040222, 0.6090990304946899, 0.5448554158210754, 0.6431263089179993, 0.0733407735824585, -0.7622398138046265, -0.5042396187782288, 0.7896957397460938, -0.34946075081825256], "cam_t_m2c": [111.03561401367188, 38.48265075683594, 348.4383850097656], "obj_id": 3}, {"cam_R_m2c": [0.2847728133201599, -0.840390145778656, 0.4611387848854065, -0.7805587649345398, 0.07595495879650116, 0.6204506158828735, -0.5564463138580322, -0.5366333723068237, -0.6343439817428589], "cam_t_m2c": [476.31915283203125, 335.34063720703125, 290.9926452636719], "obj_id": 0}, {"cam_R_m2c": [0.666648805141449, 0.44061729311943054, -0.6011952757835388, 0.6466037034988403, -0.74309241771698, 0.17238694429397583, -0.37078699469566345, -0.5036566257476807, -0.780286431312561], "cam_t_m2c": [131.5927276611328, 40.1722297668457, 333.8042297363281], "obj_id": 3}, {"cam_R_m2c": [0.1412678062915802, -0.8098160624504089, 0.5694220066070557, -0.3272870182991028, -0.5810518860816956, -0.7451590895652771, 0.9343054890632629, -0.08109740167856216, -0.3471262753009796], "cam_t_m2c": [264.0651550292969, 112.5638427734375, 384.0644226074219], "obj_id": 3}, {"cam_R_m2c": [0.10441923886537552, -0.2920605540275574, -0.9506825804710388, -0.993639349937439, -0.0711607113480568, -0.08727610856294632, -0.04216129705309868, 0.9537488222122192, -0.29763343930244446], "cam_t_m2c": [15.47166633605957, 21.001440048217773, 161.23121643066406], "obj_id": 3}, {"cam_R_m2c": [-0.5364060401916504, 0.24777092039585114, 0.8067701458930969, 0.1908111572265625, -0.8955770134925842, 0.40191149711608887, 0.8221068382263184, 0.36952850222587585, 0.43311551213264465], "cam_t_m2c": [-4233.9765625, 5844.00927734375, 2917.20703125], "obj_id": 2}]
}