{
  "0": [{"cam_R_m2c": [-0.2296653687953949, -0.8015466928482056, 0.5520658493041992, 0.4590380787849426, -0.5893836617469788, -0.6647638082504272, 0.8582178354263306, 0.10074600577354431, 0.5033015012741089], "cam_t_m2c": [65.6379165649414, -42.8048210144043, 31.12506866455078], "obj_id": 1}, {"cam_R_m2c": [0.36638450622558594, -0.4154869318008423, 0.832546055316925, 0.8674958348274231, 0.47609540820121765, -0.14416688680648804, -0.33647188544273376, 0.7750507593154907, 0.5348672270774841], "cam_t_m2c": [-156.61862182617188, -92.30503845214844, 305.36590576171875], "obj_id": 2}, {"cam_R_m2c": [0.49721577763557434, 0.47001639008522034, 0.7292881011962891, -0.32146474719047546, 0.8805299997329712, -0.34832075238227844, -0.8058764934539795, -0.06124981865286827, 0.5889071226119995], "cam_t_m2c": [-18.747058868408203, 64.81836700439453, 154.27769470214844], "obj_id": 3}, {"cam_R_m2c": [-0.6125270128250122, 0.035286132246255875, 0.789661705493927, 0.19389298558235168, 0.9751893877983093, 0.10682299733161926, -0.7663003206253052, 0.21854183077812195, -0.6041715741157532], "cam_t_m2c": [-135.1422882080078, -78.14379119873047, 278.3967590332031], "obj_id": 4}, {"cam_R_m2c": [0.2622096836566925, 0.5370644927024841, 0.8017529845237732, 0.8925846815109253, -0.45076823234558105, 0.010037035681307316, 0.36679527163505554, 0.7130005955696106, -0.5975713133811951], "cam_t_m2c": [-240.3277587890625, -86.83533477783203, 303.9600524902344], "obj_id": 5}, {"cam_R_m2c": [-0.8864555358886719, -0.12172415107488632, -0.4465194344520569, -0.08158831298351288, 0.9907841682434082, -0.10812058299779892, 0.45556530356407166, -0.059413328766822815, -0.8882173895835876], "cam_t_m2c": [-101.65492248535156, -98.2418441772461, 71.32302856445312], "obj_id": 6}, {"cam_R_m2c": [-0.597966730594635, -0.49135822057724, 0.6332476139068604, -0.36509525775909424, -0.5363609194755554, -0.7609350085258484, 0.7135410904884338, -0.6862096786499023, 0.1413336843252182], "cam_t_m2c": [6.006721496582031, -219.5035400390625, 316.3795166015625], "obj_id": 7}, {"cam_R_m2c": [0.1293627768754959, 0.9915745854377747, 0.006710202898830175, 0.24450047314167023, -0.03845459595322609, 0.9688862562179565, 0.9609810709953308, -0.12369711697101593, -0.2474149912595749], "cam_t_m2c": [-265.0831604003906, -181.89585876464844, 255.2776336669922], "obj_id": 8}, {"cam_R_m2c": [0.38042736053466797, -0.43414559960365295, 0.8165737390518188, 0.9181296825408936, 0.07135596871376038, -0.38980287313461304, 0.11096376925706863, 0.8980122208595276, 0.42574769258499146], "cam_t_m2c": [-7.566234111785889, -131.40707397460938, 359.6971740722656], "obj_id": 1}, {"cam_R_m2c": [-0.2503248453140259, -0.7191126942634583, -0.6482394337654114, -0.7897200584411621, 0.5389938354492188, -0.2929639220237732, 0.5600711703300476, 0.43859153985977173, -0.7028212547302246], "cam_t_m2c": [104.80107879638672, -209.6227569580078, 213.17906188964844], "obj_id": 2}, {"cam_R_m2c": [-0.2799980640411377, 0.10197723656892776, 0.9545689225196838, 0.9037163853645325, -0.307466059923172, 0.2979285418987274, 0.3238793909549713, 0.9460789561271667, -0.006068688817322254], "cam_t_m2c": [109.83961486816406, -38.45116424560547, -6.444599628448486], "obj_id": 3}, {"cam_R_m2c": [0.44053131341934204, 0.4826444387435913, 0.7569587230682373, 0.8950416445732117, -0.30142173171043396, -0.3287026882171631, 0.06951727718114853, 0.8223133683204651, -0.5647725462913513], "cam_t_m2c": [-117.60070037841797, -80.46724700927734, 107.94823455810547], "obj_id": 4}, {"cam_R_m2c": [-0.9784795641899109, -0.1977301985025406, -0.05899575725197792, 0.1458490639925003, -0.46049487590789795, -0.8755983710289001, 0.14596499502658844, -0.8653596043586731, 0.4794236123561859], "cam_t_m2c": [-303.64068603515625, -103.968505859375, 155.53720092773438], "obj_id": 5}, {"cam_R_m2c": [-0.724701464176178, 0.6431007385253906, -0.2474457025527954, 0.3824610710144043, 0.07670082896947861, -0.9207825660705566, -0.5731766223907471, -0.7619307637214661, -0.30154624581336975], "cam_t_m2c": [121.8787612915039, -111.96236419677734, 146.42153930664062], "obj_id": 6}, {"cam_R_m2c": [0.812747061252594, -0.11857115477323532, -0.5704236030578613, 0.18334300816059113, -0.8772786259651184, 0.4435851573944092, -0.5530167818069458, -0.46510571241378784, -0.6912664771080017], "cam_t_m2c": [-349.6957092285156, -98.44548797607422, 90.0486831665039], "obj_id": 1}, {"cam_R_m2c": [0.5489298701286316, 0.7462388873100281, -0.37656810879707336, -0.6256433725357056, 0.6655660271644592, 0.40693023800849915, 0.5542981028556824, 0.012221195735037327, 0.8322284817695618], "cam_t_m2c": [-305.0810546875, -115.34976959228516, 287.799560546875], "obj_id": 2}, {"cam_R_m2c": [0.9939149022102356, 0.0836259052157402, -0.07169317454099655, 0.06130348518490791, 0.1207985058426857, 0.9907823204994202, 0.09151549637317657, -0.9891483783721924, 0.11493687331676483], "cam_t_m2c": [-351.1164245605469, 55.023231506347656, 62.92866897583008], "obj_id": 3}, {"cam_R_m2c": [-0.05550854653120041, 0.9838452339172363, 0.1701982319355011, 0.7405574917793274, -0.07376529276371002, 0.6679321527481079, 0.6696965098381042, 0.16311749815940857, -0.7244993448257446], "cam_t_m2c": [-338.8645935058594, -104.97264099121094, 216.78579711914062], "obj_id": 4}, {"cam_R_m2c": [0.9384492635726929, -0.068817138671875, -0.3384925127029419, -0.03016285039484501, -0.9925358295440674, 0.11816266924142838, -0.3440976142883301, -0.10067977011203766, -0.9335201978683472], "cam_t_m2c": [117.26213836669922, -110.00377655029297, 72.39710998535156], "obj_id": 5}, {"cam_R_m2c": [-0.30475613474845886, -0.8509013652801514, -0.4278910756111145, -0.09794191271066666, -0.41888225078582764, 0.9027432203292847, -0.947381317615509, 0.3170248866081238, 0.04431785270571709], "cam_t_m2c": [2.3116767406463623, 50.76197052001953, 97.5765380859375], "obj_id": 6}, {"cam_R_m2c": [0.9118732810020447, 0.016905268654227257, 0.4101236164569855, 0.19705159962177277, -0.8945196866989136, -0.4012545943260193, 0.3600803315639496, 0.4467088282108307, -0.8190197944641113], "cam_t_m2c": [162.66798400878906, -234.73257446289062, 236.5055389404297], "obj_id": 7}, {"cam_R_m2c": [-0.41271138191223145, -0.9094676971435547, -0.05037654936313629, 0.5384333729743958, -0.2881997525691986, 0.7918525338172913, -0.7346827983856201, 0.2996821403503418, 0.6086310744285583], "cam_t_m2c": [-110.3775634765625, -13.684150695800781, 246.01441955566406], "obj_id": 8}, {"cam_R_m2c": [0.9029409289360046, -0.38825657963752747, -0.1842675507068634, -0.16164827346801758, 0.09045520424842834, -0.9826940298080444, 0.39820536971092224, 0.9171011447906494, 0.018914707005023956], "cam_t_m2c": [-277.44903564453125, -157.93760681152344, 266.9975280761719], "obj_id": 1}, {"cam_R_m2c": [0.3115525543689728, 0.20031562447547913, -0.9288749098777771, 0.3052263557910919, 0.9046286940574646, 0.2974623143672943, 0.8998731970787048, -0.37619224190711975, 0.22069776058197021], "cam_t_m2c": [-331.6961669921875, -7.9831743240356445, 18.051664352416992], "obj_id": 2}, {"cam_R_m2c": [-0.18863016366958618, 0.872495710849762, -0.4507438540458679, 0.9401289820671082, 0.027765411883592606, -0.3396860659122467, -0.2838594913482666, -0.4878323972225189, -0.8254958987236023], "cam_t_m2c": [87.43280792236328, -177.48097229003906, 262.3945007324219], "obj_id": 3}, {"cam_R_m2c": [-0.8099210262298584, -0.5309984683990479, 0.24913576245307922, -0.506496787071228, 0.8473675847053528, 0.1594652235507965, -0.2957853376865387, 0.0029677601996809244, -0.9552498459815979], "cam_t_m2c": [-166.28675842285156, -28.79230499267578, 313.80010986328125], "obj_id": 4}, {"cam_R_m2c": [0.39687448740005493, 0.6164488792419434, -0.6800599098205566, -0.5791455507278442, 0.7429847717285156, 0.33550575375556946, 0.7120962738990784, 0.260699987411499, 0.6518852710723877], "cam_t_m2c": [-230.05511474609375, 31.319591522216797, 80.49623107910156], "obj_id": 5}, {"cam_R_m2c": [-0.4759579598903656, -0.34270596504211426, 0.8099485635757446, -0.8767592906951904, 0.25712329149246216, -0.4064244031906128, -0.06897259503602982, -0.903570830821991, -0.4228505492210388], "cam_t_m2c": [-335.83856201171875, -50.58452224731445, 177.97531127929688], "obj_id": 6}, {"cam_R_m2c": [0.7636767029762268, 0.6050310134887695, 0.22524501383304596, -0.5246554613113403, 0.7849264144897461, -0.32958635687828064, -0.3762107193470001, 0.13352139294147491, 0.9168628454208374], "cam_t_m2c": [-254.99200439453125, 49.78948974609375, 44.88546371459961], "obj_id": 7}, {"cam_R_m2c": [-0.8376904129981995, -0.40716680884361267, 0.3639916777610779, 0.018668297678232193, -0.6874318718910217, -0.7260088920593262, 0.5458261966705322, -0.6013755798339844, 0.5834562182426453], "cam_t_m2c": [108.17387390136719, 61.286834716796875, 194.16175842285156], "obj_id": 8}, {"cam_R_m2c": [-0.7126327753067017, -0.6837961077690125, 0.1567724049091339, -0.5385068655014038, 0.3899642527103424, -0.7469526529312134, 0.44962766766548157, -0.6167259216308594, -0.6461302042007446], "cam_t_m2c": [87.529296875, -74.94187927246094, -87.82211303710938], "obj_id": 1}, {"cam_R_m2c": [0.3498436212539673, 0.8072269558906555, -0.47538837790489197, -0.06540989875793457, -0.485168993473053, -0.8719705939292908, -0.9345217943191528, 0.3361484706401825, -0.11693267524242401], "cam_t_m2c": [-22.84423828125, -25.049537658691406, 182.472900390625], "obj_id": 2}, {"cam_R_m2c": [0.8167669177055359, 0.5053108930587769, 0.2784828841686249, 0.4509393572807312, -0.257980078458786, -0.8544588685035706, -0.3599243462085724, 0.8234726190567017, -0.4385741651058197], "cam_t_m2c": [-327.0946960449219, -32.15879821777344, 65.14932250976562], "obj_id": 3}, {"cam_R_m2c": [-0.08197678625583649, 0.14976510405540466, 0.9853172898292542, -0.3638361096382141, -0.9249078035354614, 0.11031247675418854, 0.9278486371040344, -0.349450945854187, 0.13031092286109924], "cam_t_m2c": [-276.48150634765625, -80.3560791015625, 189.4156951904297], "obj_id": 4}, {"cam_R_m2c": [0.0653548389673233, 0.8063448667526245, -0.5878236889839172, 0.8981027007102966, -0.30427438020706177, -0.31753528118133545, -0.4349026381969452, -0.5071735382080078, -0.7440662980079651], "cam_t_m2c": [-291.78240966796875, 70.2408218383789, 195.63377380371094], "obj_id": 5}, {"cam_R_m2c": [0.18047267198562622, 0.4556298851966858, -0.8716828227043152, 0.052116964012384415, 0.880560040473938, 0.47106027603149414, 0.9821982383728027, -0.13044294714927673, 0.13517098128795624], "cam_t_m2c": [-60.75772476196289, 114.11322784423828, 56.5149040222168], "obj_id": 6}, {"cam_R_m2c": [0.7916300892829895, 0.47046104073524475, -0.3898566663265228, 0.10815276950597763, 0.5200923085212708, 0.8472349047660828, 0.6013524532318115, -0.7128607034683228, 0.3608390688896179], "cam_t_m2c": [-32.03460693359375, -136.8387908935547, 123.25332641601562], "obj_id": 1}, {"cam_R_m2c": [-0.7736338376998901, 0.3377940058708191, -0.5360835790634155, -0.08953257650136948, -0.8958355784416199, -0.43527254462242126, -0.627275288105011, -0.2887446880340576, 0.7232925891876221], "cam_t_m2c": [-163.71739196777344, 9.477288246154785, 185.34375], "obj_id": 2}, {"cam_R_m2c": [-0.8871330618858337, -0.10257065296173096, 0.44997119903564453, -0.4093201756477356, 0.6252588629722595, -0.6644608974456787, -0.21319429576396942, -0.7736476063728333, -0.5966720581054688], "cam_t_m2c": [-285.7843933105469, -80.13504791259766, 31.424213409423828], "obj_id": 3}, {"cam_R_m2c": [-0.8324588537216187, -0.23686949908733368, 0.5009041428565979, 0.4850206971168518, -0.7485939860343933, 0.4520639479160309, 0.2678936719894409, 0.6192735433578491, 0.738060474395752], "cam_t_m2c": [-168.7842254638672, -144.4378204345703, 465.0513610839844], "obj_id": 4}, {"cam_R_m2c": [0.9287827014923096, 0.014156815595924854, -0.3703542947769165, -0.24247214198112488, 0.7789575457572937, -0.5783013701438904, 0.28030335903167725, 0.6269168853759766, 0.7269148826599121], "cam_t_m2c": [-262.1799621582031, -79.08091735839844, 403.56854248046875], "obj_id": 5}, {"cam_R_m2c": [-0.7432138919830322, 0.6642579436302185, 0.07996606826782227, 0.6457852125167847, 0.7434704303741455, -0.17381946742534637, -0.17491336166858673, -0.07754413038492203, -0.9815254807472229], "cam_t_m2c": [-26.889968872070312, -62.57367706298828, 295.4512023925781], "obj_id": 6}, {"cam_R_m2c": [-0.6408951282501221, 0.1316714733839035, -0.7562514543533325, 0.7092435359954834, -0.27529388666152954, -0.648989200592041, -0.2936447262763977, -0.9523003697395325, 0.0830472856760025], "cam_t_m2c": [-68.05747985839844, 117.77228546142578, 17.443252563476562], "obj_id": 7}, {"cam_R_m2c": [0.5910571217536926, -0.6842485070228577, 0.42714813351631165, -0.5723111033439636, 0.017434192821383476, 0.819851279258728, -0.5684289932250977, -0.7290405631065369, -0.3812984228134155], "cam_t_m2c": [22.314525604248047, -134.88589477539062, 154.25045776367188], "obj_id": 1}, {"cam_R_m2c": [-0.23030315339565277, -0.7055179476737976, 0.6702274680137634, -0.6544314026832581, 0.6220197081565857, 0.4298965036869049, -0.720194399356842, -0.3396114110946655, -0.6049662232398987], "cam_t_m2c": [-65.02511596679688, -92.57189178466797, 108.95455932617188], "obj_id": 2}, {"cam_R_m2c": [0.03868972510099411, 0.7181115746498108, -0.6948517560958862, 0.0037124997470527887, -0.695470929145813, -0.7185447216033936, -0.9992443919181824, 0.025220686569809914, -0.029573626816272736], "cam_t_m2c": [26.994647979736328, -130.6294708251953, 88.8141098022461], "obj_id": 3}, {"cam_R_m2c": [0.5324958562850952, 0.16646675765514374, -0.8299018740653992, -0.0614410825073719, 0.9854853749275208, 0.1582517772912979, 0.8441997766494751, -0.033278368413448334, 0.5349947810173035], "cam_t_m2c": [-298.4040832519531, 106.48928833007812, 132.3583221435547], "obj_id": 4}, {"cam_R_m2c": [-0.6812141537666321, 0.26371893286705017, -0.6829346418380737, 0.7288669347763062, 0.3316775858402252, -0.5989515781402588, 0.06855925917625427, -0.9057826995849609, -0.41815951466560364], "cam_t_m2c": [-264.8994445800781, -7.130125999450684, 225.1621856689453], "obj_id": 5}, {"cam_R_m2c": [0.13028231263160706, -0.9131717681884766, 0.38619139790534973, 0.9897271990776062, 0.09665039926767349, -0.10535069555044174, 0.05887772887945175, 0.39594945311546326, 0.9163827896118164], "cam_t_m2c": [-12.822937965393066, -118.75967407226562, 171.34156799316406], "obj_id": 6}, {"cam_R_m2c": [-0.5789692401885986, 0.28044357895851135, -0.7656018137931824, -0.058866918087005615, 0.9221580624580383, 0.38230767846107483, 0.8132216334342957, 0.26641297340393066, -0.5173922777175903], "cam_t_m2c": [-166.40284729003906, -73.84257507324219, 200.62864685058594], "obj_id": 7}, {"cam_R_m2c": [-0.32628709077835083, 0.7472798228263855, -0.5788866877555847, -0.9091218113899231, -0.4158180356025696, -0.024353183805942535, -0.2589101195335388, 0.518332302570343, 0.8150442838668823], "cam_t_m2c": [-51.98353958129883, -22.047386169433594, 208.56768798828125], "obj_id": 8}, {"cam_R_m2c": [-0.9462417364120483, 0.12392175942659378, -0.29878124594688416, -0.20214714109897614, 0.4945453405380249, 0.8453173637390137, 0.2525140941143036, 0.860272228717804, -0.4429090619087219], "cam_t_m2c": [-98.69834899902344, -68.72042846679688, 255.64080810546875], "obj_id": 9}, {"cam_R_m2c": [0.36472490429878235, 0.481017529964447, -0.7972438931465149, -0.740157961845398, -0.3697122037410736, -0.5616751909255981, -0.5649264454841614, 0.7949433922767639, 0.22118572890758514], "cam_t_m2c": [106.62531280517578, -21.015438079833984, 45.197776794433594], "obj_id": 1}, {"cam_R_m2c": [-0.7358570098876953, 0.6636618375778198, 0.13441582024097443, -0.36974236369132996, -0.5601101517677307, 0.7413280606269836, 0.5672787427902222, 0.49581217765808105, 0.6575447916984558], "cam_t_m2c": [-37.13005828857422, 15.398496627807617, 16.82257843017578], "obj_id": 2}, {"cam_R_m2c": [-0.6926143169403076, 0.11703658849000931, 0.7117496728897095, -0.47911903262138367, 0.6629694104194641, -0.5752533674240112, -0.5391939282417297, -0.7394416332244873, -0.403107613325119], "cam_t_m2c": [-176.85140991210938, -163.1583709716797, 198.00448608398438], "obj_id": 3}, {"cam_R_m2c": [0.5672431588172913, 0.6794686317443848, -0.4653574824333191, 0.4906580150127411, -0.7326557040214539, -0.4716677665710449, -0.6614302396774292, 0.0392189547419548, -0.748980700969696], "cam_t_m2c": [-62.94236373901367, 80.15728759765625, 150.43795776367188], "obj_id": 4}, {"cam_R_m2c": [0.32429391145706177, 0.3063741624355316, -0.8949683904647827, -0.9189497232437134, -0.1224224716424942, -0.3748924732208252, -0.22442151606082916, 0.9440062642097473, 0.24184149503707886], "cam_t_m2c": [-158.72044372558594, -129.92813110351562, 359.3551025390625], "obj_id": 5}, {"cam_R_m2c": [-0.5854381322860718, 0.21703137457370758, -0.7811273336410522, 0.04594963416457176, 0.9708354473114014, 0.2353023737668991, 0.8094140887260437, 0.10186243057250977, -0.5783365964889526], "cam_t_m2c": [94.77473449707031, -55.55875015258789, 39.87337875366211], "obj_id": 6}, {"cam_R_m2c": [0.9892690181732178, -0.11743228137493134, 0.08692778646945953, 0.06642725318670273, 0.8914241194725037, 0.44827497005462646, -0.13013146817684174, -0.43769019842147827, 0.8896589875221252], "cam_t_m2c": [-364.9421081542969, 46.414772033691406, 100.27619171142578], "obj_id": 7}, {"cam_R_m2c": [0.6631718873977661, -0.7402910590171814, 0.11032784730195999, -0.5161511301994324, -0.345586895942688, 0.783682107925415, -0.5420249700546265, -0.5766617655754089, -0.6112855076789856], "cam_t_m2c": [-224.674072265625, -100.12116241455078, 224.76422119140625], "obj_id": 8}, {"cam_R_m2c": [0.7248678803443909, 0.01987251080572605, -0.6886012554168701, -0.6443226337432861, 0.37324410676956177, -0.667485773563385, 0.24375176429748535, 0.9275203347206116, 0.2833569645881653], "cam_t_m2c": [-341.9547424316406, -115.62866973876953, 191.0882568359375], "obj_id": 9}, {"cam_R_m2c": [-0.8047270774841309, -0.5319426655769348, 0.26353591680526733, -0.3985805809497833, 0.15515759587287903, -0.9039134979248047, 0.43994060158729553, -0.8324440121650696, -0.33688145875930786], "cam_t_m2c": [102.88265991210938, 1.7710602283477783, 140.57424926757812], "obj_id": 10}, {"cam_R_m2c": [0.6830793619155884, -0.3192876875400543, -0.6568545699119568, -0.5727457404136658, 0.3238697648048401, -0.7530409693717957, 0.45317205786705017, 0.890597403049469, 0.03835808113217354], "cam_t_m2c": [21.836702346801758, -126.15582275390625, 67.4347152709961], "obj_id": 1}, {"cam_R_m2c": [-0.558858335018158, 0.8268541097640991, -0.0631641075015068, -0.6703688502311707, -0.49530017375946045, -0.5525245666503906, -0.4881424009799957, -0.2664397060871124, 0.831099808216095], "cam_t_m2c": [65.29656982421875, -119.22460174560547, 69.85454559326172], "obj_id": 2}, {"cam_R_m2c": [0.18596242368221283, -0.9791407585144043, -0.08186215907335281, -0.5332965850830078, -0.03060740977525711, -0.8453744649887085, 0.8252349495887756, 0.20086470246315002, -0.5278642773628235], "cam_t_m2c": [71.04469299316406, 38.4228630065918, 201.03993225097656], "obj_id": 3}, {"cam_R_m2c": [0.9697772860527039, 0.23700320720672607, -0.05797849968075752, -0.23931585252285004, 0.8776485919952393, -0.415284126996994, -0.04753892496228218, 0.4166083037853241, 0.9078422784805298], "cam_t_m2c": [-242.0564727783203, 16.25505828857422, 314.5226135253906], "obj_id": 4}, {"cam_R_m2c": [-0.09128110855817795, -0.8155050873756409, -0.5715060830116272, -0.49530336260795593, 0.5350591540336609, -0.6843875050544739, 0.8639110326766968, 0.2205972522497177, -0.4527631998062134], "cam_t_m2c": [-209.85374450683594, -163.01751708984375, 425.2638854980469], "obj_id": 5}, {"cam_R_m2c": [0.9920429587364197, 0.0055831256322562695, -0.12577597796916962, -0.052611056715250015, 0.9259921312332153, -0.37385913729667664, 0.11438027024269104, 0.377501517534256, 0.918917715549469], "cam_t_m2c": [-193.48802185058594, -60.74890899658203, 278.1256408691406], "obj_id": 6}, {"cam_R_m2c": [0.37406131625175476, -0.2632408142089844, 0.8892595171928406, 0.9264394640922546, 0.14978715777397156, -0.34536048769950867, -0.04228672385215759, 0.953031063079834, 0.2999061942100525], "cam_t_m2c": [-23.986351013183594, -224.8521728515625, 380.8905334472656], "obj_id": 7}, {"cam_R_m2c": [-0.6756845712661743, 0.5426666140556335, 0.4989619553089142, 0.07527417689561844, -0.6225162744522095, 0.778978168964386, 0.7333374619483948, 0.5639025568962097, 0.37977612018585205], "cam_t_m2c": [-255.41465759277344, 15.525062561035156, 87.63766479492188], "obj_id": 8}, {"cam_R_m2c": [-0.15798074007034302, 0.5094810128211975, 0.8458553552627563, 0.9809703826904297, -0.016936348751187325, 0.19341740012168884, 0.11286816745996475, 0.8603152632713318, -0.49711018800735474], "cam_t_m2c": [-285.3761291503906, -69.019287109375, 169.63644409179688], "obj_id": 1}, {"cam_R_m2c": [-0.8867166042327881, 0.44192585349082947, -0.13577620685100555, 0.23210452497005463, 0.6795377731323242, 0.695956826210022, 0.39982637763023376, 0.5856021642684937, -0.705130398273468], "cam_t_m2c": [26.891923904418945, -40.716087341308594, 318.9231872558594], "obj_id": 2}, {"cam_R_m2c": [0.9503747820854187, 0.12369733303785324, 0.28545889258384705, -0.050572704523801804, -0.8439274430274963, 0.5340684652328491, 0.30696940422058105, -0.5220016241073608, -0.7957916259765625], "cam_t_m2c": [129.4412078857422, 37.40937042236328, 60.133419036865234], "obj_id": 3}, {"cam_R_m2c": [0.20627126097679138, -0.8386757969856262, 0.5040586590766907, 0.887224555015564, -0.05694030225276947, -0.45781058073043823, 0.41265586018562317, 0.5416463613510132, 0.7323485612869263], "cam_t_m2c": [-115.22655487060547, 21.856975555419922, 180.98915100097656], "obj_id": 4}, {"cam_R_m2c": [0.3358018398284912, -0.0828845426440239, 0.9382789134979248, -0.8314976692199707, 0.4419231414794922, 0.3366238474845886, -0.44254806637763977, -0.8932155966758728, 0.07948029786348343], "cam_t_m2c": [-142.366455078125, -76.59984588623047, 139.818603515625], "obj_id": 5}, {"cam_R_m2c": [-0.9635525345802307, -0.21633553504943848, -0.15736956894397736, -0.13953897356987, -0.09545829147100449, 0.9856046438217163, -0.22824355959892273, 0.9716411232948303, 0.06179196015000343], "cam_t_m2c": [7.2829508781433105, 7.315114974975586, 266.3883972167969], "obj_id": 6}, {"cam_R_m2c": [0.5216723084449768, -0.8111528754234314, -0.26436516642570496, -0.11446813493967056, -0.37361758947372437, 0.9204926490783691, -0.8454318046569824, -0.44993412494659424, -0.2877570688724518], "cam_t_m2c": [-37.44618606567383, -207.7679901123047, 286.9859924316406], "obj_id": 7}, {"cam_R_m2c": [0.615156888961792, 0.7830854654312134, -0.09142814576625824, 0.49734893441200256, -0.29546040296554565, 0.8156881332397461, 0.6117401123046875, -0.5472478866577148, -0.5712212324142456], "cam_t_m2c": [-83.8671646118164, -43.644927978515625, 276.3273010253906], "obj_id": 8}],
  "1": [{"cam_R_m2c": [-0.6115110516548157, -0.07138001918792725, -0.788009524345398, -0.4452758729457855, 0.8542952537536621, 0.26815855503082275, 0.654051661491394, 0.5148636102676392, -0.5541947484016418], "cam_t_m2c": [-573.4052734375, 5430.3291015625, -418.3029479980469], "obj_id": 1}, {"cam_R_m2c": [0.5462324619293213, -0.8316200971603394, 0.10019031912088394, -0.05254736542701721, 0.08535470813512802, 0.9949640035629272, -0.8359837532043457, -0.5487464070320129, 0.0029240695293992758], "cam_t_m2c": [-495.89508056640625, 5549.36865234375, -347.2495422363281], "obj_id": 2}, {"cam_R_m2c": [0.7725886702537537, -0.4181042015552521, -0.4778028726577759, -0.315606027841568, -0.9058971405029297, 0.28238797187805176, -0.5509079098701477, -0.06737227737903595, -0.8318420648574829], "cam_t_m2c": [-196.1797332763672, 5330.28125, -319.08319091796875], "obj_id": 3}, {"cam_R_m2c": [0.456645667552948, -0.10886894911527634, 0.8829622268676758, -0.39160311222076416, -0.9157599210739136, 0.08961429446935654, 0.798825204372406, -0.38669273257255554, -0.46081122756004333], "cam_t_m2c": [-558.4586791992188, 5472.19677734375, -268.667236328125], "obj_id": 4}],
  "2": [{"cam_R_m2c": [0.9068576097488403, 0.07569481432437897, 0.41458362340927124, -0.3443182110786438, 0.7003228068351746, 0.6252943277359009, -0.24301084876060486, -0.7098015546798706, 0.661156177520752], "cam_t_m2c": [-5746.880859375, 5699.4482421875, -5281.0751953125], "obj_id": 1}, {"cam_R_m2c": [-0.4703041911125183, -0.6407139301300049, -0.6068770885467529, -0.33406487107276917, -0.5072492361068726, 0.7944174408912659, -0.8168321847915649, 0.5763540863990784, 0.02452133409678936], "cam_t_m2c": [-5746.36328125, 5622.505859375, -4992.04833984375], "obj_id": 2}, {"cam_R_m2c": [-0.09990116208791733, -0.9275296330451965, -0.3601507544517517, -0.7357425093650818, -0.17481788992881775, 0.6543101072311401, -0.6698527932167053, 0.330344557762146, -0.6649584770202637], "cam_t_m2c": [-5319.9111328125, 5702.2099609375, -5141.4501953125], "obj_id": 3}, {"cam_R_m2c": [0.3796473443508148, 0.6173326969146729, 0.6890342831611633, 0.9136549830436707, -0.13324272632598877, -0.3840324580669403, -0.14526696503162384, 0.775336503982544, -0.6146143078804016], "cam_t_m2c": [-5574.375, 5467.8349609375, -5102.71630859375], "obj_id": 4}, {"cam_R_m2c": [0.2840900123119354, 0.9328300356864929, 0.22163273394107819, 0.08365994691848755, 0.2061583548784256, -0.97493577003479, -0.9551407694816589, 0.29551130533218384, -0.019472992047667503], "cam_t_m2c": [-5706.22998046875, 5608.5361328125, -4921.66015625], "obj_id": 5}],
  "3": [{"cam_R_m2c": [0.1874179244041443, -0.11781617254018784, -0.9751891493797302, -0.9821325540542603, -0.005260829348117113, -0.18811674416065216, 0.017032865434885025, 0.9930214881896973, -0.1166970506310463], "cam_t_m2c": [-7455.82421875, -91.83047485351562, 4272.900390625], "obj_id": 1}, {"cam_R_m2c": [-0.3133697509765625, -0.8510017991065979, 0.4214206039905548, 0.8309333920478821, -0.46055737137794495, -0.31214839220046997, 0.4597271978855133, 0.25235456228256226, 0.8514505624771118], "cam_t_m2c": [-7672.96630859375, -37.8549919128418, 4275.34765625], "obj_id": 2}, {"cam_R_m2c": [0.21765856444835663, 0.7801294922828674, 0.5865344405174255, 0.39639949798583984, -0.6198049783706665, 0.6772807240486145, 0.8919036388397217, 0.08508603274822235, -0.4441487491130829], "cam_t_m2c": [-7329.15771484375, 6.057310104370117, 4037.97900390625], "obj_id": 3}, {"cam_R_m2c": [-0.46738964319229126, -0.048059992492198944, 0.8827441334724426, -0.8811566233634949, -0.05541505292057991, -0.46956607699394226, 0.07148462533950806, -0.9973061084747314, -0.016448000445961952], "cam_t_m2c": [-7321.7958984375, 119.88594818115234, 4028.90576171875], "obj_id": 4}, {"cam_R_m2c": [0.2630661427974701, -0.7628120183944702, -0.5906895399093628, 0.35483211278915405, 0.6458398699760437, -0.6760067343711853, 0.8971568942070007, -0.031761109828948975, 0.4405687749385834], "cam_t_m2c": [-7168.56884765625, 13.044957160949707, 4053.06005859375], "obj_id": 1}, {"cam_R_m2c": [0.15202675759792328, -0.23702242970466614, -0.9595354199409485, -0.22589248418807983, 0.936792254447937, -0.26719436049461365, 0.9622163772583008, 0.25737252831459045, 0.088875912129879], "cam_t_m2c": [-7476.32421875, 105.86783599853516, 4130.6875], "obj_id": 2}, {"cam_R_m2c": [0.48714935779571533, 0.8299229741096497, 0.2718701660633087, 0.17712529003620148, 0.21094349026679993, -0.9613165259361267, -0.8551678657531738, 0.5164597630500793, -0.0442393459379673], "cam_t_m2c": [-7234.94873046875, 70.49219512939453, 4027.635009765625], "obj_id": 3}, {"cam_R_m2c": [0.14932581782341003, 0.6947171688079834, -0.7036119699478149, 0.33988356590270996, -0.7042933702468872, -0.6232573986053467, -0.9285369515419006, -0.14607776701450348, -0.34129202365875244], "cam_t_m2c": [-7325.99072265625, 92.32957458496094, 4034.95654296875], "obj_id": 4}, {"cam_R_m2c": [-0.7670055627822876, 0.2818368971347809, -0.5764292478561401, -0.14188358187675476, -0.9506269097328186, -0.2760030925273895, -0.6257569193840027, -0.12991002202033997, 0.7691239714622498], "cam_t_m2c": [-7501.06591796875, -127.06427001953125, 4053.273193359375], "obj_id": 5}, {"cam_R_m2c": [0.5563840270042419, -0.4371066689491272, -0.7066643834114075, -0.7157701849937439, -0.6840724349021912, -0.14042094349861145, -0.4220306873321533, 0.5839372277259827, -0.6934748888015747], "cam_t_m2c": [-7272.03271484375, -129.4614715576172, 4394.72802734375], "obj_id": 1}, {"cam_R_m2c": [0.6582900285720825, 0.6439203023910522, 0.3898985981941223, -0.350825697183609, -0.19583018124103546, 0.9157357215881348, 0.6660147309303284, -0.7396061420440674, 0.09699072688817978], "cam_t_m2c": [-7617.8525390625, -72.53693389892578, 4314.81201171875], "obj_id": 2}, {"cam_R_m2c": [-0.37166789174079895, 0.44568905234336853, 0.8143858909606934, 0.8390072584152222, 0.5367676615715027, 0.08914757519960403, -0.39740392565727234, 0.7164089679718018, -0.5734356641769409], "cam_t_m2c": [-7351.08154296875, -110.57647705078125, 4471.37451171875], "obj_id": 3}, {"cam_R_m2c": [0.15375086665153503, -0.9553437829017639, 0.25234711170196533, 0.36552128195762634, -0.1822783201932907, -0.9127809405326843, 0.9180169105529785, 0.23257915675640106, 0.32117292284965515], "cam_t_m2c": [-7471.7578125, -66.16854095458984, 4304.96630859375], "obj_id": 4}, {"cam_R_m2c": [-0.05471818521618843, 0.7887042164802551, -0.6123329997062683, -0.4910467863082886, 0.5127135515213013, 0.7042711973190308, 0.8694130778312683, 0.3392205536365509, 0.35923585295677185], "cam_t_m2c": [-7318.24853515625, -190.20254516601562, 4287.55224609375], "obj_id": 1}, {"cam_R_m2c": [0.9379324913024902, -0.1807485669851303, -0.2959943115711212, -0.3225541412830353, -0.7682297229766846, -0.5529754161834717, -0.1274421215057373, 0.6141278147697449, -0.7788488268852234], "cam_t_m2c": [-7552.107421875, 33.125274658203125, 4131.98828125], "obj_id": 2}, {"cam_R_m2c": [-0.2810094356536865, 0.6138237714767456, 0.7377357482910156, 0.9594277739524841, 0.16120456159114838, 0.23132546246051788, 0.023066718131303787, 0.7728087902069092, -0.6342195868492126], "cam_t_m2c": [-7463.3017578125, -139.58494567871094, 4302.54296875], "obj_id": 3}, {"cam_R_m2c": [0.7122381329536438, -0.5097630620002747, 0.48255401849746704, -0.11648830771446228, 0.5920894742012024, 0.7974085807800293, -0.6922046542167664, -0.624156653881073, 0.3623272776603699], "cam_t_m2c": [-7411.12255859375, -126.94379425048828, 4139.6044921875], "obj_id": 4}, {"cam_R_m2c": [0.13934415578842163, -0.1277620941400528, 0.9819673895835876, 0.9714967608451843, 0.2096823751926422, -0.11057686060667038, -0.1917736679315567, 0.9693863987922668, 0.15333853662014008], "cam_t_m2c": [-7537.05859375, -65.1182632446289, 4067.64208984375], "obj_id": 5}, {"cam_R_m2c": [-0.5848305821418762, -0.023257937282323837, -0.8108219504356384, 0.248198464512825, -0.9567769169807434, -0.15157629549503326, -0.7722504138946533, -0.28989121317863464, 0.5653250217437744], "cam_t_m2c": [-7571.19677734375, -9.626632690429688, 4129.0986328125], "obj_id": 1}, {"cam_R_m2c": [-0.18555909395217896, 0.7924147248268127, 0.5810738205909729, 0.9227340817451477, 0.3438217341899872, -0.17420805990695953, -0.3378308415412903, 0.5038506984710693, -0.7949873208999634], "cam_t_m2c": [-7464.95849609375, 55.50931930541992, 4045.75927734375], "obj_id": 2}, {"cam_R_m2c": [0.20966683328151703, -0.6709709167480469, 0.7112228274345398, -0.9106680750846863, 0.13082055747509003, 0.3918795883655548, -0.35598236322402954, -0.7298520803451538, -0.5836030840873718], "cam_t_m2c": [-7556.94091796875, 23.598350524902344, 4110.546875], "obj_id": 3}, {"cam_R_m2c": [0.976545512676239, 0.12880857288837433, -0.17253169417381287, -0.207042396068573, 0.7817105054855347, -0.5882704257965088, 0.059095557779073715, 0.610194206237793, 0.7900447249412537], "cam_t_m2c": [-7402.7333984375, -92.38707733154297, 4435.083984375], "obj_id": 4}, {"cam_R_m2c": [-0.9634506106376648, 0.15742208063602448, 0.21675176918506622, 0.1541115641593933, -0.33611103892326355, 0.9291281700134277, 0.2191179394721985, 0.928572952747345, 0.29956573247909546], "cam_t_m2c": [-7615.89013671875, -107.78750610351562, 4243.0673828125], "obj_id": 5}, {"cam_R_m2c": [0.32311221957206726, 0.9323815107345581, 0.1620590090751648, 0.08328217267990112, -0.19859470427036285, 0.9765368103981018, 0.9426890015602112, -0.30203431844711304, -0.14181910455226898], "cam_t_m2c": [-7527.2421875, -106.96725463867188, 4062.21630859375], "obj_id": 1}, {"cam_R_m2c": [0.014565998688340187, -0.379700630903244, 0.9249948263168335, -0.025773148983716965, 0.9246429204940796, 0.37996208667755127, -0.9995617866516113, -0.029374582692980766, 0.003682262497022748], "cam_t_m2c": [-7351.5849609375, -96.22161865234375, 4182.9326171875], "obj_id": 2}, {"cam_R_m2c": [0.06989718228578568, 0.017495594918727875, -0.9974007606506348, 0.9131785035133362, 0.4013216495513916, 0.07103462517261505, 0.40152135491371155, -0.9157701134681702, 0.012074640952050686], "cam_t_m2c": [-7505.5419921875, -121.9469223022461, 4122.12158203125], "obj_id": 3}, {"cam_R_m2c": [0.07052727788686752, 0.2926897704601288, -0.9536029696464539, 0.682297945022583, -0.7115265727043152, -0.16792723536491394, -0.7276644110679626, -0.6387978792190552, -0.24988368153572083], "cam_t_m2c": [-7280.5400390625, 97.26021575927734, 4072.1640625], "obj_id": 4}, {"cam_R_m2c": [0.8898634314537048, -0.4560089409351349, 0.01410338468849659, 0.043586164712905884, 0.11574520170688629, 0.9923221468925476, -0.45414018630981445, -0.8824164867401123, 0.12287310510873795], "cam_t_m2c": [-7652.29296875, -51.45716857910156, 4142.70849609375], "obj_id": 5}, {"cam_R_m2c": [-0.6141356825828552, 0.7865971326828003, 0.06404759734869003, -0.71241295337677, -0.5874713063240051, 0.3838554620742798, 0.3395657539367676, 0.19011105597019196, 0.9211692810058594], "cam_t_m2c": [-7578.91796875, -106.60435485839844, 4145.19140625], "obj_id": 1}, {"cam_R_m2c": [-0.3645516335964203, -0.7719699740409851, 0.520734429359436, -0.671165406703949, -0.16980712115764618, -0.7215971946716309, 0.6454758048057556, -0.6125584244728088, -0.456216037273407], "cam_t_m2c": [-7535.10595703125, -135.4559783935547, 4147.89990234375], "obj_id": 2}, {"cam_R_m2c": [-0.7942760586738586, -0.35010480880737305, 0.4965403974056244, 0.5561346411705017, -0.08990173786878586, 0.8262155055999756, -0.24462220072746277, 0.9323863983154297, 0.2661120593547821], "cam_t_m2c": [-7294.82958984375, -80.79479217529297, 4357.041015625], "obj_id": 3}, {"cam_R_m2c": [-0.047857899218797684, -0.40442347526550293, 0.9133188128471375, 0.9734942317008972, 0.18584592640399933, 0.1333048939704895, -0.22364819049835205, 0.895490288734436, 0.3848097622394562], "cam_t_m2c": [-7434.69482421875, 91.52822875976562, 4105.083984375], "obj_id": 4}, {"cam_R_m2c": [-0.5197917819023132, -0.8381333351135254, 0.16537527740001678, -0.6375343799591064, 0.25171223282814026, -0.7281420826911926, 0.5686532258987427, -0.48391470313072205, -0.6651767492294312], "cam_t_m2c": [-7283.37646484375, -106.88106536865234, 4073.1455078125], "obj_id": 1}, {"cam_R_m2c": [-0.9727867841720581, -0.23147465288639069, -0.010265734046697617, -0.21342287957668304, 0.8779138922691345, 0.428623229265213, -0.09020298719406128, 0.4191499650478363, -0.9034249782562256], "cam_t_m2c": [-7143.23583984375, -17.945289611816406, 4199.45068359375], "obj_id": 2}, {"cam_R_m2c": [-0.9062467813491821, -0.4176625907421112, -0.06538388878107071, -0.02607101760804653, -0.09915328770875931, 0.9947306513786316, -0.4219447672367096, 0.903175950050354, 0.07896830141544342], "cam_t_m2c": [-7452.0263671875, -250.6005096435547, 4309.25927734375], "obj_id": 3}, {"cam_R_m2c": [0.6748918294906616, 0.6558740735054016, -0.33815714716911316, -0.06320754438638687, 0.5079567432403564, 0.8590604662895203, 0.7352046370506287, -0.5583988428115845, 0.384272038936615], "cam_t_m2c": [-7292.31591796875, -184.17465209960938, 4250.818359375], "obj_id": 4}, {"cam_R_m2c": [-0.08865674585103989, -0.8350807428359985, 0.5429365634918213, 0.9065513610839844, 0.15818524360656738, 0.3913336396217346, -0.4126797318458557, 0.5268942713737488, 0.7430194020271301], "cam_t_m2c": [-7601.2177734375, -48.682212829589844, 4186.82177734375], "obj_id": 5}, {"cam_R_m2c": [0.7307963967323303, -0.48388928174972534, -0.4814434349536896, -0.15862928330898285, -0.8063954710960388, 0.5697043538093567, -0.6639076471328735, -0.33996686339378357, -0.6660698652267456], "cam_t_m2c": [-7407.45703125, 29.313692092895508, 4163.95654296875], "obj_id": 1}, {"cam_R_m2c": [-0.3675376772880554, 0.12707063555717468, -0.9212868213653564, 0.2415332794189453, 0.9696720242500305, 0.0373871736228466, 0.8980968594551086, -0.2087802141904831, -0.3870827853679657], "cam_t_m2c": [-7182.95458984375, -92.46761322021484, 4067.453857421875], "obj_id": 2}, {"cam_R_m2c": [-0.1179681196808815, 0.06100135296583176, 0.9911420941352844, -0.9682223200798035, 0.21458593010902405, -0.128447026014328, -0.2205207198858261, -0.9747984409332275, 0.03374842554330826], "cam_t_m2c": [-7523.525390625, -170.80734252929688, 4180.50732421875], "obj_id": 3}, {"cam_R_m2c": [0.3099510371685028, 0.19768963754177094, -0.9299726486206055, -0.526882529258728, 0.8499230146408081, 0.005068072117865086, 0.79140704870224, 0.48841550946235657, 0.3675937354564667], "cam_t_m2c": [-7352.02001953125, -158.62271118164062, 4352.34326171875], "obj_id": 4}, {"cam_R_m2c": [0.4079988896846771, 0.8826074600219727, -0.23354016244411469, -0.6681649684906006, 0.11434045433998108, -0.7351747155189514, -0.6221675872802734, 0.4559938311576843, 0.6363781094551086], "cam_t_m2c": [-7176.94873046875, -88.00988006591797, 4228.87060546875], "obj_id": 5}, {"cam_R_m2c": [0.9167632460594177, -0.2342437356710434, -0.3235352635383606, -0.02439386583864689, 0.7756443619728088, -0.6306986212730408, 0.3986855149269104, 0.5860936045646667, 0.7053681015968323], "cam_t_m2c": [-7422.181640625, 128.83697509765625, 4040.942138671875], "obj_id": 1}, {"cam_R_m2c": [0.28701168298721313, 0.22811022400856018, -0.9303708672523499, -0.6483031511306763, 0.7612652778625488, -0.013347524218261242, 0.7052143216133118, 0.6069932579994202, 0.3663766384124756], "cam_t_m2c": [-7170.6279296875, -139.0054168701172, 4125.10498046875], "obj_id": 2}, {"cam_R_m2c": [-0.26694318652153015, 0.1202881708741188, -0.956175684928894, 0.3885267972946167, 0.9214073419570923, 0.007446106523275375, 0.8819229602813721, -0.3695122301578522, -0.29269859194755554], "cam_t_m2c": [-7235.02978515625, -184.27276611328125, 4230.13623046875], "obj_id": 3}, {"cam_R_m2c": [-0.44070500135421753, 0.47027018666267395, 0.7646079063415527, -0.3174575865268707, 0.7150894403457642, -0.6227903366088867, -0.8396427631378174, -0.51719731092453, -0.16585269570350647], "cam_t_m2c": [-7468.3974609375, -118.53975677490234, 4188.91015625], "obj_id": 4}],
  "4": [{"cam_R_m2c": [0.20919087529182434, 0.9775099158287048, 0.026709971949458122, -0.2008545696735382, 0.016219723969697952, 0.9794867038726807, 0.9570248126983643, -0.2102644443511963, 0.19973042607307434], "cam_t_m2c": [5203.90478515625, 4102.623046875, 3011.4638671875], "obj_id": 1}, {"cam_R_m2c": [0.08204957842826843, 0.0058264718391001225, 0.9966112971305847, -0.30039992928504944, -0.9533319473266602, 0.030304966494441032, 0.9502778053283691, -0.3018684685230255, -0.07647034525871277], "cam_t_m2c": [5220.34228515625, 3934.03466796875, 2905.9482421875], "obj_id": 2}, {"cam_R_m2c": [0.535805344581604, -0.7245775461196899, -0.43347442150115967, -0.2584225535392761, 0.3480207622051239, -0.9011655449867249, 0.80382239818573, 0.5948688387870789, -0.0007757944986224174], "cam_t_m2c": [5462.60107421875, 4144.5087890625, 2601.50439453125], "obj_id": 3}, {"cam_R_m2c": [-0.44897347688674927, -0.33608588576316833, 0.827930748462677, 0.8574910163879395, -0.4226040840148926, 0.29345381259918213, 0.2512611448764801, 0.8416960835456848, 0.47792848944664], "cam_t_m2c": [5492.4296875, 4070.567626953125, 2925.281982421875], "obj_id": 4}, {"cam_R_m2c": [0.22954174876213074, 0.4917362630367279, 0.839944064617157, 0.4139472544193268, 0.7317243218421936, -0.5415045619010925, -0.8808849453926086, 0.4719904661178589, -0.03559160977602005], "cam_t_m2c": [5491.25927734375, 4187.47705078125, 2846.773193359375], "obj_id": 5}],
