{
  "0": [{"cam_R_m2c": [0.07839897274971008, 0.8504421710968018, 0.5201939344406128, 0.05073610693216324, -0.5245274901390076, 0.8498804569244385, 0.995630145072937, -0.04023713618516922, -0.08427053689956665], "cam_t_m2c": [41.39763641357422, -264.7157287597656, 1031.5545654296875], "obj_id": 2}, {"cam_R_m2c": [0.8254176378250122, 0.4387667179107666, 0.3552035093307495, 0.5637186169624329, -0.674199104309082, -0.47715508937835693, 0.030118096619844437, 0.5940870046615601, -0.8038368225097656], "cam_t_m2c": [208.10867309570312, -288.4414978027344, 755.1926879882812], "obj_id": 0}, {"cam_R_m2c": [0.6185332536697388, -0.28500741720199585, -0.7322481870651245, 0.7686198353767395, 0.413033127784729, 0.4884948432445526, 0.16321814060211182, -0.8649708032608032, 0.47453707456588745], "cam_t_m2c": [202.0148468017578, -108.46804809570312, 975.158447265625], "obj_id": 0}, {"cam_R_m2c": [-0.3092831075191498, -0.37306779623031616, 0.8747367262840271, 0.18438778817653656, -0.925905704498291, -0.3296964168548584, 0.932922899723053, 0.05932122841477394, 0.35515615344047546], "cam_t_m2c": [38.34883117675781, -31.263381958007812, 801.9827880859375], "obj_id": 2}],
  "1": [{"cam_R_m2c": [0.25631871819496155, 0.4166097342967987, -0.8722023963928223, 0.6129958033561707, 0.6276187300682068, 0.47992804646492004, 0.7473532557487488, -0.6576709747314453, -0.09450960159301758], "cam_t_m2c": [238.5553436279297, -9.826786994934082, 851.71533203125], "obj_id": 2}, {"cam_R_m2c": [-0.5897955298423767, 0.788838267326355, 0.17284446954727173, 0.7645951509475708, 0.6143587827682495, -0.19482696056365967, -0.25987547636032104, 0.01724795065820217, -0.9654878973960876], "cam_t_m2c": [161.57489013671875, -24.369176864624023, 537.7445068359375], "obj_id": 0}, {"cam_R_m2c": [-0.7258652448654175, -0.6382641792297363, -0.2563953697681427, 0.687560498714447, -0.6627121567726135, -0.29677149653434753, 0.01950230449438095, -0.39170342683792114, 0.9198848009109497], "cam_t_m2c": [60.15886688232422, 110.04151153564453, 766.75927734375], "obj_id": 0}, {"cam_R_m2c": [0.1409679651260376, 0.9247300028800964, 0.3535569906234741, 0.2711714208126068, -0.3795314133167267, 0.8845463395118713, 0.9521524310112, -0.02881820686161518, -0.3042621910572052], "cam_t_m2c": [-53.88569641113281, -111.86432647705078, 745.3883666992188], "obj_id": 2}]
}