{
  "0": [{"cam_R_m2c": [-0.138835608959198, 0.33827683329582214, -0.9307488799095154, 0.9730693101882935, 0.22123441100120544, -0.0647415891289711, 0.18401312828063965, -0.9146715998649597, -0.35988205671310425], "cam_t_m2c": [558.4674682617188, 21.476015090942383, 1230.5576171875], "obj_id": 3}, {"cam_R_m2c": [-0.31586575508117676, 0.9297070503234863, 0.18940365314483643, 0.6471686959266663, 0.35709065198898315, -0.6735421419143677, -0.6938311457633972, -0.09017276018857956, -0.7144699692726135], "cam_t_m2c": [575.912841796875, -62.577449798583984, 1214.294677734375], "obj_id": 0}, {"cam_R_m2c": [-0.6793983578681946, 0.03446336090564728, -0.7329597473144531, -0.6034839749336243, 0.541975200176239, 0.5848674774169922, 0.4174024760723114, 0.8396875262260437, -0.3474189341068268], "cam_t_m2c": [5570.42431640625, 2431.6044921875, -34865.7109375], "obj_id": 2}, {"cam_R_m2c": [-0.7032341361045837, 0.25360268354415894, 0.664189338684082, 0.16926053166389465, -0.8476353287696838, 0.5028571486473083, 0.6905162334442139, 0.46604734659194946, 0.553161084651947], "cam_t_m2c": [329.7287902832031, 140.7926025390625, 1058.796630859375], "obj_id": 0}],
  "1": [{"cam_R_m2c": [-0.8776533007621765, -0.36480724811553955, 0.3108701705932617, 0.16556215286254883, -0.8394224643707275, -0.5176476836204529, 0.4497930407524109, -0.4028468728065491, 0.797120213508606], "cam_t_m2c": [-154.39065551757812, 562.9962768554688, 518.412841796875], "obj_id": 3}, {"cam_R_m2c": [-0.5679048895835876, -0.6168564558029175, 0.5449514389038086, -0.7325805425643921, 0.07696646451950073, -0.6763149499893188, 0.3752462863922119, -0.7833033800125122, -0.4956066608428955], "cam_t_m2c": [-80.20330047607422, 549.4550170898438, 474.3421630859375], "obj_id": 0}, {"cam_R_m2c": [0.7990439534187317, -0.4768959879875183, -0.3661952018737793, 0.2867821156978607, 0.8375712633132935, -0.4650057852268219, 0.528473973274231, 0.26654183864593506, 0.806021511554718], "cam_t_m2c": [-6090.376953125, -34077.52734375, -9413.541015625], "obj_id": 2}, {"cam_R_m2c": [0.08459070324897766, 0.7636971473693848, -0.6400086879730225, 0.5583926439285278, 0.49564239382743835, 0.6652340292930603, 0.8252527117729187, -0.4136487543582916, -0.3845161199569702], "cam_t_m2c": [-212.1235809326172, 355.4497985839844, 740.8145751953125], "obj_id": 0}]
}