{
  "0": [{"cam_R_m2c": [-0.5340216755867004, 0.050315383821725845, -0.8439721465110779, -0.282467246055603, 0.9302513003349304, 0.2341897040605545, 0.7968895435333252, 0.3634569048881531, -0.4825619161128998], "cam_t_m2c": [-221.7289276123047, -448.4817199707031, 593.0215454101562], "obj_id": 3}, {"cam_R_m2c": [-0.7120708227157593, 0.2022944688796997, -0.6723331809043884, 0.37491363286972046, -0.7000852227210999, -0.6077172160148621, -0.5936284065246582, -0.6848046779632568, 0.4226675033569336], "cam_t_m2c": [-13.751331329345703, -485.7955322265625, 381.26531982421875], "obj_id": 3}, {"cam_R_m2c": [-0.5095270276069641, 0.3344924747943878, 0.7927778959274292, 0.3831649720668793, -0.7367520928382874, 0.5571182370185852, 0.770432710647583, 0.5876315832138062, 0.24722948670387268], "cam_t_m2c": [95.69288635253906, -537.9386596679688, 552.328125], "obj_id": 3}, {"cam_R_m2c": [-0.036951933056116104, 0.28351911902427673, -0.9582543969154358, 0.5355177521705627, -0.8039811849594116, -0.25852471590042114, -0.8437151908874512, -0.5227152109146118, -0.12212084978818893], "cam_t_m2c": [-62.209022521972656, -461.0986633300781, 357.3636779785156], "obj_id": 3}, {"cam_R_m2c": [0.8078049421310425, -0.42813536524772644, 0.40515583753585815, -0.5888386368751526, -0.6174188256263733, 0.5215964317321777, 0.02683698758482933, -0.6599196195602417, -0.7508566379547119], "cam_t_m2c": [-166.67539978027344, -359.86224365234375, 351.488037109375], "obj_id": 3}, {"cam_R_m2c": [0.6444108486175537, -0.3940865695476532, 0.6553093791007996, -0.5486660599708557, -0.835210382938385, 0.03726654127240181, 0.5326350331306458, -0.38356101512908936, -0.7544405460357666], "cam_t_m2c": [-148.7977752685547, -295.3007507324219, 617.1421508789062], "obj_id": 3}, {"cam_R_m2c": [0.0026911254972219467, -0.9999378323554993, -0.010822507552802563, 0.5864512324333191, 0.010344196110963821, -0.8099185228347778, 0.8099800944328308, -0.004167260602116585, 0.5864425897598267], "cam_t_m2c": [-141.789306640625, -352.093017578125, 722.5059814453125], "obj_id": 3}, {"cam_R_m2c": [0.10965058952569962, 0.27145397663116455, 0.9561848044395447, 0.9403679966926575, -0.3399699628353119, -0.011321671307086945, 0.3220009207725525, 0.900407075881958, -0.29254448413848877], "cam_t_m2c": [-233.37228393554688, -432.1221618652344, 630.753173828125], "obj_id": 3}, {"cam_R_m2c": [0.13859997689723969, -0.9721096158027649, -0.1891903281211853, 0.7179664373397827, -0.0329524427652359, 0.6952973008155823, -0.6821394562721252, -0.232200488448143, 0.6933748722076416], "cam_t_m2c": [-28.502347946166992, -530.224609375, 322.3260192871094], "obj_id": 3}, {"cam_R_m2c": [-0.005031112115830183, 0.9945166110992432, 0.10445638000965118, 0.32143357396125793, 0.1005227193236351, -0.9415813088417053, -0.9469186067581177, 0.028838468715548515, -0.3201766908168793], "cam_t_m2c": [-4.959095001220703, -453.7041015625, 443.1917724609375], "obj_id": 3}, {"cam_R_m2c": [0.979185163974762, -0.05657855421304703, -0.19492380321025848, 0.033802423626184464, -0.9014931917190552, 0.43147122859954834, -0.2001345008611679, -0.4290791153907776, -0.8808162808418274], "cam_t_m2c": [100.81900024414062, -368.76025390625, 694.7146606445312], "obj_id": 3}, {"cam_R_m2c": [0.04252904653549194, -0.9110808968544006, 0.4100278913974762, 0.13607212901115417, -0.4012930691242218, -0.9057859182357788, 0.9897856116294861, 0.0943155586719513, 0.10690613836050034], "cam_t_m2c": [-104.63508605957031, -332.6181945800781, 635.4027099609375], "obj_id": 3}, {"cam_R_m2c": [-0.8970398902893066, -0.43608325719833374, 0.07176930457353592, 0.43562769889831543, -0.8451022505760193, 0.30988815426826477, -0.07448463141918182, 0.3092467188835144, 0.9480603933334351], "cam_t_m2c": [-237.9947052001953, -382.0010986328125, 757.2633056640625], "obj_id": 3}, {"cam_R_m2c": [0.5346380472183228, 0.025275520980358124, 0.8447030186653137, 0.8312637209892273, -0.19574110209941864, -0.5202747583389282, 0.15219298005104065, 0.980329692363739, -0.1256612241268158], "cam_t_m2c": [-300.1587829589844, -422.64068603515625, 732.289306640625], "obj_id": 3}, {"cam_R_m2c": [-0.5540346503257751, 0.8241097927093506, -0.11784869432449341, -0.7576538920402527, -0.4404895007610321, 0.4815903604030609, 0.34497225284576416, 0.35610637068748474, 0.8684367537498474], "cam_t_m2c": [9.960226058959961, -345.2869873046875, 678.6405639648438], "obj_id": 3}, {"cam_R_m2c": [-0.44476383924484253, 0.6848470568656921, -0.5772082209587097, 0.4582515358924866, -0.3797166049480438, -0.8036296367645264, -0.7695390582084656, -0.6219320893287659, -0.1449478417634964], "cam_t_m2c": [-27.641786575317383, -236.51800537109375, 567.0066528320312], "obj_id": 3}],
  "1": [{"cam_R_m2c": [0.6926765441894531, -0.09477981179952621, 0.7149936556816101, 0.6361367702484131, 0.5474572777748108, -0.5437098741531372, -0.33989572525024414, 0.8314489126205444, 0.4395037591457367], "cam_t_m2c": [250.33628845214844, -228.39132690429688, 703.4237670898438], "obj_id": 3}, {"cam_R_m2c": [0.5504421591758728, -0.23452305793762207, 0.8012567162513733, -0.6034402847290039, -0.774999737739563, 0.18770958483219147, 0.5769516229629517, -0.5868338942527771, -0.5681131482124329], "cam_t_m2c": [14.724461555480957, -410.4654235839844, 674.721435546875], "obj_id": 3}, {"cam_R_m2c": [0.5866857171058655, -0.14005222916603088, -0.797612190246582, 0.7487392425537109, 0.46905601024627686, 0.4683757722377777, 0.3085276782512665, -0.8719929456710815, 0.3800511062145233], "cam_t_m2c": [-56.74528884887695, -239.31796264648438, 576.9459838867188], "obj_id": 3}, {"cam_R_m2c": [-0.17173121869564056, -0.27391576766967773, 0.9462972283363342, -0.71406489610672, -0.6271482110023499, -0.3111211061477661, 0.6786896586418152, -0.7291468977928162, -0.08789265900850296], "cam_t_m2c": [55.123756408691406, -435.7231750488281, 710.208251953125], "obj_id": 3}, {"cam_R_m2c": [-0.7169600129127502, 0.3767775297164917, -0.5865210890769958, 0.025404563173651695, -0.8266752362251282, -0.5621054768562317, -0.6966512203216553, -0.4179074764251709, 0.5831212997436523], "cam_t_m2c": [144.5073699951172, -436.26336669921875, 825.1292724609375], "obj_id": 3}, {"cam_R_m2c": [-0.47456327080726624, 0.4164956510066986, -0.7754486203193665, 0.49931278824806213, -0.5981360077857971, -0.626832902431488, -0.7248971462249756, -0.6846635341644287, 0.07589217275381088], "cam_t_m2c": [165.33506774902344, -163.35467529296875, 837.252685546875], "obj_id": 3}, {"cam_R_m2c": [0.06884399056434631, 0.9761244058609009, 0.20601341128349304, 0.9032955169677734, -0.1486443728208542, 0.40244489908218384, 0.4234590530395508, 0.15838511288166046, -0.8919620513916016], "cam_t_m2c": [183.26596069335938, -71.79098510742188, 761.9492797851562], "obj_id": 3}, {"cam_R_m2c": [-0.16114480793476105, -0.07061564177274704, -0.9844011068344116, 0.5180672407150269, 0.8429128527641296, -0.14527282118797302, 0.84002286195755, -0.5333960056304932, -0.09924735128879547], "cam_t_m2c": [266.3298645019531, -190.25595092773438, 714.2299194335938], "obj_id": 3}, {"cam_R_m2c": [-0.33680039644241333, 0.9146066308021545, 0.2237412929534912, -0.49495795369148254, -0.3741189241409302, 0.7842522859573364, 0.8009881973266602, 0.15339395403862, 0.5786952376365662], "cam_t_m2c": [24.155763626098633, -478.68536376953125, 644.3492431640625], "obj_id": 3}, {"cam_R_m2c": [-0.1958407461643219, -0.9794690608978271, -0.04781882092356682, -0.8526111841201782, 0.19416095316410065, -0.48513463139533997, 0.48445895314216614, -0.05423828959465027, -0.8731309175491333], "cam_t_m2c": [13.07269287109375, -342.72265625, 693.4360961914062], "obj_id": 3}, {"cam_R_m2c": [-0.9962080717086792, 0.08623841404914856, -0.01150852907449007, -0.04329312965273857, -0.6061004400253296, -0.7942090034484863, -0.07546665519475937, -0.7906991839408875, 0.6075356602668762], "cam_t_m2c": [-56.885677337646484, -66.47859954833984, 714.9608154296875], "obj_id": 3}, {"cam_R_m2c": [0.11331307142972946, 0.9541096091270447, -0.27719104290008545, 0.9921518564224243, -0.12350426614284515, -0.019527794793248177, -0.052865948528051376, -0.27280285954475403, -0.9606162905693054], "cam_t_m2c": [129.6324462890625, -146.7417449951172, 791.1471557617188], "obj_id": 3}, {"cam_R_m2c": [0.8138529658317566, 0.5782402157783508, 0.05728551372885704, -0.1156202182173729, 0.06453509628772736, 0.9911947846412659, 0.5694517493247986, -0.8133101463317871, 0.11937835067510605], "cam_t_m2c": [286.84197998046875, -58.29948806762695, 740.7826538085938], "obj_id": 3}, {"cam_R_m2c": [-0.5934240221977234, 0.16717493534088135, -0.7873374819755554, 0.39392879605293274, 0.9133542776107788, -0.10297605395317078, 0.7019030451774597, -0.37126341462135315, -0.607861340045929], "cam_t_m2c": [348.0666809082031, -99.82093811035156, 714.9534301757812], "obj_id": 3}, {"cam_R_m2c": [0.689595103263855, -0.6933712959289551, 0.20903322100639343, 0.09950951486825943, 0.3766264319419861, 0.9210050702095032, -0.7173259258270264, -0.6143198013305664, 0.32871678471565247], "cam_t_m2c": [26.47919273376465, -90.62530517578125, 754.1006469726562], "obj_id": 3}, {"cam_R_m2c": [0.24894170463085175, -0.7329511046409607, 0.6330961585044861, -0.7176992893218994, -0.5785302519798279, -0.38756999373435974, 0.6503350734710693, -0.3578903377056122, -0.6700587868690491], "cam_t_m2c": [31.34125518798828, -182.23606872558594, 885.5941772460938], "obj_id": 3}]
}