{
  "0": [{"cam_R_m2c": [0.44314253330230713, -0.06830451637506485, -0.8938451409339905, -0.6627572774887085, -0.6963680386543274, -0.2753618061542511, -0.6036368012428284, 0.7144269347190857, -0.353859543800354], "cam_t_m2c": [251.224365234375, 171.85003662109375, 255.602783203125], "obj_id": 3}, {"cam_R_m2c": [0.23901301622390747, 0.7097113132476807, -0.6627085208892822, 0.9595125317573547, -0.06787992268800735, 0.2733641564846039, 0.14902499318122864, -0.7012147307395935, -0.6972010135650635], "cam_t_m2c": [-1194.5096435546875, -25217.115234375, -6505.3662109375], "obj_id": 1}, {"cam_R_m2c": [0.6064590811729431, -0.604546070098877, 0.5164604187011719, -0.7944180965423584, -0.4878844618797302, 0.36175736784935, 0.03327406570315361, -0.6296765804290771, -0.7761443257331848], "cam_t_m2c": [223.47354125976562, 111.64127349853516, 418.7067565917969], "obj_id": 2}, {"cam_R_m2c": [0.7138211131095886, 0.6611128449440002, -0.23106113076210022, 0.4450266361236572, -0.6829549074172974, -0.5792443156242371, -0.5407502055168152, 0.31064844131469727, -0.7817204594612122], "cam_t_m2c": [330.4046936035156, 225.40196228027344, 719.3345336914062], "obj_id": 1}],
  "1": [{"cam_R_m2c": [-0.3368087708950043, -0.4701637029647827, 0.8157855272293091, -0.9224539399147034, 0.3384779095649719, -0.18577252328395844, -0.18878187239170074, -0.8150943517684937, -0.5477067232131958], "cam_t_m2c": [57.516563415527344, -432.7928161621094, 1422.6046142578125], "obj_id": 3}, {"cam_R_m2c": [0.047733455896377563, -0.32738107442855835, 0.9436858296394348, 0.4748058021068573, -0.8237636089324951, -0.309794545173645, 0.8787950873374939, 0.46285510063171387, 0.11612150073051453], "cam_t_m2c": [-4147.4697265625, -16728.857421875, -18805.046875], "obj_id": 1}, {"cam_R_m2c": [-0.7862539291381836, 0.617854118347168, 0.007796178571879864, -0.4715309739112854, -0.5918000340461731, -0.6537821292877197, -0.39932823181152344, -0.5177149772644043, 0.7566426992416382], "cam_t_m2c": [-7.311652183532715, -309.97406005859375, 1314.3250732421875], "obj_id": 2}, {"cam_R_m2c": [-0.231252521276474, -0.9130196571350098, 0.33603161573410034, -0.4672386050224304, -0.1987289935350418, -0.86150723695755, 0.8533523082733154, -0.35623276233673096, -0.380641371011734], "cam_t_m2c": [-187.4891357421875, -29.983591079711914, 1376.9295654296875], "obj_id": 1}]
}