{
  "0": [{"cam_R_m2c": [0.48341912031173706, -0.7148420810699463, -0.5052788257598877, -0.2097037434577942, -0.6549649238586426, 0.7259787917137146, -0.8499001264572144, -0.2449931502342224, -0.4665276110172272], "cam_t_m2c": [10162.0732421875, 33706.19140625, 31355.75390625], "obj_id": 0}, {"cam_R_m2c": [0.18245606124401093, 0.8594731092453003, 0.47750991582870483, -0.6925956606864929, -0.23236463963985443, 0.6828747391700745, 0.6978688836097717, -0.4553159475326538, 0.55287104845047], "cam_t_m2c": [232.90284729003906, 258.70660400390625, 1273.92333984375], "obj_id": 2}, {"cam_R_m2c": [0.017336677759885788, 0.6330646872520447, 0.7739046216011047, -0.8305243253707886, 0.4400898218154907, -0.3413945436477661, -0.5567123889923096, -0.6368280053138733, 0.5334054231643677], "cam_t_m2c": [9517.978515625, 27525.84765625, 26245.58984375], "obj_id": 3}],
  "1": [{"cam_R_m2c": [0.30427590012550354, -0.44986963272094727, -0.8396626710891724, -0.2625787556171417, -0.8869189620018005, 0.3800354301929474, -0.9156792759895325, 0.10484199225902557, -0.3879942297935486], "cam_t_m2c": [3688.447265625, 41917.58203125, 20499.869140625], "obj_id": 0}, {"cam_R_m2c": [0.5950510501861572, 0.7446696758270264, 0.3022933304309845, -0.39041996002197266, -0.060929566621780396, 0.9186184406280518, 0.7024859189987183, -0.6646462082862854, 0.25447770953178406], "cam_t_m2c": [170.0480499267578, 373.5782470703125, 904.713134765625], "obj_id": 2}, {"cam_R_m2c": [0.19456158578395844, 0.24364866316318512, 0.9501479268074036, -0.8983652591705322, 0.43316057324409485, 0.07288164645433426, -0.39380908012390137, -0.8677598834037781, 0.3031619191169739], "cam_t_m2c": [4210.5986328125, 34733.91015625, 16914.76171875], "obj_id": 3}]
}