{
  "0": [{"cam_R_m2c": [-0.09283559769392014, -0.9915238618850708, -0.09089609235525131, -0.5091732144355774, 0.12572675943374634, -0.8514314889907837, 0.8556426763534546, -0.032761234790086746, -0.5165293216705322], "cam_t_m2c": [-142.95742797851562, 30.461015701293945, 176.80572509765625], "obj_id": 1}, {"cam_R_m2c": [-0.09283559769392014, -0.9915238618850708, -0.09089609235525131, -0.5091732144355774, 0.12572675943374634, -0.8514314889907837, 0.8556426763534546, -0.032761234790086746, -0.5165293216705322], "cam_t_m2c": [-142.95742797851562, 30.461015701293945, 176.80572509765625], "obj_id": 2}, {"cam_R_m2c": [-0.09283559769392014, -0.9915238618850708, -0.09089609235525131, -0.5091732144355774, 0.12572675943374634, -0.8514314889907837, 0.8556426763534546, -0.032761234790086746, -0.5165293216705322], "cam_t_m2c": [-142.95742797851562, 30.461015701293945, 176.80572509765625], "obj_id": 3}, {"cam_R_m2c": [-0.09283559769392014, -0.9915238618850708, -0.09089609235525131, -0.5091732144355774, 0.12572675943374634, -0.8514314889907837, 0.8556426763534546, -0.032761234790086746, -0.5165293216705322], "cam_t_m2c": [-142.95742797851562, 30.461015701293945, 176.80572509765625], "obj_id": 1}, {"cam_R_m2c": [-0.09283559769392014, -0.9915238618850708, -0.09089609235525131, -0.5091732144355774, 0.12572675943374634, -0.8514314889907837, 0.8556426763534546, -0.032761234790086746, -0.5165293216705322], "cam_t_m2c": [-142.95742797851562, 30.461015701293945, 176.80572509765625], "obj_id": 3}, {"cam_R_m2c": [-0.09283559769392014, -0.9915238618850708, -0.09089609235525131, -0.5091732144355774, 0.12572675943374634, -0.8514314889907837, 0.8556426763534546, -0.032761234790086746, -0.5165293216705322], "cam_t_m2c": [-142.95742797851562, 30.461015701293945, 176.80572509765625], "obj_id": 3}, {"cam_R_m2c": [-0.09283559769392014, -0.9915238618850708, -0.09089609235525131, -0.5091732144355774, 0.12572675943374634, -0.8514314889907837, 0.8556426763534546, -0.032761234790086746, -0.5165293216705322], "cam_t_m2c": [-142.95742797851562, 30.461015701293945, 176.80572509765625], "obj_id": 1}, {"cam_R_m2c": [-0.09283559769392014, -0.9915238618850708, -0.09089609235525131, -0.5091732144355774, 0.12572675943374634, -0.8514314889907837, 0.8556426763534546, -0.032761234790086746, -0.5165293216705322], "cam_t_m2c": [-142.95742797851562, 30.461015701293945, 176.80572509765625], "obj_id": 3}, {"cam_R_m2c": [-0.09283559769392014, -0.9915238618850708, -0.09089609235525131, -0.5091732144355774, 0.12572675943374634, -0.8514314889907837, 0.8556426763534546, -0.032761234790086746, -0.5165293216705322], "cam_t_m2c": [-142.95742797851562, 30.461015701293945, 176.80572509765625], "obj_id": 3}, {"cam_R_m2c": [-0.09283559769392014, -0.9915238618850708, -0.09089609235525131, -0.5091732144355774, 0.12572675943374634, -0.8514314889907837, 0.8556426763534546, -0.032761234790086746, -0.5165293216705322], "cam_t_m2c": [-142.95742797851562, 30.461015701293945, 176.80572509765625], "obj_id": 3}, {"cam_R_m2c": [-0.09283559769392014, -0.9915238618850708, -0.09089609235525131, -0.5091732144355774, 0.12572675943374634, -0.8514314889907837, 0.8556426763534546, -0.032761234790086746, -0.5165293216705322], "cam_t_m2c": [-142.95742797851562, 30.461015701293945, 176.80572509765625], "obj_id": 1}, {"cam_R_m2c": [-0.09283559769392014, -0.9915238618850708, -0.09089609235525131, -0.5091732144355774, 0.12572675943374634, -0.8514314889907837, 0.8556426763534546, -0.032761234790086746, -0.5165293216705322], "cam_t_m2c": [-142.95742797851562, 30.461015701293945, 176.80572509765625], "obj_id": 2}, {"cam_R_m2c": [-0.09283559769392014, -0.9915238618850708, -0.09089609235525131, -0.5091732144355774, 0.12572675943374634, -0.8514314889907837, 0.8556426763534546, -0.032761234790086746, -0.5165293216705322], "cam_t_m2c": [-142.95742797851562, 30.461015701293945, 176.80572509765625], "obj_id": 1}, {"cam_R_m2c": [-0.09283559769392014, -0.9915238618850708, -0.09089609235525131, -0.5091732144355774, 0.12572675943374634, -0.8514314889907837, 0.8556426763534546, -0.032761234790086746, -0.5165293216705322], "cam_t_m2c": [-142.95742797851562, 30.461015701293945, 176.80572509765625], "obj_id": 2}, {"cam_R_m2c": [-0.09283559769392014, -0.9915238618850708, -0.09089609235525131, -0.5091732144355774, 0.12572675943374634, -0.8514314889907837, 0.8556426763534546, -0.032761234790086746, -0.5165293216705322], "cam_t_m2c": [-142.95742797851562, 30.461015701293945, 176.80572509765625], "obj_id": 3}, {"cam_R_m2c": [-0.09283559769392014, -0.9915238618850708, -0.09089609235525131, -0.5091732144355774, 0.12572675943374634, -0.8514314889907837, 0.8556426763534546, -0.032761234790086746, -0.5165293216705322], "cam_t_m2c": [-142.95742797851562, 30.461015701293945, 176.80572509765625], "obj_id": 1}, {"cam_R_m2c": [-0.09283559769392014, -0.9915238618850708, -0.09089609235525131, -0.5091732144355774, 0.12572675943374634, -0.8514314889907837, 0.8556426763534546, -0.032761234790086746, -0.5165293216705322], "cam_t_m2c": [-142.95742797851562, 30.461015701293945, 176.80572509765625], "obj_id": 1}, {"cam_R_m2c": [-0.09283559769392014, -0.9915238618850708, -0.09089609235525131, -0.5091732144355774, 0.12572675943374634, -0.8514314889907837, 0.8556426763534546, -0.032761234790086746, -0.5165293216705322], "cam_t_m2c": [-142.95742797851562, 30.461015701293945, 176.80572509765625], "obj_id": 1}, {"cam_R_m2c": [-0.09283559769392014, -0.9915238618850708, -0.09089609235525131, -0.5091732144355774, 0.12572675943374634, -0.8514314889907837, 0.8556426763534546, -0.032761234790086746, -0.5165293216705322], "cam_t_m2c": [-142.95742797851562, 30.461015701293945, 176.80572509765625], "obj_id": 1}, {"cam_R_m2c": [-0.09283559769392014, -0.9915238618850708, -0.09089609235525131, -0.5091732144355774, 0.12572675943374634, -0.8514314889907837, 0.8556426763534546, -0.032761234790086746, -0.5165293216705322], "cam_t_m2c": [-142.95742797851562, 30.461015701293945, 176.80572509765625], "obj_id": 2}, {"cam_R_m2c": [-0.09283559769392014, -0.9915238618850708, -0.09089609235525131, -0.5091732144355774, 0.12572675943374634, -0.8514314889907837, 0.8556426763534546, -0.032761234790086746, -0.5165293216705322], "cam_t_m2c": [-142.95742797851562, 30.461015701293945, 176.80572509765625], "obj_id": 1}, {"cam_R_m2c": [-0.09283559769392014, -0.9915238618850708, -0.09089609235525131, -0.5091732144355774, 0.12572675943374634, -0.8514314889907837, 0.8556426763534546, -0.032761234790086746, -0.5165293216705322], "cam_t_m2c": [-142.95742797851562, 30.461015701293945, 176.80572509765625], "obj_id": 2}, {"cam_R_m2c": [-0.09283559769392014, -0.9915238618850708, -0.09089609235525131, -0.5091732144355774, 0.12572675943374634, -0.8514314889907837, 0.8556426763534546, -0.032761234790086746, -0.5165293216705322], "cam_t_m2c": [-142.95742797851562, 30.461015701293945, 176.80572509765625], "obj_id": 3}, {"cam_R_m2c": [-0.09283559769392014, -0.9915238618850708, -0.09089609235525131, -0.5091732144355774, 0.12572675943374634, -0.8514314889907837, 0.8556426763534546, -0.032761234790086746, -0.5165293216705322], "cam_t_m2c": [-142.95742797851562, 30.461015701293945, 176.80572509765625], "obj_id": 1}, {"cam_R_m2c": [-0.1258893758058548, -0.9691641330718994, 0.2118314504623413, -0.13094623386859894, -0.19542808830738068, -0.9719365835189819, 0.9833639860153198, -0.150095134973526, -0.10230595618486404], "cam_t_m2c": [411.33660888671875, 6800.61474609375, 4332.125], "obj_id": 0}, {"cam_R_m2c": [0.6296472549438477, -0.0442776121199131, -0.775618314743042, 0.4022699296474457, 0.8726922869682312, 0.276743620634079, 0.6646226048469543, -0.4862588047981262, 0.5672998428344727], "cam_t_m2c": [-203.4554901123047, 119.42676544189453, -7.237556457519531], "obj_id": 3}, {"cam_R_m2c": [0.07132451981306076, 0.09265407919883728, 0.9931405186653137, -0.3043570816516876, 0.9502134919166565, -0.06679118424654007, -0.9498839974403381, -0.2975054681301117, 0.09597344696521759], "cam_t_m2c": [-102.89983367919922, -58.264888763427734, 258.7231140136719], "obj_id": 3}, {"cam_R_m2c": [-0.010766222141683102, -0.9051249027252197, 0.42500922083854675, -0.9943386912345886, 0.05462352931499481, 0.09114090353250504, -0.10570938885211945, -0.4216219186782837, -0.9005888104438782], "cam_t_m2c": [-4.753452777862549, 40.469573974609375, 80.23821258544922], "obj_id": 1}, {"cam_R_m2c": [-0.6030452251434326, 0.5481680631637573, 0.5795239210128784, 0.3449866771697998, -0.4758177697658539, 0.8090620040893555, 0.7192498445510864, 0.6878291368484497, 0.0978291854262352], "cam_t_m2c": [-280.1236267089844, -5.698075294494629, 310.6598815917969], "obj_id": 1}, {"cam_R_m2c": [0.33835721015930176, -0.13117526471614838, 0.931830108165741, 0.6719090938568115, -0.659608006477356, -0.336831271648407, 0.6588265895843506, 0.7400744557380676, -0.13504523038864136], "cam_t_m2c": [554.2869873046875, 6727.2236328125, 4418.85009765625], "obj_id": 0}, {"cam_R_m2c": [0.8842855095863342, 0.46632564067840576, 0.024073533713817596, 0.19586336612701416, -0.41722577810287476, 0.8874458074569702, 0.4238828718662262, -0.7800403833389282, -0.4602828025817871], "cam_t_m2c": [44.54764938354492, 79.5166015625, -5.419832706451416], "obj_id": 0}, {"cam_R_m2c": [0.29251694679260254, 0.056155916303396225, 0.9546099901199341, -0.36858171224594116, 0.9277611970901489, 0.058366354554891586, -0.8823725581169128, -0.36892497539520264, 0.2920839190483093], "cam_t_m2c": [-11.52220344543457, -20.71376609802246, 183.54248046875], "obj_id": 3}],
  "1": [{"cam_R_m2c": [-0.7905037999153137, -0.5505785346031189, -0.26826632022857666, -0.44144493341445923, 0.815829336643219, -0.3735622763633728, 0.4245349168777466, -0.17687763273715973, -0.8879663348197937], "cam_t_m2c": [-83.7656478881836, 123.17949676513672, 173.1536865234375], "obj_id": 1}, {"cam_R_m2c": [-0.7905037999153137, -0.5505785346031189, -0.26826632022857666, -0.44144493341445923, 0.815829336643219, -0.3735622763633728, 0.4245349168777466, -0.17687763273715973, -0.8879663348197937], "cam_t_m2c": [-83.7656478881836, 123.17949676513672, 173.1536865234375], "obj_id": 2}, {"cam_R_m2c": [-0.7905037999153137, -0.5505785346031189, -0.26826632022857666, -0.44144493341445923, 0.815829336643219, -0.3735622763633728, 0.4245349168777466, -0.17687763273715973, -0.8879663348197937], "cam_t_m2c": [-83.7656478881836, 123.17949676513672, 173.1536865234375], "obj_id": 3}, {"cam_R_m2c": [-0.7905037999153137, -0.5505785346031189, -0.26826632022857666, -0.44144493341445923, 0.815829336643219, -0.3735622763633728, 0.4245349168777466, -0.17687763273715973, -0.8879663348197937], "cam_t_m2c": [-83.7656478881836, 123.17949676513672, 173.1536865234375], "obj_id": 1}, {"cam_R_m2c": [-0.7905037999153137, -0.5505785346031189, -0.26826632022857666, -0.44144493341445923, 0.815829336643219, -0.3735622763633728, 0.4245349168777466, -0.17687763273715973, -0.8879663348197937], "cam_t_m2c": [-83.7656478881836, 123.17949676513672, 173.1536865234375], "obj_id": 3}, {"cam_R_m2c": [-0.7905037999153137, -0.5505785346031189, -0.26826632022857666, -0.44144493341445923, 0.815829336643219, -0.3735622763633728, 0.4245349168777466, -0.17687763273715973, -0.8879663348197937], "cam_t_m2c": [-83.7656478881836, 123.17949676513672, 173.1536865234375], "obj_id": 3}, {"cam_R_m2c": [-0.7905037999153137, -0.5505785346031189, -0.26826632022857666, -0.44144493341445923, 0.815829336643219, -0.3735622763633728, 0.4245349168777466, -0.17687763273715973, -0.8879663348197937], "cam_t_m2c": [-83.7656478881836, 123.17949676513672, 173.1536865234375], "obj_id": 1}, {"cam_R_m2c": [-0.7905037999153137, -0.5505785346031189, -0.26826632022857666, -0.44144493341445923, 0.815829336643219, -0.3735622763633728, 0.4245349168777466, -0.17687763273715973, -0.8879663348197937], "cam_t_m2c": [-83.7656478881836, 123.17949676513672, 173.1536865234375], "obj_id": 3}, {"cam_R_m2c": [-0.7905037999153137, -0.5505785346031189, -0.26826632022857666, -0.44144493341445923, 0.815829336643219, -0.3735622763633728, 0.4245349168777466, -0.17687763273715973, -0.8879663348197937], "cam_t_m2c": [-83.7656478881836, 123.17949676513672, 173.1536865234375], "obj_id": 3}, {"cam_R_m2c": [-0.7905037999153137, -0.5505785346031189, -0.26826632022857666, -0.44144493341445923, 0.815829336643219, -0.3735622763633728, 0.4245349168777466, -0.17687763273715973, -0.8879663348197937], "cam_t_m2c": [-83.7656478881836, 123.17949676513672, 173.1536865234375], "obj_id": 3}, {"cam_R_m2c": [-0.7905037999153137, -0.5505785346031189, -0.26826632022857666, -0.44144493341445923, 0.815829336643219, -0.3735622763633728, 0.4245349168777466, -0.17687763273715973, -0.8879663348197937], "cam_t_m2c": [-83.7656478881836, 123.17949676513672, 173.1536865234375], "obj_id": 1}, {"cam_R_m2c": [-0.7905037999153137, -0.5505785346031189, -0.26826632022857666, -0.44144493341445923, 0.815829336643219, -0.3735622763633728, 0.4245349168777466, -0.17687763273715973, -0.8879663348197937], "cam_t_m2c": [-83.7656478881836, 123.17949676513672, 173.1536865234375], "obj_id": 2}, {"cam_R_m2c": [-0.7905037999153137, -0.5505785346031189, -0.26826632022857666, -0.44144493341445923, 0.815829336643219, -0.3735622763633728, 0.4245349168777466, -0.17687763273715973, -0.8879663348197937], "cam_t_m2c": [-83.7656478881836, 123.17949676513672, 173.1536865234375], "obj_id": 1}, {"cam_R_m2c": [-0.7905037999153137, -0.5505785346031189, -0.26826632022857666, -0.44144493341445923, 0.815829336643219, -0.3735622763633728, 0.4245349168777466, -0.17687763273715973, -0.8879663348197937], "cam_t_m2c": [-83.7656478881836, 123.17949676513672, 173.1536865234375], "obj_id": 2}, {"cam_R_m2c": [-0.7905037999153137, -0.5505785346031189, -0.26826632022857666, -0.44144493341445923, 0.815829336643219, -0.3735622763633728, 0.4245349168777466, -0.17687763273715973, -0.8879663348197937], "cam_t_m2c": [-83.7656478881836, 123.17949676513672, 173.1536865234375], "obj_id": 3}, {"cam_R_m2c": [-0.7905037999153137, -0.5505785346031189, -0.26826632022857666, -0.44144493341445923, 0.815829336643219, -0.3735622763633728, 0.4245349168777466, -0.17687763273715973, -0.8879663348197937], "cam_t_m2c": [-83.7656478881836, 123.17949676513672, 173.1536865234375], "obj_id": 1}, {"cam_R_m2c": [-0.7905037999153137, -0.5505785346031189, -0.26826632022857666, -0.44144493341445923, 0.815829336643219, -0.3735622763633728, 0.4245349168777466, -0.17687763273715973, -0.8879663348197937], "cam_t_m2c": [-83.7656478881836, 123.17949676513672, 173.1536865234375], "obj_id": 1}, {"cam_R_m2c": [-0.7905037999153137, -0.5505785346031189, -0.26826632022857666, -0.44144493341445923, 0.815829336643219, -0.3735622763633728, 0.4245349168777466, -0.17687763273715973, -0.8879663348197937], "cam_t_m2c": [-83.7656478881836, 123.17949676513672, 173.1536865234375], "obj_id": 1}, {"cam_R_m2c": [-0.7905037999153137, -0.5505785346031189, -0.26826632022857666, -0.44144493341445923, 0.815829336643219, -0.3735622763633728, 0.4245349168777466, -0.17687763273715973, -0.8879663348197937], "cam_t_m2c": [-83.7656478881836, 123.17949676513672, 173.1536865234375], "obj_id": 1}, {"cam_R_m2c": [-0.7905037999153137, -0.5505785346031189, -0.26826632022857666, -0.44144493341445923, 0.815829336643219, -0.3735622763633728, 0.4245349168777466, -0.17687763273715973, -0.8879663348197937], "cam_t_m2c": [-83.7656478881836, 123.17949676513672, 173.1536865234375], "obj_id": 2}, {"cam_R_m2c": [-0.7905037999153137, -0.5505785346031189, -0.26826632022857666, -0.44144493341445923, 0.815829336643219, -0.3735622763633728, 0.4245349168777466, -0.17687763273715973, -0.8879663348197937], "cam_t_m2c": [-83.7656478881836, 123.17949676513672, 173.1536865234375], "obj_id": 1}, {"cam_R_m2c": [-0.7905037999153137, -0.5505785346031189, -0.26826632022857666, -0.44144493341445923, 0.815829336643219, -0.3735622763633728, 0.4245349168777466, -0.17687763273715973, -0.8879663348197937], "cam_t_m2c": [-83.7656478881836, 123.17949676513672, 173.1536865234375], "obj_id": 2}, {"cam_R_m2c": [-0.7905037999153137, -0.5505785346031189, -0.26826632022857666, -0.44144493341445923, 0.815829336643219, -0.3735622763633728, 0.4245349168777466, -0.17687763273715973, -0.8879663348197937], "cam_t_m2c": [-83.7656478881836, 123.17949676513672, 173.1536865234375], "obj_id": 3}, {"cam_R_m2c": [-0.7905037999153137, -0.5505785346031189, -0.26826632022857666, -0.44144493341445923, 0.815829336643219, -0.3735622763633728, 0.4245349168777466, -0.17687763273715973, -0.8879663348197937], "cam_t_m2c": [-83.7656478881836, 123.17949676513672, 173.1536865234375], "obj_id": 1}, {"cam_R_m2c": [-0.6657208800315857, -0.6555877327919006, -0.35639888048171997, -0.20008596777915955, 0.616957426071167, -0.7611367106437683, 0.7188748717308044, -0.435394287109375, -0.5418952703475952], "cam_t_m2c": [1915.8922119140625, 3207.02783203125, 7237.15625], "obj_id": 0}, {"cam_R_m2c": [0.2857847511768341, 0.7144322395324707, -0.6386811137199402, -0.34308063983917236, 0.6985791921615601, 0.6279193758964539, 0.8947752118110657, 0.039669379591941833, 0.44475117325782776], "cam_t_m2c": [22.92675018310547, 263.92620849609375, 53.76382064819336], "obj_id": 3}, {"cam_R_m2c": [0.36868998408317566, 0.7480048537254333, 0.5518662333488464, -0.047892820090055466, 0.6081876158714294, -0.7923471331596375, -0.9283177852630615, 0.26569998264312744, 0.2600567638874054], "cam_t_m2c": [-150.3971405029297, 19.1890926361084, 203.70852661132812], "obj_id": 3}, {"cam_R_m2c": [-0.5104953050613403, -0.3327799141407013, 0.7928757071495056, -0.611493706703186, 0.7887645363807678, -0.0626576617360115, -0.604541003704071, -0.5168249607086182, -0.6061533689498901], "cam_t_m2c": [61.009857177734375, 48.62368392944336, 128.3509979248047], "obj_id": 1}, {"cam_R_m2c": [-0.5682483315467834, -0.27193841338157654, 0.7766228914260864, 0.5131630897521973, -0.8549082279205322, 0.07612665742635727, 0.6432396173477173, 0.4417930841445923, 0.6253491640090942], "cam_t_m2c": [-261.94268798828125, 172.21006774902344, 235.5070037841797], "obj_id": 1}, {"cam_R_m2c": [0.25275278091430664, -0.8396100401878357, 0.4808024764060974, 0.04597228020429611, -0.4859545826911926, -0.8727741241455078, 0.9664381146430969, 0.24269966781139374, -0.08422757685184479], "cam_t_m2c": [1921.606201171875, 3036.3974609375, 7301.923828125], "obj_id": 0}, {"cam_R_m2c": [0.45888692140579224, 0.4712662100791931, 0.7532137036323547, -0.6122812032699585, -0.44658079743385315, 0.6524393558502197, 0.6438434720039368, -0.7605745196342468, 0.0836174339056015], "cam_t_m2c": [159.20018005371094, 55.75489807128906, 88.34627532958984], "obj_id": 0}, {"cam_R_m2c": [0.4399018883705139, 0.7490231394767761, 0.49542975425720215, -0.26597195863723755, 0.6355900764465332, -0.724764883518219, -0.8577558994293213, 0.18705500662326813, 0.4788164496421814], "cam_t_m2c": [-31.409088134765625, -7.744229316711426, 180.71876525878906], "obj_id": 3}]
}