{
  "0": [{"cam_R_m2c": [-0.1029629111289978, 0.9383862614631653, 0.32989373803138733, 0.8886436223983765, -0.06222626566886902, 0.4543571472167969, 0.44689056277275085, 0.3399398922920227, -0.8274840116500854], "cam_t_m2c": [-4471.99609375, 2631.801513671875, 4641.11962890625], "obj_id": 0}, {"cam_R_m2c": [-0.7078307867050171, 0.6536921858787537, -0.26769763231277466, 0.31339311599731445, -0.04901960492134094, -0.9483574628829956, -0.6330562829971313, -0.7551712393760681, -0.1701650470495224], "cam_t_m2c": [-4250.76123046875, 2374.673583984375, 4648.76416015625], "obj_id": 2}, {"cam_R_m2c": [0.11802903562784195, 0.2624121308326721, -0.957710325717926, -0.8664175868034363, 0.4984305799007416, 0.029791688546538353, 0.48516979813575745, 0.8262607455253601, 0.2861877679824829], "cam_t_m2c": [-394.38897705078125, -3.985106945037842, 1035.90869140625], "obj_id": 2}],
  "1": [{"cam_R_m2c": [-0.13847897946834564, 0.8015255331993103, 0.5817044973373413, 0.38084107637405396, -0.49910083413124084, 0.7783688902854919, 0.9142118692398071, 0.3293248116970062, -0.236138716340065], "cam_t_m2c": [-5064.986328125, 600.6951293945312, 4933.166015625], "obj_id": 0}, {"cam_R_m2c": [-0.4782700538635254, 0.8264286518096924, -0.29710808396339417, 0.8115494251251221, 0.28661325573921204, -0.5091564059257507, -0.33562636375427246, -0.4846322536468506, -0.8077662587165833], "cam_t_m2c": [-4878.5498046875, 354.2304382324219, 4792.92041015625], "obj_id": 2}, {"cam_R_m2c": [-0.09742210805416107, 0.0732865184545517, -0.9925411343574524, -0.968381404876709, -0.237116739153862, 0.0775427520275116, -0.2296653687953949, 0.9687128067016602, 0.09406983107328415], "cam_t_m2c": [-422.09600830078125, -8.147239685058594, 1106.245849609375], "obj_id": 2}]
}