{
  "0": [{"cam_R_m2c": [0.05031571537256241, -0.7898304462432861, -0.611257791519165, -0.8972797989845276, 0.23302015662193298, -0.3749540150165558, 0.43858546018600464, 0.567335307598114, -0.6969742774963379], "cam_t_m2c": [228.45802307128906, 206.48683166503906, 1116.2498779296875], "obj_id": 1}, {"cam_R_m2c": [-0.05636369064450264, -0.09637333452701569, 0.9937480688095093, 0.923399806022644, 0.373475581407547, 0.08859321475028992, -0.3796786367893219, 0.9226202368736267, 0.06794068217277527], "cam_t_m2c": [443.4940185546875, 79.62687683105469, 1026.51123046875], "obj_id": 0}, {"cam_R_m2c": [0.6903488636016846, 0.3618788421154022, -0.6264680027961731, 0.6261558532714844, -0.732629120349884, 0.26680219173431396, -0.36241862177848816, -0.5764532089233398, -0.7323622107505798], "cam_t_m2c": [132.29461669921875, 276.68585205078125, 1081.8782958984375], "obj_id": 0}],
  "1": [{"cam_R_m2c": [-0.8142185807228088, -0.44882479310035706, -0.368245005607605, -0.5411783456802368, 0.8163980841636658, 0.20154453814029694, 0.21017631888389587, 0.3633875250816345, -0.9076207280158997], "cam_t_m2c": [203.65484619140625, -39.27217102050781, 1270.14013671875], "obj_id": 1}, {"cam_R_m2c": [0.810001790523529, -0.09415167570114136, 0.5788199305534363, 0.5666942000389099, 0.3795638382434845, -0.7312926650047302, -0.1508466899394989, 0.9203622937202454, 0.36080262064933777], "cam_t_m2c": [254.35116577148438, -294.12939453125, 1216.7969970703125], "obj_id": 0}, {"cam_R_m2c": [0.9789518713951111, -0.1601782739162445, 0.1264757663011551, -0.20407195389270782, -0.7767443060874939, 0.5958377718925476, 0.002799061592668295, -0.609106719493866, -0.7930831909179688], "cam_t_m2c": [217.6472930908203, 76.40792083740234, 1228.0140380859375], "obj_id": 0}]
}