{
  "0": [{"cam_R_m2c": [-0.3898630738258362, -0.9206361770629883, 0.02087460458278656, -0.5410532355308533, 0.21065984666347504, -0.8141767978668213, 0.7451632022857666, -0.32871174812316895, -0.5802416205406189], "cam_t_m2c": [-149.4423065185547, -20.934606552124023, 993.109375], "obj_id": 1}, {"cam_R_m2c": [0.703567385673523, 0.3463321924209595, -0.6205214858055115, -0.6819906830787659, 0.5744632482528687, -0.4526374042034149, 0.19970384240150452, 0.7416508197784424, 0.6403689384460449], "cam_t_m2c": [118.4498519897461, -39.60740661621094, 1157.5782470703125], "obj_id": 3}, {"cam_R_m2c": [-0.400689959526062, -0.9154757857322693, -0.036762550473213196, 0.666706919670105, -0.31885993480682373, 0.6736690998077393, -0.6284499168395996, 0.2454226315021515, 0.7381181716918945], "cam_t_m2c": [-122.01177978515625, -51.152587890625, 961.4489135742188], "obj_id": 2}, {"cam_R_m2c": [0.9198325872421265, -0.16595222055912018, -0.3554826080799103, -0.30999699234962463, 0.24787940084934235, -0.917854905128479, 0.2404368668794632, 0.9544713497161865, 0.1765628606081009], "cam_t_m2c": [-19.201425552368164, -19.65423583984375, 1364.7742919921875], "obj_id": 2}],
  "1": [{"cam_R_m2c": [0.7310134172439575, 0.6629636883735657, 0.16155047714710236, 0.6107372641563416, -0.530088484287262, -0.5882229208946228, -0.3043343722820282, 0.528663694858551, -0.7923983931541443], "cam_t_m2c": [126.58544158935547, -98.84675598144531, 1124.8243408203125], "obj_id": 1}, {"cam_R_m2c": [-0.3168233633041382, -0.3586079180240631, 0.8780791759490967, 0.33593398332595825, 0.8233340382575989, 0.4574596881866455, -0.8870011568069458, 0.4399106502532959, -0.14038285613059998], "cam_t_m2c": [-66.83462524414062, 123.6063003540039, 1014.4622192382812], "obj_id": 3}, {"cam_R_m2c": [-0.047337938100099564, 0.997299313545227, -0.05615285411477089, -0.6806873679161072, 0.008934864774346352, 0.7325195074081421, 0.7310429215431213, 0.07289852946996689, 0.6784261465072632], "cam_t_m2c": [106.46846008300781, -123.94955444335938, 1084.511962890625], "obj_id": 2}, {"cam_R_m2c": [-0.6443384885787964, 0.27445000410079956, 0.7137961387634277, 0.4405563175678253, 0.8961518406867981, 0.053122378885746, -0.6250903010368347, 0.34869620203971863, -0.6983358263969421], "cam_t_m2c": [96.55633544921875, 292.9230651855469, 1097.874267578125], "obj_id": 2}]
}