{
  "0": [{"cam_R_m2c": [-0.9978518486022949, 0.02932344563305378, 0.05858077108860016, -0.06256432831287384, -0.16143545508384705, -0.9848980903625488, -0.0194235909730196, -0.9864475131034851, 0.16292332112789154], "cam_t_m2c": [7.18431401764974e-05, 5.037873052060604e-05, 1090.165771484375], "obj_id": 1}, {"cam_R_m2c": [0.6766484379768372, 0.7333605289459229, 0.0657966285943985, 0.15359587967395782, -0.2279808074235916, 0.9614743590354919, 0.7201077342033386, -0.6404740214347839, -0.26690399646759033], "cam_t_m2c": [75.23259735107422, 44.003963470458984, 1130.348388671875], "obj_id": 1}, {"cam_R_m2c": [0.6924746632575989, 0.4758470356464386, 0.5422623157501221, 0.0989692434668541, -0.8071871995925903, 0.5819396376609802, 0.7146215438842773, -0.3493111729621887, -0.6060508489608765], "cam_t_m2c": [82.47718811035156, 11.930357933044434, 1211.387939453125], "obj_id": 1}, {"cam_R_m2c": [0.04391196370124817, -0.23500743508338928, -0.971001148223877, 0.04630360007286072, -0.9704154133796692, 0.23695968091487885, -0.9979617595672607, -0.055366214364767075, -0.031731147319078445], "cam_t_m2c": [-43.49477767944336, 3.9913761615753174, 1104.6688232421875], "obj_id": 1}, {"cam_R_m2c": [0.9606353640556335, -0.16648980975151062, -0.222398042678833, -0.1883404552936554, 0.1981956660747528, -0.9618972539901733, 0.20422442257404327, 0.9659190773963928, 0.15903699398040771], "cam_t_m2c": [128.49172973632812, 30.11896514892578, 1121.97021484375], "obj_id": 3}, {"cam_R_m2c": [0.39446908235549927, -0.12472983449697495, -0.9104046821594238, -0.16538482904434204, 0.9649295806884766, -0.2038595825433731, 0.9039037823677063, 0.2309834063053131, 0.3600064516067505], "cam_t_m2c": [44.314674377441406, 49.16606903076172, 1150.1353759765625], "obj_id": 1}, {"cam_R_m2c": [0.9375388622283936, -0.06703636050224304, -0.34136059880256653, -0.2816177010536194, -0.7223346829414368, -0.6316043138504028, -0.20423616468906403, 0.6882867813110352, -0.6960954666137695], "cam_t_m2c": [1.3620328903198242, -26.89400863647461, 1231.519287109375], "obj_id": 2}, {"cam_R_m2c": [0.876723051071167, 0.303935170173645, 0.37280037999153137, -0.3797532320022583, -0.038294583559036255, 0.9242947697639465, 0.29520195722579956, -0.9519227147102356, 0.08184663206338882], "cam_t_m2c": [-59.919921875, 53.29972457885742, 1135.21826171875], "obj_id": 3}]
}