{
  "0": [{"cam_R_m2c": [-0.2244509905576706, -0.6452074646949768, -0.7302936315536499, 0.9731081128120422, -0.18822667002677917, -0.1327820122241974, -0.05178887024521828, -0.7404578328132629, 0.6701045036315918], "cam_t_m2c": [1988.2244873046875, 46887.9921875, 26388.26171875], "obj_id": 3}, {"cam_R_m2c": [0.8632425665855408, -0.2521461248397827, 0.4373038113117218, -0.358845055103302, -0.9158154726028442, 0.18031178414821625, 0.35502466559410095, -0.31257709860801697, -0.8810523152351379], "cam_t_m2c": [-12129.9267578125, -31413.142578125, -44285.32421875], "obj_id": 2}, {"cam_R_m2c": [0.457749605178833, -0.8052315711975098, 0.37691834568977356, -0.32696083188056946, 0.2417713701725006, 0.9135881066322327, -0.826777994632721, -0.5414321422576904, -0.15260842442512512], "cam_t_m2c": [-94.90974426269531, 77.0362777709961, 681.1049194335938], "obj_id": 1}, {"cam_R_m2c": [0.40849825739860535, 0.47473740577697754, 0.7795854806900024, -0.26531755924224854, 0.8789775967597961, -0.3962385058403015, -0.8733474612236023, -0.04497498646378517, 0.48501700162887573], "cam_t_m2c": [-2815.2109375, 40317.0234375, 25517.84765625], "obj_id": 1}],
  "1": [{"cam_R_m2c": [0.5352337956428528, 0.42804649472236633, -0.7282176613807678, 0.5594083666801453, 0.46633264422416687, 0.6852708458900452, 0.632919430732727, -0.7741511464118958, 0.010144216008484364], "cam_t_m2c": [4132.39990234375, 17473.138671875, 51344.85546875], "obj_id": 3}, {"cam_R_m2c": [-0.37132933735847473, -0.2656589150428772, 0.8896852731704712, -0.9011706709861755, -0.12765559554100037, -0.41424083709716797, 0.22362007200717926, -0.9555780291557312, -0.19200174510478973], "cam_t_m2c": [19020.900390625, -4069.936767578125, -51802.10546875], "obj_id": 2}, {"cam_R_m2c": [0.5748766660690308, 0.47153788805007935, 0.6687068343162537, -0.6140395998954773, 0.7887670397758484, -0.028318118304014206, -0.5408070087432861, -0.3943330645561218, 0.7429866790771484], "cam_t_m2c": [119.49266052246094, 106.72083282470703, 959.047607421875], "obj_id": 1}, {"cam_R_m2c": [0.6400793194770813, 0.5737557411193848, -0.5109822154045105, -0.549807608127594, -0.12249775975942612, -0.8262602090835571, -0.536665678024292, 0.8098139762878418, 0.2370469868183136], "cam_t_m2c": [677.8915405273438, 19449.13671875, 44191.58984375], "obj_id": 1}]
}