{
  "0": [{"cam_R_m2c": [0.9573221206665039, -0.285442590713501, 0.045352451503276825, -0.21434015035629272, -0.5958914756774902, 0.7739324569702148, -0.19388815760612488, -0.7506235241889954, -0.6316419243812561], "cam_t_m2c": [-20.652496337890625, -57.27386474609375, 753.897705078125], "obj_id": 1}, {"cam_R_m2c": [-0.8494365215301514, -0.509312629699707, -0.13805153965950012, -0.4154493808746338, 0.48416292667388916, 0.770057201385498, -0.32536038756370544, 0.7114681005477905, -0.6228592395782471], "cam_t_m2c": [47.36334228515625, 281.7989807128906, 637.2969970703125], "obj_id": 0}, {"cam_R_m2c": [0.3113303482532501, 0.7345758080482483, 0.6028861999511719, -0.620073676109314, -0.3237234354019165, 0.7146409153938293, 0.7201263904571533, -0.5963233113288879, 0.3547062277793884], "cam_t_m2c": [32.329830169677734, 102.8669662475586, 767.1070556640625], "obj_id": 0}, {"cam_R_m2c": [-0.10145565867424011, 0.7086749076843262, -0.6982025504112244, -0.8205395936965942, -0.45644280314445496, -0.3440565764904022, -0.5625137090682983, 0.5379963517189026, 0.6278043985366821], "cam_t_m2c": [-16.201921463012695, 87.79523468017578, 450.0032653808594], "obj_id": 3}],
  "1": [{"cam_R_m2c": [0.7115827202796936, 0.013395003974437714, 0.7024745941162109, -0.6845813989639282, 0.23821024596691132, 0.6889151930809021, -0.15810860693454742, -0.9711211919784546, 0.1786762773990631], "cam_t_m2c": [53.54059982299805, 56.82033157348633, 871.0745849609375], "obj_id": 1}, {"cam_R_m2c": [-0.5691210627555847, -0.5967153310775757, 0.5657137632369995, 0.520984411239624, 0.2705899775028229, 0.8095408082008362, -0.6361418962478638, 0.7554547786712646, 0.1568809151649475], "cam_t_m2c": [300.5872497558594, 248.17198181152344, 1059.466796875], "obj_id": 0}, {"cam_R_m2c": [-0.44290366768836975, 0.7498229146003723, 0.49153026938438416, -0.8955919146537781, -0.39559847116470337, -0.20351168513298035, 0.041850894689559937, -0.5303465723991394, 0.8467472791671753], "cam_t_m2c": [144.61216735839844, 99.90611267089844, 1007.1055908203125], "obj_id": 0}, {"cam_R_m2c": [-0.05350084230303764, 0.009383036755025387, -0.9985236525535583, -0.10050436854362488, -0.9949286580085754, -0.0039642322808504105, -0.9934970736503601, 0.1001439020037651, 0.05417264625430107], "cam_t_m2c": [292.0326232910156, 277.9554443359375, 784.2044067382812], "obj_id": 3}]
}