{
  "0": [{"cam_R_m2c": [0.7009886503219604, -0.5711514949798584, 0.4270841181278229, -0.4179275929927826, 0.15626701712608337, 0.894939661026001, -0.5778852701187134, -0.8058327436447144, -0.12915857136249542], "cam_t_m2c": [3811.3203125, -32506.779296875, -42082.04296875], "obj_id": 0}, {"cam_R_m2c": [-0.4449305534362793, -0.3779730796813965, 0.8118947744369507, 0.8376781344413757, -0.4962907135486603, 0.22801487147808075, 0.3167523741722107, 0.7815573215484619, 0.5374347567558289], "cam_t_m2c": [317.7380065917969, 112.25811767578125, 1060.6507568359375], "obj_id": 2}, {"cam_R_m2c": [0.8836759924888611, 0.42478519678115845, -0.19665774703025818, -0.34453704953193665, 0.30583447217941284, -0.887558102607727, -0.3168768584728241, 0.8520696759223938, 0.416612833738327], "cam_t_m2c": [563.033203125, 221.1565399169922, 822.9568481445312], "obj_id": 2}, {"cam_R_m2c": [0.9987753629684448, 0.04187934473156929, -0.026340847834944725, -0.04811893031001091, 0.6985105872154236, -0.7139800190925598, -0.011501658707857132, 0.7143731713294983, 0.6996703743934631], "cam_t_m2c": [415.58612060546875, 349.0129089355469, 922.8214111328125], "obj_id": 0}],
  "1": [{"cam_R_m2c": [-0.38490715622901917, -0.4505769610404968, -0.8054980039596558, -0.1562604159116745, -0.8283252716064453, 0.5380150079727173, -0.9096314311027527, 0.33295324444770813, 0.2484208345413208], "cam_t_m2c": [-10435.37109375, -40821.390625, -32848.03125], "obj_id": 0}, {"cam_R_m2c": [-0.15105858445167542, 0.9865419864654541, -0.06257902830839157, 0.30363699793815613, 0.10655149072408676, 0.9468111395835876, 0.9407368302345276, 0.12402267009019852, -0.31564614176750183], "cam_t_m2c": [-4.246291160583496, 415.0008850097656, 741.876220703125], "obj_id": 2}, {"cam_R_m2c": [-0.31631818413734436, 0.243319571018219, 0.9169179201126099, 0.16241836547851562, 0.9661662578582764, -0.20035739243030548, -0.9346460103988647, 0.08554761856794357, -0.34513550996780396], "cam_t_m2c": [-324.2867431640625, 442.1725158691406, 582.6165161132812], "obj_id": 2}, {"cam_R_m2c": [-0.3336426615715027, 0.0373186431825161, 0.9419606328010559, 0.5646141767501831, 0.8080818057060242, 0.16797186434268951, -0.754912793636322, 0.5878869295120239, -0.29068121314048767], "cam_t_m2c": [-283.45465087890625, 476.8438415527344, 795.0271606445312], "obj_id": 0}]
}