{
  "0": [{"cam_R_m2c": [-0.4910411834716797, 0.8708756566047668, 0.021305790171027184, 0.8382185101509094, 0.4656852185726166, 0.28377264738082886, 0.23720891773700714, 0.15720300376415253, -0.9586547017097473], "cam_t_m2c": [-7885.484375, 22294.693359375, 19334.7421875], "obj_id": 3}, {"cam_R_m2c": [-0.990469217300415, 0.0861264020204544, -0.10748381912708282, 0.07900099456310272, 0.9944917559623718, 0.06888412684202194, 0.11282451450824738, 0.059736285358667374, -0.9918175339698792], "cam_t_m2c": [-7523.96728515625, 22164.703125, 19583.88671875], "obj_id": 0}, {"cam_R_m2c": [0.4847307801246643, -0.24779069423675537, -0.8388300538063049, -0.8347278833389282, -0.4175322651863098, -0.3590210974216461, -0.261276513338089, 0.8742234110832214, -0.4092285633087158], "cam_t_m2c": [-1805.9908447265625, -42000.7265625, -43556.00390625], "obj_id": 3}, {"cam_R_m2c": [-0.46146851778030396, -0.7958805561065674, -0.39194488525390625, 0.47676751017570496, 0.15009555220603943, -0.8661201000213623, 0.7481573224067688, -0.5865538120269775, 0.3101857006549835], "cam_t_m2c": [-262.2669677734375, -379.6557312011719, 804.4193725585938], "obj_id": 0}],
  "1": [{"cam_R_m2c": [0.05921376496553421, 0.7954487800598145, 0.6031209230422974, 0.9337076544761658, 0.1695811003446579, -0.3153286874294281, -0.35310572385787964, 0.581810474395752, -0.7326750755310059], "cam_t_m2c": [-325.4274597167969, 29962.271484375, 3775.634033203125], "obj_id": 3}, {"cam_R_m2c": [-0.6728969216346741, 0.6199912428855896, 0.4035102128982544, 0.4375994801521301, 0.7734214067459106, -0.45861318707466125, -0.5964195728302002, -0.13202355802059174, -0.7917407155036926], "cam_t_m2c": [-267.0611572265625, 29884.32421875, 4223.04248046875], "obj_id": 0}, {"cam_R_m2c": [-0.05085105821490288, -0.7983475923538208, -0.6000460982322693, -0.9422562718391418, 0.23748764395713806, -0.23612011969089508, 0.3310094475746155, 0.5533902645111084, -0.7643244862556458], "cam_t_m2c": [-6609.9775390625, -56230.60546875, -21864.783203125], "obj_id": 3}, {"cam_R_m2c": [-0.35882750153541565, -0.19213244318962097, -0.9134153723716736, 0.9264698028564453, 0.045746397227048874, -0.37357839941978455, 0.11356191337108612, -0.980302095413208, 0.16158998012542725], "cam_t_m2c": [-437.0602722167969, -165.7643280029297, 964.9230346679688], "obj_id": 0}]
}