{
  "0": [{"cam_R_m2c": [-0.08793379366397858, -0.5302673578262329, 0.8432580828666687, -0.7564309239387512, -0.5152586698532104, -0.40289053320884705, 0.6481357216835022, -0.673294186592102, -0.3558020293712616], "cam_t_m2c": [250.26023864746094, -444.88311767578125, 668.6058349609375], "obj_id": 0}, {"cam_R_m2c": [-0.4537810683250427, 0.5257498621940613, 0.7194926738739014, 0.2130836844444275, 0.8480049967765808, -0.48526573181152344, -0.8652617931365967, -0.06689226627349854, -0.496837317943573], "cam_t_m2c": [303.69769287109375, -174.3370361328125, 642.1282348632812], "obj_id": 2}, {"cam_R_m2c": [0.17209160327911377, -0.1145499125123024, 0.9783980250358582, -0.5067139267921448, -0.8620333075523376, -0.01179957389831543, 0.844763457775116, -0.4937373399734497, -0.2063925862312317], "cam_t_m2c": [401.8442077636719, -243.9364776611328, 790.8037719726562], "obj_id": 0}, {"cam_R_m2c": [0.9547308683395386, 0.29403597116470337, -0.04507564380764961, 0.24778300523757935, -0.8699197173118591, -0.4264305830001831, -0.16459812223911285, 0.39595746994018555, -0.9033963680267334], "cam_t_m2c": [57.58647155761719, -109.30416107177734, 582.3275146484375], "obj_id": 0}],
  "1": [{"cam_R_m2c": [-0.9340126514434814, 0.010360066778957844, -0.35708969831466675, 0.3542957007884979, 0.15493178367614746, -0.9222096800804138, 0.04577038809657097, -0.9878708124160767, -0.14837875962257385], "cam_t_m2c": [-326.9122314453125, -331.6096496582031, 594.9205932617188], "obj_id": 0}, {"cam_R_m2c": [0.7018329501152039, 0.6310444474220276, -0.3304745852947235, 0.017014626413583755, -0.4786452353000641, -0.8778435587882996, -0.7121383547782898, 0.6104766130447388, -0.34666597843170166], "cam_t_m2c": [-97.43732452392578, -384.79119873046875, 740.5922241210938], "obj_id": 2}, {"cam_R_m2c": [-0.8767824172973633, -0.4631381332874298, -0.1294429898262024, 0.2177031934261322, -0.14226721227169037, -0.9655905961990356, 0.42878636717796326, -0.8747931122779846, 0.2255641669034958], "cam_t_m2c": [-250.3558349609375, -406.4615783691406, 853.54345703125], "obj_id": 0}, {"cam_R_m2c": [0.07494664192199707, -0.9932815432548523, 0.08817368745803833, -0.9193953275680542, -0.1030677855014801, -0.37959063053131104, 0.3861282765865326, -0.05261747166514397, -0.920943021774292], "cam_t_m2c": [41.86376190185547, -191.15126037597656, 633.7190551757812], "obj_id": 0}]
}