{
  "0": [{"cam_R_m2c": [0.9294900298118591, -0.2940485179424286, 0.22267398238182068, 0.3197353184223175, 0.9433217644691467, -0.08895707130432129, -0.1838955134153366, 0.15388144552707672, 0.9708259105682373], "cam_t_m2c": [-67.56002044677734, -54.03174591064453, 964.7598876953125], "obj_id": 1}, {"cam_R_m2c": [-0.45425117015838623, -0.8857078552246094, 0.09579934924840927, 0.8283063173294067, -0.3803113102912903, 0.41142675280570984, -0.32797032594680786, 0.26624229550361633, 0.9063942432403564], "cam_t_m2c": [34.10417938232422, 239.9122314453125, 852.0390014648438], "obj_id": 1}, {"cam_R_m2c": [-0.2902447283267975, -0.5231048464775085, 0.801323413848877, 0.4136122167110443, -0.8236894607543945, -0.3878922760486603, 0.8629500269889832, 0.21885345876216888, 0.4554342031478882], "cam_t_m2c": [5.124932289123535, 8.015759468078613, 916.2700805664062], "obj_id": 3}, {"cam_R_m2c": [0.985796332359314, -0.06989239156246185, -0.15271088480949402, 0.13844409584999084, -0.1765560656785965, 0.9745054841041565, -0.09507257491350174, -0.9818058609962463, -0.16437213122844696], "cam_t_m2c": [53.334014892578125, 238.955810546875, 764.1373291015625], "obj_id": 0}],
  "1": [{"cam_R_m2c": [-0.9144546389579773, -0.39240264892578125, -0.0989580750465393, 0.29579558968544006, -0.8149855732917786, 0.4983004033565521, -0.2761838138103485, 0.4264017939567566, 0.8613384962081909], "cam_t_m2c": [86.64449310302734, 1.514244794845581, 880.955810546875], "obj_id": 1}, {"cam_R_m2c": [-0.20164088904857635, 0.9218931794166565, -0.33083799481391907, -0.9790173768997192, -0.1998516172170639, 0.039802197366952896, -0.02942514792084694, 0.33192190527915955, 0.9428477883338928], "cam_t_m2c": [-183.76004028320312, -180.34439086914062, 824.2335205078125], "obj_id": 1}, {"cam_R_m2c": [-0.04068397730588913, 0.9368383884429932, -0.34738805890083313, -0.2164604812860489, 0.33115532994270325, 0.9184121489524841, 0.9754432439804077, 0.11256054788827896, 0.18931585550308228], "cam_t_m2c": [-9.48082447052002, -12.346932411193848, 836.0543823242188], "obj_id": 3}, {"cam_R_m2c": [-0.8374996781349182, 0.15680818259716034, -0.5234552621841431, 0.4882817566394806, -0.21528328955173492, -0.8457150459289551, -0.24530622363090515, -0.9638797640800476, 0.10373317450284958], "cam_t_m2c": [-198.71229553222656, -194.27333068847656, 736.7252807617188], "obj_id": 0}]
}