{
  "0": [{"cam_R_m2c": [-0.5981814861297607, 0.3201160132884979, -0.7346457839012146, 0.576330840587616, 0.8088212609291077, -0.11683710664510727, 0.5567956566810608, -0.4932888448238373, -0.6683146357536316], "cam_t_m2c": [-135.78884887695312, -100.899658203125, 456.6112365722656], "obj_id": 1}, {"cam_R_m2c": [0.4236293435096741, 0.8947871327400208, -0.14104637503623962, 0.7750176191329956, -0.43863409757614136, -0.45491480827331543, -0.4689197242259979, 0.08340180665254593, -0.8792940974235535], "cam_t_m2c": [-246.0352020263672, 281.16973876953125, 249.78683471679688], "obj_id": 3}, {"cam_R_m2c": [-0.029692722484469414, -0.005929360631853342, -0.9995414614677429, 0.7206194996833801, 0.692861020565033, -0.02551708184182644, 0.6926946640014648, -0.7210467457771301, -0.01630011573433876], "cam_t_m2c": [-120.82002258300781, 386.4378967285156, 137.421875], "obj_id": 0}, {"cam_R_m2c": [0.6954140067100525, -0.5514172315597534, 0.46080195903778076, -0.5997723937034607, -0.7985771894454956, -0.05047517642378807, 0.3958187699317932, -0.2412751317024231, -0.8860666155815125], "cam_t_m2c": [1.6200339794158936, 175.47247314453125, 328.6809997558594], "obj_id": 3}, {"cam_R_m2c": [0.9464933276176453, -0.25279322266578674, -0.2006140649318695, -0.25941792130470276, -0.2261933982372284, -0.9389029145240784, 0.19197070598602295, 0.9407081604003906, -0.2796696424484253], "cam_t_m2c": [-248.2921905517578, 255.9884490966797, 244.64273071289062], "obj_id": 3}, {"cam_R_m2c": [-0.11525140702724457, -0.34357908368110657, 0.9320249557495117, 0.3164690434932709, -0.9020857214927673, -0.29340875148773193, 0.9415755271911621, 0.26114127039909363, 0.2126987725496292], "cam_t_m2c": [-181.47418212890625, -26.621536254882812, 392.6517333984375], "obj_id": 0}, {"cam_R_m2c": [-0.9167012572288513, -0.392437219619751, 0.07517756521701813, 0.15234945714473724, -0.16934625804424286, 0.9737101197242737, -0.36938905715942383, 0.9040546417236328, 0.2150276154279709], "cam_t_m2c": [-55.12638854980469, 281.1980895996094, 213.49429321289062], "obj_id": 3}, {"cam_R_m2c": [-0.1204380989074707, -0.9889131784439087, 0.08686291426420212, 0.11932869255542755, -0.10128691047430038, -0.9876747727394104, 0.9855228066444397, -0.10858851671218872, 0.13020463287830353], "cam_t_m2c": [-127.64852905273438, -95.14974212646484, 453.3018493652344], "obj_id": 1}, {"cam_R_m2c": [-0.08880434930324554, -0.7886500358581543, 0.6083954572677612, -0.4869966208934784, 0.5672011971473694, 0.6641665101051331, -0.8688775300979614, -0.2373056709766388, -0.43443983793258667], "cam_t_m2c": [-517.2976684570312, 342.84307861328125, 225.43748474121094], "obj_id": 0}, {"cam_R_m2c": [-0.5212938189506531, 0.8101403117179871, 0.2681894898414612, 0.10426297038793564, 0.37237703800201416, -0.9222064018249512, -0.8469841480255127, -0.4527781903743744, -0.2785854935646057], "cam_t_m2c": [78.68061828613281, 4.824599266052246, 356.55364990234375], "obj_id": 1}],
  "1": [{"cam_R_m2c": [-0.5981814861297607, 0.3201160132884979, -0.7346457839012146, 0.576330840587616, 0.8088212609291077, -0.11683710664510727, 0.5567956566810608, -0.4932888448238373, -0.6683146357536316], "cam_t_m2c": [-135.78884887695312, -100.899658203125, 456.6112365722656], "obj_id": 1}, {"cam_R_m2c": [0.4236293435096741, 0.8947871327400208, -0.14104637503623962, 0.7750176191329956, -0.43863409757614136, -0.45491480827331543, -0.4689197242259979, 0.08340180665254593, -0.8792940974235535], "cam_t_m2c": [-246.0352020263672, 281.16973876953125, 249.78683471679688], "obj_id": 3}, {"cam_R_m2c": [-0.029692722484469414, -0.005929360631853342, -0.9995414614677429, 0.7206194996833801, 0.692861020565033, -0.02551708184182644, 0.6926946640014648, -0.7210467457771301, -0.01630011573433876], "cam_t_m2c": [-120.82002258300781, 386.4378967285156, 137.421875], "obj_id": 0}, {"cam_R_m2c": [0.6954140067100525, -0.5514172315597534, 0.46080195903778076, -0.5997723937034607, -0.7985771894454956, -0.05047517642378807, 0.3958187699317932, -0.2412751317024231, -0.8860666155815125], "cam_t_m2c": [1.6200339794158936, 175.47247314453125, 328.6809997558594], "obj_id": 3}, {"cam_R_m2c": [0.9464933276176453, -0.25279322266578674, -0.2006140649318695, -0.25941792130470276, -0.2261933982372284, -0.9389029145240784, 0.19197070598602295, 0.9407081604003906, -0.2796696424484253], "cam_t_m2c": [-248.2921905517578, 255.9884490966797, 244.64273071289062], "obj_id": 3}, {"cam_R_m2c": [-0.11525140702724457, -0.34357908368110657, 0.9320249557495117, 0.3164690434932709, -0.9020857214927673, -0.29340875148773193, 0.9415755271911621, 0.26114127039909363, 0.2126987725496292], "cam_t_m2c": [-181.47418212890625, -26.621536254882812, 392.6517333984375], "obj_id": 0}, {"cam_R_m2c": [-0.9167012572288513, -0.392437219619751, 0.07517756521701813, 0.15234945714473724, -0.16934625804424286, 0.9737101197242737, -0.36938905715942383, 0.9040546417236328, 0.2150276154279709], "cam_t_m2c": [-55.12638854980469, 281.1980895996094, 213.49429321289062], "obj_id": 3}, {"cam_R_m2c": [-0.1204380989074707, -0.9889131784439087, 0.08686291426420212, 0.11932869255542755, -0.10128691047430038, -0.9876747727394104, 0.9855228066444397, -0.10858851671218872, 0.13020463287830353], "cam_t_m2c": [-127.64852905273438, -95.14974212646484, 453.3018493652344], "obj_id": 1}, {"cam_R_m2c": [-0.08880434930324554, -0.7886500358581543, 0.6083954572677612, -0.4869966208934784, 0.5672011971473694, 0.6641665101051331, -0.8688775300979614, -0.2373056709766388, -0.43443983793258667], "cam_t_m2c": [-517.2976684570312, 342.84307861328125, 225.43748474121094], "obj_id": 0}, {"cam_R_m2c": [-0.5212938189506531, 0.8101403117179871, 0.2681894898414612, 0.10426297038793564, 0.37237703800201416, -0.9222064018249512, -0.8469841480255127, -0.4527781903743744, -0.2785854935646057], "cam_t_m2c": [78.68061828613281, 4.824599266052246, 356.55364990234375], "obj_id": 1}],
  "2": [{"cam_R_m2c": [-0.5981814861297607, 0.3201160132884979, -0.7346457839012146, 0.576330840587616, 0.8088212609291077, -0.11683710664510727, 0.5567956566810608, -0.4932888448238373, -0.6683146357536316], "cam_t_m2c": [-135.78884887695312, -100.899658203125, 456.6112365722656], "obj_id": 1}, {"cam_R_m2c": [0.4236293435096741, 0.8947871327400208, -0.14104637503623962, 0.7750176191329956, -0.43863409757614136, -0.45491480827331543, -0.4689197242259979, 0.08340180665254593, -0.8792940974235535], "cam_t_m2c": [-246.0352020263672, 281.16973876953125, 249.78683471679688], "obj_id": 3}, {"cam_R_m2c": [-0.029692722484469414, -0.005929360631853342, -0.9995414614677429, 0.7206194996833801, 0.692861020565033, -0.02551708184182644, 0.6926946640014648, -0.7210467457771301, -0.01630011573433876], "cam_t_m2c": [-120.82002258300781, 386.4378967285156, 137.421875], "obj_id": 0}, {"cam_R_m2c": [0.6954140067100525, -0.5514172315597534, 0.46080195903778076, -0.5997723937034607, -0.7985771894454956, -0.05047517642378807, 0.3958187699317932, -0.2412751317024231, -0.8860666155815125], "cam_t_m2c": [1.6200339794158936, 175.47247314453125, 328.6809997558594], "obj_id": 3}, {"cam_R_m2c": [0.9464933276176453, -0.25279322266578674, -0.2006140649318695, -0.25941792130470276, -0.2261933982372284, -0.9389029145240784, 0.19197070598602295, 0.9407081604003906, -0.2796696424484253], "cam_t_m2c": [-248.2921905517578, 255.9884490966797, 244.64273071289062], "obj_id": 3}, {"cam_R_m2c": [-0.11525140702724457, -0.34357908368110657, 0.9320249557495117, 0.3164690434932709, -0.9020857214927673, -0.29340875148773193, 0.9415755271911621, 0.26114127039909363, 0.2126987725496292], "cam_t_m2c": [-181.47418212890625, -26.621536254882812, 392.6517333984375], "obj_id": 0}, {"cam_R_m2c": [-0.9167012572288513, -0.392437219619751, 0.07517756521701813, 0.15234945714473724, -0.16934625804424286, 0.9737101197242737, -0.36938905715942383, 0.9040546417236328, 0.2150276154279709], "cam_t_m2c": [-55.12638854980469, 281.1980895996094, 213.49429321289062], "obj_id": 3}, {"cam_R_m2c": [-0.1204380989074707, -0.9889131784439087, 0.08686291426420212, 0.11932869255542755, -0.10128691047430038, -0.9876747727394104, 0.9855228066444397, -0.10858851671218872, 0.13020463287830353], "cam_t_m2c": [-127.64852905273438, -95.14974212646484, 453.3018493652344], "obj_id": 1}, {"cam_R_m2c": [-0.08880434930324554, -0.7886500358581543, 0.6083954572677612, -0.4869966208934784, 0.5672011971473694, 0.6641665101051331, -0.8688775300979614, -0.2373056709766388, -0.43443983793258667], "cam_t_m2c": [-517.2976684570312, 342.84307861328125, 225.43748474121094], "obj_id": 0}, {"cam_R_m2c": [-0.5212938189506531, 0.8101403117179871, 0.2681894898414612, 0.10426297038793564, 0.37237703800201416, -0.9222064018249512, -0.8469841480255127, -0.4527781903743744, -0.2785854935646057], "cam_t_m2c": [78.68061828613281, 4.824599266052246, 356.55364990234375], "obj_id": 1}]
}