{
  "0": [{"cam_R_m2c": [0.7859387397766113, -0.613041877746582, 0.08049848675727844, 0.3100820481777191, 0.278160035610199, -0.9091073274612427, 0.5349293947219849, 0.739463746547699, 0.4087100327014923], "cam_t_m2c": [-19.06278419494629, -115.61632537841797, 694.2805786132812], "obj_id": 3}, {"cam_R_m2c": [-0.5132197737693787, -0.5395774841308594, 0.6674289107322693, 0.43286213278770447, 0.5087738633155823, 0.7441636323928833, -0.7411043643951416, 0.6708242893218994, -0.02755006030201912], "cam_t_m2c": [-215.4643096923828, -207.7230987548828, 786.991943359375], "obj_id": 2}, {"cam_R_m2c": [0.29989102482795715, 0.27165403962135315, -0.9144776463508606, -0.9270728230476379, 0.30902692675590515, -0.21222209930419922, 0.22494716942310333, 0.9114308953285217, 0.3445175588130951], "cam_t_m2c": [-162.04067993164062, -7.0886688232421875, 997.0846557617188], "obj_id": 3}, {"cam_R_m2c": [0.7434701323509216, 0.4248425364494324, -0.5164891481399536, -0.6445617079734802, 0.6611078977584839, -0.38402679562568665, 0.17830416560173035, 0.6184215545654297, 0.7653511762619019], "cam_t_m2c": [-136.1653594970703, -25.95627212524414, 1057.3966064453125], "obj_id": 2}],
  "1": [{"cam_R_m2c": [0.21626365184783936, -0.1555439531803131, 0.9638651609420776, 0.9694662690162659, 0.1511089950799942, -0.1931350827217102, -0.11560764163732529, 0.9762028455734253, 0.18347404897212982], "cam_t_m2c": [59.59800720214844, -118.30754089355469, 1002.1312255859375], "obj_id": 3}, {"cam_R_m2c": [-0.8374353051185608, -0.3540275990962982, -0.416372686624527, -0.5198450088500977, 0.2807992100715637, 0.8067916631698608, -0.16870944201946259, 0.8920852541923523, -0.41919055581092834], "cam_t_m2c": [107.30333709716797, -243.22219848632812, 1196.5107421875], "obj_id": 2}, {"cam_R_m2c": [0.9818987846374512, 0.18937796354293823, 0.0032731671817600727, -0.1603424847126007, 0.840304434299469, -0.5178597569465637, -0.10082168877124786, 0.5079610347747803, 0.8554592728614807], "cam_t_m2c": [37.475730895996094, 11.608186721801758, 1328.52978515625], "obj_id": 3}, {"cam_R_m2c": [0.8747723698616028, -0.17385169863700867, 0.4522708058357239, 0.25033703446388245, 0.961345374584198, -0.11465782672166824, -0.4148549735546112, 0.2135196328163147, 0.8844798803329468], "cam_t_m2c": [86.22285461425781, 51.84130859375, 1354.2430419921875], "obj_id": 2}]
}