{
  "0": [{"cam_R_m2c": [-0.39720821380615234, 0.5947787761688232, -0.698901891708374, 0.8834099769592285, 0.4541160762310028, -0.11560866981744766, 0.24862098693847656, -0.6633376479148865, -0.7058121562004089], "cam_t_m2c": [-53.17146301269531, 4482.69677734375, 4660.36767578125], "obj_id": 1}, {"cam_R_m2c": [-0.5630244612693787, -0.42401963472366333, -0.7093733549118042, 0.826391875743866, -0.2795785069465637, -0.48878639936447144, 0.00892944261431694, -0.8614192008972168, 0.5078160762786865], "cam_t_m2c": [-48.046932220458984, 4558.72216796875, 4577.35888671875], "obj_id": 1}, {"cam_R_m2c": [0.09678824990987778, 0.2752171754837036, 0.9564974904060364, 0.9950911402702332, -0.006839084438979626, -0.09872566908597946, -0.02062940038740635, 0.9613577127456665, -0.2745280861854553], "cam_t_m2c": [-12.954184532165527, 4534.236328125, 4623.59228515625], "obj_id": 1}, {"cam_R_m2c": [0.6296587586402893, 0.7447114586830139, -0.221211776137352, 0.724506676197052, -0.46013516187667847, 0.5131915211677551, 0.2803923189640045, -0.4834049642086029, -0.8292765617370605], "cam_t_m2c": [55.92573165893555, 4592.76708984375, 4535.12548828125], "obj_id": 2}, {"cam_R_m2c": [-0.25594472885131836, 0.3936626613140106, -0.8829054236412048, 0.37485960125923157, 0.8822795152664185, 0.284715861082077, 0.8910514116287231, -0.25809404253959656, -0.3733830451965332], "cam_t_m2c": [90.7508316040039, 4484.95361328125, 4622.98876953125], "obj_id": 2}, {"cam_R_m2c": [0.773940920829773, -0.5116264820098877, 0.3731672763824463, 0.20309510827064514, -0.35761433839797974, -0.9115176796913147, 0.5998064875602722, 0.7812492847442627, -0.17286357283592224], "cam_t_m2c": [10.695545196533203, -24.822370529174805, 851.1039428710938], "obj_id": 3}, {"cam_R_m2c": [0.31740590929985046, -0.9169368743896484, -0.24182665348052979, -0.6529769897460938, -0.39625903964042664, 0.6454452872276306, -0.6876586079597473, -0.04696086049079895, -0.7245136499404907], "cam_t_m2c": [20.89723777770996, 39.41124725341797, 774.1389770507812], "obj_id": 3}, {"cam_R_m2c": [-0.5734469294548035, -0.6204785108566284, 0.5349439978599548, -0.5039190053939819, -0.24768461287021637, -0.8274769186973572, 0.6459290385246277, -0.744082510471344, -0.17063693702220917], "cam_t_m2c": [-59.22381591796875, -26.367258071899414, 852.9550170898438], "obj_id": 2}, {"cam_R_m2c": [0.3202587366104126, -0.440377414226532, -0.8387503027915955, -0.7127643823623657, 0.47120174765586853, -0.5195534229278564, 0.6240202188491821, 0.7642228603363037, -0.162978857755661], "cam_t_m2c": [-55.27793884277344, 21.430065155029297, 795.68408203125], "obj_id": 1}, {"cam_R_m2c": [0.23951171338558197, 0.6527593731880188, -0.7187066674232483, -0.7555829286575317, -0.3395395874977112, -0.560184895992279, -0.6096953749656677, 0.6772133708000183, 0.4118902087211609], "cam_t_m2c": [-81.94924926757812, 12.842373847961426, 805.9739379882812], "obj_id": 2}, {"cam_R_m2c": [0.3604840040206909, -0.6159068942070007, -0.7005069255828857, 0.3148791491985321, 0.787267804145813, -0.5301514267921448, 0.8780104517936707, -0.02946391887962818, 0.47773370146751404], "cam_t_m2c": [13.808852195739746, 26.545894622802734, 789.5543212890625], "obj_id": 2}, {"cam_R_m2c": [0.5949510931968689, -0.7650191783905029, -0.2465335875749588, 0.7797348499298096, 0.6237812042236328, -0.053949885070323944, 0.19505570828914642, -0.16013328731060028, 0.967631459236145], "cam_t_m2c": [-38.41900634765625, -66.59579467773438, 901.1570434570312], "obj_id": 3}],
  "1": [{"cam_R_m2c": [0.43354350328445435, -0.5096907615661621, 0.74313884973526, 0.3766553997993469, -0.6466825008392334, -0.6632739305496216, 0.8186395168304443, 0.5674653649330139, -0.08838718384504318], "cam_t_m2c": [45.007564544677734, 4327.7861328125, 4860.58349609375], "obj_id": 1}, {"cam_R_m2c": [0.6135932207107544, 0.4711773097515106, 0.6336365342140198, 0.14429861307144165, -0.8558518290519714, 0.49668434262275696, 0.7763254642486572, -0.2133292555809021, -0.5931350588798523], "cam_t_m2c": [51.42621994018555, 4253.9814453125, 4945.4853515625], "obj_id": 1}, {"cam_R_m2c": [-0.029354646801948547, -0.3498115837574005, -0.9363600015640259, 0.08790431171655655, 0.9322308897972107, -0.3510247468948364, 0.9956962466239929, -0.0926143079996109, 0.003384640207514167], "cam_t_m2c": [11.275671005249023, 4294.47412109375, 4918.708984375], "obj_id": 1}, {"cam_R_m2c": [-0.6008498668670654, -0.7329806685447693, 0.3189336359500885, 0.317160427570343, -0.5848365426063538, -0.7465757727622986, 0.7337496876716614, -0.3474268317222595, 0.5838714838027954], "cam_t_m2c": [-46.444664001464844, 4208.73046875, 4991.6005859375], "obj_id": 2}, {"cam_R_m2c": [0.20913445949554443, -0.31339916586875916, 0.926306426525116, 0.9442992210388184, -0.18140725791454315, -0.27457255125045776, 0.2540896534919739, 0.9321330785751343, 0.25800424814224243], "cam_t_m2c": [-95.0707015991211, 4280.84130859375, 4877.6171875], "obj_id": 2}, {"cam_R_m2c": [-0.8037065863609314, 0.42403703927993774, -0.41743025183677673, 0.5630706548690796, 0.7687978744506836, -0.3031521737575531, 0.19237172603607178, -0.47868818044662476, -0.856650710105896], "cam_t_m2c": [-14.799449920654297, 27.448688507080078, 818.822265625], "obj_id": 3}, {"cam_R_m2c": [-0.30451664328575134, 0.8898035287857056, 0.33988162875175476, -0.7793228626251221, -0.02758556790649891, -0.6260151863098145, -0.5476546883583069, -0.4555094838142395, 0.7018443942070007], "cam_t_m2c": [-14.680341720581055, -42.090980529785156, 891.745849609375], "obj_id": 3}, {"cam_R_m2c": [0.48657166957855225, 0.6594697833061218, -0.5730161666870117, 0.6221622228622437, -0.7220216393470764, -0.30265286564826965, -0.613320529460907, -0.20924673974514008, -0.7616124749183655], "cam_t_m2c": [54.505306243896484, 34.045780181884766, 811.9041137695312], "obj_id": 2}, {"cam_R_m2c": [-0.41441693902015686, 0.4088921546936035, 0.813059389591217, 0.5131140947341919, 0.8428303599357605, -0.16232943534851074, -0.7516463994979858, 0.3499201834201813, -0.5590915083885193], "cam_t_m2c": [58.22014617919922, -17.442214965820312, 865.8976440429688], "obj_id": 1}, {"cam_R_m2c": [-0.23989558219909668, -0.7248591184616089, 0.6457779407501221, -0.7084511518478394, 0.5855162739753723, 0.39404013752937317, -0.6637370586395264, -0.3629736304283142, -0.6539900302886963], "cam_t_m2c": [83.3785400390625, -6.3563947677612305, 854.2723388671875], "obj_id": 2}, {"cam_R_m2c": [-0.40696388483047485, 0.6666489243507385, 0.6244674324989319, 0.8808666467666626, 0.10546915978193283, 0.4614652693271637, 0.24177327752113342, 0.7378722429275513, -0.6301509141921997], "cam_t_m2c": [-9.685640335083008, -27.806293487548828, 876.76611328125], "obj_id": 2}, {"cam_R_m2c": [-0.5559901595115662, 0.8145231604576111, 0.16561052203178406, 0.24145826697349548, -0.03237766772508621, 0.9698708653450012, 0.7953444123268127, 0.5792267322540283, -0.17867162823677063], "cam_t_m2c": [27.379730224609375, 75.67533111572266, 768.248779296875], "obj_id": 3}]
}