{
  "0": [{"cam_R_m2c": [0.7586935758590698, -0.2640478014945984, 0.5955357551574707, 0.19188593327999115, -0.7830355167388916, -0.5916377305984497, 0.6225462555885315, 0.563146710395813, -0.5434169769287109], "cam_t_m2c": [6.276979923248291, -146.7532958984375, 1156.2860107421875], "obj_id": 1}, {"cam_R_m2c": [0.25440096855163574, 0.9373859167098999, 0.23788180947303772, -0.7844444513320923, 0.34387439489364624, -0.5161368250846863, -0.5656208395957947, -0.05529937148094177, 0.8228092193603516], "cam_t_m2c": [-12425.5927734375, -2405.407958984375, -11741.00390625], "obj_id": 2}, {"cam_R_m2c": [0.06573596596717834, 0.8652481436729431, -0.49701547622680664, 0.9843083024024963, -0.13797077536582947, -0.11000564694404602, -0.16375578939914703, -0.4819851219654083, -0.860740602016449], "cam_t_m2c": [-4862.12646484375, 15602.9462890625, 22917.83984375], "obj_id": 0}, {"cam_R_m2c": [0.7728297114372253, 0.4885379374027252, -0.40504929423332214, 0.4002006947994232, 0.1201673373579979, 0.9085147976875305, 0.4925176501274109, -0.8642282485961914, -0.10264433175325394], "cam_t_m2c": [-4944.37060546875, 15685.28125, 22798.771484375], "obj_id": 3}],
  "1": [{"cam_R_m2c": [0.2144375890493393, -0.9745787382125854, -0.06490577012300491, 0.3408544659614563, 0.13694140315055847, -0.9300888180732727, 0.915333092212677, 0.17732253670692444, 0.36155495047569275], "cam_t_m2c": [-148.9673614501953, -18.258705139160156, 906.8211669921875], "obj_id": 1}, {"cam_R_m2c": [-0.349040687084198, 0.6682872772216797, -0.6569342017173767, -0.9326968193054199, -0.17980779707431793, 0.31264302134513855, 0.09081344306468964, 0.7218456268310547, 0.6860697865486145], "cam_t_m2c": [-1891.6893310546875, -7296.37890625, -15524.6826171875], "obj_id": 2}, {"cam_R_m2c": [0.9167624115943909, 0.39690282940864563, 0.04488717019557953, 0.348540335893631, -0.7399969100952148, -0.5752601027488708, -0.19510599970817566, 0.5430218577384949, -0.8167380094528198], "cam_t_m2c": [2995.556396484375, 26898.1875, 4213.97998046875], "obj_id": 0}, {"cam_R_m2c": [0.4447900354862213, 0.6160389184951782, 0.6501214504241943, 0.3387475311756134, -0.787667989730835, 0.514615535736084, 0.8291030526161194, -0.008668825030326843, -0.5590285062789917], "cam_t_m2c": [3078.756591796875, 26872.572265625, 4072.029541015625], "obj_id": 3}]
}