{
  "0": [{"cam_R_m2c": [-0.2041570246219635, -0.9631853699684143, -0.17491036653518677, -0.4076710641384125, 0.24609488248825073, -0.8793414831161499, 0.8900134563446045, -0.10821793973445892, -0.4429047405719757], "cam_t_m2c": [-133.04808044433594, 46.17109680175781, 172.20359802246094], "obj_id": 1}, {"cam_R_m2c": [-0.2041570246219635, -0.9631853699684143, -0.17491036653518677, -0.4076710641384125, 0.24609488248825073, -0.8793414831161499, 0.8900134563446045, -0.10821793973445892, -0.4429047405719757], "cam_t_m2c": [-133.04808044433594, 46.17109680175781, 172.20359802246094], "obj_id": 2}, {"cam_R_m2c": [-0.2041570246219635, -0.9631853699684143, -0.17491036653518677, -0.4076710641384125, 0.24609488248825073, -0.8793414831161499, 0.8900134563446045, -0.10821793973445892, -0.4429047405719757], "cam_t_m2c": [-133.04808044433594, 46.17109680175781, 172.20359802246094], "obj_id": 3}, {"cam_R_m2c": [-0.2041570246219635, -0.9631853699684143, -0.17491036653518677, -0.4076710641384125, 0.24609488248825073, -0.8793414831161499, 0.8900134563446045, -0.10821793973445892, -0.4429047405719757], "cam_t_m2c": [-133.04808044433594, 46.17109680175781, 172.20359802246094], "obj_id": 1}, {"cam_R_m2c": [-0.2041570246219635, -0.9631853699684143, -0.17491036653518677, -0.4076710641384125, 0.24609488248825073, -0.8793414831161499, 0.8900134563446045, -0.10821793973445892, -0.4429047405719757], "cam_t_m2c": [-133.04808044433594, 46.17109680175781, 172.20359802246094], "obj_id": 3}, {"cam_R_m2c": [-0.2041570246219635, -0.9631853699684143, -0.17491036653518677, -0.4076710641384125, 0.24609488248825073, -0.8793414831161499, 0.8900134563446045, -0.10821793973445892, -0.4429047405719757], "cam_t_m2c": [-133.04808044433594, 46.17109680175781, 172.20359802246094], "obj_id": 3}, {"cam_R_m2c": [-0.2041570246219635, -0.9631853699684143, -0.17491036653518677, -0.4076710641384125, 0.24609488248825073, -0.8793414831161499, 0.8900134563446045, -0.10821793973445892, -0.4429047405719757], "cam_t_m2c": [-133.04808044433594, 46.17109680175781, 172.20359802246094], "obj_id": 1}, {"cam_R_m2c": [-0.2041570246219635, -0.9631853699684143, -0.17491036653518677, -0.4076710641384125, 0.24609488248825073, -0.8793414831161499, 0.8900134563446045, -0.10821793973445892, -0.4429047405719757], "cam_t_m2c": [-133.04808044433594, 46.17109680175781, 172.20359802246094], "obj_id": 3}, {"cam_R_m2c": [-0.2041570246219635, -0.9631853699684143, -0.17491036653518677, -0.4076710641384125, 0.24609488248825073, -0.8793414831161499, 0.8900134563446045, -0.10821793973445892, -0.4429047405719757], "cam_t_m2c": [-133.04808044433594, 46.17109680175781, 172.20359802246094], "obj_id": 3}, {"cam_R_m2c": [-0.2041570246219635, -0.9631853699684143, -0.17491036653518677, -0.4076710641384125, 0.24609488248825073, -0.8793414831161499, 0.8900134563446045, -0.10821793973445892, -0.4429047405719757], "cam_t_m2c": [-133.04808044433594, 46.17109680175781, 172.20359802246094], "obj_id": 3}, {"cam_R_m2c": [-0.2041570246219635, -0.9631853699684143, -0.17491036653518677, -0.4076710641384125, 0.24609488248825073, -0.8793414831161499, 0.8900134563446045, -0.10821793973445892, -0.4429047405719757], "cam_t_m2c": [-133.04808044433594, 46.17109680175781, 172.20359802246094], "obj_id": 1}, {"cam_R_m2c": [-0.2041570246219635, -0.9631853699684143, -0.17491036653518677, -0.4076710641384125, 0.24609488248825073, -0.8793414831161499, 0.8900134563446045, -0.10821793973445892, -0.4429047405719757], "cam_t_m2c": [-133.04808044433594, 46.17109680175781, 172.20359802246094], "obj_id": 2}, {"cam_R_m2c": [-0.2041570246219635, -0.9631853699684143, -0.17491036653518677, -0.4076710641384125, 0.24609488248825073, -0.8793414831161499, 0.8900134563446045, -0.10821793973445892, -0.4429047405719757], "cam_t_m2c": [-133.04808044433594, 46.17109680175781, 172.20359802246094], "obj_id": 1}, {"cam_R_m2c": [-0.2041570246219635, -0.9631853699684143, -0.17491036653518677, -0.4076710641384125, 0.24609488248825073, -0.8793414831161499, 0.8900134563446045, -0.10821793973445892, -0.4429047405719757], "cam_t_m2c": [-133.04808044433594, 46.17109680175781, 172.20359802246094], "obj_id": 2}, {"cam_R_m2c": [-0.2041570246219635, -0.9631853699684143, -0.17491036653518677, -0.4076710641384125, 0.24609488248825073, -0.8793414831161499, 0.8900134563446045, -0.10821793973445892, -0.4429047405719757], "cam_t_m2c": [-133.04808044433594, 46.17109680175781, 172.20359802246094], "obj_id": 3}, {"cam_R_m2c": [-0.2041570246219635, -0.9631853699684143, -0.17491036653518677, -0.4076710641384125, 0.24609488248825073, -0.8793414831161499, 0.8900134563446045, -0.10821793973445892, -0.4429047405719757], "cam_t_m2c": [-133.04808044433594, 46.17109680175781, 172.20359802246094], "obj_id": 1}, {"cam_R_m2c": [-0.2041570246219635, -0.9631853699684143, -0.17491036653518677, -0.4076710641384125, 0.24609488248825073, -0.8793414831161499, 0.8900134563446045, -0.10821793973445892, -0.4429047405719757], "cam_t_m2c": [-133.04808044433594, 46.17109680175781, 172.20359802246094], "obj_id": 1}, {"cam_R_m2c": [-0.2041570246219635, -0.9631853699684143, -0.17491036653518677, -0.4076710641384125, 0.24609488248825073, -0.8793414831161499, 0.8900134563446045, -0.10821793973445892, -0.4429047405719757], "cam_t_m2c": [-133.04808044433594, 46.17109680175781, 172.20359802246094], "obj_id": 1}, {"cam_R_m2c": [-0.2041570246219635, -0.9631853699684143, -0.17491036653518677, -0.4076710641384125, 0.24609488248825073, -0.8793414831161499, 0.8900134563446045, -0.10821793973445892, -0.4429047405719757], "cam_t_m2c": [-133.04808044433594, 46.17109680175781, 172.20359802246094], "obj_id": 1}, {"cam_R_m2c": [-0.2041570246219635, -0.9631853699684143, -0.17491036653518677, -0.4076710641384125, 0.24609488248825073, -0.8793414831161499, 0.8900134563446045, -0.10821793973445892, -0.4429047405719757], "cam_t_m2c": [-133.04808044433594, 46.17109680175781, 172.20359802246094], "obj_id": 2}, {"cam_R_m2c": [-0.2041570246219635, -0.9631853699684143, -0.17491036653518677, -0.4076710641384125, 0.24609488248825073, -0.8793414831161499, 0.8900134563446045, -0.10821793973445892, -0.4429047405719757], "cam_t_m2c": [-133.04808044433594, 46.17109680175781, 172.20359802246094], "obj_id": 1}, {"cam_R_m2c": [-0.2041570246219635, -0.9631853699684143, -0.17491036653518677, -0.4076710641384125, 0.24609488248825073, -0.8793414831161499, 0.8900134563446045, -0.10821793973445892, -0.4429047405719757], "cam_t_m2c": [-133.04808044433594, 46.17109680175781, 172.20359802246094], "obj_id": 2}, {"cam_R_m2c": [-0.2041570246219635, -0.9631853699684143, -0.17491036653518677, -0.4076710641384125, 0.24609488248825073, -0.8793414831161499, 0.8900134563446045, -0.10821793973445892, -0.4429047405719757], "cam_t_m2c": [-133.04808044433594, 46.17109680175781, 172.20359802246094], "obj_id": 3}, {"cam_R_m2c": [-0.2041570246219635, -0.9631853699684143, -0.17491036653518677, -0.4076710641384125, 0.24609488248825073, -0.8793414831161499, 0.8900134563446045, -0.10821793973445892, -0.4429047405719757], "cam_t_m2c": [-133.04808044433594, 46.17109680175781, 172.20359802246094], "obj_id": 1}, {"cam_R_m2c": [-0.19377639889717102, -0.977179765701294, 0.08700726181268692, -0.01767706871032715, -0.08519601076841354, -0.9962072968482971, 0.9808863997459412, -0.1945795714855194, -0.0007646209560334682], "cam_t_m2c": [1088.4498291015625, 7064.203125, 3730.8642578125], "obj_id": 0}, {"cam_R_m2c": [0.6411994695663452, 0.09683828055858612, -0.7612394690513611, 0.3823268711566925, 0.8198003768920898, 0.42632555961608887, 0.665349006652832, -0.5644020438194275, 0.4886316955089569], "cam_t_m2c": [-171.4952850341797, 123.72476196289062, -22.614465713500977], "obj_id": 3}, {"cam_R_m2c": [0.08063380420207977, 0.2326357513666153, 0.969215452671051, -0.40191444754600525, 0.8974149823188782, -0.18196463584899902, -0.9121199250221252, -0.3748692572116852, 0.16586168110370636], "cam_t_m2c": [-109.41211700439453, -38.504661560058594, 264.17486572265625], "obj_id": 3}, {"cam_R_m2c": [-0.13610871136188507, -0.8665058016777039, 0.48025214672088623, -0.990554928779602, 0.12714917957782745, -0.051322344690561295, -0.01659255661070347, -0.4827015697956085, -0.8756276965141296], "cam_t_m2c": [10.172433853149414, 29.207508087158203, 84.3064193725586], "obj_id": 1}, {"cam_R_m2c": [-0.5894416570663452, 0.44360849261283875, 0.6751071214675903, 0.4866997301578522, -0.4719904661178589, 0.7350836396217346, 0.6447336077690125, 0.7618635892868042, 0.06230699270963669], "cam_t_m2c": [-280.655517578125, 40.81631088256836, 299.57061767578125], "obj_id": 1}, {"cam_R_m2c": [0.3886973559856415, -0.2558322846889496, 0.8851351737976074, 0.6847253441810608, -0.5625903606414795, -0.46329617500305176, 0.6164945960044861, 0.7861564755439758, -0.0435025580227375], "cam_t_m2c": [1215.7037353515625, 6982.146484375, 3832.919677734375], "obj_id": 0}, {"cam_R_m2c": [0.8787664175033569, 0.4477960467338562, 0.16507036983966827, 0.12298601120710373, -0.5466729402542114, 0.8282650709152222, 0.46113336086273193, -0.7075502276420593, -0.5354704856872559], "cam_t_m2c": [68.64114379882812, 53.19540023803711, -1.1251847743988037], "obj_id": 0}, {"cam_R_m2c": [0.2875591814517975, 0.19731833040714264, 0.9372166991233826, -0.48666951060295105, 0.8729063272476196, -0.034457504749298096, -0.8249014616012573, -0.4462062418460846, 0.3470410704612732], "cam_t_m2c": [-10.043149948120117, -20.285327911376953, 192.02259826660156], "obj_id": 3}],
  "1": [{"cam_R_m2c": [-0.21479393541812897, -0.9295545816421509, -0.2996528744697571, -0.5697270035743713, 0.3684576749801636, -0.7346088290214539, 0.7932683825492859, 0.012930821627378464, -0.6087348461151123], "cam_t_m2c": [-127.64972686767578, 60.708412170410156, 201.34739685058594], "obj_id": 1}, {"cam_R_m2c": [-0.21479393541812897, -0.9295545816421509, -0.2996528744697571, -0.5697270035743713, 0.3684576749801636, -0.7346088290214539, 0.7932683825492859, 0.012930821627378464, -0.6087348461151123], "cam_t_m2c": [-127.64972686767578, 60.708412170410156, 201.34739685058594], "obj_id": 2}, {"cam_R_m2c": [-0.21479393541812897, -0.9295545816421509, -0.2996528744697571, -0.5697270035743713, 0.3684576749801636, -0.7346088290214539, 0.7932683825492859, 0.012930821627378464, -0.6087348461151123], "cam_t_m2c": [-127.64972686767578, 60.708412170410156, 201.34739685058594], "obj_id": 3}, {"cam_R_m2c": [-0.21479393541812897, -0.9295545816421509, -0.2996528744697571, -0.5697270035743713, 0.3684576749801636, -0.7346088290214539, 0.7932683825492859, 0.012930821627378464, -0.6087348461151123], "cam_t_m2c": [-127.64972686767578, 60.708412170410156, 201.34739685058594], "obj_id": 1}, {"cam_R_m2c": [-0.21479393541812897, -0.9295545816421509, -0.2996528744697571, -0.5697270035743713, 0.3684576749801636, -0.7346088290214539, 0.7932683825492859, 0.012930821627378464, -0.6087348461151123], "cam_t_m2c": [-127.64972686767578, 60.708412170410156, 201.34739685058594], "obj_id": 3}, {"cam_R_m2c": [-0.21479393541812897, -0.9295545816421509, -0.2996528744697571, -0.5697270035743713, 0.3684576749801636, -0.7346088290214539, 0.7932683825492859, 0.012930821627378464, -0.6087348461151123], "cam_t_m2c": [-127.64972686767578, 60.708412170410156, 201.34739685058594], "obj_id": 3}, {"cam_R_m2c": [-0.21479393541812897, -0.9295545816421509, -0.2996528744697571, -0.5697270035743713, 0.3684576749801636, -0.7346088290214539, 0.7932683825492859, 0.012930821627378464, -0.6087348461151123], "cam_t_m2c": [-127.64972686767578, 60.708412170410156, 201.34739685058594], "obj_id": 1}, {"cam_R_m2c": [-0.21479393541812897, -0.9295545816421509, -0.2996528744697571, -0.5697270035743713, 0.3684576749801636, -0.7346088290214539, 0.7932683825492859, 0.012930821627378464, -0.6087348461151123], "cam_t_m2c": [-127.64972686767578, 60.708412170410156, 201.34739685058594], "obj_id": 3}, {"cam_R_m2c": [-0.21479393541812897, -0.9295545816421509, -0.2996528744697571, -0.5697270035743713, 0.3684576749801636, -0.7346088290214539, 0.7932683825492859, 0.012930821627378464, -0.6087348461151123], "cam_t_m2c": [-127.64972686767578, 60.708412170410156, 201.34739685058594], "obj_id": 3}, {"cam_R_m2c": [-0.21479393541812897, -0.9295545816421509, -0.2996528744697571, -0.5697270035743713, 0.3684576749801636, -0.7346088290214539, 0.7932683825492859, 0.012930821627378464, -0.6087348461151123], "cam_t_m2c": [-127.64972686767578, 60.708412170410156, 201.34739685058594], "obj_id": 3}, {"cam_R_m2c": [-0.21479393541812897, -0.9295545816421509, -0.2996528744697571, -0.5697270035743713, 0.3684576749801636, -0.7346088290214539, 0.7932683825492859, 0.012930821627378464, -0.6087348461151123], "cam_t_m2c": [-127.64972686767578, 60.708412170410156, 201.34739685058594], "obj_id": 1}, {"cam_R_m2c": [-0.21479393541812897, -0.9295545816421509, -0.2996528744697571, -0.5697270035743713, 0.3684576749801636, -0.7346088290214539, 0.7932683825492859, 0.012930821627378464, -0.6087348461151123], "cam_t_m2c": [-127.64972686767578, 60.708412170410156, 201.34739685058594], "obj_id": 2}, {"cam_R_m2c": [-0.21479393541812897, -0.9295545816421509, -0.2996528744697571, -0.5697270035743713, 0.3684576749801636, -0.7346088290214539, 0.7932683825492859, 0.012930821627378464, -0.6087348461151123], "cam_t_m2c": [-127.64972686767578, 60.708412170410156, 201.34739685058594], "obj_id": 1}, {"cam_R_m2c": [-0.21479393541812897, -0.9295545816421509, -0.2996528744697571, -0.5697270035743713, 0.3684576749801636, -0.7346088290214539, 0.7932683825492859, 0.012930821627378464, -0.6087348461151123], "cam_t_m2c": [-127.64972686767578, 60.708412170410156, 201.34739685058594], "obj_id": 2}, {"cam_R_m2c": [-0.21479393541812897, -0.9295545816421509, -0.2996528744697571, -0.5697270035743713, 0.3684576749801636, -0.7346088290214539, 0.7932683825492859, 0.012930821627378464, -0.6087348461151123], "cam_t_m2c": [-127.64972686767578, 60.708412170410156, 201.34739685058594], "obj_id": 3}, {"cam_R_m2c": [-0.21479393541812897, -0.9295545816421509, -0.2996528744697571, -0.5697270035743713, 0.3684576749801636, -0.7346088290214539, 0.7932683825492859, 0.012930821627378464, -0.6087348461151123], "cam_t_m2c": [-127.64972686767578, 60.708412170410156, 201.34739685058594], "obj_id": 1}, {"cam_R_m2c": [-0.21479393541812897, -0.9295545816421509, -0.2996528744697571, -0.5697270035743713, 0.3684576749801636, -0.7346088290214539, 0.7932683825492859, 0.012930821627378464, -0.6087348461151123], "cam_t_m2c": [-127.64972686767578, 60.708412170410156, 201.34739685058594], "obj_id": 1}, {"cam_R_m2c": [-0.21479393541812897, -0.9295545816421509, -0.2996528744697571, -0.5697270035743713, 0.3684576749801636, -0.7346088290214539, 0.7932683825492859, 0.012930821627378464, -0.6087348461151123], "cam_t_m2c": [-127.64972686767578, 60.708412170410156, 201.34739685058594], "obj_id": 1}, {"cam_R_m2c": [-0.21479393541812897, -0.9295545816421509, -0.2996528744697571, -0.5697270035743713, 0.3684576749801636, -0.7346088290214539, 0.7932683825492859, 0.012930821627378464, -0.6087348461151123], "cam_t_m2c": [-127.64972686767578, 60.708412170410156, 201.34739685058594], "obj_id": 1}, {"cam_R_m2c": [-0.21479393541812897, -0.9295545816421509, -0.2996528744697571, -0.5697270035743713, 0.3684576749801636, -0.7346088290214539, 0.7932683825492859, 0.012930821627378464, -0.6087348461151123], "cam_t_m2c": [-127.64972686767578, 60.708412170410156, 201.34739685058594], "obj_id": 2}, {"cam_R_m2c": [-0.21479393541812897, -0.9295545816421509, -0.2996528744697571, -0.5697270035743713, 0.3684576749801636, -0.7346088290214539, 0.7932683825492859, 0.012930821627378464, -0.6087348461151123], "cam_t_m2c": [-127.64972686767578, 60.708412170410156, 201.34739685058594], "obj_id": 1}, {"cam_R_m2c": [-0.21479393541812897, -0.9295545816421509, -0.2996528744697571, -0.5697270035743713, 0.3684576749801636, -0.7346088290214539, 0.7932683825492859, 0.012930821627378464, -0.6087348461151123], "cam_t_m2c": [-127.64972686767578, 60.708412170410156, 201.34739685058594], "obj_id": 2}, {"cam_R_m2c": [-0.21479393541812897, -0.9295545816421509, -0.2996528744697571, -0.5697270035743713, 0.3684576749801636, -0.7346088290214539, 0.7932683825492859, 0.012930821627378464, -0.6087348461151123], "cam_t_m2c": [-127.64972686767578, 60.708412170410156, 201.34739685058594], "obj_id": 3}, {"cam_R_m2c": [-0.21479393541812897, -0.9295545816421509, -0.2996528744697571, -0.5697270035743713, 0.3684576749801636, -0.7346088290214539, 0.7932683825492859, 0.012930821627378464, -0.6087348461151123], "cam_t_m2c": [-127.64972686767578, 60.708412170410156, 201.34739685058594], "obj_id": 1}, {"cam_R_m2c": [-0.152973011136055, -0.9875889420509338, -0.035596173256635666, -0.21313650906085968, 0.06814359128475189, -0.9746430516242981, 0.9649724364280701, -0.14150738716125488, -0.2209152728319168], "cam_t_m2c": [2091.888916015625, 5937.55126953125, 5094.736328125], "obj_id": 0}, {"cam_R_m2c": [0.7106114029884338, 0.17250415682792664, -0.6821097731590271, 0.15242530405521393, 0.9087093472480774, 0.3886050581932068, 0.6868755221366882, -0.3801179826259613, 0.6194452047348022], "cam_t_m2c": [-164.4989013671875, 183.25057983398438, 30.841094970703125], "obj_id": 3}, {"cam_R_m2c": [-0.007638516370207071, 0.3246404230594635, 0.945806622505188, -0.1961907297372818, 0.926965057849884, -0.3197576701641083, -0.9805359244346619, -0.18800099194049835, 0.05661081150174141], "cam_t_m2c": [-110.692626953125, -44.31541442871094, 271.1314392089844], "obj_id": 3}, {"cam_R_m2c": [-0.25681307911872864, -0.8640164136886597, 0.4330386519432068, -0.9410967826843262, 0.3255438208580017, 0.0914216935634613, -0.21996289491653442, -0.3840530216693878, -0.8967270255088806], "cam_t_m2c": [8.588462829589844, 47.98126983642578, 102.33744812011719], "obj_id": 1}, {"cam_R_m2c": [-0.4977928400039673, 0.41426172852516174, 0.7619640231132507, 0.39360055327415466, -0.6749631762504578, 0.6241016983985901, 0.7728392481803894, 0.6105829477310181, 0.17293846607208252], "cam_t_m2c": [-269.3042297363281, 43.54843521118164, 334.3079833984375], "obj_id": 1}, {"cam_R_m2c": [0.49515682458877563, -0.2893589735031128, 0.8192014694213867, 0.4840443432331085, -0.6911284327507019, -0.5366958975791931, 0.7214712500572205, 0.6622784733772278, -0.20215433835983276], "cam_t_m2c": [2212.33837890625, 5821.42333984375, 5167.8681640625], "obj_id": 0}, {"cam_R_m2c": [0.9058577418327332, 0.3473551571369171, 0.24241739511489868, -0.07975636422634125, -0.4221968948841095, 0.9029887914657593, 0.4160056710243225, -0.837313711643219, -0.3547465205192566], "cam_t_m2c": [65.89940643310547, 83.71626281738281, 20.2945499420166], "obj_id": 0}, {"cam_R_m2c": [0.1908579021692276, 0.28361597657203674, 0.9397526979446411, -0.3204164505004883, 0.9229130148887634, -0.21345919370651245, -0.9278504848480225, -0.2603718936443329, 0.26702046394348145], "cam_t_m2c": [-12.970985412597656, -21.614667892456055, 198.00657653808594], "obj_id": 3}]
}