{
  "0": [{"cam_R_m2c": [0.9461941123008728, -0.1847347766160965, 0.2656872570514679, 0.32101553678512573, 0.6393952369689941, -0.6986578702926636, -0.04081277921795845, 0.7463557124137878, 0.6642947793006897], "cam_t_m2c": [360.2540588378906, -298.0435791015625, 869.37548828125], "obj_id": 3}, {"cam_R_m2c": [0.053149886429309845, -0.2681700885295868, 0.9619042277336121, -0.683002769947052, -0.7124749422073364, -0.16089235246181488, 0.7284793257713318, -0.6484318971633911, -0.22102877497673035], "cam_t_m2c": [102.36023712158203, -391.8504333496094, 750.2990112304688], "obj_id": 3}, {"cam_R_m2c": [0.6624418497085571, 0.3588368594646454, -0.6575765013694763, 0.5368613600730896, 0.38478884100914, 0.7508111596107483, 0.5224468111991882, -0.8503961563110352, 0.062254589051008224], "cam_t_m2c": [136.71897888183594, -219.12728881835938, 636.5244750976562], "obj_id": 3}, {"cam_R_m2c": [-0.6458832025527954, -0.19846929609775543, 0.7371870875358582, -0.5306594967842102, -0.5774882435798645, -0.620409369468689, 0.5488490462303162, -0.7919073700904846, 0.2676703631877899], "cam_t_m2c": [115.50130462646484, -424.99432373046875, 797.8214111328125], "obj_id": 3}, {"cam_R_m2c": [-0.35989466309547424, 0.18034718930721283, -0.9153964519500732, 0.18547582626342773, -0.9477271437644958, -0.2596379816532135, -0.9143710732460022, -0.2632262408733368, 0.3076319396495819], "cam_t_m2c": [151.2445068359375, -442.4230651855469, 937.8756713867188], "obj_id": 3}, {"cam_R_m2c": [0.028250807896256447, 0.3916664719581604, -0.919673502445221, 0.5430251955986023, -0.7784575819969177, -0.3148452341556549, -0.839241087436676, -0.4905112087726593, -0.23467686772346497], "cam_t_m2c": [262.1147155761719, -193.1317901611328, 962.7938232421875], "obj_id": 3}, {"cam_R_m2c": [0.229482039809227, 0.7325431704521179, 0.6408731937408447, 0.8694195747375488, -0.4502790570259094, 0.20336739718914032, 0.4375472068786621, 0.5105185508728027, -0.7402183413505554], "cam_t_m2c": [337.2023010253906, -122.34870147705078, 901.7366943359375], "obj_id": 3}, {"cam_R_m2c": [-0.2555452883243561, 0.43059948086738586, -0.8656100034713745, 0.6353480219841003, 0.7496523857116699, 0.1853487342596054, 0.7287176847457886, -0.5025985836982727, -0.4651506841182709], "cam_t_m2c": [383.7679443359375, -266.57586669921875, 886.2177734375], "obj_id": 3}, {"cam_R_m2c": [-0.7540826201438904, 0.6009090542793274, 0.2650808095932007, -0.2561114728450775, -0.6406959891319275, 0.723820149898529, 0.6047862768173218, 0.4779299199581146, 0.6370373368263245], "cam_t_m2c": [97.07759857177734, -462.2691955566406, 724.24609375], "obj_id": 3}, {"cam_R_m2c": [-0.6464346647262573, -0.7565406560897827, 0.09883607178926468, -0.6743584275245667, 0.5059505701065063, -0.5378240942955017, 0.3568795919418335, -0.4143190383911133, -0.8372436165809631], "cam_t_m2c": [118.36576843261719, -325.8559875488281, 768.4724731445312], "obj_id": 3}, {"cam_R_m2c": [-0.8479844927787781, 0.14186285436153412, -0.5106830596923828, 0.2873435616493225, -0.6865851283073425, -0.6678581237792969, -0.4453716576099396, -0.713074803352356, 0.5414502024650574], "cam_t_m2c": [148.71554565429688, -41.69598388671875, 768.0319213867188], "obj_id": 3}, {"cam_R_m2c": [0.4702458679676056, 0.8770576119422913, 0.09817712008953094, 0.8824095129966736, -0.46913984417915344, -0.03551536798477173, 0.014909773133695126, 0.10333338379859924, -0.9945350885391235], "cam_t_m2c": [253.7508544921875, -170.87393188476562, 907.0128784179688], "obj_id": 3}, {"cam_R_m2c": [0.4569491446018219, 0.8134653568267822, 0.35982149839401245, -0.3171611726284027, -0.2289298176765442, 0.9203258752822876, 0.8310271501541138, -0.5346634984016418, 0.15339042246341705], "cam_t_m2c": [438.9668273925781, -147.17787170410156, 921.357666015625], "obj_id": 3}, {"cam_R_m2c": [-0.6232759952545166, 0.6027707457542419, -0.4981911778450012, 0.649456799030304, 0.7538504004478455, 0.0995764434337616, 0.4355833828449249, -0.26149001717567444, -0.8613303899765015], "cam_t_m2c": [486.2630615234375, -209.62493896484375, 919.5557861328125], "obj_id": 3}, {"cam_R_m2c": [0.8876093029975891, -0.24390429258346558, 0.39071786403656006, -0.2227916419506073, 0.5150959491729736, 0.827671468257904, -0.40312981605529785, -0.8216975927352905, 0.4028640687465668], "cam_t_m2c": [198.01806640625, -87.89142608642578, 835.1190795898438], "obj_id": 3}, {"cam_R_m2c": [-0.2740245461463928, -0.7103093266487122, 0.6483602523803711, -0.6794220805168152, -0.3341594934463501, -0.6532403230667114, 0.6806585192680359, -0.6195142269134521, -0.39103183150291443], "cam_t_m2c": [122.43448638916016, -159.92724609375, 956.794921875], "obj_id": 3}, {"cam_R_m2c": [0.3252265155315399, 0.9029030203819275, 0.2810584306716919, -0.6116562485694885, -0.025813132524490356, 0.7907024621963501, 0.7211825847625732, -0.42906853556632996, 0.5438711643218994], "cam_t_m2c": [208.3563995361328, -341.5126037597656, 623.8924560546875], "obj_id": 3}, {"cam_R_m2c": [-0.9526137709617615, -0.30213478207588196, 0.03523097559809685, -0.2836275100708008, 0.9241184592247009, 0.256047785282135, -0.10991854220628738, 0.23392221331596375, -0.966021716594696], "cam_t_m2c": [372.4117126464844, -158.80569458007812, 833.3233032226562], "obj_id": 3}, {"cam_R_m2c": [0.2714783847332001, -0.5238867998123169, 0.8073673248291016, -0.646141767501831, 0.5225094556808472, 0.5563133955001831, -0.7133023142814636, -0.672700822353363, -0.19665510952472687], "cam_t_m2c": [81.77123260498047, -357.2505798339844, 614.8489990234375], "obj_id": 3}, {"cam_R_m2c": [-0.9132196307182312, 0.016797782853245735, -0.4071210026741028, 0.399413526058197, -0.16076825559139252, -0.902564287185669, -0.08061324059963226, -0.9868491888046265, 0.14010760188102722], "cam_t_m2c": [353.5579833984375, -304.0222473144531, 572.1023559570312], "obj_id": 3}, {"cam_R_m2c": [-0.6893044114112854, 0.49941933155059814, -0.5248235464096069, 0.681937575340271, 0.6918442249298096, -0.2373029738664627, 0.2445824295282364, -0.521470844745636, -0.8174640536308289], "cam_t_m2c": [149.34950256347656, -536.4063720703125, 827.797607421875], "obj_id": 3}, {"cam_R_m2c": [-0.6157326698303223, 0.7311058640480042, 0.2938663363456726, 0.12719157338142395, 0.4602777659893036, -0.8786163330078125, -0.7776217460632324, -0.5036154389381409, -0.3763985335826874], "cam_t_m2c": [286.681640625, -181.038330078125, 639.6116333007812], "obj_id": 3}, {"cam_R_m2c": [-0.5254572033882141, 0.7192158102989197, 0.45455846190452576, -0.8280104994773865, -0.5551504492759705, -0.07878218591213226, 0.1956869214773178, -0.41777583956718445, 0.8872259855270386], "cam_t_m2c": [363.2844543457031, -94.86058044433594, 899.5529174804688], "obj_id": 3}, {"cam_R_m2c": [-0.5461593866348267, -0.720615029335022, 0.4271109700202942, -0.36675938963890076, 0.6641117334365845, 0.6514930129051208, -0.7531250715255737, 0.19917207956314087, -0.6270031929016113], "cam_t_m2c": [328.415283203125, -150.51834106445312, 964.8352661132812], "obj_id": 3}, {"cam_R_m2c": [-0.32834744453430176, -0.26204922795295715, 0.9074790477752686, 0.24016337096691132, 0.9060099720954895, 0.3485218286514282, -0.9135149121284485, 0.33237946033477783, -0.23455142974853516], "cam_t_m2c": [382.9183044433594, -149.40133666992188, 872.06640625], "obj_id": 3}, {"cam_R_m2c": [-0.4036654531955719, 0.47825658321380615, 0.779951810836792, -0.04450331628322601, 0.8412200808525085, -0.5388582944869995, -0.9138236045837402, -0.25222891569137573, -0.3182874619960785], "cam_t_m2c": [292.6673889160156, -494.4949645996094, 777.0474853515625], "obj_id": 3}, {"cam_R_m2c": [-0.844958484172821, 0.32717597484588623, 0.4230850338935852, -0.5256452560424805, -0.36202406883239746, -0.7698283195495605, -0.09870237112045288, -0.872865617275238, 0.477873831987381], "cam_t_m2c": [332.81524658203125, -195.52919006347656, 700.0972290039062], "obj_id": 3}, {"cam_R_m2c": [-0.8114516735076904, 0.5301430821418762, -0.24595636129379272, 0.3606657385826111, 0.12311343848705292, -0.9245341420173645, -0.4598548412322998, -0.8389227390289307, -0.2911050617694855], "cam_t_m2c": [148.79872131347656, -255.127197265625, 539.3908081054688], "obj_id": 3}, {"cam_R_m2c": [0.1433839648962021, 0.5481138825416565, 0.8240218758583069, -0.9306644201278687, -0.2085171639919281, 0.30063945055007935, 0.3366074860095978, -0.8099947571754456, 0.4802122414112091], "cam_t_m2c": [164.90879821777344, 14.761068344116211, 759.4544067382812], "obj_id": 1}, {"cam_R_m2c": [0.32396847009658813, -0.04053479805588722, -0.9451991319656372, 0.8771834373474121, -0.3613807260990143, 0.31615379452705383, -0.3543919622898102, -0.9315369129180908, -0.08151954412460327], "cam_t_m2c": [198.01942443847656, -407.0502624511719, 877.849609375], "obj_id": 1}, {"cam_R_m2c": [-0.39003926515579224, -0.3086487352848053, 0.8675282001495361, 0.8132990598678589, -0.5572443008422852, 0.16740185022354126, 0.4317568242549896, 0.7708532214164734, 0.4683709740638733], "cam_t_m2c": [409.31207275390625, -240.7762451171875, 840.8777465820312], "obj_id": 1}, {"cam_R_m2c": [-0.021698834374547005, -0.8464503288269043, 0.5320252776145935, -0.6935033798217773, 0.3960496187210083, 0.6018286347389221, -0.7201264500617981, -0.3559023439884186, -0.5956099629402161], "cam_t_m2c": [216.4083709716797, -509.2337646484375, 821.2172241210938], "obj_id": 1}, {"cam_R_m2c": [0.9003565907478333, 0.10293259471654892, 0.422803670167923, 0.04642459750175476, 0.9433544278144836, -0.3285227417945862, -0.43266940116882324, 0.3154160976409912, 0.8445767760276794], "cam_t_m2c": [222.55149841308594, 19.458919525146484, 766.1231689453125], "obj_id": 1}, {"cam_R_m2c": [0.2504854202270508, -0.4593562185764313, -0.8522024154663086, 0.013276398181915283, -0.8785523176193237, 0.47746166586875916, -0.9680293202400208, -0.13091138005256653, -0.2139659821987152], "cam_t_m2c": [317.4596862792969, -129.22593688964844, 555.0560302734375], "obj_id": 1}, {"cam_R_m2c": [0.2837558686733246, 0.9410058259963989, 0.18436548113822937, -0.5589612722396851, 0.006097716279327869, 0.8291712999343872, 0.7791308164596558, -0.3383353650569916, 0.5277161002159119], "cam_t_m2c": [331.7318115234375, 6.621658802032471, 777.11083984375], "obj_id": 1}, {"cam_R_m2c": [-0.27650460600852966, 0.6290593147277832, -0.7265188097953796, -0.6676315665245056, 0.4180334806442261, 0.6160488128662109, 0.6912404298782349, 0.6553872227668762, 0.30439165234565735], "cam_t_m2c": [101.66674041748047, -325.5934143066406, 776.3984985351562], "obj_id": 1}, {"cam_R_m2c": [-0.7423709034919739, -0.26424098014831543, -0.6156801581382751, -0.6699411869049072, 0.2817813456058502, 0.6868610382080078, -0.008009671233594418, 0.9223751425743103, -0.38621214032173157], "cam_t_m2c": [153.66177368164062, -288.0858154296875, 664.3746337890625], "obj_id": 1}, {"cam_R_m2c": [-0.8013999462127686, -0.12245885282754898, 0.5854588150978088, 0.33577996492385864, 0.717915952205658, 0.6097938418388367, -0.49498486518859863, 0.685274064540863, -0.5342185497283936], "cam_t_m2c": [190.1143798828125, 8.285164833068848, 731.88623046875], "obj_id": 1}, {"cam_R_m2c": [-0.6829949617385864, -0.7199710607528687, 0.12312394380569458, 0.2290559560060501, -0.37118029594421387, -0.8998658061027527, 0.6935785412788391, -0.5864015817642212, 0.4184280037879944], "cam_t_m2c": [363.932373046875, -348.57403564453125, 859.0719604492188], "obj_id": 1}, {"cam_R_m2c": [0.42330363392829895, 0.7772835493087769, 0.4654505252838135, 0.8542275428771973, -0.17125774919986725, -0.49088284373283386, -0.30184313654899597, 0.6053931713104248, -0.7364710569381714], "cam_t_m2c": [142.4115753173828, -225.91175842285156, 930.91845703125], "obj_id": 1}, {"cam_R_m2c": [0.9259966015815735, -0.3700689673423767, -0.07469447702169418, 0.3359597325325012, 0.717484712600708, 0.6102022528648376, -0.172224760055542, -0.5901395678520203, 0.7887166738510132], "cam_t_m2c": [321.0469665527344, 52.69382095336914, 708.0757446289062], "obj_id": 1}, {"cam_R_m2c": [0.4547191858291626, 0.45678797364234924, -0.764575183391571, 0.6876748204231262, 0.36546432971954346, 0.6273269653320312, 0.5659803748130798, -0.8110367059707642, -0.14793795347213745], "cam_t_m2c": [115.3798828125, -321.47821044921875, 570.6697387695312], "obj_id": 1}, {"cam_R_m2c": [-0.6365654468536377, 0.23355631530284882, -0.7350072264671326, 0.5715296268463135, -0.49703776836395264, -0.6529219746589661, -0.5178204774856567, -0.8357061147689819, 0.1829129010438919], "cam_t_m2c": [266.2172546386719, -185.9905548095703, 996.8502807617188], "obj_id": 1}, {"cam_R_m2c": [-0.23050089180469513, 0.20308683812618256, -0.9516433477401733, 0.8187177777290344, 0.5690273642539978, -0.0768704041838646, 0.5258997678756714, -0.7968460321426392, -0.2974321246147156], "cam_t_m2c": [199.84678649902344, -294.1025695800781, 938.2218627929688], "obj_id": 1}, {"cam_R_m2c": [0.020178455859422684, 0.8956318497657776, 0.444338321685791, 0.852687656879425, 0.21663646399974823, -0.47538673877716064, -0.5220313668251038, 0.38847437500953674, -0.7593228220939636], "cam_t_m2c": [385.085693359375, -182.9123992919922, 835.1865234375], "obj_id": 1}, {"cam_R_m2c": [0.26433223485946655, 0.9604876637458801, 0.08713233470916748, -0.4664200246334076, 0.048236358910799026, 0.8832472562789917, 0.8441450595855713, -0.2741110324859619, 0.4607410132884979], "cam_t_m2c": [230.9842987060547, -111.21562957763672, 913.8236694335938], "obj_id": 1}, {"cam_R_m2c": [-0.4756304621696472, -0.7910102009773254, -0.3848098814487457, -0.08621799945831299, -0.3934326767921448, 0.9153017401695251, -0.875409722328186, 0.4685228765010834, 0.1189291775226593], "cam_t_m2c": [262.44854736328125, -247.97686767578125, 933.2227783203125], "obj_id": 1}, {"cam_R_m2c": [0.569585919380188, -0.26183927059173584, 0.77910977602005, -0.5326758623123169, -0.8394905924797058, 0.107293039560318, 0.6259618401527405, -0.4761255979537964, -0.6176374554634094], "cam_t_m2c": [74.26383209228516, -438.177978515625, 699.15576171875], "obj_id": 1}, {"cam_R_m2c": [-0.10600259900093079, 0.44881758093833923, -0.8873140215873718, -0.7077510952949524, -0.6608543395996094, -0.24971947073936462, -0.6984638571739197, 0.6015265583992004, 0.3877035081386566], "cam_t_m2c": [183.63961791992188, -204.7550811767578, 625.7657470703125], "obj_id": 1}, {"cam_R_m2c": [-0.46495115756988525, -0.26753556728363037, 0.8439460396766663, 0.5807916522026062, -0.811635434627533, 0.06267985701560974, 0.6682075262069702, 0.5192999243736267, 0.5327534675598145], "cam_t_m2c": [309.127685546875, -258.9042663574219, 748.9371337890625], "obj_id": 1}, {"cam_R_m2c": [-0.764881432056427, 0.11493905633687973, 0.6338340640068054, 0.6258556246757507, 0.3655615746974945, 0.6889626383781433, -0.1525166928768158, 0.9236632585525513, -0.3515465557575226], "cam_t_m2c": [49.83553695678711, -272.5223083496094, 694.6139526367188], "obj_id": 1}, {"cam_R_m2c": [-0.5562646389007568, 0.7837086915969849, 0.27635207772254944, -0.2257799357175827, 0.17750957608222961, -0.9578694105148315, -0.7997457385063171, -0.5952235460281372, 0.07820335030555725], "cam_t_m2c": [153.31431579589844, -417.42449951171875, 770.7913208007812], "obj_id": 1}, {"cam_R_m2c": [-0.8814889788627625, 0.4457358717918396, 0.15587365627288818, -0.3093142509460449, -0.7944664359092712, 0.522635281085968, 0.35679370164871216, 0.4124833345413208, 0.8381859660148621], "cam_t_m2c": [2.6711933612823486, -251.777587890625, 714.6956176757812], "obj_id": 1}, {"cam_R_m2c": [0.16715331375598907, 0.8031442761421204, 0.5718555450439453, 0.2075197696685791, 0.5383625030517578, -0.8167626261711121, -0.9638438820838928, 0.25519582629203796, -0.07667920738458633], "cam_t_m2c": [65.28901672363281, -242.76551818847656, 684.82177734375], "obj_id": 1}, {"cam_R_m2c": [-0.256485253572464, 0.4487627148628235, -0.8560532927513123, -0.16684120893478394, -0.8929420709609985, -0.41811278462409973, -0.9520395398139954, 0.0355851873755455, 0.3038986921310425], "cam_t_m2c": [286.01031494140625, -176.66787719726562, 903.5213012695312], "obj_id": 1}, {"cam_R_m2c": [0.3267248570919037, -0.9431912899017334, 0.06034088507294655, -0.3241591453552246, -0.17180418968200684, -0.9302710294723511, 0.8877903819084167, 0.2843826115131378, -0.3618767559528351], "cam_t_m2c": [365.4071044921875, -164.92637634277344, 677.9345092773438], "obj_id": 1}, {"cam_R_m2c": [0.38285031914711, -0.8809697031974792, 0.2780611515045166, 0.04785199090838432, 0.3195011019706726, 0.9463769197463989, -0.9225702285766602, -0.34901493787765503, 0.16447724401950836], "cam_t_m2c": [405.78759765625, -283.8855895996094, 695.876953125], "obj_id": 1}, {"cam_R_m2c": [-0.6221256256103516, -0.7456585168838501, -0.23864921927452087, -0.3195151686668396, -0.03646916151046753, 0.9468792080879211, -0.7147517800331116, 0.6653296947479248, -0.21556097269058228], "cam_t_m2c": [181.3984832763672, -220.35595703125, 688.5726928710938], "obj_id": 1}, {"cam_R_m2c": [0.5345401763916016, 0.40115541219711304, -0.7438690066337585, 0.8425090312957764, -0.322369784116745, 0.4315739572048187, -0.06667271256446838, -0.8574100136756897, -0.510296642780304], "cam_t_m2c": [237.9906463623047, -376.67144775390625, 659.1787719726562], "obj_id": 1}, {"cam_R_m2c": [-0.663773238658905, -0.7166330814361572, -0.21410822868347168, -0.21320609748363495, 0.45568546652793884, -0.8642302751541138, 0.716901957988739, -0.5280036926269531, -0.4552623927593231], "cam_t_m2c": [224.6435089111328, -270.8526611328125, 967.33251953125], "obj_id": 1}, {"cam_R_m2c": [-0.3933752775192261, 0.29575785994529724, -0.8705074787139893, -0.4991140365600586, 0.7264681458473206, 0.4723655879497528, 0.7721018195152283, 0.6202993988990784, -0.13815772533416748], "cam_t_m2c": [103.01480102539062, -218.00904846191406, 938.3668212890625], "obj_id": 1}, {"cam_R_m2c": [-0.7507725954055786, 0.5975122451782227, -0.2816372811794281, 0.6338267922401428, 0.7716971635818481, -0.05241253599524498, 0.18602155148983002, -0.2178591638803482, -0.9580883383750916], "cam_t_m2c": [369.2469482421875, -194.9741973876953, 838.5346069335938], "obj_id": 1}, {"cam_R_m2c": [0.7552305459976196, 0.6541323065757751, 0.04168666899204254, 0.33900725841522217, -0.3353867828845978, -0.8789709806442261, -0.5609821081161499, 0.6779578328132629, -0.4750499427318573], "cam_t_m2c": [291.4926452636719, -412.1627502441406, 742.5082397460938], "obj_id": 1}, {"cam_R_m2c": [-0.09279216825962067, 0.4753270447254181, 0.8749021291732788, 0.9088031649589539, -0.3185473084449768, 0.2694518566131592, 0.4067755341529846, 0.8201168775558472, -0.4024199843406677], "cam_t_m2c": [123.39665985107422, -259.0368957519531, 584.5579833984375], "obj_id": 1}, {"cam_R_m2c": [-0.0882420688867569, 0.3014332056045532, 0.9493951797485352, 0.3413306772708893, 0.9045590758323669, -0.2554725408554077, -0.9357919692993164, 0.30151429772377014, -0.18270857632160187], "cam_t_m2c": [274.9623718261719, -136.9925537109375, 917.2177124023438], "obj_id": 1}, {"cam_R_m2c": [-0.46483293175697327, -0.6964804530143738, -0.5466674566268921, -0.8847163915634155, 0.34114041924476624, 0.3176477551460266, -0.03474508598446846, 0.6312987804412842, -0.7747609615325928], "cam_t_m2c": [32.27610778808594, -187.74359130859375, 685.2359008789062], "obj_id": 1}, {"cam_R_m2c": [-0.310311883687973, 0.9373664259910583, 0.15827412903308868, 0.3637033700942993, 0.2708911895751953, -0.8912563323974609, -0.8783088326454163, -0.2190026044845581, -0.42498406767845154], "cam_t_m2c": [69.813232421875, -450.7699279785156, 752.5361938476562], "obj_id": 1}, {"cam_R_m2c": [-0.47699812054634094, 0.8454844951629639, 0.24005953967571259, -0.401569128036499, 0.03330666571855545, -0.9152228236198425, -0.7818022966384888, -0.5329601168632507, 0.3236333429813385], "cam_t_m2c": [165.5041046142578, -280.6863098144531, 585.6871337890625], "obj_id": 1}, {"cam_R_m2c": [0.9667465090751648, -0.13032865524291992, 0.22003549337387085, 0.10187102109193802, 0.9854428768157959, 0.1361052393913269, -0.23457083106040955, -0.1091640293598175, 0.9659501910209656], "cam_t_m2c": [328.40008544921875, -143.64173889160156, 781.6641235351562], "obj_id": 1}, {"cam_R_m2c": [-0.7494649887084961, -0.2765100300312042, -0.6015350222587585, 0.3053756654262543, -0.9505559206008911, 0.05647198483347893, -0.5874077677726746, -0.14137040078639984, 0.7968478798866272], "cam_t_m2c": [221.8289337158203, -269.3588562011719, 754.85986328125], "obj_id": 1}, {"cam_R_m2c": [-0.35492315888404846, -0.22902458906173706, -0.906408965587616, 0.9075243473052979, -0.3172844350337982, -0.27519091963768005, -0.22456401586532593, -0.9202598333358765, 0.3204570710659027], "cam_t_m2c": [178.4899444580078, -391.9254455566406, 817.567626953125], "obj_id": 1}, {"cam_R_m2c": [-0.947709321975708, -0.29121288657188416, -0.13054466247558594, 0.04933832958340645, -0.5378375053405762, 0.8416034579277039, -0.3152976334095001, 0.791154682636261, 0.5240817666053772], "cam_t_m2c": [303.90277099609375, -129.14308166503906, 829.6375122070312], "obj_id": 1}, {"cam_R_m2c": [0.7837771773338318, -0.47743478417396545, -0.39717668294906616, -0.31051069498062134, -0.8551173210144043, 0.41515934467315674, -0.5378442406654358, -0.20206478238105774, -0.8184700012207031], "cam_t_m2c": [286.5492858886719, -41.515472412109375, 732.792724609375], "obj_id": 1}, {"cam_R_m2c": [-0.5612146854400635, -0.30289143323898315, 0.7702563405036926, -0.8225584626197815, 0.3073829114437103, -0.4784488379955292, -0.09184557944536209, -0.9020934104919434, -0.42165374755859375], "cam_t_m2c": [153.1228790283203, -393.5976257324219, 745.1261596679688], "obj_id": 1}, {"cam_R_m2c": [0.7629343867301941, 0.6362642645835876, -0.11445026844739914, 0.6456804871559143, -0.7411797642707825, 0.18370942771434784, 0.03205951675772667, -0.21405655145645142, -0.9762949347496033], "cam_t_m2c": [71.22321319580078, -215.97848510742188, 688.1527099609375], "obj_id": 1}, {"cam_R_m2c": [-0.6400350332260132, -0.21117179095745087, 0.7387568354606628, -0.6005323529243469, 0.7372560501098633, -0.30953899025917053, -0.4792870581150055, -0.6417631506919861, -0.5986852049827576], "cam_t_m2c": [332.49444580078125, -113.79685974121094, 795.7487182617188], "obj_id": 1}, {"cam_R_m2c": [-0.2566819489002228, -0.7941133379936218, 0.550906777381897, 0.901354193687439, 0.009035041555762291, 0.43298831582069397, -0.3488192856311798, 0.6077024340629578, 0.7134583592414856], "cam_t_m2c": [375.6680908203125, -411.6783447265625, 782.9732666015625], "obj_id": 1}, {"cam_R_m2c": [0.7308560609817505, 0.10308131575584412, 0.6747026443481445, -0.3359425365924835, -0.8061679005622864, 0.48706862330436707, 0.5941312909126282, -0.5826383829116821, -0.5545632839202881], "cam_t_m2c": [99.7603759765625, -434.4367370605469, 737.5086669921875], "obj_id": 1}, {"cam_R_m2c": [0.057958297431468964, 0.7477771639823914, 0.661415159702301, -0.22178411483764648, -0.6363282203674316, 0.7388490438461304, 0.973371684551239, -0.18951375782489777, 0.12896473705768585], "cam_t_m2c": [68.76933288574219, -417.43548583984375, 788.8309936523438], "obj_id": 1}, {"cam_R_m2c": [-0.07955276221036911, -0.9671452045440674, -0.2414567917585373, -0.861645519733429, -0.055081337690353394, 0.5045126080513, -0.5012367963790894, 0.24818556010723114, -0.8289544582366943], "cam_t_m2c": [269.396484375, -507.24566650390625, 772.9965209960938], "obj_id": 1}, {"cam_R_m2c": [0.3900530934333801, 0.7844791412353516, -0.4821317791938782, -0.9017441868782043, 0.21948404610157013, -0.37240326404571533, -0.18632234632968903, 0.580016553401947, 0.7930099368095398], "cam_t_m2c": [183.61387634277344, -389.9186706542969, 823.1923828125], "obj_id": 1}, {"cam_R_m2c": [-0.723265528678894, -0.5704068541526794, 0.38925933837890625, 0.5307218432426453, -0.09847743809223175, 0.8418054580688477, -0.4418383240699768, 0.815437376499176, 0.37395280599594116], "cam_t_m2c": [174.8912811279297, -281.8135986328125, 873.7627563476562], "obj_id": 1}, {"cam_R_m2c": [-0.5894141793251038, 0.12644736468791962, -0.7978734374046326, -0.021637022495269775, -0.9897904396057129, -0.14087852835655212, -0.8075411915779114, -0.06577219069004059, 0.5861324667930603], "cam_t_m2c": [343.69384765625, -159.529296875, 969.167236328125], "obj_id": 3}, {"cam_R_m2c": [-0.32825347781181335, -0.5147982239723206, -0.791979968547821, 0.19001692533493042, 0.7853109836578369, -0.5892199277877808, 0.925279974937439, -0.34390315413475037, -0.15996065735816956], "cam_t_m2c": [108.2707290649414, -87.36030578613281, 829.21728515625], "obj_id": 1}, {"cam_R_m2c": [0.8630008101463318, -0.3427705466747284, 0.37113064527511597, 0.2367326021194458, -0.3745996356010437, -0.8964556455612183, 0.4463040232658386, 0.86150062084198, -0.24213482439517975], "cam_t_m2c": [375.64752197265625, -418.822509765625, 698.9591674804688], "obj_id": 1}, {"cam_R_m2c": [-0.771228551864624, 0.34396785497665405, -0.5356235504150391, 0.22131329774856567, 0.9338327646255493, 0.281028151512146, 0.5968474745750427, 0.09819632023572922, -0.7963231205940247], "cam_t_m2c": [347.3988342285156, -98.95704650878906, 670.2543334960938], "obj_id": 1}, {"cam_R_m2c": [0.7644546627998352, -0.2481135129928589, 0.5950199961662292, 0.4098054766654968, 0.8995181322097778, -0.15141521394252777, -0.49766314029693604, 0.3595925271511078, 0.7893190979957581], "cam_t_m2c": [355.63214111328125, -445.7466735839844, 721.2588500976562], "obj_id": 1}, {"cam_R_m2c": [-0.1730515956878662, -0.31596800684928894, -0.9328542947769165, 0.7247744798660278, -0.6821789741516113, 0.09661029279232025, -0.6668995022773743, -0.6593904495239258, 0.34705787897109985], "cam_t_m2c": [259.5484924316406, -114.52025604248047, 932.0538940429688], "obj_id": 3}, {"cam_R_m2c": [0.9415370225906372, -0.12707959115505219, -0.3120238184928894, 0.3242369592189789, 0.09016251564025879, 0.9416693449020386, -0.0915340855717659, -0.9877861738204956, 0.1260952353477478], "cam_t_m2c": [370.69940185546875, -259.798095703125, 696.959716796875], "obj_id": 1}, {"cam_R_m2c": [0.7943128943443298, -0.5534776449203491, -0.25045862793922424, -0.23060595989227295, 0.106715627014637, -0.9671776294708252, 0.5620390176773071, 0.8259989023208618, -0.04286963865160942], "cam_t_m2c": [289.01873779296875, -99.77679443359375, 571.0589599609375], "obj_id": 1}, {"cam_R_m2c": [0.005724820774048567, 0.8994297385215759, -0.4370277523994446, 0.1426568329334259, 0.4318303167819977, 0.8906018137931824, 0.9897556304931641, -0.06744349747896194, -0.12583763897418976], "cam_t_m2c": [217.1407012939453, -195.00357055664062, 1022.1405029296875], "obj_id": 1}, {"cam_R_m2c": [0.26864978671073914, 0.007921229116618633, 0.9632053375244141, 0.7567224502563477, -0.6204456090927124, -0.20595671236515045, 0.5959851741790771, 0.7842093706130981, -0.1726766973733902], "cam_t_m2c": [3.152639389038086, -247.41680908203125, 688.5834350585938], "obj_id": 3}, {"cam_R_m2c": [0.7932136654853821, 0.4549133777618408, -0.40480348467826843, -0.3338678181171417, 0.8808335661888123, 0.3356553316116333, 0.5092586278915405, -0.1310955137014389, 0.8505701422691345], "cam_t_m2c": [191.93605041503906, -312.9899597167969, 617.3455200195312], "obj_id": 1}, {"cam_R_m2c": [-0.45235326886177063, -0.817327618598938, 0.35686391592025757, 0.8527277112007141, -0.5135787129402161, -0.09535252302885056, 0.261212021112442, 0.261174738407135, 0.9292771220207214], "cam_t_m2c": [114.21051025390625, -238.95205688476562, 1054.6180419921875], "obj_id": 1}, {"cam_R_m2c": [-0.5749444365501404, 0.22521699965000153, -0.7865852117538452, 0.7749050259590149, -0.15867120027542114, -0.6118380427360535, -0.2626047134399414, -0.9613016247749329, -0.08329471200704575], "cam_t_m2c": [145.19395446777344, -160.8445587158203, 883.8900756835938], "obj_id": 3}, {"cam_R_m2c": [0.8740732669830322, 0.3577032685279846, -0.32870087027549744, -0.30583158135414124, -0.12053073197603226, -0.9444254040718079, -0.3774426281452179, 0.9260241389274597, 0.004044266417622566], "cam_t_m2c": [384.2479553222656, -375.41986083984375, 657.61376953125], "obj_id": 1}, {"cam_R_m2c": [0.7766716480255127, -0.3389083445072174, 0.5309634804725647, 0.46356961131095886, 0.8782318234443665, -0.11752459406852722, -0.4264789819717407, 0.33741655945777893, 0.8392054438591003], "cam_t_m2c": [306.4043884277344, -280.4351806640625, 623.420166015625], "obj_id": 3}, {"cam_R_m2c": [0.03696510195732117, 0.9185155034065247, 0.39365312457084656, 0.9827755093574524, -0.10478944331407547, 0.1522214114665985, 0.18106845021247864, 0.38124579191207886, -0.9065680503845215], "cam_t_m2c": [364.3970642089844, -140.7903594970703, 908.9013671875], "obj_id": 3}, {"cam_R_m2c": [0.9230786561965942, -0.23051592707633972, -0.30787694454193115, -0.18834951519966125, 0.42700061202049255, -0.8844178915023804, 0.3353360593318939, 0.8743757605552673, 0.3507375717163086], "cam_t_m2c": [250.05230712890625, -222.89544677734375, 827.1605224609375], "obj_id": 3}, {"cam_R_m2c": [-0.3791360557079315, -0.6315507292747498, 0.6763131022453308, -0.044057078659534454, -0.7177308201789856, -0.6949253678321838, 0.9242914319038391, -0.29326769709587097, 0.2442934662103653], "cam_t_m2c": [350.5780944824219, -165.14166259765625, 967.6134643554688], "obj_id": 3}, {"cam_R_m2c": [-0.17569436132907867, -0.6933963298797607, -0.6988081932067871, 0.8674522638320923, 0.22658731043338776, -0.44292742013931274, 0.4654652774333954, -0.6840026378631592, 0.5616781711578369], "cam_t_m2c": [206.925048828125, -375.6236267089844, 836.725830078125], "obj_id": 1}, {"cam_R_m2c": [0.6472029089927673, 0.7074645757675171, 0.2839406132698059, -0.36147987842559814, -0.04312080517411232, 0.9313822388648987, 0.6711636781692505, -0.705432116985321, 0.2278262972831726], "cam_t_m2c": [95.69258880615234, -167.22557067871094, 960.246337890625], "obj_id": 3}, {"cam_R_m2c": [-0.1534380167722702, -0.6602042317390442, -0.7352461814880371, 0.9399439692497253, 0.13206660747528076, -0.31474366784095764, 0.3048965334892273, -0.7393839359283447, 0.6002910733222961], "cam_t_m2c": [195.3814697265625, -142.36900329589844, 701.87548828125], "obj_id": 3}, {"cam_R_m2c": [0.6937175393104553, -0.08706910163164139, 0.7149649858474731, 0.43543004989624023, -0.7400211095809937, -0.5126103162765503, 0.573721706867218, 0.666923999786377, -0.47545313835144043], "cam_t_m2c": [99.3409423828125, -272.2858581542969, 905.448974609375], "obj_id": 3}, {"cam_R_m2c": [0.1685851365327835, 0.0957670509815216, -0.9810238480567932, -0.12665177881717682, 0.989123523235321, 0.07479311525821686, 0.9775164723396301, 0.11163940280675888, 0.17888060212135315], "cam_t_m2c": [325.9533996582031, -416.7489929199219, 782.5479736328125], "obj_id": 1}, {"cam_R_m2c": [0.743830680847168, -0.4819435775279999, -0.463083416223526, 0.5566562414169312, 0.8301965594291687, 0.030124319717288017, 0.36993202567100525, -0.28018566966056824, 0.8858026266098022], "cam_t_m2c": [144.65206909179688, -495.3849792480469, 872.51904296875], "obj_id": 3}, {"cam_R_m2c": [-0.5036887526512146, -0.28213122487068176, 0.8165166974067688, 0.6877909302711487, 0.4409421682357788, 0.5766398906707764, -0.5227247476577759, 0.8520398736000061, -0.028050292283296585], "cam_t_m2c": [327.4250793457031, -188.8043670654297, 850.267578125], "obj_id": 3}, {"cam_R_m2c": [-0.7433226704597473, -0.1569407731294632, -0.650262176990509, 0.5660674571990967, 0.3703785240650177, -0.7364695072174072, 0.3564252257347107, -0.915526807308197, -0.18647167086601257], "cam_t_m2c": [177.84844970703125, -203.07919311523438, 683.2122802734375], "obj_id": 1}, {"cam_R_m2c": [0.2388177365064621, -0.8701502680778503, 0.43105050921440125, 0.856204092502594, 0.3981070816516876, 0.32927989959716797, -0.4581272304058075, 0.29042935371398926, 0.8401013016700745], "cam_t_m2c": [158.6607666015625, -368.44073486328125, 909.9072265625], "obj_id": 1}, {"cam_R_m2c": [-0.8915020823478699, 0.44650453329086304, 0.07653692364692688, 0.3470914661884308, 0.7818018794059753, -0.5179897546768188, -0.2911214828491211, -0.4352235794067383, -0.8519558906555176], "cam_t_m2c": [238.898193359375, -483.1972961425781, 833.4144287109375], "obj_id": 1}, {"cam_R_m2c": [0.43454405665397644, -0.7609767913818359, 0.481752872467041, 0.3943246603012085, -0.3201546370983124, -0.8613994717597961, 0.809740424156189, 0.5642830729484558, 0.16095063090324402], "cam_t_m2c": [265.96600341796875, 3.2043325901031494, 753.8927612304688], "obj_id": 1}, {"cam_R_m2c": [0.38205501437187195, -0.008308304473757744, 0.9241021871566772, 0.6447486877441406, -0.7139894366264343, -0.27298006415367126, 0.6620672941207886, 0.7001070976257324, -0.26742643117904663], "cam_t_m2c": [155.71009826660156, -540.9149780273438, 833.96630859375], "obj_id": 1}, {"cam_R_m2c": [-0.7211453318595886, 0.3092135787010193, 0.6199486255645752, -0.6331910490989685, 0.06891360133886337, -0.770921528339386, -0.2811022996902466, -0.9484924077987671, 0.14609457552433014], "cam_t_m2c": [317.8297424316406, -132.78541564941406, 856.9480590820312], "obj_id": 3}, {"cam_R_m2c": [0.3595552146434784, -0.5596840977668762, -0.7466416954994202, -0.041213471442461014, 0.7898468971252441, -0.6119177341461182, 0.9322132468223572, 0.2507898807525635, 0.2609270513057709], "cam_t_m2c": [354.9043884277344, -276.9098815917969, 841.3863525390625], "obj_id": 3}, {"cam_R_m2c": [0.5371928811073303, 0.06375706195831299, 0.8410462141036987, 0.27718058228492737, -0.9551029801368713, -0.10463736951351166, 0.7966145277023315, 0.28933215141296387, -0.5307466983795166], "cam_t_m2c": [250.43972778320312, -249.41856384277344, 673.876708984375], "obj_id": 3}, {"cam_R_m2c": [-0.8837600350379944, 0.1568482667207718, -0.4408707022666931, -0.20164908468723297, 0.7225314378738403, 0.6612759828567505, 0.42226293683052063, 0.673310399055481, -0.6069161295890808], "cam_t_m2c": [348.7597351074219, -161.02793884277344, 629.4152221679688], "obj_id": 1}, {"cam_R_m2c": [0.8430517315864563, 0.028931569308042526, -0.5370538234710693, -0.013271613977849483, -0.997128963470459, -0.07454963028430939, -0.537668764591217, 0.06997676193714142, -0.8402473330497742], "cam_t_m2c": [218.4221954345703, -275.0007629394531, 860.7572021484375], "obj_id": 3}, {"cam_R_m2c": [-0.7678254842758179, -0.010816669091582298, -0.6405677199363708, 0.2547849118709564, -0.9225437641143799, -0.28982338309288025, -0.5878168940544128, -0.3857407569885254, 0.7111085653305054], "cam_t_m2c": [192.78765869140625, -226.75807189941406, 621.9940185546875], "obj_id": 1}, {"cam_R_m2c": [0.9897239208221436, -0.003064076416194439, 0.1429586112499237, -0.01494153868407011, 0.9920812249183655, 0.12470610439777374, -0.14220866560935974, -0.12556064128875732, 0.9818407297134399], "cam_t_m2c": [231.9811553955078, -322.7929992675781, 596.9263305664062], "obj_id": 1}, {"cam_R_m2c": [0.8103357553482056, 0.5586545467376709, -0.17680791020393372, -0.5749950408935547, 0.6999878883361816, -0.4235536456108093, -0.11285678297281265, 0.444884330034256, 0.8884487748146057], "cam_t_m2c": [134.646484375, -211.34361267089844, 824.2575073242188], "obj_id": 3}, {"cam_R_m2c": [0.7433308959007263, -0.5318309664726257, -0.40572765469551086, -0.6205138564109802, -0.7747607827186584, -0.12127659469842911, -0.2498432695865631, 0.3419082760810852, -0.9059121608734131], "cam_t_m2c": [395.28375244140625, -212.3263702392578, 992.7915649414062], "obj_id": 3}, {"cam_R_m2c": [-0.8148447275161743, 0.4565804600715637, 0.3571583032608032, 0.28908899426460266, 0.8541176915168762, -0.4323314130306244, -0.5024493336677551, -0.24903249740600586, -0.8279656767845154], "cam_t_m2c": [164.2474822998047, -256.503662109375, 1077.075927734375], "obj_id": 3}, {"cam_R_m2c": [0.3634883463382721, 0.9171699285507202, -0.16332632303237915, -0.14160826802253723, 0.2276775985956192, 0.9633846282958984, 0.9207732081413269, -0.32705071568489075, 0.2126370221376419], "cam_t_m2c": [134.69065856933594, -319.260009765625, 601.2282104492188], "obj_id": 1}, {"cam_R_m2c": [-0.7757866382598877, -0.15815076231956482, 0.61085444688797, 0.040874578058719635, 0.9534523487091064, 0.29876047372817993, -0.6296698451042175, 0.25674283504486084, -0.7332112789154053], "cam_t_m2c": [73.08110046386719, -181.6099090576172, 923.1563110351562], "obj_id": 1}, {"cam_R_m2c": [0.5571289658546448, -0.4763379395008087, -0.680227518081665, -0.6484570503234863, -0.7612485885620117, 0.0019661521073430777, -0.5187588334083557, 0.4400029480457306, -0.7329983115196228], "cam_t_m2c": [48.51951599121094, -184.38619995117188, 930.5037231445312], "obj_id": 3}, {"cam_R_m2c": [-0.4542534351348877, 0.14768901467323303, -0.878545343875885, 0.8535653352737427, -0.21024270355701447, -0.47668057680130005, -0.25510817766189575, -0.9664295315742493, -0.030558809638023376], "cam_t_m2c": [300.01318359375, -250.02313232421875, 873.1295166015625], "obj_id": 3}, {"cam_R_m2c": [-0.04827867075800896, -0.9733372330665588, 0.22424077987670898, 0.9962181448936462, -0.0631602331995964, -0.05966853350400925, 0.0722406879067421, 0.2205120027065277, 0.9727053642272949], "cam_t_m2c": [324.5118713378906, 41.06657409667969, 745.9758911132812], "obj_id": 3}, {"cam_R_m2c": [0.18917512893676758, 0.06956279277801514, 0.9794762134552002, -0.39086687564849854, -0.9097223281860352, 0.14010049402713776, 0.9007973074913025, -0.40934836864471436, -0.14490696787834167], "cam_t_m2c": [353.9666442871094, -95.09166717529297, 897.3170166015625], "obj_id": 3}, {"cam_R_m2c": [-0.6605764031410217, 0.35065940022468567, -0.6638349294662476, -0.6462260484695435, 0.18449322879314423, 0.7405093312263489, 0.3821395933628082, 0.9181504249572754, 0.10473338514566422], "cam_t_m2c": [72.80574798583984, -249.1463165283203, 636.4321899414062], "obj_id": 3}, {"cam_R_m2c": [-0.12342071533203125, -0.979426920413971, -0.15965676307678223, 0.2048373818397522, -0.18256613612174988, 0.9616190791130066, -0.9709835052490234, 0.08598002046346664, 0.2231556624174118], "cam_t_m2c": [231.80836486816406, -150.25701904296875, 760.8238525390625], "obj_id": 3}, {"cam_R_m2c": [0.7634785771369934, 0.6167104840278625, -0.19175143539905548, 0.4269935190677643, -0.7047672271728516, -0.5665506720542908, -0.48453786969184875, 0.3506726920604706, -0.8014060854911804], "cam_t_m2c": [174.6603546142578, -356.8794860839844, 610.1488037109375], "obj_id": 3}, {"cam_R_m2c": [0.6743974089622498, 0.40824171900749207, -0.6152453422546387, -0.35554900765419006, 0.909833550453186, 0.2139807790517807, 0.6471267342567444, 0.07444177567958832, 0.7587393522262573], "cam_t_m2c": [107.12015533447266, -68.6576156616211, 829.0006103515625], "obj_id": 1}, {"cam_R_m2c": [-0.010192258283495903, 0.23657597601413727, -0.9715595245361328, 0.3902510106563568, -0.8936201333999634, -0.22169160842895508, -0.9206520915031433, -0.381411612033844, -0.08321599662303925], "cam_t_m2c": [36.50370407104492, -370.3530578613281, 673.20556640625], "obj_id": 3}, {"cam_R_m2c": [-0.8294721245765686, -0.3544381558895111, 0.4316822290420532, 0.4680972397327423, -0.01946324110031128, 0.8834625482559204, -0.3047308921813965, 0.9348768591880798, 0.1820557862520218], "cam_t_m2c": [234.67921447753906, -196.86715698242188, 705.5354614257812], "obj_id": 1}, {"cam_R_m2c": [-0.38557618856430054, 0.4480019509792328, -0.8066132664680481, -0.3361422121524811, -0.8823369741439819, -0.32937750220298767, -0.8592666387557983, 0.14413662254810333, 0.49080076813697815], "cam_t_m2c": [355.5726013183594, -102.66752624511719, 874.6165161132812], "obj_id": 3}, {"cam_R_m2c": [0.09176275134086609, 0.17537087202072144, 0.9802166223526001, -0.945458710193634, -0.29362407326698303, 0.14104126393795013, 0.31254976987838745, -0.939696729183197, 0.13886219263076782], "cam_t_m2c": [366.8063049316406, -331.2113952636719, 684.6141357421875], "obj_id": 3}, {"cam_R_m2c": [0.3089711666107178, -0.8170329928398132, 0.48682019114494324, 0.9468856453895569, 0.3122287392616272, -0.0769466757774353, -0.08913128077983856, 0.484737366437912, 0.8701064586639404], "cam_t_m2c": [328.25860595703125, -352.8131103515625, 675.0133666992188], "obj_id": 1}, {"cam_R_m2c": [0.9076272249221802, 0.030426055192947388, -0.41867297887802124, 0.3565145432949066, -0.5824019908905029, 0.7305513024330139, -0.2216082066297531, -0.8123312592506409, -0.5394512414932251], "cam_t_m2c": [263.73614501953125, -509.67950439453125, 809.3451538085938], "obj_id": 1}, {"cam_R_m2c": [-0.3604798913002014, 0.9202336668