{
  "0": [{"cam_R_m2c": [-0.6307682991027832, -0.7071104049682617, -0.31957149505615234, -0.17364981770515442, 0.5300191640853882, -0.8300153017044067, 0.7562915086746216, -0.4680539071559906, -0.45710885524749756], "cam_t_m2c": [-96.13259887695312, 79.70088958740234, 129.57701110839844], "obj_id": 1}, {"cam_R_m2c": [-0.6307682991027832, -0.7071104049682617, -0.31957149505615234, -0.17364981770515442, 0.5300191640853882, -0.8300153017044067, 0.7562915086746216, -0.4680539071559906, -0.45710885524749756], "cam_t_m2c": [-96.13259887695312, 79.70088958740234, 129.57701110839844], "obj_id": 2}, {"cam_R_m2c": [-0.6307682991027832, -0.7071104049682617, -0.31957149505615234, -0.17364981770515442, 0.5300191640853882, -0.8300153017044067, 0.7562915086746216, -0.4680539071559906, -0.45710885524749756], "cam_t_m2c": [-96.13259887695312, 79.70088958740234, 129.57701110839844], "obj_id": 3}, {"cam_R_m2c": [-0.6307682991027832, -0.7071104049682617, -0.31957149505615234, -0.17364981770515442, 0.5300191640853882, -0.8300153017044067, 0.7562915086746216, -0.4680539071559906, -0.45710885524749756], "cam_t_m2c": [-96.13259887695312, 79.70088958740234, 129.57701110839844], "obj_id": 1}, {"cam_R_m2c": [-0.6307682991027832, -0.7071104049682617, -0.31957149505615234, -0.17364981770515442, 0.5300191640853882, -0.8300153017044067, 0.7562915086746216, -0.4680539071559906, -0.45710885524749756], "cam_t_m2c": [-96.13259887695312, 79.70088958740234, 129.57701110839844], "obj_id": 3}, {"cam_R_m2c": [-0.6307682991027832, -0.7071104049682617, -0.31957149505615234, -0.17364981770515442, 0.5300191640853882, -0.8300153017044067, 0.7562915086746216, -0.4680539071559906, -0.45710885524749756], "cam_t_m2c": [-96.13259887695312, 79.70088958740234, 129.57701110839844], "obj_id": 3}, {"cam_R_m2c": [-0.6307682991027832, -0.7071104049682617, -0.31957149505615234, -0.17364981770515442, 0.5300191640853882, -0.8300153017044067, 0.7562915086746216, -0.4680539071559906, -0.45710885524749756], "cam_t_m2c": [-96.13259887695312, 79.70088958740234, 129.57701110839844], "obj_id": 1}, {"cam_R_m2c": [-0.6307682991027832, -0.7071104049682617, -0.31957149505615234, -0.17364981770515442, 0.5300191640853882, -0.8300153017044067, 0.7562915086746216, -0.4680539071559906, -0.45710885524749756], "cam_t_m2c": [-96.13259887695312, 79.70088958740234, 129.57701110839844], "obj_id": 3}, {"cam_R_m2c": [-0.6307682991027832, -0.7071104049682617, -0.31957149505615234, -0.17364981770515442, 0.5300191640853882, -0.8300153017044067, 0.7562915086746216, -0.4680539071559906, -0.45710885524749756], "cam_t_m2c": [-96.13259887695312, 79.70088958740234, 129.57701110839844], "obj_id": 3}, {"cam_R_m2c": [-0.6307682991027832, -0.7071104049682617, -0.31957149505615234, -0.17364981770515442, 0.5300191640853882, -0.8300153017044067, 0.7562915086746216, -0.4680539071559906, -0.45710885524749756], "cam_t_m2c": [-96.13259887695312, 79.70088958740234, 129.57701110839844], "obj_id": 3}, {"cam_R_m2c": [-0.6307682991027832, -0.7071104049682617, -0.31957149505615234, -0.17364981770515442, 0.5300191640853882, -0.8300153017044067, 0.7562915086746216, -0.4680539071559906, -0.45710885524749756], "cam_t_m2c": [-96.13259887695312, 79.70088958740234, 129.57701110839844], "obj_id": 1}, {"cam_R_m2c": [-0.6307682991027832, -0.7071104049682617, -0.31957149505615234, -0.17364981770515442, 0.5300191640853882, -0.8300153017044067, 0.7562915086746216, -0.4680539071559906, -0.45710885524749756], "cam_t_m2c": [-96.13259887695312, 79.70088958740234, 129.57701110839844], "obj_id": 2}, {"cam_R_m2c": [-0.6307682991027832, -0.7071104049682617, -0.31957149505615234, -0.17364981770515442, 0.5300191640853882, -0.8300153017044067, 0.7562915086746216, -0.4680539071559906, -0.45710885524749756], "cam_t_m2c": [-96.13259887695312, 79.70088958740234, 129.57701110839844], "obj_id": 1}, {"cam_R_m2c": [-0.6307682991027832, -0.7071104049682617, -0.31957149505615234, -0.17364981770515442, 0.5300191640853882, -0.8300153017044067, 0.7562915086746216, -0.4680539071559906, -0.45710885524749756], "cam_t_m2c": [-96.13259887695312, 79.70088958740234, 129.57701110839844], "obj_id": 2}, {"cam_R_m2c": [-0.6307682991027832, -0.7071104049682617, -0.31957149505615234, -0.17364981770515442, 0.5300191640853882, -0.8300153017044067, 0.7562915086746216, -0.4680539071559906, -0.45710885524749756], "cam_t_m2c": [-96.13259887695312, 79.70088958740234, 129.57701110839844], "obj_id": 3}, {"cam_R_m2c": [-0.6307682991027832, -0.7071104049682617, -0.31957149505615234, -0.17364981770515442, 0.5300191640853882, -0.8300153017044067, 0.7562915086746216, -0.4680539071559906, -0.45710885524749756], "cam_t_m2c": [-96.13259887695312, 79.70088958740234, 129.57701110839844], "obj_id": 1}, {"cam_R_m2c": [-0.6307682991027832, -0.7071104049682617, -0.31957149505615234, -0.17364981770515442, 0.5300191640853882, -0.8300153017044067, 0.7562915086746216, -0.4680539071559906, -0.45710885524749756], "cam_t_m2c": [-96.13259887695312, 79.70088958740234, 129.57701110839844], "obj_id": 1}, {"cam_R_m2c": [-0.6307682991027832, -0.7071104049682617, -0.31957149505615234, -0.17364981770515442, 0.5300191640853882, -0.8300153017044067, 0.7562915086746216, -0.4680539071559906, -0.45710885524749756], "cam_t_m2c": [-96.13259887695312, 79.70088958740234, 129.57701110839844], "obj_id": 1}, {"cam_R_m2c": [-0.6307682991027832, -0.7071104049682617, -0.31957149505615234, -0.17364981770515442, 0.5300191640853882, -0.8300153017044067, 0.7562915086746216, -0.4680539071559906, -0.45710885524749756], "cam_t_m2c": [-96.13259887695312, 79.70088958740234, 129.57701110839844], "obj_id": 1}, {"cam_R_m2c": [-0.6307682991027832, -0.7071104049682617, -0.31957149505615234, -0.17364981770515442, 0.5300191640853882, -0.8300153017044067, 0.7562915086746216, -0.4680539071559906, -0.45710885524749756], "cam_t_m2c": [-96.13259887695312, 79.70088958740234, 129.57701110839844], "obj_id": 2}, {"cam_R_m2c": [-0.6307682991027832, -0.7071104049682617, -0.31957149505615234, -0.17364981770515442, 0.5300191640853882, -0.8300153017044067, 0.7562915086746216, -0.4680539071559906, -0.45710885524749756], "cam_t_m2c": [-96.13259887695312, 79.70088958740234, 129.57701110839844], "obj_id": 1}, {"cam_R_m2c": [-0.6307682991027832, -0.7071104049682617, -0.31957149505615234, -0.17364981770515442, 0.5300191640853882, -0.8300153017044067, 0.7562915086746216, -0.4680539071559906, -0.45710885524749756], "cam_t_m2c": [-96.13259887695312, 79.70088958740234, 129.57701110839844], "obj_id": 2}, {"cam_R_m2c": [-0.6307682991027832, -0.7071104049682617, -0.31957149505615234, -0.17364981770515442, 0.5300191640853882, -0.8300153017044067, 0.7562915086746216, -0.4680539071559906, -0.45710885524749756], "cam_t_m2c": [-96.13259887695312, 79.70088958740234, 129.57701110839844], "obj_id": 3}, {"cam_R_m2c": [-0.6307682991027832, -0.7071104049682617, -0.31957149505615234, -0.17364981770515442, 0.5300191640853882, -0.8300153017044067, 0.7562915086746216, -0.4680539071559906, -0.45710885524749756], "cam_t_m2c": [-96.13259887695312, 79.70088958740234, 129.57701110839844], "obj_id": 1}, {"cam_R_m2c": [-0.5109672546386719, -0.8102125525474548, -0.2871720492839813, 0.20019681751728058, 0.21272516250610352, -0.9563833475112915, 0.8359625339508057, -0.5461716651916504, 0.0535065159201622], "cam_t_m2c": [2295.145751953125, 6765.32275390625, 3734.177978515625], "obj_id": 0}, {"cam_R_m2c": [0.46590572595596313, 0.5761383771896362, -0.671562671661377, 0.24806690216064453, 0.6434836387634277, 0.7241488695144653, 0.8493494987487793, -0.5039775371551514, 0.15688183903694153], "cam_t_m2c": [-34.290687561035156, 134.25840759277344, -67.00859832763672], "obj_id": 3}, {"cam_R_m2c": [0.23661324381828308, 0.6568955183029175, 0.7158927917480469, -0.5428451895713806, 0.7004657983779907, -0.4633214473724365, -0.8058121800422668, -0.2789909541606903, 0.5223320126533508], "cam_t_m2c": [-138.08033752441406, 7.3836669921875, 225.48304748535156], "obj_id": 3}, {"cam_R_m2c": [-0.47284242510795593, -0.5381514430046082, 0.6977197527885437, -0.8799842596054077, 0.3290664255619049, -0.3425535559654236, -0.04525042325258255, -0.7759563326835632, -0.6291613578796387], "cam_t_m2c": [51.8613166809082, 2.97467041015625, 102.43505859375], "obj_id": 1}, {"cam_R_m2c": [-0.5544383525848389, -0.04938836768269539, 0.8307579159736633, 0.7479975819587708, -0.4671739935874939, 0.4714317321777344, 0.3648253083229065, 0.8827848434448242, 0.2959617078304291], "cam_t_m2c": [-269.6027526855469, 143.23959350585938, 192.1064453125], "obj_id": 1}, {"cam_R_m2c": [0.3741910457611084, -0.6962615251541138, 0.6125364303588867, 0.605315625667572, -0.3170192539691925, -0.7301312685012817, 0.7025482058525085, 0.6439864635467529, 0.3028322756290436], "cam_t_m2c": [2340.39697265625, 6662.8330078125, 3878.366455078125], "obj_id": 0}, {"cam_R_m2c": [0.6472559571266174, 0.43153664469718933, 0.6283596158027649, -0.10357002168893814, -0.7668936848640442, 0.6333618760108948, 0.755203902721405, -0.4750264883041382, -0.4516822397708893], "cam_t_m2c": [140.5469512939453, -7.280338764190674, 44.79597473144531], "obj_id": 0}, {"cam_R_m2c": [0.35495150089263916, 0.6418869495391846, 0.6796989440917969, -0.6764392256736755, 0.6781885027885437, -0.2872113287448883, -0.6453211903572083, -0.35782888531684875, 0.6749215126037598], "cam_t_m2c": [-20.645051956176758, -19.666719436645508, 195.6615753173828], "obj_id": 3}],
  "1": [{"cam_R_m2c": [-0.10261840373277664, -0.964484453201294, 0.24339120090007782, -0.2534409165382385, -0.21125683188438416, -0.9440011978149414, 0.9618925452232361, -0.15855716168880463, -0.22276102006435394], "cam_t_m2c": [-135.2410125732422, -17.023571014404297, 143.8501739501953], "obj_id": 1}, {"cam_R_m2c": [-0.10261840373277664, -0.964484453201294, 0.24339120090007782, -0.2534409165382385, -0.21125683188438416, -0.9440011978149414, 0.9618925452232361, -0.15855716168880463, -0.22276102006435394], "cam_t_m2c": [-135.2410125732422, -17.023571014404297, 143.8501739501953], "obj_id": 2}, {"cam_R_m2c": [-0.10261840373277664, -0.964484453201294, 0.24339120090007782, -0.2534409165382385, -0.21125683188438416, -0.9440011978149414, 0.9618925452232361, -0.15855716168880463, -0.22276102006435394], "cam_t_m2c": [-135.2410125732422, -17.023571014404297, 143.8501739501953], "obj_id": 3}, {"cam_R_m2c": [-0.10261840373277664, -0.964484453201294, 0.24339120090007782, -0.2534409165382385, -0.21125683188438416, -0.9440011978149414, 0.9618925452232361, -0.15855716168880463, -0.22276102006435394], "cam_t_m2c": [-135.2410125732422, -17.023571014404297, 143.8501739501953], "obj_id": 1}, {"cam_R_m2c": [-0.10261840373277664, -0.964484453201294, 0.24339120090007782, -0.2534409165382385, -0.21125683188438416, -0.9440011978149414, 0.9618925452232361, -0.15855716168880463, -0.22276102006435394], "cam_t_m2c": [-135.2410125732422, -17.023571014404297, 143.8501739501953], "obj_id": 3}, {"cam_R_m2c": [-0.10261840373277664, -0.964484453201294, 0.24339120090007782, -0.2534409165382385, -0.21125683188438416, -0.9440011978149414, 0.9618925452232361, -0.15855716168880463, -0.22276102006435394], "cam_t_m2c": [-135.2410125732422, -17.023571014404297, 143.8501739501953], "obj_id": 3}, {"cam_R_m2c": [-0.10261840373277664, -0.964484453201294, 0.24339120090007782, -0.2534409165382385, -0.21125683188438416, -0.9440011978149414, 0.9618925452232361, -0.15855716168880463, -0.22276102006435394], "cam_t_m2c": [-135.2410125732422, -17.023571014404297, 143.8501739501953], "obj_id": 1}, {"cam_R_m2c": [-0.10261840373277664, -0.964484453201294, 0.24339120090007782, -0.2534409165382385, -0.21125683188438416, -0.9440011978149414, 0.9618925452232361, -0.15855716168880463, -0.22276102006435394], "cam_t_m2c": [-135.2410125732422, -17.023571014404297, 143.8501739501953], "obj_id": 3}, {"cam_R_m2c": [-0.10261840373277664, -0.964484453201294, 0.24339120090007782, -0.2534409165382385, -0.21125683188438416, -0.9440011978149414, 0.9618925452232361, -0.15855716168880463, -0.22276102006435394], "cam_t_m2c": [-135.2410125732422, -17.023571014404297, 143.8501739501953], "obj_id": 3}, {"cam_R_m2c": [-0.10261840373277664, -0.964484453201294, 0.24339120090007782, -0.2534409165382385, -0.21125683188438416, -0.9440011978149414, 0.9618925452232361, -0.15855716168880463, -0.22276102006435394], "cam_t_m2c": [-135.2410125732422, -17.023571014404297, 143.8501739501953], "obj_id": 3}, {"cam_R_m2c": [-0.10261840373277664, -0.964484453201294, 0.24339120090007782, -0.2534409165382385, -0.21125683188438416, -0.9440011978149414, 0.9618925452232361, -0.15855716168880463, -0.22276102006435394], "cam_t_m2c": [-135.2410125732422, -17.023571014404297, 143.8501739501953], "obj_id": 1}, {"cam_R_m2c": [-0.10261840373277664, -0.964484453201294, 0.24339120090007782, -0.2534409165382385, -0.21125683188438416, -0.9440011978149414, 0.9618925452232361, -0.15855716168880463, -0.22276102006435394], "cam_t_m2c": [-135.2410125732422, -17.023571014404297, 143.8501739501953], "obj_id": 2}, {"cam_R_m2c": [-0.10261840373277664, -0.964484453201294, 0.24339120090007782, -0.2534409165382385, -0.21125683188438416, -0.9440011978149414, 0.9618925452232361, -0.15855716168880463, -0.22276102006435394], "cam_t_m2c": [-135.2410125732422, -17.023571014404297, 143.8501739501953], "obj_id": 1}, {"cam_R_m2c": [-0.10261840373277664, -0.964484453201294, 0.24339120090007782, -0.2534409165382385, -0.21125683188438416, -0.9440011978149414, 0.9618925452232361, -0.15855716168880463, -0.22276102006435394], "cam_t_m2c": [-135.2410125732422, -17.023571014404297, 143.8501739501953], "obj_id": 2}, {"cam_R_m2c": [-0.10261840373277664, -0.964484453201294, 0.24339120090007782, -0.2534409165382385, -0.21125683188438416, -0.9440011978149414, 0.9618925452232361, -0.15855716168880463, -0.22276102006435394], "cam_t_m2c": [-135.2410125732422, -17.023571014404297, 143.8501739501953], "obj_id": 3}, {"cam_R_m2c": [-0.10261840373277664, -0.964484453201294, 0.24339120090007782, -0.2534409165382385, -0.21125683188438416, -0.9440011978149414, 0.9618925452232361, -0.15855716168880463, -0.22276102006435394], "cam_t_m2c": [-135.2410125732422, -17.023571014404297, 143.8501739501953], "obj_id": 1}, {"cam_R_m2c": [-0.10261840373277664, -0.964484453201294, 0.24339120090007782, -0.2534409165382385, -0.21125683188438416, -0.9440011978149414, 0.9618925452232361, -0.15855716168880463, -0.22276102006435394], "cam_t_m2c": [-135.2410125732422, -17.023571014404297, 143.8501739501953], "obj_id": 1}, {"cam_R_m2c": [-0.10261840373277664, -0.964484453201294, 0.24339120090007782, -0.2534409165382385, -0.21125683188438416, -0.9440011978149414, 0.9618925452232361, -0.15855716168880463, -0.22276102006435394], "cam_t_m2c": [-135.2410125732422, -17.023571014404297, 143.8501739501953], "obj_id": 1}, {"cam_R_m2c": [-0.10261840373277664, -0.964484453201294, 0.24339120090007782, -0.2534409165382385, -0.21125683188438416, -0.9440011978149414, 0.9618925452232361, -0.15855716168880463, -0.22276102006435394], "cam_t_m2c": [-135.2410125732422, -17.023571014404297, 143.8501739501953], "obj_id": 1}, {"cam_R_m2c": [-0.10261840373277664, -0.964484453201294, 0.24339120090007782, -0.2534409165382385, -0.21125683188438416, -0.9440011978149414, 0.9618925452232361, -0.15855716168880463, -0.22276102006435394], "cam_t_m2c": [-135.2410125732422, -17.023571014404297, 143.8501739501953], "obj_id": 2}, {"cam_R_m2c": [-0.10261840373277664, -0.964484453201294, 0.24339120090007782, -0.2534409165382385, -0.21125683188438416, -0.9440011978149414, 0.9618925452232361, -0.15855716168880463, -0.22276102006435394], "cam_t_m2c": [-135.2410125732422, -17.023571014404297, 143.8501739501953], "obj_id": 1}, {"cam_R_m2c": [-0.10261840373277664, -0.964484453201294, 0.24339120090007782, -0.2534409165382385, -0.21125683188438416, -0.9440011978149414, 0.9618925452232361, -0.15855716168880463, -0.22276102006435394], "cam_t_m2c": [-135.2410125732422, -17.023571014404297, 143.8501739501953], "obj_id": 2}, {"cam_R_m2c": [-0.10261840373277664, -0.964484453201294, 0.24339120090007782, -0.2534409165382385, -0.21125683188438416, -0.9440011978149414, 0.9618925452232361, -0.15855716168880463, -0.22276102006435394], "cam_t_m2c": [-135.2410125732422, -17.023571014404297, 143.8501739501953], "obj_id": 3}, {"cam_R_m2c": [-0.10261840373277664, -0.964484453201294, 0.24339120090007782, -0.2534409165382385, -0.21125683188438416, -0.9440011978149414, 0.9618925452232361, -0.15855716168880463, -0.22276102006435394], "cam_t_m2c": [-135.2410125732422, -17.023571014404297, 143.8501739501953], "obj_id": 1}, {"cam_R_m2c": [-0.2615298628807068, -0.833320677280426, 0.4870098829269409, 0.11424929648637772, -0.5277513265609741, -0.8416801691055298, 0.9584096670150757, -0.16448400914669037, 0.2332291305065155], "cam_t_m2c": [-2238.306640625, 7448.85888671875, 1945.6900634765625], "obj_id": 0}, {"cam_R_m2c": [0.3621704578399658, -0.19439692795276642, -0.9116151928901672, 0.7498298287391663, 0.641730546951294, 0.16105008125305176, 0.5537036657333374, -0.7418838739395142, 0.37818047404289246], "cam_t_m2c": [-183.42770385742188, -6.789731025695801, -63.56283187866211], "obj_id": 3}, {"cam_R_m2c": [0.32419437170028687, -0.12092621624469757, 0.9382296204566956, -0.5168359875679016, 0.8080482482910156, 0.28273409605026245, -0.7923247814178467, -0.5765716433525085, 0.19946567714214325], "cam_t_m2c": [-87.83119201660156, -61.91382598876953, 253.04966735839844], "obj_id": 3}, {"cam_R_m2c": [0.28374922275543213, -0.7925633192062378, 0.5397496223449707, -0.9338911175727844, -0.3561244606971741, -0.03197852522134781, 0.21756309270858765, -0.49499353766441345, -0.8412178754806519], "cam_t_m2c": [9.987131118774414, 9.292119979858398, 61.74009323120117], "obj_id": 1}, {"cam_R_m2c": [-0.7952510714530945, 0.5236205458641052, 0.3056095540523529, 0.32010313868522644, -0.06545750051736832, 0.9451186060905457, 0.5148879885673523, 0.8494332432746887, -0.11555737257003784], "cam_t_m2c": [-279.04931640625, -56.35357666015625, 269.59320068359375], "obj_id": 1}, {"cam_R_m2c": [0.013844924978911877, -0.07621883600950241, 0.9969950318336487, 0.8997140526771545, -0.43408313393592834, -0.04567907378077507, 0.43626028299331665, 0.8976427912712097, 0.06256526708602905], "cam_t_m2c": [-2098.90625, 7452.0029296875, 2063.587646484375], "obj_id": 0}, {"cam_R_m2c": [0.7032905220985413, 0.6972419619560242, -0.13869425654411316, 0.577109158039093, -0.4460347890853882, 0.6841039061546326, 0.41512346267700195, -0.5611655116081238, -0.7160767316818237], "cam_t_m2c": [61.310157775878906, 36.6104850769043, -27.210582733154297], "obj_id": 0}, {"cam_R_m2c": [0.5383957624435425, -0.13617472350597382, 0.8316166996955872, -0.4857766330242157, 0.7562344074249268, 0.43832698464393616, -0.6885861754417419, -0.6399734020233154, 0.3410029113292694], "cam_t_m2c": [1.707099199295044, -19.627817153930664, 178.1706085205078], "obj_id": 3}]
}