{
  "0": [{"cam_R_m2c": [0.44236230850219727, 0.5970179438591003, 0.6692421436309814, 0.7345662117004395, -0.6693071722984314, 0.11153527349233627, 0.5145172476768494, 0.44226372241973877, -0.7346254587173462], "cam_t_m2c": [80.46551513671875, 196.08705139160156, 471.8958740234375], "obj_id": 3}, {"cam_R_m2c": [-0.06797518581151962, 0.5410429239273071, 0.8382434248924255, -0.5337038040161133, 0.6901454329490662, -0.48873260617256165, -0.8429351449012756, -0.48059535026550293, 0.24184387922286987], "cam_t_m2c": [-374.20245361328125, 320.50848388671875, 532.8917846679688], "obj_id": 2}, {"cam_R_m2c": [-0.44568437337875366, 0.8320293426513672, -0.3302912712097168, -0.8645919561386108, -0.49572065472602844, -0.08210630714893341, -0.23204712569713593, 0.24897371232509613, 0.9403011202812195], "cam_t_m2c": [-125.3153076171875, 399.5125427246094, 466.22216796875], "obj_id": 1}, {"cam_R_m2c": [-0.4564180374145508, -0.2782449722290039, -0.845140278339386, 0.4305867552757263, 0.7621436715126038, -0.48345842957496643, 0.7786381840705872, -0.5845654606819153, -0.2280474752187729], "cam_t_m2c": [-110.33297729492188, 285.213623046875, 366.740478515625], "obj_id": 3}, {"cam_R_m2c": [0.2065904587507248, 0.8935631513595581, -0.398578941822052, 0.5341333746910095, 0.23831209540367126, 0.8111158013343811, 0.8197693824768066, -0.3804630637168884, -0.42804887890815735], "cam_t_m2c": [-33.87459182739258, 694.11572265625, 230.19879150390625], "obj_id": 3}, {"cam_R_m2c": [0.15251022577285767, -0.9363024234771729, 0.31635162234306335, 0.6359334588050842, -0.15205590426921844, -0.7566158771514893, 0.7565244436264038, 0.3165702223777771, 0.5722360014915466], "cam_t_m2c": [-403.541259765625, 268.4473876953125, 664.0017700195312], "obj_id": 2}, {"cam_R_m2c": [0.3905865252017975, 0.9205261468887329, 0.00858770776540041, 0.59071284532547, -0.2577771246433258, 0.764597475528717, 0.7060456871986389, -0.29356858134269714, -0.6444509029388428], "cam_t_m2c": [-308.8018798828125, 443.0364074707031, 412.4698486328125], "obj_id": 0}, {"cam_R_m2c": [-0.6997841000556946, -0.6580090522766113, -0.27807626128196716, -0.6631113886833191, 0.45357412099838257, 0.5954442024230957, -0.2656794488430023, 0.6010779142379761, -0.7537372708320618], "cam_t_m2c": [-343.1430358886719, 292.3459167480469, 628.6638793945312], "obj_id": 0}, {"cam_R_m2c": [-0.017409535124897957, 0.9545771479606628, -0.2974547743797302, 0.6495223045349121, 0.2369743436574936, 0.7224707007408142, 0.7601431608200073, -0.18062561750411987, -0.6241447329521179], "cam_t_m2c": [-71.45600891113281, 362.46282958984375, 432.3526306152344], "obj_id": 0}, {"cam_R_m2c": [-0.28048738837242126, 0.15681752562522888, -0.9469609260559082, 0.7741889953613281, 0.6201615333557129, -0.1266135424375534, 0.5674135088920593, -0.7686402797698975, -0.29535388946533203], "cam_t_m2c": [-345.91021728515625, 286.5906066894531, 551.8653564453125], "obj_id": 1}],
  "1": [{"cam_R_m2c": [0.44236230850219727, 0.5970179438591003, 0.6692421436309814, 0.7345662117004395, -0.6693071722984314, 0.11153527349233627, 0.5145172476768494, 0.44226372241973877, -0.7346254587173462], "cam_t_m2c": [80.46551513671875, 196.08705139160156, 471.8958740234375], "obj_id": 3}, {"cam_R_m2c": [-0.06797518581151962, 0.5410429239273071, 0.8382434248924255, -0.5337038040161133, 0.6901454329490662, -0.48873260617256165, -0.8429351449012756, -0.48059535026550293, 0.24184387922286987], "cam_t_m2c": [-374.20245361328125, 320.50848388671875, 532.8917846679688], "obj_id": 2}, {"cam_R_m2c": [-0.44568437337875366, 0.8320293426513672, -0.3302912712097168, -0.8645919561386108, -0.49572065472602844, -0.08210630714893341, -0.23204712569713593, 0.24897371232509613, 0.9403011202812195], "cam_t_m2c": [-125.3153076171875, 399.5125427246094, 466.22216796875], "obj_id": 1}, {"cam_R_m2c": [-0.4564180374145508, -0.2782449722290039, -0.845140278339386, 0.4305867552757263, 0.7621436715126038, -0.48345842957496643, 0.7786381840705872, -0.5845654606819153, -0.2280474752187729], "cam_t_m2c": [-110.33297729492188, 285.213623046875, 366.740478515625], "obj_id": 3}, {"cam_R_m2c": [0.2065904587507248, 0.8935631513595581, -0.398578941822052, 0.5341333746910095, 0.23831209540367126, 0.8111158013343811, 0.8197693824768066, -0.3804630637168884, -0.42804887890815735], "cam_t_m2c": [-33.87459182739258, 694.11572265625, 230.19879150390625], "obj_id": 3}, {"cam_R_m2c": [0.15251022577285767, -0.9363024234771729, 0.31635162234306335, 0.6359334588050842, -0.15205590426921844, -0.7566158771514893, 0.7565244436264038, 0.3165702223777771, 0.5722360014915466], "cam_t_m2c": [-403.541259765625, 268.4473876953125, 664.0017700195312], "obj_id": 2}, {"cam_R_m2c": [0.3905865252017975, 0.9205261468887329, 0.00858770776540041, 0.59071284532547, -0.2577771246433258, 0.764597475528717, 0.7060456871986389, -0.29356858134269714, -0.6444509029388428], "cam_t_m2c": [-308.8018798828125, 443.0364074707031, 412.4698486328125], "obj_id": 0}, {"cam_R_m2c": [-0.6997841000556946, -0.6580090522766113, -0.27807626128196716, -0.6631113886833191, 0.45357412099838257, 0.5954442024230957, -0.2656794488430023, 0.6010779142379761, -0.7537372708320618], "cam_t_m2c": [-343.1430358886719, 292.3459167480469, 628.6638793945312], "obj_id": 0}, {"cam_R_m2c": [-0.017409535124897957, 0.9545771479606628, -0.2974547743797302, 0.6495223045349121, 0.2369743436574936, 0.7224707007408142, 0.7601431608200073, -0.18062561750411987, -0.6241447329521179], "cam_t_m2c": [-71.45600891113281, 362.46282958984375, 432.3526306152344], "obj_id": 0}, {"cam_R_m2c": [-0.28048738837242126, 0.15681752562522888, -0.9469609260559082, 0.7741889953613281, 0.6201615333557129, -0.1266135424375534, 0.5674135088920593, -0.7686402797698975, -0.29535388946533203], "cam_t_m2c": [-345.91021728515625, 286.5906066894531, 551.8653564453125], "obj_id": 1}],
  "2": [{"cam_R_m2c": [0.44236230850219727, 0.5970179438591003, 0.6692421436309814, 0.7345662117004395, -0.6693071722984314, 0.11153527349233627, 0.5145172476768494, 0.44226372241973877, -0.7346254587173462], "cam_t_m2c": [80.46551513671875, 196.08705139160156, 471.8958740234375], "obj_id": 3}, {"cam_R_m2c": [-0.06797518581151962, 0.5410429239273071, 0.8382434248924255, -0.5337038040161133, 0.6901454329490662, -0.48873260617256165, -0.8429351449012756, -0.48059535026550293, 0.24184387922286987], "cam_t_m2c": [-374.20245361328125, 320.50848388671875, 532.8917846679688], "obj_id": 2}, {"cam_R_m2c": [-0.44568437337875366, 0.8320293426513672, -0.3302912712097168, -0.8645919561386108, -0.49572065472602844, -0.08210630714893341, -0.23204712569713593, 0.24897371232509613, 0.9403011202812195], "cam_t_m2c": [-125.3153076171875, 399.5125427246094, 466.22216796875], "obj_id": 1}, {"cam_R_m2c": [-0.4564180374145508, -0.2782449722290039, -0.845140278339386, 0.4305867552757263, 0.7621436715126038, -0.48345842957496643, 0.7786381840705872, -0.5845654606819153, -0.2280474752187729], "cam_t_m2c": [-110.33297729492188, 285.213623046875, 366.740478515625], "obj_id": 3}, {"cam_R_m2c": [0.2065904587507248, 0.8935631513595581, -0.398578941822052, 0.5341333746910095, 0.23831209540367126, 0.8111158013343811, 0.8197693824768066, -0.3804630637168884, -0.42804887890815735], "cam_t_m2c": [-33.87459182739258, 694.11572265625, 230.19879150390625], "obj_id": 3}, {"cam_R_m2c": [0.15251022577285767, -0.9363024234771729, 0.31635162234306335, 0.6359334588050842, -0.15205590426921844, -0.7566158771514893, 0.7565244436264038, 0.3165702223777771, 0.5722360014915466], "cam_t_m2c": [-403.541259765625, 268.4473876953125, 664.0017700195312], "obj_id": 2}, {"cam_R_m2c": [0.3905865252017975, 0.9205261468887329, 0.00858770776540041, 0.59071284532547, -0.2577771246433258, 0.764597475528717, 0.7060456871986389, -0.29356858134269714, -0.6444509029388428], "cam_t_m2c": [-308.8018798828125, 443.0364074707031, 412.4698486328125], "obj_id": 0}, {"cam_R_m2c": [-0.6997841000556946, -0.6580090522766113, -0.27807626128196716, -0.6631113886833191, 0.45357412099838257, 0.5954442024230957, -0.2656794488430023, 0.6010779142379761, -0.7537372708320618], "cam_t_m2c": [-343.1430358886719, 292.3459167480469, 628.6638793945312], "obj_id": 0}, {"cam_R_m2c": [-0.017409535124897957, 0.9545771479606628, -0.2974547743797302, 0.6495223045349121, 0.2369743436574936, 0.7224707007408142, 0.7601431608200073, -0.18062561750411987, -0.6241447329521179], "cam_t_m2c": [-71.45600891113281, 362.46282958984375, 432.3526306152344], "obj_id": 0}, {"cam_R_m2c": [-0.28048738837242126, 0.15681752562522888, -0.9469609260559082, 0.7741889953613281, 0.6201615333557129, -0.1266135424375534, 0.5674135088920593, -0.7686402797698975, -0.29535388946533203], "cam_t_m2c": [-345.91021728515625, 286.5906066894531, 551.8653564453125], "obj_id": 1}],
  "3": [{"cam_R_m2c": [0.44236230850219727, 0.5970179438591003, 0.6692421436309814, 0.7345662117004395, -0.6693071722984314, 0.11153527349233627, 0.5145172476768494, 0.44226372241973877, -0.7346254587173462], "cam_t_m2c": [80.46551513671875, 196.08705139160156, 471.8958740234375], "obj_id": 3}, {"cam_R_m2c": [-0.06797518581151962, 0.5410429239273071, 0.8382434248924255, -0.5337038040161133, 0.6901454329490662, -0.48873260617256165, -0.8429351449012756, -0.48059535026550293, 0.24184387922286987], "cam_t_m2c": [-374.20245361328125, 320.50848388671875, 532.8917846679688], "obj_id": 2}, {"cam_R_m2c": [-0.44568437337875366, 0.8320293426513672, -0.3302912712097168, -0.8645919561386108, -0.49572065472602844, -0.08210630714893341, -0.23204712569713593, 0.24897371232509613, 0.9403011202812195], "cam_t_m2c": [-125.3153076171875, 399.5125427246094, 466.22216796875], "obj_id": 1}, {"cam_R_m2c": [-0.4564180374145508, -0.2782449722290039, -0.845140278339386, 0.4305867552757263, 0.7621436715126038, -0.48345842957496643, 0.7786381840705872, -0.5845654606819153, -0.2280474752187729], "cam_t_m2c": [-110.33297729492188, 285.213623046875, 366.740478515625], "obj_id": 3}, {"cam_R_m2c": [0.2065904587507248, 0.8935631513595581, -0.398578941822052, 0.5341333746910095, 0.23831209540367126, 0.8111158013343811, 0.8197693824768066, -0.3804630637168884, -0.42804887890815735], "cam_t_m2c": [-33.87459182739258, 694.11572265625, 230.19879150390625], "obj_id": 3}, {"cam_R_m2c": [0.15251022577285767, -0.9363024234771729, 0.31635162234306335, 0.6359334588050842, -0.15205590426921844, -0.7566158771514893, 0.7565244436264038, 0.3165702223777771, 0.5722360014915466], "cam_t_m2c": [-403.541259765625, 268.4473876953125, 664.0017700195312], "obj_id": 2}, {"cam_R_m2c": [0.3905865252017975, 0.9205261468887329, 0.00858770776540041, 0.59071284532547, -0.2577771246433258, 0.764597475528717, 0.7060456871986389, -0.29356858134269714, -0.6444509029388428], "cam_t_m2c": [-308.8018798828125, 443.0364074707031, 412.4698486328125], "obj_id": 0}, {"cam_R_m2c": [-0.6997841000556946, -0.6580090522766113, -0.27807626128196716, -0.6631113886833191, 0.45357412099838257, 0.5954442024230957, -0.2656794488430023, 0.6010779142379761, -0.7537372708320618], "cam_t_m2c": [-343.1430358886719, 292.3459167480469, 628.6638793945312], "obj_id": 0}, {"cam_R_m2c": [-0.017409535124897957, 0.9545771479606628, -0.2974547743797302, 0.6495223045349121, 0.2369743436574936, 0.7224707007408142, 0.7601431608200073, -0.18062561750411987, -0.6241447329521179], "cam_t_m2c": [-71.45600891113281, 362.46282958984375, 432.3526306152344], "obj_id": 0}, {"cam_R_m2c": [-0.28048738837242126, 0.15681752562522888, -0.9469609260559082, 0.7741889953613281, 0.6201615333557129, -0.1266135424375534, 0.5674135088920593, -0.7686402797698975, -0.29535388946533203], "cam_t_m2c": [-345.91021728515625, 286.5906066894531, 551.8653564453125], "obj_id": 1}],
  "4": [{"cam_R_m2c": [0.44236230850219727, 0.5970179438591003, 0.6692421436309814, 0.7345662117004395, -0.6693071722984314, 0.11153527349233627, 0.5145172476768494, 0.44226372241973877, -0.7346254587173462], "cam_t_m2c": [80.46551513671875, 196.08705139160156, 471.8958740234375], "obj_id": 3}, {"cam_R_m2c": [-0.06797518581151962, 0.5410429239273071, 0.8382434248924255, -0.5337038040161133, 0.6901454329490662, -0.48873260617256165, -0.8429351449012756, -0.48059535026550293, 0.24184387922286987], "cam_t_m2c": [-374.20245361328125, 320.50848388671875, 532.8917846679688], "obj_id": 2}, {"cam_R_m2c": [-0.44568437337875366, 0.8320293426513672, -0.3302912712097168, -0.8645919561386108, -0.49572065472602844, -0.08210630714893341, -0.23204712569713593, 0.24897371232509613, 0.9403011202812195], "cam_t_m2c": [-125.3153076171875, 399.5125427246094, 466.22216796875], "obj_id": 1}, {"cam_R_m2c": [-0.4564180374145508, -0.2782449722290039, -0.845140278339386, 0.4305867552757263, 0.7621436715126038, -0.48345842957496643, 0.7786381840705872, -0.5845654606819153, -0.2280474752187729], "cam_t_m2c": [-110.33297729492188, 285.213623046875, 366.740478515625], "obj_id": 3}, {"cam_R_m2c": [0.2065904587507248, 0.8935631513595581, -0.398578941822052, 0.5341333746910095, 0.23831209540367126, 0.8111158013343811, 0.8197693824768066, -0.3804630637168884, -0.42804887890815735], "cam_t_m2c": [-33.87459182739258, 694.11572265625, 230.19879150390625], "obj_id": 3}, {"cam_R_m2c": [0.15251022577285767, -0.9363024234771729, 0.31635162234306335, 0.6359334588050842, -0.15205590426921844, -0.7566158771514893, 0.7565244436264038, 0.3165702223777771, 0.5722360014915466], "cam_t_m2c": [-403.541259765625, 268.4473876953125, 664.0017700195312], "obj_id": 2}, {"cam_R_m2c": [0.3905865252017975, 0.9205261468887329, 0.00858770776540041, 0.59071284532547, -0.2577771246433258, 0.764597475528717, 0.7060456871986389, -0.29356858134269714, -0.6444509029388428], "cam_t_m2c": [-308.8018798828125, 443.0364074707031, 412.4698486328125], "obj_id": 0}, {"cam_R_m2c": [-0.6997841000556946, -0.6580090522766113, -0.27807626128196716, -0.6631113886833191, 0.45357412099838257, 0.5954442024230957, -0.2656794488430023, 0.6010779142379761, -0.7537372708320618], "cam_t_m2c": [-343.1430358886719, 292.3459167480469, 628.6638793945312], "obj_id": 0}, {"cam_R_m2c": [-0.017409535124897957, 0.9545771479606628, -0.2974547743797302, 0.6495223045349121, 0.2369743436574936, 0.7224707007408142, 0.7601431608200073, -0.18062561750411987, -0.6241447329521179], "cam_t_m2c": [-71.45600891113281, 362.46282958984375, 432.3526306152344], "obj_id": 0}, {"cam_R_m2c": [-0.28048738837242126, 0.15681752562522888, -0.9469609260559082, 0.7741889953613281, 0.6201615333557129, -0.1266135424375534, 0.5674135088920593, -0.7686402797698975, -0.29535388946533203], "cam_t_m2c": [-345.91021728515625, 286.5906066894531, 551.8653564453125], "obj_id": 1}]
}