{
  "0": [{"cam_R_m2c": [0.3619842529296875, 0.9074884653091431, 0.21314802765846252, 0.8415719270706177, -0.21980293095111847, -0.4933999478816986, -0.40090417861938477, 0.3579823970794678, -0.8432820439338684], "cam_t_m2c": [10.268610954284668, 7.063579559326172, 297.5423278808594], "obj_id": 1}, {"cam_R_m2c": [0.3619842529296875, 0.9074884653091431, 0.21314802765846252, 0.8415719270706177, -0.21980293095111847, -0.4933999478816986, -0.40090417861938477, 0.3579823970794678, -0.8432820439338684], "cam_t_m2c": [10.268610954284668, 7.063579559326172, 297.5423278808594], "obj_id": 2}, {"cam_R_m2c": [0.3619842529296875, 0.9074884653091431, 0.21314802765846252, 0.8415719270706177, -0.21980293095111847, -0.4933999478816986, -0.40090417861938477, 0.3579823970794678, -0.8432820439338684], "cam_t_m2c": [10.268610954284668, 7.063579559326172, 297.5423278808594], "obj_id": 3}, {"cam_R_m2c": [0.3619842529296875, 0.9074884653091431, 0.21314802765846252, 0.8415719270706177, -0.21980293095111847, -0.4933999478816986, -0.40090417861938477, 0.3579823970794678, -0.8432820439338684], "cam_t_m2c": [10.268610954284668, 7.063579559326172, 297.5423278808594], "obj_id": 0}, {"cam_R_m2c": [0.3619842529296875, 0.9074884653091431, 0.21314802765846252, 0.8415719270706177, -0.21980293095111847, -0.4933999478816986, -0.40090417861938477, 0.3579823970794678, -0.8432820439338684], "cam_t_m2c": [10.268610954284668, 7.063579559326172, 297.5423278808594], "obj_id": 2}, {"cam_R_m2c": [0.3619842529296875, 0.9074884653091431, 0.21314802765846252, 0.8415719270706177, -0.21980293095111847, -0.4933999478816986, -0.40090417861938477, 0.3579823970794678, -0.8432820439338684], "cam_t_m2c": [10.268610954284668, 7.063579559326172, 297.5423278808594], "obj_id": 3}, {"cam_R_m2c": [0.3619842529296875, 0.9074884653091431, 0.21314802765846252, 0.8415719270706177, -0.21980293095111847, -0.4933999478816986, -0.40090417861938477, 0.3579823970794678, -0.8432820439338684], "cam_t_m2c": [10.268610954284668, 7.063579559326172, 297.5423278808594], "obj_id": 0}, {"cam_R_m2c": [0.3619842529296875, 0.9074884653091431, 0.21314802765846252, 0.8415719270706177, -0.21980293095111847, -0.4933999478816986, -0.40090417861938477, 0.3579823970794678, -0.8432820439338684], "cam_t_m2c": [10.268610954284668, 7.063579559326172, 297.5423278808594], "obj_id": 1}, {"cam_R_m2c": [0.3619842529296875, 0.9074884653091431, 0.21314802765846252, 0.8415719270706177, -0.21980293095111847, -0.4933999478816986, -0.40090417861938477, 0.3579823970794678, -0.8432820439338684], "cam_t_m2c": [10.268610954284668, 7.063579559326172, 297.5423278808594], "obj_id": 0}, {"cam_R_m2c": [0.3619842529296875, 0.9074884653091431, 0.21314802765846252, 0.8415719270706177, -0.21980293095111847, -0.4933999478816986, -0.40090417861938477, 0.3579823970794678, -0.8432820439338684], "cam_t_m2c": [10.268610954284668, 7.063579559326172, 297.5423278808594], "obj_id": 3}, {"cam_R_m2c": [0.3619842529296875, 0.9074884653091431, 0.21314802765846252, 0.8415719270706177, -0.21980293095111847, -0.4933999478816986, -0.40090417861938477, 0.3579823970794678, -0.8432820439338684], "cam_t_m2c": [10.268610954284668, 7.063579559326172, 297.5423278808594], "obj_id": 3}, {"cam_R_m2c": [0.3619842529296875, 0.9074884653091431, 0.21314802765846252, 0.8415719270706177, -0.21980293095111847, -0.4933999478816986, -0.40090417861938477, 0.3579823970794678, -0.8432820439338684], "cam_t_m2c": [10.268610954284668, 7.063579559326172, 297.5423278808594], "obj_id": 2}, {"cam_R_m2c": [0.3619842529296875, 0.9074884653091431, 0.21314802765846252, 0.8415719270706177, -0.21980293095111847, -0.4933999478816986, -0.40090417861938477, 0.3579823970794678, -0.8432820439338684], "cam_t_m2c": [10.268610954284668, 7.063579559326172, 297.5423278808594], "obj_id": 3}, {"cam_R_m2c": [0.3619842529296875, 0.9074884653091431, 0.21314802765846252, 0.8415719270706177, -0.21980293095111847, -0.4933999478816986, -0.40090417861938477, 0.3579823970794678, -0.8432820439338684], "cam_t_m2c": [10.268610954284668, 7.063579559326172, 297.5423278808594], "obj_id": 0}, {"cam_R_m2c": [0.3619842529296875, 0.9074884653091431, 0.21314802765846252, 0.8415719270706177, -0.21980293095111847, -0.4933999478816986, -0.40090417861938477, 0.3579823970794678, -0.8432820439338684], "cam_t_m2c": [10.268610954284668, 7.063579559326172, 297.5423278808594], "obj_id": 2}, {"cam_R_m2c": [0.3619842529296875, 0.9074884653091431, 0.21314802765846252, 0.8415719270706177, -0.21980293095111847, -0.4933999478816986, -0.40090417861938477, 0.3579823970794678, -0.8432820439338684], "cam_t_m2c": [10.268610954284668, 7.063579559326172, 297.5423278808594], "obj_id": 0}, {"cam_R_m2c": [0.3619842529296875, 0.9074884653091431, 0.21314802765846252, 0.8415719270706177, -0.21980293095111847, -0.4933999478816986, -0.40090417861938477, 0.3579823970794678, -0.8432820439338684], "cam_t_m2c": [10.268610954284668, 7.063579559326172, 297.5423278808594], "obj_id": 3}, {"cam_R_m2c": [0.3619842529296875, 0.9074884653091431, 0.21314802765846252, 0.8415719270706177, -0.21980293095111847, -0.4933999478816986, -0.40090417861938477, 0.3579823970794678, -0.8432820439338684], "cam_t_m2c": [10.268610954284668, 7.063579559326172, 297.5423278808594], "obj_id": 3}, {"cam_R_m2c": [0.3619842529296875, 0.9074884653091431, 0.21314802765846252, 0.8415719270706177, -0.21980293095111847, -0.4933999478816986, -0.40090417861938477, 0.3579823970794678, -0.8432820439338684], "cam_t_m2c": [10.268610954284668, 7.063579559326172, 297.5423278808594], "obj_id": 1}, {"cam_R_m2c": [0.3619842529296875, 0.9074884653091431, 0.21314802765846252, 0.8415719270706177, -0.21980293095111847, -0.4933999478816986, -0.40090417861938477, 0.3579823970794678, -0.8432820439338684], "cam_t_m2c": [10.268610954284668, 7.063579559326172, 297.5423278808594], "obj_id": 2}, {"cam_R_m2c": [0.3619842529296875, 0.9074884653091431, 0.21314802765846252, 0.8415719270706177, -0.21980293095111847, -0.4933999478816986, -0.40090417861938477, 0.3579823970794678, -0.8432820439338684], "cam_t_m2c": [10.268610954284668, 7.063579559326172, 297.5423278808594], "obj_id": 0}, {"cam_R_m2c": [0.3619842529296875, 0.9074884653091431, 0.21314802765846252, 0.8415719270706177, -0.21980293095111847, -0.4933999478816986, -0.40090417861938477, 0.3579823970794678, -0.8432820439338684], "cam_t_m2c": [10.268610954284668, 7.063579559326172, 297.5423278808594], "obj_id": 2}, {"cam_R_m2c": [0.3619842529296875, 0.9074884653091431, 0.21314802765846252, 0.8415719270706177, -0.21980293095111847, -0.4933999478816986, -0.40090417861938477, 0.3579823970794678, -0.8432820439338684], "cam_t_m2c": [10.268610954284668, 7.063579559326172, 297.5423278808594], "obj_id": 1}, {"cam_R_m2c": [0.3619842529296875, 0.9074884653091431, 0.21314802765846252, 0.8415719270706177, -0.21980293095111847, -0.4933999478816986, -0.40090417861938477, 0.3579823970794678, -0.8432820439338684], "cam_t_m2c": [10.268610954284668, 7.063579559326172, 297.5423278808594], "obj_id": 2}, {"cam_R_m2c": [-0.6809074878692627, 0.18983066082000732, -0.7073395252227783, 0.49693790078163147, 0.8292192220687866, -0.2558283805847168, 0.5379754900932312, -0.5256993174552917, -0.6589556336402893], "cam_t_m2c": [-30.669544219970703, 120.8817367553711, 179.15420532226562], "obj_id": 1}, {"cam_R_m2c": [0.052337512373924255, 0.9743368625640869, -0.218925341963768, -0.9818828701972961, 0.09018760174512863, 0.1666494905948639, 0.18211708962917328, 0.2062370628118515, 0.9614050388336182], "cam_t_m2c": [114.63557434082031, 65.18567657470703, 242.6925506591797], "obj_id": 3}, {"cam_R_m2c": [0.025591358542442322, -0.9230796694755554, 0.38375669717788696, -0.5280088782310486, -0.3384479284286499, -0.778883695602417, 0.8488532304763794, -0.1826941817998886, -0.4960556626319885], "cam_t_m2c": [-299.5322570800781, -99.53123474121094, 215.1735382080078], "obj_id": 1}, {"cam_R_m2c": [0.3602844178676605, 0.7158830165863037, 0.5980857014656067, 0.9315851926803589, -0.24284067749977112, -0.27051299810409546, -0.04841609299182892, 0.6546294093132019, -0.7543976902961731], "cam_t_m2c": [178.9439697265625, 87.93305206298828, 265.3603210449219], "obj_id": 3}, {"cam_R_m2c": [-0.21886973083019257, 0.19220687448978424, 0.9566359519958496, -0.08062583953142166, -0.9806165099143982, 0.17857858538627625, 0.9724172353744507, -0.03804411366581917, 0.230124369263649], "cam_t_m2c": [278.6458435058594, 270.3695983886719, 169.44110107421875], "obj_id": 0}, {"cam_R_m2c": [0.36137428879737854, -0.21222102642059326, 0.9079487323760986, -0.9317816495895386, -0.046144064515829086, 0.3600744903087616, -0.034518927335739136, -0.9761316180229187, -0.2144189327955246], "cam_t_m2c": [-1730.609375, 3961.45654296875, 7000.17822265625], "obj_id": 1}, {"cam_R_m2c": [-0.38592156767845154, -0.12241557985544205, -0.9143733978271484, 0.19773778319358826, 0.9571444988250732, -0.2115991860628128, 0.9010905027389526, -0.2624669075012207, -0.3451765179634094], "cam_t_m2c": [-55.867549896240234, -46.10717010498047, 323.203125], "obj_id": 2}, {"cam_R_m2c": [0.21767425537109375, -0.4340933859348297, -0.8741743564605713, -0.4808931052684784, -0.8270909190177917, 0.2909679114818573, -0.8493289947509766, 0.3570482134819031, -0.3887888789176941], "cam_t_m2c": [-114.28340148925781, -235.1558074951172, 416.28961181640625], "obj_id": 0}]
}