{
  "0": [{"cam_R_m2c": [-0.9694952964782715, 0.23461280763149261, 0.07096052914857864, -0.009187787771224976, 0.25451749563217163, -0.9670244455337524, -0.24493703246116638, -0.938177764415741, -0.24459785223007202], "cam_t_m2c": [-190.18731689453125, -66.79785919189453, 990.53125], "obj_id": 0}, {"cam_R_m2c": [-0.9694952964782715, 0.23461280763149261, 0.07096052914857864, -0.009187787771224976, 0.25451749563217163, -0.9670244455337524, -0.24493703246116638, -0.938177764415741, -0.24459785223007202], "cam_t_m2c": [-190.18731689453125, -66.79785919189453, 990.53125], "obj_id": 2}, {"cam_R_m2c": [-0.9694952964782715, 0.23461280763149261, 0.07096052914857864, -0.009187787771224976, 0.25451749563217163, -0.9670244455337524, -0.24493703246116638, -0.938177764415741, -0.24459785223007202], "cam_t_m2c": [-190.18731689453125, -66.79785919189453, 990.53125], "obj_id": 2}, {"cam_R_m2c": [-0.9694952964782715, 0.23461280763149261, 0.07096052914857864, -0.009187787771224976, 0.25451749563217163, -0.9670244455337524, -0.24493703246116638, -0.938177764415741, -0.24459785223007202], "cam_t_m2c": [-190.18731689453125, -66.79785919189453, 990.53125], "obj_id": 3}, {"cam_R_m2c": [-0.9694952964782715, 0.23461280763149261, 0.07096052914857864, -0.009187787771224976, 0.25451749563217163, -0.9670244455337524, -0.24493703246116638, -0.938177764415741, -0.24459785223007202], "cam_t_m2c": [-190.18731689453125, -66.79785919189453, 990.53125], "obj_id": 2}, {"cam_R_m2c": [-0.9694952964782715, 0.23461280763149261, 0.07096052914857864, -0.009187787771224976, 0.25451749563217163, -0.9670244455337524, -0.24493703246116638, -0.938177764415741, -0.24459785223007202], "cam_t_m2c": [-190.18731689453125, -66.79785919189453, 990.53125], "obj_id": 3}, {"cam_R_m2c": [-0.9694952964782715, 0.23461280763149261, 0.07096052914857864, -0.009187787771224976, 0.25451749563217163, -0.9670244455337524, -0.24493703246116638, -0.938177764415741, -0.24459785223007202], "cam_t_m2c": [-190.18731689453125, -66.79785919189453, 990.53125], "obj_id": 0}, {"cam_R_m2c": [-0.9694952964782715, 0.23461280763149261, 0.07096052914857864, -0.009187787771224976, 0.25451749563217163, -0.9670244455337524, -0.24493703246116638, -0.938177764415741, -0.24459785223007202], "cam_t_m2c": [-190.18731689453125, -66.79785919189453, 990.53125], "obj_id": 1}, {"cam_R_m2c": [-0.9694952964782715, 0.23461280763149261, 0.07096052914857864, -0.009187787771224976, 0.25451749563217163, -0.9670244455337524, -0.24493703246116638, -0.938177764415741, -0.24459785223007202], "cam_t_m2c": [-190.18731689453125, -66.79785919189453, 990.53125], "obj_id": 0}, {"cam_R_m2c": [-0.9694952964782715, 0.23461280763149261, 0.07096052914857864, -0.009187787771224976, 0.25451749563217163, -0.9670244455337524, -0.24493703246116638, -0.938177764415741, -0.24459785223007202], "cam_t_m2c": [-190.18731689453125, -66.79785919189453, 990.53125], "obj_id": 1}, {"cam_R_m2c": [-0.9694952964782715, 0.23461280763149261, 0.07096052914857864, -0.009187787771224976, 0.25451749563217163, -0.9670244455337524, -0.24493703246116638, -0.938177764415741, -0.24459785223007202], "cam_t_m2c": [-190.18731689453125, -66.79785919189453, 990.53125], "obj_id": 3}, {"cam_R_m2c": [-0.9694952964782715, 0.23461280763149261, 0.07096052914857864, -0.009187787771224976, 0.25451749563217163, -0.9670244455337524, -0.24493703246116638, -0.938177764415741, -0.24459785223007202], "cam_t_m2c": [-190.18731689453125, -66.79785919189453, 990.53125], "obj_id": 1}, {"cam_R_m2c": [-0.2151983380317688, -0.8763140439987183, -0.4310024380683899, 0.876411497592926, 0.021393584087491035, -0.4810872972011566, 0.4308042526245117, -0.48126477003097534, 0.7634080648422241], "cam_t_m2c": [-395.5729064941406, -44.91058349609375, 815.2701416015625], "obj_id": 1}, {"cam_R_m2c": [-0.050095271319150925, -0.9725489616394043, 0.22724223136901855, 0.8762269020080566, -0.15198573470115662, -0.45730382204055786, 0.47928792238235474, 0.17620699107646942, 0.8597872853279114], "cam_t_m2c": [-118.2419662475586, -65.2131576538086, 975.9620361328125], "obj_id": 3}, {"cam_R_m2c": [-0.0033291459549218416, -0.3846420347690582, -0.9230597615242004, -0.9991466999053955, 0.03927887603640556, -0.012764014303684235, 0.041166290640830994, 0.9222297072410583, -0.38444459438323975], "cam_t_m2c": [-409.4410095214844, -38.16075134277344, 682.4450073242188], "obj_id": 4}],
  "1": [{"cam_R_m2c": [-0.9694952964782715, 0.23461280763149261, 0.07096052914857864, -0.009187787771224976, 0.25451749563217163, -0.9670244455337524, -0.24493703246116638, -0.938177764415741, -0.24459785223007202], "cam_t_m2c": [-190.18731689453125, -66.79785919189453, 990.53125], "obj_id": 0}, {"cam_R_m2c": [-0.9694952964782715, 0.23461280763149261, 0.07096052914857864, -0.009187787771224976, 0.25451749563217163, -0.9670244455337524, -0.24493703246116638, -0.938177764415741, -0.24459785223007202], "cam_t_m2c": [-190.18731689453125, -66.79785919189453, 990.53125], "obj_id": 2}, {"cam_R_m2c": [-0.9694952964782715, 0.23461280763149261, 0.07096052914857864, -0.009187787771224976, 0.25451749563217163, -0.9670244455337524, -0.24493703246116638, -0.938177764415741, -0.24459785223007202], "cam_t_m2c": [-190.18731689453125, -66.79785919189453, 990.53125], "obj_id": 2}, {"cam_R_m2c": [-0.9694952964782715, 0.23461280763149261, 0.07096052914857864, -0.009187787771224976, 0.25451749563217163, -0.9670244455337524, -0.24493703246116638, -0.938177764415741, -0.24459785223007202], "cam_t_m2c": [-190.18731689453125, -66.79785919189453, 990.53125], "obj_id": 3}, {"cam_R_m2c": [-0.9694952964782715, 0.23461280763149261, 0.07096052914857864, -0.009187787771224976, 0.25451749563217163, -0.9670244455337524, -0.24493703246116638, -0.938177764415741, -0.24459785223007202], "cam_t_m2c": [-190.18731689453125, -66.79785919189453, 990.53125], "obj_id": 2}, {"cam_R_m2c": [-0.9694952964782715, 0.23461280763149261, 0.07096052914857864, -0.009187787771224976, 0.25451749563217163, -0.9670244455337524, -0.24493703246116638, -0.938177764415741, -0.24459785223007202], "cam_t_m2c": [-190.18731689453125, -66.79785919189453, 990.53125], "obj_id": 3}, {"cam_R_m2c": [-0.9694952964782715, 0.23461280763149261, 0.07096052914857864, -0.009187787771224976, 0.25451749563217163, -0.9670244455337524, -0.24493703246116638, -0.938177764415741, -0.24459785223007202], "cam_t_m2c": [-190.18731689453125, -66.79785919189453, 990.53125], "obj_id": 0}, {"cam_R_m2c": [-0.9694952964782715, 0.23461280763149261, 0.07096052914857864, -0.009187787771224976, 0.25451749563217163, -0.9670244455337524, -0.24493703246116638, -0.938177764415741, -0.24459785223007202], "cam_t_m2c": [-190.18731689453125, -66.79785919189453, 990.53125], "obj_id": 1}, {"cam_R_m2c": [-0.9694952964782715, 0.23461280763149261, 0.07096052914857864, -0.009187787771224976, 0.25451749563217163, -0.9670244455337524, -0.24493703246116638, -0.938177764415741, -0.24459785223007202], "cam_t_m2c": [-190.18731689453125, -66.79785919189453, 990.53125], "obj_id": 0}, {"cam_R_m2c": [-0.9694952964782715, 0.23461280763149261, 0.07096052914857864, -0.009187787771224976, 0.25451749563217163, -0.9670244455337524, -0.24493703246116638, -0.938177764415741, -0.24459785223007202], "cam_t_m2c": [-190.18731689453125, -66.79785919189453, 990.53125], "obj_id": 1}, {"cam_R_m2c": [-0.9694952964782715, 0.23461280763149261, 0.07096052914857864, -0.009187787771224976, 0.25451749563217163, -0.9670244455337524, -0.24493703246116638, -0.938177764415741, -0.24459785223007202], "cam_t_m2c": [-190.18731689453125, -66.79785919189453, 990.53125], "obj_id": 3}, {"cam_R_m2c": [-0.9694952964782715, 0.23461280763149261, 0.07096052914857864, -0.009187787771224976, 0.25451749563217163, -0.9670244455337524, -0.24493703246116638, -0.938177764415741, -0.24459785223007202], "cam_t_m2c": [-190.18731689453125, -66.79785919189453, 990.53125], "obj_id": 1}, {"cam_R_m2c": [-0.2151983380317688, -0.8763140439987183, -0.4310024380683899, 0.876411497592926, 0.021393584087491035, -0.4810872972011566, 0.4308042526245117, -0.48126477003097534, 0.7634080648422241], "cam_t_m2c": [-395.5729064941406, -44.91058349609375, 815.2701416015625], "obj_id": 1}, {"cam_R_m2c": [-0.050095271319150925, -0.9725489616394043, 0.22724223136901855, 0.8762269020080566, -0.15198573470115662, -0.45730382204055786, 0.47928792238235474, 0.17620699107646942, 0.8597872853279114], "cam_t_m2c": [-118.2419662475586, -65.2131576538086, 975.9620361328125], "obj_id": 3}, {"cam_R_m2c": [-0.0033291459549218416, -0.3846420347690582, -0.9230597615242004, -0.9991466999053955, 0.03927887603640556, -0.012764014303684235, 0.041166290640830994, 0.9222297072410583, -0.38444459438323975], "cam_t_m2c": [-409.4410095214844, -38.16075134277344, 682.4450073242188], "obj_id": 4}],
  "2": [{"cam_R_m2c": [-0.9716334342956543, -0.17582298815250397, 0.15816056728363037, -0.2355765402317047, 0.6607872247695923, -0.7126457691192627, 0.02078903466463089, -0.729689359664917, -0.6834626793861389], "cam_t_m2c": [-92.49967956542969, -180.4350128173828, 969.9151000976562], "obj_id": 0}, {"cam_R_m2c": [-0.9716334342956543, -0.17582298815250397, 0.15816056728363037, -0.2355765402317047, 0.6607872247695923, -0.7126457691192627, 0.02078903466463089, -0.729689359664917, -0.6834626793861389], "cam_t_m2c": [-92.49967956542969, -180.4350128173828, 969.9151000976562], "obj_id": 2}, {"cam_R_m2c": [-0.9716334342956543, -0.17582298815250397, 0.15816056728363037, -0.2355765402317047, 0.6607872247695923, -0.7126457691192627, 0.02078903466463089, -0.729689359664917, -0.6834626793861389], "cam_t_m2c": [-92.49967956542969, -180.4350128173828, 969.9151000976562], "obj_id": 2}, {"cam_R_m2c": [-0.9716334342956543, -0.17582298815250397, 0.15816056728363037, -0.2355765402317047, 0.6607872247695923, -0.7126457691192627, 0.02078903466463089, -0.729689359664917, -0.6834626793861389], "cam_t_m2c": [-92.49967956542969, -180.4350128173828, 969.9151000976562], "obj_id": 3}, {"cam_R_m2c": [-0.9716334342956543, -0.17582298815250397, 0.15816056728363037, -0.2355765402317047, 0.6607872247695923, -0.7126457691192627, 0.02078903466463089, -0.729689359664917, -0.6834626793861389], "cam_t_m2c": [-92.49967956542969, -180.4350128173828, 969.9151000976562], "obj_id": 2}, {"cam_R_m2c": [-0.9716334342956543, -0.17582298815250397, 0.15816056728363037, -0.2355765402317047, 0.6607872247695923, -0.7126457691192627, 0.02078903466463089, -0.729689359664917, -0.6834626793861389], "cam_t_m2c": [-92.49967956542969, -180.4350128173828, 969.9151000976562], "obj_id": 3}, {"cam_R_m2c": [-0.9716334342956543, -0.17582298815250397, 0.15816056728363037, -0.2355765402317047, 0.6607872247695923, -0.7126457691192627, 0.02078903466463089, -0.729689359664917, -0.6834626793861389], "cam_t_m2c": [-92.49967956542969, -180.4350128173828, 969.9151000976562], "obj_id": 0}, {"cam_R_m2c": [-0.9716334342956543, -0.17582298815250397, 0.15816056728363037, -0.2355765402317047, 0.6607872247695923, -0.7126457691192627, 0.02078903466463089, -0.729689359664917, -0.6834626793861389], "cam_t_m2c": [-92.49967956542969, -180.4350128173828, 969.9151000976562], "obj_id": 1}, {"cam_R_m2c": [-0.9716334342956543, -0.17582298815250397, 0.15816056728363037, -0.2355765402317047, 0.6607872247695923, -0.7126457691192627, 0.02078903466463089, -0.729689359664917, -0.6834626793861389], "cam_t_m2c": [-92.49967956542969, -180.4350128173828, 969.9151000976562], "obj_id": 0}, {"cam_R_m2c": [-0.9716334342956543, -0.17582298815250397, 0.15816056728363037, -0.2355765402317047, 0.6607872247695923, -0.7126457691192627, 0.02078903466463089, -0.729689359664917, -0.6834626793861389], "cam_t_m2c": [-92.49967956542969, -180.4350128173828, 969.9151000976562], "obj_id": 1}, {"cam_R_m2c": [-0.9716334342956543, -0.17582298815250397, 0.15816056728363037, -0.2355765402317047, 0.6607872247695923, -0.7126457691192627, 0.02078903466463089, -0.729689359664917, -0.6834626793861389], "cam_t_m2c": [-92.49967956542969, -180.4350128173828, 969.9151000976562], "obj_id": 3}, {"cam_R_m2c": [-0.9716334342956543, -0.17582298815250397, 0.15816056728363037, -0.2355765402317047, 0.6607872247695923, -0.7126457691192627, 0.02078903466463089, -0.729689359664917, -0.6834626793861389], "cam_t_m2c": [-92.49967956542969, -180.4350128173828, 969.9151000976562], "obj_id": 1}, {"cam_R_m2c": [-0.20476897060871124, -0.9785119295120239, -0.024169836193323135, 0.5145214796066284, -0.08659978210926056, -0.8530933260917664, 0.8326688408851624, -0.1871229112148285, 0.5211982727050781], "cam_t_m2c": [-347.7762145996094, -161.99783325195312, 881.1866455078125], "obj_id": 1}, {"cam_R_m2c": [-0.036505114287137985, -0.7940579056739807, 0.6067448854446411, 0.5505092740058899, -0.5226980447769165, -0.6509426236152649, 0.8340305089950562, 0.3102559447288513, 0.4562174081802368], "cam_t_m2c": [-32.49396514892578, -149.4742431640625, 941.0767211914062], "obj_id": 3}, {"cam_R_m2c": [0.20056600868701935, -0.022267146036028862, -0.9794270396232605, -0.8758363127708435, -0.4520220160484314, -0.1690760999917984, -0.4389578402042389, 0.8917287588119507, -0.11016257852315903], "cam_t_m2c": [-410.08001708984375, -109.28654479980469, 775.261474609375], "obj_id": 4}],
  "3": [{"cam_R_m2c": [-0.9716334342956543, -0.17582298815250397, 0.15816056728363037, -0.2355765402317047, 0.6607872247695923, -0.7126457691192627, 0.02078903466463089, -0.729689359664917, -0.6834626793861389], "cam_t_m2c": [-92.49967956542969, -180.4350128173828, 969.9151000976562], "obj_id": 0}, {"cam_R_m2c": [-0.9716334342956543, -0.17582298815250397, 0.15816056728363037, -0.2355765402317047, 0.6607872247695923, -0.7126457691192627, 0.02078903466463089, -0.729689359664917, -0.6834626793861389], "cam_t_m2c": [-92.49967956542969, -180.4350128173828, 969.9151000976562], "obj_id": 2}, {"cam_R_m2c": [-0.9716334342956543, -0.17582298815250397, 0.15816056728363037, -0.2355765402317047, 0.6607872247695923, -0.7126457691192627, 0.02078903466463089, -0.729689359664917, -0.6834626793861389], "cam_t_m2c": [-92.49967956542969, -180.4350128173828, 969.9151000976562], "obj_id": 2}, {"cam_R_m2c": [-0.9716334342956543, -0.17582298815250397, 0.15816056728363037, -0.2355765402317047, 0.6607872247695923, -0.7126457691192627, 0.02078903466463089, -0.729689359664917, -0.6834626793861389], "cam_t_m2c": [-92.49967956542969, -180.4350128173828, 969.9151000976562], "obj_id": 3}, {"cam_R_m2c": [-0.9716334342956543, -0.17582298815250397, 0.15816056728363037, -0.2355765402317047, 0.6607872247695923, -0.7126457691192627, 0.02078903466463089, -0.729689359664917, -0.6834626793861389], "cam_t_m2c": [-92.49967956542969, -180.4350128173828, 969.9151000976562], "obj_id": 2}, {"cam_R_m2c": [-0.9716334342956543, -0.17582298815250397, 0.15816056728363037, -0.2355765402317047, 0.6607872247695923, -0.7126457691192627, 0.02078903466463089, -0.729689359664917, -0.6834626793861389], "cam_t_m2c": [-92.49967956542969, -180.4350128173828, 969.9151000976562], "obj_id": 3}, {"cam_R_m2c": [-0.9716334342956543, -0.17582298815250397, 0.15816056728363037, -0.2355765402317047, 0.6607872247695923, -0.7126457691192627, 0.02078903466463089, -0.729689359664917, -0.6834626793861389], "cam_t_m2c": [-92.49967956542969, -180.4350128173828, 969.9151000976562], "obj_id": 0}, {"cam_R_m2c": [-0.9716334342956543, -0.17582298815250397, 0.15816056728363037, -0.2355765402317047, 0.6607872247695923, -0.7126457691192627, 0.02078903466463089, -0.729689359664917, -0.6834626793861389], "cam_t_m2c": [-92.49967956542969, -180.4350128173828, 969.9151000976562], "obj_id": 1}, {"cam_R_m2c": [-0.9716334342956543, -0.17582298815250397, 0.15816056728363037, -0.2355765402317047, 0.6607872247695923, -0.7126457691192627, 0.02078903466463089, -0.729689359664917, -0.6834626793861389], "cam_t_m2c": [-92.49967956542969, -180.4350128173828, 969.9151000976562], "obj_id": 0}, {"cam_R_m2c": [-0.9716334342956543, -0.17582298815250397, 0.15816056728363037, -0.2355765402317047, 0.6607872247695923, -0.7126457691192627, 0.02078903466463089, -0.729689359664917, -0.6834626793861389], "cam_t_m2c": [-92.49967956542969, -180.4350128173828, 969.9151000976562], "obj_id": 1}, {"cam_R_m2c": [-0.9716334342956543, -0.17582298815250397, 0.15816056728363037, -0.2355765402317047, 0.6607872247695923, -0.7126457691192627, 0.02078903466463089, -0.729689359664917, -0.6834626793861389], "cam_t_m2c": [-92.49967956542969, -180.4350128173828, 969.9151000976562], "obj_id": 3}, {"cam_R_m2c": [-0.9716334342956543, -0.17582298815250397, 0.15816056728363037, -0.2355765402317047, 0.6607872247695923, -0.7126457691192627, 0.02078903466463089, -0.729689359664917, -0.6834626793861389], "cam_t_m2c": [-92.49967956542969, -180.4350128173828, 969.9151000976562], "obj_id": 1}, {"cam_R_m2c": [-0.20476897060871124, -0.9785119295120239, -0.024169836193323135, 0.5145214796066284, -0.08659978210926056, -0.8530933260917664, 0.8326688408851624, -0.1871229112148285, 0.5211982727050781], "cam_t_m2c": [-347.7762145996094, -161.99783325195312, 881.1866455078125], "obj_id": 1}, {"cam_R_m2c": [-0.036505114287137985, -0.7940579056739807, 0.6067448854446411, 0.5505092740058899, -0.5226980447769165, -0.6509426236152649, 0.8340305089950562, 0.3102559447288513, 0.4562174081802368], "cam_t_m2c": [-32.49396514892578, -149.4742431640625, 941.0767211914062], "obj_id": 3}, {"cam_R_m2c": [0.20056600868701935, -0.022267146036028862, -0.9794270396232605, -0.8758363127708435, -0.4520220160484314, -0.1690760999917984, -0.4389578402042389, 0.8917287588119507, -0.11016257852315903], "cam_t_m2c": [-410.08001708984375, -109.28654479980469, 775.261474609375], "obj_id": 4}],
  "4": [{"cam_R_m2c": [0.5772859454154968, 0.808040976524353, -0.11751876771450043, 0.1820148378610611, -0.26764386892318726, -0.9461697340011597, -0.795997142791748, 0.5248202681541443, -0.3015824556350708], "cam_t_m2c": [-99.87161254882812, 74.34660339355469, 532.83056640625], "obj_id": 0}, {"cam_R_m2c": [0.5772859454154968, 0.808040976524353, -0.11751876771450043, 0.1820148378610611, -0.26764386892318726, -0.9461697340011597, -0.795997142791748, 0.5248202681541443, -0.3015824556350708], "cam_t_m2c": [-99.87161254882812, 74.34660339355469, 532.83056640625], "obj_id": 2}, {"cam_R_m2c": [0.5772859454154968, 0.808040976524353, -0.11751876771450043, 0.1820148378610611, -0.26764386892318726, -0.9461697340011597, -0.795997142791748, 0.5248202681541443, -0.3015824556350708], "cam_t_m2c": [-99.87161254882812, 74.34660339355469, 532.83056640625], "obj_id": 2}, {"cam_R_m2c": [0.5772859454154968, 0.808040976524353, -0.11751876771450043, 0.1820148378610611, -0.26764386892318726, -0.9461697340011597, -0.795997142791748, 0.5248202681541443, -0.3015824556350708], "cam_t_m2c": [-99.87161254882812, 74.34660339355469, 532.83056640625], "obj_id": 3}, {"cam_R_m2c": [0.5772859454154968, 0.808040976524353, -0.11751876771450043, 0.1820148378610611, -0.26764386892318726, -0.9461697340011597, -0.795997142791748, 0.5248202681541443, -0.3015824556350708], "cam_t_m2c": [-99.87161254882812, 74.34660339355469, 532.83056640625], "obj_id": 2}, {"cam_R_m2c": [0.5772859454154968, 0.808040976524353, -0.11751876771450043, 0.1820148378610611, -0.26764386892318726, -0.9461697340011597, -0.795997142791748, 0.5248202681541443, -0.3015824556350708], "cam_t_m2c": [-99.87161254882812, 74.34660339355469, 532.83056640625], "obj_id": 3}, {"cam_R_m2c": [0.5772859454154968, 0.808040976524353, -0.11751876771450043, 0.1820148378610611, -0.26764386892318726, -0.9461697340011597, -0.795997142791748, 0.5248202681541443, -0.3015824556350708], "cam_t_m2c": [-99.87161254882812, 74.34660339355469, 532.83056640625], "obj_id": 0}, {"cam_R_m2c": [0.5772859454154968, 0.808040976524353, -0.11751876771450043, 0.1820148378610611, -0.26764386892318726, -0.9461697340011597, -0.795997142791748, 0.5248202681541443, -0.3015824556350708], "cam_t_m2c": [-99.87161254882812, 74.34660339355469, 532.83056640625], "obj_id": 1}, {"cam_R_m2c": [0.5772859454154968, 0.808040976524353, -0.11751876771450043, 0.1820148378610611, -0.26764386892318726, -0.9461697340011597, -0.795997142791748, 0.5248202681541443, -0.3015824556350708], "cam_t_m2c": [-99.87161254882812, 74.34660339355469, 532.83056640625], "obj_id": 0}, {"cam_R_m2c": [0.5772859454154968, 0.808040976524353, -0.11751876771450043, 0.1820148378610611, -0.26764386892318726, -0.9461697340011597, -0.795997142791748, 0.5248202681541443, -0.3015824556350708], "cam_t_m2c": [-99.87161254882812, 74.34660339355469, 532.83056640625], "obj_id": 1}, {"cam_R_m2c": [0.5772859454154968, 0.808040976524353, -0.11751876771450043, 0.1820148378610611, -0.26764386892318726, -0.9461697340011597, -0.795997142791748, 0.5248202681541443, -0.3015824556350708], "cam_t_m2c": [-99.87161254882812, 74.34660339355469, 532.83056640625], "obj_id": 3}, {"cam_R_m2c": [0.5772859454154968, 0.808040976524353, -0.11751876771450043, 0.1820148378610611, -0.26764386892318726, -0.9461697340011597, -0.795997142791748, 0.5248202681541443, -0.3015824556350708], "cam_t_m2c": [-99.87161254882812, 74.34660339355469, 532.83056640625], "obj_id": 1}, {"cam_R_m2c": [-0.018485955893993378, 0.7574051022529602, -0.6526834964752197, 0.9953281879425049, 0.07581230252981186, 0.059785470366477966, 0.09476324915885925, -0.6485291123390198, -0.7552680373191833], "cam_t_m2c": [137.3336944580078, 79.0195083618164, 402.0996398925781], "obj_id": 1}, {"cam_R_m2c": [-0.12324197590351105, 0.16689588129520416, -0.9782418608665466, 0.9658183455467224, 0.24669955670833588, -0.07958795875310898, 0.2280488908290863, -0.9546124935150146, -0.19159480929374695], "cam_t_m2c": [-113.9148941040039, 47.26164245605469, 599.614501953125], "obj_id": 3}, {"cam_R_m2c": [-0.34831732511520386, -0.6451255679130554, 0.6800646781921387, -0.8254072070121765, 0.5549377799034119, 0.10366787761449814, -0.44427236914634705, -0.5252209901809692, -0.7257856726646423], "cam_t_m2c": [260.3575439453125, 30.803133010864258, 422.6109619140625], "obj_id": 4}]
}