{
  "0": [{"cam_R_m2c": [0.10432793200016022, -0.16079607605934143, -0.9814581871032715, -0.911384105682373, -0.4104887545108795, -0.02962709404528141, -0.3981137275695801, 0.8975763916969299, -0.18937234580516815], "cam_t_m2c": [-46.555694580078125, 189.0165557861328, 288.36090087890625], "obj_id": 0}, {"cam_R_m2c": [-0.15132972598075867, 0.32201114296913147, -0.9345628619194031, 0.7261380553245544, 0.6777050495147705, 0.11592815071344376, 0.6706880927085876, -0.6610783338546753, -0.3363814353942871], "cam_t_m2c": [-664.3875732421875, 90.07240295410156, 259.54833984375], "obj_id": 2}, {"cam_R_m2c": [0.9013106822967529, -0.062417808920145035, -0.4286526143550873, 0.37995830178260803, -0.36128416657447815, 0.8515311479568481, -0.20801614224910736, -0.9303642511367798, -0.3019131124019623], "cam_t_m2c": [-258.5830993652344, 61.99995422363281, 336.43365478515625], "obj_id": 3}, {"cam_R_m2c": [0.21127936244010925, -0.367681086063385, -0.905633270740509, 0.8069323897361755, 0.5884671211242676, -0.05066077783703804, 0.5515624284744263, -0.7200812697410583, 0.42102473974227905], "cam_t_m2c": [-205.6060028076172, 35.26696014404297, 425.9817810058594], "obj_id": 1}, {"cam_R_m2c": [0.8172034621238708, -0.5155640840530396, 0.25762805342674255, 0.4886694848537445, 0.8568079471588135, 0.1645667999982834, -0.3055824935436249, -0.008589595556259155, 0.9521268606185913], "cam_t_m2c": [-149.4015655517578, 23.595836639404297, 472.193603515625], "obj_id": 1}, {"cam_R_m2c": [0.15649768710136414, 0.1397884637117386, -0.9777359366416931, 0.41585156321525574, 0.8885858654975891, 0.1936042606830597, 0.8958659768104553, -0.4368916451931, 0.08093037456274033], "cam_t_m2c": [3.649038314819336, 103.36002349853516, 362.61456298828125], "obj_id": 1}, {"cam_R_m2c": [-0.8860026001930237, 0.1561940759420395, 0.4365803599357605, 0.2925841212272644, -0.5421113967895508, 0.7877242565155029, 0.3597131371498108, 0.82566237449646, 0.434612512588501], "cam_t_m2c": [149.6509246826172, 133.01025390625, 337.0914306640625], "obj_id": 3}, {"cam_R_m2c": [0.33674150705337524, -0.06504813581705093, -0.9393475651741028, 0.3947329521179199, 0.9154695868492126, 0.07811098545789719, 0.8548631072044373, -0.3970946669578552, 0.33395326137542725], "cam_t_m2c": [-591.7728271484375, -16.796659469604492, 391.63604736328125], "obj_id": 2}],
  "1": [{"cam_R_m2c": [0.10432793200016022, -0.16079607605934143, -0.9814581871032715, -0.911384105682373, -0.4104887545108795, -0.02962709404528141, -0.3981137275695801, 0.8975763916969299, -0.18937234580516815], "cam_t_m2c": [-46.555694580078125, 189.0165557861328, 288.36090087890625], "obj_id": 0}, {"cam_R_m2c": [-0.15132972598075867, 0.32201114296913147, -0.9345628619194031, 0.7261380553245544, 0.6777050495147705, 0.11592815071344376, 0.6706880927085876, -0.6610783338546753, -0.3363814353942871], "cam_t_m2c": [-664.3875732421875, 90.07240295410156, 259.54833984375], "obj_id": 2}, {"cam_R_m2c": [0.9013106822967529, -0.062417808920145035, -0.4286526143550873, 0.37995830178260803, -0.36128416657447815, 0.8515311479568481, -0.20801614224910736, -0.9303642511367798, -0.3019131124019623], "cam_t_m2c": [-258.5830993652344, 61.99995422363281, 336.43365478515625], "obj_id": 3}, {"cam_R_m2c": [0.21127936244010925, -0.367681086063385, -0.905633270740509, 0.8069323897361755, 0.5884671211242676, -0.05066077783703804, 0.5515624284744263, -0.7200812697410583, 0.42102473974227905], "cam_t_m2c": [-205.6060028076172, 35.26696014404297, 425.9817810058594], "obj_id": 1}, {"cam_R_m2c": [0.8172034621238708, -0.5155640840530396, 0.25762805342674255, 0.4886694848537445, 0.8568079471588135, 0.1645667999982834, -0.3055824935436249, -0.008589595556259155, 0.9521268606185913], "cam_t_m2c": [-149.4015655517578, 23.595836639404297, 472.193603515625], "obj_id": 1}, {"cam_R_m2c": [0.15649768710136414, 0.1397884637117386, -0.9777359366416931, 0.41585156321525574, 0.8885858654975891, 0.1936042606830597, 0.8958659768104553, -0.4368916451931, 0.08093037456274033], "cam_t_m2c": [3.649038314819336, 103.36002349853516, 362.61456298828125], "obj_id": 1}, {"cam_R_m2c": [-0.8860026001930237, 0.1561940759420395, 0.4365803599357605, 0.2925841212272644, -0.5421113967895508, 0.7877242565155029, 0.3597131371498108, 0.82566237449646, 0.434612512588501], "cam_t_m2c": [149.6509246826172, 133.01025390625, 337.0914306640625], "obj_id": 3}, {"cam_R_m2c": [0.33674150705337524, -0.06504813581705093, -0.9393475651741028, 0.3947329521179199, 0.9154695868492126, 0.07811098545789719, 0.8548631072044373, -0.3970946669578552, 0.33395326137542725], "cam_t_m2c": [-591.7728271484375, -16.796659469604492, 391.63604736328125], "obj_id": 2}],
  "2": [{"cam_R_m2c": [0.10432793200016022, -0.16079607605934143, -0.9814581871032715, -0.911384105682373, -0.4104887545108795, -0.02962709404528141, -0.3981137275695801, 0.8975763916969299, -0.18937234580516815], "cam_t_m2c": [-46.555694580078125, 189.0165557861328, 288.36090087890625], "obj_id": 0}, {"cam_R_m2c": [-0.15132972598075867, 0.32201114296913147, -0.9345628619194031, 0.7261380553245544, 0.6777050495147705, 0.11592815071344376, 0.6706880927085876, -0.6610783338546753, -0.3363814353942871], "cam_t_m2c": [-664.3875732421875, 90.07240295410156, 259.54833984375], "obj_id": 2}, {"cam_R_m2c": [0.9013106822967529, -0.062417808920145035, -0.4286526143550873, 0.37995830178260803, -0.36128416657447815, 0.8515311479568481, -0.20801614224910736, -0.9303642511367798, -0.3019131124019623], "cam_t_m2c": [-258.5830993652344, 61.99995422363281, 336.43365478515625], "obj_id": 3}, {"cam_R_m2c": [0.21127936244010925, -0.367681086063385, -0.905633270740509, 0.8069323897361755, 0.5884671211242676, -0.05066077783703804, 0.5515624284744263, -0.7200812697410583, 0.42102473974227905], "cam_t_m2c": [-205.6060028076172, 35.26696014404297, 425.9817810058594], "obj_id": 1}, {"cam_R_m2c": [0.8172034621238708, -0.5155640840530396, 0.25762805342674255, 0.4886694848537445, 0.8568079471588135, 0.1645667999982834, -0.3055824935436249, -0.008589595556259155, 0.9521268606185913], "cam_t_m2c": [-149.4015655517578, 23.595836639404297, 472.193603515625], "obj_id": 1}, {"cam_R_m2c": [0.15649768710136414, 0.1397884637117386, -0.9777359366416931, 0.41585156321525574, 0.8885858654975891, 0.1936042606830597, 0.8958659768104553, -0.4368916451931, 0.08093037456274033], "cam_t_m2c": [3.649038314819336, 103.36002349853516, 362.61456298828125], "obj_id": 1}, {"cam_R_m2c": [-0.8860026001930237, 0.1561940759420395, 0.4365803599357605, 0.2925841212272644, -0.5421113967895508, 0.7877242565155029, 0.3597131371498108, 0.82566237449646, 0.434612512588501], "cam_t_m2c": [149.6509246826172, 133.01025390625, 337.0914306640625], "obj_id": 3}, {"cam_R_m2c": [0.33674150705337524, -0.06504813581705093, -0.9393475651741028, 0.3947329521179199, 0.9154695868492126, 0.07811098545789719, 0.8548631072044373, -0.3970946669578552, 0.33395326137542725], "cam_t_m2c": [-591.7728271484375, -16.796659469604492, 391.63604736328125], "obj_id": 2}],
  "3": [{"cam_R_m2c": [0.10432793200016022, -0.16079607605934143, -0.9814581871032715, -0.911384105682373, -0.4104887545108795, -0.02962709404528141, -0.3981137275695801, 0.8975763916969299, -0.18937234580516815], "cam_t_m2c": [-46.555694580078125, 189.0165557861328, 288.36090087890625], "obj_id": 0}, {"cam_R_m2c": [-0.15132972598075867, 0.32201114296913147, -0.9345628619194031, 0.7261380553245544, 0.6777050495147705, 0.11592815071344376, 0.6706880927085876, -0.6610783338546753, -0.3363814353942871], "cam_t_m2c": [-664.3875732421875, 90.07240295410156, 259.54833984375], "obj_id": 2}, {"cam_R_m2c": [0.9013106822967529, -0.062417808920145035, -0.4286526143550873, 0.37995830178260803, -0.36128416657447815, 0.8515311479568481, -0.20801614224910736, -0.9303642511367798, -0.3019131124019623], "cam_t_m2c": [-258.5830993652344, 61.99995422363281, 336.43365478515625], "obj_id": 3}, {"cam_R_m2c": [0.21127936244010925, -0.367681086063385, -0.905633270740509, 0.8069323897361755, 0.5884671211242676, -0.05066077783703804, 0.5515624284744263, -0.7200812697410583, 0.42102473974227905], "cam_t_m2c": [-205.6060028076172, 35.26696014404297, 425.9817810058594], "obj_id": 1}, {"cam_R_m2c": [0.8172034621238708, -0.5155640840530396, 0.25762805342674255, 0.4886694848537445, 0.8568079471588135, 0.1645667999982834, -0.3055824935436249, -0.008589595556259155, 0.9521268606185913], "cam_t_m2c": [-149.4015655517578, 23.595836639404297, 472.193603515625], "obj_id": 1}, {"cam_R_m2c": [0.15649768710136414, 0.1397884637117386, -0.9777359366416931, 0.41585156321525574, 0.8885858654975891, 0.1936042606830597, 0.8958659768104553, -0.4368916451931, 0.08093037456274033], "cam_t_m2c": [3.649038314819336, 103.36002349853516, 362.61456298828125], "obj_id": 1}, {"cam_R_m2c": [-0.8860026001930237, 0.1561940759420395, 0.4365803599357605, 0.2925841212272644, -0.5421113967895508, 0.7877242565155029, 0.3597131371498108, 0.82566237449646, 0.434612512588501], "cam_t_m2c": [149.6509246826172, 133.01025390625, 337.0914306640625], "obj_id": 3}, {"cam_R_m2c": [0.33674150705337524, -0.06504813581705093, -0.9393475651741028, 0.3947329521179199, 0.9154695868492126, 0.07811098545789719, 0.8548631072044373, -0.3970946669578552, 0.33395326137542725], "cam_t_m2c": [-591.7728271484375, -16.796659469604492, 391.63604736328125], "obj_id": 2}],
  "4": [{"cam_R_m2c": [0.10432793200016022, -0.16079607605934143, -0.9814581871032715, -0.911384105682373, -0.4104887545108795, -0.02962709404528141, -0.3981137275695801, 0.8975763916969299, -0.18937234580516815], "cam_t_m2c": [-46.555694580078125, 189.0165557861328, 288.36090087890625], "obj_id": 0}, {"cam_R_m2c": [-0.15132972598075867, 0.32201114296913147, -0.9345628619194031, 0.7261380553245544, 0.6777050495147705, 0.11592815071344376, 0.6706880927085876, -0.6610783338546753, -0.3363814353942871], "cam_t_m2c": [-664.3875732421875, 90.07240295410156, 259.54833984375], "obj_id": 2}, {"cam_R_m2c": [0.9013106822967529, -0.062417808920145035, -0.4286526143550873, 0.37995830178260803, -0.36128416657447815, 0.8515311479568481, -0.20801614224910736, -0.9303642511367798, -0.3019131124019623], "cam_t_m2c": [-258.5830993652344, 61.99995422363281, 336.43365478515625], "obj_id": 3}, {"cam_R_m2c": [0.21127936244010925, -0.367681086063385, -0.905633270740509, 0.8069323897361755, 0.5884671211242676, -0.05066077783703804, 0.5515624284744263, -0.7200812697410583, 0.42102473974227905], "cam_t_m2c": [-205.6060028076172, 35.26696014404297, 425.9817810058594], "obj_id": 1}, {"cam_R_m2c": [0.8172034621238708, -0.5155640840530396, 0.25762805342674255, 0.4886694848537445, 0.8568079471588135, 0.1645667999982834, -0.3055824935436249, -0.008589595556259155, 0.9521268606185913], "cam_t_m2c": [-149.4015655517578, 23.595836639404297, 472.193603515625], "obj_id": 1}, {"cam_R_m2c": [0.15649768710136414, 0.1397884637117386, -0.9777359366416931, 0.41585156321525574, 0.8885858654975891, 0.1936042606830597, 0.8958659768104553, -0.4368916451931, 0.08093037456274033], "cam_t_m2c": [3.649038314819336, 103.36002349853516, 362.61456298828125], "obj_id": 1}, {"cam_R_m2c": [-0.8860026001930237, 0.1561940759420395, 0.4365803599357605, 0.2925841212272644, -0.5421113967895508, 0.7877242565155029, 0.3597131371498108, 0.82566237449646, 0.434612512588501], "cam_t_m2c": [149.6509246826172, 133.01025390625, 337.0914306640625], "obj_id": 3}, {"cam_R_m2c": [0.33674150705337524, -0.06504813581705093, -0.9393475651741028, 0.3947329521179199, 0.9154695868492126, 0.07811098545789719, 0.8548631072044373, -0.3970946669578552, 0.33395326137542725], "cam_t_m2c": [-591.7728271484375, -16.796659469604492, 391.63604736328125], "obj_id": 2}]
}