{
  "0": [{"cam_R_m2c": [0.07850675284862518, 0.9686282277107239, 0.23578797280788422, 0.9688481688499451, -0.01840582862496376, -0.2469702959060669, -0.23488253355026245, 0.2478315830230713, -0.939898669719696], "cam_t_m2c": [-6.800449848175049, -99.25764465332031, 1105.0087890625], "obj_id": 2}, {"cam_R_m2c": [0.4343819320201874, -0.7885567545890808, 0.4353051483631134, 0.7652673125267029, 0.5779833793640137, 0.28337448835372925, -0.4750560224056244, 0.21003207564353943, 0.8545222878456116], "cam_t_m2c": [-14.347112655639648, -213.86012268066406, 669.2543334960938], "obj_id": 0}, {"cam_R_m2c": [-0.2735520899295807, 0.21113640069961548, -0.9383978247642517, -0.9615955352783203, -0.03728092089295387, 0.2719264626502991, 0.022429155185818672, 0.9767453074455261, 0.21322622895240784], "cam_t_m2c": [130.33062744140625, -157.58685302734375, 1052.4449462890625], "obj_id": 1}, {"cam_R_m2c": [0.07980211079120636, 0.4850301146507263, 0.8708486557006836, -0.9665580987930298, -0.1759474128484726, 0.18656878173351288, 0.2437150627374649, -0.8566144108772278, 0.4547688364982605], "cam_t_m2c": [120.9590835571289, -38.969703674316406, 924.5318603515625], "obj_id": 1}],
  "1": [{"cam_R_m2c": [0.033662933856248856, -0.9983883500099182, -0.045688264071941376, -0.19708390533924103, 0.03818536922335625, -0.9796426296234131, 0.9798084497451782, 0.041982002556324005, -0.19548079371452332], "cam_t_m2c": [-15.869671821594238, 71.38267517089844, 676.03466796875], "obj_id": 2}, {"cam_R_m2c": [-0.275051474571228, 0.7603816390037537, -0.5883592367172241, -0.5164035558700562, 0.3993518352508545, 0.7575259208679199, 0.8109711408615112, 0.5121893882751465, 0.2828214168548584], "cam_t_m2c": [76.87895202636719, -358.4051513671875, 576.802490234375], "obj_id": 0}, {"cam_R_m2c": [0.20212094485759735, -0.4156787395477295, 0.8867684602737427, 0.030840547755360603, 0.907709002494812, 0.4184652864933014, -0.9788748025894165, -0.05723216012120247, 0.19628676772117615], "cam_t_m2c": [-142.0929718017578, -11.5922212600708, 629.627197265625], "obj_id": 1}, {"cam_R_m2c": [-0.18977852165699005, -0.3020150065422058, -0.9342221617698669, 0.17266280949115753, -0.9469512104988098, 0.2710551917552948, -0.9665255546569824, -0.10986495763063431, 0.2318578064441681], "cam_t_m2c": [-98.41011047363281, -128.5213165283203, 751.848876953125], "obj_id": 1}]
}