{
  "0": [{"cam_R_m2c": [-0.7342898845672607, 0.31568995118141174, 0.6009642481803894, -0.42071840167045593, 0.4831257164478302, -0.7678447365760803, -0.5327421426773071, -0.8166574239730835, -0.22193770110607147], "cam_t_m2c": [45.441383361816406, 114.5453109741211, 80.69908905029297], "obj_id": 0}, {"cam_R_m2c": [-0.7342898845672607, 0.31568995118141174, 0.6009642481803894, -0.42071840167045593, 0.4831257164478302, -0.7678447365760803, -0.5327421426773071, -0.8166574239730835, -0.22193770110607147], "cam_t_m2c": [45.441383361816406, 114.5453109741211, 80.69908905029297], "obj_id": 0}, {"cam_R_m2c": [-0.7342898845672607, 0.31568995118141174, 0.6009642481803894, -0.42071840167045593, 0.4831257164478302, -0.7678447365760803, -0.5327421426773071, -0.8166574239730835, -0.22193770110607147], "cam_t_m2c": [45.441383361816406, 114.5453109741211, 80.69908905029297], "obj_id": 2}, {"cam_R_m2c": [-0.7342898845672607, 0.31568995118141174, 0.6009642481803894, -0.42071840167045593, 0.4831257164478302, -0.7678447365760803, -0.5327421426773071, -0.8166574239730835, -0.22193770110607147], "cam_t_m2c": [45.441383361816406, 114.5453109741211, 80.69908905029297], "obj_id": 3}, {"cam_R_m2c": [-0.7342898845672607, 0.31568995118141174, 0.6009642481803894, -0.42071840167045593, 0.4831257164478302, -0.7678447365760803, -0.5327421426773071, -0.8166574239730835, -0.22193770110607147], "cam_t_m2c": [45.441383361816406, 114.5453109741211, 80.69908905029297], "obj_id": 0}, {"cam_R_m2c": [-0.7342898845672607, 0.31568995118141174, 0.6009642481803894, -0.42071840167045593, 0.4831257164478302, -0.7678447365760803, -0.5327421426773071, -0.8166574239730835, -0.22193770110607147], "cam_t_m2c": [45.441383361816406, 114.5453109741211, 80.69908905029297], "obj_id": 1}, {"cam_R_m2c": [-0.7342898845672607, 0.31568995118141174, 0.6009642481803894, -0.42071840167045593, 0.4831257164478302, -0.7678447365760803, -0.5327421426773071, -0.8166574239730835, -0.22193770110607147], "cam_t_m2c": [45.441383361816406, 114.5453109741211, 80.69908905029297], "obj_id": 2}, {"cam_R_m2c": [-0.7342898845672607, 0.31568995118141174, 0.6009642481803894, -0.42071840167045593, 0.4831257164478302, -0.7678447365760803, -0.5327421426773071, -0.8166574239730835, -0.22193770110607147], "cam_t_m2c": [45.441383361816406, 114.5453109741211, 80.69908905029297], "obj_id": 0}, {"cam_R_m2c": [-0.7342898845672607, 0.31568995118141174, 0.6009642481803894, -0.42071840167045593, 0.4831257164478302, -0.7678447365760803, -0.5327421426773071, -0.8166574239730835, -0.22193770110607147], "cam_t_m2c": [45.441383361816406, 114.5453109741211, 80.69908905029297], "obj_id": 2}, {"cam_R_m2c": [-0.7342898845672607, 0.31568995118141174, 0.6009642481803894, -0.42071840167045593, 0.4831257164478302, -0.7678447365760803, -0.5327421426773071, -0.8166574239730835, -0.22193770110607147], "cam_t_m2c": [45.441383361816406, 114.5453109741211, 80.69908905029297], "obj_id": 1}, {"cam_R_m2c": [-0.7342898845672607, 0.31568995118141174, 0.6009642481803894, -0.42071840167045593, 0.4831257164478302, -0.7678447365760803, -0.5327421426773071, -0.8166574239730835, -0.22193770110607147], "cam_t_m2c": [45.441383361816406, 114.5453109741211, 80.69908905029297], "obj_id": 1}, {"cam_R_m2c": [-0.7342898845672607, 0.31568995118141174, 0.6009642481803894, -0.42071840167045593, 0.4831257164478302, -0.7678447365760803, -0.5327421426773071, -0.8166574239730835, -0.22193770110607147], "cam_t_m2c": [45.441383361816406, 114.5453109741211, 80.69908905029297], "obj_id": 1}, {"cam_R_m2c": [-0.7342898845672607, 0.31568995118141174, 0.6009642481803894, -0.42071840167045593, 0.4831257164478302, -0.7678447365760803, -0.5327421426773071, -0.8166574239730835, -0.22193770110607147], "cam_t_m2c": [45.441383361816406, 114.5453109741211, 80.69908905029297], "obj_id": 0}, {"cam_R_m2c": [-0.7342898845672607, 0.31568995118141174, 0.6009642481803894, -0.42071840167045593, 0.4831257164478302, -0.7678447365760803, -0.5327421426773071, -0.8166574239730835, -0.22193770110607147], "cam_t_m2c": [45.441383361816406, 114.5453109741211, 80.69908905029297], "obj_id": 3}, {"cam_R_m2c": [-0.7342898845672607, 0.31568995118141174, 0.6009642481803894, -0.42071840167045593, 0.4831257164478302, -0.7678447365760803, -0.5327421426773071, -0.8166574239730835, -0.22193770110607147], "cam_t_m2c": [45.441383361816406, 114.5453109741211, 80.69908905029297], "obj_id": 1}, {"cam_R_m2c": [-0.7342898845672607, 0.31568995118141174, 0.6009642481803894, -0.42071840167045593, 0.4831257164478302, -0.7678447365760803, -0.5327421426773071, -0.8166574239730835, -0.22193770110607147], "cam_t_m2c": [45.441383361816406, 114.5453109741211, 80.69908905029297], "obj_id": 2}, {"cam_R_m2c": [-0.7342898845672607, 0.31568995118141174, 0.6009642481803894, -0.42071840167045593, 0.4831257164478302, -0.7678447365760803, -0.5327421426773071, -0.8166574239730835, -0.22193770110607147], "cam_t_m2c": [45.441383361816406, 114.5453109741211, 80.69908905029297], "obj_id": 3}, {"cam_R_m2c": [-0.7342898845672607, 0.31568995118141174, 0.6009642481803894, -0.42071840167045593, 0.4831257164478302, -0.7678447365760803, -0.5327421426773071, -0.8166574239730835, -0.22193770110607147], "cam_t_m2c": [45.441383361816406, 114.5453109741211, 80.69908905029297], "obj_id": 0}, {"cam_R_m2c": [-0.7342898845672607, 0.31568995118141174, 0.6009642481803894, -0.42071840167045593, 0.4831257164478302, -0.7678447365760803, -0.5327421426773071, -0.8166574239730835, -0.22193770110607147], "cam_t_m2c": [45.441383361816406, 114.5453109741211, 80.69908905029297], "obj_id": 1}, {"cam_R_m2c": [-0.7342898845672607, 0.31568995118141174, 0.6009642481803894, -0.42071840167045593, 0.4831257164478302, -0.7678447365760803, -0.5327421426773071, -0.8166574239730835, -0.22193770110607147], "cam_t_m2c": [45.441383361816406, 114.5453109741211, 80.69908905029297], "obj_id": 1}, {"cam_R_m2c": [-0.7342898845672607, 0.31568995118141174, 0.6009642481803894, -0.42071840167045593, 0.4831257164478302, -0.7678447365760803, -0.5327421426773071, -0.8166574239730835, -0.22193770110607147], "cam_t_m2c": [45.441383361816406, 114.5453109741211, 80.69908905029297], "obj_id": 0}, {"cam_R_m2c": [-0.7342898845672607, 0.31568995118141174, 0.6009642481803894, -0.42071840167045593, 0.4831257164478302, -0.7678447365760803, -0.5327421426773071, -0.8166574239730835, -0.22193770110607147], "cam_t_m2c": [45.441383361816406, 114.5453109741211, 80.69908905029297], "obj_id": 0}, {"cam_R_m2c": [-0.7342898845672607, 0.31568995118141174, 0.6009642481803894, -0.42071840167045593, 0.4831257164478302, -0.7678447365760803, -0.5327421426773071, -0.8166574239730835, -0.22193770110607147], "cam_t_m2c": [45.441383361816406, 114.5453109741211, 80.69908905029297], "obj_id": 3}, {"cam_R_m2c": [-0.7342898845672607, 0.31568995118141174, 0.6009642481803894, -0.42071840167045593, 0.4831257164478302, -0.7678447365760803, -0.5327421426773071, -0.8166574239730835, -0.22193770110607147], "cam_t_m2c": [45.441383361816406, 114.5453109741211, 80.69908905029297], "obj_id": 3}, {"cam_R_m2c": [0.5077024698257446, -0.36981678009033203, -0.7781219482421875, -0.8573448657989502, -0.12793129682540894, -0.49859142303466797, 0.08484133332967758, 0.9202549457550049, -0.3820115327835083], "cam_t_m2c": [-212.11761474609375, 35.07204055786133, -309.43438720703125], "obj_id": 0}, {"cam_R_m2c": [-0.6740676760673523, 0.5103803873062134, -0.533989429473877, -0.33757999539375305, -0.8558476567268372, -0.39187318086624146, -0.6570179462432861, -0.08388487994670868, 0.7491933703422546], "cam_t_m2c": [39.90007019042969, 94.98695373535156, 65.65338897705078], "obj_id": 3}, {"cam_R_m2c": [0.693182110786438, 0.4157122075557709, 0.5887970924377441, 0.6389896273612976, 0.023488279432058334, -0.7688567042350769, -0.333452969789505, 0.9091929197311401, -0.24935413897037506], "cam_t_m2c": [7.602477550506592, 115.09968566894531, -88.83907318115234], "obj_id": 3}, {"cam_R_m2c": [0.8942115902900696, 0.42695868015289307, -0.13450634479522705, -0.42253097891807556, 0.9042689800262451, 0.061360813677310944, 0.14782844483852386, 0.0019635448697954416, 0.9890110492706299], "cam_t_m2c": [-24.596269607543945, -17.918004989624023, 229.133544921875], "obj_id": 3}, {"cam_R_m2c": [0.11180222034454346, 0.987697958946228, -0.10932917892932892, 0.9720870852470398, -0.08586645871400833, 0.2183426469564438, 0.20626889169216156, -0.13068866729736328, -0.9697284698486328], "cam_t_m2c": [-4588.62109375, 5954.25244140625, 1979.4156494140625], "obj_id": 2}]
}