{
  "0": [{"cam_R_m2c": [0.22845576703548431, -0.9717220664024353, -0.059699736535549164, 0.37372273206710815, 0.14415664970874786, -0.9162696599960327, 0.89896559715271, 0.18701590597629547, 0.3960881233215332], "cam_t_m2c": [-56.95758056640625, -420.3780822753906, 581.489990234375], "obj_id": 2}, {"cam_R_m2c": [-0.5073411464691162, 0.8609387874603271, 0.03727412968873978, -0.8595911264419556, -0.5086557269096375, 0.04870696738362312, 0.06089341640472412, -0.007329464890062809, 0.9981173872947693], "cam_t_m2c": [-111.52440643310547, -167.79220581054688, 491.764892578125], "obj_id": 1}, {"cam_R_m2c": [-0.8044416308403015, -0.1256147176027298, 0.5805983543395996, 0.3334627151489258, -0.9043515920639038, 0.26636558771133423, 0.4916056990623474, 0.40788349509239197, 0.7693860530853271], "cam_t_m2c": [-97.80931091308594, -186.74481201171875, 514.8763427734375], "obj_id": 1}, {"cam_R_m2c": [-0.44591695070266724, -0.5872089862823486, -0.6755319833755493, -0.5426033735275269, -0.42289143800735474, 0.725771427154541, -0.7118563055992126, 0.6901798248291016, -0.13004694879055023], "cam_t_m2c": [-85.0868911743164, -215.4866180419922, 500.8733825683594], "obj_id": 0}, {"cam_R_m2c": [-0.5971665978431702, 0.22845441102981567, -0.76889568567276, -0.6754807233810425, 0.3737214207649231, 0.6356556415557861, 0.4325711131095886, 0.8989665508270264, -0.06885736435651779], "cam_t_m2c": [-408.3238220214844, -71.22017669677734, 643.6531372070312], "obj_id": 3}, {"cam_R_m2c": [0.8858843445777893, 0.412355899810791, 0.21253602206707, 0.4127432107925415, -0.9097504615783691, 0.044689975678920746, 0.21178291738033295, 0.048132654279470444, -0.9761307835578918], "cam_t_m2c": [115.86872863769531, -222.9976806640625, 452.92681884765625], "obj_id": 0}, {"cam_R_m2c": [0.9697996377944946, -0.1344487965106964, 0.20349974930286407, -0.08957025408744812, -0.9723711013793945, -0.21557243168354034, 0.22686074674129486, 0.19083453714847565, -0.9550477862358093], "cam_t_m2c": [28.43056869506836, -418.7293701171875, 490.573974609375], "obj_id": 2}, {"cam_R_m2c": [-0.3067862391471863, 0.37766095995903015, 0.873644232749939, -0.6660412549972534, 0.5705233812332153, -0.48051223158836365, -0.6799051761627197, -0.7292977571487427, 0.07650911808013916], "cam_t_m2c": [-173.23817443847656, -207.57989501953125, 533.961181640625], "obj_id": 1}],
  "1": [{"cam_R_m2c": [0.22845576703548431, -0.9717220664024353, -0.059699736535549164, 0.37372273206710815, 0.14415664970874786, -0.9162696599960327, 0.89896559715271, 0.18701590597629547, 0.3960881233215332], "cam_t_m2c": [-56.95758056640625, -420.3780822753906, 581.489990234375], "obj_id": 2}, {"cam_R_m2c": [-0.5073411464691162, 0.8609387874603271, 0.03727412968873978, -0.8595911264419556, -0.5086557269096375, 0.04870696738362312, 0.06089341640472412, -0.007329464890062809, 0.9981173872947693], "cam_t_m2c": [-111.52440643310547, -167.79220581054688, 491.764892578125], "obj_id": 1}, {"cam_R_m2c": [-0.8044416308403015, -0.1256147176027298, 0.5805983543395996, 0.3334627151489258, -0.9043515920639038, 0.26636558771133423, 0.4916056990623474, 0.40788349509239197, 0.7693860530853271], "cam_t_m2c": [-97.80931091308594, -186.74481201171875, 514.8763427734375], "obj_id": 1}, {"cam_R_m2c": [-0.44591695070266724, -0.5872089862823486, -0.6755319833755493, -0.5426033735275269, -0.42289143800735474, 0.725771427154541, -0.7118563055992126, 0.6901798248291016, -0.13004694879055023], "cam_t_m2c": [-85.0868911743164, -215.4866180419922, 500.8733825683594], "obj_id": 0}, {"cam_R_m2c": [-0.5971665978431702, 0.22845441102981567, -0.76889568567276, -0.6754807233810425, 0.3737214207649231, 0.6356556415557861, 0.4325711131095886, 0.8989665508270264, -0.06885736435651779], "cam_t_m2c": [-408.3238220214844, -71.22017669677734, 643.6531372070312], "obj_id": 3}, {"cam_R_m2c": [0.8858843445777893, 0.412355899810791, 0.21253602206707, 0.4127432107925415, -0.9097504615783691, 0.044689975678920746, 0.21178291738033295, 0.048132654279470444, -0.9761307835578918], "cam_t_m2c": [115.86872863769531, -222.9976806640625, 452.92681884765625], "obj_id": 0}, {"cam_R_m2c": [0.9697996377944946, -0.1344487965106964, 0.20349974930286407, -0.08957025408744812, -0.9723711013793945, -0.21557243168354034, 0.22686074674129486, 0.19083453714847565, -0.9550477862358093], "cam_t_m2c": [28.43056869506836, -418.7293701171875, 490.573974609375], "obj_id": 2}, {"cam_R_m2c": [-0.3067862391471863, 0.37766095995903015, 0.873644232749939, -0.6660412549972534, 0.5705233812332153, -0.48051223158836365, -0.6799051761627197, -0.7292977571487427, 0.07650911808013916], "cam_t_m2c": [-173.23817443847656, -207.57989501953125, 533.961181640625], "obj_id": 1}],
  "2": [{"cam_R_m2c": [0.22845576703548431, -0.9717220664024353, -0.059699736535549164, 0.37372273206710815, 0.14415664970874786, -0.9162696599960327, 0.89896559715271, 0.18701590597629547, 0.3960881233215332], "cam_t_m2c": [-56.95758056640625, -420.3780822753906, 581.489990234375], "obj_id": 2}, {"cam_R_m2c": [-0.5073411464691162, 0.8609387874603271, 0.03727412968873978, -0.8595911264419556, -0.5086557269096375, 0.04870696738362312, 0.06089341640472412, -0.007329464890062809, 0.9981173872947693], "cam_t_m2c": [-111.52440643310547, -167.79220581054688, 491.764892578125], "obj_id": 1}, {"cam_R_m2c": [-0.8044416308403015, -0.1256147176027298, 0.5805983543395996, 0.3334627151489258, -0.9043515920639038, 0.26636558771133423, 0.4916056990623474, 0.40788349509239197, 0.7693860530853271], "cam_t_m2c": [-97.80931091308594, -186.74481201171875, 514.8763427734375], "obj_id": 1}, {"cam_R_m2c": [-0.44591695070266724, -0.5872089862823486, -0.6755319833755493, -0.5426033735275269, -0.42289143800735474, 0.725771427154541, -0.7118563055992126, 0.6901798248291016, -0.13004694879055023], "cam_t_m2c": [-85.0868911743164, -215.4866180419922, 500.8733825683594], "obj_id": 0}, {"cam_R_m2c": [-0.5971665978431702, 0.22845441102981567, -0.76889568567276, -0.6754807233810425, 0.3737214207649231, 0.6356556415557861, 0.4325711131095886, 0.8989665508270264, -0.06885736435651779], "cam_t_m2c": [-408.3238220214844, -71.22017669677734, 643.6531372070312], "obj_id": 3}, {"cam_R_m2c": [0.8858843445777893, 0.412355899810791, 0.21253602206707, 0.4127432107925415, -0.9097504615783691, 0.044689975678920746, 0.21178291738033295, 0.048132654279470444, -0.9761307835578918], "cam_t_m2c": [115.86872863769531, -222.9976806640625, 452.92681884765625], "obj_id": 0}, {"cam_R_m2c": [0.9697996377944946, -0.1344487965106964, 0.20349974930286407, -0.08957025408744812, -0.9723711013793945, -0.21557243168354034, 0.22686074674129486, 0.19083453714847565, -0.9550477862358093], "cam_t_m2c": [28.43056869506836, -418.7293701171875, 490.573974609375], "obj_id": 2}, {"cam_R_m2c": [-0.3067862391471863, 0.37766095995903015, 0.873644232749939, -0.6660412549972534, 0.5705233812332153, -0.48051223158836365, -0.6799051761627197, -0.7292977571487427, 0.07650911808013916], "cam_t_m2c": [-173.23817443847656, -207.57989501953125, 533.961181640625], "obj_id": 1}],
  "3": [{"cam_R_m2c": [0.22845576703548431, -0.9717220664024353, -0.059699736535549164, 0.37372273206710815, 0.14415664970874786, -0.9162696599960327, 0.89896559715271, 0.18701590597629547, 0.3960881233215332], "cam_t_m2c": [-56.95758056640625, -420.3780822753906, 581.489990234375], "obj_id": 2}, {"cam_R_m2c": [-0.5073411464691162, 0.8609387874603271, 0.03727412968873978, -0.8595911264419556, -0.5086557269096375, 0.04870696738362312, 0.06089341640472412, -0.007329464890062809, 0.9981173872947693], "cam_t_m2c": [-111.52440643310547, -167.79220581054688, 491.764892578125], "obj_id": 1}, {"cam_R_m2c": [-0.8044416308403015, -0.1256147176027298, 0.5805983543395996, 0.3334627151489258, -0.9043515920639038, 0.26636558771133423, 0.4916056990623474, 0.40788349509239197, 0.7693860530853271], "cam_t_m2c": [-97.80931091308594, -186.74481201171875, 514.8763427734375], "obj_id": 1}, {"cam_R_m2c": [-0.44591695070266724, -0.5872089862823486, -0.6755319833755493, -0.5426033735275269, -0.42289143800735474, 0.725771427154541, -0.7118563055992126, 0.6901798248291016, -0.13004694879055023], "cam_t_m2c": [-85.0868911743164, -215.4866180419922, 500.8733825683594], "obj_id": 0}, {"cam_R_m2c": [-0.5971665978431702, 0.22845441102981567, -0.76889568567276, -0.6754807233810425, 0.3737214207649231, 0.6356556415557861, 0.4325711131095886, 0.8989665508270264, -0.06885736435651779], "cam_t_m2c": [-408.3238220214844, -71.22017669677734, 643.6531372070312], "obj_id": 3}, {"cam_R_m2c": [0.8858843445777893, 0.412355899810791, 0.21253602206707, 0.4127432107925415, -0.9097504615783691, 0.044689975678920746, 0.21178291738033295, 0.048132654279470444, -0.9761307835578918], "cam_t_m2c": [115.86872863769531, -222.9976806640625, 452.92681884765625], "obj_id": 0}, {"cam_R_m2c": [0.9697996377944946, -0.1344487965106964, 0.20349974930286407, -0.08957025408744812, -0.9723711013793945, -0.21557243168354034, 0.22686074674129486, 0.19083453714847565, -0.9550477862358093], "cam_t_m2c": [28.43056869506836, -418.7293701171875, 490.573974609375], "obj_id": 2}, {"cam_R_m2c": [-0.3067862391471863, 0.37766095995903015, 0.873644232749939, -0.6660412549972534, 0.5705233812332153, -0.48051223158836365, -0.6799051761627197, -0.7292977571487427, 0.07650911808013916], "cam_t_m2c": [-173.23817443847656, -207.57989501953125, 533.961181640625], "obj_id": 1}],
  "4": [{"cam_R_m2c": [0.22845576703548431, -0.9717220664024353, -0.059699736535549164, 0.37372273206710815, 0.14415664970874786, -0.9162696599960327, 0.89896559715271, 0.18701590597629547, 0.3960881233215332], "cam_t_m2c": [-56.95758056640625, -420.3780822753906, 581.489990234375], "obj_id": 2}, {"cam_R_m2c": [-0.5073411464691162, 0.8609387874603271, 0.03727412968873978, -0.8595911264419556, -0.5086557269096375, 0.04870696738362312, 0.06089341640472412, -0.007329464890062809, 0.9981173872947693], "cam_t_m2c": [-111.52440643310547, -167.79220581054688, 491.764892578125], "obj_id": 1}, {"cam_R_m2c": [-0.8044416308403015, -0.1256147176027298, 0.5805983543395996, 0.3334627151489258, -0.9043515920639038, 0.26636558771133423, 0.4916056990623474, 0.40788349509239197, 0.7693860530853271], "cam_t_m2c": [-97.80931091308594, -186.74481201171875, 514.8763427734375], "obj_id": 1}, {"cam_R_m2c": [-0.44591695070266724, -0.5872089862823486, -0.6755319833755493, -0.5426033735275269, -0.42289143800735474, 0.725771427154541, -0.7118563055992126, 0.6901798248291016, -0.13004694879055023], "cam_t_m2c": [-85.0868911743164, -215.4866180419922, 500.8733825683594], "obj_id": 0}, {"cam_R_m2c": [-0.5971665978431702, 0.22845441102981567, -0.76889568567276, -0.6754807233810425, 0.3737214207649231, 0.6356556415557861, 0.4325711131095886, 0.8989665508270264, -0.06885736435651779], "cam_t_m2c": [-408.3238220214844, -71.22017669677734, 643.6531372070312], "obj_id": 3}, {"cam_R_m2c": [0.8858843445777893, 0.412355899810791, 0.21253602206707, 0.4127432107925415, -0.9097504615783691, 0.044689975678920746, 0.21178291738033295, 0.048132654279470444, -0.9761307835578918], "cam_t_m2c": [115.86872863769531, -222.9976806640625, 452.92681884765625], "obj_id": 0}, {"cam_R_m2c": [0.9697996377944946, -0.1344487965106964, 0.20349974930286407, -0.08957025408744812, -0.9723711013793945, -0.21557243168354034, 0.22686074674129486, 0.19083453714847565, -0.9550477862358093], "cam_t_m2c": [28.43056869506836, -418.7293701171875, 490.573974609375], "obj_id": 2}, {"cam_R_m2c": [-0.3067862391471863, 0.37766095995903015, 0.873644232749939, -0.6660412549972534, 0.5705233812332153, -0.48051223158836365, -0.6799051761627197, -0.7292977571487427, 0.07650911808013916], "cam_t_m2c": [-173.23817443847656, -207.57989501953125, 533.961181640625], "obj_id": 1}]
}