{
  "0": [{"cam_R_m2c": [-0.5063592195510864, -0.07591203600168228, -0.8589748740196228, 0.5749755501747131, -0.772087574005127, -0.27071037888526917, -0.6426535844802856, -0.6309661865234375, 0.4346010982990265], "cam_t_m2c": [-73.8685302734375, 26.01116371154785, 446.7154541015625], "obj_id": 3}, {"cam_R_m2c": [-0.16340191662311554, 0.241989403963089, 0.9564207792282104, 0.4406445026397705, -0.8494752049446106, 0.29021352529525757, 0.8826845288276672, 0.4688630998134613, 0.03217482194304466], "cam_t_m2c": [-171.58462524414062, -50.52482986450195, 432.9281005859375], "obj_id": 0}, {"cam_R_m2c": [0.02345168963074684, 0.9793918132781982, 0.20060299336910248, 0.6121323108673096, -0.17271265387535095, 0.771663248538971, 0.7904074192047119, 0.10469884425401688, -0.6035677194595337], "cam_t_m2c": [-36.25352478027344, 40.07904815673828, 394.9441833496094], "obj_id": 0}, {"cam_R_m2c": [0.8275464177131653, 0.11198679357767105, 0.5501143932342529, -0.3193492889404297, 0.899817943572998, 0.29722657799720764, -0.4617173671722412, -0.42164742946624756, 0.7804040312767029], "cam_t_m2c": [28.774948120117188, 154.68450927734375, 404.91485595703125], "obj_id": 1}, {"cam_R_m2c": [0.7342390418052673, 0.6058008074760437, 0.3064284026622772, -0.1168011948466301, 0.5573592185974121, -0.8220146894454956, -0.6687678694725037, 0.5677641034126282, 0.47999316453933716], "cam_t_m2c": [-10.760278701782227, 41.30055236816406, 485.7863464355469], "obj_id": 0}, {"cam_R_m2c": [-0.23126935958862305, -0.26008307933807373, 0.9374812841415405, -0.09933143109083176, 0.9648816585540771, 0.24318037927150726, -0.9678055644035339, -0.036881182342767715, -0.24898196756839752], "cam_t_m2c": [-129.48338317871094, 81.7841796875, 416.0989074707031], "obj_id": 0}, {"cam_R_m2c": [0.1574554741382599, 0.4489557445049286, -0.8795716762542725, -0.5980908870697021, -0.6653919816017151, -0.44669950008392334, -0.7858084440231323, 0.5963991284370422, 0.1637468934059143], "cam_t_m2c": [-187.3545379638672, 56.89043426513672, 420.4488830566406], "obj_id": 0}],
  "1": [{"cam_R_m2c": [-0.5063592195510864, -0.07591203600168228, -0.8589748740196228, 0.5749755501747131, -0.772087574005127, -0.27071037888526917, -0.6426535844802856, -0.6309661865234375, 0.4346010982990265], "cam_t_m2c": [-73.8685302734375, 26.01116371154785, 446.7154541015625], "obj_id": 3}, {"cam_R_m2c": [-0.16340191662311554, 0.241989403963089, 0.9564207792282104, 0.4406445026397705, -0.8494752049446106, 0.29021352529525757, 0.8826845288276672, 0.4688630998134613, 0.03217482194304466], "cam_t_m2c": [-171.58462524414062, -50.52482986450195, 432.9281005859375], "obj_id": 0}, {"cam_R_m2c": [0.02345168963074684, 0.9793918132781982, 0.20060299336910248, 0.6121323108673096, -0.17271265387535095, 0.771663248538971, 0.7904074192047119, 0.10469884425401688, -0.6035677194595337], "cam_t_m2c": [-36.25352478027344, 40.07904815673828, 394.9441833496094], "obj_id": 0}, {"cam_R_m2c": [0.8275464177131653, 0.11198679357767105, 0.5501143932342529, -0.3193492889404297, 0.899817943572998, 0.29722657799720764, -0.4617173671722412, -0.42164742946624756, 0.7804040312767029], "cam_t_m2c": [28.774948120117188, 154.68450927734375, 404.91485595703125], "obj_id": 1}, {"cam_R_m2c": [0.7342390418052673, 0.6058008074760437, 0.3064284026622772, -0.1168011948466301, 0.5573592185974121, -0.8220146894454956, -0.6687678694725037, 0.5677641034126282, 0.47999316453933716], "cam_t_m2c": [-10.760278701782227, 41.30055236816406, 485.7863464355469], "obj_id": 0}, {"cam_R_m2c": [-0.23126935958862305, -0.26008307933807373, 0.9374812841415405, -0.09933143109083176, 0.9648816585540771, 0.24318037927150726, -0.9678055644035339, -0.036881182342767715, -0.24898196756839752], "cam_t_m2c": [-129.48338317871094, 81.7841796875, 416.0989074707031], "obj_id": 0}, {"cam_R_m2c": [0.1574554741382599, 0.4489557445049286, -0.8795716762542725, -0.5980908870697021, -0.6653919816017151, -0.44669950008392334, -0.7858084440231323, 0.5963991284370422, 0.1637468934059143], "cam_t_m2c": [-187.3545379638672, 56.89043426513672, 420.4488830566406], "obj_id": 0}],
  "2": [{"cam_R_m2c": [-0.5063592195510864, -0.07591203600168228, -0.8589748740196228, 0.5749755501747131, -0.772087574005127, -0.27071037888526917, -0.6426535844802856, -0.6309661865234375, 0.4346010982990265], "cam_t_m2c": [-73.8685302734375, 26.01116371154785, 446.7154541015625], "obj_id": 3}, {"cam_R_m2c": [-0.16340191662311554, 0.241989403963089, 0.9564207792282104, 0.4406445026397705, -0.8494752049446106, 0.29021352529525757, 0.8826845288276672, 0.4688630998134613, 0.03217482194304466], "cam_t_m2c": [-171.58462524414062, -50.52482986450195, 432.9281005859375], "obj_id": 0}, {"cam_R_m2c": [0.02345168963074684, 0.9793918132781982, 0.20060299336910248, 0.6121323108673096, -0.17271265387535095, 0.771663248538971, 0.7904074192047119, 0.10469884425401688, -0.6035677194595337], "cam_t_m2c": [-36.25352478027344, 40.07904815673828, 394.9441833496094], "obj_id": 0}, {"cam_R_m2c": [0.8275464177131653, 0.11198679357767105, 0.5501143932342529, -0.3193492889404297, 0.899817943572998, 0.29722657799720764, -0.4617173671722412, -0.42164742946624756, 0.7804040312767029], "cam_t_m2c": [28.774948120117188, 154.68450927734375, 404.91485595703125], "obj_id": 1}, {"cam_R_m2c": [0.7342390418052673, 0.6058008074760437, 0.3064284026622772, -0.1168011948466301, 0.5573592185974121, -0.8220146894454956, -0.6687678694725037, 0.5677641034126282, 0.47999316453933716], "cam_t_m2c": [-10.760278701782227, 41.30055236816406, 485.7863464355469], "obj_id": 0}, {"cam_R_m2c": [-0.23126935958862305, -0.26008307933807373, 0.9374812841415405, -0.09933143109083176, 0.9648816585540771, 0.24318037927150726, -0.9678055644035339, -0.036881182342767715, -0.24898196756839752], "cam_t_m2c": [-129.48338317871094, 81.7841796875, 416.0989074707031], "obj_id": 0}, {"cam_R_m2c": [0.1574554741382599, 0.4489557445049286, -0.8795716762542725, -0.5980908870697021, -0.6653919816017151, -0.44669950008392334, -0.7858084440231323, 0.5963991284370422, 0.1637468934059143], "cam_t_m2c": [-187.3545379638672, 56.89043426513672, 420.4488830566406], "obj_id": 0}],
  "3": [{"cam_R_m2c": [-0.18566443026065826, -0.025500250980257988, -0.9822821617126465, 0.6548486351966858, 0.742100179195404, -0.1430402547121048, 0.7325993776321411, -0.6698036789894104, -0.12108279019594193], "cam_t_m2c": [-164.97071838378906, 68.60017395019531, 442.48455810546875], "obj_id": 2}, {"cam_R_m2c": [-0.1688452810049057, 0.9856418371200562, 0.001128392992541194, 0.39512431621551514, 0.06663793325424194, 0.9162074327468872, 0.9029772281646729, 0.15514323115348816, -0.40070250630378723], "cam_t_m2c": [-343.7546691894531, 34.011470794677734, 436.0245056152344], "obj_id": 2}, {"cam_R_m2c": [-0.5592468976974487, 0.718068540096283, 0.41427081823349, 0.42268678545951843, 0.6768752336502075, -0.602640688419342, -0.713146984577179, -0.16191816329956055, -0.6820583939552307], "cam_t_m2c": [-188.6394805908203, -67.97677612304688, 406.6910400390625], "obj_id": 1}, {"cam_R_m2c": [-0.15834838151931763, 0.9856231808662415, -0.058930132538080215, 0.014265382662415504, 0.06196056678891182, 0.9979766607284546, 0.9872802495956421, 0.1571872979402542, -0.02387167513370514], "cam_t_m2c": [-172.32095336914062, -0.3809889256954193, 485.7934265136719], "obj_id": 1}, {"cam_R_m2c": [0.13298454880714417, -0.015763411298394203, 0.9909927248954773, 0.39289921522140503, -0.9171146154403687, -0.06731268018484116, 0.9099149703979492, 0.3983118236064911, -0.11576862633228302], "cam_t_m2c": [-136.96347045898438, -93.0829849243164, 495.1763916015625], "obj_id": 1}, {"cam_R_m2c": [0.9847930669784546, 0.008890604600310326, -0.17350389063358307, 0.02960170991718769, 0.9754990935325623, 0.2180027961730957, 0.17119106650352478, -0.21982364356517792, 0.9604015946388245], "cam_t_m2c": [-223.20611572265625, -185.03140258789062, 494.2899169921875], "obj_id": 3}, {"cam_R_m2c": [-0.08393217623233795, 0.7527163028717041, 0.6529729962348938, 0.4892013967037201, -0.5397569537162781, 0.6850873231887817, 0.8681229948997498, 0.3769361078739166, -0.32292693853378296], "cam_t_m2c": [-128.627685546875, 58.91964340209961, 440.6351013183594], "obj_id": 1}, {"cam_R_m2c": [-0.6983732581138611, 0.599708080291748, -0.3906722962856293, 0.5985152721405029, 0.19000059366226196, -0.7782539129257202, -0.3924972414970398, -0.7773351073265076, -0.49162575602531433], "cam_t_m2c": [-68.80171966552734, -76.26850128173828, 517.0197143554688], "obj_id": 3}, {"cam_R_m2c": [0.7281246185302734, -0.6727985143661499, -0.1310599148273468, -0.5674671530723572, -0.48443254828453064, -0.6658123731613159, 0.38446786999702454, 0.5591665506362915, -0.7345183491706848], "cam_t_m2c": [-195.4102325439453, -115.90450286865234, 493.1716613769531], "obj_id": 3}, {"cam_R_m2c": [0.7008071541786194, -0.3235659897327423, -0.6357471346855164, -0.45762699842453003, -0.8875797986984253, -0.05272161588072777, -0.5472173690795898, 0.3278827369213104, -0.7700948119163513], "cam_t_m2c": [-17.202913284301758, -176.750244140625, 494.1334228515625], "obj_id": 1}, {"cam_R_m2c": [-0.12791657447814941, -0.9381113648414612, 0.3218451738357544, 0.28062647581100464, -0.34548503160476685, -0.8954824209213257, 0.9512549638748169, -0.02422880008816719, 0.3074522614479065], "cam_t_m2c": [-244.00360107421875, -101.27877807617188, 489.1980895996094], "obj_id": 1}, {"cam_R_m2c": [0.07101768255233765, 0.9676789045333862, -0.2419792264699936, 0.45438292622566223, 0.18457524478435516, 0.8714746832847595, 0.887971043586731, -0.1718413233757019, -0.42658865451812744], "cam_t_m2c": [-236.61415100097656, -14.734879493713379, 405.6100158691406], "obj_id": 0}, {"cam_R_m2c": [0.4439009726047516, 0.4047739505767822, 0.7994434833526611, 0.8484451174736023, 0.09713894128799438, -0.5202929377555847, -0.28825807571411133, 0.9092425107955933, -0.3003084063529968], "cam_t_m2c": [-27.483356475830078, 20.237146377563477, 454.063232421875], "obj_id": 3}, {"cam_R_m2c": [0.8794955611228943, -0.1826278269290924, -0.4394708573818207, -0.35317328572273254, 0.3685018718242645, -0.859927237033844, 0.3189924657344818, 0.9115115404129028, 0.25959649682044983], "cam_t_m2c": [2.3361170291900635, -16.844797134399414, 463.4100646972656], "obj_id": 3}, {"cam_R_m2c": [0.03134382888674736, 0.8110888004302979, 0.5840824842453003, 0.2630605399608612, -0.5704612731933594, 0.7780570983886719, 0.9642699360847473, 0.1292618364095688, -0.23124580085277557], "cam_t_m2c": [-233.7746124267578, 24.66636848449707, 388.900146484375], "obj_id": 0}, {"cam_R_m2c": [-0.46223756670951843, -0.1120162084698677, 0.8796526193618774, -0.41778725385665894, 0.902502179145813, -0.10461186617612839, -0.7821701765060425, -0.4158632159233093, -0.463969349861145], "cam_t_m2c": [151.86936950683594, 123.47203826904297, 394.378662109375], "obj_id": 1}, {"cam_R_m2c": [0.7747222185134888, 0.5333737730979919, -0.33958500623703003, 0.14231225848197937, -0.670367956161499, -0.7282541394233704, -0.6160785555839539, 0.5158675909042358, -0.5952545404434204], "cam_t_m2c": [-26.17622184753418, -211.83544921875, 512.5006713867188], "obj_id": 1}, {"cam_R_m2c": [0.314715176820755, -0.9167367815971375, -0.24606488645076752, -0.8465511798858643, -0.15383858978748322, -0.509592592716217, 0.4293080270290375, 0.3686830401420593, -0.8244799375534058], "cam_t_m2c": [-85.82566833496094, -91.333984375, 502.9153137207031], "obj_id": 3}, {"cam_R_m2c": [0.7075986266136169, 0.03041943348944187, -0.7059595584869385, -0.5891628265380859, 0.5769798755645752, -0.5656689405441284, 0.3901171386241913, 0.8161916732788086, 0.42619216442108154], "cam_t_m2c": [-231.55621337890625, -53.141990661621094, 431.5996398925781], "obj_id": 3}, {"cam_R_m2c": [-0.010543247684836388, -0.998684823513031, 0.05017363652586937, 0.3431812822818756, -0.050742678344249725, -0.9378975033760071, 0.9392099380493164, 0.007330125197768211, 0.34326499700546265], "cam_t_m2c": [137.4685821533203, -380.4132080078125, 635.5731201171875], "obj_id": 0}, {"cam_R_m2c": [-0.8362366557121277, 0.5466735363006592, 0.04308322072029114, -0.257097452878952, -0.46024593710899353, 0.8497496843338013, 0.4843645691871643, 0.6995152831077576, 0.525422990322113], "cam_t_m2c": [-52.33399963378906, 86.54383087158203, 479.7864990234375], "obj_id": 1}, {"cam_R_m2c": [-0.24202418327331543, 0.9602401852607727, 0.13915085792541504, 0.3561305105686188, -0.045489806681871414, 0.9333282113075256, 0.9025492668151855, 0.2754439413547516, -0.33096110820770264], "cam_t_m2c": [59.134666442871094, -181.56585693359375, 395.3093566894531], "obj_id": 0}, {"cam_R_m2c": [0.06391797214746475, 0.2851117253303528, 0.9563606977462769, 0.37198907136917114, -0.8960622549057007, 0.2422737330198288, 0.9260337948799133, 0.34027010202407837, -0.16333293914794922], "cam_t_m2c": [209.29380798339844, -31.381114959716797, 511.53875732421875], "obj_id": 1}, {"cam_R_m2c": [-0.03977704793214798, 0.49476760625839233, -0.8681144118309021, -0.2541124224662781, -0.8452462553977966, -0.4700908362865448, -0.9663563370704651, 0.20189981162548065, 0.15934811532497406], "cam_t_m2c": [-223.7127685546875, -105.09427642822266, 451.1151123046875], "obj_id": 2}, {"cam_R_m2c": [0.655417263507843, 0.7384284734725952, 0.1585923582315445, -0.6403679251670837, 0.6546524167060852, -0.40169528126716614, -0.4004461169242859, 0.16172055900096893, 0.9019364714622498], "cam_t_m2c": [95.90531921386719, 132.94117736816406, 476.346923828125], "obj_id": 1}, {"cam_R_m2c": [-0.4062198996543884, 0.9121834635734558, -0.05391263961791992, 0.24353964626789093, 0.164943128824234, 0.9557625651359558, 0.8807233572006226, 0.37511998414993286, -0.2891559600830078], "cam_t_m2c": [-55.018592834472656, 153.61129760742188, 392.7293395996094], "obj_id": 1}, {"cam_R_m2c": [0.9894611239433289, -0.03755741938948631, -0.13984303176403046, 0.03634710982441902, 0.9992764592170715, -0.011199633590877056, 0.14016248285770416, 0.005998712033033371, 0.9901103377342224], "cam_t_m2c": [-44.834197998046875, -165.9695281982422, 599.468994140625], "obj_id": 1}, {"cam_R_m2c": [0.4197145998477936, 0.5433942079544067, 0.7270229458808899, 0.2949857711791992, 0.6758442521095276, -0.6754390597343445, -0.8583839535713196, 0.49795302748680115, 0.12336815148591995], "cam_t_m2c": [51.62663269042969, 47.214454650878906, 501.6039123535156], "obj_id": 0}],
  "4": [{"cam_R_m2c": [-0.18566443026065826, -0.025500250980257988, -0.9822821617126465, 0.6548486351966858, 0.742100179195404, -0.1430402547121048, 0.7325993776321411, -0.6698036789894104, -0.12108279019594193], "cam_t_m2c": [-164.97071838378906, 68.60017395019531, 442.48455810546875], "obj_id": 2}, {"cam_R_m2c": [-0.1688452810049057, 0.9856418371200562, 0.001128392992541194, 0.39512431621551514, 0.06663793325424194, 0.9162074327468872, 0.9029772281646729, 0.15514323115348816, -0.40070250630378723], "cam_t_m2c": [-343.7546691894531, 34.011470794677734, 436.0245056152344], "obj_id": 2}, {"cam_R_m2c": [-0.5592468976974487, 0.718068540096283, 0.41427081823349, 0.42268678545951843, 0.6768752336502075, -0.602640688419342, -0.713146984577179, -0.16191816329956055, -0.6820583939552307], "cam_t_m2c": [-188.6394805908203, -67.97677612304688, 406.6910400390625], "obj_id": 1}, {"cam_R_m2c": [-0.15834838151931763, 0.9856231808662415, -0.058930132538080215, 0.014265382662415504, 0.06196056678891182, 0.9979766607284546, 0.9872802495956421, 0.1571872979402542, -0.02387167513370514], "cam_t_m2c": [-172.32095336914062, -0.3809889256954193, 485.7934265136719], "obj_id": 1}, {"cam_R_m2c": [0.13298454880714417, -0.015763411298394203, 0.9909927248954773, 0.39289921522140503, -0.9171146154403687, -0.06731268018484116, 0.9099149703979492, 0.3983118236064911, -0.11576862633228302], "cam_t_m2c": [-136.96347045898438, -93.0829849243164, 495.1763916015625], "obj_id": 1}, {"cam_R_m2c": [0.9847930669784546, 0.008890604600310326, -0.17350389063358307, 0.02960170991718769, 0.9754990935325623, 0.2180027961730957, 0.17119106650352478, -0.21982364356517792, 0.9604015946388245], "cam_t_m2c": [-223.20611572265625, -185.03140258789062, 494.2899169921875], "obj_id": 3}, {"cam_R_m2c": [-0.08393217623233795, 0.7527163028717041, 0.6529729962348938, 0.4892013967037201, -0.5397569537162781, 0.6850873231887817, 0.8681229948997498, 0.3769361078739166, -0.32292693853378296], "cam_t_m2c": [-128.627685546875, 58.91964340209961, 440.6351013183594], "obj_id": 1}, {"cam_R_m2c": [-0.6983732581138611, 0.599708080291748, -0.3906722962856293, 0.5985152721405029, 0.19000059366226196, -0.7782539129257202, -0.3924972414970398, -0.7773351073265076, -0.49162575602531433], "cam_t_m2c": [-68.80171966552734, -76.26850128173828, 517.0197143554688], "obj_id": 3}, {"cam_R_m2c": [0.7281246185302734, -0.6727985143661499, -0.1310599148273468, -0.5674671530723572, -0.48443254828453064, -0.6658123731613159, 0.38446786999702454, 0.5591665506362915, -0.7345183491706848], "cam_t_m2c": [-195.4102325439453, -115.90450286865234, 493.1716613769531], "obj_id": 3}, {"cam_R_m2c": [0.7008071541786194, -0.3235659897327423, -0.6357471346855164, -0.45762699842453003, -0.8875797986984253, -0.05272161588072777, -0.5472173690795898, 0.3278827369213104, -0.7700948119163513], "cam_t_m2c": [-17.202913284301758, -176.750244140625, 494.1334228515625], "obj_id": 1}, {"cam_R_m2c": [-0.12791657447814941, -0.9381113648414612, 0.3218451738357544, 0.28062647581100464, -0.34548503160476685, -0.8954824209213257, 0.9512549638748169, -0.02422880008816719, 0.3074522614479065], "cam_t_m2c": [-244.00360107421875, -101.27877807617188, 489.1980895996094], "obj_id": 1}, {"cam_R_m2c": [0.07101768255233765, 0.9676789045333862, -0.2419792264699936, 0.45438292622566223, 0.18457524478435516, 0.8714746832847595, 0.887971043586731, -0.1718413233757019, -0.42658865451812744], "cam_t_m2c": [-236.61415100097656, -14.734879493713379, 405.6100158691406], "obj_id": 0}, {"cam_R_m2c": [0.4439009726047516, 0.4047739505767822, 0.7994434833526611, 0.8484451174736023, 0.09713894128799438, -0.5202929377555847, -0.28825807571411133, 0.9092425107955933, -0.3003084063529968], "cam_t_m2c": [-27.483356475830078, 20.237146377563477, 454.063232421875], "obj_id": 3}, {"cam_R_m2c": [0.8794955611228943, -0.1826278269290924, -0.4394708573818207, -0.35317328572273254, 0.3685018718242645, -0.859927237033844, 0.3189924657344818, 0.9115115404129028, 0.25959649682044983], "cam_t_m2c": [2.3361170291900635, -16.844797134399414, 463.4100646972656], "obj_id": 3}, {"cam_R_m2c": [0.03134382888674736, 0.8110888004302979, 0.5840824842453003, 0.2630605399608612, -0.5704612731933594, 0.7780570983886719, 0.9642699360847473, 0.1292618364095688, -0.23124580085277557], "cam_t_m2c": [-233.7746124267578, 24.66636848449707, 388.900146484375], "obj_id": 0}, {"cam_R_m2c": [-0.46223756670951843, -0.1120162084698677, 0.8796526193618774, -0.41778725385665894, 0.902502179145813, -0.10461186617612839, -0.7821701765060425, -0.4158632159233093, -0.463969349861145], "cam_t_m2c": [151.86936950683594, 123.47203826904297, 394.378662109375], "obj_id": 1}, {"cam_R_m2c": [0.7747222185134888, 0.5333737730979919, -0.33958500623703003, 0.14231225848197937, -0.670367956161499, -0.7282541394233704, -0.6160785555839539, 0.5158675909042358, -0.5952545404434204], "cam_t_m2c": [-26.17622184753418, -211.83544921875, 512.5006713867188], "obj_id": 1}, {"cam_R_m2c": [0.314715176820755, -0.9167367815971375, -0.24606488645076752, -0.8465511798858643, -0.15383858978748322, -0.509592592716217, 0.4293080270290375, 0.3686830401420593, -0.8244799375534058], "cam_t_m2c": [-85.82566833496094, -91.333984375, 502.9153137207031], "obj_id": 3}, {"cam_R_m2c": [0.7075986266136169, 0.03041943348944187, -0.7059595584869385, -0.5891628265380859, 0.5769798755645752, -0.5656689405441284, 0.3901171386241913, 0.8161916732788086, 0.42619216442108154], "cam_t_m2c": [-231.55621337890625, -53.141990661621094, 431.5996398925781], "obj_id": 3}, {"cam_R_m2c": [-0.010543247684836388, -0.998684823513031, 0.05017363652586937, 0.3431812822818756, -0.050742678344249725, -0.9378975033760071, 0.9392099380493164, 0.007330125197768211, 0.34326499700546265], "cam_t_m2c": [137.4685821533203, -380.4132080078125, 635.5731201171875], "obj_id": 0}, {"cam_R_m2c": [-0.8362366557121277, 0.5466735363006592, 0.04308322072029114, -0.257097452878952, -0.46024593710899353, 0.8497496843338013, 0.4843645691871643, 0.6995152831077576, 0.525422990322113], "cam_t_m2c": [-52.33399963378906, 86.54383087158203, 479.7864990234375], "obj_id": 1}, {"cam_R_m2c": [-0.24202418327331543, 0.9602401852607727, 0.13915085792541504, 0.3561305105686188, -0.045489806681871414, 0.9333282113075256, 0.9025492668151855, 0.2754439413547516, -0.33096110820770264], "cam_t_m2c": [59.134666442871094, -181.56585693359375, 395.3093566894531], "obj_id": 0}, {"cam_R_m2c": [0.06391797214746475, 0.2851117253303528, 0.9563606977462769, 0.37198907136917114, -0.8960622549057007, 0.2422737330198288, 0.9260337948799133, 0.34027010202407837, -0.16333293914794922], "cam_t_m2c": [209.29380798339844, -31.381114959716797, 511.53875732421875], "obj_id": 1}, {"cam_R_m2c": [-0.03977704793214798, 0.49476760625839233, -0.8681144118309021, -0.2541124224662781, -0.8452462553977966, -0.4700908362865448, -0.9663563370704651, 0.20189981162548065, 0.15934811532497406], "cam_t_m2c": [-223.7127685546875, -105.09427642822266, 451.1151123046875], "obj_id": 2}, {"cam_R_m2c": [0.655417263507843, 0.7384284734725952, 0.1585923582315445, -0.6403679251670837, 0.6546524167060852, -0.40169528126716614, -0.4004461169242859, 0.16172055900096893, 0.9019364714622498], "cam_t_m2c": [95.90531921386719, 132.94117736816406, 476.346923828125], "obj_id": 1}, {"cam_R_m2c": [-0.4062198996543884, 0.9121834635734558, -0.05391263961791992, 0.24353964626789093, 0.164943128824234, 0.9557625651359558, 0.8807233572006226, 0.37511998414993286, -0.2891559600830078], "cam_t_m2c": [-55.018592834472656, 153.61129760742188, 392.7293395996094], "obj_id": 1}, {"cam_R_m2c": [0.9894611239433289, -0.03755741938948631, -0.13984303176403046, 0.03634710982441902, 0.9992764592170715, -0.011199633590877056, 0.14016248285770416, 0.005998712033033371, 0.9901103377342224], "cam_t_m2c": [-44.834197998046875, -165.9695281982422, 599.468994140625], "obj_id": 1}, {"cam_R_m2c": [0.4197145998477936, 0.5433942079544067, 0.7270229458808899, 0.2949857711791992, 0.6758442521095276, -0.6754390597343445, -0.8583839535713196, 0.49795302748680115, 0.12336815148591995], "cam_t_m2c": [51.62663269042969, 47.214454650878906, 501.6039123535156], "obj_id": 0}]
}