{
  "0": [{"cam_R_m2c": [0.0008424071711488068, -0.5408692359924316, 0.8411062955856323, 0.038141295313835144, -0.8404771685600281, -0.5405029058456421, 0.9992719888687134, 0.03253621235489845, 0.01992141455411911], "cam_t_m2c": [215.80792236328125, 249.05270385742188, 943.773681640625], "obj_id": 2}, {"cam_R_m2c": [0.5021272301673889, 0.8392268419265747, 0.20872612297534943, -0.789476215839386, 0.5433584451675415, -0.2854626178741455, -0.35298100113868713, -0.021445760503411293, 0.9353846907615662], "cam_t_m2c": [-45.303321838378906, 330.5762023925781, 942.154296875], "obj_id": 1}, {"cam_R_m2c": [-0.551017701625824, 0.8023951649665833, 0.2292192131280899, -0.7261279821395874, -0.5963842272758484, 0.34214600920677185, 0.41123902797698975, 0.02208603173494339, 0.9112599492073059], "cam_t_m2c": [-17.323503494262695, 327.1913146972656, 959.0988159179688], "obj_id": 1}, {"cam_R_m2c": [0.0825616717338562, 0.24014969170093536, -0.9672185182571411, -0.35329174995422363, -0.9004481434822083, -0.25372830033302307, -0.9318629503250122, 0.3626585602760315, 0.010500399395823479], "cam_t_m2c": [9.850055694580078, 331.660400390625, 938.4673461914062], "obj_id": 0}, {"cam_R_m2c": [0.3897339403629303, 0.0008432621252723038, -0.9209271669387817, -0.9202699661254883, 0.03813920542597771, -0.3894209861755371, 0.034795112907886505, 0.9992721676826477, 0.015640126541256905], "cam_t_m2c": [-233.01947021484375, 62.333072662353516, 1057.4554443359375], "obj_id": 3}, {"cam_R_m2c": [0.12043491005897522, 0.9790738224983215, -0.16404232382774353, 0.8487335443496704, -0.01583847776055336, 0.5285834670066833, 0.5149240493774414, -0.2028881162405014, -0.8328802585601807], "cam_t_m2c": [100.62712097167969, 517.2586669921875, 931.3067016601562], "obj_id": 0}, {"cam_R_m2c": [0.5899807214736938, 0.8053774833679199, 0.05735737830400467, 0.7205575108528137, -0.5572344064712524, 0.41265812516212463, 0.3643070459365845, -0.20213106274604797, -0.9090782999992371], "cam_t_m2c": [233.8544158935547, 353.56671142578125, 878.1175537109375], "obj_id": 2}, {"cam_R_m2c": [0.2608794569969177, -0.4741472005844116, 0.8409079909324646, -0.2926632761955261, 0.791234016418457, 0.5369329452514648, -0.9199402332305908, -0.3861776292324066, 0.06765123456716537], "cam_t_m2c": [-31.0766658782959, 247.9742889404297, 954.2662353515625], "obj_id": 1}],
  "1": [{"cam_R_m2c": [0.0008424071711488068, -0.5408692359924316, 0.8411062955856323, 0.038141295313835144, -0.8404771685600281, -0.5405029058456421, 0.9992719888687134, 0.03253621235489845, 0.01992141455411911], "cam_t_m2c": [215.80792236328125, 249.05270385742188, 943.773681640625], "obj_id": 2}, {"cam_R_m2c": [0.5021272301673889, 0.8392268419265747, 0.20872612297534943, -0.789476215839386, 0.5433584451675415, -0.2854626178741455, -0.35298100113868713, -0.021445760503411293, 0.9353846907615662], "cam_t_m2c": [-45.303321838378906, 330.5762023925781, 942.154296875], "obj_id": 1}, {"cam_R_m2c": [-0.551017701625824, 0.8023951649665833, 0.2292192131280899, -0.7261279821395874, -0.5963842272758484, 0.34214600920677185, 0.41123902797698975, 0.02208603173494339, 0.9112599492073059], "cam_t_m2c": [-17.323503494262695, 327.1913146972656, 959.0988159179688], "obj_id": 1}, {"cam_R_m2c": [0.0825616717338562, 0.24014969170093536, -0.9672185182571411, -0.35329174995422363, -0.9004481434822083, -0.25372830033302307, -0.9318629503250122, 0.3626585602760315, 0.010500399395823479], "cam_t_m2c": [9.850055694580078, 331.660400390625, 938.4673461914062], "obj_id": 0}, {"cam_R_m2c": [0.3897339403629303, 0.0008432621252723038, -0.9209271669387817, -0.9202699661254883, 0.03813920542597771, -0.3894209861755371, 0.034795112907886505, 0.9992721676826477, 0.015640126541256905], "cam_t_m2c": [-233.01947021484375, 62.333072662353516, 1057.4554443359375], "obj_id": 3}, {"cam_R_m2c": [0.12043491005897522, 0.9790738224983215, -0.16404232382774353, 0.8487335443496704, -0.01583847776055336, 0.5285834670066833, 0.5149240493774414, -0.2028881162405014, -0.8328802585601807], "cam_t_m2c": [100.62712097167969, 517.2586669921875, 931.3067016601562], "obj_id": 0}, {"cam_R_m2c": [0.5899807214736938, 0.8053774833679199, 0.05735737830400467, 0.7205575108528137, -0.5572344064712524, 0.41265812516212463, 0.3643070459365845, -0.20213106274604797, -0.9090782999992371], "cam_t_m2c": [233.8544158935547, 353.56671142578125, 878.1175537109375], "obj_id": 2}, {"cam_R_m2c": [0.2608794569969177, -0.4741472005844116, 0.8409079909324646, -0.2926632761955261, 0.791234016418457, 0.5369329452514648, -0.9199402332305908, -0.3861776292324066, 0.06765123456716537], "cam_t_m2c": [-31.0766658782959, 247.9742889404297, 954.2662353515625], "obj_id": 1}],
  "2": [{"cam_R_m2c": [0.0008424071711488068, -0.5408692359924316, 0.8411062955856323, 0.038141295313835144, -0.8404771685600281, -0.5405029058456421, 0.9992719888687134, 0.03253621235489845, 0.01992141455411911], "cam_t_m2c": [215.80792236328125, 249.05270385742188, 943.773681640625], "obj_id": 2}, {"cam_R_m2c": [0.5021272301673889, 0.8392268419265747, 0.20872612297534943, -0.789476215839386, 0.5433584451675415, -0.2854626178741455, -0.35298100113868713, -0.021445760503411293, 0.9353846907615662], "cam_t_m2c": [-45.303321838378906, 330.5762023925781, 942.154296875], "obj_id": 1}, {"cam_R_m2c": [-0.551017701625824, 0.8023951649665833, 0.2292192131280899, -0.7261279821395874, -0.5963842272758484, 0.34214600920677185, 0.41123902797698975, 0.02208603173494339, 0.9112599492073059], "cam_t_m2c": [-17.323503494262695, 327.1913146972656, 959.0988159179688], "obj_id": 1}, {"cam_R_m2c": [0.0825616717338562, 0.24014969170093536, -0.9672185182571411, -0.35329174995422363, -0.9004481434822083, -0.25372830033302307, -0.9318629503250122, 0.3626585602760315, 0.010500399395823479], "cam_t_m2c": [9.850055694580078, 331.660400390625, 938.4673461914062], "obj_id": 0}, {"cam_R_m2c": [0.3897339403629303, 0.0008432621252723038, -0.9209271669387817, -0.9202699661254883, 0.03813920542597771, -0.3894209861755371, 0.034795112907886505, 0.9992721676826477, 0.015640126541256905], "cam_t_m2c": [-233.01947021484375, 62.333072662353516, 1057.4554443359375], "obj_id": 3}, {"cam_R_m2c": [0.12043491005897522, 0.9790738224983215, -0.16404232382774353, 0.8487335443496704, -0.01583847776055336, 0.5285834670066833, 0.5149240493774414, -0.2028881162405014, -0.8328802585601807], "cam_t_m2c": [100.62712097167969, 517.2586669921875, 931.3067016601562], "obj_id": 0}, {"cam_R_m2c": [0.5899807214736938, 0.8053774833679199, 0.05735737830400467, 0.7205575108528137, -0.5572344064712524, 0.41265812516212463, 0.3643070459365845, -0.20213106274604797, -0.9090782999992371], "cam_t_m2c": [233.8544158935547, 353.56671142578125, 878.1175537109375], "obj_id": 2}, {"cam_R_m2c": [0.2608794569969177, -0.4741472005844116, 0.8409079909324646, -0.2926632761955261, 0.791234016418457, 0.5369329452514648, -0.9199402332305908, -0.3861776292324066, 0.06765123456716537], "cam_t_m2c": [-31.0766658782959, 247.9742889404297, 954.2662353515625], "obj_id": 1}],
  "3": [{"cam_R_m2c": [0.0008424071711488068, -0.5408692359924316, 0.8411062955856323, 0.038141295313835144, -0.8404771685600281, -0.5405029058456421, 0.9992719888687134, 0.03253621235489845, 0.01992141455411911], "cam_t_m2c": [215.80792236328125, 249.05270385742188, 943.773681640625], "obj_id": 2}, {"cam_R_m2c": [0.5021272301673889, 0.8392268419265747, 0.20872612297534943, -0.789476215839386, 0.5433584451675415, -0.2854626178741455, -0.35298100113868713, -0.021445760503411293, 0.9353846907615662], "cam_t_m2c": [-45.303321838378906, 330.5762023925781, 942.154296875], "obj_id": 1}, {"cam_R_m2c": [-0.551017701625824, 0.8023951649665833, 0.2292192131280899, -0.7261279821395874, -0.5963842272758484, 0.34214600920677185, 0.41123902797698975, 0.02208603173494339, 0.9112599492073059], "cam_t_m2c": [-17.323503494262695, 327.1913146972656, 959.0988159179688], "obj_id": 1}, {"cam_R_m2c": [0.0825616717338562, 0.24014969170093536, -0.9672185182571411, -0.35329174995422363, -0.9004481434822083, -0.25372830033302307, -0.9318629503250122, 0.3626585602760315, 0.010500399395823479], "cam_t_m2c": [9.850055694580078, 331.660400390625, 938.4673461914062], "obj_id": 0}, {"cam_R_m2c": [0.3897339403629303, 0.0008432621252723038, -0.9209271669387817, -0.9202699661254883, 0.03813920542597771, -0.3894209861755371, 0.034795112907886505, 0.9992721676826477, 0.015640126541256905], "cam_t_m2c": [-233.01947021484375, 62.333072662353516, 1057.4554443359375], "obj_id": 3}, {"cam_R_m2c": [0.12043491005897522, 0.9790738224983215, -0.16404232382774353, 0.8487335443496704, -0.01583847776055336, 0.5285834670066833, 0.5149240493774414, -0.2028881162405014, -0.8328802585601807], "cam_t_m2c": [100.62712097167969, 517.2586669921875, 931.3067016601562], "obj_id": 0}, {"cam_R_m2c": [0.5899807214736938, 0.8053774833679199, 0.05735737830400467, 0.7205575108528137, -0.5572344064712524, 0.41265812516212463, 0.3643070459365845, -0.20213106274604797, -0.9090782999992371], "cam_t_m2c": [233.8544158935547, 353.56671142578125, 878.1175537109375], "obj_id": 2}, {"cam_R_m2c": [0.2608794569969177, -0.4741472005844116, 0.8409079909324646, -0.2926632761955261, 0.791234016418457, 0.5369329452514648, -0.9199402332305908, -0.3861776292324066, 0.06765123456716537], "cam_t_m2c": [-31.0766658782959, 247.9742889404297, 954.2662353515625], "obj_id": 1}],
  "4": [{"cam_R_m2c": [0.0008424071711488068, -0.5408692359924316, 0.8411062955856323, 0.038141295313835144, -0.8404771685600281, -0.5405029058456421, 0.9992719888687134, 0.03253621235489845, 0.01992141455411911], "cam_t_m2c": [215.80792236328125, 249.05270385742188, 943.773681640625], "obj_id": 2}, {"cam_R_m2c": [0.5021272301673889, 0.8392268419265747, 0.20872612297534943, -0.789476215839386, 0.5433584451675415, -0.2854626178741455, -0.35298100113868713, -0.021445760503411293, 0.9353846907615662], "cam_t_m2c": [-45.303321838378906, 330.5762023925781, 942.154296875], "obj_id": 1}, {"cam_R_m2c": [-0.551017701625824, 0.8023951649665833, 0.2292192131280899, -0.7261279821395874, -0.5963842272758484, 0.34214600920677185, 0.41123902797698975, 0.02208603173494339, 0.9112599492073059], "cam_t_m2c": [-17.323503494262695, 327.1913146972656, 959.0988159179688], "obj_id": 1}, {"cam_R_m2c": [0.0825616717338562, 0.24014969170093536, -0.9672185182571411, -0.35329174995422363, -0.9004481434822083, -0.25372830033302307, -0.9318629503250122, 0.3626585602760315, 0.010500399395823479], "cam_t_m2c": [9.850055694580078, 331.660400390625, 938.4673461914062], "obj_id": 0}, {"cam_R_m2c": [0.3897339403629303, 0.0008432621252723038, -0.9209271669387817, -0.9202699661254883, 0.03813920542597771, -0.3894209861755371, 0.034795112907886505, 0.9992721676826477, 0.015640126541256905], "cam_t_m2c": [-233.01947021484375, 62.333072662353516, 1057.4554443359375], "obj_id": 3}, {"cam_R_m2c": [0.12043491005897522, 0.9790738224983215, -0.16404232382774353, 0.8487335443496704, -0.01583847776055336, 0.5285834670066833, 0.5149240493774414, -0.2028881162405014, -0.8328802585601807], "cam_t_m2c": [100.62712097167969, 517.2586669921875, 931.3067016601562], "obj_id": 0}, {"cam_R_m2c": [0.5899807214736938, 0.8053774833679199, 0.05735737830400467, 0.7205575108528137, -0.5572344064712524, 0.41265812516212463, 0.3643070459365845, -0.20213106274604797, -0.9090782999992371], "cam_t_m2c": [233.8544158935547, 353.56671142578125, 878.1175537109375], "obj_id": 2}, {"cam_R_m2c": [0.2608794569969177, -0.4741472005844116, 0.8409079909324646, -0.2926632761955261, 0.791234016418457, 0.5369329452514648, -0.9199402332305908, -0.3861776292324066, 0.06765123456716537], "cam_t_m2c": [-31.0766658782959, 247.9742889404297, 954.2662353515625], "obj_id": 1}],
  "5": [{"cam_R_m2c": [0.1922280192375183, -0.04415920004248619, -0.9803562164306641, 0.8944516181945801, 0.41887831687927246, 0.15651588141918182, 0.4037383198738098, -0.9069679975509644, 0.12001842260360718], "cam_t_m2c": [-311.68414306640625, -33.794620513916016, 929.1697998046875], "obj_id": 2}, {"cam_R_m2c": [-0.9157955050468445, -0.36343422532081604, -0.17097921669483185, -0.0508899949491024, -0.31727081537246704, 0.9469684958457947, -0.3984074890613556, 0.8759307265281677, 0.2720601558685303], "cam_t_m2c": [-56.1103515625, -43.49976348876953, 832.1355590820312], "obj_id": 1}, {"cam_R_m2c": [0.09444381296634674, -0.9810904860496521, 0.16894279420375824, 0.7186305522918701, 0.18462659418582916, 0.6704348921775818, -0.6889486908912659, 0.058089111000299454, 0.7224785685539246], "cam_t_m2c": [-77.55372619628906, -29.342933654785156, 852.6590576171875], "obj_id": 1}, {"cam_R_m2c": [-0.4284619390964508, -0.6473464369773865, 0.6303671598434448, -0.7140650749206543, 0.6700716018676758, 0.20276854932308197, -0.5536526441574097, -0.36324459314346313, -0.7493476271629333], "cam_t_m2c": [-100.27094268798828, -52.48649978637695, 864.162841796875], "obj_id": 0}, {"cam_R_m2c": [-0.8345828652381897, 0.19222623109817505, 0.5162560343742371, 0.3654308319091797, 0.8944523930549622, 0.2577115595340729, -0.4122275114059448, 0.40373754501342773, -0.8167400360107422], "cam_t_m2c": [-40.16666793823242, 187.1409454345703, 573.220947265625], "obj_id": 3}, {"cam_R_m2c": [0.47915661334991455, -0.827600359916687, 0.2923809289932251, 0.11587396264076233, -0.2705516517162323, -0.9557065963745117, 0.8700472116470337, 0.49181246757507324, -0.03373929485678673], "cam_t_m2c": [-67.57170104980469, -142.2646026611328, 1047.49072265625], "obj_id": 0}, {"cam_R_m2c": [0.0038782695773988962, -0.9993612170219421, 0.03552351891994476, -0.01388570573180914, -0.03557407483458519, -0.9992704391479492, 0.9998959898948669, 0.003382069757208228, -0.014014698565006256], "cam_t_m2c": [-277.3404541015625, -137.3478546142578, 989.6414184570312], "obj_id": 2}, {"cam_R_m2c": [-0.5343508720397949, 0.7679203152656555, -0.35322409868240356, -0.7444043755531311, -0.6254908442497253, -0.23371568322181702, -0.40041351318359375, 0.13805536925792694, 0.9058750867843628], "cam_t_m2c": [-112.86764526367188, -0.5602710843086243, 786.233642578125], "obj_id": 1}],
  "6": [{"cam_R_m2c": [0.1922280192375183, -0.04415920004248619, -0.9803562164306641, 0.8944516181945801, 0.41887831687927246, 0.15651588141918182, 0.4037383198738098, -0.9069679975509644, 0.12001842260360718], "cam_t_m2c": [-311.68414306640625, -33.794620513916016, 929.1697998046875], "obj_id": 2}, {"cam_R_m2c": [-0.9157955050468445, -0.36343422532081604, -0.17097921669483185, -0.0508899949491024, -0.31727081537246704, 0.9469684958457947, -0.3984074890613556, 0.8759307265281677, 0.2720601558685303], "cam_t_m2c": [-56.1103515625, -43.49976348876953, 832.1355590820312], "obj_id": 1}, {"cam_R_m2c": [0.09444381296634674, -0.9810904860496521, 0.16894279420375824, 0.7186305522918701, 0.18462659418582916, 0.6704348921775818, -0.6889486908912659, 0.058089111000299454, 0.7224785685539246], "cam_t_m2c": [-77.55372619628906, -29.342933654785156, 852.6590576171875], "obj_id": 1}, {"cam_R_m2c": [-0.4284619390964508, -0.6473464369773865, 0.6303671598434448, -0.7140650749206543, 0.6700716018676758, 0.20276854932308197, -0.5536526441574097, -0.36324459314346313, -0.7493476271629333], "cam_t_m2c": [-100.27094268798828, -52.48649978637695, 864.162841796875], "obj_id": 0}, {"cam_R_m2c": [-0.8345828652381897, 0.19222623109817505, 0.5162560343742371, 0.3654308319091797, 0.8944523930549622, 0.2577115595340729, -0.4122275114059448, 0.40373754501342773, -0.8167400360107422], "cam_t_m2c": [-40.16666793823242, 187.1409454345703, 573.220947265625], "obj_id": 3}, {"cam_R_m2c": [0.47915661334991455, -0.827600359916687, 0.2923809289932251, 0.11587396264076233, -0.2705516517162323, -0.9557065963745117, 0.8700472116470337, 0.49181246757507324, -0.03373929485678673], "cam_t_m2c": [-67.57170104980469, -142.2646026611328, 1047.49072265625], "obj_id": 0}, {"cam_R_m2c": [0.0038782695773988962, -0.9993612170219421, 0.03552351891994476, -0.01388570573180914, -0.03557407483458519, -0.9992704391479492, 0.9998959898948669, 0.003382069757208228, -0.014014698565006256], "cam_t_m2c": [-277.3404541015625, -137.3478546142578, 989.6414184570312], "obj_id": 2}, {"cam_R_m2c": [-0.5343508720397949, 0.7679203152656555, -0.35322409868240356, -0.7444043755531311, -0.6254908442497253, -0.23371568322181702, -0.40041351318359375, 0.13805536925792694, 0.9058750867843628], "cam_t_m2c": [-112.86764526367188, -0.5602710843086243, 786.233642578125], "obj_id": 1}],
  "7": [{"cam_R_m2c": [0.1922280192375183, -0.04415920004248619, -0.9803562164306641, 0.8944516181945801, 0.41887831687927246, 0.15651588141918182, 0.4037383198738098, -0.9069679975509644, 0.12001842260360718], "cam_t_m2c": [-311.68414306640625, -33.794620513916016, 929.1697998046875], "obj_id": 2}, {"cam_R_m2c": [-0.9157955050468445, -0.36343422532081604, -0.17097921669483185, -0.0508899949491024, -0.31727081537246704, 0.9469684958457947, -0.3984074890613556, 0.8759307265281677, 0.2720601558685303], "cam_t_m2c": [-56.1103515625, -43.49976348876953, 832.1355590820312], "obj_id": 1}, {"cam_R_m2c": [0.09444381296634674, -0.9810904860496521, 0.16894279420375824, 0.7186305522918701, 0.18462659418582916, 0.6704348921775818, -0.6889486908912659, 0.058089111000299454, 0.7224785685539246], "cam_t_m2c": [-77.55372619628906, -29.342933654785156, 852.6590576171875], "obj_id": 1}, {"cam_R_m2c": [-0.4284619390964508, -0.6473464369773865, 0.6303671598434448, -0.7140650749206543, 0.6700716018676758, 0.20276854932308197, -0.5536526441574097, -0.36324459314346313, -0.7493476271629333], "cam_t_m2c": [-100.27094268798828, -52.48649978637695, 864.162841796875], "obj_id": 0}, {"cam_R_m2c": [-0.8345828652381897, 0.19222623109817505, 0.5162560343742371, 0.3654308319091797, 0.8944523930549622, 0.2577115595340729, -0.4122275114059448, 0.40373754501342773, -0.8167400360107422], "cam_t_m2c": [-40.16666793823242, 187.1409454345703, 573.220947265625], "obj_id": 3}, {"cam_R_m2c": [0.47915661334991455, -0.827600359916687, 0.2923809289932251, 0.11587396264076233, -0.2705516517162323, -0.9557065963745117, 0.8700472116470337, 0.49181246757507324, -0.03373929485678673], "cam_t_m2c": [-67.57170104980469, -142.2646026611328, 1047.49072265625], "obj_id": 0}, {"cam_R_m2c": [0.0038782695773988962, -0.9993612170219421, 0.03552351891994476, -0.01388570573180914, -0.03557407483458519, -0.9992704391479492, 0.9998959898948669, 0.003382069757208228, -0.014014698565006256], "cam_t_m2c": [-277.3404541015625, -137.3478546142578, 989.6414184570312], "obj_id": 2}, {"cam_R_m2c": [-0.5343508720397949, 0.7679203152656555, -0.35322409868240356, -0.7444043755531311, -0.6254908442497253, -0.23371568322181702, -0.40041351318359375, 0.13805536925792694, 0.9058750867843628], "cam_t_m2c": [-112.86764526367188, -0.5602710843086243, 786.233642578125], "obj_id": 1}],
  "8": [{"cam_R_m2c": [0.1922280192375183, -0.04415920004248619, -0.9803562164306641, 0.8944516181945801, 0.41887831687927246, 0.15651588141918182, 0.4037383198738098, -0.9069679975509644, 0.12001842260360718], "cam_t_m2c": [-311.68414306640625, -33.794620513916016, 929.1697998046875], "obj_id": 2}, {"cam_R_m2c": [-0.9157955050468445, -0.36343422532081604, -0.17097921669483185, -0.0508899949491024, -0.31727081537246704, 0.9469684958457947, -0.3984074890613556, 0.8759307265281677, 0.2720601558685303], "cam_t_m2c": [-56.1103515625, -43.49976348876953, 832.1355590820312], "obj_id": 1}, {"cam_R_m2c": [0.09444381296634674, -0.9810904860496521, 0.16894279420375824, 0.7186305522918701, 0.18462659418582916, 0.6704348921775818, -0.6889486908912659, 0.058089111000299454, 0.7224785685539246], "cam_t_m2c": [-77.55372619628906, -29.342933654785156, 852.6590576171875], "obj_id": 1}, {"cam_R_m2c": [-0.4284619390964508, -0.6473464369773865, 0.6303671598434448, -0.7140650749206543, 0.6700716018676758, 0.20276854932308197, -0.5536526441574097, -0.36324459314346313, -0.7493476271629333], "cam_t_m2c": [-100.27094268798828, -52.48649978637695, 864.162841796875], "obj_id": 0}, {"cam_R_m2c": [-0.8345828652381897, 0.19222623109817505, 0.5162560343742371, 0.3654308319091797, 0.8944523930549622, 0.2577115595340729, -0.4122275114059448, 0.40373754501342773, -0.8167400360107422], "cam_t_m2c": [-40.16666793823242, 187.1409454345703, 573.220947265625], "obj_id": 3}, {"cam_R_m2c": [0.47915661334991455, -0.827600359916687, 0.2923809289932251, 0.11587396264076233, -0.2705516517162323, -0.9557065963745117, 0.8700472116470337, 0.49181246757507324, -0.03373929485678673], "cam_t_m2c": [-67.57170104980469, -142.2646026611328, 1047.49072265625], "obj_id": 0}, {"cam_R_m2c": [0.0038782695773988962, -0.9993612170219421, 0.03552351891994476, -0.01388570573180914, -0.03557407483458519, -0.9992704391479492, 0.9998959898948669, 0.003382069757208228, -0.014014698565006256], "cam_t_m2c": [-277.3404541015625, -137.3478546142578, 989.6414184570312], "obj_id": 2}, {"cam_R_m2c": [-0.5343508720397949, 0.7679203152656555, -0.35322409868240356, -0.7444043755531311, -0.6254908442497253, -0.23371568322181702, -0.40041351318359375, 0.13805536925792694, 0.9058750867843628], "cam_t_m2c": [-112.86764526367188, -0.5602710843086243, 786.233642578125], "obj_id": 1}],
  "9": [{"cam_R_m2c": [0.1922280192375183, -0.04415920004248619, -0.9803562164306641, 0.8944516181945801, 0.41887831687927246, 0.15651588141918182, 0.4037383198738098, -0.9069679975509644, 0.12001842260360718], "cam_t_m2c": [-311.68414306640625, -33.794620513916016, 929.1697998046875], "obj_id": 2}, {"cam_R_m2c": [-0.9157955050468445, -0.36343422532081604, -0.17097921669483185, -0.0508899949491024, -0.31727081537246704, 0.9469684958457947, -0.3984074890613556, 0.8759307265281677, 0.2720601558685303], "cam_t_m2c": [-56.1103515625, -43.49976348876953, 832.1355590820312], "obj_id": 1}, {"cam_R_m2c": [0.09444381296634674, -0.9810904860496521, 0.16894279420375824, 0.7186305522918701, 0.18462659418582916, 0.6704348921775818, -0.6889486908912659, 0.058089111000299454, 0.7224785685539246], "cam_t_m2c": [-77.55372619628906, -29.342933654785156, 852.6590576171875], "obj_id": 1}, {"cam_R_m2c": [-0.4284619390964508, -0.6473464369773865, 0.6303671598434448, -0.7140650749206543, 0.6700716018676758, 0.20276854932308197, -0.5536526441574097, -0.36324459314346313, -0.7493476271629333], "cam_t_m2c": [-100.27094268798828, -52.48649978637695, 864.162841796875], "obj_id": 0}, {"cam_R_m2c": [-0.8345828652381897, 0.19222623109817505, 0.5162560343742371, 0.3654308319091797, 0.8944523930549622, 0.2577115595340729, -0.4122275114059448, 0.40373754501342773, -0.8167400360107422], "cam_t_m2c": [-40.16666793823242, 187.1409454345703, 573.220947265625], "obj_id": 3}, {"cam_R_m2c": [0.47915661334991455, -0.827600359916687, 0.2923809289932251, 0.11587396264076233, -0.2705516517162323, -0.9557065963745117, 0.8700472116470337, 0.49181246757507324, -0.03373929485678673], "cam_t_m2c": [-67.57170104980469, -142.2646026611328, 1047.49072265625], "obj_id": 0}, {"cam_R_m2c": [0.0038782695773988962, -0.9993612170219421, 0.03552351891994476, -0.01388570573180914, -0.03557407483458519, -0.9992704391479492, 0.9998959898948669, 0.003382069757208228, -0.014014698565006256], "cam_t_m2c": [-277.3404541015625, -137.3478546142578, 989.6414184570312], "obj_id": 2}, {"cam_R_m2c": [-0.5343508720397949, 0.7679203152656555, -0.35322409868240356, -0.7444043755531311, -0.6254908442497253, -0.23371568322181702, -0.40041351318359375, 0.13805536925792694, 0.9058750867843628], "cam_t_m2c": [-112.86764526367188, -0.5602710843086243, 786.233642578125], "obj_id": 1}],
  "10": [{"cam_R_m2c": [0.1922280192375183, -0.04415920004248619, -0.9803562164306641, 0.8944516181945801, 0.41887831687927246, 0.15651588141918182, 0.4037383198738098, -0.9069679975509644, 0.12001842260360718], "cam_t_m2c": [-311.68414306640625, -33.794620513916016, 929.1697998046875], "obj_id": 2}, {"cam_R_m2c": [-0.9157955050468445, -0.36343422532081604, -0.17097921669483185, -0.0508899949491024, -0.31727081537246704, 0.9469684958457947, -0.3984074890613556, 0.8759307265281677, 0.2720601558685303], "cam_t_m2c": [-56.1103515625, -43.49976348876953, 832.1355590820312], "obj_id": 1}, {"cam_R_m2c": [0.09444381296634674, -0.9810904860496521, 0.16894279420375824, 0.7186305522918701, 0.18462659418582916, 0.6704348921775818, -0.6889486908912659, 0.058089111000299454, 0.7224785685539246], "cam_t_m2c": [-77.55372619628906, -29.342933654785156, 852.6590576171875], "obj_id": 1}, {"cam_R_m2c": [-0.4284619390964508, -0.6473464369773865, 0.6303671598434448, -0.7140650749206543, 0.6700716018676758, 0.20276854932308197, -0.5536526441574097, -0.36324459314346313, -0.7493476271629333], "cam_t_m2c": [-100.27094268798828, -52.48649978637695, 864.162841796875], "obj_id": 0}, {"cam_R_m2c": [-0.8345828652381897, 0.19222623109817505, 0.5162560343742371, 0.3654308319091797, 0.8944523930549622, 0.2577115595340729, -0.4122275114059448, 0.40373754501342773, -0.8167400360107422], "cam_t_m2c": [-40.16666793823242, 187.1409454345703, 573.220947265625], "obj_id": 3}, {"cam_R_m2c": [0.47915661334991455, -0.827600359916687, 0.2923809289932251, 0.11587396264076233, -0.2705516517162323, -0.9557065963745117, 0.8700472116470337, 0.49181246757507324, -0.03373929485678673], "cam_t_m2c": [-67.57170104980469, -142.2646026611328, 1047.49072265625], "obj_id": 0}, {"cam_R_m2c": [0.0038782695773988962, -0.9993612170219421, 0.03552351891994476, -0.01388570573180914, -0.03557407483458519, -0.9992704391479492, 0.9998959898948669, 0.003382069757208228, -0.014014698565006256], "cam_t_m2c": [-277.3404541015625, -137.3478546142578, 989.6414184570312], "obj_id": 2}, {"cam_R_m2c": [-0.5343508720397949, 0.7679203152656555, -0.35322409868240356, -0.7444043755531311, -0.6254908442497253, -0.23371568322181702, -0.40041351318359375, 0.13805536925792694, 0.9058750867843628], "cam_t_m2c": [-112.86764526367188, -0.5602710843086243, 786.233642578125], "obj_id": 1}],
  "11": [{"cam_R_m2c": [0.1922280192375183, -0.04415920004248619, -0.9803562164306641, 0.8944516181945801, 0.41887831687927246, 0.15651588141918182, 0.4037383198738098, -0.9069679975509644, 0.12001842260360718], "cam_t_m2c": [-311.68414306640625, -33.794620513916016, 929.1697998046875], "obj_id": 2}, {"cam_R_m2c": [-0.9157955050468445, -0.36343422532081604, -0.17097921669483185, -0.0508899949491024, -0.31727081537246704, 0.9469684958457947, -0.3984074890613556, 0.8759307265281677, 0.2720601558685303], "cam_t_m2c": [-56.1103515625, -43.49976348876953, 832.1355590820312], "obj_id": 1}, {"cam_R_m2c": [0.09444381296634674, -0.9810904860496521, 0.16894279420375824, 0.7186305522918701, 0.18462659418582916, 0.6704348921775818, -0.6889486908912659, 0.058089111000299454, 0.7224785685539246], "cam_t_m2c": [-77.55372619628906, -29.342933654785156, 852.6590576171875], "obj_id": 1}, {"cam_R_m2c": [-0.4284619390964508, -0.6473464369773865, 0.6303671598434448, -0.7140650749206543, 0.6700716018676758, 0.20276854932308197, -0.5536526441574097, -0.36324459314346313, -0.7493476271629333], "cam_t_m2c": [-100.27094268798828, -52.48649978637695, 864.162841796875], "obj_id": 0}, {"cam_R_m2c": [-0.8345828652381897, 0.19222623109817505, 0.5162560343742371, 0.3654308319091797, 0.8944523930549622, 0.2577115595340729, -0.4122275114059448, 0.40373754501342773, -0.8167400360107422], "cam_t_m2c": [-40.16666793823242, 187.1409454345703, 573.220947265625], "obj_id": 3}, {"cam_R_m2c": [0.47915661334991455, -0.827600359916687, 0.2923809289932251, 0.11587396264076233, -0.2705516517162323, -0.9557065963745117, 0.8700472116470337, 0.49181246757507324, -0.03373929485678673], "cam_t_m2c": [-67.57170104980469, -142.2646026611328, 1047.49072265625], "obj_id": 0}, {"cam_R_m2c": [0.0038782695773988962, -0.9993612170219421, 0.03552351891994476, -0.01388570573180914, -0.03557407483458519, -0.9992704391479492, 0.9998959898948669, 0.003382069757208228, -0.014014698565006256], "cam_t_m2c": [-277.3404541015625, -137.3478546142578, 989.6414184570312], "obj_id": 2}, {"cam_R_m2c": [-0.5343508720397949, 0.7679203152656555, -0.35322409868240356, -0.7444043755531311, -0.6254908442497253, -0.23371568322181702, -0.40041351318359375, 0.13805536925792694, 0.9058750867843628], "cam_t_m2c": [-112.86764526367188, -0.5602710843086243, 786.233642578125], "obj_id": 1}],
  "12": [{"cam_R_m2c": [0.1922280192375183, -0.04415920004248619, -0.9803562164306641, 0.8944516181945801, 0.41887831687927246, 0.15651588141918182, 0.4037383198738098, -0.9069679975509644, 0.12001842260360718], "cam_t_m2c": [-311.68414306640625, -33.794620513916016, 929.1697998046875], "obj_id": 2}, {"cam_R_m2c": [-0.9157955050468445, -0.36343422532081604, -0.17097921669483185, -0.0508899949491024, -0.31727081537246704, 0.9469684958457947, -0.3984074890613556, 0.8759307265281677, 0.2720601558685303], "cam_t_m2c": [-56.1103515625, -43.49976348876953, 832.1355590820312], "obj_id": 1}, {"cam_R_m2c": [0.09444381296634674, -0.9810904860496521, 0.16894279420375824, 0.7186305522918701, 0.18462659418582916, 0.6704348921775818, -0.6889486908912659, 0.058089111000299454, 0.7224785685539246], "cam_t_m2c": [-77.55372619628906, -29.342933654785156, 852.6590576171875], "obj_id": 1}, {"cam_R_m2c": [-0.4284619390964508, -0.6473464369773865, 0.6303671598434448, -0.7140650749206543, 0.6700716018676758, 0.20276854932308197, -0.5536526441574097, -0.36324459314346313, -0.7493476271629333], "cam_t_m2c": [-100.27094268798828, -52.48649978637695, 864.162841796875], "obj_id": 0}, {"cam_R_m2c": [-0.8345828652381897, 0.19222623109817505, 0.5162560343742371, 0.3654308319091797, 0.8944523930549622, 0.2577115595340729, -0.4122275114059448, 0.40373754501342773, -0.8167400360107422], "cam_t_m2c": [-40.16666793823242, 187.1409454345703, 573.220947265625], "obj_id": 3}, {"cam_R_m2c": [0.47915661334991455, -0.827600359916687, 0.2923809289932251, 0.11587396264076233, -0.2705516517162323, -0.9557065963745117, 0.8700472116470337, 0.49181246757507324, -0.03373929485678673], "cam_t_m2c": [-67.57170104980469, -142.2646026611328, 1047.49072265625], "obj_id": 0}, {"cam_R_m2c": [0.0038782695773988962, -0.9993612170219421, 0.03552351891994476, -0.01388570573180914, -0.03557407483458519, -0.9992704391479492, 0.9998959898948669, 0.003382069757208228, -0.014014698565006256], "cam_t_m2c": [-277.3404541015625, -137.3478546142578, 989.6414184570312], "obj_id": 2}, {"cam_R_m2c": [-0.5343508720397949, 0.7679203152656555, -0.35322409868240356, -0.7444043755531311, -0.6254908442497253, -0.23371568322181702, -0.40041351318359375, 0.13805536925792694, 0.9058750867843628], "cam_t_m2c": [-112.86764526367188, -0.5602710843086243, 786.233642578125], "obj_id": 1}],
  "13": [{"cam_R_m2c": [0.1922280192375183, -0.04415920004248619, -0.9803562164306641, 0.8944516181945801, 0.41887831687927246, 0.15651588141918182, 0.4037383198738098, -0.9069679975509644, 0.12001842260360718], "cam_t_m2c": [-311.68414306640625, -33.794620513916016, 929.1697998046875], "obj_id": 2}, {"cam_R_m2c": [-0.9157955050468445, -0.36343422532081604, -0.17097921669483185, -0.0508899949491024, -0.31727081537246704, 0.9469684958457947, -0.3984074890613556, 0.8759307265281677, 0.2720601558685303], "cam_t_m2c": [-56.1103515625, -43.49976348876953, 832.1355590820312], "obj_id": 1}, {"cam_R_m2c": [0.09444381296634674, -0.9810904860496521, 0.16894279420375824, 0.7186305522918701, 0.18462659418582916, 0.6704348921775818, -0.6889486908912659, 0.058089111000299454, 0.7224785685539246], "cam_t_m2c": [-77.55372619628906, -29.342933654785156, 852.6590576171875], "obj_id": 1}, {"cam_R_m2c": [-0.4284619390964508, -0.6473464369773865, 0.6303671598434448, -0.7140650749206543, 0.6700716018676758, 0.20276854932308197, -0.5536526441574097, -0.36324459314346313, -0.7493476271629333], "cam_t_m2c": [-100.27094268798828, -52.48649978637695, 864.162841796875], "obj_id": 0}, {"cam_R_m2c": [-0.8345828652381897, 0.19222623109817505, 0.5162560343742371, 0.3654308319091797, 0.8944523930549622, 0.2577115595340729, -0.4122275114059448, 0.40373754501342773, -0.8167400360107422], "cam_t_m2c": [-40.16666793823242, 187.1409454345703, 573.220947265625], "obj_id": 3}, {"cam_R_m2c": [0.47915661334991455, -0.827600359916687, 0.2923809289932251, 0.11587396264076233, -0.2705516517162323, -0.9557065963745117, 0.8700472116470337, 0.49181246757507324, -0.03373929485678673], "cam_t_m2c": [-67.57170104980469, -142.2646026611328, 1047.49072265625], "obj_id": 0}, {"cam_R_m2c": [0.0038782695773988962, -0.9993612170219421, 0.03552351891994476, -0.01388570573180914, -0.03557407483458519, -0.9992704391479492, 0.9998959898948669, 0.003382069757208228, -0.014014698565006256], "cam_t_m2c": [-277.3404541015625, -137.3478546142578, 989.6414184570312], "obj_id": 2}, {"cam_R_m2c": [-0.5343508720397949, 0.7679203152656555, -0.35322409868240356, -0.7444043755531311, -0.6254908442497253, -0.23371568322181702, -0.40041351318359375, 0.13805536925792694, 0.9058750867843628], "cam_t_m2c": [-112.86764526367188, -0.5602710843086243, 786.233642578125], "obj_id": 1}],
  "14": [{"cam_R_m2c": [0.1922280192375183, -0.04415920004248619, -0.9803562164306641, 0.8944516181945801, 0.41887831687927246, 0.15651588141918182, 0.4037383198738098, -0.9069679975509644, 0.12001842260360718], "cam_t_m2c": [-311.68414306640625, -33.794620513916016, 929.1697998046875], "obj_id": 2}, {"cam_R_m2c": [-0.9157955050468445, -0.36343422532081604, -0.17097921669483185, -0.0508899949491024, -0.31727081537246704, 0.9469684958457947, -0.3984074890613556, 0.8759307265281677, 0.2720601558685303], "cam_t_m2c": [-56.1103515625, -43.49976348876953, 832.1355590820312], "obj_id": 1}, {"cam_R_m2c": [0.09444381296634674, -0.9810904860496521, 0.16894279420375824, 0.7186305522918701, 0.18462659418582916, 0.6704348921775818, -0.6889486908912659, 0.058089111000299454, 0.7224785685539246], "cam_t_m2c": [-77.55372619628906, -29.342933654785156, 852.6590576171875], "obj_id": 1}, {"cam_R_m2c": [-0.4284619390964508, -0.6473464369773865, 0.6303671598434448, -0.7140650749206543, 0.6700716018676758, 0.20276854932308197, -0.5536526441574097, -0.36324459314346313, -0.7493476271629333], "cam_t_m2c": [-100.27094268798828, -52.48649978637695, 864.162841796875], "obj_id": 0}, {"cam_R_m2c": [-0.8345828652381897, 0.19222623109817505, 0.5162560343742371, 0.3654308319091797, 0.8944523930549622, 0.2577115595340729, -0.4122275114059448, 0.40373754501342773, -0.8167400360107422], "cam_t_m2c": [-40.16666793823242, 187.1409454345703, 573.220947265625], "obj_id": 3}, {"cam_R_m2c": [0.47915661334991455, -0.827600359916687, 0.2923809289932251, 0.11587396264076233, -0.2705516517162323, -0.9557065963745117, 0.8700472116470337, 0.49181246757507324, -0.03373929485678673], "cam_t_m2c": [-67.57170104980469, -142.2646026611328, 1047.49072265625], "obj_id": 0}, {"cam_R_m2c": [0.0038782695773988962, -0.9993612170219421, 0.03552351891994476, -0.01388570573180914, -0.03557407483458519, -0.9992704391479492, 0.9998959898948669, 0.003382069757208228, -0.014014698565006256], "cam_t_m2c": [-277.3404541015625, -137.3478546142578, 989.6414184570312], "obj_id": 2}, {"cam_R_m2c": [-0.5343508720397949, 0.7679203152656555, -0.35322409868240356, -0.7444043755531311, -0.6254908442497253, -0.23371568322181702, -0.40041351318359375, 0.13805536925792694, 0.9058750867843628], "cam_t_m2c": [-112.86764526367188, -0.5602710843086243, 786.233642578125], "obj_id": 1}]
}