{
  "0": [{"cam_R_m2c": [-0.7929896712303162, 0.125795379281044, -0.5961065292358398, -0.19101420044898987, 0.8777784109115601, 0.4393388628959656, 0.5785162448883057, 0.46225595474243164, -0.6720405220985413], "cam_t_m2c": [-228.25146484375, 16.052902221679688, 989.2158203125], "obj_id": 3}, {"cam_R_m2c": [-0.41155365109443665, 0.25215986371040344, -0.875807523727417, 0.5517109632492065, -0.6959540247917175, -0.45963338017463684, -0.7254229784011841, -0.6723564863204956, 0.14730317890644073], "cam_t_m2c": [21.47642707824707, -57.41563034057617, 841.8155517578125], "obj_id": 3}, {"cam_R_m2c": [-0.6281732320785522, -0.011778046377003193, 0.7779844403266907, 0.45260486006736755, -0.8188421130180359, 0.35305318236351013, 0.6328880786895752, 0.5738980770111084, 0.5197054147720337], "cam_t_m2c": [62.00395202636719, -140.4831085205078, 1030.0050048828125], "obj_id": 3}, {"cam_R_m2c": [0.32527539134025574, 0.25861725211143494, -0.9095674157142639, 0.5677002668380737, -0.8226554989814758, -0.030887268483638763, -0.7562487721443176, -0.5063148140907288, -0.41440659761428833], "cam_t_m2c": [-11.621871948242188, -21.40995216369629, 808.0843505859375], "obj_id": 3}, {"cam_R_m2c": [0.626990020275116, -0.32674771547317505, 0.7071912288665771, -0.7558349967002869, -0.4750054180622101, 0.45064759254455566, 0.18867160379886627, -0.8170714378356934, -0.5447909832000732], "cam_t_m2c": [-86.93412780761719, 100.8639907836914, 784.13232421875], "obj_id": 3}, {"cam_R_m2c": [0.3316469192504883, -0.4213552474975586, 0.8440793752670288, -0.7028873562812805, -0.7071400880813599, -0.07682551443576813, 0.6292532682418823, -0.5678138136863708, -0.53068608045578], "cam_t_m2c": [-136.566650390625, 147.6896514892578, 1049.4677734375], "obj_id": 3}, {"cam_R_m2c": [-0.12118656188249588, -0.9295148849487305, -0.34830424189567566, 0.5336424708366394, 0.23486176133155823, -0.8124442100524902, 0.8369823694229126, -0.28432729840278625, 0.467566579580307], "cam_t_m2c": [-172.91883850097656, 86.0700912475586, 1145.68701171875], "obj_id": 3}, {"cam_R_m2c": [0.19556330144405365, -0.08404741436243057, 0.9770829081535339, 0.8761717677116394, -0.43258997797966003, -0.2125767171382904, 0.4405428469181061, 0.8976646661758423, -0.010958706960082054], "cam_t_m2c": [-247.0812530517578, 32.888736724853516, 1023.6936645507812], "obj_id": 3}, {"cam_R_m2c": [0.4775574803352356, -0.8441961407661438, -0.2434578388929367, 0.6985616683959961, 0.19677115976810455, 0.6879626512527466, -0.5328699946403503, -0.49861201643943787, 0.6836926341056824], "cam_t_m2c": [16.3605899810791, -94.68477630615234, 776.620849609375], "obj_id": 3}, {"cam_R_m2c": [0.34274575114250183, 0.939422070980072, 0.0033880588598549366, 0.35680490732192993, -0.12684130668640137, -0.9255276322364807, -0.8690313696861267, 0.31842947006225586, -0.37866467237472534], "cam_t_m2c": [17.650062561035156, -30.9464054107666, 906.8253784179688], "obj_id": 3}, {"cam_R_m2c": [0.9800398349761963, -0.10625476390123367, 0.16802318394184113, -0.17799536883831024, -0.8454129695892334, 0.503581702709198, 0.08854101598262787, -0.5234375, -0.8474512696266174], "cam_t_m2c": [58.35048294067383, 16.60346221923828, 1185.66357421875], "obj_id": 3}, {"cam_R_m2c": [-0.2284141629934311, -0.9589307904243469, 0.1681620478630066, 0.07817051559686661, -0.1902349442243576, -0.9786213636398315, 0.9704205989837646, -0.2103857696056366, 0.11841260641813278], "cam_t_m2c": [-108.32984924316406, 100.61697387695312, 1075.2359619140625], "obj_id": 3}, {"cam_R_m2c": [-0.7268707752227783, -0.6693610548973083, -0.15367016196250916, 0.6288968324661255, -0.7386439442634583, 0.24268043041229248, -0.2759483754634857, 0.07975463569164276, 0.9578578472137451], "cam_t_m2c": [-279.0655822753906, 76.99678802490234, 1148.4683837890625], "obj_id": 3}, {"cam_R_m2c": [0.6207545399665833, -0.30851930379867554, 0.7207492589950562, 0.6821836233139038, -0.24051283299922943, -0.6904916763305664, 0.3863796293735504, 0.9203092455863953, 0.06116746738553047], "cam_t_m2c": [-337.7919006347656, 52.52748107910156, 1102.7257080078125], "obj_id": 3}, {"cam_R_m2c": [-0.7724504470825195, 0.5737782120704651, -0.2722105383872986, -0.6286423206329346, -0.6299745440483093, 0.4560050070285797, 0.09016002714633942, 0.5233644247055054, 0.8473256826400757], "cam_t_m2c": [-16.88921356201172, 60.59404754638672, 1147.3270263671875], "obj_id": 3}, {"cam_R_m2c": [-0.09288019686937332, 0.7480894923210144, -0.657065749168396, 0.5807393789291382, -0.4953393340110779, -0.6460500359535217, -0.8087737560272217, -0.44158920645713806, -0.38843777775764465], "cam_t_m2c": [3.2745659351348877, 179.96099853515625, 1042.197509765625], "obj_id": 3}, {"cam_R_m2c": [-0.6458537578582764, -0.7319698333740234, -0.21700899302959442, 0.496978223323822, -0.6188539266586304, 0.6083028316497803, -0.5795562267303467, 0.285025954246521, 0.7634623646736145], "cam_t_m2c": [-31.01043128967285, -192.3675079345703, 935.5230102539062], "obj_id": 3}, {"cam_R_m2c": [0.8486913442611694, 0.44242921471595764, 0.28979188203811646, 0.05576591193675995, 0.4700147211551666, -0.8808951377868652, -0.5259402394294739, 0.7637686133384705, 0.3742249608039856], "cam_t_m2c": [-196.1133270263672, 5.751589298248291, 1129.5574951171875], "obj_id": 3}, {"cam_R_m2c": [-0.21718592941761017, 0.7963113188743591, -0.564551591873169, -0.8671400547027588, -0.42296236753463745, -0.2630036175251007, -0.44821685552597046, 0.4324246048927307, 0.7823749780654907], "cam_t_m2c": [85.58747100830078, -175.4075469970703, 885.8140869140625], "obj_id": 3}, {"cam_R_m2c": [0.9696055054664612, 0.21157486736774445, 0.12288714200258255, 0.20665045082569122, -0.9770494103431702, 0.05167107656598091, 0.1309991180896759, -0.024705877527594566, -0.9910745620727539], "cam_t_m2c": [-143.2747039794922, -267.41864013671875, 1018.804931640625], "obj_id": 3}, {"cam_R_m2c": [0.7416808009147644, -0.15710245072841644, 0.652095377445221, 0.5210210084915161, -0.47732916474342346, -0.7075971961021423, 0.4224294424057007, 0.8645666837692261, -0.2721721827983856], "cam_t_m2c": [-78.25155639648438, -21.944515228271484, 707.9987182617188], "obj_id": 3}, {"cam_R_m2c": [0.8144037127494812, -0.43395552039146423, -0.3852650821208954, -0.5786553621292114, -0.557368814945221, -0.5953971147537231, 0.043641120195388794, 0.7078293561935425, -0.7050339579582214], "cam_t_m2c": [-69.35545349121094, -164.1014862060547, 1108.3397216796875], "obj_id": 3}, {"cam_R_m2c": [0.2362450659275055, -0.6921131610870361, -0.6820319294929504, 0.14588820934295654, -0.6686801910400391, 0.7290974855422974, -0.9606793522834778, -0.27174606919288635, -0.05700111761689186], "cam_t_m2c": [-189.97515869140625, 83.38995361328125, 1179.4876708984375], "obj_id": 3}, {"cam_R_m2c": [0.6232513189315796, 0.778789222240448, -0.07102825492620468, -0.6663246154785156, 0.48130545020103455, -0.56952303647995, -0.4093521535396576, 0.40228384733200073, 0.8189007639884949], "cam_t_m2c": [-188.5789031982422, 142.8677520751953, 1108.5230712890625], "obj_id": 3}, {"cam_R_m2c": [0.610612154006958, 0.3741258382797241, -0.6979846954345703, -0.7515988349914551, 0.5514591932296753, -0.3619280159473419, 0.24950344860553741, 0.7456021308898926, 0.6179202198982239], "cam_t_m2c": [-214.0762176513672, 42.18142318725586, 1136.6329345703125], "obj_id": 3}, {"cam_R_m2c": [0.6118994355201721, -0.17380426824092865, -0.771602988243103, -0.7897946238517761, -0.1866491138935089, -0.5842829942703247, -0.042468104511499405, 0.9669303297996521, -0.2514801621437073], "cam_t_m2c": [-187.96803283691406, -94.72662353515625, 794.8176879882812], "obj_id": 3}, {"cam_R_m2c": [0.6866858005523682, -0.15719768404960632, -0.7097545862197876, -0.004578000400215387, -0.9772557616233826, 0.2120150923728943, -0.7269399762153625, -0.14233849942684174, -0.6717873215675354], "cam_t_m2c": [-132.1754608154297, -119.58177947998047, 1100.075439453125], "obj_id": 3}, {"cam_R_m2c": [0.9676694273948669, -0.237935408949852, 0.08368183672428131, -0.18593625724315643, -0.8971292972564697, -0.4007324278354645, 0.17042188346385956, 0.3722170293331146, -0.9123654365539551], "cam_t_m2c": [68.22191619873047, -242.90625, 1011.3482666015625], "obj_id": 3}, {"cam_R_m2c": [-0.4499633014202118, -0.3428553342819214, -0.8246109485626221, 0.10935722291469574, -0.9375725388526917, 0.3301496207714081, -0.8863261342048645, 0.05837803706526756, 0.45936691761016846], "cam_t_m2c": [59.255123138427734, 15.648226737976074, 1245.0067138671875], "obj_id": 1}, {"cam_R_m2c": [0.006255593150854111, 0.20146799087524414, 0.9794749617576599, -0.24235747754573822, -0.9499857425689697, 0.19695021212100983, 0.9701666831970215, -0.23861512541770935, 0.04288484528660774], "cam_t_m2c": [-105.76174926757812, 39.79963684082031, 838.5282592773438], "obj_id": 1}, {"cam_R_m2c": [0.4441308379173279, -0.05533239245414734, -0.8942516446113586, 0.6573983430862427, 0.6982643604278564, 0.2832918167114258, 0.6087487936019897, -0.7136982083320618, 0.3464961647987366], "cam_t_m2c": [-252.40516662597656, -11.199906349182129, 1061.1341552734375], "obj_id": 1}, {"cam_R_m2c": [0.04640039801597595, 0.9808212518692017, -0.18930581212043762, -0.8164888620376587, -0.07194038480520248, -0.5728617310523987, -0.5754936933517456, 0.18114709854125977, 0.7974914908409119], "cam_t_m2c": [-132.38690185546875, -38.15039825439453, 753.6651611328125], "obj_id": 1}, {"cam_R_m2c": [-0.7111189961433411, 0.04761100560426712, -0.7014577388763428, -0.6077755689620972, 0.4599231481552124, 0.647363543510437, 0.3534383177757263, 0.8866813778877258, -0.298123300075531], "cam_t_m2c": [4.8753252029418945, 9.885207176208496, 1264.9779052734375], "obj_id": 1}, {"cam_R_m2c": [0.030894815921783447, 0.25049054622650146, 0.9676258563995361, -0.9783453345298767, -0.19064496457576752, 0.08058951795101166, 0.20466001331806183, -0.9491621255874634, 0.2391764223575592], "cam_t_m2c": [-62.673545837402344, -241.79617309570312, 1176.89990234375], "obj_id": 1}, {"cam_R_m2c": [-0.6100661754608154, -0.7842201590538025, -0.11321667581796646, 0.5718545913696289, -0.534683108329773, 0.622170627117157, -0.5484537482261658, 0.3148217797279358, 0.7746520042419434], "cam_t_m2c": [-102.94895935058594, -6.794234752655029, 1282.3446044921875], "obj_id": 1}, {"cam_R_m2c": [-0.09056593477725983, -0.6617192625999451, 0.744261622428894, 0.5936790108680725, 0.564152181148529, 0.5738270878791809, -0.7995892763137817, 0.4938217103481293, 0.34175586700439453], "cam_t_m2c": [31.139041900634766, -19.552692413330078, 901.3524780273438], "obj_id": 1}, {"cam_R_m2c": [0.5316475629806519, 0.06574501842260361, 0.8444101214408875, 0.03096560575067997, 0.9948073625564575, -0.09695101529359818, -0.8463994264602661, 0.0776914432644844, 0.5268510580062866], "cam_t_m2c": [21.98757553100586, -131.03187561035156, 965.7589111328125], "obj_id": 1}, {"cam_R_m2c": [0.9617467522621155, 0.1032632365822792, -0.2537318468093872, -0.22655363380908966, 0.8205271363258362, -0.5247939229011536, 0.15400193631649017, 0.5622027516365051, 0.812533974647522], "cam_t_m2c": [41.63185119628906, -17.623754501342773, 1249.440673828125], "obj_id": 1}, {"cam_R_m2c": [0.5049355626106262, 0.7391900420188904, -0.4456883370876312, 0.8608894944190979, -0.4686828851699829, 0.19800353050231934, -0.06252429634332657, -0.4836674630641937, -0.8730155825614929], "cam_t_m2c": [-241.14599609375, -4.368029594421387, 943.5021362304688], "obj_id": 1}, {"cam_R_m2c": [-0.10605613887310028, -0.9291819334030151, -0.3540802597999573, -0.21908123791217804, 0.36917346715927124, -0.9031690359115601, 0.9699254631996155, -0.018214337527751923, -0.24271941184997559], "cam_t_m2c": [-24.354530334472656, 138.00135803222656, 988.3570556640625], "obj_id": 1}, {"cam_R_m2c": [-0.7350983023643494, 0.6779439449310303, 0.0047433506697416306, -0.30903196334838867, -0.34129598736763, 0.8877028226852417, 0.6034316420555115, 0.6510829925537109, 0.46039244532585144], "cam_t_m2c": [-63.20454025268555, -61.400821685791016, 1331.7529296875], "obj_id": 1}, {"cam_R_m2c": [-0.40978196263313293, -0.1183624118566513, 0.9044716954231262, 0.570253849029541, -0.8071446418762207, 0.1527346521615982, 0.7119615077972412, 0.5783663988113403, 0.3982500433921814], "cam_t_m2c": [74.84945678710938, -218.2860107421875, 934.8756713867188], "obj_id": 1}, {"cam_R_m2c": [0.8714237809181213, -0.11269325017929077, 0.47741055488586426, -0.24014140665531158, -0.9466580748558044, 0.21487367153167725, 0.4277297258377075, -0.30189207196235657, -0.8520026206970215], "cam_t_m2c": [-147.84451293945312, 180.65528869628906, 1053.16357421875], "obj_id": 1}, {"cam_R_m2c": [0.2713702917098999, 0.16357652842998505, 0.9484728574752808, 0.7122477293014526, -0.6969332695007324, -0.08358795195817947, 0.6473493576049805, 0.6982309818267822, -0.30563393235206604], "cam_t_m2c": [-96.37708282470703, 118.82538604736328, 938.8885498046875], "obj_id": 1}, {"cam_R_m2c": [0.32865169644355774, -0.8869594931602478, -0.32448557019233704, -0.33843687176704407, 0.21015332639217377, -0.9172218441963196, 0.8817303776741028, 0.4112643599510193, -0.231112539768219], "cam_t_m2c": [-214.26947021484375, 0.011233612895011902, 1109.9954833984375], "obj_id": 1}, {"cam_R_m2c": [-0.5870745778083801, -0.8094875812530518, 0.008569518104195595, 0.6561806201934814, -0.46963703632354736, 0.5906506180763245, -0.4740997850894928, 0.35237908363342285, 0.8068819046020508], "cam_t_m2c": [-74.49164581298828, 123.78150939941406, 1124.6549072265625], "obj_id": 1}, {"cam_R_m2c": [0.658495306968689, 0.5154479742050171, 0.548358678817749, -0.7448917627334595, 0.5503113269805908, 0.37721824645996094, -0.10733157396316528, -0.6568643450737, 0.7463304400444031], "cam_t_m2c": [-142.19131469726562, 108.79534912109375, 1001.114013671875], "obj_id": 1}, {"cam_R_m2c": [-0.8287564516067505, 0.1690007448196411, -0.5334802269935608, 0.3660392463207245, -0.5573824644088745, -0.7452112436294556, -0.4232938587665558, -0.8128734827041626, 0.4000736474990845], "cam_t_m2c": [50.22785186767578, -108.83173370361328, 796.1976928710938], "obj_id": 1}, {"cam_R_m2c": [0.11566989868879318, -0.7406802773475647, 0.6618255972862244, -0.7794886827468872, 0.34528669714927673, 0.5226609110832214, -0.6156442165374756, -0.5763417482376099, -0.5374126434326172], "cam_t_m2c": [24.662830352783203, -158.59486389160156, 1058.316162109375], "obj_id": 1}, {"cam_R_m2c": [0.39381730556488037, -0.08744440227746964, -0.9150198698043823, 0.8552300333976746, 0.39969491958618164, 0.32988712191581726, 0.33688199520111084, -0.9124677181243896, 0.23219187557697296], "cam_t_m2c": [-138.6327362060547, -79.82319641113281, 1026.9974365234375], "obj_id": 1}, {"cam_R_m2c": [0.905635416507721, -0.2676711678504944, -0.32890206575393677, 0.1481483429670334, 0.9264475107192993, -0.3460449278354645, 0.3973367512226105, 0.26466426253318787, 0.8786787390708923], "cam_t_m2c": [114.36453247070312, -75.67487335205078, 947.3475952148438], "obj_id": 1}, {"cam_R_m2c": [0.6794096827507019, -0.5267954468727112, -0.5107729434967041, -0.6813454031944275, -0.7113004326820374, -0.17268498241901398, -0.27234333753585815, 0.4653366208076477, -0.8421940803527832], "cam_t_m2c": [-37.734397888183594, -54.30801773071289, 829.378173828125], "obj_id": 1}, {"cam_R_m2c": [0.650292158126831, -0.7191963791847229, -0.24469709396362305, 0.48033082485198975, 0.1397041529417038, 0.8658896088600159, -0.5885595679283142, -0.6806167364120483, 0.43630075454711914], "cam_t_m2c": [157.93092346191406, -41.831809997558594, 951.1934814453125], "obj_id": 1}, {"cam_R_m2c": [0.15450048446655273, -0.6868479251861572, -0.7101898193359375, -0.9180171489715576, 0.16590605676174164, -0.36016619205474854, 0.36520421504974365, 0.7076122760772705, -0.6049056053161621], "cam_t_m2c": [109.8155746459961, -82.77679443359375, 981.2449951171875], "obj_id": 1}, {"cam_R_m2c": [0.4553969204425812, -0.6442185044288635, 0.614488422870636, -0.8831783533096313, -0.23983973264694214, 0.40307897329330444, -0.11229216307401657, -0.7262638211250305, -0.6781821250915527], "cam_t_m2c": [-138.85658264160156, 88.8676528930664, 1079.305908203125], "obj_id": 1}, {"cam_R_m2c": [-0.6225170493125916, 0.7606516480445862, -0.184068962931633, 0.7111948132514954, 0.4516860544681549, -0.5386850833892822, -0.32661035656929016, -0.46624958515167236, -0.8221538066864014], "cam_t_m2c": [-149.1544952392578, -142.20767211914062, 1141.1817626953125], "obj_id": 1}, {"cam_R_m2c": [-0.09634377807378769, 0.9925821423530579, -0.07415173202753067, -0.9582058787345886, -0.07232963293790817, 0.2767848074436188, 0.26936832070350647, 0.09771912544965744, 0.9580666422843933], "cam_t_m2c": [-220.45562744140625, -157.16616821289062, 1037.2769775390625], "obj_id": 1}, {"cam_R_m2c": [0.6951456069946289, 0.5066051483154297, 0.510023295879364, -0.6033883094787598, 0.7968489527702332, 0.03089066967368126, -0.3907621502876282, -0.3292156159877777, 0.8596057295799255], "cam_t_m2c": [6.027718544006348, -101.13092041015625, 1034.9932861328125], "obj_id": 1}, {"cam_R_m2c": [-0.2759961485862732, -0.2207009345293045, 0.9354769587516785, -0.021964164450764656, -0.9715779423713684, -0.2356981635093689, 0.9609076976776123, -0.08559876680374146, 0.26330438256263733], "cam_t_m2c": [-76.66643524169922, -172.1608428955078, 906.0838012695312], "obj_id": 1}, {"cam_R_m2c": [0.37355053424835205, 0.920714259147644, 0.11289509385824203, 0.7934626340866089, -0.2541112005710602, -0.5530321598052979, -0.48049670457839966, 0.29616349935531616, -0.8254757523536682], "cam_t_m2c": [-121.70384979248047, 145.49830627441406, 964.3831787109375], "obj_id": 1}, {"cam_R_m2c": [0.037378206849098206, -0.26689040660858154, 0.9630017876625061, 0.7298367619514465, 0.6655545234680176, 0.15612651407718658, -0.6825988292694092, 0.6969983577728271, 0.21966366469860077], "cam_t_m2c": [12.266626358032227, 155.5467529296875, 983.7732543945312], "obj_id": 1}, {"cam_R_m2c": [0.8031021356582642, -0.31106263399124146, 0.5081997513771057, 0.46972572803497314, -0.19422170519828796, -0.861182689666748, 0.36658522486686707, 0.9303321242332458, -0.009865726344287395], "cam_t_m2c": [-203.3335418701172, 4.4624433517456055, 1093.6190185546875], "obj_id": 1}, {"cam_R_m2c": [-0.4703536033630371, -0.8737616539001465, -0.12372510880231857, -0.6410004496574402, 0.43463581800460815, -0.6326215863227844, 0.6065358519554138, -0.21824802458286285, -0.7645140886306763], "cam_t_m2c": [-157.60533142089844, -111.5489273071289, 877.0841064453125], "obj_id": 1}, {"cam_R_m2c": [0.19699826836585999, -0.7413910627365112, -0.6415067315101624, 0.5847499370574951, 0.614055871963501, -0.5300970077514648, 0.7869301438331604, -0.2706928849220276, 0.5544963479042053], "cam_t_m2c": [78.76445770263672, -194.788818359375, 994.7808227539062], "obj_id": 1}, {"cam_R_m2c": [0.4173751473426819, -0.14303149282932281, -0.8974073529243469, -0.807648777961731, 0.394269198179245, -0.43846914172172546, 0.416534960269928, 0.9077960848808289, 0.049038954079151154], "cam_t_m2c": [-122.63896179199219, 112.10050964355469, 1112.186279296875], "obj_id": 1}, {"cam_R_m2c": [0.22816087305545807, 0.5614655613899231, 0.7954237461090088, -0.09877824038267136, 0.8261061310768127, -0.5547895431518555, -0.9685996770858765, 0.04801067337393761, 0.24394570291042328], "cam_t_m2c": [153.80419921875, -64.29682922363281, 1024.1510009765625], "obj_id": 1}, {"cam_R_m2c": [0.6142469644546509, -0.7488455772399902, -0.24885934591293335, -0.6982229351997375, -0.36882302165031433, -0.6135587096214294, 0.36767569184303284, 0.5506358742713928, -0.749409556388855], "cam_t_m2c": [36.92655944824219, -59.28764343261719, 776.2880859375], "obj_id": 1}, {"cam_R_m2c": [0.5580965280532837, -0.6361083984375, -0.5328173041343689, -0.7160647511482239, -0.6936525106430054, 0.07808492332696915, -0.41926059126853943, 0.33795279264450073, -0.8426198959350586], "cam_t_m2c": [33.9716682434082, -207.41192626953125, 985.9902954101562], "obj_id": 1}, {"cam_R_m2c": [-0.8129878044128418, 0.3897215723991394, -0.4326288104057312, -0.42294979095458984, 0.1154201403260231, 0.8987722396850586, 0.40020501613616943, 0.9136712551116943, 0.07099760323762894], "cam_t_m2c": [-137.48780822753906, -30.691328048706055, 1137.9599609375], "obj_id": 1}, {"cam_R_m2c": [0.9309082627296448, 0.06546057015657425, 0.35933932662010193, -0.33241069316864014, -0.25588008761405945, 0.9077600836753845, 0.15137030184268951, -0.9644895792007446, -0.2164410799741745], "cam_t_m2c": [-61.40682601928711, -56.44179153442383, 991.5725708007812], "obj_id": 1}, {"cam_R_m2c": [0.6112745404243469, 0.38477376103401184, 0.691586971282959, 0.040997087955474854, -0.8880791664123535, 0.4578586518764496, 0.7903560400009155, -0.25152429938316345, -0.5586347579956055], "cam_t_m2c": [-67.63642883300781, -10.420355796813965, 854.9104614257812], "obj_id": 1}, {"cam_R_m2c": [0.9802119135856628, -0.07235448062419891, 0.18425358831882477, -0.07717930525541306, 0.7174496054649353, 0.6923217177391052, -0.18228523433208466, -0.6928426027297974, 0.6976684331893921], "cam_t_m2c": [-124.08505249023438, 23.450761795043945, 1138.803955078125], "obj_id": 1}, {"cam_R_m2c": [-0.6606060862541199, 0.29221078753471375, 0.6915290355682373, -0.7507100701332092, -0.2499697059392929, -0.611514151096344, -0.005829717963933945, -0.9231078028678894, 0.3844970762729645], "cam_t_m2c": [-60.55310821533203, -48.180686950683594, 1229.3092041015625], "obj_id": 1}, {"cam_R_m2c": [0.34844866394996643, 0.6000981330871582, -0.7200455665588379, -0.11950305849313736, -0.7334789037704468, -0.6691243648529053, -0.9296786785125732, 0.31920310854911804, -0.18386608362197876], "cam_t_m2c": [-24.860858917236328, -74.17166900634766, 855.188232421875], "obj_id": 1}, {"cam_R_m2c": [-0.5631781220436096, -0.7148416638374329, 0.4145258069038391, -0.01733570732176304, -0.49131226539611816, -0.870810866355896, 0.826153576374054, -0.4976077973842621, 0.26430413126945496], "cam_t_m2c": [109.87848663330078, -75.76920318603516, 1007.979736328125], "obj_id": 1}, {"cam_R_m2c": [0.5802192091941833, 0.5485779047012329, -0.602003276348114, -0.4287515878677368, -0.4227070212364197, -0.7984302639961243, -0.6924722194671631, 0.7213744521141052, -0.010059088468551636], "cam_t_m2c": [-137.8685302734375, -12.40919017791748, 1165.73486328125], "obj_id": 1}, {"cam_R_m2c": [0.5517408847808838, 0.5783340930938721, -0.600925624370575, -0.10104888677597046, 0.7615679502487183, 0.6401588916778564, 0.8278714418411255, -0.2924789786338806, 0.4786281883716583], "cam_t_m2c": [-246.84930419921875, -91.85781860351562, 896.3438110351562], "obj_id": 1}, {"cam_R_m2c": [-0.9227873086929321, -0.13427679240703583, -0.36115583777427673, 0.33714011311531067, -0.7351810336112976, -0.5880864262580872, -0.18654853105545044, -0.6644387245178223, 0.723685622215271], "cam_t_m2c": [17.027667999267578, -77.2573471069336, 802.1859130859375], "obj_id": 1}, {"cam_R_m2c": [-0.3703176975250244, -0.799974799156189, -0.4721284508705139, 0.8734487295150757, -0.47286558151245117, 0.11612730473279953, -0.3161521852016449, -0.369376003742218, 0.8738473653793335], "cam_t_m2c": [36.186405181884766, -17.96590805053711, 803.1497192382812], "obj_id": 1}, {"cam_R_m2c": [0.0005249653477221727, 0.8210263848304749, 0.5708900094032288, -0.6268607378005981, 0.44506847858428955, -0.6394995450973511, -0.7791311144828796, -0.3575328290462494, 0.5149028897285461], "cam_t_m2c": [-168.2799530029297, -95.78929901123047, 776.6016235351562], "obj_id": 1}, {"cam_R_m2c": [-0.5317809581756592, -0.8343482613563538, 0.14516203105449677, -0.4401334822177887, 0.4187227189540863, 0.7943260073661804, -0.7235271334648132, 0.35851675271987915, -0.5898933410644531], "cam_t_m2c": [-73.44172668457031, -5.822029113769531, 857.5680541992188], "obj_id": 1}, {"cam_R_m2c": [0.9218380451202393, 0.28776413202285767, -0.2596275508403778, -0.15586154162883759, 0.8885666728019714, 0.43145856261253357, 0.35485467314720154, -0.35726895928382874, 0.8639658689498901], "cam_t_m2c": [-52.75478744506836, 65.29664611816406, 951.5592651367188], "obj_id": 1}, {"cam_R_m2c": [0.7618789672851562, -0.3399711549282074, 0.5513256788253784, -0.6418953537940979, -0.2824070155620575, 0.7128931879997253, -0.08666488528251648, -0.8970317244529724, -0.4333858788013458], "cam_t_m2c": [-206.1663360595703, 141.8123016357422, 1103.74560546875], "obj_id": 3}, {"cam_R_m2c": [0.10237858444452286, 0.7628409266471863, 0.6384296417236328, 0.9943495392799377, -0.060372211039066315, -0.08731697499752045, -0.02806556597352028, 0.6437615752220154, -0.764711320400238], "cam_t_m2c": [68.46914672851562, 75.35855102539062, 1123.1329345703125], "obj_id": 1}, {"cam_R_m2c": [-0.8672780990600586, -0.0037209426518529654, -0.49780991673469543, 0.27662619948387146, 0.8277770280838013, -0.48812198638916016, 0.41389191150665283, -0.5610448122024536, -0.7168835997581482], "cam_t_m2c": [-225.89981079101562, -173.4470672607422, 900.05029296875], "obj_id": 1}, {"cam_R_m2c": [0.6113795042037964, -0.12073419243097305, 0.7820731401443481, 0.7869938015937805, 0.19617418944835663, -0.5849413871765137, -0.08280014246702194, 0.9731078743934631, 0.2149539291858673], "cam_t_m2c": [-114.31290435791016, -132.7368927001953, 1199.7615966796875], "obj_id": 1}, {"cam_R_m2c": [-0.478871613740921, 0.35222479701042175, -0.8041264414787292, -0.5689681172370911, 0.5730372667312622, 0.5898333787918091, 0.6685483455657959, 0.7399769425392151, -0.07400651276111603], "cam_t_m2c": [-219.7865753173828, -152.82464599609375, 865.9890747070312], "obj_id": 1}, {"cam_R_m2c": [0.5168077349662781, 0.3070026934146881, 0.7991614937782288, -0.45773693919181824, -0.689760148525238, 0.5609882473945618, 0.7234546542167664, -0.655728816986084, -0.21594688296318054], "cam_t_m2c": [-106.83071899414062, 134.0889892578125, 1127.3284912109375], "obj_id": 3}, {"cam_R_m2c": [-0.7741873264312744, 0.4067245423793793, 0.4849836528301239, -0.23776699602603912, -0.8969789743423462, 0.37268707156181335, 0.5866010785102844, 0.17321650683879852, 0.7911353707313538], "cam_t_m2c": [-182.21017456054688, -143.5481414794922, 1050.0985107421875], "obj_id": 1}, {"cam_R_m2c": [-0.9477405548095703, 0.3188658654689789, 0.010584701783955097, 0.31247517466545105, 0.9344202280044556, -0.1709330677986145, -0.06439528614282608, -0.15869277715682983, -0.9852256178855896], "cam_t_m2c": [-33.34657669067383, -214.40219116210938, 1194.8389892578125], "obj_id": 1}, {"cam_R_m2c": [-0.2377377152442932, -0.7153693437576294, 0.6570596694946289, 0.971235454082489, -0.1844789832830429, 0.15056271851062775, 0.013505757786333561, 0.6739541292190552, 0.7386497259140015], "cam_t_m2c": [-111.11383056640625, 214.1623077392578, 1027.5211181640625], "obj_id": 1}, {"cam_R_m2c": [-0.22773657739162445, -0.36927559971809387, -0.9009835720062256, 0.6543092131614685, 0.6272225975990295, -0.4224584996700287, 0.7211208343505859, -0.6857312321662903, 0.09877896308898926], "cam_t_m2c": [165.58102416992188, -66.02971649169922, 958.7401733398438], "obj_id": 3}, {"cam_R_m2c": [-0.9575043320655823, -0.17512397468090057, 0.2291654348373413, 0.24240247905254364, -0.05806911364197731, 0.9684363007545471, -0.1562889814376831, 0.9828323721885681, 0.09805203974246979], "cam_t_m2c": [-7.029770851135254, -189.3969268798828, 958.80908203125], "obj_id": 1}, {"cam_R_m2c": [0.5577614903450012, 0.56678706407547, -0.6063451766967773, 0.5162677764892578, 0.33510544896125793, 0.7881445288658142, 0.6498997211456299, -0.7526331543922424, -0.10570500046014786], "cam_t_m2c": [-34.60027313232422, 259.96905517578125, 952.4990844726562], "obj_id": 1}, {"cam_R_m2c": [0.7944421768188477, 0.010958067141473293, 0.6072409152984619, 0.028844965621829033, -0.9993895888328552, -0.01970268413424492, 0.6066544055938721, 0.0331684872508049, -0.794273316860199], "cam_t_m2c": [1.5065652132034302, 105.02777099609375, 1056.892578125], "obj_id": 3}, {"cam_R_m2c": [-0.7868891954421997, -0.6123517155647278, 0.07636099308729172, -0.6170805096626282, 0.779990017414093, -0.10405389219522476, 0.004156759474426508, -0.1289997547864914, -0.9916360378265381], "cam_t_m2c": [-212.24253845214844, -206.49107360839844, 948.9237670898438], "obj_id": 1}, {"cam_R_m2c": [-0.4964287579059601, 0.43766313791275024, -0.7496727705001831, -0.4933905005455017, 0.5682908892631531, 0.6584916114807129, 0.7142297029495239, 0.6967756748199463, -0.06617703288793564], "cam_t_m2c": [-107.45597076416016, -203.20358276367188, 1021.447998046875], "obj_id": 3}, {"cam_R_m2c": [0.15488089621067047, -0.9842321276664734, -0.08543452620506287, 0.35417771339416504, 0.13604705035686493, -0.9252293705940247, 0.9222635626792908, 0.11304136365652084, 0.36966416239738464], "cam_t_m2c": [-204.66380310058594, 83.20178985595703, 1134.966064453125], "obj_id": 3}, {"cam_R_m2c": [-0.9963513016700745, 0.08245593309402466, -0.022019488736987114, 0.07505571842193604, 0.9693754315376282, 0.23383301496505737, 0.04062607139348984, 0.23132717609405518, -0.9720273017883301], "cam_t_m2c": [-95.95134735107422, 15.172958374023438, 1034.7095947265625], "obj_id": 3}, {"cam_R_m2c": [0.09333796799182892, 0.49373334646224976, -0.8645896911621094, 0.9597416520118713, -0.27567970752716064, -0.053819701075553894, -0.26492244005203247, -0.8247593641281128, -0.4995878338813782], "cam_t_m2c": [-213.5230712890625, 137.68399047851562, 1100.5511474609375], "obj_id": 3}, {"cam_R_m2c": [0.2484060376882553, 0.8856169581413269, 0.39239898324012756, 0.651555597782135, -0.45252320170402527, 0.6088496446609497, 0.7167772650718689, 0.10442784428596497, -0.6894381642341614], "cam_t_m2c": [-95.35260772705078, 4.587747097015381, 876.07275390625], "obj_id": 1}, {"cam_R_m2c": [-0.8717947602272034, -0.47948184609413147, -0.10035251826047897, 0.4246803820133209, -0.841858983039856, 0.3330458700656891, -0.24417217075824738, 0.24772997200489044, 0.9375552535057068], "cam_t_m2c": [25.495525360107422, 187.89337158203125, 1027.2469482421875], "obj_id": 3}, {"cam_R_m2c": [0.2885439395904541, 0.8467157483100891, 0.4470064640045166, 0.5072035193443298, -0.5311479568481445, 0.6786946058273315, 0.8120880126953125, 0.03089003637433052, -0.582716703414917], "cam_t_m2c": [8.305233001708984, -76.5439453125, 1111.4459228515625], "obj_id": 3}, {"cam_R_m2c": [-0.6957324147224426, -0.27809256315231323, -0.6622845530509949, 0.47491323947906494, 0.513648509979248, -0.7145786285400391, 0.5389004349708557, -0.8116832971572876, -0.22529204189777374], "cam_t_m2c": [11.41553783416748, 114.4756851196289, 935.2422485351562], "obj_id": 3}, {"cam_R_m2c": [-0.4514780640602112, 0.12034720182418823, 0.8841288685798645, 0.8707445859909058, 0.27581435441970825, 0.40709978342056274, -0.19486205279827118, 0.9536471366882324, -0.22931571304798126], "cam_t_m2c": [-201.63235473632812, -81.9986801147461, 877.484619140625], "obj_id": 1}, {"cam_R_m2c": [-0.658086359500885, 0.7259130477905273, 0.19993111491203308, 0.29239916801452637, 0.0016955691389739513, 0.9562948346138, 0.6938479542732239, 0.6877843141555786, -0.2133721560239792], "cam_t_m2c": [-75.99612426757812, 29.731191635131836, 740.0814819335938], "obj_id": 3}, {"cam_R_m2c": [0.7770888805389404, 0.13996174931526184, -0.6136314272880554, -0.252439945936203, 0.9624137282371521, -0.10016952455043793, 0.576547384262085, 0.2327457219362259, 0.7832129597663879], "cam_t_m2c": [-166.029296875, 26.315088272094727, 1086.1646728515625], "obj_id": 3}, {"cam_R_m2c": [0.7337737083435059, 0.48297128081321716, 0.47782301902770996, 0.617662787437439, -0.7671570777893066, -0.17309722304344177, 0.2829643487930298, 0.4221476912498474, -0.8612330555915833], "cam_t_m2c": [14.96839714050293, -102.11237335205078, 1051.0845947265625], "obj_id": 1}, {"cam_R_m2c": [0.10850809514522552, 0.8290664553642273, -0.5485206246376038, -0.3261924386024475, 0.5509220361709595, 0.7681688666343689, 0.9390551447868347, 0.09557070583105087, 0.3302146792411804], "cam_t_m2c": [-68.37217712402344, 86.76010131835938, 860.0740966796875], "obj_id": 1}, {"cam_R_m2c": [0.9934679269790649, -0.10925234854221344, 0.03294484689831734, -0.009347776882350445, -0.3656543791294098, -0.9307036995887756, 0.11372800171375275, 0.9243163466453552, -0.3642871677875519], "cam_t_m2c": [-150.32627868652344, -26.566621780395508, 783.2701416015625], "obj_id": 1}, {"cam_R_m2c": [-0.5278236269950867, 0.4793871343135834, -0.701134979724884, 0.7509430646896362, 0.6490901708602905, -0.12151726335287094, 0.3968459963798523, -0.5906521081924438, -0.7025975584983826], "cam_t_m2c": [-36.22458267211914, -14.747472763061523, 1263.3580322265625], "obj_id": 1}, {"cam_R_m2c": [-0.37838447093963623, -0.3541349172592163, -0.8552271127700806, 0.6701459884643555, 0.5325416922569275, -0.5170140862464905, 0.638536810874939, -0.7687572836875916, 0.03581666573882103], "cam_t_m2c": [-86.93649291992188, -18.363840103149414, 704.7440185546875], "obj_id": 1}, {"cam_R_m2c": [0.5944362878799438, -0.015622623264789581, -0.80399090051651, -0.22748665511608124, -0.9622372984886169, -0.14949628710746765, -0.7712945342063904, 0.27176323533058167, -0.575542688369751], "cam_t_m2c": [-145.3128662109375, 45.67411422729492, 1135.872802734375], "obj_id": 3}, {"cam_R_m2c": [-0.5965247750282288, 0.6453595161437988, 0.4771469235420227, 0.8007871508598328, 0.5184566378593445, 0.29990437626838684, -0.05383383110165596, 0.560993492603302, -0.8260678648948669], "cam_t_m2c": [-210.5975799560547, -5.383893966674805, 1011.2952270507812], "obj_id": 3}, {"cam_R_m2c": [-0.6483346223831177, -0.3689265251159668, -0.6659994125366211, 0.6925885081291199, 0.07751239836215973, -0.7171560525894165, 0.3162010908126831, -0.9262207746505737, 0.20526041090488434], "cam_t_m2c": [-61.39231491088867, -136.384765625, 1028.7659912109375], "obj_id": 3}, {"cam_R_m2c": [0.6608410477638245, -0.15268829464912415, 0.7348301410675049, 0.5641307234764099, 0.7468253374099731, -0.3521483540534973, -0.4950208365917206, 0.6472543478012085, 0.5796689987182617], "cam_t_m2c": [-119.60790252685547, -184.015625, 1146.236572265625], "obj_id": 1}, {"cam_R_m2c": [-0.6438590884208679, -0.2874875068664551, 0.70908123254776, -0.7065867781639099, -0.1321578025817871, -0.6951757073402405, 0.293565034866333, -0.9486227035522461, -0.11804375052452087], "cam_t_m2c": [-88.16356658935547, 44.34892654418945, 972.0014038085938], "obj_id": 3}, {"cam_R_m2c": [0.935869038105011, -0.10944481194019318, 0.33491942286491394, -0.338411808013916, -0.5438854098320007, 0.7678971886634827, 0.09811542183160782, -0.8319918513298035, -0.5460429191589355], "cam_t_m2c": [11.820291519165039, -168.5107879638672, 1040.4595947265625], "obj_id": 1}, {"cam_R_m2c": [-0.8876240253448486, 0.277150422334671, -0.3678465783596039, -0.36250337958335876, 0.07226308435201645, 0.9291766881942749, 0.2841034233570099, 0.9581052660942078, 0.03632555902004242], "cam_t_m2c": [-41.21763610839844, -219.8412628173828, 963.3916015625], "obj_id": 1}, {"cam_R_m2c": [-0.8640889525413513, -0.4709952771663666, -0.177520751953125, -0.40198713541030884, 0.43350306153297424, 0.8065242767333984, -0.3029133379459381, 0.7682698369026184, -0.5639192461967468], "cam_t_m2c": [15.183788299560547, 40.7322883605957, 1013.3440551757812], "obj_id": 3}, {"cam_R_m2c": [-0.7757253050804138, 0.215648353099823, 0.5930815935134888, -0.5264092683792114, 0.2972155511379242, -0.7965903282165527, -0.348056435585022, -0.9301390051841736, -0.11703824251890182], "cam_t_m2c": [-273.4139099121094, 142.5044403076172, 1065.2108154296875], "obj_id": 3}, {"cam_R_m2c": [0.9649747610092163, -0.15133997797966003, -0.2142893224954605, -0.23965033888816833, -0.17620578408241272, -0.9547352194786072, 0.10673058778047562, 0.972649872303009, -0.20630280673503876], "cam_t_m2c": [-91.54302215576172, 266.70635986328125, 947.184326171875], "obj_id": 3}, {"cam_R_m2c": [-0.6214346885681152, -0.7113514542579651, 0.3283257782459259, 0.769600510597229, -0.47575703263282776, 0.4258757531642914, -0.146744042634964, 0.5173336863517761, 0.8431085348129272], "cam_t_m2c": [49.14910125732422, -193.04774475097656, 938.6361083984375], "obj_id": 1}, {"cam_R_m2c": [0.9027376174926758, 0.3091983199119568, -0.2991006076335907, -0.41785234212875366, 0.4648999869823456, -0.7805558443069458, -0.1022946834564209, 0.8296170234680176, 0.5488819479942322], "cam_t_m2c": [53.0845832824707, 154.8204345703125, 1011.80126953125], "obj_id": 1}, {"cam_R_m2c": [-0.5364315509796143, 0.1407470852136612, 0.8321244716644287, -0.7464447021484375, 0.38093146681785583, -0.5456293225288391, -0.39377811551094055, -0.9138278961181641, -0.09928365796804428], "cam_t_m2c": [73.32271575927734, 166.85325622558594, 1001.281494140625], "obj_id": 3}, {"cam_R_m2c": [0.6990063786506653, 0.07209444046020508, 0.7114720344543457, 0.023886162787675858, -0.9967038035392761, 0.07752972096204758, 0.714716374874115, -0.03719943016767502, -0.6984243392944336], "cam_t_m2c": [-161.48568725585938, 42.5286750793457, 1017.3297119140625], "obj_id": 3}, {"cam_R_m2c": [0.26693567633628845, 0.8323035836219788, -0.4858149290084839, 0.27214446663856506, 0.41848766803741455, 0.866490364074707, 0.9244905710220337, -0.36350905895233154, -0.11479755491018295], "cam_t_m2c": [-79.47455596923828, -28.241151809692383, 1316.9415283203125], "obj_id": 3}, {"cam_R_m2c": [-0.5140038728713989, -0.17487846314907074, -0.8397722840309143, 0.7418495416641235, -0.5821300745010376, -0.33284205198287964, -0.4306498169898987, -0.7940667867660522, 0.42895063757896423], "cam_t_m2c": [-180.74440002441406, 83.31884002685547, 1176.9073486328125], "obj_id": 3}, {"cam_R_m2c": [0.35592910647392273, -0.5297421216964722, 0.7698621153831482, 0.3895501494407654, 0.8329293727874756, 0.3930386006832123, -0.849449872970581, 0.1600060611963272, 0.5028249621391296], "cam_t_m2c": [114.31512451171875, -131.9088897705078, 983.3580322265625], "obj_id": 3}, {"cam_R_m2c": [0.42657339572906494, 0.8453297019004822, 0.3216407895088196, -0.8596334457397461, 0.2683733403682709, 0.4347482919692993, 0.2811858355998993, -0.46194523572921753, 0.8411546349525452], "cam_t_m2c": [-43.45197296142578, -30.02167510986328, 1106.8966064453125], "obj_id": 3}, {"cam_R_m2c": [-0.4773370027542114, -0.8401234149932861, 0.25756946206092834, -0.5528988838195801, 0.05932994186878204, -0.8311334848403931, 0.6829730868339539, -0.5391405820846558, -0.49282366037368774], "cam_t_m2c": [0.3751336336135864, -200.8312530517578, 913.0823364257812], "obj_id": 3}, {"cam_R_m2c": [-0.8892174959182739, -0.18004210293293, 0.42056724429130554, 0.3967243731021881, 0.15432608127593994, 0.9048718810081482, -0.2278195172548294, 0.9714773297309875, -0.06580226123332977], "cam_t_m2c": [74.13521575927734, 79.02123260498047, 1140.616455078125], "obj_id": 1}, {"cam_R_m2c": [0.35240912437438965, -0.33415788412094116, 0.8741545677185059, -0.8014050722122192, -0.590121865272522, 0.09749820828437805, 0.4832780361175537, -0.7349112033843994, -0.4757600724697113], "cam_t_m2c": [108.85753631591797, -111.9776611328125, 853.2255249023438], "obj_id": 3}, {"cam_R_m2c": [0.9686561226844788, 0.07342584431171417, -0.23730574548244476, -0.01301900576800108, 0.96900874376297, 0.24668321013450623, 0.24806424975395203, -0.23586170375347137, 0.9395921230316162], "cam_t_m2c": [-42.51045227050781, -92.45306396484375, 1070.30810546875], "obj_id": 1}, {"cam_R_m2c": [0.5096481442451477, -0.670219898223877, 0.5395034551620483, -0.7980765700340271, -0.13397829234600067, 0.5874720215797424, -0.32145363092422485, -0.7299690842628479, -0.6031686067581177], "cam_t_m2c": [-177.95387268066406, 59.82044219970703, 1172.9984130859375], "obj_id": 3}, {"cam_R_m2c": [-0.3989516794681549, 0.01887880079448223, -0.9167776107788086, 0.09520722925662994, -0.9935317039489746, -0.061890438199043274, -0.9120160341262817, -0.11197514086961746, 0.3945736885070801], "cam_t_m2c": [-192.55825805664062, -168.2366485595703, 982.6390380859375], "obj_id": 3}, {"cam_R_m2c": [-0.03442659229040146, 0.7063396573066711, -0.7070353031158447, 0.027751579880714417, 0.707857608795166, 0.7058097720146179, 0.9990217685699463, 0.0046773371286690235, -0.043971143662929535], "cam_t_m2c": [-159.27952575683594, -172.85386657714844, 952.3744506835938], "obj_id": 1}, {"cam_R_m2c": [-0.6996771693229675, 0.049619145691394806, 0.712734043598175, -0.34806114435195923, -0.8948726654052734, -0.27938559651374817, 0.6239433288574219, -0.4435