{
  "0": [{"cam_R_m2c": [-0.30471184849739075, 0.7648692727088928, -0.5675609707832336, 0.6017712354660034, 0.616498589515686, 0.50774085521698, 0.7382559180259705, -0.18682719767093658, -0.6481307744979858], "cam_t_m2c": [-409.797607421875, 90.49534606933594, 1024.4052734375], "obj_id": 3}, {"cam_R_m2c": [-0.07403868436813354, -0.870453417301178, 0.4866507351398468, -0.2885417342185974, 0.4858159124851227, 0.8250615000724792, -0.9546003341674805, -0.07933252304792404, -0.28713130950927734], "cam_t_m2c": [-446.35089111328125, -328.90911865234375, 1245.05859375], "obj_id": 2}, {"cam_R_m2c": [0.5778450965881348, 0.4968617856502533, 0.6474746465682983, -0.557080864906311, 0.8198996186256409, -0.13200576603412628, -0.5964528322219849, -0.2844168245792389, 0.7505671977996826], "cam_t_m2c": [-563.8106689453125, -93.63185119628906, 1186.07470703125], "obj_id": 1}, {"cam_R_m2c": [0.14836694300174713, -0.9426956176757812, 0.2988513708114624, -0.24457880854606628, -0.3277861177921295, -0.9125444889068604, 0.9582110643386841, 0.06229870021343231, -0.27919599413871765], "cam_t_m2c": [-532.8807983398438, -109.69222259521484, 1037.849365234375], "obj_id": 3}, {"cam_R_m2c": [0.05179433152079582, -0.46992748975753784, -0.8811841011047363, 0.4187508225440979, 0.8112702965736389, -0.408029705286026, 0.9066228866577148, -0.34786295890808105, 0.2388017326593399], "cam_t_m2c": [-945.7664794921875, -28.608049392700195, 1158.850341796875], "obj_id": 3}, {"cam_R_m2c": [-0.06426308304071426, 0.36524543166160583, 0.9286904335021973, 0.3615969717502594, -0.858850359916687, 0.36279961466789246, 0.9301170706748962, 0.3591262996196747, -0.07687920331954956], "cam_t_m2c": [-324.58795166015625, -334.52825927734375, 1321.890625], "obj_id": 2}, {"cam_R_m2c": [-0.07214297354221344, -0.023081444203853607, -0.9971272945404053, 0.5790432691574097, 0.8130330443382263, -0.06071425601840019, 0.8120988011360168, -0.5817598700523376, -0.04528948292136192], "cam_t_m2c": [-620.1166381835938, -279.8634948730469, 1210.5362548828125], "obj_id": 0}, {"cam_R_m2c": [0.41145646572113037, 0.03542943298816681, -0.9107405543327332, -0.7942919731140137, -0.47612258791923523, -0.37736907601356506, -0.4469941556453705, 0.8786648511886597, -0.1677623838186264], "cam_t_m2c": [-368.33441162109375, -281.03564453125, 1295.5726318359375], "obj_id": 0}, {"cam_R_m2c": [-0.06310275942087173, -0.352806031703949, -0.9335662722587585, 0.19801075756549835, 0.9124081134796143, -0.3581942915916443, 0.9781665802001953, -0.2074592113494873, 0.012283917516469955], "cam_t_m2c": [-557.5975341796875, -51.445552825927734, 1126.0550537109375], "obj_id": 0}, {"cam_R_m2c": [-0.26280122995376587, -0.9646285772323608, -0.020666232332587242, -0.08785058557987213, 0.045253053307533264, -0.9951051473617554, 0.9608421325683594, -0.25969940423965454, -0.09663566201925278], "cam_t_m2c": [-409.53436279296875, -300.2984313964844, 1233.3607177734375], "obj_id": 1}],
  "1": [{"cam_R_m2c": [-0.30471184849739075, 0.7648692727088928, -0.5675609707832336, 0.6017712354660034, 0.616498589515686, 0.50774085521698, 0.7382559180259705, -0.18682719767093658, -0.6481307744979858], "cam_t_m2c": [-409.797607421875, 90.49534606933594, 1024.4052734375], "obj_id": 3}, {"cam_R_m2c": [-0.07403868436813354, -0.870453417301178, 0.4866507351398468, -0.2885417342185974, 0.4858159124851227, 0.8250615000724792, -0.9546003341674805, -0.07933252304792404, -0.28713130950927734], "cam_t_m2c": [-446.35089111328125, -328.90911865234375, 1245.05859375], "obj_id": 2}, {"cam_R_m2c": [0.5778450965881348, 0.4968617856502533, 0.6474746465682983, -0.557080864906311, 0.8198996186256409, -0.13200576603412628, -0.5964528322219849, -0.2844168245792389, 0.7505671977996826], "cam_t_m2c": [-563.8106689453125, -93.63185119628906, 1186.07470703125], "obj_id": 1}, {"cam_R_m2c": [0.14836694300174713, -0.9426956176757812, 0.2988513708114624, -0.24457880854606628, -0.3277861177921295, -0.9125444889068604, 0.9582110643386841, 0.06229870021343231, -0.27919599413871765], "cam_t_m2c": [-532.8807983398438, -109.69222259521484, 1037.849365234375], "obj_id": 3}, {"cam_R_m2c": [0.05179433152079582, -0.46992748975753784, -0.8811841011047363, 0.4187508225440979, 0.8112702965736389, -0.408029705286026, 0.9066228866577148, -0.34786295890808105, 0.2388017326593399], "cam_t_m2c": [-945.7664794921875, -28.608049392700195, 1158.850341796875], "obj_id": 3}, {"cam_R_m2c": [-0.06426308304071426, 0.36524543166160583, 0.9286904335021973, 0.3615969717502594, -0.858850359916687, 0.36279961466789246, 0.9301170706748962, 0.3591262996196747, -0.07687920331954956], "cam_t_m2c": [-324.58795166015625, -334.52825927734375, 1321.890625], "obj_id": 2}, {"cam_R_m2c": [-0.07214297354221344, -0.023081444203853607, -0.9971272945404053, 0.5790432691574097, 0.8130330443382263, -0.06071425601840019, 0.8120988011360168, -0.5817598700523376, -0.04528948292136192], "cam_t_m2c": [-620.1166381835938, -279.8634948730469, 1210.5362548828125], "obj_id": 0}, {"cam_R_m2c": [0.41145646572113037, 0.03542943298816681, -0.9107405543327332, -0.7942919731140137, -0.47612258791923523, -0.37736907601356506, -0.4469941556453705, 0.8786648511886597, -0.1677623838186264], "cam_t_m2c": [-368.33441162109375, -281.03564453125, 1295.5726318359375], "obj_id": 0}, {"cam_R_m2c": [-0.06310275942087173, -0.352806031703949, -0.9335662722587585, 0.19801075756549835, 0.9124081134796143, -0.3581942915916443, 0.9781665802001953, -0.2074592113494873, 0.012283917516469955], "cam_t_m2c": [-557.5975341796875, -51.445552825927734, 1126.0550537109375], "obj_id": 0}, {"cam_R_m2c": [-0.26280122995376587, -0.9646285772323608, -0.020666232332587242, -0.08785058557987213, 0.045253053307533264, -0.9951051473617554, 0.9608421325683594, -0.25969940423965454, -0.09663566201925278], "cam_t_m2c": [-409.53436279296875, -300.2984313964844, 1233.3607177734375], "obj_id": 1}],
  "2": [{"cam_R_m2c": [-0.30471184849739075, 0.7648692727088928, -0.5675609707832336, 0.6017712354660034, 0.616498589515686, 0.50774085521698, 0.7382559180259705, -0.18682719767093658, -0.6481307744979858], "cam_t_m2c": [-409.797607421875, 90.49534606933594, 1024.4052734375], "obj_id": 3}, {"cam_R_m2c": [-0.07403868436813354, -0.870453417301178, 0.4866507351398468, -0.2885417342185974, 0.4858159124851227, 0.8250615000724792, -0.9546003341674805, -0.07933252304792404, -0.28713130950927734], "cam_t_m2c": [-446.35089111328125, -328.90911865234375, 1245.05859375], "obj_id": 2}, {"cam_R_m2c": [0.5778450965881348, 0.4968617856502533, 0.6474746465682983, -0.557080864906311, 0.8198996186256409, -0.13200576603412628, -0.5964528322219849, -0.2844168245792389, 0.7505671977996826], "cam_t_m2c": [-563.8106689453125, -93.63185119628906, 1186.07470703125], "obj_id": 1}, {"cam_R_m2c": [0.14836694300174713, -0.9426956176757812, 0.2988513708114624, -0.24457880854606628, -0.3277861177921295, -0.9125444889068604, 0.9582110643386841, 0.06229870021343231, -0.27919599413871765], "cam_t_m2c": [-532.8807983398438, -109.69222259521484, 1037.849365234375], "obj_id": 3}, {"cam_R_m2c": [0.05179433152079582, -0.46992748975753784, -0.8811841011047363, 0.4187508225440979, 0.8112702965736389, -0.408029705286026, 0.9066228866577148, -0.34786295890808105, 0.2388017326593399], "cam_t_m2c": [-945.7664794921875, -28.608049392700195, 1158.850341796875], "obj_id": 3}, {"cam_R_m2c": [-0.06426308304071426, 0.36524543166160583, 0.9286904335021973, 0.3615969717502594, -0.858850359916687, 0.36279961466789246, 0.9301170706748962, 0.3591262996196747, -0.07687920331954956], "cam_t_m2c": [-324.58795166015625, -334.52825927734375, 1321.890625], "obj_id": 2}, {"cam_R_m2c": [-0.07214297354221344, -0.023081444203853607, -0.9971272945404053, 0.5790432691574097, 0.8130330443382263, -0.06071425601840019, 0.8120988011360168, -0.5817598700523376, -0.04528948292136192], "cam_t_m2c": [-620.1166381835938, -279.8634948730469, 1210.5362548828125], "obj_id": 0}, {"cam_R_m2c": [0.41145646572113037, 0.03542943298816681, -0.9107405543327332, -0.7942919731140137, -0.47612258791923523, -0.37736907601356506, -0.4469941556453705, 0.8786648511886597, -0.1677623838186264], "cam_t_m2c": [-368.33441162109375, -281.03564453125, 1295.5726318359375], "obj_id": 0}, {"cam_R_m2c": [-0.06310275942087173, -0.352806031703949, -0.9335662722587585, 0.19801075756549835, 0.9124081134796143, -0.3581942915916443, 0.9781665802001953, -0.2074592113494873, 0.012283917516469955], "cam_t_m2c": [-557.5975341796875, -51.445552825927734, 1126.0550537109375], "obj_id": 0}, {"cam_R_m2c": [-0.26280122995376587, -0.9646285772323608, -0.020666232332587242, -0.08785058557987213, 0.045253053307533264, -0.9951051473617554, 0.9608421325683594, -0.25969940423965454, -0.09663566201925278], "cam_t_m2c": [-409.53436279296875, -300.2984313964844, 1233.3607177734375], "obj_id": 1}],
  "3": [{"cam_R_m2c": [-0.30471184849739075, 0.7648692727088928, -0.5675609707832336, 0.6017712354660034, 0.616498589515686, 0.50774085521698, 0.7382559180259705, -0.18682719767093658, -0.6481307744979858], "cam_t_m2c": [-409.797607421875, 90.49534606933594, 1024.4052734375], "obj_id": 3}, {"cam_R_m2c": [-0.07403868436813354, -0.870453417301178, 0.4866507351398468, -0.2885417342185974, 0.4858159124851227, 0.8250615000724792, -0.9546003341674805, -0.07933252304792404, -0.28713130950927734], "cam_t_m2c": [-446.35089111328125, -328.90911865234375, 1245.05859375], "obj_id": 2}, {"cam_R_m2c": [0.5778450965881348, 0.4968617856502533, 0.6474746465682983, -0.557080864906311, 0.8198996186256409, -0.13200576603412628, -0.5964528322219849, -0.2844168245792389, 0.7505671977996826], "cam_t_m2c": [-563.8106689453125, -93.63185119628906, 1186.07470703125], "obj_id": 1}, {"cam_R_m2c": [0.14836694300174713, -0.9426956176757812, 0.2988513708114624, -0.24457880854606628, -0.3277861177921295, -0.9125444889068604, 0.9582110643386841, 0.06229870021343231, -0.27919599413871765], "cam_t_m2c": [-532.8807983398438, -109.69222259521484, 1037.849365234375], "obj_id": 3}, {"cam_R_m2c": [0.05179433152079582, -0.46992748975753784, -0.8811841011047363, 0.4187508225440979, 0.8112702965736389, -0.408029705286026, 0.9066228866577148, -0.34786295890808105, 0.2388017326593399], "cam_t_m2c": [-945.7664794921875, -28.608049392700195, 1158.850341796875], "obj_id": 3}, {"cam_R_m2c": [-0.06426308304071426, 0.36524543166160583, 0.9286904335021973, 0.3615969717502594, -0.858850359916687, 0.36279961466789246, 0.9301170706748962, 0.3591262996196747, -0.07687920331954956], "cam_t_m2c": [-324.58795166015625, -334.52825927734375, 1321.890625], "obj_id": 2}, {"cam_R_m2c": [-0.07214297354221344, -0.023081444203853607, -0.9971272945404053, 0.5790432691574097, 0.8130330443382263, -0.06071425601840019, 0.8120988011360168, -0.5817598700523376, -0.04528948292136192], "cam_t_m2c": [-620.1166381835938, -279.8634948730469, 1210.5362548828125], "obj_id": 0}, {"cam_R_m2c": [0.41145646572113037, 0.03542943298816681, -0.9107405543327332, -0.7942919731140137, -0.47612258791923523, -0.37736907601356506, -0.4469941556453705, 0.8786648511886597, -0.1677623838186264], "cam_t_m2c": [-368.33441162109375, -281.03564453125, 1295.5726318359375], "obj_id": 0}, {"cam_R_m2c": [-0.06310275942087173, -0.352806031703949, -0.9335662722587585, 0.19801075756549835, 0.9124081134796143, -0.3581942915916443, 0.9781665802001953, -0.2074592113494873, 0.012283917516469955], "cam_t_m2c": [-557.5975341796875, -51.445552825927734, 1126.0550537109375], "obj_id": 0}, {"cam_R_m2c": [-0.26280122995376587, -0.9646285772323608, -0.020666232332587242, -0.08785058557987213, 0.045253053307533264, -0.9951051473617554, 0.9608421325683594, -0.25969940423965454, -0.09663566201925278], "cam_t_m2c": [-409.53436279296875, -300.2984313964844, 1233.3607177734375], "obj_id": 1}],
  "4": [{"cam_R_m2c": [-0.30471184849739075, 0.7648692727088928, -0.5675609707832336, 0.6017712354660034, 0.616498589515686, 0.50774085521698, 0.7382559180259705, -0.18682719767093658, -0.6481307744979858], "cam_t_m2c": [-409.797607421875, 90.49534606933594, 1024.4052734375], "obj_id": 3}, {"cam_R_m2c": [-0.07403868436813354, -0.870453417301178, 0.4866507351398468, -0.2885417342185974, 0.4858159124851227, 0.8250615000724792, -0.9546003341674805, -0.07933252304792404, -0.28713130950927734], "cam_t_m2c": [-446.35089111328125, -328.90911865234375, 1245.05859375], "obj_id": 2}, {"cam_R_m2c": [0.5778450965881348, 0.4968617856502533, 0.6474746465682983, -0.557080864906311, 0.8198996186256409, -0.13200576603412628, -0.5964528322219849, -0.2844168245792389, 0.7505671977996826], "cam_t_m2c": [-563.8106689453125, -93.63185119628906, 1186.07470703125], "obj_id": 1}, {"cam_R_m2c": [0.14836694300174713, -0.9426956176757812, 0.2988513708114624, -0.24457880854606628, -0.3277861177921295, -0.9125444889068604, 0.9582110643386841, 0.06229870021343231, -0.27919599413871765], "cam_t_m2c": [-532.8807983398438, -109.69222259521484, 1037.849365234375], "obj_id": 3}, {"cam_R_m2c": [0.05179433152079582, -0.46992748975753784, -0.8811841011047363, 0.4187508225440979, 0.8112702965736389, -0.408029705286026, 0.9066228866577148, -0.34786295890808105, 0.2388017326593399], "cam_t_m2c": [-945.7664794921875, -28.608049392700195, 1158.850341796875], "obj_id": 3}, {"cam_R_m2c": [-0.06426308304071426, 0.36524543166160583, 0.9286904335021973, 0.3615969717502594, -0.858850359916687, 0.36279961466789246, 0.9301170706748962, 0.3591262996196747, -0.07687920331954956], "cam_t_m2c": [-324.58795166015625, -334.52825927734375, 1321.890625], "obj_id": 2}, {"cam_R_m2c": [-0.07214297354221344, -0.023081444203853607, -0.9971272945404053, 0.5790432691574097, 0.8130330443382263, -0.06071425601840019, 0.8120988011360168, -0.5817598700523376, -0.04528948292136192], "cam_t_m2c": [-620.1166381835938, -279.8634948730469, 1210.5362548828125], "obj_id": 0}, {"cam_R_m2c": [0.41145646572113037, 0.03542943298816681, -0.9107405543327332, -0.7942919731140137, -0.47612258791923523, -0.37736907601356506, -0.4469941556453705, 0.8786648511886597, -0.1677623838186264], "cam_t_m2c": [-368.33441162109375, -281.03564453125, 1295.5726318359375], "obj_id": 0}, {"cam_R_m2c": [-0.06310275942087173, -0.352806031703949, -0.9335662722587585, 0.19801075756549835, 0.9124081134796143, -0.3581942915916443, 0.9781665802001953, -0.2074592113494873, 0.012283917516469955], "cam_t_m2c": [-557.5975341796875, -51.445552825927734, 1126.0550537109375], "obj_id": 0}, {"cam_R_m2c": [-0.26280122995376587, -0.9646285772323608, -0.020666232332587242, -0.08785058557987213, 0.045253053307533264, -0.9951051473617554, 0.9608421325683594, -0.25969940423965454, -0.09663566201925278], "cam_t_m2c": [-409.53436279296875, -300.2984313964844, 1233.3607177734375], "obj_id": 1}]
}