{
  "0": [{"cam_R_m2c": [0.3287217915058136, -0.7832446694374084, -0.5277023315429688, 0.7187480926513672, 0.5699406266212463, -0.39820700883865356, 0.6126525402069092, -0.24838575720787048, 0.7503075003623962], "cam_t_m2c": [-198.0196075439453, 52.621185302734375, 411.7566833496094], "obj_id": 0}, {"cam_R_m2c": [-0.4680268168449402, -0.8534384369850159, 0.2293328493833542, 0.041954368352890015, 0.2377592772245407, 0.9704175591468811, -0.8827177286148071, 0.4638030529022217, -0.07547217607498169], "cam_t_m2c": [-28.309785842895508, 161.625244140625, 249.13746643066406], "obj_id": 1}, {"cam_R_m2c": [0.41749560832977295, -0.4329066276550293, 0.7989300489425659, 0.39572373032569885, -0.7048481106758118, -0.5887203216552734, 0.8179853558540344, 0.5619437098503113, -0.12295949459075928], "cam_t_m2c": [-97.2121353149414, -88.89056396484375, 453.3932189941406], "obj_id": 0}, {"cam_R_m2c": [-0.32396313548088074, -0.6504095196723938, 0.6870337128639221, 0.9455050230026245, -0.2476729303598404, 0.21137239038944244, 0.03268106281757355, 0.7180707454681396, 0.6952024102210999], "cam_t_m2c": [88.03231811523438, 30.85247802734375, 333.6461181640625], "obj_id": 1}, {"cam_R_m2c": [0.6791508793830872, 0.7185632586479187, -0.14973613619804382, -0.7285076975822449, 0.6848013997077942, -0.017988458275794983, 0.0896136686205864, 0.12130080908536911, 0.9885623455047607], "cam_t_m2c": [64.60905456542969, -148.58120727539062, 386.6896057128906], "obj_id": 3}, {"cam_R_m2c": [-0.5161172151565552, 0.07165597379207611, 0.8535155057907104, -0.26468586921691895, 0.93437659740448, -0.2384990006685257, -0.8145947456359863, -0.34900689125061035, -0.4632815718650818], "cam_t_m2c": [110.46949768066406, -18.80768394470215, 327.1722106933594], "obj_id": 0}, {"cam_R_m2c": [-0.24712291359901428, 0.8456836342811584, 0.4730214476585388, -0.47897443175315857, 0.3177431523799896, -0.8183047771453857, -0.8423263430595398, -0.42878708243370056, 0.3265392780303955], "cam_t_m2c": [185.97132873535156, -301.20361328125, 508.3280944824219], "obj_id": 0}, {"cam_R_m2c": [-0.7349890470504761, -0.18015959858894348, -0.6537073850631714, -0.1124049723148346, 0.9830914735794067, -0.14455537497997284, 0.6686972379684448, -0.032766662538051605, -0.7428123354911804], "cam_t_m2c": [-108.89408874511719, -94.01764678955078, 515.7067260742188], "obj_id": 3}, {"cam_R_m2c": [-0.3869814872741699, 0.4773561954498291, 0.7889081835746765, -0.5314614176750183, -0.814629316329956, 0.23222297430038452, 0.7535209655761719, -0.32940828800201416, 0.5689430832862854], "cam_t_m2c": [-37.01657485961914, 121.22949981689453, 260.63018798828125], "obj_id": 3}, {"cam_R_m2c": [-0.6312137246131897, -0.7113436460494995, -0.30912652611732483, -0.5442562699317932, 0.12227477133274078, 0.8299601674079895, -0.5525885820388794, 0.6921263933181763, -0.4643346667289734], "cam_t_m2c": [-35.23084259033203, 180.76931762695312, 180.68470764160156], "obj_id": 2}, {"cam_R_m2c": [0.4795609712600708, -0.1551448553800583, -0.8636847734451294, 0.44736945629119873, -0.8035039901733398, 0.39273640513420105, -0.7549051642417908, -0.5747272372245789, -0.3159221112728119], "cam_t_m2c": [-198.09005737304688, 71.29655456542969, 468.2151184082031], "obj_id": 3}, {"cam_R_m2c": [-0.6296133995056152, -0.7546389102935791, 0.18468117713928223, -0.7096747159957886, 0.6553729772567749, 0.25854989886283875, -0.3161468803882599, 0.031722910702228546, -0.9481797814369202], "cam_t_m2c": [-143.37290954589844, 93.55152130126953, 315.28411865234375], "obj_id": 1}, {"cam_R_m2c": [0.51104336977005, 0.17412130534648895, 0.8417341709136963, 0.5567306280136108, -0.8131536841392517, -0.16979952156543732, 0.6548936367034912, 0.5553941130638123, -0.5124953985214233], "cam_t_m2c": [94.73516845703125, -165.068603515625, 467.3358154296875], "obj_id": 2}, {"cam_R_m2c": [-0.4600955545902252, -0.7629470825195312, 0.4541184604167938, 0.7476824522018433, -0.0570969358086586, 0.6615970730781555, -0.4788348078727722, 0.6439343690872192, 0.5967123508453369], "cam_t_m2c": [-112.15839385986328, 215.54031372070312, 320.8039855957031], "obj_id": 1}, {"cam_R_m2c": [0.24145175516605377, 0.6148755550384521, 0.750752329826355, 0.3937879800796509, -0.7691636681556702, 0.5033073425292969, 0.8869227766990662, 0.17411282658576965, -0.4278465211391449], "cam_t_m2c": [92.23298645019531, -98.2149658203125, 416.20098876953125], "obj_id": 1}, {"cam_R_m2c": [0.5110407471656799, 0.8546332716941833, 0.09186512231826782, 0.5567324161529541, -0.410531610250473, 0.7221582531929016, 0.6548941135406494, -0.31790798902511597, -0.6856003999710083], "cam_t_m2c": [-0.7280334830284119, 160.4395751953125, 265.1138000488281], "obj_id": 2}, {"cam_R_m2c": [0.6809735298156738, 0.41303128004074097, -0.6047149896621704, 0.0028160251677036285, -0.8272365927696228, -0.5618464350700378, -0.7323026061058044, 0.38089966773986816, -0.5644893050193787], "cam_t_m2c": [62.85858917236328, -87.781982421875, 287.756103515625], "obj_id": 1}, {"cam_R_m2c": [-0.387829452753067, 0.4408181309700012, 0.8094860911369324, -0.32689782977104187, 0.7553547024726868, -0.5679587125778198, -0.8618156313896179, -0.484890341758728, -0.1488463282585144], "cam_t_m2c": [-143.39146423339844, -54.146610260009766, 524.7727661132812], "obj_id": 0}, {"cam_R_m2c": [0.5110472440719604, 0.4160122275352478, 0.7521731853485107, 0.5567278861999512, -0.8269205093383789, 0.07909724861383438, 0.6548929214477539, 0.3783333897590637, -0.6542010307312012], "cam_t_m2c": [-166.10206604003906, -6.614787578582764, 505.63323974609375], "obj_id": 2}, {"cam_R_m2c": [-0.44371530413627625, -0.32258549332618713, -0.8360952138900757, -0.48175525665283203, 0.8725555539131165, -0.08098547160625458, 0.7556642889976501, 0.3668587803840637, -0.5425735116004944], "cam_t_m2c": [205.3130340576172, -190.01234436035156, 316.9068908691406], "obj_id": 3}, {"cam_R_m2c": [-0.7514618635177612, -0.4405405521392822, -0.4911508560180664, 0.058184102177619934, 0.6972706317901611, -0.7144426703453064, 0.6572059988975525, -0.5654535293579102, -0.49833980202674866], "cam_t_m2c": [-174.09207153320312, 177.0726318359375, 247.5043487548828], "obj_id": 1}, {"cam_R_m2c": [-0.5946266055107117, -0.5841905474662781, 0.5523951649665833, -0.369355708360672, 0.8087514638900757, 0.45770886540412903, -0.7141395807266235, 0.06813559681177139, -0.6966792345046997], "cam_t_m2c": [85.71798706054688, 146.5467071533203, 196.1544189453125], "obj_id": 0}, {"cam_R_m2c": [0.5350478291511536, 0.2283860296010971, 0.813365638256073, 0.5917224884033203, 0.5858548283576965, -0.5537496209144592, -0.6029828786849976, 0.7775692343711853, 0.17831923067569733], "cam_t_m2c": [-25.68551254272461, -19.678417205810547, 348.4539794921875], "obj_id": 3}, {"cam_R_m2c": [0.5420097708702087, 0.711840808391571, -0.4466632008552551, 0.5541562438011169, 0.0968279018998146, 0.8267618417739868, 0.6317722797393799, -0.6956341862678528, -0.34198933839797974], "cam_t_m2c": [-348.2738952636719, 130.65927124023438, 462.6824035644531], "obj_id": 0}, {"cam_R_m2c": [-0.1987520307302475, 0.8073598742485046, -0.5555787682533264, -0.7462999224662781, -0.4921222925186157, -0.4481653869152069, -0.6352434158325195, 0.32555463910102844, 0.7003427743911743], "cam_t_m2c": [73.15625762939453, -63.964664459228516, 304.1570129394531], "obj_id": 2}]
}