{
  "0": [{"cam_R_m2c": [0.20691443979740143, 0.9780027866363525, -0.026399720460176468, -0.8675068616867065, 0.17092739045619965, -0.467135488986969, -0.45234739780426025, 0.11955901235342026, 0.8837915062904358], "cam_t_m2c": [-219.50531005859375, 46.40279006958008, 655.75634765625], "obj_id": 0}, {"cam_R_m2c": [0.12558570504188538, -0.9638503789901733, -0.23499055206775665, 0.8755449056625366, 0.21906603872776031, -0.4306171238422394, 0.4665289521217346, -0.15166546404361725, 0.8714059591293335], "cam_t_m2c": [-116.45072937011719, -253.53500366210938, 1195.8983154296875], "obj_id": 2}, {"cam_R_m2c": [-0.4893299341201782, -0.5249758958816528, -0.6963881254196167, 0.4637312889099121, -0.8329021334648132, 0.30203837156295776, -0.7385860681533813, -0.17514055967330933, 0.6510118246078491], "cam_t_m2c": [-82.90740203857422, -90.82783508300781, 816.7177734375], "obj_id": 3}, {"cam_R_m2c": [-0.05717848986387253, -0.8827938437461853, 0.46626782417297363, 0.9883790612220764, -0.11594098061323166, -0.09830821305513382, 0.1408454328775406, 0.4552282392978668, 0.8791642785072327], "cam_t_m2c": [-1.290317177772522, -39.83308410644531, 768.986328125], "obj_id": 1}, {"cam_R_m2c": [-0.6222543716430664, -0.4551652669906616, 0.636885941028595, 0.45762574672698975, 0.4485752582550049, 0.7676970362663269, -0.6351203322410583, 0.7691584229469299, -0.07083243876695633], "cam_t_m2c": [36.408363342285156, -2.1286942958831787, 718.1152954101562], "obj_id": 1}, {"cam_R_m2c": [0.45488110184669495, -0.8886603116989136, 0.0580168142914772, 0.8847450017929077, 0.4435272514820099, -0.14321234822273254, 0.10153510421514511, 0.11647467315196991, 0.9879900217056274], "cam_t_m2c": [-115.10546875, 44.20389938354492, 588.9207153320312], "obj_id": 1}, {"cam_R_m2c": [0.21277688443660736, 0.9632047414779663, -0.16420291364192963, 0.1244182214140892, 0.13997477293014526, 0.9823070764541626, 0.9691470861434937, -0.2294420450925827, -0.09005682170391083], "cam_t_m2c": [-169.03262329101562, 100.69921875, 459.5095520019531], "obj_id": 3}, {"cam_R_m2c": [0.41472041606903076, -0.8501628637313843, 0.3243919909000397, 0.9065288305282593, 0.41689515113830566, -0.06636185199022293, -0.07881906628608704, 0.3215923011302948, 0.9435920715332031], "cam_t_m2c": [44.2825813293457, -229.7171630859375, 1107.9290771484375], "obj_id": 2}],
  "1": [{"cam_R_m2c": [0.20691443979740143, 0.9780027866363525, -0.026399720460176468, -0.8675068616867065, 0.17092739045619965, -0.467135488986969, -0.45234739780426025, 0.11955901235342026, 0.8837915062904358], "cam_t_m2c": [-219.50531005859375, 46.40279006958008, 655.75634765625], "obj_id": 0}, {"cam_R_m2c": [0.12558570504188538, -0.9638503789901733, -0.23499055206775665, 0.8755449056625366, 0.21906603872776031, -0.4306171238422394, 0.4665289521217346, -0.15166546404361725, 0.8714059591293335], "cam_t_m2c": [-116.45072937011719, -253.53500366210938, 1195.8983154296875], "obj_id": 2}, {"cam_R_m2c": [-0.4893299341201782, -0.5249758958816528, -0.6963881254196167, 0.4637312889099121, -0.8329021334648132, 0.30203837156295776, -0.7385860681533813, -0.17514055967330933, 0.6510118246078491], "cam_t_m2c": [-82.90740203857422, -90.82783508300781, 816.7177734375], "obj_id": 3}, {"cam_R_m2c": [-0.05717848986387253, -0.8827938437461853, 0.46626782417297363, 0.9883790612220764, -0.11594098061323166, -0.09830821305513382, 0.1408454328775406, 0.4552282392978668, 0.8791642785072327], "cam_t_m2c": [-1.290317177772522, -39.83308410644531, 768.986328125], "obj_id": 1}, {"cam_R_m2c": [-0.6222543716430664, -0.4551652669906616, 0.636885941028595, 0.45762574672698975, 0.4485752582550049, 0.7676970362663269, -0.6351203322410583, 0.7691584229469299, -0.07083243876695633], "cam_t_m2c": [36.408363342285156, -2.1286942958831787, 718.1152954101562], "obj_id": 1}, {"cam_R_m2c": [0.45488110184669495, -0.8886603116989136, 0.0580168142914772, 0.8847450017929077, 0.4435272514820099, -0.14321234822273254, 0.10153510421514511, 0.11647467315196991, 0.9879900217056274], "cam_t_m2c": [-115.10546875, 44.20389938354492, 588.9207153320312], "obj_id": 1}, {"cam_R_m2c": [0.21277688443660736, 0.9632047414779663, -0.16420291364192963, 0.1244182214140892, 0.13997477293014526, 0.9823070764541626, 0.9691470861434937, -0.2294420450925827, -0.09005682170391083], "cam_t_m2c": [-169.03262329101562, 100.69921875, 459.5095520019531], "obj_id": 3}, {"cam_R_m2c": [0.41472041606903076, -0.8501628637313843, 0.3243919909000397, 0.9065288305282593, 0.41689515113830566, -0.06636185199022293, -0.07881906628608704, 0.3215923011302948, 0.9435920715332031], "cam_t_m2c": [44.2825813293457, -229.7171630859375, 1107.9290771484375], "obj_id": 2}],
  "2": [{"cam_R_m2c": [0.20691443979740143, 0.9780027866363525, -0.026399720460176468, -0.8675068616867065, 0.17092739045619965, -0.467135488986969, -0.45234739780426025, 0.11955901235342026, 0.8837915062904358], "cam_t_m2c": [-219.50531005859375, 46.40279006958008, 655.75634765625], "obj_id": 0}, {"cam_R_m2c": [0.12558570504188538, -0.9638503789901733, -0.23499055206775665, 0.8755449056625366, 0.21906603872776031, -0.4306171238422394, 0.4665289521217346, -0.15166546404361725, 0.8714059591293335], "cam_t_m2c": [-116.45072937011719, -253.53500366210938, 1195.8983154296875], "obj_id": 2}, {"cam_R_m2c": [-0.4893299341201782, -0.5249758958816528, -0.6963881254196167, 0.4637312889099121, -0.8329021334648132, 0.30203837156295776, -0.7385860681533813, -0.17514055967330933, 0.6510118246078491], "cam_t_m2c": [-82.90740203857422, -90.82783508300781, 816.7177734375], "obj_id": 3}, {"cam_R_m2c": [-0.05717848986387253, -0.8827938437461853, 0.46626782417297363, 0.9883790612220764, -0.11594098061323166, -0.09830821305513382, 0.1408454328775406, 0.4552282392978668, 0.8791642785072327], "cam_t_m2c": [-1.290317177772522, -39.83308410644531, 768.986328125], "obj_id": 1}, {"cam_R_m2c": [-0.6222543716430664, -0.4551652669906616, 0.636885941028595, 0.45762574672698975, 0.4485752582550049, 0.7676970362663269, -0.6351203322410583, 0.7691584229469299, -0.07083243876695633], "cam_t_m2c": [36.408363342285156, -2.1286942958831787, 718.1152954101562], "obj_id": 1}, {"cam_R_m2c": [0.45488110184669495, -0.8886603116989136, 0.0580168142914772, 0.8847450017929077, 0.4435272514820099, -0.14321234822273254, 0.10153510421514511, 0.11647467315196991, 0.9879900217056274], "cam_t_m2c": [-115.10546875, 44.20389938354492, 588.9207153320312], "obj_id": 1}, {"cam_R_m2c": [0.21277688443660736, 0.9632047414779663, -0.16420291364192963, 0.1244182214140892, 0.13997477293014526, 0.9823070764541626, 0.9691470861434937, -0.2294420450925827, -0.09005682170391083], "cam_t_m2c": [-169.03262329101562, 100.69921875, 459.5095520019531], "obj_id": 3}, {"cam_R_m2c": [0.41472041606903076, -0.8501628637313843, 0.3243919909000397, 0.9065288305282593, 0.41689515113830566, -0.06636185199022293, -0.07881906628608704, 0.3215923011302948, 0.9435920715332031], "cam_t_m2c": [44.2825813293457, -229.7171630859375, 1107.9290771484375], "obj_id": 2}],
  "3": [{"cam_R_m2c": [0.20691443979740143, 0.9780027866363525, -0.026399720460176468, -0.8675068616867065, 0.17092739045619965, -0.467135488986969, -0.45234739780426025, 0.11955901235342026, 0.8837915062904358], "cam_t_m2c": [-219.50531005859375, 46.40279006958008, 655.75634765625], "obj_id": 0}, {"cam_R_m2c": [0.12558570504188538, -0.9638503789901733, -0.23499055206775665, 0.8755449056625366, 0.21906603872776031, -0.4306171238422394, 0.4665289521217346, -0.15166546404361725, 0.8714059591293335], "cam_t_m2c": [-116.45072937011719, -253.53500366210938, 1195.8983154296875], "obj_id": 2}, {"cam_R_m2c": [-0.4893299341201782, -0.5249758958816528, -0.6963881254196167, 0.4637312889099121, -0.8329021334648132, 0.30203837156295776, -0.7385860681533813, -0.17514055967330933, 0.6510118246078491], "cam_t_m2c": [-82.90740203857422, -90.82783508300781, 816.7177734375], "obj_id": 3}, {"cam_R_m2c": [-0.05717848986387253, -0.8827938437461853, 0.46626782417297363, 0.9883790612220764, -0.11594098061323166, -0.09830821305513382, 0.1408454328775406, 0.4552282392978668, 0.8791642785072327], "cam_t_m2c": [-1.290317177772522, -39.83308410644531, 768.986328125], "obj_id": 1}, {"cam_R_m2c": [-0.6222543716430664, -0.4551652669906616, 0.636885941028595, 0.45762574672698975, 0.4485752582550049, 0.7676970362663269, -0.6351203322410583, 0.7691584229469299, -0.07083243876695633], "cam_t_m2c": [36.408363342285156, -2.1286942958831787, 718.1152954101562], "obj_id": 1}, {"cam_R_m2c": [0.45488110184669495, -0.8886603116989136, 0.0580168142914772, 0.8847450017929077, 0.4435272514820099, -0.14321234822273254, 0.10153510421514511, 0.11647467315196991, 0.9879900217056274], "cam_t_m2c": [-115.10546875, 44.20389938354492, 588.9207153320312], "obj_id": 1}, {"cam_R_m2c": [0.21277688443660736, 0.9632047414779663, -0.16420291364192963, 0.1244182214140892, 0.13997477293014526, 0.9823070764541626, 0.9691470861434937, -0.2294420450925827, -0.09005682170391083], "cam_t_m2c": [-169.03262329101562, 100.69921875, 459.5095520019531], "obj_id": 3}, {"cam_R_m2c": [0.41472041606903076, -0.8501628637313843, 0.3243919909000397, 0.9065288305282593, 0.41689515113830566, -0.06636185199022293, -0.07881906628608704, 0.3215923011302948, 0.9435920715332031], "cam_t_m2c": [44.2825813293457, -229.7171630859375, 1107.9290771484375], "obj_id": 2}],
  "4": [{"cam_R_m2c": [0.20691443979740143, 0.9780027866363525, -0.026399720460176468, -0.8675068616867065, 0.17092739045619965, -0.467135488986969, -0.45234739780426025, 0.11955901235342026, 0.8837915062904358], "cam_t_m2c": [-219.50531005859375, 46.40279006958008, 655.75634765625], "obj_id": 0}, {"cam_R_m2c": [0.12558570504188538, -0.9638503789901733, -0.23499055206775665, 0.8755449056625366, 0.21906603872776031, -0.4306171238422394, 0.4665289521217346, -0.15166546404361725, 0.8714059591293335], "cam_t_m2c": [-116.45072937011719, -253.53500366210938, 1195.8983154296875], "obj_id": 2}, {"cam_R_m2c": [-0.4893299341201782, -0.5249758958816528, -0.6963881254196167, 0.4637312889099121, -0.8329021334648132, 0.30203837156295776, -0.7385860681533813, -0.17514055967330933, 0.6510118246078491], "cam_t_m2c": [-82.90740203857422, -90.82783508300781, 816.7177734375], "obj_id": 3}, {"cam_R_m2c": [-0.05717848986387253, -0.8827938437461853, 0.46626782417297363, 0.9883790612220764, -0.11594098061323166, -0.09830821305513382, 0.1408454328775406, 0.4552282392978668, 0.8791642785072327], "cam_t_m2c": [-1.290317177772522, -39.83308410644531, 768.986328125], "obj_id": 1}, {"cam_R_m2c": [-0.6222543716430664, -0.4551652669906616, 0.636885941028595, 0.45762574672698975, 0.4485752582550049, 0.7676970362663269, -0.6351203322410583, 0.7691584229469299, -0.07083243876695633], "cam_t_m2c": [36.408363342285156, -2.1286942958831787, 718.1152954101562], "obj_id": 1}, {"cam_R_m2c": [0.45488110184669495, -0.8886603116989136, 0.0580168142914772, 0.8847450017929077, 0.4435272514820099, -0.14321234822273254, 0.10153510421514511, 0.11647467315196991, 0.9879900217056274], "cam_t_m2c": [-115.10546875, 44.20389938354492, 588.9207153320312], "obj_id": 1}, {"cam_R_m2c": [0.21277688443660736, 0.9632047414779663, -0.16420291364192963, 0.1244182214140892, 0.13997477293014526, 0.9823070764541626, 0.9691470861434937, -0.2294420450925827, -0.09005682170391083], "cam_t_m2c": [-169.03262329101562, 100.69921875, 459.5095520019531], "obj_id": 3}, {"cam_R_m2c": [0.41472041606903076, -0.8501628637313843, 0.3243919909000397, 0.9065288305282593, 0.41689515113830566, -0.06636185199022293, -0.07881906628608704, 0.3215923011302948, 0.9435920715332031], "cam_t_m2c": [44.2825813293457, -229.7171630859375, 1107.9290771484375], "obj_id": 2}]
}