{
  "0": [{"cam_R_m2c": [0.1852598488330841, -0.7622202634811401, 0.620241105556488, -0.6092949509620667, -0.5842964053153992, -0.53605717420578, 0.7709982991218567, -0.27859994769096375, -0.5726636052131653], "cam_t_m2c": [-120.89656829833984, -64.28582763671875, 1361.776123046875], "obj_id": 2}, {"cam_R_m2c": [-0.5275549292564392, 0.5314599275588989, -0.6627487540245056, -0.6644055843353271, -0.7442755103111267, -0.06796260178089142, -0.5293871760368347, 0.4044800102710724, 0.7457513809204102], "cam_t_m2c": [-246.8117218017578, -108.92005920410156, 1121.7691650390625], "obj_id": 0}, {"cam_R_m2c": [0.022812899202108383, -0.8815397620201111, 0.47155797481536865, 0.4404524564743042, 0.4322994649410248, 0.7868409156799316, -0.8974859118461609, 0.1897488832473755, 0.39813849329948425], "cam_t_m2c": [1332.2491455078125, -24714.052734375, -14698.646484375], "obj_id": 1}, {"cam_R_m2c": [-0.8085817694664001, 0.48442837595939636, -0.3339528441429138, 0.5488381385803223, 0.8255454301834106, -0.1313447505235672, 0.21206609904766083, -0.2894890606403351, -0.9333937764167786], "cam_t_m2c": [-205.6310272216797, 45.805057525634766, 1261.9635009765625], "obj_id": 0}],
  "1": [{"cam_R_m2c": [-0.7474504113197327, -0.39549124240875244, 0.5337645411491394, -0.636233389377594, 0.19502168893814087, -0.7464406490325928, 0.19111506640911102, -0.8975261449813843, -0.3973937928676605], "cam_t_m2c": [-566.2206420898438, -28.582069396972656, 1354.5242919921875], "obj_id": 2}, {"cam_R_m2c": [-0.11808113753795624, -0.3475891351699829, -0.9301819801330566, -0.0007006904925219715, -0.9367059469223022, 0.35011598467826843, -0.9930036067962646, 0.0419938862323761, 0.11036387830972672], "cam_t_m2c": [-461.02166748046875, 61.542728424072266, 1117.4739990234375], "obj_id": 0}, {"cam_R_m2c": [0.8802658319473267, -0.4088781177997589, 0.24072964489459991, 0.38552457094192505, 0.9120972156524658, 0.1394614428281784, -0.27659156918525696, -0.029955944046378136, 0.9605205655097961], "cam_t_m2c": [2677.490234375, -15812.8916015625, -23302.919921875], "obj_id": 1}, {"cam_R_m2c": [-0.3433983027935028, 0.7932723164558411, 0.5027888417243958, 0.9347831010818481, 0.23688623309135437, 0.26469886302948, 0.09087452292442322, 0.5608956813812256, -0.8228838443756104], "cam_t_m2c": [-486.8848876953125, 119.33454132080078, 1320.4290771484375], "obj_id": 0}]
}