{
  "0": [{"cam_R_m2c": [-0.7675818204879761, 0.4552299380302429, 0.4512024521827698, -0.07024544477462769, 0.6399694085121155, -0.7651827931404114, -0.6370899081230164, -0.6190354228019714, -0.4592510461807251], "cam_t_m2c": [80.67192840576172, 141.90374755859375, 128.28787231445312], "obj_id": 0}, {"cam_R_m2c": [-0.7675818204879761, 0.4552299380302429, 0.4512024521827698, -0.07024544477462769, 0.6399694085121155, -0.7651827931404114, -0.6370899081230164, -0.6190354228019714, -0.4592510461807251], "cam_t_m2c": [80.67192840576172, 141.90374755859375, 128.28787231445312], "obj_id": 0}, {"cam_R_m2c": [-0.7675818204879761, 0.4552299380302429, 0.4512024521827698, -0.07024544477462769, 0.6399694085121155, -0.7651827931404114, -0.6370899081230164, -0.6190354228019714, -0.4592510461807251], "cam_t_m2c": [80.67192840576172, 141.90374755859375, 128.28787231445312], "obj_id": 2}, {"cam_R_m2c": [-0.7675818204879761, 0.4552299380302429, 0.4512024521827698, -0.07024544477462769, 0.6399694085121155, -0.7651827931404114, -0.6370899081230164, -0.6190354228019714, -0.4592510461807251], "cam_t_m2c": [80.67192840576172, 141.90374755859375, 128.28787231445312], "obj_id": 3}, {"cam_R_m2c": [-0.7675818204879761, 0.4552299380302429, 0.4512024521827698, -0.07024544477462769, 0.6399694085121155, -0.7651827931404114, -0.6370899081230164, -0.6190354228019714, -0.4592510461807251], "cam_t_m2c": [80.67192840576172, 141.90374755859375, 128.28787231445312], "obj_id": 0}, {"cam_R_m2c": [-0.7675818204879761, 0.4552299380302429, 0.4512024521827698, -0.07024544477462769, 0.6399694085121155, -0.7651827931404114, -0.6370899081230164, -0.6190354228019714, -0.4592510461807251], "cam_t_m2c": [80.67192840576172, 141.90374755859375, 128.28787231445312], "obj_id": 1}, {"cam_R_m2c": [-0.7675818204879761, 0.4552299380302429, 0.4512024521827698, -0.07024544477462769, 0.6399694085121155, -0.7651827931404114, -0.6370899081230164, -0.6190354228019714, -0.4592510461807251], "cam_t_m2c": [80.67192840576172, 141.90374755859375, 128.28787231445312], "obj_id": 2}, {"cam_R_m2c": [-0.7675818204879761, 0.4552299380302429, 0.4512024521827698, -0.07024544477462769, 0.6399694085121155, -0.7651827931404114, -0.6370899081230164, -0.6190354228019714, -0.4592510461807251], "cam_t_m2c": [80.67192840576172, 141.90374755859375, 128.28787231445312], "obj_id": 0}, {"cam_R_m2c": [-0.7675818204879761, 0.4552299380302429, 0.4512024521827698, -0.07024544477462769, 0.6399694085121155, -0.7651827931404114, -0.6370899081230164, -0.6190354228019714, -0.4592510461807251], "cam_t_m2c": [80.67192840576172, 141.90374755859375, 128.28787231445312], "obj_id": 2}, {"cam_R_m2c": [-0.7675818204879761, 0.4552299380302429, 0.4512024521827698, -0.07024544477462769, 0.6399694085121155, -0.7651827931404114, -0.6370899081230164, -0.6190354228019714, -0.4592510461807251], "cam_t_m2c": [80.67192840576172, 141.90374755859375, 128.28787231445312], "obj_id": 1}, {"cam_R_m2c": [-0.7675818204879761, 0.4552299380302429, 0.4512024521827698, -0.07024544477462769, 0.6399694085121155, -0.7651827931404114, -0.6370899081230164, -0.6190354228019714, -0.4592510461807251], "cam_t_m2c": [80.67192840576172, 141.90374755859375, 128.28787231445312], "obj_id": 1}, {"cam_R_m2c": [-0.7675818204879761, 0.4552299380302429, 0.4512024521827698, -0.07024544477462769, 0.6399694085121155, -0.7651827931404114, -0.6370899081230164, -0.6190354228019714, -0.4592510461807251], "cam_t_m2c": [80.67192840576172, 141.90374755859375, 128.28787231445312], "obj_id": 1}, {"cam_R_m2c": [-0.7675818204879761, 0.4552299380302429, 0.4512024521827698, -0.07024544477462769, 0.6399694085121155, -0.7651827931404114, -0.6370899081230164, -0.6190354228019714, -0.4592510461807251], "cam_t_m2c": [80.67192840576172, 141.90374755859375, 128.28787231445312], "obj_id": 0}, {"cam_R_m2c": [-0.7675818204879761, 0.4552299380302429, 0.4512024521827698, -0.07024544477462769, 0.6399694085121155, -0.7651827931404114, -0.6370899081230164, -0.6190354228019714, -0.4592510461807251], "cam_t_m2c": [80.67192840576172, 141.90374755859375, 128.28787231445312], "obj_id": 3}, {"cam_R_m2c": [-0.7675818204879761, 0.4552299380302429, 0.4512024521827698, -0.07024544477462769, 0.6399694085121155, -0.7651827931404114, -0.6370899081230164, -0.6190354228019714, -0.4592510461807251], "cam_t_m2c": [80.67192840576172, 141.90374755859375, 128.28787231445312], "obj_id": 1}, {"cam_R_m2c": [-0.7675818204879761, 0.4552299380302429, 0.4512024521827698, -0.07024544477462769, 0.6399694085121155, -0.7651827931404114, -0.6370899081230164, -0.6190354228019714, -0.4592510461807251], "cam_t_m2c": [80.67192840576172, 141.90374755859375, 128.28787231445312], "obj_id": 2}, {"cam_R_m2c": [-0.7675818204879761, 0.4552299380302429, 0.4512024521827698, -0.07024544477462769, 0.6399694085121155, -0.7651827931404114, -0.6370899081230164, -0.6190354228019714, -0.4592510461807251], "cam_t_m2c": [80.67192840576172, 141.90374755859375, 128.28787231445312], "obj_id": 3}, {"cam_R_m2c": [-0.7675818204879761, 0.4552299380302429, 0.4512024521827698, -0.07024544477462769, 0.6399694085121155, -0.7651827931404114, -0.6370899081230164, -0.6190354228019714, -0.4592510461807251], "cam_t_m2c": [80.67192840576172, 141.90374755859375, 128.28787231445312], "obj_id": 0}, {"cam_R_m2c": [-0.7675818204879761, 0.4552299380302429, 0.4512024521827698, -0.07024544477462769, 0.6399694085121155, -0.7651827931404114, -0.6370899081230164, -0.6190354228019714, -0.4592510461807251], "cam_t_m2c": [80.67192840576172, 141.90374755859375, 128.28787231445312], "obj_id": 1}, {"cam_R_m2c": [-0.7675818204879761, 0.4552299380302429, 0.4512024521827698, -0.07024544477462769, 0.6399694085121155, -0.7651827931404114, -0.6370899081230164, -0.6190354228019714, -0.4592510461807251], "cam_t_m2c": [80.67192840576172, 141.90374755859375, 128.28787231445312], "obj_id": 1}, {"cam_R_m2c": [-0.7675818204879761, 0.4552299380302429, 0.4512024521827698, -0.07024544477462769, 0.6399694085121155, -0.7651827931404114, -0.6370899081230164, -0.6190354228019714, -0.4592510461807251], "cam_t_m2c": [80.67192840576172, 141.90374755859375, 128.28787231445312], "obj_id": 0}, {"cam_R_m2c": [-0.7675818204879761, 0.4552299380302429, 0.4512024521827698, -0.07024544477462769, 0.6399694085121155, -0.7651827931404114, -0.6370899081230164, -0.6190354228019714, -0.4592510461807251], "cam_t_m2c": [80.67192840576172, 141.90374755859375, 128.28787231445312], "obj_id": 0}, {"cam_R_m2c": [-0.7675818204879761, 0.4552299380302429, 0.4512024521827698, -0.07024544477462769, 0.6399694085121155, -0.7651827931404114, -0.6370899081230164, -0.6190354228019714, -0.4592510461807251], "cam_t_m2c": [80.67192840576172, 141.90374755859375, 128.28787231445312], "obj_id": 3}, {"cam_R_m2c": [-0.7675818204879761, 0.4552299380302429, 0.4512024521827698, -0.07024544477462769, 0.6399694085121155, -0.7651827931404114, -0.6370899081230164, -0.6190354228019714, -0.4592510461807251], "cam_t_m2c": [80.67192840576172, 141.90374755859375, 128.28787231445312], "obj_id": 3}, {"cam_R_m2c": [0.3230452239513397, -0.4449518322944641, -0.8352601528167725, -0.9256062507629395, -0.33247020840644836, -0.18087701499462128, -0.19721761345863342, 0.8315535187721252, -0.5192530751228333], "cam_t_m2c": [-162.3866424560547, 244.4510955810547, -265.746826171875], "obj_id": 0}, {"cam_R_m2c": [-0.6844976544380188, 0.3365864157676697, -0.6466625928878784, 0.03353942185640335, -0.8715571761131287, -0.48914530873298645, -0.7282431125640869, -0.3565075099468231, 0.5852899551391602], "cam_t_m2c": [72.35582733154297, 129.67527770996094, 107.77163696289062], "obj_id": 3}, {"cam_R_m2c": [0.8247851729393005, 0.35412269830703735, 0.44082483649253845, 0.5540930032730103, -0.3507280647754669, -0.7549640536308289, -0.11274025589227676, 0.8669410943984985, -0.48549219965934753], "cam_t_m2c": [54.433563232421875, 203.6916046142578, -31.927886962890625], "obj_id": 3}, {"cam_R_m2c": [0.7826799154281616, 0.5952662229537964, -0.18185216188430786, -0.6224237680435181, 0.7489339113235474, -0.22734683752059937, 0.0008633416146039963, 0.291128933429718, 0.9566834568977356], "cam_t_m2c": [-23.226287841796875, -13.165008544921875, 226.48886108398438], "obj_id": 3}, {"cam_R_m2c": [0.28734010457992554, 0.9578238129615784, -0.0030161207541823387, 0.81231290102005, -0.24201679229736328, 0.5306367874145508, 0.5075266361236572, -0.154923215508461, -0.8475937247276306], "cam_t_m2c": [-3426.31494140625, 5907.98291015625, 3820.876953125], "obj_id": 2}]
}