{
  "0": [{"cam_R_m2c": [0.5617637634277344, -0.0577905997633934, 0.8252766728401184, 0.8264278769493103, -0.006528332829475403, -0.5630044341087341, 0.03792418912053108, 0.9983072280883789, 0.044092465192079544], "cam_t_m2c": [219.29933166503906, 40.89455032348633, 600.6517333984375], "obj_id": 3}, {"cam_R_m2c": [0.6875998377799988, -0.2082129865884781, 0.6955959796905518, -0.7139020562171936, -0.36865684390068054, 0.5953452587127686, 0.13247762620449066, -0.9059467315673828, -0.4021320641040802], "cam_t_m2c": [6.140023231506348, -134.76498413085938, 485.7807312011719], "obj_id": 3}, {"cam_R_m2c": [0.5237727761268616, -0.30347782373428345, -0.7959668636322021, 0.5555092096328735, 0.8300614356994629, 0.04906654730439186, 0.6458107829093933, -0.4678666591644287, 0.6033483147621155], "cam_t_m2c": [-97.37823486328125, 46.98862075805664, 500.1844177246094], "obj_id": 3}, {"cam_R_m2c": [0.0026932598557323217, -0.28279298543930054, 0.9591773152351379, -0.9829784631729126, -0.17695261538028717, -0.04941044747829437, 0.18370172381401062, -0.942717432975769, -0.27845609188079834], "cam_t_m2c": [53.41951370239258, -167.73895263671875, 500.1711120605469], "obj_id": 3}, {"cam_R_m2c": [-0.7952808141708374, 0.4209689497947693, -0.4362492263317108, 0.2706362009048462, -0.3973856568336487, -0.8768355250358582, -0.5424797534942627, -0.8153954148292542, 0.2021038681268692], "cam_t_m2c": [155.71702575683594, -214.2859649658203, 592.7191772460938], "obj_id": 3}, {"cam_R_m2c": [-0.6183820366859436, 0.3989667296409607, -0.6770738363265991, 0.7195655703544617, -0.05893653258681297, -0.6919189095497131, -0.31595706939697266, -0.9150693416595459, -0.25063732266426086], "cam_t_m2c": [144.16571044921875, 8.831009864807129, 751.2886352539062], "obj_id": 3}, {"cam_R_m2c": [0.009082306176424026, 0.9990336298942566, 0.043003033846616745, 0.5338717103004456, -0.041207265108823776, 0.8445608019828796, 0.8455166816711426, 0.015287556685507298, -0.5337300896644592], "cam_t_m2c": [141.23800659179688, 127.92396545410156, 737.6905517578125], "obj_id": 3}, {"cam_R_m2c": [-0.11846264451742172, -0.2391953319311142, -0.9637178778648376, -0.04676421359181404, 0.9708190560340881, -0.23520945012569427, 0.9918566346168518, 0.01720396615564823, -0.12619157135486603], "cam_t_m2c": [231.69313049316406, 69.4369888305664, 629.9509887695312], "obj_id": 3}, {"cam_R_m2c": [-0.17166168987751007, 0.9655727744102478, 0.19545170664787292, -0.8949281573295593, -0.23578445613384247, 0.37882593274116516, 0.41186854243278503, -0.1098853275179863, 0.9045935869216919], "cam_t_m2c": [20.062171936035156, -173.44984436035156, 422.7318115234375], "obj_id": 3}, {"cam_R_m2c": [-0.02803690731525421, -0.9950398206710815, -0.09544334560632706, -0.9981669783592224, 0.022746101021766663, 0.056080278009176254, -0.05363116413354874, 0.0968407392501831, -0.9938536286354065], "cam_t_m2c": [-1.495574951171875, -88.93363189697266, 538.5320434570312], "obj_id": 3}, {"cam_R_m2c": [-0.9849439263343811, 0.06163433566689491, 0.16151292622089386, -0.16545064747333527, -0.06525061279535294, -0.9840570688247681, -0.050112877041101456, -0.9959635734558105, 0.07446577399969101], "cam_t_m2c": [-101.69779968261719, 116.4528579711914, 710.125], "obj_id": 3}, {"cam_R_m2c": [-0.016990341246128082, 0.9209173917770386, -0.3893872797489166, 0.8692985773086548, 0.20601660013198853, 0.44930732250213623, 0.49399515986442566, -0.3308599293231964, -0.804052472114563], "cam_t_m2c": [101.25617218017578, 41.11538314819336, 723.1160888671875], "obj_id": 3}, {"cam_R_m2c": [0.8860464096069336, 0.4608124792575836, -0.050730809569358826, -0.2609404921531677, 0.5861746072769165, 0.7670132517814636, 0.3831864297389984, -0.6663716435432434, 0.6396225690841675], "cam_t_m2c": [238.9453125, 168.05235290527344, 723.543701171875], "obj_id": 3}, {"cam_R_m2c": [-0.5459335446357727, 0.006345556583255529, -0.8378044366836548, -0.1495710164308548, 0.9831694960594177, 0.10491062700748444, 0.824369490146637, 0.18258549273014069, -0.5357961058616638], "cam_t_m2c": [301.14471435546875, 157.8944549560547, 676.9820556640625], "obj_id": 3}, {"cam_R_m2c": [0.5780336260795593, -0.8050645589828491, 0.133222296833992, 0.5828972458839417, 0.5216150879859924, 0.6230156421661377, -0.5710585713386536, -0.28246909379959106, 0.7707809805870056], "cam_t_m2c": [-11.79353141784668, 89.77592468261719, 726.6025390625], "obj_id": 3}, {"cam_R_m2c": [0.4138546586036682, -0.6948366761207581, 0.5881550312042236, -0.8991200923919678, -0.41312506794929504, 0.14460574090480804, 0.14250418543815613, -0.5886677503585815, -0.79571533203125], "cam_t_m2c": [20.522544860839844, -55.46300506591797, 786.340576171875], "obj_id": 3}, {"cam_R_m2c": [0.8603549003601074, 0.49184104800224304, 0.13372305035591125, -0.4918135702610016, 0.7322059869766235, 0.47116217017173767, 0.13382408022880554, -0.4711334705352783, 0.8718510866165161], "cam_t_m2c": [4.099323749542236, 17.49135398864746, 404.7754821777344], "obj_id": 3}, {"cam_R_m2c": [-0.6555265784263611, -0.5176098346710205, -0.5498771667480469, -0.7438340187072754, 0.31686270236968994, 0.5884801149368286, -0.13036756217479706, 0.7947817444801331, -0.5927277207374573], "cam_t_m2c": [150.8557586669922, 154.599609375, 657.4090576171875], "obj_id": 3}, {"cam_R_m2c": [0.14270395040512085, -0.9496355652809143, 0.27897635102272034, 0.04343465343117714, 0.2875980734825134, 0.9567657709121704, -0.9888119101524353, -0.12441698461771011, 0.08228849619626999], "cam_t_m2c": [-89.8390884399414, -69.2784194946289, 405.35821533203125], "obj_id": 3}, {"cam_R_m2c": [-0.9072936773300171, -0.3933902382850647, 0.14853410422801971, -0.2839365005493164, 0.3126012980937958, -0.9064549207687378, 0.31015855073928833, -0.8645950555801392, -0.3953190743923187], "cam_t_m2c": [73.45477294921875, 155.39735412597656, 368.1194152832031], "obj_id": 3}, {"cam_R_m2c": [-0.70237797498703, -0.1708473116159439, -0.690996527671814, -0.09134042263031006, 0.9843752980232239, -0.15053962171077728, 0.7059192061424255, -0.04261980950832367, -0.7070087790489197], "cam_t_m2c": [141.91123962402344, -231.57838439941406, 449.666748046875], "obj_id": 3}, {"cam_R_m2c": [-0.8989111185073853, 0.11450158059597015, 0.42290452122688293, 0.013973185792565346, 0.972247838973999, -0.23353560268878937, -0.43790820240974426, -0.20401841402053833, -0.8755643963813782], "cam_t_m2c": [1.8049919605255127, 165.65725708007812, 505.6548156738281], "obj_id": 3}, {"cam_R_m2c": [0.052925556898117065, 0.586722195148468, 0.8080568909645081, -0.9555698037147522, 0.2647303342819214, -0.12963086366653442, -0.28997448086738586, -0.7652939558029175, 0.5746650695800781], "cam_t_m2c": [148.13819885253906, 163.34002685546875, 749.4667358398438], "obj_id": 3}, {"cam_R_m2c": [-0.6201403737068176, -0.7403936386108398, -0.25931259989738464, -0.2753295302391052, -0.10410819202661514, 0.9556961059570312, -0.7345879077911377, 0.6640622615814209, -0.1392904818058014], "cam_t_m2c": [177.17674255371094, 77.88622283935547, 770.2025146484375], "obj_id": 3}, {"cam_R_m2c": [-0.7945363521575928, -0.4317680299282074, 0.42695266008377075, 0.32606226205825806, 0.28978490829467773, 0.899837851524353, -0.5122456550598145, 0.8541669249534607, -0.08946146816015244], "cam_t_m2c": [173.46298217773438, 151.42579650878906, 691.7412719726562], "obj_id": 3}, {"cam_R_m2c": [-0.7287196516990662, -0.12185265868902206, 0.6738836765289307, 0.09216376394033432, 0.9576389193534851, 0.27282512187957764, -0.678581714630127, 0.2609207332134247, -0.6866199374198914], "cam_t_m2c": [208.41693115234375, -92.40304565429688, 416.8072814941406], "obj_id": 3}, {"cam_R_m2c": [-0.46329841017723083, -0.01490013487637043, 0.8860769867897034, -0.8386462926864624, 0.33050644397735596, -0.43294087052345276, -0.28640323877334595, -0.9436860680580139, -0.16561900079250336], "cam_t_m2c": [72.37529754638672, 160.4469451904297, 537.1080932617188], "obj_id": 3}, {"cam_R_m2c": [-0.9958717226982117, -0.05414152145385742, 0.07285819947719574, -0.08834107220172882, 0.7626058459281921, -0.6408027410507202, -0.020868059247732162, -0.6445936560630798, -0.7642405033111572], "cam_t_m2c": [-119.4198989868164, 71.16329956054688, 401.15386962890625], "obj_id": 3}, {"cam_R_m2c": [0.6746511459350586, 0.11715423315763474, 0.7287802696228027, -0.6571305990219116, 0.5450142025947571, 0.5207099914550781, -0.33619219064712524, -0.8302014470100403, 0.4446800947189331], "cam_t_m2c": [-117.96006774902344, 167.20164489746094, 736.2681884765625], "obj_id": 1}, {"cam_R_m2c": [-0.3041788637638092, -0.32347238063812256, -0.8960137367248535, 0.9255739450454712, 0.12215951085090637, -0.3583151698112488, 0.22536161541938782, -0.9383190274238586, 0.26223939657211304], "cam_t_m2c": [147.0689697265625, -136.73277282714844, 561.8489990234375], "obj_id": 1}, {"cam_R_m2c": [-0.44115057587623596, 0.3780503273010254, 0.8139188885688782, 0.10701260715723038, -0.8783102035522461, 0.46596062183380127, 0.891029953956604, 0.29265841841697693, 0.347010999917984], "cam_t_m2c": [218.1069793701172, 121.21488952636719, 607.4029541015625], "obj_id": 1}, {"cam_R_m2c": [-0.06331755965948105, -0.9877282381057739, -0.14277119934558868, -0.17049898207187653, -0.13024894893169403, 0.9767113924026489, -0.9833213090896606, 0.08618541806936264, -0.16015951335430145], "cam_t_m2c": [178.03160095214844, -168.5911407470703, 452.2441711425781], "obj_id": 1}, {"cam_R_m2c": [0.4568723142147064, -0.17819881439208984, 0.8715003132820129, 0.7793555855751038, 0.5524716973304749, -0.2956008017063141, -0.42880356311798096, 0.8142604827880859, 0.39128929376602173], "cam_t_m2c": [-72.88601684570312, 204.0462188720703, 736.4462890625], "obj_id": 1}, {"cam_R_m2c": [-0.28176411986351013, -0.0323205329477787, -0.9589391350746155, 0.5668038725852966, -0.8120120763778687, -0.13917498290538788, -0.7741720080375671, -0.5827449560165405, 0.2471153289079666], "cam_t_m2c": [-37.97453689575195, 253.9556884765625, 468.20318603515625], "obj_id": 1}, {"cam_R_m2c": [0.8338890075683594, 0.5507803559303284, 0.035639144480228424, -0.5075111389160156, 0.7397952079772949, 0.4417414367198944, 0.2169368416070938, -0.3864505887031555, 0.8964342474937439], "cam_t_m2c": [21.111557006835938, 260.2860412597656, 722.0444946289062], "obj_id": 1}, {"cam_R_m2c": [0.4119606614112854, 0.6139288544654846, -0.6733347773551941, -0.8973408937454224, 0.401737779378891, -0.18271851539611816, 0.1583278626203537, 0.6794837117195129, 0.7164036631584167], "cam_t_m2c": [-10.505356788635254, -102.61031341552734, 547.1046142578125], "obj_id": 1}, {"cam_R_m2c": [-0.2789418399333954, 0.12145715206861496, -0.9525962471961975, -0.9055057764053345, -0.36357584595680237, 0.21879635751247406, -0.319766640663147, 0.9236128330230713, 0.2113967090845108], "cam_t_m2c": [-41.17221450805664, 1.101974368095398, 476.6572570800781], "obj_id": 1}, {"cam_R_m2c": [-0.9943752884864807, -0.07383576780557632, -0.07593235373497009, -0.08376476168632507, 0.10952036827802658, 0.9904487133026123, -0.06481441110372543, 0.9912383556365967, -0.1150890365242958], "cam_t_m2c": [-109.253662109375, 190.3079376220703, 707.500732421875], "obj_id": 1}, {"cam_R_m2c": [-0.2848927080631256, -0.6701905131340027, 0.6853325963020325, -0.5689969658851624, -0.457137793302536, -0.683569610118866, 0.7714133262634277, -0.5846961736679077, -0.2511011064052582], "cam_t_m2c": [239.02220153808594, 14.405694007873535, 560.8727416992188], "obj_id": 1}, {"cam_R_m2c": [-0.19325552880764008, 0.9579753279685974, 0.21198001503944397, 0.9518055319786072, 0.13060501217842102, 0.2775041162967682, 0.23815646767616272, 0.25539296865463257, -0.9370463490486145], "cam_t_m2c": [51.842716217041016, -75.31305694580078, 722.7182006835938], "obj_id": 1}, {"cam_R_m2c": [0.4765472412109375, -0.8771618604660034, 0.05907426029443741, 0.8776326179504395, 0.47859489917755127, 0.026607103645801544, -0.05161137878894806, 0.039165955036878586, 0.9978989362716675], "cam_t_m2c": [-40.269779205322266, 312.15289306640625, 698.7025756835938], "obj_id": 1}, {"cam_R_m2c": [0.32125401496887207, -0.20154094696044922, -0.9252983927726746, 0.5046401023864746, 0.8632346391677856, -0.012816907837986946, 0.8013327717781067, -0.4628251791000366, 0.3790232539176941], "cam_t_m2c": [-101.04154968261719, -6.344404220581055, 388.7840576171875], "obj_id": 1}, {"cam_R_m2c": [-0.9819954633712769, -0.009784187190234661, -0.1886506974697113, 0.1843847781419754, 0.16749581694602966, -0.9684768319129944, 0.04107395559549332, -0.9858242273330688, -0.16267603635787964], "cam_t_m2c": [160.61508178710938, 2.053722858428955, 781.4722900390625], "obj_id": 1}, {"cam_R_m2c": [-0.27662041783332825, -0.476070761680603, -0.8347680568695068, 0.1727963089942932, 0.8298643231391907, -0.5305343270301819, 0.9453160762786865, -0.29100146889686584, -0.14729413390159607], "cam_t_m2c": [128.6407928466797, -86.56390380859375, 678.2483520507812], "obj_id": 1}, {"cam_R_m2c": [-0.6057272553443909, 0.7754669785499573, 0.17817221581935883, 0.7862340807914734, 0.5489548444747925, 0.28369802236557007, 0.1221899539232254, 0.31192871928215027, -0.9422155022621155], "cam_t_m2c": [171.84823608398438, 146.0835418701172, 642.17529296875], "obj_id": 1}, {"cam_R_m2c": [0.8103569746017456, 0.5783275961875916, -0.09412088990211487, -0.48607712984085083, 0.7532179355621338, 0.4431610405445099, 0.32718580961227417, -0.31336861848831177, 0.8914872407913208], "cam_t_m2c": [61.359188079833984, 62.925472259521484, 768.4638061523438], "obj_id": 1}, {"cam_R_m2c": [-0.7469268441200256, -0.20599529147148132, -0.63219153881073, 0.0034172998275607824, -0.9519748687744141, 0.3061569929122925, -0.6648973822593689, 0.2265165001153946, 0.7117595672607422], "cam_t_m2c": [153.9185791015625, -14.649901390075684, 694.4027099609375], "obj_id": 1}, {"cam_R_m2c": [0.9663025736808777, -0.06528815627098083, 0.248991459608078, -0.2460128366947174, -0.5188674926757812, 0.8186904191970825, 0.07574281096458435, -0.852357804775238, -0.5174447298049927], "cam_t_m2c": [-19.844148635864258, -161.78500366210938, 421.3914794921875], "obj_id": 1}, {"cam_R_m2c": [-0.11089589446783066, 0.9180853366851807, -0.3805539309978485, -0.24217510223388672, -0.39633646607398987, -0.8855893015861511, -0.9638740420341492, -0.006047590170055628, 0.266289621591568], "cam_t_m2c": [-73.06456756591797, 90.56376647949219, 494.35565185546875], "obj_id": 1}, {"cam_R_m2c": [-0.2834629714488983, 0.3982691764831543, 0.8723706007003784, -0.19017943739891052, -0.9149614572525024, 0.35591766238212585, 0.9399364590644836, -0.06501747667789459, 0.3351002335548401], "cam_t_m2c": [105.3409652709961, 83.81031799316406, 538.822021484375], "obj_id": 1}, {"cam_R_m2c": [-0.9271017909049988, 0.37452182173728943, 0.014686867594718933, -0.012084641493856907, -0.06903322786092758, 0.9975411891937256, 0.37461480498313904, 0.9246447086334229, 0.06852678209543228], "cam_t_m2c": [-112.39810943603516, -66.97183990478516, 523.8776245117188], "obj_id": 1}, {"cam_R_m2c": [-0.7113866209983826, 0.23288284242153168, 0.6630945801734924, -0.17022943496704102, 0.8583106994628906, -0.48407089710235596, -0.6818730235099792, -0.4572398364543915, -0.5709472298622131], "cam_t_m2c": [65.9001235961914, -127.67644500732422, 478.7989501953125], "obj_id": 1}, {"cam_R_m2c": [-0.36520543694496155, 0.8824692368507385, 0.296433687210083, -0.9081482291221619, -0.40773439407348633, 0.09497031569480896, 0.2046746164560318, -0.23452205955982208, 0.950319766998291], "cam_t_m2c": [-147.61891174316406, -91.56248474121094, 558.7055053710938], "obj_id": 1}, {"cam_R_m2c": [-0.42734867334365845, 0.5014050006866455, 0.7523072361946106, 0.6394054293632507, 0.7559069395065308, -0.14058949053287506, -0.639166533946991, 0.4209486246109009, -0.64363694190979], "cam_t_m2c": [-118.2427749633789, -33.66558074951172, 532.6351928710938], "obj_id": 1}, {"cam_R_m2c": [-0.5820744633674622, 0.7457059621810913, -0.32420915365219116, 0.12111619859933853, -0.3147567808628082, -0.941413164138794, -0.8040645718574524, -0.587239682674408, 0.09289505332708359], "cam_t_m2c": [126.6481704711914, 59.202701568603516, 712.4110717773438], "obj_id": 1}, {"cam_R_m2c": [0.8172842860221863, -0.5066743493080139, 0.2744585871696472, -0.37144896388053894, -0.8273687362670898, -0.42129161953926086, 0.4405360817909241, 0.24236765503883362, -0.8643991351127625], "cam_t_m2c": [73.2499771118164, 210.26959228515625, 534.4847412109375], "obj_id": 1}, {"cam_R_m2c": [-0.17403055727481842, -0.9775322079658508, -0.11892924457788467, 0.6545403599739075, -0.2050604373216629, 0.7276861071586609, -0.7357242703437805, 0.04879564046859741, 0.6755210757255554], "cam_t_m2c": [164.1835479736328, 150.5957489013672, 469.109375], "obj_id": 1}, {"cam_R_m2c": [-0.6799508333206177, -0.23120446503162384, -0.6958529353141785, -0.30837345123291016, -0.7708219289779663, 0.5574399828910828, -0.6652613282203674, 0.593614399433136, 0.4528237283229828], "cam_t_m2c": [-37.727169036865234, 53.01831817626953, 533.5343017578125], "obj_id": 1}, {"cam_R_m2c": [0.009916730225086212, 0.03170756995677948, -0.9994479417800903, 0.9175819158554077, 0.39695414900779724, 0.021697795018553734, 0.3974229395389557, -0.9172905683517456, -0.025157777592539787], "cam_t_m2c": [58.91004943847656, -1.301500678062439, 406.20867919921875], "obj_id": 1}, {"cam_R_m2c": [-0.06742101162672043, -0.9976911544799805, -0.008165170438587666, -0.8558886051177979, 0.062040384858846664, -0.5134254097938538, 0.5127465724945068, -0.02762720361351967, -0.8580952882766724], "cam_t_m2c": [151.4872589111328, -67.64783477783203, 711.7608032226562], "obj_id": 1}, {"cam_R_m2c": [0.2889527380466461, 0.2095940113067627, -0.9341180920600891, -0.8944622278213501, 0.4069017171859741, -0.1853867769241333, 0.3412382900714874, 0.8891013860702515, 0.3050493001937866], "cam_t_m2c": [22.01071548461914, -98.1743392944336, 738.7606201171875], "obj_id": 1}, {"cam_R_m2c": [-0.7565791606903076, 0.01564749702811241, -0.6537147164344788, -0.13761036098003387, 0.9735157489776611, 0.18256622552871704, 0.6392582654953003, 0.2280837446451187, -0.7343884706497192], "cam_t_m2c": [166.62533569335938, 126.77225494384766, 639.4556274414062], "obj_id": 1}, {"cam_R_m2c": [0.15774621069431305, 0.9702873826026917, 0.18346218764781952, 0.9318345785140991, -0.0847792699933052, -0.352840781211853, -0.32680317759513855, 0.22661569714546204, -0.9175209403038025], "cam_t_m2c": [155.20437622070312, -25.013370513916016, 441.294921875], "obj_id": 1}, {"cam_R_m2c": [-0.2682211697101593, 0.8953806757926941, 0.3554587662220001, 0.3681556284427643, -0.24570216238498688, 0.8967117667198181, 0.8902353048324585, 0.37138116359710693, -0.2637369930744171], "cam_t_m2c": [-115.2901611328125, 33.870487213134766, 437.1142883300781], "obj_id": 1}, {"cam_R_m2c": [-0.6662681698799133, -0.016941549256443977, 0.7455196380615234, 0.5535917282104492, 0.6585840582847595, 0.5097089409828186, -0.4996225833892822, 0.752316415309906, -0.42941486835479736], "cam_t_m2c": [107.65071868896484, 72.51842498779297, 749.094970703125], "obj_id": 1}, {"cam_R_m2c": [0.012547692283987999, -0.37374627590179443, -0.9274461269378662, -0.859194815158844, -0.4784885048866272, 0.18119904398918152, -0.5114947557449341, 0.794583261013031, -0.32712483406066895], "cam_t_m2c": [-167.0173797607422, -18.742721557617188, 571.5682983398438], "obj_id": 1}, {"cam_R_m2c": [-0.8173450827598572, 0.49083828926086426, 0.30170321464538574, 0.4038163721561432, 0.8615515828132629, -0.30767059326171875, -0.41094937920570374, -0.1296403408050537, -0.9023935198783875], "cam_t_m2c": [7.959038734436035, -194.8728790283203, 455.4521179199219], "obj_id": 1}, {"cam_R_m2c": [-0.5662230253219604, 0.37241408228874207, 0.7353224158287048, -0.24245969951152802, 0.7773846387863159, -0.5804191827774048, -0.7877846360206604, -0.50693279504776, -0.34987759590148926], "cam_t_m2c": [-73.30319213867188, 45.91432571411133, 418.80987548828125], "obj_id": 1}, {"cam_R_m2c": [0.5789240598678589, -0.5787739157676697, 0.5743410587310791, 0.7759712934494019, 0.6074094176292419, -0.17006567120552063, -0.2504305839538574, 0.5441272854804993, 0.8007559180259705], "cam_t_m2c": [85.86439514160156, 157.95358276367188, 632.9037475585938], "obj_id": 1}, {"cam_R_m2c": [-0.9862203598022461, 0.13306213915348053, -0.09830605238676071, -0.03262420371174812, -0.7389724850654602, -0.6729453206062317, -0.16218900680541992, -0.6604651808738708, 0.7331306338310242], "cam_t_m2c": [46.249481201171875, 19.213268280029297, 548.8652954101562], "obj_id": 1}, {"cam_R_m2c": [-0.7716855406761169, -0.48066842555999756, -0.41648411750793457, 0.46172890067100525, 0.02694210410118103, -0.8866117596626282, 0.43738722801208496, -0.8764883279800415, 0.20114783942699432], "cam_t_m2c": [96.58065032958984, -114.33560180664062, 527.3056640625], "obj_id": 1}, {"cam_R_m2c": [-0.8950605392456055, 0.39270898699760437, -0.21129637956619263, -0.43807071447372437, -0.8629384636878967, 0.25185537338256836, -0.08342991769313812, 0.3179885745048523, 0.9444165825843811], "cam_t_m2c": [84.06102752685547, 132.1285400390625, 682.3154296875], "obj_id": 1}, {"cam_R_m2c": [0.47201281785964966, -0.09054688364267349, -0.8769294023513794, 0.5152848958969116, -0.778770923614502, 0.3577669560909271, -0.7153218388557434, -0.6207391023635864, -0.32093241810798645], "cam_t_m2c": [-13.809630393981934, 218.4400634765625, 664.1439208984375], "obj_id": 1}, {"cam_R_m2c": [-0.11530394852161407, -0.7987645268440247, 0.5904914140701294, -0.8560203909873962, 0.38147151470184326, 0.3488675355911255, -0.5039186477661133, -0.46524688601493835, -0.7277438640594482], "cam_t_m2c": [43.05959701538086, -101.61262512207031, 473.7549743652344], "obj_id": 1}, {"cam_R_m2c": [0.31670641899108887, 0.7023715376853943, -0.6374725103378296, 0.8927335143089294, 0.0063676550053060055, 0.4505399763584137, 0.32050567865371704, -0.7117819786071777, -0.6250139474868774], "cam_t_m2c": [-123.7221450805664, -13.74881362915039, 550.9969482421875], "obj_id": 1}, {"cam_R_m2c": [-0.45831790566444397, -0.7896212339401245, 0.4079742133617401, -0.6007911562919617, 0.613509476184845, 0.5124998688697815, -0.6549767851829529, -0.0102194519713521, -0.7555798292160034], "cam_t_m2c": [82.84349060058594, 174.2667999267578, 661.723388671875], "obj_id": 1}, {"cam_R_m2c": [-0.7541160583496094, -0.31560027599334717, 0.575938880443573, 0.5712027549743652, -0.7479642629623413, 0.3380487561225891, 0.32409340143203735, 0.583905816078186, 0.7443234920501709], "cam_t_m2c": [238.60330200195312, 11.939920425415039, 461.3506774902344], "obj_id": 1}, {"cam_R_m2c": [0.9885334372520447, 0.1467987298965454, 0.035380274057388306, -0.0019452666165307164, -0.22190362215042114, 0.9750667214393616, 0.1509895622730255, -0.9639548659324646, -0.2190735936164856], "cam_t_m2c": [16.44329833984375, -159.00697326660156, 449.86181640625], "obj_id": 1}, {"cam_R_m2c": [0.6095397472381592, 0.7536980509757996, 0.24576514959335327, -0.5100448727607727, 0.13551634550094604, 0.8494053483009338, 0.6068900227546692, -0.6430975794792175, 0.46702244877815247], "cam_t_m2c": [10.224700927734375, -188.69113159179688, 504.3011169433594], "obj_id": 1}, {"cam_R_m2c": [0.07100888341665268, -0.592932403087616, -0.802115261554718, -0.40751251578330994, -0.7512190937995911, 0.5192335247993469, -0.9104346632957458, 0.2900018095970154, -0.2949706017971039], "cam_t_m2c": [194.27044677734375, -113.82459259033203, 408.9601135253906], "obj_id": 1}, {"cam_R_m2c": [0.5978161692619324, 0.7819486260414124, 0.17655622959136963, -0.26615557074546814, 0.40136295557022095, -0.8763954043388367, -0.7561593651771545, 0.47693192958831787, 0.4480612576007843], "cam_t_m2c": [102.32402038574219, -112.09607696533203, 532.1950073242188], "obj_id": 1}, {"cam_R_m2c": [-0.9937016367912292, 0.0014852503081783652, 0.11204872280359268, 0.07139511406421661, -0.7623028755187988, 0.6432706713676453, 0.08637047559022903, 0.6472188234329224, 0.7573955059051514], "cam_t_m2c": [73.23397064208984, -67.73657989501953, 639.4617919921875], "obj_id": 1}, {"cam_R_m2c": [-0.8288233876228333, 0.49335330724716187, -0.2639210820198059, -0.054410774260759354, -0.5405347347259521, -0.8395603895187378, -0.5568584203720093, -0.6814871430397034, 0.4748515784740448], "cam_t_m2c": [194.79978942871094, 79.88018035888672, 765.8800048828125], "obj_id": 3}, {"cam_R_m2c": [0.11386604607105255, -0.8980255126953125, -0.42495256662368774, -0.46538883447647095, 0.3296892046928406, -0.8214123249053955, 0.8777515292167664, 0.29129913449287415, -0.38039064407348633], "cam_t_m2c": [-83.20905303955078, 35.69820785522461, 734.6497192382812], "obj_id": 1}, {"cam_R_m2c": [0.7697972655296326, 0.31665241718292236, 0.5542051792144775, 0.5175718069076538, -0.8177953362464905, -0.2516549229621887, 0.3735392987728119, 0.4805642366409302, -0.7934269309043884], "cam_t_m2c": [201.17372131347656, 41.915950775146484, 391.997314453125], "obj_id": 1}, {"cam_R_m2c": [-0.39536723494529724, -0.09526704996824265, -0.9135692119598389, -0.5900561809539795, 0.7885815501213074, 0.17312656342983246, 0.7039305567741394, 0.6075057983398438, -0.36799219250679016], "cam_t_m2c": [27.25586700439453, 245.20362854003906, 571.8931274414062], "obj_id": 1}, {"cam_R_m2c": [0.16463051736354828, -0.40522268414497375, 0.8992726802825928, 0.9578885436058044, 0.28313761949539185, -0.0477762445807457, -0.23525789380073547, 0.8692684173583984, 0.4347712993621826], "cam_t_m2c": [208.34814453125, 2.4122633934020996, 395.2855529785156], "obj_id": 1}, {"cam_R_m2c": [-0.7673064470291138, -0.2630181908607483, -0.5848607420921326, 0.6398642063140869, -0.37459173798561096, -0.6710101962089539, -0.04259612783789635, -0.8891019821166992, 0.4557226896286011], "cam_t_m2c": [93.33289337158203, 71.33799743652344, 776.5955810546875], "obj_id": 3}, {"cam_R_m2c": [0.5323657989501953, -0.6121054291725159, -0.584733784198761, 0.8465133309364319, 0.3860560655593872, 0.36657315492630005, 0.001358573790639639, -0.6901358962059021, 0.723678469657898], "cam_t_m2c": [127.55197143554688, 143.6822052001953, 489.6737060546875], "obj_id": 1}, {"cam_R_m2c": [0.9757486581802368, -0.06942121684551239, 0.20759408175945282, 0.12044078856706619, -0.6216417551040649, -0.7739866971969604, 0.18278025090694427, 0.7802192568778992, -0.5982049107551575], "cam_t_m2c": [-64.67521667480469, 248.60757446289062, 502.71112060546875], "obj_id": 1}, {"cam_R_m2c": [0.4197879433631897, 0.4653080701828003, -0.7792730331420898, -0.3113839626312256, 0.8803116083145142, 0.3578987717628479, 0.8525362610816956, 0.09241156280040741, 0.5144336819648743], "cam_t_m2c": [139.34268188476562, -45.3745231628418, 802.147216796875], "obj_id": 1}, {"cam_R_m2c": [0.1641218215227127, 0.6529306769371033, 0.7394225001335144, 0.4195590615272522, -0.7246107459068298, 0.5467262864112854, 0.8927677869796753, 0.22050167620182037, -0.39286747574806213], "cam_t_m2c": [-161.72964477539062, -77.63040161132812, 541.1618041992188], "obj_id": 3}, {"cam_R_m2c": [0.994195818901062, -0.09838206321001053, -0.04353875294327736, 0.07394002377986908, 0.9187949299812317, -0.3877483010292053, 0.0781506597995758, 0.3822784721851349, 0.9207364916801453], "cam_t_m2c": [-23.91663932800293, 28.4569091796875, 419.6421203613281], "obj_id": 1}, {"cam_R_m2c": [-0.5879132747650146, -0.2739643454551697, 0.7611185908317566, 0.16370359063148499, -0.9617289304733276, -0.2197238802909851, 0.7921862602233887, -0.004580741748213768, 0.6102621555328369], "cam_t_m2c": [95.66163635253906, -152.75279235839844, 814.0958251953125], "obj_id": 1}, {"cam_R_m2c": [-0.9001181721687317, -0.22327370941638947, -0.3740805983543396, 0.2512272894382477, 0.4354839622974396, -0.8644296526908875, 0.3559105098247528, -0.8720679879188538, -0.3358946442604065], "cam_t_m2c": [3.0986154079437256, -11.56142807006836, 726.314453125], "obj_id": 3}, {"cam_R_m2c": [0.6160848140716553, 0.7710964679718018, 0.16077853739261627, 0.5093753337860107, -0.23432810604572296, -0.8280259966850281, -0.6008129715919495, 0.5920308828353882, -0.5371434688568115], "cam_t_m2c": [168.98422241210938, 92.82759094238281, 385.7637634277344], "obj_id": 1}, {"cam_R_m2c": [0.18496546149253845, -0.4758322834968567, 0.8598670959472656, 0.9714453220367432, 0.220830038189888, -0.08676429837942123, -0.14859922230243683, 0.8513622879981995, 0.5030909776687622], "cam_t_m2c": [52.07424545288086, 119.78218078613281, 428.848388671875], "obj_id": 3}, {"cam_R_m2c": [-0.3102870583534241, 0.9286496639251709, -0.20330175757408142, 0.5919076800346375, 0.35607248544692993, 0.7230889797210693, 0.7438865303993225, 0.10402929037809372, -0.6601595282554626], "cam_t_m2c": [173.38870239257812, 130.12916564941406, 728.0798950195312], "obj_id": 3}, {"cam_R_m2c": [0.9461866021156311, 0.06108478084206581, 0.3178042471408844, 0.32321861386299133, -0.22736181318759918, -0.918605625629425, 0.016143741086125374, 0.9718925952911377, -0.23487043380737305], "cam_t_m2c": [82.47398376464844, 37.6725959777832, 629.6727294921875], "obj_id": 3}, {"cam_R_m2c": [0.17604470252990723, -0.311394065618515, 0.9338318705558777, -0.6504136323928833, -0.7488706111907959, -0.1271020919084549, 0.7388980984687805, -0.5850013494491577, -0.3343696594238281], "cam_t_m2c": [201.72410583496094, 81.20842742919922, 760.25244140625], "obj_id": 3}, {"cam_R_m2c": [-0.28513774275779724, -0.9559687376022339, -0.06942760199308395, 0.264351487159729, -0.008809434249997139, -0.9643861651420593, 0.9213114380836487, -0.2933362126350403, 0.25522369146347046], "cam_t_m2c": [120.40898895263672, -93.55780792236328, 548.3236694335938], "obj_id": 1}, {"cam_R_m2c": [0.9730386734008789, 0.21726302802562714, -0.07741156220436096, -0.10344379395246506, 0.7110801935195923, 0.69545978307724, 0.20614352822303772, -0.6687015295028687, 0.714383065700531], "cam_t_m2c": [4.985603332519531, -78.6051025390625, 788.1414184570312], "obj_id": 3}, {"cam_R_m2c": [-0.37701454758644104, -0.9164500832557678, -0.13408613204956055, 0.39214757084846497, -0.026789790019392967, -0.9195120930671692, 0.8390948176383972, -0.3992510735988617, 0.36948391795158386], "cam_t_m2c": [-54.44749450683594, 107.43327331542969, 590.2282104492188], "obj_id": 3}, {"cam_R_m2c": [0.616252064704895, 0.5758466124534607, 0.5372467041015625, 0.4877851605415344, -0.8146612048149109, 0.3136758506298065, 0.6183032989501953, 0.06875760853290558, -0.7829260230064392], "cam_t_m2c": [26.8546085357666, -122.44229125976562, 680.1912841796875], "obj_id": 3}, {"cam_R_m2c": [0.6545665860176086, -0.30173709988594055, -0.6931790709495544, -0.37940236926078796, 0.6619648933410645, -0.646418035030365, 0.6539085507392883, 0.68611741065979, 0.31882035732269287], "cam_t_m2c": [202.73812866210938, -22.701623916625977, 464.68194580078125], "obj_id": 1}, {"cam_R_m2c": [0.5036359429359436, -0.8617293834686279, 0.06142698600888252, 0.6829590797424316, 0.3535917103290558, -0.6391711831092834, 0.5290725231170654, 0.36386168003082275, 0.766607403755188], "cam_t_m2c": [142.12612915039062, -226.15542602539062, 510.2910461425781], "obj_id": 3}, {"cam_R_m2c": [-0.9335419535636902, 0.004971712827682495, 0.3584337830543518, 0.3466864824295044, -0.24172450602054596, 0.9062989354133606, 0.09114808589220047, 0.9703322052955627, 0.2239363044500351], "cam_t_m2c": [137.76516723632812, 99.47220611572266, 658.06982421875], "obj_id": 3}, {"cam_R_m2c": [-0.6393896341323853, -0.7213931679725647, -0.26603132486343384, -0.24754567444324493, 0.5207148194313049, -0.8170539736747742, 0.7279435992240906, -0.45656096935272217, -0.5115174055099487], "cam_t_m2c": [-50.49898910522461, 64.28883361816406, 540.5831909179688], "obj_id": 1}, {"cam_R_m2c": [-0.4099489450454712, -0.6950263977050781, 0.590660572052002, 0.9006948471069336, -0.41059646010398865, 0.14198265969753265, 0.14384151995182037, 0.5902106761932373, 0.7943304777145386], "cam_t_m2c": [115.82955169677734, -149.6280975341797, 615.9349975585938], "obj_id": 1}, {"cam_R_m2c": [-0.9695901870727539, -0.208525151014328, -0.12810982763767242, -0.2175634354352951, 0.9741379618644714, 0.06100314483046532, 0.11207596212625504, 0.08702006936073303, -0.9898820519447327], "cam_t_m2c": [189.7591552734375, -142.33447265625, 474.7277526855469], "obj_id": 1}, {"cam_R_m2c": [0.5505043268203735, -0.16869725286960602, 0.8176100850105286, 0.1992928385734558, -0.9244989156723022, -0.32493728399276733, 0.8106956481933594, 0.34182319045066833, -0.4753205180168152], "cam_t_m2c": [-38.68234634399414, 225.9612579345703, 710.9819946289062], "obj_id": 1}, {"cam_R_m2c": [0.3308475613594055, 0.6405441761016846, 0.6929957270622253, 0.39086177945137024, -0.7614142298698425, 0.5171803832054138, 0.8589336276054382, 0.09975764900445938, -0.5022763013839722], "cam_t_m2c": [151.68264770507812, -233.0432891845703, 450.7697448730469], "obj_id": 1}, {"cam_R_m2c": [-0.41037556529045105, -0.25172606110572815, 0.8764848709106445, -0.755327045917511, 0.6323649287223816, -0.17203383147716522, -0.510952889919281, -0.732631266117096, -0.4496425986289978], "cam_t_m2c": [109.41177368164062, 127.29915618896484, 699.2595825195312], "obj_id": 3}, {"cam_R_m2c": [0.7411304116249084, -0.6474284529685974, -0.1776573359966278, -0.18379803001880646, 0.05884701758623123, -0.9812009930610657, 0.6457120180130005, 0.7598509192466736, -0.075382761657238], "cam_t_m2c": [192.5774688720703, 62.888832092285156, 592.8480834960938], "obj_id": 3}, {"cam_R_m2c": [0.673087477684021, 0.6018089652061462, 0.4298594892024994, 0.19307801127433777, -0.7040694952011108, 0.683379054069519, 0.7139146327972412, -0.37697744369506836, -0.5900964140892029], "cam_t_m2c": [20.349456787109375, 83.80267333984375, 494.72113037109375], "obj_id": 3}, {"cam_R_m2c": [-0.38200828433036804, 0.13108277320861816, -0.9148152470588684, -0.8661362528800964, 0.29444190859794617, 0.40387117862701416, 0.3223004639148712, 0.9466367959976196, 0.001056336215697229], "cam_t_m2c": [35.490116119384766, 222.29269409179688, 501.680908203125], "obj_id": 1}, {"cam_R_m2c": [0.3884691298007965, 0.4877297580242157, -0.7818000912666321, 0.7473018169403076, -0.66313236951828, -0.042371150106191635, -0.5391026735305786, -0.5677807331085205, -0.6220877766609192], "cam_t_m2c": [97.1595230102539, -30.331514358520508, 627.6765747070312], "obj_id": 3}, {"cam_R_m2c": [-0.9784825444221497, 0.20541970431804657, -0.019353307783603668, -0.07719852030277252, -0.45147231221199036, -0.8889392614364624, -0.19134314358234406, -0.8683175444602966, 0.4576159715652466], "cam_t_m2c": [-58.38272476196289, 83.51591491699219, 476.5541687011719], "obj_id": 1}, {"cam_R_m2c": [0.6915583610534668, -0.4926462769508362, 0.52824866771698, 0.6759703159332275, 0.6991521120071411, -0.23291723430156708, -0.25458037853240967, 0.5181562900543213, 0.8165187835693359], "cam_t_m2c": [0.9786494970321655, 55.837860107421875, 392.3076171875], "obj_id": 1}, {"cam_R_m2c": [0.811726987361908, 0.33667609095573425, 0.477230042219162, 0.18366427719593048, 0.6285151243209839, -0.7558016777038574, -0.5544066429138184, 0.7011547088623047, 0.4483473300933838], "cam_t_m2c": [-11.81009578704834, -26.690744400024414, 650.3782958984375], "obj_id": 3}, {"cam_R_m2c": [0.7143726348876953, 0.09550712257623672, -0.6932172179222107, 0.1679413616657257, -0.9850893020629883, 0.03734711930155754, -0.6793139576911926, -0.1430996060371399, -0.7197604179382324], "cam_t_m2c": [268.3480529785156, 68.26533508300781, 744.3518676757812], "obj_id": 3}, {"cam_R_m2c": [-0.9879860877990723, -0.14240464568138123, 0.06003729999065399, -0.11976113170385361, 0.9510275721549988, 0.2849629521369934, -0.09767717123031616, 0.27434927225112915, -0.9566565752029419], "cam_t_m2c": [152.19566345214844, -141.80377197265625, 813.7274169921875], "obj_id": 3}, {"cam_R_m2c": [0.7821007370948792, 0.44208189845085144, -0.43918341398239136, -0.24229098856449127, 0.8650544285774231, 0.43929019570350647, 0.5741198062896729, -0.23715899884700775, 0.7836721539497375], "cam_t_m2c": [-72.56432342529297, -5.2682905197143555, 411.13360595703125], "obj_id": 1}, {"cam_R_m2c": [-0.912058413028717, -0.40967315435409546, -0.017801590263843536, -0.20497183501720428, 0.4178709089756012, 0.8850820660591125, -0.3551556468009949, 0.810895562171936, -0.4650940001010895], "cam_t_m2c": [-23.882827758789062, -87.0396499633789, 753.66015625], "obj_id": 1}, {"cam_R_m2c": [0.45502644777297974, 0.17920832335948944, -0.872258722782135, 0.14263387024402618, -0.9815604090690613, -0.12725768983364105, -0.8789803385734558, -0.06650802493095398, -0.4721970856189728], "cam_t_m2c": [-37.84434509277344, -107.44998168945312, 760.9774169921875], "obj_id": 3}, {"cam_R_m2c": [-0.8386756181716919, -0.2624412775039673, -0.4772292971611023, 0.37608298659324646, 0.354727178812027, -0.8559966087341309, 0.39393505454063416, -0.8973813056945801, -0.19880136847496033], "cam_t_m2c": [154.4346466064453, 32.60588836669922, 641.5527954101562], "obj_id": 3}, {"cam_R_m2c": [-0.4334949553012848, -0.6074909567832947, 0.665610134601593, 0.5915989875793457, -0.7490112781524658, -0.29831641912460327, 0.6797740459442139, 0.264455646276474, 0.6840837001800537], "cam_t_m2c": [-14.320140838623047, 291.1011047363281, 720.3150634765625], "obj_id": 3}, {"cam_R_m2c": [0.7477124929428101, 0.249689981341362, 0.6152893304824829, -0.5076232552528381, -0.3824135363101959, 0.7720612287521362, 0.42807093262672424, -0.889614999294281, -0.1591869443655014], "cam_t_m2c": [140.06484985351562, 158.2080535888672, 748.871826171875], "obj_id": 3}, {"cam_R_m2c": [-0.038813043385744095, 0.6297990083694458, -0.7757877111434937, -0.9991376399993896, -0.035913605242967606, 0.02083205059170723, -0.014741391874849796, 0.7759273648262024, 0.630649983882904], "cam_t_m2c": [-133.08448791503906, -13.114355087280273, 490.25567626953125], "obj_id": 3}, {"cam_R_m2c": [-0.6508949398994446, -0.6252681016921997, -0.4305524230003357, 0.45649251341819763, -0.7755089402198792, 0.43611958622932434, -0.6065889596939087, 0.0873241052031517, 0.7902052402496338], "cam_t_m2c": [5.129059791564941, 101.02335357666016, 625.9119873046875], "obj_id": 3}, {"cam_R_m2c": [0.16277006268501282, 0.9440017342567444, -0.2869955897331238, 0.9631036520004272, -0.21519893407821655, -0.16161870956420898, -0.2143295258283615, -0.2500998377799988, -0.9441995024681091], "cam_t_m2c": [-21.529138565063477, -8.243183135986328, 389.24627685546875], "obj_id": 3}, {"cam_R_m2c": [0.9795876145362854, -0.04738102853298187, -0.19535386562347412, -0.07241441309452057, 0.8233989477157593, -0.5628235340118408, 0.1875213235616684, 0.5654813647270203, 0.8031603693962097], "cam_t_m2c": [-92.29483795166016, 47.29775619506836, 746.2296752929688], "obj_id": 1}, {"cam_R_m2c": [-0.6207273006439209, 0.3833615779876709, -0.6839089393615723, 0.6288130879402161, -0.2775847911834717, -0.7263200283050537, -0.4682859480381012, -0.880897581577301, -0.06875830143690109], "cam_t_m2c": [-90.49384307861328, -130.61700439453125, 448.5335388183594], "obj_id": 3}, {"cam_R_m2c": [-0.9813377857208252, 0.18930158019065857, 0.03378038853406906, -0.09345242381095886, -0.6230370402336121, 0.7765896916389465, 0.16805608570575714, 0.7589399218559265, 0.6291004419326782], "cam_t_m2c": [0.8489542603492737, 95.15105438232422, 553.9089965820312], "obj_id": 1}, {"cam_R_m2c": [-0.5623012185096741, 0.7928725481033325, -0.23488403856754303, -0.10975432395935059, -0.353086918592453, -0.9291305541992188, -0.8196165561676025, -0.4966717064380646, 0.2855623960494995], "cam_t_m2c": [133.6242218017578, 163.6339111328125, 726.4149169921875], "obj_id": 3}, {"cam_R_m2c": [0.6301516890525818, -0.19235146045684814, 0.7522696852684021, -0.6895930767059326, 0.30666545033454895, 0.6560621857643127, -0.35688960552215576, -0.9321786761283875, 0.06060151010751724], "cam_t_m2c": [149.57064819335938, 99.57183074951172, 436.41168212890625], "obj_id": 3}, {"cam_R_m2c": [-0.21789415180683136, -0.5236868858337402, 0.8235739469528198, 0.852242648601532, -0.5133188962936401, -0.10092556476593018, 0.47560951113700867, 0.6798937916755676, 0.5581576824188232], "cam_t_m2c": [124.94609069824219, 64.97225189208984, 420.8798828125], "obj_id": 1}, {"cam_R_m2c": [0.4298439919948578, -0.1162131205201149, -0.8953930139541626, 0.8998222351074219, -0.026716912165284157, 0.4354378581047058, -0.07452574372291565, -0.9928649067878723, 0.09308705478906631], "