{
  "0": [{"cam_R_m2c": [-0.21479393541812897, -0.9295545816421509, -0.2996528744697571, -0.5697270035743713, 0.3684576749801636, -0.7346088290214539, 0.7932683825492859, 0.012930821627378464, -0.6087348461151123], "cam_t_m2c": [-127.64972686767578, 60.708412170410156, 201.34739685058594], "obj_id": 1}, {"cam_R_m2c": [-0.21479393541812897, -0.9295545816421509, -0.2996528744697571, -0.5697270035743713, 0.3684576749801636, -0.7346088290214539, 0.7932683825492859, 0.012930821627378464, -0.6087348461151123], "cam_t_m2c": [-127.64972686767578, 60.708412170410156, 201.34739685058594], "obj_id": 2}, {"cam_R_m2c": [-0.21479393541812897, -0.9295545816421509, -0.2996528744697571, -0.5697270035743713, 0.3684576749801636, -0.7346088290214539, 0.7932683825492859, 0.012930821627378464, -0.6087348461151123], "cam_t_m2c": [-127.64972686767578, 60.708412170410156, 201.34739685058594], "obj_id": 3}, {"cam_R_m2c": [-0.21479393541812897, -0.9295545816421509, -0.2996528744697571, -0.5697270035743713, 0.3684576749801636, -0.7346088290214539, 0.7932683825492859, 0.012930821627378464, -0.6087348461151123], "cam_t_m2c": [-127.64972686767578, 60.708412170410156, 201.34739685058594], "obj_id": 1}, {"cam_R_m2c": [-0.21479393541812897, -0.9295545816421509, -0.2996528744697571, -0.5697270035743713, 0.3684576749801636, -0.7346088290214539, 0.7932683825492859, 0.012930821627378464, -0.6087348461151123], "cam_t_m2c": [-127.64972686767578, 60.708412170410156, 201.34739685058594], "obj_id": 3}, {"cam_R_m2c": [-0.21479393541812897, -0.9295545816421509, -0.2996528744697571, -0.5697270035743713, 0.3684576749801636, -0.7346088290214539, 0.7932683825492859, 0.012930821627378464, -0.6087348461151123], "cam_t_m2c": [-127.64972686767578, 60.708412170410156, 201.34739685058594], "obj_id": 3}, {"cam_R_m2c": [-0.21479393541812897, -0.9295545816421509, -0.2996528744697571, -0.5697270035743713, 0.3684576749801636, -0.7346088290214539, 0.7932683825492859, 0.012930821627378464, -0.6087348461151123], "cam_t_m2c": [-127.64972686767578, 60.708412170410156, 201.34739685058594], "obj_id": 1}, {"cam_R_m2c": [-0.21479393541812897, -0.9295545816421509, -0.2996528744697571, -0.5697270035743713, 0.3684576749801636, -0.7346088290214539, 0.7932683825492859, 0.012930821627378464, -0.6087348461151123], "cam_t_m2c": [-127.64972686767578, 60.708412170410156, 201.34739685058594], "obj_id": 3}, {"cam_R_m2c": [-0.21479393541812897, -0.9295545816421509, -0.2996528744697571, -0.5697270035743713, 0.3684576749801636, -0.7346088290214539, 0.7932683825492859, 0.012930821627378464, -0.6087348461151123], "cam_t_m2c": [-127.64972686767578, 60.708412170410156, 201.34739685058594], "obj_id": 3}, {"cam_R_m2c": [-0.21479393541812897, -0.9295545816421509, -0.2996528744697571, -0.5697270035743713, 0.3684576749801636, -0.7346088290214539, 0.7932683825492859, 0.012930821627378464, -0.6087348461151123], "cam_t_m2c": [-127.64972686767578, 60.708412170410156, 201.34739685058594], "obj_id": 3}, {"cam_R_m2c": [-0.21479393541812897, -0.9295545816421509, -0.2996528744697571, -0.5697270035743713, 0.3684576749801636, -0.7346088290214539, 0.7932683825492859, 0.012930821627378464, -0.6087348461151123], "cam_t_m2c": [-127.64972686767578, 60.708412170410156, 201.34739685058594], "obj_id": 1}, {"cam_R_m2c": [-0.21479393541812897, -0.9295545816421509, -0.2996528744697571, -0.5697270035743713, 0.3684576749801636, -0.7346088290214539, 0.7932683825492859, 0.012930821627378464, -0.6087348461151123], "cam_t_m2c": [-127.64972686767578, 60.708412170410156, 201.34739685058594], "obj_id": 2}, {"cam_R_m2c": [-0.21479393541812897, -0.9295545816421509, -0.2996528744697571, -0.5697270035743713, 0.3684576749801636, -0.7346088290214539, 0.7932683825492859, 0.012930821627378464, -0.6087348461151123], "cam_t_m2c": [-127.64972686767578, 60.708412170410156, 201.34739685058594], "obj_id": 1}, {"cam_R_m2c": [-0.21479393541812897, -0.9295545816421509, -0.2996528744697571, -0.5697270035743713, 0.3684576749801636, -0.7346088290214539, 0.7932683825492859, 0.012930821627378464, -0.6087348461151123], "cam_t_m2c": [-127.64972686767578, 60.708412170410156, 201.34739685058594], "obj_id": 2}, {"cam_R_m2c": [-0.21479393541812897, -0.9295545816421509, -0.2996528744697571, -0.5697270035743713, 0.3684576749801636, -0.7346088290214539, 0.7932683825492859, 0.012930821627378464, -0.6087348461151123], "cam_t_m2c": [-127.64972686767578, 60.708412170410156, 201.34739685058594], "obj_id": 3}, {"cam_R_m2c": [-0.21479393541812897, -0.9295545816421509, -0.2996528744697571, -0.5697270035743713, 0.3684576749801636, -0.7346088290214539, 0.7932683825492859, 0.012930821627378464, -0.6087348461151123], "cam_t_m2c": [-127.64972686767578, 60.708412170410156, 201.34739685058594], "obj_id": 1}, {"cam_R_m2c": [-0.21479393541812897, -0.9295545816421509, -0.2996528744697571, -0.5697270035743713, 0.3684576749801636, -0.7346088290214539, 0.7932683825492859, 0.012930821627378464, -0.6087348461151123], "cam_t_m2c": [-127.64972686767578, 60.708412170410156, 201.34739685058594], "obj_id": 1}, {"cam_R_m2c": [-0.21479393541812897, -0.9295545816421509, -0.2996528744697571, -0.5697270035743713, 0.3684576749801636, -0.7346088290214539, 0.7932683825492859, 0.012930821627378464, -0.6087348461151123], "cam_t_m2c": [-127.64972686767578, 60.708412170410156, 201.34739685058594], "obj_id": 1}, {"cam_R_m2c": [-0.21479393541812897, -0.9295545816421509, -0.2996528744697571, -0.5697270035743713, 0.3684576749801636, -0.7346088290214539, 0.7932683825492859, 0.012930821627378464, -0.6087348461151123], "cam_t_m2c": [-127.64972686767578, 60.708412170410156, 201.34739685058594], "obj_id": 1}, {"cam_R_m2c": [-0.21479393541812897, -0.9295545816421509, -0.2996528744697571, -0.5697270035743713, 0.3684576749801636, -0.7346088290214539, 0.7932683825492859, 0.012930821627378464, -0.6087348461151123], "cam_t_m2c": [-127.64972686767578, 60.708412170410156, 201.34739685058594], "obj_id": 2}, {"cam_R_m2c": [-0.21479393541812897, -0.9295545816421509, -0.2996528744697571, -0.5697270035743713, 0.3684576749801636, -0.7346088290214539, 0.7932683825492859, 0.012930821627378464, -0.6087348461151123], "cam_t_m2c": [-127.64972686767578, 60.708412170410156, 201.34739685058594], "obj_id": 1}, {"cam_R_m2c": [-0.21479393541812897, -0.9295545816421509, -0.2996528744697571, -0.5697270035743713, 0.3684576749801636, -0.7346088290214539, 0.7932683825492859, 0.012930821627378464, -0.6087348461151123], "cam_t_m2c": [-127.64972686767578, 60.708412170410156, 201.34739685058594], "obj_id": 2}, {"cam_R_m2c": [-0.21479393541812897, -0.9295545816421509, -0.2996528744697571, -0.5697270035743713, 0.3684576749801636, -0.7346088290214539, 0.7932683825492859, 0.012930821627378464, -0.6087348461151123], "cam_t_m2c": [-127.64972686767578, 60.708412170410156, 201.34739685058594], "obj_id": 3}, {"cam_R_m2c": [-0.21479393541812897, -0.9295545816421509, -0.2996528744697571, -0.5697270035743713, 0.3684576749801636, -0.7346088290214539, 0.7932683825492859, 0.012930821627378464, -0.6087348461151123], "cam_t_m2c": [-127.64972686767578, 60.708412170410156, 201.34739685058594], "obj_id": 1}, {"cam_R_m2c": [-0.152973011136055, -0.9875889420509338, -0.035596173256635666, -0.21313650906085968, 0.06814359128475189, -0.9746430516242981, 0.9649724364280701, -0.14150738716125488, -0.2209152728319168], "cam_t_m2c": [2091.888916015625, 5937.55126953125, 5094.736328125], "obj_id": 0}, {"cam_R_m2c": [0.7106114029884338, 0.17250415682792664, -0.6821097731590271, 0.15242530405521393, 0.9087093472480774, 0.3886050581932068, 0.6868755221366882, -0.3801179826259613, 0.6194452047348022], "cam_t_m2c": [-164.4989013671875, 183.25057983398438, 30.841094970703125], "obj_id": 3}, {"cam_R_m2c": [-0.007638516370207071, 0.3246404230594635, 0.945806622505188, -0.1961907297372818, 0.926965057849884, -0.3197576701641083, -0.9805359244346619, -0.18800099194049835, 0.05661081150174141], "cam_t_m2c": [-110.692626953125, -44.31541442871094, 271.1314392089844], "obj_id": 3}, {"cam_R_m2c": [-0.25681307911872864, -0.8640164136886597, 0.4330386519432068, -0.9410967826843262, 0.3255438208580017, 0.0914216935634613, -0.21996289491653442, -0.3840530216693878, -0.8967270255088806], "cam_t_m2c": [8.588462829589844, 47.98126983642578, 102.33744812011719], "obj_id": 1}, {"cam_R_m2c": [-0.4977928400039673, 0.41426172852516174, 0.7619640231132507, 0.39360055327415466, -0.6749631762504578, 0.6241016983985901, 0.7728392481803894, 0.6105829477310181, 0.17293846607208252], "cam_t_m2c": [-269.3042297363281, 43.54843521118164, 334.3079833984375], "obj_id": 1}, {"cam_R_m2c": [0.49515682458877563, -0.2893589735031128, 0.8192014694213867, 0.4840443432331085, -0.6911284327507019, -0.5366958975791931, 0.7214712500572205, 0.6622784733772278, -0.20215433835983276], "cam_t_m2c": [2212.33837890625, 5821.42333984375, 5167.8681640625], "obj_id": 0}, {"cam_R_m2c": [0.9058577418327332, 0.3473551571369171, 0.24241739511489868, -0.07975636422634125, -0.4221968948841095, 0.9029887914657593, 0.4160056710243225, -0.837313711643219, -0.3547465205192566], "cam_t_m2c": [65.89940643310547, 83.71626281738281, 20.2945499420166], "obj_id": 0}, {"cam_R_m2c": [0.1908579021692276, 0.28361597657203674, 0.9397526979446411, -0.3204164505004883, 0.9229130148887634, -0.21345919370651245, -0.9278504848480225, -0.2603718936443329, 0.26702046394348145], "cam_t_m2c": [-12.970985412597656, -21.614667892456055, 198.00657653808594], "obj_id": 3}],
  "1": [{"cam_R_m2c": [-0.09283559769392014, -0.9915238618850708, -0.09089609235525131, -0.5091732144355774, 0.12572675943374634, -0.8514314889907837, 0.8556426763534546, -0.032761234790086746, -0.5165293216705322], "cam_t_m2c": [-142.95742797851562, 30.461015701293945, 176.80572509765625], "obj_id": 1}, {"cam_R_m2c": [-0.09283559769392014, -0.9915238618850708, -0.09089609235525131, -0.5091732144355774, 0.12572675943374634, -0.8514314889907837, 0.8556426763534546, -0.032761234790086746, -0.5165293216705322], "cam_t_m2c": [-142.95742797851562, 30.461015701293945, 176.80572509765625], "obj_id": 2}, {"cam_R_m2c": [-0.09283559769392014, -0.9915238618850708, -0.09089609235525131, -0.5091732144355774, 0.12572675943374634, -0.8514314889907837, 0.8556426763534546, -0.032761234790086746, -0.5165293216705322], "cam_t_m2c": [-142.95742797851562, 30.461015701293945, 176.80572509765625], "obj_id": 3}, {"cam_R_m2c": [-0.09283559769392014, -0.9915238618850708, -0.09089609235525131, -0.5091732144355774, 0.12572675943374634, -0.8514314889907837, 0.8556426763534546, -0.032761234790086746, -0.5165293216705322], "cam_t_m2c": [-142.95742797851562, 30.461015701293945, 176.80572509765625], "obj_id": 1}, {"cam_R_m2c": [-0.09283559769392014, -0.9915238618850708, -0.09089609235525131, -0.5091732144355774, 0.12572675943374634, -0.8514314889907837, 0.8556426763534546, -0.032761234790086746, -0.5165293216705322], "cam_t_m2c": [-142.95742797851562, 30.461015701293945, 176.80572509765625], "obj_id": 3}, {"cam_R_m2c": [-0.09283559769392014, -0.9915238618850708, -0.09089609235525131, -0.5091732144355774, 0.12572675943374634, -0.8514314889907837, 0.8556426763534546, -0.032761234790086746, -0.5165293216705322], "cam_t_m2c": [-142.95742797851562, 30.461015701293945, 176.80572509765625], "obj_id": 3}, {"cam_R_m2c": [-0.09283559769392014, -0.9915238618850708, -0.09089609235525131, -0.5091732144355774, 0.12572675943374634, -0.8514314889907837, 0.8556426763534546, -0.032761234790086746, -0.5165293216705322], "cam_t_m2c": [-142.95742797851562, 30.461015701293945, 176.80572509765625], "obj_id": 1}, {"cam_R_m2c": [-0.09283559769392014, -0.9915238618850708, -0.09089609235525131, -0.5091732144355774, 0.12572675943374634, -0.8514314889907837, 0.8556426763534546, -0.032761234790086746, -0.5165293216705322], "cam_t_m2c": [-142.95742797851562, 30.461015701293945, 176.80572509765625], "obj_id": 3}, {"cam_R_m2c": [-0.09283559769392014, -0.9915238618850708, -0.09089609235525131, -0.5091732144355774, 0.12572675943374634, -0.8514314889907837, 0.8556426763534546, -0.032761234790086746, -0.5165293216705322], "cam_t_m2c": [-142.95742797851562, 30.461015701293945, 176.80572509765625], "obj_id": 3}, {"cam_R_m2c": [-0.09283559769392014, -0.9915238618850708, -0.09089609235525131, -0.5091732144355774, 0.12572675943374634, -0.8514314889907837, 0.8556426763534546, -0.032761234790086746, -0.5165293216705322], "cam_t_m2c": [-142.95742797851562, 30.461015701293945, 176.80572509765625], "obj_id": 3}, {"cam_R_m2c": [-0.09283559769392014, -0.9915238618850708, -0.09089609235525131, -0.5091732144355774, 0.12572675943374634, -0.8514314889907837, 0.8556426763534546, -0.032761234790086746, -0.5165293216705322], "cam_t_m2c": [-142.95742797851562, 30.461015701293945, 176.80572509765625], "obj_id": 1}, {"cam_R_m2c": [-0.09283559769392014, -0.9915238618850708, -0.09089609235525131, -0.5091732144355774, 0.12572675943374634, -0.8514314889907837, 0.8556426763534546, -0.032761234790086746, -0.5165293216705322], "cam_t_m2c": [-142.95742797851562, 30.461015701293945, 176.80572509765625], "obj_id": 2}, {"cam_R_m2c": [-0.09283559769392014, -0.9915238618850708, -0.09089609235525131, -0.5091732144355774, 0.12572675943374634, -0.8514314889907837, 0.8556426763534546, -0.032761234790086746, -0.5165293216705322], "cam_t_m2c": [-142.95742797851562, 30.461015701293945, 176.80572509765625], "obj_id": 1}, {"cam_R_m2c": [-0.09283559769392014, -0.9915238618850708, -0.09089609235525131, -0.5091732144355774, 0.12572675943374634, -0.8514314889907837, 0.8556426763534546, -0.032761234790086746, -0.5165293216705322], "cam_t_m2c": [-142.95742797851562, 30.461015701293945, 176.80572509765625], "obj_id": 2}, {"cam_R_m2c": [-0.09283559769392014, -0.9915238618850708, -0.09089609235525131, -0.5091732144355774, 0.12572675943374634, -0.8514314889907837, 0.8556426763534546, -0.032761234790086746, -0.5165293216705322], "cam_t_m2c": [-142.95742797851562, 30.461015701293945, 176.80572509765625], "obj_id": 3}, {"cam_R_m2c": [-0.09283559769392014, -0.9915238618850708, -0.09089609235525131, -0.5091732144355774, 0.12572675943374634, -0.8514314889907837, 0.8556426763534546, -0.032761234790086746, -0.5165293216705322], "cam_t_m2c": [-142.95742797851562, 30.461015701293945, 176.80572509765625], "obj_id": 1}, {"cam_R_m2c": [-0.09283559769392014, -0.9915238618850708, -0.09089609235525131, -0.5091732144355774, 0.12572675943374634, -0.8514314889907837, 0.8556426763534546, -0.032761234790086746, -0.5165293216705322], "cam_t_m2c": [-142.95742797851562, 30.461015701293945, 176.80572509765625], "obj_id": 1}, {"cam_R_m2c": [-0.09283559769392014, -0.9915238618850708, -0.09089609235525131, -0.5091732144355774, 0.12572675943374634, -0.8514314889907837, 0.8556426763534546, -0.032761234790086746, -0.5165293216705322], "cam_t_m2c": [-142.95742797851562, 30.461015701293945, 176.80572509765625], "obj_id": 1}, {"cam_R_m2c": [-0.09283559769392014, -0.9915238618850708, -0.09089609235525131, -0.5091732144355774, 0.12572675943374634, -0.8514314889907837, 0.8556426763534546, -0.032761234790086746, -0.5165293216705322], "cam_t_m2c": [-142.95742797851562, 30.461015701293945, 176.80572509765625], "obj_id": 1}, {"cam_R_m2c": [-0.09283559769392014, -0.9915238618850708, -0.09089609235525131, -0.5091732144355774, 0.12572675943374634, -0.8514314889907837, 0.8556426763534546, -0.032761234790086746, -0.5165293216705322], "cam_t_m2c": [-142.95742797851562, 30.461015701293945, 176.80572509765625], "obj_id": 2}, {"cam_R_m2c": [-0.09283559769392014, -0.9915238618850708, -0.09089609235525131, -0.5091732144355774, 0.12572675943374634, -0.8514314889907837, 0.8556426763534546, -0.032761234790086746, -0.5165293216705322], "cam_t_m2c": [-142.95742797851562, 30.461015701293945, 176.80572509765625], "obj_id": 1}, {"cam_R_m2c": [-0.09283559769392014, -0.9915238618850708, -0.09089609235525131, -0.5091732144355774, 0.12572675943374634, -0.8514314889907837, 0.8556426763534546, -0.032761234790086746, -0.5165293216705322], "cam_t_m2c": [-142.95742797851562, 30.461015701293945, 176.80572509765625], "obj_id": 2}, {"cam_R_m2c": [-0.09283559769392014, -0.9915238618850708, -0.09089609235525131, -0.5091732144355774, 0.12572675943374634, -0.8514314889907837, 0.8556426763534546, -0.032761234790086746, -0.5165293216705322], "cam_t_m2c": [-142.95742797851562, 30.461015701293945, 176.80572509765625], "obj_id": 3}, {"cam_R_m2c": [-0.09283559769392014, -0.9915238618850708, -0.09089609235525131, -0.5091732144355774, 0.12572675943374634, -0.8514314889907837, 0.8556426763534546, -0.032761234790086746, -0.5165293216705322], "cam_t_m2c": [-142.95742797851562, 30.461015701293945, 176.80572509765625], "obj_id": 1}, {"cam_R_m2c": [-0.1258893758058548, -0.9691641330718994, 0.2118314504623413, -0.13094623386859894, -0.19542808830738068, -0.9719365835189819, 0.9833639860153198, -0.150095134973526, -0.10230595618486404], "cam_t_m2c": [411.33660888671875, 6800.61474609375, 4332.125], "obj_id": 0}, {"cam_R_m2c": [0.6296472549438477, -0.0442776121199131, -0.775618314743042, 0.4022699296474457, 0.8726922869682312, 0.276743620634079, 0.6646226048469543, -0.4862588047981262, 0.5672998428344727], "cam_t_m2c": [-203.4554901123047, 119.42676544189453, -7.237556457519531], "obj_id": 3}, {"cam_R_m2c": [0.07132451981306076, 0.09265407919883728, 0.9931405186653137, -0.3043570816516876, 0.9502134919166565, -0.06679118424654007, -0.9498839974403381, -0.2975054681301117, 0.09597344696521759], "cam_t_m2c": [-102.89983367919922, -58.264888763427734, 258.7231140136719], "obj_id": 3}, {"cam_R_m2c": [-0.010766222141683102, -0.9051249027252197, 0.42500922083854675, -0.9943386912345886, 0.05462352931499481, 0.09114090353250504, -0.10570938885211945, -0.4216219186782837, -0.9005888104438782], "cam_t_m2c": [-4.753452777862549, 40.469573974609375, 80.23821258544922], "obj_id": 1}, {"cam_R_m2c": [-0.6030452251434326, 0.5481680631637573, 0.5795239210128784, 0.3449866771697998, -0.4758177697658539, 0.8090620040893555, 0.7192498445510864, 0.6878291368484497, 0.0978291854262352], "cam_t_m2c": [-280.1236267089844, -5.698075294494629, 310.6598815917969], "obj_id": 1}, {"cam_R_m2c": [0.33835721015930176, -0.13117526471614838, 0.931830108165741, 0.6719090938568115, -0.659608006477356, -0.336831271648407, 0.6588265895843506, 0.7400744557380676, -0.13504523038864136], "cam_t_m2c": [554.2869873046875, 6727.2236328125, 4418.85009765625], "obj_id": 0}, {"cam_R_m2c": [0.8842855095863342, 0.46632564067840576, 0.024073533713817596, 0.19586336612701416, -0.41722577810287476, 0.8874458074569702, 0.4238828718662262, -0.7800403833389282, -0.4602828025817871], "cam_t_m2c": [44.54764938354492, 79.5166015625, -5.419832706451416], "obj_id": 0}, {"cam_R_m2c": [0.29251694679260254, 0.056155916303396225, 0.9546099901199341, -0.36858171224594116, 0.9277611970901489, 0.058366354554891586, -0.8823725581169128, -0.36892497539520264, 0.2920839190483093], "cam_t_m2c": [-11.52220344543457, -20.71376609802246, 183.54248046875], "obj_id": 3}]
}