{
  "0": [{"cam_R_m2c": [0.7565627694129944, -0.5426561832427979, -0.3648794889450073, 0.008236086927354336, 0.5658503174781799, -0.8244668841362, 0.6538692116737366, 0.6207557320594788, 0.43257060647010803], "cam_t_m2c": [-3183.261962890625, 30074.634765625, 1304.635009765625], "obj_id": 3}, {"cam_R_m2c": [0.03493846207857132, -0.18110917508602142, -0.9828421473503113, -0.8915827870368958, -0.4499518871307373, 0.05121871083974838, -0.45150789618492126, 0.8744956851005554, -0.17719441652297974], "cam_t_m2c": [-249.41293334960938, -64.34838104248047, 818.6598510742188], "obj_id": 3}, {"cam_R_m2c": [-0.20692500472068787, 0.5508069396018982, 0.8085749745368958, 0.978079080581665, 0.1361502856016159, 0.15755701065063477, -0.023304138332605362, 0.823452889919281, -0.5669056177139282], "cam_t_m2c": [-3365.6845703125, 30094.412109375, 1144.5162353515625], "obj_id": 2}, {"cam_R_m2c": [-0.6028345823287964, -0.4485657513141632, 0.6598326563835144, 0.7966712713241577, -0.29316696524620056, 0.5285527110099792, -0.04364948719739914, 0.8442996144294739, 0.5340906977653503], "cam_t_m2c": [15666.689453125, -26587.1796875, -25069.02734375], "obj_id": 2}],
  "1": [{"cam_R_m2c": [-0.8560075163841248, -0.09222518652677536, -0.5086702108383179, 0.06082722172141075, 0.9591552019119263, -0.27626314759254456, 0.5133721232414246, -0.2674243450164795, -0.8154342770576477], "cam_t_m2c": [11658.830078125, 24675.125, 13932.71484375], "obj_id": 3}, {"cam_R_m2c": [0.042419448494911194, -0.8193907737731934, 0.5716634392738342, -0.9333031177520752, 0.17171016335487366, 0.31537386775016785, -0.3565748333930969, -0.5469132661819458, -0.7574561238288879], "cam_t_m2c": [2.5651626586914062, 90.87747192382812, 630.7407836914062], "obj_id": 3}, {"cam_R_m2c": [0.45700427889823914, -0.8671160936355591, 0.1981334239244461, 0.8194122910499573, 0.3237836956977844, -0.4729986786842346, 0.3459923565387726, 0.3785153925418854, 0.8584960103034973], "cam_t_m2c": [11875.2578125, 24676.08203125, 13820.9345703125], "obj_id": 2}, {"cam_R_m2c": [0.5718045234680176, -0.6274663805961609, -0.5285126566886902, 0.8169928193092346, 0.37696149945259094, 0.436374694108963, -0.07458145916461945, -0.681312084197998, 0.7281837463378906], "cam_t_m2c": [5561.517578125, -39655.3984375, 4666.97705078125], "obj_id": 2}]
}