{
  "0": [{"cam_R_m2c": [0.6490749716758728, 0.6773234009742737, 0.3463159501552582, 0.2309899628162384, 0.2582699954509735, -0.9380513429641724, -0.72480708360672, 0.6888611316680908, 0.011181687004864216], "cam_t_m2c": [-11.270696640014648, -88.8649673461914, 1075.6446533203125], "obj_id": 3}, {"cam_R_m2c": [0.4805174767971039, 0.8756863474845886, 0.04771214723587036, -0.03952944651246071, -0.0327225998044014, 0.9986824989318848, 0.876093864440918, -0.48177045583724976, 0.01889158971607685], "cam_t_m2c": [8.200098991394043, -18.11799430847168, 1036.1531982421875], "obj_id": 2}, {"cam_R_m2c": [-0.4857807159423828, 0.8499999046325684, 0.20375733077526093, 0.2544984817504883, -0.08546669036149979, 0.9632890820503235, 0.8362101316452026, 0.5198032855987549, -0.17480550706386566], "cam_t_m2c": [-105.91541290283203, 10.171916007995605, 1052.68408203125], "obj_id": 3}, {"cam_R_m2c": [0.16583430767059326, -0.8653720021247864, 0.47289568185806274, -0.21133866906166077, -0.4995807707309723, -0.8400922417640686, 0.9632418751716614, 0.03937497362494469, -0.2657341957092285], "cam_t_m2c": [-143.65785217285156, -11.27888298034668, 977.3787231445312], "obj_id": 3}, {"cam_R_m2c": [0.4254446029663086, -0.9042882919311523, -0.03548963740468025, -0.2998945713043213, -0.10387574881315231, -0.9483000040054321, 0.8538501262664795, 0.4140922427177429, -0.31538447737693787], "cam_t_m2c": [-124.70779418945312, -62.287437438964844, 1034.8297119140625], "obj_id": 2}, {"cam_R_m2c": [-0.07805270701646805, 0.2973262071609497, -0.9515801668167114, 0.5960584282875061, 0.7790229916572571, 0.19451850652694702, 0.7991383075714111, -0.5520147085189819, -0.2380286604166031], "cam_t_m2c": [-64.67207336425781, -10.85610580444336, 945.9503784179688], "obj_id": 3}, {"cam_R_m2c": [0.12542404234409332, -0.952522337436676, 0.2774345576763153, -0.9491830468177795, -0.03384833037853241, 0.3128989636898041, -0.28865256905555725, -0.30258122086524963, -0.908363401889801], "cam_t_m2c": [-82.86456298828125, 8.754599571228027, 911.7017822265625], "obj_id": 2}, {"cam_R_m2c": [0.05874212831258774, 0.9403935670852661, 0.33497652411460876, 0.8769553899765015, 0.11171498149633408, -0.46740660071372986, -0.47696805000305176, 0.3212159276008606, -0.8181208372116089], "cam_t_m2c": [-61.55031204223633, -1.1918339729309082, 1014.1004028320312], "obj_id": 1}, {"cam_R_m2c": [-0.6049346923828125, -0.7835621237754822, 0.14171938598155975, -0.2353130728006363, 0.005885589402168989, -0.9719017744064331, 0.7607113718986511, -0.6212855577468872, -0.18794280290603638], "cam_t_m2c": [-31.294002532958984, 35.319522857666016, 996.3843994140625], "obj_id": 3}, {"cam_R_m2c": [0.895838737487793, -0.13927504420280457, 0.4219898581504822, -0.3385131359100342, 0.40133047103881836, 0.8510832786560059, -0.28789204359054565, -0.9052824378013611, 0.31238093972206116], "cam_t_m2c": [-11.756378173828125, 0.7235398292541504, 1080.990966796875], "obj_id": 3}]
}