{
  "0": [{"cam_R_m2c": [-0.0378657802939415, -0.8141694068908691, -0.5793914198875427, 0.8285772800445557, -0.3496896028518677, 0.43723785877227783, -0.5585927963256836, -0.4635142385959625, 0.6878435015678406], "cam_t_m2c": [9410.275390625, -34154.84375, -58582.5859375], "obj_id": 1}, {"cam_R_m2c": [-0.127341628074646, 0.8999485373497009, 0.4169854521751404, 0.2622409760951996, -0.37489941716194153, 0.8892019987106323, 0.9565635919570923, 0.22258305549621582, -0.18826311826705933], "cam_t_m2c": [157.3612060546875, -6.868317604064941, 1058.087646484375], "obj_id": 1}, {"cam_R_m2c": [-0.17118681967258453, 0.6781360507011414, -0.7147213816642761, 0.3894500136375427, -0.6197744011878967, -0.6813284754753113, -0.9049993753433228, -0.3949826955795288, -0.15800294280052185], "cam_t_m2c": [243.0480194091797, 48.37333679199219, 1401.5806884765625], "obj_id": 1}, {"cam_R_m2c": [-0.787730872631073, -0.6055760979652405, -0.11294972151517868, -0.6085381507873535, 0.7934607863426208, -0.010063177905976772, 0.09571520239114761, 0.06080713868141174, -0.9935497641563416], "cam_t_m2c": [202.4667205810547, -322.1502990722656, 1268.97705078125], "obj_id": 0}],
  "1": [{"cam_R_m2c": [-0.13208216428756714, -0.8105056285858154, -0.5706442594528198, 0.778691828250885, -0.44105851650238037, 0.44621333479881287, -0.6133459806442261, -0.38541921973228455, 0.6893901228904724], "cam_t_m2c": [8553.7353515625, -37851.86328125, -56540.37890625], "obj_id": 1}, {"cam_R_m2c": [-0.09210236370563507, 0.9369024038314819, 0.3372405767440796, 0.3248303532600403, -0.2918829619884491, 0.8996053338050842, 0.9412770867347717, 0.1924016773700714, -0.2774512767791748], "cam_t_m2c": [159.74188232421875, 7.892809867858887, 947.7550659179688], "obj_id": 1}, {"cam_R_m2c": [-0.25136798620224, 0.6994092464447021, -0.6690594553947449, 0.3060234785079956, -0.5983630418777466, -0.7404801845550537, -0.9182392954826355, -0.3908810615539551, -0.06362610310316086], "cam_t_m2c": [260.4229431152344, 95.23348999023438, 1280.39794921875], "obj_id": 1}, {"cam_R_m2c": [-0.7327904105186462, -0.659322202205658, -0.16826294362545013, -0.6538952589035034, 0.7507312893867493, -0.09393393248319626, 0.18825297057628632, 0.041192445904016495, -0.9812563061714172], "cam_t_m2c": [240.46144104003906, -286.3380432128906, 1177.5377197265625], "obj_id": 0}]
}