{
  "0": [{"cam_R_m2c": [-0.39400553703308105, 0.5449957251548767, 0.7400940656661987, -0.059314362704753876, -0.8186294436454773, 0.571250855922699, 0.9171921014785767, 0.1811777949333191, 0.35487067699432373], "cam_t_m2c": [-230.57249450683594, -325.63671875, 649.5362548828125], "obj_id": 2}, {"cam_R_m2c": [-0.817591667175293, 0.17867669463157654, 0.5473740100860596, 0.19587501883506775, -0.8076330423355103, 0.5562028884887695, 0.5414578914642334, 0.5619637966156006, 0.6253159046173096], "cam_t_m2c": [-366.0814208984375, -229.6036376953125, 787.7715454101562], "obj_id": 0}, {"cam_R_m2c": [0.5467501282691956, -0.16244202852249146, 0.8213871121406555, 0.8091356158256531, 0.35478445887565613, -0.46843084692955017, -0.21532249450683594, 0.9207282662391663, 0.32541611790657043], "cam_t_m2c": [6905.5537109375, -5122.29443359375, -2.506256103515625], "obj_id": 0}, {"cam_R_m2c": [-0.24838031828403473, -0.6542985439300537, -0.7142833471298218, 0.014408712275326252, 0.7348140478134155, -0.6781155467033386, 0.9685554504394531, -0.17872244119644165, -0.1730857491493225], "cam_t_m2c": [-394.5703125, -232.20631408691406, 707.5283203125], "obj_id": 0}],
  "1": [{"cam_R_m2c": [-0.3480934500694275, -0.860191822052002, -0.372694194316864, 0.9112875461578369, -0.40376943349838257, 0.08077919483184814, -0.21996812522411346, -0.31151285767555237, 0.924431562423706], "cam_t_m2c": [67.84217071533203, -109.07811737060547, 348.6578063964844], "obj_id": 2}, {"cam_R_m2c": [0.26807501912117004, -0.8633111119270325, -0.42758581042289734, 0.9162638187408447, 0.0913458988070488, 0.3900211453437805, -0.29765141010284424, -0.49633634090423584, 0.8155083656311035], "cam_t_m2c": [115.36065673828125, 101.74104309082031, 353.5154724121094], "obj_id": 0}, {"cam_R_m2c": [0.21285775303840637, -0.2789243757724762, -0.9364255666732788, -0.19327987730503082, 0.9274308681488037, -0.32017943263053894, 0.9577758312225342, 0.24914489686489105, 0.14350037276744843], "cam_t_m2c": [-6326.6962890625, -5878.55908203125, 773.7500610351562], "obj_id": 0}, {"cam_R_m2c": [-0.4300137758255005, 0.8821924328804016, 0.1918967366218567, 0.9000921845436096, 0.43543440103530884, 0.01519225537776947, -0.07015593349933624, 0.17925766110420227, -0.9812972545623779], "cam_t_m2c": [180.01280212402344, 52.33634948730469, 328.6338806152344], "obj_id": 0}]
}