{
  "0": [{"cam_R_m2c": [0.08996783196926117, -0.99541836977005, 0.03237190470099449, -0.3380449712276459, 5.330457497620955e-05, 0.9411299228668213, -0.9368197917938232, -0.09561453759670258, -0.33649134635925293], "cam_t_m2c": [-3433.078125, -2272.103271484375, -28027.400390625], "obj_id": 1}, {"cam_R_m2c": [-0.12045755982398987, 0.8690813779830933, 0.47977882623672485, 0.8722002506256104, 0.3234577178955078, -0.3669358789920807, -0.4740853011608124, 0.3742630183696747, -0.7969759106636047], "cam_t_m2c": [-41.292171478271484, -230.15846252441406, 897.6679077148438], "obj_id": 1}, {"cam_R_m2c": [-0.36551427841186523, -0.7666289210319519, -0.5279006958007812, -0.18748198449611664, -0.49488410353660583, 0.8484927415847778, -0.9117288589477539, 0.4091081917285919, 0.037158288061618805], "cam_t_m2c": [3077.04296875, -16376.869140625, -13429.65234375], "obj_id": 1}, {"cam_R_m2c": [-0.811974823474884, 0.5486939549446106, -0.19907721877098083, -0.5298092365264893, -0.5496978163719177, 0.64585942029953, 0.24494683742523193, 0.6298945546150208, 0.7370439767837524], "cam_t_m2c": [56.657901763916016, -63.44725036621094, 875.7191772460938], "obj_id": 1}],
  "1": [{"cam_R_m2c": [-0.0008894421043805778, -0.6617738604545593, 0.7497029900550842, -0.9490459561347961, 0.23681755363941193, 0.20791642367839813, -0.31513649225234985, -0.7113176584243774, -0.6282644867897034], "cam_t_m2c": [1463.5877685546875, -23003.333984375, -16693.126953125], "obj_id": 1}, {"cam_R_m2c": [0.6225678324699402, 0.7514085173606873, 0.21861951053142548, 0.11077015846967697, 0.19193539023399353, -0.9751362800598145, -0.7746865153312683, 0.6313049793243408, 0.03625916689634323], "cam_t_m2c": [-221.26266479492188, 23.030902862548828, 1174.7666015625], "obj_id": 1}, {"cam_R_m2c": [-0.21040113270282745, -0.9498385787010193, 0.23138298094272614, -0.7080975770950317, 0.31125113368034363, 0.63381427526474, -0.6740394830703735, -0.030486492440104485, -0.7380660176277161], "cam_t_m2c": [-6792.75390625, -20708.5859375, 2825.613525390625], "obj_id": 1}, {"cam_R_m2c": [-0.9745692610740662, -0.13179585337638855, 0.18123073875904083, 0.17671693861484528, 0.045272983610630035, 0.9832199811935425, -0.13778917491436005, 0.9902424812316895, -0.02083110809326172], "cam_t_m2c": [-32.58211135864258, 61.01515197753906, 1146.0982666015625], "obj_id": 1}]
}