{
  "0": [{"cam_R_m2c": [0.1864839792251587, 0.7780656218528748, 0.5998645424842834, 0.1948997527360916, -0.627738356590271, 0.7536301612854004, 0.9629318118095398, -0.023626433685421944, -0.26870784163475037], "cam_t_m2c": [17181.833984375, -23649.35546875, -6671.04248046875], "obj_id": 2}, {"cam_R_m2c": [0.40356558561325073, -0.30955561995506287, 0.8609936833381653, 0.4222167432308197, -0.7718333005905151, -0.47540125250816345, 0.8117067217826843, 0.5553815364837646, -0.18078577518463135], "cam_t_m2c": [5.027308940887451, -133.89976501464844, 1115.607666015625], "obj_id": 1}, {"cam_R_m2c": [0.15520134568214417, -0.7871910929679871, -0.5968605875968933, 0.7870901823043823, -0.26658204197883606, 0.556257963180542, -0.5969937443733215, -0.5561150908470154, 0.5782166123390198], "cam_t_m2c": [-511.4015197753906, 7086.38818359375, 7650.1328125], "obj_id": 0}, {"cam_R_m2c": [0.5668546557426453, -0.783444344997406, 0.2547367513179779, 0.17018243670463562, -0.19118450582027435, -0.9666884541511536, 0.8060482740402222, 0.5913235545158386, 0.024954603984951973], "cam_t_m2c": [-609.189697265625, 7024.82275390625, 7620.44677734375], "obj_id": 2}],
  "1": [{"cam_R_m2c": [-0.024716442450881004, 0.7299941778182983, 0.6830063462257385, 0.20850685238838196, -0.6644250154495239, 0.7176798582077026, 0.9777085781097412, 0.1601499766111374, -0.13578660786151886], "cam_t_m2c": [17224.908203125, -24615.50390625, -2607.9462890625], "obj_id": 2}, {"cam_R_m2c": [0.23223024606704712, -0.4658315181732178, 0.8538560271263123, 0.4216024875640869, -0.7428938746452332, -0.5199614763259888, 0.876538872718811, 0.4807386100292206, 0.023873310536146164], "cam_t_m2c": [-23.205387115478516, -132.1717529296875, 815.052978515625], "obj_id": 1}, {"cam_R_m2c": [0.3257651627063751, -0.6548886895179749, -0.6819074749946594, 0.764488935470581, -0.2418980449438095, 0.597529947757721, -0.5562676787376404, -0.7159651517868042, 0.4218532145023346], "cam_t_m2c": [-1620.1328125, 7257.24072265625, 6975.451171875], "obj_id": 0}, {"cam_R_m2c": [0.379372239112854, -0.9050344824790955, 0.1923261135816574, 0.16202223300933838, -0.1396714597940445, -0.9768524169921875, 0.9109475612640381, 0.4017517864704132, 0.09364822506904602], "cam_t_m2c": [-1711.81982421875, 7199.4873046875, 6925.212890625], "obj_id": 2}]
}