{
  "0": [{"cam_R_m2c": [0.9528183937072754, 0.29192444682121277, 0.08316954225301743, -0.2196604311466217, 0.47402772307395935, 0.8526704907417297, 0.20949070155620575, -0.8307092189788818, 0.5157865881919861], "cam_t_m2c": [-16.882122039794922, -31.431713104248047, 377.61444091796875], "obj_id": 0}, {"cam_R_m2c": [-0.29734259843826294, 0.9427217245101929, -0.1512054055929184, -0.9503216743469238, -0.30749303102493286, -0.04833975061774254, -0.09206554293632507, 0.12932030856609344, 0.9873197078704834], "cam_t_m2c": [-47.96171951293945, -256.6619567871094, 467.4801940917969], "obj_id": 1}, {"cam_R_m2c": [-0.12328695505857468, 0.8945225477218628, 0.4296853244304657, -0.333292156457901, 0.37051427364349365, -0.866969108581543, -0.9347280263900757, -0.2500968277454376, 0.2524578869342804], "cam_t_m2c": [13.642912864685059, -111.74559783935547, 167.6280975341797], "obj_id": 2}, {"cam_R_m2c": [-0.5856355428695679, -0.3454836308956146, -0.7332612872123718, 0.7281636595726013, 0.17318569123744965, -0.6631624698638916, 0.3561021387577057, -0.922305703163147, 0.15014488995075226], "cam_t_m2c": [267.94140625, 33.01339340209961, 256.59527587890625], "obj_id": 3}, {"cam_R_m2c": [-0.6460180878639221, 0.461786687374115, -0.6077941656112671, 0.4792371690273285, -0.3743903338909149, -0.7938284873962402, -0.5941316485404968, -0.8041051030158997, 0.02055753581225872], "cam_t_m2c": [25.659303665161133, -156.80899047851562, 497.64068603515625], "obj_id": 0}, {"cam_R_m2c": [-0.0618993416428566, -0.9978340864181519, -0.02226109802722931, -0.9854812622070312, 0.06463567167520523, -0.15699969232082367, 0.158098503947258, 0.012219714000821114, -0.9873476624488831], "cam_t_m2c": [6.262144088745117, -207.55078125, 495.80194091796875], "obj_id": 1}, {"cam_R_m2c": [0.24253717064857483, 0.03522252291440964, 0.9695024490356445, -0.3526996374130249, 0.934160053730011, 0.05429515987634659, -0.9037580490112305, -0.3551117777824402, 0.23899151384830475], "cam_t_m2c": [-60.39197540283203, -306.5971374511719, 415.17755126953125], "obj_id": 2}, {"cam_R_m2c": [-0.772197961807251, -0.42168989777565, 0.4752767086029053, -0.336376816034317, -0.3632753789424896, -0.8688392639160156, 0.5390370488166809, -0.8307879567146301, 0.138673797249794], "cam_t_m2c": [114.72986602783203, -106.1413803100586, 513.0780639648438], "obj_id": 3}, {"cam_R_m2c": [-0.2207293063402176, 0.9306429028511047, -0.2918606698513031, -0.024845866486430168, -0.30450963973999023, -0.9521852731704712, -0.9750187397003174, -0.20292355120182037, 0.09033667296171188], "cam_t_m2c": [12.529356002807617, 19.2910213470459, 314.9802551269531], "obj_id": 0}, {"cam_R_m2c": [0.9670065641403198, 0.2509286403656006, -0.04396781325340271, -0.01768932305276394, -0.10603539645671844, -0.9942049384117126, -0.2541366517543793, 0.9621804356575012, -0.09809816628694534], "cam_t_m2c": [-77.18505096435547, -150.899169921875, 366.86993408203125], "obj_id": 1}, {"cam_R_m2c": [-0.7112760543823242, -0.3282536566257477, -0.6215591430664062, -0.046368230134248734, 0.9042474031448364, -0.4244839549064636, 0.7013816833496094, -0.2731046974658966, -0.6583901047706604], "cam_t_m2c": [-103.42391967773438, -182.1392364501953, 345.2221374511719], "obj_id": 2}, {"cam_R_m2c": [-0.6066785454750061, -0.7752484083175659, -0.17587219178676605, -0.7921043634414673, 0.5708356499671936, 0.2161417305469513, -0.0671694204211235, 0.27043768763542175, -0.9603914022445679], "cam_t_m2c": [-16.301876068115234, -145.7413330078125, 456.6695251464844], "obj_id": 3}, {"cam_R_m2c": [0.5071534514427185, -0.03794277086853981, 0.8610201478004456, -0.6474536061286926, 0.6426254510879517, 0.40967828035354614, -0.5688577890396118, -0.7652403712272644, 0.30134353041648865], "cam_t_m2c": [32.82975387573242, -78.567626953125, 304.8798522949219], "obj_id": 0}, {"cam_R_m2c": [-0.5928730368614197, -0.5423474311828613, 0.5952819585800171, 0.7150623798370361, -0.6945375800132751, 0.07939182966947556, 0.37038782238960266, 0.4727330505847931, 0.7995851039886475], "cam_t_m2c": [-43.720489501953125, -128.32057189941406, 410.2863464355469], "obj_id": 1}, {"cam_R_m2c": [0.691038966178894, -0.5240870118141174, 0.497793048620224, 0.6650109887123108, 0.7308408617973328, -0.153727188706398, -0.28324106335639954, 0.43726933002471924, 0.853563129901886], "cam_t_m2c": [-79.79386901855469, -88.59516906738281, 333.76617431640625], "obj_id": 2}, {"cam_R_m2c": [-0.4918444752693176, -0.0013160116504877806, -0.8706819415092468, 0.530620813369751, 0.792385458946228, -0.30094316601753235, 0.6903117299079895, -0.6100192666053772, -0.3890320658683777], "cam_t_m2c": [196.07980346679688, -94.7592544555664, 287.4151916503906], "obj_id": 3}]
}