{
  "0": [{"cam_R_m2c": [-0.5141860842704773, 0.6385622024536133, 0.5725827217102051, -0.8556971549987793, -0.33658578991889954, -0.39305517077445984, -0.05826697498559952, -0.6920608878135681, 0.7194836139678955], "cam_t_m2c": [16427.8359375, -54688.40625, -38487.33984375], "obj_id": 1}, {"cam_R_m2c": [-0.4238719046115875, -0.6770404577255249, -0.6016218662261963, -0.7537922263145447, 0.6319530606269836, -0.18009071052074432, 0.5021255016326904, 0.37716248631477356, -0.7782149910926819], "cam_t_m2c": [-24349.728515625, 1794.074951171875, 14521.0419921875], "obj_id": 3}, {"cam_R_m2c": [0.6725443601608276, -0.7013434171676636, -0.23622335493564606, -0.2092546671628952, -0.48638802766799927, 0.8483155965805054, -0.7098567485809326, -0.5210990309715271, -0.473876953125], "cam_t_m2c": [-105.42604064941406, -36.76533508300781, 794.2852783203125], "obj_id": 1}, {"cam_R_m2c": [0.31991806626319885, 0.9035055041313171, 0.28518441319465637, -0.5010330677032471, 0.4168056845664978, -0.7584450244903564, -0.8041257262229919, 0.09975341707468033, 0.5860298871994019], "cam_t_m2c": [3992.629150390625, 12125.5947265625, 11939.9208984375], "obj_id": 2}],
  "1": [{"cam_R_m2c": [-0.4357612431049347, 0.33694523572921753, -0.8346136808395386, -0.4494629204273224, -0.8848517537117004, -0.1225573793053627, -0.7798045873641968, 0.321722149848938, 0.5370285511016846], "cam_t_m2c": [-917.4540405273438, -68279.75, -11300.7099609375], "obj_id": 1}, {"cam_R_m2c": [-0.832339882850647, 0.09260445088148117, 0.5464746356010437, -0.10307644307613373, 0.9428830742835999, -0.3167755603790283, -0.5445964932441711, -0.31999361515045166, -0.7752538919448853], "cam_t_m2c": [-9002.31640625, 18639.662109375, -17828.78515625], "obj_id": 3}, {"cam_R_m2c": [0.4248247444629669, 0.16255152225494385, 0.890562117099762, -0.8153498768806458, -0.3587481677532196, 0.45442742109298706, 0.39335542917251587, -0.9191717505455017, -0.01986873522400856], "cam_t_m2c": [79.88478088378906, -50.065399169921875, 819.9083862304688], "obj_id": 1}, {"cam_R_m2c": [0.3432295620441437, 0.12931956350803375, -0.9303063154220581, -0.9379122853279114, -0.005683748051524162, -0.3468257784843445, -0.05013901740312576, 0.9915866255760193, 0.11933960765600204], "cam_t_m2c": [-1941.9737548828125, 13314.03515625, 11127.7099609375], "obj_id": 2}]
}