{
  "0": [{"cam_R_m2c": [-0.9449415802955627, 0.32664862275123596, 0.019647231325507164, 0.1734531670808792, 0.5508745908737183, -0.816364586353302, -0.27748754620552063, -0.7680090069770813, -0.5772024989128113], "cam_t_m2c": [72.17891693115234, 105.05416107177734, 521.3804321289062], "obj_id": 1}, {"cam_R_m2c": [-0.9449415802955627, 0.32664862275123596, 0.019647231325507164, 0.1734531670808792, 0.5508745908737183, -0.816364586353302, -0.27748754620552063, -0.7680090069770813, -0.5772024989128113], "cam_t_m2c": [72.17891693115234, 105.05416107177734, 521.3804321289062], "obj_id": 0}, {"cam_R_m2c": [-0.9449415802955627, 0.32664862275123596, 0.019647231325507164, 0.1734531670808792, 0.5508745908737183, -0.816364586353302, -0.27748754620552063, -0.7680090069770813, -0.5772024989128113], "cam_t_m2c": [72.17891693115234, 105.05416107177734, 521.3804321289062], "obj_id": 0}, {"cam_R_m2c": [-0.9449415802955627, 0.32664862275123596, 0.019647231325507164, 0.1734531670808792, 0.5508745908737183, -0.816364586353302, -0.27748754620552063, -0.7680090069770813, -0.5772024989128113], "cam_t_m2c": [72.17891693115234, 105.05416107177734, 521.3804321289062], "obj_id": 3}, {"cam_R_m2c": [-0.9449415802955627, 0.32664862275123596, 0.019647231325507164, 0.1734531670808792, 0.5508745908737183, -0.816364586353302, -0.27748754620552063, -0.7680090069770813, -0.5772024989128113], "cam_t_m2c": [72.17891693115234, 105.05416107177734, 521.3804321289062], "obj_id": 2}, {"cam_R_m2c": [-0.9449415802955627, 0.32664862275123596, 0.019647231325507164, 0.1734531670808792, 0.5508745908737183, -0.816364586353302, -0.27748754620552063, -0.7680090069770813, -0.5772024989128113], "cam_t_m2c": [72.17891693115234, 105.05416107177734, 521.3804321289062], "obj_id": 0}, {"cam_R_m2c": [-0.9449415802955627, 0.32664862275123596, 0.019647231325507164, 0.1734531670808792, 0.5508745908737183, -0.816364586353302, -0.27748754620552063, -0.7680090069770813, -0.5772024989128113], "cam_t_m2c": [72.17891693115234, 105.05416107177734, 521.3804321289062], "obj_id": 3}, {"cam_R_m2c": [-0.9449415802955627, 0.32664862275123596, 0.019647231325507164, 0.1734531670808792, 0.5508745908737183, -0.816364586353302, -0.27748754620552063, -0.7680090069770813, -0.5772024989128113], "cam_t_m2c": [72.17891693115234, 105.05416107177734, 521.3804321289062], "obj_id": 2}, {"cam_R_m2c": [-0.9449415802955627, 0.32664862275123596, 0.019647231325507164, 0.1734531670808792, 0.5508745908737183, -0.816364586353302, -0.27748754620552063, -0.7680090069770813, -0.5772024989128113], "cam_t_m2c": [72.17891693115234, 105.05416107177734, 521.3804321289062], "obj_id": 0}, {"cam_R_m2c": [-0.9449415802955627, 0.32664862275123596, 0.019647231325507164, 0.1734531670808792, 0.5508745908737183, -0.816364586353302, -0.27748754620552063, -0.7680090069770813, -0.5772024989128113], "cam_t_m2c": [72.17891693115234, 105.05416107177734, 521.3804321289062], "obj_id": 0}, {"cam_R_m2c": [-0.9449415802955627, 0.32664862275123596, 0.019647231325507164, 0.1734531670808792, 0.5508745908737183, -0.816364586353302, -0.27748754620552063, -0.7680090069770813, -0.5772024989128113], "cam_t_m2c": [72.17891693115234, 105.05416107177734, 521.3804321289062], "obj_id": 0}, {"cam_R_m2c": [-0.9449415802955627, 0.32664862275123596, 0.019647231325507164, 0.1734531670808792, 0.5508745908737183, -0.816364586353302, -0.27748754620552063, -0.7680090069770813, -0.5772024989128113], "cam_t_m2c": [72.17891693115234, 105.05416107177734, 521.3804321289062], "obj_id": 0}, {"cam_R_m2c": [-0.9449415802955627, 0.32664862275123596, 0.019647231325507164, 0.1734531670808792, 0.5508745908737183, -0.816364586353302, -0.27748754620552063, -0.7680090069770813, -0.5772024989128113], "cam_t_m2c": [72.17891693115234, 105.05416107177734, 521.3804321289062], "obj_id": 2}, {"cam_R_m2c": [-0.9449415802955627, 0.32664862275123596, 0.019647231325507164, 0.1734531670808792, 0.5508745908737183, -0.816364586353302, -0.27748754620552063, -0.7680090069770813, -0.5772024989128113], "cam_t_m2c": [72.17891693115234, 105.05416107177734, 521.3804321289062], "obj_id": 1}, {"cam_R_m2c": [-0.9449415802955627, 0.32664862275123596, 0.019647231325507164, 0.1734531670808792, 0.5508745908737183, -0.816364586353302, -0.27748754620552063, -0.7680090069770813, -0.5772024989128113], "cam_t_m2c": [72.17891693115234, 105.05416107177734, 521.3804321289062], "obj_id": 1}, {"cam_R_m2c": [-0.9449415802955627, 0.32664862275123596, 0.019647231325507164, 0.1734531670808792, 0.5508745908737183, -0.816364586353302, -0.27748754620552063, -0.7680090069770813, -0.5772024989128113], "cam_t_m2c": [72.17891693115234, 105.05416107177734, 521.3804321289062], "obj_id": 3}, {"cam_R_m2c": [-0.9449415802955627, 0.32664862275123596, 0.019647231325507164, 0.1734531670808792, 0.5508745908737183, -0.816364586353302, -0.27748754620552063, -0.7680090069770813, -0.5772024989128113], "cam_t_m2c": [72.17891693115234, 105.05416107177734, 521.3804321289062], "obj_id": 1}, {"cam_R_m2c": [-0.9449415802955627, 0.32664862275123596, 0.019647231325507164, 0.1734531670808792, 0.5508745908737183, -0.816364586353302, -0.27748754620552063, -0.7680090069770813, -0.5772024989128113], "cam_t_m2c": [72.17891693115234, 105.05416107177734, 521.3804321289062], "obj_id": 2}, {"cam_R_m2c": [-0.9449415802955627, 0.32664862275123596, 0.019647231325507164, 0.1734531670808792, 0.5508745908737183, -0.816364586353302, -0.27748754620552063, -0.7680090069770813, -0.5772024989128113], "cam_t_m2c": [72.17891693115234, 105.05416107177734, 521.3804321289062], "obj_id": 0}, {"cam_R_m2c": [-0.9449415802955627, 0.32664862275123596, 0.019647231325507164, 0.1734531670808792, 0.5508745908737183, -0.816364586353302, -0.27748754620552063, -0.7680090069770813, -0.5772024989128113], "cam_t_m2c": [72.17891693115234, 105.05416107177734, 521.3804321289062], "obj_id": 3}, {"cam_R_m2c": [-0.9449415802955627, 0.32664862275123596, 0.019647231325507164, 0.1734531670808792, 0.5508745908737183, -0.816364586353302, -0.27748754620552063, -0.7680090069770813, -0.5772024989128113], "cam_t_m2c": [72.17891693115234, 105.05416107177734, 521.3804321289062], "obj_id": 0}, {"cam_R_m2c": [-0.9449415802955627, 0.32664862275123596, 0.019647231325507164, 0.1734531670808792, 0.5508745908737183, -0.816364586353302, -0.27748754620552063, -0.7680090069770813, -0.5772024989128113], "cam_t_m2c": [72.17891693115234, 105.05416107177734, 521.3804321289062], "obj_id": 3}, {"cam_R_m2c": [-0.9449415802955627, 0.32664862275123596, 0.019647231325507164, 0.1734531670808792, 0.5508745908737183, -0.816364586353302, -0.27748754620552063, -0.7680090069770813, -0.5772024989128113], "cam_t_m2c": [72.17891693115234, 105.05416107177734, 521.3804321289062], "obj_id": 1}, {"cam_R_m2c": [-0.9449415802955627, 0.32664862275123596, 0.019647231325507164, 0.1734531670808792, 0.5508745908737183, -0.816364586353302, -0.27748754620552063, -0.7680090069770813, -0.5772024989128113], "cam_t_m2c": [72.17891693115234, 105.05416107177734, 521.3804321289062], "obj_id": 0}, {"cam_R_m2c": [0.015631603077054024, -0.9969664812088013, 0.07624468207359314, 0.8931710720062256, 0.04819893464446068, 0.44712644815444946, -0.44944503903388977, 0.061110302805900574, 0.8912152647972107], "cam_t_m2c": [-50.0301513671875, 179.4478759765625, 325.3773498535156], "obj_id": 3}, {"cam_R_m2c": [-0.6351115703582764, -0.44862422347068787, -0.6287841796875, 0.013758554123342037, 0.807344377040863, -0.589920163154602, 0.7722978591918945, -0.3833162784576416, -0.5065813064575195], "cam_t_m2c": [31.08884048461914, -6.680808067321777, 591.3890380859375], "obj_id": 3}, {"cam_R_m2c": [0.8675388693809509, 0.4654907286167145, 0.17519904673099518, 0.26042991876602173, -0.1250382512807846, -0.9573617577552795, -0.42373648285865784, 0.876175582408905, -0.22970324754714966], "cam_t_m2c": [10.405146598815918, 123.05494689941406, 407.19366455078125], "obj_id": 0}, {"cam_R_m2c": [0.07473183423280716, -0.8573505282402039, 0.5092790722846985, -0.8367508053779602, 0.22390244901180267, 0.4997157156467438, -0.5424603819847107, -0.46348434686660767, -0.7006560564041138], "cam_t_m2c": [400.37109375, 32.80762481689453, 548.108642578125], "obj_id": 1}, {"cam_R_m2c": [-0.1427817940711975, -0.7141711115837097, -0.685253918170929, -0.8963394165039062, -0.20031791925430298, 0.39553552865982056, -0.4197487235069275, 0.6706953644752502, -0.6115379333496094], "cam_t_m2c": [3.0666017532348633, 147.24615478515625, 372.7290954589844], "obj_id": 0}, {"cam_R_m2c": [-0.2022421509027481, -0.9306087493896484, -0.3050662577152252, -0.8472040295600891, 0.0099904490634799, 0.5311737656593323, -0.49126720428466797, 0.3658790588378906, -0.7904359698295593], "cam_t_m2c": [415.8494567871094, 157.1740264892578, 372.73828125], "obj_id": 0}, {"cam_R_m2c": [-0.20697900652885437, 0.8037210702896118, -0.5578460097312927, -0.9478638768196106, -0.30595895648002625, -0.08912446349859238, -0.24230918288230896, 0.5103151798248291, 0.8251452445983887], "cam_t_m2c": [70.98179626464844, -49.67177963256836, 653.5510864257812], "obj_id": 1}, {"cam_R_m2c": [-0.757134199142456, -0.061889804899692535, -0.6503208875656128, 0.6420505046844482, -0.25412046909332275, -0.7233213186264038, -0.12049368023872375, -0.9651902914047241, 0.23213984072208405], "cam_t_m2c": [1.3669991493225098, 67.04067993164062, 486.109619140625], "obj_id": 3}],
  "1": [{"cam_R_m2c": [-0.760852575302124, 0.647148072719574, -0.04798680916428566, 0.4692055284976959, 0.4975458085536957, -0.7295850515365601, -0.4482738971710205, -0.5776223540306091, -0.6822044253349304], "cam_t_m2c": [109.24362182617188, 80.45027160644531, 536.6676025390625], "obj_id": 1}, {"cam_R_m2c": [-0.760852575302124, 0.647148072719574, -0.04798680916428566, 0.4692055284976959, 0.4975458085536957, -0.7295850515365601, -0.4482738971710205, -0.5776223540306091, -0.6822044253349304], "cam_t_m2c": [109.24362182617188, 80.45027160644531, 536.6676025390625], "obj_id": 0}, {"cam_R_m2c": [-0.760852575302124, 0.647148072719574, -0.04798680916428566, 0.4692055284976959, 0.4975458085536957, -0.7295850515365601, -0.4482738971710205, -0.5776223540306091, -0.6822044253349304], "cam_t_m2c": [109.24362182617188, 80.45027160644531, 536.6676025390625], "obj_id": 0}, {"cam_R_m2c": [-0.760852575302124, 0.647148072719574, -0.04798680916428566, 0.4692055284976959, 0.4975458085536957, -0.7295850515365601, -0.4482738971710205, -0.5776223540306091, -0.6822044253349304], "cam_t_m2c": [109.24362182617188, 80.45027160644531, 536.6676025390625], "obj_id": 3}, {"cam_R_m2c": [-0.760852575302124, 0.647148072719574, -0.04798680916428566, 0.4692055284976959, 0.4975458085536957, -0.7295850515365601, -0.4482738971710205, -0.5776223540306091, -0.6822044253349304], "cam_t_m2c": [109.24362182617188, 80.45027160644531, 536.6676025390625], "obj_id": 2}, {"cam_R_m2c": [-0.760852575302124, 0.647148072719574, -0.04798680916428566, 0.4692055284976959, 0.4975458085536957, -0.7295850515365601, -0.4482738971710205, -0.5776223540306091, -0.6822044253349304], "cam_t_m2c": [109.24362182617188, 80.45027160644531, 536.6676025390625], "obj_id": 0}, {"cam_R_m2c": [-0.760852575302124, 0.647148072719574, -0.04798680916428566, 0.4692055284976959, 0.4975458085536957, -0.7295850515365601, -0.4482738971710205, -0.5776223540306091, -0.6822044253349304], "cam_t_m2c": [109.24362182617188, 80.45027160644531, 536.6676025390625], "obj_id": 3}, {"cam_R_m2c": [-0.760852575302124, 0.647148072719574, -0.04798680916428566, 0.4692055284976959, 0.4975458085536957, -0.7295850515365601, -0.4482738971710205, -0.5776223540306091, -0.6822044253349304], "cam_t_m2c": [109.24362182617188, 80.45027160644531, 536.6676025390625], "obj_id": 2}, {"cam_R_m2c": [-0.760852575302124, 0.647148072719574, -0.04798680916428566, 0.4692055284976959, 0.4975458085536957, -0.7295850515365601, -0.4482738971710205, -0.5776223540306091, -0.6822044253349304], "cam_t_m2c": [109.24362182617188, 80.45027160644531, 536.6676025390625], "obj_id": 0}, {"cam_R_m2c": [-0.760852575302124, 0.647148072719574, -0.04798680916428566, 0.4692055284976959, 0.4975458085536957, -0.7295850515365601, -0.4482738971710205, -0.5776223540306091, -0.6822044253349304], "cam_t_m2c": [109.24362182617188, 80.45027160644531, 536.6676025390625], "obj_id": 0}, {"cam_R_m2c": [-0.760852575302124, 0.647148072719574, -0.04798680916428566, 0.4692055284976959, 0.4975458085536957, -0.7295850515365601, -0.4482738971710205, -0.5776223540306091, -0.6822044253349304], "cam_t_m2c": [109.24362182617188, 80.45027160644531, 536.6676025390625], "obj_id": 0}, {"cam_R_m2c": [-0.760852575302124, 0.647148072719574, -0.04798680916428566, 0.4692055284976959, 0.4975458085536957, -0.7295850515365601, -0.4482738971710205, -0.5776223540306091, -0.6822044253349304], "cam_t_m2c": [109.24362182617188, 80.45027160644531, 536.6676025390625], "obj_id": 0}, {"cam_R_m2c": [-0.760852575302124, 0.647148072719574, -0.04798680916428566, 0.4692055284976959, 0.4975458085536957, -0.7295850515365601, -0.4482738971710205, -0.5776223540306091, -0.6822044253349304], "cam_t_m2c": [109.24362182617188, 80.45027160644531, 536.6676025390625], "obj_id": 2}, {"cam_R_m2c": [-0.760852575302124, 0.647148072719574, -0.04798680916428566, 0.4692055284976959, 0.4975458085536957, -0.7295850515365601, -0.4482738971710205, -0.5776223540306091, -0.6822044253349304], "cam_t_m2c": [109.24362182617188, 80.45027160644531, 536.6676025390625], "obj_id": 1}, {"cam_R_m2c": [-0.760852575302124, 0.647148072719574, -0.04798680916428566, 0.4692055284976959, 0.4975458085536957, -0.7295850515365601, -0.4482738971710205, -0.5776223540306091, -0.6822044253349304], "cam_t_m2c": [109.24362182617188, 80.45027160644531, 536.6676025390625], "obj_id": 1}, {"cam_R_m2c": [-0.760852575302124, 0.647148072719574, -0.04798680916428566, 0.4692055284976959, 0.4975458085536957, -0.7295850515365601, -0.4482738971710205, -0.5776223540306091, -0.6822044253349304], "cam_t_m2c": [109.24362182617188, 80.45027160644531, 536.6676025390625], "obj_id": 3}, {"cam_R_m2c": [-0.760852575302124, 0.647148072719574, -0.04798680916428566, 0.4692055284976959, 0.4975458085536957, -0.7295850515365601, -0.4482738971710205, -0.5776223540306091, -0.6822044253349304], "cam_t_m2c": [109.24362182617188, 80.45027160644531, 536.6676025390625], "obj_id": 1}, {"cam_R_m2c": [-0.760852575302124, 0.647148072719574, -0.04798680916428566, 0.4692055284976959, 0.4975458085536957, -0.7295850515365601, -0.4482738971710205, -0.5776223540306091, -0.6822044253349304], "cam_t_m2c": [109.24362182617188, 80.45027160644531, 536.6676025390625], "obj_id": 2}, {"cam_R_m2c": [-0.760852575302124, 0.647148072719574, -0.04798680916428566, 0.4692055284976959, 0.4975458085536957, -0.7295850515365601, -0.4482738971710205, -0.5776223540306091, -0.6822044253349304], "cam_t_m2c": [109.24362182617188, 80.45027160644531, 536.6676025390625], "obj_id": 0}, {"cam_R_m2c": [-0.760852575302124, 0.647148072719574, -0.04798680916428566, 0.4692055284976959, 0.4975458085536957, -0.7295850515365601, -0.4482738971710205, -0.5776223540306091, -0.6822044253349304], "cam_t_m2c": [109.24362182617188, 80.45027160644531, 536.6676025390625], "obj_id": 3}, {"cam_R_m2c": [-0.760852575302124, 0.647148072719574, -0.04798680916428566, 0.4692055284976959, 0.4975458085536957, -0.7295850515365601, -0.4482738971710205, -0.5776223540306091, -0.6822044253349304], "cam_t_m2c": [109.24362182617188, 80.45027160644531, 536.6676025390625], "obj_id": 0}, {"cam_R_m2c": [-0.760852575302124, 0.647148072719574, -0.04798680916428566, 0.4692055284976959, 0.4975458085536957, -0.7295850515365601, -0.4482738971710205, -0.5776223540306091, -0.6822044253349304], "cam_t_m2c": [109.24362182617188, 80.45027160644531, 536.6676025390625], "obj_id": 3}, {"cam_R_m2c": [-0.760852575302124, 0.647148072719574, -0.04798680916428566, 0.4692055284976959, 0.4975458085536957, -0.7295850515365601, -0.4482738971710205, -0.5776223540306091, -0.6822044253349304], "cam_t_m2c": [109.24362182617188, 80.45027160644531, 536.6676025390625], "obj_id": 1}, {"cam_R_m2c": [-0.760852575302124, 0.647148072719574, -0.04798680916428566, 0.4692055284976959, 0.4975458085536957, -0.7295850515365601, -0.4482738971710205, -0.5776223540306091, -0.6822044253349304], "cam_t_m2c": [109.24362182617188, 80.45027160644531, 536.6676025390625], "obj_id": 0}, {"cam_R_m2c": [0.36609938740730286, -0.9296573400497437, -0.041333526372909546, 0.885850727558136, 0.33455559611320496, 0.32146698236465454, -0.28502577543258667, -0.15430419147014618, 0.9460182189941406], "cam_t_m2c": [65.88520050048828, 205.1540985107422, 333.0608825683594], "obj_id": 3}, {"cam_R_m2c": [-0.7860496640205383, -0.10509011894464493, -0.6091647744178772, 0.13012626767158508, 0.9352323412895203, -0.32925310730934143, 0.6043118834495544, -0.3380776643753052, -0.7214640974998474], "cam_t_m2c": [23.51410675048828, -20.074079513549805, 576.9120483398438], "obj_id": 3}, {"cam_R_m2c": [0.9843779802322388, 0.1734384447336197, -0.030317489057779312, 0.030250780284404755, -0.336233526468277, -0.9412925839424133, -0.17345008254051208, 0.9256705641746521, -0.33622750639915466], "cam_t_m2c": [86.05928802490234, 126.21885681152344, 416.05926513671875], "obj_id": 0}, {"cam_R_m2c": [-0.011136546730995178, -0.6181187033653259, 0.7860058546066284, -0.7684023976325989, 0.5082941651344299, 0.3888377249240875, -0.6398700475692749, -0.5996384620666504, -0.4806244969367981], "cam_t_m2c": [388.31585693359375, -87.57632446289062, 623.4420166015625], "obj_id": 1}, {"cam_R_m2c": [-0.2606920301914215, -0.8897475600242615, -0.37468498945236206, -0.7720606923103333, -0.040873933583498, 0.6342330574989319, -0.579622209072113, 0.4546191096305847, -0.676283597946167], "cam_t_m2c": [94.51641845703125, 154.53598022460938, 385.18060302734375], "obj_id": 0}, {"cam_R_m2c": [-0.2845325171947479, -0.9567477107048035, 0.06062210723757744, -0.7012548446655273, 0.2508336901664734, 0.6673260927200317, -0.6536687612533569, 0.14736443758010864, -0.7422942519187927], "cam_t_m2c": [480.7759094238281, 42.130653381347656, 478.2229309082031], "obj_id": 0}, {"cam_R_m2c": [-0.3797576427459717, 0.534545361995697, -0.7550134062767029, -0.8182969689369202, -0.5747767686843872, 0.004649310372769833, -0.43147894740104675, 0.6195908188819885, 0.6556928753852844], "cam_t_m2c": [33.204593658447266, -78.40677642822266, 638.6144409179688], "obj_id": 1}, {"cam_R_m2c": [-0.5032681822776794, 0.12467031925916672, -0.8550897836685181, 0.8451226949691772, -0.13539429008960724, -0.5171421766281128, -0.1802465170621872, -0.9829169511795044, -0.03722212836146355], "cam_t_m2c": [42.51286697387695, 68.41570281982422, 480.9400634765625], "obj_id": 3}]
}