{
  "0": [{"cam_R_m2c": [-0.741497814655304, -0.33908048272132874, 0.5789691805839539, 0.3272530138492584, 0.5705319046974182, 0.7532587647438049, -0.5857357382774353, 0.748009204864502, -0.312082976102829], "cam_t_m2c": [-13869.6171875, 25747.10546875, 51771.05078125], "obj_id": 0}, {"cam_R_m2c": [0.4041188061237335, -0.33317872881889343, -0.8518685102462769, 0.7122405171394348, -0.4697311818599701, 0.5215995907783508, -0.5739350318908691, -0.8175234794616699, 0.047476161271333694], "cam_t_m2c": [-21063.3046875, 817.7845458984375, 8491.333984375], "obj_id": 0}, {"cam_R_m2c": [-0.7508126497268677, 0.6126437187194824, -0.24687643349170685, 0.5650210380554199, 0.7892972826957703, 0.24033519625663757, 0.34209877252578735, 0.04095633700489998, -0.9387710094451904], "cam_t_m2c": [-114.09615325927734, 144.0715789794922, 330.69647216796875], "obj_id": 2}],
  "1": [{"cam_R_m2c": [-0.3489128351211548, -0.1405043751001358, 0.9265625476837158, 0.27279505133628845, 0.9306555390357971, 0.24385064840316772, -0.8965726494789124, 0.3378443419933319, -0.2863887548446655], "cam_t_m2c": [-8418.453125, 49421.5859375, 31700.64453125], "obj_id": 0}, {"cam_R_m2c": [0.8082635998725891, -0.3621206283569336, -0.46430444717407227, 0.15621669590473175, -0.6283988952636719, 0.7620441317558289, -0.5677202939987183, -0.6884646415710449, -0.4513426721096039], "cam_t_m2c": [-18817.216796875, 12170.1943359375, -711.848388671875], "obj_id": 0}, {"cam_R_m2c": [-0.41321295499801636, 0.9060534238815308, 0.09122683107852936, 0.8944883346557617, 0.42262566089630127, -0.14587050676345825, -0.17072126269340515, 0.02132575400173664, -0.985088586807251], "cam_t_m2c": [49.37938690185547, -18.137813568115234, 477.755859375], "obj_id": 2}]
}