{
  "0": [{"cam_R_m2c": [0.36265456676483154, 0.5833342671394348, -0.7267756462097168, -0.21267807483673096, 0.8110913038253784, 0.5448843240737915, 0.9073310494422913, -0.04303554818034172, 0.41820836067199707], "cam_t_m2c": [-104.90892028808594, 15.452046394348145, 152.7475128173828], "obj_id": 3}, {"cam_R_m2c": [-0.2502828538417816, -0.6878591775894165, 0.6813281774520874, 0.8787473440170288, -0.456790953874588, -0.13836570084095, 0.4064007103443146, 0.5640847682952881, 0.7187814712524414], "cam_t_m2c": [67.24934387207031, -50.119205474853516, 427.49224853515625], "obj_id": 0}, {"cam_R_m2c": [0.9960047006607056, -0.06828238815069199, -0.05755138397216797, -0.07347714900970459, -0.2603635787963867, -0.9627106189727783, 0.05075189471244812, 0.9630930423736572, -0.26434051990509033], "cam_t_m2c": [48.394344329833984, -59.136451721191406, 354.008056640625], "obj_id": 1}, {"cam_R_m2c": [0.3819025158882141, 0.8745808601379395, -0.2987619638442993, -0.9134947657585144, 0.30814480781555176, -0.2656576335430145, -0.14027714729309082, 0.37437283992767334, 0.9166064262390137], "cam_t_m2c": [-108.35458374023438, -24.9521484375, 526.5289916992188], "obj_id": 0}, {"cam_R_m2c": [-0.12848220765590668, -0.7949628829956055, -0.5928966403007507, 0.9682728052139282, 0.028654396533966064, -0.24824732542037964, 0.21433651447296143, -0.6059810519218445, 0.7660592794418335], "cam_t_m2c": [38.14494323730469, -1.8483376502990723, 482.41583251953125], "obj_id": 2}, {"cam_R_m2c": [-0.095003142952919, -0.07505916059017181, 0.9926431775093079, 0.8701967000961304, -0.49053430557250977, 0.04619217291474342, 0.48345842957496643, 0.8681832551956177, 0.11191858351230621], "cam_t_m2c": [178.88955688476562, 14.514890670776367, 215.71612548828125], "obj_id": 0}, {"cam_R_m2c": [0.03298892825841904, -0.9972699880599976, -0.06606104969978333, -0.13176082074642181, -0.06985951960086823, 0.9888167381286621, -0.9907323718070984, -0.023915644735097885, -0.13370560109615326], "cam_t_m2c": [-69.1174545288086, 47.2335319519043, 279.4376220703125], "obj_id": 1}, {"cam_R_m2c": [-0.31124603748321533, 0.10321125388145447, 0.9447080492973328, -0.2655215561389923, -0.963939905166626, 0.017832931131124496, 0.9124823808670044, -0.24528992176055908, 0.32742738723754883], "cam_t_m2c": [-190.45823669433594, -12.647204399108887, 378.7717590332031], "obj_id": 3}, {"cam_R_m2c": [0.2182946652173996, -0.975824773311615, -0.010646887123584747, -0.5866723656654358, -0.12250606715679169, -0.8005046248435974, 0.7798479795455933, 0.18099206686019897, -0.5992318391799927], "cam_t_m2c": [-86.04904174804688, -74.02361297607422, 363.2443542480469], "obj_id": 1}, {"cam_R_m2c": [0.16996702551841736, 0.9374165534973145, 0.30391010642051697, 0.929828405380249, -0.254700630903244, 0.2656062841415405, 0.3263898491859436, 0.23743994534015656, -0.9149272441864014], "cam_t_m2c": [-127.69414520263672, 68.06713104248047, 145.27984619140625], "obj_id": 2}, {"cam_R_m2c": [-0.0736556351184845, -0.14316530525684357, 0.9869542121887207, 0.9640274047851562, -0.26365816593170166, 0.03369896858930588, 0.25539398193359375, 0.9539329409599304, 0.15743516385555267], "cam_t_m2c": [-37.383853912353516, 46.73523712158203, 285.5032653808594], "obj_id": 2}, {"cam_R_m2c": [-0.002066852292045951, -0.23033291101455688, -0.9731096625328064, -0.9977495074272156, 0.06569235771894455, -0.013429975137114525, 0.06701917946338654, 0.9708919525146484, -0.22995027899742126], "cam_t_m2c": [9.244622230529785, 63.97144317626953, 224.7877197265625], "obj_id": 0}, {"cam_R_m2c": [0.8050585985183716, -0.4255632162094116, -0.41325125098228455, 0.5294194221496582, 0.20122064650058746, 0.8241511583328247, -0.2675738036632538, -0.8822731971740723, 0.3872958719730377], "cam_t_m2c": [-98.23644256591797, 48.23307418823242, 333.1629333496094], "obj_id": 1}, {"cam_R_m2c": [0.1735648810863495, 0.9848223328590393, 0.0004101009399164468, 0.9519557356834412, -0.1678791046142578, 0.25611886382102966, 0.2523004114627838, -0.04406283423304558, -0.9666451811790466], "cam_t_m2c": [194.2548828125, 5.518782138824463, 254.10458374023438], "obj_id": 0}, {"cam_R_m2c": [-0.08699623495340347, -0.9945700168609619, -0.05711359530687332, 0.963184118270874, -0.06933475285768509, -0.25974762439727783, 0.25437724590301514, -0.07760800421237946, 0.9639860987663269], "cam_t_m2c": [-165.39976501464844, -106.1714859008789, 824.1864624023438], "obj_id": 2}, {"cam_R_m2c": [-0.30371084809303284, -0.898707389831543, -0.31636136770248413, 0.9378616809844971, -0.2234998196363449, -0.2654489576816559, 0.16785423457622528, -0.3773229718208313, 0.9107427000999451], "cam_t_m2c": [-277.0150451660156, 27.932737350463867, 33.58522033691406], "obj_id": 0}, {"cam_R_m2c": [0.20415735244750977, 0.9776076674461365, 0.051018018275499344, -0.236090749502182, -0.0014075100189074874, 0.9717298746109009, 0.9500424861907959, -0.2104305922985077, 0.23051688075065613], "cam_t_m2c": [-16.946483612060547, -23.635168075561523, 363.8452453613281], "obj_id": 3}, {"cam_R_m2c": [0.05267418175935745, -0.2778565287590027, -0.9591773152351379, 0.974027156829834, 0.22611229121685028, -0.01201104186475277, 0.22021910548210144, -0.9336321353912354, 0.2825501263141632], "cam_t_m2c": [36.057151794433594, 27.541099548339844, 344.1424560546875], "obj_id": 1}, {"cam_R_m2c": [0.2949816882610321, 0.39014965295791626, 0.8722207546234131, -0.2235715240240097, -0.8593171238899231, 0.4599888324737549, 0.9289787411689758, -0.33069199323654175, -0.16625644266605377], "cam_t_m2c": [391.0882263183594, 134.52134704589844, -28.900087356567383], "obj_id": 3}, {"cam_R_m2c": [-0.4394775629043579, -0.8386386036872864, -0.3217836916446686, 0.19850657880306244, -0.44005072116851807, 0.875757098197937, -0.8760448694229126, 0.320999413728714, 0.35986772179603577], "cam_t_m2c": [-121.53192901611328, -12.889301300048828, 304.58074951171875], "obj_id": 3}, {"cam_R_m2c": [-0.07365566492080688, 0.9972811937332153, -0.0022261065896600485, 0.9640272855758667, 0.0717710480093956, 0.25593000650405884, 0.25539398193359375, 0.016704684123396873, -0.9666926264762878], "cam_t_m2c": [-122.78467559814453, 4.834802627563477, 419.0335693359375], "obj_id": 2}, {"cam_R_m2c": [0.15738745033740997, 0.228514164686203, 0.9607343077659607, -0.8233588337898254, 0.5675211548805237, -0.00010437992750667036, -0.5452609062194824, -0.7910126447677612, 0.2774698734283447], "cam_t_m2c": [-101.01197052001953, 3.102661609649658, 422.7489013671875], "obj_id": 0}, {"cam_R_m2c": [0.2490372359752655, 0.9018027782440186, 0.3531743288040161, 0.8999099135398865, -0.3502521216869354, 0.2597794830799103, 0.3579699695110321, 0.25313034653663635, -0.8987670540809631], "cam_t_m2c": [-71.02972412109375, -13.360041618347168, 178.59519958496094], "obj_id": 0}, {"cam_R_m2c": [0.19527557492256165, 0.9281259775161743, 0.31693774461746216, -0.9646142721176147, 0.24013356864452362, -0.10888136178255081, -0.1771630048751831, -0.28446081280708313, 0.9421758055686951], "cam_t_m2c": [-1.9976564645767212, -31.24498176574707, 486.7693176269531], "obj_id": 2}, {"cam_R_m2c": [0.12092544138431549, 0.2899172902107239, 0.949381411075592, -0.9100311398506165, 0.4144035279750824, -0.01063512358814478, -0.3965103328227997, -0.8626805543899536, 0.3139456510543823], "cam_t_m2c": [172.17112731933594, -20.06477928161621, 356.8668212890625], "obj_id": 2}, {"cam_R_m2c": [-0.12624847888946533, 0.9674248099327087, 0.21943223476409912, 0.9674950838088989, 0.07121861726045609, 0.24265441298484802, 0.2191222459077835, 0.24293437600135803, -0.9449699521064758], "cam_t_m2c": [-17.062047958374023, 113.0588607788086, -28.55492401123047], "obj_id": 2}, {"cam_R_m2c": [-0.07365570217370987, 0.7614222168922424, 0.6440582871437073, 0.9640274047851562, -0.1110253557562828, 0.24150493741035461, 0.25539401173591614, 0.6386780142784119, -0.725854218006134], "cam_t_m2c": [-59.82647705078125, -2.985858917236328, 466.7114562988281], "obj_id": 2}, {"cam_R_m2c": [-0.9893670082092285, -0.14485561847686768, 0.013025430962443352, -0.1028379574418068, 0.6334220170974731, -0.76694256067276, 0.10284534096717834, -0.7601272463798523, -0.6415834426879883], "cam_t_m2c": [124.16236114501953, 25.34250259399414, 284.8784484863281], "obj_id": 3}, {"cam_R_m2c": [0.37593498826026917, 0.8574084639549255, -0.35145917534828186, -0.9183626770973206, 0.2941367030143738, -0.2647515833377838, -0.12362325936555862, 0.4222963750362396, 0.8979883193969727], "cam_t_m2c": [174.1156768798828, 38.89501190185547, 366.9914855957031], "obj_id": 0}, {"cam_R_m2c": [0.3133416771888733, 0.04052893817424774, 0.9487751722335815, 0.9218329787254333, -0.2529846727848053, -0.2936369478702545, 0.22812481224536896, 0.9666209816932678, -0.11663152277469635], "cam_t_m2c": [65.14769744873047, -2.985454559326172, 359.3113708496094], "obj_id": 1}, {"cam_R_m2c": [0.994870662689209, -0.09991110861301422, 0.015817226842045784, 0.08882658928632736, 0.9376813769340515, 0.335951566696167, -0.04839681088924408, -0.33282333612442017, 0.9417464733123779], "cam_t_m2c": [-204.00100708007812, -81.22972869873047, 489.3375244140625], "obj_id": 3}, {"cam_R_m2c": [-0.05212010443210602, 0.09417413175106049, -0.9941905736923218, 0.9985777139663696, 0.016110355034470558, -0.05082399770617485, 0.011230511590838432, -0.9954254627227783, -0.09487991780042648], "cam_t_m2c": [-161.65975952148438, -53.93174362182617, 375.86517333984375], "obj_id": 0}, {"cam_R_m2c": [0.30573803186416626, 0.20228518545627594, -0.9303789138793945, 0.8974184393882751, 0.2652081251144409, 0.3525688350200653, 0.31806349754333496, -0.9427329301834106, -0.10045025497674942], "cam_t_m2c": [-55.691925048828125, 1.1147382259368896, 461.8483581542969], "obj_id": 1}, {"cam_R_m2c": [0.225001260638237, -0.9090718030929565, 0.3506605327129364, -0.7900694608688354, 0.04040064290165901, 0.6116844415664673, -0.5702319741249084, -0.4146759510040283, -0.7091396450996399], "cam_t_m2c": [-114.00440979003906, -35.898616790771484, 425.57684326171875], "obj_id": 1}, {"cam_R_m2c": [0.45177334547042847, 0.8898177146911621, -0.0642283484339714, -0.8919892311096191, 0.4518199563026428, -0.014628371223807335, 0.016003064811229706, 0.0638997033238411, 0.9978280067443848], "cam_t_m2c": [375.3822937011719, 24.745824813842773, 918.8817138671875], "obj_id": 0}, {"cam_R_m2c": [0.9972766041755676, 0.07176268845796585, 0.01701541244983673, 0.07217247784137726, -0.9970827698707581, -0.024834895506501198, 0.015183557756245136, 0.025995304808020592, -0.9995465874671936], "cam_t_m2c": [-85.90413665771484, 32.41877365112305, 252.8116455078125], "obj_id": 3}, {"cam_R_m2c": [0.857957661151886, 0.2729775309562683, -0.4351918399333954, 0.36750075221061707, 0.26579803228378296, 0.8912320137023926, 0.358959436416626, -0.9245726466178894, 0.12772400677204132], "cam_t_m2c": [-123.92851257324219, 65.25824737548828, 261.4890441894531], "obj_id": 1}, {"cam_R_m2c": [-0.032598987221717834, 0.2116020768880844, 0.9768120050430298, 0.8985279202461243, -0.4218045771121979, 0.12135999649763107, 0.4377039074897766, 0.8816491365432739, -0.17637987434864044], "cam_t_m2c": [103.9583740234375, 25.26506805419922, 381.93402099609375], "obj_id": 2}, {"cam_R_m2c": [-0.07365555316209793, -0.9015300273895264, -0.4264015853404999, 0.9640272855758667, 0.045131295919418335, -0.26194363832473755, 0.2553941011428833, -0.4303564131259918, 0.865775465965271], "cam_t_m2c": [-89.21867370605469, 5.473250865936279, 426.30413818359375], "obj_id": 2}, {"cam_R_m2c": [-0.7187713384628296, -0.25940656661987305, -0.6450395584106445, -0.5889763832092285, -0.265794575214386, 0.763190746307373, -0.3694247007369995, 0.9284726977348328, 0.03826112672686577], "cam_t_m2c": [-129.80343627929688, 26.063215255737305, 296.1687927246094], "obj_id": 1}, {"cam_R_m2c": [0.20876780152320862, -0.4212597608566284, 0.8825849294662476, -0.9763315916061401, -0.037635140120983124, 0.21297936141490936, -0.056503407657146454, -0.9061588048934937, -0.41914618015289307], "cam_t_m2c": [55.09964370727539, 53.274253845214844, 93.0682601928711], "obj_id": 0}, {"cam_R_m2c": [-0.2790762484073639, -0.8857778906822205, 0.3708283305168152, -0.9018120169639587, 0.37443622946739197, 0.21571394801139832, -0.32992619276046753, -0.27421680092811584, -0.9033014178276062], "cam_t_m2c": [87.45313262939453, -34.743324279785156, 387.8406982421875], "obj_id": 2}, {"cam_R_m2c": [-0.07365565747022629, -0.8772596120834351, 0.47433140873908997, 0.9640269875526428, -0.1844332069158554, -0.19140572845935822, 0.2553950250148773, 0.4431701898574829, 0.8592866659164429], "cam_t_m2c": [-154.4174346923828, -22.575380325317383, 513.37353515625], "obj_id": 2}, {"cam_R_m2c": [-0.07365518063306808, -0.2300635427236557, 0.9703841805458069, 0.9640260338783264, -0.26561152935028076, 0.010200138203799725, 0.255398690700531, 0.936227023601532, 0.24135106801986694], "cam_t_m2c": [-63.323707580566406, 24.52520751953125, 361.8546142578125], "obj_id": 2}, {"cam_R_m2c": [0.2989114224910736, 0.6357649564743042, 0.7116563320159912, -0.8342499732971191, 0.536180317401886, -0.12859834730625153, -0.46333441138267517, -0.5552598237991333, 0.6906574368476868], "cam_t_m2c": [73.20279693603516, -29.51154899597168, 596.10009765625], "obj_id": 0}, {"cam_R_m2c": [0.15091489255428314, 0.9526882767677307, 0.2638365924358368, -0.976428210735321, 0.18532007932662964, -0.11065447330474854, -0.15431344509124756, -0.24091807007789612, 0.9581992626190186], "cam_t_m2c": [-30.942646026611328, -46.053367614746094, 533.0385131835938], "obj_id": 2}, {"cam_R_m2c": [0.0654153823852539, -0.03614573925733566, 0.9972032308578491, -0.8268510103225708, 0.5574719905853271, 0.07444720715284348, -0.558603823184967, -0.8294084668159485, 0.0065801115706563], "cam_t_m2c": [-133.37477111816406, 61.60453796386719, 192.5901641845703], "obj_id": 0}, {"cam_R_m2c": [-0.0736556127667427, 0.1033669039607048, -0.991912305355072, 0.9640272855758667, 0.2620902359485626, -0.04427267983555794, 0.2553941607475281, -0.959491491317749, -0.11895290017127991], "cam_t_m2c": [-199.88604736328125, 21.4130802154541, 334.2203063964844], "obj_id": 2}, {"cam_R_m2c": [-0.3751412034034729, -0.25805917382240295, 0.890322744846344, 0.6200776696205139, -0.7837995290756226, 0.03408880531787872, 0.689037561416626, 0.5648573637008667, 0.454052209854126], "cam_t_m2c": [250.41195678710938, -30.792884826660156, 154.74404907226562], "obj_id": 0}, {"cam_R_m2c": [0.09759621322154999, 0.23478928208351135, -0.9671342372894287, -0.9949023723602295, 0.04779615253210068, -0.08879485726356506, 0.025377055630087852, 0.970870316028595, 0.23825731873512268], "cam_t_m2c": [-21.652841567993164, -46.983619689941406, 412.94891357421875], "obj_id": 2}, {"cam_R_m2c": [0.015796348452568054, -0.9750942587852478, 0.22122685611248016, -0.8228699564933777, -0.1383679211139679, -0.551125168800354, 0.5680098533630371, -0.17333528399467468, -0.8045614957809448], "cam_t_m2c": [-148.83685302734375, -64.61856079101562, 337.1761169433594], "obj_id": 1}, {"cam_R_m2c": [-0.2557618319988251, -0.9603686332702637, 0.11080523580312729, -0.9244967103004456, 0.27648553252220154, 0.262414813041687, -0.28265100717544556, -0.035323366522789, -0.9585720896720886], "cam_t_m2c": [-36.60777282714844, 77.870361328125, 159.09982299804688], "obj_id": 0}],
  "1": [{"cam_R_m2c": [0.36265456676483154, 0.5833342671394348, -0.7267756462097168, -0.21267807483673096, 0.8110913038253784, 0.5448843240737915, 0.9073310494422913, -0.04303554818034172, 0.41820836067199707], "cam_t_m2c": [-104.90892028808594, 15.452046394348145, 152.7475128173828], "obj_id": 3}, {"cam_R_m2c": [-0.2502828538417816, -0.6878591775894165, 0.6813281774520874, 0.8787473440170288, -0.456790953874588, -0.13836570084095, 0.4064007103443146, 0.5640847682952881, 0.7187814712524414], "cam_t_m2c": [67.24934387207031, -50.119205474853516, 427.49224853515625], "obj_id": 0}, {"cam_R_m2c": [0.9960047006607056, -0.06828238815069199, -0.05755138397216797, -0.07347714900970459, -0.2603635787963867, -0.9627106189727783, 0.05075189471244812, 0.9630930423736572, -0.26434051990509033], "cam_t_m2c": [48.394344329833984, -59.136451721191406, 354.008056640625], "obj_id": 1}, {"cam_R_m2c": [0.3819025158882141, 0.8745808601379395, -0.2987619638442993, -0.9134947657585144, 0.30814480781555176, -0.2656576335430145, -0.14027714729309082, 0.37437283992767334, 0.9166064262390137], "cam_t_m2c": [-108.35458374023438, -24.9521484375, 526.5289916992188], "obj_id": 0}, {"cam_R_m2c": [-0.12848220765590668, -0.7949628829956055, -0.5928966403007507, 0.9682728052139282, 0.028654396533966064, -0.24824732542037964, 0.21433651447296143, -0.6059810519218445, 0.7660592794418335], "cam_t_m2c": [38.14494323730469, -1.8483376502990723, 482.41583251953125], "obj_id": 2}, {"cam_R_m2c": [-0.095003142952919, -0.07505916059017181, 0.9926431775093079, 0.8701967000961304, -0.49053430557250977, 0.04619217291474342, 0.48345842957496643, 0.8681832551956177, 0.11191858351230621], "cam_t_m2c": [178.88955688476562, 14.514890670776367, 215.71612548828125], "obj_id": 0}, {"cam_R_m2c": [0.03298892825841904, -0.9972699880599976, -0.06606104969978333, -0.13176082074642181, -0.06985951960086823, 0.9888167381286621, -0.9907323718070984, -0.023915644735097885, -0.13370560109615326], "cam_t_m2c": [-69.1174545288086, 47.2335319519043, 279.4376220703125], "obj_id": 1}, {"cam_R_m2c": [-0.31124603748321533, 0.10321125388145447, 0.9447080492973328, -0.2655215561389923, -0.963939905166626, 0.017832931131124496, 0.9124823808670044, -0.24528992176055908, 0.32742738723754883], "cam_t_m2c": [-190.45823669433594, -12.647204399108887, 378.7717590332031], "obj_id": 3}, {"cam_R_m2c": [0.2182946652173996, -0.975824773311615, -0.010646887123584747, -0.5866723656654358, -0.12250606715679169, -0.8005046248435974, 0.7798479795455933, 0.18099206686019897, -0.5992318391799927], "cam_t_m2c": [-86.04904174804688, -74.02361297607422, 363.2443542480469], "obj_id": 1}, {"cam_R_m2c": [0.16996702551841736, 0.9374165534973145, 0.30391010642051697, 0.929828405380249, -0.254700630903244, 0.2656062841415405, 0.3263898491859436, 0.23743994534015656, -0.9149272441864014], "cam_t_m2c": [-127.69414520263672, 68.06713104248047, 145.27984619140625], "obj_id": 2}, {"cam_R_m2c": [-0.0736556351184845, -0.14316530525684357, 0.9869542121887207, 0.9640274047851562, -0.26365816593170166, 0.03369896858930588, 0.25539398193359375, 0.9539329409599304, 0.15743516385555267], "cam_t_m2c": [-37.383853912353516, 46.73523712158203, 285.5032653808594], "obj_id": 2}, {"cam_R_m2c": [-0.002066852292045951, -0.23033291101455688, -0.9731096625328064, -0.9977495074272156, 0.06569235771894455, -0.013429975137114525, 0.06701917946338654, 0.9708919525146484, -0.22995027899742126], "cam_t_m2c": [9.244622230529785, 63.97144317626953, 224.7877197265625], "obj_id": 0}, {"cam_R_m2c": [0.8050585985183716, -0.4255632162094116, -0.41325125098228455, 0.5294194221496582, 0.20122064650058746, 0.8241511583328247, -0.2675738036632538, -0.8822731971740723, 0.3872958719730377], "cam_t_m2c": [-98.23644256591797, 48.23307418823242, 333.1629333496094], "obj_id": 1}, {"cam_R_m2c": [0.1735648810863495, 0.9848223328590393, 0.0004101009399164468, 0.9519557356834412, -0.1678791046142578, 0.25611886382102966, 0.2523004114627838, -0.04406283423304558, -0.9666451811790466], "cam_t_m2c": [194.2548828125, 5.518782138824463, 254.10458374023438], "obj_id": 0}, {"cam_R_m2c": [-0.08699623495340347, -0.9945700168609619, -0.05711359530687332, 0.963184118270874, -0.06933475285768509, -0.25974762439727783, 0.25437724590301514, -0.07760800421237946, 0.9639860987663269], "cam_t_m2c": [-165.39976501464844, -106.1714859008789, 824.1864624023438], "obj_id": 2}, {"cam_R_m2c": [-0.30371084809303284, -0.898707389831543, -0.31636136770248413, 0.9378616809844971, -0.2234998196363449, -0.2654489576816559, 0.16785423457622528, -0.3773229718208313, 0.9107427000999451], "cam_t_m2c": [-277.0150451660156, 27.932737350463867, 33.58522033691406], "obj_id": 0}, {"cam_R_m2c": [0.20415735244750977, 0.9776076674461365, 0.051018018275499344, -0.236090749502182, -0.0014075100189074874, 0.9717298746109009, 0.9500424861907959, -0.2104305922985077, 0.23051688075065613], "cam_t_m2c": [-16.946483612060547, -23.635168075561523, 363.8452453613281], "obj_id": 3}, {"cam_R_m2c": [0.05267418175935745, -0.2778565287590027, -0.9591773152351379, 0.974027156829834, 0.22611229121685028, -0.01201104186475277, 0.22021910548210144, -0.9336321353912354, 0.2825501263141632], "cam_t_m2c": [36.057151794433594, 27.541099548339844, 344.1424560546875], "obj_id": 1}, {"cam_R_m2c": [0.2949816882610321, 0.39014965295791626, 0.8722207546234131, -0.2235715240240097, -0.8593171238899231, 0.4599888324737549, 0.9289787411689758, -0.33069199323654175, -0.16625644266605377], "cam_t_m2c": [391.0882263183594, 134.52134704589844, -28.900087356567383], "obj_id": 3}, {"cam_R_m2c": [-0.4394775629043579, -0.8386386036872864, -0.3217836916446686, 0.19850657880306244, -0.44005072116851807, 0.875757098197937, -0.8760448694229126, 0.320999413728714, 0.35986772179603577], "cam_t_m2c": [-121.53192901611328, -12.889301300048828, 304.58074951171875], "obj_id": 3}, {"cam_R_m2c": [-0.07365566492080688, 0.9972811937332153, -0.0022261065896600485, 0.9640272855758667, 0.0717710480093956, 0.25593000650405884, 0.25539398193359375, 0.016704684123396873, -0.9666926264762878], "cam_t_m2c": [-122.78467559814453, 4.834802627563477, 419.0335693359375], "obj_id": 2}, {"cam_R_m2c": [0.15738745033740997, 0.228514164686203, 0.9607343077659607, -0.8233588337898254, 0.5675211548805237, -0.00010437992750667036, -0.5452609062194824, -0.7910126447677612, 0.2774698734283447], "cam_t_m2c": [-101.01197052001953, 3.102661609649658, 422.7489013671875], "obj_id": 0}, {"cam_R_m2c": [0.2490372359752655, 0.9018027782440186, 0.3531743288040161, 0.8999099135398865, -0.3502521216869354, 0.2597794830799103, 0.3579699695110321, 0.25313034653663635, -0.8987670540809631], "cam_t_m2c": [-71.02972412109375, -13.360041618347168, 178.59519958496094], "obj_id": 0}, {"cam_R_m2c": [0.19527557492256165, 0.9281259775161743, 0.31693774461746216, -0.9646142721176147, 0.24013356864452362, -0.10888136178255081, -0.1771630048751831, -0.28446081280708313, 0.9421758055686951], "cam_t_m2c": [-1.9976564645767212, -31.24498176574707, 486.7693176269531], "obj_id": 2}, {"cam_R_m2c": [0.12092544138431549, 0.2899172902107239, 0.949381411075592, -0.9100311398506165, 0.4144035279750824, -0.01063512358814478, -0.3965103328227997, -0.8626805543899536, 0.3139456510543823], "cam_t_m2c": [172.17112731933594, -20.06477928161621, 356.8668212890625], "obj_id": 2}, {"cam_R_m2c": [-0.12624847888946533, 0.9674248099327087, 0.21943223476409912, 0.9674950838088989, 0.07121861726045609, 0.24265441298484802, 0.2191222459077835, 0.24293437600135803, -0.9449699521064758], "cam_t_m2c": [-17.062047958374023, 113.0588607788086, -28.55492401123047], "obj_id": 2}, {"cam_R_m2c": [-0.07365570217370987, 0.7614222168922424, 0.6440582871437073, 0.9640274047851562, -0.1110253557562828, 0.24150493741035461, 0.25539401173591614, 0.6386780142784119, -0.725854218006134], "cam_t_m2c": [-59.82647705078125, -2.985858917236328, 466.7114562988281], "obj_id": 2}, {"cam_R_m2c": [-0.9893670082092285, -0.14485561847686768, 0.013025430962443352, -0.1028379574418068, 0.6334220170974731, -0.76694256067276, 0.10284534096717834, -0.7601272463798523, -0.6415834426879883], "cam_t_m2c": [124.16236114501953, 25.34250259399414, 284.8784484863281], "obj_id": 3}, {"cam_R_m2c": [0.37593498826026917, 0.8574084639549255, -0.35145917534828186, -0.9183626770973206, 0.2941367030143738, -0.2647515833377838, -0.12362325936555862, 0.4222963750362396, 0.8979883193969727], "cam_t_m2c": [174.1156768798828, 38.89501190185547, 366.9914855957031], "obj_id": 0}, {"cam_R_m2c": [0.3133416771888733, 0.04052893817424774, 0.9487751722335815, 0.9218329787254333, -0.2529846727848053, -0.2936369478702545, 0.22812481224536896, 0.9666209816932678, -0.11663152277469635], "cam_t_m2c": [65.14769744873047, -2.985454559326172, 359.3113708496094], "obj_id": 1}, {"cam_R_m2c": [0.994870662689209, -0.09991110861301422, 0.015817226842045784, 0.08882658928632736, 0.9376813769340515, 0.335951566696167, -0.04839681088924408, -0.33282333612442017, 0.9417464733123779], "cam_t_m2c": [-204.00100708007812, -81.22972869873047, 489.3375244140625], "obj_id": 3}, {"cam_R_m2c": [-0.05212010443210602, 0.09417413175106049, -0.9941905736923218, 0.9985777139663696, 0.016110355034470558, -0.05082399770617485, 0.011230511590838432, -0.9954254627227783, -0.09487991780042648], "cam_t_m2c": [-161.65975952148438, -53.93174362182617, 375.86517333984375], "obj_id": 0}, {"cam_R_m2c": [0.30573803186416626, 0.20228518545627594, -0.9303789138793945, 0.8974184393882751, 0.2652081251144409, 0.3525688350200653, 0.31806349754333496, -0.9427329301834106, -0.10045025497674942], "cam_t_m2c": [-55.691925048828125, 1.1147382259368896, 461.8483581542969], "obj_id": 1}, {"cam_R_m2c": [0.225001260638237, -0.9090718030929565, 0.3506605327129364, -0.7900694608688354, 0.04040064290165901, 0.6116844415664673, -0.5702319741249084, -0.4146759510040283, -0.7091396450996399], "cam_t_m2c": [-114.00440979003906, -35.898616790771484, 425.57684326171875], "obj_id": 1}, {"cam_R_m2c": [0.45177334547042847, 0.8898177146911621, -0.0642283484339714, -0.8919892311096191, 0.4518199563026428, -0.014628371223807335, 0.016003064811229706, 0.0638997033238411, 0.9978280067443848], "cam_t_m2c": [375.3822937011719, 24.745824813842773, 918.8817138671875], "obj_id": 0}, {"cam_R_m2c": [0.9972766041755676, 0.07176268845796585, 0.01701541244983673, 0.07217247784137726, -0.9970827698707581, -0.024834895506501198, 0.015183557756245136, 0.025995304808020592, -0.9995465874671936], "cam_t_m2c": [-85.90413665771484, 32.41877365112305, 252.8116455078125], "obj_id": 3}, {"cam_R_m2c": [0.857957661151886, 0.2729775309562683, -0.4351918399333954, 0.36750075221061707, 0.26579803228378296, 0.8912320137023926, 0.358959436416626, -0.9245726466178894, 0.12772400677204132], "cam_t_m2c": [-123.92851257324219, 65.25824737548828, 261.4890441894531], "obj_id": 1}, {"cam_R_m2c": [-0.032598987221717834, 0.2116020768880844, 0.9768120050430298, 0.8985279202461243, -0.4218045771121979, 0.12135999649763107, 0.4377039074897766, 0.8816491365432739, -0.17637987434864044], "cam_t_m2c": [103.9583740234375, 25.26506805419922, 381.93402099609375], "obj_id": 2}, {"cam_R_m2c": [-0.07365555316209793, -0.9015300273895264, -0.4264015853404999, 0.9640272855758667, 0.045131295919418335, -0.26194363832473755, 0.2553941011428833, -0.4303564131259918, 0.865775465965271], "cam_t_m2c": [-89.21867370605469, 5.473250865936279, 426.30413818359375], "obj_id": 2}, {"cam_R_m2c": [-0.7187713384628296, -0.25940656661987305, -0.6450395584106445, -0.5889763832092285, -0.265794575214386, 0.763190746307373, -0.3694247007369995, 0.9284726977348328, 0.03826112672686577], "cam_t_m2c": [-129.80343627929688, 26.063215255737305, 296.1687927246094], "obj_id": 1}, {"cam_R_m2c": [0.20876780152320862, -0.4212597608566284, 0.8825849294662476, -0.9763315916061401, -0.037635140120983124, 0.21297936141490936, -0.056503407657146454, -0.9061588048934937, -0.41914618015289307], "cam_t_m2c": [55.09964370727539, 53.274253845214844, 93.0682601928711], "obj_id": 0}, {"cam_R_m2c": [-0.2790762484073639, -0.8857778906822205, 0.3708283305168152, -0.9018120169639587, 0.37443622946739197, 0.21571394801139832, -0.32992619276046753, -0.27421680092811584, -0.9033014178276062], "cam_t_m2c": [87.45313262939453, -34.743324279785156, 387.8406982421875], "obj_id": 2}, {"cam_R_m2c": [-0.07365565747022629, -0.8772596120834351, 0.47433140873908997, 0.9640269875526428, -0.1844332069158554, -0.19140572845935822, 0.2553950250148773, 0.4431701898574829, 0.8592866659164429], "cam_t_m2c": [-154.4174346923828, -22.575380325317383, 513.37353515625], "obj_id": 2}, {"cam_R_m2c": [-0.07365518063306808, -0.2300635427236557, 0.9703841805458069, 0.9640260338783264, -0.26561152935028076, 0.010200138203799725, 0.255398690700531, 0.936227023601532, 0.24135106801986694], "cam_t_m2c": [-63.323707580566406, 24.52520751953125, 361.8546142578125], "obj_id": 2}, {"cam_R_m2c": [0.2989114224910736, 0.6357649564743042, 0.7116563320159912, -0.8342499732971191, 0.536180317401886, -0.12859834730625153, -0.46333441138267517, -0.5552598237991333, 0.6906574368476868], "cam_t_m2c": [73.20279693603516, -29.51154899597168, 596.10009765625], "obj_id": 0}, {"cam_R_m2c": [0.15091489255428314, 0.9526882767677307, 0.2638365924358368, -0.976428210735321, 0.18532007932662964, -0.11065447330474854, -0.15431344509124756, -0.24091807007789612, 0.9581992626190186], "cam_t_m2c": [-30.942646026611328, -46.053367614746094, 533.0385131835938], "obj_id": 2}, {"cam_R_m2c": [0.0654153823852539, -0.03614573925733566, 0.9972032308578491, -0.8268510103225708, 0.5574719905853271, 0.07444720715284348, -0.558603823184967, -0.8294084668159485, 0.0065801115706563], "cam_t_m2c": [-133.37477111816406, 61.60453796386719, 192.5901641845703], "obj_id": 0}, {"cam_R_m2c": [-0.0736556127667427, 0.1033669039607048, -0.991912305355072, 0.9640272855758667, 0.2620902359485626, -0.04427267983555794, 0.2553941607475281, -0.959491491317749, -0.11895290017127991], "cam_t_m2c": [-199.88604736328125, 21.4130802154541, 334.2203063964844], "obj_id": 2}, {"cam_R_m2c": [-0.3751412034034729, -0.25805917382240295, 0.890322744846344, 0.6200776696205139, -0.7837995290756226, 0.03408880531787872, 0.689037561416626, 0.5648573637008667, 0.454052209854126], "cam_t_m2c": [250.41195678710938, -30.792884826660156, 154.74404907226562], "obj_id": 0}, {"cam_R_m2c": [0.09759621322154999, 0.23478928208351135, -0.9671342372894287, -0.9949023723602295, 0.04779615253210068, -0.08879485726356506, 0.025377055630087852, 0.970870316028595, 0.23825731873512268], "cam_t_m2c": [-21.652841567993164, -46.983619689941406, 412.94891357421875], "obj_id": 2}, {"cam_R_m2c": [0.015796348452568054, -0.9750942587852478, 0.22122685611248016, -0.8228699564933777, -0.1383679211139679, -0.551125168800354, 0.5680098533630371, -0.17333528399467468, -0.8045614957809448], "cam_t_m2c": [-148.83685302734375, -64.61856079101562, 337.1761169433594], "obj_id": 1}, {"cam_R_m2c": [-0.2557618319988251, -0.9603686332702637, 0.11080523580312729, -0.9244967103004456, 0.27648553252220154, 0.262414813041687, -0.28265100717544556, -0.035323366522789, -0.9585720896720886], "cam_t_m2c": [-36.60777282714844, 77.870361328125, 159.09982299804688], "obj_id": 0}],
