{
  "0": [{"cam_R_m2c": [0.8773012757301331, 0.4371473789215088, -0.19810262322425842, -0.21107913553714752, 0.7221394777297974, 0.6587564945220947, 0.43103140592575073, -0.5361125469207764, 0.7258065938949585], "cam_t_m2c": [-46.08362579345703, -35.9370002746582, 378.8360290527344], "obj_id": 0}, {"cam_R_m2c": [-0.10894381999969482, 0.9038717150688171, -0.4136992394924164, -0.8943226337432861, -0.2708066403865814, -0.3561610281467438, -0.43395641446113586, 0.33117905259132385, 0.8378557562828064], "cam_t_m2c": [-66.0411605834961, -279.34454345703125, 390.01275634765625], "obj_id": 1}, {"cam_R_m2c": [0.19786156713962555, 0.8603564500808716, 0.46972063183784485, -0.04023904725909233, 0.4859195351600647, -0.8730767369270325, -0.9794036149978638, 0.15384715795516968, 0.13076476752758026], "cam_t_m2c": [54.344261169433594, -46.392662048339844, 175.65811157226562], "obj_id": 2}, {"cam_R_m2c": [-0.767311155796051, -0.09426897019147873, -0.6343083381652832, 0.5459004640579224, 0.4230009615421295, -0.7232308983802795, 0.33649128675460815, -0.9012122750282288, -0.2731119394302368], "cam_t_m2c": [247.77801513671875, 80.50516510009766, 375.70404052734375], "obj_id": 3}, {"cam_R_m2c": [-0.5185369849205017, 0.7215244174003601, -0.4588262140750885, 0.5946156978607178, -0.08132551610469818, -0.7998862266540527, -0.6144518852233887, -0.6875960826873779, -0.38685929775238037], "cam_t_m2c": [-20.22760581970215, -188.87783813476562, 467.5834655761719], "obj_id": 0}, {"cam_R_m2c": [0.04903113842010498, -0.9584158062934875, 0.28113171458244324, -0.9886889457702637, -0.006629114970564842, 0.14983385801315308, -0.14173947274684906, -0.28529834747314453, -0.947900116443634], "cam_t_m2c": [-30.24518585205078, -237.7930450439453, 446.1053466796875], "obj_id": 1}, {"cam_R_m2c": [0.5385916233062744, -0.010905083268880844, 0.8424963355064392, -0.044520843774080276, 0.9981510639190674, 0.04138115793466568, -0.8413898944854736, -0.05979619547724724, 0.5371103286743164], "cam_t_m2c": [-55.37796401977539, -311.6863098144531, 325.0211486816406], "obj_id": 2}, {"cam_R_m2c": [-0.8311269879341125, -0.1093730553984642, 0.5452206134796143, -0.5335215330123901, -0.11960721760988235, -0.837286651134491, 0.1567889153957367, -0.9867784380912781, 0.04105589538812637], "cam_t_m2c": [51.95691680908203, -139.67913818359375, 523.3325805664062], "obj_id": 3}, {"cam_R_m2c": [0.06929677724838257, 0.9855098724365234, -0.15481679141521454, 0.25888144969940186, -0.16763834655284882, -0.9512506723403931, -0.9634201526641846, 0.02583942376077175, -0.26674705743789673], "cam_t_m2c": [-8.427721977233887, 33.226802825927734, 344.7879638671875], "obj_id": 0}, {"cam_R_m2c": [0.990079939365387, -0.016873544082045555, 0.1394883543252945, 0.12288080900907516, -0.3774145245552063, -0.9178553819656372, 0.0681324154138565, 0.9258906245231628, -0.3715971112251282], "cam_t_m2c": [-81.72203063964844, -150.09512329101562, 317.8262634277344], "obj_id": 1}, {"cam_R_m2c": [-0.8639154434204102, -0.3736031651496887, -0.33774369955062866, -0.3033806383609772, 0.9213290214538574, -0.24313174188137054, 0.4020078480243683, -0.10758036375045776, -0.9092943072319031], "cam_t_m2c": [-95.65325927734375, -174.88890075683594, 281.4362487792969], "obj_id": 2}, {"cam_R_m2c": [-0.4333376884460449, -0.8984737396240234, 0.07045083492994308, -0.771477997303009, 0.4102228879928589, 0.4863525927066803, -0.4658755958080292, 0.15640366077423096, -0.8709177374839783], "cam_t_m2c": [-50.140907287597656, -168.59619140625, 420.0890808105469], "obj_id": 3}, {"cam_R_m2c": [0.740420937538147, 0.08028364181518555, 0.6673315167427063, -0.409507691860199, 0.8411783576011658, 0.3531605303287506, -0.5329918265342712, -0.53476482629776, 0.6557028293609619], "cam_t_m2c": [28.75115394592285, -55.39350891113281, 315.55426025390625], "obj_id": 0}, {"cam_R_m2c": [-0.7761644721031189, -0.53947913646698, 0.32639050483703613, 0.5286349058151245, -0.8389124870300293, -0.12950177490711212, 0.3436766266822815, 0.07202674448490143, 0.9363217949867249], "cam_t_m2c": [-65.73897552490234, -139.69195556640625, 373.9598083496094], "obj_id": 1}, {"cam_R_m2c": [0.6315074563026428, -0.7322866320610046, 0.2548619508743286, 0.7627703547477722, 0.5277117490768433, -0.3737668991088867, 0.13921083509922028, 0.43043774366378784, 0.8918204307556152], "cam_t_m2c": [-84.49286651611328, -80.97626495361328, 303.70672607421875], "obj_id": 2}, {"cam_R_m2c": [-0.7420766949653625, 0.04814716801047325, -0.6685835719108582, 0.2624969780445099, 0.9386308789253235, -0.22375735640525818, 0.6167799234390259, -0.34154629707336426, -0.709174633026123], "cam_t_m2c": [190.77354431152344, -54.940616607666016, 346.6396484375], "obj_id": 3}]
}