{
  "0": [{"cam_R_m2c": [0.25439995527267456, -0.12971587479114532, -0.9583603143692017, -0.5083780288696289, 0.8250625133514404, -0.2466244101524353, 0.8226982355117798, 0.5499505996704102, 0.1439511477947235], "cam_t_m2c": [-39.81840515136719, -24.51585578918457, 373.8409729003906], "obj_id": 3}, {"cam_R_m2c": [-0.9977766871452332, 0.0034865255001932383, 0.06655251979827881, -0.05932587757706642, -0.5014259219169617, -0.8631641268730164, 0.03036172315478325, -0.8651934266090393, 0.5005181431770325], "cam_t_m2c": [-16.527191162109375, 49.11405563354492, 84.8346939086914], "obj_id": 3}, {"cam_R_m2c": [-0.02317335642874241, 0.8933085203170776, 0.44884586334228516, 0.07204610854387283, -0.4463067054748535, 0.8919749855995178, 0.9971319437026978, 0.05300776660442352, -0.05401680991053581], "cam_t_m2c": [183.87542724609375, 64.0083999633789, 144.62493896484375], "obj_id": 3}, {"cam_R_m2c": [-0.769378125667572, 0.20111910998821259, -0.6063072681427002, 0.4261176884174347, -0.5455257892608643, -0.7216823697090149, -0.4759003221988678, -0.8136048316955566, 0.3340151011943817], "cam_t_m2c": [-73.89446258544922, 44.60602951049805, 99.61223602294922], "obj_id": 3}, {"cam_R_m2c": [0.8004721403121948, -0.4357507526874542, -0.41154053807258606, -0.08113964647054672, -0.7590833306312561, 0.6459171772003174, -0.5938524007797241, -0.4836464524269104, -0.642981767654419], "cam_t_m2c": [-189.3594207763672, 76.47428894042969, 182.36976623535156], "obj_id": 3}, {"cam_R_m2c": [0.987436830997467, -0.15144358575344086, -0.04509212076663971, -0.1250472366809845, -0.9233891367912292, 0.36292630434036255, -0.09660044312477112, -0.3527281880378723, -0.9307260513305664], "cam_t_m2c": [-40.18235397338867, 144.54006958007812, 401.8513488769531], "obj_id": 3}, {"cam_R_m2c": [0.25787198543548584, -0.6732950210571289, 0.6929470896720886, 0.5130051374435425, -0.5123398900032043, -0.6887186169624329, 0.8187353610992432, 0.5330866575241089, 0.21328586339950562], "cam_t_m2c": [53.294246673583984, 101.18054962158203, 463.1593322753906], "obj_id": 3}, {"cam_R_m2c": [-0.12001223862171173, 0.8791630864143372, 0.4611605703830719, 0.8640471696853638, -0.13625597953796387, 0.48462003469467163, 0.48889604210853577, 0.4566248953342438, -0.7432858943939209], "cam_t_m2c": [-31.08076286315918, -16.10198974609375, 414.8237609863281], "obj_id": 3}, {"cam_R_m2c": [-0.6285948753356934, -0.7776316404342651, 0.012539887800812721, 0.6755233407020569, -0.5379241108894348, 0.5042873024940491, -0.3854042589664459, 0.3254634737968445, 0.8634448647499084], "cam_t_m2c": [-44.26258850097656, 2.7004778385162354, 32.47023391723633], "obj_id": 3}, {"cam_R_m2c": [-0.7226237058639526, 0.6387025117874146, 0.26433688402175903, 0.25864166021347046, 0.6044636964797974, -0.7534773945808411, -0.641029953956604, -0.47611212730407715, -0.6019948720932007], "cam_t_m2c": [14.21592903137207, 81.93301391601562, 138.8653106689453], "obj_id": 3}, {"cam_R_m2c": [0.5147879123687744, 0.07299285382032394, -0.854204535484314, 0.5363856554031372, -0.8046888709068298, 0.2544920742511749, -0.6687927842140198, -0.5891925096511841, -0.45339640974998474], "cam_t_m2c": [204.753173828125, 213.00413513183594, 306.7467041015625], "obj_id": 3}, {"cam_R_m2c": [0.5833435654640198, -0.3815701901912689, 0.7170177698135376, 0.1519065499305725, -0.8159517049789429, -0.5578056573867798, 0.7978938817977905, 0.43431204557418823, -0.4180171489715576], "cam_t_m2c": [16.102310180664062, 135.963623046875, 380.9790954589844], "obj_id": 3}, {"cam_R_m2c": [-0.8255073428153992, 0.25288259983062744, 0.5045669078826904, -0.0967642143368721, -0.944179892539978, 0.31489798426628113, 0.5560342073440552, 0.21112659573554993, 0.8038976788520813], "cam_t_m2c": [23.128190994262695, 26.00149917602539, 532.4073486328125], "obj_id": 3}, {"cam_R_m2c": [0.10376282781362534, 0.7043551206588745, 0.7022228837013245, 0.9900835156440735, -0.1403714269399643, -0.005500153172761202, 0.09469805657863617, 0.6958301067352295, -0.7119356393814087], "cam_t_m2c": [-16.788047790527344, -41.422367095947266, 533.2077026367188], "obj_id": 3}, {"cam_R_m2c": [0.1598915159702301, 0.9529871344566345, 0.25739094614982605, -0.9305329322814941, 0.05848509073257446, 0.3615075945854187, 0.3294585943222046, -0.29731276631355286, 0.8961373567581177], "cam_t_m2c": [124.47320556640625, 185.4659423828125, 349.9053955078125], "obj_id": 3}, {"cam_R_m2c": [-0.9631014466285706, 0.23035824298858643, -0.13917769491672516, 0.14867456257343292, 0.024307411164045334, -0.9885873198509216, -0.22434620559215546, -0.9728021621704102, -0.05765876546502113], "cam_t_m2c": [-14.933022499084473, 257.1573791503906, 316.2375793457031], "obj_id": 3}, {"cam_R_m2c": [-0.9419344067573547, 0.31097832322120667, 0.12669730186462402, -0.2146596908569336, -0.847775936126709, 0.4849714934825897, 0.25822651386260986, 0.42961448431015015, 0.8653036952018738], "cam_t_m2c": [112.2027359008789, -57.71668243408203, 126.83214569091797], "obj_id": 3}, {"cam_R_m2c": [-0.11735966056585312, 0.4405463933944702, 0.8900254368782043, 0.46167778968811035, 0.8176869750022888, -0.34386274218559265, -0.8792496919631958, 0.37054938077926636, -0.2993539571762085], "cam_t_m2c": [80.17214965820312, 24.66619873046875, 437.2298278808594], "obj_id": 3}, {"cam_R_m2c": [0.10149317234754562, 0.8442992568016052, 0.5261726975440979, -0.8736893534660339, 0.3285938501358032, -0.3587377965450287, -0.4757791757583618, -0.42330214381217957, 0.7710054516792297], "cam_t_m2c": [107.14205932617188, 18.046253204345703, 23.933765411376953], "obj_id": 3}, {"cam_R_m2c": [0.3177093267440796, 0.626777172088623, -0.7114851474761963, 0.8145492076873779, -0.5645080804824829, -0.13356700539588928, -0.4853558838367462, -0.5371041893959045, -0.6898903250694275], "cam_t_m2c": [177.24156188964844, -163.56814575195312, 225.509765625], "obj_id": 3}, {"cam_R_m2c": [0.26687800884246826, 0.8552597761154175, 0.44419223070144653, 0.9633785486221313, -0.2243024706840515, -0.14693544805049896, -0.026034550741314888, 0.4671391248703003, -0.8838003873825073], "cam_t_m2c": [-170.3078155517578, -24.671363830566406, 80.58454132080078], "obj_id": 3}, {"cam_R_m2c": [0.6572316884994507, 0.6895527243614197, -0.3042425513267517, 0.13104666769504547, -0.5020735859870911, -0.8548384308815002, -0.7422083616256714, 0.5219569206237793, -0.42034220695495605], "cam_t_m2c": [208.540283203125, -18.911670684814453, 272.94232177734375], "obj_id": 3}, {"cam_R_m2c": [-0.7041924595832825, -0.05301974341273308, -0.7080267071723938, 0.015427994541823864, -0.9981151223182678, 0.05939822643995285, -0.7098414301872253, 0.03090435266494751, 0.7036831974983215], "cam_t_m2c": [73.55079650878906, 96.66826629638672, 494.9383544921875], "obj_id": 3}, {"cam_R_m2c": [0.3096056878566742, 0.28842809796333313, 0.9060648083686829, -0.1710815280675888, 0.9542316794395447, -0.24530188739299774, -0.9353477358818054, -0.07906410843133926, 0.344780296087265], "cam_t_m2c": [-12.555729866027832, 122.03175354003906, 472.1806640625], "obj_id": 3}, {"cam_R_m2c": [0.8366997241973877, 0.3556118905544281, 0.4165017902851105, -0.07343740016222, 0.8264921307563782, -0.5581377148628235, -0.542715847492218, 0.4364068806171417, 0.7176409363746643], "cam_t_m2c": [57.74430847167969, 40.68345260620117, 467.8941345214844], "obj_id": 3}, {"cam_R_m2c": [0.6459317803382874, 0.7546034455299377, -0.11552401632070541, -0.1737048327922821, -0.002075320342555642, -0.9847955107688904, -0.7433698773384094, 0.6561777591705322, 0.1297377645969391], "cam_t_m2c": [-103.10638427734375, -126.34403991699219, 180.6801300048828], "obj_id": 3}, {"cam_R_m2c": [-0.2863592207431793, 0.41061460971832275, -0.8656754493713379, 0.2618533670902252, -0.8355751633644104, -0.4829564094543457, -0.9216458797454834, -0.3649790585041046, 0.13175390660762787], "cam_t_m2c": [154.3297882080078, -30.341773986816406, 327.04608154296875], "obj_id": 3}, {"cam_R_m2c": [0.5749286413192749, 0.7116206288337708, -0.40379834175109863, 0.5433525443077087, -0.7010482549667358, -0.4618431627750397, -0.6117392778396606, 0.046121999621391296, -0.7897136211395264], "cam_t_m2c": [232.19288635253906, -9.67155647277832, 88.82225036621094], "obj_id": 3}, {"cam_R_m2c": [-0.8708940148353577, 0.46865737438201904, -0.1479993462562561, -0.44054487347602844, -0.8779045939445496, -0.18762622773647308, -0.21786172688007355, -0.09820220619440079, 0.9710265398025513], "cam_t_m2c": [249.0259246826172, 227.93016052246094, 343.3593444824219], "obj_id": 1}, {"cam_R_m2c": [0.8530787825584412, 0.4509902596473694, 0.2624201774597168, 0.07677341997623444, -0.6059466004371643, 0.791792094707489, 0.5161030888557434, -0.6553141474723816, -0.5515442490577698], "cam_t_m2c": [-120.6006851196289, 34.388221740722656, 205.67770385742188], "obj_id": 1}, {"cam_R_m2c": [0.218447744846344, -0.9488885402679443, -0.2277960330247879, 0.9131759405136108, 0.28107813000679016, -0.2951350510120392, 0.34407874941825867, -0.14354628324508667, 0.9279031753540039], "cam_t_m2c": [20.14345359802246, -41.54436111450195, 424.9580993652344], "obj_id": 1}, {"cam_R_m2c": [0.07197098433971405, 0.5209007859230042, 0.8505777716636658, -0.6974105834960938, 0.6359433531761169, -0.3304460346698761, -0.7130488753318787, -0.5694193840026855, 0.40905117988586426], "cam_t_m2c": [-146.57943725585938, -60.07236862182617, 139.42697143554688], "obj_id": 1}, {"cam_R_m2c": [0.36190709471702576, 0.3968551754951477, -0.8435218930244446, -0.8089317083358765, 0.5834039449691772, -0.07258997857570648, 0.4633062183856964, 0.7086224555969238, 0.5321667790412903], "cam_t_m2c": [247.78439331054688, 193.3132781982422, 390.1498718261719], "obj_id": 1}, {"cam_R_m2c": [0.7314398288726807, -0.49437087774276733, 0.4696735143661499, -0.6255508065223694, -0.2122827172279358, 0.750747799873352, -0.27144429087638855, -0.8429314494132996, -0.46452611684799194], "cam_t_m2c": [306.37152099609375, -52.58909225463867, 281.6893615722656], "obj_id": 1}, {"cam_R_m2c": [-0.9502391815185547, 0.2651969790458679, 0.16345062851905823, -0.13000176846981049, -0.8143932819366455, 0.5655644536018372, 0.28309905529022217, 0.5161726474761963, 0.8083444237709045], "cam_t_m2c": [232.12973022460938, 115.30463409423828, 466.8013916015625], "obj_id": 1}, {"cam_R_m2c": [-0.9631178975105286, -0.20180606842041016, 0.17798304557800293, 0.16173753142356873, 0.09445217996835709, 0.9823032021522522, -0.21504563093185425, 0.9748604893684387, -0.05832883343100548], "cam_t_m2c": [8.330392837524414, 97.49269104003906, 130.80447387695312], "obj_id": 1}, {"cam_R_m2c": [-0.44922009110450745, -0.500434398651123, 0.7401126623153687, 0.15558293461799622, 0.7719268798828125, 0.6163788437843323, -0.879770040512085, 0.39203864336013794, -0.26890602707862854], "cam_t_m2c": [117.24437713623047, 28.32247543334961, 134.376953125], "obj_id": 1}, {"cam_R_m2c": [0.5845296382904053, -0.031180722638964653, 0.8107730746269226, 0.5063654184341431, 0.7947981953620911, -0.3344995379447937, -0.6339710354804993, 0.6060723066329956, 0.48037189245224], "cam_t_m2c": [265.4575500488281, 193.80531311035156, 345.02105712890625], "obj_id": 1}, {"cam_R_m2c": [-0.3696930706501007, 0.1808902770280838, -0.9113757014274597, 0.9281733632087708, 0.02684604562819004, -0.3711785078048706, -0.04267578199505806, -0.983136773109436, -0.1778222918510437], "cam_t_m2c": [-65.88651275634766, -59.074588775634766, 345.5714111328125], "obj_id": 1}, {"cam_R_m2c": [0.799648642539978, -0.5569481253623962, 0.22443445026874542, 0.01986251398921013, -0.34902721643447876, -0.9369020462036133, 0.6001396179199219, 0.7536502480506897, -0.26803675293922424], "cam_t_m2c": [-39.58074951171875, 195.5501251220703, 284.30316162109375], "obj_id": 1}, {"cam_R_m2c": [0.36193224787712097, 0.9147341251373291, -0.1796286404132843, -0.5483602285385132, 0.3647408187389374, 0.752505898475647, 0.7538607120513916, -0.17385490238666534, 0.6336153745651245], "cam_t_m2c": [314.1624450683594, 114.86347961425781, 450.27508544921875], "obj_id": 1}, {"cam_R_m2c": [0.0431445874273777, 0.8521020412445068, 0.5215944051742554, 0.3187499940395355, -0.5065363049507141, 0.8011363744735718, 0.9468563795089722, 0.1316935122013092, -0.2934618592262268], "cam_t_m2c": [164.2457733154297, -7.1333909034729, 45.52197265625], "obj_id": 1}, {"cam_R_m2c": [0.7607219219207764, 0.2918044924736023, -0.5797863602638245, 0.5068721175193787, -0.8250277042388916, 0.24981948733329773, -0.40544143319129944, -0.48392075300216675, -0.7755241990089417], "cam_t_m2c": [-60.69874572753906, 161.6039276123047, 424.5555114746094], "obj_id": 1}, {"cam_R_m2c": [0.1536460816860199, 0.9750363826751709, 0.16030262410640717, 0.8490738868713379, -0.21325740218162537, 0.4833163917064667, 0.5054367780685425, 0.06184912100434303, -0.8606440424919128], "cam_t_m2c": [-90.0069351196289, 122.2626724243164, 293.6971435546875], "obj_id": 1}, {"cam_R_m2c": [0.9583504796028137, -0.13518084585666656, 0.25157591700553894, 0.19672256708145142, -0.3261243999004364, -0.9246312975883484, 0.20703750848770142, 0.9356114864349365, -0.28594836592674255], "cam_t_m2c": [62.803253173828125, 3.7506465911865234, 434.75360107421875], "obj_id": 1}, {"cam_R_m2c": [-0.9369492530822754, 0.24578167498111725, 0.24842995405197144, -0.036030396819114685, -0.7750373482704163, 0.6308873891830444, 0.34760305285453796, 0.5821584463119507, 0.7350262999534607], "cam_t_m2c": [50.67710876464844, 187.11196899414062, 398.6507873535156], "obj_id": 1}, {"cam_R_m2c": [0.5887573957443237, -0.6193799376487732, 0.5193585157394409, -0.12763144075870514, 0.5632284283638, 0.8163846731185913, -0.7981697916984558, -0.546938955783844, 0.2525525391101837], "cam_t_m2c": [-54.83380889892578, 100.89634704589844, 359.86273193359375], "obj_id": 1}, {"cam_R_m2c": [-0.8158682584762573, -0.20950016379356384, 0.5389513373374939, -0.3880855143070221, -0.49256348609924316, -0.7789549231529236, 0.42865896224975586, -0.8446838855743408, 0.3205629885196686], "cam_t_m2c": [-9.728954315185547, 19.714738845825195, 16.71196937561035], "obj_id": 1}, {"cam_R_m2c": [0.04548882320523262, -0.8845670223236084, -0.4641893804073334, -0.6358910799026489, -0.38401010632514954, 0.6694613695144653, -0.7704370021820068, 0.26472094655036926, -0.5799564123153687], "cam_t_m2c": [201.95680236816406, 33.839717864990234, 180.49734497070312], "obj_id": 1}, {"cam_R_m2c": [-0.11356751620769501, -0.9313700795173645, -0.345907598733902, 0.9525337815284729, -0.0030887024477124214, -0.30441704392433167, 0.28245648741722107, -0.3640606105327606, 0.8875123262405396], "cam_t_m2c": [75.40997314453125, -24.708181381225586, 300.5363464355469], "obj_id": 1}, {"cam_R_m2c": [0.5240138173103333, -0.44159162044525146, 0.7282900214195251, 0.7983962893486023, 0.5524622797966003, -0.23947599530220032, -0.29660218954086304, 0.7069528102874756, 0.6420630216598511], "cam_t_m2c": [104.11033630371094, 123.54145812988281, 82.43720245361328], "obj_id": 1}, {"cam_R_m2c": [0.43839752674102783, 0.5692505240440369, -0.695529580116272, -0.11039967089891434, -0.7338923811912537, -0.6702340245246887, -0.8919750452041626, 0.370615154504776, -0.2588914632797241], "cam_t_m2c": [-48.35071563720703, 9.462362289428711, 117.77809143066406], "obj_id": 1}, {"cam_R_m2c": [-0.48096591234207153, -0.8332740068435669, -0.27262842655181885, 0.6187973022460938, -0.5429210662841797, 0.5677381753921509, -0.6210971474647522, 0.10436099022626877, 0.7767542004585266], "cam_t_m2c": [102.56440734863281, 177.1338653564453, 68.88568115234375], "obj_id": 1}, {"cam_R_m2c": [0.8573006987571716, 0.17803306877613068, -0.4830525517463684, -0.46108511090278625, -0.1518263965845108, -0.8742707371711731, -0.22898921370506287, 0.972241222858429, -0.048072487115859985], "cam_t_m2c": [131.43560791015625, 124.08012390136719, 104.1904067993164], "obj_id": 1}, {"cam_R_m2c": [0.5940794944763184, -0.618705689907074, -0.5140747427940369, -0.36029642820358276, -0.7760463356971741, 0.5176280736923218, -0.7192052006721497, -0.12229292094707489, -0.683950662612915], "cam_t_m2c": [15.15128231048584, 108.6535873413086, 399.4115295410156], "obj_id": 1}, {"cam_R_m2c": [-0.8737152218818665, -0.33582764863967896, -0.3519116938114166, 0.017334936186671257, 0.7014906406402588, -0.7124678492546082, 0.48612913489341736, -0.6285942196846008, -0.6070815324783325], "cam_t_m2c": [191.59425354003906, -47.175838470458984, 355.6453552246094], "obj_id": 1}, {"cam_R_m2c": [0.7220630645751953, 0.46427395939826965, 0.5129079818725586, -0.678025484085083, 0.6222472190856934, 0.39126697182655334, -0.13750049471855164, -0.6302841305732727, 0.7640913128852844], "cam_t_m2c": [99.1544189453125, -130.7584228515625, 331.7154235839844], "obj_id": 1}, {"cam_R_m2c": [0.31187179684638977, -0.5267589092254639, 0.7907345294952393, -0.07449090480804443, 0.8161256313323975, 0.5730533599853516, -0.9471996426582336, -0.2376217246055603, 0.21528780460357666], "cam_t_m2c": [144.7886962890625, 56.72258377075195, 200.53524780273438], "obj_id": 1}, {"cam_R_m2c": [0.6180082559585571, 0.42636239528656006, 0.6605156064033508, 0.04698988422751427, -0.8586979508399963, 0.510323166847229, 0.7847660183906555, -0.2843463718891144, -0.5507171154022217], "cam_t_m2c": [62.7570686340332, -80.61486053466797, 146.58670043945312], "obj_id": 1}, {"cam_R_m2c": [-0.6824089884757996, 0.6900737881660461, -0.24107246100902557, 0.6884230375289917, 0.4958553612232208, -0.5293402671813965, -0.24574677646160126, -0.5271864533424377, -0.8134388327598572], "cam_t_m2c": [-95.87333679199219, 131.16847229003906, 337.161376953125], "obj_id": 1}, {"cam_R_m2c": [-0.9118205904960632, 0.02706814371049404, 0.40969526767730713, 0.37208497524261475, 0.47635403275489807, 0.7966426610946655, -0.1735963374376297, 0.8788367509841919, -0.4444209933280945], "cam_t_m2c": [-40.234771728515625, 230.84780883789062, 263.7215270996094], "obj_id": 1}, {"cam_R_m2c": [0.2776675224304199, 0.6837751865386963, 0.6747978925704956, 0.9528420567512512, -0.10649383813142776, -0.28416723012924194, -0.12244465947151184, 0.7218798398971558, -0.6810996532440186], "cam_t_m2c": [52.09332275390625, 9.932104110717773, 418.79473876953125], "obj_id": 1}, {"cam_R_m2c": [0.6514223217964172, -0.721847653388977, -0.2336340844631195, -0.6111332178115845, -0.3167265057563782, -0.7253966331481934, 0.4496277868747711, 0.6153210997581482, -0.6474677920341492], "cam_t_m2c": [-22.406761169433594, -97.66696166992188, 205.93515014648438], "obj_id": 1}, {"cam_R_m2c": [0.3038417398929596, -0.818133533000946, 0.4881983995437622, 0.7448535561561584, -0.11551111191511154, -0.6571531891822815, 0.5940313935279846, 0.5633068680763245, 0.5742926001548767], "cam_t_m2c": [195.72483825683594, 27.337360382080078, 89.9843978881836], "obj_id": 1}, {"cam_R_m2c": [0.9232926368713379, 0.38326409459114075, -0.0252841766923666, -0.19750219583511353, 0.4172675609588623, -0.8870629668235779, -0.32942909002304077, 0.8240123987197876, 0.46095559000968933], "cam_t_m2c": [31.367965698242188, 144.1431884765625, 418.4224548339844], "obj_id": 1}, {"cam_R_m2c": [-0.5700767636299133, -0.24859784543514252, 0.783078134059906, -0.1663043200969696, 0.9683092832565308, 0.1863330602645874, -0.8045838475227356, -0.024005113169550896, -0.5933535099029541], "cam_t_m2c": [167.5665283203125, 176.87832641601562, 109.12430572509766], "obj_id": 1}, {"cam_R_m2c": [0.8932544589042664, 0.3533564507961273, -0.27791309356689453, -0.003103751689195633, -0.6133387088775635, -0.7898138761520386, -0.4495406746864319, 0.7063673734664917, -0.5467708110809326], "cam_t_m2c": [-57.895729064941406, 41.302711486816406, 32.26384735107422], "obj_id": 1}, {"cam_R_m2c": [0.3083686828613281, 0.4271884262561798, -0.849952220916748, -0.25165966153144836, -0.8250257968902588, -0.5059642195701599, -0.9173746109008789, 0.3699222207069397, -0.1469060182571411], "cam_t_m2c": [180.8400115966797, -13.178777694702148, 109.47529602050781], "obj_id": 1}, {"cam_R_m2c": [0.25227710604667664, 0.73845374584198, -0.6253337264060974, -0.7319381237030029, 0.5683306455612183, 0.37585482001304626, 0.6329477429389954, 0.36288607120513916, 0.6838792562484741], "cam_t_m2c": [128.28944396972656, 39.14695739746094, 389.160400390625], "obj_id": 1}, {"cam_R_m2c": [0.6334797143936157, -0.5328727960586548, -0.561025857925415, 0.4100591540336609, -0.38367119431495667, 0.8274344205856323, -0.6561667919158936, -0.754216730594635, -0.024538535624742508], "cam_t_m2c": [63.14033889770508, 33.50006103515625, 235.523193359375], "obj_id": 1}, {"cam_R_m2c": [0.7699622511863708, 0.4701767861843109, -0.43138372898101807, 0.6289493441581726, -0.4452033042907715, 0.6373512148857117, 0.10761427879333496, -0.7620549201965332, -0.6385071277618408], "cam_t_m2c": [-65.85055541992188, 27.659311294555664, 171.0208282470703], "obj_id": 1}, {"cam_R_m2c": [0.2579755485057831, -0.9508447647094727, 0.17129731178283691, 0.5398515462875366, 0.2889023423194885, 0.7906299233436584, -0.8012545704841614, -0.11148804426193237, 0.5878447890281677], "cam_t_m2c": [102.0489730834961, 86.7271957397461, 401.7804260253906], "obj_id": 1}, {"cam_R_m2c": [0.20043052732944489, -0.4259651303291321, 0.8822591304779053, -0.9687126874923706, -0.2207048088312149, 0.11351191997528076, 0.14636678993701935, -0.877406895160675, -0.4568737745285034], "cam_t_m2c": [232.4710693359375, 100.10194396972656, 388.75152587890625], "obj_id": 1}, {"cam_R_m2c": [-0.4870327115058899, 0.8733820915222168, 0.0016367061762139201, -0.09257146716117859, -0.04975786805152893, -0.9944619536399841, -0.8684638142585754, -0.4844871163368225, 0.10508409142494202], "cam_t_m2c": [-13.338812828063965, 10.249110221862793, 117.79063415527344], "obj_id": 1}, {"cam_R_m2c": [0.4153246581554413, -0.3297082781791687, 0.847819447517395, -0.1716068685054779, -0.9436677098274231, -0.28291699290275574, 0.8933400511741638, -0.027989258989691734, -0.4485085606575012], "cam_t_m2c": [146.91915893554688, 135.88214111328125, 123.80741882324219], "obj_id": 1}, {"cam_R_m2c": [-0.05125576630234718, 0.9679434895515442, 0.24588270485401154, -0.10147471725940704, 0.2398843616247177, -0.9654834866523743, -0.9935168623924255, -0.0744374468922615, 0.08592630922794342], "cam_t_m2c": [137.7981719970703, 58.96061706542969, 414.1168518066406], "obj_id": 1}, {"cam_R_m2c": [0.8592509627342224, -0.4539709985256195, -0.2357923835515976, 0.49823451042175293, 0.8471729755401611, 0.1845543384552002, 0.11597461253404617, -0.2760584056377411, 0.9541182518005371], "cam_t_m2c": [-51.33615493774414, -137.1147918701172, 285.4972229003906], "obj_id": 1}, {"cam_R_m2c": [-0.659095287322998, -0.10433582216501236, 0.7447867393493652, -0.41027772426605225, -0.7800975441932678, -0.4723556637763977, 0.6302899718284607, -0.6168968677520752, 0.4713520407676697], "cam_t_m2c": [-35.5009765625, 22.03074073791504, 54.99371337890625], "obj_id": 1}, {"cam_R_m2c": [-0.8716577291488647, -0.2767716348171234, 0.4044871926307678, 0.3005883991718292, -0.9537414908409119, -0.004841663874685764, 0.38711634278297424, 0.11736389249563217, 0.9145308136940002], "cam_t_m2c": [-62.62530517578125, 77.07677459716797, 65.8409652709961], "obj_id": 1}, {"cam_R_m2c": [-0.20379555225372314, -0.23113895952701569, 0.9513369798660278, -0.6437354683876038, 0.7637622356414795, 0.04766424000263214, -0.7376123070716858, -0.6026955842971802, -0.30444368720054626], "cam_t_m2c": [-108.85306549072266, -118.83601379394531, 155.5567626953125], "obj_id": 1}, {"cam_R_m2c": [-0.460116446018219, -0.2768700420856476, -0.8435850739479065, -0.8446308970451355, -0.15636101365089417, 0.512005627155304, -0.27366286516189575, 0.9481002688407898, -0.16190867125988007], "cam_t_m2c": [-68.64079284667969, 27.8139705657959, 178.3760528564453], "obj_id": 1}, {"cam_R_m2c": [0.6760611534118652, -0.6780920028686523, 0.28832703828811646, 0.5814904570579529, 0.7313107848167419, 0.35644543170928955, -0.4525595009326935, -0.07331947237253189, 0.8887149095535278], "cam_t_m2c": [-34.098445892333984, 115.83036041259766, 251.7252197265625], "obj_id": 1}, {"cam_R_m2c": [0.5802900195121765, -0.6112753748893738, -0.5381504893302917, 0.01863904669880867, -0.6506444215774536, 0.7591537833213806, -0.8141965866088867, -0.45055997371673584, -0.36616888642311096], "cam_t_m2c": [-21.645933151245117, 108.56954193115234, 480.5103759765625], "obj_id": 3}, {"cam_R_m2c": [-0.5645638704299927, 0.7754490971565247, -0.2827475070953369, 0.7687973976135254, 0.6186985969543457, 0.1617484837770462, 0.3003632128238678, -0.1260581910610199, -0.9454581141471863], "cam_t_m2c": [128.31700134277344, 245.6903076171875, 283.2149353027344], "obj_id": 1}, {"cam_R_m2c": [-0.16509416699409485, -0.8945977687835693, -0.4152572751045227, -0.26519542932510376, 0.4457940459251404, -0.8549497127532959, 0.9499553442001343, -0.031022904440760612, -0.31084123253822327], "cam_t_m2c": [6.3816351890563965, -180.64852905273438, 242.1049346923828], "obj_id": 1}, {"cam_R_m2c": [-0.3038026988506317, 0.5544891953468323, 0.7747552394866943, 0.9399651885032654, 0.30713701248168945, 0.14876927435398102, -0.15546506643295288, 0.7734394669532776, -0.614509642124176], "cam_t_m2c": [241.2128448486328, -2.8167219161987305, 373.1239013671875], "obj_id": 1}, {"cam_R_m2c": [0.6517302989959717, 0.3311716616153717, -0.6823290586471558, -0.5496554374694824, 0.8261314034461975, -0.12403956800699234, 0.5226150751113892, 0.45588618516921997, 0.7204451560974121], "cam_t_m2c": [-28.40011215209961, -170.5658721923828, 224.4585723876953], "obj_id": 1}, {"cam_R_m2c": [0.9786824584007263, 0.03140387311577797, -0.20296408236026764, 0.19465935230255127, -0.45693856477737427, 0.8679370880126953, -0.06548553705215454, -0.8889436721801758, -0.4533108174800873], "cam_t_m2c": [35.19462203979492, 173.98953247070312, 425.9876708984375], "obj_id": 3}, {"cam_R_m2c": [0.2942340672016144, 0.7937232851982117, 0.532380998134613, -0.5273703336715698, -0.32972338795661926, 0.7830471992492676, 0.7970613241195679, -0.5111610889434814, 0.32157033681869507], "cam_t_m2c": [114.09382629394531, -92.79456329345703, 319.5450744628906], "obj_id": 1}, {"cam_R_m2c": [-0.5641909241676331, -0.5486488938331604, -0.6169871091842651, -0.41327333450317383, 0.8345871567726135, -0.3642382025718689, 0.7147684097290039, 0.04948444291949272, -0.697608470916748], "cam_t_m2c": [313.8647155761719, -9.340558052062988, 284.08367919921875], "obj_id": 1}, {"cam_R_m2c": [-0.6408165693283081, 0.3477952480316162, 0.6843920946121216, 0.54041987657547, -0.42881110310554504, 0.7239249348640442, 0.5452526211738586, 0.8337622284889221, 0.08683382719755173], "cam_t_m2c": [-86.02725219726562, 203.0252227783203, 396.7680358886719], "obj_id": 1}, {"cam_R_m2c": [0.06510014086961746, -0.9978786110877991, 0.00048382303793914616, 0.5000441670417786, 0.032202575355768204, -0.8654009103775024, 0.8635494709014893, 0.05657963454723358, 0.501079797744751], "cam_t_m2c": [124.90463256835938, 166.79347229003906, 59.13895797729492], "obj_id": 3}, {"cam_R_m2c": [-0.5939513444900513, 0.6907395720481873, -0.41243261098861694, -0.4928700625896454, 0.0927598625421524, 0.8651443123817444, 0.6358466148376465, 0.7171293497085571, 0.2853499948978424], "cam_t_m2c": [135.9684600830078, -34.024600982666016, 126.69371032714844], "obj_id": 1}, {"cam_R_m2c": [0.37102776765823364, -0.545705258846283, -0.7513615489006042, 0.8972731232643127, 0.41913238167762756, 0.13866890966892242, 0.23924759030342102, -0.725626528263092, 0.6451563835144043], "cam_t_m2c": [-140.58993530273438, 266.7372131347656, 315.8694152832031], "obj_id": 1}, {"cam_R_m2c": [0.7074182033538818, 0.6112703680992126, -0.3548352122306824, 0.6935846209526062, -0.6969841718673706, 0.18208037316799164, -0.13601422309875488, -0.374915212392807, -0.917026937007904], "cam_t_m2c": [38.91228485107422, 206.2937469482422, 297.5923767089844], "obj_id": 3}, {"cam_R_m2c": [0.0851532593369484, -0.7657597661018372, -0.6374644637107849, -0.9534927010536194, 0.12303277850151062, -0.27516287565231323, 0.28913766145706177, 0.6312487125396729, -0.7196696996688843], "cam_t_m2c": [66.22662353515625, -182.91070556640625, 251.07681274414062], "obj_id": 1}, {"cam_R_m2c": [0.634834349155426, 0.33252882957458496, -0.6974309682846069, -0.49569299817085266, 0.867688000202179, -0.0374971367418766, 0.5926836133003235, 0.3695161044597626, 0.7156703472137451], "cam_t_m2c": [154.35704040527344, -93.6919937133789, 228.18923950195312], "obj_id": 3}, {"cam_R_m2c": [0.5224688649177551, -0.3443807065486908, 0.7800180912017822, 0.5871613025665283, -0.5180296897888184, -0.6220021843910217, 0.6182780861854553, 0.7829732298851013, -0.06844735145568848], "cam_t_m2c": [35.91476058959961, 75.66352844238281, 476.4911804199219], "obj_id": 3}, {"cam_R_m2c": [-0.36602821946144104, -0.3673427999019623, -0.8550335764884949, -0.5877634286880493, 0.803596556186676, -0.09363064169883728, 0.72149658203125, 0.46828603744506836, -0.5100497007369995], "cam_t_m2c": [40.69568634033203, 72.88448333740234, 313.8041076660156], "obj_id": 3}, {"cam_R_m2c": [-0.7207698225975037, -0.2678602933883667, -0.6393290758132935, 0.67827969789505, -0.08236681669950485, -0.7301728129386902, 0.14292480051517487, -0.9599304795265198, 0.24105174839496613], "cam_t_m2c": [-24.171676635742188, 100.00669860839844, 481.8032531738281], "obj_id": 3}, {"cam_R_m2c": [0.23171889781951904, 0.6532396078109741, -0.7208219766616821, 0.8083515763282776, 0.28292611241340637, 0.5162562727928162, 0.5411784052848816, -0.702303946018219, -0.46248796582221985], "cam_t_m2c": [-68.92273712158203, 25.589696884155273, 208.8037567138672], "obj_id": 1}, {"cam_R_m2c": [-0.7343015670776367, 0.5030152201652527, 0.4558253586292267, -0.3290977478027344, -0.8510978817939758, 0.409056156873703, 0.5937135219573975, 0.15035949647426605, 0.7905037999153137], "cam_t_m2c": [-22.645246505737305, 273.5611572265625, 294.9856872558594], "obj_id": 3}, {"cam_R_m2c": [0.39982426166534424, 0.631600022315979, -0.6642452478408813, 0.7557956576347351, 0.1828223466873169, 0.6287675499916077, 0.5185684561729431, -0.7534302473068237, -0.40426379442214966], "cam_t_m2c": [187.1542510986328, 95.08631134033203, 256.99859619140625], "obj_id": 3}, {"cam_R_m2c": [-0.12878474593162537, -0.9915041327476501, 0.018268819898366928, 0.0199902206659317, -0.02101399190723896, -0.9995791912078857, 0.9914709329605103, -0.12836548686027527, 0.022526796907186508], "cam_t_m2c": [-52.05965042114258, 188.7289276123047, 217.5807647705078], "obj_id": 3}, {"cam_R_m2c": [-0.8100526332855225, 0.5789456367492676, -0.09293320029973984, 0.27627578377723694, 0.5166477560997009, 0.8103991746902466, 0.5171907544136047, 0.6307908296585083, -0.5784604549407959], "cam_t_m2c": [-54.908119201660156, -105.28807067871094, 247.13389587402344], "obj_id": 1}, {"cam_R_m2c": [0.10431841760873795, 0.7583810687065125, -0.6434095501899719, -0.04631408676505089, 0.6499418020248413, 0.758571445941925, 0.993465006351471, -0.04933405667543411, 0.10292462259531021], "cam_t_m2c": [-176.20252990722656, 21.764911651611328, 119.4907455444336], "obj_id": 3}, {"cam_R_m2c": [0.8434019684791565, -0.3419305980205536, 0.41443532705307007, 0.4740689992904663, 0.8365973234176636, -0.27452418208122253, -0.25284725427627563, 0.4280051589012146, 0.8676865100860596], "cam_t_m2c": [47.06816864013672, 48.021209716796875, 397.6128845214844], "obj_id": 3}, {"cam_R_m2c": [0.10570801049470901, 0.9269406795501709, -0.3600092828273773, 0.9918227791786194, -0.12431614845991135, -0.028860872611403465, -0.07150731235742569, -0.3540146052837372, -0.9325020909309387], "cam_t_m2c": [160.28662109375, 65.9410171508789, 204.36476135253906], "obj_id": 1}, {"cam_R_m2c": [0.9153642654418945, 0.041276101022958755, -0.4005053639411926, 0.07599617540836334, 0.9591384530067444, 0.2725398540496826, 0.39538946747779846, -0.2799101173877716, 0.8748242855072021], "cam_t_m2c": [-119.03922271728516, 97.77225494384766, 212.57057189941406], "obj_id": 1}, {"cam_R_m2c": [0.43954354524612427, 0.8506926894187927, 0.2883113622665405, 0.6717818379402161, -0.098271444439888, -0.7342015504837036, -0.596247136592865, 0.5163959264755249, -0.6146745085716248], "cam_t_m2c": [-138.0260772705078, -56.053836822509766, 174.68533325195312], "obj_id": 1}, {"cam_R_m2c": [-0.33441802859306335, -0.6413362622261047, -0.6905450224876404, 0.29065248370170593, 0.6268273591995239, -0.7229167222976685, 0.8964852094650269, -0.44246500730514526, -0.023216431960463524], "cam_t_m2c": [246.4552459716797, 148.46392822265625, 407.04254150390625], "obj_id": 1}, {"cam_R_m2c": [-0.05774543434381485, -0.9979984760284424, 0.025777293369174004, 0.39192435145378113, -0.04640955850481987, -0.9188261032104492, 0.9181833863258362, -0.04295530542731285, 0.3938198983669281], "cam_t_m2c": [-177.84494018554688, -28.62140464782715, 85.7257080078125], "obj_id": 1}, {"cam_R_m2c": [-0.22131234407424927, 0.7546799778938293, -0.6176398992538452, 0.031375836580991745, -0.6275068521499634, -0.7779786586761475, -0.9746981263160706, -0.1915552169084549, 0.11519623547792435], "cam_t_m2c": [79.43989562988281, 87.9486083984375, 422.7667541503906], "obj_id": 3}, {"cam_R_m2c": [-0.7173374891281128, 0.33567848801612854, -0.6105297803878784, 0.16722947359085083, 0.9336221218109131, 0.316834419965744, 0.6763585805892944, 0.12517866492271423, -0.7258574962615967], "cam_t_m2c": [-4.9280805587768555, -22.668682098388672, 367.68060302734375], "obj_id": 3}, {"cam_R_m2c": [-0.40190935134887695, -0.8528615832328796, 0.3333102762699127, 0.14983431994915009, -0.42035049200057983, -0.8949049711227417, 0.903337299823761, -0.3097294569015503, 0.2967309355735779], "cam_t_m2c": [136.99063110351562, -14.076987266540527, 227.9882354736328], "obj_id": 3}, {"cam_R_m2c": [-0.45773497223854065, -0.016390085220336914, 0.8889375925064087, 0.7091108560562134, 0.5963932275772095, 0.37613412737846375, -0.536321222782135, 0.8025250434875488, -0.26136764883995056], "cam_t_m2c": [230.12240600585938, -56.38323211669922, 322.8236999511719], "obj_id": 1}, {"cam_R_m2c": [0.399538516998291, -0.7181338667869568, 0.5697829723358154, -0.8505473136901855, -0.5222528576850891, -0.06181502714753151, 0.3419623076915741, -0.4599299132823944, -0.8194669485092163], "cam_t_m2c": [-19.434215545654297, 82.91222381591797, 280.2177429199219], "obj_id": 3}, {"cam_R_m2c": [0.5997900366783142, -0.32971200346946716, -0.729069173336029, 0.3955496847629547, -0.6698648929595947, 0.6283481121063232, -0.6955518126487732, -0.6652600169181824, -0.2713607847690582], "cam_t_m2c": [190.14840698242188, 13.853333473205566, 173.92306518554688], "obj_id": 1}, {"cam_R_m2c": [0.10574121028184891, 0.7563655376434326, -0.6455462574958801, -0.7670257687568665, 0.47518855333328247, 0.431123286485672, 0.6328429579734802, 0.4495631158351898, 0.6303988695144653], "cam_t_m2c": [145.00759887695312, -76.9281234741211, 140.63108825683594], "obj_id": 1}, {"cam_R_m2c": [-0.2921741306781769, 0.14249293506145477, -0.9456902146339417, -0.928317129611969, 0.19546741247177124, 0.31625896692276, 0.2299162745475769, 0.9703031778335571, 0.07516813278198242], "cam_t_m2c": [49.4141731262207, 158.377685546875, 235.85731506347656], "obj_id": 3}, {"cam_R_m2c": [-0.22137272357940674, -0.7774341106414795, 0.5887192487716675, -0.9706652164459229, 0.11757944524288177, -0.20972397923469543, 0.09382528811693192, -0.6178764700889587, -0.7806571125984192], "cam_t_m2c": [-73.98285675048828, 55.33625793457031, 501.36053466796875], "obj_id": 3}, {"cam_R_m2c": [0.5587436556816101, 0.7606273293495178, 0.3305320739746094, 0.4871778190135956, 0.02150801382958889, -0.8730378150939941, -0.6711655259132385, 0.6488322019577026, -0.3585433065891266], "cam_t_m2c": [-168.5215606689453, 232.9586639404297, 353.2183837890625], "obj_id": 3}, {"cam_R_m2c": [-0.775881826877594, 0.4046437442302704, 0.4840153455734253, 0.10519559681415558, -0.673487663269043, 0.7316749691963196, 0.6220460534095764, 0.618609607219696, 0.47998008131980896], "cam_t_m2c": [143.19091796875, -4.994051456451416, 74.91131591796875], "obj_id": 1}, {"cam_R_m2c": [0.4878867566585541, 0.4446223974227905, 0.7511840462684631, 0.266535222530365, 0.7435765266418457, -0.6132315993309021, -0.8312193155288696, 0.49940457940101624, 0.2442735880613327], "cam_t_m2c": [-4.896751403808594, 264.1143798828125, 253.88491821289062], "obj_id": 1}, {"cam_R_m2c": [-0.041890889406204224, -0.8408119678497314, 0.5397039651870728, -0.9826301336288452, 0.13241316378116608, 0.13001812994480133, -0.1807847023010254, -0.5248827934265137, -0.8317540884017944], "cam_t_m2c": [-12.461828231811523, 283.266357421875, 238.3603515625], "obj_id": 3}, {"cam_R_m2c": [0.7556231021881104, 0.5798406600952148, -0.3046613931655884, 0.6549823880195618, -0.6728945970535278, 0.3438182771205902, -0.005645169876515865, -0.4593448340892792, -0.8882400989532471], "cam_t_m2c": [-11.124505043029785, 45.13526153564453, 357.2758483886719], "obj_id": 3}, {"cam_R_m2c": [0.6115451455116272, -0.2160157412290573, -0.7611502408981323, 0.6025140881538391, 0.7506732940673828, 0.2710467576980591, 0.5128247737884521, -0.6243610978126526, 0.5892231464385986], "cam_t_m2c": [278.2355651855469, 124.11830139160156, 464.6717529296875], "obj_id": 3}, {"cam_R_m2c": [-0.9293526411056519, -0.3027757704257965, 0.21125876903533936, 0.08382754027843475, -0.7303262948989868, -0.6779353022575378, 0.35955026745796204, -0.612331748008728, 0.7041118144989014], "cam_t_m2c": [74.96591186523438, 102.0010986328125, 487.10064697265625], "obj_id": 3}, {"cam_R_m2c": [-0.7227544784545898, -0.5561285018920898, 0.4103010594844818, 0.29556408524513245, 0.28792527318000793, 0.9109011292457581, -0.6247141361236572, 0.7796281576156616, -0.043727632611989975], "cam_t_m2c": [163.2386932373047, 92.52710723876953, 83.41455078125], "obj_id": 3}, {"cam_R_m2c": [0.8578981161117554, -0.1958061009645462, 0.47504812479019165, -0.26279786229133606, 0.6272562742233276, 0.733134925365448, -0.44152921438217163, -0.7537967562675476, 0.4866645634174347], "cam_t_m2c": [138.3993377685547, 93.25841522216797, 306.8326110839844], "obj_id": 3}, {"cam_R_m2c": [0.6534441709518433, -0.7256335020065308, 0.21556152403354645, -0.5335448980331421, -0.6435080766677856, -0.5488418340682983, 0.5369735956192017, 0.24362574517726898, -0.8076546788215637], "cam_t_m2c": [111.81752014160156, -48.90471649169922, 88.32942962646484], "obj_id": 3}, {"cam_R_m2c": [-0.7121850848197937, 0.5567659735679626, -0.42755526304244995, -0.35628542304039, 0.23810367286205292, 0.9035303592681885, 0.6048574447631836, 0.7958128452301025, 0.02879396826028824], "cam_t_m2c": [140.9664306640625, 256.430908203125, 291.9226379394531], "obj_id": 1}, {"cam_R_m2c": [0.9455086588859558, -0.3111163377761841, -0.09602094441652298, -0.21864666044712067, -0.8252159357070923, 0.5207805037498474, -0.2412613183259964, -0.47140780091285706, -0.8482733368873596], "cam_t_m2c": [54.51906204223633, 70.24188995361328, 12.386737823486328], "obj_id": 3}, {"cam_R_m2c": [0.531157374382019, -0.7119595408439636, 0.45933154225349426, 0.6869295835494995, 0.679218590259552, 0.25843745470046997, -0.4959835112094879, 0.17825745046138763, 0.8498380184173584], "cam_t_m2c": [148.40467834472656, 40.1041259765625, 258.7516784667969], "obj_id": 1}, {"cam_R_m2c": [0.410632461309433, -0.692369818687439, -0.5933000445365906, -0.31706708669662476, -0.7185103297233582, 0.6190406680107117, -0.8548973202705383, -0.06608225405216217, -0.5145713090896606], "cam_t_m2c": [86.80445098876953, 86.08309936523438, 473.6208801269531], "obj_id": 3}, {"cam_R_m2c": [-0.8634048104286194, 0.5045109987258911, 0.00081872649025172, -0.42377492785453796, -0.7243530750274658, -0.5438081622123718, -0.27376416325569153, -0.4698736071586609, 0.8392091393470764], "cam_t_m2c": [75.51324462890625, -134.23300170898438, 274.1381530761719], "obj_id": 3}, {"cam_R_m2c": [0.7022005915641785, -0.160114124417305, -0.6937419176101685, 0.25005245208740234, 0.9677754044532776, 0.029740843921899796, 0.6666244268417358, -0.19435590505599976, 0.7196093797683716], "cam_t_m2c": [67.8309097290039, -123.42035675048828, 230.90847778320312], "obj_id": 1}, {"cam_R_m2c": [0.412217378616333, 0.21532776951789856, 0.8852744102478027, -0.5478336811065674, -0.7178074717521667, 0.4296864867210388, 0.7279800772666931, -0.6621074080467224, -0.1779288351535797], "cam_t_m2c": [-137.57077026367188, -99.00415039