{
  "0": [{"cam_R_m2c": [-0.673893392086029, 0.20153144001960754, 0.7108114361763, 0.45949816703796387, 0.867701530456543, 0.18961936235427856, -0.5785579085350037, 0.4543997645378113, -0.677341639995575], "cam_t_m2c": [268.6232604980469, -105.1832504272461, 961.189453125], "obj_id": 3}, {"cam_R_m2c": [0.8466898202896118, 0.12493064254522324, -0.517212450504303, 0.17794333398342133, -0.9825598001480103, 0.05396421253681183, -0.5014504194259644, -0.13772545754909515, -0.8541538715362549], "cam_t_m2c": [371.3408203125, -332.298583984375, 1126.58642578125], "obj_id": 3}, {"cam_R_m2c": [-0.29588091373443604, -0.9519956707954407, -0.07847750186920166, 0.9154760837554932, -0.30606311559677124, 0.2612067461013794, -0.27268677949905396, 0.005441821645945311, 0.9620874524116516], "cam_t_m2c": [179.79246520996094, -308.59332275390625, 1208.4725341796875], "obj_id": 3}, {"cam_R_m2c": [0.9806666374206543, -0.08106271177530289, 0.17810611426830292, -0.09792318940162659, -0.9912959337234497, 0.08799739927053452, 0.16942255198955536, -0.10373683273792267, -0.9800687432289124], "cam_t_m2c": [415.2080383300781, -311.044677734375, 1092.6214599609375], "obj_id": 3}, {"cam_R_m2c": [-0.5278593897819519, 0.2947787344455719, 0.7965363264083862, -0.7014142870903015, -0.6801465153694153, -0.21311694383621216, 0.4789389967918396, -0.6711977124214172, 0.5657836198806763], "cam_t_m2c": [499.0664978027344, -203.64828491210938, 1041.334716796875], "obj_id": 3}, {"cam_R_m2c": [-0.8764990568161011, -0.054552048444747925, 0.4783025085926056, -0.3148687779903412, -0.6866022348403931, -0.6553128361701965, 0.36415228247642517, -0.7249836325645447, 0.5846295952796936], "cam_t_m2c": [315.77532958984375, -6.7677459716796875, 1093.3096923828125], "obj_id": 3}, {"cam_R_m2c": [-0.3348943889141083, 0.23886935412883759, -0.9114752411842346, 0.9002427458763123, 0.3667418956756592, -0.2346557080745697, 0.27822408080101013, -0.8991339206695557, -0.33786019682884216], "cam_t_m2c": [198.24392700195312, 11.87162971496582, 1078.6297607421875], "obj_id": 3}, {"cam_R_m2c": [0.22684340178966522, -0.9738795161247253, 0.010038470849394798, 0.8290782570838928, 0.18768621981143951, -0.5266907215118408, 0.511049211025238, 0.12779898941516876, 0.8499976992607117], "cam_t_m2c": [249.7654571533203, -66.90045166015625, 958.8334350585938], "obj_id": 3}, {"cam_R_m2c": [0.9092580676078796, 0.3928786516189575, -0.13746339082717896, 0.06559596955776215, 0.1908751279115677, 0.9794201254844666, 0.4110316038131714, -0.899562656879425, 0.14778348803520203], "cam_t_m2c": [398.1021423339844, -393.80657958984375, 1092.4383544921875], "obj_id": 3}, {"cam_R_m2c": [0.9400666356086731, -0.19718337059020996, -0.2781967520713806, -0.32488951086997986, -0.27020061016082764, -0.9063323736190796, 0.10354473441839218, 0.9423960447311401, -0.3180693984031677], "cam_t_m2c": [336.83245849609375, -275.77490234375, 1150.162109375], "obj_id": 3}, {"cam_R_m2c": [-0.04524264484643936, -0.1314961016178131, 0.9902836084365845, -0.4479154050350189, -0.8833977580070496, -0.13776689767837524, 0.8929303288459778, -0.44979628920555115, -0.01893163099884987], "cam_t_m2c": [155.82005310058594, -104.32685089111328, 1289.8343505859375], "obj_id": 3}, {"cam_R_m2c": [-0.7342543005943298, -0.08506324142217636, -0.6735242009162903, 0.666842520236969, 0.0955883264541626, -0.7390425801277161, 0.12724639475345612, -0.9917797446250916, -0.013462310656905174], "cam_t_m2c": [270.574951171875, -38.907066345214844, 1117.8271484375], "obj_id": 3}, {"cam_R_m2c": [0.5034231543540955, -0.6092255711555481, -0.6127066016197205, 0.5949949622154236, -0.26976659893989563, 0.7571045160293579, -0.6265350580215454, -0.7457013130187988, 0.22667929530143738], "cam_t_m2c": [176.044921875, 45.59156036376953, 980.002197265625], "obj_id": 3}, {"cam_R_m2c": [0.2067553997039795, -0.9032623171806335, -0.3759910762310028, 0.4963923990726471, 0.42800429463386536, -0.7552528381347656, 0.8431172370910645, -0.03048657812178135, 0.5368648171424866], "cam_t_m2c": [188.3599853515625, 24.012130737304688, 905.6881713867188], "obj_id": 3}, {"cam_R_m2c": [-0.5633347034454346, -0.7165106534957886, -0.4114198088645935, -0.14289744198322296, -0.4059535562992096, 0.9026526808738708, -0.8137776851654053, 0.567286491394043, 0.12630030512809753], "cam_t_m2c": [202.4553985595703, -63.99285888671875, 1217.2799072265625], "obj_id": 3}, {"cam_R_m2c": [0.9725198149681091, 0.1376456767320633, -0.18777331709861755, 0.037601906806230545, -0.8887892365455627, -0.45677098631858826, -0.229763463139534, 0.4371581971645355, -0.8695409297943115], "cam_t_m2c": [360.3677062988281, -37.752159118652344, 1226.355712890625], "obj_id": 3}, {"cam_R_m2c": [0.6680415272712708, -0.7026829719543457, -0.24486158788204193, 0.30147767066955566, -0.045263879001140594, 0.9523982405662537, -0.6803174018859863, -0.7100618481636047, 0.18160507082939148], "cam_t_m2c": [208.2467498779297, -364.598388671875, 1080.706298828125], "obj_id": 3}, {"cam_R_m2c": [0.5571843385696411, -0.24084971845149994, -0.7946929931640625, -0.5540543794631958, 0.6050103306770325, -0.5718270540237427, 0.6185218691825867, 0.7589161992073059, 0.20365844666957855], "cam_t_m2c": [157.94989013671875, -49.10466384887695, 1034.955078125], "obj_id": 3}, {"cam_R_m2c": [-0.21826063096523285, -0.4879029095172882, -0.845170259475708, -0.8184168934822083, -0.38021788001060486, 0.4308454692363739, -0.5315597653388977, 0.7857383489608765, -0.3163211941719055], "cam_t_m2c": [273.080810546875, -421.5126647949219, 1175.1041259765625], "obj_id": 3}, {"cam_R_m2c": [0.15813523530960083, -0.5558177828788757, 0.8161248564720154, -0.12991836667060852, -0.8310511112213135, -0.5408098101615906, 0.9788331985473633, -0.020508531481027603, -0.20362937450408936], "cam_t_m2c": [82.10871124267578, -335.15411376953125, 989.0875854492188], "obj_id": 3}, {"cam_R_m2c": [0.09570343792438507, -0.9858306050300598, -0.13776341080665588, 0.34927892684936523, 0.1628570705652237, -0.9227576851844788, 0.9321185350418091, 0.040193166583776474, 0.35991591215133667], "cam_t_m2c": [483.3201599121094, -340.9083251953125, 998.144775390625], "obj_id": 3}, {"cam_R_m2c": [-0.2805749475955963, -0.9515700340270996, 0.12566663324832916, -0.7145161628723145, 0.11964631825685501, -0.6893122792243958, 0.6408933401107788, -0.2831946313381195, -0.7134818434715271], "cam_t_m2c": [86.66878509521484, -235.8415985107422, 1108.5496826171875], "obj_id": 3}, {"cam_R_m2c": [0.8662240505218506, -0.2968893349170685, 0.4018862247467041, -0.49481669068336487, -0.39804506301879883, 0.7724742293357849, -0.06937053054571152, -0.8679957985877991, -0.49170202016830444], "cam_t_m2c": [168.09268188476562, 34.35890197753906, 1073.5478515625], "obj_id": 3}, {"cam_R_m2c": [-0.009952640160918236, 0.09181084483861923, -0.9957265257835388, -0.9548924565315247, 0.29467299580574036, 0.036714937537908554, 0.2967844009399414, 0.9511773586273193, 0.08473686128854752], "cam_t_m2c": [259.9890441894531, 40.59503173828125, 1063.97216796875], "obj_id": 3}, {"cam_R_m2c": [-0.5745770335197449, -0.1857472062110901, -0.79709392786026, -0.6593568325042725, 0.682031512260437, 0.3163566291332245, 0.48488080501556396, 0.7073407173156738, -0.5143532752990723], "cam_t_m2c": [172.53775024414062, -11.088366508483887, 1028.488525390625], "obj_id": 3}, {"cam_R_m2c": [-0.3719029724597931, -0.8877578377723694, -0.2712455689907074, -0.8462695479393005, 0.4443313181400299, -0.29393452405929565, 0.3814655840396881, 0.1202317401766777, -0.9165305495262146], "cam_t_m2c": [356.19158935546875, -308.77545166015625, 910.5191040039062], "obj_id": 3}, {"cam_R_m2c": [0.6535136103630066, -0.5150126814842224, 0.5546907186508179, -0.6485244631767273, -0.7588660717010498, 0.059481531381607056, 0.39030230045318604, -0.39860254526138306, -0.8299276828765869], "cam_t_m2c": [112.03277587890625, -183.4563751220703, 1057.4700927734375], "obj_id": 3}, {"cam_R_m2c": [-0.11524027585983276, -0.8749523758888245, 0.47029557824134827, -0.4051983654499054, -0.39086294174194336, -0.8264625668525696, 0.906936526298523, -0.285804808139801, -0.3094860911369324], "cam_t_m2c": [131.79803466796875, -398.50177001953125, 1186.3319091796875], "obj_id": 3}, {"cam_R_m2c": [0.6927325129508972, -0.6711793541908264, -0.2638937532901764, -0.22966259717941284, -0.5521630048751831, 0.8014805316925049, -0.6836495995521545, -0.49460509419441223, -0.5366460680961609], "cam_t_m2c": [109.39794158935547, -73.36813354492188, 1310.07958984375], "obj_id": 1}, {"cam_R_m2c": [-0.9001947641372681, -0.37481990456581116, 0.22171911597251892, 0.33758723735809326, -0.9222401976585388, -0.18843528628349304, 0.27510756254196167, -0.09477892518043518, 0.9567302465438843], "cam_t_m2c": [416.64935302734375, -213.60556030273438, 1029.06591796875], "obj_id": 1}, {"cam_R_m2c": [-0.004785778000950813, 0.976621150970459, -0.21491393446922302, 0.6626355051994324, 0.16405582427978516, 0.7307528257369995, 0.74892657995224, -0.13891230523586273, -0.6479289531707764], "cam_t_m2c": [192.80499267578125, -78.12429809570312, 956.97509765625], "obj_id": 1}, {"cam_R_m2c": [-0.05254701152443886, -0.05131770297884941, -0.9972990155220032, -0.9457976222038269, -0.31793931126594543, 0.06619350612163544, -0.3204774260520935, 0.9467212557792664, -0.03182944655418396], "cam_t_m2c": [430.57904052734375, -308.6065979003906, 960.0180053710938], "obj_id": 1}, {"cam_R_m2c": [-0.745979368686676, -0.39597252011299133, 0.5354629755020142, -0.007645661476999521, 0.809074878692627, 0.587655782699585, -0.6659252047538757, 0.43428513407707214, -0.6065806746482849], "cam_t_m2c": [82.97444915771484, -46.931640625, 1265.4461669921875], "obj_id": 1}, {"cam_R_m2c": [-0.7588145732879639, 0.65129554271698, -0.0038002326618880033, -0.641753613948822, -0.7486675977706909, -0.16627992689609528, -0.11114249378442764, -0.12373682856559753, 0.9860712885856628], "cam_t_m2c": [-13.523171424865723, -260.1436462402344, 1120.9022216796875], "obj_id": 1}, {"cam_R_m2c": [0.6950907707214355, -0.6808538436889648, -0.23083946108818054, 0.3617734909057617, 0.05378550663590431, 0.9307132363319397, -0.621263861656189, -0.7304418087005615, 0.2837006747722626], "cam_t_m2c": [44.5528678894043, -10.484715461730957, 1168.4859619140625], "obj_id": 1}, {"cam_R_m2c": [0.9737177491188049, -0.12382559478282928, 0.19115692377090454, 0.051502227783203125, 0.9372661113739014, 0.3447894752025604, -0.2218586653470993, -0.32588261365890503, 0.9190099239349365], "cam_t_m2c": [349.9459533691406, -275.0677490234375, 1163.172119140625], "obj_id": 1}, {"cam_R_m2c": [0.7468960881233215, 0.5634807348251343, -0.35303783416748047, -0.6289652585983276, 0.7709574103355408, -0.10013680160045624, 0.21575196087360382, 0.2968403398990631, 0.9302348494529724], "cam_t_m2c": [229.94107055664062, -321.3612060546875, 1152.434326171875], "obj_id": 1}, {"cam_R_m2c": [-0.12842831015586853, 0.08569230139255524, -0.9880096912384033, -0.44263073801994324, 0.8865700960159302, 0.134430393576622, 0.8874594569206238, 0.4545880854129791, -0.075930655002594], "cam_t_m2c": [83.00800323486328, -89.6791763305664, 1288.2899169921875], "obj_id": 1}, {"cam_R_m2c": [0.6490537524223328, 0.18549135327339172, 0.7377819418907166, 0.43217548727989197, -0.8880290389060974, -0.15693436563014984, 0.6260619163513184, 0.42071011662483215, -0.6565433144569397], "cam_t_m2c": [289.6513366699219, -140.55946350097656, 929.8947143554688], "obj_id": 1}, {"cam_R_m2c": [-0.900902271270752, 0.11583113670349121, -0.41828012466430664, 0.39644116163253784, 0.6118850111961365, -0.6844202876091003, 0.17666217684745789, -0.7824192047119141, -0.5971688628196716], "cam_t_m2c": [372.3759765625, -88.39533233642578, 1174.2613525390625], "obj_id": 1}, {"cam_R_m2c": [-0.7582374811172485, -0.6228687167167664, 0.1926409751176834, 0.36225950717926025, -0.15682648122310638, 0.9187891483306885, -0.5420737862586975, 0.7664464116096497, 0.34455180168151855], "cam_t_m2c": [-22.044403076171875, -39.81258773803711, 1209.8060302734375], "obj_id": 1}, {"cam_R_m2c": [-0.2547122538089752, -0.9627258777618408, -0.09099693596363068, 0.9667936563491821, -0.2555449903011322, -0.002576126018539071, -0.020773712545633316, -0.08863143622875214, 0.9958478212356567], "cam_t_m2c": [207.13209533691406, -423.55694580078125, 1172.3641357421875], "obj_id": 1}, {"cam_R_m2c": [-0.3610832095146179, -0.36649540066719055, 0.8574962615966797, -0.2719821035861969, -0.8381654024124146, -0.4727623760700226, 0.8919890522956848, -0.4039302468299866, 0.20296745002269745], "cam_t_m2c": [331.749267578125, 24.3404483795166, 1091.1405029296875], "obj_id": 1}, {"cam_R_m2c": [-0.024285247549414635, -0.9490973353385925, 0.31404489278793335, 0.7886120676994324, -0.2112540453672409, -0.5774621367454529, 0.6144111156463623, 0.23363573849201202, 0.7536001801490784], "cam_t_m2c": [389.0384216308594, -103.08042907714844, 1087.60791015625], "obj_id": 1}, {"cam_R_m2c": [-0.8472253680229187, -0.3092711567878723, -0.4319263696670532, 0.09840144217014313, 0.7076302170753479, -0.6996974945068359, 0.5220404267311096, -0.6353037357330322, -0.5690895318984985], "cam_t_m2c": [167.08189392089844, -57.31853485107422, 1010.5745849609375], "obj_id": 1}, {"cam_R_m2c": [0.692744791507721, -0.6731822490692139, -0.25870898365974426, 0.4572708010673523, 0.1326044499874115, 0.8793858289718628, -0.5576809644699097, -0.7274900078773499, 0.39968764781951904], "cam_t_m2c": [251.2216339111328, -7.167036533355713, 1170.1900634765625], "obj_id": 1}, {"cam_R_m2c": [-0.28758910298347473, 0.9188268780708313, -0.2702767252922058, -0.864422619342804, -0.1275051087141037, 0.48632898926734924, 0.41239050030708313, 0.37349629402160645, 0.8309239149093628], "cam_t_m2c": [328.4219970703125, -60.23320770263672, 1063.915771484375], "obj_id": 1}, {"cam_R_m2c": [0.4412454664707184, 0.3080592155456543, -0.8428534865379333, 0.3539907932281494, -0.9228198528289795, -0.15196748077869415, -0.8246168494224548, -0.23130738735198975, -0.5162402391433716], "cam_t_m2c": [378.80718994140625, -406.4286804199219, 1127.0615234375], "obj_id": 1}, {"cam_R_m2c": [0.01083044707775116, 0.5589218139648438, 0.829149603843689, -0.9649516344070435, 0.22327381372451782, -0.13790245354175568, -0.26220405101776123, -0.7985957264900208, 0.5417507290840149], "cam_t_m2c": [141.5980682373047, -293.2823486328125, 1179.651123046875], "obj_id": 1}, {"cam_R_m2c": [0.3211444616317749, 0.9416899085044861, -0.10043077915906906, 0.6842883229255676, -0.15742667019367218, 0.712015688419342, 0.6546875238418579, -0.29738351702690125, -0.6949440836906433], "cam_t_m2c": [192.3128204345703, -190.39906311035156, 1035.796142578125], "obj_id": 1}, {"cam_R_m2c": [-0.0929652526974678, 0.33109790086746216, -0.9390055537223816, -0.0069701154716312885, 0.9428503513336182, 0.3331436216831207, 0.9956448674201965, 0.037515789270401, -0.08534452319145203], "cam_t_m2c": [290.9697570800781, -323.39691162109375, 1243.033447265625], "obj_id": 1}, {"cam_R_m2c": [-0.1176941990852356, -0.8715295195579529, 0.47600865364074707, -0.9130311012268066, -0.09354326874017715, -0.39701855182647705, 0.39054083824157715, -0.4813375473022461, -0.7847240567207336], "cam_t_m2c": [374.838134765625, -314.8505859375, 1068.6761474609375], "obj_id": 1}, {"cam_R_m2c": [0.8410325050354004, 0.5155624151229858, 0.16388945281505585, -0.19330044090747833, 0.0034419207368046045, 0.9811335206031799, 0.5052714943885803, -0.8568450808525085, 0.10255321115255356], "cam_t_m2c": [314.8296203613281, -311.74017333984375, 1291.5411376953125], "obj_id": 1}, {"cam_R_m2c": [-0.8290480375289917, -0.5388818383216858, 0.14928238093852997, -0.5549797415733337, 0.760312557220459, -0.3375236988067627, 0.06838414818048477, -0.3626721501350403, -0.9294041395187378], "cam_t_m2c": [259.7127685546875, -308.811767578125, 1248.5501708984375], "obj_id": 1}, {"cam_R_m2c": [-0.3968222737312317, 0.3265858292579651, 0.857830822467804, -0.8970150351524353, -0.3361808955669403, -0.2869606018066406, 0.19466908276081085, -0.8833595514297485, 0.4263564944267273], "cam_t_m2c": [256.0108642578125, -34.365875244140625, 1088.608154296875], "obj_id": 1}, {"cam_R_m2c": [0.607702910900116, 0.7436278462409973, 0.2787736654281616, 0.5915487408638, -0.18964506685733795, -0.7836483716964722, -0.5298747420310974, 0.6411336064338684, -0.55513995885849], "cam_t_m2c": [63.91006088256836, -172.1590576171875, 1050.649658203125], "obj_id": 1}, {"cam_R_m2c": [-0.8137871623039246, 0.014647534117102623, -0.580978274345398, -0.5447377562522888, -0.3675740659236908, 0.7537572383880615, -0.20251190662384033, 0.929878830909729, 0.30710625648498535], "cam_t_m2c": [125.43161010742188, -213.28440856933594, 947.5592651367188], "obj_id": 1}, {"cam_R_m2c": [0.024319490417838097, 0.8162332773208618, -0.5772103071212769, -0.9236844778060913, 0.23919139802455902, 0.2993232309818268, 0.3823813199996948, 0.5258808135986328, 0.7597590684890747], "cam_t_m2c": [192.6317138671875, -255.49156188964844, 1166.9735107421875], "obj_id": 1}, {"cam_R_m2c": [-0.7952340841293335, -0.5640811920166016, -0.2222951203584671, 0.6034120917320251, -0.7005707621574402, -0.3809126317501068, 0.05913219600915909, -0.4370502829551697, 0.8974912166595459], "cam_t_m2c": [237.31988525390625, -348.36773681640625, 1033.2640380859375], "obj_id": 1}, {"cam_R_m2c": [0.91319340467453, -0.26112666726112366, 0.31287479400634766, 0.2040102332830429, -0.3716907501220703, -0.9056631326675415, 0.35278549790382385, 0.8908752799034119, -0.28615301847457886], "cam_t_m2c": [382.3320007324219, -59.80302810668945, 1078.390625], "obj_id": 1}, {"cam_R_m2c": [0.9846577644348145, -0.1648009717464447, 0.05735620856285095, 0.17059844732284546, 0.9782605767250061, -0.11790850013494492, -0.03667788207530975, 0.12588439881801605, 0.9913666844367981], "cam_t_m2c": [391.7485656738281, -91.06910705566406, 1210.1434326171875], "obj_id": 1}, {"cam_R_m2c": [0.11560750752687454, -0.88276606798172, -0.4553668200969696, 0.2576923072338104, 0.46939921379089355, -0.8445466756820679, 0.9592859745025635, -0.019708584994077682, 0.28174808621406555], "cam_t_m2c": [184.0016326904297, -66.81035614013672, 1016.1620483398438], "obj_id": 1}, {"cam_R_m2c": [-0.9297567009925842, 0.31872400641441345, 0.1843016892671585, 0.015077996999025345, 0.5331258177757263, -0.8459015488624573, -0.3678651452064514, -0.7837038636207581, -0.5004829168319702], "cam_t_m2c": [286.22027587890625, -288.31207275390625, 962.0744018554688], "obj_id": 1}, {"cam_R_m2c": [-0.2212742567062378, 0.48820802569389343, -0.8442100286483765, 0.7947637438774109, 0.5919400453567505, 0.1340058594942093, 0.5651444792747498, -0.6412954926490784, -0.5189911127090454], "cam_t_m2c": [175.79364013671875, -374.8883361816406, 1200.74267578125], "obj_id": 1}, {"cam_R_m2c": [-0.7648438215255737, -0.47882363200187683, -0.43097779154777527, -0.5405233502388, 0.8409595489501953, 0.02493084780871868, 0.35049742460250854, 0.25202175974845886, -0.9020180702209473], "cam_t_m2c": [247.11029052734375, -5.007753849029541, 1119.312744140625], "obj_id": 1}, {"cam_R_m2c": [0.7200760245323181, 0.5496523976325989, -0.4235242009162903, -0.6813706755638123, 0.44465354084968567, -0.5813924670219421, -0.13124224543571472, 0.7072237730026245, 0.6947013735771179], "cam_t_m2c": [243.88902282714844, -287.8705139160156, 1307.1036376953125], "obj_id": 1}, {"cam_R_m2c": [-0.6326130628585815, -0.7561683058738708, 0.167362779378891, -0.5565264821052551, 0.2935660779476166, -0.7772369384765625, 0.5385898947715759, -0.5848320126533508, -0.6065414547920227], "cam_t_m2c": [423.02935791015625, -374.7574157714844, 1118.739990234375], "obj_id": 1}, {"cam_R_m2c": [-0.041877083480358124, -0.7768486142158508, 0.6282932162284851, -0.9739068746566772, -0.10864832997322083, -0.19925062358379364, 0.22305065393447876, -0.6202431917190552, -0.7520282864570618], "cam_t_m2c": [168.7081756591797, -372.6935729980469, 1153.966796875], "obj_id": 1}, {"cam_R_m2c": [-0.6818459630012512, -0.5832105278968811, 0.44153323769569397, 0.19504640996456146, 0.4367978274822235, 0.878159761428833, -0.7050127983093262, 0.6848891377449036, -0.1840757429599762], "cam_t_m2c": [136.89898681640625, -93.75492095947266, 1083.93310546875], "obj_id": 1}, {"cam_R_m2c": [-0.19599540531635284, 0.5976873636245728, 0.7774031162261963, -0.5128474831581116, -0.7381930351257324, 0.43824484944343567, 0.8358069658279419, -0.3127952814102173, 0.45120492577552795], "cam_t_m2c": [244.6976776123047, -220.24559020996094, 1100.0648193359375], "obj_id": 1}, {"cam_R_m2c": [-0.503566324710846, -0.30163657665252686, 0.8095901012420654, 0.23232930898666382, -0.9498332738876343, -0.20937909185886383, 0.83213210105896, 0.08265523612499237, 0.5483832955360413], "cam_t_m2c": [378.1175537109375, -256.83331298828125, 1058.9095458984375], "obj_id": 1}, {"cam_R_m2c": [0.22680190205574036, 0.9700101017951965, -0.0874142125248909, -0.5177518725395203, 0.19610263407230377, 0.8327524662017822, 0.8249204754829407, -0.14361092448234558, 0.5467010140419006], "cam_t_m2c": [171.52354431152344, -57.239654541015625, 1108.0057373046875], "obj_id": 1}, {"cam_R_m2c": [-0.5492144227027893, 0.6001366972923279, -0.5815489888191223, -0.3282989263534546, -0.7948949337005615, -0.5102564692497253, -0.7684940695762634, -0.08931832015514374, 0.6335921883583069], "cam_t_m2c": [65.81683349609375, -86.0467300415039, 1181.182373046875], "obj_id": 1}, {"cam_R_m2c": [0.693491518497467, -0.6187859773635864, -0.36901676654815674, -0.7203625440597534, -0.6041622161865234, -0.3406842350959778, -0.012135369703173637, 0.5020875334739685, -0.8647316694259644], "cam_t_m2c": [344.3282470703125, -320.70745849609375, 1084.8408203125], "obj_id": 1}, {"cam_R_m2c": [-0.7270846962928772, -0.015477627515792847, -0.6863731741905212, 0.6399744153022766, -0.3772258758544922, -0.6694275140762329, -0.24855662882328033, -0.9259918928146362, 0.28418058156967163], "cam_t_m2c": [243.3481903076172, -289.1055908203125, 1258.92919921875], "obj_id": 1}, {"cam_R_m2c": [0.3502388298511505, -0.7452031970024109, -0.5674547553062439, -0.9119005799293518, -0.1329076588153839, -0.3882947564125061, 0.21393939852714539, 0.6534581780433655, -0.7261006236076355], "cam_t_m2c": [126.63507080078125, -64.78727722167969, 1096.6357421875], "obj_id": 1}, {"cam_R_m2c": [-0.6284877061843872, 0.7757409811019897, -0.05682521313428879, 0.16693709790706635, 0.20588141679763794, 0.9642327427864075, 0.7596941590309143, 0.5965222120285034, -0.2588938772678375], "cam_t_m2c": [271.3337707519531, -230.14694213867188, 890.5316162109375], "obj_id": 1}, {"cam_R_m2c": [0.22726407647132874, 0.04199618846178055, -0.9729272127151489, 0.49445927143096924, -0.8656820058822632, 0.07813277095556259, -0.8389642834663391, -0.4988296627998352, -0.2175038605928421], "cam_t_m2c": [389.1640625, -367.064208984375, 1105.1932373046875], "obj_id": 1}, {"cam_R_m2c": [0.7341673374176025, -0.11496090143918991, -0.6691653728485107, 0.6271729469299316, -0.26272690296173096, 0.7332316637039185, -0.26010072231292725, -0.9579971432685852, -0.12078515440225601], "cam_t_m2c": [427.6605529785156, -328.7049560546875, 1135.68994140625], "obj_id": 1}, {"cam_R_m2c": [0.21608148515224457, 0.6635617017745972, -0.7162365317344666, -0.89518141746521, -0.15823706984519958, -0.416667103767395, -0.3898194134235382, 0.7311956286430359, 0.5598158836364746], "cam_t_m2c": [372.3189392089844, -326.6579895019531, 922.3805541992188], "obj_id": 1}, {"cam_R_m2c": [0.2159970998764038, -0.13239027559757233, 0.9673768877983093, -0.5277701616287231, 0.8177244067192078, 0.22975075244903564, -0.821464478969574, -0.5601781606674194, 0.10675447434186935], "cam_t_m2c": [378.1112365722656, -249.7798614501953, 1055.4224853515625], "obj_id": 1}, {"cam_R_m2c": [-0.2457141876220703, 0.8648635149002075, -0.4377618134021759, -0.26604771614074707, 0.37409403920173645, 0.8884099125862122, 0.9321174025535583, 0.3347605764865875, 0.1381748467683792], "cam_t_m2c": [352.083984375, -152.84010314941406, 1120.5794677734375], "obj_id": 1}, {"cam_R_m2c": [-0.22588811814785004, 0.4739091396331787, 0.8511078357696533, -0.8133573532104492, -0.5725821852684021, 0.10295304656028748, 0.5361196398735046, -0.6689989566802979, 0.5147970914840698], "cam_t_m2c": [260.6441345214844, 43.6949348449707, 1045.993408203125], "obj_id": 3}, {"cam_R_m2c": [0.6500784158706665, -0.4320653975009918, 0.625074028968811, 0.7000645995140076, 0.02067137509584427, -0.7137802243232727, 0.29547861218452454, 0.9016053080558777, 0.3159117102622986], "cam_t_m2c": [241.92510986328125, -97.29987335205078, 1290.9156494140625], "obj_id": 1}, {"cam_R_m2c": [-0.2675544321537018, 0.9454550743103027, 0.1858205944299698, 0.7521322965621948, 0.32547032833099365, -0.5730323195457458, -0.6022554039955139, -0.013555668294429779, -0.798188328742981], "cam_t_m2c": [220.89834594726562, -297.6403503417969, 893.744384765625], "obj_id": 1}, {"cam_R_m2c": [0.6335731148719788, -0.6487724781036377, -0.4215203821659088, 0.3260851204395294, 0.7179891467094421, -0.6149472594261169, 0.701607882976532, 0.25216251611709595, 0.6664535999298096], "cam_t_m2c": [29.13755226135254, -146.21502685546875, 1104.063232421875], "obj_id": 1}, {"cam_R_m2c": [-0.9344279170036316, -0.171036958694458, 0.3123945891857147, 0.10621216893196106, 0.7034004926681519, 0.7028133869171143, -0.33994555473327637, 0.6899087429046631, -0.639110803604126], "cam_t_m2c": [260.84942626953125, -302.6524353027344, 892.4757690429688], "obj_id": 1}, {"cam_R_m2c": [-0.7727810144424438, 0.12334137409925461, 0.6225723624229431, -0.14661000669002533, -0.9890956282615662, 0.013972657732665539, 0.6175070405006409, -0.08047753572463989, 0.7824374437332153], "cam_t_m2c": [251.12136840820312, 13.989243507385254, 1143.51416015625], "obj_id": 3}, {"cam_R_m2c": [-0.7064856290817261, -0.6330662965774536, -0.3163937032222748, 0.42153528332710266, -0.7355098724365234, 0.5304084420204163, -0.568494439125061, 0.24135486781597137, 0.7864870429039001], "cam_t_m2c": [129.1195831298828, -210.13998413085938, 989.856689453125], "obj_id": 1}, {"cam_R_m2c": [0.11403442919254303, 0.7436515092849731, 0.6587704420089722, 0.5508739352226257, 0.5044910907745361, -0.6648508310317993, -0.8267611861228943, 0.4387153387069702, -0.35212886333465576], "cam_t_m2c": [-6.498833179473877, -240.52304077148438, 1159.6060791015625], "obj_id": 1}, {"cam_R_m2c": [0.5573399066925049, -0.7332033514976501, -0.3895958662033081, 0.8302409648895264, 0.4873506426811218, 0.2705349624156952, -0.008487393148243427, -0.47423839569091797, 0.8803555369377136], "cam_t_m2c": [377.30706787109375, 22.351173400878906, 1123.5428466796875], "obj_id": 1}, {"cam_R_m2c": [-0.18510395288467407, 0.8683628439903259, -0.46008944511413574, 0.9683411717414856, 0.2409639060497284, 0.06520518660545349, 0.16748669743537903, -0.43345382809638977, -0.8854748606681824], "cam_t_m2c": [295.0738830566406, -328.80841064453125, 1295.94677734375], "obj_id": 3}, {"cam_R_m2c": [0.14056971669197083, -0.8208010196685791, 0.5536476373672485, 0.4518349766731262, 0.5507552623748779, 0.7017932534217834, -0.8809570074081421, 0.15150654315948486, 0.44828617572784424], "cam_t_m2c": [195.31161499023438, -358.6178894042969, 1111.0877685546875], "obj_id": 1}, {"cam_R_m2c": [-0.10840249061584473, 0.8669950366020203, 0.4863830506801605, 0.5361287593841553, -0.3610287308692932, 0.7630361318588257, 0.8371468186378479, 0.3434789776802063, -0.42568451166152954], "cam_t_m2c": [474.1156921386719, -11.615335464477539, 1178.8173828125], "obj_id": 1}, {"cam_R_m2c": [-0.34390315413475037, -0.6417280435562134, 0.6855039596557617, 0.05656874179840088, -0.7428650259971619, -0.6670467853546143, 0.9372996091842651, -0.19062142074108124, 0.2917754352092743], "cam_t_m2c": [302.4454345703125, -85.91146850585938, 1213.716796875], "obj_id": 3}, {"cam_R_m2c": [-0.4915541410446167, 0.49856650829315186, 0.714006781578064, -0.17522424459457397, 0.7465060949325562, -0.6418917775154114, -0.8530361652374268, -0.4406359791755676, -0.27958717942237854], "cam_t_m2c": [164.4903106689453, -301.32318115234375, 915.4615478515625], "obj_id": 1}, {"cam_R_m2c": [-0.9254912734031677, -0.1288934350013733, 0.3561631143093109, 0.19454899430274963, 0.6450363993644714, 0.7389713525772095, -0.3249867260456085, 0.7532027959823608, -0.5718994140625], "cam_t_m2c": [124.61293029785156, -298.2959289550781, 1036.5047607421875], "obj_id": 3}, {"cam_R_m2c": [-0.474277138710022, -0.1373516470193863, -0.8695951104164124, 0.7086993455886841, 0.52644944190979, -0.4696767330169678, 0.5223087072372437, -0.8390384316444397, -0.15234190225601196], "cam_t_m2c": [200.45582580566406, 15.606128692626953, 1045.281982421875], "obj_id": 3}, {"cam_R_m2c": [-0.120609350502491, 0.4310647249221802, 0.8942239880561829, 0.44566288590431213, 0.828432559967041, -0.3392404317855835, -0.8870388269424438, 0.3576068878173828, -0.2920262813568115], "cam_t_m2c": [250.84530639648438, -130.0263671875, 1097.7198486328125], "obj_id": 3}, {"cam_R_m2c": [0.8108844757080078, 0.5355015993118286, 0.236017644405365, 0.549406111240387, -0.8355159759521484, 0.00811501033604145, 0.20154212415218353, 0.12308920174837112, -0.9717148542404175], "cam_t_m2c": [259.5662841796875, 41.55543518066406, 1037.2972412109375], "obj_id": 3}, {"cam_R_m2c": [-0.11867566406726837, -0.24002283811569214, 0.963485836982727, 0.7885695099830627, -0.6124413013458252, -0.05544020235538483, 0.6033855080604553, 0.7531961798667908, 0.26195669174194336], "cam_t_m2c": [367.2329406738281, -223.84568786621094, 1043.592041015625], "obj_id": 1}, {"cam_R_m2c": [0.33291563391685486, -0.7772543430328369, -0.5338940620422363, 0.5108774900436401, -0.3272220194339752, 0.794940173625946, -0.7925726175308228, -0.5374024510383606, 0.28814440965652466], "cam_t_m2c": [379.86956787109375, -47.994483947753906, 1243.5311279296875], "obj_id": 3}, {"cam_R_m2c": [-0.2762205898761749, -0.2369501292705536, 0.9314272999763489, 0.7159067392349243, -0.6973224878311157, 0.034911513328552246, 0.6412329077720642, 0.6764583587646484, 0.3622490465641022], "cam_t_m2c": [148.93003845214844, -196.46762084960938, 1199.5467529296875], "obj_id": 3}, {"cam_R_m2c": [-0.21850241720676422, 0.9081236124038696, -0.3571666479110718, 0.9065409302711487, 0.05343775078654289, -0.41872167587280273, -0.3611648976802826, -0.41527795791625977, -0.834927499294281], "cam_t_m2c": [403.83660888671875, -148.03660583496094, 1184.620361328125], "obj_id": 3}, {"cam_R_m2c": [0.627530574798584, -0.5516994595527649, 0.549393355846405, 0.7204488515853882, 0.6790122985839844, -0.14105188846588135, -0.2952265739440918, 0.484324187040329, 0.8235722780227661], "cam_t_m2c": [298.1808166503906, -249.5076904296875, 927.9727783203125], "obj_id": 1}, {"cam_R_m2c": [-0.4461492896080017, -0.432826966047287, 0.783333420753479, 0.8380737900733948, 0.1050172969698906, 0.5353536009788513, -0.31397897005081177, 0.8953390121459961, 0.3158877193927765], "cam_t_m2c": [490.71356201171875, -285.30224609375, 1021.7684326171875], "obj_id": 3}, {"cam_R_m2c": [-0.4967575967311859, 0.43348661065101624, -0.7518783807754517, -0.16626830399036407, 0.8027495741844177, 0.5726673603057861, 0.8518137335777283, 0.4094904661178589, -0.32669687271118164], "cam_t_m2c": [208.35137939453125, -68.02311706542969, 1052.6357421875], "obj_id": 3}, {"cam_R_m2c": [0.26234444975852966, -0.7352473139762878, 0.6249693036079407, 0.35012590885162354, -0.5309917330741882, -0.7716600894927979, 0.8992146849632263, 0.4212586283683777, 0.11812655627727509], "cam_t_m2c": [180.78045654296875, -250.8459930419922, 1180.307373046875], "obj_id": 1}, {"cam_R_m2c": [-0.9139957427978516, 0.3791830837726593, 0.1443318873643875, 0.2196684628725052, 0.16340045630931854, 0.961793065071106, 0.34111180901527405, 0.9107800722122192, -0.23264175653457642], "cam_t_m2c": [434.0675964355469, -180.19288635253906, 1080.521728515625], "obj_id": 1}, {"cam_R_m2c": [0.0412881076335907, -0.9565866589546204, -0.2885085642337799, -0.3115745782852173, 0.26202908158302307, -0.913379430770874, 0.9493241906166077, 0.12760359048843384, -0.28722935914993286], "cam_t_m2c": [412.3706970214844, -277.2574462890625, 955.7579956054688], "obj_id": 1}, {"cam_R_m2c": [0.08490457385778427, 0.9236840605735779, 0.3736295700073242, 0.977075457572937, -0.0037102000787854195, -0.21286103129386902, -0.19523009657859802, 0.38313716650009155, -0.9028240442276001], "cam_t_m2c": [63.41757583618164, -51.32177734375, 1221.893310546875], "obj_id": 1}, {"cam_R_m2c": [-0.13185741007328033, 0.8762129545211792, -0.4635348618030548, 0.9912561774253845, 0.11890482902526855, -0.057209230959415436, 0.004989077802747488, -0.4670252501964569, -0.8842299580574036], "cam_t_m2c": [486.8717956542969, -336.7546691894531, 989.8396606445312], "obj_id": 1}, {"cam_R_m2c": [0.537575900554657, -0.8071528077125549, 0.2439599633216858, -0.8072653412818909, -0.5762245655059814, -0.1276232898235321, 0.24358725547790527, -0.1283332258462906, -0.9613509178161621], "cam_t_m2c": [184.63783264160156, -34.17640686035156, 1092.219970703125], "obj_id": 3}, {"cam_R_m2c": [0.4553619921207428, -0.026286320760846138, 0.8899182677268982, 0.7969769239425659, 0.45756277441978455, -0.39428943395614624, -0.3968290686607361, 0.8887887001037598, 0.22930628061294556], "cam_t_m2c": [240.68081665039062, -116.00442504882812, 980.1843872070312], "obj_id": 3}, {"cam_R_m2c": [0.09490561485290527, 0.7149722576141357, -0.6926813721656799, 0.9337617754936218, -0.30514073371887207, -0.18702396750450134, -0.3450823128223419, -0.6290497779846191, -0.6965733170509338], "cam_t_m2c": [166.49952697753906, -260.7169189453125, 1095.44091796875], "obj_id": 3}, {"cam_R_m2c": [0.8218123912811279, -0.06052732095122337, -0.5665340423583984, -0.08326946943998337, 0.9709052443504333, -0.22451992332935333, 0.5636404752731323, 0.2316882461309433, 0.7928618788719177], "cam_t_m2c": [38.181114196777344, -211.9691925048828, 1070.6405029296875], "obj_id": 1}, {"cam_R_m2c": [-0.751521646976471, 0.6138403415679932, -0.24169273674488068, -0.13953447341918945, -0.5059763789176941, -0.8511863350868225, -0.6447833180427551, -0.6059604287147522, 0.46590399742126465], "cam_t_m2c": [318.4935302734375, -144.6334228515625, 1090.333740234375], "obj_id": 3}, {"cam_R_m2c": [-0.1577884703874588, 0.29332953691482544, 0.9429001212120056, -0.5479490160942078, -0.8203744292259216, 0.1635168045759201, 0.8214954137802124, -0.49086013436317444, 0.290175199508667], "cam_t_m2c": [147.5519256591797, -305.6947937011719, 1159.83740234375], "obj_id": 1}, {"cam_R_m2c": [-0.5647393465042114, -0.659599244594574, 0.49598193168640137, 0.20566439628601074, 0.4695472717285156, 0.8586195111274719, -0.799231767654419, 0.5869021415710449, -0.12951567769050598], "cam_t_m2c": [168.3007049560547, -366.60772705078125, 1074.71142578125], "obj_id": 1}, {"cam_R_m2c": [-0.1313537210226059, -0.39114296436309814, 0.9109079241752625, -0.1495918333530426, 0.9161683320999146, 0.37183046340942383, -0.9799838662147522, -0.08742306381464005, -0.17885389924049377], "cam_t_m2c": [298.3006591796875, -163.12611389160156, 1198.283935546875], "obj_id": 3}, {"cam_R_m2c": [-0.16125749051570892, 0.9332788586616516, -0.3209151327610016, -0.3006977438926697, -0.3561726212501526, -0.8847156763076782, -0.9399876594543457, -0.04616861790418625, 0.33807045221328735], "cam_t_m2c": [281.7657775878906, 48.19493865966797, 971.5540771484375], "obj_id": 3}, {"cam_R_m2c": [-0.09947514533996582, -0.8826783299446106, -0.4593293070793152, -0.4792386591434479, 0.4470518231391907, -0.755297839641571, 0.8720290660858154, 0.14499492943286896, -0.46748411655426025], "cam_t_m2c": [474.64892578125, 11.588545799255371, 1126.1162109375], "obj_id": 3}, {"cam_R_m2c": [0.5046523809432983, -0.7913548350334167, -0.3450845777988434, 0.7324112057685852, 0.18082334101200104, 0.6564119458198547, -0.4570554792881012, -0.5840036273002625, 0.6708501577377319], "cam_t_m2c": [216.31898498535156, -392.9537353515625, 1155.315185546875], "obj_id": 1}, {"cam_R_m2c": [-0.056185927242040634, -0.3131251931190491, -0.9480482935905457, -0.7040196657180786, 0.685725748538971, -0.18476058542728424, 0.7079543471336365, 0.6570637226104736, -0.25897443294525146], "cam_t_m2c": [375.14727783203125, -91.52998352050781, 1256.7952880859375], "obj_id": 1}, {"cam_R_m2c": [-0.2292637676000595, 0.9621883034706116, -0.1470775455236435, -0.5800939798355103, -0.256401389837265, -0.7731425166130066, -0.7816195487976074, -0.09193475544452667, 0.6169431805610657], "cam_t_m2c": [393.48187255859375, -95.54688262939453, 1274.4796142578125], "obj_id": 3}, {"cam_R_m2c": [-0.4436309337615967, -0.5772600173950195, 0.6855378746986389, 0.1462579369544983, -0.8013084530830383, -0.580097496509552, 0.884194552898407, -0.1570838987827301, 0.4399142861366272], "cam_t_m2c": [272.29339599609375, -94.55585479736328, 1037.4954833984375], "obj_id": 3}, {"cam_R_m2c": [-0.5114490389823914, 0.6532990336418152, 0.5582296848297119, 0.6065212488174438, -0.18574073910713196, 0.7730669379234314, 0.6087297797203064, 0.7339624762535095, -0.301242858171463], "cam_t_m2c": [7.702053070068359, -16.70376968383789, 1196.9693603515625], "obj_id": 3}, {"cam_R_m2c": [0.7219724655151367, 0.2314281463623047, -0.6520711183547974, 0.518670380115509, -0.8047758340835571, 0.28864625096321106, -0.4579702615737915, -0.5466046333312988, -0.7010608911514282], "cam_t_m2c": [171.30258178710938, 29.513500213623047, 1081.16943359375], "obj_id": 3}, {"cam_R_m2c": [0.9469296932220459, 0.31871098279953003, -0.04180276393890381, -0.2943860590457916, 0.9120867848396301, 0.2853674292564392, 0.1290774792432785, -0.25791674852371216, 0.9575061202049255], "cam_t_m2c": [228.32908630371094, -346.53094482421875, 1242.9813232421875], "obj_id": 3}, {"cam_R_m2c": [-0.690900981426239, 0.6385419368743896, -0.3389984667301178, -0.6562929749488831, -0.3573080003261566, 0.6645378470420837, 0.3032084107398987, 0.6816121935844421, 0.6659350395202637], "cam_t_m2c": [174.1590576171875, -144.63563537597656, 1160.293701171875], "obj_id": 3}, {"cam_R_m2c": [-0.9354602098464966, 0.3398914337158203, -0.09689128398895264, 0.12559664249420166, 0.06344199180603027, -0.9900507926940918, -0.33036279678344727, -0.9383223652839661, -0.10203665494918823], "cam_t_m2c": [224.66395568847656, -394.67205810546875, 1100.36181640625], "obj_id": 3}, {"cam_R_m2c": [0.30060818791389465, -0.6814355254173279, 0.6672933101654053, 0.5049479007720947, 0.707263171672821, 0.49477913975715637, -0.8091120719909668, 0.18821369111537933, 0.5566985011100769], "cam_t_m2c": [231.41989135742188, -87.1807632446289, 1302.6812744140625], "obj_id": 1}, {"cam_R_m2c": [-0.82150799036026, 0.1590147167444229, 0.5475754737854004, -0.47586381435394287, -0.7202572822570801, -0.5047604441642761, 0.31413090229034424, -0.6752361059188843, 0.6673664450645447], "cam_t_m2c": [340.67596435546875, -399.6352844238281, 1199.1680908203125], "obj_id": 3}, {"cam_R_m2c": [-0.06838437169790268, 0.7913976311683655, -0.607464611530304, -0.23274332284927368, 0.5794340372085571, 0.7810804843902588, 0.9701309204101562, 0.194797083735466, 0.1445683240890503], "cam_t_m2c": [164.04408264160156, -211.99407958984375, 1135.843017578125], "obj_id": 1}, {"cam_R_m2c": [-0.17488440871238708, 0.3913312554359436, 0.9034795165061951, -0.9653972387313843, -0.24844785034656525, -0.07925751060247421, 0.1934516429901123, -0.8860775232315063, 0.42123985290527344], "cam_t_m2c": [160.18931579589844, 8.584251403808594, 1077.467041015625], "obj_id": 3}, {"cam_R_m2c": [0.7108219861984253, -0.5246326327323914, -0.4685004651546478, -0.2730218470096588, -0.8196505308151245, 0.503618597984314, -0.648221492767334, -0.2300722599029541, -0.7258617281913757], "cam_t_m2c": [164.69699096679688, -261.4171447753906, 952.8120727539062], "obj_id": 3}, {"cam_R_m2c": [-0.7611704468727112, 0.5298486948013306, 0.3740052282810211, 0.5726587176322937, 0.2783878445625305, 0.7710785865783691, 0.30443647503852844, 0.8010995984077454, -0.5153231024742126], "cam_t_m2c": [189.8072967529297, -293.4959411621094, 972.4374389648438], "obj_id": 1}, {"cam_R_m2c": [-0.7934199571609497, -0.2027158886194229, -0.573925793170929, 0.33072909712791443, -0.9351534843444824, -0.12690944969654083, -0.5109822154045105, -0.2905064821243286, 0.8090136647224426], "cam_t_m2c": [400.1194152832031, -3