{
  "0": [{"cam_R_m2c": [-0.9143733382225037, 0.2293083369731903, 0.33367520570755005, 0.3796105980873108, 0.7721195220947266, 0.5096344351768494, -0.1407737135887146, 0.5926627516746521, -0.793053388595581], "cam_t_m2c": [-265.8861389160156, 90.83238220214844, 679.820068359375], "obj_id": 3}, {"cam_R_m2c": [-0.8698082566261292, 0.15384738147258759, 0.46879029273986816, -0.48480603098869324, -0.09004242718219757, -0.8699743151664734, -0.09163224697113037, -0.9839833378791809, 0.1529058963060379], "cam_t_m2c": [-165.4669647216797, -52.284847259521484, 765.7651977539062], "obj_id": 2}, {"cam_R_m2c": [0.3636058568954468, 0.4170211851596832, -0.8329970836639404, -0.06658384203910828, 0.9035499095916748, 0.4232778251171112, 0.9291702508926392, -0.09844215959310532, 0.3563029170036316], "cam_t_m2c": [-328.56060791015625, 202.05694580078125, 917.2341918945312], "obj_id": 2}, {"cam_R_m2c": [-0.1541537642478943, 0.18573303520679474, -0.9704326391220093, 0.9076257944107056, 0.4147487282752991, -0.06479746103286743, 0.3904505670070648, -0.8907786011695862, -0.23251108825206757], "cam_t_m2c": [-81.13813018798828, 309.8447265625, 763.1170043945312], "obj_id": 0}],
  "1": [{"cam_R_m2c": [-0.9901098608970642, 0.1280919462442398, -0.05722552910447121, 0.12185361981391907, 0.9873241186141968, 0.10169924795627594, 0.06952700018882751, 0.09372029453516006, -0.9931678771972656], "cam_t_m2c": [-285.8504638671875, 11.41867446899414, 971.8451538085938], "obj_id": 3}, {"cam_R_m2c": [-0.6718822121620178, -0.08807696402072906, 0.7354022860527039, -0.5913211703300476, -0.534101665019989, -0.6042138934135437, 0.4459969997406006, -0.8408195972442627, 0.306771844625473], "cam_t_m2c": [-127.73704528808594, -54.825843811035156, 1064.1741943359375], "obj_id": 2}, {"cam_R_m2c": [0.5955188274383545, 0.07957305014133453, -0.7993906140327454, 0.44968199729919434, 0.7915573716163635, 0.41379106044769287, 0.6656901240348816, -0.6058919429779053, 0.4356047511100769], "cam_t_m2c": [-315.4608459472656, 213.5227508544922, 1147.6324462890625], "obj_id": 2}, {"cam_R_m2c": [-0.31720244884490967, -0.1891113966703415, -0.9293111562728882, 0.9482657313346863, -0.04959915578365326, -0.3135790526866913, 0.013208233751356602, -0.9807021021842957, 0.19506098330020905], "cam_t_m2c": [-162.08743286132812, 268.1343994140625, 882.9977416992188], "obj_id": 0}]
}