{
  "0": [{"cam_R_m2c": [0.8770346641540527, 0.47136813402175903, -0.09285592287778854, 0.4464675784111023, -0.7282964587211609, 0.5198565721511841, 0.17741717398166656, -0.49738937616348267, -0.8491918444633484], "cam_t_m2c": [-28.93157196044922, -6.658169746398926, 827.5498657226562], "obj_id": 3}, {"cam_R_m2c": [0.2692641615867615, -0.5168081521987915, 0.8126537203788757, 0.003219004487618804, -0.8433312773704529, -0.5373842120170593, 0.9630609154701233, 0.14731422066688538, -0.2254152148962021], "cam_t_m2c": [-47.998897552490234, 71.96678161621094, 865.457763671875], "obj_id": 1}, {"cam_R_m2c": [0.15767015516757965, -0.48815444111824036, -0.8583968877792358, 0.9797627925872803, 0.1858779639005661, 0.07425720989704132, 0.12330801039934158, -0.8527335524559021, 0.5075830817222595], "cam_t_m2c": [-228.8932342529297, 112.88668823242188, 1073.187744140625], "obj_id": 2}, {"cam_R_m2c": [-0.7354138493537903, -0.6363994479179382, -0.23272766172885895, -0.625612199306488, 0.769622802734375, -0.12763255834579468, 0.26033779978752136, 0.05173451825976372, -0.9641305208206177], "cam_t_m2c": [-56.688724517822266, 120.0978012084961, 952.7493286132812], "obj_id": 3}],
  "1": [{"cam_R_m2c": [0.12172232568264008, -0.4654136598110199, 0.8766834139823914, -0.5215757489204407, -0.7814658880233765, -0.34244686365127563, 0.8444775938987732, -0.4155733585357666, -0.337870329618454], "cam_t_m2c": [-7.52042818069458, 30.91782569885254, 976.0253295898438], "obj_id": 3}, {"cam_R_m2c": [-0.5227463841438293, -0.6881445050239563, -0.5031833648681641, 0.35199159383773804, 0.3633570373058319, -0.8625970482826233, 0.7764266729354858, -0.6280357241630554, 0.05227741599082947], "cam_t_m2c": [44.34153747558594, 80.82754516601562, 1029.2283935546875], "obj_id": 1}, {"cam_R_m2c": [0.74068683385849, 0.6715582013130188, -0.01981407403945923, 0.10223322361707687, -0.08351047337055206, 0.9912489056587219, 0.6640266180038452, -0.736230731010437, -0.13051067292690277], "cam_t_m2c": [12.089635848999023, 352.9155578613281, 1079.05322265625], "obj_id": 2}, {"cam_R_m2c": [-0.5164109468460083, 0.7515113353729248, 0.4105488359928131, 0.6377238631248474, 0.6574591398239136, -0.40131744742393494, -0.5715137124061584, 0.054572079330682755, -0.8187758922576904], "cam_t_m2c": [43.85392379760742, 146.6690216064453, 1104.5360107421875], "obj_id": 3}]
}