{
  "0": [{"cam_R_m2c": [0.9766359329223633, 0.2145717442035675, 0.011883391998708248, 0.1517951637506485, -0.6496492624282837, -0.7449255585670471, -0.1521199345588684, 0.7293248772621155, -0.6670417189598083], "cam_t_m2c": [-44.14491653442383, -15.252142906188965, 678.765625], "obj_id": 1}, {"cam_R_m2c": [0.9766359329223633, 0.2145717442035675, 0.011883391998708248, 0.1517951637506485, -0.6496492624282837, -0.7449255585670471, -0.1521199345588684, 0.7293248772621155, -0.6670417189598083], "cam_t_m2c": [-44.14491653442383, -15.252142906188965, 678.765625], "obj_id": 0}, {"cam_R_m2c": [0.9766359329223633, 0.2145717442035675, 0.011883391998708248, 0.1517951637506485, -0.6496492624282837, -0.7449255585670471, -0.1521199345588684, 0.7293248772621155, -0.6670417189598083], "cam_t_m2c": [-44.14491653442383, -15.252142906188965, 678.765625], "obj_id": 2}, {"cam_R_m2c": [0.9766359329223633, 0.2145717442035675, 0.011883391998708248, 0.1517951637506485, -0.6496492624282837, -0.7449255585670471, -0.1521199345588684, 0.7293248772621155, -0.6670417189598083], "cam_t_m2c": [-44.14491653442383, -15.252142906188965, 678.765625], "obj_id": 1}, {"cam_R_m2c": [0.9766359329223633, 0.2145717442035675, 0.011883391998708248, 0.1517951637506485, -0.6496492624282837, -0.7449255585670471, -0.1521199345588684, 0.7293248772621155, -0.6670417189598083], "cam_t_m2c": [-44.14491653442383, -15.252142906188965, 678.765625], "obj_id": 3}, {"cam_R_m2c": [0.9766359329223633, 0.2145717442035675, 0.011883391998708248, 0.1517951637506485, -0.6496492624282837, -0.7449255585670471, -0.1521199345588684, 0.7293248772621155, -0.6670417189598083], "cam_t_m2c": [-44.14491653442383, -15.252142906188965, 678.765625], "obj_id": 1}, {"cam_R_m2c": [0.9766359329223633, 0.2145717442035675, 0.011883391998708248, 0.1517951637506485, -0.6496492624282837, -0.7449255585670471, -0.1521199345588684, 0.7293248772621155, -0.6670417189598083], "cam_t_m2c": [-44.14491653442383, -15.252142906188965, 678.765625], "obj_id": 0}, {"cam_R_m2c": [0.9766359329223633, 0.2145717442035675, 0.011883391998708248, 0.1517951637506485, -0.6496492624282837, -0.7449255585670471, -0.1521199345588684, 0.7293248772621155, -0.6670417189598083], "cam_t_m2c": [-44.14491653442383, -15.252142906188965, 678.765625], "obj_id": 2}, {"cam_R_m2c": [0.9766359329223633, 0.2145717442035675, 0.011883391998708248, 0.1517951637506485, -0.6496492624282837, -0.7449255585670471, -0.1521199345588684, 0.7293248772621155, -0.6670417189598083], "cam_t_m2c": [-44.14491653442383, -15.252142906188965, 678.765625], "obj_id": 3}, {"cam_R_m2c": [0.9766359329223633, 0.2145717442035675, 0.011883391998708248, 0.1517951637506485, -0.6496492624282837, -0.7449255585670471, -0.1521199345588684, 0.7293248772621155, -0.6670417189598083], "cam_t_m2c": [-44.14491653442383, -15.252142906188965, 678.765625], "obj_id": 0}, {"cam_R_m2c": [0.9766359329223633, 0.2145717442035675, 0.011883391998708248, 0.1517951637506485, -0.6496492624282837, -0.7449255585670471, -0.1521199345588684, 0.7293248772621155, -0.6670417189598083], "cam_t_m2c": [-44.14491653442383, -15.252142906188965, 678.765625], "obj_id": 0}, {"cam_R_m2c": [0.9766359329223633, 0.2145717442035675, 0.011883391998708248, 0.1517951637506485, -0.6496492624282837, -0.7449255585670471, -0.1521199345588684, 0.7293248772621155, -0.6670417189598083], "cam_t_m2c": [-44.14491653442383, -15.252142906188965, 678.765625], "obj_id": 2}, {"cam_R_m2c": [-0.388986736536026, 0.09222613275051117, -0.9166151881217957, 0.724680483341217, 0.6449517607688904, -0.24264244735240936, 0.5687946081161499, -0.7586379051208496, -0.31771212816238403], "cam_t_m2c": [-4.591879844665527, 50.357967376708984, 595.5067749023438], "obj_id": 1}, {"cam_R_m2c": [-0.8204335570335388, -0.47371163964271545, -0.32013455033302307, -0.01462774258106947, -0.5423537492752075, 0.8400229215621948, -0.5715547800064087, 0.6938657760620117, 0.4380358159542084], "cam_t_m2c": [-98.94263458251953, -172.4314422607422, 899.452880859375], "obj_id": 2}, {"cam_R_m2c": [0.22005631029605865, 0.5417672395706177, -0.811211109161377, -0.8707385659217834, -0.2658013105392456, -0.41371962428092957, -0.4397607445716858, 0.7973944544792175, 0.41324642300605774], "cam_t_m2c": [-377.5990905761719, -229.97264099121094, 953.3564453125], "obj_id": 3}, {"cam_R_m2c": [-0.9545814394950867, -0.27306896448135376, -0.11919528245925903, 0.19015595316886902, -0.8663356900215149, 0.4618474543094635, -0.229379341006279, 0.4182053506374359, 0.8789137601852417], "cam_t_m2c": [27.547449111938477, 6.979757785797119, 634.573974609375], "obj_id": 4}],
  "1": [{"cam_R_m2c": [0.9766359329223633, 0.2145717442035675, 0.011883391998708248, 0.1517951637506485, -0.6496492624282837, -0.7449255585670471, -0.1521199345588684, 0.7293248772621155, -0.6670417189598083], "cam_t_m2c": [-44.14491653442383, -15.252142906188965, 678.765625], "obj_id": 1}, {"cam_R_m2c": [0.9766359329223633, 0.2145717442035675, 0.011883391998708248, 0.1517951637506485, -0.6496492624282837, -0.7449255585670471, -0.1521199345588684, 0.7293248772621155, -0.6670417189598083], "cam_t_m2c": [-44.14491653442383, -15.252142906188965, 678.765625], "obj_id": 0}, {"cam_R_m2c": [0.9766359329223633, 0.2145717442035675, 0.011883391998708248, 0.1517951637506485, -0.6496492624282837, -0.7449255585670471, -0.1521199345588684, 0.7293248772621155, -0.6670417189598083], "cam_t_m2c": [-44.14491653442383, -15.252142906188965, 678.765625], "obj_id": 2}, {"cam_R_m2c": [0.9766359329223633, 0.2145717442035675, 0.011883391998708248, 0.1517951637506485, -0.6496492624282837, -0.7449255585670471, -0.1521199345588684, 0.7293248772621155, -0.6670417189598083], "cam_t_m2c": [-44.14491653442383, -15.252142906188965, 678.765625], "obj_id": 1}, {"cam_R_m2c": [0.9766359329223633, 0.2145717442035675, 0.011883391998708248, 0.1517951637506485, -0.6496492624282837, -0.7449255585670471, -0.1521199345588684, 0.7293248772621155, -0.6670417189598083], "cam_t_m2c": [-44.14491653442383, -15.252142906188965, 678.765625], "obj_id": 3}, {"cam_R_m2c": [0.9766359329223633, 0.2145717442035675, 0.011883391998708248, 0.1517951637506485, -0.6496492624282837, -0.7449255585670471, -0.1521199345588684, 0.7293248772621155, -0.6670417189598083], "cam_t_m2c": [-44.14491653442383, -15.252142906188965, 678.765625], "obj_id": 1}, {"cam_R_m2c": [0.9766359329223633, 0.2145717442035675, 0.011883391998708248, 0.1517951637506485, -0.6496492624282837, -0.7449255585670471, -0.1521199345588684, 0.7293248772621155, -0.6670417189598083], "cam_t_m2c": [-44.14491653442383, -15.252142906188965, 678.765625], "obj_id": 0}, {"cam_R_m2c": [0.9766359329223633, 0.2145717442035675, 0.011883391998708248, 0.1517951637506485, -0.6496492624282837, -0.7449255585670471, -0.1521199345588684, 0.7293248772621155, -0.6670417189598083], "cam_t_m2c": [-44.14491653442383, -15.252142906188965, 678.765625], "obj_id": 2}, {"cam_R_m2c": [0.9766359329223633, 0.2145717442035675, 0.011883391998708248, 0.1517951637506485, -0.6496492624282837, -0.7449255585670471, -0.1521199345588684, 0.7293248772621155, -0.6670417189598083], "cam_t_m2c": [-44.14491653442383, -15.252142906188965, 678.765625], "obj_id": 3}, {"cam_R_m2c": [0.9766359329223633, 0.2145717442035675, 0.011883391998708248, 0.1517951637506485, -0.6496492624282837, -0.7449255585670471, -0.1521199345588684, 0.7293248772621155, -0.6670417189598083], "cam_t_m2c": [-44.14491653442383, -15.252142906188965, 678.765625], "obj_id": 0}, {"cam_R_m2c": [0.9766359329223633, 0.2145717442035675, 0.011883391998708248, 0.1517951637506485, -0.6496492624282837, -0.7449255585670471, -0.1521199345588684, 0.7293248772621155, -0.6670417189598083], "cam_t_m2c": [-44.14491653442383, -15.252142906188965, 678.765625], "obj_id": 0}, {"cam_R_m2c": [0.9766359329223633, 0.2145717442035675, 0.011883391998708248, 0.1517951637506485, -0.6496492624282837, -0.7449255585670471, -0.1521199345588684, 0.7293248772621155, -0.6670417189598083], "cam_t_m2c": [-44.14491653442383, -15.252142906188965, 678.765625], "obj_id": 2}, {"cam_R_m2c": [-0.388986736536026, 0.09222613275051117, -0.9166151881217957, 0.724680483341217, 0.6449517607688904, -0.24264244735240936, 0.5687946081161499, -0.7586379051208496, -0.31771212816238403], "cam_t_m2c": [-4.591879844665527, 50.357967376708984, 595.5067749023438], "obj_id": 1}, {"cam_R_m2c": [-0.8204335570335388, -0.47371163964271545, -0.32013455033302307, -0.01462774258106947, -0.5423537492752075, 0.8400229215621948, -0.5715547800064087, 0.6938657760620117, 0.4380358159542084], "cam_t_m2c": [-98.94263458251953, -172.4314422607422, 899.452880859375], "obj_id": 2}, {"cam_R_m2c": [0.22005631029605865, 0.5417672395706177, -0.811211109161377, -0.8707385659217834, -0.2658013105392456, -0.41371962428092957, -0.4397607445716858, 0.7973944544792175, 0.41324642300605774], "cam_t_m2c": [-377.5990905761719, -229.97264099121094, 953.3564453125], "obj_id": 3}, {"cam_R_m2c": [-0.9545814394950867, -0.27306896448135376, -0.11919528245925903, 0.19015595316886902, -0.8663356900215149, 0.4618474543094635, -0.229379341006279, 0.4182053506374359, 0.8789137601852417], "cam_t_m2c": [27.547449111938477, 6.979757785797119, 634.573974609375], "obj_id": 4}],
  "2": [{"cam_R_m2c": [0.05413515120744705, 0.9970320463180542, 0.05473943427205086, 0.6598996520042419, 0.005419994704425335, -0.7513341903686523, -0.7494009733200073, 0.07679609954357147, -0.6576476693153381], "cam_t_m2c": [19.073448181152344, -26.77652359008789, 728.1567993164062], "obj_id": 1}, {"cam_R_m2c": [0.05413515120744705, 0.9970320463180542, 0.05473943427205086, 0.6598996520042419, 0.005419994704425335, -0.7513341903686523, -0.7494009733200073, 0.07679609954357147, -0.6576476693153381], "cam_t_m2c": [19.073448181152344, -26.77652359008789, 728.1567993164062], "obj_id": 0}, {"cam_R_m2c": [0.05413515120744705, 0.9970320463180542, 0.05473943427205086, 0.6598996520042419, 0.005419994704425335, -0.7513341903686523, -0.7494009733200073, 0.07679609954357147, -0.6576476693153381], "cam_t_m2c": [19.073448181152344, -26.77652359008789, 728.1567993164062], "obj_id": 2}, {"cam_R_m2c": [0.05413515120744705, 0.9970320463180542, 0.05473943427205086, 0.6598996520042419, 0.005419994704425335, -0.7513341903686523, -0.7494009733200073, 0.07679609954357147, -0.6576476693153381], "cam_t_m2c": [19.073448181152344, -26.77652359008789, 728.1567993164062], "obj_id": 1}, {"cam_R_m2c": [0.05413515120744705, 0.9970320463180542, 0.05473943427205086, 0.6598996520042419, 0.005419994704425335, -0.7513341903686523, -0.7494009733200073, 0.07679609954357147, -0.6576476693153381], "cam_t_m2c": [19.073448181152344, -26.77652359008789, 728.1567993164062], "obj_id": 3}, {"cam_R_m2c": [0.05413515120744705, 0.9970320463180542, 0.05473943427205086, 0.6598996520042419, 0.005419994704425335, -0.7513341903686523, -0.7494009733200073, 0.07679609954357147, -0.6576476693153381], "cam_t_m2c": [19.073448181152344, -26.77652359008789, 728.1567993164062], "obj_id": 1}, {"cam_R_m2c": [0.05413515120744705, 0.9970320463180542, 0.05473943427205086, 0.6598996520042419, 0.005419994704425335, -0.7513341903686523, -0.7494009733200073, 0.07679609954357147, -0.6576476693153381], "cam_t_m2c": [19.073448181152344, -26.77652359008789, 728.1567993164062], "obj_id": 0}, {"cam_R_m2c": [0.05413515120744705, 0.9970320463180542, 0.05473943427205086, 0.6598996520042419, 0.005419994704425335, -0.7513341903686523, -0.7494009733200073, 0.07679609954357147, -0.6576476693153381], "cam_t_m2c": [19.073448181152344, -26.77652359008789, 728.1567993164062], "obj_id": 2}, {"cam_R_m2c": [0.05413515120744705, 0.9970320463180542, 0.05473943427205086, 0.6598996520042419, 0.005419994704425335, -0.7513341903686523, -0.7494009733200073, 0.07679609954357147, -0.6576476693153381], "cam_t_m2c": [19.073448181152344, -26.77652359008789, 728.1567993164062], "obj_id": 3}, {"cam_R_m2c": [0.05413515120744705, 0.9970320463180542, 0.05473943427205086, 0.6598996520042419, 0.005419994704425335, -0.7513341903686523, -0.7494009733200073, 0.07679609954357147, -0.6576476693153381], "cam_t_m2c": [19.073448181152344, -26.77652359008789, 728.1567993164062], "obj_id": 0}, {"cam_R_m2c": [0.05413515120744705, 0.9970320463180542, 0.05473943427205086, 0.6598996520042419, 0.005419994704425335, -0.7513341903686523, -0.7494009733200073, 0.07679609954357147, -0.6576476693153381], "cam_t_m2c": [19.073448181152344, -26.77652359008789, 728.1567993164062], "obj_id": 0}, {"cam_R_m2c": [0.05413515120744705, 0.9970320463180542, 0.05473943427205086, 0.6598996520042419, 0.005419994704425335, -0.7513341903686523, -0.7494009733200073, 0.07679609954357147, -0.6576476693153381], "cam_t_m2c": [19.073448181152344, -26.77652359008789, 728.1567993164062], "obj_id": 2}, {"cam_R_m2c": [-0.20887057483196259, -0.9317851662635803, -0.29689982533454895, 0.4581742286682129, 0.17497609555721283, -0.8714698553085327, 0.863973081111908, -0.31805625557899475, 0.3903726041316986], "cam_t_m2c": [-71.79796600341797, 7.771649360656738, 670.27783203125], "obj_id": 1}, {"cam_R_m2c": [-0.599514365196228, 0.7157579660415649, -0.35815224051475525, -0.7633153796195984, -0.37675103545188904, 0.5247935652732849, 0.2406909465789795, 0.5880044102668762, 0.7722167372703552], "cam_t_m2c": [261.94305419921875, -75.50865173339844, 850.8372802734375], "obj_id": 2}, {"cam_R_m2c": [0.3511037230491638, 0.8698697090148926, 0.34648650884628296, -0.609373152256012, 0.49323439598083496, -0.6207932829856873, -0.7109082937240601, 0.006823278032243252, 0.7032516002655029], "cam_t_m2c": [263.3433837890625, -268.8831787109375, 1066.406982421875], "obj_id": 3}, {"cam_R_m2c": [-0.5411986112594604, 0.8017055988311768, 0.2537159025669098, -0.5758301615715027, -0.5732105374336243, 0.5829655528068542, 0.6127995252609253, 0.16940298676490784, 0.7718673944473267], "cam_t_m2c": [-7.03287410736084, 15.576622009277344, 656.6611328125], "obj_id": 4}],
  "3": [{"cam_R_m2c": [0.05413515120744705, 0.9970320463180542, 0.05473943427205086, 0.6598996520042419, 0.005419994704425335, -0.7513341903686523, -0.7494009733200073, 0.07679609954357147, -0.6576476693153381], "cam_t_m2c": [19.073448181152344, -26.77652359008789, 728.1567993164062], "obj_id": 1}, {"cam_R_m2c": [0.05413515120744705, 0.9970320463180542, 0.05473943427205086, 0.6598996520042419, 0.005419994704425335, -0.7513341903686523, -0.7494009733200073, 0.07679609954357147, -0.6576476693153381], "cam_t_m2c": [19.073448181152344, -26.77652359008789, 728.1567993164062], "obj_id": 0}, {"cam_R_m2c": [0.05413515120744705, 0.9970320463180542, 0.05473943427205086, 0.6598996520042419, 0.005419994704425335, -0.7513341903686523, -0.7494009733200073, 0.07679609954357147, -0.6576476693153381], "cam_t_m2c": [19.073448181152344, -26.77652359008789, 728.1567993164062], "obj_id": 2}, {"cam_R_m2c": [0.05413515120744705, 0.9970320463180542, 0.05473943427205086, 0.6598996520042419, 0.005419994704425335, -0.7513341903686523, -0.7494009733200073, 0.07679609954357147, -0.6576476693153381], "cam_t_m2c": [19.073448181152344, -26.77652359008789, 728.1567993164062], "obj_id": 1}, {"cam_R_m2c": [0.05413515120744705, 0.9970320463180542, 0.05473943427205086, 0.6598996520042419, 0.005419994704425335, -0.7513341903686523, -0.7494009733200073, 0.07679609954357147, -0.6576476693153381], "cam_t_m2c": [19.073448181152344, -26.77652359008789, 728.1567993164062], "obj_id": 3}, {"cam_R_m2c": [0.05413515120744705, 0.9970320463180542, 0.05473943427205086, 0.6598996520042419, 0.005419994704425335, -0.7513341903686523, -0.7494009733200073, 0.07679609954357147, -0.6576476693153381], "cam_t_m2c": [19.073448181152344, -26.77652359008789, 728.1567993164062], "obj_id": 1}, {"cam_R_m2c": [0.05413515120744705, 0.9970320463180542, 0.05473943427205086, 0.6598996520042419, 0.005419994704425335, -0.7513341903686523, -0.7494009733200073, 0.07679609954357147, -0.6576476693153381], "cam_t_m2c": [19.073448181152344, -26.77652359008789, 728.1567993164062], "obj_id": 0}, {"cam_R_m2c": [0.05413515120744705, 0.9970320463180542, 0.05473943427205086, 0.6598996520042419, 0.005419994704425335, -0.7513341903686523, -0.7494009733200073, 0.07679609954357147, -0.6576476693153381], "cam_t_m2c": [19.073448181152344, -26.77652359008789, 728.1567993164062], "obj_id": 2}, {"cam_R_m2c": [0.05413515120744705, 0.9970320463180542, 0.05473943427205086, 0.6598996520042419, 0.005419994704425335, -0.7513341903686523, -0.7494009733200073, 0.07679609954357147, -0.6576476693153381], "cam_t_m2c": [19.073448181152344, -26.77652359008789, 728.1567993164062], "obj_id": 3}, {"cam_R_m2c": [0.05413515120744705, 0.9970320463180542, 0.05473943427205086, 0.6598996520042419, 0.005419994704425335, -0.7513341903686523, -0.7494009733200073, 0.07679609954357147, -0.6576476693153381], "cam_t_m2c": [19.073448181152344, -26.77652359008789, 728.1567993164062], "obj_id": 0}, {"cam_R_m2c": [0.05413515120744705, 0.9970320463180542, 0.05473943427205086, 0.6598996520042419, 0.005419994704425335, -0.7513341903686523, -0.7494009733200073, 0.07679609954357147, -0.6576476693153381], "cam_t_m2c": [19.073448181152344, -26.77652359008789, 728.1567993164062], "obj_id": 0}, {"cam_R_m2c": [0.05413515120744705, 0.9970320463180542, 0.05473943427205086, 0.6598996520042419, 0.005419994704425335, -0.7513341903686523, -0.7494009733200073, 0.07679609954357147, -0.6576476693153381], "cam_t_m2c": [19.073448181152344, -26.77652359008789, 728.1567993164062], "obj_id": 2}, {"cam_R_m2c": [-0.20887057483196259, -0.9317851662635803, -0.29689982533454895, 0.4581742286682129, 0.17497609555721283, -0.8714698553085327, 0.863973081111908, -0.31805625557899475, 0.3903726041316986], "cam_t_m2c": [-71.79796600341797, 7.771649360656738, 670.27783203125], "obj_id": 1}, {"cam_R_m2c": [-0.599514365196228, 0.7157579660415649, -0.35815224051475525, -0.7633153796195984, -0.37675103545188904, 0.5247935652732849, 0.2406909465789795, 0.5880044102668762, 0.7722167372703552], "cam_t_m2c": [261.94305419921875, -75.50865173339844, 850.8372802734375], "obj_id": 2}, {"cam_R_m2c": [0.3511037230491638, 0.8698697090148926, 0.34648650884628296, -0.609373152256012, 0.49323439598083496, -0.6207932829856873, -0.7109082937240601, 0.006823278032243252, 0.7032516002655029], "cam_t_m2c": [263.3433837890625, -268.8831787109375, 1066.406982421875], "obj_id": 3}, {"cam_R_m2c": [-0.5411986112594604, 0.8017055988311768, 0.2537159025669098, -0.5758301615715027, -0.5732105374336243, 0.5829655528068542, 0.6127995252609253, 0.16940298676490784, 0.7718673944473267], "cam_t_m2c": [-7.03287410736084, 15.576622009277344, 656.6611328125], "obj_id": 4}],
  "4": [{"cam_R_m2c": [-0.428721159696579, 0.9022992253303528, -0.04532564803957939, 0.6438876390457153, 0.2699761986732483, -0.7159061431884766, -0.6337246894836426, -0.3361086845397949, -0.6967238783836365], "cam_t_m2c": [-27.509761810302734, -66.34454345703125, 1064.4713134765625], "obj_id": 1}, {"cam_R_m2c": [-0.428721159696579, 0.9022992253303528, -0.04532564803957939, 0.6438876390457153, 0.2699761986732483, -0.7159061431884766, -0.6337246894836426, -0.3361086845397949, -0.6967238783836365], "cam_t_m2c": [-27.509761810302734, -66.34454345703125, 1064.4713134765625], "obj_id": 0}, {"cam_R_m2c": [-0.428721159696579, 0.9022992253303528, -0.04532564803957939, 0.6438876390457153, 0.2699761986732483, -0.7159061431884766, -0.6337246894836426, -0.3361086845397949, -0.6967238783836365], "cam_t_m2c": [-27.509761810302734, -66.34454345703125, 1064.4713134765625], "obj_id": 2}, {"cam_R_m2c": [-0.428721159696579, 0.9022992253303528, -0.04532564803957939, 0.6438876390457153, 0.2699761986732483, -0.7159061431884766, -0.6337246894836426, -0.3361086845397949, -0.6967238783836365], "cam_t_m2c": [-27.509761810302734, -66.34454345703125, 1064.4713134765625], "obj_id": 1}, {"cam_R_m2c": [-0.428721159696579, 0.9022992253303528, -0.04532564803957939, 0.6438876390457153, 0.2699761986732483, -0.7159061431884766, -0.6337246894836426, -0.3361086845397949, -0.6967238783836365], "cam_t_m2c": [-27.509761810302734, -66.34454345703125, 1064.4713134765625], "obj_id": 3}, {"cam_R_m2c": [-0.428721159696579, 0.9022992253303528, -0.04532564803957939, 0.6438876390457153, 0.2699761986732483, -0.7159061431884766, -0.6337246894836426, -0.3361086845397949, -0.6967238783836365], "cam_t_m2c": [-27.509761810302734, -66.34454345703125, 1064.4713134765625], "obj_id": 1}, {"cam_R_m2c": [-0.428721159696579, 0.9022992253303528, -0.04532564803957939, 0.6438876390457153, 0.2699761986732483, -0.7159061431884766, -0.6337246894836426, -0.3361086845397949, -0.6967238783836365], "cam_t_m2c": [-27.509761810302734, -66.34454345703125, 1064.4713134765625], "obj_id": 0}, {"cam_R_m2c": [-0.428721159696579, 0.9022992253303528, -0.04532564803957939, 0.6438876390457153, 0.2699761986732483, -0.7159061431884766, -0.6337246894836426, -0.3361086845397949, -0.6967238783836365], "cam_t_m2c": [-27.509761810302734, -66.34454345703125, 1064.4713134765625], "obj_id": 2}, {"cam_R_m2c": [-0.428721159696579, 0.9022992253303528, -0.04532564803957939, 0.6438876390457153, 0.2699761986732483, -0.7159061431884766, -0.6337246894836426, -0.3361086845397949, -0.6967238783836365], "cam_t_m2c": [-27.509761810302734, -66.34454345703125, 1064.4713134765625], "obj_id": 3}, {"cam_R_m2c": [-0.428721159696579, 0.9022992253303528, -0.04532564803957939, 0.6438876390457153, 0.2699761986732483, -0.7159061431884766, -0.6337246894836426, -0.3361086845397949, -0.6967238783836365], "cam_t_m2c": [-27.509761810302734, -66.34454345703125, 1064.4713134765625], "obj_id": 0}, {"cam_R_m2c": [-0.428721159696579, 0.9022992253303528, -0.04532564803957939, 0.6438876390457153, 0.2699761986732483, -0.7159061431884766, -0.6337246894836426, -0.3361086845397949, -0.6967238783836365], "cam_t_m2c": [-27.509761810302734, -66.34454345703125, 1064.4713134765625], "obj_id": 0}, {"cam_R_m2c": [-0.428721159696579, 0.9022992253303528, -0.04532564803957939, 0.6438876390457153, 0.2699761986732483, -0.7159061431884766, -0.6337246894836426, -0.3361086845397949, -0.6967238783836365], "cam_t_m2c": [-27.509761810302734, -66.34454345703125, 1064.4713134765625], "obj_id": 2}, {"cam_R_m2c": [0.06888347119092941, -0.9907108545303345, 0.11724760383367538, 0.3942665457725525, -0.08092478662729263, -0.9154261350631714, 0.9164109230041504, 0.10928453505039215, 0.38502979278564453], "cam_t_m2c": [-139.68524169921875, -57.6201171875, 1052.567138671875], "obj_id": 1}, {"cam_R_m2c": [-0.23652686178684235, 0.9646267294883728, -0.11640456318855286, -0.8926333785057068, -0.16841569542884827, 0.41814061999320984, 0.38374531269073486, 0.20280815660953522, 0.9008930921554565], "cam_t_m2c": [248.2037353515625, -47.90575408935547, 1071.7547607421875], "obj_id": 2}, {"cam_R_m2c": [0.15665258467197418, 0.642741322517395, 0.7498956918716431, -0.5010102391242981, 0.7060419321060181, -0.5004932880401611, -0.8511455059051514, -0.29730185866355896, 0.4326232969760895], "cam_t_m2c": [387.2270812988281, -232.05230712890625, 1246.764892578125], "obj_id": 3}, {"cam_R_m2c": [-0.07487452030181885, 0.9116951823234558, 0.40398719906806946, -0.6930513978004456, -0.3388638198375702, 0.6362791061401367, 0.7169892191886902, -0.23234280943870544, 0.6572238802909851], "cam_t_m2c": [-90.71342468261719, -33.0643310546875, 1014.6248168945312], "obj_id": 4}]
}