{
  "0": [{"cam_R_m2c": [-0.740776002407074, 0.6146166324615479, -0.2711032032966614, 0.5107665657997131, 0.2532142698764801, -0.8215838074684143, -0.4363119304180145, -0.7470801472663879, -0.5015006065368652], "cam_t_m2c": [-205.178955078125, 63.81446838378906, 312.1021423339844], "obj_id": 2}, {"cam_R_m2c": [-0.740776002407074, 0.6146166324615479, -0.2711032032966614, 0.5107665657997131, 0.2532142698764801, -0.8215838074684143, -0.4363119304180145, -0.7470801472663879, -0.5015006065368652], "cam_t_m2c": [-205.178955078125, 63.81446838378906, 312.1021423339844], "obj_id": 2}, {"cam_R_m2c": [-0.740776002407074, 0.6146166324615479, -0.2711032032966614, 0.5107665657997131, 0.2532142698764801, -0.8215838074684143, -0.4363119304180145, -0.7470801472663879, -0.5015006065368652], "cam_t_m2c": [-205.178955078125, 63.81446838378906, 312.1021423339844], "obj_id": 1}, {"cam_R_m2c": [-0.740776002407074, 0.6146166324615479, -0.2711032032966614, 0.5107665657997131, 0.2532142698764801, -0.8215838074684143, -0.4363119304180145, -0.7470801472663879, -0.5015006065368652], "cam_t_m2c": [-205.178955078125, 63.81446838378906, 312.1021423339844], "obj_id": 1}, {"cam_R_m2c": [-0.740776002407074, 0.6146166324615479, -0.2711032032966614, 0.5107665657997131, 0.2532142698764801, -0.8215838074684143, -0.4363119304180145, -0.7470801472663879, -0.5015006065368652], "cam_t_m2c": [-205.178955078125, 63.81446838378906, 312.1021423339844], "obj_id": 1}, {"cam_R_m2c": [-0.740776002407074, 0.6146166324615479, -0.2711032032966614, 0.5107665657997131, 0.2532142698764801, -0.8215838074684143, -0.4363119304180145, -0.7470801472663879, -0.5015006065368652], "cam_t_m2c": [-205.178955078125, 63.81446838378906, 312.1021423339844], "obj_id": 2}, {"cam_R_m2c": [-0.740776002407074, 0.6146166324615479, -0.2711032032966614, 0.5107665657997131, 0.2532142698764801, -0.8215838074684143, -0.4363119304180145, -0.7470801472663879, -0.5015006065368652], "cam_t_m2c": [-205.178955078125, 63.81446838378906, 312.1021423339844], "obj_id": 3}, {"cam_R_m2c": [-0.740776002407074, 0.6146166324615479, -0.2711032032966614, 0.5107665657997131, 0.2532142698764801, -0.8215838074684143, -0.4363119304180145, -0.7470801472663879, -0.5015006065368652], "cam_t_m2c": [-205.178955078125, 63.81446838378906, 312.1021423339844], "obj_id": 2}, {"cam_R_m2c": [-0.740776002407074, 0.6146166324615479, -0.2711032032966614, 0.5107665657997131, 0.2532142698764801, -0.8215838074684143, -0.4363119304180145, -0.7470801472663879, -0.5015006065368652], "cam_t_m2c": [-205.178955078125, 63.81446838378906, 312.1021423339844], "obj_id": 0}, {"cam_R_m2c": [-0.740776002407074, 0.6146166324615479, -0.2711032032966614, 0.5107665657997131, 0.2532142698764801, -0.8215838074684143, -0.4363119304180145, -0.7470801472663879, -0.5015006065368652], "cam_t_m2c": [-205.178955078125, 63.81446838378906, 312.1021423339844], "obj_id": 2}, {"cam_R_m2c": [-0.740776002407074, 0.6146166324615479, -0.2711032032966614, 0.5107665657997131, 0.2532142698764801, -0.8215838074684143, -0.4363119304180145, -0.7470801472663879, -0.5015006065368652], "cam_t_m2c": [-205.178955078125, 63.81446838378906, 312.1021423339844], "obj_id": 2}, {"cam_R_m2c": [-0.740776002407074, 0.6146166324615479, -0.2711032032966614, 0.5107665657997131, 0.2532142698764801, -0.8215838074684143, -0.4363119304180145, -0.7470801472663879, -0.5015006065368652], "cam_t_m2c": [-205.178955078125, 63.81446838378906, 312.1021423339844], "obj_id": 1}, {"cam_R_m2c": [-0.740776002407074, 0.6146166324615479, -0.2711032032966614, 0.5107665657997131, 0.2532142698764801, -0.8215838074684143, -0.4363119304180145, -0.7470801472663879, -0.5015006065368652], "cam_t_m2c": [-205.178955078125, 63.81446838378906, 312.1021423339844], "obj_id": 2}, {"cam_R_m2c": [-0.740776002407074, 0.6146166324615479, -0.2711032032966614, 0.5107665657997131, 0.2532142698764801, -0.8215838074684143, -0.4363119304180145, -0.7470801472663879, -0.5015006065368652], "cam_t_m2c": [-205.178955078125, 63.81446838378906, 312.1021423339844], "obj_id": 1}, {"cam_R_m2c": [-0.740776002407074, 0.6146166324615479, -0.2711032032966614, 0.5107665657997131, 0.2532142698764801, -0.8215838074684143, -0.4363119304180145, -0.7470801472663879, -0.5015006065368652], "cam_t_m2c": [-205.178955078125, 63.81446838378906, 312.1021423339844], "obj_id": 1}, {"cam_R_m2c": [-0.740776002407074, 0.6146166324615479, -0.2711032032966614, 0.5107665657997131, 0.2532142698764801, -0.8215838074684143, -0.4363119304180145, -0.7470801472663879, -0.5015006065368652], "cam_t_m2c": [-205.178955078125, 63.81446838378906, 312.1021423339844], "obj_id": 1}, {"cam_R_m2c": [-0.740776002407074, 0.6146166324615479, -0.2711032032966614, 0.5107665657997131, 0.2532142698764801, -0.8215838074684143, -0.4363119304180145, -0.7470801472663879, -0.5015006065368652], "cam_t_m2c": [-205.178955078125, 63.81446838378906, 312.1021423339844], "obj_id": 1}, {"cam_R_m2c": [-0.740776002407074, 0.6146166324615479, -0.2711032032966614, 0.5107665657997131, 0.2532142698764801, -0.8215838074684143, -0.4363119304180145, -0.7470801472663879, -0.5015006065368652], "cam_t_m2c": [-205.178955078125, 63.81446838378906, 312.1021423339844], "obj_id": 1}, {"cam_R_m2c": [-0.740776002407074, 0.6146166324615479, -0.2711032032966614, 0.5107665657997131, 0.2532142698764801, -0.8215838074684143, -0.4363119304180145, -0.7470801472663879, -0.5015006065368652], "cam_t_m2c": [-205.178955078125, 63.81446838378906, 312.1021423339844], "obj_id": 2}, {"cam_R_m2c": [-0.740776002407074, 0.6146166324615479, -0.2711032032966614, 0.5107665657997131, 0.2532142698764801, -0.8215838074684143, -0.4363119304180145, -0.7470801472663879, -0.5015006065368652], "cam_t_m2c": [-205.178955078125, 63.81446838378906, 312.1021423339844], "obj_id": 1}, {"cam_R_m2c": [-0.740776002407074, 0.6146166324615479, -0.2711032032966614, 0.5107665657997131, 0.2532142698764801, -0.8215838074684143, -0.4363119304180145, -0.7470801472663879, -0.5015006065368652], "cam_t_m2c": [-205.178955078125, 63.81446838378906, 312.1021423339844], "obj_id": 2}, {"cam_R_m2c": [-0.740776002407074, 0.6146166324615479, -0.2711032032966614, 0.5107665657997131, 0.2532142698764801, -0.8215838074684143, -0.4363119304180145, -0.7470801472663879, -0.5015006065368652], "cam_t_m2c": [-205.178955078125, 63.81446838378906, 312.1021423339844], "obj_id": 1}, {"cam_R_m2c": [-0.740776002407074, 0.6146166324615479, -0.2711032032966614, 0.5107665657997131, 0.2532142698764801, -0.8215838074684143, -0.4363119304180145, -0.7470801472663879, -0.5015006065368652], "cam_t_m2c": [-205.178955078125, 63.81446838378906, 312.1021423339844], "obj_id": 3}, {"cam_R_m2c": [-0.740776002407074, 0.6146166324615479, -0.2711032032966614, 0.5107665657997131, 0.2532142698764801, -0.8215838074684143, -0.4363119304180145, -0.7470801472663879, -0.5015006065368652], "cam_t_m2c": [-205.178955078125, 63.81446838378906, 312.1021423339844], "obj_id": 0}, {"cam_R_m2c": [-0.3895006477832794, 0.8830376267433167, 0.2617895305156708, 0.6139860153198242, 0.037077896296978, 0.7884455323219299, 0.686520516872406, 0.4678351581096649, -0.5566146373748779], "cam_t_m2c": [5.141705513000488, 4.300210475921631, 216.3232879638672], "obj_id": 3}, {"cam_R_m2c": [-0.4697754383087158, -0.5258623957633972, -0.709069550037384, -0.8506584167480469, 0.05493489280343056, 0.5228405594825745, -0.23598960041999817, 0.8487937450408936, -0.473136305809021], "cam_t_m2c": [-98.17902374267578, 44.256553649902344, 300.6514587402344], "obj_id": 0}, {"cam_R_m2c": [-0.12731170654296875, 0.4595363438129425, -0.8789868950843811, -0.963192880153656, -0.2688090205192566, -0.0010259117698296905, -0.23675110936164856, 0.8465033769607544, 0.47684475779533386], "cam_t_m2c": [-674.9954223632812, 193.54397583007812, 367.8545227050781], "obj_id": 0}, {"cam_R_m2c": [-0.8349652886390686, 0.39349740743637085, 0.38469794392585754, 0.10665763169527054, -0.5700929164886475, 0.8146275281906128, 0.5398674607276917, 0.7212167978286743, 0.4340384602546692], "cam_t_m2c": [-132.29403686523438, -25.151918411254883, 469.3319396972656], "obj_id": 1}, {"cam_R_m2c": [0.9629095792770386, 0.2504461109638214, -0.10040881484746933, 0.26967373490333557, -0.9056887626647949, 0.32711440324783325, -0.009014603681862354, -0.3420592248439789, -0.9396350979804993], "cam_t_m2c": [2103.14013671875, 6558.4736328125, 4181.73876953125], "obj_id": 0}, {"cam_R_m2c": [0.2710970938205719, 0.8552408218383789, 0.4416666328907013, 0.8215882182121277, -0.4446621239185333, 0.35674676299095154, 0.5014968514442444, 0.2661551237106323, -0.8232023119926453], "cam_t_m2c": [-195.0408935546875, 224.46104431152344, 62.38478088378906], "obj_id": 2}, {"cam_R_m2c": [0.7939030528068542, 0.28429755568504333, -0.5374874472618103, -0.5885082483291626, 0.13700078427791595, -0.7967990636825562, -0.1528918594121933, 0.9488970041275024, 0.2760768234729767], "cam_t_m2c": [1924.15283203125, 6713.712890625, 4160.416015625], "obj_id": 2}, {"cam_R_m2c": [0.8580244779586792, -0.5134890675544739, -0.011090594343841076, -0.3504997491836548, -0.5696173310279846, -0.7434284687042236, 0.3754250109195709, 0.6417670845985413, -0.6687233448028564], "cam_t_m2c": [1886.400146484375, 6613.7265625, 4314.7041015625], "obj_id": 2}]
}