{
  "0": [{"cam_R_m2c": [0.6032378673553467, 0.7771455645561218, -0.17930074036121368, 0.12447689473628998, -0.31379464268684387, -0.9412959218025208, -0.787787675857544, 0.5455065369606018, -0.2860294282436371], "cam_t_m2c": [-0.17766055464744568, 14.726018905639648, 464.6072998046875], "obj_id": 2}, {"cam_R_m2c": [0.6032378673553467, 0.7771455645561218, -0.17930074036121368, 0.12447689473628998, -0.31379464268684387, -0.9412959218025208, -0.787787675857544, 0.5455065369606018, -0.2860294282436371], "cam_t_m2c": [-0.17766055464744568, 14.726018905639648, 464.6072998046875], "obj_id": 3}, {"cam_R_m2c": [0.6032378673553467, 0.7771455645561218, -0.17930074036121368, 0.12447689473628998, -0.31379464268684387, -0.9412959218025208, -0.787787675857544, 0.5455065369606018, -0.2860294282436371], "cam_t_m2c": [-0.17766055464744568, 14.726018905639648, 464.6072998046875], "obj_id": 1}, {"cam_R_m2c": [0.6032378673553467, 0.7771455645561218, -0.17930074036121368, 0.12447689473628998, -0.31379464268684387, -0.9412959218025208, -0.787787675857544, 0.5455065369606018, -0.2860294282436371], "cam_t_m2c": [-0.17766055464744568, 14.726018905639648, 464.6072998046875], "obj_id": 0}, {"cam_R_m2c": [0.6032378673553467, 0.7771455645561218, -0.17930074036121368, 0.12447689473628998, -0.31379464268684387, -0.9412959218025208, -0.787787675857544, 0.5455065369606018, -0.2860294282436371], "cam_t_m2c": [-0.17766055464744568, 14.726018905639648, 464.6072998046875], "obj_id": 0}, {"cam_R_m2c": [0.6032378673553467, 0.7771455645561218, -0.17930074036121368, 0.12447689473628998, -0.31379464268684387, -0.9412959218025208, -0.787787675857544, 0.5455065369606018, -0.2860294282436371], "cam_t_m2c": [-0.17766055464744568, 14.726018905639648, 464.6072998046875], "obj_id": 1}, {"cam_R_m2c": [0.6032378673553467, 0.7771455645561218, -0.17930074036121368, 0.12447689473628998, -0.31379464268684387, -0.9412959218025208, -0.787787675857544, 0.5455065369606018, -0.2860294282436371], "cam_t_m2c": [-0.17766055464744568, 14.726018905639648, 464.6072998046875], "obj_id": 2}, {"cam_R_m2c": [0.6032378673553467, 0.7771455645561218, -0.17930074036121368, 0.12447689473628998, -0.31379464268684387, -0.9412959218025208, -0.787787675857544, 0.5455065369606018, -0.2860294282436371], "cam_t_m2c": [-0.17766055464744568, 14.726018905639648, 464.6072998046875], "obj_id": 3}, {"cam_R_m2c": [0.6032378673553467, 0.7771455645561218, -0.17930074036121368, 0.12447689473628998, -0.31379464268684387, -0.9412959218025208, -0.787787675857544, 0.5455065369606018, -0.2860294282436371], "cam_t_m2c": [-0.17766055464744568, 14.726018905639648, 464.6072998046875], "obj_id": 3}, {"cam_R_m2c": [0.6032378673553467, 0.7771455645561218, -0.17930074036121368, 0.12447689473628998, -0.31379464268684387, -0.9412959218025208, -0.787787675857544, 0.5455065369606018, -0.2860294282436371], "cam_t_m2c": [-0.17766055464744568, 14.726018905639648, 464.6072998046875], "obj_id": 2}, {"cam_R_m2c": [0.6032378673553467, 0.7771455645561218, -0.17930074036121368, 0.12447689473628998, -0.31379464268684387, -0.9412959218025208, -0.787787675857544, 0.5455065369606018, -0.2860294282436371], "cam_t_m2c": [-0.17766055464744568, 14.726018905639648, 464.6072998046875], "obj_id": 1}, {"cam_R_m2c": [0.6032378673553467, 0.7771455645561218, -0.17930074036121368, 0.12447689473628998, -0.31379464268684387, -0.9412959218025208, -0.787787675857544, 0.5455065369606018, -0.2860294282436371], "cam_t_m2c": [-0.17766055464744568, 14.726018905639648, 464.6072998046875], "obj_id": 0}, {"cam_R_m2c": [-0.9935244917869568, 0.10761719197034836, -0.03643220663070679, -0.11097491532564163, -0.8504329919815063, 0.5142450928688049, 0.024358464404940605, 0.5149582624435425, 0.856869101524353], "cam_t_m2c": [101.01287078857422, 40.982730865478516, 312.2071228027344], "obj_id": 1}, {"cam_R_m2c": [-0.5579433441162109, 0.5715901255607605, -0.6016506552696228, 0.5795882344245911, -0.25048789381980896, -0.7754566073417664, -0.5939496755599976, -0.7813707590103149, -0.19152863323688507], "cam_t_m2c": [-105.88349914550781, -8.664027214050293, 627.2830810546875], "obj_id": 2}, {"cam_R_m2c": [0.0666733980178833, -0.14530690014362335, 0.9871374368667603, -0.9086673259735107, 0.39983558654785156, 0.12022913992404938, -0.412162721157074, -0.9049957394599915, -0.1053771898150444], "cam_t_m2c": [-91.72965240478516, -18.229663848876953, 645.2050170898438], "obj_id": 3}, {"cam_R_m2c": [-0.5742313861846924, 0.1853804588317871, -0.7974283695220947, 0.8089773654937744, -0.021128186956048012, -0.5874597430229187, -0.12575189769268036, -0.9824395179748535, -0.13783593475818634], "cam_t_m2c": [-23.023860931396484, -13.36208724975586, 408.31976318359375], "obj_id": 4}],
  "1": [{"cam_R_m2c": [0.9732450246810913, -0.12645049393177032, -0.19184458255767822, -0.21569006145000458, -0.21500985324382782, -0.9524959325790405, 0.07919511198997498, 0.968390941619873, -0.23653139173984528], "cam_t_m2c": [78.66468811035156, -25.24702262878418, 345.1089782714844], "obj_id": 2}, {"cam_R_m2c": [0.9732450246810913, -0.12645049393177032, -0.19184458255767822, -0.21569006145000458, -0.21500985324382782, -0.9524959325790405, 0.07919511198997498, 0.968390941619873, -0.23653139173984528], "cam_t_m2c": [78.66468811035156, -25.24702262878418, 345.1089782714844], "obj_id": 3}, {"cam_R_m2c": [0.9732450246810913, -0.12645049393177032, -0.19184458255767822, -0.21569006145000458, -0.21500985324382782, -0.9524959325790405, 0.07919511198997498, 0.968390941619873, -0.23653139173984528], "cam_t_m2c": [78.66468811035156, -25.24702262878418, 345.1089782714844], "obj_id": 1}, {"cam_R_m2c": [0.9732450246810913, -0.12645049393177032, -0.19184458255767822, -0.21569006145000458, -0.21500985324382782, -0.9524959325790405, 0.07919511198997498, 0.968390941619873, -0.23653139173984528], "cam_t_m2c": [78.66468811035156, -25.24702262878418, 345.1089782714844], "obj_id": 0}, {"cam_R_m2c": [0.9732450246810913, -0.12645049393177032, -0.19184458255767822, -0.21569006145000458, -0.21500985324382782, -0.9524959325790405, 0.07919511198997498, 0.968390941619873, -0.23653139173984528], "cam_t_m2c": [78.66468811035156, -25.24702262878418, 345.1089782714844], "obj_id": 0}, {"cam_R_m2c": [0.9732450246810913, -0.12645049393177032, -0.19184458255767822, -0.21569006145000458, -0.21500985324382782, -0.9524959325790405, 0.07919511198997498, 0.968390941619873, -0.23653139173984528], "cam_t_m2c": [78.66468811035156, -25.24702262878418, 345.1089782714844], "obj_id": 1}, {"cam_R_m2c": [0.9732450246810913, -0.12645049393177032, -0.19184458255767822, -0.21569006145000458, -0.21500985324382782, -0.9524959325790405, 0.07919511198997498, 0.968390941619873, -0.23653139173984528], "cam_t_m2c": [78.66468811035156, -25.24702262878418, 345.1089782714844], "obj_id": 2}, {"cam_R_m2c": [0.9732450246810913, -0.12645049393177032, -0.19184458255767822, -0.21569006145000458, -0.21500985324382782, -0.9524959325790405, 0.07919511198997498, 0.968390941619873, -0.23653139173984528], "cam_t_m2c": [78.66468811035156, -25.24702262878418, 345.1089782714844], "obj_id": 3}, {"cam_R_m2c": [0.9732450246810913, -0.12645049393177032, -0.19184458255767822, -0.21569006145000458, -0.21500985324382782, -0.9524959325790405, 0.07919511198997498, 0.968390941619873, -0.23653139173984528], "cam_t_m2c": [78.66468811035156, -25.24702262878418, 345.1089782714844], "obj_id": 3}, {"cam_R_m2c": [0.9732450246810913, -0.12645049393177032, -0.19184458255767822, -0.21569006145000458, -0.21500985324382782, -0.9524959325790405, 0.07919511198997498, 0.968390941619873, -0.23653139173984528], "cam_t_m2c": [78.66468811035156, -25.24702262878418, 345.1089782714844], "obj_id": 2}, {"cam_R_m2c": [0.9732450246810913, -0.12645049393177032, -0.19184458255767822, -0.21569006145000458, -0.21500985324382782, -0.9524959325790405, 0.07919511198997498, 0.968390941619873, -0.23653139173984528], "cam_t_m2c": [78.66468811035156, -25.24702262878418, 345.1089782714844], "obj_id": 1}, {"cam_R_m2c": [0.9732450246810913, -0.12645049393177032, -0.19184458255767822, -0.21569006145000458, -0.21500985324382782, -0.9524959325790405, 0.07919511198997498, 0.968390941619873, -0.23653139173984528], "cam_t_m2c": [78.66468811035156, -25.24702262878418, 345.1089782714844], "obj_id": 0}, {"cam_R_m2c": [-0.5767449140548706, -0.6361250877380371, -0.5125524997711182, 0.029517045244574547, -0.6432346105575562, 0.7650998830795288, -0.8163908123970032, 0.4261384904384613, 0.3897589147090912], "cam_t_m2c": [259.57110595703125, -62.972843170166016, 347.2047424316406], "obj_id": 1}, {"cam_R_m2c": [0.3697119653224945, 0.8236594796180725, -0.4299978017807007, 0.42065227031707764, -0.5610206723213196, -0.7129567861557007, -0.828471302986145, 0.08270909637212753, -0.5538902878761292], "cam_t_m2c": [-111.6489028930664, 19.07657814025879, 344.4856262207031], "obj_id": 2}, {"cam_R_m2c": [0.0464821420609951, 0.76711505651474, 0.6398232579231262, -0.9940152764320374, 0.09890904277563095, -0.04637322947382927, -0.09885787963867188, -0.6338385939598083, 0.7671216726303101], "cam_t_m2c": [-121.50279998779297, 14.148173332214355, 366.6585998535156], "obj_id": 3}, {"cam_R_m2c": [0.07392840087413788, 0.8568878769874573, -0.5101740956306458, 0.7898925542831421, -0.3626001477241516, -0.49456116557121277, -0.6087727546691895, -0.3664206266403198, -0.7036557793617249], "cam_t_m2c": [101.07171630859375, -66.98036193847656, 297.8286437988281], "obj_id": 4}],
  "2": [{"cam_R_m2c": [0.9732450246810913, -0.12645049393177032, -0.19184458255767822, -0.21569006145000458, -0.21500985324382782, -0.9524959325790405, 0.07919511198997498, 0.968390941619873, -0.23653139173984528], "cam_t_m2c": [78.66468811035156, -25.24702262878418, 345.1089782714844], "obj_id": 2}, {"cam_R_m2c": [0.9732450246810913, -0.12645049393177032, -0.19184458255767822, -0.21569006145000458, -0.21500985324382782, -0.9524959325790405, 0.07919511198997498, 0.968390941619873, -0.23653139173984528], "cam_t_m2c": [78.66468811035156, -25.24702262878418, 345.1089782714844], "obj_id": 3}, {"cam_R_m2c": [0.9732450246810913, -0.12645049393177032, -0.19184458255767822, -0.21569006145000458, -0.21500985324382782, -0.9524959325790405, 0.07919511198997498, 0.968390941619873, -0.23653139173984528], "cam_t_m2c": [78.66468811035156, -25.24702262878418, 345.1089782714844], "obj_id": 1}, {"cam_R_m2c": [0.9732450246810913, -0.12645049393177032, -0.19184458255767822, -0.21569006145000458, -0.21500985324382782, -0.9524959325790405, 0.07919511198997498, 0.968390941619873, -0.23653139173984528], "cam_t_m2c": [78.66468811035156, -25.24702262878418, 345.1089782714844], "obj_id": 0}, {"cam_R_m2c": [0.9732450246810913, -0.12645049393177032, -0.19184458255767822, -0.21569006145000458, -0.21500985324382782, -0.9524959325790405, 0.07919511198997498, 0.968390941619873, -0.23653139173984528], "cam_t_m2c": [78.66468811035156, -25.24702262878418, 345.1089782714844], "obj_id": 0}, {"cam_R_m2c": [0.9732450246810913, -0.12645049393177032, -0.19184458255767822, -0.21569006145000458, -0.21500985324382782, -0.9524959325790405, 0.07919511198997498, 0.968390941619873, -0.23653139173984528], "cam_t_m2c": [78.66468811035156, -25.24702262878418, 345.1089782714844], "obj_id": 1}, {"cam_R_m2c": [0.9732450246810913, -0.12645049393177032, -0.19184458255767822, -0.21569006145000458, -0.21500985324382782, -0.9524959325790405, 0.07919511198997498, 0.968390941619873, -0.23653139173984528], "cam_t_m2c": [78.66468811035156, -25.24702262878418, 345.1089782714844], "obj_id": 2}, {"cam_R_m2c": [0.9732450246810913, -0.12645049393177032, -0.19184458255767822, -0.21569006145000458, -0.21500985324382782, -0.9524959325790405, 0.07919511198997498, 0.968390941619873, -0.23653139173984528], "cam_t_m2c": [78.66468811035156, -25.24702262878418, 345.1089782714844], "obj_id": 3}, {"cam_R_m2c": [0.9732450246810913, -0.12645049393177032, -0.19184458255767822, -0.21569006145000458, -0.21500985324382782, -0.9524959325790405, 0.07919511198997498, 0.968390941619873, -0.23653139173984528], "cam_t_m2c": [78.66468811035156, -25.24702262878418, 345.1089782714844], "obj_id": 3}, {"cam_R_m2c": [0.9732450246810913, -0.12645049393177032, -0.19184458255767822, -0.21569006145000458, -0.21500985324382782, -0.9524959325790405, 0.07919511198997498, 0.968390941619873, -0.23653139173984528], "cam_t_m2c": [78.66468811035156, -25.24702262878418, 345.1089782714844], "obj_id": 2}, {"cam_R_m2c": [0.9732450246810913, -0.12645049393177032, -0.19184458255767822, -0.21569006145000458, -0.21500985324382782, -0.9524959325790405, 0.07919511198997498, 0.968390941619873, -0.23653139173984528], "cam_t_m2c": [78.66468811035156, -25.24702262878418, 345.1089782714844], "obj_id": 1}, {"cam_R_m2c": [0.9732450246810913, -0.12645049393177032, -0.19184458255767822, -0.21569006145000458, -0.21500985324382782, -0.9524959325790405, 0.07919511198997498, 0.968390941619873, -0.23653139173984528], "cam_t_m2c": [78.66468811035156, -25.24702262878418, 345.1089782714844], "obj_id": 0}, {"cam_R_m2c": [-0.5767449140548706, -0.6361250877380371, -0.5125524997711182, 0.029517045244574547, -0.6432346105575562, 0.7650998830795288, -0.8163908123970032, 0.4261384904384613, 0.3897589147090912], "cam_t_m2c": [259.57110595703125, -62.972843170166016, 347.2047424316406], "obj_id": 1}, {"cam_R_m2c": [0.3697119653224945, 0.8236594796180725, -0.4299978017807007, 0.42065227031707764, -0.5610206723213196, -0.7129567861557007, -0.828471302986145, 0.08270909637212753, -0.5538902878761292], "cam_t_m2c": [-111.6489028930664, 19.07657814025879, 344.4856262207031], "obj_id": 2}, {"cam_R_m2c": [0.0464821420609951, 0.76711505651474, 0.6398232579231262, -0.9940152764320374, 0.09890904277563095, -0.04637322947382927, -0.09885787963867188, -0.6338385939598083, 0.7671216726303101], "cam_t_m2c": [-121.50279998779297, 14.148173332214355, 366.6585998535156], "obj_id": 3}, {"cam_R_m2c": [0.07392840087413788, 0.8568878769874573, -0.5101740956306458, 0.7898925542831421, -0.3626001477241516, -0.49456116557121277, -0.6087727546691895, -0.3664206266403198, -0.7036557793617249], "cam_t_m2c": [101.07171630859375, -66.98036193847656, 297.8286437988281], "obj_id": 4}],
  "3": [{"cam_R_m2c": [-0.37951794266700745, -0.9175751209259033, 0.11841385811567307, -0.36136195063591003, 0.02919158898293972, -0.9319684505462646, 0.8516944646835327, -0.39648914337158203, -0.34265536069869995], "cam_t_m2c": [37.803253173828125, -46.64289474487305, 621.5556640625], "obj_id": 2}, {"cam_R_m2c": [-0.37951794266700745, -0.9175751209259033, 0.11841385811567307, -0.36136195063591003, 0.02919158898293972, -0.9319684505462646, 0.8516944646835327, -0.39648914337158203, -0.34265536069869995], "cam_t_m2c": [37.803253173828125, -46.64289474487305, 621.5556640625], "obj_id": 3}, {"cam_R_m2c": [-0.37951794266700745, -0.9175751209259033, 0.11841385811567307, -0.36136195063591003, 0.02919158898293972, -0.9319684505462646, 0.8516944646835327, -0.39648914337158203, -0.34265536069869995], "cam_t_m2c": [37.803253173828125, -46.64289474487305, 621.5556640625], "obj_id": 1}, {"cam_R_m2c": [-0.37951794266700745, -0.9175751209259033, 0.11841385811567307, -0.36136195063591003, 0.02919158898293972, -0.9319684505462646, 0.8516944646835327, -0.39648914337158203, -0.34265536069869995], "cam_t_m2c": [37.803253173828125, -46.64289474487305, 621.5556640625], "obj_id": 0}, {"cam_R_m2c": [-0.37951794266700745, -0.9175751209259033, 0.11841385811567307, -0.36136195063591003, 0.02919158898293972, -0.9319684505462646, 0.8516944646835327, -0.39648914337158203, -0.34265536069869995], "cam_t_m2c": [37.803253173828125, -46.64289474487305, 621.5556640625], "obj_id": 0}, {"cam_R_m2c": [-0.37951794266700745, -0.9175751209259033, 0.11841385811567307, -0.36136195063591003, 0.02919158898293972, -0.9319684505462646, 0.8516944646835327, -0.39648914337158203, -0.34265536069869995], "cam_t_m2c": [37.803253173828125, -46.64289474487305, 621.5556640625], "obj_id": 1}, {"cam_R_m2c": [-0.37951794266700745, -0.9175751209259033, 0.11841385811567307, -0.36136195063591003, 0.02919158898293972, -0.9319684505462646, 0.8516944646835327, -0.39648914337158203, -0.34265536069869995], "cam_t_m2c": [37.803253173828125, -46.64289474487305, 621.5556640625], "obj_id": 2}, {"cam_R_m2c": [-0.37951794266700745, -0.9175751209259033, 0.11841385811567307, -0.36136195063591003, 0.02919158898293972, -0.9319684505462646, 0.8516944646835327, -0.39648914337158203, -0.34265536069869995], "cam_t_m2c": [37.803253173828125, -46.64289474487305, 621.5556640625], "obj_id": 3}, {"cam_R_m2c": [-0.37951794266700745, -0.9175751209259033, 0.11841385811567307, -0.36136195063591003, 0.02919158898293972, -0.9319684505462646, 0.8516944646835327, -0.39648914337158203, -0.34265536069869995], "cam_t_m2c": [37.803253173828125, -46.64289474487305, 621.5556640625], "obj_id": 3}, {"cam_R_m2c": [-0.37951794266700745, -0.9175751209259033, 0.11841385811567307, -0.36136195063591003, 0.02919158898293972, -0.9319684505462646, 0.8516944646835327, -0.39648914337158203, -0.34265536069869995], "cam_t_m2c": [37.803253173828125, -46.64289474487305, 621.5556640625], "obj_id": 2}, {"cam_R_m2c": [-0.37951794266700745, -0.9175751209259033, 0.11841385811567307, -0.36136195063591003, 0.02919158898293972, -0.9319684505462646, 0.8516944646835327, -0.39648914337158203, -0.34265536069869995], "cam_t_m2c": [37.803253173828125, -46.64289474487305, 621.5556640625], "obj_id": 1}, {"cam_R_m2c": [-0.37951794266700745, -0.9175751209259033, 0.11841385811567307, -0.36136195063591003, 0.02919158898293972, -0.9319684505462646, 0.8516944646835327, -0.39648914337158203, -0.34265536069869995], "cam_t_m2c": [37.803253173828125, -46.64289474487305, 621.5556640625], "obj_id": 0}, {"cam_R_m2c": [0.936947762966156, -0.3348003923892975, -0.10018784552812576, -0.04951399937272072, -0.41097110509872437, 0.9103026986122131, -0.34594401717185974, -0.8479453325271606, -0.4016357362270355], "cam_t_m2c": [-20.396440505981445, -114.32097625732422, 783.3803100585938], "obj_id": 1}, {"cam_R_m2c": [0.7521792054176331, -0.3989991843700409, 0.5244292616844177, 0.15593081712722778, -0.6654700636863708, -0.7299553751945496, 0.640243649482727, 0.6308319568634033, -0.43833646178245544], "cam_t_m2c": [98.30359649658203, 29.350141525268555, 452.0003967285156], "obj_id": 2}, {"cam_R_m2c": [-0.08461078256368637, 0.40470415353775024, -0.9105247855186462, -0.9835865497589111, -0.1800786703824997, 0.011359908618032932, -0.15936876833438873, 0.896541178226471, 0.41329827904701233], "cam_t_m2c": [79.21419525146484, 31.2421932220459, 436.3465270996094], "obj_id": 3}, {"cam_R_m2c": [0.6872825026512146, 0.04999909922480583, 0.7246674299240112, 0.6107525825500488, -0.5798301696777344, -0.539238452911377, 0.3932226300239563, 0.8132016658782959, -0.4290441870689392], "cam_t_m2c": [69.4323501586914, -101.04313659667969, 644.3458251953125], "obj_id": 4}],
  "4": [{"cam_R_m2c": [-0.37951794266700745, -0.9175751209259033, 0.11841385811567307, -0.36136195063591003, 0.02919158898293972, -0.9319684505462646, 0.8516944646835327, -0.39648914337158203, -0.34265536069869995], "cam_t_m2c": [37.803253173828125, -46.64289474487305, 621.5556640625], "obj_id": 2}, {"cam_R_m2c": [-0.37951794266700745, -0.9175751209259033, 0.11841385811567307, -0.36136195063591003, 0.02919158898293972, -0.9319684505462646, 0.8516944646835327, -0.39648914337158203, -0.34265536069869995], "cam_t_m2c": [37.803253173828125, -46.64289474487305, 621.5556640625], "obj_id": 3}, {"cam_R_m2c": [-0.37951794266700745, -0.9175751209259033, 0.11841385811567307, -0.36136195063591003, 0.02919158898293972, -0.9319684505462646, 0.8516944646835327, -0.39648914337158203, -0.34265536069869995], "cam_t_m2c": [37.803253173828125, -46.64289474487305, 621.5556640625], "obj_id": 1}, {"cam_R_m2c": [-0.37951794266700745, -0.9175751209259033, 0.11841385811567307, -0.36136195063591003, 0.02919158898293972, -0.9319684505462646, 0.8516944646835327, -0.39648914337158203, -0.34265536069869995], "cam_t_m2c": [37.803253173828125, -46.64289474487305, 621.5556640625], "obj_id": 0}, {"cam_R_m2c": [-0.37951794266700745, -0.9175751209259033, 0.11841385811567307, -0.36136195063591003, 0.02919158898293972, -0.9319684505462646, 0.8516944646835327, -0.39648914337158203, -0.34265536069869995], "cam_t_m2c": [37.803253173828125, -46.64289474487305, 621.5556640625], "obj_id": 0}, {"cam_R_m2c": [-0.37951794266700745, -0.9175751209259033, 0.11841385811567307, -0.36136195063591003, 0.02919158898293972, -0.9319684505462646, 0.8516944646835327, -0.39648914337158203, -0.34265536069869995], "cam_t_m2c": [37.803253173828125, -46.64289474487305, 621.5556640625], "obj_id": 1}, {"cam_R_m2c": [-0.37951794266700745, -0.9175751209259033, 0.11841385811567307, -0.36136195063591003, 0.02919158898293972, -0.9319684505462646, 0.8516944646835327, -0.39648914337158203, -0.34265536069869995], "cam_t_m2c": [37.803253173828125, -46.64289474487305, 621.5556640625], "obj_id": 2}, {"cam_R_m2c": [-0.37951794266700745, -0.9175751209259033, 0.11841385811567307, -0.36136195063591003, 0.02919158898293972, -0.9319684505462646, 0.8516944646835327, -0.39648914337158203, -0.34265536069869995], "cam_t_m2c": [37.803253173828125, -46.64289474487305, 621.5556640625], "obj_id": 3}, {"cam_R_m2c": [-0.37951794266700745, -0.9175751209259033, 0.11841385811567307, -0.36136195063591003, 0.02919158898293972, -0.9319684505462646, 0.8516944646835327, -0.39648914337158203, -0.34265536069869995], "cam_t_m2c": [37.803253173828125, -46.64289474487305, 621.5556640625], "obj_id": 3}, {"cam_R_m2c": [-0.37951794266700745, -0.9175751209259033, 0.11841385811567307, -0.36136195063591003, 0.02919158898293972, -0.9319684505462646, 0.8516944646835327, -0.39648914337158203, -0.34265536069869995], "cam_t_m2c": [37.803253173828125, -46.64289474487305, 621.5556640625], "obj_id": 2}, {"cam_R_m2c": [-0.37951794266700745, -0.9175751209259033, 0.11841385811567307, -0.36136195063591003, 0.02919158898293972, -0.9319684505462646, 0.8516944646835327, -0.39648914337158203, -0.34265536069869995], "cam_t_m2c": [37.803253173828125, -46.64289474487305, 621.5556640625], "obj_id": 1}, {"cam_R_m2c": [-0.37951794266700745, -0.9175751209259033, 0.11841385811567307, -0.36136195063591003, 0.02919158898293972, -0.9319684505462646, 0.8516944646835327, -0.39648914337158203, -0.34265536069869995], "cam_t_m2c": [37.803253173828125, -46.64289474487305, 621.5556640625], "obj_id": 0}, {"cam_R_m2c": [0.936947762966156, -0.3348003923892975, -0.10018784552812576, -0.04951399937272072, -0.41097110509872437, 0.9103026986122131, -0.34594401717185974, -0.8479453325271606, -0.4016357362270355], "cam_t_m2c": [-20.396440505981445, -114.32097625732422, 783.3803100585938], "obj_id": 1}, {"cam_R_m2c": [0.7521792054176331, -0.3989991843700409, 0.5244292616844177, 0.15593081712722778, -0.6654700636863708, -0.7299553751945496, 0.640243649482727, 0.6308319568634033, -0.43833646178245544], "cam_t_m2c": [98.30359649658203, 29.350141525268555, 452.0003967285156], "obj_id": 2}, {"cam_R_m2c": [-0.08461078256368637, 0.40470415353775024, -0.9105247855186462, -0.9835865497589111, -0.1800786703824997, 0.011359908618032932, -0.15936876833438873, 0.896541178226471, 0.41329827904701233], "cam_t_m2c": [79.21419525146484, 31.2421932220459, 436.3465270996094], "obj_id": 3}, {"cam_R_m2c": [0.6872825026512146, 0.04999909922480583, 0.7246674299240112, 0.6107525825500488, -0.5798301696777344, -0.539238452911377, 0.3932226300239563, 0.8132016658782959, -0.4290441870689392], "cam_t_m2c": [69.4323501586914, -101.04313659667969, 644.3458251953125], "obj_id": 4}],
  "5": [{"cam_R_m2c": [0.6490141749382019, -0.757759690284729, 0.06768162548542023, -0.12683163583278656, -0.19548925757408142, -0.9724699258804321, 0.7501295208930969, 0.6225625872612, -0.2229832112789154], "cam_t_m2c": [220.30804443359375, 34.526283264160156, 465.1117858886719], "obj_id": 3}, {"cam_R_m2c": [0.6490141749382019, -0.757759690284729, 0.06768162548542023, -0.12683163583278656, -0.19548925757408142, -0.9724699258804321, 0.7501295208930969, 0.6225625872612, -0.2229832112789154], "cam_t_m2c": [220.30804443359375, 34.526283264160156, 465.1117858886719], "obj_id": 2}, {"cam_R_m2c": [0.6490141749382019, -0.757759690284729, 0.06768162548542023, -0.12683163583278656, -0.19548925757408142, -0.9724699258804321, 0.7501295208930969, 0.6225625872612, -0.2229832112789154], "cam_t_m2c": [220.30804443359375, 34.526283264160156, 465.1117858886719], "obj_id": 0}, {"cam_R_m2c": [0.6490141749382019, -0.757759690284729, 0.06768162548542023, -0.12683163583278656, -0.19548925757408142, -0.9724699258804321, 0.7501295208930969, 0.6225625872612, -0.2229832112789154], "cam_t_m2c": [220.30804443359375, 34.526283264160156, 465.1117858886719], "obj_id": 2}, {"cam_R_m2c": [0.6490141749382019, -0.757759690284729, 0.06768162548542023, -0.12683163583278656, -0.19548925757408142, -0.9724699258804321, 0.7501295208930969, 0.6225625872612, -0.2229832112789154], "cam_t_m2c": [220.30804443359375, 34.526283264160156, 465.1117858886719], "obj_id": 1}, {"cam_R_m2c": [0.6490141749382019, -0.757759690284729, 0.06768162548542023, -0.12683163583278656, -0.19548925757408142, -0.9724699258804321, 0.7501295208930969, 0.6225625872612, -0.2229832112789154], "cam_t_m2c": [220.30804443359375, 34.526283264160156, 465.1117858886719], "obj_id": 3}, {"cam_R_m2c": [0.6490141749382019, -0.757759690284729, 0.06768162548542023, -0.12683163583278656, -0.19548925757408142, -0.9724699258804321, 0.7501295208930969, 0.6225625872612, -0.2229832112789154], "cam_t_m2c": [220.30804443359375, 34.526283264160156, 465.1117858886719], "obj_id": 0}, {"cam_R_m2c": [0.6490141749382019, -0.757759690284729, 0.06768162548542023, -0.12683163583278656, -0.19548925757408142, -0.9724699258804321, 0.7501295208930969, 0.6225625872612, -0.2229832112789154], "cam_t_m2c": [220.30804443359375, 34.526283264160156, 465.1117858886719], "obj_id": 1}, {"cam_R_m2c": [0.6490141749382019, -0.757759690284729, 0.06768162548542023, -0.12683163583278656, -0.19548925757408142, -0.9724699258804321, 0.7501295208930969, 0.6225625872612, -0.2229832112789154], "cam_t_m2c": [220.30804443359375, 34.526283264160156, 465.1117858886719], "obj_id": 3}, {"cam_R_m2c": [0.6490141749382019, -0.757759690284729, 0.06768162548542023, -0.12683163583278656, -0.19548925757408142, -0.9724699258804321, 0.7501295208930969, 0.6225625872612, -0.2229832112789154], "cam_t_m2c": [220.30804443359375, 34.526283264160156, 465.1117858886719], "obj_id": 3}, {"cam_R_m2c": [0.6490141749382019, -0.757759690284729, 0.06768162548542023, -0.12683163583278656, -0.19548925757408142, -0.9724699258804321, 0.7501295208930969, 0.6225625872612, -0.2229832112789154], "cam_t_m2c": [220.30804443359375, 34.526283264160156, 465.1117858886719], "obj_id": 0}, {"cam_R_m2c": [0.6490141749382019, -0.757759690284729, 0.06768162548542023, -0.12683163583278656, -0.19548925757408142, -0.9724699258804321, 0.7501295208930969, 0.6225625872612, -0.2229832112789154], "cam_t_m2c": [220.30804443359375, 34.526283264160156, 465.1117858886719], "obj_id": 3}, {"cam_R_m2c": [-0.2209474891424179, 0.7351065874099731, -0.640937089920044, 0.9324004650115967, 0.3519471287727356, 0.08223427832126617, 0.2860269248485565, -0.5794406533241272, -0.7631755471229553], "cam_t_m2c": [250.1607208251953, -19.595205307006836, 551.8344116210938], "obj_id": 1}, {"cam_R_m2c": [0.06817115098237991, 0.27218306064605713, 0.9598276019096375, -0.9878032207489014, 0.1534087210893631, 0.02665519341826439, -0.13999077677726746, -0.9499379396438599, 0.27932143211364746], "cam_t_m2c": [389.6659240722656, 115.79247283935547, 283.9716491699219], "obj_id": 2}, {"cam_R_m2c": [-0.03908950462937355, 0.25078997015953064, 0.9672520160675049, 0.598931610584259, 0.7807166576385498, -0.17822033166885376, -0.7998455762863159, 0.5723512172698975, -0.1807238608598709], "cam_t_m2c": [347.89288330078125, 80.35548400878906, 194.98452758789062], "obj_id": 3}],
  "6": [{"cam_R_m2c": [0.6490141749382019, -0.757759690284729, 0.06768162548542023, -0.12683163583278656, -0.19548925757408142, -0.9724699258804321, 0.7501295208930969, 0.6225625872612, -0.2229832112789154], "cam_t_m2c": [220.30804443359375, 34.526283264160156, 465.1117858886719], "obj_id": 3}, {"cam_R_m2c": [0.6490141749382019, -0.757759690284729, 0.06768162548542023, -0.12683163583278656, -0.19548925757408142, -0.9724699258804321, 0.7501295208930969, 0.6225625872612, -0.2229832112789154], "cam_t_m2c": [220.30804443359375, 34.526283264160156, 465.1117858886719], "obj_id": 2}, {"cam_R_m2c": [0.6490141749382019, -0.757759690284729, 0.06768162548542023, -0.12683163583278656, -0.19548925757408142, -0.9724699258804321, 0.7501295208930969, 0.6225625872612, -0.2229832112789154], "cam_t_m2c": [220.30804443359375, 34.526283264160156, 465.1117858886719], "obj_id": 0}, {"cam_R_m2c": [0.6490141749382019, -0.757759690284729, 0.06768162548542023, -0.12683163583278656, -0.19548925757408142, -0.9724699258804321, 0.7501295208930969, 0.6225625872612, -0.2229832112789154], "cam_t_m2c": [220.30804443359375, 34.526283264160156, 465.1117858886719], "obj_id": 2}, {"cam_R_m2c": [0.6490141749382019, -0.757759690284729, 0.06768162548542023, -0.12683163583278656, -0.19548925757408142, -0.9724699258804321, 0.7501295208930969, 0.6225625872612, -0.2229832112789154], "cam_t_m2c": [220.30804443359375, 34.526283264160156, 465.1117858886719], "obj_id": 1}, {"cam_R_m2c": [0.6490141749382019, -0.757759690284729, 0.06768162548542023, -0.12683163583278656, -0.19548925757408142, -0.9724699258804321, 0.7501295208930969, 0.6225625872612, -0.2229832112789154], "cam_t_m2c": [220.30804443359375, 34.526283264160156, 465.1117858886719], "obj_id": 3}, {"cam_R_m2c": [0.6490141749382019, -0.757759690284729, 0.06768162548542023, -0.12683163583278656, -0.19548925757408142, -0.9724699258804321, 0.7501295208930969, 0.6225625872612, -0.2229832112789154], "cam_t_m2c": [220.30804443359375, 34.526283264160156, 465.1117858886719], "obj_id": 0}, {"cam_R_m2c": [0.6490141749382019, -0.757759690284729, 0.06768162548542023, -0.12683163583278656, -0.19548925757408142, -0.9724699258804321, 0.7501295208930969, 0.6225625872612, -0.2229832112789154], "cam_t_m2c": [220.30804443359375, 34.526283264160156, 465.1117858886719], "obj_id": 1}, {"cam_R_m2c": [0.6490141749382019, -0.757759690284729, 0.06768162548542023, -0.12683163583278656, -0.19548925757408142, -0.9724699258804321, 0.7501295208930969, 0.6225625872612, -0.2229832112789154], "cam_t_m2c": [220.30804443359375, 34.526283264160156, 465.1117858886719], "obj_id": 3}, {"cam_R_m2c": [0.6490141749382019, -0.757759690284729, 0.06768162548542023, -0.12683163583278656, -0.19548925757408142, -0.9724699258804321, 0.7501295208930969, 0.6225625872612, -0.2229832112789154], "cam_t_m2c": [220.30804443359375, 34.526283264160156, 465.1117858886719], "obj_id": 3}, {"cam_R_m2c": [0.6490141749382019, -0.757759690284729, 0.06768162548542023, -0.12683163583278656, -0.19548925757408142, -0.9724699258804321, 0.7501295208930969, 0.6225625872612, -0.2229832112789154], "cam_t_m2c": [220.30804443359375, 34.526283264160156, 465.1117858886719], "obj_id": 0}, {"cam_R_m2c": [0.6490141749382019, -0.757759690284729, 0.06768162548542023, -0.12683163583278656, -0.19548925757408142, -0.9724699258804321, 0.7501295208930969, 0.6225625872612, -0.2229832112789154], "cam_t_m2c": [220.30804443359375, 34.526283264160156, 465.1117858886719], "obj_id": 3}, {"cam_R_m2c": [-0.2209474891424179, 0.7351065874099731, -0.640937089920044, 0.9324004650115967, 0.3519471287727356, 0.08223427832126617, 0.2860269248485565, -0.5794406533241272, -0.7631755471229553], "cam_t_m2c": [250.1607208251953, -19.595205307006836, 551.8344116210938], "obj_id": 1}, {"cam_R_m2c": [0.06817115098237991, 0.27218306064605713, 0.9598276019096375, -0.9878032207489014, 0.1534087210893631, 0.02665519341826439, -0.13999077677726746, -0.9499379396438599, 0.27932143211364746], "cam_t_m2c": [389.6659240722656, 115.79247283935547, 283.9716491699219], "obj_id": 2}, {"cam_R_m2c": [-0.03908950462937355, 0.25078997015953064, 0.9672520160675049, 0.598931610584259, 0.7807166576385498, -0.17822033166885376, -0.7998455762863159, 0.5723512172698975, -0.1807238608598709], "cam_t_m2c": [347.89288330078125, 80.35548400878906, 194.98452758789062], "obj_id": 3}],
  "7": [{"cam_R_m2c": [-0.5813137888908386, 0.8047354221343994, 0.12031220644712448, 0.5097401738166809, 0.47541990876197815, -0.7170361280441284, -0.634223222732544, -0.35549506545066833, -0.6865741014480591], "cam_t_m2c": [-223.1282958984375, -47.99767303466797, 461.9223937988281], "obj_id": 3}, {"cam_R_m2c": [-0.5813137888908386, 0.8047354221343994, 0.12031220644712448, 0.5097401738166809, 0.47541990876197815, -0.7170361280441284, -0.634223222732544, -0.35549506545066833, -0.6865741014480591], "cam_t_m2c": [-223.1282958984375, -47.99767303466797, 461.9223937988281], "obj_id": 2}, {"cam_R_m2c": [-0.5813137888908386, 0.8047354221343994, 0.12031220644712448, 0.5097401738166809, 0.47541990876197815, -0.7170361280441284, -0.634223222732544, -0.35549506545066833, -0.6865741014480591], "cam_t_m2c": [-223.1282958984375, -47.99767303466797, 461.9223937988281], "obj_id": 0}, {"cam_R_m2c": [-0.5813137888908386, 0.8047354221343994, 0.12031220644712448, 0.5097401738166809, 0.47541990876197815, -0.7170361280441284, -0.634223222732544, -0.35549506545066833, -0.6865741014480591], "cam_t_m2c": [-223.1282958984375, -47.99767303466797, 461.9223937988281], "obj_id": 2}, {"cam_R_m2c": [-0.5813137888908386, 0.8047354221343994, 0.12031220644712448, 0.5097401738166809, 0.47541990876197815, -0.7170361280441284, -0.634223222732544, -0.35549506545066833, -0.6865741014480591], "cam_t_m2c": [-223.1282958984375, -47.99767303466797, 461.9223937988281], "obj_id": 1}, {"cam_R_m2c": [-0.5813137888908386, 0.8047354221343994, 0.12031220644712448, 0.5097401738166809, 0.47541990876197815, -0.7170361280441284, -0.634223222732544, -0.35549506545066833, -0.6865741014480591], "cam_t_m2c": [-223.1282958984375, -47.99767303466797, 461.9223937988281], "obj_id": 3}, {"cam_R_m2c": [-0.5813137888908386, 0.8047354221343994, 0.12031220644712448, 0.5097401738166809, 0.47541990876197815, -0.7170361280441284, -0.634223222732544, -0.35549506545066833, -0.6865741014480591], "cam_t_m2c": [-223.1282958984375, -47.99767303466797, 461.9223937988281], "obj_id": 0}, {"cam_R_m2c": [-0.5813137888908386, 0.8047354221343994, 0.12031220644712448, 0.5097401738166809, 0.47541990876197815, -0.7170361280441284, -0.634223222732544, -0.35549506545066833, -0.6865741014480591], "cam_t_m2c": [-223.1282958984375, -47.99767303466797, 461.9223937988281], "obj_id": 1}, {"cam_R_m2c": [-0.5813137888908386, 0.8047354221343994, 0.12031220644712448, 0.5097401738166809, 0.47541990876197815, -0.7170361280441284, -0.634223222732544, -0.35549506545066833, -0.6865741014480591], "cam_t_m2c": [-223.1282958984375, -47.99767303466797, 461.9223937988281], "obj_id": 3}, {"cam_R_m2c": [-0.5813137888908386, 0.8047354221343994, 0.12031220644712448, 0.5097401738166809, 0.47541990876197815, -0.7170361280441284, -0.634223222732544, -0.35549506545066833, -0.6865741014480591], "cam_t_m2c": [-223.1282958984375, -47.99767303466797, 461.9223937988281], "obj_id": 3}, {"cam_R_m2c": [-0.5813137888908386, 0.8047354221343994, 0.12031220644712448, 0.5097401738166809, 0.47541990876197815, -0.7170361280441284, -0.634223222732544, -0.35549506545066833, -0.6865741014480591], "cam_t_m2c": [-223.1282958984375, -47.99767303466797, 461.9223937988281], "obj_id": 0}, {"cam_R_m2c": [-0.5813137888908386, 0.8047354221343994, 0.12031220644712448, 0.5097401738166809, 0.47541990876197815, -0.7170361280441284, -0.634223222732544, -0.35549506545066833, -0.6865741014480591], "cam_t_m2c": [-223.1282958984375, -47.99767303466797, 461.9223937988281], "obj_id": 3}, {"cam_R_m2c": [0.04016508162021637, -0.8122997879981995, 0.5818554162979126, 0.7602040767669678, -0.3530663251876831, -0.5453749299049377, 0.6484415531158447, 0.4642338752746582, 0.6033327579498291], "cam_t_m2c": [-238.19094848632812, -6.840439319610596, 364.8640441894531], "obj_id": 1}, {"cam_R_m2c": [0.12607170641422272, -0.33342334628105164, -0.9343096613883972, -0.6557825207710266, -0.7346954345703125, 0.1736994832754135, -0.7443487048149109, 0.5908054709434509, -0.3112773299217224], "cam_t_m2c": [-412.1227722167969, -169.1785888671875, 594.9423217773438], "obj_id": 2}, {"cam_R_m2c": [-0.11235462874174118, -0.38029712438583374, -0.918014407157898, -0.344166100025177, 0.881572425365448, -0.32307857275009155, 0.9321620464324951, 0.27965009212493896, -0.22993412613868713], "cam_t_m2c": [-367.5127868652344, -259.63995361328125, 622.25830078125], "obj_id": 3}],
