{
  "0": [{"cam_R_m2c": [0.2775203287601471, 0.94759601354599, 0.158253476023674, 0.08409707248210907, -0.1880524754524231, 0.9785518646240234, 0.9570318460464478, -0.25825929641723633, -0.13187836110591888], "cam_t_m2c": [225.4361572265625, 79.24787139892578, 924.8975830078125], "obj_id": 0}, {"cam_R_m2c": [0.2547091245651245, 0.7004390358924866, -0.6667145490646362, 0.6645702123641968, -0.6276330947875977, -0.4054909348487854, -0.7024739384651184, -0.3397964537143707, -0.6253547668457031], "cam_t_m2c": [43.972389221191406, -151.9724578857422, 1065.1131591796875], "obj_id": 0}, {"cam_R_m2c": [0.54873126745224, 0.6393442153930664, -0.5386399626731873, -0.6615302562713623, -0.06187055632472038, -0.7473618388175964, -0.5111474394798279, 0.7664273977279663, 0.3889952600002289], "cam_t_m2c": [-49.462162017822266, -52.74661636352539, 863.9927978515625], "obj_id": 2}, {"cam_R_m2c": [-0.823853075504303, 0.5282379984855652, 0.20550057291984558, -0.5151998996734619, -0.5467481017112732, -0.6600267291069031, -0.23629418015480042, -0.6496390104293823, 0.7225885391235352], "cam_t_m2c": [73.8564224243164, -129.28659057617188, 857.1156005859375], "obj_id": 1}],
  "1": [{"cam_R_m2c": [-0.40636080503463745, -0.8360487818717957, 0.36863696575164795, 0.252154678106308, -0.4903927445411682, -0.8342258930206299, 0.8782304525375366, -0.24604322016239166, 0.4100901186466217], "cam_t_m2c": [-152.3299560546875, -174.70172119140625, 1104.56884765625], "obj_id": 0}, {"cam_R_m2c": [0.2615163028240204, -0.8213787078857422, 0.5068985819816589, -0.9370682835578918, -0.09019502252340317, 0.3372948467731476, -0.23132705688476562, -0.563206672668457, -0.7932754158973694], "cam_t_m2c": [-141.66360473632812, 150.4682159423828, 1089.3670654296875], "obj_id": 0}, {"cam_R_m2c": [-0.6713593602180481, -0.741085410118103, 0.008293540216982365, -0.06836193799972534, 0.07306501269340515, 0.9949814081192017, -0.7379721999168396, 0.6674232482910156, -0.09971479326486588], "cam_t_m2c": [30.028230667114258, 33.77883529663086, 963.0732421875], "obj_id": 2}, {"cam_R_m2c": [0.5006533861160278, -0.5677900910377502, -0.6534222364425659, 0.6831458806991577, -0.20444555580615997, 0.701080322265625, -0.5316557288169861, -0.7973809838294983, 0.2855271100997925], "cam_t_m2c": [-109.89175415039062, 19.381088256835938, 926.76904296875], "obj_id": 1}]
}