{
  "0": [{"cam_R_m2c": [0.4320780038833618, -0.060890160501003265, 0.8997782468795776, -0.40376126766204834, 0.8790771961212158, 0.25337740778923035, -0.8064027428627014, -0.4727744162082672, 0.35524484515190125], "cam_t_m2c": [-4591.70654296875, -61615.54296875, -42558.98046875], "obj_id": 3}, {"cam_R_m2c": [0.9801068305969238, 0.022840537130832672, 0.1971520036458969, -0.16720718145370483, -0.44012537598609924, 0.8822308778762817, 0.10692223161458969, -0.8976457715034485, -0.4275507926940918], "cam_t_m2c": [165.1655731201172, 82.90013122558594, 667.0693969726562], "obj_id": 1}, {"cam_R_m2c": [-0.4143657386302948, -0.451626181602478, 0.7901484966278076, -0.632520318031311, 0.7671484351158142, 0.10677677392959595, -0.6543843746185303, -0.45554038882255554, -0.6035428047180176], "cam_t_m2c": [105.32616424560547, 138.14669799804688, 693.7041015625], "obj_id": 3}, {"cam_R_m2c": [0.37369289994239807, -0.8647066950798035, -0.3356124460697174, -0.20906449854373932, 0.27399417757987976, -0.9387326240539551, 0.9036843776702881, 0.42096227407455444, -0.07838975638151169], "cam_t_m2c": [200.95956420898438, 143.06385803222656, 659.9476318359375], "obj_id": 0}],
  "1": [{"cam_R_m2c": [-0.17300598323345184, 0.47615018486976624, -0.862177312374115, -0.7643779516220093, -0.616952121257782, -0.18733952939510345, -0.6211240291595459, 0.626618504524231, 0.4706953167915344], "cam_t_m2c": [4437.1015625, -17132.546875, -72731.7578125], "obj_id": 3}, {"cam_R_m2c": [-0.949059009552002, 0.21286317706108093, 0.23232761025428772, -0.315097838640213, -0.6421676278114319, -0.698809027671814, 0.0004425623337738216, -0.7364169359207153, 0.6765277981758118], "cam_t_m2c": [-29.48994255065918, -299.8796691894531, 715.7677612304688], "obj_id": 1}, {"cam_R_m2c": [0.45012128353118896, 0.7828367352485657, -0.42960160970687866, -0.1816880702972412, -0.3907419443130493, -0.9023913741111755, -0.8742884397506714, 0.4842390716075897, -0.03364919498562813], "cam_t_m2c": [27.499605178833008, -265.19586181640625, 769.341796875], "obj_id": 3}, {"cam_R_m2c": [-0.7392475605010986, 0.6695233583450317, 0.07246604561805725, 0.6468866467475891, 0.6760678291320801, 0.35280296206474304, 0.18721789121627808, 0.30768609046936035, -0.9328871965408325], "cam_t_m2c": [-42.0423698425293, -339.1926574707031, 772.5015258789062], "obj_id": 0}]
}