{
  "0": [{"cam_R_m2c": [-0.3527863621711731, -0.9317075610160828, -0.08638718724250793, 0.8540425896644592, -0.3583429753780365, 0.37709614634513855, -0.3822995722293854, 0.05925605073571205, 0.9221365451812744], "cam_t_m2c": [25.8323974609375, 3846.684326171875, 3528.796875], "obj_id": 2}, {"cam_R_m2c": [0.010912302881479263, -0.9154825210571289, 0.4022095799446106, 0.821187436580658, -0.2213049829006195, -0.5259991884231567, 0.5705540776252747, 0.3360292911529541, 0.7493679523468018], "cam_t_m2c": [-2.483163356781006, 3871.5517578125, 3568.505859375], "obj_id": 2}, {"cam_R_m2c": [-0.882515549659729, 0.46792149543762207, -0.047072235494852066, 0.4310343265533447, 0.844831645488739, 0.31696829199790955, 0.18808439373970032, 0.25943970680236816, -0.9472672939300537], "cam_t_m2c": [415.7530517578125, 3964.921630859375, 2977.801025390625], "obj_id": 0}, {"cam_R_m2c": [-0.7210307121276855, 0.5277369022369385, 0.44900810718536377, -0.0498608723282814, -0.685847282409668, 0.7260352969169617, 0.6911066770553589, 0.5011058449745178, 0.520830512046814], "cam_t_m2c": [-46.92600631713867, 3899.61767578125, 3529.00244140625], "obj_id": 0}, {"cam_R_m2c": [0.23690247535705566, 0.788877546787262, 0.5670533180236816, 0.6363861560821533, -0.5670242309570312, 0.5229687094688416, 0.7340912222862244, 0.23697227239608765, -0.636360228061676], "cam_t_m2c": [-63.473731994628906, 3877.912109375, 3559.545166015625], "obj_id": 3}, {"cam_R_m2c": [0.9944535493850708, 0.08145368844270706, 0.06653863191604614, 0.08920099586248398, -0.9883586764335632, -0.12324843555688858, 0.05572499707341194, 0.12850016355514526, -0.9901425838470459], "cam_t_m2c": [-289.876953125, 3878.835205078125, 3562.08447265625], "obj_id": 1}, {"cam_R_m2c": [-0.9882310628890991, -0.15296371281147003, -0.0011572447838261724, -0.08767657727003098, 0.5726065635681152, -0.81512850522995, 0.12534773349761963, -0.8054339289665222, -0.5792788863182068], "cam_t_m2c": [19.1008358001709, 5268.34716796875, 4458.69384765625], "obj_id": 2}, {"cam_R_m2c": [-0.9903706908226013, 0.1384410262107849, 4.1460276406724006e-05, 0.07976729422807693, 0.5708789825439453, -0.8171501755714417, -0.11315076798200607, -0.8092782497406006, -0.5764248967170715], "cam_t_m2c": [-51.82283401489258, 5271.5966796875, 4453.6572265625], "obj_id": 2}, {"cam_R_m2c": [-0.9011511206626892, 0.43350252509117126, 0.0014123828150331974, 0.25105443596839905, 0.5245345830917358, -0.8135324716567993, -0.3534092605113983, -0.7327612042427063, -0.5815175771713257], "cam_t_m2c": [-119.54926300048828, 5277.84033203125, 4445.35791015625], "obj_id": 2}, {"cam_R_m2c": [-0.9891682267189026, 0.14678525924682617, 2.5882208376515337e-08, 0.08501426130533218, 0.57290118932724, -0.8152034878730774, -0.11965987831354141, -0.8063735365867615, -0.5791743993759155], "cam_t_m2c": [-51.56761169433594, 5273.23291015625, 4451.654296875], "obj_id": 0}, {"cam_R_m2c": [-0.33771762251853943, 0.8943856954574585, -0.2932929992675781, 0.8059958815574646, 0.43572378158569336, 0.40064358711242676, 0.4861246645450592, -0.10108853876590729, -0.8680227994918823], "cam_t_m2c": [32.592041015625, 2586.2841796875, 2607.83251953125], "obj_id": 1}, {"cam_R_m2c": [0.5668973922729492, -0.6715893745422363, 0.4770691394805908, 0.37807443737983704, -0.30241718888282776, -0.8749876618385315, 0.7319064140319824, 0.6763958930969238, 0.0824713185429573], "cam_t_m2c": [-40.65769577026367, 2569.08642578125, 2632.0390625], "obj_id": 1}, {"cam_R_m2c": [0.42965826392173767, 0.44340983033180237, 0.7866265773773193, 0.6979511380195618, -0.71579909324646, 0.022262128069996834, 0.5729379653930664, 0.5394618511199951, -0.6170273423194885], "cam_t_m2c": [-52.02007293701172, 2615.941650390625, 2566.0888671875], "obj_id": 0}, {"cam_R_m2c": [-0.9620188474655151, 0.2728019952774048, 0.009934746660292149, 0.11822465062141418, 0.4491627514362335, -0.8855934143066406, -0.24605399370193481, -0.8507830500602722, -0.464354932308197], "cam_t_m2c": [25.037269592285156, 2559.5595703125, 2645.448486328125], "obj_id": 3}, {"cam_R_m2c": [0.6006813049316406, 0.4518486559391022, -0.6595564484596252, -0.5456766486167908, 0.8346477746963501, 0.0748332068324089, 0.5843105912208557, 0.31495368480682373, 0.7479206323623657], "cam_t_m2c": [130.91004943847656, 4027.177734375, 3568.771240234375], "obj_id": 0}, {"cam_R_m2c": [0.44624072313308716, 0.8508946895599365, -0.27721360325813293, 0.7874642610549927, -0.22617964446544647, 0.573360800743103, 0.42516958713531494, -0.47415271401405334, -0.7709797024726868], "cam_t_m2c": [22.669252395629883, 2608.260986328125, 2576.899658203125], "obj_id": 3}, {"cam_R_m2c": [-0.7941471934318542, -0.6016605496406555, -0.0856437236070633, 0.5333292484283447, -0.7575376033782959, 0.37642624974250793, -0.29135915637016296, 0.253261536359787, 0.922479510307312], "cam_t_m2c": [-61.15858459472656, 3935.44140625, 3483.885498046875], "obj_id": 2}, {"cam_R_m2c": [0.7840794324874878, -0.555757999420166, 0.2763195037841797, -0.606731116771698, -0.7801222205162048, 0.15259936451911926, 0.13075466454029083, -0.2873016595840454, -0.9488734602928162], "cam_t_m2c": [79.93547058105469, 3852.54541015625, 3584.14892578125], "obj_id": 3}, {"cam_R_m2c": [-0.7641958594322205, -0.14766272902488708, 0.6278536319732666, 0.6096034646034241, 0.15261772274971008, 0.7778761982917786, -0.2106848955154419, 0.9771916270256042, -0.02661401778459549], "cam_t_m2c": [-159.36231994628906, 3911.297607421875, 3547.418701171875], "obj_id": 3}, {"cam_R_m2c": [0.9230437874794006, 0.3831230103969574, 0.03474051505327225, -0.18647372722625732, 0.5245881676673889, -0.8306833505630493, -0.3364783823490143, 0.7602788805961609, 0.5556601881980896], "cam_t_m2c": [364.3015441894531, 3706.561279296875, 3462.532958984375], "obj_id": 0}, {"cam_R_m2c": [-0.5209797024726868, 0.7245991826057434, -0.4511493444442749, 0.6091459393501282, -0.05463000014424324, -0.7911741733551025, -0.5979306101799011, -0.687001645565033, -0.4129253625869751], "cam_t_m2c": [39.182132720947266, 1293.952392578125, 1657.102294921875], "obj_id": 2}, {"cam_R_m2c": [0.9323186874389648, -0.30838537216186523, 0.1888924539089203, -0.28977441787719727, -0.3245466649532318, 0.9003889560699463, -0.2163623571395874, -0.8941856622695923, -0.391943097114563], "cam_t_m2c": [-33.61012268066406, 1305.828369140625, 1640.3865966796875], "obj_id": 1}, {"cam_R_m2c": [0.058947719633579254, -0.3103099763393402, 0.9488059282302856, -0.7732600569725037, 0.586916983127594, 0.23999427258968353, -0.631342887878418, -0.7478208541870117, -0.20535285770893097], "cam_t_m2c": [-38.01604080200195, 1305.7371826171875, 1640.5147705078125], "obj_id": 2}, {"cam_R_m2c": [-0.5662412643432617, -0.7720491290092468, 0.2886359691619873, -0.7713188529014587, 0.3728778064250946, -0.5157802104949951, 0.29058176279067993, -0.5146865248680115, -0.8066348433494568], "cam_t_m2c": [-57.61742401123047, 1258.5771484375, 1706.89404296875], "obj_id": 0}, {"cam_R_m2c": [0.8694235682487488, 0.3574918806552887, 0.34103110432624817, -0.2603074610233307, -0.25523337721824646, 0.9311798214912415, 0.4199317693710327, -0.8983626365661621, -0.1288481056690216], "cam_t_m2c": [-16.595989227294922, 1243.076904296875, 1702.2462158203125], "obj_id": 3}, {"cam_R_m2c": [0.4919548034667969, 0.8297854661941528, -0.2635080814361572, 0.680111289024353, -0.5552365183830261, -0.4787074625492096, -0.5435338616371155, 0.05628759413957596, -0.8374976515769958], "cam_t_m2c": [32.07624053955078, 1249.337158203125, 1719.8994140625], "obj_id": 0}, {"cam_R_m2c": [-0.3603014051914215, 0.3048921227455139, -0.8816027641296387, -0.2703925669193268, 0.870370090007782, 0.41151392459869385, 0.8927880525588989, 0.38664793968200684, -0.23115497827529907], "cam_t_m2c": [104.55847930908203, 4073.860107421875, 3200.24267578125], "obj_id": 0}, {"cam_R_m2c": [0.620537281036377, -0.14009232819080353, -0.771561861038208, -0.44164353609085083, 0.7505970597267151, -0.49148252606391907, 0.6479849815368652, 0.6457385420799255, 0.4039025604724884], "cam_t_m2c": [184.559814453125, 3735.576904296875, 3406.437744140625], "obj_id": 0}, {"cam_R_m2c": [0.9944729804992676, 0.08139053732156754, 0.06632545590400696, 0.08911189436912537, -0.9883641600608826, -0.12326908856630325, 0.055520765483379364, 0.1284981667995453, -0.9901543259620667], "cam_t_m2c": [-37.75166702270508, 3900.553955078125, 3569.470703125], "obj_id": 1}, {"cam_R_m2c": [0.9944840669631958, 0.08135730028152466, 0.06619952619075775, 0.08906460553407669, -0.9883641004562378, -0.12330454587936401, 0.055397503077983856, 0.1285204440355301, -0.9901584386825562], "cam_t_m2c": [99.11050415039062, 3899.827392578125, 3477.230712890625], "obj_id": 1}, {"cam_R_m2c": [0.7571260333061218, 0.6295257806777954, 0.17452068626880646, -0.5339789390563965, 0.44247958064079285, 0.7204708456993103, 0.3763331472873688, -0.6386775970458984, 0.6711663603782654], "cam_t_m2c": [32.32748794555664, -54.453365325927734, 785.2975463867188], "obj_id": 2}, {"cam_R_m2c": [-0.3174833059310913, -0.8483051657676697, -0.4237716794013977, -0.7529025673866272, 0.4971890449523926, -0.43120846152305603, 0.5764910578727722, 0.18215727806091309, -0.7965403199195862], "cam_t_m2c": [-33.3873405456543, -5.923955917358398, 716.9911499023438], "obj_id": 0}, {"cam_R_m2c": [0.7274670600891113, -0.022908980026841164, -0.6857600212097168, -0.5352866053581238, 0.6063087582588196, -0.5880968570709229, 0.42925503849983215, 0.7948992252349854, 0.4288068115711212], "cam_t_m2c": [45.75961685180664, -11.390406608581543, 724.685302734375], "obj_id": 0}, {"cam_R_m2c": [0.6066234111785889, 0.1122516393661499, -0.7870244979858398, 0.6566303968429565, -0.6288262605667114, 0.4164299964904785, -0.4481567442417145, -0.769400417804718, -0.45516854524612427], "cam_t_m2c": [-58.879695892333984, -52.6982307434082, 782.8271484375], "obj_id": 2}, {"cam_R_m2c": [0.3725857734680176, -0.16529510915279388, 0.9131578803062439, 0.613102912902832, -0.6948241591453552, -0.3759310841560364, 0.6966237425804138, 0.6999263167381287, -0.15753865242004395], "cam_t_m2c": [41.48971939086914, 3847.75537109375, 3554.68017578125], "obj_id": 3}, {"cam_R_m2c": [-0.22024676203727722, -0.5759471654891968, 0.7872586250305176, 0.9748955965042114, -0.10290928184986115, 0.19745396077632904, -0.03270677849650383, 0.8109835982322693, 0.5841538906097412], "cam_t_m2c": [16.081356048583984, -24.20514488220215, 742.722412109375], "obj_id": 3}, {"cam_R_m2c": [0.9944686889648438, 0.08142291009426117, 0.06635022163391113, 0.08914565294981003, -0.9883646368980408, -0.12324032932519913, 0.05554363131523132, 0.12847349047660828, -0.9901561737060547], "cam_t_m2c": [-166.34930419921875, 3902.89111328125, 3668.855224609375], "obj_id": 1}, {"cam_R_m2c": [0.3253643810749054, 0.6985759139060974, 0.6372831463813782, 0.6077169179916382, -0.6708188056945801, 0.4250674843788147, 0.7244433760643005, 0.2489859014749527, -0.6427969932556152], "cam_t_m2c": [-60.12128448486328, 3894.318359375, 3572.657958984375], "obj_id": 3}, {"cam_R_m2c": [0.3945370018482208, -0.5969222187995911, 0.6985874176025391, 0.1607624888420105, -0.7036929726600647, -0.6920776963233948, 0.904707670211792, 0.3853569030761719, -0.1816701889038086], "cam_t_m2c": [-145.39865112304688, 3952.610595703125, 3539.90087890625], "obj_id": 3}, {"cam_R_m2c": [-0.6119921803474426, -0.7861713171005249, -0.08602499961853027, 0.7105705142021179, -0.5943509340286255, 0.37661197781562805, -0.347210556268692, 0.16935673356056213, 0.9223682284355164], "cam_t_m2c": [-13.234253883361816, 3900.0576171875, 3503.07470703125], "obj_id": 2}],
  "1": [{"cam_R_m2c": [-0.33301103115081787, -0.937671959400177, -0.09937234222888947, 0.9281141757965088, -0.34455999732017517, 0.1410050243139267, -0.1664562076330185, -0.045272648334503174, 0.9850090146064758], "cam_t_m2c": [22.1429386138916, 3048.72998046875, 4567.31201171875], "obj_id": 2}, {"cam_R_m2c": [0.011165106669068336, -0.9250198602676392, 0.37975460290908813, 0.6558629274368286, -0.2798989713191986, -0.7010708451271057, 0.7547973990440369, 0.2568944990634918, 0.6035611629486084], "cam_t_m2c": [-6.602546215057373, 3063.623046875, 4611.45849609375], "obj_id": 2}, {"cam_R_m2c": [-0.8799030780792236, 0.47455963492393494, -0.023740744218230247, 0.3880733847618103, 0.7465788722038269, 0.5403878688812256, 0.2741706073284149, 0.46627581119537354, -0.8410810232162476], "cam_t_m2c": [424.5761413574219, 3291.201904296875, 4068.4443359375], "obj_id": 0}, {"cam_R_m2c": [-0.7352651357650757, 0.507923424243927, 0.4487750232219696, -0.20440025627613068, -0.7974664568901062, 0.5676864385604858, 0.6462242603302002, 0.3256703019142151, 0.6901689171791077], "cam_t_m2c": [-49.8499755859375, 3101.339111328125, 4579.3564453125], "obj_id": 0}, {"cam_R_m2c": [0.23122459650039673, 0.7759180665016174, 0.5869295597076416, 0.43243715167045593, -0.62237548828125, 0.6524161100387573, 0.8715120553970337, 0.10295550525188446, -0.47944432497024536], "cam_t_m2c": [-67.30690002441406, 3073.117919921875, 4603.3701171875], "obj_id": 3}, {"cam_R_m2c": [0.9943097233772278, 0.06490885466337204, 0.08446893841028214, 0.05432281643152237, -0.9910309910774231, 0.12209206074476242, 0.09163620322942734, -0.11680872738361359, -0.9889177680015564], "cam_t_m2c": [-293.68017578125, 3077.596435546875, 4602.47802734375], "obj_id": 1}, {"cam_R_m2c": [-0.9916685819625854, -0.12880940735340118, -0.0011537992395460606, -0.0973614975810051, 0.7553644776344299, -0.6480318307876587, 0.08434413373470306, -0.642520546913147, -0.7616122961044312], "cam_t_m2c": [17.007362365722656, 4198.8427734375, 5817.5498046875], "obj_id": 2}, {"cam_R_m2c": [-0.9866984486579895, 0.16256065666675568, -4.077349149156362e-05, 0.12346228957176208, 0.7492190003395081, -0.6507133841514587, -0.10574984550476074, -0.6420629620552063, -0.7593232989311218], "cam_t_m2c": [-53.749122619628906, 4204.54541015625, 5812.34423828125], "obj_id": 2}, {"cam_R_m2c": [-0.8903072476387024, 0.45535776019096375, 0.0014821463264524937, 0.3467456102371216, 0.6800534129142761, -0.6459835767745972, -0.2951616048812866, -0.5746099948883057, -0.7633497714996338], "cam_t_m2c": [-121.20211791992188, 4213.8896484375, 5804.76123046875], "obj_id": 2}, {"cam_R_m2c": [-0.9852928519248962, 0.17087320983409882, -1.3864505099547841e-08, 0.1301218867301941, 0.7503117918968201, -0.6481515765190125, -0.11075174063444138, -0.6386192440986633, -0.7615111470222473], "cam_t_m2c": [-53.43102264404297, 4206.61767578125, 5810.80859375], "obj_id": 0}, {"cam_R_m2c": [-0.3358965516090393, 0.9022866487503052, -0.2702818810939789, 0.6683174967765808, 0.4305155873298645, 0.606636643409729, 0.6637207269668579, 0.023133033886551857, -0.7476226687431335], "cam_t_m2c": [29.40750503540039, 2052.737548828125, 3365.32421875], "obj_id": 1}, {"cam_R_m2c": [0.5575149655342102, -0.6891142725944519, 0.4629238545894623, 0.17646273970603943, -0.4465124309062958, -0.8772042393684387, 0.8111953735351562, 0.5707432627677917, -0.12733429670333862], "cam_t_m2c": [-44.54483413696289, 2031.49267578125, 3383.40625], "obj_id": 1}, {"cam_R_m2c": [0.42799779772758484, 0.42243537306785583, 0.7989782094955444, 0.5280469059944153, -0.8343371152877808, 0.15826541185379028, 0.7334741353988647, 0.35416072607040405, -0.5801601409912109], "cam_t_m2c": [-53.930198669433594, 2093.2919921875, 3330.806640625], "obj_id": 0}, {"cam_R_m2c": [-0.9551685452461243, 0.2959873378276825, 0.006653671618551016, 0.1928010880947113, 0.6389215588569641, -0.744719386100769, -0.22467869520187378, -0.7100498080253601, -0.6673443913459778], "cam_t_m2c": [20.729286193847656, 2017.749755859375, 3395.103759765625], "obj_id": 3}, {"cam_R_m2c": [0.5811718106269836, 0.4572436809539795, -0.673177182674408, -0.6833577156066895, 0.7233937978744507, -0.09860853105783463, 0.4418841004371643, 0.5173293352127075, 0.7328770756721497], "cam_t_m2c": [128.94461059570312, 3211.927001953125, 4652.03173828125], "obj_id": 0}, {"cam_R_m2c": [0.44877883791923523, 0.8568753600120544, -0.25369685888290405, 0.6507373452186584, -0.11877544969320297, 0.7499554753303528, 0.612485408782959, -0.5016541481018066, -0.6109047532081604], "cam_t_m2c": [20.413372039794922, 2081.80859375, 3340.58056640625], "obj_id": 3}, {"cam_R_m2c": [-0.7805806994438171, -0.6172218322753906, -0.0986453965306282, 0.6031492948532104, -0.785199761390686, 0.14025774598121643, -0.16402648389339447, 0.04998459666967392, 0.9851887226104736], "cam_t_m2c": [-62.67488098144531, 3147.390380859375, 4544.1962890625], "obj_id": 2}, {"cam_R_m2c": [0.7726728916168213, -0.5609015822410583, 0.2972642183303833, -0.6347284317016602, -0.6753926277160645, 0.37545233964920044, -0.009821747429668903, -0.47878387570381165, -0.8778777718544006], "cam_t_m2c": [75.21189880371094, 3039.8330078125, 4623.2578125], "obj_id": 3}, {"cam_R_m2c": [-0.751164972782135, -0.16489648818969727, 0.6391871571540833, 0.6567428708076477, -0.08894199132919312, 0.7488511204719543, -0.06663232296705246, 0.9822924137115479, 0.1751047819852829], "cam_t_m2c": [-162.45404052734375, 3110.23388671875, 4598.29638671875], "obj_id": 3}, {"cam_R_m2c": [0.9268260598182678, 0.3753010630607605, 0.011942282319068909, -0.11538811773061752, 0.3149344325065613, -0.9420731663703918, -0.357322096824646, 0.8717598915100098, 0.33519473671913147], "cam_t_m2c": [359.84930419921875, 2922.8701171875, 4474.0361328125], "obj_id": 0}, {"cam_R_m2c": [-0.50032639503479, 0.7372744679450989, -0.453981876373291, 0.746737003326416, 0.10204518586397171, -0.6572445631027222, -0.4382430613040924, -0.6678420305252075, -0.6016059517860413], "cam_t_m2c": [36.643367767333984, 1033.0953369140625, 2126.64306640625], "obj_id": 2}, {"cam_R_m2c": [0.9322497248649597, -0.29509609937667847, 0.20935311913490295, -0.24514248967170715, -0.08958882093429565, 0.9653387069702148, -0.26611199975013733, -0.95125812292099, -0.15585973858833313], "cam_t_m2c": [-35.62698745727539, 1050.057861328125, 2112.2060546875], "obj_id": 1}, {"cam_R_m2c": [0.06056037172675133, -0.28705236315727234, 0.9559985995292664, -0.5957991480827332, 0.7580313682556152, 0.26535236835479736, -0.8008469343185425, -0.5856529474258423, -0.1251188963651657], "cam_t_m2c": [-40.035430908203125, 1050.0198974609375, 2112.238037109375], "obj_id": 2}, {"cam_R_m2c": [-0.5827500224113464, -0.7563149333000183, 0.2973044514656067, -0.8083672523498535, 0.5019761919975281, -0.30750980973243713, 0.0833345428109169, -0.41953256726264954, -0.9039068222045898], "cam_t_m2c": [-61.617454528808594, 988.3953247070312, 2164.689208984375], "obj_id": 0}, {"cam_R_m2c": [0.8571352958679199, 0.371645450592041, 0.3566493093967438, -0.371437132358551, -0.03375047445297241, 0.9278444647789001, 0.3568662405014038, -0.9277610182762146, 0.10911419987678528], "cam_t_m2c": [-20.734804153442383, 973.7485961914062, 2157.02783203125], "obj_id": 3}, {"cam_R_m2c": [0.5122275352478027, 0.8205738663673401, -0.25353774428367615, 0.7833666205406189, -0.5674042105674744, -0.2537499964237213, -0.35207903385162354, -0.06863527745008469, -0.9334502220153809], "cam_t_m2c": [27.660306930541992, 974.5838623046875, 2176.44482421875], "obj_id": 0}, {"cam_R_m2c": [-0.38176998496055603, 0.30940988659858704, -0.8709288835525513, -0.47431567311286926, 0.7431690692901611, 0.47193679213523865, 0.7932693362236023, 0.5932665467262268, -0.1369616687297821], "cam_t_m2c": [110.58961486816406, 3348.031494140625, 4305.8740234375], "obj_id": 0}, {"cam_R_m2c": [0.6012256741523743, -0.14228709042072296, -0.7863091230392456, -0.5985015034675598, 0.5718096494674683, -0.561096727848053, 0.5294559597969055, 0.8079529404640198, 0.25862759351730347], "cam_t_m2c": [181.68666076660156, 2968.08935546875, 4423.94580078125], "obj_id": 0}, {"cam_R_m2c": [0.994331955909729, 0.06484568119049072, 0.08425575494766235, 0.0542861707508564, -0.9910348653793335, 0.12207887321710587, 0.09141666442155838, -0.11681300401687622, -0.9889377951622009], "cam_t_m2c": [-41.46995544433594, 3092.153076171875, 4618.95556640625], "obj_id": 1}, {"cam_R_m2c": [0.9943448305130005, 0.06481200456619263, 0.0841294527053833, 0.054270341992378235, -0.9910391569137573, 0.1220477968454361, 0.09128576517105103, -0.11679186671972275, -0.9889519810676575], "cam_t_m2c": [97.17565155029297, 3111.5244140625, 4531.53662109375], "obj_id": 1}, {"cam_R_m2c": [0.7418714165687561, 0.6482921838760376, 0.17130078375339508, -0.623927652835846, 0.5738063454627991, 0.5305285453796387, 0.24564404785633087, -0.5004632472991943, 0.8301780223846436], "cam_t_m2c": [28.076555252075195, -60.00200653076172, 950.48291015625], "obj_id": 2}, {"cam_R_m2c": [-0.33949190378189087, -0.8446503281593323, -0.4138970971107483, -0.8652452230453491, 0.45301443338394165, -0.21477538347244263, 0.3689114451408386, 0.28520798683166504, -0.8846244215965271], "cam_t_m2c": [-35.57456588745117, 5.0073723793029785, 895.1509399414062], "obj_id": 0}, {"cam_R_m2c": [0.7111504077911377, -0.030143873766064644, -0.7023933529853821, -0.6376210451126099, 0.3931995928287506, -0.6624449491500854, 0.2961493730545044, 0.9189587831497192, 0.26040369272232056], "cam_t_m2c": [43.318580627441406, -3.6482746601104736, 902.51806640625], "obj_id": 0}, {"cam_R_m2c": [0.6246334314346313, 0.11863470077514648, -0.7718541622161865, 0.7350892424583435, -0.4229376018047333, 0.5298749208450317, -0.2635846734046936, -0.8983592987060547, -0.35138800740242004], "cam_t_m2c": [-63.02954864501953, -56.00057601928711, 947.0771484375], "obj_id": 2}, {"cam_R_m2c": [0.3672834634780884, -0.18898332118988037, 0.9107074737548828, 0.4165356755256653, -0.8420450687408447, -0.3427216112613678, 0.8316254615783691, 0.5052181482315063, -0.23055094480514526], "cam_t_m2c": [37.29597854614258, 3043.130615234375, 4592.91064453125], "obj_id": 3}, {"cam_R_m2c": [-0.20575590431690216, -0.5933582782745361, 0.7781968116760254, 0.9570704102516174, -0.2879098057746887, 0.03352527320384979, 0.20415806770324707, 0.751687228679657, 0.6271249651908875], "cam_t_m2c": [13.109365463256836, -19.940998077392578, 916.385498046875], "obj_id": 3}, {"cam_R_m2c": [0.9943276643753052, 0.06487853080034256, 0.08428096771240234, 0.054313357919454575, -0.991029679775238, 0.12210677564144135, 0.09144705533981323, -0.1168365627527237, -0.9889320135116577], "cam_t_m2c": [-171.97280883789062, 3072.4375, 4713.82666015625], "obj_id": 1}, {"cam_R_m2c": [0.3194470703601837, 0.6839377880096436, 0.6558830142021179, 0.40537068247795105, -0.7242507934570312, 0.5577948093414307, 0.8565208911895752, 0.08768988400697708, -0.5086080431938171], "cam_t_m2c": [-63.98440933227539, 3085.742919921875, 4620.16064453125], "obj_id": 3}, {"cam_R_m2c": [0.3786987364292145, -0.6143511533737183, 0.692213773727417, -0.0733463391661644, -0.7654877305030823, -0.6392564177513123, 0.9226090908050537, 0.19131425023078918, -0.33494964241981506], "cam_t_m2c": [-147.76129150390625, 3151.861572265625, 4601.37255859375], "obj_id": 3}, {"cam_R_m2c": [-0.5948646068572998, -0.797703206539154, -0.09902173280715942, 0.785258948802948, -0.6030219793319702, 0.1404721587896347, -0.17176741361618042, 0.005804236046969891, 0.985120415687561], "cam_t_m2c": [-15.646401405334473, 3107.497314453125, 4554.8662109375], "obj_id": 2}],
  "2": [{"cam_R_m2c": [0.6822478771209717, -0.49619027972221375, -0.5369665622711182, 0.6996529698371887, 0.22994104027748108, 0.6764708757400513, -0.21218761801719666, -0.8372110724449158, 0.5040377974510193], "cam_t_m2c": [-20.87423324584961, 3975.803955078125, 3460.420166015625], "obj_id": 2}, {"cam_R_m2c": [0.013033819384872913, -0.6327491998672485, -0.7742469906806946, 0.8379091024398804, 0.42945435643196106, -0.33686375617980957, 0.5456539988517761, -0.6443580389022827, 0.5357838273048401], "cam_t_m2c": [-45.77368927001953, 4024.358154296875, 3464.83447265625], "obj_id": 2}, {"cam_R_m2c": [-0.14372354745864868, 0.39305049180984497, 0.9082151651382446, 0.8600475192070007, 0.5036064982414246, -0.08184589445590973, -0.4895526170730591, 0.7693450450897217, -0.4104222059249878], "cam_t_m2c": [582.3429565429688, 3660.46923828125, 3539.841552734375], "obj_id": 0}, {"cam_R_m2c": [-0.7638430595397949, -0.6348180770874023, 0.11640331149101257, 0.5918470025062561, -0.6170393228530884, 0.5186322927474976, -0.25741174817085266, 0.46504664421081543, 0.8470364809036255], "cam_t_m2c": [-10.999042510986328, 4054.448974609375, 3417.8388671875], "obj_id": 0}, {"cam_R_m2c": [-0.15795588493347168, -0.29108402132987976, 0.9435675740242004, 0.638666570186615, -0.7588971257209778, -0.12719985842704773, 0.7530967593193054, 0.5825331211090088, 0.3057781159877777], "cam_t_m2c": [-51.53324508666992, 4057.626708984375, 3412.8671875], "obj_id": 3}, {"cam_R_m2c": [0.2725246250629425, -0.6305832266807556, 0.7267014980316162, -0.4273023307323456, -0.7560409307479858, -0.49579694867134094, 0.8620573878288269, -0.1754043996334076, -0.47548937797546387], "cam_t_m2c": [-113.68897247314453, 4176.89404296875, 3230.719970703125], "obj_id": 1}, {"cam_R_m2c": [-0.41221749782562256, 0.9110853672027588, -0.00018624370568431914, 0.4922312796115875, 0.22253645956516266, -0.8415377140045166, -0.7666712999343872, -0.34698835015296936, -0.5401980876922607], "cam_t_m2c": [40.26697540283203, 5418.3212890625, 4355.56494140625], "obj_id": 2}, {"cam_R_m2c": [-0.13204699754714966, 0.9912382364273071, -0.00323468167334795, 0.5340812802314758, 0.06839732825756073, -0.8426618576049805, -0.8350573778152466, -0.11299853026866913, -0.5384334325790405], "cam_t_m2c": [27.02809715270996, 5455.80615234375, 4296.525390625], "obj_id": 2}, {"cam_R_m2c": [0.17613457143306732, 0.9843610525131226, 0.0031513688154518604, 0.5307790040969849, -0.09227671474218369, -0.8424717783927917, -0.8290055990219116, 0.15006110072135925, -0.5387312769889832], "cam_t_m2c": [18.879100799560547, 5492.728515625, 4239.38427734375], "obj_id": 2}, {"cam_R_m2c": [-0.12368497252464294, 0.9923214316368103, 4.4024851320045855e-08, 0.535089910030365, 0.06669490039348602, -0.8421581387519836, -0.8356916904449463, -0.10416238754987717, -0.5392302870750427], "cam_t_m2c": [29.58255958557129, 5456.19287109375, 4296.24365234375], "obj_id": 0}, {"cam_R_m2c": [-0.02256767451763153, 0.5622198581695557, 0.8266798257827759, 0.9760885834693909, -0.16642707586288452, 0.13983240723609924, 0.21619844436645508, 0.8100684285163879, -0.5450205206871033], "cam_t_m2c": [0.9593349695205688, 2660.7861328125, 2619.5390625], "obj_id": 1}, {"cam_R_m2c": [-0.21193498373031616, -0.8799622654914856, -0.42514708638191223, 0.267465204000473, 0.3661932349205017, -0.8912715315818787, 0.9399712681770325, -0.3026036322116852, 0.15775008499622345], "cam_t_m2c": [-47.27938461303711, 2694.54833984375, 2566.809814453125], "obj_id": 1}, {"cam_R_m2c": [0.05462243780493736, -0.7042550444602966, 0.7078427076339722, 0.5263303518295288, -0.5821113586425781, -0.6197764873504639, 0.8485239148139954, 0.40641283988952637, 0.33887436985969543], "cam_t_m2c": [27.61625099182129, 2712.142822265625, 2539.33203125], "obj_id": 0}, {"cam_R_m2c": [0.001389700686559081, 0.9919285178184509, -0.12679123878479004, 0.4998061954975128, -0.11050776392221451, -0.8590587377548218, -0.8661362528800964, -0.0621771477162838, -0.495925635099411], "cam_t_m2c": [-45.52020263671875, 2658.04248046875, 2623.82421875], "obj_id": 3}, {"cam_R_m2c": [-0.6024027466773987, 0.3394607603549957, -0.7224106788635254, -0.5161892175674438, 0.5246498584747314, 0.6769720911979675, 0.6088180541992188, 0.7807105183601379, -0.14082448184490204], "cam_t_m2c": [76.60499572753906, 4075.025634765625, 3621.261962890625], "obj_id": 0}, {"cam_R_m2c": [0.2250683754682541, 0.47422829270362854, 0.8511472940444946, 0.5319949984550476, -0.7916653156280518, 0.30041199922561646, 0.8162876963615417, 0.38519287109375, -0.4304658770561218], "cam_t_m2c": [34.85673904418945, 2671.424560546875, 2602.924072265625], "obj_id": 3}, {"cam_R_m2c": [0.31358474493026733, -0.7828502655029297, -0.5374104380607605, 0.7155618071556091, -0.17721976339817047, 0.6756954789161682, -0.6242081522941589, -0.5964382290840149, 0.5046043992042542], "cam_t_m2c": [40.6098747253418, 4072.744873046875, 3394.964111328125], "obj_id": 2}, {"cam_R_m2c": [-0.2311045378446579, -0.35860177874565125, 0.9044310450553894, -0.8262830972671509, -0.4184413552284241, -0.3770453631877899, 0.5136604309082031, -0.8344529271125793, -0.19960294663906097], "cam_t_m2c": [-46.576454162597656, 3972.688720703125, 3533.59814453125], "obj_id": 3}, {"cam_R_m2c": [0.300811767578125, -0.7218840718269348, 0.6232139468193054, 0.7885959148406982, 0.5557711124420166, 0.26312533020973206, -0.5363103151321411, 0.4123128056526184, 0.736457347869873], "cam_t_m2c": [-49.07857894897461, 4128.669921875, 3339.36083984375], "obj_id": 3}, {"cam_R_m2c": [0.40759310126304626, -0.2017175257205963, -0.8906053304672241, -0.7476320266723633, 0.4862823188304901, -0.4523005485534668, 0.5243225693702698, 0.8501996994018555, 0.04739483445882797], "cam_t_m2c": [43.69221496582031, 3667.526611328125, 3658.87158203125], "obj_id": 0}, {"cam_R_m2c": [0.6698750257492065, 0.7032708525657654, -0.23807047307491302, 0.5186312794685364, -0.6726644039154053, -0.527772843837738, -0.5313088297843933, 0.2300710529088974, -0.8153393864631653], "cam_t_m2c": [28.307247161865234, 1310.2496337890625, 1753.8853759765625], "obj_id": 2}, {"cam_R_m2c": [0.25810134410858154, 0.4385360777378082, 0.8608540892601013, -0.7875791788101196, -0.42056915163993835, 0.45037826895713806, 0.5595558285713196, -0.7942339777946472, 0.23683243989944458], "cam_t_m2c": [28.553585052490234, 1351.0289306640625, 1690.1973876953125], "obj_id": 1}, {"cam_R_m2c": [0.0801742672920227, 0.8316529989242554, 0.5494773387908936, -0.8597752451896667, 0.33661437034606934, -0.3840276598930359, -0.5043397545814514, -0.44163790345191956, 0.7420225143432617], "cam_t_m2c": [27.22127914428711, 1353.294921875, 1686.6580810546875], "obj_id": 2}, {"cam_R_m2c": [-0.8103582262992859, 0.4053744375705719, 0.42307305335998535, -0.19242845475673676, 0.49787792563438416, -0.8456292152404785, -0.553435206413269, -0.7666739821434021, -0.3254537880420685], "cam_t_m2c": [-56.479740142822266, 1351.710693359375, 1689.132568359375], "obj_id": 0}, {"cam_R_m2c": [-0.24204640090465546, 0.6589497923851013, 0.7121787071228027, -0.4968135356903076, -0.7146533131599426, 0.4923887252807617, 0.83342045545578, -0.23463907837867737, 0.5003546476364136], "cam_t_m2c": [-50.484519958496094, 1316.74169921875, 1715.3211669921875], "obj_id": 3}, {"cam_R_m2c": [0.9382205009460449, -0.13163676857948303, 0.32002192735671997, 0.0671909898519516, -0.8379136323928833, -0.5416510701179504, 0.33945196866989136, 0.529690682888031, -0.7773029208183289], "cam_t_m2c": [-47.811492919921875, 1302.808837890625, 1765.5062255859375], "obj_id": 0}, {"cam_R_m2c": [-0.9486169815063477, 0.26370105147361755, 0.17489175498485565, 0.30919769406318665, 0.6550317406654358, 0.6894418597221375, 0.0672469288110733, 0.7080925703048706, -0.7029099464416504], "cam_t_m2c": [385.02618408203125, 3988.33544921875, 3431.39892578125], "obj_id": 0}, {"cam_R_m2c": [-0.5890406370162964, -0.1258731484413147, -0.7982397675514221, -0.422819048166275, 0.8898000121116638, 0.1716974377632141, 0.6886616349220276, 0.4386478066444397, -0.5773499011993408], "cam_t_m2c": [55.76762008666992, 3762.49951171875, 3494.159912109375], "obj_id": 0}, {"cam_R_m2c": [0.2726403474807739, -0.630601704120636, 0.7266421318054199, -0.4274566173553467, -0.7560131549835205, -0.4957065284252167, 0.8619443774223328, -0.1754583865404129, -0.475674569606781], "cam_t_m2c": [-39.800716400146484, 4065.374755859375, 3445.65576171875], "obj_id": 1}, {"cam_R_m2c": [0.27271395921707153, -0.6306279301643372, 0.7265917062759399, -0.42754438519477844, -0.7559876441955566, -0.49566978216171265, 0.8618775606155396, -0.1754741370677948, -0.4757898449897766], "cam_t_m2c": [68.91690063476562, 3959.59130859375, 3510.696044921875], "obj_id": 1}, {"cam_R_m2c": [-0.3906061053276062, 0.917218804359436, -0.07833625376224518, -0.6653937101364136, -0.22250695526599884, 0.7125601172447205, 0.636143147945404, 0.3304547667503357, 0.6972241997718811], "cam_t_m2c": [-41.22301483154297, -47.29358673095703, 899.1746826171875], "obj_id": 2}, {"cam_R_m2c": [-0.9579620957374573, -0.09298672527074814, 0.2714073956012726, -0.2017032653093338, 0.8910367488861084, -0.4066561758518219, -0.20402033627033234, -0.4443050026893616, -0.8723351955413818], "cam_t_m2c": [21.89061737060547, -1.0453897714614868, 826.9453125], "obj_id": 0}, {"cam_R_m2c": [-0.4408484101295471, -0.2921266257762909, -0.8487134575843811, -0.6314146518707275, 0.772969126701355, 0.061921149492263794, 0.637940526008606, 0.5631880164146423, -0.5252152681350708], "cam_t_m2c": [34.00919723510742, -43.52656936645508, 893.29150390625], "obj_id": 0}, {"cam_R_m2c": [0.8809425830841064, 0.28348013758659363, 0.3789183497428894, 0.02481899969279766, -0.8272932767868042, 0.5612214803695679, 0.47257182002067566, -0.48499953746795654, -0.7358335256576538], "cam_t_m2c": [-62.74729919433594, 0.5268773436546326, 824.48974609375], "obj_id": 2}, {"cam_R_m2c": [-0.10515780746936798, -0.9817119240760803, 0.15869273245334625, 0.5363842844963074, -0.19036735594272614, -0.8222237825393677, 0.8373969197273254, -0.0013430322287604213, 0.5465936064720154], "cam_t_m2c": [-36.40843200683594, 3978.070556640625, 3486.300537109375], "obj_id": 3}, {"cam_R_m2c": [0.5106396079063416, -0.8487097024917603, -0.13761895895004272, 0.8532134890556335, 0.5199640989303589, -0.04079340398311615, 0.10617867112159729, -0.09658762067556381, 0.9896448254585266], "cam_t_m2c": [4.7388596534729, -31.306110382080078, 874.205810546875], "obj_id": 3}, {"cam_R_m2c": [0.2726401388645172, -0.6305738687515259, 0.726666271686554, -0.42741987109184265, -0.7560395002365112, -0.49569791555404663, 0.861962616443634, -0.17544448375701904, -0.4756465256214142], "cam_t_m2c": [-151.01620483398438, 4170.74951171875, 3391.36474609375], "obj_id": 1}, {"cam_R_m2c": [-0.1426675170660019, -0.38263654708862305, 0.912817120552063, 0.5670591592788696, -0.7874863743782043, -0.24147236347198486, 0.8112273216247559, 0.4831710755825043, 0.32932642102241516], "cam_t_m2c": [-51.77863311767578, 4073.372314453125, 3427.162109375], "obj_id": 3}, {"cam_R_m2c": [-0.5151001214981079, -0.8552811145782471, -0.056266073137521744, 0.2535543143749237, -0.08934032917022705, -0.9631865620613098, 0.8187685012817383, -0.5104041695594788, 0.26287955045700073], "cam_t_m2c": [-16.37999153137207, 4150.45458984375, 3359.71923828125], "obj_id": 3}, {"cam_R_m2c": [0.5051659345626831, -0.6753464341163635, -0.5373216271400452, 0.7367860078811646, 0.013285369612276554, 0.6759954690933228, -0.4493926465511322, -0.7373809218406677, 0.504297137260437], "cam_t_m2c": [18.63905143737793, 4027.69287109375, 3432.4423828125], "obj_id": 2}],
