{
  "0": [{"cam_R_m2c": [0.9982694983482361, 0.056214626878499985, 0.017260970547795296, 0.031076395884156227, -0.25511932373046875, -0.9664099812507629, -0.049922771751880646, 0.9652739763259888, -0.25642478466033936], "cam_t_m2c": [-180.7800750732422, 42.28215408325195, 697.1395263671875], "obj_id": 2}, {"cam_R_m2c": [0.9982694983482361, 0.056214626878499985, 0.017260970547795296, 0.031076395884156227, -0.25511932373046875, -0.9664099812507629, -0.049922771751880646, 0.9652739763259888, -0.25642478466033936], "cam_t_m2c": [-180.7800750732422, 42.28215408325195, 697.1395263671875], "obj_id": 0}, {"cam_R_m2c": [0.9982694983482361, 0.056214626878499985, 0.017260970547795296, 0.031076395884156227, -0.25511932373046875, -0.9664099812507629, -0.049922771751880646, 0.9652739763259888, -0.25642478466033936], "cam_t_m2c": [-180.7800750732422, 42.28215408325195, 697.1395263671875], "obj_id": 2}, {"cam_R_m2c": [0.9982694983482361, 0.056214626878499985, 0.017260970547795296, 0.031076395884156227, -0.25511932373046875, -0.9664099812507629, -0.049922771751880646, 0.9652739763259888, -0.25642478466033936], "cam_t_m2c": [-180.7800750732422, 42.28215408325195, 697.1395263671875], "obj_id": 0}, {"cam_R_m2c": [0.9982694983482361, 0.056214626878499985, 0.017260970547795296, 0.031076395884156227, -0.25511932373046875, -0.9664099812507629, -0.049922771751880646, 0.9652739763259888, -0.25642478466033936], "cam_t_m2c": [-180.7800750732422, 42.28215408325195, 697.1395263671875], "obj_id": 2}, {"cam_R_m2c": [0.9982694983482361, 0.056214626878499985, 0.017260970547795296, 0.031076395884156227, -0.25511932373046875, -0.9664099812507629, -0.049922771751880646, 0.9652739763259888, -0.25642478466033936], "cam_t_m2c": [-180.7800750732422, 42.28215408325195, 697.1395263671875], "obj_id": 2}, {"cam_R_m2c": [0.9982694983482361, 0.056214626878499985, 0.017260970547795296, 0.031076395884156227, -0.25511932373046875, -0.9664099812507629, -0.049922771751880646, 0.9652739763259888, -0.25642478466033936], "cam_t_m2c": [-180.7800750732422, 42.28215408325195, 697.1395263671875], "obj_id": 1}, {"cam_R_m2c": [0.9982694983482361, 0.056214626878499985, 0.017260970547795296, 0.031076395884156227, -0.25511932373046875, -0.9664099812507629, -0.049922771751880646, 0.9652739763259888, -0.25642478466033936], "cam_t_m2c": [-180.7800750732422, 42.28215408325195, 697.1395263671875], "obj_id": 3}, {"cam_R_m2c": [0.9982694983482361, 0.056214626878499985, 0.017260970547795296, 0.031076395884156227, -0.25511932373046875, -0.9664099812507629, -0.049922771751880646, 0.9652739763259888, -0.25642478466033936], "cam_t_m2c": [-180.7800750732422, 42.28215408325195, 697.1395263671875], "obj_id": 2}, {"cam_R_m2c": [0.9982694983482361, 0.056214626878499985, 0.017260970547795296, 0.031076395884156227, -0.25511932373046875, -0.9664099812507629, -0.049922771751880646, 0.9652739763259888, -0.25642478466033936], "cam_t_m2c": [-180.7800750732422, 42.28215408325195, 697.1395263671875], "obj_id": 1}, {"cam_R_m2c": [0.9982694983482361, 0.056214626878499985, 0.017260970547795296, 0.031076395884156227, -0.25511932373046875, -0.9664099812507629, -0.049922771751880646, 0.9652739763259888, -0.25642478466033936], "cam_t_m2c": [-180.7800750732422, 42.28215408325195, 697.1395263671875], "obj_id": 2}, {"cam_R_m2c": [0.9982694983482361, 0.056214626878499985, 0.017260970547795296, 0.031076395884156227, -0.25511932373046875, -0.9664099812507629, -0.049922771751880646, 0.9652739763259888, -0.25642478466033936], "cam_t_m2c": [-180.7800750732422, 42.28215408325195, 697.1395263671875], "obj_id": 1}, {"cam_R_m2c": [-0.23367911577224731, 0.932878315448761, 0.2741023600101471, 0.3775719106197357, 0.3468467593193054, -0.8585667014122009, -0.8960098028182983, -0.0971357598900795, -0.43327948451042175], "cam_t_m2c": [-299.0849914550781, -27.68695068359375, 940.4767456054688], "obj_id": 1}, {"cam_R_m2c": [0.6374130249023438, 0.5600236654281616, 0.5292240381240845, -0.7548326849937439, 0.31594640016555786, 0.5748090147972107, 0.15470024943351746, -0.7658663392066956, 0.6241125464439392], "cam_t_m2c": [71.80615234375, 10.869206428527832, 854.612060546875], "obj_id": 3}, {"cam_R_m2c": [-0.6500721573829651, -0.2759135961532593, 0.7080098390579224, -0.7562834620475769, 0.1444770246744156, -0.6380922794342041, 0.07376717031002045, -0.9502621293067932, -0.3025893568992615], "cam_t_m2c": [-29.33677864074707, -19.490257263183594, 720.018798828125], "obj_id": 4}],
  "1": [{"cam_R_m2c": [0.9540102481842041, -0.1610972136259079, -0.2528085708618164, -0.29862645268440247, -0.4369960129261017, -0.8484435677528381, 0.02620554342865944, 0.8849191665649414, -0.4650065302848816], "cam_t_m2c": [40.97827911376953, -119.17649841308594, 1032.9493408203125], "obj_id": 3}, {"cam_R_m2c": [0.9540102481842041, -0.1610972136259079, -0.2528085708618164, -0.29862645268440247, -0.4369960129261017, -0.8484435677528381, 0.02620554342865944, 0.8849191665649414, -0.4650065302848816], "cam_t_m2c": [40.97827911376953, -119.17649841308594, 1032.9493408203125], "obj_id": 3}, {"cam_R_m2c": [0.9540102481842041, -0.1610972136259079, -0.2528085708618164, -0.29862645268440247, -0.4369960129261017, -0.8484435677528381, 0.02620554342865944, 0.8849191665649414, -0.4650065302848816], "cam_t_m2c": [40.97827911376953, -119.17649841308594, 1032.9493408203125], "obj_id": 1}, {"cam_R_m2c": [0.9540102481842041, -0.1610972136259079, -0.2528085708618164, -0.29862645268440247, -0.4369960129261017, -0.8484435677528381, 0.02620554342865944, 0.8849191665649414, -0.4650065302848816], "cam_t_m2c": [40.97827911376953, -119.17649841308594, 1032.9493408203125], "obj_id": 2}, {"cam_R_m2c": [0.9540102481842041, -0.1610972136259079, -0.2528085708618164, -0.29862645268440247, -0.4369960129261017, -0.8484435677528381, 0.02620554342865944, 0.8849191665649414, -0.4650065302848816], "cam_t_m2c": [40.97827911376953, -119.17649841308594, 1032.9493408203125], "obj_id": 3}, {"cam_R_m2c": [0.9540102481842041, -0.1610972136259079, -0.2528085708618164, -0.29862645268440247, -0.4369960129261017, -0.8484435677528381, 0.02620554342865944, 0.8849191665649414, -0.4650065302848816], "cam_t_m2c": [40.97827911376953, -119.17649841308594, 1032.9493408203125], "obj_id": 2}, {"cam_R_m2c": [0.9540102481842041, -0.1610972136259079, -0.2528085708618164, -0.29862645268440247, -0.4369960129261017, -0.8484435677528381, 0.02620554342865944, 0.8849191665649414, -0.4650065302848816], "cam_t_m2c": [40.97827911376953, -119.17649841308594, 1032.9493408203125], "obj_id": 2}, {"cam_R_m2c": [0.9540102481842041, -0.1610972136259079, -0.2528085708618164, -0.29862645268440247, -0.4369960129261017, -0.8484435677528381, 0.02620554342865944, 0.8849191665649414, -0.4650065302848816], "cam_t_m2c": [40.97827911376953, -119.17649841308594, 1032.9493408203125], "obj_id": 0}, {"cam_R_m2c": [0.9540102481842041, -0.1610972136259079, -0.2528085708618164, -0.29862645268440247, -0.4369960129261017, -0.8484435677528381, 0.02620554342865944, 0.8849191665649414, -0.4650065302848816], "cam_t_m2c": [40.97827911376953, -119.17649841308594, 1032.9493408203125], "obj_id": 3}, {"cam_R_m2c": [0.9540102481842041, -0.1610972136259079, -0.2528085708618164, -0.29862645268440247, -0.4369960129261017, -0.8484435677528381, 0.02620554342865944, 0.8849191665649414, -0.4650065302848816], "cam_t_m2c": [40.97827911376953, -119.17649841308594, 1032.9493408203125], "obj_id": 2}, {"cam_R_m2c": [0.9540102481842041, -0.1610972136259079, -0.2528085708618164, -0.29862645268440247, -0.4369960129261017, -0.8484435677528381, 0.02620554342865944, 0.8849191665649414, -0.4650065302848816], "cam_t_m2c": [40.97827911376953, -119.17649841308594, 1032.9493408203125], "obj_id": 3}, {"cam_R_m2c": [0.9540102481842041, -0.1610972136259079, -0.2528085708618164, -0.29862645268440247, -0.4369960129261017, -0.8484435677528381, 0.02620554342865944, 0.8849191665649414, -0.4650065302848816], "cam_t_m2c": [40.97827911376953, -119.17649841308594, 1032.9493408203125], "obj_id": 3}, {"cam_R_m2c": [-0.23153257369995117, 0.9706472754478455, 0.06508908420801163, -0.9062986969947815, -0.2395329624414444, 0.34820491075515747, 0.35357511043548584, 0.02163061685860157, 0.935155987739563], "cam_t_m2c": [160.6526641845703, -26.4957218170166, 839.8585205078125], "obj_id": 1}, {"cam_R_m2c": [0.9535753726959229, 0.1811915934085846, -0.24054864048957825, -0.03818955644965172, -0.7195522785186768, -0.6933875679969788, -0.2987232804298401, 0.6703837513923645, -0.6792276501655579], "cam_t_m2c": [209.008056640625, -113.3186264038086, 947.7691650390625], "obj_id": 2}, {"cam_R_m2c": [-0.18578793108463287, 0.9670020341873169, 0.1743270605802536, -0.9671289920806885, -0.14861460030078888, -0.2063378393650055, -0.17362156510353088, -0.20693182945251465, 0.9628264307975769], "cam_t_m2c": [95.4515380859375, -65.8600845336914, 887.2686157226562], "obj_id": 3}],
  "2": [{"cam_R_m2c": [0.9540102481842041, -0.1610972136259079, -0.2528085708618164, -0.29862645268440247, -0.4369960129261017, -0.8484435677528381, 0.02620554342865944, 0.8849191665649414, -0.4650065302848816], "cam_t_m2c": [40.97827911376953, -119.17649841308594, 1032.9493408203125], "obj_id": 3}, {"cam_R_m2c": [0.9540102481842041, -0.1610972136259079, -0.2528085708618164, -0.29862645268440247, -0.4369960129261017, -0.8484435677528381, 0.02620554342865944, 0.8849191665649414, -0.4650065302848816], "cam_t_m2c": [40.97827911376953, -119.17649841308594, 1032.9493408203125], "obj_id": 3}, {"cam_R_m2c": [0.9540102481842041, -0.1610972136259079, -0.2528085708618164, -0.29862645268440247, -0.4369960129261017, -0.8484435677528381, 0.02620554342865944, 0.8849191665649414, -0.4650065302848816], "cam_t_m2c": [40.97827911376953, -119.17649841308594, 1032.9493408203125], "obj_id": 1}, {"cam_R_m2c": [0.9540102481842041, -0.1610972136259079, -0.2528085708618164, -0.29862645268440247, -0.4369960129261017, -0.8484435677528381, 0.02620554342865944, 0.8849191665649414, -0.4650065302848816], "cam_t_m2c": [40.97827911376953, -119.17649841308594, 1032.9493408203125], "obj_id": 2}, {"cam_R_m2c": [0.9540102481842041, -0.1610972136259079, -0.2528085708618164, -0.29862645268440247, -0.4369960129261017, -0.8484435677528381, 0.02620554342865944, 0.8849191665649414, -0.4650065302848816], "cam_t_m2c": [40.97827911376953, -119.17649841308594, 1032.9493408203125], "obj_id": 3}, {"cam_R_m2c": [0.9540102481842041, -0.1610972136259079, -0.2528085708618164, -0.29862645268440247, -0.4369960129261017, -0.8484435677528381, 0.02620554342865944, 0.8849191665649414, -0.4650065302848816], "cam_t_m2c": [40.97827911376953, -119.17649841308594, 1032.9493408203125], "obj_id": 2}, {"cam_R_m2c": [0.9540102481842041, -0.1610972136259079, -0.2528085708618164, -0.29862645268440247, -0.4369960129261017, -0.8484435677528381, 0.02620554342865944, 0.8849191665649414, -0.4650065302848816], "cam_t_m2c": [40.97827911376953, -119.17649841308594, 1032.9493408203125], "obj_id": 2}, {"cam_R_m2c": [0.9540102481842041, -0.1610972136259079, -0.2528085708618164, -0.29862645268440247, -0.4369960129261017, -0.8484435677528381, 0.02620554342865944, 0.8849191665649414, -0.4650065302848816], "cam_t_m2c": [40.97827911376953, -119.17649841308594, 1032.9493408203125], "obj_id": 0}, {"cam_R_m2c": [0.9540102481842041, -0.1610972136259079, -0.2528085708618164, -0.29862645268440247, -0.4369960129261017, -0.8484435677528381, 0.02620554342865944, 0.8849191665649414, -0.4650065302848816], "cam_t_m2c": [40.97827911376953, -119.17649841308594, 1032.9493408203125], "obj_id": 3}, {"cam_R_m2c": [0.9540102481842041, -0.1610972136259079, -0.2528085708618164, -0.29862645268440247, -0.4369960129261017, -0.8484435677528381, 0.02620554342865944, 0.8849191665649414, -0.4650065302848816], "cam_t_m2c": [40.97827911376953, -119.17649841308594, 1032.9493408203125], "obj_id": 2}, {"cam_R_m2c": [0.9540102481842041, -0.1610972136259079, -0.2528085708618164, -0.29862645268440247, -0.4369960129261017, -0.8484435677528381, 0.02620554342865944, 0.8849191665649414, -0.4650065302848816], "cam_t_m2c": [40.97827911376953, -119.17649841308594, 1032.9493408203125], "obj_id": 3}, {"cam_R_m2c": [0.9540102481842041, -0.1610972136259079, -0.2528085708618164, -0.29862645268440247, -0.4369960129261017, -0.8484435677528381, 0.02620554342865944, 0.8849191665649414, -0.4650065302848816], "cam_t_m2c": [40.97827911376953, -119.17649841308594, 1032.9493408203125], "obj_id": 3}, {"cam_R_m2c": [-0.23153257369995117, 0.9706472754478455, 0.06508908420801163, -0.9062986969947815, -0.2395329624414444, 0.34820491075515747, 0.35357511043548584, 0.02163061685860157, 0.935155987739563], "cam_t_m2c": [160.6526641845703, -26.4957218170166, 839.8585205078125], "obj_id": 1}, {"cam_R_m2c": [0.9535753726959229, 0.1811915934085846, -0.24054864048957825, -0.03818955644965172, -0.7195522785186768, -0.6933875679969788, -0.2987232804298401, 0.6703837513923645, -0.6792276501655579], "cam_t_m2c": [209.008056640625, -113.3186264038086, 947.7691650390625], "obj_id": 2}, {"cam_R_m2c": [-0.18578793108463287, 0.9670020341873169, 0.1743270605802536, -0.9671289920806885, -0.14861460030078888, -0.2063378393650055, -0.17362156510353088, -0.20693182945251465, 0.9628264307975769], "cam_t_m2c": [95.4515380859375, -65.8600845336914, 887.2686157226562], "obj_id": 3}],
  "3": [{"cam_R_m2c": [-0.05563906580209732, 0.9765609502792358, -0.20792552828788757, 0.4884016811847687, -0.15501317381858826, -0.8587402105331421, -0.8708433508872986, -0.14933067560195923, -0.4683292508125305], "cam_t_m2c": [236.0528564453125, 7.815432548522949, 561.9207763671875], "obj_id": 3}, {"cam_R_m2c": [-0.05563906580209732, 0.9765609502792358, -0.20792552828788757, 0.4884016811847687, -0.15501317381858826, -0.8587402105331421, -0.8708433508872986, -0.14933067560195923, -0.4683292508125305], "cam_t_m2c": [236.0528564453125, 7.815432548522949, 561.9207763671875], "obj_id": 3}, {"cam_R_m2c": [-0.05563906580209732, 0.9765609502792358, -0.20792552828788757, 0.4884016811847687, -0.15501317381858826, -0.8587402105331421, -0.8708433508872986, -0.14933067560195923, -0.4683292508125305], "cam_t_m2c": [236.0528564453125, 7.815432548522949, 561.9207763671875], "obj_id": 1}, {"cam_R_m2c": [-0.05563906580209732, 0.9765609502792358, -0.20792552828788757, 0.4884016811847687, -0.15501317381858826, -0.8587402105331421, -0.8708433508872986, -0.14933067560195923, -0.4683292508125305], "cam_t_m2c": [236.0528564453125, 7.815432548522949, 561.9207763671875], "obj_id": 2}, {"cam_R_m2c": [-0.05563906580209732, 0.9765609502792358, -0.20792552828788757, 0.4884016811847687, -0.15501317381858826, -0.8587402105331421, -0.8708433508872986, -0.14933067560195923, -0.4683292508125305], "cam_t_m2c": [236.0528564453125, 7.815432548522949, 561.9207763671875], "obj_id": 3}, {"cam_R_m2c": [-0.05563906580209732, 0.9765609502792358, -0.20792552828788757, 0.4884016811847687, -0.15501317381858826, -0.8587402105331421, -0.8708433508872986, -0.14933067560195923, -0.4683292508125305], "cam_t_m2c": [236.0528564453125, 7.815432548522949, 561.9207763671875], "obj_id": 2}, {"cam_R_m2c": [-0.05563906580209732, 0.9765609502792358, -0.20792552828788757, 0.4884016811847687, -0.15501317381858826, -0.8587402105331421, -0.8708433508872986, -0.14933067560195923, -0.4683292508125305], "cam_t_m2c": [236.0528564453125, 7.815432548522949, 561.9207763671875], "obj_id": 2}, {"cam_R_m2c": [-0.05563906580209732, 0.9765609502792358, -0.20792552828788757, 0.4884016811847687, -0.15501317381858826, -0.8587402105331421, -0.8708433508872986, -0.14933067560195923, -0.4683292508125305], "cam_t_m2c": [236.0528564453125, 7.815432548522949, 561.9207763671875], "obj_id": 0}, {"cam_R_m2c": [-0.05563906580209732, 0.9765609502792358, -0.20792552828788757, 0.4884016811847687, -0.15501317381858826, -0.8587402105331421, -0.8708433508872986, -0.14933067560195923, -0.4683292508125305], "cam_t_m2c": [236.0528564453125, 7.815432548522949, 561.9207763671875], "obj_id": 3}, {"cam_R_m2c": [-0.05563906580209732, 0.9765609502792358, -0.20792552828788757, 0.4884016811847687, -0.15501317381858826, -0.8587402105331421, -0.8708433508872986, -0.14933067560195923, -0.4683292508125305], "cam_t_m2c": [236.0528564453125, 7.815432548522949, 561.9207763671875], "obj_id": 2}, {"cam_R_m2c": [-0.05563906580209732, 0.9765609502792358, -0.20792552828788757, 0.4884016811847687, -0.15501317381858826, -0.8587402105331421, -0.8708433508872986, -0.14933067560195923, -0.4683292508125305], "cam_t_m2c": [236.0528564453125, 7.815432548522949, 561.9207763671875], "obj_id": 3}, {"cam_R_m2c": [-0.05563906580209732, 0.9765609502792358, -0.20792552828788757, 0.4884016811847687, -0.15501317381858826, -0.8587402105331421, -0.8708433508872986, -0.14933067560195923, -0.4683292508125305], "cam_t_m2c": [236.0528564453125, 7.815432548522949, 561.9207763671875], "obj_id": 3}, {"cam_R_m2c": [0.5875910520553589, -0.07646581530570984, 0.8055369257926941, -0.6562455892562866, 0.5373623967170715, 0.5297012329101562, -0.473369300365448, -0.8398777842521667, 0.26556897163391113], "cam_t_m2c": [10.249566078186035, 99.74401092529297, 534.3933715820312], "obj_id": 1}, {"cam_R_m2c": [-0.42817965149879456, 0.7827491164207458, -0.4516258239746094, 0.568166196346283, -0.1554526686668396, -0.8080974817276001, -0.7027440667152405, -0.6026095151901245, -0.37816983461380005], "cam_t_m2c": [126.44015502929688, 107.17267608642578, 445.1424560546875], "obj_id": 2}, {"cam_R_m2c": [0.08879265934228897, -0.316424697637558, 0.9444528818130493, -0.8083770871162415, 0.5310801267623901, 0.25392988324165344, -0.5819298624992371, -0.7860211730003357, -0.20863445103168488], "cam_t_m2c": [75.22660827636719, 41.01029968261719, 553.8043823242188], "obj_id": 3}],
  "4": [{"cam_R_m2c": [-0.05563906580209732, 0.9765609502792358, -0.20792552828788757, 0.4884016811847687, -0.15501317381858826, -0.8587402105331421, -0.8708433508872986, -0.14933067560195923, -0.4683292508125305], "cam_t_m2c": [236.0528564453125, 7.815432548522949, 561.9207763671875], "obj_id": 3}, {"cam_R_m2c": [-0.05563906580209732, 0.9765609502792358, -0.20792552828788757, 0.4884016811847687, -0.15501317381858826, -0.8587402105331421, -0.8708433508872986, -0.14933067560195923, -0.4683292508125305], "cam_t_m2c": [236.0528564453125, 7.815432548522949, 561.9207763671875], "obj_id": 3}, {"cam_R_m2c": [-0.05563906580209732, 0.9765609502792358, -0.20792552828788757, 0.4884016811847687, -0.15501317381858826, -0.8587402105331421, -0.8708433508872986, -0.14933067560195923, -0.4683292508125305], "cam_t_m2c": [236.0528564453125, 7.815432548522949, 561.9207763671875], "obj_id": 1}, {"cam_R_m2c": [-0.05563906580209732, 0.9765609502792358, -0.20792552828788757, 0.4884016811847687, -0.15501317381858826, -0.8587402105331421, -0.8708433508872986, -0.14933067560195923, -0.4683292508125305], "cam_t_m2c": [236.0528564453125, 7.815432548522949, 561.9207763671875], "obj_id": 2}, {"cam_R_m2c": [-0.05563906580209732, 0.9765609502792358, -0.20792552828788757, 0.4884016811847687, -0.15501317381858826, -0.8587402105331421, -0.8708433508872986, -0.14933067560195923, -0.4683292508125305], "cam_t_m2c": [236.0528564453125, 7.815432548522949, 561.9207763671875], "obj_id": 3}, {"cam_R_m2c": [-0.05563906580209732, 0.9765609502792358, -0.20792552828788757, 0.4884016811847687, -0.15501317381858826, -0.8587402105331421, -0.8708433508872986, -0.14933067560195923, -0.4683292508125305], "cam_t_m2c": [236.0528564453125, 7.815432548522949, 561.9207763671875], "obj_id": 2}, {"cam_R_m2c": [-0.05563906580209732, 0.9765609502792358, -0.20792552828788757, 0.4884016811847687, -0.15501317381858826, -0.8587402105331421, -0.8708433508872986, -0.14933067560195923, -0.4683292508125305], "cam_t_m2c": [236.0528564453125, 7.815432548522949, 561.9207763671875], "obj_id": 2}, {"cam_R_m2c": [-0.05563906580209732, 0.9765609502792358, -0.20792552828788757, 0.4884016811847687, -0.15501317381858826, -0.8587402105331421, -0.8708433508872986, -0.14933067560195923, -0.4683292508125305], "cam_t_m2c": [236.0528564453125, 7.815432548522949, 561.9207763671875], "obj_id": 0}, {"cam_R_m2c": [-0.05563906580209732, 0.9765609502792358, -0.20792552828788757, 0.4884016811847687, -0.15501317381858826, -0.8587402105331421, -0.8708433508872986, -0.14933067560195923, -0.4683292508125305], "cam_t_m2c": [236.0528564453125, 7.815432548522949, 561.9207763671875], "obj_id": 3}, {"cam_R_m2c": [-0.05563906580209732, 0.9765609502792358, -0.20792552828788757, 0.4884016811847687, -0.15501317381858826, -0.8587402105331421, -0.8708433508872986, -0.14933067560195923, -0.4683292508125305], "cam_t_m2c": [236.0528564453125, 7.815432548522949, 561.9207763671875], "obj_id": 2}, {"cam_R_m2c": [-0.05563906580209732, 0.9765609502792358, -0.20792552828788757, 0.4884016811847687, -0.15501317381858826, -0.8587402105331421, -0.8708433508872986, -0.14933067560195923, -0.4683292508125305], "cam_t_m2c": [236.0528564453125, 7.815432548522949, 561.9207763671875], "obj_id": 3}, {"cam_R_m2c": [-0.05563906580209732, 0.9765609502792358, -0.20792552828788757, 0.4884016811847687, -0.15501317381858826, -0.8587402105331421, -0.8708433508872986, -0.14933067560195923, -0.4683292508125305], "cam_t_m2c": [236.0528564453125, 7.815432548522949, 561.9207763671875], "obj_id": 3}, {"cam_R_m2c": [0.5875910520553589, -0.07646581530570984, 0.8055369257926941, -0.6562455892562866, 0.5373623967170715, 0.5297012329101562, -0.473369300365448, -0.8398777842521667, 0.26556897163391113], "cam_t_m2c": [10.249566078186035, 99.74401092529297, 534.3933715820312], "obj_id": 1}, {"cam_R_m2c": [-0.42817965149879456, 0.7827491164207458, -0.4516258239746094, 0.568166196346283, -0.1554526686668396, -0.8080974817276001, -0.7027440667152405, -0.6026095151901245, -0.37816983461380005], "cam_t_m2c": [126.44015502929688, 107.17267608642578, 445.1424560546875], "obj_id": 2}, {"cam_R_m2c": [0.08879265934228897, -0.316424697637558, 0.9444528818130493, -0.8083770871162415, 0.5310801267623901, 0.25392988324165344, -0.5819298624992371, -0.7860211730003357, -0.20863445103168488], "cam_t_m2c": [75.22660827636719, 41.01029968261719, 553.8043823242188], "obj_id": 3}]
}