{
  "0": [{"cam_R_m2c": [-0.947676956653595, 0.1374756395816803, 0.288112074136734, -0.1503904163837433, 0.6038299202919006, -0.7827975749969482, -0.28158628940582275, -0.7851686477661133, -0.5515605807304382], "cam_t_m2c": [23.20411491394043, 127.49171447753906, 87.93403625488281], "obj_id": 0}, {"cam_R_m2c": [-0.947676956653595, 0.1374756395816803, 0.288112074136734, -0.1503904163837433, 0.6038299202919006, -0.7827975749969482, -0.28158628940582275, -0.7851686477661133, -0.5515605807304382], "cam_t_m2c": [23.20411491394043, 127.49171447753906, 87.93403625488281], "obj_id": 0}, {"cam_R_m2c": [-0.947676956653595, 0.1374756395816803, 0.288112074136734, -0.1503904163837433, 0.6038299202919006, -0.7827975749969482, -0.28158628940582275, -0.7851686477661133, -0.5515605807304382], "cam_t_m2c": [23.20411491394043, 127.49171447753906, 87.93403625488281], "obj_id": 2}, {"cam_R_m2c": [-0.947676956653595, 0.1374756395816803, 0.288112074136734, -0.1503904163837433, 0.6038299202919006, -0.7827975749969482, -0.28158628940582275, -0.7851686477661133, -0.5515605807304382], "cam_t_m2c": [23.20411491394043, 127.49171447753906, 87.93403625488281], "obj_id": 3}, {"cam_R_m2c": [-0.947676956653595, 0.1374756395816803, 0.288112074136734, -0.1503904163837433, 0.6038299202919006, -0.7827975749969482, -0.28158628940582275, -0.7851686477661133, -0.5515605807304382], "cam_t_m2c": [23.20411491394043, 127.49171447753906, 87.93403625488281], "obj_id": 0}, {"cam_R_m2c": [-0.947676956653595, 0.1374756395816803, 0.288112074136734, -0.1503904163837433, 0.6038299202919006, -0.7827975749969482, -0.28158628940582275, -0.7851686477661133, -0.5515605807304382], "cam_t_m2c": [23.20411491394043, 127.49171447753906, 87.93403625488281], "obj_id": 1}, {"cam_R_m2c": [-0.947676956653595, 0.1374756395816803, 0.288112074136734, -0.1503904163837433, 0.6038299202919006, -0.7827975749969482, -0.28158628940582275, -0.7851686477661133, -0.5515605807304382], "cam_t_m2c": [23.20411491394043, 127.49171447753906, 87.93403625488281], "obj_id": 2}, {"cam_R_m2c": [-0.947676956653595, 0.1374756395816803, 0.288112074136734, -0.1503904163837433, 0.6038299202919006, -0.7827975749969482, -0.28158628940582275, -0.7851686477661133, -0.5515605807304382], "cam_t_m2c": [23.20411491394043, 127.49171447753906, 87.93403625488281], "obj_id": 0}, {"cam_R_m2c": [-0.947676956653595, 0.1374756395816803, 0.288112074136734, -0.1503904163837433, 0.6038299202919006, -0.7827975749969482, -0.28158628940582275, -0.7851686477661133, -0.5515605807304382], "cam_t_m2c": [23.20411491394043, 127.49171447753906, 87.93403625488281], "obj_id": 2}, {"cam_R_m2c": [-0.947676956653595, 0.1374756395816803, 0.288112074136734, -0.1503904163837433, 0.6038299202919006, -0.7827975749969482, -0.28158628940582275, -0.7851686477661133, -0.5515605807304382], "cam_t_m2c": [23.20411491394043, 127.49171447753906, 87.93403625488281], "obj_id": 1}, {"cam_R_m2c": [-0.947676956653595, 0.1374756395816803, 0.288112074136734, -0.1503904163837433, 0.6038299202919006, -0.7827975749969482, -0.28158628940582275, -0.7851686477661133, -0.5515605807304382], "cam_t_m2c": [23.20411491394043, 127.49171447753906, 87.93403625488281], "obj_id": 1}, {"cam_R_m2c": [-0.947676956653595, 0.1374756395816803, 0.288112074136734, -0.1503904163837433, 0.6038299202919006, -0.7827975749969482, -0.28158628940582275, -0.7851686477661133, -0.5515605807304382], "cam_t_m2c": [23.20411491394043, 127.49171447753906, 87.93403625488281], "obj_id": 1}, {"cam_R_m2c": [-0.947676956653595, 0.1374756395816803, 0.288112074136734, -0.1503904163837433, 0.6038299202919006, -0.7827975749969482, -0.28158628940582275, -0.7851686477661133, -0.5515605807304382], "cam_t_m2c": [23.20411491394043, 127.49171447753906, 87.93403625488281], "obj_id": 0}, {"cam_R_m2c": [-0.947676956653595, 0.1374756395816803, 0.288112074136734, -0.1503904163837433, 0.6038299202919006, -0.7827975749969482, -0.28158628940582275, -0.7851686477661133, -0.5515605807304382], "cam_t_m2c": [23.20411491394043, 127.49171447753906, 87.93403625488281], "obj_id": 3}, {"cam_R_m2c": [-0.947676956653595, 0.1374756395816803, 0.288112074136734, -0.1503904163837433, 0.6038299202919006, -0.7827975749969482, -0.28158628940582275, -0.7851686477661133, -0.5515605807304382], "cam_t_m2c": [23.20411491394043, 127.49171447753906, 87.93403625488281], "obj_id": 1}, {"cam_R_m2c": [-0.947676956653595, 0.1374756395816803, 0.288112074136734, -0.1503904163837433, 0.6038299202919006, -0.7827975749969482, -0.28158628940582275, -0.7851686477661133, -0.5515605807304382], "cam_t_m2c": [23.20411491394043, 127.49171447753906, 87.93403625488281], "obj_id": 2}, {"cam_R_m2c": [-0.947676956653595, 0.1374756395816803, 0.288112074136734, -0.1503904163837433, 0.6038299202919006, -0.7827975749969482, -0.28158628940582275, -0.7851686477661133, -0.5515605807304382], "cam_t_m2c": [23.20411491394043, 127.49171447753906, 87.93403625488281], "obj_id": 3}, {"cam_R_m2c": [-0.947676956653595, 0.1374756395816803, 0.288112074136734, -0.1503904163837433, 0.6038299202919006, -0.7827975749969482, -0.28158628940582275, -0.7851686477661133, -0.5515605807304382], "cam_t_m2c": [23.20411491394043, 127.49171447753906, 87.93403625488281], "obj_id": 0}, {"cam_R_m2c": [-0.947676956653595, 0.1374756395816803, 0.288112074136734, -0.1503904163837433, 0.6038299202919006, -0.7827975749969482, -0.28158628940582275, -0.7851686477661133, -0.5515605807304382], "cam_t_m2c": [23.20411491394043, 127.49171447753906, 87.93403625488281], "obj_id": 1}, {"cam_R_m2c": [-0.947676956653595, 0.1374756395816803, 0.288112074136734, -0.1503904163837433, 0.6038299202919006, -0.7827975749969482, -0.28158628940582275, -0.7851686477661133, -0.5515605807304382], "cam_t_m2c": [23.20411491394043, 127.49171447753906, 87.93403625488281], "obj_id": 1}, {"cam_R_m2c": [-0.947676956653595, 0.1374756395816803, 0.288112074136734, -0.1503904163837433, 0.6038299202919006, -0.7827975749969482, -0.28158628940582275, -0.7851686477661133, -0.5515605807304382], "cam_t_m2c": [23.20411491394043, 127.49171447753906, 87.93403625488281], "obj_id": 0}, {"cam_R_m2c": [-0.947676956653595, 0.1374756395816803, 0.288112074136734, -0.1503904163837433, 0.6038299202919006, -0.7827975749969482, -0.28158628940582275, -0.7851686477661133, -0.5515605807304382], "cam_t_m2c": [23.20411491394043, 127.49171447753906, 87.93403625488281], "obj_id": 0}, {"cam_R_m2c": [-0.947676956653595, 0.1374756395816803, 0.288112074136734, -0.1503904163837433, 0.6038299202919006, -0.7827975749969482, -0.28158628940582275, -0.7851686477661133, -0.5515605807304382], "cam_t_m2c": [23.20411491394043, 127.49171447753906, 87.93403625488281], "obj_id": 3}, {"cam_R_m2c": [-0.947676956653595, 0.1374756395816803, 0.288112074136734, -0.1503904163837433, 0.6038299202919006, -0.7827975749969482, -0.28158628940582275, -0.7851686477661133, -0.5515605807304382], "cam_t_m2c": [23.20411491394043, 127.49171447753906, 87.93403625488281], "obj_id": 3}, {"cam_R_m2c": [0.28201398253440857, -0.06618288904428482, -0.9571248292922974, -0.925972044467926, -0.2798607349395752, -0.25348320603370667, -0.25108540058135986, 0.9577566385269165, -0.1402081549167633], "cam_t_m2c": [-359.3987121582031, 188.48289489746094, -185.4738006591797], "obj_id": 0}, {"cam_R_m2c": [-0.9132956862449646, 0.22937007248401642, -0.3365713357925415, -0.05136971175670624, -0.8846229910850525, -0.4634687602519989, -0.40404459834098816, -0.4059944450855255, 0.819705069065094], "cam_t_m2c": [8.433072090148926, 113.33123779296875, 73.07115173339844], "obj_id": 3}, {"cam_R_m2c": [0.6787270903587341, 0.6838404536247253, 0.2677531838417053, 0.5732895731925964, -0.26550018787384033, -0.7751442790031433, -0.4589865207672119, 0.6796115040779114, -0.5722407698631287], "cam_t_m2c": [-66.90483856201172, 174.99635314941406, -52.774723052978516], "obj_id": 3}, {"cam_R_m2c": [0.7614216804504395, 0.6107578873634338, 0.2172827124595642, -0.5907997488975525, 0.7917516231536865, -0.15519340336322784, -0.2668195366859436, -0.010202949866652489, 0.9636924862861633], "cam_t_m2c": [-24.223194122314453, -22.804777145385742, 228.09893798828125], "obj_id": 3}, {"cam_R_m2c": [0.4068910479545593, 0.8372960090637207, -0.36520546674728394, 0.8610872030258179, -0.2181205302476883, 0.45929527282714844, 0.30490729212760925, -0.5013568997383118, -0.8097361922264099], "cam_t_m2c": [-2156.669189453125, 6041.2412109375, 4499.00390625], "obj_id": 2}]
}