{
  "0": [{"cam_R_m2c": [0.41993793845176697, -0.8193331956863403, 0.3903141915798187, -0.3610151708126068, -0.5453911423683167, -0.7564498782157898, 0.8326584696769714, 0.17675262689590454, -0.5248221158981323], "cam_t_m2c": [65.35305786132812, -5.372419357299805, 266.42462158203125], "obj_id": 1}, {"cam_R_m2c": [0.41993793845176697, -0.8193331956863403, 0.3903141915798187, -0.3610151708126068, -0.5453911423683167, -0.7564498782157898, 0.8326584696769714, 0.17675262689590454, -0.5248221158981323], "cam_t_m2c": [65.35305786132812, -5.372419357299805, 266.42462158203125], "obj_id": 2}, {"cam_R_m2c": [0.41993793845176697, -0.8193331956863403, 0.3903141915798187, -0.3610151708126068, -0.5453911423683167, -0.7564498782157898, 0.8326584696769714, 0.17675262689590454, -0.5248221158981323], "cam_t_m2c": [65.35305786132812, -5.372419357299805, 266.42462158203125], "obj_id": 0}, {"cam_R_m2c": [0.41993793845176697, -0.8193331956863403, 0.3903141915798187, -0.3610151708126068, -0.5453911423683167, -0.7564498782157898, 0.8326584696769714, 0.17675262689590454, -0.5248221158981323], "cam_t_m2c": [65.35305786132812, -5.372419357299805, 266.42462158203125], "obj_id": 1}, {"cam_R_m2c": [0.41993793845176697, -0.8193331956863403, 0.3903141915798187, -0.3610151708126068, -0.5453911423683167, -0.7564498782157898, 0.8326584696769714, 0.17675262689590454, -0.5248221158981323], "cam_t_m2c": [65.35305786132812, -5.372419357299805, 266.42462158203125], "obj_id": 3}, {"cam_R_m2c": [0.41993793845176697, -0.8193331956863403, 0.3903141915798187, -0.3610151708126068, -0.5453911423683167, -0.7564498782157898, 0.8326584696769714, 0.17675262689590454, -0.5248221158981323], "cam_t_m2c": [65.35305786132812, -5.372419357299805, 266.42462158203125], "obj_id": 2}, {"cam_R_m2c": [0.41993793845176697, -0.8193331956863403, 0.3903141915798187, -0.3610151708126068, -0.5453911423683167, -0.7564498782157898, 0.8326584696769714, 0.17675262689590454, -0.5248221158981323], "cam_t_m2c": [65.35305786132812, -5.372419357299805, 266.42462158203125], "obj_id": 0}, {"cam_R_m2c": [0.41993793845176697, -0.8193331956863403, 0.3903141915798187, -0.3610151708126068, -0.5453911423683167, -0.7564498782157898, 0.8326584696769714, 0.17675262689590454, -0.5248221158981323], "cam_t_m2c": [65.35305786132812, -5.372419357299805, 266.42462158203125], "obj_id": 1}, {"cam_R_m2c": [0.41993793845176697, -0.8193331956863403, 0.3903141915798187, -0.3610151708126068, -0.5453911423683167, -0.7564498782157898, 0.8326584696769714, 0.17675262689590454, -0.5248221158981323], "cam_t_m2c": [65.35305786132812, -5.372419357299805, 266.42462158203125], "obj_id": 2}, {"cam_R_m2c": [0.41993793845176697, -0.8193331956863403, 0.3903141915798187, -0.3610151708126068, -0.5453911423683167, -0.7564498782157898, 0.8326584696769714, 0.17675262689590454, -0.5248221158981323], "cam_t_m2c": [65.35305786132812, -5.372419357299805, 266.42462158203125], "obj_id": 2}, {"cam_R_m2c": [0.41993793845176697, -0.8193331956863403, 0.3903141915798187, -0.3610151708126068, -0.5453911423683167, -0.7564498782157898, 0.8326584696769714, 0.17675262689590454, -0.5248221158981323], "cam_t_m2c": [65.35305786132812, -5.372419357299805, 266.42462158203125], "obj_id": 3}, {"cam_R_m2c": [0.41993793845176697, -0.8193331956863403, 0.3903141915798187, -0.3610151708126068, -0.5453911423683167, -0.7564498782157898, 0.8326584696769714, 0.17675262689590454, -0.5248221158981323], "cam_t_m2c": [65.35305786132812, -5.372419357299805, 266.42462158203125], "obj_id": 2}, {"cam_R_m2c": [0.41993793845176697, -0.8193331956863403, 0.3903141915798187, -0.3610151708126068, -0.5453911423683167, -0.7564498782157898, 0.8326584696769714, 0.17675262689590454, -0.5248221158981323], "cam_t_m2c": [65.35305786132812, -5.372419357299805, 266.42462158203125], "obj_id": 3}, {"cam_R_m2c": [0.41993793845176697, -0.8193331956863403, 0.3903141915798187, -0.3610151708126068, -0.5453911423683167, -0.7564498782157898, 0.8326584696769714, 0.17675262689590454, -0.5248221158981323], "cam_t_m2c": [65.35305786132812, -5.372419357299805, 266.42462158203125], "obj_id": 1}, {"cam_R_m2c": [0.41993793845176697, -0.8193331956863403, 0.3903141915798187, -0.3610151708126068, -0.5453911423683167, -0.7564498782157898, 0.8326584696769714, 0.17675262689590454, -0.5248221158981323], "cam_t_m2c": [65.35305786132812, -5.372419357299805, 266.42462158203125], "obj_id": 0}, {"cam_R_m2c": [0.41993793845176697, -0.8193331956863403, 0.3903141915798187, -0.3610151708126068, -0.5453911423683167, -0.7564498782157898, 0.8326584696769714, 0.17675262689590454, -0.5248221158981323], "cam_t_m2c": [65.35305786132812, -5.372419357299805, 266.42462158203125], "obj_id": 0}, {"cam_R_m2c": [0.41993793845176697, -0.8193331956863403, 0.3903141915798187, -0.3610151708126068, -0.5453911423683167, -0.7564498782157898, 0.8326584696769714, 0.17675262689590454, -0.5248221158981323], "cam_t_m2c": [65.35305786132812, -5.372419357299805, 266.42462158203125], "obj_id": 2}, {"cam_R_m2c": [0.41993793845176697, -0.8193331956863403, 0.3903141915798187, -0.3610151708126068, -0.5453911423683167, -0.7564498782157898, 0.8326584696769714, 0.17675262689590454, -0.5248221158981323], "cam_t_m2c": [65.35305786132812, -5.372419357299805, 266.42462158203125], "obj_id": 2}, {"cam_R_m2c": [0.41993793845176697, -0.8193331956863403, 0.3903141915798187, -0.3610151708126068, -0.5453911423683167, -0.7564498782157898, 0.8326584696769714, 0.17675262689590454, -0.5248221158981323], "cam_t_m2c": [65.35305786132812, -5.372419357299805, 266.42462158203125], "obj_id": 0}, {"cam_R_m2c": [0.41993793845176697, -0.8193331956863403, 0.3903141915798187, -0.3610151708126068, -0.5453911423683167, -0.7564498782157898, 0.8326584696769714, 0.17675262689590454, -0.5248221158981323], "cam_t_m2c": [65.35305786132812, -5.372419357299805, 266.42462158203125], "obj_id": 3}, {"cam_R_m2c": [0.41993793845176697, -0.8193331956863403, 0.3903141915798187, -0.3610151708126068, -0.5453911423683167, -0.7564498782157898, 0.8326584696769714, 0.17675262689590454, -0.5248221158981323], "cam_t_m2c": [65.35305786132812, -5.372419357299805, 266.42462158203125], "obj_id": 3}, {"cam_R_m2c": [0.41993793845176697, -0.8193331956863403, 0.3903141915798187, -0.3610151708126068, -0.5453911423683167, -0.7564498782157898, 0.8326584696769714, 0.17675262689590454, -0.5248221158981323], "cam_t_m2c": [65.35305786132812, -5.372419357299805, 266.42462158203125], "obj_id": 1}, {"cam_R_m2c": [0.41993793845176697, -0.8193331956863403, 0.3903141915798187, -0.3610151708126068, -0.5453911423683167, -0.7564498782157898, 0.8326584696769714, 0.17675262689590454, -0.5248221158981323], "cam_t_m2c": [65.35305786132812, -5.372419357299805, 266.42462158203125], "obj_id": 1}, {"cam_R_m2c": [0.41993793845176697, -0.8193331956863403, 0.3903141915798187, -0.3610151708126068, -0.5453911423683167, -0.7564498782157898, 0.8326584696769714, 0.17675262689590454, -0.5248221158981323], "cam_t_m2c": [65.35305786132812, -5.372419357299805, 266.42462158203125], "obj_id": 2}, {"cam_R_m2c": [0.2897067964076996, -0.04715539887547493, 0.955953061580658, 0.18097442388534546, 0.9834674000740051, -0.006332647521048784, -0.9398500919342041, 0.17483767867088318, 0.29345110058784485], "cam_t_m2c": [-6.529308795928955, -27.384729385375977, 189.51376342773438], "obj_id": 3}, {"cam_R_m2c": [-0.5462980270385742, 0.28560301661491394, -0.787394106388092, -0.22166574001312256, 0.8572544455528259, 0.4647355377674103, 0.8077269792556763, 0.42842236161231995, -0.4050079882144928], "cam_t_m2c": [145.385009765625, 55.783172607421875, 186.9501495361328], "obj_id": 3}, {"cam_R_m2c": [-0.9897502660751343, 0.13293345272541046, 0.05218438431620598, 0.010748099535703659, -0.2950374484062195, 0.9554252624511719, 0.14240433275699615, 0.9461932182312012, 0.2905845642089844], "cam_t_m2c": [146.28944396972656, -52.478023529052734, 330.3081970214844], "obj_id": 3}, {"cam_R_m2c": [-0.5429065823554993, -0.8339707255363464, -0.09871724992990494, 0.19555248320102692, -0.011225463822484016, -0.9806289076805115, 0.8167077302932739, -0.551694393157959, 0.1691795289516449], "cam_t_m2c": [-3131.153076171875, 5916.8095703125, 4335.30224609375], "obj_id": 0}, {"cam_R_m2c": [-0.527219295501709, -0.3083908259868622, -0.7917921543121338, -0.4572157859802246, 0.8883836269378662, -0.04157194122672081, 0.7162355780601501, 0.34010234475135803, -0.6093741655349731], "cam_t_m2c": [-3254.843994140625, 5934.6103515625, 4675.56005859375], "obj_id": 2}, {"cam_R_m2c": [-0.005259738769382238, 0.9991175532341003, 0.041670847684144974, -0.4584301710128784, 0.034625355154275894, -0.888055682182312, -0.8887149095535278, -0.023774098604917526, 0.45784351229667664], "cam_t_m2c": [-61.679603576660156, -89.52847290039062, 223.39036560058594], "obj_id": 1}, {"cam_R_m2c": [0.1932462900876999, -0.8125759959220886, -0.5498873591423035, -0.7328256368637085, 0.2531242072582245, -0.6315811276435852, 0.6523974537849426, 0.5250222682952881, -0.5465611815452576], "cam_t_m2c": [-2939.182373046875, 6094.16455078125, 4437.77099609375], "obj_id": 0}, {"cam_R_m2c": [0.5762704014778137, 0.7964348793029785, -0.1833135336637497, -0.5969061851501465, 0.5633783936500549, 0.5712335109710693, 0.5582252144813538, -0.21976393461227417, 0.8000552654266357], "cam_t_m2c": [-105.56671905517578, -38.34061050415039, 207.2583770751953], "obj_id": 1}],
  "1": [{"cam_R_m2c": [0.4843252897262573, -0.6529688239097595, 0.5822891592979431, -0.10596928000450134, -0.7044411301612854, -0.701806902885437, 0.8684465885162354, 0.2781980633735657, -0.4103732407093048], "cam_t_m2c": [59.91575622558594, 26.88631248474121, 268.92230224609375], "obj_id": 1}, {"cam_R_m2c": [0.4843252897262573, -0.6529688239097595, 0.5822891592979431, -0.10596928000450134, -0.7044411301612854, -0.701806902885437, 0.8684465885162354, 0.2781980633735657, -0.4103732407093048], "cam_t_m2c": [59.91575622558594, 26.88631248474121, 268.92230224609375], "obj_id": 2}, {"cam_R_m2c": [0.4843252897262573, -0.6529688239097595, 0.5822891592979431, -0.10596928000450134, -0.7044411301612854, -0.701806902885437, 0.8684465885162354, 0.2781980633735657, -0.4103732407093048], "cam_t_m2c": [59.91575622558594, 26.88631248474121, 268.92230224609375], "obj_id": 0}, {"cam_R_m2c": [0.4843252897262573, -0.6529688239097595, 0.5822891592979431, -0.10596928000450134, -0.7044411301612854, -0.701806902885437, 0.8684465885162354, 0.2781980633735657, -0.4103732407093048], "cam_t_m2c": [59.91575622558594, 26.88631248474121, 268.92230224609375], "obj_id": 1}, {"cam_R_m2c": [0.4843252897262573, -0.6529688239097595, 0.5822891592979431, -0.10596928000450134, -0.7044411301612854, -0.701806902885437, 0.8684465885162354, 0.2781980633735657, -0.4103732407093048], "cam_t_m2c": [59.91575622558594, 26.88631248474121, 268.92230224609375], "obj_id": 3}, {"cam_R_m2c": [0.4843252897262573, -0.6529688239097595, 0.5822891592979431, -0.10596928000450134, -0.7044411301612854, -0.701806902885437, 0.8684465885162354, 0.2781980633735657, -0.4103732407093048], "cam_t_m2c": [59.91575622558594, 26.88631248474121, 268.92230224609375], "obj_id": 2}, {"cam_R_m2c": [0.4843252897262573, -0.6529688239097595, 0.5822891592979431, -0.10596928000450134, -0.7044411301612854, -0.701806902885437, 0.8684465885162354, 0.2781980633735657, -0.4103732407093048], "cam_t_m2c": [59.91575622558594, 26.88631248474121, 268.92230224609375], "obj_id": 0}, {"cam_R_m2c": [0.4843252897262573, -0.6529688239097595, 0.5822891592979431, -0.10596928000450134, -0.7044411301612854, -0.701806902885437, 0.8684465885162354, 0.2781980633735657, -0.4103732407093048], "cam_t_m2c": [59.91575622558594, 26.88631248474121, 268.92230224609375], "obj_id": 1}, {"cam_R_m2c": [0.4843252897262573, -0.6529688239097595, 0.5822891592979431, -0.10596928000450134, -0.7044411301612854, -0.701806902885437, 0.8684465885162354, 0.2781980633735657, -0.4103732407093048], "cam_t_m2c": [59.91575622558594, 26.88631248474121, 268.92230224609375], "obj_id": 2}, {"cam_R_m2c": [0.4843252897262573, -0.6529688239097595, 0.5822891592979431, -0.10596928000450134, -0.7044411301612854, -0.701806902885437, 0.8684465885162354, 0.2781980633735657, -0.4103732407093048], "cam_t_m2c": [59.91575622558594, 26.88631248474121, 268.92230224609375], "obj_id": 2}, {"cam_R_m2c": [0.4843252897262573, -0.6529688239097595, 0.5822891592979431, -0.10596928000450134, -0.7044411301612854, -0.701806902885437, 0.8684465885162354, 0.2781980633735657, -0.4103732407093048], "cam_t_m2c": [59.91575622558594, 26.88631248474121, 268.92230224609375], "obj_id": 3}, {"cam_R_m2c": [0.4843252897262573, -0.6529688239097595, 0.5822891592979431, -0.10596928000450134, -0.7044411301612854, -0.701806902885437, 0.8684465885162354, 0.2781980633735657, -0.4103732407093048], "cam_t_m2c": [59.91575622558594, 26.88631248474121, 268.92230224609375], "obj_id": 2}, {"cam_R_m2c": [0.4843252897262573, -0.6529688239097595, 0.5822891592979431, -0.10596928000450134, -0.7044411301612854, -0.701806902885437, 0.8684465885162354, 0.2781980633735657, -0.4103732407093048], "cam_t_m2c": [59.91575622558594, 26.88631248474121, 268.92230224609375], "obj_id": 3}, {"cam_R_m2c": [0.4843252897262573, -0.6529688239097595, 0.5822891592979431, -0.10596928000450134, -0.7044411301612854, -0.701806902885437, 0.8684465885162354, 0.2781980633735657, -0.4103732407093048], "cam_t_m2c": [59.91575622558594, 26.88631248474121, 268.92230224609375], "obj_id": 1}, {"cam_R_m2c": [0.4843252897262573, -0.6529688239097595, 0.5822891592979431, -0.10596928000450134, -0.7044411301612854, -0.701806902885437, 0.8684465885162354, 0.2781980633735657, -0.4103732407093048], "cam_t_m2c": [59.91575622558594, 26.88631248474121, 268.92230224609375], "obj_id": 0}, {"cam_R_m2c": [0.4843252897262573, -0.6529688239097595, 0.5822891592979431, -0.10596928000450134, -0.7044411301612854, -0.701806902885437, 0.8684465885162354, 0.2781980633735657, -0.4103732407093048], "cam_t_m2c": [59.91575622558594, 26.88631248474121, 268.92230224609375], "obj_id": 0}, {"cam_R_m2c": [0.4843252897262573, -0.6529688239097595, 0.5822891592979431, -0.10596928000450134, -0.7044411301612854, -0.701806902885437, 0.8684465885162354, 0.2781980633735657, -0.4103732407093048], "cam_t_m2c": [59.91575622558594, 26.88631248474121, 268.92230224609375], "obj_id": 2}, {"cam_R_m2c": [0.4843252897262573, -0.6529688239097595, 0.5822891592979431, -0.10596928000450134, -0.7044411301612854, -0.701806902885437, 0.8684465885162354, 0.2781980633735657, -0.4103732407093048], "cam_t_m2c": [59.91575622558594, 26.88631248474121, 268.92230224609375], "obj_id": 2}, {"cam_R_m2c": [0.4843252897262573, -0.6529688239097595, 0.5822891592979431, -0.10596928000450134, -0.7044411301612854, -0.701806902885437, 0.8684465885162354, 0.2781980633735657, -0.4103732407093048], "cam_t_m2c": [59.91575622558594, 26.88631248474121, 268.92230224609375], "obj_id": 0}, {"cam_R_m2c": [0.4843252897262573, -0.6529688239097595, 0.5822891592979431, -0.10596928000450134, -0.7044411301612854, -0.701806902885437, 0.8684465885162354, 0.2781980633735657, -0.4103732407093048], "cam_t_m2c": [59.91575622558594, 26.88631248474121, 268.92230224609375], "obj_id": 3}, {"cam_R_m2c": [0.4843252897262573, -0.6529688239097595, 0.5822891592979431, -0.10596928000450134, -0.7044411301612854, -0.701806902885437, 0.8684465885162354, 0.2781980633735657, -0.4103732407093048], "cam_t_m2c": [59.91575622558594, 26.88631248474121, 268.92230224609375], "obj_id": 3}, {"cam_R_m2c": [0.4843252897262573, -0.6529688239097595, 0.5822891592979431, -0.10596928000450134, -0.7044411301612854, -0.701806902885437, 0.8684465885162354, 0.2781980633735657, -0.4103732407093048], "cam_t_m2c": [59.91575622558594, 26.88631248474121, 268.92230224609375], "obj_id": 1}, {"cam_R_m2c": [0.4843252897262573, -0.6529688239097595, 0.5822891592979431, -0.10596928000450134, -0.7044411301612854, -0.701806902885437, 0.8684465885162354, 0.2781980633735657, -0.4103732407093048], "cam_t_m2c": [59.91575622558594, 26.88631248474121, 268.92230224609375], "obj_id": 1}, {"cam_R_m2c": [0.4843252897262573, -0.6529688239097595, 0.5822891592979431, -0.10596928000450134, -0.7044411301612854, -0.701806902885437, 0.8684465885162354, 0.2781980633735657, -0.4103732407093048], "cam_t_m2c": [59.91575622558594, 26.88631248474121, 268.92230224609375], "obj_id": 2}, {"cam_R_m2c": [0.24951845407485962, -0.3035494387149811, 0.9195641279220581, 0.10127171128988266, 0.9525725841522217, 0.28696608543395996, -0.9630599617958069, 0.021522514522075653, 0.2684254050254822], "cam_t_m2c": [-2.4287402629852295, -24.663555145263672, 198.0514678955078], "obj_id": 3}, {"cam_R_m2c": [-0.4844082295894623, 0.04599931463599205, -0.8736318349838257, -0.2270112931728363, 0.957801103591919, 0.17630349099636078, 0.8448753952980042, 0.28372716903686523, -0.4535243809223175], "cam_t_m2c": [122.7575912475586, 93.53170776367188, 179.08572387695312], "obj_id": 3}, {"cam_R_m2c": [-0.9610747694969177, 0.18806129693984985, -0.20240512490272522, -0.22369299829006195, -0.09966851770877838, 0.9695501327514648, 0.1621614247560501, 0.9770869612693787, 0.1378571093082428], "cam_t_m2c": [149.1496124267578, 12.859655380249023, 337.41552734375], "obj_id": 3}, {"cam_R_m2c": [-0.5894348621368408, -0.7926396131515503, 0.15584911406040192, 0.17301180958747864, -0.3123188018798828, -0.9340898394584656, 0.789071261882782, -0.5236213803291321, 0.32122763991355896], "cam_t_m2c": [-4634.00390625, 5478.640625, 3445.578369140625], "obj_id": 0}, {"cam_R_m2c": [-0.4033081829547882, -0.534099817276001, -0.7430205941200256, -0.4608666002750397, 0.8200434446334839, -0.33930912613868713, 0.7905341386795044, 0.2055872082710266, -0.5768789649009705], "cam_t_m2c": [-4764.09619140625, 5516.54296875, 3781.779052734375], "obj_id": 2}, {"cam_R_m2c": [0.1295061856508255, 0.9562560319900513, 0.2623023986816406, -0.576660692691803, 0.2878289818763733, -0.7646024227142334, -0.8066539168357849, -0.052238769829273224, 0.5887109041213989], "cam_t_m2c": [-40.17851638793945, -92.90686798095703, 242.42294311523438], "obj_id": 1}, {"cam_R_m2c": [0.36498725414276123, -0.8595936298370361, -0.3576073944568634, -0.5471287965774536, 0.11274177581071854, -0.8294210433959961, 0.753282368183136, 0.4983854293823242, -0.42915913462638855], "cam_t_m2c": [-4496.41259765625, 5713.3330078125, 3514.828369140625], "obj_id": 0}, {"cam_R_m2c": [0.7012988924980164, 0.6269574761390686, -0.3392699956893921, -0.3330971300601959, 0.7089725732803345, 0.6216140985488892, 0.6302587985992432, -0.32292741537094116, 0.7060394287109375], "cam_t_m2c": [-95.54029846191406, -57.97309875488281, 219.59266662597656], "obj_id": 1}]
}