{
  "0": [{"cam_R_m2c": [-0.8248405456542969, 0.13639676570892334, -0.5486655831336975, -0.1753486692905426, 0.8608869314193726, 0.47762590646743774, 0.537485659122467, 0.49017301201820374, -0.6861774325370789], "cam_t_m2c": [-294.9573059082031, -327.821533203125, 864.4175415039062], "obj_id": 3}, {"cam_R_m2c": [-0.357928991317749, 0.25704845786094666, -0.8976709246635437, 0.5842956900596619, -0.6882261633872986, -0.43005049228668213, -0.7283443212509155, -0.6784327030181885, 0.0961437076330185], "cam_t_m2c": [-41.61991882324219, -406.94146728515625, 726.4005737304688], "obj_id": 3}, {"cam_R_m2c": [-0.6394516229629517, -0.0674862265586853, 0.765863835811615, 0.4601377546787262, -0.8316311836242676, 0.31090664863586426, 0.6159342527389526, 0.5512125492095947, 0.5628407597541809], "cam_t_m2c": [-12.715858459472656, -496.046630859375, 913.9712524414062], "obj_id": 3}, {"cam_R_m2c": [0.37963470816612244, 0.2513645589351654, -0.8903332948684692, 0.5734876990318298, -0.8191066384315491, 0.013277620077133179, -0.7259403467178345, -0.5156358480453491, -0.45511582493782043], "cam_t_m2c": [-71.82613372802734, -368.9092102050781, 692.18310546875], "obj_id": 3}, {"cam_R_m2c": [0.5899782776832581, -0.3063049614429474, 0.7470628023147583, -0.7831293940544128, -0.44232165813446045, 0.4371036887168884, 0.19655512273311615, -0.8429285883903503, -0.5008365511894226], "cam_t_m2c": [-141.49331665039062, -243.3566131591797, 668.1085205078125], "obj_id": 3}, {"cam_R_m2c": [0.27704671025276184, -0.42048177123069763, 0.8639676570892334, -0.7299809455871582, -0.6767902374267578, -0.09530352801084518, 0.6247982978820801, -0.6042764186859131, -0.49444615840911865], "cam_t_m2c": [-201.39382934570312, -201.2171630859375, 932.10693359375], "obj_id": 3}, {"cam_R_m2c": [-0.1396525353193283, -0.9065248370170593, -0.39838406443595886, 0.5171526074409485, 0.2763230800628662, -0.810060977935791, 0.8444231152534485, -0.3191524147987366, 0.43022245168685913], "cam_t_m2c": [-244.28628540039062, -263.77178955078125, 1024.970947265625], "obj_id": 3}, {"cam_R_m2c": [0.206974595785141, -0.14034034311771393, 0.9682283997535706, 0.8572061657905579, -0.45098841190338135, -0.24861058592796326, 0.47154977917671204, 0.8814274072647095, 0.026957372203469276], "cam_t_m2c": [-314.7108154296875, -311.14263916015625, 898.4520263671875], "obj_id": 3}, {"cam_R_m2c": [0.5262579917907715, -0.8130000829696655, -0.24916531145572662, 0.6930601000785828, 0.24032677710056305, 0.6796401143074036, -0.4926663935184479, -0.5303525924682617, 0.6899318099021912], "cam_t_m2c": [-45.11714172363281, -442.3865051269531, 660.0912475585938], "obj_id": 3}, {"cam_R_m2c": [0.3945557773113251, 0.9187805652618408, -0.012957245111465454, 0.3649104833602905, -0.16961531341075897, -0.9154620170593262, -0.8433065414428711, 0.35647252202033997, -0.4021953046321869], "cam_t_m2c": [-47.43281936645508, -381.9467468261719, 791.8452758789062], "obj_id": 3}, {"cam_R_m2c": [0.9679151773452759, -0.11293838918209076, 0.22446629405021667, -0.21660947799682617, -0.8277866840362549, 0.5175418257713318, 0.12735986709594727, -0.549558162689209, -0.8256908059120178], "cam_t_m2c": [-17.739715576171875, -342.7903137207031, 1073.364990234375], "obj_id": 3}, {"cam_R_m2c": [-0.2692610025405884, -0.9546509385108948, 0.12704336643218994, 0.06287641078233719, -0.1490596979856491, -0.9868270754814148, 0.9610124826431274, -0.2577260434627533, 0.10016103833913803], "cam_t_m2c": [-176.08026123046875, -249.92884826660156, 957.8666381835938], "obj_id": 3}, {"cam_R_m2c": [-0.6903266310691833, -0.6986148357391357, -0.18811212480068207, 0.6621866226196289, -0.7148441076278687, 0.22473646700382233, -0.2914751172065735, 0.030576245859265327, 0.9560896158218384], "cam_t_m2c": [-350.708740234375, -268.9373474121094, 1022.7906494140625], "obj_id": 3}, {"cam_R_m2c": [0.6268786191940308, -0.35850197076797485, 0.69173663854599, 0.6488476395606995, -0.2512688934803009, -0.7182344794273376, 0.4313003420829773, 0.8990775346755981, 0.07509803771972656], "cam_t_m2c": [-408.1454162597656, -290.0680236816406, 973.8576049804688], "obj_id": 3}, {"cam_R_m2c": [-0.7980172634124756, 0.5262189507484436, -0.29370400309562683, -0.6013545393943787, -0.6635981202125549, 0.44498345255851746, 0.039257295429706573, 0.531724750995636, 0.8460069298744202], "cam_t_m2c": [-89.51775360107422, -295.09344482421875, 1032.8826904296875], "obj_id": 3}, {"cam_R_m2c": [-0.03495677560567856, 0.7489303946495056, -0.6617257595062256, 0.6034259796142578, -0.5119929909706116, -0.6113426089286804, -0.7966521978378296, -0.4206732511520386, -0.4340262711048126], "cam_t_m2c": [-60.28924560546875, -174.0260467529297, 931.9090576171875], "obj_id": 3}, {"cam_R_m2c": [-0.6004400253295898, -0.76609867811203, -0.22926953434944153, 0.5348032116889954, -0.5978582501411438, 0.5971188545227051, -0.5945226550102234, 0.2359199970960617, 0.7686901688575745], "cam_t_m2c": [-103.16284942626953, -542.0908813476562, 814.1222534179688], "obj_id": 3}, {"cam_R_m2c": [0.8731604814529419, 0.42403069138526917, 0.24039284884929657, 0.03686702251434326, 0.43431755900382996, -0.9000049829483032, -0.48603659868240356, 0.7947113513946533, 0.36359620094299316], "cam_t_m2c": [-269.61932373046875, -342.7485656738281, 1005.7325439453125], "obj_id": 3}, {"cam_R_m2c": [-0.227884903550148, 0.7600061297416687, -0.6086534261703491, -0.8471874594688416, -0.4628826379776001, -0.2607927918434143, -0.4799392819404602, 0.4562128186225891, 0.7493517994880676], "cam_t_m2c": [16.10997772216797, -528.2883911132812, 770.108642578125], "obj_id": 3}, {"cam_R_m2c": [0.969507098197937, 0.17693869769573212, 0.1695544272661209, 0.1670030802488327, -0.9833758473396301, 0.07128455489873886, 0.17934876680374146, -0.04079476371407509, -0.9829391837120056], "cam_t_m2c": [-221.73849487304688, -614.9100341796875, 890.3392333984375], "obj_id": 3}, {"cam_R_m2c": [0.740124523639679, -0.21338993310928345, 0.6377149820327759, 0.4824444055557251, -0.4921426475048065, -0.7245982885360718, 0.4684688448905945, 0.8439549803733826, -0.2612980008125305], "cam_t_m2c": [-133.8179473876953, -364.5035705566406, 589.2532348632812], "obj_id": 3}, {"cam_R_m2c": [0.790080726146698, -0.48555856943130493, -0.3741728961467743, -0.6095806360244751, -0.5579200387001038, -0.5631488561630249, 0.06468317657709122, 0.6730216145515442, -0.7367889881134033], "cam_t_m2c": [-148.26625061035156, -516.6497192382812, 985.7420654296875], "obj_id": 3}, {"cam_R_m2c": [0.2847543954849243, -0.702832818031311, -0.6518749594688416, 0.16042748093605042, -0.6354967355728149, 0.7552528381347656, -0.9450809359550476, -0.31964021921157837, -0.0682067796587944], "cam_t_m2c": [-262.94573974609375, -266.6391906738281, 1057.898193359375], "obj_id": 3}, {"cam_R_m2c": [0.6166440844535828, 0.776646077632904, -0.12872806191444397, -0.6789315342903137, 0.4418747127056122, -0.5863434672355652, -0.3984996974468231, 0.4489627778530121, 0.7997689843177795], "cam_t_m2c": [-256.174560546875, -205.5359344482422, 988.6443481445312], "obj_id": 3}, {"cam_R_m2c": [0.5710193514823914, 0.3596183955669403, -0.7379779815673828, -0.7797743082046509, 0.5186781287193298, -0.3506067097187042, 0.2566884160041809, 0.775659441947937, 0.5765964388847351], "cam_t_m2c": [-286.5531921386719, -305.8569641113281, 1012.9515991210938], "obj_id": 3}, {"cam_R_m2c": [0.5841785073280334, -0.22417981922626495, -0.78005051612854, -0.8108336925506592, -0.20363405346870422, -0.5487090945243835, -0.03583541512489319, 0.9530353546142578, -0.3007311522960663], "cam_t_m2c": [-249.92843627929688, -435.23785400390625, 669.1751708984375], "obj_id": 3}, {"cam_R_m2c": [0.7183690071105957, -0.18587715923786163, -0.6703698039054871, -0.012442772276699543, -0.9669215679168701, 0.25477004051208496, -0.6955509781837463, -0.17467764019966125, -0.696919322013855], "cam_t_m2c": [-208.99180603027344, -469.6246032714844, 975.8583374023438], "obj_id": 3}, {"cam_R_m2c": [0.951559841632843, -0.2869402766227722, 0.11044967919588089, -0.22608430683612823, -0.8964524865150452, -0.3811286389827728, 0.2083740234375, 0.33769577741622925, -0.9179009199142456], "cam_t_m2c": [-9.372306823730469, -598.1433715820312, 892.9395751953125], "obj_id": 3}, {"cam_R_m2c": [-0.4049949049949646, -0.3788975477218628, -0.8321152329444885, 0.14775705337524414, -0.9252526164054871, 0.349392831325531, -0.9023008942604065, 0.018551437184214592, 0.4307074248790741], "cam_t_m2c": [-19.565860748291016, -345.23077392578125, 1132.6444091796875], "obj_id": 1}, {"cam_R_m2c": [-0.0465894415974617, 0.17754261195659637, 0.9830095767974854, -0.26609501242637634, -0.9507260918617249, 0.15910035371780396, 0.9628201723098755, -0.2541615664958954, 0.09153720736503601], "cam_t_m2c": [-164.97164916992188, -304.98779296875, 719.9990234375], "obj_id": 1}, {"cam_R_m2c": [0.43955785036087036, 0.002468358026817441, -0.898210883140564, 0.6252449750900269, 0.7171034216880798, 0.307947039604187, 0.6448702216148376, -0.6969623565673828, 0.31366509199142456], "cam_t_m2c": [-323.32330322265625, -355.90472412109375, 934.4537353515625], "obj_id": 1}, {"cam_R_m2c": [0.04287080094218254, 0.9683327078819275, -0.2459547221660614, -0.8033219575881958, -0.11295619606971741, -0.5847346186637878, -0.5939998626708984, 0.22264884412288666, 0.7730405330657959], "cam_t_m2c": [-190.522705078125, -379.78790283203125, 632.0277709960938], "obj_id": 1}, {"cam_R_m2c": [-0.7479881048202515, 0.023932291194796562, -0.6632804870605469, -0.589244544506073, 0.43598243594169617, 0.6802279949188232, 0.30545806884765625, 0.8996369242668152, -0.31200769543647766], "cam_t_m2c": [-74.96946716308594, -349.4446716308594, 1150.0198974609375], "obj_id": 1}, {"cam_R_m2c": [-0.013898314908146858, 0.28625959157943726, 0.9580512642860413, -0.9835324883460999, -0.17658409476280212, 0.03849419951438904, 0.18019600212574005, -0.941739559173584, 0.28399989008903503], "cam_t_m2c": [-147.52381896972656, -596.1947021484375, 1052.4779052734375], "obj_id": 1}, {"cam_R_m2c": [-0.5634121298789978, -0.8165640234947205, -0.1256580799818039, 0.6075061559677124, -0.5125479102134705, 0.6068202257156372, -0.5599133968353271, 0.2655518352985382, 0.7848434448242188], "cam_t_m2c": [-184.00457763671875, -362.5030517578125, 1162.132080078125], "obj_id": 1}, {"cam_R_m2c": [-0.03259480372071266, -0.6625846028327942, 0.7482773661613464, 0.6160414218902588, 0.5762312412261963, 0.5370758175849915, -0.7870389819145203, 0.4784758388996124, 0.3893975019454956], "cam_t_m2c": [-33.30524826049805, -370.93463134765625, 787.2774047851562], "obj_id": 1}, {"cam_R_m2c": [0.5703050494194031, 0.0981503278017044, 0.8155480027198792, 0.031783074140548706, 0.9894556999206543, -0.14130552113056183, -0.8208178281784058, 0.10650787502527237, 0.5611720681190491], "cam_t_m2c": [-49.40507125854492, -483.5368957519531, 848.2779541015625], "obj_id": 1}, {"cam_R_m2c": [0.9449211955070496, 0.10728997737169266, -0.3092132806777954, -0.26603785157203674, 0.8020885586738586, -0.5346754193305969, 0.19065110385417938, 0.5874885320663452, 0.7864536643028259], "cam_t_m2c": [-38.566226959228516, -377.91949462890625, 1135.4193115234375], "obj_id": 1}, {"cam_R_m2c": [0.5381140112876892, 0.7429226040840149, -0.3981196880340576, 0.8426905870437622, -0.48400089144706726, 0.23582935333251953, -0.017487352713942528, -0.4623948037624359, -0.8865015506744385], "cam_t_m2c": [-306.49420166015625, -346.6213073730469, 817.6576538085938], "obj_id": 1}, {"cam_R_m2c": [-0.15785713493824005, -0.9134097099304199, -0.37518489360809326, -0.2386389821767807, 0.40397489070892334, -0.8830943703651428, 0.9581922888755798, -0.049869053065776825, -0.28174546360969543], "cam_t_m2c": [-86.94721984863281, -213.5935516357422, 875.8150634765625], "obj_id": 1}, {"cam_R_m2c": [-0.7724544405937195, 0.6348687410354614, 0.015993410721421242, -0.2960219085216522, -0.3822264075279236, 0.8753708004951477, 0.5618586540222168, 0.6714496612548828, 0.48318755626678467], "cam_t_m2c": [-148.54933166503906, -419.749755859375, 1211.815185546875], "obj_id": 1}, {"cam_R_m2c": [-0.4207570254802704, -0.17366959154605865, 0.8903944492340088, 0.5675724744796753, -0.816071629524231, 0.10903403162956238, 0.7076898217201233, 0.5512402653694153, 0.44193804264068604], "cam_t_m2c": [1.608569860458374, -571.923583984375, 817.5067749023438], "obj_id": 1}, {"cam_R_m2c": [0.8418289422988892, -0.13309422135353088, 0.5230773687362671, -0.2829363942146301, -0.934112548828125, 0.21767158806324005, 0.4596422612667084, -0.33123984932899475, -0.8240202069282532], "cam_t_m2c": [-211.62599182128906, -167.95350646972656, 936.15771484375], "obj_id": 1}, {"cam_R_m2c": [0.2673235535621643, 0.10634354501962662, 0.9577208161354065, 0.6855509281158447, -0.7194404602050781, -0.11146888881921768, 0.677169144153595, 0.6863646507263184, -0.2652273178100586], "cam_t_m2c": [-157.29672241210938, -228.84805297851562, 822.7081298828125], "obj_id": 1}, {"cam_R_m2c": [0.2757968306541443, -0.8965218663215637, -0.3466763496398926, -0.3719620108604431, 0.23302380740642548, -0.8985232710838318, 0.8863296508789062, 0.3767602741718292, -0.2692048251628876], "cam_t_m2c": [-287.06451416015625, -347.325927734375, 985.2390747070312], "obj_id": 1}, {"cam_R_m2c": [-0.540780246257782, -0.8411372900009155, -0.006683190353214741, 0.6890687942504883, -0.44754186272621155, 0.5699915289878845, -0.48243215680122375, 0.30363503098487854, 0.8216233849525452], "cam_t_m2c": [-143.70387268066406, -229.26158142089844, 1009.3301391601562], "obj_id": 1}, {"cam_R_m2c": [0.6352678537368774, 0.5643433928489685, 0.5272108316421509, -0.7661295533180237, 0.5465765595436096, 0.33808210492134094, -0.09736667573451996, -0.6186845302581787, 0.779582679271698], "cam_t_m2c": [-206.22251892089844, -238.67898559570312, 882.551025390625], "obj_id": 1}, {"cam_R_m2c": [-0.7948736548423767, 0.18543103337287903, -0.5777466297149658, 0.40700551867485046, -0.5432459115982056, -0.7343230247497559, -0.4500247836112976, -0.8188400864601135, 0.3563404679298401], "cam_t_m2c": [-12.708595275878906, -458.2641296386719, 680.778564453125], "obj_id": 1}, {"cam_R_m2c": [0.11518703401088715, -0.7007485032081604, 0.7040479183197021, -0.7679647207260132, 0.38672810792922974, 0.5105599761009216, -0.6300492882728577, -0.5994938611984253, -0.49360406398773193], "cam_t_m2c": [-51.935646057128906, -513.4378051757812, 940.1106567382812], "obj_id": 1}, {"cam_R_m2c": [0.4088421165943146, -0.031381551176309586, -0.9120653867721558, 0.8314135074615479, 0.42489731311798096, 0.3580695390701294, 0.3762972950935364, -0.9046974182128906, 0.19980698823928833], "cam_t_m2c": [-210.6793212890625, -427.8757629394531, 903.6293334960938], "obj_id": 1}, {"cam_R_m2c": [0.8914315700531006, -0.2456696778535843, -0.3807835876941681, 0.1044311448931694, 0.9290477633476257, -0.3549146056175232, 0.4409579038619995, 0.2766164243221283, 0.8538380861282349], "cam_t_m2c": [45.65771484375, -431.23675537109375, 835.4462280273438], "obj_id": 1}, {"cam_R_m2c": [0.6659421920776367, -0.572807788848877, -0.4779249131679535, -0.6993892788887024, -0.7022930979728699, -0.1328112632036209, -0.25956809520721436, 0.4227001965045929, -0.8683022260665894], "cam_t_m2c": [-100.05333709716797, -401.3197326660156, 711.4274291992188], "obj_id": 1}, {"cam_R_m2c": [0.6933227777481079, -0.6820145845413208, -0.2327221930027008, 0.4699550271034241, 0.18310023844242096, 0.863490879535675, -0.5463019013404846, -0.7080468535423279, 0.4474637806415558], "cam_t_m2c": [90.20218658447266, -399.1497497558594, 842.109130859375], "obj_id": 1}, {"cam_R_m2c": [0.10439449548721313, -0.7118080258369446, -0.6945725679397583, -0.93181312084198, 0.17408908903598785, -0.31846073269844055, 0.34760037064552307, 0.680457353591919, -0.645098090171814], "cam_t_m2c": [39.319915771484375, -438.9912414550781, 868.9105834960938], "obj_id": 1}, {"cam_R_m2c": [0.4277273118495941, -0.6188424229621887, 0.6588500142097473, -0.8965666890144348, -0.19774959981441498, 0.3963119387626648, -0.11496727168560028, -0.7602164149284363, -0.6394163966178894], "cam_t_m2c": [-207.1659698486328, -260.6253356933594, 960.266357421875], "obj_id": 1}, {"cam_R_m2c": [-0.5808668732643127, 0.7969042658805847, -0.1659436672925949, 0.7417428493499756, 0.4342208802700043, -0.5111455917358398, -0.33527788519859314, -0.4199950695037842, -0.8433225154876709], "cam_t_m2c": [-228.62850952148438, -492.5994873046875, 1015.5634765625], "obj_id": 1}, {"cam_R_m2c": [-0.1431306004524231, 0.983847975730896, -0.10750174522399902, -0.9602418541908264, -0.11174269020557404, 0.2558300495147705, 0.23968535661697388, 0.13984480500221252, 0.9607259631156921], "cam_t_m2c": [-295.6331481933594, -502.3353576660156, 908.2349853515625], "obj_id": 1}, {"cam_R_m2c": [0.689853310585022, 0.5495702028274536, 0.4712483286857605, -0.6191996932029724, 0.7851791977882385, -0.009239680133759975, -0.3750922381877899, -0.28542280197143555, 0.881952166557312], "cam_t_m2c": [-67.39826965332031, -454.76397705078125, 917.49169921875], "obj_id": 1}, {"cam_R_m2c": [-0.31995856761932373, -0.25164392590522766, 0.9134011268615723, -0.035147204995155334, -0.9602651000022888, -0.2768669128417969, 0.9467792510986328, -0.12068946659564972, 0.2984006702899933], "cam_t_m2c": [-146.6728515625, -519.4774780273438, 783.2198486328125], "obj_id": 1}, {"cam_R_m2c": [0.4234870970249176, 0.8965040445327759, 0.1301499605178833, 0.7904711961746216, -0.29551389813423157, -0.5364946722984314, -0.4425085783004761, 0.3300783634185791, -0.8338069319725037], "cam_t_m2c": [-182.77194213867188, -201.87928771972656, 847.7393798828125], "obj_id": 1}, {"cam_R_m2c": [0.09475430101156235, -0.27397438883781433, 0.957057774066925, 0.7444185018539429, 0.6578043103218079, 0.11460612714290619, -0.6609558463096619, 0.7015921473503113, 0.2662814259529114], "cam_t_m2c": [-49.5440788269043, -197.32211303710938, 873.3245849609375], "obj_id": 1}, {"cam_R_m2c": [0.802119255065918, -0.35981884598731995, 0.4765869379043579, 0.4302718937397003, -0.20517395436763763, -0.8790732026100159, 0.4140903353691101, 0.9101834893226624, -0.009754043072462082], "cam_t_m2c": [-275.2420959472656, -342.88702392578125, 969.4871215820312], "obj_id": 1}, {"cam_R_m2c": [-0.5203256011009216, -0.8466281294822693, -0.11172248423099518, -0.6376286745071411, 0.47219666838645935, -0.6086542010307312, 0.5680587291717529, -0.24546094238758087, -0.7855303883552551], "cam_t_m2c": [-223.96212768554688, -455.1915283203125, 752.2427368164062], "obj_id": 1}, {"cam_R_m2c": [0.18211929500102997, -0.7055988311767578, -0.684808611869812, 0.5575435161590576, 0.6477743983268738, -0.5191661715507507, 0.8099245429039001, -0.28726041316986084, 0.511374294757843], "cam_t_m2c": [3.6481590270996094, -550.0623779296875, 878.120361328125], "obj_id": 1}, {"cam_R_m2c": [0.36849328875541687, -0.16972585022449493, -0.9140052795410156, -0.8326351046562195, 0.3770017623901367, -0.4056948125362396, 0.4134383797645569, 0.9105287194252014, -0.002397038508206606], "cam_t_m2c": [-191.626953125, -238.8264617919922, 994.4314575195312], "obj_id": 1}, {"cam_R_m2c": [0.26817864179611206, 0.5882691144943237, 0.7629021406173706, -0.08349873125553131, 0.8031240105628967, -0.5899320840835571, -0.9597437977790833, 0.09450581669807434, 0.2645004093647003], "cam_t_m2c": [81.95556640625, -423.2237548828125, 914.1988525390625], "obj_id": 1}, {"cam_R_m2c": [0.5712162256240845, -0.7859473824501038, -0.23664049804210663, -0.7294797301292419, -0.35394740104675293, -0.5853037238121033, 0.37625962495803833, 0.5069594383239746, -0.7755131721496582], "cam_t_m2c": [-23.2882022857666, -407.78509521484375, 661.5985107421875], "obj_id": 1}, {"cam_R_m2c": [0.550247073173523, -0.6755126118659973, -0.49082672595977783, -0.7259445786476135, -0.6774599552154541, 0.11854267865419388, -0.4125925600528717, 0.29108524322509766, -0.8631550669670105], "cam_t_m2c": [-41.127201080322266, -560.7837524414062, 867.0194702148438], "obj_id": 1}, {"cam_R_m2c": [-0.8451120257377625, 0.3517574071884155, -0.40255746245384216, -0.4019410312175751, 0.07837779074907303, 0.9123049974441528, 0.3524616062641144, 0.9328042268753052, 0.07514765858650208], "cam_t_m2c": [-212.79476928710938, -381.5516357421875, 1015.7789916992188], "obj_id": 1}, {"cam_R_m2c": [0.9104187488555908, 0.09987432509660721, 0.40145087242126465, -0.37057238817214966, -0.23446422815322876, 0.8987227082252502, 0.18388523161411285, -0.9669805765151978, -0.1764499545097351], "cam_t_m2c": [-131.1280975341797, -406.53662109375, 872.29736328125], "obj_id": 1}, {"cam_R_m2c": [0.5758392810821533, 0.3633680045604706, 0.7323747277259827, -0.0012322072871029377, -0.8954155445098877, 0.4452296197414398, 0.8175619840621948, -0.25728315114974976, -0.5151677131652832], "cam_t_m2c": [-129.47422790527344, -356.9833679199219, 736.74267578125], "obj_id": 1}, {"cam_R_m2c": [0.9840373992919922, -0.014776905067265034, 0.17734715342521667, -0.10927177965641022, 0.7363952994346619, 0.6676688194274902, -0.1404636800289154, -0.6763901114463806, 0.7230257987976074], "cam_t_m2c": [-197.49130249023438, -327.9851379394531, 1018.6327514648438], "obj_id": 1}, {"cam_R_m2c": [-0.6864256262779236, 0.32457682490348816, 0.6507453322410583, -0.725130558013916, -0.23804634809494019, -0.6461573839187622, -0.054820120334625244, -0.9154144525527954, 0.39876189827919006], "cam_t_m2c": [-140.77162170410156, -404.1345520019531, 1109.9713134765625], "obj_id": 1}, {"cam_R_m2c": [0.38574519753456116, 0.5580147504806519, -0.7347245216369629, -0.1096508651971817, -0.7629854679107666, -0.6370475888252258, -0.9160661697387695, 0.3263012170791626, -0.23313114047050476], "cam_t_m2c": [-89.0933609008789, -422.2763671875, 737.2567138671875], "obj_id": 1}, {"cam_R_m2c": [-0.6003690958023071, -0.7088406682014465, 0.3702729046344757, -0.016493048518896103, -0.45192834734916687, -0.8919018507003784, 0.7995530366897583, -0.541577160358429, 0.25963276624679565], "cam_t_m2c": [38.42266082763672, -432.6473388671875, 895.795654296875], "obj_id": 1}, {"cam_R_m2c": [0.595148503780365, 0.49957963824272156, -0.6294587254524231, -0.4330577254295349, -0.46044185757637024, -0.7748896479606628, -0.6769484281539917, 0.7337663769721985, -0.05768435448408127], "cam_t_m2c": [-213.77354431152344, -363.9532775878906, 1043.9776611328125], "obj_id": 1}, {"cam_R_m2c": [0.5095561146736145, 0.6182315945625305, -0.5984498262405396, -0.14182983338832855, 0.7463536262512207, 0.6502618789672852, 0.8486676812171936, -0.24646683037281036, 0.46799275279045105], "cam_t_m2c": [-313.21649169921875, -432.6563720703125, 768.022216796875], "obj_id": 1}, {"cam_R_m2c": [-0.900542676448822, -0.13051657378673553, -0.41471466422080994, 0.37585458159446716, -0.7131661772727966, -0.5917155146598816, -0.21853181719779968, -0.6887375116348267, 0.6912919282913208], "cam_t_m2c": [-44.98063278198242, -425.6271057128906, 686.1072998046875], "obj_id": 1}, {"cam_R_m2c": [-0.3236893117427826, -0.7989841103553772, -0.5068031549453735, 0.8941537737846375, -0.43345698714256287, 0.1122669205069542, -0.30937689542770386, -0.41682037711143494, 0.8547202348709106], "cam_t_m2c": [-23.74973487854004, -367.13446044921875, 689.4713134765625], "obj_id": 1}, {"cam_R_m2c": [0.013190246187150478, 0.8520005345344543, 0.5233747363090515, -0.6071845293045044, 0.4226928949356079, -0.6727983951568604, -0.7944513559341431, -0.30891066789627075, 0.5228970050811768], "cam_t_m2c": [-229.48501586914062, -436.5892333984375, 651.8309936523438], "obj_id": 1}, {"cam_R_m2c": [-0.5139760375022888, -0.8340474367141724, 0.20048299431800842, -0.40211206674575806, 0.44070982933044434, 0.8025463819503784, -0.7577165961265564, 0.3318730294704437, -0.5618948340415955], "cam_t_m2c": [-135.22373962402344, -352.2377624511719, 739.2587890625], "obj_id": 1}, {"cam_R_m2c": [0.898520827293396, 0.3356958031654358, -0.2827872931957245, -0.19884096086025238, 0.8856701254844666, 0.41958391666412354, 0.39130881428718567, -0.32077518105506897, 0.8625431656837463], "cam_t_m2c": [-116.26289367675781, -284.263671875, 835.9033203125], "obj_id": 1}, {"cam_R_m2c": [0.7412703037261963, -0.30889686942100525, 0.5959035158157349, -0.6676051616668701, -0.24746446311473846, 0.7021855711936951, -0.06943795830011368, -0.9183375835418701, -0.38965919613838196], "cam_t_m2c": [-273.5534362792969, -205.8159942626953, 983.0634765625], "obj_id": 3}, {"cam_R_m2c": [0.13950754702091217, 0.7301333546638489, 0.6689117550849915, 0.9902178049087524, -0.10457630455493927, -0.09237124025821686, 0.002508993959054351, 0.6752548217773438, -0.7375802397727966], "cam_t_m2c": [-2.6700706481933594, -282.94146728515625, 1012.903076171875], "obj_id": 1}, {"cam_R_m2c": [-0.8745846748352051, 0.05175349861383438, -0.48210281133651733, 0.29863035678863525, 0.8408218622207642, -0.4514847993850708, 0.38199666142463684, -0.5388322472572327, -0.750825047492981], "cam_t_m2c": [-295.4268493652344, -515.0377807617188, 770.5234375], "obj_id": 1}, {"cam_R_m2c": [0.6426213979721069, -0.1576092392206192, 0.7497979402542114, 0.7653870582580566, 0.17667266726493835, -0.6188451647758484, -0.03493304178118706, 0.9715688228607178, 0.2341657429933548], "cam_t_m2c": [-196.16259765625, -485.8739929199219, 1075.862548828125], "obj_id": 1}, {"cam_R_m2c": [-0.5290352702140808, 0.3387916386127472, -0.7780370712280273, -0.5668678283691406, 0.5411906838417053, 0.6211066246032715, 0.6314921379089355, 0.7696316242218018, -0.09425884485244751], "cam_t_m2c": [-287.0300598144531, -493.8307189941406, 737.3184204101562], "obj_id": 1}, {"cam_R_m2c": [0.4664996266365051, 0.31126782298088074, 0.8279435038566589, -0.4943005442619324, -0.6844949126243591, 0.5358484387397766, 0.7335155606269836, -0.6592260003089905, -0.16545669734477997], "cam_t_m2c": [-175.736328125, -217.82130432128906, 1010.8311157226562], "obj_id": 3}, {"cam_R_m2c": [-0.8081311583518982, 0.36567267775535583, 0.46174415946006775, -0.2229553461074829, -0.9155226945877075, 0.33482712507247925, 0.5451743602752686, 0.16763588786125183, 0.8213909864425659], "cam_t_m2c": [-257.5410461425781, -490.4739990234375, 923.096435546875], "obj_id": 1}, {"cam_R_m2c": [-0.9318943023681641, 0.3593894839286804, 0.04911058023571968, 0.3491570055484772, 0.9254553318023682, -0.14704369008541107, -0.09829560667276382, -0.11988189816474915, -0.9879099130630493], "cam_t_m2c": [-118.06834411621094, -570.3631591796875, 1072.4134521484375], "obj_id": 1}, {"cam_R_m2c": [-0.2027595043182373, -0.7514482736587524, 0.6278647184371948, 0.978819727897644, -0.174056738615036, 0.10777857154607773, 0.028294045478105545, 0.6364194750785828, 0.7708240151405334], "cam_t_m2c": [-172.57891845703125, -135.22496032714844, 913.05859375], "obj_id": 1}, {"cam_R_m2c": [-0.236389622092247, -0.3147886395454407, -0.9192540645599365, 0.64451664686203, 0.6571803092956543, -0.39078420400619507, 0.727130115032196, -0.684851884841919, 0.047535914927721024], "cam_t_m2c": [96.61986541748047, -423.7940673828125, 849.3535766601562], "obj_id": 3}, {"cam_R_m2c": [-0.940007746219635, -0.22156059741973877, 0.2594147026538849, 0.2817682921886444, -0.07552239298820496, 0.956505537033081, -0.19233231246471405, 0.9722176194190979, 0.13342058658599854], "cam_t_m2c": [-80.17244720458984, -540.5892333984375, 838.5216064453125], "obj_id": 1}, {"cam_R_m2c": [0.5460146069526672, 0.6121469736099243, -0.5719650983810425, 0.47900158166885376, 0.3320111632347107, 0.8126044273376465, 0.6873321533203125, -0.7176660299301147, -0.11193643510341644], "cam_t_m2c": [-91.12828826904297, -90.48705291748047, 842.7364501953125], "obj_id": 1}, {"cam_R_m2c": [0.7665987014770508, -0.026776740327477455, 0.6415679454803467, -0.015721043571829796, -0.999613344669342, -0.02293545752763748, 0.6419340372085571, 0.007496173959225416, -0.7667232751846313], "cam_t_m2c": [-65.43656158447266, -249.1781005859375, 944.548095703125], "obj_id": 3}, {"cam_R_m2c": [-0.8081072568893433, -0.5771991014480591, 0.11749005317687988, -0.5871595740318298, 0.8052527904510498, -0.08253251016139984, -0.04697149991989136, -0.13568052649497986, -0.9896385669708252], "cam_t_m2c": [-285.20904541015625, -549.7553100585938, 819.0757446289062], "obj_id": 1}, {"cam_R_m2c": [-0.5458988547325134, 0.4258754849433899, -0.7215431928634644, -0.4918276071548462, 0.534313440322876, 0.6874697804450989, 0.6783067584037781, 0.7301638126373291, -0.0822238102555275], "cam_t_m2c": [-183.77357482910156, -552.1622314453125, 896.2498779296875], "obj_id": 3}, {"cam_R_m2c": [0.12557396292686462, -0.9827737212181091, -0.13559897243976593, 0.3254629969596863, 0.169925719499588, -0.9301608204841614, 0.9371793270111084, 0.07267154008150101, 0.34119468927383423], "cam_t_m2c": [-275.5947265625, -265.1884765625, 1012.777587890625], "obj_id": 3}, {"cam_R_m2c": [-0.9937942624092102, 0.1069352924823761, 0.030627744272351265, 0.11122070997953415, 0.9596643447875977, 0.25821369886398315, -0.001780198304913938, 0.2600176930427551, -0.9656023383140564], "cam_t_m2c": [-164.97830200195312, -334.7582092285156, 915.7119140625], "obj_id": 3}, {"cam_R_m2c": [0.13998347520828247, 0.5203615427017212, -0.8423945307731628, 0.9617797136306763, -0.27366891503334045, -0.00922787468880415, -0.23533901572227478, -0.8089061975479126, -0.5387822389602661], "cam_t_m2c": [-280.9022521972656, -209.58734130859375, 979.4379272460938], "obj_id": 3}, {"cam_R_m2c": [0.23904645442962646, 0.8629836440086365, 0.4451022744178772, 0.6240783333778381, -0.48772355914115906, 0.6104522943496704, 0.7438971996307373, 0.13185220956802368, -0.6551580429077148], "cam_t_m2c": [-157.5607147216797, -341.4723815917969, 757.0362548828125], "obj_id": 1}, {"cam_R_m2c": [-0.8438482284545898, -0.5204235315322876, -0.13068850338459015, 0.46281230449676514, -0.829163670539856, 0.31351613998413086, -0.2715233266353607, 0.20407578349113464, 0.9405467510223389], "cam_t_m2c": [-37.139591217041016, -166.56619262695312, 918.1740112304688], "obj_id": 3}, {"cam_R_m2c": [0.2695584297180176, 0.8246385455131531, 0.4973021447658539, 0.4760374426841736, -0.5630159378051758, 0.675574779510498, 0.8370941281318665, 0.05462759733200073, -0.5443244576454163], "cam_t_m2c": [-67.7054672241211, -432.1579895019531, 994.58642578125], "obj_id": 3}, {"cam_R_m2c": [-0.7018206119537354, -0.22215551137924194, -0.6768268942832947, 0.48724907636642456, 0.5433947443962097, -0.6836010813713074, 0.5196499228477478, -0.8095486760139465, -0.27312058210372925], "cam_t_m2c": [-49.678157806396484, -237.13246154785156, 823.7471313476562], "obj_id": 3}, {"cam_R_m2c": [-0.41031837463378906, 0.08683417737483978, 0.9077987670898438, 0.8915168046951294, 0.24769999086856842, 0.379265695810318, -0.19192850589752197, 0.9649375677108765, -0.17904996871948242], "cam_t_m2c": [-266.8623352050781, -424.0352783203125, 751.4568481445312], "obj_id": 1}, {"cam_R_m2c": [-0.6778868436813354, 0.693517804145813, 0.24393101036548615, 0.2997177541255951, -0.04226813465356827, 0.9530910849571228, 0.6712961792945862, 0.71919846534729, -0.17920652031898499], "cam_t_m2c": [-131.1508331298828, -313.74908447265625, 622.7442016601562], "obj_id": 3}, {"cam_R_m2c": [0.740450382232666, 0.16402724385261536, -0.6517885327339172, -0.29533958435058594, 0.9505258202552795, -0.09630759060382843, 0.6037447452545166, 0.2638099491596222, 0.7522609829902649], "cam_t_m2c": [-236.8706817626953, -322.26776123046875, 964.27294921875], "obj_id": 3}, {"cam_R_m2c": [0.7420650124549866, 0.43519097566604614, 0.5098512172698975, 0.5826988220214844, -0.7947723865509033, -0.169701486825943, 0.3313632011413574, 0.42301926016807556, -0.843358039855957], "cam_t_m2c": [-59.23897171020508, -456.472412109375, 933.93359375], "obj_id": 1}, {"cam_R_m2c": [0.053865790367126465, 0.8432877659797668, -0.5347561240196228, -0.35290613770484924, 0.5170502066612244, 0.7798181176185608, 0.9341068863868713, 0.1467132270336151, 0.3254527747631073], "cam_t_m2c": [-126.92210388183594, -259.99884033203125, 744.40625], "obj_id": 1}, {"cam_R_m2c": [0.9862873554229736, -0.16428767144680023, 0.015709204599261284, -0.04924856871366501, -0.3838300406932831, -0.9220895767211914, 0.15751759707927704, 0.9086716175079346, -0.3866576552391052], "cam_t_m2c": [-209.35638427734375, -368.2699279785156, 661.0982055664062], "obj_id": 1}, {"cam_R_m2c": [-0.517743706703186, 0.5289159417152405, -0.6724503040313721, 0.7602055072784424, 0.6449837684631348, -0.07799743115901947, 0.3924654424190521, -0.5515831112861633, -0.736021101474762], "cam_t_m2c": [-116.81891632080078, -372.4771423339844, 1145.9305419921875], "obj_id": 1}, {"cam_R_m2c": [-0.3824596107006073, -0.29933393001556396, -0.8741416931152344, 0.6679885983467102, 0.5640602111816406, -0.4854144752025604, 0.6383695602416992, -0.7695682048797607, -0.0157785527408123], "cam_t_m2c": [-142.21072387695312, -360.522216796875, 585.7102661132812], "obj_id": 1}, {"cam_R_m2c": [0.6202130913734436, -0.06280052661895752, -0.7819154858589172, -0.23059585690498352, -0.9673445224761963, -0.10521446168422699, -0.749774158000946, 0.2455618530511856, -0.6144412159919739], "cam_t_m2c": [-217.7449188232422, -304.91888427734375, 1015.3422241210938], "obj_id": 3}, {"cam_R_m2c": [-0.5640586018562317, 0.6375809907913208, 0.5247173309326172, 0.82359778881073, 0.4800906777381897, 0.3019926846027374, -0.05936708673834801, 0.6024976372718811, -0.795909583568573], "cam_t_m2c": [-279.1127014160156, -350.4371032714844, 886.692626953125], "obj_id": 3}, {"cam_R_m2c": [-0.6365037560462952, -0.323437362909317, -0.7001794576644897, 0.7083866000175476, 0.11389213055372238, -0.6965752243995667, 0.30504339933395386, -0.9393704533576965, 0.1566258817911148], "cam_t_m2c": [-135.6989288330078, -487.31060791015625, 907.352783203125], "obj_id": 3}, {"cam_R_m2c": [0.7026427388191223, -0.15476174652576447, 0.6945084929466248, 0.5509874820709229, 0.7359437942504883, -0.3934457302093506, -0.45022884011268616, 0.6591172814369202, 0.6023772954940796], "cam_t_m2c": [-200.8761444091797, -535.5936279296875, 1020.8331298828125], "obj_id": 1}, {"cam_R_m2c": [-0.6817032694816589, -0.24871541559696198, 0.6880560517311096, -0.6890051364898682, -0.09806393086910248, -0.7180913686752319, 0.24607393145561218, -0.9635995030403137, -0.10451562702655792], "cam_t_m2c": [-153.29908752441406, -304.36761474609375, 854.1959838867188], "obj_id": 3}, {"cam_R_m2c": [0.9175719022750854, -0.09118715673685074, 0.3869711458683014, -0.37544941902160645, -0.5188884735107422, 0.7679793238639832, 0.13076505064964294, -0.8499643802642822, -0.5103536248207092], "cam_t_m2c": [-64.30506896972656, -522.4268188476562, 921.4476928710938], "obj_id": 1}, {"cam_R_m2c": [-0.9121599793434143, 0.2357950359582901, -0.3352087140083313, -0.3359241485595703, 0.038383226841688156, 0.9411066174507141, 0.23477467894554138, 0.9710445404052734, 0.04419758543372154], "cam_t_m2c": [-115.6137466430664, -569.837646484375, 840.781982421875], "obj_id": 1}, {"cam_R_m2c": [-0.8634399771690369, -0.48937860131263733, -0.12239231169223785, -0.36188021302223206, 0.43186765909194946, 0.8261555433273315, -0.35144558548927307, 0.7576271295547485, -0.5499882102012634], "cam_t_m2c": [-52.134525299072266, -312.8546142578125, 899.9855346679688], "obj_id": 3}, {"cam_R_m2c": [-0.7776837348937988, 0.2682887315750122, 0.5685322284698486, -0.4883754551410675, 0.31162580847740173, -0.8150942325592041, -0.39584988355636597, -0.9115428328514099, -0.11132056266069412], "cam_t_m2c": [-338.91259765625, -201.66867065429688, 941.6070556640625], "obj_id": 3}, {"cam_R_m2c": [0.9498156905174255, -0.20163476467132568, -0.23915183544158936, -0.2780851125717163, -0.19418083131313324, -0.9407243728637695, 0.14324402809143066, 0.9600192904472351, -0.24050763249397278], "cam_t_m2c": [-147.48944091796875, -81.4985122680664, 835.0721435546875], "obj_id": 3}, {"cam_R_m2c": [-0.5858374834060669, -0.7508790493011475, 0.30491799116134644, 0.7956473231315613, -0.4613606035709381, 0.39254504442214966, -0.1540766805410385, 0.4725748300552368, 0.8677173256874084], "cam_t_m2c": [-23.30461883544922, -545.842041015625, 820.7786865234375], "obj_id": 1}, {"cam_R_m2c": [0.890718400478363, 0.2878493666648865, -0.3518003821372986, -0.4486672878265381, 0.4325753152370453, -0.782033383846283, -0.07292766124010086, 0.854412853717804, 0.5144513845443726], "cam_t_m2c": [-10.094200134277344, -200.25901794433594, 903.1119384765625], "obj_id": 1}, {"cam_R_m2c": [-0.5446905493736267, 0.19580650329589844, 0.8154581785202026, -0.7160147428512573, 0.39765802025794983, -0.57375168800354, -0.43661779165267944, -0.8963971734046936, -0.07640021294355392], "cam_t_m2c": [11.023552894592285, -188.7371368408203, 893.8206787109375], "obj_id": 3}, {"cam_R_m2c": [0.6662377119064331, 0.037549011409282684, 0.7447935342788696, -0.019753236323595047, -0.9974926114082336, 0.06795871257781982, 0.7454777956008911, -0.05998873710632324, -0.6638254523277283], "cam_t_m2c": [-228.62161254882812, -304.5553894042969, 896.1552734375], "obj_id": 3}, {"cam_R_m2c": [0.23436607420444489, 0.8625670075416565, -0.4483867883682251, 0.2392694503068924, 0.39586344361305237, 0.8865902423858643, 0.9422433972358704, -0.3150719404220581, -0.11360897123813629], "cam_t_m2c": [-162.91787719726562, -385.652587890625, 1197.16650390625], "obj_id": 3}, {"cam_R_m2c": [-0.4667019546031952, -0.15961819887161255, -0.869891345500946, 0.7708579301834106, -0.5555780529975891, -0.3116258382797241, -0.433551549911499, -0.8159991502761841, 0.38233262300491333], "cam_t_m2c": [-253.61598205566406, -266.99200439453125, 1055.7298583984375], "obj_id": 3}, {"cam_R_m2c": [0.408014178276062, -0.5059341192245483, 0.7599704265594482, 0.3966509699821472, 0.8479783535003662, 0.3515688478946686, -0.8223091959953308, 0.1579979658126831, 0.5466664433479309], "cam_t_m2c": [41.93567657470703, -488.2940979003906, 869.93701171875], "obj_id": 3}, {"cam_R_m2c": [0.38193848729133606, 0.8746019005775452, 0.2986544370651245, -0.8815988302230835, 0.24782148003578186, 0.401706337928772, 0.27732017636299133, -0.4167204797267914, 0.8657006025314331], "cam_t_m2c": [-117.48294067382812, -383.6365966796875, 988.9567260742188], "obj_id": 3}, {"cam_R_m2c": [-0.5275761485099792, -0.8120736479759216, 0.24939866364002228, -0.5512248277664185, 0.10386275500059128, -0.8278669714927673, 0.6463857293128967, -0.5742376446723938, -0.5024306774139404], "cam_t_m2c": [-71.11797332763672, -551.1696166992188, 792.8863525390625], "obj_id": 3}, {"cam_R_m2c": [-0.8629967570304871, -0.21825912594795227, 0.45563051104545593, 0.43513497710227966, 0.13712270557880402, 0.8898622393608093, -0.25669780373573303, 0.9662091732025146, -0.023364098742604256], "cam_t_m2c": [2.3253982067108154, -279.9220886230469, 1030.7110595703125], "obj_id": 1}, {"cam_R_m2c": [0.3008326292037964, -0.3216041922569275, 0.8978142738342285, -0.8256033658981323, -0.5590575933456421, 0.07637787610292435, 0.47736644744873047, -0.7642154693603516, -0.43370023369789124], "cam_t_m2c": [43.11872482299805, -464.9936828613281, 740.2557983398438], "obj_id": 3}, {"cam_R_m2c": [0.9552844762802124, 0.11912122368812561, -0.2706319987773895, -0.05527687817811966, 0.9710702896118164, 0.23230783641338348, 0.2904754877090454, -0.20696038007736206, 0.9342330694198608], "cam_t_m2c": [-117.14366912841797, -445.145263671875, 950.8275146484375], "obj_id": 1}, {"cam_R_m2c": [0.4944677948951721, -0.6407961249351501, 0.5872664451599121, -0.8084579110145569, -0.09093136340379715, 0.5814869999885559, -0.3192136883735657, -0.762306809425354, -0.563019335269928], "cam_t_m2c": [-251.5040283203125, -290.47552490234375, 1051.3363037109375], "obj_id": 3}, {"cam_R_m2c": [-0.35341548919677734, -0.012066424824297428, -0.9353885054588318, 0.13234363496303558, -0.9905044436454773, -0.03722565621137619, -0.9260574579238892, -0.1369488537311554, 0.3516567647457123], "cam_t_m2c": [-265.7029724121094, -513.1000366210938, 854.6212768554688], "obj_id": 3}, {"cam_R_m2c": [-0.07872646301984787, 0.7305818200111389, -0.6782715320587158, 0.004558425862342119, 0.6806400418281555, 0.7326037883758545, 0.9968857765197754, 0.05458349362015724, -0.056914668530225754], "cam_t_m2c": [-231.27346801757812, -518.2154541015625, 825.7564697265625], "obj_id": 1}, {"cam_R_m2c": [-0.7394384145736694, 0.037252943962812424, 0.6721924543380737, -0.33683785796165466, -0.8849769830703735, -0.3214896023273468, 0.58289855718612