{
  "0": [{"cam_R_m2c": [0.7682101726531982, -0.6280729174613953, -0.12400596588850021, -0.20985069870948792, -0.06404512375593185, -0.9756335020065308, 0.6048270463943481, 0.7755143046379089, -0.18100164830684662], "cam_t_m2c": [117.5873794555664, -5.686988353729248, 209.28224182128906], "obj_id": 1}, {"cam_R_m2c": [0.7682101726531982, -0.6280729174613953, -0.12400596588850021, -0.20985069870948792, -0.06404512375593185, -0.9756335020065308, 0.6048270463943481, 0.7755143046379089, -0.18100164830684662], "cam_t_m2c": [117.5873794555664, -5.686988353729248, 209.28224182128906], "obj_id": 2}, {"cam_R_m2c": [0.7682101726531982, -0.6280729174613953, -0.12400596588850021, -0.20985069870948792, -0.06404512375593185, -0.9756335020065308, 0.6048270463943481, 0.7755143046379089, -0.18100164830684662], "cam_t_m2c": [117.5873794555664, -5.686988353729248, 209.28224182128906], "obj_id": 0}, {"cam_R_m2c": [0.7682101726531982, -0.6280729174613953, -0.12400596588850021, -0.20985069870948792, -0.06404512375593185, -0.9756335020065308, 0.6048270463943481, 0.7755143046379089, -0.18100164830684662], "cam_t_m2c": [117.5873794555664, -5.686988353729248, 209.28224182128906], "obj_id": 1}, {"cam_R_m2c": [0.7682101726531982, -0.6280729174613953, -0.12400596588850021, -0.20985069870948792, -0.06404512375593185, -0.9756335020065308, 0.6048270463943481, 0.7755143046379089, -0.18100164830684662], "cam_t_m2c": [117.5873794555664, -5.686988353729248, 209.28224182128906], "obj_id": 3}, {"cam_R_m2c": [0.7682101726531982, -0.6280729174613953, -0.12400596588850021, -0.20985069870948792, -0.06404512375593185, -0.9756335020065308, 0.6048270463943481, 0.7755143046379089, -0.18100164830684662], "cam_t_m2c": [117.5873794555664, -5.686988353729248, 209.28224182128906], "obj_id": 2}, {"cam_R_m2c": [0.7682101726531982, -0.6280729174613953, -0.12400596588850021, -0.20985069870948792, -0.06404512375593185, -0.9756335020065308, 0.6048270463943481, 0.7755143046379089, -0.18100164830684662], "cam_t_m2c": [117.5873794555664, -5.686988353729248, 209.28224182128906], "obj_id": 0}, {"cam_R_m2c": [0.7682101726531982, -0.6280729174613953, -0.12400596588850021, -0.20985069870948792, -0.06404512375593185, -0.9756335020065308, 0.6048270463943481, 0.7755143046379089, -0.18100164830684662], "cam_t_m2c": [117.5873794555664, -5.686988353729248, 209.28224182128906], "obj_id": 1}, {"cam_R_m2c": [0.7682101726531982, -0.6280729174613953, -0.12400596588850021, -0.20985069870948792, -0.06404512375593185, -0.9756335020065308, 0.6048270463943481, 0.7755143046379089, -0.18100164830684662], "cam_t_m2c": [117.5873794555664, -5.686988353729248, 209.28224182128906], "obj_id": 2}, {"cam_R_m2c": [0.7682101726531982, -0.6280729174613953, -0.12400596588850021, -0.20985069870948792, -0.06404512375593185, -0.9756335020065308, 0.6048270463943481, 0.7755143046379089, -0.18100164830684662], "cam_t_m2c": [117.5873794555664, -5.686988353729248, 209.28224182128906], "obj_id": 2}, {"cam_R_m2c": [0.7682101726531982, -0.6280729174613953, -0.12400596588850021, -0.20985069870948792, -0.06404512375593185, -0.9756335020065308, 0.6048270463943481, 0.7755143046379089, -0.18100164830684662], "cam_t_m2c": [117.5873794555664, -5.686988353729248, 209.28224182128906], "obj_id": 3}, {"cam_R_m2c": [0.7682101726531982, -0.6280729174613953, -0.12400596588850021, -0.20985069870948792, -0.06404512375593185, -0.9756335020065308, 0.6048270463943481, 0.7755143046379089, -0.18100164830684662], "cam_t_m2c": [117.5873794555664, -5.686988353729248, 209.28224182128906], "obj_id": 2}, {"cam_R_m2c": [0.7682101726531982, -0.6280729174613953, -0.12400596588850021, -0.20985069870948792, -0.06404512375593185, -0.9756335020065308, 0.6048270463943481, 0.7755143046379089, -0.18100164830684662], "cam_t_m2c": [117.5873794555664, -5.686988353729248, 209.28224182128906], "obj_id": 3}, {"cam_R_m2c": [0.7682101726531982, -0.6280729174613953, -0.12400596588850021, -0.20985069870948792, -0.06404512375593185, -0.9756335020065308, 0.6048270463943481, 0.7755143046379089, -0.18100164830684662], "cam_t_m2c": [117.5873794555664, -5.686988353729248, 209.28224182128906], "obj_id": 1}, {"cam_R_m2c": [0.7682101726531982, -0.6280729174613953, -0.12400596588850021, -0.20985069870948792, -0.06404512375593185, -0.9756335020065308, 0.6048270463943481, 0.7755143046379089, -0.18100164830684662], "cam_t_m2c": [117.5873794555664, -5.686988353729248, 209.28224182128906], "obj_id": 0}, {"cam_R_m2c": [0.7682101726531982, -0.6280729174613953, -0.12400596588850021, -0.20985069870948792, -0.06404512375593185, -0.9756335020065308, 0.6048270463943481, 0.7755143046379089, -0.18100164830684662], "cam_t_m2c": [117.5873794555664, -5.686988353729248, 209.28224182128906], "obj_id": 0}, {"cam_R_m2c": [0.7682101726531982, -0.6280729174613953, -0.12400596588850021, -0.20985069870948792, -0.06404512375593185, -0.9756335020065308, 0.6048270463943481, 0.7755143046379089, -0.18100164830684662], "cam_t_m2c": [117.5873794555664, -5.686988353729248, 209.28224182128906], "obj_id": 2}, {"cam_R_m2c": [0.7682101726531982, -0.6280729174613953, -0.12400596588850021, -0.20985069870948792, -0.06404512375593185, -0.9756335020065308, 0.6048270463943481, 0.7755143046379089, -0.18100164830684662], "cam_t_m2c": [117.5873794555664, -5.686988353729248, 209.28224182128906], "obj_id": 2}, {"cam_R_m2c": [0.7682101726531982, -0.6280729174613953, -0.12400596588850021, -0.20985069870948792, -0.06404512375593185, -0.9756335020065308, 0.6048270463943481, 0.7755143046379089, -0.18100164830684662], "cam_t_m2c": [117.5873794555664, -5.686988353729248, 209.28224182128906], "obj_id": 0}, {"cam_R_m2c": [0.7682101726531982, -0.6280729174613953, -0.12400596588850021, -0.20985069870948792, -0.06404512375593185, -0.9756335020065308, 0.6048270463943481, 0.7755143046379089, -0.18100164830684662], "cam_t_m2c": [117.5873794555664, -5.686988353729248, 209.28224182128906], "obj_id": 3}, {"cam_R_m2c": [0.7682101726531982, -0.6280729174613953, -0.12400596588850021, -0.20985069870948792, -0.06404512375593185, -0.9756335020065308, 0.6048270463943481, 0.7755143046379089, -0.18100164830684662], "cam_t_m2c": [117.5873794555664, -5.686988353729248, 209.28224182128906], "obj_id": 3}, {"cam_R_m2c": [0.7682101726531982, -0.6280729174613953, -0.12400596588850021, -0.20985069870948792, -0.06404512375593185, -0.9756335020065308, 0.6048270463943481, 0.7755143046379089, -0.18100164830684662], "cam_t_m2c": [117.5873794555664, -5.686988353729248, 209.28224182128906], "obj_id": 1}, {"cam_R_m2c": [0.7682101726531982, -0.6280729174613953, -0.12400596588850021, -0.20985069870948792, -0.06404512375593185, -0.9756335020065308, 0.6048270463943481, 0.7755143046379089, -0.18100164830684662], "cam_t_m2c": [117.5873794555664, -5.686988353729248, 209.28224182128906], "obj_id": 1}, {"cam_R_m2c": [0.7682101726531982, -0.6280729174613953, -0.12400596588850021, -0.20985069870948792, -0.06404512375593185, -0.9756335020065308, 0.6048270463943481, 0.7755143046379089, -0.18100164830684662], "cam_t_m2c": [117.5873794555664, -5.686988353729248, 209.28224182128906], "obj_id": 2}, {"cam_R_m2c": [-0.30071356892585754, 0.22299456596374512, 0.9272780418395996, -0.27342742681503296, 0.9113072156906128, -0.30782556533813477, -0.9136785864830017, -0.34611064195632935, -0.2130696028470993], "cam_t_m2c": [11.722418785095215, -19.504718780517578, 196.29840087890625], "obj_id": 3}, {"cam_R_m2c": [0.01339917816221714, 0.6159641742706299, -0.7876601815223694, 0.3026813268661499, 0.7482745051383972, 0.5903128385543823, 0.9529975652694702, -0.2463197112083435, -0.1764145791530609], "cam_t_m2c": [143.2552947998047, -13.0205078125, 83.78843688964844], "obj_id": 3}, {"cam_R_m2c": [-0.6944571733474731, 0.6197206377983093, 0.36561647057533264, 0.46772798895835876, 0.0026790392585098743, 0.883868396282196, 0.5467720031738281, 0.7848178744316101, -0.2917211353778839], "cam_t_m2c": [211.86878967285156, -58.54732894897461, 243.45164489746094], "obj_id": 3}, {"cam_R_m2c": [0.08774995803833008, -0.9871757626533508, -0.13335634768009186, 0.6582925319671631, 0.1579417586326599, -0.7360063195228577, 0.7476301193237305, -0.02320300042629242, 0.6637098789215088], "cam_t_m2c": [953.6858520507812, 7678.0791015625, 1660.604736328125], "obj_id": 0}, {"cam_R_m2c": [-0.06332827359437943, 0.09993395954370499, -0.992976725101471, 0.06499868631362915, 0.9932743906974792, 0.09581855684518814, 0.9958738684654236, -0.05847415700554848, -0.0693979263305664], "cam_t_m2c": [1060.9681396484375, 7855.6162109375, 1957.86328125], "obj_id": 2}, {"cam_R_m2c": [-0.6046974658966064, 0.7794948220252991, 0.1634891927242279, -0.6765855550765991, -0.39444926381111145, -0.6218051314353943, -0.420205682516098, -0.4866184592247009, 0.7659175395965576], "cam_t_m2c": [-21.548524856567383, -38.23590087890625, 277.4969787597656], "obj_id": 1}, {"cam_R_m2c": [0.4232470989227295, -0.2889912724494934, -0.858688473701477, -0.48976388573646545, 0.7243752479553223, -0.48519256711006165, 0.7622290849685669, 0.6259109973907471, 0.16505222022533417], "cam_t_m2c": [1194.152099609375, 7782.05712890625, 1559.7493896484375], "obj_id": 0}, {"cam_R_m2c": [0.6910774111747742, 0.5873342156410217, 0.42124873399734497, -0.5646181106567383, 0.07482627034187317, 0.8219533562660217, 0.4512408971786499, -0.8058780431747437, 0.3833303153514862], "cam_t_m2c": [-57.60504913330078, 18.225830078125, 259.64996337890625], "obj_id": 1}],
  "1": [{"cam_R_m2c": [0.37428247928619385, -0.8539182543754578, 0.3615746796131134, -0.05219056084752083, -0.4086955785751343, -0.9111772179603577, 0.9258448481559753, 0.3221668601036072, -0.19753402471542358], "cam_t_m2c": [71.60089874267578, 26.048620223999023, 271.351806640625], "obj_id": 1}, {"cam_R_m2c": [0.37428247928619385, -0.8539182543754578, 0.3615746796131134, -0.05219056084752083, -0.4086955785751343, -0.9111772179603577, 0.9258448481559753, 0.3221668601036072, -0.19753402471542358], "cam_t_m2c": [71.60089874267578, 26.048620223999023, 271.351806640625], "obj_id": 2}, {"cam_R_m2c": [0.37428247928619385, -0.8539182543754578, 0.3615746796131134, -0.05219056084752083, -0.4086955785751343, -0.9111772179603577, 0.9258448481559753, 0.3221668601036072, -0.19753402471542358], "cam_t_m2c": [71.60089874267578, 26.048620223999023, 271.351806640625], "obj_id": 0}, {"cam_R_m2c": [0.37428247928619385, -0.8539182543754578, 0.3615746796131134, -0.05219056084752083, -0.4086955785751343, -0.9111772179603577, 0.9258448481559753, 0.3221668601036072, -0.19753402471542358], "cam_t_m2c": [71.60089874267578, 26.048620223999023, 271.351806640625], "obj_id": 1}, {"cam_R_m2c": [0.37428247928619385, -0.8539182543754578, 0.3615746796131134, -0.05219056084752083, -0.4086955785751343, -0.9111772179603577, 0.9258448481559753, 0.3221668601036072, -0.19753402471542358], "cam_t_m2c": [71.60089874267578, 26.048620223999023, 271.351806640625], "obj_id": 3}, {"cam_R_m2c": [0.37428247928619385, -0.8539182543754578, 0.3615746796131134, -0.05219056084752083, -0.4086955785751343, -0.9111772179603577, 0.9258448481559753, 0.3221668601036072, -0.19753402471542358], "cam_t_m2c": [71.60089874267578, 26.048620223999023, 271.351806640625], "obj_id": 2}, {"cam_R_m2c": [0.37428247928619385, -0.8539182543754578, 0.3615746796131134, -0.05219056084752083, -0.4086955785751343, -0.9111772179603577, 0.9258448481559753, 0.3221668601036072, -0.19753402471542358], "cam_t_m2c": [71.60089874267578, 26.048620223999023, 271.351806640625], "obj_id": 0}, {"cam_R_m2c": [0.37428247928619385, -0.8539182543754578, 0.3615746796131134, -0.05219056084752083, -0.4086955785751343, -0.9111772179603577, 0.9258448481559753, 0.3221668601036072, -0.19753402471542358], "cam_t_m2c": [71.60089874267578, 26.048620223999023, 271.351806640625], "obj_id": 1}, {"cam_R_m2c": [0.37428247928619385, -0.8539182543754578, 0.3615746796131134, -0.05219056084752083, -0.4086955785751343, -0.9111772179603577, 0.9258448481559753, 0.3221668601036072, -0.19753402471542358], "cam_t_m2c": [71.60089874267578, 26.048620223999023, 271.351806640625], "obj_id": 2}, {"cam_R_m2c": [0.37428247928619385, -0.8539182543754578, 0.3615746796131134, -0.05219056084752083, -0.4086955785751343, -0.9111772179603577, 0.9258448481559753, 0.3221668601036072, -0.19753402471542358], "cam_t_m2c": [71.60089874267578, 26.048620223999023, 271.351806640625], "obj_id": 2}, {"cam_R_m2c": [0.37428247928619385, -0.8539182543754578, 0.3615746796131134, -0.05219056084752083, -0.4086955785751343, -0.9111772179603577, 0.9258448481559753, 0.3221668601036072, -0.19753402471542358], "cam_t_m2c": [71.60089874267578, 26.048620223999023, 271.351806640625], "obj_id": 3}, {"cam_R_m2c": [0.37428247928619385, -0.8539182543754578, 0.3615746796131134, -0.05219056084752083, -0.4086955785751343, -0.9111772179603577, 0.9258448481559753, 0.3221668601036072, -0.19753402471542358], "cam_t_m2c": [71.60089874267578, 26.048620223999023, 271.351806640625], "obj_id": 2}, {"cam_R_m2c": [0.37428247928619385, -0.8539182543754578, 0.3615746796131134, -0.05219056084752083, -0.4086955785751343, -0.9111772179603577, 0.9258448481559753, 0.3221668601036072, -0.19753402471542358], "cam_t_m2c": [71.60089874267578, 26.048620223999023, 271.351806640625], "obj_id": 3}, {"cam_R_m2c": [0.37428247928619385, -0.8539182543754578, 0.3615746796131134, -0.05219056084752083, -0.4086955785751343, -0.9111772179603577, 0.9258448481559753, 0.3221668601036072, -0.19753402471542358], "cam_t_m2c": [71.60089874267578, 26.048620223999023, 271.351806640625], "obj_id": 1}, {"cam_R_m2c": [0.37428247928619385, -0.8539182543754578, 0.3615746796131134, -0.05219056084752083, -0.4086955785751343, -0.9111772179603577, 0.9258448481559753, 0.3221668601036072, -0.19753402471542358], "cam_t_m2c": [71.60089874267578, 26.048620223999023, 271.351806640625], "obj_id": 0}, {"cam_R_m2c": [0.37428247928619385, -0.8539182543754578, 0.3615746796131134, -0.05219056084752083, -0.4086955785751343, -0.9111772179603577, 0.9258448481559753, 0.3221668601036072, -0.19753402471542358], "cam_t_m2c": [71.60089874267578, 26.048620223999023, 271.351806640625], "obj_id": 0}, {"cam_R_m2c": [0.37428247928619385, -0.8539182543754578, 0.3615746796131134, -0.05219056084752083, -0.4086955785751343, -0.9111772179603577, 0.9258448481559753, 0.3221668601036072, -0.19753402471542358], "cam_t_m2c": [71.60089874267578, 26.048620223999023, 271.351806640625], "obj_id": 2}, {"cam_R_m2c": [0.37428247928619385, -0.8539182543754578, 0.3615746796131134, -0.05219056084752083, -0.4086955785751343, -0.9111772179603577, 0.9258448481559753, 0.3221668601036072, -0.19753402471542358], "cam_t_m2c": [71.60089874267578, 26.048620223999023, 271.351806640625], "obj_id": 2}, {"cam_R_m2c": [0.37428247928619385, -0.8539182543754578, 0.3615746796131134, -0.05219056084752083, -0.4086955785751343, -0.9111772179603577, 0.9258448481559753, 0.3221668601036072, -0.19753402471542358], "cam_t_m2c": [71.60089874267578, 26.048620223999023, 271.351806640625], "obj_id": 0}, {"cam_R_m2c": [0.37428247928619385, -0.8539182543754578, 0.3615746796131134, -0.05219056084752083, -0.4086955785751343, -0.9111772179603577, 0.9258448481559753, 0.3221668601036072, -0.19753402471542358], "cam_t_m2c": [71.60089874267578, 26.048620223999023, 271.351806640625], "obj_id": 3}, {"cam_R_m2c": [0.37428247928619385, -0.8539182543754578, 0.3615746796131134, -0.05219056084752083, -0.4086955785751343, -0.9111772179603577, 0.9258448481559753, 0.3221668601036072, -0.19753402471542358], "cam_t_m2c": [71.60089874267578, 26.048620223999023, 271.351806640625], "obj_id": 3}, {"cam_R_m2c": [0.37428247928619385, -0.8539182543754578, 0.3615746796131134, -0.05219056084752083, -0.4086955785751343, -0.9111772179603577, 0.9258448481559753, 0.3221668601036072, -0.19753402471542358], "cam_t_m2c": [71.60089874267578, 26.048620223999023, 271.351806640625], "obj_id": 1}, {"cam_R_m2c": [0.37428247928619385, -0.8539182543754578, 0.3615746796131134, -0.05219056084752083, -0.4086955785751343, -0.9111772179603577, 0.9258448481559753, 0.3221668601036072, -0.19753402471542358], "cam_t_m2c": [71.60089874267578, 26.048620223999023, 271.351806640625], "obj_id": 1}, {"cam_R_m2c": [0.37428247928619385, -0.8539182543754578, 0.3615746796131134, -0.05219056084752083, -0.4086955785751343, -0.9111772179603577, 0.9258448481559753, 0.3221668601036072, -0.19753402471542358], "cam_t_m2c": [71.60089874267578, 26.048620223999023, 271.351806640625], "obj_id": 2}, {"cam_R_m2c": [0.32674115896224976, 0.004004270303994417, 0.9451053142547607, -0.1845906376838684, 0.9810030460357666, 0.0596601739525795, -0.9269123077392578, -0.19395104050636292, 0.32127323746681213], "cam_t_m2c": [0.8434671759605408, -19.2562198638916, 204.2119903564453], "obj_id": 3}, {"cam_R_m2c": [-0.5812907814979553, 0.32150909304618835, -0.7474844455718994, 0.10976850986480713, 0.9412157535552979, 0.3194741904735565, 0.8062580227851868, 0.10365714877843857, -0.5824116468429565], "cam_t_m2c": [157.26795959472656, 50.75639343261719, 179.09133911132812], "obj_id": 3}, {"cam_R_m2c": [-0.9912406206130981, 0.08833581954240799, 0.09817738085985184, 0.10389634221792221, 0.0626487210392952, 0.9926130175590515, 0.08153259754180908, 0.9941186308860779, -0.07127770036458969], "cam_t_m2c": [147.82656860351562, 1.8954514265060425, 351.7073974609375], "obj_id": 3}, {"cam_R_m2c": [-0.5543504953384399, -0.8168750405311584, -0.15940754115581512, 0.5013096928596497, -0.17483210563659668, -0.8474210500717163, 0.6643675565719604, -0.549680769443512, 0.5064255595207214], "cam_t_m2c": [-2898.45751953125, 7151.12255859375, 1773.93115234375], "obj_id": 0}, {"cam_R_m2c": [-0.5730401873588562, -0.26692280173301697, -0.7748399972915649, -0.1435101181268692, 0.9635461568832397, -0.2257954627275467, 0.8068640828132629, -0.01819249987602234, -0.5904567837715149], "cam_t_m2c": [-3030.76123046875, 7296.32470703125, 2078.567626953125], "obj_id": 2}, {"cam_R_m2c": [-0.005605201702564955, 0.9997331500053406, -0.022407354786992073, -0.7487431764602661, -0.019048739224672318, -0.6625863909721375, -0.662836492061615, 0.013063401915133, 0.7486501932144165], "cam_t_m2c": [-58.72500991821289, -62.476261138916016, 255.5408172607422], "obj_id": 1}, {"cam_R_m2c": [0.13206715881824493, -0.8117073774337769, -0.5689369440078735, -0.454012006521225, 0.46068596839904785, -0.762654185295105, 0.8811532855033875, 0.3590257167816162, -0.30768337845802307], "cam_t_m2c": [-2699.73291015625, 7345.18798828125, 1814.6051025390625], "obj_id": 0}, {"cam_R_m2c": [0.5247989892959595, 0.8333430886268616, -0.1735663264989853, -0.37796634435653687, 0.4108273983001709, 0.8296759724617004, 0.7627105712890625, -0.36981087923049927, 0.5305774807929993], "cam_t_m2c": [-99.13140106201172, -18.794193267822266, 219.96389770507812], "obj_id": 1}]
}