{
  "0": [{"cam_R_m2c": [0.9834308624267578, -0.09324531257152557, -0.15546411275863647, -0.17632737755775452, -0.29285112023353577, -0.939758837223053, 0.04210025072097778, 0.9516003727912903, -0.3044404983520508], "cam_t_m2c": [158.3314971923828, 39.632286071777344, 216.52273559570312], "obj_id": 0}, {"cam_R_m2c": [0.9834308624267578, -0.09324531257152557, -0.15546411275863647, -0.17632737755775452, -0.29285112023353577, -0.939758837223053, 0.04210025072097778, 0.9516003727912903, -0.3044404983520508], "cam_t_m2c": [158.3314971923828, 39.632286071777344, 216.52273559570312], "obj_id": 2}, {"cam_R_m2c": [0.9834308624267578, -0.09324531257152557, -0.15546411275863647, -0.17632737755775452, -0.29285112023353577, -0.939758837223053, 0.04210025072097778, 0.9516003727912903, -0.3044404983520508], "cam_t_m2c": [158.3314971923828, 39.632286071777344, 216.52273559570312], "obj_id": 0}, {"cam_R_m2c": [0.9834308624267578, -0.09324531257152557, -0.15546411275863647, -0.17632737755775452, -0.29285112023353577, -0.939758837223053, 0.04210025072097778, 0.9516003727912903, -0.3044404983520508], "cam_t_m2c": [158.3314971923828, 39.632286071777344, 216.52273559570312], "obj_id": 0}, {"cam_R_m2c": [0.9834308624267578, -0.09324531257152557, -0.15546411275863647, -0.17632737755775452, -0.29285112023353577, -0.939758837223053, 0.04210025072097778, 0.9516003727912903, -0.3044404983520508], "cam_t_m2c": [158.3314971923828, 39.632286071777344, 216.52273559570312], "obj_id": 3}, {"cam_R_m2c": [0.9834308624267578, -0.09324531257152557, -0.15546411275863647, -0.17632737755775452, -0.29285112023353577, -0.939758837223053, 0.04210025072097778, 0.9516003727912903, -0.3044404983520508], "cam_t_m2c": [158.3314971923828, 39.632286071777344, 216.52273559570312], "obj_id": 2}, {"cam_R_m2c": [0.9834308624267578, -0.09324531257152557, -0.15546411275863647, -0.17632737755775452, -0.29285112023353577, -0.939758837223053, 0.04210025072097778, 0.9516003727912903, -0.3044404983520508], "cam_t_m2c": [158.3314971923828, 39.632286071777344, 216.52273559570312], "obj_id": 1}, {"cam_R_m2c": [0.9834308624267578, -0.09324531257152557, -0.15546411275863647, -0.17632737755775452, -0.29285112023353577, -0.939758837223053, 0.04210025072097778, 0.9516003727912903, -0.3044404983520508], "cam_t_m2c": [158.3314971923828, 39.632286071777344, 216.52273559570312], "obj_id": 3}, {"cam_R_m2c": [0.9834308624267578, -0.09324531257152557, -0.15546411275863647, -0.17632737755775452, -0.29285112023353577, -0.939758837223053, 0.04210025072097778, 0.9516003727912903, -0.3044404983520508], "cam_t_m2c": [158.3314971923828, 39.632286071777344, 216.52273559570312], "obj_id": 2}, {"cam_R_m2c": [0.9834308624267578, -0.09324531257152557, -0.15546411275863647, -0.17632737755775452, -0.29285112023353577, -0.939758837223053, 0.04210025072097778, 0.9516003727912903, -0.3044404983520508], "cam_t_m2c": [158.3314971923828, 39.632286071777344, 216.52273559570312], "obj_id": 2}, {"cam_R_m2c": [0.9834308624267578, -0.09324531257152557, -0.15546411275863647, -0.17632737755775452, -0.29285112023353577, -0.939758837223053, 0.04210025072097778, 0.9516003727912903, -0.3044404983520508], "cam_t_m2c": [158.3314971923828, 39.632286071777344, 216.52273559570312], "obj_id": 3}, {"cam_R_m2c": [0.9834308624267578, -0.09324531257152557, -0.15546411275863647, -0.17632737755775452, -0.29285112023353577, -0.939758837223053, 0.04210025072097778, 0.9516003727912903, -0.3044404983520508], "cam_t_m2c": [158.3314971923828, 39.632286071777344, 216.52273559570312], "obj_id": 2}, {"cam_R_m2c": [-0.111127570271492, -0.95281982421875, -0.28246212005615234, -0.9376081824302673, 0.006297184154391289, 0.34763655066490173, -0.3294563293457031, 0.30347082018852234, -0.8940714597702026], "cam_t_m2c": [79.15967559814453, -46.127479553222656, 416.2195129394531], "obj_id": 1}, {"cam_R_m2c": [-0.7443283796310425, -0.04916185885667801, 0.6660017371177673, 0.11500953137874603, 0.9729494452476501, 0.20035511255264282, -0.6578359007835388, 0.22572655975818634, -0.7185397744178772], "cam_t_m2c": [339.7263488769531, -20.16284942626953, 216.90829467773438], "obj_id": 2}, {"cam_R_m2c": [-0.5961212515830994, 0.5487855672836304, -0.5860663652420044, -0.7767346501350403, -0.20936909317970276, 0.5940099954605103, 0.20327989757061005, 0.8093200325965881, 0.5510701537132263], "cam_t_m2c": [89.92401885986328, 6.715778350830078, 415.81915283203125], "obj_id": 3}, {"cam_R_m2c": [-0.20364880561828613, -0.7325489521026611, -0.6495375633239746, 0.8214783668518066, 0.23308290541172028, -0.5204282402992249, 0.5326352715492249, -0.6395657062530518, 0.554306149482727], "cam_t_m2c": [-157.98727416992188, 16.667160034179688, 378.1757507324219], "obj_id": 4}],
  "1": [{"cam_R_m2c": [0.4244984984397888, 0.9021601676940918, 0.07686374336481094, 0.1924728900194168, -0.00696084089577198, -0.981277585029602, -0.884734570980072, 0.4313450753688812, -0.1765962392091751], "cam_t_m2c": [-146.83529663085938, 29.35658073425293, 250.8336639404297], "obj_id": 0}, {"cam_R_m2c": [0.4244984984397888, 0.9021601676940918, 0.07686374336481094, 0.1924728900194168, -0.00696084089577198, -0.981277585029602, -0.884734570980072, 0.4313450753688812, -0.1765962392091751], "cam_t_m2c": [-146.83529663085938, 29.35658073425293, 250.8336639404297], "obj_id": 2}, {"cam_R_m2c": [0.4244984984397888, 0.9021601676940918, 0.07686374336481094, 0.1924728900194168, -0.00696084089577198, -0.981277585029602, -0.884734570980072, 0.4313450753688812, -0.1765962392091751], "cam_t_m2c": [-146.83529663085938, 29.35658073425293, 250.8336639404297], "obj_id": 0}, {"cam_R_m2c": [0.4244984984397888, 0.9021601676940918, 0.07686374336481094, 0.1924728900194168, -0.00696084089577198, -0.981277585029602, -0.884734570980072, 0.4313450753688812, -0.1765962392091751], "cam_t_m2c": [-146.83529663085938, 29.35658073425293, 250.8336639404297], "obj_id": 0}, {"cam_R_m2c": [0.4244984984397888, 0.9021601676940918, 0.07686374336481094, 0.1924728900194168, -0.00696084089577198, -0.981277585029602, -0.884734570980072, 0.4313450753688812, -0.1765962392091751], "cam_t_m2c": [-146.83529663085938, 29.35658073425293, 250.8336639404297], "obj_id": 3}, {"cam_R_m2c": [0.4244984984397888, 0.9021601676940918, 0.07686374336481094, 0.1924728900194168, -0.00696084089577198, -0.981277585029602, -0.884734570980072, 0.4313450753688812, -0.1765962392091751], "cam_t_m2c": [-146.83529663085938, 29.35658073425293, 250.8336639404297], "obj_id": 2}, {"cam_R_m2c": [0.4244984984397888, 0.9021601676940918, 0.07686374336481094, 0.1924728900194168, -0.00696084089577198, -0.981277585029602, -0.884734570980072, 0.4313450753688812, -0.1765962392091751], "cam_t_m2c": [-146.83529663085938, 29.35658073425293, 250.8336639404297], "obj_id": 1}, {"cam_R_m2c": [0.4244984984397888, 0.9021601676940918, 0.07686374336481094, 0.1924728900194168, -0.00696084089577198, -0.981277585029602, -0.884734570980072, 0.4313450753688812, -0.1765962392091751], "cam_t_m2c": [-146.83529663085938, 29.35658073425293, 250.8336639404297], "obj_id": 3}, {"cam_R_m2c": [0.4244984984397888, 0.9021601676940918, 0.07686374336481094, 0.1924728900194168, -0.00696084089577198, -0.981277585029602, -0.884734570980072, 0.4313450753688812, -0.1765962392091751], "cam_t_m2c": [-146.83529663085938, 29.35658073425293, 250.8336639404297], "obj_id": 2}, {"cam_R_m2c": [0.4244984984397888, 0.9021601676940918, 0.07686374336481094, 0.1924728900194168, -0.00696084089577198, -0.981277585029602, -0.884734570980072, 0.4313450753688812, -0.1765962392091751], "cam_t_m2c": [-146.83529663085938, 29.35658073425293, 250.8336639404297], "obj_id": 2}, {"cam_R_m2c": [0.4244984984397888, 0.9021601676940918, 0.07686374336481094, 0.1924728900194168, -0.00696084089577198, -0.981277585029602, -0.884734570980072, 0.4313450753688812, -0.1765962392091751], "cam_t_m2c": [-146.83529663085938, 29.35658073425293, 250.8336639404297], "obj_id": 3}, {"cam_R_m2c": [0.4244984984397888, 0.9021601676940918, 0.07686374336481094, 0.1924728900194168, -0.00696084089577198, -0.981277585029602, -0.884734570980072, 0.4313450753688812, -0.1765962392091751], "cam_t_m2c": [-146.83529663085938, 29.35658073425293, 250.8336639404297], "obj_id": 2}, {"cam_R_m2c": [0.0688912495970726, -0.04996921867132187, -0.9963718056678772, -0.9716883301734924, -0.22961361706256866, -0.05566904693841934, -0.22599898278713226, 0.9719980955123901, -0.0643727257847786], "cam_t_m2c": [33.325714111328125, -14.154617309570312, 389.2190246582031], "obj_id": 1}, {"cam_R_m2c": [-0.8476359248161316, -0.22342035174369812, -0.48124492168426514, -0.3500288128852844, 0.9171128273010254, 0.1907455325126648, 0.39873945713043213, 0.3301323652267456, -0.8555813431739807], "cam_t_m2c": [-63.6146354675293, 38.36408615112305, 79.15699005126953], "obj_id": 2}, {"cam_R_m2c": [0.30125921964645386, 0.9528093338012695, 0.03738083317875862, -0.8346341848373413, 0.2445315718650818, 0.49354854226112366, 0.46111685037612915, -0.1798853874206543, 0.8689145445823669], "cam_t_m2c": [14.710271835327148, 36.456302642822266, 389.8831481933594], "obj_id": 3}, {"cam_R_m2c": [0.0510091595351696, -0.8768278360366821, 0.47809097170829773, 0.8214938640594482, -0.23539292812347412, -0.5193630456924438, 0.5679312348365784, 0.4192410707473755, 0.7083015441894531], "cam_t_m2c": [-101.16815185546875, -50.891841888427734, 594.6233520507812], "obj_id": 4}],
  "2": [{"cam_R_m2c": [0.4244984984397888, 0.9021601676940918, 0.07686374336481094, 0.1924728900194168, -0.00696084089577198, -0.981277585029602, -0.884734570980072, 0.4313450753688812, -0.1765962392091751], "cam_t_m2c": [-146.83529663085938, 29.35658073425293, 250.8336639404297], "obj_id": 0}, {"cam_R_m2c": [0.4244984984397888, 0.9021601676940918, 0.07686374336481094, 0.1924728900194168, -0.00696084089577198, -0.981277585029602, -0.884734570980072, 0.4313450753688812, -0.1765962392091751], "cam_t_m2c": [-146.83529663085938, 29.35658073425293, 250.8336639404297], "obj_id": 2}, {"cam_R_m2c": [0.4244984984397888, 0.9021601676940918, 0.07686374336481094, 0.1924728900194168, -0.00696084089577198, -0.981277585029602, -0.884734570980072, 0.4313450753688812, -0.1765962392091751], "cam_t_m2c": [-146.83529663085938, 29.35658073425293, 250.8336639404297], "obj_id": 0}, {"cam_R_m2c": [0.4244984984397888, 0.9021601676940918, 0.07686374336481094, 0.1924728900194168, -0.00696084089577198, -0.981277585029602, -0.884734570980072, 0.4313450753688812, -0.1765962392091751], "cam_t_m2c": [-146.83529663085938, 29.35658073425293, 250.8336639404297], "obj_id": 0}, {"cam_R_m2c": [0.4244984984397888, 0.9021601676940918, 0.07686374336481094, 0.1924728900194168, -0.00696084089577198, -0.981277585029602, -0.884734570980072, 0.4313450753688812, -0.1765962392091751], "cam_t_m2c": [-146.83529663085938, 29.35658073425293, 250.8336639404297], "obj_id": 3}, {"cam_R_m2c": [0.4244984984397888, 0.9021601676940918, 0.07686374336481094, 0.1924728900194168, -0.00696084089577198, -0.981277585029602, -0.884734570980072, 0.4313450753688812, -0.1765962392091751], "cam_t_m2c": [-146.83529663085938, 29.35658073425293, 250.8336639404297], "obj_id": 2}, {"cam_R_m2c": [0.4244984984397888, 0.9021601676940918, 0.07686374336481094, 0.1924728900194168, -0.00696084089577198, -0.981277585029602, -0.884734570980072, 0.4313450753688812, -0.1765962392091751], "cam_t_m2c": [-146.83529663085938, 29.35658073425293, 250.8336639404297], "obj_id": 1}, {"cam_R_m2c": [0.4244984984397888, 0.9021601676940918, 0.07686374336481094, 0.1924728900194168, -0.00696084089577198, -0.981277585029602, -0.884734570980072, 0.4313450753688812, -0.1765962392091751], "cam_t_m2c": [-146.83529663085938, 29.35658073425293, 250.8336639404297], "obj_id": 3}, {"cam_R_m2c": [0.4244984984397888, 0.9021601676940918, 0.07686374336481094, 0.1924728900194168, -0.00696084089577198, -0.981277585029602, -0.884734570980072, 0.4313450753688812, -0.1765962392091751], "cam_t_m2c": [-146.83529663085938, 29.35658073425293, 250.8336639404297], "obj_id": 2}, {"cam_R_m2c": [0.4244984984397888, 0.9021601676940918, 0.07686374336481094, 0.1924728900194168, -0.00696084089577198, -0.981277585029602, -0.884734570980072, 0.4313450753688812, -0.1765962392091751], "cam_t_m2c": [-146.83529663085938, 29.35658073425293, 250.8336639404297], "obj_id": 2}, {"cam_R_m2c": [0.4244984984397888, 0.9021601676940918, 0.07686374336481094, 0.1924728900194168, -0.00696084089577198, -0.981277585029602, -0.884734570980072, 0.4313450753688812, -0.1765962392091751], "cam_t_m2c": [-146.83529663085938, 29.35658073425293, 250.8336639404297], "obj_id": 3}, {"cam_R_m2c": [0.4244984984397888, 0.9021601676940918, 0.07686374336481094, 0.1924728900194168, -0.00696084089577198, -0.981277585029602, -0.884734570980072, 0.4313450753688812, -0.1765962392091751], "cam_t_m2c": [-146.83529663085938, 29.35658073425293, 250.8336639404297], "obj_id": 2}, {"cam_R_m2c": [0.0688912495970726, -0.04996921867132187, -0.9963718056678772, -0.9716883301734924, -0.22961361706256866, -0.05566904693841934, -0.22599898278713226, 0.9719980955123901, -0.0643727257847786], "cam_t_m2c": [33.325714111328125, -14.154617309570312, 389.2190246582031], "obj_id": 1}, {"cam_R_m2c": [-0.8476359248161316, -0.22342035174369812, -0.48124492168426514, -0.3500288128852844, 0.9171128273010254, 0.1907455325126648, 0.39873945713043213, 0.3301323652267456, -0.8555813431739807], "cam_t_m2c": [-63.6146354675293, 38.36408615112305, 79.15699005126953], "obj_id": 2}, {"cam_R_m2c": [0.30125921964645386, 0.9528093338012695, 0.03738083317875862, -0.8346341848373413, 0.2445315718650818, 0.49354854226112366, 0.46111685037612915, -0.1798853874206543, 0.8689145445823669], "cam_t_m2c": [14.710271835327148, 36.456302642822266, 389.8831481933594], "obj_id": 3}, {"cam_R_m2c": [0.0510091595351696, -0.8768278360366821, 0.47809097170829773, 0.8214938640594482, -0.23539292812347412, -0.5193630456924438, 0.5679312348365784, 0.4192410707473755, 0.7083015441894531], "cam_t_m2c": [-101.16815185546875, -50.891841888427734, 594.6233520507812], "obj_id": 4}],
  "3": [{"cam_R_m2c": [-0.9024447202682495, -0.3674309551715851, -0.22491708397865295, 0.0762486457824707, 0.3776147961616516, -0.9228180050849915, 0.4240039587020874, -0.8499420285224915, -0.31276029348373413], "cam_t_m2c": [-42.39500045776367, -70.01023864746094, 765.6281127929688], "obj_id": 0}, {"cam_R_m2c": [-0.9024447202682495, -0.3674309551715851, -0.22491708397865295, 0.0762486457824707, 0.3776147961616516, -0.9228180050849915, 0.4240039587020874, -0.8499420285224915, -0.31276029348373413], "cam_t_m2c": [-42.39500045776367, -70.01023864746094, 765.6281127929688], "obj_id": 2}, {"cam_R_m2c": [-0.9024447202682495, -0.3674309551715851, -0.22491708397865295, 0.0762486457824707, 0.3776147961616516, -0.9228180050849915, 0.4240039587020874, -0.8499420285224915, -0.31276029348373413], "cam_t_m2c": [-42.39500045776367, -70.01023864746094, 765.6281127929688], "obj_id": 0}, {"cam_R_m2c": [-0.9024447202682495, -0.3674309551715851, -0.22491708397865295, 0.0762486457824707, 0.3776147961616516, -0.9228180050849915, 0.4240039587020874, -0.8499420285224915, -0.31276029348373413], "cam_t_m2c": [-42.39500045776367, -70.01023864746094, 765.6281127929688], "obj_id": 0}, {"cam_R_m2c": [-0.9024447202682495, -0.3674309551715851, -0.22491708397865295, 0.0762486457824707, 0.3776147961616516, -0.9228180050849915, 0.4240039587020874, -0.8499420285224915, -0.31276029348373413], "cam_t_m2c": [-42.39500045776367, -70.01023864746094, 765.6281127929688], "obj_id": 3}, {"cam_R_m2c": [-0.9024447202682495, -0.3674309551715851, -0.22491708397865295, 0.0762486457824707, 0.3776147961616516, -0.9228180050849915, 0.4240039587020874, -0.8499420285224915, -0.31276029348373413], "cam_t_m2c": [-42.39500045776367, -70.01023864746094, 765.6281127929688], "obj_id": 2}, {"cam_R_m2c": [-0.9024447202682495, -0.3674309551715851, -0.22491708397865295, 0.0762486457824707, 0.3776147961616516, -0.9228180050849915, 0.4240039587020874, -0.8499420285224915, -0.31276029348373413], "cam_t_m2c": [-42.39500045776367, -70.01023864746094, 765.6281127929688], "obj_id": 1}, {"cam_R_m2c": [-0.9024447202682495, -0.3674309551715851, -0.22491708397865295, 0.0762486457824707, 0.3776147961616516, -0.9228180050849915, 0.4240039587020874, -0.8499420285224915, -0.31276029348373413], "cam_t_m2c": [-42.39500045776367, -70.01023864746094, 765.6281127929688], "obj_id": 3}, {"cam_R_m2c": [-0.9024447202682495, -0.3674309551715851, -0.22491708397865295, 0.0762486457824707, 0.3776147961616516, -0.9228180050849915, 0.4240039587020874, -0.8499420285224915, -0.31276029348373413], "cam_t_m2c": [-42.39500045776367, -70.01023864746094, 765.6281127929688], "obj_id": 2}, {"cam_R_m2c": [-0.9024447202682495, -0.3674309551715851, -0.22491708397865295, 0.0762486457824707, 0.3776147961616516, -0.9228180050849915, 0.4240039587020874, -0.8499420285224915, -0.31276029348373413], "cam_t_m2c": [-42.39500045776367, -70.01023864746094, 765.6281127929688], "obj_id": 2}, {"cam_R_m2c": [-0.9024447202682495, -0.3674309551715851, -0.22491708397865295, 0.0762486457824707, 0.3776147961616516, -0.9228180050849915, 0.4240039587020874, -0.8499420285224915, -0.31276029348373413], "cam_t_m2c": [-42.39500045776367, -70.01023864746094, 765.6281127929688], "obj_id": 3}, {"cam_R_m2c": [-0.9024447202682495, -0.3674309551715851, -0.22491708397865295, 0.0762486457824707, 0.3776147961616516, -0.9228180050849915, 0.4240039587020874, -0.8499420285224915, -0.31276029348373413], "cam_t_m2c": [-42.39500045776367, -70.01023864746094, 765.6281127929688], "obj_id": 2}, {"cam_R_m2c": [-0.2521836757659912, 0.6858114004135132, 0.6826903820037842, -0.9291929006576538, 0.025366712361574173, -0.36872363090515137, -0.2701924741268158, -0.727337121963501, 0.6308540105819702], "cam_t_m2c": [-82.34951782226562, -19.75078582763672, 543.4134521484375], "obj_id": 1}, {"cam_R_m2c": [0.8740023374557495, 0.4333464503288269, -0.21984250843524933, -0.4742277264595032, 0.8593377470970154, -0.1914333552122116, 0.10596199333667755, 0.27156862616539, 0.9565681219100952], "cam_t_m2c": [-219.53485107421875, -80.96297454833984, 836.205810546875], "obj_id": 2}, {"cam_R_m2c": [0.05155062675476074, -0.8074583411216736, 0.5876679420471191, -0.5556907653808594, 0.4657476246356964, 0.6886849403381348, -0.8297893404960632, -0.36206379532814026, -0.42468759417533875], "cam_t_m2c": [-65.76564025878906, 21.236974716186523, 574.291015625], "obj_id": 3}, {"cam_R_m2c": [0.38938507437705994, 0.914982795715332, 0.10576264560222626, 0.9159500002861023, -0.372560977935791, -0.14911025762557983, -0.09703028202056885, 0.1549345999956131, -0.9831481575965881], "cam_t_m2c": [153.8635711669922, -41.01756286621094, 470.0630798339844], "obj_id": 4}],
  "4": [{"cam_R_m2c": [-0.9024447202682495, -0.3674309551715851, -0.22491708397865295, 0.0762486457824707, 0.3776147961616516, -0.9228180050849915, 0.4240039587020874, -0.8499420285224915, -0.31276029348373413], "cam_t_m2c": [-42.39500045776367, -70.01023864746094, 765.6281127929688], "obj_id": 0}, {"cam_R_m2c": [-0.9024447202682495, -0.3674309551715851, -0.22491708397865295, 0.0762486457824707, 0.3776147961616516, -0.9228180050849915, 0.4240039587020874, -0.8499420285224915, -0.31276029348373413], "cam_t_m2c": [-42.39500045776367, -70.01023864746094, 765.6281127929688], "obj_id": 2}, {"cam_R_m2c": [-0.9024447202682495, -0.3674309551715851, -0.22491708397865295, 0.0762486457824707, 0.3776147961616516, -0.9228180050849915, 0.4240039587020874, -0.8499420285224915, -0.31276029348373413], "cam_t_m2c": [-42.39500045776367, -70.01023864746094, 765.6281127929688], "obj_id": 0}, {"cam_R_m2c": [-0.9024447202682495, -0.3674309551715851, -0.22491708397865295, 0.0762486457824707, 0.3776147961616516, -0.9228180050849915, 0.4240039587020874, -0.8499420285224915, -0.31276029348373413], "cam_t_m2c": [-42.39500045776367, -70.01023864746094, 765.6281127929688], "obj_id": 0}, {"cam_R_m2c": [-0.9024447202682495, -0.3674309551715851, -0.22491708397865295, 0.0762486457824707, 0.3776147961616516, -0.9228180050849915, 0.4240039587020874, -0.8499420285224915, -0.31276029348373413], "cam_t_m2c": [-42.39500045776367, -70.01023864746094, 765.6281127929688], "obj_id": 3}, {"cam_R_m2c": [-0.9024447202682495, -0.3674309551715851, -0.22491708397865295, 0.0762486457824707, 0.3776147961616516, -0.9228180050849915, 0.4240039587020874, -0.8499420285224915, -0.31276029348373413], "cam_t_m2c": [-42.39500045776367, -70.01023864746094, 765.6281127929688], "obj_id": 2}, {"cam_R_m2c": [-0.9024447202682495, -0.3674309551715851, -0.22491708397865295, 0.0762486457824707, 0.3776147961616516, -0.9228180050849915, 0.4240039587020874, -0.8499420285224915, -0.31276029348373413], "cam_t_m2c": [-42.39500045776367, -70.01023864746094, 765.6281127929688], "obj_id": 1}, {"cam_R_m2c": [-0.9024447202682495, -0.3674309551715851, -0.22491708397865295, 0.0762486457824707, 0.3776147961616516, -0.9228180050849915, 0.4240039587020874, -0.8499420285224915, -0.31276029348373413], "cam_t_m2c": [-42.39500045776367, -70.01023864746094, 765.6281127929688], "obj_id": 3}, {"cam_R_m2c": [-0.9024447202682495, -0.3674309551715851, -0.22491708397865295, 0.0762486457824707, 0.3776147961616516, -0.9228180050849915, 0.4240039587020874, -0.8499420285224915, -0.31276029348373413], "cam_t_m2c": [-42.39500045776367, -70.01023864746094, 765.6281127929688], "obj_id": 2}, {"cam_R_m2c": [-0.9024447202682495, -0.3674309551715851, -0.22491708397865295, 0.0762486457824707, 0.3776147961616516, -0.9228180050849915, 0.4240039587020874, -0.8499420285224915, -0.31276029348373413], "cam_t_m2c": [-42.39500045776367, -70.01023864746094, 765.6281127929688], "obj_id": 2}, {"cam_R_m2c": [-0.9024447202682495, -0.3674309551715851, -0.22491708397865295, 0.0762486457824707, 0.3776147961616516, -0.9228180050849915, 0.4240039587020874, -0.8499420285224915, -0.31276029348373413], "cam_t_m2c": [-42.39500045776367, -70.01023864746094, 765.6281127929688], "obj_id": 3}, {"cam_R_m2c": [-0.9024447202682495, -0.3674309551715851, -0.22491708397865295, 0.0762486457824707, 0.3776147961616516, -0.9228180050849915, 0.4240039587020874, -0.8499420285224915, -0.31276029348373413], "cam_t_m2c": [-42.39500045776367, -70.01023864746094, 765.6281127929688], "obj_id": 2}, {"cam_R_m2c": [-0.2521836757659912, 0.6858114004135132, 0.6826903820037842, -0.9291929006576538, 0.025366712361574173, -0.36872363090515137, -0.2701924741268158, -0.727337121963501, 0.6308540105819702], "cam_t_m2c": [-82.34951782226562, -19.75078582763672, 543.4134521484375], "obj_id": 1}, {"cam_R_m2c": [0.8740023374557495, 0.4333464503288269, -0.21984250843524933, -0.4742277264595032, 0.8593377470970154, -0.1914333552122116, 0.10596199333667755, 0.27156862616539, 0.9565681219100952], "cam_t_m2c": [-219.53485107421875, -80.96297454833984, 836.205810546875], "obj_id": 2}, {"cam_R_m2c": [0.05155062675476074, -0.8074583411216736, 0.5876679420471191, -0.5556907653808594, 0.4657476246356964, 0.6886849403381348, -0.8297893404960632, -0.36206379532814026, -0.42468759417533875], "cam_t_m2c": [-65.76564025878906, 21.236974716186523, 574.291015625], "obj_id": 3}, {"cam_R_m2c": [0.38938507437705994, 0.914982795715332, 0.10576264560222626, 0.9159500002861023, -0.372560977935791, -0.14911025762557983, -0.09703028202056885, 0.1549345999956131, -0.9831481575965881], "cam_t_m2c": [153.8635711669922, -41.01756286621094, 470.0630798339844], "obj_id": 4}],
  "5": [{"cam_R_m2c": [-0.37207460403442383, 0.8978162407875061, 0.23555542528629303, 0.4792012870311737, 0.4031422734260559, -0.7796424627304077, -0.7949380874633789, -0.17720673978328705, -0.5802336931228638], "cam_t_m2c": [116.50989532470703, -92.05390930175781, 644.7459106445312], "obj_id": 3}, {"cam_R_m2c": [-0.37207460403442383, 0.8978162407875061, 0.23555542528629303, 0.4792012870311737, 0.4031422734260559, -0.7796424627304077, -0.7949380874633789, -0.17720673978328705, -0.5802336931228638], "cam_t_m2c": [116.50989532470703, -92.05390930175781, 644.7459106445312], "obj_id": 3}, {"cam_R_m2c": [-0.37207460403442383, 0.8978162407875061, 0.23555542528629303, 0.4792012870311737, 0.4031422734260559, -0.7796424627304077, -0.7949380874633789, -0.17720673978328705, -0.5802336931228638], "cam_t_m2c": [116.50989532470703, -92.05390930175781, 644.7459106445312], "obj_id": 0}, {"cam_R_m2c": [-0.37207460403442383, 0.8978162407875061, 0.23555542528629303, 0.4792012870311737, 0.4031422734260559, -0.7796424627304077, -0.7949380874633789, -0.17720673978328705, -0.5802336931228638], "cam_t_m2c": [116.50989532470703, -92.05390930175781, 644.7459106445312], "obj_id": 3}, {"cam_R_m2c": [-0.37207460403442383, 0.8978162407875061, 0.23555542528629303, 0.4792012870311737, 0.4031422734260559, -0.7796424627304077, -0.7949380874633789, -0.17720673978328705, -0.5802336931228638], "cam_t_m2c": [116.50989532470703, -92.05390930175781, 644.7459106445312], "obj_id": 3}, {"cam_R_m2c": [-0.37207460403442383, 0.8978162407875061, 0.23555542528629303, 0.4792012870311737, 0.4031422734260559, -0.7796424627304077, -0.7949380874633789, -0.17720673978328705, -0.5802336931228638], "cam_t_m2c": [116.50989532470703, -92.05390930175781, 644.7459106445312], "obj_id": 3}, {"cam_R_m2c": [-0.37207460403442383, 0.8978162407875061, 0.23555542528629303, 0.4792012870311737, 0.4031422734260559, -0.7796424627304077, -0.7949380874633789, -0.17720673978328705, -0.5802336931228638], "cam_t_m2c": [116.50989532470703, -92.05390930175781, 644.7459106445312], "obj_id": 3}, {"cam_R_m2c": [-0.37207460403442383, 0.8978162407875061, 0.23555542528629303, 0.4792012870311737, 0.4031422734260559, -0.7796424627304077, -0.7949380874633789, -0.17720673978328705, -0.5802336931228638], "cam_t_m2c": [116.50989532470703, -92.05390930175781, 644.7459106445312], "obj_id": 3}, {"cam_R_m2c": [-0.37207460403442383, 0.8978162407875061, 0.23555542528629303, 0.4792012870311737, 0.4031422734260559, -0.7796424627304077, -0.7949380874633789, -0.17720673978328705, -0.5802336931228638], "cam_t_m2c": [116.50989532470703, -92.05390930175781, 644.7459106445312], "obj_id": 0}, {"cam_R_m2c": [-0.37207460403442383, 0.8978162407875061, 0.23555542528629303, 0.4792012870311737, 0.4031422734260559, -0.7796424627304077, -0.7949380874633789, -0.17720673978328705, -0.5802336931228638], "cam_t_m2c": [116.50989532470703, -92.05390930175781, 644.7459106445312], "obj_id": 3}, {"cam_R_m2c": [-0.37207460403442383, 0.8978162407875061, 0.23555542528629303, 0.4792012870311737, 0.4031422734260559, -0.7796424627304077, -0.7949380874633789, -0.17720673978328705, -0.5802336931228638], "cam_t_m2c": [116.50989532470703, -92.05390930175781, 644.7459106445312], "obj_id": 1}, {"cam_R_m2c": [-0.37207460403442383, 0.8978162407875061, 0.23555542528629303, 0.4792012870311737, 0.4031422734260559, -0.7796424627304077, -0.7949380874633789, -0.17720673978328705, -0.5802336931228638], "cam_t_m2c": [116.50989532470703, -92.05390930175781, 644.7459106445312], "obj_id": 2}, {"cam_R_m2c": [-0.3905845880508423, -0.35989055037498474, -0.847303032875061, -0.25469380617141724, 0.9267324805259705, -0.2762208878993988, 0.8846325278282166, 0.10791520774364471, -0.4536293148994446], "cam_t_m2c": [27.324045181274414, -129.30484008789062, 616.70751953125], "obj_id": 1}, {"cam_R_m2c": [-0.14809490740299225, -0.04300471767783165, 0.988037645816803, 0.8514122366905212, 0.5027399063110352, 0.14949838817119598, -0.5031550526618958, 0.8633673191070557, -0.03783846274018288], "cam_t_m2c": [78.40721893310547, -276.13525390625, 831.2596435546875], "obj_id": 2}, {"cam_R_m2c": [-0.0007359725423157215, 0.7725940346717834, -0.6348997950553894, -0.7349118590354919, -0.43098315596580505, -0.5236009359359741, -0.678162157535553, 0.4662100374698639, 0.5681058168411255], "cam_t_m2c": [-12.264488220214844, -38.286041259765625, 464.8885192871094], "obj_id": 3}, {"cam_R_m2c": [0.03460225462913513, 0.9959676861763, -0.08277113735675812, -0.873130202293396, 0.07042285054922104, 0.48237353563308716, 0.4862574338912964, 0.055578768253326416, 0.8720462918281555], "cam_t_m2c": [-24.79047203063965, 2.186969757080078, 437.0213317871094], "obj_id": 4}],
  "6": [{"cam_R_m2c": [-0.37207460403442383, 0.8978162407875061, 0.23555542528629303, 0.4792012870311737, 0.4031422734260559, -0.7796424627304077, -0.7949380874633789, -0.17720673978328705, -0.5802336931228638], "cam_t_m2c": [116.50989532470703, -92.05390930175781, 644.7459106445312], "obj_id": 3}, {"cam_R_m2c": [-0.37207460403442383, 0.8978162407875061, 0.23555542528629303, 0.4792012870311737, 0.4031422734260559, -0.7796424627304077, -0.7949380874633789, -0.17720673978328705, -0.5802336931228638], "cam_t_m2c": [116.50989532470703, -92.05390930175781, 644.7459106445312], "obj_id": 3}, {"cam_R_m2c": [-0.37207460403442383, 0.8978162407875061, 0.23555542528629303, 0.4792012870311737, 0.4031422734260559, -0.7796424627304077, -0.7949380874633789, -0.17720673978328705, -0.5802336931228638], "cam_t_m2c": [116.50989532470703, -92.05390930175781, 644.7459106445312], "obj_id": 0}, {"cam_R_m2c": [-0.37207460403442383, 0.8978162407875061, 0.23555542528629303, 0.4792012870311737, 0.4031422734260559, -0.7796424627304077, -0.7949380874633789, -0.17720673978328705, -0.5802336931228638], "cam_t_m2c": [116.50989532470703, -92.05390930175781, 644.7459106445312], "obj_id": 3}, {"cam_R_m2c": [-0.37207460403442383, 0.8978162407875061, 0.23555542528629303, 0.4792012870311737, 0.4031422734260559, -0.7796424627304077, -0.7949380874633789, -0.17720673978328705, -0.5802336931228638], "cam_t_m2c": [116.50989532470703, -92.05390930175781, 644.7459106445312], "obj_id": 3}, {"cam_R_m2c": [-0.37207460403442383, 0.8978162407875061, 0.23555542528629303, 0.4792012870311737, 0.4031422734260559, -0.7796424627304077, -0.7949380874633789, -0.17720673978328705, -0.5802336931228638], "cam_t_m2c": [116.50989532470703, -92.05390930175781, 644.7459106445312], "obj_id": 3}, {"cam_R_m2c": [-0.37207460403442383, 0.8978162407875061, 0.23555542528629303, 0.4792012870311737, 0.4031422734260559, -0.7796424627304077, -0.7949380874633789, -0.17720673978328705, -0.5802336931228638], "cam_t_m2c": [116.50989532470703, -92.05390930175781, 644.7459106445312], "obj_id": 3}, {"cam_R_m2c": [-0.37207460403442383, 0.8978162407875061, 0.23555542528629303, 0.4792012870311737, 0.4031422734260559, -0.7796424627304077, -0.7949380874633789, -0.17720673978328705, -0.5802336931228638], "cam_t_m2c": [116.50989532470703, -92.05390930175781, 644.7459106445312], "obj_id": 3}, {"cam_R_m2c": [-0.37207460403442383, 0.8978162407875061, 0.23555542528629303, 0.4792012870311737, 0.4031422734260559, -0.7796424627304077, -0.7949380874633789, -0.17720673978328705, -0.5802336931228638], "cam_t_m2c": [116.50989532470703, -92.05390930175781, 644.7459106445312], "obj_id": 0}, {"cam_R_m2c": [-0.37207460403442383, 0.8978162407875061, 0.23555542528629303, 0.4792012870311737, 0.4031422734260559, -0.7796424627304077, -0.7949380874633789, -0.17720673978328705, -0.5802336931228638], "cam_t_m2c": [116.50989532470703, -92.05390930175781, 644.7459106445312], "obj_id": 3}, {"cam_R_m2c": [-0.37207460403442383, 0.8978162407875061, 0.23555542528629303, 0.4792012870311737, 0.4031422734260559, -0.7796424627304077, -0.7949380874633789, -0.17720673978328705, -0.5802336931228638], "cam_t_m2c": [116.50989532470703, -92.05390930175781, 644.7459106445312], "obj_id": 1}, {"cam_R_m2c": [-0.37207460403442383, 0.8978162407875061, 0.23555542528629303, 0.4792012870311737, 0.4031422734260559, -0.7796424627304077, -0.7949380874633789, -0.17720673978328705, -0.5802336931228638], "cam_t_m2c": [116.50989532470703, -92.05390930175781, 644.7459106445312], "obj_id": 2}, {"cam_R_m2c": [-0.3905845880508423, -0.35989055037498474, -0.847303032875061, -0.25469380617141724, 0.9267324805259705, -0.2762208878993988, 0.8846325278282166, 0.10791520774364471, -0.4536293148994446], "cam_t_m2c": [27.324045181274414, -129.30484008789062, 616.70751953125], "obj_id": 1}, {"cam_R_m2c": [-0.14809490740299225, -0.04300471767783165, 0.988037645816803, 0.8514122366905212, 0.5027399063110352, 0.14949838817119598, -0.5031550526618958, 0.8633673191070557, -0.03783846274018288], "cam_t_m2c": [78.40721893310547, -276.13525390625, 831.2596435546875], "obj_id": 2}, {"cam_R_m2c": [-0.0007359725423157215, 0.7725940346717834, -0.6348997950553894, -0.7349118590354919, -0.43098315596580505, -0.5236009359359741, -0.678162157535553, 0.4662100374698639, 0.5681058168411255], "cam_t_m2c": [-12.264488220214844, -38.286041259765625, 464.8885192871094], "obj_id": 3}, {"cam_R_m2c": [0.03460225462913513, 0.9959676861763, -0.08277113735675812, -0.873130202293396, 0.07042285054922104, 0.48237353563308716, 0.4862574338912964, 0.055578768253326416, 0.8720462918281555], "cam_t_m2c": [-24.79047203063965, 2.186969757080078, 437.0213317871094], "obj_id": 4}],
  "7": [{"cam_R_m2c": [0.6431779861450195, 0.7584114670753479, 0.10551822930574417, 0.5834237933158875, -0.39613303542137146, -0.7090100049972534, -0.4959220588207245, 0.5175814628601074, -0.6972593069076538], "cam_t_m2c": [-125.76590728759766, -143.35838317871094, 643.5277709960938], "obj_id": 3}, {"cam_R_m2c": [0.6431779861450195, 0.7584114670753479, 0.10551822930574417, 0.5834237933158875, -0.39613303542137146, -0.7090100049972534, -0.4959220588207245, 0.5175814628601074, -0.6972593069076538], "cam_t_m2c": [-125.76590728759766, -143.35838317871094, 643.5277709960938], "obj_id": 3}, {"cam_R_m2c": [0.6431779861450195, 0.7584114670753479, 0.10551822930574417, 0.5834237933158875, -0.39613303542137146, -0.7090100049972534, -0.4959220588207245, 0.5175814628601074, -0.6972593069076538], "cam_t_m2c": [-125.76590728759766, -143.35838317871094, 643.5277709960938], "obj_id": 0}, {"cam_R_m2c": [0.6431779861450195, 0.7584114670753479, 0.10551822930574417, 0.5834237933158875, -0.39613303542137146, -0.7090100049972534, -0.4959220588207245, 0.5175814628601074, -0.6972593069076538], "cam_t_m2c": [-125.76590728759766, -143.35838317871094, 643.5277709960938], "obj_id": 3}, {"cam_R_m2c": [0.6431779861450195, 0.7584114670753479, 0.10551822930574417, 0.5834237933158875, -0.39613303542137146, -0.7090100049972534, -0.4959220588207245, 0.5175814628601074, -0.6972593069076538], "cam_t_m2c": [-125.76590728759766, -143.35838317871094, 643.5277709960938], "obj_id": 3}, {"cam_R_m2c": [0.6431779861450195, 0.7584114670753479, 0.10551822930574417, 0.5834237933158875, -0.39613303542137146, -0.7090100049972534, -0.4959220588207245, 0.5175814628601074, -0.6972593069076538], "cam_t_m2c": [-125.76590728759766, -143.35838317871094, 643.5277709960938], "obj_id": 3}, {"cam_R_m2c": [0.6431779861450195, 0.7584114670753479, 0.10551822930574417, 0.5834237933158875, -0.39613303542137146, -0.7090100049972534, -0.4959220588207245, 0.5175814628601074, -0.6972593069076538], "cam_t_m2c": [-125.76590728759766, -143.35838317871094, 643.5277709960938], "obj_id": 3}, {"cam_R_m2c": [0.6431779861450195, 0.7584114670753479, 0.10551822930574417, 0.5834237933158875, -0.39613303542137146, -0.7090100049972534, -0.4959220588207245, 0.5175814628601074, -0.6972593069076538], "cam_t_m2c": [-125.76590728759766, -143.35838317871094, 643.5277709960938], "obj_id": 3}, {"cam_R_m2c": [0.6431779861450195, 0.7584114670753479, 0.10551822930574417, 0.5834237933158875, -0.39613303542137146, -0.7090100049972534, -0.4959220588207245, 0.5175814628601074, -0.6972593069076538], "cam_t_m2c": [-125.76590728759766, -143.35838317871094, 643.5277709960938], "obj_id": 0}, {"cam_R_m2c": [0.6431779861450195, 0.7584114670753479, 0.10551822930574417, 0.5834237933158875, -0.39613303542137146, -0.7090100049972534, -0.4959220588207245, 0.5175814628601074, -0.6972593069076538], "cam_t_m2c": [-125.76590728759766, -143.35838317871094, 643.5277709960938], "obj_id": 3}, {"cam_R_m2c": [0.6431779861450195, 0.7584114670753479, 0.10551822930574417, 0.5834237933158875, -0.39613303542137146, -0.7090100049972534, -0.4959220588207245, 0.5175814628601074, -0.6972593069076538], "cam_t_m2c": [-125.76590728759766, -143.35838317871094, 643.5277709960938], "obj_id": 1}, {"cam_R_m2c": [0.6431779861450195, 0.7584114670753479, 0.10551822930574417, 0.5834237933158875, -0.39613303542137146, -0.7090100049972534, -0.4959220588207245, 0.5175814628601074, -0.6972593069076538], "cam_t_m2c": [-125.76590728759766, -143.35838317871094, 643.5277709960938], "obj_id": 2}, {"cam_R_m2c": [-0.9429641366004944, 0.24857690930366516, -0.2214229553937912, 0.13336101174354553, 0.8915178775787354, 0.4329095184803009, 0.30501386523246765, 0.3786889612674713, -0.873819887638092], "cam_t_m2c": [-167.35299682617188, -102.9399185180664, 561.2796020507812], "obj_id": 1}, {"cam_R_m2c": [0.7392938137054443, -0.3630776107311249, 0.5671148896217346, 0.6733000874519348, 0.3853532373905182, -0.6310070753097534, 0.010564969852566719, 0.8483381271362305, 0.5293494462966919], "cam_t_m2c": [-373.2621154785156, -235.67465209960938, 662.1966552734375], "obj_id": 2}, {"cam_R_m2c": [0.08830714970827103, -0.19833457469940186, -0.9761481881141663, -0.5058702230453491, -0.8531237244606018, 0.1275748461484909, -0.8580776453018188, 0.48253852128982544, -0.17566850781440735], "cam_t_m2c": [-30.10329818725586, -15.13331413269043, 481.5724792480469], "obj_id": 3}, {"cam_R_m2c": [-0.791835606098175, 0.46273258328437805, -0.3985908627510071, -0.6042541265487671, -0.6884005069732666, 0.4012249708175659, -0.08873032033443451, 0.558554470539093, 0.8247083425521851], "cam_t_m2c": [5.272566795349121, 20.860902786254883, 476.621826171875], "obj_id": 4}],
