{
  "0": [{"cam_R_m2c": [0.8769009113311768, -0.3553939461708069, 0.32363542914390564, -0.23419709503650665, -0.9038717746734619, -0.35800454020500183, 0.4197576344013214, 0.2381400316953659, -0.8758381605148315], "cam_t_m2c": [-131.18267822265625, 22.802553176879883, 116.32400512695312], "obj_id": 0}, {"cam_R_m2c": [0.8769009113311768, -0.3553939461708069, 0.32363542914390564, -0.23419709503650665, -0.9038717746734619, -0.35800454020500183, 0.4197576344013214, 0.2381400316953659, -0.8758381605148315], "cam_t_m2c": [-131.18267822265625, 22.802553176879883, 116.32400512695312], "obj_id": 1}, {"cam_R_m2c": [0.8769009113311768, -0.3553939461708069, 0.32363542914390564, -0.23419709503650665, -0.9038717746734619, -0.35800454020500183, 0.4197576344013214, 0.2381400316953659, -0.8758381605148315], "cam_t_m2c": [-131.18267822265625, 22.802553176879883, 116.32400512695312], "obj_id": 0}, {"cam_R_m2c": [0.8769009113311768, -0.3553939461708069, 0.32363542914390564, -0.23419709503650665, -0.9038717746734619, -0.35800454020500183, 0.4197576344013214, 0.2381400316953659, -0.8758381605148315], "cam_t_m2c": [-131.18267822265625, 22.802553176879883, 116.32400512695312], "obj_id": 0}, {"cam_R_m2c": [0.8769009113311768, -0.3553939461708069, 0.32363542914390564, -0.23419709503650665, -0.9038717746734619, -0.35800454020500183, 0.4197576344013214, 0.2381400316953659, -0.8758381605148315], "cam_t_m2c": [-131.18267822265625, 22.802553176879883, 116.32400512695312], "obj_id": 3}, {"cam_R_m2c": [0.8769009113311768, -0.3553939461708069, 0.32363542914390564, -0.23419709503650665, -0.9038717746734619, -0.35800454020500183, 0.4197576344013214, 0.2381400316953659, -0.8758381605148315], "cam_t_m2c": [-131.18267822265625, 22.802553176879883, 116.32400512695312], "obj_id": 1}, {"cam_R_m2c": [0.8769009113311768, -0.3553939461708069, 0.32363542914390564, -0.23419709503650665, -0.9038717746734619, -0.35800454020500183, 0.4197576344013214, 0.2381400316953659, -0.8758381605148315], "cam_t_m2c": [-131.18267822265625, 22.802553176879883, 116.32400512695312], "obj_id": 1}, {"cam_R_m2c": [0.8769009113311768, -0.3553939461708069, 0.32363542914390564, -0.23419709503650665, -0.9038717746734619, -0.35800454020500183, 0.4197576344013214, 0.2381400316953659, -0.8758381605148315], "cam_t_m2c": [-131.18267822265625, 22.802553176879883, 116.32400512695312], "obj_id": 3}, {"cam_R_m2c": [0.8769009113311768, -0.3553939461708069, 0.32363542914390564, -0.23419709503650665, -0.9038717746734619, -0.35800454020500183, 0.4197576344013214, 0.2381400316953659, -0.8758381605148315], "cam_t_m2c": [-131.18267822265625, 22.802553176879883, 116.32400512695312], "obj_id": 2}, {"cam_R_m2c": [0.8769009113311768, -0.3553939461708069, 0.32363542914390564, -0.23419709503650665, -0.9038717746734619, -0.35800454020500183, 0.4197576344013214, 0.2381400316953659, -0.8758381605148315], "cam_t_m2c": [-131.18267822265625, 22.802553176879883, 116.32400512695312], "obj_id": 2}, {"cam_R_m2c": [0.8769009113311768, -0.3553939461708069, 0.32363542914390564, -0.23419709503650665, -0.9038717746734619, -0.35800454020500183, 0.4197576344013214, 0.2381400316953659, -0.8758381605148315], "cam_t_m2c": [-131.18267822265625, 22.802553176879883, 116.32400512695312], "obj_id": 0}, {"cam_R_m2c": [0.8769009113311768, -0.3553939461708069, 0.32363542914390564, -0.23419709503650665, -0.9038717746734619, -0.35800454020500183, 0.4197576344013214, 0.2381400316953659, -0.8758381605148315], "cam_t_m2c": [-131.18267822265625, 22.802553176879883, 116.32400512695312], "obj_id": 2}, {"cam_R_m2c": [0.8769009113311768, -0.3553939461708069, 0.32363542914390564, -0.23419709503650665, -0.9038717746734619, -0.35800454020500183, 0.4197576344013214, 0.2381400316953659, -0.8758381605148315], "cam_t_m2c": [-131.18267822265625, 22.802553176879883, 116.32400512695312], "obj_id": 2}, {"cam_R_m2c": [0.8769009113311768, -0.3553939461708069, 0.32363542914390564, -0.23419709503650665, -0.9038717746734619, -0.35800454020500183, 0.4197576344013214, 0.2381400316953659, -0.8758381605148315], "cam_t_m2c": [-131.18267822265625, 22.802553176879883, 116.32400512695312], "obj_id": 2}, {"cam_R_m2c": [0.8769009113311768, -0.3553939461708069, 0.32363542914390564, -0.23419709503650665, -0.9038717746734619, -0.35800454020500183, 0.4197576344013214, 0.2381400316953659, -0.8758381605148315], "cam_t_m2c": [-131.18267822265625, 22.802553176879883, 116.32400512695312], "obj_id": 3}, {"cam_R_m2c": [0.8769009113311768, -0.3553939461708069, 0.32363542914390564, -0.23419709503650665, -0.9038717746734619, -0.35800454020500183, 0.4197576344013214, 0.2381400316953659, -0.8758381605148315], "cam_t_m2c": [-131.18267822265625, 22.802553176879883, 116.32400512695312], "obj_id": 2}, {"cam_R_m2c": [0.8769009113311768, -0.3553939461708069, 0.32363542914390564, -0.23419709503650665, -0.9038717746734619, -0.35800454020500183, 0.4197576344013214, 0.2381400316953659, -0.8758381605148315], "cam_t_m2c": [-131.18267822265625, 22.802553176879883, 116.32400512695312], "obj_id": 2}, {"cam_R_m2c": [0.8769009113311768, -0.3553939461708069, 0.32363542914390564, -0.23419709503650665, -0.9038717746734619, -0.35800454020500183, 0.4197576344013214, 0.2381400316953659, -0.8758381605148315], "cam_t_m2c": [-131.18267822265625, 22.802553176879883, 116.32400512695312], "obj_id": 0}, {"cam_R_m2c": [0.8769009113311768, -0.3553939461708069, 0.32363542914390564, -0.23419709503650665, -0.9038717746734619, -0.35800454020500183, 0.4197576344013214, 0.2381400316953659, -0.8758381605148315], "cam_t_m2c": [-131.18267822265625, 22.802553176879883, 116.32400512695312], "obj_id": 0}, {"cam_R_m2c": [0.8769009113311768, -0.3553939461708069, 0.32363542914390564, -0.23419709503650665, -0.9038717746734619, -0.35800454020500183, 0.4197576344013214, 0.2381400316953659, -0.8758381605148315], "cam_t_m2c": [-131.18267822265625, 22.802553176879883, 116.32400512695312], "obj_id": 3}, {"cam_R_m2c": [0.8769009113311768, -0.3553939461708069, 0.32363542914390564, -0.23419709503650665, -0.9038717746734619, -0.35800454020500183, 0.4197576344013214, 0.2381400316953659, -0.8758381605148315], "cam_t_m2c": [-131.18267822265625, 22.802553176879883, 116.32400512695312], "obj_id": 1}, {"cam_R_m2c": [0.8769009113311768, -0.3553939461708069, 0.32363542914390564, -0.23419709503650665, -0.9038717746734619, -0.35800454020500183, 0.4197576344013214, 0.2381400316953659, -0.8758381605148315], "cam_t_m2c": [-131.18267822265625, 22.802553176879883, 116.32400512695312], "obj_id": 1}, {"cam_R_m2c": [0.8769009113311768, -0.3553939461708069, 0.32363542914390564, -0.23419709503650665, -0.9038717746734619, -0.35800454020500183, 0.4197576344013214, 0.2381400316953659, -0.8758381605148315], "cam_t_m2c": [-131.18267822265625, 22.802553176879883, 116.32400512695312], "obj_id": 1}, {"cam_R_m2c": [0.8769009113311768, -0.3553939461708069, 0.32363542914390564, -0.23419709503650665, -0.9038717746734619, -0.35800454020500183, 0.4197576344013214, 0.2381400316953659, -0.8758381605148315], "cam_t_m2c": [-131.18267822265625, 22.802553176879883, 116.32400512695312], "obj_id": 2}, {"cam_R_m2c": [-0.015949899330735207, -0.7489490509033203, -0.6624354720115662, 0.05334606021642685, 0.6609387993812561, -0.7485412955284119, 0.9984486699104309, -0.04727752134203911, 0.029411595314741135], "cam_t_m2c": [19.635478973388672, -0.12443307787179947, 148.17897033691406], "obj_id": 3}, {"cam_R_m2c": [-0.48418259620666504, -0.5715557932853699, -0.6624884009361267, 0.8275678157806396, -0.5449752807617188, -0.13465921580791473, -0.28407466411590576, -0.6134538054466248, 0.7368690371513367], "cam_t_m2c": [-117.6021499633789, -189.31976318359375, 167.72802734375], "obj_id": 0}, {"cam_R_m2c": [-0.5234895348548889, -0.11175982654094696, 0.8446705341339111, -0.3543224334716797, 0.9301280975341797, -0.09652659296989441, -0.7748639583587646, -0.34981638193130493, -0.5265113711357117], "cam_t_m2c": [-2553.4296875, 2844.93798828125, 7025.0576171875], "obj_id": 2}, {"cam_R_m2c": [0.059643421322107315, 0.00300683849491179, 0.9982151985168457, 0.14997340738773346, -0.9886718392372131, -0.005982823204249144, 0.9868893623352051, 0.15006257593631744, -0.059418655931949615], "cam_t_m2c": [-263.36962890625, -71.74006652832031, 79.6302490234375], "obj_id": 3}, {"cam_R_m2c": [-0.7640580534934998, 0.5308269262313843, -0.3666575253009796, 0.44714078307151794, 0.02603256143629551, -0.8940845727920532, -0.46505919098854065, -0.8470802307128906, -0.25724461674690247], "cam_t_m2c": [-179.56463623046875, 103.58100891113281, 56.2940559387207], "obj_id": 3}, {"cam_R_m2c": [0.15420183539390564, -0.9819100499153137, 0.10988412797451019, 0.7135205864906311, 0.03373720496892929, -0.6998215913772583, 0.6834546327590942, 0.18631836771965027, 0.705815315246582], "cam_t_m2c": [-14.096182823181152, -81.58048248291016, 165.63706970214844], "obj_id": 1}, {"cam_R_m2c": [0.0953386127948761, 0.42955267429351807, 0.8979949951171875, 0.9115992784500122, -0.4000515341758728, 0.09458032250404358, 0.3998715579509735, 0.809594452381134, -0.4297202527523041], "cam_t_m2c": [9.814530372619629, 133.2262420654297, 82.9969482421875], "obj_id": 0}, {"cam_R_m2c": [-0.9841216802597046, -0.03408706560730934, -0.1741907298564911, 0.0746312066912651, -0.9698849320411682, -0.23184734582901, -0.1610419750213623, -0.24116608500480652, 0.9570289254188538], "cam_t_m2c": [-282.7602844238281, 161.03646850585938, -36.51075744628906], "obj_id": 0}]
}