{
  "0": [{"cam_R_m2c": [-0.9254167675971985, -0.27194806933403015, 0.2639094889163971, -0.21904371678829193, -0.18441908061504364, -0.9581281542778015, 0.3092310130596161, -0.9444754719734192, 0.11109591275453568], "cam_t_m2c": [-1725.9217529296875, 361.1856689453125, 973.6033935546875], "obj_id": 1}, {"cam_R_m2c": [0.8426988124847412, 0.5078790187835693, -0.17865495383739471, 0.2795347273349762, -0.129143625497818, 0.9514106512069702, 0.46012935042381287, -0.8516928553581238, -0.2507990002632141], "cam_t_m2c": [-1649.615234375, 417.6462097167969, 987.7615356445312], "obj_id": 1}, {"cam_R_m2c": [0.8642632365226746, 0.45560306310653687, 0.21324849128723145, 0.2279312163591385, -0.7325816750526428, 0.6413825750350952, 0.44843778014183044, -0.505717396736145, -0.7369895577430725], "cam_t_m2c": [-1611.1185302734375, 389.5600280761719, 1061.094970703125], "obj_id": 1}, {"cam_R_m2c": [-0.29500681161880493, -0.08355451375246048, -0.9518349170684814, 0.022592004388570786, -0.9965007901191711, 0.08047334849834442, -0.9552280902862549, 0.0022363218013197184, 0.295862078666687], "cam_t_m2c": [-1762.2679443359375, 358.7314758300781, 1001.7281494140625], "obj_id": 1}, {"cam_R_m2c": [0.9912880659103394, 0.13168656826019287, -0.0025742610450834036, -0.028920065611600876, 0.19854871928691864, -0.9796642661094666, -0.12849749624729156, 0.9712039828300476, 0.20062735676765442], "cam_t_m2c": [-1600.5985107421875, 412.0515441894531, 961.9628295898438], "obj_id": 3}, {"cam_R_m2c": [0.6909643411636353, -0.1926434338092804, -0.6967472434043884, -0.07412762939929962, 0.9398745894432068, -0.33337801694869995, 0.7190781235694885, 0.2820005416870117, 0.6351396441459656], "cam_t_m2c": [-1672.6988525390625, 418.481689453125, 1016.7535400390625], "obj_id": 1}, {"cam_R_m2c": [0.8500572443008423, 0.27842089533805847, -0.4470844268798828, -0.13690796494483948, -0.7028699517250061, -0.6980187296867371, -0.5085851550102234, 0.6545652747154236, -0.5593616366386414], "cam_t_m2c": [-1673.86279296875, 339.1024169921875, 1105.921875], "obj_id": 2}, {"cam_R_m2c": [0.9733927249908447, -0.024412838742136955, 0.22783903777599335, -0.22831173241138458, -0.01870007812976837, 0.973408579826355, -0.019503073766827583, -0.9995271563529968, -0.023776259273290634], "cam_t_m2c": [-1775.2972412109375, 405.74481201171875, 1037.1448974609375], "obj_id": 3}]
}