{
  "0": [{"cam_R_m2c": [0.9927234053611755, 0.11718502640724182, -0.02771211974322796, 0.05855716019868851, -0.6708812117576599, -0.7392492890357971, -0.1052204892039299, 0.7322473526000977, -0.6728615164756775], "cam_t_m2c": [-82.39876556396484, 9.785367012023926, 501.2012634277344], "obj_id": 1}, {"cam_R_m2c": [0.9927234053611755, 0.11718502640724182, -0.02771211974322796, 0.05855716019868851, -0.6708812117576599, -0.7392492890357971, -0.1052204892039299, 0.7322473526000977, -0.6728615164756775], "cam_t_m2c": [-82.39876556396484, 9.785367012023926, 501.2012634277344], "obj_id": 0}, {"cam_R_m2c": [0.9927234053611755, 0.11718502640724182, -0.02771211974322796, 0.05855716019868851, -0.6708812117576599, -0.7392492890357971, -0.1052204892039299, 0.7322473526000977, -0.6728615164756775], "cam_t_m2c": [-82.39876556396484, 9.785367012023926, 501.2012634277344], "obj_id": 0}, {"cam_R_m2c": [0.9927234053611755, 0.11718502640724182, -0.02771211974322796, 0.05855716019868851, -0.6708812117576599, -0.7392492890357971, -0.1052204892039299, 0.7322473526000977, -0.6728615164756775], "cam_t_m2c": [-82.39876556396484, 9.785367012023926, 501.2012634277344], "obj_id": 3}, {"cam_R_m2c": [0.9927234053611755, 0.11718502640724182, -0.02771211974322796, 0.05855716019868851, -0.6708812117576599, -0.7392492890357971, -0.1052204892039299, 0.7322473526000977, -0.6728615164756775], "cam_t_m2c": [-82.39876556396484, 9.785367012023926, 501.2012634277344], "obj_id": 2}, {"cam_R_m2c": [0.9927234053611755, 0.11718502640724182, -0.02771211974322796, 0.05855716019868851, -0.6708812117576599, -0.7392492890357971, -0.1052204892039299, 0.7322473526000977, -0.6728615164756775], "cam_t_m2c": [-82.39876556396484, 9.785367012023926, 501.2012634277344], "obj_id": 0}, {"cam_R_m2c": [0.9927234053611755, 0.11718502640724182, -0.02771211974322796, 0.05855716019868851, -0.6708812117576599, -0.7392492890357971, -0.1052204892039299, 0.7322473526000977, -0.6728615164756775], "cam_t_m2c": [-82.39876556396484, 9.785367012023926, 501.2012634277344], "obj_id": 3}, {"cam_R_m2c": [0.9927234053611755, 0.11718502640724182, -0.02771211974322796, 0.05855716019868851, -0.6708812117576599, -0.7392492890357971, -0.1052204892039299, 0.7322473526000977, -0.6728615164756775], "cam_t_m2c": [-82.39876556396484, 9.785367012023926, 501.2012634277344], "obj_id": 2}, {"cam_R_m2c": [0.9927234053611755, 0.11718502640724182, -0.02771211974322796, 0.05855716019868851, -0.6708812117576599, -0.7392492890357971, -0.1052204892039299, 0.7322473526000977, -0.6728615164756775], "cam_t_m2c": [-82.39876556396484, 9.785367012023926, 501.2012634277344], "obj_id": 0}, {"cam_R_m2c": [0.9927234053611755, 0.11718502640724182, -0.02771211974322796, 0.05855716019868851, -0.6708812117576599, -0.7392492890357971, -0.1052204892039299, 0.7322473526000977, -0.6728615164756775], "cam_t_m2c": [-82.39876556396484, 9.785367012023926, 501.2012634277344], "obj_id": 0}, {"cam_R_m2c": [0.9927234053611755, 0.11718502640724182, -0.02771211974322796, 0.05855716019868851, -0.6708812117576599, -0.7392492890357971, -0.1052204892039299, 0.7322473526000977, -0.6728615164756775], "cam_t_m2c": [-82.39876556396484, 9.785367012023926, 501.2012634277344], "obj_id": 0}, {"cam_R_m2c": [0.9927234053611755, 0.11718502640724182, -0.02771211974322796, 0.05855716019868851, -0.6708812117576599, -0.7392492890357971, -0.1052204892039299, 0.7322473526000977, -0.6728615164756775], "cam_t_m2c": [-82.39876556396484, 9.785367012023926, 501.2012634277344], "obj_id": 0}, {"cam_R_m2c": [0.9927234053611755, 0.11718502640724182, -0.02771211974322796, 0.05855716019868851, -0.6708812117576599, -0.7392492890357971, -0.1052204892039299, 0.7322473526000977, -0.6728615164756775], "cam_t_m2c": [-82.39876556396484, 9.785367012023926, 501.2012634277344], "obj_id": 2}, {"cam_R_m2c": [0.9927234053611755, 0.11718502640724182, -0.02771211974322796, 0.05855716019868851, -0.6708812117576599, -0.7392492890357971, -0.1052204892039299, 0.7322473526000977, -0.6728615164756775], "cam_t_m2c": [-82.39876556396484, 9.785367012023926, 501.2012634277344], "obj_id": 1}, {"cam_R_m2c": [0.9927234053611755, 0.11718502640724182, -0.02771211974322796, 0.05855716019868851, -0.6708812117576599, -0.7392492890357971, -0.1052204892039299, 0.7322473526000977, -0.6728615164756775], "cam_t_m2c": [-82.39876556396484, 9.785367012023926, 501.2012634277344], "obj_id": 1}, {"cam_R_m2c": [0.9927234053611755, 0.11718502640724182, -0.02771211974322796, 0.05855716019868851, -0.6708812117576599, -0.7392492890357971, -0.1052204892039299, 0.7322473526000977, -0.6728615164756775], "cam_t_m2c": [-82.39876556396484, 9.785367012023926, 501.2012634277344], "obj_id": 3}, {"cam_R_m2c": [0.9927234053611755, 0.11718502640724182, -0.02771211974322796, 0.05855716019868851, -0.6708812117576599, -0.7392492890357971, -0.1052204892039299, 0.7322473526000977, -0.6728615164756775], "cam_t_m2c": [-82.39876556396484, 9.785367012023926, 501.2012634277344], "obj_id": 1}, {"cam_R_m2c": [0.9927234053611755, 0.11718502640724182, -0.02771211974322796, 0.05855716019868851, -0.6708812117576599, -0.7392492890357971, -0.1052204892039299, 0.7322473526000977, -0.6728615164756775], "cam_t_m2c": [-82.39876556396484, 9.785367012023926, 501.2012634277344], "obj_id": 2}, {"cam_R_m2c": [0.9927234053611755, 0.11718502640724182, -0.02771211974322796, 0.05855716019868851, -0.6708812117576599, -0.7392492890357971, -0.1052204892039299, 0.7322473526000977, -0.6728615164756775], "cam_t_m2c": [-82.39876556396484, 9.785367012023926, 501.2012634277344], "obj_id": 0}, {"cam_R_m2c": [0.9927234053611755, 0.11718502640724182, -0.02771211974322796, 0.05855716019868851, -0.6708812117576599, -0.7392492890357971, -0.1052204892039299, 0.7322473526000977, -0.6728615164756775], "cam_t_m2c": [-82.39876556396484, 9.785367012023926, 501.2012634277344], "obj_id": 3}, {"cam_R_m2c": [0.9927234053611755, 0.11718502640724182, -0.02771211974322796, 0.05855716019868851, -0.6708812117576599, -0.7392492890357971, -0.1052204892039299, 0.7322473526000977, -0.6728615164756775], "cam_t_m2c": [-82.39876556396484, 9.785367012023926, 501.2012634277344], "obj_id": 0}, {"cam_R_m2c": [0.9927234053611755, 0.11718502640724182, -0.02771211974322796, 0.05855716019868851, -0.6708812117576599, -0.7392492890357971, -0.1052204892039299, 0.7322473526000977, -0.6728615164756775], "cam_t_m2c": [-82.39876556396484, 9.785367012023926, 501.2012634277344], "obj_id": 3}, {"cam_R_m2c": [0.9927234053611755, 0.11718502640724182, -0.02771211974322796, 0.05855716019868851, -0.6708812117576599, -0.7392492890357971, -0.1052204892039299, 0.7322473526000977, -0.6728615164756775], "cam_t_m2c": [-82.39876556396484, 9.785367012023926, 501.2012634277344], "obj_id": 1}, {"cam_R_m2c": [0.9927234053611755, 0.11718502640724182, -0.02771211974322796, 0.05855716019868851, -0.6708812117576599, -0.7392492890357971, -0.1052204892039299, 0.7322473526000977, -0.6728615164756775], "cam_t_m2c": [-82.39876556396484, 9.785367012023926, 501.2012634277344], "obj_id": 0}, {"cam_R_m2c": [0.37465542554855347, 0.8887455463409424, -0.2641298472881317, -0.20255707204341888, 0.35645684599876404, 0.912090539932251, 0.9047673344612122, -0.28821828961372375, 0.31357020139694214], "cam_t_m2c": [115.42292022705078, -118.17623901367188, 559.331298828125], "obj_id": 3}, {"cam_R_m2c": [0.30548295378685, 0.7472687363624573, 0.5901437401771545, 0.9018141627311707, -0.028121162205934525, -0.43120816349983215, -0.3056328594684601, 0.6639267206192017, -0.6824880242347717], "cam_t_m2c": [-98.85065460205078, 59.19417190551758, 373.2856140136719], "obj_id": 3}, {"cam_R_m2c": [-0.5654414296150208, -0.7577258944511414, -0.32577186822891235, -0.579400897026062, 0.6460211873054504, -0.49694183468818665, 0.5870012640953064, -0.09223899245262146, -0.8043141961097717], "cam_t_m2c": [17.792036056518555, -73.66996002197266, 514.4547729492188], "obj_id": 0}, {"cam_R_m2c": [-0.09473548829555511, 0.9919479489326477, -0.08404994010925293, -0.7279840707778931, -0.12661834061145782, -0.6738004088401794, -0.6790172457695007, -0.0026458026841282845, 0.7341175675392151], "cam_t_m2c": [-405.9598388671875, -77.95415496826172, 536.6141357421875], "obj_id": 1}, {"cam_R_m2c": [0.04275934770703316, 0.35664552450180054, 0.9332607388496399, -0.5660743117332458, 0.7783575057983398, -0.27151334285736084, -0.8232444524765015, -0.5166851878166199, 0.2351699322462082], "cam_t_m2c": [42.71799850463867, -97.5479965209961, 539.662109375], "obj_id": 0}, {"cam_R_m2c": [0.13403122127056122, 0.7125833630561829, 0.6886657476425171, -0.6031011939048767, 0.6100748777389526, -0.5138847827911377, -0.7863234281539917, -0.3464585542678833, 0.5115289688110352], "cam_t_m2c": [-326.35174560546875, -214.41041564941406, 683.2550659179688], "obj_id": 0}, {"cam_R_m2c": [0.025184111669659615, -0.9813125133514404, 0.19076527655124664, -0.395843505859375, 0.16543959081172943, 0.9032926559448242, -0.9179725646972656, -0.09826179593801498, -0.384279727935791], "cam_t_m2c": [-167.64195251464844, 94.71461486816406, 337.09381103515625], "obj_id": 1}, {"cam_R_m2c": [0.8903089165687561, 0.3271175026893616, 0.31677138805389404, 0.2639850080013275, -0.9376076459884644, 0.22628210484981537, 0.3710281550884247, -0.11783808469772339, -0.9211145639419556], "cam_t_m2c": [-16.177879333496094, -11.67829418182373, 447.74578857421875], "obj_id": 3}],
  "1": [{"cam_R_m2c": [-0.9987462759017944, -0.029728401452302933, 0.040274154394865036, -0.04887945577502251, 0.7527154088020325, -0.6565289497375488, -0.010797420516610146, -0.6576744914054871, -0.7532248497009277], "cam_t_m2c": [83.62690734863281, 22.376766204833984, 606.6553344726562], "obj_id": 1}, {"cam_R_m2c": [-0.9987462759017944, -0.029728401452302933, 0.040274154394865036, -0.04887945577502251, 0.7527154088020325, -0.6565289497375488, -0.010797420516610146, -0.6576744914054871, -0.7532248497009277], "cam_t_m2c": [83.62690734863281, 22.376766204833984, 606.6553344726562], "obj_id": 0}, {"cam_R_m2c": [-0.9987462759017944, -0.029728401452302933, 0.040274154394865036, -0.04887945577502251, 0.7527154088020325, -0.6565289497375488, -0.010797420516610146, -0.6576744914054871, -0.7532248497009277], "cam_t_m2c": [83.62690734863281, 22.376766204833984, 606.6553344726562], "obj_id": 0}, {"cam_R_m2c": [-0.9987462759017944, -0.029728401452302933, 0.040274154394865036, -0.04887945577502251, 0.7527154088020325, -0.6565289497375488, -0.010797420516610146, -0.6576744914054871, -0.7532248497009277], "cam_t_m2c": [83.62690734863281, 22.376766204833984, 606.6553344726562], "obj_id": 3}, {"cam_R_m2c": [-0.9987462759017944, -0.029728401452302933, 0.040274154394865036, -0.04887945577502251, 0.7527154088020325, -0.6565289497375488, -0.010797420516610146, -0.6576744914054871, -0.7532248497009277], "cam_t_m2c": [83.62690734863281, 22.376766204833984, 606.6553344726562], "obj_id": 2}, {"cam_R_m2c": [-0.9987462759017944, -0.029728401452302933, 0.040274154394865036, -0.04887945577502251, 0.7527154088020325, -0.6565289497375488, -0.010797420516610146, -0.6576744914054871, -0.7532248497009277], "cam_t_m2c": [83.62690734863281, 22.376766204833984, 606.6553344726562], "obj_id": 0}, {"cam_R_m2c": [-0.9987462759017944, -0.029728401452302933, 0.040274154394865036, -0.04887945577502251, 0.7527154088020325, -0.6565289497375488, -0.010797420516610146, -0.6576744914054871, -0.7532248497009277], "cam_t_m2c": [83.62690734863281, 22.376766204833984, 606.6553344726562], "obj_id": 3}, {"cam_R_m2c": [-0.9987462759017944, -0.029728401452302933, 0.040274154394865036, -0.04887945577502251, 0.7527154088020325, -0.6565289497375488, -0.010797420516610146, -0.6576744914054871, -0.7532248497009277], "cam_t_m2c": [83.62690734863281, 22.376766204833984, 606.6553344726562], "obj_id": 2}, {"cam_R_m2c": [-0.9987462759017944, -0.029728401452302933, 0.040274154394865036, -0.04887945577502251, 0.7527154088020325, -0.6565289497375488, -0.010797420516610146, -0.6576744914054871, -0.7532248497009277], "cam_t_m2c": [83.62690734863281, 22.376766204833984, 606.6553344726562], "obj_id": 0}, {"cam_R_m2c": [-0.9987462759017944, -0.029728401452302933, 0.040274154394865036, -0.04887945577502251, 0.7527154088020325, -0.6565289497375488, -0.010797420516610146, -0.6576744914054871, -0.7532248497009277], "cam_t_m2c": [83.62690734863281, 22.376766204833984, 606.6553344726562], "obj_id": 0}, {"cam_R_m2c": [-0.9987462759017944, -0.029728401452302933, 0.040274154394865036, -0.04887945577502251, 0.7527154088020325, -0.6565289497375488, -0.010797420516610146, -0.6576744914054871, -0.7532248497009277], "cam_t_m2c": [83.62690734863281, 22.376766204833984, 606.6553344726562], "obj_id": 0}, {"cam_R_m2c": [-0.9987462759017944, -0.029728401452302933, 0.040274154394865036, -0.04887945577502251, 0.7527154088020325, -0.6565289497375488, -0.010797420516610146, -0.6576744914054871, -0.7532248497009277], "cam_t_m2c": [83.62690734863281, 22.376766204833984, 606.6553344726562], "obj_id": 0}, {"cam_R_m2c": [-0.9987462759017944, -0.029728401452302933, 0.040274154394865036, -0.04887945577502251, 0.7527154088020325, -0.6565289497375488, -0.010797420516610146, -0.6576744914054871, -0.7532248497009277], "cam_t_m2c": [83.62690734863281, 22.376766204833984, 606.6553344726562], "obj_id": 2}, {"cam_R_m2c": [-0.9987462759017944, -0.029728401452302933, 0.040274154394865036, -0.04887945577502251, 0.7527154088020325, -0.6565289497375488, -0.010797420516610146, -0.6576744914054871, -0.7532248497009277], "cam_t_m2c": [83.62690734863281, 22.376766204833984, 606.6553344726562], "obj_id": 1}, {"cam_R_m2c": [-0.9987462759017944, -0.029728401452302933, 0.040274154394865036, -0.04887945577502251, 0.7527154088020325, -0.6565289497375488, -0.010797420516610146, -0.6576744914054871, -0.7532248497009277], "cam_t_m2c": [83.62690734863281, 22.376766204833984, 606.6553344726562], "obj_id": 1}, {"cam_R_m2c": [-0.9987462759017944, -0.029728401452302933, 0.040274154394865036, -0.04887945577502251, 0.7527154088020325, -0.6565289497375488, -0.010797420516610146, -0.6576744914054871, -0.7532248497009277], "cam_t_m2c": [83.62690734863281, 22.376766204833984, 606.6553344726562], "obj_id": 3}, {"cam_R_m2c": [-0.9987462759017944, -0.029728401452302933, 0.040274154394865036, -0.04887945577502251, 0.7527154088020325, -0.6565289497375488, -0.010797420516610146, -0.6576744914054871, -0.7532248497009277], "cam_t_m2c": [83.62690734863281, 22.376766204833984, 606.6553344726562], "obj_id": 1}, {"cam_R_m2c": [-0.9987462759017944, -0.029728401452302933, 0.040274154394865036, -0.04887945577502251, 0.7527154088020325, -0.6565289497375488, -0.010797420516610146, -0.6576744914054871, -0.7532248497009277], "cam_t_m2c": [83.62690734863281, 22.376766204833984, 606.6553344726562], "obj_id": 2}, {"cam_R_m2c": [-0.9987462759017944, -0.029728401452302933, 0.040274154394865036, -0.04887945577502251, 0.7527154088020325, -0.6565289497375488, -0.010797420516610146, -0.6576744914054871, -0.7532248497009277], "cam_t_m2c": [83.62690734863281, 22.376766204833984, 606.6553344726562], "obj_id": 0}, {"cam_R_m2c": [-0.9987462759017944, -0.029728401452302933, 0.040274154394865036, -0.04887945577502251, 0.7527154088020325, -0.6565289497375488, -0.010797420516610146, -0.6576744914054871, -0.7532248497009277], "cam_t_m2c": [83.62690734863281, 22.376766204833984, 606.6553344726562], "obj_id": 3}, {"cam_R_m2c": [-0.9987462759017944, -0.029728401452302933, 0.040274154394865036, -0.04887945577502251, 0.7527154088020325, -0.6565289497375488, -0.010797420516610146, -0.6576744914054871, -0.7532248497009277], "cam_t_m2c": [83.62690734863281, 22.376766204833984, 606.6553344726562], "obj_id": 0}, {"cam_R_m2c": [-0.9987462759017944, -0.029728401452302933, 0.040274154394865036, -0.04887945577502251, 0.7527154088020325, -0.6565289497375488, -0.010797420516610146, -0.6576744914054871, -0.7532248497009277], "cam_t_m2c": [83.62690734863281, 22.376766204833984, 606.6553344726562], "obj_id": 3}, {"cam_R_m2c": [-0.9987462759017944, -0.029728401452302933, 0.040274154394865036, -0.04887945577502251, 0.7527154088020325, -0.6565289497375488, -0.010797420516610146, -0.6576744914054871, -0.7532248497009277], "cam_t_m2c": [83.62690734863281, 22.376766204833984, 606.6553344726562], "obj_id": 1}, {"cam_R_m2c": [-0.9987462759017944, -0.029728401452302933, 0.040274154394865036, -0.04887945577502251, 0.7527154088020325, -0.6565289497375488, -0.010797420516610146, -0.6576744914054871, -0.7532248497009277], "cam_t_m2c": [83.62690734863281, 22.376766204833984, 606.6553344726562], "obj_id": 0}, {"cam_R_m2c": [-0.3084820508956909, -0.9258147478103638, 0.21841654181480408, 0.9292638301849365, -0.24424652755260468, 0.2771501839160919, -0.2032422572374344, 0.28846246004104614, 0.9356719255447388], "cam_t_m2c": [-101.40958404541016, 94.72386169433594, 467.3209228515625], "obj_id": 3}, {"cam_R_m2c": [-0.38307300209999084, -0.7050905823707581, -0.5967429876327515, -0.3076587915420532, 0.7065279483795166, -0.6373102068901062, 0.8709770441055298, -0.060543131083250046, -0.4875791072845459], "cam_t_m2c": [89.44750213623047, -107.35621643066406, 653.6637573242188], "obj_id": 3}, {"cam_R_m2c": [0.6358060240745544, 0.7054378390312195, 0.313222199678421, 0.5661824941635132, -0.15045522153377533, -0.8104323148727417, -0.5245836973190308, 0.6926186680793762, -0.49506688117980957], "cam_t_m2c": [-9.724868774414062, 43.28171920776367, 517.0614013671875], "obj_id": 0}, {"cam_R_m2c": [0.10591892898082733, -0.9795573949813843, 0.17102211713790894, -0.666805624961853, 0.05762007459998131, 0.743000864982605, -0.7376662492752075, -0.19273638725280762, -0.647071361541748], "cam_t_m2c": [413.90380859375, 40.969215393066406, 541.7280883789062], "obj_id": 1}, {"cam_R_m2c": [-0.050205428153276443, -0.43746688961982727, -0.8978318572044373, -0.8064406514167786, -0.5125643014907837, 0.2948409914970398, -0.5891797542572021, 0.7388507723808289, -0.3270575702190399], "cam_t_m2c": [-31.504735946655273, 70.42047119140625, 492.2420959472656], "obj_id": 0}, {"cam_R_m2c": [-0.13651436567306519, -0.7709428668022156, -0.622101902961731, -0.7634749412536621, -0.318278044462204, 0.5619652271270752, -0.6312445402145386, 0.5516756176948547, -0.5451459288597107], "cam_t_m2c": [352.173828125, 195.0057830810547, 404.1654052734375], "obj_id": 0}, {"cam_R_m2c": [-0.04965377226471901, 0.9606385827064514, -0.27332761883735657, -0.9058343768119812, -0.1585908979177475, -0.3928268551826477, -0.4207119047641754, 0.2280842363834381, 0.878054141998291], "cam_t_m2c": [153.50782775878906, -148.2590789794922, 692.7409057617188], "obj_id": 1}, {"cam_R_m2c": [-0.8839914202690125, -0.268409788608551, -0.38277313113212585, 0.4158991873264313, -0.07757601886987686, -0.9060959219932556, 0.21351099014282227, -0.9601761102676392, 0.1802079826593399], "cam_t_m2c": [16.12660789489746, -26.659812927246094, 579.4064331054688], "obj_id": 3}]
}