{
  "0": [{"cam_R_m2c": [-0.741153359413147, -0.5692614316940308, -0.35585540533065796, 0.08753204345703125, 0.44360360503196716, -0.891938328742981, 0.665604829788208, -0.6922118663787842, -0.27894964814186096], "cam_t_m2c": [17.59205436706543, -106.0990219116211, 386.65625], "obj_id": 1}, {"cam_R_m2c": [-0.4839911460876465, 0.84748774766922, 0.21798424422740936, 0.5137358903884888, 0.4768407940864563, -0.7132309079170227, -0.7083982229232788, -0.23321111500263214, -0.6661715507507324], "cam_t_m2c": [-385.1640319824219, -80.15540313720703, 191.6635284423828], "obj_id": 3}, {"cam_R_m2c": [-0.5517621040344238, -0.6656650304794312, -0.5024423003196716, 0.6429811120033264, 0.04416413977742195, -0.7646074891090393, 0.5311623811721802, -0.7449425458908081, 0.4036421477794647], "cam_t_m2c": [-420.69744873046875, 19.299840927124023, 23.63931655883789], "obj_id": 0}, {"cam_R_m2c": [0.9127346277236938, 0.3618936836719513, 0.18960067629814148, 0.37868210673332214, -0.923570990562439, -0.06013549491763115, 0.15334704518318176, 0.12668614089488983, -0.980017900466919], "cam_t_m2c": [-157.97354125976562, 83.66258239746094, 175.0052032470703], "obj_id": 3}, {"cam_R_m2c": [0.7343930006027222, 0.15894518792629242, 0.65985107421875, 0.6536276936531067, 0.09630294144153595, -0.7506641149520874, -0.18286006152629852, 0.9825794100761414, -0.03316677734255791], "cam_t_m2c": [-365.5849914550781, -96.95752716064453, 191.5957489013672], "obj_id": 3}, {"cam_R_m2c": [-0.22818559408187866, 0.6113040447235107, 0.7577853798866272, 0.47776052355766296, -0.6078652143478394, 0.6342277526855469, 0.8483373522758484, 0.5067615509033203, -0.15335088968276978], "cam_t_m2c": [-75.89732360839844, -129.23899841308594, 337.46795654296875], "obj_id": 0}, {"cam_R_m2c": [-0.6470447778701782, 0.03399871289730072, -0.7616934776306152, -0.7619920372962952, 0.005855269264429808, 0.6475598216056824, 0.026476087048649788, 0.9994046688079834, 0.022118205204606056], "cam_t_m2c": [-289.2756652832031, 46.60683822631836, 79.8597183227539], "obj_id": 3}, {"cam_R_m2c": [-0.05945778638124466, -0.44256630539894104, 0.8947624564170837, 0.39139610528945923, -0.8349106311798096, -0.38695386052131653, 0.9182994365692139, 0.3271991014480591, 0.2228606790304184], "cam_t_m2c": [16.63060188293457, -98.49278259277344, 379.47998046875], "obj_id": 1}, {"cam_R_m2c": [0.27352797985076904, -0.9171026349067688, -0.29000890254974365, -0.6863505244255066, -0.39732974767684937, 0.6091403961181641, -0.6738734245300293, 0.03243083879351616, -0.7381346821784973], "cam_t_m2c": [-581.6661376953125, -260.92626953125, 273.4476623535156], "obj_id": 0}, {"cam_R_m2c": [-0.45035362243652344, 0.06032266467809677, 0.8908100724220276, -0.6956012845039368, 0.601787805557251, -0.3924159109592438, -0.5597501993179321, -0.7963746190071106, -0.22905674576759338], "cam_t_m2c": [29.615999221801758, 65.31926727294922, 192.6008758544922], "obj_id": 1}],
  "1": [{"cam_R_m2c": [-0.741153359413147, -0.5692614316940308, -0.35585540533065796, 0.08753204345703125, 0.44360360503196716, -0.891938328742981, 0.665604829788208, -0.6922118663787842, -0.27894964814186096], "cam_t_m2c": [17.59205436706543, -106.0990219116211, 386.65625], "obj_id": 1}, {"cam_R_m2c": [-0.4839911460876465, 0.84748774766922, 0.21798424422740936, 0.5137358903884888, 0.4768407940864563, -0.7132309079170227, -0.7083982229232788, -0.23321111500263214, -0.6661715507507324], "cam_t_m2c": [-385.1640319824219, -80.15540313720703, 191.6635284423828], "obj_id": 3}, {"cam_R_m2c": [-0.5517621040344238, -0.6656650304794312, -0.5024423003196716, 0.6429811120033264, 0.04416413977742195, -0.7646074891090393, 0.5311623811721802, -0.7449425458908081, 0.4036421477794647], "cam_t_m2c": [-420.69744873046875, 19.299840927124023, 23.63931655883789], "obj_id": 0}, {"cam_R_m2c": [0.9127346277236938, 0.3618936836719513, 0.18960067629814148, 0.37868210673332214, -0.923570990562439, -0.06013549491763115, 0.15334704518318176, 0.12668614089488983, -0.980017900466919], "cam_t_m2c": [-157.97354125976562, 83.66258239746094, 175.0052032470703], "obj_id": 3}, {"cam_R_m2c": [0.7343930006027222, 0.15894518792629242, 0.65985107421875, 0.6536276936531067, 0.09630294144153595, -0.7506641149520874, -0.18286006152629852, 0.9825794100761414, -0.03316677734255791], "cam_t_m2c": [-365.5849914550781, -96.95752716064453, 191.5957489013672], "obj_id": 3}, {"cam_R_m2c": [-0.22818559408187866, 0.6113040447235107, 0.7577853798866272, 0.47776052355766296, -0.6078652143478394, 0.6342277526855469, 0.8483373522758484, 0.5067615509033203, -0.15335088968276978], "cam_t_m2c": [-75.89732360839844, -129.23899841308594, 337.46795654296875], "obj_id": 0}, {"cam_R_m2c": [-0.6470447778701782, 0.03399871289730072, -0.7616934776306152, -0.7619920372962952, 0.005855269264429808, 0.6475598216056824, 0.026476087048649788, 0.9994046688079834, 0.022118205204606056], "cam_t_m2c": [-289.2756652832031, 46.60683822631836, 79.8597183227539], "obj_id": 3}, {"cam_R_m2c": [-0.05945778638124466, -0.44256630539894104, 0.8947624564170837, 0.39139610528945923, -0.8349106311798096, -0.38695386052131653, 0.9182994365692139, 0.3271991014480591, 0.2228606790304184], "cam_t_m2c": [16.63060188293457, -98.49278259277344, 379.47998046875], "obj_id": 1}, {"cam_R_m2c": [0.27352797985076904, -0.9171026349067688, -0.29000890254974365, -0.6863505244255066, -0.39732974767684937, 0.6091403961181641, -0.6738734245300293, 0.03243083879351616, -0.7381346821784973], "cam_t_m2c": [-581.6661376953125, -260.92626953125, 273.4476623535156], "obj_id": 0}, {"cam_R_m2c": [-0.45035362243652344, 0.06032266467809677, 0.8908100724220276, -0.6956012845039368, 0.601787805557251, -0.3924159109592438, -0.5597501993179321, -0.7963746190071106, -0.22905674576759338], "cam_t_m2c": [29.615999221801758, 65.31926727294922, 192.6008758544922], "obj_id": 1}],
  "2": [{"cam_R_m2c": [-0.741153359413147, -0.5692614316940308, -0.35585540533065796, 0.08753204345703125, 0.44360360503196716, -0.891938328742981, 0.665604829788208, -0.6922118663787842, -0.27894964814186096], "cam_t_m2c": [17.59205436706543, -106.0990219116211, 386.65625], "obj_id": 1}, {"cam_R_m2c": [-0.4839911460876465, 0.84748774766922, 0.21798424422740936, 0.5137358903884888, 0.4768407940864563, -0.7132309079170227, -0.7083982229232788, -0.23321111500263214, -0.6661715507507324], "cam_t_m2c": [-385.1640319824219, -80.15540313720703, 191.6635284423828], "obj_id": 3}, {"cam_R_m2c": [-0.5517621040344238, -0.6656650304794312, -0.5024423003196716, 0.6429811120033264, 0.04416413977742195, -0.7646074891090393, 0.5311623811721802, -0.7449425458908081, 0.4036421477794647], "cam_t_m2c": [-420.69744873046875, 19.299840927124023, 23.63931655883789], "obj_id": 0}, {"cam_R_m2c": [0.9127346277236938, 0.3618936836719513, 0.18960067629814148, 0.37868210673332214, -0.923570990562439, -0.06013549491763115, 0.15334704518318176, 0.12668614089488983, -0.980017900466919], "cam_t_m2c": [-157.97354125976562, 83.66258239746094, 175.0052032470703], "obj_id": 3}, {"cam_R_m2c": [0.7343930006027222, 0.15894518792629242, 0.65985107421875, 0.6536276936531067, 0.09630294144153595, -0.7506641149520874, -0.18286006152629852, 0.9825794100761414, -0.03316677734255791], "cam_t_m2c": [-365.5849914550781, -96.95752716064453, 191.5957489013672], "obj_id": 3}, {"cam_R_m2c": [-0.22818559408187866, 0.6113040447235107, 0.7577853798866272, 0.47776052355766296, -0.6078652143478394, 0.6342277526855469, 0.8483373522758484, 0.5067615509033203, -0.15335088968276978], "cam_t_m2c": [-75.89732360839844, -129.23899841308594, 337.46795654296875], "obj_id": 0}, {"cam_R_m2c": [-0.6470447778701782, 0.03399871289730072, -0.7616934776306152, -0.7619920372962952, 0.005855269264429808, 0.6475598216056824, 0.026476087048649788, 0.9994046688079834, 0.022118205204606056], "cam_t_m2c": [-289.2756652832031, 46.60683822631836, 79.8597183227539], "obj_id": 3}, {"cam_R_m2c": [-0.05945778638124466, -0.44256630539894104, 0.8947624564170837, 0.39139610528945923, -0.8349106311798096, -0.38695386052131653, 0.9182994365692139, 0.3271991014480591, 0.2228606790304184], "cam_t_m2c": [16.63060188293457, -98.49278259277344, 379.47998046875], "obj_id": 1}, {"cam_R_m2c": [0.27352797985076904, -0.9171026349067688, -0.29000890254974365, -0.6863505244255066, -0.39732974767684937, 0.6091403961181641, -0.6738734245300293, 0.03243083879351616, -0.7381346821784973], "cam_t_m2c": [-581.6661376953125, -260.92626953125, 273.4476623535156], "obj_id": 0}, {"cam_R_m2c": [-0.45035362243652344, 0.06032266467809677, 0.8908100724220276, -0.6956012845039368, 0.601787805557251, -0.3924159109592438, -0.5597501993179321, -0.7963746190071106, -0.22905674576759338], "cam_t_m2c": [29.615999221801758, 65.31926727294922, 192.6008758544922], "obj_id": 1}],
  "3": [{"cam_R_m2c": [-0.27510371804237366, 0.9483351707458496, 0.15804484486579895, -0.835059642791748, -0.3171611726284027, 0.4495375156402588, 0.4764379858970642, -0.008307406678795815, 0.8791688084602356], "cam_t_m2c": [-73.99202728271484, -345.96923828125, 797.1190185546875], "obj_id": 1}, {"cam_R_m2c": [-0.20149460434913635, -0.9610498547554016, -0.1891642063856125, 0.1400613784790039, 0.16287048161029816, -0.9766555428504944, 0.9694239497184753, -0.22328542172908783, 0.10178844630718231], "cam_t_m2c": [-211.97589111328125, -285.6217956542969, 713.59521484375], "obj_id": 0}, {"cam_R_m2c": [0.23554453253746033, 0.8970664143562317, 0.37388578057289124, -0.6210705041885376, 0.434845507144928, -0.6520588397979736, -0.7475226521492004, -0.0786205604672432, 0.6595670580863953], "cam_t_m2c": [-203.53575134277344, -99.45941925048828, 736.5176391601562], "obj_id": 1}, {"cam_R_m2c": [-0.20099422335624695, -0.9590750336647034, 0.1994399130344391, 0.04496677592396736, -0.2124132364988327, -0.9761447310447693, 0.9785597920417786, -0.18723131716251373, 0.08582039922475815], "cam_t_m2c": [-92.99755859375, -335.58197021484375, 713.5319213867188], "obj_id": 0}, {"cam_R_m2c": [-0.12933053076267242, -0.6762608885765076, -0.7252204418182373, 0.27095431089401245, 0.6794284582138062, -0.6818802952766418, 0.953864336013794, -0.28468963503837585, 0.0953650027513504], "cam_t_m2c": [-558.5439453125, -161.39437866210938, 715.8308715820312], "obj_id": 0}, {"cam_R_m2c": [-0.08894520998001099, -0.5168841481208801, -0.8514220118522644, 0.3016783893108368, 0.8006787896156311, -0.5175940990447998, 0.9492517113685608, -0.30289316177368164, 0.08471624553203583], "cam_t_m2c": [-113.69679260253906, -163.8860626220703, 697.8477172851562], "obj_id": 0}, {"cam_R_m2c": [0.08505558967590332, 0.939314603805542, -0.33234554529190063, -0.02794604003429413, 0.3356720507144928, 0.9415642619132996, 0.9959841966629028, -0.07079754024744034, 0.05480092391371727], "cam_t_m2c": [72.78700256347656, 58.60569381713867, 724.96337890625], "obj_id": 1}, {"cam_R_m2c": [0.024999555200338364, 0.823030948638916, -0.5674459934234619, -0.2501450479030609, 0.5547163486480713, 0.7935472130775452, 0.9678855538368225, 0.12210551649332047, 0.21974481642246246], "cam_t_m2c": [-109.17781829833984, -132.43203735351562, 759.8013916015625], "obj_id": 2}, {"cam_R_m2c": [-0.08758978545665741, 0.936262309551239, -0.3402068316936493, 0.1160406544804573, -0.32960453629493713, -0.9369605779647827, -0.9893746972084045, -0.12154611945152283, -0.07977434247732162], "cam_t_m2c": [-193.15960693359375, -511.4145202636719, 746.892333984375], "obj_id": 1}, {"cam_R_m2c": [0.016513118520379066, -0.950089693069458, -0.31153953075408936, 0.9681090712547302, 0.09309394657611847, -0.23259037733078003, 0.24998416006565094, -0.297763466835022, 0.9213277697563171], "cam_t_m2c": [71.05362701416016, 21.09934425354004, 704.0603637695312], "obj_id": 3}, {"cam_R_m2c": [0.9291950464248657, 0.3576698899269104, -0.09310624748468399, -0.1794533133506775, 0.6568467020988464, 0.7323583960533142, 0.3230991065502167, -0.6637955904006958, 0.6745237708091736], "cam_t_m2c": [-26.718204498291016, -14.75158977508545, 717.7174072265625], "obj_id": 3}],
  "4": [{"cam_R_m2c": [-0.27510371804237366, 0.9483351707458496, 0.15804484486579895, -0.835059642791748, -0.3171611726284027, 0.4495375156402588, 0.4764379858970642, -0.008307406678795815, 0.8791688084602356], "cam_t_m2c": [-73.99202728271484, -345.96923828125, 797.1190185546875], "obj_id": 1}, {"cam_R_m2c": [-0.20149460434913635, -0.9610498547554016, -0.1891642063856125, 0.1400613784790039, 0.16287048161029816, -0.9766555428504944, 0.9694239497184753, -0.22328542172908783, 0.10178844630718231], "cam_t_m2c": [-211.97589111328125, -285.6217956542969, 713.59521484375], "obj_id": 0}, {"cam_R_m2c": [0.23554453253746033, 0.8970664143562317, 0.37388578057289124, -0.6210705041885376, 0.434845507144928, -0.6520588397979736, -0.7475226521492004, -0.0786205604672432, 0.6595670580863953], "cam_t_m2c": [-203.53575134277344, -99.45941925048828, 736.5176391601562], "obj_id": 1}, {"cam_R_m2c": [-0.20099422335624695, -0.9590750336647034, 0.1994399130344391, 0.04496677592396736, -0.2124132364988327, -0.9761447310447693, 0.9785597920417786, -0.18723131716251373, 0.08582039922475815], "cam_t_m2c": [-92.99755859375, -335.58197021484375, 713.5319213867188], "obj_id": 0}, {"cam_R_m2c": [-0.12933053076267242, -0.6762608885765076, -0.7252204418182373, 0.27095431089401245, 0.6794284582138062, -0.6818802952766418, 0.953864336013794, -0.28468963503837585, 0.0953650027513504], "cam_t_m2c": [-558.5439453125, -161.39437866210938, 715.8308715820312], "obj_id": 0}, {"cam_R_m2c": [-0.08894520998001099, -0.5168841481208801, -0.8514220118522644, 0.3016783893108368, 0.8006787896156311, -0.5175940990447998, 0.9492517113685608, -0.30289316177368164, 0.08471624553203583], "cam_t_m2c": [-113.69679260253906, -163.8860626220703, 697.8477172851562], "obj_id": 0}, {"cam_R_m2c": [0.08505558967590332, 0.939314603805542, -0.33234554529190063, -0.02794604003429413, 0.3356720507144928, 0.9415642619132996, 0.9959841966629028, -0.07079754024744034, 0.05480092391371727], "cam_t_m2c": [72.78700256347656, 58.60569381713867, 724.96337890625], "obj_id": 1}, {"cam_R_m2c": [0.024999555200338364, 0.823030948638916, -0.5674459934234619, -0.2501450479030609, 0.5547163486480713, 0.7935472130775452, 0.9678855538368225, 0.12210551649332047, 0.21974481642246246], "cam_t_m2c": [-109.17781829833984, -132.43203735351562, 759.8013916015625], "obj_id": 2}, {"cam_R_m2c": [-0.08758978545665741, 0.936262309551239, -0.3402068316936493, 0.1160406544804573, -0.32960453629493713, -0.9369605779647827, -0.9893746972084045, -0.12154611945152283, -0.07977434247732162], "cam_t_m2c": [-193.15960693359375, -511.4145202636719, 746.892333984375], "obj_id": 1}, {"cam_R_m2c": [0.016513118520379066, -0.950089693069458, -0.31153953075408936, 0.9681090712547302, 0.09309394657611847, -0.23259037733078003, 0.24998416006565094, -0.297763466835022, 0.9213277697563171], "cam_t_m2c": [71.05362701416016, 21.09934425354004, 704.0603637695312], "obj_id": 3}, {"cam_R_m2c": [0.9291950464248657, 0.3576698899269104, -0.09310624748468399, -0.1794533133506775, 0.6568467020988464, 0.7323583960533142, 0.3230991065502167, -0.6637955904006958, 0.6745237708091736], "cam_t_m2c": [-26.718204498291016, -14.75158977508545, 717.7174072265625], "obj_id": 3}]
}