{
  "0": [{"cam_R_m2c": [-0.026941997930407524, 0.999545156955719, 0.013546613045036793, 0.47213393449783325, 0.02466857247054577, -0.881181538105011, -0.8811149597167969, -0.017345033586025238, -0.4725837707519531], "cam_t_m2c": [14.147424697875977, -9.063495635986328, 577.6395263671875], "obj_id": 1}, {"cam_R_m2c": [-0.026941997930407524, 0.999545156955719, 0.013546613045036793, 0.47213393449783325, 0.02466857247054577, -0.881181538105011, -0.8811149597167969, -0.017345033586025238, -0.4725837707519531], "cam_t_m2c": [14.147424697875977, -9.063495635986328, 577.6395263671875], "obj_id": 0}, {"cam_R_m2c": [-0.026941997930407524, 0.999545156955719, 0.013546613045036793, 0.47213393449783325, 0.02466857247054577, -0.881181538105011, -0.8811149597167969, -0.017345033586025238, -0.4725837707519531], "cam_t_m2c": [14.147424697875977, -9.063495635986328, 577.6395263671875], "obj_id": 0}, {"cam_R_m2c": [-0.026941997930407524, 0.999545156955719, 0.013546613045036793, 0.47213393449783325, 0.02466857247054577, -0.881181538105011, -0.8811149597167969, -0.017345033586025238, -0.4725837707519531], "cam_t_m2c": [14.147424697875977, -9.063495635986328, 577.6395263671875], "obj_id": 3}, {"cam_R_m2c": [-0.026941997930407524, 0.999545156955719, 0.013546613045036793, 0.47213393449783325, 0.02466857247054577, -0.881181538105011, -0.8811149597167969, -0.017345033586025238, -0.4725837707519531], "cam_t_m2c": [14.147424697875977, -9.063495635986328, 577.6395263671875], "obj_id": 2}, {"cam_R_m2c": [-0.026941997930407524, 0.999545156955719, 0.013546613045036793, 0.47213393449783325, 0.02466857247054577, -0.881181538105011, -0.8811149597167969, -0.017345033586025238, -0.4725837707519531], "cam_t_m2c": [14.147424697875977, -9.063495635986328, 577.6395263671875], "obj_id": 0}, {"cam_R_m2c": [-0.026941997930407524, 0.999545156955719, 0.013546613045036793, 0.47213393449783325, 0.02466857247054577, -0.881181538105011, -0.8811149597167969, -0.017345033586025238, -0.4725837707519531], "cam_t_m2c": [14.147424697875977, -9.063495635986328, 577.6395263671875], "obj_id": 3}, {"cam_R_m2c": [-0.026941997930407524, 0.999545156955719, 0.013546613045036793, 0.47213393449783325, 0.02466857247054577, -0.881181538105011, -0.8811149597167969, -0.017345033586025238, -0.4725837707519531], "cam_t_m2c": [14.147424697875977, -9.063495635986328, 577.6395263671875], "obj_id": 2}, {"cam_R_m2c": [-0.026941997930407524, 0.999545156955719, 0.013546613045036793, 0.47213393449783325, 0.02466857247054577, -0.881181538105011, -0.8811149597167969, -0.017345033586025238, -0.4725837707519531], "cam_t_m2c": [14.147424697875977, -9.063495635986328, 577.6395263671875], "obj_id": 0}, {"cam_R_m2c": [-0.026941997930407524, 0.999545156955719, 0.013546613045036793, 0.47213393449783325, 0.02466857247054577, -0.881181538105011, -0.8811149597167969, -0.017345033586025238, -0.4725837707519531], "cam_t_m2c": [14.147424697875977, -9.063495635986328, 577.6395263671875], "obj_id": 0}, {"cam_R_m2c": [-0.026941997930407524, 0.999545156955719, 0.013546613045036793, 0.47213393449783325, 0.02466857247054577, -0.881181538105011, -0.8811149597167969, -0.017345033586025238, -0.4725837707519531], "cam_t_m2c": [14.147424697875977, -9.063495635986328, 577.6395263671875], "obj_id": 0}, {"cam_R_m2c": [-0.026941997930407524, 0.999545156955719, 0.013546613045036793, 0.47213393449783325, 0.02466857247054577, -0.881181538105011, -0.8811149597167969, -0.017345033586025238, -0.4725837707519531], "cam_t_m2c": [14.147424697875977, -9.063495635986328, 577.6395263671875], "obj_id": 0}, {"cam_R_m2c": [-0.026941997930407524, 0.999545156955719, 0.013546613045036793, 0.47213393449783325, 0.02466857247054577, -0.881181538105011, -0.8811149597167969, -0.017345033586025238, -0.4725837707519531], "cam_t_m2c": [14.147424697875977, -9.063495635986328, 577.6395263671875], "obj_id": 2}, {"cam_R_m2c": [-0.026941997930407524, 0.999545156955719, 0.013546613045036793, 0.47213393449783325, 0.02466857247054577, -0.881181538105011, -0.8811149597167969, -0.017345033586025238, -0.4725837707519531], "cam_t_m2c": [14.147424697875977, -9.063495635986328, 577.6395263671875], "obj_id": 1}, {"cam_R_m2c": [-0.026941997930407524, 0.999545156955719, 0.013546613045036793, 0.47213393449783325, 0.02466857247054577, -0.881181538105011, -0.8811149597167969, -0.017345033586025238, -0.4725837707519531], "cam_t_m2c": [14.147424697875977, -9.063495635986328, 577.6395263671875], "obj_id": 1}, {"cam_R_m2c": [-0.026941997930407524, 0.999545156955719, 0.013546613045036793, 0.47213393449783325, 0.02466857247054577, -0.881181538105011, -0.8811149597167969, -0.017345033586025238, -0.4725837707519531], "cam_t_m2c": [14.147424697875977, -9.063495635986328, 577.6395263671875], "obj_id": 3}, {"cam_R_m2c": [-0.026941997930407524, 0.999545156955719, 0.013546613045036793, 0.47213393449783325, 0.02466857247054577, -0.881181538105011, -0.8811149597167969, -0.017345033586025238, -0.4725837707519531], "cam_t_m2c": [14.147424697875977, -9.063495635986328, 577.6395263671875], "obj_id": 1}, {"cam_R_m2c": [-0.026941997930407524, 0.999545156955719, 0.013546613045036793, 0.47213393449783325, 0.02466857247054577, -0.881181538105011, -0.8811149597167969, -0.017345033586025238, -0.4725837707519531], "cam_t_m2c": [14.147424697875977, -9.063495635986328, 577.6395263671875], "obj_id": 2}, {"cam_R_m2c": [-0.026941997930407524, 0.999545156955719, 0.013546613045036793, 0.47213393449783325, 0.02466857247054577, -0.881181538105011, -0.8811149597167969, -0.017345033586025238, -0.4725837707519531], "cam_t_m2c": [14.147424697875977, -9.063495635986328, 577.6395263671875], "obj_id": 0}, {"cam_R_m2c": [-0.026941997930407524, 0.999545156955719, 0.013546613045036793, 0.47213393449783325, 0.02466857247054577, -0.881181538105011, -0.8811149597167969, -0.017345033586025238, -0.4725837707519531], "cam_t_m2c": [14.147424697875977, -9.063495635986328, 577.6395263671875], "obj_id": 3}, {"cam_R_m2c": [-0.026941997930407524, 0.999545156955719, 0.013546613045036793, 0.47213393449783325, 0.02466857247054577, -0.881181538105011, -0.8811149597167969, -0.017345033586025238, -0.4725837707519531], "cam_t_m2c": [14.147424697875977, -9.063495635986328, 577.6395263671875], "obj_id": 0}, {"cam_R_m2c": [-0.026941997930407524, 0.999545156955719, 0.013546613045036793, 0.47213393449783325, 0.02466857247054577, -0.881181538105011, -0.8811149597167969, -0.017345033586025238, -0.4725837707519531], "cam_t_m2c": [14.147424697875977, -9.063495635986328, 577.6395263671875], "obj_id": 3}, {"cam_R_m2c": [-0.026941997930407524, 0.999545156955719, 0.013546613045036793, 0.47213393449783325, 0.02466857247054577, -0.881181538105011, -0.8811149597167969, -0.017345033586025238, -0.4725837707519531], "cam_t_m2c": [14.147424697875977, -9.063495635986328, 577.6395263671875], "obj_id": 1}, {"cam_R_m2c": [-0.026941997930407524, 0.999545156955719, 0.013546613045036793, 0.47213393449783325, 0.02466857247054577, -0.881181538105011, -0.8811149597167969, -0.017345033586025238, -0.4725837707519531], "cam_t_m2c": [14.147424697875977, -9.063495635986328, 577.6395263671875], "obj_id": 0}, {"cam_R_m2c": [0.8284308314323425, -0.37230825424194336, -0.41843628883361816, 0.5594807863235474, 0.5152053236961365, 0.6492646932601929, -0.02614605240523815, -0.771977961063385, 0.6351112723350525], "cam_t_m2c": [161.42587280273438, 36.910247802734375, 390.337158203125], "obj_id": 3}, {"cam_R_m2c": [-0.8094695806503296, 0.5682132244110107, -0.1479610800743103, 0.5774319171905518, 0.724682092666626, -0.37604278326034546, -0.1064477488398552, -0.3898327052593231, -0.9147125482559204], "cam_t_m2c": [-113.85847473144531, -56.28879928588867, 556.225341796875], "obj_id": 3}, {"cam_R_m2c": [0.7703014612197876, -0.5758299231529236, -0.2739627957344055, -0.334839791059494, 0.0003832991642411798, -0.9422749876976013, 0.5426951050758362, 0.8175694346427917, -0.1925155073404312], "cam_t_m2c": [89.7134017944336, -7.218784809112549, 470.5646667480469], "obj_id": 0}, {"cam_R_m2c": [-0.0046376632526516914, 0.1737406998872757, 0.984780490398407, -0.9104176163673401, 0.406643807888031, -0.0760299414396286, -0.41366440057754517, -0.8969141244888306, 0.15629073977470398], "cam_t_m2c": [70.57347106933594, -207.80374145507812, 844.0274047851562], "obj_id": 1}, {"cam_R_m2c": [-0.2073676586151123, -0.8737932443618774, 0.4398680627346039, -0.8159067630767822, 0.4025542736053467, 0.4150255620479584, -0.5397173166275024, -0.27282842993736267, -0.7964105606079102], "cam_t_m2c": [126.53714752197266, 3.474126100540161, 451.68218994140625], "obj_id": 0}, {"cam_R_m2c": [-0.1471024453639984, -0.6034358739852905, 0.7837255597114563, -0.7744418978691101, 0.5631616711616516, 0.28825080394744873, -0.6153050661087036, -0.5645475387573242, -0.550168514251709], "cam_t_m2c": [277.2328186035156, -176.4116973876953, 791.4176025390625], "obj_id": 0}, {"cam_R_m2c": [-0.39381369948387146, -0.27248796820640564, -0.8778730630874634, -0.7650153040885925, -0.4322883188724518, 0.4773661196231842, -0.5095707774162292, 0.8595796227455139, -0.03821641951799393], "cam_t_m2c": [-170.54335021972656, -87.1916732788086, 612.2220458984375], "obj_id": 1}, {"cam_R_m2c": [0.16928541660308838, 0.5835427045822144, -0.7942420244216919, 0.8247512578964233, -0.5250636339187622, -0.20998473465442657, -0.5395626425743103, -0.6195046901702881, -0.5701631903648376], "cam_t_m2c": [-4.039303302764893, -20.44172477722168, 492.5327453613281], "obj_id": 3}],
  "1": [{"cam_R_m2c": [-0.9774277806282043, 0.20479285717010498, -0.05190848559141159, 0.17315331101417542, 0.6357566118240356, -0.7522176504135132, -0.12104764580726624, -0.7442266941070557, -0.656866729259491], "cam_t_m2c": [105.3931655883789, 26.251956939697266, 601.1917114257812], "obj_id": 1}, {"cam_R_m2c": [-0.9774277806282043, 0.20479285717010498, -0.05190848559141159, 0.17315331101417542, 0.6357566118240356, -0.7522176504135132, -0.12104764580726624, -0.7442266941070557, -0.656866729259491], "cam_t_m2c": [105.3931655883789, 26.251956939697266, 601.1917114257812], "obj_id": 0}, {"cam_R_m2c": [-0.9774277806282043, 0.20479285717010498, -0.05190848559141159, 0.17315331101417542, 0.6357566118240356, -0.7522176504135132, -0.12104764580726624, -0.7442266941070557, -0.656866729259491], "cam_t_m2c": [105.3931655883789, 26.251956939697266, 601.1917114257812], "obj_id": 0}, {"cam_R_m2c": [-0.9774277806282043, 0.20479285717010498, -0.05190848559141159, 0.17315331101417542, 0.6357566118240356, -0.7522176504135132, -0.12104764580726624, -0.7442266941070557, -0.656866729259491], "cam_t_m2c": [105.3931655883789, 26.251956939697266, 601.1917114257812], "obj_id": 3}, {"cam_R_m2c": [-0.9774277806282043, 0.20479285717010498, -0.05190848559141159, 0.17315331101417542, 0.6357566118240356, -0.7522176504135132, -0.12104764580726624, -0.7442266941070557, -0.656866729259491], "cam_t_m2c": [105.3931655883789, 26.251956939697266, 601.1917114257812], "obj_id": 2}, {"cam_R_m2c": [-0.9774277806282043, 0.20479285717010498, -0.05190848559141159, 0.17315331101417542, 0.6357566118240356, -0.7522176504135132, -0.12104764580726624, -0.7442266941070557, -0.656866729259491], "cam_t_m2c": [105.3931655883789, 26.251956939697266, 601.1917114257812], "obj_id": 0}, {"cam_R_m2c": [-0.9774277806282043, 0.20479285717010498, -0.05190848559141159, 0.17315331101417542, 0.6357566118240356, -0.7522176504135132, -0.12104764580726624, -0.7442266941070557, -0.656866729259491], "cam_t_m2c": [105.3931655883789, 26.251956939697266, 601.1917114257812], "obj_id": 3}, {"cam_R_m2c": [-0.9774277806282043, 0.20479285717010498, -0.05190848559141159, 0.17315331101417542, 0.6357566118240356, -0.7522176504135132, -0.12104764580726624, -0.7442266941070557, -0.656866729259491], "cam_t_m2c": [105.3931655883789, 26.251956939697266, 601.1917114257812], "obj_id": 2}, {"cam_R_m2c": [-0.9774277806282043, 0.20479285717010498, -0.05190848559141159, 0.17315331101417542, 0.6357566118240356, -0.7522176504135132, -0.12104764580726624, -0.7442266941070557, -0.656866729259491], "cam_t_m2c": [105.3931655883789, 26.251956939697266, 601.1917114257812], "obj_id": 0}, {"cam_R_m2c": [-0.9774277806282043, 0.20479285717010498, -0.05190848559141159, 0.17315331101417542, 0.6357566118240356, -0.7522176504135132, -0.12104764580726624, -0.7442266941070557, -0.656866729259491], "cam_t_m2c": [105.3931655883789, 26.251956939697266, 601.1917114257812], "obj_id": 0}, {"cam_R_m2c": [-0.9774277806282043, 0.20479285717010498, -0.05190848559141159, 0.17315331101417542, 0.6357566118240356, -0.7522176504135132, -0.12104764580726624, -0.7442266941070557, -0.656866729259491], "cam_t_m2c": [105.3931655883789, 26.251956939697266, 601.1917114257812], "obj_id": 0}, {"cam_R_m2c": [-0.9774277806282043, 0.20479285717010498, -0.05190848559141159, 0.17315331101417542, 0.6357566118240356, -0.7522176504135132, -0.12104764580726624, -0.7442266941070557, -0.656866729259491], "cam_t_m2c": [105.3931655883789, 26.251956939697266, 601.1917114257812], "obj_id": 0}, {"cam_R_m2c": [-0.9774277806282043, 0.20479285717010498, -0.05190848559141159, 0.17315331101417542, 0.6357566118240356, -0.7522176504135132, -0.12104764580726624, -0.7442266941070557, -0.656866729259491], "cam_t_m2c": [105.3931655883789, 26.251956939697266, 601.1917114257812], "obj_id": 2}, {"cam_R_m2c": [-0.9774277806282043, 0.20479285717010498, -0.05190848559141159, 0.17315331101417542, 0.6357566118240356, -0.7522176504135132, -0.12104764580726624, -0.7442266941070557, -0.656866729259491], "cam_t_m2c": [105.3931655883789, 26.251956939697266, 601.1917114257812], "obj_id": 1}, {"cam_R_m2c": [-0.9774277806282043, 0.20479285717010498, -0.05190848559141159, 0.17315331101417542, 0.6357566118240356, -0.7522176504135132, -0.12104764580726624, -0.7442266941070557, -0.656866729259491], "cam_t_m2c": [105.3931655883789, 26.251956939697266, 601.1917114257812], "obj_id": 1}, {"cam_R_m2c": [-0.9774277806282043, 0.20479285717010498, -0.05190848559141159, 0.17315331101417542, 0.6357566118240356, -0.7522176504135132, -0.12104764580726624, -0.7442266941070557, -0.656866729259491], "cam_t_m2c": [105.3931655883789, 26.251956939697266, 601.1917114257812], "obj_id": 3}, {"cam_R_m2c": [-0.9774277806282043, 0.20479285717010498, -0.05190848559141159, 0.17315331101417542, 0.6357566118240356, -0.7522176504135132, -0.12104764580726624, -0.7442266941070557, -0.656866729259491], "cam_t_m2c": [105.3931655883789, 26.251956939697266, 601.1917114257812], "obj_id": 1}, {"cam_R_m2c": [-0.9774277806282043, 0.20479285717010498, -0.05190848559141159, 0.17315331101417542, 0.6357566118240356, -0.7522176504135132, -0.12104764580726624, -0.7442266941070557, -0.656866729259491], "cam_t_m2c": [105.3931655883789, 26.251956939697266, 601.1917114257812], "obj_id": 2}, {"cam_R_m2c": [-0.9774277806282043, 0.20479285717010498, -0.05190848559141159, 0.17315331101417542, 0.6357566118240356, -0.7522176504135132, -0.12104764580726624, -0.7442266941070557, -0.656866729259491], "cam_t_m2c": [105.3931655883789, 26.251956939697266, 601.1917114257812], "obj_id": 0}, {"cam_R_m2c": [-0.9774277806282043, 0.20479285717010498, -0.05190848559141159, 0.17315331101417542, 0.6357566118240356, -0.7522176504135132, -0.12104764580726624, -0.7442266941070557, -0.656866729259491], "cam_t_m2c": [105.3931655883789, 26.251956939697266, 601.1917114257812], "obj_id": 3}, {"cam_R_m2c": [-0.9774277806282043, 0.20479285717010498, -0.05190848559141159, 0.17315331101417542, 0.6357566118240356, -0.7522176504135132, -0.12104764580726624, -0.7442266941070557, -0.656866729259491], "cam_t_m2c": [105.3931655883789, 26.251956939697266, 601.1917114257812], "obj_id": 0}, {"cam_R_m2c": [-0.9774277806282043, 0.20479285717010498, -0.05190848559141159, 0.17315331101417542, 0.6357566118240356, -0.7522176504135132, -0.12104764580726624, -0.7442266941070557, -0.656866729259491], "cam_t_m2c": [105.3931655883789, 26.251956939697266, 601.1917114257812], "obj_id": 3}, {"cam_R_m2c": [-0.9774277806282043, 0.20479285717010498, -0.05190848559141159, 0.17315331101417542, 0.6357566118240356, -0.7522176504135132, -0.12104764580726624, -0.7442266941070557, -0.656866729259491], "cam_t_m2c": [105.3931655883789, 26.251956939697266, 601.1917114257812], "obj_id": 1}, {"cam_R_m2c": [-0.9774277806282043, 0.20479285717010498, -0.05190848559141159, 0.17315331101417542, 0.6357566118240356, -0.7522176504135132, -0.12104764580726624, -0.7442266941070557, -0.656866729259491], "cam_t_m2c": [105.3931655883789, 26.251956939697266, 601.1917114257812], "obj_id": 0}, {"cam_R_m2c": [-0.06202324107289314, -0.9783836603164673, 0.19727712869644165, 0.9344764351844788, 0.012503238394856453, 0.3558051288127899, -0.3505805432796478, 0.20641908049583435, 0.9135012030601501], "cam_t_m2c": [-44.803955078125, 116.66586303710938, 433.40362548828125], "obj_id": 3}, {"cam_R_m2c": [-0.5174963474273682, -0.5106512308120728, -0.6866095662117004, -0.08378604799509048, 0.8287925720214844, -0.5532474517822266, 0.8515734076499939, -0.2287752777338028, -0.471682608127594], "cam_t_m2c": [76.41250610351562, -93.20349884033203, 664.1585693359375], "obj_id": 3}, {"cam_R_m2c": [0.7937058806419373, 0.5884755849838257, 0.15403714776039124, 0.3276263475418091, -0.20019178092479706, -0.9233548641204834, -0.5125348567962646, 0.7833387851715088, -0.3516935110092163], "cam_t_m2c": [27.578702926635742, 54.00493621826172, 499.4403991699219], "obj_id": 0}, {"cam_R_m2c": [0.007888991385698318, -0.918246865272522, 0.3959296941757202, -0.7744244337081909, 0.24487732350826263, 0.5833539366722107, -0.6326171159744263, -0.3112196922302246, -0.7091809511184692], "cam_t_m2c": [435.0180969238281, -38.709228515625, 573.4153442382812], "obj_id": 1}, {"cam_R_m2c": [-0.18882466852664948, -0.6072746515274048, -0.7717271447181702, -0.8525753617286682, -0.28858813643455505, 0.43569737672805786, -0.48729926347732544, 0.7402259111404419, -0.4632548391819], "cam_t_m2c": [15.010693550109863, 81.3643798828125, 469.1026611328125], "obj_id": 0}, {"cam_R_m2c": [-0.25865647196769714, -0.8683182001113892, -0.42322593927383423, -0.7981539964675903, -0.05467350408434868, 0.5999674201011658, -0.544101893901825, 0.49298498034477234, -0.6789100170135498], "cam_t_m2c": [423.3131408691406, 103.31736755371094, 411.69708251953125], "obj_id": 0}, {"cam_R_m2c": [-0.22607359290122986, 0.8730974197387695, -0.431962251663208, -0.9238095283508301, -0.33282196521759033, -0.18922266364097595, -0.3089764416217804, 0.3562726080417633, 0.8818182349205017], "cam_t_m2c": [125.44818115234375, -141.1322479248047, 715.169677734375], "obj_id": 1}, {"cam_R_m2c": [-0.7757255434989929, -0.19648730754852295, -0.5997017025947571, 0.6285613179206848, -0.1559162139892578, -0.7619714736938477, 0.05621443688869476, -0.9680302143096924, 0.2444528043270111], "cam_t_m2c": [30.795427322387695, -10.016741752624512, 572.5012817382812], "obj_id": 3}]
}