{
  "0": [{"cam_R_m2c": [0.047693781554698944, 0.7346448302268982, -0.6767733693122864, -0.7608218193054199, 0.4657287299633026, 0.4519367218017578, 0.6472057700157166, 0.49334946274757385, 0.581146240234375], "cam_t_m2c": [-829.6447143554688, -115.10490417480469, 710.6180419921875], "obj_id": 3}, {"cam_R_m2c": [0.08022894710302353, -0.6380288600921631, 0.7658213973045349, -0.8727728724479675, 0.32615751028060913, 0.3631649315357208, -0.48148807883262634, -0.6975244879722595, -0.5306869745254517], "cam_t_m2c": [282.729248046875, 199.4738311767578, 633.35986328125], "obj_id": 0}, {"cam_R_m2c": [-0.6758125424385071, 0.014323885552585125, -0.7369341254234314, -0.7317519187927246, 0.10688553005456924, 0.6731377840042114, 0.08840948343276978, 0.9941680431365967, -0.061752911657094955], "cam_t_m2c": [599.5592041015625, 196.71218872070312, 762.9467163085938], "obj_id": 2}, {"cam_R_m2c": [-0.2157418131828308, -0.956173837184906, 0.19795729219913483, 0.9764498472213745, -0.21148543059825897, 0.042656831443309784, 0.0010777333518490195, 0.20249822735786438, 0.979282021522522], "cam_t_m2c": [501.8293151855469, 223.66319274902344, 746.5589599609375], "obj_id": 3}],
  "1": [{"cam_R_m2c": [-0.035472746938467026, -0.7308151125907898, 0.6816531419754028, 0.5458788871765137, 0.5571703314781189, 0.6257615685462952, -0.8371129035949707, 0.3942974805831909, 0.379172146320343], "cam_t_m2c": [827.1222534179688, -260.27264404296875, 920.3318481445312], "obj_id": 3}, {"cam_R_m2c": [-0.08167101442813873, 0.6274242401123047, -0.7743828296661377, -0.5874283313751221, -0.65798020362854, -0.4711582362651825, -0.8051446080207825, 0.4164144694805145, 0.422304630279541], "cam_t_m2c": [-287.7945861816406, -283.5981750488281, 1234.6129150390625], "obj_id": 0}, {"cam_R_m2c": [0.6807513236999512, -0.00232889992184937, 0.7325108647346497, -0.01324330922216177, 0.9997923970222473, 0.015486208721995354, -0.7323948740959167, -0.020243125036358833, 0.6805791258811951], "cam_t_m2c": [-602.9423828125, -151.84349060058594, 1213.017822265625], "obj_id": 2}, {"cam_R_m2c": [0.2105512171983719, 0.9597651958465576, -0.1857919842004776, 0.12249848991632462, 0.16265183687210083, 0.9790496230125427, 0.969877302646637, -0.22889919579029083, -0.08332314342260361], "cam_t_m2c": [-505.5705261230469, -165.74913024902344, 1242.5618896484375], "obj_id": 3}]
}