{
  "0": [{"cam_R_m2c": [-0.6960107088088989, -0.401821106672287, 0.5950704216957092, -0.3720753788948059, 0.9106377959251404, 0.1797182708978653, -0.6141082048416138, -0.09632521122694016, -0.7833214402198792], "cam_t_m2c": [-73.00470733642578, 16.734172821044922, 298.876220703125], "obj_id": 1}, {"cam_R_m2c": [0.9463611841201782, 0.19172795116901398, -0.2600785791873932, 0.007823402062058449, 0.7910884618759155, 0.6116517782211304, 0.32301589846611023, -0.5808781981468201, 0.7471554279327393], "cam_t_m2c": [-31.822830200195312, -138.92431640625, 814.7048950195312], "obj_id": 2}, {"cam_R_m2c": [0.46819746494293213, -0.5975033044815063, -0.6509845852851868, 0.8537311553955078, 0.11587926745414734, 0.507656455039978, -0.22789078950881958, -0.7934492826461792, 0.564361572265625], "cam_t_m2c": [-194.51123046875, -286.7660827636719, 848.1348876953125], "obj_id": 3}, {"cam_R_m2c": [-0.8283983469009399, -0.5504817962646484, 0.10356602072715759, 0.5485843420028687, -0.8346826434135437, -0.048580389469861984, 0.11318738758563995, 0.01657078042626381, 0.9934354424476624], "cam_t_m2c": [-228.596923828125, -240.74468994140625, 622.5859985351562], "obj_id": 4}, {"cam_R_m2c": [-0.5920304656028748, -0.11715984344482422, 0.7973540425300598, 0.6348574161529541, -0.6772535443305969, 0.3718649744987488, 0.4964432418346405, 0.7263615727424622, 0.4753345847129822], "cam_t_m2c": [-8.72164249420166, -124.63019561767578, 873.630615234375], "obj_id": 1}, {"cam_R_m2c": [-0.15077343583106995, -0.7963897585868835, 0.5856881141662598, -0.9697971343994141, 0.004249981604516506, -0.24387571215629578, 0.19173099100589752, -0.604768693447113, -0.7729772925376892], "cam_t_m2c": [2.3241395950317383, -149.40591430664062, 843.7911376953125], "obj_id": 2}, {"cam_R_m2c": [0.5389707088470459, 0.5598307847976685, -0.6293648481369019, -0.7513934373855591, 0.6572239398956299, -0.05886070430278778, 0.3806816339492798, 0.5046247839927673, 0.7748776078224182], "cam_t_m2c": [-212.75579833984375, -219.90863037109375, 620.2918090820312], "obj_id": 3}, {"cam_R_m2c": [0.6242483854293823, 0.33502864837646484, 0.7057405710220337, 0.4078976809978485, -0.91023850440979, 0.07131026685237885, 0.6662833094596863, 0.24335463345050812, -0.7048722505569458], "cam_t_m2c": [176.7049102783203, 43.19244384765625, 644.1556396484375], "obj_id": 4}, {"cam_R_m2c": [-0.14722919464111328, 0.8255115747451782, -0.5448431372642517, 0.8623279929161072, -0.16268102824687958, -0.47950509190559387, -0.48447272181510925, -0.5404306650161743, -0.6879103183746338], "cam_t_m2c": [-188.45367431640625, -134.8700408935547, 448.9872741699219], "obj_id": 1}, {"cam_R_m2c": [-0.6159409284591675, 0.08804924041032791, 0.7828564047813416, 0.6975389122962952, -0.4008963108062744, 0.5939037799835205, 0.36613699793815613, 0.9118824005126953, 0.18551065027713776], "cam_t_m2c": [-321.6506652832031, -106.36026000976562, 446.3500671386719], "obj_id": 2}, {"cam_R_m2c": [-0.41731515526771545, 0.4462735056877136, -0.7916361689567566, 0.9041650891304016, 0.1163926050066948, -0.41102084517478943, -0.09128718823194504, -0.8872950673103333, -0.4520772695541382], "cam_t_m2c": [-343.5938415527344, -190.43521118164062, 599.390625], "obj_id": 3}, {"cam_R_m2c": [0.38346338272094727, -0.9088669419288635, -0.16406294703483582, 0.21406471729278564, 0.26027172803878784, -0.9415066838264465, 0.8984053134918213, 0.3259132504463196, 0.29436105489730835], "cam_t_m2c": [-270.7627868652344, -293.3126220703125, 666.769775390625], "obj_id": 4}, {"cam_R_m2c": [-0.5234733819961548, -0.19584450125694275, 0.8292288184165955, -0.2717714011669159, 0.9607689380645752, 0.05534805357456207, -0.8075368404388428, -0.19638743996620178, -0.5561618804931641], "cam_t_m2c": [-40.31794738769531, -115.3205337524414, 627.4503173828125], "obj_id": 1}, {"cam_R_m2c": [0.41268691420555115, -0.5410684943199158, 0.7327580451965332, -0.5088057518005371, -0.8041845560073853, -0.3072521388530731, 0.7555171847343445, -0.24603256583213806, -0.6071752309799194], "cam_t_m2c": [-392.76251220703125, -220.89080810546875, 559.1934814453125], "obj_id": 2}, {"cam_R_m2c": [0.5393679738044739, -0.24468040466308594, -0.8057379126548767, 0.8356993198394775, 0.2730175852775574, 0.4765164256095886, 0.10338632017374039, -0.9303723573684692, 0.35173624753952026], "cam_t_m2c": [201.1752471923828, -21.642271041870117, 642.336669921875], "obj_id": 3}, {"cam_R_m2c": [0.9361863136291504, 0.1256406456232071, -0.32828289270401, -0.23960955440998077, 0.9114304780960083, -0.33448728919029236, 0.2571818232536316, 0.3918021321296692, 0.8833734393119812], "cam_t_m2c": [-18.5532283782959, -16.473182678222656, 491.5684814453125], "obj_id": 4}],
  "1": [{"cam_R_m2c": [-0.7261548638343811, -0.18984435498714447, 0.6608011722564697, -0.14706404507160187, 0.9817661046981812, 0.12044693529605865, -0.6716184020042419, -0.009716968983411789, -0.7408335208892822], "cam_t_m2c": [-56.4025993347168, 57.44684600830078, 290.8846130371094], "obj_id": 1}, {"cam_R_m2c": [0.9070677161216736, 0.38886016607284546, -0.1612945795059204, -0.23289544880390167, 0.7826796174049377, 0.5772108435630798, 0.35069629549980164, -0.4860045313835144, 0.8005071878433228], "cam_t_m2c": [-77.42848205566406, -153.54591369628906, 787.9205322265625], "obj_id": 2}, {"cam_R_m2c": [0.6530824303627014, -0.5151131749153137, -0.5551052093505859, 0.7477109432220459, 0.3224134147167206, 0.5804979801177979, -0.12004879862070084, -0.7941712737083435, 0.595718264579773], "cam_t_m2c": [-269.7645568847656, -264.441162109375, 800.2234497070312], "obj_id": 3}, {"cam_R_m2c": [-0.6951355934143066, -0.7179036140441895, 0.03742724284529686, 0.7038149833679199, -0.6902487277984619, -0.16793173551559448, 0.14639291167259216, -0.09039347618818283, 0.9850878715515137], "cam_t_m2c": [-281.008544921875, -190.02735900878906, 580.0230102539062], "obj_id": 4}, {"cam_R_m2c": [-0.4665197730064392, -0.2993350327014923, 0.8323207497596741, 0.6976336240768433, -0.7029991149902344, 0.13820108771324158, 0.5437523722648621, 0.6451284885406494, 0.5367891788482666], "cam_t_m2c": [-54.964622497558594, -150.57818603515625, 848.7218017578125], "obj_id": 1}, {"cam_R_m2c": [-0.36676639318466187, -0.7432050108909607, 0.5595789551734924, -0.9267557263374329, 0.23933030664920807, -0.28955957293510437, 0.08127793669700623, -0.6247937679290771, -0.7765478491783142], "cam_t_m2c": [-47.95572280883789, -174.1133575439453, 816.7340698242188], "obj_id": 2}, {"cam_R_m2c": [0.3427775800228119, 0.6608465313911438, -0.6676715612411499, -0.8855105042457581, 0.4645898640155792, 0.0052263168618083, 0.31364721059799194, 0.5894387364387512, 0.744437575340271], "cam_t_m2c": [-260.9403076171875, -173.07421875, 580.474853515625], "obj_id": 3}, {"cam_R_m2c": [0.661146342754364, 0.11696275323629379, 0.7410838007926941, 0.19250215590000153, -0.9811512231826782, -0.016885995864868164, 0.7251402735710144, 0.1538243442773819, -0.6712000966072083], "cam_t_m2c": [174.32427978515625, -5.975551605224609, 644.4598999023438], "obj_id": 4}, {"cam_R_m2c": [0.06864918768405914, 0.7985134720802307, -0.5980497598648071, 0.9170315861701965, -0.2865704894065857, -0.2773631513118744, -0.39286163449287415, -0.5293897986412048, -0.7519348859786987], "cam_t_m2c": [-209.72720336914062, -79.01919555664062, 420.1680603027344], "obj_id": 1}, {"cam_R_m2c": [-0.4693295955657959, -0.04946831613779068, 0.8816362023353577, 0.7765795588493347, -0.49835625290870667, 0.38544127345085144, 0.4203018844127655, 0.8655597567558289, 0.2723095715045929], "cam_t_m2c": [-333.28265380859375, -21.728443145751953, 416.5599670410156], "obj_id": 2}, {"cam_R_m2c": [-0.2066172957420349, 0.5076056718826294, -0.8364482522010803, 0.9784041047096252, 0.10205213725566864, -0.17975173890590668, -0.005881709977984428, -0.8555242419242859, -0.5177292227745056], "cam_t_m2c": [-381.0126037597656, -113.56751251220703, 558.8939208984375], "obj_id": 3}, {"cam_R_m2c": [0.3721263110637665, -0.8472381830215454, -0.37909021973609924, 0.03460254520177841, 0.42080140113830566, -0.9064925909042358, 0.9275368452072144, 0.3242122530937195, 0.18590790033340454], "cam_t_m2c": [-335.833984375, -236.09994506835938, 616.969482421875], "obj_id": 4}, {"cam_R_m2c": [-0.5259448289871216, 0.027140362188220024, 0.8500854969024658, -0.0686940923333168, 0.9948698282241821, -0.07426363229751587, -0.8477399945259094, -0.09745443612337112, -0.5213822722434998], "cam_t_m2c": [-70.61211395263672, -110.30387878417969, 604.1347045898438], "obj_id": 1}, {"cam_R_m2c": [0.25206080079078674, -0.6881151795387268, 0.6804136633872986, -0.6592234969139099, -0.6368347406387329, -0.39983221888542175, 0.7084417343139648, -0.34776267409324646, -0.6141427159309387], "cam_t_m2c": [-433.38201904296875, -128.3181610107422, 514.1639404296875], "obj_id": 2}, {"cam_R_m2c": [0.7008830904960632, -0.12987694144248962, -0.7013521194458008, 0.6818572282791138, 0.4106174409389496, 0.6053626537322998, 0.20936472713947296, -0.9025105237960815, 0.37635236978530884], "cam_t_m2c": [184.26959228515625, -74.10649108886719, 636.4031982421875], "obj_id": 3}, {"cam_R_m2c": [0.8472021818161011, 0.298495352268219, -0.43948718905448914, -0.4642693102359772, 0.818118691444397, -0.33931663632392883, 0.25826823711395264, 0.49151021242141724, 0.8316941857337952], "cam_t_m2c": [-20.780588150024414, -5.782280445098877, 480.4397277832031], "obj_id": 4}],
  "2": [{"cam_R_m2c": [-0.7261548638343811, -0.18984435498714447, 0.6608011722564697, -0.14706404507160187, 0.9817661046981812, 0.12044693529605865, -0.6716184020042419, -0.009716968983411789, -0.7408335208892822], "cam_t_m2c": [-56.4025993347168, 57.44684600830078, 290.8846130371094], "obj_id": 1}, {"cam_R_m2c": [0.9070677161216736, 0.38886016607284546, -0.1612945795059204, -0.23289544880390167, 0.7826796174049377, 0.5772108435630798, 0.35069629549980164, -0.4860045313835144, 0.8005071878433228], "cam_t_m2c": [-77.42848205566406, -153.54591369628906, 787.9205322265625], "obj_id": 2}, {"cam_R_m2c": [0.6530824303627014, -0.5151131749153137, -0.5551052093505859, 0.7477109432220459, 0.3224134147167206, 0.5804979801177979, -0.12004879862070084, -0.7941712737083435, 0.595718264579773], "cam_t_m2c": [-269.7645568847656, -264.441162109375, 800.2234497070312], "obj_id": 3}, {"cam_R_m2c": [-0.6951355934143066, -0.7179036140441895, 0.03742724284529686, 0.7038149833679199, -0.6902487277984619, -0.16793173551559448, 0.14639291167259216, -0.09039347618818283, 0.9850878715515137], "cam_t_m2c": [-281.008544921875, -190.02735900878906, 580.0230102539062], "obj_id": 4}, {"cam_R_m2c": [-0.4665197730064392, -0.2993350327014923, 0.8323207497596741, 0.6976336240768433, -0.7029991149902344, 0.13820108771324158, 0.5437523722648621, 0.6451284885406494, 0.5367891788482666], "cam_t_m2c": [-54.964622497558594, -150.57818603515625, 848.7218017578125], "obj_id": 1}, {"cam_R_m2c": [-0.36676639318466187, -0.7432050108909607, 0.5595789551734924, -0.9267557263374329, 0.23933030664920807, -0.28955957293510437, 0.08127793669700623, -0.6247937679290771, -0.7765478491783142], "cam_t_m2c": [-47.95572280883789, -174.1133575439453, 816.7340698242188], "obj_id": 2}, {"cam_R_m2c": [0.3427775800228119, 0.6608465313911438, -0.6676715612411499, -0.8855105042457581, 0.4645898640155792, 0.0052263168618083, 0.31364721059799194, 0.5894387364387512, 0.744437575340271], "cam_t_m2c": [-260.9403076171875, -173.07421875, 580.474853515625], "obj_id": 3}, {"cam_R_m2c": [0.661146342754364, 0.11696275323629379, 0.7410838007926941, 0.19250215590000153, -0.9811512231826782, -0.016885995864868164, 0.7251402735710144, 0.1538243442773819, -0.6712000966072083], "cam_t_m2c": [174.32427978515625, -5.975551605224609, 644.4598999023438], "obj_id": 4}, {"cam_R_m2c": [0.06864918768405914, 0.7985134720802307, -0.5980497598648071, 0.9170315861701965, -0.2865704894065857, -0.2773631513118744, -0.39286163449287415, -0.5293897986412048, -0.7519348859786987], "cam_t_m2c": [-209.72720336914062, -79.01919555664062, 420.1680603027344], "obj_id": 1}, {"cam_R_m2c": [-0.4693295955657959, -0.04946831613779068, 0.8816362023353577, 0.7765795588493347, -0.49835625290870667, 0.38544127345085144, 0.4203018844127655, 0.8655597567558289, 0.2723095715045929], "cam_t_m2c": [-333.28265380859375, -21.728443145751953, 416.5599670410156], "obj_id": 2}, {"cam_R_m2c": [-0.2066172957420349, 0.5076056718826294, -0.8364482522010803, 0.9784041047096252, 0.10205213725566864, -0.17975173890590668, -0.005881709977984428, -0.8555242419242859, -0.5177292227745056], "cam_t_m2c": [-381.0126037597656, -113.56751251220703, 558.8939208984375], "obj_id": 3}, {"cam_R_m2c": [0.3721263110637665, -0.8472381830215454, -0.37909021973609924, 0.03460254520177841, 0.42080140113830566, -0.9064925909042358, 0.9275368452072144, 0.3242122530937195, 0.18590790033340454], "cam_t_m2c": [-335.833984375, -236.09994506835938, 616.969482421875], "obj_id": 4}, {"cam_R_m2c": [-0.5259448289871216, 0.027140362188220024, 0.8500854969024658, -0.0686940923333168, 0.9948698282241821, -0.07426363229751587, -0.8477399945259094, -0.09745443612337112, -0.5213822722434998], "cam_t_m2c": [-70.61211395263672, -110.30387878417969, 604.1347045898438], "obj_id": 1}, {"cam_R_m2c": [0.25206080079078674, -0.6881151795387268, 0.6804136633872986, -0.6592234969139099, -0.6368347406387329, -0.39983221888542175, 0.7084417343139648, -0.34776267409324646, -0.6141427159309387], "cam_t_m2c": [-433.38201904296875, -128.3181610107422, 514.1639404296875], "obj_id": 2}, {"cam_R_m2c": [0.7008830904960632, -0.12987694144248962, -0.7013521194458008, 0.6818572282791138, 0.4106174409389496, 0.6053626537322998, 0.20936472713947296, -0.9025105237960815, 0.37635236978530884], "cam_t_m2c": [184.26959228515625, -74.10649108886719, 636.4031982421875], "obj_id": 3}, {"cam_R_m2c": [0.8472021818161011, 0.298495352268219, -0.43948718905448914, -0.4642693102359772, 0.818118691444397, -0.33931663632392883, 0.25826823711395264, 0.49151021242141724, 0.8316941857337952], "cam_t_m2c": [-20.780588150024414, -5.782280445098877, 480.4397277832031], "obj_id": 4}]
}