{
  "0": [{"cam_R_m2c": [0.905789315700531, -0.420938104391098, -0.04854699224233627, -0.2609468698501587, -0.46387624740600586, -0.8465964794158936, 0.333844929933548, 0.779506266117096, -0.5300166606903076], "cam_t_m2c": [-19.653486251831055, -97.62175750732422, 505.48089599609375], "obj_id": 3}, {"cam_R_m2c": [0.905789315700531, -0.420938104391098, -0.04854699224233627, -0.2609468698501587, -0.46387624740600586, -0.8465964794158936, 0.333844929933548, 0.779506266117096, -0.5300166606903076], "cam_t_m2c": [-19.653486251831055, -97.62175750732422, 505.48089599609375], "obj_id": 2}, {"cam_R_m2c": [0.905789315700531, -0.420938104391098, -0.04854699224233627, -0.2609468698501587, -0.46387624740600586, -0.8465964794158936, 0.333844929933548, 0.779506266117096, -0.5300166606903076], "cam_t_m2c": [-19.653486251831055, -97.62175750732422, 505.48089599609375], "obj_id": 1}, {"cam_R_m2c": [0.905789315700531, -0.420938104391098, -0.04854699224233627, -0.2609468698501587, -0.46387624740600586, -0.8465964794158936, 0.333844929933548, 0.779506266117096, -0.5300166606903076], "cam_t_m2c": [-19.653486251831055, -97.62175750732422, 505.48089599609375], "obj_id": 2}, {"cam_R_m2c": [0.905789315700531, -0.420938104391098, -0.04854699224233627, -0.2609468698501587, -0.46387624740600586, -0.8465964794158936, 0.333844929933548, 0.779506266117096, -0.5300166606903076], "cam_t_m2c": [-19.653486251831055, -97.62175750732422, 505.48089599609375], "obj_id": 2}, {"cam_R_m2c": [0.905789315700531, -0.420938104391098, -0.04854699224233627, -0.2609468698501587, -0.46387624740600586, -0.8465964794158936, 0.333844929933548, 0.779506266117096, -0.5300166606903076], "cam_t_m2c": [-19.653486251831055, -97.62175750732422, 505.48089599609375], "obj_id": 2}, {"cam_R_m2c": [0.905789315700531, -0.420938104391098, -0.04854699224233627, -0.2609468698501587, -0.46387624740600586, -0.8465964794158936, 0.333844929933548, 0.779506266117096, -0.5300166606903076], "cam_t_m2c": [-19.653486251831055, -97.62175750732422, 505.48089599609375], "obj_id": 2}, {"cam_R_m2c": [0.905789315700531, -0.420938104391098, -0.04854699224233627, -0.2609468698501587, -0.46387624740600586, -0.8465964794158936, 0.333844929933548, 0.779506266117096, -0.5300166606903076], "cam_t_m2c": [-19.653486251831055, -97.62175750732422, 505.48089599609375], "obj_id": 1}, {"cam_R_m2c": [0.905789315700531, -0.420938104391098, -0.04854699224233627, -0.2609468698501587, -0.46387624740600586, -0.8465964794158936, 0.333844929933548, 0.779506266117096, -0.5300166606903076], "cam_t_m2c": [-19.653486251831055, -97.62175750732422, 505.48089599609375], "obj_id": 0}, {"cam_R_m2c": [0.905789315700531, -0.420938104391098, -0.04854699224233627, -0.2609468698501587, -0.46387624740600586, -0.8465964794158936, 0.333844929933548, 0.779506266117096, -0.5300166606903076], "cam_t_m2c": [-19.653486251831055, -97.62175750732422, 505.48089599609375], "obj_id": 3}, {"cam_R_m2c": [0.905789315700531, -0.420938104391098, -0.04854699224233627, -0.2609468698501587, -0.46387624740600586, -0.8465964794158936, 0.333844929933548, 0.779506266117096, -0.5300166606903076], "cam_t_m2c": [-19.653486251831055, -97.62175750732422, 505.48089599609375], "obj_id": 2}, {"cam_R_m2c": [0.905789315700531, -0.420938104391098, -0.04854699224233627, -0.2609468698501587, -0.46387624740600586, -0.8465964794158936, 0.333844929933548, 0.779506266117096, -0.5300166606903076], "cam_t_m2c": [-19.653486251831055, -97.62175750732422, 505.48089599609375], "obj_id": 0}, {"cam_R_m2c": [0.905789315700531, -0.420938104391098, -0.04854699224233627, -0.2609468698501587, -0.46387624740600586, -0.8465964794158936, 0.333844929933548, 0.779506266117096, -0.5300166606903076], "cam_t_m2c": [-19.653486251831055, -97.62175750732422, 505.48089599609375], "obj_id": 1}, {"cam_R_m2c": [0.905789315700531, -0.420938104391098, -0.04854699224233627, -0.2609468698501587, -0.46387624740600586, -0.8465964794158936, 0.333844929933548, 0.779506266117096, -0.5300166606903076], "cam_t_m2c": [-19.653486251831055, -97.62175750732422, 505.48089599609375], "obj_id": 2}, {"cam_R_m2c": [0.905789315700531, -0.420938104391098, -0.04854699224233627, -0.2609468698501587, -0.46387624740600586, -0.8465964794158936, 0.333844929933548, 0.779506266117096, -0.5300166606903076], "cam_t_m2c": [-19.653486251831055, -97.62175750732422, 505.48089599609375], "obj_id": 1}, {"cam_R_m2c": [0.905789315700531, -0.420938104391098, -0.04854699224233627, -0.2609468698501587, -0.46387624740600586, -0.8465964794158936, 0.333844929933548, 0.779506266117096, -0.5300166606903076], "cam_t_m2c": [-19.653486251831055, -97.62175750732422, 505.48089599609375], "obj_id": 2}, {"cam_R_m2c": [0.905789315700531, -0.420938104391098, -0.04854699224233627, -0.2609468698501587, -0.46387624740600586, -0.8465964794158936, 0.333844929933548, 0.779506266117096, -0.5300166606903076], "cam_t_m2c": [-19.653486251831055, -97.62175750732422, 505.48089599609375], "obj_id": 0}, {"cam_R_m2c": [0.905789315700531, -0.420938104391098, -0.04854699224233627, -0.2609468698501587, -0.46387624740600586, -0.8465964794158936, 0.333844929933548, 0.779506266117096, -0.5300166606903076], "cam_t_m2c": [-19.653486251831055, -97.62175750732422, 505.48089599609375], "obj_id": 2}, {"cam_R_m2c": [0.905789315700531, -0.420938104391098, -0.04854699224233627, -0.2609468698501587, -0.46387624740600586, -0.8465964794158936, 0.333844929933548, 0.779506266117096, -0.5300166606903076], "cam_t_m2c": [-19.653486251831055, -97.62175750732422, 505.48089599609375], "obj_id": 3}, {"cam_R_m2c": [0.905789315700531, -0.420938104391098, -0.04854699224233627, -0.2609468698501587, -0.46387624740600586, -0.8465964794158936, 0.333844929933548, 0.779506266117096, -0.5300166606903076], "cam_t_m2c": [-19.653486251831055, -97.62175750732422, 505.48089599609375], "obj_id": 2}, {"cam_R_m2c": [0.905789315700531, -0.420938104391098, -0.04854699224233627, -0.2609468698501587, -0.46387624740600586, -0.8465964794158936, 0.333844929933548, 0.779506266117096, -0.5300166606903076], "cam_t_m2c": [-19.653486251831055, -97.62175750732422, 505.48089599609375], "obj_id": 2}, {"cam_R_m2c": [0.905789315700531, -0.420938104391098, -0.04854699224233627, -0.2609468698501587, -0.46387624740600586, -0.8465964794158936, 0.333844929933548, 0.779506266117096, -0.5300166606903076], "cam_t_m2c": [-19.653486251831055, -97.62175750732422, 505.48089599609375], "obj_id": 2}, {"cam_R_m2c": [0.905789315700531, -0.420938104391098, -0.04854699224233627, -0.2609468698501587, -0.46387624740600586, -0.8465964794158936, 0.333844929933548, 0.779506266117096, -0.5300166606903076], "cam_t_m2c": [-19.653486251831055, -97.62175750732422, 505.48089599609375], "obj_id": 3}, {"cam_R_m2c": [0.905789315700531, -0.420938104391098, -0.04854699224233627, -0.2609468698501587, -0.46387624740600586, -0.8465964794158936, 0.333844929933548, 0.779506266117096, -0.5300166606903076], "cam_t_m2c": [-19.653486251831055, -97.62175750732422, 505.48089599609375], "obj_id": 0}, {"cam_R_m2c": [-0.5475741028785706, 0.7869272828102112, -0.28444311022758484, 0.7869701385498047, 0.5998328328132629, 0.1444939374923706, 0.2843245565891266, -0.14472709596157074, -0.9477412700653076], "cam_t_m2c": [-501.0390930175781, 110.45773315429688, 122.87117004394531], "obj_id": 0}, {"cam_R_m2c": [-0.21586185693740845, -0.6445889472961426, -0.733422577381134, -0.7559323906898499, 0.5857586860656738, -0.29232341051101685, 0.6180371046066284, 0.49131637811660767, -0.6137086153030396], "cam_t_m2c": [-283.4201354980469, -49.95115280151367, 467.03350830078125], "obj_id": 0}, {"cam_R_m2c": [0.698849081993103, -0.7040178179740906, 0.12636798620224, 0.6862118244171143, 0.7097571492195129, 0.15924270451068878, -0.20180028676986694, -0.024571437388658524, 0.9791184067726135], "cam_t_m2c": [49.97661590576172, -58.71533966064453, 437.9166259765625], "obj_id": 1}, {"cam_R_m2c": [-0.516193687915802, -0.5963215827941895, -0.6147723197937012, -0.44231608510017395, -0.4290567934513092, 0.7875703573226929, -0.733417272567749, 0.6784623861312866, -0.042286425828933716], "cam_t_m2c": [-86.75794982910156, -5.961738586425781, 270.8819580078125], "obj_id": 3}, {"cam_R_m2c": [-0.8111018538475037, -0.5178477168083191, -0.2719332277774811, -0.5123230814933777, 0.8533128499984741, -0.09686193615198135, 0.2822038531303406, 0.06075277924537659, -0.9574289917945862], "cam_t_m2c": [-152.95680236816406, -43.125186920166016, 446.3168029785156], "obj_id": 0}, {"cam_R_m2c": [0.4436827600002289, 0.751669704914093, 0.48799410462379456, 0.4048697352409363, -0.6539092659950256, 0.6391267776489258, 0.7995161414146423, -0.08599547296762466, -0.5944565534591675], "cam_t_m2c": [-128.0685577392578, 27.632225036621094, 298.1559143066406], "obj_id": 3}, {"cam_R_m2c": [0.601660430431366, 0.7706403136253357, 0.2100435048341751, 0.5130243301391602, -0.5743895173072815, 0.637873649597168, 0.612217903137207, -0.2760259509086609, -0.7409446835517883], "cam_t_m2c": [-108.00418090820312, 5.72053337097168, 333.3953857421875], "obj_id": 3}, {"cam_R_m2c": [-0.3525914251804352, -0.726923942565918, -0.5892884135246277, 0.9024361371994019, -0.4307374954223633, -0.008616894483566284, -0.24756479263305664, -0.5348333716392517, 0.8078768253326416], "cam_t_m2c": [-264.3919677734375, -134.5540771484375, 604.8158569335938], "obj_id": 2}],
  "1": [{"cam_R_m2c": [0.8478698134422302, 0.530189037322998, 0.004046386107802391, 0.2817467749118805, -0.4440736174583435, -0.8505394458770752, -0.4491497874259949, 0.7222867608070374, -0.5258956551551819], "cam_t_m2c": [212.24964904785156, -10.867125511169434, 343.1821594238281], "obj_id": 3}, {"cam_R_m2c": [0.8478698134422302, 0.530189037322998, 0.004046386107802391, 0.2817467749118805, -0.4440736174583435, -0.8505394458770752, -0.4491497874259949, 0.7222867608070374, -0.5258956551551819], "cam_t_m2c": [212.24964904785156, -10.867125511169434, 343.1821594238281], "obj_id": 2}, {"cam_R_m2c": [0.8478698134422302, 0.530189037322998, 0.004046386107802391, 0.2817467749118805, -0.4440736174583435, -0.8505394458770752, -0.4491497874259949, 0.7222867608070374, -0.5258956551551819], "cam_t_m2c": [212.24964904785156, -10.867125511169434, 343.1821594238281], "obj_id": 1}, {"cam_R_m2c": [0.8478698134422302, 0.530189037322998, 0.004046386107802391, 0.2817467749118805, -0.4440736174583435, -0.8505394458770752, -0.4491497874259949, 0.7222867608070374, -0.5258956551551819], "cam_t_m2c": [212.24964904785156, -10.867125511169434, 343.1821594238281], "obj_id": 2}, {"cam_R_m2c": [0.8478698134422302, 0.530189037322998, 0.004046386107802391, 0.2817467749118805, -0.4440736174583435, -0.8505394458770752, -0.4491497874259949, 0.7222867608070374, -0.5258956551551819], "cam_t_m2c": [212.24964904785156, -10.867125511169434, 343.1821594238281], "obj_id": 2}, {"cam_R_m2c": [0.8478698134422302, 0.530189037322998, 0.004046386107802391, 0.2817467749118805, -0.4440736174583435, -0.8505394458770752, -0.4491497874259949, 0.7222867608070374, -0.5258956551551819], "cam_t_m2c": [212.24964904785156, -10.867125511169434, 343.1821594238281], "obj_id": 2}, {"cam_R_m2c": [0.8478698134422302, 0.530189037322998, 0.004046386107802391, 0.2817467749118805, -0.4440736174583435, -0.8505394458770752, -0.4491497874259949, 0.7222867608070374, -0.5258956551551819], "cam_t_m2c": [212.24964904785156, -10.867125511169434, 343.1821594238281], "obj_id": 2}, {"cam_R_m2c": [0.8478698134422302, 0.530189037322998, 0.004046386107802391, 0.2817467749118805, -0.4440736174583435, -0.8505394458770752, -0.4491497874259949, 0.7222867608070374, -0.5258956551551819], "cam_t_m2c": [212.24964904785156, -10.867125511169434, 343.1821594238281], "obj_id": 1}, {"cam_R_m2c": [0.8478698134422302, 0.530189037322998, 0.004046386107802391, 0.2817467749118805, -0.4440736174583435, -0.8505394458770752, -0.4491497874259949, 0.7222867608070374, -0.5258956551551819], "cam_t_m2c": [212.24964904785156, -10.867125511169434, 343.1821594238281], "obj_id": 0}, {"cam_R_m2c": [0.8478698134422302, 0.530189037322998, 0.004046386107802391, 0.2817467749118805, -0.4440736174583435, -0.8505394458770752, -0.4491497874259949, 0.7222867608070374, -0.5258956551551819], "cam_t_m2c": [212.24964904785156, -10.867125511169434, 343.1821594238281], "obj_id": 3}, {"cam_R_m2c": [0.8478698134422302, 0.530189037322998, 0.004046386107802391, 0.2817467749118805, -0.4440736174583435, -0.8505394458770752, -0.4491497874259949, 0.7222867608070374, -0.5258956551551819], "cam_t_m2c": [212.24964904785156, -10.867125511169434, 343.1821594238281], "obj_id": 2}, {"cam_R_m2c": [0.8478698134422302, 0.530189037322998, 0.004046386107802391, 0.2817467749118805, -0.4440736174583435, -0.8505394458770752, -0.4491497874259949, 0.7222867608070374, -0.5258956551551819], "cam_t_m2c": [212.24964904785156, -10.867125511169434, 343.1821594238281], "obj_id": 0}, {"cam_R_m2c": [0.8478698134422302, 0.530189037322998, 0.004046386107802391, 0.2817467749118805, -0.4440736174583435, -0.8505394458770752, -0.4491497874259949, 0.7222867608070374, -0.5258956551551819], "cam_t_m2c": [212.24964904785156, -10.867125511169434, 343.1821594238281], "obj_id": 1}, {"cam_R_m2c": [0.8478698134422302, 0.530189037322998, 0.004046386107802391, 0.2817467749118805, -0.4440736174583435, -0.8505394458770752, -0.4491497874259949, 0.7222867608070374, -0.5258956551551819], "cam_t_m2c": [212.24964904785156, -10.867125511169434, 343.1821594238281], "obj_id": 2}, {"cam_R_m2c": [0.8478698134422302, 0.530189037322998, 0.004046386107802391, 0.2817467749118805, -0.4440736174583435, -0.8505394458770752, -0.4491497874259949, 0.7222867608070374, -0.5258956551551819], "cam_t_m2c": [212.24964904785156, -10.867125511169434, 343.1821594238281], "obj_id": 1}, {"cam_R_m2c": [0.8478698134422302, 0.530189037322998, 0.004046386107802391, 0.2817467749118805, -0.4440736174583435, -0.8505394458770752, -0.4491497874259949, 0.7222867608070374, -0.5258956551551819], "cam_t_m2c": [212.24964904785156, -10.867125511169434, 343.1821594238281], "obj_id": 2}, {"cam_R_m2c": [0.8478698134422302, 0.530189037322998, 0.004046386107802391, 0.2817467749118805, -0.4440736174583435, -0.8505394458770752, -0.4491497874259949, 0.7222867608070374, -0.5258956551551819], "cam_t_m2c": [212.24964904785156, -10.867125511169434, 343.1821594238281], "obj_id": 0}, {"cam_R_m2c": [0.8478698134422302, 0.530189037322998, 0.004046386107802391, 0.2817467749118805, -0.4440736174583435, -0.8505394458770752, -0.4491497874259949, 0.7222867608070374, -0.5258956551551819], "cam_t_m2c": [212.24964904785156, -10.867125511169434, 343.1821594238281], "obj_id": 2}, {"cam_R_m2c": [0.8478698134422302, 0.530189037322998, 0.004046386107802391, 0.2817467749118805, -0.4440736174583435, -0.8505394458770752, -0.4491497874259949, 0.7222867608070374, -0.5258956551551819], "cam_t_m2c": [212.24964904785156, -10.867125511169434, 343.1821594238281], "obj_id": 3}, {"cam_R_m2c": [0.8478698134422302, 0.530189037322998, 0.004046386107802391, 0.2817467749118805, -0.4440736174583435, -0.8505394458770752, -0.4491497874259949, 0.7222867608070374, -0.5258956551551819], "cam_t_m2c": [212.24964904785156, -10.867125511169434, 343.1821594238281], "obj_id": 2}, {"cam_R_m2c": [0.8478698134422302, 0.530189037322998, 0.004046386107802391, 0.2817467749118805, -0.4440736174583435, -0.8505394458770752, -0.4491497874259949, 0.7222867608070374, -0.5258956551551819], "cam_t_m2c": [212.24964904785156, -10.867125511169434, 343.1821594238281], "obj_id": 2}, {"cam_R_m2c": [0.8478698134422302, 0.530189037322998, 0.004046386107802391, 0.2817467749118805, -0.4440736174583435, -0.8505394458770752, -0.4491497874259949, 0.7222867608070374, -0.5258956551551819], "cam_t_m2c": [212.24964904785156, -10.867125511169434, 343.1821594238281], "obj_id": 2}, {"cam_R_m2c": [0.8478698134422302, 0.530189037322998, 0.004046386107802391, 0.2817467749118805, -0.4440736174583435, -0.8505394458770752, -0.4491497874259949, 0.7222867608070374, -0.5258956551551819], "cam_t_m2c": [212.24964904785156, -10.867125511169434, 343.1821594238281], "obj_id": 3}, {"cam_R_m2c": [0.8478698134422302, 0.530189037322998, 0.004046386107802391, 0.2817467749118805, -0.4440736174583435, -0.8505394458770752, -0.4491497874259949, 0.7222867608070374, -0.5258956551551819], "cam_t_m2c": [212.24964904785156, -10.867125511169434, 343.1821594238281], "obj_id": 0}, {"cam_R_m2c": [-0.4712028503417969, 0.04581403359770775, -0.8808342218399048, 0.4627079665660858, 0.8630408048629761, -0.20263737440109253, 0.7509122490882874, -0.5030523538589478, -0.42786580324172974], "cam_t_m2c": [-413.45416259765625, -142.2091522216797, 455.71331787109375], "obj_id": 0}, {"cam_R_m2c": [0.6672322154045105, -0.2856523096561432, -0.6878982782363892, -0.6260085701942444, 0.28539779782295227, -0.7257145047187805, 0.4036267101764679, 0.9148502945899963, 0.011605801992118359], "cam_t_m2c": [19.472850799560547, -105.37638854980469, 508.193359375], "obj_id": 0}, {"cam_R_m2c": [-0.0824257954955101, -0.7345017790794373, 0.6735820174217224, 0.8827624320983887, 0.25987496972084045, 0.3914015591144562, -0.46253225207328796, 0.6268746852874756, 0.6269704699516296], "cam_t_m2c": [184.95852661132812, 42.537696838378906, 257.5660400390625], "obj_id": 1}, {"cam_R_m2c": [-0.5821031332015991, 0.3481406569480896, -0.7348155379295349, -0.7723618149757385, -0.5192503929138184, 0.36583614349365234, -0.2541908621788025, 0.7804979085922241, 0.5711479783058167], "cam_t_m2c": [-30.29140853881836, -11.77843952178955, 247.7139129638672], "obj_id": 3}, {"cam_R_m2c": [-0.0047276741825044155, -0.6414380669593811, -0.7671601176261902, -0.7728049159049988, 0.48921436071395874, -0.40427932143211365, 0.6346258521080017, 0.5909538269042969, -0.4980193078517914], "cam_t_m2c": [72.93168640136719, -40.60452651977539, 406.0011901855469], "obj_id": 0}, {"cam_R_m2c": [0.6061216592788696, 0.6574159860610962, -0.447683721780777, 0.7185177206993103, -0.2111959159374237, 0.6626677513122559, 0.34109941124916077, -0.7233259677886963, -0.6003754734992981], "cam_t_m2c": [-49.666297912597656, 2.310587167739868, 302.5327453613281], "obj_id": 3}, {"cam_R_m2c": [0.5112379193305969, 0.49840545654296875, -0.7001626491546631, 0.8498770594596863, -0.1719907820224762, 0.4981243908405304, 0.12784633040428162, -0.8497122526168823, -0.5115115642547607], "cam_t_m2c": [-3.963691234588623, 0.3317413032054901, 308.1788024902344], "obj_id": 3}, {"cam_R_m2c": [-0.7885881662368774, -0.5644637942314148, 0.24394434690475464, 0.5497188568115234, -0.824903130531311, -0.13169468939304352, 0.2755674123764038, 0.030247915536165237, 0.9608057141304016], "cam_t_m2c": [165.2996826171875, -140.9273681640625, 571.23583984375], "obj_id": 2}]
}