{
  "0": [{"cam_R_m2c": [-0.9784895777702332, -0.09343141317367554, 0.18392516672611237, 0.1504906713962555, -0.933099627494812, 0.32661518454551697, 0.14110440015792847, 0.34726861119270325, 0.9270890355110168], "cam_t_m2c": [61.9034309387207, 50.58749008178711, 908.9401245117188], "obj_id": 1}, {"cam_R_m2c": [0.14916671812534332, 0.533835768699646, -0.8323271870613098, 0.7471674084663391, -0.6122012734413147, -0.2587474286556244, -0.6476805210113525, -0.5832912921905518, -0.4901846945285797], "cam_t_m2c": [83.83258056640625, 15.345484733581543, 1207.5723876953125], "obj_id": 3}, {"cam_R_m2c": [-0.0012799969408661127, -0.307750403881073, 0.9514662027359009, 0.7347076535224915, 0.6451697945594788, 0.20966768264770508, -0.6783825755119324, 0.6993179321289062, 0.2252807915210724], "cam_t_m2c": [1.0527955293655396, 126.24473571777344, 1065.12646484375], "obj_id": 1}, {"cam_R_m2c": [0.5095502138137817, 0.4219509959220886, 0.7498772740364075, -0.5218039751052856, 0.8444947600364685, -0.12061988562345505, -0.6841630935668945, -0.32982707023620605, 0.6504881978034973], "cam_t_m2c": [-161.41807556152344, 219.44651794433594, 1080.894775390625], "obj_id": 3}],
  "1": [{"cam_R_m2c": [-0.03782235085964203, -0.6319472193717957, -0.7740879058837891, 0.6218236088752747, -0.6212765574455261, 0.4768129885196686, -0.7822433710098267, -0.46331197023391724, 0.4164579510688782], "cam_t_m2c": [62.8106803894043, -3.2868897914886475, 894.0880126953125], "obj_id": 1}, {"cam_R_m2c": [0.8509146571159363, 0.3222595155239105, 0.41484102606773376, 0.34700363874435425, -0.9377155900001526, 0.016674518585205078, 0.39437639713287354, 0.12976273894309998, -0.9097411632537842], "cam_t_m2c": [-231.26089477539062, 51.210731506347656, 931.9758911132812], "obj_id": 3}, {"cam_R_m2c": [0.8826924562454224, -0.43116295337677, -0.1869560331106186, 0.3966446816921234, 0.8968737721443176, -0.19567950069904327, 0.25204572081565857, 0.09856969118118286, 0.9626821875572205], "cam_t_m2c": [-56.57152557373047, 136.3804473876953, 892.0795288085938], "obj_id": 1}, {"cam_R_m2c": [0.4483852684497833, 0.5709505081176758, -0.687725305557251, -0.8832144141197205, 0.40129122138023376, -0.24268828332424164, 0.1374150961637497, 0.7162267565727234, 0.6842048168182373], "cam_t_m2c": [-33.041385650634766, 293.9761962890625, 792.1143798828125], "obj_id": 3}]
}