{
  "0": [{"cam_R_m2c": [0.017701001837849617, 0.6842079758644104, -0.729072093963623, -0.8295964002609253, 0.4170607030391693, 0.3712548613548279, 0.5580828785896301, 0.5982640385627747, 0.5749988555908203], "cam_t_m2c": [-353.487060546875, -42.28473663330078, 296.3643798828125], "obj_id": 3}, {"cam_R_m2c": [0.10889431089162827, 0.5590598583221436, -0.821945309638977, 0.4923189878463745, 0.6879991888999939, 0.5331783294677734, 0.8635762929916382, -0.4627193510532379, -0.20031659305095673], "cam_t_m2c": [-388.05621337890625, -161.97898864746094, 437.3231201171875], "obj_id": 1}, {"cam_R_m2c": [-0.9983821511268616, -0.053414247930049896, 0.019491927698254585, -0.04730023071169853, 0.5899612903594971, -0.80604487657547, 0.031554799526929855, -0.8056628108024597, -0.5915333032608032], "cam_t_m2c": [-114.76780700683594, -339.6686096191406, 543.8219604492188], "obj_id": 3}, {"cam_R_m2c": [-0.6002290844917297, 0.15943434834480286, -0.7837765216827393, 0.5235008597373962, 0.8191856145858765, -0.23426850140094757, 0.6047080159187317, -0.5509224534034729, -0.5751630663871765], "cam_t_m2c": [-260.9545593261719, -55.66135025024414, 315.1490173339844], "obj_id": 1}, {"cam_R_m2c": [0.31725484132766724, 0.9129324555397034, -0.2567172646522522, -0.5970917344093323, -0.018018236383795738, -0.8019705414772034, -0.736770510673523, 0.40771278738975525, 0.5393880605697632], "cam_t_m2c": [-140.6132354736328, -125.44348907470703, 420.7154235839844], "obj_id": 0}, {"cam_R_m2c": [-0.28312361240386963, -0.8147209882736206, -0.5060341954231262, -0.6649954915046692, -0.21343766152858734, 0.7156990766525269, -0.6911018490791321, 0.539141833782196, -0.4813564717769623], "cam_t_m2c": [-351.5814514160156, 11.079692840576172, 328.8901062011719], "obj_id": 0}, {"cam_R_m2c": [-0.1946984976530075, -0.5602675080299377, 0.80510413646698, -0.3078674077987671, 0.8142383694648743, 0.4921722412109375, -0.9312947988510132, -0.15204009413719177, -0.3310191035270691], "cam_t_m2c": [-327.1544494628906, -39.05757522583008, 362.6109619140625], "obj_id": 0}, {"cam_R_m2c": [-0.5056653618812561, -0.4160563349723816, -0.7557773590087891, -0.7158515453338623, 0.6912843585014343, 0.09839963167905807, 0.4815172255039215, 0.5907817482948303, -0.6473931074142456], "cam_t_m2c": [-286.0505065917969, -107.351318359375, 356.2843017578125], "obj_id": 3}, {"cam_R_m2c": [-0.14549057185649872, -0.4186660051345825, -0.8964102268218994, -0.7713264226913452, -0.5194157958030701, 0.36778080463409424, -0.6195869445800781, 0.744933545589447, -0.2473580539226532], "cam_t_m2c": [-146.78286743164062, -142.91720581054688, 432.4635925292969], "obj_id": 0}, {"cam_R_m2c": [-0.4628269076347351, -0.8842926025390625, -0.061789415776729584, 0.6535049080848694, -0.3874701261520386, 0.6502293944358826, -0.5989345908164978, 0.2605639696121216, 0.7572211027145386], "cam_t_m2c": [-75.7038345336914, -2.72055721282959, 353.26470947265625], "obj_id": 1}, {"cam_R_m2c": [0.12158633023500443, 0.30059847235679626, -0.9459689855575562, 0.5359526872634888, 0.7822831869125366, 0.3174709379673004, 0.8354468941688538, -0.5455947518348694, -0.06599161773920059], "cam_t_m2c": [-491.96051025390625, -107.60908508300781, 461.96441650390625], "obj_id": 2}, {"cam_R_m2c": [-0.48294034600257874, -0.6374456286430359, 0.6003596782684326, 0.6283586025238037, -0.7297857403755188, -0.2694035470485687, 0.6098639965057373, 0.24713534116744995, 0.7529873847961426], "cam_t_m2c": [-290.6660461425781, 4411.76123046875, 7311.15283203125], "obj_id": 1}, {"cam_R_m2c": [0.49517524242401123, 0.8683460354804993, -0.027867557480931282, -0.7209672927856445, 0.4286074638366699, 0.5445197820663452, 0.4847758412361145, -0.24954110383987427, 0.8382849097251892], "cam_t_m2c": [-155.9363250732422, -30.83121109008789, 297.18316650390625], "obj_id": 3}, {"cam_R_m2c": [1.0227420261799125e-06, 0.971521258354187, -0.2369524985551834, 0.5580829977989197, 0.19661910831928253, 0.8061540126800537, 0.829785168170929, -0.13223998248577118, -0.5421892404556274], "cam_t_m2c": [21.705297470092773, 6.110776424407959, 335.03570556640625], "obj_id": 2}, {"cam_R_m2c": [-0.42261597514152527, -0.8890225887298584, -0.17616622149944305, -0.4661653935909271, 0.3799228370189667, -0.7989671230316162, 0.777229368686676, -0.25553369522094727, -0.5749930143356323], "cam_t_m2c": [-294.845458984375, -82.57222747802734, 303.0319519042969], "obj_id": 1}, {"cam_R_m2c": [-0.24637117981910706, 0.9637549519538879, -0.10236016660928726, -0.9526116251945496, -0.22136327624320984, 0.2086368203163147, 0.17841598391532898, 0.14891159534454346, 0.972621738910675], "cam_t_m2c": [-5.853477954864502, -366.3306884765625, 587.0029907226562], "obj_id": 1}, {"cam_R_m2c": [0.07181054353713989, 0.2837499678134918, 0.9562056660652161, 0.3460468053817749, -0.9062212705612183, 0.2429293841123581, 0.9354650378227234, 0.3134469985961914, -0.16326703131198883], "cam_t_m2c": [-21.51094627380371, 47.45592498779297, 229.16993713378906], "obj_id": 0}, {"cam_R_m2c": [-0.8758730292320251, 0.3168630599975586, 0.3639286160469055, -0.02864946238696575, -0.7870084643363953, 0.6162764430046082, 0.4816901981830597, 0.5293536186218262, 0.6983976364135742], "cam_t_m2c": [-30.473594665527344, -76.1791000366211, 412.1982421875], "obj_id": 1}, {"cam_R_m2c": [0.7224742770195007, 0.09927865862846375, 0.6842328906059265, 0.27862748503685, -0.9475262761116028, -0.1567186564207077, 0.6327698230743408, 0.3038712739944458, -0.7122251391410828], "cam_t_m2c": [25.969974517822266, 4220.1357421875, 7005.3525390625], "obj_id": 2}, {"cam_R_m2c": [0.9915522336959839, 0.10300152748823166, 0.07883444428443909, 0.06529558449983597, -0.921533465385437, 0.3827691078186035, 0.11207440495491028, -0.3743880093097687, -0.920474112033844], "cam_t_m2c": [-232.68101501464844, 4559.46240234375, 7204.1123046875], "obj_id": 1}, {"cam_R_m2c": [-0.5786449313163757, -0.8129898309707642, 0.06494221836328506, 0.5384748578071594, -0.32102444767951965, 0.779094398021698, -0.6125478148460388, 0.4857887923717499, 0.6235338449478149], "cam_t_m2c": [-87.43731689453125, -219.87783813476562, 391.2183532714844], "obj_id": 3}, {"cam_R_m2c": [-0.014399677515029907, -0.09888892620801926, -0.9949941039085388, 0.8670727014541626, 0.494348406791687, -0.06168002635240555, 0.49797314405441284, -0.8636205792427063, 0.07862552255392075], "cam_t_m2c": [-292.60125732421875, -16.81316566467285, 254.64341735839844], "obj_id": 0}, {"cam_R_m2c": [0.05527227371931076, -0.7563413381576538, -0.6518381237983704, -0.6025020480155945, -0.5458494424819946, 0.5822713971138, -0.796201229095459, 0.36055025458335876, -0.48586761951446533], "cam_t_m2c": [-128.10443115234375, -93.95933532714844, 306.5295104980469], "obj_id": 1}, {"cam_R_m2c": [-0.17349176108837128, -0.4992420971393585, 0.8489157557487488, -0.2959344983100891, 0.8485779762268066, 0.4385637640953064, -0.9393207430839539, -0.1751362681388855, -0.2949642539024353], "cam_t_m2c": [-42.49003219604492, 138.17454528808594, 243.4099884033203], "obj_id": 0}, {"cam_R_m2c": [0.4152829945087433, 0.9057639837265015, 0.084448903799057, 0.8886502385139465, -0.3840741813182831, -0.25057485699653625, -0.1945270299911499, 0.1791050136089325, -0.9644068479537964], "cam_t_m2c": [11.055632591247559, -80.70858001708984, 290.8597717285156], "obj_id": 1}, {"cam_R_m2c": [-0.2060220092535019, -0.2926538288593292, 0.9337606430053711, -0.9728599786758423, -0.0414753183722496, -0.227647602558136, 0.10534986108541489, -0.9553186297416687, -0.27616646885871887], "cam_t_m2c": [-147.95474243164062, 4107.15380859375, 7090.65380859375], "obj_id": 0}],
  "1": [{"cam_R_m2c": [0.8098268508911133, -0.4015273451805115, 0.4277338981628418, 0.4694860577583313, 0.8807544708251953, -0.06208394467830658, -0.3518001437187195, 0.2510923445224762, 0.9017701148986816], "cam_t_m2c": [241.29428100585938, -216.81346130371094, 438.06109619140625], "obj_id": 3}, {"cam_R_m2c": [-0.0020937116350978613, -0.9998722672462463, 0.01584768481552601, 0.6996787190437317, -0.012787255458533764, -0.7143431901931763, 0.7144545912742615, 0.009592683054506779, 0.6996160745620728], "cam_t_m2c": [407.0409240722656, -127.91127014160156, 434.1148376464844], "obj_id": 1}, {"cam_R_m2c": [0.6179459691047668, -0.7396320700645447, 0.26662173867225647, -0.6292251348495483, -0.6685746908187866, -0.39633747935295105, 0.47140049934387207, 0.07715004682540894, -0.8785380721092224], "cam_t_m2c": [420.312255859375, 139.67015075683594, 220.04420471191406], "obj_id": 3}, {"cam_R_m2c": [0.26399970054626465, -0.9008294343948364, 0.3446888327598572, 0.03795776516199112, -0.3473869562149048, -0.9369531869888306, 0.9637755155563354, 0.2604389190673828, -0.05751650035381317], "cam_t_m2c": [206.04324340820312, -141.34024047851562, 391.6366882324219], "obj_id": 1}, {"cam_R_m2c": [-0.11243357509374619, -0.32355645298957825, 0.9395051598548889, -0.319791316986084, 0.9069792032241821, 0.2740843892097473, -0.9407933950424194, -0.2696292996406555, -0.20544545352458954], "cam_t_m2c": [232.9804229736328, 20.298019409179688, 331.2768249511719], "obj_id": 0}, {"cam_R_m2c": [0.2982378602027893, 0.8582138419151306, -0.4177596867084503, -0.6762868165969849, -0.11886405944824219, -0.7269852161407471, -0.6735653877258301, 0.49933984875679016, 0.544948935508728], "cam_t_m2c": [218.7760009765625, -193.4757080078125, 491.517578125], "obj_id": 0}, {"cam_R_m2c": [-0.10531645268201828, -0.30305957794189453, -0.9471341967582703, -0.8153291344642639, -0.5189734697341919, 0.2567192018032074, -0.569338858127594, 0.7992629408836365, -0.19243672490119934], "cam_t_m2c": [254.3491668701172, -149.7805938720703, 458.7637939453125], "obj_id": 0}, {"cam_R_m2c": [0.9968744516372681, 0.038059085607528687, 0.06923031061887741, 0.06324266642332077, 0.14073613286018372, -0.9880251884460449, -0.04734653979539871, 0.9893153309822083, 0.1378892958164215], "cam_t_m2c": [274.405517578125, -124.48674011230469, 385.60943603515625], "obj_id": 3}, {"cam_R_m2c": [0.32456669211387634, 0.9339762330055237, 0.1494816541671753, -0.5272984504699707, 0.30986642837524414, -0.7911630868911743, -0.7852469086647034, 0.1779637187719345, 0.5930566191673279], "cam_t_m2c": [253.77857971191406, 25.88860511779785, 327.0818786621094], "obj_id": 0}, {"cam_R_m2c": [-0.45397481322288513, 0.8889544606208801, -0.06055455282330513, -0.784385621547699, -0.3664846122264862, 0.5004280209541321, 0.42266541719436646, 0.27467983961105347, 0.8636578917503357], "cam_t_m2c": [81.45380401611328, 6.5370378494262695, 357.2397155761719], "obj_id": 1}, {"cam_R_m2c": [-0.05192337557673454, -0.954059362411499, 0.2950840890407562, 0.6848464608192444, -0.24907489120960236, -0.6847969889640808, 0.7268350720405579, 0.1665302962064743, 0.6663170456886292], "cam_t_m2c": [440.77880859375, -179.9895782470703, 536.628173828125], "obj_id": 2}, {"cam_R_m2c": [0.12788677215576172, 0.9744952917098999, 0.18440130352973938, 0.11406541615724564, -0.19914594292640686, 0.9733086824417114, 0.9852075576782227, -0.10343945026397705, -0.1366242915391922], "cam_t_m2c": [384.9124755859375, 4906.8671875, 6978.4736328125], "obj_id": 1}, {"cam_R_m2c": [0.4291234314441681, -0.9027779698371887, 0.029069649055600166, 0.7226733565330505, 0.3624638020992279, 0.5885263085365295, -0.5418452620506287, -0.23154255747795105, 0.8079553246498108], "cam_t_m2c": [120.82805633544922, -87.0829849243164, 349.65264892578125], "obj_id": 3}, {"cam_R_m2c": [2.344238282603328e-06, -0.7502667307853699, -0.661135196685791, 0.5997980237007141, 0.5290093421936035, -0.6003260612487793, 0.8001513481140137, -0.39654624462127686, 0.4500097930431366], "cam_t_m2c": [11.359491348266602, 56.32624435424805, 307.1732177734375], "obj_id": 2}, {"cam_R_m2c": [0.9147812724113464, 0.133249893784523, 0.38133934140205383, 0.32919368147850037, -0.7930224537849426, -0.5125881433486938, 0.23410840332508087, 0.5944405198097229, -0.7693070769309998], "cam_t_m2c": [238.20399475097656, -171.48976135253906, 382.90142822265625], "obj_id": 1}, {"cam_R_m2c": [0.8708860278129578, -0.3327119052410126, 0.3617461919784546, 0.015785226598381996, 0.7545819878578186, 0.6560158729553223, -0.49123144149780273, -0.5656048059463501, 0.662406861782074], "cam_t_m2c": [395.8932189941406, 244.86984252929688, 167.37034606933594], "obj_id": 1}, {"cam_R_m2c": [0.15156617760658264, 0.5977604985237122, -0.7872166037559509, 0.7361060976982117, 0.4632605016231537, 0.4934951364994049, 0.6596782803535461, -0.6542720794677734, -0.36980053782463074], "cam_t_m2c": [-40.497802734375, -53.6430549621582, 308.657470703125], "obj_id": 0}, {"cam_R_m2c": [0.7411662936210632, 0.5965041518211365, -0.30798590183258057, -0.21061971783638, 0.6422291994094849, 0.7370081543922424, 0.63742595911026, -0.4813776910305023, 0.60163414478302], "cam_t_m2c": [132.5316925048828, 83.92845916748047, 309.1074523925781], "obj_id": 1}, {"cam_R_m2c": [-0.31342974305152893, 0.7270480394363403, -0.6108706593513489, 0.9381134510040283, 0.3368661105632782, -0.08040130138397217, 0.1473260372877121, -0.5982661843299866, -0.7876374125480652], "cam_t_m2c": [194.16200256347656, 4892.96337890625, 6538.11669921875], "obj_id": 2}, {"cam_R_m2c": [-0.5605472922325134, 0.3968057632446289, -0.726864218711853, 0.7321167588233948, -0.17275620996952057, -0.6589082479476929, -0.3870289921760559, -0.9014989137649536, -0.19366998970508575], "cam_t_m2c": [202.23146057128906, 4857.61279296875, 7007.40771484375], "obj_id": 1}, {"cam_R_m2c": [-0.3156522214412689, 0.9060165286064148, -0.28195303678512573, -0.8654386401176453, -0.15305210649967194, 0.477064847946167, 0.3890751302242279, 0.39459967613220215, 0.8324131369590759], "cam_t_m2c": [253.3126220703125, 37.2423095703125, 222.12057495117188], "obj_id": 3}, {"cam_R_m2c": [-0.35388490557670593, -0.675071656703949, 0.6473357677459717, 0.3264470398426056, -0.7377487421035767, -0.590896725654602, 0.8764688372612, 0.0022113979794085026, 0.48145344853401184], "cam_t_m2c": [170.0248565673828, -209.4378204345703, 407.0321960449219], "obj_id": 0}, {"cam_R_m2c": [0.013965369202196598, 0.9692724347114563, -0.24559253454208374, -0.5362230539321899, -0.2000509798526764, -0.8200269341468811, -0.8439606428146362, 0.14314429461956024, 0.516952633857727], "cam_t_m2c": [152.13731384277344, -58.926143646240234, 294.20849609375], "obj_id": 1}, {"cam_R_m2c": [-0.1292453408241272, -0.37191930413246155, -0.9192233085632324, -0.8079981207847595, -0.4978782534599304, 0.31504926085472107, -0.5748343467712402, 0.7834494113922119, -0.23616153001785278], "cam_t_m2c": [-83.7086410522461, -60.784175872802734, 392.05169677734375], "obj_id": 0}, {"cam_R_m2c": [-0.9313929080963135, -0.17498467862606049, -0.3191983699798584, 0.08580943197011948, 0.7466268539428711, -0.6596855521202087, 0.35375696420669556, -0.6418166756629944, -0.6803876757621765], "cam_t_m2c": [56.31526184082031, 19.987701416015625, 228.046630859375], "obj_id": 1}, {"cam_R_m2c": [0.8281344771385193, -0.24153545498847961, -0.5058199763298035, -0.011858809739351273, -0.9097445011138916, 0.4149991273880005, -0.5604039430618286, -0.33767667412757874, -0.7562550902366638], "cam_t_m2c": [409.6126708984375, 4848.19482421875, 6581.333984375], "obj_id": 0}]
}