{
  "0": [{"cam_R_m2c": [0.17734834551811218, 0.9095502495765686, -0.37585362792015076, 0.5466171503067017, -0.40861910581588745, -0.7309173345565796, -0.8183870315551758, -0.07582103461027145, -0.5696436762809753], "cam_t_m2c": [183.6552734375, -67.54798889160156, 236.19039916992188], "obj_id": 0}, {"cam_R_m2c": [0.17734834551811218, 0.9095502495765686, -0.37585362792015076, 0.5466171503067017, -0.40861910581588745, -0.7309173345565796, -0.8183870315551758, -0.07582103461027145, -0.5696436762809753], "cam_t_m2c": [183.6552734375, -67.54798889160156, 236.19039916992188], "obj_id": 0}, {"cam_R_m2c": [0.17734834551811218, 0.9095502495765686, -0.37585362792015076, 0.5466171503067017, -0.40861910581588745, -0.7309173345565796, -0.8183870315551758, -0.07582103461027145, -0.5696436762809753], "cam_t_m2c": [183.6552734375, -67.54798889160156, 236.19039916992188], "obj_id": 2}, {"cam_R_m2c": [0.17734834551811218, 0.9095502495765686, -0.37585362792015076, 0.5466171503067017, -0.40861910581588745, -0.7309173345565796, -0.8183870315551758, -0.07582103461027145, -0.5696436762809753], "cam_t_m2c": [183.6552734375, -67.54798889160156, 236.19039916992188], "obj_id": 3}, {"cam_R_m2c": [0.17734834551811218, 0.9095502495765686, -0.37585362792015076, 0.5466171503067017, -0.40861910581588745, -0.7309173345565796, -0.8183870315551758, -0.07582103461027145, -0.5696436762809753], "cam_t_m2c": [183.6552734375, -67.54798889160156, 236.19039916992188], "obj_id": 0}, {"cam_R_m2c": [0.17734834551811218, 0.9095502495765686, -0.37585362792015076, 0.5466171503067017, -0.40861910581588745, -0.7309173345565796, -0.8183870315551758, -0.07582103461027145, -0.5696436762809753], "cam_t_m2c": [183.6552734375, -67.54798889160156, 236.19039916992188], "obj_id": 1}, {"cam_R_m2c": [0.17734834551811218, 0.9095502495765686, -0.37585362792015076, 0.5466171503067017, -0.40861910581588745, -0.7309173345565796, -0.8183870315551758, -0.07582103461027145, -0.5696436762809753], "cam_t_m2c": [183.6552734375, -67.54798889160156, 236.19039916992188], "obj_id": 2}, {"cam_R_m2c": [0.17734834551811218, 0.9095502495765686, -0.37585362792015076, 0.5466171503067017, -0.40861910581588745, -0.7309173345565796, -0.8183870315551758, -0.07582103461027145, -0.5696436762809753], "cam_t_m2c": [183.6552734375, -67.54798889160156, 236.19039916992188], "obj_id": 0}, {"cam_R_m2c": [0.17734834551811218, 0.9095502495765686, -0.37585362792015076, 0.5466171503067017, -0.40861910581588745, -0.7309173345565796, -0.8183870315551758, -0.07582103461027145, -0.5696436762809753], "cam_t_m2c": [183.6552734375, -67.54798889160156, 236.19039916992188], "obj_id": 2}, {"cam_R_m2c": [0.17734834551811218, 0.9095502495765686, -0.37585362792015076, 0.5466171503067017, -0.40861910581588745, -0.7309173345565796, -0.8183870315551758, -0.07582103461027145, -0.5696436762809753], "cam_t_m2c": [183.6552734375, -67.54798889160156, 236.19039916992188], "obj_id": 1}, {"cam_R_m2c": [0.17734834551811218, 0.9095502495765686, -0.37585362792015076, 0.5466171503067017, -0.40861910581588745, -0.7309173345565796, -0.8183870315551758, -0.07582103461027145, -0.5696436762809753], "cam_t_m2c": [183.6552734375, -67.54798889160156, 236.19039916992188], "obj_id": 1}, {"cam_R_m2c": [0.17734834551811218, 0.9095502495765686, -0.37585362792015076, 0.5466171503067017, -0.40861910581588745, -0.7309173345565796, -0.8183870315551758, -0.07582103461027145, -0.5696436762809753], "cam_t_m2c": [183.6552734375, -67.54798889160156, 236.19039916992188], "obj_id": 1}, {"cam_R_m2c": [0.17734834551811218, 0.9095502495765686, -0.37585362792015076, 0.5466171503067017, -0.40861910581588745, -0.7309173345565796, -0.8183870315551758, -0.07582103461027145, -0.5696436762809753], "cam_t_m2c": [183.6552734375, -67.54798889160156, 236.19039916992188], "obj_id": 0}, {"cam_R_m2c": [0.17734834551811218, 0.9095502495765686, -0.37585362792015076, 0.5466171503067017, -0.40861910581588745, -0.7309173345565796, -0.8183870315551758, -0.07582103461027145, -0.5696436762809753], "cam_t_m2c": [183.6552734375, -67.54798889160156, 236.19039916992188], "obj_id": 3}, {"cam_R_m2c": [0.17734834551811218, 0.9095502495765686, -0.37585362792015076, 0.5466171503067017, -0.40861910581588745, -0.7309173345565796, -0.8183870315551758, -0.07582103461027145, -0.5696436762809753], "cam_t_m2c": [183.6552734375, -67.54798889160156, 236.19039916992188], "obj_id": 1}, {"cam_R_m2c": [0.17734834551811218, 0.9095502495765686, -0.37585362792015076, 0.5466171503067017, -0.40861910581588745, -0.7309173345565796, -0.8183870315551758, -0.07582103461027145, -0.5696436762809753], "cam_t_m2c": [183.6552734375, -67.54798889160156, 236.19039916992188], "obj_id": 2}, {"cam_R_m2c": [0.17734834551811218, 0.9095502495765686, -0.37585362792015076, 0.5466171503067017, -0.40861910581588745, -0.7309173345565796, -0.8183870315551758, -0.07582103461027145, -0.5696436762809753], "cam_t_m2c": [183.6552734375, -67.54798889160156, 236.19039916992188], "obj_id": 3}, {"cam_R_m2c": [0.17734834551811218, 0.9095502495765686, -0.37585362792015076, 0.5466171503067017, -0.40861910581588745, -0.7309173345565796, -0.8183870315551758, -0.07582103461027145, -0.5696436762809753], "cam_t_m2c": [183.6552734375, -67.54798889160156, 236.19039916992188], "obj_id": 0}, {"cam_R_m2c": [0.17734834551811218, 0.9095502495765686, -0.37585362792015076, 0.5466171503067017, -0.40861910581588745, -0.7309173345565796, -0.8183870315551758, -0.07582103461027145, -0.5696436762809753], "cam_t_m2c": [183.6552734375, -67.54798889160156, 236.19039916992188], "obj_id": 1}, {"cam_R_m2c": [0.17734834551811218, 0.9095502495765686, -0.37585362792015076, 0.5466171503067017, -0.40861910581588745, -0.7309173345565796, -0.8183870315551758, -0.07582103461027145, -0.5696436762809753], "cam_t_m2c": [183.6552734375, -67.54798889160156, 236.19039916992188], "obj_id": 1}, {"cam_R_m2c": [0.17734834551811218, 0.9095502495765686, -0.37585362792015076, 0.5466171503067017, -0.40861910581588745, -0.7309173345565796, -0.8183870315551758, -0.07582103461027145, -0.5696436762809753], "cam_t_m2c": [183.6552734375, -67.54798889160156, 236.19039916992188], "obj_id": 0}, {"cam_R_m2c": [0.17734834551811218, 0.9095502495765686, -0.37585362792015076, 0.5466171503067017, -0.40861910581588745, -0.7309173345565796, -0.8183870315551758, -0.07582103461027145, -0.5696436762809753], "cam_t_m2c": [183.6552734375, -67.54798889160156, 236.19039916992188], "obj_id": 0}, {"cam_R_m2c": [0.17734834551811218, 0.9095502495765686, -0.37585362792015076, 0.5466171503067017, -0.40861910581588745, -0.7309173345565796, -0.8183870315551758, -0.07582103461027145, -0.5696436762809753], "cam_t_m2c": [183.6552734375, -67.54798889160156, 236.19039916992188], "obj_id": 3}, {"cam_R_m2c": [0.17734834551811218, 0.9095502495765686, -0.37585362792015076, 0.5466171503067017, -0.40861910581588745, -0.7309173345565796, -0.8183870315551758, -0.07582103461027145, -0.5696436762809753], "cam_t_m2c": [183.6552734375, -67.54798889160156, 236.19039916992188], "obj_id": 3}, {"cam_R_m2c": [-0.6591694951057434, -0.7518270015716553, 0.015859011560678482, -0.5896651148796082, 0.5298508405685425, 0.6095515489578247, -0.46668025851249695, 0.3924463391304016, -0.7925876379013062], "cam_t_m2c": [443.59320068359375, 91.68545532226562, -127.03645324707031], "obj_id": 0}, {"cam_R_m2c": [0.32120466232299805, -0.5311806797981262, -0.7840117812156677, 0.473910391330719, -0.6266019344329834, 0.6186910271644592, -0.8199002146720886, -0.570277750492096, 0.050464726984500885], "cam_t_m2c": [182.60008239746094, -67.87283325195312, 210.9240264892578], "obj_id": 3}, {"cam_R_m2c": [0.6210934519767761, -0.6987219452857971, -0.3550077974796295, -0.6548656225204468, -0.21381765604019165, -0.7248675227165222, 0.43057388067245483, 0.6826928853988647, -0.590369701385498], "cam_t_m2c": [314.4343566894531, -65.49098205566406, 121.87556457519531], "obj_id": 3}, {"cam_R_m2c": [-0.449195921421051, 0.5599339604377747, -0.6962016820907593, -0.8933430910110474, -0.2925572991371155, 0.34109845757484436, -0.01268631312996149, 0.7751671075820923, 0.6316288709640503], "cam_t_m2c": [-9.965758323669434, 13.019556999206543, 213.7325897216797], "obj_id": 3}, {"cam_R_m2c": [0.47196486592292786, -0.025701196864247322, 0.8812426924705505, 0.06392841786146164, -0.995945930480957, -0.06328446418046951, 0.8792964816093445, 0.08620449155569077, -0.468408465385437], "cam_t_m2c": [2887.607177734375, 5596.07568359375, 4685.21875], "obj_id": 2}]
}