{
  "0": [{"cam_R_m2c": [-0.9365049600601196, -0.23835204541683197, -0.25719019770622253, -0.34586071968078613, 0.5070095062255859, 0.789507269859314, -0.057782791554927826, 0.8283294439315796, -0.5572535395622253], "cam_t_m2c": [-148.77784729003906, 336.51092529296875, 544.7189331054688], "obj_id": 2}, {"cam_R_m2c": [0.6321966648101807, -0.5019830465316772, 0.5902036428451538, -0.46536189317703247, -0.8550463914871216, -0.22876609861850739, 0.6194882392883301, -0.13003313541412354, -0.7741612792015076], "cam_t_m2c": [-226.95501708984375, 499.4877624511719, 498.3171081542969], "obj_id": 2}, {"cam_R_m2c": [0.15750129520893097, 0.9739831686019897, 0.16294215619564056, -0.5182324647903442, 0.22197633981704712, -0.8259307742118835, -0.84061199426651, 0.04564327001571655, 0.5397112369537354], "cam_t_m2c": [5468.91552734375, -14836.525390625, 3369.593505859375], "obj_id": 3}, {"cam_R_m2c": [0.6702505946159363, -0.0020163669250905514, -0.7421321272850037, -0.2987867295742035, 0.914637565612793, -0.2723318636417389, 0.6793310642242432, 0.404269814491272, 0.612433910369873], "cam_t_m2c": [-413.34521484375, 257.9739685058594, 665.3587646484375], "obj_id": 0}],
  "1": [{"cam_R_m2c": [-0.7961921691894531, -0.14542202651500702, -0.5873077511787415, -0.459817498922348, 0.7763330936431885, 0.4311319887638092, 0.39325037598609924, 0.6133183240890503, -0.6849779486656189], "cam_t_m2c": [-281.20513916015625, 187.62429809570312, 628.1624145507812], "obj_id": 2}, {"cam_R_m2c": [0.8673647046089172, -0.276339054107666, 0.4139023721218109, -0.06442791223526001, -0.8870255947113037, -0.45720285177230835, 0.49348506331443787, 0.36989474296569824, -0.787178635597229], "cam_t_m2c": [-408.4371032714844, 302.8047790527344, 554.7050170898438], "obj_id": 2}, {"cam_R_m2c": [0.0699571818113327, 0.8604912161827087, 0.5046393871307373, -0.8025196194648743, 0.3490217626094818, -0.4838864505290985, -0.5925101637840271, -0.37113165855407715, 0.7149776220321655], "cam_t_m2c": [9641.001953125, -11392.2958984375, 6727.80810546875], "obj_id": 3}, {"cam_R_m2c": [0.8742862939834595, -0.1393410563468933, -0.46498116850852966, 0.11514856666326523, 0.9901057481765747, -0.0801958441734314, 0.47155511379241943, 0.016572212800383568, 0.8816808462142944], "cam_t_m2c": [-476.5068664550781, 133.9091339111328, 850.9428100585938], "obj_id": 0}]
}