{
  "0": [{"cam_R_m2c": [-0.6665970683097839, 0.2342570722103119, -0.7076523900032043, 0.5263723134994507, 0.8201227188110352, -0.2243456095457077, 0.5278072357177734, -0.5220367312431335, -0.6699978113174438], "cam_t_m2c": [-183.2876434326172, -101.55284881591797, 1199.665283203125], "obj_id": 0}, {"cam_R_m2c": [0.8145112991333008, -0.5787737369537354, -0.03990304097533226, -0.2323036789894104, -0.2623494863510132, -0.9365935921669006, 0.5316072702407837, 0.7721357345581055, -0.34813788533210754], "cam_t_m2c": [-14425.9736328125, -6070.55322265625, -9754.3115234375], "obj_id": 3}, {"cam_R_m2c": [0.3509335517883301, -0.921806275844574, -0.16467799246311188, 0.8172131180763245, 0.21563199162483215, 0.5344769358634949, -0.4571743309497833, -0.32214292883872986, 0.8289846777915955], "cam_t_m2c": [205.71885681152344, -307.21728515625, 1135.1298828125], "obj_id": 0}, {"cam_R_m2c": [0.7734792232513428, 0.4087393283843994, 0.48441922664642334, 0.2832799553871155, 0.46076610684394836, -0.8410986661911011, -0.5669940710067749, 0.7877986431121826, 0.24060535430908203], "cam_t_m2c": [178.23606872558594, -116.2308120727539, 1157.910888671875], "obj_id": 3}],
  "1": [{"cam_R_m2c": [0.6685631275177002, -0.5087113380432129, 0.5424352884292603, 0.5617191195487976, -0.13255052268505096, -0.8166404962539673, 0.4873344898223877, 0.8506720066070557, 0.1971345841884613], "cam_t_m2c": [247.3223876953125, 126.12928771972656, 948.8619384765625], "obj_id": 0}, {"cam_R_m2c": [-0.5937149524688721, 0.7950314879417419, 0.12420706450939178, 0.5396974086761475, 0.5079240202903748, -0.6713716387748718, -0.5968493223190308, -0.3315691649913788, -0.7306385040283203], "cam_t_m2c": [12081.9150390625, -14538.2587890625, 2786.63427734375], "obj_id": 3}, {"cam_R_m2c": [-0.6023162007331848, 0.7520366311073303, 0.2676859498023987, -0.054304178804159164, -0.37316301465034485, 0.9261749982833862, 0.7964081168174744, 0.5433139204978943, 0.26560109853744507], "cam_t_m2c": [-99.73713684082031, 58.016780853271484, 679.1205444335938], "obj_id": 0}, {"cam_R_m2c": [-0.9313470125198364, -0.2730274796485901, -0.24093259871006012, -0.2793493866920471, 0.9601544737815857, -0.008206840604543686, 0.23357319831848145, 0.059660959988832474, -0.970507025718689], "cam_t_m2c": [-103.5987319946289, 144.6956024169922, 852.9984130859375], "obj_id": 3}]
}