{
  "0": [{"cam_R_m2c": [-0.8403066992759705, 0.27206945419311523, 0.46889516711235046, 0.3962954580783844, -0.28190603852272034, 0.8737726807594299, 0.3699113130569458, 0.9200581908226013, 0.12906776368618011], "cam_t_m2c": [257.75445556640625, 149.720458984375, 1079.949951171875], "obj_id": 0}, {"cam_R_m2c": [0.15439386665821075, -0.08611328154802322, -0.9842494130134583, 0.9716427326202393, 0.19380627572536469, 0.13545988500118256, 0.1790887415409088, -0.9772530198097229, 0.11359391361474991], "cam_t_m2c": [-90.00386047363281, -12.381674766540527, 1164.2662353515625], "obj_id": 3}, {"cam_R_m2c": [-0.7361298203468323, 0.12594389915466309, 0.6650195121765137, -0.6159730553627014, 0.2825549244880676, -0.7353501915931702, -0.2805173993110657, -0.9509473443031311, -0.1304190456867218], "cam_t_m2c": [7.833651065826416, 21.300155639648438, 984.0906982421875], "obj_id": 3}, {"cam_R_m2c": [0.7177278995513916, 0.42984822392463684, -0.5478112101554871, -0.3726281225681305, -0.4274950623512268, -0.8236480355262756, -0.588230311870575, 0.7952850461006165, -0.14665158092975616], "cam_t_m2c": [120.9498519897461, 198.8534698486328, 986.427490234375], "obj_id": 3}],
  "1": [{"cam_R_m2c": [-0.7523525953292847, 0.5746268033981323, 0.3221324682235718, -0.11621913313865662, -0.5971068143844604, 0.7936978936195374, 0.6484276652336121, 0.5597028136253357, 0.516017735004425], "cam_t_m2c": [250.44894409179688, 142.64199829101562, 872.0926513671875], "obj_id": 0}, {"cam_R_m2c": [0.0237470380961895, -0.4008615016937256, -0.9158307313919067, 0.7523648738861084, 0.610414445400238, -0.24767157435417175, 0.658318281173706, -0.6831575036048889, 0.3160897195339203], "cam_t_m2c": [-22.674211502075195, -137.93544006347656, 904.5470581054688], "obj_id": 3}, {"cam_R_m2c": [-0.6635038256645203, -0.20979104936122894, 0.7181574702262878, -0.5913295149803162, 0.735105574131012, -0.33158591389656067, -0.4583577513694763, -0.6446762681007385, -0.6118009686470032], "cam_t_m2c": [10.663894653320312, 7.741553783416748, 760.43701171875], "obj_id": 3}, {"cam_R_m2c": [0.5692087411880493, 0.7124583721160889, -0.4103711247444153, 0.20480960607528687, -0.6062507033348083, -0.7684483528137207, -0.7962753176689148, 0.35335952043533325, -0.4910014569759369], "cam_t_m2c": [85.8467788696289, 186.4276580810547, 843.033935546875], "obj_id": 3}]
}