{
  "0": [{"cam_R_m2c": [-0.6672390103340149, 0.3234284818172455, -0.670958936214447, -0.4860837757587433, 0.49346572160720825, 0.7212586998939514, 0.5643708109855652, 0.80739426612854, -0.17204616963863373], "cam_t_m2c": [-1932.9947509765625, 677.3432006835938, 2078.86669921875], "obj_id": 1}, {"cam_R_m2c": [0.41046884655952454, 0.510051429271698, -0.7558854222297668, -0.36528998613357544, -0.6675443053245544, -0.648804783821106, -0.8355109095573425, 0.5424315333366394, -0.08768937736749649], "cam_t_m2c": [-1736.550537109375, 937.7586669921875, 1906.8846435546875], "obj_id": 1}, {"cam_R_m2c": [0.4383879601955414, 0.3638741970062256, 0.8218342065811157, -0.7844588756561279, -0.29138657450675964, 0.5474648475646973, 0.43867993354797363, -0.8846971988677979, 0.15770410001277924], "cam_t_m2c": [107.68389892578125, -34.380287170410156, 590.4220581054688], "obj_id": 1}],
  "1": [{"cam_R_m2c": [0.896528959274292, -0.42545077204704285, -0.12339957803487778, 0.40046051144599915, 0.897478461265564, -0.18483437597751617, 0.18938639760017395, 0.11629270762205124, 0.9749916791915894], "cam_t_m2c": [1016.0700073242188, 1138.9407958984375, 2713.8544921875], "obj_id": 1}, {"cam_R_m2c": [-0.15312878787517548, 0.25704649090766907, 0.9541900753974915, -0.8024289608001709, 0.5312162637710571, -0.27187690138816833, -0.576766312122345, -0.807301938533783, 0.12491704523563385], "cam_t_m2c": [664.862548828125, 1028.9427490234375, 2736.322265625], "obj_id": 1}, {"cam_R_m2c": [0.37068578600883484, -0.18603703379631042, -0.9099352955818176, 0.40531331300735474, -0.8491124510765076, 0.33871665596961975, -0.8356512784957886, -0.4943663477897644, -0.2393505573272705], "cam_t_m2c": [-66.97874450683594, -105.06355285644531, 672.751220703125], "obj_id": 1}]
}