{
  "0": [{"cam_R_m2c": [-0.25277817249298096, 0.9255946278572083, -0.2817402184009552, -0.8862982392311096, -0.10473166406154633, 0.4511169195175171, 0.3880442678928375, 0.36373844742774963, 0.84682697057724], "cam_t_m2c": [208.9398651123047, 124.28145599365234, 1068.4122314453125], "obj_id": 2}, {"cam_R_m2c": [0.23818360269069672, 0.4483385384082794, -0.8615456819534302, -0.4205799102783203, -0.7519725561141968, -0.5075917840003967, -0.8754318356513977, 0.48324882984161377, 0.009454833343625069], "cam_t_m2c": [-41.89345932006836, -136.40200805664062, 1185.92236328125], "obj_id": 3}, {"cam_R_m2c": [-0.6257871985435486, 0.5311411023139954, 0.5712087750434875, -0.3805057108402252, -0.8471552133560181, 0.3708684742450714, 0.6808859705924988, 0.014736548997461796, 0.732241153717041], "cam_t_m2c": [-21.65803337097168, 174.9807891845703, 971.5140380859375], "obj_id": 2}, {"cam_R_m2c": [-0.5902900695800781, -0.14400401711463928, 0.7942421436309814, 0.44679877161979675, 0.7611828446388245, 0.4700761139392853, -0.672256350517273, 0.6323476433753967, -0.38497790694236755], "cam_t_m2c": [5.319786548614502, 151.36187744140625, 1110.263671875], "obj_id": 1}],
  "1": [{"cam_R_m2c": [0.21349851787090302, 0.9764034748077393, -0.03247484192252159, -0.9602460861206055, 0.2036140412092209, -0.1909681111574173, -0.17984959483146667, 0.07195524871349335, 0.9810588955879211], "cam_t_m2c": [150.2415008544922, 183.79684448242188, 802.639404296875], "obj_id": 2}, {"cam_R_m2c": [-0.026028204709291458, 0.8136727213859558, -0.5807400345802307, 0.2057162970304489, -0.5641432404518127, -0.7996392250061035, -0.9782653450965881, -0.14028097689151764, -0.1527019441127777], "cam_t_m2c": [62.72730255126953, -185.65206909179688, 781.3812255859375], "obj_id": 3}, {"cam_R_m2c": [-0.14152032136917114, 0.72160804271698, 0.6776825785636902, -0.8998385071754456, -0.379117876291275, 0.21577811241149902, 0.4126288592815399, -0.5792679190635681, 0.7029836773872375], "cam_t_m2c": [-103.17581176757812, 154.3917999267578, 794.628662109375], "obj_id": 2}, {"cam_R_m2c": [-0.9197638034820557, -0.09713397920131683, 0.380262553691864, 0.35536786913871765, 0.20511463284492493, 0.9119439125061035, -0.16657815873622894, 0.9739060401916504, -0.1541387438774109], "cam_t_m2c": [-15.855271339416504, 86.07698059082031, 885.27294921875], "obj_id": 1}]
}