{
  "0": [{"cam_R_m2c": [-0.10512508451938629, -0.054365530610084534, -0.9929717779159546, -0.5085054636001587, 0.8610327243804932, 0.006693268660455942, 0.8546172976493835, 0.5056352019309998, -0.11816129833459854], "cam_t_m2c": [-302.5347595214844, -83.25881958007812, 710.5836791992188], "obj_id": 3}, {"cam_R_m2c": [-0.9527724981307983, 0.10051340609788895, -0.28656816482543945, 0.19123831391334534, -0.5344499945640564, -0.8232805728912354, -0.23590713739395142, -0.8392020463943481, 0.48998746275901794], "cam_t_m2c": [-187.21987915039062, -34.0283317565918, 438.9827575683594], "obj_id": 3}, {"cam_R_m2c": [-0.26191404461860657, 0.705627977848053, 0.6583995223045349, 0.1314038336277008, -0.6497875452041626, 0.7486713528633118, 0.9561034440994263, 0.2826038897037506, 0.07746649533510208], "cam_t_m2c": [-12.186666488647461, -65.85836791992188, 549.927001953125], "obj_id": 3}, {"cam_R_m2c": [-0.4855843484401703, 0.26013705134391785, -0.8345874547958374, 0.5758482217788696, -0.6231177449226379, -0.5292662382125854, -0.6577281951904297, -0.73759925365448, 0.15277701616287231], "cam_t_m2c": [-245.6562957763672, -23.362518310546875, 437.9709777832031], "obj_id": 3}, {"cam_R_m2c": [0.8794193863868713, -0.47308149933815, -0.05306096747517586, -0.3099152743816376, -0.6535557508468628, 0.6905196905136108, -0.3613503873348236, -0.5908119678497314, -0.7213647961616516], "cam_t_m2c": [-366.64501953125, 40.68269348144531, 487.53411865234375], "obj_id": 3}, {"cam_R_m2c": [0.913578987121582, -0.2837246358394623, 0.29133105278015137, -0.3707365095615387, -0.8754906058311462, 0.3099527657032013, 0.16711635887622833, -0.391173392534256, -0.9050168991088867], "cam_t_m2c": [-267.28369140625, 81.92637634277344, 739.4974365234375], "obj_id": 3}, {"cam_R_m2c": [0.1580381691455841, -0.8955756425857544, 0.4158942401409149, 0.4783642292022705, -0.2990223467350006, -0.8256834149360657, 0.8638237714767456, 0.32943838834762573, 0.3811545670032501], "cam_t_m2c": [-207.06089782714844, 20.295448303222656, 822.8717041015625], "obj_id": 3}, {"cam_R_m2c": [-0.019607823342084885, 0.6663693189620972, 0.7453638911247253, 0.8929123282432556, -0.32372474670410156, 0.31290534138679504, 0.44980329275131226, 0.6716800928115845, -0.5886618494987488], "cam_t_m2c": [-302.8868408203125, -74.98239135742188, 752.5140380859375], "obj_id": 3}, {"cam_R_m2c": [-0.3146325647830963, -0.9454537630081177, -0.08439904451370239, 0.787331759929657, -0.3096056878566742, 0.5331535935401917, -0.5302025675773621, 0.10129749774932861, 0.8417981266975403], "cam_t_m2c": [-211.2520294189453, -74.99888610839844, 380.5932312011719], "obj_id": 3}, {"cam_R_m2c": [-0.4416423439979553, 0.8719143271446228, 0.21146489679813385, 0.3930131494998932, 0.39989006519317627, -0.8280269503593445, -0.8065312504768372, -0.2825832664966583, -0.5192821621894836], "cam_t_m2c": [-164.259033203125, -6.858550071716309, 499.615234375], "obj_id": 3}, {"cam_R_m2c": [0.7891446352005005, 0.016844090074300766, -0.6139763593673706, 0.353887677192688, -0.8294918537139893, 0.43209564685821533, -0.50201016664505, -0.5582646727561951, -0.6605499386787415], "cam_t_m2c": [2.995237350463867, 82.19760131835938, 713.5386962890625], "obj_id": 3}, {"cam_R_m2c": [0.3752293586730957, -0.6750524640083313, 0.6352221369743347, 0.04737114533782005, -0.6704344153404236, -0.7404550909996033, 0.925720751285553, 0.30793169140815735, -0.21958869695663452], "cam_t_m2c": [-211.59365844726562, 58.530006408691406, 734.1909790039062], "obj_id": 3}, {"cam_R_m2c": [-0.9380382895469666, -0.05841071158647537, 0.34157294034957886, 0.1419067233800888, -0.9640023112297058, 0.22485937178134918, 0.3161429464817047, 0.2593982219696045, 0.912560224533081], "cam_t_m2c": [-272.1875, -41.07054901123047, 880.7525024414062], "obj_id": 3}, {"cam_R_m2c": [0.3231082558631897, 0.44038519263267517, 0.8376526236534119, 0.9373149871826172, -0.2710166275501251, -0.2190675139427185, 0.13054372370243073, 0.8559268712997437, -0.5003473162651062], "cam_t_m2c": [-326.6850280761719, -96.36334991455078, 870.1431274414062], "obj_id": 3}, {"cam_R_m2c": [-0.17229944467544556, 0.9800453186035156, 0.09911610931158066, -0.9211463332176208, -0.19595497846603394, 0.33629003167152405, 0.34900179505348206, -0.03335784003138542, 0.9365281462669373], "cam_t_m2c": [-89.99098205566406, 77.84931945800781, 733.5431518554688], "obj_id": 3}, {"cam_R_m2c": [-0.8016818761825562, 0.47311076521873474, -0.365338534116745, 0.3695496618747711, -0.08810974657535553, -0.9250240921974182, -0.4698288142681122, -0.876585841178894, -0.10420186817646027], "cam_t_m2c": [-193.00648498535156, 179.80120849609375, 664.9813842773438], "obj_id": 3}, {"cam_R_m2c": [-0.9991957545280457, -0.036492057144641876, 0.0166097953915596, 0.039962489157915115, -0.8728640675544739, 0.4863240718841553, -0.0032488731667399406, 0.4865967929363251, 0.8736206293106079], "cam_t_m2c": [-105.22161865234375, -166.85830688476562, 512.3330078125], "obj_id": 3}, {"cam_R_m2c": [0.2356649935245514, 0.5217342972755432, 0.819911777973175, 0.42624586820602417, 0.7027049660682678, -0.5696668028831482, -0.8733707666397095, 0.48373451828956604, -0.05678413063287735], "cam_t_m2c": [-194.6831817626953, -61.82160186767578, 804.0889892578125], "obj_id": 3}, {"cam_R_m2c": [-0.0034966564271599054, 0.9798945784568787, 0.19948500394821167, -0.8969195485115051, 0.08513613790273666, -0.43392062187194824, -0.4421798586845398, -0.180439293384552, 0.8785889744758606], "cam_t_m2c": [-64.05207824707031, -98.10326385498047, 412.67779541015625], "obj_id": 3}, {"cam_R_m2c": [0.6284196376800537, 0.5803071856498718, -0.5180079936981201, 0.6820157170295715, -0.7312920689582825, 0.008142582140862942, -0.3740899860858917, -0.35840657353401184, -0.8553369045257568], "cam_t_m2c": [-97.031494140625, -279.80157470703125, 623.4550170898438], "obj_id": 3}, {"cam_R_m2c": [0.499660462141037, 0.6190484762191772, 0.605902910232544, 0.86434006690979, -0.4023836553096771, -0.3016679286956787, 0.05705837905406952, 0.6744377017021179, -0.7361236214637756], "cam_t_m2c": [-348.1330871582031, -67.5820083618164, 393.2488098144531], "obj_id": 3}, {"cam_R_m2c": [0.8381859660148621, 0.37999582290649414, -0.3912128806114197, -0.07755576074123383, -0.6269782185554504, -0.7751667499542236, -0.5398420691490173, 0.6800746917724609, -0.49605345726013184], "cam_t_m2c": [-43.494144439697266, -144.96353149414062, 679.1995239257812], "obj_id": 3}, {"cam_R_m2c": [-0.4682706892490387, -0.3104267716407776, -0.8272591233253479, 0.14933592081069946, -0.9505891799926758, 0.27217432856559753, -0.8708738684654236, 0.003911775536835194, 0.49149101972579956], "cam_t_m2c": [-197.56797790527344, 12.7030029296875, 858.8282470703125], "obj_id": 3}, {"cam_R_m2c": [0.4877241253852844, 0.5311770439147949, 0.692803144454956, -0.2946118414402008, 0.8471823334693909, -0.4421379268169403, -0.8217841386795044, 0.011533346027135849, 0.5696823000907898], "cam_t_m2c": [-265.4810485839844, 57.26648712158203, 814.3607177734375], "obj_id": 3}, {"cam_R_m2c": [0.901872456073761, 0.4277345538139343, 0.060573894530534744, -0.3085593283176422, 0.735937774181366, -0.6026497483253479, -0.30235275626182556, 0.5248225927352905, 0.7957035303115845], "cam_t_m2c": [-219.47637939453125, -39.05690002441406, 827.8992309570312], "obj_id": 3}, {"cam_R_m2c": [0.7507081031799316, 0.5325512886047363, -0.3909302055835724, -0.3696011006832123, -0.15190818905830383, -0.9166890382766724, -0.5475694537162781, 0.8326541185379028, 0.08279284834861755], "cam_t_m2c": [-337.2368469238281, -176.9368896484375, 506.3638610839844], "obj_id": 3}, {"cam_R_m2c": [0.038511425256729126, 0.26551198959350586, -0.9633380770683289, 0.2724038362503052, -0.9303300380706787, -0.24552449584007263, -0.9614120125770569, -0.25296148657798767, -0.10815487056970596], "cam_t_m2c": [-110.94330596923828, -139.5666961669922, 716.8592529296875], "obj_id": 3}, {"cam_R_m2c": [0.8321624398231506, 0.47352084517478943, -0.28858911991119385, 0.3489467203617096, -0.8516157865524292, -0.39113539457321167, -0.4309777617454529, 0.2247859686613083, -0.8739162683486938], "cam_t_m2c": [28.634496688842773, -152.21469116210938, 508.056396484375], "obj_id": 3}, {"cam_R_m2c": [-0.866787314414978, 0.23969265818595886, -0.4372953176498413, -0.2228379249572754, -0.9706602096557617, -0.09034408628940582, -0.4461199641227722, 0.01913687214255333, 0.8947685360908508], "cam_t_m2c": [38.54338455200195, 87.73316192626953, 760.75], "obj_id": 1}, {"cam_R_m2c": [0.6806350946426392, 0.4366363286972046, 0.5882895588874817, -0.10787385702133179, -0.7345091104507446, 0.6699696183204651, 0.7246372103691101, -0.5194658637046814, -0.4528309404850006], "cam_t_m2c": [-319.2786865234375, -15.732831954956055, 527.7333984375], "obj_id": 1}, {"cam_R_m2c": [0.34582197666168213, -0.7758281826972961, -0.5277289152145386, 0.8485446572303772, 0.4986383020877838, -0.1770080029964447, 0.40047362446784973, -0.38658827543258667, 0.8307649493217468], "cam_t_m2c": [-264.2265930175781, -111.69876861572266, 775.5607299804688], "obj_id": 1}, {"cam_R_m2c": [0.07520344108343124, 0.7943073511123657, 0.6028435230255127, -0.7324258089065552, 0.45425286889076233, -0.5071555972099304, -0.6766808032989502, -0.4033982753753662, 0.6159325838088989], "cam_t_m2c": [-350.2525939941406, -104.39212799072266, 455.85150146484375], "obj_id": 1}, {"cam_R_m2c": [0.012079209089279175, 0.3339606523513794, -0.9425095915794373, -0.8460031747817993, 0.5058828592300415, 0.16840776801109314, 0.5330410003662109, 0.7953318953514099, 0.28864243626594543], "cam_t_m2c": [16.477785110473633, 57.183528900146484, 805.1240234375], "obj_id": 1}, {"cam_R_m2c": [0.5934807062149048, -0.2959376275539398, 0.7484661936759949, -0.8013227581977844, -0.1303175687789917, 0.5838657021522522, -0.07524954527616501, -0.9462760090827942, -0.31448253989219666], "cam_t_m2c": [36.87226867675781, -201.25770568847656, 713.165771484375], "obj_id": 1}, {"cam_R_m2c": [-0.9919263124465942, -0.0931420549750328, 0.08606095612049103, 0.12530100345611572, -0.8243851661682129, 0.5519859790802002, 0.019534273073077202, 0.5583130121231079, 0.829400360584259], "cam_t_m2c": [-37.76249313354492, -10.094346046447754, 873.9539184570312], "obj_id": 1}, {"cam_R_m2c": [-0.8007978200912476, -0.41693270206451416, 0.4299880266189575, 0.3827112317085266, 0.19603197276592255, 0.9028308391571045, -0.4607110917568207, 0.8875463008880615, 0.0025829700753092766], "cam_t_m2c": [-163.71142578125, 9.196249008178711, 490.4671630859375], "obj_id": 1}, {"cam_R_m2c": [-0.15106073021888733, -0.3723684847354889, 0.9157084822654724, 0.2122655063867569, 0.8925118446350098, 0.39795219898223877, -0.9654655456542969, 0.25448834896087646, -0.05578247830271721], "cam_t_m2c": [-80.66880798339844, -84.4613265991211, 521.9603881835938], "obj_id": 1}, {"cam_R_m2c": [0.8374994993209839, 0.015237643383443356, 0.5462256073951721, 0.30954626202583313, 0.8105254769325256, -0.49722182750701904, -0.450306236743927, 0.5855051279067993, 0.6740978956222534], "cam_t_m2c": [44.775665283203125, 50.75227737426758, 766.3031616210938], "obj_id": 1}, {"cam_R_m2c": [-0.09818945080041885, 0.4303334355354309, -0.8973135948181152, 0.9868836998939514, -0.07399263232946396, -0.14347627758979797, -0.12813735008239746, -0.8996321558952332, -0.41742366552352905], "cam_t_m2c": [-328.2574462890625, -111.82249450683594, 676.0079956054688], "obj_id": 1}, {"cam_R_m2c": [0.594623327255249, -0.8029490113258362, 0.041180867701768875, -0.1449819803237915, -0.15746456384658813, -0.9768238663673401, 0.7908244132995605, 0.5748717188835144, -0.2100452035665512], "cam_t_m2c": [-223.31166076660156, 124.51840209960938, 626.927978515625], "obj_id": 1}, {"cam_R_m2c": [0.0028044325299561024, 0.9900100827217102, -0.14096859097480774, -0.5776545405387878, 0.11667408794164658, 0.8079000115394592, 0.816276490688324, 0.07916545867919922, 0.5722110271453857], "cam_t_m2c": [42.86037063598633, -31.74869728088379, 879.7594604492188], "obj_id": 1}, {"cam_R_m2c": [-0.12453772127628326, 0.6315541863441467, 0.7652642130851746, 0.35079848766326904, -0.6934305429458618, 0.6293600797653198, 0.9281327724456787, 0.3468327224254608, -0.13518977165222168], "cam_t_m2c": [-22.813491821289062, -135.37728881835938, 448.3292236328125], "obj_id": 1}, {"cam_R_m2c": [0.9425642490386963, 0.18830692768096924, -0.27588602900505066, 0.2792645990848541, -0.8974036574363708, 0.341581255197525, -0.1832590401172638, -0.39900749921798706, -0.8984480500221252], "cam_t_m2c": [-287.96783447265625, 104.78368377685547, 756.1516723632812], "obj_id": 1}, {"cam_R_m2c": [0.2273387759923935, 0.8385732769966125, 0.4950876235961914, 0.8116360306739807, -0.4440947473049164, 0.37950822710990906, 0.5381113886833191, 0.31555411219596863, -0.7815762162208557], "cam_t_m2c": [-291.31854248046875, 66.63597869873047, 621.7489624023438], "obj_id": 1}, {"cam_R_m2c": [0.889293909072876, -0.45127177238464355, 0.07423005998134613, -0.03525406867265701, -0.22946947813034058, -0.9726771712303162, 0.4559752941131592, 0.8623789548873901, -0.21997496485710144], "cam_t_m2c": [-215.5293426513672, -77.89268493652344, 796.850341796875], "obj_id": 1}, {"cam_R_m2c": [-0.9724486470222473, -0.11837150901556015, 0.20082725584506989, 0.21652908623218536, -0.7778081297874451, 0.590025007724762, 0.08636294305324554, 0.6172540187835693, 0.7820095419883728], "cam_t_m2c": [-170.99032592773438, 100.44013977050781, 761.000244140625], "obj_id": 1}, {"cam_R_m2c": [0.7233150601387024, -0.29261940717697144, 0.6254512071609497, -0.31396347284317017, 0.6673632264137268, 0.6753171682357788, -0.6150140166282654, -0.6848359107971191, 0.3908420205116272], "cam_t_m2c": [-281.11376953125, 40.97947311401367, 694.6129760742188], "obj_id": 1}, {"cam_R_m2c": [-0.9698677659034729, -0.10104814916849136, 0.22168785333633423, -0.14941558241844177, -0.472018837928772, -0.8688342571258545, 0.19243496656417847, -0.8757781386375427, 0.4426978826522827], "cam_t_m2c": [-170.66973876953125, -67.97221374511719, 374.75518798828125], "obj_id": 1}, {"cam_R_m2c": [0.08099966496229172, -0.9903445839881897, -0.11250212788581848, -0.6695883870124817, -0.1376766711473465, 0.7298606634140015, -0.7383024096488953, 0.016211634501814842, -0.6742749810218811], "cam_t_m2c": [-12.28762149810791, -97.4998550415039, 588.948486328125], "obj_id": 1}, {"cam_R_m2c": [0.06236284598708153, -0.7743479013442993, -0.6296793222427368, 0.9653176665306091, 0.20705753564834595, -0.15902478992938995, 0.25352030992507935, -0.5979233980178833, 0.7604045271873474], "cam_t_m2c": [-176.18869018554688, -116.07568359375, 670.4473876953125], "obj_id": 1}, {"cam_R_m2c": [0.7676388621330261, -0.45482581853866577, 0.4515131115913391, 0.6259348392486572, 0.6833488345146179, -0.37581899762153625, -0.13760876655578613, 0.5711110234260559, 0.8092564344406128], "cam_t_m2c": [-55.3052978515625, 7.97447395324707, 469.53033447265625], "obj_id": 1}, {"cam_R_m2c": [0.6118835210800171, 0.24836741387844086, -0.7509408593177795, -0.2653529942035675, -0.8299347758293152, -0.4907096028327942, -0.7451082468032837, 0.49952152371406555, -0.44191834330558777], "cam_t_m2c": [-235.4700927734375, -62.65849685668945, 461.84124755859375], "obj_id": 1}, {"cam_R_m2c": [-0.13031044602394104, -0.9412380456924438, -0.3115924894809723, 0.6826966404914856, -0.31308266520500183, 0.6602304577827454, -0.7189883589744568, -0.126688152551651, 0.6833782196044922], "cam_t_m2c": [-39.64900207519531, 59.43433380126953, 456.6901550292969], "obj_id": 1}, {"cam_R_m2c": [0.7414537072181702, -0.12469536066055298, -0.6593158841133118, -0.6710032820701599, -0.13633035123348236, -0.7288129925727844, 0.000994769623503089, 0.9827842712402344, -0.18475361168384552], "cam_t_m2c": [-35.34455871582031, 2.9546618461608887, 497.7532653808594], "obj_id": 1}, {"cam_R_m2c": [0.6488217115402222, -0.7415905594825745, -0.17051038146018982, -0.5358967185020447, -0.6044006943702698, 0.5895034670829773, -0.5402268171310425, -0.2911066710948944, -0.7895642518997192], "cam_t_m2c": [-224.18202209472656, 33.38558578491211, 751.3880004882812], "obj_id": 1}, {"cam_R_m2c": [-0.9359147548675537, 0.02785406820476055, -0.3511233627796173, 0.2602764070034027, 0.7263453602790833, -0.6361435651779175, 0.23731763660907745, -0.6867653131484985, -0.6870471239089966], "cam_t_m2c": [-87.89888000488281, -163.46588134765625, 754.1114501953125], "obj_id": 1}, {"cam_R_m2c": [0.5367062091827393, 0.7538467645645142, 0.3790269196033478, -0.8422393798828125, 0.45160147547721863, 0.2944296598434448, 0.05078576132655144, -0.47725364565849304, 0.8772968649864197], "cam_t_m2c": [-189.02749633789062, -222.78024291992188, 705.5457763671875], "obj_id": 1}, {"cam_R_m2c": [0.5173932909965515, -0.22241191565990448, 0.8263395428657532, -0.20240885019302368, 0.9064276218414307, 0.37070146203041077, -0.8314654231071472, -0.35905689001083374, 0.42396146059036255], "cam_t_m2c": [-64.9586410522461, -60.09358596801758, 593.3858642578125], "obj_id": 1}, {"cam_R_m2c": [0.38434481620788574, 0.25341665744781494, 0.8877269625663757, -0.06342682242393494, -0.9520662426948547, 0.2992442846298218, 0.9210082292556763, -0.17131869494915009, -0.3498483896255493], "cam_t_m2c": [-162.2287139892578, -175.6643524169922, 517.9992065429688], "obj_id": 1}, {"cam_R_m2c": [-0.39773041009902954, 0.9055036902427673, -0.14789606630802155, 0.8209671974182129, 0.279256671667099, -0.49802452325820923, -0.4096621572971344, -0.31949740648269653, -0.854457676410675], "cam_t_m2c": [-305.79949951171875, 79.14220428466797, 662.2059326171875], "obj_id": 1}, {"cam_R_m2c": [-0.7104223370552063, -0.08193181455135345, 0.6989901065826416, 0.5758061408996582, 0.5034035444259644, 0.6442298889160156, -0.4046570062637329, 0.8601581454277039, -0.31045225262641907], "cam_t_m2c": [-209.6371612548828, 157.66830444335938, 607.3290405273438], "obj_id": 1}, {"cam_R_m2c": [0.532046377658844, 0.42303791642189026, 0.733461320400238, 0.8460655808448792, -0.23169246315956116, -0.480095237493515, -0.03316095843911171, 0.8759893178939819, -0.48118892312049866], "cam_t_m2c": [-219.8057098388672, -70.15982818603516, 778.6986694335938], "obj_id": 1}, {"cam_R_m2c": [0.33557283878326416, -0.9125650525093079, -0.233700692653656, -0.7270928025245667, -0.09317980706691742, -0.6801865696907043, 0.5989382266998291, 0.3981742560863495, -0.6947880983352661], "cam_t_m2c": [-261.30859375, -167.75100708007812, 552.4442749023438], "obj_id": 1}, {"cam_R_m2c": [0.3179188072681427, -0.9378042817115784, 0.13946551084518433, 0.6786323189735413, 0.12235712260007858, -0.7242146134376526, 0.6621070504188538, 0.324887216091156, 0.675324022769928], "cam_t_m2c": [3.730390787124634, -107.32862854003906, 499.95062255859375], "obj_id": 1}, {"cam_R_m2c": [0.8958131074905396, 0.24925914406776428, -0.3679521381855011, -0.43801775574684143, 0.35502609610557556, -0.8258914947509766, -0.07522843778133392, 0.9010140299797058, 0.4272169768810272], "cam_t_m2c": [-205.00413513183594, 64.76687622070312, 774.436279296875], "obj_id": 1}, {"cam_R_m2c": [-0.3647801876068115, 0.01999502442777157, 0.9308788180351257, -0.06495635956525803, 0.9967870116233826, -0.046864934265613556, -0.9288250207901001, -0.07756190747022629, -0.36230936646461487], "cam_t_m2c": [10.430838584899902, 45.36043167114258, 512.7132568359375], "obj_id": 1}, {"cam_R_m2c": [0.9482433199882507, -0.009342043660581112, -0.3174072802066803, -0.249292254447937, -0.6410501003265381, -0.7258843183517456, -0.19669273495674133, 0.7674421072006226, -0.6102003455162048], "cam_t_m2c": [-214.11863708496094, -34.29922866821289, 377.2394104003906], "obj_id": 1}, {"cam_R_m2c": [0.4614856243133545, 0.09305410832166672, -0.882253885269165, -0.37123727798461914, -0.8829683065414429, -0.28731468319892883, -0.805738091468811, 0.4601171314716339, -0.37293198704719543], "cam_t_m2c": [-25.465776443481445, -141.74081420898438, 514.3171997070312], "obj_id": 1}, {"cam_R_m2c": [-0.1145644411444664, 0.73814457654953, -0.6648439168930054, -0.7348757982254028, 0.3873576819896698, 0.5566970109939575, 0.6684553027153015, 0.5523554682731628, 0.4980672299861908], "cam_t_m2c": [-133.70492553710938, -62.42105484008789, 770.66845703125], "obj_id": 1}, {"cam_R_m2c": [0.8644620776176453, -0.3982681632041931, -0.30673733353614807, 0.2030324935913086, -0.2815872132778168, 0.9378092885017395, -0.4598729610443115, -0.8729782104492188, -0.16256006062030792], "cam_t_m2c": [-156.0091094970703, -60.38634490966797, 605.2022705078125], "obj_id": 1}, {"cam_R_m2c": [0.8490721583366394, 0.5229423642158508, -0.07488511502742767, 0.42386335134506226, -0.5897682309150696, 0.6873958706855774, 0.31530359387397766, -0.6153897643089294, -0.7224118709564209], "cam_t_m2c": [-260.9726257324219, -37.73603820800781, 508.7513427734375], "obj_id": 1}, {"cam_R_m2c": [0.5850417017936707, -0.7839813828468323, 0.20760390162467957, 0.4133561849594116, 0.5084904432296753, 0.7553635239601135, -0.6977555751800537, -0.3561047911643982, 0.6215516924858093], "cam_t_m2c": [-149.37144470214844, -9.195387840270996, 776.4440307617188], "obj_id": 1}, {"cam_R_m2c": [-0.09671749174594879, -0.22538256645202637, 0.9694578051567078, -0.978387713432312, -0.15732787549495697, -0.13418442010879517, 0.18276554346084595, -0.9614835977554321, -0.20529519021511078], "cam_t_m2c": [-21.05774688720703, -29.26445960998535, 798.6131591796875], "obj_id": 1}, {"cam_R_m2c": [-0.25213342905044556, 0.9269600510597229, -0.27780118584632874, -0.017774101346731186, -0.2914635241031647, -0.956416666507721, -0.9675291180610657, -0.2362070530653, 0.08996373414993286], "cam_t_m2c": [-202.64443969726562, -70.55984497070312, 471.14178466796875], "obj_id": 1}, {"cam_R_m2c": [0.11189145594835281, -0.5392082333564758, 0.8347064852714539, -0.21861520409584045, -0.8327591419219971, -0.5086451172828674, 0.96937495470047, -0.12556643784046173, -0.2110578566789627], "cam_t_m2c": [-23.010515213012695, 11.640027046203613, 520.9111938476562], "obj_id": 1}, {"cam_R_m2c": [0.18415410816669464, 0.982167661190033, -0.037866685539484024, -0.1412474662065506, -0.01168140396475792, -0.9899053573608398, -0.9726954102516174, 0.18764367699623108, 0.1365775614976883], "cam_t_m2c": [-126.29269409179688, -44.20915222167969, 797.487060546875], "obj_id": 1}, {"cam_R_m2c": [0.8969816565513611, -0.13674111664295197, -0.4203876554965973, 0.2758004069328308, 0.9162881374359131, 0.29043102264404297, 0.34548234939575195, -0.3764543831348419, 0.859606921672821], "cam_t_m2c": [-318.9004211425781, -194.28173828125, 621.0187377929688], "obj_id": 1}, {"cam_R_m2c": [-0.8816789984703064, -0.13499663770198822, 0.45212608575820923, -0.19835758209228516, -0.763377845287323, -0.614742636680603, 0.42813122272491455, -0.6316882967948914, 0.6462766528129578], "cam_t_m2c": [-204.02740478515625, -57.205020904541016, 404.86090087890625], "obj_id": 1}, {"cam_R_m2c": [-0.8365223407745361, -0.5301218628883362, 0.13856805860996246, 0.5281906127929688, -0.8474426865577698, -0.05343692749738693, 0.1457565873861313, 0.028489161282777786, 0.9889101982116699], "cam_t_m2c": [-218.16583251953125, 3.360649824142456, 408.7821350097656], "obj_id": 1}, {"cam_R_m2c": [-0.16181696951389313, 0.13448528945446014, 0.9776138067245483, -0.6136431097984314, 0.7621257305145264, -0.2064134031534195, -0.7728241682052612, -0.6333072185516357, -0.04079887643456459], "cam_t_m2c": [-334.17034912109375, -169.6639404296875, 480.707763671875], "obj_id": 1}, {"cam_R_m2c": [-0.5719268918037415, -0.5435236692428589, -0.6143950819969177, -0.7184845805168152, -0.029497910290956497, 0.6949169635772705, -0.3958272933959961, 0.8388752341270447, -0.37364262342453003], "cam_t_m2c": [-265.4420166015625, -36.48307800292969, 515.1051635742188], "obj_id": 1}, {"cam_R_m2c": [0.8947991132736206, -0.42755070328712463, 0.12858812510967255, 0.3697460889816284, 0.8710632920265198, 0.3233211636543274, -0.2502445876598358, -0.24176253378391266, 0.9375118613243103], "cam_t_m2c": [-229.9617156982422, 44.22224426269531, 596.0247192382812], "obj_id": 1}, {"cam_R_m2c": [0.7566567063331604, -0.6177517771720886, -0.21413388848304749, -0.17128516733646393, -0.5033718347549438, 0.8469226360321045, -0.6309770345687866, -0.604151725769043, -0.4866913855075836], "cam_t_m2c": [-279.52655029296875, 46.958126068115234, 819.8230590820312], "obj_id": 3}, {"cam_R_m2c": [-0.40915265679359436, 0.912183940410614, 0.0226780716329813, 0.9002077579498291, 0.3994714617729187, 0.17334485054016113, 0.14906316995620728, 0.09133951365947723, -0.9845998287200928], "cam_t_m2c": [-53.84892654418945, 131.40829467773438, 670.9744873046875], "obj_id": 1}, {"cam_R_m2c": [-0.46742451190948486, -0.7126606106758118, -0.5230956673622131, -0.16232691705226898, 0.6508450508117676, -0.7416540384292603, 0.8690018653869629, -0.2617548108100891, -0.4199049174785614], "cam_t_m2c": [-264.8935241699219, -253.10987854003906, 593.9646606445312], "obj_id": 1}, {"cam_R_m2c": [-0.004546132404357195, 0.3940283954143524, 0.9190870523452759, 0.9756516218185425, 0.20328833162784576, -0.08232727646827698, -0.2192789614200592, 0.8963344693183899, -0.385358601808548], "cam_t_m2c": [-34.94614028930664, -131.8564453125, 784.6416015625], "obj_id": 1}, {"cam_R_m2c": [0.33251625299453735, 0.39981499314308167, -0.8541550636291504, -0.6636056900024414, 0.7427307963371277, 0.08932248502969742, 0.6701197028160095, 0.5371209979057312, 0.5122895240783691], "cam_t_m2c": [-290.1759033203125, -235.74072265625, 567.8510131835938], "obj_id": 1}, {"cam_R_m2c": [0.9783906936645508, 0.14396609365940094, 0.1484096199274063, -0.05758121982216835, -0.49966102838516235, 0.8643050193786621, 0.1985851377248764, -0.8541736006736755, -0.48057395219802856], "cam_t_m2c": [-195.83346557617188, 93.11412048339844, 783.098388671875], "obj_id": 3}, {"cam_R_m2c": [-0.06616836041212082, 0.7886751890182495, 0.611238956451416, -0.5381731390953064, -0.544049859046936, 0.6437230110168457, 0.8402329087257385, -0.2863582968711853, 0.46044278144836426], "cam_t_m2c": [-162.3258514404297, -190.43931579589844, 698.2216186523438], "obj_id": 1}, {"cam_R_m2c": [-0.8159008622169495, -0.31258583068847656, -0.48641103506088257, -0.21999819576740265, 0.9458207488059998, -0.23879683017730713, 0.5347021818161011, -0.08782500773668289, -0.8404642939567566], "cam_t_m2c": [54.19537353515625, -161.14479064941406, 717.97314453125], "obj_id": 1}, {"cam_R_m2c": [-0.6016098856925964, -0.0007873628055676818, 0.7987896800041199, 0.7119242548942566, -0.4540342390537262, 0.5357394814491272, 0.3622560203075409, 0.8909839391708374, 0.2737119793891907], "cam_t_m2c": [-293.8668518066406, 149.5568084716797, 723.1377563476562], "obj_id": 1}, {"cam_R_m2c": [-0.0365191288292408, -0.9364657998085022, -0.3488524854183197, 0.5160483121871948, 0.28126803040504456, -0.809062659740448, 0.8557806015014648, -0.20957103371620178, 0.4729900062084198], "cam_t_m2c": [-18.92110252380371, 43.35682678222656, 453.09173583984375], "obj_id": 3}, {"cam_R_m2c": [-0.8433455228805542, 0.48126697540283203, -0.2390613853931427, -0.2940557301044464, -0.040950946509838104, 0.9549105763435364, 0.44977712631225586, 0.8756169676780701, 0.1760551780462265], "cam_t_m2c": [-77.03174591064453, -149.83335876464844, 518.77734375], "obj_id": 1}, {"cam_R_m2c": [0.5111706256866455, -0.2141471952199936, -0.8323734402656555, 0.7895181775093079, 0.4997195899486542, 0.3562883138656616, 0.3396551311016083, -0.8392980694770813, 0.42451509833335876], "cam_t_m2c": [-307.5870056152344, 220.144287109375, 631.4313354492188], "obj_id": 1}, {"cam_R_m2c": [0.8703475594520569, 0.4902164041996002, -0.04672200232744217, 0.4881828725337982, -0.8464890122413635, 0.21244680881500244, 0.06459525227546692, -0.20771144330501556, -0.9760549068450928], "cam_t_m2c": [-150.88430786132812, 116.23126983642578, 660.6735229492188], "obj_id": 3}, {"cam_R_m2c": [-0.23731398582458496, -0.8461484313011169, -0.47719478607177734, -0.927122950553894, 0.3439464271068573, -0.14880821108818054, 0.29004329442977905, 0.407103955745697, -0.8661069273948669], "cam_t_m2c": [-212.02183532714844, -269.60540771484375, 618.4525756835938], "obj_id": 1}, {"cam_R_m2c": [0.31227800250053406, 0.4340112805366516, -0.8450542092323303, -0.6032944917678833, 0.7777422666549683, 0.17650146782398224, 0.7338379621505737, 0.45469900965690613, 0.5047084093093872], "cam_t_m2c": [-101.3399429321289, -206.40016174316406, 620.8020629882812], "obj_id": 3}, {"cam_R_m2c": [0.4754050076007843, -0.6552934050559998, 0.5870099663734436, 0.47335976362228394, -0.3718926012516022, -0.7985152006149292, 0.7415663599967957, 0.6574850082397461, 0.1333899050951004], "cam_t_m2c": [-233.1836395263672, 0.662276029586792, 830.8159790039062], "obj_id": 3}, {"cam_R_m2c": [-0.6772012114524841, -0.2600814998149872, -0.6882994771003723, -0.43743810057640076, 0.894489586353302, 0.09239208698272705, 0.5916472673416138, 0.3636564612388611, -0.7195189595222473], "cam_t_m2c": [-187.2429962158203, -12.341836929321289, 675.1948852539062], "obj_id": 3}, {"cam_R_m2c": [-0.5368430614471436, -0.021573103964328766, -0.8434062004089355, 0.8424698710441589, -0.06727669388055801, -0.5345262885093689, -0.045210208743810654, -0.9975010752677917, 0.0542917475104332], "cam_t_m2c": [-284.38616943359375, 39.377166748046875, 820.3023681640625], "obj_id": 3}, {"cam_R_m2c": [0.28050631284713745, 0.8626158237457275, -0.42096343636512756, 0.7549328804016113, 0.07258065789937973, 0.6517733335494995, 0.5927837491035461, -0.5006256699562073, -0.6308577060699463], "cam_t_m2c": [-274.1571960449219, -36.857601165771484, 544.3424072265625], "obj_id": 1}, {"cam_R_m2c": [-0.9217037558555603, 0.21404878795146942, 0.3234895169734955, -0.10327717661857605, -0.9392786622047424, 0.3272455036640167, 0.37389326095581055, 0.26821431517601013, 0.8878428339958191], "cam_t_m2c": [-190.52503967285156, 196.38601684570312, 642.6412963867188], "obj_id": 3}, {"cam_R_m2c": [0.4297108054161072, 0.8303332328796387, -0.3548172414302826, 0.6612272262573242, -0.02176189422607422, 0.7498698830604553, 0.6149203777313232, -0.5568419694900513, -0.5583902597427368], "cam_t_m2c": [-30.395034790039062, -30.297252655029297, 659.5072021484375], "obj_id": 3}, {"cam_R_m2c": [-0.37206387519836426, -0.8960539102554321, -0.24218925833702087, 0.10686948150396347, 0.21783265471458435, -0.9701173901557922, 0.9220342636108398, -0.38682836294174194, 0.014713245443999767], "cam_t_m2c": [-219.36758422851562, 117.26258850097656, 559.207275390625], "obj_id": 3}, {"cam_R_m2c": [-0.8190045356750488, 0.5069190263748169, 0.2688206136226654, 0.49673110246658325, 0.3918805420398712, 0.7743951082229614, 0.28721004724502563, 0.7677647471427917, -0.5727543830871582], "cam_t_m2c": [-304.2132873535156, -164.76663208007812, 583.4609375], "obj_id": 1}, {"cam_R_m2c": [-0.17215117812156677, 0.884300708770752, -0.4340231418609619, -0.014838132075965405, 0.43822330236434937, 0.8987436294555664, 0.9849587082862854, 0.1611599177122116, -0.06231926381587982], "cam_t_m2c": [-351.9472961425781, -19.020902633666992, 429.7466125488281], "obj_id": 3}, {"cam_R_m2c": [0.9717302918434143, -0.2175881415605545, 0.09162789583206177, 0.2356414496898651, 0.9178600311279297, -0.3193839490413666, -0.014607423916459084, 0.33194637298583984, 0.9431851506233215], "cam_t_m2c": [-209.3400115966797, -33.2630500793457, 757.3941650390625], "obj_id": 3}, {"cam_R_m2c": [0.3684629797935486, 0.9241395592689514, -0.10100017488002777, 0.9291846752166748, -0.369510293006897, 0.008821703493595123, -0.029168125241994858, -0.09709829092025757, -0.9948471784591675], "cam_t_m2c": [-49.172096252441406, -54.796607971191406, 601.2947998046875], "obj_id": 1}, {"cam_R_m2c": [0.7697877287864685, 0.354175865650177, -0.5310238003730774, -0.13081657886505127, 0.9018147587776184, 0.41184601187705994, 0.6247510313987732, -0.247567281126976, 0.7405380606651306], "cam_t_m2c": [-303.5444641113281, 45.577110290527344, 535.54443359375], "obj_id": 1}, {"cam_R_m2c": [0.7345291972160339, 0.6339650750160217, 0.24198170006275177, 0.5075456500053406, -0.27658239006996155, -0.8160267472267151, -0.450404554605484, 0.7222122550010681, -0.5249240398406982], "cam_t_m2c": [-350.4061279296875, -100.64234161376953, 492.16094970703125], "obj_id": 1}, {"cam_R_m2c": [-0.4704606533050537, -0.3240528106689453, -0.8207656741142273, 0.41422733664512634, 0.7401793599128723, -0.5296698808670044, 0.7791548371315002, -0.5891724824905396, -0.21399369835853577], "cam_t_m2c": [-0.5099387764930725, 15.079151153564453, 820.5269775390625], "obj_id": 1}, {"cam_R_m2c": [-0.19257675111293793, -0.9306923151016235, -0.3110077381134033, 0.4449349641799927, 0.199670672416687, -0.8730202913284302, 0.8746124505996704, -0.30650171637535095, 0.3756457269191742], "cam_t_m2c": [-357.4917297363281, -69.24830627441406, 396.1603698730469], "obj_id": 1}, {"cam_R_m2c": [0.05446738004684448, 0.593925952911377, -0.8026738166809082, 0.0303947851061821, -0.804480791091919, -0.5932004451751709, -0.9980528354644775, 0.00791296735405922, -0.061870183795690536], "cam_t_m2c": [-175.5741729736328, -1.2413241863250732, 790.7003784179688], "obj_id": 3}, {"cam_R_m2c": [-0.8015172481536865, 0.5170221328735352, -0.3004296123981476, 0.377246230840683, 0.827021062374115, 0.41679903864860535, 0.46395596861839294, 0.22073571383953094, -0.8579162955284119], "cam_t_m2c": [-267.9534606933594, -90.44972229003906, 713.9116821289062], "obj_id": 3}, {"cam_R_m2c": [-0.5708298683166504, -0.8210399746894836, 0.006833450403064489, 0.2951052188873291, -0.21292485296726227, -0.9314375519752502, 0.766202449798584, -0.5296757817268372, 0.36383700370788574], "cam_t_m2c": [-97.29118347167969, -125.10596466064453, 616.949951171875], "obj_id": 3}, {"cam_R_m2c": [-0.10775239020586014, -0.07221494615077972, 0.9915515184402466, 0.769064724445343, 0.6259838342666626, 0.12916521728038788, -0.6300228238105774, 0.7764852046966553, -0.011913271620869637], "cam_t_m2c": [-45.81564712524414, -183.7490692138672, 732.5696411132812], "obj_id": 1}, {"cam_R_m2c": [0.06806766241788864, -0.6823622584342957, 0.7278382778167725, -0.9023817777633667, -0.35326501727104187, -0.24680158495903015, 0.4255278706550598, -0.6399887800216675, -0.6397972702980042], "cam_t_m2c": [-232.0284423828125, 10.352067947387695, 626.9929809570312], "obj_id": 3}, {"cam_R_m2c": [0.8396010994911194, -0.3045487403869629, -0.4497999846935272, 0.19512389600276947, -0.6036949753761292, 0.772967517375946, -0.5069483518600464, -0.7367510795593262, -0.44743818044662476], "cam_t_m2c": [-26.65181541442871, -114.27819061279297, 579.2421264648438], "obj_id": 1}, {"cam_R_m2c": [-0.25999271869659424, 0.7087501287460327, -0.6558024287223816, -0.7325577735900879, 0.29769814014434814, 0.6121558547019958, 0.6290967464447021, 0.6395693421363831, 0.44180119037628174], "cam_t_m2c": [-83.09687805175781, -192.7869415283203, 534.1026000976562], "obj_id": 1}, {"cam_R_m2c": [-0.5672187805175781, -0.0692819207906723, -0.8206477165222168, -0.8127198219299316, 0.20828191936016083, 0.5441553592681885, 0.1332259178161621, 0.9756118655204773, -0.1744481474161148], "cam_t_m2c": [-137.2335205078125, 63.81813430786133, 603.3675537109375], "obj_id": 3}, {"cam_R_m2c": [-0.4766795337200165, -0.5344823598861694, 0.6979292035102844, -0.8788431882858276, 0.27143189311027527, -0.39237648248672485, 0.02027805894613266, -0.8004082441329956, -0.5991122126579285], "cam_t_m2c": [-347.20172119140625, 9.596098899841309, 825.4257202148438], "obj_id": 3}, {"cam_R_m2c": [0.8182504773139954, 0.5460480451583862, 0.17971554398536682, 0.29527968168258667, -0.1309998482465744, -0.9463872313499451, -0.4932301938533783, 0.8274481892585754, -0.2684275805950165], "cam_t_m2c": [-351.8650817871094, 196.48153686523438, 659.6386108398438], "obj_id": 3}, {"cam_R_m2c": [-0.8577161431312561, 0.04596540331840515, 0.5120642185211182, 0.32868143916130066, -0.7168490290641785, 0.6148948669433594, 0.39533671736717224, 0.6957113742828369, 0.5997453331947327], "cam_t_m2c": [-49.51408004760742, -126.44878387451172, 471.11090087890625], "obj_id": 1}, {"cam_R_m2c": [0.7377941012382507, 0.47333207726478577, 0.481265664100647, 0.09040816128253937, 0.6372458338737488, -0.7653392553329468, -0.6689441204071045, 0.6081730723381042, 0.4273630976676941], "cam_t_m2c": [-165.7200469970703, 180.54808044433594, 607.60302734375], "obj_id": 1}, {"cam_R_m2c": [-0.24123427271842957, -0.6139017939567566, 0.751618504524231, -0.9502497315406799, 0.30668503046035767, -0.05449370667338371, -0.19705630838871002, -0.727371096611023, -0.6573429107666016], "cam_t_m2c": [-163.89230346679688, 200.0735626220703, 590.858154296875], "obj_id": 3}, {"cam_R_m2c": [0.8716786503791809, 0.48892682790756226, 0.03356873244047165, 0.4462341070175171, -0.8201498985290527, 0.35809051990509033, 0.20261147618293762, -0.2971603274345398, -0.9330829977989197], "cam_t_m2c": [-253.8430938720703, -23.918344497680664, 703.0437622070312], "obj_id": 3}, {"cam_R_m2c": [0.5896563529968262, 0.15087980031967163, -0.7934359908103943, 0.4602460563182831, 0.7445062398910522, 0.48361554741859436, 0.6636858582496643, -0.6503427624702454, 0.36956101655960083], "cam_t_m2c": [7.991414546966553, -13.098450660705566, 884.2262573242188], "obj_id": 3}, {"cam_R_m2c": [-0.9380859732627869, -0.30849727988243103, -0.1575566679239273, 0.3312547504901886, -0.665871798992157, -0.6684945821762085, 0.10131621360778809, -0.6792967915534973, 0.7268362045288086], "cam_t_m2c": [-192.8649444580078, 17.070234298706055, 851.7090454101562], "obj_id": 3}, {"cam_R_m2c": [-0.4366360604763031, -0.6474676728248596, 0.6246075630187988, 0.42967531085014343, 0.45989516377449036, 0.777094304561615, -0.7903974652290344, 0.6076858043670654, 0.07739405333995819], "cam_t_m2c": [-8.314752578735352, -36.602088928222656, 485.77789306640625], "obj_id": 3}, {"cam_R_m2c": [0.8473889231681824, 0.17199596762657166, 0.5023438930511475, -0.4912866950035095, 0.6128609776496887, 0.6189013123512268, -0.2014184147119522, -0.7712449431419373, 0.6038309335708618], "cam_t_m2c": [-89.21746826171875, -17.203371047973633, 694.614013671875], "obj_id": 3}, {"cam_R_m2c": [0.3344734311103821, -0.9025359153747559, 0.27121299505233765, -0.6476404666900635, -0.4291960597038269, -0.629565417766571, 0.6846089363098145, 0.034924399107694626, -0.7280734181404114], "cam_t_m2c": [-93.36229705810547, -160.403564453125, 475.2100524902344], "obj_id": 3}, {"cam_R_m2c": [-0.9108741283416748, 0.3728497624397278, -0.17689351737499237, -0.1344224363565445, 0.13720719516277313, 0.9813790321350098, 0.39017802476882935, 0.9176912307739258, -0.07485909014940262], "cam_t_m2c": [-41.59772491455078, 139.15451049804688, 682.851806640625], "obj_id": 1}, {"cam_R_m2c": [0.8882932066917419, -0.37686753273010254, 0.2624996304512024, -0.45901796221733093, -0.7476796507835388, 0.47987234592437744, 0.015417319722473621, -0.5467593669891357, -0.8371477127075195], "cam_t_m2c": [-96.8652572631836, -35.243526458740234, 388.216552734375], "obj_id": 3}, {"cam_R_m2c": [0.7977461218833923, -0.537557065486908, 0.2731914520263672, 0.5051549077033997, 0.8431814908981323, 0.18402031064033508, -0.3292714059352875, -0.008797467686235905, 0.9441943168640137], "cam_t_m2c": [-80.89824676513672, -73.79391479492188, 650.2765502929688], "obj_id": 1}, {"cam_R_m2c": [0.5240072011947632, -0.8102332949638367, -0.262561172246933, -0.456303209066391, -0.5273627042770386, 0.7167118787765503, -0.7191688418388367, -0.25575464963912964, -0.6460539102554321], "cam_t_m2c": [-182.3714599609375, -2.013862133026123, 841.6611328125], "obj_id": 3}, {"cam_R_m2c": [-0.8410601615905762, 0.40841132402420044, -0.35470816493034363, -0.21160878241062164, -0.8518737554550171, -0.47909578680992126, -0.4978347420692444, -0.32788902521133423, 0.8029006123542786], "cam_t_m2c": [-197.009521484375, -223.52320861816406, 643.724609375], "obj_id": 3}, {"cam_R_m2c": [0.544915497303009, 0.14649665355682373, -0.8255942463874817, 0.10552148520946503, 0.9648098349571228, 0.24084678292274475, 0.8318247199058533, -0.2183590829372406, 0.5102813243865967], "cam_t_m2c": [-190.2176513671875, -213.5903778076172, 600.13623046875], "obj_id": 1}, {"cam_R_m2c": [0.0565115362405777, 0.1904219686985016, 0.9800744652748108, -0.591042160987854, -0.7847713828086853, 0.1865556240081787, 0.8046586513519287, -0.5898078680038452,