{
  "0": [{"cam_R_m2c": [0.2066044956445694, -0.12032344937324524, -0.97099769115448, -0.9024465680122375, 0.3599959909915924, -0.23662805557250977, 0.378027081489563, 0.925162136554718, -0.03420862928032875], "cam_t_m2c": [-149.1623077392578, -227.14208984375, 891.0640869140625], "obj_id": 3}, {"cam_R_m2c": [-0.9996918439865112, 0.016975123435258865, 0.018109537661075592, -0.016471369192004204, 0.09212137758731842, -0.9956114888191223, -0.01856890320777893, -0.9956030249595642, -0.09181331843137741], "cam_t_m2c": [-112.91419219970703, -1.1511486768722534, 698.4434204101562], "obj_id": 3}, {"cam_R_m2c": [-0.05648250877857208, 0.8745766282081604, 0.4815864861011505, -0.5170609951019287, -0.4382548928260803, 0.7352418899536133, 0.8540829420089722, -0.2074812799692154, 0.4769631326198578], "cam_t_m2c": [85.6072006225586, -33.53562927246094, 757.5899658203125], "obj_id": 3}, {"cam_R_m2c": [-0.7362989783287048, 0.21095086634159088, -0.6429331302642822, 0.6603361368179321, 0.016588225960731506, -0.7507867217063904, -0.14771412312984467, -0.9773557186126709, -0.15151213109493256], "cam_t_m2c": [-170.8992156982422, -10.530732154846191, 707.3593139648438], "obj_id": 3}, {"cam_R_m2c": [0.8179692625999451, -0.44449248909950256, -0.3651748299598694, 0.2378702610731125, -0.31664323806762695, 0.9182344675064087, -0.5237785577774048, -0.8379518389701843, -0.1532728672027588], "cam_t_m2c": [-288.0745849609375, -26.74607276916504, 792.2330932617188], "obj_id": 3}, {"cam_R_m2c": [0.9852645993232727, -0.17103278636932373, 0.0012099110754206777, -0.0948055312037468, -0.5402288436889648, 0.8361606597900391, -0.1423572599887848, -0.8239542245864868, -0.5484832525253296], "cam_t_m2c": [-144.5891876220703, -105.69014739990234, 1011.865966796875], "obj_id": 3}, {"cam_R_m2c": [0.24613110721111298, -0.7096363306045532, 0.6601786017417908, -0.06875525414943695, -0.6922001242637634, -0.718423068523407, 0.9667947888374329, 0.1314355432987213, -0.2191632241010666], "cam_t_m2c": [-54.96072769165039, -181.0872802734375, 1037.5302734375], "obj_id": 3}, {"cam_R_m2c": [-0.10706503689289093, 0.8568315505981445, 0.5043577551841736, 0.4265766441822052, -0.41862568259239197, 0.8017386794090271, 0.8980920910835266, 0.3009854257106781, -0.32068419456481934], "cam_t_m2c": [-141.61431884765625, -244.43373107910156, 929.4143676757812], "obj_id": 3}, {"cam_R_m2c": [-0.5901796221733093, -0.8072713613510132, -0.0008054411737248302, 0.8040691614151001, -0.587749183177948, -0.08957342058420181, 0.07183666527271271, -0.053512051701545715, 0.995979905128479], "cam_t_m2c": [-140.36300659179688, -7.272235870361328, 628.625], "obj_id": 3}, {"cam_R_m2c": [-0.6895526647567749, 0.6762773990631104, 0.25916337966918945, 0.6172006130218506, 0.7359548807144165, -0.27826932072639465, -0.3789198100566864, -0.031925592571496964, -0.9248784184455872], "cam_t_m2c": [-83.00048828125, -7.211254119873047, 761.7674560546875], "obj_id": 3}, {"cam_R_m2c": [0.5570575594902039, 0.06580030918121338, -0.8278629779815674, 0.798133134841919, -0.3178977370262146, 0.5117855072021484, -0.2295001745223999, -0.9458389282226562, -0.22960472106933594], "cam_t_m2c": [105.86561584472656, -7.054246425628662, 976.2384643554688], "obj_id": 3}, {"cam_R_m2c": [0.5592424869537354, -0.4254038631916046, 0.7115331292152405, -0.36680278182029724, -0.8966870307922363, -0.2478063851594925, 0.7434403300285339, -0.12240848690271378, -0.6575047373771667], "cam_t_m2c": [-87.92591094970703, -103.38374328613281, 990.390625], "obj_id": 3}, {"cam_R_m2c": [-0.8478681445121765, 0.21176572144031525, 0.4860810339450836, -0.35959476232528687, -0.9033756256103516, -0.23367494344711304, 0.38962945342063904, -0.3729177415370941, 0.8420933485031128], "cam_t_m2c": [-90.22362518310547, -280.86309814453125, 1050.11669921875], "obj_id": 3}, {"cam_R_m2c": [0.13504017889499664, 0.673494815826416, 0.7267522811889648, 0.7461659908294678, -0.5517085790634155, 0.3726310729980469, 0.6519205570220947, 0.4919576942920685, -0.577041745185852], "cam_t_m2c": [-132.48883056640625, -334.24444580078125, 1011.3347778320312], "obj_id": 3}, {"cam_R_m2c": [0.11511504650115967, 0.9645329713821411, 0.23753874003887177, -0.9561192989349365, 0.17244166135787964, -0.23685382306575775, -0.26941490173339844, -0.199849933385849, 0.9420592188835144], "cam_t_m2c": [23.165813446044922, -50.469058990478516, 994.7293090820312], "obj_id": 3}, {"cam_R_m2c": [-0.9485831260681152, 0.2659178376197815, -0.17169027030467987, 0.2985127568244934, 0.5711761713027954, -0.764622688293457, -0.1052614375948906, -0.7765600085258484, -0.6211878657341003], "cam_t_m2c": [-112.33155059814453, 34.27889633178711, 1007.5974731445312], "obj_id": 3}, {"cam_R_m2c": [-0.9575797319412231, 0.2653176784515381, 0.11246130615472794, -0.27752792835235596, -0.954163670539856, -0.11202629655599594, 0.0775839313864708, -0.13848526775836945, 0.9873208999633789], "cam_t_m2c": [10.385038375854492, -118.7981948852539, 671.900390625], "obj_id": 3}, {"cam_R_m2c": [-0.06934541463851929, 0.45541146397590637, 0.8875762224197388, 0.8903576135635376, 0.42954814434051514, -0.1508365273475647, -0.4499494135379791, 0.7798004746437073, -0.43526625633239746], "cam_t_m2c": [-29.874614715576172, -229.71205139160156, 972.2959594726562], "obj_id": 3}, {"cam_R_m2c": [0.08775787055492401, 0.870013415813446, 0.48515477776527405, -0.44109874963760376, 0.4706222712993622, -0.7641639113426208, -0.8931575417518616, -0.14693981409072876, 0.4250626862049103], "cam_t_m2c": [11.697285652160645, 2.665579319000244, 631.9171752929688], "obj_id": 3}, {"cam_R_m2c": [0.3634108603000641, 0.6254552602767944, -0.6904623508453369, 0.9282366633415222, -0.1799010932445526, 0.32559511065483093, 0.0794302225112915, -0.7592372894287109, -0.6459485292434692], "cam_t_m2c": [68.0698471069336, -265.2856750488281, 691.5442504882812], "obj_id": 3}, {"cam_R_m2c": [0.30135318636894226, 0.8294841647148132, 0.47025758028030396, 0.7861956357955933, -0.4952089488506317, 0.3696814477443695, 0.5395207405090332, 0.25830981135368347, -0.8013696670532227], "cam_t_m2c": [-268.94219970703125, -51.152626037597656, 650.8402709960938], "obj_id": 3}, {"cam_R_m2c": [0.6877086162567139, 0.6522471904754639, -0.3187953531742096, 0.5035429000854492, -0.7448697686195374, -0.437736839056015, -0.5229736566543579, 0.1405082494020462, -0.8406877517700195], "cam_t_m2c": [102.7086410522461, -176.5020294189453, 814.3145751953125], "obj_id": 3}, {"cam_R_m2c": [-0.6772217154502869, -0.08916253596544266, -0.7303564548492432, 0.4580822288990021, -0.8278809189796448, -0.3236875534057617, -0.5757874250411987, -0.5537716150283813, 0.6015029549598694], "cam_t_m2c": [-36.03174591064453, -204.14878845214844, 1060.991943359375], "obj_id": 3}, {"cam_R_m2c": [0.33684685826301575, 0.32446208596229553, 0.8838882446289062, 0.3865065574645996, 0.8083606958389282, -0.4440333843231201, -0.8585725426673889, 0.49119988083839417, 0.14688703417778015], "cam_t_m2c": [-120.31902313232422, -166.0706024169922, 1056.3775634765625], "obj_id": 3}, {"cam_R_m2c": [0.8525821566581726, 0.3685249984264374, 0.37053072452545166, 0.21276409924030304, 0.4028213620185852, -0.8902058005332947, -0.4773207902908325, 0.8378092050552368, 0.2650294005870819], "cam_t_m2c": [-52.8139762878418, -233.3011932373047, 1006.3659057617188], "obj_id": 3}, {"cam_R_m2c": [0.6657483577728271, 0.7299690842628479, -0.1546747088432312, 0.25665730237960815, -0.4186607301235199, -0.871120035648346, -0.7006469368934631, 0.5402483344078064, -0.46607455611228943], "cam_t_m2c": [-209.00146484375, -195.16517639160156, 674.0797729492188], "obj_id": 3}, {"cam_R_m2c": [-0.24363228678703308, 0.39384233951568604, -0.8863019347190857, 0.7605615854263306, -0.48947086930274963, -0.426572322845459, -0.6018214225769043, -0.7780141830444336, -0.18029023706912994], "cam_t_m2c": [46.21868896484375, -214.42457580566406, 851.2926025390625], "obj_id": 3}, {"cam_R_m2c": [0.6153148412704468, 0.6844082474708557, -0.39111751317977905, 0.7678210735321045, -0.6326776742935181, 0.10084369033575058, -0.1784331351518631, -0.3623588979244232, -0.9147990345954895], "cam_t_m2c": [133.28089904785156, -63.63227081298828, 669.8472900390625], "obj_id": 3}, {"cam_R_m2c": [-0.8774451017379761, 0.44072577357292175, -0.18934231996536255, -0.18952308595180511, -0.6811441779136658, -0.707193911075592, -0.44064807891845703, -0.5846392512321472, 0.6811946630477905], "cam_t_m2c": [149.2900390625, -18.274978637695312, 1015.120361328125], "obj_id": 1}, {"cam_R_m2c": [0.8361315727233887, 0.4526863396167755, 0.3097725212574005, -0.2783035337924957, -0.13654913008213043, 0.9507372975349426, 0.47268497943878174, -0.8811522722244263, 0.011811177246272564], "cam_t_m2c": [-221.72132873535156, -77.89899444580078, 787.4491577148438], "obj_id": 1}, {"cam_R_m2c": [0.23790393769741058, -0.9326391816139221, -0.2712671160697937, 0.5336004495620728, 0.35886216163635254, -0.7658253908157349, 0.8115862607955933, 0.037444598972797394, 0.583031415939331], "cam_t_m2c": [-91.71409606933594, -273.5469665527344, 923.3851928710938], "obj_id": 1}, {"cam_R_m2c": [0.07300761342048645, 0.5630887150764465, 0.823165237903595, -0.15885145962238312, 0.82139652967453, -0.5477900505065918, -0.9845994710922241, -0.09076814353466034, 0.14941565692424774], "cam_t_m2c": [-248.60546875, -115.19144439697266, 678.4841918945312], "obj_id": 1}, {"cam_R_m2c": [0.31633588671684265, 0.39137503504753113, -0.8641510605812073, -0.9445509910583496, 0.04538349062204361, -0.3252132534980774, -0.08806221187114716, 0.919111430644989, 0.38403016328811646], "cam_t_m2c": [145.14950561523438, -73.46672058105469, 1033.174560546875], "obj_id": 1}, {"cam_R_m2c": [0.7182819843292236, -0.47088515758514404, 0.5121896266937256, -0.38847166299819946, 0.3392976224422455, 0.8567186594009399, -0.5772008299827576, -0.8143367171287537, 0.060785818845033646], "cam_t_m2c": [198.91732788085938, -213.82427978515625, 802.7989501953125], "obj_id": 1}, {"cam_R_m2c": [-0.9637917876243591, 0.2176542580127716, 0.15405119955539703, -0.22258096933364868, -0.974794328212738, -0.015277815982699394, 0.14684297144412994, -0.04901349917054176, 0.9879447221755981], "cam_t_m2c": [124.01399230957031, -180.54818725585938, 1050.283935546875], "obj_id": 1}, {"cam_R_m2c": [-0.9484749436378479, -0.23329976201057434, 0.21439814567565918, 0.3037683069705963, -0.4770910143852234, 0.8246872425079346, -0.09011190384626389, 0.8473225235939026, 0.5233778953552246], "cam_t_m2c": [-88.04086303710938, 10.411563873291016, 764.1641845703125], "obj_id": 1}, {"cam_R_m2c": [-0.411530464887619, -0.4867599606513977, 0.7705239057540894, 0.6578763127326965, 0.4264431595802307, 0.620761513710022, -0.6307464838027954, 0.762371838092804, 0.14473360776901245], "cam_t_m2c": [18.174034118652344, -53.36309814453125, 727.9605712890625], "obj_id": 1}, {"cam_R_m2c": [0.6244025826454163, -0.024996161460876465, 0.7807026505470276, 0.7500939965248108, 0.2980100214481354, -0.5903803110122681, -0.21789991855621338, 0.9542353749275208, 0.2048276960849762], "cam_t_m2c": [164.4410858154297, -47.832923889160156, 996.8436279296875], "obj_id": 1}, {"cam_R_m2c": [-0.3350510001182556, 0.216973677277565, -0.9168767929077148, 0.7986733913421631, 0.5816707611083984, -0.15420734882354736, 0.4998614490032196, -0.783952534198761, -0.36818045377731323], "cam_t_m2c": [-175.39564514160156, -237.63336181640625, 847.7655639648438], "obj_id": 1}, {"cam_R_m2c": [0.7777446508407593, -0.5956287384033203, 0.20084737241268158, -0.3706103563308716, -0.6925981044769287, -0.6188340187072754, 0.5077018737792969, 0.4068586826324463, -0.7594106197357178], "cam_t_m2c": [-137.9654541015625, 3.815422773361206, 945.6484375], "obj_id": 1}, {"cam_R_m2c": [0.3150710165500641, 0.9326563477516174, -0.17573411762714386, -0.9004979729652405, 0.35225361585617065, 0.2549917995929718, 0.29972270131111145, 0.07790767401456833, 0.9508399963378906], "cam_t_m2c": [206.52186584472656, -175.4075164794922, 1037.2950439453125], "obj_id": 1}, {"cam_R_m2c": [0.020235443487763405, 0.8284732699394226, 0.5596626400947571, -0.29040148854255676, -0.5307729244232178, 0.7962076663970947, 0.956690788269043, -0.17863839864730835, 0.2298496812582016], "cam_t_m2c": [67.06604766845703, -33.15148162841797, 635.4263305664062], "obj_id": 1}, {"cam_R_m2c": [0.7921683192253113, 0.27983251214027405, -0.5423680543899536, 0.6095743179321289, -0.40619128942489624, 0.6807551383972168, -0.029807815328240395, -0.8698862791061401, -0.4923505485057831], "cam_t_m2c": [-165.29583740234375, -103.91657257080078, 1040.0731201171875], "obj_id": 1}, {"cam_R_m2c": [0.16512542963027954, 0.9640778303146362, 0.20805668830871582, 0.39126962423324585, -0.25767576694488525, 0.8834654688835144, 0.9053406119346619, -0.06447635591030121, -0.4197631776332855], "cam_t_m2c": [-191.2427520751953, -58.79092788696289, 910.3770751953125], "obj_id": 1}, {"cam_R_m2c": [0.9566065669059753, -0.18013623356819153, 0.22903025150299072, -0.0070550329983234406, -0.8000998497009277, -0.5998251438140869, 0.2912973463535309, 0.5721808075904846, -0.7666516304016113], "cam_t_m2c": [-47.867919921875, -244.44833374023438, 958.0004272460938], "obj_id": 1}, {"cam_R_m2c": [-0.9495349526405334, 0.19727367162704468, 0.24385759234428406, -0.18404816091060638, -0.9799656867980957, 0.0761152133345604, 0.2539876103401184, 0.02739250846207142, 0.9668195247650146], "cam_t_m2c": [-52.23189926147461, -73.67577362060547, 1034.7442626953125], "obj_id": 1}, {"cam_R_m2c": [0.6122380495071411, -0.5791139006614685, 0.538322925567627, 0.3287018835544586, 0.8056385517120361, 0.4928503930568695, -0.7191102504730225, -0.12479395419359207, 0.6835984587669373], "cam_t_m2c": [-159.24578857421875, -116.20622253417969, 952.224853515625], "obj_id": 1}, {"cam_R_m2c": [-0.8439030051231384, -0.19616807997226715, 0.49934524297714233, -0.5235646963119507, 0.09801524877548218, -0.8463290929794312, 0.11707933247089386, -0.9756592512130737, -0.18542197346687317], "cam_t_m2c": [-104.7078857421875, 13.987070083618164, 625.9539794921875], "obj_id": 1}, {"cam_R_m2c": [0.05078683793544769, -0.9064738750457764, -0.4191964864730835, -0.07425335049629211, -0.4220035970211029, 0.9035481214523315, -0.9959452748298645, -0.014761539176106453, -0.08874084800481796], "cam_t_m2c": [101.31487274169922, -79.74597930908203, 769.4981079101562], "obj_id": 1}, {"cam_R_m2c": [-0.0900898277759552, -0.917202353477478, -0.3881024718284607, 0.617730438709259, 0.25421029329299927, -0.7441681027412415, 0.7812123894691467, -0.3067847490310669, 0.5436820983886719], "cam_t_m2c": [-31.449434280395508, -190.594482421875, 832.2496337890625], "obj_id": 1}, {"cam_R_m2c": [0.5620956420898438, -0.44703811407089233, 0.6958486437797546, 0.7956739664077759, 0.06266488134860992, -0.6024748086929321, 0.225723996758461, 0.8923171162605286, 0.3909203112125397], "cam_t_m2c": [10.273825645446777, 54.859588623046875, 740.7051391601562], "obj_id": 1}, {"cam_R_m2c": [0.4660490155220032, 0.5293901562690735, -0.7089036703109741, 0.40444350242614746, -0.8400972485542297, -0.36147189140319824, -0.7869077324867249, -0.1182478666305542, -0.605634868144989], "cam_t_m2c": [-147.27734375, -50.91684341430664, 702.0222778320312], "obj_id": 1}, {"cam_R_m2c": [-0.43625348806381226, -0.8550646901130676, -0.28026285767555237, 0.8869307041168213, -0.46115002036094666, 0.02635553851723671, -0.151778906583786, -0.2370760142803192, 0.9595614075660706], "cam_t_m2c": [11.102365493774414, 106.40907287597656, 760.709228515625], "obj_id": 1}, {"cam_R_m2c": [0.8482393026351929, 0.1374923437833786, -0.511454701423645, -0.2853621244430542, -0.694890022277832, -0.6600729823112488, -0.4461597502231598, 0.7058496475219727, -0.5501978993415833], "cam_t_m2c": [36.80085372924805, 41.360660552978516, 758.9878540039062], "obj_id": 1}, {"cam_R_m2c": [0.6065312027931213, -0.6408118605613708, -0.4706166386604309, 0.09332861006259918, -0.5304486751556396, 0.8425637483596802, -0.7895629405975342, -0.5549631714820862, -0.2619275152683258], "cam_t_m2c": [-90.49925994873047, -136.23524475097656, 989.5735473632812], "obj_id": 1}, {"cam_R_m2c": [-0.8894875049591064, -0.2881212830543518, -0.35467976331710815, -0.22387121617794037, 0.9514086842536926, -0.21143123507499695, 0.39836326241493225, -0.10866288840770721, -0.9107681512832642], "cam_t_m2c": [81.81515502929688, -246.52037048339844, 865.1741943359375], "obj_id": 1}, {"cam_R_m2c": [0.7022530436515808, 0.5082414150238037, 0.4985290765762329, -0.5082201361656189, 0.848260760307312, -0.14888225495815277, -0.49855080246925354, -0.1488095223903656, 0.8539922833442688], "cam_t_m2c": [-12.585898399353027, -296.14984130859375, 796.4052124023438], "obj_id": 1}, {"cam_R_m2c": [0.3429330587387085, -0.48884496092796326, 0.8021393418312073, 0.47189149260520935, 0.8280048370361328, 0.30286362767219543, -0.8122286200523376, 0.27466079592704773, 0.514631986618042], "cam_t_m2c": [44.30246353149414, -69.8781509399414, 798.5773315429688], "obj_id": 1}, {"cam_R_m2c": [0.5906462073326111, 0.40585628151893616, 0.697436511516571, -0.44634315371513367, -0.5557242631912231, 0.7013901472091675, 0.6722460985183716, -0.725569486618042, -0.14708523452281952], "cam_t_m2c": [-40.5139045715332, -146.42153930664062, 674.2852783203125], "obj_id": 1}, {"cam_R_m2c": [-0.6484962105751038, 0.7256019711494446, -0.23011764883995056, 0.7364403009414673, 0.674534797668457, 0.051560137420892715, 0.1926344931125641, -0.136031374335289, -0.9717957973480225], "cam_t_m2c": [-198.35218811035156, -76.39488220214844, 950.9038696289062], "obj_id": 1}, {"cam_R_m2c": [-0.8913369178771973, 0.012168392539024353, 0.45317792892456055, 0.4485061466693878, -0.12193959206342697, 0.88542240858078, 0.06603453308343887, 0.9924628734588623, 0.10323179513216019], "cam_t_m2c": [-136.63677978515625, 44.4925537109375, 949.3285522460938], "obj_id": 1}, {"cam_R_m2c": [0.31522685289382935, 0.6531950235366821, 0.6884535551071167, 0.8328587412834167, -0.5381782054901123, 0.1292693316936493, 0.4549487829208374, 0.5326353907585144, -0.7136673927307129], "cam_t_m2c": [-57.772682189941406, -229.65252685546875, 948.482666015625], "obj_id": 1}, {"cam_R_m2c": [0.6129318475723267, -0.7542074918746948, -0.23555384576320648, -0.7899302840232849, -0.5781099200248718, -0.20444808900356293, 0.018020253628492355, 0.31138384342193604, -0.9501132965087891], "cam_t_m2c": [-128.30459594726562, -190.42324829101562, 712.0018310546875], "obj_id": 1}, {"cam_R_m2c": [0.30827900767326355, -0.8414245843887329, 0.44381171464920044, 0.24772772192955017, -0.37943023443222046, -0.8914391994476318, 0.9184743165969849, 0.384756475687027, 0.09147375822067261], "cam_t_m2c": [98.1178970336914, -32.36766052246094, 691.9174194335938], "obj_id": 1}, {"cam_R_m2c": [0.9270297884941101, 0.36780795454978943, -0.07302794605493546, -0.015922987833619118, -0.15596148371696472, -0.9876348376274109, -0.3746494948863983, 0.916729748249054, -0.13872434198856354], "cam_t_m2c": [-73.73886108398438, -119.14185333251953, 1025.7791748046875], "obj_id": 1}, {"cam_R_m2c": [-0.5462582111358643, -0.21336951851844788, 0.8099848628044128, 0.35829421877861023, 0.8145543336868286, 0.4562087953090668, -0.757117748260498, 0.5394206643104553, -0.36850792169570923], "cam_t_m2c": [74.56517791748047, 79.70389556884766, 793.9319458007812], "obj_id": 1}, {"cam_R_m2c": [0.9081865549087524, 0.30592983961105347, -0.2856644093990326, 0.21332313120365143, -0.9255001544952393, -0.31295785307884216, -0.3601256310939789, 0.2232852727174759, -0.9057887196540833], "cam_t_m2c": [-152.6142578125, 24.950969696044922, 650.70751953125], "obj_id": 1}, {"cam_R_m2c": [0.33213120698928833, 0.3843280076980591, -0.8613830804824829, 0.31056633591651917, -0.9068609476089478, -0.28487128019332886, -0.8906387686729431, -0.1729019582271576, -0.4205561578273773], "cam_t_m2c": [81.12596893310547, -75.89344024658203, 684.184814453125], "obj_id": 1}, {"cam_R_m2c": [0.20344926416873932, 0.7444488406181335, -0.6359277367591858, -0.9745802283287048, 0.21621768176555634, -0.05867743119597435, 0.09381639957427979, 0.6317005753517151, 0.7695146799087524], "cam_t_m2c": [20.420272827148438, -192.49502563476562, 941.9486083984375], "obj_id": 1}, {"cam_R_m2c": [0.6707027554512024, -0.5185567140579224, -0.5303364396095276, 0.6821027398109436, 0.15034238994121552, 0.7156346440315247, -0.2913651466369629, -0.8417220711708069, 0.4545440375804901], "cam_t_m2c": [-39.31782913208008, -104.98445892333984, 812.8984375], "obj_id": 1}, {"cam_R_m2c": [0.7872325778007507, 0.48134106397628784, -0.38545510172843933, 0.41169217228889465, 0.05512399226427078, 0.9096542000770569, 0.45910173654556274, -0.8747982382774353, -0.1547689437866211], "cam_t_m2c": [-166.03057861328125, -66.03802490234375, 755.7982177734375], "obj_id": 1}, {"cam_R_m2c": [0.30545759201049805, -0.9354709982872009, 0.1777346283197403, 0.8903006315231323, 0.3467828631401062, 0.29513782262802124, -0.33772820234298706, 0.0680851936340332, 0.9387779831886292], "cam_t_m2c": [-4.567752361297607, -159.7592315673828, 979.5738525390625], "obj_id": 1}, {"cam_R_m2c": [0.1608470380306244, -0.40162208676338196, 0.9015697240829468, -0.8832875490188599, 0.3489990830421448, 0.3130539059638977, -0.4403763711452484, -0.846699059009552, -0.2986122965812683], "cam_t_m2c": [126.62815856933594, -147.78884887695312, 977.8748168945312], "obj_id": 1}, {"cam_R_m2c": [-0.45842835307121277, 0.8879561424255371, -0.03711540997028351, 0.4511699378490448, 0.19654014706611633, -0.8705272674560547, -0.765695333480835, -0.4158196747303009, -0.4907187223434448], "cam_t_m2c": [-112.2825698852539, -52.017356872558594, 702.8017578125], "obj_id": 1}, {"cam_R_m2c": [0.37662631273269653, -0.36146748065948486, 0.8529325127601624, -0.6770952343940735, -0.7357833981513977, -0.012837909162044525, 0.6322140693664551, -0.5726814866065979, -0.5218632817268372], "cam_t_m2c": [51.9741096496582, 38.85396957397461, 781.9518432617188], "obj_id": 1}, {"cam_R_m2c": [-0.019017362967133522, 0.9778311848640442, 0.20852962136268616, 0.49469447135925293, 0.19045083224773407, -0.8479421734809875, -0.8688589334487915, 0.08703286200761795, -0.48734956979751587], "cam_t_m2c": [29.715679168701172, -191.271728515625, 973.8533325195312], "obj_id": 1}, {"cam_R_m2c": [0.8715109825134277, -0.4136746823787689, -0.2633284628391266, 0.296012282371521, 0.8719156980514526, -0.3900509178638458, 0.3909544348716736, 0.261985182762146, 0.8823369145393372], "cam_t_m2c": [-161.44679260253906, -267.1366271972656, 753.7130126953125], "obj_id": 1}, {"cam_R_m2c": [-0.6953628659248352, -0.10944239795207977, 0.71027672290802, -0.666042149066925, -0.2730705440044403, -0.6941328644752502, 0.2699231803417206, -0.9557483792304993, 0.11698975414037704], "cam_t_m2c": [-131.74314880371094, -4.998476028442383, 658.2603759765625], "obj_id": 1}, {"cam_R_m2c": [-0.873910665512085, -0.3141811490058899, 0.3709045946598053, 0.06392225623130798, -0.8306959867477417, -0.553044319152832, 0.4818650782108307, -0.4596022963523865, 0.7460373640060425], "cam_t_m2c": [-157.28759765625, 34.88533020019531, 698.760009765625], "obj_id": 1}, {"cam_R_m2c": [-0.19963838160037994, -0.18230709433555603, 0.9627608060836792, -0.08728895336389542, 0.9819422960281372, 0.16783899068832397, -0.9759738445281982, -0.05053126811981201, -0.2119467705488205], "cam_t_m2c": [-213.5741729736328, -174.2333984375, 657.907470703125], "obj_id": 1}, {"cam_R_m2c": [-0.4793896973133087, -0.31612566113471985, -0.8186879754066467, -0.5065674185752869, -0.6620959639549255, 0.5522845983505249, -0.716641366481781, 0.679480254650116, 0.1572631150484085], "cam_t_m2c": [-169.07620239257812, -70.02906799316406, 761.8564453125], "obj_id": 1}, {"cam_R_m2c": [0.7119336128234863, -0.6488798260688782, 0.268524706363678, 0.701775848865509, 0.6713906526565552, -0.23821260035037994, -0.025713618844747543, 0.35803571343421936, 0.9333537817001343], "cam_t_m2c": [-134.12127685546875, -42.5138053894043, 872.947509765625], "obj_id": 1}, {"cam_R_m2c": [0.6095013618469238, -0.6171720027923584, -0.49760112166404724, 0.4574808180332184, -0.23880895972251892, 0.856552243232727, -0.6474716067314148, -0.7497127652168274, 0.13678990304470062], "cam_t_m2c": [-130.1706085205078, -181.39894104003906, 1055.2821044921875], "obj_id": 3}, {"cam_R_m2c": [-0.5476203560829163, 0.8007583618164062, -0.2426888644695282, 0.4801062345504761, 0.5382600426673889, 0.6926572918891907, 0.6852807998657227, 0.2627968192100525, -0.6792111992835999], "cam_t_m2c": [31.521894454956055, 36.95463943481445, 975.323974609375], "obj_id": 1}, {"cam_R_m2c": [-0.20838536322116852, -0.8766729235649109, -0.4336127042770386, -0.7573114037513733, 0.425182580947876, -0.4956805109977722, 0.6189142465591431, 0.2250872701406479, -0.7525162100791931], "cam_t_m2c": [-103.77183532714844, -280.3339538574219, 693.6392211914062], "obj_id": 1}, {"cam_R_m2c": [-0.26477178931236267, 0.5367629528045654, 0.8011125326156616, 0.8702633380889893, -0.2248440980911255, 0.4382770359516144, 0.41537636518478394, 0.813222348690033, -0.40759268403053284], "cam_t_m2c": [132.302001953125, -222.97299194335938, 905.5701293945312], "obj_id": 1}, {"cam_R_m2c": [0.6127758026123047, 0.343402236700058, -0.7117447853088379, -0.7821173667907715, 0.39246851205825806, -0.484004944562912, 0.11312901228666306, 0.8532545566558838, 0.5090761184692383], "cam_t_m2c": [-137.5201873779297, -260.1943054199219, 684.7921752929688], "obj_id": 1}, {"cam_R_m2c": [0.9866442084312439, 0.0472758486866951, -0.15587879717350006, 0.1479198932647705, 0.14069931209087372, 0.9789398908615112, 0.06821224838495255, -0.9889229536056519, 0.13182713091373444], "cam_t_m2c": [-69.13990783691406, -99.4083023071289, 1049.276123046875], "obj_id": 3}, {"cam_R_m2c": [0.24664241075515747, 0.7995129227638245, 0.5476739406585693, -0.9050500988960266, -0.012021973729133606, 0.42513522505760193, 0.3464851677417755, -0.6005286574363708, 0.7206339836120605], "cam_t_m2c": [4.1073994636535645, -258.9398193359375, 808.6243896484375], "obj_id": 1}, {"cam_R_m2c": [-0.6037226319313049, -0.5203866958618164, -0.6039175987243652, -0.7220521569252014, 0.678021252155304, 0.13757842779159546, 0.33787500858306885, 0.5191192626953125, -0.7850830554962158], "cam_t_m2c": [207.83619689941406, -180.36883544921875, 829.8826904296875], "obj_id": 1}, {"cam_R_m2c": [-0.6406170725822449, 0.3022814691066742, 0.705858051776886, 0.15627039968967438, -0.8486906886100769, 0.5052757859230042, 0.7517907023429871, 0.43399304151535034, 0.4964481592178345], "cam_t_m2c": [-188.1361083984375, -52.86322021484375, 1041.2099609375], "obj_id": 1}, {"cam_R_m2c": [0.051535218954086304, -0.9975181818008423, -0.04797438532114029, -0.09569045901298523, 0.04288492724299431, -0.9944868683815002, 0.994076132774353, 0.05584176629781723, -0.09324286878108978], "cam_t_m2c": [33.40088653564453, 102.52291107177734, 746.9737548828125], "obj_id": 3}, {"cam_R_m2c": [-0.6334051489830017, 0.6673280596733093, -0.39175376296043396, -0.7397252917289734, -0.37354984879493713, 0.559702455997467, 0.2271655648946762, 0.6443086266517639, 0.730247974395752], "cam_t_m2c": [34.95866012573242, -100.60531616210938, 685.7324829101562], "obj_id": 1}, {"cam_R_m2c": [0.3935030698776245, -0.5041714906692505, -0.7687433362007141, 0.5737470388412476, 0.7880488634109497, -0.22314417362213135, 0.7183102369308472, -0.35325634479522705, 0.5993666052818298], "cam_t_m2c": [-237.47901916503906, 48.51157760620117, 1011.7256469726562], "obj_id": 1}, {"cam_R_m2c": [0.7358049750328064, 0.599475085735321, -0.31499314308166504, 0.6083570122718811, -0.3808208405971527, 0.6963313221931458, 0.2974773049354553, -0.7039923667907715, -0.6449047327041626], "cam_t_m2c": [-59.67207336425781, 0.9886012673377991, 963.4066162109375], "obj_id": 3}, {"cam_R_m2c": [0.04111495241522789, -0.7831729054450989, -0.6204431056976318, -0.9477855563163757, -0.22711576521396637, 0.22387687861919403, -0.31624677777290344, 0.5788423418998718, -0.7516177892684937], "cam_t_m2c": [-44.4051513671875, -290.32830810546875, 700.17431640625], "obj_id": 1}, {"cam_R_m2c": [0.5952779650688171, 0.34932610392570496, -0.7236127257347107, -0.7778832316398621, 0.4762022793292999, -0.4100354313850403, 0.20134994387626648, 0.8069712519645691, 0.5552076697349548], "cam_t_m2c": [47.574607849121094, -208.8121337890625, 734.0211791992188], "obj_id": 3}, {"cam_R_m2c": [0.520211935043335, -0.3903282880783081, 0.7596204876899719, 0.09449055790901184, -0.8576804399490356, -0.5054261684417725, 0.8487938642501831, 0.3347056806087494, -0.4092932343482971], "cam_t_m2c": [-73.69487762451172, -208.7145538330078, 1033.4498291015625], "obj_id": 3}, {"cam_R_m2c": [-0.4121890068054199, -0.3554662764072418, -0.8388944268226624, -0.8778176307678223, 0.4015275537967682, 0.26117390394210815, 0.2440006583929062, 0.844049334526062, -0.4775397777557373], "cam_t_m2c": [-63.16529846191406, -117.09549713134766, 899.3126831054688], "obj_id": 3}, {"cam_R_m2c": [-0.7011476159095764, -0.23588398098945618, -0.6728674173355103, 0.5052250027656555, 0.5015437006950378, -0.7022831439971924, 0.5031297206878662, -0.8323536515235901, -0.23248164355754852], "cam_t_m2c": [-133.04078674316406, -188.99368286132812, 1051.3487548828125], "obj_id": 3}, {"cam_R_m2c": [0.2403816282749176, 0.687626838684082, -0.6851175427436829, 0.3335725665092468, 0.6043092012405396, 0.7235605120658875, 0.911562442779541, -0.4024670720100403, -0.0841086357831955], "cam_t_m2c": [-170.53131103515625, -89.42894744873047, 785.3594360351562], "obj_id": 1}, {"cam_R_m2c": [-0.766303300857544, 0.4670407474040985, 0.441194087266922, -0.5750651359558105, -0.8048193454742432, -0.1468534618616104, 0.2864949703216553, -0.3662496507167816, 0.8853145241737366], "cam_t_m2c": [-118.69237518310547, 60.31024169921875, 999.7177124023438], "obj_id": 3}, {"cam_R_m2c": [0.40723949670791626, 0.6643338203430176, -0.6267507672309875, 0.2955419421195984, 0.5534577369689941, 0.7786779999732971, 0.8641822338104248, -0.5023396015167236, 0.029051337391138077], "cam_t_m2c": [85.93256378173828, -73.40752410888672, 867.2014770507812], "obj_id": 3}, {"cam_R_m2c": [-0.16358697414398193, -0.986369788646698, -0.017714310437440872, -0.5509395599365234, 0.10623776912689209, -0.8277554512023926, 0.8183549642562866, -0.1256505399942398, -0.5608091950416565], "cam_t_m2c": [-148.2679901123047, 37.479957580566406, 887.2135009765625], "obj_id": 3}, {"cam_R_m2c": [-0.8179176449775696, 0.5736874341964722, -0.04350828379392624, -0.03417309373617172, 0.027046507224440575, 0.9990497827529907, 0.5743191242218018, 0.8186274766921997, -0.0025168873835355043], "cam_t_m2c": [-162.5149383544922, -218.85357666015625, 740.8657836914062], "obj_id": 1}, {"cam_R_m2c": [0.06681789457798004, 0.782050371170044, -0.6196228265762329, -0.6176151037216187, 0.520155131816864, 0.5899069309234619, 0.7836369872093201, 0.3432721197605133, 0.5177618265151978], "cam_t_m2c": [-274.5954284667969, -35.56283187866211, 709.4044189453125], "obj_id": 3}, {"cam_R_m2c": [0.8681005835533142, -0.32747671008110046, 0.3730420768260956, 0.4904947578907013, 0.4504409730434418, -0.7460011839866638, 0.07626459002494812, 0.8305792212486267, 0.5516536831855774], "cam_t_m2c": [-60.69026184082031, -186.13914489746094, 953.2529907226562], "obj_id": 3}, {"cam_R_m2c": [0.1430233120918274, 0.9341312050819397, -0.32702165842056274, 0.843639612197876, 0.05770501121878624, 0.5337998867034912, 0.517509937286377, -0.35223424434661865, -0.7798169255256653], "cam_t_m2c": [59.96725082397461, -65.35575103759766, 807.1793212890625], "obj_id": 1}, {"cam_R_m2c": [0.9026534557342529, 0.08502104878425598, -0.4218863546848297, -0.21218402683734894, 0.9407849907875061, -0.2643889784812927, 0.3744257390499115, 0.32816916704177856, 0.8672429323196411], "cam_t_m2c": [-218.1809539794922, -30.35915184020996, 829.815673828125], "obj_id": 1}, {"cam_R_m2c": [0.48405972123146057, 0.827582597732544, 0.28424155712127686, 0.870123028755188, -0.4208695888519287, -0.25642701983451843, -0.09258592873811722, 0.37145110964775085, -0.923824667930603], "cam_t_m2c": [-241.19004821777344, -132.740966796875, 709.6207885742188], "obj_id": 1}, {"cam_R_m2c": [-0.3560250401496887, -0.6025644540786743, -0.7142563462257385, -0.2654453217983246, 0.7980645895004272, -0.5409544110298157, 0.8959826231002808, -0.002997330157086253, -0.44407886266708374], "cam_t_m2c": [141.63723754882812, -119.68833923339844, 1020.9346923828125], "obj_id": 1}, {"cam_R_m2c": [-0.07692211121320724, -0.9968214631080627, -0.020733026787638664, -0.20924308896064758, 0.03647138923406601, -0.9771832227706909, 0.9748334288597107, -0.07082882523536682, -0.2113834023475647], "cam_t_m2c": [-276.79351806640625, -56.970001220703125, 652.6729736328125], "obj_id": 1}, {"cam_R_m2c": [-0.1848638355731964, 0.7385496497154236, -0.6483590602874756, 0.6003875136375427, -0.43743234872817993, -0.6694679856300354, -0.7780487537384033, -0.5130272507667542, -0.36255043745040894], "cam_t_m2c": [-27.860353469848633, -169.78643798828125, 997.1806030273438], "obj_id": 3}, {"cam_R_m2c": [-0.7348808646202087, 0.3635803759098053, -0.5725027322769165, -0.21962665021419525, 0.6710825562477112, 0.7081047296524048, 0.641649603843689, 0.6461094617843628, -0.4133138060569763], "cam_t_m2c": [-114.02928161621094, -223.802490234375, 887.4270629882812], "obj_id": 3}, {"cam_R_m2c": [-0.42862918972969055, -0.8554206490516663, 0.2907446026802063, -0.38071703910827637, -0.12082656472921371, -0.9167635440826416, 0.819348156452179, -0.5036430954933167, -0.2738833427429199], "cam_t_m2c": [33.03682327270508, -143.0161895751953, 779.8446655273438], "obj_id": 3}, {"cam_R_m2c": [-0.4129258096218109, -0.0242683794349432, 0.9104411602020264, 0.9102655053138733, 0.02209138311445713, 0.41343507170677185, -0.03014625422656536, 0.99946129322052, 0.012968644499778748], "cam_t_m2c": [121.15151977539062, -236.9358367919922, 833.43701171875], "obj_id": 1}, {"cam_R_m2c": [0.3568215072154999, -0.7190433144569397, 0.5963682532310486, -0.9100953340530396, -0.12356647104024887, 0.3955473005771637, -0.21072450280189514, -0.683891773223877, -0.6984891295433044], "cam_t_m2c": [-121.658203125, -86.52399444580078, 877.218017578125], "obj_id": 3}, {"cam_R_m2c": [0.6379622220993042, -0.3289172053337097, -0.696288526058197, 0.6947427988052368, -0.14418677985668182, 0.7046578526496887, -0.33216965198516846, -0.9332864880561829, 0.13652710616588593], "cam_t_m2c": [89.05476379394531, -91.63058471679688, 752.4518432617188], "obj_id": 1}, {"cam_R_m2c": [0.05586859583854675, 0.755944550037384, -0.6522473096847534, -0.995832622051239, 0.08935317397117615, 0.018260348588228226, 0.0720842033624649, 0.6485089659690857, 0.7577862739562988], "cam_t_m2c": [41.97615432739258, -144.0463409423828, 672.3048095703125], "obj_id": 1}, {"cam_R_m2c": [-0.33271902799606323, 0.1142793595790863, -0.9360758662223816, -0.8743481636047363, -0.4092560410499573, 0.26081520318984985, -0.35328900814056396, 0.9052344560623169, 0.2360873967409134], "cam_t_m2c": [-48.647605895996094, -2.8272290229797363, 885.4235229492188], "obj_id": 3}, {"cam_R_m2c": [-0.2586006820201874, -0.7500870227813721, 0.6086831092834473, -0.8335993885993958, 0.4916718304157257, 0.2517356872558594, -0.4880959987640381, -0.4422988295555115, -0.7524186968803406], "cam_t_m2c": [-185.06307983398438, -234.21163940429688, 1040.94970703125], "obj_id": 3}, {"cam_R_m2c": [0.5993125438690186, 0.7370789647102356, 0.31231245398521423, 0.7572668194770813, -0.39550870656967163, -0.5197304487228394, -0.25956007838249207, 0.5479848384857178, -0.7951987385749817], "cam_t_m2c": [-267.90673828125, 0.7857310175895691, 1022.332763671875], "obj_id": 3}, {"cam_R_m2c": [-0.7935784459114075, 0.35819417238235474, 0.4918641448020935, -0.23581290245056152, -0.9262401461601257, 0.29406043887138367, 0.5609149932861328, 0.11737210303544998, 0.8195109367370605], "cam_t_m2c": [45.055606842041016, -47.369380950927734, 660.4263305664062], "obj_id": 1}, {"cam_R_m2c": [0.5265445709228516, 0.45224082469940186, 0.7198812961578369, 0.673730731010437, 0.2944627106189728, -0.6777747273445129, -0.5184956192970276, 0.8418847918510437, -0.14964081346988678], "cam_t_m2c": [-99.8199691772461, 75.51779174804688, 960.910400390625], "obj_id": 1}, {"cam_R_m2c": [-0.0698876678943634, -0.81620854139328, 0.5735148787498474, -0.6933574080467224, 0.45308712124824524, 0.5603280663490295, -0.7171967625617981, -0.35849079489707947, -0.5975894927978516], "cam_t_m2c": [-106.14291381835938, 100.4669189453125, 959.2918090820312], "obj_id": 3}, {"cam_R_m2c": [0.7779014110565186, 0.5719695091247559, -0.260231077671051, 0.49912047386169434, -0.3108072876930237, 0.808874249458313, 0.38176968693733215, -0.7591111063957214, -0.5272591710090637], "cam_t_m2c": [-117.4595718383789, -162.27198791503906, 918.1903076171875], "obj_id": 3}, {"cam_R_m2c": [0.6135090589523315, -0.16688388586044312, -0.7718525528907776, 0.1635878086090088, 0.9830711483955383, -0.08252369612455368, 0.7725578546524048, -0.07563664764165878, 0.6304232478141785], "cam_t_m2c": [170.44798278808594, -174.4228515625, 1054.0692138671875], "obj_id": 3}, {"cam_R_m2c": [-0.9381631016731262, -0.3060452938079834, 0.16182167828083038, -0.09375225007534027, -0.2253658026456833, -0.9697529673576355, 0.33325740694999695, -0.9249575734138489, 0.18273745477199554], "cam_t_m2c": [-34.14894104003906, -195.34271240234375, 1057.7088623046875], "obj_id": 3}, {"cam_R_m2c": [-0.688971996307373, -0.5733467936515808, 0.4433859586715698, 0.6378288865089417, -0.18908533453941345, 0.7466064095497131, -0.344226598739624, 0.7971952557563782, 0.49597159028053284], "cam_t_m2c": [68.20110321044922, 26.116147994995117, 724.0554809570312], "obj_id": 3}, {"cam_R_m2c": [0.8634548187255859, -0.14638321101665497, 0.4827190935611725, -0.0009943019831553102, 0.9564710259437561, 0.29182571172714233, -0.5044252276420593, -0.25245827436447144, 0.8257239460945129], "cam_t_m2c": [35.381900787353516, -101.31150817871094, 906.3135375976562], "obj_id": 3}, {"cam_R_m2c": [0.6145374178886414, -0.7561076283454895, 0.22504429519176483, -0.7773923873901367, -0.6289405822753906, 0.009730757214128971, 0.13418200612068176, -0.18092763423919678, -0.9742998480796814], "cam_t_m2c": [11.695348739624023, -89.3298568725586, 645.6303100585938], "obj_id": 3}, {"cam_R_m2c": [-0.7455718517303467, 0.5358044505119324, -0.39627784490585327, -0.6047423481941223, -0.29410478472709656, 0.740127682685852, 0.2800164818763733, 0.7914643883705139, 0.5432999730110168], "cam_t_m2c": [44.219993591308594, 40.03604507446289, 988.7576904296875], "obj_id": 1}, {"cam_R_m2c": [0.9453023076057434, -0.32278168201446533, -0.0470697395503521, -0.08524516969919205, -0.3837363123893738, 0.9194996953010559, -0.3148600459098816, -0.865192711353302, -0.3902623951435089], "cam_t_m2c": [-38.60926818847656, 54.446929931640625, 652.2882080078125], "obj_id": 3}, {"cam_R_m2c": [0.5724833011627197, -0.693586528301239, 0.4372648298740387, 0.8199153542518616, 0.4851125180721283, -0.3039812743663788, -0.001285275211557746, 0.5325443744659424, 0.8464010953903198], "cam_t_m2c": [45.23524856567383, -117.26713562011719, 836.4169921875], "obj_id": 1}, {"cam_R_m2c": [0.42971789836883545, -0.7143818140029907, -0.5522689819335938, 0.21610702574253082, -0.512477695941925, 0.8310620784759521, -0.8767212629318237, -0.4764714241027832, -0.06583783775568008], "cam_t_m2c": [-22.40019416809082, -201.09017944335938, 1037.605224609375], "obj_id": 3}, {"cam_R_m2c": [-0.8673647046089172, 0.4953044652938843, -0.04849550500512123, -0.14389948546886444, -0.34288257360458374, -0.9282911419868469, -0.4764150381088257, -0.7981885075569153, 0.36867839097976685], "cam_t_m2c": [-34.24787139892578, -264.49847412109375, 747.2618408203125], "obj_id": 3}, {"cam_R_m2c": [0.6861226558685303, -0.1188882365822792, -0.7177056074142456, -0.2168375700712204, 0.9082913994789124, -0.3577544093132019, 0.6944186091423035, 0.4010889232158661, 0.5974198579788208], "cam_t_m2c": [-39.985069274902344, -230.3054656982422, 718.233154296875], "obj_id": 1}, {"cam_R_m2c": [0.366241991519928, 0.21363312005996704, 0.9056642055511475, -0.8875860571861267, -0.2120257169008255, 0.40894514322280884, 0.27938833832740784, -0.9536278247833252, 0.11196505278348923], "cam_t_m2c": [-241.9