{
  "0": [{"cam_R_m2c": [-0.10613727569580078, -0.8109800815582275, 0.5753660798072815, -0.656548798084259, 0.49172309041023254, 0.5719720721244812, -0.7467787265777588, -0.3170483708381653, -0.5846381783485413], "cam_t_m2c": [3.5741970539093018, 200.32289123535156, 573.8323974609375], "obj_id": 3}, {"cam_R_m2c": [0.16795268654823303, -0.9276503324508667, -0.3335516154766083, -0.168246790766716, -0.3603675067424774, 0.9175119400024414, -0.9713314771652222, -0.0979795977473259, -0.21659885346889496], "cam_t_m2c": [-165.0489959716797, 506.31195068359375, 824.5496215820312], "obj_id": 3}, {"cam_R_m2c": [0.6544861793518066, -0.7153450846672058, 0.2448045313358307, -0.6204785108566284, -0.6931923627853394, -0.36672985553741455, 0.43203502893447876, 0.08812368661165237, -0.8975410461425781], "cam_t_m2c": [85.1529769897461, 379.0840759277344, 848.9742431640625], "obj_id": 0}],
  "1": [{"cam_R_m2c": [0.2509867250919342, 0.38708972930908203, -0.8872243762016296, -0.4932608902454376, -0.7374921441078186, -0.4613010883331299, -0.8328860998153687, 0.5534135103225708, 0.0058356295339763165], "cam_t_m2c": [-138.41835021972656, -221.1180419921875, 822.03369140625], "obj_id": 3}, {"cam_R_m2c": [-0.2644230127334595, 0.9426994323730469, -0.20346513390541077, -0.7312912344932556, -0.33353391289711, -0.5949521064758301, -0.6287236213684082, -0.008526801131665707, 0.777582049369812], "cam_t_m2c": [-90.1566162109375, -160.21461486816406, 1245.01416015625], "obj_id": 3}, {"cam_R_m2c": [-0.1678781807422638, 0.9612226486206055, -0.21878677606582642, 0.8164582848548889, 0.011195163242518902, -0.57729572057724, -0.5524604916572571, -0.27554571628570557, -0.7866775989532471], "cam_t_m2c": [-236.57965087890625, -3.6407485008239746, 1062.12109375], "obj_id": 0}]
}