{
  "0": [{"cam_R_m2c": [0.4875531792640686, 0.8726855516433716, -0.026680205017328262, 0.31837403774261475, -0.20615766942501068, -0.9252766966819763, -0.8129759430885315, 0.44262728095054626, -0.3783532381057739], "cam_t_m2c": [-88.92713165283203, -40.521358489990234, 778.2734985351562], "obj_id": 2}, {"cam_R_m2c": [0.4875531792640686, 0.8726855516433716, -0.026680205017328262, 0.31837403774261475, -0.20615766942501068, -0.9252766966819763, -0.8129759430885315, 0.44262728095054626, -0.3783532381057739], "cam_t_m2c": [-88.92713165283203, -40.521358489990234, 778.2734985351562], "obj_id": 0}, {"cam_R_m2c": [0.4875531792640686, 0.8726855516433716, -0.026680205017328262, 0.31837403774261475, -0.20615766942501068, -0.9252766966819763, -0.8129759430885315, 0.44262728095054626, -0.3783532381057739], "cam_t_m2c": [-88.92713165283203, -40.521358489990234, 778.2734985351562], "obj_id": 3}, {"cam_R_m2c": [0.4875531792640686, 0.8726855516433716, -0.026680205017328262, 0.31837403774261475, -0.20615766942501068, -0.9252766966819763, -0.8129759430885315, 0.44262728095054626, -0.3783532381057739], "cam_t_m2c": [-88.92713165283203, -40.521358489990234, 778.2734985351562], "obj_id": 1}, {"cam_R_m2c": [0.4875531792640686, 0.8726855516433716, -0.026680205017328262, 0.31837403774261475, -0.20615766942501068, -0.9252766966819763, -0.8129759430885315, 0.44262728095054626, -0.3783532381057739], "cam_t_m2c": [-88.92713165283203, -40.521358489990234, 778.2734985351562], "obj_id": 2}, {"cam_R_m2c": [0.4875531792640686, 0.8726855516433716, -0.026680205017328262, 0.31837403774261475, -0.20615766942501068, -0.9252766966819763, -0.8129759430885315, 0.44262728095054626, -0.3783532381057739], "cam_t_m2c": [-88.92713165283203, -40.521358489990234, 778.2734985351562], "obj_id": 0}, {"cam_R_m2c": [0.4875531792640686, 0.8726855516433716, -0.026680205017328262, 0.31837403774261475, -0.20615766942501068, -0.9252766966819763, -0.8129759430885315, 0.44262728095054626, -0.3783532381057739], "cam_t_m2c": [-88.92713165283203, -40.521358489990234, 778.2734985351562], "obj_id": 2}, {"cam_R_m2c": [0.4875531792640686, 0.8726855516433716, -0.026680205017328262, 0.31837403774261475, -0.20615766942501068, -0.9252766966819763, -0.8129759430885315, 0.44262728095054626, -0.3783532381057739], "cam_t_m2c": [-88.92713165283203, -40.521358489990234, 778.2734985351562], "obj_id": 1}, {"cam_R_m2c": [0.4875531792640686, 0.8726855516433716, -0.026680205017328262, 0.31837403774261475, -0.20615766942501068, -0.9252766966819763, -0.8129759430885315, 0.44262728095054626, -0.3783532381057739], "cam_t_m2c": [-88.92713165283203, -40.521358489990234, 778.2734985351562], "obj_id": 0}, {"cam_R_m2c": [0.4875531792640686, 0.8726855516433716, -0.026680205017328262, 0.31837403774261475, -0.20615766942501068, -0.9252766966819763, -0.8129759430885315, 0.44262728095054626, -0.3783532381057739], "cam_t_m2c": [-88.92713165283203, -40.521358489990234, 778.2734985351562], "obj_id": 1}, {"cam_R_m2c": [0.4875531792640686, 0.8726855516433716, -0.026680205017328262, 0.31837403774261475, -0.20615766942501068, -0.9252766966819763, -0.8129759430885315, 0.44262728095054626, -0.3783532381057739], "cam_t_m2c": [-88.92713165283203, -40.521358489990234, 778.2734985351562], "obj_id": 3}, {"cam_R_m2c": [0.4875531792640686, 0.8726855516433716, -0.026680205017328262, 0.31837403774261475, -0.20615766942501068, -0.9252766966819763, -0.8129759430885315, 0.44262728095054626, -0.3783532381057739], "cam_t_m2c": [-88.92713165283203, -40.521358489990234, 778.2734985351562], "obj_id": 0}, {"cam_R_m2c": [0.4875531792640686, 0.8726855516433716, -0.026680205017328262, 0.31837403774261475, -0.20615766942501068, -0.9252766966819763, -0.8129759430885315, 0.44262728095054626, -0.3783532381057739], "cam_t_m2c": [-88.92713165283203, -40.521358489990234, 778.2734985351562], "obj_id": 2}, {"cam_R_m2c": [0.4875531792640686, 0.8726855516433716, -0.026680205017328262, 0.31837403774261475, -0.20615766942501068, -0.9252766966819763, -0.8129759430885315, 0.44262728095054626, -0.3783532381057739], "cam_t_m2c": [-88.92713165283203, -40.521358489990234, 778.2734985351562], "obj_id": 1}, {"cam_R_m2c": [0.4875531792640686, 0.8726855516433716, -0.026680205017328262, 0.31837403774261475, -0.20615766942501068, -0.9252766966819763, -0.8129759430885315, 0.44262728095054626, -0.3783532381057739], "cam_t_m2c": [-88.92713165283203, -40.521358489990234, 778.2734985351562], "obj_id": 2}, {"cam_R_m2c": [0.4875531792640686, 0.8726855516433716, -0.026680205017328262, 0.31837403774261475, -0.20615766942501068, -0.9252766966819763, -0.8129759430885315, 0.44262728095054626, -0.3783532381057739], "cam_t_m2c": [-88.92713165283203, -40.521358489990234, 778.2734985351562], "obj_id": 0}, {"cam_R_m2c": [0.4875531792640686, 0.8726855516433716, -0.026680205017328262, 0.31837403774261475, -0.20615766942501068, -0.9252766966819763, -0.8129759430885315, 0.44262728095054626, -0.3783532381057739], "cam_t_m2c": [-88.92713165283203, -40.521358489990234, 778.2734985351562], "obj_id": 2}, {"cam_R_m2c": [0.4875531792640686, 0.8726855516433716, -0.026680205017328262, 0.31837403774261475, -0.20615766942501068, -0.9252766966819763, -0.8129759430885315, 0.44262728095054626, -0.3783532381057739], "cam_t_m2c": [-88.92713165283203, -40.521358489990234, 778.2734985351562], "obj_id": 3}, {"cam_R_m2c": [0.4875531792640686, 0.8726855516433716, -0.026680205017328262, 0.31837403774261475, -0.20615766942501068, -0.9252766966819763, -0.8129759430885315, 0.44262728095054626, -0.3783532381057739], "cam_t_m2c": [-88.92713165283203, -40.521358489990234, 778.2734985351562], "obj_id": 1}, {"cam_R_m2c": [0.4875531792640686, 0.8726855516433716, -0.026680205017328262, 0.31837403774261475, -0.20615766942501068, -0.9252766966819763, -0.8129759430885315, 0.44262728095054626, -0.3783532381057739], "cam_t_m2c": [-88.92713165283203, -40.521358489990234, 778.2734985351562], "obj_id": 2}, {"cam_R_m2c": [0.4875531792640686, 0.8726855516433716, -0.026680205017328262, 0.31837403774261475, -0.20615766942501068, -0.9252766966819763, -0.8129759430885315, 0.44262728095054626, -0.3783532381057739], "cam_t_m2c": [-88.92713165283203, -40.521358489990234, 778.2734985351562], "obj_id": 3}, {"cam_R_m2c": [0.4875531792640686, 0.8726855516433716, -0.026680205017328262, 0.31837403774261475, -0.20615766942501068, -0.9252766966819763, -0.8129759430885315, 0.44262728095054626, -0.3783532381057739], "cam_t_m2c": [-88.92713165283203, -40.521358489990234, 778.2734985351562], "obj_id": 2}, {"cam_R_m2c": [0.4875531792640686, 0.8726855516433716, -0.026680205017328262, 0.31837403774261475, -0.20615766942501068, -0.9252766966819763, -0.8129759430885315, 0.44262728095054626, -0.3783532381057739], "cam_t_m2c": [-88.92713165283203, -40.521358489990234, 778.2734985351562], "obj_id": 3}, {"cam_R_m2c": [0.4875531792640686, 0.8726855516433716, -0.026680205017328262, 0.31837403774261475, -0.20615766942501068, -0.9252766966819763, -0.8129759430885315, 0.44262728095054626, -0.3783532381057739], "cam_t_m2c": [-88.92713165283203, -40.521358489990234, 778.2734985351562], "obj_id": 2}, {"cam_R_m2c": [0.4875531792640686, 0.8726855516433716, -0.026680205017328262, 0.31837403774261475, -0.20615766942501068, -0.9252766966819763, -0.8129759430885315, 0.44262728095054626, -0.3783532381057739], "cam_t_m2c": [-88.92713165283203, -40.521358489990234, 778.2734985351562], "obj_id": 0}, {"cam_R_m2c": [0.4875531792640686, 0.8726855516433716, -0.026680205017328262, 0.31837403774261475, -0.20615766942501068, -0.9252766966819763, -0.8129759430885315, 0.44262728095054626, -0.3783532381057739], "cam_t_m2c": [-88.92713165283203, -40.521358489990234, 778.2734985351562], "obj_id": 0}, {"cam_R_m2c": [0.4875531792640686, 0.8726855516433716, -0.026680205017328262, 0.31837403774261475, -0.20615766942501068, -0.9252766966819763, -0.8129759430885315, 0.44262728095054626, -0.3783532381057739], "cam_t_m2c": [-88.92713165283203, -40.521358489990234, 778.2734985351562], "obj_id": 1}, {"cam_R_m2c": [0.4875531792640686, 0.8726855516433716, -0.026680205017328262, 0.31837403774261475, -0.20615766942501068, -0.9252766966819763, -0.8129759430885315, 0.44262728095054626, -0.3783532381057739], "cam_t_m2c": [-88.92713165283203, -40.521358489990234, 778.2734985351562], "obj_id": 3}, {"cam_R_m2c": [0.4875531792640686, 0.8726855516433716, -0.026680205017328262, 0.31837403774261475, -0.20615766942501068, -0.9252766966819763, -0.8129759430885315, 0.44262728095054626, -0.3783532381057739], "cam_t_m2c": [-88.92713165283203, -40.521358489990234, 778.2734985351562], "obj_id": 0}, {"cam_R_m2c": [0.4875531792640686, 0.8726855516433716, -0.026680205017328262, 0.31837403774261475, -0.20615766942501068, -0.9252766966819763, -0.8129759430885315, 0.44262728095054626, -0.3783532381057739], "cam_t_m2c": [-88.92713165283203, -40.521358489990234, 778.2734985351562], "obj_id": 0}, {"cam_R_m2c": [0.4875531792640686, 0.8726855516433716, -0.026680205017328262, 0.31837403774261475, -0.20615766942501068, -0.9252766966819763, -0.8129759430885315, 0.44262728095054626, -0.3783532381057739], "cam_t_m2c": [-88.92713165283203, -40.521358489990234, 778.2734985351562], "obj_id": 2}, {"cam_R_m2c": [0.4875531792640686, 0.8726855516433716, -0.026680205017328262, 0.31837403774261475, -0.20615766942501068, -0.9252766966819763, -0.8129759430885315, 0.44262728095054626, -0.3783532381057739], "cam_t_m2c": [-88.92713165283203, -40.521358489990234, 778.2734985351562], "obj_id": 1}, {"cam_R_m2c": [0.4875531792640686, 0.8726855516433716, -0.026680205017328262, 0.31837403774261475, -0.20615766942501068, -0.9252766966819763, -0.8129759430885315, 0.44262728095054626, -0.3783532381057739], "cam_t_m2c": [-88.92713165283203, -40.521358489990234, 778.2734985351562], "obj_id": 0}, {"cam_R_m2c": [0.4875531792640686, 0.8726855516433716, -0.026680205017328262, 0.31837403774261475, -0.20615766942501068, -0.9252766966819763, -0.8129759430885315, 0.44262728095054626, -0.3783532381057739], "cam_t_m2c": [-88.92713165283203, -40.521358489990234, 778.2734985351562], "obj_id": 1}, {"cam_R_m2c": [0.4875531792640686, 0.8726855516433716, -0.026680205017328262, 0.31837403774261475, -0.20615766942501068, -0.9252766966819763, -0.8129759430885315, 0.44262728095054626, -0.3783532381057739], "cam_t_m2c": [-88.92713165283203, -40.521358489990234, 778.2734985351562], "obj_id": 1}, {"cam_R_m2c": [0.4875531792640686, 0.8726855516433716, -0.026680205017328262, 0.31837403774261475, -0.20615766942501068, -0.9252766966819763, -0.8129759430885315, 0.44262728095054626, -0.3783532381057739], "cam_t_m2c": [-88.92713165283203, -40.521358489990234, 778.2734985351562], "obj_id": 2}, {"cam_R_m2c": [0.16882826387882233, 0.7427412867546082, -0.6479449272155762, 0.9470145106315613, 0.060003817081451416, 0.3155365586280823, 0.27324122190475464, -0.6668846607208252, -0.6932563781738281], "cam_t_m2c": [-134.28562927246094, -33.564918518066406, 671.1229248046875], "obj_id": 0}, {"cam_R_m2c": [0.17501714825630188, 0.8370280265808105, -0.5184139013290405, -0.9455456733703613, -0.0038702774327248335, -0.3254662752151489, -0.2744308114051819, 0.5471462607383728, 0.790770947933197], "cam_t_m2c": [-88.49223327636719, 21.37433624267578, 542.0169067382812], "obj_id": 2}, {"cam_R_m2c": [0.4658898413181305, 0.07154279947280884, -0.8819456696510315, 0.7947288751602173, 0.4043999910354614, 0.4526219069957733, 0.38904061913490295, -0.9117797017097473, 0.13154873251914978], "cam_t_m2c": [-233.1501007080078, 104.16246032714844, 518.9265747070312], "obj_id": 1}, {"cam_R_m2c": [-0.014460325241088867, 0.9915164709091187, 0.12917426228523254, -0.9467552900314331, 0.027977801859378815, -0.3207360506057739, -0.3216290771961212, -0.12693436443805695, 0.9383189082145691], "cam_t_m2c": [162.60446166992188, -20.716217041015625, 651.1765747070312], "obj_id": 1}],
  "1": [{"cam_R_m2c": [0.6030665636062622, -0.7976590394973755, 0.007116988301277161, -0.08257213234901428, -0.0712973028421402, -0.9940313696861267, 0.7934055924415588, 0.5988793969154358, -0.10886140912771225], "cam_t_m2c": [-87.28412628173828, 19.083274841308594, 465.7214050292969], "obj_id": 2}, {"cam_R_m2c": [0.6030665636062622, -0.7976590394973755, 0.007116988301277161, -0.08257213234901428, -0.0712973028421402, -0.9940313696861267, 0.7934055924415588, 0.5988793969154358, -0.10886140912771225], "cam_t_m2c": [-87.28412628173828, 19.083274841308594, 465.7214050292969], "obj_id": 0}, {"cam_R_m2c": [0.6030665636062622, -0.7976590394973755, 0.007116988301277161, -0.08257213234901428, -0.0712973028421402, -0.9940313696861267, 0.7934055924415588, 0.5988793969154358, -0.10886140912771225], "cam_t_m2c": [-87.28412628173828, 19.083274841308594, 465.7214050292969], "obj_id": 3}, {"cam_R_m2c": [0.6030665636062622, -0.7976590394973755, 0.007116988301277161, -0.08257213234901428, -0.0712973028421402, -0.9940313696861267, 0.7934055924415588, 0.5988793969154358, -0.10886140912771225], "cam_t_m2c": [-87.28412628173828, 19.083274841308594, 465.7214050292969], "obj_id": 1}, {"cam_R_m2c": [0.6030665636062622, -0.7976590394973755, 0.007116988301277161, -0.08257213234901428, -0.0712973028421402, -0.9940313696861267, 0.7934055924415588, 0.5988793969154358, -0.10886140912771225], "cam_t_m2c": [-87.28412628173828, 19.083274841308594, 465.7214050292969], "obj_id": 2}, {"cam_R_m2c": [0.6030665636062622, -0.7976590394973755, 0.007116988301277161, -0.08257213234901428, -0.0712973028421402, -0.9940313696861267, 0.7934055924415588, 0.5988793969154358, -0.10886140912771225], "cam_t_m2c": [-87.28412628173828, 19.083274841308594, 465.7214050292969], "obj_id": 0}, {"cam_R_m2c": [0.6030665636062622, -0.7976590394973755, 0.007116988301277161, -0.08257213234901428, -0.0712973028421402, -0.9940313696861267, 0.7934055924415588, 0.5988793969154358, -0.10886140912771225], "cam_t_m2c": [-87.28412628173828, 19.083274841308594, 465.7214050292969], "obj_id": 2}, {"cam_R_m2c": [0.6030665636062622, -0.7976590394973755, 0.007116988301277161, -0.08257213234901428, -0.0712973028421402, -0.9940313696861267, 0.7934055924415588, 0.5988793969154358, -0.10886140912771225], "cam_t_m2c": [-87.28412628173828, 19.083274841308594, 465.7214050292969], "obj_id": 1}, {"cam_R_m2c": [0.6030665636062622, -0.7976590394973755, 0.007116988301277161, -0.08257213234901428, -0.0712973028421402, -0.9940313696861267, 0.7934055924415588, 0.5988793969154358, -0.10886140912771225], "cam_t_m2c": [-87.28412628173828, 19.083274841308594, 465.7214050292969], "obj_id": 0}, {"cam_R_m2c": [0.6030665636062622, -0.7976590394973755, 0.007116988301277161, -0.08257213234901428, -0.0712973028421402, -0.9940313696861267, 0.7934055924415588, 0.5988793969154358, -0.10886140912771225], "cam_t_m2c": [-87.28412628173828, 19.083274841308594, 465.7214050292969], "obj_id": 1}, {"cam_R_m2c": [0.6030665636062622, -0.7976590394973755, 0.007116988301277161, -0.08257213234901428, -0.0712973028421402, -0.9940313696861267, 0.7934055924415588, 0.5988793969154358, -0.10886140912771225], "cam_t_m2c": [-87.28412628173828, 19.083274841308594, 465.7214050292969], "obj_id": 3}, {"cam_R_m2c": [0.6030665636062622, -0.7976590394973755, 0.007116988301277161, -0.08257213234901428, -0.0712973028421402, -0.9940313696861267, 0.7934055924415588, 0.5988793969154358, -0.10886140912771225], "cam_t_m2c": [-87.28412628173828, 19.083274841308594, 465.7214050292969], "obj_id": 0}, {"cam_R_m2c": [0.6030665636062622, -0.7976590394973755, 0.007116988301277161, -0.08257213234901428, -0.0712973028421402, -0.9940313696861267, 0.7934055924415588, 0.5988793969154358, -0.10886140912771225], "cam_t_m2c": [-87.28412628173828, 19.083274841308594, 465.7214050292969], "obj_id": 2}, {"cam_R_m2c": [0.6030665636062622, -0.7976590394973755, 0.007116988301277161, -0.08257213234901428, -0.0712973028421402, -0.9940313696861267, 0.7934055924415588, 0.5988793969154358, -0.10886140912771225], "cam_t_m2c": [-87.28412628173828, 19.083274841308594, 465.7214050292969], "obj_id": 1}, {"cam_R_m2c": [0.6030665636062622, -0.7976590394973755, 0.007116988301277161, -0.08257213234901428, -0.0712973028421402, -0.9940313696861267, 0.7934055924415588, 0.5988793969154358, -0.10886140912771225], "cam_t_m2c": [-87.28412628173828, 19.083274841308594, 465.7214050292969], "obj_id": 2}, {"cam_R_m2c": [0.6030665636062622, -0.7976590394973755, 0.007116988301277161, -0.08257213234901428, -0.0712973028421402, -0.9940313696861267, 0.7934055924415588, 0.5988793969154358, -0.10886140912771225], "cam_t_m2c": [-87.28412628173828, 19.083274841308594, 465.7214050292969], "obj_id": 0}, {"cam_R_m2c": [0.6030665636062622, -0.7976590394973755, 0.007116988301277161, -0.08257213234901428, -0.0712973028421402, -0.9940313696861267, 0.7934055924415588, 0.5988793969154358, -0.10886140912771225], "cam_t_m2c": [-87.28412628173828, 19.083274841308594, 465.7214050292969], "obj_id": 2}, {"cam_R_m2c": [0.6030665636062622, -0.7976590394973755, 0.007116988301277161, -0.08257213234901428, -0.0712973028421402, -0.9940313696861267, 0.7934055924415588, 0.5988793969154358, -0.10886140912771225], "cam_t_m2c": [-87.28412628173828, 19.083274841308594, 465.7214050292969], "obj_id": 3}, {"cam_R_m2c": [0.6030665636062622, -0.7976590394973755, 0.007116988301277161, -0.08257213234901428, -0.0712973028421402, -0.9940313696861267, 0.7934055924415588, 0.5988793969154358, -0.10886140912771225], "cam_t_m2c": [-87.28412628173828, 19.083274841308594, 465.7214050292969], "obj_id": 1}, {"cam_R_m2c": [0.6030665636062622, -0.7976590394973755, 0.007116988301277161, -0.08257213234901428, -0.0712973028421402, -0.9940313696861267, 0.7934055924415588, 0.5988793969154358, -0.10886140912771225], "cam_t_m2c": [-87.28412628173828, 19.083274841308594, 465.7214050292969], "obj_id": 2}, {"cam_R_m2c": [0.6030665636062622, -0.7976590394973755, 0.007116988301277161, -0.08257213234901428, -0.0712973028421402, -0.9940313696861267, 0.7934055924415588, 0.5988793969154358, -0.10886140912771225], "cam_t_m2c": [-87.28412628173828, 19.083274841308594, 465.7214050292969], "obj_id": 3}, {"cam_R_m2c": [0.6030665636062622, -0.7976590394973755, 0.007116988301277161, -0.08257213234901428, -0.0712973028421402, -0.9940313696861267, 0.7934055924415588, 0.5988793969154358, -0.10886140912771225], "cam_t_m2c": [-87.28412628173828, 19.083274841308594, 465.7214050292969], "obj_id": 2}, {"cam_R_m2c": [0.6030665636062622, -0.7976590394973755, 0.007116988301277161, -0.08257213234901428, -0.0712973028421402, -0.9940313696861267, 0.7934055924415588, 0.5988793969154358, -0.10886140912771225], "cam_t_m2c": [-87.28412628173828, 19.083274841308594, 465.7214050292969], "obj_id": 3}, {"cam_R_m2c": [0.6030665636062622, -0.7976590394973755, 0.007116988301277161, -0.08257213234901428, -0.0712973028421402, -0.9940313696861267, 0.7934055924415588, 0.5988793969154358, -0.10886140912771225], "cam_t_m2c": [-87.28412628173828, 19.083274841308594, 465.7214050292969], "obj_id": 2}, {"cam_R_m2c": [0.6030665636062622, -0.7976590394973755, 0.007116988301277161, -0.08257213234901428, -0.0712973028421402, -0.9940313696861267, 0.7934055924415588, 0.5988793969154358, -0.10886140912771225], "cam_t_m2c": [-87.28412628173828, 19.083274841308594, 465.7214050292969], "obj_id": 0}, {"cam_R_m2c": [0.6030665636062622, -0.7976590394973755, 0.007116988301277161, -0.08257213234901428, -0.0712973028421402, -0.9940313696861267, 0.7934055924415588, 0.5988793969154358, -0.10886140912771225], "cam_t_m2c": [-87.28412628173828, 19.083274841308594, 465.7214050292969], "obj_id": 0}, {"cam_R_m2c": [0.6030665636062622, -0.7976590394973755, 0.007116988301277161, -0.08257213234901428, -0.0712973028421402, -0.9940313696861267, 0.7934055924415588, 0.5988793969154358, -0.10886140912771225], "cam_t_m2c": [-87.28412628173828, 19.083274841308594, 465.7214050292969], "obj_id": 1}, {"cam_R_m2c": [0.6030665636062622, -0.7976590394973755, 0.007116988301277161, -0.08257213234901428, -0.0712973028421402, -0.9940313696861267, 0.7934055924415588, 0.5988793969154358, -0.10886140912771225], "cam_t_m2c": [-87.28412628173828, 19.083274841308594, 465.7214050292969], "obj_id": 3}, {"cam_R_m2c": [0.6030665636062622, -0.7976590394973755, 0.007116988301277161, -0.08257213234901428, -0.0712973028421402, -0.9940313696861267, 0.7934055924415588, 0.5988793969154358, -0.10886140912771225], "cam_t_m2c": [-87.28412628173828, 19.083274841308594, 465.7214050292969], "obj_id": 0}, {"cam_R_m2c": [0.6030665636062622, -0.7976590394973755, 0.007116988301277161, -0.08257213234901428, -0.0712973028421402, -0.9940313696861267, 0.7934055924415588, 0.5988793969154358, -0.10886140912771225], "cam_t_m2c": [-87.28412628173828, 19.083274841308594, 465.7214050292969], "obj_id": 0}, {"cam_R_m2c": [0.6030665636062622, -0.7976590394973755, 0.007116988301277161, -0.08257213234901428, -0.0712973028421402, -0.9940313696861267, 0.7934055924415588, 0.5988793969154358, -0.10886140912771225], "cam_t_m2c": [-87.28412628173828, 19.083274841308594, 465.7214050292969], "obj_id": 2}, {"cam_R_m2c": [0.6030665636062622, -0.7976590394973755, 0.007116988301277161, -0.08257213234901428, -0.0712973028421402, -0.9940313696861267, 0.7934055924415588, 0.5988793969154358, -0.10886140912771225], "cam_t_m2c": [-87.28412628173828, 19.083274841308594, 465.7214050292969], "obj_id": 1}, {"cam_R_m2c": [0.6030665636062622, -0.7976590394973755, 0.007116988301277161, -0.08257213234901428, -0.0712973028421402, -0.9940313696861267, 0.7934055924415588, 0.5988793969154358, -0.10886140912771225], "cam_t_m2c": [-87.28412628173828, 19.083274841308594, 465.7214050292969], "obj_id": 0}, {"cam_R_m2c": [0.6030665636062622, -0.7976590394973755, 0.007116988301277161, -0.08257213234901428, -0.0712973028421402, -0.9940313696861267, 0.7934055924415588, 0.5988793969154358, -0.10886140912771225], "cam_t_m2c": [-87.28412628173828, 19.083274841308594, 465.7214050292969], "obj_id": 1}, {"cam_R_m2c": [0.6030665636062622, -0.7976590394973755, 0.007116988301277161, -0.08257213234901428, -0.0712973028421402, -0.9940313696861267, 0.7934055924415588, 0.5988793969154358, -0.10886140912771225], "cam_t_m2c": [-87.28412628173828, 19.083274841308594, 465.7214050292969], "obj_id": 1}, {"cam_R_m2c": [0.6030665636062622, -0.7976590394973755, 0.007116988301277161, -0.08257213234901428, -0.0712973028421402, -0.9940313696861267, 0.7934055924415588, 0.5988793969154358, -0.10886140912771225], "cam_t_m2c": [-87.28412628173828, 19.083274841308594, 465.7214050292969], "obj_id": 2}, {"cam_R_m2c": [0.03223508968949318, 0.2864205241203308, 0.9575614333152771, 0.9597043991088867, -0.2764569818973541, 0.05038522556424141, 0.27915605902671814, 0.9173519015312195, -0.28379055857658386], "cam_t_m2c": [24.049331665039062, -15.264079093933105, 462.23431396484375], "obj_id": 0}, {"cam_R_m2c": [-0.1690327525138855, -0.8009700775146484, -0.5743472576141357, -0.9849780797958374, 0.15814803540706635, 0.06933406740427017, 0.035297345370054245, 0.5774391889572144, -0.8156701326370239], "cam_t_m2c": [134.07752990722656, -21.997108459472656, 560.3779296875], "obj_id": 2}, {"cam_R_m2c": [-0.23851247131824493, 0.8841029405593872, 0.40183767676353455, 0.8465110063552856, -0.01352112740278244, 0.5321992635726929, 0.4759523272514343, 0.4670962989330292, -0.7451778650283813], "cam_t_m2c": [240.76828002929688, 54.67040252685547, 455.2489318847656], "obj_id": 1}, {"cam_R_m2c": [-0.05330376699566841, -0.281676322221756, -0.958027720451355, -0.9911143183708191, -0.10215909779071808, 0.08518119901418686, -0.12186479568481445, 0.9540554881095886, -0.2737279534339905], "cam_t_m2c": [-74.00962829589844, -34.357582092285156, 742.8168334960938], "obj_id": 1}],
  "2": [{"cam_R_m2c": [0.6030665636062622, -0.7976590394973755, 0.007116988301277161, -0.08257213234901428, -0.0712973028421402, -0.9940313696861267, 0.7934055924415588, 0.5988793969154358, -0.10886140912771225], "cam_t_m2c": [-87.28412628173828, 19.083274841308594, 465.7214050292969], "obj_id": 2}, {"cam_R_m2c": [0.6030665636062622, -0.7976590394973755, 0.007116988301277161, -0.08257213234901428, -0.0712973028421402, -0.9940313696861267, 0.7934055924415588, 0.5988793969154358, -0.10886140912771225], "cam_t_m2c": [-87.28412628173828, 19.083274841308594, 465.7214050292969], "obj_id": 0}, {"cam_R_m2c": [0.6030665636062622, -0.7976590394973755, 0.007116988301277161, -0.08257213234901428, -0.0712973028421402, -0.9940313696861267, 0.7934055924415588, 0.5988793969154358, -0.10886140912771225], "cam_t_m2c": [-87.28412628173828, 19.083274841308594, 465.7214050292969], "obj_id": 3}, {"cam_R_m2c": [0.6030665636062622, -0.7976590394973755, 0.007116988301277161, -0.08257213234901428, -0.0712973028421402, -0.9940313696861267, 0.7934055924415588, 0.5988793969154358, -0.10886140912771225], "cam_t_m2c": [-87.28412628173828, 19.083274841308594, 465.7214050292969], "obj_id": 1}, {"cam_R_m2c": [0.6030665636062622, -0.7976590394973755, 0.007116988301277161, -0.08257213234901428, -0.0712973028421402, -0.9940313696861267, 0.7934055924415588, 0.5988793969154358, -0.10886140912771225], "cam_t_m2c": [-87.28412628173828, 19.083274841308594, 465.7214050292969], "obj_id": 2}, {"cam_R_m2c": [0.6030665636062622, -0.7976590394973755, 0.007116988301277161, -0.08257213234901428, -0.0712973028421402, -0.9940313696861267, 0.7934055924415588, 0.5988793969154358, -0.10886140912771225], "cam_t_m2c": [-87.28412628173828, 19.083274841308594, 465.7214050292969], "obj_id": 0}, {"cam_R_m2c": [0.6030665636062622, -0.7976590394973755, 0.007116988301277161, -0.08257213234901428, -0.0712973028421402, -0.9940313696861267, 0.7934055924415588, 0.5988793969154358, -0.10886140912771225], "cam_t_m2c": [-87.28412628173828, 19.083274841308594, 465.7214050292969], "obj_id": 2}, {"cam_R_m2c": [0.6030665636062622, -0.7976590394973755, 0.007116988301277161, -0.08257213234901428, -0.0712973028421402, -0.9940313696861267, 0.7934055924415588, 0.5988793969154358, -0.10886140912771225], "cam_t_m2c": [-87.28412628173828, 19.083274841308594, 465.7214050292969], "obj_id": 1}, {"cam_R_m2c": [0.6030665636062622, -0.7976590394973755, 0.007116988301277161, -0.08257213234901428, -0.0712973028421402, -0.9940313696861267, 0.7934055924415588, 0.5988793969154358, -0.10886140912771225], "cam_t_m2c": [-87.28412628173828, 19.083274841308594, 465.7214050292969], "obj_id": 0}, {"cam_R_m2c": [0.6030665636062622, -0.7976590394973755, 0.007116988301277161, -0.08257213234901428, -0.0712973028421402, -0.9940313696861267, 0.7934055924415588, 0.5988793969154358, -0.10886140912771225], "cam_t_m2c": [-87.28412628173828, 19.083274841308594, 465.7214050292969], "obj_id": 1}, {"cam_R_m2c": [0.6030665636062622, -0.7976590394973755, 0.007116988301277161, -0.08257213234901428, -0.0712973028421402, -0.9940313696861267, 0.7934055924415588, 0.5988793969154358, -0.10886140912771225], "cam_t_m2c": [-87.28412628173828, 19.083274841308594, 465.7214050292969], "obj_id": 3}, {"cam_R_m2c": [0.6030665636062622, -0.7976590394973755, 0.007116988301277161, -0.08257213234901428, -0.0712973028421402, -0.9940313696861267, 0.7934055924415588, 0.5988793969154358, -0.10886140912771225], "cam_t_m2c": [-87.28412628173828, 19.083274841308594, 465.7214050292969], "obj_id": 0}, {"cam_R_m2c": [0.6030665636062622, -0.7976590394973755, 0.007116988301277161, -0.08257213234901428, -0.0712973028421402, -0.9940313696861267, 0.7934055924415588, 0.5988793969154358, -0.10886140912771225], "cam_t_m2c": [-87.28412628173828, 19.083274841308594, 465.7214050292969], "obj_id": 2}, {"cam_R_m2c": [0.6030665636062622, -0.7976590394973755, 0.007116988301277161, -0.08257213234901428, -0.0712973028421402, -0.9940313696861267, 0.7934055924415588, 0.5988793969154358, -0.10886140912771225], "cam_t_m2c": [-87.28412628173828, 19.083274841308594, 465.7214050292969], "obj_id": 1}, {"cam_R_m2c": [0.6030665636062622, -0.7976590394973755, 0.007116988301277161, -0.08257213234901428, -0.0712973028421402, -0.9940313696861267, 0.7934055924415588, 0.5988793969154358, -0.10886140912771225], "cam_t_m2c": [-87.28412628173828, 19.083274841308594, 465.7214050292969], "obj_id": 2}, {"cam_R_m2c": [0.6030665636062622, -0.7976590394973755, 0.007116988301277161, -0.08257213234901428, -0.0712973028421402, -0.9940313696861267, 0.7934055924415588, 0.5988793969154358, -0.10886140912771225], "cam_t_m2c": [-87.28412628173828, 19.083274841308594, 465.7214050292969], "obj_id": 0}, {"cam_R_m2c": [0.6030665636062622, -0.7976590394973755, 0.007116988301277161, -0.08257213234901428, -0.0712973028421402, -0.9940313696861267, 0.7934055924415588, 0.5988793969154358, -0.10886140912771225], "cam_t_m2c": [-87.28412628173828, 19.083274841308594, 465.7214050292969], "obj_id": 2}, {"cam_R_m2c": [0.6030665636062622, -0.7976590394973755, 0.007116988301277161, -0.08257213234901428, -0.0712973028421402, -0.9940313696861267, 0.7934055924415588, 0.5988793969154358, -0.10886140912771225], "cam_t_m2c": [-87.28412628173828, 19.083274841308594, 465.7214050292969], "obj_id": 3}, {"cam_R_m2c": [0.6030665636062622, -0.7976590394973755, 0.007116988301277161, -0.08257213234901428, -0.0712973028421402, -0.9940313696861267, 0.7934055924415588, 0.5988793969154358, -0.10886140912771225], "cam_t_m2c": [-87.28412628173828, 19.083274841308594, 465.7214050292969], "obj_id": 1}, {"cam_R_m2c": [0.6030665636062622, -0.7976590394973755, 0.007116988301277161, -0.08257213234901428, -0.0712973028421402, -0.9940313696861267, 0.7934055924415588, 0.5988793969154358, -0.10886140912771225], "cam_t_m2c": [-87.28412628173828, 19.083274841308594, 465.7214050292969], "obj_id": 2}, {"cam_R_m2c": [0.6030665636062622, -0.7976590394973755, 0.007116988301277161, -0.08257213234901428, -0.0712973028421402, -0.9940313696861267, 0.7934055924415588, 0.5988793969154358, -0.10886140912771225], "cam_t_m2c": [-87.28412628173828, 19.083274841308594, 465.7214050292969], "obj_id": 3}, {"cam_R_m2c": [0.6030665636062622, -0.7976590394973755, 0.007116988301277161, -0.08257213234901428, -0.0712973028421402, -0.9940313696861267, 0.7934055924415588, 0.5988793969154358, -0.10886140912771225], "cam_t_m2c": [-87.28412628173828, 19.083274841308594, 465.7214050292969], "obj_id": 2}, {"cam_R_m2c": [0.6030665636062622, -0.7976590394973755, 0.007116988301277161, -0.08257213234901428, -0.0712973028421402, -0.9940313696861267, 0.7934055924415588, 0.5988793969154358, -0.10886140912771225], "cam_t_m2c": [-87.28412628173828, 19.083274841308594, 465.7214050292969], "obj_id": 3}, {"cam_R_m2c": [0.6030665636062622, -0.7976590394973755, 0.007116988301277161, -0.08257213234901428, -0.0712973028421402, -0.9940313696861267, 0.7934055924415588, 0.5988793969154358, -0.10886140912771225], "cam_t_m2c": [-87.28412628173828, 19.083274841308594, 465.7214050292969], "obj_id": 2}, {"cam_R_m2c": [0.6030665636062622, -0.7976590394973755, 0.007116988301277161, -0.08257213234901428, -0.0712973028421402, -0.9940313696861267, 0.7934055924415588, 0.5988793969154358, -0.10886140912771225], "cam_t_m2c": [-87.28412628173828, 19.083274841308594, 465.7214050292969], "obj_id": 0}, {"cam_R_m2c": [0.6030665636062622, -0.7976590394973755, 0.007116988301277161, -0.08257213234901428, -0.0712973028421402, -0.9940313696861267, 0.7934055924415588, 0.5988793969154358, -0.10886140912771225], "cam_t_m2c": [-87.28412628173828, 19.083274841308594, 465.7214050292969], "obj_id": 0}, {"cam_R_m2c": [0.6030665636062622, -0.7976590394973755, 0.007116988301277161, -0.08257213234901428, -0.0712973028421402, -0.9940313696861267, 0.7934055924415588, 0.5988793969154358, -0.10886140912771225], "cam_t_m2c": [-87.28412628173828, 19.083274841308594, 465.7214050292969], "obj_id": 1}, {"cam_R_m2c": [0.6030665636062622, -0.7976590394973755, 0.007116988301277161, -0.08257213234901428, -0.0712973028421402, -0.9940313696861267, 0.7934055924415588, 0.5988793969154358, -0.10886140912771225], "cam_t_m2c": [-87.28412628173828, 19.083274841308594, 465.7214050292969], "obj_id": 3}, {"cam_R_m2c": [0.6030665636062622, -0.7976590394973755, 0.007116988301277161, -0.08257213234901428, -0.0712973028421402, -0.9940313696861267, 0.7934055924415588, 0.5988793969154358, -0.10886140912771225], "cam_t_m2c": [-87.28412628173828, 19.083274841308594, 465.7214050292969], "obj_id": 0}, {"cam_R_m2c": [0.6030665636062622, -0.7976590394973755, 0.007116988301277161, -0.08257213234901428, -0.0712973028421402, -0.9940313696861267, 0.7934055924415588, 0.5988793969154358, -0.10886140912771225], "cam_t_m2c": [-87.28412628173828, 19.083274841308594, 465.7214050292969], "obj_id": 0}, {"cam_R_m2c": [0.6030665636062622, -0.7976590394973755, 0.007116988301277161, -0.08257213234901428, -0.0712973028421402, -0.9940313696861267, 0.7934055924415588, 0.5988793969154358, -0.10886140912771225], "cam_t_m2c": [-87.28412628173828, 19.083274841308594, 465.7214050292969], "obj_id": 2}, {"cam_R_m2c": [0.6030665636062622, -0.7976590394973755, 0.007116988301277161, -0.08257213234901428, -0.0712973028421402, -0.9940313696861267, 0.7934055924415588, 0.5988793969154358, -0.10886140912771225], "cam_t_m2c": [-87.28412628173828, 19.083274841308594, 465.7214050292969], "obj_id": 1}, {"cam_R_m2c": [0.6030665636062622, -0.7976590394973755, 0.007116988301277161, -0.08257213234901428, -0.0712973028421402, -0.9940313696861267, 0.7934055924415588, 0.5988793969154358, -0.10886140912771225], "cam_t_m2c": [-87.28412628173828, 19.083274841308594, 465.7214050292969], "obj_id": 0}, {"cam_R_m2c": [0.6030665636062622, -0.7976590394973755, 0.007116988301277161, -0.08257213234901428, -0.0712973028421402, -0.9940313696861267, 0.7934055924415588, 0.5988793969154358, -0.10886140912771225], "cam_t_m2c": [-87.28412628173828, 19.083274841308594, 465.7214050292969], "obj_id": 1}, {"cam_R_m2c": [0.6030665636062622, -0.7976590394973755, 0.007116988301277161, -0.08257213234901428, -0.0712973028421402, -0.9940313696861267, 0.7934055924415588, 0.5988793969154358, -0.10886140912771225], "cam_t_m2c": [-87.28412628173828, 19.083274841308594, 465.7214050292969], "obj_id": 1}, {"cam_R_m2c": [0.6030665636062622, -0.7976590394973755, 0.007116988301277161, -0.08257213234901428, -0.0712973028421402, -0.9940313696861267, 0.7934055924415588, 0.5988793969154358, -0.10886140912771225], "cam_t_m2c": [-87.28412628173828, 19.083274841308594, 465.7214050292969], "obj_id": 2}, {"cam_R_m2c": [0.03223508968949318, 0.2864205241203308, 0.9575614333152771, 0.9597043991088867, -0.2764569818973541, 0.05038522556424141, 0.27915605902671814, 0.9173519015312195, -0.28379055857658386], "cam_t_m2c": [24.049331665039062, -15.264079093933105, 462.23431396484375], "obj_id": 0}, {"cam_R_m2c": [-0.1690327525138855, -0.8009700775146484, -0.5743472576141357, -0.9849780797958374, 0.15814803540706635, 0.06933406740427017, 0.035297345370054245, 0.5774391889572144, -0.8156701326370239], "cam_t_m2c": [134.07752990722656, -21.997108459472656, 560.3779296875], "obj_id": 2}, {"cam_R_m2c": [-0.23851247131824493, 0.8841029405593872, 0.40183767676353455, 0.8465110063552856, -0.01352112740278244, 0.5321992635726929, 0.4759523272514343, 0.4670962989330292, -0.7451778650283813], "cam_t_m2c": [240.76828002929688, 54.67040252685547, 455.2489318847656], "obj_id": 1}, {"cam_R_m2c": [-0.05330376699566841, -0.281676322221756, -0.958027720451355, -0.9911143183708191, -0.10215909779071808, 0.08518119901418686, -0.12186479568481445, 0.9540554881095886, -0.2737279534339905], "cam_t_m2c": [-74.00962829589844, -34.357582092285156, 742.8168334960938], "obj_id": 1}],
