{
  "0": [{"cam_R_m2c": [0.07493256777524948, -0.9968969821929932, 0.024111609905958176, 0.7937995195388794, 0.04499707743525505, -0.6065125465393066, 0.6035456657409668, 0.0645872950553894, 0.7947081923484802], "cam_t_m2c": [-594.9738159179688, 224.40989685058594, 215.73837280273438], "obj_id": 0}, {"cam_R_m2c": [-0.036864664405584335, -0.9326226711273193, 0.3589649498462677, 0.8781493902206421, 0.14121375977993011, 0.4570692181587219, -0.47696393728256226, 0.3320745825767517, 0.8137763142585754], "cam_t_m2c": [-434.7114562988281, 414.5156555175781, 18.698829650878906], "obj_id": 1}, {"cam_R_m2c": [0.12032318115234375, -0.8177666068077087, -0.5628321170806885, 0.8729049563407898, 0.35718032717704773, -0.3323538601398468, 0.4728204607963562, -0.45130911469459534, 0.756809651851654], "cam_t_m2c": [-632.7725219726562, 173.61776733398438, 304.5019836425781], "obj_id": 0}, {"cam_R_m2c": [0.3115449845790863, -0.0631251260638237, -0.948132336139679, 0.8816038370132446, 0.3915099501609802, 0.2636183798313141, 0.35456225275993347, -0.9180060625076294, 0.17762431502342224], "cam_t_m2c": [-622.5695190429688, 278.6837158203125, 158.81365966796875], "obj_id": 0}, {"cam_R_m2c": [-0.20712201297283173, 0.7158802151679993, 0.6667953133583069, -0.7108055949211121, 0.3581932485103607, -0.6053536534309387, -0.6722022891044617, -0.5993438959121704, 0.43466195464134216], "cam_t_m2c": [-543.5963134765625, 309.8758239746094, 78.8346939086914], "obj_id": 2}, {"cam_R_m2c": [0.48708444833755493, 0.14583328366279602, -0.8610931038856506, 0.7501687407493591, 0.43500757217407227, 0.49801120162010193, 0.44720858335494995, -0.888538658618927, 0.10248586535453796], "cam_t_m2c": [-889.0365600585938, 412.927490234375, 242.44976806640625], "obj_id": 2}, {"cam_R_m2c": [-0.6092265248298645, -0.7864046096801758, -0.10203278809785843, 0.7410473823547363, -0.6103881597518921, 0.27977651357650757, -0.28229719400405884, 0.09483616054058075, 0.9546278715133667], "cam_t_m2c": [-700.2665405273438, 328.3441162109375, 202.02098083496094], "obj_id": 3}, {"cam_R_m2c": [-0.7294391393661499, -0.6836456060409546, -0.023394547402858734, -0.6382976770401001, 0.6679598093032837, 0.3826301395893097, -0.24595679342746735, 0.2940380573272705, -0.9236054420471191], "cam_t_m2c": [-202.08242797851562, 294.659423828125, 12.757486343383789], "obj_id": 0}],
  "1": [{"cam_R_m2c": [0.07493256777524948, -0.9968969821929932, 0.024111609905958176, 0.7937995195388794, 0.04499707743525505, -0.6065125465393066, 0.6035456657409668, 0.0645872950553894, 0.7947081923484802], "cam_t_m2c": [-594.9738159179688, 224.40989685058594, 215.73837280273438], "obj_id": 0}, {"cam_R_m2c": [-0.036864664405584335, -0.9326226711273193, 0.3589649498462677, 0.8781493902206421, 0.14121375977993011, 0.4570692181587219, -0.47696393728256226, 0.3320745825767517, 0.8137763142585754], "cam_t_m2c": [-434.7114562988281, 414.5156555175781, 18.698829650878906], "obj_id": 1}, {"cam_R_m2c": [0.12032318115234375, -0.8177666068077087, -0.5628321170806885, 0.8729049563407898, 0.35718032717704773, -0.3323538601398468, 0.4728204607963562, -0.45130911469459534, 0.756809651851654], "cam_t_m2c": [-632.7725219726562, 173.61776733398438, 304.5019836425781], "obj_id": 0}, {"cam_R_m2c": [0.3115449845790863, -0.0631251260638237, -0.948132336139679, 0.8816038370132446, 0.3915099501609802, 0.2636183798313141, 0.35456225275993347, -0.9180060625076294, 0.17762431502342224], "cam_t_m2c": [-622.5695190429688, 278.6837158203125, 158.81365966796875], "obj_id": 0}, {"cam_R_m2c": [-0.20712201297283173, 0.7158802151679993, 0.6667953133583069, -0.7108055949211121, 0.3581932485103607, -0.6053536534309387, -0.6722022891044617, -0.5993438959121704, 0.43466195464134216], "cam_t_m2c": [-543.5963134765625, 309.8758239746094, 78.8346939086914], "obj_id": 2}, {"cam_R_m2c": [0.48708444833755493, 0.14583328366279602, -0.8610931038856506, 0.7501687407493591, 0.43500757217407227, 0.49801120162010193, 0.44720858335494995, -0.888538658618927, 0.10248586535453796], "cam_t_m2c": [-889.0365600585938, 412.927490234375, 242.44976806640625], "obj_id": 2}, {"cam_R_m2c": [-0.6092265248298645, -0.7864046096801758, -0.10203278809785843, 0.7410473823547363, -0.6103881597518921, 0.27977651357650757, -0.28229719400405884, 0.09483616054058075, 0.9546278715133667], "cam_t_m2c": [-700.2665405273438, 328.3441162109375, 202.02098083496094], "obj_id": 3}, {"cam_R_m2c": [-0.7294391393661499, -0.6836456060409546, -0.023394547402858734, -0.6382976770401001, 0.6679598093032837, 0.3826301395893097, -0.24595679342746735, 0.2940380573272705, -0.9236054420471191], "cam_t_m2c": [-202.08242797851562, 294.659423828125, 12.757486343383789], "obj_id": 0}],
  "2": [{"cam_R_m2c": [0.07493256777524948, -0.9968969821929932, 0.024111609905958176, 0.7937995195388794, 0.04499707743525505, -0.6065125465393066, 0.6035456657409668, 0.0645872950553894, 0.7947081923484802], "cam_t_m2c": [-594.9738159179688, 224.40989685058594, 215.73837280273438], "obj_id": 0}, {"cam_R_m2c": [-0.036864664405584335, -0.9326226711273193, 0.3589649498462677, 0.8781493902206421, 0.14121375977993011, 0.4570692181587219, -0.47696393728256226, 0.3320745825767517, 0.8137763142585754], "cam_t_m2c": [-434.7114562988281, 414.5156555175781, 18.698829650878906], "obj_id": 1}, {"cam_R_m2c": [0.12032318115234375, -0.8177666068077087, -0.5628321170806885, 0.8729049563407898, 0.35718032717704773, -0.3323538601398468, 0.4728204607963562, -0.45130911469459534, 0.756809651851654], "cam_t_m2c": [-632.7725219726562, 173.61776733398438, 304.5019836425781], "obj_id": 0}, {"cam_R_m2c": [0.3115449845790863, -0.0631251260638237, -0.948132336139679, 0.8816038370132446, 0.3915099501609802, 0.2636183798313141, 0.35456225275993347, -0.9180060625076294, 0.17762431502342224], "cam_t_m2c": [-622.5695190429688, 278.6837158203125, 158.81365966796875], "obj_id": 0}, {"cam_R_m2c": [-0.20712201297283173, 0.7158802151679993, 0.6667953133583069, -0.7108055949211121, 0.3581932485103607, -0.6053536534309387, -0.6722022891044617, -0.5993438959121704, 0.43466195464134216], "cam_t_m2c": [-543.5963134765625, 309.8758239746094, 78.8346939086914], "obj_id": 2}, {"cam_R_m2c": [0.48708444833755493, 0.14583328366279602, -0.8610931038856506, 0.7501687407493591, 0.43500757217407227, 0.49801120162010193, 0.44720858335494995, -0.888538658618927, 0.10248586535453796], "cam_t_m2c": [-889.0365600585938, 412.927490234375, 242.44976806640625], "obj_id": 2}, {"cam_R_m2c": [-0.6092265248298645, -0.7864046096801758, -0.10203278809785843, 0.7410473823547363, -0.6103881597518921, 0.27977651357650757, -0.28229719400405884, 0.09483616054058075, 0.9546278715133667], "cam_t_m2c": [-700.2665405273438, 328.3441162109375, 202.02098083496094], "obj_id": 3}, {"cam_R_m2c": [-0.7294391393661499, -0.6836456060409546, -0.023394547402858734, -0.6382976770401001, 0.6679598093032837, 0.3826301395893097, -0.24595679342746735, 0.2940380573272705, -0.9236054420471191], "cam_t_m2c": [-202.08242797851562, 294.659423828125, 12.757486343383789], "obj_id": 0}],
  "3": [{"cam_R_m2c": [0.07493256777524948, -0.9968969821929932, 0.024111609905958176, 0.7937995195388794, 0.04499707743525505, -0.6065125465393066, 0.6035456657409668, 0.0645872950553894, 0.7947081923484802], "cam_t_m2c": [-594.9738159179688, 224.40989685058594, 215.73837280273438], "obj_id": 0}, {"cam_R_m2c": [-0.036864664405584335, -0.9326226711273193, 0.3589649498462677, 0.8781493902206421, 0.14121375977993011, 0.4570692181587219, -0.47696393728256226, 0.3320745825767517, 0.8137763142585754], "cam_t_m2c": [-434.7114562988281, 414.5156555175781, 18.698829650878906], "obj_id": 1}, {"cam_R_m2c": [0.12032318115234375, -0.8177666068077087, -0.5628321170806885, 0.8729049563407898, 0.35718032717704773, -0.3323538601398468, 0.4728204607963562, -0.45130911469459534, 0.756809651851654], "cam_t_m2c": [-632.7725219726562, 173.61776733398438, 304.5019836425781], "obj_id": 0}, {"cam_R_m2c": [0.3115449845790863, -0.0631251260638237, -0.948132336139679, 0.8816038370132446, 0.3915099501609802, 0.2636183798313141, 0.35456225275993347, -0.9180060625076294, 0.17762431502342224], "cam_t_m2c": [-622.5695190429688, 278.6837158203125, 158.81365966796875], "obj_id": 0}, {"cam_R_m2c": [-0.20712201297283173, 0.7158802151679993, 0.6667953133583069, -0.7108055949211121, 0.3581932485103607, -0.6053536534309387, -0.6722022891044617, -0.5993438959121704, 0.43466195464134216], "cam_t_m2c": [-543.5963134765625, 309.8758239746094, 78.8346939086914], "obj_id": 2}, {"cam_R_m2c": [0.48708444833755493, 0.14583328366279602, -0.8610931038856506, 0.7501687407493591, 0.43500757217407227, 0.49801120162010193, 0.44720858335494995, -0.888538658618927, 0.10248586535453796], "cam_t_m2c": [-889.0365600585938, 412.927490234375, 242.44976806640625], "obj_id": 2}, {"cam_R_m2c": [-0.6092265248298645, -0.7864046096801758, -0.10203278809785843, 0.7410473823547363, -0.6103881597518921, 0.27977651357650757, -0.28229719400405884, 0.09483616054058075, 0.9546278715133667], "cam_t_m2c": [-700.2665405273438, 328.3441162109375, 202.02098083496094], "obj_id": 3}, {"cam_R_m2c": [-0.7294391393661499, -0.6836456060409546, -0.023394547402858734, -0.6382976770401001, 0.6679598093032837, 0.3826301395893097, -0.24595679342746735, 0.2940380573272705, -0.9236054420471191], "cam_t_m2c": [-202.08242797851562, 294.659423828125, 12.757486343383789], "obj_id": 0}],
  "4": [{"cam_R_m2c": [0.07493256777524948, -0.9968969821929932, 0.024111609905958176, 0.7937995195388794, 0.04499707743525505, -0.6065125465393066, 0.6035456657409668, 0.0645872950553894, 0.7947081923484802], "cam_t_m2c": [-594.9738159179688, 224.40989685058594, 215.73837280273438], "obj_id": 0}, {"cam_R_m2c": [-0.036864664405584335, -0.9326226711273193, 0.3589649498462677, 0.8781493902206421, 0.14121375977993011, 0.4570692181587219, -0.47696393728256226, 0.3320745825767517, 0.8137763142585754], "cam_t_m2c": [-434.7114562988281, 414.5156555175781, 18.698829650878906], "obj_id": 1}, {"cam_R_m2c": [0.12032318115234375, -0.8177666068077087, -0.5628321170806885, 0.8729049563407898, 0.35718032717704773, -0.3323538601398468, 0.4728204607963562, -0.45130911469459534, 0.756809651851654], "cam_t_m2c": [-632.7725219726562, 173.61776733398438, 304.5019836425781], "obj_id": 0}, {"cam_R_m2c": [0.3115449845790863, -0.0631251260638237, -0.948132336139679, 0.8816038370132446, 0.3915099501609802, 0.2636183798313141, 0.35456225275993347, -0.9180060625076294, 0.17762431502342224], "cam_t_m2c": [-622.5695190429688, 278.6837158203125, 158.81365966796875], "obj_id": 0}, {"cam_R_m2c": [-0.20712201297283173, 0.7158802151679993, 0.6667953133583069, -0.7108055949211121, 0.3581932485103607, -0.6053536534309387, -0.6722022891044617, -0.5993438959121704, 0.43466195464134216], "cam_t_m2c": [-543.5963134765625, 309.8758239746094, 78.8346939086914], "obj_id": 2}, {"cam_R_m2c": [0.48708444833755493, 0.14583328366279602, -0.8610931038856506, 0.7501687407493591, 0.43500757217407227, 0.49801120162010193, 0.44720858335494995, -0.888538658618927, 0.10248586535453796], "cam_t_m2c": [-889.0365600585938, 412.927490234375, 242.44976806640625], "obj_id": 2}, {"cam_R_m2c": [-0.6092265248298645, -0.7864046096801758, -0.10203278809785843, 0.7410473823547363, -0.6103881597518921, 0.27977651357650757, -0.28229719400405884, 0.09483616054058075, 0.9546278715133667], "cam_t_m2c": [-700.2665405273438, 328.3441162109375, 202.02098083496094], "obj_id": 3}, {"cam_R_m2c": [-0.7294391393661499, -0.6836456060409546, -0.023394547402858734, -0.6382976770401001, 0.6679598093032837, 0.3826301395893097, -0.24595679342746735, 0.2940380573272705, -0.9236054420471191], "cam_t_m2c": [-202.08242797851562, 294.659423828125, 12.757486343383789], "obj_id": 0}]
}