{
  "0": [{"cam_R_m2c": [-0.35899272561073303, 0.8720682859420776, -0.332597553730011, 0.6617318987846375, -0.013490474782884121, -0.74961918592453, -0.658206045627594, -0.489198237657547, -0.5722324252128601], "cam_t_m2c": [-515.4979248046875, 319.0791320800781, 928.4797973632812], "obj_id": 0}, {"cam_R_m2c": [-0.22265732288360596, -0.8323575258255005, -0.5075476169586182, -0.4444827437400818, -0.37668436765670776, 0.8127384781837463, -0.8676742911338806, 0.40655839443206787, -0.2860969603061676], "cam_t_m2c": [-318.8750915527344, 331.78094482421875, 757.7206420898438], "obj_id": 0}, {"cam_R_m2c": [-0.8797842264175415, -0.37353941798210144, -0.2940201461315155, 0.47433948516845703, -0.7305791974067688, -0.4911781847476959, -0.03133060410618782, -0.5715962648391724, 0.8199366331100464], "cam_t_m2c": [1437.8865966796875, -38739.73046875, -63860.08984375], "obj_id": 1}, {"cam_R_m2c": [0.9757217764854431, -0.14599595963954926, -0.16325490176677704, -0.216545969247818, -0.5315126180648804, -0.8189029097557068, 0.032784461975097656, 0.8343735933303833, -0.5502232909202576], "cam_t_m2c": [-490.9277648925781, 467.101318359375, 723.2393188476562], "obj_id": 2}],
  "1": [{"cam_R_m2c": [0.7024743556976318, -0.6973044276237488, 0.1424652636051178, -0.6117364764213562, -0.69388347864151, -0.3798738420009613, 0.36374199390411377, 0.17970041930675507, -0.9140019416809082], "cam_t_m2c": [568.22412109375, 177.92433166503906, 984.7702026367188], "obj_id": 0}, {"cam_R_m2c": [0.21471114456653595, 0.5346434712409973, 0.8173466324806213, -0.7256078124046326, 0.6474875211715698, -0.23292309045791626, -0.6537525653839111, -0.5430619120597839, 0.5269642472267151], "cam_t_m2c": [429.082275390625, -38.585845947265625, 1027.9539794921875], "obj_id": 0}, {"cam_R_m2c": [0.9792031645774841, 0.18649430572986603, -0.07988117635250092, 0.14544203877449036, -0.3707605302333832, 0.9172692894935608, 0.1414487212896347, -0.9098110795021057, -0.3901740312576294], "cam_t_m2c": [-2419.815185546875, -58168.17578125, -47117.13671875], "obj_id": 1}, {"cam_R_m2c": [-0.9718475341796875, -0.23198625445365906, -0.04116286709904671, -0.19744376838207245, 0.8972237706184387, -0.3949751853942871, 0.1285611242055893, -0.37572839856147766, -0.9177689552307129], "cam_t_m2c": [641.9232177734375, -41.84980010986328, 1089.2933349609375], "obj_id": 2}]
}