{
  "0": [{"cam_R_m2c": [-0.39632219076156616, -0.24098479747772217, -0.8859204053878784, -0.6790106296539307, -0.5725415349006653, 0.45950043201446533, -0.6179589033126831, 0.7836596369743347, 0.06327973306179047], "cam_t_m2c": [14.218478202819824, 31.469051361083984, 284.7218017578125], "obj_id": 0}, {"cam_R_m2c": [0.9300907850265503, -0.2950788736343384, -0.21876844763755798, -0.07796725630760193, -0.74057936668396, 0.6674304008483887, -0.35896000266075134, -0.6037140488624573, -0.7118124961853027], "cam_t_m2c": [176.1560516357422, 46.128997802734375, 102.15188598632812], "obj_id": 1}, {"cam_R_m2c": [0.6427446007728577, -0.6716078519821167, 0.36854076385498047, -0.5273260474205017, -0.7368320822715759, -0.4230908155441284, 0.5557037591934204, 0.07759823650121689, -0.8277511596679688], "cam_t_m2c": [132.49652099609375, -133.6347198486328, 385.8524475097656], "obj_id": 2}, {"cam_R_m2c": [-0.38534167408943176, 0.3580761253833771, 0.8504664897918701, 0.8537827134132385, -0.21131612360477448, 0.47581568360328674, 0.3500955104827881, 0.9094651937484741, -0.22429031133651733], "cam_t_m2c": [-143.6737060546875, -241.17916870117188, 310.3392639160156], "obj_id": 3}, {"cam_R_m2c": [0.16383463144302368, 0.32531729340553284, 0.931303858757019, 0.2915463447570801, -0.9178568720817566, 0.2693313956260681, 0.9424218535423279, 0.22739242017269135, -0.24522177875041962], "cam_t_m2c": [49.36083221435547, 33.12518310546875, 109.51388549804688], "obj_id": 0}, {"cam_R_m2c": [0.7497842311859131, 0.46578988432884216, 0.4699610769748688, -0.1274375170469284, 0.7986084222793579, -0.5882042646408081, -0.6492944955825806, 0.38113561272621155, 0.6581431031227112], "cam_t_m2c": [99.8134765625, 33.448978424072266, 89.29546356201172], "obj_id": 1}, {"cam_R_m2c": [0.4565756320953369, -0.6287636160850525, -0.629440188407898, -0.7987346053123474, 0.02193092368543148, -0.601283609867096, 0.391869455575943, 0.7772871255874634, -0.49220213294029236], "cam_t_m2c": [239.48995971679688, 12.481331825256348, 117.65193176269531], "obj_id": 2}, {"cam_R_m2c": [0.4829045832157135, 0.7865545153617859, 0.38488319516181946, 0.8159263134002686, -0.2445938140153885, -0.5238682627677917, -0.31791093945503235, 0.5670146942138672, -0.7598860263824463], "cam_t_m2c": [-41.999759674072266, -13.521656036376953, 94.80345153808594], "obj_id": 3}, {"cam_R_m2c": [0.4658832550048828, -0.17822162806987762, 0.8667120337486267, -0.39155876636505127, -0.9199060797691345, 0.021314438432455063, 0.7934950590133667, -0.34929877519607544, -0.4983530044555664], "cam_t_m2c": [-19.53644371032715, -13.403568267822266, 349.5903015136719], "obj_id": 0}, {"cam_R_m2c": [-0.40424805879592896, -0.37485015392303467, 0.8343086242675781, -0.9000178575515747, 0.3255251348018646, -0.2898296117782593, -0.16294574737548828, -0.8680557012557983, -0.46896472573280334], "cam_t_m2c": [142.81884765625, 39.926605224609375, 247.1082763671875], "obj_id": 1}, {"cam_R_m2c": [0.16900885105133057, -0.4436104893684387, 0.8801395893096924, 0.9394271969795227, 0.34266236424446106, -0.007683883421123028, -0.29818207025527954, 0.8281257152557373, 0.4746527373790741], "cam_t_m2c": [188.30970764160156, 39.517059326171875, 255.0744171142578], "obj_id": 2}, {"cam_R_m2c": [0.9591808319091797, -0.1342008113861084, 0.24892227351665497, 0.21889343857765198, 0.9096336960792542, -0.3530612289905548, -0.17904697358608246, 0.39313703775405884, 0.901878833770752], "cam_t_m2c": [76.51007843017578, 45.29719161987305, 161.25003051757812], "obj_id": 3}, {"cam_R_m2c": [0.4354112148284912, -0.22309401631355286, -0.8721502423286438, -0.8924832344055176, -0.23381094634532928, -0.385753870010376, -0.11785893142223358, 0.9463410377502441, -0.300911545753479], "cam_t_m2c": [49.88749313354492, -61.29373550415039, 295.0257568359375], "obj_id": 0}, {"cam_R_m2c": [-0.3761672079563141, 0.6658191084861755, -0.6443470120429993, 0.8640151023864746, 0.5032245516777039, 0.015585257671773434, 0.334628164768219, -0.5508629083633423, -0.7645743489265442], "cam_t_m2c": [92.9402847290039, 44.811279296875, 215.43930053710938], "obj_id": 1}, {"cam_R_m2c": [-0.7846639752388, -0.44712281227111816, -0.4293992221355438, -0.5184715390205383, 0.8530448079109192, 0.059176038950681686, 0.33983781933784485, 0.2690645754337311, -0.901174008846283], "cam_t_m2c": [106.67027282714844, 39.86354064941406, 307.7525939941406], "obj_id": 2}, {"cam_R_m2c": [-0.3932346999645233, -0.41214048862457275, 0.8218921422958374, 0.9183865785598755, -0.13332736492156982, 0.37254512310028076, -0.04396020248532295, 0.9013124108314514, 0.43093326687812805], "cam_t_m2c": [-16.667171478271484, -202.2847442626953, 241.0834503173828], "obj_id": 3}]
}