{
  "0": [{"cam_R_m2c": [0.7966792583465576, 0.5177138447761536, 0.3118886351585388, 0.6006971597671509, -0.6211785078048706, -0.5032891631126404, -0.06682121753692627, 0.5883106589317322, -0.8058692812919617], "cam_t_m2c": [-116.43788146972656, -91.88386535644531, 694.0272216796875], "obj_id": 0}, {"cam_R_m2c": [0.569589376449585, -0.8216658234596252, 0.02081185020506382, -0.5871692299842834, -0.3890538215637207, 0.7098374366760254, -0.5751523375511169, -0.4165359139442444, -0.7040578126907349], "cam_t_m2c": [-118.16122436523438, 95.52483367919922, 845.693115234375], "obj_id": 3}, {"cam_R_m2c": [-0.6355995535850525, 0.47514528036117554, 0.6084819436073303, 0.6397585272789001, -0.11698572337627411, 0.7596206068992615, 0.4321138262748718, 0.8720959424972534, -0.22962220013141632], "cam_t_m2c": [4216.8896484375, -25729.044921875, -9741.8076171875], "obj_id": 2}, {"cam_R_m2c": [0.4405662715435028, 0.6995667219161987, -0.5625902414321899, -0.1520634889602661, 0.6757862567901611, 0.7212417125701904, 0.8847474455833435, -0.2322053611278534, 0.4041071832180023], "cam_t_m2c": [-268.35821533203125, 251.9500274658203, 753.702880859375], "obj_id": 1}],
  "1": [{"cam_R_m2c": [0.8622758984565735, 0.3933371305465698, 0.31900811195373535, 0.43931737542152405, -0.8943232297897339, -0.08476951718330383, 0.2519534230232239, 0.21324051916599274, -0.9439532160758972], "cam_t_m2c": [-93.97783660888672, 121.8182601928711, 394.5105285644531], "obj_id": 0}, {"cam_R_m2c": [0.545452356338501, -0.822821855545044, 0.1595173329114914, -0.30541911721229553, -0.017893319949507713, 0.952049732208252, -0.7805131077766418, -0.5680174231529236, -0.26106545329093933], "cam_t_m2c": [-87.14026641845703, 209.6325225830078, 619.246826171875], "obj_id": 3}, {"cam_R_m2c": [-0.5929471850395203, 0.3845677971839905, 0.7074750661849976, 0.4296468198299408, -0.5919801592826843, 0.681881844997406, 0.6810411214828491, 0.7082844376564026, 0.18578483164310455], "cam_t_m2c": [2166.5498046875, -17500.08984375, -21268.93359375], "obj_id": 2}, {"cam_R_m2c": [0.34531107544898987, 0.7883922457695007, -0.5091148018836975, -0.6235624551773071, 0.5981656908988953, 0.503356397151947, 0.701377272605896, 0.1436503380537033, 0.6981650590896606], "cam_t_m2c": [-210.4793701171875, 410.3468017578125, 614.0056762695312], "obj_id": 1}]
}