{
  "0": [{"cam_R_m2c": [0.11553734540939331, -0.9925817251205444, 0.037849657237529755, -0.8025610446929932, -0.11573522537946701, -0.5852358341217041, 0.5852749943733215, 0.037239909172058105, -0.8099791407585144], "cam_t_m2c": [-211.1370086669922, 442.5535888671875, 838.7367553710938], "obj_id": 0}, {"cam_R_m2c": [-0.9461981654167175, -0.2982198894023895, -0.12559464573860168, -0.1352657973766327, 0.011927125975489616, 0.9907375574111938, -0.29395967721939087, 0.9544227123260498, -0.05162442848086357], "cam_t_m2c": [-4473.81005859375, -7481.4208984375, 2380.9638671875], "obj_id": 1}, {"cam_R_m2c": [0.8987260460853577, 0.3687756061553955, 0.23726780712604523, -0.27077391743659973, 0.041097190231084824, 0.9617652893066406, 0.34492453932762146, -0.9286094903945923, 0.136789932847023], "cam_t_m2c": [146.92994689941406, 443.2315979003906, 1009.5362548828125], "obj_id": 0}, {"cam_R_m2c": [-0.8634918332099915, 0.5008510947227478, 0.05941314622759819, -0.4641695022583008, -0.7430644035339355, -0.48208075761795044, -0.1973028928041458, -0.443850576877594, 0.8741099834442139], "cam_t_m2c": [-5113.01611328125, -5162.572265625, -14314.1650390625], "obj_id": 1}],
  "1": [{"cam_R_m2c": [0.4361555576324463, -0.8960759043693542, 0.08256015181541443, -0.2310173511505127, -0.2001703977584839, -0.9521358013153076, 0.8697121739387512, 0.39620643854141235, -0.2943144738674164], "cam_t_m2c": [-361.4131774902344, 181.0238494873047, 475.43048095703125], "obj_id": 0}, {"cam_R_m2c": [-0.8979296088218689, -0.13675618171691895, -0.41835397481918335, -0.41699522733688354, 0.5684888958930969, 0.7091793417930603, 0.1408449113368988, 0.811244785785675, -0.5674896836280823], "cam_t_m2c": [-1806.9981689453125, -5497.22607421875, 7475.73681640625], "obj_id": 1}, {"cam_R_m2c": [0.9807071089744568, 0.19166447222232819, -0.03844800218939781, 0.1316312551498413, -0.5020655989646912, 0.854753315448761, 0.14452242851257324, -0.8433236479759216, -0.5176083445549011], "cam_t_m2c": [2.51421856880188, 337.2413635253906, 496.3385314941406], "obj_id": 0}, {"cam_R_m2c": [-0.7080456018447876, 0.622410237789154, 0.33358147740364075, -0.5968706607818604, -0.779923141002655, 0.18832136690616608, 0.3773811459541321, -0.06576487421989441, 0.9237198829650879], "cam_t_m2c": [-5681.25927734375, -14302.146484375, -6380.095703125], "obj_id": 1}]
}