{
  "0": [{"cam_R_m2c": [-0.37490540742874146, 0.8517524003982544, -0.3660108149051666, -0.9265106916427612, -0.3578718602657318, 0.11621423810720444, -0.03199920058250427, 0.38268226385116577, 0.9233257174491882], "cam_t_m2c": [240.75160217285156, -246.588623046875, 833.8250732421875], "obj_id": 2}, {"cam_R_m2c": [0.8867979049682617, -0.3013240098953247, -0.3504188060760498, -0.0029261528979986906, -0.7618694305419922, 0.6477239727973938, -0.46214818954467773, -0.57337486743927, -0.6765059232711792], "cam_t_m2c": [326.069091796875, -219.9867706298828, 896.7408447265625], "obj_id": 3}, {"cam_R_m2c": [-0.04109364002943039, 0.9288859367370605, 0.3680793344974518, -0.2286452054977417, 0.34987255930900574, -0.908466100692749, -0.972642183303833, -0.1214916855096817, 0.1980077177286148], "cam_t_m2c": [226.32577514648438, -152.60134887695312, 810.374267578125], "obj_id": 3}, {"cam_R_m2c": [-0.4647589921951294, -0.8110458850860596, 0.355251669883728, -0.8759908676147461, 0.3627193868160248, -0.3179225027561188, 0.12899304926395416, -0.4589545428752899, -0.879045844078064], "cam_t_m2c": [73.31391143798828, -395.8790588378906, 588.0231323242188], "obj_id": 0}],
  "1": [{"cam_R_m2c": [-0.585554838180542, 0.6881470084190369, -0.42846134305000305, -0.8076502680778503, -0.5405473113059998, 0.23560471832752228, -0.06947294622659683, 0.48400643467903137, 0.8723022937774658], "cam_t_m2c": [166.14138793945312, -295.8139953613281, 1088.00439453125], "obj_id": 2}, {"cam_R_m2c": [0.9052719473838806, -0.4126940667629242, -0.10082821547985077, -0.2359655350446701, -0.6858099102973938, 0.6884655356407166, -0.3532746732234955, -0.5994565486907959, -0.7182260751724243], "cam_t_m2c": [247.67141723632812, -288.5807800292969, 1160.35107421875], "obj_id": 3}, {"cam_R_m2c": [0.014520527794957161, 0.9940571188926697, 0.10788731276988983, -0.24709171056747437, 0.10811956226825714, -0.9629412889480591, -0.9688833355903625, -0.01267561037093401, 0.24719318747520447], "cam_t_m2c": [178.07518005371094, -202.06504821777344, 1062.2308349609375], "obj_id": 3}, {"cam_R_m2c": [-0.6778636574745178, -0.6391136646270752, 0.3633655607700348, -0.7308985590934753, 0.5325330495834351, -0.42684412002563477, 0.0792977586388588, -0.5549255013465881, -0.8281120657920837], "cam_t_m2c": [-3.9121360778808594, -408.7127380371094, 825.0829467773438], "obj_id": 0}]
}