{
  "0": [{"cam_R_m2c": [0.8116968870162964, 0.5222857594490051, 0.26146838068962097, 0.04727938398718834, -0.5049434304237366, 0.8618565797805786, 0.5821621417999268, -0.6872042417526245, -0.4345543682575226], "cam_t_m2c": [173.9897918701172, 340.4349060058594, 492.6263732910156], "obj_id": 0}, {"cam_R_m2c": [0.8080739378929138, 0.5839464664459229, 0.0776081457734108, -0.4668588936328888, 0.7151769399642944, -0.5201584100723267, -0.35924819111824036, 0.38409438729286194, 0.8505364656448364], "cam_t_m2c": [-936.2041015625, -21949.904296875, -11627.93359375], "obj_id": 2}, {"cam_R_m2c": [0.36854663491249084, 0.5159735083580017, 0.7732688784599304, 0.024036932736635208, 0.8262539505958557, -0.562784731388092, -0.929298460483551, 0.22599944472312927, 0.29211071133613586], "cam_t_m2c": [73.34676361083984, 554.0606689453125, 389.1068420410156], "obj_id": 1}, {"cam_R_m2c": [-0.06846921145915985, 0.8747048377990723, 0.47979536652565, 0.8287470936775208, -0.21787506341934204, 0.5154696106910706, 0.5554191470146179, 0.43292275071144104, -0.7099913358688354], "cam_t_m2c": [-5.418237209320068, 457.9862976074219, 259.9915771484375], "obj_id": 0}],
  "1": [{"cam_R_m2c": [0.7792403101921082, 0.46140560507774353, -0.4241337478160858, 0.598156213760376, -0.7495347261428833, 0.2835612893104553, -0.1870661824941635, -0.47466060519218445, -0.8600603342056274], "cam_t_m2c": [-145.25782775878906, 50.841636657714844, 475.6800842285156], "obj_id": 0}, {"cam_R_m2c": [0.7631871700286865, 0.16685670614242554, 0.6242629289627075, -0.43395349383354187, 0.848159670829773, 0.30382490158081055, -0.4787793755531311, -0.5027763247489929, 0.7197126150131226], "cam_t_m2c": [7639.1953125, -23619.859375, 5382.93896484375], "obj_id": 2}, {"cam_R_m2c": [-0.030636616051197052, 0.0019023878267034888, 0.9995287656784058, -0.6101211309432983, 0.7920504212379456, -0.02020834945142269, -0.7917156219482422, -0.6104527711868286, -0.023105058819055557], "cam_t_m2c": [-375.15460205078125, 96.48177337646484, 368.36126708984375], "obj_id": 1}, {"cam_R_m2c": [-0.3394888639450073, 0.928335964679718, -0.1514589935541153, 0.9391733407974243, 0.32565030455589294, -0.10911152511835098, -0.05196947231888771, -0.17928838729858398, -0.9824230670928955], "cam_t_m2c": [-422.7576904296875, -74.88286590576172, 390.2430419921875], "obj_id": 0}]
}