{
  "0": [{"cam_R_m2c": [0.14617250859737396, 0.45943835377693176, -0.8760992884635925, -0.08761674165725708, -0.8761186599731445, -0.4740668833255768, -0.985371470451355, 0.14605651795864105, -0.0878099724650383], "cam_t_m2c": [-5.111385345458984, -189.35214233398438, 539.8292236328125], "obj_id": 2}, {"cam_R_m2c": [-0.9542886018753052, -0.2696530222892761, 0.1289205253124237, 0.2981913387775421, -0.8883535265922546, 0.3491560220718384, 0.020376024767756462, 0.37163859605789185, 0.9281538724899292], "cam_t_m2c": [-55.98661804199219, -112.83562469482422, 833.1810302734375], "obj_id": 1}, {"cam_R_m2c": [0.3615745007991791, 0.5897102952003479, 0.7221534848213196, -0.9256515502929688, 0.31968924403190613, 0.2024056762456894, -0.11150400340557098, -0.7416471838951111, 0.6614577174186707], "cam_t_m2c": [-217.16546630859375, -101.44514465332031, 448.7835693359375], "obj_id": 2}, {"cam_R_m2c": [0.4392149746417999, -0.18180489540100098, 0.8797937631607056, 0.8859903812408447, 0.2497510313987732, -0.39069864153862, -0.14869844913482666, 0.9510895609855652, 0.2707718014717102], "cam_t_m2c": [-150.54942321777344, 2.380387783050537, 436.1502990722656], "obj_id": 0}],
  "1": [{"cam_R_m2c": [0.043391842395067215, 0.6201591491699219, -0.7832750082015991, -0.04678370803594589, -0.7818920016288757, -0.6216558814048767, -0.9979621171951294, 0.06361928582191467, -0.004914329387247562], "cam_t_m2c": [6.338976860046387, -184.9227752685547, 697.83984375], "obj_id": 2}, {"cam_R_m2c": [-0.9828609228134155, -0.06406938284635544, 0.1728573888540268, 0.12269564718008041, -0.9271661043167114, 0.35399001836776733, 0.13758757710456848, 0.36913177371025085, 0.9191362261772156], "cam_t_m2c": [-22.651126861572266, -122.51583862304688, 997.4053344726562], "obj_id": 1}, {"cam_R_m2c": [0.5031746029853821, 0.43375715613365173, 0.7474423050880432, -0.8446184396743774, 0.42984431982040405, 0.31914499402046204, -0.1828523427248001, -0.7918891906738281, 0.5826460719108582], "cam_t_m2c": [-227.02737426757812, -134.89041137695312, 634.1071166992188], "obj_id": 2}, {"cam_R_m2c": [0.2562256157398224, -0.11072410643100739, 0.960254430770874, 0.9521058201789856, 0.200397789478302, -0.23094402253627777, -0.16686175763607025, 0.9734376668930054, 0.15676812827587128], "cam_t_m2c": [-181.6421356201172, -20.70766258239746, 617.7325439453125], "obj_id": 0}]
}