{
  "0": [{"cam_R_m2c": [-0.5512784123420715, -0.8330085873603821, -0.04678851366043091, -0.8129623532295227, 0.5489278435707092, -0.19434641301631927, 0.18757574260234833, -0.06910165399312973, -0.9798166751861572], "cam_t_m2c": [-142.29415893554688, 283.6009826660156, 343.0191955566406], "obj_id": 1}, {"cam_R_m2c": [0.9203107357025146, 0.19008614122867584, 0.34189966320991516, -0.2921954393386841, -0.24708256125450134, 0.9238896369934082, 0.2600960433483124, -0.9501670598983765, -0.17185042798519135], "cam_t_m2c": [-289.85247802734375, 151.88455200195312, 484.16766357421875], "obj_id": 2}, {"cam_R_m2c": [-0.13681615889072418, -0.7995654940605164, 0.5847873687744141, -0.31353265047073364, 0.5949417948722839, 0.7400956153869629, -0.9396693706512451, -0.08209285885095596, -0.33208751678466797], "cam_t_m2c": [227.10971069335938, -140.765380859375, 674.7990112304688], "obj_id": 3}, {"cam_R_m2c": [0.6145931482315063, -0.09996107220649719, -0.7824851870536804, 0.09915134310722351, -0.9742830395698547, 0.20234008133411407, -0.7825881838798523, -0.20194128155708313, -0.5888764262199402], "cam_t_m2c": [569.6951904296875, -133.97084045410156, 796.446533203125], "obj_id": 4}, {"cam_R_m2c": [0.5311251878738403, -0.055027611553668976, -0.8455045819282532, -0.22959387302398682, 0.9512077569961548, -0.20613224804401398, 0.815593421459198, 0.30360469222068787, 0.49257636070251465], "cam_t_m2c": [-88.29037475585938, -379.9720458984375, 1018.635986328125], "obj_id": 1}, {"cam_R_m2c": [0.6993763446807861, 0.2915770709514618, 0.6525761485099792, 0.4198453426361084, 0.571308434009552, -0.7052209973335266, -0.5784485340118408, 0.7671958804130554, 0.27714231610298157], "cam_t_m2c": [163.9541778564453, 49.24757766723633, 641.283203125], "obj_id": 2}, {"cam_R_m2c": [0.1270299255847931, 0.5855507850646973, 0.8006206750869751, 0.06624044477939606, -0.8103654980659485, 0.5821679830551147, 0.989684522151947, -0.02091922238469124, -0.14172764122486115], "cam_t_m2c": [319.7806701660156, -355.690185546875, 872.1005859375], "obj_id": 3}, {"cam_R_m2c": [-0.6910058259963989, 0.6139509677886963, 0.38154295086860657, -0.010729881934821606, 0.5190619826316833, -0.8546692132949829, -0.7227694392204285, -0.5946753621101379, -0.35208722949028015], "cam_t_m2c": [-19.721010208129883, 300.2992248535156, 389.75811767578125], "obj_id": 4}, {"cam_R_m2c": [0.16094447672367096, 0.6191354393959045, 0.7686144113540649, 0.6205043196678162, -0.6690813302993774, 0.4090286195278168, 0.7675097584724426, 0.4110976755619049, -0.49186110496520996], "cam_t_m2c": [-372.44329833984375, -323.2564697265625, 823.7435913085938], "obj_id": 1}, {"cam_R_m2c": [-0.8937331438064575, 0.18228545784950256, 0.4098941683769226, 0.1391507089138031, -0.7560016512870789, 0.6396082639694214, 0.42647191882133484, 0.6286761164665222, 0.6502984762191772], "cam_t_m2c": [252.84970092773438, -325.5870666503906, 801.6089477539062], "obj_id": 2}, {"cam_R_m2c": [-0.7187532186508179, 0.2052207738161087, 0.6642878651618958, 0.5032106041908264, 0.8128488063812256, 0.2933529317378998, -0.4797634482383728, 0.5451250076293945, -0.6875069737434387], "cam_t_m2c": [456.40814208984375, -214.44981384277344, 910.90185546875], "obj_id": 3}, {"cam_R_m2c": [-0.7688199281692505, -0.08186917006969452, 0.6342031359672546, -0.6374167799949646, 0.01878945529460907, -0.7702901363372803, 0.05114663019776344, -0.9964660406112671, -0.06663062423467636], "cam_t_m2c": [-100.97837829589844, 195.4196319580078, 477.8697509765625], "obj_id": 4}, {"cam_R_m2c": [-0.09519621729850769, -0.3984264135360718, -0.9122467041015625, -0.8617939949035645, -0.425694078207016, 0.2758544087409973, -0.4982457160949707, 0.8124290704727173, -0.3028370141983032], "cam_t_m2c": [-85.15462493896484, -113.61386108398438, 714.7122192382812], "obj_id": 1}, {"cam_R_m2c": [0.15170758962631226, -0.9756983518600464, -0.1581060290336609, 0.5868319869041443, 0.21762479841709137, -0.7799151539802551, 0.7953697443008423, 0.025537380948662758, 0.6055863499641418], "cam_t_m2c": [550.2828369140625, -14.846014022827148, 585.7683715820312], "obj_id": 2}, {"cam_R_m2c": [0.31767717003822327, 0.547977864742279, 0.7738226056098938, -0.47738924622535706, 0.7975507974624634, -0.3687983751296997, -0.8192561864852905, -0.25225576758384705, 0.5149624347686768], "cam_t_m2c": [-325.4711608886719, -241.06201171875, 821.4326171875], "obj_id": 3}, {"cam_R_m2c": [0.7067338228225708, -0.5983086824417114, -0.37756335735321045, 0.5645918846130371, 0.1553671807050705, 0.8106153011322021, -0.4263371527194977, -0.7860584259033203, 0.44760340452194214], "cam_t_m2c": [316.73883056640625, -469.8932189941406, 1032.1937255859375], "obj_id": 4}],
  "1": [{"cam_R_m2c": [-0.6085748076438904, -0.7864086031913757, -0.10582192242145538, -0.7717154622077942, 0.6176149249076843, -0.15168073773384094, 0.18464022874832153, -0.010644651018083096, -0.9827485680580139], "cam_t_m2c": [-126.18002319335938, 318.7651062011719, 294.9750671386719], "obj_id": 1}, {"cam_R_m2c": [0.9031716585159302, 0.12688428163528442, 0.4100991189479828, -0.3765079081058502, -0.2247627079486847, 0.8987342715263367, 0.20621028542518616, -0.9661169052124023, -0.15522634983062744], "cam_t_m2c": [-277.9018249511719, 194.20541381835938, 438.1915283203125], "obj_id": 2}, {"cam_R_m2c": [-0.20365357398986816, -0.7498369216918945, 0.6294996738433838, -0.2645563781261444, 0.6612027287483215, 0.7020120620727539, -0.9426214098930359, -0.02357090637087822, -0.33303043246269226], "cam_t_m2c": [220.638427734375, -147.00392150878906, 593.9735717773438], "obj_id": 3}, {"cam_R_m2c": [0.5858028531074524, -0.18985635042190552, -0.7879019975662231, 0.07875140011310577, -0.954239010810852, 0.28848910331726074, -0.806618332862854, -0.23104611039161682, -0.5440444350242615], "cam_t_m2c": [567.5980224609375, -173.03440856933594, 699.5694580078125], "obj_id": 4}, {"cam_R_m2c": [0.5453332662582397, 0.038090988993644714, -0.8373534083366394, -0.30383098125457764, 0.9400144815444946, -0.1551114022731781, 0.7812159657478333, 0.339001327753067, 0.5241943597793579], "cam_t_m2c": [-98.2718505859375, -372.7232360839844, 943.6419677734375], "obj_id": 1}, {"cam_R_m2c": [0.7059840559959412, 0.37171414494514465, 0.6028392314910889, 0.3832525610923767, 0.5152817368507385, -0.7665521502494812, -0.5955703258514404, 0.7722132802009583, 0.22132030129432678], "cam_t_m2c": [172.1859893798828, 48.70280838012695, 570.1387939453125], "obj_id": 2}, {"cam_R_m2c": [0.1754235476255417, 0.5142427086830139, 0.8395123481750488, 0.01714360900223255, -0.8542020320892334, 0.5196585059165955, 0.9843437671661377, -0.07676807045936584, -0.15866312384605408], "cam_t_m2c": [303.57684326171875, -376.2958984375, 779.0543212890625], "obj_id": 3}, {"cam_R_m2c": [-0.7205258011817932, 0.628526508808136, 0.2929116487503052, 0.07399695366621017, 0.48969098925590515, -0.8687503933906555, -0.6894688010215759, -0.6042824387550354, -0.3993441164493561], "cam_t_m2c": [-0.707585334777832, 323.5353088378906, 336.46539306640625], "obj_id": 4}, {"cam_R_m2c": [0.24579356610774994, 0.5784475207328796, 0.7778071761131287, 0.574968159198761, -0.7330204844474792, 0.3634454011917114, 0.7803826928138733, 0.3578817844390869, -0.5127606391906738], "cam_t_m2c": [-384.962158203125, -285.38995361328125, 764.4098510742188], "obj_id": 1}, {"cam_R_m2c": [-0.8593897223472595, 0.14582695066928864, 0.49008581042289734, 0.19526728987693787, -0.7922270894050598, 0.5781410932540894, 0.47256773710250854, 0.5925461649894714, 0.6523563861846924], "cam_t_m2c": [236.36988830566406, -338.0956115722656, 712.8804321289062], "obj_id": 2}, {"cam_R_m2c": [-0.6945050954818726, 0.29620128870010376, 0.6556887030601501, 0.5786619782447815, 0.7715234160423279, 0.2643898129463196, -0.4275665879249573, 0.563042163848877, -0.707227349281311], "cam_t_m2c": [453.10833740234375, -248.34027099609375, 816.3255004882812], "obj_id": 3}, {"cam_R_m2c": [-0.8164483308792114, -0.12365109473466873, 0.5640233755111694, -0.5737698674201965, 0.06409840285778046, -0.8165044188499451, 0.064808689057827, -0.9902533888816833, -0.12328025698661804], "cam_t_m2c": [-86.50727844238281, 222.32705688476562, 424.5644226074219], "obj_id": 4}, {"cam_R_m2c": [-0.18870513141155243, -0.3966027796268463, -0.8983855247497559, -0.8311031460762024, -0.42282217741012573, 0.36123237013816833, -0.5231231451034546, 0.814817488193512, -0.24982903897762299], "cam_t_m2c": [-86.20828247070312, -95.92285919189453, 649.4273681640625], "obj_id": 1}, {"cam_R_m2c": [0.235004261136055, -0.9520162343978882, -0.19605602324008942, 0.5411101579666138, 0.29569703340530396, -0.7872502207756042, 0.8074482679367065, 0.07891920208930969, 0.5846357941627502], "cam_t_m2c": [548.9918823242188, -44.63224411010742, 494.3389587402344], "obj_id": 2}, {"cam_R_m2c": [0.2403874695301056, 0.6011624336242676, 0.7621138691902161, -0.46965810656547546, 0.7591484189033508, -0.45068275928497314, -0.8494910597801208, -0.24959447979927063, 0.464830607175827], "cam_t_m2c": [-331.4272155761719, -207.29388427734375, 762.7784423828125], "obj_id": 3}, {"cam_R_m2c": [0.7320880889892578, -0.6171283721923828, -0.288443386554718, 0.5208956599235535, 0.2342696338891983, 0.820844292640686, -0.43899279832839966, -0.7511792182922363, 0.49296554923057556], "cam_t_m2c": [298.021484375, -495.99298095703125, 935.01318359375], "obj_id": 4}],
  "2": [{"cam_R_m2c": [-0.6085748076438904, -0.7864086031913757, -0.10582192242145538, -0.7717154622077942, 0.6176149249076843, -0.15168073773384094, 0.18464022874832153, -0.010644651018083096, -0.9827485680580139], "cam_t_m2c": [-126.18002319335938, 318.7651062011719, 294.9750671386719], "obj_id": 1}, {"cam_R_m2c": [0.9031716585159302, 0.12688428163528442, 0.4100991189479828, -0.3765079081058502, -0.2247627079486847, 0.8987342715263367, 0.20621028542518616, -0.9661169052124023, -0.15522634983062744], "cam_t_m2c": [-277.9018249511719, 194.20541381835938, 438.1915283203125], "obj_id": 2}, {"cam_R_m2c": [-0.20365357398986816, -0.7498369216918945, 0.6294996738433838, -0.2645563781261444, 0.6612027287483215, 0.7020120620727539, -0.9426214098930359, -0.02357090637087822, -0.33303043246269226], "cam_t_m2c": [220.638427734375, -147.00392150878906, 593.9735717773438], "obj_id": 3}, {"cam_R_m2c": [0.5858028531074524, -0.18985635042190552, -0.7879019975662231, 0.07875140011310577, -0.954239010810852, 0.28848910331726074, -0.806618332862854, -0.23104611039161682, -0.5440444350242615], "cam_t_m2c": [567.5980224609375, -173.03440856933594, 699.5694580078125], "obj_id": 4}, {"cam_R_m2c": [0.5453332662582397, 0.038090988993644714, -0.8373534083366394, -0.30383098125457764, 0.9400144815444946, -0.1551114022731781, 0.7812159657478333, 0.339001327753067, 0.5241943597793579], "cam_t_m2c": [-98.2718505859375, -372.7232360839844, 943.6419677734375], "obj_id": 1}, {"cam_R_m2c": [0.7059840559959412, 0.37171414494514465, 0.6028392314910889, 0.3832525610923767, 0.5152817368507385, -0.7665521502494812, -0.5955703258514404, 0.7722132802009583, 0.22132030129432678], "cam_t_m2c": [172.1859893798828, 48.70280838012695, 570.1387939453125], "obj_id": 2}, {"cam_R_m2c": [0.1754235476255417, 0.5142427086830139, 0.8395123481750488, 0.01714360900223255, -0.8542020320892334, 0.5196585059165955, 0.9843437671661377, -0.07676807045936584, -0.15866312384605408], "cam_t_m2c": [303.57684326171875, -376.2958984375, 779.0543212890625], "obj_id": 3}, {"cam_R_m2c": [-0.7205258011817932, 0.628526508808136, 0.2929116487503052, 0.07399695366621017, 0.48969098925590515, -0.8687503933906555, -0.6894688010215759, -0.6042824387550354, -0.3993441164493561], "cam_t_m2c": [-0.707585334777832, 323.5353088378906, 336.46539306640625], "obj_id": 4}, {"cam_R_m2c": [0.24579356610774994, 0.5784475207328796, 0.7778071761131287, 0.574968159198761, -0.7330204844474792, 0.3634454011917114, 0.7803826928138733, 0.3578817844390869, -0.5127606391906738], "cam_t_m2c": [-384.962158203125, -285.38995361328125, 764.4098510742188], "obj_id": 1}, {"cam_R_m2c": [-0.8593897223472595, 0.14582695066928864, 0.49008581042289734, 0.19526728987693787, -0.7922270894050598, 0.5781410932540894, 0.47256773710250854, 0.5925461649894714, 0.6523563861846924], "cam_t_m2c": [236.36988830566406, -338.0956115722656, 712.8804321289062], "obj_id": 2}, {"cam_R_m2c": [-0.6945050954818726, 0.29620128870010376, 0.6556887030601501, 0.5786619782447815, 0.7715234160423279, 0.2643898129463196, -0.4275665879249573, 0.563042163848877, -0.707227349281311], "cam_t_m2c": [453.10833740234375, -248.34027099609375, 816.3255004882812], "obj_id": 3}, {"cam_R_m2c": [-0.8164483308792114, -0.12365109473466873, 0.5640233755111694, -0.5737698674201965, 0.06409840285778046, -0.8165044188499451, 0.064808689057827, -0.9902533888816833, -0.12328025698661804], "cam_t_m2c": [-86.50727844238281, 222.32705688476562, 424.5644226074219], "obj_id": 4}, {"cam_R_m2c": [-0.18870513141155243, -0.3966027796268463, -0.8983855247497559, -0.8311031460762024, -0.42282217741012573, 0.36123237013816833, -0.5231231451034546, 0.814817488193512, -0.24982903897762299], "cam_t_m2c": [-86.20828247070312, -95.92285919189453, 649.4273681640625], "obj_id": 1}, {"cam_R_m2c": [0.235004261136055, -0.9520162343978882, -0.19605602324008942, 0.5411101579666138, 0.29569703340530396, -0.7872502207756042, 0.8074482679367065, 0.07891920208930969, 0.5846357941627502], "cam_t_m2c": [548.9918823242188, -44.63224411010742, 494.3389587402344], "obj_id": 2}, {"cam_R_m2c": [0.2403874695301056, 0.6011624336242676, 0.7621138691902161, -0.46965810656547546, 0.7591484189033508, -0.45068275928497314, -0.8494910597801208, -0.24959447979927063, 0.464830607175827], "cam_t_m2c": [-331.4272155761719, -207.29388427734375, 762.7784423828125], "obj_id": 3}, {"cam_R_m2c": [0.7320880889892578, -0.6171283721923828, -0.288443386554718, 0.5208956599235535, 0.2342696338891983, 0.820844292640686, -0.43899279832839966, -0.7511792182922363, 0.49296554923057556], "cam_t_m2c": [298.021484375, -495.99298095703125, 935.01318359375], "obj_id": 4}]
}