{
  "0": [{"cam_R_m2c": [-0.9738550782203674, -0.12646065652370453, -0.18871676921844482, 0.1075727567076683, 0.47497159242630005, -0.8734014630317688, 0.20008602738380432, -0.8708671927452087, -0.44894975423812866], "cam_t_m2c": [171.5460205078125, 49.230796813964844, 457.42376708984375], "obj_id": 0}, {"cam_R_m2c": [-0.9738550782203674, -0.12646065652370453, -0.18871676921844482, 0.1075727567076683, 0.47497159242630005, -0.8734014630317688, 0.20008602738380432, -0.8708671927452087, -0.44894975423812866], "cam_t_m2c": [171.5460205078125, 49.230796813964844, 457.42376708984375], "obj_id": 1}, {"cam_R_m2c": [-0.9738550782203674, -0.12646065652370453, -0.18871676921844482, 0.1075727567076683, 0.47497159242630005, -0.8734014630317688, 0.20008602738380432, -0.8708671927452087, -0.44894975423812866], "cam_t_m2c": [171.5460205078125, 49.230796813964844, 457.42376708984375], "obj_id": 0}, {"cam_R_m2c": [-0.9738550782203674, -0.12646065652370453, -0.18871676921844482, 0.1075727567076683, 0.47497159242630005, -0.8734014630317688, 0.20008602738380432, -0.8708671927452087, -0.44894975423812866], "cam_t_m2c": [171.5460205078125, 49.230796813964844, 457.42376708984375], "obj_id": 3}, {"cam_R_m2c": [-0.9738550782203674, -0.12646065652370453, -0.18871676921844482, 0.1075727567076683, 0.47497159242630005, -0.8734014630317688, 0.20008602738380432, -0.8708671927452087, -0.44894975423812866], "cam_t_m2c": [171.5460205078125, 49.230796813964844, 457.42376708984375], "obj_id": 3}, {"cam_R_m2c": [-0.9738550782203674, -0.12646065652370453, -0.18871676921844482, 0.1075727567076683, 0.47497159242630005, -0.8734014630317688, 0.20008602738380432, -0.8708671927452087, -0.44894975423812866], "cam_t_m2c": [171.5460205078125, 49.230796813964844, 457.42376708984375], "obj_id": 2}, {"cam_R_m2c": [-0.9738550782203674, -0.12646065652370453, -0.18871676921844482, 0.1075727567076683, 0.47497159242630005, -0.8734014630317688, 0.20008602738380432, -0.8708671927452087, -0.44894975423812866], "cam_t_m2c": [171.5460205078125, 49.230796813964844, 457.42376708984375], "obj_id": 2}, {"cam_R_m2c": [-0.9738550782203674, -0.12646065652370453, -0.18871676921844482, 0.1075727567076683, 0.47497159242630005, -0.8734014630317688, 0.20008602738380432, -0.8708671927452087, -0.44894975423812866], "cam_t_m2c": [171.5460205078125, 49.230796813964844, 457.42376708984375], "obj_id": 0}, {"cam_R_m2c": [-0.9738550782203674, -0.12646065652370453, -0.18871676921844482, 0.1075727567076683, 0.47497159242630005, -0.8734014630317688, 0.20008602738380432, -0.8708671927452087, -0.44894975423812866], "cam_t_m2c": [171.5460205078125, 49.230796813964844, 457.42376708984375], "obj_id": 3}, {"cam_R_m2c": [-0.9738550782203674, -0.12646065652370453, -0.18871676921844482, 0.1075727567076683, 0.47497159242630005, -0.8734014630317688, 0.20008602738380432, -0.8708671927452087, -0.44894975423812866], "cam_t_m2c": [171.5460205078125, 49.230796813964844, 457.42376708984375], "obj_id": 1}, {"cam_R_m2c": [-0.9738550782203674, -0.12646065652370453, -0.18871676921844482, 0.1075727567076683, 0.47497159242630005, -0.8734014630317688, 0.20008602738380432, -0.8708671927452087, -0.44894975423812866], "cam_t_m2c": [171.5460205078125, 49.230796813964844, 457.42376708984375], "obj_id": 1}, {"cam_R_m2c": [-0.9738550782203674, -0.12646065652370453, -0.18871676921844482, 0.1075727567076683, 0.47497159242630005, -0.8734014630317688, 0.20008602738380432, -0.8708671927452087, -0.44894975423812866], "cam_t_m2c": [171.5460205078125, 49.230796813964844, 457.42376708984375], "obj_id": 0}, {"cam_R_m2c": [-0.48170262575149536, -0.7572214007377625, 0.4411103129386902, -0.7224966287612915, 0.6280266642570496, 0.28910401463508606, -0.4959447979927063, -0.17943856120109558, -0.8496119976043701], "cam_t_m2c": [-195.64955139160156, 272.4169921875, 238.1119842529297], "obj_id": 2}, {"cam_R_m2c": [0.04059591889381409, 0.8689121007919312, -0.49329873919487, 0.4498341679573059, -0.45673587918281555, -0.7674902677536011, -0.8921889066696167, -0.19074571132659912, -0.4094078838825226], "cam_t_m2c": [333.37335205078125, 71.83484649658203, 362.8927917480469], "obj_id": 3}, {"cam_R_m2c": [-0.42087528109550476, -0.5400235652923584, 0.7288610935211182, -0.6847296357154846, 0.7161449193954468, 0.13520996272563934, -0.5949867367744446, -0.442166268825531, -0.671177864074707], "cam_t_m2c": [196.7391815185547, 182.1591339111328, 248.76132202148438], "obj_id": 4}],
  "1": [{"cam_R_m2c": [-0.9738550782203674, -0.12646065652370453, -0.18871676921844482, 0.1075727567076683, 0.47497159242630005, -0.8734014630317688, 0.20008602738380432, -0.8708671927452087, -0.44894975423812866], "cam_t_m2c": [171.5460205078125, 49.230796813964844, 457.42376708984375], "obj_id": 0}, {"cam_R_m2c": [-0.9738550782203674, -0.12646065652370453, -0.18871676921844482, 0.1075727567076683, 0.47497159242630005, -0.8734014630317688, 0.20008602738380432, -0.8708671927452087, -0.44894975423812866], "cam_t_m2c": [171.5460205078125, 49.230796813964844, 457.42376708984375], "obj_id": 1}, {"cam_R_m2c": [-0.9738550782203674, -0.12646065652370453, -0.18871676921844482, 0.1075727567076683, 0.47497159242630005, -0.8734014630317688, 0.20008602738380432, -0.8708671927452087, -0.44894975423812866], "cam_t_m2c": [171.5460205078125, 49.230796813964844, 457.42376708984375], "obj_id": 0}, {"cam_R_m2c": [-0.9738550782203674, -0.12646065652370453, -0.18871676921844482, 0.1075727567076683, 0.47497159242630005, -0.8734014630317688, 0.20008602738380432, -0.8708671927452087, -0.44894975423812866], "cam_t_m2c": [171.5460205078125, 49.230796813964844, 457.42376708984375], "obj_id": 3}, {"cam_R_m2c": [-0.9738550782203674, -0.12646065652370453, -0.18871676921844482, 0.1075727567076683, 0.47497159242630005, -0.8734014630317688, 0.20008602738380432, -0.8708671927452087, -0.44894975423812866], "cam_t_m2c": [171.5460205078125, 49.230796813964844, 457.42376708984375], "obj_id": 3}, {"cam_R_m2c": [-0.9738550782203674, -0.12646065652370453, -0.18871676921844482, 0.1075727567076683, 0.47497159242630005, -0.8734014630317688, 0.20008602738380432, -0.8708671927452087, -0.44894975423812866], "cam_t_m2c": [171.5460205078125, 49.230796813964844, 457.42376708984375], "obj_id": 2}, {"cam_R_m2c": [-0.9738550782203674, -0.12646065652370453, -0.18871676921844482, 0.1075727567076683, 0.47497159242630005, -0.8734014630317688, 0.20008602738380432, -0.8708671927452087, -0.44894975423812866], "cam_t_m2c": [171.5460205078125, 49.230796813964844, 457.42376708984375], "obj_id": 2}, {"cam_R_m2c": [-0.9738550782203674, -0.12646065652370453, -0.18871676921844482, 0.1075727567076683, 0.47497159242630005, -0.8734014630317688, 0.20008602738380432, -0.8708671927452087, -0.44894975423812866], "cam_t_m2c": [171.5460205078125, 49.230796813964844, 457.42376708984375], "obj_id": 0}, {"cam_R_m2c": [-0.9738550782203674, -0.12646065652370453, -0.18871676921844482, 0.1075727567076683, 0.47497159242630005, -0.8734014630317688, 0.20008602738380432, -0.8708671927452087, -0.44894975423812866], "cam_t_m2c": [171.5460205078125, 49.230796813964844, 457.42376708984375], "obj_id": 3}, {"cam_R_m2c": [-0.9738550782203674, -0.12646065652370453, -0.18871676921844482, 0.1075727567076683, 0.47497159242630005, -0.8734014630317688, 0.20008602738380432, -0.8708671927452087, -0.44894975423812866], "cam_t_m2c": [171.5460205078125, 49.230796813964844, 457.42376708984375], "obj_id": 1}, {"cam_R_m2c": [-0.9738550782203674, -0.12646065652370453, -0.18871676921844482, 0.1075727567076683, 0.47497159242630005, -0.8734014630317688, 0.20008602738380432, -0.8708671927452087, -0.44894975423812866], "cam_t_m2c": [171.5460205078125, 49.230796813964844, 457.42376708984375], "obj_id": 1}, {"cam_R_m2c": [-0.9738550782203674, -0.12646065652370453, -0.18871676921844482, 0.1075727567076683, 0.47497159242630005, -0.8734014630317688, 0.20008602738380432, -0.8708671927452087, -0.44894975423812866], "cam_t_m2c": [171.5460205078125, 49.230796813964844, 457.42376708984375], "obj_id": 0}, {"cam_R_m2c": [-0.48170262575149536, -0.7572214007377625, 0.4411103129386902, -0.7224966287612915, 0.6280266642570496, 0.28910401463508606, -0.4959447979927063, -0.17943856120109558, -0.8496119976043701], "cam_t_m2c": [-195.64955139160156, 272.4169921875, 238.1119842529297], "obj_id": 2}, {"cam_R_m2c": [0.04059591889381409, 0.8689121007919312, -0.49329873919487, 0.4498341679573059, -0.45673587918281555, -0.7674902677536011, -0.8921889066696167, -0.19074571132659912, -0.4094078838825226], "cam_t_m2c": [333.37335205078125, 71.83484649658203, 362.8927917480469], "obj_id": 3}, {"cam_R_m2c": [-0.42087528109550476, -0.5400235652923584, 0.7288610935211182, -0.6847296357154846, 0.7161449193954468, 0.13520996272563934, -0.5949867367744446, -0.442166268825531, -0.671177864074707], "cam_t_m2c": [196.7391815185547, 182.1591339111328, 248.76132202148438], "obj_id": 4}],
  "2": [{"cam_R_m2c": [0.20901791751384735, -0.9636701941490173, -0.16628652811050415, -0.38310909271240234, 0.07575759291648865, -0.9205911755561829, 0.8997437357902527, 0.25612586736679077, -0.35335609316825867], "cam_t_m2c": [-178.4260711669922, 93.00485229492188, 484.0533142089844], "obj_id": 0}, {"cam_R_m2c": [0.20901791751384735, -0.9636701941490173, -0.16628652811050415, -0.38310909271240234, 0.07575759291648865, -0.9205911755561829, 0.8997437357902527, 0.25612586736679077, -0.35335609316825867], "cam_t_m2c": [-178.4260711669922, 93.00485229492188, 484.0533142089844], "obj_id": 1}, {"cam_R_m2c": [0.20901791751384735, -0.9636701941490173, -0.16628652811050415, -0.38310909271240234, 0.07575759291648865, -0.9205911755561829, 0.8997437357902527, 0.25612586736679077, -0.35335609316825867], "cam_t_m2c": [-178.4260711669922, 93.00485229492188, 484.0533142089844], "obj_id": 0}, {"cam_R_m2c": [0.20901791751384735, -0.9636701941490173, -0.16628652811050415, -0.38310909271240234, 0.07575759291648865, -0.9205911755561829, 0.8997437357902527, 0.25612586736679077, -0.35335609316825867], "cam_t_m2c": [-178.4260711669922, 93.00485229492188, 484.0533142089844], "obj_id": 3}, {"cam_R_m2c": [0.20901791751384735, -0.9636701941490173, -0.16628652811050415, -0.38310909271240234, 0.07575759291648865, -0.9205911755561829, 0.8997437357902527, 0.25612586736679077, -0.35335609316825867], "cam_t_m2c": [-178.4260711669922, 93.00485229492188, 484.0533142089844], "obj_id": 3}, {"cam_R_m2c": [0.20901791751384735, -0.9636701941490173, -0.16628652811050415, -0.38310909271240234, 0.07575759291648865, -0.9205911755561829, 0.8997437357902527, 0.25612586736679077, -0.35335609316825867], "cam_t_m2c": [-178.4260711669922, 93.00485229492188, 484.0533142089844], "obj_id": 2}, {"cam_R_m2c": [0.20901791751384735, -0.9636701941490173, -0.16628652811050415, -0.38310909271240234, 0.07575759291648865, -0.9205911755561829, 0.8997437357902527, 0.25612586736679077, -0.35335609316825867], "cam_t_m2c": [-178.4260711669922, 93.00485229492188, 484.0533142089844], "obj_id": 2}, {"cam_R_m2c": [0.20901791751384735, -0.9636701941490173, -0.16628652811050415, -0.38310909271240234, 0.07575759291648865, -0.9205911755561829, 0.8997437357902527, 0.25612586736679077, -0.35335609316825867], "cam_t_m2c": [-178.4260711669922, 93.00485229492188, 484.0533142089844], "obj_id": 0}, {"cam_R_m2c": [0.20901791751384735, -0.9636701941490173, -0.16628652811050415, -0.38310909271240234, 0.07575759291648865, -0.9205911755561829, 0.8997437357902527, 0.25612586736679077, -0.35335609316825867], "cam_t_m2c": [-178.4260711669922, 93.00485229492188, 484.0533142089844], "obj_id": 3}, {"cam_R_m2c": [0.20901791751384735, -0.9636701941490173, -0.16628652811050415, -0.38310909271240234, 0.07575759291648865, -0.9205911755561829, 0.8997437357902527, 0.25612586736679077, -0.35335609316825867], "cam_t_m2c": [-178.4260711669922, 93.00485229492188, 484.0533142089844], "obj_id": 1}, {"cam_R_m2c": [0.20901791751384735, -0.9636701941490173, -0.16628652811050415, -0.38310909271240234, 0.07575759291648865, -0.9205911755561829, 0.8997437357902527, 0.25612586736679077, -0.35335609316825867], "cam_t_m2c": [-178.4260711669922, 93.00485229492188, 484.0533142089844], "obj_id": 1}, {"cam_R_m2c": [0.20901791751384735, -0.9636701941490173, -0.16628652811050415, -0.38310909271240234, 0.07575759291648865, -0.9205911755561829, 0.8997437357902527, 0.25612586736679077, -0.35335609316825867], "cam_t_m2c": [-178.4260711669922, 93.00485229492188, 484.0533142089844], "obj_id": 0}, {"cam_R_m2c": [-0.2402230054140091, -0.31552308797836304, -0.9180076718330383, -0.970170795917511, 0.04629727080464363, 0.23796044290065765, -0.03258078172802925, 0.9477878212928772, -0.3172329366207123], "cam_t_m2c": [-434.2745056152344, 14.655251502990723, 885.4823608398438], "obj_id": 2}, {"cam_R_m2c": [-0.985161542892456, -0.09355619549751282, -0.1438879668712616, 0.13965627551078796, 0.05034014210104942, -0.9889195561408997, 0.09976289421319962, -0.9943404793739319, -0.036527372896671295], "cam_t_m2c": [-283.4656982421875, 172.41529846191406, 348.7914123535156], "obj_id": 3}, {"cam_R_m2c": [-0.3488900363445282, -0.6030933856964111, -0.7173241376876831, -0.9341304898262024, 0.1622633934020996, 0.31791621446609497, -0.07533778995275497, 0.7809922099113464, -0.6199799180030823], "cam_t_m2c": [-417.66180419921875, 156.24649047851562, 508.7798156738281], "obj_id": 4}],
  "3": [{"cam_R_m2c": [0.20901791751384735, -0.9636701941490173, -0.16628652811050415, -0.38310909271240234, 0.07575759291648865, -0.9205911755561829, 0.8997437357902527, 0.25612586736679077, -0.35335609316825867], "cam_t_m2c": [-178.4260711669922, 93.00485229492188, 484.0533142089844], "obj_id": 0}, {"cam_R_m2c": [0.20901791751384735, -0.9636701941490173, -0.16628652811050415, -0.38310909271240234, 0.07575759291648865, -0.9205911755561829, 0.8997437357902527, 0.25612586736679077, -0.35335609316825867], "cam_t_m2c": [-178.4260711669922, 93.00485229492188, 484.0533142089844], "obj_id": 1}, {"cam_R_m2c": [0.20901791751384735, -0.9636701941490173, -0.16628652811050415, -0.38310909271240234, 0.07575759291648865, -0.9205911755561829, 0.8997437357902527, 0.25612586736679077, -0.35335609316825867], "cam_t_m2c": [-178.4260711669922, 93.00485229492188, 484.0533142089844], "obj_id": 0}, {"cam_R_m2c": [0.20901791751384735, -0.9636701941490173, -0.16628652811050415, -0.38310909271240234, 0.07575759291648865, -0.9205911755561829, 0.8997437357902527, 0.25612586736679077, -0.35335609316825867], "cam_t_m2c": [-178.4260711669922, 93.00485229492188, 484.0533142089844], "obj_id": 3}, {"cam_R_m2c": [0.20901791751384735, -0.9636701941490173, -0.16628652811050415, -0.38310909271240234, 0.07575759291648865, -0.9205911755561829, 0.8997437357902527, 0.25612586736679077, -0.35335609316825867], "cam_t_m2c": [-178.4260711669922, 93.00485229492188, 484.0533142089844], "obj_id": 3}, {"cam_R_m2c": [0.20901791751384735, -0.9636701941490173, -0.16628652811050415, -0.38310909271240234, 0.07575759291648865, -0.9205911755561829, 0.8997437357902527, 0.25612586736679077, -0.35335609316825867], "cam_t_m2c": [-178.4260711669922, 93.00485229492188, 484.0533142089844], "obj_id": 2}, {"cam_R_m2c": [0.20901791751384735, -0.9636701941490173, -0.16628652811050415, -0.38310909271240234, 0.07575759291648865, -0.9205911755561829, 0.8997437357902527, 0.25612586736679077, -0.35335609316825867], "cam_t_m2c": [-178.4260711669922, 93.00485229492188, 484.0533142089844], "obj_id": 2}, {"cam_R_m2c": [0.20901791751384735, -0.9636701941490173, -0.16628652811050415, -0.38310909271240234, 0.07575759291648865, -0.9205911755561829, 0.8997437357902527, 0.25612586736679077, -0.35335609316825867], "cam_t_m2c": [-178.4260711669922, 93.00485229492188, 484.0533142089844], "obj_id": 0}, {"cam_R_m2c": [0.20901791751384735, -0.9636701941490173, -0.16628652811050415, -0.38310909271240234, 0.07575759291648865, -0.9205911755561829, 0.8997437357902527, 0.25612586736679077, -0.35335609316825867], "cam_t_m2c": [-178.4260711669922, 93.00485229492188, 484.0533142089844], "obj_id": 3}, {"cam_R_m2c": [0.20901791751384735, -0.9636701941490173, -0.16628652811050415, -0.38310909271240234, 0.07575759291648865, -0.9205911755561829, 0.8997437357902527, 0.25612586736679077, -0.35335609316825867], "cam_t_m2c": [-178.4260711669922, 93.00485229492188, 484.0533142089844], "obj_id": 1}, {"cam_R_m2c": [0.20901791751384735, -0.9636701941490173, -0.16628652811050415, -0.38310909271240234, 0.07575759291648865, -0.9205911755561829, 0.8997437357902527, 0.25612586736679077, -0.35335609316825867], "cam_t_m2c": [-178.4260711669922, 93.00485229492188, 484.0533142089844], "obj_id": 1}, {"cam_R_m2c": [0.20901791751384735, -0.9636701941490173, -0.16628652811050415, -0.38310909271240234, 0.07575759291648865, -0.9205911755561829, 0.8997437357902527, 0.25612586736679077, -0.35335609316825867], "cam_t_m2c": [-178.4260711669922, 93.00485229492188, 484.0533142089844], "obj_id": 0}, {"cam_R_m2c": [-0.2402230054140091, -0.31552308797836304, -0.9180076718330383, -0.970170795917511, 0.04629727080464363, 0.23796044290065765, -0.03258078172802925, 0.9477878212928772, -0.3172329366207123], "cam_t_m2c": [-434.2745056152344, 14.655251502990723, 885.4823608398438], "obj_id": 2}, {"cam_R_m2c": [-0.985161542892456, -0.09355619549751282, -0.1438879668712616, 0.13965627551078796, 0.05034014210104942, -0.9889195561408997, 0.09976289421319962, -0.9943404793739319, -0.036527372896671295], "cam_t_m2c": [-283.4656982421875, 172.41529846191406, 348.7914123535156], "obj_id": 3}, {"cam_R_m2c": [-0.3488900363445282, -0.6030933856964111, -0.7173241376876831, -0.9341304898262024, 0.1622633934020996, 0.31791621446609497, -0.07533778995275497, 0.7809922099113464, -0.6199799180030823], "cam_t_m2c": [-417.66180419921875, 156.24649047851562, 508.7798156738281], "obj_id": 4}],
  "4": [{"cam_R_m2c": [-0.8497655391693115, 0.5079179406166077, 0.1411309689283371, 0.21913793683052063, 0.5838400721549988, -0.781734824180603, -0.47945502400398254, -0.6333641409873962, -0.6074312925338745], "cam_t_m2c": [271.36175537109375, 10.363525390625, 1019.1004028320312], "obj_id": 0}, {"cam_R_m2c": [-0.8497655391693115, 0.5079179406166077, 0.1411309689283371, 0.21913793683052063, 0.5838400721549988, -0.781734824180603, -0.47945502400398254, -0.6333641409873962, -0.6074312925338745], "cam_t_m2c": [271.36175537109375, 10.363525390625, 1019.1004028320312], "obj_id": 1}, {"cam_R_m2c": [-0.8497655391693115, 0.5079179406166077, 0.1411309689283371, 0.21913793683052063, 0.5838400721549988, -0.781734824180603, -0.47945502400398254, -0.6333641409873962, -0.6074312925338745], "cam_t_m2c": [271.36175537109375, 10.363525390625, 1019.1004028320312], "obj_id": 0}, {"cam_R_m2c": [-0.8497655391693115, 0.5079179406166077, 0.1411309689283371, 0.21913793683052063, 0.5838400721549988, -0.781734824180603, -0.47945502400398254, -0.6333641409873962, -0.6074312925338745], "cam_t_m2c": [271.36175537109375, 10.363525390625, 1019.1004028320312], "obj_id": 3}, {"cam_R_m2c": [-0.8497655391693115, 0.5079179406166077, 0.1411309689283371, 0.21913793683052063, 0.5838400721549988, -0.781734824180603, -0.47945502400398254, -0.6333641409873962, -0.6074312925338745], "cam_t_m2c": [271.36175537109375, 10.363525390625, 1019.1004028320312], "obj_id": 3}, {"cam_R_m2c": [-0.8497655391693115, 0.5079179406166077, 0.1411309689283371, 0.21913793683052063, 0.5838400721549988, -0.781734824180603, -0.47945502400398254, -0.6333641409873962, -0.6074312925338745], "cam_t_m2c": [271.36175537109375, 10.363525390625, 1019.1004028320312], "obj_id": 2}, {"cam_R_m2c": [-0.8497655391693115, 0.5079179406166077, 0.1411309689283371, 0.21913793683052063, 0.5838400721549988, -0.781734824180603, -0.47945502400398254, -0.6333641409873962, -0.6074312925338745], "cam_t_m2c": [271.36175537109375, 10.363525390625, 1019.1004028320312], "obj_id": 2}, {"cam_R_m2c": [-0.8497655391693115, 0.5079179406166077, 0.1411309689283371, 0.21913793683052063, 0.5838400721549988, -0.781734824180603, -0.47945502400398254, -0.6333641409873962, -0.6074312925338745], "cam_t_m2c": [271.36175537109375, 10.363525390625, 1019.1004028320312], "obj_id": 0}, {"cam_R_m2c": [-0.8497655391693115, 0.5079179406166077, 0.1411309689283371, 0.21913793683052063, 0.5838400721549988, -0.781734824180603, -0.47945502400398254, -0.6333641409873962, -0.6074312925338745], "cam_t_m2c": [271.36175537109375, 10.363525390625, 1019.1004028320312], "obj_id": 3}, {"cam_R_m2c": [-0.8497655391693115, 0.5079179406166077, 0.1411309689283371, 0.21913793683052063, 0.5838400721549988, -0.781734824180603, -0.47945502400398254, -0.6333641409873962, -0.6074312925338745], "cam_t_m2c": [271.36175537109375, 10.363525390625, 1019.1004028320312], "obj_id": 1}, {"cam_R_m2c": [-0.8497655391693115, 0.5079179406166077, 0.1411309689283371, 0.21913793683052063, 0.5838400721549988, -0.781734824180603, -0.47945502400398254, -0.6333641409873962, -0.6074312925338745], "cam_t_m2c": [271.36175537109375, 10.363525390625, 1019.1004028320312], "obj_id": 1}, {"cam_R_m2c": [-0.8497655391693115, 0.5079179406166077, 0.1411309689283371, 0.21913793683052063, 0.5838400721549988, -0.781734824180603, -0.47945502400398254, -0.6333641409873962, -0.6074312925338745], "cam_t_m2c": [271.36175537109375, 10.363525390625, 1019.1004028320312], "obj_id": 0}, {"cam_R_m2c": [-0.038941819220781326, -0.41989538073539734, 0.9067367911338806, -0.5870222449302673, 0.7439446449279785, 0.31929805874824524, -0.8086337447166443, -0.5198405981063843, -0.2754584848880768], "cam_t_m2c": [154.9777374267578, 306.1259765625, 656.1655883789062], "obj_id": 2}, {"cam_R_m2c": [0.6447250843048096, 0.7568669319152832, -0.10715437680482864, 0.5381964445114136, -0.5489913821220398, -0.6394944190979004, -0.542838990688324, 0.3546279966831207, -0.7612916231155396], "cam_t_m2c": [455.05389404296875, 20.730886459350586, 1061.347900390625], "obj_id": 3}, {"cam_R_m2c": [0.07379631698131561, -0.08001885563135147, 0.9940578937530518, -0.5471161007881165, 0.8301329016685486, 0.10743988305330276, -0.8337973952293396, -0.5517937541007996, 0.017481142655014992], "cam_t_m2c": [434.44970703125, 161.3111572265625, 907.468017578125], "obj_id": 4}]
}