{
  "0": [{"cam_R_m2c": [-0.15146131813526154, 0.6868005990982056, -0.7108898758888245, 0.11044932156801224, -0.7029240727424622, -0.7026369571685791, -0.9822730422019958, -0.18493963778018951, 0.030609164386987686], "cam_t_m2c": [-170.4270782470703, -244.3815460205078, 1533.130615234375], "obj_id": 1}, {"cam_R_m2c": [-0.5755060315132141, 0.20186345279216766, 0.7924920916557312, 0.2665632665157318, 0.9624365568161011, -0.05157396197319031, -0.7731342315673828, 0.18156816065311432, -0.6076974272727966], "cam_t_m2c": [1.5551259517669678, -223.4921417236328, 1179.1947021484375], "obj_id": 0}, {"cam_R_m2c": [-0.9607661962509155, -0.0391380600631237, 0.27458393573760986, -0.2678501307964325, 0.3879299461841583, -0.8819107413291931, -0.07200304418802261, -0.9208574891090393, -0.3831930458545685], "cam_t_m2c": [9931.646484375, -12829.0283203125, -6760.833984375], "obj_id": 1}, {"cam_R_m2c": [0.9121274352073669, 0.17610803246498108, -0.3701479732990265, -0.2383197546005249, -0.506864070892334, -0.8284277319908142, -0.3335074782371521, 0.8438452482223511, -0.42035460472106934], "cam_t_m2c": [28.361042022705078, -125.21295166015625, 1077.0103759765625], "obj_id": 1}],
  "1": [{"cam_R_m2c": [-0.48045822978019714, 0.8146202564239502, -0.32489001750946045, -0.28219079971313477, -0.49434274435043335, -0.8221881985664368, -0.8303782939910889, -0.303346186876297, 0.4673895239830017], "cam_t_m2c": [123.62586212158203, -76.0783920288086, 1473.914794921875], "obj_id": 1}, {"cam_R_m2c": [-0.8434262871742249, -0.15169410407543182, 0.515384316444397, -0.192796990275383, 0.9808723330497742, -0.02681008353829384, -0.5014593005180359, -0.12197687476873398, -0.8565396666526794], "cam_t_m2c": [153.62649536132812, -129.42599487304688, 1084.5255126953125], "obj_id": 0}, {"cam_R_m2c": [-0.7453196048736572, -0.4746497869491577, 0.46819472312927246, -0.5406152009963989, 0.019291091710329056, -0.8410487771034241, 0.3901716470718384, -0.8799633383750916, -0.27098092436790466], "cam_t_m2c": [11262.8701171875, -11269.029296875, -7462.0322265625], "obj_id": 1}, {"cam_R_m2c": [0.7782350778579712, 0.6161718964576721, -0.12117081135511398, -0.06517438590526581, -0.11266198754310608, -0.9914937019348145, -0.6245818138122559, 0.7795124650001526, -0.04751891270279884], "cam_t_m2c": [105.90872192382812, -69.02285766601562, 962.6193237304688], "obj_id": 1}]
}