{
  "0": [{"cam_R_m2c": [0.12855210900306702, 0.9626051783561707, 0.23846471309661865, 0.5664234161376953, 0.12610869109630585, -0.8144083023071289, -0.8140262365341187, 0.23976583778858185, -0.5290305614471436], "cam_t_m2c": [-69.97988891601562, -62.21165466308594, 823.0449829101562], "obj_id": 1}, {"cam_R_m2c": [-0.6220218539237976, 0.7529728412628174, -0.21475689113140106, -0.6746665239334106, -0.6546058654785156, -0.34105145931243896, -0.3973836600780487, -0.06725221127271652, 0.9151848554611206], "cam_t_m2c": [-53.90367889404297, -41.4147834777832, 800.1610107421875], "obj_id": 1}, {"cam_R_m2c": [0.0027704034000635147, 0.2584957778453827, -0.9660083651542664, -0.042102109640836716, -0.965125322341919, -0.2583802342414856, -0.9991094470024109, 0.04138679429888725, 0.0082095293328166], "cam_t_m2c": [-7.599592208862305e-05, 0.00017415732145309448, 754.58984375], "obj_id": 1}, {"cam_R_m2c": [0.4927125871181488, 0.38650068640708923, -0.7796483039855957, 0.7202504277229309, 0.32165953516960144, 0.6146335601806641, 0.48833757638931274, -0.8643797039985657, -0.11989157646894455], "cam_t_m2c": [-58.633968353271484, 22.2112979888916, 730.1497802734375], "obj_id": 1}, {"cam_R_m2c": [-0.3797294497489929, -0.7657591700553894, -0.5190550088882446, 0.8505719304084778, -0.06836947053670883, -0.5213949680328369, 0.36377543210983276, -0.6394827961921692, 0.677295446395874], "cam_t_m2c": [15.505339622497559, 1.0335333347320557, 753.4528198242188], "obj_id": 1}, {"cam_R_m2c": [-0.4120975732803345, -0.1402747631072998, -0.9002768397331238, -0.8835132718086243, -0.1799459457397461, 0.4324621558189392, -0.22266478836536407, 0.9736232757568359, -0.04977920651435852], "cam_t_m2c": [-82.64234161376953, 12.446796417236328, 740.8942260742188], "obj_id": 1}, {"cam_R_m2c": [-0.7877337336540222, -0.5179635882377625, -0.3334505259990692, 0.02375657670199871, 0.5153557658195496, -0.8566469550132751, 0.6155576109886169, -0.6827313899993896, -0.3936580717563629], "cam_t_m2c": [-79.65874481201172, 4420.7109375, 4921.1767578125], "obj_id": 1}, {"cam_R_m2c": [0.07595303654670715, -0.9029449820518494, -0.4229911267757416, -0.985603392124176, -0.13225117325782776, 0.10533557087182999, -0.1510533094406128, 0.4089009463787079, -0.899990439414978], "cam_t_m2c": [-8.045422554016113, 4468.353515625, 4630.6923828125], "obj_id": 1}, {"cam_R_m2c": [0.2526501715183258, -0.9672452211380005, 0.024589326232671738, -0.6829961538314819, -0.19628846645355225, -0.7035532593727112, 0.685335099697113, 0.16095846891403198, -0.7102171182632446], "cam_t_m2c": [48.17747497558594, 4315.43017578125, 5040.1669921875], "obj_id": 1}, {"cam_R_m2c": [0.010073204524815083, -0.9507426023483276, -0.30981722474098206, -0.4968738853931427, -0.2736344039440155, 0.8235533833503723, -0.8677641153335571, 0.145644411444664, -0.47515544295310974], "cam_t_m2c": [-111.01935577392578, 4326.2685546875, 4736.15380859375], "obj_id": 1}]
}