{
  "0": [{"cam_R_m2c": [-0.015275832265615463, 0.4073754847049713, -0.9131329655647278, -0.8926452398300171, -0.41701945662498474, -0.17111153900623322, -0.4505009055137634, 0.812489926815033, 0.37001216411590576], "cam_t_m2c": [-195.90853881835938, 202.40390014648438, 375.2253112792969], "obj_id": 0}, {"cam_R_m2c": [0.14815205335617065, -0.17863719165325165, -0.9726970791816711, 0.7062937021255493, 0.7075653672218323, -0.022369394078850746, 0.6922427415847778, -0.6836957931518555, 0.23099760711193085], "cam_t_m2c": [-711.3567504882812, 16.43198585510254, 678.6455688476562], "obj_id": 2}, {"cam_R_m2c": [0.5860145092010498, -0.5128665566444397, -0.6273394227027893, 0.5011438131332397, -0.37898489832878113, 0.7779620289802551, -0.6367430686950684, -0.7702842950820923, 0.03492940217256546], "cam_t_m2c": [-329.4826965332031, 47.251708984375, 521.8047485351562], "obj_id": 3}, {"cam_R_m2c": [0.3737102448940277, -0.7713335156440735, -0.5151554346084595, 0.8361005187034607, 0.5205994844436646, -0.17295077443122864, 0.4015923738479614, -0.366088330745697, 0.839465856552124], "cam_t_m2c": [-233.41143798828125, 29.513538360595703, 566.478759765625], "obj_id": 1}, {"cam_R_m2c": [0.44941648840904236, -0.5403044819831848, 0.7114041447639465, 0.5954991579055786, 0.7748066782951355, 0.21226239204406738, -0.6658869981765747, 0.3282463848590851, 0.6699617505073547], "cam_t_m2c": [-160.1692352294922, 26.557571411132812, 574.0631713867188], "obj_id": 1}, {"cam_R_m2c": [0.5651900768280029, -0.2342374473810196, -0.7910075783729553, 0.4458776116371155, 0.8934628963470459, 0.054011017084121704, 0.6940845251083374, -0.38321906328201294, 0.6094176173210144], "cam_t_m2c": [-103.02708435058594, 125.7442398071289, 404.6785583496094], "obj_id": 1}, {"cam_R_m2c": [-0.5756070613861084, 0.6476420164108276, 0.49923574924468994, 0.1687500923871994, -0.5032972693443298, 0.8474757671356201, 0.8001249432563782, 0.572059154510498, 0.18041184544563293], "cam_t_m2c": [0.3791009187698364, 175.4607391357422, 306.2786560058594], "obj_id": 3}, {"cam_R_m2c": [0.6949644684791565, -0.38578662276268005, -0.6067891716957092, 0.44999271631240845, 0.8915489315986633, -0.05144906044006348, 0.5608305931091309, -0.23729543387889862, 0.7931960225105286], "cam_t_m2c": [-565.717529296875, -77.26542663574219, 743.0742797851562], "obj_id": 2}],
  "1": [{"cam_R_m2c": [-0.015275832265615463, 0.4073754847049713, -0.9131329655647278, -0.8926452398300171, -0.41701945662498474, -0.17111153900623322, -0.4505009055137634, 0.812489926815033, 0.37001216411590576], "cam_t_m2c": [-195.90853881835938, 202.40390014648438, 375.2253112792969], "obj_id": 0}, {"cam_R_m2c": [0.14815205335617065, -0.17863719165325165, -0.9726970791816711, 0.7062937021255493, 0.7075653672218323, -0.022369394078850746, 0.6922427415847778, -0.6836957931518555, 0.23099760711193085], "cam_t_m2c": [-711.3567504882812, 16.43198585510254, 678.6455688476562], "obj_id": 2}, {"cam_R_m2c": [0.5860145092010498, -0.5128665566444397, -0.6273394227027893, 0.5011438131332397, -0.37898489832878113, 0.7779620289802551, -0.6367430686950684, -0.7702842950820923, 0.03492940217256546], "cam_t_m2c": [-329.4826965332031, 47.251708984375, 521.8047485351562], "obj_id": 3}, {"cam_R_m2c": [0.3737102448940277, -0.7713335156440735, -0.5151554346084595, 0.8361005187034607, 0.5205994844436646, -0.17295077443122864, 0.4015923738479614, -0.366088330745697, 0.839465856552124], "cam_t_m2c": [-233.41143798828125, 29.513538360595703, 566.478759765625], "obj_id": 1}, {"cam_R_m2c": [0.44941648840904236, -0.5403044819831848, 0.7114041447639465, 0.5954991579055786, 0.7748066782951355, 0.21226239204406738, -0.6658869981765747, 0.3282463848590851, 0.6699617505073547], "cam_t_m2c": [-160.1692352294922, 26.557571411132812, 574.0631713867188], "obj_id": 1}, {"cam_R_m2c": [0.5651900768280029, -0.2342374473810196, -0.7910075783729553, 0.4458776116371155, 0.8934628963470459, 0.054011017084121704, 0.6940845251083374, -0.38321906328201294, 0.6094176173210144], "cam_t_m2c": [-103.02708435058594, 125.7442398071289, 404.6785583496094], "obj_id": 1}, {"cam_R_m2c": [-0.5756070613861084, 0.6476420164108276, 0.49923574924468994, 0.1687500923871994, -0.5032972693443298, 0.8474757671356201, 0.8001249432563782, 0.572059154510498, 0.18041184544563293], "cam_t_m2c": [0.3791009187698364, 175.4607391357422, 306.2786560058594], "obj_id": 3}, {"cam_R_m2c": [0.6949644684791565, -0.38578662276268005, -0.6067891716957092, 0.44999271631240845, 0.8915489315986633, -0.05144906044006348, 0.5608305931091309, -0.23729543387889862, 0.7931960225105286], "cam_t_m2c": [-565.717529296875, -77.26542663574219, 743.0742797851562], "obj_id": 2}],
  "2": [{"cam_R_m2c": [-0.015275832265615463, 0.4073754847049713, -0.9131329655647278, -0.8926452398300171, -0.41701945662498474, -0.17111153900623322, -0.4505009055137634, 0.812489926815033, 0.37001216411590576], "cam_t_m2c": [-195.90853881835938, 202.40390014648438, 375.2253112792969], "obj_id": 0}, {"cam_R_m2c": [0.14815205335617065, -0.17863719165325165, -0.9726970791816711, 0.7062937021255493, 0.7075653672218323, -0.022369394078850746, 0.6922427415847778, -0.6836957931518555, 0.23099760711193085], "cam_t_m2c": [-711.3567504882812, 16.43198585510254, 678.6455688476562], "obj_id": 2}, {"cam_R_m2c": [0.5860145092010498, -0.5128665566444397, -0.6273394227027893, 0.5011438131332397, -0.37898489832878113, 0.7779620289802551, -0.6367430686950684, -0.7702842950820923, 0.03492940217256546], "cam_t_m2c": [-329.4826965332031, 47.251708984375, 521.8047485351562], "obj_id": 3}, {"cam_R_m2c": [0.3737102448940277, -0.7713335156440735, -0.5151554346084595, 0.8361005187034607, 0.5205994844436646, -0.17295077443122864, 0.4015923738479614, -0.366088330745697, 0.839465856552124], "cam_t_m2c": [-233.41143798828125, 29.513538360595703, 566.478759765625], "obj_id": 1}, {"cam_R_m2c": [0.44941648840904236, -0.5403044819831848, 0.7114041447639465, 0.5954991579055786, 0.7748066782951355, 0.21226239204406738, -0.6658869981765747, 0.3282463848590851, 0.6699617505073547], "cam_t_m2c": [-160.1692352294922, 26.557571411132812, 574.0631713867188], "obj_id": 1}, {"cam_R_m2c": [0.5651900768280029, -0.2342374473810196, -0.7910075783729553, 0.4458776116371155, 0.8934628963470459, 0.054011017084121704, 0.6940845251083374, -0.38321906328201294, 0.6094176173210144], "cam_t_m2c": [-103.02708435058594, 125.7442398071289, 404.6785583496094], "obj_id": 1}, {"cam_R_m2c": [-0.5756070613861084, 0.6476420164108276, 0.49923574924468994, 0.1687500923871994, -0.5032972693443298, 0.8474757671356201, 0.8001249432563782, 0.572059154510498, 0.18041184544563293], "cam_t_m2c": [0.3791009187698364, 175.4607391357422, 306.2786560058594], "obj_id": 3}, {"cam_R_m2c": [0.6949644684791565, -0.38578662276268005, -0.6067891716957092, 0.44999271631240845, 0.8915489315986633, -0.05144906044006348, 0.5608305931091309, -0.23729543387889862, 0.7931960225105286], "cam_t_m2c": [-565.717529296875, -77.26542663574219, 743.0742797851562], "obj_id": 2}],
  "3": [{"cam_R_m2c": [-0.015275832265615463, 0.4073754847049713, -0.9131329655647278, -0.8926452398300171, -0.41701945662498474, -0.17111153900623322, -0.4505009055137634, 0.812489926815033, 0.37001216411590576], "cam_t_m2c": [-195.90853881835938, 202.40390014648438, 375.2253112792969], "obj_id": 0}, {"cam_R_m2c": [0.14815205335617065, -0.17863719165325165, -0.9726970791816711, 0.7062937021255493, 0.7075653672218323, -0.022369394078850746, 0.6922427415847778, -0.6836957931518555, 0.23099760711193085], "cam_t_m2c": [-711.3567504882812, 16.43198585510254, 678.6455688476562], "obj_id": 2}, {"cam_R_m2c": [0.5860145092010498, -0.5128665566444397, -0.6273394227027893, 0.5011438131332397, -0.37898489832878113, 0.7779620289802551, -0.6367430686950684, -0.7702842950820923, 0.03492940217256546], "cam_t_m2c": [-329.4826965332031, 47.251708984375, 521.8047485351562], "obj_id": 3}, {"cam_R_m2c": [0.3737102448940277, -0.7713335156440735, -0.5151554346084595, 0.8361005187034607, 0.5205994844436646, -0.17295077443122864, 0.4015923738479614, -0.366088330745697, 0.839465856552124], "cam_t_m2c": [-233.41143798828125, 29.513538360595703, 566.478759765625], "obj_id": 1}, {"cam_R_m2c": [0.44941648840904236, -0.5403044819831848, 0.7114041447639465, 0.5954991579055786, 0.7748066782951355, 0.21226239204406738, -0.6658869981765747, 0.3282463848590851, 0.6699617505073547], "cam_t_m2c": [-160.1692352294922, 26.557571411132812, 574.0631713867188], "obj_id": 1}, {"cam_R_m2c": [0.5651900768280029, -0.2342374473810196, -0.7910075783729553, 0.4458776116371155, 0.8934628963470459, 0.054011017084121704, 0.6940845251083374, -0.38321906328201294, 0.6094176173210144], "cam_t_m2c": [-103.02708435058594, 125.7442398071289, 404.6785583496094], "obj_id": 1}, {"cam_R_m2c": [-0.5756070613861084, 0.6476420164108276, 0.49923574924468994, 0.1687500923871994, -0.5032972693443298, 0.8474757671356201, 0.8001249432563782, 0.572059154510498, 0.18041184544563293], "cam_t_m2c": [0.3791009187698364, 175.4607391357422, 306.2786560058594], "obj_id": 3}, {"cam_R_m2c": [0.6949644684791565, -0.38578662276268005, -0.6067891716957092, 0.44999271631240845, 0.8915489315986633, -0.05144906044006348, 0.5608305931091309, -0.23729543387889862, 0.7931960225105286], "cam_t_m2c": [-565.717529296875, -77.26542663574219, 743.0742797851562], "obj_id": 2}],
  "4": [{"cam_R_m2c": [-0.015275832265615463, 0.4073754847049713, -0.9131329655647278, -0.8926452398300171, -0.41701945662498474, -0.17111153900623322, -0.4505009055137634, 0.812489926815033, 0.37001216411590576], "cam_t_m2c": [-195.90853881835938, 202.40390014648438, 375.2253112792969], "obj_id": 0}, {"cam_R_m2c": [0.14815205335617065, -0.17863719165325165, -0.9726970791816711, 0.7062937021255493, 0.7075653672218323, -0.022369394078850746, 0.6922427415847778, -0.6836957931518555, 0.23099760711193085], "cam_t_m2c": [-711.3567504882812, 16.43198585510254, 678.6455688476562], "obj_id": 2}, {"cam_R_m2c": [0.5860145092010498, -0.5128665566444397, -0.6273394227027893, 0.5011438131332397, -0.37898489832878113, 0.7779620289802551, -0.6367430686950684, -0.7702842950820923, 0.03492940217256546], "cam_t_m2c": [-329.4826965332031, 47.251708984375, 521.8047485351562], "obj_id": 3}, {"cam_R_m2c": [0.3737102448940277, -0.7713335156440735, -0.5151554346084595, 0.8361005187034607, 0.5205994844436646, -0.17295077443122864, 0.4015923738479614, -0.366088330745697, 0.839465856552124], "cam_t_m2c": [-233.41143798828125, 29.513538360595703, 566.478759765625], "obj_id": 1}, {"cam_R_m2c": [0.44941648840904236, -0.5403044819831848, 0.7114041447639465, 0.5954991579055786, 0.7748066782951355, 0.21226239204406738, -0.6658869981765747, 0.3282463848590851, 0.6699617505073547], "cam_t_m2c": [-160.1692352294922, 26.557571411132812, 574.0631713867188], "obj_id": 1}, {"cam_R_m2c": [0.5651900768280029, -0.2342374473810196, -0.7910075783729553, 0.4458776116371155, 0.8934628963470459, 0.054011017084121704, 0.6940845251083374, -0.38321906328201294, 0.6094176173210144], "cam_t_m2c": [-103.02708435058594, 125.7442398071289, 404.6785583496094], "obj_id": 1}, {"cam_R_m2c": [-0.5756070613861084, 0.6476420164108276, 0.49923574924468994, 0.1687500923871994, -0.5032972693443298, 0.8474757671356201, 0.8001249432563782, 0.572059154510498, 0.18041184544563293], "cam_t_m2c": [0.3791009187698364, 175.4607391357422, 306.2786560058594], "obj_id": 3}, {"cam_R_m2c": [0.6949644684791565, -0.38578662276268005, -0.6067891716957092, 0.44999271631240845, 0.8915489315986633, -0.05144906044006348, 0.5608305931091309, -0.23729543387889862, 0.7931960225105286], "cam_t_m2c": [-565.717529296875, -77.26542663574219, 743.0742797851562], "obj_id": 2}]
}