{
  "0": [{"cam_R_m2c": [-0.676171064376831, 0.6679612994194031, 0.310837984085083, 0.7355815768241882, 0.6357718706130981, 0.23390987515449524, -0.041379284113645554, 0.3868098258972168, -0.9212305545806885], "cam_t_m2c": [110.63070678710938, 121.78600311279297, 1161.8619384765625], "obj_id": 1}, {"cam_R_m2c": [-0.5748908519744873, 0.7991775274276733, -0.17554447054862976, -0.8139898180961609, -0.5804080963134766, 0.023391108959913254, -0.08319377154111862, 0.15633873641490936, 0.9841935634613037], "cam_t_m2c": [-37.120662689208984, -209.55975341796875, 996.411376953125], "obj_id": 0}, {"cam_R_m2c": [0.9251686930656433, 0.022201281040906906, -0.37890633940696716, -0.2532114088535309, 0.7797722816467285, -0.5725724697113037, 0.282748818397522, 0.6256694793701172, 0.7270424962043762], "cam_t_m2c": [4.454148292541504, 85.48287200927734, 1156.735595703125], "obj_id": 1}, {"cam_R_m2c": [0.3749415874481201, -0.8720145225524902, -0.31465765833854675, 0.05411694198846817, -0.3182518780231476, 0.9464603066444397, -0.9254675507545471, -0.37189561128616333, -0.0721350908279419], "cam_t_m2c": [-32.52117919921875, -52.120155334472656, 1086.319580078125], "obj_id": 1}],
  "1": [{"cam_R_m2c": [-0.8279654383659363, 0.18087653815746307, -0.5308077931404114, 0.1442888379096985, 0.9833986759185791, 0.11003527045249939, 0.5418984889984131, 0.014515763148665428, -0.8403186202049255], "cam_t_m2c": [67.75361633300781, 197.8479461669922, 801.5952758789062], "obj_id": 1}, {"cam_R_m2c": [0.157403364777565, 0.8636639714241028, 0.47886183857917786, -0.9801852107048035, 0.07758716493844986, 0.18225550651550293, 0.12025400996208191, -0.498060941696167, 0.8587632179260254], "cam_t_m2c": [98.30367279052734, -185.81167602539062, 697.7722778320312], "obj_id": 0}, {"cam_R_m2c": [0.8013497591018677, -0.09944675117731094, 0.589871883392334, 0.43459847569465637, 0.774374783039093, -0.4598563015460968, -0.4110507071018219, 0.6248631477355957, 0.663764476776123], "cam_t_m2c": [32.33760070800781, 105.77322387695312, 855.822021484375], "obj_id": 1}, {"cam_R_m2c": [-0.38911688327789307, -0.4735443890094757, -0.7901541590690613, 0.010804918594658375, -0.8600424528121948, 0.5101079344749451, -0.9211249351501465, 0.18995408713817596, 0.3397737741470337], "cam_t_m2c": [56.646793365478516, -39.48117446899414, 796.1798706054688], "obj_id": 1}]
}