{
  "0": [{"cam_R_m2c": [0.39454424381256104, 0.9170238375663757, 0.05832718685269356, -0.05108591541647911, -0.04148748889565468, 0.9978320598602295, 0.9174557328224182, -0.39666855335235596, 0.030478404834866524], "cam_t_m2c": [338.0023498535156, 4294.04833984375, 3537.166748046875], "obj_id": 2}, {"cam_R_m2c": [-0.010347637347877026, 0.8931585550308228, -0.44962278008461, 0.8197820782661438, 0.26505088806152344, 0.507646918296814, 0.5725821256637573, -0.36333975195884705, -0.7349380254745483], "cam_t_m2c": [365.3376770019531, 4340.74169921875, 3545.501953125], "obj_id": 2}, {"cam_R_m2c": [0.8863496780395508, -0.4527242183685303, 0.09708256274461746, 0.35212039947509766, 0.5229272246360779, -0.7762463092803955, 0.30065837502479553, 0.7222104072570801, 0.6229098439216614], "cam_t_m2c": [-24.262449264526367, 3807.227783203125, 3855.575927734375], "obj_id": 0}, {"cam_R_m2c": [0.6890109777450562, -0.5692249536514282, -0.44860538840293884, 0.651671290397644, 0.21571779251098633, 0.7271797060966492, -0.31715670228004456, -0.7933780550956726, 0.5195795297622681], "cam_t_m2c": [412.25823974609375, 4314.78466796875, 3583.554931640625], "obj_id": 0}, {"cam_R_m2c": [-0.24861936271190643, -0.8151203393936157, -0.5232274532318115, 0.9021571278572083, 0.0017525132279843092, -0.4314036965370178, 0.35256287455558777, -0.5792888402938843, 0.7349311709403992], "cam_t_m2c": [426.8201599121094, 4336.3544921875, 3551.92431640625], "obj_id": 3}, {"cam_R_m2c": [-0.992760956287384, -0.11682013422250748, -0.02789883501827717, 0.05386532098054886, -0.22544355690479279, -0.9727659225463867, 0.10734903812408447, -0.9672269821166992, 0.23010435700416565], "cam_t_m2c": [652.83203125, 4345.7392578125, 3542.112060546875], "obj_id": 1}, {"cam_R_m2c": [0.9788600206375122, 0.20452791452407837, 0.0011624522740021348, 0.116183802485466, -0.5513542294502258, -0.8261415362358093, -0.16832807660102844, 0.8088119626045227, -0.563461422920227], "cam_t_m2c": [348.1476135253906, 5659.80615234375, 4547.3564453125], "obj_id": 2}, {"cam_R_m2c": [0.9962635636329651, -0.08636484295129776, -0.00021788038429804146, -0.04908664524555206, -0.5641607642173767, -0.8242045044898987, 0.07105937600135803, 0.8211356401443481, -0.5662921667098999], "cam_t_m2c": [419.28759765625, 5658.30859375, 4549.076171875], "obj_id": 2}, {"cam_R_m2c": [0.9226253628730774, -0.38569533824920654, -0.0012597060995176435, -0.21736818552017212, -0.5172647833824158, -0.8277608156204224, 0.31861189007759094, 0.7639868855476379, -0.5610795021057129], "cam_t_m2c": [487.46490478515625, 5654.69921875, 4554.8681640625], "obj_id": 2}, {"cam_R_m2c": [0.9955000877380371, -0.09476032853126526, -4.3590588916231354e-09, -0.05339914560317993, -0.5609820485115051, -0.8261038064956665, 0.07828186452388763, 0.8223863840103149, -0.5635178089141846], "cam_t_m2c": [419.16790771484375, 5656.99267578125, 4551.3134765625], "obj_id": 0}, {"cam_R_m2c": [0.34094861149787903, -0.8756186366081238, 0.3421197235584259, 0.7456674575805664, 0.030274776741862297, -0.6656299829483032, 0.5724804997444153, 0.48205313086509705, 0.6632426381111145], "cam_t_m2c": [332.3408508300781, 2992.703125, 2675.01953125], "obj_id": 1}, {"cam_R_m2c": [-0.5859057903289795, 0.6326022744178772, -0.5064863562583923, 0.8005995750427246, 0.5486571788787842, -0.24086399376392365, 0.12551623582839966, -0.5466164946556091, -0.827922523021698], "cam_t_m2c": [403.9342956542969, 3011.575927734375, 2647.352783203125], "obj_id": 1}, {"cam_R_m2c": [-0.4323594868183136, -0.4875606596469879, -0.7585179805755615, 0.7668269872665405, 0.24374611675739288, -0.5937709808349609, 0.47438517212867737, -0.8383747339248657, 0.26848891377449036], "cam_t_m2c": [419.51947021484375, 2966.38525390625, 2713.601318359375], "obj_id": 0}, {"cam_R_m2c": [0.9747937917709351, -0.222461998462677, -0.01696082577109337, -0.1611173003911972, -0.649324357509613, -0.743248701095581, 0.1543315351009369, 0.7272469401359558, -0.668799877166748], "cam_t_m2c": [337.4677734375, 3018.893310546875, 2636.626220703125], "obj_id": 3}, {"cam_R_m2c": [-0.6413694620132446, -0.4393533766269684, 0.6289782524108887, 0.34025585651397705, 0.5718910098075867, 0.7464359402656555, -0.6876561641693115, 0.6927548050880432, -0.21730084717273712], "cam_t_m2c": [236.83853149414062, 4391.13525390625, 3697.03369140625], "obj_id": 0}, {"cam_R_m2c": [-0.43989214301109314, -0.8363385200500488, 0.32715854048728943, 0.6589548587799072, -0.5481024980545044, -0.5151330828666687, 0.6101420521736145, -0.011020301841199398, 0.7922153472900391], "cam_t_m2c": [344.2379455566406, 2971.64306640625, 2705.893310546875], "obj_id": 3}, {"cam_R_m2c": [0.8216832876205444, 0.5670313835144043, 0.057549890130758286, -0.06427837163209915, -0.008134468458592892, 0.9978988170623779, 0.5663080811500549, -0.8236560225486755, 0.029763899743556976], "cam_t_m2c": [429.4851989746094, 4285.3701171875, 3632.12939453125], "obj_id": 2}, {"cam_R_m2c": [-0.8069972395896912, 0.5435935854911804, -0.23078393936157227, -0.11145283281803131, -0.5239588618278503, -0.8444200158119202, -0.5799427032470703, -0.6557232141494751, 0.4834185838699341], "cam_t_m2c": [281.7873840332031, 4346.3642578125, 3525.841796875], "obj_id": 3}, {"cam_R_m2c": [0.7906420230865479, 0.11035581678152084, -0.602251410484314, 0.03695263713598251, 0.9732295274734497, 0.22684520483016968, 0.611162543296814, -0.20160813629627228, 0.7653982639312744], "cam_t_m2c": [524.1079711914062, 4339.42236328125, 3583.260498046875], "obj_id": 3}, {"cam_R_m2c": [-0.9130635857582092, -0.39914998412132263, -0.08363042771816254, -0.40740445256233215, 0.8835321068763733, 0.2310684621334076, -0.018340809270739555, 0.24505162239074707, -0.9693365097045898], "cam_t_m2c": [-1.4236855506896973, 4173.2578125, 3443.431640625], "obj_id": 0}, {"cam_R_m2c": [0.5642852783203125, -0.6959204077720642, 0.4441586136817932, -0.33331727981567383, -0.6842417120933533, -0.6486237049102783, 0.755302369594574, 0.2179630547761917, -0.6180698275566101], "cam_t_m2c": [327.1509704589844, 1652.3697509765625, 1793.2415771484375], "obj_id": 2}, {"cam_R_m2c": [-0.9305903911590576, 0.3363040089607239, -0.14457258582115173, -0.3310030996799469, -0.9417195916175842, -0.060009755194187164, -0.15632836520671844, -0.007990521378815174, 0.9876728057861328], "cam_t_m2c": [400.91754150390625, 1642.979736328125, 1807.0072021484375], "obj_id": 1}, {"cam_R_m2c": [-0.05536603555083275, 0.3596316874027252, -0.9314503073692322, -0.8621609807014465, -0.48774033784866333, -0.13706843554973602, -0.5036000609397888, 0.79547119140625, 0.337064653635025], "cam_t_m2c": [405.3091735839844, 1643.1982421875, 1806.6866455078125], "obj_id": 2}, {"cam_R_m2c": [0.5296487212181091, 0.8042851090431213, -0.2694394290447235, 0.021007660776376724, -0.32999464869499207, -0.9437488913536072, -0.8479568958282471, 0.49419504404067993, -0.19167733192443848], "cam_t_m2c": [420.61761474609375, 1689.5992431640625, 1738.6640625], "obj_id": 0}, {"cam_R_m2c": [-0.8940632343292236, -0.32637718319892883, -0.3068046569824219, 0.27743470668792725, -0.9412058591842651, 0.19277387857437134, -0.35168328881263733, 0.0872337594628334, 0.9320456981658936], "cam_t_m2c": [379.3807067871094, 1678.645751953125, 1727.5216064453125], "obj_id": 3}, {"cam_R_m2c": [-0.44742825627326965, -0.8478975892066956, 0.28438931703567505, -0.2875795066356659, -0.16469793021678925, -0.9434894323348999, 0.8468208909034729, -0.503928542137146, -0.17014728486537933], "cam_t_m2c": [330.2113037109375, 1695.9290771484375, 1729.384765625], "obj_id": 0}, {"cam_R_m2c": [0.3134717643260956, -0.2945769727230072, 0.9027512073516846, 0.7534006834030151, 0.6558361649513245, -0.04760511592030525, -0.5780335664749146, 0.6950563192367554, 0.42752066254615784], "cam_t_m2c": [280.3099670410156, 4062.74755859375, 3867.205810546875], "obj_id": 0}, {"cam_R_m2c": [-0.6607608199119568, 0.13509660959243774, 0.7383385896682739, 0.435498982667923, 0.8701725006103516, 0.23052208125591278, -0.6113391518592834, 0.47386571764945984, -0.63381028175354], "cam_t_m2c": [181.34739685058594, 4136.07470703125, 3482.2626953125], "obj_id": 0}, {"cam_R_m2c": [-0.9927743077278137, -0.11675714701414108, -0.027686068788170815, 0.05364236235618591, -0.22544541954994202, -0.972777783870697, 0.10733706504106522, -0.9672341346740723, 0.230079784989357], "cam_t_m2c": [401.39654541015625, 4352.76611328125, 3570.82177734375], "obj_id": 1}, {"cam_R_m2c": [-0.9927816987037659, -0.116724893450737, -0.02756120264530182, 0.05351008102297783, -0.22542373836040497, -0.9727901816368103, 0.1073358803987503, -0.9672431349754333, 0.23004262149333954], "cam_t_m2c": [268.6397705078125, 4262.02490234375, 3607.99267578125], "obj_id": 1}, {"cam_R_m2c": [-0.7883618474006653, -0.5879574418067932, -0.18108440935611725, 0.14478400349617004, -0.4633914828300476, 0.8742458820343018, -0.5979323983192444, 0.6630039811134338, 0.45044705271720886], "cam_t_m2c": [330.3150939941406, 366.9160461425781, 831.0111694335938], "obj_id": 2}, {"cam_R_m2c": [0.2695803642272949, 0.8544468283653259, 0.4441250264644623, 0.2880201041698456, 0.3685453236103058, -0.8838658332824707, -0.9188965559005737, 0.3661898076534271, -0.14674529433250427], "cam_t_m2c": [400.32952880859375, 321.7034912109375, 897.2918090820312], "obj_id": 0}, {"cam_R_m2c": [-0.7610434293746948, 0.0073254164308309555, 0.6486594080924988, 0.19480395317077637, 0.956365168094635, 0.21775449812412262, -0.6187601685523987, 0.2920820713043213, -0.7292624711990356], "cam_t_m2c": [320.7967529296875, 324.6781921386719, 892.930908203125], "obj_id": 0}, {"cam_R_m2c": [-0.5667254328727722, -0.09831763803958893, 0.8180195093154907, -0.20973649621009827, -0.9429304003715515, -0.2586365044116974, 0.7967640161514282, -0.31814444065093994, 0.5137618780136108], "cam_t_m2c": [421.5557556152344, 367.9034423828125, 829.563720703125], "obj_id": 2}, {"cam_R_m2c": [-0.3832226097583771, 0.11409155279397964, -0.916582465171814, 0.8549452424049377, 0.4193951189517975, -0.3052479922771454, 0.3495839536190033, -0.9006057977676392, -0.2582636773586273], "cam_t_m2c": [321.2935791015625, 4318.21630859375, 3529.88916015625], "obj_id": 3}, {"cam_R_m2c": [0.2509227395057678, 0.5373971462249756, -0.8051348328590393, 0.3146410584449768, 0.7413025498390198, 0.592850387096405, 0.9154446125030518, -0.40208813548088074, 0.016922451555728912], "cam_t_m2c": [349.27508544921875, 338.005615234375, 873.393310546875], "obj_id": 3}, {"cam_R_m2c": [-0.9927700757980347, -0.11678843945264816, -0.027709854766726494, 0.05367566645145416, -0.22546982765197754, -0.9727703928947449, 0.1073606014251709, -0.9672247767448425, 0.23010849952697754], "cam_t_m2c": [525.643798828125, 4450.5185546875, 3533.045166015625], "obj_id": 1}, {"cam_R_m2c": [-0.33741769194602966, -0.7286052703857422, -0.5960565805435181, 0.8805404305458069, -0.02039240673184395, -0.4735320508480072, 0.332862913608551, -0.6846300959587097, 0.6484472751617432], "cam_t_m2c": [423.41009521484375, 4354.24658203125, 3562.906494140625], "obj_id": 3}, {"cam_R_m2c": [-0.42775651812553406, 0.5582916736602783, -0.7108690738677979, 0.8921198844909668, 0.13423852622509003, -0.43139559030532837, -0.14541852474212646, -0.8187127113342285, -0.5554845333099365], "cam_t_m2c": [511.7381896972656, 4346.3212890625, 3625.1845703125], "obj_id": 3}, {"cam_R_m2c": [0.6475419402122498, 0.7598237991333008, 0.05794095620512962, -0.060406558215618134, -0.024613194167613983, 0.9978702068328857, 0.7596317529678345, -0.6496627926826477, 0.029960311949253082], "cam_t_m2c": [379.7334289550781, 4289.642578125, 3594.39990234375], "obj_id": 2}],
  "1": [{"cam_R_m2c": [-0.6408082246780396, -0.7566558718681335, 0.12975578010082245, 0.7632384300231934, -0.6097201108932495, 0.2137952297925949, -0.08265472203493118, 0.23603636026382446, 0.9682226181030273], "cam_t_m2c": [13.153646469116211, 3361.474365234375, 4162.787109375], "obj_id": 2}, {"cam_R_m2c": [0.005921253003180027, -0.6843560338020325, 0.7291239500045776, 0.7093567252159119, -0.5110480785369873, -0.48543065786361694, 0.7048248052597046, 0.5200833082199097, 0.4824265241622925], "cam_t_m2c": [-5.843465805053711, 3371.9912109375, 4213.041015625], "obj_id": 2}, {"cam_R_m2c": [-0.8495583534240723, 0.3214317262172699, -0.41824865341186523, 0.13788169622421265, 0.900647759437561, 0.41209498047828674, 0.5091551542282104, 0.29242995381355286, -0.8094723224639893], "cam_t_m2c": [168.7478485107422, 3655.279052734375, 3563.551025390625], "obj_id": 0}, {"cam_R_m2c": [-0.4308914840221405, 0.8015140295028687, 0.41461747884750366, -0.33993110060691833, -0.5697817206382751, 0.7481948137283325, 0.8359301686286926, 0.18144944310188293, 0.517973780632019], "cam_t_m2c": [-65.7335205078125, 3391.38623046875, 4194.0576171875], "obj_id": 0}, {"cam_R_m2c": [0.30808281898498535, 0.930255651473999, 0.19927211105823517, 0.5755915641784668, -0.34903591871261597, 0.739505410194397, 0.7574822306632996, -0.11312957108020782, -0.6429792642593384], "cam_t_m2c": [-66.2556381225586, 3362.1123046875, 4222.70361328125], "obj_id": 3}, {"cam_R_m2c": [0.9122932553291321, 0.3405781686306, -0.2274368405342102, 0.3563350439071655, -0.9338462352752686, 0.030929207801818848, -0.20185722410678864, -0.10926022380590439, -0.9733015298843384], "cam_t_m2c": [-273.9084777832031, 3299.185791015625, 4287.40478515625], "obj_id": 1}, {"cam_R_m2c": [-0.8490094542503357, -0.5283764600753784, -0.001114936312660575, -0.37681928277015686, 0.6069598197937012, -0.699719250202179, 0.3703919053077698, -0.5936481356620789, -0.714417040348053], "cam_t_m2c": [-18.668720245361328, 4589.91552734375, 5335.73095703125], "obj_id": 2}, {"cam_R_m2c": [-0.9652925133705139, -0.2611672580242157, 0.001359710469841957, -0.18700090050697327, 0.6875154376029968, -0.7016788125038147, 0.182320699095726, -0.6775796413421631, -0.7124919891357422], "cam_t_m2c": [-86.25626373291016, 4573.78125, 5351.1484375], "obj_id": 2}, {"cam_R_m2c": [-0.9989759922027588, 0.0452420674264431, 0.0001701411238173023, 0.03231499716639519, 0.7161593437194824, -0.6971883177757263, -0.03166408836841583, -0.6964688897132874, -0.7168880105018616], "cam_t_m2c": [-152.62646484375, 4561.81591796875, 5363.2548828125], "obj_id": 2}, {"cam_R_m2c": [-0.9674603343009949, -0.25302237272262573, -1.6662530910593887e-08, -0.18082302808761597, 0.6913979053497314, -0.6994797587394714, 0.176984041929245, -0.6767189502716064, -0.7146522998809814], "cam_t_m2c": [-87.0337905883789, 4575.67041015625, 5349.54248046875], "obj_id": 0}, {"cam_R_m2c": [-0.3383116126060486, 0.6913667917251587, -0.6384021043777466, 0.6082120537757874, 0.6783121228218079, 0.412275105714798, 0.7180691957473755, -0.24880637228488922, -0.6499784588813782], "cam_t_m2c": [11.218692779541016, 2285.2255859375, 3032.072998046875], "obj_id": 1}, {"cam_R_m2c": [0.6696168184280396, -0.33273571729660034, 0.6640031337738037, 0.4227505624294281, -0.5643143653869629, -0.7091057300567627, 0.610651433467865, 0.7555367946624756, -0.23721013963222504], "cam_t_m2c": [-44.51082992553711, 2245.17041015625, 3071.27783203125], "obj_id": 1}, {"cam_R_m2c": [0.41986334323883057, 0.743017852306366, 0.5211902260780334, 0.7092495560646057, -0.6269214153289795, 0.3223888576030731, 0.5662859678268433, 0.23429466784000397, -0.7902064323425293], "cam_t_m2c": [-86.6988525390625, 2295.166015625, 3022.343994140625], "obj_id": 0}, {"cam_R_m2c": [-0.9904530644416809, -0.12319500744342804, 0.06185021623969078, -0.12510210275650024, 0.6148653030395508, -0.7786462903022766, 0.05789579078555107, -0.7789503335952759, -0.6244071125984192], "cam_t_m2c": [22.370914459228516, 2252.77490234375, 3063.835205078125], "obj_id": 3}, {"cam_R_m2c": [0.8633724451065063, 0.32671430706977844, -0.3845071494579315, -0.42691704630851746, 0.8791980147361755, -0.21154840290546417, 0.26894205808639526, 0.3467977046966553, 0.8985552191734314], "cam_t_m2c": [81.58304595947266, 3557.34619140625, 4209.35986328125], "obj_id": 0}, {"cam_R_m2c": [0.3675228953361511, 0.68244469165802, -0.6318197250366211, 0.8183441162109375, 0.08546774834394455, 0.5683380365371704, 0.44185948371887207, -0.7259231805801392, -0.527063250541687], "cam_t_m2c": [-12.79410457611084, 2307.3876953125, 3010.381591796875], "obj_id": 3}, {"cam_R_m2c": [-0.944840133190155, -0.30032387375831604, 0.13070158660411835, 0.3226284980773926, -0.9221739768981934, 0.21332184970378876, 0.056463949382305145, 0.2437230795621872, 0.9681997895240784], "cam_t_m2c": [-101.39285278320312, 3427.363037109375, 4163.14501953125], "obj_id": 2}, {"cam_R_m2c": [0.9008957147598267, -0.42583993077278137, -0.08394793421030045, -0.3742506802082062, -0.8600940108299255, 0.3466620445251465, -0.21982567012310028, -0.28088876605033875, -0.9342259168624878], "cam_t_m2c": [79.28960418701172, 3374.9775390625, 4201.115234375], "obj_id": 3}, {"cam_R_m2c": [-0.9088200926780701, 0.14200104773044586, 0.3922775983810425, 0.3930087983608246, -0.024050332605838776, 0.9192201495170593, 0.13996464014053345, 0.9895743131637573, -0.03395022824406624], "cam_t_m2c": [-165.92147827148438, 3368.56396484375, 4244.64404296875], "obj_id": 3}, {"cam_R_m2c": [0.7838168144226074, 0.4763582646846771, 0.3983892500400543, 0.12544991075992584, 0.5068461298942566, -0.8528594970703125, -0.6081886887550354, 0.7184634804725647, 0.33751538395881653], "cam_t_m2c": [335.1371765136719, 3331.7802734375, 3978.310546875], "obj_id": 0}, {"cam_R_m2c": [-0.8088359832763672, 0.4592275619506836, -0.3672795593738556, 0.5113984942436218, 0.2410290241241455, -0.8248494267463684, -0.29026857018470764, -0.8549941778182983, -0.42980119585990906], "cam_t_m2c": [6.863931655883789, 1182.4561767578125, 1866.76904296875], "obj_id": 2}, {"cam_R_m2c": [0.8542313575744629, -0.49588480591773987, -0.15616360306739807, 0.014109279960393906, -0.2781533896923065, 0.9604329466819763, -0.5197016000747681, -0.8226352334022522, -0.23061075806617737], "cam_t_m2c": [-68.1373291015625, 1175.528076171875, 1873.5501708984375], "obj_id": 1}, {"cam_R_m2c": [0.02800944447517395, -0.6579369902610779, 0.7525519132614136, -0.636245608329773, 0.5689222812652588, 0.5210747718811035, -0.7709779143333435, -0.4934028685092926, -0.4026743173599243], "cam_t_m2c": [-72.12837982177734, 1174.189453125, 1874.860107421875], "obj_id": 2}, {"cam_R_m2c": [-0.25267764925956726, -0.9594773650169373, 0.1247277706861496, -0.930229663848877, 0.20544639229774475, -0.3040797710418701, 0.26613280177116394, -0.19285966455936432, -0.9444460272789001], "cam_t_m2c": [-58.215675354003906, 1115.1669921875, 1932.629638671875], "obj_id": 0}, {"cam_R_m2c": [0.9931676387786865, 0.09953247755765915, 0.060920875519514084, -0.05870809406042099, -0.025014230981469154, 0.9979617595672607, 0.10085349529981613, -0.9947198629379272, -0.018999962136149406], "cam_t_m2c": [-18.44706916809082, 1112.5355224609375, 1913.757568359375], "obj_id": 3}, {"cam_R_m2c": [0.12417550384998322, 0.9074239134788513, -0.40145012736320496, 0.8557472825050354, -0.3027304410934448, -0.4195840060710907, -0.5022717714309692, -0.2914378345012665, -0.8141172528266907], "cam_t_m2c": [30.54670524597168, 1129.825439453125, 1918.2823486328125], "obj_id": 0}, {"cam_R_m2c": [0.01552505698055029, 0.2063491940498352, -0.9783552885055542, -0.4748876988887787, 0.8625932931900024, 0.1743975430727005, 0.8799095153808594, 0.46190133690834045, 0.11138449609279633], "cam_t_m2c": [-71.11681365966797, 3642.541748046875, 3880.556884765625], "obj_id": 0}, {"cam_R_m2c": [0.8783628344535828, -0.09289666265249252, -0.4688805043697357, -0.33074674010276794, 0.5900629162788391, -0.736500084400177, 0.3450873792171478, 0.8019949793815613, 0.4875640571117401], "cam_t_m2c": [145.27166748046875, 3316.317138671875, 3981.082275390625], "obj_id": 0}, {"cam_R_m2c": [0.9122660756111145, 0.3405206501483917, -0.22763198614120483, 0.35628244280815125, -0.9338687062263489, 0.030851339921355247, -0.2020728886127472, -0.1092459112405777, -0.9732582569122314], "cam_t_m2c": [-44.56576156616211, 3389.556884765625, 4229.71240234375], "obj_id": 1}, {"cam_R_m2c": [0.9122475981712341, 0.3404971659183502, -0.2277410477399826, 0.3562566936016083, -0.9338807463645935, 0.0307827927172184, -0.20220156013965607, -0.10921580344438553, -0.9732348918914795], "cam_t_m2c": [51.9927864074707, 3439.297607421875, 4105.44580078125], "obj_id": 1}, {"cam_R_m2c": [0.938108503818512, 0.2742832601070404, 0.21147377789020538, -0.3447370231151581, 0.6807816028594971, 0.6462915539741516, 0.03329949826002121, -0.6791943907737732, 0.7332025766372681], "cam_t_m2c": [28.122421264648438, 12.273292541503906, 767.4472045898438], "obj_id": 2}, {"cam_R_m2c": [0.06338874995708466, -0.8350166082382202, -0.5465612411499023, -0.8803645968437195, 0.2111572027206421, -0.4247009754180908, 0.47004270553588867, 0.5080944299697876, -0.7217341065406799], "cam_t_m2c": [-65.1950912475586, 48.93124771118164, 731.5675659179688], "obj_id": 0}, {"cam_R_m2c": [0.9280482530593872, 0.09537743031978607, -0.3600410223007202, -0.3612159788608551, 0.4661993384361267, -0.8075773119926453, 0.09082622081041336, 0.8795233368873596, 0.467107355594635], "cam_t_m2c": [11.310129165649414, 64.91575622558594, 715.9224243164062], "obj_id": 0}, {"cam_R_m2c": [0.265488862991333, 7.408936653519049e-05, -0.9641138315200806, 0.8530934453010559, -0.4658990800380707, 0.2348811775445938, -0.4491625428199768, -0.8848376274108887, -0.12375408411026001], "cam_t_m2c": [-56.96251678466797, -11.304683685302734, 790.5245971679688], "obj_id": 2}, {"cam_R_m2c": [0.42619794607162476, 0.22965627908706665, 0.8749932646751404, 0.5963888764381409, -0.7986098527908325, -0.08088508248329163, 0.6802026033401489, 0.5563093423843384, -0.4773302674293518], "cam_t_m2c": [35.58985137939453, 3363.498046875, 4183.0048828125], "obj_id": 3}, {"cam_R_m2c": [-0.43455255031585693, -0.2470485270023346, 0.8661010265350342, 0.8696060180664062, -0.36537882685661316, 0.33208969235420227, 0.2344127595424652, 0.8974771499633789, 0.3736112713813782], "cam_t_m2c": [-7.309391021728516, 42.05059814453125, 738.3021240234375], "obj_id": 3}, {"cam_R_m2c": [0.9122617244720459, 0.34054267406463623, -0.22761636972427368, 0.3563103675842285, -0.9338569641113281, 0.030885891988873482, -0.20204319059848785, -0.10927809774875641, -0.9732608199119568], "cam_t_m2c": [-131.603271484375, 3342.730712890625, 4358.7548828125], "obj_id": 1}, {"cam_R_m2c": [0.39288219809532166, 0.8746169805526733, 0.2840575575828552, 0.5743907690048218, -0.4746265411376953, 0.666936993598938, 0.7181356549263, -0.09886764734983444, -0.6888442635536194], "cam_t_m2c": [-62.70615005493164, 3376.93896484375, 4237.533203125], "obj_id": 3}, {"cam_R_m2c": [0.6157081723213196, -0.2659553289413452, 0.7417352199554443, 0.14518001675605774, -0.8869156241416931, -0.43852370977401733, 0.7744844555854797, 0.3776877522468567, -0.5074697136878967], "cam_t_m2c": [-164.8677215576172, 3412.747802734375, 4242.4306640625], "obj_id": 3}, {"cam_R_m2c": [-0.8354173302650452, -0.5339536070823669, 0.13027304410934448, 0.5495465993881226, -0.8077475428581238, 0.21340610086917877, -0.008721220307052135, 0.2498743087053299, 0.9682390093803406], "cam_t_m2c": [-43.133995056152344, 3404.640625, 4160.57373046875], "obj_id": 2}],
  "2": [{"cam_R_m2c": [0.5328822731971741, 0.8451589941978455, -0.04174534231424332, 0.018778042867779732, 0.03751035034656525, 0.9991196990013123, 0.8459809422492981, -0.5331970453262329, 0.004118224605917931], "cam_t_m2c": [-15.91850471496582, 4018.353515625, 3556.24853515625], "obj_id": 2}, {"cam_R_m2c": [-0.00813175830990076, 0.7949197888374329, -0.606660008430481, 0.8329681754112244, 0.34104838967323303, 0.4357178211212158, 0.5532611608505249, -0.5017853379249573, -0.6649162173271179], "cam_t_m2c": [7.364475727081299, 4067.796142578125, 3559.453369140625], "obj_id": 2}, {"cam_R_m2c": [0.8803545832633972, -0.389262855052948, 0.27101701498031616, 0.44873180985450745, 0.4983980059623718, -0.7417810559272766, 0.15367349982261658, 0.7746443152427673, 0.6134415864944458], "cam_t_m2c": [-272.8489074707031, 3508.427978515625, 3935.164794921875], "obj_id": 0}, {"cam_R_m2c": [0.5611263513565063, -0.7027713656425476, -0.4373209476470947, 0.7066018581390381, 0.13152535259723663, 0.6952803134918213, -0.4311043918132782, -0.699151873588562, 0.5703819394111633], "cam_t_m2c": [61.97636795043945, 4047.927001953125, 3590.21240234375], "obj_id": 0}, {"cam_R_m2c": [-0.28440311551094055, -0.8895859718322754, -0.35742369294166565, 0.8838215470314026, -0.09883753955364227, -0.45726433396339417, 0.3714490532875061, -0.4459461569786072, 0.8143449425697327], "cam_t_m2c": [69.22662353515625, 4069.798095703125, 3556.345703125], "obj_id": 3}, {"cam_R_m2c": [-0.9649685621261597, -0.23876452445983887, 0.10875264555215836, -0.04227112606167793, -0.2676069140434265, -0.9626004695892334, 0.258937805891037, -0.9334762692451477, 0.24813945591449738], "cam_t_m2c": [288.8899230957031, 4101.42822265625, 3511.47607421875], "obj_id": 1}, {"cam_R_m2c": [0.9243391156196594, 0.3815701901912689, 0.0011550233466550708, 0.2079831063747406, -0.5012885332107544, -0.8399122357368469, -0.3199065029621124, 0.7766039967536926, -0.5427207350730896], "cam_t_m2c": [6.022266864776611, 5410.66552734375, 4529.3193359375], "obj_id": 2}, {"cam_R_m2c": [0.9950992465019226, 0.09887756407260895, -0.0008342835353687406, 0.053225647658109665, -0.5427329540252686, -0.8382171392440796, -0.08333366364240646, 0.8340648412704468, -0.5453359484672546], "cam_t_m2c": [76.35920715332031, 5416.3525390625, 4520.0205078125], "obj_id": 2}, {"cam_R_m2c": [0.977936863899231, -0.2088993936777115, -0.0006943256012164056, -0.11336999386548996, -0.5279300808906555, -0.8416869640350342, 0.17546135187149048, 0.8231954574584961, -0.5399652123451233], "cam_t_m2c": [144.62452697753906, 5419.7763671875, 4515.24072265625], "obj_id": 2}, {"cam_R_m2c": [0.9958977103233337, 0.09048634767532349, 6.847893807560013e-09, 0.049097634851932526, -0.5403710007667542, -0.8399930000305176, -0.0760079026222229, 0.8365471363067627, -0.5425969362258911], "cam_t_m2c": [76.7193603515625, 5415.10498046875, 4522.27197265625], "obj_id": 0}, {"cam_R_m2c": [0.3448246419429779, -0.7902884483337402, 0.5064980387687683, 0.7944210767745972, -0.04171644151210785, -0.6059331893920898, 0.499991238117218, 0.6113134026527405, 0.6134368181228638], "cam_t_m2c": [-17.589553833007812, 2695.400146484375, 2727.621826171875], "obj_id": 1}, {"cam_R_m2c": [-0.6399424076080322, 0.481428861618042, -0.5989153385162354, 0.7416250705718994, 0.5909887552261353, -0.31737110018730164, 0.20116057991981506, -0.6472699642181396, -0.7352384328842163], "cam_t_m2c": [46.59810256958008, 2720.425537109375, 2688.880126953125], "obj_id": 1}, {"cam_R_m2c": [-0.4323613941669464, -0.6322780847549438, -0.6428749561309814, 0.7348508238792419, 0.16609515249729156, -0.6575764417648315, 0.5225496292114258, -0.7567277550697327, 0.39281684160232544], "cam_t_m2c": [76.70772552490234, 2679.21923828125, 2752.672119140625], "obj_id": 0}, {"cam_R_m2c": [0.9983311295509338, -0.0403386652469635, -0.041324302554130554, -0.05759930983185768, -0.6441236138343811, -0.7627495527267456, 0.00415033521130681, 0.7638568878173828, -0.6453721523284912], "cam_t_m2c": [-21.122995376586914, 2720.697998046875, 2688.458740234375], "obj_id": 3}, {"cam_R_m2c": [-0.7705132961273193, -0.385699063539505, 0.5074892044067383, 0.2516182065010071, 0.5474614500999451, 0.7981066703796387, -0.5856597423553467, 0.7426453828811646, -0.3247773349285126], "cam_t_m2c": [-101.07807159423828, 4110.0185546875, 3728.18603515625], "obj_id": 0}, {"cam_R_m2c": [-0.4078661799430847, -0.7666971683502197, 0.4958028495311737, 0.6312774419784546, -0.6291183233261108, -0.45354023575782776, 0.65964674949646, 0.12800541520118713, 0.7405948638916016], "cam_t_m2c": [0.9968844056129456, 2676.660400390625, 2756.6328125], "obj_id": 3}, {"cam_R_m2c": [0.9005573391914368, 0.43264254927635193, -0.04262528195977211, 0.0368904210627079, 0.021644623950123787, 0.9990847706794739, 0.43316924571990967, -0.9013055562973022, 0.0035318685695528984], "cam_t_m2c": [89.36668395996094, 4021.99365234375, 3636.023681640625], "obj_id": 2}, {"cam_R_m2c": [-0.8699350357055664, 0.48881134390830994, -0.06539281457662582, -0.2106216847896576, -0.48814862966537476, -0.8469647169113159, -0.4459274113178253, -0.7230312824249268, 0.527612030506134], "cam_t_m2c": [-78.33238220214844, 4064.380615234375, 3552.8828125], "obj_id": 3}, {"cam_R_m2c": [0.8663612604141235, -0.023416562005877495, -0.49886849522590637, 0.13592298328876495, 0.9722486138343811, 0.19041427969932556, 0.4805653393268585, -0.2327752560377121, 0.8455013632774353], "cam_t_m2c": [169.3012237548828, 4083.613037109375, 3572.17333984375], "obj_id": 3}, {"cam_R_m2c": [-0.8578455448150635, -0.44679683446884155, -0.2539161741733551, -0.49712181091308594, 0.8467081189155579, 0.18961867690086365, 0.13027186691761017, 0.2888908088207245, -0.9484572410583496], "cam_t_m2c": [-351.2483825683594, 3861.189453125, 3518.30078125], "obj_id": 0}, {"cam_R_m2c": [0.7043381333351135, -0.5796464681625366, 0.4097776710987091, -0.250214159488678, -0.7429363131523132, -0.6208368539810181, 0.6643046736717224, 0.3347468972206116, -0.6683140993118286], "cam_t_m2c": [-17.73570442199707, 1333.078857421875, 1880.1942138671875], "obj_id": 2}, {"cam_R_m2c": [-0.9040387272834778, 0.4271995425224304, 0.014642653055489063, -0.4274255335330963, -0.9030860066413879, -0.041749000549316406, -0.004611578769981861, -0.04400135949254036, 0.9990208148956299], "cam_t_m2c": [57.83869934082031, 1331.5753173828125, 1882.521728515625], "obj_id": 1}, {"cam_R_m2c": [-0.041538119316101074, 0.5253676772117615, -0.8498607277870178, -0.8794254064559937, -0.42294296622276306, -0.21847210824489594, -0.474220871925354, 0.7383142113685608, 0.4795900285243988], "cam_t_m2c": [62.083431243896484, 1332.2215576171875, 1881.5211181640625], "obj_id": 2}, {"cam_R_m2c": [0.38916951417922974, 0.9000882506370544, -0.19592879712581635, 0.046085987240076065, -0.23145465552806854, -0.9717532992362976, -0.9200125336647034, 0.3691471219062805, -0.1315564662218094], "cam_t_m2c": [61.941246032714844, 1377.66552734375, 1811.169677734375], "obj_id": 0}, {"cam_R_m2c": [-0.961147129535675, -0.20965467393398285, -0.17955662310123444, 0.17487628757953644, -0.9657741189002991, 0.1915675699710846, -0.21357423067092896, 0.1527244746685028, 0.9649151563644409], "cam_t_m2c": [20.85257911682129, 1362.2802734375, 1806.73876953125], "obj_id": 3}, {"cam_R_m2c": [-0.2808249592781067, -0.8930165767669678, 0.3516509532928467, -0.3029836118221283, -0.26517078280448914, -0.9153606295585632, 0.9106799364089966, -0.3636007606983185, -0.19610260426998138], "cam_t_m2c": [-28.985694885253906, 1374.6075439453125, 1815.9036865234375], "obj_id": 0}, {"cam_R_m2c": [0.14170561730861664, -0.2517814338207245, 0.9573533535003662, 0.761623740196228, 0.645504891872406, 0.05703205615282059, -0.6323358416557312, 0.7210613489151001, 0.2832344174385071], "cam_t_m2c": [1.710615873336792, 3793.390380859375, 3895.121826171875], "obj_id": 0}, {"cam_R_m2c": [-0.7878429293632507, 0.1145372986793518, 0.6051320433616638, 0.3468940854072571, 0.8943967223167419, 0.28234541416168213, -0.5088890194892883, 0.43236055970191956, -0.7443764209747314], "cam_t_m2c": [-161.83157348632812, 3843.778564453125, 3528.970703125], "obj_id": 0}, {"cam_R_m2c": [-0.9649602770805359, -0.23870347440242767, 0.10895928740501404, -0.042494550347328186, -0.2676028609275818, -0.9625917077064514, 0.25893181562423706, -0.9334930181503296, 0.24808268249034882], "cam_t_m2c": [45.4129753112793, 4084.19287109375, 3578.672607421875], "obj_id": 1}, {"cam_R_m2c": [-0.9649536609649658, -0.23867546021938324, 0.109077587723732, -0.04262687265872955, -0.26757797598838806, -0.9625926613807678, 0.25893405079841614, -0.9335072040557861, 0.24802666902542114], "cam_t_m2c": [-69.97027587890625, 3981.888916015625, 3637.499267578125], "obj_id": 1}, {"cam_R_m2c": [-0.8809941411018372, -0.428678035736084, -0.20021046698093414, 0.04546511545777321, -0.49791160225868225, 0.8660351037979126, -0.4709373712539673, 0.753869354724884, 0.4581472873687744], "cam_t_m2c": [-27.634532928466797, 23.529321670532227, 951.0703735351562], "obj_id": 2}, {"cam_R_m2c": [0.09500034153461456, 0.8572772741317749, 0.5060144066810608, 0.28325822949409485, 0.4640219509601593, -0.8393142223358154, -0.9543268084526062, 0.22306786477565765, -0.19874858856201172], "cam_t_m2c": [55.977577209472656, -12.25054931640625, 1006.4611206054688], "obj_id": 0}, {"cam_R_m2c": [-0.862517237663269, -0.0476999469101429, 0.5037740468978882, 0.09725776314735413, 0.9613597989082336, 0.2575426697731018, -0.4965929090976715, 0.2711309790611267, -0.824550211429596], "cam_t_m2c": [-23.164216995239258, -17.39525604248047, 1014.4256591796875], "obj_id": 0}, {"cam_R_m2c": [-0.413793683052063, -0.04709865152835846, 0.9091513752937317, -0.23915503919124603, -0.9579611420631409, -0.15847696363925934, 0.8783959150314331, -0.2830049395561218, 0.38513463735580444], "cam_t_m2c": [61.717437744140625, 33.59532165527344, 935.4872436523438], "obj_id": 2}, {"cam_R_m2c": [-0.41224318742752075, -0.0686887800693512, -0.9084806442260742, 0.8233029842376709, 0.3989408016204834, -0.4037553071975708, 0.3901634216308594, -0.9144003391265869, -0.10790886729955673], "cam_t_m2c": [-35.96155548095703, 4040.475830078125, 3551.238037109375], "obj_id": 3}, {"cam_R_m2c": [0.35340455174446106, 0.38985589146614075, -0.8503631949424744, 0.36803117394447327, 0.7777750492095947, 0.5095282196998596, 0.8600338697433472, -0.49302974343299866, 0.13139012455940247], "cam_t_m2c": [0.4631440043449402, -1.9326488971710205, 990.4879760742188], "obj_id": 3}, {"cam_R_m2c": [-0.9649558663368225, -0.2387303113937378, 0.10893948376178741, -0.042460259050130844, -0.2676296532154083, -0.9625857472419739, 0.25895383954048157, -0.9334784746170044, 0.24811437726020813], "cam_t_m2c": [151.61158752441406, 4192.59814453125, 3520.4462890625], "obj_id": 1}, {"cam_R_m2c": [-0.372432678937912, -0.8183049559593201, -0.437802255153656, 0.8527916669845581, -0.11565595865249634, -0.5092838406562805, 0.3661150634288788, -0.56302809715271, 0.7409177422523499], "cam_t_m2c": [65.68878936767578, 4087.60888671875, 3567.41796875], "obj_id": 3}, {"cam_R_m2c": [-0.5353031754493713, 0.41000768542289734, -0.7384742498397827, 0.8395774960517883, 0.16251300275325775, -0.5183619260787964, -0.09252072870731354, -0.8974871635437012, -0.4312269389629364], "cam_t_m2c": [162.81475830078125, 4090.610595703125, 3615.38427734375], "obj_id": 3}, {"cam_R_m2c": [0.7584592700004578, 0.6503521203994751, -0.042208023369312286, 0.029653383418917656, 0.030259501188993454, 0.999101996421814, 0.6510453820228577, -0.759029746055603, 0.0036654893774539232], "cam_t_m2c": [34.27543258666992, 4020.026123046875, 3606.391357421875], "obj_id": 2}],
