{
  "0": [{"cam_R_m2c": [-0.43907809257507324, 0.8524445295333862, -0.28381162881851196, 0.2614440619945526, -0.18099334836006165, -0.9480973482131958, -0.8595682978630066, -0.49048951268196106, -0.14339643716812134], "cam_t_m2c": [-226.0136260986328, 194.3123016357422, 361.471435546875], "obj_id": 2}, {"cam_R_m2c": [-0.43907809257507324, 0.8524445295333862, -0.28381162881851196, 0.2614440619945526, -0.18099334836006165, -0.9480973482131958, -0.8595682978630066, -0.49048951268196106, -0.14339643716812134], "cam_t_m2c": [-226.0136260986328, 194.3123016357422, 361.471435546875], "obj_id": 0}, {"cam_R_m2c": [-0.43907809257507324, 0.8524445295333862, -0.28381162881851196, 0.2614440619945526, -0.18099334836006165, -0.9480973482131958, -0.8595682978630066, -0.49048951268196106, -0.14339643716812134], "cam_t_m2c": [-226.0136260986328, 194.3123016357422, 361.471435546875], "obj_id": 2}, {"cam_R_m2c": [-0.43907809257507324, 0.8524445295333862, -0.28381162881851196, 0.2614440619945526, -0.18099334836006165, -0.9480973482131958, -0.8595682978630066, -0.49048951268196106, -0.14339643716812134], "cam_t_m2c": [-226.0136260986328, 194.3123016357422, 361.471435546875], "obj_id": 1}, {"cam_R_m2c": [-0.43907809257507324, 0.8524445295333862, -0.28381162881851196, 0.2614440619945526, -0.18099334836006165, -0.9480973482131958, -0.8595682978630066, -0.49048951268196106, -0.14339643716812134], "cam_t_m2c": [-226.0136260986328, 194.3123016357422, 361.471435546875], "obj_id": 3}, {"cam_R_m2c": [-0.43907809257507324, 0.8524445295333862, -0.28381162881851196, 0.2614440619945526, -0.18099334836006165, -0.9480973482131958, -0.8595682978630066, -0.49048951268196106, -0.14339643716812134], "cam_t_m2c": [-226.0136260986328, 194.3123016357422, 361.471435546875], "obj_id": 2}, {"cam_R_m2c": [-0.43907809257507324, 0.8524445295333862, -0.28381162881851196, 0.2614440619945526, -0.18099334836006165, -0.9480973482131958, -0.8595682978630066, -0.49048951268196106, -0.14339643716812134], "cam_t_m2c": [-226.0136260986328, 194.3123016357422, 361.471435546875], "obj_id": 3}, {"cam_R_m2c": [-0.43907809257507324, 0.8524445295333862, -0.28381162881851196, 0.2614440619945526, -0.18099334836006165, -0.9480973482131958, -0.8595682978630066, -0.49048951268196106, -0.14339643716812134], "cam_t_m2c": [-226.0136260986328, 194.3123016357422, 361.471435546875], "obj_id": 2}, {"cam_R_m2c": [-0.43907809257507324, 0.8524445295333862, -0.28381162881851196, 0.2614440619945526, -0.18099334836006165, -0.9480973482131958, -0.8595682978630066, -0.49048951268196106, -0.14339643716812134], "cam_t_m2c": [-226.0136260986328, 194.3123016357422, 361.471435546875], "obj_id": 0}, {"cam_R_m2c": [-0.43907809257507324, 0.8524445295333862, -0.28381162881851196, 0.2614440619945526, -0.18099334836006165, -0.9480973482131958, -0.8595682978630066, -0.49048951268196106, -0.14339643716812134], "cam_t_m2c": [-226.0136260986328, 194.3123016357422, 361.471435546875], "obj_id": 0}, {"cam_R_m2c": [-0.43907809257507324, 0.8524445295333862, -0.28381162881851196, 0.2614440619945526, -0.18099334836006165, -0.9480973482131958, -0.8595682978630066, -0.49048951268196106, -0.14339643716812134], "cam_t_m2c": [-226.0136260986328, 194.3123016357422, 361.471435546875], "obj_id": 3}, {"cam_R_m2c": [-0.43907809257507324, 0.8524445295333862, -0.28381162881851196, 0.2614440619945526, -0.18099334836006165, -0.9480973482131958, -0.8595682978630066, -0.49048951268196106, -0.14339643716812134], "cam_t_m2c": [-226.0136260986328, 194.3123016357422, 361.471435546875], "obj_id": 0}, {"cam_R_m2c": [-0.2495606392621994, -0.12692119181156158, -0.9600053429603577, 0.6166347861289978, -0.7852200269699097, -0.05648589879274368, -0.7466463446617126, -0.6060694456100464, 0.27422428131103516], "cam_t_m2c": [-67.58124542236328, 193.14344787597656, 143.35745239257812], "obj_id": 1}, {"cam_R_m2c": [-0.36590471863746643, -0.271499365568161, 0.8901695013046265, -0.9267243146896362, 0.19408230483531952, -0.32173603773117065, -0.08541499823331833, -0.9426664710044861, -0.322620689868927], "cam_t_m2c": [29.113811492919922, 104.26686096191406, 361.57525634765625], "obj_id": 2}, {"cam_R_m2c": [0.6698805093765259, 0.12459975481033325, 0.7319391965866089, 0.32913920283317566, 0.8338237404823303, -0.44317638874053955, -0.6655279397964478, 0.5377851128578186, 0.5175516605377197], "cam_t_m2c": [-196.26939392089844, 135.6553955078125, 506.8782043457031], "obj_id": 3}, {"cam_R_m2c": [0.6727802157402039, -0.46688297390937805, -0.5739225149154663, 0.7186455726623535, 0.22804127633571625, 0.65692138671875, -0.17582739889621735, -0.8544105887413025, 0.4889450669288635], "cam_t_m2c": [-284.76055908203125, 236.4392852783203, 713.6565551757812], "obj_id": 4}],
  "1": [{"cam_R_m2c": [0.6492750644683838, 0.7548350095748901, 0.09309133142232895, 0.27551695704460144, -0.11935101449489594, -0.9538583159446716, -0.7088951468467712, 0.6449646353721619, -0.2854614853858948], "cam_t_m2c": [107.04642486572266, 44.3922004699707, 349.78607177734375], "obj_id": 2}, {"cam_R_m2c": [0.6492750644683838, 0.7548350095748901, 0.09309133142232895, 0.27551695704460144, -0.11935101449489594, -0.9538583159446716, -0.7088951468467712, 0.6449646353721619, -0.2854614853858948], "cam_t_m2c": [107.04642486572266, 44.3922004699707, 349.78607177734375], "obj_id": 0}, {"cam_R_m2c": [0.6492750644683838, 0.7548350095748901, 0.09309133142232895, 0.27551695704460144, -0.11935101449489594, -0.9538583159446716, -0.7088951468467712, 0.6449646353721619, -0.2854614853858948], "cam_t_m2c": [107.04642486572266, 44.3922004699707, 349.78607177734375], "obj_id": 2}, {"cam_R_m2c": [0.6492750644683838, 0.7548350095748901, 0.09309133142232895, 0.27551695704460144, -0.11935101449489594, -0.9538583159446716, -0.7088951468467712, 0.6449646353721619, -0.2854614853858948], "cam_t_m2c": [107.04642486572266, 44.3922004699707, 349.78607177734375], "obj_id": 1}, {"cam_R_m2c": [0.6492750644683838, 0.7548350095748901, 0.09309133142232895, 0.27551695704460144, -0.11935101449489594, -0.9538583159446716, -0.7088951468467712, 0.6449646353721619, -0.2854614853858948], "cam_t_m2c": [107.04642486572266, 44.3922004699707, 349.78607177734375], "obj_id": 3}, {"cam_R_m2c": [0.6492750644683838, 0.7548350095748901, 0.09309133142232895, 0.27551695704460144, -0.11935101449489594, -0.9538583159446716, -0.7088951468467712, 0.6449646353721619, -0.2854614853858948], "cam_t_m2c": [107.04642486572266, 44.3922004699707, 349.78607177734375], "obj_id": 2}, {"cam_R_m2c": [0.6492750644683838, 0.7548350095748901, 0.09309133142232895, 0.27551695704460144, -0.11935101449489594, -0.9538583159446716, -0.7088951468467712, 0.6449646353721619, -0.2854614853858948], "cam_t_m2c": [107.04642486572266, 44.3922004699707, 349.78607177734375], "obj_id": 3}, {"cam_R_m2c": [0.6492750644683838, 0.7548350095748901, 0.09309133142232895, 0.27551695704460144, -0.11935101449489594, -0.9538583159446716, -0.7088951468467712, 0.6449646353721619, -0.2854614853858948], "cam_t_m2c": [107.04642486572266, 44.3922004699707, 349.78607177734375], "obj_id": 2}, {"cam_R_m2c": [0.6492750644683838, 0.7548350095748901, 0.09309133142232895, 0.27551695704460144, -0.11935101449489594, -0.9538583159446716, -0.7088951468467712, 0.6449646353721619, -0.2854614853858948], "cam_t_m2c": [107.04642486572266, 44.3922004699707, 349.78607177734375], "obj_id": 0}, {"cam_R_m2c": [0.6492750644683838, 0.7548350095748901, 0.09309133142232895, 0.27551695704460144, -0.11935101449489594, -0.9538583159446716, -0.7088951468467712, 0.6449646353721619, -0.2854614853858948], "cam_t_m2c": [107.04642486572266, 44.3922004699707, 349.78607177734375], "obj_id": 0}, {"cam_R_m2c": [0.6492750644683838, 0.7548350095748901, 0.09309133142232895, 0.27551695704460144, -0.11935101449489594, -0.9538583159446716, -0.7088951468467712, 0.6449646353721619, -0.2854614853858948], "cam_t_m2c": [107.04642486572266, 44.3922004699707, 349.78607177734375], "obj_id": 3}, {"cam_R_m2c": [0.6492750644683838, 0.7548350095748901, 0.09309133142232895, 0.27551695704460144, -0.11935101449489594, -0.9538583159446716, -0.7088951468467712, 0.6449646353721619, -0.2854614853858948], "cam_t_m2c": [107.04642486572266, 44.3922004699707, 349.78607177734375], "obj_id": 0}, {"cam_R_m2c": [0.5862672924995422, 0.5718836188316345, -0.5737942457199097, 0.6344022154808044, -0.7645750641822815, -0.11383648216724396, -0.5038099884986877, -0.2972777187824249, -0.8110495805740356], "cam_t_m2c": [365.0972900390625, 59.88373565673828, 426.2431335449219], "obj_id": 1}, {"cam_R_m2c": [0.01006187405437231, 0.7868690490722656, 0.6170378923416138, -0.938875675201416, 0.21978408098220825, -0.2649666368961334, -0.3441091477870941, -0.5766558647155762, 0.740983784198761], "cam_t_m2c": [196.60305786132812, -33.229312896728516, 592.9994506835938], "obj_id": 2}, {"cam_R_m2c": [0.8309395909309387, -0.5110315084457397, -0.21996858716011047, 0.38825470209121704, 0.8158033490180969, -0.42862939834594727, 0.39849424362182617, 0.27076128125190735, 0.8762937188148499], "cam_t_m2c": [-16.773319244384766, -18.753856658935547, 428.206298828125], "obj_id": 3}, {"cam_R_m2c": [0.3492855131626129, 0.6370295882225037, -0.6871629357337952, 0.7567899823188782, 0.24063275754451752, 0.6077538132667542, 0.5525110960006714, -0.7323176264762878, -0.3980481028556824], "cam_t_m2c": [-246.4242706298828, 68.9967269897461, 410.72332763671875], "obj_id": 4}],
  "2": [{"cam_R_m2c": [0.6492750644683838, 0.7548350095748901, 0.09309133142232895, 0.27551695704460144, -0.11935101449489594, -0.9538583159446716, -0.7088951468467712, 0.6449646353721619, -0.2854614853858948], "cam_t_m2c": [107.04642486572266, 44.3922004699707, 349.78607177734375], "obj_id": 2}, {"cam_R_m2c": [0.6492750644683838, 0.7548350095748901, 0.09309133142232895, 0.27551695704460144, -0.11935101449489594, -0.9538583159446716, -0.7088951468467712, 0.6449646353721619, -0.2854614853858948], "cam_t_m2c": [107.04642486572266, 44.3922004699707, 349.78607177734375], "obj_id": 0}, {"cam_R_m2c": [0.6492750644683838, 0.7548350095748901, 0.09309133142232895, 0.27551695704460144, -0.11935101449489594, -0.9538583159446716, -0.7088951468467712, 0.6449646353721619, -0.2854614853858948], "cam_t_m2c": [107.04642486572266, 44.3922004699707, 349.78607177734375], "obj_id": 2}, {"cam_R_m2c": [0.6492750644683838, 0.7548350095748901, 0.09309133142232895, 0.27551695704460144, -0.11935101449489594, -0.9538583159446716, -0.7088951468467712, 0.6449646353721619, -0.2854614853858948], "cam_t_m2c": [107.04642486572266, 44.3922004699707, 349.78607177734375], "obj_id": 1}, {"cam_R_m2c": [0.6492750644683838, 0.7548350095748901, 0.09309133142232895, 0.27551695704460144, -0.11935101449489594, -0.9538583159446716, -0.7088951468467712, 0.6449646353721619, -0.2854614853858948], "cam_t_m2c": [107.04642486572266, 44.3922004699707, 349.78607177734375], "obj_id": 3}, {"cam_R_m2c": [0.6492750644683838, 0.7548350095748901, 0.09309133142232895, 0.27551695704460144, -0.11935101449489594, -0.9538583159446716, -0.7088951468467712, 0.6449646353721619, -0.2854614853858948], "cam_t_m2c": [107.04642486572266, 44.3922004699707, 349.78607177734375], "obj_id": 2}, {"cam_R_m2c": [0.6492750644683838, 0.7548350095748901, 0.09309133142232895, 0.27551695704460144, -0.11935101449489594, -0.9538583159446716, -0.7088951468467712, 0.6449646353721619, -0.2854614853858948], "cam_t_m2c": [107.04642486572266, 44.3922004699707, 349.78607177734375], "obj_id": 3}, {"cam_R_m2c": [0.6492750644683838, 0.7548350095748901, 0.09309133142232895, 0.27551695704460144, -0.11935101449489594, -0.9538583159446716, -0.7088951468467712, 0.6449646353721619, -0.2854614853858948], "cam_t_m2c": [107.04642486572266, 44.3922004699707, 349.78607177734375], "obj_id": 2}, {"cam_R_m2c": [0.6492750644683838, 0.7548350095748901, 0.09309133142232895, 0.27551695704460144, -0.11935101449489594, -0.9538583159446716, -0.7088951468467712, 0.6449646353721619, -0.2854614853858948], "cam_t_m2c": [107.04642486572266, 44.3922004699707, 349.78607177734375], "obj_id": 0}, {"cam_R_m2c": [0.6492750644683838, 0.7548350095748901, 0.09309133142232895, 0.27551695704460144, -0.11935101449489594, -0.9538583159446716, -0.7088951468467712, 0.6449646353721619, -0.2854614853858948], "cam_t_m2c": [107.04642486572266, 44.3922004699707, 349.78607177734375], "obj_id": 0}, {"cam_R_m2c": [0.6492750644683838, 0.7548350095748901, 0.09309133142232895, 0.27551695704460144, -0.11935101449489594, -0.9538583159446716, -0.7088951468467712, 0.6449646353721619, -0.2854614853858948], "cam_t_m2c": [107.04642486572266, 44.3922004699707, 349.78607177734375], "obj_id": 3}, {"cam_R_m2c": [0.6492750644683838, 0.7548350095748901, 0.09309133142232895, 0.27551695704460144, -0.11935101449489594, -0.9538583159446716, -0.7088951468467712, 0.6449646353721619, -0.2854614853858948], "cam_t_m2c": [107.04642486572266, 44.3922004699707, 349.78607177734375], "obj_id": 0}, {"cam_R_m2c": [0.5862672924995422, 0.5718836188316345, -0.5737942457199097, 0.6344022154808044, -0.7645750641822815, -0.11383648216724396, -0.5038099884986877, -0.2972777187824249, -0.8110495805740356], "cam_t_m2c": [365.0972900390625, 59.88373565673828, 426.2431335449219], "obj_id": 1}, {"cam_R_m2c": [0.01006187405437231, 0.7868690490722656, 0.6170378923416138, -0.938875675201416, 0.21978408098220825, -0.2649666368961334, -0.3441091477870941, -0.5766558647155762, 0.740983784198761], "cam_t_m2c": [196.60305786132812, -33.229312896728516, 592.9994506835938], "obj_id": 2}, {"cam_R_m2c": [0.8309395909309387, -0.5110315084457397, -0.21996858716011047, 0.38825470209121704, 0.8158033490180969, -0.42862939834594727, 0.39849424362182617, 0.27076128125190735, 0.8762937188148499], "cam_t_m2c": [-16.773319244384766, -18.753856658935547, 428.206298828125], "obj_id": 3}, {"cam_R_m2c": [0.3492855131626129, 0.6370295882225037, -0.6871629357337952, 0.7567899823188782, 0.24063275754451752, 0.6077538132667542, 0.5525110960006714, -0.7323176264762878, -0.3980481028556824], "cam_t_m2c": [-246.4242706298828, 68.9967269897461, 410.72332763671875], "obj_id": 4}],
  "3": [{"cam_R_m2c": [-0.13222260773181915, -0.9904892444610596, -0.03805369883775711, -0.5308851599693298, 0.10318490117788315, -0.8411383628845215, 0.8370651006698608, -0.09101541340351105, -0.5394793748855591], "cam_t_m2c": [115.33219909667969, -37.2647819519043, 688.1966552734375], "obj_id": 2}, {"cam_R_m2c": [-0.13222260773181915, -0.9904892444610596, -0.03805369883775711, -0.5308851599693298, 0.10318490117788315, -0.8411383628845215, 0.8370651006698608, -0.09101541340351105, -0.5394793748855591], "cam_t_m2c": [115.33219909667969, -37.2647819519043, 688.1966552734375], "obj_id": 0}, {"cam_R_m2c": [-0.13222260773181915, -0.9904892444610596, -0.03805369883775711, -0.5308851599693298, 0.10318490117788315, -0.8411383628845215, 0.8370651006698608, -0.09101541340351105, -0.5394793748855591], "cam_t_m2c": [115.33219909667969, -37.2647819519043, 688.1966552734375], "obj_id": 2}, {"cam_R_m2c": [-0.13222260773181915, -0.9904892444610596, -0.03805369883775711, -0.5308851599693298, 0.10318490117788315, -0.8411383628845215, 0.8370651006698608, -0.09101541340351105, -0.5394793748855591], "cam_t_m2c": [115.33219909667969, -37.2647819519043, 688.1966552734375], "obj_id": 1}, {"cam_R_m2c": [-0.13222260773181915, -0.9904892444610596, -0.03805369883775711, -0.5308851599693298, 0.10318490117788315, -0.8411383628845215, 0.8370651006698608, -0.09101541340351105, -0.5394793748855591], "cam_t_m2c": [115.33219909667969, -37.2647819519043, 688.1966552734375], "obj_id": 3}, {"cam_R_m2c": [-0.13222260773181915, -0.9904892444610596, -0.03805369883775711, -0.5308851599693298, 0.10318490117788315, -0.8411383628845215, 0.8370651006698608, -0.09101541340351105, -0.5394793748855591], "cam_t_m2c": [115.33219909667969, -37.2647819519043, 688.1966552734375], "obj_id": 2}, {"cam_R_m2c": [-0.13222260773181915, -0.9904892444610596, -0.03805369883775711, -0.5308851599693298, 0.10318490117788315, -0.8411383628845215, 0.8370651006698608, -0.09101541340351105, -0.5394793748855591], "cam_t_m2c": [115.33219909667969, -37.2647819519043, 688.1966552734375], "obj_id": 3}, {"cam_R_m2c": [-0.13222260773181915, -0.9904892444610596, -0.03805369883775711, -0.5308851599693298, 0.10318490117788315, -0.8411383628845215, 0.8370651006698608, -0.09101541340351105, -0.5394793748855591], "cam_t_m2c": [115.33219909667969, -37.2647819519043, 688.1966552734375], "obj_id": 2}, {"cam_R_m2c": [-0.13222260773181915, -0.9904892444610596, -0.03805369883775711, -0.5308851599693298, 0.10318490117788315, -0.8411383628845215, 0.8370651006698608, -0.09101541340351105, -0.5394793748855591], "cam_t_m2c": [115.33219909667969, -37.2647819519043, 688.1966552734375], "obj_id": 0}, {"cam_R_m2c": [-0.13222260773181915, -0.9904892444610596, -0.03805369883775711, -0.5308851599693298, 0.10318490117788315, -0.8411383628845215, 0.8370651006698608, -0.09101541340351105, -0.5394793748855591], "cam_t_m2c": [115.33219909667969, -37.2647819519043, 688.1966552734375], "obj_id": 0}, {"cam_R_m2c": [-0.13222260773181915, -0.9904892444610596, -0.03805369883775711, -0.5308851599693298, 0.10318490117788315, -0.8411383628845215, 0.8370651006698608, -0.09101541340351105, -0.5394793748855591], "cam_t_m2c": [115.33219909667969, -37.2647819519043, 688.1966552734375], "obj_id": 3}, {"cam_R_m2c": [-0.13222260773181915, -0.9904892444610596, -0.03805369883775711, -0.5308851599693298, 0.10318490117788315, -0.8411383628845215, 0.8370651006698608, -0.09101541340351105, -0.5394793748855591], "cam_t_m2c": [115.33219909667969, -37.2647819519043, 688.1966552734375], "obj_id": 0}, {"cam_R_m2c": [-0.1466672271490097, -0.4101613759994507, 0.9001423120498657, -0.13803638517856598, -0.8925929069519043, -0.4292127788066864, 0.9795072674751282, -0.18720388412475586, 0.07429710030555725], "cam_t_m2c": [-139.68539428710938, -64.12648010253906, 771.3856201171875], "obj_id": 1}, {"cam_R_m2c": [0.06454716622829437, -0.3246234655380249, -0.943638265132904, -0.842896044254303, -0.5239272713661194, 0.12258154153823853, -0.5341907739639282, 0.7874767184257507, -0.30744174122810364], "cam_t_m2c": [-98.7300796508789, 47.976295471191406, 546.3886108398438], "obj_id": 2}, {"cam_R_m2c": [-0.8625789284706116, 0.379440575838089, -0.3346375524997711, 0.23534810543060303, 0.8864595890045166, 0.39849796891212463, 0.44784897565841675, 0.26497966051101685, -0.8539419770240784], "cam_t_m2c": [169.62376403808594, 18.377653121948242, 548.8236694335938], "obj_id": 3}, {"cam_R_m2c": [-0.4981746971607208, -0.11357887834310532, 0.8596054911613464, 0.7440063953399658, -0.5651133060455322, 0.3565126657485962, 0.4452822506427765, 0.8171576857566833, 0.36602869629859924], "cam_t_m2c": [381.5544738769531, 142.17941284179688, 526.3765869140625], "obj_id": 4}],
  "4": [{"cam_R_m2c": [-0.13222260773181915, -0.9904892444610596, -0.03805369883775711, -0.5308851599693298, 0.10318490117788315, -0.8411383628845215, 0.8370651006698608, -0.09101541340351105, -0.5394793748855591], "cam_t_m2c": [115.33219909667969, -37.2647819519043, 688.1966552734375], "obj_id": 2}, {"cam_R_m2c": [-0.13222260773181915, -0.9904892444610596, -0.03805369883775711, -0.5308851599693298, 0.10318490117788315, -0.8411383628845215, 0.8370651006698608, -0.09101541340351105, -0.5394793748855591], "cam_t_m2c": [115.33219909667969, -37.2647819519043, 688.1966552734375], "obj_id": 0}, {"cam_R_m2c": [-0.13222260773181915, -0.9904892444610596, -0.03805369883775711, -0.5308851599693298, 0.10318490117788315, -0.8411383628845215, 0.8370651006698608, -0.09101541340351105, -0.5394793748855591], "cam_t_m2c": [115.33219909667969, -37.2647819519043, 688.1966552734375], "obj_id": 2}, {"cam_R_m2c": [-0.13222260773181915, -0.9904892444610596, -0.03805369883775711, -0.5308851599693298, 0.10318490117788315, -0.8411383628845215, 0.8370651006698608, -0.09101541340351105, -0.5394793748855591], "cam_t_m2c": [115.33219909667969, -37.2647819519043, 688.1966552734375], "obj_id": 1}, {"cam_R_m2c": [-0.13222260773181915, -0.9904892444610596, -0.03805369883775711, -0.5308851599693298, 0.10318490117788315, -0.8411383628845215, 0.8370651006698608, -0.09101541340351105, -0.5394793748855591], "cam_t_m2c": [115.33219909667969, -37.2647819519043, 688.1966552734375], "obj_id": 3}, {"cam_R_m2c": [-0.13222260773181915, -0.9904892444610596, -0.03805369883775711, -0.5308851599693298, 0.10318490117788315, -0.8411383628845215, 0.8370651006698608, -0.09101541340351105, -0.5394793748855591], "cam_t_m2c": [115.33219909667969, -37.2647819519043, 688.1966552734375], "obj_id": 2}, {"cam_R_m2c": [-0.13222260773181915, -0.9904892444610596, -0.03805369883775711, -0.5308851599693298, 0.10318490117788315, -0.8411383628845215, 0.8370651006698608, -0.09101541340351105, -0.5394793748855591], "cam_t_m2c": [115.33219909667969, -37.2647819519043, 688.1966552734375], "obj_id": 3}, {"cam_R_m2c": [-0.13222260773181915, -0.9904892444610596, -0.03805369883775711, -0.5308851599693298, 0.10318490117788315, -0.8411383628845215, 0.8370651006698608, -0.09101541340351105, -0.5394793748855591], "cam_t_m2c": [115.33219909667969, -37.2647819519043, 688.1966552734375], "obj_id": 2}, {"cam_R_m2c": [-0.13222260773181915, -0.9904892444610596, -0.03805369883775711, -0.5308851599693298, 0.10318490117788315, -0.8411383628845215, 0.8370651006698608, -0.09101541340351105, -0.5394793748855591], "cam_t_m2c": [115.33219909667969, -37.2647819519043, 688.1966552734375], "obj_id": 0}, {"cam_R_m2c": [-0.13222260773181915, -0.9904892444610596, -0.03805369883775711, -0.5308851599693298, 0.10318490117788315, -0.8411383628845215, 0.8370651006698608, -0.09101541340351105, -0.5394793748855591], "cam_t_m2c": [115.33219909667969, -37.2647819519043, 688.1966552734375], "obj_id": 0}, {"cam_R_m2c": [-0.13222260773181915, -0.9904892444610596, -0.03805369883775711, -0.5308851599693298, 0.10318490117788315, -0.8411383628845215, 0.8370651006698608, -0.09101541340351105, -0.5394793748855591], "cam_t_m2c": [115.33219909667969, -37.2647819519043, 688.1966552734375], "obj_id": 3}, {"cam_R_m2c": [-0.13222260773181915, -0.9904892444610596, -0.03805369883775711, -0.5308851599693298, 0.10318490117788315, -0.8411383628845215, 0.8370651006698608, -0.09101541340351105, -0.5394793748855591], "cam_t_m2c": [115.33219909667969, -37.2647819519043, 688.1966552734375], "obj_id": 0}, {"cam_R_m2c": [-0.1466672271490097, -0.4101613759994507, 0.9001423120498657, -0.13803638517856598, -0.8925929069519043, -0.4292127788066864, 0.9795072674751282, -0.18720388412475586, 0.07429710030555725], "cam_t_m2c": [-139.68539428710938, -64.12648010253906, 771.3856201171875], "obj_id": 1}, {"cam_R_m2c": [0.06454716622829437, -0.3246234655380249, -0.943638265132904, -0.842896044254303, -0.5239272713661194, 0.12258154153823853, -0.5341907739639282, 0.7874767184257507, -0.30744174122810364], "cam_t_m2c": [-98.7300796508789, 47.976295471191406, 546.3886108398438], "obj_id": 2}, {"cam_R_m2c": [-0.8625789284706116, 0.379440575838089, -0.3346375524997711, 0.23534810543060303, 0.8864595890045166, 0.39849796891212463, 0.44784897565841675, 0.26497966051101685, -0.8539419770240784], "cam_t_m2c": [169.62376403808594, 18.377653121948242, 548.8236694335938], "obj_id": 3}, {"cam_R_m2c": [-0.4981746971607208, -0.11357887834310532, 0.8596054911613464, 0.7440063953399658, -0.5651133060455322, 0.3565126657485962, 0.4452822506427765, 0.8171576857566833, 0.36602869629859924], "cam_t_m2c": [381.5544738769531, 142.17941284179688, 526.3765869140625], "obj_id": 4}],
  "5": [{"cam_R_m2c": [0.6388884782791138, -0.763411819934845, -0.09499398618936539, -0.45858097076416016, -0.27878397703170776, -0.8437907695770264, 0.6176770925521851, 0.5826506018638611, -0.5281980037689209], "cam_t_m2c": [91.97041320800781, -70.03236389160156, 585.415283203125], "obj_id": 2}, {"cam_R_m2c": [0.6388884782791138, -0.763411819934845, -0.09499398618936539, -0.45858097076416016, -0.27878397703170776, -0.8437907695770264, 0.6176770925521851, 0.5826506018638611, -0.5281980037689209], "cam_t_m2c": [91.97041320800781, -70.03236389160156, 585.415283203125], "obj_id": 0}, {"cam_R_m2c": [0.6388884782791138, -0.763411819934845, -0.09499398618936539, -0.45858097076416016, -0.27878397703170776, -0.8437907695770264, 0.6176770925521851, 0.5826506018638611, -0.5281980037689209], "cam_t_m2c": [91.97041320800781, -70.03236389160156, 585.415283203125], "obj_id": 2}, {"cam_R_m2c": [0.6388884782791138, -0.763411819934845, -0.09499398618936539, -0.45858097076416016, -0.27878397703170776, -0.8437907695770264, 0.6176770925521851, 0.5826506018638611, -0.5281980037689209], "cam_t_m2c": [91.97041320800781, -70.03236389160156, 585.415283203125], "obj_id": 1}, {"cam_R_m2c": [0.6388884782791138, -0.763411819934845, -0.09499398618936539, -0.45858097076416016, -0.27878397703170776, -0.8437907695770264, 0.6176770925521851, 0.5826506018638611, -0.5281980037689209], "cam_t_m2c": [91.97041320800781, -70.03236389160156, 585.415283203125], "obj_id": 3}, {"cam_R_m2c": [0.6388884782791138, -0.763411819934845, -0.09499398618936539, -0.45858097076416016, -0.27878397703170776, -0.8437907695770264, 0.6176770925521851, 0.5826506018638611, -0.5281980037689209], "cam_t_m2c": [91.97041320800781, -70.03236389160156, 585.415283203125], "obj_id": 2}, {"cam_R_m2c": [0.6388884782791138, -0.763411819934845, -0.09499398618936539, -0.45858097076416016, -0.27878397703170776, -0.8437907695770264, 0.6176770925521851, 0.5826506018638611, -0.5281980037689209], "cam_t_m2c": [91.97041320800781, -70.03236389160156, 585.415283203125], "obj_id": 3}, {"cam_R_m2c": [0.6388884782791138, -0.763411819934845, -0.09499398618936539, -0.45858097076416016, -0.27878397703170776, -0.8437907695770264, 0.6176770925521851, 0.5826506018638611, -0.5281980037689209], "cam_t_m2c": [91.97041320800781, -70.03236389160156, 585.415283203125], "obj_id": 2}, {"cam_R_m2c": [0.6388884782791138, -0.763411819934845, -0.09499398618936539, -0.45858097076416016, -0.27878397703170776, -0.8437907695770264, 0.6176770925521851, 0.5826506018638611, -0.5281980037689209], "cam_t_m2c": [91.97041320800781, -70.03236389160156, 585.415283203125], "obj_id": 0}, {"cam_R_m2c": [0.6388884782791138, -0.763411819934845, -0.09499398618936539, -0.45858097076416016, -0.27878397703170776, -0.8437907695770264, 0.6176770925521851, 0.5826506018638611, -0.5281980037689209], "cam_t_m2c": [91.97041320800781, -70.03236389160156, 585.415283203125], "obj_id": 0}, {"cam_R_m2c": [0.6388884782791138, -0.763411819934845, -0.09499398618936539, -0.45858097076416016, -0.27878397703170776, -0.8437907695770264, 0.6176770925521851, 0.5826506018638611, -0.5281980037689209], "cam_t_m2c": [91.97041320800781, -70.03236389160156, 585.415283203125], "obj_id": 3}, {"cam_R_m2c": [0.6388884782791138, -0.763411819934845, -0.09499398618936539, -0.45858097076416016, -0.27878397703170776, -0.8437907695770264, 0.6176770925521851, 0.5826506018638611, -0.5281980037689209], "cam_t_m2c": [91.97041320800781, -70.03236389160156, 585.415283203125], "obj_id": 0}, {"cam_R_m2c": [0.5897070169448853, -0.09795695543289185, 0.801654577255249, -0.08697020262479782, -0.9945471882820129, -0.057550810277462006, 0.8029208183288574, -0.035781946033239365, -0.5950107574462891], "cam_t_m2c": [-16.628042221069336, -180.8882598876953, 805.8541259765625], "obj_id": 1}, {"cam_R_m2c": [-0.021647769957780838, 0.47410356998443604, -0.8802028298377991, -0.8070572018623352, -0.527917206287384, -0.26450315117836, -0.590076208114624, 0.7046481370925903, 0.3940570652484894], "cam_t_m2c": [-174.35736083984375, -83.91090393066406, 630.9688110351562], "obj_id": 2}, {"cam_R_m2c": [-0.3684755861759186, 0.1302684247493744, -0.9204648733139038, -0.05730610713362694, 0.9850674867630005, 0.16235174238681793, 0.9278693199157715, 0.11257094889879227, -0.35550814867019653], "cam_t_m2c": [18.4614200592041, -12.047868728637695, 456.17633056640625], "obj_id": 3}, {"cam_R_m2c": [-0.29602909088134766, 0.6499992609024048, 0.6999053359031677, 0.5470860004425049, -0.4852706789970398, 0.6820623278617859, 0.782983660697937, 0.5848188400268555, -0.2119511365890503], "cam_t_m2c": [105.01105499267578, 178.4037628173828, 325.8585510253906], "obj_id": 4}],
  "6": [{"cam_R_m2c": [0.6388884782791138, -0.763411819934845, -0.09499398618936539, -0.45858097076416016, -0.27878397703170776, -0.8437907695770264, 0.6176770925521851, 0.5826506018638611, -0.5281980037689209], "cam_t_m2c": [91.97041320800781, -70.03236389160156, 585.415283203125], "obj_id": 2}, {"cam_R_m2c": [0.6388884782791138, -0.763411819934845, -0.09499398618936539, -0.45858097076416016, -0.27878397703170776, -0.8437907695770264, 0.6176770925521851, 0.5826506018638611, -0.5281980037689209], "cam_t_m2c": [91.97041320800781, -70.03236389160156, 585.415283203125], "obj_id": 0}, {"cam_R_m2c": [0.6388884782791138, -0.763411819934845, -0.09499398618936539, -0.45858097076416016, -0.27878397703170776, -0.8437907695770264, 0.6176770925521851, 0.5826506018638611, -0.5281980037689209], "cam_t_m2c": [91.97041320800781, -70.03236389160156, 585.415283203125], "obj_id": 2}, {"cam_R_m2c": [0.6388884782791138, -0.763411819934845, -0.09499398618936539, -0.45858097076416016, -0.27878397703170776, -0.8437907695770264, 0.6176770925521851, 0.5826506018638611, -0.5281980037689209], "cam_t_m2c": [91.97041320800781, -70.03236389160156, 585.415283203125], "obj_id": 1}, {"cam_R_m2c": [0.6388884782791138, -0.763411819934845, -0.09499398618936539, -0.45858097076416016, -0.27878397703170776, -0.8437907695770264, 0.6176770925521851, 0.5826506018638611, -0.5281980037689209], "cam_t_m2c": [91.97041320800781, -70.03236389160156, 585.415283203125], "obj_id": 3}, {"cam_R_m2c": [0.6388884782791138, -0.763411819934845, -0.09499398618936539, -0.45858097076416016, -0.27878397703170776, -0.8437907695770264, 0.6176770925521851, 0.5826506018638611, -0.5281980037689209], "cam_t_m2c": [91.97041320800781, -70.03236389160156, 585.415283203125], "obj_id": 2}, {"cam_R_m2c": [0.6388884782791138, -0.763411819934845, -0.09499398618936539, -0.45858097076416016, -0.27878397703170776, -0.8437907695770264, 0.6176770925521851, 0.5826506018638611, -0.5281980037689209], "cam_t_m2c": [91.97041320800781, -70.03236389160156, 585.415283203125], "obj_id": 3}, {"cam_R_m2c": [0.6388884782791138, -0.763411819934845, -0.09499398618936539, -0.45858097076416016, -0.27878397703170776, -0.8437907695770264, 0.6176770925521851, 0.5826506018638611, -0.5281980037689209], "cam_t_m2c": [91.97041320800781, -70.03236389160156, 585.415283203125], "obj_id": 2}, {"cam_R_m2c": [0.6388884782791138, -0.763411819934845, -0.09499398618936539, -0.45858097076416016, -0.27878397703170776, -0.8437907695770264, 0.6176770925521851, 0.5826506018638611, -0.5281980037689209], "cam_t_m2c": [91.97041320800781, -70.03236389160156, 585.415283203125], "obj_id": 0}, {"cam_R_m2c": [0.6388884782791138, -0.763411819934845, -0.09499398618936539, -0.45858097076416016, -0.27878397703170776, -0.8437907695770264, 0.6176770925521851, 0.5826506018638611, -0.5281980037689209], "cam_t_m2c": [91.97041320800781, -70.03236389160156, 585.415283203125], "obj_id": 0}, {"cam_R_m2c": [0.6388884782791138, -0.763411819934845, -0.09499398618936539, -0.45858097076416016, -0.27878397703170776, -0.8437907695770264, 0.6176770925521851, 0.5826506018638611, -0.5281980037689209], "cam_t_m2c": [91.97041320800781, -70.03236389160156, 585.415283203125], "obj_id": 3}, {"cam_R_m2c": [0.6388884782791138, -0.763411819934845, -0.09499398618936539, -0.45858097076416016, -0.27878397703170776, -0.8437907695770264, 0.6176770925521851, 0.5826506018638611, -0.5281980037689209], "cam_t_m2c": [91.97041320800781, -70.03236389160156, 585.415283203125], "obj_id": 0}, {"cam_R_m2c": [0.5897070169448853, -0.09795695543289185, 0.801654577255249, -0.08697020262479782, -0.9945471882820129, -0.057550810277462006, 0.8029208183288574, -0.035781946033239365, -0.5950107574462891], "cam_t_m2c": [-16.628042221069336, -180.8882598876953, 805.8541259765625], "obj_id": 1}, {"cam_R_m2c": [-0.021647769957780838, 0.47410356998443604, -0.8802028298377991, -0.8070572018623352, -0.527917206287384, -0.26450315117836, -0.590076208114624, 0.7046481370925903, 0.3940570652484894], "cam_t_m2c": [-174.35736083984375, -83.91090393066406, 630.9688110351562], "obj_id": 2}, {"cam_R_m2c": [-0.3684755861759186, 0.1302684247493744, -0.9204648733139038, -0.05730610713362694, 0.9850674867630005, 0.16235174238681793, 0.9278693199157715, 0.11257094889879227, -0.35550814867019653], "cam_t_m2c": [18.4614200592041, -12.047868728637695, 456.17633056640625], "obj_id": 3}, {"cam_R_m2c": [-0.29602909088134766, 0.6499992609024048, 0.6999053359031677, 0.5470860004425049, -0.4852706789970398, 0.6820623278617859, 0.782983660697937, 0.5848188400268555, -0.2119511365890503], "cam_t_m2c": [105.01105499267578, 178.4037628173828, 325.8585510253906], "obj_id": 4}],
  "7": [{"cam_R_m2c": [-0.9712523221969604, 0.13947726786136627, 0.19291174411773682, -0.10332249850034714, 0.48307135701179504, -0.869463324546814, -0.21446050703525543, -0.8644004464149475, -0.4547730088233948], "cam_t_m2c": [-301.46630859375, -118.42807006835938, 652.9842529296875], "obj_id": 2}, {"cam_R_m2c": [-0.9712523221969604, 0.13947726786136627, 0.19291174411773682, -0.10332249850034714, 0.48307135701179504, -0.869463324546814, -0.21446050703525543, -0.8644004464149475, -0.4547730088233948], "cam_t_m2c": [-301.46630859375, -118.42807006835938, 652.9842529296875], "obj_id": 0}, {"cam_R_m2c": [-0.9712523221969604, 0.13947726786136627, 0.19291174411773682, -0.10332249850034714, 0.48307135701179504, -0.869463324546814, -0.21446050703525543, -0.8644004464149475, -0.4547730088233948], "cam_t_m2c": [-301.46630859375, -118.42807006835938, 652.9842529296875], "obj_id": 2}, {"cam_R_m2c": [-0.9712523221969604, 0.13947726786136627, 0.19291174411773682, -0.10332249850034714, 0.48307135701179504, -0.869463324546814, -0.21446050703525543, -0.8644004464149475, -0.4547730088233948], "cam_t_m2c": [-301.46630859375, -118.42807006835938, 652.9842529296875], "obj_id": 1}, {"cam_R_m2c": [-0.9712523221969604, 0.13947726786136627, 0.19291174411773682, -0.10332249850034714, 0.48307135701179504, -0.869463324546814, -0.21446050703525543, -0.8644004464149475, -0.4547730088233948], "cam_t_m2c": [-301.46630859375, -118.42807006835938, 652.9842529296875], "obj_id": 3}, {"cam_R_m2c": [-0.9712523221969604, 0.13947726786136627, 0.19291174411773682, -0.10332249850034714, 0.48307135701179504, -0.869463324546814, -0.21446050703525543, -0.8644004464149475, -0.4547730088233948], "cam_t_m2c": [-301.46630859375, -118.42807006835938, 652.9842529296875], "obj_id": 2}, {"cam_R_m2c": [-0.9712523221969604, 0.13947726786136627, 0.19291174411773682, -0.10332249850034714, 0.48307135701179504, -0.869463324546814, -0.21446050703525543, -0.8644004464149475, -0.4547730088233948], "cam_t_m2c": [-301.46630859375, -118.42807006835938, 652.9842529296875], "obj_id": 3}, {"cam_R_m2c": [-0.9712523221969604, 0.13947726786136627, 0.19291174411773682, -0.10332249850034714, 0.48307135701179504, -0.869463324546814, -0.21446050703525543, -0.8644004464149475, -0.4547730088233948], "cam_t_m2c": [-301.46630859375, -118.42807006835938, 652.9842529296875], "obj_id": 2}, {"cam_R_m2c": [-0.9712523221969604, 0.13947726786136627, 0.19291174411773682, -0.10332249850034714, 0.48307135701179504, -0.869463324546814, -0.21446050703525543, -0.8644004464149475, -0.4547730088233948], "cam_t_m2c": [-301.46630859375, -118.42807006835938, 652.9842529296875], "obj_id": 0}, {"cam_R_m2c": [-0.9712523221969604, 0.13947726786136627, 0.19291174411773682, -0.10332249850034714, 0.48307135701179504, -0.869463324546814, -0.21446050703525543, -0.8644004464149475, -0.4547730088233948], "cam_t_m2c": [-301.46630859375, -118.42807006835938, 652.9842529296875], "obj_id": 0}, {"cam_R_m2c": [-0.9712523221969604, 0.13947726786136627, 0.19291174411773682, -0.10332249850034714, 0.48307135701179504, -0.869463324546814, -0.21446050703525543, -0.8644004464149475, -0.4547730088233948], "cam_t_m2c": [-301.46630859375, -118.42807006835938, 652.9842529296875], "obj_id": 3}, {"cam_R_m2c": [-0.9712523221969604, 0.13947726786136627, 0.19291174411773682, -0.10332249850034714, 0.48307135701179504, -0.869463324546814, -0.21446050703525543, -0.8644004464149475, -0.4547730088233948], "cam_t_m2c": [-301.46630859375, -118.42807006835938, 652.9842529296875], "obj_id": 0}, {"cam_R_m2c": [-0.9589738249778748, -0.14719322323799133, -0.2422875612974167, 0.27958109974861145, -0.6325498819351196, -0.7222983837127686, -0.046941544860601425, -0.7604042887687683, 0.6477513313293457], "cam_t_m2c": [-384.337890625, -2.618910789489746, 424.08154296875], "obj_id": 1}, {"cam_R_m2c": [0.18559660017490387, -0.9193035960197449, 0.3470371663570404, -0.9134378433227539, -0.031231053173542023, 0.4057781994342804, -0.3621950149536133, -0.39230790734291077, -0.8455230593681335], "cam_t_m2c": [-134.61624145507812, -2.763092517852783, 474.1522521972656], "obj_id": 2}, {"cam_R_m2c": [-0.31512197852134705, 0.07314874976873398, 0.9462279677391052, 0.7208033204078674, 0.6670203804969788, 0.18848446011543274, -0.6173659563064575, 0.7414398789405823, -0.2629186511039734], "cam_t_m2c": [-152.34603881835938, -142.54029846191406, 704.464599609375], "obj_id": 3}, {"cam_R_m2c": [-0.1318969577550888, -0.9656485915184021, -0.2238878458738327, 0.9878673553466797, -0.14672832190990448, 0.05087947100400925, -0.08198240399360657, -0.21446065604686737, 0.9732859134674072], "cam_t_m2c": [-89.56507110595703, -138.13473510742188, 942.7596435546875], "obj_id": 4}],
