{
  "0": [{"cam_R_m2c": [0.987384021282196, -0.11971919983625412, -0.10363437235355377, 0.0657244399189949, -0.285580039024353, 0.9560985565185547, -0.14405925571918488, -0.9508478045463562, -0.2741087079048157], "cam_t_m2c": [41.82148361206055, 457.5429382324219, 984.9188232421875], "obj_id": 2}, {"cam_R_m2c": [-0.13089458644390106, 0.9860727787017822, -0.10260115563869476, -0.06959902495145798, 0.09409642219543457, 0.9931272268295288, 0.9889501929283142, 0.13713598251342773, 0.05631305277347565], "cam_t_m2c": [56.39163589477539, 463.18212890625, 1004.8551635742188], "obj_id": 0}, {"cam_R_m2c": [0.9640692472457886, 0.23976366221904755, -0.11438479274511337, -0.0852150097489357, 0.686944305896759, 0.7216965556144714, 0.2516125738620758, -0.686018168926239, 0.682693362236023], "cam_t_m2c": [-133.9258575439453, 397.3028564453125, 1242.0908203125], "obj_id": 0}],
  "1": [{"cam_R_m2c": [0.23510512709617615, 0.018604274839162827, 0.9717918634414673, -0.947644054889679, -0.21789684891700745, 0.2334345281124115, 0.2160932868719101, -0.9757944345474243, -0.03359842672944069], "cam_t_m2c": [428.9676818847656, 68.36051940917969, 1138.2445068359375], "obj_id": 2}, {"cam_R_m2c": [-0.3967061936855316, 0.17218264937400818, 0.9016526341438293, 0.383325457572937, -0.8614339828491211, 0.33315661549568176, 0.8340778946876526, 0.4777916371822357, 0.2757340669631958], "cam_t_m2c": [429.5973205566406, 61.681365966796875, 1163.1805419921875], "obj_id": 0}, {"cam_R_m2c": [-0.03547781705856323, 0.8943118453025818, 0.44603535532951355, -0.8488757610321045, -0.2625029683113098, 0.45880505442619324, 0.5274004340171814, -0.3623511791229248, 0.7684727311134338], "cam_t_m2c": [267.7981872558594, 291.167236328125, 1297.58740234375], "obj_id": 0}]
}