{
  "0": [{"cam_R_m2c": [0.24622087180614471, -0.9626189470291138, -0.1128721684217453, -0.2470806986093521, 0.05026787146925926, -0.9676902294158936, 0.9371907711029053, 0.26615411043167114, -0.22546759247779846], "cam_t_m2c": [-57.239219665527344, 42.802703857421875, 28.304306030273438], "obj_id": 0}, {"cam_R_m2c": [0.24622087180614471, -0.9626189470291138, -0.1128721684217453, -0.2470806986093521, 0.05026787146925926, -0.9676902294158936, 0.9371907711029053, 0.26615411043167114, -0.22546759247779846], "cam_t_m2c": [-57.239219665527344, 42.802703857421875, 28.304306030273438], "obj_id": 1}, {"cam_R_m2c": [0.24622087180614471, -0.9626189470291138, -0.1128721684217453, -0.2470806986093521, 0.05026787146925926, -0.9676902294158936, 0.9371907711029053, 0.26615411043167114, -0.22546759247779846], "cam_t_m2c": [-57.239219665527344, 42.802703857421875, 28.304306030273438], "obj_id": 0}, {"cam_R_m2c": [0.24622087180614471, -0.9626189470291138, -0.1128721684217453, -0.2470806986093521, 0.05026787146925926, -0.9676902294158936, 0.9371907711029053, 0.26615411043167114, -0.22546759247779846], "cam_t_m2c": [-57.239219665527344, 42.802703857421875, 28.304306030273438], "obj_id": 0}, {"cam_R_m2c": [0.24622087180614471, -0.9626189470291138, -0.1128721684217453, -0.2470806986093521, 0.05026787146925926, -0.9676902294158936, 0.9371907711029053, 0.26615411043167114, -0.22546759247779846], "cam_t_m2c": [-57.239219665527344, 42.802703857421875, 28.304306030273438], "obj_id": 3}, {"cam_R_m2c": [0.24622087180614471, -0.9626189470291138, -0.1128721684217453, -0.2470806986093521, 0.05026787146925926, -0.9676902294158936, 0.9371907711029053, 0.26615411043167114, -0.22546759247779846], "cam_t_m2c": [-57.239219665527344, 42.802703857421875, 28.304306030273438], "obj_id": 1}, {"cam_R_m2c": [0.24622087180614471, -0.9626189470291138, -0.1128721684217453, -0.2470806986093521, 0.05026787146925926, -0.9676902294158936, 0.9371907711029053, 0.26615411043167114, -0.22546759247779846], "cam_t_m2c": [-57.239219665527344, 42.802703857421875, 28.304306030273438], "obj_id": 1}, {"cam_R_m2c": [0.24622087180614471, -0.9626189470291138, -0.1128721684217453, -0.2470806986093521, 0.05026787146925926, -0.9676902294158936, 0.9371907711029053, 0.26615411043167114, -0.22546759247779846], "cam_t_m2c": [-57.239219665527344, 42.802703857421875, 28.304306030273438], "obj_id": 3}, {"cam_R_m2c": [0.24622087180614471, -0.9626189470291138, -0.1128721684217453, -0.2470806986093521, 0.05026787146925926, -0.9676902294158936, 0.9371907711029053, 0.26615411043167114, -0.22546759247779846], "cam_t_m2c": [-57.239219665527344, 42.802703857421875, 28.304306030273438], "obj_id": 2}, {"cam_R_m2c": [0.24622087180614471, -0.9626189470291138, -0.1128721684217453, -0.2470806986093521, 0.05026787146925926, -0.9676902294158936, 0.9371907711029053, 0.26615411043167114, -0.22546759247779846], "cam_t_m2c": [-57.239219665527344, 42.802703857421875, 28.304306030273438], "obj_id": 2}, {"cam_R_m2c": [0.24622087180614471, -0.9626189470291138, -0.1128721684217453, -0.2470806986093521, 0.05026787146925926, -0.9676902294158936, 0.9371907711029053, 0.26615411043167114, -0.22546759247779846], "cam_t_m2c": [-57.239219665527344, 42.802703857421875, 28.304306030273438], "obj_id": 0}, {"cam_R_m2c": [0.24622087180614471, -0.9626189470291138, -0.1128721684217453, -0.2470806986093521, 0.05026787146925926, -0.9676902294158936, 0.9371907711029053, 0.26615411043167114, -0.22546759247779846], "cam_t_m2c": [-57.239219665527344, 42.802703857421875, 28.304306030273438], "obj_id": 2}, {"cam_R_m2c": [0.24622087180614471, -0.9626189470291138, -0.1128721684217453, -0.2470806986093521, 0.05026787146925926, -0.9676902294158936, 0.9371907711029053, 0.26615411043167114, -0.22546759247779846], "cam_t_m2c": [-57.239219665527344, 42.802703857421875, 28.304306030273438], "obj_id": 2}, {"cam_R_m2c": [0.24622087180614471, -0.9626189470291138, -0.1128721684217453, -0.2470806986093521, 0.05026787146925926, -0.9676902294158936, 0.9371907711029053, 0.26615411043167114, -0.22546759247779846], "cam_t_m2c": [-57.239219665527344, 42.802703857421875, 28.304306030273438], "obj_id": 2}, {"cam_R_m2c": [0.24622087180614471, -0.9626189470291138, -0.1128721684217453, -0.2470806986093521, 0.05026787146925926, -0.9676902294158936, 0.9371907711029053, 0.26615411043167114, -0.22546759247779846], "cam_t_m2c": [-57.239219665527344, 42.802703857421875, 28.304306030273438], "obj_id": 3}, {"cam_R_m2c": [0.24622087180614471, -0.9626189470291138, -0.1128721684217453, -0.2470806986093521, 0.05026787146925926, -0.9676902294158936, 0.9371907711029053, 0.26615411043167114, -0.22546759247779846], "cam_t_m2c": [-57.239219665527344, 42.802703857421875, 28.304306030273438], "obj_id": 2}, {"cam_R_m2c": [0.24622087180614471, -0.9626189470291138, -0.1128721684217453, -0.2470806986093521, 0.05026787146925926, -0.9676902294158936, 0.9371907711029053, 0.26615411043167114, -0.22546759247779846], "cam_t_m2c": [-57.239219665527344, 42.802703857421875, 28.304306030273438], "obj_id": 2}, {"cam_R_m2c": [0.24622087180614471, -0.9626189470291138, -0.1128721684217453, -0.2470806986093521, 0.05026787146925926, -0.9676902294158936, 0.9371907711029053, 0.26615411043167114, -0.22546759247779846], "cam_t_m2c": [-57.239219665527344, 42.802703857421875, 28.304306030273438], "obj_id": 0}, {"cam_R_m2c": [0.24622087180614471, -0.9626189470291138, -0.1128721684217453, -0.2470806986093521, 0.05026787146925926, -0.9676902294158936, 0.9371907711029053, 0.26615411043167114, -0.22546759247779846], "cam_t_m2c": [-57.239219665527344, 42.802703857421875, 28.304306030273438], "obj_id": 0}, {"cam_R_m2c": [0.24622087180614471, -0.9626189470291138, -0.1128721684217453, -0.2470806986093521, 0.05026787146925926, -0.9676902294158936, 0.9371907711029053, 0.26615411043167114, -0.22546759247779846], "cam_t_m2c": [-57.239219665527344, 42.802703857421875, 28.304306030273438], "obj_id": 3}, {"cam_R_m2c": [0.24622087180614471, -0.9626189470291138, -0.1128721684217453, -0.2470806986093521, 0.05026787146925926, -0.9676902294158936, 0.9371907711029053, 0.26615411043167114, -0.22546759247779846], "cam_t_m2c": [-57.239219665527344, 42.802703857421875, 28.304306030273438], "obj_id": 1}, {"cam_R_m2c": [0.24622087180614471, -0.9626189470291138, -0.1128721684217453, -0.2470806986093521, 0.05026787146925926, -0.9676902294158936, 0.9371907711029053, 0.26615411043167114, -0.22546759247779846], "cam_t_m2c": [-57.239219665527344, 42.802703857421875, 28.304306030273438], "obj_id": 1}, {"cam_R_m2c": [0.24622087180614471, -0.9626189470291138, -0.1128721684217453, -0.2470806986093521, 0.05026787146925926, -0.9676902294158936, 0.9371907711029053, 0.26615411043167114, -0.22546759247779846], "cam_t_m2c": [-57.239219665527344, 42.802703857421875, 28.304306030273438], "obj_id": 1}, {"cam_R_m2c": [0.24622087180614471, -0.9626189470291138, -0.1128721684217453, -0.2470806986093521, 0.05026787146925926, -0.9676902294158936, 0.9371907711029053, 0.26615411043167114, -0.22546759247779846], "cam_t_m2c": [-57.239219665527344, 42.802703857421875, 28.304306030273438], "obj_id": 2}, {"cam_R_m2c": [0.010192014276981354, 0.17437513172626495, -0.9846264719963074, 0.7825045585632324, 0.611663281917572, 0.11642394959926605, 0.6225612759590149, -0.7716613411903381, -0.13021524250507355], "cam_t_m2c": [0.9973407983779907, -23.953628540039062, 156.5173797607422], "obj_id": 3}, {"cam_R_m2c": [0.4609545171260834, -0.7462518811225891, -0.48023849725723267, 0.3474756181240082, -0.34617412090301514, 0.8714494109153748, -0.8165669441223145, -0.5685697197914124, 0.0997338593006134], "cam_t_m2c": [-232.45037841796875, -1.908273458480835, 151.28665161132812], "obj_id": 0}, {"cam_R_m2c": [-0.5542290210723877, 0.7444127798080444, 0.37239760160446167, -0.4260745644569397, 0.13061439990997314, -0.8952097296714783, -0.7150460481643677, -0.6548202633857727, 0.24478496611118317], "cam_t_m2c": [899.65478515625, 7603.861328125, 1892.99560546875], "obj_id": 2}, {"cam_R_m2c": [0.1323322355747223, -0.8456555008888245, 0.5170638561248779, 0.7670413851737976, -0.24303214251995087, -0.5937869548797607, 0.627802312374115, 0.4751865267753601, 0.6164917349815369], "cam_t_m2c": [-205.8104248046875, 53.5413703918457, -46.3240966796875], "obj_id": 3}, {"cam_R_m2c": [-0.004545559640973806, 0.32191693782806396, -0.946756899356842, 0.22745545208454132, -0.9216170907020569, -0.31446096301078796, -0.9737778306007385, -0.21677446365356445, -0.06903237104415894], "cam_t_m2c": [-11.957340240478516, 52.92024612426758, -73.26712036132812], "obj_id": 3}, {"cam_R_m2c": [0.6704537868499756, -0.48832082748413086, -0.5586004853248596, 0.688154399394989, 0.6907270550727844, 0.22212529182434082, 0.2773720622062683, -0.533328115940094, 0.7991406917572021], "cam_t_m2c": [-86.53330993652344, -21.515634536743164, 176.76930236816406], "obj_id": 1}, {"cam_R_m2c": [0.8163487315177917, -0.1390487104654312, 0.5605713129043579, 0.5771472454071045, 0.233053520321846, -0.7826794981956482, -0.021812571212649345, 0.962471604347229, 0.27050453424453735], "cam_t_m2c": [111.36277770996094, -19.9837646484375, 56.861690521240234], "obj_id": 0}, {"cam_R_m2c": [-0.44521036744117737, -0.8384037613868713, -0.31443077325820923, 0.44408002495765686, -0.5116628408432007, 0.7355229258537292, -0.7775477766990662, 0.18783004581928253, 0.6001160740852356], "cam_t_m2c": [-14.265027046203613, 59.91872024536133, -223.29678344726562], "obj_id": 0}],
  "1": [{"cam_R_m2c": [0.10505277663469315, 0.7916337251663208, 0.6018970012664795, 0.5030487775802612, 0.4797969162464142, -0.7188441157341003, -0.8578495383262634, 0.37830010056495667, -0.34782636165618896], "cam_t_m2c": [-2.065680980682373, -74.02635192871094, 320.6728515625], "obj_id": 0}, {"cam_R_m2c": [0.10505277663469315, 0.7916337251663208, 0.6018970012664795, 0.5030487775802612, 0.4797969162464142, -0.7188441157341003, -0.8578495383262634, 0.37830010056495667, -0.34782636165618896], "cam_t_m2c": [-2.065680980682373, -74.02635192871094, 320.6728515625], "obj_id": 1}, {"cam_R_m2c": [0.10505277663469315, 0.7916337251663208, 0.6018970012664795, 0.5030487775802612, 0.4797969162464142, -0.7188441157341003, -0.8578495383262634, 0.37830010056495667, -0.34782636165618896], "cam_t_m2c": [-2.065680980682373, -74.02635192871094, 320.6728515625], "obj_id": 0}, {"cam_R_m2c": [0.10505277663469315, 0.7916337251663208, 0.6018970012664795, 0.5030487775802612, 0.4797969162464142, -0.7188441157341003, -0.8578495383262634, 0.37830010056495667, -0.34782636165618896], "cam_t_m2c": [-2.065680980682373, -74.02635192871094, 320.6728515625], "obj_id": 0}, {"cam_R_m2c": [0.10505277663469315, 0.7916337251663208, 0.6018970012664795, 0.5030487775802612, 0.4797969162464142, -0.7188441157341003, -0.8578495383262634, 0.37830010056495667, -0.34782636165618896], "cam_t_m2c": [-2.065680980682373, -74.02635192871094, 320.6728515625], "obj_id": 3}, {"cam_R_m2c": [0.10505277663469315, 0.7916337251663208, 0.6018970012664795, 0.5030487775802612, 0.4797969162464142, -0.7188441157341003, -0.8578495383262634, 0.37830010056495667, -0.34782636165618896], "cam_t_m2c": [-2.065680980682373, -74.02635192871094, 320.6728515625], "obj_id": 1}, {"cam_R_m2c": [0.10505277663469315, 0.7916337251663208, 0.6018970012664795, 0.5030487775802612, 0.4797969162464142, -0.7188441157341003, -0.8578495383262634, 0.37830010056495667, -0.34782636165618896], "cam_t_m2c": [-2.065680980682373, -74.02635192871094, 320.6728515625], "obj_id": 1}, {"cam_R_m2c": [0.10505277663469315, 0.7916337251663208, 0.6018970012664795, 0.5030487775802612, 0.4797969162464142, -0.7188441157341003, -0.8578495383262634, 0.37830010056495667, -0.34782636165618896], "cam_t_m2c": [-2.065680980682373, -74.02635192871094, 320.6728515625], "obj_id": 3}, {"cam_R_m2c": [0.10505277663469315, 0.7916337251663208, 0.6018970012664795, 0.5030487775802612, 0.4797969162464142, -0.7188441157341003, -0.8578495383262634, 0.37830010056495667, -0.34782636165618896], "cam_t_m2c": [-2.065680980682373, -74.02635192871094, 320.6728515625], "obj_id": 2}, {"cam_R_m2c": [0.10505277663469315, 0.7916337251663208, 0.6018970012664795, 0.5030487775802612, 0.4797969162464142, -0.7188441157341003, -0.8578495383262634, 0.37830010056495667, -0.34782636165618896], "cam_t_m2c": [-2.065680980682373, -74.02635192871094, 320.6728515625], "obj_id": 2}, {"cam_R_m2c": [0.10505277663469315, 0.7916337251663208, 0.6018970012664795, 0.5030487775802612, 0.4797969162464142, -0.7188441157341003, -0.8578495383262634, 0.37830010056495667, -0.34782636165618896], "cam_t_m2c": [-2.065680980682373, -74.02635192871094, 320.6728515625], "obj_id": 0}, {"cam_R_m2c": [0.10505277663469315, 0.7916337251663208, 0.6018970012664795, 0.5030487775802612, 0.4797969162464142, -0.7188441157341003, -0.8578495383262634, 0.37830010056495667, -0.34782636165618896], "cam_t_m2c": [-2.065680980682373, -74.02635192871094, 320.6728515625], "obj_id": 2}, {"cam_R_m2c": [0.10505277663469315, 0.7916337251663208, 0.6018970012664795, 0.5030487775802612, 0.4797969162464142, -0.7188441157341003, -0.8578495383262634, 0.37830010056495667, -0.34782636165618896], "cam_t_m2c": [-2.065680980682373, -74.02635192871094, 320.6728515625], "obj_id": 2}, {"cam_R_m2c": [0.10505277663469315, 0.7916337251663208, 0.6018970012664795, 0.5030487775802612, 0.4797969162464142, -0.7188441157341003, -0.8578495383262634, 0.37830010056495667, -0.34782636165618896], "cam_t_m2c": [-2.065680980682373, -74.02635192871094, 320.6728515625], "obj_id": 2}, {"cam_R_m2c": [0.10505277663469315, 0.7916337251663208, 0.6018970012664795, 0.5030487775802612, 0.4797969162464142, -0.7188441157341003, -0.8578495383262634, 0.37830010056495667, -0.34782636165618896], "cam_t_m2c": [-2.065680980682373, -74.02635192871094, 320.6728515625], "obj_id": 3}, {"cam_R_m2c": [0.10505277663469315, 0.7916337251663208, 0.6018970012664795, 0.5030487775802612, 0.4797969162464142, -0.7188441157341003, -0.8578495383262634, 0.37830010056495667, -0.34782636165618896], "cam_t_m2c": [-2.065680980682373, -74.02635192871094, 320.6728515625], "obj_id": 2}, {"cam_R_m2c": [0.10505277663469315, 0.7916337251663208, 0.6018970012664795, 0.5030487775802612, 0.4797969162464142, -0.7188441157341003, -0.8578495383262634, 0.37830010056495667, -0.34782636165618896], "cam_t_m2c": [-2.065680980682373, -74.02635192871094, 320.6728515625], "obj_id": 2}, {"cam_R_m2c": [0.10505277663469315, 0.7916337251663208, 0.6018970012664795, 0.5030487775802612, 0.4797969162464142, -0.7188441157341003, -0.8578495383262634, 0.37830010056495667, -0.34782636165618896], "cam_t_m2c": [-2.065680980682373, -74.02635192871094, 320.6728515625], "obj_id": 0}, {"cam_R_m2c": [0.10505277663469315, 0.7916337251663208, 0.6018970012664795, 0.5030487775802612, 0.4797969162464142, -0.7188441157341003, -0.8578495383262634, 0.37830010056495667, -0.34782636165618896], "cam_t_m2c": [-2.065680980682373, -74.02635192871094, 320.6728515625], "obj_id": 0}, {"cam_R_m2c": [0.10505277663469315, 0.7916337251663208, 0.6018970012664795, 0.5030487775802612, 0.4797969162464142, -0.7188441157341003, -0.8578495383262634, 0.37830010056495667, -0.34782636165618896], "cam_t_m2c": [-2.065680980682373, -74.02635192871094, 320.6728515625], "obj_id": 3}, {"cam_R_m2c": [0.10505277663469315, 0.7916337251663208, 0.6018970012664795, 0.5030487775802612, 0.4797969162464142, -0.7188441157341003, -0.8578495383262634, 0.37830010056495667, -0.34782636165618896], "cam_t_m2c": [-2.065680980682373, -74.02635192871094, 320.6728515625], "obj_id": 1}, {"cam_R_m2c": [0.10505277663469315, 0.7916337251663208, 0.6018970012664795, 0.5030487775802612, 0.4797969162464142, -0.7188441157341003, -0.8578495383262634, 0.37830010056495667, -0.34782636165618896], "cam_t_m2c": [-2.065680980682373, -74.02635192871094, 320.6728515625], "obj_id": 1}, {"cam_R_m2c": [0.10505277663469315, 0.7916337251663208, 0.6018970012664795, 0.5030487775802612, 0.4797969162464142, -0.7188441157341003, -0.8578495383262634, 0.37830010056495667, -0.34782636165618896], "cam_t_m2c": [-2.065680980682373, -74.02635192871094, 320.6728515625], "obj_id": 1}, {"cam_R_m2c": [0.10505277663469315, 0.7916337251663208, 0.6018970012664795, 0.5030487775802612, 0.4797969162464142, -0.7188441157341003, -0.8578495383262634, 0.37830010056495667, -0.34782636165618896], "cam_t_m2c": [-2.065680980682373, -74.02635192871094, 320.6728515625], "obj_id": 2}, {"cam_R_m2c": [-0.3451586067676544, -0.6218557953834534, 0.7029656767845154, 0.9372304677963257, -0.2679905593395233, 0.22311431169509888, 0.04964328184723854, 0.7358507513999939, 0.6753215789794922], "cam_t_m2c": [11.301692962646484, -31.13530158996582, 171.44760131835938], "obj_id": 3}, {"cam_R_m2c": [-0.7098661065101624, 0.6982952356338501, -0.09205303341150284, -0.5330942869186401, -0.44725415110588074, 0.718174159526825, 0.46032652258872986, 0.5588804483413696, 0.6897478699684143], "cam_t_m2c": [185.57748413085938, 37.973731994628906, 312.3840637207031], "obj_id": 0}, {"cam_R_m2c": [0.5639143586158752, -0.7864346504211426, 0.252034068107605, -0.6556556820869446, -0.6119065880775452, -0.4423641562461853, 0.5021117925643921, 0.0842079222202301, -0.8606932759284973], "cam_t_m2c": [-4747.41162109375, 5601.81884765625, 2933.867919921875], "obj_id": 2}, {"cam_R_m2c": [-0.4336715638637543, 0.900611162185669, 0.028783224523067474, 0.9006392955780029, 0.4342312812805176, -0.01708974875509739, -0.02788979560136795, 0.01851196400821209, -0.9994395971298218], "cam_t_m2c": [98.3524169921875, -86.27891540527344, 453.0518493652344], "obj_id": 3}, {"cam_R_m2c": [-0.29457348585128784, 0.22758762538433075, 0.9281325936317444, -0.6046631336212158, -0.7964739203453064, 0.003393765538930893, 0.7400059103965759, -0.5602079033851624, 0.3722341060638428], "cam_t_m2c": [-61.84721755981445, -156.95223999023438, 365.6064758300781], "obj_id": 3}, {"cam_R_m2c": [-0.8823053240776062, -0.0925929918885231, 0.4614798426628113, 0.4486856758594513, 0.1307355761528015, 0.8840753436088562, -0.14219099283218384, 0.987083911895752, -0.07380343973636627], "cam_t_m2c": [83.81248474121094, 8.216109275817871, 207.10362243652344], "obj_id": 1}, {"cam_R_m2c": [-0.9883928298950195, 0.1462274193763733, 0.041195981204509735, 0.11736418306827545, 0.9071475267410278, -0.40411511063575745, -0.09646353870630264, -0.39458954334259033, -0.9137799739837646], "cam_t_m2c": [-96.9864501953125, -132.9810333251953, 176.80242919921875], "obj_id": 0}, {"cam_R_m2c": [-0.029370039701461792, 0.9976868033409119, -0.06130393594503403, -0.21310928463935852, 0.05367046222090721, 0.975553035736084, 0.9765866994857788, 0.041716597974300385, 0.2110401690006256], "cam_t_m2c": [-89.99258422851562, -266.3991394042969, 464.5631408691406], "obj_id": 0}]
}