{
  "0": [{"cam_R_m2c": [-0.3625941276550293, 0.006267239339649677, -0.9319260716438293, -0.7661376595497131, 0.5673506259918213, 0.301904559135437, 0.5306209325790405, 0.8234524726867676, -0.20091643929481506], "cam_t_m2c": [-193.6357421875, -230.22779846191406, 974.9005126953125], "obj_id": 3}, {"cam_R_m2c": [-0.8361888527870178, 0.1636980026960373, -0.5234419107437134, 0.5017889142036438, -0.1568491905927658, -0.8506505489349365, -0.22135117650032043, -0.9739617109298706, 0.049013566225767136], "cam_t_m2c": [-20.14076805114746, -106.1318130493164, 765.1685180664062], "obj_id": 3}, {"cam_R_m2c": [-0.4161086082458496, 0.5048083662986755, 0.756321370601654, -0.20468921959400177, -0.8624013066291809, 0.4629969000816345, 0.8859773278236389, 0.03784618154168129, 0.46218156814575195], "cam_t_m2c": [120.7913818359375, -222.69273376464844, 867.6907958984375], "obj_id": 3}, {"cam_R_m2c": [-0.2326963245868683, 0.2811916768550873, -0.9310119152069092, 0.8936797976493835, -0.3158087134361267, -0.3187488615512848, -0.3836514353752136, -0.9061984419822693, -0.17780755460262299], "cam_t_m2c": [-74.26605224609375, -81.72242736816406, 763.1519165039062], "obj_id": 3}, {"cam_R_m2c": [0.8611727952957153, -0.459454208612442, 0.21744699776172638, -0.3468667268753052, -0.2184663563966751, 0.9121161699295044, -0.37157076597213745, -0.8609147667884827, -0.34750667214393616], "cam_t_m2c": [-188.78562927246094, -15.099189758300781, 823.5105590820312], "obj_id": 3}, {"cam_R_m2c": [0.779017984867096, -0.3570558428764343, 0.5154048204421997, -0.6222048401832581, -0.5417150259017944, 0.5651600956916809, 0.0774088129401207, -0.7609572410583496, -0.6441676020622253], "cam_t_m2c": [-135.04684448242188, -105.33067321777344, 1076.5523681640625], "obj_id": 3}, {"cam_R_m2c": [0.07019224762916565, -0.9822244048118591, 0.17409196496009827, 0.03289070725440979, -0.17214855551719666, -0.9845215678215027, 0.996990978717804, 0.07483167201280594, 0.020222710445523262], "cam_t_m2c": [-104.74847412109375, -208.2794647216797, 1130.0283203125], "obj_id": 3}, {"cam_R_m2c": [0.05657164007425308, 0.4503520429134369, 0.8910568952560425, 0.609247088432312, -0.722624659538269, 0.32654425501823425, 0.7909597754478455, 0.5244008302688599, -0.3152555525302887], "cam_t_m2c": [-200.69924926757812, -239.7781219482422, 1015.9584350585938], "obj_id": 3}, {"cam_R_m2c": [-0.05429868772625923, -0.987356424331665, -0.14892573654651642, 0.9855929613113403, -0.0769217237830162, 0.15063051879405975, -0.16018164157867432, -0.13860110938549042, 0.9773083329200745], "cam_t_m2c": [-39.32674026489258, -112.61722564697266, 692.6754760742188], "obj_id": 3}, {"cam_R_m2c": [-0.1946774274110794, 0.9687367081642151, 0.1537843644618988, 0.781825065612793, 0.24793247878551483, -0.5720829367637634, -0.5923259258270264, 0.008860786445438862, -0.8056495189666748], "cam_t_m2c": [-4.955035209655762, -112.43213653564453, 833.5180053710938], "obj_id": 3}, {"cam_R_m2c": [0.923711359500885, -0.02627049759030342, -0.3821873962879181, 0.3166956901550293, -0.508968710899353, 0.8004090785980225, -0.215548574924469, -0.8603840470314026, -0.46182042360305786], "cam_t_m2c": [130.42335510253906, -162.2078094482422, 1080.2230224609375], "obj_id": 3}, {"cam_R_m2c": [0.1881081461906433, -0.8337674736976624, 0.5190828442573547, -0.42572760581970215, -0.5455041527748108, -0.7219287753105164, 0.8850826621055603, -0.08518724888563156, -0.4575715661048889], "cam_t_m2c": [-84.66339874267578, -137.7074432373047, 1067.0770263671875], "obj_id": 3}, {"cam_R_m2c": [-0.9395807981491089, -0.28418704867362976, 0.19085507094860077, 0.23190373182296753, -0.9385053515434265, -0.25578975677490234, 0.25181064009666443, -0.19607515633106232, 0.9477056264877319], "cam_t_m2c": [-190.11788940429688, -269.3614807128906, 1148.4384765625], "obj_id": 3}, {"cam_R_m2c": [0.45757347345352173, 0.2061471790075302, 0.8649449348449707, 0.6914567351341248, -0.6940736770629883, -0.200372114777565, 0.5590295195579529, 0.6897570490837097, -0.4601314961910248], "cam_t_m2c": [-250.6696319580078, -300.11212158203125, 1109.3541259765625], "obj_id": 3}, {"cam_R_m2c": [-0.403628945350647, 0.9145263433456421, -0.026928024366497993, -0.9084650278091431, -0.40409713983535767, -0.1067553386092186, -0.10851211100816727, -0.0186263807117939, 0.993920624256134], "cam_t_m2c": [36.13545608520508, -150.8546142578125, 1086.99072265625], "obj_id": 3}, {"cam_R_m2c": [-0.611950695514679, 0.6118369102478027, -0.5011705756187439, 0.7153375744819641, 0.15788549184799194, -0.6807087063789368, -0.3373551666736603, -0.7750662565231323, -0.5342880487442017], "cam_t_m2c": [-30.896324157714844, -7.696366786956787, 1060.171630859375], "obj_id": 3}, {"cam_R_m2c": [-0.9544054865837097, -0.2910141348838806, -0.06648986041545868, 0.2863682508468628, -0.9554620385169983, 0.07131211459636688, -0.08428137749433517, 0.049020085483789444, 0.9952355027198792], "cam_t_m2c": [20.037858963012695, -273.1429138183594, 780.6732177734375], "obj_id": 3}, {"cam_R_m2c": [0.4769129157066345, 0.5363858342170715, 0.6963076591491699, 0.6686615943908691, 0.2927674949169159, -0.6835048794746399, -0.5704785585403442, 0.7915664911270142, -0.21903599798679352], "cam_t_m2c": [-104.20602416992188, -276.0674743652344, 1078.5142822265625], "obj_id": 3}, {"cam_R_m2c": [-0.08105913549661636, 0.99488765001297, -0.060231223702430725, -0.6100723147392273, -0.09731205552816391, -0.7863472104072571, -0.7881884574890137, -0.02699529193341732, 0.6148415803909302], "cam_t_m2c": [91.89667510986328, -182.71302795410156, 725.7959594726562], "obj_id": 3}, {"cam_R_m2c": [0.8039849400520325, 0.4951637387275696, -0.3292735517024994, 0.5940577387809753, -0.644110381603241, 0.4818893074989319, 0.026525605469942093, -0.5830392241477966, -0.8120109438896179], "cam_t_m2c": [-14.6500883102417, -419.4371337890625, 831.3215942382812], "obj_id": 3}, {"cam_R_m2c": [0.6286731958389282, 0.38979560136795044, 0.6729259490966797, 0.6127325296401978, -0.7811322212219238, -0.11996358633041382, 0.47888287901878357, 0.48774152994155884, -0.7299173474311829], "cam_t_m2c": [-172.29112243652344, -76.96599578857422, 693.6871948242188], "obj_id": 3}, {"cam_R_m2c": [0.8991960883140564, 0.11722106486558914, -0.4215514361858368, -0.06002083793282509, -0.9212916493415833, -0.3842124044895172, -0.4334096312522888, 0.37078413367271423, -0.8213860988616943], "cam_t_m2c": [50.706146240234375, -336.65252685546875, 945.47216796875], "obj_id": 3}, {"cam_R_m2c": [-0.25239992141723633, -0.47422856092453003, -0.8434463143348694, 0.5999867916107178, -0.7605714201927185, 0.24808703362941742, -0.759151041507721, -0.4434394836425781, 0.47649890184402466], "cam_t_m2c": [-104.06764221191406, -231.8455352783203, 1159.775390625], "obj_id": 3}, {"cam_R_m2c": [0.577237069606781, 0.6648290753364563, 0.4741303324699402, -0.04962967708706856, 0.6081219911575317, -0.7922906875610352, -0.8150669932365417, 0.4338085651397705, 0.38402581214904785], "cam_t_m2c": [-152.55406188964844, -157.6956787109375, 1132.8282470703125], "obj_id": 3}, {"cam_R_m2c": [0.8714489340782166, 0.4438715875148773, -0.20869773626327515, -0.37509745359420776, 0.3289429545402527, -0.86665940284729, -0.31603580713272095, 0.833531379699707, 0.453152060508728], "cam_t_m2c": [-128.58836364746094, -259.4402160644531, 1107.3048095703125], "obj_id": 3}, {"cam_R_m2c": [0.7628587484359741, 0.32135358452796936, -0.5610511302947998, -0.29205837845802307, -0.6029025316238403, -0.7424353957176208, -0.5768434405326843, 0.7302330136299133, -0.36607545614242554], "cam_t_m2c": [-204.10760498046875, -221.5820770263672, 747.9615478515625], "obj_id": 3}, {"cam_R_m2c": [0.27609583735466003, 0.1347064971923828, -0.9516434669494629, 0.6180981397628784, -0.7831129431724548, 0.0684751570224762, -0.7360202670097351, -0.6071147918701172, -0.29947608709335327], "cam_t_m2c": [-20.67228126525879, -330.23211669921875, 974.8128051757812], "obj_id": 3}, {"cam_R_m2c": [0.950272798538208, 0.2555765211582184, -0.17793893814086914, 0.2729232907295227, -0.9586532711982727, 0.0806025043129921, -0.14998164772987366, -0.12515805661678314, -0.9807348847389221], "cam_t_m2c": [152.48797607421875, -292.00299072265625, 796.502197265625], "obj_id": 3}, {"cam_R_m2c": [-0.7880446910858154, 0.04894387722015381, -0.6136690974235535, 0.20068350434303284, -0.9219576716423035, -0.3312400281429291, -0.5819891691207886, -0.3841852843761444, 0.7167218923568726], "cam_t_m2c": [156.3962860107422, -185.2794647216797, 1128.3489990234375], "obj_id": 1}, {"cam_R_m2c": [0.49329835176467896, 0.3878592848777771, 0.7786025404930115, -0.5575904846191406, -0.5460150837898254, 0.625268280506134, 0.6676448583602905, -0.7425851821899414, -0.05308173596858978], "cam_t_m2c": [-161.4219970703125, -92.81957244873047, 839.4176635742188], "obj_id": 1}, {"cam_R_m2c": [0.41009125113487244, -0.5797210931777954, -0.7040941119194031, 0.49871671199798584, 0.788892388343811, -0.35906878113746643, 0.7636142373085022, -0.2038925737142563, 0.6126344799995422], "cam_t_m2c": [-174.7329864501953, -291.0603942871094, 1024.3013916015625], "obj_id": 1}, {"cam_R_m2c": [0.07103390991687775, 0.9277183413505554, 0.3664596378803253, -0.39034682512283325, 0.3639419972896576, -0.8456804752349854, -0.9179233908653259, -0.08297446370124817, 0.3879842162132263], "cam_t_m2c": [-193.39566040039062, -134.09530639648438, 733.3004150390625], "obj_id": 1}, {"cam_R_m2c": [-0.24843303859233856, 0.2581483721733093, -0.9336166977882385, -0.9627110362052917, 0.04075457900762558, 0.26744386553764343, 0.10708924382925034, 0.9652451872825623, 0.23839770257472992], "cam_t_m2c": [120.81304168701172, -224.5556640625, 1152.441162109375], "obj_id": 1}, {"cam_R_m2c": [0.439331978559494, -0.12292074412107468, 0.8898752331733704, -0.8233091831207275, 0.3411906659603119, 0.4535978138446808, -0.35937368869781494, -0.931922435760498, 0.0486941859126091], "cam_t_m2c": [111.10013580322266, -420.0033874511719, 959.1280517578125], "obj_id": 1}, {"cam_R_m2c": [-0.9362197518348694, -0.35077786445617676, 0.021147210150957108, 0.3504635691642761, -0.9275690913200378, 0.12957851588726044, -0.025837775319814682, 0.1287253051996231, 0.99134361743927], "cam_t_m2c": [42.691715240478516, -297.979736328125, 1179.1214599609375], "obj_id": 1}, {"cam_R_m2c": [-0.6104761362075806, -0.5400756597518921, 0.5793420672416687, 0.7230206727981567, -0.08137449622154236, 0.6860169768333435, -0.3233574330806732, 0.8376733064651489, 0.4401630163192749], "cam_t_m2c": [0.31487834453582764, -94.74547576904297, 832.4265747070312], "obj_id": 1}, {"cam_R_m2c": [0.08326812833547592, -0.24486728012561798, 0.9659743309020996, 0.6142149567604065, 0.7759358882904053, 0.14374791085720062, -0.7847332954406738, 0.5813462734222412, 0.21501189470291138], "cam_t_m2c": [56.91957092285156, -210.6510009765625, 827.7774658203125], "obj_id": 1}, {"cam_R_m2c": [0.9519814848899841, 0.04833374172449112, 0.302316278219223, 0.24471184611320496, 0.47325974702835083, -0.8462513089179993, -0.18397662043571472, 0.879595935344696, 0.4387066662311554], "cam_t_m2c": [154.51974487304688, -221.62646484375, 1117.7357177734375], "obj_id": 1}, {"cam_R_m2c": [0.11175178736448288, 0.5777576565742493, -0.8085218071937561, 0.9448360204696655, 0.1903088539838791, 0.266584575176239, 0.3078901171684265, -0.7937118411064148, -0.524618923664093], "cam_t_m2c": [-216.85586547851562, -234.98092651367188, 928.9521484375], "obj_id": 1}, {"cam_R_m2c": [0.3906329870223999, -0.9152799248695374, -0.09832921624183655, -0.5954495072364807, -0.16977247595787048, -0.7852498888969421, 0.702029824256897, 0.3652946352958679, -0.611321747303009], "cam_t_m2c": [-62.75053405761719, -33.413997650146484, 998.9639282226562], "obj_id": 1}, {"cam_R_m2c": [-0.2637956738471985, 0.9593824744224548, -0.09998530149459839, -0.8385156393051147, -0.17684964835643768, 0.5153791308403015, 0.47676336765289307, 0.21979403495788574, 0.8511094450950623], "cam_t_m2c": [115.22805786132812, -339.5430908203125, 1182.807373046875], "obj_id": 1}, {"cam_R_m2c": [-0.23802785575389862, 0.41282668709754944, 0.879156768321991, -0.034665338695049286, -0.9082071781158447, 0.41708242893218994, 0.9706394076347351, 0.06880101561546326, 0.230489581823349], "cam_t_m2c": [117.77021026611328, -240.21827697753906, 745.41357421875], "obj_id": 1}, {"cam_R_m2c": [0.9951175451278687, 0.09510111808776855, -0.026398397982120514, 0.08401685208082199, -0.6758884191513062, 0.7321992516517639, 0.05179059877991676, -0.7308422327041626, -0.6805784702301025], "cam_t_m2c": [-154.05050659179688, -86.76058197021484, 1099.3951416015625], "obj_id": 1}, {"cam_R_m2c": [0.2621408998966217, 0.6641299724578857, 0.7001524567604065, 0.44031956791877747, -0.7279136180877686, 0.525604784488678, 0.8587204217910767, 0.17050832509994507, -0.4832453429698944], "cam_t_m2c": [-137.85690307617188, -65.25865173339844, 962.2606811523438], "obj_id": 1}, {"cam_R_m2c": [0.7604144811630249, -0.6462981700897217, -0.06378451734781265, -0.4374394416809082, -0.4371196925640106, -0.7858580946922302, 0.48001721501350403, 0.6254797577857971, -0.6151084303855896], "cam_t_m2c": [-125.81068420410156, -282.07672119140625, 1062.94775390625], "obj_id": 1}, {"cam_R_m2c": [-0.9138537645339966, -0.37811630964279175, 0.14798308908939362, 0.3989144265651703, -0.9040523767471313, 0.1534804105758667, 0.07575102895498276, 0.19929127395153046, 0.977008044719696], "cam_t_m2c": [-43.13521957397461, -121.7950210571289, 1113.401611328125], "obj_id": 1}, {"cam_R_m2c": [0.7599458694458008, -0.024715885519981384, 0.6495162844657898, -0.20902268588542938, 0.9369048476219177, 0.2802121639251709, -0.6154606342315674, -0.34870973229408264, 0.7068307995796204], "cam_t_m2c": [-147.06167602539062, -119.79602813720703, 1017.14697265625], "obj_id": 1}, {"cam_R_m2c": [-0.9993865489959717, -0.011787490919232368, -0.032977379858493805, 0.03339020907878876, -0.03673433139920235, -0.998767077922821, 0.010561554692685604, -0.9992555379867554, 0.03710544481873512], "cam_t_m2c": [2.1976230144500732, -114.22607421875, 694.5511474609375], "obj_id": 1}, {"cam_R_m2c": [0.10026402771472931, -0.9823097586631775, 0.1581592857837677, -0.3116247057914734, 0.11995889991521835, 0.9426025748252869, -0.9449004530906677, -0.14379535615444183, -0.294084370136261], "cam_t_m2c": [107.21263885498047, -266.2614440917969, 888.6949462890625], "obj_id": 1}, {"cam_R_m2c": [0.18739892542362213, -0.5902650952339172, -0.785155177116394, 0.7316834330558777, 0.6171835064888, -0.2893507182598114, 0.6553784012794495, -0.5202610492706299, 0.5475468039512634], "cam_t_m2c": [-70.07782745361328, -274.5106201171875, 937.1690673828125], "obj_id": 1}, {"cam_R_m2c": [0.8812907934188843, -0.42492154240608215, 0.20680469274520874, 0.4144500494003296, 0.4846954047679901, -0.7702606916427612, 0.22706307470798492, 0.7645338773727417, 0.6032663583755493], "cam_t_m2c": [108.6183853149414, -114.48253631591797, 823.9100952148438], "obj_id": 1}, {"cam_R_m2c": [0.6871177554130554, -0.011312591843307018, -0.726457953453064, -0.08587221801280975, -0.9941346645355225, -0.06574101001024246, -0.7214534282684326, 0.1075543761253357, -0.6840589642524719], "cam_t_m2c": [-76.36078643798828, -128.490478515625, 768.2853393554688], "obj_id": 1}, {"cam_R_m2c": [0.14114129543304443, -0.9391137957572937, -0.3132798671722412, 0.9235910773277283, 0.01096897292882204, 0.38322195410728455, -0.35645273327827454, -0.34343090653419495, 0.8689054250717163], "cam_t_m2c": [135.6641082763672, -67.92528533935547, 836.5171508789062], "obj_id": 1}, {"cam_R_m2c": [0.5907822847366333, -0.338331013917923, -0.7324672937393188, -0.7763881087303162, -0.485409677028656, -0.4019935727119446, -0.21953986585140228, 0.8061696290969849, -0.5494475960731506], "cam_t_m2c": [121.3738784790039, -135.281982421875, 848.906982421875], "obj_id": 1}, {"cam_R_m2c": [0.6327612400054932, -0.7679675221443176, 0.09919222444295883, -0.4159000515937805, -0.22900155186653137, 0.8801052570343018, -0.6531771421432495, -0.5981505513191223, -0.4643010199069977], "cam_t_m2c": [-104.78294372558594, -163.62783813476562, 1070.1915283203125], "obj_id": 1}, {"cam_R_m2c": [-0.9003133773803711, 0.29515406489372253, -0.3198748826980591, 0.36736181378364563, 0.9094482064247131, -0.1948055624961853, 0.2334119975566864, -0.2928958833217621, -0.9272167086601257], "cam_t_m2c": [-10.186927795410156, -372.06256103515625, 999.9169311523438], "obj_id": 1}, {"cam_R_m2c": [0.35236188769340515, 0.9027814269065857, 0.2466304898262024, -0.8959840536117554, 0.40153181552886963, -0.1896960288286209, -0.2702840268611908, -0.15413539111614227, 0.9503624439239502], "cam_t_m2c": [-108.92817687988281, -379.3760681152344, 920.5411987304688], "obj_id": 1}, {"cam_R_m2c": [0.624639093875885, 0.0227366890758276, 0.7805824875831604, 0.028006505221128464, 0.9982807636260986, -0.05148918926715851, -0.7804111838340759, 0.05402354896068573, 0.6229284405708313], "cam_t_m2c": [62.47843933105469, -221.9585723876953, 903.82666015625], "obj_id": 1}, {"cam_R_m2c": [0.17747817933559418, 0.10301719605922699, 0.9787179827690125, -0.5236202478408813, -0.8321656584739685, 0.18254342675209045, 0.8332606554031372, -0.5448740124702454, -0.09374934434890747], "cam_t_m2c": [-37.59891891479492, -268.92529296875, 776.2340698242188], "obj_id": 1}, {"cam_R_m2c": [-0.15185868740081787, 0.9862046241760254, -0.06587371975183487, 0.9873328804969788, 0.1482577919960022, -0.05651010945439339, -0.04596424102783203, -0.07362084090709686, -0.9962265491485596], "cam_t_m2c": [-157.4624481201172, -66.95687866210938, 1002.4552612304688], "obj_id": 1}, {"cam_R_m2c": [-0.4990096986293793, -0.15561924874782562, 0.8525091409683228, 0.8477434515953064, 0.11642073094844818, 0.5174719095230103, -0.1797783076763153, 0.9809326529502869, 0.07383017241954803], "cam_t_m2c": [-39.64304733276367, 0.2531111240386963, 997.3193359375], "obj_id": 1}, {"cam_R_m2c": [0.6742480993270874, 0.19271254539489746, 0.7129174470901489, 0.624958336353302, -0.6632220149040222, -0.41178077459335327, 0.39346733689308167, 0.7231861352920532, -0.5676134824752808], "cam_t_m2c": [-124.94341278076172, -266.8773498535156, 1049.690673828125], "obj_id": 1}, {"cam_R_m2c": [0.07201087474822998, -0.9743203520774841, -0.21334058046340942, -0.9655511379241943, -0.014473704621195793, -0.2598103880882263, 0.25005072355270386, 0.2247004210948944, -0.9417983889579773], "cam_t_m2c": [-138.34722900390625, -251.0825958251953, 800.6740112304688], "obj_id": 1}, {"cam_R_m2c": [0.3005949556827545, -0.9446626305580139, -0.13135923445224762, 0.25056910514831543, 0.21111030876636505, -0.9448003172874451, 0.920248806476593, 0.25108766555786133, 0.3001619279384613], "cam_t_m2c": [138.335693359375, -243.002685546875, 806.4495239257812], "obj_id": 1}, {"cam_R_m2c": [0.7972010374069214, 0.1281033158302307, -0.5899661183357239, -0.5791774988174438, -0.11348231881856918, -0.807263970375061, -0.1703639179468155, 0.9852468371391296, -0.01627366431057453], "cam_t_m2c": [-85.08462524414062, -150.10678100585938, 1106.423828125], "obj_id": 1}, {"cam_R_m2c": [-0.18066133558750153, 0.21745643019676208, 0.9592049717903137, 0.40889015793800354, 0.90358567237854, -0.12783490121364594, -0.8945224285125732, 0.3691146671772003, -0.2521587908267975], "cam_t_m2c": [170.3047332763672, -115.44510650634766, 885.3721923828125], "obj_id": 1}, {"cam_R_m2c": [0.906217098236084, -0.2775295376777649, -0.31897956132888794, -0.37717205286026, -0.8715658783912659, -0.3132314085960388, -0.19108076393604279, 0.4041658341884613, -0.8945042490959167], "cam_t_m2c": [-33.95886993408203, -74.7292709350586, 707.2163696289062], "obj_id": 1}, {"cam_R_m2c": [0.5347468256950378, -0.16289013624191284, -0.8291637897491455, -0.11698231846094131, -0.9860666394233704, 0.11826929450035095, -0.8368757367134094, 0.03375338017940521, -0.5463512539863586], "cam_t_m2c": [101.07493591308594, -271.7854309082031, 801.3307495117188], "obj_id": 1}, {"cam_R_m2c": [-0.3766356408596039, 0.6734529137611389, -0.6360871195793152, -0.8878818154335022, -0.06658753007650375, 0.45522749423980713, 0.26421883702278137, 0.7362250089645386, 0.6230257749557495], "cam_t_m2c": [-39.0144157409668, -278.3578186035156, 1054.4217529296875], "obj_id": 1}, {"cam_R_m2c": [0.9602817893028259, -0.2636547088623047, -0.0913517028093338, 0.14808544516563416, 0.20406797528266907, 0.9676916003227234, -0.23649446666240692, -0.9427844285964966, 0.235006183385849], "cam_t_m2c": [-27.593862533569336, -204.2142791748047, 905.2474365234375], "obj_id": 1}, {"cam_R_m2c": [0.8335961103439331, 0.5164089202880859, 0.19605956971645355, 0.03346361592411995, -0.40149986743927, 0.9152474403381348, 0.5513598918914795, -0.7563858032226562, -0.3519695997238159], "cam_t_m2c": [-105.569580078125, -119.10638427734375, 818.5911865234375], "obj_id": 1}, {"cam_R_m2c": [0.7765258550643921, -0.5917585492134094, 0.2164010852575302, 0.4990723431110382, 0.7873005867004395, 0.36205604672431946, -0.3846224546432495, -0.1731460690498352, 0.9066895842552185], "cam_t_m2c": [-45.46984100341797, -229.9246368408203, 1081.3369140625], "obj_id": 1}, {"cam_R_m2c": [-0.30865713953971863, -0.056933239102363586, 0.9494678974151611, -0.9106603860855103, 0.3059108257293701, -0.2776980400085449, -0.2746422290802002, -0.9503563046455383, -0.14626838266849518], "cam_t_m2c": [70.07392120361328, -288.6239929199219, 1105.0601806640625], "obj_id": 1}, {"cam_R_m2c": [-0.05589597299695015, 0.8857461810112, -0.46079176664352417, 0.4378637969493866, -0.3930186927318573, -0.8085860013961792, -0.8973019123077393, -0.2469608634710312, -0.36586794257164], "cam_t_m2c": [-48.02130889892578, -147.4046173095703, 776.3837890625], "obj_id": 1}, {"cam_R_m2c": [-0.12292762845754623, -0.6474990248680115, 0.7520861029624939, -0.6115851998329163, -0.5474004149436951, -0.5712406039237976, 0.7815702557563782, -0.530186116695404, -0.3287099599838257], "cam_t_m2c": [130.29489135742188, -140.06797790527344, 874.6240234375], "obj_id": 1}, {"cam_R_m2c": [0.34266892075538635, 0.906944751739502, -0.24500860273838043, 0.22216834127902985, -0.3316327929496765, -0.9168756604194641, -0.9128084182739258, 0.25975164771080017, -0.3151346743106842], "cam_t_m2c": [-33.80552673339844, -275.00848388671875, 1087.0950927734375], "obj_id": 1}, {"cam_R_m2c": [0.8466318845748901, 0.11048085242509842, -0.5205846428871155, -0.12100888043642044, 0.9925548434257507, 0.013846595771610737, 0.5182386040687561, 0.051272399723529816, 0.8536977767944336], "cam_t_m2c": [-212.1676788330078, -287.70330810546875, 844.6356811523438], "obj_id": 1}, {"cam_R_m2c": [-0.9697661399841309, -0.14594727754592896, 0.19558370113372803, -0.12685561180114746, -0.3831770122051239, -0.9149224162101746, 0.20847360789775848, -0.912071704864502, 0.35307788848876953], "cam_t_m2c": [-33.872562408447266, -108.55686950683594, 722.8667602539062], "obj_id": 1}, {"cam_R_m2c": [-0.7374098300933838, -0.6717288494110107, -0.07075829058885574, 0.6152499318122864, -0.6247658729553223, -0.48076486587524414, 0.27873629331588745, -0.3980548679828644, 0.8739899396896362], "cam_t_m2c": [-37.145442962646484, -53.29867172241211, 751.490234375], "obj_id": 1}, {"cam_R_m2c": [-0.116550512611866, 0.39391884207725525, 0.911725640296936, -0.18772879242897034, 0.892696738243103, -0.4096955358982086, -0.975281298160553, -0.2189074456691742, -0.03009432554244995], "cam_t_m2c": [-194.76954650878906, -205.5982666015625, 728.5250244140625], "obj_id": 1}],
