{
  "0": [{"cam_R_m2c": [0.989122211933136, -0.04818575084209442, -0.1389799267053604, -0.13818341493606567, -0.628268837928772, -0.765626072883606, -0.05042450875043869, 0.7765024304389954, -0.6280931234359741], "cam_t_m2c": [123.2822494506836, -116.92730712890625, 799.9674072265625], "obj_id": 3}, {"cam_R_m2c": [0.989122211933136, -0.04818575084209442, -0.1389799267053604, -0.13818341493606567, -0.628268837928772, -0.765626072883606, -0.05042450875043869, 0.7765024304389954, -0.6280931234359741], "cam_t_m2c": [123.2822494506836, -116.92730712890625, 799.9674072265625], "obj_id": 3}, {"cam_R_m2c": [0.989122211933136, -0.04818575084209442, -0.1389799267053604, -0.13818341493606567, -0.628268837928772, -0.765626072883606, -0.05042450875043869, 0.7765024304389954, -0.6280931234359741], "cam_t_m2c": [123.2822494506836, -116.92730712890625, 799.9674072265625], "obj_id": 1}, {"cam_R_m2c": [0.989122211933136, -0.04818575084209442, -0.1389799267053604, -0.13818341493606567, -0.628268837928772, -0.765626072883606, -0.05042450875043869, 0.7765024304389954, -0.6280931234359741], "cam_t_m2c": [123.2822494506836, -116.92730712890625, 799.9674072265625], "obj_id": 2}, {"cam_R_m2c": [0.989122211933136, -0.04818575084209442, -0.1389799267053604, -0.13818341493606567, -0.628268837928772, -0.765626072883606, -0.05042450875043869, 0.7765024304389954, -0.6280931234359741], "cam_t_m2c": [123.2822494506836, -116.92730712890625, 799.9674072265625], "obj_id": 3}, {"cam_R_m2c": [0.989122211933136, -0.04818575084209442, -0.1389799267053604, -0.13818341493606567, -0.628268837928772, -0.765626072883606, -0.05042450875043869, 0.7765024304389954, -0.6280931234359741], "cam_t_m2c": [123.2822494506836, -116.92730712890625, 799.9674072265625], "obj_id": 2}, {"cam_R_m2c": [0.989122211933136, -0.04818575084209442, -0.1389799267053604, -0.13818341493606567, -0.628268837928772, -0.765626072883606, -0.05042450875043869, 0.7765024304389954, -0.6280931234359741], "cam_t_m2c": [123.2822494506836, -116.92730712890625, 799.9674072265625], "obj_id": 2}, {"cam_R_m2c": [0.989122211933136, -0.04818575084209442, -0.1389799267053604, -0.13818341493606567, -0.628268837928772, -0.765626072883606, -0.05042450875043869, 0.7765024304389954, -0.6280931234359741], "cam_t_m2c": [123.2822494506836, -116.92730712890625, 799.9674072265625], "obj_id": 0}, {"cam_R_m2c": [0.989122211933136, -0.04818575084209442, -0.1389799267053604, -0.13818341493606567, -0.628268837928772, -0.765626072883606, -0.05042450875043869, 0.7765024304389954, -0.6280931234359741], "cam_t_m2c": [123.2822494506836, -116.92730712890625, 799.9674072265625], "obj_id": 3}, {"cam_R_m2c": [0.989122211933136, -0.04818575084209442, -0.1389799267053604, -0.13818341493606567, -0.628268837928772, -0.765626072883606, -0.05042450875043869, 0.7765024304389954, -0.6280931234359741], "cam_t_m2c": [123.2822494506836, -116.92730712890625, 799.9674072265625], "obj_id": 2}, {"cam_R_m2c": [0.989122211933136, -0.04818575084209442, -0.1389799267053604, -0.13818341493606567, -0.628268837928772, -0.765626072883606, -0.05042450875043869, 0.7765024304389954, -0.6280931234359741], "cam_t_m2c": [123.2822494506836, -116.92730712890625, 799.9674072265625], "obj_id": 3}, {"cam_R_m2c": [0.989122211933136, -0.04818575084209442, -0.1389799267053604, -0.13818341493606567, -0.628268837928772, -0.765626072883606, -0.05042450875043869, 0.7765024304389954, -0.6280931234359741], "cam_t_m2c": [123.2822494506836, -116.92730712890625, 799.9674072265625], "obj_id": 3}, {"cam_R_m2c": [-0.06972622126340866, 0.9960734844207764, 0.05455167964100838, -0.9846495389938354, -0.07749193906784058, 0.1563979536294937, 0.1600111722946167, -0.042809247970581055, 0.9861865043640137], "cam_t_m2c": [217.5986785888672, 31.354188919067383, 628.7576904296875], "obj_id": 1}, {"cam_R_m2c": [0.932393491268158, 0.32340797781944275, -0.16139917075634003, 0.17931818962097168, -0.801605224609375, -0.570327877998352, -0.3138270378112793, 0.5028281807899475, -0.8054043650627136], "cam_t_m2c": [284.0518798828125, -66.55326080322266, 715.471435546875], "obj_id": 2}, {"cam_R_m2c": [-0.0403398796916008, 0.9673076272010803, 0.2503768801689148, -0.9286018013954163, 0.056215085089206696, -0.3667949140071869, -0.36887845396995544, -0.24729689955711365, 0.8959759473800659], "cam_t_m2c": [161.70379638671875, -26.923507690429688, 667.846435546875], "obj_id": 3}],
  "1": [{"cam_R_m2c": [0.3543136417865753, 0.9245307445526123, -0.14037369191646576, 0.32383993268013, -0.2621338665485382, -0.9090728759765625, -0.877262532711029, 0.27663829922676086, -0.3922775685787201], "cam_t_m2c": [-0.4520885944366455, -13.15951156616211, 1005.407958984375], "obj_id": 1}, {"cam_R_m2c": [0.3543136417865753, 0.9245307445526123, -0.14037369191646576, 0.32383993268013, -0.2621338665485382, -0.9090728759765625, -0.877262532711029, 0.27663829922676086, -0.3922775685787201], "cam_t_m2c": [-0.4520885944366455, -13.15951156616211, 1005.407958984375], "obj_id": 0}, {"cam_R_m2c": [0.3543136417865753, 0.9245307445526123, -0.14037369191646576, 0.32383993268013, -0.2621338665485382, -0.9090728759765625, -0.877262532711029, 0.27663829922676086, -0.3922775685787201], "cam_t_m2c": [-0.4520885944366455, -13.15951156616211, 1005.407958984375], "obj_id": 2}, {"cam_R_m2c": [0.3543136417865753, 0.9245307445526123, -0.14037369191646576, 0.32383993268013, -0.2621338665485382, -0.9090728759765625, -0.877262532711029, 0.27663829922676086, -0.3922775685787201], "cam_t_m2c": [-0.4520885944366455, -13.15951156616211, 1005.407958984375], "obj_id": 1}, {"cam_R_m2c": [0.3543136417865753, 0.9245307445526123, -0.14037369191646576, 0.32383993268013, -0.2621338665485382, -0.9090728759765625, -0.877262532711029, 0.27663829922676086, -0.3922775685787201], "cam_t_m2c": [-0.4520885944366455, -13.15951156616211, 1005.407958984375], "obj_id": 3}, {"cam_R_m2c": [0.3543136417865753, 0.9245307445526123, -0.14037369191646576, 0.32383993268013, -0.2621338665485382, -0.9090728759765625, -0.877262532711029, 0.27663829922676086, -0.3922775685787201], "cam_t_m2c": [-0.4520885944366455, -13.15951156616211, 1005.407958984375], "obj_id": 1}, {"cam_R_m2c": [0.3543136417865753, 0.9245307445526123, -0.14037369191646576, 0.32383993268013, -0.2621338665485382, -0.9090728759765625, -0.877262532711029, 0.27663829922676086, -0.3922775685787201], "cam_t_m2c": [-0.4520885944366455, -13.15951156616211, 1005.407958984375], "obj_id": 0}, {"cam_R_m2c": [0.3543136417865753, 0.9245307445526123, -0.14037369191646576, 0.32383993268013, -0.2621338665485382, -0.9090728759765625, -0.877262532711029, 0.27663829922676086, -0.3922775685787201], "cam_t_m2c": [-0.4520885944366455, -13.15951156616211, 1005.407958984375], "obj_id": 2}, {"cam_R_m2c": [0.3543136417865753, 0.9245307445526123, -0.14037369191646576, 0.32383993268013, -0.2621338665485382, -0.9090728759765625, -0.877262532711029, 0.27663829922676086, -0.3922775685787201], "cam_t_m2c": [-0.4520885944366455, -13.15951156616211, 1005.407958984375], "obj_id": 3}, {"cam_R_m2c": [0.3543136417865753, 0.9245307445526123, -0.14037369191646576, 0.32383993268013, -0.2621338665485382, -0.9090728759765625, -0.877262532711029, 0.27663829922676086, -0.3922775685787201], "cam_t_m2c": [-0.4520885944366455, -13.15951156616211, 1005.407958984375], "obj_id": 0}, {"cam_R_m2c": [0.3543136417865753, 0.9245307445526123, -0.14037369191646576, 0.32383993268013, -0.2621338665485382, -0.9090728759765625, -0.877262532711029, 0.27663829922676086, -0.3922775685787201], "cam_t_m2c": [-0.4520885944366455, -13.15951156616211, 1005.407958984375], "obj_id": 0}, {"cam_R_m2c": [0.3543136417865753, 0.9245307445526123, -0.14037369191646576, 0.32383993268013, -0.2621338665485382, -0.9090728759765625, -0.877262532711029, 0.27663829922676086, -0.3922775685787201], "cam_t_m2c": [-0.4520885944366455, -13.15951156616211, 1005.407958984375], "obj_id": 2}, {"cam_R_m2c": [-0.12549415230751038, -0.7768700122833252, -0.6170284152030945, 0.7609837651252747, 0.32365646958351135, -0.562272310256958, 0.6365177631378174, -0.5401105284690857, 0.5505685210227966], "cam_t_m2c": [-67.45071411132812, 25.05872344970703, 922.6328735351562], "obj_id": 1}, {"cam_R_m2c": [-0.8469187021255493, 0.47819581627845764, -0.23250192403793335, -0.42674630880355835, -0.3504408895969391, 0.833713710308075, 0.317200243473053, 0.8053072094917297, 0.5008634924888611], "cam_t_m2c": [196.8974609375, -86.99066925048828, 1184.329833984375], "obj_id": 2}, {"cam_R_m2c": [0.19053781032562256, 0.9809532761573792, 0.037760648876428604, -0.8868279457092285, 0.1884959638118744, -0.42190685868263245, -0.42098867893218994, 0.04690198227763176, 0.9058524966239929], "cam_t_m2c": [109.59489440917969, -188.30679321289062, 1441.1943359375], "obj_id": 3}, {"cam_R_m2c": [-0.7659763693809509, 0.5335540771484375, 0.35860827565193176, -0.15134330093860626, -0.691809356212616, 0.7060415744781494, 0.6248000264167786, 0.4865383207798004, 0.6106597781181335], "cam_t_m2c": [-2.9276297092437744, 8.470292091369629, 921.0694580078125], "obj_id": 4}],
  "2": [{"cam_R_m2c": [0.3543136417865753, 0.9245307445526123, -0.14037369191646576, 0.32383993268013, -0.2621338665485382, -0.9090728759765625, -0.877262532711029, 0.27663829922676086, -0.3922775685787201], "cam_t_m2c": [-0.4520885944366455, -13.15951156616211, 1005.407958984375], "obj_id": 1}, {"cam_R_m2c": [0.3543136417865753, 0.9245307445526123, -0.14037369191646576, 0.32383993268013, -0.2621338665485382, -0.9090728759765625, -0.877262532711029, 0.27663829922676086, -0.3922775685787201], "cam_t_m2c": [-0.4520885944366455, -13.15951156616211, 1005.407958984375], "obj_id": 0}, {"cam_R_m2c": [0.3543136417865753, 0.9245307445526123, -0.14037369191646576, 0.32383993268013, -0.2621338665485382, -0.9090728759765625, -0.877262532711029, 0.27663829922676086, -0.3922775685787201], "cam_t_m2c": [-0.4520885944366455, -13.15951156616211, 1005.407958984375], "obj_id": 2}, {"cam_R_m2c": [0.3543136417865753, 0.9245307445526123, -0.14037369191646576, 0.32383993268013, -0.2621338665485382, -0.9090728759765625, -0.877262532711029, 0.27663829922676086, -0.3922775685787201], "cam_t_m2c": [-0.4520885944366455, -13.15951156616211, 1005.407958984375], "obj_id": 1}, {"cam_R_m2c": [0.3543136417865753, 0.9245307445526123, -0.14037369191646576, 0.32383993268013, -0.2621338665485382, -0.9090728759765625, -0.877262532711029, 0.27663829922676086, -0.3922775685787201], "cam_t_m2c": [-0.4520885944366455, -13.15951156616211, 1005.407958984375], "obj_id": 3}, {"cam_R_m2c": [0.3543136417865753, 0.9245307445526123, -0.14037369191646576, 0.32383993268013, -0.2621338665485382, -0.9090728759765625, -0.877262532711029, 0.27663829922676086, -0.3922775685787201], "cam_t_m2c": [-0.4520885944366455, -13.15951156616211, 1005.407958984375], "obj_id": 1}, {"cam_R_m2c": [0.3543136417865753, 0.9245307445526123, -0.14037369191646576, 0.32383993268013, -0.2621338665485382, -0.9090728759765625, -0.877262532711029, 0.27663829922676086, -0.3922775685787201], "cam_t_m2c": [-0.4520885944366455, -13.15951156616211, 1005.407958984375], "obj_id": 0}, {"cam_R_m2c": [0.3543136417865753, 0.9245307445526123, -0.14037369191646576, 0.32383993268013, -0.2621338665485382, -0.9090728759765625, -0.877262532711029, 0.27663829922676086, -0.3922775685787201], "cam_t_m2c": [-0.4520885944366455, -13.15951156616211, 1005.407958984375], "obj_id": 2}, {"cam_R_m2c": [0.3543136417865753, 0.9245307445526123, -0.14037369191646576, 0.32383993268013, -0.2621338665485382, -0.9090728759765625, -0.877262532711029, 0.27663829922676086, -0.3922775685787201], "cam_t_m2c": [-0.4520885944366455, -13.15951156616211, 1005.407958984375], "obj_id": 3}, {"cam_R_m2c": [0.3543136417865753, 0.9245307445526123, -0.14037369191646576, 0.32383993268013, -0.2621338665485382, -0.9090728759765625, -0.877262532711029, 0.27663829922676086, -0.3922775685787201], "cam_t_m2c": [-0.4520885944366455, -13.15951156616211, 1005.407958984375], "obj_id": 0}, {"cam_R_m2c": [0.3543136417865753, 0.9245307445526123, -0.14037369191646576, 0.32383993268013, -0.2621338665485382, -0.9090728759765625, -0.877262532711029, 0.27663829922676086, -0.3922775685787201], "cam_t_m2c": [-0.4520885944366455, -13.15951156616211, 1005.407958984375], "obj_id": 0}, {"cam_R_m2c": [0.3543136417865753, 0.9245307445526123, -0.14037369191646576, 0.32383993268013, -0.2621338665485382, -0.9090728759765625, -0.877262532711029, 0.27663829922676086, -0.3922775685787201], "cam_t_m2c": [-0.4520885944366455, -13.15951156616211, 1005.407958984375], "obj_id": 2}, {"cam_R_m2c": [-0.12549415230751038, -0.7768700122833252, -0.6170284152030945, 0.7609837651252747, 0.32365646958351135, -0.562272310256958, 0.6365177631378174, -0.5401105284690857, 0.5505685210227966], "cam_t_m2c": [-67.45071411132812, 25.05872344970703, 922.6328735351562], "obj_id": 1}, {"cam_R_m2c": [-0.8469187021255493, 0.47819581627845764, -0.23250192403793335, -0.42674630880355835, -0.3504408895969391, 0.833713710308075, 0.317200243473053, 0.8053072094917297, 0.5008634924888611], "cam_t_m2c": [196.8974609375, -86.99066925048828, 1184.329833984375], "obj_id": 2}, {"cam_R_m2c": [0.19053781032562256, 0.9809532761573792, 0.037760648876428604, -0.8868279457092285, 0.1884959638118744, -0.42190685868263245, -0.42098867893218994, 0.04690198227763176, 0.9058524966239929], "cam_t_m2c": [109.59489440917969, -188.30679321289062, 1441.1943359375], "obj_id": 3}, {"cam_R_m2c": [-0.7659763693809509, 0.5335540771484375, 0.35860827565193176, -0.15134330093860626, -0.691809356212616, 0.7060415744781494, 0.6248000264167786, 0.4865383207798004, 0.6106597781181335], "cam_t_m2c": [-2.9276297092437744, 8.470292091369629, 921.0694580078125], "obj_id": 4}],
  "3": [{"cam_R_m2c": [-0.4442552328109741, 0.8956398367881775, 0.02159917913377285, 0.374432235956192, 0.2075202763080597, -0.9037343859672546, -0.8139027953147888, -0.3934013247489929, -0.427548348903656], "cam_t_m2c": [39.31500244140625, -6.761656761169434, 879.3980712890625], "obj_id": 1}, {"cam_R_m2c": [-0.4442552328109741, 0.8956398367881775, 0.02159917913377285, 0.374432235956192, 0.2075202763080597, -0.9037343859672546, -0.8139027953147888, -0.3934013247489929, -0.427548348903656], "cam_t_m2c": [39.31500244140625, -6.761656761169434, 879.3980712890625], "obj_id": 0}, {"cam_R_m2c": [-0.4442552328109741, 0.8956398367881775, 0.02159917913377285, 0.374432235956192, 0.2075202763080597, -0.9037343859672546, -0.8139027953147888, -0.3934013247489929, -0.427548348903656], "cam_t_m2c": [39.31500244140625, -6.761656761169434, 879.3980712890625], "obj_id": 2}, {"cam_R_m2c": [-0.4442552328109741, 0.8956398367881775, 0.02159917913377285, 0.374432235956192, 0.2075202763080597, -0.9037343859672546, -0.8139027953147888, -0.3934013247489929, -0.427548348903656], "cam_t_m2c": [39.31500244140625, -6.761656761169434, 879.3980712890625], "obj_id": 1}, {"cam_R_m2c": [-0.4442552328109741, 0.8956398367881775, 0.02159917913377285, 0.374432235956192, 0.2075202763080597, -0.9037343859672546, -0.8139027953147888, -0.3934013247489929, -0.427548348903656], "cam_t_m2c": [39.31500244140625, -6.761656761169434, 879.3980712890625], "obj_id": 3}, {"cam_R_m2c": [-0.4442552328109741, 0.8956398367881775, 0.02159917913377285, 0.374432235956192, 0.2075202763080597, -0.9037343859672546, -0.8139027953147888, -0.3934013247489929, -0.427548348903656], "cam_t_m2c": [39.31500244140625, -6.761656761169434, 879.3980712890625], "obj_id": 1}, {"cam_R_m2c": [-0.4442552328109741, 0.8956398367881775, 0.02159917913377285, 0.374432235956192, 0.2075202763080597, -0.9037343859672546, -0.8139027953147888, -0.3934013247489929, -0.427548348903656], "cam_t_m2c": [39.31500244140625, -6.761656761169434, 879.3980712890625], "obj_id": 0}, {"cam_R_m2c": [-0.4442552328109741, 0.8956398367881775, 0.02159917913377285, 0.374432235956192, 0.2075202763080597, -0.9037343859672546, -0.8139027953147888, -0.3934013247489929, -0.427548348903656], "cam_t_m2c": [39.31500244140625, -6.761656761169434, 879.3980712890625], "obj_id": 2}, {"cam_R_m2c": [-0.4442552328109741, 0.8956398367881775, 0.02159917913377285, 0.374432235956192, 0.2075202763080597, -0.9037343859672546, -0.8139027953147888, -0.3934013247489929, -0.427548348903656], "cam_t_m2c": [39.31500244140625, -6.761656761169434, 879.3980712890625], "obj_id": 3}, {"cam_R_m2c": [-0.4442552328109741, 0.8956398367881775, 0.02159917913377285, 0.374432235956192, 0.2075202763080597, -0.9037343859672546, -0.8139027953147888, -0.3934013247489929, -0.427548348903656], "cam_t_m2c": [39.31500244140625, -6.761656761169434, 879.3980712890625], "obj_id": 0}, {"cam_R_m2c": [-0.4442552328109741, 0.8956398367881775, 0.02159917913377285, 0.374432235956192, 0.2075202763080597, -0.9037343859672546, -0.8139027953147888, -0.3934013247489929, -0.427548348903656], "cam_t_m2c": [39.31500244140625, -6.761656761169434, 879.3980712890625], "obj_id": 0}, {"cam_R_m2c": [-0.4442552328109741, 0.8956398367881775, 0.02159917913377285, 0.374432235956192, 0.2075202763080597, -0.9037343859672546, -0.8139027953147888, -0.3934013247489929, -0.427548348903656], "cam_t_m2c": [39.31500244140625, -6.761656761169434, 879.3980712890625], "obj_id": 2}, {"cam_R_m2c": [0.013518975116312504, -0.9872937798500061, 0.15832901000976562, 0.6725414991378784, -0.10819651931524277, -0.732107400894165, 0.7399358153343201, 0.11638011783361435, 0.6625334620475769], "cam_t_m2c": [-72.70295715332031, -9.957472801208496, 863.8118896484375], "obj_id": 1}, {"cam_R_m2c": [-0.19591931998729706, 0.965378999710083, -0.17221705615520477, -0.7349468469619751, -0.02828659489750862, 0.6775343418121338, 0.6492061018943787, 0.25931257009506226, 0.7150443196296692], "cam_t_m2c": [313.01904296875, 31.656768798828125, 883.9908447265625], "obj_id": 2}, {"cam_R_m2c": [0.21559901535511017, 0.6093214154243469, 0.7630493640899658, -0.7369987368583679, 0.6141655445098877, -0.2821941077709198, -0.6405855417251587, -0.5015257000923157, 0.5814826488494873], "cam_t_m2c": [456.6611022949219, -76.32681274414062, 1111.0865478515625], "obj_id": 3}, {"cam_R_m2c": [-0.05808150768280029, 0.9377838373184204, 0.34232714772224426, -0.42806902527809143, -0.3331771790981293, 0.8400891423225403, 0.9018777012825012, -0.09774596989154816, 0.4207877516746521], "cam_t_m2c": [-24.003337860107422, 4.299398899078369, 820.6154174804688], "obj_id": 4}],
  "4": [{"cam_R_m2c": [-0.4442552328109741, 0.8956398367881775, 0.02159917913377285, 0.374432235956192, 0.2075202763080597, -0.9037343859672546, -0.8139027953147888, -0.3934013247489929, -0.427548348903656], "cam_t_m2c": [39.31500244140625, -6.761656761169434, 879.3980712890625], "obj_id": 1}, {"cam_R_m2c": [-0.4442552328109741, 0.8956398367881775, 0.02159917913377285, 0.374432235956192, 0.2075202763080597, -0.9037343859672546, -0.8139027953147888, -0.3934013247489929, -0.427548348903656], "cam_t_m2c": [39.31500244140625, -6.761656761169434, 879.3980712890625], "obj_id": 0}, {"cam_R_m2c": [-0.4442552328109741, 0.8956398367881775, 0.02159917913377285, 0.374432235956192, 0.2075202763080597, -0.9037343859672546, -0.8139027953147888, -0.3934013247489929, -0.427548348903656], "cam_t_m2c": [39.31500244140625, -6.761656761169434, 879.3980712890625], "obj_id": 2}, {"cam_R_m2c": [-0.4442552328109741, 0.8956398367881775, 0.02159917913377285, 0.374432235956192, 0.2075202763080597, -0.9037343859672546, -0.8139027953147888, -0.3934013247489929, -0.427548348903656], "cam_t_m2c": [39.31500244140625, -6.761656761169434, 879.3980712890625], "obj_id": 1}, {"cam_R_m2c": [-0.4442552328109741, 0.8956398367881775, 0.02159917913377285, 0.374432235956192, 0.2075202763080597, -0.9037343859672546, -0.8139027953147888, -0.3934013247489929, -0.427548348903656], "cam_t_m2c": [39.31500244140625, -6.761656761169434, 879.3980712890625], "obj_id": 3}, {"cam_R_m2c": [-0.4442552328109741, 0.8956398367881775, 0.02159917913377285, 0.374432235956192, 0.2075202763080597, -0.9037343859672546, -0.8139027953147888, -0.3934013247489929, -0.427548348903656], "cam_t_m2c": [39.31500244140625, -6.761656761169434, 879.3980712890625], "obj_id": 1}, {"cam_R_m2c": [-0.4442552328109741, 0.8956398367881775, 0.02159917913377285, 0.374432235956192, 0.2075202763080597, -0.9037343859672546, -0.8139027953147888, -0.3934013247489929, -0.427548348903656], "cam_t_m2c": [39.31500244140625, -6.761656761169434, 879.3980712890625], "obj_id": 0}, {"cam_R_m2c": [-0.4442552328109741, 0.8956398367881775, 0.02159917913377285, 0.374432235956192, 0.2075202763080597, -0.9037343859672546, -0.8139027953147888, -0.3934013247489929, -0.427548348903656], "cam_t_m2c": [39.31500244140625, -6.761656761169434, 879.3980712890625], "obj_id": 2}, {"cam_R_m2c": [-0.4442552328109741, 0.8956398367881775, 0.02159917913377285, 0.374432235956192, 0.2075202763080597, -0.9037343859672546, -0.8139027953147888, -0.3934013247489929, -0.427548348903656], "cam_t_m2c": [39.31500244140625, -6.761656761169434, 879.3980712890625], "obj_id": 3}, {"cam_R_m2c": [-0.4442552328109741, 0.8956398367881775, 0.02159917913377285, 0.374432235956192, 0.2075202763080597, -0.9037343859672546, -0.8139027953147888, -0.3934013247489929, -0.427548348903656], "cam_t_m2c": [39.31500244140625, -6.761656761169434, 879.3980712890625], "obj_id": 0}, {"cam_R_m2c": [-0.4442552328109741, 0.8956398367881775, 0.02159917913377285, 0.374432235956192, 0.2075202763080597, -0.9037343859672546, -0.8139027953147888, -0.3934013247489929, -0.427548348903656], "cam_t_m2c": [39.31500244140625, -6.761656761169434, 879.3980712890625], "obj_id": 0}, {"cam_R_m2c": [-0.4442552328109741, 0.8956398367881775, 0.02159917913377285, 0.374432235956192, 0.2075202763080597, -0.9037343859672546, -0.8139027953147888, -0.3934013247489929, -0.427548348903656], "cam_t_m2c": [39.31500244140625, -6.761656761169434, 879.3980712890625], "obj_id": 2}, {"cam_R_m2c": [0.013518975116312504, -0.9872937798500061, 0.15832901000976562, 0.6725414991378784, -0.10819651931524277, -0.732107400894165, 0.7399358153343201, 0.11638011783361435, 0.6625334620475769], "cam_t_m2c": [-72.70295715332031, -9.957472801208496, 863.8118896484375], "obj_id": 1}, {"cam_R_m2c": [-0.19591931998729706, 0.965378999710083, -0.17221705615520477, -0.7349468469619751, -0.02828659489750862, 0.6775343418121338, 0.6492061018943787, 0.25931257009506226, 0.7150443196296692], "cam_t_m2c": [313.01904296875, 31.656768798828125, 883.9908447265625], "obj_id": 2}, {"cam_R_m2c": [0.21559901535511017, 0.6093214154243469, 0.7630493640899658, -0.7369987368583679, 0.6141655445098877, -0.2821941077709198, -0.6405855417251587, -0.5015257000923157, 0.5814826488494873], "cam_t_m2c": [456.6611022949219, -76.32681274414062, 1111.0865478515625], "obj_id": 3}, {"cam_R_m2c": [-0.05808150768280029, 0.9377838373184204, 0.34232714772224426, -0.42806902527809143, -0.3331771790981293, 0.8400891423225403, 0.9018777012825012, -0.09774596989154816, 0.4207877516746521], "cam_t_m2c": [-24.003337860107422, 4.299398899078369, 820.6154174804688], "obj_id": 4}]
}