{
  "0": [{"cam_R_m2c": [-0.34077075123786926, 0.06523744016885757, -0.937880277633667, 0.43513891100883484, 0.8952487707138062, -0.09583193063735962, 0.8333843350410461, -0.4407649338245392, -0.3334619700908661], "cam_t_m2c": [7000.376953125, -49096.234375, -32121.4375], "obj_id": 2}, {"cam_R_m2c": [0.5917346477508545, -0.7112317681312561, 0.3794725835323334, 0.48884356021881104, -0.057716842740774155, -0.8704600930213928, 0.6410008668899536, 0.7005841135978699, 0.31352803111076355], "cam_t_m2c": [415.595458984375, -36.659908294677734, 1006.80517578125], "obj_id": 2}, {"cam_R_m2c": [-0.31548044085502625, -0.3256394863128662, -0.8913085460662842, -0.35080084204673767, 0.9127585887908936, -0.20930957794189453, 0.8817089796066284, 0.2466387152671814, -0.402192085981369], "cam_t_m2c": [521.5188598632812, 171.3853759765625, 886.7921752929688], "obj_id": 3}, {"cam_R_m2c": [0.21510836482048035, -0.30391308665275574, 0.9280974864959717, 0.9608802199363708, -0.10390980541706085, -0.2567325234413147, 0.17446297407150269, 0.9470159411430359, 0.2696723937988281], "cam_t_m2c": [391.78851318359375, -128.27110290527344, 985.39013671875], "obj_id": 0}],
  "1": [{"cam_R_m2c": [0.7036725878715515, -0.7029496431350708, 0.10347304493188858, 0.321161150932312, 0.1847699135541916, -0.9288248419761658, 0.6337984204292297, 0.6868200898170471, 0.3557776212692261], "cam_t_m2c": [-14666.900390625, -30244.580078125, -48296.37890625], "obj_id": 2}, {"cam_R_m2c": [0.16313332319259644, 0.8951424956321716, 0.4148581624031067, 0.968434751033783, -0.2256111055612564, 0.10598862916231155, 0.18847157061100006, 0.3844728171825409, -0.9036917686462402], "cam_t_m2c": [63.22743606567383, 428.1350402832031, 590.0463256835938], "obj_id": 2}, {"cam_R_m2c": [0.9973843693733215, 0.03318321332335472, 0.06421329826116562, 0.05489669740200043, 0.23014536499977112, -0.9716065526008606, -0.04701941832900047, 0.9725902676582336, 0.22772173583507538], "cam_t_m2c": [-150.1019744873047, 532.6674194335938, 702.148193359375], "obj_id": 3}, {"cam_R_m2c": [-0.25198253989219666, 0.9670132994651794, -0.037284355610609055, 0.6317161321640015, 0.19355352222919464, 0.7506476044654846, 0.7331026792526245, 0.16559694707393646, -0.6596500277519226], "cam_t_m2c": [84.3766098022461, 362.8655700683594, 521.2153930664062], "obj_id": 0}]
}