{
  "0": [{"cam_R_m2c": [0.8348062038421631, -0.5282817482948303, 0.15497414767742157, -0.2885061800479889, -0.18003472685813904, 0.940399706363678, -0.46889528632164, -0.8297624588012695, -0.30270665884017944], "cam_t_m2c": [-15.735577583312988, -34.059532165527344, 1073.28564453125], "obj_id": 2}, {"cam_R_m2c": [0.362156480550766, -0.8397958874702454, -0.40445706248283386, 0.5617932677268982, 0.5429009795188904, -0.6242169737815857, 0.7437949776649475, -0.0011570500209927559, 0.6684067845344543], "cam_t_m2c": [0.00013169116573408246, 0.00021245796233415604, 1006.189453125], "obj_id": 1}, {"cam_R_m2c": [-0.8203217387199402, -0.5696949362754822, -0.05019734799861908, -0.5280686020851135, 0.7882248759269714, -0.3159826397895813, 0.2195805162191391, -0.23269982635974884, -0.9474360346794128], "cam_t_m2c": [66.54158782958984, 60.826019287109375, 935.52685546875], "obj_id": 3}, {"cam_R_m2c": [0.2717989385128021, -0.08621526509523392, 0.9584842920303345, -0.5128265619277954, 0.829807698726654, 0.22006388008594513, -0.814330518245697, -0.5513493418693542, 0.18132738769054413], "cam_t_m2c": [-8.425214767456055, 93.73155975341797, 946.4500732421875], "obj_id": 1}, {"cam_R_m2c": [0.29390764236450195, -0.9558336734771729, 0.0005720392800867558, 0.9414752125740051, 0.28938916325569153, -0.17285369336605072, 0.1650538444519043, 0.05134158581495285, 0.9849473237991333], "cam_t_m2c": [45.8629150390625, 40.852115631103516, 1009.1492919921875], "obj_id": 1}, {"cam_R_m2c": [0.7879712581634521, -0.517095148563385, -0.3342362642288208, -0.41975143551826477, -0.8482925295829773, 0.3228132724761963, -0.45045530796051025, -0.11407142877578735, -0.8854815363883972], "cam_t_m2c": [156.43724060058594, -40.55984878540039, 1052.1556396484375], "obj_id": 3}, {"cam_R_m2c": [0.07339243590831757, 0.9468770027160645, 0.31310921907424927, -0.03922099247574806, -0.3109726011753082, 0.9496091604232788, 0.9965315461158752, -0.08197452872991562, 0.01431449968367815], "cam_t_m2c": [-29.920536041259766, 75.99139404296875, 913.0647583007812], "obj_id": 2}, {"cam_R_m2c": [0.11857933551073074, -0.11331884562969208, -0.9864571690559387, 0.18116392195224762, 0.9792601466178894, -0.09071487188339233, 0.9762778878211975, -0.16795355081558228, 0.13664931058883667], "cam_t_m2c": [96.62181854248047, 62.8712158203125, 929.2369995117188], "obj_id": 1}, {"cam_R_m2c": [0.226850688457489, 0.28426361083984375, -0.9315217733383179, -0.6833266615867615, -0.6350711584091187, -0.36020705103874207, -0.6939764618873596, 0.7182469367980957, 0.05017866566777229], "cam_t_m2c": [22.5889835357666, 102.75117492675781, 930.1185302734375], "obj_id": 2}, {"cam_R_m2c": [-0.8951683044433594, 0.001550530083477497, 0.4457256495952606, -0.2857491672039032, 0.765470027923584, -0.5765440464019775, -0.34208357334136963, -0.6434696912765503, -0.6847814321517944], "cam_t_m2c": [173.81410217285156, 45.990474700927734, 1016.078125], "obj_id": 3}]
}