{
  "0": [{"cam_R_m2c": [-0.6379202008247375, -0.7696525454521179, -0.02631908841431141, -0.4251311421394348, 0.3804514408111572, -0.8212917447090149, 0.6421224474906921, -0.5127295851707458, -0.5699008703231812], "cam_t_m2c": [8.899016380310059, 204.46218872070312, 502.5765380859375], "obj_id": 3}, {"cam_R_m2c": [-0.6379202008247375, -0.7696525454521179, -0.02631908841431141, -0.4251311421394348, 0.3804514408111572, -0.8212917447090149, 0.6421224474906921, -0.5127295851707458, -0.5699008703231812], "cam_t_m2c": [8.899016380310059, 204.46218872070312, 502.5765380859375], "obj_id": 3}, {"cam_R_m2c": [-0.6379202008247375, -0.7696525454521179, -0.02631908841431141, -0.4251311421394348, 0.3804514408111572, -0.8212917447090149, 0.6421224474906921, -0.5127295851707458, -0.5699008703231812], "cam_t_m2c": [8.899016380310059, 204.46218872070312, 502.5765380859375], "obj_id": 1}, {"cam_R_m2c": [-0.6379202008247375, -0.7696525454521179, -0.02631908841431141, -0.4251311421394348, 0.3804514408111572, -0.8212917447090149, 0.6421224474906921, -0.5127295851707458, -0.5699008703231812], "cam_t_m2c": [8.899016380310059, 204.46218872070312, 502.5765380859375], "obj_id": 1}, {"cam_R_m2c": [-0.6379202008247375, -0.7696525454521179, -0.02631908841431141, -0.4251311421394348, 0.3804514408111572, -0.8212917447090149, 0.6421224474906921, -0.5127295851707458, -0.5699008703231812], "cam_t_m2c": [8.899016380310059, 204.46218872070312, 502.5765380859375], "obj_id": 2}, {"cam_R_m2c": [-0.6379202008247375, -0.7696525454521179, -0.02631908841431141, -0.4251311421394348, 0.3804514408111572, -0.8212917447090149, 0.6421224474906921, -0.5127295851707458, -0.5699008703231812], "cam_t_m2c": [8.899016380310059, 204.46218872070312, 502.5765380859375], "obj_id": 0}, {"cam_R_m2c": [-0.6379202008247375, -0.7696525454521179, -0.02631908841431141, -0.4251311421394348, 0.3804514408111572, -0.8212917447090149, 0.6421224474906921, -0.5127295851707458, -0.5699008703231812], "cam_t_m2c": [8.899016380310059, 204.46218872070312, 502.5765380859375], "obj_id": 1}, {"cam_R_m2c": [-0.6379202008247375, -0.7696525454521179, -0.02631908841431141, -0.4251311421394348, 0.3804514408111572, -0.8212917447090149, 0.6421224474906921, -0.5127295851707458, -0.5699008703231812], "cam_t_m2c": [8.899016380310059, 204.46218872070312, 502.5765380859375], "obj_id": 2}, {"cam_R_m2c": [-0.6379202008247375, -0.7696525454521179, -0.02631908841431141, -0.4251311421394348, 0.3804514408111572, -0.8212917447090149, 0.6421224474906921, -0.5127295851707458, -0.5699008703231812], "cam_t_m2c": [8.899016380310059, 204.46218872070312, 502.5765380859375], "obj_id": 3}, {"cam_R_m2c": [-0.6379202008247375, -0.7696525454521179, -0.02631908841431141, -0.4251311421394348, 0.3804514408111572, -0.8212917447090149, 0.6421224474906921, -0.5127295851707458, -0.5699008703231812], "cam_t_m2c": [8.899016380310059, 204.46218872070312, 502.5765380859375], "obj_id": 2}, {"cam_R_m2c": [-0.6379202008247375, -0.7696525454521179, -0.02631908841431141, -0.4251311421394348, 0.3804514408111572, -0.8212917447090149, 0.6421224474906921, -0.5127295851707458, -0.5699008703231812], "cam_t_m2c": [8.899016380310059, 204.46218872070312, 502.5765380859375], "obj_id": 1}, {"cam_R_m2c": [-0.6379202008247375, -0.7696525454521179, -0.02631908841431141, -0.4251311421394348, 0.3804514408111572, -0.8212917447090149, 0.6421224474906921, -0.5127295851707458, -0.5699008703231812], "cam_t_m2c": [8.899016380310059, 204.46218872070312, 502.5765380859375], "obj_id": 2}, {"cam_R_m2c": [0.16921406984329224, 0.8286855816841125, 0.5335230231285095, 0.8860012292861938, -0.3650154173374176, 0.28594669699668884, 0.431704044342041, 0.42431584000587463, -0.7959821820259094], "cam_t_m2c": [231.26272583007812, 152.6421661376953, 618.7494506835938], "obj_id": 1}, {"cam_R_m2c": [0.08757463097572327, -0.6660468578338623, -0.7407510876655579, 0.8446215987205505, 0.44389966130256653, -0.2992780804634094, 0.528152346611023, -0.5994452238082886, 0.6014319658279419], "cam_t_m2c": [-286.53125, 286.32171630859375, 410.83636474609375], "obj_id": 3}, {"cam_R_m2c": [0.9195502996444702, -0.37275639176368713, 0.1244184821844101, 0.13256418704986572, 0.5922910571098328, 0.7947439551353455, -0.36993786692619324, -0.7143136262893677, 0.5940555334091187], "cam_t_m2c": [-121.57730865478516, 147.64114379882812, 670.337646484375], "obj_id": 4}],
  "1": [{"cam_R_m2c": [-0.11587747186422348, 0.9931939244270325, 0.011759141460061073, 0.23456694185733795, 0.038867462426424026, -0.9713226556777954, -0.9651687741279602, -0.10979609191417694, -0.23747433722019196], "cam_t_m2c": [198.78404235839844, -18.82557487487793, 853.95458984375], "obj_id": 0}, {"cam_R_m2c": [-0.11587747186422348, 0.9931939244270325, 0.011759141460061073, 0.23456694185733795, 0.038867462426424026, -0.9713226556777954, -0.9651687741279602, -0.10979609191417694, -0.23747433722019196], "cam_t_m2c": [198.78404235839844, -18.82557487487793, 853.95458984375], "obj_id": 1}, {"cam_R_m2c": [-0.11587747186422348, 0.9931939244270325, 0.011759141460061073, 0.23456694185733795, 0.038867462426424026, -0.9713226556777954, -0.9651687741279602, -0.10979609191417694, -0.23747433722019196], "cam_t_m2c": [198.78404235839844, -18.82557487487793, 853.95458984375], "obj_id": 0}, {"cam_R_m2c": [-0.11587747186422348, 0.9931939244270325, 0.011759141460061073, 0.23456694185733795, 0.038867462426424026, -0.9713226556777954, -0.9651687741279602, -0.10979609191417694, -0.23747433722019196], "cam_t_m2c": [198.78404235839844, -18.82557487487793, 853.95458984375], "obj_id": 3}, {"cam_R_m2c": [-0.11587747186422348, 0.9931939244270325, 0.011759141460061073, 0.23456694185733795, 0.038867462426424026, -0.9713226556777954, -0.9651687741279602, -0.10979609191417694, -0.23747433722019196], "cam_t_m2c": [198.78404235839844, -18.82557487487793, 853.95458984375], "obj_id": 3}, {"cam_R_m2c": [-0.11587747186422348, 0.9931939244270325, 0.011759141460061073, 0.23456694185733795, 0.038867462426424026, -0.9713226556777954, -0.9651687741279602, -0.10979609191417694, -0.23747433722019196], "cam_t_m2c": [198.78404235839844, -18.82557487487793, 853.95458984375], "obj_id": 2}, {"cam_R_m2c": [-0.11587747186422348, 0.9931939244270325, 0.011759141460061073, 0.23456694185733795, 0.038867462426424026, -0.9713226556777954, -0.9651687741279602, -0.10979609191417694, -0.23747433722019196], "cam_t_m2c": [198.78404235839844, -18.82557487487793, 853.95458984375], "obj_id": 2}, {"cam_R_m2c": [-0.11587747186422348, 0.9931939244270325, 0.011759141460061073, 0.23456694185733795, 0.038867462426424026, -0.9713226556777954, -0.9651687741279602, -0.10979609191417694, -0.23747433722019196], "cam_t_m2c": [198.78404235839844, -18.82557487487793, 853.95458984375], "obj_id": 0}, {"cam_R_m2c": [-0.11587747186422348, 0.9931939244270325, 0.011759141460061073, 0.23456694185733795, 0.038867462426424026, -0.9713226556777954, -0.9651687741279602, -0.10979609191417694, -0.23747433722019196], "cam_t_m2c": [198.78404235839844, -18.82557487487793, 853.95458984375], "obj_id": 3}, {"cam_R_m2c": [-0.11587747186422348, 0.9931939244270325, 0.011759141460061073, 0.23456694185733795, 0.038867462426424026, -0.9713226556777954, -0.9651687741279602, -0.10979609191417694, -0.23747433722019196], "cam_t_m2c": [198.78404235839844, -18.82557487487793, 853.95458984375], "obj_id": 1}, {"cam_R_m2c": [-0.11587747186422348, 0.9931939244270325, 0.011759141460061073, 0.23456694185733795, 0.038867462426424026, -0.9713226556777954, -0.9651687741279602, -0.10979609191417694, -0.23747433722019196], "cam_t_m2c": [198.78404235839844, -18.82557487487793, 853.95458984375], "obj_id": 1}, {"cam_R_m2c": [-0.11587747186422348, 0.9931939244270325, 0.011759141460061073, 0.23456694185733795, 0.038867462426424026, -0.9713226556777954, -0.9651687741279602, -0.10979609191417694, -0.23747433722019196], "cam_t_m2c": [198.78404235839844, -18.82557487487793, 853.95458984375], "obj_id": 0}, {"cam_R_m2c": [0.1258879154920578, 0.45363369584083557, 0.882252037525177, -0.8431541323661804, 0.5175285339355469, -0.14579220116138458, -0.522726833820343, -0.7255209684371948, 0.4476337134838104], "cam_t_m2c": [500.42681884765625, 100.13742065429688, 496.74072265625], "obj_id": 2}, {"cam_R_m2c": [0.9984550476074219, -0.047671303153038025, 0.028546666726469994, -0.001493407879024744, -0.5365903377532959, -0.8438414931297302, 0.0555448941886425, 0.8424952030181885, -0.5358325242996216], "cam_t_m2c": [290.96502685546875, -49.219810485839844, 1015.8619995117188], "obj_id": 3}, {"cam_R_m2c": [0.23041927814483643, 0.7246694564819336, 0.6494313478469849, -0.8569939136505127, 0.46725788712501526, -0.2173280119895935, -0.4609428942203522, -0.5064821839332581, 0.7287025451660156], "cam_t_m2c": [444.5120849609375, 4.769338130950928, 884.0485229492188], "obj_id": 4}],
  "2": [{"cam_R_m2c": [-0.11587747186422348, 0.9931939244270325, 0.011759141460061073, 0.23456694185733795, 0.038867462426424026, -0.9713226556777954, -0.9651687741279602, -0.10979609191417694, -0.23747433722019196], "cam_t_m2c": [198.78404235839844, -18.82557487487793, 853.95458984375], "obj_id": 0}, {"cam_R_m2c": [-0.11587747186422348, 0.9931939244270325, 0.011759141460061073, 0.23456694185733795, 0.038867462426424026, -0.9713226556777954, -0.9651687741279602, -0.10979609191417694, -0.23747433722019196], "cam_t_m2c": [198.78404235839844, -18.82557487487793, 853.95458984375], "obj_id": 1}, {"cam_R_m2c": [-0.11587747186422348, 0.9931939244270325, 0.011759141460061073, 0.23456694185733795, 0.038867462426424026, -0.9713226556777954, -0.9651687741279602, -0.10979609191417694, -0.23747433722019196], "cam_t_m2c": [198.78404235839844, -18.82557487487793, 853.95458984375], "obj_id": 0}, {"cam_R_m2c": [-0.11587747186422348, 0.9931939244270325, 0.011759141460061073, 0.23456694185733795, 0.038867462426424026, -0.9713226556777954, -0.9651687741279602, -0.10979609191417694, -0.23747433722019196], "cam_t_m2c": [198.78404235839844, -18.82557487487793, 853.95458984375], "obj_id": 3}, {"cam_R_m2c": [-0.11587747186422348, 0.9931939244270325, 0.011759141460061073, 0.23456694185733795, 0.038867462426424026, -0.9713226556777954, -0.9651687741279602, -0.10979609191417694, -0.23747433722019196], "cam_t_m2c": [198.78404235839844, -18.82557487487793, 853.95458984375], "obj_id": 3}, {"cam_R_m2c": [-0.11587747186422348, 0.9931939244270325, 0.011759141460061073, 0.23456694185733795, 0.038867462426424026, -0.9713226556777954, -0.9651687741279602, -0.10979609191417694, -0.23747433722019196], "cam_t_m2c": [198.78404235839844, -18.82557487487793, 853.95458984375], "obj_id": 2}, {"cam_R_m2c": [-0.11587747186422348, 0.9931939244270325, 0.011759141460061073, 0.23456694185733795, 0.038867462426424026, -0.9713226556777954, -0.9651687741279602, -0.10979609191417694, -0.23747433722019196], "cam_t_m2c": [198.78404235839844, -18.82557487487793, 853.95458984375], "obj_id": 2}, {"cam_R_m2c": [-0.11587747186422348, 0.9931939244270325, 0.011759141460061073, 0.23456694185733795, 0.038867462426424026, -0.9713226556777954, -0.9651687741279602, -0.10979609191417694, -0.23747433722019196], "cam_t_m2c": [198.78404235839844, -18.82557487487793, 853.95458984375], "obj_id": 0}, {"cam_R_m2c": [-0.11587747186422348, 0.9931939244270325, 0.011759141460061073, 0.23456694185733795, 0.038867462426424026, -0.9713226556777954, -0.9651687741279602, -0.10979609191417694, -0.23747433722019196], "cam_t_m2c": [198.78404235839844, -18.82557487487793, 853.95458984375], "obj_id": 3}, {"cam_R_m2c": [-0.11587747186422348, 0.9931939244270325, 0.011759141460061073, 0.23456694185733795, 0.038867462426424026, -0.9713226556777954, -0.9651687741279602, -0.10979609191417694, -0.23747433722019196], "cam_t_m2c": [198.78404235839844, -18.82557487487793, 853.95458984375], "obj_id": 1}, {"cam_R_m2c": [-0.11587747186422348, 0.9931939244270325, 0.011759141460061073, 0.23456694185733795, 0.038867462426424026, -0.9713226556777954, -0.9651687741279602, -0.10979609191417694, -0.23747433722019196], "cam_t_m2c": [198.78404235839844, -18.82557487487793, 853.95458984375], "obj_id": 1}, {"cam_R_m2c": [-0.11587747186422348, 0.9931939244270325, 0.011759141460061073, 0.23456694185733795, 0.038867462426424026, -0.9713226556777954, -0.9651687741279602, -0.10979609191417694, -0.23747433722019196], "cam_t_m2c": [198.78404235839844, -18.82557487487793, 853.95458984375], "obj_id": 0}, {"cam_R_m2c": [0.1258879154920578, 0.45363369584083557, 0.882252037525177, -0.8431541323661804, 0.5175285339355469, -0.14579220116138458, -0.522726833820343, -0.7255209684371948, 0.4476337134838104], "cam_t_m2c": [500.42681884765625, 100.13742065429688, 496.74072265625], "obj_id": 2}, {"cam_R_m2c": [0.9984550476074219, -0.047671303153038025, 0.028546666726469994, -0.001493407879024744, -0.5365903377532959, -0.8438414931297302, 0.0555448941886425, 0.8424952030181885, -0.5358325242996216], "cam_t_m2c": [290.96502685546875, -49.219810485839844, 1015.8619995117188], "obj_id": 3}, {"cam_R_m2c": [0.23041927814483643, 0.7246694564819336, 0.6494313478469849, -0.8569939136505127, 0.46725788712501526, -0.2173280119895935, -0.4609428942203522, -0.5064821839332581, 0.7287025451660156], "cam_t_m2c": [444.5120849609375, 4.769338130950928, 884.0485229492188], "obj_id": 4}],
  "3": [{"cam_R_m2c": [-0.5700183510780334, 0.8105067610740662, -0.13475064933300018, 0.5768570303916931, 0.27799805998802185, -0.7680839896202087, -0.5850768685340881, -0.515553891658783, -0.626010537147522], "cam_t_m2c": [234.04652404785156, -52.35232162475586, 780.2230834960938], "obj_id": 0}, {"cam_R_m2c": [-0.5700183510780334, 0.8105067610740662, -0.13475064933300018, 0.5768570303916931, 0.27799805998802185, -0.7680839896202087, -0.5850768685340881, -0.515553891658783, -0.626010537147522], "cam_t_m2c": [234.04652404785156, -52.35232162475586, 780.2230834960938], "obj_id": 1}, {"cam_R_m2c": [-0.5700183510780334, 0.8105067610740662, -0.13475064933300018, 0.5768570303916931, 0.27799805998802185, -0.7680839896202087, -0.5850768685340881, -0.515553891658783, -0.626010537147522], "cam_t_m2c": [234.04652404785156, -52.35232162475586, 780.2230834960938], "obj_id": 0}, {"cam_R_m2c": [-0.5700183510780334, 0.8105067610740662, -0.13475064933300018, 0.5768570303916931, 0.27799805998802185, -0.7680839896202087, -0.5850768685340881, -0.515553891658783, -0.626010537147522], "cam_t_m2c": [234.04652404785156, -52.35232162475586, 780.2230834960938], "obj_id": 3}, {"cam_R_m2c": [-0.5700183510780334, 0.8105067610740662, -0.13475064933300018, 0.5768570303916931, 0.27799805998802185, -0.7680839896202087, -0.5850768685340881, -0.515553891658783, -0.626010537147522], "cam_t_m2c": [234.04652404785156, -52.35232162475586, 780.2230834960938], "obj_id": 3}, {"cam_R_m2c": [-0.5700183510780334, 0.8105067610740662, -0.13475064933300018, 0.5768570303916931, 0.27799805998802185, -0.7680839896202087, -0.5850768685340881, -0.515553891658783, -0.626010537147522], "cam_t_m2c": [234.04652404785156, -52.35232162475586, 780.2230834960938], "obj_id": 2}, {"cam_R_m2c": [-0.5700183510780334, 0.8105067610740662, -0.13475064933300018, 0.5768570303916931, 0.27799805998802185, -0.7680839896202087, -0.5850768685340881, -0.515553891658783, -0.626010537147522], "cam_t_m2c": [234.04652404785156, -52.35232162475586, 780.2230834960938], "obj_id": 2}, {"cam_R_m2c": [-0.5700183510780334, 0.8105067610740662, -0.13475064933300018, 0.5768570303916931, 0.27799805998802185, -0.7680839896202087, -0.5850768685340881, -0.515553891658783, -0.626010537147522], "cam_t_m2c": [234.04652404785156, -52.35232162475586, 780.2230834960938], "obj_id": 0}, {"cam_R_m2c": [-0.5700183510780334, 0.8105067610740662, -0.13475064933300018, 0.5768570303916931, 0.27799805998802185, -0.7680839896202087, -0.5850768685340881, -0.515553891658783, -0.626010537147522], "cam_t_m2c": [234.04652404785156, -52.35232162475586, 780.2230834960938], "obj_id": 3}, {"cam_R_m2c": [-0.5700183510780334, 0.8105067610740662, -0.13475064933300018, 0.5768570303916931, 0.27799805998802185, -0.7680839896202087, -0.5850768685340881, -0.515553891658783, -0.626010537147522], "cam_t_m2c": [234.04652404785156, -52.35232162475586, 780.2230834960938], "obj_id": 1}, {"cam_R_m2c": [-0.5700183510780334, 0.8105067610740662, -0.13475064933300018, 0.5768570303916931, 0.27799805998802185, -0.7680839896202087, -0.5850768685340881, -0.515553891658783, -0.626010537147522], "cam_t_m2c": [234.04652404785156, -52.35232162475586, 780.2230834960938], "obj_id": 1}, {"cam_R_m2c": [-0.5700183510780334, 0.8105067610740662, -0.13475064933300018, 0.5768570303916931, 0.27799805998802185, -0.7680839896202087, -0.5850768685340881, -0.515553891658783, -0.626010537147522], "cam_t_m2c": [234.04652404785156, -52.35232162475586, 780.2230834960938], "obj_id": 0}, {"cam_R_m2c": [-0.1725233793258667, 0.051451511681079865, 0.983660876750946, -0.5153884291648865, 0.8463103771209717, -0.13466067612171173, -0.8394109606742859, -0.5301994681358337, -0.1194908395409584], "cam_t_m2c": [323.5560607910156, 258.81243896484375, 422.58233642578125], "obj_id": 2}, {"cam_R_m2c": [0.8954653739929199, 0.35865774750709534, -0.2636405825614929, 0.17609797418117523, -0.829392671585083, -0.530185878276825, -0.4088169038295746, 0.428336501121521, -0.8058512806892395], "cam_t_m2c": [393.170654296875, -126.5661849975586, 849.5552368164062], "obj_id": 3}, {"cam_R_m2c": [-0.05156440660357475, 0.393687903881073, 0.917796790599823, -0.531821072101593, 0.7670436501502991, -0.358901709318161, -0.8452854752540588, -0.5066102147102356, 0.16981936991214752], "cam_t_m2c": [463.2150573730469, 5.71573543548584, 703.0574340820312], "obj_id": 4}],
  "4": [{"cam_R_m2c": [-0.5700183510780334, 0.8105067610740662, -0.13475064933300018, 0.5768570303916931, 0.27799805998802185, -0.7680839896202087, -0.5850768685340881, -0.515553891658783, -0.626010537147522], "cam_t_m2c": [234.04652404785156, -52.35232162475586, 780.2230834960938], "obj_id": 0}, {"cam_R_m2c": [-0.5700183510780334, 0.8105067610740662, -0.13475064933300018, 0.5768570303916931, 0.27799805998802185, -0.7680839896202087, -0.5850768685340881, -0.515553891658783, -0.626010537147522], "cam_t_m2c": [234.04652404785156, -52.35232162475586, 780.2230834960938], "obj_id": 1}, {"cam_R_m2c": [-0.5700183510780334, 0.8105067610740662, -0.13475064933300018, 0.5768570303916931, 0.27799805998802185, -0.7680839896202087, -0.5850768685340881, -0.515553891658783, -0.626010537147522], "cam_t_m2c": [234.04652404785156, -52.35232162475586, 780.2230834960938], "obj_id": 0}, {"cam_R_m2c": [-0.5700183510780334, 0.8105067610740662, -0.13475064933300018, 0.5768570303916931, 0.27799805998802185, -0.7680839896202087, -0.5850768685340881, -0.515553891658783, -0.626010537147522], "cam_t_m2c": [234.04652404785156, -52.35232162475586, 780.2230834960938], "obj_id": 3}, {"cam_R_m2c": [-0.5700183510780334, 0.8105067610740662, -0.13475064933300018, 0.5768570303916931, 0.27799805998802185, -0.7680839896202087, -0.5850768685340881, -0.515553891658783, -0.626010537147522], "cam_t_m2c": [234.04652404785156, -52.35232162475586, 780.2230834960938], "obj_id": 3}, {"cam_R_m2c": [-0.5700183510780334, 0.8105067610740662, -0.13475064933300018, 0.5768570303916931, 0.27799805998802185, -0.7680839896202087, -0.5850768685340881, -0.515553891658783, -0.626010537147522], "cam_t_m2c": [234.04652404785156, -52.35232162475586, 780.2230834960938], "obj_id": 2}, {"cam_R_m2c": [-0.5700183510780334, 0.8105067610740662, -0.13475064933300018, 0.5768570303916931, 0.27799805998802185, -0.7680839896202087, -0.5850768685340881, -0.515553891658783, -0.626010537147522], "cam_t_m2c": [234.04652404785156, -52.35232162475586, 780.2230834960938], "obj_id": 2}, {"cam_R_m2c": [-0.5700183510780334, 0.8105067610740662, -0.13475064933300018, 0.5768570303916931, 0.27799805998802185, -0.7680839896202087, -0.5850768685340881, -0.515553891658783, -0.626010537147522], "cam_t_m2c": [234.04652404785156, -52.35232162475586, 780.2230834960938], "obj_id": 0}, {"cam_R_m2c": [-0.5700183510780334, 0.8105067610740662, -0.13475064933300018, 0.5768570303916931, 0.27799805998802185, -0.7680839896202087, -0.5850768685340881, -0.515553891658783, -0.626010537147522], "cam_t_m2c": [234.04652404785156, -52.35232162475586, 780.2230834960938], "obj_id": 3}, {"cam_R_m2c": [-0.5700183510780334, 0.8105067610740662, -0.13475064933300018, 0.5768570303916931, 0.27799805998802185, -0.7680839896202087, -0.5850768685340881, -0.515553891658783, -0.626010537147522], "cam_t_m2c": [234.04652404785156, -52.35232162475586, 780.2230834960938], "obj_id": 1}, {"cam_R_m2c": [-0.5700183510780334, 0.8105067610740662, -0.13475064933300018, 0.5768570303916931, 0.27799805998802185, -0.7680839896202087, -0.5850768685340881, -0.515553891658783, -0.626010537147522], "cam_t_m2c": [234.04652404785156, -52.35232162475586, 780.2230834960938], "obj_id": 1}, {"cam_R_m2c": [-0.5700183510780334, 0.8105067610740662, -0.13475064933300018, 0.5768570303916931, 0.27799805998802185, -0.7680839896202087, -0.5850768685340881, -0.515553891658783, -0.626010537147522], "cam_t_m2c": [234.04652404785156, -52.35232162475586, 780.2230834960938], "obj_id": 0}, {"cam_R_m2c": [-0.1725233793258667, 0.051451511681079865, 0.983660876750946, -0.5153884291648865, 0.8463103771209717, -0.13466067612171173, -0.8394109606742859, -0.5301994681358337, -0.1194908395409584], "cam_t_m2c": [323.5560607910156, 258.81243896484375, 422.58233642578125], "obj_id": 2}, {"cam_R_m2c": [0.8954653739929199, 0.35865774750709534, -0.2636405825614929, 0.17609797418117523, -0.829392671585083, -0.530185878276825, -0.4088169038295746, 0.428336501121521, -0.8058512806892395], "cam_t_m2c": [393.170654296875, -126.5661849975586, 849.5552368164062], "obj_id": 3}, {"cam_R_m2c": [-0.05156440660357475, 0.393687903881073, 0.917796790599823, -0.531821072101593, 0.7670436501502991, -0.358901709318161, -0.8452854752540588, -0.5066102147102356, 0.16981936991214752], "cam_t_m2c": [463.2150573730469, 5.71573543548584, 703.0574340820312], "obj_id": 4}]
}