{
  "0": [{"cam_R_m2c": [-0.39337781071662903, -0.9116529822349548, 0.11892352998256683, -0.20975589752197266, -0.036945637315511703, -0.977055549621582, 0.8951292634010315, -0.40929684042930603, -0.17669101059436798], "cam_t_m2c": [-10.563605308532715, -4.347691059112549, 286.3435974121094], "obj_id": 1}, {"cam_R_m2c": [-0.39337781071662903, -0.9116529822349548, 0.11892352998256683, -0.20975589752197266, -0.036945637315511703, -0.977055549621582, 0.8951292634010315, -0.40929684042930603, -0.17669101059436798], "cam_t_m2c": [-10.563605308532715, -4.347691059112549, 286.3435974121094], "obj_id": 2}, {"cam_R_m2c": [-0.39337781071662903, -0.9116529822349548, 0.11892352998256683, -0.20975589752197266, -0.036945637315511703, -0.977055549621582, 0.8951292634010315, -0.40929684042930603, -0.17669101059436798], "cam_t_m2c": [-10.563605308532715, -4.347691059112549, 286.3435974121094], "obj_id": 0}, {"cam_R_m2c": [-0.39337781071662903, -0.9116529822349548, 0.11892352998256683, -0.20975589752197266, -0.036945637315511703, -0.977055549621582, 0.8951292634010315, -0.40929684042930603, -0.17669101059436798], "cam_t_m2c": [-10.563605308532715, -4.347691059112549, 286.3435974121094], "obj_id": 1}, {"cam_R_m2c": [-0.39337781071662903, -0.9116529822349548, 0.11892352998256683, -0.20975589752197266, -0.036945637315511703, -0.977055549621582, 0.8951292634010315, -0.40929684042930603, -0.17669101059436798], "cam_t_m2c": [-10.563605308532715, -4.347691059112549, 286.3435974121094], "obj_id": 3}, {"cam_R_m2c": [-0.39337781071662903, -0.9116529822349548, 0.11892352998256683, -0.20975589752197266, -0.036945637315511703, -0.977055549621582, 0.8951292634010315, -0.40929684042930603, -0.17669101059436798], "cam_t_m2c": [-10.563605308532715, -4.347691059112549, 286.3435974121094], "obj_id": 2}, {"cam_R_m2c": [-0.39337781071662903, -0.9116529822349548, 0.11892352998256683, -0.20975589752197266, -0.036945637315511703, -0.977055549621582, 0.8951292634010315, -0.40929684042930603, -0.17669101059436798], "cam_t_m2c": [-10.563605308532715, -4.347691059112549, 286.3435974121094], "obj_id": 0}, {"cam_R_m2c": [-0.39337781071662903, -0.9116529822349548, 0.11892352998256683, -0.20975589752197266, -0.036945637315511703, -0.977055549621582, 0.8951292634010315, -0.40929684042930603, -0.17669101059436798], "cam_t_m2c": [-10.563605308532715, -4.347691059112549, 286.3435974121094], "obj_id": 1}, {"cam_R_m2c": [-0.39337781071662903, -0.9116529822349548, 0.11892352998256683, -0.20975589752197266, -0.036945637315511703, -0.977055549621582, 0.8951292634010315, -0.40929684042930603, -0.17669101059436798], "cam_t_m2c": [-10.563605308532715, -4.347691059112549, 286.3435974121094], "obj_id": 2}, {"cam_R_m2c": [-0.39337781071662903, -0.9116529822349548, 0.11892352998256683, -0.20975589752197266, -0.036945637315511703, -0.977055549621582, 0.8951292634010315, -0.40929684042930603, -0.17669101059436798], "cam_t_m2c": [-10.563605308532715, -4.347691059112549, 286.3435974121094], "obj_id": 2}, {"cam_R_m2c": [-0.39337781071662903, -0.9116529822349548, 0.11892352998256683, -0.20975589752197266, -0.036945637315511703, -0.977055549621582, 0.8951292634010315, -0.40929684042930603, -0.17669101059436798], "cam_t_m2c": [-10.563605308532715, -4.347691059112549, 286.3435974121094], "obj_id": 3}, {"cam_R_m2c": [-0.39337781071662903, -0.9116529822349548, 0.11892352998256683, -0.20975589752197266, -0.036945637315511703, -0.977055549621582, 0.8951292634010315, -0.40929684042930603, -0.17669101059436798], "cam_t_m2c": [-10.563605308532715, -4.347691059112549, 286.3435974121094], "obj_id": 2}, {"cam_R_m2c": [-0.39337781071662903, -0.9116529822349548, 0.11892352998256683, -0.20975589752197266, -0.036945637315511703, -0.977055549621582, 0.8951292634010315, -0.40929684042930603, -0.17669101059436798], "cam_t_m2c": [-10.563605308532715, -4.347691059112549, 286.3435974121094], "obj_id": 3}, {"cam_R_m2c": [-0.39337781071662903, -0.9116529822349548, 0.11892352998256683, -0.20975589752197266, -0.036945637315511703, -0.977055549621582, 0.8951292634010315, -0.40929684042930603, -0.17669101059436798], "cam_t_m2c": [-10.563605308532715, -4.347691059112549, 286.3435974121094], "obj_id": 1}, {"cam_R_m2c": [-0.39337781071662903, -0.9116529822349548, 0.11892352998256683, -0.20975589752197266, -0.036945637315511703, -0.977055549621582, 0.8951292634010315, -0.40929684042930603, -0.17669101059436798], "cam_t_m2c": [-10.563605308532715, -4.347691059112549, 286.3435974121094], "obj_id": 0}, {"cam_R_m2c": [-0.39337781071662903, -0.9116529822349548, 0.11892352998256683, -0.20975589752197266, -0.036945637315511703, -0.977055549621582, 0.8951292634010315, -0.40929684042930603, -0.17669101059436798], "cam_t_m2c": [-10.563605308532715, -4.347691059112549, 286.3435974121094], "obj_id": 0}, {"cam_R_m2c": [-0.39337781071662903, -0.9116529822349548, 0.11892352998256683, -0.20975589752197266, -0.036945637315511703, -0.977055549621582, 0.8951292634010315, -0.40929684042930603, -0.17669101059436798], "cam_t_m2c": [-10.563605308532715, -4.347691059112549, 286.3435974121094], "obj_id": 2}, {"cam_R_m2c": [-0.39337781071662903, -0.9116529822349548, 0.11892352998256683, -0.20975589752197266, -0.036945637315511703, -0.977055549621582, 0.8951292634010315, -0.40929684042930603, -0.17669101059436798], "cam_t_m2c": [-10.563605308532715, -4.347691059112549, 286.3435974121094], "obj_id": 2}, {"cam_R_m2c": [-0.39337781071662903, -0.9116529822349548, 0.11892352998256683, -0.20975589752197266, -0.036945637315511703, -0.977055549621582, 0.8951292634010315, -0.40929684042930603, -0.17669101059436798], "cam_t_m2c": [-10.563605308532715, -4.347691059112549, 286.3435974121094], "obj_id": 0}, {"cam_R_m2c": [-0.39337781071662903, -0.9116529822349548, 0.11892352998256683, -0.20975589752197266, -0.036945637315511703, -0.977055549621582, 0.8951292634010315, -0.40929684042930603, -0.17669101059436798], "cam_t_m2c": [-10.563605308532715, -4.347691059112549, 286.3435974121094], "obj_id": 3}, {"cam_R_m2c": [-0.39337781071662903, -0.9116529822349548, 0.11892352998256683, -0.20975589752197266, -0.036945637315511703, -0.977055549621582, 0.8951292634010315, -0.40929684042930603, -0.17669101059436798], "cam_t_m2c": [-10.563605308532715, -4.347691059112549, 286.3435974121094], "obj_id": 3}, {"cam_R_m2c": [-0.39337781071662903, -0.9116529822349548, 0.11892352998256683, -0.20975589752197266, -0.036945637315511703, -0.977055549621582, 0.8951292634010315, -0.40929684042930603, -0.17669101059436798], "cam_t_m2c": [-10.563605308532715, -4.347691059112549, 286.3435974121094], "obj_id": 1}, {"cam_R_m2c": [-0.39337781071662903, -0.9116529822349548, 0.11892352998256683, -0.20975589752197266, -0.036945637315511703, -0.977055549621582, 0.8951292634010315, -0.40929684042930603, -0.17669101059436798], "cam_t_m2c": [-10.563605308532715, -4.347691059112549, 286.3435974121094], "obj_id": 1}, {"cam_R_m2c": [-0.39337781071662903, -0.9116529822349548, 0.11892352998256683, -0.20975589752197266, -0.036945637315511703, -0.977055549621582, 0.8951292634010315, -0.40929684042930603, -0.17669101059436798], "cam_t_m2c": [-10.563605308532715, -4.347691059112549, 286.3435974121094], "obj_id": 2}, {"cam_R_m2c": [0.7993394732475281, 0.41420772671699524, 0.43530258536338806, -0.2877730131149292, 0.8998489379882812, -0.32780882716178894, -0.5274875164031982, 0.13676221668720245, 0.8384825587272644], "cam_t_m2c": [-25.422971725463867, -16.661794662475586, 180.53973388671875], "obj_id": 3}, {"cam_R_m2c": [-0.9100596904754639, 0.4141622483730316, -0.016155902296304703, 0.3226735293865204, 0.732414186000824, 0.599542498588562, 0.26014068722724915, 0.5404064059257507, -0.8001798391342163], "cam_t_m2c": [117.09905242919922, -14.785897254943848, 278.9541320800781], "obj_id": 3}, {"cam_R_m2c": [-0.6943076252937317, -0.5999955534934998, 0.3974195122718811, 0.49086591601371765, 0.009025584906339645, 0.8711883425712585, -0.526296079158783, 0.7999523878097534, 0.2882508635520935], "cam_t_m2c": [-20.80135726928711, -58.04092788696289, 385.6561279296875], "obj_id": 3}, {"cam_R_m2c": [-0.6837159395217896, -0.22600291669368744, -0.6938695907592773, 0.6725261211395264, 0.17394500970840454, -0.7193411588668823, 0.2832683026790619, -0.9584705233573914, 0.03306397423148155], "cam_t_m2c": [-1008.0377807617188, 7693.52490234375, 1548.66845703125], "obj_id": 0}, {"cam_R_m2c": [-0.9770331382751465, 0.10680391639471054, -0.18438838422298431, 0.08727975189685822, 0.9899852871894836, 0.11095649749040604, 0.1943923681974411, 0.09231480956077576, -0.9765703082084656], "cam_t_m2c": [-1263.4752197265625, 7875.53857421875, 1730.367431640625], "obj_id": 2}, {"cam_R_m2c": [0.2346680760383606, 0.6597368717193604, -0.7139173746109009, -0.6751583218574524, -0.41775697469711304, -0.6079803705215454, -0.6993511319160461, 0.6246808171272278, 0.3473927080631256], "cam_t_m2c": [-112.86944580078125, -33.096046447753906, 168.9615936279297], "obj_id": 1}, {"cam_R_m2c": [-0.6406588554382324, -0.6607444882392883, -0.39111748337745667, -0.4804227948188782, 0.7423065900802612, -0.4670919179916382, 0.5989574790000916, -0.1113448217511177, -0.7930019497871399], "cam_t_m2c": [-846.5028686523438, 7791.28125, 1756.412353515625], "obj_id": 0}, {"cam_R_m2c": [-0.2735004723072052, 0.9308521151542664, -0.24230524897575378, -0.5663751363754272, 0.04775822162628174, 0.8227626085281372, 0.7774423956871033, 0.3622616231441498, 0.5141496062278748], "cam_t_m2c": [-103.43209075927734, 23.568923950195312, 130.1475067138672], "obj_id": 1}],
  "1": [{"cam_R_m2c": [0.8332505822181702, -0.5517649054527283, 0.035341039299964905, -0.1824759989976883, -0.3347794711589813, -0.9244593977928162, 0.5219157338142395, 0.7638574242591858, -0.37963902950286865], "cam_t_m2c": [112.51917266845703, 10.74186897277832, 206.57542419433594], "obj_id": 1}, {"cam_R_m2c": [0.8332505822181702, -0.5517649054527283, 0.035341039299964905, -0.1824759989976883, -0.3347794711589813, -0.9244593977928162, 0.5219157338142395, 0.7638574242591858, -0.37963902950286865], "cam_t_m2c": [112.51917266845703, 10.74186897277832, 206.57542419433594], "obj_id": 2}, {"cam_R_m2c": [0.8332505822181702, -0.5517649054527283, 0.035341039299964905, -0.1824759989976883, -0.3347794711589813, -0.9244593977928162, 0.5219157338142395, 0.7638574242591858, -0.37963902950286865], "cam_t_m2c": [112.51917266845703, 10.74186897277832, 206.57542419433594], "obj_id": 0}, {"cam_R_m2c": [0.8332505822181702, -0.5517649054527283, 0.035341039299964905, -0.1824759989976883, -0.3347794711589813, -0.9244593977928162, 0.5219157338142395, 0.7638574242591858, -0.37963902950286865], "cam_t_m2c": [112.51917266845703, 10.74186897277832, 206.57542419433594], "obj_id": 1}, {"cam_R_m2c": [0.8332505822181702, -0.5517649054527283, 0.035341039299964905, -0.1824759989976883, -0.3347794711589813, -0.9244593977928162, 0.5219157338142395, 0.7638574242591858, -0.37963902950286865], "cam_t_m2c": [112.51917266845703, 10.74186897277832, 206.57542419433594], "obj_id": 3}, {"cam_R_m2c": [0.8332505822181702, -0.5517649054527283, 0.035341039299964905, -0.1824759989976883, -0.3347794711589813, -0.9244593977928162, 0.5219157338142395, 0.7638574242591858, -0.37963902950286865], "cam_t_m2c": [112.51917266845703, 10.74186897277832, 206.57542419433594], "obj_id": 2}, {"cam_R_m2c": [0.8332505822181702, -0.5517649054527283, 0.035341039299964905, -0.1824759989976883, -0.3347794711589813, -0.9244593977928162, 0.5219157338142395, 0.7638574242591858, -0.37963902950286865], "cam_t_m2c": [112.51917266845703, 10.74186897277832, 206.57542419433594], "obj_id": 0}, {"cam_R_m2c": [0.8332505822181702, -0.5517649054527283, 0.035341039299964905, -0.1824759989976883, -0.3347794711589813, -0.9244593977928162, 0.5219157338142395, 0.7638574242591858, -0.37963902950286865], "cam_t_m2c": [112.51917266845703, 10.74186897277832, 206.57542419433594], "obj_id": 1}, {"cam_R_m2c": [0.8332505822181702, -0.5517649054527283, 0.035341039299964905, -0.1824759989976883, -0.3347794711589813, -0.9244593977928162, 0.5219157338142395, 0.7638574242591858, -0.37963902950286865], "cam_t_m2c": [112.51917266845703, 10.74186897277832, 206.57542419433594], "obj_id": 2}, {"cam_R_m2c": [0.8332505822181702, -0.5517649054527283, 0.035341039299964905, -0.1824759989976883, -0.3347794711589813, -0.9244593977928162, 0.5219157338142395, 0.7638574242591858, -0.37963902950286865], "cam_t_m2c": [112.51917266845703, 10.74186897277832, 206.57542419433594], "obj_id": 2}, {"cam_R_m2c": [0.8332505822181702, -0.5517649054527283, 0.035341039299964905, -0.1824759989976883, -0.3347794711589813, -0.9244593977928162, 0.5219157338142395, 0.7638574242591858, -0.37963902950286865], "cam_t_m2c": [112.51917266845703, 10.74186897277832, 206.57542419433594], "obj_id": 3}, {"cam_R_m2c": [0.8332505822181702, -0.5517649054527283, 0.035341039299964905, -0.1824759989976883, -0.3347794711589813, -0.9244593977928162, 0.5219157338142395, 0.7638574242591858, -0.37963902950286865], "cam_t_m2c": [112.51917266845703, 10.74186897277832, 206.57542419433594], "obj_id": 2}, {"cam_R_m2c": [0.8332505822181702, -0.5517649054527283, 0.035341039299964905, -0.1824759989976883, -0.3347794711589813, -0.9244593977928162, 0.5219157338142395, 0.7638574242591858, -0.37963902950286865], "cam_t_m2c": [112.51917266845703, 10.74186897277832, 206.57542419433594], "obj_id": 3}, {"cam_R_m2c": [0.8332505822181702, -0.5517649054527283, 0.035341039299964905, -0.1824759989976883, -0.3347794711589813, -0.9244593977928162, 0.5219157338142395, 0.7638574242591858, -0.37963902950286865], "cam_t_m2c": [112.51917266845703, 10.74186897277832, 206.57542419433594], "obj_id": 1}, {"cam_R_m2c": [0.8332505822181702, -0.5517649054527283, 0.035341039299964905, -0.1824759989976883, -0.3347794711589813, -0.9244593977928162, 0.5219157338142395, 0.7638574242591858, -0.37963902950286865], "cam_t_m2c": [112.51917266845703, 10.74186897277832, 206.57542419433594], "obj_id": 0}, {"cam_R_m2c": [0.8332505822181702, -0.5517649054527283, 0.035341039299964905, -0.1824759989976883, -0.3347794711589813, -0.9244593977928162, 0.5219157338142395, 0.7638574242591858, -0.37963902950286865], "cam_t_m2c": [112.51917266845703, 10.74186897277832, 206.57542419433594], "obj_id": 0}, {"cam_R_m2c": [0.8332505822181702, -0.5517649054527283, 0.035341039299964905, -0.1824759989976883, -0.3347794711589813, -0.9244593977928162, 0.5219157338142395, 0.7638574242591858, -0.37963902950286865], "cam_t_m2c": [112.51917266845703, 10.74186897277832, 206.57542419433594], "obj_id": 2}, {"cam_R_m2c": [0.8332505822181702, -0.5517649054527283, 0.035341039299964905, -0.1824759989976883, -0.3347794711589813, -0.9244593977928162, 0.5219157338142395, 0.7638574242591858, -0.37963902950286865], "cam_t_m2c": [112.51917266845703, 10.74186897277832, 206.57542419433594], "obj_id": 2}, {"cam_R_m2c": [0.8332505822181702, -0.5517649054527283, 0.035341039299964905, -0.1824759989976883, -0.3347794711589813, -0.9244593977928162, 0.5219157338142395, 0.7638574242591858, -0.37963902950286865], "cam_t_m2c": [112.51917266845703, 10.74186897277832, 206.57542419433594], "obj_id": 0}, {"cam_R_m2c": [0.8332505822181702, -0.5517649054527283, 0.035341039299964905, -0.1824759989976883, -0.3347794711589813, -0.9244593977928162, 0.5219157338142395, 0.7638574242591858, -0.37963902950286865], "cam_t_m2c": [112.51917266845703, 10.74186897277832, 206.57542419433594], "obj_id": 3}, {"cam_R_m2c": [0.8332505822181702, -0.5517649054527283, 0.035341039299964905, -0.1824759989976883, -0.3347794711589813, -0.9244593977928162, 0.5219157338142395, 0.7638574242591858, -0.37963902950286865], "cam_t_m2c": [112.51917266845703, 10.74186897277832, 206.57542419433594], "obj_id": 3}, {"cam_R_m2c": [0.8332505822181702, -0.5517649054527283, 0.035341039299964905, -0.1824759989976883, -0.3347794711589813, -0.9244593977928162, 0.5219157338142395, 0.7638574242591858, -0.37963902950286865], "cam_t_m2c": [112.51917266845703, 10.74186897277832, 206.57542419433594], "obj_id": 1}, {"cam_R_m2c": [0.8332505822181702, -0.5517649054527283, 0.035341039299964905, -0.1824759989976883, -0.3347794711589813, -0.9244593977928162, 0.5219157338142395, 0.7638574242591858, -0.37963902950286865], "cam_t_m2c": [112.51917266845703, 10.74186897277832, 206.57542419433594], "obj_id": 1}, {"cam_R_m2c": [0.8332505822181702, -0.5517649054527283, 0.035341039299964905, -0.1824759989976883, -0.3347794711589813, -0.9244593977928162, 0.5219157338142395, 0.7638574242591858, -0.37963902950286865], "cam_t_m2c": [112.51917266845703, 10.74186897277832, 206.57542419433594], "obj_id": 2}, {"cam_R_m2c": [-0.31146737933158875, 0.03635994344949722, 0.9495608806610107, -0.13332578539848328, 0.9877111315727234, -0.08155323565006256, -0.9408571124076843, -0.15200214087963104, -0.30279210209846497], "cam_t_m2c": [10.030046463012695, -19.4706974029541, 194.32481384277344], "obj_id": 3}, {"cam_R_m2c": [0.026894215494394302, 0.45768579840660095, -0.8887071013450623, 0.10041575133800507, 0.8832949995994568, 0.4579373300075531, 0.994581937789917, -0.10155603289604187, -0.022203335538506508], "cam_t_m2c": [130.2645721435547, 33.864013671875, 81.62831115722656], "obj_id": 3}, {"cam_R_m2c": [-0.7254388928413391, 0.6629530787467957, 0.1850181519985199, 0.21070453524589539, -0.042000290006399155, 0.976647138595581, 0.6552420258522034, 0.7474819421768188, -0.10921864956617355], "cam_t_m2c": [216.70814514160156, -29.601001739501953, 225.755126953125], "obj_id": 3}, {"cam_R_m2c": [0.023742057383060455, -0.9987793564796448, 0.0433155819773674, 0.497750461101532, -0.02576577290892601, -0.8669375777244568, 0.8669953346252441, 0.04214329272508621, 0.49653103947639465], "cam_t_m2c": [-302.057861328125, 7260.28564453125, 3226.159423828125], "obj_id": 0}, {"cam_R_m2c": [-0.004129126667976379, -0.07874125242233276, -0.9968864917755127, -0.15101882815361023, 0.9855104088783264, -0.07721715420484543, 0.9885221719741821, 0.1502297967672348, -0.015960710123181343], "cam_t_m2c": [-206.85714721679688, 7390.59130859375, 3550.734130859375], "obj_id": 2}, {"cam_R_m2c": [-0.5055321455001831, 0.8004101514816284, 0.32215070724487305, -0.6771923303604126, -0.1367170661687851, -0.7229931950569153, -0.5346475839614868, -0.5836541652679443, 0.6111463308334351], "cam_t_m2c": [-13.734593391418457, -60.08584976196289, 270.7229309082031], "obj_id": 1}, {"cam_R_m2c": [0.554072916507721, -0.36630138754844666, -0.747546911239624, -0.5472819805145264, 0.5163748264312744, -0.6586648225784302, 0.6272842884063721, 0.7740673422813416, 0.08563914149999619], "cam_t_m2c": [-90.97260284423828, 7425.13818359375, 3142.05224609375], "obj_id": 0}, {"cam_R_m2c": [0.8085134029388428, 0.5077567100524902, 0.2974713444709778, -0.506766140460968, 0.34377527236938477, 0.7905736565589905, 0.2991558015346527, -0.7899377942085266, 0.535260796546936], "cam_t_m2c": [-60.21994400024414, -8.832018852233887, 266.401611328125], "obj_id": 1}]
}