{
  "0": [{"cam_R_m2c": [-0.7415421605110168, 0.6294447183609009, -0.232195183634758, 0.3471011519432068, 0.06376248598098755, -0.9356576204299927, -0.5741393566131592, -0.7744247913360596, -0.2657635807991028], "cam_t_m2c": [-88.38670349121094, 179.89715576171875, 314.7140197753906], "obj_id": 3}, {"cam_R_m2c": [-0.7415421605110168, 0.6294447183609009, -0.232195183634758, 0.3471011519432068, 0.06376248598098755, -0.9356576204299927, -0.5741393566131592, -0.7744247913360596, -0.2657635807991028], "cam_t_m2c": [-88.38670349121094, 179.89715576171875, 314.7140197753906], "obj_id": 0}, {"cam_R_m2c": [-0.7415421605110168, 0.6294447183609009, -0.232195183634758, 0.3471011519432068, 0.06376248598098755, -0.9356576204299927, -0.5741393566131592, -0.7744247913360596, -0.2657635807991028], "cam_t_m2c": [-88.38670349121094, 179.89715576171875, 314.7140197753906], "obj_id": 3}, {"cam_R_m2c": [-0.7415421605110168, 0.6294447183609009, -0.232195183634758, 0.3471011519432068, 0.06376248598098755, -0.9356576204299927, -0.5741393566131592, -0.7744247913360596, -0.2657635807991028], "cam_t_m2c": [-88.38670349121094, 179.89715576171875, 314.7140197753906], "obj_id": 3}, {"cam_R_m2c": [-0.7415421605110168, 0.6294447183609009, -0.232195183634758, 0.3471011519432068, 0.06376248598098755, -0.9356576204299927, -0.5741393566131592, -0.7744247913360596, -0.2657635807991028], "cam_t_m2c": [-88.38670349121094, 179.89715576171875, 314.7140197753906], "obj_id": 2}, {"cam_R_m2c": [-0.7415421605110168, 0.6294447183609009, -0.232195183634758, 0.3471011519432068, 0.06376248598098755, -0.9356576204299927, -0.5741393566131592, -0.7744247913360596, -0.2657635807991028], "cam_t_m2c": [-88.38670349121094, 179.89715576171875, 314.7140197753906], "obj_id": 0}, {"cam_R_m2c": [-0.7415421605110168, 0.6294447183609009, -0.232195183634758, 0.3471011519432068, 0.06376248598098755, -0.9356576204299927, -0.5741393566131592, -0.7744247913360596, -0.2657635807991028], "cam_t_m2c": [-88.38670349121094, 179.89715576171875, 314.7140197753906], "obj_id": 0}, {"cam_R_m2c": [-0.7415421605110168, 0.6294447183609009, -0.232195183634758, 0.3471011519432068, 0.06376248598098755, -0.9356576204299927, -0.5741393566131592, -0.7744247913360596, -0.2657635807991028], "cam_t_m2c": [-88.38670349121094, 179.89715576171875, 314.7140197753906], "obj_id": 1}, {"cam_R_m2c": [-0.7415421605110168, 0.6294447183609009, -0.232195183634758, 0.3471011519432068, 0.06376248598098755, -0.9356576204299927, -0.5741393566131592, -0.7744247913360596, -0.2657635807991028], "cam_t_m2c": [-88.38670349121094, 179.89715576171875, 314.7140197753906], "obj_id": 1}, {"cam_R_m2c": [-0.7415421605110168, 0.6294447183609009, -0.232195183634758, 0.3471011519432068, 0.06376248598098755, -0.9356576204299927, -0.5741393566131592, -0.7744247913360596, -0.2657635807991028], "cam_t_m2c": [-88.38670349121094, 179.89715576171875, 314.7140197753906], "obj_id": 1}, {"cam_R_m2c": [-0.7415421605110168, 0.6294447183609009, -0.232195183634758, 0.3471011519432068, 0.06376248598098755, -0.9356576204299927, -0.5741393566131592, -0.7744247913360596, -0.2657635807991028], "cam_t_m2c": [-88.38670349121094, 179.89715576171875, 314.7140197753906], "obj_id": 3}, {"cam_R_m2c": [-0.7415421605110168, 0.6294447183609009, -0.232195183634758, 0.3471011519432068, 0.06376248598098755, -0.9356576204299927, -0.5741393566131592, -0.7744247913360596, -0.2657635807991028], "cam_t_m2c": [-88.38670349121094, 179.89715576171875, 314.7140197753906], "obj_id": 3}, {"cam_R_m2c": [0.3835253417491913, 0.9233675003051758, 0.017341401427984238, 0.7152441143989563, -0.30885422229766846, 0.6269248723983765, 0.5842380523681641, -0.2280382215976715, -0.778886616230011], "cam_t_m2c": [-11.945818901062012, 223.74395751953125, 204.5604705810547], "obj_id": 1}, {"cam_R_m2c": [-0.7934486865997314, -0.5656692385673523, -0.22462715208530426, -0.603989839553833, 0.7773235440254211, 0.1759670078754425, 0.07506883889436722, 0.2752933204174042, -0.9584248661994934], "cam_t_m2c": [-755.584716796875, 341.0863037109375, 432.4035339355469], "obj_id": 2}, {"cam_R_m2c": [0.270222008228302, -0.39211687445640564, -0.8793317675590515, 0.8676142692565918, 0.4951208829879761, 0.04583388566970825, 0.4174032211303711, -0.7753061056137085, 0.4739987850189209], "cam_t_m2c": [-197.14657592773438, 99.97830200195312, 558.2230834960938], "obj_id": 3}, {"cam_R_m2c": [0.13625368475914001, 0.0037694962229579687, 0.9906668066978455, 0.5771600604057312, -0.81305992603302, -0.07628735154867172, 0.8051839470863342, 0.5821677446365356, -0.11295799165964127], "cam_t_m2c": [-155.9496612548828, 89.66680145263672, 558.532958984375], "obj_id": 4}],
  "1": [{"cam_R_m2c": [-0.8749696016311646, -0.4631957411766052, 0.14098909497261047, -0.19010603427886963, 0.06084933504462242, -0.9798760414123535, 0.4452953338623047, -0.8841646313667297, -0.14129765331745148], "cam_t_m2c": [-315.5094909667969, 61.422969818115234, 427.81829833984375], "obj_id": 3}, {"cam_R_m2c": [-0.8749696016311646, -0.4631957411766052, 0.14098909497261047, -0.19010603427886963, 0.06084933504462242, -0.9798760414123535, 0.4452953338623047, -0.8841646313667297, -0.14129765331745148], "cam_t_m2c": [-315.5094909667969, 61.422969818115234, 427.81829833984375], "obj_id": 0}, {"cam_R_m2c": [-0.8749696016311646, -0.4631957411766052, 0.14098909497261047, -0.19010603427886963, 0.06084933504462242, -0.9798760414123535, 0.4452953338623047, -0.8841646313667297, -0.14129765331745148], "cam_t_m2c": [-315.5094909667969, 61.422969818115234, 427.81829833984375], "obj_id": 3}, {"cam_R_m2c": [-0.8749696016311646, -0.4631957411766052, 0.14098909497261047, -0.19010603427886963, 0.06084933504462242, -0.9798760414123535, 0.4452953338623047, -0.8841646313667297, -0.14129765331745148], "cam_t_m2c": [-315.5094909667969, 61.422969818115234, 427.81829833984375], "obj_id": 3}, {"cam_R_m2c": [-0.8749696016311646, -0.4631957411766052, 0.14098909497261047, -0.19010603427886963, 0.06084933504462242, -0.9798760414123535, 0.4452953338623047, -0.8841646313667297, -0.14129765331745148], "cam_t_m2c": [-315.5094909667969, 61.422969818115234, 427.81829833984375], "obj_id": 2}, {"cam_R_m2c": [-0.8749696016311646, -0.4631957411766052, 0.14098909497261047, -0.19010603427886963, 0.06084933504462242, -0.9798760414123535, 0.4452953338623047, -0.8841646313667297, -0.14129765331745148], "cam_t_m2c": [-315.5094909667969, 61.422969818115234, 427.81829833984375], "obj_id": 0}, {"cam_R_m2c": [-0.8749696016311646, -0.4631957411766052, 0.14098909497261047, -0.19010603427886963, 0.06084933504462242, -0.9798760414123535, 0.4452953338623047, -0.8841646313667297, -0.14129765331745148], "cam_t_m2c": [-315.5094909667969, 61.422969818115234, 427.81829833984375], "obj_id": 0}, {"cam_R_m2c": [-0.8749696016311646, -0.4631957411766052, 0.14098909497261047, -0.19010603427886963, 0.06084933504462242, -0.9798760414123535, 0.4452953338623047, -0.8841646313667297, -0.14129765331745148], "cam_t_m2c": [-315.5094909667969, 61.422969818115234, 427.81829833984375], "obj_id": 1}, {"cam_R_m2c": [-0.8749696016311646, -0.4631957411766052, 0.14098909497261047, -0.19010603427886963, 0.06084933504462242, -0.9798760414123535, 0.4452953338623047, -0.8841646313667297, -0.14129765331745148], "cam_t_m2c": [-315.5094909667969, 61.422969818115234, 427.81829833984375], "obj_id": 1}, {"cam_R_m2c": [-0.8749696016311646, -0.4631957411766052, 0.14098909497261047, -0.19010603427886963, 0.06084933504462242, -0.9798760414123535, 0.4452953338623047, -0.8841646313667297, -0.14129765331745148], "cam_t_m2c": [-315.5094909667969, 61.422969818115234, 427.81829833984375], "obj_id": 1}, {"cam_R_m2c": [-0.8749696016311646, -0.4631957411766052, 0.14098909497261047, -0.19010603427886963, 0.06084933504462242, -0.9798760414123535, 0.4452953338623047, -0.8841646313667297, -0.14129765331745148], "cam_t_m2c": [-315.5094909667969, 61.422969818115234, 427.81829833984375], "obj_id": 3}, {"cam_R_m2c": [-0.8749696016311646, -0.4631957411766052, 0.14098909497261047, -0.19010603427886963, 0.06084933504462242, -0.9798760414123535, 0.4452953338623047, -0.8841646313667297, -0.14129765331745148], "cam_t_m2c": [-315.5094909667969, 61.422969818115234, 427.81829833984375], "obj_id": 3}, {"cam_R_m2c": [0.2729429602622986, 0.2555180490016937, -0.9274764060974121, 0.9557328820228577, 0.03810843825340271, 0.29175710678100586, 0.1098938137292862, -0.9660528302192688, -0.23380553722381592], "cam_t_m2c": [-401.8193054199219, 94.47773742675781, 321.2464599609375], "obj_id": 1}, {"cam_R_m2c": [0.08527427166700363, -0.3184245526790619, -0.9441049098968506, -0.8148097991943359, 0.5230495929718018, -0.25000837445259094, 0.5734224915504456, 0.7905852198600769, -0.21485276520252228], "cam_t_m2c": [-510.0872497558594, -34.27033996582031, 1089.6099853515625], "obj_id": 2}, {"cam_R_m2c": [0.027892334386706352, -0.9961013197898865, 0.08369013667106628, 0.9860816597938538, 0.013690304011106491, -0.16569681465625763, 0.1639050841331482, 0.08714697510004044, 0.9826192259788513], "cam_t_m2c": [-113.07823944091797, 27.38849639892578, 615.9024047851562], "obj_id": 3}, {"cam_R_m2c": [0.4388955235481262, 0.8588926196098328, 0.2639586329460144, 0.8083620667457581, -0.5056931376457214, 0.30137187242507935, 0.3923281729221344, 0.08110339194536209, -0.9162426590919495], "cam_t_m2c": [-94.65680694580078, 35.43364334106445, 578.4920654296875], "obj_id": 4}],
  "2": [{"cam_R_m2c": [-0.8749696016311646, -0.4631957411766052, 0.14098909497261047, -0.19010603427886963, 0.06084933504462242, -0.9798760414123535, 0.4452953338623047, -0.8841646313667297, -0.14129765331745148], "cam_t_m2c": [-315.5094909667969, 61.422969818115234, 427.81829833984375], "obj_id": 3}, {"cam_R_m2c": [-0.8749696016311646, -0.4631957411766052, 0.14098909497261047, -0.19010603427886963, 0.06084933504462242, -0.9798760414123535, 0.4452953338623047, -0.8841646313667297, -0.14129765331745148], "cam_t_m2c": [-315.5094909667969, 61.422969818115234, 427.81829833984375], "obj_id": 0}, {"cam_R_m2c": [-0.8749696016311646, -0.4631957411766052, 0.14098909497261047, -0.19010603427886963, 0.06084933504462242, -0.9798760414123535, 0.4452953338623047, -0.8841646313667297, -0.14129765331745148], "cam_t_m2c": [-315.5094909667969, 61.422969818115234, 427.81829833984375], "obj_id": 3}, {"cam_R_m2c": [-0.8749696016311646, -0.4631957411766052, 0.14098909497261047, -0.19010603427886963, 0.06084933504462242, -0.9798760414123535, 0.4452953338623047, -0.8841646313667297, -0.14129765331745148], "cam_t_m2c": [-315.5094909667969, 61.422969818115234, 427.81829833984375], "obj_id": 3}, {"cam_R_m2c": [-0.8749696016311646, -0.4631957411766052, 0.14098909497261047, -0.19010603427886963, 0.06084933504462242, -0.9798760414123535, 0.4452953338623047, -0.8841646313667297, -0.14129765331745148], "cam_t_m2c": [-315.5094909667969, 61.422969818115234, 427.81829833984375], "obj_id": 2}, {"cam_R_m2c": [-0.8749696016311646, -0.4631957411766052, 0.14098909497261047, -0.19010603427886963, 0.06084933504462242, -0.9798760414123535, 0.4452953338623047, -0.8841646313667297, -0.14129765331745148], "cam_t_m2c": [-315.5094909667969, 61.422969818115234, 427.81829833984375], "obj_id": 0}, {"cam_R_m2c": [-0.8749696016311646, -0.4631957411766052, 0.14098909497261047, -0.19010603427886963, 0.06084933504462242, -0.9798760414123535, 0.4452953338623047, -0.8841646313667297, -0.14129765331745148], "cam_t_m2c": [-315.5094909667969, 61.422969818115234, 427.81829833984375], "obj_id": 0}, {"cam_R_m2c": [-0.8749696016311646, -0.4631957411766052, 0.14098909497261047, -0.19010603427886963, 0.06084933504462242, -0.9798760414123535, 0.4452953338623047, -0.8841646313667297, -0.14129765331745148], "cam_t_m2c": [-315.5094909667969, 61.422969818115234, 427.81829833984375], "obj_id": 1}, {"cam_R_m2c": [-0.8749696016311646, -0.4631957411766052, 0.14098909497261047, -0.19010603427886963, 0.06084933504462242, -0.9798760414123535, 0.4452953338623047, -0.8841646313667297, -0.14129765331745148], "cam_t_m2c": [-315.5094909667969, 61.422969818115234, 427.81829833984375], "obj_id": 1}, {"cam_R_m2c": [-0.8749696016311646, -0.4631957411766052, 0.14098909497261047, -0.19010603427886963, 0.06084933504462242, -0.9798760414123535, 0.4452953338623047, -0.8841646313667297, -0.14129765331745148], "cam_t_m2c": [-315.5094909667969, 61.422969818115234, 427.81829833984375], "obj_id": 1}, {"cam_R_m2c": [-0.8749696016311646, -0.4631957411766052, 0.14098909497261047, -0.19010603427886963, 0.06084933504462242, -0.9798760414123535, 0.4452953338623047, -0.8841646313667297, -0.14129765331745148], "cam_t_m2c": [-315.5094909667969, 61.422969818115234, 427.81829833984375], "obj_id": 3}, {"cam_R_m2c": [-0.8749696016311646, -0.4631957411766052, 0.14098909497261047, -0.19010603427886963, 0.06084933504462242, -0.9798760414123535, 0.4452953338623047, -0.8841646313667297, -0.14129765331745148], "cam_t_m2c": [-315.5094909667969, 61.422969818115234, 427.81829833984375], "obj_id": 3}, {"cam_R_m2c": [0.2729429602622986, 0.2555180490016937, -0.9274764060974121, 0.9557328820228577, 0.03810843825340271, 0.29175710678100586, 0.1098938137292862, -0.9660528302192688, -0.23380553722381592], "cam_t_m2c": [-401.8193054199219, 94.47773742675781, 321.2464599609375], "obj_id": 1}, {"cam_R_m2c": [0.08527427166700363, -0.3184245526790619, -0.9441049098968506, -0.8148097991943359, 0.5230495929718018, -0.25000837445259094, 0.5734224915504456, 0.7905852198600769, -0.21485276520252228], "cam_t_m2c": [-510.0872497558594, -34.27033996582031, 1089.6099853515625], "obj_id": 2}, {"cam_R_m2c": [0.027892334386706352, -0.9961013197898865, 0.08369013667106628, 0.9860816597938538, 0.013690304011106491, -0.16569681465625763, 0.1639050841331482, 0.08714697510004044, 0.9826192259788513], "cam_t_m2c": [-113.07823944091797, 27.38849639892578, 615.9024047851562], "obj_id": 3}, {"cam_R_m2c": [0.4388955235481262, 0.8588926196098328, 0.2639586329460144, 0.8083620667457581, -0.5056931376457214, 0.30137187242507935, 0.3923281729221344, 0.08110339194536209, -0.9162426590919495], "cam_t_m2c": [-94.65680694580078, 35.43364334106445, 578.4920654296875], "obj_id": 4}],
  "3": [{"cam_R_m2c": [-0.9713956713676453, -0.13579891622066498, -0.19480548799037933, 0.07781732827425003, 0.5930123329162598, -0.8014242649078369, 0.2243546098470688, -0.7936592698097229, -0.5654820799827576], "cam_t_m2c": [-242.37588500976562, 209.87916564941406, 605.97119140625], "obj_id": 3}, {"cam_R_m2c": [-0.9713956713676453, -0.13579891622066498, -0.19480548799037933, 0.07781732827425003, 0.5930123329162598, -0.8014242649078369, 0.2243546098470688, -0.7936592698097229, -0.5654820799827576], "cam_t_m2c": [-242.37588500976562, 209.87916564941406, 605.97119140625], "obj_id": 0}, {"cam_R_m2c": [-0.9713956713676453, -0.13579891622066498, -0.19480548799037933, 0.07781732827425003, 0.5930123329162598, -0.8014242649078369, 0.2243546098470688, -0.7936592698097229, -0.5654820799827576], "cam_t_m2c": [-242.37588500976562, 209.87916564941406, 605.97119140625], "obj_id": 3}, {"cam_R_m2c": [-0.9713956713676453, -0.13579891622066498, -0.19480548799037933, 0.07781732827425003, 0.5930123329162598, -0.8014242649078369, 0.2243546098470688, -0.7936592698097229, -0.5654820799827576], "cam_t_m2c": [-242.37588500976562, 209.87916564941406, 605.97119140625], "obj_id": 3}, {"cam_R_m2c": [-0.9713956713676453, -0.13579891622066498, -0.19480548799037933, 0.07781732827425003, 0.5930123329162598, -0.8014242649078369, 0.2243546098470688, -0.7936592698097229, -0.5654820799827576], "cam_t_m2c": [-242.37588500976562, 209.87916564941406, 605.97119140625], "obj_id": 2}, {"cam_R_m2c": [-0.9713956713676453, -0.13579891622066498, -0.19480548799037933, 0.07781732827425003, 0.5930123329162598, -0.8014242649078369, 0.2243546098470688, -0.7936592698097229, -0.5654820799827576], "cam_t_m2c": [-242.37588500976562, 209.87916564941406, 605.97119140625], "obj_id": 0}, {"cam_R_m2c": [-0.9713956713676453, -0.13579891622066498, -0.19480548799037933, 0.07781732827425003, 0.5930123329162598, -0.8014242649078369, 0.2243546098470688, -0.7936592698097229, -0.5654820799827576], "cam_t_m2c": [-242.37588500976562, 209.87916564941406, 605.97119140625], "obj_id": 0}, {"cam_R_m2c": [-0.9713956713676453, -0.13579891622066498, -0.19480548799037933, 0.07781732827425003, 0.5930123329162598, -0.8014242649078369, 0.2243546098470688, -0.7936592698097229, -0.5654820799827576], "cam_t_m2c": [-242.37588500976562, 209.87916564941406, 605.97119140625], "obj_id": 1}, {"cam_R_m2c": [-0.9713956713676453, -0.13579891622066498, -0.19480548799037933, 0.07781732827425003, 0.5930123329162598, -0.8014242649078369, 0.2243546098470688, -0.7936592698097229, -0.5654820799827576], "cam_t_m2c": [-242.37588500976562, 209.87916564941406, 605.97119140625], "obj_id": 1}, {"cam_R_m2c": [-0.9713956713676453, -0.13579891622066498, -0.19480548799037933, 0.07781732827425003, 0.5930123329162598, -0.8014242649078369, 0.2243546098470688, -0.7936592698097229, -0.5654820799827576], "cam_t_m2c": [-242.37588500976562, 209.87916564941406, 605.97119140625], "obj_id": 1}, {"cam_R_m2c": [-0.9713956713676453, -0.13579891622066498, -0.19480548799037933, 0.07781732827425003, 0.5930123329162598, -0.8014242649078369, 0.2243546098470688, -0.7936592698097229, -0.5654820799827576], "cam_t_m2c": [-242.37588500976562, 209.87916564941406, 605.97119140625], "obj_id": 3}, {"cam_R_m2c": [-0.9713956713676453, -0.13579891622066498, -0.19480548799037933, 0.07781732827425003, 0.5930123329162598, -0.8014242649078369, 0.2243546098470688, -0.7936592698097229, -0.5654820799827576], "cam_t_m2c": [-242.37588500976562, 209.87916564941406, 605.97119140625], "obj_id": 3}, {"cam_R_m2c": [0.5613730549812317, 0.5155168175697327, -0.6473813652992249, 0.6051180958747864, 0.27793359756469727, 0.746046245098114, 0.5645284056663513, -0.8105524778366089, -0.15592412650585175], "cam_t_m2c": [-276.2828674316406, 315.9941101074219, 519.4293823242188], "obj_id": 1}, {"cam_R_m2c": [-0.38717618584632874, -0.31510311365127563, -0.8664897680282593, -0.9119330048561096, 0.26941096782684326, 0.30950915813446045, 0.13591453433036804, 0.9100152254104614, -0.3916624188423157], "cam_t_m2c": [-638.3845825195312, -27.742910385131836, 1127.2186279296875], "obj_id": 2}, {"cam_R_m2c": [0.34016627073287964, -0.9017313718795776, -0.2667723000049591, 0.7209500074386597, 0.43222153186798096, -0.5416785478591919, 0.6037532687187195, -0.008068734779953957, 0.7971304059028625], "cam_t_m2c": [-129.24545288085938, 19.366744995117188, 774.5503540039062], "obj_id": 3}, {"cam_R_m2c": [0.5736923217773438, 0.5515967607498169, 0.6054900288581848, 0.30429941415786743, -0.8298647999763489, 0.4676816165447235, 0.7604465484619141, -0.08405506610870361, -0.6439375877380371], "cam_t_m2c": [-99.32003784179688, 31.542457580566406, 746.9853515625], "obj_id": 4}],
  "4": [{"cam_R_m2c": [-0.9713956713676453, -0.13579891622066498, -0.19480548799037933, 0.07781732827425003, 0.5930123329162598, -0.8014242649078369, 0.2243546098470688, -0.7936592698097229, -0.5654820799827576], "cam_t_m2c": [-242.37588500976562, 209.87916564941406, 605.97119140625], "obj_id": 3}, {"cam_R_m2c": [-0.9713956713676453, -0.13579891622066498, -0.19480548799037933, 0.07781732827425003, 0.5930123329162598, -0.8014242649078369, 0.2243546098470688, -0.7936592698097229, -0.5654820799827576], "cam_t_m2c": [-242.37588500976562, 209.87916564941406, 605.97119140625], "obj_id": 0}, {"cam_R_m2c": [-0.9713956713676453, -0.13579891622066498, -0.19480548799037933, 0.07781732827425003, 0.5930123329162598, -0.8014242649078369, 0.2243546098470688, -0.7936592698097229, -0.5654820799827576], "cam_t_m2c": [-242.37588500976562, 209.87916564941406, 605.97119140625], "obj_id": 3}, {"cam_R_m2c": [-0.9713956713676453, -0.13579891622066498, -0.19480548799037933, 0.07781732827425003, 0.5930123329162598, -0.8014242649078369, 0.2243546098470688, -0.7936592698097229, -0.5654820799827576], "cam_t_m2c": [-242.37588500976562, 209.87916564941406, 605.97119140625], "obj_id": 3}, {"cam_R_m2c": [-0.9713956713676453, -0.13579891622066498, -0.19480548799037933, 0.07781732827425003, 0.5930123329162598, -0.8014242649078369, 0.2243546098470688, -0.7936592698097229, -0.5654820799827576], "cam_t_m2c": [-242.37588500976562, 209.87916564941406, 605.97119140625], "obj_id": 2}, {"cam_R_m2c": [-0.9713956713676453, -0.13579891622066498, -0.19480548799037933, 0.07781732827425003, 0.5930123329162598, -0.8014242649078369, 0.2243546098470688, -0.7936592698097229, -0.5654820799827576], "cam_t_m2c": [-242.37588500976562, 209.87916564941406, 605.97119140625], "obj_id": 0}, {"cam_R_m2c": [-0.9713956713676453, -0.13579891622066498, -0.19480548799037933, 0.07781732827425003, 0.5930123329162598, -0.8014242649078369, 0.2243546098470688, -0.7936592698097229, -0.5654820799827576], "cam_t_m2c": [-242.37588500976562, 209.87916564941406, 605.97119140625], "obj_id": 0}, {"cam_R_m2c": [-0.9713956713676453, -0.13579891622066498, -0.19480548799037933, 0.07781732827425003, 0.5930123329162598, -0.8014242649078369, 0.2243546098470688, -0.7936592698097229, -0.5654820799827576], "cam_t_m2c": [-242.37588500976562, 209.87916564941406, 605.97119140625], "obj_id": 1}, {"cam_R_m2c": [-0.9713956713676453, -0.13579891622066498, -0.19480548799037933, 0.07781732827425003, 0.5930123329162598, -0.8014242649078369, 0.2243546098470688, -0.7936592698097229, -0.5654820799827576], "cam_t_m2c": [-242.37588500976562, 209.87916564941406, 605.97119140625], "obj_id": 1}, {"cam_R_m2c": [-0.9713956713676453, -0.13579891622066498, -0.19480548799037933, 0.07781732827425003, 0.5930123329162598, -0.8014242649078369, 0.2243546098470688, -0.7936592698097229, -0.5654820799827576], "cam_t_m2c": [-242.37588500976562, 209.87916564941406, 605.97119140625], "obj_id": 1}, {"cam_R_m2c": [-0.9713956713676453, -0.13579891622066498, -0.19480548799037933, 0.07781732827425003, 0.5930123329162598, -0.8014242649078369, 0.2243546098470688, -0.7936592698097229, -0.5654820799827576], "cam_t_m2c": [-242.37588500976562, 209.87916564941406, 605.97119140625], "obj_id": 3}, {"cam_R_m2c": [-0.9713956713676453, -0.13579891622066498, -0.19480548799037933, 0.07781732827425003, 0.5930123329162598, -0.8014242649078369, 0.2243546098470688, -0.7936592698097229, -0.5654820799827576], "cam_t_m2c": [-242.37588500976562, 209.87916564941406, 605.97119140625], "obj_id": 3}, {"cam_R_m2c": [0.5613730549812317, 0.5155168175697327, -0.6473813652992249, 0.6051180958747864, 0.27793359756469727, 0.746046245098114, 0.5645284056663513, -0.8105524778366089, -0.15592412650585175], "cam_t_m2c": [-276.2828674316406, 315.9941101074219, 519.4293823242188], "obj_id": 1}, {"cam_R_m2c": [-0.38717618584632874, -0.31510311365127563, -0.8664897680282593, -0.9119330048561096, 0.26941096782684326, 0.30950915813446045, 0.13591453433036804, 0.9100152254104614, -0.3916624188423157], "cam_t_m2c": [-638.3845825195312, -27.742910385131836, 1127.2186279296875], "obj_id": 2}, {"cam_R_m2c": [0.34016627073287964, -0.9017313718795776, -0.2667723000049591, 0.7209500074386597, 0.43222153186798096, -0.5416785478591919, 0.6037532687187195, -0.008068734779953957, 0.7971304059028625], "cam_t_m2c": [-129.24545288085938, 19.366744995117188, 774.5503540039062], "obj_id": 3}, {"cam_R_m2c": [0.5736923217773438, 0.5515967607498169, 0.6054900288581848, 0.30429941415786743, -0.8298647999763489, 0.4676816165447235, 0.7604465484619141, -0.08405506610870361, -0.6439375877380371], "cam_t_m2c": [-99.32003784179688, 31.542457580566406, 746.9853515625], "obj_id": 4}],
  "5": [{"cam_R_m2c": [-0.9976649284362793, 0.03411092981696129, 0.05916968733072281, -0.030825601890683174, 0.5481938123703003, -0.835783064365387, -0.0609457902610302, -0.8356554508209229, -0.5458622574806213], "cam_t_m2c": [-276.2327880859375, 171.2420654296875, 427.6769714355469], "obj_id": 3}, {"cam_R_m2c": [-0.9976649284362793, 0.03411092981696129, 0.05916968733072281, -0.030825601890683174, 0.5481938123703003, -0.835783064365387, -0.0609457902610302, -0.8356554508209229, -0.5458622574806213], "cam_t_m2c": [-276.2327880859375, 171.2420654296875, 427.6769714355469], "obj_id": 0}, {"cam_R_m2c": [-0.9976649284362793, 0.03411092981696129, 0.05916968733072281, -0.030825601890683174, 0.5481938123703003, -0.835783064365387, -0.0609457902610302, -0.8356554508209229, -0.5458622574806213], "cam_t_m2c": [-276.2327880859375, 171.2420654296875, 427.6769714355469], "obj_id": 3}, {"cam_R_m2c": [-0.9976649284362793, 0.03411092981696129, 0.05916968733072281, -0.030825601890683174, 0.5481938123703003, -0.835783064365387, -0.0609457902610302, -0.8356554508209229, -0.5458622574806213], "cam_t_m2c": [-276.2327880859375, 171.2420654296875, 427.6769714355469], "obj_id": 3}, {"cam_R_m2c": [-0.9976649284362793, 0.03411092981696129, 0.05916968733072281, -0.030825601890683174, 0.5481938123703003, -0.835783064365387, -0.0609457902610302, -0.8356554508209229, -0.5458622574806213], "cam_t_m2c": [-276.2327880859375, 171.2420654296875, 427.6769714355469], "obj_id": 2}, {"cam_R_m2c": [-0.9976649284362793, 0.03411092981696129, 0.05916968733072281, -0.030825601890683174, 0.5481938123703003, -0.835783064365387, -0.0609457902610302, -0.8356554508209229, -0.5458622574806213], "cam_t_m2c": [-276.2327880859375, 171.2420654296875, 427.6769714355469], "obj_id": 0}, {"cam_R_m2c": [-0.9976649284362793, 0.03411092981696129, 0.05916968733072281, -0.030825601890683174, 0.5481938123703003, -0.835783064365387, -0.0609457902610302, -0.8356554508209229, -0.5458622574806213], "cam_t_m2c": [-276.2327880859375, 171.2420654296875, 427.6769714355469], "obj_id": 0}, {"cam_R_m2c": [-0.9976649284362793, 0.03411092981696129, 0.05916968733072281, -0.030825601890683174, 0.5481938123703003, -0.835783064365387, -0.0609457902610302, -0.8356554508209229, -0.5458622574806213], "cam_t_m2c": [-276.2327880859375, 171.2420654296875, 427.6769714355469], "obj_id": 1}, {"cam_R_m2c": [-0.9976649284362793, 0.03411092981696129, 0.05916968733072281, -0.030825601890683174, 0.5481938123703003, -0.835783064365387, -0.0609457902610302, -0.8356554508209229, -0.5458622574806213], "cam_t_m2c": [-276.2327880859375, 171.2420654296875, 427.6769714355469], "obj_id": 1}, {"cam_R_m2c": [-0.9976649284362793, 0.03411092981696129, 0.05916968733072281, -0.030825601890683174, 0.5481938123703003, -0.835783064365387, -0.0609457902610302, -0.8356554508209229, -0.5458622574806213], "cam_t_m2c": [-276.2327880859375, 171.2420654296875, 427.6769714355469], "obj_id": 1}, {"cam_R_m2c": [-0.9976649284362793, 0.03411092981696129, 0.05916968733072281, -0.030825601890683174, 0.5481938123703003, -0.835783064365387, -0.0609457902610302, -0.8356554508209229, -0.5458622574806213], "cam_t_m2c": [-276.2327880859375, 171.2420654296875, 427.6769714355469], "obj_id": 3}, {"cam_R_m2c": [-0.9976649284362793, 0.03411092981696129, 0.05916968733072281, -0.030825601890683174, 0.5481938123703003, -0.835783064365387, -0.0609457902610302, -0.8356554508209229, -0.5458622574806213], "cam_t_m2c": [-276.2327880859375, 171.2420654296875, 427.6769714355469], "obj_id": 3}, {"cam_R_m2c": [0.3110073208808899, 0.6926270127296448, -0.6508012413978577, 0.6842896938323975, 0.31201979517936707, 0.6590836048126221, 0.6595619916915894, -0.6503164172172546, -0.3769170939922333], "cam_t_m2c": [-295.0595703125, 269.8994445800781, 328.6223449707031], "obj_id": 1}, {"cam_R_m2c": [-0.31202012300491333, -0.5872994065284729, -0.7468085289001465, -0.9467432498931885, 0.25797945261001587, 0.19267551600933075, 0.07950306683778763, 0.7671545147895813, -0.6365165114402771], "cam_t_m2c": [-776.9304809570312, -95.48902893066406, 831.5856323242188], "obj_id": 2}, {"cam_R_m2c": [0.07690764963626862, -0.9023358225822449, -0.424116849899292, 0.7742825150489807, 0.3220461308956146, -0.5447685122489929, 0.6281493902206421, -0.28648945689201355, 0.7234307527542114], "cam_t_m2c": [-196.38973999023438, 0.7055939435958862, 632.7496948242188], "obj_id": 3}, {"cam_R_m2c": [0.2985692322254181, 0.6365491151809692, 0.7110989093780518, 0.3931836485862732, -0.7609562277793884, 0.516093373298645, 0.8696338534355164, 0.12550285458564758, -0.47747883200645447], "cam_t_m2c": [-161.30963134765625, 15.486473083496094, 613.9208984375], "obj_id": 4}],
  "6": [{"cam_R_m2c": [-0.9976649284362793, 0.03411092981696129, 0.05916968733072281, -0.030825601890683174, 0.5481938123703003, -0.835783064365387, -0.0609457902610302, -0.8356554508209229, -0.5458622574806213], "cam_t_m2c": [-276.2327880859375, 171.2420654296875, 427.6769714355469], "obj_id": 3}, {"cam_R_m2c": [-0.9976649284362793, 0.03411092981696129, 0.05916968733072281, -0.030825601890683174, 0.5481938123703003, -0.835783064365387, -0.0609457902610302, -0.8356554508209229, -0.5458622574806213], "cam_t_m2c": [-276.2327880859375, 171.2420654296875, 427.6769714355469], "obj_id": 0}, {"cam_R_m2c": [-0.9976649284362793, 0.03411092981696129, 0.05916968733072281, -0.030825601890683174, 0.5481938123703003, -0.835783064365387, -0.0609457902610302, -0.8356554508209229, -0.5458622574806213], "cam_t_m2c": [-276.2327880859375, 171.2420654296875, 427.6769714355469], "obj_id": 3}, {"cam_R_m2c": [-0.9976649284362793, 0.03411092981696129, 0.05916968733072281, -0.030825601890683174, 0.5481938123703003, -0.835783064365387, -0.0609457902610302, -0.8356554508209229, -0.5458622574806213], "cam_t_m2c": [-276.2327880859375, 171.2420654296875, 427.6769714355469], "obj_id": 3}, {"cam_R_m2c": [-0.9976649284362793, 0.03411092981696129, 0.05916968733072281, -0.030825601890683174, 0.5481938123703003, -0.835783064365387, -0.0609457902610302, -0.8356554508209229, -0.5458622574806213], "cam_t_m2c": [-276.2327880859375, 171.2420654296875, 427.6769714355469], "obj_id": 2}, {"cam_R_m2c": [-0.9976649284362793, 0.03411092981696129, 0.05916968733072281, -0.030825601890683174, 0.5481938123703003, -0.835783064365387, -0.0609457902610302, -0.8356554508209229, -0.5458622574806213], "cam_t_m2c": [-276.2327880859375, 171.2420654296875, 427.6769714355469], "obj_id": 0}, {"cam_R_m2c": [-0.9976649284362793, 0.03411092981696129, 0.05916968733072281, -0.030825601890683174, 0.5481938123703003, -0.835783064365387, -0.0609457902610302, -0.8356554508209229, -0.5458622574806213], "cam_t_m2c": [-276.2327880859375, 171.2420654296875, 427.6769714355469], "obj_id": 0}, {"cam_R_m2c": [-0.9976649284362793, 0.03411092981696129, 0.05916968733072281, -0.030825601890683174, 0.5481938123703003, -0.835783064365387, -0.0609457902610302, -0.8356554508209229, -0.5458622574806213], "cam_t_m2c": [-276.2327880859375, 171.2420654296875, 427.6769714355469], "obj_id": 1}, {"cam_R_m2c": [-0.9976649284362793, 0.03411092981696129, 0.05916968733072281, -0.030825601890683174, 0.5481938123703003, -0.835783064365387, -0.0609457902610302, -0.8356554508209229, -0.5458622574806213], "cam_t_m2c": [-276.2327880859375, 171.2420654296875, 427.6769714355469], "obj_id": 1}, {"cam_R_m2c": [-0.9976649284362793, 0.03411092981696129, 0.05916968733072281, -0.030825601890683174, 0.5481938123703003, -0.835783064365387, -0.0609457902610302, -0.8356554508209229, -0.5458622574806213], "cam_t_m2c": [-276.2327880859375, 171.2420654296875, 427.6769714355469], "obj_id": 1}, {"cam_R_m2c": [-0.9976649284362793, 0.03411092981696129, 0.05916968733072281, -0.030825601890683174, 0.5481938123703003, -0.835783064365387, -0.0609457902610302, -0.8356554508209229, -0.5458622574806213], "cam_t_m2c": [-276.2327880859375, 171.2420654296875, 427.6769714355469], "obj_id": 3}, {"cam_R_m2c": [-0.9976649284362793, 0.03411092981696129, 0.05916968733072281, -0.030825601890683174, 0.5481938123703003, -0.835783064365387, -0.0609457902610302, -0.8356554508209229, -0.5458622574806213], "cam_t_m2c": [-276.2327880859375, 171.2420654296875, 427.6769714355469], "obj_id": 3}, {"cam_R_m2c": [0.3110073208808899, 0.6926270127296448, -0.6508012413978577, 0.6842896938323975, 0.31201979517936707, 0.6590836048126221, 0.6595619916915894, -0.6503164172172546, -0.3769170939922333], "cam_t_m2c": [-295.0595703125, 269.8994445800781, 328.6223449707031], "obj_id": 1}, {"cam_R_m2c": [-0.31202012300491333, -0.5872994065284729, -0.7468085289001465, -0.9467432498931885, 0.25797945261001587, 0.19267551600933075, 0.07950306683778763, 0.7671545147895813, -0.6365165114402771], "cam_t_m2c": [-776.9304809570312, -95.48902893066406, 831.5856323242188], "obj_id": 2}, {"cam_R_m2c": [0.07690764963626862, -0.9023358225822449, -0.424116849899292, 0.7742825150489807, 0.3220461308956146, -0.5447685122489929, 0.6281493902206421, -0.28648945689201355, 0.7234307527542114], "cam_t_m2c": [-196.38973999023438, 0.7055939435958862, 632.7496948242188], "obj_id": 3}, {"cam_R_m2c": [0.2985692322254181, 0.6365491151809692, 0.7110989093780518, 0.3931836485862732, -0.7609562277793884, 0.516093373298645, 0.8696338534355164, 0.12550285458564758, -0.47747883200645447], "cam_t_m2c": [-161.30963134765625, 15.486473083496094, 613.9208984375], "obj_id": 4}],
  "7": [{"cam_R_m2c": [-0.8784589171409607, 0.4741693437099457, -0.05893445387482643, 0.2690891623497009, 0.38901567459106445, -0.8810549378395081, -0.39484283328056335, -0.7898292541503906, -0.4693280756473541], "cam_t_m2c": [-146.88047790527344, 241.996826171875, 397.4598693847656], "obj_id": 3}, {"cam_R_m2c": [-0.8784589171409607, 0.4741693437099457, -0.05893445387482643, 0.2690891623497009, 0.38901567459106445, -0.8810549378395081, -0.39484283328056335, -0.7898292541503906, -0.4693280756473541], "cam_t_m2c": [-146.88047790527344, 241.996826171875, 397.4598693847656], "obj_id": 0}, {"cam_R_m2c": [-0.8784589171409607, 0.4741693437099457, -0.05893445387482643, 0.2690891623497009, 0.38901567459106445, -0.8810549378395081, -0.39484283328056335, -0.7898292541503906, -0.4693280756473541], "cam_t_m2c": [-146.88047790527344, 241.996826171875, 397.4598693847656], "obj_id": 3}, {"cam_R_m2c": [-0.8784589171409607, 0.4741693437099457, -0.05893445387482643, 0.2690891623497009, 0.38901567459106445, -0.8810549378395081, -0.39484283328056335, -0.7898292541503906, -0.4693280756473541], "cam_t_m2c": [-146.88047790527344, 241.996826171875, 397.4598693847656], "obj_id": 3}, {"cam_R_m2c": [-0.8784589171409607, 0.4741693437099457, -0.05893445387482643, 0.2690891623497009, 0.38901567459106445, -0.8810549378395081, -0.39484283328056335, -0.7898292541503906, -0.4693280756473541], "cam_t_m2c": [-146.88047790527344, 241.996826171875, 397.4598693847656], "obj_id": 2}, {"cam_R_m2c": [-0.8784589171409607, 0.4741693437099457, -0.05893445387482643, 0.2690891623497009, 0.38901567459106445, -0.8810549378395081, -0.39484283328056335, -0.7898292541503906, -0.4693280756473541], "cam_t_m2c": [-146.88047790527344, 241.996826171875, 397.4598693847656], "obj_id": 0}, {"cam_R_m2c": [-0.8784589171409607, 0.4741693437099457, -0.05893445387482643, 0.2690891623497009, 0.38901567459106445, -0.8810549378395081, -0.39484283328056335, -0.7898292541503906, -0.4693280756473541], "cam_t_m2c": [-146.88047790527344, 241.996826171875, 397.4598693847656], "obj_id": 0}, {"cam_R_m2c": [-0.8784589171409607, 0.4741693437099457, -0.05893445387482643, 0.2690891623497009, 0.38901567459106445, -0.8810549378395081, -0.39484283328056335, -0.7898292541503906, -0.4693280756473541], "cam_t_m2c": [-146.88047790527344, 241.996826171875, 397.4598693847656], "obj_id": 1}, {"cam_R_m2c": [-0.8784589171409607, 0.4741693437099457, -0.05893445387482643, 0.2690891623497009, 0.38901567459106445, -0.8810549378395081, -0.39484283328056335, -0.7898292541503906, -0.4693280756473541], "cam_t_m2c": [-146.88047790527344, 241.996826171875, 397.4598693847656], "obj_id": 1}, {"cam_R_m2c": [-0.8784589171409607, 0.4741693437099457, -0.05893445387482643, 0.2690891623497009, 0.38901567459106445, -0.8810549378395081, -0.39484283328056335, -0.7898292541503906, -0.4693280756473541], "cam_t_m2c": [-146.88047790527344, 241.996826171875, 397.4598693847656], "obj_id": 1}, {"cam_R_m2c": [-0.8784589171409607, 0.4741693437099457, -0.05893445387482643, 0.2690891623497009, 0.38901567459106445, -0.8810549378395081, -0.39484283328056335, -0.7898292541503906, -0.4693280756473541], "cam_t_m2c": [-146.88047790527344, 241.996826171875, 397.4598693847656], "obj_id": 3}, {"cam_R_m2c": [-0.8784589171409607, 0.4741693437099457, -0.05893445387482643, 0.2690891623497009, 0.38901567459106445, -0.8810549378395081, -0.39484283328056335, -0.7898292541503906, -0.4693280756473541], "cam_t_m2c": [-146.88047790527344, 241.996826171875, 397.4598693847656], "obj_id": 3}, {"cam_R_m2c": [0.30180615186691284, 0.9226799607276917, -0.23994730412960052, 0.6405413150787354, -0.00983352679759264, 0.7678607106208801, 0.7061302065849304, -0.38544124364852905, -0.593982458114624], "cam_t_m2c": [-99.6837387084961, 326.8387451171875, 295.1179504394531], "obj_id": 1}, {"cam_R_m2c": [-0.6204671859741211, -0.6736408472061157, -0.4015323519706726, -0.7842217683792114, 0.5303160548210144, 0.3221195340156555, -0.0040538315661251545, 0.5147550702095032, -0.8573275208473206], "cam_t_m2c": [-807.1698608398438, 201.1160125732422, 615.0205688476562], "obj_id": 2}, {"cam_R_m2c": [0.13368594646453857, -0.6050025820732117, -0.784920334815979, 0.7928181290626526, 0.5405091047286987, -0.281583696603775, 0.5946154594421387, -0.5846552848815918, 0.5519154667854309], "cam_t_m2c": [-196.92108154296875, 85.52558898925781, 622.2376708984375], "obj_id": 3}, {"cam_R_m2c": [0.12762227654457092, 0.2710914611816406, 0.9540556073188782, 0.3996312618255615, -0.8944368958473206, 0.2006930559873581, 0.9077485799789429, 0.35565751791000366, -0.22248676419258118], "cam_t_m2c": [-154.9141845703125, 86.0326919555664, 616.0109252929688], "obj_id": 4}],
