{
  "0": [{"cam_R_m2c": [0.5166191458702087, 0.45041829347610474, -0.7281675338745117, 0.6887818574905396, -0.7238109111785889, 0.04095225781202316, -0.5086100697517395, -0.5227053165435791, -0.6841744780540466], "cam_t_m2c": [-3215.379638671875, -7989.9052734375, -1754.079833984375], "obj_id": 2}, {"cam_R_m2c": [-0.11894454061985016, 0.2586006224155426, 0.9586332440376282, -0.9716874361038208, 0.16819234192371368, -0.16593584418296814, -0.20414583384990692, -0.9512291550636292, 0.23127351701259613], "cam_t_m2c": [464.6867980957031, -57.79297637939453, 911.17138671875], "obj_id": 0}, {"cam_R_m2c": [-0.6390321850776672, -0.7466005682945251, -0.18500061333179474, 0.4124329090118408, -0.12957122921943665, -0.901726245880127, 0.6492586135864258, -0.6525325179100037, 0.39072299003601074], "cam_t_m2c": [327.96710205078125, 33.546939849853516, 1023.935546875], "obj_id": 2}, {"cam_R_m2c": [0.6837195754051208, -0.5778546333312988, -0.4456586241722107, -0.6232800483703613, -0.7800473570823669, 0.055210769176483154, -0.3795385956764221, 0.24002143740653992, -0.8934988975524902], "cam_t_m2c": [167.27066040039062, 113.28827667236328, 873.6845092773438], "obj_id": 0}],
  "1": [{"cam_R_m2c": [0.7300570011138916, 0.4718596935272217, -0.49433305859565735, 0.6715376377105713, -0.36122938990592957, 0.6469547152519226, 0.12670420110225677, -0.8042770624160767, -0.5805895924568176], "cam_t_m2c": [-3436.7685546875, -3491.058837890625, -6657.13330078125], "obj_id": 2}, {"cam_R_m2c": [-0.19292165338993073, 0.5354118943214417, 0.8222624063491821, -0.5735881328582764, 0.6183721423149109, -0.5372267365455627, -0.7961017489433289, -0.5752825736999512, 0.18780849874019623], "cam_t_m2c": [431.4010314941406, -180.53207397460938, 935.3826904296875], "obj_id": 0}, {"cam_R_m2c": [-0.7303061485290527, -0.5447453260421753, -0.41219574213027954, 0.10630229860544205, 0.5054263472557068, -0.8562966585159302, 0.6747981905937195, -0.6691761612892151, -0.31120824813842773], "cam_t_m2c": [282.8998107910156, -139.8903045654297, 1062.0006103515625], "obj_id": 2}, {"cam_R_m2c": [0.6675460934638977, -0.7259470820426941, -0.1654781550168991, -0.43794378638267517, -0.5625577569007874, 0.7012374997138977, -0.6021523475646973, -0.39563825726509094, -0.693457305431366], "cam_t_m2c": [183.57159423828125, 55.53573989868164, 979.761962890625], "obj_id": 0}]
}