{
  "0": [{"cam_R_m2c": [-0.7890962362289429, -0.5481075048446655, 0.27731794118881226, 0.6140630841255188, -0.6921627521514893, 0.3792587220668793, -0.015925411134958267, 0.4695623517036438, 0.882755696773529], "cam_t_m2c": [12.379058837890625, 3789.22802734375, 3910.9853515625], "obj_id": 2}, {"cam_R_m2c": [0.0015925135230645537, -0.4415169954299927, 0.8972514867782593, 0.7982972264289856, -0.5398202538490295, -0.2670501172542572, 0.6022616028785706, 0.7166986465454102, 0.35160207748413086], "cam_t_m2c": [2.2845988273620605, 3803.73193359375, 3962.79931640625], "obj_id": 2}, {"cam_R_m2c": [-0.7372333407402039, 0.1791238784790039, -0.6514610052108765, 0.05948314070701599, 0.9776796102523804, 0.20150521397590637, 0.6730145812034607, 0.10980543494224548, -0.7314328551292419], "cam_t_m2c": [-22.61444091796875, 4010.935302734375, 3263.500732421875], "obj_id": 0}, {"cam_R_m2c": [-0.1702929139137268, 0.9225887656211853, 0.3461652100086212, -0.2797001004219055, -0.38210374116897583, 0.880774974822998, 0.9448640942573547, 0.05316728726029396, 0.3231177031993866], "cam_t_m2c": [-62.92136764526367, 3808.92724609375, 3956.12451171875], "obj_id": 0}, {"cam_R_m2c": [0.32926079630851746, 0.9394258856773376, -0.09521686285734177, 0.7305874824523926, -0.18957734107971191, 0.6559742093086243, 0.5981882214546204, -0.2855508029460907, -0.7487531304359436], "cam_t_m2c": [-51.4547233581543, 3784.770263671875, 3987.153564453125], "obj_id": 3}, {"cam_R_m2c": [0.7568427920341492, 0.4983667731285095, -0.42287057638168335, 0.4790869951248169, -0.8631091117858887, -0.15974466502666473, -0.4445948600769043, -0.08169019222259521, -0.8919989466667175], "cam_t_m2c": [-223.687744140625, 3696.261474609375, 4104.4892578125], "obj_id": 1}, {"cam_R_m2c": [-0.6576023697853088, -0.7533645629882812, -0.0009683428215794265, -0.4618387520313263, 0.40414804220199585, -0.7895374298095703, 0.5952008366584778, -0.5187544226646423, -0.6137016415596008], "cam_t_m2c": [-34.84121322631836, 5156.849609375, 4917.59423828125], "obj_id": 2}, {"cam_R_m2c": [-0.8468770384788513, -0.5317839980125427, 0.0022009192034602165, -0.3270314335823059, 0.5175318717956543, -0.7907029390335083, 0.4193441569805145, -0.6703479886054993, -0.6121959090232849], "cam_t_m2c": [-92.96073913574219, 5131.4013671875, 4949.85302734375], "obj_id": 2}, {"cam_R_m2c": [-0.9686099886894226, -0.24858340620994568, -0.0007726279436610639, -0.15270352363586426, 0.5974591970443726, -0.7872255444526672, 0.19615283608436584, -0.7623966932296753, -0.6166644096374512], "cam_t_m2c": [-151.4632110595703, 5109.7177734375, 4978.17236328125], "obj_id": 2}, {"cam_R_m2c": [-0.851330578327179, -0.5246292948722839, -7.075169605741394e-08, -0.32223379611968994, 0.5228980183601379, -0.7891406416893005, 0.41400638222694397, -0.6718196868896484, -0.6142123341560364], "cam_t_m2c": [-94.42704772949219, 5132.8525390625, 4948.27197265625], "obj_id": 0}, {"cam_R_m2c": [-0.3037976920604706, 0.46873587369918823, -0.829453706741333, 0.6402631402015686, 0.7451491951942444, 0.1865897923707962, 0.7055280804634094, -0.47438308596611023, -0.5264889001846313], "cam_t_m2c": [4.16887092590332, 2569.912353515625, 2936.2900390625], "obj_id": 1}, {"cam_R_m2c": [0.6769271492958069, -0.04599986970424652, 0.7346112132072449, 0.6244575381278992, -0.4924456775188446, -0.6062591075897217, 0.38964393734931946, 0.8691267967224121, -0.30462488532066345], "cam_t_m2c": [-32.75450134277344, 2526.98828125, 2991.439208984375], "obj_id": 1}, {"cam_R_m2c": [0.3691864609718323, 0.8893736600875854, 0.26965847611427307, 0.8512651920318604, -0.4400385916233063, 0.2858554422855377, 0.3728925287723541, 0.12401696294546127, -0.9195491075515747], "cam_t_m2c": [-93.54034423828125, 2560.512451171875, 2948.367431640625], "obj_id": 0}, {"cam_R_m2c": [-0.9092904925346375, -0.4053784906864166, 0.0941227450966835, -0.2904404401779175, 0.4561721682548523, -0.8411606550216675, 0.29805225133895874, -0.7921964526176453, -0.5325313210487366], "cam_t_m2c": [28.100509643554688, 2545.24072265625, 2967.98876953125], "obj_id": 3}, {"cam_R_m2c": [0.9697995185852051, 0.1997646987438202, -0.13993917405605316, -0.21877674758434296, 0.9661053419113159, -0.13702978193759918, 0.10782228410243988, 0.16350685060024261, 0.9806323647499084], "cam_t_m2c": [46.444766998291016, 3998.981689453125, 3918.745361328125], "obj_id": 0}, {"cam_R_m2c": [0.2709245979785919, 0.4864805340766907, -0.8306242823600769, 0.9288430213928223, 0.09439519047737122, 0.3582461178302765, 0.2526867389678955, -0.8685771822929382, -0.4262900650501251], "cam_t_m2c": [-27.85611915588379, 2583.819580078125, 2918.421875], "obj_id": 3}, {"cam_R_m2c": [-0.9594404101371765, -0.04487710818648338, 0.27831655740737915, 0.15262359380722046, -0.912738561630249, 0.3789648115634918, 0.23702342808246613, 0.40607184171676636, 0.8825675845146179], "cam_t_m2c": [-110.85342407226562, 3832.7578125, 3930.510498046875], "obj_id": 2}, {"cam_R_m2c": [0.8948076367378235, -0.2850854694843292, -0.3435775637626648, -0.23568159341812134, -0.9552386999130249, 0.1788097470998764, -0.37917467951774597, -0.07902541011571884, -0.921944260597229], "cam_t_m2c": [80.64280700683594, 3820.0849609375, 3931.3134765625], "obj_id": 3}, {"cam_R_m2c": [-0.9226226806640625, 0.3430512845516205, 0.17630381882190704, 0.24026371538639069, 0.1535896360874176, 0.9584797620773315, 0.30172932147979736, 0.9266746640205383, -0.22412797808647156], "cam_t_m2c": [-143.63565063476562, 3776.51416015625, 4030.63671875], "obj_id": 3}, {"cam_R_m2c": [0.5991417169570923, 0.49657395482063293, 0.6280473470687866, 0.16946224868297577, 0.6880048513412476, -0.7056428790092468, -0.7825034856796265, 0.5292103886604309, 0.3280618488788605], "cam_t_m2c": [288.8162536621094, 3789.91064453125, 3661.648681640625], "obj_id": 0}, {"cam_R_m2c": [-0.939639151096344, 0.2141464352607727, -0.2668696343898773, 0.3073962330818176, 0.1857549250125885, -0.9332752227783203, -0.15028521418571472, -0.9589767456054688, -0.24037036299705505], "cam_t_m2c": [-7.886975288391113, 1319.09521484375, 1931.619140625], "obj_id": 2}, {"cam_R_m2c": [0.7078134417533875, -0.5842847228050232, -0.397003173828125, 0.08744364231824875, -0.4852147102355957, 0.870011568069458, -0.7009662985801697, -0.6505212783813477, -0.2923494875431061], "cam_t_m2c": [-76.7838363647461, 1299.9422607421875, 1956.22705078125], "obj_id": 1}, {"cam_R_m2c": [0.002074565039947629, -0.8488452434539795, 0.5286372303962708, -0.7312865853309631, 0.35927993059158325, 0.5797739028930664, -0.6820670962333679, -0.3877880871295929, -0.6200038194656372], "cam_t_m2c": [-80.05354309082031, 1298.1256103515625, 1958.560791015625], "obj_id": 2}, {"cam_R_m2c": [0.0069518908858299255, -0.9999235272407532, -0.010227915830910206, -0.9085869193077087, -0.002044450491666794, -0.4176909029483795, 0.41763806343078613, 0.012196692638099194, -0.9085316061973572], "cam_t_m2c": [-42.61928176879883, 1252.1082763671875, 2017.6842041015625], "obj_id": 0}, {"cam_R_m2c": [0.9827048778533936, -0.10286295413970947, -0.15398146212100983, 0.13660405576229095, -0.1587158739566803, 0.9778285026550293, -0.12502162158489227, -0.9819513559341431, -0.14191937446594238], "cam_t_m2c": [-7.892806053161621, 1253.798095703125, 1990.557861328125], "obj_id": 3}, {"cam_R_m2c": [-0.1625528335571289, 0.8714842200279236, -0.4627004563808441, 0.776999831199646, -0.1759698987007141, -0.6044052839279175, -0.6081510782241821, -0.45776602625846863, -0.6485385894775391], "cam_t_m2c": [36.27815246582031, 1280.084716796875, 1981.739990234375], "obj_id": 0}, {"cam_R_m2c": [0.2938118278980255, 0.11163964122533798, -0.949321448802948, -0.3240102231502533, 0.9459900259971619, 0.010967779904603958, 0.8992730379104614, 0.3043673634529114, 0.314115434885025], "cam_t_m2c": [-184.5732421875, 4004.041259765625, 3626.697509765625], "obj_id": 0}, {"cam_R_m2c": [0.9796174168586731, -0.04814997687935829, -0.19501623511314392, -0.11097388714551926, 0.6795111298561096, -0.7252236604690552, 0.16743521392345428, 0.7320834398269653, 0.6603175401687622], "cam_t_m2c": [111.02902221679688, 3741.238037109375, 3709.79833984375], "obj_id": 0}, {"cam_R_m2c": [0.7567837238311768, 0.4983194172382355, -0.42303210496902466, 0.47899800539016724, -0.8631392121315002, -0.15984873473644257, -0.44479134678840637, -0.08166061341762543, -0.8919036984443665], "cam_t_m2c": [-35.00886535644531, 3816.40576171875, 3985.91845703125], "obj_id": 1}, {"cam_R_m2c": [0.7567451596260071, 0.4983055889606476, -0.4231173098087311, 0.4789499342441559, -0.8631504774093628, -0.15993131697177887, -0.44490861892700195, -0.08162475377321243, -0.8918483853340149], "cam_t_m2c": [21.557266235351562, 3863.047607421875, 3838.05078125], "obj_id": 1}, {"cam_R_m2c": [0.9759621024131775, -0.018618328496813774, 0.2171434909105301, -0.16157570481300354, 0.6068239212036133, 0.7782403230667114, -0.1462574005126953, -0.7946181893348694, 0.5892289280891418], "cam_t_m2c": [32.111778259277344, 17.463077545166016, 992.2354125976562], "obj_id": 2}, {"cam_R_m2c": [0.340487539768219, -0.738841712474823, -0.5815334916114807, -0.7721988558769226, 0.1331385225057602, -0.6212753653526306, 0.5364486575126648, 0.6605960130691528, -0.5252007246017456], "cam_t_m2c": [-72.12035369873047, 30.849214553833008, 975.0369262695312], "obj_id": 0}, {"cam_R_m2c": [0.9815372824668884, 0.1736145168542862, -0.080265574157238, -0.17058897018432617, 0.6047946214675903, -0.7778964042663574, -0.08650992065668106, 0.7772267460823059, 0.6232452392578125], "cam_t_m2c": [-5.487436294555664, 57.71620178222656, 940.5181884765625], "obj_id": 0}, {"cam_R_m2c": [-0.015997793525457382, -0.08347608149051666, -0.9963813424110413, 0.8079084753990173, -0.5881884694099426, 0.03630628064274788, -0.5890907645225525, -0.8044041395187378, 0.07685079425573349], "cam_t_m2c": [-39.62229537963867, -17.185012817382812, 1036.751220703125], "obj_id": 2}, {"cam_R_m2c": [0.4220878779888153, 0.5000608563423157, 0.7561619877815247, 0.7601634860038757, -0.6497098803520203, 0.005341057665646076, 0.4939567744731903, 0.5725523233413696, -0.654362678527832], "cam_t_m2c": [37.545509338378906, 3798.315673828125, 3925.138427734375], "obj_id": 3}, {"cam_R_m2c": [-0.5492530465126038, 0.023419838398694992, 0.8353277444839478, 0.8029761910438538, -0.2620190382003784, 0.535327136516571, 0.23140908777713776, 0.9647784233093262, 0.12510928511619568], "cam_t_m2c": [-13.947273254394531, 35.580814361572266, 968.9577026367188], "obj_id": 3}, {"cam_R_m2c": [0.7567797899246216, 0.4983314275741577, -0.42302489280700684, 0.4790288805961609, -0.8631285429000854, -0.15981276333332062, -0.4447646737098694, -0.08169808983802795, -0.8919134140014648], "cam_t_m2c": [-82.1019515991211, 3775.03564453125, 4135.88818359375], "obj_id": 1}, {"cam_R_m2c": [0.4025704264640808, 0.9153509140014648, -0.0083518847823143, 0.7386142611503601, -0.31942519545555115, 0.593646764755249, 0.5407273173332214, -0.24515344202518463, -0.8046823740005493], "cam_t_m2c": [-48.125244140625, 3802.085693359375, 3999.04638671875], "obj_id": 3}, {"cam_R_m2c": [0.7168036699295044, 0.008006807416677475, 0.6972290277481079, 0.3701236844062805, -0.8518012762069702, -0.37073299288749695, 0.5909322500228882, 0.5238037705421448, -0.6135377883911133], "cam_t_m2c": [-152.3052215576172, 3819.3017578125, 4023.405517578125], "obj_id": 3}, {"cam_R_m2c": [-0.9154900312423706, -0.2909477949142456, 0.2778971493244171, 0.38279637694358826, -0.8425222635269165, 0.3789758086204529, 0.12387240678071976, 0.4533267021179199, 0.8826950192451477], "cam_t_m2c": [-50.91770553588867, 3820.737548828125, 3917.086181640625], "obj_id": 2}],
  "1": [{"cam_R_m2c": [0.5694671273231506, -0.6390070915222168, -0.5170851945877075, 0.8140082955360413, 0.3507947623729706, 0.4629616439342499, -0.11444499343633652, -0.6845530867576599, 0.719923198223114], "cam_t_m2c": [14.2817964553833, 3271.61328125, 4460.744140625], "obj_id": 2}, {"cam_R_m2c": [0.014219304546713829, -0.7632830142974854, -0.6459078788757324, 0.681771457195282, 0.4799309968948364, -0.5521358251571655, 0.7314271330833435, -0.43251049518585205, 0.5272088050842285], "cam_t_m2c": [-14.295507431030273, 3314.055419921875, 4480.2109375], "obj_id": 2}, {"cam_R_m2c": [-0.30101215839385986, 0.455070823431015, 0.8380348086357117, 0.9235639572143555, 0.35801002383232117, 0.13732607662677765, -0.23753178119659424, 0.8153155446052551, -0.5280523896217346], "cam_t_m2c": [650.5811157226562, 3029.36767578125, 4382.93115234375], "obj_id": 0}, {"cam_R_m2c": [-0.8487392663955688, -0.49213382601737976, 0.19350913166999817, 0.5287960171699524, -0.7870590686798096, 0.3176674246788025, -0.0040317559614777565, 0.37194371223449707, 0.9282464981079102], "cam_t_m2c": [9.723793029785156, 3358.61181640625, 4438.244140625], "obj_id": 0}, {"cam_R_m2c": [-0.102473683655262, -0.12217854708433151, 0.98720383644104, 0.4187907874584198, -0.9054882526397705, -0.06859392672777176, 0.9022822976112366, 0.4064028263092041, 0.14395606517791748], "cam_t_m2c": [-31.206804275512695, 3357.453125, 4439.32958984375], "obj_id": 3}, {"cam_R_m2c": [0.4423038065433502, -0.5726281404495239, 0.6902638673782349, -0.5763968229293823, -0.7711418867111206, -0.2703823149204254, 0.6871200203895569, -0.2782748341560364, -0.6711400151252747], "cam_t_m2c": [-132.00796508789062, 3506.5546875, 4301.94873046875], "obj_id": 1}, {"cam_R_m2c": [-0.5713948607444763, 0.8206751346588135, -0.00039280735654756427, 0.598179042339325, 0.41615429520606995, -0.684833824634552, -0.5618626475334167, -0.39154553413391113, -0.7286990880966187], "cam_t_m2c": [70.02465057373047, 4460.7744140625, 5672.63037109375], "obj_id": 2}, {"cam_R_m2c": [-0.3105310797691345, 0.9505585432052612, -0.0030086529441177845, 0.6916126608848572, 0.22376425564289093, -0.6867324709892273, -0.6521061658859253, -0.21533256769180298, -0.7269040942192078], "cam_t_m2c": [44.25913619995117, 4508.88916015625, 5626.9443359375], "obj_id": 2}, {"cam_R_m2c": [-0.006259583402425051, 0.9999752044677734, 0.0032057412900030613, 0.7279164791107178, 0.006754737813025713, -0.6856324076652527, -0.6856371164321899, -0.0019583238754421473, -0.7279406189918518], "cam_t_m2c": [23.84507942199707, 4556.6943359375, 5582.3056640625], "obj_id": 2}, {"cam_R_m2c": [-0.3025056719779968, 0.9531475901603699, -8.679749186057961e-08, 0.6938418745994568, 0.22020834684371948, -0.6856323480606079, -0.6535087823867798, -0.20740772783756256, -0.727948009967804], "cam_t_m2c": [46.689552307128906, 4509.666015625, 5626.451171875], "obj_id": 0}, {"cam_R_m2c": [-0.08494611829519272, 0.693520188331604, 0.7154117226600647, 0.886947751045227, -0.27451959252357483, 0.37143322825431824, 0.45399096608161926, 0.6660846471786499, -0.5917968153953552], "cam_t_m2c": [35.92109298706055, 2203.64501953125, 3322.41015625], "obj_id": 1}, {"cam_R_m2c": [-0.09037093818187714, -0.947669267654419, -0.3061956763267517, 0.010471784509718418, 0.306532621383667, -0.9518024325370789, 0.9958530068397522, -0.08922182768583298, -0.017777759581804276], "cam_t_m2c": [-22.923091888427734, 2242.058349609375, 3286.2294921875], "obj_id": 1}, {"cam_R_m2c": [0.13223527371883392, -0.5728420615196228, 0.8089287877082825, 0.31653857231140137, -0.748959481716156, -0.5821192860603333, 0.9393173456192017, 0.33303382992744446, 0.08228780329227448], "cam_t_m2c": [44.76971435546875, 2275.35107421875, 3254.872802734375], "obj_id": 0}, {"cam_R_m2c": [-0.1807321012020111, 0.9766252040863037, -0.11635760962963104, 0.6835435628890991, 0.03966028615832329, -0.72883141040802, -0.7071803212165833, -0.21125875413417816, -0.6747336983680725], "cam_t_m2c": [-8.852136611938477, 2193.835693359375, 3331.649658203125], "obj_id": 3}, {"cam_R_m2c": [-0.4481032192707062, 0.40205541253089905, -0.7984702587127686, -0.7191095948219299, 0.3685222566127777, 0.5891286730766296, 0.5311164259910583, 0.8381782174110413, 0.12398600578308105], "cam_t_m2c": [125.0667724609375, 3342.64990234375, 4627.7705078125], "obj_id": 0}, {"cam_R_m2c": [0.2943195104598999, 0.6032357215881348, 0.741270899772644, 0.3521268665790558, -0.7895066738128662, 0.5026784539222717, 0.8884720802307129, 0.11307338625192642, -0.44478267431259155], "cam_t_m2c": [65.65403747558594, 2222.264404296875, 3304.873046875], "obj_id": 3}, {"cam_R_m2c": [0.14216428995132446, -0.8438776731491089, -0.5173583626747131, 0.8764390349388123, -0.1356043517589569, 0.46202367544174194, -0.46004757285118103, -0.5191163420677185, 0.7203293442726135], "cam_t_m2c": [55.15785217285156, 3388.4169921875, 4414.39404296875], "obj_id": 2}, {"cam_R_m2c": [-0.06715360283851624, -0.439566045999527, 0.8956964612007141, -0.9463945627212524, -0.2562195360660553, -0.19669513404369354, 0.31595537066459656, -0.8608910441398621, -0.3987969160079956], "cam_t_m2c": [0.5507030487060547, 3248.146728515625, 4533.44970703125], "obj_id": 3}, {"cam_R_m2c": [0.13592016696929932, -0.7011213302612305, 0.6999675035476685, 0.9246169924736023, 0.3435227572917938, 0.16454628109931946, -0.3558216691017151, 0.6248367428779602, 0.6949604153633118], "cam_t_m2c": [-47.061275482177734, 3443.350341796875, 4386.1640625], "obj_id": 3}, {"cam_R_m2c": [0.5547478795051575, -0.11561580747365952, -0.8239464163780212, -0.7883548140525818, 0.24355114996433258, -0.5649595856666565, 0.26599130034446716, 0.9629722833633423, 0.043963219970464706], "cam_t_m2c": [138.5355224609375, 2936.946044921875, 4566.31640625], "obj_id": 0}, {"cam_R_m2c": [0.526104211807251, 0.7929288148880005, -0.30737316608428955, 0.7123512625694275, -0.6083186864852905, -0.35000577569007874, -0.4645105004310608, -0.034818150103092194, -0.884882926940918], "cam_t_m2c": [62.67061233520508, 1107.9647216796875, 2150.7353515625], "obj_id": 2}, {"cam_R_m2c": [0.41709673404693604, 0.3505985736846924, 0.8385170698165894, -0.8548876047134399, -0.16186265647411346, 0.49291732907295227, 0.30854079127311707, -0.9224320650100708, 0.23221006989479065], "cam_t_m2c": [49.12696075439453, 1162.1259765625, 2099.722412109375], "obj_id": 1}, {"cam_R_m2c": [0.08591876178979874, 0.7168295979499817, 0.6919345855712891, -0.700096607208252, 0.5375714898109436, -0.46998047828674316, -0.7088602185249329, -0.44404083490371704, 0.5480374097824097], "cam_t_m2c": [47.050872802734375, 1164.95703125, 2097.0556640625], "obj_id": 2}, {"cam_R_m2c": [-0.8628280162811279, 0.23194247484207153, 0.4491441249847412, -0.16392874717712402, 0.712113618850708, -0.6826577186584473, -0.4781789481639862, -0.6626438498497009, -0.5764095187187195], "cam_t_m2c": [-34.7120475769043, 1151.7469482421875, 2109.498046875], "obj_id": 0}, {"cam_R_m2c": [-0.06120872125029564, 0.6821357607841492, 0.7286592721939087, -0.7049707770347595, -0.5463448166847229, 0.4522428810596466, 0.7065902352333069, -0.4860022962093353, 0.514326810836792], "cam_t_m2c": [-21.35944175720215, 1112.7509765625, 2125.171142578125], "obj_id": 3}, {"cam_R_m2c": [0.9680077433586121, 0.03425181657075882, 0.24857157468795776, 0.11011779308319092, -0.9481359124183655, -0.2981817126274109, 0.22546637058258057, 0.3160143494606018, -0.9215746521949768], "cam_t_m2c": [-9.65725040435791, 1087.9871826171875, 2169.551513671875], "obj_id": 0}, {"cam_R_m2c": [-0.9527920484542847, 0.3036004602909088, -0.003719705855473876, 0.1563165783882141, 0.5009989142417908, 0.8512139320373535, 0.26029253005981445, 0.8104485273361206, -0.52480548620224], "cam_t_m2c": [407.6938781738281, 3344.312255859375, 4385.27099609375], "obj_id": 0}, {"cam_R_m2c": [-0.43188583850860596, -0.14388836920261383, -0.8903766870498657, -0.6459953188896179, 0.7382674217224121, 0.19403940439224243, 0.6294160485267639, 0.6589820384979248, -0.4117984473705292], "cam_t_m2c": [115.78648376464844, 3068.430419921875, 4430.33837890625], "obj_id": 0}, {"cam_R_m2c": [0.44241541624069214, -0.5726573467254639, 0.6901682019233704, -0.5765038132667542, -0.7711050510406494, -0.27025991678237915, 0.6869584918022156, -0.2783174216747284, -0.6712879538536072], "cam_t_m2c": [-15.398821830749512, 3358.83251953125, 4471.28271484375], "obj_id": 1}, {"cam_R_m2c": [0.44248613715171814, -0.5726880431175232, 0.6900973320007324, -0.5765628814697266, -0.7710800170898438, -0.27020445466041565, 0.6868632435798645, -0.27832284569740295, -0.6713827848434448], "cam_t_m2c": [111.8803939819336, 3256.192626953125, 4493.75439453125], "obj_id": 1}, {"cam_R_m2c": [-0.22099415957927704, 0.9744532704353333, -0.040029093623161316, -0.8411110639572144, -0.16965730488300323, 0.5135644674301147, 0.49365338683128357, 0.14716368913650513, 0.8571167588233948], "cam_t_m2c": [-3.466013193130493, -9.872010231018066, 999.9290161132812], "obj_id": 2}, {"cam_R_m2c": [-0.9534049034118652, -0.2472250610589981, 0.17291264235973358, -0.2738858759403229, 0.9496052265167236, -0.1524350643157959, -0.12651297450065613, -0.1926906853914261, -0.9730697274208069], "cam_t_m2c": [42.955387115478516, 59.890953063964844, 934.2213134765625], "obj_id": 0}, {"cam_R_m2c": [-0.27345871925354004, -0.27675265073776245, -0.9212101697921753, -0.8154628872871399, 0.5746292471885681, 0.06943618506193161, 0.510137677192688, 0.7702006697654724, -0.38281887769699097], "cam_t_m2c": [69.23214721679688, 5.111450672149658, 985.8164672851562], "obj_id": 0}, {"cam_R_m2c": [0.9362911581993103, 0.2855943441390991, 0.20443756878376007, 0.03067227080464363, -0.6463334560394287, 0.7624382376670837, 0.34988293051719666, -0.7075936198234558, -0.6139160990715027], "cam_t_m2c": [-40.7958869934082, 50.74649429321289, 942.834228515625], "obj_id": 2}, {"cam_R_m2c": [-0.027564406394958496, -0.94675612449646, 0.3207692503929138, 0.3076147735118866, -0.31335315108299255, -0.8984335064888, 0.9511115550994873, 0.07390850782394409, 0.2998736798763275], "cam_t_m2c": [2.7582178115844727, 3265.703857421875, 4488.103515625], "obj_id": 3}, {"cam_R_m2c": [0.43451496958732605, -0.9004284143447876, 0.02062666416168213, 0.8649720549583435, 0.41080281138420105, -0.28820908069610596, 0.251038134098053, 0.14307266473770142, 0.9573453068733215], "cam_t_m2c": [36.32099533081055, 17.448179244995117, 974.1968994140625], "obj_id": 3}, {"cam_R_m2c": [0.44241440296173096, -0.5726253390312195, 0.6901953816413879, -0.5764726996421814, -0.771129846572876, -0.2702549695968628, 0.686985194683075, -0.27831417322158813, -0.6712617874145508], "cam_t_m2c": [-143.443603515625, 3458.24169921875, 4459.3427734375], "obj_id": 1}, {"cam_R_m2c": [-0.07147852331399918, -0.22464075684547424, 0.9718164801597595, 0.33828744292259216, -0.9220216274261475, -0.18824885785579681, 0.9383242130279541, 0.31529757380485535, 0.14189793169498444], "cam_t_m2c": [-30.801298141479492, 3369.2578125, 4457.0166015625], "obj_id": 3}, {"cam_R_m2c": [-0.40569615364074707, -0.9105253219604492, 0.0797128975391388, -0.014911697246134281, -0.08060724288225174, -0.996634304523468, 0.9138862490653992, -0.4055194556713104, 0.01912466250360012], "cam_t_m2c": [-13.926594734191895, 3463.931640625, 4407.0625], "obj_id": 3}, {"cam_R_m2c": [0.35528668761253357, -0.7785388231277466, -0.5173476934432983, 0.8815656900405884, 0.09503568708896637, 0.46239611506462097, -0.31082683801651, -0.6203591823577881, 0.7200980186462402], "cam_t_m2c": [43.737300872802734, 3333.36572265625, 4441.88720703125], "obj_id": 2}],
  "2": [{"cam_R_m2c": [-0.14887842535972595, -0.9658826589584351, -0.21190983057022095, 0.9515226483345032, -0.1982571929693222, 0.23515662550926208, -0.2691463828086853, -0.16662725806236267, 0.9485755562782288], "cam_t_m2c": [17.04869842529297, 3357.718017578125, 4134.75390625], "obj_id": 2}, {"cam_R_m2c": [0.013112648390233517, -0.985248327255249, 0.1706276684999466, 0.7060933709144592, -0.11170097440481186, -0.6992532014846802, 0.7079973220825195, 0.1296481341123581, 0.6942126154899597], "cam_t_m2c": [-14.752684593200684, 3380.44775390625, 4173.0810546875], "obj_id": 2}, {"cam_R_m2c": [-0.8335752487182617, 0.5209354758262634, 0.18378852307796478, 0.540436327457428, 0.7001710534095764, 0.4665716290473938, 0.11437033116817474, 0.48824864625930786, -0.8651776313781738], "cam_t_m2c": [519.8509521484375, 3493.327392578125, 3689.31591796875], "obj_id": 0}, {"cam_R_m2c": [-0.8421422839164734, 0.31884679198265076, 0.43489426374435425, -0.03464066609740257, -0.836792528629303, 0.546423077583313, 0.5381415486335754, 0.44510096311569214, 0.7157435417175293], "cam_t_m2c": [-46.26084899902344, 3421.617919921875, 4132.638671875], "obj_id": 0}, {"cam_R_m2c": [0.1747855693101883, 0.6405702829360962, 0.7477430701255798, 0.4617435336112976, -0.7240723967552185, 0.5123593807220459, 0.8696222901344299, 0.25571250915527344, -0.422336608171463], "cam_t_m2c": [-71.32100677490234, 3398.50048828125, 4155.3408203125], "obj_id": 3}, {"cam_R_m2c": [0.9668618440628052, -0.08351951092481613, 0.24125219881534576, -0.09243712574243546, -0.9953824877738953, 0.025865348055958748, 0.23797796666622162, -0.04730887711048126, -0.9701176285743713], "cam_t_m2c": [-291.47021484375, 3437.773681640625, 4119.8779296875], "obj_id": 1}, {"cam_R_m2c": [-0.9960502982139587, 0.08878231048583984, -0.0010927265975624323, 0.06412314623594284, 0.710777223110199, -0.7004883289337158, -0.06141429394483566, -0.6977918148040771, -0.71366286277771], "cam_t_m2c": [26.201217651367188, 4593.69677734375, 5300.15185546875], "obj_id": 2}, {"cam_R_m2c": [-0.928162157535553, 0.37217533588409424, -0.0007688288460485637, 0.26514774560928345, 0.6597952842712402, -0.7031123042106628, -0.2611737847328186, -0.6528060436248779, -0.7110784649848938], "cam_t_m2c": [-41.21016311645508, 4609.80322265625, 5283.9541015625], "obj_id": 2}, {"cam_R_m2c": [-0.7707082033157349, 0.6371847987174988, 0.00206188322044909, 0.45454055070877075, 0.5520524978637695, -0.6990213990211487, -0.4465441107749939, -0.537804365158081, -0.7150976657867432], "cam_t_m2c": [-104.46289825439453, 4628.791015625, 5265.697265625], "obj_id": 2}, {"cam_R_m2c": [-0.9249913096427917, 0.3799881935119629, -2.07000269369928e-07, 0.2710765600204468, 0.6598713994026184, -0.7007761597633362, -0.2662865221500397, -0.6482119560241699, -0.7133811712265015], "cam_t_m2c": [-40.34284973144531, 4611.66796875, 5282.365234375], "obj_id": 0}, {"cam_R_m2c": [-0.31090691685676575, 0.9486008286476135, -0.059104710817337036, 0.7644316554069519, 0.28652939200401306, 0.5775336623191833, 0.5647841691970825, 0.13437768816947937, -0.8142244815826416], "cam_t_m2c": [28.60005760192871, 2277.12353515625, 3008.249755859375], "obj_id": 1}, {"cam_R_m2c": [0.45963507890701294, -0.8263877034187317, 0.325298011302948, 0.15439587831497192, -0.28635087609291077, -0.9456028342247009, 0.8745840787887573, 0.48485684394836426, -0.004025931935757399], "cam_t_m2c": [-49.63644027709961, 2269.1064453125, 3016.125244140625], "obj_id": 1}, {"cam_R_m2c": [0.402006059885025, 0.2253139615058899, 0.887482225894928, 0.5141616463661194, -0.8575589060783386, -0.01518462598323822, 0.7576469779014587, 0.46241363883018494, -0.4605916440486908], "cam_t_m2c": [-41.24251937866211, 2327.077392578125, 2959.178955078125], "obj_id": 0}, {"cam_R_m2c": [-0.8692788481712341, 0.49380412697792053, -0.022617759183049202, 0.3187735974788666, 0.5250150561332703, -0.7891404032707214, -0.3778061270713806, -0.6931930780410767, -0.6137961745262146], "cam_t_m2c": [10.187514305114746, 2246.463134765625, 3038.36865234375], "obj_id": 3}, {"cam_R_m2c": [0.3928636908531189, 0.49305105209350586, -0.7762465476989746, -0.7261919379234314, 0.6842132210731506, 0.06706324964761734, 0.56418377161026, 0.5373573303222656, 0.62685227394104], "cam_t_m2c": [136.32777404785156, 3508.8828125, 4224.9697265625], "obj_id": 0}, {"cam_R_m2c": [0.45947352051734924, 0.8873578310012817, -0.038471922278404236, 0.6218066215515137, -0.2904374599456787, 0.7273255586624146, 0.6342243552207947, -0.35810890793800354, -0.6852132678031921], "cam_t_m2c": [28.077974319458008, 2305.100341796875, 2980.76708984375], "obj_id": 3}, {"cam_R_m2c": [-0.639726459980011, -0.7389734387397766, -0.21134836971759796, 0.7008405327796936, -0.6737320423126221, 0.23432336747646332, -0.31555095314979553, 0.001781362108886242, 0.9489069581031799], "cam_t_m2c": [-46.26485061645508, 3466.04833984375, 4093.30126953125], "obj_id": 2}, {"cam_R_m2c": [0.6511809229850769, -0.5917508602142334, 0.47517815232276917, -0.7450065016746521, -0.6177844405174255, 0.2516096532344818, 0.14466750621795654, -0.5178542137145996, -0.8431476354598999], "cam_t_m2c": [59.5502815246582, 3345.367919921875, 4198.52197265625], "obj_id": 3}, {"cam_R_m2c": [-0.6158350110054016, -0.313384473323822, 0.7228676080703735, 0.7570763826370239, 0.018642054870724678, 0.6530604362487793, -0.2181347757577896, 0.9494433999061584, 0.22577543556690216], "cam_t_m2c": [-157.38858032226562, 3449.3115234375, 4133.73291015625], "obj_id": 3}, {"cam_R_m2c": [0.9359712600708008, 0.29605668783187866, -0.19054731726646423, -0.28603124618530273, 0.32383570075035095, -0.9018405675888062, -0.20528994500637054, 0.8985993266105652, 0.38778239488601685], "cam_t_m2c": [339.1016540527344, 3174.00830078125, 4101.29638671875], "obj_id": 0}, {"cam_R_m2c": [-0.30400198698043823, 0.8302726149559021, -0.46715110540390015, 0.7764167785644531, -0.06822511553764343, -0.6265160441398621, -0.5520505905151367, -0.5531660914421082, -0.6238970160484314], "cam_t_m2c": [41.37240219116211, 1170.2314453125, 1846.9232177734375], "obj_id": 2}, {"cam_R_m2c": [0.9070999026298523, -0.16947849094867706, 0.385287880897522, -0.4071240723133087, -0.12087728828191757, 0.9053388833999634, -0.10686290264129639, -0.9780928492546082, -0.17864654958248138], "cam_t_m2c": [-24.367399215698242, 1196.8994140625, 1820.7265625], "obj_id": 1}, {"cam_R_m2c": [0.0732671394944191, -0.07324764132499695, 0.9946187138557434, -0.6618108153343201, 0.7425013184547424, 0.10343191027641296, -0.7460817694664001, -0.6658276915550232, 0.005924897268414497], "cam_t_m2c": [-28.682193756103516, 1197.5450439453125, 1820.0919189453125], "obj_id": 2}, {"cam_R_m2c": [-0.713811457157135, -0.5968756079673767, 0.36635056138038635, -0.6991207599639893, 0.5764737725257874, -0.42297542095184326, 0.041272230446338654, -0.5580480098724365, -0.8287816643714905], "cam_t_m2c": [-67.26050567626953, 1144.513427734375, 1872.186767578125], "obj_id": 0}, {"cam_R_m2c": [0.7256015539169312, 0.4873771369457245, 0.48576316237449646, -0.4686586856842041, -0.16686895489692688, 0.8674753904342651, 0.5038465261459351, -0.8570986390113831, 0.10733318328857422], "cam_t_m2c": [-28.68472671508789, 1123.15283203125, 1871.683837890625], "obj_id": 3}, {"cam_R_m2c": [0.6785245537757874, 0.7172858715057373, -0.15844665467739105, 0.663293182849884, -0.6909481883049011, -0.28745850920677185, -0.31566840410232544, 0.0899510458111763, -0.9445961117744446], "cam_t_m2c": [15.97911262512207, 1118.1026611328125, 1898.130859375], "obj_id": 0}, {"cam_R_m2c": [-0.562106192111969, 0.34132814407348633, -0.7533470392227173, -0.3428637385368347, 0.732743501663208, 0.5878191590309143, 0.7526493668556213, 0.5887121558189392, -0.2948506474494934], "cam_t_m2c": [189.369873046875, 3617.261962890625, 3872.65283203125], "obj_id": 0}, {"cam_R_m2c": [0.41414281725883484, -0.15800681710243225, -0.8963925242424011, -0.6385381817817688, 0.6513886451721191, -0.4098314344882965, 0.6486560702323914, 0.7421095967292786, 0.16887454688549042], "cam_t_m2c": [179.63192749023438, 3241.9091796875, 4022.210205078125], "obj_id": 0}, {"cam_R_m2c": [0.9669082760810852, -0.08358117938041687, 0.24104465544223785, -0.09249468147754669, -0.9953766465187073, 0.02588365599513054, 0.23776684701442719, -0.04732247069478035, -0.9701687693595886], "cam_t_m2c": [-45.14540481567383, 3414.535888671875, 4173.52001953125], "obj_id": 1}, {"cam_R_m2c": [0.9669366478919983, -0.08361779153347015, 0.24091826379299164, -0.0925230160355568, -0.995374321937561, 0.02587134763598442, 0.23764055967330933, -0.04730644077062607, -0.9702004194259644], "cam_t_m2c": [105.6662826538086, 3405.023193359375, 4107.1474609375], "obj_id": 1}, {"cam_R_m2c": [0.587066113948822, 0.7976489067077637, 0.13823719322681427, -0.7086139917373657, 0.4237622618675232, 0.5641734004020691, 0.39143264293670654, -0.4291638731956482, 0.814001739025116], "cam_t_m2c": [17.84786605834961, -1.4046821594238281, 749.196533203125], "obj_id": 2}, {"cam_R_m2c": [-0.5257294774055481, -0.7900063395500183, -0.3154337704181671, -0.7691856026649475, 0.5998435020446777, -0.22032079100608826, 0.363265722990036, 0.12679798901081085, -0.9230169057846069], "cam_t_m2c": [-25.82682991027832, 67.87722778320312, 681.1387939453125], "obj_id": 0}, {"cam_R_m2c": [0.5477344989776611, -0.09351065009832382, -0.8314100503921509, -0.7132026553153992, 0.46734994649887085, -0.5224232077598572, 0.4374115765094757, 0.8791130781173706, 0.18929167091846466], "cam_t_m2c": [48.73887252807617, 47.78466796875, 700.8763427734375], "obj_id": 0}, {"cam_R_m2c": [0.7679057121276855, 0.17211778461933136, -0.6170058846473694, 0.6056875586509705, -0.5085936188697815, 0.6119437217712402, -0.20847885310649872, -0.8436278700828552, -0.49480152130126953], "cam_t_m2c": [-69.96382141113281, 16.315975189208984, 731.7890625], "obj_id": 2}, {"cam_R_m2c": [0.3105955123901367, -0.39407628774642944, 0.8650053143501282, 0.4218088388442993, -0.7583644986152649, -0.4969511330127716, 0.8518260717391968, 0.5192176699638367, -0.06931965798139572], "cam_t_m2c": [27.330928802490234, 3351.97119140625, 4162.63720703125], "obj_id": 3}, {"cam_R_m2c": [-0.07183519005775452, -0.7321426272392273, 0.677352786064148, 0.9908647537231445, -0.1300935298204422, -0.035532500594854355, 0.11413411796092987, 0.668612539768219, 0.7347997426986694], "cam_t_m2c": [14.616366386413574, 37.54551696777344, 710.9345703125], "obj_id": 3}, {"cam_R_m2c": [0.96690434217453, -0.0835450068116188, 0.24107308685779572, -0.09246475249528885, -0.995378851890564, 0.02590765990316868, 0.23779459297657013, -0.0473409928381443, -0.9701610803604126], "cam_t_m2c": [-189.10879516601562, 3423.065673828125, 4248.5], "obj_id": 1}, {"cam_R_m2c": [0.25856155157089233, 0.5361251831054688, 0.8035643100738525, 0.4202456772327423, -0.8114372491836548, 0.4061562418937683, 0.8697926998138428, 0.23267808556556702, -0.4351106882095337], "cam_t_m2c": [-68.35167694091797, 3411.798583984375, 4171.67138671875], "obj_id": 3}, {"cam_R_m2c": [0.22827503085136414, -0.7527410387992859, 0.6174718141555786, -0.05480577424168587, -0.6431467533111572, -0.7637792229652405, 0.9720529317855835, 0.1405107080936432, -0.1880689263343811], "cam_t_m2c": [-136.61705017089844, 3488.283447265625, 4136.5556640625], "obj_id": 3}, {"cam_R_m2c": [-0.4273211658000946, -0.8789721727371216, -0.21167093515396118, 0.8508453965187073, -0.4701394736766815, 0.23458698391914368, -0.3057102859020233, -0.07985525578260422, 0.9487699270248413], "cam_t_m2c": [-8.41867733001709, 3420.388916015625, 4113.298828125], "obj_id": 2}],
