{
  "0": [{"cam_R_m2c": [0.11024168133735657, -0.9877230525016785, 0.11067921668291092, -0.7444174885749817, -0.15584008395671844, -0.649273693561554, 0.6585508584976196, -0.010814562439918518, -0.7524583339691162], "cam_t_m2c": [139.52354431152344, -27.722444534301758, 244.16299438476562], "obj_id": 0}, {"cam_R_m2c": [0.11024168133735657, -0.9877230525016785, 0.11067921668291092, -0.7444174885749817, -0.15584008395671844, -0.649273693561554, 0.6585508584976196, -0.010814562439918518, -0.7524583339691162], "cam_t_m2c": [139.52354431152344, -27.722444534301758, 244.16299438476562], "obj_id": 1}, {"cam_R_m2c": [0.11024168133735657, -0.9877230525016785, 0.11067921668291092, -0.7444174885749817, -0.15584008395671844, -0.649273693561554, 0.6585508584976196, -0.010814562439918518, -0.7524583339691162], "cam_t_m2c": [139.52354431152344, -27.722444534301758, 244.16299438476562], "obj_id": 0}, {"cam_R_m2c": [0.11024168133735657, -0.9877230525016785, 0.11067921668291092, -0.7444174885749817, -0.15584008395671844, -0.649273693561554, 0.6585508584976196, -0.010814562439918518, -0.7524583339691162], "cam_t_m2c": [139.52354431152344, -27.722444534301758, 244.16299438476562], "obj_id": 0}, {"cam_R_m2c": [0.11024168133735657, -0.9877230525016785, 0.11067921668291092, -0.7444174885749817, -0.15584008395671844, -0.649273693561554, 0.6585508584976196, -0.010814562439918518, -0.7524583339691162], "cam_t_m2c": [139.52354431152344, -27.722444534301758, 244.16299438476562], "obj_id": 3}, {"cam_R_m2c": [0.11024168133735657, -0.9877230525016785, 0.11067921668291092, -0.7444174885749817, -0.15584008395671844, -0.649273693561554, 0.6585508584976196, -0.010814562439918518, -0.7524583339691162], "cam_t_m2c": [139.52354431152344, -27.722444534301758, 244.16299438476562], "obj_id": 1}, {"cam_R_m2c": [0.11024168133735657, -0.9877230525016785, 0.11067921668291092, -0.7444174885749817, -0.15584008395671844, -0.649273693561554, 0.6585508584976196, -0.010814562439918518, -0.7524583339691162], "cam_t_m2c": [139.52354431152344, -27.722444534301758, 244.16299438476562], "obj_id": 1}, {"cam_R_m2c": [0.11024168133735657, -0.9877230525016785, 0.11067921668291092, -0.7444174885749817, -0.15584008395671844, -0.649273693561554, 0.6585508584976196, -0.010814562439918518, -0.7524583339691162], "cam_t_m2c": [139.52354431152344, -27.722444534301758, 244.16299438476562], "obj_id": 3}, {"cam_R_m2c": [0.11024168133735657, -0.9877230525016785, 0.11067921668291092, -0.7444174885749817, -0.15584008395671844, -0.649273693561554, 0.6585508584976196, -0.010814562439918518, -0.7524583339691162], "cam_t_m2c": [139.52354431152344, -27.722444534301758, 244.16299438476562], "obj_id": 2}, {"cam_R_m2c": [0.11024168133735657, -0.9877230525016785, 0.11067921668291092, -0.7444174885749817, -0.15584008395671844, -0.649273693561554, 0.6585508584976196, -0.010814562439918518, -0.7524583339691162], "cam_t_m2c": [139.52354431152344, -27.722444534301758, 244.16299438476562], "obj_id": 2}, {"cam_R_m2c": [0.11024168133735657, -0.9877230525016785, 0.11067921668291092, -0.7444174885749817, -0.15584008395671844, -0.649273693561554, 0.6585508584976196, -0.010814562439918518, -0.7524583339691162], "cam_t_m2c": [139.52354431152344, -27.722444534301758, 244.16299438476562], "obj_id": 0}, {"cam_R_m2c": [0.11024168133735657, -0.9877230525016785, 0.11067921668291092, -0.7444174885749817, -0.15584008395671844, -0.649273693561554, 0.6585508584976196, -0.010814562439918518, -0.7524583339691162], "cam_t_m2c": [139.52354431152344, -27.722444534301758, 244.16299438476562], "obj_id": 2}, {"cam_R_m2c": [0.11024168133735657, -0.9877230525016785, 0.11067921668291092, -0.7444174885749817, -0.15584008395671844, -0.649273693561554, 0.6585508584976196, -0.010814562439918518, -0.7524583339691162], "cam_t_m2c": [139.52354431152344, -27.722444534301758, 244.16299438476562], "obj_id": 2}, {"cam_R_m2c": [0.11024168133735657, -0.9877230525016785, 0.11067921668291092, -0.7444174885749817, -0.15584008395671844, -0.649273693561554, 0.6585508584976196, -0.010814562439918518, -0.7524583339691162], "cam_t_m2c": [139.52354431152344, -27.722444534301758, 244.16299438476562], "obj_id": 2}, {"cam_R_m2c": [0.11024168133735657, -0.9877230525016785, 0.11067921668291092, -0.7444174885749817, -0.15584008395671844, -0.649273693561554, 0.6585508584976196, -0.010814562439918518, -0.7524583339691162], "cam_t_m2c": [139.52354431152344, -27.722444534301758, 244.16299438476562], "obj_id": 3}, {"cam_R_m2c": [0.11024168133735657, -0.9877230525016785, 0.11067921668291092, -0.7444174885749817, -0.15584008395671844, -0.649273693561554, 0.6585508584976196, -0.010814562439918518, -0.7524583339691162], "cam_t_m2c": [139.52354431152344, -27.722444534301758, 244.16299438476562], "obj_id": 2}, {"cam_R_m2c": [0.11024168133735657, -0.9877230525016785, 0.11067921668291092, -0.7444174885749817, -0.15584008395671844, -0.649273693561554, 0.6585508584976196, -0.010814562439918518, -0.7524583339691162], "cam_t_m2c": [139.52354431152344, -27.722444534301758, 244.16299438476562], "obj_id": 2}, {"cam_R_m2c": [0.11024168133735657, -0.9877230525016785, 0.11067921668291092, -0.7444174885749817, -0.15584008395671844, -0.649273693561554, 0.6585508584976196, -0.010814562439918518, -0.7524583339691162], "cam_t_m2c": [139.52354431152344, -27.722444534301758, 244.16299438476562], "obj_id": 0}, {"cam_R_m2c": [0.11024168133735657, -0.9877230525016785, 0.11067921668291092, -0.7444174885749817, -0.15584008395671844, -0.649273693561554, 0.6585508584976196, -0.010814562439918518, -0.7524583339691162], "cam_t_m2c": [139.52354431152344, -27.722444534301758, 244.16299438476562], "obj_id": 0}, {"cam_R_m2c": [0.11024168133735657, -0.9877230525016785, 0.11067921668291092, -0.7444174885749817, -0.15584008395671844, -0.649273693561554, 0.6585508584976196, -0.010814562439918518, -0.7524583339691162], "cam_t_m2c": [139.52354431152344, -27.722444534301758, 244.16299438476562], "obj_id": 3}, {"cam_R_m2c": [0.11024168133735657, -0.9877230525016785, 0.11067921668291092, -0.7444174885749817, -0.15584008395671844, -0.649273693561554, 0.6585508584976196, -0.010814562439918518, -0.7524583339691162], "cam_t_m2c": [139.52354431152344, -27.722444534301758, 244.16299438476562], "obj_id": 1}, {"cam_R_m2c": [0.11024168133735657, -0.9877230525016785, 0.11067921668291092, -0.7444174885749817, -0.15584008395671844, -0.649273693561554, 0.6585508584976196, -0.010814562439918518, -0.7524583339691162], "cam_t_m2c": [139.52354431152344, -27.722444534301758, 244.16299438476562], "obj_id": 1}, {"cam_R_m2c": [0.11024168133735657, -0.9877230525016785, 0.11067921668291092, -0.7444174885749817, -0.15584008395671844, -0.649273693561554, 0.6585508584976196, -0.010814562439918518, -0.7524583339691162], "cam_t_m2c": [139.52354431152344, -27.722444534301758, 244.16299438476562], "obj_id": 1}, {"cam_R_m2c": [0.11024168133735657, -0.9877230525016785, 0.11067921668291092, -0.7444174885749817, -0.15584008395671844, -0.649273693561554, 0.6585508584976196, -0.010814562439918518, -0.7524583339691162], "cam_t_m2c": [139.52354431152344, -27.722444534301758, 244.16299438476562], "obj_id": 2}, {"cam_R_m2c": [-0.24901233613491058, 0.19819916784763336, -0.9480030536651611, 0.26082688570022583, 0.9563954472541809, 0.13144224882125854, 0.9327175617218018, -0.2145339399576187, -0.2898499369621277], "cam_t_m2c": [184.37246704101562, -155.08895874023438, 321.9630432128906], "obj_id": 3}, {"cam_R_m2c": [0.5317725539207458, -0.551862359046936, -0.642390787601471, 0.7819679975509644, 0.02870219759643078, 0.6226574778556824, -0.3251831531524658, -0.8334411978721619, 0.44680169224739075], "cam_t_m2c": [-44.10112380981445, -143.59515380859375, 270.20477294921875], "obj_id": 0}, {"cam_R_m2c": [-0.3247440755367279, 0.815492570400238, 0.47907519340515137, 0.05893713980913162, 0.5229918360710144, -0.8502975106239319, -0.9439637660980225, -0.2478938102722168, -0.2179012894630432], "cam_t_m2c": [-671.898681640625, 4987.33251953125, 6223.55615234375], "obj_id": 2}, {"cam_R_m2c": [-0.1292138248682022, -0.8594068884849548, 0.49469536542892456, 0.2501683533191681, -0.5109928250312805, -0.8223758935928345, 0.9595413208007812, 0.017494793981313705, 0.281023770570755], "cam_t_m2c": [7.880031108856201, 19.207448959350586, 153.46739196777344], "obj_id": 3}, {"cam_R_m2c": [0.1334463655948639, 0.5203660726547241, -0.843451976776123, 0.7599871754646301, -0.5999705195426941, -0.2499096691608429, -0.6360908150672913, -0.6076631546020508, -0.47553542256355286], "cam_t_m2c": [200.121826171875, 42.43400192260742, 181.90956115722656], "obj_id": 3}, {"cam_R_m2c": [0.46949389576911926, -0.5001273155212402, -0.7276318669319153, 0.4159587025642395, 0.85220867395401, -0.31736207008361816, 0.7788156867027283, -0.15366527438163757, 0.6081390976905823], "cam_t_m2c": [95.68028259277344, -168.63409423828125, 316.67864990234375], "obj_id": 1}, {"cam_R_m2c": [0.6859798431396484, -0.35472384095191956, 0.6352972388267517, 0.5098434090614319, -0.38859981298446655, -0.7674956917762756, 0.5191255211830139, 0.8503887057304382, -0.08571799099445343], "cam_t_m2c": [308.58343505859375, -88.4093017578125, 274.4971618652344], "obj_id": 0}, {"cam_R_m2c": [-0.36806079745292664, -0.7499556541442871, -0.5496341586112976, 0.8002931475639343, -0.5564573407173157, 0.22335185110569, -0.47335195541381836, -0.3576613962650299, 0.8049945831298828], "cam_t_m2c": [224.29022216796875, 136.90106201171875, 67.65078735351562], "obj_id": 0}],
  "1": [{"cam_R_m2c": [0.8769009113311768, -0.3553939461708069, 0.32363542914390564, -0.23419709503650665, -0.9038717746734619, -0.35800454020500183, 0.4197576344013214, 0.2381400316953659, -0.8758381605148315], "cam_t_m2c": [-131.18267822265625, 22.802553176879883, 116.32400512695312], "obj_id": 0}, {"cam_R_m2c": [0.8769009113311768, -0.3553939461708069, 0.32363542914390564, -0.23419709503650665, -0.9038717746734619, -0.35800454020500183, 0.4197576344013214, 0.2381400316953659, -0.8758381605148315], "cam_t_m2c": [-131.18267822265625, 22.802553176879883, 116.32400512695312], "obj_id": 1}, {"cam_R_m2c": [0.8769009113311768, -0.3553939461708069, 0.32363542914390564, -0.23419709503650665, -0.9038717746734619, -0.35800454020500183, 0.4197576344013214, 0.2381400316953659, -0.8758381605148315], "cam_t_m2c": [-131.18267822265625, 22.802553176879883, 116.32400512695312], "obj_id": 0}, {"cam_R_m2c": [0.8769009113311768, -0.3553939461708069, 0.32363542914390564, -0.23419709503650665, -0.9038717746734619, -0.35800454020500183, 0.4197576344013214, 0.2381400316953659, -0.8758381605148315], "cam_t_m2c": [-131.18267822265625, 22.802553176879883, 116.32400512695312], "obj_id": 0}, {"cam_R_m2c": [0.8769009113311768, -0.3553939461708069, 0.32363542914390564, -0.23419709503650665, -0.9038717746734619, -0.35800454020500183, 0.4197576344013214, 0.2381400316953659, -0.8758381605148315], "cam_t_m2c": [-131.18267822265625, 22.802553176879883, 116.32400512695312], "obj_id": 3}, {"cam_R_m2c": [0.8769009113311768, -0.3553939461708069, 0.32363542914390564, -0.23419709503650665, -0.9038717746734619, -0.35800454020500183, 0.4197576344013214, 0.2381400316953659, -0.8758381605148315], "cam_t_m2c": [-131.18267822265625, 22.802553176879883, 116.32400512695312], "obj_id": 1}, {"cam_R_m2c": [0.8769009113311768, -0.3553939461708069, 0.32363542914390564, -0.23419709503650665, -0.9038717746734619, -0.35800454020500183, 0.4197576344013214, 0.2381400316953659, -0.8758381605148315], "cam_t_m2c": [-131.18267822265625, 22.802553176879883, 116.32400512695312], "obj_id": 1}, {"cam_R_m2c": [0.8769009113311768, -0.3553939461708069, 0.32363542914390564, -0.23419709503650665, -0.9038717746734619, -0.35800454020500183, 0.4197576344013214, 0.2381400316953659, -0.8758381605148315], "cam_t_m2c": [-131.18267822265625, 22.802553176879883, 116.32400512695312], "obj_id": 3}, {"cam_R_m2c": [0.8769009113311768, -0.3553939461708069, 0.32363542914390564, -0.23419709503650665, -0.9038717746734619, -0.35800454020500183, 0.4197576344013214, 0.2381400316953659, -0.8758381605148315], "cam_t_m2c": [-131.18267822265625, 22.802553176879883, 116.32400512695312], "obj_id": 2}, {"cam_R_m2c": [0.8769009113311768, -0.3553939461708069, 0.32363542914390564, -0.23419709503650665, -0.9038717746734619, -0.35800454020500183, 0.4197576344013214, 0.2381400316953659, -0.8758381605148315], "cam_t_m2c": [-131.18267822265625, 22.802553176879883, 116.32400512695312], "obj_id": 2}, {"cam_R_m2c": [0.8769009113311768, -0.3553939461708069, 0.32363542914390564, -0.23419709503650665, -0.9038717746734619, -0.35800454020500183, 0.4197576344013214, 0.2381400316953659, -0.8758381605148315], "cam_t_m2c": [-131.18267822265625, 22.802553176879883, 116.32400512695312], "obj_id": 0}, {"cam_R_m2c": [0.8769009113311768, -0.3553939461708069, 0.32363542914390564, -0.23419709503650665, -0.9038717746734619, -0.35800454020500183, 0.4197576344013214, 0.2381400316953659, -0.8758381605148315], "cam_t_m2c": [-131.18267822265625, 22.802553176879883, 116.32400512695312], "obj_id": 2}, {"cam_R_m2c": [0.8769009113311768, -0.3553939461708069, 0.32363542914390564, -0.23419709503650665, -0.9038717746734619, -0.35800454020500183, 0.4197576344013214, 0.2381400316953659, -0.8758381605148315], "cam_t_m2c": [-131.18267822265625, 22.802553176879883, 116.32400512695312], "obj_id": 2}, {"cam_R_m2c": [0.8769009113311768, -0.3553939461708069, 0.32363542914390564, -0.23419709503650665, -0.9038717746734619, -0.35800454020500183, 0.4197576344013214, 0.2381400316953659, -0.8758381605148315], "cam_t_m2c": [-131.18267822265625, 22.802553176879883, 116.32400512695312], "obj_id": 2}, {"cam_R_m2c": [0.8769009113311768, -0.3553939461708069, 0.32363542914390564, -0.23419709503650665, -0.9038717746734619, -0.35800454020500183, 0.4197576344013214, 0.2381400316953659, -0.8758381605148315], "cam_t_m2c": [-131.18267822265625, 22.802553176879883, 116.32400512695312], "obj_id": 3}, {"cam_R_m2c": [0.8769009113311768, -0.3553939461708069, 0.32363542914390564, -0.23419709503650665, -0.9038717746734619, -0.35800454020500183, 0.4197576344013214, 0.2381400316953659, -0.8758381605148315], "cam_t_m2c": [-131.18267822265625, 22.802553176879883, 116.32400512695312], "obj_id": 2}, {"cam_R_m2c": [0.8769009113311768, -0.3553939461708069, 0.32363542914390564, -0.23419709503650665, -0.9038717746734619, -0.35800454020500183, 0.4197576344013214, 0.2381400316953659, -0.8758381605148315], "cam_t_m2c": [-131.18267822265625, 22.802553176879883, 116.32400512695312], "obj_id": 2}, {"cam_R_m2c": [0.8769009113311768, -0.3553939461708069, 0.32363542914390564, -0.23419709503650665, -0.9038717746734619, -0.35800454020500183, 0.4197576344013214, 0.2381400316953659, -0.8758381605148315], "cam_t_m2c": [-131.18267822265625, 22.802553176879883, 116.32400512695312], "obj_id": 0}, {"cam_R_m2c": [0.8769009113311768, -0.3553939461708069, 0.32363542914390564, -0.23419709503650665, -0.9038717746734619, -0.35800454020500183, 0.4197576344013214, 0.2381400316953659, -0.8758381605148315], "cam_t_m2c": [-131.18267822265625, 22.802553176879883, 116.32400512695312], "obj_id": 0}, {"cam_R_m2c": [0.8769009113311768, -0.3553939461708069, 0.32363542914390564, -0.23419709503650665, -0.9038717746734619, -0.35800454020500183, 0.4197576344013214, 0.2381400316953659, -0.8758381605148315], "cam_t_m2c": [-131.18267822265625, 22.802553176879883, 116.32400512695312], "obj_id": 3}, {"cam_R_m2c": [0.8769009113311768, -0.3553939461708069, 0.32363542914390564, -0.23419709503650665, -0.9038717746734619, -0.35800454020500183, 0.4197576344013214, 0.2381400316953659, -0.8758381605148315], "cam_t_m2c": [-131.18267822265625, 22.802553176879883, 116.32400512695312], "obj_id": 1}, {"cam_R_m2c": [0.8769009113311768, -0.3553939461708069, 0.32363542914390564, -0.23419709503650665, -0.9038717746734619, -0.35800454020500183, 0.4197576344013214, 0.2381400316953659, -0.8758381605148315], "cam_t_m2c": [-131.18267822265625, 22.802553176879883, 116.32400512695312], "obj_id": 1}, {"cam_R_m2c": [0.8769009113311768, -0.3553939461708069, 0.32363542914390564, -0.23419709503650665, -0.9038717746734619, -0.35800454020500183, 0.4197576344013214, 0.2381400316953659, -0.8758381605148315], "cam_t_m2c": [-131.18267822265625, 22.802553176879883, 116.32400512695312], "obj_id": 1}, {"cam_R_m2c": [0.8769009113311768, -0.3553939461708069, 0.32363542914390564, -0.23419709503650665, -0.9038717746734619, -0.35800454020500183, 0.4197576344013214, 0.2381400316953659, -0.8758381605148315], "cam_t_m2c": [-131.18267822265625, 22.802553176879883, 116.32400512695312], "obj_id": 2}, {"cam_R_m2c": [-0.015949899330735207, -0.7489490509033203, -0.6624354720115662, 0.05334606021642685, 0.6609387993812561, -0.7485412955284119, 0.9984486699104309, -0.04727752134203911, 0.029411595314741135], "cam_t_m2c": [19.635478973388672, -0.12443307787179947, 148.17897033691406], "obj_id": 3}, {"cam_R_m2c": [-0.48418259620666504, -0.5715557932853699, -0.6624884009361267, 0.8275678157806396, -0.5449752807617188, -0.13465921580791473, -0.28407466411590576, -0.6134538054466248, 0.7368690371513367], "cam_t_m2c": [-117.6021499633789, -189.31976318359375, 167.72802734375], "obj_id": 0}, {"cam_R_m2c": [-0.5234895348548889, -0.11175982654094696, 0.8446705341339111, -0.3543224334716797, 0.9301280975341797, -0.09652659296989441, -0.7748639583587646, -0.34981638193130493, -0.5265113711357117], "cam_t_m2c": [-2553.4296875, 2844.93798828125, 7025.0576171875], "obj_id": 2}, {"cam_R_m2c": [0.059643421322107315, 0.00300683849491179, 0.9982151985168457, 0.14997340738773346, -0.9886718392372131, -0.005982823204249144, 0.9868893623352051, 0.15006257593631744, -0.059418655931949615], "cam_t_m2c": [-263.36962890625, -71.74006652832031, 79.6302490234375], "obj_id": 3}, {"cam_R_m2c": [-0.7640580534934998, 0.5308269262313843, -0.3666575253009796, 0.44714078307151794, 0.02603256143629551, -0.8940845727920532, -0.46505919098854065, -0.8470802307128906, -0.25724461674690247], "cam_t_m2c": [-179.56463623046875, 103.58100891113281, 56.2940559387207], "obj_id": 3}, {"cam_R_m2c": [0.15420183539390564, -0.9819100499153137, 0.10988412797451019, 0.7135205864906311, 0.03373720496892929, -0.6998215913772583, 0.6834546327590942, 0.18631836771965027, 0.705815315246582], "cam_t_m2c": [-14.096182823181152, -81.58048248291016, 165.63706970214844], "obj_id": 1}, {"cam_R_m2c": [0.0953386127948761, 0.42955267429351807, 0.8979949951171875, 0.9115992784500122, -0.4000515341758728, 0.09458032250404358, 0.3998715579509735, 0.809594452381134, -0.4297202527523041], "cam_t_m2c": [9.814530372619629, 133.2262420654297, 82.9969482421875], "obj_id": 0}, {"cam_R_m2c": [-0.9841216802597046, -0.03408706560730934, -0.1741907298564911, 0.0746312066912651, -0.9698849320411682, -0.23184734582901, -0.1610419750213623, -0.24116608500480652, 0.9570289254188538], "cam_t_m2c": [-282.7602844238281, 161.03646850585938, -36.51075744628906], "obj_id": 0}]
}