{
  "0": [{"cam_R_m2c": [0.7186219096183777, 0.6925472617149353, -0.06293504685163498, 0.14986616373062134, -0.2426101118326187, -0.9584782123565674, -0.679060161113739, 0.6793515682220459, -0.2781343460083008], "cam_t_m2c": [-96.54911041259766, 161.11026000976562, 148.28395080566406], "obj_id": 1}, {"cam_R_m2c": [0.7186219096183777, 0.6925472617149353, -0.06293504685163498, 0.14986616373062134, -0.2426101118326187, -0.9584782123565674, -0.679060161113739, 0.6793515682220459, -0.2781343460083008], "cam_t_m2c": [-96.54911041259766, 161.11026000976562, 148.28395080566406], "obj_id": 2}, {"cam_R_m2c": [0.7186219096183777, 0.6925472617149353, -0.06293504685163498, 0.14986616373062134, -0.2426101118326187, -0.9584782123565674, -0.679060161113739, 0.6793515682220459, -0.2781343460083008], "cam_t_m2c": [-96.54911041259766, 161.11026000976562, 148.28395080566406], "obj_id": 0}, {"cam_R_m2c": [0.7186219096183777, 0.6925472617149353, -0.06293504685163498, 0.14986616373062134, -0.2426101118326187, -0.9584782123565674, -0.679060161113739, 0.6793515682220459, -0.2781343460083008], "cam_t_m2c": [-96.54911041259766, 161.11026000976562, 148.28395080566406], "obj_id": 0}, {"cam_R_m2c": [0.7186219096183777, 0.6925472617149353, -0.06293504685163498, 0.14986616373062134, -0.2426101118326187, -0.9584782123565674, -0.679060161113739, 0.6793515682220459, -0.2781343460083008], "cam_t_m2c": [-96.54911041259766, 161.11026000976562, 148.28395080566406], "obj_id": 0}, {"cam_R_m2c": [0.7186219096183777, 0.6925472617149353, -0.06293504685163498, 0.14986616373062134, -0.2426101118326187, -0.9584782123565674, -0.679060161113739, 0.6793515682220459, -0.2781343460083008], "cam_t_m2c": [-96.54911041259766, 161.11026000976562, 148.28395080566406], "obj_id": 3}, {"cam_R_m2c": [0.7186219096183777, 0.6925472617149353, -0.06293504685163498, 0.14986616373062134, -0.2426101118326187, -0.9584782123565674, -0.679060161113739, 0.6793515682220459, -0.2781343460083008], "cam_t_m2c": [-96.54911041259766, 161.11026000976562, 148.28395080566406], "obj_id": 2}, {"cam_R_m2c": [0.7186219096183777, 0.6925472617149353, -0.06293504685163498, 0.14986616373062134, -0.2426101118326187, -0.9584782123565674, -0.679060161113739, 0.6793515682220459, -0.2781343460083008], "cam_t_m2c": [-96.54911041259766, 161.11026000976562, 148.28395080566406], "obj_id": 0}, {"cam_R_m2c": [0.7186219096183777, 0.6925472617149353, -0.06293504685163498, 0.14986616373062134, -0.2426101118326187, -0.9584782123565674, -0.679060161113739, 0.6793515682220459, -0.2781343460083008], "cam_t_m2c": [-96.54911041259766, 161.11026000976562, 148.28395080566406], "obj_id": 3}, {"cam_R_m2c": [0.7186219096183777, 0.6925472617149353, -0.06293504685163498, 0.14986616373062134, -0.2426101118326187, -0.9584782123565674, -0.679060161113739, 0.6793515682220459, -0.2781343460083008], "cam_t_m2c": [-96.54911041259766, 161.11026000976562, 148.28395080566406], "obj_id": 2}, {"cam_R_m2c": [0.7186219096183777, 0.6925472617149353, -0.06293504685163498, 0.14986616373062134, -0.2426101118326187, -0.9584782123565674, -0.679060161113739, 0.6793515682220459, -0.2781343460083008], "cam_t_m2c": [-96.54911041259766, 161.11026000976562, 148.28395080566406], "obj_id": 1}, {"cam_R_m2c": [0.7186219096183777, 0.6925472617149353, -0.06293504685163498, 0.14986616373062134, -0.2426101118326187, -0.9584782123565674, -0.679060161113739, 0.6793515682220459, -0.2781343460083008], "cam_t_m2c": [-96.54911041259766, 161.11026000976562, 148.28395080566406], "obj_id": 2}, {"cam_R_m2c": [-0.3011135160923004, 0.88704913854599, -0.34996354579925537, 0.8442193269729614, 0.41863226890563965, 0.33472493290901184, 0.44342347979545593, -0.19465577602386475, -0.8749198317527771], "cam_t_m2c": [-69.87358856201172, 203.52125549316406, 102.15764617919922], "obj_id": 1}, {"cam_R_m2c": [-0.0009297720389440656, -0.9227940440177917, -0.3852923512458801, -0.9428492784500122, -0.1275775134563446, 0.3078297972679138, -0.33321818709373474, 0.363558828830719, -0.8699370622634888], "cam_t_m2c": [-23.26251792907715, 195.14492797851562, 112.11927032470703], "obj_id": 2}, {"cam_R_m2c": [0.33110278844833374, -0.5686572194099426, 0.7529939413070679, 0.6112205982208252, 0.7372108101844788, 0.2879749536514282, -0.7188743352890015, 0.36489611864089966, 0.5916675925254822], "cam_t_m2c": [-142.6338348388672, 69.00296783447266, 371.39837646484375], "obj_id": 3}, {"cam_R_m2c": [-0.6940329670906067, 0.7046622633934021, -0.14754393696784973, 0.010252189822494984, -0.19524405896663666, -0.9807010889053345, -0.7198701500892639, -0.6821515560150146, 0.12828153371810913], "cam_t_m2c": [-3.330592155456543, 110.73655700683594, 78.64689636230469], "obj_id": 4}],
  "1": [{"cam_R_m2c": [-0.9955342411994934, -0.06945448368787766, -0.06393500417470932, -0.004020731430500746, 0.7078499794006348, -0.7063513994216919, 0.09431566298007965, -0.7029399275779724, -0.7049680948257446], "cam_t_m2c": [-138.8372344970703, -180.79937744140625, 869.391845703125], "obj_id": 1}, {"cam_R_m2c": [-0.9955342411994934, -0.06945448368787766, -0.06393500417470932, -0.004020731430500746, 0.7078499794006348, -0.7063513994216919, 0.09431566298007965, -0.7029399275779724, -0.7049680948257446], "cam_t_m2c": [-138.8372344970703, -180.79937744140625, 869.391845703125], "obj_id": 2}, {"cam_R_m2c": [-0.9955342411994934, -0.06945448368787766, -0.06393500417470932, -0.004020731430500746, 0.7078499794006348, -0.7063513994216919, 0.09431566298007965, -0.7029399275779724, -0.7049680948257446], "cam_t_m2c": [-138.8372344970703, -180.79937744140625, 869.391845703125], "obj_id": 0}, {"cam_R_m2c": [-0.9955342411994934, -0.06945448368787766, -0.06393500417470932, -0.004020731430500746, 0.7078499794006348, -0.7063513994216919, 0.09431566298007965, -0.7029399275779724, -0.7049680948257446], "cam_t_m2c": [-138.8372344970703, -180.79937744140625, 869.391845703125], "obj_id": 0}, {"cam_R_m2c": [-0.9955342411994934, -0.06945448368787766, -0.06393500417470932, -0.004020731430500746, 0.7078499794006348, -0.7063513994216919, 0.09431566298007965, -0.7029399275779724, -0.7049680948257446], "cam_t_m2c": [-138.8372344970703, -180.79937744140625, 869.391845703125], "obj_id": 0}, {"cam_R_m2c": [-0.9955342411994934, -0.06945448368787766, -0.06393500417470932, -0.004020731430500746, 0.7078499794006348, -0.7063513994216919, 0.09431566298007965, -0.7029399275779724, -0.7049680948257446], "cam_t_m2c": [-138.8372344970703, -180.79937744140625, 869.391845703125], "obj_id": 3}, {"cam_R_m2c": [-0.9955342411994934, -0.06945448368787766, -0.06393500417470932, -0.004020731430500746, 0.7078499794006348, -0.7063513994216919, 0.09431566298007965, -0.7029399275779724, -0.7049680948257446], "cam_t_m2c": [-138.8372344970703, -180.79937744140625, 869.391845703125], "obj_id": 2}, {"cam_R_m2c": [-0.9955342411994934, -0.06945448368787766, -0.06393500417470932, -0.004020731430500746, 0.7078499794006348, -0.7063513994216919, 0.09431566298007965, -0.7029399275779724, -0.7049680948257446], "cam_t_m2c": [-138.8372344970703, -180.79937744140625, 869.391845703125], "obj_id": 0}, {"cam_R_m2c": [-0.9955342411994934, -0.06945448368787766, -0.06393500417470932, -0.004020731430500746, 0.7078499794006348, -0.7063513994216919, 0.09431566298007965, -0.7029399275779724, -0.7049680948257446], "cam_t_m2c": [-138.8372344970703, -180.79937744140625, 869.391845703125], "obj_id": 3}, {"cam_R_m2c": [-0.9955342411994934, -0.06945448368787766, -0.06393500417470932, -0.004020731430500746, 0.7078499794006348, -0.7063513994216919, 0.09431566298007965, -0.7029399275779724, -0.7049680948257446], "cam_t_m2c": [-138.8372344970703, -180.79937744140625, 869.391845703125], "obj_id": 2}, {"cam_R_m2c": [-0.9955342411994934, -0.06945448368787766, -0.06393500417470932, -0.004020731430500746, 0.7078499794006348, -0.7063513994216919, 0.09431566298007965, -0.7029399275779724, -0.7049680948257446], "cam_t_m2c": [-138.8372344970703, -180.79937744140625, 869.391845703125], "obj_id": 1}, {"cam_R_m2c": [-0.9955342411994934, -0.06945448368787766, -0.06393500417470932, -0.004020731430500746, 0.7078499794006348, -0.7063513994216919, 0.09431566298007965, -0.7029399275779724, -0.7049680948257446], "cam_t_m2c": [-138.8372344970703, -180.79937744140625, 869.391845703125], "obj_id": 2}, {"cam_R_m2c": [0.45542633533477783, -0.82932448387146, -0.3237401843070984, 0.5674989223480225, 0.5506182909011841, -0.6121800541877747, 0.6859531998634338, 0.09508072584867477, 0.7214068174362183], "cam_t_m2c": [-191.93746948242188, -176.5785369873047, 911.8236694335938], "obj_id": 1}, {"cam_R_m2c": [-0.14775651693344116, 0.945005476474762, -0.29177501797676086, -0.7029511332511902, -0.30786895751953125, -0.6411523818969727, -0.6957209706306458, 0.11036911606788635, 0.7097823023796082], "cam_t_m2c": [-220.30136108398438, -149.2443389892578, 883.7110595703125], "obj_id": 2}, {"cam_R_m2c": [-0.759749174118042, 0.6154495477676392, -0.20976853370666504, -0.004333667457103729, 0.317813515663147, 0.9481433033943176, 0.6502016186714172, 0.7212602496147156, -0.2387913018465042], "cam_t_m2c": [46.980979919433594, -100.05857849121094, 730.3230590820312], "obj_id": 3}, {"cam_R_m2c": [0.06089535728096962, -0.962405264377594, 0.26470303535461426, -0.8534637689590454, -0.1877196580171585, -0.4861694574356079, 0.5175820589065552, -0.19630903005599976, -0.8328092694282532], "cam_t_m2c": [-251.08497619628906, -204.00831604003906, 815.1856689453125], "obj_id": 4}],
  "2": [{"cam_R_m2c": [-0.9955342411994934, -0.06945448368787766, -0.06393500417470932, -0.004020731430500746, 0.7078499794006348, -0.7063513994216919, 0.09431566298007965, -0.7029399275779724, -0.7049680948257446], "cam_t_m2c": [-138.8372344970703, -180.79937744140625, 869.391845703125], "obj_id": 1}, {"cam_R_m2c": [-0.9955342411994934, -0.06945448368787766, -0.06393500417470932, -0.004020731430500746, 0.7078499794006348, -0.7063513994216919, 0.09431566298007965, -0.7029399275779724, -0.7049680948257446], "cam_t_m2c": [-138.8372344970703, -180.79937744140625, 869.391845703125], "obj_id": 2}, {"cam_R_m2c": [-0.9955342411994934, -0.06945448368787766, -0.06393500417470932, -0.004020731430500746, 0.7078499794006348, -0.7063513994216919, 0.09431566298007965, -0.7029399275779724, -0.7049680948257446], "cam_t_m2c": [-138.8372344970703, -180.79937744140625, 869.391845703125], "obj_id": 0}, {"cam_R_m2c": [-0.9955342411994934, -0.06945448368787766, -0.06393500417470932, -0.004020731430500746, 0.7078499794006348, -0.7063513994216919, 0.09431566298007965, -0.7029399275779724, -0.7049680948257446], "cam_t_m2c": [-138.8372344970703, -180.79937744140625, 869.391845703125], "obj_id": 0}, {"cam_R_m2c": [-0.9955342411994934, -0.06945448368787766, -0.06393500417470932, -0.004020731430500746, 0.7078499794006348, -0.7063513994216919, 0.09431566298007965, -0.7029399275779724, -0.7049680948257446], "cam_t_m2c": [-138.8372344970703, -180.79937744140625, 869.391845703125], "obj_id": 0}, {"cam_R_m2c": [-0.9955342411994934, -0.06945448368787766, -0.06393500417470932, -0.004020731430500746, 0.7078499794006348, -0.7063513994216919, 0.09431566298007965, -0.7029399275779724, -0.7049680948257446], "cam_t_m2c": [-138.8372344970703, -180.79937744140625, 869.391845703125], "obj_id": 3}, {"cam_R_m2c": [-0.9955342411994934, -0.06945448368787766, -0.06393500417470932, -0.004020731430500746, 0.7078499794006348, -0.7063513994216919, 0.09431566298007965, -0.7029399275779724, -0.7049680948257446], "cam_t_m2c": [-138.8372344970703, -180.79937744140625, 869.391845703125], "obj_id": 2}, {"cam_R_m2c": [-0.9955342411994934, -0.06945448368787766, -0.06393500417470932, -0.004020731430500746, 0.7078499794006348, -0.7063513994216919, 0.09431566298007965, -0.7029399275779724, -0.7049680948257446], "cam_t_m2c": [-138.8372344970703, -180.79937744140625, 869.391845703125], "obj_id": 0}, {"cam_R_m2c": [-0.9955342411994934, -0.06945448368787766, -0.06393500417470932, -0.004020731430500746, 0.7078499794006348, -0.7063513994216919, 0.09431566298007965, -0.7029399275779724, -0.7049680948257446], "cam_t_m2c": [-138.8372344970703, -180.79937744140625, 869.391845703125], "obj_id": 3}, {"cam_R_m2c": [-0.9955342411994934, -0.06945448368787766, -0.06393500417470932, -0.004020731430500746, 0.7078499794006348, -0.7063513994216919, 0.09431566298007965, -0.7029399275779724, -0.7049680948257446], "cam_t_m2c": [-138.8372344970703, -180.79937744140625, 869.391845703125], "obj_id": 2}, {"cam_R_m2c": [-0.9955342411994934, -0.06945448368787766, -0.06393500417470932, -0.004020731430500746, 0.7078499794006348, -0.7063513994216919, 0.09431566298007965, -0.7029399275779724, -0.7049680948257446], "cam_t_m2c": [-138.8372344970703, -180.79937744140625, 869.391845703125], "obj_id": 1}, {"cam_R_m2c": [-0.9955342411994934, -0.06945448368787766, -0.06393500417470932, -0.004020731430500746, 0.7078499794006348, -0.7063513994216919, 0.09431566298007965, -0.7029399275779724, -0.7049680948257446], "cam_t_m2c": [-138.8372344970703, -180.79937744140625, 869.391845703125], "obj_id": 2}, {"cam_R_m2c": [0.45542633533477783, -0.82932448387146, -0.3237401843070984, 0.5674989223480225, 0.5506182909011841, -0.6121800541877747, 0.6859531998634338, 0.09508072584867477, 0.7214068174362183], "cam_t_m2c": [-191.93746948242188, -176.5785369873047, 911.8236694335938], "obj_id": 1}, {"cam_R_m2c": [-0.14775651693344116, 0.945005476474762, -0.29177501797676086, -0.7029511332511902, -0.30786895751953125, -0.6411523818969727, -0.6957209706306458, 0.11036911606788635, 0.7097823023796082], "cam_t_m2c": [-220.30136108398438, -149.2443389892578, 883.7110595703125], "obj_id": 2}, {"cam_R_m2c": [-0.759749174118042, 0.6154495477676392, -0.20976853370666504, -0.004333667457103729, 0.317813515663147, 0.9481433033943176, 0.6502016186714172, 0.7212602496147156, -0.2387913018465042], "cam_t_m2c": [46.980979919433594, -100.05857849121094, 730.3230590820312], "obj_id": 3}, {"cam_R_m2c": [0.06089535728096962, -0.962405264377594, 0.26470303535461426, -0.8534637689590454, -0.1877196580171585, -0.4861694574356079, 0.5175820589065552, -0.19630903005599976, -0.8328092694282532], "cam_t_m2c": [-251.08497619628906, -204.00831604003906, 815.1856689453125], "obj_id": 4}],
  "3": [{"cam_R_m2c": [-0.20954205095767975, 0.9632327556610107, 0.16815082728862762, 0.6171438097953796, 0.2636719346046448, -0.7413572669029236, -0.7584362626075745, -0.051572300493717194, -0.6497035026550293], "cam_t_m2c": [-361.84942626953125, 73.76826477050781, 407.2125244140625], "obj_id": 1}, {"cam_R_m2c": [-0.20954205095767975, 0.9632327556610107, 0.16815082728862762, 0.6171438097953796, 0.2636719346046448, -0.7413572669029236, -0.7584362626075745, -0.051572300493717194, -0.6497035026550293], "cam_t_m2c": [-361.84942626953125, 73.76826477050781, 407.2125244140625], "obj_id": 2}, {"cam_R_m2c": [-0.20954205095767975, 0.9632327556610107, 0.16815082728862762, 0.6171438097953796, 0.2636719346046448, -0.7413572669029236, -0.7584362626075745, -0.051572300493717194, -0.6497035026550293], "cam_t_m2c": [-361.84942626953125, 73.76826477050781, 407.2125244140625], "obj_id": 0}, {"cam_R_m2c": [-0.20954205095767975, 0.9632327556610107, 0.16815082728862762, 0.6171438097953796, 0.2636719346046448, -0.7413572669029236, -0.7584362626075745, -0.051572300493717194, -0.6497035026550293], "cam_t_m2c": [-361.84942626953125, 73.76826477050781, 407.2125244140625], "obj_id": 0}, {"cam_R_m2c": [-0.20954205095767975, 0.9632327556610107, 0.16815082728862762, 0.6171438097953796, 0.2636719346046448, -0.7413572669029236, -0.7584362626075745, -0.051572300493717194, -0.6497035026550293], "cam_t_m2c": [-361.84942626953125, 73.76826477050781, 407.2125244140625], "obj_id": 0}, {"cam_R_m2c": [-0.20954205095767975, 0.9632327556610107, 0.16815082728862762, 0.6171438097953796, 0.2636719346046448, -0.7413572669029236, -0.7584362626075745, -0.051572300493717194, -0.6497035026550293], "cam_t_m2c": [-361.84942626953125, 73.76826477050781, 407.2125244140625], "obj_id": 3}, {"cam_R_m2c": [-0.20954205095767975, 0.9632327556610107, 0.16815082728862762, 0.6171438097953796, 0.2636719346046448, -0.7413572669029236, -0.7584362626075745, -0.051572300493717194, -0.6497035026550293], "cam_t_m2c": [-361.84942626953125, 73.76826477050781, 407.2125244140625], "obj_id": 2}, {"cam_R_m2c": [-0.20954205095767975, 0.9632327556610107, 0.16815082728862762, 0.6171438097953796, 0.2636719346046448, -0.7413572669029236, -0.7584362626075745, -0.051572300493717194, -0.6497035026550293], "cam_t_m2c": [-361.84942626953125, 73.76826477050781, 407.2125244140625], "obj_id": 0}, {"cam_R_m2c": [-0.20954205095767975, 0.9632327556610107, 0.16815082728862762, 0.6171438097953796, 0.2636719346046448, -0.7413572669029236, -0.7584362626075745, -0.051572300493717194, -0.6497035026550293], "cam_t_m2c": [-361.84942626953125, 73.76826477050781, 407.2125244140625], "obj_id": 3}, {"cam_R_m2c": [-0.20954205095767975, 0.9632327556610107, 0.16815082728862762, 0.6171438097953796, 0.2636719346046448, -0.7413572669029236, -0.7584362626075745, -0.051572300493717194, -0.6497035026550293], "cam_t_m2c": [-361.84942626953125, 73.76826477050781, 407.2125244140625], "obj_id": 2}, {"cam_R_m2c": [-0.20954205095767975, 0.9632327556610107, 0.16815082728862762, 0.6171438097953796, 0.2636719346046448, -0.7413572669029236, -0.7584362626075745, -0.051572300493717194, -0.6497035026550293], "cam_t_m2c": [-361.84942626953125, 73.76826477050781, 407.2125244140625], "obj_id": 1}, {"cam_R_m2c": [-0.20954205095767975, 0.9632327556610107, 0.16815082728862762, 0.6171438097953796, 0.2636719346046448, -0.7413572669029236, -0.7584362626075745, -0.051572300493717194, -0.6497035026550293], "cam_t_m2c": [-361.84942626953125, 73.76826477050781, 407.2125244140625], "obj_id": 2}, {"cam_R_m2c": [-0.1796763390302658, 0.12435712665319443, -0.9758338332176208, 0.4064141809940338, 0.9127466082572937, 0.04148608818650246, 0.8958481550216675, -0.38913866877555847, -0.21453946828842163], "cam_t_m2c": [-401.0219421386719, 124.61708068847656, 384.4567565917969], "obj_id": 1}, {"cam_R_m2c": [0.15155120193958282, -0.13984698057174683, -0.9785065054893494, -0.6862324476242065, -0.7273784875869751, -0.0023276677820831537, -0.7114191055297852, 0.671835720539093, -0.20620255172252655], "cam_t_m2c": [-366.3997497558594, 149.44776916503906, 361.50616455078125], "obj_id": 2}, {"cam_R_m2c": [-0.6321101784706116, -0.3283058702945709, 0.7018916010856628, 0.6987664103507996, 0.14998404681682587, 0.6994499564170837, -0.33490604162216187, 0.9325878024101257, 0.13460275530815125], "cam_t_m2c": [-178.5899200439453, -32.84266662597656, 531.4609375], "obj_id": 3}, {"cam_R_m2c": [-0.8953237533569336, -0.0718153864145279, 0.439588338136673, -0.4350382685661316, 0.3527875542640686, -0.8284217715263367, -0.09558786451816559, -0.9329434633255005, -0.3471015393733978], "cam_t_m2c": [-345.4365234375, 101.60118865966797, 284.6055603027344], "obj_id": 4}],
  "4": [{"cam_R_m2c": [-0.20954205095767975, 0.9632327556610107, 0.16815082728862762, 0.6171438097953796, 0.2636719346046448, -0.7413572669029236, -0.7584362626075745, -0.051572300493717194, -0.6497035026550293], "cam_t_m2c": [-361.84942626953125, 73.76826477050781, 407.2125244140625], "obj_id": 1}, {"cam_R_m2c": [-0.20954205095767975, 0.9632327556610107, 0.16815082728862762, 0.6171438097953796, 0.2636719346046448, -0.7413572669029236, -0.7584362626075745, -0.051572300493717194, -0.6497035026550293], "cam_t_m2c": [-361.84942626953125, 73.76826477050781, 407.2125244140625], "obj_id": 2}, {"cam_R_m2c": [-0.20954205095767975, 0.9632327556610107, 0.16815082728862762, 0.6171438097953796, 0.2636719346046448, -0.7413572669029236, -0.7584362626075745, -0.051572300493717194, -0.6497035026550293], "cam_t_m2c": [-361.84942626953125, 73.76826477050781, 407.2125244140625], "obj_id": 0}, {"cam_R_m2c": [-0.20954205095767975, 0.9632327556610107, 0.16815082728862762, 0.6171438097953796, 0.2636719346046448, -0.7413572669029236, -0.7584362626075745, -0.051572300493717194, -0.6497035026550293], "cam_t_m2c": [-361.84942626953125, 73.76826477050781, 407.2125244140625], "obj_id": 0}, {"cam_R_m2c": [-0.20954205095767975, 0.9632327556610107, 0.16815082728862762, 0.6171438097953796, 0.2636719346046448, -0.7413572669029236, -0.7584362626075745, -0.051572300493717194, -0.6497035026550293], "cam_t_m2c": [-361.84942626953125, 73.76826477050781, 407.2125244140625], "obj_id": 0}, {"cam_R_m2c": [-0.20954205095767975, 0.9632327556610107, 0.16815082728862762, 0.6171438097953796, 0.2636719346046448, -0.7413572669029236, -0.7584362626075745, -0.051572300493717194, -0.6497035026550293], "cam_t_m2c": [-361.84942626953125, 73.76826477050781, 407.2125244140625], "obj_id": 3}, {"cam_R_m2c": [-0.20954205095767975, 0.9632327556610107, 0.16815082728862762, 0.6171438097953796, 0.2636719346046448, -0.7413572669029236, -0.7584362626075745, -0.051572300493717194, -0.6497035026550293], "cam_t_m2c": [-361.84942626953125, 73.76826477050781, 407.2125244140625], "obj_id": 2}, {"cam_R_m2c": [-0.20954205095767975, 0.9632327556610107, 0.16815082728862762, 0.6171438097953796, 0.2636719346046448, -0.7413572669029236, -0.7584362626075745, -0.051572300493717194, -0.6497035026550293], "cam_t_m2c": [-361.84942626953125, 73.76826477050781, 407.2125244140625], "obj_id": 0}, {"cam_R_m2c": [-0.20954205095767975, 0.9632327556610107, 0.16815082728862762, 0.6171438097953796, 0.2636719346046448, -0.7413572669029236, -0.7584362626075745, -0.051572300493717194, -0.6497035026550293], "cam_t_m2c": [-361.84942626953125, 73.76826477050781, 407.2125244140625], "obj_id": 3}, {"cam_R_m2c": [-0.20954205095767975, 0.9632327556610107, 0.16815082728862762, 0.6171438097953796, 0.2636719346046448, -0.7413572669029236, -0.7584362626075745, -0.051572300493717194, -0.6497035026550293], "cam_t_m2c": [-361.84942626953125, 73.76826477050781, 407.2125244140625], "obj_id": 2}, {"cam_R_m2c": [-0.20954205095767975, 0.9632327556610107, 0.16815082728862762, 0.6171438097953796, 0.2636719346046448, -0.7413572669029236, -0.7584362626075745, -0.051572300493717194, -0.6497035026550293], "cam_t_m2c": [-361.84942626953125, 73.76826477050781, 407.2125244140625], "obj_id": 1}, {"cam_R_m2c": [-0.20954205095767975, 0.9632327556610107, 0.16815082728862762, 0.6171438097953796, 0.2636719346046448, -0.7413572669029236, -0.7584362626075745, -0.051572300493717194, -0.6497035026550293], "cam_t_m2c": [-361.84942626953125, 73.76826477050781, 407.2125244140625], "obj_id": 2}, {"cam_R_m2c": [-0.1796763390302658, 0.12435712665319443, -0.9758338332176208, 0.4064141809940338, 0.9127466082572937, 0.04148608818650246, 0.8958481550216675, -0.38913866877555847, -0.21453946828842163], "cam_t_m2c": [-401.0219421386719, 124.61708068847656, 384.4567565917969], "obj_id": 1}, {"cam_R_m2c": [0.15155120193958282, -0.13984698057174683, -0.9785065054893494, -0.6862324476242065, -0.7273784875869751, -0.0023276677820831537, -0.7114191055297852, 0.671835720539093, -0.20620255172252655], "cam_t_m2c": [-366.3997497558594, 149.44776916503906, 361.50616455078125], "obj_id": 2}, {"cam_R_m2c": [-0.6321101784706116, -0.3283058702945709, 0.7018916010856628, 0.6987664103507996, 0.14998404681682587, 0.6994499564170837, -0.33490604162216187, 0.9325878024101257, 0.13460275530815125], "cam_t_m2c": [-178.5899200439453, -32.84266662597656, 531.4609375], "obj_id": 3}, {"cam_R_m2c": [-0.8953237533569336, -0.0718153864145279, 0.439588338136673, -0.4350382685661316, 0.3527875542640686, -0.8284217715263367, -0.09558786451816559, -0.9329434633255005, -0.3471015393733978], "cam_t_m2c": [-345.4365234375, 101.60118865966797, 284.6055603027344], "obj_id": 4}],
  "5": [{"cam_R_m2c": [-0.4136425256729126, -0.8983473777770996, 0.14789098501205444, -0.23158884048461914, -0.05327499285340309, -0.9713538289070129, 0.880492091178894, -0.4360432028770447, -0.18601037561893463], "cam_t_m2c": [240.45724487304688, 56.55986785888672, 758.281982421875], "obj_id": 1}, {"cam_R_m2c": [-0.4136425256729126, -0.8983473777770996, 0.14789098501205444, -0.23158884048461914, -0.05327499285340309, -0.9713538289070129, 0.880492091178894, -0.4360432028770447, -0.18601037561893463], "cam_t_m2c": [240.45724487304688, 56.55986785888672, 758.281982421875], "obj_id": 2}, {"cam_R_m2c": [-0.4136425256729126, -0.8983473777770996, 0.14789098501205444, -0.23158884048461914, -0.05327499285340309, -0.9713538289070129, 0.880492091178894, -0.4360432028770447, -0.18601037561893463], "cam_t_m2c": [240.45724487304688, 56.55986785888672, 758.281982421875], "obj_id": 0}, {"cam_R_m2c": [-0.4136425256729126, -0.8983473777770996, 0.14789098501205444, -0.23158884048461914, -0.05327499285340309, -0.9713538289070129, 0.880492091178894, -0.4360432028770447, -0.18601037561893463], "cam_t_m2c": [240.45724487304688, 56.55986785888672, 758.281982421875], "obj_id": 0}, {"cam_R_m2c": [-0.4136425256729126, -0.8983473777770996, 0.14789098501205444, -0.23158884048461914, -0.05327499285340309, -0.9713538289070129, 0.880492091178894, -0.4360432028770447, -0.18601037561893463], "cam_t_m2c": [240.45724487304688, 56.55986785888672, 758.281982421875], "obj_id": 0}, {"cam_R_m2c": [-0.4136425256729126, -0.8983473777770996, 0.14789098501205444, -0.23158884048461914, -0.05327499285340309, -0.9713538289070129, 0.880492091178894, -0.4360432028770447, -0.18601037561893463], "cam_t_m2c": [240.45724487304688, 56.55986785888672, 758.281982421875], "obj_id": 3}, {"cam_R_m2c": [-0.4136425256729126, -0.8983473777770996, 0.14789098501205444, -0.23158884048461914, -0.05327499285340309, -0.9713538289070129, 0.880492091178894, -0.4360432028770447, -0.18601037561893463], "cam_t_m2c": [240.45724487304688, 56.55986785888672, 758.281982421875], "obj_id": 2}, {"cam_R_m2c": [-0.4136425256729126, -0.8983473777770996, 0.14789098501205444, -0.23158884048461914, -0.05327499285340309, -0.9713538289070129, 0.880492091178894, -0.4360432028770447, -0.18601037561893463], "cam_t_m2c": [240.45724487304688, 56.55986785888672, 758.281982421875], "obj_id": 0}, {"cam_R_m2c": [-0.4136425256729126, -0.8983473777770996, 0.14789098501205444, -0.23158884048461914, -0.05327499285340309, -0.9713538289070129, 0.880492091178894, -0.4360432028770447, -0.18601037561893463], "cam_t_m2c": [240.45724487304688, 56.55986785888672, 758.281982421875], "obj_id": 3}, {"cam_R_m2c": [-0.4136425256729126, -0.8983473777770996, 0.14789098501205444, -0.23158884048461914, -0.05327499285340309, -0.9713538289070129, 0.880492091178894, -0.4360432028770447, -0.18601037561893463], "cam_t_m2c": [240.45724487304688, 56.55986785888672, 758.281982421875], "obj_id": 2}, {"cam_R_m2c": [-0.4136425256729126, -0.8983473777770996, 0.14789098501205444, -0.23158884048461914, -0.05327499285340309, -0.9713538289070129, 0.880492091178894, -0.4360432028770447, -0.18601037561893463], "cam_t_m2c": [240.45724487304688, 56.55986785888672, 758.281982421875], "obj_id": 1}, {"cam_R_m2c": [-0.4136425256729126, -0.8983473777770996, 0.14789098501205444, -0.23158884048461914, -0.05327499285340309, -0.9713538289070129, 0.880492091178894, -0.4360432028770447, -0.18601037561893463], "cam_t_m2c": [240.45724487304688, 56.55986785888672, 758.281982421875], "obj_id": 2}, {"cam_R_m2c": [0.12733469903469086, -0.7457347512245178, 0.6539613008499146, 0.9838957786560059, 0.1783525049686432, 0.01180439256131649, -0.12543854117393494, 0.6419267058372498, 0.7564358711242676], "cam_t_m2c": [233.3776092529297, 73.28233337402344, 823.9185180664062], "obj_id": 1}, {"cam_R_m2c": [0.11093916743993759, 0.7204812169075012, 0.6845430731773376, -0.9875106811523438, 0.15744976699352264, -0.005676775239408016, -0.1118711531162262, -0.6753638386726379, 0.7289502620697021], "cam_t_m2c": [186.2793426513672, 62.93605422973633, 828.0047607421875], "obj_id": 2}, {"cam_R_m2c": [-0.03244329243898392, 0.4033817946910858, -0.9144563674926758, 0.22741635143756866, 0.8939182758331299, 0.3862537443637848, 0.9732570052146912, -0.19543099403381348, -0.12073726952075958], "cam_t_m2c": [199.2753448486328, 66.6556625366211, 516.2288818359375], "obj_id": 3}, {"cam_R_m2c": [0.9114398956298828, -0.40443557500839233, 0.07555932551622391, -0.17363505065441132, -0.544601321220398, -0.8205243349075317, 0.3729989528656006, 0.734738826751709, -0.5665955543518066], "cam_t_m2c": [178.9720458984375, -29.74106788635254, 827.9113159179688], "obj_id": 4}],
  "6": [{"cam_R_m2c": [-0.4136425256729126, -0.8983473777770996, 0.14789098501205444, -0.23158884048461914, -0.05327499285340309, -0.9713538289070129, 0.880492091178894, -0.4360432028770447, -0.18601037561893463], "cam_t_m2c": [240.45724487304688, 56.55986785888672, 758.281982421875], "obj_id": 1}, {"cam_R_m2c": [-0.4136425256729126, -0.8983473777770996, 0.14789098501205444, -0.23158884048461914, -0.05327499285340309, -0.9713538289070129, 0.880492091178894, -0.4360432028770447, -0.18601037561893463], "cam_t_m2c": [240.45724487304688, 56.55986785888672, 758.281982421875], "obj_id": 2}, {"cam_R_m2c": [-0.4136425256729126, -0.8983473777770996, 0.14789098501205444, -0.23158884048461914, -0.05327499285340309, -0.9713538289070129, 0.880492091178894, -0.4360432028770447, -0.18601037561893463], "cam_t_m2c": [240.45724487304688, 56.55986785888672, 758.281982421875], "obj_id": 0}, {"cam_R_m2c": [-0.4136425256729126, -0.8983473777770996, 0.14789098501205444, -0.23158884048461914, -0.05327499285340309, -0.9713538289070129, 0.880492091178894, -0.4360432028770447, -0.18601037561893463], "cam_t_m2c": [240.45724487304688, 56.55986785888672, 758.281982421875], "obj_id": 0}, {"cam_R_m2c": [-0.4136425256729126, -0.8983473777770996, 0.14789098501205444, -0.23158884048461914, -0.05327499285340309, -0.9713538289070129, 0.880492091178894, -0.4360432028770447, -0.18601037561893463], "cam_t_m2c": [240.45724487304688, 56.55986785888672, 758.281982421875], "obj_id": 0}, {"cam_R_m2c": [-0.4136425256729126, -0.8983473777770996, 0.14789098501205444, -0.23158884048461914, -0.05327499285340309, -0.9713538289070129, 0.880492091178894, -0.4360432028770447, -0.18601037561893463], "cam_t_m2c": [240.45724487304688, 56.55986785888672, 758.281982421875], "obj_id": 3}, {"cam_R_m2c": [-0.4136425256729126, -0.8983473777770996, 0.14789098501205444, -0.23158884048461914, -0.05327499285340309, -0.9713538289070129, 0.880492091178894, -0.4360432028770447, -0.18601037561893463], "cam_t_m2c": [240.45724487304688, 56.55986785888672, 758.281982421875], "obj_id": 2}, {"cam_R_m2c": [-0.4136425256729126, -0.8983473777770996, 0.14789098501205444, -0.23158884048461914, -0.05327499285340309, -0.9713538289070129, 0.880492091178894, -0.4360432028770447, -0.18601037561893463], "cam_t_m2c": [240.45724487304688, 56.55986785888672, 758.281982421875], "obj_id": 0}, {"cam_R_m2c": [-0.4136425256729126, -0.8983473777770996, 0.14789098501205444, -0.23158884048461914, -0.05327499285340309, -0.9713538289070129, 0.880492091178894, -0.4360432028770447, -0.18601037561893463], "cam_t_m2c": [240.45724487304688, 56.55986785888672, 758.281982421875], "obj_id": 3}, {"cam_R_m2c": [-0.4136425256729126, -0.8983473777770996, 0.14789098501205444, -0.23158884048461914, -0.05327499285340309, -0.9713538289070129, 0.880492091178894, -0.4360432028770447, -0.18601037561893463], "cam_t_m2c": [240.45724487304688, 56.55986785888672, 758.281982421875], "obj_id": 2}, {"cam_R_m2c": [-0.4136425256729126, -0.8983473777770996, 0.14789098501205444, -0.23158884048461914, -0.05327499285340309, -0.9713538289070129, 0.880492091178894, -0.4360432028770447, -0.18601037561893463], "cam_t_m2c": [240.45724487304688, 56.55986785888672, 758.281982421875], "obj_id": 1}, {"cam_R_m2c": [-0.4136425256729126, -0.8983473777770996, 0.14789098501205444, -0.23158884048461914, -0.05327499285340309, -0.9713538289070129, 0.880492091178894, -0.4360432028770447, -0.18601037561893463], "cam_t_m2c": [240.45724487304688, 56.55986785888672, 758.281982421875], "obj_id": 2}, {"cam_R_m2c": [0.12733469903469086, -0.7457347512245178, 0.6539613008499146, 0.9838957786560059, 0.1783525049686432, 0.01180439256131649, -0.12543854117393494, 0.6419267058372498, 0.7564358711242676], "cam_t_m2c": [233.3776092529297, 73.28233337402344, 823.9185180664062], "obj_id": 1}, {"cam_R_m2c": [0.11093916743993759, 0.7204812169075012, 0.6845430731773376, -0.9875106811523438, 0.15744976699352264, -0.005676775239408016, -0.1118711531162262, -0.6753638386726379, 0.7289502620697021], "cam_t_m2c": [186.2793426513672, 62.93605422973633, 828.0047607421875], "obj_id": 2}, {"cam_R_m2c": [-0.03244329243898392, 0.4033817946910858, -0.9144563674926758, 0.22741635143756866, 0.8939182758331299, 0.3862537443637848, 0.9732570052146912, -0.19543099403381348, -0.12073726952075958], "cam_t_m2c": [199.2753448486328, 66.6556625366211, 516.2288818359375], "obj_id": 3}, {"cam_R_m2c": [0.9114398956298828, -0.40443557500839233, 0.07555932551622391, -0.17363505065441132, -0.544601321220398, -0.8205243349075317, 0.3729989528656006, 0.734738826751709, -0.5665955543518066], "cam_t_m2c": [178.9720458984375, -29.74106788635254, 827.9113159179688], "obj_id": 4}],
  "7": [{"cam_R_m2c": [-0.021867740899324417, 0.9841320514678955, 0.17608420550823212, 0.5246681571006775, 0.1612207144498825, -0.8359013199806213, -0.8510258197784424, 0.07410642504692078, -0.5198682546615601], "cam_t_m2c": [-364.46026611328125, 52.927085876464844, 452.3305358886719], "obj_id": 1}, {"cam_R_m2c": [-0.021867740899324417, 0.9841320514678955, 0.17608420550823212, 0.5246681571006775, 0.1612207144498825, -0.8359013199806213, -0.8510258197784424, 0.07410642504692078, -0.5198682546615601], "cam_t_m2c": [-364.46026611328125, 52.927085876464844, 452.3305358886719], "obj_id": 2}, {"cam_R_m2c": [-0.021867740899324417, 0.9841320514678955, 0.17608420550823212, 0.5246681571006775, 0.1612207144498825, -0.8359013199806213, -0.8510258197784424, 0.07410642504692078, -0.5198682546615601], "cam_t_m2c": [-364.46026611328125, 52.927085876464844, 452.3305358886719], "obj_id": 0}, {"cam_R_m2c": [-0.021867740899324417, 0.9841320514678955, 0.17608420550823212, 0.5246681571006775, 0.1612207144498825, -0.8359013199806213, -0.8510258197784424, 0.07410642504692078, -0.5198682546615601], "cam_t_m2c": [-364.46026611328125, 52.927085876464844, 452.3305358886719], "obj_id": 0}, {"cam_R_m2c": [-0.021867740899324417, 0.9841320514678955, 0.17608420550823212, 0.5246681571006775, 0.1612207144498825, -0.8359013199806213, -0.8510258197784424, 0.07410642504692078, -0.5198682546615601], "cam_t_m2c": [-364.46026611328125, 52.927085876464844, 452.3305358886719], "obj_id": 0}, {"cam_R_m2c": [-0.021867740899324417, 0.9841320514678955, 0.17608420550823212, 0.5246681571006775, 0.1612207144498825, -0.8359013199806213, -0.8510258197784424, 0.07410642504692078, -0.5198682546615601], "cam_t_m2c": [-364.46026611328125, 52.927085876464844, 452.3305358886719], "obj_id": 3}, {"cam_R_m2c": [-0.021867740899324417, 0.9841320514678955, 0.17608420550823212, 0.5246681571006775, 0.1612207144498825, -0.8359013199806213, -0.8510258197784424, 0.07410642504692078, -0.5198682546615601], "cam_t_m2c": [-364.46026611328125, 52.927085876464844, 452.3305358886719], "obj_id": 2}, {"cam_R_m2c": [-0.021867740899324417, 0.9841320514678955, 0.17608420550823212, 0.5246681571006775, 0.1612207144498825, -0.8359013199806213, -0.8510258197784424, 0.07410642504692078, -0.5198682546615601], "cam_t_m2c": [-364.46026611328125, 52.927085876464844, 452.3305358886719], "obj_id": 0}, {"cam_R_m2c": [-0.021867740899324417, 0.9841320514678955, 0.17608420550823212, 0.5246681571006775, 0.1612207144498825, -0.8359013199806213, -0.8510258197784424, 0.07410642504692078, -0.5198682546615601], "cam_t_m2c": [-364.46026611328125, 52.927085876464844, 452.3305358886719], "obj_id": 3}, {"cam_R_m2c": [-0.021867740899324417, 0.9841320514678955, 0.17608420550823212, 0.5246681571006775, 0.1612207144498825, -0.8359013199806213, -0.8510258197784424, 0.07410642504692078, -0.5198682546615601], "cam_t_m2c": [-364.46026611328125, 52.927085876464844, 452.3305358886719], "obj_id": 2}, {"cam_R_m2c": [-0.021867740899324417, 0.9841320514678955, 0.17608420550823212, 0.5246681571006775, 0.1612207144498825, -0.8359013199806213, -0.8510258197784424, 0.07410642504692078, -0.5198682546615601], "cam_t_m2c": [-364.46026611328125, 52.927085876464844, 452.3305358886719], "obj_id": 1}, {"cam_R_m2c": [-0.021867740899324417, 0.9841320514678955, 0.17608420550823212, 0.5246681571006775, 0.1612207144498825, -0.8359013199806213, -0.8510258197784424, 0.07410642504692078, -0.5198682546615601], "cam_t_m2c": [-364.46026611328125, 52.927085876464844, 452.3305358886719], "obj_id": 2}, {"cam_R_m2c": [-0.26264333724975586, 0.28532856702804565, -0.9217407703399658, 0.5404265522956848, 0.8348827362060547, 0.10445065051317215, 0.7993481755256653, -0.4706999361515045, -0.37347549200057983], "cam_t_m2c": [-393.68170166015625, 103.67971801757812, 417.5715026855469], "obj_id": 1}, {"cam_R_m2c": [0.17531438171863556, -0.3211413621902466, -0.9306627511978149, -0.7884131669998169, -0.6119480133056641, 0.06264524906873703, -0.5896351337432861, 0.7227641344070435, -0.3604753911495209], "cam_t_m2c": [-353.4013671875, 121.72606658935547, 397.726806640625], "obj_id": 2}, {"cam_R_m2c": [-0.4903893768787384, -0.44368189573287964, 0.7501095533370972, 0.7033376097679138, 0.30676254630088806, 0.6412587761878967, -0.5146204233169556, 0.8420469164848328, 0.1616252064704895], "cam_t_m2c": [-215.24200439453125, -52.63625717163086, 616.580078125], "obj_id": 3}, {"cam_R_m2c": [-0.9153566360473633, 0.1088055670261383, 0.3876638412475586, -0.3567923605442047, 0.22701844573020935, -0.9061797261238098, -0.18660423159599304, -0.9677932858467102, -0.16898170113563538], "cam_t_m2c": [-326.9112854003906, 62.02965545654297, 331.5673522949219], "obj_id": 4}]
}