{
  "0": [{"cam_R_m2c": [0.8245210647583008, -0.3362244963645935, 0.4551023840904236, -0.0344669334590435, 0.7729697227478027, 0.6335060000419617, -0.564780592918396, -0.5380250215530396, 0.625741183757782], "cam_t_m2c": [43.70344543457031, -34.22438430786133, 383.8784484863281], "obj_id": 0}, {"cam_R_m2c": [-0.3240911662578583, 0.7579619884490967, 0.5660905838012695, -0.9120364785194397, -0.09137675911188126, -0.3997996747493744, -0.2513054311275482, -0.6458668112754822, 0.7209033370018005], "cam_t_m2c": [72.16646575927734, -276.73785400390625, 371.73223876953125], "obj_id": 1}, {"cam_R_m2c": [-0.7472161650657654, 0.4946746528148651, 0.44380730390548706, -0.03342178836464882, 0.6389846801757812, -0.7684930562973022, -0.6637400984764099, -0.589063286781311, -0.46092677116394043], "cam_t_m2c": [-82.1880874633789, -32.4123649597168, 195.1341552734375], "obj_id": 2}, {"cam_R_m2c": [-0.14558108150959015, -0.8757606148719788, -0.46027079224586487, 0.40700942277908325, 0.3710203468799591, -0.8346778154373169, 0.9017478823661804, -0.30884799361228943, 0.3024294078350067], "cam_t_m2c": [170.24346923828125, 133.6497344970703, 147.8081817626953], "obj_id": 3}, {"cam_R_m2c": [-0.8538081049919128, -0.23509849607944489, -0.46447810530662537, 0.47115519642829895, 0.030505346134305, -0.881522536277771, 0.22141365706920624, -0.97149258852005, 0.08472242206335068], "cam_t_m2c": [151.0272216796875, -177.112548828125, 384.2264709472656], "obj_id": 0}, {"cam_R_m2c": [0.016813287511467934, -0.7122802138328552, -0.7016937732696533, -0.9670750498771667, -0.18981990218162537, 0.16951170563697815, -0.253935307264328, 0.6757404804229736, -0.6920199394226074], "cam_t_m2c": [133.2821502685547, -227.6670379638672, 375.0768737792969], "obj_id": 1}, {"cam_R_m2c": [-0.46153122186660767, -0.1739058643579483, 0.8699113726615906, 0.02865496650338173, 0.9771630764007568, 0.21054968237876892, -0.8866611123085022, 0.1221025213599205, -0.44600802659988403], "cam_t_m2c": [24.855892181396484, -308.5660400390625, 325.5556335449219], "obj_id": 2}, {"cam_R_m2c": [-0.2058914601802826, -0.8936958312988281, 0.3986431956291199, -0.6709537506103516, -0.16761697828769684, -0.7223057150840759, 0.7123410105705261, -0.41618776321411133, -0.5651176571846008], "cam_t_m2c": [228.64317321777344, -113.90790557861328, 357.3932800292969], "obj_id": 3}, {"cam_R_m2c": [-0.830893874168396, 0.5211676955223083, -0.19493503868579865, 0.23761999607086182, 0.015560314990580082, -0.9712335467338562, -0.5031422972679138, -0.8533124327659607, -0.1367688775062561], "cam_t_m2c": [24.433103561401367, 39.56883239746094, 344.58355712890625], "obj_id": 0}, {"cam_R_m2c": [0.5260120630264282, 0.8377566337585449, -0.14654383063316345, 0.3032051920890808, -0.3457101881504059, -0.8880038857460022, -0.7945929169654846, 0.42266786098480225, -0.4358598589897156], "cam_t_m2c": [-13.095956802368164, -154.77401733398438, 367.5694885253906], "obj_id": 1}, {"cam_R_m2c": [-0.03641822934150696, -0.3826439678668976, -0.9231778383255005, -0.44325485825538635, 0.8341324925422668, -0.32825008034706116, 0.8956555128097534, 0.397248774766922, -0.19998641312122345], "cam_t_m2c": [-48.48023223876953, -182.7905731201172, 357.76788330078125], "obj_id": 2}, {"cam_R_m2c": [-0.523835301399231, -0.3494248390197754, -0.7768518328666687, -0.8513737320899963, 0.24427206814289093, 0.46421322226524353, 0.027555575594305992, 0.9045625329017639, -0.4254494309425354], "cam_t_m2c": [92.98064422607422, -164.0798797607422, 388.98187255859375], "obj_id": 3}, {"cam_R_m2c": [-0.0536189079284668, -0.522502601146698, 0.8509500026702881, -0.2838645577430725, 0.8249936103820801, 0.4886782169342041, -0.9573639631271362, -0.2153521478176117, -0.19255521893501282], "cam_t_m2c": [27.566715240478516, -41.64698791503906, 285.552978515625], "obj_id": 0}, {"cam_R_m2c": [-0.14164292812347412, -0.10174597054719925, 0.9846750497817993, 0.38864779472351074, -0.9205514192581177, -0.039214130491018295, 0.9104340076446533, 0.3771373927593231, 0.16993306577205658], "cam_t_m2c": [42.06735610961914, -139.9235382080078, 383.41650390625], "obj_id": 1}, {"cam_R_m2c": [0.33832767605781555, -0.045068614184856415, 0.9399484992027283, 0.8689365983009338, 0.3983837366104126, -0.2936657667160034, -0.36122509837150574, 0.9161109328269958, 0.17394599318504333], "cam_t_m2c": [-34.759796142578125, -87.78050994873047, 372.7662353515625], "obj_id": 2}, {"cam_R_m2c": [0.14257723093032837, -0.3822132349014282, -0.9130085706710815, 0.14164142310619354, 0.920817494392395, -0.36336323618888855, 0.9795964956283569, -0.07751253992319107, 0.1854248344898224], "cam_t_m2c": [133.21058654785156, -10.737534523010254, 162.66378784179688], "obj_id": 3}]
}