{
  "0": [{"cam_R_m2c": [-0.8676177859306335, -0.23960110545158386, -0.43569570779800415, -0.2546846568584442, 0.9667147397994995, -0.02445968985557556, 0.4270540475845337, 0.08974336087703705, -0.8997616171836853], "cam_t_m2c": [-216.61181640625, 6.773855686187744, 491.7919616699219], "obj_id": 1}, {"cam_R_m2c": [0.7072398066520691, -0.41579708456993103, 0.5717732310295105, -0.17940488457679749, 0.6767333745956421, 0.7140348553657532, -0.6838316321372986, -0.6075727939605713, 0.40401676297187805], "cam_t_m2c": [260.2379150390625, -111.09172821044922, 717.01806640625], "obj_id": 2}, {"cam_R_m2c": [0.024435250088572502, -0.9722428321838379, 0.23269446194171906, 0.7042322754859924, 0.18194721639156342, 0.6862594485282898, -0.7095489501953125, 0.14710205793380737, 0.6891307830810547], "cam_t_m2c": [214.6125946044922, -215.11953735351562, 908.1693115234375], "obj_id": 3}, {"cam_R_m2c": [-0.24923072755336761, -0.24980314075946808, 0.9356722235679626, 0.7288400530815125, -0.6845896244049072, 0.01136797945946455, 0.6377117037773132, 0.6847886443138123, 0.3526872992515564], "cam_t_m2c": [-1.5615354776382446, -181.34776306152344, 828.9209594726562], "obj_id": 4}, {"cam_R_m2c": [0.20109973847866058, 0.5821942090988159, 0.7877872586250305, 0.7908248901367188, -0.5710731744766235, 0.2201620489358902, 0.5780612826347351, 0.5787272453308105, -0.57525634765625], "cam_t_m2c": [323.66607666015625, -97.57323455810547, 719.10302734375], "obj_id": 1}, {"cam_R_m2c": [0.08001278340816498, -0.8935859203338623, -0.4417036473751068, -0.891532838344574, 0.1340412050485611, -0.43266862630844116, 0.44583308696746826, 0.4284123182296753, -0.785936176776886], "cam_t_m2c": [301.1121826171875, -126.57640838623047, 702.4783325195312], "obj_id": 2}, {"cam_R_m2c": [0.5593787431716919, 0.7168596982955933, 0.4161822199821472, -0.8196536898612976, 0.5531909465789795, 0.14882075786590576, -0.12354465574026108, -0.42437246441841125, 0.8970199227333069], "cam_t_m2c": [3.9127097129821777, -164.88742065429688, 809.1868286132812], "obj_id": 3}, {"cam_R_m2c": [0.883732795715332, 0.34207627177238464, -0.319374680519104, 0.30995824933052063, -0.9391278028488159, -0.14820541441440582, -0.3506312072277069, 0.03198117017745972, -0.9359673857688904], "cam_t_m2c": [203.954345703125, 4.554119110107422, 418.3617858886719], "obj_id": 4}, {"cam_R_m2c": [-0.47686734795570374, -0.1251966953277588, -0.870013415813446, 0.8303489685058594, -0.3888188302516937, -0.39917483925819397, -0.2883022129535675, -0.9127681851387024, 0.28937193751335144], "cam_t_m2c": [-136.82530212402344, -101.95014190673828, 693.4323120117188], "obj_id": 1}, {"cam_R_m2c": [0.0753001719713211, 0.8463878631591797, 0.5272167325019836, 0.8463237881660461, -0.33384352922439575, 0.4150717556476593, 0.527319610118866, 0.41494110226631165, -0.7414566278457642], "cam_t_m2c": [-197.1644744873047, -44.42564392089844, 801.1881713867188], "obj_id": 2}, {"cam_R_m2c": [-0.2420823574066162, -0.5962474942207336, -0.7654311656951904, 0.9643447399139404, -0.06091247871518135, -0.257543683052063, 0.10693541169166565, -0.8004863858222961, 0.5897340774536133], "cam_t_m2c": [-71.74713897705078, -108.4658203125, 906.7384643554688], "obj_id": 3}, {"cam_R_m2c": [0.980728268623352, -0.10144459456205368, 0.16697628796100616, 0.19529758393764496, 0.48468005657196045, -0.852610170841217, 0.005562618374824524, 0.8687889575958252, 0.4951513111591339], "cam_t_m2c": [18.105361938476562, -219.21388244628906, 897.2797241210938], "obj_id": 4}, {"cam_R_m2c": [-0.9624494910240173, -0.23724450170993805, -0.13193154335021973, -0.21221567690372467, 0.9606302380561829, -0.17931543290615082, 0.16927902400493622, -0.14458411931991577, -0.9749051332473755], "cam_t_m2c": [89.11282348632812, -101.70016479492188, 637.5097045898438], "obj_id": 1}, {"cam_R_m2c": [0.8463848829269409, -0.4804527163505554, -0.2297777235507965, -0.5247650742530823, -0.6787605881690979, -0.5137175917625427, 0.09085295349359512, 0.5553820729255676, -0.8266174793243408], "cam_t_m2c": [-130.2904052734375, -130.24362182617188, 939.28564453125], "obj_id": 2}, {"cam_R_m2c": [0.3525533974170685, -0.9353986978530884, -0.027116304263472557, 0.697975218296051, 0.24354581534862518, 0.6734359264373779, -0.6233270764350891, -0.2563486099243164, 0.7387480735778809], "cam_t_m2c": [211.40396118164062, -64.05432891845703, 411.80224609375], "obj_id": 3}, {"cam_R_m2c": [0.6371746063232422, 0.43090471625328064, 0.6390067338943481, -0.42271727323532104, 0.8886593580245972, -0.17774897813796997, -0.6444521546363831, -0.1568620502948761, 0.748382031917572], "cam_t_m2c": [-20.59980583190918, -21.865623474121094, 536.0308227539062], "obj_id": 4}],
  "1": [{"cam_R_m2c": [0.965488612651825, -0.026154575869441032, 0.25912874937057495, 0.17005296051502228, 0.8168942928314209, -0.5511494874954224, -0.19726571440696716, 0.5761941075325012, 0.7931497693061829], "cam_t_m2c": [199.01881408691406, 10.412626266479492, 569.6207275390625], "obj_id": 1}, {"cam_R_m2c": [-0.7389766573905945, 0.09740830957889557, -0.6666520833969116, -0.6481750011444092, 0.16715437173843384, 0.7429189085960388, 0.18380028009414673, 0.9811069965362549, -0.06038549169898033], "cam_t_m2c": [-178.74200439453125, 16.227136611938477, 183.2689208984375], "obj_id": 2}, {"cam_R_m2c": [-0.343969464302063, 0.8936145305633545, -0.2883361577987671, 0.0771944522857666, 0.3329460620880127, 0.9397807121276855, 0.935802161693573, 0.30099809169769287, -0.18350525200366974], "cam_t_m2c": [-72.98971557617188, 64.57234191894531, -6.260687351226807], "obj_id": 3}, {"cam_R_m2c": [0.14584198594093323, 0.5469576120376587, -0.8243587613105774, 0.9888380765914917, -0.05491681769490242, 0.13850387930870056, 0.03048456273972988, -0.8353570699691772, -0.5488616824150085], "cam_t_m2c": [107.76107025146484, 61.665626525878906, 140.2753143310547], "obj_id": 4}, {"cam_R_m2c": [-0.30715852975845337, -0.28896164894104004, -0.9067275524139404, 0.95120769739151, -0.12254174053668976, -0.28317397832870483, -0.02928551845252514, -0.9494655132293701, 0.3125022351741791], "cam_t_m2c": [-242.02076721191406, 21.295976638793945, 169.84017944335938], "obj_id": 1}, {"cam_R_m2c": [0.25068897008895874, 0.8823724389076233, 0.3982132077217102, -0.39955389499664307, 0.4689861536026001, -0.7876601815223694, -0.8817662000656128, 0.03835001960396767, 0.47012507915496826], "cam_t_m2c": [-215.613525390625, -9.08701229095459, 172.24310302734375], "obj_id": 2}, {"cam_R_m2c": [-0.3226030170917511, -0.9054926633834839, -0.2756989896297455, -0.7598217129707336, 0.07404453307390213, 0.6459010243415833, -0.5644447207450867, 0.41785186529159546, -0.7118998765945435], "cam_t_m2c": [94.53438568115234, 60.9427375793457, 162.9662322998047], "obj_id": 3}, {"cam_R_m2c": [-0.982532799243927, -0.05674685910344124, 0.17722554504871368, -0.08066309988498688, -0.7283733487129211, -0.6804157495498657, 0.16769783198833466, -0.6828263998031616, 0.7110735177993774], "cam_t_m2c": [-210.49339294433594, -81.7798843383789, 491.6905212402344], "obj_id": 4}, {"cam_R_m2c": [0.16889826953411102, 0.06473776698112488, 0.9835050702095032, 0.4951009452342987, -0.868388295173645, -0.02786371298134327, 0.8522606492042542, 0.49164047837257385, -0.17872081696987152], "cam_t_m2c": [189.5013885498047, 48.98706817626953, 330.3153381347656], "obj_id": 1}, {"cam_R_m2c": [-0.21273837983608246, -0.6332372426986694, -0.7441456913948059, 0.973786473274231, -0.07464849948883057, -0.21486592292785645, 0.08051170408725739, -0.7703493237495422, 0.6325185894966125], "cam_t_m2c": [249.56898498535156, 168.08316040039062, 302.5809326171875], "obj_id": 2}, {"cam_R_m2c": [-0.020114146173000336, 0.43840882182121277, 0.8985506892204285, 0.8263839483261108, -0.49857205152511597, 0.26175516843795776, 0.5627478957176208, 0.7478127479553223, -0.35226574540138245], "cam_t_m2c": [167.57127380371094, 174.23153686523438, 146.9849853515625], "obj_id": 3}, {"cam_R_m2c": [-0.9793260097503662, 0.11490245163440704, 0.16648675501346588, 0.050823308527469635, 0.9363785982131958, -0.3472925126552582, -0.19579939544200897, -0.3316512107849121, -0.9228596091270447], "cam_t_m2c": [111.78477478027344, 74.73886108398438, 60.86211395263672], "obj_id": 4}, {"cam_R_m2c": [0.9976749420166016, -0.06812389940023422, 0.0019700222183018923, 0.046655479818582535, 0.661628007888794, -0.7483793497085571, 0.049679096788167953, 0.7467312216758728, 0.6632680296897888], "cam_t_m2c": [-33.81148910522461, -10.018563270568848, 301.5900573730469], "obj_id": 1}, {"cam_R_m2c": [-0.6375538110733032, 0.7402637004852295, 0.21338893473148346, -0.4277361035346985, -0.10975676774978638, -0.8972153067588806, -0.6407549977302551, -0.663297176361084, 0.3866133391857147], "cam_t_m2c": [234.6527862548828, 184.6110076904297, 128.190185546875], "obj_id": 2}, {"cam_R_m2c": [-0.6368328332901001, 0.7703917622566223, -0.030662642791867256, 0.0939391702413559, 0.11700429022312164, 0.988678514957428, 0.7652575373649597, 0.6267426609992981, -0.14688198268413544], "cam_t_m2c": [-199.64791870117188, -138.89219665527344, 453.9253845214844], "obj_id": 3}, {"cam_R_m2c": [-0.5983273983001709, -0.681261420249939, -0.4217669367790222, -0.800560474395752, 0.5301483273506165, 0.2793666124343872, 0.033277370035648346, 0.5048025846481323, -0.8625932335853577], "cam_t_m2c": [29.692794799804688, -3.1716971397399902, 458.525390625], "obj_id": 4}],
  "2": [{"cam_R_m2c": [0.965488612651825, -0.026154575869441032, 0.25912874937057495, 0.17005296051502228, 0.8168942928314209, -0.5511494874954224, -0.19726571440696716, 0.5761941075325012, 0.7931497693061829], "cam_t_m2c": [199.01881408691406, 10.412626266479492, 569.6207275390625], "obj_id": 1}, {"cam_R_m2c": [-0.7389766573905945, 0.09740830957889557, -0.6666520833969116, -0.6481750011444092, 0.16715437173843384, 0.7429189085960388, 0.18380028009414673, 0.9811069965362549, -0.06038549169898033], "cam_t_m2c": [-178.74200439453125, 16.227136611938477, 183.2689208984375], "obj_id": 2}, {"cam_R_m2c": [-0.343969464302063, 0.8936145305633545, -0.2883361577987671, 0.0771944522857666, 0.3329460620880127, 0.9397807121276855, 0.935802161693573, 0.30099809169769287, -0.18350525200366974], "cam_t_m2c": [-72.98971557617188, 64.57234191894531, -6.260687351226807], "obj_id": 3}, {"cam_R_m2c": [0.14584198594093323, 0.5469576120376587, -0.8243587613105774, 0.9888380765914917, -0.05491681769490242, 0.13850387930870056, 0.03048456273972988, -0.8353570699691772, -0.5488616824150085], "cam_t_m2c": [107.76107025146484, 61.665626525878906, 140.2753143310547], "obj_id": 4}, {"cam_R_m2c": [-0.30715852975845337, -0.28896164894104004, -0.9067275524139404, 0.95120769739151, -0.12254174053668976, -0.28317397832870483, -0.02928551845252514, -0.9494655132293701, 0.3125022351741791], "cam_t_m2c": [-242.02076721191406, 21.295976638793945, 169.84017944335938], "obj_id": 1}, {"cam_R_m2c": [0.25068897008895874, 0.8823724389076233, 0.3982132077217102, -0.39955389499664307, 0.4689861536026001, -0.7876601815223694, -0.8817662000656128, 0.03835001960396767, 0.47012507915496826], "cam_t_m2c": [-215.613525390625, -9.08701229095459, 172.24310302734375], "obj_id": 2}, {"cam_R_m2c": [-0.3226030170917511, -0.9054926633834839, -0.2756989896297455, -0.7598217129707336, 0.07404453307390213, 0.6459010243415833, -0.5644447207450867, 0.41785186529159546, -0.7118998765945435], "cam_t_m2c": [94.53438568115234, 60.9427375793457, 162.9662322998047], "obj_id": 3}, {"cam_R_m2c": [-0.982532799243927, -0.05674685910344124, 0.17722554504871368, -0.08066309988498688, -0.7283733487129211, -0.6804157495498657, 0.16769783198833466, -0.6828263998031616, 0.7110735177993774], "cam_t_m2c": [-210.49339294433594, -81.7798843383789, 491.6905212402344], "obj_id": 4}, {"cam_R_m2c": [0.16889826953411102, 0.06473776698112488, 0.9835050702095032, 0.4951009452342987, -0.868388295173645, -0.02786371298134327, 0.8522606492042542, 0.49164047837257385, -0.17872081696987152], "cam_t_m2c": [189.5013885498047, 48.98706817626953, 330.3153381347656], "obj_id": 1}, {"cam_R_m2c": [-0.21273837983608246, -0.6332372426986694, -0.7441456913948059, 0.973786473274231, -0.07464849948883057, -0.21486592292785645, 0.08051170408725739, -0.7703493237495422, 0.6325185894966125], "cam_t_m2c": [249.56898498535156, 168.08316040039062, 302.5809326171875], "obj_id": 2}, {"cam_R_m2c": [-0.020114146173000336, 0.43840882182121277, 0.8985506892204285, 0.8263839483261108, -0.49857205152511597, 0.26175516843795776, 0.5627478957176208, 0.7478127479553223, -0.35226574540138245], "cam_t_m2c": [167.57127380371094, 174.23153686523438, 146.9849853515625], "obj_id": 3}, {"cam_R_m2c": [-0.9793260097503662, 0.11490245163440704, 0.16648675501346588, 0.050823308527469635, 0.9363785982131958, -0.3472925126552582, -0.19579939544200897, -0.3316512107849121, -0.9228596091270447], "cam_t_m2c": [111.78477478027344, 74.73886108398438, 60.86211395263672], "obj_id": 4}, {"cam_R_m2c": [0.9976749420166016, -0.06812389940023422, 0.0019700222183018923, 0.046655479818582535, 0.661628007888794, -0.7483793497085571, 0.049679096788167953, 0.7467312216758728, 0.6632680296897888], "cam_t_m2c": [-33.81148910522461, -10.018563270568848, 301.5900573730469], "obj_id": 1}, {"cam_R_m2c": [-0.6375538110733032, 0.7402637004852295, 0.21338893473148346, -0.4277361035346985, -0.10975676774978638, -0.8972153067588806, -0.6407549977302551, -0.663297176361084, 0.3866133391857147], "cam_t_m2c": [234.6527862548828, 184.6110076904297, 128.190185546875], "obj_id": 2}, {"cam_R_m2c": [-0.6368328332901001, 0.7703917622566223, -0.030662642791867256, 0.0939391702413559, 0.11700429022312164, 0.988678514957428, 0.7652575373649597, 0.6267426609992981, -0.14688198268413544], "cam_t_m2c": [-199.64791870117188, -138.89219665527344, 453.9253845214844], "obj_id": 3}, {"cam_R_m2c": [-0.5983273983001709, -0.681261420249939, -0.4217669367790222, -0.800560474395752, 0.5301483273506165, 0.2793666124343872, 0.033277370035648346, 0.5048025846481323, -0.8625932335853577], "cam_t_m2c": [29.692794799804688, -3.1716971397399902, 458.525390625], "obj_id": 4}]
}