{
  "0": [{"cam_R_m2c": [0.6454281806945801, -0.33840855956077576, 0.6847642660140991, 0.13157574832439423, 0.9323557019233704, 0.3367501497268677, -0.7524029612541199, -0.12724968791007996, 0.6462950110435486], "cam_t_m2c": [256.0185241699219, 290.0773010253906, 1274.4027099609375], "obj_id": 1}, {"cam_R_m2c": [-0.20022505521774292, 0.9723997116088867, 0.11978600174188614, -0.9558700919151306, -0.2207081913948059, 0.1939077079296112, 0.21499356627464294, -0.07567466795444489, 0.9736791849136353], "cam_t_m2c": [124.92100524902344, 23.388498306274414, 1303.1361083984375], "obj_id": 3}, {"cam_R_m2c": [-0.10552456229925156, 0.29007405042648315, -0.9511684775352478, -0.3349117040634155, -0.9109957218170166, -0.2406669557094574, -0.9363217949867249, 0.29316118359565735, 0.19328179955482483], "cam_t_m2c": [229.1875, 282.04583740234375, 1227.33984375], "obj_id": 2}],
  "1": [{"cam_R_m2c": [0.9133390784263611, -0.19897812604904175, 0.35527369379997253, 0.26862239837646484, 0.9501258730888367, -0.15843860805034637, -0.30602890253067017, 0.24014265835285187, 0.9212371110916138], "cam_t_m2c": [166.5713653564453, -94.94659423828125, 803.277587890625], "obj_id": 1}, {"cam_R_m2c": [-0.3250565528869629, 0.8959948420524597, -0.3025414049625397, -0.869621217250824, -0.4089112877845764, -0.27667728066444397, -0.3716140687465668, 0.1731606423854828, 0.9120956063270569], "cam_t_m2c": [21.669321060180664, -304.96893310546875, 648.264404296875], "obj_id": 3}, {"cam_R_m2c": [0.2915743887424469, 0.08491333574056625, -0.9527718424797058, 0.1347552090883255, -0.9897650480270386, -0.046971455216407776, -0.9470086693763733, -0.11469528824090958, -0.30003267526626587], "cam_t_m2c": [162.3281707763672, -75.00938415527344, 752.4463500976562], "obj_id": 2}],
  "2": [{"cam_R_m2c": [-0.8757675886154175, -0.2924061119556427, -0.38409560918807983, 0.24669604003429413, -0.9550194144248962, 0.16455569863319397, -0.4149359166622162, 0.04935770109295845, 0.9085108637809753], "cam_t_m2c": [-367.3343505859375, -83.33175659179688, 1097.4730224609375], "obj_id": 1}, {"cam_R_m2c": [0.7366978526115417, -0.6289225816726685, 0.24846063554286957, 0.6570619344711304, 0.7525985836982727, -0.04318545013666153, -0.15983082354068756, 0.19506865739822388, 0.9676788449287415], "cam_t_m2c": [-120.9227066040039, 53.8969841003418, 999.57177734375], "obj_id": 3}, {"cam_R_m2c": [-0.1692018359899521, 0.39092129468917847, 0.9047382473945618, 0.16641315817832947, 0.9161257147789001, -0.3647194802761078, -0.9714305996894836, 0.08884914964437485, -0.22006459534168243], "cam_t_m2c": [-364.69183349609375, -94.84212493896484, 1043.9954833984375], "obj_id": 2}],
  "3": [{"cam_R_m2c": [-0.6424009203910828, -0.7147268652915955, 0.2765624523162842, 0.32095929980278015, 0.07678940892219543, 0.9439749121665955, -0.6959212422370911, 0.6951755285263062, 0.18006855249404907], "cam_t_m2c": [-237.97779846191406, 312.595947265625, 1288.1993408203125], "obj_id": 1}, {"cam_R_m2c": [0.7873126268386841, 0.10435713082551956, 0.6076581478118896, -0.5012133717536926, 0.6822933554649353, 0.5322226285934448, -0.3590598702430725, -0.7235919833183289, 0.589483380317688], "cam_t_m2c": [-43.09994125366211, 99.28174591064453, 1213.0010986328125], "obj_id": 3}, {"cam_R_m2c": [-0.486541211605072, 0.824810266494751, 0.28803735971450806, -0.5678882002830505, -0.04803519695997238, -0.821702778339386, -0.6639129519462585, -0.5633653998374939, 0.49177125096321106], "cam_t_m2c": [-268.5809326171875, 270.0368347167969, 1272.3409423828125], "obj_id": 2}],
  "4": [{"cam_R_m2c": [-0.8650026321411133, 0.0650382786989212, -0.49753424525260925, -0.15043826401233673, -0.9795643091201782, 0.13349898159503937, -0.47868427634239197, 0.19032517075538635, 0.8571100831031799], "cam_t_m2c": [-163.38710021972656, 108.38237762451172, 1250.2412109375], "obj_id": 1}, {"cam_R_m2c": [0.46439945697784424, -0.8711575865745544, 0.15942929685115814, 0.8533951044082642, 0.4883110523223877, 0.1823984533548355, -0.23674887418746948, 0.0513504259288311, 0.9702129364013672], "cam_t_m2c": [25.44056510925293, 311.8395080566406, 1140.312255859375], "obj_id": 3}, {"cam_R_m2c": [-0.1294500231742859, 0.02802095375955105, 0.9911898970603943, -0.04041232168674469, 0.9986210465431213, -0.03350890800356865, -0.9907620549201965, -0.04439401999115944, -0.12813912332057953], "cam_t_m2c": [-152.0102081298828, 91.51962280273438, 1199.3931884765625], "obj_id": 2}],
  "5": [{"cam_R_m2c": [0.9198757410049438, 0.3775053322315216, -0.10638763755559921, -0.3700579106807709, 0.9252513647079468, 0.08346865326166153, 0.12994517385959625, -0.037411194294691086, 0.9908151626586914], "cam_t_m2c": [47.57949447631836, -134.18516540527344, 540.5725708007812], "obj_id": 1}, {"cam_R_m2c": [-0.670505940914154, 0.34698808193206787, -0.6557599306106567, -0.6597018241882324, -0.6832428574562073, 0.31300607323646545, -0.3394339084625244, 0.6424784660339355, 0.6870269775390625], "cam_t_m2c": [-143.78939819335938, -287.7239990234375, 370.4583435058594], "obj_id": 3}, {"cam_R_m2c": [0.5695039629936218, -0.5213761329650879, -0.6354779005050659, -0.43078115582466125, -0.8477374911308289, 0.3094654977321625, -0.700066328048706, 0.09751004725694656, -0.7073889374732971], "cam_t_m2c": [71.59041595458984, -137.7738037109375, 491.4817199707031], "obj_id": 2}],
  "6": [{"cam_R_m2c": [-0.35572895407676697, 0.7855507731437683, -0.5063268542289734, -0.6191542148590088, -0.603905200958252, -0.5019428133964539, -0.7000749707221985, 0.13493883609771729, 0.7012036442756653], "cam_t_m2c": [-187.97520446777344, -62.060604095458984, 876.1419067382812], "obj_id": 1}, {"cam_R_m2c": [-0.3580523133277893, -0.9205190539360046, -0.15634238719940186, 0.9324943423271179, -0.36105218529701233, -0.00976276583969593, -0.04746096953749657, -0.1492839902639389, 0.9876546859741211], "cam_t_m2c": [-219.5277099609375, 231.8333740234375, 834.1197509765625], "obj_id": 3}, {"cam_R_m2c": [0.06574057042598724, -0.7603139877319336, 0.646220326423645, 0.12494505196809769, 0.648796558380127, 0.7506341934204102, -0.9899832010269165, 0.03139498457312584, 0.1376497596502304], "cam_t_m2c": [-162.00778198242188, -51.339290618896484, 829.130615234375], "obj_id": 2}],
  "7": [{"cam_R_m2c": [0.13962560892105103, -0.8884504437446594, 0.43721911311149597, 0.9739974141120911, 0.04366734251379967, -0.22231121361255646, 0.178420290350914, 0.45689061284065247, 0.8714454770088196], "cam_t_m2c": [167.06173706054688, 76.83412170410156, 850.1417846679688], "obj_id": 1}, {"cam_R_m2c": [0.5577818751335144, 0.795405387878418, 0.23708581924438477, -0.37192782759666443, 0.49489909410476685, -0.7853308916091919, -0.7419899702072144, 0.34986457228660583, 0.5718790888786316], "cam_t_m2c": [261.6784973144531, -34.10029602050781, 589.6109619140625], "obj_id": 3}, {"cam_R_m2c": [-0.12293777614831924, 0.8891444802284241, -0.44080400466918945, 0.745707631111145, -0.2103186696767807, -0.6322072148323059, -0.6548329591751099, -0.4064331352710724, -0.6371856927871704], "cam_t_m2c": [140.19142150878906, 105.20579528808594, 811.7705688476562], "obj_id": 2}],
  "8": [{"cam_R_m2c": [-0.5777806639671326, 0.3970431089401245, 0.7131102681159973, -0.7378441095352173, -0.6276080012321472, -0.24838325381278992, 0.3489348590373993, -0.6696752905845642, 0.655575692653656], "cam_t_m2c": [-22.762184143066406, -42.13707733154297, 665.0559692382812], "obj_id": 1}, {"cam_R_m2c": [-0.3252403736114502, -0.20031917095184326, 0.9241702556610107, 0.9209754467010498, -0.28881606459617615, 0.2615135610103607, 0.2145291417837143, 0.9361929893493652, 0.27842384576797485], "cam_t_m2c": [-138.48654174804688, 232.6341094970703, 649.4431762695312], "obj_id": 3}, {"cam_R_m2c": [-0.9682098627090454, -0.24450531601905823, 0.052789364010095596, -0.1419842541217804, 0.7109456658363342, 0.6887646317481995, -0.2059369832277298, 0.6593734622001648, -0.7230605483055115], "cam_t_m2c": [-66.31637573242188, -46.67422866821289, 632.165771484375], "obj_id": 2}],
  "9": [{"cam_R_m2c": [0.5456132292747498, -0.3495410978794098, 0.7616608142852783, -0.09069887548685074, 0.8788946866989136, 0.4683138430118561, -0.8331145644187927, -0.3246000111103058, 0.4478335678577423], "cam_t_m2c": [246.04124450683594, 253.26063537597656, 609.139404296875], "obj_id": 1}, {"cam_R_m2c": [-0.1737648844718933, 0.9545433521270752, 0.24218326807022095, -0.8598558306694031, -0.2669425904750824, 0.4351891279220581, 0.48005592823028564, -0.1326221078634262, 0.8671549558639526], "cam_t_m2c": [118.98377990722656, 7.91819953918457, 722.270263671875], "obj_id": 3}, {"cam_R_m2c": [-0.22365684807300568, 0.32258474826812744, -0.9197372794151306, -0.5621129870414734, -0.8135896921157837, -0.14866332709789276, -0.796245276927948, 0.4837467074394226, 0.36329400539398193], "cam_t_m2c": [213.46566772460938, 234.2625274658203, 569.4251708984375], "obj_id": 2}],
  "10": [{"cam_R_m2c": [0.8222026824951172, -0.1752943992614746, -0.5415298938751221, 0.5093076229095459, 0.6513651609420776, 0.5624315142631531, 0.2541426420211792, -0.7382379770278931, 0.6248329877853394], "cam_t_m2c": [51.81511306762695, 383.8775634765625, 425.6412353515625], "obj_id": 1}, {"cam_R_m2c": [-0.020205451175570488, 0.33717966079711914, -0.9412234425544739, -0.9464532732963562, 0.296942800283432, 0.12669317424297333, 0.32220786809921265, 0.8933839201927185, 0.31312495470046997], "cam_t_m2c": [59.260623931884766, 85.89942932128906, 442.6314697265625], "obj_id": 3}, {"cam_R_m2c": [0.9425023198127747, 0.0026217151898890734, -0.3341893255710602, -0.24527613818645477, -0.6737874150276184, -0.6970294713973999, -0.22699998319149017, 0.7389205098152161, -0.6344031095504761], "cam_t_m2c": [92.37884521484375, 368.5298767089844, 392.1994934082031], "obj_id": 2}],
  "11": [{"cam_R_m2c": [0.9691931009292603, -0.15938399732112885, 0.18778039515018463, -0.09102430939674377, 0.4766448736190796, 0.8743706941604614, -0.22886526584625244, -0.864526629447937, 0.447453111410141], "cam_t_m2c": [259.2376708984375, 268.670166015625, 1189.5623779296875], "obj_id": 1}, {"cam_R_m2c": [-0.3284158408641815, 0.8209249377250671, -0.4671456813812256, -0.6474389433860779, 0.16445252299308777, 0.7441626191139221, 0.6877249479293823, 0.5468432307243347, 0.477490097284317], "cam_t_m2c": [125.17674255371094, 41.63932800292969, 1329.6329345703125], "obj_id": 3}, {"cam_R_m2c": [0.450775682926178, 0.023740462958812714, -0.8923214673995972, -0.8198502659797668, -0.38436615467071533, -0.42439135909080505, -0.3530535101890564, 0.9228753447532654, -0.15379925072193146], "cam_t_m2c": [264.87103271484375, 225.70782470703125, 1156.06884765625], "obj_id": 2}],
  "12": [{"cam_R_m2c": [-0.3617342412471771, 0.5049991607666016, -0.7836608290672302, -0.2827843427658081, -0.8604167103767395, -0.42392945289611816, -0.8883588314056396, 0.06825722754001617, 0.4540479779243469], "cam_t_m2c": [-174.2977752685547, -334.7074890136719, 1352.084716796875], "obj_id": 1}, {"cam_R_m2c": [-0.02809344045817852, -0.9275956153869629, -0.37252816557884216, 0.9855831265449524, 0.0364990234375, -0.16520832479000092, 0.166843444108963, -0.37179872393608093, 0.9131971001625061], "cam_t_m2c": [-102.01050567626953, -47.57191848754883, 1390.3314208984375], "obj_id": 3}, {"cam_R_m2c": [0.3254862129688263, -0.5056488513946533, 0.7989856004714966, 0.30291253328323364, 0.8562257289886475, 0.4184752404689789, -0.8957135677337646, 0.10581482201814651, 0.43185704946517944], "cam_t_m2c": [-136.27835083007812, -324.2174987792969, 1314.08740234375], "obj_id": 2}],
  "13": [{"cam_R_m2c": [-0.4744768738746643, 0.58871990442276, 0.6544315218925476, -0.8802134990692139, -0.3090347349643707, -0.36016911268234253, -0.00979664921760559, -0.7469313740730286, 0.6648289561271667], "cam_t_m2c": [-39.662010192871094, -106.90550231933594, 1298.57763671875], "obj_id": 1}, {"cam_R_m2c": [-0.5125941634178162, -0.2651153802871704, 0.8166767358779907, 0.7450408339500427, -0.6101197004318237, 0.26956990361213684, 0.42680349946022034, 0.7466375231742859, 0.5102657079696655], "cam_t_m2c": [-200.3951416015625, 139.7398223876953, 1348.2366943359375], "obj_id": 3}, {"cam_R_m2c": [-0.8908241987228394, -0.4538763165473938, 0.020694077014923096, -0.18812410533428192, 0.4099248945713043, 0.8925081491470337, -0.4135713577270508, 0.7911749482154846, -0.4505559802055359], "cam_t_m2c": [-76.98171997070312, -105.69683837890625, 1258.5140380859375], "obj_id": 2}],
  "14": [{"cam_R_m2c": [0.781872570514679, 0.23051771521568298, 0.5792554616928101, -0.16788309812545776, 0.9726588726043701, -0.16046790778636932, -0.600408673286438, 0.02821824885904789, 0.7991952896118164], "cam_t_m2c": [131.05038452148438, -146.29571533203125, 1384.694091796875], "obj_id": 1}, {"cam_R_m2c": [-0.7073708176612854, 0.7057781219482422, -0.0387774221599102, -0.7062242031097412, -0.7079819440841675, -0.0029856846667826176, -0.02956094779074192, 0.02527356706559658, 0.999243438243866], "cam_t_m2c": [-120.64496612548828, -298.9886474609375, 1335.0008544921875], "obj_id": 3}, {"cam_R_m2c": [-0.030884157866239548, -0.2997136116027832, -0.9535291790962219, -0.12573741376399994, -0.9452406764030457, 0.3011809289455414, -0.9915826916694641, 0.12919603288173676, -0.008492168970406055], "cam_t_m2c": [116.28955841064453, -133.5194854736328, 1333.525634765625], "obj_id": 2}],
  "15": [{"cam_R_m2c": [-0.14934168756008148, 0.6888080835342407, 0.7093945741653442, -0.9887287616729736, -0.09632857143878937, -0.11461395025253296, -0.010612091980874538, -0.7185153961181641, 0.6954300999641418], "cam_t_m2c": [256.8984069824219, -296.69720458984375, 918.1690673828125], "obj_id": 1}, {"cam_R_m2c": [-0.7508450746536255, -0.07472855597734451, 0.6562371850013733, 0.5307039022445679, -0.6597235798835754, 0.5320884585380554, 0.3931729793548584, 0.7477836608886719, 0.53500896692276], "cam_t_m2c": [20.55433464050293, -118.48280334472656, 957.107421875], "obj_id": 3}, {"cam_R_m2c": [-0.7574259638786316, -0.5977940559387207, -0.2625797688961029, -0.47991254925727844, 0.23703894019126892, 0.8446872234344482, -0.442707359790802, 0.7658033967018127, -0.46642830967903137], "cam_t_m2c": [223.04611206054688, -308.369384765625, 876.7311401367188], "obj_id": 2}],
  "16": [{"cam_R_m2c": [-0.2405097484588623, -0.6041463017463684, -0.7597119212150574, 0.9618894457817078, -0.2532462179660797, -0.10312595218420029, -0.13009104132652283, -0.7555616497993469, 0.6420302391052246], "cam_t_m2c": [-50.88348388671875, 122.88286590576172, 1212.953125], "obj_id": 1}, {"cam_R_m2c": [0.8573932647705078, -0.252593457698822, -0.4484120011329651, -0.15240930020809174, 0.7075801491737366, -0.6900012493133545, 0.49157723784446716, 0.6599445939064026, 0.5681768655776978], "cam_t_m2c": [231.05242919921875, 56.21014404296875, 1285.0777587890625], "obj_id": 3}, {"cam_R_m2c": [0.5529446601867676, 0.5700562596321106, 0.6076907515525818, 0.6910921931266785, 0.09364157170057297, -0.7166749238967896, -0.46545013785362244, 0.8162518739700317, -0.34218281507492065], "cam_t_m2c": [-20.43986701965332, 142.66021728515625, 1171.94873046875], "obj_id": 2}],
  "17": [{"cam_R_m2c": [0.2683658301830292, 0.15890459716320038, -0.9501205682754517, 0.17215968668460846, -0.9783337712287903, -0.11499589681625366, -0.9478084444999695, -0.1327114850282669, -0.2899082899093628], "cam_t_m2c": [-102.09724426269531, 114.2713623046875, 624.8820190429688], "obj_id": 1}, {"cam_R_m2c": [0.057040974497795105, -0.42310887575149536, -0.9042815566062927, 0.7974315285682678, 0.5642902255058289, -0.21372763812541962, 0.6007072329521179, -0.7089114189147949, 0.36958807706832886], "cam_t_m2c": [-20.089033126831055, 311.891845703125, 833.102783203125], "obj_id": 3}, {"cam_R_m2c": [0.8847134709358215, -0.2748808264732361, 0.37646061182022095, 0.3468300998210907, 0.9277728796005249, -0.1376459300518036, -0.31143370270729065, 0.25234508514404297, 0.9161500930786133], "cam_t_m2c": [-47.39531707763672, 115.70970153808594, 622.6577758789062], "obj_id": 2}],
  "18": [{"cam_R_m2c": [-0.6429306864738464, 0.7200127243995667, -0.2611931562423706, -0.6914870142936707, -0.6923011541366577, -0.20631244778633118, -0.3293718993663788, 0.04796707630157471, 0.9429810643196106], "cam_t_m2c": [-183.16720581054688, -24.712215423583984, 1379.4407958984375], "obj_id": 1}, {"cam_R_m2c": [-0.2610514760017395, -0.9413439631462097, 0.21383021771907806, 0.9432324767112732, -0.20162156224250793, 0.26393362879753113, -0.20533953607082367, 0.2705919146537781, 0.940540075302124], "cam_t_m2c": [-199.97201538085938, 250.1862335205078, 1264.1866455078125], "obj_id": 3}, {"cam_R_m2c": [-0.28775835037231445, -0.6318297982215881, 0.7197125554084778, -0.13758701086044312, 0.7709767818450928, 0.6218236088752747, -0.9477683305740356, 0.07991188019514084, -0.3087865710258484], "cam_t_m2c": [-175.21226501464844, -31.116422653198242, 1325.63525390625], "obj_id": 2}],
  "19": [{"cam_R_m2c": [-0.2793944180011749, -0.6719229817390442, 0.6858994960784912, -0.49672025442123413, 0.7124776840209961, 0.4956253468990326, -0.8217101693153381, -0.2022252082824707, -0.5328200459480286], "cam_t_m2c": [-43.56590270996094, 124.02268981933594, 1207.3033447265625], "obj_id": 1}, {"cam_R_m2c": [0.4686002731323242, 0.5419507622718811, 0.697641134262085, -0.5577930212020874, -0.43086931109428406, 0.7093789577484131, 0.6850406527519226, -0.7215545177459717, 0.10039090365171432], "cam_t_m2c": [25.203582763671875, -33.73213577270508, 1451.2691650390625], "obj_id": 3}, {"cam_R_m2c": [-0.6017144918441772, 0.7603246569633484, -0.24463461339473724, -0.7979933023452759, -0.5852645039558411, 0.14377811551094055, -0.03385790064930916, 0.28173014521598816, 0.9588961005210876], "cam_t_m2c": [-88.73880767822266, 95.43974304199219, 1219.208984375], "obj_id": 2}],
  "20": [{"cam_R_m2c": [-0.6829529404640198, 0.346688836812973, -0.6429481506347656, -0.2345457673072815, -0.9376640915870667, -0.2564653754234314, -0.6917830109596252, -0.02435300312936306, 0.7216947078704834], "cam_t_m2c": [-191.97122192382812, 47.44818878173828, 988.9110107421875], "obj_id": 1}, {"cam_R_m2c": [0.1954360157251358, -0.9786556363105774, -0.06354396045207977, 0.9776055216789246, 0.1995634287595749, -0.06679707020521164, 0.07805237919092178, -0.04906637594103813, 0.995741069316864], "cam_t_m2c": [-64.02513885498047, 316.8663330078125, 975.5410766601562], "obj_id": 3}, {"cam_R_m2c": [0.048952482640743256, -0.2890787422657013, 0.9560528993606567, 0.21131682395935059, 0.9385296106338501, 0.2729603052139282, -0.976190984249115, 0.18866798281669617, 0.10703056305646896], "cam_t_m2c": [-167.8699493408203, 49.55103302001953, 939.7783203125], "obj_id": 2}],
  "21": [{"cam_R_m2c": [0.00937759131193161, -0.9390541315078735, 0.34364137053489685, 0.9450623989105225, 0.12061956524848938, 0.30382224917411804, -0.3267554044723511, 0.3219134211540222, 0.8885958790779114], "cam_t_m2c": [146.93995666503906, 128.32766723632812, 652.6781616210938], "obj_id": 1}, {"cam_R_m2c": [0.6850679516792297, 0.6858256459236145, 0.24561165273189545, -0.5937279462814331, 0.721012532711029, -0.35725072026252747, -0.4221007823944092, 0.0989144966006279, 0.9011363983154297], "cam_t_m2c": [285.5531311035156, -79.2308349609375, 488.8460998535156], "obj_id": 3}, {"cam_R_m2c": [-0.11817754805088043, 0.9513276219367981, -0.2846221327781677, 0.30071601271629333, -0.23888401687145233, -0.9233115315437317, -0.9463635087013245, -0.19470517337322235, -0.25784868001937866], "cam_t_m2c": [122.28584289550781, 129.69700622558594, 603.79443359375], "obj_id": 2}],
  "22": [{"cam_R_m2c": [0.22266638278961182, -0.7400109767913818, -0.6346678733825684, -0.4346596896648407, -0.658082127571106, 0.6148160099983215, -0.87263423204422, 0.13896574079990387, -0.4681856632232666], "cam_t_m2c": [30.851032257080078, 98.83599090576172, 900.8590087890625], "obj_id": 1}, {"cam_R_m2c": [0.7399342060089111, 0.1902356594800949, -0.6452191472053528, 0.5442830920219421, 0.39433082938194275, 0.7404451966285706, 0.39528888463974, -0.8990625739097595, 0.188236802816391], "cam_t_m2c": [255.44822692871094, 198.1149444580078, 1070.667236328125], "obj_id": 3}, {"cam_R_m2c": [0.749869167804718, 0.6430631875991821, 0.15545392036437988, -0.6396902799606323, 0.7647024393081665, -0.0776304304599762, -0.16879726946353912, -0.04122969135642052, 0.9847881197929382], "cam_t_m2c": [61.71636199951172, 54.78327941894531, 911.1549682617188], "obj_id": 2}],
  "23": [{"cam_R_m2c": [0.49459320306777954, -0.06825098395347595, 0.8664405345916748, 0.14159640669822693, 0.9899203777313232, -0.002850243356078863, -0.8575125932693481, 0.12409459799528122, 0.499271959066391], "cam_t_m2c": [166.8788604736328, -94.80545043945312, 1146.776123046875], "obj_id": 1}, {"cam_R_m2c": [-0.4253607392311096, 0.8302174806594849, 0.36028724908828735, -0.9003347754478455, -0.4286517798900604, -0.07519792020320892, 0.09200717508792877, -0.3563654124736786, 0.9298055768013], "cam_t_m2c": [-28.330341339111328, -320.2019958496094, 1161.7711181640625], "obj_id": 3}, {"cam_R_m2c": [-0.38094666600227356, 0.06189708784222603, -0.9225226640701294, -0.06969105452299118, -0.9968403577804565, -0.03810523450374603, -0.9219666719436646, 0.04977551847696304, 0.3840569853782654], "cam_t_m2c": [130.17086791992188, -84.74244689941406, 1107.3988037109375], "obj_id": 2}],
  "24": [{"cam_R_m2c": [0.5775443315505981, 0.8163578510284424, -0.001590649364516139, -0.760597288608551, 0.537385880947113, -0.3642914891242981, -0.2965373992919922, 0.21160434186458588, 0.9312836527824402], "cam_t_m2c": [-26.793378829956055, -188.33253479003906, 877.1076049804688], "obj_id": 1}, {"cam_R_m2c": [-0.9347553849220276, -0.05104105919599533, -0.3516060709953308, -0.02363530918955803, -0.978501558303833, 0.20487982034683228, -0.35450443625450134, 0.19982287287712097, 0.9134535789489746], "cam_t_m2c": [-277.91143798828125, -133.93319702148438, 725.0697631835938], "obj_id": 3}, {"cam_R_m2c": [0.2148514837026596, -0.8926018476486206, -0.39635926485061646, -0.24724240601062775, -0.4423271119594574, 0.8621007800102234, -0.9448332786560059, -0.08722678571939468, -0.31572362780570984], "cam_t_m2c": [-10.684131622314453, -178.4575958251953, 825.7044067382812], "obj_id": 2}],
  "25": [{"cam_R_m2c": [0.49619293212890625, -0.08260849863290787, -0.8642733693122864, 0.5742310285568237, -0.7154097557067871, 0.39805498719215393, -0.6511922478675842, -0.6938046216964722, -0.30754491686820984], "cam_t_m2c": [-45.9724006652832, 104.39459228515625, 1055.328369140625], "obj_id": 1}, {"cam_R_m2c": [0.14009784162044525, -0.1003350019454956, -0.9850408434867859, 0.24196434020996094, 0.9681587815284729, -0.06420192867517471, 0.9601176381111145, -0.22935020923614502, 0.15991444885730743], "cam_t_m2c": [40.23689270019531, 107.91523742675781, 1341.1441650390625], "obj_id": 3}, {"cam_R_m2c": [0.9898384809494019, -0.06495490670204163, 0.12649387121200562, 0.1381961852312088, 0.6489527225494385, -0.7481725811958313, -0.03349105268716812, 0.7580509185791016, 0.6513348817825317], "cam_t_m2c": [6.359390735626221, 88.25662231445312, 1054.8121337890625], "obj_id": 2}],
  "26": [{"cam_R_m2c": [-0.6229422092437744, -0.2513367831707001, -0.7407920956611633, -0.010748620145022869, -0.944140613079071, 0.3293677270412445, -0.7821940779685974, 0.21313953399658203, 0.5854434370994568], "cam_t_m2c": [-143.84259033203125, 38.94582748413086, 1002.9288330078125], "obj_id": 1}, {"cam_R_m2c": [0.710547149181366, -0.6783177852630615, -0.18710346519947052, 0.702351450920105, 0.6675589680671692, 0.2471182644367218, -0.04272211343050003, -0.30700159072875977, 0.9507496356964111], "cam_t_m2c": [115.7300796508789, 183.7591094970703, 974.8892211914062], "obj_id": 3}, {"cam_R_m2c": [0.2559414803981781, 0.2827293872833252, 0.924423098564148, -0.11801937967538834, 0.9582598209381104, -0.2604025900363922, -0.959460973739624, -0.042452018707990646, 0.2786259949207306], "cam_t_m2c": [-118.2138900756836, 14.645289421081543, 961.0723266601562], "obj_id": 2}],
  "27": [{"cam_R_m2c": [-0.22596243023872375, 0.3266161382198334, 0.9177486896514893, 0.30778583884239197, 0.9177919030189514, -0.2508503198623657, -0.9242340922355652, 0.22578729689121246, -0.3079143166542053], "cam_t_m2c": [125.9042739868164, -41.64787292480469, 684.4254760742188], "obj_id": 1}, {"cam_R_m2c": [-0.47743886709213257, 0.17833492159843445, 0.8603771328926086, -0.828856885433197, -0.4164024591445923, -0.3736377954483032, 0.29163047671318054, -0.8915187120437622, 0.3466208577156067], "cam_t_m2c": [-57.8438720703125, -235.60231018066406, 817.6672973632812], "obj_id": 3}, {"cam_R_m2c": [-0.9104385375976562, -0.21240921318531036, -0.35494232177734375, 0.23606373369693756, -0.9714369177818298, -0.02417117916047573, -0.3396699130535126, -0.10579538345336914, 0.9345756769180298], "cam_t_m2c": [77.27213287353516, -16.529924392700195, 686.24755859375], "obj_id": 2}],
  "28": [{"cam_R_m2c": [0.019624322652816772, 0.963221549987793, -0.2679905593395233, -0.985534131526947, 0.06376628577709198, 0.15702277421951294, 0.16833646595478058, 0.26103243231773376, 0.9505392909049988], "cam_t_m2c": [-117.99049377441406, -207.55825805664062, 1496.800537109375], "obj_id": 1}, {"cam_R_m2c": [-0.7419285178184509, -0.6384573578834534, -0.2047298401594162, 0.30622562766075134, -0.5943151712417603, 0.7436500191688538, -0.5964628458023071, 0.48904162645339966, 0.6364513635635376], "cam_t_m2c": [-277.9080810546875, -106.82123565673828, 1265.68701171875], "obj_id": 3}, {"cam_R_m2c": [0.07177405804395676, -0.9734200835227966, 0.2174893319606781, -0.7178614139556885, 0.1009722501039505, 0.6888246536254883, -0.6924761533737183, -0.205566868185997, -0.6915335059165955], "cam_t_m2c": [-96.5546646118164, -231.9501190185547, 1452.7000732421875], "obj_id": 2}],
  "29": [{"cam_R_m2c": [-0.02036912553012371, -0.9738636016845703, 0.22621838748455048, 0.8124337196350098, 0.11574889719486237, 0.5714487433433533, -0.5826976299285889, 0.19542734324932098, 0.788841962814331], "cam_t_m2c": [109.3175048828125, 314.28204345703125, 1417.7716064453125], "obj_id": 1}, {"cam_R_m2c": [0.7646622657775879, 0.6208915114402771, 0.17258436977863312, -0.6199625730514526, 0.7818536758422852, -0.06596384942531586, -0.17589211463928223, -0.05655578896403313, 0.9827834963798523], "cam_t_m2c": [278.2789001464844, 83.38975524902344, 1332.4727783203125], "obj_id": 3}, {"cam_R_m2c": [-0.03753255307674408, 0.980617880821228, -0.1923012137413025, 0.011451149359345436, -0.1920020580291748, -0.9813276529312134, -0.9992297291755676, -0.039033856242895126, -0.004022809211164713], "cam_t_m2c": [89.93932342529297, 299.5738830566406, 1368.7056884765625], "obj_id": 2}],
  "30": [{"cam_R_m2c": [0.5669167041778564, 0.7595236301422119, -0.31895026564598083, -0.7325377464294434, 0.6419165134429932, 0.22656479477882385, 0.37682077288627625, 0.10519974678754807, 0.9202929735183716], "cam_t_m2c": [18.642671585083008, -50.60440444946289, 753.8262939453125], "obj_id": 1}, {"cam_R_m2c": [-0.7804011106491089, -0.2003670632839203, -0.5923064351081848, -0.3133670389652252, -0.694391667842865, 0.6477816700935364, -0.5410868525505066, 0.6911389231681824, 0.4791158139705658], "cam_t_m2c": [-168.05783081054688, -117.03936004638672, 530.5228881835938], "obj_id": 3}, {"cam_R_m2c": [0.46827390789985657, -0.8608096241950989, -0.19931478798389435, -0.7139589786529541, -0.5015223622322083, 0.4886082410812378, -0.5205594897270203, -0.08649992942810059, -0.8494325280189514], "cam_t_m2c": [50.482154846191406, -69.88461303710938, 713.6536865234375], "obj_id": 2}],
  "31": [{"cam_R_m2c": [0.054865267127752304, 0.7193639874458313, 0.6924630403518677, -0.8851308226585388, 0.3559907376766205, -0.2996896505355835, -0.46209636330604553, -0.5964779257774353, 0.6562629342079163], "cam_t_m2c": [118.11279296875, -303.2076110839844, 584.7365112304688], "obj_id": 1}, {"cam_R_m2c": [-0.8565292358398438, 0.033895377069711685, 0.5149840116500854, 0.16192306578159332, -0.9298080205917358, 0.33051133155822754, 0.4900391399860382, 0.36648043990135193, 0.7909195423126221], "cam_t_m2c": [-150.7180938720703, -203.89077758789062, 668.40966796875], "obj_id": 3}, {"cam_R_m2c": [-0.6279017925262451, -0.6605520248413086, -0.41159531474113464, -0.3435012698173523, -0.2393476516008377, 0.9081408977508545, -0.6983885765075684, 0.7116066217422485, -0.07661383599042892], "cam_t_m2c": [88.84286499023438, -300.1558837890625, 538.5491333007812], "obj_id": 2}],
  "32": [{"cam_R_m2c": [-0.45879146456718445, -0.5856890678405762, -0.6681906580924988, -0.0981983169913292, -0.7139780521392822, 0.6932477951049805, -0.8831011056900024, 0.3836713433265686, 0.27005329728126526], "cam_t_m2c": [-118.1042251586914, 69.7685546875, 838.8323364257812], "obj_id": 1}, {"cam_R_m2c": [0.9033699631690979, -0.35571154952049255, -0.2395661622285843, 0.4265137016773224, 0.6868024468421936, 0.5885477066040039, -0.044818583875894547, -0.6338545680046082, 0.7721526026725769], "cam_t_m2c": [176.106201171875, 120.49270629882812, 840.373046875], "obj_id": 3}, {"cam_R_m2c": [0.3484291732311249, 0.592766284942627, 0.7261027693748474, -0.4935758709907532, 0.7745772004127502, -0.3954908549785614, -0.7968562841415405, -0.22058627009391785, 0.5624604225158691], "cam_t_m2c": [-95.95213317871094, 26.98531150817871, 812.7901000976562], "obj_id": 2}],
  "33": [{"cam_R_m2c": [0.9356385469436646, 0.3263319730758667, -0.13449135422706604, -0.14824452996253967, 0.017524676397442818, -0.9887954592704773, -0.32031863927841187, 0.9450927376747131, 0.06477369368076324], "cam_t_m2c": [174.66635131835938, -254.64886474609375, 408.37103271484375], "obj_id": 1}, {"cam_R_m2c": [-0.6245417594909668, 0.3689478635787964, -0.6883493661880493, 0.36333370208740234, -0.6429330706596375, -0.6742591857910156, -0.6913291811943054, -0.67120361328125, 0.2674875259399414], "cam_t_m2c": [-3.7642390727996826, -78.1384506225586, 246.68714904785156], "obj_id": 3}, {"cam_R_m2c": [0.609102189540863, -0.4756791293621063, -0.6346052885055542, 0.6907615661621094, -0.07495687901973724, 0.7191869616508484, -0.3896702826023102, -0.8764193058013916, 0.28292447328567505], "cam_t_m2c": [200.0050506591797, -206.12448120117188, 406.7428283691406], "obj_id": 2}],
  "34": [{"cam_R_m2c": [0.7173593640327454, -0.5191344022750854, 0.4646450877189636, 0.6966186761856079, 0.5240644216537476, -0.4899784326553345, 0.010860677808523178, 0.6751710772514343, 0.7375812530517578], "cam_t_m2c": [125.42894744873047, 13.501128196716309, 866.5909423828125], "obj_id": 1}, {"cam_R_m2c": [-0.005991344805806875, 0.9950278997421265, -0.0994158685207367, -0.5793876647949219, -0.08448398858308792, -0.8106616139411926, -0.815030038356781, 0.0527433417737484, 0.5770131349563599], "cam_t_m2c": [57.18710708618164, -115.03076171875, 605.9039916992188], "obj_id": 3}, {"cam_R_m2c": [0.13946156203746796, 0.4391382038593292, -0.8875291347503662, 0.7173030376434326, -0.662700891494751, -0.21518296003341675, -0.6826615333557129, -0.6066176295280457, -0.4074164032936096], "cam_t_m2c": [109.78814697265625, 54.5722541809082, 833.9130249023438], "obj_id": 2}],
  "35": [{"cam_R_m2c": [0.8409804701805115, 0.5393681526184082, -0.04282311350107193, -0.3335397243499756, 0.4544770419597626, -0.8259551525115967, -0.42603176832199097, 0.7088953852653503, 0.5621070265769958], "cam_t_m2c": [77.59708404541016, -126.85416412353516, 1323.384765625], "obj_id": 1}, {"cam_R_m2c": [-0.7956836819648743, 0.2447502166032791, -0.5540621876716614, 0.01667730323970318, -0.9055290818214417, -0.4239565432071686, -0.605482816696167, -0.346575528383255, 0.7164328098297119], "cam_t_m2c": [-146.51438903808594, -41.23606872558594, 1145.680908203125], "obj_id": 3}, {"cam_R_m2c": [0.44706830382347107, -0.6635276675224304, -0.5998841524124146, 0.38355857133865356, -0.4636521637439728, 0.7986924052238464, -0.8080920577049255, -0.5871607661247253, 0.047217510640621185], "cam_t_m2c": [98.2177505493164, -86.55947875976562, 1292.5555419921875], "obj_id": 2}],
  "36": [{"cam_R_m2c": [-0.3308085799217224, -0.63838130235672, -0.6950070858001709, -0.14316459000110626, -0.6939988136291504, 0.7055985927581787, -0.9327751398086548, 0.33291852474212646, 0.13818727433681488], "cam_t_m2c": [-190.64422607421875, 166.7041015625, 529.5742797851562], "obj_id": 1}, {"cam_R_m2c": [0.9034453630447388, -0.2586936950683594, -0.3418537974357605, 0.4243025481700897, 0.6535351276397705, 0.6267847418785095, 0.06126821041107178, -0.7113152146339417, 0.700197696685791], "cam_t_m2c": [100.75385284423828, 217.63995361328125, 569.9202270507812], "obj_id": 3}, {"cam_R_m2c": [0.45371925830841064, 0.622869610786438, 0.6373164057731628, -0.5331142544746399, 0.762795090675354, -0.36596837639808655, -0.7140924334526062, -0.17371557652950287, 0.6781554818153381], "cam_t_m2c": [-165.33035278320312, 122.67028045654297, 509.0914306640625], "obj_id": 2}],
  "37": [{"cam_R_m2c": [-0.7193235158920288, 0.5993645787239075, -0.3511918783187866, -0.4610874056816101, -0.7900702357292175, -0.4039645791053772, -0.51958829164505, -0.12865108251571655, 0.844675600528717], "cam_t_m2c": [-113.31309509277344, -88.2364273071289, 1095.5931396484375], "obj_id": 1}, {"cam_R_m2c": [-0.09776118397712708, -0.9768903255462646, 0.190073624253273, 0.993651807308197, -0.10649421066045761, -0.036262717097997665, 0.055666446685791016, 0.18532192707061768, 0.9810999035835266], "cam_t_m2c": [-79.74368286132812, 206.25506591796875, 1059.77490234375], "obj_id": 3}, {"cam_R_m2c": [-0.24290163815021515, -0.5086248517036438, 0.8260141015052795, 0.17045238614082336, 0.8158885836601257, 0.5525140166282654, -0.954957902431488, 0.27500271797180176, -0.11148432642221451], "cam_t_m2c": [-102.93975830078125, -81.27879333496094, 1042.2703857421875], "obj_id": 2}],
  "38": [{"cam_R_m2c": [0.5834488868713379, 0.7736483216285706, -0.24709452688694, -0.7914132475852966, 0.4732855260372162, -0.38686680793762207, -0.18235255777835846, 0.4212709069252014, 0.8884134292602539], "cam_t_m2c": [35.261348724365234, -307.53753662109375, 1171.5811767578125], "obj_id": 1}, {"cam_R_m2c": [-0.8223057389259338, -0.15795721113681793, -0.5466831922531128, 0.05097011476755142, -0.9772853255271912, 0.2057064324617386, -0.566758394241333, 0.1412891000509262, 0.8116787075996399], "cam_t_m2c": [-168.281982421875, -231.81930541992188, 966.7106323242188], "obj_id": 3}, {"cam_R_m2c": [0.4190639853477478, -0.87140953540802, -0.2550112307071686, -0.2375672608613968, -0.37631291151046753, 0.8955167531967163, -0.8763259053230286, -0.31469646096229553, -0.3647175133228302], "cam_t_m2c": [63.789398193359375, -297.510986328125, 1125.9200439453125], "obj_id": 2}],
  "39": [{"cam_R_m2c": [-0.3015408515930176, 0.8799012899398804, 0.367215096950531, -0.6840989589691162, 0.06861146539449692, -0.7261550426483154, -0.6641398668289185, -0.4701768457889557, 0.5812503695487976], "cam_t_m2c": [7.367602348327637, -149.51071166992188, 1105.2921142578125], "obj_id": 1}, {"cam_R_m2c": [-0.7404850125312805, -0.460540235042572, 0.48947393894195557, 0.45913490653038025, -0.8785067200660706, -0.13198904693126678, 0.4907923936843872, 0.1269986629486084, 0.8619710803031921], "cam_t_m2c": [-192.109619140625, 49.817893981933594, 1203.3330078125], "obj_id": 3}, {"cam_R_m2c": [-0.6072704195976257, -0.7904978394508362, 0.07959939539432526, 0.15779154002666473, -0.021807940676808357, 0.9872316718101501, -0.7786685228347778, 0.6120765805244446, 0.13797707855701447], "cam_t_m2c": [-10.0087890625, -123.25225067138672, 1060.48291015625], "obj_id": 2}],
  "40": [{"cam_R_m2c": [0.03184055909514427, 0.40654298663139343, -0.9130765795707703, 0.527259349822998, -0.7829191088676453, -0.3302046060562134, -0.849107563495636, -0.4709143340587616, -0.23928208649158478], "cam_t_m2c": [-220.2410888671875, 106.37696838378906, 569.9788818359375], "obj_id": 1}, {"cam_R_m2c": [-0.06693338602781296, -0.6881170272827148, -0.7225058674812317, 0.5520555973052979, 0.577647864818573, -0.6012964844703674, 0.8311163187026978, -0.43911030888557434, 0.34121498465538025], "cam_t_m2c": [-162.2648468017578, 247.82949829101562, 826.42578125], "obj_id": 3}, {"cam_R_m2c": [0.6763659119606018, -0.4795125722885132, 0.5591036081314087, 0.6964572072029114, 0.6634114980697632, -0.27355536818504333, -0.23974253237247467, 0.5744152665138245, 0.7826688885688782], "cam_t_m2c": [-169.59893798828125, 126.42803955078125, 564.265380859375], "obj_id": 2}],
  "41": [{"cam_R_m2c": [-0.022598881274461746, -0.8726374506950378, -0.48784539103507996, 0.6058919429779053, -0.4001002013683319, 0.6876152753829956, -0.7952259182929993, -0.28004226088523865, 0.5377658605575562], "cam_t_m2c": [-55.13294982910156, 324.12591552734375, 821.875244140625], "obj_id": 1}, {"cam_R_m2c": [0.9080014228820801, 0.17878954112529755, -0.378903329372406, -0.1321723908185959, 0.9804317951202393, 0.14589008688926697, 0.39757251739501953, -0.08238783478736877, 0.9138644933700562], "cam_t_m2c": [208.0646514892578, 210.98492431640625, 905.90625], "obj_id": 3}, {"cam_R_m2c": [0.5094533562660217, 0.8231982588768005, 0.25060299038887024, -0.12148506194353104, 0.35712000727653503, -0.9261245131492615, -0.8518794775009155, 0.44137275218963623, 0.28194230794906616], "cam_t_m2c": [-37.01179122924805, 296.0068664550781, 778.5132446289062], "obj_id": 2}],
  "42": [{"cam_R_m2c": [-0.20688851177692413, 0.9389778971672058, -0.2748047411441803, 0.002597278915345669, -0.2803536057472229, -0.9598932266235352, -0.9783610701560974, -0.19930465519428253, 0.05556318536400795], "cam_t_m2c": [-54.685054779052734, -105.36380004882812, 537.6924438476562], "obj_id": 1}, {"cam_R_m2c": [-0.6247187256813049, -0.7779035568237305, -0.06776685267686844, 0.5446565747261047, -0.37192025780677795, -0.7516810297966003, 0.5595315098762512, -0.5064989924430847, 0.6560360193252563], "cam_t_m2c": [-176.45278930664062, 107.1166763305664, 708.4546508789062], "obj_id": 3}, {"cam_R_m2c": [-0.05319248512387276, -0.9153920412063599, 0.3990333080291748, 0.8041555881500244, 0.19764457643032074, 0.5605980753898621, -0.5920338034629822, 0.3507046103477478, 0.7256046533584595], "cam_t_m2c": [-36.94096755981445, -58.01602554321289, 516.6531982421875], "obj_id": 2}],
  "43": [{"cam_R_m2c": [0.7400389313697815, 0.34800052642822266, -0.5755327939987183, -0.566440999507904, -0.13887019455432892, -0.812317430973053, -0.3626112639904022, 0.9271519184112549, 0.09435243904590607], "cam_t_m2c": [28.910287857055664, -306.40118408203125, 990.5067138671875], "obj_id": 1}, {"cam_R_m2c": [-0.4203051030635834, -0.009974360466003418, -0.9073279500007629, 0.6142033338546753, -0.7391619682312012, -0.27639415860176086, -0.6679055094718933, -0.6734537482261658, 0.31679993867874146], "cam_t_m2c": [-55.37207794189453, -66.68360137939453, 833.7679443359375], "obj_id": 3}, {"cam_R_m2c": [0.8383374214172363, -0.5029165148735046, -0.21039341390132904, 0.32822373509407043, 0.15749424695968628, 0.9313778877258301, -0.4352695643901825, -0.8498650193214417, 0.2971024513244629], "cam_t_m2c": [73.7920150756836, -275.2742919921875, 986.4989013671875], "obj_id": 2}],
  "44": [{"cam_R_m2c": [-0.48199236392974854, 0.8761572241783142, 0.005630894098430872, 0.32856830954551697, 0.18670257925987244, -0.925842821598053, -0.8122352361679077, -0.4443991184234619, -0.37786665558815], "cam_t_m2c": [-173.07882690429688, -136.8768310546875, 667.445068359375], "obj_id": 1}, {"cam_R_m2c": [-0.5463700294494629, -0.773069441318512, 0.3222469687461853, 0.0005301692290231586, -0.38507142663002014, -0.9228864908218384, 0.8375435471534729, -0.5040668249130249, 0.21080154180526733], "cam_t_m2c": [-288.05755615234375, -73.06578826904297, 935.4807739257812], "obj_id": 3}, {"cam_R_m2c": [-0.42784833908081055, -0.7885671257972717, 0.44170981645584106, 0.8968132138252258, -0.30950701236724854, 0.3161192834377289, -0.11256897449493408, 0.5313823223114014, 0.8396195769309998], "cam_t_m2c": [-174.93833923339844, -82.1887435913086, 669.697021484375], "obj_id": 2}],
