{
  "0": {"cam_K": [572.411363389757, 0.0, 320.0000000074506, 0.0, 573.5704328585578, 239.9999999955051, 0.0, 0.0, 1.0], "cam_R_w2c": [-0.15004973113536835, -0.977236270904541, -0.1499813348054886, -0.9662829637527466, 0.1770588606595993, -0.1869422048330307, 0.20924222469329834, 0.11687378585338593, -0.9708544015884399], "cam_t_w2c": [132.96446228027344, 259.7185974121094, 1279.5740966796875], "depth_scale": 0.1},
  "1": {"cam_K": [572.411363389757, 0.0, 320.0000000074506, 0.0, 573.5704328585578, 239.9999999955051, 0.0, 0.0, 1.0], "cam_R_w2c": [-0.27797263860702515, -0.9205272197723389, 0.2745194137096405, -0.8890886902809143, 0.35474511981010437, 0.28927019238471985, -0.36366552114486694, -0.1636628955602646, -0.9170398116111755], "cam_t_w2c": [51.92556381225586, -91.91170501708984, 749.0758666992188], "depth_scale": 0.1},
  "2": {"cam_K": [572.411363389757, 0.0, 320.0000000074506, 0.0, 573.5704328585578, 239.9999999955051, 0.0, 0.0, 1.0], "cam_R_w2c": [0.7029141187667847, 0.6734784245491028, -0.22877630591392517, 0.6950346231460571, -0.7187050580978394, 0.019745634868741035, -0.15112443268299103, -0.1728869378566742, -0.9732787609100342], "cam_t_w2c": [-259.57232666015625, -131.97763061523438, 1051.5206298828125], "depth_scale": 0.1},
  "3": {"cam_K": [572.411363389757, 0.0, 320.0000000074506, 0.0, 573.5704328585578, 239.9999999955051, 0.0, 0.0, 1.0], "cam_R_w2c": [0.7906651496887207, -0.04470199719071388, -0.6106147170066833, -0.46624884009361267, -0.6903563737869263, -0.5531907081604004, -0.3968130946159363, 0.722087025642395, -0.5666829943656921], "cam_t_w2c": [-216.16043090820312, 199.50950622558594, 1341.3609619140625], "depth_scale": 0.1},
  "4": {"cam_K": [572.411363389757, 0.0, 320.0000000074506, 0.0, 573.5704328585578, 239.9999999955051, 0.0, 0.0, 1.0], "cam_R_w2c": [0.41864013671875, 0.8984711766242981, -0.13225005567073822, 0.8771266937255859, -0.4377668499946594, -0.19750724732875824, -0.23534923791885376, -0.03331557661294937, -0.9713398218154907], "cam_t_w2c": [-41.69350814819336, 96.92890930175781, 1216.3267822265625], "depth_scale": 0.1},
  "5": {"cam_K": [572.411363389757, 0.0, 320.0000000074506, 0.0, 573.5704328585578, 239.9999999955051, 0.0, 0.0, 1.0], "cam_R_w2c": [-0.6506813764572144, -0.4012981951236725, 0.6446500420570374, -0.6945315599441528, 0.6577227115631104, -0.2915935218334198, -0.3069849908351898, -0.6374642252922058, -0.7066821455955505], "cam_t_w2c": [-18.249835968017578, -97.75221252441406, 438.4460144042969], "depth_scale": 0.1},
  "6": {"cam_K": [572.411363389757, 0.0, 320.0000000074506, 0.0, 573.5704328585578, 239.9999999955051, 0.0, 0.0, 1.0], "cam_R_w2c": [-0.40475353598594666, 0.8955352902412415, 0.1849086582660675, 0.9126676917076111, 0.4081633985042572, 0.02098681405186653, -0.056678514927625656, 0.17725461721420288, -0.982531726360321], "cam_t_w2c": [-100.8082046508789, 30.088478088378906, 875.0643920898438], "depth_scale": 0.1},
  "7": {"cam_K": [572.411363389757, 0.0, 320.0000000074506, 0.0, 573.5704328585578, 239.9999999955051, 0.0, 0.0, 1.0], "cam_R_w2c": [0.5976410508155823, -0.7578437924385071, -0.261721134185791, -0.3446708023548126, -0.5375754237174988, 0.7695549130439758, -0.7238972187042236, -0.36970996856689453, -0.5824838280677795], "cam_t_w2c": [103.75633239746094, 12.612439155578613, 760.9302368164062], "depth_scale": 0.1},
  "8": {"cam_K": [572.411363389757, 0.0, 320.0000000074506, 0.0, 573.5704328585578, 239.9999999955051, 0.0, 0.0, 1.0], "cam_R_w2c": [-0.33661606907844543, 0.2119055539369583, -0.9174888134002686, 0.9044494032859802, 0.343893438577652, -0.2524055540561676, 0.26203224062919617, -0.9147859811782837, -0.30741792917251587], "cam_t_w2c": [-32.27888870239258, 36.963584899902344, 566.3482666015625], "depth_scale": 0.1},
  "9": {"cam_K": [572.411363389757, 0.0, 320.0000000074506, 0.0, 573.5704328585578, 239.9999999955051, 0.0, 0.0, 1.0], "cam_R_w2c": [-0.1247418075799942, -0.9542452692985535, -0.2717638909816742, -0.8731667399406433, 0.23565582931041718, -0.42666879296302795, 0.4711894094944, 0.18407177925109863, -0.8626113533973694], "cam_t_w2c": [124.55198669433594, 229.63916015625, 636.94384765625], "depth_scale": 0.1},
  "10": {"cam_K": [572.411363389757, 0.0, 320.0000000074506, 0.0, 573.5704328585578, 239.9999999955051, 0.0, 0.0, 1.0], "cam_R_w2c": [-0.001291512162424624, -0.36685511469841003, 0.9302771687507629, -0.9300991296768188, -0.34125661849975586, -0.1358659416437149, 0.36730635166168213, -0.8654254674911499, -0.3407708704471588], "cam_t_w2c": [27.1649169921875, 296.4075622558594, 337.1423034667969], "depth_scale": 0.1},
  "11": {"cam_K": [572.411363389757, 0.0, 320.0000000074506, 0.0, 573.5704328585578, 239.9999999955051, 0.0, 0.0, 1.0], "cam_R_w2c": [-0.2849305272102356, -0.8508810997009277, 0.4413798153400421, -0.6393023133277893, -0.17440709471702576, -0.7489157915115356, 0.714218020439148, -0.4955640137195587, -0.4942764639854431], "cam_t_w2c": [155.4834442138672, 202.96713256835938, 1157.7996826171875], "depth_scale": 0.1},
  "12": {"cam_K": [572.411363389757, 0.0, 320.0000000074506, 0.0, 573.5704328585578, 239.9999999955051, 0.0, 0.0, 1.0], "cam_R_w2c": [-0.07524993270635605, 0.9128907322883606, 0.4012082815170288, 0.986419141292572, 0.009239385835826397, 0.16398784518241882, 0.14599603414535522, 0.40809956192970276, -0.9011881947517395], "cam_t_w2c": [-64.8863525390625, -282.2890625, 1389.127197265625], "depth_scale": 0.1},
  "13": {"cam_K": [572.411363389757, 0.0, 320.0000000074506, 0.0, 573.5704328585578, 239.9999999955051, 0.0, 0.0, 1.0], "cam_R_w2c": [-0.5268864631652832, 0.2635863423347473, -0.808030366897583, 0.7121809720993042, 0.6557956337928772, -0.2504604458808899, 0.4638848304748535, -0.707427978515625, -0.5332510471343994], "cam_t_w2c": [-50.419368743896484, -1.1469449996948242, 1229.3671875], "depth_scale": 0.1},
  "14": {"cam_K": [572.411363389757, 0.0, 320.0000000074506, 0.0, 573.5704328585578, 239.9999999955051, 0.0, 0.0, 1.0], "cam_R_w2c": [-0.6700036525726318, -0.7421676516532898, 0.01680326648056507, -0.741758406162262, 0.670200526714325, 0.025015227496623993, -0.029827050864696503, 0.0042963288724422455, -0.9995459318161011], "cam_t_w2c": [12.913769721984863, -104.67975616455078, 1364.63037109375], "depth_scale": 0.1},
  "15": {"cam_K": [572.411363389757, 0.0, 320.0000000074506, 0.0, 573.5704328585578, 239.9999999955051, 0.0, 0.0, 1.0], "cam_R_w2c": [-0.7547528743743896, 0.05627795681357384, -0.653590738773346, 0.49515074491500854, 0.7024175524711609, -0.5113074779510498, 0.4303182363510132, -0.7095367312431335, -0.5580176711082458], "cam_t_w2c": [214.01364135742188, -201.1483154296875, 846.6008911132812], "depth_scale": 0.1},
  "16": {"cam_K": [572.411363389757, 0.0, 320.0000000074506, 0.0, 573.5704328585578, 239.9999999955051, 0.0, 0.0, 1.0], "cam_R_w2c": [0.843960165977478, 0.2824004590511322, 0.4560495615005493, -0.11463931947946548, -0.7355931401252747, 0.6676530241966248, 0.5240124464035034, -0.6157537698745728, -0.5884370803833008], "cam_t_w2c": [31.697996139526367, 45.090572357177734, 1156.2137451171875], "depth_scale": 0.1},
  "17": {"cam_K": [572.411363389757, 0.0, 320.0000000074506, 0.0, 573.5704328585578, 239.9999999955051, 0.0, 0.0, 1.0], "cam_R_w2c": [0.03661946952342987, 0.3971848785877228, 0.9170078039169312, 0.8257896304130554, -0.5288012623786926, 0.1960635483264923, 0.5627882480621338, 0.7500757575035095, -0.3473556637763977], "cam_t_w2c": [-36.91500473022461, 97.31697845458984, 732.3740234375], "depth_scale": 0.1},
  "18": {"cam_K": [572.411363389757, 0.0, 320.0000000074506, 0.0, 573.5704328585578, 239.9999999955051, 0.0, 0.0, 1.0], "cam_R_w2c": [-0.30955007672309875, 0.9328246116638184, -0.18443739414215088, 0.9311656951904297, 0.25807932019233704, -0.25753751397132874, -0.1926378309726715, -0.25146248936653137, -0.948502779006958], "cam_t_w2c": [-94.09868621826172, 45.686317443847656, 1322.8585205078125], "depth_scale": 0.1},
  "19": {"cam_K": [572.411363389757, 0.0, 320.0000000074506, 0.0, 573.5704328585578, 239.9999999955051, 0.0, 0.0, 1.0], "cam_R_w2c": [0.49477827548980713, -0.495135635137558, -0.7141675353050232, -0.5803927779197693, 0.4233759045600891, -0.6956271529197693, 0.6467911601066589, 0.7586788535118103, -0.07789594680070877], "cam_t_w2c": [-90.20782470703125, 131.25076293945312, 1325.044677734375], "depth_scale": 0.1},
  "20": {"cam_K": [572.411363389757, 0.0, 320.0000000074506, 0.0, 573.5704328585578, 239.9999999955051, 0.0, 0.0, 1.0], "cam_R_w2c": [0.14485414326190948, 0.9849815368652344, 0.0939611867070198, 0.9866955876350403, -0.15088248252868652, 0.06055085361003876, 0.07381856441497803, 0.0839400365948677, -0.9937328696250916], "cam_t_w2c": [-69.34725189208984, 79.4122085571289, 983.22216796875], "depth_scale": 0.1},
  "21": {"cam_K": [572.411363389757, 0.0, 320.0000000074506, 0.0, 573.5704328585578, 239.9999999955051, 0.0, 0.0, 1.0], "cam_R_w2c": [0.7190982699394226, -0.641636312007904, -0.2668342888355255, -0.5552145838737488, -0.7614116072654724, 0.33464786410331726, -0.4178929328918457, -0.0924944058060646, -0.9037756323814392], "cam_t_w2c": [102.89370727539062, 19.65395736694336, 604.2978515625], "depth_scale": 0.1},
  "22": {"cam_K": [572.411363389757, 0.0, 320.0000000074506, 0.0, 573.5704328585578, 239.9999999955051, 0.0, 0.0, 1.0], "cam_R_w2c": [0.7497901320457458, -0.1717957705259323, 0.6389843225479126, 0.5626856684684753, -0.3425520658493042, -0.7523582577705383, 0.34813734889030457, 0.9236581325531006, -0.1601751446723938], "cam_t_w2c": [59.87384033203125, 72.40428924560547, 1021.4812622070312], "depth_scale": 0.1},
  "23": {"cam_K": [572.411363389757, 0.0, 320.0000000074506, 0.0, 573.5704328585578, 239.9999999955051, 0.0, 0.0, 1.0], "cam_R_w2c": [-0.3825989365577698, -0.8394447565078735, -0.3859412968158722, -0.9211027026176453, 0.37912681698799133, 0.08850263804197311, 0.07202763855457306, 0.38935256004333496, -0.9182683229446411], "cam_t_w2c": [43.860591888427734, -94.35657501220703, 1177.71142578125], "depth_scale": 0.1},
  "24": {"cam_K": [572.411363389757, 0.0, 320.0000000074506, 0.0, 573.5704328585578, 239.9999999955051, 0.0, 0.0, 1.0], "cam_R_w2c": [-0.9355770945549011, -0.008162076584994793, 0.3530285358428955, -0.07434967905282974, 0.9818752408027649, -0.17433637380599976, -0.34520700573921204, -0.18935264647006989, -0.9192268252372742], "cam_t_w2c": [-66.7217025756836, -81.90960693359375, 820.7996826171875], "depth_scale": 0.1},
  "25": {"cam_K": [572.411363389757, 0.0, 320.0000000074506, 0.0, 573.5704328585578, 239.9999999955051, 0.0, 0.0, 1.0], "cam_R_w2c": [0.13632674515247345, 0.07676837593317032, 0.987684965133667, 0.29162919521331787, -0.9559252858161926, 0.034047264605760574, 0.9467668533325195, 0.28339624404907227, -0.1527060866355896], "cam_t_w2c": [-11.567995071411133, 8.90831470489502, 1131.41650390625], "depth_scale": 0.1},
  "26": {"cam_K": [572.411363389757, 0.0, 320.0000000074506, 0.0, 573.5704328585578, 239.9999999955051, 0.0, 0.0, 1.0], "cam_R_w2c": [0.6749539375305176, 0.7079024314880371, 0.2081138789653778, 0.7354152798652649, -0.6224650144577026, -0.26777195930480957, -0.060012806206941605, 0.3337838649749756, -0.9407374858856201], "cam_t_w2c": [-25.122739791870117, -2.1067867279052734, 1020.5633544921875], "depth_scale": 0.1},
  "27": {"cam_K": [572.411363389757, 0.0, 320.0000000074506, 0.0, 573.5704328585578, 239.9999999955051, 0.0, 0.0, 1.0], "cam_R_w2c": [-0.4689999520778656, -0.17588990926742554, -0.8655068874359131, -0.8486085534095764, 0.36131125688552856, 0.38641664385795593, 0.24475066363811493, 0.9157058000564575, -0.31871673464775085], "cam_t_w2c": [66.1264877319336, -34.01945114135742, 796.0458984375], "depth_scale": 0.1},
  "28": {"cam_K": [572.411363389757, 0.0, 320.0000000074506, 0.0, 573.5704328585578, 239.9999999955051, 0.0, 0.0, 1.0], "cam_R_w2c": [-0.7735084891319275, 0.5926929712295532, 0.22449876368045807, 0.27400073409080505, 0.6321294903755188, -0.7248006463050842, -0.5714965462684631, -0.4991265833377838, -0.6513558030128479], "cam_t_w2c": [-83.06501770019531, -135.01644897460938, 1398.777099609375], "depth_scale": 0.1},
  "29": {"cam_K": [572.411363389757, 0.0, 320.0000000074506, 0.0, 573.5704328585578, 239.9999999955051, 0.0, 0.0, 1.0], "cam_R_w2c": [0.7953586578369141, -0.5749858617782593, -0.19182243943214417, -0.5787481069564819, -0.814444363117218, 0.04160914197564125, -0.18015334010124207, 0.07792267203330994, -0.9805473685264587], "cam_t_w2c": [78.12940979003906, 192.73353576660156, 1399.225341796875], "depth_scale": 0.1},
  "30": {"cam_K": [572.411363389757, 0.0, 320.0000000074506, 0.0, 573.5704328585578, 239.9999999955051, 0.0, 0.0, 1.0], "cam_R_w2c": [-0.7887345552444458, 0.14137117564678192, 0.5982576012611389, -0.34977033734321594, 0.6971064805984497, -0.6258620023727417, -0.5055280923843384, -0.7028917074203491, -0.5003845691680908], "cam_t_w2c": [7.847073554992676, 0.8410332202911377, 638.3814086914062], "depth_scale": 0.1},
  "31": {"cam_K": [572.411363389757, 0.0, 320.0000000074506, 0.0, 573.5704328585578, 239.9999999955051, 0.0, 0.0, 1.0], "cam_R_w2c": [-0.8544726967811584, -0.06198585033416748, -0.5157850980758667, 0.11326878517866135, 0.9467387795448303, -0.30142298340797424, 0.5069977641105652, -0.31598004698753357, -0.801941454410553], "cam_t_w2c": [59.32979202270508, -194.0999298095703, 557.7037353515625], "depth_scale": 0.1},
  "32": {"cam_K": [572.411363389757, 0.0, 320.0000000074506, 0.0, 573.5704328585578, 239.9999999955051, 0.0, 0.0, 1.0], "cam_R_w2c": [0.8842267394065857, 0.3941907584667206, 0.250512957572937, 0.4603865146636963, -0.6452838778495789, -0.6096333861351013, -0.07865988463163376, 0.6543869376182556, -0.7520573735237122], "cam_t_w2c": [-24.572601318359375, 6.103774070739746, 896.1849975585938], "depth_scale": 0.1},
  "33": {"cam_K": [572.411363389757, 0.0, 320.0000000074506, 0.0, 573.5704328585578, 239.9999999955051, 0.0, 0.0, 1.0], "cam_R_w2c": [-0.6035946011543274, -0.4218614399433136, 0.676540195941925, 0.33080899715423584, 0.639546811580658, 0.6939346790313721, -0.7254233956336975, 0.6426607370376587, -0.24647143483161926], "cam_t_w2c": [109.37344360351562, -151.36083984375, 442.4168701171875], "depth_scale": 0.1},
  "34": {"cam_K": [572.411363389757, 0.0, 320.0000000074506, 0.0, 573.5704328585578, 239.9999999955051, 0.0, 0.0, 1.0], "cam_R_w2c": [0.045444417744874954, -0.9966217279434204, 0.06840933859348297, -0.5816660523414612, 0.029275543987751007, 0.8129006028175354, -0.812157154083252, -0.07673312723636627, -0.5783705711364746], "cam_t_w2c": [13.865779876708984, 3.984240770339966, 806.977294921875], "depth_scale": 0.1},
  "35": {"cam_K": [572.411363389757, 0.0, 320.0000000074506, 0.0, 573.5704328585578, 239.9999999955051, 0.0, 0.0, 1.0], "cam_R_w2c": [-0.7811239361763, -0.3025386333465576, 0.5461829304695129, -0.02931915782392025, 0.8915740251541138, 0.4519249498844147, -0.623687207698822, 0.33699578046798706, -0.705299973487854], "cam_t_w2c": [14.914732933044434, -16.69004249572754, 1318.33642578125], "depth_scale": 0.1},
  "36": {"cam_K": [572.411363389757, 0.0, 320.0000000074506, 0.0, 573.5704328585578, 239.9999999955051, 0.0, 0.0, 1.0], "cam_R_w2c": [0.8894652724266052, 0.2941744923591614, 0.34973257780075073, 0.4564027488231659, -0.6110028028488159, -0.6468169093132019, 0.02341054566204548, 0.7349400520324707, -0.6777278184890747], "cam_t_w2c": [-106.51045989990234, 106.0928726196289, 602.6392822265625], "depth_scale": 0.1},
  "37": {"cam_K": [572.411363389757, 0.0, 320.0000000074506, 0.0, 573.5704328585578, 239.9999999955051, 0.0, 0.0, 1.0], "cam_R_w2c": [-0.14827018976211548, 0.9759855270385742, -0.15958711504936218, 0.9869020581245422, 0.15639625489711761, 0.039553578943014145, 0.0635625422000885, -0.15163223445415497, -0.986391007900238], "cam_t_w2c": [-10.901763916015625, -21.178438186645508, 1062.3388671875], "depth_scale": 0.1},
  "38": {"cam_K": [572.411363389757, 0.0, 320.0000000074506, 0.0, 573.5704328585578, 239.9999999955051, 0.0, 0.0, 1.0], "cam_R_w2c": [-0.8284717202186584, 0.09829560667276382, 0.5513371825218201, 0.00021788669982925057, 0.9845327138900757, -0.17520080506801605, -0.560030996799469, -0.14502876996994019, -0.8156788945198059], "cam_t_w2c": [16.652212142944336, -197.1792449951172, 1111.869873046875], "depth_scale": 0.1},
  "39": {"cam_K": [572.411363389757, 0.0, 320.0000000074506, 0.0, 573.5704328585578, 239.9999999955051, 0.0, 0.0, 1.0], "cam_R_w2c": [-0.7640168070793152, 0.43674272298812866, -0.47490450739860535, 0.4134728014469147, 0.8964807987213135, 0.15925589203834534, 0.4952966272830963, -0.07468592375516891, -0.8655076026916504], "cam_t_w2c": [11.381627082824707, -22.728713989257812, 1104.337646484375], "depth_scale": 0.1},
  "40": {"cam_K": [572.411363389757, 0.0, 320.0000000074506, 0.0, 573.5704328585578, 239.9999999955051, 0.0, 0.0, 1.0], "cam_R_w2c": [-0.1011366993188858, 0.6609698534011841, 0.7435659766197205, 0.5820516347885132, -0.5668258666992188, 0.5830304026603699, 0.8068378567695618, 0.4917595088481903, -0.32739171385765076], "cam_t_w2c": [-134.64471435546875, 80.5123062133789, 659.9509887695312], "depth_scale": 0.1},
  "41": {"cam_K": [572.411363389757, 0.0, 320.0000000074506, 0.0, 573.5704328585578, 239.9999999955051, 0.0, 0.0, 1.0], "cam_R_w2c": [0.9166156649589539, -0.14343194663524628, 0.3731527328491211, -0.08171575516462326, -0.9809346795082092, -0.17632301151752472, 0.3913287818431854, 0.1311279833316803, -0.9108607769012451], "cam_t_w2c": [-19.760150909423828, 203.48159790039062, 838.7398071289062], "depth_scale": 0.1},
  "42": {"cam_K": [572.411363389757, 0.0, 320.0000000074506, 0.0, 573.5704328585578, 239.9999999955051, 0.0, 0.0, 1.0], "cam_R_w2c": [-0.6638599038124084, 0.742184042930603, 0.0919400230050087, 0.5259789824485779, 0.3759668171405792, 0.7628860473632812, 0.5316354036331177, 0.5548079609870911, -0.6399624943733215], "cam_t_w2c": [0.3304619789123535, -21.65666389465332, 615.5198364257812], "depth_scale": 0.1},
  "43": {"cam_K": [572.411363389757, 0.0, 320.0000000074506, 0.0, 573.5704328585578, 239.9999999955051, 0.0, 0.0, 1.0], "cam_R_w2c": [-0.41880062222480774, -0.039902038872241974, 0.9072012305259705, 0.5757469534873962, 0.7608954906463623, 0.2992549240589142, -0.7022262215614319, 0.647646427154541, -0.29569005966186523], "cam_t_w2c": [21.16787338256836, -184.66920471191406, 1025.3216552734375], "depth_scale": 0.1},
  "44": {"cam_K": [572.411363389757, 0.0, 320.0000000074506, 0.0, 573.5704328585578, 239.9999999955051, 0.0, 0.0, 1.0], "cam_R_w2c": [-0.585993766784668, 0.7535158395767212, -0.29803574085235596, -0.017826158553361893, 0.35572531819343567, 0.9344205260276794, 0.8101195096969604, 0.5528773665428162, -0.19502055644989014], "cam_t_w2c": [-120.401123046875, -78.8110580444336, 767.165283203125], "depth_scale": 0.1},
  "45": {"cam_K": [572.411363389757, 0.0, 320.0000000074506, 0.0, 573.5704328585578, 239.9999999955051, 0.0, 0.0, 1.0], "cam_R_w2c": [-0.3688846230506897, 0.4022429287433624, -0.837928831577301, 0.8216263651847839, 0.5626139044761658, -0.09162820875644684, 0.43457359075546265, -0.7222646474838257, -0.5380330085754395], "cam_t_w2c": [-55.73350524902344, -153.5633087158203, 787.6805419921875], "depth_scale": 0.1},
  "46": {"cam_K": [572.411363389757, 0.0, 320.0000000074506, 0.0, 573.5704328585578, 239.9999999955051, 0.0, 0.0, 1.0], "cam_R_w2c": [0.9602700471878052, 0.27823537588119507, 0.021598586812615395, 0.2599325180053711, -0.9198963046073914, 0.2936425805091858, 0.10157021135091782, -0.27636200189590454, -0.9556713104248047], "cam_t_w2c": [-104.03067016601562, 170.2089080810547, 1032.38525390625], "depth_scale": 0.1},
  "47": {"cam_K": [572.411363389757, 0.0, 320.0000000074506, 0.0, 573.5704328585578, 239.9999999955051, 0.0, 0.0, 1.0], "cam_R_w2c": [-0.34501102566719055, -0.18975219130516052, -0.9192179441452026, -0.9002851247787476, 0.34385886788368225, 0.26692286133766174, 0.26543208956718445, 0.9196495413780212, -0.2894662022590637], "cam_t_w2c": [16.65981674194336, 9.464702606201172, 868.1211547851562], "depth_scale": 0.1},
  "48": {"cam_K": [572.411363389757, 0.0, 320.0000000074506, 0.0, 573.5704328585578, 239.9999999955051, 0.0, 0.0, 1.0], "cam_R_w2c": [0.9009459614753723, 0.39329278469085693, -0.18334989249706268, 0.43056750297546387, -0.8627496957778931, 0.2650928795337677, -0.05392597243189812, -0.3177788555622101, -0.9466299414634705], "cam_t_w2c": [-21.427440643310547, 3.0472536087036133, 617.811767578125], "depth_scale": 0.1},
  "49": {"cam_K": [572.411363389757, 0.0, 320.0000000074506, 0.0, 573.5704328585578, 239.9999999955051, 0.0, 0.0, 1.0], "cam_R_w2c": [0.8830013275146484, -0.05355415120720863, -0.46630528569221497, -0.3509969413280487, -0.7349246144294739, -0.5802475810050964, -0.3116244971752167, 0.6760311126708984, -0.6677367687225342], "cam_t_w2c": [-12.003506660461426, 22.42793083190918, 910.2344360351562], "depth_scale": 0.1},
  "50": {"cam_K": [572.411363389757, 0.0, 320.0000000074506, 0.0, 573.5704328585578, 239.9999999955051, 0.0, 0.0, 1.0], "cam_R_w2c": [0.6005754470825195, 0.3988628685474396, -0.6929773092269897, -0.11516132205724716, -0.8145022988319397, -0.568615734577179, -0.7912313342094421, 0.42130085825920105, -0.4432365298271179], "cam_t_w2c": [174.6941375732422, -74.20272827148438, 589.9708251953125], "depth_scale": 0.1},
  "51": {"cam_K": [572.411363389757, 0.0, 320.0000000074506, 0.0, 573.5704328585578, 239.9999999955051, 0.0, 0.0, 1.0], "cam_R_w2c": [0.19425201416015625, -0.9714847803115845, 0.13595406711101532, -0.9064470529556274, -0.2307470142841339, -0.3537082076072693, 0.37499314546585083, -0.054526641964912415, -0.9254225492477417], "cam_t_w2c": [-210.89910888671875, 192.77545166015625, 457.310546875], "depth_scale": 0.1},
  "52": {"cam_K": [572.411363389757, 0.0, 320.0000000074506, 0.0, 573.5704328585578, 239.9999999955051, 0.0, 0.0, 1.0], "cam_R_w2c": [-0.6787973642349243, 0.705457329750061, -0.20387333631515503, 0.712721586227417, 0.6997750997543335, 0.04840266332030296, 0.17681150138378143, -0.11244932562112808, -0.9778001308441162], "cam_t_w2c": [289.2918701171875, -63.78558349609375, 583.9169311523438], "depth_scale": 0.1},
  "53": {"cam_K": [572.411363389757, 0.0, 320.0000000074506, 0.0, 573.5704328585578, 239.9999999955051, 0.0, 0.0, 1.0], "cam_R_w2c": [-0.8798278570175171, 0.05996871739625931, 0.4714943766593933, 0.23075999319553375, 0.9211403727531433, 0.3134489953517914, -0.41551536321640015, 0.38458314538002014, -0.8242833614349365], "cam_t_w2c": [-211.2093048095703, 110.6670913696289, 402.3973083496094], "depth_scale": 0.1},
  "54": {"cam_K": [572.411363389757, 0.0, 320.0000000074506, 0.0, 573.5704328585578, 239.9999999955051, 0.0, 0.0, 1.0], "cam_R_w2c": [-0.9780827164649963, -0.039521727710962296, 0.20443156361579895, -0.1609577238559723, 0.7663508653640747, -0.6219316124916077, -0.13208650052547455, -0.6412054300308228, -0.7559158802032471], "cam_t_w2c": [-238.91598510742188, 14.34500503540039, 925.7542724609375], "depth_scale": 0.1},
  "55": {"cam_K": [572.411363389757, 0.0, 320.0000000074506, 0.0, 573.5704328585578, 239.9999999955051, 0.0, 0.0, 1.0], "cam_R_w2c": [0.5846062302589417, 0.2265680581331253, 0.7790395021438599, 0.8038504123687744, -0.031781043857336044, -0.5939820408821106, -0.1098187193274498, 0.973476767539978, -0.20070622861385345], "cam_t_w2c": [-116.12228393554688, -202.4152374267578, 616.286865234375], "depth_scale": 0.1},
  "56": {"cam_K": [572.411363389757, 0.0, 320.0000000074506, 0.0, 573.5704328585578, 239.9999999955051, 0.0, 0.0, 1.0], "cam_R_w2c": [-0.9723038077354431, 0.20041348040103912, 0.12024812400341034, -0.01657044142484665, 0.4540899097919464, -0.890801727771759, -0.23313213884830475, -0.8681225180625916, -0.43819236755371094], "cam_t_w2c": [276.72760009765625, 86.92002868652344, 617.066650390625], "depth_scale": 0.1},
  "57": {"cam_K": [572.411363389757, 0.0, 320.0000000074506, 0.0, 573.5704328585578, 239.9999999955051, 0.0, 0.0, 1.0], "cam_R_w2c": [-0.7925145626068115, -0.5943719744682312, -0.13653871417045593, -0.5859026908874512, 0.6799348592758179, 0.44091570377349854, -0.16923050582408905, 0.42943045496940613, -0.8871024250984192], "cam_t_w2c": [102.05795288085938, 256.2349853515625, 1170.896484375], "depth_scale": 0.1},
  "58": {"cam_K": [572.411363389757, 0.0, 320.0000000074506, 0.0, 573.5704328585578, 239.9999999955051, 0.0, 0.0, 1.0], "cam_R_w2c": [0.21647001802921295, 0.9535363912582397, 0.20954525470733643, 0.7061559557914734, -0.004714224953204393, -0.7080407738685608, -0.6741547584533691, 0.3012412488460541, -0.6743659377098083], "cam_t_w2c": [110.09262084960938, 174.85693359375, 1262.7265625], "depth_scale": 0.1},
  "59": {"cam_K": [572.411363389757, 0.0, 320.0000000074506, 0.0, 573.5704328585578, 239.9999999955051, 0.0, 0.0, 1.0], "cam_R_w2c": [0.7805906534194946, 0.25375011563301086, -0.5712172985076904, 0.5935055613517761, -0.01428405474871397, 0.8047032356262207, 0.1960342824459076, -0.9671644568443298, -0.1617521196603775], "cam_t_w2c": [-149.47097778320312, -158.46568298339844, 952.9682006835938], "depth_scale": 0.1},
  "60": {"cam_K": [572.411363389757, 0.0, 320.0000000074506, 0.0, 573.5704328585578, 239.9999999955051, 0.0, 0.0, 1.0], "cam_R_w2c": [0.0021757541690021753, -0.7856664061546326, -0.6186465620994568, -0.9948662519454956, 0.060891423374414444, -0.08082962781190872, 0.10117540508508682, 0.6156464219093323, -0.781500518321991], "cam_t_w2c": [-43.827537536621094, -234.3848876953125, 705.3698120117188], "depth_scale": 0.1},
  "61": {"cam_K": [572.411363389757, 0.0, 320.0000000074506, 0.0, 573.5704328585578, 239.9999999955051, 0.0, 0.0, 1.0], "cam_R_w2c": [-0.18978509306907654, 0.32891207933425903, 0.9250938892364502, 0.9652060270309448, 0.23513175547122955, 0.11441420018672943, -0.1798868477344513, 0.9146201610565186, -0.3620924651622772], "cam_t_w2c": [94.36600494384766, -204.8001251220703, 1063.3536376953125], "depth_scale": 0.1},
  "62": {"cam_K": [572.411363389757, 0.0, 320.0000000074506, 0.0, 573.5704328585578, 239.9999999955051, 0.0, 0.0, 1.0], "cam_R_w2c": [0.8812323212623596, -0.18914806842803955, 0.43318894505500793, -0.3147393763065338, -0.918544590473175, 0.2391972690820694, 0.35265958309173584, -0.3471299707889557, -0.8689835667610168], "cam_t_w2c": [-256.6460266113281, -74.98406982421875, 705.263671875], "depth_scale": 0.1},
  "63": {"cam_K": [572.411363389757, 0.0, 320.0000000074506, 0.0, 573.5704328585578, 239.9999999955051, 0.0, 0.0, 1.0], "cam_R_w2c": [0.12808533012866974, -0.9807318449020386, 0.14751014113426208, -0.7882398366928101, -0.010402392596006393, 0.615280270576477, -0.601890504360199, -0.19508177042007446, -0.7743843197822571], "cam_t_w2c": [-31.91227149963379, -194.7749481201172, 995.0293579101562], "depth_scale": 0.1},
  "64": {"cam_K": [572.411363389757, 0.0, 320.0000000074506, 0.0, 573.5704328585578, 239.9999999955051, 0.0, 0.0, 1.0], "cam_R_w2c": [-0.6842483878135681, -0.6850175261497498, -0.2501102387905121, -0.6954560875892639, 0.5097677111625671, 0.5064363479614258, -0.2194196581840515, 0.5204689502716064, -0.8252072930335999], "cam_t_w2c": [60.77747344970703, 255.05340576171875, 951.6848754882812], "depth_scale": 0.1},
  "65": {"cam_K": [572.411363389757, 0.0, 320.0000000074506, 0.0, 573.5704328585578, 239.9999999955051, 0.0, 0.0, 1.0], "cam_R_w2c": [0.14693550765514374, -0.3210064768791199, 0.9356094002723694, -0.9751757383346558, -0.2054223120212555, 0.08266930282115936, 0.16565756499767303, -0.924530565738678, -0.34322160482406616], "cam_t_w2c": [-98.04981994628906, 210.5576171875, 1015.9979858398438], "depth_scale": 0.1},
  "66": {"cam_K": [572.411363389757, 0.0, 320.0000000074506, 0.0, 573.5704328585578, 239.9999999955051, 0.0, 0.0, 1.0], "cam_R_w2c": [0.9274532794952393, 0.2960285246372223, -0.22846786677837372, 0.31195560097694397, -0.9494063258171082, 0.03621022775769234, -0.2061896026134491, -0.10485512763261795, -0.9728777408599854], "cam_t_w2c": [-182.31321716308594, -236.0023193359375, 768.1260986328125], "depth_scale": 0.1},
  "67": {"cam_K": [572.411363389757, 0.0, 320.0000000074506, 0.0, 573.5704328585578, 239.9999999955051, 0.0, 0.0, 1.0], "cam_R_w2c": [0.14908677339553833, 0.42363008856773376, 0.8934823274612427, 0.8138676881790161, -0.5657550096511841, 0.13244125247001648, 0.5615981817245483, 0.7074311971664429, -0.42912542819976807], "cam_t_w2c": [25.086172103881836, -299.5234069824219, 1031.1221923828125], "depth_scale": 0.1},
  "68": {"cam_K": [572.411363389757, 0.0, 320.0000000074506, 0.0, 573.5704328585578, 239.9999999955051, 0.0, 0.0, 1.0], "cam_R_w2c": [0.7189021706581116, 0.5792649388313293, -0.38422891497612, 0.6776861548423767, -0.707063615322113, 0.20199649035930634, -0.1546647846698761, -0.4056023061275482, -0.9008693695068359], "cam_t_w2c": [211.96189880371094, 116.76042938232422, 886.989990234375], "depth_scale": 0.1},
  "69": {"cam_K": [572.411363389757, 0.0, 320.0000000074506, 0.0, 573.5704328585578, 239.9999999955051, 0.0, 0.0, 1.0], "cam_R_w2c": [0.21045559644699097, 0.8146266937255859, -0.540455162525177, 0.10682158172130585, -0.5686891078948975, -0.8155868053436279, -0.9717497825622559, 0.11391253769397736, -0.20670351386070251], "cam_t_w2c": [105.89295196533203, -3.5366156101226807, 584.6143798828125], "depth_scale": 0.1},
  "70": {"cam_K": [572.411363389757, 0.0, 320.0000000074506, 0.0, 573.5704328585578, 239.9999999955051, 0.0, 0.0, 1.0], "cam_R_w2c": [0.27918002009391785, -0.033530108630657196, -0.9596532583236694, 0.5343966484069824, -0.8248991966247559, 0.18428725004196167, -0.7977962493896484, -0.5642847418785095, -0.21237708628177643], "cam_t_w2c": [72.54065704345703, 75.11234283447266, 876.0972290039062], "depth_scale": 0.1},
  "71": {"cam_K": [572.411363389757, 0.0, 320.0000000074506, 0.0, 573.5704328585578, 239.9999999955051, 0.0, 0.0, 1.0], "cam_R_w2c": [-0.7666856646537781, -0.2082180380821228, 0.6073206067085266, -0.5316696763038635, 0.7361668348312378, -0.4187908470630646, -0.3598894774913788, -0.6439749002456665, -0.6751117706298828], "cam_t_w2c": [-201.93991088867188, -78.15959930419922, 467.04376220703125], "depth_scale": 0.1},
  "72": {"cam_K": [572.411363389757, 0.0, 320.0000000074506, 0.0, 573.5704328585578, 239.9999999955051, 0.0, 0.0, 1.0], "cam_R_w2c": [0.8098387718200684, -0.5843181014060974, -0.05228334292769432, -0.5851096510887146, -0.8109541535377502, 0.0002055867953458801, -0.042519524693489075, 0.030424995347857475, -0.9986322522163391], "cam_t_w2c": [158.20233154296875, -191.31997680664062, 485.7326354980469], "depth_scale": 0.1},
  "73": {"cam_K": [572.411363389757, 0.0, 320.0000000074506, 0.0, 573.5704328585578, 239.9999999955051, 0.0, 0.0, 1.0], "cam_R_w2c": [0.959288477897644, -0.25549688935279846, 0.12036194652318954, -0.28232336044311523, -0.8558850884437561, 0.4333064556121826, -0.007692471146583557, -0.44964689016342163, -0.8931733965873718], "cam_t_w2c": [213.32791137695312, -124.8830337524414, 1262.855224609375], "depth_scale": 0.1},
  "74": {"cam_K": [572.411363389757, 0.0, 320.0000000074506, 0.0, 573.5704328585578, 239.9999999955051, 0.0, 0.0, 1.0], "cam_R_w2c": [0.8885328769683838, 0.13589715957641602, -0.4382250905036926, -0.2562271058559418, -0.6453378200531006, -0.7196434140205383, -0.3806007504463196, 0.7517119646072388, -0.5385833382606506], "cam_t_w2c": [-197.26559448242188, -36.328521728515625, 1379.5572509765625], "depth_scale": 0.1},
  "75": {"cam_K": [572.411363389757, 0.0, 320.0000000074506, 0.0, 573.5704328585578, 239.9999999955051, 0.0, 0.0, 1.0], "cam_R_w2c": [0.9106930494308472, 0.4127746820449829, 0.01597585529088974, 0.4125416576862335, -0.9107984304428101, 0.01600073091685772, 0.021155476570129395, -0.007981049828231335, -0.9997445940971375], "cam_t_w2c": [-148.5623321533203, 180.89382934570312, 1201.7596435546875], "depth_scale": 0.1},
  "76": {"cam_K": [572.411363389757, 0.0, 320.0000000074506, 0.0, 573.5704328585578, 239.9999999955051, 0.0, 0.0, 1.0], "cam_R_w2c": [0.8730857372283936, 0.4875534176826477, -0.0036001952830702066, 0.48753005266189575, -0.8730868697166443, -0.005812774877995253, -0.005977321416139603, 0.003319847397506237, -0.999976634979248], "cam_t_w2c": [-199.14004516601562, 243.4529571533203, 438.3004455566406], "depth_scale": 0.1},
  "77": {"cam_K": [572.411363389757, 0.0, 320.0000000074506, 0.0, 573.5704328585578, 239.9999999955051, 0.0, 0.0, 1.0], "cam_R_w2c": [0.24675501883029938, 0.9685802459716797, 0.03105093166232109, 0.9679547548294067, -0.2478846162557602, 0.04020904377102852, 0.0466427356004715, 0.02013411559164524, -0.9987086653709412], "cam_t_w2c": [245.57122802734375, 916.4219970703125, 396.51812744140625], "depth_scale": 0.1},
  "78": {"cam_K": [572.411363389757, 0.0, 320.0000000074506, 0.0, 573.5704328585578, 239.9999999955051, 0.0, 0.0, 1.0], "cam_R_w2c": [-0.06658785790205002, -0.9974892139434814, -0.02411026693880558, -0.997753381729126, 0.06638845056295395, 0.008981903083622456, -0.007358708418905735, 0.024654187262058258, -0.9996688961982727], "cam_t_w2c": [-91.80201721191406, 87.80709075927734, 948.4003295898438], "depth_scale": 0.1},
  "79": {"cam_K": [572.411363389757, 0.0, 320.0000000074506, 0.0, 573.5704328585578, 239.9999999955051, 0.0, 0.0, 1.0], "cam_R_w2c": [0.9986591339111328, 0.01993672177195549, 0.047775156795978546, 0.01988789066672325, -0.9998010993003845, 0.0014972739154472947, 0.047795504331588745, -0.0005451191100291908, -0.9988570213317871], "cam_t_w2c": [439.17816162109375, 94.94615936279297, 929.0690307617188], "depth_scale": 0.1},
  "80": {"cam_K": [572.411363389757, 0.0, 320.0000000074506, 0.0, 573.5704328585578, 239.9999999955051, 0.0, 0.0, 1.0], "cam_R_w2c": [0.9914343953132629, 0.1304379403591156, -0.0066160038113594055, 0.1302855908870697, -0.9912793636322021, -0.019772376865148544, -0.009137376211583614, 0.018741045147180557, -0.9997826218605042], "cam_t_w2c": [-116.48535919189453, 0.19011791050434113, 639.906494140625], "depth_scale": 0.1},
  "81": {"cam_K": [572.411363389757, 0.0, 320.0000000074506, 0.0, 573.5704328585578, 239.9999999955051, 0.0, 0.0, 1.0], "cam_R_w2c": [-0.3422871232032776, 0.9395158290863037, 0.012230129912495613, 0.9395760893821716, 0.34216755628585815, 0.010869578458368778, 0.006027386989444494, 0.015211653895676136, -0.9998661279678345], "cam_t_w2c": [-137.27362060546875, 135.0351104736328, 1253.41064453125], "depth_scale": 0.1},
  "82": {"cam_K": [572.411363389757, 0.0, 320.0000000074506, 0.0, 573.5704328585578, 239.9999999955051, 0.0, 0.0, 1.0], "cam_R_w2c": [-0.7258385419845581, -0.687777042388916, -0.011010452173650265, -0.6873841881752014, 0.7258365750312805, -0.025773804634809494, 0.02571841888129711, -0.011139209382236004, -0.9996071457862854], "cam_t_w2c": [178.12332153320312, -224.64480590820312, 785.8214721679688], "depth_scale": 0.1},
  "83": {"cam_K": [572.411363389757, 0.0, 320.0000000074506, 0.0, 573.5704328585578, 239.9999999955051, 0.0, 0.0, 1.0], "cam_R_w2c": [-0.9656324982643127, -0.2598947584629059, 0.002920637372881174, -0.25963926315307617, 0.9650753140449524, 0.03488609939813614, -0.011885348707437515, 0.032928839325904846, -0.9993869662284851], "cam_t_w2c": [95.76118469238281, 290.2018127441406, 1222.3525390625], "depth_scale": 0.1},
  "84": {"cam_K": [572.411363389757, 0.0, 320.0000000074506, 0.0, 573.5704328585578, 239.9999999955051, 0.0, 0.0, 1.0], "cam_R_w2c": [0.9697087407112122, -0.24348339438438416, 0.019514299929142, -0.24343642592430115, -0.9699051380157471, -0.0047834450379014015, 0.02009170688688755, -0.00011194309627171606, -0.9997981786727905], "cam_t_w2c": [-59.26865005493164, 95.35322570800781, 901.0657958984375], "depth_scale": 0.1},
  "85": {"cam_K": [572.411363389757, 0.0, 320.0000000074506, 0.0, 573.5704328585578, 239.9999999955051, 0.0, 0.0, 1.0], "cam_R_w2c": [0.4395348131656647, 0.8981852531433105, 0.00851572398096323, 0.8982235789299011, -0.439534455537796, -0.0020325565710663795, 0.0019173407927155495, 0.008542402647435665, -0.9999618530273438], "cam_t_w2c": [-146.71612548828125, 178.05123901367188, 737.8426513671875], "depth_scale": 0.1},
  "86": {"cam_K": [572.411363389757, 0.0, 320.0000000074506, 0.0, 573.5704328585578, 239.9999999955051, 0.0, 0.0, 1.0], "cam_R_w2c": [-0.7555599212646484, -0.6550608277320862, -0.004959009122103453, -0.654971718788147, 0.7555511593818665, -0.01242897380143404, 0.011888518929481506, -0.006142823025584221, -0.9999105334281921], "cam_t_w2c": [105.28845977783203, -557.4175415039062, 453.6059265136719], "depth_scale": 0.1},
  "87": {"cam_K": [572.411363389757, 0.0, 320.0000000074506, 0.0, 573.5704328585578, 239.9999999955051, 0.0, 0.0, 1.0], "cam_R_w2c": [0.09665270894765854, -0.9944061040878296, -0.04260089993476868, -0.9953051209449768, -0.0967823937535286, 0.0009847499895840883, -0.005102255847305059, 0.04230571538209915, -0.9990918040275574], "cam_t_w2c": [-770.4359741210938, 482.5477294921875, 546.5052490234375], "depth_scale": 0.1},
  "88": {"cam_K": [572.411363389757, 0.0, 320.0000000074506, 0.0, 573.5704328585578, 239.9999999955051, 0.0, 0.0, 1.0], "cam_R_w2c": [0.979910135269165, -0.19903209805488586, -0.012740174308419228, -0.19926884770393372, -0.9797137379646301, -0.021277207881212234, -0.00824687723070383, 0.023388471454381943, -0.9996923804283142], "cam_t_w2c": [-674.241455078125, -234.57008361816406, 607.8297729492188], "depth_scale": 0.1},
  "89": {"cam_K": [572.411363389757, 0.0, 320.0000000074506, 0.0, 573.5704328585578, 239.9999999955051, 0.0, 0.0, 1.0], "cam_R_w2c": [0.9855349063873291, -0.16694919764995575, -0.029135897755622864, -0.16747938096523285, -0.9857324361801147, -0.016802171245217323, -0.02591508999466896, 0.02143878862261772, -0.9994342923164368], "cam_t_w2c": [-435.4419250488281, 37.27131652832031, 462.9639892578125], "depth_scale": 0.1},
  "90": {"cam_K": [572.411363389757, 0.0, 320.0000000074506, 0.0, 573.5704328585578, 239.9999999955051, 0.0, 0.0, 1.0], "cam_R_w2c": [0.99363774061203, -0.07751916348934174, 0.0816994309425354, -0.07931799441576004, -0.9966683387756348, 0.01900218427181244, 0.07995419204235077, -0.025361523032188416, -0.9964759349822998], "cam_t_w2c": [1087.176025390625, 469.56890869140625, 615.1441040039062], "depth_scale": 0.1},
  "91": {"cam_K": [572.411363389757, 0.0, 320.0000000074506, 0.0, 573.5704328585578, 239.9999999955051, 0.0, 0.0, 1.0], "cam_R_w2c": [-0.31169411540031433, -0.9501782655715942, -0.002848539501428604, -0.9500421285629272, 0.31169816851615906, -0.016256047412753105, 0.01633402705192566, -0.002360681537538767, -0.9998638033866882], "cam_t_w2c": [161.5377960205078, 106.3820571899414, 426.0638122558594], "depth_scale": 0.1},
  "92": {"cam_K": [572.411363389757, 0.0, 320.0000000074506, 0.0, 573.5704328585578, 239.9999999955051, 0.0, 0.0, 1.0], "cam_R_w2c": [0.14675593376159668, -0.9890781044960022, -0.01368172001093626, -0.9887670874595642, -0.14628565311431885, -0.03066287375986576, 0.02832653932273388, 0.01802799291908741, -0.9994361400604248], "cam_t_w2c": [-249.68629455566406, -112.15450286865234, 349.6322021484375], "depth_scale": 0.1},
  "93": {"cam_K": [572.411363389757, 0.0, 320.0000000074506, 0.0, 573.5704328585578, 239.9999999955051, 0.0, 0.0, 1.0], "cam_R_w2c": [0.8223106861114502, 0.5690380930900574, -0.0008644817862659693, 0.5687931180000305, -0.8219102025032043, 0.03062872588634491, 0.016718385741114616, -0.025678042322397232, -0.9995304942131042], "cam_t_w2c": [-436.7492980957031, 377.7026062011719, 336.9873962402344], "depth_scale": 0.1},
  "94": {"cam_K": [572.411363389757, 0.0, 320.0000000074506, 0.0, 573.5704328585578, 239.9999999955051, 0.0, 0.0, 1.0], "cam_R_w2c": [0.8697545528411865, -0.4933052659034729, 0.013302947394549847, -0.49221470952033997, -0.869133710861206, -0.04828186333179474, 0.035379741340875626, 0.03544546291232109, -0.9987450838088989], "cam_t_w2c": [488.92242431640625, -625.778564453125, 231.66342163085938], "depth_scale": 0.1},
