{
  "0": [{"cam_R_m2c": [-0.0528557114303112, -0.7978619337081909, 0.6005184054374695, -0.5520570874214172, -0.47776246070861816, -0.6833562254905701, 0.832129180431366, -0.36763983964920044, -0.4152127504348755], "cam_t_m2c": [-109.59798431396484, -59.42503356933594, 140.63768005371094], "obj_id": 1}, {"cam_R_m2c": [-0.0528557114303112, -0.7978619337081909, 0.6005184054374695, -0.5520570874214172, -0.47776246070861816, -0.6833562254905701, 0.832129180431366, -0.36763983964920044, -0.4152127504348755], "cam_t_m2c": [-109.59798431396484, -59.42503356933594, 140.63768005371094], "obj_id": 2}, {"cam_R_m2c": [-0.0528557114303112, -0.7978619337081909, 0.6005184054374695, -0.5520570874214172, -0.47776246070861816, -0.6833562254905701, 0.832129180431366, -0.36763983964920044, -0.4152127504348755], "cam_t_m2c": [-109.59798431396484, -59.42503356933594, 140.63768005371094], "obj_id": 3}, {"cam_R_m2c": [-0.0528557114303112, -0.7978619337081909, 0.6005184054374695, -0.5520570874214172, -0.47776246070861816, -0.6833562254905701, 0.832129180431366, -0.36763983964920044, -0.4152127504348755], "cam_t_m2c": [-109.59798431396484, -59.42503356933594, 140.63768005371094], "obj_id": 1}, {"cam_R_m2c": [-0.0528557114303112, -0.7978619337081909, 0.6005184054374695, -0.5520570874214172, -0.47776246070861816, -0.6833562254905701, 0.832129180431366, -0.36763983964920044, -0.4152127504348755], "cam_t_m2c": [-109.59798431396484, -59.42503356933594, 140.63768005371094], "obj_id": 3}, {"cam_R_m2c": [-0.0528557114303112, -0.7978619337081909, 0.6005184054374695, -0.5520570874214172, -0.47776246070861816, -0.6833562254905701, 0.832129180431366, -0.36763983964920044, -0.4152127504348755], "cam_t_m2c": [-109.59798431396484, -59.42503356933594, 140.63768005371094], "obj_id": 3}, {"cam_R_m2c": [-0.0528557114303112, -0.7978619337081909, 0.6005184054374695, -0.5520570874214172, -0.47776246070861816, -0.6833562254905701, 0.832129180431366, -0.36763983964920044, -0.4152127504348755], "cam_t_m2c": [-109.59798431396484, -59.42503356933594, 140.63768005371094], "obj_id": 1}, {"cam_R_m2c": [-0.0528557114303112, -0.7978619337081909, 0.6005184054374695, -0.5520570874214172, -0.47776246070861816, -0.6833562254905701, 0.832129180431366, -0.36763983964920044, -0.4152127504348755], "cam_t_m2c": [-109.59798431396484, -59.42503356933594, 140.63768005371094], "obj_id": 3}, {"cam_R_m2c": [-0.0528557114303112, -0.7978619337081909, 0.6005184054374695, -0.5520570874214172, -0.47776246070861816, -0.6833562254905701, 0.832129180431366, -0.36763983964920044, -0.4152127504348755], "cam_t_m2c": [-109.59798431396484, -59.42503356933594, 140.63768005371094], "obj_id": 3}, {"cam_R_m2c": [-0.0528557114303112, -0.7978619337081909, 0.6005184054374695, -0.5520570874214172, -0.47776246070861816, -0.6833562254905701, 0.832129180431366, -0.36763983964920044, -0.4152127504348755], "cam_t_m2c": [-109.59798431396484, -59.42503356933594, 140.63768005371094], "obj_id": 3}, {"cam_R_m2c": [-0.0528557114303112, -0.7978619337081909, 0.6005184054374695, -0.5520570874214172, -0.47776246070861816, -0.6833562254905701, 0.832129180431366, -0.36763983964920044, -0.4152127504348755], "cam_t_m2c": [-109.59798431396484, -59.42503356933594, 140.63768005371094], "obj_id": 1}, {"cam_R_m2c": [-0.0528557114303112, -0.7978619337081909, 0.6005184054374695, -0.5520570874214172, -0.47776246070861816, -0.6833562254905701, 0.832129180431366, -0.36763983964920044, -0.4152127504348755], "cam_t_m2c": [-109.59798431396484, -59.42503356933594, 140.63768005371094], "obj_id": 2}, {"cam_R_m2c": [-0.0528557114303112, -0.7978619337081909, 0.6005184054374695, -0.5520570874214172, -0.47776246070861816, -0.6833562254905701, 0.832129180431366, -0.36763983964920044, -0.4152127504348755], "cam_t_m2c": [-109.59798431396484, -59.42503356933594, 140.63768005371094], "obj_id": 1}, {"cam_R_m2c": [-0.0528557114303112, -0.7978619337081909, 0.6005184054374695, -0.5520570874214172, -0.47776246070861816, -0.6833562254905701, 0.832129180431366, -0.36763983964920044, -0.4152127504348755], "cam_t_m2c": [-109.59798431396484, -59.42503356933594, 140.63768005371094], "obj_id": 2}, {"cam_R_m2c": [-0.0528557114303112, -0.7978619337081909, 0.6005184054374695, -0.5520570874214172, -0.47776246070861816, -0.6833562254905701, 0.832129180431366, -0.36763983964920044, -0.4152127504348755], "cam_t_m2c": [-109.59798431396484, -59.42503356933594, 140.63768005371094], "obj_id": 3}, {"cam_R_m2c": [-0.0528557114303112, -0.7978619337081909, 0.6005184054374695, -0.5520570874214172, -0.47776246070861816, -0.6833562254905701, 0.832129180431366, -0.36763983964920044, -0.4152127504348755], "cam_t_m2c": [-109.59798431396484, -59.42503356933594, 140.63768005371094], "obj_id": 1}, {"cam_R_m2c": [-0.0528557114303112, -0.7978619337081909, 0.6005184054374695, -0.5520570874214172, -0.47776246070861816, -0.6833562254905701, 0.832129180431366, -0.36763983964920044, -0.4152127504348755], "cam_t_m2c": [-109.59798431396484, -59.42503356933594, 140.63768005371094], "obj_id": 1}, {"cam_R_m2c": [-0.0528557114303112, -0.7978619337081909, 0.6005184054374695, -0.5520570874214172, -0.47776246070861816, -0.6833562254905701, 0.832129180431366, -0.36763983964920044, -0.4152127504348755], "cam_t_m2c": [-109.59798431396484, -59.42503356933594, 140.63768005371094], "obj_id": 1}, {"cam_R_m2c": [-0.0528557114303112, -0.7978619337081909, 0.6005184054374695, -0.5520570874214172, -0.47776246070861816, -0.6833562254905701, 0.832129180431366, -0.36763983964920044, -0.4152127504348755], "cam_t_m2c": [-109.59798431396484, -59.42503356933594, 140.63768005371094], "obj_id": 1}, {"cam_R_m2c": [-0.0528557114303112, -0.7978619337081909, 0.6005184054374695, -0.5520570874214172, -0.47776246070861816, -0.6833562254905701, 0.832129180431366, -0.36763983964920044, -0.4152127504348755], "cam_t_m2c": [-109.59798431396484, -59.42503356933594, 140.63768005371094], "obj_id": 2}, {"cam_R_m2c": [-0.0528557114303112, -0.7978619337081909, 0.6005184054374695, -0.5520570874214172, -0.47776246070861816, -0.6833562254905701, 0.832129180431366, -0.36763983964920044, -0.4152127504348755], "cam_t_m2c": [-109.59798431396484, -59.42503356933594, 140.63768005371094], "obj_id": 1}, {"cam_R_m2c": [-0.0528557114303112, -0.7978619337081909, 0.6005184054374695, -0.5520570874214172, -0.47776246070861816, -0.6833562254905701, 0.832129180431366, -0.36763983964920044, -0.4152127504348755], "cam_t_m2c": [-109.59798431396484, -59.42503356933594, 140.63768005371094], "obj_id": 2}, {"cam_R_m2c": [-0.0528557114303112, -0.7978619337081909, 0.6005184054374695, -0.5520570874214172, -0.47776246070861816, -0.6833562254905701, 0.832129180431366, -0.36763983964920044, -0.4152127504348755], "cam_t_m2c": [-109.59798431396484, -59.42503356933594, 140.63768005371094], "obj_id": 3}, {"cam_R_m2c": [-0.0528557114303112, -0.7978619337081909, 0.6005184054374695, -0.5520570874214172, -0.47776246070861816, -0.6833562254905701, 0.832129180431366, -0.36763983964920044, -0.4152127504348755], "cam_t_m2c": [-109.59798431396484, -59.42503356933594, 140.63768005371094], "obj_id": 1}, {"cam_R_m2c": [-0.3405674695968628, -0.5548695921897888, 0.7590345740318298, -0.2810501456260681, -0.7103052735328674, -0.6453505158424377, 0.8972316384315491, -0.43311214447021484, 0.08596068620681763], "cam_t_m2c": [-5025.3740234375, 5270.3828125, 3432.625732421875], "obj_id": 0}, {"cam_R_m2c": [0.012784872204065323, -0.3829803466796875, -0.9236679673194885, 0.6236703991889954, 0.725095272064209, -0.2920137345790863, 0.7815828323364258, -0.5723310708999634, 0.24812377989292145], "cam_t_m2c": [-145.8704833984375, -4.423158168792725, -62.10832977294922], "obj_id": 3}, {"cam_R_m2c": [0.5436096787452698, -0.3889341652393341, 0.7437867522239685, -0.10394278168678284, 0.8481423854827881, 0.519471287727356, -0.8328772187232971, -0.35970085859298706, 0.4206314980983734], "cam_t_m2c": [-54.99348831176758, -115.64016723632812, 240.86526489257812], "obj_id": 3}, {"cam_R_m2c": [0.6082149147987366, -0.5641888380050659, 0.5583597421646118, -0.7936655282974243, -0.4437858760356903, 0.41611185669898987, 0.013026515021920204, -0.696236252784729, -0.7176944017410278], "cam_t_m2c": [18.81436538696289, 39.764652252197266, 93.7604751586914], "obj_id": 1}, {"cam_R_m2c": [-0.8856533169746399, 0.45815131068229675, -0.07559986412525177, -0.15167351067066193, -0.1315496861934662, 0.9796375036239624, 0.4388771057128906, 0.8790858387947083, 0.18599696457386017], "cam_t_m2c": [-234.22811889648438, -182.86862182617188, 225.89022827148438], "obj_id": 1}, {"cam_R_m2c": [-0.35893353819847107, 0.04473070427775383, 0.9322904944419861, 0.6697429418563843, -0.6833540797233582, 0.2906392514705658, 0.6500852108001709, 0.7287153005599976, 0.215320885181427], "cam_t_m2c": [-4905.0322265625, 5286.38720703125, 3569.021728515625], "obj_id": 0}, {"cam_R_m2c": [0.40153372287750244, 0.8465414047241211, -0.3494829535484314, 0.6324220299720764, 0.019717149436473846, 0.7743730545043945, 0.6624296307563782, -0.5319576263427734, -0.5274543166160583], "cam_t_m2c": [60.74126052856445, 108.94338989257812, 24.847414016723633], "obj_id": 0}, {"cam_R_m2c": [0.7229289412498474, -0.37935030460357666, 0.5774661302566528, -0.03265231102705002, 0.8160980939865112, 0.5769902467727661, -0.6901503801345825, -0.4359785318374634, 0.5775942206382751], "cam_t_m2c": [15.554559707641602, -24.047121047973633, 195.635009765625], "obj_id": 3}],
  "1": [{"cam_R_m2c": [-0.16602948307991028, -0.8692625761032104, -0.4656357765197754, -0.46505817770957947, 0.48540300130844116, -0.7403410077095032, 0.8695717453956604, 0.09362927824258804, -0.48484888672828674], "cam_t_m2c": [-107.98694610595703, 68.49297332763672, 204.82598876953125], "obj_id": 1}, {"cam_R_m2c": [-0.16602948307991028, -0.8692625761032104, -0.4656357765197754, -0.46505817770957947, 0.48540300130844116, -0.7403410077095032, 0.8695717453956604, 0.09362927824258804, -0.48484888672828674], "cam_t_m2c": [-107.98694610595703, 68.49297332763672, 204.82598876953125], "obj_id": 2}, {"cam_R_m2c": [-0.16602948307991028, -0.8692625761032104, -0.4656357765197754, -0.46505817770957947, 0.48540300130844116, -0.7403410077095032, 0.8695717453956604, 0.09362927824258804, -0.48484888672828674], "cam_t_m2c": [-107.98694610595703, 68.49297332763672, 204.82598876953125], "obj_id": 3}, {"cam_R_m2c": [-0.16602948307991028, -0.8692625761032104, -0.4656357765197754, -0.46505817770957947, 0.48540300130844116, -0.7403410077095032, 0.8695717453956604, 0.09362927824258804, -0.48484888672828674], "cam_t_m2c": [-107.98694610595703, 68.49297332763672, 204.82598876953125], "obj_id": 1}, {"cam_R_m2c": [-0.16602948307991028, -0.8692625761032104, -0.4656357765197754, -0.46505817770957947, 0.48540300130844116, -0.7403410077095032, 0.8695717453956604, 0.09362927824258804, -0.48484888672828674], "cam_t_m2c": [-107.98694610595703, 68.49297332763672, 204.82598876953125], "obj_id": 3}, {"cam_R_m2c": [-0.16602948307991028, -0.8692625761032104, -0.4656357765197754, -0.46505817770957947, 0.48540300130844116, -0.7403410077095032, 0.8695717453956604, 0.09362927824258804, -0.48484888672828674], "cam_t_m2c": [-107.98694610595703, 68.49297332763672, 204.82598876953125], "obj_id": 3}, {"cam_R_m2c": [-0.16602948307991028, -0.8692625761032104, -0.4656357765197754, -0.46505817770957947, 0.48540300130844116, -0.7403410077095032, 0.8695717453956604, 0.09362927824258804, -0.48484888672828674], "cam_t_m2c": [-107.98694610595703, 68.49297332763672, 204.82598876953125], "obj_id": 1}, {"cam_R_m2c": [-0.16602948307991028, -0.8692625761032104, -0.4656357765197754, -0.46505817770957947, 0.48540300130844116, -0.7403410077095032, 0.8695717453956604, 0.09362927824258804, -0.48484888672828674], "cam_t_m2c": [-107.98694610595703, 68.49297332763672, 204.82598876953125], "obj_id": 3}, {"cam_R_m2c": [-0.16602948307991028, -0.8692625761032104, -0.4656357765197754, -0.46505817770957947, 0.48540300130844116, -0.7403410077095032, 0.8695717453956604, 0.09362927824258804, -0.48484888672828674], "cam_t_m2c": [-107.98694610595703, 68.49297332763672, 204.82598876953125], "obj_id": 3}, {"cam_R_m2c": [-0.16602948307991028, -0.8692625761032104, -0.4656357765197754, -0.46505817770957947, 0.48540300130844116, -0.7403410077095032, 0.8695717453956604, 0.09362927824258804, -0.48484888672828674], "cam_t_m2c": [-107.98694610595703, 68.49297332763672, 204.82598876953125], "obj_id": 3}, {"cam_R_m2c": [-0.16602948307991028, -0.8692625761032104, -0.4656357765197754, -0.46505817770957947, 0.48540300130844116, -0.7403410077095032, 0.8695717453956604, 0.09362927824258804, -0.48484888672828674], "cam_t_m2c": [-107.98694610595703, 68.49297332763672, 204.82598876953125], "obj_id": 1}, {"cam_R_m2c": [-0.16602948307991028, -0.8692625761032104, -0.4656357765197754, -0.46505817770957947, 0.48540300130844116, -0.7403410077095032, 0.8695717453956604, 0.09362927824258804, -0.48484888672828674], "cam_t_m2c": [-107.98694610595703, 68.49297332763672, 204.82598876953125], "obj_id": 2}, {"cam_R_m2c": [-0.16602948307991028, -0.8692625761032104, -0.4656357765197754, -0.46505817770957947, 0.48540300130844116, -0.7403410077095032, 0.8695717453956604, 0.09362927824258804, -0.48484888672828674], "cam_t_m2c": [-107.98694610595703, 68.49297332763672, 204.82598876953125], "obj_id": 1}, {"cam_R_m2c": [-0.16602948307991028, -0.8692625761032104, -0.4656357765197754, -0.46505817770957947, 0.48540300130844116, -0.7403410077095032, 0.8695717453956604, 0.09362927824258804, -0.48484888672828674], "cam_t_m2c": [-107.98694610595703, 68.49297332763672, 204.82598876953125], "obj_id": 2}, {"cam_R_m2c": [-0.16602948307991028, -0.8692625761032104, -0.4656357765197754, -0.46505817770957947, 0.48540300130844116, -0.7403410077095032, 0.8695717453956604, 0.09362927824258804, -0.48484888672828674], "cam_t_m2c": [-107.98694610595703, 68.49297332763672, 204.82598876953125], "obj_id": 3}, {"cam_R_m2c": [-0.16602948307991028, -0.8692625761032104, -0.4656357765197754, -0.46505817770957947, 0.48540300130844116, -0.7403410077095032, 0.8695717453956604, 0.09362927824258804, -0.48484888672828674], "cam_t_m2c": [-107.98694610595703, 68.49297332763672, 204.82598876953125], "obj_id": 1}, {"cam_R_m2c": [-0.16602948307991028, -0.8692625761032104, -0.4656357765197754, -0.46505817770957947, 0.48540300130844116, -0.7403410077095032, 0.8695717453956604, 0.09362927824258804, -0.48484888672828674], "cam_t_m2c": [-107.98694610595703, 68.49297332763672, 204.82598876953125], "obj_id": 1}, {"cam_R_m2c": [-0.16602948307991028, -0.8692625761032104, -0.4656357765197754, -0.46505817770957947, 0.48540300130844116, -0.7403410077095032, 0.8695717453956604, 0.09362927824258804, -0.48484888672828674], "cam_t_m2c": [-107.98694610595703, 68.49297332763672, 204.82598876953125], "obj_id": 1}, {"cam_R_m2c": [-0.16602948307991028, -0.8692625761032104, -0.4656357765197754, -0.46505817770957947, 0.48540300130844116, -0.7403410077095032, 0.8695717453956604, 0.09362927824258804, -0.48484888672828674], "cam_t_m2c": [-107.98694610595703, 68.49297332763672, 204.82598876953125], "obj_id": 1}, {"cam_R_m2c": [-0.16602948307991028, -0.8692625761032104, -0.4656357765197754, -0.46505817770957947, 0.48540300130844116, -0.7403410077095032, 0.8695717453956604, 0.09362927824258804, -0.48484888672828674], "cam_t_m2c": [-107.98694610595703, 68.49297332763672, 204.82598876953125], "obj_id": 2}, {"cam_R_m2c": [-0.16602948307991028, -0.8692625761032104, -0.4656357765197754, -0.46505817770957947, 0.48540300130844116, -0.7403410077095032, 0.8695717453956604, 0.09362927824258804, -0.48484888672828674], "cam_t_m2c": [-107.98694610595703, 68.49297332763672, 204.82598876953125], "obj_id": 1}, {"cam_R_m2c": [-0.16602948307991028, -0.8692625761032104, -0.4656357765197754, -0.46505817770957947, 0.48540300130844116, -0.7403410077095032, 0.8695717453956604, 0.09362927824258804, -0.48484888672828674], "cam_t_m2c": [-107.98694610595703, 68.49297332763672, 204.82598876953125], "obj_id": 2}, {"cam_R_m2c": [-0.16602948307991028, -0.8692625761032104, -0.4656357765197754, -0.46505817770957947, 0.48540300130844116, -0.7403410077095032, 0.8695717453956604, 0.09362927824258804, -0.48484888672828674], "cam_t_m2c": [-107.98694610595703, 68.49297332763672, 204.82598876953125], "obj_id": 3}, {"cam_R_m2c": [-0.16602948307991028, -0.8692625761032104, -0.4656357765197754, -0.46505817770957947, 0.48540300130844116, -0.7403410077095032, 0.8695717453956604, 0.09362927824258804, -0.48484888672828674], "cam_t_m2c": [-107.98694610595703, 68.49297332763672, 204.82598876953125], "obj_id": 1}, {"cam_R_m2c": [-0.039626605808734894, -0.9829683303833008, -0.17945225536823273, -0.10575384646654129, 0.18271033465862274, -0.9774625897407532, 0.9936025142669678, -0.01975570060312748, -0.11119291186332703], "cam_t_m2c": [3445.697509765625, 6016.26904296875, 4129.64111328125], "obj_id": 0}, {"cam_R_m2c": [0.8129308819770813, 0.22194388508796692, -0.5384090542793274, 0.11900865286588669, 0.8417057991027832, 0.5266576409339905, 0.5700704455375671, -0.49221158027648926, 0.6578353643417358], "cam_t_m2c": [-153.91464233398438, 179.28480529785156, 28.57996940612793], "obj_id": 3}, {"cam_R_m2c": [-0.16810815036296844, 0.4006442129611969, 0.9006796479225159, -0.27910086512565613, 0.8569515943527222, -0.4332859516143799, -0.9454323649406433, -0.32421937584877014, -0.03224039077758789], "cam_t_m2c": [-93.73070526123047, -31.287900924682617, 282.46551513671875], "obj_id": 3}, {"cam_R_m2c": [-0.39291954040527344, -0.865595281124115, 0.31041738390922546, -0.9156047105789185, 0.39958569407463074, -0.04471266642212868, -0.08533526957035065, -0.3017881214618683, -0.9495481252670288], "cam_t_m2c": [10.572776794433594, 29.567760467529297, 91.00940704345703], "obj_id": 1}, {"cam_R_m2c": [-0.33505162596702576, 0.41455602645874023, 0.8460990190505981, 0.5212313532829285, -0.6665236353874207, 0.5329764485359192, 0.7848936915397644, 0.6195880174636841, 0.007240332197397947], "cam_t_m2c": [-230.57972717285156, 81.58964538574219, 355.95001220703125], "obj_id": 1}, {"cam_R_m2c": [0.6445416212081909, -0.2718745768070221, 0.7145980000495911, 0.47747892141342163, -0.5868395566940308, -0.6539365649223328, 0.5971431732177734, 0.7626948356628418, -0.2484280914068222], "cam_t_m2c": [3560.887939453125, 5892.41650390625, 4198.4443359375], "obj_id": 0}, {"cam_R_m2c": [0.9398248791694641, 0.17475222051143646, 0.29358285665512085, -0.1594337821006775, -0.5356732606887817, 0.8292375206947327, 0.3021756112575531, -0.8261450529098511, -0.47557759284973145], "cam_t_m2c": [59.55301284790039, 50.21952819824219, -1.006962776184082], "obj_id": 0}, {"cam_R_m2c": [0.020004166290163994, 0.34966835379600525, 0.9366599321365356, -0.4228562116622925, 0.8518900871276855, -0.3089917004108429, -0.9059759378433228, -0.3898913562297821, 0.1649007946252823], "cam_t_m2c": [-5.281660556793213, -27.95661163330078, 195.41519165039062], "obj_id": 3}]
}