{
  "0": [{"cam_R_m2c": [-0.8321166634559631, -0.5505859851837158, -0.06660795211791992, -0.26855841279029846, 0.5051063299179077, -0.8202096819877625, 0.48524007201194763, -0.6646221280097961, -0.5681718587875366], "cam_t_m2c": [284.7750549316406, 57.818599700927734, 860.5314331054688], "obj_id": 3}, {"cam_R_m2c": [-0.8321166634559631, -0.5505859851837158, -0.06660795211791992, -0.26855841279029846, 0.5051063299179077, -0.8202096819877625, 0.48524007201194763, -0.6646221280097961, -0.5681718587875366], "cam_t_m2c": [284.7750549316406, 57.818599700927734, 860.5314331054688], "obj_id": 0}, {"cam_R_m2c": [-0.8321166634559631, -0.5505859851837158, -0.06660795211791992, -0.26855841279029846, 0.5051063299179077, -0.8202096819877625, 0.48524007201194763, -0.6646221280097961, -0.5681718587875366], "cam_t_m2c": [284.7750549316406, 57.818599700927734, 860.5314331054688], "obj_id": 3}, {"cam_R_m2c": [-0.8321166634559631, -0.5505859851837158, -0.06660795211791992, -0.26855841279029846, 0.5051063299179077, -0.8202096819877625, 0.48524007201194763, -0.6646221280097961, -0.5681718587875366], "cam_t_m2c": [284.7750549316406, 57.818599700927734, 860.5314331054688], "obj_id": 1}, {"cam_R_m2c": [-0.8321166634559631, -0.5505859851837158, -0.06660795211791992, -0.26855841279029846, 0.5051063299179077, -0.8202096819877625, 0.48524007201194763, -0.6646221280097961, -0.5681718587875366], "cam_t_m2c": [284.7750549316406, 57.818599700927734, 860.5314331054688], "obj_id": 3}, {"cam_R_m2c": [-0.8321166634559631, -0.5505859851837158, -0.06660795211791992, -0.26855841279029846, 0.5051063299179077, -0.8202096819877625, 0.48524007201194763, -0.6646221280097961, -0.5681718587875366], "cam_t_m2c": [284.7750549316406, 57.818599700927734, 860.5314331054688], "obj_id": 2}, {"cam_R_m2c": [-0.8321166634559631, -0.5505859851837158, -0.06660795211791992, -0.26855841279029846, 0.5051063299179077, -0.8202096819877625, 0.48524007201194763, -0.6646221280097961, -0.5681718587875366], "cam_t_m2c": [284.7750549316406, 57.818599700927734, 860.5314331054688], "obj_id": 0}, {"cam_R_m2c": [-0.8321166634559631, -0.5505859851837158, -0.06660795211791992, -0.26855841279029846, 0.5051063299179077, -0.8202096819877625, 0.48524007201194763, -0.6646221280097961, -0.5681718587875366], "cam_t_m2c": [284.7750549316406, 57.818599700927734, 860.5314331054688], "obj_id": 3}, {"cam_R_m2c": [-0.8321166634559631, -0.5505859851837158, -0.06660795211791992, -0.26855841279029846, 0.5051063299179077, -0.8202096819877625, 0.48524007201194763, -0.6646221280097961, -0.5681718587875366], "cam_t_m2c": [284.7750549316406, 57.818599700927734, 860.5314331054688], "obj_id": 1}, {"cam_R_m2c": [-0.8321166634559631, -0.5505859851837158, -0.06660795211791992, -0.26855841279029846, 0.5051063299179077, -0.8202096819877625, 0.48524007201194763, -0.6646221280097961, -0.5681718587875366], "cam_t_m2c": [284.7750549316406, 57.818599700927734, 860.5314331054688], "obj_id": 1}, {"cam_R_m2c": [-0.8321166634559631, -0.5505859851837158, -0.06660795211791992, -0.26855841279029846, 0.5051063299179077, -0.8202096819877625, 0.48524007201194763, -0.6646221280097961, -0.5681718587875366], "cam_t_m2c": [284.7750549316406, 57.818599700927734, 860.5314331054688], "obj_id": 1}, {"cam_R_m2c": [-0.8321166634559631, -0.5505859851837158, -0.06660795211791992, -0.26855841279029846, 0.5051063299179077, -0.8202096819877625, 0.48524007201194763, -0.6646221280097961, -0.5681718587875366], "cam_t_m2c": [284.7750549316406, 57.818599700927734, 860.5314331054688], "obj_id": 0}, {"cam_R_m2c": [-0.39254894852638245, -0.6191345453262329, 0.6801305413246155, -0.5342609286308289, 0.7554321885108948, 0.3793250024318695, -0.7486457228660583, -0.21446353197097778, -0.6273235082626343], "cam_t_m2c": [388.7781677246094, 153.5889892578125, 757.9148559570312], "obj_id": 0}, {"cam_R_m2c": [-0.2238209992647171, -0.8174664378166199, -0.5307093262672424, 0.4994969367980957, 0.37136515974998474, -0.7826816439628601, 0.8369029760360718, -0.44026845693588257, 0.3252028524875641], "cam_t_m2c": [287.2202453613281, 146.3957061767578, 694.4661865234375], "obj_id": 1}, {"cam_R_m2c": [0.08549100905656815, 0.1696648746728897, 0.9817867279052734, 0.7536258697509766, -0.6555729508399963, 0.04766763746738434, 0.6517203450202942, 0.735824704170227, -0.18390947580337524], "cam_t_m2c": [466.228759765625, -28.32491683959961, 901.4612426757812], "obj_id": 0}, {"cam_R_m2c": [0.19516876339912415, -0.9764178395271301, 0.09228916466236115, 0.8341711759567261, 0.11577033996582031, -0.5392175912857056, 0.5158173441886902, 0.182223379611969, 0.8370944261550903], "cam_t_m2c": [122.73387908935547, 14.168261528015137, 994.462158203125], "obj_id": 2}],
  "1": [{"cam_R_m2c": [0.9350546598434448, 0.34478387236595154, 0.0824429914355278, 0.27843835949897766, -0.5703433752059937, -0.7727743983268738, -0.21941936016082764, 0.7455415725708008, -0.6293032765388489], "cam_t_m2c": [72.89753723144531, -173.4061279296875, 837.6067504882812], "obj_id": 1}, {"cam_R_m2c": [0.9350546598434448, 0.34478387236595154, 0.0824429914355278, 0.27843835949897766, -0.5703433752059937, -0.7727743983268738, -0.21941936016082764, 0.7455415725708008, -0.6293032765388489], "cam_t_m2c": [72.89753723144531, -173.4061279296875, 837.6067504882812], "obj_id": 1}, {"cam_R_m2c": [0.9350546598434448, 0.34478387236595154, 0.0824429914355278, 0.27843835949897766, -0.5703433752059937, -0.7727743983268738, -0.21941936016082764, 0.7455415725708008, -0.6293032765388489], "cam_t_m2c": [72.89753723144531, -173.4061279296875, 837.6067504882812], "obj_id": 0}, {"cam_R_m2c": [0.9350546598434448, 0.34478387236595154, 0.0824429914355278, 0.27843835949897766, -0.5703433752059937, -0.7727743983268738, -0.21941936016082764, 0.7455415725708008, -0.6293032765388489], "cam_t_m2c": [72.89753723144531, -173.4061279296875, 837.6067504882812], "obj_id": 0}, {"cam_R_m2c": [0.9350546598434448, 0.34478387236595154, 0.0824429914355278, 0.27843835949897766, -0.5703433752059937, -0.7727743983268738, -0.21941936016082764, 0.7455415725708008, -0.6293032765388489], "cam_t_m2c": [72.89753723144531, -173.4061279296875, 837.6067504882812], "obj_id": 1}, {"cam_R_m2c": [0.9350546598434448, 0.34478387236595154, 0.0824429914355278, 0.27843835949897766, -0.5703433752059937, -0.7727743983268738, -0.21941936016082764, 0.7455415725708008, -0.6293032765388489], "cam_t_m2c": [72.89753723144531, -173.4061279296875, 837.6067504882812], "obj_id": 3}, {"cam_R_m2c": [0.9350546598434448, 0.34478387236595154, 0.0824429914355278, 0.27843835949897766, -0.5703433752059937, -0.7727743983268738, -0.21941936016082764, 0.7455415725708008, -0.6293032765388489], "cam_t_m2c": [72.89753723144531, -173.4061279296875, 837.6067504882812], "obj_id": 1}, {"cam_R_m2c": [0.9350546598434448, 0.34478387236595154, 0.0824429914355278, 0.27843835949897766, -0.5703433752059937, -0.7727743983268738, -0.21941936016082764, 0.7455415725708008, -0.6293032765388489], "cam_t_m2c": [72.89753723144531, -173.4061279296875, 837.6067504882812], "obj_id": 2}, {"cam_R_m2c": [0.9350546598434448, 0.34478387236595154, 0.0824429914355278, 0.27843835949897766, -0.5703433752059937, -0.7727743983268738, -0.21941936016082764, 0.7455415725708008, -0.6293032765388489], "cam_t_m2c": [72.89753723144531, -173.4061279296875, 837.6067504882812], "obj_id": 3}, {"cam_R_m2c": [0.9350546598434448, 0.34478387236595154, 0.0824429914355278, 0.27843835949897766, -0.5703433752059937, -0.7727743983268738, -0.21941936016082764, 0.7455415725708008, -0.6293032765388489], "cam_t_m2c": [72.89753723144531, -173.4061279296875, 837.6067504882812], "obj_id": 1}, {"cam_R_m2c": [0.9350546598434448, 0.34478387236595154, 0.0824429914355278, 0.27843835949897766, -0.5703433752059937, -0.7727743983268738, -0.21941936016082764, 0.7455415725708008, -0.6293032765388489], "cam_t_m2c": [72.89753723144531, -173.4061279296875, 837.6067504882812], "obj_id": 3}, {"cam_R_m2c": [0.9350546598434448, 0.34478387236595154, 0.0824429914355278, 0.27843835949897766, -0.5703433752059937, -0.7727743983268738, -0.21941936016082764, 0.7455415725708008, -0.6293032765388489], "cam_t_m2c": [72.89753723144531, -173.4061279296875, 837.6067504882812], "obj_id": 0}, {"cam_R_m2c": [0.4583796262741089, 0.7846603989601135, -0.4173681139945984, -0.7873783111572266, 0.1407182514667511, -0.6001947522163391, -0.41221776604652405, 0.6037436127662659, 0.6823269724845886], "cam_t_m2c": [-116.1973876953125, -288.9371032714844, 903.6924438476562], "obj_id": 2}, {"cam_R_m2c": [0.05056333914399147, -0.5791929960250854, -0.8136207461357117, -0.80207759141922, -0.5089564323425293, 0.3124654293060303, -0.5950753688812256, 0.6367877721786499, -0.4902922213077545], "cam_t_m2c": [-236.00498962402344, 90.50477600097656, 516.2438354492188], "obj_id": 0}, {"cam_R_m2c": [0.3212060332298279, -0.9470070004463196, -0.0020965109579265118, 0.8015952110290527, 0.27070510387420654, 0.5330702066421509, -0.5042536854743958, -0.17290589213371277, 0.8460684418678284], "cam_t_m2c": [172.5426483154297, -264.5306701660156, 923.1614990234375], "obj_id": 3}, {"cam_R_m2c": [0.4982739984989166, 0.5641665458679199, 0.6583608984947205, -0.36388421058654785, 0.8253002762794495, -0.43181905150413513, -0.7869632840156555, -0.024402961134910583, 0.6165170073509216], "cam_t_m2c": [226.97235107421875, -264.5749816894531, 1012.9285888671875], "obj_id": 0}],
  "2": [{"cam_R_m2c": [0.9350546598434448, 0.34478387236595154, 0.0824429914355278, 0.27843835949897766, -0.5703433752059937, -0.7727743983268738, -0.21941936016082764, 0.7455415725708008, -0.6293032765388489], "cam_t_m2c": [72.89753723144531, -173.4061279296875, 837.6067504882812], "obj_id": 1}, {"cam_R_m2c": [0.9350546598434448, 0.34478387236595154, 0.0824429914355278, 0.27843835949897766, -0.5703433752059937, -0.7727743983268738, -0.21941936016082764, 0.7455415725708008, -0.6293032765388489], "cam_t_m2c": [72.89753723144531, -173.4061279296875, 837.6067504882812], "obj_id": 1}, {"cam_R_m2c": [0.9350546598434448, 0.34478387236595154, 0.0824429914355278, 0.27843835949897766, -0.5703433752059937, -0.7727743983268738, -0.21941936016082764, 0.7455415725708008, -0.6293032765388489], "cam_t_m2c": [72.89753723144531, -173.4061279296875, 837.6067504882812], "obj_id": 0}, {"cam_R_m2c": [0.9350546598434448, 0.34478387236595154, 0.0824429914355278, 0.27843835949897766, -0.5703433752059937, -0.7727743983268738, -0.21941936016082764, 0.7455415725708008, -0.6293032765388489], "cam_t_m2c": [72.89753723144531, -173.4061279296875, 837.6067504882812], "obj_id": 0}, {"cam_R_m2c": [0.9350546598434448, 0.34478387236595154, 0.0824429914355278, 0.27843835949897766, -0.5703433752059937, -0.7727743983268738, -0.21941936016082764, 0.7455415725708008, -0.6293032765388489], "cam_t_m2c": [72.89753723144531, -173.4061279296875, 837.6067504882812], "obj_id": 1}, {"cam_R_m2c": [0.9350546598434448, 0.34478387236595154, 0.0824429914355278, 0.27843835949897766, -0.5703433752059937, -0.7727743983268738, -0.21941936016082764, 0.7455415725708008, -0.6293032765388489], "cam_t_m2c": [72.89753723144531, -173.4061279296875, 837.6067504882812], "obj_id": 3}, {"cam_R_m2c": [0.9350546598434448, 0.34478387236595154, 0.0824429914355278, 0.27843835949897766, -0.5703433752059937, -0.7727743983268738, -0.21941936016082764, 0.7455415725708008, -0.6293032765388489], "cam_t_m2c": [72.89753723144531, -173.4061279296875, 837.6067504882812], "obj_id": 1}, {"cam_R_m2c": [0.9350546598434448, 0.34478387236595154, 0.0824429914355278, 0.27843835949897766, -0.5703433752059937, -0.7727743983268738, -0.21941936016082764, 0.7455415725708008, -0.6293032765388489], "cam_t_m2c": [72.89753723144531, -173.4061279296875, 837.6067504882812], "obj_id": 2}, {"cam_R_m2c": [0.9350546598434448, 0.34478387236595154, 0.0824429914355278, 0.27843835949897766, -0.5703433752059937, -0.7727743983268738, -0.21941936016082764, 0.7455415725708008, -0.6293032765388489], "cam_t_m2c": [72.89753723144531, -173.4061279296875, 837.6067504882812], "obj_id": 3}, {"cam_R_m2c": [0.9350546598434448, 0.34478387236595154, 0.0824429914355278, 0.27843835949897766, -0.5703433752059937, -0.7727743983268738, -0.21941936016082764, 0.7455415725708008, -0.6293032765388489], "cam_t_m2c": [72.89753723144531, -173.4061279296875, 837.6067504882812], "obj_id": 1}, {"cam_R_m2c": [0.9350546598434448, 0.34478387236595154, 0.0824429914355278, 0.27843835949897766, -0.5703433752059937, -0.7727743983268738, -0.21941936016082764, 0.7455415725708008, -0.6293032765388489], "cam_t_m2c": [72.89753723144531, -173.4061279296875, 837.6067504882812], "obj_id": 3}, {"cam_R_m2c": [0.9350546598434448, 0.34478387236595154, 0.0824429914355278, 0.27843835949897766, -0.5703433752059937, -0.7727743983268738, -0.21941936016082764, 0.7455415725708008, -0.6293032765388489], "cam_t_m2c": [72.89753723144531, -173.4061279296875, 837.6067504882812], "obj_id": 0}, {"cam_R_m2c": [0.4583796262741089, 0.7846603989601135, -0.4173681139945984, -0.7873783111572266, 0.1407182514667511, -0.6001947522163391, -0.41221776604652405, 0.6037436127662659, 0.6823269724845886], "cam_t_m2c": [-116.1973876953125, -288.9371032714844, 903.6924438476562], "obj_id": 2}, {"cam_R_m2c": [0.05056333914399147, -0.5791929960250854, -0.8136207461357117, -0.80207759141922, -0.5089564323425293, 0.3124654293060303, -0.5950753688812256, 0.6367877721786499, -0.4902922213077545], "cam_t_m2c": [-236.00498962402344, 90.50477600097656, 516.2438354492188], "obj_id": 0}, {"cam_R_m2c": [0.3212060332298279, -0.9470070004463196, -0.0020965109579265118, 0.8015952110290527, 0.27070510387420654, 0.5330702066421509, -0.5042536854743958, -0.17290589213371277, 0.8460684418678284], "cam_t_m2c": [172.5426483154297, -264.5306701660156, 923.1614990234375], "obj_id": 3}, {"cam_R_m2c": [0.4982739984989166, 0.5641665458679199, 0.6583608984947205, -0.36388421058654785, 0.8253002762794495, -0.43181905150413513, -0.7869632840156555, -0.024402961134910583, 0.6165170073509216], "cam_t_m2c": [226.97235107421875, -264.5749816894531, 1012.9285888671875], "obj_id": 0}],
  "3": [{"cam_R_m2c": [0.6573613882064819, 0.732177197933197, 0.17830443382263184, 0.24199648201465607, 0.018974291160702705, -0.9700915217399597, -0.7136621475219727, 0.6808497309684753, -0.16471132636070251], "cam_t_m2c": [165.14988708496094, -6.093282222747803, 894.699462890625], "obj_id": 1}, {"cam_R_m2c": [0.6573613882064819, 0.732177197933197, 0.17830443382263184, 0.24199648201465607, 0.018974291160702705, -0.9700915217399597, -0.7136621475219727, 0.6808497309684753, -0.16471132636070251], "cam_t_m2c": [165.14988708496094, -6.093282222747803, 894.699462890625], "obj_id": 1}, {"cam_R_m2c": [0.6573613882064819, 0.732177197933197, 0.17830443382263184, 0.24199648201465607, 0.018974291160702705, -0.9700915217399597, -0.7136621475219727, 0.6808497309684753, -0.16471132636070251], "cam_t_m2c": [165.14988708496094, -6.093282222747803, 894.699462890625], "obj_id": 0}, {"cam_R_m2c": [0.6573613882064819, 0.732177197933197, 0.17830443382263184, 0.24199648201465607, 0.018974291160702705, -0.9700915217399597, -0.7136621475219727, 0.6808497309684753, -0.16471132636070251], "cam_t_m2c": [165.14988708496094, -6.093282222747803, 894.699462890625], "obj_id": 0}, {"cam_R_m2c": [0.6573613882064819, 0.732177197933197, 0.17830443382263184, 0.24199648201465607, 0.018974291160702705, -0.9700915217399597, -0.7136621475219727, 0.6808497309684753, -0.16471132636070251], "cam_t_m2c": [165.14988708496094, -6.093282222747803, 894.699462890625], "obj_id": 1}, {"cam_R_m2c": [0.6573613882064819, 0.732177197933197, 0.17830443382263184, 0.24199648201465607, 0.018974291160702705, -0.9700915217399597, -0.7136621475219727, 0.6808497309684753, -0.16471132636070251], "cam_t_m2c": [165.14988708496094, -6.093282222747803, 894.699462890625], "obj_id": 3}, {"cam_R_m2c": [0.6573613882064819, 0.732177197933197, 0.17830443382263184, 0.24199648201465607, 0.018974291160702705, -0.9700915217399597, -0.7136621475219727, 0.6808497309684753, -0.16471132636070251], "cam_t_m2c": [165.14988708496094, -6.093282222747803, 894.699462890625], "obj_id": 1}, {"cam_R_m2c": [0.6573613882064819, 0.732177197933197, 0.17830443382263184, 0.24199648201465607, 0.018974291160702705, -0.9700915217399597, -0.7136621475219727, 0.6808497309684753, -0.16471132636070251], "cam_t_m2c": [165.14988708496094, -6.093282222747803, 894.699462890625], "obj_id": 2}, {"cam_R_m2c": [0.6573613882064819, 0.732177197933197, 0.17830443382263184, 0.24199648201465607, 0.018974291160702705, -0.9700915217399597, -0.7136621475219727, 0.6808497309684753, -0.16471132636070251], "cam_t_m2c": [165.14988708496094, -6.093282222747803, 894.699462890625], "obj_id": 3}, {"cam_R_m2c": [0.6573613882064819, 0.732177197933197, 0.17830443382263184, 0.24199648201465607, 0.018974291160702705, -0.9700915217399597, -0.7136621475219727, 0.6808497309684753, -0.16471132636070251], "cam_t_m2c": [165.14988708496094, -6.093282222747803, 894.699462890625], "obj_id": 1}, {"cam_R_m2c": [0.6573613882064819, 0.732177197933197, 0.17830443382263184, 0.24199648201465607, 0.018974291160702705, -0.9700915217399597, -0.7136621475219727, 0.6808497309684753, -0.16471132636070251], "cam_t_m2c": [165.14988708496094, -6.093282222747803, 894.699462890625], "obj_id": 3}, {"cam_R_m2c": [0.6573613882064819, 0.732177197933197, 0.17830443382263184, 0.24199648201465607, 0.018974291160702705, -0.9700915217399597, -0.7136621475219727, 0.6808497309684753, -0.16471132636070251], "cam_t_m2c": [165.14988708496094, -6.093282222747803, 894.699462890625], "obj_id": 0}, {"cam_R_m2c": [0.5780772566795349, 0.8142640590667725, 0.05292189493775368, -0.8003347516059875, 0.5784385204315186, -0.15771228075027466, -0.15903151035308838, 0.048814646899700165, 0.9860659837722778], "cam_t_m2c": [60.548126220703125, -90.36906433105469, 1082.921875], "obj_id": 2}, {"cam_R_m2c": [0.17101001739501953, -0.13692966103553772, -0.9757077693939209, -0.979026734828949, -0.13491496443748474, -0.15265780687332153, -0.11073429137468338, 0.9813501238822937, -0.15712954103946686], "cam_t_m2c": [-298.5202941894531, -24.20524787902832, 664.4262084960938], "obj_id": 0}, {"cam_R_m2c": [-0.16117115318775177, -0.9859210252761841, 0.04453586786985397, 0.4071618914604187, -0.02531769871711731, 0.913004994392395, -0.8990233540534973, 0.1652834266424179, 0.4055100381374359], "cam_t_m2c": [311.7096252441406, -15.43249225616455, 957.8301391601562], "obj_id": 3}, {"cam_R_m2c": [0.34710967540740967, 0.18312764167785645, 0.9197712540626526, -0.6669853329658508, 0.7376574277877808, 0.10484300553798676, -0.6592764854431152, -0.6498659253120422, 0.3781914710998535], "cam_t_m2c": [385.7035217285156, 44.15561294555664, 1002.4942016601562], "obj_id": 0}],
  "4": [{"cam_R_m2c": [0.6573613882064819, 0.732177197933197, 0.17830443382263184, 0.24199648201465607, 0.018974291160702705, -0.9700915217399597, -0.7136621475219727, 0.6808497309684753, -0.16471132636070251], "cam_t_m2c": [165.14988708496094, -6.093282222747803, 894.699462890625], "obj_id": 1}, {"cam_R_m2c": [0.6573613882064819, 0.732177197933197, 0.17830443382263184, 0.24199648201465607, 0.018974291160702705, -0.9700915217399597, -0.7136621475219727, 0.6808497309684753, -0.16471132636070251], "cam_t_m2c": [165.14988708496094, -6.093282222747803, 894.699462890625], "obj_id": 1}, {"cam_R_m2c": [0.6573613882064819, 0.732177197933197, 0.17830443382263184, 0.24199648201465607, 0.018974291160702705, -0.9700915217399597, -0.7136621475219727, 0.6808497309684753, -0.16471132636070251], "cam_t_m2c": [165.14988708496094, -6.093282222747803, 894.699462890625], "obj_id": 0}, {"cam_R_m2c": [0.6573613882064819, 0.732177197933197, 0.17830443382263184, 0.24199648201465607, 0.018974291160702705, -0.9700915217399597, -0.7136621475219727, 0.6808497309684753, -0.16471132636070251], "cam_t_m2c": [165.14988708496094, -6.093282222747803, 894.699462890625], "obj_id": 0}, {"cam_R_m2c": [0.6573613882064819, 0.732177197933197, 0.17830443382263184, 0.24199648201465607, 0.018974291160702705, -0.9700915217399597, -0.7136621475219727, 0.6808497309684753, -0.16471132636070251], "cam_t_m2c": [165.14988708496094, -6.093282222747803, 894.699462890625], "obj_id": 1}, {"cam_R_m2c": [0.6573613882064819, 0.732177197933197, 0.17830443382263184, 0.24199648201465607, 0.018974291160702705, -0.9700915217399597, -0.7136621475219727, 0.6808497309684753, -0.16471132636070251], "cam_t_m2c": [165.14988708496094, -6.093282222747803, 894.699462890625], "obj_id": 3}, {"cam_R_m2c": [0.6573613882064819, 0.732177197933197, 0.17830443382263184, 0.24199648201465607, 0.018974291160702705, -0.9700915217399597, -0.7136621475219727, 0.6808497309684753, -0.16471132636070251], "cam_t_m2c": [165.14988708496094, -6.093282222747803, 894.699462890625], "obj_id": 1}, {"cam_R_m2c": [0.6573613882064819, 0.732177197933197, 0.17830443382263184, 0.24199648201465607, 0.018974291160702705, -0.9700915217399597, -0.7136621475219727, 0.6808497309684753, -0.16471132636070251], "cam_t_m2c": [165.14988708496094, -6.093282222747803, 894.699462890625], "obj_id": 2}, {"cam_R_m2c": [0.6573613882064819, 0.732177197933197, 0.17830443382263184, 0.24199648201465607, 0.018974291160702705, -0.9700915217399597, -0.7136621475219727, 0.6808497309684753, -0.16471132636070251], "cam_t_m2c": [165.14988708496094, -6.093282222747803, 894.699462890625], "obj_id": 3}, {"cam_R_m2c": [0.6573613882064819, 0.732177197933197, 0.17830443382263184, 0.24199648201465607, 0.018974291160702705, -0.9700915217399597, -0.7136621475219727, 0.6808497309684753, -0.16471132636070251], "cam_t_m2c": [165.14988708496094, -6.093282222747803, 894.699462890625], "obj_id": 1}, {"cam_R_m2c": [0.6573613882064819, 0.732177197933197, 0.17830443382263184, 0.24199648201465607, 0.018974291160702705, -0.9700915217399597, -0.7136621475219727, 0.6808497309684753, -0.16471132636070251], "cam_t_m2c": [165.14988708496094, -6.093282222747803, 894.699462890625], "obj_id": 3}, {"cam_R_m2c": [0.6573613882064819, 0.732177197933197, 0.17830443382263184, 0.24199648201465607, 0.018974291160702705, -0.9700915217399597, -0.7136621475219727, 0.6808497309684753, -0.16471132636070251], "cam_t_m2c": [165.14988708496094, -6.093282222747803, 894.699462890625], "obj_id": 0}, {"cam_R_m2c": [0.5780772566795349, 0.8142640590667725, 0.05292189493775368, -0.8003347516059875, 0.5784385204315186, -0.15771228075027466, -0.15903151035308838, 0.048814646899700165, 0.9860659837722778], "cam_t_m2c": [60.548126220703125, -90.36906433105469, 1082.921875], "obj_id": 2}, {"cam_R_m2c": [0.17101001739501953, -0.13692966103553772, -0.9757077693939209, -0.979026734828949, -0.13491496443748474, -0.15265780687332153, -0.11073429137468338, 0.9813501238822937, -0.15712954103946686], "cam_t_m2c": [-298.5202941894531, -24.20524787902832, 664.4262084960938], "obj_id": 0}, {"cam_R_m2c": [-0.16117115318775177, -0.9859210252761841, 0.04453586786985397, 0.4071618914604187, -0.02531769871711731, 0.913004994392395, -0.8990233540534973, 0.1652834266424179, 0.4055100381374359], "cam_t_m2c": [311.7096252441406, -15.43249225616455, 957.8301391601562], "obj_id": 3}, {"cam_R_m2c": [0.34710967540740967, 0.18312764167785645, 0.9197712540626526, -0.6669853329658508, 0.7376574277877808, 0.10484300553798676, -0.6592764854431152, -0.6498659253120422, 0.3781914710998535], "cam_t_m2c": [385.7035217285156, 44.15561294555664, 1002.4942016601562], "obj_id": 0}]
}