{
  "0": [{"cam_R_m2c": [-0.9289031028747559, 0.3566341698169708, -0.09975359588861465, -0.18651488423347473, -0.6832635402679443, -0.7059482336044312, -0.3199232816696167, -0.6371520757675171, 0.7012034058570862], "cam_t_m2c": [344.82196044921875, -10800.43359375, 25893.345703125], "obj_id": 0}, {"cam_R_m2c": [0.24739745259284973, -0.841969907283783, -0.4794591963291168, -0.4444391429424286, -0.5383252501487732, 0.716016411781311, -0.8609693646430969, 0.03594984859228134, -0.5073845982551575], "cam_t_m2c": [215.9333953857422, -10876.662109375, 25869.080078125], "obj_id": 0}, {"cam_R_m2c": [0.163603276014328, -0.050829824060201645, 0.9852158427238464, 0.14688383042812347, -0.9862852096557617, -0.07527627795934677, 0.9755301475524902, 0.1570277214050293, -0.1538933962583542], "cam_t_m2c": [215.57151794433594, -168.416259765625, 1049.129638671875], "obj_id": 3}, {"cam_R_m2c": [0.4771480858325958, -0.41220515966415405, -0.7761549949645996, -0.6352939009666443, -0.7720251679420471, 0.0194594394415617, -0.6072325110435486, 0.4838014841079712, -0.6302417516708374], "cam_t_m2c": [-2332.8115234375, -19697.076171875, -13928.3935546875], "obj_id": 3}],
  "1": [{"cam_R_m2c": [-0.924954354763031, 0.1486806422472, -0.3497907519340515, -0.15105880796909332, -0.9883093237876892, -0.020640792325139046, -0.3487703204154968, 0.03374718129634857, 0.9366004467010498], "cam_t_m2c": [-4201.81591796875, 8656.671875, 26286.11328125], "obj_id": 0}, {"cam_R_m2c": [0.1310037076473236, -0.970137894153595, -0.20413348078727722, -0.9423943758010864, -0.18578793108463287, 0.27816489338874817, -0.307783842086792, 0.15593360364437103, -0.9385913610458374], "cam_t_m2c": [-4347.0419921875, 8612.64453125, 26283.80078125], "obj_id": 0}, {"cam_R_m2c": [0.15862612426280975, -0.36856964230537415, 0.9159661531448364, 0.718414843082428, -0.5932987332344055, -0.3631479740142822, 0.6772870421409607, 0.7156484723091125, 0.17067335546016693], "cam_t_m2c": [150.7430877685547, -167.91677856445312, 1116.872314453125], "obj_id": 3}, {"cam_R_m2c": [0.2767491638660431, -0.6571345329284668, -0.7011305093765259, -0.9593309760093689, -0.1467021107673645, -0.2411690056324005, 0.0556231364607811, 0.7393595576286316, -0.6710091829299927], "cam_t_m2c": [-7809.92236328125, -23592.94921875, 1405.340087890625], "obj_id": 3}]
}