{
  "0": [{"cam_R_m2c": [-0.9552133679389954, 0.22250859439373016, 0.1950831413269043, 0.2831379473209381, 0.8788783550262451, 0.3839345872402191, -0.08602559566497803, 0.42197489738464355, -0.9025169610977173], "cam_t_m2c": [195.13436889648438, 16.86495590209961, 737.5377197265625], "obj_id": 3}, {"cam_R_m2c": [0.40167081356048584, 0.2367192953824997, -0.8846607208251953, 0.4035739004611969, -0.9129087924957275, -0.06103948876261711, -0.822063684463501, -0.3325081765651703, -0.4622226059436798], "cam_t_m2c": [413.812744140625, -179.84228515625, 792.0737915039062], "obj_id": 3}, {"cam_R_m2c": [-0.5781998038291931, -0.7207496762275696, 0.3823673725128174, 0.8138815760612488, -0.5424175262451172, 0.20827841758728027, 0.057286184281110764, 0.4316283166408539, 0.9002307057380676], "cam_t_m2c": [293.12109375, -208.61529541015625, 961.0831909179688], "obj_id": 3}, {"cam_R_m2c": [0.9200540781021118, 0.08587069064378738, -0.38226521015167236, 0.1555132269859314, -0.9755738973617554, 0.15514712035655975, -0.35960546135902405, -0.2021910548210144, -0.9109348058700562], "cam_t_m2c": [427.94500732421875, -147.11834716796875, 744.544921875], "obj_id": 3}, {"cam_R_m2c": [-0.04033950716257095, 0.03579259663820267, 0.9985447525978088, -0.8257891535758972, -0.5638256669044495, -0.01315025519579649, 0.5625344514846802, -0.8251179456710815, 0.05230154097080231], "cam_t_m2c": [448.1322021484375, -20.431663513183594, 675.7008056640625], "obj_id": 3}, {"cam_R_m2c": [-0.46934908628463745, -0.2798885405063629, 0.8374805450439453, -0.5401390790939331, -0.6592949628829956, -0.523048460483551, 0.698542058467865, -0.697848379611969, 0.15826092660427094], "cam_t_m2c": [282.5008850097656, 120.87017059326172, 842.0118408203125], "obj_id": 3}, {"cam_R_m2c": [-0.31992703676223755, -0.3480011522769928, -0.8812161087989807, 0.7755609154701233, 0.4380447268486023, -0.45455703139305115, 0.5441984534263611, -0.8288618326187134, 0.1297537386417389], "cam_t_m2c": [173.72618103027344, 108.76055145263672, 890.97900390625], "obj_id": 3}, {"cam_R_m2c": [0.2810629606246948, -0.7781516909599304, 0.5616791844367981, 0.846760630607605, -0.0743703842163086, -0.5267499685287476, 0.45166367292404175, 0.623657763004303, 0.6380054354667664], "cam_t_m2c": [170.3092498779297, 48.996639251708984, 750.881591796875], "obj_id": 3}, {"cam_R_m2c": [0.952858567237854, -0.18409417569637299, -0.24118444323539734, 0.28896093368530273, 0.30817732214927673, 0.9063819646835327, -0.09253207594156265, -0.933346688747406, 0.346845418214798], "cam_t_m2c": [430.98443603515625, -231.45523071289062, 740.0478515625], "obj_id": 3}, {"cam_R_m2c": [0.8995093107223511, 0.3848877251148224, -0.20674733817577362, -0.07253442704677582, -0.3350876569747925, -0.9393907189369202, -0.4308384656906128, 0.8599869608879089, -0.2734968364238739], "cam_t_m2c": [385.7578125, -134.792724609375, 838.1737060546875], "obj_id": 3}, {"cam_R_m2c": [0.5218908786773682, -0.15889425575733185, 0.8380826115608215, -0.4660741686820984, -0.8759914636611938, 0.12415225803852081, 0.7144261598587036, -0.45540258288383484, -0.5312284827232361], "cam_t_m2c": [273.0686950683594, -19.600711822509766, 1074.1826171875], "obj_id": 3}, {"cam_R_m2c": [-0.6802912950515747, -0.6076586842536926, -0.40982216596603394, 0.45038795471191406, 0.09454397112131119, -0.8878129720687866, 0.578233540058136, -0.788550615310669, 0.20936495065689087], "cam_t_m2c": [264.6114501953125, 77.52290344238281, 880.4544067382812], "obj_id": 3}, {"cam_R_m2c": [-0.03463652357459068, -0.836591899394989, -0.5467303395271301, 0.7203229069709778, -0.4001128077507019, 0.5666077733039856, -0.6927734613418579, -0.3741970658302307, 0.6164750456809998], "cam_t_m2c": [96.87229919433594, 137.98062133789062, 823.1763916015625], "obj_id": 3}, {"cam_R_m2c": [0.5071413516998291, -0.8524918556213379, 0.12674854695796967, 0.5122056007385254, 0.17984263598918915, -0.83982253074646, 0.6931471228599548, 0.49083006381988525, 0.5278568267822266], "cam_t_m2c": [72.80524444580078, 122.15888977050781, 750.3048095703125], "obj_id": 3}, {"cam_R_m2c": [-0.8606371879577637, -0.21202145516872406, -0.4629797637462616, -0.2640560269355774, -0.591587245464325, 0.761773407459259, -0.43540531396865845, 0.7778632044792175, 0.4531566798686981], "cam_t_m2c": [265.3769226074219, 33.206092834472656, 995.330322265625], "obj_id": 3}, {"cam_R_m2c": [0.6767878532409668, 0.5275214314460754, -0.5134972333908081, 0.29403361678123474, -0.8331637978553772, -0.46838289499282837, -0.674909234046936, 0.16601040959358215, -0.7189841866493225], "cam_t_m2c": [395.25689697265625, 99.25444793701172, 928.4285888671875], "obj_id": 3}, {"cam_R_m2c": [0.1347884088754654, -0.9422006011009216, -0.30674096941947937, 0.48092061281204224, -0.2084537148475647, 0.8516233563423157, -0.8663413524627686, -0.26230698823928833, 0.42502662539482117], "cam_t_m2c": [261.7119445800781, -252.17813110351562, 829.2298583984375], "obj_id": 3}, {"cam_R_m2c": [0.8992636203765869, 0.07026656717061996, -0.4317261576652527, -0.40566545724868774, 0.5031111836433411, -0.7630953788757324, 0.16358613967895508, 0.8613603711128235, 0.4809343218803406], "cam_t_m2c": [130.34788513183594, 40.51265335083008, 864.3378295898438], "obj_id": 3}, {"cam_R_m2c": [-0.28688880801200867, 0.0856609046459198, -0.9541262984275818, -0.833739697933197, -0.5128322243690491, 0.2046489417552948, -0.4717762768268585, 0.8542044758796692, 0.21854473650455475], "cam_t_m2c": [376.46942138671875, -292.6382141113281, 868.5609130859375], "obj_id": 3}, {"cam_R_m2c": [0.668522298336029, -0.29691198468208313, 0.681851327419281, -0.10843084007501602, -0.9459631443023682, -0.30560824275016785, 0.7357450127601624, 0.13037219643592834, -0.6645917892456055], "cam_t_m2c": [103.43049621582031, -254.205322265625, 818.5508422851562], "obj_id": 3}, {"cam_R_m2c": [0.49242687225341797, -0.828548789024353, 0.26650068163871765, 0.33919861912727356, -0.09929419308900833, -0.9354596734046936, 0.8015360236167908, 0.5510421395301819, 0.23214754462242126], "cam_t_m2c": [441.2444152832031, -155.9806365966797, 625.3748779296875], "obj_id": 3}, {"cam_R_m2c": [0.2514338791370392, -0.959867000579834, -0.12424235045909882, -0.7783060669898987, -0.1242089495062828, -0.615476667881012, 0.5753437876701355, 0.25145024061203003, -0.7783007025718689], "cam_t_m2c": [148.77194213867188, -160.0646209716797, 933.6016235351562], "obj_id": 3}, {"cam_R_m2c": [0.7837201356887817, -0.6152197122573853, -0.08536672592163086, -0.25150468945503235, -0.44000568985939026, 0.8620558381080627, -0.5679156184196472, -0.6541404128074646, -0.49957194924354553], "cam_t_m2c": [141.43699645996094, 122.7819595336914, 905.172607421875], "obj_id": 3}, {"cam_R_m2c": [0.3460094928741455, 0.5105531811714172, -0.7871549129486084, -0.9318079948425293, 0.28499990701675415, -0.22474202513694763, 0.10959632694721222, 0.8112401366233826, 0.5743501782417297], "cam_t_m2c": [211.1593780517578, 152.85621643066406, 852.1655883789062], "obj_id": 3}, {"cam_R_m2c": [-0.08467025309801102, 0.07285967469215393, -0.9937416315078735, -0.7974384427070618, 0.5930233001708984, 0.11142414808273315, 0.5974302291870117, 0.8018820285797119, 0.00788967963308096], "cam_t_m2c": [131.102294921875, 81.1575927734375, 857.4617919921875], "obj_id": 3}, {"cam_R_m2c": [0.06808120012283325, -0.7644590735435486, -0.6410672068595886, -0.9228320717811584, 0.19593225419521332, -0.3316495418548584, 0.3791382312774658, 0.6141765117645264, -0.69212806224823], "cam_t_m2c": [283.66387939453125, -155.76251220703125, 619.0140380859375], "obj_id": 3}, {"cam_R_m2c": [0.8796369433403015, -0.47545331716537476, 0.013525499030947685, -0.4663139879703522, -0.8564254641532898, 0.2215547114610672, -0.093755342066288, -0.20119483768939972, -0.9750540256500244], "cam_t_m2c": [132.16868591308594, -101.65928649902344, 885.5396118164062], "obj_id": 3}, {"cam_R_m2c": [0.46237170696258545, -0.791225790977478, 0.40021759271621704, -0.4433184862136841, -0.5971841812133789, -0.6684605479240417, 0.767906904220581, 0.13165335357189178, -0.6268860697746277], "cam_t_m2c": [260.65142822265625, -307.32025146484375, 952.1453857421875], "obj_id": 3}, {"cam_R_m2c": [0.2644071578979492, -0.6978853940963745, -0.6656161546707153, -0.025416934862732887, -0.6949816942214966, 0.718578040599823, -0.9640761613845825, -0.1730792373418808, -0.2014961987733841], "cam_t_m2c": [238.76161193847656, -2.241398572921753, 1119.402587890625], "obj_id": 1}, {"cam_R_m2c": [-0.6716673970222473, -0.1668817400932312, 0.7218127250671387, 0.08585114032030106, -0.9852684140205383, -0.14790526032447815, 0.7358618378639221, -0.03737468272447586, 0.6760994791984558], "cam_t_m2c": [375.6349792480469, -51.109188079833984, 704.7748413085938], "obj_id": 1}, {"cam_R_m2c": [0.24829791486263275, 0.7011592984199524, -0.6683740019798279, 0.6201865673065186, 0.41496238112449646, 0.6657138466835022, 0.7441214919090271, -0.5798119306564331, -0.33181527256965637], "cam_t_m2c": [124.5661392211914, 23.440061569213867, 775.9467163085938], "obj_id": 1}, {"cam_R_m2c": [-0.013098523020744324, 0.5177775025367737, -0.8554149270057678, -0.9189421534538269, -0.34347406029701233, -0.1938314586877823, -0.3941745162010193, 0.7835380434989929, 0.4803067147731781], "cam_t_m2c": [370.98291015625, -137.5304718017578, 624.1735229492188], "obj_id": 1}, {"cam_R_m2c": [-0.96285080909729, -0.27000734210014343, 0.0038086685817688704, -0.18443815410137177, 0.6678805947303772, 0.721053421497345, -0.19723345339298248, 0.6935643553733826, -0.6928690671920776], "cam_t_m2c": [188.1006317138672, 17.527379989624023, 1098.6207275390625], "obj_id": 1}, {"cam_R_m2c": [-0.5516473650932312, 0.6305866837501526, 0.5459356904029846, -0.8135955333709717, -0.5509815216064453, -0.18569262325763702, 0.1837051510810852, -0.5466076731681824, 0.8169898986816406], "cam_t_m2c": [77.40985870361328, -209.80259704589844, 990.302978515625], "obj_id": 1}, {"cam_R_m2c": [0.17537418007850647, -0.9554607272148132, -0.23735782504081726, 0.5447014570236206, -0.10666293650865555, 0.8318192958831787, -0.8200879096984863, -0.275168776512146, 0.5017349123954773], "cam_t_m2c": [98.1292953491211, 45.13337326049805, 1040.750732421875], "obj_id": 1}, {"cam_R_m2c": [0.6789987683296204, -0.4681706726551056, 0.5654881596565247, 0.30757126212120056, 0.8808241486549377, 0.35992884635925293, -0.6666037440299988, -0.07046332955360413, 0.7420743703842163], "cam_t_m2c": [403.2451477050781, -131.0285186767578, 842.8399658203125], "obj_id": 1}, {"cam_R_m2c": [0.8617516160011292, 0.45994094014167786, 0.21409910917282104, -0.4189453423023224, 0.8831573128700256, -0.21099278330802917, -0.2861274182796478, 0.09212754666805267, 0.9537523984909058], "cam_t_m2c": [308.0431823730469, -206.57089233398438, 886.3095092773438], "obj_id": 1}, {"cam_R_m2c": [0.44912052154541016, 0.1228412613272667, -0.8849863409996033, -0.4824011027812958, 0.8670634031295776, -0.1244596540927887, 0.752050518989563, 0.48281577229499817, 0.448674738407135], "cam_t_m2c": [208.97215270996094, -24.29673194885254, 1111.439208984375], "obj_id": 1}, {"cam_R_m2c": [0.7732128500938416, 0.5583620071411133, 0.3006223142147064, 0.5701760053634644, -0.8196242451667786, 0.05581630766391754, 0.27756303548812866, 0.12824974954128265, -0.95210862159729], "cam_t_m2c": [203.5939178466797, -11.073221206665039, 694.8656005859375], "obj_id": 1}, {"cam_R_m2c": [-0.7358952760696411, -0.4401004910469055, -0.5145578980445862, 0.14490404725074768, 0.6399778723716736, -0.7546066641807556, 0.6614083647727966, -0.6298729181289673, -0.4071843922138214], "cam_t_m2c": [388.5953063964844, 54.74848175048828, 870.140869140625], "obj_id": 1}, {"cam_R_m2c": [-0.985645055770874, -0.08270543813705444, 0.1471858024597168, 0.16649548709392548, -0.3316596448421478, 0.9285909533500671, -0.027983928099274635, 0.9397668242454529, 0.34066876769065857], "cam_t_m2c": [70.71715545654297, -1.4579896926879883, 1104.6292724609375], "obj_id": 1}, {"cam_R_m2c": [-0.42346009612083435, -0.7892471551895142, 0.44471362233161926, 0.8679280281066895, -0.4941180348396301, -0.05047829821705818, 0.25958094000816345, 0.3646038770675659, 0.8942492604255676], "cam_t_m2c": [320.91400146484375, -311.6415710449219, 898.784912109375], "obj_id": 1}, {"cam_R_m2c": [0.22338518500328064, -0.33881330490112305, 0.9139499068260193, -0.37805891036987305, -0.8943600058555603, -0.23914699256420135, 0.8984265923500061, -0.2921050488948822, -0.32787802815437317], "cam_t_m2c": [288.0867919921875, 155.1002197265625, 837.0339965820312], "obj_id": 1}, {"cam_R_m2c": [0.1356910616159439, -0.6191239953041077, 0.7734813690185547, 0.7400593161582947, -0.45571938157081604, -0.4946030378341675, 0.6587110161781311, 0.6395353078842163, 0.3963513672351837], "cam_t_m2c": [360.24713134765625, 47.01168441772461, 785.6502685546875], "obj_id": 1}, {"cam_R_m2c": [-0.4490903317928314, -0.7350134253501892, -0.5080090165138245, -0.13740450143814087, 0.6186197400093079, -0.7735822796821594, 0.8828577995300293, -0.2776056230068207, -0.378810316324234], "cam_t_m2c": [126.90037536621094, 35.54765319824219, 837.7164916992188], "obj_id": 1}, {"cam_R_m2c": [0.18665426969528198, -0.9640367031097412, -0.18919138610363007, 0.6347385048866272, -0.028646348044276237, 0.7721958160400391, -0.7498447895050049, -0.2642207145690918, 0.6065642833709717], "cam_t_m2c": [269.28619384765625, 101.86842346191406, 939.6934204101562], "obj_id": 1}, {"cam_R_m2c": [0.15774963796138763, 0.9815255403518677, 0.10827164351940155, -0.9192608594894409, 0.10592076927423477, 0.37913092970848083, 0.3606584668159485, -0.15933765470981598, 0.9189869165420532], "cam_t_m2c": [288.7967529296875, 73.2484130859375, 802.3245849609375], "obj_id": 1}, {"cam_R_m2c": [-0.13905885815620422, 0.32691624760627747, -0.9347664713859558, 0.4763678014278412, -0.805465042591095, -0.3525616228580475, -0.8681798577308655, -0.49431949853897095, -0.043725281953811646], "cam_t_m2c": [435.71942138671875, -249.49208068847656, 777.2316284179688], "obj_id": 1}, {"cam_R_m2c": [0.07372543215751648, -0.0008403097745031118, 0.9972782135009766, -0.9224348068237305, 0.38002628087997437, 0.06851271539926529, -0.37904947996139526, -0.9249752759933472, 0.027242477983236313], "cam_t_m2c": [243.29518127441406, -203.02609252929688, 957.9224853515625], "obj_id": 1}, {"cam_R_m2c": [0.4642353653907776, 0.6567458510398865, -0.5942813754081726, 0.7278900742530823, 0.09939726442098618, 0.6784512996673584, 0.5046399831771851, -0.7475326061248779, -0.43189504742622375], "cam_t_m2c": [188.72265625, -87.02103424072266, 825.9559326171875], "obj_id": 1}, {"cam_R_m2c": [0.44389718770980835, 0.09653998166322708, -0.8908621072769165, -0.05522600933909416, 0.9952369928359985, 0.08033285290002823, 0.8943743109703064, 0.013539232313632965, 0.4471144378185272], "cam_t_m2c": [406.2095642089844, -194.93557739257812, 932.83349609375], "obj_id": 1}, {"cam_R_m2c": [0.29704540967941284, -0.9524844288825989, 0.0673597976565361, -0.9216167330741882, -0.30444130301475525, -0.24070291221141815, 0.24977290630340576, 0.00941975973546505, -0.9682585000991821], "cam_t_m2c": [382.85272216796875, -160.6709442138672, 743.656494140625], "obj_id": 1}, {"cam_R_m2c": [0.9996500611305237, -0.02117869071662426, -0.015849519520998, 0.01899976097047329, 0.15796469151973724, 0.987261950969696, -0.0184052512049675, -0.9872176051139832, 0.15831179916858673], "cam_t_m2c": [448.8147277832031, -178.68360900878906, 964.1185302734375], "obj_id": 1}, {"cam_R_m2c": [-0.5342252850532532, -0.793746292591095, -0.290808767080307, -0.7524198889732361, 0.6032841205596924, -0.264409601688385, 0.3853144645690918, 0.07755599915981293, -0.9195201396942139], "cam_t_m2c": [380.1844787597656, -189.09115600585938, 955.3878784179688], "obj_id": 1}, {"cam_R_m2c": [-0.03937021270394325, -0.12040216475725174, 0.9919441342353821, -0.9737094640731812, -0.21828043460845947, -0.06514140218496323, 0.2243652194738388, -0.9684301018714905, -0.10864293575286865], "cam_t_m2c": [236.3743896484375, 78.84967803955078, 863.50341796875], "obj_id": 1}, {"cam_R_m2c": [0.10276512056589127, 0.9891793131828308, 0.10470746457576752, 0.7416587471961975, -0.006049626041203737, -0.6707502007484436, -0.662858784198761, 0.14658695459365845, -0.7342551946640015], "cam_t_m2c": [86.44334411621094, -103.0589828491211, 905.4689331054688], "obj_id": 1}, {"cam_R_m2c": [-0.6650440096855164, 0.5739266872406006, -0.47783321142196655, -0.7319371700286865, -0.3738846480846405, 0.5696299076080322, 0.14827130734920502, 0.7285728454589844, 0.6687280535697937], "cam_t_m2c": [92.15100860595703, -124.29188537597656, 780.4873657226562], "obj_id": 1}, {"cam_R_m2c": [0.4124912619590759, 0.8995571136474609, -0.14369384944438934, -0.8948895335197449, 0.4296402633190155, 0.1207556501030922, 0.17036327719688416, 0.07877948880195618, 0.9822271466255188], "cam_t_m2c": [271.0055847167969, -153.00006103515625, 927.5476684570312], "obj_id": 1}, {"cam_R_m2c": [-0.7530169486999512, -0.5482740998268127, 0.36381444334983826, 0.37500739097595215, -0.8119184374809265, -0.44739001989364624, 0.5406800508499146, -0.20045916736125946, 0.8169952034950256], "cam_t_m2c": [257.6253967285156, -227.81202697753906, 776.79833984375], "obj_id": 1}, {"cam_R_m2c": [0.8968231678009033, 0.32631516456604004, 0.2987081706523895, 0.42504826188087463, -0.44839009642601013, -0.7863079905509949, -0.12264642864465714, 0.8321446180343628, -0.5408263206481934], "cam_t_m2c": [340.852783203125, 87.28372192382812, 787.8616943359375], "obj_id": 1}, {"cam_R_m2c": [0.7597679495811462, -0.2749794125556946, 0.5891850590705872, 0.42085763812065125, 0.8987125754356384, -0.12326636165380478, -0.49561232328414917, 0.3416168689727783, 0.7985401749610901], "cam_t_m2c": [423.8968811035156, 56.310611724853516, 890.6690063476562], "obj_id": 1}, {"cam_R_m2c": [0.5421914458274841, -0.8385604619979858, -0.05333613604307175, 0.25526487827301025, 0.22485877573490143, -0.9403607249259949, 0.8005424737930298, 0.49624064564704895, 0.33597156405448914], "cam_t_m2c": [145.79266357421875, 30.632768630981445, 832.5702514648438], "obj_id": 1}, {"cam_R_m2c": [-0.9641485810279846, -0.2564838230609894, 0.06807008385658264, -0.2174411118030548, 0.6165611743927002, -0.7566846609115601, 0.15210801362991333, -0.744357705116272, -0.6502267122268677], "cam_t_m2c": [248.40020751953125, -155.4073486328125, 701.04638671875], "obj_id": 1}, {"cam_R_m2c": [-0.054245591163635254, -0.05428418889641762, -0.997050940990448, 0.6961421966552734, 0.7137909531593323, -0.07673651725053787, 0.7158514857292175, -0.6982519030570984, -0.0009304917184635997], "cam_t_m2c": [299.6281433105469, -273.47076416015625, 946.1766357421875], "obj_id": 1}, {"cam_R_m2c": [-0.3369784653186798, -0.44027435779571533, -0.8322283029556274, -0.7287321090698242, 0.6816548705101013, -0.06554464250802994, 0.5961501002311707, 0.5843843817710876, -0.5505450963973999], "cam_t_m2c": [238.895751953125, 104.13509368896484, 898.689453125], "obj_id": 1}, {"cam_R_m2c": [0.6695129871368408, 0.7307149767875671, 0.13344649970531464, -0.46799248456954956, 0.5544679760932922, -0.6881484389305115, -0.5768321752548218, 0.39827239513397217, 0.7131926417350769], "cam_t_m2c": [393.26348876953125, -174.408935546875, 1016.4681396484375], "obj_id": 1}, {"cam_R_m2c": [-0.1261400729417801, -0.9918896555900574, -0.015604881569743156, -0.714515209197998, 0.10175573825836182, -0.6921803951263428, 0.6881545186042786, -0.07616180181503296, -0.7215557098388672], "cam_t_m2c": [461.34356689453125, -207.24594116210938, 753.0142211914062], "obj_id": 1}, {"cam_R_m2c": [0.2851114273071289, -0.9434630274772644, 0.16908249258995056, -0.956635057926178, -0.29107794165611267, -0.011082464829087257, 0.059672098606824875, -0.15859051048755646, -0.985539436340332], "cam_t_m2c": [268.9093933105469, -272.04217529296875, 910.1581420898438], "obj_id": 1}, {"cam_R_m2c": [-0.9725204110145569, -0.2164231687784195, 0.08581973612308502, 0.028844984248280525, 0.25376760959625244, 0.9668350219726562, -0.23102377355098724, 0.9427422881126404, -0.24055147171020508], "cam_t_m2c": [147.807373046875, -9.25451374053955, 909.6592407226562], "obj_id": 1}, {"cam_R_m2c": [0.38095027208328247, 0.4854370653629303, 0.7869102954864502, -0.5664451122283936, -0.5501318573951721, 0.6135919094085693, 0.7307645678520203, -0.6794894933700562, 0.06540050357580185], "cam_t_m2c": [271.8137512207031, -103.8336181640625, 850.01123046875], "obj_id": 1}, {"cam_R_m2c": [-0.031030936166644096, -0.008027389645576477, 0.9994861483573914, 0.07338912785053253, -0.9972867965698242, -0.0057312180288136005, 0.9968204498291016, 0.07317357510328293, 0.03153596445918083], "cam_t_m2c": [368.3558349609375, -103.56597137451172, 742.7142333984375], "obj_id": 1}, {"cam_R_m2c": [0.7260429859161377, 0.6865463852882385, 0.03893152251839638, -0.46131518483161926, 0.4443054497241974, 0.7679719924926758, 0.5099508762359619, -0.5755404233932495, 0.6392990946769714], "cam_t_m2c": [181.38084411621094, 34.38678741455078, 918.6061401367188], "obj_id": 1}, {"cam_R_m2c": [-0.7866138219833374, 0.6158751249313354, -0.04400786757469177, -0.44051191210746765, -0.6097193360328674, -0.6589322686195374, -0.43265241384506226, -0.4989392161369324, 0.7509138584136963], "cam_t_m2c": [138.12356567382812, -22.61949348449707, 1029.2305908203125], "obj_id": 1}, {"cam_R_m2c": [0.7177934646606445, -0.12379314005374908, -0.6851626634597778, -0.5154494047164917, -0.7560291290283203, -0.40340057015419006, -0.46806466579437256, 0.6427249312400818, -0.6064819097518921], "cam_t_m2c": [367.27130126953125, -174.63124084472656, 771.7418823242188], "obj_id": 1}, {"cam_R_m2c": [-0.8647741079330444, -0.4170297384262085, -0.2797355055809021, 0.4355141520500183, -0.345535546541214, -0.8312235474586487, 0.24998638033866882, -0.8406493663787842, 0.48043254017829895], "cam_t_m2c": [367.9454650878906, -174.56112670898438, 975.4612426757812], "obj_id": 1}, {"cam_R_m2c": [0.5917754173278809, -0.24783530831336975, -0.7670590281486511, -0.7948992252349854, -0.3375089764595032, -0.5042052268981934, -0.13392944633960724, 0.9081108570098877, -0.3967336118221283], "cam_t_m2c": [139.89059448242188, 15.742048263549805, 930.1130981445312], "obj_id": 1}, {"cam_R_m2c": [-0.15849588811397552, 0.9098657369613647, -0.3834364414215088, -0.02035471796989441, 0.3852517008781433, 0.9225870370864868, 0.9871498942375183, 0.1540309339761734, -0.0425407849252224], "cam_t_m2c": [186.6197509765625, -101.35428619384766, 656.4976196289062], "obj_id": 1}, {"cam_R_m2c": [-0.3528903126716614, -0.04465438798069954, -0.9345983862876892, 0.5568739771842957, -0.8127118349075317, -0.17143654823303223, -0.7519039511680603, -0.5809519290924072, 0.31166520714759827], "cam_t_m2c": [424.6585388183594, -208.26502990722656, 759.5398559570312], "obj_id": 1}, {"cam_R_m2c": [0.34065741300582886, -0.5399328470230103, -0.769691526889801, 0.8022257089614868, -0.25998976826667786, 0.5374375581741333, -0.49029216170310974, -0.8005483746528625, 0.34458062052726746], "cam_t_m2c": [464.3996276855469, -161.99681091308594, 772.3214111328125], "obj_id": 1}, {"cam_R_m2c": [0.1623755395412445, 0.9633647203445435, -0.21345378458499908, -0.7987383008003235, 0.00131345191039145, -0.6016770601272583, -0.5793541073799133, 0.2681913375854492, 0.769689679145813], "cam_t_m2c": [306.9247131347656, -169.14015197753906, 618.3132934570312], "obj_id": 1}, {"cam_R_m2c": [-0.13958340883255005, -0.5725008845329285, 0.8079350590705872, -0.43344491720199585, 0.7689269185066223, 0.46997538208961487, -0.8903043866157532, -0.2845945656299591, -0.3554770350456238], "cam_t_m2c": [365.0586242675781, -96.67150115966797, 740.83935546875], "obj_id": 1}, {"cam_R_m2c": [0.33851301670074463, 0.8119184970855713, -0.4756019711494446, -0.3434063792228699, 0.577178955078125, 0.7409024834632874, 0.876059889793396, -0.0874803438782692, 0.47420060634613037], "cam_t_m2c": [357.2687072753906, -11.418961524963379, 824.4544067382812], "obj_id": 1}, {"cam_R_m2c": [0.2626638412475586, 0.16265444457530975, 0.9510790109634399, -0.8569947481155396, -0.4135909378528595, 0.30741289258003235, 0.4433596730232239, -0.895815908908844, 0.030758565291762352], "cam_t_m2c": [201.67279052734375, 156.45779418945312, 836.9850463867188], "obj_id": 3}, {"cam_R_m2c": [0.5456725358963013, 0.10856073349714279, 0.8309367895126343, 0.8371911644935608, -0.1141357421875, -0.5348679423332214, 0.03677403926849365, 0.9875157475471497, -0.1531667709350586], "cam_t_m2c": [343.39508056640625, 9.474954605102539, 1033.2742919921875], "obj_id": 1}, {"cam_R_m2c": [-0.692560613155365, 0.707053542137146, -0.1429516226053238, 0.6715908050537109, 0.5596588253974915, -0.48553866147994995, -0.2632976770401001, -0.4322699010372162, -0.8624483942985535], "cam_t_m2c": [160.6709747314453, -179.67237854003906, 673.8856811523438], "obj_id": 1}, {"cam_R_m2c": [0.8219704627990723, -0.5551031231880188, 0.12737765908241272, 0.46188095211982727, 0.5188682675361633, -0.7193341851234436, 0.3332124650478363, 0.6501047611236572, 0.6828859448432922], "cam_t_m2c": [80.12158203125, -88.33250427246094, 972.3898315429688], "obj_id": 1}, {"cam_R_m2c": [-0.972483217716217, 0.07147245854139328, -0.22173796594142914, -0.13134557008743286, 0.6178956031799316, 0.7752118110656738, 0.1924172043800354, 0.783004879951477, -0.5915054082870483], "cam_t_m2c": [194.10421752929688, -174.12429809570312, 652.1085815429688], "obj_id": 1}, {"cam_R_m2c": [-0.2865392565727234, 0.2666310966014862, 0.9202191233634949, -0.3570064604282379, -0.9210338592529297, 0.15570195019245148, 0.8890678882598877, -0.2839094400405884, 0.3591012954711914], "cam_t_m2c": [250.87002563476562, 122.9230728149414, 920.2842407226562], "obj_id": 3}, {"cam_R_m2c": [-0.9689962863922119, -0.2441757768392563, 0.037737444043159485, 0.23778925836086273, -0.8801586627960205, 0.41082435846328735, -0.06709842383861542, 0.4070608913898468, 0.9109331369400024], "cam_t_m2c": [116.60806274414062, -121.3364028930664, 815.210205078125], "obj_id": 1}, {"cam_R_m2c": [-0.45197343826293945, 0.7386394739151001, 0.5001314282417297, 0.5816919803619385, 0.6691100001335144, -0.46252158284187317, -0.6762796640396118, 0.08187492936849594, -0.7320805788040161], "cam_t_m2c": [99.311279296875, -189.98538208007812, 1022.8580322265625], "obj_id": 1}, {"cam_R_m2c": [0.2832155227661133, -0.9556783437728882, 0.08042258024215698, 0.946286141872406, 0.29209890961647034, 0.13863883912563324, -0.155985489487648, 0.0368381105363369, 0.9870721697807312], "cam_t_m2c": [343.0898132324219, 164.19515991210938, 841.6475830078125], "obj_id": 1}, {"cam_R_m2c": [-0.26800233125686646, 0.44190534949302673, -0.8560925722122192, 0.8828529715538025, 0.4683724343776703, -0.034611109644174576, 0.3856753408908844, -0.7650797367095947, -0.5156623721122742], "cam_t_m2c": [438.3352355957031, -200.3931121826172, 975.0721435546875], "obj_id": 3}, {"cam_R_m2c": [-0.43760770559310913, -0.7149848341941833, 0.5452489256858826, 0.49427592754364014, 0.3152758777141571, 0.8101188540458679, -0.7511264681816101, 0.624017596244812, 0.2154325544834137], "cam_t_m2c": [265.6102294921875, -250.50535583496094, 862.516845703125], "obj_id": 1}, {"cam_R_m2c": [0.23502254486083984, 0.9717643857002258, 0.02093779481947422, 0.46902185678482056, -0.13224834203720093, 0.8732290267944336, 0.8513418436050415, -0.19540823996067047, -0.486860066652298], "cam_t_m2c": [459.0981750488281, 155.1409454345703, 835.2462768554688], "obj_id": 1}, {"cam_R_m2c": [0.19261185824871063, -0.4751304090023041, 0.8585753440856934, -0.05749770998954773, -0.8789201974868774, -0.4734902083873749, 0.9795889854431152, 0.041833680123090744, -0.1966092586517334], "cam_t_m2c": [350.80908203125, 38.0514030456543, 939.0361328125], "obj_id": 3}, {"cam_R_m2c": [-0.814984917640686, 0.026669854298233986, 0.5788678526878357, -0.2756986618041992, 0.8607937097549438, -0.4278135597705841, -0.5096955299377441, -0.5082547664642334, -0.6941810250282288], "cam_t_m2c": [126.10393524169922, -198.38247680664062, 719.953857421875], "obj_id": 1}, {"cam_R_m2c": [-0.9757375121116638, 0.1515394151210785, -0.15802490711212158, -0.04410570487380028, 0.5709182024002075, 0.8198213577270508, 0.2144545465707779, 0.8069003224372864, -0.5503824353218079], "cam_t_m2c": [155.62432861328125, -208.76284790039062, 843.5325927734375], "obj_id": 3}, {"cam_R_m2c": [-0.2679036855697632, -0.6612284183502197, -0.7007169723510742, 0.5485121011734009, 0.4932462275028229, -0.6751610636711121, 0.7920617461204529, -0.5652300715446472, 0.23054943978786469], "cam_t_m2c": [157.38119506835938, 113.75634002685547, 862.0156860351562], "obj_id": 3}, {"cam_R_m2c": [-0.6555437445640564, 0.3700963258743286, 0.658248245716095, 0.42076241970062256, 0.9028357863426208, -0.08858050405979156, -0.6270734071731567, 0.2188977599143982, -0.7475709915161133], "cam_t_m2c": [256.8331298828125, -15.075286865234375, 858.9744262695312], "obj_id": 3}, {"cam_R_m2c": [0.6611619591712952, 0.6816865801811218, -0.31331807374954224, 0.7357158064842224, -0.6708987355232239, 0.09282738715410233, -0.14692555367946625, -0.2918870151042938, -0.9451003074645996], "cam_t_m2c": [196.6919708251953, 154.3312225341797, 829.7761840820312], "obj_id": 3}, {"cam_R_m2c": [0.051866911351680756, 0.32223939895629883, 0.9452362060546875, 0.7158203721046448, -0.6719920635223389, 0.18980969488620758, 0.6963554620742798, 0.6667745113372803, -0.2655196189880371], "cam_t_m2c": [344.4703369140625, -74.16281127929688, 740.2070922851562], "obj_id": 1}, {"cam_R_m2c": [-0.24472346901893616, -0.8549370169639587, -0.45737606287002563, 0.5989763736724854, -0.5042475461959839, 0.6220622062683105, -0.7624548673629761, -0.1217241883277893, 0.6354885697364807], "cam_t_m2c": [422.4894714355469, 94.00177764892578, 931.7626342773438], "obj_id": 3}, {"cam_R_m2c": [-0.04353978857398033, 0.3024815022945404, 0.9521602988243103, 0.6038973927497864, -0.7512686252593994, 0.266277015209198, 0.7958719730377197, 0.5866007804870605, -0.14995773136615753], "cam_t_m2c": [239.52191162109375, -108.13866424560547, 986.2900390625], "obj_id": 3}, {"cam_R_m2c": [-0.5584761500358582, 0.5234431028366089, -0.6435149908065796, 0.8274809718132019, 0.29717639088630676, -0.47640460729599, -0.05813327431678772, -0.7985571026802063, -0.5991051197052002], "cam_t_m2c": [432.4811706542969, 5.064973831176758, 854.0181884765625], "obj_id": 3}, {"cam_R_m2c": [0.2146414965391159, -0.3455623388290405, 0.9135183691978455, 0.8655025362968445, 0.5007102489471436, -0.013952838256955147, -0.45258644223213196, 0.7936472296714783, 0.40655824542045593], "cam_t_m2c": [232.40174865722656, -114.0053482055664, 672.0347290039062], "obj_id": 1}, {"cam_R_m2c": [-0.7078779339790344, 0.08704597502946854, 0.700950562953949, 0.7012081742286682, -0.03274315595626831, 0.7122042775154114, 0.08494587987661362, 0.9956660270690918, -0.037859126925468445], "cam_t_m2c": [448.07232666015625, -100.9539794921875, 650.4802856445312], "obj_id": 3}, {"cam_R_m2c": [0.06811714917421341, 0.4045271575450897, -0.9119856357574463, -0.31017693877220154, 0.8773950934410095, 0.3660165071487427, 0.9482353925704956, 0.25794491171836853, 0.18524065613746643], "cam_t_m2c": [185.21495056152344, 34.87854766845703, 851.3497924804688], "obj_id": 3}, {"cam_R_m2c": [0.6129361391067505, -0.27757617831230164, 0.739770770072937, 0.3840195834636688, -0.7135912775993347, -0.5859320759773254, 0.690534770488739, 0.643225371837616, -0.3307911455631256], "cam_t_m2c": [267.1878356933594, -151.91358947753906, 945.549560546875], "obj_id": 1}, {"cam_R_m2c": [-0.6240268349647522, 0.7546189427375793, -0.2028317004442215, -0.033195119351148605, 0.23373860120773315, 0.9717326164245605, 0.7806974649429321, 0.6131203174591064, -0.12080944329500198], "cam_t_m2c": [409.9053649902344, -15.594700813293457, 745.1697387695312], "obj_id": 1}, {"cam_R_m2c": [0.5944115519523621, -0.7794754505157471, -0.1977190524339676, -0.31338730454444885, 0.0018958422588184476, -0.9496233463287354, 0.7405830025672913, 0.6264296770095825, -0.2431507706642151], "cam_t_m2c": [347.1509704589844, -111.8782730102539, 634.49169921875], "obj_id": 1}, {"cam_R_m2c": [-0.23566842079162598, 0.964716911315918, -0.11739573627710342, 0.9701662659645081, 0.2264682948589325, -0.086542509496212, -0.05690260976552963, -0.1342887133359909, -0.989307165145874], "cam_t_m2c": [150.12179565429688, 9.285887718200684, 1070.5440673828125], "obj_id": 1}, {"cam_R_m2c": [-0.3135029673576355, 0.4563804566860199, -0.832726240158081, 0.9227620959281921, 0.3533811867237091, -0.1537267416715622, 0.22411195933818817, -0.8166019320487976, -0.5319166779518127], "cam_t_m2c": [438.9838562011719, -150.8460693359375, 617.1673583984375], "obj_id": 1}, {"cam_R_m2c": [0.7403558492660522, -0.6142869591712952, -0.27299225330352783, -0.6460378170013428, -0.7624358534812927, -0.036424070596694946, -0.18576423823833466, 0.20333008468151093, -0.9613264203071594], "cam_t_m2c": [179.17721557617188, 60.44084167480469, 902.1920776367188], "obj_id": 3}, {"cam_R_m2c": [0.0032394465524703264, 0.3462969660758972, 0.9381192922592163, 0.8972504734992981, 0.41318681836128235, -0.15562187135219574, -0.441509872674942, 0.8422321677207947, -0.30937659740448], "cam_t_m2c": [184.19200134277344, -1.2919840812683105, 765.984619140625], "obj_id": 3}, {"cam_R_m2c": [-0.296514630317688, 0.327048659324646, -0.8972837924957275, 0.9346110224723816, -0.09386426210403442, -0.3430621325969696, -0.19642092287540436, -0.9403343200683594, -0.277831107378006], "cam_t_m2c": [213.1652374267578, -163.06631469726562, 878.75732421875], "obj_id": 3}, {"cam_R_m2c": [0.9912163019180298, -0.13199681043624878, -0.008187326602637768, 0.11882289499044418, 0.9160482883453369, -0.3830622434616089, 0.05806298181414604, 0.37872472405433655, 0.9236862659454346], "cam_t_m2c": [83.90190887451172, -148.65530395507812, 929.1538696289062], "obj_id": 1}, {"cam_R_m2c": [-0.9288614392280579, 0.29737958312034607, 0.22086511552333832, -0.3137323260307312, -0.31455400586128235, -0.8958948254585266, -0.19694682955741882, -0.9014548659324646, 0.38547492027282715], "cam_t_m2c": [311.99090576171875, -11.461615562438965, 816.68115234375], "obj_id": 3}, {"cam_R_m2c": [0.41242167353630066, 0.1579483151435852, 0.8971959948539734, -0.5900810360908508, -0.7040113806724548, 0.3951863646507263, 0.6940552592277527, -0.6924017667770386, -0.19714725017547607], "cam_t_m2c": [240.4785614013672, -212.982421875, 936.1285400390625], "obj_id": 1}, {"cam_R_m2c": [-0.9270113110542297, -0.33756503462791443, 0.1634014993906021, 0.07176221162080765, 0.26798680424690247, 0.9607462286949158, -0.3681037724018097, 0.9023485779762268, -0.2242024689912796], "cam_t_m2c": [225.96043395996094, -264.3302307128906, 843.71728515625], "obj_id": 1}, {"cam_R_m2c": [-0.5885908603668213, -0.5605106949806213, 0.5825704336166382, -0.1544678807258606, 0.7853161692619324, 0.599514901638031, -0.7935364842414856, 0.2628806531429291, -0.5488107800483704], "cam_t_m2c": [355.45611572265625, -37.196102142333984, 915.9349975585938], "obj_id": 3}, {"cam_R_m2c": [-0.5609058141708374, 0.8223350048065186, 0.09565337747335434, -0.3090934157371521, -0.10082945227622986, -0.9456714391708374, -0.7680140733718872, -0.5599985718727112, 0.3107343316078186], "cam_t_m2c": [179.3785400390625, 168.10911560058594, 763.67529296875], "obj_id": 3}, {"cam_R_m2c": [0.47266849875450134, -0.7479085326194763, -0.46606579422950745, -0.5098628997802734, 0.1992688775062561, -0.8368582129478455, 0.7187657952308655, 0.6331861615180969, -0.28714269399642944], "cam_t_m2c": [427.2032165527344, 178.9756622314453, 793.64404296875], "obj_id": 3}, {"cam_R_m2c": [0.02608301490545273, -0.9970178604125977, -0.07263097167015076, 0.8491650223731995, -0.016239948570728302, 0.5278779864311218, -0.5274832248687744, -0.07544437050819397, 0.846208930015564], "cam_t_m2c": [313.22686767578125, -279.2947692871094, 884.4237060546875], "obj_id": 1}, {"cam_R_m2c": [0.4698410630226135, -0.05950695648789406, -0.8807430267333984, -0.7116484642028809, 0.5648030638694763, -0.4177965223789215, 0.5223081111907959, 0.8230774402618408, 0.22301962971687317], "cam_t_m2c": [434.5965881347656, 50.415611267089844, 938.6591796875], "obj_id": 1}, {"cam_R_m2c": [-0.4762010872364044, 0.801539421081543, 0.3616175949573517, -0.6003618836402893, 0.004115917719900608, -0.799717903137207, -0.6424938440322876, -0.5979278683662415, 0.4792535901069641], "cam_t_m2c": [459.82574462890625, 50.85897445678711, 943.9741821289062], "obj_id": 3}, {"cam_R_m2c": [0.06368211656808853, -0.3921011984348297, 0.9177151918411255, 0.00454743392765522, -0.9194581508636475, -0.39316144585609436, 0.9979598522186279, 0.029210591688752174, -0.05676993355154991], "cam_t_m2c": [235.75323486328125, 26.207319259643555, 802.4365234375], "obj_id": 3}, {"cam_R_m2c": [-0.2322341352701187, 0.962062656879425, 0.14318665862083435, 0.4381050765514374, -0.027969464659690857, 0.8984883427619934, 0.8684070706367493, 0.2713906466960907, -0.4149889349937439], "cam_t_m2c": [83.8017807006836, 28.87831687927246, 1082.4456787109375], "obj_id": 3}, {"cam_R_m2c": [0.2500191032886505, 0.07440713047981262, -0.9653776288032532, 0.6991533041000366, -0.7036311626434326, 0.12683790922164917, -0.669832170009613, -0.7066588997840881, -0.22794319689273834], "cam_t_m2c": [149.0798797607422, 118.74787139892578, 909.318359375], "obj_id": 3}, {"cam_R_m2c": [0.912134051322937, -0.06138390675187111, 0.40526968240737915, -0.04192978888750076, 0.9695630073547363, 0.24122491478919983, -0.40774181485176086, -0.23702232539653778, 0.8817976117134094], "cam_t_m2c": [359.1963195800781, -233.50914001464844, 960.4205932617188], "obj_id": 3}, {"cam_R_m2c": [-0.27629899978637695, 0.9583815932273865, -0.07185720652341843, -0.8201819658279419, -0.19616179168224335, 0.5374215841293335, 0.5009593367576599, 0.2074250727891922, 0.8402467370033264], "cam_t_m2c": [229.08741760253906, -50.59092712402344, 948.2971801757812], "obj_id": 3}, {"cam_R_m2c": [-0.9723870754241943, -0.2215287834405899, 0.07340370863676071, -0.11313202977180481, 0.17235402762889862, -0.9785168170928955, 0.20411822199821472, -0.9598015546798706, -0.1926567405462265], "cam_t_m2c": [291.8266296386719, -277.4440002441406, 833.1307373046875], "obj_id": 3}, {"cam_R_m2c": [-0.27883800864219666, -0.6132393479347229, 0.7390445470809937, 0.5852817893028259, 0.50161212682724, 0.6370483040809631, -0.7613767981529236, 0.6101825833320618, 0.21904930472373962], "cam_t_m2c": [338.7266540527344, 16.23448371887207, 1050.116943359375], "obj_id": 1}, {"cam_R_m2c": [-0.41632625460624695, -0.07024342566728592, 0.9064977169036865, -0.6801002621650696, -0.6376468539237976, -0.3617594838142395, 0.6034367680549622, -0.7671194076538086, 0.21769669651985168], "cam_t_m2c": [440.365478515625, -254.58433532714844, 858.7911376953125], "obj_id": 3}, {"cam_R_m2c": [0.4980768859386444, 0.6352522373199463, -0.5902321338653564, -0.26621460914611816, 0.7598217725753784, 0.5931278467178345, 0.8252570033073425, -0.13829481601715088, 0.5475630760192871], "cam_t_m2c": [222.0354461669922, -117.65065002441406, 922.0131225585938], "obj_id": 1}, {"cam_R_m2c": [0.15786857903003693, -0.0865846499800682, 0.9836567044258118, -0.9821719527244568, -0.11672347784042358, 0.1473558396100998, 0.10205715149641037, -0.9893829226493835, -0.1034679263830185], "cam_t_m2c": [142.3267059326172, 95.74956512451172, 908.4462890625], "obj_id": 3}, {"cam_R_m2c": [0.30690693855285645, -0.38280776143074036, -0.8713589310646057, -0.0634596049785614, -0.9217369556427002, 0.3825884461402893, -0.9496214985847473, -0.06212295964360237, -0.3071803152561188], "cam_t_m2c": [137.4249267578125, -160.71438598632812, 757.90869140625], "obj_id": 3}, {"cam_R_m2c": [-0.5904611945152283, 0.7980256080627441, -0.12046033143997192, 0.3481336534023285, 0.38650354743003845, 0.8540596961975098, 0.7281198501586914, 0.46235281229019165, -0.5060349106788635], "cam_t_m2c": [175.13352966308594, -185.65846252441406, 757.140380859375], "obj_id": 1}, {"cam_R_m2c": [-0.9919456839561462, -0.12391118705272675, -0.026263481006026268, 0.12617063522338867, -0.9483269453048706, -0.29113051295280457, 0.011167963035404682, -0.29209935665130615, 0.9563227891921997], "cam_t_m2c": [324.8758850097656, -138.55731201171875, 608.2312622070312], "o