{
  "0": [{"cam_R_m2c": [0.838679313659668, -0.14116162061691284, 0.5260136127471924, 0.5446087121963501, 0.22495566308498383, -0.8079580068588257, -0.004277040716260672, 0.9640893340110779, 0.26554352045059204], "cam_t_m2c": [141.96151733398438, 176.19064331054688, 794.0868530273438], "obj_id": 3}, {"cam_R_m2c": [0.33262524008750916, -0.2590225338935852, 0.9067898392677307, -0.8742970824241638, -0.445129930973053, 0.19355599582195282, 0.353503942489624, -0.8571853041648865, -0.3745241165161133], "cam_t_m2c": [-112.76042938232422, 73.094482421875, 675.865478515625], "obj_id": 3}, {"cam_R_m2c": [0.6439531445503235, 0.09326881915330887, -0.7593584656715393, 0.44145315885543823, 0.7653444409370422, 0.4683662950992584, 0.6248547434806824, -0.6368271112442017, 0.45167213678359985], "cam_t_m2c": [-136.2357177734375, 279.0277404785156, 644.2660522460938], "obj_id": 3}, {"cam_R_m2c": [-0.4044329822063446, -0.24770916998386383, 0.8803830146789551, -0.8506187200546265, -0.25175175070762634, -0.4615939259529114, 0.33597898483276367, -0.935554027557373, -0.1088893786072731], "cam_t_m2c": [-83.9316635131836, 28.643909454345703, 702.748779296875], "obj_id": 3}, {"cam_R_m2c": [-0.5721198916435242, 0.29646390676498413, -0.7647140622138977, 0.428126722574234, -0.6873244643211365, -0.5867641568183899, -0.6995612382888794, -0.6630941033363342, 0.2663081884384155], "cam_t_m2c": [-16.96488380432129, -32.25636291503906, 816.7802124023438], "obj_id": 3}, {"cam_R_m2c": [-0.2513827383518219, 0.41959384083747864, -0.8722084164619446, 0.8150790333747864, -0.39420416951179504, -0.4245574176311493, -0.5219699740409851, -0.8176453113555908, -0.2429058849811554], "cam_t_m2c": [47.63282012939453, 206.88465881347656, 933.8175659179688], "obj_id": 3}, {"cam_R_m2c": [0.14806419610977173, 0.8948123455047607, 0.4211742579936981, 0.6561788320541382, -0.4075130224227905, 0.6351081132888794, 0.7399366497993469, 0.18232889473438263, -0.6474950313568115], "cam_t_m2c": [93.51255798339844, 312.728271484375, 901.1266479492188], "obj_id": 3}, {"cam_R_m2c": [-0.2120344638824463, 0.16631074249744415, -0.963006854057312, 0.20993298292160034, 0.9701591730117798, 0.12132299691438675, 0.9544472694396973, -0.1764422357082367, -0.24062129855155945], "cam_t_m2c": [162.12142944335938, 203.48675537109375, 820.0724487304688], "obj_id": 3}, {"cam_R_m2c": [-0.5482609868049622, 0.7975857853889465, 0.25152868032455444, -0.658058762550354, -0.5970398783683777, 0.4588048458099365, 0.5161089301109314, 0.08602415025234222, 0.8521921038627625], "cam_t_m2c": [-110.0188217163086, 19.723129272460938, 622.8610229492188], "obj_id": 3}, {"cam_R_m2c": [-0.418153315782547, -0.9081445336341858, 0.020530063658952713, -0.9025991559028625, 0.41284260153770447, -0.12196629494428635, 0.10228732973337173, -0.06953101605176926, -0.9923220276832581], "cam_t_m2c": [-106.03253173828125, 128.41555786132812, 718.7130126953125], "obj_id": 3}, {"cam_R_m2c": [-0.9611758589744568, 0.11591151356697083, -0.25040996074676514, 0.20823152363300323, -0.29075345396995544, -0.9338639378547668, -0.18105317652225494, -0.9497508406639099, 0.2553289830684662], "cam_t_m2c": [-130.5817108154297, 387.4077453613281, 836.9865112304688], "obj_id": 3}, {"cam_R_m2c": [0.28791308403015137, 0.9515687227249146, -0.1078101098537445, 0.8953024744987488, -0.22749748826026917, 0.38298600912094116, 0.33991095423698425, -0.20678932964801788, -0.9174413681030273], "cam_t_m2c": [23.705869674682617, 246.18923950195312, 894.3241577148438], "obj_id": 3}, {"cam_R_m2c": [0.6725704669952393, 0.7113931179046631, 0.20388437807559967, -0.4866877496242523, 0.21765786409378052, 0.8460261225700378, 0.5574800372123718, -0.6682402491569519, 0.49261653423309326], "cam_t_m2c": [199.94139099121094, 309.4919738769531, 896.6876831054688], "obj_id": 3}, {"cam_R_m2c": [-0.6290020942687988, 0.38129276037216187, -0.6774747371673584, 0.24175064265727997, 0.9241874814033508, 0.2956926226615906, 0.7388591170310974, 0.022211341187357903, -0.6734936237335205], "cam_t_m2c": [256.7130432128906, 267.3011169433594, 862.9711303710938], "obj_id": 3}, {"cam_R_m2c": [0.8089697360992432, -0.5035377144813538, 0.3033442497253418, 0.1908521205186844, 0.7130418419837952, 0.6746456623077393, -0.556006669998169, -0.48787400126457214, 0.6729305386543274], "cam_t_m2c": [-60.49343490600586, 333.1487731933594, 871.7622680664062], "obj_id": 3}, {"cam_R_m2c": [0.008029023185372353, -0.7484613060951233, 0.6631297469139099, -0.9371999502182007, -0.23688043653964996, -0.25601503252983093, 0.3486998677253723, -0.6194296479225159, -0.7033597826957703], "cam_t_m2c": [-93.89537048339844, 202.36611938476562, 958.2921752929688], "obj_id": 3}, {"cam_R_m2c": [0.578669548034668, 0.7810624241828918, 0.23469777405261993, -0.737943172454834, 0.3789193034172058, 0.5584443211555481, 0.3472483456134796, -0.4963483512401581, 0.7956487536430359], "cam_t_m2c": [-47.08448791503906, 194.44229125976562, 572.3797607421875], "obj_id": 3}, {"cam_R_m2c": [-0.8835170865058899, -0.4150034487247467, -0.21718564629554749, -0.4543088972568512, 0.6463807821273804, 0.6130214333534241, -0.11402138322591782, 0.6402842998504639, -0.7596282362937927], "cam_t_m2c": [119.80925750732422, 316.40673828125, 820.2305908203125], "obj_id": 3}, {"cam_R_m2c": [0.23259033262729645, -0.742280900478363, 0.6284272074699402, -0.2213655710220337, 0.5887844562530518, 0.7773867249488831, -0.9470475316047668, -0.31992480158805847, -0.027369868010282516], "cam_t_m2c": [-167.46116638183594, 151.28567504882812, 571.644287109375], "obj_id": 3}, {"cam_R_m2c": [-0.9683486819267273, -0.16065722703933716, -0.19102296233177185, 0.1476650834083557, 0.24827931821346283, -0.9573673605918884, 0.20123504102230072, -0.9552729725837708, -0.2166973501443863], "cam_t_m2c": [74.28461456298828, 285.4264831542969, 525.870849609375], "obj_id": 3}, {"cam_R_m2c": [-0.7385526299476624, 0.2392740696668625, -0.630307674407959, 0.3280203938484192, 0.9443161487579346, -0.025876231491565704, 0.5890182256698608, -0.2258647382259369, -0.7759140133857727], "cam_t_m2c": [-24.163646697998047, -72.70283508300781, 677.9784545898438], "obj_id": 3}, {"cam_R_m2c": [-0.7778829336166382, 0.5089556574821472, 0.3685946464538574, 0.2568933665752411, 0.7928521633148193, -0.5526221394538879, -0.5735012292861938, -0.3351858854293823, -0.7474935054779053], "cam_t_m2c": [1.1041672229766846, 350.31158447265625, 646.657958984375], "obj_id": 3}, {"cam_R_m2c": [-0.30694571137428284, 0.7070024013519287, 0.637127697467804, -0.9439187049865723, -0.1405709981918335, -0.29875922203063965, -0.12166177481412888, -0.6930997371673584, 0.7105005979537964], "cam_t_m2c": [112.89478302001953, 344.6154479980469, 908.0653686523438], "obj_id": 3}, {"cam_R_m2c": [-0.6128693222999573, -0.7747599482536316, 0.15536482632160187, -0.17089343070983887, 0.3219234049320221, 0.9312146306037903, -0.7714833617210388, 0.5441620945930481, -0.3296983540058136], "cam_t_m2c": [103.63557434082031, 260.8985900878906, 946.5525512695312], "obj_id": 3}, {"cam_R_m2c": [-0.5519847273826599, -0.3524715006351471, 0.755696177482605, 0.48426276445388794, 0.6022717952728271, 0.634632408618927, -0.6788243055343628, 0.7162628769874573, -0.1617560088634491], "cam_t_m2c": [136.2460479736328, 312.28369140625, 857.81640625], "obj_id": 3}, {"cam_R_m2c": [-0.5706396698951721, 0.24730701744556427, 0.7830769419670105, 0.21346643567085266, 0.9654667377471924, -0.14935219287872314, -0.7929705381393433, 0.081934355199337, -0.6037253737449646], "cam_t_m2c": [94.7819595336914, 21.290071487426758, 634.508056640625], "obj_id": 3}, {"cam_R_m2c": [-0.7322520613670349, 0.19897709786891937, 0.651317834854126, -0.6445411443710327, 0.1063808873295784, -0.7571325898170471, -0.21993978321552277, -0.9742130637168884, 0.05035138130187988], "cam_t_m2c": [60.78804016113281, 325.8139343261719, 689.4877319335938], "obj_id": 3}, {"cam_R_m2c": [-0.942989706993103, 0.3093593418598175, -0.12274859100580215, 0.2881148159503937, 0.5741420984268188, -0.7663881182670593, -0.16661418974399567, -0.7580617666244507, -0.6305411458015442], "cam_t_m2c": [-138.241455078125, 288.3509216308594, 540.409423828125], "obj_id": 3}, {"cam_R_m2c": [0.3836556673049927, 0.39519381523132324, 0.8346437811851501, -0.9163987040519714, 0.2746061086654663, 0.291212797164917, -0.11411280184984207, -0.8765919208526611, 0.46750926971435547], "cam_t_m2c": [-127.4900131225586, 444.8180236816406, 851.74462890625], "obj_id": 1}, {"cam_R_m2c": [0.07106661051511765, -0.16623249650001526, -0.9835224151611328, 0.9972052574157715, 0.0346243716776371, 0.06620319187641144, 0.02304874174296856, -0.9854785203933716, 0.16822853684425354], "cam_t_m2c": [8.6453857421875, 34.57512664794922, 772.9631958007812], "obj_id": 1}, {"cam_R_m2c": [-0.4369308650493622, -0.02929687686264515, 0.8990179896354675, 0.44837215542793274, -0.8735404014587402, 0.18944627046585083, 0.7797781825065613, 0.48586949706077576, 0.3948124647140503], "cam_t_m2c": [172.25035095214844, 250.62054443359375, 787.6730346679688], "obj_id": 1}, {"cam_R_m2c": [-0.04118291661143303, -0.9614242911338806, 0.27196913957595825, -0.3364820182323456, 0.26964566111564636, 0.9022588729858398, -0.9407889246940613, -0.05435505136847496, -0.33460676670074463], "cam_t_m2c": [33.66853332519531, -28.757705688476562, 676.2696533203125], "obj_id": 1}, {"cam_R_m2c": [0.764244556427002, -0.012913187965750694, 0.6447972059249878, 0.443464457988739, 0.7364472150802612, -0.5108667016029358, -0.4682621955871582, 0.6763717532157898, 0.5685523152351379], "cam_t_m2c": [-71.67472076416016, 461.2934265136719, 853.3058471679688], "obj_id": 1}, {"cam_R_m2c": [0.0346757248044014, -0.3025350868701935, -0.9525072574615479, 0.45517194271087646, -0.8437119126319885, 0.28454992175102234, -0.8897280693054199, -0.44342154264450073, 0.10844919085502625], "cam_t_m2c": [3.119968891143799, 437.1099548339844, 589.7056884765625], "obj_id": 1}, {"cam_R_m2c": [0.5411084890365601, 0.8306411504745483, 0.13128919899463654, -0.724810779094696, 0.3814917802810669, 0.5736839771270752, 0.4264397919178009, -0.40558508038520813, 0.8084861040115356], "cam_t_m2c": [37.79733657836914, 473.94635009765625, 845.4540405273438], "obj_id": 1}, {"cam_R_m2c": [0.005647134035825729, 0.6622259020805359, -0.749282956123352, -0.9315677881240845, 0.2758747339248657, 0.2368006557226181, 0.3635237514972687, 0.696670651435852, 0.6184662580490112], "cam_t_m2c": [-120.44010162353516, 121.22296905517578, 727.7913818359375], "obj_id": 1}, {"cam_R_m2c": [-0.5875953435897827, -0.11308042705059052, -0.8012142181396484, -0.7808626890182495, -0.1803024858236313, 0.5981172323226929, -0.21209636330604553, 0.9770893454551697, 0.01764475740492344], "cam_t_m2c": [-101.1340103149414, 211.6255645751953, 637.71240234375], "obj_id": 1}, {"cam_R_m2c": [-0.9360260963439941, -0.10903622210025787, 0.33461320400238037, 0.2824787497520447, 0.33432209491729736, 0.8991298079490662, -0.20990629494190216, 0.9361302256584167, -0.28213369846343994], "cam_t_m2c": [-107.8721923828125, 456.4098205566406, 821.4454956054688], "obj_id": 1}, {"cam_R_m2c": [-0.552898108959198, -0.7438026070594788, 0.3755812644958496, -0.24588803946971893, -0.2850271761417389, -0.9264439940452576, 0.7961423397064209, -0.6045801639556885, -0.025301111862063408], "cam_t_m2c": [152.85498046875, 136.54689025878906, 762.7384643554688], "obj_id": 1}, {"cam_R_m2c": [0.18172240257263184, 0.90503990650177, 0.3845512568950653, 0.9821186065673828, -0.18660472333431244, -0.024933388456702232, 0.04919338598847389, 0.38220590353012085, -0.9227668046951294], "cam_t_m2c": [-67.71897888183594, 159.38702392578125, 904.530517578125], "obj_id": 1}, {"cam_R_m2c": [0.788908839225769, -0.614144504070282, -0.021197551861405373, 0.6039627194404602, 0.7685428261756897, 0.21111829578876495, -0.11336591094732285, -0.17935562133789062, 0.9772306680679321], "cam_t_m2c": [4.373832702636719, 538.86279296875, 804.5712280273438], "obj_id": 1}, {"cam_R_m2c": [0.42536887526512146, 0.1991441696882248, -0.8828379511833191, 0.5038023591041565, 0.7582641839981079, 0.4137856662273407, 0.7518273591995239, -0.6207873821258545, 0.22221268713474274], "cam_t_m2c": [-151.2303924560547, 208.8609161376953, 543.66943359375], "obj_id": 1}, {"cam_R_m2c": [-0.827124834060669, 0.14241188764572144, -0.5436757802963257, 0.5423170328140259, -0.05164312943816185, -0.8385852575302124, -0.1475016325712204, -0.9884593486785889, -0.0345170721411705], "cam_t_m2c": [57.368167877197266, 200.9376983642578, 966.945556640625], "obj_id": 1}, {"cam_R_m2c": [-0.26513829827308655, -0.07965356856584549, -0.9609145522117615, 0.4576767086982727, 0.8667615056037903, -0.19813241064548492, 0.848665714263916, -0.4923207759857178, -0.19335606694221497], "cam_t_m2c": [1.772886037826538, 111.18958282470703, 875.3756713867188], "obj_id": 1}, {"cam_R_m2c": [-0.2509446442127228, 0.8999320268630981, 0.3565797507762909, 0.9624202847480774, 0.27145272493362427, -0.007781703025102615, -0.1037975549697876, 0.34122684597969055, -0.9342324733734131], "cam_t_m2c": [136.90440368652344, 297.671630859375, 810.130615234375], "obj_id": 1}, {"cam_R_m2c": [0.5186695456504822, 0.8548640608787537, 0.013755719177424908, -0.6735392212867737, 0.3986390233039856, 0.6224402189254761, 0.526618242263794, -0.3321057856082916, 0.7825464606285095], "cam_t_m2c": [-7.954643249511719, 290.31488037109375, 928.593505859375], "obj_id": 1}, {"cam_R_m2c": [-0.6237562298774719, -0.5863932371139526, -0.5167889595031738, 0.14295931160449982, -0.7356150150299072, 0.6621425747871399, -0.7684338092803955, 0.3391358554363251, 0.5426751375198364], "cam_t_m2c": [52.086944580078125, 170.09954833984375, 883.7224731445312], "obj_id": 1}, {"cam_R_m2c": [0.7782328724861145, -0.19284504652023315, 0.5976322889328003, -0.5676457285881042, -0.6230443120002747, 0.5381395220756531, 0.2685738801956177, -0.7580413222312927, -0.5943412184715271], "cam_t_m2c": [-141.71304321289062, 44.90020751953125, 613.2708740234375], "obj_id": 1}, {"cam_R_m2c": [-0.11483059078454971, 0.6814076900482178, -0.7228398323059082, -0.3793778419494629, -0.7025800943374634, -0.6020411252975464, -0.9180883765220642, 0.20509666204452515, 0.33918875455856323], "cam_t_m2c": [-96.18854522705078, 308.08551025390625, 635.5614624023438], "obj_id": 1}, {"cam_R_m2c": [-0.41534748673439026, 0.005320970434695482, 0.9096472263336182, 0.13116030395030975, -0.9891834259033203, 0.06567437946796417, 0.9001574516296387, 0.1465873122215271, 0.4101569652557373], "cam_t_m2c": [60.25946044921875, 244.60818481445312, 708.6760864257812], "obj_id": 1}, {"cam_R_m2c": [-0.8838149905204773, 0.23517440259456635, 0.40443018078804016, 0.4141974151134491, -0.008575905114412308, 0.9101465940475464, 0.21751157939434052, 0.9719153046607971, -0.0898289829492569], "cam_t_m2c": [-197.33375549316406, 186.64610290527344, 683.0821533203125], "obj_id": 1}, {"cam_R_m2c": [-0.658926248550415, 0.5935096740722656, 0.46212828159332275, -0.030774449929594994, 0.5925777554512024, -0.8049252033233643, -0.7515777945518494, -0.5446080565452576, -0.3722001016139984], "cam_t_m2c": [-54.75465774536133, 55.695247650146484, 677.5584716796875], "obj_id": 1}, {"cam_R_m2c": [-0.7125019431114197, 0.663972020149231, 0.2268962264060974, -0.6410756707191467, -0.7474521994590759, 0.17417502403259277, 0.2852414548397064, -0.021357597783207893, 0.9582176804542542], "cam_t_m2c": [-242.28065490722656, 184.89524841308594, 715.25146484375], "obj_id": 1}, {"cam_R_m2c": [-0.08101503551006317, 0.7225777506828308, 0.6865260601043701, 0.6034914255142212, 0.5837416052818298, -0.543179452419281, -0.7932432293891907, 0.3703068792819977, -0.48336130380630493], "cam_t_m2c": [-190.17283630371094, 220.7587890625, 685.3642578125], "obj_id": 1}, {"cam_R_m2c": [-0.41439172625541687, 0.6063525676727295, -0.678686797618866, 0.15850000083446503, -0.6862497925758362, -0.7098863124847412, -0.8961902260780334, -0.40174299478530884, 0.18826961517333984], "cam_t_m2c": [55.015220642089844, 250.794921875, 885.1051635742188], "obj_id": 1}, {"cam_R_m2c": [0.5608659982681274, -0.8128182291984558, 0.15733946859836578, -0.5488042235374451, -0.5073032975196838, -0.6644222736358643, 0.6198734641075134, 0.2863032817840576, -0.730607271194458], "cam_t_m2c": [81.63591003417969, 369.95159912109375, 679.1351318359375], "obj_id": 1}, {"cam_R_m2c": [0.16468515992164612, -0.9786645770072937, 0.12285955250263214, 0.5022242665290833, 0.19040507078170776, 0.8435145020484924, -0.8489108085632324, -0.07721125334501266, 0.5228660106658936], "cam_t_m2c": [146.5691680908203, 268.33831787109375, 639.610107421875], "obj_id": 1}, {"cam_R_m2c": [-0.6866046786308289, -0.5688842535018921, -0.4527079463005066, -0.16385723650455475, -0.48557454347610474, 0.8587012887001038, -0.7083251476287842, 0.66376793384552, 0.24018214643001556], "cam_t_m2c": [-82.21683502197266, 269.1651611328125, 685.3938598632812], "obj_id": 1}, {"cam_R_m2c": [0.3399990499019623, 0.2657191753387451, -0.9021053314208984, 0.9086251854896545, 0.15452446043491364, 0.38797226548194885, 0.2424890100955963, -0.9515858292579651, -0.18890097737312317], "cam_t_m2c": [-4.620604991912842, 157.2718505859375, 585.5944213867188], "obj_id": 1}, {"cam_R_m2c": [-0.4461818039417267, -0.8842368721961975, -0.13801026344299316, -0.6406123042106628, 0.42324715852737427, -0.6406853199005127, 0.6249300241470337, -0.19745106995105743, -0.7552981972694397], "cam_t_m2c": [27.287803649902344, 126.76342010498047, 908.6820678710938], "obj_id": 1}, {"cam_R_m2c": [-0.12127962708473206, 0.27694830298423767, -0.9532002210617065, -0.8446418046951294, 0.47563686966896057, 0.2456616312265396, 0.52141273021698, 0.8349066376686096, 0.17623713612556458], "cam_t_m2c": [-105.44233703613281, 153.24688720703125, 918.9952392578125], "obj_id": 1}, {"cam_R_m2c": [-0.8007425665855408, 0.38203880190849304, -0.46136507391929626, 0.2925064265727997, 0.9215244650840759, 0.25540676712989807, 0.522734522819519, 0.06956283003091812, -0.8496526479721069], "cam_t_m2c": [124.68451690673828, 281.6064453125, 809.7174072265625], "obj_id": 1}, {"cam_R_m2c": [0.542926013469696, 0.8330609202384949, 0.10602263361215591, 0.7144358158111572, -0.39183828234672546, -0.5796931385993958, -0.4413760006427765, 0.39047685265541077, -0.80790776014328], "cam_t_m2c": [70.88580322265625, 107.20307159423828, 639.0527954101562], "obj_id": 1}, {"cam_R_m2c": [-0.1750035285949707, 0.6881740093231201, 0.7041235566139221, 0.6194977164268494, -0.4788835942745209, 0.6220069527626038, 0.7652424573898315, 0.5450565218925476, -0.3425157368183136], "cam_t_m2c": [-152.39706420898438, 260.65191650390625, 582.0413818359375], "obj_id": 1}, {"cam_R_m2c": [-0.3453789949417114, 0.18192261457443237, 0.9206613302230835, 0.6445276141166687, 0.7590498328208923, 0.0918014645576477, -0.6821269989013672, 0.6250979900360107, -0.37941399216651917], "cam_t_m2c": [39.80933380126953, 277.6164855957031, 915.6544189453125], "obj_id": 1}, {"cam_R_m2c": [-0.2864471673965454, -0.6000363230705261, -0.7469296455383301, -0.888180673122406, -0.12603957951068878, 0.4418695271015167, -0.35928067564964294, 0.7899810075759888, -0.49683678150177], "cam_t_m2c": [-232.13150024414062, 260.6363220214844, 713.0534057617188], "obj_id": 1}, {"cam_R_m2c": [-0.5505850911140442, 0.802268385887146, 0.23069705069065094, 0.5842722058296204, 0.5677358508110046, -0.5799154043197632, -0.5962228178977966, -0.1845029890537262, -0.7813300490379333], "cam_t_m2c": [-132.40847778320312, 11.751113891601562, 656.1948852539062], "obj_id": 1}, {"cam_R_m2c": [-0.5459717512130737, 0.69302898645401, 0.47077110409736633, -0.17250284552574158, 0.4568818211555481, -0.8726406097412109, -0.8198520541191101, -0.557646632194519, -0.12989503145217896], "cam_t_m2c": [-107.6811752319336, 252.00003051757812, 569.0549926757812], "obj_id": 1}, {"cam_R_m2c": [0.8590542078018188, -0.3337307870388031, 0.388136088848114, 0.4321656823158264, 0.8792163133621216, -0.20052802562713623, -0.2743331789970398, 0.3400035500526428, 0.8995214700698853], "cam_t_m2c": [63.885921478271484, 338.5975036621094, 785.3624267578125], "obj_id": 1}, {"cam_R_m2c": [-0.89986252784729, -0.11573471128940582, -0.42053866386413574, 0.30522507429122925, -0.8558393120765686, -0.41758421063423157, -0.31158456206321716, -0.5041273832321167, 0.8054630160331726], "cam_t_m2c": [-20.279895782470703, 210.44139099121094, 719.2351684570312], "obj_id": 1}, {"cam_R_m2c": [-0.5587291121482849, -0.3530142605304718, -0.7504682540893555, 0.7973412275314331, 0.02032344602048397, -0.6031864285469055, 0.2281854748725891, -0.9353971481323242, 0.2701175808906555], "cam_t_m2c": [-25.59166717529297, 66.44570922851562, 727.619140625], "obj_id": 1}, {"cam_R_m2c": [-0.9846840500831604, -0.011967885307967663, -0.17393772304058075, -0.07866554707288742, -0.8598228096961975, 0.5044963955879211, -0.1555933654308319, 0.5104524493217468, 0.8457121253013611], "cam_t_m2c": [47.71745300292969, 326.29547119140625, 837.3140869140625], "obj_id": 1}, {"cam_R_m2c": [0.6976236701011658, -0.33922865986824036, -0.631066620349884, 0.13916215300559998, -0.7998745441436768, 0.5838103294372559, -0.7028193473815918, -0.4951004683971405, -0.5108036398887634], "cam_t_m2c": [-5.774573802947998, 437.05810546875, 790.1035766601562], "obj_id": 1}, {"cam_R_m2c": [-0.402615487575531, -0.5378389358520508, 0.7406955361366272, -0.8359276652336121, 0.5457565188407898, -0.05809188261628151, -0.3729953169822693, -0.6425566077232361, -0.669324517250061], "cam_t_m2c": [-64.81454467773438, 86.72515106201172, 664.81494140625], "obj_id": 1}, {"cam_R_m2c": [0.6169442534446716, 0.7052415013313293, -0.3493053615093231, 0.7553598880767822, -0.40601930022239685, 0.5143730640411377, 0.2209325134754181, -0.5811907649040222, -0.7832024097442627], "cam_t_m2c": [-188.83090209960938, 244.65066528320312, 699.1929931640625], "obj_id": 1}, {"cam_R_m2c": [-0.601395308971405, -0.4762612581253052, 0.6414816379547119, -0.508756697177887, 0.8473591208457947, 0.1521483212709427, -0.6160276532173157, -0.23485679924488068, -0.7518988847732544], "cam_t_m2c": [65.14173126220703, 360.5070495605469, 810.3470458984375], "obj_id": 1}, {"cam_R_m2c": [-0.48938876390457153, -0.6360428929328918, 0.5966137051582336, 0.8659350275993347, -0.43540653586387634, 0.24612513184547424, 0.10322340577840805, 0.637079656124115, 0.76385498046875], "cam_t_m2c": [160.04254150390625, 113.6154556274414, 666.1289672851562], "obj_id": 1}, {"cam_R_m2c": [0.8891831636428833, 0.1286213994026184, 0.43910112977027893, -0.33967068791389465, -0.45741820335388184, 0.8218226432800293, 0.3065567910671234, -0.8799006938934326, -0.36303964257240295], "cam_t_m2c": [-109.90901184082031, 39.81180953979492, 646.4017333984375], "obj_id": 1}, {"cam_R_m2c": [0.30167266726493835, 0.7976076006889343, 0.5223177075386047, -0.5614917874336243, -0.29412606358528137, 0.7734447717666626, 0.7705326676368713, -0.5266042351722717, 0.35912030935287476], "cam_t_m2c": [-132.07733154296875, 26.727678298950195, 703.1541748046875], "obj_id": 1}, {"cam_R_m2c": [-0.019054140895605087, -0.8654010891914368, -0.5007171630859375, -0.5855629444122314, -0.396270751953125, 0.7071670293807983, -0.8104028105735779, 0.3066760003566742, -0.4991961121559143], "cam_t_m2c": [74.01093292236328, 5.581436634063721, 627.999267578125], "obj_id": 1}, {"cam_R_m2c": [0.5051212310791016, 0.8329505920410156, -0.22593319416046143, -0.6224567890167236, 0.17026673257350922, -0.763908863067627, -0.5978294610977173, 0.5265002250671387, 0.6044811010360718], "cam_t_m2c": [-19.8743896484375, 67.34648132324219, 732.9495849609375], "obj_id": 1}, {"cam_R_m2c": [-0.8866655826568604, -0.35756075382232666, 0.29321351647377014, 0.4541020691394806, -0.553632378578186, 0.6980560421943665, -0.08726493269205093, 0.7520912289619446, 0.6532561182975769], "cam_t_m2c": [-38.01224136352539, 140.78390502929688, 825.6755981445312], "obj_id": 1}, {"cam_R_m2c": [-0.7308526635169983, 0.2941177189350128, -0.6159129738807678, 0.14397424459457397, -0.8156520128250122, -0.5603416562080383, -0.6671772003173828, -0.498202919960022, 0.5537764430046082], "cam_t_m2c": [120.89891815185547, 255.20545959472656, 944.8611450195312], "obj_id": 3}, {"cam_R_m2c": [-0.1565830409526825, -0.714112401008606, -0.6822938919067383, -0.2790648937225342, 0.694655179977417, -0.6630059480667114, 0.9474198222160339, 0.08658873289823532, -0.3080548942089081], "cam_t_m2c": [-147.93333435058594, 312.67449951171875, 876.716796875], "obj_id": 1}, {"cam_R_m2c": [0.8769727349281311, -0.07744566351175308, 0.47425833344459534, 0.2581319808959961, -0.7565256357192993, -0.6008630394935608, 0.40532293915748596, 0.6493617296218872, -0.6434611082077026], "cam_t_m2c": [143.74008178710938, 140.15481567382812, 587.7752075195312], "obj_id": 1}, {"cam_R_m2c": [-0.6563866138458252, 0.17454586923122406, -0.7339551448822021, -0.23775899410247803, 0.8754308819770813, 0.42082226276397705, 0.715979814529419, 0.45072659850120544, -0.5331212878227234], "cam_t_m2c": [50.31005096435547, 426.55010986328125, 702.5986328125], "obj_id": 1}, {"cam_R_m2c": [0.5517144799232483, -0.3321673274040222, 0.7650333046913147, 0.7545901536941528, 0.5895073413848877, -0.2882269322872162, -0.3552531599998474, 0.7363055944442749, 0.5758899450302124], "cam_t_m2c": [134.29296875, 102.4705581665039, 598.4274291992188], "obj_id": 1}, {"cam_R_m2c": [-0.44261085987091064, -0.3128904700279236, -0.8403540849685669, 0.8560419082641602, -0.4264724850654602, -0.29208439588546753, -0.2669975459575653, -0.8486581444740295, 0.4566088616847992], "cam_t_m2c": [23.898448944091797, 287.66717529296875, 940.3224487304688], "obj_id": 3}, {"cam_R_m2c": [0.8229605555534363, -0.34619638323783875, -0.4504263699054718, 0.566081702709198, 0.43297892808914185, 0.7014846205711365, -0.04782634973526001, -0.8322722911834717, 0.5523000359535217], "cam_t_m2c": [108.59200286865234, 280.0969543457031, 654.8425903320312], "obj_id": 1}, {"cam_R_m2c": [0.9234691262245178, -0.3777884244918823, -0.06693805754184723, -0.21765242516994476, -0.3721603453159332, -0.9022881984710693, 0.3159623444080353, 0.8478045463562012, -0.42590516805648804], "cam_t_m2c": [-26.360872268676758, 449.49237060546875, 619.869384765625], "obj_id": 1}, {"cam_R_m2c": [0.18628963828086853, 0.7673338055610657, -0.6135917901992798, -0.259575754404068, 0.6407728791236877, 0.7225167751312256, 0.9475845694541931, 0.024676227942109108, 0.31855064630508423], "cam_t_m2c": [17.290740966796875, 170.3728485107422, 991.2142944335938], "obj_id": 1}, {"cam_R_m2c": [0.24013477563858032, 0.2891342341899872, 0.9266805052757263, 0.5048408508300781, -0.8525611162185669, 0.1351865530014038, 0.8291387557983398, 0.43536314368247986, -0.3506963551044464], "cam_t_m2c": [-248.11935424804688, 199.08145141601562, 693.6714477539062], "obj_id": 3}, {"cam_R_m2c": [0.9308071732521057, 0.24286240339279175, -0.2731590270996094, -0.288492888212204, 0.9470340013504028, -0.14106175303459167, 0.22443228960037231, 0.21010573208332062, 0.9515701532363892], "cam_t_m2c": [-69.58894348144531, 217.9388885498047, 580.5996704101562], "obj_id": 1}, {"cam_R_m2c": [-0.5399350523948669, -0.632500946521759, 0.5553492307662964, 0.5337411165237427, -0.7674567699432373, -0.3551487624645233, 0.6508384346961975, 0.10465548932552338, 0.751968502998352], "cam_t_m2c": [-66.35821533203125, 92.1916732788086, 1012.9271850585938], "obj_id": 1}, {"cam_R_m2c": [-0.7527939081192017, 0.04426279664039612, -0.6567662954330444, 0.6380902528762817, 0.2941391170024872, -0.7115637063980103, 0.16168484091758728, -0.95473712682724, -0.24966974556446075], "cam_t_m2c": [-87.1854476928711, 235.96279907226562, 890.0260009765625], "obj_id": 3}, {"cam_R_m2c": [0.8170294165611267, 0.5602186322212219, -0.1364474594593048, 0.10396332293748856, -0.37589511275291443, -0.9208117127418518, -0.5671458840370178, 0.7381447553634644, -0.3653595745563507], "cam_t_m2c": [135.1312255859375, 196.88128662109375, 568.408203125], "obj_id": 1}, {"cam_R_m2c": [0.5682367086410522, -0.4199149012565613, 0.7076570391654968, 0.7774003148078918, 0.5558569431304932, -0.29440075159072876, -0.2697327733039856, 0.7174221277236938, 0.6423003077507019], "cam_t_m2c": [35.36724090576172, 273.9713134765625, 587.25244140625], "obj_id": 3}, {"cam_R_m2c": [-0.11182553321123123, 0.9809687733650208, 0.15873019397258759, 0.8067076802253723, -0.003659033915027976, 0.5909393429756165, 0.5802738666534424, 0.19413098692893982, -0.7909458875656128], "cam_t_m2c": [124.5826416015625, 300.6863098144531, 896.5913696289062], "obj_id": 3}, {"cam_R_m2c": [0.9914665222167969, -0.1181761845946312, -0.05503164604306221, -0.0583195835351944, -0.024544114246964455, -0.9979960918426514, 0.11658867448568344, 0.9926891326904297, -0.03122665360569954], "cam_t_m2c": [13.209115982055664, 230.51441955566406, 800.8339233398438], "obj_id": 3}, {"cam_R_m2c": [-0.16147586703300476, -0.5321252346038818, 0.8311245441436768, -0.49858349561691284, -0.6828056573867798, -0.53403240442276, 0.8516688346862793, -0.5006184577941895, -0.155052050948143], "cam_t_m2c": [128.23565673828125, 252.63839721679688, 940.2858276367188], "obj_id": 3}, {"cam_R_m2c": [-0.23442739248275757, -0.8514866232872009, -0.4690566956996918, 0.5385491847991943, 0.2879432737827301, -0.7918670177459717, 0.8093258738517761, -0.4382455050945282, 0.39106571674346924], "cam_t_m2c": [2.6347713470458984, 80.71652221679688, 748.616943359375], "obj_id": 1}, {"cam_R_m2c": [0.8299067616462708, 0.5388317704200745, 0.14462053775787354, -0.41402101516723633, 0.42107173800468445, 0.8070223927497864, 0.3739537000656128, -0.7296292781829834, 0.5725379586219788], "cam_t_m2c": [-117.45001220703125, 187.64297485351562, 961.2327270507812], "obj_id": 3}, {"cam_R_m2c": [-0.2604362368583679, -0.8134437203407288, -0.5200790166854858, 0.6711273789405823, 0.2347237914800644, -0.7032017707824707, 0.6940900087356567, -0.5321785807609558, 0.4847938120365143], "cam_t_m2c": [-80.71119689941406, 336.4618225097656, 729.251953125], "obj_id": 3}, {"cam_R_m2c": [0.7038413882255554, 0.19593413174152374, 0.6828008890151978, 0.33992597460746765, -0.9369098544120789, -0.08154843002557755, 0.623744785785675, 0.2894989252090454, -0.7260390520095825], "cam_t_m2c": [-105.64136505126953, 117.23343658447266, 866.5941772460938], "obj_id": 3}, {"cam_R_m2c": [0.3907409608364105, -0.0711776614189148, -0.9177446365356445, -0.45043474435806274, 0.8546990156173706, -0.2580660879611969, 0.8027639985084534, 0.5142210721969604, 0.3019050359725952], "cam_t_m2c": [113.21367645263672, 96.42333984375, 669.1177978515625], "obj_id": 1}, {"cam_R_m2c": [0.6863003969192505, -0.67768394947052, -0.2640761137008667, 0.5396628975868225, 0.7178910374641418, -0.439768522977829, 0.48760196566581726, 0.1593012511730194, 0.8584098219871521], "cam_t_m2c": [-27.019081115722656, -55.17789840698242, 736.197998046875], "obj_id": 3}, {"cam_R_m2c": [-0.7225925922393799, -0.17501050233840942, 0.6687532067298889, 0.6813372373580933, -0.016869978979229927, 0.7317750453948975, -0.1167864054441452, 0.9844219088554382, 0.13143153488636017], "cam_t_m2c": [85.86119842529297, 271.6318359375, 827.5497436523438], "obj_id": 3}, {"cam_R_m2c": [-0.7450623512268066, -0.4125116169452667, -0.5241336226463318, 0.1679580956697464, 0.6444576978683472, -0.7459653615951538, 0.6455013751983643, -0.6438232660293579, -0.41087648272514343], "cam_t_m2c": [-90.00428771972656, 285.5999755859375, 688.4072265625], "obj_id": 1}, {"cam_R_m2c": [-0.028438609093427658, -0.8489217758178711, 0.5277527570724487, 0.9971820116043091, 0.012572686187922955, 0.07395832240581512, -0.06942006945610046, 0.5283688306808472, 0.8461720943450928], "cam_t_m2c": [-29.666893005371094, 45.93968963623047, 822.6673583984375], "obj_id": 1}, {"cam_R_m2c": [-0.9818221926689148, 0.18964675068855286, -0.007690183352679014, 0.18940331041812897, 0.9763255715370178, -0.10447364300489426, -0.012304965406656265, -0.10403110086917877, -0.9944978356361389], "cam_t_m2c": [52.895713806152344, -4.706602573394775, 695.8736572265625], "obj_id": 1}, {"cam_R_m2c": [0.5124704241752625, -0.5513004064559937, 0.6583630442619324, 0.1441803276538849, -0.700565755367279, -0.6988701820373535, 0.846514105796814, 0.45307329297065735, -0.2795325219631195], "cam_t_m2c": [-29.525362014770508, 462.96905517578125, 830.5193481445312], "obj_id": 1}, {"cam_R_m2c": [0.38391202688217163, 0.2735515534877777, 0.8819189667701721, 0.40949100255966187, -0.906490683555603, 0.10291582345962524, 0.8276041746139526, 0.32162725925445557, -0.46002957224845886], "cam_t_m2c": [-15.916360855102539, -77.4484634399414, 680.8598022460938], "obj_id": 1}, {"cam_R_m2c": [-0.6314668655395508, 0.08462872356176376, 0.7707707285881042, -0.636114239692688, 0.5118834972381592, -0.5773507952690125, -0.44340530037879944, -0.8548761606216431, -0.26940393447875977], "cam_t_m2c": [67.49585723876953, 316.00665283203125, 858.6693115234375], "obj_id": 3}, {"cam_R_m2c": [0.5483402013778687, -0.633238673210144, -0.5461975932121277, -0.307786762714386, 0.4544757008552551, -0.8358942270278931, 0.7775540351867676, 0.6264667510986328, 0.054304808378219604], "cam_t_m2c": [126.97382354736328, 204.41563415527344, 778.6791381835938], "obj_id": 3}, {"cam_R_m2c": [0.6302812695503235, 0.30194979906082153, 0.7152424454689026, 0.07245214283466339, -0.9401243925094604, 0.33304116129875183, 0.7729787230491638, -0.15808874368667603, -0.6144196391105652], "cam_t_m2c": [-13.58525276184082, 267.1320495605469, 652.03662109375], "obj_id": 3}, {"cam_R_m2c": [-0.7212406992912292, 0.15554648637771606, -0.6749939918518066, -0.5721815228462219, 0.4154408574104309, 0.7071188688278198, 0.390409916639328, 0.8962221145629883, -0.21063193678855896], "cam_t_m2c": [54.7482795715332, 388.0550537109375, 639.1879272460938], "obj_id": 1}, {"cam_R_m2c": [0.6984885334968567, 0.23043176531791687, -0.6775063872337341, 0.41695716977119446, -0.9004829525947571, 0.12360016256570816, -0.581601619720459, -0.36882445216178894, -0.7250571846961975], "cam_t_m2c": [-0.2630397081375122, 163.16456604003906, 812.089599609375], "obj_id": 3}, {"cam_R_m2c": [-0.9080250263214111, 0.08260735869407654, -0.4106898009777069, 0.25594884157180786, -0.6667016744613647, -0.6999990344047546, -0.33163273334503174, -0.7407323718070984, 0.5842389464378357], "cam_t_m2c": [-84.05369567871094, 292.4980773925781, 621.7097778320312], "obj_id": 1}, {"cam_R_m2c": [0.922502875328064, -0.21632717549800873, 0.31967321038246155, 0.2988373339176178, 0.924463152885437, -0.2367786318063736, -0.24430444836616516, 0.3139592707157135, 0.9174665808677673], "cam_t_m2c": [-33.606590270996094, 227.64111328125, 553.6218872070312], "obj_id": 1}, {"cam_R_m2c": [0.8621480464935303, 0.49735045433044434, 0.09666090458631516, -0.2537285089492798, 0.5889596939086914, -0.7672993540763855, -0.4385460615158081, 0.6370000243186951, 0.6339624524116516], "cam_t_m2c": [-100.29779815673828, 211.95089721679688, 816.0736694335938], "obj_id": 3}, {"cam_R_m2c": [0.7777006030082703, -0.29241669178009033, -0.556483805179596, -0.2577194273471832, -0.9557231068611145, 0.1420360803604126, -0.5733780860900879, 0.03295512869954109, -0.8186278939247131], "cam_t_m2c": [185.30601501464844, 212.7041015625, 937.5902709960938], "obj_id": 3}, {"cam_R_m2c": [-0.9416887164115906, 0.2247503697872162, 0.25041887164115906, 0.24067938327789307, 0.9699913859367371, 0.03449873998761177, -0.235150545835495, 0.09275773167610168, -0.9675227403640747], "cam_t_m2c": [-10.331738471984863, 80.87203216552734, 1019.92822265625], "obj_id": 3}, {"cam_R_m2c": [0.5686408281326294, 0.7683662176132202, -0.293702095746994, -0.39095765352249146, 0.566591739654541, 0.7253453135490417, 0.7237400412559509, -0.29763585329055786, 0.6225858926773071], "cam_t_m2c": [-126.71070098876953, 203.8721466064453, 569.8519897460938], "obj_id": 1}, {"cam_R_m2c": [-0.884116530418396, -0.27760884165763855, 0.3758602440357208, 0.08133803308010101, 0.7006669640541077, 0.7088369727134705, -0.46013227105140686, 0.65726637840271, -0.5968910455703735], "cam_t_m2c": [-144.21275329589844, 183.58657836914062, 924.3419189453125], "obj_id": 1}, {"cam_R_m2c": [0.5478992462158203, -0.22114059329032898, -0.8067857623100281, -0.22547949850559235, -0.9677724242210388, 0.11214093118906021, -0.8055838942527771, 0.12047170847654343, -0.5801044702529907], "cam_t_m2c": [-165.71360778808594, 171.89869689941406, 932.4735107421875], "obj_id": 3}, {"cam_R_m2c": [-0.6502617597579956, -0.02146962657570839, -0.7594068646430969, 0.7358967065811157, 0.2305126190185547, -0.6366474628448486, 0.18872147798538208, -0.9728325009346008, -0.13409416377544403], "cam_t_m2c": [75.9015884399414, 201.52442932128906, 824.8001708984375], "obj_id": 3}, {"cam_R_m2c": [-0.218978151679039, -0.8756255507469177, 0.43049782514572144, 0.8390515446662903, -0.39418795704841614, -0.3749777376651764, 0.4980371594429016, 0.27909791469573975, 0.8210135698318481], "cam_t_m2c": [17.84320640563965, 514.6712036132812, 833.1542358398438], "obj_id": 3}, {"cam_R_m2c": [0.4442087411880493, 0.15235130488872528, 0.8828746676445007, -0.6484404802322388, -0.6253218650817871, 0.43416300415992737, 0.6182261109352112, -0.7653506398200989, -0.1789826601743698], "cam_t_m2c": [103.5297622680664, 342.8720703125, 907.0031127929688], "obj_id": 3}, {"cam_R_m2c": [-0.43172383308410645, 0.4943016469478607, -0.7545066475868225, -0.8912959098815918, -0.10525928437709808, 0.44103506207466125, 0.13858549296855927, 0.8628941178321838, 0.4860121011734009], "cam_t_m2c": [-191.91160583496094, 235.9929656982422, 638.4217529296875], "obj_id": 3}, {"cam_R_m2c": [-0.36078017950057983, -0.8871865272521973, -0.2876414358615875, 0.5286312103271484, -0.4486100375652313, 0.7206233143806458, -0.7683662176132202, 0.10793040692806244, 0.6308441758155823], "cam_t_m2c": [-31.908836364746094, 315.8788757324219, 774.6233520507812], "obj_id": 3}, {"cam_R_m2c": [0.550291895866394, 0.7981210350990295, -0.2453194558620453, 0.7643841505050659, -0.5997661352157593, -0.236637145280838, -0.33599942922592163, -0.05729883536696434, -0.9401174783706665], "cam_t_m2c": [-79.3987045288086, 177.51663208007812, 557.22607421875], "obj_id": 3}, {"cam_R_m2c": [0.8498347401618958, 0.2357492446899414, -0.4713843762874603, -0.3923376798629761, 0.8801776170730591, -0.26713013648986816, 0.35192620754241943, 0.41195833683013916, 0.8404988050460815], "cam_t_m2c": [-152.6107635498047, 328.9784851074219, 884.6845092773438], "obj_id": 1}, {"cam_R_m2c": [-0.2765451669692993, 0.31540778279304504, -0.9077668190002441, 0.7020325064659119, -0.5787553787231445, -0.4149608314037323, -0.6562568545341492, -0.7520372867584229, -0.061374470591545105], "cam_t_m2c": [-196.17440795898438, 105.16281127929688, 623.3641357421875], "obj_id": 3}, {"cam_R_m2c": [-0.9479811191558838, -0.14019663631916046, 0.2857915461063385, 0.3176625072956085, -0.47460415959358215, 0.8208785057067871, 0.020553428679704666, 0.8689625263214111, 0.4944508969783783], "cam_t_m2c": [-31.968395233154297, 297.08062744140625, 704.7378540039062], "obj_id": 1}, {"cam_R_m2c": [-0.4868534207344055, 0.6264020800590515, -0.6087644696235657, -0.0607423298060894, -0.7195305228233337, -0.6917992830276489, -0.8713691234588623, -0.29982703924179077, 0.38835498690605164], "cam_t_m2c": [101.73527526855469, 345.4748840332031, 883.2279663085938], "obj_id": 3}, {"cam_R_m2c": [0.3318718671798706, 0.026417644694447517, 0.9429544806480408, -0.9334306120872498, 0.15359245240688324, 0.32421693205833435, -0.13626563549041748, -0.9877810478210449, 0.07563205808401108], "cam_t_m2c": [115.72984313964844, 220.8477020263672, 613.5391235351562], "obj_id": 3}, {"cam_R_m2c": [0.09920027107000351, -0.740996778011322, 0.6641407608985901, 0.9511463046073914, -0.12549345195293427, -0.2820850908756256, 0.2923695147037506, 0.6596779823303223, 0.6923474669456482], "cam_t_m2c": [80.8056640625, 195.5374298095703, 599.9585571289062], "obj_id": 1}, {"cam_R_m2c": [0.7570474743843079, -0.03146962448954582, -0.6526015400886536, 0.6366680860519409, -0.1888011246919632, 0.7476682662963867, -0.14674074947834015, -0.9815109968185425, -0.12289571017026901], "cam_t_m2c": [76.66690826416016, -12.246806144714355, 660.1575927734375], "obj_id": 1}, {"cam_R_m2c": [-0.08273135125637054, 0.9825783371925354, 0.16641908884048462, -0.9199