{
  "0": [{"cam_R_m2c": [0.3034982681274414, 0.1662934124469757, 0.9382085800170898, 0.2742631733417511, -0.9582270979881287, 0.08112102001905441, 0.9125067591667175, 0.23269596695899963, -0.3364284932613373], "cam_t_m2c": [413.11517333984375, 17.18705940246582, 881.3654174804688], "obj_id": 2}, {"cam_R_m2c": [-0.6288639307022095, 0.26910296082496643, -0.7294613718986511, -0.7137192487716675, -0.5719764232635498, 0.4042869210243225, -0.30843988060951233, 0.7748720049858093, 0.5517591834068298], "cam_t_m2c": [1822.904541015625, 579.566162109375, 11085.8642578125], "obj_id": 2}, {"cam_R_m2c": [-0.9098311066627502, 0.3946916460990906, 0.12816208600997925, -0.00943144503980875, 0.28909334540367126, -0.9572544097900391, -0.41487112641334534, -0.8721487522125244, -0.2593035101890564], "cam_t_m2c": [1442.907470703125, 740.1412353515625, 11308.9189453125], "obj_id": 2}],
  "1": [{"cam_R_m2c": [-0.5413494110107422, -0.7737493515014648, -0.3290180563926697, 0.06882655620574951, 0.349222868680954, -0.9345086216926575, 0.8379760384559631, -0.5285407900810242, -0.13579712808132172], "cam_t_m2c": [-180.30987548828125, -383.8302001953125, 850.04248046875], "obj_id": 2}, {"cam_R_m2c": [0.14796249568462372, -0.9223155379295349, 0.356988787651062, 0.6397690176963806, 0.36452603340148926, 0.6766211986541748, -0.7541899681091309, 0.12827588617801666, 0.6440051794052124], "cam_t_m2c": [-6458.5966796875, 2949.53271484375, 8326.810546875], "obj_id": 2}, {"cam_R_m2c": [0.7757788300514221, 0.4175531566143036, -0.47309255599975586, 0.5393549799919128, -0.827932596206665, 0.1536998450756073, -0.32751092314720154, -0.37440192699432373, -0.8675019145011902], "cam_t_m2c": [-6264.70654296875, 3292.104736328125, 8582.1875], "obj_id": 2}]
}