{
  "0": [{"cam_R_m2c": [-0.428721159696579, 0.9022992253303528, -0.04532564803957939, 0.6438876390457153, 0.2699761986732483, -0.7159061431884766, -0.6337246894836426, -0.3361086845397949, -0.6967238783836365], "cam_t_m2c": [-27.509761810302734, -66.34454345703125, 1064.4713134765625], "obj_id": 1}, {"cam_R_m2c": [-0.428721159696579, 0.9022992253303528, -0.04532564803957939, 0.6438876390457153, 0.2699761986732483, -0.7159061431884766, -0.6337246894836426, -0.3361086845397949, -0.6967238783836365], "cam_t_m2c": [-27.509761810302734, -66.34454345703125, 1064.4713134765625], "obj_id": 0}, {"cam_R_m2c": [-0.428721159696579, 0.9022992253303528, -0.04532564803957939, 0.6438876390457153, 0.2699761986732483, -0.7159061431884766, -0.6337246894836426, -0.3361086845397949, -0.6967238783836365], "cam_t_m2c": [-27.509761810302734, -66.34454345703125, 1064.4713134765625], "obj_id": 2}, {"cam_R_m2c": [-0.428721159696579, 0.9022992253303528, -0.04532564803957939, 0.6438876390457153, 0.2699761986732483, -0.7159061431884766, -0.6337246894836426, -0.3361086845397949, -0.6967238783836365], "cam_t_m2c": [-27.509761810302734, -66.34454345703125, 1064.4713134765625], "obj_id": 1}, {"cam_R_m2c": [-0.428721159696579, 0.9022992253303528, -0.04532564803957939, 0.6438876390457153, 0.2699761986732483, -0.7159061431884766, -0.6337246894836426, -0.3361086845397949, -0.6967238783836365], "cam_t_m2c": [-27.509761810302734, -66.34454345703125, 1064.4713134765625], "obj_id": 3}, {"cam_R_m2c": [-0.428721159696579, 0.9022992253303528, -0.04532564803957939, 0.6438876390457153, 0.2699761986732483, -0.7159061431884766, -0.6337246894836426, -0.3361086845397949, -0.6967238783836365], "cam_t_m2c": [-27.509761810302734, -66.34454345703125, 1064.4713134765625], "obj_id": 1}, {"cam_R_m2c": [-0.428721159696579, 0.9022992253303528, -0.04532564803957939, 0.6438876390457153, 0.2699761986732483, -0.7159061431884766, -0.6337246894836426, -0.3361086845397949, -0.6967238783836365], "cam_t_m2c": [-27.509761810302734, -66.34454345703125, 1064.4713134765625], "obj_id": 0}, {"cam_R_m2c": [-0.428721159696579, 0.9022992253303528, -0.04532564803957939, 0.6438876390457153, 0.2699761986732483, -0.7159061431884766, -0.6337246894836426, -0.3361086845397949, -0.6967238783836365], "cam_t_m2c": [-27.509761810302734, -66.34454345703125, 1064.4713134765625], "obj_id": 2}, {"cam_R_m2c": [-0.428721159696579, 0.9022992253303528, -0.04532564803957939, 0.6438876390457153, 0.2699761986732483, -0.7159061431884766, -0.6337246894836426, -0.3361086845397949, -0.6967238783836365], "cam_t_m2c": [-27.509761810302734, -66.34454345703125, 1064.4713134765625], "obj_id": 3}, {"cam_R_m2c": [-0.428721159696579, 0.9022992253303528, -0.04532564803957939, 0.6438876390457153, 0.2699761986732483, -0.7159061431884766, -0.6337246894836426, -0.3361086845397949, -0.6967238783836365], "cam_t_m2c": [-27.509761810302734, -66.34454345703125, 1064.4713134765625], "obj_id": 0}, {"cam_R_m2c": [-0.428721159696579, 0.9022992253303528, -0.04532564803957939, 0.6438876390457153, 0.2699761986732483, -0.7159061431884766, -0.6337246894836426, -0.3361086845397949, -0.6967238783836365], "cam_t_m2c": [-27.509761810302734, -66.34454345703125, 1064.4713134765625], "obj_id": 0}, {"cam_R_m2c": [-0.428721159696579, 0.9022992253303528, -0.04532564803957939, 0.6438876390457153, 0.2699761986732483, -0.7159061431884766, -0.6337246894836426, -0.3361086845397949, -0.6967238783836365], "cam_t_m2c": [-27.509761810302734, -66.34454345703125, 1064.4713134765625], "obj_id": 2}, {"cam_R_m2c": [0.06888347119092941, -0.9907108545303345, 0.11724760383367538, 0.3942665457725525, -0.08092478662729263, -0.9154261350631714, 0.9164109230041504, 0.10928453505039215, 0.38502979278564453], "cam_t_m2c": [-139.68524169921875, -57.6201171875, 1052.567138671875], "obj_id": 1}, {"cam_R_m2c": [-0.23652686178684235, 0.9646267294883728, -0.11640456318855286, -0.8926333785057068, -0.16841569542884827, 0.41814061999320984, 0.38374531269073486, 0.20280815660953522, 0.9008930921554565], "cam_t_m2c": [248.2037353515625, -47.90575408935547, 1071.7547607421875], "obj_id": 2}, {"cam_R_m2c": [0.15665258467197418, 0.642741322517395, 0.7498956918716431, -0.5010102391242981, 0.7060419321060181, -0.5004932880401611, -0.8511455059051514, -0.29730185866355896, 0.4326232969760895], "cam_t_m2c": [387.2270812988281, -232.05230712890625, 1246.764892578125], "obj_id": 3}, {"cam_R_m2c": [-0.07487452030181885, 0.9116951823234558, 0.40398719906806946, -0.6930513978004456, -0.3388638198375702, 0.6362791061401367, 0.7169892191886902, -0.23234280943870544, 0.6572238802909851], "cam_t_m2c": [-90.71342468261719, -33.0643310546875, 1014.6248168945312], "obj_id": 4}],
  "1": [{"cam_R_m2c": [0.8528745174407959, 0.4489581882953644, 0.2665362060070038, 0.33050015568733215, -0.06902723759412766, -0.9412781596183777, -0.40419629216194153, 0.8908824324607849, -0.20725230872631073], "cam_t_m2c": [-114.54918670654297, -55.120784759521484, 1021.173583984375], "obj_id": 1}, {"cam_R_m2c": [0.8528745174407959, 0.4489581882953644, 0.2665362060070038, 0.33050015568733215, -0.06902723759412766, -0.9412781596183777, -0.40419629216194153, 0.8908824324607849, -0.20725230872631073], "cam_t_m2c": [-114.54918670654297, -55.120784759521484, 1021.173583984375], "obj_id": 3}, {"cam_R_m2c": [0.8528745174407959, 0.4489581882953644, 0.2665362060070038, 0.33050015568733215, -0.06902723759412766, -0.9412781596183777, -0.40419629216194153, 0.8908824324607849, -0.20725230872631073], "cam_t_m2c": [-114.54918670654297, -55.120784759521484, 1021.173583984375], "obj_id": 1}, {"cam_R_m2c": [0.8528745174407959, 0.4489581882953644, 0.2665362060070038, 0.33050015568733215, -0.06902723759412766, -0.9412781596183777, -0.40419629216194153, 0.8908824324607849, -0.20725230872631073], "cam_t_m2c": [-114.54918670654297, -55.120784759521484, 1021.173583984375], "obj_id": 3}, {"cam_R_m2c": [0.8528745174407959, 0.4489581882953644, 0.2665362060070038, 0.33050015568733215, -0.06902723759412766, -0.9412781596183777, -0.40419629216194153, 0.8908824324607849, -0.20725230872631073], "cam_t_m2c": [-114.54918670654297, -55.120784759521484, 1021.173583984375], "obj_id": 1}, {"cam_R_m2c": [0.8528745174407959, 0.4489581882953644, 0.2665362060070038, 0.33050015568733215, -0.06902723759412766, -0.9412781596183777, -0.40419629216194153, 0.8908824324607849, -0.20725230872631073], "cam_t_m2c": [-114.54918670654297, -55.120784759521484, 1021.173583984375], "obj_id": 3}, {"cam_R_m2c": [0.8528745174407959, 0.4489581882953644, 0.2665362060070038, 0.33050015568733215, -0.06902723759412766, -0.9412781596183777, -0.40419629216194153, 0.8908824324607849, -0.20725230872631073], "cam_t_m2c": [-114.54918670654297, -55.120784759521484, 1021.173583984375], "obj_id": 1}, {"cam_R_m2c": [0.8528745174407959, 0.4489581882953644, 0.2665362060070038, 0.33050015568733215, -0.06902723759412766, -0.9412781596183777, -0.40419629216194153, 0.8908824324607849, -0.20725230872631073], "cam_t_m2c": [-114.54918670654297, -55.120784759521484, 1021.173583984375], "obj_id": 0}, {"cam_R_m2c": [0.8528745174407959, 0.4489581882953644, 0.2665362060070038, 0.33050015568733215, -0.06902723759412766, -0.9412781596183777, -0.40419629216194153, 0.8908824324607849, -0.20725230872631073], "cam_t_m2c": [-114.54918670654297, -55.120784759521484, 1021.173583984375], "obj_id": 1}, {"cam_R_m2c": [0.8528745174407959, 0.4489581882953644, 0.2665362060070038, 0.33050015568733215, -0.06902723759412766, -0.9412781596183777, -0.40419629216194153, 0.8908824324607849, -0.20725230872631073], "cam_t_m2c": [-114.54918670654297, -55.120784759521484, 1021.173583984375], "obj_id": 1}, {"cam_R_m2c": [0.8528745174407959, 0.4489581882953644, 0.2665362060070038, 0.33050015568733215, -0.06902723759412766, -0.9412781596183777, -0.40419629216194153, 0.8908824324607849, -0.20725230872631073], "cam_t_m2c": [-114.54918670654297, -55.120784759521484, 1021.173583984375], "obj_id": 0}, {"cam_R_m2c": [0.8528745174407959, 0.4489581882953644, 0.2665362060070038, 0.33050015568733215, -0.06902723759412766, -0.9412781596183777, -0.40419629216194153, 0.8908824324607849, -0.20725230872631073], "cam_t_m2c": [-114.54918670654297, -55.120784759521484, 1021.173583984375], "obj_id": 0}, {"cam_R_m2c": [-0.4935145378112793, -0.8098763227462769, -0.3170868158340454, -0.1642368733882904, -0.27123987674713135, 0.9483962059020996, -0.8540900945663452, 0.5201245546340942, 0.0008491196786053479], "cam_t_m2c": [49.25202560424805, -11.98714828491211, 1227.6397705078125], "obj_id": 1}, {"cam_R_m2c": [0.4757077693939209, 0.8581690788269043, -0.19299696385860443, -0.8651841878890991, 0.4169420301914215, -0.27859559655189514, -0.15861360728740692, 0.2995080351829529, 0.9408169984817505], "cam_t_m2c": [-239.5972442626953, -99.02408599853516, 904.8163452148438], "obj_id": 2}, {"cam_R_m2c": [-0.2726517617702484, -0.07717674225568771, -0.9590123295783997, 0.9616321921348572, 0.00963868759572506, -0.2741723656654358, 0.030403297394514084, -0.9969707727432251, 0.0715877115726471], "cam_t_m2c": [-60.537994384765625, 1.874491572380066, 661.3861083984375], "obj_id": 3}, {"cam_R_m2c": [0.8426752090454102, 0.5367335081100464, 0.0426102913916111, 0.39361345767974854, -0.5601068139076233, -0.7289367914199829, -0.36737850308418274, 0.631028950214386, -0.6832536458969116], "cam_t_m2c": [-29.31207275390625, 9.899621963500977, 889.5682373046875], "obj_id": 4}],
  "2": [{"cam_R_m2c": [0.8528745174407959, 0.4489581882953644, 0.2665362060070038, 0.33050015568733215, -0.06902723759412766, -0.9412781596183777, -0.40419629216194153, 0.8908824324607849, -0.20725230872631073], "cam_t_m2c": [-114.54918670654297, -55.120784759521484, 1021.173583984375], "obj_id": 1}, {"cam_R_m2c": [0.8528745174407959, 0.4489581882953644, 0.2665362060070038, 0.33050015568733215, -0.06902723759412766, -0.9412781596183777, -0.40419629216194153, 0.8908824324607849, -0.20725230872631073], "cam_t_m2c": [-114.54918670654297, -55.120784759521484, 1021.173583984375], "obj_id": 3}, {"cam_R_m2c": [0.8528745174407959, 0.4489581882953644, 0.2665362060070038, 0.33050015568733215, -0.06902723759412766, -0.9412781596183777, -0.40419629216194153, 0.8908824324607849, -0.20725230872631073], "cam_t_m2c": [-114.54918670654297, -55.120784759521484, 1021.173583984375], "obj_id": 1}, {"cam_R_m2c": [0.8528745174407959, 0.4489581882953644, 0.2665362060070038, 0.33050015568733215, -0.06902723759412766, -0.9412781596183777, -0.40419629216194153, 0.8908824324607849, -0.20725230872631073], "cam_t_m2c": [-114.54918670654297, -55.120784759521484, 1021.173583984375], "obj_id": 3}, {"cam_R_m2c": [0.8528745174407959, 0.4489581882953644, 0.2665362060070038, 0.33050015568733215, -0.06902723759412766, -0.9412781596183777, -0.40419629216194153, 0.8908824324607849, -0.20725230872631073], "cam_t_m2c": [-114.54918670654297, -55.120784759521484, 1021.173583984375], "obj_id": 1}, {"cam_R_m2c": [0.8528745174407959, 0.4489581882953644, 0.2665362060070038, 0.33050015568733215, -0.06902723759412766, -0.9412781596183777, -0.40419629216194153, 0.8908824324607849, -0.20725230872631073], "cam_t_m2c": [-114.54918670654297, -55.120784759521484, 1021.173583984375], "obj_id": 3}, {"cam_R_m2c": [0.8528745174407959, 0.4489581882953644, 0.2665362060070038, 0.33050015568733215, -0.06902723759412766, -0.9412781596183777, -0.40419629216194153, 0.8908824324607849, -0.20725230872631073], "cam_t_m2c": [-114.54918670654297, -55.120784759521484, 1021.173583984375], "obj_id": 1}, {"cam_R_m2c": [0.8528745174407959, 0.4489581882953644, 0.2665362060070038, 0.33050015568733215, -0.06902723759412766, -0.9412781596183777, -0.40419629216194153, 0.8908824324607849, -0.20725230872631073], "cam_t_m2c": [-114.54918670654297, -55.120784759521484, 1021.173583984375], "obj_id": 0}, {"cam_R_m2c": [0.8528745174407959, 0.4489581882953644, 0.2665362060070038, 0.33050015568733215, -0.06902723759412766, -0.9412781596183777, -0.40419629216194153, 0.8908824324607849, -0.20725230872631073], "cam_t_m2c": [-114.54918670654297, -55.120784759521484, 1021.173583984375], "obj_id": 1}, {"cam_R_m2c": [0.8528745174407959, 0.4489581882953644, 0.2665362060070038, 0.33050015568733215, -0.06902723759412766, -0.9412781596183777, -0.40419629216194153, 0.8908824324607849, -0.20725230872631073], "cam_t_m2c": [-114.54918670654297, -55.120784759521484, 1021.173583984375], "obj_id": 1}, {"cam_R_m2c": [0.8528745174407959, 0.4489581882953644, 0.2665362060070038, 0.33050015568733215, -0.06902723759412766, -0.9412781596183777, -0.40419629216194153, 0.8908824324607849, -0.20725230872631073], "cam_t_m2c": [-114.54918670654297, -55.120784759521484, 1021.173583984375], "obj_id": 0}, {"cam_R_m2c": [0.8528745174407959, 0.4489581882953644, 0.2665362060070038, 0.33050015568733215, -0.06902723759412766, -0.9412781596183777, -0.40419629216194153, 0.8908824324607849, -0.20725230872631073], "cam_t_m2c": [-114.54918670654297, -55.120784759521484, 1021.173583984375], "obj_id": 0}, {"cam_R_m2c": [-0.4935145378112793, -0.8098763227462769, -0.3170868158340454, -0.1642368733882904, -0.27123987674713135, 0.9483962059020996, -0.8540900945663452, 0.5201245546340942, 0.0008491196786053479], "cam_t_m2c": [49.25202560424805, -11.98714828491211, 1227.6397705078125], "obj_id": 1}, {"cam_R_m2c": [0.4757077693939209, 0.8581690788269043, -0.19299696385860443, -0.8651841878890991, 0.4169420301914215, -0.27859559655189514, -0.15861360728740692, 0.2995080351829529, 0.9408169984817505], "cam_t_m2c": [-239.5972442626953, -99.02408599853516, 904.8163452148438], "obj_id": 2}, {"cam_R_m2c": [-0.2726517617702484, -0.07717674225568771, -0.9590123295783997, 0.9616321921348572, 0.00963868759572506, -0.2741723656654358, 0.030403297394514084, -0.9969707727432251, 0.0715877115726471], "cam_t_m2c": [-60.537994384765625, 1.874491572380066, 661.3861083984375], "obj_id": 3}, {"cam_R_m2c": [0.8426752090454102, 0.5367335081100464, 0.0426102913916111, 0.39361345767974854, -0.5601068139076233, -0.7289367914199829, -0.36737850308418274, 0.631028950214386, -0.6832536458969116], "cam_t_m2c": [-29.31207275390625, 9.899621963500977, 889.5682373046875], "obj_id": 4}],
  "3": [{"cam_R_m2c": [0.5057652592658997, 0.8578828573226929, 0.09076584130525589, 0.15805135667324066, 0.011286274529993534, -0.9873663187026978, -0.8480691313743591, 0.513721227645874, -0.12988132238388062], "cam_t_m2c": [-21.131723403930664, -18.215179443359375, 1117.3079833984375], "obj_id": 1}, {"cam_R_m2c": [0.5057652592658997, 0.8578828573226929, 0.09076584130525589, 0.15805135667324066, 0.011286274529993534, -0.9873663187026978, -0.8480691313743591, 0.513721227645874, -0.12988132238388062], "cam_t_m2c": [-21.131723403930664, -18.215179443359375, 1117.3079833984375], "obj_id": 3}, {"cam_R_m2c": [0.5057652592658997, 0.8578828573226929, 0.09076584130525589, 0.15805135667324066, 0.011286274529993534, -0.9873663187026978, -0.8480691313743591, 0.513721227645874, -0.12988132238388062], "cam_t_m2c": [-21.131723403930664, -18.215179443359375, 1117.3079833984375], "obj_id": 1}, {"cam_R_m2c": [0.5057652592658997, 0.8578828573226929, 0.09076584130525589, 0.15805135667324066, 0.011286274529993534, -0.9873663187026978, -0.8480691313743591, 0.513721227645874, -0.12988132238388062], "cam_t_m2c": [-21.131723403930664, -18.215179443359375, 1117.3079833984375], "obj_id": 3}, {"cam_R_m2c": [0.5057652592658997, 0.8578828573226929, 0.09076584130525589, 0.15805135667324066, 0.011286274529993534, -0.9873663187026978, -0.8480691313743591, 0.513721227645874, -0.12988132238388062], "cam_t_m2c": [-21.131723403930664, -18.215179443359375, 1117.3079833984375], "obj_id": 1}, {"cam_R_m2c": [0.5057652592658997, 0.8578828573226929, 0.09076584130525589, 0.15805135667324066, 0.011286274529993534, -0.9873663187026978, -0.8480691313743591, 0.513721227645874, -0.12988132238388062], "cam_t_m2c": [-21.131723403930664, -18.215179443359375, 1117.3079833984375], "obj_id": 3}, {"cam_R_m2c": [0.5057652592658997, 0.8578828573226929, 0.09076584130525589, 0.15805135667324066, 0.011286274529993534, -0.9873663187026978, -0.8480691313743591, 0.513721227645874, -0.12988132238388062], "cam_t_m2c": [-21.131723403930664, -18.215179443359375, 1117.3079833984375], "obj_id": 1}, {"cam_R_m2c": [0.5057652592658997, 0.8578828573226929, 0.09076584130525589, 0.15805135667324066, 0.011286274529993534, -0.9873663187026978, -0.8480691313743591, 0.513721227645874, -0.12988132238388062], "cam_t_m2c": [-21.131723403930664, -18.215179443359375, 1117.3079833984375], "obj_id": 0}, {"cam_R_m2c": [0.5057652592658997, 0.8578828573226929, 0.09076584130525589, 0.15805135667324066, 0.011286274529993534, -0.9873663187026978, -0.8480691313743591, 0.513721227645874, -0.12988132238388062], "cam_t_m2c": [-21.131723403930664, -18.215179443359375, 1117.3079833984375], "obj_id": 1}, {"cam_R_m2c": [0.5057652592658997, 0.8578828573226929, 0.09076584130525589, 0.15805135667324066, 0.011286274529993534, -0.9873663187026978, -0.8480691313743591, 0.513721227645874, -0.12988132238388062], "cam_t_m2c": [-21.131723403930664, -18.215179443359375, 1117.3079833984375], "obj_id": 1}, {"cam_R_m2c": [0.5057652592658997, 0.8578828573226929, 0.09076584130525589, 0.15805135667324066, 0.011286274529993534, -0.9873663187026978, -0.8480691313743591, 0.513721227645874, -0.12988132238388062], "cam_t_m2c": [-21.131723403930664, -18.215179443359375, 1117.3079833984375], "obj_id": 0}, {"cam_R_m2c": [0.5057652592658997, 0.8578828573226929, 0.09076584130525589, 0.15805135667324066, 0.011286274529993534, -0.9873663187026978, -0.8480691313743591, 0.513721227645874, -0.12988132238388062], "cam_t_m2c": [-21.131723403930664, -18.215179443359375, 1117.3079833984375], "obj_id": 0}, {"cam_R_m2c": [-0.8806842565536499, -0.4055621027946472, -0.24477435648441315, -0.22903931140899658, -0.08774542808532715, 0.969454288482666, -0.4146517813205719, 0.9098461866378784, -0.01561359129846096], "cam_t_m2c": [229.25169372558594, 35.030941009521484, 1193.417724609375], "obj_id": 1}, {"cam_R_m2c": [0.2946437895298004, 0.8928889036178589, 0.3404913544654846, -0.9311866760253906, 0.3483065366744995, -0.10758177936077118, -0.21465393900871277, -0.28536275029182434, 0.9340726733207703], "cam_t_m2c": [-190.20074462890625, -63.4057731628418, 1095.4671630859375], "obj_id": 2}, {"cam_R_m2c": [-0.19113022089004517, -0.6040596961975098, -0.7736801505088806, 0.9814147353172302, -0.13137765228748322, -0.13987447321414948, -0.017151810228824615, -0.7860353589057922, 0.6179434657096863], "cam_t_m2c": [-169.09890747070312, -23.229204177856445, 780.1235961914062], "obj_id": 3}, {"cam_R_m2c": [0.518530547618866, 0.7800357937812805, -0.3502430021762848, 0.22676554322242737, -0.5203961133956909, -0.8232648968696594, -0.8244412541389465, 0.347464919090271, -0.4467264711856842], "cam_t_m2c": [-19.212617874145508, 15.202868461608887, 950.897216796875], "obj_id": 4}],
  "4": [{"cam_R_m2c": [0.5057652592658997, 0.8578828573226929, 0.09076584130525589, 0.15805135667324066, 0.011286274529993534, -0.9873663187026978, -0.8480691313743591, 0.513721227645874, -0.12988132238388062], "cam_t_m2c": [-21.131723403930664, -18.215179443359375, 1117.3079833984375], "obj_id": 1}, {"cam_R_m2c": [0.5057652592658997, 0.8578828573226929, 0.09076584130525589, 0.15805135667324066, 0.011286274529993534, -0.9873663187026978, -0.8480691313743591, 0.513721227645874, -0.12988132238388062], "cam_t_m2c": [-21.131723403930664, -18.215179443359375, 1117.3079833984375], "obj_id": 3}, {"cam_R_m2c": [0.5057652592658997, 0.8578828573226929, 0.09076584130525589, 0.15805135667324066, 0.011286274529993534, -0.9873663187026978, -0.8480691313743591, 0.513721227645874, -0.12988132238388062], "cam_t_m2c": [-21.131723403930664, -18.215179443359375, 1117.3079833984375], "obj_id": 1}, {"cam_R_m2c": [0.5057652592658997, 0.8578828573226929, 0.09076584130525589, 0.15805135667324066, 0.011286274529993534, -0.9873663187026978, -0.8480691313743591, 0.513721227645874, -0.12988132238388062], "cam_t_m2c": [-21.131723403930664, -18.215179443359375, 1117.3079833984375], "obj_id": 3}, {"cam_R_m2c": [0.5057652592658997, 0.8578828573226929, 0.09076584130525589, 0.15805135667324066, 0.011286274529993534, -0.9873663187026978, -0.8480691313743591, 0.513721227645874, -0.12988132238388062], "cam_t_m2c": [-21.131723403930664, -18.215179443359375, 1117.3079833984375], "obj_id": 1}, {"cam_R_m2c": [0.5057652592658997, 0.8578828573226929, 0.09076584130525589, 0.15805135667324066, 0.011286274529993534, -0.9873663187026978, -0.8480691313743591, 0.513721227645874, -0.12988132238388062], "cam_t_m2c": [-21.131723403930664, -18.215179443359375, 1117.3079833984375], "obj_id": 3}, {"cam_R_m2c": [0.5057652592658997, 0.8578828573226929, 0.09076584130525589, 0.15805135667324066, 0.011286274529993534, -0.9873663187026978, -0.8480691313743591, 0.513721227645874, -0.12988132238388062], "cam_t_m2c": [-21.131723403930664, -18.215179443359375, 1117.3079833984375], "obj_id": 1}, {"cam_R_m2c": [0.5057652592658997, 0.8578828573226929, 0.09076584130525589, 0.15805135667324066, 0.011286274529993534, -0.9873663187026978, -0.8480691313743591, 0.513721227645874, -0.12988132238388062], "cam_t_m2c": [-21.131723403930664, -18.215179443359375, 1117.3079833984375], "obj_id": 0}, {"cam_R_m2c": [0.5057652592658997, 0.8578828573226929, 0.09076584130525589, 0.15805135667324066, 0.011286274529993534, -0.9873663187026978, -0.8480691313743591, 0.513721227645874, -0.12988132238388062], "cam_t_m2c": [-21.131723403930664, -18.215179443359375, 1117.3079833984375], "obj_id": 1}, {"cam_R_m2c": [0.5057652592658997, 0.8578828573226929, 0.09076584130525589, 0.15805135667324066, 0.011286274529993534, -0.9873663187026978, -0.8480691313743591, 0.513721227645874, -0.12988132238388062], "cam_t_m2c": [-21.131723403930664, -18.215179443359375, 1117.3079833984375], "obj_id": 1}, {"cam_R_m2c": [0.5057652592658997, 0.8578828573226929, 0.09076584130525589, 0.15805135667324066, 0.011286274529993534, -0.9873663187026978, -0.8480691313743591, 0.513721227645874, -0.12988132238388062], "cam_t_m2c": [-21.131723403930664, -18.215179443359375, 1117.3079833984375], "obj_id": 0}, {"cam_R_m2c": [0.5057652592658997, 0.8578828573226929, 0.09076584130525589, 0.15805135667324066, 0.011286274529993534, -0.9873663187026978, -0.8480691313743591, 0.513721227645874, -0.12988132238388062], "cam_t_m2c": [-21.131723403930664, -18.215179443359375, 1117.3079833984375], "obj_id": 0}, {"cam_R_m2c": [-0.8806842565536499, -0.4055621027946472, -0.24477435648441315, -0.22903931140899658, -0.08774542808532715, 0.969454288482666, -0.4146517813205719, 0.9098461866378784, -0.01561359129846096], "cam_t_m2c": [229.25169372558594, 35.030941009521484, 1193.417724609375], "obj_id": 1}, {"cam_R_m2c": [0.2946437895298004, 0.8928889036178589, 0.3404913544654846, -0.9311866760253906, 0.3483065366744995, -0.10758177936077118, -0.21465393900871277, -0.28536275029182434, 0.9340726733207703], "cam_t_m2c": [-190.20074462890625, -63.4057731628418, 1095.4671630859375], "obj_id": 2}, {"cam_R_m2c": [-0.19113022089004517, -0.6040596961975098, -0.7736801505088806, 0.9814147353172302, -0.13137765228748322, -0.13987447321414948, -0.017151810228824615, -0.7860353589057922, 0.6179434657096863], "cam_t_m2c": [-169.09890747070312, -23.229204177856445, 780.1235961914062], "obj_id": 3}, {"cam_R_m2c": [0.518530547618866, 0.7800357937812805, -0.3502430021762848, 0.22676554322242737, -0.5203961133956909, -0.8232648968696594, -0.8244412541389465, 0.347464919090271, -0.4467264711856842], "cam_t_m2c": [-19.212617874145508, 15.202868461608887, 950.897216796875], "obj_id": 4}]
}