{
  "0": [{"cam_R_m2c": [-0.9843496680259705, -0.0918925479054451, -0.15037132799625397, -0.1729913353919983, 0.3411128520965576, 0.9239675402641296, -0.03361213579773903, 0.9355200529098511, -0.3516709804534912], "cam_t_m2c": [227.13450622558594, -87.74028778076172, 541.1050415039062], "obj_id": 3}, {"cam_R_m2c": [-0.16997948288917542, -0.8583166003227234, -0.48414838314056396, 0.8817640542984009, 0.08688926696777344, -0.46361881494522095, 0.4399990141391754, -0.5057103037834167, 0.7420632839202881], "cam_t_m2c": [-117.600341796875, -63.716365814208984, 494.0785217285156], "obj_id": 2}, {"cam_R_m2c": [-0.6510397791862488, -0.7033774852752686, -0.2853195369243622, 0.1994527131319046, 0.2041574865579605, -0.958404004573822, 0.7323699593544006, -0.6808669567108154, 0.007375944871455431], "cam_t_m2c": [45.29518508911133, 18.796741485595703, 245.04534912109375], "obj_id": 1}, {"cam_R_m2c": [-0.07900659739971161, -0.9837855696678162, -0.16100911796092987, 0.548786461353302, -0.17775943875312805, 0.8168445229530334, -0.832220733165741, -0.023823514580726624, 0.5539323687553406], "cam_t_m2c": [-46.010162353515625, 32.80595779418945, 364.6785888671875], "obj_id": 1}, {"cam_R_m2c": [0.2772773802280426, -0.9131148457527161, -0.29889532923698425, 0.7726056575775146, 0.026976866647601128, 0.6343126893043518, -0.5711371302604675, -0.4068087637424469, 0.7129578590393066], "cam_t_m2c": [200.0321807861328, 90.42514038085938, 349.0173034667969], "obj_id": 1}, {"cam_R_m2c": [-0.33342573046684265, -0.6238263249397278, -0.7068718671798706, 0.9073894023895264, -0.008850458078086376, -0.42019757628440857, 0.2558741569519043, -0.7815127968788147, 0.569004476070404], "cam_t_m2c": [160.8831787109375, 40.172523498535156, 246.1612091064453], "obj_id": 0}, {"cam_R_m2c": [-0.31175699830055237, -0.5383154153823853, 0.7829585075378418, 0.7449268102645874, -0.6499984264373779, -0.15028637647628784, 0.589823305606842, 0.5363940000534058, 0.6036472320556641], "cam_t_m2c": [14.8654203414917, -4.1130547523498535, 278.5015869140625], "obj_id": 0}, {"cam_R_m2c": [0.5566855072975159, -0.5278280973434448, -0.6414816379547119, 0.8284446001052856, 0.29558292031288147, 0.47572073340415955, -0.061487793922424316, -0.7962588667869568, 0.601823091506958], "cam_t_m2c": [-147.72702026367188, -24.394283294677734, 440.9441833496094], "obj_id": 1}, {"cam_R_m2c": [-0.1699279248714447, 0.9750255346298218, 0.1430027335882187, 0.881766676902771, 0.0856444388628006, 0.46384549140930176, 0.4400137960910797, 0.20491531491279602, -0.8742984533309937], "cam_t_m2c": [330.4054870605469, 139.59060668945312, 259.7223815917969], "obj_id": 2}, {"cam_R_m2c": [-0.16999287903308868, 0.602230429649353, -0.780013382434845, 0.881761908531189, 0.4463738799095154, 0.15246747434139252, 0.43999814987182617, -0.6618676781654358, -0.6069042682647705], "cam_t_m2c": [-35.12314987182617, 62.044776916503906, 273.9043884277344], "obj_id": 2}, {"cam_R_m2c": [-0.4335366487503052, -0.053490448743104935, 0.8995468616485596, 0.7254281640052795, -0.6129242181777954, 0.31317344307899475, 0.5346023440361023, 0.7883288860321045, 0.30452877283096313], "cam_t_m2c": [150.39292907714844, 187.99073791503906, 217.2213592529297], "obj_id": 0}, {"cam_R_m2c": [-0.16997982561588287, 0.958479642868042, -0.228961780667305, 0.8817639350891113, 0.2516736686229706, 0.3989393711090088, 0.43999892473220825, -0.13407856225967407, -0.8879321813583374], "cam_t_m2c": [107.124267578125, -7.536137580871582, 468.3074035644531], "obj_id": 2}, {"cam_R_m2c": [0.9355100989341736, 0.1898324340581894, -0.2979673445224762, 0.004044548608362675, 0.8375736474990845, 0.5463094711303711, 0.3532768487930298, -0.5122831463813782, 0.7827908396720886], "cam_t_m2c": [267.0703125, 61.64244079589844, 260.4154968261719], "obj_id": 3}, {"cam_R_m2c": [-0.40424859523773193, -0.652040421962738, 0.6414251923561096, 0.7015488743782043, -0.6710029244422913, -0.2399669587612152, 0.5868663787841797, 0.35298478603363037, 0.7286903262138367], "cam_t_m2c": [233.89276123046875, -123.3907241821289, 723.48779296875], "obj_id": 2}, {"cam_R_m2c": [0.4608466923236847, -0.6820394396781921, 0.5678401589393616, -0.3235349953174591, -0.7249153256416321, -0.6081304550170898, 0.8264051079750061, 0.0965387150645256, -0.5547384023666382], "cam_t_m2c": [359.41180419921875, 3.3209750652313232, 502.4396667480469], "obj_id": 3}, {"cam_R_m2c": [-0.050757378339767456, 0.49170005321502686, 0.86928391456604, 0.7756014466285706, -0.5289406180381775, 0.3444763422012329, 0.6291787028312683, 0.691702663898468, -0.35451552271842957], "cam_t_m2c": [-65.43984985351562, -44.90465545654297, 329.22454833984375], "obj_id": 0}, {"cam_R_m2c": [-0.8900095820426941, -0.3025015592575073, -0.34113866090774536, -0.32905474305152893, 0.9440697431564331, 0.02133839949965477, 0.3156037926673889, 0.1312446892261505, -0.9397706389427185], "cam_t_m2c": [203.75135803222656, 48.71126174926758, 282.17669677734375], "obj_id": 3}, {"cam_R_m2c": [-0.592845618724823, -0.7938492894172668, 0.13541585206985474, -0.25940755009651184, 0.02905779890716076, -0.9653307199478149, 0.7623922228813171, -0.6074199676513672, -0.22315733134746552], "cam_t_m2c": [110.21004486083984, -79.41339111328125, 370.4381408691406], "obj_id": 1}, {"cam_R_m2c": [-0.1580856740474701, 0.9285887479782104, 0.33575552701950073, -0.24383053183555603, 0.2927902340888977, -0.9245650172233582, -0.9568465948104858, -0.22802799940109253, 0.1801324039697647], "cam_t_m2c": [325.5865783691406, -22.324819564819336, 374.87091064453125], "obj_id": 1}, {"cam_R_m2c": [0.4549387991428375, 0.47553324699401855, -0.752926766872406, -0.32585325837135315, 0.8757460713386536, 0.3562140166759491, 0.8287643194198608, 0.08328809589147568, 0.5533649325370789], "cam_t_m2c": [340.00689697265625, -38.82172775268555, 486.6759033203125], "obj_id": 3}, {"cam_R_m2c": [-0.3510991930961609, -0.9314396381378174, -0.0956534743309021, -0.8837659358978271, 0.2959033250808716, 0.3624900281429291, -0.3093333840370178, 0.21180523931980133, -0.9270660281181335], "cam_t_m2c": [30.8367977142334, 175.22618103027344, 67.29476928710938], "obj_id": 0}, {"cam_R_m2c": [0.4099283218383789, 0.032996587455272675, 0.9115207195281982, 0.6394017934799194, 0.7022910714149475, -0.3129737973213196, -0.6504799127578735, 0.7111247777938843, 0.2667909264564514], "cam_t_m2c": [299.7531433105469, 45.20985794067383, 320.1179504394531], "obj_id": 3}, {"cam_R_m2c": [0.9626030921936035, -0.1857098489999771, -0.19724877178668976, 0.07907718420028687, -0.5037717223167419, 0.8602097034454346, -0.2591177821159363, -0.8436384201049805, -0.4702467918395996], "cam_t_m2c": [228.6891632080078, 31.639009475708008, 368.0535888671875], "obj_id": 3}, {"cam_R_m2c": [0.040600117295980453, 0.9640687108039856, 0.2625317871570587, -0.7104810476303101, 0.21259979903697968, -0.6708337068557739, -0.7025440335273743, -0.15928803384304047, 0.6935842633247375], "cam_t_m2c": [18.739791870117188, -66.53463745117188, 402.56170654296875], "obj_id": 1}, {"cam_R_m2c": [0.038300156593322754, -0.9987135529518127, -0.03323248773813248, 0.8888757824897766, 0.049244631081819534, -0.4554941654205322, 0.4565447270870209, -0.012094034813344479, 0.8896182775497437], "cam_t_m2c": [193.3022918701172, 9.36570930480957, 467.7283020019531], "obj_id": 2}, {"cam_R_m2c": [0.16189612448215485, 0.08505644649267197, 0.9831352233886719, -0.661658525466919, 0.7485013008117676, 0.04420047998428345, -0.7321184873580933, -0.6576557755470276, 0.1774578094482422], "cam_t_m2c": [10.30557632446289, -73.20021057128906, 422.48236083984375], "obj_id": 2}, {"cam_R_m2c": [0.09870487451553345, -0.027081849053502083, 0.9947481751441956, -0.5316632986068726, 0.8435641527175903, 0.07572069764137268, -0.8411845564842224, -0.5363451242446899, 0.06886547058820724], "cam_t_m2c": [231.56964111328125, 116.343017578125, 262.8441162109375], "obj_id": 0}, {"cam_R_m2c": [-0.01651228964328766, -0.1661723107099533, -0.9859583973884583, 0.8965591788291931, 0.4340592324733734, -0.08817097544670105, 0.44261592626571655, -0.8854260444641113, 0.14181604981422424], "cam_t_m2c": [-421.6831970214844, -60.177059173583984, 306.85870361328125], "obj_id": 2}, {"cam_R_m2c": [0.0383002795279026, 0.17315328121185303, 0.9841498732566833, 0.8888757228851318, -0.45587190985679626, 0.045614562928676605, 0.4565446376800537, 0.8730399012565613, -0.1713717132806778], "cam_t_m2c": [101.54378509521484, 59.98603057861328, 330.8365783691406], "obj_id": 2}],
  "1": [{"cam_R_m2c": [-0.9843496680259705, -0.0918925479054451, -0.15037132799625397, -0.1729913353919983, 0.3411128520965576, 0.9239675402641296, -0.03361213579773903, 0.9355200529098511, -0.3516709804534912], "cam_t_m2c": [227.13450622558594, -87.74028778076172, 541.1050415039062], "obj_id": 3}, {"cam_R_m2c": [-0.16997948288917542, -0.8583166003227234, -0.48414838314056396, 0.8817640542984009, 0.08688926696777344, -0.46361881494522095, 0.4399990141391754, -0.5057103037834167, 0.7420632839202881], "cam_t_m2c": [-117.600341796875, -63.716365814208984, 494.0785217285156], "obj_id": 2}, {"cam_R_m2c": [-0.6510397791862488, -0.7033774852752686, -0.2853195369243622, 0.1994527131319046, 0.2041574865579605, -0.958404004573822, 0.7323699593544006, -0.6808669567108154, 0.007375944871455431], "cam_t_m2c": [45.29518508911133, 18.796741485595703, 245.04534912109375], "obj_id": 1}, {"cam_R_m2c": [-0.07900659739971161, -0.9837855696678162, -0.16100911796092987, 0.548786461353302, -0.17775943875312805, 0.8168445229530334, -0.832220733165741, -0.023823514580726624, 0.5539323687553406], "cam_t_m2c": [-46.010162353515625, 32.80595779418945, 364.6785888671875], "obj_id": 1}, {"cam_R_m2c": [0.2772773802280426, -0.9131148457527161, -0.29889532923698425, 0.7726056575775146, 0.026976866647601128, 0.6343126893043518, -0.5711371302604675, -0.4068087637424469, 0.7129578590393066], "cam_t_m2c": [200.0321807861328, 90.42514038085938, 349.0173034667969], "obj_id": 1}, {"cam_R_m2c": [-0.33342573046684265, -0.6238263249397278, -0.7068718671798706, 0.9073894023895264, -0.008850458078086376, -0.42019757628440857, 0.2558741569519043, -0.7815127968788147, 0.569004476070404], "cam_t_m2c": [160.8831787109375, 40.172523498535156, 246.1612091064453], "obj_id": 0}, {"cam_R_m2c": [-0.31175699830055237, -0.5383154153823853, 0.7829585075378418, 0.7449268102645874, -0.6499984264373779, -0.15028637647628784, 0.589823305606842, 0.5363940000534058, 0.6036472320556641], "cam_t_m2c": [14.8654203414917, -4.1130547523498535, 278.5015869140625], "obj_id": 0}, {"cam_R_m2c": [0.5566855072975159, -0.5278280973434448, -0.6414816379547119, 0.8284446001052856, 0.29558292031288147, 0.47572073340415955, -0.061487793922424316, -0.7962588667869568, 0.601823091506958], "cam_t_m2c": [-147.72702026367188, -24.394283294677734, 440.9441833496094], "obj_id": 1}, {"cam_R_m2c": [-0.1699279248714447, 0.9750255346298218, 0.1430027335882187, 0.881766676902771, 0.0856444388628006, 0.46384549140930176, 0.4400137960910797, 0.20491531491279602, -0.8742984533309937], "cam_t_m2c": [330.4054870605469, 139.59060668945312, 259.7223815917969], "obj_id": 2}, {"cam_R_m2c": [-0.16999287903308868, 0.602230429649353, -0.780013382434845, 0.881761908531189, 0.4463738799095154, 0.15246747434139252, 0.43999814987182617, -0.6618676781654358, -0.6069042682647705], "cam_t_m2c": [-35.12314987182617, 62.044776916503906, 273.9043884277344], "obj_id": 2}, {"cam_R_m2c": [-0.4335366487503052, -0.053490448743104935, 0.8995468616485596, 0.7254281640052795, -0.6129242181777954, 0.31317344307899475, 0.5346023440361023, 0.7883288860321045, 0.30452877283096313], "cam_t_m2c": [150.39292907714844, 187.99073791503906, 217.2213592529297], "obj_id": 0}, {"cam_R_m2c": [-0.16997982561588287, 0.958479642868042, -0.228961780667305, 0.8817639350891113, 0.2516736686229706, 0.3989393711090088, 0.43999892473220825, -0.13407856225967407, -0.8879321813583374], "cam_t_m2c": [107.124267578125, -7.536137580871582, 468.3074035644531], "obj_id": 2}, {"cam_R_m2c": [0.9355100989341736, 0.1898324340581894, -0.2979673445224762, 0.004044548608362675, 0.8375736474990845, 0.5463094711303711, 0.3532768487930298, -0.5122831463813782, 0.7827908396720886], "cam_t_m2c": [267.0703125, 61.64244079589844, 260.4154968261719], "obj_id": 3}, {"cam_R_m2c": [-0.40424859523773193, -0.652040421962738, 0.6414251923561096, 0.7015488743782043, -0.6710029244422913, -0.2399669587612152, 0.5868663787841797, 0.35298478603363037, 0.7286903262138367], "cam_t_m2c": [233.89276123046875, -123.3907241821289, 723.48779296875], "obj_id": 2}, {"cam_R_m2c": [0.4608466923236847, -0.6820394396781921, 0.5678401589393616, -0.3235349953174591, -0.7249153256416321, -0.6081304550170898, 0.8264051079750061, 0.0965387150645256, -0.5547384023666382], "cam_t_m2c": [359.41180419921875, 3.3209750652313232, 502.4396667480469], "obj_id": 3}, {"cam_R_m2c": [-0.050757378339767456, 0.49170005321502686, 0.86928391456604, 0.7756014466285706, -0.5289406180381775, 0.3444763422012329, 0.6291787028312683, 0.691702663898468, -0.35451552271842957], "cam_t_m2c": [-65.43984985351562, -44.90465545654297, 329.22454833984375], "obj_id": 0}, {"cam_R_m2c": [-0.8900095820426941, -0.3025015592575073, -0.34113866090774536, -0.32905474305152893, 0.9440697431564331, 0.02133839949965477, 0.3156037926673889, 0.1312446892261505, -0.9397706389427185], "cam_t_m2c": [203.75135803222656, 48.71126174926758, 282.17669677734375], "obj_id": 3}, {"cam_R_m2c": [-0.592845618724823, -0.7938492894172668, 0.13541585206985474, -0.25940755009651184, 0.02905779890716076, -0.9653307199478149, 0.7623922228813171, -0.6074199676513672, -0.22315733134746552], "cam_t_m2c": [110.21004486083984, -79.41339111328125, 370.4381408691406], "obj_id": 1}, {"cam_R_m2c": [-0.1580856740474701, 0.9285887479782104, 0.33575552701950073, -0.24383053183555603, 0.2927902340888977, -0.9245650172233582, -0.9568465948104858, -0.22802799940109253, 0.1801324039697647], "cam_t_m2c": [325.5865783691406, -22.324819564819336, 374.87091064453125], "obj_id": 1}, {"cam_R_m2c": [0.4549387991428375, 0.47553324699401855, -0.752926766872406, -0.32585325837135315, 0.8757460713386536, 0.3562140166759491, 0.8287643194198608, 0.08328809589147568, 0.5533649325370789], "cam_t_m2c": [340.00689697265625, -38.82172775268555, 486.6759033203125], "obj_id": 3}, {"cam_R_m2c": [-0.3510991930961609, -0.9314396381378174, -0.0956534743309021, -0.8837659358978271, 0.2959033250808716, 0.3624900281429291, -0.3093333840370178, 0.21180523931980133, -0.9270660281181335], "cam_t_m2c": [30.8367977142334, 175.22618103027344, 67.29476928710938], "obj_id": 0}, {"cam_R_m2c": [0.4099283218383789, 0.032996587455272675, 0.9115207195281982, 0.6394017934799194, 0.7022910714149475, -0.3129737973213196, -0.6504799127578735, 0.7111247777938843, 0.2667909264564514], "cam_t_m2c": [299.7531433105469, 45.20985794067383, 320.1179504394531], "obj_id": 3}, {"cam_R_m2c": [0.9626030921936035, -0.1857098489999771, -0.19724877178668976, 0.07907718420028687, -0.5037717223167419, 0.8602097034454346, -0.2591177821159363, -0.8436384201049805, -0.4702467918395996], "cam_t_m2c": [228.6891632080078, 31.639009475708008, 368.0535888671875], "obj_id": 3}, {"cam_R_m2c": [0.040600117295980453, 0.9640687108039856, 0.2625317871570587, -0.7104810476303101, 0.21259979903697968, -0.6708337068557739, -0.7025440335273743, -0.15928803384304047, 0.6935842633247375], "cam_t_m2c": [18.739791870117188, -66.53463745117188, 402.56170654296875], "obj_id": 1}, {"cam_R_m2c": [0.038300156593322754, -0.9987135529518127, -0.03323248773813248, 0.8888757824897766, 0.049244631081819534, -0.4554941654205322, 0.4565447270870209, -0.012094034813344479, 0.8896182775497437], "cam_t_m2c": [193.3022918701172, 9.36570930480957, 467.7283020019531], "obj_id": 2}, {"cam_R_m2c": [0.16189612448215485, 0.08505644649267197, 0.9831352233886719, -0.661658525466919, 0.7485013008117676, 0.04420047998428345, -0.7321184873580933, -0.6576557755470276, 0.1774578094482422], "cam_t_m2c": [10.30557632446289, -73.20021057128906, 422.48236083984375], "obj_id": 2}, {"cam_R_m2c": [0.09870487451553345, -0.027081849053502083, 0.9947481751441956, -0.5316632986068726, 0.8435641527175903, 0.07572069764137268, -0.8411845564842224, -0.5363451242446899, 0.06886547058820724], "cam_t_m2c": [231.56964111328125, 116.343017578125, 262.8441162109375], "obj_id": 0}, {"cam_R_m2c": [-0.01651228964328766, -0.1661723107099533, -0.9859583973884583, 0.8965591788291931, 0.4340592324733734, -0.08817097544670105, 0.44261592626571655, -0.8854260444641113, 0.14181604981422424], "cam_t_m2c": [-421.6831970214844, -60.177059173583984, 306.85870361328125], "obj_id": 2}, {"cam_R_m2c": [0.0383002795279026, 0.17315328121185303, 0.9841498732566833, 0.8888757228851318, -0.45587190985679626, 0.045614562928676605, 0.4565446376800537, 0.8730399012565613, -0.1713717132806778], "cam_t_m2c": [101.54378509521484, 59.98603057861328, 330.8365783691406], "obj_id": 2}]
}