{
  "0": [{"cam_R_m2c": [-0.7213205099105835, 0.5912662148475647, 0.36069533228874207, -0.5124788284301758, -0.10531770437955856, -0.8522169589996338, -0.4658994674682617, -0.7995702028274536, 0.3789791464805603], "cam_t_m2c": [330.7563781738281, -195.15435791015625, 1023.1768798828125], "obj_id": 2}, {"cam_R_m2c": [0.688968300819397, 0.5832231044769287, 0.4303179383277893, -0.20281170308589935, -0.4148634970188141, 0.8869925737380981, 0.6958377361297607, -0.6983832716941833, -0.16754336655139923], "cam_t_m2c": [453.6684875488281, -182.08131408691406, 1132.1400146484375], "obj_id": 3}, {"cam_R_m2c": [0.7153350114822388, -0.6596053242683411, 0.230687215924263, -0.05314332991838455, -0.38052383065223694, -0.9232428073883057, 0.6967579126358032, 0.6481683850288391, -0.3072556257247925], "cam_t_m2c": [8310.7451171875, -12709.26953125, -18591.12109375], "obj_id": 1}, {"cam_R_m2c": [-0.25191283226013184, -0.2268257737159729, 0.9407921433448792, 0.9183156490325928, -0.36276087164878845, 0.15843245387077332, 0.3053460717201233, 0.9038553833961487, 0.2996818423271179], "cam_t_m2c": [175.2323455810547, -13.39990234375, 966.9522705078125], "obj_id": 3}],
  "1": [{"cam_R_m2c": [-0.7806372046470642, 0.5891118049621582, 0.20869281888008118, -0.4553386867046356, -0.3073699176311493, -0.8355778455734253, -0.42810288071632385, -0.747309148311615, 0.508189857006073], "cam_t_m2c": [287.5767517089844, -204.60675048828125, 1321.68310546875], "obj_id": 2}, {"cam_R_m2c": [0.6276565194129944, 0.5287390351295471, 0.5713862776756287, -0.20660364627838135, -0.5945132970809937, 0.7770898938179016, 0.7505745887756348, -0.6057960391044617, -0.263910710811615], "cam_t_m2c": [407.86651611328125, -195.49429321289062, 1433.7100830078125], "obj_id": 3}, {"cam_R_m2c": [0.6776177883148193, -0.730078935623169, 0.08842407912015915, -0.06420394033193588, -0.17850689589977264, -0.9818416237831116, 0.7326062917709351, 0.6596361994743347, -0.1678333729505539], "cam_t_m2c": [6711.0498046875, -16445.767578125, -15997.787109375], "obj_id": 1}, {"cam_R_m2c": [-0.11010231822729111, -0.3074388802051544, 0.9451765418052673, 0.980037271976471, -0.1919679045677185, 0.05172158032655716, 0.16554240882396698, 0.9320029616355896, 0.32243776321411133], "cam_t_m2c": [164.82496643066406, -10.724326133728027, 1233.37939453125], "obj_id": 3}]
}