{
  "0": [{"cam_R_m2c": [-0.7745282649993896, 0.29875725507736206, 0.5575392842292786, 0.10078205913305283, 0.9284564256668091, -0.3575076162815094, -0.624458909034729, -0.22070978581905365, -0.7492250800132751], "cam_t_m2c": [179.51620483398438, 12.33303165435791, 1024.2088623046875], "obj_id": 3}, {"cam_R_m2c": [-0.7079219818115234, -0.6934667229652405, 0.1339782178401947, 0.3270437717437744, -0.15371611714363098, 0.9324235320091248, -0.6260101199150085, 0.7038999199867249, 0.3356131315231323], "cam_t_m2c": [1064.9384765625, -211.71218872070312, 1487.6280517578125], "obj_id": 2}, {"cam_R_m2c": [0.7940937876701355, -0.024978796020150185, 0.6072817444801331, 0.26737746596336365, -0.8829246163368225, -0.3859446942806244, 0.5458244681358337, 0.46884971857070923, -0.6944461464881897], "cam_t_m2c": [225.0951690673828, -144.19471740722656, 1233.3775634765625], "obj_id": 3}, {"cam_R_m2c": [-0.49514803290367126, 0.8682165741920471, 0.03207060322165489, 0.8605425953865051, 0.495182603597641, -0.11941803991794586, -0.11956152319908142, -0.03153148293495178, -0.992326021194458], "cam_t_m2c": [-0.0002636607096064836, 0.0002868473529815674, 1077.906494140625], "obj_id": 1}, {"cam_R_m2c": [-0.5442367792129517, -0.03290963172912598, 0.8382859826087952, 0.7527433037757874, -0.4603104293346405, 0.4706292748451233, 0.37038350105285645, 0.887147843837738, 0.275290310382843], "cam_t_m2c": [577.5699462890625, -26.505924224853516, 1135.3712158203125], "obj_id": 3}, {"cam_R_m2c": [-0.022749772295355797, -0.9268593788146973, -0.37471863627433777, 0.8215932250022888, 0.19622480869293213, -0.5352385640144348, 0.5696199536323547, -0.3200428783893585, 0.7570374011993408], "cam_t_m2c": [526.634521484375, 42.15275955200195, 838.341552734375], "obj_id": 3}, {"cam_R_m2c": [-0.668607771396637, -0.10540012270212173, 0.7361075282096863, 0.7425004243850708, -0.14880844950675964, 0.653107225894928, 0.0407014824450016, 0.9832327961921692, 0.1777542382478714], "cam_t_m2c": [756.1051025390625, -12.741386413574219, 1024.9964599609375], "obj_id": 3}, {"cam_R_m2c": [-0.38909241557121277, -0.8801250457763672, 0.2720053493976593, -0.5562622547149658, -0.01088644377887249, -0.8309354782104492, 0.7342883348464966, -0.47461700439453125, -0.4853445291519165], "cam_t_m2c": [344.74017333984375, -189.97454833984375, 1454.48291015625], "obj_id": 2}, {"cam_R_m2c": [-0.9053733348846436, -0.4101592004299164, -0.10985690355300903, -0.40292811393737793, 0.7482491731643677, 0.5270408987998962, -0.13397033512592316, 0.5214332342147827, -0.8427095413208008], "cam_t_m2c": [542.2345581054688, 33.50850296020508, 1008.233642578125], "obj_id": 2}, {"cam_R_m2c": [0.2080174684524536, -0.16511419415473938, 0.9640882015228271, 0.8921036124229431, 0.4362103343009949, -0.1177782416343689, -0.4010984003543854, 0.8845664858818054, 0.2380383461713791], "cam_t_m2c": [174.4384002685547, -302.1060485839844, 1605.48193359375], "obj_id": 1}]
}