{
  "0": [{"cam_R_m2c": [-0.43594276905059814, 0.31309744715690613, 0.8437556624412537, -0.749439001083374, -0.6453819274902344, -0.14772653579711914, 0.4982919692993164, -0.6967437863349915, 0.5159972310066223], "cam_t_m2c": [7761.0791015625, 4075.633056640625, -55226.05078125], "obj_id": 1}, {"cam_R_m2c": [-0.7568252682685852, 0.05589456856250763, 0.6512227058410645, -0.6535621285438538, -0.07762382924556732, -0.7528817057609558, 0.008468459360301495, -0.9954145550727844, 0.09527841955423355], "cam_t_m2c": [-50.67020797729492, 269.6137390136719, 1125.859619140625], "obj_id": 3}, {"cam_R_m2c": [-0.21013139188289642, -0.004577843006700277, 0.9776625037193298, -0.24316242337226868, 0.9688106775283813, -0.04772708937525749, -0.9469513893127441, -0.24775972962379456, -0.20469069480895996], "cam_t_m2c": [-203.42254638671875, 424.63922119140625, 1162.29443359375], "obj_id": 0}, {"cam_R_m2c": [-0.5642305016517639, 0.7991334199905396, -0.20743563771247864, 0.26682043075561523, 0.41426387429237366, 0.8701679706573486, 0.781313419342041, 0.4356273114681244, -0.44696542620658875], "cam_t_m2c": [72.51043701171875, 262.3063049316406, 1071.50830078125], "obj_id": 3}],
  "1": [{"cam_R_m2c": [-0.9323264360427856, -0.2338680475950241, 0.2758135497570038, -0.047408577054739, -0.6770892143249512, -0.7343721985816956, 0.35849660634994507, -0.6977505683898926, 0.6201809048652649], "cam_t_m2c": [16662.015625, -7823.6591796875, -53008.859375], "obj_id": 1}, {"cam_R_m2c": [-0.9583381414413452, 0.1274171620607376, -0.255641907453537, 0.234622061252594, -0.15931035578250885, -0.9589434862136841, -0.1629122793674469, -0.9789714217185974, 0.12277837842702866], "cam_t_m2c": [185.2160186767578, 199.59042358398438, 983.4078369140625], "obj_id": 3}, {"cam_R_m2c": [-0.16476312279701233, 0.8205605149269104, 0.5472966432571411, -0.03639818727970123, 0.5494438409805298, -0.8347374796867371, -0.9856613874435425, -0.15745453536510468, -0.06066117808222771], "cam_t_m2c": [218.31442260742188, 416.087158203125, 1010.8760375976562], "obj_id": 0}, {"cam_R_m2c": [-0.22795246541500092, 0.717963695526123, 0.657697319984436, 0.6666567325592041, -0.37723222374916077, 0.6428565979003906, 0.7096523642539978, 0.5849990844726562, -0.39264434576034546], "cam_t_m2c": [257.6607666015625, 91.71429443359375, 947.6554565429688], "obj_id": 3}]
}