{
  "0": [{"cam_R_m2c": [-0.7181492447853088, -0.6946832537651062, -0.040947649627923965, -0.6847805380821228, 0.7159327864646912, -0.13607296347618103, 0.12384337931871414, -0.06968054920434952, -0.9898521304130554], "cam_t_m2c": [185.8778533935547, -244.54730224609375, 1364.1661376953125], "obj_id": 3}, {"cam_R_m2c": [-0.1600160002708435, 0.7123588919639587, 0.683329701423645, -0.9870744347572327, -0.10925112664699554, -0.1172519251704216, -0.008870843797922134, -0.6932595372200012, 0.7206333875656128], "cam_t_m2c": [263.03460693359375, -50.83149719238281, 961.3262329101562], "obj_id": 3}, {"cam_R_m2c": [-0.6157755255699158, 0.24605205655097961, 0.7485178112983704, 0.480178564786911, -0.6360055208206177, 0.604090690612793, 0.6246992349624634, 0.7314064502716064, 0.2734876573085785], "cam_t_m2c": [251.3001251220703, 66.72199249267578, 1261.8818359375], "obj_id": 1}],
  "1": [{"cam_R_m2c": [-0.8017923831939697, -0.5975982546806335, -0.0023020997177809477, -0.30132433772087097, 0.40760496258735657, -0.8620103597640991, 0.5160741806030273, -0.690459668636322, -0.5068854689598083], "cam_t_m2c": [129.108642578125, 204.33993530273438, 1593.8712158203125], "obj_id": 3}, {"cam_R_m2c": [-0.27804550528526306, 0.7310917377471924, 0.623053252696991, -0.6094516515731812, -0.6356244087219238, 0.47386714816093445, 0.7424682974815369, -0.24796420335769653, 0.6222977638244629], "cam_t_m2c": [251.4171600341797, 3.740212917327881, 1205.8822021484375], "obj_id": 3}, {"cam_R_m2c": [-0.5864999890327454, 0.1260543316602707, 0.8000800609588623, 0.8068804740905762, 0.17683987319469452, 0.5636236071586609, -0.07043886184692383, 0.976134181022644, -0.2054273784160614], "cam_t_m2c": [237.4230499267578, 313.4515380859375, 1297.342041015625], "obj_id": 1}]
}