{
  "0": [{"cam_R_m2c": [-0.9288807511329651, -0.10425464808940887, -0.3554031550884247, 0.3076825439929962, 0.3169727325439453, -0.8971397280693054, 0.20618408918380737, -0.9426872134208679, -0.26235246658325195], "cam_t_m2c": [-54.64496612548828, 10.17578125, 645.908203125], "obj_id": 1}, {"cam_R_m2c": [0.5518184304237366, -0.1494968980550766, -0.8204554319381714, -0.826056957244873, 0.037173524498939514, -0.5623593926429749, 0.11457021534442902, 0.9880631566047668, -0.10297992825508118], "cam_t_m2c": [89.74810791015625, -73.10556030273438, 567.3106079101562], "obj_id": 3}, {"cam_R_m2c": [-0.8359178304672241, -0.5156601071357727, -0.18797892332077026, 0.038086600601673126, -0.39616599678993225, 0.9173886179924011, -0.5475315451622009, 0.7597020268440247, 0.350801944732666], "cam_t_m2c": [-90.53546905517578, -73.68595123291016, 492.2154235839844], "obj_id": 2}, {"cam_R_m2c": [-0.5435803532600403, -0.5358245968818665, 0.6460745334625244, -0.8209714889526367, 0.17918401956558228, -0.5421244502067566, 0.17471736669540405, -0.8250970244407654, -0.5372976064682007], "cam_t_m2c": [-148.06100463867188, -168.10643005371094, 736.9640502929688], "obj_id": 0}],
  "1": [{"cam_R_m2c": [0.8796332478523254, 0.3929784595966339, 0.26797986030578613, 0.47077858448028564, -0.7997418642044067, -0.3725321888923645, 0.0679175928235054, 0.4538508951663971, -0.8884853720664978], "cam_t_m2c": [93.65328979492188, -132.03941345214844, 968.5367431640625], "obj_id": 1}, {"cam_R_m2c": [-0.6836293935775757, -0.1080307736992836, 0.721789538860321, -0.1998772919178009, 0.9788857102394104, -0.04279947653412819, -0.7019258141517639, -0.17352831363677979, -0.6907879710197449], "cam_t_m2c": [-36.52833557128906, -257.23211669921875, 932.1779174804688], "obj_id": 3}, {"cam_R_m2c": [0.9447904229164124, 0.23318369686603546, 0.23020948469638824, -0.32568323612213135, 0.7456033229827881, 0.5813829898834229, -0.03607592359185219, -0.624260425567627, 0.7803828716278076], "cam_t_m2c": [154.7073211669922, -288.743896484375, 908.156494140625], "obj_id": 2}, {"cam_R_m2c": [0.345783531665802, 0.7525562047958374, -0.5604398250579834, 0.10098611563444138, -0.6236618757247925, -0.775143563747406, -0.9328641295433044, 0.2114352136850357, -0.2916496992111206], "cam_t_m2c": [131.4372100830078, -64.96186828613281, 761.2298583984375], "obj_id": 0}]
}