{
  "0": [{"cam_R_m2c": [-0.4336661696434021, -0.6173624992370605, 0.6563515067100525, 0.6618598103523254, -0.7125306129455566, -0.2328987717628479, 0.6114534735679626, 0.3334123492240906, 0.7176077365875244], "cam_t_m2c": [233.72714233398438, -126.1974105834961, 769.3358154296875], "obj_id": 1}, {"cam_R_m2c": [0.5610870718955994, 0.7959070205688477, 0.2274056375026703, -0.6575813293457031, 0.5954463481903076, -0.46155211329460144, -0.5027604103088379, 0.10943320393562317, 0.8574708700180054], "cam_t_m2c": [-302.02001953125, -334.765380859375, 943.2348022460938], "obj_id": 2}, {"cam_R_m2c": [0.2535375952720642, 0.9181033372879028, -0.3046388626098633, -0.3256615102291107, 0.3775583505630493, 0.8668299317359924, 0.9108584523200989, -0.1205647736787796, 0.39471620321273804], "cam_t_m2c": [240.28646850585938, 28.593730926513672, 683.5540161132812], "obj_id": 3}, {"cam_R_m2c": [-0.05987362936139107, -0.9909763336181641, 0.11992043256759644, -0.8238852620124817, 0.1168883666396141, 0.5545719861984253, -0.5635850429534912, -0.06559641659259796, -0.8234493732452393], "cam_t_m2c": [449.6445007324219, 149.66246032714844, 564.2684936523438], "obj_id": 4}, {"cam_R_m2c": [-0.2687366008758545, 0.8988863229751587, 0.3460981547832489, 0.8166022896766663, 0.022059369832277298, 0.5767790079116821, 0.5108240842819214, 0.4376262128353119, -0.7399607300758362], "cam_t_m2c": [238.08824157714844, -205.5689239501953, 1025.3951416015625], "obj_id": 1}, {"cam_R_m2c": [-0.49312207102775574, -0.8519999384880066, -0.17586003243923187, 0.7603459358215332, -0.32386314868927, -0.5630157589912415, 0.4227348268032074, -0.41134995222091675, 0.807518720626831], "cam_t_m2c": [142.10157775878906, -92.49513244628906, 667.2566528320312], "obj_id": 2}, {"cam_R_m2c": [0.8466813564300537, -0.5185653567314148, -0.11925016343593597, -0.05259326845407486, 0.1414567530155182, -0.9885463714599609, 0.5294946432113647, 0.8432555794715881, 0.09249574691057205], "cam_t_m2c": [-227.62200927734375, -179.13572692871094, 661.264404296875], "obj_id": 4}, {"cam_R_m2c": [-0.26873645186424255, -0.8560143113136292, 0.44161099195480347, 0.8166024088859558, -0.4456210136413574, -0.36685484647750854, 0.5108241438865662, 0.2620333433151245, 0.8187779188156128], "cam_t_m2c": [0.6076470017433167, -25.501174926757812, 612.604248046875], "obj_id": 1}, {"cam_R_m2c": [-0.008744092658162117, -0.6243076920509338, -0.7811294794082642, -0.7186688780784607, -0.5392351746559143, 0.43902185559272766, -0.695297360420227, 0.5652123689651489, -0.44395527243614197], "cam_t_m2c": [381.0241394042969, 136.84718322753906, 553.2058715820312], "obj_id": 1}, {"cam_R_m2c": [-0.9292768239974976, -0.27875861525535583, -0.2423596829175949, -0.1477738469839096, -0.3207739293575287, 0.9355570673942566, -0.3385372459888458, 0.9052059054374695, 0.2568945288658142], "cam_t_m2c": [-126.77711486816406, -32.80604553222656, 592.6959838867188], "obj_id": 3}],
  "1": [{"cam_R_m2c": [0.3097006380558014, 0.19150954484939575, 0.9313482642173767, 0.47854286432266235, -0.8778041005134583, 0.021369900554418564, 0.8216338753700256, 0.43907180428504944, -0.36350205540657043], "cam_t_m2c": [453.7113037109375, -185.907958984375, 345.8755187988281], "obj_id": 1}, {"cam_R_m2c": [-0.1644551306962967, 0.2980276048183441, 0.9402839541435242, -0.4284769892692566, 0.8370428085327148, -0.34024518728256226, -0.8884603977203369, -0.4588451385498047, -0.009958009235560894], "cam_t_m2c": [452.71728515625, -565.3909301757812, 811.4484252929688], "obj_id": 2}, {"cam_R_m2c": [0.9786944389343262, 0.16224080324172974, 0.12583762407302856, -0.20296655595302582, 0.671898603439331, 0.7122898697853088, 0.031012361869215965, -0.7226549386978149, 0.6905128955841064], "cam_t_m2c": [354.0421447753906, -39.86017608642578, 355.7720947265625], "obj_id": 3}, {"cam_R_m2c": [-0.41860392689704895, -0.43331319093704224, -0.7981294989585876, -0.8016244173049927, -0.23673029243946075, 0.5489602088928223, -0.4268130362033844, 0.8695968389511108, -0.2482583373785019], "cam_t_m2c": [301.25616455078125, 144.73033142089844, 166.41148376464844], "obj_id": 4}, {"cam_R_m2c": [0.2531716227531433, 0.7225058078765869, -0.6433423161506653, 0.6794979572296143, 0.3405487537384033, 0.649852991104126, 0.6886120438575745, -0.6016740798950195, -0.4047239422798157], "cam_t_m2c": [703.0281372070312, -254.86618041992188, 416.3816223144531], "obj_id": 1}, {"cam_R_m2c": [0.09984049201011658, -0.636685848236084, 0.7646325826644897, 0.5472476482391357, -0.6066659092903137, -0.5766077637672424, 0.8309944868087769, 0.4760121703147888, 0.28785502910614014], "cam_t_m2c": [321.7669677734375, -187.80491638183594, 396.25738525390625], "obj_id": 2}, {"cam_R_m2c": [0.799517035484314, 0.5700840353965759, 0.18914738297462463, 0.2537970542907715, -0.03522680327296257, -0.9666158556938171, -0.5443892478942871, 0.8208308815956116, -0.1728500872850418], "cam_t_m2c": [196.4612274169922, -397.9168701171875, 686.7560424804688], "obj_id": 4}, {"cam_R_m2c": [0.25317177176475525, 0.0005057983216829598, 0.9674212336540222, 0.679498016834259, -0.7118944525718689, -0.1774507761001587, 0.6886119842529297, 0.7022863626480103, -0.18057528138160706], "cam_t_m2c": [210.69876098632812, -175.1514434814453, 518.7291870117188], "obj_id": 1}, {"cam_R_m2c": [-0.5372547507286072, 0.3769211173057556, -0.7545114755630493, -0.6872108578681946, -0.7142693996429443, 0.13251501321792603, -0.4889768362045288, 0.589702844619751, 0.6427690982818604], "cam_t_m2c": [268.34503173828125, 108.64191436767578, 217.49818420410156], "obj_id": 1}, {"cam_R_m2c": [-0.6234373450279236, 0.7817962169647217, 0.01097123883664608, -0.4674456715583801, -0.3839356303215027, 0.7962962985038757, 0.6267537474632263, 0.4913124740123749, 0.6048071980476379], "cam_t_m2c": [147.73619079589844, -226.68528747558594, 619.0115966796875], "obj_id": 3}],
  "2": [{"cam_R_m2c": [0.3097006380558014, 0.19150954484939575, 0.9313482642173767, 0.47854286432266235, -0.8778041005134583, 0.021369900554418564, 0.8216338753700256, 0.43907180428504944, -0.36350205540657043], "cam_t_m2c": [453.7113037109375, -185.907958984375, 345.8755187988281], "obj_id": 1}, {"cam_R_m2c": [-0.1644551306962967, 0.2980276048183441, 0.9402839541435242, -0.4284769892692566, 0.8370428085327148, -0.34024518728256226, -0.8884603977203369, -0.4588451385498047, -0.009958009235560894], "cam_t_m2c": [452.71728515625, -565.3909301757812, 811.4484252929688], "obj_id": 2}, {"cam_R_m2c": [0.9786944389343262, 0.16224080324172974, 0.12583762407302856, -0.20296655595302582, 0.671898603439331, 0.7122898697853088, 0.031012361869215965, -0.7226549386978149, 0.6905128955841064], "cam_t_m2c": [354.0421447753906, -39.86017608642578, 355.7720947265625], "obj_id": 3}, {"cam_R_m2c": [-0.41860392689704895, -0.43331319093704224, -0.7981294989585876, -0.8016244173049927, -0.23673029243946075, 0.5489602088928223, -0.4268130362033844, 0.8695968389511108, -0.2482583373785019], "cam_t_m2c": [301.25616455078125, 144.73033142089844, 166.41148376464844], "obj_id": 4}, {"cam_R_m2c": [0.2531716227531433, 0.7225058078765869, -0.6433423161506653, 0.6794979572296143, 0.3405487537384033, 0.649852991104126, 0.6886120438575745, -0.6016740798950195, -0.4047239422798157], "cam_t_m2c": [703.0281372070312, -254.86618041992188, 416.3816223144531], "obj_id": 1}, {"cam_R_m2c": [0.09984049201011658, -0.636685848236084, 0.7646325826644897, 0.5472476482391357, -0.6066659092903137, -0.5766077637672424, 0.8309944868087769, 0.4760121703147888, 0.28785502910614014], "cam_t_m2c": [321.7669677734375, -187.80491638183594, 396.25738525390625], "obj_id": 2}, {"cam_R_m2c": [0.799517035484314, 0.5700840353965759, 0.18914738297462463, 0.2537970542907715, -0.03522680327296257, -0.9666158556938171, -0.5443892478942871, 0.8208308815956116, -0.1728500872850418], "cam_t_m2c": [196.4612274169922, -397.9168701171875, 686.7560424804688], "obj_id": 4}, {"cam_R_m2c": [0.25317177176475525, 0.0005057983216829598, 0.9674212336540222, 0.679498016834259, -0.7118944525718689, -0.1774507761001587, 0.6886119842529297, 0.7022863626480103, -0.18057528138160706], "cam_t_m2c": [210.69876098632812, -175.1514434814453, 518.7291870117188], "obj_id": 1}, {"cam_R_m2c": [-0.5372547507286072, 0.3769211173057556, -0.7545114755630493, -0.6872108578681946, -0.7142693996429443, 0.13251501321792603, -0.4889768362045288, 0.589702844619751, 0.6427690982818604], "cam_t_m2c": [268.34503173828125, 108.64191436767578, 217.49818420410156], "obj_id": 1}, {"cam_R_m2c": [-0.6234373450279236, 0.7817962169647217, 0.01097123883664608, -0.4674456715583801, -0.3839356303215027, 0.7962962985038757, 0.6267537474632263, 0.4913124740123749, 0.6048071980476379], "cam_t_m2c": [147.73619079589844, -226.68528747558594, 619.0115966796875], "obj_id": 3}],
  "3": [{"cam_R_m2c": [0.15382897853851318, 0.6118678450584412, 0.7758570909500122, 0.86362624168396, -0.4647659659385681, 0.19529980421066284, 0.4800897538661957, 0.6400078535079956, -0.5999195575714111], "cam_t_m2c": [573.1873779296875, -160.85565185546875, 346.3853454589844], "obj_id": 1}, {"cam_R_m2c": [-0.05486377328634262, -0.16146470606327057, 0.9853522777557373, -0.7989991903305054, 0.5989334583282471, 0.0536564439535141, -0.5988240838050842, -0.7843518257141113, -0.16186991333961487], "cam_t_m2c": [794.517333984375, -272.14617919921875, 893.5543823242188], "obj_id": 2}, {"cam_R_m2c": [0.9627179503440857, -0.23797519505023956, -0.12861572206020355, 0.19861431419849396, 0.2990552484989166, 0.9333371520042419, -0.18364790081977844, -0.9240853786468506, 0.3351711332798004], "cam_t_m2c": [420.5885009765625, -71.9190444946289, 333.51275634765625], "obj_id": 3}, {"cam_R_m2c": [-0.0614614300429821, -0.18045029044151306, -0.9816619157791138, -0.9979901909828186, 0.026314804330468178, 0.05764652043581009, 0.0154299046844244, 0.9832320213317871, -0.18170496821403503], "cam_t_m2c": [269.8495178222656, -20.85640525817871, 115.8253402709961], "obj_id": 4}, {"cam_R_m2c": [-0.0011777655454352498, 0.42096656560897827, -0.9070753455162048, 0.951328694820404, 0.2800106406211853, 0.12871547043323517, 0.30817562341690063, -0.8627752661705017, -0.40080738067626953], "cam_t_m2c": [833.220703125, -97.29749298095703, 361.4933166503906], "obj_id": 1}, {"cam_R_m2c": [-0.06205037236213684, -0.24008166790008545, 0.968767523765564, 0.8487814664840698, -0.5233497023582458, -0.07533226907253265, 0.5250901579856873, 0.8175975680351257, 0.23625098168849945], "cam_t_m2c": [462.6401672363281, -188.07540893554688, 429.9894714355469], "obj_id": 2}, {"cam_R_m2c": [0.5345516800880432, 0.6144124865531921, 0.5803031325340271, 0.26104602217674255, 0.5330263376235962, -0.8048216104507446, -0.8038092851638794, 0.5817045569419861, 0.12454019486904144], "cam_t_m2c": [478.174560546875, -280.43243408203125, 798.0477294921875], "obj_id": 4}, {"cam_R_m2c": [-0.0011776492465287447, 0.39797088503837585, 0.9173972010612488, 0.9513287544250488, -0.28227367997169495, 0.12367285788059235, 0.30817538499832153, 0.8728920817375183, -0.37826865911483765], "cam_t_m2c": [372.2635803222656, -164.43702697753906, 566.9891357421875], "obj_id": 1}, {"cam_R_m2c": [-0.22491148114204407, 0.7203440070152283, -0.656139612197876, -0.9733178615570068, -0.1975131779909134, 0.11679364740848541, -0.04546466842293739, 0.6649007201194763, 0.7455467581748962], "cam_t_m2c": [262.545654296875, -40.30584716796875, 183.38079833984375], "obj_id": 1}, {"cam_R_m2c": [-0.2735065221786499, 0.9208871126174927, -0.2777790427207947, -0.33815786242485046, 0.17829759418964386, 0.9240450859069824, 0.9004685282707214, 0.34666547179222107, 0.2626396119594574], "cam_t_m2c": [350.7544250488281, -186.0877685546875, 692.4688720703125], "obj_id": 3}],
  "4": [{"cam_R_m2c": [0.15382897853851318, 0.6118678450584412, 0.7758570909500122, 0.86362624168396, -0.4647659659385681, 0.19529980421066284, 0.4800897538661957, 0.6400078535079956, -0.5999195575714111], "cam_t_m2c": [573.1873779296875, -160.85565185546875, 346.3853454589844], "obj_id": 1}, {"cam_R_m2c": [-0.05486377328634262, -0.16146470606327057, 0.9853522777557373, -0.7989991903305054, 0.5989334583282471, 0.0536564439535141, -0.5988240838050842, -0.7843518257141113, -0.16186991333961487], "cam_t_m2c": [794.517333984375, -272.14617919921875, 893.5543823242188], "obj_id": 2}, {"cam_R_m2c": [0.9627179503440857, -0.23797519505023956, -0.12861572206020355, 0.19861431419849396, 0.2990552484989166, 0.9333371520042419, -0.18364790081977844, -0.9240853786468506, 0.3351711332798004], "cam_t_m2c": [420.5885009765625, -71.9190444946289, 333.51275634765625], "obj_id": 3}, {"cam_R_m2c": [-0.0614614300429821, -0.18045029044151306, -0.9816619157791138, -0.9979901909828186, 0.026314804330468178, 0.05764652043581009, 0.0154299046844244, 0.9832320213317871, -0.18170496821403503], "cam_t_m2c": [269.8495178222656, -20.85640525817871, 115.8253402709961], "obj_id": 4}, {"cam_R_m2c": [-0.0011777655454352498, 0.42096656560897827, -0.9070753455162048, 0.951328694820404, 0.2800106406211853, 0.12871547043323517, 0.30817562341690063, -0.8627752661705017, -0.40080738067626953], "cam_t_m2c": [833.220703125, -97.29749298095703, 361.4933166503906], "obj_id": 1}, {"cam_R_m2c": [-0.06205037236213684, -0.24008166790008545, 0.968767523765564, 0.8487814664840698, -0.5233497023582458, -0.07533226907253265, 0.5250901579856873, 0.8175975680351257, 0.23625098168849945], "cam_t_m2c": [462.6401672363281, -188.07540893554688, 429.9894714355469], "obj_id": 2}, {"cam_R_m2c": [0.5345516800880432, 0.6144124865531921, 0.5803031325340271, 0.26104602217674255, 0.5330263376235962, -0.8048216104507446, -0.8038092851638794, 0.5817045569419861, 0.12454019486904144], "cam_t_m2c": [478.174560546875, -280.43243408203125, 798.0477294921875], "obj_id": 4}, {"cam_R_m2c": [-0.0011776492465287447, 0.39797088503837585, 0.9173972010612488, 0.9513287544250488, -0.28227367997169495, 0.12367285788059235, 0.30817538499832153, 0.8728920817375183, -0.37826865911483765], "cam_t_m2c": [372.2635803222656, -164.43702697753906, 566.9891357421875], "obj_id": 1}, {"cam_R_m2c": [-0.22491148114204407, 0.7203440070152283, -0.656139612197876, -0.9733178615570068, -0.1975131779909134, 0.11679364740848541, -0.04546466842293739, 0.6649007201194763, 0.7455467581748962], "cam_t_m2c": [262.545654296875, -40.30584716796875, 183.38079833984375], "obj_id": 1}, {"cam_R_m2c": [-0.2735065221786499, 0.9208871126174927, -0.2777790427207947, -0.33815786242485046, 0.17829759418964386, 0.9240450859069824, 0.9004685282707214, 0.34666547179222107, 0.2626396119594574], "cam_t_m2c": [350.7544250488281, -186.0877685546875, 692.4688720703125], "obj_id": 3}],
  "5": [{"cam_R_m2c": [-0.2005850225687027, 0.9793139100074768, 0.02664252743124962, 0.6874081492424011, 0.12131550163030624, 0.7160674333572388, 0.6980226635932922, 0.16194671392440796, -0.6975224018096924], "cam_t_m2c": [546.7789916992188, 330.89202880859375, 92.03221893310547], "obj_id": 1}, {"cam_R_m2c": [0.1575165092945099, -0.871888279914856, 0.46368032693862915, -0.5682517886161804, 0.3039861023426056, 0.7646452784538269, -0.8076375722885132, -0.383931428194046, -0.44756922125816345], "cam_t_m2c": [1028.0130615234375, 406.3355712890625, 443.44158935546875], "obj_id": 2}, {"cam_R_m2c": [0.3488088548183441, -0.8019680380821228, -0.48495328426361084, 0.8466293811798096, 0.047716960310935974, 0.5300394296646118, -0.4019341468811035, -0.5954581499099731, 0.6956138014793396], "cam_t_m2c": [394.84808349609375, 279.15338134765625, 166.8784637451172], "obj_id": 3}, {"cam_R_m2c": [0.5936628580093384, 0.3831709623336792, -0.7076329588890076, -0.7213128209114075, -0.13646423816680908, -0.6790325045585632, -0.3567522168159485, 0.9135410785675049, 0.19537244737148285], "cam_t_m2c": [162.24050903320312, 207.62721252441406, 50.70968246459961], "obj_id": 4}, {"cam_R_m2c": [-0.43498945236206055, -0.37042301893234253, -0.8207134008407593, 0.636549174785614, 0.5181543827056885, -0.5712451338768005, 0.6368585824966431, -0.7709102630615234, 0.010400905273854733], "cam_t_m2c": [668.1099853515625, 564.8623657226562, 42.81948471069336], "obj_id": 1}, {"cam_R_m2c": [-0.29534029960632324, 0.6053693890571594, 0.7391223311424255, 0.5175822973251343, -0.5488876700401306, 0.6563768982887268, 0.8030457496643066, 0.5764113068580627, -0.1512196958065033], "cam_t_m2c": [541.6398315429688, 229.3162384033203, 190.04852294921875], "obj_id": 2}, {"cam_R_m2c": [-0.26136305928230286, 0.3290131986141205, 0.9074357748031616, 0.5875663161277771, 0.8000987768173218, -0.12086247652769089, -0.7658035755157471, 0.5015896558761597, -0.4024333655834198], "cam_t_m2c": [797.7059326171875, 170.13613891601562, 464.21246337890625], "obj_id": 4}, {"cam_R_m2c": [-0.43498995900154114, 0.8594133853912354, 0.2686859965324402, 0.6365494132041931, 0.08245166391134262, 0.7668157815933228, 0.6368581652641296, 0.5045891404151917, -0.5829246640205383], "cam_t_m2c": [544.1591796875, 175.84365844726562, 346.9878234863281], "obj_id": 1}, {"cam_R_m2c": [0.4506817162036896, 0.8894698619842529, -0.0756927877664566, -0.8234955668449402, 0.3815225660800934, -0.41987571120262146, -0.3445882797241211, 0.2515629827976227, 0.9044197201728821], "cam_t_m2c": [204.8152313232422, 187.60421752929688, 103.4528579711914], "obj_id": 1}, {"cam_R_m2c": [0.512909471988678, 0.60966956615448, -0.6043400168418884, -0.44989123940467834, 0.7904783487319946, 0.41562217473983765, 0.7311099171638489, 0.0587107390165329, 0.6797288656234741], "cam_t_m2c": [609.5397338867188, 142.61170959472656, 453.27801513671875], "obj_id": 3}],
  "6": [{"cam_R_m2c": [-0.2005850225687027, 0.9793139100074768, 0.02664252743124962, 0.6874081492424011, 0.12131550163030624, 0.7160674333572388, 0.6980226635932922, 0.16194671392440796, -0.6975224018096924], "cam_t_m2c": [546.7789916992188, 330.89202880859375, 92.03221893310547], "obj_id": 1}, {"cam_R_m2c": [0.1575165092945099, -0.871888279914856, 0.46368032693862915, -0.5682517886161804, 0.3039861023426056, 0.7646452784538269, -0.8076375722885132, -0.383931428194046, -0.44756922125816345], "cam_t_m2c": [1028.0130615234375, 406.3355712890625, 443.44158935546875], "obj_id": 2}, {"cam_R_m2c": [0.3488088548183441, -0.8019680380821228, -0.48495328426361084, 0.8466293811798096, 0.047716960310935974, 0.5300394296646118, -0.4019341468811035, -0.5954581499099731, 0.6956138014793396], "cam_t_m2c": [394.84808349609375, 279.15338134765625, 166.8784637451172], "obj_id": 3}, {"cam_R_m2c": [0.5936628580093384, 0.3831709623336792, -0.7076329588890076, -0.7213128209114075, -0.13646423816680908, -0.6790325045585632, -0.3567522168159485, 0.9135410785675049, 0.19537244737148285], "cam_t_m2c": [162.24050903320312, 207.62721252441406, 50.70968246459961], "obj_id": 4}, {"cam_R_m2c": [-0.43498945236206055, -0.37042301893234253, -0.8207134008407593, 0.636549174785614, 0.5181543827056885, -0.5712451338768005, 0.6368585824966431, -0.7709102630615234, 0.010400905273854733], "cam_t_m2c": [668.1099853515625, 564.8623657226562, 42.81948471069336], "obj_id": 1}, {"cam_R_m2c": [-0.29534029960632324, 0.6053693890571594, 0.7391223311424255, 0.5175822973251343, -0.5488876700401306, 0.6563768982887268, 0.8030457496643066, 0.5764113068580627, -0.1512196958065033], "cam_t_m2c": [541.6398315429688, 229.3162384033203, 190.04852294921875], "obj_id": 2}, {"cam_R_m2c": [-0.26136305928230286, 0.3290131986141205, 0.9074357748031616, 0.5875663161277771, 0.8000987768173218, -0.12086247652769089, -0.7658035755157471, 0.5015896558761597, -0.4024333655834198], "cam_t_m2c": [797.7059326171875, 170.13613891601562, 464.21246337890625], "obj_id": 4}, {"cam_R_m2c": [-0.43498995900154114, 0.8594133853912354, 0.2686859965324402, 0.6365494132041931, 0.08245166391134262, 0.7668157815933228, 0.6368581652641296, 0.5045891404151917, -0.5829246640205383], "cam_t_m2c": [544.1591796875, 175.84365844726562, 346.9878234863281], "obj_id": 1}, {"cam_R_m2c": [0.4506817162036896, 0.8894698619842529, -0.0756927877664566, -0.8234955668449402, 0.3815225660800934, -0.41987571120262146, -0.3445882797241211, 0.2515629827976227, 0.9044197201728821], "cam_t_m2c": [204.8152313232422, 187.60421752929688, 103.4528579711914], "obj_id": 1}, {"cam_R_m2c": [0.512909471988678, 0.60966956615448, -0.6043400168418884, -0.44989123940467834, 0.7904783487319946, 0.41562217473983765, 0.7311099171638489, 0.0587107390165329, 0.6797288656234741], "cam_t_m2c": [609.5397338867188, 142.61170959472656, 453.27801513671875], "obj_id": 3}],
  "7": [{"cam_R_m2c": [0.2253739833831787, 0.949108898639679, -0.21999724209308624, 0.8848552107810974, -0.10490497201681137, 0.45390090346336365, 0.4077225923538208, -0.2969631254673004, -0.8634667992591858], "cam_t_m2c": [503.96746826171875, 140.42123413085938, -1.7473976612091064], "obj_id": 1}, {"cam_R_m2c": [-0.30070990324020386, -0.9099911451339722, 0.28546372056007385, -0.794753909111023, 0.4045584797859192, 0.45243629813194275, -0.5271998047828674, -0.0908212959766388, -0.8448737263679504], "cam_t_m2c": [1098.3975830078125, 180.65664672851562, 74.41291809082031], "obj_id": 2}, {"cam_R_m2c": [0.21498194336891174, -0.9756600856781006, -0.04324532300233841, 0.571670413017273, 0.08981609344482422, 0.8155525922775269, -0.7918179631233215, -0.20005115866661072, 0.5770648121833801], "cam_t_m2c": [399.45208740234375, 154.79074096679688, 140.49142456054688], "obj_id": 3}, {"cam_R_m2c": [0.27460452914237976, 0.7455399632453918, -0.6072582602500916, -0.9245234131813049, 0.03113221935927868, -0.3798516094684601, -0.2642892301082611, 0.6657334566116333, 0.6978181600570679], "cam_t_m2c": [133.1214141845703, 118.31809997558594, 161.82579040527344], "obj_id": 4}, {"cam_R_m2c": [-0.014661461114883423, -0.6251411437988281, -0.7803740501403809, 0.8835141658782959, 0.3573305010795593, -0.302849143743515, 0.46817490458488464, -0.6939117312431335, 0.5470820665359497], "cam_t_m2c": [614.0169067382812, 309.2918701171875, -178.5441131591797], "obj_id": 1}, {"cam_R_m2c": [0.17180965840816498, 0.7377214431762695, 0.6528769731521606, 0.7837604880332947, -0.5038667917251587, 0.3630942404270172, 0.5968255400657654, 0.449316143989563, -0.6647660732269287], "cam_t_m2c": [533.5486450195312, 76.13516235351562, 120.49620056152344], "obj_id": 2}, {"cam_R_m2c": [-0.5191588401794434, 0.6120203733444214, 0.5965777039527893, 0.39343616366386414, 0.7907940149307251, -0.46888458728790283, -0.7587370276451111, -0.008710356429219246, -0.6513386368751526], "cam_t_m2c": [879.1614990234375, 30.87485122680664, 271.2983093261719], "obj_id": 4}, {"cam_R_m2c": [-0.014661626890301704, 0.9985626339912415, 0.051554352045059204, 0.8835143446922302, -0.01120386179536581, 0.4682702124118805, 0.46817469596862793, 0.05241457372903824, -0.8820801973342896], "cam_t_m2c": [602.6384887695312, 70.81448364257812, 271.1410827636719], "obj_id": 1}, {"cam_R_m2c": [0.1431599110364914, 0.9410954117774963, 0.306340754032135, -0.9767951965332031, 0.18417543172836304, -0.1093185618519783, -0.15929964184761047, -0.2835821211338043, 0.945624053478241], "cam_t_m2c": [192.7639617919922, 103.45217895507812, 196.7133026123047], "obj_id": 1}, {"cam_R_m2c": [0.7394978404045105, 0.6517627835273743, -0.16836944222450256, -0.3440012037754059, 0.5808837413787842, 0.7377244234085083, 0.5786243677139282, -0.4876263737678528, 0.6537694334983826], "cam_t_m2c": [705.6986083984375, 52.884315490722656, 346.86224365234375], "obj_id": 3}],
  "8": [{"cam_R_m2c": [0.2253739833831787, 0.949108898639679, -0.21999724209308624, 0.8848552107810974, -0.10490497201681137, 0.45390090346336365, 0.4077225923538208, -0.2969631254673004, -0.8634667992591858], "cam_t_m2c": [503.96746826171875, 140.42123413085938, -1.7473976612091064], "obj_id": 1}, {"cam_R_m2c": [-0.30070990324020386, -0.9099911451339722, 0.28546372056007385, -0.794753909111023, 0.4045584797859192, 0.45243629813194275, -0.5271998047828674, -0.0908212959766388, -0.8448737263679504], "cam_t_m2c": [1098.3975830078125, 180.65664672851562, 74.41291809082031], "obj_id": 2}, {"cam_R_m2c": [0.21498194336891174, -0.9756600856781006, -0.04324532300233841, 0.571670413017273, 0.08981609344482422, 0.8155525922775269, -0.7918179631233215, -0.20005115866661072, 0.5770648121833801], "cam_t_m2c": [399.45208740234375, 154.79074096679688, 140.49142456054688], "obj_id": 3}, {"cam_R_m2c": [0.27460452914237976, 0.7455399632453918, -0.6072582602500916, -0.9245234131813049, 0.03113221935927868, -0.3798516094684601, -0.2642892301082611, 0.6657334566116333, 0.6978181600570679], "cam_t_m2c": [133.1214141845703, 118.31809997558594, 161.82579040527344], "obj_id": 4}, {"cam_R_m2c": [-0.014661461114883423, -0.6251411437988281, -0.7803740501403809, 0.8835141658782959, 0.3573305010795593, -0.302849143743515, 0.46817490458488464, -0.6939117312431335, 0.5470820665359497], "cam_t_m2c": [614.0169067382812, 309.2918701171875, -178.5441131591797], "obj_id": 1}, {"cam_R_m2c": [0.17180965840816498, 0.7377214431762695, 0.6528769731521606, 0.7837604880332947, -0.5038667917251587, 0.3630942404270172, 0.5968255400657654, 0.449316143989563, -0.6647660732269287], "cam_t_m2c": [533.5486450195312, 76.13516235351562, 120.49620056152344], "obj_id": 2}, {"cam_R_m2c": [-0.5191588401794434, 0.6120203733444214, 0.5965777039527893, 0.39343616366386414, 0.7907940149307251, -0.46888458728790283, -0.7587370276451111, -0.008710356429219246, -0.6513386368751526], "cam_t_m2c": [879.1614990234375, 30.87485122680664, 271.2983093261719], "obj_id": 4}, {"cam_R_m2c": [-0.014661626890301704, 0.9985626339912415, 0.051554352045059204, 0.8835143446922302, -0.01120386179536581, 0.4682702124118805, 0.46817469596862793, 0.05241457372903824, -0.8820801973342896], "cam_t_m2c": [602.6384887695312, 70.81448364257812, 271.1410827636719], "obj_id": 1}, {"cam_R_m2c": [0.1431599110364914, 0.9410954117774963, 0.306340754032135, -0.9767951965332031, 0.18417543172836304, -0.1093185618519783, -0.15929964184761047, -0.2835821211338043, 0.945624053478241], "cam_t_m2c": [192.7639617919922, 103.45217895507812, 196.7133026123047], "obj_id": 1}, {"cam_R_m2c": [0.7394978404045105, 0.6517627835273743, -0.16836944222450256, -0.3440012037754059, 0.5808837413787842, 0.7377244234085083, 0.5786243677139282, -0.4876263737678528, 0.6537694334983826], "cam_t_m2c": [705.6986083984375, 52.884315490722656, 346.86224365234375], "obj_id": 3}],
  "9": [{"cam_R_m2c": [-0.5370030999183655, -0.6583690643310547, -0.5274256467819214, 0.7502514123916626, -0.0868854746222496, -0.6554186940193176, 0.38568177819252014, -0.7476637363433838, 0.5406001210212708], "cam_t_m2c": [-677.8727416992188, -177.09561157226562, 180.4141845703125], "obj_id": 1}, {"cam_R_m2c": [0.4746820628643036, 0.27278923988342285, -0.8368170857429504, -0.8410545587539673, -0.13965696096420288, -0.522611677646637, -0.25943025946617126, 0.9518832564353943, 0.16313806176185608], "cam_t_m2c": [-1045.3519287109375, 43.57831954956055, -240.33334350585938], "obj_id": 2}, {"cam_R_m2c": [-0.8464705944061279, 0.4701334834098816, -0.2499239146709442, -0.44648492336273193, -0.3710426688194275, 0.8142349123954773, 0.2900666892528534, 0.8008131980895996, 0.5239842534065247], "cam_t_m2c": [-559.8743896484375, -68.14598846435547, 255.03465270996094], "obj_id": 3}, {"cam_R_m2c": [0.3096535801887512, -0.2020985633134842, 0.9291236400604248, -0.5209943056106567, 0.7813518047332764, 0.34359022974967957, -0.7954115271568298, -0.5904620885848999, 0.13665616512298584], "cam_t_m2c": [-359.3646240234375, -124.16324615478516, 426.42706298828125], "obj_id": 4}, {"cam_R_m2c": [-0.3588350713253021, -0.1366618275642395, 0.9233421683311462, 0.7486081123352051, -0.6329943537712097, 0.19724076986312866, 0.5575151443481445, 0.7619983553886414, 0.32944685220718384], "cam_t_m2c": [-932.5669555664062, -246.984375, 226.5840301513672], "obj_id": 1}, {"cam_R_m2c": [-0.35631996393203735, 0.054682016372680664, -0.9327625036239624, 0.869672954082489, 0.3844013810157776, -0.3096844255924225, 0.3416210114955902, -0.921545147895813, -0.18452534079551697], "cam_t_m2c": [-602.2013549804688, -84.67686462402344, 105.02281951904297], "obj_id": 2}, {"cam_R_m2c": [-0.25472506880760193, -0.8997085094451904, -0.3544568419456482, -0.6531642079353333, 0.4303741157054901, -0.6230205297470093, 0.713085949420929, 0.0728195458650589, -0.697284460067749], "cam_t_m2c": [-725.5296630859375, 113.46505737304688, -194.5901336669922], "obj_id": 4}, {"cam_R_m2c": [-0.3588351011276245, -0.5990790724754333, -0.7157803177833557, 0.748607873916626, 0.27332377433776855, -0.6040531396865845, 0.5575153827667236, -0.7525943517684937, 0.3503972887992859], "cam_t_m2c": [-577.2084350585938, 64.495361328125, 37.06248092651367], "obj_id": 1}, {"cam_R_m2c": [0.4715397357940674, -0.8341435790061951, 0.2861025929450989, -0.4767192304134369, 0.031820982694625854, 0.8784794211387634, -0.7418820858001709, -0.5506285429000854, -0.38264742493629456], "cam_t_m2c": [-372.26434326171875, -84.66282653808594, 369.2546691894531], "obj_id": 1}, {"cam_R_m2c": [0.006227695383131504, -0.9961237907409668, -0.08774049580097198, 0.5609090328216553, -0.06915932148694992, 0.8249834775924683, -0.8278538584709167, -0.05435209721326828, 0.5583043098449707], "cam_t_m2c": [-597.837890625, 149.52005004882812, -57.920692443847656], "obj_id": 3}]
}