{
  "0": [{"cam_R_m2c": [-0.22486022114753723, 0.9729700088500977, -0.05260220170021057, 0.6074482798576355, 0.09776636213064194, -0.7883198261260986, -0.7618688941001892, -0.2092149704694748, -0.6130127310752869], "cam_t_m2c": [13.081259727478027, 46.38489532470703, 330.81768798828125], "obj_id": 0}, {"cam_R_m2c": [-0.22486022114753723, 0.9729700088500977, -0.05260220170021057, 0.6074482798576355, 0.09776636213064194, -0.7883198261260986, -0.7618688941001892, -0.2092149704694748, -0.6130127310752869], "cam_t_m2c": [13.081259727478027, 46.38489532470703, 330.81768798828125], "obj_id": 3}, {"cam_R_m2c": [-0.22486022114753723, 0.9729700088500977, -0.05260220170021057, 0.6074482798576355, 0.09776636213064194, -0.7883198261260986, -0.7618688941001892, -0.2092149704694748, -0.6130127310752869], "cam_t_m2c": [13.081259727478027, 46.38489532470703, 330.81768798828125], "obj_id": 1}, {"cam_R_m2c": [-0.22486022114753723, 0.9729700088500977, -0.05260220170021057, 0.6074482798576355, 0.09776636213064194, -0.7883198261260986, -0.7618688941001892, -0.2092149704694748, -0.6130127310752869], "cam_t_m2c": [13.081259727478027, 46.38489532470703, 330.81768798828125], "obj_id": 1}, {"cam_R_m2c": [-0.22486022114753723, 0.9729700088500977, -0.05260220170021057, 0.6074482798576355, 0.09776636213064194, -0.7883198261260986, -0.7618688941001892, -0.2092149704694748, -0.6130127310752869], "cam_t_m2c": [13.081259727478027, 46.38489532470703, 330.81768798828125], "obj_id": 0}, {"cam_R_m2c": [-0.22486022114753723, 0.9729700088500977, -0.05260220170021057, 0.6074482798576355, 0.09776636213064194, -0.7883198261260986, -0.7618688941001892, -0.2092149704694748, -0.6130127310752869], "cam_t_m2c": [13.081259727478027, 46.38489532470703, 330.81768798828125], "obj_id": 3}, {"cam_R_m2c": [-0.22486022114753723, 0.9729700088500977, -0.05260220170021057, 0.6074482798576355, 0.09776636213064194, -0.7883198261260986, -0.7618688941001892, -0.2092149704694748, -0.6130127310752869], "cam_t_m2c": [13.081259727478027, 46.38489532470703, 330.81768798828125], "obj_id": 1}, {"cam_R_m2c": [-0.22486022114753723, 0.9729700088500977, -0.05260220170021057, 0.6074482798576355, 0.09776636213064194, -0.7883198261260986, -0.7618688941001892, -0.2092149704694748, -0.6130127310752869], "cam_t_m2c": [13.081259727478027, 46.38489532470703, 330.81768798828125], "obj_id": 3}, {"cam_R_m2c": [-0.22486022114753723, 0.9729700088500977, -0.05260220170021057, 0.6074482798576355, 0.09776636213064194, -0.7883198261260986, -0.7618688941001892, -0.2092149704694748, -0.6130127310752869], "cam_t_m2c": [13.081259727478027, 46.38489532470703, 330.81768798828125], "obj_id": 2}, {"cam_R_m2c": [-0.22486022114753723, 0.9729700088500977, -0.05260220170021057, 0.6074482798576355, 0.09776636213064194, -0.7883198261260986, -0.7618688941001892, -0.2092149704694748, -0.6130127310752869], "cam_t_m2c": [13.081259727478027, 46.38489532470703, 330.81768798828125], "obj_id": 2}, {"cam_R_m2c": [-0.22486022114753723, 0.9729700088500977, -0.05260220170021057, 0.6074482798576355, 0.09776636213064194, -0.7883198261260986, -0.7618688941001892, -0.2092149704694748, -0.6130127310752869], "cam_t_m2c": [13.081259727478027, 46.38489532470703, 330.81768798828125], "obj_id": 1}, {"cam_R_m2c": [-0.22486022114753723, 0.9729700088500977, -0.05260220170021057, 0.6074482798576355, 0.09776636213064194, -0.7883198261260986, -0.7618688941001892, -0.2092149704694748, -0.6130127310752869], "cam_t_m2c": [13.081259727478027, 46.38489532470703, 330.81768798828125], "obj_id": 2}, {"cam_R_m2c": [-0.22486022114753723, 0.9729700088500977, -0.05260220170021057, 0.6074482798576355, 0.09776636213064194, -0.7883198261260986, -0.7618688941001892, -0.2092149704694748, -0.6130127310752869], "cam_t_m2c": [13.081259727478027, 46.38489532470703, 330.81768798828125], "obj_id": 2}, {"cam_R_m2c": [-0.22486022114753723, 0.9729700088500977, -0.05260220170021057, 0.6074482798576355, 0.09776636213064194, -0.7883198261260986, -0.7618688941001892, -0.2092149704694748, -0.6130127310752869], "cam_t_m2c": [13.081259727478027, 46.38489532470703, 330.81768798828125], "obj_id": 0}, {"cam_R_m2c": [-0.22486022114753723, 0.9729700088500977, -0.05260220170021057, 0.6074482798576355, 0.09776636213064194, -0.7883198261260986, -0.7618688941001892, -0.2092149704694748, -0.6130127310752869], "cam_t_m2c": [13.081259727478027, 46.38489532470703, 330.81768798828125], "obj_id": 3}, {"cam_R_m2c": [-0.22486022114753723, 0.9729700088500977, -0.05260220170021057, 0.6074482798576355, 0.09776636213064194, -0.7883198261260986, -0.7618688941001892, -0.2092149704694748, -0.6130127310752869], "cam_t_m2c": [13.081259727478027, 46.38489532470703, 330.81768798828125], "obj_id": 2}, {"cam_R_m2c": [-0.22486022114753723, 0.9729700088500977, -0.05260220170021057, 0.6074482798576355, 0.09776636213064194, -0.7883198261260986, -0.7618688941001892, -0.2092149704694748, -0.6130127310752869], "cam_t_m2c": [13.081259727478027, 46.38489532470703, 330.81768798828125], "obj_id": 2}, {"cam_R_m2c": [-0.22486022114753723, 0.9729700088500977, -0.05260220170021057, 0.6074482798576355, 0.09776636213064194, -0.7883198261260986, -0.7618688941001892, -0.2092149704694748, -0.6130127310752869], "cam_t_m2c": [13.081259727478027, 46.38489532470703, 330.81768798828125], "obj_id": 0}, {"cam_R_m2c": [-0.22486022114753723, 0.9729700088500977, -0.05260220170021057, 0.6074482798576355, 0.09776636213064194, -0.7883198261260986, -0.7618688941001892, -0.2092149704694748, -0.6130127310752869], "cam_t_m2c": [13.081259727478027, 46.38489532470703, 330.81768798828125], "obj_id": 2}, {"cam_R_m2c": [-0.22486022114753723, 0.9729700088500977, -0.05260220170021057, 0.6074482798576355, 0.09776636213064194, -0.7883198261260986, -0.7618688941001892, -0.2092149704694748, -0.6130127310752869], "cam_t_m2c": [13.081259727478027, 46.38489532470703, 330.81768798828125], "obj_id": 0}, {"cam_R_m2c": [-0.22486022114753723, 0.9729700088500977, -0.05260220170021057, 0.6074482798576355, 0.09776636213064194, -0.7883198261260986, -0.7618688941001892, -0.2092149704694748, -0.6130127310752869], "cam_t_m2c": [13.081259727478027, 46.38489532470703, 330.81768798828125], "obj_id": 3}, {"cam_R_m2c": [-0.22486022114753723, 0.9729700088500977, -0.05260220170021057, 0.6074482798576355, 0.09776636213064194, -0.7883198261260986, -0.7618688941001892, -0.2092149704694748, -0.6130127310752869], "cam_t_m2c": [13.081259727478027, 46.38489532470703, 330.81768798828125], "obj_id": 0}, {"cam_R_m2c": [-0.22486022114753723, 0.9729700088500977, -0.05260220170021057, 0.6074482798576355, 0.09776636213064194, -0.7883198261260986, -0.7618688941001892, -0.2092149704694748, -0.6130127310752869], "cam_t_m2c": [13.081259727478027, 46.38489532470703, 330.81768798828125], "obj_id": 0}, {"cam_R_m2c": [-0.22486022114753723, 0.9729700088500977, -0.05260220170021057, 0.6074482798576355, 0.09776636213064194, -0.7883198261260986, -0.7618688941001892, -0.2092149704694748, -0.6130127310752869], "cam_t_m2c": [13.081259727478027, 46.38489532470703, 330.81768798828125], "obj_id": 3}, {"cam_R_m2c": [-0.919349193572998, 0.3289083242416382, -0.21590743958950043, 0.2838020622730255, 0.9344518184661865, 0.2150723785161972, 0.27249419689178467, 0.13645167648792267, -0.95243239402771], "cam_t_m2c": [152.48348999023438, 122.7703857421875, 139.06138610839844], "obj_id": 3}, {"cam_R_m2c": [-0.27525386214256287, 0.005887002684175968, 0.9613536596298218, 0.8298348784446716, 0.5063451528549194, 0.23449677228927612, -0.4853963255882263, 0.8623108267784119, -0.1442587524652481], "cam_t_m2c": [6.0803751945495605, -48.389400482177734, 371.7315673828125], "obj_id": 3}, {"cam_R_m2c": [-0.4068217873573303, 0.8679800033569336, -0.2847922146320343, -0.6990554928779602, -0.09511144459247589, 0.708713710308075, 0.5880623459815979, 0.48740580677986145, 0.6454596519470215], "cam_t_m2c": [153.36618041992188, -124.85128784179688, 580.7195434570312], "obj_id": 1}, {"cam_R_m2c": [0.13599154353141785, 0.7012746930122375, -0.6998000741004944, 0.8370720744132996, -0.4591600298881531, -0.29746004939079285, -0.5299214124679565, -0.5453310012817383, -0.6494593620300293], "cam_t_m2c": [191.80203247070312, -48.20328140258789, 422.727783203125], "obj_id": 3}, {"cam_R_m2c": [0.32895714044570923, 0.6912826299667358, 0.6433627009391785, -0.31254786252975464, 0.7225823998451233, -0.6165943145751953, -0.8911234736442566, 0.0017514645587652922, 0.45375752449035645], "cam_t_m2c": [119.42351531982422, 150.02992248535156, 200.11256408691406], "obj_id": 0}, {"cam_R_m2c": [0.11726410686969757, -0.8216360807418823, -0.5578200817108154, 0.7343882918357849, 0.4498586356639862, -0.5082332491874695, 0.6685229539871216, -0.35005903244018555, 0.6561522483825684], "cam_t_m2c": [-325.69482421875, -197.03590393066406, 591.35693359375], "obj_id": 0}, {"cam_R_m2c": [-0.7688802480697632, 0.6227306127548218, 0.14501547813415527, -0.32310086488723755, -0.5741232633590698, 0.7523217797279358, 0.5517506003379822, 0.5315908193588257, 0.6426370739936829], "cam_t_m2c": [374.1591491699219, 6736.00634765625, 5595.3623046875], "obj_id": 2}, {"cam_R_m2c": [-0.45792850852012634, 0.8620601892471313, 0.2171490639448166, 0.6992442011833191, 0.19844134151935577, 0.6867886185646057, 0.5489617586135864, 0.4663403034210205, -0.6936624646186829], "cam_t_m2c": [162.82015991210938, 5986.7177734375, 4580.72021484375], "obj_id": 2}]
}