{
  "0": [{"cam_R_m2c": [-0.4645575284957886, -0.33699819445610046, -0.8189129829406738, 0.6885241866111755, -0.7190027832984924, -0.09470661729574203, -0.556884765625, -0.6078380942344666, 0.5660496354103088], "cam_t_m2c": [-7676.2197265625, 37928.25390625, 64212.578125], "obj_id": 2}, {"cam_R_m2c": [0.09339182078838348, -0.9151068329811096, 0.39224666357040405, -0.805976390838623, -0.300786554813385, -0.5098327994346619, 0.5845339894294739, -0.2685273587703705, -0.7656455636024475], "cam_t_m2c": [-3866.3583984375, 34561.39453125, 70666.859375], "obj_id": 2}, {"cam_R_m2c": [0.38858354091644287, 0.8709037899971008, 0.3008809983730316, -0.14362050592899323, 0.3797999620437622, -0.913851797580719, -0.9101516008377075, 0.3118950426578522, 0.2726636826992035], "cam_t_m2c": [165.70620727539062, -381.7994079589844, 938.8369140625], "obj_id": 2}],
  "1": [{"cam_R_m2c": [-0.027468927204608917, 0.47417694330215454, 0.8800009489059448, -0.9873540997505188, 0.12463045120239258, -0.09797540307044983, -0.15613259375095367, -0.8715637922286987, 0.4647570848464966], "cam_t_m2c": [4120.9638671875, -6118.8681640625, 74892.703125], "obj_id": 2}, {"cam_R_m2c": [0.40780213475227356, 0.8668534755706787, -0.28681430220603943, 0.903771698474884, -0.3385019600391388, 0.26194101572036743, 0.129977285861969, -0.36603474617004395, -0.9214794635772705], "cam_t_m2c": [3760.922119140625, 1035.657958984375, 78917.1875], "obj_id": 2}, {"cam_R_m2c": [-0.4784797132015228, -0.8537509441375732, 0.205344557762146, -0.07874912768602371, 0.274630069732666, 0.9583197832107544, -0.8745602369308472, 0.44236594438552856, -0.198636993765831], "cam_t_m2c": [46.1650276184082, 411.052001953125, 909.779296875], "obj_id": 2}]
}