{
  "0": [{"cam_R_m2c": [0.5986878275871277, -0.09213466197252274, 0.7956657409667969, -0.800960898399353, -0.06159377843141556, 0.5955396890640259, -0.005861673038452864, -0.9938395619392395, -0.11067165434360504], "cam_t_m2c": [56.59609603881836, -21.357601165771484, 754.2246704101562], "obj_id": 3}, {"cam_R_m2c": [0.9158496260643005, 0.1501825749874115, -0.3723770081996918, -0.37922996282577515, 0.018827881664037704, -0.9251108765602112, -0.13192446529865265, 0.98847895860672, 0.07419724017381668], "cam_t_m2c": [64.5877685546875, -198.250732421875, 597.2850952148438], "obj_id": 3}, {"cam_R_m2c": [0.22316919267177582, 0.828733503818512, 0.5132214426994324, 0.8722413182258606, -0.4048304855823517, 0.27442190051078796, 0.4351903200149536, 0.3864104449748993, -0.8132013082504272], "cam_t_m2c": [245.55006408691406, 5.760108947753906, 807.6038208007812], "obj_id": 3}, {"cam_R_m2c": [0.1320464015007019, -0.05555865541100502, -0.9896852374076843, 0.5723935961723328, -0.8108686804771423, 0.12189051508903503, -0.8092769384384155, -0.5825847387313843, -0.07527074217796326], "cam_t_m2c": [371.7032470703125, -61.82643127441406, 651.621337890625], "obj_id": 2}],
  "1": [{"cam_R_m2c": [-0.48036205768585205, 0.6112017035484314, 0.6290345788002014, -0.8719713091850281, -0.4100245535373688, -0.26748013496398926, 0.09443537890911102, -0.6769875288009644, 0.7299108505249023], "cam_t_m2c": [110.74604797363281, -128.43313598632812, 710.3856201171875], "obj_id": 3}, {"cam_R_m2c": [-0.04132602736353874, -0.6293619871139526, -0.776012659072876, -0.9107925891876221, 0.34305354952812195, -0.22971975803375244, 0.4107908010482788, 0.6972931623458862, -0.5873952507972717], "cam_t_m2c": [90.03597259521484, -303.20977783203125, 552.1842651367188], "obj_id": 3}, {"cam_R_m2c": [0.37104135751724243, -0.4229256510734558, 0.826717734336853, 0.5291497707366943, -0.6352992057800293, -0.5624904036521912, 0.7631047368049622, 0.6461647152900696, -0.011931275017559528], "cam_t_m2c": [123.86201477050781, -221.22247314453125, 884.9700927734375], "obj_id": 3}, {"cam_R_m2c": [0.9794314503669739, -0.20112061500549316, -0.016265027225017548, -0.12687532603740692, -0.6765310764312744, 0.7254020571708679, -0.15689712762832642, -0.7084179520606995, -0.6881330609321594], "cam_t_m2c": [200.09902954101562, -416.1225891113281, 853.8551025390625], "obj_id": 2}]
}