{
  "0": [{"cam_R_m2c": [0.8036095499992371, -0.5597795248031616, 0.20213499665260315, 0.3470665514469147, 0.7166755795478821, 0.6049140095710754, -0.4834836721420288, -0.4159603714942932, 0.7702080607414246], "cam_t_m2c": [-347.4848327636719, -88.36079406738281, 578.2618408203125], "obj_id": 2}, {"cam_R_m2c": [0.2322743684053421, 0.8821127414703369, 0.40978744626045227, -0.9611579179763794, 0.14359058439731598, 0.23570574820041656, 0.1490774303674698, -0.4486188292503357, 0.8812020421028137], "cam_t_m2c": [-347.4848327636719, -88.36079406738281, 578.2618408203125], "obj_id": 1}, {"cam_R_m2c": [0.8387271761894226, -0.5411263108253479, -0.06098383665084839, -0.4413732886314392, -0.7411258220672607, 0.5058873295783997, -0.31894567608833313, -0.3973848223686218, -0.8604410290718079], "cam_t_m2c": [-347.4848327636719, -88.36079406738281, 578.2618408203125], "obj_id": 0}, {"cam_R_m2c": [0.019917016848921776, 0.8238528966903687, -0.5664538145065308, -0.3569106161594391, -0.5233772993087769, -0.773751437664032, -0.9339262843132019, 0.21758423745632172, 0.2836175858974457], "cam_t_m2c": [-347.4848327636719, -88.36079406738281, 578.2618408203125], "obj_id": 0}, {"cam_R_m2c": [0.8824723958969116, -0.3477056324481964, -0.3167699873447418, -0.37541669607162476, -0.9264029264450073, -0.028977936133742332, -0.2833808958530426, 0.1444929838180542, -0.9480594992637634], "cam_t_m2c": [-347.4848327636719, -88.36079406738281, 578.2618408203125], "obj_id": 0}, {"cam_R_m2c": [0.4052402079105377, -0.48992833495140076, -0.7718487977981567, 0.843389630317688, -0.12547537684440613, 0.5224459767341614, -0.3528091311454773, -0.8626853823661804, 0.36235281825065613], "cam_t_m2c": [-347.4848327636719, -88.36079406738281, 578.2618408203125], "obj_id": 1}, {"cam_R_m2c": [-0.46183204650878906, 0.3990177512168884, -0.7921465039253235, -0.663303554058075, -0.7482864856719971, 0.009790150448679924, -0.5888460278511047, 0.5299549698829651, 0.6102524995803833], "cam_t_m2c": [-347.4848327636719, -88.36079406738281, 578.2618408203125], "obj_id": 2}, {"cam_R_m2c": [0.062831811606884, -0.19448140263557434, -0.9788917303085327, -0.6786043643951416, -0.7275288105010986, 0.10098452121019363, -0.7318116426467896, 0.6579352021217346, -0.17768780887126923], "cam_t_m2c": [-347.4848327636719, -88.36079406738281, 578.2618408203125], "obj_id": 1}, {"cam_R_m2c": [0.9633618593215942, -0.03489654138684273, 0.26592516899108887, -0.1791011393070221, 0.6543319225311279, 0.7346920967102051, -0.19964154064655304, -0.7554018497467041, 0.6241084337234497], "cam_t_m2c": [-347.4848327636719, -88.36079406738281, 578.2618408203125], "obj_id": 1}, {"cam_R_m2c": [-0.8801460862159729, -0.03535245358943939, 0.47338464856147766, 0.43790704011917114, 0.3244909346103668, 0.8384169936180115, -0.1832491159439087, 0.9452279210090637, -0.2701182961463928], "cam_t_m2c": [-347.4848327636719, -88.36079406738281, 578.2618408203125], "obj_id": 0}],
  "1": [{"cam_R_m2c": [0.8036095499992371, -0.5597795248031616, 0.20213499665260315, 0.3470665514469147, 0.7166755795478821, 0.6049140095710754, -0.4834836721420288, -0.4159603714942932, 0.7702080607414246], "cam_t_m2c": [-347.4848327636719, -88.36079406738281, 578.2618408203125], "obj_id": 2}, {"cam_R_m2c": [0.2322743684053421, 0.8821127414703369, 0.40978744626045227, -0.9611579179763794, 0.14359058439731598, 0.23570574820041656, 0.1490774303674698, -0.4486188292503357, 0.8812020421028137], "cam_t_m2c": [-347.4848327636719, -88.36079406738281, 578.2618408203125], "obj_id": 1}, {"cam_R_m2c": [0.8387271761894226, -0.5411263108253479, -0.06098383665084839, -0.4413732886314392, -0.7411258220672607, 0.5058873295783997, -0.31894567608833313, -0.3973848223686218, -0.8604410290718079], "cam_t_m2c": [-347.4848327636719, -88.36079406738281, 578.2618408203125], "obj_id": 0}, {"cam_R_m2c": [0.019917016848921776, 0.8238528966903687, -0.5664538145065308, -0.3569106161594391, -0.5233772993087769, -0.773751437664032, -0.9339262843132019, 0.21758423745632172, 0.2836175858974457], "cam_t_m2c": [-347.4848327636719, -88.36079406738281, 578.2618408203125], "obj_id": 0}, {"cam_R_m2c": [0.8824723958969116, -0.3477056324481964, -0.3167699873447418, -0.37541669607162476, -0.9264029264450073, -0.028977936133742332, -0.2833808958530426, 0.1444929838180542, -0.9480594992637634], "cam_t_m2c": [-347.4848327636719, -88.36079406738281, 578.2618408203125], "obj_id": 0}, {"cam_R_m2c": [0.4052402079105377, -0.48992833495140076, -0.7718487977981567, 0.843389630317688, -0.12547537684440613, 0.5224459767341614, -0.3528091311454773, -0.8626853823661804, 0.36235281825065613], "cam_t_m2c": [-347.4848327636719, -88.36079406738281, 578.2618408203125], "obj_id": 1}, {"cam_R_m2c": [-0.46183204650878906, 0.3990177512168884, -0.7921465039253235, -0.663303554058075, -0.7482864856719971, 0.009790150448679924, -0.5888460278511047, 0.5299549698829651, 0.6102524995803833], "cam_t_m2c": [-347.4848327636719, -88.36079406738281, 578.2618408203125], "obj_id": 2}, {"cam_R_m2c": [0.062831811606884, -0.19448140263557434, -0.9788917303085327, -0.6786043643951416, -0.7275288105010986, 0.10098452121019363, -0.7318116426467896, 0.6579352021217346, -0.17768780887126923], "cam_t_m2c": [-347.4848327636719, -88.36079406738281, 578.2618408203125], "obj_id": 1}, {"cam_R_m2c": [0.9633618593215942, -0.03489654138684273, 0.26592516899108887, -0.1791011393070221, 0.6543319225311279, 0.7346920967102051, -0.19964154064655304, -0.7554018497467041, 0.6241084337234497], "cam_t_m2c": [-347.4848327636719, -88.36079406738281, 578.2618408203125], "obj_id": 1}, {"cam_R_m2c": [-0.8801460862159729, -0.03535245358943939, 0.47338464856147766, 0.43790704011917114, 0.3244909346103668, 0.8384169936180115, -0.1832491159439087, 0.9452279210090637, -0.2701182961463928], "cam_t_m2c": [-347.4848327636719, -88.36079406738281, 578.2618408203125], "obj_id": 0}],
  "2": [{"cam_R_m2c": [0.8036095499992371, -0.5597795248031616, 0.20213499665260315, 0.3470665514469147, 0.7166755795478821, 0.6049140095710754, -0.4834836721420288, -0.4159603714942932, 0.7702080607414246], "cam_t_m2c": [-347.4848327636719, -88.36079406738281, 578.2618408203125], "obj_id": 2}, {"cam_R_m2c": [0.2322743684053421, 0.8821127414703369, 0.40978744626045227, -0.9611579179763794, 0.14359058439731598, 0.23570574820041656, 0.1490774303674698, -0.4486188292503357, 0.8812020421028137], "cam_t_m2c": [-347.4848327636719, -88.36079406738281, 578.2618408203125], "obj_id": 1}, {"cam_R_m2c": [0.8387271761894226, -0.5411263108253479, -0.06098383665084839, -0.4413732886314392, -0.7411258220672607, 0.5058873295783997, -0.31894567608833313, -0.3973848223686218, -0.8604410290718079], "cam_t_m2c": [-347.4848327636719, -88.36079406738281, 578.2618408203125], "obj_id": 0}, {"cam_R_m2c": [0.019917016848921776, 0.8238528966903687, -0.5664538145065308, -0.3569106161594391, -0.5233772993087769, -0.773751437664032, -0.9339262843132019, 0.21758423745632172, 0.2836175858974457], "cam_t_m2c": [-347.4848327636719, -88.36079406738281, 578.2618408203125], "obj_id": 0}, {"cam_R_m2c": [0.8824723958969116, -0.3477056324481964, -0.3167699873447418, -0.37541669607162476, -0.9264029264450073, -0.028977936133742332, -0.2833808958530426, 0.1444929838180542, -0.9480594992637634], "cam_t_m2c": [-347.4848327636719, -88.36079406738281, 578.2618408203125], "obj_id": 0}, {"cam_R_m2c": [0.4052402079105377, -0.48992833495140076, -0.7718487977981567, 0.843389630317688, -0.12547537684440613, 0.5224459767341614, -0.3528091311454773, -0.8626853823661804, 0.36235281825065613], "cam_t_m2c": [-347.4848327636719, -88.36079406738281, 578.2618408203125], "obj_id": 1}, {"cam_R_m2c": [-0.46183204650878906, 0.3990177512168884, -0.7921465039253235, -0.663303554058075, -0.7482864856719971, 0.009790150448679924, -0.5888460278511047, 0.5299549698829651, 0.6102524995803833], "cam_t_m2c": [-347.4848327636719, -88.36079406738281, 578.2618408203125], "obj_id": 2}, {"cam_R_m2c": [0.062831811606884, -0.19448140263557434, -0.9788917303085327, -0.6786043643951416, -0.7275288105010986, 0.10098452121019363, -0.7318116426467896, 0.6579352021217346, -0.17768780887126923], "cam_t_m2c": [-347.4848327636719, -88.36079406738281, 578.2618408203125], "obj_id": 1}, {"cam_R_m2c": [0.9633618593215942, -0.03489654138684273, 0.26592516899108887, -0.1791011393070221, 0.6543319225311279, 0.7346920967102051, -0.19964154064655304, -0.7554018497467041, 0.6241084337234497], "cam_t_m2c": [-347.4848327636719, -88.36079406738281, 578.2618408203125], "obj_id": 1}, {"cam_R_m2c": [-0.8801460862159729, -0.03535245358943939, 0.47338464856147766, 0.43790704011917114, 0.3244909346103668, 0.8384169936180115, -0.1832491159439087, 0.9452279210090637, -0.2701182961463928], "cam_t_m2c": [-347.4848327636719, -88.36079406738281, 578.2618408203125], "obj_id": 0}],
  "3": [{"cam_R_m2c": [0.8036095499992371, -0.5597795248031616, 0.20213499665260315, 0.3470665514469147, 0.7166755795478821, 0.6049140095710754, -0.4834836721420288, -0.4159603714942932, 0.7702080607414246], "cam_t_m2c": [-347.4848327636719, -88.36079406738281, 578.2618408203125], "obj_id": 2}, {"cam_R_m2c": [0.2322743684053421, 0.8821127414703369, 0.40978744626045227, -0.9611579179763794, 0.14359058439731598, 0.23570574820041656, 0.1490774303674698, -0.4486188292503357, 0.8812020421028137], "cam_t_m2c": [-347.4848327636719, -88.36079406738281, 578.2618408203125], "obj_id": 1}, {"cam_R_m2c": [0.8387271761894226, -0.5411263108253479, -0.06098383665084839, -0.4413732886314392, -0.7411258220672607, 0.5058873295783997, -0.31894567608833313, -0.3973848223686218, -0.8604410290718079], "cam_t_m2c": [-347.4848327636719, -88.36079406738281, 578.2618408203125], "obj_id": 0}, {"cam_R_m2c": [0.019917016848921776, 0.8238528966903687, -0.5664538145065308, -0.3569106161594391, -0.5233772993087769, -0.773751437664032, -0.9339262843132019, 0.21758423745632172, 0.2836175858974457], "cam_t_m2c": [-347.4848327636719, -88.36079406738281, 578.2618408203125], "obj_id": 0}, {"cam_R_m2c": [0.8824723958969116, -0.3477056324481964, -0.3167699873447418, -0.37541669607162476, -0.9264029264450073, -0.028977936133742332, -0.2833808958530426, 0.1444929838180542, -0.9480594992637634], "cam_t_m2c": [-347.4848327636719, -88.36079406738281, 578.2618408203125], "obj_id": 0}, {"cam_R_m2c": [0.4052402079105377, -0.48992833495140076, -0.7718487977981567, 0.843389630317688, -0.12547537684440613, 0.5224459767341614, -0.3528091311454773, -0.8626853823661804, 0.36235281825065613], "cam_t_m2c": [-347.4848327636719, -88.36079406738281, 578.2618408203125], "obj_id": 1}, {"cam_R_m2c": [-0.46183204650878906, 0.3990177512168884, -0.7921465039253235, -0.663303554058075, -0.7482864856719971, 0.009790150448679924, -0.5888460278511047, 0.5299549698829651, 0.6102524995803833], "cam_t_m2c": [-347.4848327636719, -88.36079406738281, 578.2618408203125], "obj_id": 2}, {"cam_R_m2c": [0.062831811606884, -0.19448140263557434, -0.9788917303085327, -0.6786043643951416, -0.7275288105010986, 0.10098452121019363, -0.7318116426467896, 0.6579352021217346, -0.17768780887126923], "cam_t_m2c": [-347.4848327636719, -88.36079406738281, 578.2618408203125], "obj_id": 1}, {"cam_R_m2c": [0.9633618593215942, -0.03489654138684273, 0.26592516899108887, -0.1791011393070221, 0.6543319225311279, 0.7346920967102051, -0.19964154064655304, -0.7554018497467041, 0.6241084337234497], "cam_t_m2c": [-347.4848327636719, -88.36079406738281, 578.2618408203125], "obj_id": 1}, {"cam_R_m2c": [-0.8801460862159729, -0.03535245358943939, 0.47338464856147766, 0.43790704011917114, 0.3244909346103668, 0.8384169936180115, -0.1832491159439087, 0.9452279210090637, -0.2701182961463928], "cam_t_m2c": [-347.4848327636719, -88.36079406738281, 578.2618408203125], "obj_id": 0}],
  "4": [{"cam_R_m2c": [0.8036095499992371, -0.5597795248031616, 0.20213499665260315, 0.3470665514469147, 0.7166755795478821, 0.6049140095710754, -0.4834836721420288, -0.4159603714942932, 0.7702080607414246], "cam_t_m2c": [-347.4848327636719, -88.36079406738281, 578.2618408203125], "obj_id": 2}, {"cam_R_m2c": [0.2322743684053421, 0.8821127414703369, 0.40978744626045227, -0.9611579179763794, 0.14359058439731598, 0.23570574820041656, 0.1490774303674698, -0.4486188292503357, 0.8812020421028137], "cam_t_m2c": [-347.4848327636719, -88.36079406738281, 578.2618408203125], "obj_id": 1}, {"cam_R_m2c": [0.8387271761894226, -0.5411263108253479, -0.06098383665084839, -0.4413732886314392, -0.7411258220672607, 0.5058873295783997, -0.31894567608833313, -0.3973848223686218, -0.8604410290718079], "cam_t_m2c": [-347.4848327636719, -88.36079406738281, 578.2618408203125], "obj_id": 0}, {"cam_R_m2c": [0.019917016848921776, 0.8238528966903687, -0.5664538145065308, -0.3569106161594391, -0.5233772993087769, -0.773751437664032, -0.9339262843132019, 0.21758423745632172, 0.2836175858974457], "cam_t_m2c": [-347.4848327636719, -88.36079406738281, 578.2618408203125], "obj_id": 0}, {"cam_R_m2c": [0.8824723958969116, -0.3477056324481964, -0.3167699873447418, -0.37541669607162476, -0.9264029264450073, -0.028977936133742332, -0.2833808958530426, 0.1444929838180542, -0.9480594992637634], "cam_t_m2c": [-347.4848327636719, -88.36079406738281, 578.2618408203125], "obj_id": 0}, {"cam_R_m2c": [0.4052402079105377, -0.48992833495140076, -0.7718487977981567, 0.843389630317688, -0.12547537684440613, 0.5224459767341614, -0.3528091311454773, -0.8626853823661804, 0.36235281825065613], "cam_t_m2c": [-347.4848327636719, -88.36079406738281, 578.2618408203125], "obj_id": 1}, {"cam_R_m2c": [-0.46183204650878906, 0.3990177512168884, -0.7921465039253235, -0.663303554058075, -0.7482864856719971, 0.009790150448679924, -0.5888460278511047, 0.5299549698829651, 0.6102524995803833], "cam_t_m2c": [-347.4848327636719, -88.36079406738281, 578.2618408203125], "obj_id": 2}, {"cam_R_m2c": [0.062831811606884, -0.19448140263557434, -0.9788917303085327, -0.6786043643951416, -0.7275288105010986, 0.10098452121019363, -0.7318116426467896, 0.6579352021217346, -0.17768780887126923], "cam_t_m2c": [-347.4848327636719, -88.36079406738281, 578.2618408203125], "obj_id": 1}, {"cam_R_m2c": [0.9633618593215942, -0.03489654138684273, 0.26592516899108887, -0.1791011393070221, 0.6543319225311279, 0.7346920967102051, -0.19964154064655304, -0.7554018497467041, 0.6241084337234497], "cam_t_m2c": [-347.4848327636719, -88.36079406738281, 578.2618408203125], "obj_id": 1}, {"cam_R_m2c": [-0.8801460862159729, -0.03535245358943939, 0.47338464856147766, 0.43790704011917114, 0.3244909346103668, 0.8384169936180115, -0.1832491159439087, 0.9452279210090637, -0.2701182961463928], "cam_t_m2c": [-347.4848327636719, -88.36079406738281, 578.2618408203125], "obj_id": 0}],
  "5": [{"cam_R_m2c": [0.8036095499992371, -0.5597795248031616, 0.20213499665260315, 0.3470665514469147, 0.7166755795478821, 0.6049140095710754, -0.4834836721420288, -0.4159603714942932, 0.7702080607414246], "cam_t_m2c": [-347.4848327636719, -88.36079406738281, 578.2618408203125], "obj_id": 2}, {"cam_R_m2c": [0.2322743684053421, 0.8821127414703369, 0.40978744626045227, -0.9611579179763794, 0.14359058439731598, 0.23570574820041656, 0.1490774303674698, -0.4486188292503357, 0.8812020421028137], "cam_t_m2c": [-347.4848327636719, -88.36079406738281, 578.2618408203125], "obj_id": 1}, {"cam_R_m2c": [0.8387271761894226, -0.5411263108253479, -0.06098383665084839, -0.4413732886314392, -0.7411258220672607, 0.5058873295783997, -0.31894567608833313, -0.3973848223686218, -0.8604410290718079], "cam_t_m2c": [-347.4848327636719, -88.36079406738281, 578.2618408203125], "obj_id": 0}, {"cam_R_m2c": [0.019917016848921776, 0.8238528966903687, -0.5664538145065308, -0.3569106161594391, -0.5233772993087769, -0.773751437664032, -0.9339262843132019, 0.21758423745632172, 0.2836175858974457], "cam_t_m2c": [-347.4848327636719, -88.36079406738281, 578.2618408203125], "obj_id": 0}, {"cam_R_m2c": [0.8824723958969116, -0.3477056324481964, -0.3167699873447418, -0.37541669607162476, -0.9264029264450073, -0.028977936133742332, -0.2833808958530426, 0.1444929838180542, -0.9480594992637634], "cam_t_m2c": [-347.4848327636719, -88.36079406738281, 578.2618408203125], "obj_id": 0}, {"cam_R_m2c": [0.4052402079105377, -0.48992833495140076, -0.7718487977981567, 0.843389630317688, -0.12547537684440613, 0.5224459767341614, -0.3528091311454773, -0.8626853823661804, 0.36235281825065613], "cam_t_m2c": [-347.4848327636719, -88.36079406738281, 578.2618408203125], "obj_id": 1}, {"cam_R_m2c": [-0.46183204650878906, 0.3990177512168884, -0.7921465039253235, -0.663303554058075, -0.7482864856719971, 0.009790150448679924, -0.5888460278511047, 0.5299549698829651, 0.6102524995803833], "cam_t_m2c": [-347.4848327636719, -88.36079406738281, 578.2618408203125], "obj_id": 2}, {"cam_R_m2c": [0.062831811606884, -0.19448140263557434, -0.9788917303085327, -0.6786043643951416, -0.7275288105010986, 0.10098452121019363, -0.7318116426467896, 0.6579352021217346, -0.17768780887126923], "cam_t_m2c": [-347.4848327636719, -88.36079406738281, 578.2618408203125], "obj_id": 1}, {"cam_R_m2c": [0.9633618593215942, -0.03489654138684273, 0.26592516899108887, -0.1791011393070221, 0.6543319225311279, 0.7346920967102051, -0.19964154064655304, -0.7554018497467041, 0.6241084337234497], "cam_t_m2c": [-347.4848327636719, -88.36079406738281, 578.2618408203125], "obj_id": 1}, {"cam_R_m2c": [-0.8801460862159729, -0.03535245358943939, 0.47338464856147766, 0.43790704011917114, 0.3244909346103668, 0.8384169936180115, -0.1832491159439087, 0.9452279210090637, -0.2701182961463928], "cam_t_m2c": [-347.4848327636719, -88.36079406738281, 578.2618408203125], "obj_id": 0}],
  "6": [{"cam_R_m2c": [0.8036095499992371, -0.5597795248031616, 0.20213499665260315, 0.3470665514469147, 0.7166755795478821, 0.6049140095710754, -0.4834836721420288, -0.4159603714942932, 0.7702080607414246], "cam_t_m2c": [-347.4848327636719, -88.36079406738281, 578.2618408203125], "obj_id": 2}, {"cam_R_m2c": [0.2322743684053421, 0.8821127414703369, 0.40978744626045227, -0.9611579179763794, 0.14359058439731598, 0.23570574820041656, 0.1490774303674698, -0.4486188292503357, 0.8812020421028137], "cam_t_m2c": [-347.4848327636719, -88.36079406738281, 578.2618408203125], "obj_id": 1}, {"cam_R_m2c": [0.8387271761894226, -0.5411263108253479, -0.06098383665084839, -0.4413732886314392, -0.7411258220672607, 0.5058873295783997, -0.31894567608833313, -0.3973848223686218, -0.8604410290718079], "cam_t_m2c": [-347.4848327636719, -88.36079406738281, 578.2618408203125], "obj_id": 0}, {"cam_R_m2c": [0.019917016848921776, 0.8238528966903687, -0.5664538145065308, -0.3569106161594391, -0.5233772993087769, -0.773751437664032, -0.9339262843132019, 0.21758423745632172, 0.2836175858974457], "cam_t_m2c": [-347.4848327636719, -88.36079406738281, 578.2618408203125], "obj_id": 0}, {"cam_R_m2c": [0.8824723958969116, -0.3477056324481964, -0.3167699873447418, -0.37541669607162476, -0.9264029264450073, -0.028977936133742332, -0.2833808958530426, 0.1444929838180542, -0.9480594992637634], "cam_t_m2c": [-347.4848327636719, -88.36079406738281, 578.2618408203125], "obj_id": 0}, {"cam_R_m2c": [0.4052402079105377, -0.48992833495140076, -0.7718487977981567, 0.843389630317688, -0.12547537684440613, 0.5224459767341614, -0.3528091311454773, -0.8626853823661804, 0.36235281825065613], "cam_t_m2c": [-347.4848327636719, -88.36079406738281, 578.2618408203125], "obj_id": 1}, {"cam_R_m2c": [-0.46183204650878906, 0.3990177512168884, -0.7921465039253235, -0.663303554058075, -0.7482864856719971, 0.009790150448679924, -0.5888460278511047, 0.5299549698829651, 0.6102524995803833], "cam_t_m2c": [-347.4848327636719, -88.36079406738281, 578.2618408203125], "obj_id": 2}, {"cam_R_m2c": [0.062831811606884, -0.19448140263557434, -0.9788917303085327, -0.6786043643951416, -0.7275288105010986, 0.10098452121019363, -0.7318116426467896, 0.6579352021217346, -0.17768780887126923], "cam_t_m2c": [-347.4848327636719, -88.36079406738281, 578.2618408203125], "obj_id": 1}, {"cam_R_m2c": [0.9633618593215942, -0.03489654138684273, 0.26592516899108887, -0.1791011393070221, 0.6543319225311279, 0.7346920967102051, -0.19964154064655304, -0.7554018497467041, 0.6241084337234497], "cam_t_m2c": [-347.4848327636719, -88.36079406738281, 578.2618408203125], "obj_id": 1}, {"cam_R_m2c": [-0.8801460862159729, -0.03535245358943939, 0.47338464856147766, 0.43790704011917114, 0.3244909346103668, 0.8384169936180115, -0.1832491159439087, 0.9452279210090637, -0.2701182961463928], "cam_t_m2c": [-347.4848327636719, -88.36079406738281, 578.2618408203125], "obj_id": 0}],
  "7": [{"cam_R_m2c": [0.8036095499992371, -0.5597795248031616, 0.20213499665260315, 0.3470665514469147, 0.7166755795478821, 0.6049140095710754, -0.4834836721420288, -0.4159603714942932, 0.7702080607414246], "cam_t_m2c": [-347.4848327636719, -88.36079406738281, 578.2618408203125], "obj_id": 2}, {"cam_R_m2c": [0.2322743684053421, 0.8821127414703369, 0.40978744626045227, -0.9611579179763794, 0.14359058439731598, 0.23570574820041656, 0.1490774303674698, -0.4486188292503357, 0.8812020421028137], "cam_t_m2c": [-347.4848327636719, -88.36079406738281, 578.2618408203125], "obj_id": 1}, {"cam_R_m2c": [0.8387271761894226, -0.5411263108253479, -0.06098383665084839, -0.4413732886314392, -0.7411258220672607, 0.5058873295783997, -0.31894567608833313, -0.3973848223686218, -0.8604410290718079], "cam_t_m2c": [-347.4848327636719, -88.36079406738281, 578.2618408203125], "obj_id": 0}, {"cam_R_m2c": [0.019917016848921776, 0.8238528966903687, -0.5664538145065308, -0.3569106161594391, -0.5233772993087769, -0.773751437664032, -0.9339262843132019, 0.21758423745632172, 0.2836175858974457], "cam_t_m2c": [-347.4848327636719, -88.36079406738281, 578.2618408203125], "obj_id": 0}, {"cam_R_m2c": [0.8824723958969116, -0.3477056324481964, -0.3167699873447418, -0.37541669607162476, -0.9264029264450073, -0.028977936133742332, -0.2833808958530426, 0.1444929838180542, -0.9480594992637634], "cam_t_m2c": [-347.4848327636719, -88.36079406738281, 578.2618408203125], "obj_id": 0}, {"cam_R_m2c": [0.4052402079105377, -0.48992833495140076, -0.7718487977981567, 0.843389630317688, -0.12547537684440613, 0.5224459767341614, -0.3528091311454773, -0.8626853823661804, 0.36235281825065613], "cam_t_m2c": [-347.4848327636719, -88.36079406738281, 578.2618408203125], "obj_id": 1}, {"cam_R_m2c": [-0.46183204650878906, 0.3990177512168884, -0.7921465039253235, -0.663303554058075, -0.7482864856719971, 0.009790150448679924, -0.5888460278511047, 0.5299549698829651, 0.6102524995803833], "cam_t_m2c": [-347.4848327636719, -88.36079406738281, 578.2618408203125], "obj_id": 2}, {"cam_R_m2c": [0.062831811606884, -0.19448140263557434, -0.9788917303085327, -0.6786043643951416, -0.7275288105010986, 0.10098452121019363, -0.7318116426467896, 0.6579352021217346, -0.17768780887126923], "cam_t_m2c": [-347.4848327636719, -88.36079406738281, 578.2618408203125], "obj_id": 1}, {"cam_R_m2c": [0.9633618593215942, -0.03489654138684273, 0.26592516899108887, -0.1791011393070221, 0.6543319225311279, 0.7346920967102051, -0.19964154064655304, -0.7554018497467041, 0.6241084337234497], "cam_t_m2c": [-347.4848327636719, -88.36079406738281, 578.2618408203125], "obj_id": 1}, {"cam_R_m2c": [-0.8801460862159729, -0.03535245358943939, 0.47338464856147766, 0.43790704011917114, 0.3244909346103668, 0.8384169936180115, -0.1832491159439087, 0.9452279210090637, -0.2701182961463928], "cam_t_m2c": [-347.4848327636719, -88.36079406738281, 578.2618408203125], "obj_id": 0}],
  "8": [{"cam_R_m2c": [0.8036095499992371, -0.5597795248031616, 0.20213499665260315, 0.3470665514469147, 0.7166755795478821, 0.6049140095710754, -0.4834836721420288, -0.4159603714942932, 0.7702080607414246], "cam_t_m2c": [-347.4848327636719, -88.36079406738281, 578.2618408203125], "obj_id": 2}, {"cam_R_m2c": [0.2322743684053421, 0.8821127414703369, 0.40978744626045227, -0.9611579179763794, 0.14359058439731598, 0.23570574820041656, 0.1490774303674698, -0.4486188292503357, 0.8812020421028137], "cam_t_m2c": [-347.4848327636719, -88.36079406738281, 578.2618408203125], "obj_id": 1}, {"cam_R_m2c": [0.8387271761894226, -0.5411263108253479, -0.06098383665084839, -0.4413732886314392, -0.7411258220672607, 0.5058873295783997, -0.31894567608833313, -0.3973848223686218, -0.8604410290718079], "cam_t_m2c": [-347.4848327636719, -88.36079406738281, 578.2618408203125], "obj_id": 0}, {"cam_R_m2c": [0.019917016848921776, 0.8238528966903687, -0.5664538145065308, -0.3569106161594391, -0.5233772993087769, -0.773751437664032, -0.9339262843132019, 0.21758423745632172, 0.2836175858974457], "cam_t_m2c": [-347.4848327636719, -88.36079406738281, 578.2618408203125], "obj_id": 0}, {"cam_R_m2c": [0.8824723958969116, -0.3477056324481964, -0.3167699873447418, -0.37541669607162476, -0.9264029264450073, -0.028977936133742332, -0.2833808958530426, 0.1444929838180542, -0.9480594992637634], "cam_t_m2c": [-347.4848327636719, -88.36079406738281, 578.2618408203125], "obj_id": 0}, {"cam_R_m2c": [0.4052402079105377, -0.48992833495140076, -0.7718487977981567, 0.843389630317688, -0.12547537684440613, 0.5224459767341614, -0.3528091311454773, -0.8626853823661804, 0.36235281825065613], "cam_t_m2c": [-347.4848327636719, -88.36079406738281, 578.2618408203125], "obj_id": 1}, {"cam_R_m2c": [-0.46183204650878906, 0.3990177512168884, -0.7921465039253235, -0.663303554058075, -0.7482864856719971, 0.009790150448679924, -0.5888460278511047, 0.5299549698829651, 0.6102524995803833], "cam_t_m2c": [-347.4848327636719, -88.36079406738281, 578.2618408203125], "obj_id": 2}, {"cam_R_m2c": [0.062831811606884, -0.19448140263557434, -0.9788917303085327, -0.6786043643951416, -0.7275288105010986, 0.10098452121019363, -0.7318116426467896, 0.6579352021217346, -0.17768780887126923], "cam_t_m2c": [-347.4848327636719, -88.36079406738281, 578.2618408203125], "obj_id": 1}, {"cam_R_m2c": [0.9633618593215942, -0.03489654138684273, 0.26592516899108887, -0.1791011393070221, 0.6543319225311279, 0.7346920967102051, -0.19964154064655304, -0.7554018497467041, 0.6241084337234497], "cam_t_m2c": [-347.4848327636719, -88.36079406738281, 578.2618408203125], "obj_id": 1}, {"cam_R_m2c": [-0.8801460862159729, -0.03535245358943939, 0.47338464856147766, 0.43790704011917114, 0.3244909346103668, 0.8384169936180115, -0.1832491159439087, 0.9452279210090637, -0.2701182961463928], "cam_t_m2c": [-347.4848327636719, -88.36079406738281, 578.2618408203125], "obj_id": 0}],
  "9": [{"cam_R_m2c": [0.8036095499992371, -0.5597795248031616, 0.20213499665260315, 0.3470665514469147, 0.7166755795478821, 0.6049140095710754, -0.4834836721420288, -0.4159603714942932, 0.7702080607414246], "cam_t_m2c": [-347.4848327636719, -88.36079406738281, 578.2618408203125], "obj_id": 2}, {"cam_R_m2c": [0.2322743684053421, 0.8821127414703369, 0.40978744626045227, -0.9611579179763794, 0.14359058439731598, 0.23570574820041656, 0.1490774303674698, -0.4486188292503357, 0.8812020421028137], "cam_t_m2c": [-347.4848327636719, -88.36079406738281, 578.2618408203125], "obj_id": 1}, {"cam_R_m2c": [0.8387271761894226, -0.5411263108253479, -0.06098383665084839, -0.4413732886314392, -0.7411258220672607, 0.5058873295783997, -0.31894567608833313, -0.3973848223686218, -0.8604410290718079], "cam_t_m2c": [-347.4848327636719, -88.36079406738281, 578.2618408203125], "obj_id": 0}, {"cam_R_m2c": [0.019917016848921776, 0.8238528966903687, -0.5664538145065308, -0.3569106161594391, -0.5233772993087769, -0.773751437664032, -0.9339262843132019, 0.21758423745632172, 0.2836175858974457], "cam_t_m2c": [-347.4848327636719, -88.36079406738281, 578.2618408203125], "obj_id": 0}, {"cam_R_m2c": [0.8824723958969116, -0.3477056324481964, -0.3167699873447418, -0.37541669607162476, -0.9264029264450073, -0.028977936133742332, -0.2833808958530426, 0.1444929838180542, -0.9480594992637634], "cam_t_m2c": [-347.4848327636719, -88.36079406738281, 578.2618408203125], "obj_id": 0}, {"cam_R_m2c": [0.4052402079105377, -0.48992833495140076, -0.7718487977981567, 0.843389630317688, -0.12547537684440613, 0.5224459767341614, -0.3528091311454773, -0.8626853823661804, 0.36235281825065613], "cam_t_m2c": [-347.4848327636719, -88.36079406738281, 578.2618408203125], "obj_id": 1}, {"cam_R_m2c": [-0.46183204650878906, 0.3990177512168884, -0.7921465039253235, -0.663303554058075, -0.7482864856719971, 0.009790150448679924, -0.5888460278511047, 0.5299549698829651, 0.6102524995803833], "cam_t_m2c": [-347.4848327636719, -88.36079406738281, 578.2618408203125], "obj_id": 2}, {"cam_R_m2c": [0.062831811606884, -0.19448140263557434, -0.9788917303085327, -0.6786043643951416, -0.7275288105010986, 0.10098452121019363, -0.7318116426467896, 0.6579352021217346, -0.17768780887126923], "cam_t_m2c": [-347.4848327636719, -88.36079406738281, 578.2618408203125], "obj_id": 1}, {"cam_R_m2c": [0.9633618593215942, -0.03489654138684273, 0.26592516899108887, -0.1791011393070221, 0.6543319225311279, 0.7346920967102051, -0.19964154064655304, -0.7554018497467041, 0.6241084337234497], "cam_t_m2c": [-347.4848327636719, -88.36079406738281, 578.2618408203125], "obj_id": 1}, {"cam_R_m2c": [-0.8801460862159729, -0.03535245358943939, 0.47338464856147766, 0.43790704011917114, 0.3244909346103668, 0.8384169936180115, -0.1832491159439087, 0.9452279210090637, -0.2701182961463928], "cam_t_m2c": [-347.4848327636719, -88.36079406738281, 578.2618408203125], "obj_id": 0}]
}