{
  "0": [{"cam_R_m2c": [-0.5427377223968506, 0.44172540307044983, 0.7143628001213074, 0.4867972731590271, 0.8585431575775146, -0.16103443503379822, -0.6844442486763, 0.26035040616989136, -0.68099445104599], "cam_t_m2c": [-142.01016235351562, 98.26643371582031, 4494.73779296875], "obj_id": 0}, {"cam_R_m2c": [-0.05158604308962822, -0.9697509407997131, 0.23858289420604706, 0.7206637263298035, -0.20153529942035675, -0.6633453965187073, 0.6913627982139587, 0.13771861791610718, 0.709260880947113], "cam_t_m2c": [-47.350502014160156, 252.92562866210938, 4651.85791015625], "obj_id": 0}, {"cam_R_m2c": [0.8257365822792053, -0.5636835098266602, 0.02049173042178154, -0.16076049208641052, -0.2003636211156845, 0.9664420485496521, -0.5406616926193237, -0.8013207912445068, -0.25606560707092285], "cam_t_m2c": [-20.594013214111328, 3.6654043197631836, 4613.97705078125], "obj_id": 2}, {"cam_R_m2c": [-0.6696739792823792, 0.3376295268535614, 0.6614702939987183, -0.730414867401123, -0.4604763984680176, -0.5044358968734741, 0.1342790275812149, -0.8209553360939026, 0.5549787282943726], "cam_t_m2c": [-239.2770538330078, 337.28924560546875, 4441.794921875], "obj_id": 2}, {"cam_R_m2c": [-0.6281927824020386, -0.2692638337612152, 0.729979932308197, -0.7740155458450317, 0.3117799758911133, -0.5510835647583008, -0.0792061984539032, -0.911202609539032, -0.40427228808403015], "cam_t_m2c": [98.45477294921875, 78.17996978759766, 4693.57470703125], "obj_id": 1}, {"cam_R_m2c": [-0.8089078664779663, -0.5070676803588867, 0.29757386445999146, -0.5451725125312805, 0.457406610250473, -0.7025425434112549, 0.22012443840503693, -0.7305213809013367, -0.6464391350746155], "cam_t_m2c": [-46.603885650634766, -147.0714111328125, 4870.31591796875], "obj_id": 0}, {"cam_R_m2c": [0.8569192290306091, -0.4469369351863861, -0.25678160786628723, 0.2336980253458023, 0.7808988690376282, -0.5792946219444275, 0.459428608417511, 0.43639934062957764, 0.7736155390739441], "cam_t_m2c": [-219.15443420410156, 166.42739868164062, 4497.09130859375], "obj_id": 2}, {"cam_R_m2c": [-0.6085259318351746, 0.707684338092804, 0.3589971661567688, 0.6951448321342468, 0.25721457600593567, 0.6712781190872192, 0.3827137351036072, 0.6580451726913452, -0.6484647989273071], "cam_t_m2c": [-224.0167694091797, 125.56193542480469, 4850.39453125], "obj_id": 2}, {"cam_R_m2c": [0.08814629912376404, 0.3640024960041046, -0.9272175431251526, 0.26311659812927246, -0.9062884449958801, -0.3307729959487915, -0.9607288241386414, -0.21480992436408997, -0.17566102743148804], "cam_t_m2c": [-289.4214172363281, 1.9573420286178589, 4736.65673828125], "obj_id": 1}, {"cam_R_m2c": [0.45941585302352905, -0.7272392511367798, -0.5099608898162842, -0.8398363590240479, -0.16875214874744415, -0.515943169593811, 0.28915712237358093, 0.6653161644935608, -0.6882894039154053], "cam_t_m2c": [-134.81771850585938, 23.618865966796875, 4689.17919921875], "obj_id": 2}, {"cam_R_m2c": [-0.4527070224285126, 0.45984047651290894, -0.7639389634132385, 0.5120958089828491, -0.5672879219055176, -0.6449356079101562, -0.7299410104751587, -0.6831769943237305, 0.021333083510398865], "cam_t_m2c": [200.1161346435547, 195.1912078857422, 4690.3984375], "obj_id": 1}, {"cam_R_m2c": [-0.9561867117881775, -0.057720739394426346, -0.28701114654541016, 0.020138641819357872, 0.9650801420211792, -0.2611795663833618, 0.29206421971321106, -0.2555164098739624, -0.9216343760490417], "cam_t_m2c": [-320.9783020019531, 214.93360900878906, 4737.40625], "obj_id": 2}, {"cam_R_m2c": [-0.5811396241188049, -0.792776882648468, -0.18379686772823334, 0.6852269172668457, -0.35484087467193604, -0.636043906211853, 0.4390223026275635, -0.495572954416275, 0.7494443655014038], "cam_t_m2c": [-297.3111267089844, -83.04146575927734, 4758.970703125], "obj_id": 0}, {"cam_R_m2c": [-0.6261469721794128, -0.3848388195037842, 0.6781144142150879, 0.33857229351997375, -0.9176306128501892, -0.20814166963100433, 0.7023594975471497, 0.09926348179578781, 0.7048673033714294], "cam_t_m2c": [-0.00021663992083631456, 0.0009369105100631714, 4743.6015625], "obj_id": 0}, {"cam_R_m2c": [-0.7294401526451111, 0.6819209456443787, 0.05385858938097954, 0.35305699706077576, 0.4427560865879059, -0.8242073655128479, -0.5858904719352722, -0.5821948647499084, -0.5637210011482239], "cam_t_m2c": [-38.569366455078125, 54.25031280517578, 4426.56103515625], "obj_id": 0}, {"cam_R_m2c": [-0.025497183203697205, 0.617746889591217, 0.7859635353088379, 0.7619492411613464, -0.4969460070133209, 0.4153047800064087, 0.6471346616744995, 0.6094533801078796, -0.45802104473114014], "cam_t_m2c": [98.25420379638672, -71.2339096069336, 4768.78466796875], "obj_id": 0}, {"cam_R_m2c": [-0.8035911321640015, -0.47658154368400574, 0.3565264046192169, -0.2422313094139099, 0.8090472221374512, 0.5355058908462524, -0.5436589121818542, 0.343966007232666, -0.7655861377716064], "cam_t_m2c": [-346.0825500488281, 241.89291381835938, 4546.01611328125], "obj_id": 1}, {"cam_R_m2c": [0.5557999014854431, 0.7954723834991455, -0.2414749413728714, -0.05554278567433357, -0.2542904019355774, -0.965531587600708, -0.8294585347175598, 0.5500545501708984, -0.09715180844068527], "cam_t_m2c": [-163.0773162841797, 203.04684448242188, 4362.4091796875], "obj_id": 2}, {"cam_R_m2c": [-0.3558729290962219, -0.5685188174247742, -0.7417146563529968, 0.2589259445667267, 0.7026193737983704, -0.6627845764160156, 0.8979485630989075, -0.4279163181781769, -0.1028389036655426], "cam_t_m2c": [179.08291625976562, 180.60638427734375, 4564.7529296875], "obj_id": 0}, {"cam_R_m2c": [0.7448805570602417, 0.4151911437511444, 0.5222731232643127, 0.14203862845897675, 0.6661612391471863, -0.7321572303771973, -0.6519033312797546, 0.6195526719093323, 0.437237411737442], "cam_t_m2c": [0.6740696430206299, 72.9535903930664, 4510.59228515625], "obj_id": 0}]
}