{
  "0": [{"cam_R_m2c": [-0.6977866888046265, 0.09629222005605698, -0.7098038196563721, -0.5078945159912109, 0.6322497129440308, 0.5850670337677002, 0.5051106810569763, 0.7687574625015259, -0.3922691345214844], "cam_t_m2c": [-243.15162658691406, -109.11888122558594, 897.37353515625], "obj_id": 3}, {"cam_R_m2c": [-0.5442183017730713, 0.23548530042171478, -0.8052160739898682, 0.7329326272010803, -0.3335602581501007, -0.5929141044616699, -0.40821072459220886, -0.9128439426422119, 0.008934883400797844], "cam_t_m2c": [-6.740128993988037, -84.37236022949219, 715.7536010742188], "obj_id": 3}, {"cam_R_m2c": [-0.5889687538146973, 0.13298802077770233, 0.7971386909484863, 0.07772035896778107, -0.9724749326705933, 0.21966363489627838, 0.8044099807739258, 0.19132891297340393, 0.5624213814735413], "cam_t_m2c": [63.31280517578125, -228.75975036621094, 850.670654296875], "obj_id": 3}, {"cam_R_m2c": [0.17905189096927643, 0.27335068583488464, -0.9451030492782593, 0.8580226302146912, -0.5134192705154419, 0.014058796688914299, -0.48139119148254395, -0.8134371042251587, -0.3264697194099426], "cam_t_m2c": [-46.82136917114258, -42.745853424072266, 701.9523315429688], "obj_id": 3}, {"cam_R_m2c": [0.7131317853927612, -0.37463605403900146, 0.5925291776657104, -0.6778374910354614, -0.15288382768630981, 0.719140350818634, -0.17882774770259857, -0.9144803285598755, -0.36296868324279785], "cam_t_m2c": [-135.59336853027344, 67.80413055419922, 735.0399780273438], "obj_id": 3}, {"cam_R_m2c": [0.4681073725223541, -0.4169591963291168, 0.7791152000427246, -0.8430632948875427, -0.474930077791214, 0.2523602545261383, 0.2648013234138489, -0.7749751210212708, -0.5738412737846375], "cam_t_m2c": [-157.79336547851562, -0.9985342621803284, 999.2976684570312], "obj_id": 3}, {"cam_R_m2c": [-0.07134544849395752, -0.9744822382926941, -0.21282386779785156, 0.13851584494113922, 0.2016206979751587, -0.9696196913719177, 0.9877869486808777, -0.0986575037240982, 0.12059658020734787], "cam_t_m2c": [-176.59573364257812, -99.84996795654297, 1064.50146484375], "obj_id": 3}, {"cam_R_m2c": [0.162854865193367, 0.06337902694940567, 0.9846122860908508, 0.6486765146255493, -0.7588167786598206, -0.05844641849398613, 0.7434360384941101, 0.6482131481170654, -0.16468951106071472], "cam_t_m2c": [-259.285888671875, -109.9387435913086, 936.9428100585938], "obj_id": 3}, {"cam_R_m2c": [0.34361279010772705, -0.9118098616600037, -0.2247953563928604, 0.9091342091560364, 0.2629770040512085, 0.3229830861091614, -0.23538316786289215, -0.3153502643108368, 0.9193198680877686], "cam_t_m2c": [-15.97634506225586, -93.19837188720703, 641.5759887695312], "obj_id": 3}, {"cam_R_m2c": [0.20286278426647186, 0.9781376123428345, 0.04575571417808533, 0.713165819644928, -0.1155657097697258, -0.6914037466049194, -0.6710001826286316, 0.1728914976119995, -0.7210182547569275], "cam_t_m2c": [-5.351408004760742, -86.48369598388672, 786.0037231445312], "obj_id": 3}, {"cam_R_m2c": [0.9960094094276428, -0.08722856640815735, 0.018878674134612083, -0.06589375436306, -0.5760676264762878, 0.8147416710853577, -0.06019335240125656, -0.8127343654632568, -0.579516589641571], "cam_t_m2c": [63.27342224121094, -147.89805603027344, 1056.5350341796875], "obj_id": 3}, {"cam_R_m2c": [-0.1187925934791565, -0.9548748731613159, 0.27221807837486267, -0.342516154050827, -0.21792270243167877, -0.9138888716697693, 0.9319717884063721, -0.2018021196126938, -0.3011726438999176], "cam_t_m2c": [-122.41522216796875, -50.19139862060547, 1001.6907348632812], "obj_id": 3}, {"cam_R_m2c": [-0.8102197051048279, -0.5828533172607422, -0.06185256689786911, 0.583562433719635, -0.7923126816749573, -0.17803162336349487, 0.05475975573062897, -0.18033958971500397, 0.9820789098739624], "cam_t_m2c": [-280.34765625, -123.36888122558594, 1070.78271484375], "obj_id": 3}, {"cam_R_m2c": [0.5950443744659424, -0.17392021417617798, 0.7846489548683167, 0.5504903793334961, -0.6231245398521423, -0.5555862784385681, 0.5855616927146912, 0.7625401616096497, -0.27504533529281616], "cam_t_m2c": [-341.4928894042969, -135.39743041992188, 1023.2796630859375], "obj_id": 3}, {"cam_R_m2c": [-0.6938822269439697, 0.6881359219551086, -0.21212366223335266, -0.71019047498703, -0.7026524543762207, 0.043692026287317276, -0.11898316442966461, 0.18096531927585602, 0.9762656092643738], "cam_t_m2c": [-19.76148796081543, -102.82136535644531, 1044.7298583984375], "obj_id": 3}, {"cam_R_m2c": [-0.24173986911773682, 0.7340767979621887, -0.6345810294151306, 0.8347748517990112, -0.1760711520910263, -0.5216798782348633, -0.49468448758125305, -0.6558430790901184, -0.5702254772186279], "cam_t_m2c": [-23.440841674804688, 49.8799934387207, 995.9843139648438], "obj_id": 3}, {"cam_R_m2c": [-0.7535035014152527, -0.6318200826644897, -0.1817573755979538, 0.5943120121955872, -0.7728111147880554, 0.22261187434196472, -0.281114786863327, 0.05971825122833252, 0.9578142762184143], "cam_t_m2c": [-34.894142150878906, -251.0483856201172, 750.025146484375], "obj_id": 3}, {"cam_R_m2c": [0.7717656493186951, 0.48318299651145935, 0.41341501474380493, 0.37163257598876953, 0.1848352551460266, -0.9097939729690552, -0.5160107016563416, 0.8557862639427185, -0.03691704943776131], "cam_t_m2c": [-193.8732452392578, -169.59207153320312, 1018.8206176757812], "obj_id": 3}, {"cam_R_m2c": [-0.18598400056362152, 0.8779420852661133, -0.4411661624908447, -0.6403242349624634, -0.44885849952697754, -0.6233064532279968, -0.7452481389045715, 0.16656434535980225, 0.6456481218338013], "cam_t_m2c": [72.91948699951172, -200.4390106201172, 703.4549560546875], "obj_id": 3}, {"cam_R_m2c": [0.9545281529426575, 0.29812079668045044, -0.00017213924729730934, 0.2656082510948181, -0.8501664400100708, 0.45460885763168335, 0.13538199663162231, -0.43398264050483704, -0.8906911611557007], "cam_t_m2c": [-129.00335693359375, -367.1384582519531, 803.3038940429688], "obj_id": 3}, {"cam_R_m2c": [0.7339916229248047, -0.00853439886122942, 0.6791049242019653, 0.40590447187423706, -0.7961754202842712, -0.4487161636352539, 0.5445162057876587, 0.6050056219100952, -0.5809218883514404], "cam_t_m2c": [-124.43378448486328, -12.619208335876465, 615.2017822265625], "obj_id": 3}, {"cam_R_m2c": [0.8646509051322937, -0.2931675612926483, -0.40796029567718506, -0.4344994127750397, -0.8440289497375488, -0.31436479091644287, -0.25216877460479736, 0.44907429814338684, -0.8571715354919434], "cam_t_m2c": [-55.093177795410156, -298.6925048828125, 921.6566162109375], "obj_id": 3}, {"cam_R_m2c": [0.10661238431930542, -0.6533479690551758, -0.7495133876800537, 0.5433931946754456, -0.5929956436157227, 0.5942054390907288, -0.8326810002326965, -0.47063013911247253, 0.29180410504341125], "cam_t_m2c": [-189.2217254638672, -117.90702056884766, 1095.4061279296875], "obj_id": 3}, {"cam_R_m2c": [0.6305432319641113, 0.7720363736152649, 0.07984364777803421, -0.3608972728252411, 0.38270917534828186, -0.8504626750946045, -0.6871450543403625, 0.5074381232261658, 0.5199405550956726], "cam_t_m2c": [-201.79840087890625, -35.63920211791992, 1054.79296875], "obj_id": 3}, {"cam_R_m2c": [0.7037116885185242, 0.405860960483551, -0.5831524133682251, -0.7001871466636658, 0.2569219768047333, -0.6661299467086792, -0.12053145468235016, 0.8770792484283447, 0.46497759222984314], "cam_t_m2c": [-214.22262573242188, -141.66770935058594, 1041.31494140625], "obj_id": 3}, {"cam_R_m2c": [0.6741679310798645, -0.04031583294272423, -0.7374769449234009, -0.6194797158241272, -0.5745761394500732, -0.5348896980285645, -0.40217217803001404, 0.8174574971199036, -0.4123356342315674], "cam_t_m2c": [-215.82020568847656, -127.70347595214844, 672.4446411132812], "obj_id": 3}, {"cam_R_m2c": [0.5935988426208496, -0.0802798643708229, -0.8007469177246094, 0.37449103593826294, -0.8531591892242432, 0.36314713954925537, -0.7123180031776428, -0.5154362320899963, -0.4763702154159546], "cam_t_m2c": [-122.35499572753906, -263.34869384765625, 936.5982666015625], "obj_id": 3}, {"cam_R_m2c": [0.9941765666007996, -0.10699015110731125, 0.012887660413980484, -0.10708676278591156, -0.9942246079444885, 0.007053608074784279, 0.012058562599122524, -0.008392629213631153, -0.999891996383667], "cam_t_m2c": [76.89224243164062, -313.6722412109375, 791.6548461914062], "obj_id": 3}, {"cam_R_m2c": [-0.5595545768737793, -0.24389290809631348, -0.7920951247215271, 0.38920676708221436, -0.9211094379425049, 0.008672728203237057, -0.7317216396331787, -0.30343595147132874, 0.6103360056877136], "cam_t_m2c": [71.25100708007812, -172.07106018066406, 1110.157958984375], "obj_id": 1}, {"cam_R_m2c": [0.1433057337999344, 0.26037588715553284, 0.9548129439353943, -0.6024516224861145, -0.7424730062484741, 0.2928917109966278, 0.785184919834137, -0.6172016859054565, 0.05046338215470314], "cam_t_m2c": [-142.05320739746094, -11.692341804504395, 761.1328125], "obj_id": 1}, {"cam_R_m2c": [0.448976069688797, -0.20446819067001343, -0.8698351383209229, 0.4165949523448944, 0.9090912342071533, 0.0013346356572583318, 0.7904865741729736, -0.36296817660331726, 0.4933406412601471], "cam_t_m2c": [-255.9911346435547, -165.5076904296875, 953.5323486328125], "obj_id": 1}, {"cam_R_m2c": [0.05482691153883934, 0.9977225661277771, -0.0392911396920681, -0.5088418126106262, -0.0059386929497122765, -0.8608396053314209, -0.8591123819351196, 0.06719019263982773, 0.5073572993278503], "cam_t_m2c": [-171.0449981689453, -52.60668182373047, 654.0237426757812], "obj_id": 1}, {"cam_R_m2c": [-0.6041871309280396, 0.10831169784069061, -0.7894469499588013, -0.7869622707366943, 0.07442279160022736, 0.6124962568283081, 0.12509335577487946, 0.9913272857666016, 0.04027192294597626], "cam_t_m2c": [20.388282775878906, -192.45468139648438, 1129.8231201171875], "obj_id": 1}, {"cam_R_m2c": [0.14665815234184265, 0.1536979377269745, 0.9771735668182373, -0.9660129547119141, 0.2348290979862213, 0.10804718732833862, -0.21286208927631378, -0.959808349609375, 0.1829138547182083], "cam_t_m2c": [-33.101661682128906, -395.49188232421875, 952.1187133789062], "obj_id": 1}, {"cam_R_m2c": [-0.7215003967285156, -0.6878767013549805, -0.07913680374622345, 0.6548780202865601, -0.7150356769561768, 0.2446601837873459, -0.22488169372081757, 0.1246974840760231, 0.9663740396499634], "cam_t_m2c": [-82.58844757080078, -228.8698272705078, 1146.424560546875], "obj_id": 1}, {"cam_R_m2c": [-0.23958642780780792, -0.6490091681480408, 0.7220701575279236, 0.8432207703590393, 0.22953811287879944, 0.48609766364097595, -0.4812244474887848, 0.7253270149230957, 0.49226388335227966], "cam_t_m2c": [6.26754093170166, -72.1656494140625, 784.698486328125], "obj_id": 1}, {"cam_R_m2c": [0.4229125678539276, -0.019396444782614708, 0.9059628844261169, 0.4332565367221832, 0.8824224472045898, -0.18335604667663574, -0.7958855032920837, 0.4700579345226288, 0.38159117102622986], "cam_t_m2c": [15.292640686035156, -200.15037536621094, 798.7682495117188], "obj_id": 1}, {"cam_R_m2c": [0.9902060031890869, 0.0911797508597374, -0.10572784394025803, -0.13831827044487, 0.5377435088157654, -0.8316850066184998, -0.018978379666805267, 0.8381635546684265, 0.5450886487960815], "cam_t_m2c": [57.48041534423828, -206.41990661621094, 1101.9244384765625], "obj_id": 1}, {"cam_R_m2c": [0.4108425974845886, 0.7178137898445129, -0.5620958209037781, 0.8746811151504517, -0.1364174634218216, 0.4651056230068207, 0.2571795582771301, -0.682739794254303, -0.6839042901992798], "cam_t_m2c": [-259.3657531738281, -111.35836791992188, 848.3316650390625], "obj_id": 1}, {"cam_R_m2c": [0.03006063960492611, -0.9554222822189331, -0.29370835423469543, -0.5961941480636597, 0.21871010959148407, -0.77247554063797, 0.8022773265838623, 0.19832831621170044, -0.5630426406860352], "cam_t_m2c": [-53.15359878540039, 29.301101684570312, 931.8245239257812], "obj_id": 1}, {"cam_R_m2c": [-0.6265231370925903, 0.7790166735649109, -0.024528855457901955, -0.6172819137573242, -0.47674229741096497, 0.6258431673049927, 0.47584831714630127, 0.407246470451355, 0.7795631289482117], "cam_t_m2c": [-32.3408088684082, -292.7063293457031, 1166.4935302734375], "obj_id": 1}, {"cam_R_m2c": [-0.3748183250427246, 0.027048692107200623, 0.9267036318778992, 0.182613804936409, -0.9778374433517456, 0.10240191221237183, 0.9089353084564209, 0.20761097967624664, 0.36157190799713135], "cam_t_m2c": [72.11663055419922, -260.2176513671875, 731.5037231445312], "obj_id": 1}, {"cam_R_m2c": [0.9344512820243835, -0.057964347302913666, 0.35134157538414, -0.270785391330719, -0.7564182281494141, 0.595404863357544, 0.2312488853931427, -0.651515007019043, -0.7225319147109985], "cam_t_m2c": [-171.60601806640625, 26.002857208251953, 1016.8384399414062], "obj_id": 1}, {"cam_R_m2c": [0.27758145332336426, 0.3095269799232483, 0.909473180770874, 0.42814895510673523, -0.8873220086097717, 0.17131230235099792, 0.8600214719772339, 0.3418368995189667, -0.37882769107818604], "cam_t_m2c": [-128.37969970703125, 21.7802791595459, 884.0065307617188], "obj_id": 1}, {"cam_R_m2c": [0.4606294333934784, -0.8481160402297974, -0.2617626190185547, -0.6118318438529968, -0.08974441885948181, -0.7858801484107971, 0.6430258750915527, 0.5221542119979858, -0.5602433681488037], "cam_t_m2c": [-213.58740234375, -169.51263427734375, 999.93603515625], "obj_id": 1}, {"cam_R_m2c": [-0.6979386806488037, -0.7145458459854126, 0.04801946133375168, 0.7052516937255859, -0.6741064190864563, 0.2195463329553604, -0.12450568377971649, 0.18709568679332733, 0.9744195938110352], "cam_t_m2c": [-85.31795501708984, -44.12416458129883, 1053.756591796875], "obj_id": 1}, {"cam_R_m2c": [0.7083646655082703, 0.3803982436656952, 0.5945726037025452, -0.5468349456787109, 0.8283762335777283, 0.12150853872299194, -0.4463081657886505, -0.4112054407596588, 0.7948075532913208], "cam_t_m2c": [-165.3939666748047, -18.01845932006836, 939.8416137695312], "obj_id": 1}, {"cam_R_m2c": [-0.9035877585411072, 0.12368659675121307, -0.4101593494415283, 0.38917678594589233, -0.1632288694381714, -0.9065857529640198, -0.17908236384391785, -0.978804349899292, 0.09935570508241653], "cam_t_m2c": [21.141172409057617, -109.26421356201172, 651.3001098632812], "obj_id": 1}, {"cam_R_m2c": [0.11509402096271515, -0.8326031565666199, 0.5417798161506653, -0.4501086175441742, 0.44248855113983154, 0.7756327390670776, -0.8855255842208862, -0.33313044905662537, -0.32383406162261963], "cam_t_m2c": [31.438608169555664, -261.3865661621094, 871.729248046875], "obj_id": 1}, {"cam_R_m2c": [0.3485957086086273, -0.23156194388866425, -0.9082180857658386, 0.6970323920249939, 0.7118588089942932, 0.08603999763727188, 0.6265994310379028, -0.6630505919456482, 0.4095571041107178], "cam_t_m2c": [-141.08921813964844, -199.22128295898438, 886.602783203125], "obj_id": 1}, {"cam_R_m2c": [0.9281777739524841, -0.3205389976501465, -0.18905235826969147, 0.09874868392944336, 0.7019530534744263, -0.7053443193435669, 0.35879623889923096, 0.6360162496566772, 0.6831900477409363], "cam_t_m2c": [99.23951721191406, -130.22642517089844, 797.9984741210938], "obj_id": 1}, {"cam_R_m2c": [0.7036182880401611, -0.39904871582984924, -0.5879467725753784, -0.42113760113716125, -0.9006298780441284, 0.1072801873087883, -0.5723324418067932, 0.17212219536304474, -0.8017540574073792], "cam_t_m2c": [-67.03195190429688, -84.54308319091797, 709.8270874023438], "obj_id": 1}, {"cam_R_m2c": [0.5283311009407043, -0.8043215870857239, -0.27190619707107544, 0.755803644657135, 0.2996388077735901, 0.5822176933288574, -0.3868166208267212, -0.513111412525177, 0.7662177085876465], "cam_t_m2c": [139.5795135498047, -95.16331481933594, 812.1926879882812], "obj_id": 1}, {"cam_R_m2c": [0.28209736943244934, -0.6112073659896851, -0.739490807056427, -0.9580433368682861, -0.22023028135299683, -0.183444082736969, -0.05073585733771324, 0.760213315486908, -0.6476895213127136], "cam_t_m2c": [99.40511322021484, -150.6707763671875, 826.3209228515625], "obj_id": 1}, {"cam_R_m2c": [0.5200067758560181, -0.6998901963233948, 0.48963937163352966, -0.6977028846740723, -0.017348021268844604, 0.716177225112915, -0.4927511513233185, -0.7140398025512695, -0.4973365068435669], "cam_t_m2c": [-151.00880432128906, -66.55509185791016, 1002.7655639648438], "obj_id": 1}, {"cam_R_m2c": [-0.7207678556442261, 0.654536783695221, -0.22819915413856506, 0.6923069953918457, 0.6962182521820068, -0.18971312046051025, 0.03470217436552048, -0.2947230637073517, -0.9549521207809448], "cam_t_m2c": [-132.1680908203125, -302.41033935546875, 966.0573120117188], "obj_id": 1}, {"cam_R_m2c": [0.02660580538213253, 0.9995537400245667, 0.013574570417404175, -0.9902390241622925, 0.028211547061800957, -0.13649415969848633, -0.13681621849536896, -0.009810542687773705, 0.9905478954315186], "cam_t_m2c": [-213.49252319335938, -284.5120544433594, 870.2982177734375], "obj_id": 1}, {"cam_R_m2c": [0.6978883147239685, 0.3870862126350403, 0.6025912165641785, -0.30142471194267273, 0.9219661355018616, -0.24314923584461212, -0.6496884226799011, -0.011944862082600594, 0.7601068019866943], "cam_t_m2c": [4.8636369705200195, -202.43104553222656, 875.1109008789062], "obj_id": 1}, {"cam_R_m2c": [-0.15753519535064697, -0.1369045376777649, 0.9779772758483887, -0.4361400306224823, -0.8788753747940063, -0.19328618049621582, 0.885982096195221, -0.4569844901561737, 0.07874446362257004], "cam_t_m2c": [-85.3977279663086, -227.15411376953125, 734.6015625], "obj_id": 1}, {"cam_R_m2c": [0.238042950630188, 0.9689871072769165, 0.06632812321186066, 0.9608399868011475, -0.22496655583381653, -0.16179108619689941, -0.14185187220573425, 0.10224393010139465, -0.9845932126045227], "cam_t_m2c": [-152.920654296875, 32.580955505371094, 919.8388671875], "obj_id": 1}, {"cam_R_m2c": [-0.11212097108364105, -0.24428483843803406, 0.9631997346878052, 0.9378944039344788, 0.2942318916320801, 0.18379785120487213, -0.32830309867858887, 0.9239872694015503, 0.1961238533258438], "cam_t_m2c": [-19.14116668701172, 51.94916915893555, 932.2067260742188], "obj_id": 1}, {"cam_R_m2c": [0.7929531931877136, -0.17960616946220398, 0.5822085738182068, 0.38952144980430603, -0.5853403210639954, -0.7110905051231384, 0.468506395816803, 0.7906442284584045, -0.39418700337409973], "cam_t_m2c": [-205.1243133544922, -157.5413360595703, 986.0552368164062], "obj_id": 1}, {"cam_R_m2c": [-0.3332224190235138, -0.9303647875785828, -0.15291903913021088, -0.8849272131919861, 0.36458125710487366, -0.2898004651069641, 0.32537156343460083, 0.03875422105193138, -0.9447917938232422], "cam_t_m2c": [-174.528564453125, -171.41567993164062, 738.4503784179688], "obj_id": 1}, {"cam_R_m2c": [0.2324979305267334, -0.8225591778755188, -0.5189807415008545, 0.24721863865852356, 0.5660580992698669, -0.7864229679107666, 0.9406527280807495, 0.054539941251277924, 0.33495932817459106], "cam_t_m2c": [80.8370361328125, -261.9828796386719, 795.3543701171875], "obj_id": 1}, {"cam_R_m2c": [0.5376383066177368, -0.07148972153663635, -0.8401393890380859, -0.8428768515586853, -0.01904989220201969, -0.537769079208374, 0.022440355271100998, 0.9972593784332275, -0.07049896568059921], "cam_t_m2c": [-133.28590393066406, -56.24973678588867, 1041.023193359375], "obj_id": 1}, {"cam_R_m2c": [0.12069417536258698, 0.48302361369132996, 0.8672491312026978, 0.32303041219711304, 0.8069760799407959, -0.4944096803665161, -0.9386608600616455, 0.3398202061653137, -0.05863400548696518], "cam_t_m2c": [146.2095489501953, -144.93548583984375, 869.8397827148438], "obj_id": 1}, {"cam_R_m2c": [0.716212272644043, -0.6407126784324646, -0.27663543820381165, -0.6978299617767334, -0.6526283621788025, -0.2951430082321167, 0.008561708964407444, 0.40442955493927, -0.9145289659500122], "cam_t_m2c": [0.9872986674308777, -58.143028259277344, 654.203125], "obj_id": 1}, {"cam_R_m2c": [0.5696427226066589, -0.5237835645675659, -0.6333703398704529, -0.4109012484550476, -0.8488985300064087, 0.33246293663978577, -0.7118057012557983, 0.07086753845214844, -0.6987922787666321], "cam_t_m2c": [36.70729064941406, -275.9686279296875, 785.3555908203125], "obj_id": 1}, {"cam_R_m2c": [-0.7167600393295288, 0.48208752274513245, -0.5038319230079651, -0.651013195514679, -0.20371513068675995, 0.731219470500946, 0.2498735785484314, 0.8521101474761963, 0.459860235452652], "cam_t_m2c": [-131.50076293945312, -198.20870971679688, 1007.577880859375], "obj_id": 1}, {"cam_R_m2c": [0.9693639874458313, -0.02488909661769867, 0.24436457455158234, -0.23762482404708862, 0.15687239170074463, 0.958605945110321, -0.062192875891923904, -0.9873051643371582, 0.14615218341350555], "cam_t_m2c": [-71.11942291259766, -153.6710205078125, 858.40966796875], "obj_id": 1}, {"cam_R_m2c": [0.6935737729072571, 0.43424367904663086, 0.5747936964035034, -0.19310590624809265, -0.6566256284713745, 0.7290767431259155, 0.6940212249755859, -0.6166645884513855, -0.3715633153915405], "cam_t_m2c": [-97.71109008789062, -58.71987533569336, 753.0029296875], "obj_id": 1}, {"cam_R_m2c": [0.9547831416130066, -0.22064197063446045, 0.19926424324512482, 0.13268381357192993, 0.9160255193710327, 0.3785395920276642, -0.26605287194252014, -0.33498409390449524, 0.9038813710212708], "cam_t_m2c": [-123.2431869506836, -147.53564453125, 1029.38916015625], "obj_id": 1}, {"cam_R_m2c": [-0.5831496715545654, 0.20359031856060028, 0.7864397168159485, -0.7683275938034058, 0.17618674039840698, -0.615329921245575, -0.26383545994758606, -0.9630727767944336, 0.05368081480264664], "cam_t_m2c": [-43.035587310791016, -239.89505004882812, 1078.3280029296875], "obj_id": 1}, {"cam_R_m2c": [0.24614275991916656, 0.6998279690742493, -0.6705628633499146, 0.3048882484436035, -0.7126336693763733, -0.6318198442459106, -0.9200308918952942, -0.048928868025541306, -0.3887788951396942], "cam_t_m2c": [-49.396934509277344, -111.06990814208984, 724.3800048828125], "obj_id": 1}, {"cam_R_m2c": [-0.45775023102760315, -0.7191125750541687, 0.5228209495544434, -0.417084664106369, -0.3456375002861023, -0.8405801653862, 0.7851783037185669, -0.6028364300727844, -0.1417151242494583], "cam_t_m2c": [101.95897674560547, -154.84585571289062, 853.5220947265625], "obj_id": 1}, {"cam_R_m2c": [0.5322979092597961, 0.6670684218406677, -0.5212278962135315, -0.038919102400541306, -0.5957689881324768, -0.8022120594978333, -0.8456619381904602, 0.4473015069961548, -0.2911648154258728], "cam_t_m2c": [-130.32254028320312, -192.60398864746094, 1040.334716796875], "obj_id": 1}, {"cam_R_m2c": [0.6524988412857056, 0.4656422436237335, -0.5978482961654663, -0.34498900175094604, 0.8849703669548035, 0.31274598836898804, 0.6747057437896729, 0.0021847074385732412, 0.7380836009979248], "cam_t_m2c": [-262.3343505859375, -173.03512573242188, 770.2416381835938], "obj_id": 1}, {"cam_R_m2c": [-0.9659261703491211, -0.1419125199317932, -0.21644283831119537, 0.2568950057029724, -0.42394429445266724, -0.8684907555580139, 0.03149000555276871, -0.8945010304450989, 0.4459554851055145], "cam_t_m2c": [-13.943072319030762, -87.35894012451172, 671.899169921875], "obj_id": 1}, {"cam_R_m2c": [-0.4854762554168701, -0.7898952960968018, -0.3746708333492279, 0.8693482279777527, -0.39085620641708374, -0.30243194103240967, 0.09244713932275772, -0.47254297137260437, 0.876445472240448], "cam_t_m2c": [-0.46498486399650574, -31.283437728881836, 695.507080078125], "obj_id": 1}, {"cam_R_m2c": [-0.03235342726111412, 0.7276555895805359, 0.6851791739463806, -0.26220279932022095, 0.6553481221199036, -0.7083562016487122, -0.9644702672958374, -0.20257367193698883, 0.16959059238433838], "cam_t_m2c": [-198.40499877929688, -118.84814453125, 654.03564453125], "obj_id": 1}, {"cam_R_m2c": [-0.5695807337760925, -0.8219349384307861, -0.0007083011441864073, -0.1854885369539261, 0.12769947946071625, 0.9743134379386902, -0.800731897354126, 0.5550816655158997, -0.22519458830356598], "cam_t_m2c": [-103.56885528564453, -56.36433792114258, 757.6979370117188], "obj_id": 1}, {"cam_R_m2c": [0.9677759408950806, 0.15881606936454773, -0.19541530311107635, -0.15867291390895844, 0.9871934652328491, 0.01648983359336853, 0.19553156197071075, 0.015048649162054062, 0.9805819392204285], "cam_t_m2c": [-78.72930145263672, -26.05613899230957, 870.766845703125], "obj_id": 1}, {"cam_R_m2c": [0.8033170104026794, -0.4152423143386841, 0.4269140660762787, -0.44756147265434265, 0.051993075758218765, 0.8927403688430786, -0.39290016889572144, -0.9082238078117371, -0.1440795361995697], "cam_t_m2c": [-219.64703369140625, -37.05988311767578, 1051.243408203125], "obj_id": 3}, {"cam_R_m2c": [0.004398240242153406, 0.8356639742851257, 0.5492234230041504, 0.928645670413971, -0.20714716613292694, 0.30774545669555664, 0.3709418773651123, 0.5086804628372192, -0.7769468426704407], "cam_t_m2c": [60.38108825683594, -68.45233154296875, 1022.7029418945312], "obj_id": 1}, {"cam_R_m2c": [-0.8346008062362671, -0.1476353406906128, -0.5307026505470276, -0.02772762067615986, 0.9734537601470947, -0.22719818353652954, 0.5501570105552673, -0.17490465939044952, -0.8165388703346252], "cam_t_m2c": [-233.5154266357422, -245.8683319091797, 739.0291137695312], "obj_id": 1}, {"cam_R_m2c": [0.5206291675567627, -0.02312271110713482, 0.853469729423523, 0.8297244906425476, -0.22192934155464172, -0.5121568441390991, 0.20125244557857513, 0.9747885465621948, -0.09635740518569946], "cam_t_m2c": [-91.7118148803711, -312.27337646484375, 1020.8408813476562], "obj_id": 1}, {"cam_R_m2c": [-0.3411087393760681, 0.38151833415031433, -0.859120786190033, -0.8450644612312317, 0.2758330702781677, 0.45801976323127747, 0.41171684861183167, 0.8822470307350159, 0.22831855714321136], "cam_t_m2c": [-233.4252471923828, -212.85975646972656, 715.936767578125], "obj_id": 1}, {"cam_R_m2c": [0.6392006278038025, 0.29107826948165894, 0.7118257880210876, -0.63267582654953, -0.3271707594394684, 0.701911985874176, 0.43720000982284546, -0.8990175127983093, -0.024969518184661865], "cam_t_m2c": [-117.94193267822266, -40.127864837646484, 1062.6407470703125], "obj_id": 3}, {"cam_R_m2c": [-0.6738500595092773, 0.5068351626396179, 0.537628173828125, -0.5510753393173218, -0.8294522762298584, 0.09124039113521576, 0.49218079447746277, -0.23479129374027252, 0.8382309079170227], "cam_t_m2c": [-175.4538116455078, -272.08740234375, 884.8324584960938], "obj_id": 1}, {"cam_R_m2c": [-0.973879337310791, 0.20865227282047272, -0.08956930041313171, 0.18292152881622314, 0.9546403288841248, 0.23495012521743774, 0.13452935218811035, 0.2124289870262146, -0.9678714871406555], "cam_t_m2c": [-4.571035861968994, -373.755859375, 977.533203125], "obj_id": 1}, {"cam_R_m2c": [-0.32475775480270386, -0.6104211807250977, 0.7224392294883728, 0.8458092212677002, -0.5292637944221497, -0.06698241829872131, 0.42324841022491455, 0.5892927050590515, 0.6881822943687439], "cam_t_m2c": [-141.46775817871094, 71.48896026611328, 1004.5045776367188], "obj_id": 1}, {"cam_R_m2c": [-0.20167845487594604, -0.5048465728759766, -0.839318573474884, 0.27971529960632324, 0.7915520071983337, -0.5433275103569031, 0.9386613368988037, -0.3443477153778076, -0.018425676971673965], "cam_t_m2c": [150.3061981201172, -119.11711120605469, 808.7095336914062], "obj_id": 3}, {"cam_R_m2c": [-0.9877719283103943, -0.05183729529380798, 0.1470351666212082, 0.1541946530342102, -0.46414634585380554, 0.8722339272499084, 0.02303159236907959, 0.8842403292655945, 0.4664638638496399], "cam_t_m2c": [-8.722917556762695, -254.33724975585938, 770.7720947265625], "obj_id": 1}, {"cam_R_m2c": [0.5794283747673035, 0.4401010274887085, -0.6859837770462036, 0.28723078966140747, 0.6774073243141174, 0.6772132515907288, 0.7627326846122742, -0.5894322395324707, 0.2660984694957733], "cam_t_m2c": [-78.97737121582031, 152.96055603027344, 949.384521484375], "obj_id": 1}, {"cam_R_m2c": [0.8541416525840759, 0.10871817916631699, 0.5085492730140686, -0.10717805474996567, -0.9201082587242126, 0.37671419978141785, 0.5088760852813721, -0.37627261877059937, -0.7742505669593811], "cam_t_m2c": [-16.41071319580078, -24.274229049682617, 979.0774536132812], "obj_id": 3}, {"cam_R_m2c": [-0.7193780541419983, -0.6938999891281128, -0.03158918768167496, -0.6676581501960754, 0.6781942248344421, 0.30705884099006653, -0.19164453446865082, 0.24198219180107117, -0.951166033744812], "cam_t_m2c": [-211.1468048095703, -293.375, 769.19091796875], "obj_id": 1}, {"cam_R_m2c": [-0.3601886034011841, 0.46133512258529663, -0.8108230829238892, -0.7967391610145569, 0.29998070001602173, 0.524612545967102, 0.4852534830570221, 0.834973931312561, 0.25951412320137024], "cam_t_m2c": [-99.32083892822266, -305.0245666503906, 829.2740478515625], "obj_id": 3}, {"cam_R_m2c": [0.22849233448505402, -0.9724531769752502, 0.04610910266637802, -0.02142605371773243, -0.05237365886569023, -0.998397707939148, 0.9733099341392517, 0.22713829576969147, -0.03280283138155937], "cam_t_m2c": [-208.97116088867188, -102.46403503417969, 1055.791015625], "obj_id": 3}, {"cam_R_m2c": [-0.9872326850891113, 0.017620578408241272, -0.15830719470977783, -0.08084888756275177, 0.8008872270584106, 0.5933322310447693, 0.13724106550216675, 0.5985559225082397, -0.7892374396324158], "cam_t_m2c": [-106.91970825195312, -110.21194458007812, 929.2081909179688], "obj_id": 3}, {"cam_R_m2c": [-0.029197657480835915, 0.41681692004203796, -0.9085213541984558, 0.9894787073135376, 0.1409008502960205, 0.032843831926584244, 0.14170125126838684, -0.8980036377906799, -0.41654542088508606], "cam_t_m2c": [-226.90794372558594, -40.535255432128906, 1047.169189453125], "obj_id": 3}, {"cam_R_m2c": [0.26876869797706604, 0.930353045463562, 0.2494123876094818, 0.3425046503543854, -0.33432793617248535, 0.8780178427696228, 0.9002521634101868, -0.15055878460407257, -0.4085070788860321], "cam_t_m2c": [-124.02767181396484, -57.1308708190918, 780.31884765625], "obj_id": 1}, {"cam_R_m2c": [-0.9305394291877747, -0.36564338207244873, -0.0200344305485487, 0.36602798104286194, -0.9270936250686646, -0.08075261861085892, 0.010952865704894066, -0.0824766531586647, 0.9965327978134155], "cam_t_m2c": [-3.982089042663574, 65.95849609375, 984.0256958007812], "obj_id": 3}, {"cam_R_m2c": [0.3332538902759552, 0.8906236886978149, 0.30940479040145874, 0.17901912331581116, -0.3819655478000641, 0.9066721796989441, 0.925685703754425, -0.24676266312599182, -0.28673017024993896], "cam_t_m2c": [13.811846733093262, -209.95782470703125, 954.597412109375], "obj_id": 3}, {"cam_R_m2c": [-0.6689295172691345, -0.41886913776397705, -0.6140696406364441, 0.12608027458190918, 0.7502047419548035, -0.649073600769043, 0.7325548529624939, -0.5116066932678223, -0.44902291893959045], "cam_t_m2c": [-21.839908599853516, 33.65885543823242, 871.3718872070312], "obj_id": 3}, {"cam_R_m2c": [-0.5511612296104431, 0.2054205983877182, 0.8087174296379089, 0.808173418045044, -0.10966130346059799, 0.5786452293395996, 0.20755058526992798, 0.9725106358528137, -0.10557451844215393], "cam_t_m2c": [-220.78384399414062, -150.5904541015625, 753.8942260742188], "obj_id": 1}, {"cam_R_m2c": [-0.5962911248207092, 0.7985097765922546, 0.082576222717762, -0.0959702581167221, -0.17303454875946045, 0.9802289009094238, 0.7970109581947327, 0.5765770077705383, 0.1798122525215149], "cam_t_m2c": [-123.28250885009766, 21.990623474121094, 665.257568359375], "obj_id": 3}, {"cam_R_m2c": [0.859889030456543, 0.07529085874557495, -0.5048981308937073, -0.3533075451850891, 0.801677405834198, -0.48216915130615234, 0.3684625029563904, 0.5929962992668152, 0.7159544229507446], "cam_t_m2c": [-171.1805877685547, -129.75270080566406, 985.5234985351562], "obj_id": 3}, {"cam_R_m2c": [0.7006515264511108, 0.599338710308075, 0.3871440589427948, 0.5477534532546997, -0.7995253205299377, 0.24642537534236908, 0.4572237432003021, 0.039401181042194366, -0.8884785175323486], "cam_t_m2c": [15.690510749816895, -208.48179626464844, 888.7490844726562], "obj_id": 1}, {"cam_R_m2c": [0.24860653281211853, 0.7790470719337463, -0.5755695700645447, -0.6527254581451416, 0.573782205581665, 0.494695246219635, 0.715642511844635, 0.2527045011520386, 0.6511499285697937], "cam_t_m2c": [-106.96778106689453, 27.483518600463867, 797.212646484375], "obj_id": 1}, {"cam_R_m2c": [0.996393620967865, 0.03530886769294739, 0.07715567946434021, 0.07926285266876221, -0.7118563652038574, -0.6978379487991333, 0.030283896252512932, 0.7014368772506714, -0.7120878100395203], "cam_t_m2c": [-186.37969970703125, -56.15871810913086, 686.95849609375], "obj_id": 1}, {"cam_R_m2c": [-0.5456368923187256, 0.34326401352882385, -0.7644932866096497, 0.4554973244667053, 0.8872169256210327, 0.07326871156692505, 0.7034218907356262, -0.30824652314186096, -0.640454113483429], "cam_t_m2c": [-18.11642074584961, -219.69497680664062, 1121.2242431640625], "obj_id": 1}, {"cam_R_m2c": [-0.3618260622024536, -0.4907602071762085, -0.7926135659217834, 0.306596040725708, 0.7402803897857666, -0.5983175039291382, 0.8803867101669312, -0.4594990909099579, -0.11738759279251099], "cam_t_m2c": [-133.73995971679688, -9.239468574523926, 614.2980346679688], "obj_id": 1}, {"cam_R_m2c": [0.5181378722190857, 0.1070655882358551, -0.848569393157959, 0.17705106735229492, -0.9840705990791321, -0.016054373234510422, -0.8367711901664734, -0.1419217437505722, -0.5288403034210205], "cam_t_m2c": [-146.66326904296875, -129.01097106933594, 1037.2264404296875], "obj_id": 3}, {"cam_R_m2c": [-0.6713514924049377, 0.6553419232368469, 0.3461414873600006, 0.6695407629013062, 0.3360133767127991, 0.6624274253845215, 0.3178083598613739, 0.6764775514602661, -0.6643611192703247], "cam_t_m2c": [-221.0829620361328, -134.96551513671875, 907.55419921875], "obj_id": 3}, {"cam_R_m2c": [-0.6687871813774109, -0.4811512231826782, -0.5667603015899658, 0.41819441318511963, 0.3868279457092285, -0.8218744397163391, 0.6146845817565918, -0.7866750359535217, -0.05749082192778587], "cam_t_m2c": [-59.20404052734375, -241.0214385986328, 859.8439331054688], "obj_id": 3}, {"cam_R_m2c": [0.5419028401374817, -0.14489255845546722, 0.8278571367263794, 0.796464204788208, 0.4029955565929413, -0.4508206844329834, -0.2683021128177643, 0.9036595821380615, 0.3337861895561218], "cam_t_m2c": [-98.4321517944336, -338.46527099609375, 951.6217041015625], "obj_id": 1}, {"cam_R_m2c": [-0.5354604125022888, -0.3835669159889221, 0.7524350881576538, -0.8441688418388367, 0.21594813466072083, -0.490658164024353, 0.025713268667459488, -0.8979102373123169, -0.4394269287586212], "cam_t_m2c": [-109.35437774658203, -57.89581298828125, 883.3681640625], "obj_id": 3}, {"cam_R_m2c": [0.9685564041137695, -0.15509837865829468, 0.19453288614749908, -0.2213951200246811, -0.1805924028158188, 0.9583166241645813, -0.11350220441818237, -0.9712523221969604, -0.20925195515155792], "cam_t_m2c": [17.569934844970703, -265.0662841796875, 852.331787109375], "obj_id": 1}, {"cam_R_m2c": [-0.8099095225334167, 0.3800976574420929, -0.4467352032661438, -0.5601998567581177, -0.2755182981491089, 0.7811951041221619, 0.17384670674800873, 0.8829583525657654, 0.4360755383968353], "cam_t_m2c": [-39.117340087890625, -288.385986328125, 764.9813842773438], "obj_id": 1}, {"cam_R_m2c": [-0.8521091341972351, -0.41583675146102905, -0.3177887499332428, -0.3612227737903595, 0.027901457622647285, 0.9320619702339172, -0.37871891260147095, 0.9090111255645752, -0.17398470640182495], "cam_t_m2c": [-1.9757126569747925, -63.70339584350586, 912.3359375], "obj_id": 3}, {"cam_R_m2c": [-0.7583757042884827, 0.07562043517827988, 0.6474162936210632, -0.4447074234485626, 0.6661484241485596, -0.5987333655357361, -0.4765518307685852, -0.7419756650924683, -0.4715617895126343], "cam_t_m2c": [-290.7326965332031, -30.200790405273438, 1021.1165161132812], "obj_id": 3}, {"cam_R_m2c": [0.9890577793121338, -0.018416259437799454, -0.14637455344200134, -0.13113202154636383, -0.564341127872467, -0.8150603771209717, -0.06759481877088547, 0.825336217880249, -0.5605809688568115], "cam_t_m2c": [-136.52908325195312, 153.57919311523438, 951.2625122070312], "obj_id": 3}, {"cam_R_m2c": [-0.7039933204650879, -0.5975164771080017, 0.3838844299316406, 0.6745415925979614, -0.7316821813583374, 0.09815602749586105, 0.22223158180713654, 0.3280472159385681, 0.9181492924690247], "cam_t_m2c": [44.78046798706055, -242.190673828125, 746.9752197265625], "obj_id": 1}, {"cam_R_m2c": [0.919655978679657, 0.35971599817276, -0.1575985550880432, -0.21892067790031433, 0.13640223443508148, -0.9661614894866943, -0.32604700326919556, 0.9230377078056335, 0.2041924148797989], "cam_t_m2c": [24.58046531677246, 45.67534255981445, 954.5949096679688], "obj_id": 1}, {"cam_R_m2c": [-0.5065144896507263, -0.004374599549919367, 0.862220287322998, -0.594726026058197, 0.7258087396621704, -0.3456915020942688, -0.6242947578430176, -0.6878826022148132, -0.37023431062698364], "cam_t_m2c": [42.21745300292969, 63.46806716918945, 948.4773559570312], "obj_id": 3}, {"cam_R_m2c": [0.7729979157447815, 0.16061049699783325, 0.6137413382530212, -0.16708672046661377, -0.8817253708839417, 0.4411826431751251, 0.6120100021362305, -0.4435812830924988, -0.6547359824180603], "cam_t_m2c": [-176.32550048828125, -87.23453521728516, 929.0653686523438], "obj_id": 3}, {"cam_R_m2c": [0.3472425639629364, 0.7405991554260254, -0.575269877910614, -0.08191385865211487, 0.6350502371788025, 0.7681154608726501, 0.9341909289360046, -0.21959976851940155, 0.28118181228637695], "cam_t_m2c": [-53.288475036621094, -258.8885498046875, 1167.598876953125], "obj_id": 3}, {"cam_R_m2c": [-0.6286386847496033, -0.2117183953523636, -0.7483237981796265, 0.7757323384284973, -0.23906639218330383, -0.5840260982513428, -0.05525005981326103, -0.9476404786109924, 0.314523309469223], "cam_t_m2c": [-180.3938751220703, -115.72023010253906, 1092.38037109375], "obj_id": 3}, {"cam_R_m2c": [0.21512390673160553, -0.5831543207168579, 0.7833600044250488, 0.7369627356529236, 0.6232624650001526, 0.26159095764160156, -0.6407867670059204, 0.5210326313972473, 0.5638416409492493], "cam_t_m2c": [108.72157287597656, -195.5663604736328, 807.9846801757812], "obj_id": 3}, {"cam_R_m2c": [0.535669207572937, 0.7559918165206909, 0.3762112259864807, -0.835474967956543, 0.5391885638237, 0.10610006749629974, -0.12263799458742142, -0.37114959955215454, 0.9204389452934265], "cam_t_m2c": [-42.26352310180664, -172.78173828125, 972.9608154296875], "obj_id": 3}, {"cam_R_m2c": [-0.3394027650356293, -0.8996357917785645, 0.27470192313194275, -0.8359460830688477, 0.15458108484745026, -0.5265917181968689, 0.4312770366668701, -0.4083626866340637, -0.8045122623443604], "cam_t_m2c": [-5.716096878051758, -245.69212341308594, 723.9456787109375], "obj_id": 3}, {"cam_R_m2c": [-0.9432069063186646, -0.07800967991352081, 0.32291659712791443, 0.3318333923816681, -0.2672463059425354, 0.9046910405158997, 0.015723612159490585, 0.9604654312133789, 0.2779548466205597], "cam_t_m2c": [67.69963836669922, -71.26766967773438, 1039.7239990234375], "obj_id": 1}, {"cam_R_m2c": [0.48069334030151367, -0.36145418882369995, 0.7989272475242615, -0.8722227811813354, -0.29095104336738586, 0.3931598663330078, 0.09033948183059692, -0.885831892490387, -0.4551267921924591], "cam_t_m2c": [86.11811828613281, -126.80583953857422, 697.88134765625], "obj_id": 3}, {"cam_R_m2c": [0.9880418181419373, -0.046328939497470856, -0.14706110954284668, 0.01958293467760086, 0.9837722182273865, -0.17835010588169098, 0.1529373973608017, 0.17333748936653137, 0.9729153513908386], "cam_t_m2c": [-39.77421188354492, -214.96470642089844, 914.2109375], "obj_id": 1}, {"cam_R_m2c": [0.5409862995147705, -0.735985517501831, 0.40701231360435486, -0.5305314660072327, 0.0768742710351944, 0.8441721200942993, -0.6525872349739075, -0.6726183295249939, -0.3488755524158478], "cam_t_m2c": [-175.88624572753906, -135.16514587402344, 1079.083740234375], "obj_id": 3}, {"cam_R_m2c": [-0.5108230113983154, 0.0988926887512207, -0.8539789915084839, 0.3932965397834778, -0.8564296960830688, -0.3344339430332184, -0.7644460201263428, -0.5067034959793091, 0.3985897898674011], "cam_t_m2c": [-191.3118133544922, -269.28204345703125, 814.0650024414062], "obj_id": 3}, {"cam_R_m2c": [0.08108973503112793, 0.6322544813156128, -0.7705054879188538, -0.37373650074005127, 0.7359347343444824, 0.5645538568496704, 0.9239835143089294, 0.24218648672103882, 0.2959733307361603], "cam_t_m2c": [-161.54588317871094, -257.088623046875, 782.2837524414062], "obj_id": 1}, {"cam_R_m2c": [-0.5854195952415466, 0.0809285044670105, 0.8066810369491577, -0.6561281085014343, -0.631748616695404, -0.4127825200557709, 0.47621381282806