{
  "0": [{"cam_R_m2c": [0.7179704904556274, 0.6843552589416504, 0.12718576192855835, 0.5094066262245178, -0.39206498861312866, -0.7660219669342041, -0.47436606884002686, 0.6147704124450684, -0.6301062107086182], "cam_t_m2c": [-183.217041015625, -10.971445083618164, 952.1959838867188], "obj_id": 2}, {"cam_R_m2c": [0.7179704904556274, 0.6843552589416504, 0.12718576192855835, 0.5094066262245178, -0.39206498861312866, -0.7660219669342041, -0.47436606884002686, 0.6147704124450684, -0.6301062107086182], "cam_t_m2c": [-183.217041015625, -10.971445083618164, 952.1959838867188], "obj_id": 0}, {"cam_R_m2c": [0.7179704904556274, 0.6843552589416504, 0.12718576192855835, 0.5094066262245178, -0.39206498861312866, -0.7660219669342041, -0.47436606884002686, 0.6147704124450684, -0.6301062107086182], "cam_t_m2c": [-183.217041015625, -10.971445083618164, 952.1959838867188], "obj_id": 3}, {"cam_R_m2c": [0.7179704904556274, 0.6843552589416504, 0.12718576192855835, 0.5094066262245178, -0.39206498861312866, -0.7660219669342041, -0.47436606884002686, 0.6147704124450684, -0.6301062107086182], "cam_t_m2c": [-183.217041015625, -10.971445083618164, 952.1959838867188], "obj_id": 2}, {"cam_R_m2c": [0.7179704904556274, 0.6843552589416504, 0.12718576192855835, 0.5094066262245178, -0.39206498861312866, -0.7660219669342041, -0.47436606884002686, 0.6147704124450684, -0.6301062107086182], "cam_t_m2c": [-183.217041015625, -10.971445083618164, 952.1959838867188], "obj_id": 0}, {"cam_R_m2c": [0.7179704904556274, 0.6843552589416504, 0.12718576192855835, 0.5094066262245178, -0.39206498861312866, -0.7660219669342041, -0.47436606884002686, 0.6147704124450684, -0.6301062107086182], "cam_t_m2c": [-183.217041015625, -10.971445083618164, 952.1959838867188], "obj_id": 2}, {"cam_R_m2c": [0.7179704904556274, 0.6843552589416504, 0.12718576192855835, 0.5094066262245178, -0.39206498861312866, -0.7660219669342041, -0.47436606884002686, 0.6147704124450684, -0.6301062107086182], "cam_t_m2c": [-183.217041015625, -10.971445083618164, 952.1959838867188], "obj_id": 1}, {"cam_R_m2c": [0.7179704904556274, 0.6843552589416504, 0.12718576192855835, 0.5094066262245178, -0.39206498861312866, -0.7660219669342041, -0.47436606884002686, 0.6147704124450684, -0.6301062107086182], "cam_t_m2c": [-183.217041015625, -10.971445083618164, 952.1959838867188], "obj_id": 0}, {"cam_R_m2c": [0.7179704904556274, 0.6843552589416504, 0.12718576192855835, 0.5094066262245178, -0.39206498861312866, -0.7660219669342041, -0.47436606884002686, 0.6147704124450684, -0.6301062107086182], "cam_t_m2c": [-183.217041015625, -10.971445083618164, 952.1959838867188], "obj_id": 1}, {"cam_R_m2c": [0.7179704904556274, 0.6843552589416504, 0.12718576192855835, 0.5094066262245178, -0.39206498861312866, -0.7660219669342041, -0.47436606884002686, 0.6147704124450684, -0.6301062107086182], "cam_t_m2c": [-183.217041015625, -10.971445083618164, 952.1959838867188], "obj_id": 3}, {"cam_R_m2c": [0.7179704904556274, 0.6843552589416504, 0.12718576192855835, 0.5094066262245178, -0.39206498861312866, -0.7660219669342041, -0.47436606884002686, 0.6147704124450684, -0.6301062107086182], "cam_t_m2c": [-183.217041015625, -10.971445083618164, 952.1959838867188], "obj_id": 2}, {"cam_R_m2c": [0.7179704904556274, 0.6843552589416504, 0.12718576192855835, 0.5094066262245178, -0.39206498861312866, -0.7660219669342041, -0.47436606884002686, 0.6147704124450684, -0.6301062107086182], "cam_t_m2c": [-183.217041015625, -10.971445083618164, 952.1959838867188], "obj_id": 1}, {"cam_R_m2c": [-0.4731403589248657, -0.32637500762939453, -0.8183015584945679, -0.5938975811004639, -0.5678973197937012, 0.5698931217193604, -0.6507102251052856, 0.7556267976760864, 0.07486190646886826], "cam_t_m2c": [-135.0384979248047, 37.81447219848633, 932.8525390625], "obj_id": 1}, {"cam_R_m2c": [0.39110589027404785, 0.6345712542533875, 0.6665998697280884, -0.4632863402366638, 0.7615795731544495, -0.45316916704177856, -0.7952370047569275, -0.13158951699733734, 0.5918464660644531], "cam_t_m2c": [202.4644317626953, -185.45867919921875, 1191.2161865234375], "obj_id": 2}, {"cam_R_m2c": [0.26876288652420044, 0.026936626061797142, -0.9628296494483948, -0.9602158069610596, -0.07121633738279343, -0.2700256407260895, -0.07584277540445328, 0.9970971345901489, 0.006724666338413954], "cam_t_m2c": [-127.18856048583984, 45.93644714355469, 937.4503173828125], "obj_id": 3}, {"cam_R_m2c": [-0.9621589183807373, -0.05681154876947403, -0.26650047302246094, -0.19778020679950714, -0.5271555781364441, 0.8264320492744446, -0.18743811547756195, 0.8478675484657288, 0.49597135186195374], "cam_t_m2c": [2.4900705814361572, -46.74830627441406, 1105.3929443359375], "obj_id": 4}],
  "1": [{"cam_R_m2c": [-0.6850032210350037, 0.7198324799537659, 0.11230245977640152, 0.28047627210617065, 0.4028294086456299, -0.8712413907051086, -0.6723865270614624, -0.5653049349784851, -0.47783538699150085], "cam_t_m2c": [8.807394027709961, -74.86334228515625, 846.2965087890625], "obj_id": 2}, {"cam_R_m2c": [-0.6850032210350037, 0.7198324799537659, 0.11230245977640152, 0.28047627210617065, 0.4028294086456299, -0.8712413907051086, -0.6723865270614624, -0.5653049349784851, -0.47783538699150085], "cam_t_m2c": [8.807394027709961, -74.86334228515625, 846.2965087890625], "obj_id": 0}, {"cam_R_m2c": [-0.6850032210350037, 0.7198324799537659, 0.11230245977640152, 0.28047627210617065, 0.4028294086456299, -0.8712413907051086, -0.6723865270614624, -0.5653049349784851, -0.47783538699150085], "cam_t_m2c": [8.807394027709961, -74.86334228515625, 846.2965087890625], "obj_id": 3}, {"cam_R_m2c": [-0.6850032210350037, 0.7198324799537659, 0.11230245977640152, 0.28047627210617065, 0.4028294086456299, -0.8712413907051086, -0.6723865270614624, -0.5653049349784851, -0.47783538699150085], "cam_t_m2c": [8.807394027709961, -74.86334228515625, 846.2965087890625], "obj_id": 2}, {"cam_R_m2c": [-0.6850032210350037, 0.7198324799537659, 0.11230245977640152, 0.28047627210617065, 0.4028294086456299, -0.8712413907051086, -0.6723865270614624, -0.5653049349784851, -0.47783538699150085], "cam_t_m2c": [8.807394027709961, -74.86334228515625, 846.2965087890625], "obj_id": 0}, {"cam_R_m2c": [-0.6850032210350037, 0.7198324799537659, 0.11230245977640152, 0.28047627210617065, 0.4028294086456299, -0.8712413907051086, -0.6723865270614624, -0.5653049349784851, -0.47783538699150085], "cam_t_m2c": [8.807394027709961, -74.86334228515625, 846.2965087890625], "obj_id": 2}, {"cam_R_m2c": [-0.6850032210350037, 0.7198324799537659, 0.11230245977640152, 0.28047627210617065, 0.4028294086456299, -0.8712413907051086, -0.6723865270614624, -0.5653049349784851, -0.47783538699150085], "cam_t_m2c": [8.807394027709961, -74.86334228515625, 846.2965087890625], "obj_id": 1}, {"cam_R_m2c": [-0.6850032210350037, 0.7198324799537659, 0.11230245977640152, 0.28047627210617065, 0.4028294086456299, -0.8712413907051086, -0.6723865270614624, -0.5653049349784851, -0.47783538699150085], "cam_t_m2c": [8.807394027709961, -74.86334228515625, 846.2965087890625], "obj_id": 0}, {"cam_R_m2c": [-0.6850032210350037, 0.7198324799537659, 0.11230245977640152, 0.28047627210617065, 0.4028294086456299, -0.8712413907051086, -0.6723865270614624, -0.5653049349784851, -0.47783538699150085], "cam_t_m2c": [8.807394027709961, -74.86334228515625, 846.2965087890625], "obj_id": 1}, {"cam_R_m2c": [-0.6850032210350037, 0.7198324799537659, 0.11230245977640152, 0.28047627210617065, 0.4028294086456299, -0.8712413907051086, -0.6723865270614624, -0.5653049349784851, -0.47783538699150085], "cam_t_m2c": [8.807394027709961, -74.86334228515625, 846.2965087890625], "obj_id": 3}, {"cam_R_m2c": [-0.6850032210350037, 0.7198324799537659, 0.11230245977640152, 0.28047627210617065, 0.4028294086456299, -0.8712413907051086, -0.6723865270614624, -0.5653049349784851, -0.47783538699150085], "cam_t_m2c": [8.807394027709961, -74.86334228515625, 846.2965087890625], "obj_id": 2}, {"cam_R_m2c": [-0.6850032210350037, 0.7198324799537659, 0.11230245977640152, 0.28047627210617065, 0.4028294086456299, -0.8712413907051086, -0.6723865270614624, -0.5653049349784851, -0.47783538699150085], "cam_t_m2c": [8.807394027709961, -74.86334228515625, 846.2965087890625], "obj_id": 1}, {"cam_R_m2c": [-0.03455924242734909, 0.9288199543952942, -0.3689161241054535, -0.9924964308738708, 0.011424560099840164, 0.12173847109079361, 0.11728782206773758, 0.37035512924194336, 0.9214557409286499], "cam_t_m2c": [-38.93116760253906, -38.22953414916992, 808.159912109375], "obj_id": 1}, {"cam_R_m2c": [-0.21588252484798431, -0.6283019781112671, 0.7474164366722107, -0.6866750717163086, 0.641889750957489, 0.3412548005580902, -0.6941700577735901, -0.43956130743026733, -0.570012092590332], "cam_t_m2c": [306.29730224609375, 111.1737289428711, 509.8197937011719], "obj_id": 2}, {"cam_R_m2c": [0.6398753523826599, 0.7461714148521423, 0.18381421267986298, -0.578273594379425, 0.6250563859939575, -0.5243130326271057, -0.5061216950416565, 0.2292000949382782, 0.8314494490623474], "cam_t_m2c": [-41.4344482421875, -27.005422592163086, 804.1004028320312], "obj_id": 3}, {"cam_R_m2c": [-0.003264841390773654, 0.9679336547851562, -0.2511841952800751, -0.605780839920044, 0.19793616235256195, 0.7706170678138733, 0.7956247329711914, 0.154678612947464, 0.5857095718383789], "cam_t_m2c": [144.0031280517578, 71.46963500976562, 706.492431640625], "obj_id": 4}],
  "2": [{"cam_R_m2c": [-0.6850032210350037, 0.7198324799537659, 0.11230245977640152, 0.28047627210617065, 0.4028294086456299, -0.8712413907051086, -0.6723865270614624, -0.5653049349784851, -0.47783538699150085], "cam_t_m2c": [8.807394027709961, -74.86334228515625, 846.2965087890625], "obj_id": 2}, {"cam_R_m2c": [-0.6850032210350037, 0.7198324799537659, 0.11230245977640152, 0.28047627210617065, 0.4028294086456299, -0.8712413907051086, -0.6723865270614624, -0.5653049349784851, -0.47783538699150085], "cam_t_m2c": [8.807394027709961, -74.86334228515625, 846.2965087890625], "obj_id": 0}, {"cam_R_m2c": [-0.6850032210350037, 0.7198324799537659, 0.11230245977640152, 0.28047627210617065, 0.4028294086456299, -0.8712413907051086, -0.6723865270614624, -0.5653049349784851, -0.47783538699150085], "cam_t_m2c": [8.807394027709961, -74.86334228515625, 846.2965087890625], "obj_id": 3}, {"cam_R_m2c": [-0.6850032210350037, 0.7198324799537659, 0.11230245977640152, 0.28047627210617065, 0.4028294086456299, -0.8712413907051086, -0.6723865270614624, -0.5653049349784851, -0.47783538699150085], "cam_t_m2c": [8.807394027709961, -74.86334228515625, 846.2965087890625], "obj_id": 2}, {"cam_R_m2c": [-0.6850032210350037, 0.7198324799537659, 0.11230245977640152, 0.28047627210617065, 0.4028294086456299, -0.8712413907051086, -0.6723865270614624, -0.5653049349784851, -0.47783538699150085], "cam_t_m2c": [8.807394027709961, -74.86334228515625, 846.2965087890625], "obj_id": 0}, {"cam_R_m2c": [-0.6850032210350037, 0.7198324799537659, 0.11230245977640152, 0.28047627210617065, 0.4028294086456299, -0.8712413907051086, -0.6723865270614624, -0.5653049349784851, -0.47783538699150085], "cam_t_m2c": [8.807394027709961, -74.86334228515625, 846.2965087890625], "obj_id": 2}, {"cam_R_m2c": [-0.6850032210350037, 0.7198324799537659, 0.11230245977640152, 0.28047627210617065, 0.4028294086456299, -0.8712413907051086, -0.6723865270614624, -0.5653049349784851, -0.47783538699150085], "cam_t_m2c": [8.807394027709961, -74.86334228515625, 846.2965087890625], "obj_id": 1}, {"cam_R_m2c": [-0.6850032210350037, 0.7198324799537659, 0.11230245977640152, 0.28047627210617065, 0.4028294086456299, -0.8712413907051086, -0.6723865270614624, -0.5653049349784851, -0.47783538699150085], "cam_t_m2c": [8.807394027709961, -74.86334228515625, 846.2965087890625], "obj_id": 0}, {"cam_R_m2c": [-0.6850032210350037, 0.7198324799537659, 0.11230245977640152, 0.28047627210617065, 0.4028294086456299, -0.8712413907051086, -0.6723865270614624, -0.5653049349784851, -0.47783538699150085], "cam_t_m2c": [8.807394027709961, -74.86334228515625, 846.2965087890625], "obj_id": 1}, {"cam_R_m2c": [-0.6850032210350037, 0.7198324799537659, 0.11230245977640152, 0.28047627210617065, 0.4028294086456299, -0.8712413907051086, -0.6723865270614624, -0.5653049349784851, -0.47783538699150085], "cam_t_m2c": [8.807394027709961, -74.86334228515625, 846.2965087890625], "obj_id": 3}, {"cam_R_m2c": [-0.6850032210350037, 0.7198324799537659, 0.11230245977640152, 0.28047627210617065, 0.4028294086456299, -0.8712413907051086, -0.6723865270614624, -0.5653049349784851, -0.47783538699150085], "cam_t_m2c": [8.807394027709961, -74.86334228515625, 846.2965087890625], "obj_id": 2}, {"cam_R_m2c": [-0.6850032210350037, 0.7198324799537659, 0.11230245977640152, 0.28047627210617065, 0.4028294086456299, -0.8712413907051086, -0.6723865270614624, -0.5653049349784851, -0.47783538699150085], "cam_t_m2c": [8.807394027709961, -74.86334228515625, 846.2965087890625], "obj_id": 1}, {"cam_R_m2c": [-0.03455924242734909, 0.9288199543952942, -0.3689161241054535, -0.9924964308738708, 0.011424560099840164, 0.12173847109079361, 0.11728782206773758, 0.37035512924194336, 0.9214557409286499], "cam_t_m2c": [-38.93116760253906, -38.22953414916992, 808.159912109375], "obj_id": 1}, {"cam_R_m2c": [-0.21588252484798431, -0.6283019781112671, 0.7474164366722107, -0.6866750717163086, 0.641889750957489, 0.3412548005580902, -0.6941700577735901, -0.43956130743026733, -0.570012092590332], "cam_t_m2c": [306.29730224609375, 111.1737289428711, 509.8197937011719], "obj_id": 2}, {"cam_R_m2c": [0.6398753523826599, 0.7461714148521423, 0.18381421267986298, -0.578273594379425, 0.6250563859939575, -0.5243130326271057, -0.5061216950416565, 0.2292000949382782, 0.8314494490623474], "cam_t_m2c": [-41.4344482421875, -27.005422592163086, 804.1004028320312], "obj_id": 3}, {"cam_R_m2c": [-0.003264841390773654, 0.9679336547851562, -0.2511841952800751, -0.605780839920044, 0.19793616235256195, 0.7706170678138733, 0.7956247329711914, 0.154678612947464, 0.5857095718383789], "cam_t_m2c": [144.0031280517578, 71.46963500976562, 706.492431640625], "obj_id": 4}],
  "3": [{"cam_R_m2c": [0.035458922386169434, -0.977877676486969, 0.20615002512931824, -0.45245105028152466, -0.19963648915290833, -0.8691566586494446, 0.8910840153694153, -0.06245345249772072, -0.44952067732810974], "cam_t_m2c": [116.83098602294922, 107.51054382324219, 628.4192504882812], "obj_id": 2}, {"cam_R_m2c": [0.035458922386169434, -0.977877676486969, 0.20615002512931824, -0.45245105028152466, -0.19963648915290833, -0.8691566586494446, 0.8910840153694153, -0.06245345249772072, -0.44952067732810974], "cam_t_m2c": [116.83098602294922, 107.51054382324219, 628.4192504882812], "obj_id": 0}, {"cam_R_m2c": [0.035458922386169434, -0.977877676486969, 0.20615002512931824, -0.45245105028152466, -0.19963648915290833, -0.8691566586494446, 0.8910840153694153, -0.06245345249772072, -0.44952067732810974], "cam_t_m2c": [116.83098602294922, 107.51054382324219, 628.4192504882812], "obj_id": 3}, {"cam_R_m2c": [0.035458922386169434, -0.977877676486969, 0.20615002512931824, -0.45245105028152466, -0.19963648915290833, -0.8691566586494446, 0.8910840153694153, -0.06245345249772072, -0.44952067732810974], "cam_t_m2c": [116.83098602294922, 107.51054382324219, 628.4192504882812], "obj_id": 2}, {"cam_R_m2c": [0.035458922386169434, -0.977877676486969, 0.20615002512931824, -0.45245105028152466, -0.19963648915290833, -0.8691566586494446, 0.8910840153694153, -0.06245345249772072, -0.44952067732810974], "cam_t_m2c": [116.83098602294922, 107.51054382324219, 628.4192504882812], "obj_id": 0}, {"cam_R_m2c": [0.035458922386169434, -0.977877676486969, 0.20615002512931824, -0.45245105028152466, -0.19963648915290833, -0.8691566586494446, 0.8910840153694153, -0.06245345249772072, -0.44952067732810974], "cam_t_m2c": [116.83098602294922, 107.51054382324219, 628.4192504882812], "obj_id": 2}, {"cam_R_m2c": [0.035458922386169434, -0.977877676486969, 0.20615002512931824, -0.45245105028152466, -0.19963648915290833, -0.8691566586494446, 0.8910840153694153, -0.06245345249772072, -0.44952067732810974], "cam_t_m2c": [116.83098602294922, 107.51054382324219, 628.4192504882812], "obj_id": 1}, {"cam_R_m2c": [0.035458922386169434, -0.977877676486969, 0.20615002512931824, -0.45245105028152466, -0.19963648915290833, -0.8691566586494446, 0.8910840153694153, -0.06245345249772072, -0.44952067732810974], "cam_t_m2c": [116.83098602294922, 107.51054382324219, 628.4192504882812], "obj_id": 0}, {"cam_R_m2c": [0.035458922386169434, -0.977877676486969, 0.20615002512931824, -0.45245105028152466, -0.19963648915290833, -0.8691566586494446, 0.8910840153694153, -0.06245345249772072, -0.44952067732810974], "cam_t_m2c": [116.83098602294922, 107.51054382324219, 628.4192504882812], "obj_id": 1}, {"cam_R_m2c": [0.035458922386169434, -0.977877676486969, 0.20615002512931824, -0.45245105028152466, -0.19963648915290833, -0.8691566586494446, 0.8910840153694153, -0.06245345249772072, -0.44952067732810974], "cam_t_m2c": [116.83098602294922, 107.51054382324219, 628.4192504882812], "obj_id": 3}, {"cam_R_m2c": [0.035458922386169434, -0.977877676486969, 0.20615002512931824, -0.45245105028152466, -0.19963648915290833, -0.8691566586494446, 0.8910840153694153, -0.06245345249772072, -0.44952067732810974], "cam_t_m2c": [116.83098602294922, 107.51054382324219, 628.4192504882812], "obj_id": 2}, {"cam_R_m2c": [0.035458922386169434, -0.977877676486969, 0.20615002512931824, -0.45245105028152466, -0.19963648915290833, -0.8691566586494446, 0.8910840153694153, -0.06245345249772072, -0.44952067732810974], "cam_t_m2c": [116.83098602294922, 107.51054382324219, 628.4192504882812], "obj_id": 1}, {"cam_R_m2c": [0.6342025399208069, -0.5018802285194397, 0.5881355404853821, -0.45053961873054504, 0.37829601764678955, 0.808644711971283, -0.6283320784568787, -0.7778229117393494, 0.013799360953271389], "cam_t_m2c": [113.4269027709961, 92.6361083984375, 698.0077514648438], "obj_id": 1}, {"cam_R_m2c": [0.24039657413959503, -0.10798308253288269, -0.9646497368812561, -0.9702534079551697, -0.05600868538022041, -0.23552340269088745, -0.028596244752407074, 0.9925737380981445, -0.11823523044586182], "cam_t_m2c": [-342.5966491699219, -49.85053634643555, 650.5635375976562], "obj_id": 2}, {"cam_R_m2c": [-0.34309980273246765, -0.7796946167945862, 0.5237926840782166, -0.6953912973403931, 0.5857179164886475, 0.41637176275253296, -0.6314375996589661, -0.22138382494449615, -0.7431525588035583], "cam_t_m2c": [107.11873626708984, 95.25764465332031, 708.1103515625], "obj_id": 3}, {"cam_R_m2c": [0.6861851215362549, -0.7274091839790344, -0.00508775282651186, 0.32891374826431274, 0.30401986837387085, 0.8940848112106323, -0.6488187313079834, -0.6151810884475708, 0.44786879420280457], "cam_t_m2c": [-121.1373291015625, 80.88761901855469, 671.9934692382812], "obj_id": 4}],
  "4": [{"cam_R_m2c": [0.035458922386169434, -0.977877676486969, 0.20615002512931824, -0.45245105028152466, -0.19963648915290833, -0.8691566586494446, 0.8910840153694153, -0.06245345249772072, -0.44952067732810974], "cam_t_m2c": [116.83098602294922, 107.51054382324219, 628.4192504882812], "obj_id": 2}, {"cam_R_m2c": [0.035458922386169434, -0.977877676486969, 0.20615002512931824, -0.45245105028152466, -0.19963648915290833, -0.8691566586494446, 0.8910840153694153, -0.06245345249772072, -0.44952067732810974], "cam_t_m2c": [116.83098602294922, 107.51054382324219, 628.4192504882812], "obj_id": 0}, {"cam_R_m2c": [0.035458922386169434, -0.977877676486969, 0.20615002512931824, -0.45245105028152466, -0.19963648915290833, -0.8691566586494446, 0.8910840153694153, -0.06245345249772072, -0.44952067732810974], "cam_t_m2c": [116.83098602294922, 107.51054382324219, 628.4192504882812], "obj_id": 3}, {"cam_R_m2c": [0.035458922386169434, -0.977877676486969, 0.20615002512931824, -0.45245105028152466, -0.19963648915290833, -0.8691566586494446, 0.8910840153694153, -0.06245345249772072, -0.44952067732810974], "cam_t_m2c": [116.83098602294922, 107.51054382324219, 628.4192504882812], "obj_id": 2}, {"cam_R_m2c": [0.035458922386169434, -0.977877676486969, 0.20615002512931824, -0.45245105028152466, -0.19963648915290833, -0.8691566586494446, 0.8910840153694153, -0.06245345249772072, -0.44952067732810974], "cam_t_m2c": [116.83098602294922, 107.51054382324219, 628.4192504882812], "obj_id": 0}, {"cam_R_m2c": [0.035458922386169434, -0.977877676486969, 0.20615002512931824, -0.45245105028152466, -0.19963648915290833, -0.8691566586494446, 0.8910840153694153, -0.06245345249772072, -0.44952067732810974], "cam_t_m2c": [116.83098602294922, 107.51054382324219, 628.4192504882812], "obj_id": 2}, {"cam_R_m2c": [0.035458922386169434, -0.977877676486969, 0.20615002512931824, -0.45245105028152466, -0.19963648915290833, -0.8691566586494446, 0.8910840153694153, -0.06245345249772072, -0.44952067732810974], "cam_t_m2c": [116.83098602294922, 107.51054382324219, 628.4192504882812], "obj_id": 1}, {"cam_R_m2c": [0.035458922386169434, -0.977877676486969, 0.20615002512931824, -0.45245105028152466, -0.19963648915290833, -0.8691566586494446, 0.8910840153694153, -0.06245345249772072, -0.44952067732810974], "cam_t_m2c": [116.83098602294922, 107.51054382324219, 628.4192504882812], "obj_id": 0}, {"cam_R_m2c": [0.035458922386169434, -0.977877676486969, 0.20615002512931824, -0.45245105028152466, -0.19963648915290833, -0.8691566586494446, 0.8910840153694153, -0.06245345249772072, -0.44952067732810974], "cam_t_m2c": [116.83098602294922, 107.51054382324219, 628.4192504882812], "obj_id": 1}, {"cam_R_m2c": [0.035458922386169434, -0.977877676486969, 0.20615002512931824, -0.45245105028152466, -0.19963648915290833, -0.8691566586494446, 0.8910840153694153, -0.06245345249772072, -0.44952067732810974], "cam_t_m2c": [116.83098602294922, 107.51054382324219, 628.4192504882812], "obj_id": 3}, {"cam_R_m2c": [0.035458922386169434, -0.977877676486969, 0.20615002512931824, -0.45245105028152466, -0.19963648915290833, -0.8691566586494446, 0.8910840153694153, -0.06245345249772072, -0.44952067732810974], "cam_t_m2c": [116.83098602294922, 107.51054382324219, 628.4192504882812], "obj_id": 2}, {"cam_R_m2c": [0.035458922386169434, -0.977877676486969, 0.20615002512931824, -0.45245105028152466, -0.19963648915290833, -0.8691566586494446, 0.8910840153694153, -0.06245345249772072, -0.44952067732810974], "cam_t_m2c": [116.83098602294922, 107.51054382324219, 628.4192504882812], "obj_id": 1}, {"cam_R_m2c": [0.6342025399208069, -0.5018802285194397, 0.5881355404853821, -0.45053961873054504, 0.37829601764678955, 0.808644711971283, -0.6283320784568787, -0.7778229117393494, 0.013799360953271389], "cam_t_m2c": [113.4269027709961, 92.6361083984375, 698.0077514648438], "obj_id": 1}, {"cam_R_m2c": [0.24039657413959503, -0.10798308253288269, -0.9646497368812561, -0.9702534079551697, -0.05600868538022041, -0.23552340269088745, -0.028596244752407074, 0.9925737380981445, -0.11823523044586182], "cam_t_m2c": [-342.5966491699219, -49.85053634643555, 650.5635375976562], "obj_id": 2}, {"cam_R_m2c": [-0.34309980273246765, -0.7796946167945862, 0.5237926840782166, -0.6953912973403931, 0.5857179164886475, 0.41637176275253296, -0.6314375996589661, -0.22138382494449615, -0.7431525588035583], "cam_t_m2c": [107.11873626708984, 95.25764465332031, 708.1103515625], "obj_id": 3}, {"cam_R_m2c": [0.6861851215362549, -0.7274091839790344, -0.00508775282651186, 0.32891374826431274, 0.30401986837387085, 0.8940848112106323, -0.6488187313079834, -0.6151810884475708, 0.44786879420280457], "cam_t_m2c": [-121.1373291015625, 80.88761901855469, 671.9934692382812], "obj_id": 4}],
  "5": [{"cam_R_m2c": [-0.28040459752082825, -0.9303689002990723, -0.23619221150875092, -0.4327682852745056, 0.34217092394828796, -0.8340446949005127, 0.8567874431610107, -0.1316535323858261, -0.4985804259777069], "cam_t_m2c": [174.5559539794922, 34.93402099609375, 498.7408447265625], "obj_id": 2}, {"cam_R_m2c": [-0.28040459752082825, -0.9303689002990723, -0.23619221150875092, -0.4327682852745056, 0.34217092394828796, -0.8340446949005127, 0.8567874431610107, -0.1316535323858261, -0.4985804259777069], "cam_t_m2c": [174.5559539794922, 34.93402099609375, 498.7408447265625], "obj_id": 0}, {"cam_R_m2c": [-0.28040459752082825, -0.9303689002990723, -0.23619221150875092, -0.4327682852745056, 0.34217092394828796, -0.8340446949005127, 0.8567874431610107, -0.1316535323858261, -0.4985804259777069], "cam_t_m2c": [174.5559539794922, 34.93402099609375, 498.7408447265625], "obj_id": 3}, {"cam_R_m2c": [-0.28040459752082825, -0.9303689002990723, -0.23619221150875092, -0.4327682852745056, 0.34217092394828796, -0.8340446949005127, 0.8567874431610107, -0.1316535323858261, -0.4985804259777069], "cam_t_m2c": [174.5559539794922, 34.93402099609375, 498.7408447265625], "obj_id": 2}, {"cam_R_m2c": [-0.28040459752082825, -0.9303689002990723, -0.23619221150875092, -0.4327682852745056, 0.34217092394828796, -0.8340446949005127, 0.8567874431610107, -0.1316535323858261, -0.4985804259777069], "cam_t_m2c": [174.5559539794922, 34.93402099609375, 498.7408447265625], "obj_id": 0}, {"cam_R_m2c": [-0.28040459752082825, -0.9303689002990723, -0.23619221150875092, -0.4327682852745056, 0.34217092394828796, -0.8340446949005127, 0.8567874431610107, -0.1316535323858261, -0.4985804259777069], "cam_t_m2c": [174.5559539794922, 34.93402099609375, 498.7408447265625], "obj_id": 2}, {"cam_R_m2c": [-0.28040459752082825, -0.9303689002990723, -0.23619221150875092, -0.4327682852745056, 0.34217092394828796, -0.8340446949005127, 0.8567874431610107, -0.1316535323858261, -0.4985804259777069], "cam_t_m2c": [174.5559539794922, 34.93402099609375, 498.7408447265625], "obj_id": 1}, {"cam_R_m2c": [-0.28040459752082825, -0.9303689002990723, -0.23619221150875092, -0.4327682852745056, 0.34217092394828796, -0.8340446949005127, 0.8567874431610107, -0.1316535323858261, -0.4985804259777069], "cam_t_m2c": [174.5559539794922, 34.93402099609375, 498.7408447265625], "obj_id": 0}, {"cam_R_m2c": [-0.28040459752082825, -0.9303689002990723, -0.23619221150875092, -0.4327682852745056, 0.34217092394828796, -0.8340446949005127, 0.8567874431610107, -0.1316535323858261, -0.4985804259777069], "cam_t_m2c": [174.5559539794922, 34.93402099609375, 498.7408447265625], "obj_id": 1}, {"cam_R_m2c": [-0.28040459752082825, -0.9303689002990723, -0.23619221150875092, -0.4327682852745056, 0.34217092394828796, -0.8340446949005127, 0.8567874431610107, -0.1316535323858261, -0.4985804259777069], "cam_t_m2c": [174.5559539794922, 34.93402099609375, 498.7408447265625], "obj_id": 3}, {"cam_R_m2c": [-0.28040459752082825, -0.9303689002990723, -0.23619221150875092, -0.4327682852745056, 0.34217092394828796, -0.8340446949005127, 0.8567874431610107, -0.1316535323858261, -0.4985804259777069], "cam_t_m2c": [174.5559539794922, 34.93402099609375, 498.7408447265625], "obj_id": 2}, {"cam_R_m2c": [-0.28040459752082825, -0.9303689002990723, -0.23619221150875092, -0.4327682852745056, 0.34217092394828796, -0.8340446949005127, 0.8567874431610107, -0.1316535323858261, -0.4985804259777069], "cam_t_m2c": [174.5559539794922, 34.93402099609375, 498.7408447265625], "obj_id": 1}, {"cam_R_m2c": [0.36024871468544006, -0.16468921303749084, 0.9182038307189941, -0.6948680281639099, 0.6093422770500183, 0.38191670179367065, -0.6223979592323303, -0.7756155133247375, 0.10507749766111374], "cam_t_m2c": [157.99937438964844, 21.798852920532227, 566.7758178710938], "obj_id": 1}, {"cam_R_m2c": [-0.2954256534576416, -0.205867201089859, -0.9329212307929993, -0.9515977501869202, -0.023231467232108116, 0.30646654963493347, -0.08476467430591583, 0.9783040285110474, -0.1890394538640976], "cam_t_m2c": [-299.87884521484375, 139.85548400878906, 483.5828857421875], "obj_id": 2}, {"cam_R_m2c": [-0.5981266498565674, -0.34135299921035767, 0.7250672578811646, -0.39344343543052673, 0.9132866263389587, 0.10540276765823364, -0.6981737613677979, -0.2222287505865097, -0.6805641651153564], "cam_t_m2c": [153.12319946289062, 27.001508712768555, 576.6693115234375], "obj_id": 3}, {"cam_R_m2c": [0.8099205493927002, -0.4090360403060913, 0.4203786253929138, -0.05692414939403534, 0.658510684967041, 0.7504153847694397, -0.5837708115577698, -0.6317065358161926, 0.510057270526886], "cam_t_m2c": [-45.50874710083008, 135.0344696044922, 526.8095703125], "obj_id": 4}],
  "6": [{"cam_R_m2c": [-0.28040459752082825, -0.9303689002990723, -0.23619221150875092, -0.4327682852745056, 0.34217092394828796, -0.8340446949005127, 0.8567874431610107, -0.1316535323858261, -0.4985804259777069], "cam_t_m2c": [174.5559539794922, 34.93402099609375, 498.7408447265625], "obj_id": 2}, {"cam_R_m2c": [-0.28040459752082825, -0.9303689002990723, -0.23619221150875092, -0.4327682852745056, 0.34217092394828796, -0.8340446949005127, 0.8567874431610107, -0.1316535323858261, -0.4985804259777069], "cam_t_m2c": [174.5559539794922, 34.93402099609375, 498.7408447265625], "obj_id": 0}, {"cam_R_m2c": [-0.28040459752082825, -0.9303689002990723, -0.23619221150875092, -0.4327682852745056, 0.34217092394828796, -0.8340446949005127, 0.8567874431610107, -0.1316535323858261, -0.4985804259777069], "cam_t_m2c": [174.5559539794922, 34.93402099609375, 498.7408447265625], "obj_id": 3}, {"cam_R_m2c": [-0.28040459752082825, -0.9303689002990723, -0.23619221150875092, -0.4327682852745056, 0.34217092394828796, -0.8340446949005127, 0.8567874431610107, -0.1316535323858261, -0.4985804259777069], "cam_t_m2c": [174.5559539794922, 34.93402099609375, 498.7408447265625], "obj_id": 2}, {"cam_R_m2c": [-0.28040459752082825, -0.9303689002990723, -0.23619221150875092, -0.4327682852745056, 0.34217092394828796, -0.8340446949005127, 0.8567874431610107, -0.1316535323858261, -0.4985804259777069], "cam_t_m2c": [174.5559539794922, 34.93402099609375, 498.7408447265625], "obj_id": 0}, {"cam_R_m2c": [-0.28040459752082825, -0.9303689002990723, -0.23619221150875092, -0.4327682852745056, 0.34217092394828796, -0.8340446949005127, 0.8567874431610107, -0.1316535323858261, -0.4985804259777069], "cam_t_m2c": [174.5559539794922, 34.93402099609375, 498.7408447265625], "obj_id": 2}, {"cam_R_m2c": [-0.28040459752082825, -0.9303689002990723, -0.23619221150875092, -0.4327682852745056, 0.34217092394828796, -0.8340446949005127, 0.8567874431610107, -0.1316535323858261, -0.4985804259777069], "cam_t_m2c": [174.5559539794922, 34.93402099609375, 498.7408447265625], "obj_id": 1}, {"cam_R_m2c": [-0.28040459752082825, -0.9303689002990723, -0.23619221150875092, -0.4327682852745056, 0.34217092394828796, -0.8340446949005127, 0.8567874431610107, -0.1316535323858261, -0.4985804259777069], "cam_t_m2c": [174.5559539794922, 34.93402099609375, 498.7408447265625], "obj_id": 0}, {"cam_R_m2c": [-0.28040459752082825, -0.9303689002990723, -0.23619221150875092, -0.4327682852745056, 0.34217092394828796, -0.8340446949005127, 0.8567874431610107, -0.1316535323858261, -0.4985804259777069], "cam_t_m2c": [174.5559539794922, 34.93402099609375, 498.7408447265625], "obj_id": 1}, {"cam_R_m2c": [-0.28040459752082825, -0.9303689002990723, -0.23619221150875092, -0.4327682852745056, 0.34217092394828796, -0.8340446949005127, 0.8567874431610107, -0.1316535323858261, -0.4985804259777069], "cam_t_m2c": [174.5559539794922, 34.93402099609375, 498.7408447265625], "obj_id": 3}, {"cam_R_m2c": [-0.28040459752082825, -0.9303689002990723, -0.23619221150875092, -0.4327682852745056, 0.34217092394828796, -0.8340446949005127, 0.8567874431610107, -0.1316535323858261, -0.4985804259777069], "cam_t_m2c": [174.5559539794922, 34.93402099609375, 498.7408447265625], "obj_id": 2}, {"cam_R_m2c": [-0.28040459752082825, -0.9303689002990723, -0.23619221150875092, -0.4327682852745056, 0.34217092394828796, -0.8340446949005127, 0.8567874431610107, -0.1316535323858261, -0.4985804259777069], "cam_t_m2c": [174.5559539794922, 34.93402099609375, 498.7408447265625], "obj_id": 1}, {"cam_R_m2c": [0.36024871468544006, -0.16468921303749084, 0.9182038307189941, -0.6948680281639099, 0.6093422770500183, 0.38191670179367065, -0.6223979592323303, -0.7756155133247375, 0.10507749766111374], "cam_t_m2c": [157.99937438964844, 21.798852920532227, 566.7758178710938], "obj_id": 1}, {"cam_R_m2c": [-0.2954256534576416, -0.205867201089859, -0.9329212307929993, -0.9515977501869202, -0.023231467232108116, 0.30646654963493347, -0.08476467430591583, 0.9783040285110474, -0.1890394538640976], "cam_t_m2c": [-299.87884521484375, 139.85548400878906, 483.5828857421875], "obj_id": 2}, {"cam_R_m2c": [-0.5981266498565674, -0.34135299921035767, 0.7250672578811646, -0.39344343543052673, 0.9132866263389587, 0.10540276765823364, -0.6981737613677979, -0.2222287505865097, -0.6805641651153564], "cam_t_m2c": [153.12319946289062, 27.001508712768555, 576.6693115234375], "obj_id": 3}, {"cam_R_m2c": [0.8099205493927002, -0.4090360403060913, 0.4203786253929138, -0.05692414939403534, 0.658510684967041, 0.7504153847694397, -0.5837708115577698, -0.6317065358161926, 0.510057270526886], "cam_t_m2c": [-45.50874710083008, 135.0344696044922, 526.8095703125], "obj_id": 4}],
  "7": [{"cam_R_m2c": [0.6236283779144287, -0.7808060050010681, -0.03780961036682129, -0.5475674271583557, -0.40179893374443054, -0.7339805364608765, 0.5579046010971069, 0.47843441367149353, -0.6781171560287476], "cam_t_m2c": [10.9046630859375, 159.62681579589844, 506.5550842285156], "obj_id": 2}, {"cam_R_m2c": [0.6236283779144287, -0.7808060050010681, -0.03780961036682129, -0.5475674271583557, -0.40179893374443054, -0.7339805364608765, 0.5579046010971069, 0.47843441367149353, -0.6781171560287476], "cam_t_m2c": [10.9046630859375, 159.62681579589844, 506.5550842285156], "obj_id": 0}, {"cam_R_m2c": [0.6236283779144287, -0.7808060050010681, -0.03780961036682129, -0.5475674271583557, -0.40179893374443054, -0.7339805364608765, 0.5579046010971069, 0.47843441367149353, -0.6781171560287476], "cam_t_m2c": [10.9046630859375, 159.62681579589844, 506.5550842285156], "obj_id": 3}, {"cam_R_m2c": [0.6236283779144287, -0.7808060050010681, -0.03780961036682129, -0.5475674271583557, -0.40179893374443054, -0.7339805364608765, 0.5579046010971069, 0.47843441367149353, -0.6781171560287476], "cam_t_m2c": [10.9046630859375, 159.62681579589844, 506.5550842285156], "obj_id": 2}, {"cam_R_m2c": [0.6236283779144287, -0.7808060050010681, -0.03780961036682129, -0.5475674271583557, -0.40179893374443054, -0.7339805364608765, 0.5579046010971069, 0.47843441367149353, -0.6781171560287476], "cam_t_m2c": [10.9046630859375, 159.62681579589844, 506.5550842285156], "obj_id": 0}, {"cam_R_m2c": [0.6236283779144287, -0.7808060050010681, -0.03780961036682129, -0.5475674271583557, -0.40179893374443054, -0.7339805364608765, 0.5579046010971069, 0.47843441367149353, -0.6781171560287476], "cam_t_m2c": [10.9046630859375, 159.62681579589844, 506.5550842285156], "obj_id": 2}, {"cam_R_m2c": [0.6236283779144287, -0.7808060050010681, -0.03780961036682129, -0.5475674271583557, -0.40179893374443054, -0.7339805364608765, 0.5579046010971069, 0.47843441367149353, -0.6781171560287476], "cam_t_m2c": [10.9046630859375, 159.62681579589844, 506.5550842285156], "obj_id": 1}, {"cam_R_m2c": [0.6236283779144287, -0.7808060050010681, -0.03780961036682129, -0.5475674271583557, -0.40179893374443054, -0.7339805364608765, 0.5579046010971069, 0.47843441367149353, -0.6781171560287476], "cam_t_m2c": [10.9046630859375, 159.62681579589844, 506.5550842285156], "obj_id": 0}, {"cam_R_m2c": [0.6236283779144287, -0.7808060050010681, -0.03780961036682129, -0.5475674271583557, -0.40179893374443054, -0.7339805364608765, 0.5579046010971069, 0.47843441367149353, -0.6781171560287476], "cam_t_m2c": [10.9046630859375, 159.62681579589844, 506.5550842285156], "obj_id": 1}, {"cam_R_m2c": [0.6236283779144287, -0.7808060050010681, -0.03780961036682129, -0.5475674271583557, -0.40179893374443054, -0.7339805364608765, 0.5579046010971069, 0.47843441367149353, -0.6781171560287476], "cam_t_m2c": [10.9046630859375, 159.62681579589844, 506.5550842285156], "obj_id": 3}, {"cam_R_m2c": [0.6236283779144287, -0.7808060050010681, -0.03780961036682129, -0.5475674271583557, -0.40179893374443054, -0.7339805364608765, 0.5579046010971069, 0.47843441367149353, -0.6781171560287476], "cam_t_m2c": [10.9046630859375, 159.62681579589844, 506.5550842285156], "obj_id": 2}, {"cam_R_m2c": [0.6236283779144287, -0.7808060050010681, -0.03780961036682129, -0.5475674271583557, -0.40179893374443054, -0.7339805364608765, 0.5579046010971069, 0.47843441367149353, -0.6781171560287476], "cam_t_m2c": [10.9046630859375, 159.62681579589844, 506.5550842285156], "obj_id": 1}, {"cam_R_m2c": [0.1449190080165863, -0.9091192483901978, 0.39051327109336853, -0.21076644957065582, 0.35725754499435425, 0.9099145531654358, -0.9667346477508545, -0.21417097747325897, -0.13983839750289917], "cam_t_m2c": [52.893280029296875, 135.25518798828125, 558.6932373046875], "obj_id": 1}, {"cam_R_m2c": [0.25986382365226746, 0.5380879640579224, -0.8018304109573364, -0.879960298538208, -0.20999954640865326, -0.4261101186275482, -0.39766883850097656, 0.8163095712661743, 0.41892486810684204], "cam_t_m2c": [-317.9989929199219, -97.38945770263672, 755.737060546875], "obj_id": 2}, {"cam_R_m2c": [-0.5943328142166138, -0.7987875938415527, -0.09330885112285614, -0.6639983057975769, 0.4219333529472351, 0.617315411567688, -0.4537338614463806, 0.4288478493690491, -0.781162440776825], "cam_t_m2c": [54.01993179321289, 135.04318237304688, 570.8345947265625], "obj_id": 3}, {"cam_R_m2c": [0.09980393201112747, -0.9765322208404541, 0.1908506453037262, 0.5563838481903076, 0.21379023790359497, 0.8029512763023376, -0.8249098062515259, 0.02604852430522442, 0.5646638870239258], "cam_t_m2c": [-144.63230895996094, 75.24800872802734, 673.6624755859375], "obj_id": 4}]
}