{
  "0": [{"cam_R_m2c": [-0.9956678152084351, 0.015879273414611816, 0.09161346405744553, -0.07926274091005325, 0.3701290488243103, -0.9255926609039307, -0.04860653728246689, -0.9288445711135864, -0.36726680397987366], "cam_t_m2c": [-129.41033935546875, 55.862037658691406, 533.4224853515625], "obj_id": 3}, {"cam_R_m2c": [-0.9956678152084351, 0.015879273414611816, 0.09161346405744553, -0.07926274091005325, 0.3701290488243103, -0.9255926609039307, -0.04860653728246689, -0.9288445711135864, -0.36726680397987366], "cam_t_m2c": [-129.41033935546875, 55.862037658691406, 533.4224853515625], "obj_id": 3}, {"cam_R_m2c": [-0.9956678152084351, 0.015879273414611816, 0.09161346405744553, -0.07926274091005325, 0.3701290488243103, -0.9255926609039307, -0.04860653728246689, -0.9288445711135864, -0.36726680397987366], "cam_t_m2c": [-129.41033935546875, 55.862037658691406, 533.4224853515625], "obj_id": 1}, {"cam_R_m2c": [-0.9956678152084351, 0.015879273414611816, 0.09161346405744553, -0.07926274091005325, 0.3701290488243103, -0.9255926609039307, -0.04860653728246689, -0.9288445711135864, -0.36726680397987366], "cam_t_m2c": [-129.41033935546875, 55.862037658691406, 533.4224853515625], "obj_id": 2}, {"cam_R_m2c": [-0.9956678152084351, 0.015879273414611816, 0.09161346405744553, -0.07926274091005325, 0.3701290488243103, -0.9255926609039307, -0.04860653728246689, -0.9288445711135864, -0.36726680397987366], "cam_t_m2c": [-129.41033935546875, 55.862037658691406, 533.4224853515625], "obj_id": 3}, {"cam_R_m2c": [-0.9956678152084351, 0.015879273414611816, 0.09161346405744553, -0.07926274091005325, 0.3701290488243103, -0.9255926609039307, -0.04860653728246689, -0.9288445711135864, -0.36726680397987366], "cam_t_m2c": [-129.41033935546875, 55.862037658691406, 533.4224853515625], "obj_id": 2}, {"cam_R_m2c": [-0.9956678152084351, 0.015879273414611816, 0.09161346405744553, -0.07926274091005325, 0.3701290488243103, -0.9255926609039307, -0.04860653728246689, -0.9288445711135864, -0.36726680397987366], "cam_t_m2c": [-129.41033935546875, 55.862037658691406, 533.4224853515625], "obj_id": 2}, {"cam_R_m2c": [-0.9956678152084351, 0.015879273414611816, 0.09161346405744553, -0.07926274091005325, 0.3701290488243103, -0.9255926609039307, -0.04860653728246689, -0.9288445711135864, -0.36726680397987366], "cam_t_m2c": [-129.41033935546875, 55.862037658691406, 533.4224853515625], "obj_id": 0}, {"cam_R_m2c": [-0.9956678152084351, 0.015879273414611816, 0.09161346405744553, -0.07926274091005325, 0.3701290488243103, -0.9255926609039307, -0.04860653728246689, -0.9288445711135864, -0.36726680397987366], "cam_t_m2c": [-129.41033935546875, 55.862037658691406, 533.4224853515625], "obj_id": 3}, {"cam_R_m2c": [-0.9956678152084351, 0.015879273414611816, 0.09161346405744553, -0.07926274091005325, 0.3701290488243103, -0.9255926609039307, -0.04860653728246689, -0.9288445711135864, -0.36726680397987366], "cam_t_m2c": [-129.41033935546875, 55.862037658691406, 533.4224853515625], "obj_id": 2}, {"cam_R_m2c": [-0.9956678152084351, 0.015879273414611816, 0.09161346405744553, -0.07926274091005325, 0.3701290488243103, -0.9255926609039307, -0.04860653728246689, -0.9288445711135864, -0.36726680397987366], "cam_t_m2c": [-129.41033935546875, 55.862037658691406, 533.4224853515625], "obj_id": 3}, {"cam_R_m2c": [-0.9956678152084351, 0.015879273414611816, 0.09161346405744553, -0.07926274091005325, 0.3701290488243103, -0.9255926609039307, -0.04860653728246689, -0.9288445711135864, -0.36726680397987366], "cam_t_m2c": [-129.41033935546875, 55.862037658691406, 533.4224853515625], "obj_id": 3}, {"cam_R_m2c": [0.013824854046106339, -0.9990818500518799, -0.040547654032707214, -0.3422013223171234, -0.04283010959625244, 0.9386498928070068, -0.9395248293876648, 0.000898869417142123, -0.3424791693687439], "cam_t_m2c": [-215.9036102294922, -18.283456802368164, 750.7174682617188], "obj_id": 1}, {"cam_R_m2c": [-0.9221034646034241, -0.366423636674881, 0.12433294951915741, -0.15634289383888245, 0.058890413492918015, -0.9859455823898315, 0.3539517819881439, -0.9285825490951538, -0.1115906685590744], "cam_t_m2c": [-287.439453125, 11.862410545349121, 626.2384643554688], "obj_id": 2}, {"cam_R_m2c": [-0.014933251775801182, -0.9637016654014587, -0.2665634751319885, -0.7755445241928101, -0.15710657835006714, 0.6114313006401062, -0.6311162710189819, 0.21586249768733978, -0.7450474500656128], "cam_t_m2c": [-163.25558471679688, -14.364892959594727, 678.1827392578125], "obj_id": 3}],
  "1": [{"cam_R_m2c": [-0.9956678152084351, 0.015879273414611816, 0.09161346405744553, -0.07926274091005325, 0.3701290488243103, -0.9255926609039307, -0.04860653728246689, -0.9288445711135864, -0.36726680397987366], "cam_t_m2c": [-129.41033935546875, 55.862037658691406, 533.4224853515625], "obj_id": 3}, {"cam_R_m2c": [-0.9956678152084351, 0.015879273414611816, 0.09161346405744553, -0.07926274091005325, 0.3701290488243103, -0.9255926609039307, -0.04860653728246689, -0.9288445711135864, -0.36726680397987366], "cam_t_m2c": [-129.41033935546875, 55.862037658691406, 533.4224853515625], "obj_id": 3}, {"cam_R_m2c": [-0.9956678152084351, 0.015879273414611816, 0.09161346405744553, -0.07926274091005325, 0.3701290488243103, -0.9255926609039307, -0.04860653728246689, -0.9288445711135864, -0.36726680397987366], "cam_t_m2c": [-129.41033935546875, 55.862037658691406, 533.4224853515625], "obj_id": 1}, {"cam_R_m2c": [-0.9956678152084351, 0.015879273414611816, 0.09161346405744553, -0.07926274091005325, 0.3701290488243103, -0.9255926609039307, -0.04860653728246689, -0.9288445711135864, -0.36726680397987366], "cam_t_m2c": [-129.41033935546875, 55.862037658691406, 533.4224853515625], "obj_id": 2}, {"cam_R_m2c": [-0.9956678152084351, 0.015879273414611816, 0.09161346405744553, -0.07926274091005325, 0.3701290488243103, -0.9255926609039307, -0.04860653728246689, -0.9288445711135864, -0.36726680397987366], "cam_t_m2c": [-129.41033935546875, 55.862037658691406, 533.4224853515625], "obj_id": 3}, {"cam_R_m2c": [-0.9956678152084351, 0.015879273414611816, 0.09161346405744553, -0.07926274091005325, 0.3701290488243103, -0.9255926609039307, -0.04860653728246689, -0.9288445711135864, -0.36726680397987366], "cam_t_m2c": [-129.41033935546875, 55.862037658691406, 533.4224853515625], "obj_id": 2}, {"cam_R_m2c": [-0.9956678152084351, 0.015879273414611816, 0.09161346405744553, -0.07926274091005325, 0.3701290488243103, -0.9255926609039307, -0.04860653728246689, -0.9288445711135864, -0.36726680397987366], "cam_t_m2c": [-129.41033935546875, 55.862037658691406, 533.4224853515625], "obj_id": 2}, {"cam_R_m2c": [-0.9956678152084351, 0.015879273414611816, 0.09161346405744553, -0.07926274091005325, 0.3701290488243103, -0.9255926609039307, -0.04860653728246689, -0.9288445711135864, -0.36726680397987366], "cam_t_m2c": [-129.41033935546875, 55.862037658691406, 533.4224853515625], "obj_id": 0}, {"cam_R_m2c": [-0.9956678152084351, 0.015879273414611816, 0.09161346405744553, -0.07926274091005325, 0.3701290488243103, -0.9255926609039307, -0.04860653728246689, -0.9288445711135864, -0.36726680397987366], "cam_t_m2c": [-129.41033935546875, 55.862037658691406, 533.4224853515625], "obj_id": 3}, {"cam_R_m2c": [-0.9956678152084351, 0.015879273414611816, 0.09161346405744553, -0.07926274091005325, 0.3701290488243103, -0.9255926609039307, -0.04860653728246689, -0.9288445711135864, -0.36726680397987366], "cam_t_m2c": [-129.41033935546875, 55.862037658691406, 533.4224853515625], "obj_id": 2}, {"cam_R_m2c": [-0.9956678152084351, 0.015879273414611816, 0.09161346405744553, -0.07926274091005325, 0.3701290488243103, -0.9255926609039307, -0.04860653728246689, -0.9288445711135864, -0.36726680397987366], "cam_t_m2c": [-129.41033935546875, 55.862037658691406, 533.4224853515625], "obj_id": 3}, {"cam_R_m2c": [-0.9956678152084351, 0.015879273414611816, 0.09161346405744553, -0.07926274091005325, 0.3701290488243103, -0.9255926609039307, -0.04860653728246689, -0.9288445711135864, -0.36726680397987366], "cam_t_m2c": [-129.41033935546875, 55.862037658691406, 533.4224853515625], "obj_id": 3}, {"cam_R_m2c": [0.013824854046106339, -0.9990818500518799, -0.040547654032707214, -0.3422013223171234, -0.04283010959625244, 0.9386498928070068, -0.9395248293876648, 0.000898869417142123, -0.3424791693687439], "cam_t_m2c": [-215.9036102294922, -18.283456802368164, 750.7174682617188], "obj_id": 1}, {"cam_R_m2c": [-0.9221034646034241, -0.366423636674881, 0.12433294951915741, -0.15634289383888245, 0.058890413492918015, -0.9859455823898315, 0.3539517819881439, -0.9285825490951538, -0.1115906685590744], "cam_t_m2c": [-287.439453125, 11.862410545349121, 626.2384643554688], "obj_id": 2}, {"cam_R_m2c": [-0.014933251775801182, -0.9637016654014587, -0.2665634751319885, -0.7755445241928101, -0.15710657835006714, 0.6114313006401062, -0.6311162710189819, 0.21586249768733978, -0.7450474500656128], "cam_t_m2c": [-163.25558471679688, -14.364892959594727, 678.1827392578125], "obj_id": 3}],
  "2": [{"cam_R_m2c": [0.2471337914466858, 0.9417204856872559, 0.22822687029838562, 0.5826582908630371, 0.04377108812332153, -0.8115377426147461, -0.7742314338684082, 0.33353668451309204, -0.5378838777542114], "cam_t_m2c": [180.88034057617188, 93.49532318115234, 710.5387573242188], "obj_id": 3}, {"cam_R_m2c": [0.2471337914466858, 0.9417204856872559, 0.22822687029838562, 0.5826582908630371, 0.04377108812332153, -0.8115377426147461, -0.7742314338684082, 0.33353668451309204, -0.5378838777542114], "cam_t_m2c": [180.88034057617188, 93.49532318115234, 710.5387573242188], "obj_id": 3}, {"cam_R_m2c": [0.2471337914466858, 0.9417204856872559, 0.22822687029838562, 0.5826582908630371, 0.04377108812332153, -0.8115377426147461, -0.7742314338684082, 0.33353668451309204, -0.5378838777542114], "cam_t_m2c": [180.88034057617188, 93.49532318115234, 710.5387573242188], "obj_id": 1}, {"cam_R_m2c": [0.2471337914466858, 0.9417204856872559, 0.22822687029838562, 0.5826582908630371, 0.04377108812332153, -0.8115377426147461, -0.7742314338684082, 0.33353668451309204, -0.5378838777542114], "cam_t_m2c": [180.88034057617188, 93.49532318115234, 710.5387573242188], "obj_id": 2}, {"cam_R_m2c": [0.2471337914466858, 0.9417204856872559, 0.22822687029838562, 0.5826582908630371, 0.04377108812332153, -0.8115377426147461, -0.7742314338684082, 0.33353668451309204, -0.5378838777542114], "cam_t_m2c": [180.88034057617188, 93.49532318115234, 710.5387573242188], "obj_id": 3}, {"cam_R_m2c": [0.2471337914466858, 0.9417204856872559, 0.22822687029838562, 0.5826582908630371, 0.04377108812332153, -0.8115377426147461, -0.7742314338684082, 0.33353668451309204, -0.5378838777542114], "cam_t_m2c": [180.88034057617188, 93.49532318115234, 710.5387573242188], "obj_id": 2}, {"cam_R_m2c": [0.2471337914466858, 0.9417204856872559, 0.22822687029838562, 0.5826582908630371, 0.04377108812332153, -0.8115377426147461, -0.7742314338684082, 0.33353668451309204, -0.5378838777542114], "cam_t_m2c": [180.88034057617188, 93.49532318115234, 710.5387573242188], "obj_id": 2}, {"cam_R_m2c": [0.2471337914466858, 0.9417204856872559, 0.22822687029838562, 0.5826582908630371, 0.04377108812332153, -0.8115377426147461, -0.7742314338684082, 0.33353668451309204, -0.5378838777542114], "cam_t_m2c": [180.88034057617188, 93.49532318115234, 710.5387573242188], "obj_id": 0}, {"cam_R_m2c": [0.2471337914466858, 0.9417204856872559, 0.22822687029838562, 0.5826582908630371, 0.04377108812332153, -0.8115377426147461, -0.7742314338684082, 0.33353668451309204, -0.5378838777542114], "cam_t_m2c": [180.88034057617188, 93.49532318115234, 710.5387573242188], "obj_id": 3}, {"cam_R_m2c": [0.2471337914466858, 0.9417204856872559, 0.22822687029838562, 0.5826582908630371, 0.04377108812332153, -0.8115377426147461, -0.7742314338684082, 0.33353668451309204, -0.5378838777542114], "cam_t_m2c": [180.88034057617188, 93.49532318115234, 710.5387573242188], "obj_id": 2}, {"cam_R_m2c": [0.2471337914466858, 0.9417204856872559, 0.22822687029838562, 0.5826582908630371, 0.04377108812332153, -0.8115377426147461, -0.7742314338684082, 0.33353668451309204, -0.5378838777542114], "cam_t_m2c": [180.88034057617188, 93.49532318115234, 710.5387573242188], "obj_id": 3}, {"cam_R_m2c": [0.2471337914466858, 0.9417204856872559, 0.22822687029838562, 0.5826582908630371, 0.04377108812332153, -0.8115377426147461, -0.7742314338684082, 0.33353668451309204, -0.5378838777542114], "cam_t_m2c": [180.88034057617188, 93.49532318115234, 710.5387573242188], "obj_id": 3}, {"cam_R_m2c": [0.8686593770980835, 0.20409323275089264, 0.4514165222644806, -0.4710443615913391, 0.6225047707557678, 0.6249840259552002, -0.15345394611358643, -0.7555354237556458, 0.6368815898895264], "cam_t_m2c": [-20.561866760253906, 146.34837341308594, 580.833984375], "obj_id": 1}, {"cam_R_m2c": [-0.1681044101715088, 0.9851861000061035, -0.03390086069703102, 0.5711901783943176, 0.06931948661804199, -0.8178853988647461, -0.8034193515777588, -0.15685400366783142, -0.5743815302848816], "cam_t_m2c": [118.83628845214844, 186.3430938720703, 558.7039794921875], "obj_id": 2}, {"cam_R_m2c": [0.5243648886680603, -0.02542867325246334, 0.8511138558387756, -0.6941092014312744, 0.5662031769752502, 0.44455185532569885, -0.493207722902298, -0.8238733410835266, 0.27924680709838867], "cam_t_m2c": [39.23094177246094, 98.13797760009766, 627.1915893554688], "obj_id": 3}],
  "3": [{"cam_R_m2c": [0.2471337914466858, 0.9417204856872559, 0.22822687029838562, 0.5826582908630371, 0.04377108812332153, -0.8115377426147461, -0.7742314338684082, 0.33353668451309204, -0.5378838777542114], "cam_t_m2c": [180.88034057617188, 93.49532318115234, 710.5387573242188], "obj_id": 3}, {"cam_R_m2c": [0.2471337914466858, 0.9417204856872559, 0.22822687029838562, 0.5826582908630371, 0.04377108812332153, -0.8115377426147461, -0.7742314338684082, 0.33353668451309204, -0.5378838777542114], "cam_t_m2c": [180.88034057617188, 93.49532318115234, 710.5387573242188], "obj_id": 3}, {"cam_R_m2c": [0.2471337914466858, 0.9417204856872559, 0.22822687029838562, 0.5826582908630371, 0.04377108812332153, -0.8115377426147461, -0.7742314338684082, 0.33353668451309204, -0.5378838777542114], "cam_t_m2c": [180.88034057617188, 93.49532318115234, 710.5387573242188], "obj_id": 1}, {"cam_R_m2c": [0.2471337914466858, 0.9417204856872559, 0.22822687029838562, 0.5826582908630371, 0.04377108812332153, -0.8115377426147461, -0.7742314338684082, 0.33353668451309204, -0.5378838777542114], "cam_t_m2c": [180.88034057617188, 93.49532318115234, 710.5387573242188], "obj_id": 2}, {"cam_R_m2c": [0.2471337914466858, 0.9417204856872559, 0.22822687029838562, 0.5826582908630371, 0.04377108812332153, -0.8115377426147461, -0.7742314338684082, 0.33353668451309204, -0.5378838777542114], "cam_t_m2c": [180.88034057617188, 93.49532318115234, 710.5387573242188], "obj_id": 3}, {"cam_R_m2c": [0.2471337914466858, 0.9417204856872559, 0.22822687029838562, 0.5826582908630371, 0.04377108812332153, -0.8115377426147461, -0.7742314338684082, 0.33353668451309204, -0.5378838777542114], "cam_t_m2c": [180.88034057617188, 93.49532318115234, 710.5387573242188], "obj_id": 2}, {"cam_R_m2c": [0.2471337914466858, 0.9417204856872559, 0.22822687029838562, 0.5826582908630371, 0.04377108812332153, -0.8115377426147461, -0.7742314338684082, 0.33353668451309204, -0.5378838777542114], "cam_t_m2c": [180.88034057617188, 93.49532318115234, 710.5387573242188], "obj_id": 2}, {"cam_R_m2c": [0.2471337914466858, 0.9417204856872559, 0.22822687029838562, 0.5826582908630371, 0.04377108812332153, -0.8115377426147461, -0.7742314338684082, 0.33353668451309204, -0.5378838777542114], "cam_t_m2c": [180.88034057617188, 93.49532318115234, 710.5387573242188], "obj_id": 0}, {"cam_R_m2c": [0.2471337914466858, 0.9417204856872559, 0.22822687029838562, 0.5826582908630371, 0.04377108812332153, -0.8115377426147461, -0.7742314338684082, 0.33353668451309204, -0.5378838777542114], "cam_t_m2c": [180.88034057617188, 93.49532318115234, 710.5387573242188], "obj_id": 3}, {"cam_R_m2c": [0.2471337914466858, 0.9417204856872559, 0.22822687029838562, 0.5826582908630371, 0.04377108812332153, -0.8115377426147461, -0.7742314338684082, 0.33353668451309204, -0.5378838777542114], "cam_t_m2c": [180.88034057617188, 93.49532318115234, 710.5387573242188], "obj_id": 2}, {"cam_R_m2c": [0.2471337914466858, 0.9417204856872559, 0.22822687029838562, 0.5826582908630371, 0.04377108812332153, -0.8115377426147461, -0.7742314338684082, 0.33353668451309204, -0.5378838777542114], "cam_t_m2c": [180.88034057617188, 93.49532318115234, 710.5387573242188], "obj_id": 3}, {"cam_R_m2c": [0.2471337914466858, 0.9417204856872559, 0.22822687029838562, 0.5826582908630371, 0.04377108812332153, -0.8115377426147461, -0.7742314338684082, 0.33353668451309204, -0.5378838777542114], "cam_t_m2c": [180.88034057617188, 93.49532318115234, 710.5387573242188], "obj_id": 3}, {"cam_R_m2c": [0.8686593770980835, 0.20409323275089264, 0.4514165222644806, -0.4710443615913391, 0.6225047707557678, 0.6249840259552002, -0.15345394611358643, -0.7555354237556458, 0.6368815898895264], "cam_t_m2c": [-20.561866760253906, 146.34837341308594, 580.833984375], "obj_id": 1}, {"cam_R_m2c": [-0.1681044101715088, 0.9851861000061035, -0.03390086069703102, 0.5711901783943176, 0.06931948661804199, -0.8178853988647461, -0.8034193515777588, -0.15685400366783142, -0.5743815302848816], "cam_t_m2c": [118.83628845214844, 186.3430938720703, 558.7039794921875], "obj_id": 2}, {"cam_R_m2c": [0.5243648886680603, -0.02542867325246334, 0.8511138558387756, -0.6941092014312744, 0.5662031769752502, 0.44455185532569885, -0.493207722902298, -0.8238733410835266, 0.27924680709838867], "cam_t_m2c": [39.23094177246094, 98.13797760009766, 627.1915893554688], "obj_id": 3}],
  "4": [{"cam_R_m2c": [0.989122211933136, -0.04818575084209442, -0.1389799267053604, -0.13818341493606567, -0.628268837928772, -0.765626072883606, -0.05042450875043869, 0.7765024304389954, -0.6280931234359741], "cam_t_m2c": [123.2822494506836, -116.92730712890625, 799.9674072265625], "obj_id": 3}, {"cam_R_m2c": [0.989122211933136, -0.04818575084209442, -0.1389799267053604, -0.13818341493606567, -0.628268837928772, -0.765626072883606, -0.05042450875043869, 0.7765024304389954, -0.6280931234359741], "cam_t_m2c": [123.2822494506836, -116.92730712890625, 799.9674072265625], "obj_id": 3}, {"cam_R_m2c": [0.989122211933136, -0.04818575084209442, -0.1389799267053604, -0.13818341493606567, -0.628268837928772, -0.765626072883606, -0.05042450875043869, 0.7765024304389954, -0.6280931234359741], "cam_t_m2c": [123.2822494506836, -116.92730712890625, 799.9674072265625], "obj_id": 1}, {"cam_R_m2c": [0.989122211933136, -0.04818575084209442, -0.1389799267053604, -0.13818341493606567, -0.628268837928772, -0.765626072883606, -0.05042450875043869, 0.7765024304389954, -0.6280931234359741], "cam_t_m2c": [123.2822494506836, -116.92730712890625, 799.9674072265625], "obj_id": 2}, {"cam_R_m2c": [0.989122211933136, -0.04818575084209442, -0.1389799267053604, -0.13818341493606567, -0.628268837928772, -0.765626072883606, -0.05042450875043869, 0.7765024304389954, -0.6280931234359741], "cam_t_m2c": [123.2822494506836, -116.92730712890625, 799.9674072265625], "obj_id": 3}, {"cam_R_m2c": [0.989122211933136, -0.04818575084209442, -0.1389799267053604, -0.13818341493606567, -0.628268837928772, -0.765626072883606, -0.05042450875043869, 0.7765024304389954, -0.6280931234359741], "cam_t_m2c": [123.2822494506836, -116.92730712890625, 799.9674072265625], "obj_id": 2}, {"cam_R_m2c": [0.989122211933136, -0.04818575084209442, -0.1389799267053604, -0.13818341493606567, -0.628268837928772, -0.765626072883606, -0.05042450875043869, 0.7765024304389954, -0.6280931234359741], "cam_t_m2c": [123.2822494506836, -116.92730712890625, 799.9674072265625], "obj_id": 2}, {"cam_R_m2c": [0.989122211933136, -0.04818575084209442, -0.1389799267053604, -0.13818341493606567, -0.628268837928772, -0.765626072883606, -0.05042450875043869, 0.7765024304389954, -0.6280931234359741], "cam_t_m2c": [123.2822494506836, -116.92730712890625, 799.9674072265625], "obj_id": 0}, {"cam_R_m2c": [0.989122211933136, -0.04818575084209442, -0.1389799267053604, -0.13818341493606567, -0.628268837928772, -0.765626072883606, -0.05042450875043869, 0.7765024304389954, -0.6280931234359741], "cam_t_m2c": [123.2822494506836, -116.92730712890625, 799.9674072265625], "obj_id": 3}, {"cam_R_m2c": [0.989122211933136, -0.04818575084209442, -0.1389799267053604, -0.13818341493606567, -0.628268837928772, -0.765626072883606, -0.05042450875043869, 0.7765024304389954, -0.6280931234359741], "cam_t_m2c": [123.2822494506836, -116.92730712890625, 799.9674072265625], "obj_id": 2}, {"cam_R_m2c": [0.989122211933136, -0.04818575084209442, -0.1389799267053604, -0.13818341493606567, -0.628268837928772, -0.765626072883606, -0.05042450875043869, 0.7765024304389954, -0.6280931234359741], "cam_t_m2c": [123.2822494506836, -116.92730712890625, 799.9674072265625], "obj_id": 3}, {"cam_R_m2c": [0.989122211933136, -0.04818575084209442, -0.1389799267053604, -0.13818341493606567, -0.628268837928772, -0.765626072883606, -0.05042450875043869, 0.7765024304389954, -0.6280931234359741], "cam_t_m2c": [123.2822494506836, -116.92730712890625, 799.9674072265625], "obj_id": 3}, {"cam_R_m2c": [-0.06972622126340866, 0.9960734844207764, 0.05455167964100838, -0.9846495389938354, -0.07749193906784058, 0.1563979536294937, 0.1600111722946167, -0.042809247970581055, 0.9861865043640137], "cam_t_m2c": [217.5986785888672, 31.354188919067383, 628.7576904296875], "obj_id": 1}, {"cam_R_m2c": [0.932393491268158, 0.32340797781944275, -0.16139917075634003, 0.17931818962097168, -0.801605224609375, -0.570327877998352, -0.3138270378112793, 0.5028281807899475, -0.8054043650627136], "cam_t_m2c": [284.0518798828125, -66.55326080322266, 715.471435546875], "obj_id": 2}, {"cam_R_m2c": [-0.0403398796916008, 0.9673076272010803, 0.2503768801689148, -0.9286018013954163, 0.056215085089206696, -0.3667949140071869, -0.36887845396995544, -0.24729689955711365, 0.8959759473800659], "cam_t_m2c": [161.70379638671875, -26.923507690429688, 667.846435546875], "obj_id": 3}]
}