{
  "0": [{"cam_R_m2c": [0.8010512590408325, -0.06641852855682373, 0.5948995351791382, -0.5524186491966248, -0.46478912234306335, 0.6919572949409485, 0.23054401576519012, -0.8829268217086792, -0.40901073813438416], "cam_t_m2c": [-48.25152587890625, 37.106197357177734, 345.02392578125], "obj_id": 3}, {"cam_R_m2c": [-0.8104648590087891, -0.48096364736557007, 0.33439546823501587, 0.5458004474639893, -0.4127216041088104, 0.729220449924469, -0.21271628141403198, 0.7735209465026855, 0.5970067977905273], "cam_t_m2c": [-44.05044937133789, 68.76560974121094, 257.4566650390625], "obj_id": 3}, {"cam_R_m2c": [-0.8903954029083252, 0.05874847248196602, 0.45138078927993774, 0.45514151453971863, 0.12905700504779816, 0.881016731262207, -0.0064954557456076145, 0.9898954033851624, -0.14165061712265015], "cam_t_m2c": [66.01675415039062, -47.20092010498047, 333.2745666503906], "obj_id": 3}, {"cam_R_m2c": [-0.6890174150466919, 0.1417371779680252, 0.7107500433921814, 0.523155152797699, -0.581419825553894, 0.6231048703193665, 0.5015612840652466, 0.8011626601219177, 0.32645782828330994], "cam_t_m2c": [-23.93849754333496, 85.63656616210938, 351.54132080078125], "obj_id": 1}, {"cam_R_m2c": [0.6033284664154053, 0.7810014486312866, 0.16134275496006012, 0.6487756967544556, -0.5983221530914307, 0.4702136218547821, 0.4637724459171295, -0.1790180206298828, -0.8676795363426208], "cam_t_m2c": [48.408382415771484, 134.472900390625, 49.15957260131836], "obj_id": 0}, {"cam_R_m2c": [0.15538358688354492, -0.9867762923240662, -0.04613690823316574, 0.8400602340698242, 0.15656587481498718, -0.5194093585014343, 0.5197643041610718, 0.04194993898272514, 0.853279173374176], "cam_t_m2c": [10.775585174560547, -87.63716125488281, 428.296142578125], "obj_id": 0}, {"cam_R_m2c": [0.3929905891418457, 0.9022574424743652, -0.17745386064052582, 0.7758713364601135, -0.22177863121032715, 0.590624988079071, 0.49354034662246704, -0.3697914481163025, -0.7871925830841064], "cam_t_m2c": [-3.5760598182678223, 107.5515365600586, 264.202392578125], "obj_id": 2}, {"cam_R_m2c": [-0.19651907682418823, 0.8098725080490112, 0.5527083277702332, -0.9577635526657104, -0.03786781430244446, -0.28505221009254456, -0.2099260538816452, -0.5853821635246277, 0.7831083536148071], "cam_t_m2c": [-30.98870086669922, 156.1382598876953, 132.13719177246094], "obj_id": 1}, {"cam_R_m2c": [0.8812564611434937, -0.2746555209159851, -0.38464444875717163, -0.471046507358551, -0.44364604353904724, -0.7624258995056152, 0.03875848650932312, 0.8530781865119934, -0.5203414559364319], "cam_t_m2c": [-43.79899597167969, 119.00688934326172, 229.71536254882812], "obj_id": 3}, {"cam_R_m2c": [0.5308752059936523, -0.8467399477958679, 0.03468316048383713, 0.24680276215076447, 0.1936296969652176, 0.9495239853858948, -0.8107156157493591, -0.49551886320114136, 0.3117710053920746], "cam_t_m2c": [54.60016632080078, -77.40162658691406, 420.9552001953125], "obj_id": 3}, {"cam_R_m2c": [0.16304263472557068, -0.9565495252609253, 0.24172325432300568, 0.796026885509491, -0.017207955941557884, -0.6050165891647339, 0.5828878879547119, 0.2910616993904114, 0.7586334943771362], "cam_t_m2c": [-274.2138366699219, 20.720884323120117, 484.8900451660156], "obj_id": 0}, {"cam_R_m2c": [0.901666522026062, 0.43195560574531555, -0.020292337983846664, -0.21979151666164398, 0.41737109422683716, -0.8817556500434875, -0.3724098801612854, 0.7995096445083618, 0.47126975655555725], "cam_t_m2c": [3.7524070739746094, 18.401823043823242, 304.89141845703125], "obj_id": 3}, {"cam_R_m2c": [0.16762304306030273, -0.9507631659507751, -0.26067572832107544, 0.8711981177330017, 0.26661717891693115, -0.41222450137138367, 0.46142852306365967, -0.15800189971923828, 0.8729943633079529], "cam_t_m2c": [-231.34877014160156, -118.47842407226562, 677.442626953125], "obj_id": 0}, {"cam_R_m2c": [0.3930016756057739, -0.5909727811813354, -0.7044861912727356, 0.7758675217628479, 0.6243135929107666, -0.09089621901512146, 0.4935375154018402, -0.5108656287193298, 0.7038728594779968], "cam_t_m2c": [-214.88096618652344, 209.8697052001953, 271.6134948730469], "obj_id": 2}, {"cam_R_m2c": [0.46788111329078674, 0.24647025763988495, 0.8487282395362854, 0.5990685224533081, -0.7944874167442322, -0.09953165054321289, 0.6497723460197449, 0.5550153851509094, -0.5193781852722168], "cam_t_m2c": [21.6720027923584, -179.97283935546875, 564.7758178710938], "obj_id": 0}, {"cam_R_m2c": [0.1984868347644806, 0.8093060255050659, -0.5528351664543152, 0.4524917006492615, -0.5760141015052795, -0.6807781457901001, -0.8693987727165222, -0.11502783745527267, -0.48053547739982605], "cam_t_m2c": [-228.7861785888672, 89.30302429199219, 428.3441162109375], "obj_id": 3}, {"cam_R_m2c": [0.7796408534049988, 0.5341980457305908, 0.32679134607315063, 0.003432398196309805, 0.5181887149810791, -0.855259358882904, -0.6262174844741821, 0.6679168343544006, 0.40216749906539917], "cam_t_m2c": [-103.61570739746094, 51.34675598144531, 333.4938049316406], "obj_id": 3}, {"cam_R_m2c": [0.3448468744754791, -0.17333495616912842, 0.922515869140625, 0.8010229468345642, -0.4579980969429016, -0.385486364364624, 0.48932889103889465, 0.8718901872634888, -0.019093820825219154], "cam_t_m2c": [284.2934875488281, -58.30218505859375, 253.31997680664062], "obj_id": 0}, {"cam_R_m2c": [-0.10321462154388428, 0.8119133114814758, -0.5745809078216553, 0.9717956781387329, -0.040829382836818695, -0.23226261138916016, -0.21203698217868805, -0.5823482275009155, -0.7847996354103088], "cam_t_m2c": [-111.58406066894531, 34.26356887817383, 334.7210693359375], "obj_id": 1}, {"cam_R_m2c": [-0.03660156950354576, -0.6348954439163208, 0.7717306017875671, -0.5230992436408997, -0.6458267569541931, -0.5561250448226929, 0.8514854907989502, -0.42404669523239136, -0.3084750771522522], "cam_t_m2c": [-165.17111206054688, 94.94795227050781, 375.0546569824219], "obj_id": 3}, {"cam_R_m2c": [0.52256178855896, -0.41633445024490356, -0.7440394759178162, 0.25317901372909546, -0.7575333714485168, 0.601700484752655, -0.8141434192657471, -0.5028008222579956, -0.2904508113861084], "cam_t_m2c": [-57.39448547363281, 22.00494384765625, 396.6647033691406], "obj_id": 3}, {"cam_R_m2c": [-0.034878943115472794, 0.7219152450561523, 0.6911019682884216, 0.48410505056381226, -0.5927720069885254, 0.643633246421814, 0.8743144869804382, 0.3570151627063751, -0.3288075923919678], "cam_t_m2c": [-115.91851043701172, 44.351131439208984, 475.4288635253906], "obj_id": 1}, {"cam_R_m2c": [0.39300522208213806, 0.9180245399475098, 0.05270474776625633, 0.7758663296699524, -0.36181944608688354, 0.5168346762657166, 0.4935365617275238, -0.16222688555717468, -0.8544613122940063], "cam_t_m2c": [-31.43065071105957, 145.2349853515625, 227.143798828125], "obj_id": 2}, {"cam_R_m2c": [-0.4678868353366852, -0.14913618564605713, -0.8711144328117371, -0.8649226427078247, -0.1253010481595993, 0.48601284623146057, -0.18163363635540009, 0.98084557056427, -0.0703645721077919], "cam_t_m2c": [-255.09324645996094, 137.02442932128906, 413.4447021484375], "obj_id": 0}, {"cam_R_m2c": [-0.5520740747451782, -0.7756401300430298, 0.30593571066856384, -0.8219055533409119, 0.5679877996444702, -0.043141741305589676, -0.1403052806854248, -0.27526769042015076, -0.9510742425918579], "cam_t_m2c": [-134.32498168945312, -5.315055847167969, 389.1695861816406], "obj_id": 1}, {"cam_R_m2c": [0.7778525948524475, 0.6184625625610352, 0.11157653480768204, -0.5666985511779785, 0.6135345101356506, 0.5499346256256104, 0.2716579735279083, -0.4909983277320862, 0.8277212977409363], "cam_t_m2c": [-56.0462646484375, 3.335292339324951, 353.0610656738281], "obj_id": 3}, {"cam_R_m2c": [-0.7976221442222595, 0.2830358147621155, -0.5326252579689026, 0.5888087153434753, 0.5568549633026123, -0.5858470797538757, 0.13077931106090546, -0.7808989882469177, -0.6108138561248779], "cam_t_m2c": [-36.28278350830078, -39.35411071777344, 454.972412109375], "obj_id": 3}, {"cam_R_m2c": [0.6654009819030762, 0.6054147481918335, 0.4367087781429291, 0.43193718791007996, -0.7893950343132019, 0.43621742725372314, 0.6088282465934753, -0.10162871330976486, -0.7867653369903564], "cam_t_m2c": [-63.43275451660156, 55.581790924072266, 262.2405700683594], "obj_id": 0}, {"cam_R_m2c": [-0.7365992069244385, -0.6651822924613953, -0.12228656560182571, -0.6350873112678528, 0.6181086301803589, 0.46325570344924927, -0.23256312310695648, 0.41889646649360657, -0.8777471780776978], "cam_t_m2c": [-185.38780212402344, 116.24825286865234, 368.3105163574219], "obj_id": 0}, {"cam_R_m2c": [-0.5906643867492676, -0.2361091524362564, 0.7716007828712463, -0.5011277198791504, 0.8568110466003418, -0.12143249809741974, -0.6324447393417358, -0.45839643478393555, -0.6244086027145386], "cam_t_m2c": [20.803293228149414, 9.469982147216797, 274.1535339355469], "obj_id": 2}, {"cam_R_m2c": [-0.6975637674331665, 0.6657084822654724, -0.2650226056575775, -0.05279945582151413, -0.4166247844696045, -0.907543957233429, -0.7145746946334839, -0.6190767288208008, 0.32577142119407654], "cam_t_m2c": [-213.35418701171875, 30.219493865966797, 317.6091613769531], "obj_id": 1}, {"cam_R_m2c": [-0.2813573181629181, 0.7962343096733093, -0.5355827808380127, -0.830464243888855, -0.4816843569278717, -0.2798379957675934, -0.4807984530925751, 0.3660479187965393, 0.7967695593833923], "cam_t_m2c": [-102.39253997802734, -125.12388610839844, 703.9595947265625], "obj_id": 0}, {"cam_R_m2c": [-0.33362966775894165, 0.25702860951423645, -0.9069880843162537, -0.8484146595001221, -0.5012814402580261, 0.1700272560119629, -0.4109545052051544, 0.8262282013893127, 0.3853093385696411], "cam_t_m2c": [-22.28150177001953, -0.49996376037597656, 444.251220703125], "obj_id": 0}, {"cam_R_m2c": [0.2802318334579468, -0.8618266582489014, -0.4227587580680847, 0.7253278493881226, 0.47858187556266785, -0.49483224749565125, 0.6287842988967896, -0.1679709553718567, 0.7592207193374634], "cam_t_m2c": [-147.43040466308594, 71.38819122314453, 361.3624572753906], "obj_id": 1}, {"cam_R_m2c": [0.9421272873878479, -0.20020227134227753, -0.2689148187637329, 0.003992301411926746, -0.7953629493713379, 0.6061202883720398, -0.3352315425872803, -0.5721160173416138, -0.7485339045524597], "cam_t_m2c": [-118.77454376220703, 80.53003692626953, 360.774169921875], "obj_id": 3}, {"cam_R_m2c": [-0.7941578030586243, -0.6013069152832031, -0.08799795061349869, -0.5744054913520813, 0.6954424977302551, 0.43176162242889404, -0.19842372834682465, 0.3934333026409149, -0.8976850509643555], "cam_t_m2c": [-157.0386962890625, 83.77886962890625, 419.0680847167969], "obj_id": 0}, {"cam_R_m2c": [0.49503836035728455, -0.12618456780910492, -0.8596594929695129, 0.8667291402816772, 0.14114652574062347, 0.47839128971099854, 0.060972344130277634, -0.9819139838218689, 0.17924079298973083], "cam_t_m2c": [-45.420326232910156, 107.29064178466797, 166.60797119140625], "obj_id": 0}, {"cam_R_m2c": [-0.4383291006088257, 0.7923951745033264, -0.424237459897995, -0.7526999115943909, -0.5815740823745728, -0.3085683584213257, -0.49123361706733704, 0.18406899273395538, 0.8513566255569458], "cam_t_m2c": [-15.794509887695312, -7.17988395690918, 329.4709777832031], "obj_id": 2}, {"cam_R_m2c": [-0.6629902720451355, -0.5080881118774414, -0.5498090982437134, -0.7480294108390808, 0.42024827003479004, 0.5136567950248718, -0.029926635324954987, 0.7518229484558105, -0.6586853265762329], "cam_t_m2c": [-176.9696807861328, 2.5748870372772217, 562.5964965820312], "obj_id": 0}, {"cam_R_m2c": [-0.441999614238739, -0.8886454701423645, 0.12225174158811569, -0.7657694220542908, 0.4447850286960602, 0.4645034074783325, -0.4671545922756195, 0.11169369518756866, -0.8770923614501953], "cam_t_m2c": [-115.39764404296875, 24.69414520263672, 296.43994140625], "obj_id": 1}, {"cam_R_m2c": [0.5744807720184326, -0.5506640672683716, -0.605591356754303, 0.678313136100769, 0.7343711256980896, -0.024296889081597328, 0.45810824632644653, -0.3968224823474884, 0.7954047918319702], "cam_t_m2c": [-68.34622955322266, 135.96749877929688, 271.1087341308594], "obj_id": 2}],
  "1": [{"cam_R_m2c": [0.8010512590408325, -0.06641852855682373, 0.5948995351791382, -0.5524186491966248, -0.46478912234306335, 0.6919572949409485, 0.23054401576519012, -0.8829268217086792, -0.40901073813438416], "cam_t_m2c": [-48.25152587890625, 37.106197357177734, 345.02392578125], "obj_id": 3}, {"cam_R_m2c": [-0.8104648590087891, -0.48096364736557007, 0.33439546823501587, 0.5458004474639893, -0.4127216041088104, 0.729220449924469, -0.21271628141403198, 0.7735209465026855, 0.5970067977905273], "cam_t_m2c": [-44.05044937133789, 68.76560974121094, 257.4566650390625], "obj_id": 3}, {"cam_R_m2c": [-0.8903954029083252, 0.05874847248196602, 0.45138078927993774, 0.45514151453971863, 0.12905700504779816, 0.881016731262207, -0.0064954557456076145, 0.9898954033851624, -0.14165061712265015], "cam_t_m2c": [66.01675415039062, -47.20092010498047, 333.2745666503906], "obj_id": 3}, {"cam_R_m2c": [-0.6890174150466919, 0.1417371779680252, 0.7107500433921814, 0.523155152797699, -0.581419825553894, 0.6231048703193665, 0.5015612840652466, 0.8011626601219177, 0.32645782828330994], "cam_t_m2c": [-23.93849754333496, 85.63656616210938, 351.54132080078125], "obj_id": 1}, {"cam_R_m2c": [0.6033284664154053, 0.7810014486312866, 0.16134275496006012, 0.6487756967544556, -0.5983221530914307, 0.4702136218547821, 0.4637724459171295, -0.1790180206298828, -0.8676795363426208], "cam_t_m2c": [48.408382415771484, 134.472900390625, 49.15957260131836], "obj_id": 0}, {"cam_R_m2c": [0.15538358688354492, -0.9867762923240662, -0.04613690823316574, 0.8400602340698242, 0.15656587481498718, -0.5194093585014343, 0.5197643041610718, 0.04194993898272514, 0.853279173374176], "cam_t_m2c": [10.775585174560547, -87.63716125488281, 428.296142578125], "obj_id": 0}, {"cam_R_m2c": [0.3929905891418457, 0.9022574424743652, -0.17745386064052582, 0.7758713364601135, -0.22177863121032715, 0.590624988079071, 0.49354034662246704, -0.3697914481163025, -0.7871925830841064], "cam_t_m2c": [-3.5760598182678223, 107.5515365600586, 264.202392578125], "obj_id": 2}, {"cam_R_m2c": [-0.19651907682418823, 0.8098725080490112, 0.5527083277702332, -0.9577635526657104, -0.03786781430244446, -0.28505221009254456, -0.2099260538816452, -0.5853821635246277, 0.7831083536148071], "cam_t_m2c": [-30.98870086669922, 156.1382598876953, 132.13719177246094], "obj_id": 1}, {"cam_R_m2c": [0.8812564611434937, -0.2746555209159851, -0.38464444875717163, -0.471046507358551, -0.44364604353904724, -0.7624258995056152, 0.03875848650932312, 0.8530781865119934, -0.5203414559364319], "cam_t_m2c": [-43.79899597167969, 119.00688934326172, 229.71536254882812], "obj_id": 3}, {"cam_R_m2c": [0.5308752059936523, -0.8467399477958679, 0.03468316048383713, 0.24680276215076447, 0.1936296969652176, 0.9495239853858948, -0.8107156157493591, -0.49551886320114136, 0.3117710053920746], "cam_t_m2c": [54.60016632080078, -77.40162658691406, 420.9552001953125], "obj_id": 3}, {"cam_R_m2c": [0.16304263472557068, -0.9565495252609253, 0.24172325432300568, 0.796026885509491, -0.017207955941557884, -0.6050165891647339, 0.5828878879547119, 0.2910616993904114, 0.7586334943771362], "cam_t_m2c": [-274.2138366699219, 20.720884323120117, 484.8900451660156], "obj_id": 0}, {"cam_R_m2c": [0.901666522026062, 0.43195560574531555, -0.020292337983846664, -0.21979151666164398, 0.41737109422683716, -0.8817556500434875, -0.3724098801612854, 0.7995096445083618, 0.47126975655555725], "cam_t_m2c": [3.7524070739746094, 18.401823043823242, 304.89141845703125], "obj_id": 3}, {"cam_R_m2c": [0.16762304306030273, -0.9507631659507751, -0.26067572832107544, 0.8711981177330017, 0.26661717891693115, -0.41222450137138367, 0.46142852306365967, -0.15800189971923828, 0.8729943633079529], "cam_t_m2c": [-231.34877014160156, -118.47842407226562, 677.442626953125], "obj_id": 0}, {"cam_R_m2c": [0.3930016756057739, -0.5909727811813354, -0.7044861912727356, 0.7758675217628479, 0.6243135929107666, -0.09089621901512146, 0.4935375154018402, -0.5108656287193298, 0.7038728594779968], "cam_t_m2c": [-214.88096618652344, 209.8697052001953, 271.6134948730469], "obj_id": 2}, {"cam_R_m2c": [0.46788111329078674, 0.24647025763988495, 0.8487282395362854, 0.5990685224533081, -0.7944874167442322, -0.09953165054321289, 0.6497723460197449, 0.5550153851509094, -0.5193781852722168], "cam_t_m2c": [21.6720027923584, -179.97283935546875, 564.7758178710938], "obj_id": 0}, {"cam_R_m2c": [0.1984868347644806, 0.8093060255050659, -0.5528351664543152, 0.4524917006492615, -0.5760141015052795, -0.6807781457901001, -0.8693987727165222, -0.11502783745527267, -0.48053547739982605], "cam_t_m2c": [-228.7861785888672, 89.30302429199219, 428.3441162109375], "obj_id": 3}, {"cam_R_m2c": [0.7796408534049988, 0.5341980457305908, 0.32679134607315063, 0.003432398196309805, 0.5181887149810791, -0.855259358882904, -0.6262174844741821, 0.6679168343544006, 0.40216749906539917], "cam_t_m2c": [-103.61570739746094, 51.34675598144531, 333.4938049316406], "obj_id": 3}, {"cam_R_m2c": [0.3448468744754791, -0.17333495616912842, 0.922515869140625, 0.8010229468345642, -0.4579980969429016, -0.385486364364624, 0.48932889103889465, 0.8718901872634888, -0.019093820825219154], "cam_t_m2c": [284.2934875488281, -58.30218505859375, 253.31997680664062], "obj_id": 0}, {"cam_R_m2c": [-0.10321462154388428, 0.8119133114814758, -0.5745809078216553, 0.9717956781387329, -0.040829382836818695, -0.23226261138916016, -0.21203698217868805, -0.5823482275009155, -0.7847996354103088], "cam_t_m2c": [-111.58406066894531, 34.26356887817383, 334.7210693359375], "obj_id": 1}, {"cam_R_m2c": [-0.03660156950354576, -0.6348954439163208, 0.7717306017875671, -0.5230992436408997, -0.6458267569541931, -0.5561250448226929, 0.8514854907989502, -0.42404669523239136, -0.3084750771522522], "cam_t_m2c": [-165.17111206054688, 94.94795227050781, 375.0546569824219], "obj_id": 3}, {"cam_R_m2c": [0.52256178855896, -0.41633445024490356, -0.7440394759178162, 0.25317901372909546, -0.7575333714485168, 0.601700484752655, -0.8141434192657471, -0.5028008222579956, -0.2904508113861084], "cam_t_m2c": [-57.39448547363281, 22.00494384765625, 396.6647033691406], "obj_id": 3}, {"cam_R_m2c": [-0.034878943115472794, 0.7219152450561523, 0.6911019682884216, 0.48410505056381226, -0.5927720069885254, 0.643633246421814, 0.8743144869804382, 0.3570151627063751, -0.3288075923919678], "cam_t_m2c": [-115.91851043701172, 44.351131439208984, 475.4288635253906], "obj_id": 1}, {"cam_R_m2c": [0.39300522208213806, 0.9180245399475098, 0.05270474776625633, 0.7758663296699524, -0.36181944608688354, 0.5168346762657166, 0.4935365617275238, -0.16222688555717468, -0.8544613122940063], "cam_t_m2c": [-31.43065071105957, 145.2349853515625, 227.143798828125], "obj_id": 2}, {"cam_R_m2c": [-0.4678868353366852, -0.14913618564605713, -0.8711144328117371, -0.8649226427078247, -0.1253010481595993, 0.48601284623146057, -0.18163363635540009, 0.98084557056427, -0.0703645721077919], "cam_t_m2c": [-255.09324645996094, 137.02442932128906, 413.4447021484375], "obj_id": 0}, {"cam_R_m2c": [-0.5520740747451782, -0.7756401300430298, 0.30593571066856384, -0.8219055533409119, 0.5679877996444702, -0.043141741305589676, -0.1403052806854248, -0.27526769042015076, -0.9510742425918579], "cam_t_m2c": [-134.32498168945312, -5.315055847167969, 389.1695861816406], "obj_id": 1}, {"cam_R_m2c": [0.7778525948524475, 0.6184625625610352, 0.11157653480768204, -0.5666985511779785, 0.6135345101356506, 0.5499346256256104, 0.2716579735279083, -0.4909983277320862, 0.8277212977409363], "cam_t_m2c": [-56.0462646484375, 3.335292339324951, 353.0610656738281], "obj_id": 3}, {"cam_R_m2c": [-0.7976221442222595, 0.2830358147621155, -0.5326252579689026, 0.5888087153434753, 0.5568549633026123, -0.5858470797538757, 0.13077931106090546, -0.7808989882469177, -0.6108138561248779], "cam_t_m2c": [-36.28278350830078, -39.35411071777344, 454.972412109375], "obj_id": 3}, {"cam_R_m2c": [0.6654009819030762, 0.6054147481918335, 0.4367087781429291, 0.43193718791007996, -0.7893950343132019, 0.43621742725372314, 0.6088282465934753, -0.10162871330976486, -0.7867653369903564], "cam_t_m2c": [-63.43275451660156, 55.581790924072266, 262.2405700683594], "obj_id": 0}, {"cam_R_m2c": [-0.7365992069244385, -0.6651822924613953, -0.12228656560182571, -0.6350873112678528, 0.6181086301803589, 0.46325570344924927, -0.23256312310695648, 0.41889646649360657, -0.8777471780776978], "cam_t_m2c": [-185.38780212402344, 116.24825286865234, 368.3105163574219], "obj_id": 0}, {"cam_R_m2c": [-0.5906643867492676, -0.2361091524362564, 0.7716007828712463, -0.5011277198791504, 0.8568110466003418, -0.12143249809741974, -0.6324447393417358, -0.45839643478393555, -0.6244086027145386], "cam_t_m2c": [20.803293228149414, 9.469982147216797, 274.1535339355469], "obj_id": 2}, {"cam_R_m2c": [-0.6975637674331665, 0.6657084822654724, -0.2650226056575775, -0.05279945582151413, -0.4166247844696045, -0.907543957233429, -0.7145746946334839, -0.6190767288208008, 0.32577142119407654], "cam_t_m2c": [-213.35418701171875, 30.219493865966797, 317.6091613769531], "obj_id": 1}, {"cam_R_m2c": [-0.2813573181629181, 0.7962343096733093, -0.5355827808380127, -0.830464243888855, -0.4816843569278717, -0.2798379957675934, -0.4807984530925751, 0.3660479187965393, 0.7967695593833923], "cam_t_m2c": [-102.39253997802734, -125.12388610839844, 703.9595947265625], "obj_id": 0}, {"cam_R_m2c": [-0.33362966775894165, 0.25702860951423645, -0.9069880843162537, -0.8484146595001221, -0.5012814402580261, 0.1700272560119629, -0.4109545052051544, 0.8262282013893127, 0.3853093385696411], "cam_t_m2c": [-22.28150177001953, -0.49996376037597656, 444.251220703125], "obj_id": 0}, {"cam_R_m2c": [0.2802318334579468, -0.8618266582489014, -0.4227587580680847, 0.7253278493881226, 0.47858187556266785, -0.49483224749565125, 0.6287842988967896, -0.1679709553718567, 0.7592207193374634], "cam_t_m2c": [-147.43040466308594, 71.38819122314453, 361.3624572753906], "obj_id": 1}, {"cam_R_m2c": [0.9421272873878479, -0.20020227134227753, -0.2689148187637329, 0.003992301411926746, -0.7953629493713379, 0.6061202883720398, -0.3352315425872803, -0.5721160173416138, -0.7485339045524597], "cam_t_m2c": [-118.77454376220703, 80.53003692626953, 360.774169921875], "obj_id": 3}, {"cam_R_m2c": [-0.7941578030586243, -0.6013069152832031, -0.08799795061349869, -0.5744054913520813, 0.6954424977302551, 0.43176162242889404, -0.19842372834682465, 0.3934333026409149, -0.8976850509643555], "cam_t_m2c": [-157.0386962890625, 83.77886962890625, 419.0680847167969], "obj_id": 0}, {"cam_R_m2c": [0.49503836035728455, -0.12618456780910492, -0.8596594929695129, 0.8667291402816772, 0.14114652574062347, 0.47839128971099854, 0.060972344130277634, -0.9819139838218689, 0.17924079298973083], "cam_t_m2c": [-45.420326232910156, 107.29064178466797, 166.60797119140625], "obj_id": 0}, {"cam_R_m2c": [-0.4383291006088257, 0.7923951745033264, -0.424237459897995, -0.7526999115943909, -0.5815740823745728, -0.3085683584213257, -0.49123361706733704, 0.18406899273395538, 0.8513566255569458], "cam_t_m2c": [-15.794509887695312, -7.17988395690918, 329.4709777832031], "obj_id": 2}, {"cam_R_m2c": [-0.6629902720451355, -0.5080881118774414, -0.5498090982437134, -0.7480294108390808, 0.42024827003479004, 0.5136567950248718, -0.029926635324954987, 0.7518229484558105, -0.6586853265762329], "cam_t_m2c": [-176.9696807861328, 2.5748870372772217, 562.5964965820312], "obj_id": 0}, {"cam_R_m2c": [-0.441999614238739, -0.8886454701423645, 0.12225174158811569, -0.7657694220542908, 0.4447850286960602, 0.4645034074783325, -0.4671545922756195, 0.11169369518756866, -0.8770923614501953], "cam_t_m2c": [-115.39764404296875, 24.69414520263672, 296.43994140625], "obj_id": 1}, {"cam_R_m2c": [0.5744807720184326, -0.5506640672683716, -0.605591356754303, 0.678313136100769, 0.7343711256980896, -0.024296889081597328, 0.45810824632644653, -0.3968224823474884, 0.7954047918319702], "cam_t_m2c": [-68.34622955322266, 135.96749877929688, 271.1087341308594], "obj_id": 2}],
  "2": [{"cam_R_m2c": [0.8010512590408325, -0.06641852855682373, 0.5948995351791382, -0.5524186491966248, -0.46478912234306335, 0.6919572949409485, 0.23054401576519012, -0.8829268217086792, -0.40901073813438416], "cam_t_m2c": [-48.25152587890625, 37.106197357177734, 345.02392578125], "obj_id": 3}, {"cam_R_m2c": [-0.8104648590087891, -0.48096364736557007, 0.33439546823501587, 0.5458004474639893, -0.4127216041088104, 0.729220449924469, -0.21271628141403198, 0.7735209465026855, 0.5970067977905273], "cam_t_m2c": [-44.05044937133789, 68.76560974121094, 257.4566650390625], "obj_id": 3}, {"cam_R_m2c": [-0.8903954029083252, 0.05874847248196602, 0.45138078927993774, 0.45514151453971863, 0.12905700504779816, 0.881016731262207, -0.0064954557456076145, 0.9898954033851624, -0.14165061712265015], "cam_t_m2c": [66.01675415039062, -47.20092010498047, 333.2745666503906], "obj_id": 3}, {"cam_R_m2c": [-0.6890174150466919, 0.1417371779680252, 0.7107500433921814, 0.523155152797699, -0.581419825553894, 0.6231048703193665, 0.5015612840652466, 0.8011626601219177, 0.32645782828330994], "cam_t_m2c": [-23.93849754333496, 85.63656616210938, 351.54132080078125], "obj_id": 1}, {"cam_R_m2c": [0.6033284664154053, 0.7810014486312866, 0.16134275496006012, 0.6487756967544556, -0.5983221530914307, 0.4702136218547821, 0.4637724459171295, -0.1790180206298828, -0.8676795363426208], "cam_t_m2c": [48.408382415771484, 134.472900390625, 49.15957260131836], "obj_id": 0}, {"cam_R_m2c": [0.15538358688354492, -0.9867762923240662, -0.04613690823316574, 0.8400602340698242, 0.15656587481498718, -0.5194093585014343, 0.5197643041610718, 0.04194993898272514, 0.853279173374176], "cam_t_m2c": [10.775585174560547, -87.63716125488281, 428.296142578125], "obj_id": 0}, {"cam_R_m2c": [0.3929905891418457, 0.9022574424743652, -0.17745386064052582, 0.7758713364601135, -0.22177863121032715, 0.590624988079071, 0.49354034662246704, -0.3697914481163025, -0.7871925830841064], "cam_t_m2c": [-3.5760598182678223, 107.5515365600586, 264.202392578125], "obj_id": 2}, {"cam_R_m2c": [-0.19651907682418823, 0.8098725080490112, 0.5527083277702332, -0.9577635526657104, -0.03786781430244446, -0.28505221009254456, -0.2099260538816452, -0.5853821635246277, 0.7831083536148071], "cam_t_m2c": [-30.98870086669922, 156.1382598876953, 132.13719177246094], "obj_id": 1}, {"cam_R_m2c": [0.8812564611434937, -0.2746555209159851, -0.38464444875717163, -0.471046507358551, -0.44364604353904724, -0.7624258995056152, 0.03875848650932312, 0.8530781865119934, -0.5203414559364319], "cam_t_m2c": [-43.79899597167969, 119.00688934326172, 229.71536254882812], "obj_id": 3}, {"cam_R_m2c": [0.5308752059936523, -0.8467399477958679, 0.03468316048383713, 0.24680276215076447, 0.1936296969652176, 0.9495239853858948, -0.8107156157493591, -0.49551886320114136, 0.3117710053920746], "cam_t_m2c": [54.60016632080078, -77.40162658691406, 420.9552001953125], "obj_id": 3}, {"cam_R_m2c": [0.16304263472557068, -0.9565495252609253, 0.24172325432300568, 0.796026885509491, -0.017207955941557884, -0.6050165891647339, 0.5828878879547119, 0.2910616993904114, 0.7586334943771362], "cam_t_m2c": [-274.2138366699219, 20.720884323120117, 484.8900451660156], "obj_id": 0}, {"cam_R_m2c": [0.901666522026062, 0.43195560574531555, -0.020292337983846664, -0.21979151666164398, 0.41737109422683716, -0.8817556500434875, -0.3724098801612854, 0.7995096445083618, 0.47126975655555725], "cam_t_m2c": [3.7524070739746094, 18.401823043823242, 304.89141845703125], "obj_id": 3}, {"cam_R_m2c": [0.16762304306030273, -0.9507631659507751, -0.26067572832107544, 0.8711981177330017, 0.26661717891693115, -0.41222450137138367, 0.46142852306365967, -0.15800189971923828, 0.8729943633079529], "cam_t_m2c": [-231.34877014160156, -118.47842407226562, 677.442626953125], "obj_id": 0}, {"cam_R_m2c": [0.3930016756057739, -0.5909727811813354, -0.7044861912727356, 0.7758675217628479, 0.6243135929107666, -0.09089621901512146, 0.4935375154018402, -0.5108656287193298, 0.7038728594779968], "cam_t_m2c": [-214.88096618652344, 209.8697052001953, 271.6134948730469], "obj_id": 2}, {"cam_R_m2c": [0.46788111329078674, 0.24647025763988495, 0.8487282395362854, 0.5990685224533081, -0.7944874167442322, -0.09953165054321289, 0.6497723460197449, 0.5550153851509094, -0.5193781852722168], "cam_t_m2c": [21.6720027923584, -179.97283935546875, 564.7758178710938], "obj_id": 0}, {"cam_R_m2c": [0.1984868347644806, 0.8093060255050659, -0.5528351664543152, 0.4524917006492615, -0.5760141015052795, -0.6807781457901001, -0.8693987727165222, -0.11502783745527267, -0.48053547739982605], "cam_t_m2c": [-228.7861785888672, 89.30302429199219, 428.3441162109375], "obj_id": 3}, {"cam_R_m2c": [0.7796408534049988, 0.5341980457305908, 0.32679134607315063, 0.003432398196309805, 0.5181887149810791, -0.855259358882904, -0.6262174844741821, 0.6679168343544006, 0.40216749906539917], "cam_t_m2c": [-103.61570739746094, 51.34675598144531, 333.4938049316406], "obj_id": 3}, {"cam_R_m2c": [0.3448468744754791, -0.17333495616912842, 0.922515869140625, 0.8010229468345642, -0.4579980969429016, -0.385486364364624, 0.48932889103889465, 0.8718901872634888, -0.019093820825219154], "cam_t_m2c": [284.2934875488281, -58.30218505859375, 253.31997680664062], "obj_id": 0}, {"cam_R_m2c": [-0.10321462154388428, 0.8119133114814758, -0.5745809078216553, 0.9717956781387329, -0.040829382836818695, -0.23226261138916016, -0.21203698217868805, -0.5823482275009155, -0.7847996354103088], "cam_t_m2c": [-111.58406066894531, 34.26356887817383, 334.7210693359375], "obj_id": 1}, {"cam_R_m2c": [-0.03660156950354576, -0.6348954439163208, 0.7717306017875671, -0.5230992436408997, -0.6458267569541931, -0.5561250448226929, 0.8514854907989502, -0.42404669523239136, -0.3084750771522522], "cam_t_m2c": [-165.17111206054688, 94.94795227050781, 375.0546569824219], "obj_id": 3}, {"cam_R_m2c": [0.52256178855896, -0.41633445024490356, -0.7440394759178162, 0.25317901372909546, -0.7575333714485168, 0.601700484752655, -0.8141434192657471, -0.5028008222579956, -0.2904508113861084], "cam_t_m2c": [-57.39448547363281, 22.00494384765625, 396.6647033691406], "obj_id": 3}, {"cam_R_m2c": [-0.034878943115472794, 0.7219152450561523, 0.6911019682884216, 0.48410505056381226, -0.5927720069885254, 0.643633246421814, 0.8743144869804382, 0.3570151627063751, -0.3288075923919678], "cam_t_m2c": [-115.91851043701172, 44.351131439208984, 475.4288635253906], "obj_id": 1}, {"cam_R_m2c": [0.39300522208213806, 0.9180245399475098, 0.05270474776625633, 0.7758663296699524, -0.36181944608688354, 0.5168346762657166, 0.4935365617275238, -0.16222688555717468, -0.8544613122940063], "cam_t_m2c": [-31.43065071105957, 145.2349853515625, 227.143798828125], "obj_id": 2}, {"cam_R_m2c": [-0.4678868353366852, -0.14913618564605713, -0.8711144328117371, -0.8649226427078247, -0.1253010481595993, 0.48601284623146057, -0.18163363635540009, 0.98084557056427, -0.0703645721077919], "cam_t_m2c": [-255.09324645996094, 137.02442932128906, 413.4447021484375], "obj_id": 0}, {"cam_R_m2c": [-0.5520740747451782, -0.7756401300430298, 0.30593571066856384, -0.8219055533409119, 0.5679877996444702, -0.043141741305589676, -0.1403052806854248, -0.27526769042015076, -0.9510742425918579], "cam_t_m2c": [-134.32498168945312, -5.315055847167969, 389.1695861816406], "obj_id": 1}, {"cam_R_m2c": [0.7778525948524475, 0.6184625625610352, 0.11157653480768204, -0.5666985511779785, 0.6135345101356506, 0.5499346256256104, 0.2716579735279083, -0.4909983277320862, 0.8277212977409363], "cam_t_m2c": [-56.0462646484375, 3.335292339324951, 353.0610656738281], "obj_id": 3}, {"cam_R_m2c": [-0.7976221442222595, 0.2830358147621155, -0.5326252579689026, 0.5888087153434753, 0.5568549633026123, -0.5858470797538757, 0.13077931106090546, -0.7808989882469177, -0.6108138561248779], "cam_t_m2c": [-36.28278350830078, -39.35411071777344, 454.972412109375], "obj_id": 3}, {"cam_R_m2c": [0.6654009819030762, 0.6054147481918335, 0.4367087781429291, 0.43193718791007996, -0.7893950343132019, 0.43621742725372314, 0.6088282465934753, -0.10162871330976486, -0.7867653369903564], "cam_t_m2c": [-63.43275451660156, 55.581790924072266, 262.2405700683594], "obj_id": 0}, {"cam_R_m2c": [-0.7365992069244385, -0.6651822924613953, -0.12228656560182571, -0.6350873112678528, 0.6181086301803589, 0.46325570344924927, -0.23256312310695648, 0.41889646649360657, -0.8777471780776978], "cam_t_m2c": [-185.38780212402344, 116.24825286865234, 368.3105163574219], "obj_id": 0}, {"cam_R_m2c": [-0.5906643867492676, -0.2361091524362564, 0.7716007828712463, -0.5011277198791504, 0.8568110466003418, -0.12143249809741974, -0.6324447393417358, -0.45839643478393555, -0.6244086027145386], "cam_t_m2c": [20.803293228149414, 9.469982147216797, 274.1535339355469], "obj_id": 2}, {"cam_R_m2c": [-0.6975637674331665, 0.6657084822654724, -0.2650226056575775, -0.05279945582151413, -0.4166247844696045, -0.907543957233429, -0.7145746946334839, -0.6190767288208008, 0.32577142119407654], "cam_t_m2c": [-213.35418701171875, 30.219493865966797, 317.6091613769531], "obj_id": 1}, {"cam_R_m2c": [-0.2813573181629181, 0.7962343096733093, -0.5355827808380127, -0.830464243888855, -0.4816843569278717, -0.2798379957675934, -0.4807984530925751, 0.3660479187965393, 0.7967695593833923], "cam_t_m2c": [-102.39253997802734, -125.12388610839844, 703.9595947265625], "obj_id": 0}, {"cam_R_m2c": [-0.33362966775894165, 0.25702860951423645, -0.9069880843162537, -0.8484146595001221, -0.5012814402580261, 0.1700272560119629, -0.4109545052051544, 0.8262282013893127, 0.3853093385696411], "cam_t_m2c": [-22.28150177001953, -0.49996376037597656, 444.251220703125], "obj_id": 0}, {"cam_R_m2c": [0.2802318334579468, -0.8618266582489014, -0.4227587580680847, 0.7253278493881226, 0.47858187556266785, -0.49483224749565125, 0.6287842988967896, -0.1679709553718567, 0.7592207193374634], "cam_t_m2c": [-147.43040466308594, 71.38819122314453, 361.3624572753906], "obj_id": 1}, {"cam_R_m2c": [0.9421272873878479, -0.20020227134227753, -0.2689148187637329, 0.003992301411926746, -0.7953629493713379, 0.6061202883720398, -0.3352315425872803, -0.5721160173416138, -0.7485339045524597], "cam_t_m2c": [-118.77454376220703, 80.53003692626953, 360.774169921875], "obj_id": 3}, {"cam_R_m2c": [-0.7941578030586243, -0.6013069152832031, -0.08799795061349869, -0.5744054913520813, 0.6954424977302551, 0.43176162242889404, -0.19842372834682465, 0.3934333026409149, -0.8976850509643555], "cam_t_m2c": [-157.0386962890625, 83.77886962890625, 419.0680847167969], "obj_id": 0}, {"cam_R_m2c": [0.49503836035728455, -0.12618456780910492, -0.8596594929695129, 0.8667291402816772, 0.14114652574062347, 0.47839128971099854, 0.060972344130277634, -0.9819139838218689, 0.17924079298973083], "cam_t_m2c": [-45.420326232910156, 107.29064178466797, 166.60797119140625], "obj_id": 0}, {"cam_R_m2c": [-0.4383291006088257, 0.7923951745033264, -0.424237459897995, -0.7526999115943909, -0.5815740823745728, -0.3085683584213257, -0.49123361706733704, 0.18406899273395538, 0.8513566255569458], "cam_t_m2c": [-15.794509887695312, -7.17988395690918, 329.4709777832031], "obj_id": 2}, {"cam_R_m2c": [-0.6629902720451355, -0.5080881118774414, -0.5498090982437134, -0.7480294108390808, 0.42024827003479004, 0.5136567950248718, -0.029926635324954987, 0.7518229484558105, -0.6586853265762329], "cam_t_m2c": [-176.9696807861328, 2.5748870372772217, 562.5964965820312], "obj_id": 0}, {"cam_R_m2c": [-0.441999614238739, -0.8886454701423645, 0.12225174158811569, -0.7657694220542908, 0.4447850286960602, 0.4645034074783325, -0.4671545922756195, 0.11169369518756866, -0.8770923614501953], "cam_t_m2c": [-115.39764404296875, 24.69414520263672, 296.43994140625], "obj_id": 1}, {"cam_R_m2c": [0.5744807720184326, -0.5506640672683716, -0.605591356754303, 0.678313136100769, 0.7343711256980896, -0.024296889081597328, 0.45810824632644653, -0.3968224823474884, 0.7954047918319702], "cam_t_m2c": [-68.34622955322266, 135.96749877929688, 271.1087341308594], "obj_id": 2}]
}