{
  "0": [{"cam_R_m2c": [0.6876736283302307, -0.7206136584281921, -0.08843590319156647, -0.39458751678466797, -0.26871514320373535, -0.8786880970001221, 0.6094306111335754, 0.6391463279724121, -0.4691334664821625], "cam_t_m2c": [36.4417839050293, 25.14956283569336, 493.3331298828125], "obj_id": 1}, {"cam_R_m2c": [0.6876736283302307, -0.7206136584281921, -0.08843590319156647, -0.39458751678466797, -0.26871514320373535, -0.8786880970001221, 0.6094306111335754, 0.6391463279724121, -0.4691334664821625], "cam_t_m2c": [36.4417839050293, 25.14956283569336, 493.3331298828125], "obj_id": 2}, {"cam_R_m2c": [0.6876736283302307, -0.7206136584281921, -0.08843590319156647, -0.39458751678466797, -0.26871514320373535, -0.8786880970001221, 0.6094306111335754, 0.6391463279724121, -0.4691334664821625], "cam_t_m2c": [36.4417839050293, 25.14956283569336, 493.3331298828125], "obj_id": 0}, {"cam_R_m2c": [0.6876736283302307, -0.7206136584281921, -0.08843590319156647, -0.39458751678466797, -0.26871514320373535, -0.8786880970001221, 0.6094306111335754, 0.6391463279724121, -0.4691334664821625], "cam_t_m2c": [36.4417839050293, 25.14956283569336, 493.3331298828125], "obj_id": 0}, {"cam_R_m2c": [0.6876736283302307, -0.7206136584281921, -0.08843590319156647, -0.39458751678466797, -0.26871514320373535, -0.8786880970001221, 0.6094306111335754, 0.6391463279724121, -0.4691334664821625], "cam_t_m2c": [36.4417839050293, 25.14956283569336, 493.3331298828125], "obj_id": 0}, {"cam_R_m2c": [0.6876736283302307, -0.7206136584281921, -0.08843590319156647, -0.39458751678466797, -0.26871514320373535, -0.8786880970001221, 0.6094306111335754, 0.6391463279724121, -0.4691334664821625], "cam_t_m2c": [36.4417839050293, 25.14956283569336, 493.3331298828125], "obj_id": 1}, {"cam_R_m2c": [0.6876736283302307, -0.7206136584281921, -0.08843590319156647, -0.39458751678466797, -0.26871514320373535, -0.8786880970001221, 0.6094306111335754, 0.6391463279724121, -0.4691334664821625], "cam_t_m2c": [36.4417839050293, 25.14956283569336, 493.3331298828125], "obj_id": 1}, {"cam_R_m2c": [0.6876736283302307, -0.7206136584281921, -0.08843590319156647, -0.39458751678466797, -0.26871514320373535, -0.8786880970001221, 0.6094306111335754, 0.6391463279724121, -0.4691334664821625], "cam_t_m2c": [36.4417839050293, 25.14956283569336, 493.3331298828125], "obj_id": 2}, {"cam_R_m2c": [0.6876736283302307, -0.7206136584281921, -0.08843590319156647, -0.39458751678466797, -0.26871514320373535, -0.8786880970001221, 0.6094306111335754, 0.6391463279724121, -0.4691334664821625], "cam_t_m2c": [36.4417839050293, 25.14956283569336, 493.3331298828125], "obj_id": 3}, {"cam_R_m2c": [0.6876736283302307, -0.7206136584281921, -0.08843590319156647, -0.39458751678466797, -0.26871514320373535, -0.8786880970001221, 0.6094306111335754, 0.6391463279724121, -0.4691334664821625], "cam_t_m2c": [36.4417839050293, 25.14956283569336, 493.3331298828125], "obj_id": 3}, {"cam_R_m2c": [0.6876736283302307, -0.7206136584281921, -0.08843590319156647, -0.39458751678466797, -0.26871514320373535, -0.8786880970001221, 0.6094306111335754, 0.6391463279724121, -0.4691334664821625], "cam_t_m2c": [36.4417839050293, 25.14956283569336, 493.3331298828125], "obj_id": 1}, {"cam_R_m2c": [0.6876736283302307, -0.7206136584281921, -0.08843590319156647, -0.39458751678466797, -0.26871514320373535, -0.8786880970001221, 0.6094306111335754, 0.6391463279724121, -0.4691334664821625], "cam_t_m2c": [36.4417839050293, 25.14956283569336, 493.3331298828125], "obj_id": 2}, {"cam_R_m2c": [-0.49167898297309875, 0.8707070350646973, 0.01099507138133049, 0.2778109312057495, 0.14488504827022552, 0.9496469497680664, 0.8252713084220886, 0.4699760675430298, -0.313128799200058], "cam_t_m2c": [5.92305326461792, -3.9617037773132324, 496.71038818359375], "obj_id": 1}, {"cam_R_m2c": [0.23523372411727905, 0.3109278976917267, -0.920863151550293, 0.13109099864959717, 0.9286426305770874, 0.3470417261123657, 0.9630577564239502, -0.20235279202461243, 0.17768822610378265], "cam_t_m2c": [-99.28900146484375, 60.483943939208984, 389.78765869140625], "obj_id": 3}, {"cam_R_m2c": [-0.5053157806396484, 0.1619088500738144, -0.8476091623306274, 0.2849104404449463, 0.9584628343582153, 0.013229983858764172, 0.8145439624786377, -0.23480738699436188, -0.5304559469223022], "cam_t_m2c": [-8.99314022064209, -16.773168563842773, 533.661376953125], "obj_id": 4}],
  "1": [{"cam_R_m2c": [-0.32805728912353516, -0.9247310161590576, 0.19300484657287598, -0.5353304743766785, 0.013647516258060932, -0.8445323705673218, 0.7783312797546387, -0.3803764283657074, -0.4995138347148895], "cam_t_m2c": [-18.26251792907715, -74.89716339111328, 687.482177734375], "obj_id": 1}, {"cam_R_m2c": [-0.32805728912353516, -0.9247310161590576, 0.19300484657287598, -0.5353304743766785, 0.013647516258060932, -0.8445323705673218, 0.7783312797546387, -0.3803764283657074, -0.4995138347148895], "cam_t_m2c": [-18.26251792907715, -74.89716339111328, 687.482177734375], "obj_id": 2}, {"cam_R_m2c": [-0.32805728912353516, -0.9247310161590576, 0.19300484657287598, -0.5353304743766785, 0.013647516258060932, -0.8445323705673218, 0.7783312797546387, -0.3803764283657074, -0.4995138347148895], "cam_t_m2c": [-18.26251792907715, -74.89716339111328, 687.482177734375], "obj_id": 0}, {"cam_R_m2c": [-0.32805728912353516, -0.9247310161590576, 0.19300484657287598, -0.5353304743766785, 0.013647516258060932, -0.8445323705673218, 0.7783312797546387, -0.3803764283657074, -0.4995138347148895], "cam_t_m2c": [-18.26251792907715, -74.89716339111328, 687.482177734375], "obj_id": 0}, {"cam_R_m2c": [-0.32805728912353516, -0.9247310161590576, 0.19300484657287598, -0.5353304743766785, 0.013647516258060932, -0.8445323705673218, 0.7783312797546387, -0.3803764283657074, -0.4995138347148895], "cam_t_m2c": [-18.26251792907715, -74.89716339111328, 687.482177734375], "obj_id": 0}, {"cam_R_m2c": [-0.32805728912353516, -0.9247310161590576, 0.19300484657287598, -0.5353304743766785, 0.013647516258060932, -0.8445323705673218, 0.7783312797546387, -0.3803764283657074, -0.4995138347148895], "cam_t_m2c": [-18.26251792907715, -74.89716339111328, 687.482177734375], "obj_id": 1}, {"cam_R_m2c": [-0.32805728912353516, -0.9247310161590576, 0.19300484657287598, -0.5353304743766785, 0.013647516258060932, -0.8445323705673218, 0.7783312797546387, -0.3803764283657074, -0.4995138347148895], "cam_t_m2c": [-18.26251792907715, -74.89716339111328, 687.482177734375], "obj_id": 1}, {"cam_R_m2c": [-0.32805728912353516, -0.9247310161590576, 0.19300484657287598, -0.5353304743766785, 0.013647516258060932, -0.8445323705673218, 0.7783312797546387, -0.3803764283657074, -0.4995138347148895], "cam_t_m2c": [-18.26251792907715, -74.89716339111328, 687.482177734375], "obj_id": 2}, {"cam_R_m2c": [-0.32805728912353516, -0.9247310161590576, 0.19300484657287598, -0.5353304743766785, 0.013647516258060932, -0.8445323705673218, 0.7783312797546387, -0.3803764283657074, -0.4995138347148895], "cam_t_m2c": [-18.26251792907715, -74.89716339111328, 687.482177734375], "obj_id": 3}, {"cam_R_m2c": [-0.32805728912353516, -0.9247310161590576, 0.19300484657287598, -0.5353304743766785, 0.013647516258060932, -0.8445323705673218, 0.7783312797546387, -0.3803764283657074, -0.4995138347148895], "cam_t_m2c": [-18.26251792907715, -74.89716339111328, 687.482177734375], "obj_id": 3}, {"cam_R_m2c": [-0.32805728912353516, -0.9247310161590576, 0.19300484657287598, -0.5353304743766785, 0.013647516258060932, -0.8445323705673218, 0.7783312797546387, -0.3803764283657074, -0.4995138347148895], "cam_t_m2c": [-18.26251792907715, -74.89716339111328, 687.482177734375], "obj_id": 1}, {"cam_R_m2c": [-0.32805728912353516, -0.9247310161590576, 0.19300484657287598, -0.5353304743766785, 0.013647516258060932, -0.8445323705673218, 0.7783312797546387, -0.3803764283657074, -0.4995138347148895], "cam_t_m2c": [-18.26251792907715, -74.89716339111328, 687.482177734375], "obj_id": 2}, {"cam_R_m2c": [-0.8779345154762268, -0.015177040360867977, 0.47854024171829224, 0.4778669476509094, -0.08950337767601013, 0.8738606572151184, 0.02956833317875862, 0.9958708882331848, 0.08583064377307892], "cam_t_m2c": [-40.23588180541992, -93.02119445800781, 656.1939086914062], "obj_id": 1}, {"cam_R_m2c": [-0.7219638824462891, 0.5035977363586426, -0.47450754046440125, 0.12891653180122375, 0.7716654539108276, 0.6228265762329102, 0.6798151135444641, 0.38848641514778137, -0.6220366358757019], "cam_t_m2c": [22.865461349487305, -8.323851585388184, 531.6953735351562], "obj_id": 3}, {"cam_R_m2c": [-0.872776985168457, 0.47527915239334106, 0.11122012883424759, 0.4879007637500763, 0.8426253199577332, 0.22789351642131805, 0.014596149325370789, 0.2531646192073822, -0.9673130512237549], "cam_t_m2c": [-81.79792022705078, -97.75668334960938, 657.6676025390625], "obj_id": 4}],
  "2": [{"cam_R_m2c": [-0.32805728912353516, -0.9247310161590576, 0.19300484657287598, -0.5353304743766785, 0.013647516258060932, -0.8445323705673218, 0.7783312797546387, -0.3803764283657074, -0.4995138347148895], "cam_t_m2c": [-18.26251792907715, -74.89716339111328, 687.482177734375], "obj_id": 1}, {"cam_R_m2c": [-0.32805728912353516, -0.9247310161590576, 0.19300484657287598, -0.5353304743766785, 0.013647516258060932, -0.8445323705673218, 0.7783312797546387, -0.3803764283657074, -0.4995138347148895], "cam_t_m2c": [-18.26251792907715, -74.89716339111328, 687.482177734375], "obj_id": 2}, {"cam_R_m2c": [-0.32805728912353516, -0.9247310161590576, 0.19300484657287598, -0.5353304743766785, 0.013647516258060932, -0.8445323705673218, 0.7783312797546387, -0.3803764283657074, -0.4995138347148895], "cam_t_m2c": [-18.26251792907715, -74.89716339111328, 687.482177734375], "obj_id": 0}, {"cam_R_m2c": [-0.32805728912353516, -0.9247310161590576, 0.19300484657287598, -0.5353304743766785, 0.013647516258060932, -0.8445323705673218, 0.7783312797546387, -0.3803764283657074, -0.4995138347148895], "cam_t_m2c": [-18.26251792907715, -74.89716339111328, 687.482177734375], "obj_id": 0}, {"cam_R_m2c": [-0.32805728912353516, -0.9247310161590576, 0.19300484657287598, -0.5353304743766785, 0.013647516258060932, -0.8445323705673218, 0.7783312797546387, -0.3803764283657074, -0.4995138347148895], "cam_t_m2c": [-18.26251792907715, -74.89716339111328, 687.482177734375], "obj_id": 0}, {"cam_R_m2c": [-0.32805728912353516, -0.9247310161590576, 0.19300484657287598, -0.5353304743766785, 0.013647516258060932, -0.8445323705673218, 0.7783312797546387, -0.3803764283657074, -0.4995138347148895], "cam_t_m2c": [-18.26251792907715, -74.89716339111328, 687.482177734375], "obj_id": 1}, {"cam_R_m2c": [-0.32805728912353516, -0.9247310161590576, 0.19300484657287598, -0.5353304743766785, 0.013647516258060932, -0.8445323705673218, 0.7783312797546387, -0.3803764283657074, -0.4995138347148895], "cam_t_m2c": [-18.26251792907715, -74.89716339111328, 687.482177734375], "obj_id": 1}, {"cam_R_m2c": [-0.32805728912353516, -0.9247310161590576, 0.19300484657287598, -0.5353304743766785, 0.013647516258060932, -0.8445323705673218, 0.7783312797546387, -0.3803764283657074, -0.4995138347148895], "cam_t_m2c": [-18.26251792907715, -74.89716339111328, 687.482177734375], "obj_id": 2}, {"cam_R_m2c": [-0.32805728912353516, -0.9247310161590576, 0.19300484657287598, -0.5353304743766785, 0.013647516258060932, -0.8445323705673218, 0.7783312797546387, -0.3803764283657074, -0.4995138347148895], "cam_t_m2c": [-18.26251792907715, -74.89716339111328, 687.482177734375], "obj_id": 3}, {"cam_R_m2c": [-0.32805728912353516, -0.9247310161590576, 0.19300484657287598, -0.5353304743766785, 0.013647516258060932, -0.8445323705673218, 0.7783312797546387, -0.3803764283657074, -0.4995138347148895], "cam_t_m2c": [-18.26251792907715, -74.89716339111328, 687.482177734375], "obj_id": 3}, {"cam_R_m2c": [-0.32805728912353516, -0.9247310161590576, 0.19300484657287598, -0.5353304743766785, 0.013647516258060932, -0.8445323705673218, 0.7783312797546387, -0.3803764283657074, -0.4995138347148895], "cam_t_m2c": [-18.26251792907715, -74.89716339111328, 687.482177734375], "obj_id": 1}, {"cam_R_m2c": [-0.32805728912353516, -0.9247310161590576, 0.19300484657287598, -0.5353304743766785, 0.013647516258060932, -0.8445323705673218, 0.7783312797546387, -0.3803764283657074, -0.4995138347148895], "cam_t_m2c": [-18.26251792907715, -74.89716339111328, 687.482177734375], "obj_id": 2}, {"cam_R_m2c": [-0.8779345154762268, -0.015177040360867977, 0.47854024171829224, 0.4778669476509094, -0.08950337767601013, 0.8738606572151184, 0.02956833317875862, 0.9958708882331848, 0.08583064377307892], "cam_t_m2c": [-40.23588180541992, -93.02119445800781, 656.1939086914062], "obj_id": 1}, {"cam_R_m2c": [-0.7219638824462891, 0.5035977363586426, -0.47450754046440125, 0.12891653180122375, 0.7716654539108276, 0.6228265762329102, 0.6798151135444641, 0.38848641514778137, -0.6220366358757019], "cam_t_m2c": [22.865461349487305, -8.323851585388184, 531.6953735351562], "obj_id": 3}, {"cam_R_m2c": [-0.872776985168457, 0.47527915239334106, 0.11122012883424759, 0.4879007637500763, 0.8426253199577332, 0.22789351642131805, 0.014596149325370789, 0.2531646192073822, -0.9673130512237549], "cam_t_m2c": [-81.79792022705078, -97.75668334960938, 657.6676025390625], "obj_id": 4}],
  "3": [{"cam_R_m2c": [0.4629671573638916, 0.8857895135879517, 0.032224126160144806, 0.35341331362724304, -0.15113086998462677, -0.923178493976593, -0.8128717541694641, 0.4387897551059723, -0.383018434047699], "cam_t_m2c": [39.675716400146484, 63.25745391845703, 389.29168701171875], "obj_id": 1}, {"cam_R_m2c": [0.4629671573638916, 0.8857895135879517, 0.032224126160144806, 0.35341331362724304, -0.15113086998462677, -0.923178493976593, -0.8128717541694641, 0.4387897551059723, -0.383018434047699], "cam_t_m2c": [39.675716400146484, 63.25745391845703, 389.29168701171875], "obj_id": 2}, {"cam_R_m2c": [0.4629671573638916, 0.8857895135879517, 0.032224126160144806, 0.35341331362724304, -0.15113086998462677, -0.923178493976593, -0.8128717541694641, 0.4387897551059723, -0.383018434047699], "cam_t_m2c": [39.675716400146484, 63.25745391845703, 389.29168701171875], "obj_id": 0}, {"cam_R_m2c": [0.4629671573638916, 0.8857895135879517, 0.032224126160144806, 0.35341331362724304, -0.15113086998462677, -0.923178493976593, -0.8128717541694641, 0.4387897551059723, -0.383018434047699], "cam_t_m2c": [39.675716400146484, 63.25745391845703, 389.29168701171875], "obj_id": 0}, {"cam_R_m2c": [0.4629671573638916, 0.8857895135879517, 0.032224126160144806, 0.35341331362724304, -0.15113086998462677, -0.923178493976593, -0.8128717541694641, 0.4387897551059723, -0.383018434047699], "cam_t_m2c": [39.675716400146484, 63.25745391845703, 389.29168701171875], "obj_id": 0}, {"cam_R_m2c": [0.4629671573638916, 0.8857895135879517, 0.032224126160144806, 0.35341331362724304, -0.15113086998462677, -0.923178493976593, -0.8128717541694641, 0.4387897551059723, -0.383018434047699], "cam_t_m2c": [39.675716400146484, 63.25745391845703, 389.29168701171875], "obj_id": 1}, {"cam_R_m2c": [0.4629671573638916, 0.8857895135879517, 0.032224126160144806, 0.35341331362724304, -0.15113086998462677, -0.923178493976593, -0.8128717541694641, 0.4387897551059723, -0.383018434047699], "cam_t_m2c": [39.675716400146484, 63.25745391845703, 389.29168701171875], "obj_id": 1}, {"cam_R_m2c": [0.4629671573638916, 0.8857895135879517, 0.032224126160144806, 0.35341331362724304, -0.15113086998462677, -0.923178493976593, -0.8128717541694641, 0.4387897551059723, -0.383018434047699], "cam_t_m2c": [39.675716400146484, 63.25745391845703, 389.29168701171875], "obj_id": 2}, {"cam_R_m2c": [0.4629671573638916, 0.8857895135879517, 0.032224126160144806, 0.35341331362724304, -0.15113086998462677, -0.923178493976593, -0.8128717541694641, 0.4387897551059723, -0.383018434047699], "cam_t_m2c": [39.675716400146484, 63.25745391845703, 389.29168701171875], "obj_id": 3}, {"cam_R_m2c": [0.4629671573638916, 0.8857895135879517, 0.032224126160144806, 0.35341331362724304, -0.15113086998462677, -0.923178493976593, -0.8128717541694641, 0.4387897551059723, -0.383018434047699], "cam_t_m2c": [39.675716400146484, 63.25745391845703, 389.29168701171875], "obj_id": 3}, {"cam_R_m2c": [0.4629671573638916, 0.8857895135879517, 0.032224126160144806, 0.35341331362724304, -0.15113086998462677, -0.923178493976593, -0.8128717541694641, 0.4387897551059723, -0.383018434047699], "cam_t_m2c": [39.675716400146484, 63.25745391845703, 389.29168701171875], "obj_id": 1}, {"cam_R_m2c": [0.4629671573638916, 0.8857895135879517, 0.032224126160144806, 0.35341331362724304, -0.15113086998462677, -0.923178493976593, -0.8128717541694641, 0.4387897551059723, -0.383018434047699], "cam_t_m2c": [39.675716400146484, 63.25745391845703, 389.29168701171875], "obj_id": 2}, {"cam_R_m2c": [0.7215647101402283, 0.04546044021844864, -0.6908528208732605, 0.44016480445861816, 0.7401015758514404, 0.50843346118927, 0.5344148874282837, -0.6709567904472351, 0.514021098613739], "cam_t_m2c": [65.41234588623047, 31.15166664123535, 399.1460876464844], "obj_id": 1}, {"cam_R_m2c": [0.6676045060157776, -0.6859409213066101, 0.28946366906166077, 0.7268674969673157, 0.6846519112586975, -0.05399393290281296, -0.1611451953649521, 0.2464483380317688, 0.9556649327278137], "cam_t_m2c": [-18.64923667907715, -27.567459106445312, 526.193359375], "obj_id": 3}, {"cam_R_m2c": [0.7138410210609436, -0.6782692670822144, -0.17430377006530762, 0.4333890676498413, 0.6233710050582886, -0.6508321166038513, 0.5500953793525696, 0.3890492916107178, 0.7389422655105591], "cam_t_m2c": [106.76651763916016, 35.950599670410156, 403.4823303222656], "obj_id": 4}],
  "4": [{"cam_R_m2c": [0.4629671573638916, 0.8857895135879517, 0.032224126160144806, 0.35341331362724304, -0.15113086998462677, -0.923178493976593, -0.8128717541694641, 0.4387897551059723, -0.383018434047699], "cam_t_m2c": [39.675716400146484, 63.25745391845703, 389.29168701171875], "obj_id": 1}, {"cam_R_m2c": [0.4629671573638916, 0.8857895135879517, 0.032224126160144806, 0.35341331362724304, -0.15113086998462677, -0.923178493976593, -0.8128717541694641, 0.4387897551059723, -0.383018434047699], "cam_t_m2c": [39.675716400146484, 63.25745391845703, 389.29168701171875], "obj_id": 2}, {"cam_R_m2c": [0.4629671573638916, 0.8857895135879517, 0.032224126160144806, 0.35341331362724304, -0.15113086998462677, -0.923178493976593, -0.8128717541694641, 0.4387897551059723, -0.383018434047699], "cam_t_m2c": [39.675716400146484, 63.25745391845703, 389.29168701171875], "obj_id": 0}, {"cam_R_m2c": [0.4629671573638916, 0.8857895135879517, 0.032224126160144806, 0.35341331362724304, -0.15113086998462677, -0.923178493976593, -0.8128717541694641, 0.4387897551059723, -0.383018434047699], "cam_t_m2c": [39.675716400146484, 63.25745391845703, 389.29168701171875], "obj_id": 0}, {"cam_R_m2c": [0.4629671573638916, 0.8857895135879517, 0.032224126160144806, 0.35341331362724304, -0.15113086998462677, -0.923178493976593, -0.8128717541694641, 0.4387897551059723, -0.383018434047699], "cam_t_m2c": [39.675716400146484, 63.25745391845703, 389.29168701171875], "obj_id": 0}, {"cam_R_m2c": [0.4629671573638916, 0.8857895135879517, 0.032224126160144806, 0.35341331362724304, -0.15113086998462677, -0.923178493976593, -0.8128717541694641, 0.4387897551059723, -0.383018434047699], "cam_t_m2c": [39.675716400146484, 63.25745391845703, 389.29168701171875], "obj_id": 1}, {"cam_R_m2c": [0.4629671573638916, 0.8857895135879517, 0.032224126160144806, 0.35341331362724304, -0.15113086998462677, -0.923178493976593, -0.8128717541694641, 0.4387897551059723, -0.383018434047699], "cam_t_m2c": [39.675716400146484, 63.25745391845703, 389.29168701171875], "obj_id": 1}, {"cam_R_m2c": [0.4629671573638916, 0.8857895135879517, 0.032224126160144806, 0.35341331362724304, -0.15113086998462677, -0.923178493976593, -0.8128717541694641, 0.4387897551059723, -0.383018434047699], "cam_t_m2c": [39.675716400146484, 63.25745391845703, 389.29168701171875], "obj_id": 2}, {"cam_R_m2c": [0.4629671573638916, 0.8857895135879517, 0.032224126160144806, 0.35341331362724304, -0.15113086998462677, -0.923178493976593, -0.8128717541694641, 0.4387897551059723, -0.383018434047699], "cam_t_m2c": [39.675716400146484, 63.25745391845703, 389.29168701171875], "obj_id": 3}, {"cam_R_m2c": [0.4629671573638916, 0.8857895135879517, 0.032224126160144806, 0.35341331362724304, -0.15113086998462677, -0.923178493976593, -0.8128717541694641, 0.4387897551059723, -0.383018434047699], "cam_t_m2c": [39.675716400146484, 63.25745391845703, 389.29168701171875], "obj_id": 3}, {"cam_R_m2c": [0.4629671573638916, 0.8857895135879517, 0.032224126160144806, 0.35341331362724304, -0.15113086998462677, -0.923178493976593, -0.8128717541694641, 0.4387897551059723, -0.383018434047699], "cam_t_m2c": [39.675716400146484, 63.25745391845703, 389.29168701171875], "obj_id": 1}, {"cam_R_m2c": [0.4629671573638916, 0.8857895135879517, 0.032224126160144806, 0.35341331362724304, -0.15113086998462677, -0.923178493976593, -0.8128717541694641, 0.4387897551059723, -0.383018434047699], "cam_t_m2c": [39.675716400146484, 63.25745391845703, 389.29168701171875], "obj_id": 2}, {"cam_R_m2c": [0.7215647101402283, 0.04546044021844864, -0.6908528208732605, 0.44016480445861816, 0.7401015758514404, 0.50843346118927, 0.5344148874282837, -0.6709567904472351, 0.514021098613739], "cam_t_m2c": [65.41234588623047, 31.15166664123535, 399.1460876464844], "obj_id": 1}, {"cam_R_m2c": [0.6676045060157776, -0.6859409213066101, 0.28946366906166077, 0.7268674969673157, 0.6846519112586975, -0.05399393290281296, -0.1611451953649521, 0.2464483380317688, 0.9556649327278137], "cam_t_m2c": [-18.64923667907715, -27.567459106445312, 526.193359375], "obj_id": 3}, {"cam_R_m2c": [0.7138410210609436, -0.6782692670822144, -0.17430377006530762, 0.4333890676498413, 0.6233710050582886, -0.6508321166038513, 0.5500953793525696, 0.3890492916107178, 0.7389422655105591], "cam_t_m2c": [106.76651763916016, 35.950599670410156, 403.4823303222656], "obj_id": 4}],
  "5": [{"cam_R_m2c": [0.7355133295059204, -0.6437297463417053, -0.21126320958137512, -0.5432208776473999, -0.3739762306213379, -0.7516999840736389, 0.4048842191696167, 0.6676479578018188, -0.6247519254684448], "cam_t_m2c": [135.61106872558594, -65.52263641357422, 583.3303833007812], "obj_id": 1}, {"cam_R_m2c": [0.7355133295059204, -0.6437297463417053, -0.21126320958137512, -0.5432208776473999, -0.3739762306213379, -0.7516999840736389, 0.4048842191696167, 0.6676479578018188, -0.6247519254684448], "cam_t_m2c": [135.61106872558594, -65.52263641357422, 583.3303833007812], "obj_id": 2}, {"cam_R_m2c": [0.7355133295059204, -0.6437297463417053, -0.21126320958137512, -0.5432208776473999, -0.3739762306213379, -0.7516999840736389, 0.4048842191696167, 0.6676479578018188, -0.6247519254684448], "cam_t_m2c": [135.61106872558594, -65.52263641357422, 583.3303833007812], "obj_id": 0}, {"cam_R_m2c": [0.7355133295059204, -0.6437297463417053, -0.21126320958137512, -0.5432208776473999, -0.3739762306213379, -0.7516999840736389, 0.4048842191696167, 0.6676479578018188, -0.6247519254684448], "cam_t_m2c": [135.61106872558594, -65.52263641357422, 583.3303833007812], "obj_id": 0}, {"cam_R_m2c": [0.7355133295059204, -0.6437297463417053, -0.21126320958137512, -0.5432208776473999, -0.3739762306213379, -0.7516999840736389, 0.4048842191696167, 0.6676479578018188, -0.6247519254684448], "cam_t_m2c": [135.61106872558594, -65.52263641357422, 583.3303833007812], "obj_id": 0}, {"cam_R_m2c": [0.7355133295059204, -0.6437297463417053, -0.21126320958137512, -0.5432208776473999, -0.3739762306213379, -0.7516999840736389, 0.4048842191696167, 0.6676479578018188, -0.6247519254684448], "cam_t_m2c": [135.61106872558594, -65.52263641357422, 583.3303833007812], "obj_id": 1}, {"cam_R_m2c": [0.7355133295059204, -0.6437297463417053, -0.21126320958137512, -0.5432208776473999, -0.3739762306213379, -0.7516999840736389, 0.4048842191696167, 0.6676479578018188, -0.6247519254684448], "cam_t_m2c": [135.61106872558594, -65.52263641357422, 583.3303833007812], "obj_id": 1}, {"cam_R_m2c": [0.7355133295059204, -0.6437297463417053, -0.21126320958137512, -0.5432208776473999, -0.3739762306213379, -0.7516999840736389, 0.4048842191696167, 0.6676479578018188, -0.6247519254684448], "cam_t_m2c": [135.61106872558594, -65.52263641357422, 583.3303833007812], "obj_id": 2}, {"cam_R_m2c": [0.7355133295059204, -0.6437297463417053, -0.21126320958137512, -0.5432208776473999, -0.3739762306213379, -0.7516999840736389, 0.4048842191696167, 0.6676479578018188, -0.6247519254684448], "cam_t_m2c": [135.61106872558594, -65.52263641357422, 583.3303833007812], "obj_id": 3}, {"cam_R_m2c": [0.7355133295059204, -0.6437297463417053, -0.21126320958137512, -0.5432208776473999, -0.3739762306213379, -0.7516999840736389, 0.4048842191696167, 0.6676479578018188, -0.6247519254684448], "cam_t_m2c": [135.61106872558594, -65.52263641357422, 583.3303833007812], "obj_id": 3}, {"cam_R_m2c": [0.7355133295059204, -0.6437297463417053, -0.21126320958137512, -0.5432208776473999, -0.3739762306213379, -0.7516999840736389, 0.4048842191696167, 0.6676479578018188, -0.6247519254684448], "cam_t_m2c": [135.61106872558594, -65.52263641357422, 583.3303833007812], "obj_id": 1}, {"cam_R_m2c": [0.7355133295059204, -0.6437297463417053, -0.21126320958137512, -0.5432208776473999, -0.3739762306213379, -0.7516999840736389, 0.4048842191696167, 0.6676479578018188, -0.6247519254684448], "cam_t_m2c": [135.61106872558594, -65.52263641357422, 583.3303833007812], "obj_id": 2}, {"cam_R_m2c": [-0.3547859787940979, 0.9343559741973877, 0.033253785222768784, 0.11000346392393112, 0.006396266631782055, 0.9939106106758118, 0.9284536242485046, 0.356283575296402, -0.10505170375108719], "cam_t_m2c": [103.91577911376953, -93.50350189208984, 584.987060546875], "obj_id": 1}, {"cam_R_m2c": [0.3723566234111786, 0.34331440925598145, -0.8622561693191528, -0.09038323909044266, 0.9380634427070618, 0.3344665765762329, 0.9236781597137451, -0.04660731926560402, 0.38032400608062744], "cam_t_m2c": [-10.196510314941406, -3.4429757595062256, 510.671630859375], "obj_id": 3}, {"cam_R_m2c": [-0.36923667788505554, 0.19365863502025604, -0.9089337587356567, 0.11977311223745346, 0.9798067808151245, 0.160103440284729, 0.9215849041938782, -0.049749769270420074, -0.38497570157051086], "cam_t_m2c": [93.31937408447266, -113.47286224365234, 620.2139892578125], "obj_id": 4}],
  "6": [{"cam_R_m2c": [0.7355133295059204, -0.6437297463417053, -0.21126320958137512, -0.5432208776473999, -0.3739762306213379, -0.7516999840736389, 0.4048842191696167, 0.6676479578018188, -0.6247519254684448], "cam_t_m2c": [135.61106872558594, -65.52263641357422, 583.3303833007812], "obj_id": 1}, {"cam_R_m2c": [0.7355133295059204, -0.6437297463417053, -0.21126320958137512, -0.5432208776473999, -0.3739762306213379, -0.7516999840736389, 0.4048842191696167, 0.6676479578018188, -0.6247519254684448], "cam_t_m2c": [135.61106872558594, -65.52263641357422, 583.3303833007812], "obj_id": 2}, {"cam_R_m2c": [0.7355133295059204, -0.6437297463417053, -0.21126320958137512, -0.5432208776473999, -0.3739762306213379, -0.7516999840736389, 0.4048842191696167, 0.6676479578018188, -0.6247519254684448], "cam_t_m2c": [135.61106872558594, -65.52263641357422, 583.3303833007812], "obj_id": 0}, {"cam_R_m2c": [0.7355133295059204, -0.6437297463417053, -0.21126320958137512, -0.5432208776473999, -0.3739762306213379, -0.7516999840736389, 0.4048842191696167, 0.6676479578018188, -0.6247519254684448], "cam_t_m2c": [135.61106872558594, -65.52263641357422, 583.3303833007812], "obj_id": 0}, {"cam_R_m2c": [0.7355133295059204, -0.6437297463417053, -0.21126320958137512, -0.5432208776473999, -0.3739762306213379, -0.7516999840736389, 0.4048842191696167, 0.6676479578018188, -0.6247519254684448], "cam_t_m2c": [135.61106872558594, -65.52263641357422, 583.3303833007812], "obj_id": 0}, {"cam_R_m2c": [0.7355133295059204, -0.6437297463417053, -0.21126320958137512, -0.5432208776473999, -0.3739762306213379, -0.7516999840736389, 0.4048842191696167, 0.6676479578018188, -0.6247519254684448], "cam_t_m2c": [135.61106872558594, -65.52263641357422, 583.3303833007812], "obj_id": 1}, {"cam_R_m2c": [0.7355133295059204, -0.6437297463417053, -0.21126320958137512, -0.5432208776473999, -0.3739762306213379, -0.7516999840736389, 0.4048842191696167, 0.6676479578018188, -0.6247519254684448], "cam_t_m2c": [135.61106872558594, -65.52263641357422, 583.3303833007812], "obj_id": 1}, {"cam_R_m2c": [0.7355133295059204, -0.6437297463417053, -0.21126320958137512, -0.5432208776473999, -0.3739762306213379, -0.7516999840736389, 0.4048842191696167, 0.6676479578018188, -0.6247519254684448], "cam_t_m2c": [135.61106872558594, -65.52263641357422, 583.3303833007812], "obj_id": 2}, {"cam_R_m2c": [0.7355133295059204, -0.6437297463417053, -0.21126320958137512, -0.5432208776473999, -0.3739762306213379, -0.7516999840736389, 0.4048842191696167, 0.6676479578018188, -0.6247519254684448], "cam_t_m2c": [135.61106872558594, -65.52263641357422, 583.3303833007812], "obj_id": 3}, {"cam_R_m2c": [0.7355133295059204, -0.6437297463417053, -0.21126320958137512, -0.5432208776473999, -0.3739762306213379, -0.7516999840736389, 0.4048842191696167, 0.6676479578018188, -0.6247519254684448], "cam_t_m2c": [135.61106872558594, -65.52263641357422, 583.3303833007812], "obj_id": 3}, {"cam_R_m2c": [0.7355133295059204, -0.6437297463417053, -0.21126320958137512, -0.5432208776473999, -0.3739762306213379, -0.7516999840736389, 0.4048842191696167, 0.6676479578018188, -0.6247519254684448], "cam_t_m2c": [135.61106872558594, -65.52263641357422, 583.3303833007812], "obj_id": 1}, {"cam_R_m2c": [0.7355133295059204, -0.6437297463417053, -0.21126320958137512, -0.5432208776473999, -0.3739762306213379, -0.7516999840736389, 0.4048842191696167, 0.6676479578018188, -0.6247519254684448], "cam_t_m2c": [135.61106872558594, -65.52263641357422, 583.3303833007812], "obj_id": 2}, {"cam_R_m2c": [-0.3547859787940979, 0.9343559741973877, 0.033253785222768784, 0.11000346392393112, 0.006396266631782055, 0.9939106106758118, 0.9284536242485046, 0.356283575296402, -0.10505170375108719], "cam_t_m2c": [103.91577911376953, -93.50350189208984, 584.987060546875], "obj_id": 1}, {"cam_R_m2c": [0.3723566234111786, 0.34331440925598145, -0.8622561693191528, -0.09038323909044266, 0.9380634427070618, 0.3344665765762329, 0.9236781597137451, -0.04660731926560402, 0.38032400608062744], "cam_t_m2c": [-10.196510314941406, -3.4429757595062256, 510.671630859375], "obj_id": 3}, {"cam_R_m2c": [-0.36923667788505554, 0.19365863502025604, -0.9089337587356567, 0.11977311223745346, 0.9798067808151245, 0.160103440284729, 0.9215849041938782, -0.049749769270420074, -0.38497570157051086], "cam_t_m2c": [93.31937408447266, -113.47286224365234, 620.2139892578125], "obj_id": 4}],
  "7": [{"cam_R_m2c": [0.4252861738204956, -0.9001476168632507, 0.0941586121916771, -0.35384899377822876, -0.26112601161003113, -0.8981113433837891, 0.8330200910568237, 0.3486363887786865, -0.4295696020126343], "cam_t_m2c": [46.787166595458984, 19.31467056274414, 501.7790832519531], "obj_id": 1}, {"cam_R_m2c": [0.4252861738204956, -0.9001476168632507, 0.0941586121916771, -0.35384899377822876, -0.26112601161003113, -0.8981113433837891, 0.8330200910568237, 0.3486363887786865, -0.4295696020126343], "cam_t_m2c": [46.787166595458984, 19.31467056274414, 501.7790832519531], "obj_id": 2}, {"cam_R_m2c": [0.4252861738204956, -0.9001476168632507, 0.0941586121916771, -0.35384899377822876, -0.26112601161003113, -0.8981113433837891, 0.8330200910568237, 0.3486363887786865, -0.4295696020126343], "cam_t_m2c": [46.787166595458984, 19.31467056274414, 501.7790832519531], "obj_id": 0}, {"cam_R_m2c": [0.4252861738204956, -0.9001476168632507, 0.0941586121916771, -0.35384899377822876, -0.26112601161003113, -0.8981113433837891, 0.8330200910568237, 0.3486363887786865, -0.4295696020126343], "cam_t_m2c": [46.787166595458984, 19.31467056274414, 501.7790832519531], "obj_id": 0}, {"cam_R_m2c": [0.4252861738204956, -0.9001476168632507, 0.0941586121916771, -0.35384899377822876, -0.26112601161003113, -0.8981113433837891, 0.8330200910568237, 0.3486363887786865, -0.4295696020126343], "cam_t_m2c": [46.787166595458984, 19.31467056274414, 501.7790832519531], "obj_id": 0}, {"cam_R_m2c": [0.4252861738204956, -0.9001476168632507, 0.0941586121916771, -0.35384899377822876, -0.26112601161003113, -0.8981113433837891, 0.8330200910568237, 0.3486363887786865, -0.4295696020126343], "cam_t_m2c": [46.787166595458984, 19.31467056274414, 501.7790832519531], "obj_id": 1}, {"cam_R_m2c": [0.4252861738204956, -0.9001476168632507, 0.0941586121916771, -0.35384899377822876, -0.26112601161003113, -0.8981113433837891, 0.8330200910568237, 0.3486363887786865, -0.4295696020126343], "cam_t_m2c": [46.787166595458984, 19.31467056274414, 501.7790832519531], "obj_id": 1}, {"cam_R_m2c": [0.4252861738204956, -0.9001476168632507, 0.0941586121916771, -0.35384899377822876, -0.26112601161003113, -0.8981113433837891, 0.8330200910568237, 0.3486363887786865, -0.4295696020126343], "cam_t_m2c": [46.787166595458984, 19.31467056274414, 501.7790832519531], "obj_id": 2}, {"cam_R_m2c": [0.4252861738204956, -0.9001476168632507, 0.0941586121916771, -0.35384899377822876, -0.26112601161003113, -0.8981113433837891, 0.8330200910568237, 0.3486363887786865, -0.4295696020126343], "cam_t_m2c": [46.787166595458984, 19.31467056274414, 501.7790832519531], "obj_id": 3}, {"cam_R_m2c": [0.4252861738204956, -0.9001476168632507, 0.0941586121916771, -0.35384899377822876, -0.26112601161003113, -0.8981113433837891, 0.8330200910568237, 0.3486363887786865, -0.4295696020126343], "cam_t_m2c": [46.787166595458984, 19.31467056274414, 501.7790832519531], "obj_id": 3}, {"cam_R_m2c": [0.4252861738204956, -0.9001476168632507, 0.0941586121916771, -0.35384899377822876, -0.26112601161003113, -0.8981113433837891, 0.8330200910568237, 0.3486363887786865, -0.4295696020126343], "cam_t_m2c": [46.787166595458984, 19.31467056274414, 501.7790832519531], "obj_id": 1}, {"cam_R_m2c": [0.4252861738204956, -0.9001476168632507, 0.0941586121916771, -0.35384899377822876, -0.26112601161003113, -0.8981113433837891, 0.8330200910568237, 0.3486363887786865, -0.4295696020126343], "cam_t_m2c": [46.787166595458984, 19.31467056274414, 501.7790832519531], "obj_id": 2}, {"cam_R_m2c": [-0.758399486541748, 0.64159095287323, 0.11485264450311661, 0.2976023852825165, 0.18409031629562378, 0.9367729425430298, 0.5798817873001099, 0.7446286082267761, -0.33055293560028076], "cam_t_m2c": [17.35497283935547, -10.375602722167969, 495.2599792480469], "obj_id": 1}, {"cam_R_m2c": [-0.12871813774108887, 0.3548944294452667, -0.9260029196739197, 0.17401835322380066, 0.9273651838302612, 0.33122721314430237, 0.9762935638427734, -0.1185065433382988, -0.18112684786319733], "cam_t_m2c": [-42.81816101074219, 47.30218505859375, 354.8756103515625], "obj_id": 3}, {"cam_R_m2c": [-0.7673160433769226, 0.22732655704021454, -0.5996236801147461, 0.30394741892814636, 0.9522793889045715, -0.027926424518227577, 0.564660906791687, -0.20368246734142303, -0.799794614315033], "cam_t_m2c": [-9.761731147766113, -22.10224151611328, 524.9108276367188], "obj_id": 4}],
  "8": [{"cam_R_m2c": [0.4252861738204956, -0.9001476168632507, 0.0941586121916771, -0.35384899377822876, -0.26112601161003113, -0.8981113433837891, 0.8330200910568237, 0.3486363887786865, -0.4295696020126343], "cam_t_m2c": [46.787166595458984, 19.31467056274414, 501.7790832519531], "obj_id": 1}, {"cam_R_m2c": [0.4252861738204956, -0.9001476168632507, 0.0941586121916771, -0.35384899377822876, -0.26112601161003113, -0.8981113433837891, 0.8330200910568237, 0.3486363887786865, -0.4295696020126343], "cam_t_m2c": [46.787166595458984, 19.31467056274414, 501.7790832519531], "obj_id": 2}, {"cam_R_m2c": [0.4252861738204956, -0.9001476168632507, 0.0941586121916771, -0.35384899377822876, -0.26112601161003113, -0.8981113433837891, 0.8330200910568237, 0.3486363887786865, -0.4295696020126343], "cam_t_m2c": [46.787166595458984, 19.31467056274414, 501.7790832519531], "obj_id": 0}, {"cam_R_m2c": [0.4252861738204956, -0.9001476168632507, 0.0941586121916771, -0.35384899377822876, -0.26112601161003113, -0.8981113433837891, 0.8330200910568237, 0.3486363887786865, -0.4295696020126343], "cam_t_m2c": [46.787166595458984, 19.31467056274414, 501.7790832519531], "obj_id": 0}, {"cam_R_m2c": [0.4252861738204956, -0.9001476168632507, 0.0941586121916771, -0.35384899377822876, -0.26112601161003113, -0.8981113433837891, 0.8330200910568237, 0.3486363887786865, -0.4295696020126343], "cam_t_m2c": [46.787166595458984, 19.31467056274414, 501.7790832519531], "obj_id": 0}, {"cam_R_m2c": [0.4252861738204956, -0.9001476168632507, 0.0941586121916771, -0.35384899377822876, -0.26112601161003113, -0.8981113433837891, 0.8330200910568237, 0.3486363887786865, -0.4295696020126343], "cam_t_m2c": [46.787166595458984, 19.31467056274414, 501.7790832519531], "obj_id": 1}, {"cam_R_m2c": [0.4252861738204956, -0.9001476168632507, 0.0941586121916771, -0.35384899377822876, -0.26112601161003113, -0.8981113433837891, 0.8330200910568237, 0.3486363887786865, -0.4295696020126343], "cam_t_m2c": [46.787166595458984, 19.31467056274414, 501.7790832519531], "obj_id": 1}, {"cam_R_m2c": [0.4252861738204956, -0.9001476168632507, 0.0941586121916771, -0.35384899377822876, -0.26112601161003113, -0.8981113433837891, 0.8330200910568237, 0.3486363887786865, -0.4295696020126343], "cam_t_m2c": [46.787166595458984, 19.31467056274414, 501.7790832519531], "obj_id": 2}, {"cam_R_m2c": [0.4252861738204956, -0.9001476168632507, 0.0941586121916771, -0.35384899377822876, -0.26112601161003113, -0.8981113433837891, 0.8330200910568237, 0.3486363887786865, -0.4295696020126343], "cam_t_m2c": [46.787166595458984, 19.31467056274414, 501.7790832519531], "obj_id": 3}, {"cam_R_m2c": [0.4252861738204956, -0.9001476168632507, 0.0941586121916771, -0.35384899377822876, -0.26112601161003113, -0.8981113433837891, 0.8330200910568237, 0.3486363887786865, -0.4295696020126343], "cam_t_m2c": [46.787166595458984, 19.31467056274414, 501.7790832519531], "obj_id": 3}, {"cam_R_m2c": [0.4252861738204956, -0.9001476168632507, 0.0941586121916771, -0.35384899377822876, -0.26112601161003113, -0.8981113433837891, 0.8330200910568237, 0.3486363887786865, -0.4295696020126343], "cam_t_m2c": [46.787166595458984, 19.31467056274414, 501.7790832519531], "obj_id": 1}, {"cam_R_m2c": [0.4252861738204956, -0.9001476168632507, 0.0941586121916771, -0.35384899377822876, -0.26112601161003113, -0.8981113433837891, 0.8330200910568237, 0.3486363887786865, -0.4295696020126343], "cam_t_m2c": [46.787166595458984, 19.31467056274414, 501.7790832519531], "obj_id": 2}, {"cam_R_m2c": [-0.758399486541748, 0.64159095287323, 0.11485264450311661, 0.2976023852825165, 0.18409031629562378, 0.9367729425430298, 0.5798817873001099, 0.7446286082267761, -0.33055293560028076], "cam_t_m2c": [17.35497283935547, -10.375602722167969, 495.2599792480469], "obj_id": 1}, {"cam_R_m2c": [-0.12871813774108887, 0.3548944294452667, -0.9260029196739197, 0.17401835322380066, 0.9273651838302612, 0.33122721314430237, 0.9762935638427734, -0.1185065433382988, -0.18112684786319733], "cam_t_m2c": [-42.81816101074219, 47.30218505859375, 354.8756103515625], "obj_id": 3}, {"cam_R_m2c": [-0.7673160433769226, 0.22732655704021454, -0.5996236801147461, 0.30394741892814636, 0.9522793889045715, -0.027926424518227577, 0.564660906791687, -0.20368246734142303, -0.799794614315033], "cam_t_m2c": [-9.761731147766113, -22.10224151611328, 524.9108276367188], "obj_id": 4}],
