{
  "0": [{"cam_R_m2c": [0.1662617176771164, 0.04049430042505264, 0.9852497577667236, 0.9750683307647705, -0.15566474199295044, -0.15814557671546936, 0.14696477353572845, 0.9869794845581055, -0.06536570191383362], "cam_t_m2c": [361.5504455566406, 224.80885314941406, 1013.9176635742188], "obj_id": 3}, {"cam_R_m2c": [0.9317464232444763, -0.11601360887289047, 0.3440777361392975, -0.36309757828712463, -0.3054182231426239, 0.8802725672721863, 0.002964021870866418, -0.9451245665550232, -0.32669660449028015], "cam_t_m2c": [231.8096466064453, -9.01319694519043, 879.8163452148438], "obj_id": 3}, {"cam_R_m2c": [0.29985150694847107, -0.6631841063499451, -0.6857666969299316, 0.6399390697479248, 0.6729466319084167, -0.37097281217575073, 0.7075076699256897, -0.32761213183403015, 0.6261814832687378], "cam_t_m2c": [63.618167877197266, 107.88557434082031, 924.5821533203125], "obj_id": 3}, {"cam_R_m2c": [0.42945414781570435, -0.26681017875671387, 0.8627753853797913, -0.9025146961212158, -0.1608528345823288, 0.39949145913124084, 0.03219155967235565, -0.9502307772636414, -0.30987897515296936], "cam_t_m2c": [289.6246643066406, -20.20586585998535, 887.6842041015625], "obj_id": 3}, {"cam_R_m2c": [-0.8809880614280701, 0.4730309844017029, -0.010083702392876148, -0.028499307110905647, -0.07432758063077927, -0.9968265295028687, -0.4722793400287628, -0.8779049515724182, 0.0789627879858017], "cam_t_m2c": [409.89990234375, -29.908052444458008, 969.147705078125], "obj_id": 3}, {"cam_R_m2c": [-0.8880718350410461, 0.30282628536224365, -0.3458675444126129, 0.4206824004650116, 0.23200148344039917, -0.8770413398742676, -0.18534943461418152, -0.9243762493133545, -0.3334275484085083], "cam_t_m2c": [320.5899963378906, 145.16973876953125, 1160.014892578125], "obj_id": 3}, {"cam_R_m2c": [-0.13846944272518158, 0.9218747019767761, -0.3619021773338318, 0.37613046169281006, 0.38699471950531006, 0.8418794274330139, 0.9161615371704102, -0.019547821953892708, -0.4003320634365082], "cam_t_m2c": [266.98736572265625, 252.319580078125, 1164.7430419921875], "obj_id": 3}, {"cam_R_m2c": [0.001856172806583345, -0.620096743106842, -0.784523069858551, -0.216762974858284, 0.7656222581863403, -0.605670154094696, 0.9762224555015564, 0.17117975652217865, -0.13299287855625153], "cam_t_m2c": [363.4802551269531, 251.98773193359375, 1046.8463134765625], "obj_id": 3}, {"cam_R_m2c": [0.2556167244911194, 0.961581289768219, 0.10010700672864914, -0.9265609979629517, 0.21411141753196716, 0.30925866961479187, 0.2759433388710022, -0.1718069314956665, 0.9456942677497864], "cam_t_m2c": [254.8658905029297, -29.829803466796875, 811.2553100585938], "obj_id": 3}, {"cam_R_m2c": [0.3866100609302521, -0.900443971157074, -0.1993321180343628, -0.8994600772857666, -0.41589200496673584, 0.13418404757976532, -0.20372585952281952, 0.12741437554359436, -0.9707013964653015], "cam_t_m2c": [210.52626037597656, 22.176353454589844, 939.1094360351562], "obj_id": 3}, {"cam_R_m2c": [-0.8259834051132202, -0.006835335865616798, 0.5636530518531799, -0.5617622137069702, 0.09270390123128891, -0.822088360786438, -0.04663360118865967, -0.9956702589988708, -0.08041176944971085], "cam_t_m2c": [49.637943267822266, 141.9503936767578, 1142.671142578125], "obj_id": 3}, {"cam_R_m2c": [-0.33380261063575745, 0.7168005108833313, -0.6121869087219238, 0.7095975875854492, 0.618586003780365, 0.3373761475086212, 0.6205216646194458, -0.32178929448127747, -0.7151255011558533], "cam_t_m2c": [265.770751953125, 159.33546447753906, 1138.30126953125], "obj_id": 3}, {"cam_R_m2c": [0.9446424245834351, 0.11179722100496292, -0.3084673583507538, 0.09584816545248032, 0.8051171898841858, 0.5853199362754822, 0.3137894868850708, -0.5824840664863586, 0.749832272529602], "cam_t_m2c": [337.29901123046875, 331.6896667480469, 1154.08056640625], "obj_id": 3}, {"cam_R_m2c": [-0.35682225227355957, -0.3883318603038788, -0.849632978439331, -0.4700683057308197, 0.8606080412864685, -0.19593244791030884, 0.8072878122329712, 0.32947248220443726, -0.48962658643722534], "cam_t_m2c": [393.58038330078125, 354.94061279296875, 1104.7674560546875], "obj_id": 3}, {"cam_R_m2c": [0.2277473658323288, -0.971187174320221, -0.07018888741731644, 0.840193510055542, 0.1595722883939743, 0.5182773470878601, -0.4921441376209259, -0.1770085245370865, 0.8523274660110474], "cam_t_m2c": [143.55189514160156, 154.3058319091797, 1152.346435546875], "obj_id": 3}, {"cam_R_m2c": [0.7624800205230713, -0.5088226795196533, 0.39965441823005676, -0.6469686031341553, -0.5924601554870605, 0.48002344369888306, -0.007467502262443304, -0.6245721578598022, -0.7809313535690308], "cam_t_m2c": [238.80320739746094, 30.472421646118164, 1188.39990234375], "obj_id": 3}, {"cam_R_m2c": [0.9953309893608093, 0.09648029506206512, 0.002785802586004138, -0.09066750109195709, 0.924686849117279, 0.3697751462459564, 0.03310002014040947, -0.36830124258995056, 0.9291170835494995], "cam_t_m2c": [159.0840301513672, 136.67752075195312, 822.9541625976562], "obj_id": 3}, {"cam_R_m2c": [-0.2938624620437622, -0.5286456346511841, -0.7963533997535706, -0.9294480085372925, -0.03641847148537636, 0.3671514093875885, -0.22309494018554688, 0.8480610847473145, -0.48064664006233215], "cam_t_m2c": [257.3054504394531, 290.3840637207031, 1089.2012939453125], "obj_id": 3}, {"cam_R_m2c": [0.021727032959461212, -0.9899345636367798, -0.13984788954257965, 0.22373098134994507, -0.13151900470256805, 0.9657366275787354, -0.974408745765686, -0.05227089300751686, 0.21862152218818665], "cam_t_m2c": [110.43152618408203, 18.828779220581055, 813.0286865234375], "obj_id": 3}, {"cam_R_m2c": [-0.673812985420227, -0.5641822814941406, 0.4771525263786316, -0.6799896359443665, 0.22078989446163177, -0.6991895437240601, 0.2891198396682739, -0.7955816984176636, -0.5324092507362366], "cam_t_m2c": [160.90269470214844, 294.3836669921875, 805.7040405273438], "obj_id": 3}, {"cam_R_m2c": [-0.5332692265510559, -0.5693541765213013, -0.6256672739982605, -0.46973076462745667, 0.8144012689590454, -0.34073975682258606, 0.7035458087921143, 0.11218911409378052, -0.7017382979393005], "cam_t_m2c": [391.7383728027344, -33.346736907958984, 825.5789794921875], "obj_id": 3}, {"cam_R_m2c": [-0.8580845594406128, -0.320841908454895, 0.40093794465065, -0.3157220482826233, 0.9454024434089661, 0.08083171397447586, -0.40498194098472595, -0.05722450092434883, -0.9125321507453918], "cam_t_m2c": [104.23818969726562, 255.78823852539062, 945.1832885742188], "obj_id": 3}, {"cam_R_m2c": [0.42071449756622314, 0.3509427011013031, 0.8365634679794312, -0.7971522212028503, 0.5832149386405945, 0.156232550740242, -0.4330676198005676, -0.7325977683067322, 0.5251217484474182], "cam_t_m2c": [259.499755859375, 285.5124206542969, 1181.557861328125], "obj_id": 3}, {"cam_R_m2c": [-0.5119811296463013, -0.5660848021507263, -0.6460829973220825, -0.41887611150741577, -0.49212414026260376, 0.7631229162216187, -0.749945342540741, 0.6613333225250244, 0.014838933013379574], "cam_t_m2c": [323.3080749511719, 218.73399353027344, 1188.247314453125], "obj_id": 3}, {"cam_R_m2c": [-0.900732159614563, -0.43436896800994873, 0.0022304977755993605, 0.017681706696748734, -0.03153406083583832, 0.9993461966514587, -0.4340146481990814, 0.9001827836036682, 0.036084242165088654], "cam_t_m2c": [282.16717529296875, 292.8717041015625, 1121.9970703125], "obj_id": 3}, {"cam_R_m2c": [-0.7585554122924805, -0.48651963472366333, 0.4334651231765747, -0.14295117557048798, 0.7732696533203125, 0.6177531480789185, -0.635734498500824, 0.40663573145866394, -0.6561164259910583], "cam_t_m2c": [390.7923889160156, 123.80538177490234, 812.3522338867188], "obj_id": 3}, {"cam_R_m2c": [-0.09453713148832321, -0.23657380044460297, 0.9670034050941467, -0.9128865003585815, 0.40807613730430603, 0.010587825439870358, -0.3971158266067505, -0.8817633986473083, -0.25454339385032654], "cam_t_m2c": [173.05677795410156, 277.2562255859375, 973.4622802734375], "obj_id": 3}, {"cam_R_m2c": [-0.8654247522354126, -0.4255124032497406, 0.2645362913608551, -0.5010064840316772, 0.7409528493881226, -0.44719281792640686, -0.005722847301512957, -0.5195460915565491, -0.8544234037399292], "cam_t_m2c": [24.663818359375, 132.5672149658203, 831.036376953125], "obj_id": 3}, {"cam_R_m2c": [0.8540717363357544, -0.19651199877262115, 0.4816061854362488, -0.2589876651763916, 0.6423048973083496, 0.7213666439056396, -0.45109519362449646, -0.7408288717269897, 0.4976802468299866], "cam_t_m2c": [16.100872039794922, 177.20523071289062, 1176.66796875], "obj_id": 1}, {"cam_R_m2c": [-0.6411898136138916, -0.428091824054718, -0.6368774771690369, 0.6712875962257385, 0.08922407031059265, -0.7358070015907288, 0.37181776762008667, -0.8993199467658997, 0.23016323149204254], "cam_t_m2c": [366.91375732421875, 39.7548828125, 950.6672973632812], "obj_id": 1}, {"cam_R_m2c": [-0.36320969462394714, 0.7349574565887451, 0.572639524936676, -0.20389725267887115, -0.6624155044555664, 0.7208545804023743, 0.909122884273529, 0.14506180584430695, 0.3904517590999603], "cam_t_m2c": [327.54248046875, 295.41119384765625, 1032.8154296875], "obj_id": 1}, {"cam_R_m2c": [-0.07472487539052963, -0.830909252166748, -0.5513674020767212, -0.0564303882420063, -0.5485038757324219, 0.8342416882514954, -0.9956062436103821, 0.09345247596502304, -0.00590166263282299], "cam_t_m2c": [398.3284606933594, 38.155174255371094, 836.6610717773438], "obj_id": 1}, {"cam_R_m2c": [0.04899199679493904, -0.31838738918304443, 0.9466937780380249, 0.9467139840126038, 0.31688636541366577, 0.05758065730333328, -0.31832727789878845, 0.8934273719787598, 0.31694674491882324], "cam_t_m2c": [41.48637008666992, 229.40347290039062, 1181.15625], "obj_id": 1}, {"cam_R_m2c": [-0.5612455010414124, 0.2572939395904541, -0.7866403460502625, 0.4847649335861206, -0.6681653261184692, -0.5644092559814453, -0.6708250045776367, -0.6981079578399658, 0.25027790665626526], "cam_t_m2c": [28.023521423339844, 322.6333923339844, 922.7166137695312], "obj_id": 1}, {"cam_R_m2c": [0.9854507446289062, 0.15423810482025146, -0.07139639556407928, -0.12643331289291382, 0.9459893107414246, 0.2985277473926544, 0.11358458548784256, -0.2851575016975403, 0.9517267346382141], "cam_t_m2c": [101.69329833984375, 321.6589050292969, 1172.79345703125], "obj_id": 1}, {"cam_R_m2c": [0.7614514827728271, 0.44861286878585815, -0.46790823340415955, -0.648166298866272, 0.5363844633102417, -0.5405295491218567, 0.008490161970257759, 0.7148693799972534, 0.6992064714431763], "cam_t_m2c": [208.8630828857422, 5.008769989013672, 945.7589111328125], "obj_id": 1}, {"cam_R_m2c": [0.09706095606088638, 0.3449171185493469, -0.9336012601852417, -0.890020489692688, -0.38976621627807617, -0.2365284562110901, -0.4454689919948578, 0.8538819551467896, 0.2691522538661957], "cam_t_m2c": [131.4772491455078, 93.6849365234375, 892.7734375], "obj_id": 1}, {"cam_R_m2c": [-0.8699452877044678, -0.023108115419745445, -0.49260619282722473, -0.49075818061828613, -0.0576520711183548, 0.8693862557411194, -0.04848968982696533, 0.998069167137146, 0.038813818246126175], "cam_t_m2c": [11.73055362701416, 205.2239532470703, 1151.506103515625], "obj_id": 1}, {"cam_R_m2c": [0.04956206679344177, -0.4678024351596832, 0.8824423551559448, -0.7279157042503357, -0.621882975101471, -0.2887909710407257, 0.6838729977607727, -0.62803053855896, -0.3713425397872925], "cam_t_m2c": [386.85687255859375, 214.47288513183594, 970.0339965820312], "obj_id": 1}, {"cam_R_m2c": [-0.5506964921951294, 0.8346601724624634, -0.008706689812242985, 0.7404634356498718, 0.493308424949646, 0.4564654529094696, 0.38528862595558167, 0.24492692947387695, -0.8896986246109009], "cam_t_m2c": [269.6732482910156, 34.0174446105957, 1121.6368408203125], "obj_id": 1}, {"cam_R_m2c": [0.05975737422704697, -0.989408552646637, 0.1322862058877945, 0.9958460330963135, 0.04996934533119202, -0.07611561566591263, 0.06869920343160629, 0.13628517091274261, 0.9882847666740417], "cam_t_m2c": [22.4321346282959, 344.8889465332031, 1159.35009765625], "obj_id": 1}, {"cam_R_m2c": [0.15200676023960114, -0.5844135880470276, -0.7970913052558899, 0.48854315280914307, 0.7454833388328552, -0.45340946316719055, 0.8591969609260559, -0.3204922378063202, 0.3988298177719116], "cam_t_m2c": [72.53042602539062, 72.51370239257812, 806.5260009765625], "obj_id": 1}, {"cam_R_m2c": [-0.9611724615097046, -0.1676809936761856, 0.21915841102600098, -0.2585304379463196, 0.26950332522392273, -0.9276475310325623, 0.0964849516749382, -0.9482884407043457, -0.3023897409439087], "cam_t_m2c": [341.0138854980469, 142.32476806640625, 1188.33984375], "obj_id": 1}, {"cam_R_m2c": [-0.2370210587978363, -0.8032054305076599, -0.5465180277824402, -0.08164089918136597, 0.5770259499549866, -0.812635064125061, 0.96806800365448, -0.14799346029758453, -0.202341690659523], "cam_t_m2c": [339.7991638183594, 62.24921417236328, 1073.8099365234375], "obj_id": 1}, {"cam_R_m2c": [-0.8649590611457825, 0.500054121017456, -0.04232688620686531, 0.4308614730834961, 0.7832165956497192, 0.4482523798942566, 0.25730156898498535, 0.36948296427726746, -0.8929042816162109], "cam_t_m2c": [278.4683837890625, 293.6127624511719, 1072.2603759765625], "obj_id": 1}, {"cam_R_m2c": [0.9651654362678528, 0.18013052642345428, -0.1897595077753067, -0.13108612596988678, 0.9605920314788818, 0.24511098861694336, 0.22643344104290009, -0.21169781684875488, 0.9507428407669067], "cam_t_m2c": [224.6792755126953, 156.18251037597656, 1187.5498046875], "obj_id": 1}, {"cam_R_m2c": [-0.7367265224456787, 0.23168016970157623, -0.6352623105049133, -0.23193359375, -0.9690598249435425, -0.08443804830312729, -0.6351698637008667, 0.08513092249631882, 0.7676665782928467], "cam_t_m2c": [334.0826110839844, 135.42401123046875, 1099.9696044921875], "obj_id": 1}, {"cam_R_m2c": [0.9832507967948914, 0.08076824992895126, -0.16338405013084412, 0.18198202550411224, -0.38578808307647705, 0.904461145401001, 0.010020122863352299, -0.9190451502799988, -0.3940248191356659], "cam_t_m2c": [213.79241943359375, -36.221153259277344, 812.8362426757812], "obj_id": 1}, {"cam_R_m2c": [-0.08606045693159103, 0.9950486421585083, 0.04971693083643913, -0.14336182177066803, 0.0370144322514534, -0.9889779090881348, -0.9859213829040527, -0.09223940223455429, 0.13946650922298431], "cam_t_m2c": [66.88005828857422, 158.01815795898438, 924.7474975585938], "obj_id": 1}, {"cam_R_m2c": [-0.09212815761566162, 0.7362899780273438, 0.6703649759292603, -0.40906450152397156, -0.641781210899353, 0.6486776471138, 0.9078426957130432, -0.21446099877357483, 0.3603164553642273], "cam_t_m2c": [235.0181427001953, 222.43563842773438, 962.5841674804688], "obj_id": 1}, {"cam_R_m2c": [-0.7994251847267151, 0.4508324861526489, -0.39707598090171814, -0.45296943187713623, -0.018155310302972794, 0.8913410902023315, 0.39463648200035095, 0.8924238681793213, 0.2187272310256958], "cam_t_m2c": [99.75968170166016, -3.581770181655884, 931.1172485351562], "obj_id": 1}, {"cam_R_m2c": [-0.6336150169372559, -0.18906402587890625, 0.7501910924911499, -0.37022241950035095, 0.925540566444397, -0.07943589240312576, -0.6793137788772583, -0.3280693590641022, -0.6564320921897888], "cam_t_m2c": [282.2534484863281, 23.684188842773438, 872.2958984375], "obj_id": 1}, {"cam_R_m2c": [0.06745835393667221, 0.9470028877258301, 0.3140617609024048, -0.9949194192886353, 0.04027213528752327, 0.09226782619953156, 0.07472998648881912, -0.31869038939476013, 0.9449083805084229], "cam_t_m2c": [81.3222427368164, -44.99177169799805, 962.795166015625], "obj_id": 1}, {"cam_R_m2c": [-0.7110194563865662, 0.17567278444766998, 0.6808747053146362, 0.4708240330219269, 0.8381333351135254, 0.27542194724082947, -0.522279679775238, 0.516402542591095, -0.6786401271820068], "cam_t_m2c": [81.35745239257812, 22.667125701904297, 944.9921875], "obj_id": 1}, {"cam_R_m2c": [-0.6493690013885498, 0.7527172565460205, 0.10833636671304703, -0.03877239674329758, 0.10950367897748947, -0.9932299256324768, -0.7594845294952393, -0.6491731405258179, -0.04192369431257248], "cam_t_m2c": [280.2115783691406, 187.70498657226562, 1129.748046875], "obj_id": 1}, {"cam_R_m2c": [0.9337856769561768, -0.09078416228294373, 0.3461249768733978, -0.03965437412261963, -0.9875773191452026, -0.15204821527004242, 0.35562872886657715, 0.12825508415699005, -0.9257855415344238], "cam_t_m2c": [152.8070526123047, 322.5929870605469, 978.4093017578125], "obj_id": 1}, {"cam_R_m2c": [-0.4970051646232605, -0.7938234210014343, -0.35047125816345215, 0.6044652462005615, -0.6064910888671875, 0.5165173411369324, -0.6225813031196594, 0.04486411064863205, 0.7812680006027222], "cam_t_m2c": [254.04823303222656, 316.08990478515625, 902.1744995117188], "obj_id": 1}, {"cam_R_m2c": [-0.5460101962089539, 0.16634678840637207, -0.8210976719856262, -0.4826662242412567, -0.86354660987854, 0.14601491391658783, -0.6847670674324036, 0.4760417938232422, 0.5517954230308533], "cam_t_m2c": [118.04194641113281, 134.53146362304688, 956.7517700195312], "obj_id": 1}, {"cam_R_m2c": [-0.33834370970726013, -0.21979860961437225, -0.9149929881095886, 0.77643221616745, 0.4841611981391907, -0.40341171622276306, 0.5316734313964844, -0.8469218015670776, 0.006845781579613686], "cam_t_m2c": [216.6182861328125, 143.02435302734375, 819.960693359375], "obj_id": 1}, {"cam_R_m2c": [0.34266239404678345, -0.9304725527763367, 0.1296270191669464, -0.8598043322563171, -0.36621129512786865, -0.3558448553085327, 0.37857478857040405, 0.01048074010759592, -0.9255111813545227], "cam_t_m2c": [355.57940673828125, 84.73143768310547, 1109.1427001953125], "obj_id": 1}, {"cam_R_m2c": [0.6655238270759583, 0.09977380186319351, -0.7396777868270874, -0.720954418182373, 0.34238192439079285, -0.6024941802024841, 0.19313913583755493, 0.9342482089996338, 0.2997957170009613], "cam_t_m2c": [253.692626953125, -1.1903703212738037, 1134.86376953125], "obj_id": 1}, {"cam_R_m2c": [-0.5689665675163269, -0.3717876374721527, -0.7335195541381836, -0.5259266495704651, 0.8502190709114075, -0.022993609309196472, 0.632201075553894, 0.37269487977027893, -0.6792792081832886], "cam_t_m2c": [281.5640869140625, 274.42669677734375, 1066.7901611328125], "obj_id": 1}, {"cam_R_m2c": [-0.275938481092453, 0.933133602142334, 0.23047687113285065, 0.9430264830589294, 0.30920690298080444, -0.12284982204437256, -0.18590033054351807, 0.18344680964946747, -0.9652917981147766], "cam_t_m2c": [316.7490539550781, 158.42628479003906, 848.2891235351562], "obj_id": 1}, {"cam_R_m2c": [-0.31596797704696655, 0.9456546306610107, -0.07682149857282639, 0.10386383533477783, 0.11495906114578247, 0.9879254698753357, 0.9430676102638245, 0.3041738271713257, -0.13454268872737885], "cam_t_m2c": [47.21323776245117, 96.40754699707031, 860.7864379882812], "obj_id": 1}, {"cam_R_m2c": [-0.8786262273788452, -0.22247852385044098, 0.42251521348953247, 0.27461013197898865, 0.48845192790031433, 0.8282535672187805, -0.3906469941139221, 0.8437523245811462, -0.3680717647075653], "cam_t_m2c": [260.7821960449219, 186.93666076660156, 1168.5535888671875], "obj_id": 1}, {"cam_R_m2c": [0.3239887058734894, -0.06647942960262299, -0.9437223076820374, -0.7002450227737427, -0.6876097321510315, -0.1919628083705902, -0.6361510753631592, 0.7230306267738342, -0.26932966709136963], "cam_t_m2c": [34.5367431640625, 10.364441871643066, 987.1099243164062], "obj_id": 1}, {"cam_R_m2c": [-0.944688081741333, 0.07235728949308395, 0.31988877058029175, 0.06491558253765106, 0.9973154067993164, -0.033880721777677536, -0.32148152589797974, -0.011240948922932148, -0.9468491077423096], "cam_t_m2c": [255.81863403320312, -58.28476333618164, 840.6747436523438], "obj_id": 1}, {"cam_R_m2c": [-0.4817531704902649, -0.033594075590372086, 0.8756628632545471, -0.3597763776779175, 0.9187458157539368, -0.1626870185136795, -0.7990462779998779, -0.3934177756309509, -0.45469507575035095], "cam_t_m2c": [78.49671936035156, 127.38916015625, 843.3367309570312], "obj_id": 1}, {"cam_R_m2c": [0.17684431374073029, -0.7278712391853333, 0.6625175476074219, 0.9733381867408752, 0.2292362004518509, -0.007961869239807129, -0.14607776701450348, 0.6462616920471191, 0.749004065990448], "cam_t_m2c": [194.9324188232422, 268.759765625, 1067.346435546875], "obj_id": 1}, {"cam_R_m2c": [-0.892706573009491, 0.3693200647830963, 0.25821974873542786, -0.4292561709880829, -0.5224922895431519, -0.7367094159126282, -0.13716374337673187, -0.7685078382492065, 0.6249654293060303], "cam_t_m2c": [209.46865844726562, 138.1180877685547, 964.3797607421875], "obj_id": 1}, {"cam_R_m2c": [-0.8510894775390625, -0.5248883962631226, 0.011783192865550518, 0.029882291331887245, -0.0708356723189354, -0.997040331363678, 0.5241695642471313, -0.8482183814048767, 0.07597235590219498], "cam_t_m2c": [308.79736328125, 42.631431579589844, 921.373779296875], "obj_id": 1}, {"cam_R_m2c": [-0.6338826417922974, 0.7440767288208008, -0.2110506147146225, -0.7635064125061035, -0.6455724835395813, 0.01714267209172249, -0.12349303811788559, 0.17200495302677155, 0.9773247838020325], "cam_t_m2c": [208.541015625, 238.6593475341797, 1112.2958984375], "obj_id": 1}, {"cam_R_m2c": [0.14711089432239532, 0.18734155595302582, -0.9712164998054504, 0.7525208592414856, -0.658439576625824, -0.013023977167904377, -0.6419273614883423, -0.728944718837738, -0.23784202337265015], "cam_t_m2c": [82.37103271484375, 276.545654296875, 1110.226806640625], "obj_id": 1}, {"cam_R_m2c": [0.2077476680278778, -0.9234540462493896, 0.3226042687892914, -0.7528468370437622, 0.059625688940286636, 0.6554893851280212, -0.6245498657226562, -0.3790479600429535, -0.6828323006629944], "cam_t_m2c": [250.26416015625, 37.93183898925781, 871.91845703125], "obj_id": 1}, {"cam_R_m2c": [-0.05751582607626915, 0.56821608543396, -0.8208667635917664, 0.8945820927619934, 0.3943382203578949, 0.21028578281402588, 0.4431869089603424, -0.7222380042076111, -0.5309966802597046], "cam_t_m2c": [69.74247741699219, 35.87208557128906, 966.31298828125], "obj_id": 1}, {"cam_R_m2c": [-0.22258834540843964, -0.9710459113121033, 0.08674238622188568, -0.6514571905136108, 0.2143421173095703, 0.7277780771255493, -0.7252984642982483, 0.10548599064350128, -0.6803048849105835], "cam_t_m2c": [187.988037109375, 278.47216796875, 1098.3826904296875], "obj_id": 1}, {"cam_R_m2c": [-0.8911316990852356, 0.07961925864219666, 0.446704626083374, 0.14965291321277618, -0.8778244256973267, 0.4550035297870636, 0.42835530638694763, 0.47231873869895935, 0.7703419923782349], "cam_t_m2c": [378.5335388183594, 224.56495666503906, 871.3438110351562], "obj_id": 1}, {"cam_R_m2c": [0.9082231521606445, 0.13846571743488312, -0.3949151337146759, 0.4006766080856323, -0.015350979752838612, 0.9160909056663513, 0.12078484147787094, -0.9902482032775879, -0.06942208856344223], "cam_t_m2c": [248.0096435546875, -21.835269927978516, 840.3552856445312], "obj_id": 1}, {"cam_R_m2c": [0.8188236355781555, 0.566889762878418, -0.09035417437553406, -0.2732284367084503, 0.5233040452003479, 0.8071549534797668, 0.5048505663871765, -0.6362301707267761, 0.583384096622467], "cam_t_m2c": [259.69073486328125, -57.90567398071289, 889.8116455078125], "obj_id": 1}, {"cam_R_m2c": [0.1522684246301651, -0.19627737998962402, -0.9686534404754639, -0.2206495851278305, -0.9620963335037231, 0.16026349365711212, -0.963394045829773, 0.18932992219924927, -0.18980543315410614], "cam_t_m2c": [386.2403564453125, 99.5678482055664, 801.749267578125], "obj_id": 1}, {"cam_R_m2c": [0.5834746360778809, 0.5824220180511475, 0.5659875869750977, 0.11118988692760468, 0.6330645084381104, -0.7660718560218811, -0.8044837713241577, 0.5099155306816101, 0.30461764335632324], "cam_t_m2c": [313.4956970214844, 46.47269821166992, 926.3811645507812], "obj_id": 1}, {"cam_R_m2c": [-0.9204920530319214, 0.3780127167701721, -0.09899800270795822, -0.3704248070716858, -0.7634546160697937, 0.529076874256134, 0.12441731244325638, 0.5236824750900269, 0.8427793383598328], "cam_t_m2c": [278.34332275390625, 60.363216400146484, 1039.9219970703125], "obj_id": 1}, {"cam_R_m2c": [-0.7768855690956116, 0.6103265881538391, 0.154759019613266, -0.3321957290172577, -0.18851017951965332, -0.9241806864738464, -0.5348784327507019, -0.7693929076194763, 0.34919866919517517], "cam_t_m2c": [338.0191345214844, 228.57296752929688, 1183.779541015625], "obj_id": 3}, {"cam_R_m2c": [0.37643134593963623, -0.9233598709106445, -0.07553748041391373, -0.4784628748893738, -0.12394125014543533, -0.869316816329956, 0.7933301329612732, 0.36337998509407043, -0.4884487986564636], "cam_t_m2c": [102.28697967529297, 74.41033935546875, 1154.1170654296875], "obj_id": 1}, {"cam_R_m2c": [0.5135876536369324, 0.6711191534996033, 0.5346277952194214, 0.7449589371681213, -0.6579345464706421, 0.11026499420404434, 0.4257510304450989, 0.3416450321674347, -0.8378632068634033], "cam_t_m2c": [325.92047119140625, 244.16249084472656, 808.437255859375], "obj_id": 1}, {"cam_R_m2c": [-0.047616541385650635, -0.36063751578330994, -0.9314898252487183, -0.7854089736938477, 0.5896866917610168, -0.18815529346466064, 0.6171430349349976, 0.722641110420227, -0.311326801776886], "cam_t_m2c": [100.00699615478516, 329.59417724609375, 1021.9795532226562], "obj_id": 1}, {"cam_R_m2c": [-0.27233827114105225, -0.4062303304672241, 0.8722434639930725, 0.9578225016593933, -0.028068292886018753, 0.28598618507385254, -0.09169383347034454, 0.9133394360542297, 0.39674070477485657], "cam_t_m2c": [349.19903564453125, 211.41766357421875, 805.48486328125], "obj_id": 1}, {"cam_R_m2c": [-0.9647939205169678, -0.16156935691833496, -0.20752784609794617, 0.2515239715576172, -0.3362075984477997, -0.9075791835784912, 0.07686454802751541, -0.9278252124786377, 0.36500972509384155], "cam_t_m2c": [250.8096160888672, 176.32786560058594, 1195.9520263671875], "obj_id": 3}, {"cam_R_m2c": [0.12799693644046783, -0.7768769860267639, -0.6165053844451904, 0.9851170182228088, 0.17149470746517181, -0.011578717269003391, 0.11472265422344208, -0.6058478951454163, 0.7872655391693115], "cam_t_m2c": [225.66848754882812, 291.7037048339844, 922.483642578125], "obj_id": 1}, {"cam_R_m2c": [0.8484265804290771, 0.2671601474285126, 0.4569440186023712, 0.5008835792541504, -0.6843405961990356, -0.529899537563324, 0.17113731801509857, 0.6784566044807434, -0.7144288420677185], "cam_t_m2c": [9.225845336914062, 302.1340637207031, 956.7575073242188], "obj_id": 1}, {"cam_R_m2c": [0.5864546298980713, 0.06146340072154999, -0.8076467514038086, -0.20693539083003998, 0.9753957390785217, -0.07603209465742111, 0.7831020355224609, 0.2117200642824173, 0.5847442746162415], "cam_t_m2c": [343.44866943359375, 88.17501831054688, 1202.171142578125], "obj_id": 1}, {"cam_R_m2c": [0.05370492488145828, 0.9128085970878601, 0.404840886592865, 0.3338793218135834, -0.39850640296936035, 0.8542348146438599, 0.941084623336792, 0.08929141610860825, -0.3261696398258209], "cam_t_m2c": [61.165096282958984, -36.32497024536133, 947.97802734375], "obj_id": 3}, {"cam_R_m2c": [0.8750879764556885, -0.4381355047225952, 0.2055681347846985, 0.4802076816558838, 0.7332565784454346, -0.48138898611068726, 0.060179442167282104, 0.5199731588363647, 0.852060079574585], "cam_t_m2c": [130.51499938964844, 132.69566345214844, 840.1049194335938], "obj_id": 1}, {"cam_R_m2c": [-0.5284919142723083, 0.15345917642116547, 0.8349530100822449, -0.20327068865299225, -0.9777907729148865, 0.05104965716600418, 0.824243426322937, -0.14274214208126068, 0.5479483604431152], "cam_t_m2c": [349.8683166503906, -28.139583587646484, 1198.916259765625], "obj_id": 1}, {"cam_R_m2c": [-0.8866629600524902, -0.46235406398773193, -0.007566263899207115, -0.20322738587856293, 0.40432536602020264, -0.8917508125305176, 0.4153638780117035, -0.7891448736190796, -0.4524632394313812], "cam_t_m2c": [199.3046875, 69.90342712402344, 1136.2540283203125], "obj_id": 3}, {"cam_R_m2c": [0.2901688814163208, 0.8484287261962891, 0.4426858127117157, 0.7942769527435303, 0.04450500011444092, -0.6059236526489258, -0.5337847471237183, 0.5274353623390198, -0.6609734296798706], "cam_t_m2c": [274.9950866699219, 276.8334045410156, 810.9225463867188], "obj_id": 1}, {"cam_R_m2c": [-0.2517986595630646, -0.44567033648490906, 0.8590548634529114, 0.967768669128418, -0.11173959076404572, 0.22569437325000763, -0.004594809375703335, 0.8881959915161133, 0.45944175124168396], "cam_t_m2c": [161.9192352294922, 245.74778747558594, 860.9051513671875], "obj_id": 3}, {"cam_R_m2c": [-0.4606293737888336, 0.7003495693206787, -0.5452805757522583, 0.30473944544792175, 0.7017800807952881, 0.643924355506897, 0.8336392045021057, 0.13044200837612152, -0.5366846919059753], "cam_t_m2c": [294.26904296875, 269.2041931152344, 1154.6690673828125], "obj_id": 3}, {"cam_R_m2c": [0.7219994068145752, 0.2378065288066864, 0.6497421860694885, 0.6908424496650696, -0.2995224893093109, -0.6580448150634766, 0.03812504559755325, 0.9239774346351624, -0.38054192066192627], "cam_t_m2c": [241.80027770996094, 159.9628143310547, 1045.9903564453125], "obj_id": 3}, {"cam_R_m2c": [0.49738937616348267, -0.021602993831038475, 0.8672583699226379, -0.6003077030181885, -0.7302678823471069, 0.32609736919403076, 0.6262862682342529, -0.6828192472457886, -0.37619590759277344], "cam_t_m2c": [343.2177734375, 233.41986083984375, 1178.22216796875], "obj_id": 3}, {"cam_R_m2c": [-0.28511661291122437, -0.8871244192123413, 0.36293065547943115, -0.00023912539472803473, -0.37858134508132935, -0.9255679249763489, 0.9584927558898926, -0.2639816403388977, 0.1077277734875679], "cam_t_m2c": [323.5617370605469, 68.76609802246094, 944.61669921875], "obj_id": 1}, {"cam_R_m2c": [0.9415686130523682, -0.16077712178230286, -0.29597175121307373, 0.29622581601142883, 0.8134987354278564, 0.5004698634147644, 0.16030853986740112, -0.5589011907577515, 0.8135911822319031], "cam_t_m2c": [234.58078002929688, 2.8923656940460205, 1187.106689453125], "obj_id": 3}, {"cam_R_m2c": [-0.428964763879776, -0.8534359335899353, 0.29603439569473267, 0.08539831638336182, -0.3645639717578888, -0.9272541403770447, 0.8992754817008972, -0.37247851490974426, 0.22926707565784454], "cam_t_m2c": [85.31465911865234, 169.04598999023438, 1021.5014038085938], "obj_id": 3}, {"cam_R_m2c": [0.40926650166511536, 0.8670305609703064, 0.2841811180114746, 0.622134268283844, -0.4930090308189392, 0.608186662197113, 0.6674202680587769, -0.07211160659790039, -0.7411815524101257], "cam_t_m2c": [262.9244689941406, -13.52239990234375, 1073.1759033203125], "obj_id": 3}, {"cam_R_m2c": [0.8092238306999207, -0.48736122250556946, -0.3280789256095886, -0.14289237558841705, 0.37839043140411377, -0.9145503640174866, 0.5698583126068115, 0.7869558930397034, 0.23656237125396729], "cam_t_m2c": [360.8709411621094, 177.8255157470703, 870.3953857421875], "obj_id": 1}, {"cam_R_m2c": [0.21789993345737457, -0.8939798474311829, 0.39156046509742737, 0.7601736187934875, -0.0961557999253273, -0.6425651907920837, 0.6120911836624146, 0.4376688301563263, 0.6586276292800903], "cam_t_m2c": [395.1341857910156, -35.9977912902832, 886.29296875], "obj_id": 3}, {"cam_R_m2c": [-0.9806180596351624, 0.19292788207530975, -0.03415976092219353, -0.0987544059753418, -0.336111456155777, 0.9366304278373718, 0.16922064125537872, 0.9218502044677734, 0.3486495614051819], "cam_t_m2c": [268.54815673828125, 235.33409118652344, 1081.8570556640625], "obj_id": 3}, {"cam_R_m2c": [-0.4091063439846039, -0.9108570218086243, 0.054509248584508896, -0.5855848789215088, 0.2162603735923767, -0.7812308669090271, 0.699801504611969, -0.3515263795852661, -0.6218575239181519], "cam_t_m2c": [102.4236068725586, 138.30101013183594, 965.7901000976562], "obj_id": 1}, {"cam_R_m2c": [-0.7337855696678162, -0.4037471413612366, 0.546394407749176, 0.6141378283500671, -0.7381018996238708, 0.2793567180633545, 0.2905052900314331, 0.5405494570732117, 0.7895650267601013], "cam_t_m2c": [348.9299011230469, 8.10461711883545, 1003.0346069335938], "obj_id": 1}, {"cam_R_m2c": [-0.7757155299186707, -0.5874562859535217, -0.2305653989315033, -0.6222422122955322, 0.7729138135910034, 0.12417258322238922, 0.10526121407747269, 0.23979012668132782, -0.9651013612747192], "cam_t_m2c": [399.9957275390625, 63.857337951660156, 862.5277099609375], "obj_id": 1}, {"cam_R_m2c": [0.48763176798820496, 0.2643282413482666, 0.8320731520652771, 0.3115311861038208, -0.9430056214332581, 0.1169975996017456, 0.8155755400657654, 0.20216500759124756, -0.54218590259552], "cam_t_m2c": [60.965003967285156, 266.8087463378906, 1158.3525390625], "obj_id": 1}, {"cam_R_m2c": [0.21338433027267456, 0.9060890078544617, 0.3653351068496704, 0.38347798585891724, -0.4216168224811554, 0.8216956257820129, 0.8985608816146851, -0.03523895889520645, -0.43743154406547546], "cam_t_m2c": [401.2844543457031, -30.632091522216797, 826.1685791015625], "obj_id": 1}, {"cam_R_m2c": [-0.10172531753778458, -0.5577161312103271, 0.8237745761871338, -0.7875272631645203, 0.5510940551757812, 0.27585524320602417, -0.6078261733055115, -0.620683491230011, -0.49527689814567566], "cam_t_m2c": [235.00669860839844, 243.01327514648438, 1127.5830078125], "obj_id": 3}, {"cam_R_m2c": [0.8050755858421326, -0.5414353609085083, 0.24228288233280182, 0.07026982307434082, -0.318522185087204, -0.9453071355819702, 0.5889952778816223, 0.7780688405036926, -0.21838784217834473], "cam_t_m2c": [327.50201416015625, 234.10311889648438, 1010.3060913085938], "obj_id": 3}, {"cam_R_m2c": [0.5923349857330322, 0.8041326403617859, 0.05009977146983147, 0.37034934759140015, -0.3269730806350708, 0.869442343711853, 0.7155282497406006, -0.4964466691017151, -0.4914875626564026], "cam_t_m2c": [154.19847106933594, 191.7313232421875, 921.4271240234375], "obj_id": 3}, {"cam_R_m2c": [0.045329637825489044, 0.08093379437923431, -0.995688259601593, -0.9791938662528992, 0.20095214247703552, -0.028244543820619583, 0.19779981672763824, 0.9762520790100098, 0.08835889399051666], "cam_t_m2c": [110.68756866455078, 321.38287353515625, 948.8975830078125], "obj_id": 1}, {"cam_R_m2c": [-0.009417304769158363, 0.6666873693466187, -0.745278000831604, 0.9026726484298706, -0.31499770283699036, -0.29318687319755554, -0.43022483587265015, -0.6755030751228333, -0.5988340377807617], "cam_t_m2c": [283.2942810058594, 105.5492935180664, 1033.2767333984375], "obj_id": 3}, {"cam_R_m2c": [-0.8697268962860107, 0.29595163464546204, 0.3949527144432068, -0.4622354209423065, -0.20802220702171326, -0.8620122671127319, -0.1729550063610077, -0.9322764277458191, 0.3177219033241272], "cam_t_m2c": [81.49324798583984, 160.1947479248047, 905.67236328125], "obj_id": 1}, {"cam_R_m2c": [0.3200663924217224, -0.6906479001045227, 0.6485081911087036, 0.9322792887687683, 0.35139399766921997, -0.08589214086532593, -0.16856062412261963, 0.6320819854736328, 0.7563462257385254], "cam_t_m2c": [139.12652587890625, 171.26461791992188, 816.5475463867188], "obj_id": 1}, {"cam_R_m2c": [0.6072502136230469, 0.10519184917211533, 0.7875162363052368, 0.5800513625144958, 0.618655264377594, -0.5299113988876343, -0.5429434180259705, 0.7785887122154236, 0.3146618604660034], "cam_t_m2c": [185.29481506347656, 59.516422271728516, 1059.3560791015625], "obj_id": 3}, {"cam_R_m2c": [0.5145279169082642, 0.4847854971885681, -0.7072792649269104, 0.5401321053504944, -0.8238654136657715, -0.17176386713981628, -0.6659716367721558, -0.2936469614505768, -0.6857499480247498], "cam_t_m2c": [407.42742919921875, 252.21678161621094, 1158.6531982421875], "obj_id": 3}, {"cam_R_m2c": [-0.8521007895469666, -0.5011304616928101, -0.15097051858901978, -0.5161622762680054, 0.7569027543067932, 0.40084248781204224, -0.08660440146923065, 0.41948357224464417, -0.903622031211853], "cam_t_m2c": [396.37921142578125, 5.812597274780273, 1198.6070556640625], "obj_id": 3}, {"cam_R_m2c": [0.8600882887840271, 0.01711568422615528, -0.5098580121994019, 0.044307779520750046, 0.993153989315033, 0.10808324068784714, 0.508217453956604, -0.11555180698633194, 0.8534417152404785], "cam_t_m2c": [99.84449005126953, 82.81262969970703, 827.9613647460938], "obj_id": 1}, {"cam_R_m2c": [-0.7710871696472168, -0.4717773199081421, -0.4276105463504791, -0.5278506278991699, 0.09805890917778015, 0.8436576128005981, -0.35608747601509094, 0.8762480616569519, -0.3246399164199829], "cam_t_m2c": [208.8920135498047, -12.644224166870117, 1152.580322265625], "obj_id": 1}, {"cam_R_m2c": [0.27259954810142517, 0.5658981204032898, -0.7781059145927429, 0.4319532513618469, -0.7946316003799438, -0.4265875220298767, -0.8597126603126526, -0.21981783211231232, -0.46105772256851196], "cam_t_m2c": [205.44984436035156, -37.79832458496094, 1157.107666015625], "obj_id": 3}, {"cam_R_m2c": [-0.8798151612281799, -0.4663296341896057, -0.09198858588933945, -0.06995110958814621, 0.3184565603733063, -0.9453529715538025, 0.4701404869556427, -0.8253012299537659, -0.3128032088279724], "cam_t_m2c": [310.0513916015625, 184.60650634765625, 1054.913330078125], "obj_id": 3}, {"cam_R_m2c": [-0.577681839466095, -0.21266615390777588, 0.7880715131759644, 0.25998613238334656, -0.9631205201148987, -0.0693260133266449, 0.7737511396408081, 0.16483928263187408, 0.6116675138473511], "cam_t_m2c": [56.634124755859375, 334.37982177734375, 1176.7701416015625], "obj_id": 3}, {"cam_R_m2c": [0.9266184568405151, 0.30522239208221436, 0.21958479285240173, -0.18974089622497559, -0.12461372464895248, 0.9738940596580505, 0.3246175944805145, -0.9440924525260925, -0.05755620077252388], "cam_t_m2c": [254.28941345214844, 277.5482177734375, 1180.4210205078125], "obj_id": 3}, {"cam_R_m2c": [0.38077881932258606, 0.6544049978256226, -0.6532698273658752, -0.9097993969917297, 0.13897386193275452, -0.39108970761299133, -0.16514372825622559, 0.7432631850242615, 0.6482957005500793], "cam_t_m2c": [55.535953521728516, 40.06659698486328, 906.6630249023438], "obj_id": 3}, {"cam_R_m2c": [-0.8338271975517273, -0.23364773392677307, -0.5001412034034729, 0.20758706331253052, -0.9722251892089844, 0.10810241103172302, -0.5115076899528503, -0.013684123754501343, 0.8591697216033936], "cam_t_m2c": [145.0758819580078, 184.2213134765625, 1054.08984375], "obj_id": 3}, {"cam_R_m2c": [-0.27431103587150574, 0.9208383560180664, -0.27714645862579346, 0.9590772986412048, 0.2409413456916809, -0.14872100949287415, -0.07017198204994202, -0.3066006898880005, -0.9492480158805847], "cam_t_m2c": [145.2571563720703, 104.6461410522461, 804.4344482421875], "obj_id": 3}, {"cam_R_m2c": [0.9328540563583374, -0.3356685936450958, 0.1308049112558365, 0.329150915145874, 0.6465593576431274, -0.6882010102272034, 0.14643432199954987, 0.6850456595420837, 0.7136311531066895], "cam_t_m2c": [90.27191925048828, 79.47655487060547, 1167.577392578125], "obj_id": 1}, {"cam_R_m2c": [-0.8660335540771484, 0.3830970227718353, -0.32128235697746277, 0.3574810028076172, 0.02518305741250515, -0.933580756187439, -0.3495611548423767, -0.9233646988868713, -0.1587591916322708], "cam_t_m2c": [139.3465576171875, -41.81715393066406, 846.392578125], "obj_id": 3}, {"cam_R_m2c": [-0.8331133723258972, 0.49975156784057617, -0.23700295388698578, -0.5230809450149536, -0.5726441144943237, 0.6312407851219177, 0.17974521219730377, 0.6498668789863586, 0.7384880781173706], "cam_t_m2c": [137.16529846191406, 186.1653594970703, 982.1817626953125], "obj_id": 1}, {"cam_R_m2c": [-0.5364902019500732, 0.8195352554321289, 0.2013455182313919, -0.23522542417049408, 0.08391235023736954, -0.9683117270469666, -0.8104609847068787, -0.5668514370918274, 0.14775748550891876], "cam_t_m2c": [244.17539978027344, 282.47991943359375, 1159.24072265625], "obj_id": 3}, {"cam_R_m2c": [0.8255255818367004, -0.38602617383003235, 0.4116932451725006, -0.30444225668907166, 0.3096374273300171, 0.9007994532585144, -0.4752078056335449, -0.8689697980880737, 0.13809093832969666], "cam_t_m2c": [259.1927795410156, 268.2502746582031, 862.538330078125], "obj_id": 3}, {"cam_R_m2c": [-0.5099883675575256, -0.1978483498096466, 0.8371186852455139, 0.6109897494316101, -0.7683426141738892, 0.1906329244375229, 0.6054776310920715, 0.6086915731430054, 0.512729287147522], "cam_t_m2c": [249.9750518798828, 228.7049560546875, 842.64013671875], "obj_id": 1}, {"cam_R_m2c": [0.006198078393936157, -0.18344929814338684, -0.9830095171928406, 0.998691737651825, 0.051031094044446945, -0.003226548433303833, 0.05075586959719658, -0.9817036390304565, 0.1835257112979889], "cam_t_m2c": [410.03167724609375, 84.14700317382812, 825.309814453125], "obj_id": 1}, {"cam_R_m2c": [0.7016434669494629, 0.7009313702