{
  "0": [{"cam_R_m2c": [0.39767250418663025, -0.015010549686849117, 0.9174045920372009, 0.6931896805763245, 0.659978985786438, -0.28968220949172974, -0.6011194586753845, 0.7511340975761414, 0.27286067605018616], "cam_t_m2c": [-22.636638641357422, -188.67117309570312, 704.57080078125], "obj_id": 3}, {"cam_R_m2c": [0.8142074346542358, -0.1718507707118988, 0.5545570850372314, -0.3561060428619385, -0.9022297263145447, 0.24324874579906464, 0.45853540301322937, -0.39553606510162354, -0.7957992553710938], "cam_t_m2c": [-203.50181579589844, -418.3467712402344, 768.0149536132812], "obj_id": 3}, {"cam_R_m2c": [0.43590375781059265, -0.47264719009399414, -0.765893280506134, 0.899437427520752, 0.2586851716041565, 0.35227012634277344, 0.03162573650479317, -0.842428982257843, 0.5378784537315369], "cam_t_m2c": [-338.6347351074219, -287.2953186035156, 675.6949462890625], "obj_id": 3}, {"cam_R_m2c": [0.19465355575084686, -0.2825268805027008, 0.9393020868301392, -0.5953817963600159, -0.7950597405433655, -0.11575897783041, 0.779506504535675, -0.5367105603218079, -0.32297244668006897], "cam_t_m2c": [-150.32913208007812, -427.49163818359375, 792.8873901367188], "obj_id": 3}, {"cam_R_m2c": [-0.8532809615135193, 0.45468035340309143, -0.2552984654903412, -0.2559697926044464, -0.7917701005935669, -0.5545985102653503, -0.45430275797843933, -0.40787971019744873, 0.7919868230819702], "cam_t_m2c": [-37.444515228271484, -387.8429260253906, 875.8428344726562], "obj_id": 3}, {"cam_R_m2c": [-0.7547814249992371, 0.36550000309944153, -0.5447151064872742, 0.24464845657348633, -0.6136294603347778, -0.7507368922233582, -0.6086476445198059, -0.699906051158905, 0.37373724579811096], "cam_t_m2c": [-84.24505615234375, -119.27548217773438, 848.63134765625], "obj_id": 3}, {"cam_R_m2c": [-0.05704211816191673, 0.9887866377830505, -0.13801129162311554, 0.9601356983184814, 0.09222126752138138, 0.2638838589191437, 0.27365240454673767, -0.1174570694565773, -0.9546298384666443], "cam_t_m2c": [-110.02825164794922, -41.61228561401367, 760.9952392578125], "obj_id": 3}, {"cam_R_m2c": [-0.06725992262363434, -0.4163220524787903, -0.9067261219024658, 0.6193956732749939, 0.695034384727478, -0.3650701344013214, 0.782192587852478, -0.5861767530441284, 0.21112006902694702], "cam_t_m2c": [-14.644490242004395, -146.6966094970703, 705.588623046875], "obj_id": 3}, {"cam_R_m2c": [0.01626429706811905, 0.9874069690704346, 0.1573628932237625, -0.3971080482006073, -0.13805975019931793, 0.9073283672332764, 0.9176278114318848, -0.07724715769290924, 0.38986173272132874], "cam_t_m2c": [-185.13294982910156, -487.4812316894531, 744.5953979492188], "obj_id": 3}, {"cam_R_m2c": [0.15772393345832825, -0.9768545627593994, -0.14449302852153778, -0.769520103931427, -0.029888002201914787, -0.6379226446151733, 0.6188390851020813, 0.21180593967437744, -0.75642329454422], "cam_t_m2c": [-217.4641876220703, -350.2010192871094, 778.1588134765625], "obj_id": 3}, {"cam_R_m2c": [-0.9375700950622559, 0.03235486149787903, 0.34628862142562866, -0.26525864005088806, -0.7104895710945129, -0.6517995595932007, 0.22494551539421082, -0.7029637098312378, 0.6747159361839294], "cam_t_m2c": [-347.404052734375, -95.79554748535156, 786.0160522460938], "obj_id": 3}, {"cam_R_m2c": [-0.15986135601997375, 0.8516718149185181, -0.49909862875938416, 0.9662718176841736, 0.031597450375556946, -0.25557851791381836, -0.20189876854419708, -0.5231220722198486, -0.8279976844787598], "cam_t_m2c": [-133.55706787109375, -119.41181182861328, 813.3433227539062], "obj_id": 3}, {"cam_R_m2c": [0.9340770244598389, 0.3151535987854004, -0.16786395013332367, 0.1661423146724701, 0.03252742066979408, 0.985565185546875, 0.31606459617614746, -0.9484831094741821, -0.02197723276913166], "cam_t_m2c": [-22.248048782348633, -10.799458503723145, 709.0084228515625], "obj_id": 3}, {"cam_R_m2c": [-0.4742587208747864, -0.1709667295217514, -0.8636254668235779, 0.3835994601249695, 0.842819333076477, -0.377500981092453, 0.7924203872680664, -0.5103194117546082, -0.33413165807724], "cam_t_m2c": [38.81198501586914, -42.560882568359375, 671.5554809570312], "obj_id": 3}, {"cam_R_m2c": [0.43467170000076294, -0.8994630575180054, 0.0450182668864727, 0.10736821591854095, 0.10138794034719467, 0.9890360832214355, -0.8941658139228821, -0.42507240176200867, 0.14064426720142365], "cam_t_m2c": [-253.49900817871094, -94.14876556396484, 801.65771484375], "obj_id": 3}, {"cam_R_m2c": [0.5807424783706665, -0.6281987428665161, 0.5177881121635437, -0.5155944228172302, -0.7760331034660339, -0.3632286489009857, 0.6300004720687866, -0.05602635070681572, -0.7745711207389832], "cam_t_m2c": [-192.0907440185547, -156.6202850341797, 935.9464111328125], "obj_id": 3}, {"cam_R_m2c": [0.942101240158081, 0.326102077960968, 0.07811941206455231, -0.17332544922828674, 0.27412715554237366, 0.9459453821182251, 0.28706008195877075, -0.904716432094574, 0.31477731466293335], "cam_t_m2c": [-237.37722778320312, -361.6394348144531, 608.6897583007812], "obj_id": 3}, {"cam_R_m2c": [-0.5089449882507324, -0.53523850440979, -0.6741620898246765, -0.7054365277290344, 0.7081518173217773, -0.029668888077139854, 0.4932890236377716, 0.4604787826538086, -0.7379871010780334], "cam_t_m2c": [-108.8532943725586, -74.99527740478516, 682.6792602539062], "obj_id": 3}, {"cam_R_m2c": [0.09179846942424774, -0.990994930267334, 0.09747803956270218, -0.6170645356178284, 0.02021791599690914, 0.7866527438163757, -0.7815396785736084, -0.1323637217283249, -0.6096518635749817], "cam_t_m2c": [-313.2479553222656, -435.27606201171875, 680.624755859375], "obj_id": 3}, {"cam_R_m2c": [-0.8245111107826233, -0.47981423139572144, 0.29993289709091187, -0.10099845379590988, -0.3967568278312683, -0.9123504757881165, 0.5567591786384583, -0.7825358510017395, 0.27866989374160767], "cam_t_m2c": [-196.69190979003906, -277.6092529296875, 480.41278076171875], "obj_id": 3}, {"cam_R_m2c": [-0.643526017665863, -0.35421767830848694, -0.6785308718681335, 0.32900771498680115, 0.6723974347114563, -0.6630502343177795, 0.6911065578460693, -0.6499319672584534, -0.31616488099098206], "cam_t_m2c": [-53.54654312133789, -498.2287902832031, 783.5966796875], "obj_id": 3}, {"cam_R_m2c": [-0.902550995349884, -0.07844968140125275, 0.42337605357170105, -0.38507434725761414, 0.587019681930542, -0.7121275663375854, -0.19266389310359955, -0.8057627081871033, -0.5600241422653198], "cam_t_m2c": [-263.35870361328125, -185.66455078125, 586.5103759765625], "obj_id": 3}, {"cam_R_m2c": [0.21959766745567322, 0.49506112933158875, 0.8406492471694946, -0.8881815671920776, -0.25504499673843384, 0.38221102952957153, 0.4036213457584381, -0.8305819034576416, 0.3836970329284668], "cam_t_m2c": [-109.42870330810547, -7.006717681884766, 745.41552734375], "obj_id": 3}, {"cam_R_m2c": [-0.586682140827179, -0.6801334619522095, -0.4395705759525299, -0.7649468183517456, 0.2872570753097534, 0.5764890313148499, -0.265819787979126, 0.6744640469551086, -0.6887944340705872], "cam_t_m2c": [-64.04767608642578, -52.33108901977539, 812.2115478515625], "obj_id": 3}, {"cam_R_m2c": [-0.8617309927940369, -0.4435032904148102, 0.24642348289489746, -0.19500471651554108, 0.7379010319709778, 0.6461232304573059, -0.4683939218521118, 0.5087306499481201, -0.7223573923110962], "cam_t_m2c": [-84.6791000366211, -51.69667053222656, 706.6091918945312], "obj_id": 3}, {"cam_R_m2c": [-0.7599684000015259, -0.28880786895751953, 0.5822696089744568, -0.4705938398838043, 0.8624267578125, -0.18644429743289948, -0.44831833243370056, -0.41570430994033813, -0.7913283109664917], "cam_t_m2c": [-15.741137504577637, -411.033203125, 657.739990234375], "obj_id": 3}, {"cam_R_m2c": [-0.3088216185569763, -0.11494103074073792, 0.9441491961479187, -0.8581532835960388, -0.3943687081336975, -0.3287038207054138, 0.4101244807243347, -0.9117355942726135, 0.023152580484747887], "cam_t_m2c": [-191.84799194335938, -160.4102783203125, 602.1693115234375], "obj_id": 3}, {"cam_R_m2c": [-0.9615861773490906, -0.22245436906814575, 0.16082943975925446, -0.1904035359621048, 0.11847936362028122, -0.9745302200317383, 0.197733536362648, -0.9677172303199768, -0.15628421306610107], "cam_t_m2c": [-368.81903076171875, -338.66888427734375, 590.099365234375], "obj_id": 3}, {"cam_R_m2c": [0.7718375325202942, -0.021019812673330307, 0.635472297668457, -0.6311451196670532, -0.1463020145893097, 0.7617424726486206, 0.07695919275283813, -0.989016592502594, -0.12618793547153473], "cam_t_m2c": [-371.8319091796875, -42.9130859375, 774.6165771484375], "obj_id": 1}, {"cam_R_m2c": [-0.46316030621528625, -0.37843072414398193, -0.8014191389083862, 0.7946000695228577, -0.5778200626373291, -0.18637233972549438, -0.392547070980072, -0.7231280207633972, 0.5683244466781616], "cam_t_m2c": [-61.744415283203125, -352.8275146484375, 803.5538330078125], "obj_id": 1}, {"cam_R_m2c": [-0.41689977049827576, 0.5477858781814575, 0.7253448963165283, 0.6279078722000122, -0.40342581272125244, 0.6655669212341309, 0.6572110056877136, 0.7329244613647461, -0.17577090859413147], "cam_t_m2c": [-38.613773345947266, -125.49878692626953, 657.1119995117188], "obj_id": 1}, {"cam_R_m2c": [-0.06999639421701431, -0.9413852095603943, -0.32999125123023987, -0.7930141687393188, -0.1481715887784958, 0.5909090638160706, -0.6051684617996216, 0.3030492961406708, -0.7361602783203125], "cam_t_m2c": [-29.820833206176758, -446.3586730957031, 738.5949096679688], "obj_id": 1}, {"cam_R_m2c": [0.2846481502056122, -0.2455955445766449, 0.926638126373291, 0.33316269516944885, 0.9317154884338379, 0.1445990949869156, -0.8988759517669678, 0.2675614058971405, 0.34703436493873596], "cam_t_m2c": [-334.50787353515625, -10.778470039367676, 743.5762939453125], "obj_id": 1}, {"cam_R_m2c": [-0.41432908177375793, 0.09711422026157379, -0.9049311280250549, -0.13744522631168365, -0.989564061164856, -0.04326648637652397, -0.8996890187263489, 0.10645189881324768, 0.4233529269695282], "cam_t_m2c": [-320.49371337890625, -150.70558166503906, 507.16961669921875], "obj_id": 1}, {"cam_R_m2c": [0.92244553565979, 0.3859524130821228, -0.011617317795753479, -0.1318969428539276, 0.3432319462299347, 0.9299435615539551, 0.36290138959884644, -0.8562899827957153, 0.36751872301101685], "cam_t_m2c": [-253.40408325195312, 31.2327823638916, 681.42236328125], "obj_id": 1}, {"cam_R_m2c": [0.5791913270950317, 0.5546178817749023, -0.5974414944648743, -0.503865659236908, 0.8196863532066345, 0.27245864272117615, 0.640825092792511, 0.14322461187839508, 0.7542080879211426], "cam_t_m2c": [-223.3889923095703, -355.455322265625, 794.863037109375], "obj_id": 1}, {"cam_R_m2c": [-0.11669761687517166, 0.22490879893302917, -0.9673663973808289, -0.908819317817688, 0.3686322271823883, 0.19534030556678772, 0.4005362093448639, 0.9019569754600525, 0.16138291358947754], "cam_t_m2c": [-275.8160400390625, -330.382080078125, 679.6138916015625], "obj_id": 1}, {"cam_R_m2c": [-0.9627588391304016, -0.052832670509815216, -0.26514893770217896, -0.2164359837770462, 0.7383334636688232, 0.6387637853622437, 0.1620207279920578, 0.67236328125, -0.7222719192504883], "cam_t_m2c": [-368.7924499511719, -44.372955322265625, 736.8556518554688], "obj_id": 1}, {"cam_R_m2c": [-0.1414758861064911, -0.5955868363380432, 0.7907341718673706, 0.07040669023990631, -0.8027992844581604, -0.5920774936676025, 0.9874346256256104, -0.0280917938798666, 0.1555103212594986], "cam_t_m2c": [0.07951632142066956, -232.58547973632812, 689.4536743164062], "obj_id": 1}, {"cam_R_m2c": [-0.3587088882923126, 0.9259692430496216, 0.11793489009141922, 0.8348410129547119, 0.37476372718811035, -0.40322762727737427, -0.4175741374492645, -0.04618450254201889, -0.9074681401252747], "cam_t_m2c": [-160.2064666748047, -210.40760803222656, 897.0494384765625], "obj_id": 1}, {"cam_R_m2c": [0.3007985055446625, -0.9490991830825806, 0.09343995153903961, 0.6608906984329224, 0.27808287739753723, 0.6970605254173279, -0.6875635981559753, -0.1479211449623108, 0.7108977437019348], "cam_t_m2c": [-324.3272399902344, 46.60068130493164, 639.7522583007812], "obj_id": 1}, {"cam_R_m2c": [0.25301316380500793, -0.37863269448280334, -0.8902930021286011, 0.9440657496452332, 0.29778358340263367, 0.1416505128145218, 0.21148113906383514, -0.876334547996521, 0.43279728293418884], "cam_t_m2c": [-336.7332458496094, -401.63128662109375, 628.8805541992188], "obj_id": 1}, {"cam_R_m2c": [-0.9966631531715393, -0.08102249354124069, -0.009894956834614277, 0.05234305188059807, -0.541394829750061, -0.8391375541687012, 0.06263194233179092, -0.836855411529541, 0.5438292622566223], "cam_t_m2c": [-65.60383605957031, -102.09420013427734, 872.8172607421875], "obj_id": 1}, {"cam_R_m2c": [-0.2655833661556244, -0.634817898273468, -0.7255836129188538, 0.7310001850128174, 0.35809603333473206, -0.5808665156364441, 0.6285730600357056, -0.6846702694892883, 0.36894771456718445], "cam_t_m2c": [-84.52938842773438, -239.9244842529297, 859.581298828125], "obj_id": 1}, {"cam_R_m2c": [-0.7371143102645874, 0.6706038117408752, 0.08338417112827301, 0.5894472002983093, 0.6983871459960938, -0.40596476197242737, -0.33047595620155334, -0.25009188055992126, -0.9100766777992249], "cam_t_m2c": [-87.27047729492188, -89.11278533935547, 673.7283325195312], "obj_id": 1}, {"cam_R_m2c": [0.8997975587844849, 0.41342973709106445, -0.13942807912826538, -0.04472597315907478, 0.4052821099758148, 0.9130969047546387, 0.4340091049671173, -0.8153663277626038, 0.38316288590431213], "cam_t_m2c": [-174.9669189453125, -77.4400634765625, 838.7877807617188], "obj_id": 1}, {"cam_R_m2c": [-0.7606187462806702, -0.014234425500035286, -0.6490428447723389, -0.5283675193786621, -0.5673254132270813, 0.6316405534744263, -0.37720948457717896, 0.8233707547187805, 0.4239972233772278], "cam_t_m2c": [-72.56969451904297, -173.61021423339844, 820.4541015625], "obj_id": 1}, {"cam_R_m2c": [0.9975701570510864, -0.001211459282785654, 0.06965889036655426, -0.020649300888180733, -0.9600639343261719, 0.27901744842529297, 0.0665389746427536, -0.2797778844833374, -0.9577561020851135], "cam_t_m2c": [-226.54063415527344, -484.3253173828125, 742.1824951171875], "obj_id": 1}, {"cam_R_m2c": [-0.10244251042604446, 0.9751588106155396, -0.19639421999454498, -0.8377187848091125, -0.1910383254289627, -0.5115970373153687, -0.5364072322845459, 0.112113818526268, 0.8364793658256531], "cam_t_m2c": [-323.18994140625, -256.6051330566406, 639.0419311523438], "obj_id": 1}, {"cam_R_m2c": [-0.20436562597751617, 0.5600073337554932, 0.802886426448822, 0.4610420763492584, -0.6684665679931641, 0.5836033821105957, 0.8635247945785522, 0.48943281173706055, -0.12157551199197769], "cam_t_m2c": [-145.0376434326172, -211.63075256347656, 648.5169067382812], "obj_id": 1}, {"cam_R_m2c": [-0.892379105091095, 0.4180004298686981, -0.17010389268398285, 0.13901981711387634, 0.6132235527038574, 0.7775797843933105, 0.4293403923511505, 0.6702480912208557, -0.6053382754325867], "cam_t_m2c": [-331.0174865722656, -356.4299621582031, 770.2279663085938], "obj_id": 1}, {"cam_R_m2c": [-0.6938251852989197, 0.04885229095816612, 0.7184843420982361, -0.6628432869911194, 0.3466790020465851, -0.6636658310890198, -0.2815049886703491, -0.9367107152938843, -0.2081531137228012], "cam_t_m2c": [-146.46913146972656, -411.1484069824219, 748.890625], "obj_id": 1}, {"cam_R_m2c": [-0.17959432303905487, 0.9330821633338928, 0.31161463260650635, -0.5678086876869202, -0.35699522495269775, 0.7417194843292236, 0.80333012342453, -0.04372892528772354, 0.5939263701438904], "cam_t_m2c": [-359.5512390136719, -354.9563293457031, 817.5751953125], "obj_id": 1}, {"cam_R_m2c": [-0.5653597116470337, 0.36720889806747437, 0.7385972142219543, -0.009885809384286404, 0.8923574686050415, -0.4512210488319397, -0.8247851133346558, -0.2624038755893707, -0.500872790813446], "cam_t_m2c": [-342.6517333984375, -326.8286437988281, 755.7861328125], "obj_id": 1}, {"cam_R_m2c": [-0.6265780925750732, 0.7671068906784058, -0.13764788210391998, -0.5173289179801941, -0.5414721369743347, -0.6627056002616882, -0.5828984975814819, -0.3440276086330414, 0.7361211180686951], "cam_t_m2c": [-112.46852111816406, -110.52545166015625, 789.6209106445312], "obj_id": 1}, {"cam_R_m2c": [0.8896695971488953, -0.33206725120544434, 0.3133997321128845, 0.11613373458385468, -0.4992349147796631, -0.8586485385894775, 0.4415891766548157, 0.8003097772598267, -0.40558990836143494], "cam_t_m2c": [-200.45054626464844, -125.62306213378906, 567.4448852539062], "obj_id": 1}, {"cam_R_m2c": [-0.3235156834125519, -0.9188486933708191, -0.22595281898975372, -0.0353131964802742, -0.2269037812948227, 0.9732767343521118, -0.9455636143684387, 0.32284942269325256, 0.04095946624875069], "cam_t_m2c": [-102.65689849853516, -203.03787231445312, 544.0534057617188], "obj_id": 1}, {"cam_R_m2c": [-0.636363685131073, -0.0581023171544075, -0.7691978216171265, -0.749220609664917, -0.19078373908996582, 0.6342474818229675, -0.1836017221212387, 0.9799110293388367, 0.07787645608186722], "cam_t_m2c": [-279.8745422363281, -253.76748657226562, 687.0927734375], "obj_id": 1}, {"cam_R_m2c": [-0.14643657207489014, -0.08060712367296219, -0.9859303832054138, 0.9396845102310181, -0.3227747678756714, -0.11317864805459976, -0.30911049246788025, -0.9430370330810547, 0.12301136553287506], "cam_t_m2c": [-180.00057983398438, -368.2790832519531, 613.516357421875], "obj_id": 1}, {"cam_R_m2c": [0.11532415449619293, -0.9918810129165649, 0.05359342694282532, -0.28902044892311096, -0.08512505143880844, -0.9535306692123413, 0.9503511786460876, 0.09447546303272247, -0.2964908182621002], "cam_t_m2c": [-64.3011703491211, -200.98800659179688, 868.3923950195312], "obj_id": 1}, {"cam_R_m2c": [0.465349942445755, 0.16534236073493958, -0.86954665184021, -0.3925761580467224, 0.919040322303772, -0.0353391095995903, 0.7933053970336914, 0.35780832171440125, 0.49258482456207275], "cam_t_m2c": [-184.53981018066406, -219.6945343017578, 928.5401000976562], "obj_id": 1}, {"cam_R_m2c": [-0.6907332539558411, -0.15818068385124207, -0.7055966258049011, 0.24425140023231506, 0.86739182472229, -0.4335581958293915, 0.6806092858314514, -0.47181597352027893, -0.5605005025863647], "cam_t_m2c": [-88.87937927246094, -105.65624237060547, 685.1867065429688], "obj_id": 1}, {"cam_R_m2c": [-0.033400896936655045, 0.977325439453125, 0.2090916782617569, 0.4797455668449402, 0.19920851290225983, -0.8544940948486328, -0.8767716884613037, 0.07176992297172546, -0.4755212962627411], "cam_t_m2c": [-79.62472534179688, -351.2325134277344, 639.9737548828125], "obj_id": 1}, {"cam_R_m2c": [-0.29625403881073, 0.9398975968360901, 0.1697814017534256, 0.8378428220748901, 0.170401468873024, 0.5186352729797363, 0.4585331082344055, 0.2958980202674866, -0.8379685282707214], "cam_t_m2c": [-356.3075256347656, -341.3103942871094, 640.4696655273438], "obj_id": 1}, {"cam_R_m2c": [-0.778060257434845, -0.10977611690759659, 0.6185237169265747, -0.0056525059044361115, 0.9857963919639587, 0.16784954071044922, -0.6281643509864807, 0.12710082530975342, -0.7676295042037964], "cam_t_m2c": [-132.12391662597656, -78.2497787475586, 810.9692993164062], "obj_id": 1}, {"cam_R_m2c": [0.1528947353363037, -0.2447289228439331, -0.9574607610702515, -0.9711441397666931, 0.14223721623420715, -0.1914360076189041, 0.18303652107715607, 0.9591019153594971, -0.21591976284980774], "cam_t_m2c": [-391.7413024902344, -295.20501708984375, 782.3867797851562], "obj_id": 1}, {"cam_R_m2c": [-0.89460688829422, 0.31467878818511963, 0.31726324558258057, -0.07256532460451126, 0.5982635021209717, -0.7980069518089294, -0.4409228563308716, -0.7369247674942017, -0.5123758912086487], "cam_t_m2c": [-191.6612548828125, -482.511962890625, 784.7030029296875], "obj_id": 1}, {"cam_R_m2c": [-0.5420975089073181, 0.1989648938179016, 0.8164211511611938, -0.770616352558136, 0.2697119414806366, -0.5774132013320923, -0.335083544254303, -0.9421616196632385, 0.007115345448255539], "cam_t_m2c": [-318.10595703125, -340.0949401855469, 612.5023193359375], "obj_id": 1}, {"cam_R_m2c": [0.41229480504989624, -0.6599792242050171, 0.6280449032783508, 0.46431484818458557, 0.7453346252441406, 0.4784224331378937, -0.7838524580001831, 0.09435948729515076, 0.6137357354164124], "cam_t_m2c": [-174.25775146484375, -96.31022644042969, 672.5023193359375], "obj_id": 1}, {"cam_R_m2c": [-0.9683058857917786, 0.24255214631557465, 0.0596010647714138, -0.24357619881629944, -0.9698255062103271, -0.010452999733388424, 0.05526723340153694, -0.024639101698994637, 0.9981675744056702], "cam_t_m2c": [-190.492919921875, -258.7706604003906, 707.4837646484375], "obj_id": 1}, {"cam_R_m2c": [-0.8262738585472107, -0.5123147964477539, -0.23410463333129883, 0.5453324317932129, -0.623550295829773, -0.5601763725280762, 0.14101064205169678, -0.5905239582061768, 0.7946051955223083], "cam_t_m2c": [-116.89935302734375, -365.3313293457031, 771.2174072265625], "obj_id": 1}, {"cam_R_m2c": [-0.79952472448349, 0.5603125691413879, -0.21635642647743225, -0.47703924775123596, -0.3735027611255646, 0.7955685257911682, 0.36495736241340637, 0.7392871975898743, 0.5659157037734985], "cam_t_m2c": [-169.1754150390625, -82.18486022949219, 726.2277221679688], "obj_id": 1}, {"cam_R_m2c": [0.337470680475235, 0.032190337777137756, -0.9407854080200195, -0.050995759665966034, -0.9973222017288208, -0.05241759493947029, -0.9399536848068237, 0.06566546857357025, -0.3349253237247467], "cam_t_m2c": [-282.165771484375, -42.23167037963867, 671.4959716796875], "obj_id": 1}, {"cam_R_m2c": [0.027135318145155907, -0.8743783831596375, 0.48448532819747925, -0.978072464466095, -0.12333793193101883, -0.16781485080718994, 0.20648913085460663, -0.469308078289032, -0.8585522174835205], "cam_t_m2c": [-173.98388671875, -398.03387451171875, 731.645263671875], "obj_id": 1}, {"cam_R_m2c": [0.15618687868118286, 0.6592361330986023, -0.7355360388755798, 0.9042084813117981, -0.3951210379600525, -0.16213031113147736, -0.39750799536705017, -0.6397553086280823, -0.6577996015548706], "cam_t_m2c": [-351.0240173339844, -300.525146484375, 757.159912109375], "obj_id": 1}, {"cam_R_m2c": [-0.3635375201702118, -0.8905223608016968, 0.27351510524749756, -0.9313872456550598, 0.3534102737903595, -0.08728720247745514, -0.01893184706568718, -0.2864806354045868, -0.9578990936279297], "cam_t_m2c": [-179.1163787841797, -65.33470916748047, 683.5821533203125], "obj_id": 1}, {"cam_R_m2c": [-0.8341794013977051, -0.1456119269132614, 0.5319225192070007, 0.5512244701385498, -0.190056711435318, 0.8124221563339233, -0.017202861607074738, 0.9709147214889526, 0.23880648612976074], "cam_t_m2c": [-3.9038901329040527, -301.35296630859375, 617.578369140625], "obj_id": 1}, {"cam_R_m2c": [0.9766125082969666, 0.14664395153522491, -0.15723727643489838, 0.2110125720500946, -0.7940279245376587, 0.5700819492340088, -0.04125171899795532, -0.5899282097816467, -0.8064013123512268], "cam_t_m2c": [-190.296630859375, -459.0783996582031, 755.7467041015625], "obj_id": 1}, {"cam_R_m2c": [0.7185611128807068, 0.6881431937217712, 0.100642628967762, 0.10327301174402237, -0.2486882507801056, 0.9630622863769531, 0.6877533197402954, -0.6816254258155823, -0.2497643232345581], "cam_t_m2c": [-188.61819458007812, -444.8909606933594, 816.404541015625], "obj_id": 1}, {"cam_R_m2c": [0.10928512364625931, -0.429085373878479, -0.8966283202171326, -0.9023473858833313, -0.42116960883140564, 0.09157046675682068, -0.41692423820495605, 0.7990630269050598, -0.4332115650177002], "cam_t_m2c": [-25.92374610900879, -433.56829833984375, 668.18115234375], "obj_id": 1}, {"cam_R_m2c": [0.6059967875480652, 0.7113663554191589, 0.3559856116771698, -0.6360836029052734, 0.7020727396011353, -0.3201429843902588, -0.4776667654514313, -0.03243099898099899, 0.8779423236846924], "cam_t_m2c": [-111.48422241210938, -359.760986328125, 772.46826171875], "obj_id": 1}, {"cam_R_m2c": [-0.9850999116897583, 0.170828178524971, 0.019893227145075798, -0.00118345208466053, -0.12240041792392731, 0.9924800395965576, 0.17197850346565247, 0.9776685237884521, 0.12077891826629639], "cam_t_m2c": [-144.01206970214844, -258.4452209472656, 827.2151489257812], "obj_id": 1}, {"cam_R_m2c": [-0.8257520198822021, 0.5580234527587891, -0.082118920981884, -0.5072234272956848, -0.7983474731445312, -0.3246009349822998, -0.24669435620307922, -0.22638721764087677, 0.9422795176506042], "cam_t_m2c": [-47.299922943115234, -51.80222702026367, 804.9588012695312], "obj_id": 3}, {"cam_R_m2c": [0.23471581935882568, -0.931393027305603, -0.2782364785671234, 0.26245254278182983, 0.3363231122493744, -0.9044365286827087, 0.9359632134437561, 0.13926167786121368, 0.3233868181705475], "cam_t_m2c": [-313.1052551269531, -136.3182373046875, 854.1788330078125], "obj_id": 1}, {"cam_R_m2c": [0.6734300851821899, 0.4837881922721863, 0.5589641332626343, 0.7162150740623474, -0.2396947145462036, -0.6554253101348877, -0.18310627341270447, 0.8417216539382935, -0.5079140067100525], "cam_t_m2c": [-49.07677459716797, -330.2523193359375, 552.5118408203125], "obj_id": 1}, {"cam_R_m2c": [-0.24867545068264008, -0.21692267060279846, -0.9439835548400879, -0.0027705365791916847, 0.9747541546821594, -0.22326374053955078, 0.9685828685760498, -0.0529048778116703, -0.242998406291008], "cam_t_m2c": [-250.6304931640625, -80.07132720947266, 579.3717041015625], "obj_id": 1}, {"cam_R_m2c": [-0.027824925258755684, -0.4155919551849365, 0.9091254472732544, 0.5611334443092346, 0.7461697459220886, 0.35827359557151794, -0.827257513999939, 0.5201096534729004, 0.21244044601917267], "cam_t_m2c": [-34.48549270629883, -356.13934326171875, 579.7105102539062], "obj_id": 1}, {"cam_R_m2c": [-0.8748841881752014, -0.22383806109428406, -0.42950439453125, 0.3534271717071533, -0.9013951420783997, -0.2501518428325653, -0.33115968108177185, -0.370652437210083, 0.8677269220352173], "cam_t_m2c": [-144.83937072753906, -62.228981018066406, 834.3005981445312], "obj_id": 3}, {"cam_R_m2c": [0.36356788873672485, -0.7011746764183044, -0.6133290529251099, 0.680000901222229, -0.25025084614753723, 0.6891831159591675, -0.6367238163948059, -0.6676291227340698, 0.38581618666648865], "cam_t_m2c": [-136.47442626953125, -198.3793182373047, 569.494140625], "obj_id": 1}, {"cam_R_m2c": [0.942375898361206, 0.0802246630191803, 0.32479482889175415, 0.32049787044525146, 0.06198573857545853, -0.9452189207077026, -0.09596250206232071, 0.9948475360870361, 0.03270203247666359], "cam_t_m2c": [-344.2919616699219, -134.41224670410156, 540.3421630859375], "obj_id": 1}, {"cam_R_m2c": [0.5050029754638672, 0.29510509967803955, -0.8111010789871216, 0.39250120520591736, 0.758427619934082, 0.520317554473877, 0.7687098383903503, -0.5811200737953186, 0.26717907190322876], "cam_t_m2c": [-76.73670196533203, -125.28042602539062, 922.4942626953125], "obj_id": 1}, {"cam_R_m2c": [0.11848936975002289, 0.7857634425163269, 0.607071578502655, 0.9256641268730164, -0.30864566564559937, 0.21882310509681702, 0.35931330919265747, 0.5360162258148193, -0.763924241065979], "cam_t_m2c": [-376.72833251953125, -358.14190673828125, 797.6785888671875], "obj_id": 3}, {"cam_R_m2c": [0.9649680256843567, -0.25356045365333557, 0.06740746647119522, 0.21819446980953217, 0.9182380437850952, 0.3304997682571411, -0.14569777250289917, -0.3042137622833252, 0.9413958191871643], "cam_t_m2c": [-266.3280334472656, -346.7669372558594, 616.8574829101562], "obj_id": 1}, {"cam_R_m2c": [-0.5755810737609863, -0.08847668766975403, 0.8129441142082214, 0.5864590406417847, -0.7374725937843323, 0.33496227860450745, 0.5698877573013306, 0.6695564389228821, 0.4763633906841278], "cam_t_m2c": [-98.95878601074219, -200.71112060546875, 1008.5017700195312], "obj_id": 1}, {"cam_R_m2c": [-0.9160950779914856, -0.3362407386302948, -0.21843089163303375, 0.32212454080581665, -0.2927866280078888, -0.9002842903137207, 0.2387586086988449, -0.8951079249382019, 0.376531720161438], "cam_t_m2c": [-219.86688232421875, -166.81527709960938, 865.5296020507812], "obj_id": 3}, {"cam_R_m2c": [0.48461228609085083, 0.8247389793395996, 0.29147303104400635, 0.0378386527299881, 0.3131382167339325, -0.9489534497261047, -0.8739102482795715, 0.4709034264087677, 0.12054362893104553], "cam_t_m2c": [-90.47818756103516, -300.80426025390625, 519.5587768554688], "obj_id": 1}, {"cam_R_m2c": [-0.006900035310536623, -0.4739139974117279, 0.8805440068244934, 0.6316012144088745, 0.680620014667511, 0.3712630271911621, -0.7752626538276672, 0.5587144494056702, 0.294628381729126], "cam_t_m2c": [-208.52548217773438, -265.23211669921875, 551.9679565429688], "obj_id": 3}, {"cam_R_m2c": [-0.3854818046092987, 0.8487193584442139, -0.362048476934433, 0.8984307646751404, 0.43466395139694214, 0.06236449256539345, 0.21029937267303467, -0.3012351393699646, -0.9300706386566162], "cam_t_m2c": [-79.27901458740234, -42.85441970825195, 747.4340209960938], "obj_id": 3}, {"cam_R_m2c": [0.8685348033905029, 0.14204315841197968, 0.47483786940574646, 0.3535015881061554, 0.49398237466812134, -0.7943664193153381, -0.3473958373069763, 0.8577908277511597, 0.3788284361362457], "cam_t_m2c": [-155.13238525390625, -186.8673095703125, 749.4639892578125], "obj_id": 3}, {"cam_R_m2c": [0.3248462975025177, -0.18870922923088074, 0.9267489910125732, 0.04069261625409126, -0.9761953949928284, -0.21304142475128174, 0.9448909759521484, 0.10691756010055542, -0.3094344139099121], "cam_t_m2c": [-40.98211669921875, -53.83256912231445, 798.8529052734375], "obj_id": 3}, {"cam_R_m2c": [-0.29210585355758667, -0.9484066963195801, 0.12328431755304337, 0.7808910012245178, -0.31093829870224, -0.5417810678482056, 0.5521625876426697, -0.061985768377780914, 0.8314290642738342], "cam_t_m2c": [-96.56426239013672, -333.3222961425781, 769.4191284179688], "obj_id": 1}, {"cam_R_m2c": [0.9826996922492981, 0.05259297788143158, -0.17758187651634216, 0.17209643125534058, 0.0950222834944725, 0.9804863929748535, 0.06844092905521393, -0.9940848350524902, 0.08432730287313461], "cam_t_m2c": [-202.92041015625, -174.08425903320312, 954.86767578125], "obj_id": 3}, {"cam_R_m2c": [-0.40959998965263367, -0.9105424284934998, 0.05603739991784096, 0.8088043928146362, -0.3908745050430298, -0.4393773376941681, 0.421975314617157, -0.13464568555355072, 0.8965530395507812], "cam_t_m2c": [-304.202392578125, -177.71307373046875, 695.946533203125], "obj_id": 3}, {"cam_R_m2c": [0.5382611155509949, 0.7208699584007263, 0.4366022050380707, 0.8417676687240601, -0.4852096736431122, -0.23664037883281708, 0.041256677359342575, 0.4948919713497162, -0.8679745197296143], "cam_t_m2c": [-177.60491943359375, -276.28912353515625, 900.398193359375], "obj_id": 3}, {"cam_R_m2c": [0.74012690782547, -0.39258721470832825, -0.5459738373756409, 0.235524520277977, 0.9118051528930664, -0.3363622725009918, 0.6298732757568359, 0.12036053836345673, 0.7673154473304749], "cam_t_m2c": [-32.4619026184082, -328.48291015625, 648.3331298828125], "obj_id": 1}, {"cam_R_m2c": [0.38747885823249817, -0.897318422794342, 0.2113756537437439, 0.9119352102279663, 0.406673401594162, 0.054689083248376846, -0.13503436744213104, 0.1715700477361679, 0.9758736491203308], "cam_t_m2c": [-51.89442825317383, -453.4764099121094, 824.8194580078125], "obj_id": 3}, {"cam_R_m2c": [-0.9775548577308655, 0.08960846811532974, 0.19067466259002686, 0.21019719541072845, 0.4761287569999695, 0.8538843989372253, -0.014270416460931301, 0.8747981190681458, -0.4842774271965027], "cam_t_m2c": [-111.322998046875, -116.35397338867188, 721.333984375], "obj_id": 3}, {"cam_R_m2c": [-0.5514888167381287, -0.8242396712303162, -0.12840965390205383, 0.2365955114364624, -0.006938593927770853, -0.9715834259986877, 0.7999266386032104, -0.5661985278129578, 0.1988379806280136], "cam_t_m2c": [-294.239013671875, -242.21531677246094, 686.9088745117188], "obj_id": 1}, {"cam_R_m2c": [-0.5655948519706726, -0.5810601711273193, 0.5852106809616089, 0.7097175121307373, 0.01844736561179161, 0.70424485206604, -0.4200042188167572, 0.8136515021324158, 0.4019548296928406], "cam_t_m2c": [-87.78788757324219, -329.4012756347656, 856.8495483398438], "obj_id": 1}, {"cam_R_m2c": [-0.9061412215232849, -0.3840152621269226, -0.17731444537639618, -0.19261233508586884, 0.7478467226028442, -0.635315477848053, 0.37657487392425537, -0.541532576084137, -0.751620888710022], "cam_t_m2c": [-22.32992172241211, -410.71453857421875, 736.1777954101562], "obj_id": 1}, {"cam_R_m2c": [0.5357052683830261, 0.02188560552895069, 0.8441213369369507, 0.7526741623878479, -0.46550774574279785, -0.46560078859329224, 0.3827551007270813, 0.8847731351852417, -0.26584765315055847], "cam_t_m2c": [-306.08831787109375, -8.028585433959961, 705.0615844726562], "obj_id": 1}, {"cam_R_m2c": [0.28612637519836426, 0.7756220698356628, 0.5626206994056702, 0.9006251096725464, -0.4181484282016754, 0.11843248456716537, 0.32711783051490784, 0.47282370924949646, -0.8181880116462708], "cam_t_m2c": [-43.63753128051758, -497.4631652832031, 783.8492431640625], "obj_id": 1}, {"cam_R_m2c": [-0.2816328704357147, -0.39547544717788696, 0.8742323517799377, -0.942236602306366, -0.058175817131996155, -0.3298572599887848, 0.18130959570407867, -0.9166322946548462, -0.3562472462654114], "cam_t_m2c": [-142.7027587890625, -71.4804916381836, 737.9625244140625], "obj_id": 3}, {"cam_R_m2c": [0.788020133972168, -0.6156116724014282, 0.006822188384830952, 0.3828408122062683, 0.4813210368156433, -0.7885194420814514, 0.48213812708854675, 0.6239809393882751, 0.614971935749054], "cam_t_m2c": [-53.30819320678711, -180.82635498046875, 688.559326171875], "obj_id": 3}, {"cam_R_m2c": [0.6532483696937561, 0.7075113654136658, 0.26961877942085266, 0.6968075633049011, -0.7010840773582458, 0.15146039426326752, 0.29618537425994873, 0.08893115073442459, -0.9509812593460083], "cam_t_m2c": [-230.2327423095703, -250.82373046875, 629.1766357421875], "obj_id": 3}, {"cam_R_m2c": [-0.19920280575752258, 0.11174110323190689, -0.9735665917396545, -0.4598666727542877, 0.8666350841522217, 0.19356204569339752, 0.8653557300567627, 0.4862690269947052, -0.12125009298324585], "cam_t_m2c": [-241.0947723388672, -143.1195526123047, 541.2078857421875], "obj_id": 1}, {"cam_R_m2c": [0.21906466782093048, 0.580133855342865, -0.7845096588134766, 0.22787277400493622, -0.8122239708900452, -0.5369974970817566, -0.9487279653549194, -0.06113119423389435, -0.3101263642311096], "cam_t_m2c": [-128.03292846679688, -236.31715393066406, 790.2623291015625], "obj_id": 3}, {"cam_R_m2c": [-0.9535252451896667, 0.2511543035507202, 0.1664668321609497, -0.29492366313934326, -0.891111433506012, -0.34487754106521606, 0.0617230050265789, -0.3779444396495819, 0.9237685203552246], "cam_t_m2c": [-308.1821594238281, -272.08404541015625, 628.21484375], "obj_id": 1}, {"cam_R_m2c": [0.541439414024353, -0.5937337875366211, 0.5952508449554443, 0.4009959399700165, 0.804659903049469, 0.4378637373447418, -0.7389490008354187, 0.0016164759872481227, 0.6737594604492188], "cam_t_m2c": [-248.14613342285156, -342.3193664550781, 574.8302001953125], "obj_id": 1}, {"cam_R_m2c": [0.7396475076675415, 0.2408277690410614, 0.6284294724464417, -0.1473158299922943, 0.9690723419189453, -0.1979820430278778, -0.6566731929779053, 0.053859319537878036, 0.7522496581077576], "cam_t_m2c": [-234.736083984375, -230.6146697998047, 821.6434936523438], "obj_id": 3}, {"cam_R_m2c": [0.6419935822486877, 0.2728841304779053, -0.7165043950080872, -0.25372758507728577, -0.8062466979026794, -0.5344048738479614, -0.7235099077224731, 0.5248814225196838, -0.4483669698238373], "cam_t_m2c": [26.186241149902344, -66.51790618896484, 785.197998046875], "obj_id": 3}, {"cam_R_m2c": [-0.9510623216629028, -0.30719125270843506, -0.0333738774061203, -0.2641521096229553, 0.8643126487731934, -0.42800381779670715, 0.16032449901103973, -0.3982425630092621, -0.9031604528427124], "cam_t_m2c": [-45.54822540283203, -186.60336303710938, 992.2413330078125], "obj_id": 3}, {"cam_R_m2c": [0.836307168006897, 0.2618131637573242, -0.48170965909957886, 0.2965039610862732, 0.5230627059936523, 0.7990561723709106, 0.4611677825450897, -0.8110852241516113, 0.359812468290329], "cam_t_m2c": [-308.0817565917969, -382.6203308105469, 640.25244140625], "obj_id": 1}, {"cam_R_m2c": [-0.8709899187088013, -0.44762346148490906, -0.2025088369846344, -0.4911007285118103, 0.8050001859664917, 0.33285844326019287, 0.014024403877556324, 0.38936859369277954, -0.9209752678871155], "cam_t_m2c": [-231.06707763671875, -206.68234252929688, 939.4104614257812], "obj_id": 1}, {"cam_R_m2c": [0.3841327726840973, 0.3574696481227875, -0.8512680530548096, -0.43559396266937256, -0.7427748441696167, -0.5084713101387024, -0.8140637278556824, 0.5661277174949646, -0.12961238622665405], "cam_t_m2c": [-240.63662719726562, -218.26113891601562, 960.3707885742188], "obj_id": 3}, {"cam_R_m2c": [-0.8776975274085999, -0.3605426549911499, -0.31568339467048645, 0.4459364712238312, -0.3732873499393463, -0.8135092258453369, 0.17546413838863373, -0.8547897934913635, 0.4884124994277954], "cam_t_m2c": [-83.0787582397461, -174.5124969482422, 750.3453369140625], "obj_id": 3}, {"cam_R_m2c": [-0.5089369416236877, -0.44482314586639404, 0.73696368932724, 0.8412730693817139, -0.4383644759654999, 0.3163796663284302, 0.18232573568820953, 0.7810050845146179, 0.5973176956176758], "cam_t_m2c": [-294.0318603515625, 48.6405029296875, 665.4750366210938], "obj_id": 3}, {"cam_R_m2c": [0.8464556336402893, 0.2807702422142029, 0.4524167478084564, 0.00031389971263706684, -0.8499369025230408, 0.5268843173980713, 0.5324591398239136, -0.4458422064781189, -0.7195219993591309], "cam_t_m2c": [-116.41226959228516, -12.068387031555176, 749.5968627929688], "obj_id": 3}, {"cam_R_m2c": [0.14890742301940918, 0.6562755107879639, -0.7396817207336426, -0.7452907562255859, 0.5661036372184753, 0.3522333800792694, 0.6498986482620239, 0.4988277852535248, 0.5734131336212158], "cam_t_m2c": [-362.7959899902344, -341.9523010253906, 713.309814453125], "obj_id": 3}, {"cam_R_m2c": [-0.7490792274475098, -0.46447622776031494, -0.4723791182041168, -0.1468925178050995, -0.5788454413414001, 0.802097499370575, -0.6459897756576538, 0.670223593711853, 0.3653731048107147], "cam_t_m2c": [-243.0840606689453, -151.72157287597656, 717.230224609375], "obj_id": 3}, {"cam_R_m2c": [-0.029781047254800797, 0.9566871523857117, -0.2895902693271637, 0.5788120627403259, -0.21969565749168396, -0.7853088974952698, -0.8149167895317078, -0.19100579619407654, -0.5471992492675781], "cam_t_m2c": [-258.3262939453125, -393.7885437011719, 618.0698852539062], "obj_id": 3}, {"cam_R_m2c": [0.9825456142425537, -0.17816954851150513, -0.053476206958293915, 0.18301285803318024, 0.9773449897766113, 0.10631570219993591, 0.03332247957587242, -0.11424686014652252, 0.992893397808075], "cam_t_m2c": [-323.7278747558594, -121.0638198852539, 856.5516357421875], "obj_id": 1}, {"cam_R_m2c": [-0.7462199926376343, 0.3926238417625427, -0.5375892519950867, 0.07556326687335968, -0.7523790597915649, -0.654382050037384, -0.6613969206809998, -0.5289350152015686, 0.5317723751068115], "cam_t_m2c": [-300.6253967285156, -451.1960754394531, 752.8303833007812], "obj_id": 3}, {"cam_R_m2c": [-0.9387027621269226, 0.3335287570953369, -0.08715113997459412, -0.06548411399126053, 0.0756860226392746, 0.9949790239334106, 0.33845028281211853, 0.9396967887878418, -0.04920566827058792], "cam_t_m2c": [-249.10157775878906, -204.91368103027344, 668.5281372070312], "obj_id": 1}, {"cam_R_m2c": [-0.564455509185791, 0.8242641091346741, -0.044480156153440475, -0.6944847106933594, -0.5033280849456787, -0.514151394367218, -0.4461846947669983, -0.259324848651886, 0.8565452694892883], "cam_t_m2c": [-124.66224670410156, -23.92148208618164, 730.447021484375], "obj_id": 3}, {"cam_R_m2c": [0.7334226369857788, -0.28414493799209595, 0.617537796497345, -0.6738057136535645, -0.42398500442504883, 0.6051632165908813, 0.08987268060445786, -0.8599408864974976, -0.5024186968803406], "cam_t_m2c": [-108.74285125732422, -263.9946594238281, 555.6013793945312], "obj_id": 3}, {"cam_R_m2c": [-0.3545670211315155, -0.38998815417289734, 0.8498184680938721, 0.9188892245292664, 0.022815333679318428, 0.3938553035259247, -0.17298778891563416, 0.9205371737480164, 0.35026636719703674], "cam_t_m2c": [-127.04229736328125, -302.5157470703125, 570.6344604492188], "obj_id": 1}, {"cam_R_m2c": [0.2498694509267807, -0.1492900550365448, -0.9567014575004578, 0.6564786434173584, -0.7001670598983765, 0.28071650862693787, -0.711759090423584, -0.