{
  "0": [{"cam_R_m2c": [-0.748199462890625, 0.6505328416824341, 0.1304013431072235, 0.26313653588294983, 0.4713760316371918, -0.8417623043060303, -0.6090620756149292, -0.5954927802085876, -0.5238622426986694], "cam_t_m2c": [128.3895721435547, 90.1301040649414, 100.09229278564453], "obj_id": 0}, {"cam_R_m2c": [-0.748199462890625, 0.6505328416824341, 0.1304013431072235, 0.26313653588294983, 0.4713760316371918, -0.8417623043060303, -0.6090620756149292, -0.5954927802085876, -0.5238622426986694], "cam_t_m2c": [128.3895721435547, 90.1301040649414, 100.09229278564453], "obj_id": 0}, {"cam_R_m2c": [-0.748199462890625, 0.6505328416824341, 0.1304013431072235, 0.26313653588294983, 0.4713760316371918, -0.8417623043060303, -0.6090620756149292, -0.5954927802085876, -0.5238622426986694], "cam_t_m2c": [128.3895721435547, 90.1301040649414, 100.09229278564453], "obj_id": 2}, {"cam_R_m2c": [-0.748199462890625, 0.6505328416824341, 0.1304013431072235, 0.26313653588294983, 0.4713760316371918, -0.8417623043060303, -0.6090620756149292, -0.5954927802085876, -0.5238622426986694], "cam_t_m2c": [128.3895721435547, 90.1301040649414, 100.09229278564453], "obj_id": 3}, {"cam_R_m2c": [-0.748199462890625, 0.6505328416824341, 0.1304013431072235, 0.26313653588294983, 0.4713760316371918, -0.8417623043060303, -0.6090620756149292, -0.5954927802085876, -0.5238622426986694], "cam_t_m2c": [128.3895721435547, 90.1301040649414, 100.09229278564453], "obj_id": 0}, {"cam_R_m2c": [-0.748199462890625, 0.6505328416824341, 0.1304013431072235, 0.26313653588294983, 0.4713760316371918, -0.8417623043060303, -0.6090620756149292, -0.5954927802085876, -0.5238622426986694], "cam_t_m2c": [128.3895721435547, 90.1301040649414, 100.09229278564453], "obj_id": 1}, {"cam_R_m2c": [-0.748199462890625, 0.6505328416824341, 0.1304013431072235, 0.26313653588294983, 0.4713760316371918, -0.8417623043060303, -0.6090620756149292, -0.5954927802085876, -0.5238622426986694], "cam_t_m2c": [128.3895721435547, 90.1301040649414, 100.09229278564453], "obj_id": 2}, {"cam_R_m2c": [-0.748199462890625, 0.6505328416824341, 0.1304013431072235, 0.26313653588294983, 0.4713760316371918, -0.8417623043060303, -0.6090620756149292, -0.5954927802085876, -0.5238622426986694], "cam_t_m2c": [128.3895721435547, 90.1301040649414, 100.09229278564453], "obj_id": 0}, {"cam_R_m2c": [-0.748199462890625, 0.6505328416824341, 0.1304013431072235, 0.26313653588294983, 0.4713760316371918, -0.8417623043060303, -0.6090620756149292, -0.5954927802085876, -0.5238622426986694], "cam_t_m2c": [128.3895721435547, 90.1301040649414, 100.09229278564453], "obj_id": 2}, {"cam_R_m2c": [-0.748199462890625, 0.6505328416824341, 0.1304013431072235, 0.26313653588294983, 0.4713760316371918, -0.8417623043060303, -0.6090620756149292, -0.5954927802085876, -0.5238622426986694], "cam_t_m2c": [128.3895721435547, 90.1301040649414, 100.09229278564453], "obj_id": 1}, {"cam_R_m2c": [-0.748199462890625, 0.6505328416824341, 0.1304013431072235, 0.26313653588294983, 0.4713760316371918, -0.8417623043060303, -0.6090620756149292, -0.5954927802085876, -0.5238622426986694], "cam_t_m2c": [128.3895721435547, 90.1301040649414, 100.09229278564453], "obj_id": 1}, {"cam_R_m2c": [-0.748199462890625, 0.6505328416824341, 0.1304013431072235, 0.26313653588294983, 0.4713760316371918, -0.8417623043060303, -0.6090620756149292, -0.5954927802085876, -0.5238622426986694], "cam_t_m2c": [128.3895721435547, 90.1301040649414, 100.09229278564453], "obj_id": 1}, {"cam_R_m2c": [-0.748199462890625, 0.6505328416824341, 0.1304013431072235, 0.26313653588294983, 0.4713760316371918, -0.8417623043060303, -0.6090620756149292, -0.5954927802085876, -0.5238622426986694], "cam_t_m2c": [128.3895721435547, 90.1301040649414, 100.09229278564453], "obj_id": 0}, {"cam_R_m2c": [-0.748199462890625, 0.6505328416824341, 0.1304013431072235, 0.26313653588294983, 0.4713760316371918, -0.8417623043060303, -0.6090620756149292, -0.5954927802085876, -0.5238622426986694], "cam_t_m2c": [128.3895721435547, 90.1301040649414, 100.09229278564453], "obj_id": 3}, {"cam_R_m2c": [-0.748199462890625, 0.6505328416824341, 0.1304013431072235, 0.26313653588294983, 0.4713760316371918, -0.8417623043060303, -0.6090620756149292, -0.5954927802085876, -0.5238622426986694], "cam_t_m2c": [128.3895721435547, 90.1301040649414, 100.09229278564453], "obj_id": 1}, {"cam_R_m2c": [-0.748199462890625, 0.6505328416824341, 0.1304013431072235, 0.26313653588294983, 0.4713760316371918, -0.8417623043060303, -0.6090620756149292, -0.5954927802085876, -0.5238622426986694], "cam_t_m2c": [128.3895721435547, 90.1301040649414, 100.09229278564453], "obj_id": 2}, {"cam_R_m2c": [-0.748199462890625, 0.6505328416824341, 0.1304013431072235, 0.26313653588294983, 0.4713760316371918, -0.8417623043060303, -0.6090620756149292, -0.5954927802085876, -0.5238622426986694], "cam_t_m2c": [128.3895721435547, 90.1301040649414, 100.09229278564453], "obj_id": 3}, {"cam_R_m2c": [-0.748199462890625, 0.6505328416824341, 0.1304013431072235, 0.26313653588294983, 0.4713760316371918, -0.8417623043060303, -0.6090620756149292, -0.5954927802085876, -0.5238622426986694], "cam_t_m2c": [128.3895721435547, 90.1301040649414, 100.09229278564453], "obj_id": 0}, {"cam_R_m2c": [-0.748199462890625, 0.6505328416824341, 0.1304013431072235, 0.26313653588294983, 0.4713760316371918, -0.8417623043060303, -0.6090620756149292, -0.5954927802085876, -0.5238622426986694], "cam_t_m2c": [128.3895721435547, 90.1301040649414, 100.09229278564453], "obj_id": 1}, {"cam_R_m2c": [-0.748199462890625, 0.6505328416824341, 0.1304013431072235, 0.26313653588294983, 0.4713760316371918, -0.8417623043060303, -0.6090620756149292, -0.5954927802085876, -0.5238622426986694], "cam_t_m2c": [128.3895721435547, 90.1301040649414, 100.09229278564453], "obj_id": 1}, {"cam_R_m2c": [-0.748199462890625, 0.6505328416824341, 0.1304013431072235, 0.26313653588294983, 0.4713760316371918, -0.8417623043060303, -0.6090620756149292, -0.5954927802085876, -0.5238622426986694], "cam_t_m2c": [128.3895721435547, 90.1301040649414, 100.09229278564453], "obj_id": 0}, {"cam_R_m2c": [-0.748199462890625, 0.6505328416824341, 0.1304013431072235, 0.26313653588294983, 0.4713760316371918, -0.8417623043060303, -0.6090620756149292, -0.5954927802085876, -0.5238622426986694], "cam_t_m2c": [128.3895721435547, 90.1301040649414, 100.09229278564453], "obj_id": 0}, {"cam_R_m2c": [-0.748199462890625, 0.6505328416824341, 0.1304013431072235, 0.26313653588294983, 0.4713760316371918, -0.8417623043060303, -0.6090620756149292, -0.5954927802085876, -0.5238622426986694], "cam_t_m2c": [128.3895721435547, 90.1301040649414, 100.09229278564453], "obj_id": 3}, {"cam_R_m2c": [-0.748199462890625, 0.6505328416824341, 0.1304013431072235, 0.26313653588294983, 0.4713760316371918, -0.8417623043060303, -0.6090620756149292, -0.5954927802085876, -0.5238622426986694], "cam_t_m2c": [128.3895721435547, 90.1301040649414, 100.09229278564453], "obj_id": 3}, {"cam_R_m2c": [-0.04421555995941162, -0.5244919657707214, -0.8502664566040039, -0.9625528454780579, -0.20549501478672028, 0.17681558430194855, -0.26746392250061035, 0.8262444138526917, -0.4957651197910309], "cam_t_m2c": [-65.17904663085938, 303.1809387207031, -276.73297119140625], "obj_id": 0}, {"cam_R_m2c": [-0.6339671611785889, -0.013925284147262573, -0.773234486579895, 0.33550748229026794, -0.9058004021644592, -0.2587665617465973, -0.6967927813529968, -0.4234754741191864, 0.5789199471473694], "cam_t_m2c": [115.85917663574219, 83.3393325805664, 79.20011901855469], "obj_id": 3}, {"cam_R_m2c": [0.969386637210846, 0.21183450520038605, 0.12415989488363266, 0.21915516257286072, -0.5184234976768494, -0.8265639543533325, -0.11072735488414764, 0.8284703493118286, -0.5489774346351624], "cam_t_m2c": [124.55651092529297, 168.73300170898438, -54.76946258544922], "obj_id": 3}, {"cam_R_m2c": [0.4976086914539337, 0.8337004780769348, -0.23943495750427246, -0.8646263480186462, 0.4546813666820526, -0.21374289691448212, -0.06933096051216125, 0.313382089138031, 0.9470928311347961], "cam_t_m2c": [-24.014196395874023, -22.66619300842285, 192.4755859375], "obj_id": 3}, {"cam_R_m2c": [0.5739894509315491, 0.7985811233520508, 0.18111951649188995, 0.6107556223869324, -0.5648431181907654, 0.5549141764640808, 0.5454481244087219, -0.20789510011672974, -0.8119519352912903], "cam_t_m2c": [-950.3558349609375, 6455.64599609375, 4283.1943359375], "obj_id": 2}]
}