{
  "0": [{"cam_R_m2c": [0.2058504968881607, -0.1201736256480217, -0.9711765050888062, -0.8706210851669312, 0.43064841628074646, -0.23782528936862946, 0.44681593775749207, 0.894483208656311, -0.015976501628756523], "cam_t_m2c": [-433.3241882324219, -256.48394775390625, 560.4041748046875], "obj_id": 3}, {"cam_R_m2c": [-0.999701738357544, 0.017186425626277924, 0.017349204048514366, -0.017096638679504395, 0.01473518181592226, -0.99974524974823, -0.017437690868973732, -0.9997437000274658, -0.014436926692724228], "cam_t_m2c": [-396.87481689453125, -46.115901947021484, 350.8692321777344], "obj_id": 3}, {"cam_R_m2c": [-0.0570039376616478, 0.8742650151252747, 0.4820902943611145, -0.44932737946510315, -0.4536730647087097, 0.7696008086204529, 0.8915466070175171, -0.17274604737758636, 0.4186924993991852], "cam_t_m2c": [-198.38523864746094, -73.97493743896484, 412.3857421875], "obj_id": 3}, {"cam_R_m2c": [-0.735765278339386, 0.21110078692436218, -0.6434947848320007, 0.6474766731262207, -0.059306275099515915, -0.7597739696502686, -0.19855225086212158, -0.9756633639335632, -0.09304714947938919], "cam_t_m2c": [-454.8670654296875, -54.732078552246094, 360.4729309082031], "obj_id": 3}, {"cam_R_m2c": [0.818227231502533, -0.44462063908576965, -0.3644401431083679, 0.19597171247005463, -0.38024160265922546, 0.9038868546485901, -0.540462076663971, -0.8110048174858093, -0.22399096190929413], "cam_t_m2c": [-572.0668334960938, -64.23687744140625, 446.32403564453125], "obj_id": 3}, {"cam_R_m2c": [0.985210657119751, -0.17133662104606628, 0.0019362925086170435, -0.10629671812057495, -0.6022806167602539, 0.7911758422851562, -0.1343912035226822, -0.7796806693077087, -0.611585795879364], "cam_t_m2c": [-428.67108154296875, -126.04454040527344, 671.4390258789062], "obj_id": 3}, {"cam_R_m2c": [0.24594178795814514, -0.7101922631263733, 0.6596511006355286, 0.00612906226888299, -0.6794015169143677, -0.733741044998169, 0.9692652225494385, 0.18450063467025757, -0.16274039447307587], "cam_t_m2c": [-339.107421875, -199.2974395751953, 702.883056640625], "obj_id": 3}, {"cam_R_m2c": [-0.1068594679236412, 0.8564639091491699, 0.5050252079963684, 0.49492305517196655, -0.3947151005268097, 0.7741129994392395, 0.8623409867286682, 0.3326700031757355, -0.38170456886291504], "cam_t_m2c": [-425.79443359375, -270.76092529296875, 599.9801635742188], "obj_id": 3}, {"cam_R_m2c": [-0.5895651578903198, -0.8077201247215271, -0.0010148336878046393, 0.8076679706573486, -0.5895117521286011, -0.012178083881735802, 0.009238227270543575, -0.007999422959983349, 0.9999253153800964], "cam_t_m2c": [-424.3172607421875, -57.603614807128906, 281.7287902832031], "obj_id": 3}, {"cam_R_m2c": [-0.689020037651062, 0.6768532991409302, 0.2590770125389099, 0.5865311622619629, 0.7307562232017517, -0.3492513597011566, -0.42571407556533813, -0.08868443965911865, -0.9005012512207031], "cam_t_m2c": [-366.9702453613281, -47.276580810546875, 414.478271484375], "obj_id": 3}, {"cam_R_m2c": [0.5577095746994019, 0.0656861886382103, -0.8274329900741577, 0.7775391340255737, -0.39023634791374207, 0.49310076236724854, -0.2905045449733734, -0.9183685779571533, -0.2687121033668518], "cam_t_m2c": [-178.13742065429688, -30.65537452697754, 628.3336791992188], "obj_id": 3}, {"cam_R_m2c": [0.5588530898094177, -0.426082968711853, 0.711432695388794, -0.3085584342479706, -0.9031482934951782, -0.29852062463760376, 0.7697238922119141, -0.052689407020807266, -0.6361986398696899], "cam_t_m2c": [-372.00628662109375, -125.45274353027344, 649.8612060546875], "obj_id": 3}, {"cam_R_m2c": [-0.8482019901275635, 0.21111638844013214, 0.485781192779541, -0.3276958167552948, -0.9297022223472595, -0.16813510656356812, 0.4161357581615448, -0.3018009662628174, 0.8577570915222168], "cam_t_m2c": [-374.44842529296875, -297.7742004394531, 723.1528930664062], "obj_id": 3}, {"cam_R_m2c": [0.1355280727148056, 0.6729970574378967, 0.72712242603302, 0.7943049669265747, -0.5124700665473938, 0.32627278566360474, 0.5922091603279114, 0.5333378911018372, -0.6040189862251282], "cam_t_m2c": [-416.7507629394531, -353.9635925292969, 688.612060546875], "obj_id": 3}, {"cam_R_m2c": [0.11441022157669067, 0.9646946787834167, 0.23722247779369354, -0.9741986393928528, 0.15571162104606628, -0.16337357461452484, -0.19454392790794373, -0.21241019666194916, 0.9576191902160645], "cam_t_m2c": [-260.8708801269531, -72.44438934326172, 650.1112060546875], "obj_id": 3}, {"cam_R_m2c": [-0.9483363628387451, 0.26647037267684937, -0.17219685018062592, 0.29018938541412354, 0.5091233253479004, -0.8102984428405762, -0.1282511055469513, -0.8184051513671875, -0.5601470470428467], "cam_t_m2c": [-396.3052673339844, 13.1454496383667, 656.3519897460938], "obj_id": 3}, {"cam_R_m2c": [-0.9578057527542114, 0.2645961046218872, 0.1122356653213501, -0.26995569467544556, -0.9622246026992798, -0.03532053530216217, 0.0986502543091774, -0.06412886828184128, 0.993053674697876], "cam_t_m2c": [-273.6619873046875, -165.55714416503906, 333.5461730957031], "obj_id": 3}, {"cam_R_m2c": [-0.0685909166932106, 0.4556354582309723, 0.8875198364257812, 0.8528940081596375, 0.4882960617542267, -0.1847667545080185, -0.5175586938858032, 0.7442870736122131, -0.4221014082431793], "cam_t_m2c": [-314.0499267578125, -252.84686279296875, 641.6149291992188], "obj_id": 3}, {"cam_R_m2c": [0.08754067867994308, 0.8703992366790771, 0.48450151085853577, -0.5090044140815735, 0.45716628432273865, -0.7293239831924438, -0.8563007712364197, -0.18276794254779816, 0.48305776715278625], "cam_t_m2c": [-272.25311279296875, -47.55976104736328, 284.2727966308594], "obj_id": 3}, {"cam_R_m2c": [0.3641204833984375, 0.6254220604896545, -0.6901184320449829, 0.9313225150108337, -0.2386314570903778, 0.27512404322624207, 0.007384650409221649, -0.7429012060165405, -0.6693602204322815], "cam_t_m2c": [-216.09622192382812, -310.1270751953125, 364.48004150390625], "obj_id": 3}, {"cam_R_m2c": [0.30188795924186707, 0.8290629982948303, 0.4706571102142334, 0.8253834247589111, -0.4743524193763733, 0.30615657567977905, 0.47708046436309814, 0.2960476279258728, -0.8274961709976196], "cam_t_m2c": [-552.9330444335938, -99.5350341796875, 307.25], "obj_id": 3}, {"cam_R_m2c": [0.6881728172302246, 0.651648759841919, -0.3190172612667084, 0.4610081613063812, -0.7322502732276917, -0.5012792944908142, -0.5602585077285767, 0.19789722561836243, -0.8043301701545715], "cam_t_m2c": [-181.4019317626953, -212.1309356689453, 480.0139465332031], "obj_id": 3}, {"cam_R_m2c": [-0.6767849326133728, -0.08972763270139694, -0.7306921482086182, 0.41263630986213684, -0.868209183216095, -0.2755793631076813, -0.6096665859222412, -0.48801809549331665, 0.6246158480644226], "cam_t_m2c": [-320.1996765136719, -220.48687744140625, 728.0654296875], "obj_id": 3}, {"cam_R_m2c": [0.3372674584388733, 0.3250209093093872, 0.8835225105285645, 0.31860342621803284, 0.8437224626541138, -0.4320003092288971, -0.8858569264411926, 0.42719295620918274, 0.18100734055042267], "cam_t_m2c": [-404.45465087890625, -182.814453125, 720.4957885742188], "obj_id": 3}, {"cam_R_m2c": [0.8528141379356384, 0.36872008442878723, 0.3698020577430725, 0.17451190948486328, 0.46620792150497437, -0.8672921657562256, -0.49219268560409546, 0.8041738867759705, 0.33324265480041504], "cam_t_m2c": [-336.9968566894531, -253.7694549560547, 675.85595703125], "obj_id": 3}, {"cam_R_m2c": [0.6660459041595459, 0.7295677661895752, -0.15528583526611328, 0.2011222243309021, -0.37612560391426086, -0.9044773578643799, -0.718284547328949, 0.5711919665336609, -0.3972491919994354], "cam_t_m2c": [-493.1106262207031, -241.36111450195312, 341.58355712890625], "obj_id": 3}, {"cam_R_m2c": [-0.24295710027217865, 0.39357125759124756, -0.8866077065467834, 0.7118602991104126, -0.5485487580299377, -0.438575804233551, -0.6589586138725281, -0.73769611120224, -0.146893709897995], "cam_t_m2c": [-237.9278106689453, -247.03355407714844, 519.806396484375], "obj_id": 3}, {"cam_R_m2c": [0.6159358620643616, 0.6839677095413208, -0.39091071486473083, 0.7512283325195312, -0.6593602299690247, 0.03000006638467312, -0.23723191022872925, -0.3121413290500641, -0.9199395179748535], "cam_t_m2c": [-150.72714233398438, -110.80913543701172, 327.2459411621094], "obj_id": 3}, {"cam_R_m2c": [-0.8775302767753601, 0.4402787685394287, -0.1899871528148651, -0.2224065512418747, -0.7247080206871033, -0.6521759629249573, -0.42482447624206543, -0.5300498008728027, 0.7338742017745972], "cam_t_m2c": [-134.7271728515625, -38.86538314819336, 667.9736328125], "obj_id": 1}, {"cam_R_m2c": [0.8358488082885742, 0.45270398259162903, 0.3105091154575348, -0.24150274693965912, -0.20471854507923126, 0.9485604166984558, 0.49298402667045593, -0.867841899394989, -0.06178450211882591], "cam_t_m2c": [-505.752685546875, -115.65728759765625, 445.5289611816406], "obj_id": 1}, {"cam_R_m2c": [0.23820450901985168, -0.932365357875824, -0.27194368839263916, 0.5946632623672485, 0.3613961935043335, -0.7181701064109802, 0.767876386642456, 0.00935643445700407, 0.6405296921730042], "cam_t_m2c": [-375.91656494140625, -300.2904357910156, 596.233154296875], "obj_id": 1}, {"cam_R_m2c": [0.07302253693342209, 0.5637391209602356, 0.822718620300293, -0.2346746325492859, 0.811471164226532, -0.5352030992507935, -0.9693273305892944, -0.1539893001317978, 0.19155095517635345], "cam_t_m2c": [-532.6504516601562, -161.25514221191406, 339.7735595703125], "obj_id": 1}, {"cam_R_m2c": [0.3156144917011261, 0.3912811577320099, -0.8644574284553528, -0.9487753510475159, 0.11612153798341751, -0.293838769197464, -0.014591413550078869, 0.9129155874252319, 0.4078875184059143], "cam_t_m2c": [-138.9131317138672, -92.49015045166016, 690.24658203125], "obj_id": 1}, {"cam_R_m2c": [0.7180610299110413, -0.4705072045326233, 0.5128462314605713, -0.43255022168159485, 0.27557823061943054, 0.8584619164466858, -0.5452417731285095, -0.8382598161697388, -0.005636012181639671], "cam_t_m2c": [-85.22197723388672, -250.3068084716797, 471.4424133300781], "obj_id": 1}, {"cam_R_m2c": [-0.9639849066734314, 0.21690398454666138, 0.15390056371688843, -0.2098056524991989, -0.9758285880088806, 0.061153966933488846, 0.1634451448917389, 0.026662299409508705, 0.9861920475959778], "cam_t_m2c": [-160.13418579101562, -197.9089813232422, 715.5924682617188], "obj_id": 1}, {"cam_R_m2c": [-0.9482260942459106, -0.2337891012430191, 0.2149650603532791, 0.29660212993621826, -0.40986597537994385, 0.8625758290290833, -0.1135539710521698, 0.8816759586334229, 0.4579879343509674], "cam_t_m2c": [-372.0004577636719, -29.517118453979492, 415.50213623046875], "obj_id": 1}, {"cam_R_m2c": [-0.410931259393692, -0.48653560876846313, 0.77098548412323, 0.6073717474937439, 0.48456981778144836, 0.6295170187950134, -0.6798787713050842, 0.7269629836082458, 0.09638306498527527], "cam_t_m2c": [-265.8280334472656, -95.9824447631836, 384.3663635253906], "obj_id": 1}, {"cam_R_m2c": [0.6250154972076416, -0.024898527190089226, 0.7802151441574097, 0.7304912805557251, 0.3710271716117859, -0.5733422636985779, -0.2752056419849396, 0.9282881617546082, 0.25008589029312134], "cam_t_m2c": [-119.5965347290039, -69.76142120361328, 652.0436401367188], "obj_id": 1}, {"cam_R_m2c": [-0.3345009684562683, 0.21753539144992828, -0.916944682598114, 0.8352385759353638, 0.5190512537956238, -0.18155519664287567, 0.4364466369152069, -0.8265979290008545, -0.3553171157836914], "cam_t_m2c": [-459.5596008300781, -270.2765808105469, 518.0427856445312], "obj_id": 1}, {"cam_R_m2c": [0.7773852944374084, -0.5962235331535339, 0.2004733383655548, -0.3307762145996094, -0.6585577130317688, -0.6759355068206787, 0.5350319147109985, 0.4591505229473114, -0.7091696858406067], "cam_t_m2c": [-421.9550476074219, -22.002634048461914, 596.9439086914062], "obj_id": 1}, {"cam_R_m2c": [0.314329594373703, 0.9329185485839844, -0.17566953599452972, -0.8748245239257812, 0.3565168082714081, 0.32799044251441956, 0.36861753463745117, 0.05058293789625168, 0.9282038807868958], "cam_t_m2c": [-77.62052154541016, -193.8522186279297, 702.2623901367188], "obj_id": 1}, {"cam_R_m2c": [0.019875578582286835, 0.8280860185623169, 0.5602485537528992, -0.21546150743961334, -0.5436448454856873, 0.8111883997917175, 0.9763100147247314, -0.13683483004570007, 0.16761542856693268], "cam_t_m2c": [-216.9093780517578, -83.03682708740234, 290.55523681640625], "obj_id": 1}, {"cam_R_m2c": [0.7926456928253174, 0.2796390652656555, -0.5417701005935669, 0.6048307418823242, -0.4725465476512909, 0.6409987211227417, -0.07676336914300919, -0.8357640504837036, -0.5436962842941284], "cam_t_m2c": [-449.3832092285156, -122.07671356201172, 699.420166015625], "obj_id": 1}, {"cam_R_m2c": [0.16530217230319977, 0.9638863801956177, 0.20880179107189178, 0.4600752890110016, -0.2626308798789978, 0.8481484055519104, 0.8723565340042114, -0.044136229902505875, -0.4868737757205963], "cam_t_m2c": [-475.27655029296875, -87.1106948852539, 566.6140747070312], "obj_id": 1}, {"cam_R_m2c": [0.9565598964691162, -0.18083785474300385, 0.22867196798324585, 0.014793063513934612, -0.7532517910003662, -0.6575658917427063, 0.29116037487983704, 0.6323839426040649, -0.7178553342819214], "cam_t_m2c": [-332.05267333984375, -268.6318054199219, 628.501220703125], "obj_id": 1}, {"cam_R_m2c": [-0.9497131705284119, 0.1965087205171585, 0.24378091096878052, -0.16310253739356995, -0.9750521779060364, 0.15056808292865753, 0.2672870457172394, 0.10323521494865417, 0.9580710530281067], "cam_t_m2c": [-336.2961120605469, -92.4269027709961, 691.7884521484375], "obj_id": 1}, {"cam_R_m2c": [0.6125941276550293, -0.5784704685211182, 0.5386095643043518, 0.2715616822242737, 0.7939977049827576, 0.5438951253890991, -0.7422820329666138, -0.18692120909690857, 0.6434887647628784], "cam_t_m2c": [-443.330078125, -141.13742065429688, 612.7886962890625], "obj_id": 1}, {"cam_R_m2c": [-0.844325602054596, -0.19595500826835632, 0.49871382117271423, -0.5122819542884827, 0.022318800911307335, -0.8585271239280701, 0.1571020781993866, -0.9803587198257446, -0.11922834068536758], "cam_t_m2c": [-388.6452941894531, -36.642208099365234, 277.42669677734375], "obj_id": 1}, {"cam_R_m2c": [0.05086873471736908, -0.90679931640625, -0.41848230361938477, -0.15119194984436035, -0.4211875796318054, 0.8942830562591553, -0.9871947765350342, 0.017780054360628128, -0.15852610766887665], "cam_t_m2c": [-182.7181854248047, -119.13654327392578, 427.8397216796875], "obj_id": 1}, {"cam_R_m2c": [-0.08971982449293137, -0.9169616103172302, -0.3887566328048706, 0.6764389276504517, 0.2303905487060547, -0.6995359659194946, 0.7310135364532471, -0.32573238015174866, 0.5995979309082031], "cam_t_m2c": [-315.57470703125, -224.6903533935547, 498.9596862792969], "obj_id": 1}, {"cam_R_m2c": [0.5626817345619202, -0.44711458683013916, 0.6953256726264954, 0.8103348612785339, 0.1319163739681244, -0.5709251165390015, 0.16354411840438843, 0.8846957683563232, 0.43653950095176697], "cam_t_m2c": [-273.6479797363281, 12.905754089355469, 388.6912536621094], "obj_id": 1}, {"cam_R_m2c": [0.4664735496044159, 0.5287539958953857, -0.7090991139411926, 0.34193727374076843, -0.8471353650093079, -0.4067436754703522, -0.8157703280448914, -0.052732281386852264, -0.5759668946266174], "cam_t_m2c": [-431.2746276855469, -95.43073272705078, 358.2846374511719], "obj_id": 1}, {"cam_R_m2c": [-0.4355432391166687, -0.8553892970085144, -0.28037700057029724, 0.8728469610214233, -0.47747084498405457, 0.10079594701528549, -0.22009161114692688, -0.20082521438598633, 0.9545831084251404], "cam_t_m2c": [-272.7848205566406, 65.84772491455078, 404.6438903808594], "obj_id": 1}, {"cam_R_m2c": [0.848080039024353, 0.13685357570648193, -0.5118899345397949, -0.31970205903053284, -0.6382491588592529, -0.7003060579299927, -0.4225527346134186, 0.7575678825378418, -0.49753400683403015], "cam_t_m2c": [-247.134033203125, 0.8428841829299927, 407.9696960449219], "obj_id": 1}, {"cam_R_m2c": [0.6067143082618713, -0.6411457657814026, -0.4699254035949707, 0.031443897634744644, -0.5713412761688232, 0.8201099634170532, -0.7942978143692017, -0.5123487114906311, -0.32648077607154846], "cam_t_m2c": [-374.6045227050781, -158.26556396484375, 651.5925903320312], "obj_id": 1}, {"cam_R_m2c": [-0.8897173404693604, -0.2873670756816864, -0.354716032743454, -0.19167181849479675, 0.940356969833374, -0.28105276823043823, 0.4143249988555908, -0.18206842243671417, -0.8917320966720581], "cam_t_m2c": [-202.3582305908203, -277.9851989746094, 536.1387939453125], "obj_id": 1}, {"cam_R_m2c": [0.7019281387329102, 0.5089210271835327, 0.498293399810791, -0.5458363890647888, 0.8338019847869873, -0.08268509060144424, -0.45755821466445923, -0.21394768357276917, 0.8630567193031311], "cam_t_m2c": [-296.7881164550781, -332.71881103515625, 471.4005432128906], "obj_id": 1}, {"cam_R_m2c": [0.3434133529663086, -0.48824024200439453, 0.8023021221160889, 0.4073159098625183, 0.8471604585647583, 0.341193288564682, -0.8462629914283752, 0.20962010324001312, 0.48979422450065613], "cam_t_m2c": [-239.724365234375, -107.00188446044922, 456.0557861328125], "obj_id": 1}, {"cam_R_m2c": [0.5902051329612732, 0.40552636981010437, 0.6980016231536865, -0.39339688420295715, -0.6105511784553528, 0.6873615384101868, 0.7049090266227722, -0.6802759170532227, -0.2008175551891327], "cam_t_m2c": [-324.58270263671875, -192.87545776367188, 338.0472717285156], "obj_id": 1}, {"cam_R_m2c": [-0.6479513049125671, 0.7261447906494141, -0.22994114458560944, 0.749640941619873, 0.6614212393760681, -0.023672029376029968, 0.13489864766597748, -0.18771161139011383, -0.9729166626930237], "cam_t_m2c": [-482.40533447265625, -101.51808166503906, 608.3810424804688], "obj_id": 1}, {"cam_R_m2c": [-0.8909975290298462, 0.011934333480894566, 0.45385098457336426, 0.4529532492160797, -0.04472925513982773, 0.8904114365577698, 0.030926916748285294, 0.9989277720451355, 0.03444809839129448], "cam_t_m2c": [-420.59649658203125, 18.837648391723633, 597.4644165039062], "obj_id": 1}, {"cam_R_m2c": [0.31580957770347595, 0.6527020335197449, 0.6886540651321411, 0.8653469085693359, -0.4958150386810303, 0.07309124618768692, 0.38915178179740906, 0.5728417038917542, -0.7213968634605408], "cam_t_m2c": [-341.9453125, -254.61172485351562, 617.8649291992188], "obj_id": 1}, {"cam_R_m2c": [0.612315833568573, -0.7546998262405396, -0.23557908833026886, -0.7866304516792297, -0.551685631275177, -0.2772282660007477, 0.0792585238814354, 0.35506492853164673, -0.9314756393432617], "cam_t_m2c": [-412.4128112792969, -233.75733947753906, 379.0403747558594], "obj_id": 1}, {"cam_R_m2c": [0.3083423674106598, -0.8417729735374451, 0.4431063234806061, 0.31787240505218506, -0.34785380959510803, -0.8820174336433411, 0.8965947031974792, 0.41281458735466003, 0.16031835973262787], "cam_t_m2c": [-185.8648681640625, -77.90454864501953, 346.8222351074219], "obj_id": 1}, {"cam_R_m2c": [0.9270697236061096, 0.36755800247192383, -0.0737755075097084, -0.04559469223022461, -0.08478500694036484, -0.9953555464744568, -0.3721059262752533, 0.9261277914047241, -0.06184292212128639], "cam_t_m2c": [-357.83709716796875, -138.43389892578125, 686.3679809570312], "obj_id": 1}, {"cam_R_m2c": [-0.5458735227584839, -0.2128126323223114, 0.8103906512260437, 0.2990063428878784, 0.8540421724319458, 0.4256843328475952, -0.7826988101005554, 0.4746817350387573, -0.40256670117378235], "cam_t_m2c": [-209.34486389160156, 41.74810791015625, 439.8472595214844], "obj_id": 1}, {"cam_R_m2c": [0.9084025025367737, 0.3051796555519104, -0.2857801914215088, 0.1841021627187729, -0.9056639075279236, -0.3819415271282196, -0.37538158893585205, 0.29434385895729065, -0.8788915872573853], "cam_t_m2c": [-436.54541015625, -23.760353088378906, 301.2480163574219], "obj_id": 1}, {"cam_R_m2c": [0.3324974477291107, 0.3836478292942047, -0.8615449666976929, 0.24041171371936798, -0.9178199768066406, -0.3159247934818268, -0.9119471311569214, -0.10208132863044739, -0.3974061608314514], "cam_t_m2c": [-202.88949584960938, -121.88544464111328, 342.47991943359375], "obj_id": 1}, {"cam_R_m2c": [0.20267896354198456, 0.7445279955863953, -0.6360812187194824, -0.9645441174507141, 0.26391685009002686, 0.0015731725143268704, 0.16904380917549133, 0.6132095456123352, 0.771620512008667], "cam_t_m2c": [-263.721923828125, -218.13003540039062, 608.48681640625], "obj_id": 1}, {"cam_R_m2c": [0.6712731122970581, -0.5183217525482178, -0.5298442840576172, 0.6569799184799194, 0.08510632812976837, 0.7490889430046082, -0.343176007270813, -0.8509402871131897, 0.3976565897464752], "cam_t_m2c": [-323.3739013671875, -140.8299560546875, 473.03570556640625], "obj_id": 1}, {"cam_R_m2c": [0.7874876260757446, 0.48150649666786194, -0.3847268223762512, 0.44540631771087646, -0.013150830753147602, 0.8952319025993347, 0.42600053548812866, -0.8763437867164612, -0.22482216358184814], "cam_t_m2c": [-450.0470275878906, -106.3248519897461, 413.0655517578125], "obj_id": 1}, {"cam_R_m2c": [0.3061962425708771, -0.9352109432220459, 0.17783202230930328, 0.8612412214279175, 0.3517278730869293, 0.36681199073791504, -0.4055950939655304, 0.04083982855081558, 0.913140058517456], "cam_t_m2c": [-288.6903991699219, -182.5586395263672, 643.4588012695312], "obj_id": 1}, {"cam_R_m2c": [0.16022267937660217, -0.4012320339679718, 0.901854395866394, -0.9148591160774231, 0.28269198536872864, 0.2883016765117645, -0.370622843503952, -0.87126225233078, -0.3217771053314209], "cam_t_m2c": [-157.48440551757812, -170.85646057128906, 640.8673095703125], "obj_id": 1}, {"cam_R_m2c": [-0.45797017216682434, 0.8881666660308838, -0.03772253915667534, 0.3908717632293701, 0.163072407245636, -0.9058843851089478, -0.7984248995780945, -0.42961281538009644, -0.42184147238731384], "cam_t_m2c": [-396.28070068359375, -96.49120330810547, 359.1532287597656], "obj_id": 1}, {"cam_R_m2c": [0.37601161003112793, -0.36195826530456543, 0.8529955744743347, -0.6263926029205322, -0.7776446342468262, -0.05386195331811905, 0.6828232407569885, -0.5140573978424072, -0.5191313624382019], "cam_t_m2c": [-231.96595764160156, 0.11039897799491882, 431.0618591308594], "obj_id": 1}, {"cam_R_m2c": [-0.018511148169636726, 0.9779665470123291, 0.20793946087360382, 0.42594146728515625, 0.19587202370166779, -0.883293867111206, -0.9045613408088684, 0.07221926003694534, -0.42018231749534607], "cam_t_m2c": [-254.42886352539062, -214.44940185546875, 640.20361328125], "obj_id": 1}, {"cam_R_m2c": [0.8716856837272644, -0.41303423047065735, -0.263755202293396, 0.32473239302635193, 0.8899004459381104, -0.3203530013561249, 0.36703264713287354, 0.1935972422361374, 0.9098390936851501], "cam_t_m2c": [-445.62042236328125, -306.9850158691406, 426.5600891113281], "obj_id": 1}, {"cam_R_m2c": [-0.695917546749115, -0.1095203086733818, 0.7097209692001343, -0.6426090598106384, -0.34617704153060913, -0.6835311651229858, 0.32054969668388367, -0.9317545890808105, 0.17053206264972687], "cam_t_m2c": [-415.69915771484375, -53.04811477661133, 311.10076904296875], "obj_id": 1}, {"cam_R_m2c": [-0.8739283680915833, -0.3147616386413574, 0.3703702390193939, 0.10171163827180862, -0.863551676273346, -0.4938957095146179, 0.4752933382987976, -0.39395856857299805, 0.7866974472999573], "cam_t_m2c": [-441.21893310546875, -10.128697395324707, 348.3853454589844], "obj_id": 1}, {"cam_R_m2c": [-0.1995692253112793, -0.18153737485408783, 0.9629207253456116, -0.16245093941688538, 0.9752196669578552, 0.15018746256828308, -0.9663238525390625, -0.12645457684993744, -0.22411474585533142], "cam_t_m2c": [-497.6584167480469, -221.74130249023438, 323.83807373046875], "obj_id": 1}, {"cam_R_m2c": [-0.4796823263168335, -0.31673523783683777, -0.8182808756828308, -0.560174822807312, -0.6072493195533752, 0.563429057598114, -0.6753584146499634, 0.7286473512649536, 0.11385969072580338], "cam_t_m2c": [-453.097900390625, -109.83300018310547, 419.41412353515625], "obj_id": 1}, {"cam_R_m2c": [0.7124820947647095, -0.6484084129333496, 0.2682085335254669, 0.6971336007118225, 0.6975951194763184, -0.165426105260849, -0.07983727008104324, 0.3048403263092041, 0.9490513205528259], "cam_t_m2c": [-418.1372375488281, -73.82450866699219, 528.0479125976562], "obj_id": 1}, {"cam_R_m2c": [0.6099474430084229, -0.617251992225647, -0.4969547986984253, 0.40550339221954346, -0.2956759035587311, 0.8649524450302124, -0.6808311939239502, -0.7290924191474915, 0.06995103508234024], "cam_t_m2c": [-414.31884765625, -198.18008422851562, 720.5858154296875], "obj_id": 3}, {"cam_R_m2c": [-0.5473434925079346, 0.8011392951011658, -0.24205553531646729, 0.5321485996246338, 0.556382417678833, 0.6381664276123047, 0.6459356546401978, 0.22048674523830414, -0.7308574914932251], "cam_t_m2c": [-252.44534301757812, 13.210206031799316, 623.995361328125], "obj_id": 1}, {"cam_R_m2c": [-0.20906031131744385, -0.8763740658760071, -0.4338918924331665, -0.7069512009620667, 0.44200506806373596, -0.5521335601806641, 0.6756579279899597, 0.19131116569042206, -0.7119594216346741], "cam_t_m2c": [-387.9474792480469, -324.83837890625, 367.70013427734375], "obj_id": 1}, {"cam_R_m2c": [-0.264154314994812, 0.5364738702774048, 0.8015099763870239, 0.9000175595283508, -0.16160519421100616, 0.4047865867614746, 0.34668561816215515, 0.8282991647720337, -0.4401472210884094], "cam_t_m2c": [-151.85879516601562, -251.41891479492188, 574.60009765625], "obj_id": 1}, {"cam_R_m2c": [0.6121523380279541, 0.34358713030815125, -0.7121919989585876, -0.7714760899543762, 0.4571012556552887, -0.44258683919906616, 0.1734767109155655, 0.8203696608543396, 0.5448848605155945], "cam_t_m2c": [-421.6787414550781, -305.4188537597656, 357.31341552734375], "obj_id": 1}, {"cam_R_m2c": [0.9867491722106934, 0.04752395674586296, -0.15513700246810913, 0.15200462937355042, 0.06366147100925446, 0.9863273501396179, 0.05675041675567627, -0.9968392252922058, 0.05559404566884041], "cam_t_m2c": [-353.2248229980469, -116.94300079345703, 708.2671508789062], "obj_id": 3}, {"cam_R_m2c": [0.24589098989963531, 0.7995875477790833, 0.5479026436805725, -0.8756895661354065, -0.05909917131066322, 0.4792441725730896, 0.41557830572128296, -0.5976344347000122, 0.6856585741043091], "cam_t_m2c": [-280.0676574707031, -294.68707275390625, 480.7049560546875], "obj_id": 1}, {"cam_R_m2c": [-0.6043308973312378, -0.519932746887207, -0.6037003397941589, -0.6932587623596191, 0.7165815830230713, 0.07683191448450089, 0.39265310764312744, 0.46495240926742554, -0.7935003042221069], "cam_t_m2c": [-76.2835464477539, -214.86253356933594, 495.8561706542969], "obj_id": 1}, {"cam_R_m2c": [-0.6406010985374451, 0.30156129598617554, 0.7061805725097656, 0.2145065814256668, -0.8127657771110535, 0.5416629314422607, 0.7373039722442627, 0.4984702467918396, 0.45597174763679504], "cam_t_m2c": [-472.1837158203125, -71.07185363769531, 696.595703125], "obj_id": 1}, {"cam_R_m2c": [0.05132152512669563, -0.9974923133850098, -0.0487336590886116, -0.018464213237166405, 0.04784202575683594, -0.9986841082572937, 0.9985113739967346, 0.05215369910001755, -0.015962472185492516], "cam_t_m2c": [-250.4848175048828, 60.893699645996094, 391.25482177734375], "obj_id": 3}, {"cam_R_m2c": [-0.6340115666389465, 0.6669472455978394, -0.3914214074611664, -0.7194292545318604, -0.32304444909095764, 0.6148689389228821, 0.2836386561393738, 0.6714340448379517, 0.6846352815628052], "cam_t_m2c": [-249.07554626464844, -146.36770629882812, 345.9272766113281], "obj_id": 1}, {"cam_R_m2c": [0.3938477337360382, -0.5035097599029541, -0.7690005302429199, 0.627347469329834, 0.758712112903595, -0.17547397315502167, 0.6718028783798218, -0.41332051157951355, 0.6146926283836365], "cam_t_m2c": [-521.4437255859375, 27.753061294555664, 659.3402709960938], "obj_id": 1}, {"cam_R_m2c": [0.7362354397773743, 0.599277913570404, -0.3143617510795593, 0.6290040612220764, -0.43464964628219604, 0.6445412039756775, 0.24962207674980164, -0.6722689270973206, -0.6969527006149292], "cam_t_m2c": [-343.6663818359375, -23.50596046447754, 614.8819580078125], "obj_id": 3}, {"cam_R_m2c": [0.04042312502861023, -0.7834303379058838, -0.6201635599136353, -0.9694599509239197, -0.18101198971271515, 0.16547515988349915, -0.24189530313014984, 0.5945347547531128, -0.7668214440345764], "cam_t_m2c": [-328.5881652832031, -334.3448181152344, 375.0021667480469], "obj_id": 1}, {"cam_R_m2c": [0.5946453809738159, 0.34958258271217346, -0.7240089178085327, -0.7604097127914429, 0.536994993686676, -0.36525797843933105, 0.2611013650894165, 0.767742395401001, 0.5851476192474365], "cam_t_m2c": [-236.5510711669922, -250.5201416015625, 402.4527587890625], "obj_id": 3}, {"cam_R_m2c": [0.5201659798622131, -0.39104127883911133, 0.7592852711677551, 0.1595376878976822, -0.8288883566856384, -0.536182701587677, 0.8390322327613831, 0.40003862977027893, -0.3687737286090851], "cam_t_m2c": [-357.8637390136719, -227.14434814453125, 700.9492797851562], "obj_id": 3}, {"cam_R_m2c": [-0.41290482878685, -0.35527288913726807, -0.8386243581771851, -0.8559722304344177, 0.46595367789268494, 0.22405070066452026, 0.31116095185279846, 0.810350775718689, -0.4964982271194458], "cam_t_m2c": [-347.2428894042969, -146.1947479248047, 560.1234741210938], "obj_id": 3}, {"cam_R_m2c": [-0.7008256912231445, -0.2353774756193161, -0.6733800172805786, 0.5432039499282837, 0.4357626140117645, -0.7176631689071655, 0.4623555541038513, -0.8687394857406616, -0.17753563821315765], "cam_t_m2c": [-417.1943664550781, -206.05221557617188, 717.2601318359375], "obj_id": 3}, {"cam_R_m2c": [0.24051256477832794, 0.6881524324417114, -0.6845436096191406, 0.4029761552810669, 0.5708036422729492, 0.7153974175453186, 0.8830423951148987, -0.44791680574417114, -0.14002355933189392], "cam_t_m2c": [-454.5675964355469, -127.35491943359375, 444.3489074707031], "obj_id": 1}, {"cam_R_m2c": [-0.7667898535728455, 0.4664669930934906, 0.4409555494785309, -0.5505678653717041, -0.8311201930046082, -0.07819316536188126, 0.33001255989074707, -0.3027336895465851, 0.8941163420677185], "cam_t_m2c": [-402.6462707519531, 38.49639129638672, 646.4808959960938], "obj_id": 3}, {"cam_R_m2c": [0.40734753012657166, 0.6648340821266174, -0.6261498928070068, 0.36126330494880676, 0.5123887062072754, 0.7790678143501282, 0.8387829661369324, -0.5435563325881958, -0.03145990148186684], "cam_t_m2c": [-198.1090087890625, -105.23334503173828, 524.754150390625], "obj_id": 3}, {"cam_R_m2c": [-0.1641295999288559, -0.9862694144248962, -0.01827840879559517, -0.4857891798019409, 0.09694160521030426, -0.8686835765838623, 0.8585280179977417, -0.1336972415447235, -0.495030015707016], "cam_t_m2c": [-432.2237854003906, 7.044544219970703, 536.0737915039062], "obj_id": 3}, {"cam_R_m2c": [-0.8180246949195862, 0.5735933184623718, -0.042732033878564835, 0.011027435772120953, 0.08991923183202744, 0.9958879351615906, 0.5750771164894104, 0.8141898512840271, -0.07988131046295166], "cam_t_m2c": [-446.6492919921875, -259.8410339355469, 410.0123291015625], "obj_id": 1}, {"cam_R_m2c": [0.06622812896966934, 0.7824059128761292, -0.6192372441291809, -0.5551288723945618, 0.5445780754089355, 0.6287024021148682, 0.8291234970092773, 0.302118718624115, 0.47040247917175293], "cam_t_m2c": [-558.5867309570312, -79.4500732421875, 364.42919921875], "obj_id": 3}, {"cam_R_m2c": [0.8684704899787903, -0.3272434175014496, 0.3723852038383484, 0.4942648112773895, 0.5136557817459106, -0.701327383518219, 0.038226932287216187, 0.7931390404701233, 0.6078397631645203], "cam_t_m2c": [-344.8287353515625, -210.85580444335938, 619.248779296875], "obj_id": 3}, {"cam_R_m2c": [0.1436057686805725, 0.9342251420021057, -0.32649752497673035, 0.8810712695121765, 0.02954273298382759, 0.47205981612205505, 0.4506557881832123, -0.3554581105709076, -0.8188764452934265], "cam_t_m2c": [-224.0578155517578, -101.83779907226562, 464.28460693359375], "obj_id": 1}, {"cam_R_m2c": [0.902435839176178, 0.08570560067892075, -0.4222133159637451, -0.18324150145053864, 0.9633073210716248, -0.19611617922782898, 0.3899129331111908, 0.2543492913246155, 0.8850278854370117], "cam_t_m2c": [-502.1813659667969, -64.98219299316406, 484.0875549316406], "obj_id": 1}, {"cam_R_m2c": [0.48474839329719543, 0.8272032737731934, 0.2841719686985016, 0.8599708080291748, -0.39147332310676575, -0.3274121880531311, -0.1595906764268875, 0.4030921459197998, -0.9011366963386536], "cam_t_m2c": [-525.2530517578125, -176.3465118408203, 372.1770935058594], "obj_id": 1}, {"cam_R_m2c": [-0.35635673999786377, -0.601944088935852, -0.7146139144897461, -0.19499415159225464, 0.7958958148956299, -0.5731728076934814, 0.9137762188911438, -0.06490850448608398, -0.40099841356277466], "cam_t_m2c": [-142.4595489501953, -139.51828002929688, 681.621337890625], "obj_id": 1}, {"cam_R_m2c": [-0.07722137123346329, -0.9967828989028931, -0.021462198346853256, -0.13306772708892822, 0.03163798898458481, -0.9906018376350403, 0.9880940318107605, -0.07363974303007126, -0.13508272171020508], "cam_t_m2c": [-560.7897338867188, -105.1857681274414, 309.5257568359375], "obj_id": 1}, {"cam_R_m2c": [-0.18428832292556763, 0.7382816672325134, -0.6488279104232788, 0.5384759306907654, -0.4764098525047302, -0.6950373649597168, -0.8222415447235107, -0.4774656295776367, -0.3097499907016754], "cam_t_m2c": [-311.9926452636719, -191.17578125, 661.7847900390625], "obj_id": 3}, {"cam_R_m2c": [-0.7351412773132324, 0.36401066184043884, -0.5718945264816284, -0.1687186062335968, 0.7188225984573364, 0.6744094491004944, 0.6565829515457153, 0.5922755599021912, -0.467020720243454], "cam_t_m2c": [-398.18975830078125, -253.45748901367188, 556.5250854492188], "obj_id": 3}, {"cam_R_m2c": [-0.4290398359298706, -0.8554433584213257, 0.29007092118263245, -0.3157986104488373, -0.15881110727787018, -0.9354410767555237, 0.8462834358215332, -0.4929456412792206, -0.2020113319158554], "cam_t_m2c": [-251.0430145263672, -181.3647918701172, 443.04132080078125], "obj_id": 3}, {"cam_R_m2c": [-0.4122145175933838, -0.024391504004597664, 0.9107601642608643, 0.9055127501487732, 0.09943901002407074, 0.4125026762485504, -0.10062660276889801, 0.994744598865509, -0.018903305754065514], "cam_t_m2c": [-163.00997924804688, -270.9170837402344, 503.7626037597656], "obj_id": 1}, {"cam_R_m2c": [0.3561441898345947, -0.7190430164337158, 0.5967732071876526, -0.9239525198936462, -0.1756049543619156, 0.3398151993751526, -0.13954535126686096, -0.6724133491516113, -0.7269023060798645], "cam_t_m2c": [-405.708740234375, -117.38175964355469, 535.7161865234375], "obj_id": 3}, {"cam_R_m2c": [0.6385481953620911, -0.3288980722427368, -0.6957602500915527, 0.6664471626281738, -0.2157737761735916, 0.7136456370353699, -0.3848433792591095, -0.9193845391273499, 0.08141117542982101], "cam_t_m2c": [-194.9831085205078, -132.29371643066406, 411.7618408203125], "obj_id": 1}, {"cam_R_m2c": [0.055085256695747375, 0.7559226751327515, -0.6523392200469971, -0.9873027205467224, 0.13872651755809784, 0.07738412171602249, 0.14899316430091858, 0.6397935748100281, 0.7539663314819336], "cam_t_m2c": [-242.08924865722656, -190.72314453125, 335.9051513671875], "obj_id": 1}, {"cam_R_m2c": [-0.33334845304489136, 0.11383435130119324, -0.9359062910079956, -0.8988261818885803, -0.33801570534706116, 0.2790284752845764, -0.2845880091190338, 0.9342307448387146, 0.21499429643154144], "cam_t_m2c": [-332.6333312988281, -33.35879135131836, 537.4310302734375], "obj_id": 3}, {"cam_R_m2c": [-0.25917932391166687, -0.7496427893638611, 0.6089840531349182, -0.8686953186988831, 0.45651763677597046, 0.19224995374679565, -0.4221307337284088, -0.47919440269470215, -0.7695310711860657], "cam_t_m2c": [-469.25146484375, -251.8966827392578, 710.3853759765625], "obj_id": 3}, {"cam_R_m2c": [0.5999369621276855, 0.7366945743560791, 0.31202036142349243, 0.7344355583190918, -0.3524493873119354, -0.5799859762191772, -0.3173011839389801, 0.5771138668060303, -0.7525021433830261], "cam_t_m2c": [-551.909912109375, -18.98419952392578, 673.6076049804688], "obj_id": 3}, {"cam_R_m2c": [-0.7938399314880371, 0.357458233833313, 0.4919773042201996, -0.19106332957744598, -0.9146429896354675, 0.35626235604286194, 0.5773325562477112, 0.18881648778915405, 0.7943773865699768], "cam_t_m2c": [-238.93319702148438, -95.2618179321289, 316.5774230957031], "obj_id": 1}, {"cam_R_m2c": [0.5271406173706055, 0.4523511528968811, 0.7193755507469177, 0.6311547160148621, 0.3584260940551758, -0.6878767013549805, -0.5690047740936279, 0.8166450262069702, -0.09656263142824173], "cam_t_m2c": [-383.7565002441406, 50.640743255615234, 606.6113891601562], "obj_id": 1}, {"cam_R_m2c": [-0.070325568318367, -0.8158060312271118, 0.574033796787262, -0.7467594742774963, 0.42458924651145935, 0.5119318962097168, -0.6613656878471375, -0.39266327023506165, -0.6390703916549683], "cam_t_m2c": [-390.0631408691406, 75.39183807373047, 603.0665283203125], "obj_id": 3}, {"cam_R_m2c": [0.7782351970672607, 0.5718345642089844, -0.259528785943985, 0.5265908241271973, -0.3690938353538513, 0.765814483165741, 0.342128723859787, -0.7326492667198181, -0.5883646607398987], "cam_t_m2c": [-401.57489013671875, -189.73228454589844, 582.4318237304688], "obj_id": 3}, {"cam_R_m2c": [0.6135273575782776, -0.16610972583293915, -0.772005021572113, 0.222452774643898, 0.9743892550468445, -0.032868534326553345, 0.7576931715011597, -0.1515689194202423, 0.6347660422325134], "cam_t_m2c": [-113.69596862792969, -191.54437255859375, 718.9013061523438], "obj_id": 3}, {"cam_R_m2c": [-0.938282310962677, -0.3060903251171112, 0.16104288399219513, -0.06694803386926651, -0.29608142375946045, -0.9528135061264038, 0.3393288254737854, -0.9047896862030029, 0.2573159635066986], "cam_t_m2c": [-318.3095703125, -211.96337890625, 724.1090698242188], "obj_id": 3}, {"cam_R_m2c": [-0.6884280443191528, -0.5736054182052612, 0.4438959062099457, 0.6097835898399353, -0.12634754180908203, 0.7824322581291199, -0.3927222192287445, 0.8093287944793701, 0.4367564022541046], "cam_t_m2c": [-215.73812866210938, -17.083749771118164, 374.32867431640625], "obj_id": 3}, {"cam_R_m2c": [0.8635246157646179, -0.1456049382686615, 0.48282966017723083, -0.04071168228983879, 0.9341607689857483, 0.3545224666595459, -0.5026607513427734, -0.32579565048217773, 0.8007429838180542], "cam_t_m2c": [-248.68446350097656, -129.99053955078125, 565.903564453125], "obj_id": 3}, {"cam_R_m2c": [0.6139147281646729, -0.7565704584121704, 0.22518855333328247, -0.7651363015174866, -0.6404852271080017, -0.06591711938381195, 0.19410090148448944, -0.13183245062828064, -0.972082793712616], "cam_t_m2c": [-272.32525634765625, -138.21372985839844, 305.0677490234375], "obj_id": 3}, {"cam_R_m2c": [-0.7460805773735046, 0.5354647636413574, -0.39577922224998474, -0.5806734561920166, -0.2323419451713562, 0.7802790999412537, 0.3258558511734009, 0.8119696378707886, 0.48427602648735046], "cam_t_m2c": [-239.74819946289062, 17.309276580810547, 637.153564453125], "obj_id": 1}, {"cam_R_m2c": [0.9452800154685974, -0.3229581415653229, -0.046300921589136124, -0.11009261012077332, -0.44933563470840454, 0.8865535259246826, -0.3071243166923523, -0.8329439163208008, -0.46030330657958984], "cam_t_m2c": [-322.5166320800781, 5.679864406585693, 300.5633239746094], "obj_id": 3}, {"cam_R_m2c": [0.5731201767921448, -0.6932843327522278, 0.4369097054004669, 0.8169164657592773, 0.5254239439964294, -0.23785941302776337, -0.06465860456228256, 0.4932407736778259, 0.8674864768981934], "cam_t_m2c": [-238.83428955078125, -151.31781005859375, 497.45135498046875], "obj_id": 1}, {"cam_R_m2c": [0.4300087094306946, -0.7147126793861389, -0.5516141653060913, 0.14723928272724152, -0.5472898483276367, 0.8238896727561951, -0.8907373547554016, -0.435498982667923, -0.13010554015636444], "cam_t_m2c": [-306.56243896484375, -219.25967407226562, 704.51171875], "obj_id": 3}, {"cam_R_m2c": [-0.867409348487854, 0.495150089263916, -0.0492682009935379, -0.17969726026058197, -0.40404027700424194, -0.8969171047210693, -0.4640149474143982, -0.7691409587860107, 0.439445436000824], "cam_t_m2c": [-318.4192810058594, -304.95172119140625, 419.9494934082031], "obj_id": 3}, {"cam_R_m2c": [0.6858564615249634, -0.1182391494512558, -0.7180671095848083, -0.16293644905090332, 0.9367136359214783, -0.3098696768283844, 0.7092620134353638, 0.3295254409313202, 0.6231856346130371], "cam_t_m2c": [-324.1258239746094, -273.10498046875, 388.3591003417969], "obj_id": 1}, {"cam_R_m2c": [0.36551326513290405, 0.21360237896442413, 0.9059658646583557, -0.8635652661323547, -0.2853982448577881, 0.4156959354877472, 0