{
  "0": [{"cam_R_m2c": [-0.6824313402175903, -0.7180752754211426, -0.13658460974693298, -0.15338134765625, 0.32337701320648193, -0.9337566494941711, 0.7146759033203125, -0.6162752509117126, -0.3308219611644745], "cam_t_m2c": [-42.511905670166016, -19.953523635864258, 291.63116455078125], "obj_id": 1}, {"cam_R_m2c": [-0.6824313402175903, -0.7180752754211426, -0.13658460974693298, -0.15338134765625, 0.32337701320648193, -0.9337566494941711, 0.7146759033203125, -0.6162752509117126, -0.3308219611644745], "cam_t_m2c": [-42.511905670166016, -19.953523635864258, 291.63116455078125], "obj_id": 2}, {"cam_R_m2c": [-0.6824313402175903, -0.7180752754211426, -0.13658460974693298, -0.15338134765625, 0.32337701320648193, -0.9337566494941711, 0.7146759033203125, -0.6162752509117126, -0.3308219611644745], "cam_t_m2c": [-42.511905670166016, -19.953523635864258, 291.63116455078125], "obj_id": 0}, {"cam_R_m2c": [-0.6824313402175903, -0.7180752754211426, -0.13658460974693298, -0.15338134765625, 0.32337701320648193, -0.9337566494941711, 0.7146759033203125, -0.6162752509117126, -0.3308219611644745], "cam_t_m2c": [-42.511905670166016, -19.953523635864258, 291.63116455078125], "obj_id": 1}, {"cam_R_m2c": [-0.6824313402175903, -0.7180752754211426, -0.13658460974693298, -0.15338134765625, 0.32337701320648193, -0.9337566494941711, 0.7146759033203125, -0.6162752509117126, -0.3308219611644745], "cam_t_m2c": [-42.511905670166016, -19.953523635864258, 291.63116455078125], "obj_id": 3}, {"cam_R_m2c": [-0.6824313402175903, -0.7180752754211426, -0.13658460974693298, -0.15338134765625, 0.32337701320648193, -0.9337566494941711, 0.7146759033203125, -0.6162752509117126, -0.3308219611644745], "cam_t_m2c": [-42.511905670166016, -19.953523635864258, 291.63116455078125], "obj_id": 2}, {"cam_R_m2c": [-0.6824313402175903, -0.7180752754211426, -0.13658460974693298, -0.15338134765625, 0.32337701320648193, -0.9337566494941711, 0.7146759033203125, -0.6162752509117126, -0.3308219611644745], "cam_t_m2c": [-42.511905670166016, -19.953523635864258, 291.63116455078125], "obj_id": 0}, {"cam_R_m2c": [-0.6824313402175903, -0.7180752754211426, -0.13658460974693298, -0.15338134765625, 0.32337701320648193, -0.9337566494941711, 0.7146759033203125, -0.6162752509117126, -0.3308219611644745], "cam_t_m2c": [-42.511905670166016, -19.953523635864258, 291.63116455078125], "obj_id": 1}, {"cam_R_m2c": [-0.6824313402175903, -0.7180752754211426, -0.13658460974693298, -0.15338134765625, 0.32337701320648193, -0.9337566494941711, 0.7146759033203125, -0.6162752509117126, -0.3308219611644745], "cam_t_m2c": [-42.511905670166016, -19.953523635864258, 291.63116455078125], "obj_id": 2}, {"cam_R_m2c": [-0.6824313402175903, -0.7180752754211426, -0.13658460974693298, -0.15338134765625, 0.32337701320648193, -0.9337566494941711, 0.7146759033203125, -0.6162752509117126, -0.3308219611644745], "cam_t_m2c": [-42.511905670166016, -19.953523635864258, 291.63116455078125], "obj_id": 2}, {"cam_R_m2c": [-0.6824313402175903, -0.7180752754211426, -0.13658460974693298, -0.15338134765625, 0.32337701320648193, -0.9337566494941711, 0.7146759033203125, -0.6162752509117126, -0.3308219611644745], "cam_t_m2c": [-42.511905670166016, -19.953523635864258, 291.63116455078125], "obj_id": 3}, {"cam_R_m2c": [-0.6824313402175903, -0.7180752754211426, -0.13658460974693298, -0.15338134765625, 0.32337701320648193, -0.9337566494941711, 0.7146759033203125, -0.6162752509117126, -0.3308219611644745], "cam_t_m2c": [-42.511905670166016, -19.953523635864258, 291.63116455078125], "obj_id": 2}, {"cam_R_m2c": [-0.6824313402175903, -0.7180752754211426, -0.13658460974693298, -0.15338134765625, 0.32337701320648193, -0.9337566494941711, 0.7146759033203125, -0.6162752509117126, -0.3308219611644745], "cam_t_m2c": [-42.511905670166016, -19.953523635864258, 291.63116455078125], "obj_id": 3}, {"cam_R_m2c": [-0.6824313402175903, -0.7180752754211426, -0.13658460974693298, -0.15338134765625, 0.32337701320648193, -0.9337566494941711, 0.7146759033203125, -0.6162752509117126, -0.3308219611644745], "cam_t_m2c": [-42.511905670166016, -19.953523635864258, 291.63116455078125], "obj_id": 1}, {"cam_R_m2c": [-0.6824313402175903, -0.7180752754211426, -0.13658460974693298, -0.15338134765625, 0.32337701320648193, -0.9337566494941711, 0.7146759033203125, -0.6162752509117126, -0.3308219611644745], "cam_t_m2c": [-42.511905670166016, -19.953523635864258, 291.63116455078125], "obj_id": 0}, {"cam_R_m2c": [-0.6824313402175903, -0.7180752754211426, -0.13658460974693298, -0.15338134765625, 0.32337701320648193, -0.9337566494941711, 0.7146759033203125, -0.6162752509117126, -0.3308219611644745], "cam_t_m2c": [-42.511905670166016, -19.953523635864258, 291.63116455078125], "obj_id": 0}, {"cam_R_m2c": [-0.6824313402175903, -0.7180752754211426, -0.13658460974693298, -0.15338134765625, 0.32337701320648193, -0.9337566494941711, 0.7146759033203125, -0.6162752509117126, -0.3308219611644745], "cam_t_m2c": [-42.511905670166016, -19.953523635864258, 291.63116455078125], "obj_id": 2}, {"cam_R_m2c": [-0.6824313402175903, -0.7180752754211426, -0.13658460974693298, -0.15338134765625, 0.32337701320648193, -0.9337566494941711, 0.7146759033203125, -0.6162752509117126, -0.3308219611644745], "cam_t_m2c": [-42.511905670166016, -19.953523635864258, 291.63116455078125], "obj_id": 2}, {"cam_R_m2c": [-0.6824313402175903, -0.7180752754211426, -0.13658460974693298, -0.15338134765625, 0.32337701320648193, -0.9337566494941711, 0.7146759033203125, -0.6162752509117126, -0.3308219611644745], "cam_t_m2c": [-42.511905670166016, -19.953523635864258, 291.63116455078125], "obj_id": 0}, {"cam_R_m2c": [-0.6824313402175903, -0.7180752754211426, -0.13658460974693298, -0.15338134765625, 0.32337701320648193, -0.9337566494941711, 0.7146759033203125, -0.6162752509117126, -0.3308219611644745], "cam_t_m2c": [-42.511905670166016, -19.953523635864258, 291.63116455078125], "obj_id": 3}, {"cam_R_m2c": [-0.6824313402175903, -0.7180752754211426, -0.13658460974693298, -0.15338134765625, 0.32337701320648193, -0.9337566494941711, 0.7146759033203125, -0.6162752509117126, -0.3308219611644745], "cam_t_m2c": [-42.511905670166016, -19.953523635864258, 291.63116455078125], "obj_id": 3}, {"cam_R_m2c": [-0.6824313402175903, -0.7180752754211426, -0.13658460974693298, -0.15338134765625, 0.32337701320648193, -0.9337566494941711, 0.7146759033203125, -0.6162752509117126, -0.3308219611644745], "cam_t_m2c": [-42.511905670166016, -19.953523635864258, 291.63116455078125], "obj_id": 1}, {"cam_R_m2c": [-0.6824313402175903, -0.7180752754211426, -0.13658460974693298, -0.15338134765625, 0.32337701320648193, -0.9337566494941711, 0.7146759033203125, -0.6162752509117126, -0.3308219611644745], "cam_t_m2c": [-42.511905670166016, -19.953523635864258, 291.63116455078125], "obj_id": 1}, {"cam_R_m2c": [-0.6824313402175903, -0.7180752754211426, -0.13658460974693298, -0.15338134765625, 0.32337701320648193, -0.9337566494941711, 0.7146759033203125, -0.6162752509117126, -0.3308219611644745], "cam_t_m2c": [-42.511905670166016, -19.953523635864258, 291.63116455078125], "obj_id": 2}, {"cam_R_m2c": [0.7921081185340881, 0.6083412170410156, 0.04985685274004936, -0.489339143037796, 0.6817308068275452, -0.5438660979270935, -0.3648451268672943, 0.4064038395881653, 0.8376896381378174], "cam_t_m2c": [-28.73774528503418, -15.22882080078125, 185.07203674316406], "obj_id": 3}, {"cam_R_m2c": [-0.8036491274833679, 0.43934938311576843, 0.4013976752758026, 0.5881239175796509, 0.4833558201789856, 0.648442268371582, 0.09087484329938889, 0.7571916580200195, -0.6468403339385986], "cam_t_m2c": [72.25817108154297, -73.02384185791016, 313.3724365234375], "obj_id": 3}, {"cam_R_m2c": [-0.3267238736152649, -0.7756136059761047, 0.5400695204734802, 0.7527410387992859, 0.13199648261070251, 0.6449479460716248, -0.5715177059173584, 0.6172523498535156, 0.5407097935676575], "cam_t_m2c": [-97.15287017822266, -76.8829574584961, 373.0200500488281], "obj_id": 3}, {"cam_R_m2c": [-0.49911385774612427, 0.12844130396842957, -0.8569645285606384, 0.8337555527687073, 0.34062129259109497, -0.4345443546772003, 0.23608693480491638, -0.9313860535621643, -0.2770974636077881], "cam_t_m2c": [1016.7055053710938, 7371.27392578125, 2760.125732421875], "obj_id": 0}, {"cam_R_m2c": [-0.9164846539497375, 0.3699113130569458, 0.1523859053850174, 0.3986278474330902, 0.8766533136367798, 0.2693970501422882, -0.03393660485744476, 0.3076435327529907, -0.9508962631225586], "cam_t_m2c": [787.0298461914062, 7610.25146484375, 2906.85791015625], "obj_id": 2}, {"cam_R_m2c": [0.2129383683204651, 0.2887249290943146, -0.9334319233894348, -0.6375067234039307, -0.6829156875610352, -0.35666707158088684, -0.7404339909553528, 0.6710172295570374, 0.03864513710141182], "cam_t_m2c": [-109.62946319580078, 0.8713286519050598, 149.74021911621094], "obj_id": 1}, {"cam_R_m2c": [-0.9019961357116699, -0.34157752990722656, -0.2640594244003296, -0.28935477137565613, 0.9321956038475037, -0.2174515277147293, 0.32043159008026123, -0.11973361670970917, -0.9396739602088928], "cam_t_m2c": [1131.9923095703125, 7384.8798828125, 3015.725341796875], "obj_id": 0}, {"cam_R_m2c": [-0.6473593711853027, 0.7525367140769958, -0.12088987231254578, -0.5150508284568787, -0.31500402092933655, 0.7971794605255127, 0.5618259906768799, 0.5783260464668274, 0.5915154814720154], "cam_t_m2c": [-72.52896881103516, 54.516448974609375, 126.23977661132812], "obj_id": 1}],
  "1": [{"cam_R_m2c": [0.7682101726531982, -0.6280729174613953, -0.12400596588850021, -0.20985069870948792, -0.06404512375593185, -0.9756335020065308, 0.6048270463943481, 0.7755143046379089, -0.18100164830684662], "cam_t_m2c": [117.5873794555664, -5.686988353729248, 209.28224182128906], "obj_id": 1}, {"cam_R_m2c": [0.7682101726531982, -0.6280729174613953, -0.12400596588850021, -0.20985069870948792, -0.06404512375593185, -0.9756335020065308, 0.6048270463943481, 0.7755143046379089, -0.18100164830684662], "cam_t_m2c": [117.5873794555664, -5.686988353729248, 209.28224182128906], "obj_id": 2}, {"cam_R_m2c": [0.7682101726531982, -0.6280729174613953, -0.12400596588850021, -0.20985069870948792, -0.06404512375593185, -0.9756335020065308, 0.6048270463943481, 0.7755143046379089, -0.18100164830684662], "cam_t_m2c": [117.5873794555664, -5.686988353729248, 209.28224182128906], "obj_id": 0}, {"cam_R_m2c": [0.7682101726531982, -0.6280729174613953, -0.12400596588850021, -0.20985069870948792, -0.06404512375593185, -0.9756335020065308, 0.6048270463943481, 0.7755143046379089, -0.18100164830684662], "cam_t_m2c": [117.5873794555664, -5.686988353729248, 209.28224182128906], "obj_id": 1}, {"cam_R_m2c": [0.7682101726531982, -0.6280729174613953, -0.12400596588850021, -0.20985069870948792, -0.06404512375593185, -0.9756335020065308, 0.6048270463943481, 0.7755143046379089, -0.18100164830684662], "cam_t_m2c": [117.5873794555664, -5.686988353729248, 209.28224182128906], "obj_id": 3}, {"cam_R_m2c": [0.7682101726531982, -0.6280729174613953, -0.12400596588850021, -0.20985069870948792, -0.06404512375593185, -0.9756335020065308, 0.6048270463943481, 0.7755143046379089, -0.18100164830684662], "cam_t_m2c": [117.5873794555664, -5.686988353729248, 209.28224182128906], "obj_id": 2}, {"cam_R_m2c": [0.7682101726531982, -0.6280729174613953, -0.12400596588850021, -0.20985069870948792, -0.06404512375593185, -0.9756335020065308, 0.6048270463943481, 0.7755143046379089, -0.18100164830684662], "cam_t_m2c": [117.5873794555664, -5.686988353729248, 209.28224182128906], "obj_id": 0}, {"cam_R_m2c": [0.7682101726531982, -0.6280729174613953, -0.12400596588850021, -0.20985069870948792, -0.06404512375593185, -0.9756335020065308, 0.6048270463943481, 0.7755143046379089, -0.18100164830684662], "cam_t_m2c": [117.5873794555664, -5.686988353729248, 209.28224182128906], "obj_id": 1}, {"cam_R_m2c": [0.7682101726531982, -0.6280729174613953, -0.12400596588850021, -0.20985069870948792, -0.06404512375593185, -0.9756335020065308, 0.6048270463943481, 0.7755143046379089, -0.18100164830684662], "cam_t_m2c": [117.5873794555664, -5.686988353729248, 209.28224182128906], "obj_id": 2}, {"cam_R_m2c": [0.7682101726531982, -0.6280729174613953, -0.12400596588850021, -0.20985069870948792, -0.06404512375593185, -0.9756335020065308, 0.6048270463943481, 0.7755143046379089, -0.18100164830684662], "cam_t_m2c": [117.5873794555664, -5.686988353729248, 209.28224182128906], "obj_id": 2}, {"cam_R_m2c": [0.7682101726531982, -0.6280729174613953, -0.12400596588850021, -0.20985069870948792, -0.06404512375593185, -0.9756335020065308, 0.6048270463943481, 0.7755143046379089, -0.18100164830684662], "cam_t_m2c": [117.5873794555664, -5.686988353729248, 209.28224182128906], "obj_id": 3}, {"cam_R_m2c": [0.7682101726531982, -0.6280729174613953, -0.12400596588850021, -0.20985069870948792, -0.06404512375593185, -0.9756335020065308, 0.6048270463943481, 0.7755143046379089, -0.18100164830684662], "cam_t_m2c": [117.5873794555664, -5.686988353729248, 209.28224182128906], "obj_id": 2}, {"cam_R_m2c": [0.7682101726531982, -0.6280729174613953, -0.12400596588850021, -0.20985069870948792, -0.06404512375593185, -0.9756335020065308, 0.6048270463943481, 0.7755143046379089, -0.18100164830684662], "cam_t_m2c": [117.5873794555664, -5.686988353729248, 209.28224182128906], "obj_id": 3}, {"cam_R_m2c": [0.7682101726531982, -0.6280729174613953, -0.12400596588850021, -0.20985069870948792, -0.06404512375593185, -0.9756335020065308, 0.6048270463943481, 0.7755143046379089, -0.18100164830684662], "cam_t_m2c": [117.5873794555664, -5.686988353729248, 209.28224182128906], "obj_id": 1}, {"cam_R_m2c": [0.7682101726531982, -0.6280729174613953, -0.12400596588850021, -0.20985069870948792, -0.06404512375593185, -0.9756335020065308, 0.6048270463943481, 0.7755143046379089, -0.18100164830684662], "cam_t_m2c": [117.5873794555664, -5.686988353729248, 209.28224182128906], "obj_id": 0}, {"cam_R_m2c": [0.7682101726531982, -0.6280729174613953, -0.12400596588850021, -0.20985069870948792, -0.06404512375593185, -0.9756335020065308, 0.6048270463943481, 0.7755143046379089, -0.18100164830684662], "cam_t_m2c": [117.5873794555664, -5.686988353729248, 209.28224182128906], "obj_id": 0}, {"cam_R_m2c": [0.7682101726531982, -0.6280729174613953, -0.12400596588850021, -0.20985069870948792, -0.06404512375593185, -0.9756335020065308, 0.6048270463943481, 0.7755143046379089, -0.18100164830684662], "cam_t_m2c": [117.5873794555664, -5.686988353729248, 209.28224182128906], "obj_id": 2}, {"cam_R_m2c": [0.7682101726531982, -0.6280729174613953, -0.12400596588850021, -0.20985069870948792, -0.06404512375593185, -0.9756335020065308, 0.6048270463943481, 0.7755143046379089, -0.18100164830684662], "cam_t_m2c": [117.5873794555664, -5.686988353729248, 209.28224182128906], "obj_id": 2}, {"cam_R_m2c": [0.7682101726531982, -0.6280729174613953, -0.12400596588850021, -0.20985069870948792, -0.06404512375593185, -0.9756335020065308, 0.6048270463943481, 0.7755143046379089, -0.18100164830684662], "cam_t_m2c": [117.5873794555664, -5.686988353729248, 209.28224182128906], "obj_id": 0}, {"cam_R_m2c": [0.7682101726531982, -0.6280729174613953, -0.12400596588850021, -0.20985069870948792, -0.06404512375593185, -0.9756335020065308, 0.6048270463943481, 0.7755143046379089, -0.18100164830684662], "cam_t_m2c": [117.5873794555664, -5.686988353729248, 209.28224182128906], "obj_id": 3}, {"cam_R_m2c": [0.7682101726531982, -0.6280729174613953, -0.12400596588850021, -0.20985069870948792, -0.06404512375593185, -0.9756335020065308, 0.6048270463943481, 0.7755143046379089, -0.18100164830684662], "cam_t_m2c": [117.5873794555664, -5.686988353729248, 209.28224182128906], "obj_id": 3}, {"cam_R_m2c": [0.7682101726531982, -0.6280729174613953, -0.12400596588850021, -0.20985069870948792, -0.06404512375593185, -0.9756335020065308, 0.6048270463943481, 0.7755143046379089, -0.18100164830684662], "cam_t_m2c": [117.5873794555664, -5.686988353729248, 209.28224182128906], "obj_id": 1}, {"cam_R_m2c": [0.7682101726531982, -0.6280729174613953, -0.12400596588850021, -0.20985069870948792, -0.06404512375593185, -0.9756335020065308, 0.6048270463943481, 0.7755143046379089, -0.18100164830684662], "cam_t_m2c": [117.5873794555664, -5.686988353729248, 209.28224182128906], "obj_id": 1}, {"cam_R_m2c": [0.7682101726531982, -0.6280729174613953, -0.12400596588850021, -0.20985069870948792, -0.06404512375593185, -0.9756335020065308, 0.6048270463943481, 0.7755143046379089, -0.18100164830684662], "cam_t_m2c": [117.5873794555664, -5.686988353729248, 209.28224182128906], "obj_id": 2}, {"cam_R_m2c": [-0.30071356892585754, 0.22299456596374512, 0.9272780418395996, -0.27342742681503296, 0.9113072156906128, -0.30782556533813477, -0.9136785864830017, -0.34611064195632935, -0.2130696028470993], "cam_t_m2c": [11.722418785095215, -19.504718780517578, 196.29840087890625], "obj_id": 3}, {"cam_R_m2c": [0.01339917816221714, 0.6159641742706299, -0.7876601815223694, 0.3026813268661499, 0.7482745051383972, 0.5903128385543823, 0.9529975652694702, -0.2463197112083435, -0.1764145791530609], "cam_t_m2c": [143.2552947998047, -13.0205078125, 83.78843688964844], "obj_id": 3}, {"cam_R_m2c": [-0.6944571733474731, 0.6197206377983093, 0.36561647057533264, 0.46772798895835876, 0.0026790392585098743, 0.883868396282196, 0.5467720031738281, 0.7848178744316101, -0.2917211353778839], "cam_t_m2c": [211.86878967285156, -58.54732894897461, 243.45164489746094], "obj_id": 3}, {"cam_R_m2c": [0.08774995803833008, -0.9871757626533508, -0.13335634768009186, 0.6582925319671631, 0.1579417586326599, -0.7360063195228577, 0.7476301193237305, -0.02320300042629242, 0.6637098789215088], "cam_t_m2c": [953.6858520507812, 7678.0791015625, 1660.604736328125], "obj_id": 0}, {"cam_R_m2c": [-0.06332827359437943, 0.09993395954370499, -0.992976725101471, 0.06499868631362915, 0.9932743906974792, 0.09581855684518814, 0.9958738684654236, -0.05847415700554848, -0.0693979263305664], "cam_t_m2c": [1060.9681396484375, 7855.6162109375, 1957.86328125], "obj_id": 2}, {"cam_R_m2c": [-0.6046974658966064, 0.7794948220252991, 0.1634891927242279, -0.6765855550765991, -0.39444926381111145, -0.6218051314353943, -0.420205682516098, -0.4866184592247009, 0.7659175395965576], "cam_t_m2c": [-21.548524856567383, -38.23590087890625, 277.4969787597656], "obj_id": 1}, {"cam_R_m2c": [0.4232470989227295, -0.2889912724494934, -0.858688473701477, -0.48976388573646545, 0.7243752479553223, -0.48519256711006165, 0.7622290849685669, 0.6259109973907471, 0.16505222022533417], "cam_t_m2c": [1194.152099609375, 7782.05712890625, 1559.7493896484375], "obj_id": 0}, {"cam_R_m2c": [0.6910774111747742, 0.5873342156410217, 0.42124873399734497, -0.5646181106567383, 0.07482627034187317, 0.8219533562660217, 0.4512408971786499, -0.8058780431747437, 0.3833303153514862], "cam_t_m2c": [-57.60504913330078, 18.225830078125, 259.64996337890625], "obj_id": 1}]
}