{
  "0": [{"cam_R_m2c": [-0.8396614193916321, 0.42073550820350647, -0.3434388339519501, 0.21263156831264496, -0.3272152543067932, -0.9207159876823425, -0.4997563660144806, -0.8461156487464905, 0.1852884441614151], "cam_t_m2c": [207.99652099609375, -306.18963623046875, 1021.41748046875], "obj_id": 0}, {"cam_R_m2c": [-0.4160781502723694, -0.8889874815940857, 0.1912596970796585, -0.3115609586238861, -0.05822887644171715, -0.948440432548523, 0.8542884588241577, -0.4542143642902374, -0.252746045589447], "cam_t_m2c": [257.60760498046875, -246.88052368164062, 1201.716796875], "obj_id": 2}, {"cam_R_m2c": [0.6687242984771729, 0.44802412390708923, 0.5933651924133301, -0.4571254849433899, 0.8771505355834961, -0.14711631834506989, -0.586382269859314, -0.17286209762096405, 0.7913751006126404], "cam_t_m2c": [287.74835205078125, -54.01295852661133, 1267.713623046875], "obj_id": 2}],
  "1": [{"cam_R_m2c": [-0.4514428377151489, -0.6904482245445251, 0.5652258396148682, -0.870740532875061, 0.20247572660446167, -0.4481230676174164, 0.19496135413646698, -0.6944671273231506, -0.6926074624061584], "cam_t_m2c": [155.65377807617188, 163.94338989257812, 605.2205200195312], "obj_id": 0}, {"cam_R_m2c": [0.9468592405319214, -0.29882127046585083, 0.11900994926691055, -0.29944631457328796, -0.9540243148803711, -0.01301778107881546, 0.11742837727069855, -0.023311085999011993, -0.9928076863288879], "cam_t_m2c": [292.043701171875, 254.27186584472656, 713.1785888671875], "obj_id": 2}, {"cam_R_m2c": [-0.4283616542816162, -0.5478899478912354, 0.7185561656951904, 0.4691002666950226, 0.5448179244995117, 0.6950671672821045, -0.7723026275634766, 0.634814977645874, 0.023636188358068466], "cam_t_m2c": [274.0325622558594, 326.5348205566406, 905.194580078125], "obj_id": 2}]
}