{
  "0": [{"cam_R_m2c": [-0.548560380935669, -0.5054887533187866, -0.6660048961639404, 0.15883438289165497, 0.7190442085266113, -0.6765700578689575, 0.8208855390548706, -0.47692403197288513, -0.3141501843929291], "cam_t_m2c": [-84.98963165283203, 173.2440948486328, 162.48915100097656], "obj_id": 0}, {"cam_R_m2c": [-0.548560380935669, -0.5054887533187866, -0.6660048961639404, 0.15883438289165497, 0.7190442085266113, -0.6765700578689575, 0.8208855390548706, -0.47692403197288513, -0.3141501843929291], "cam_t_m2c": [-84.98963165283203, 173.2440948486328, 162.48915100097656], "obj_id": 0}, {"cam_R_m2c": [-0.548560380935669, -0.5054887533187866, -0.6660048961639404, 0.15883438289165497, 0.7190442085266113, -0.6765700578689575, 0.8208855390548706, -0.47692403197288513, -0.3141501843929291], "cam_t_m2c": [-84.98963165283203, 173.2440948486328, 162.48915100097656], "obj_id": 2}, {"cam_R_m2c": [-0.548560380935669, -0.5054887533187866, -0.6660048961639404, 0.15883438289165497, 0.7190442085266113, -0.6765700578689575, 0.8208855390548706, -0.47692403197288513, -0.3141501843929291], "cam_t_m2c": [-84.98963165283203, 173.2440948486328, 162.48915100097656], "obj_id": 3}, {"cam_R_m2c": [-0.548560380935669, -0.5054887533187866, -0.6660048961639404, 0.15883438289165497, 0.7190442085266113, -0.6765700578689575, 0.8208855390548706, -0.47692403197288513, -0.3141501843929291], "cam_t_m2c": [-84.98963165283203, 173.2440948486328, 162.48915100097656], "obj_id": 0}, {"cam_R_m2c": [-0.548560380935669, -0.5054887533187866, -0.6660048961639404, 0.15883438289165497, 0.7190442085266113, -0.6765700578689575, 0.8208855390548706, -0.47692403197288513, -0.3141501843929291], "cam_t_m2c": [-84.98963165283203, 173.2440948486328, 162.48915100097656], "obj_id": 1}, {"cam_R_m2c": [-0.548560380935669, -0.5054887533187866, -0.6660048961639404, 0.15883438289165497, 0.7190442085266113, -0.6765700578689575, 0.8208855390548706, -0.47692403197288513, -0.3141501843929291], "cam_t_m2c": [-84.98963165283203, 173.2440948486328, 162.48915100097656], "obj_id": 2}, {"cam_R_m2c": [-0.548560380935669, -0.5054887533187866, -0.6660048961639404, 0.15883438289165497, 0.7190442085266113, -0.6765700578689575, 0.8208855390548706, -0.47692403197288513, -0.3141501843929291], "cam_t_m2c": [-84.98963165283203, 173.2440948486328, 162.48915100097656], "obj_id": 0}, {"cam_R_m2c": [-0.548560380935669, -0.5054887533187866, -0.6660048961639404, 0.15883438289165497, 0.7190442085266113, -0.6765700578689575, 0.8208855390548706, -0.47692403197288513, -0.3141501843929291], "cam_t_m2c": [-84.98963165283203, 173.2440948486328, 162.48915100097656], "obj_id": 2}, {"cam_R_m2c": [-0.548560380935669, -0.5054887533187866, -0.6660048961639404, 0.15883438289165497, 0.7190442085266113, -0.6765700578689575, 0.8208855390548706, -0.47692403197288513, -0.3141501843929291], "cam_t_m2c": [-84.98963165283203, 173.2440948486328, 162.48915100097656], "obj_id": 1}, {"cam_R_m2c": [-0.548560380935669, -0.5054887533187866, -0.6660048961639404, 0.15883438289165497, 0.7190442085266113, -0.6765700578689575, 0.8208855390548706, -0.47692403197288513, -0.3141501843929291], "cam_t_m2c": [-84.98963165283203, 173.2440948486328, 162.48915100097656], "obj_id": 1}, {"cam_R_m2c": [-0.548560380935669, -0.5054887533187866, -0.6660048961639404, 0.15883438289165497, 0.7190442085266113, -0.6765700578689575, 0.8208855390548706, -0.47692403197288513, -0.3141501843929291], "cam_t_m2c": [-84.98963165283203, 173.2440948486328, 162.48915100097656], "obj_id": 1}, {"cam_R_m2c": [-0.548560380935669, -0.5054887533187866, -0.6660048961639404, 0.15883438289165497, 0.7190442085266113, -0.6765700578689575, 0.8208855390548706, -0.47692403197288513, -0.3141501843929291], "cam_t_m2c": [-84.98963165283203, 173.2440948486328, 162.48915100097656], "obj_id": 0}, {"cam_R_m2c": [-0.548560380935669, -0.5054887533187866, -0.6660048961639404, 0.15883438289165497, 0.7190442085266113, -0.6765700578689575, 0.8208855390548706, -0.47692403197288513, -0.3141501843929291], "cam_t_m2c": [-84.98963165283203, 173.2440948486328, 162.48915100097656], "obj_id": 3}, {"cam_R_m2c": [-0.548560380935669, -0.5054887533187866, -0.6660048961639404, 0.15883438289165497, 0.7190442085266113, -0.6765700578689575, 0.8208855390548706, -0.47692403197288513, -0.3141501843929291], "cam_t_m2c": [-84.98963165283203, 173.2440948486328, 162.48915100097656], "obj_id": 1}, {"cam_R_m2c": [-0.548560380935669, -0.5054887533187866, -0.6660048961639404, 0.15883438289165497, 0.7190442085266113, -0.6765700578689575, 0.8208855390548706, -0.47692403197288513, -0.3141501843929291], "cam_t_m2c": [-84.98963165283203, 173.2440948486328, 162.48915100097656], "obj_id": 2}, {"cam_R_m2c": [-0.548560380935669, -0.5054887533187866, -0.6660048961639404, 0.15883438289165497, 0.7190442085266113, -0.6765700578689575, 0.8208855390548706, -0.47692403197288513, -0.3141501843929291], "cam_t_m2c": [-84.98963165283203, 173.2440948486328, 162.48915100097656], "obj_id": 3}, {"cam_R_m2c": [-0.548560380935669, -0.5054887533187866, -0.6660048961639404, 0.15883438289165497, 0.7190442085266113, -0.6765700578689575, 0.8208855390548706, -0.47692403197288513, -0.3141501843929291], "cam_t_m2c": [-84.98963165283203, 173.2440948486328, 162.48915100097656], "obj_id": 0}, {"cam_R_m2c": [-0.548560380935669, -0.5054887533187866, -0.6660048961639404, 0.15883438289165497, 0.7190442085266113, -0.6765700578689575, 0.8208855390548706, -0.47692403197288513, -0.3141501843929291], "cam_t_m2c": [-84.98963165283203, 173.2440948486328, 162.48915100097656], "obj_id": 1}, {"cam_R_m2c": [-0.548560380935669, -0.5054887533187866, -0.6660048961639404, 0.15883438289165497, 0.7190442085266113, -0.6765700578689575, 0.8208855390548706, -0.47692403197288513, -0.3141501843929291], "cam_t_m2c": [-84.98963165283203, 173.2440948486328, 162.48915100097656], "obj_id": 1}, {"cam_R_m2c": [-0.548560380935669, -0.5054887533187866, -0.6660048961639404, 0.15883438289165497, 0.7190442085266113, -0.6765700578689575, 0.8208855390548706, -0.47692403197288513, -0.3141501843929291], "cam_t_m2c": [-84.98963165283203, 173.2440948486328, 162.48915100097656], "obj_id": 0}, {"cam_R_m2c": [-0.548560380935669, -0.5054887533187866, -0.6660048961639404, 0.15883438289165497, 0.7190442085266113, -0.6765700578689575, 0.8208855390548706, -0.47692403197288513, -0.3141501843929291], "cam_t_m2c": [-84.98963165283203, 173.2440948486328, 162.48915100097656], "obj_id": 0}, {"cam_R_m2c": [-0.548560380935669, -0.5054887533187866, -0.6660048961639404, 0.15883438289165497, 0.7190442085266113, -0.6765700578689575, 0.8208855390548706, -0.47692403197288513, -0.3141501843929291], "cam_t_m2c": [-84.98963165283203, 173.2440948486328, 162.48915100097656], "obj_id": 3}, {"cam_R_m2c": [-0.548560380935669, -0.5054887533187866, -0.6660048961639404, 0.15883438289165497, 0.7190442085266113, -0.6765700578689575, 0.8208855390548706, -0.47692403197288513, -0.3141501843929291], "cam_t_m2c": [-84.98963165283203, 173.2440948486328, 162.48915100097656], "obj_id": 3}, {"cam_R_m2c": [-0.4342876672744751, 0.7792161703109741, -0.4519030749797821, -0.8805878162384033, -0.4728756248950958, 0.030882978811860085, -0.1896294355392456, 0.4113524258136749, 0.891532301902771], "cam_t_m2c": [-416.85321044921875, 389.4794616699219, 423.19122314453125], "obj_id": 0}, {"cam_R_m2c": [-0.6226071119308472, -0.5778631567955017, 0.5276689529418945, 0.272342324256897, -0.7921631336212158, -0.5461750626564026, 0.7336143851280212, -0.19634588062763214, 0.650583028793335], "cam_t_m2c": [-106.69080352783203, 167.0865936279297, 173.92384338378906], "obj_id": 3}, {"cam_R_m2c": [-0.07504012435674667, 0.7218388319015503, -0.6879807114601135, 0.4798455834388733, -0.5786566138267517, -0.6594728827476501, -0.8741378784179688, -0.3796115219593048, -0.30294859409332275], "cam_t_m2c": [-223.36509704589844, 273.34027099609375, 194.24215698242188], "obj_id": 3}, {"cam_R_m2c": [-0.22473673522472382, 0.3849260210990906, 0.8951677083969116, -0.6800628304481506, 0.5959716439247131, -0.4270038902759552, -0.6978594660758972, -0.7047337889671326, 0.1278371959924698], "cam_t_m2c": [-13.359725952148438, 10.577693939208984, 276.0381774902344], "obj_id": 3}, {"cam_R_m2c": [0.6424278020858765, -0.3093065917491913, -0.7011532783508301, 0.6370086669921875, -0.2931075990200043, 0.7129570245742798, -0.42603573203086853, -0.904664158821106, 0.008730566129088402], "cam_t_m2c": [5169.958984375, 5227.62646484375, 2616.1748046875], "obj_id": 2}]
}