{
  "0": [{"cam_R_m2c": [-0.373631089925766, 0.7623018026351929, 0.5284842848777771, 0.40456390380859375, 0.6466236114501953, -0.6466884016990662, -0.83470219373703, -0.0278172567486763, -0.5499984622001648], "cam_t_m2c": [85.35256958007812, -52.32310104370117, 1231.37451171875], "obj_id": 2}, {"cam_R_m2c": [0.4955895245075226, -0.4640198051929474, 0.7342184782028198, -0.7344794869422913, 0.22731584310531616, 0.6394275426864624, -0.4636065363883972, -0.8561619520187378, -0.2281576544046402], "cam_t_m2c": [-29.291149139404297, 19.200767517089844, 1204.0322265625], "obj_id": 3}, {"cam_R_m2c": [-0.6508380770683289, 0.5502719879150391, -0.5230779647827148, -0.22339913249015808, 0.519665539264679, 0.8246457576751709, 0.7256050109863281, 0.6535660028457642, -0.21528781950473785], "cam_t_m2c": [-140.82821655273438, 5.518950462341309, 1123.256103515625], "obj_id": 2}, {"cam_R_m2c": [0.16941756010055542, 0.022307436913251877, 0.9852917790412903, 0.8743472099304199, -0.46472272276878357, -0.1398194283246994, 0.4547685980796814, 0.8851751089096069, -0.09823654592037201], "cam_t_m2c": [128.15188598632812, -22.062744140625, 1280.1888427734375], "obj_id": 2}, {"cam_R_m2c": [0.8574112057685852, -0.40551578998565674, -0.31686416268348694, 0.07323173433542252, -0.5133048892021179, 0.8550760746002197, -0.5093948245048523, -0.7563562989234924, -0.41041672229766846], "cam_t_m2c": [-260.7753601074219, -44.962623596191406, 1200.232421875], "obj_id": 3}, {"cam_R_m2c": [0.7072337865829468, 0.17371568083763123, -0.6853051781654358, 0.3334050178527832, 0.7728307247161865, 0.539975643157959, 0.623427152633667, -0.6103732585906982, 0.48865434527397156], "cam_t_m2c": [-184.56100463867188, -82.95951080322266, 1207.940185546875], "obj_id": 2}, {"cam_R_m2c": [-0.3315826654434204, 0.9396946430206299, -0.08382557332515717, -0.9008793830871582, -0.34175872802734375, -0.2676136791706085, -0.2801232635974884, -0.01321934163570404, 0.9598730206489563], "cam_t_m2c": [-161.71238708496094, -87.71588897705078, 1301.19482421875], "obj_id": 2}, {"cam_R_m2c": [0.8251598477363586, 0.04780423641204834, 0.5628729462623596, -0.06304547935724258, 0.9979811906814575, 0.007665793877094984, -0.5613701343536377, -0.04181210324168205, 0.8265078663825989], "cam_t_m2c": [-161.12222290039062, 16.573225021362305, 1054.2110595703125], "obj_id": 3}, {"cam_R_m2c": [0.260563462972641, -0.18963859975337982, 0.9466487169265747, -0.9635674953460693, 0.010229360312223434, 0.267269492149353, -0.06036818400025368, -0.9818006157875061, -0.18006417155265808], "cam_t_m2c": [-12.08283805847168, -82.90293884277344, 1234.4986572265625], "obj_id": 1}, {"cam_R_m2c": [-0.24834302067756653, -0.7596663236618042, -0.6010264754295349, -0.7621285915374756, 0.536206066608429, -0.36282652616500854, 0.5979011654853821, 0.3679540157318115, -0.7121264338493347], "cam_t_m2c": [-28.219789505004883, -58.91305160522461, 1377.0001220703125], "obj_id": 1}]
}