{
  "0": [{"cam_R_m2c": [0.9749533534049988, -0.15699049830436707, 0.15754340589046478, 0.07756797969341278, -0.4238601326942444, -0.9024000763893127, 0.20844459533691406, 0.8920182585716248, -0.4010664224624634], "cam_t_m2c": [-84.13562774658203, -12.48871898651123, 815.8025512695312], "obj_id": 0}, {"cam_R_m2c": [0.9749533534049988, -0.15699049830436707, 0.15754340589046478, 0.07756797969341278, -0.4238601326942444, -0.9024000763893127, 0.20844459533691406, 0.8920182585716248, -0.4010664224624634], "cam_t_m2c": [-84.13562774658203, -12.48871898651123, 815.8025512695312], "obj_id": 1}, {"cam_R_m2c": [0.9749533534049988, -0.15699049830436707, 0.15754340589046478, 0.07756797969341278, -0.4238601326942444, -0.9024000763893127, 0.20844459533691406, 0.8920182585716248, -0.4010664224624634], "cam_t_m2c": [-84.13562774658203, -12.48871898651123, 815.8025512695312], "obj_id": 0}, {"cam_R_m2c": [0.9749533534049988, -0.15699049830436707, 0.15754340589046478, 0.07756797969341278, -0.4238601326942444, -0.9024000763893127, 0.20844459533691406, 0.8920182585716248, -0.4010664224624634], "cam_t_m2c": [-84.13562774658203, -12.48871898651123, 815.8025512695312], "obj_id": 0}, {"cam_R_m2c": [0.9749533534049988, -0.15699049830436707, 0.15754340589046478, 0.07756797969341278, -0.4238601326942444, -0.9024000763893127, 0.20844459533691406, 0.8920182585716248, -0.4010664224624634], "cam_t_m2c": [-84.13562774658203, -12.48871898651123, 815.8025512695312], "obj_id": 0}, {"cam_R_m2c": [0.9749533534049988, -0.15699049830436707, 0.15754340589046478, 0.07756797969341278, -0.4238601326942444, -0.9024000763893127, 0.20844459533691406, 0.8920182585716248, -0.4010664224624634], "cam_t_m2c": [-84.13562774658203, -12.48871898651123, 815.8025512695312], "obj_id": 2}, {"cam_R_m2c": [0.9749533534049988, -0.15699049830436707, 0.15754340589046478, 0.07756797969341278, -0.4238601326942444, -0.9024000763893127, 0.20844459533691406, 0.8920182585716248, -0.4010664224624634], "cam_t_m2c": [-84.13562774658203, -12.48871898651123, 815.8025512695312], "obj_id": 2}, {"cam_R_m2c": [0.9749533534049988, -0.15699049830436707, 0.15754340589046478, 0.07756797969341278, -0.4238601326942444, -0.9024000763893127, 0.20844459533691406, 0.8920182585716248, -0.4010664224624634], "cam_t_m2c": [-84.13562774658203, -12.48871898651123, 815.8025512695312], "obj_id": 3}, {"cam_R_m2c": [0.9749533534049988, -0.15699049830436707, 0.15754340589046478, 0.07756797969341278, -0.4238601326942444, -0.9024000763893127, 0.20844459533691406, 0.8920182585716248, -0.4010664224624634], "cam_t_m2c": [-84.13562774658203, -12.48871898651123, 815.8025512695312], "obj_id": 2}, {"cam_R_m2c": [0.9749533534049988, -0.15699049830436707, 0.15754340589046478, 0.07756797969341278, -0.4238601326942444, -0.9024000763893127, 0.20844459533691406, 0.8920182585716248, -0.4010664224624634], "cam_t_m2c": [-84.13562774658203, -12.48871898651123, 815.8025512695312], "obj_id": 2}, {"cam_R_m2c": [0.9749533534049988, -0.15699049830436707, 0.15754340589046478, 0.07756797969341278, -0.4238601326942444, -0.9024000763893127, 0.20844459533691406, 0.8920182585716248, -0.4010664224624634], "cam_t_m2c": [-84.13562774658203, -12.48871898651123, 815.8025512695312], "obj_id": 1}, {"cam_R_m2c": [0.9749533534049988, -0.15699049830436707, 0.15754340589046478, 0.07756797969341278, -0.4238601326942444, -0.9024000763893127, 0.20844459533691406, 0.8920182585716248, -0.4010664224624634], "cam_t_m2c": [-84.13562774658203, -12.48871898651123, 815.8025512695312], "obj_id": 0}, {"cam_R_m2c": [-0.22456857562065125, -0.26619821786880493, -0.9373939037322998, 0.9740445017814636, -0.03329247236251831, -0.22389459609985352, 0.02839212864637375, -0.9633431434631348, 0.26676544547080994], "cam_t_m2c": [89.75686645507812, 5.552094459533691, 755.4666748046875], "obj_id": 1}, {"cam_R_m2c": [-0.38097476959228516, -0.770834743976593, -0.5105600953102112, -0.5163515210151672, -0.28068581223487854, 0.8090711832046509, -0.7669673562049866, 0.5718644261360168, -0.2910873293876648], "cam_t_m2c": [-318.6299133300781, 60.84320068359375, 606.3389892578125], "obj_id": 2}, {"cam_R_m2c": [-0.970516562461853, -0.1966213881969452, -0.1394173800945282, -0.07690288126468658, -0.2955915629863739, 0.9522138833999634, -0.22843624651432037, 0.9348611831665039, 0.27175602316856384], "cam_t_m2c": [-214.48741149902344, -73.97022247314453, 1016.3965454101562], "obj_id": 3}, {"cam_R_m2c": [-0.789431631565094, 0.3376231789588928, 0.5126481652259827, 0.45622915029525757, -0.23602044582366943, 0.8579913973808289, 0.41067326068878174, 0.9112106561660767, 0.032288551330566406], "cam_t_m2c": [61.214599609375, 0.4940834045410156, 944.833984375], "obj_id": 4}],
  "1": [{"cam_R_m2c": [0.9749533534049988, -0.15699049830436707, 0.15754340589046478, 0.07756797969341278, -0.4238601326942444, -0.9024000763893127, 0.20844459533691406, 0.8920182585716248, -0.4010664224624634], "cam_t_m2c": [-84.13562774658203, -12.48871898651123, 815.8025512695312], "obj_id": 0}, {"cam_R_m2c": [0.9749533534049988, -0.15699049830436707, 0.15754340589046478, 0.07756797969341278, -0.4238601326942444, -0.9024000763893127, 0.20844459533691406, 0.8920182585716248, -0.4010664224624634], "cam_t_m2c": [-84.13562774658203, -12.48871898651123, 815.8025512695312], "obj_id": 1}, {"cam_R_m2c": [0.9749533534049988, -0.15699049830436707, 0.15754340589046478, 0.07756797969341278, -0.4238601326942444, -0.9024000763893127, 0.20844459533691406, 0.8920182585716248, -0.4010664224624634], "cam_t_m2c": [-84.13562774658203, -12.48871898651123, 815.8025512695312], "obj_id": 0}, {"cam_R_m2c": [0.9749533534049988, -0.15699049830436707, 0.15754340589046478, 0.07756797969341278, -0.4238601326942444, -0.9024000763893127, 0.20844459533691406, 0.8920182585716248, -0.4010664224624634], "cam_t_m2c": [-84.13562774658203, -12.48871898651123, 815.8025512695312], "obj_id": 0}, {"cam_R_m2c": [0.9749533534049988, -0.15699049830436707, 0.15754340589046478, 0.07756797969341278, -0.4238601326942444, -0.9024000763893127, 0.20844459533691406, 0.8920182585716248, -0.4010664224624634], "cam_t_m2c": [-84.13562774658203, -12.48871898651123, 815.8025512695312], "obj_id": 0}, {"cam_R_m2c": [0.9749533534049988, -0.15699049830436707, 0.15754340589046478, 0.07756797969341278, -0.4238601326942444, -0.9024000763893127, 0.20844459533691406, 0.8920182585716248, -0.4010664224624634], "cam_t_m2c": [-84.13562774658203, -12.48871898651123, 815.8025512695312], "obj_id": 2}, {"cam_R_m2c": [0.9749533534049988, -0.15699049830436707, 0.15754340589046478, 0.07756797969341278, -0.4238601326942444, -0.9024000763893127, 0.20844459533691406, 0.8920182585716248, -0.4010664224624634], "cam_t_m2c": [-84.13562774658203, -12.48871898651123, 815.8025512695312], "obj_id": 2}, {"cam_R_m2c": [0.9749533534049988, -0.15699049830436707, 0.15754340589046478, 0.07756797969341278, -0.4238601326942444, -0.9024000763893127, 0.20844459533691406, 0.8920182585716248, -0.4010664224624634], "cam_t_m2c": [-84.13562774658203, -12.48871898651123, 815.8025512695312], "obj_id": 3}, {"cam_R_m2c": [0.9749533534049988, -0.15699049830436707, 0.15754340589046478, 0.07756797969341278, -0.4238601326942444, -0.9024000763893127, 0.20844459533691406, 0.8920182585716248, -0.4010664224624634], "cam_t_m2c": [-84.13562774658203, -12.48871898651123, 815.8025512695312], "obj_id": 2}, {"cam_R_m2c": [0.9749533534049988, -0.15699049830436707, 0.15754340589046478, 0.07756797969341278, -0.4238601326942444, -0.9024000763893127, 0.20844459533691406, 0.8920182585716248, -0.4010664224624634], "cam_t_m2c": [-84.13562774658203, -12.48871898651123, 815.8025512695312], "obj_id": 2}, {"cam_R_m2c": [0.9749533534049988, -0.15699049830436707, 0.15754340589046478, 0.07756797969341278, -0.4238601326942444, -0.9024000763893127, 0.20844459533691406, 0.8920182585716248, -0.4010664224624634], "cam_t_m2c": [-84.13562774658203, -12.48871898651123, 815.8025512695312], "obj_id": 1}, {"cam_R_m2c": [0.9749533534049988, -0.15699049830436707, 0.15754340589046478, 0.07756797969341278, -0.4238601326942444, -0.9024000763893127, 0.20844459533691406, 0.8920182585716248, -0.4010664224624634], "cam_t_m2c": [-84.13562774658203, -12.48871898651123, 815.8025512695312], "obj_id": 0}, {"cam_R_m2c": [-0.22456857562065125, -0.26619821786880493, -0.9373939037322998, 0.9740445017814636, -0.03329247236251831, -0.22389459609985352, 0.02839212864637375, -0.9633431434631348, 0.26676544547080994], "cam_t_m2c": [89.75686645507812, 5.552094459533691, 755.4666748046875], "obj_id": 1}, {"cam_R_m2c": [-0.38097476959228516, -0.770834743976593, -0.5105600953102112, -0.5163515210151672, -0.28068581223487854, 0.8090711832046509, -0.7669673562049866, 0.5718644261360168, -0.2910873293876648], "cam_t_m2c": [-318.6299133300781, 60.84320068359375, 606.3389892578125], "obj_id": 2}, {"cam_R_m2c": [-0.970516562461853, -0.1966213881969452, -0.1394173800945282, -0.07690288126468658, -0.2955915629863739, 0.9522138833999634, -0.22843624651432037, 0.9348611831665039, 0.27175602316856384], "cam_t_m2c": [-214.48741149902344, -73.97022247314453, 1016.3965454101562], "obj_id": 3}, {"cam_R_m2c": [-0.789431631565094, 0.3376231789588928, 0.5126481652259827, 0.45622915029525757, -0.23602044582366943, 0.8579913973808289, 0.41067326068878174, 0.9112106561660767, 0.032288551330566406], "cam_t_m2c": [61.214599609375, 0.4940834045410156, 944.833984375], "obj_id": 4}],
  "2": [{"cam_R_m2c": [0.09517285227775574, -0.9927683472633362, -0.07316409051418304, -0.20909249782562256, 0.05192156508564949, -0.9765164256095886, 0.9732534885406494, 0.10823585838079453, -0.20263884961605072], "cam_t_m2c": [-37.437103271484375, 35.41596603393555, 684.8853759765625], "obj_id": 0}, {"cam_R_m2c": [0.09517285227775574, -0.9927683472633362, -0.07316409051418304, -0.20909249782562256, 0.05192156508564949, -0.9765164256095886, 0.9732534885406494, 0.10823585838079453, -0.20263884961605072], "cam_t_m2c": [-37.437103271484375, 35.41596603393555, 684.8853759765625], "obj_id": 1}, {"cam_R_m2c": [0.09517285227775574, -0.9927683472633362, -0.07316409051418304, -0.20909249782562256, 0.05192156508564949, -0.9765164256095886, 0.9732534885406494, 0.10823585838079453, -0.20263884961605072], "cam_t_m2c": [-37.437103271484375, 35.41596603393555, 684.8853759765625], "obj_id": 0}, {"cam_R_m2c": [0.09517285227775574, -0.9927683472633362, -0.07316409051418304, -0.20909249782562256, 0.05192156508564949, -0.9765164256095886, 0.9732534885406494, 0.10823585838079453, -0.20263884961605072], "cam_t_m2c": [-37.437103271484375, 35.41596603393555, 684.8853759765625], "obj_id": 0}, {"cam_R_m2c": [0.09517285227775574, -0.9927683472633362, -0.07316409051418304, -0.20909249782562256, 0.05192156508564949, -0.9765164256095886, 0.9732534885406494, 0.10823585838079453, -0.20263884961605072], "cam_t_m2c": [-37.437103271484375, 35.41596603393555, 684.8853759765625], "obj_id": 0}, {"cam_R_m2c": [0.09517285227775574, -0.9927683472633362, -0.07316409051418304, -0.20909249782562256, 0.05192156508564949, -0.9765164256095886, 0.9732534885406494, 0.10823585838079453, -0.20263884961605072], "cam_t_m2c": [-37.437103271484375, 35.41596603393555, 684.8853759765625], "obj_id": 2}, {"cam_R_m2c": [0.09517285227775574, -0.9927683472633362, -0.07316409051418304, -0.20909249782562256, 0.05192156508564949, -0.9765164256095886, 0.9732534885406494, 0.10823585838079453, -0.20263884961605072], "cam_t_m2c": [-37.437103271484375, 35.41596603393555, 684.8853759765625], "obj_id": 2}, {"cam_R_m2c": [0.09517285227775574, -0.9927683472633362, -0.07316409051418304, -0.20909249782562256, 0.05192156508564949, -0.9765164256095886, 0.9732534885406494, 0.10823585838079453, -0.20263884961605072], "cam_t_m2c": [-37.437103271484375, 35.41596603393555, 684.8853759765625], "obj_id": 3}, {"cam_R_m2c": [0.09517285227775574, -0.9927683472633362, -0.07316409051418304, -0.20909249782562256, 0.05192156508564949, -0.9765164256095886, 0.9732534885406494, 0.10823585838079453, -0.20263884961605072], "cam_t_m2c": [-37.437103271484375, 35.41596603393555, 684.8853759765625], "obj_id": 2}, {"cam_R_m2c": [0.09517285227775574, -0.9927683472633362, -0.07316409051418304, -0.20909249782562256, 0.05192156508564949, -0.9765164256095886, 0.9732534885406494, 0.10823585838079453, -0.20263884961605072], "cam_t_m2c": [-37.437103271484375, 35.41596603393555, 684.8853759765625], "obj_id": 2}, {"cam_R_m2c": [0.09517285227775574, -0.9927683472633362, -0.07316409051418304, -0.20909249782562256, 0.05192156508564949, -0.9765164256095886, 0.9732534885406494, 0.10823585838079453, -0.20263884961605072], "cam_t_m2c": [-37.437103271484375, 35.41596603393555, 684.8853759765625], "obj_id": 1}, {"cam_R_m2c": [0.09517285227775574, -0.9927683472633362, -0.07316409051418304, -0.20909249782562256, 0.05192156508564949, -0.9765164256095886, 0.9732534885406494, 0.10823585838079453, -0.20263884961605072], "cam_t_m2c": [-37.437103271484375, 35.41596603393555, 684.8853759765625], "obj_id": 0}, {"cam_R_m2c": [0.40437740087509155, 0.7261529564857483, -0.5560402274131775, 0.9144579172134399, -0.31059810519218445, 0.25941339135169983, 0.0156687144190073, -0.6133763790130615, -0.789635181427002], "cam_t_m2c": [63.175758361816406, -36.78977966308594, 822.2457885742188], "obj_id": 1}, {"cam_R_m2c": [0.2959635555744171, -0.7997931241989136, 0.5222419500350952, -0.5983709096908569, 0.27092790603637695, 0.7540227770805359, -0.7445521354675293, -0.5356576442718506, -0.398388147354126], "cam_t_m2c": [118.39315795898438, 100.41536712646484, 409.69061279296875], "obj_id": 2}, {"cam_R_m2c": [-0.07707126438617706, -0.9746084809303284, 0.21023356914520264, 0.2001458704471588, 0.19144485890865326, 0.9608799815177917, -0.9767299890518188, 0.1161336898803711, 0.18030904233455658], "cam_t_m2c": [-266.50390625, 110.3873519897461, 630.8744506835938], "obj_id": 3}, {"cam_R_m2c": [-0.3052009046077728, -0.7987086772918701, 0.5185719728469849, 0.8353676795959473, 0.03688124194741249, 0.5484529733657837, -0.4571797251701355, 0.6005865931510925, 0.6559591889381409], "cam_t_m2c": [-104.47587585449219, 44.07100296020508, 867.5742797851562], "obj_id": 4}],
  "3": [{"cam_R_m2c": [0.09517285227775574, -0.9927683472633362, -0.07316409051418304, -0.20909249782562256, 0.05192156508564949, -0.9765164256095886, 0.9732534885406494, 0.10823585838079453, -0.20263884961605072], "cam_t_m2c": [-37.437103271484375, 35.41596603393555, 684.8853759765625], "obj_id": 0}, {"cam_R_m2c": [0.09517285227775574, -0.9927683472633362, -0.07316409051418304, -0.20909249782562256, 0.05192156508564949, -0.9765164256095886, 0.9732534885406494, 0.10823585838079453, -0.20263884961605072], "cam_t_m2c": [-37.437103271484375, 35.41596603393555, 684.8853759765625], "obj_id": 1}, {"cam_R_m2c": [0.09517285227775574, -0.9927683472633362, -0.07316409051418304, -0.20909249782562256, 0.05192156508564949, -0.9765164256095886, 0.9732534885406494, 0.10823585838079453, -0.20263884961605072], "cam_t_m2c": [-37.437103271484375, 35.41596603393555, 684.8853759765625], "obj_id": 0}, {"cam_R_m2c": [0.09517285227775574, -0.9927683472633362, -0.07316409051418304, -0.20909249782562256, 0.05192156508564949, -0.9765164256095886, 0.9732534885406494, 0.10823585838079453, -0.20263884961605072], "cam_t_m2c": [-37.437103271484375, 35.41596603393555, 684.8853759765625], "obj_id": 0}, {"cam_R_m2c": [0.09517285227775574, -0.9927683472633362, -0.07316409051418304, -0.20909249782562256, 0.05192156508564949, -0.9765164256095886, 0.9732534885406494, 0.10823585838079453, -0.20263884961605072], "cam_t_m2c": [-37.437103271484375, 35.41596603393555, 684.8853759765625], "obj_id": 0}, {"cam_R_m2c": [0.09517285227775574, -0.9927683472633362, -0.07316409051418304, -0.20909249782562256, 0.05192156508564949, -0.9765164256095886, 0.9732534885406494, 0.10823585838079453, -0.20263884961605072], "cam_t_m2c": [-37.437103271484375, 35.41596603393555, 684.8853759765625], "obj_id": 2}, {"cam_R_m2c": [0.09517285227775574, -0.9927683472633362, -0.07316409051418304, -0.20909249782562256, 0.05192156508564949, -0.9765164256095886, 0.9732534885406494, 0.10823585838079453, -0.20263884961605072], "cam_t_m2c": [-37.437103271484375, 35.41596603393555, 684.8853759765625], "obj_id": 2}, {"cam_R_m2c": [0.09517285227775574, -0.9927683472633362, -0.07316409051418304, -0.20909249782562256, 0.05192156508564949, -0.9765164256095886, 0.9732534885406494, 0.10823585838079453, -0.20263884961605072], "cam_t_m2c": [-37.437103271484375, 35.41596603393555, 684.8853759765625], "obj_id": 3}, {"cam_R_m2c": [0.09517285227775574, -0.9927683472633362, -0.07316409051418304, -0.20909249782562256, 0.05192156508564949, -0.9765164256095886, 0.9732534885406494, 0.10823585838079453, -0.20263884961605072], "cam_t_m2c": [-37.437103271484375, 35.41596603393555, 684.8853759765625], "obj_id": 2}, {"cam_R_m2c": [0.09517285227775574, -0.9927683472633362, -0.07316409051418304, -0.20909249782562256, 0.05192156508564949, -0.9765164256095886, 0.9732534885406494, 0.10823585838079453, -0.20263884961605072], "cam_t_m2c": [-37.437103271484375, 35.41596603393555, 684.8853759765625], "obj_id": 2}, {"cam_R_m2c": [0.09517285227775574, -0.9927683472633362, -0.07316409051418304, -0.20909249782562256, 0.05192156508564949, -0.9765164256095886, 0.9732534885406494, 0.10823585838079453, -0.20263884961605072], "cam_t_m2c": [-37.437103271484375, 35.41596603393555, 684.8853759765625], "obj_id": 1}, {"cam_R_m2c": [0.09517285227775574, -0.9927683472633362, -0.07316409051418304, -0.20909249782562256, 0.05192156508564949, -0.9765164256095886, 0.9732534885406494, 0.10823585838079453, -0.20263884961605072], "cam_t_m2c": [-37.437103271484375, 35.41596603393555, 684.8853759765625], "obj_id": 0}, {"cam_R_m2c": [0.40437740087509155, 0.7261529564857483, -0.5560402274131775, 0.9144579172134399, -0.31059810519218445, 0.25941339135169983, 0.0156687144190073, -0.6133763790130615, -0.789635181427002], "cam_t_m2c": [63.175758361816406, -36.78977966308594, 822.2457885742188], "obj_id": 1}, {"cam_R_m2c": [0.2959635555744171, -0.7997931241989136, 0.5222419500350952, -0.5983709096908569, 0.27092790603637695, 0.7540227770805359, -0.7445521354675293, -0.5356576442718506, -0.398388147354126], "cam_t_m2c": [118.39315795898438, 100.41536712646484, 409.69061279296875], "obj_id": 2}, {"cam_R_m2c": [-0.07707126438617706, -0.9746084809303284, 0.21023356914520264, 0.2001458704471588, 0.19144485890865326, 0.9608799815177917, -0.9767299890518188, 0.1161336898803711, 0.18030904233455658], "cam_t_m2c": [-266.50390625, 110.3873519897461, 630.8744506835938], "obj_id": 3}, {"cam_R_m2c": [-0.3052009046077728, -0.7987086772918701, 0.5185719728469849, 0.8353676795959473, 0.03688124194741249, 0.5484529733657837, -0.4571797251701355, 0.6005865931510925, 0.6559591889381409], "cam_t_m2c": [-104.47587585449219, 44.07100296020508, 867.5742797851562], "obj_id": 4}],
  "4": [{"cam_R_m2c": [0.852522611618042, -0.5016909241676331, -0.14666786789894104, -0.4200250506401062, -0.49053698778152466, -0.7635131478309631, 0.3111015856266022, 0.7125163674354553, -0.6289166212081909], "cam_t_m2c": [-86.48646545410156, 29.966474533081055, 922.8794555664062], "obj_id": 0}, {"cam_R_m2c": [0.852522611618042, -0.5016909241676331, -0.14666786789894104, -0.4200250506401062, -0.49053698778152466, -0.7635131478309631, 0.3111015856266022, 0.7125163674354553, -0.6289166212081909], "cam_t_m2c": [-86.48646545410156, 29.966474533081055, 922.8794555664062], "obj_id": 1}, {"cam_R_m2c": [0.852522611618042, -0.5016909241676331, -0.14666786789894104, -0.4200250506401062, -0.49053698778152466, -0.7635131478309631, 0.3111015856266022, 0.7125163674354553, -0.6289166212081909], "cam_t_m2c": [-86.48646545410156, 29.966474533081055, 922.8794555664062], "obj_id": 0}, {"cam_R_m2c": [0.852522611618042, -0.5016909241676331, -0.14666786789894104, -0.4200250506401062, -0.49053698778152466, -0.7635131478309631, 0.3111015856266022, 0.7125163674354553, -0.6289166212081909], "cam_t_m2c": [-86.48646545410156, 29.966474533081055, 922.8794555664062], "obj_id": 0}, {"cam_R_m2c": [0.852522611618042, -0.5016909241676331, -0.14666786789894104, -0.4200250506401062, -0.49053698778152466, -0.7635131478309631, 0.3111015856266022, 0.7125163674354553, -0.6289166212081909], "cam_t_m2c": [-86.48646545410156, 29.966474533081055, 922.8794555664062], "obj_id": 0}, {"cam_R_m2c": [0.852522611618042, -0.5016909241676331, -0.14666786789894104, -0.4200250506401062, -0.49053698778152466, -0.7635131478309631, 0.3111015856266022, 0.7125163674354553, -0.6289166212081909], "cam_t_m2c": [-86.48646545410156, 29.966474533081055, 922.8794555664062], "obj_id": 2}, {"cam_R_m2c": [0.852522611618042, -0.5016909241676331, -0.14666786789894104, -0.4200250506401062, -0.49053698778152466, -0.7635131478309631, 0.3111015856266022, 0.7125163674354553, -0.6289166212081909], "cam_t_m2c": [-86.48646545410156, 29.966474533081055, 922.8794555664062], "obj_id": 2}, {"cam_R_m2c": [0.852522611618042, -0.5016909241676331, -0.14666786789894104, -0.4200250506401062, -0.49053698778152466, -0.7635131478309631, 0.3111015856266022, 0.7125163674354553, -0.6289166212081909], "cam_t_m2c": [-86.48646545410156, 29.966474533081055, 922.8794555664062], "obj_id": 3}, {"cam_R_m2c": [0.852522611618042, -0.5016909241676331, -0.14666786789894104, -0.4200250506401062, -0.49053698778152466, -0.7635131478309631, 0.3111015856266022, 0.7125163674354553, -0.6289166212081909], "cam_t_m2c": [-86.48646545410156, 29.966474533081055, 922.8794555664062], "obj_id": 2}, {"cam_R_m2c": [0.852522611618042, -0.5016909241676331, -0.14666786789894104, -0.4200250506401062, -0.49053698778152466, -0.7635131478309631, 0.3111015856266022, 0.7125163674354553, -0.6289166212081909], "cam_t_m2c": [-86.48646545410156, 29.966474533081055, 922.8794555664062], "obj_id": 2}, {"cam_R_m2c": [0.852522611618042, -0.5016909241676331, -0.14666786789894104, -0.4200250506401062, -0.49053698778152466, -0.7635131478309631, 0.3111015856266022, 0.7125163674354553, -0.6289166212081909], "cam_t_m2c": [-86.48646545410156, 29.966474533081055, 922.8794555664062], "obj_id": 1}, {"cam_R_m2c": [0.852522611618042, -0.5016909241676331, -0.14666786789894104, -0.4200250506401062, -0.49053698778152466, -0.7635131478309631, 0.3111015856266022, 0.7125163674354553, -0.6289166212081909], "cam_t_m2c": [-86.48646545410156, 29.966474533081055, 922.8794555664062], "obj_id": 0}, {"cam_R_m2c": [0.19531413912773132, -0.046502482146024704, -0.9796375632286072, 0.9373641014099121, 0.3026304244995117, 0.17252027988433838, 0.28844547271728516, -0.9519728422164917, 0.10269778966903687], "cam_t_m2c": [87.87290954589844, -19.96800994873047, 886.687744140625], "obj_id": 1}, {"cam_R_m2c": [-0.3883218467235565, -0.919650673866272, -0.058728426694869995, -0.10591146349906921, -0.018768055364489555, 0.9941985011100769, -0.9154174327850342, 0.3922889232635498, -0.09011359512805939], "cam_t_m2c": [-220.09803771972656, 245.37608337402344, 722.9124755859375], "obj_id": 2}, {"cam_R_m2c": [-0.8440966010093689, -0.49314117431640625, 0.21050558984279633, 0.4229672849178314, -0.37110471725463867, 0.8266679048538208, -0.32954439520835876, 0.7868245840072632, 0.5218309164047241], "cam_t_m2c": [-269.6856689453125, -8.063240051269531, 1084.1285400390625], "obj_id": 3}, {"cam_R_m2c": [-0.5991662740707397, 0.010121062397956848, 0.8005606532096863, 0.6618773341178894, -0.5563344359397888, 0.502404510974884, 0.4504643380641937, 0.83089679479599, 0.32663795351982117], "cam_t_m2c": [20.526838302612305, -52.86902618408203, 1062.9893798828125], "obj_id": 4}]
}