{
  "0": [{"cam_R_m2c": [-0.5011284947395325, 0.8411700129508972, 0.20323215425014496, -0.07033778727054596, -0.2736648917198181, 0.9592497944831848, 0.8625096678733826, 0.4664124846458435, 0.1963072419166565], "cam_t_m2c": [500.1820983886719, -127.09207916259766, 3695.0576171875], "obj_id": 1}, {"cam_R_m2c": [0.6025080680847168, 0.08138247579336166, -0.7939527630805969, 0.44144493341445923, -0.86274653673172, 0.24656589329242706, -0.6649138331413269, -0.49904435873031616, -0.5557376146316528], "cam_t_m2c": [325.3817443847656, 460.8428039550781, 3025.611083984375], "obj_id": 0}, {"cam_R_m2c": [0.8697182536125183, 0.1355552077293396, 0.4745681881904602, 0.23645056784152985, -0.9584525227546692, -0.15955998003482819, 0.4332219958305359, 0.25098416209220886, -0.8656357526779175], "cam_t_m2c": [127.96562957763672, 375.07110595703125, 3130.65087890625], "obj_id": 2}, {"cam_R_m2c": [0.49839839339256287, -0.20492714643478394, 0.8423798680305481, 0.3255631625652313, 0.9447875022888184, 0.037218887358903885, -0.8034971356391907, 0.2556980550289154, 0.5375972986221313], "cam_t_m2c": [835.9514770507812, -331.37677001953125, 3102.41357421875], "obj_id": 2}, {"cam_R_m2c": [-0.7263261079788208, 0.6625015735626221, -0.18314476311206818, -0.6372013092041016, -0.7489003539085388, -0.18199662864208221, -0.25773024559020996, -0.015488827601075172, 0.9660927653312683], "cam_t_m2c": [-284.9884338378906, 593.6258544921875, 2620.958740234375], "obj_id": 1}, {"cam_R_m2c": [0.20417986810207367, -0.9722244143486023, -0.11441268026828766, -0.9076833724975586, -0.2317941039800644, 0.3498319089412689, -0.3666352927684784, 0.03242185711860657, -0.9297996759414673], "cam_t_m2c": [384.94268798828125, 145.00296020507812, 3141.674560546875], "obj_id": 0}, {"cam_R_m2c": [0.6722519397735596, -0.39264434576034546, -0.6276206970214844, 0.7314317226409912, 0.2212686985731125, 0.6450177431106567, -0.11438972502946854, -0.8926761150360107, 0.43594083189964294], "cam_t_m2c": [159.63262939453125, -234.1490936279297, 3221.7587890625], "obj_id": 1}, {"cam_R_m2c": [0.03023185208439827, -0.909520149230957, -0.4145587384700775, 0.16948671638965607, 0.41340702772140503, -0.8946332931518555, 0.9850685596466064, -0.04321587085723877, 0.1666497141122818], "cam_t_m2c": [-293.7449645996094, -88.4109878540039, 2637.840087890625], "obj_id": 2}, {"cam_R_m2c": [0.778881847858429, 0.6252675652503967, -0.04882081598043442, -0.3311484158039093, 0.47611212730407715, 0.8146520256996155, 0.5326197147369385, -0.6183507442474365, 0.57789146900177], "cam_t_m2c": [745.7899169921875, 322.5033264160156, 2405.64453125], "obj_id": 0}, {"cam_R_m2c": [-0.1281691938638687, 0.14783801138401031, -0.9806714057922363, -0.8106704950332642, 0.5539994835853577, 0.18946735560894012, 0.5713018774986267, 0.8192853331565857, 0.048842307180166245], "cam_t_m2c": [384.1117248535156, 658.98779296875, 2670.11083984375], "obj_id": 0}, {"cam_R_m2c": [-0.1765022873878479, 0.8362154364585876, 0.5192208886146545, -0.08132811635732651, 0.5133094787597656, -0.8543412685394287, -0.9809344410896301, -0.19302058219909668, -0.022592397406697273], "cam_t_m2c": [40.87319564819336, 258.2176513671875, 2976.333984375], "obj_id": 1}, {"cam_R_m2c": [0.3524933457374573, -0.08660471439361572, 0.9317982792854309, 0.9257301688194275, -0.11351033300161362, -0.3607478439807892, 0.13701124489307404, 0.9897549748420715, 0.04016099497675896], "cam_t_m2c": [298.0712890625, -419.2958068847656, 2901.33544921875], "obj_id": 1}, {"cam_R_m2c": [0.8220781087875366, -0.026252249255776405, -0.5687692761421204, 0.1639988273382187, -0.945684552192688, 0.2806870937347412, -0.5452449321746826, -0.3240242004394531, -0.7731212377548218], "cam_t_m2c": [-466.2347412109375, -113.62701416015625, 3136.14794921875], "obj_id": 0}, {"cam_R_m2c": [-0.14969994127750397, 0.5674629807472229, 0.8096762895584106, -0.8058851957321167, -0.5444712042808533, 0.2325945645570755, 0.5728342533111572, -0.6176867485046387, 0.538817286491394], "cam_t_m2c": [527.5299682617188, -334.8982849121094, 2778.666748046875], "obj_id": 1}, {"cam_R_m2c": [-0.45449739694595337, 0.6590617299079895, 0.599224328994751, 0.7892142534255981, 0.6098634004592896, -0.07216304540634155, -0.41300487518310547, 0.4401184320449829, -0.7973222732543945], "cam_t_m2c": [416.80902099609375, -30.795875549316406, 2496.52001953125], "obj_id": 0}, {"cam_R_m2c": [-0.14385715126991272, -0.6476103663444519, -0.7482686638832092, 0.7563174962997437, 0.4156803786754608, -0.5051669478416443, 0.6381919980049133, -0.6386005282402039, 0.4300004243850708], "cam_t_m2c": [-562.7803955078125, 327.1441955566406, 3068.9814453125], "obj_id": 2}, {"cam_R_m2c": [0.7675696015357971, -0.628585934638977, -0.1253660023212433, 0.35549139976501465, 0.25473538041114807, 0.8992973566055298, -0.5333505272865295, -0.7348397970199585, 0.4189840257167816], "cam_t_m2c": [-382.6728820800781, -343.4877624511719, 2724.565673828125], "obj_id": 2}, {"cam_R_m2c": [0.785459041595459, 0.6042041182518005, -0.13413237035274506, 0.6164343953132629, -0.7830986380577087, 0.08225136250257492, -0.055342257022857666, -0.14728887379169464, -0.9875441193580627], "cam_t_m2c": [-504.63311767578125, 310.0063171386719, 2630.890380859375], "obj_id": 2}, {"cam_R_m2c": [-0.7852044701576233, -0.057155150920152664, -0.6165930032730103, 0.21847547590732574, 0.9061293005943298, -0.36221280694007874, 0.5794153213500977, -0.4191216230392456, -0.6990097761154175], "cam_t_m2c": [-194.84925842285156, -320.9371337890625, 2790.048828125], "obj_id": 1}, {"cam_R_m2c": [0.49173301458358765, -0.7843961119651794, -0.378049373626709, 0.6845729947090149, 0.07995034754276276, 0.7245466113090515, -0.538106381893158, -0.6150858998298645, 0.5762906074523926], "cam_t_m2c": [-363.368408203125, -3.8819313049316406, 3046.514892578125], "obj_id": 2}, {"cam_R_m2c": [0.8246446847915649, 0.5041177868843079, -0.2565666437149048, -0.2956632077693939, -0.0025355133693665266, -0.9552888870239258, -0.4822286367416382, 0.8636311888694763, 0.14695817232131958], "cam_t_m2c": [265.6657409667969, -52.722023010253906, 2181.608154296875], "obj_id": 0}, {"cam_R_m2c": [-0.5377547144889832, 0.8349947333335876, 0.11663378775119781, 0.838989794254303, 0.5436325073242188, -0.023659028112888336, -0.08316107839345932, 0.08513180911540985, -0.9928929805755615], "cam_t_m2c": [269.9920654296875, 250.75796508789062, 2655.664306640625], "obj_id": 0}, {"cam_R_m2c": [0.04646819829940796, 0.6565781235694885, 0.7528252005577087, -0.8504021763801575, 0.42139410972595215, -0.31502866744995117, -0.5240769982337952, -0.6255654096603394, 0.5779369473457336], "cam_t_m2c": [67.55067443847656, 631.8948364257812, 1977.7564697265625], "obj_id": 2}, {"cam_R_m2c": [-0.9676397442817688, 0.05493038892745972, -0.2462848722934723, -0.012286028824746609, 0.9646049737930298, 0.2634127736091614, 0.252036988735199, 0.2579144835472107, -0.9327152371406555], "cam_t_m2c": [680.4102172851562, 177.82264709472656, 3084.52685546875], "obj_id": 2}, {"cam_R_m2c": [-0.63447105884552, 0.7342069745063782, 0.24163256585597992, 0.7397788763046265, 0.4862183630466461, 0.46510082483291626, 0.22399412095546722, 0.47384777665138245, -0.8516423106193542], "cam_t_m2c": [-72.23469543457031, -429.0445861816406, 3370.9287109375], "obj_id": 1}, {"cam_R_m2c": [0.8556779623031616, 0.4550192654132843, -0.24652108550071716, -0.15112978219985962, -0.23588314652442932, -0.9599577188491821, -0.49494943022727966, 0.8586713671684265, -0.13307304680347443], "cam_t_m2c": [594.1441650390625, -76.15828704833984, 3691.77294921875], "obj_id": 0}, {"cam_R_m2c": [0.9395785927772522, -0.34201687574386597, -0.01471443846821785, 0.20794449746608734, 0.5360593199729919, 0.8181683421134949, -0.27193957567214966, -0.7717932462692261, 0.574790358543396], "cam_t_m2c": [47.37872314453125, -239.78094482421875, 2799.3681640625], "obj_id": 2}, {"cam_R_m2c": [0.9724941253662109, -0.23147405683994293, -0.025978757068514824, 0.04272673279047012, 0.06763621419668198, 0.9967946410179138, -0.22897502779960632, -0.9704869389533997, 0.07566595077514648], "cam_t_m2c": [-272.0995788574219, 487.37237548828125, 2334.639892578125], "obj_id": 0}, {"cam_R_m2c": [-0.4599233865737915, 0.6870275139808655, -0.5625509023666382, -0.75926673412323, -0.6327713131904602, -0.15203383564949036, -0.46041756868362427, 0.3572022616863251, 0.8126636147499084], "cam_t_m2c": [196.9808349609375, 387.3291320800781, 2750.4033203125], "obj_id": 2}, {"cam_R_m2c": [0.7688876390457153, -0.20878994464874268, -0.6043331623077393, 0.62319016456604, 0.03334401547908783, 0.7813592553138733, -0.14298903942108154, -0.9773919582366943, 0.15575362741947174], "cam_t_m2c": [1333.8594970703125, 344.5854187011719, 2584.737060546875], "obj_id": 0}, {"cam_R_m2c": [0.915382444858551, -0.29696574807167053, 0.2718203365802765, 0.3946866989135742, 0.5288910865783691, -0.7513298988342285, 0.0793558806180954, 0.795038104057312, 0.6013460755348206], "cam_t_m2c": [-689.3287353515625, -177.03509521484375, 3238.017578125], "obj_id": 1}, {"cam_R_m2c": [0.01743222028017044, -0.9991418123245239, -0.03757258132100105, 0.9387099742889404, 0.0034158031921833754, 0.3446909785270691, -0.3442668318748474, -0.041278474032878876, 0.9379639625549316], "cam_t_m2c": [-195.0991668701172, 645.6149291992188, 2563.479248046875], "obj_id": 2}, {"cam_R_m2c": [-0.2714851200580597, -0.4162060618400574, -0.867794930934906, 0.314246267080307, 0.8139095306396484, -0.4886721670627594, 0.9096949100494385, -0.4053686261177063, -0.09017308801412582], "cam_t_m2c": [825.5902709960938, 246.61752319335938, 3258.987548828125], "obj_id": 0}, {"cam_R_m2c": [0.7801029086112976, 0.6072512269020081, 0.15061655640602112, -0.3330075442790985, 0.19920186698436737, 0.9216423034667969, 0.5296653509140015, -0.7691323161125183, 0.35761719942092896], "cam_t_m2c": [0.0006949506350792944, 0.0008428469300270081, 2902.82666015625], "obj_id": 0}, {"cam_R_m2c": [0.4156307876110077, 0.6013710498809814, -0.6823516488075256, 0.3041996657848358, -0.79892897605896, -0.518820583820343, -0.8571543097496033, 0.008066607639193535, -0.5149962902069092], "cam_t_m2c": [-281.1592712402344, -578.3333740234375, 3251.398681640625], "obj_id": 2}, {"cam_R_m2c": [-0.07407984882593155, 0.5837762951850891, 0.808527946472168, -0.39815083146095276, -0.7606491446495056, 0.512726902961731, 0.9143238663673401, -0.2839333415031433, 0.28877976536750793], "cam_t_m2c": [405.7611999511719, 167.7658233642578, 2937.376953125], "obj_id": 0}, {"cam_R_m2c": [0.37262049317359924, 0.9278640151023865, 0.014909103512763977, -0.912938117980957, 0.36365047097206116, 0.18520857393741608, 0.1664266735315323, -0.08262359350919724, 0.982586145401001], "cam_t_m2c": [-236.6626739501953, 485.9942321777344, 2469.21630859375], "obj_id": 1}, {"cam_R_m2c": [-0.9699164032936096, 0.07028314471244812, -0.2330719381570816, -0.1334606558084488, 0.6471942663192749, 0.750551700592041, 0.20359395444393158, 0.759078323841095, -0.6183443069458008], "cam_t_m2c": [-748.8701782226562, 165.46617126464844, 2525.417236328125], "obj_id": 0}, {"cam_R_m2c": [0.3466118276119232, -0.16074424982070923, 0.924132764339447, 0.8996219635009766, -0.22199109196662903, -0.3760317862033844, 0.26559436321258545, 0.9617072939872742, 0.06766445189714432], "cam_t_m2c": [-118.97782135009766, 74.96527862548828, 3137.9052734375], "obj_id": 0}, {"cam_R_m2c": [0.4890904426574707, -0.8486751317977905, 0.20134809613227844, -0.3917275667190552, -0.007470115553587675, 0.9200509190559387, -0.779320240020752, -0.5288617014884949, -0.33610299229621887], "cam_t_m2c": [-437.5239562988281, -341.390380859375, 2984.7841796875], "obj_id": 0}, {"cam_R_m2c": [0.8774443864822388, 0.46852076053619385, -0.10285725444555283, -0.41023075580596924, 0.8440847396850586, 0.34529945254325867, 0.24860019981861115, -0.260785847902298, 0.932839035987854], "cam_t_m2c": [655.7000122070312, 137.13963317871094, 3349.56640625], "obj_id": 2}, {"cam_R_m2c": [-0.1058582067489624, 0.1977844089269638, -0.9745129346847534, 0.39967992901802063, 0.9058341383934021, 0.14042961597442627, 0.9105218648910522, -0.37462761998176575, -0.17494043707847595], "cam_t_m2c": [939.8133544921875, -383.37237548828125, 2899.7763671875], "obj_id": 0}, {"cam_R_m2c": [0.24428412318229675, 0.9406581521034241, 0.23555786907672882, 0.2686297595500946, -0.2990556061267853, 0.9156438708305359, 0.9317528009414673, -0.1603994071483612, -0.32574328780174255], "cam_t_m2c": [-547.909912109375, -3.6084799766540527, 2376.254150390625], "obj_id": 0}, {"cam_R_m2c": [-0.7101812958717346, 0.6689165234565735, -0.2195294350385666, -0.6971173286437988, -0.6246021389961243, 0.3519936501979828, 0.09833581000566483, 0.4030171036720276, 0.9098941087722778], "cam_t_m2c": [-638.315673828125, 429.4488830566406, 3145.40234375], "obj_id": 2}, {"cam_R_m2c": [0.3263629972934723, 0.9022504687309265, -0.2818353474140167, 0.7894335389137268, -0.09617944806814194, 0.6062541007995605, 0.519886314868927, -0.4203491806983948, -0.7436562180519104], "cam_t_m2c": [-222.82603454589844, -290.87860107421875, 2977.320068359375], "obj_id": 1}, {"cam_R_m2c": [0.15943670272827148, -0.9453086853027344, -0.2845543324947357, 0.3355309069156647, -0.21919293701648712, 0.9161731004714966, -0.9284388422966003, -0.2415482997894287, 0.2822330594062805], "cam_t_m2c": [341.06195068359375, -120.7220687866211, 3596.973876953125], "obj_id": 0}, {"cam_R_m2c": [0.7352625727653503, -0.4336489140987396, -0.5209007263183594, -0.1745440661907196, 0.6214709877967834, -0.7637461423873901, 0.654922366142273, 0.652474045753479, 0.38125351071357727], "cam_t_m2c": [407.71527099609375, 681.292236328125, 2136.21826171875], "obj_id": 2}, {"cam_R_m2c": [-0.9394620060920715, 0.3226601779460907, -0.11533273756504059, 0.2610193192958832, 0.8919492959976196, 0.3691820502281189, 0.22199128568172455, 0.3167284429073334, -0.922173023223877], "cam_t_m2c": [712.1840209960938, 437.8990173339844, 2258.264404296875], "obj_id": 1}, {"cam_R_m2c": [-0.7266579270362854, -0.6088835597038269, 0.318164587020874, 0.45261839032173157, -0.07590923458337784, 0.8884673118591309, -0.5168215036392212, 0.7896191477775574, 0.3307521939277649], "cam_t_m2c": [806.5338134765625, -90.0822525024414, 2542.8388671875], "obj_id": 2}, {"cam_R_m2c": [0.03882379084825516, 0.8678874373435974, 0.4952414333820343, 0.7482067346572876, 0.3032591640949249, -0.5901021361351013, -0.6623287200927734, 0.3934529721736908, -0.6375855803489685], "cam_t_m2c": [472.0464172363281, -401.40545654296875, 3706.519775390625], "obj_id": 2}, {"cam_R_m2c": [0.627399742603302, -0.1535373330116272, -0.7634106278419495, -0.7783108353614807, -0.15452829003334045, -0.608566403388977, -0.024530939757823944, 0.9759852290153503, -0.2164507657289505], "cam_t_m2c": [-364.8180236816406, 23.904600143432617, 2582.54443359375], "obj_id": 1}, {"cam_R_m2c": [-0.8298827409744263, -0.520043134689331, 0.20211276412010193, -0.16089601814746857, 0.5699246525764465, 0.8057904839515686, -0.534234881401062, 0.6361925601959229, -0.5566434860229492], "cam_t_m2c": [824.3744506835938, 29.269018173217773, 2978.032470703125], "obj_id": 0}, {"cam_R_m2c": [0.8326855301856995, 0.2266148179769516, 0.5052529573440552, -0.5099303126335144, -0.041915446519851685, 0.8591938018798828, 0.2158840149641037, -0.9730820059776306, 0.08065539598464966], "cam_t_m2c": [-779.4672241210938, -379.13299560546875, 2826.089111328125], "obj_id": 1}, {"cam_R_m2c": [-0.08122681826353073, -0.9966914653778076, -0.002905620727688074, 0.45497772097587585, -0.039672572165727615, 0.8896186947822571, -0.8867906332015991, 0.07093885540962219, 0.4566948115825653], "cam_t_m2c": [-252.92298889160156, -53.30733871459961, 3155.67333984375], "obj_id": 0}, {"cam_R_m2c": [-0.3871827721595764, 0.4469604790210724, 0.8064216375350952, 0.07802629470825195, 0.8873874545097351, -0.4543735682964325, -0.9186955094337463, -0.11300352215766907, -0.3784558176994324], "cam_t_m2c": [-175.20895385742188, 549.5076293945312, 2207.7529296875], "obj_id": 0}, {"cam_R_m2c": [-0.28052622079849243, 0.8354893326759338, 0.4725065529346466, 0.11785022169351578, 0.5185292363166809, -0.8468994498252869, -0.9525839686393738, -0.18189255893230438, -0.2439236342906952], "cam_t_m2c": [248.67897033691406, 259.5229797363281, 1982.501953125], "obj_id": 1}, {"cam_R_m2c": [0.03267017751932144, -0.8259135484695435, 0.5628494024276733, 0.9900760650634766, -0.050270166248083115, -0.13123363256454468, 0.1366821676492691, 0.5615511536598206, 0.8160749077796936], "cam_t_m2c": [336.2566223144531, -212.79144287109375, 2841.651611328125], "obj_id": 1}, {"cam_R_m2c": [-0.3387784957885742, -0.33511924743652344, 0.8791611194610596, 0.8291511535644531, 0.3352896273136139, 0.4473133981227875, -0.4446769654750824, 0.8804975748062134, 0.16427555680274963], "cam_t_m2c": [419.302978515625, -666.0465087890625, 3522.0380859375], "obj_id": 1}, {"cam_R_m2c": [0.9439530372619629, 0.0035942448303103447, -0.330060213804245, -0.27308523654937744, -0.5531774163246155, -0.787031888961792, -0.18541064858436584, 0.8330556750297546, -0.5211919546127319], "cam_t_m2c": [532.25146484375, -93.09849548339844, 3004.138671875], "obj_id": 2}, {"cam_R_m2c": [0.7251315116882324, 0.2429245412349701, 0.6443383693695068, -0.11265720427036285, 0.9649514555931091, -0.23701690137386322, -0.6793324947357178, 0.09927904605865479, 0.7270838618278503], "cam_t_m2c": [-240.5801239013672, 421.4771728515625, 2996.491943359375], "obj_id": 1}, {"cam_R_m2c": [-0.8539050817489624, 0.03965636342763901, -0.5189154744148254, 0.3407372534275055, 0.7962711453437805, -0.4998503029346466, 0.3933751881122589, -0.6036385893821716, -0.6934523582458496], "cam_t_m2c": [519.682373046875, -107.08368682861328, 3341.5078125], "obj_id": 2}, {"cam_R_m2c": [-0.45438337326049805, 0.8517976999282837, -0.2607228755950928, -0.467721164226532, -0.47722095251083374, -0.7439737915992737, -0.758137583732605, -0.21610374748706818, 0.6152451038360596], "cam_t_m2c": [-202.865234375, 423.93756103515625, 1700.8155517578125], "obj_id": 1}, {"cam_R_m2c": [0.5839798450469971, -0.6981999278068542, 0.41410672664642334, -0.0160308126360178, -0.5199487209320068, -0.8540468811988831, 0.8116098046302795, 0.49210765957832336, -0.31483224034309387], "cam_t_m2c": [-69.82347869873047, 572.075439453125, 2601.7705078125], "obj_id": 2}, {"cam_R_m2c": [-0.1184924840927124, -0.660369336605072, -0.7415333390235901, -0.9592521786689758, -0.11678603291511536, 0.25728610157966614, -0.2565046548843384, 0.7418040037155151, -0.6196224093437195], "cam_t_m2c": [596.0197143554688, -557.3486328125, 3470.24755859375], "obj_id": 2}, {"cam_R_m2c": [-0.8212366104125977, 0.5672947764396667, 0.06121315807104111, 0.4741690754890442, 0.6188498735427856, 0.6262495517730713, 0.31738635897636414, 0.5433244705200195, -0.777215838432312], "cam_t_m2c": [-104.0188980102539, 21.73645782470703, 3443.954345703125], "obj_id": 0}, {"cam_R_m2c": [-0.4652700424194336, -0.08145815879106522, 0.8814126253128052, -0.8816339373588562, -0.04625402390956879, -0.4696616232395172, 0.07902669161558151, -0.9956028461456299, -0.050295598804950714], "cam_t_m2c": [849.5067138671875, 300.9981689453125, 2695.61083984375], "obj_id": 2}, {"cam_R_m2c": [-0.15603268146514893, 0.4327112138271332, -0.887927234172821, -0.6668204069137573, 0.6170336008071899, 0.41787564754486084, 0.7287003993988037, 0.6572902798652649, 0.19226327538490295], "cam_t_m2c": [138.01206970214844, -387.6278076171875, 3136.7255859375], "obj_id": 2}, {"cam_R_m2c": [-0.8884245753288269, -0.2971404194831848, -0.3498702943325043, 0.45678555965423584, -0.6474611163139343, -0.6100335717201233, -0.045261770486831665, -0.7017845511436462, 0.7109498977661133], "cam_t_m2c": [880.8252563476562, -74.34354400634766, 3027.1748046875], "obj_id": 0}, {"cam_R_m2c": [0.21532656252384186, 0.5985202789306641, 0.7716267704963684, 0.9569857120513916, -0.2866722345352173, -0.044691648334264755, 0.1944551169872284, 0.748059093952179, -0.6345035433769226], "cam_t_m2c": [819.5562744140625, -297.93115234375, 2764.478271484375], "obj_id": 2}, {"cam_R_m2c": [0.18839535117149353, 0.9812263250350952, -0.04125544801354408, 0.814467191696167, -0.13262857496738434, 0.564847469329834, 0.5487715601921082, -0.14001581072807312, -0.8241632580757141], "cam_t_m2c": [806.9146728515625, 591.7063598632812, 2812.15625], "obj_id": 2}, {"cam_R_m2c": [0.2943362891674042, -0.8830403685569763, -0.3655213415622711, -0.20394651591777802, -0.43168944120407104, 0.8786637187004089, -0.9336872696876526, -0.18407580256462097, -0.3071548342704773], "cam_t_m2c": [-268.6532897949219, 208.1205291748047, 1712.1826171875], "obj_id": 1}, {"cam_R_m2c": [0.5138487219810486, -0.121103435754776, -0.8492900133132935, -0.3075386583805084, 0.8981826305389404, -0.31414633989334106, 0.8008617162704468, 0.4226132035255432, 0.42428597807884216], "cam_t_m2c": [539.8738403320312, 113.37918090820312, 1976.497314453125], "obj_id": 1}, {"cam_R_m2c": [0.9318353533744812, -0.2451934516429901, 0.26751282811164856, 0.08495830744504929, -0.5692931413650513, -0.8177331686019897, 0.3527959883213043, 0.7847200632095337, -0.5096562504768372], "cam_t_m2c": [511.3843078613281, -161.07423400878906, 2574.414794921875], "obj_id": 0}, {"cam_R_m2c": [0.15404294431209564, 0.6652138829231262, 0.7305895090103149, 0.7654353380203247, 0.3872283697128296, -0.5139676928520203, -0.6248034238815308, 0.6383921504020691, -0.44952839612960815], "cam_t_m2c": [-774.3356323242188, 66.9585189819336, 2873.537353515625], "obj_id": 1}, {"cam_R_m2c": [-0.013890096917748451, 0.8883644938468933, -0.45892879366874695, 0.8744412064552307, -0.21180038154125214, -0.4364553689956665, -0.48493272066116333, -0.40736860036849976, -0.773880660533905], "cam_t_m2c": [57.99067687988281, -501.2980041503906, 3418.23583984375], "obj_id": 0}, {"cam_R_m2c": [0.6507463455200195, -0.1526334583759308, -0.7437958717346191, 0.3871949017047882, 0.909357488155365, 0.15214833617210388, 0.6531533598899841, -0.38700392842292786, 0.6508599519729614], "cam_t_m2c": [386.4560852050781, 4.660453796386719, 2703.138916015625], "obj_id": 1}, {"cam_R_m2c": [-0.20749792456626892, -0.48676538467407227, 0.8485305309295654, -0.7232424020767212, 0.660396933555603, 0.20198102295398712, -0.6586843132972717, -0.5717825889587402, -0.48908036947250366], "cam_t_m2c": [25.734146118164062, 617.267822265625, 2032.2138671875], "obj_id": 2}, {"cam_R_m2c": [-0.16273723542690277, 0.4705544710159302, -0.8672340512275696, 0.8791387677192688, -0.3298649191856384, -0.3439534306526184, -0.44791901111602783, -0.8183931708335876, -0.36000126600265503], "cam_t_m2c": [-108.61548614501953, 370.1465148925781, 2173.6298828125], "obj_id": 2}, {"cam_R_m2c": [-0.22341282665729523, -0.9737796783447266, -0.042891062796115875, 0.794869065284729, -0.20748087763786316, 0.570205807685852, -0.5641539692878723, 0.09329857677221298, 0.8203814029693604], "cam_t_m2c": [-68.8647689819336, -336.9535827636719, 3152.908203125], "obj_id": 2}, {"cam_R_m2c": [0.12906712293624878, 0.99161297082901, 0.006739057134836912, 0.7552807331085205, -0.09389819949865341, -0.6486402153968811, -0.6425672769546509, 0.08880800008773804, -0.7610653042793274], "cam_t_m2c": [790.39501953125, 97.65509033203125, 2796.22705078125], "obj_id": 0}, {"cam_R_m2c": [0.5225829482078552, -0.6906275153160095, -0.4999406635761261, 0.37841156125068665, 0.7133407592773438, -0.5898725390434265, 0.7640102505683899, 0.1190740168094635, 0.6341211795806885], "cam_t_m2c": [-708.8789672851562, 116.9330062866211, 2939.810546875], "obj_id": 1}, {"cam_R_m2c": [0.42032018303871155, 0.8193752765655518, 0.3898140490055084, -0.23845982551574707, -0.31475719809532166, 0.918729841709137, 0.8754814267158508, -0.47911563515663147, 0.06308938562870026], "cam_t_m2c": [77.00471496582031, 229.84555053710938, 3484.287353515625], "obj_id": 1}, {"cam_R_m2c": [0.29329150915145874, -0.6184962391853333, 0.7290010452270508, -0.9296755194664001, -0.3623008728027344, 0.06664489954710007, 0.22289809584617615, -0.697280764579773, -0.6812605857849121], "cam_t_m2c": [194.9545135498047, -105.26653289794922, 2465.946044921875], "obj_id": 2}, {"cam_R_m2c": [0.9375212788581848, 0.09408680349588394, 0.3349649906158447, -0.31456032395362854, -0.1821972280740738, 0.9315878748893738, 0.14867982268333435, -0.9787501096725464, -0.14121779799461365], "cam_t_m2c": [-740.7769165039062, -219.18960571289062, 2842.08837890625], "obj_id": 1}, {"cam_R_m2c": [-0.052137620747089386, 0.923764169216156, -0.3793962597846985, 0.9911039471626282, 0.0012795863440260291, -0.13308432698249817, -0.12245303392410278, -0.3829598128795624, -0.9156129956245422], "cam_t_m2c": [451.907470703125, 474.17816162109375, 2122.015869140625], "obj_id": 1}, {"cam_R_m2c": [0.8313273787498474, -0.11675720661878586, -0.543380618095398, 0.16959403455257416, -0.8777639865875244, 0.4480716288089752, -0.5292755365371704, -0.4646483361721039, -0.7099078893661499], "cam_t_m2c": [-199.34646606445312, 365.3900146484375, 2509.07177734375], "obj_id": 0}, {"cam_R_m2c": [0.958888053894043, 0.27380579710006714, -0.07459256052970886, 0.06752417236566544, 0.035163525491952896, 0.9970977306365967, 0.2756340801715851, -0.9611418843269348, 0.015229376964271069], "cam_t_m2c": [295.3915710449219, -354.6814270019531, 3568.738037109375], "obj_id": 0}, {"cam_R_m2c": [0.1525406837463379, -0.05383982136845589, -0.9868295788764954, -0.3019297122955322, 0.9482377171516418, -0.09840554744005203, 0.9410471320152283, 0.3129640221595764, 0.12838898599147797], "cam_t_m2c": [-82.156494140625, 628.5311279296875, 2004.1773681640625], "obj_id": 0}, {"cam_R_m2c": [0.6328514814376831, -0.6523552536964417, -0.4170510470867157, -0.5846883058547974, -0.04953772574663162, -0.809744119644165, 0.5075810551643372, 0.7562926411628723, -0.4127745032310486], "cam_t_m2c": [215.03697204589844, 584.016357421875, 2199.19189453125], "obj_id": 2}, {"cam_R_m2c": [0.4737159311771393, -0.3916475772857666, 0.7887999415397644, -0.059529729187488556, -0.9078652262687683, -0.4150140881538391, 0.8786633610725403, 0.1496417224407196, -0.4533848464488983], "cam_t_m2c": [810.8834228515625, -283.9438171386719, 3046.654052734375], "obj_id": 0}, {"cam_R_m2c": [0.5601319670677185, 0.27738964557647705, 0.7805812358856201, -0.3017958402633667, -0.8091868758201599, 0.5041186213493347, 0.7714735269546509, -0.517949104309082, -0.3695363700389862], "cam_t_m2c": [-234.8321990966797, 857.6526489257812, 2218.2412109375], "obj_id": 0}, {"cam_R_m2c": [0.08228184282779694, -0.9021061658859253, 0.42359670996665955, -0.9402379393577576, 0.07065535336732864, 0.33310726284980774, -0.33042746782302856, -0.4256903827190399, -0.8423807621002197], "cam_t_m2c": [-166.06024169921875, 876.6654663085938, 1851.9334716796875], "obj_id": 2}, {"cam_R_m2c": [-0.9420354962348938, -0.24978896975517273, -0.22399592399597168, -0.02839120291173458, -0.6058801412582397, 0.7950489521026611, -0.3343092203140259, 0.7553240060806274, 0.5636690855026245], "cam_t_m2c": [107.81898498535156, 119.17909240722656, 2369.002197265625], "obj_id": 0}, {"cam_R_m2c": [0.5844048857688904, 0.5014883279800415, -0.6379501223564148, -0.46809491515159607, -0.43384408950805664, -0.7698481678962708, -0.6628408432006836, 0.7485241889953613, -0.018796391785144806], "cam_t_m2c": [146.70352172851562, -211.90846252441406, 2914.307861328125], "obj_id": 1}, {"cam_R_m2c": [-0.9406101107597351, 0.17759063839912415, 0.2893334925174713, 0.014666454866528511, -0.8302105069160461, 0.5572567582130432, 0.3391713500022888, 0.528404951095581, 0.7783000469207764], "cam_t_m2c": [167.30130004882812, 156.56065368652344, 2058.909423828125], "obj_id": 0}, {"cam_R_m2c": [0.8719608187675476, -0.07065989822149277, 0.48444974422454834, -0.30390703678131104, -0.8539166450500488, 0.42245322465896606, 0.3838292360305786, -0.5155903100967407, -0.7660558819770813], "cam_t_m2c": [-349.7413024902344, 267.9450378417969, 2086.68017578125], "obj_id": 0}, {"cam_R_m2c": [0.303723007440567, 0.005961673334240913, -0.9527416825294495, 0.8884888887405396, 0.35928261280059814, 0.285488098859787, 0.3440054953098297, -0.9332097172737122, 0.10382553189992905], "cam_t_m2c": [78.45374298095703, 381.2773742675781, 2993.2373046875], "obj_id": 1}, {"cam_R_m2c": [-0.4695272147655487, -0.010703891515731812, 0.882853090763092, -0.7964486479759216, -0.4264354407787323, -0.42874500155448914, 0.3810691237449646, -0.9044545888900757, 0.19169801473617554], "cam_t_m2c": [-157.35360717773438, -285.0980224609375, 3056.9619140625], "obj_id": 1}, {"cam_R_m2c": [-0.25155332684516907, -0.798453688621521, -0.5469849705696106, 0.7764875292778015, -0.5038614869117737, 0.37840530276298523, -0.5777438282966614, -0.32953789830207825, 0.7467374801635742], "cam_t_m2c": [-192.45059204101562, 611.3753051757812, 2794.797119140625], "obj_id": 1}, {"cam_R_m2c": [0.7673715353012085, 0.3535880446434021, 0.5348985195159912, 0.1444242149591446, 0.7174617648124695, -0.6814618706703186, -0.6247260570526123, 0.6001867651939392, 0.4994930624961853], "cam_t_m2c": [-251.52000427246094, -93.85635375976562, 3463.47412109375], "obj_id": 2}]
}