{
  "0": [{"cam_R_m2c": [-0.2075062245130539, 0.12050243467092514, 0.9707833528518677, 0.724236786365509, 0.6860246062278748, 0.06965099275112152, -0.6575881838798523, 0.7175300717353821, -0.22962668538093567], "cam_t_m2c": [-349.53594970703125, 113.50252532958984, 919.17822265625], "obj_id": 3}, {"cam_R_m2c": [0.9996792674064636, -0.016722422093153, -0.019019030034542084, -0.009310935623943806, -0.9410843849182129, 0.33804360032081604, -0.023551419377326965, -0.3377580940723419, -0.9409382343292236], "cam_t_m2c": [-385.54193115234375, -156.66441345214844, 1042.474609375], "obj_id": 3}, {"cam_R_m2c": [0.05585893616080284, -0.8749483823776245, -0.48098331689834595, 0.9926692247390747, -0.0030458264518529177, 0.12082410603761673, -0.10717988759279251, -0.4842064678668976, 0.8683643341064453], "cam_t_m2c": [-584.1029663085938, -89.47915649414062, 1038.3095703125], "obj_id": 3}, {"cam_R_m2c": [0.7369371652603149, -0.21077124774456024, 0.6422609090805054, -0.4128285050392151, -0.8926985263824463, 0.18072637915611267, 0.5352534055709839, -0.3983275890350342, -0.7448751330375671], "cam_t_m2c": [-327.5669860839844, -144.58572387695312, 1037.7034912109375], "obj_id": 3}, {"cam_R_m2c": [-0.8176599144935608, 0.44433873891830444, 0.3660535216331482, -0.5756756067276001, -0.6250391006469727, -0.5271845459938049, -0.005450731609016657, -0.6417858004570007, 0.766864538192749], "cam_t_m2c": [-210.42098999023438, -60.75849914550781, 1058.8309326171875], "obj_id": 3}, {"cam_R_m2c": [-0.9853284358978271, 0.17066919803619385, -0.00034102785866707563, -0.08941230922937393, -0.517906129360199, -0.8507518768310547, -0.14537374675273895, -0.8382394313812256, 0.5255674123764038], "cam_t_m2c": [-354.01611328125, 171.57022094726562, 1080.3385009765625], "obj_id": 3}, {"cam_R_m2c": [-0.2463570535182953, 0.7089710235595703, -0.660808801651001, 0.9049521088600159, 0.41234850883483887, 0.10502555221319199, 0.34694361686706543, -0.572126567363739, -0.7431697845458984], "cam_t_m2c": [-443.7192687988281, 226.6758270263672, 1022.9503173828125], "obj_id": 3}, {"cam_R_m2c": [0.10731040686368942, -0.8572706580162048, -0.503558874130249, 0.633319079875946, 0.44937121868133545, -0.6300575137138367, 0.7664146423339844, -0.25130170583724976, 0.5911480784416199], "cam_t_m2c": [-357.1063232421875, 155.5629425048828, 919.7426147460938], "obj_id": 3}, {"cam_R_m2c": [0.5909144282341003, 0.8067340850830078, 0.0005550795467570424, -0.27479052543640137, 0.2006307989358902, 0.9403390288352966, 0.7584921717643738, -0.5558124780654907, 0.3402385115623474], "cam_t_m2c": [-358.0869445800781, -217.32086181640625, 1007.3668823242188], "obj_id": 3}, {"cam_R_m2c": [0.6901894211769104, -0.6755881905555725, -0.25926661491394043, -0.6040947437286377, -0.3406786024570465, -0.7204217314720154, 0.3983818292617798, 0.6538490653038025, -0.6432520151138306], "cam_t_m2c": [-415.4712219238281, -96.7398681640625, 1063.7991943359375], "obj_id": 3}, {"cam_R_m2c": [-0.556277334690094, -0.06593678146600723, 0.8283766508102417, -0.5459405183792114, -0.7225412726402283, -0.4241263270378113, 0.6265018582344055, -0.6881762146949768, 0.365935742855072], "cam_t_m2c": [-604.37353515625, 97.41889190673828, 1154.82958984375], "obj_id": 3}, {"cam_R_m2c": [-0.5597077012062073, 0.42459115386009216, -0.7116525769233704, 0.8285078406333923, 0.26870861649513245, -0.4912945032119751, -0.017372172325849533, -0.8645911812782288, -0.5021753311157227], "cam_t_m2c": [-410.6741027832031, 151.10488891601562, 1073.3858642578125], "obj_id": 3}, {"cam_R_m2c": [0.847468376159668, -0.21254223585128784, -0.48643919825553894, 0.505643367767334, 0.0442093126475811, 0.8616090416908264, -0.16162322461605072, -0.976151168346405, 0.14493659138679504], "cam_t_m2c": [-408.5509948730469, 280.3140869140625, 937.843505859375], "obj_id": 3}, {"cam_R_m2c": [-0.13445594906806946, -0.6740894913673401, -0.7263089418411255, 0.2749168574810028, 0.6788155436515808, -0.6809039115905762, 0.952019989490509, -0.29122626781463623, 0.09404785186052322], "cam_t_m2c": [-366.3291015625, 267.7834777832031, 873.0341186523438], "obj_id": 3}, {"cam_R_m2c": [-0.11595785617828369, -0.9643387794494629, -0.23791682720184326, 0.16035982966423035, -0.254566490650177, 0.9536668658256531, -0.9802236557006836, 0.07243290543556213, 0.1841602474451065], "cam_t_m2c": [-521.7168579101562, 132.58740234375, 1123.2520751953125], "obj_id": 3}, {"cam_R_m2c": [0.9488778114318848, -0.2652567923069, 0.17108416557312012, -0.22115939855575562, -0.945437490940094, -0.23924162983894348, 0.22520984709262848, 0.18917420506477356, -0.9557687044143677], "cam_t_m2c": [-386.1431884765625, 108.4637222290039, 1205.381103515625], "obj_id": 3}, {"cam_R_m2c": [0.9573084712028503, -0.26618072390556335, -0.11273106187582016, 0.18824173510074615, 0.27808356285095215, 0.9419313073158264, -0.21937529742717743, -0.9229395389556885, 0.3163180947303772], "cam_t_m2c": [-508.9457702636719, -131.00592041015625, 924.7408447265625], "obj_id": 3}, {"cam_R_m2c": [0.07024819403886795, -0.45514318346977234, -0.8876428604125977, -0.7843644022941589, 0.5245730876922607, -0.33105209469795227, 0.6163097023963928, 0.7194913029670715, -0.3201477825641632], "cam_t_m2c": [-468.839599609375, 188.12757873535156, 951.3108520507812], "obj_id": 3}, {"cam_R_m2c": [-0.08801744878292084, -0.8695510625839233, -0.48593586683273315, -0.6226931810379028, -0.33273443579673767, 0.7081954479217529, -0.777499794960022, 0.36492258310317993, -0.512177050113678], "cam_t_m2c": [-510.138916015625, -218.62567138671875, 1017.8818969726562], "obj_id": 3}, {"cam_R_m2c": [-0.3625617027282715, -0.625494658946991, 0.690872848033905, -0.3209652900695801, -0.6121561527252197, -0.7226658463478088, 0.8749458193778992, -0.48375722765922546, 0.021182414144277573], "cam_t_m2c": [-566.770263671875, -51.25864028930664, 800.3671875], "obj_id": 3}, {"cam_R_m2c": [-0.3007132411003113, -0.829987108707428, -0.4697795510292053, 0.15604612231254578, 0.4431212246417999, -0.8827758431434631, 0.9408618807792664, -0.33876970410346985, -0.003736126236617565], "cam_t_m2c": [-229.55223083496094, -178.55612182617188, 976.9080810546875], "obj_id": 3}, {"cam_R_m2c": [-0.6871525645256042, -0.6529625058174133, 0.31852975487709045, -0.687281608581543, 0.44211122393608093, -0.5763520002365112, 0.2355107069015503, -0.6149614453315735, -0.7525669932365417], "cam_t_m2c": [-601.3466186523438, 22.398033142089844, 932.7835693359375], "obj_id": 3}, {"cam_R_m2c": [0.6777437329292297, 0.08848631381988525, 0.7299545407295227, -0.7151566743850708, -0.15143731236457825, 0.6823617815971375, 0.17092205584049225, -0.9844982624053955, -0.03935409337282181], "cam_t_m2c": [-462.6736145019531, 257.6806945800781, 1011.9956665039062], "obj_id": 3}, {"cam_R_m2c": [-0.3363434076309204, -0.32379359006881714, -0.8843249678611755, -0.9416523575782776, 0.10287300497293472, 0.32048067450523376, -0.012796491384506226, 0.940518319606781, -0.33950158953666687], "cam_t_m2c": [-378.3499450683594, 237.4354248046875, 1044.4803466796875], "obj_id": 3}, {"cam_R_m2c": [-0.8523038625717163, -0.3682912588119507, -0.3714020252227783, -0.5229774117469788, 0.5884894132614136, 0.6165831089019775, -0.008516013622283936, 0.7197511196136475, -0.6941798329353333], "cam_t_m2c": [-445.9093017578125, 220.5288543701172, 962.4561767578125], "obj_id": 3}, {"cam_R_m2c": [-0.6653920412063599, -0.7304482460021973, 0.15394364297389984, -0.7437986731529236, 0.6662474274635315, -0.05364633724093437, -0.06337867677211761, -0.15019893646240234, -0.986622154712677], "cam_t_m2c": [-289.6310729980469, -96.6000747680664, 856.2997436523438], "obj_id": 3}, {"cam_R_m2c": [0.24444016814231873, -0.3941662311553955, 0.8859356045722961, -0.8669612407684326, -0.4980642795562744, 0.017608482390642166, 0.43431228399276733, -0.7723761200904846, -0.46347373723983765], "cam_t_m2c": [-544.8983154296875, 71.97898864746094, 914.0245971679688], "obj_id": 3}, {"cam_R_m2c": [-0.614571213722229, -0.6849350333213806, 0.3913646936416626, -0.4868762493133545, -0.06101396307349205, -0.8713374137878418, 0.6206881999969482, -0.7260450124740601, -0.29598119854927063], "cam_t_m2c": [-631.79052734375, -156.2730255126953, 973.9519653320312], "obj_id": 3}, {"cam_R_m2c": [0.8773428201675415, -0.4412602484226227, 0.1885709911584854, -0.3185979127883911, -0.24177904427051544, 0.9165360331535339, -0.35883840918540955, -0.8641945719718933, -0.3527076840400696], "cam_t_m2c": [-647.8148803710938, 137.37326049804688, 1161.1473388671875], "obj_id": 1}, {"cam_R_m2c": [-0.8364690542221069, -0.4526651203632355, -0.3088911175727844, 0.5455861687660217, -0.740869402885437, -0.3917245864868164, -0.05152794346213341, -0.49619224667549133, 0.866682231426239], "cam_t_m2c": [-276.8209228515625, -43.486412048339844, 1010.50927734375], "obj_id": 1}, {"cam_R_m2c": [-0.23754429817199707, 0.9329657554626465, 0.27045774459838867, 0.5094677209854126, -0.1173984557390213, 0.8524436354637146, 0.827052116394043, 0.340282678604126, -0.44742852449417114], "cam_t_m2c": [-407.03265380859375, 162.39071655273438, 890.8510131835938], "obj_id": 1}, {"cam_R_m2c": [-0.07298988103866577, -0.5623100399971008, -0.823698878288269, -0.8249579071998596, -0.4300838112831116, 0.366704523563385, -0.5604612827301025, 0.7062826752662659, -0.4324902594089508], "cam_t_m2c": [-249.95315551757812, -126.42461395263672, 930.5953369140625], "obj_id": 1}, {"cam_R_m2c": [-0.31719842553138733, -0.39148691296577454, 0.86378413438797, 0.319676011800766, 0.8133757710456848, 0.4860319495201111, -0.892856240272522, 0.43029966950416565, -0.13285252451896667], "cam_t_m2c": [-643.7286987304688, 177.08572387695312, 1118.774658203125], "obj_id": 1}, {"cam_R_m2c": [-0.7185454964637756, 0.4713369607925415, -0.5114037990570068, -0.35902056097984314, -0.8811565637588501, -0.307680606842041, -0.5956480503082275, -0.03747803345322609, 0.8023707270622253], "cam_t_m2c": [-697.588134765625, 27.702484130859375, 894.1685180664062], "obj_id": 1}, {"cam_R_m2c": [0.9635600447654724, -0.21855145692825317, -0.15423116087913513, 0.22775140404701233, 0.36790719628334045, 0.9015395641326904, -0.1402900218963623, -0.903813898563385, 0.4042761027812958], "cam_t_m2c": [-622.6954956054688, 237.906005859375, 1028.9727783203125], "obj_id": 1}, {"cam_R_m2c": [0.9487718343734741, 0.23271425068378448, -0.21371975541114807, -0.20965634286403656, 0.9697287678718567, 0.12518106400966644, 0.2363816201686859, -0.0739605575799942, 0.9688413739204407], "cam_t_m2c": [-410.41534423828125, -102.02166748046875, 1080.777099609375], "obj_id": 1}, {"cam_R_m2c": [0.4122477173805237, 0.4870278835296631, -0.7699711322784424, -0.8496318459510803, 0.5106090903282166, -0.13192428648471832, 0.3289034366607666, 0.7085775136947632, 0.6242918968200684], "cam_t_m2c": [-516.6830444335938, -107.89973449707031, 1007.755615234375], "obj_id": 1}, {"cam_R_m2c": [-0.6236688494682312, 0.02511269971728325, -0.7812851071357727, -0.515140950679779, 0.7385415434837341, 0.434955358505249, 0.5879344344139099, 0.6737400889396667, -0.44766876101493835], "cam_t_m2c": [-662.9903564453125, 133.3107452392578, 1126.644287109375], "obj_id": 1}, {"cam_R_m2c": [0.33570900559425354, -0.2163015455007553, 0.916795015335083, 0.11517922580242157, -0.9565492272377014, -0.26785680651664734, 0.9348974227905273, 0.19551768898963928, -0.2962087392807007], "cam_t_m2c": [-323.30511474609375, 78.72364044189453, 891.3324584960938], "obj_id": 1}, {"cam_R_m2c": [-0.778173565864563, 0.594916820526123, -0.20129472017288208, 0.6164013743400574, 0.6620110273361206, -0.42636922001838684, -0.12039491534233093, -0.4558676779270172, -0.881866991519928], "cam_t_m2c": [-360.5273132324219, 65.23578643798828, 1151.5479736328125], "obj_id": 1}, {"cam_R_m2c": [-0.31595781445503235, -0.9323416352272034, 0.1758112907409668, 0.652402937412262, -0.07895645499229431, 0.7537480592727661, -0.6888692378997803, 0.352852463722229, 0.6332094669342041], "cam_t_m2c": [-705.1964111328125, 223.9168243408203, 1028.198486328125], "obj_id": 1}, {"cam_R_m2c": [-0.020665591582655907, -0.8289361000061035, -0.5589612722396851, 0.9896988272666931, 0.06225777417421341, -0.12891849875450134, 0.14166483283042908, -0.5558675527572632, 0.8191106915473938], "cam_t_m2c": [-565.541015625, -200.32180786132812, 986.9557495117188], "obj_id": 1}, {"cam_R_m2c": [-0.7915967106819153, -0.2800636887550354, 0.5430828332901001, -0.2853514552116394, -0.6164815425872803, -0.733842670917511, 0.5403231978416443, -0.7358769178390503, 0.40808817744255066], "cam_t_m2c": [-333.3130187988281, 196.3890838623047, 1093.8641357421875], "obj_id": 1}, {"cam_R_m2c": [-0.16491393744945526, -0.9643058180809021, -0.20716550946235657, 0.6546769142150879, 0.05007632076740265, -0.7542482018470764, 0.7377000451087952, -0.26001256704330444, 0.6230505704879761], "cam_t_m2c": [-307.3023986816406, 59.795135498046875, 1079.8570556640625], "obj_id": 1}, {"cam_R_m2c": [-0.9566615223884583, 0.1792968064546585, -0.22945868968963623, 0.266402930021286, 0.8570640683174133, -0.4409882426261902, 0.11759301275014877, -0.48300498723983765, -0.8676853775978088], "cam_t_m2c": [-450.8575744628906, 181.41920471191406, 931.8961791992188], "obj_id": 1}, {"cam_R_m2c": [0.9493208527565002, -0.19818857312202454, -0.24394908547401428, 0.3085222840309143, 0.4393364489078522, 0.8436808586120605, -0.06003221124410629, -0.8761875629425049, 0.47821688652038574], "cam_t_m2c": [-446.3480529785156, 178.70399475097656, 1119.097412109375], "obj_id": 1}, {"cam_R_m2c": [-0.611811637878418, 0.5798830389976501, -0.5379796624183655, -0.7909810543060303, -0.45362406969070435, 0.41057777404785156, -0.005953466519713402, 0.6767280101776123, 0.7362090349197388], "cam_t_m2c": [-339.35968017578125, 121.98766326904297, 1045.564697265625], "obj_id": 1}, {"cam_R_m2c": [0.8433966636657715, 0.19642284512519836, -0.5001001358032227, 0.32806411385536194, -0.9253912568092346, 0.1898023784160614, -0.42550674080848694, -0.32414358854293823, -0.8449111580848694], "cam_t_m2c": [-393.7218322753906, -228.75527954101562, 1025.5269775390625], "obj_id": 1}, {"cam_R_m2c": [-0.05068851634860039, 0.9060839414596558, 0.42005062103271484, -0.871019721031189, 0.1656690388917923, -0.46246984601020813, -0.4886258840560913, -0.38931432366371155, 0.7808195352554321], "cam_t_m2c": [-599.8560180664062, -59.14632034301758, 1001.48974609375], "obj_id": 1}, {"cam_R_m2c": [0.09053263068199158, 0.9174895882606506, 0.38731977343559265, 0.44652992486953735, -0.38502880930900574, 0.8076903820037842, 0.8901768326759338, 0.09982758015394211, -0.4445441961288452], "cam_t_m2c": [-467.2049255371094, 44.68427658081055, 927.4996337890625], "obj_id": 1}, {"cam_R_m2c": [-0.5613940358161926, 0.4469463527202606, -0.6964737176895142, -0.1324320137500763, 0.7822432518005371, 0.608734130859375, 0.816883385181427, 0.43397513031959534, -0.3799567222595215], "cam_t_m2c": [-508.68475341796875, -142.13711547851562, 1111.2008056640625], "obj_id": 1}, {"cam_R_m2c": [-0.46554097533226013, -0.5301504731178284, 0.708669126033783, -0.884377658367157, 0.24801485240459442, -0.395429790019989, 0.033876847475767136, -0.8108199834823608, -0.5843142867088318], "cam_t_m2c": [-351.22528076171875, -132.3472442626953, 998.8707885742188], "obj_id": 1}, {"cam_R_m2c": [0.4371027648448944, 0.8546757102012634, 0.28012606501579285, -0.5125473141670227, -0.01923135295510292, 0.858443558216095, 0.7390780448913574, -0.5188059210777283, 0.42965567111968994], "cam_t_m2c": [-509.4691467285156, -145.8229217529297, 1166.3734130859375], "obj_id": 1}, {"cam_R_m2c": [-0.8484290242195129, -0.13825637102127075, 0.5109336376190186, -0.2839830815792084, 0.9334915280342102, -0.2189684361219406, -0.4466784596443176, -0.3308757245540619, -0.8312637209892273], "cam_t_m2c": [-535.2273559570312, -119.87451171875, 1106.7255859375], "obj_id": 1}, {"cam_R_m2c": [-0.6063116192817688, 0.6404120326042175, 0.4714430868625641, -0.755227267742157, -0.2780599594116211, -0.5935607552528381, -0.24903398752212524, -0.7159294486045837, 0.6522477269172668], "cam_t_m2c": [-408.1310729980469, 164.26513671875, 1043.2716064453125], "obj_id": 1}, {"cam_R_m2c": [0.8892124891281128, 0.28902319073677063, 0.3546361029148102, 0.4561549425125122, -0.5008420348167419, -0.7355812788009644, -0.03498336300253868, 0.8158570528030396, -0.577194333076477], "cam_t_m2c": [-580.5269775390625, 98.11712646484375, 890.8439331054688], "obj_id": 1}, {"cam_R_m2c": [-0.7026410698890686, -0.5074282288551331, -0.4988104999065399, -0.23708267509937286, -0.49401038885116577, 0.8365078568458557, -0.6708853244781494, 0.706024169921875, 0.22680966556072235], "cam_t_m2c": [-486.1604919433594, 56.856483459472656, 816.70654296875], "obj_id": 1}, {"cam_R_m2c": [-0.34235814213752747, 0.4895678162574768, -0.8019439578056335, -0.9357906579971313, -0.10119756311178207, 0.33771997690200806, 0.0841820016503334, 0.8660728931427002, 0.4927788972854614], "cam_t_m2c": [-542.8389892578125, -36.94205093383789, 1022.690185546875], "obj_id": 1}, {"cam_R_m2c": [-0.5911734104156494, -0.40625056624412537, -0.6967599987983704, 0.7976365685462952, -0.4225196838378906, -0.4304102659225464, -0.11954039335250854, -0.8102083802223206, 0.5738227367401123], "cam_t_m2c": [-458.0729064941406, -117.1291275024414, 900.68212890625], "obj_id": 1}, {"cam_R_m2c": [0.6491478681564331, -0.7249522805213928, 0.23032858967781067, -0.13669206202030182, -0.4090472161769867, -0.9022170305252075, 0.7482795715332031, 0.5541881322860718, -0.36462733149528503], "cam_t_m2c": [-300.2160949707031, 103.96790313720703, 1081.0479736328125], "obj_id": 1}, {"cam_R_m2c": [0.8917421698570251, -0.012448259629309177, -0.45237261056900024, -0.1294446438550949, 0.9508394002914429, -0.28133344650268555, 0.43363580107688904, 0.30943411588668823, 0.8462921977043152], "cam_t_m2c": [-361.8190002441406, 51.358951568603516, 1189.9627685546875], "obj_id": 1}, {"cam_R_m2c": [-0.31452932953834534, -0.6537840962409973, -0.6882134079933167, 0.05966624990105629, 0.709959089756012, -0.7017107605934143, 0.947370707988739, -0.2617717385292053, -0.18429411947727203], "cam_t_m2c": [-440.9375915527344, 166.54054260253906, 941.2680053710938], "obj_id": 1}, {"cam_R_m2c": [-0.6136683821678162, 0.7536177635192871, 0.23552319407463074, 0.3502136468887329, 0.5271493196487427, -0.7742505669593811, -0.7076448798179626, -0.39264973998069763, -0.5874220728874207], "cam_t_m2c": [-370.3294372558594, -64.28978729248047, 876.7031860351562], "obj_id": 1}, {"cam_R_m2c": [-0.30820292234420776, 0.8410070538520813, -0.4446549415588379, 0.7272316813468933, 0.5096169710159302, 0.4598093628883362, 0.6133066415786743, -0.18165256083011627, -0.7686724066734314], "cam_t_m2c": [-596.6016235351562, -149.4847869873047, 1011.59130859375], "obj_id": 1}, {"cam_R_m2c": [-0.9269812107086182, -0.36810651421546936, 0.07213377952575684, -0.3332316279411316, 0.8964196443557739, 0.2922130525112152, -0.1722276657819748, 0.2468387633562088, -0.9536288976669312], "cam_t_m2c": [-424.8818054199219, 189.8291015625, 1074.0914306640625], "obj_id": 1}, {"cam_R_m2c": [0.5467179417610168, 0.21403563022613525, -0.80949866771698, -0.8373077511787415, 0.14423775672912598, -0.5273623466491699, 0.0038858598563820124, 0.9661180377006531, 0.2580711245536804], "cam_t_m2c": [-572.9619140625, -104.45587921142578, 1156.2816162109375], "obj_id": 1}, {"cam_R_m2c": [-0.9079275131225586, -0.30682700872421265, 0.2855256199836731, -0.41705581545829773, 0.5937278866767883, -0.6881508827209473, 0.041618745774030685, -0.7438712120056152, -0.6670258641242981], "cam_t_m2c": [-345.8092956542969, -210.9394073486328, 1045.8978271484375], "obj_id": 1}, {"cam_R_m2c": [-0.3316931128501892, -0.3851412236690521, 0.8611886501312256, -0.9385740756988525, 0.22682060301303864, -0.2600598633289337, -0.09517554193735123, -0.8945493698120117, -0.4367183744907379], "cam_t_m2c": [-579.6488647460938, -138.066162109375, 968.8685913085938], "obj_id": 1}, {"cam_R_m2c": [-0.20437008142471313, -0.7443537712097168, 0.6357437968254089, 0.4972400367259979, 0.48048532009124756, 0.722416877746582, -0.8431993126869202, 0.4637577533721924, 0.27192574739456177], "cam_t_m2c": [-519.0947875976562, 144.8564453125, 972.2313232421875], "obj_id": 1}, {"cam_R_m2c": [-0.670019805431366, 0.5188375115394592, 0.5309247970581055, -0.5529646873474121, -0.8259969353675842, 0.10935802012681961, 0.49528127908706665, -0.22031061351299286, 0.840333104133606], "cam_t_m2c": [-459.2537536621094, -9.06685733795166, 996.8757934570312], "obj_id": 1}, {"cam_R_m2c": [-0.786926805973053, -0.48114272952079773, 0.38632604479789734, 0.24136771261692047, -0.8162249326705933, -0.5248985290527344, 0.5678800940513611, -0.31981009244918823, 0.7584416270256042], "cam_t_m2c": [-332.4951171875, -77.21348571777344, 1007.9076538085938], "obj_id": 1}, {"cam_R_m2c": [-0.30457353591918945, 0.9357812404632568, -0.17761796712875366, -0.6828629374504089, -0.08452316373586655, 0.7256402969360352, 0.6640278100967407, 0.3422996699810028, 0.6647540330886841], "cam_t_m2c": [-494.082763671875, 165.1112060546875, 1017.79248046875], "obj_id": 1}, {"cam_R_m2c": [-0.16159357130527496, 0.4020881950855255, -0.9012283682823181, -0.025385519489645958, -0.9146220684051514, -0.4035121500492096, -0.9865308403968811, -0.04232682287693024, 0.1580042839050293], "cam_t_m2c": [-625.26708984375, 158.4351043701172, 1028.0208740234375], "obj_id": 1}, {"cam_R_m2c": [0.4589758515357971, -0.8877031803131104, 0.03638904169201851, -0.8844233751296997, -0.4604073464870453, -0.07629065215587616, 0.0844772458076477, 0.0028322460129857063, -0.9964213371276855], "cam_t_m2c": [-386.2211608886719, -131.19412231445312, 998.2300415039062], "obj_id": 1}, {"cam_R_m2c": [-0.3773612976074219, 0.3608797788619995, -0.8528563976287842, 0.8591121435165405, -0.20738914608955383, -0.46788448095321655, -0.3457232713699341, -0.9092609286308289, -0.23177549242973328], "cam_t_m2c": [-550.4067993164062, -98.01494598388672, 1114.1820068359375], "obj_id": 1}, {"cam_R_m2c": [0.01962267979979515, -0.9776684045791626, -0.20923544466495514, -0.9965530037879944, -0.002253986895084381, -0.08292761445045471, 0.08060409873723984, 0.21014147996902466, -0.9743426442146301], "cam_t_m2c": [-528.3942260742188, 173.24191284179688, 986.8461303710938], "obj_id": 1}, {"cam_R_m2c": [-0.8713012337684631, 0.4144405722618103, 0.262817919254303, 0.22851887345314026, -0.13130243122577667, 0.9646443724632263, 0.4342963993549347, 0.9005546569824219, 0.019696470350027084], "cam_t_m2c": [-337.26556396484375, 5.979489326477051, 824.817138671875], "obj_id": 1}, {"cam_R_m2c": [0.6946983337402344, 0.10934913903474808, -0.7109408974647522, 0.5267546772956848, -0.7503907680511475, 0.39930322766304016, -0.48982006311416626, -0.6518867015838623, -0.5788953900337219], "cam_t_m2c": [-366.7095642089844, -191.43540954589844, 1021.9725341796875], "obj_id": 1}, {"cam_R_m2c": [0.8738888502120972, 0.3134864568710327, -0.3715434968471527, 0.4100404381752014, -0.06479817628860474, 0.9097626209259033, 0.2611229121685028, -0.9473792910575867, -0.18516851961612701], "cam_t_m2c": [-341.1349792480469, -171.60035705566406, 1075.226318359375], "obj_id": 1}, {"cam_R_m2c": [0.1997210532426834, 0.18322773277759552, -0.9625688791275024, -0.8472719788551331, -0.46114641427993774, -0.2635788023471832, -0.49218034744262695, 0.8681999444961548, 0.0631432756781578], "cam_t_m2c": [-285.0352783203125, -120.10728454589844, 868.419677734375], "obj_id": 1}, {"cam_R_m2c": [0.4790392816066742, 0.31539642810821533, 0.8191741704940796, -0.4347458481788635, 0.8959708213806152, -0.09073243290185928, -0.7625728249549866, -0.31266820430755615, 0.5663225054740906], "cam_t_m2c": [-329.45440673828125, -70.03402709960938, 1006.8524169921875], "obj_id": 1}, {"cam_R_m2c": [-0.7112771272659302, 0.6494430303573608, -0.2689025104045868, -0.32060861587524414, 0.04069773107767105, 0.9463370442390442, 0.6255357265472412, 0.7593203783035278, 0.1792697012424469], "cam_t_m2c": [-364.4023742675781, 18.96286392211914, 1078.8131103515625], "obj_id": 1}, {"cam_R_m2c": [-0.6089674234390259, 0.6170756220817566, 0.49837350845336914, -0.780555248260498, -0.5779249668121338, -0.23819345235824585, 0.14103913307189941, -0.5340601205825806, 0.8335992693901062], "cam_t_m2c": [-368.51251220703125, 242.9337921142578, 1030.12158203125], "obj_id": 3}, {"cam_R_m2c": [0.5479510426521301, -0.8003020882606506, 0.24344630539417267, 0.41808637976646423, 0.00994096603244543, -0.908352792263031, 0.724536657333374, 0.5995144248008728, 0.3400426506996155], "cam_t_m2c": [-529.9886474609375, 78.01126098632812, 1194.2608642578125], "obj_id": 1}, {"cam_R_m2c": [0.20757782459259033, 0.8770297765731812, 0.4332784116268158, 0.881320059299469, 0.024530593305826187, -0.4718826413154602, -0.4244837164878845, 0.47980931401252747, -0.7678519487380981], "cam_t_m2c": [-394.9426574707031, -42.89988327026367, 787.4863891601562], "obj_id": 1}, {"cam_R_m2c": [0.2655108571052551, -0.5371078848838806, -0.8006365895271301, 0.00830070674419403, 0.8316857814788818, -0.5551844835281372, 0.964072048664093, 0.140761598944664, 0.22527998685836792], "cam_t_m2c": [-630.9986572265625, 124.72879791259766, 929.3102416992188], "obj_id": 1}, {"cam_R_m2c": [-0.6135210990905762, -0.34318065643310547, 0.7112094163894653, 0.43308454751968384, 0.6068782210350037, 0.666435718536377, -0.6603253483772278, 0.7168862223625183, -0.22370630502700806], "cam_t_m2c": [-361.17413330078125, -59.418785095214844, 801.9653930664062], "obj_id": 1}, {"cam_R_m2c": [-0.9865178465843201, -0.04697917401790619, 0.15676602721214294, -0.0013169122394174337, -0.9556015729904175, -0.2946590781211853, 0.16364869475364685, -0.2908928692340851, 0.9426560401916504], "cam_t_m2c": [-429.4661865234375, 202.7676239013672, 1101.916748046875], "obj_id": 3}, {"cam_R_m2c": [-0.24754144251346588, -0.7994228601455688, -0.5473995208740234, 0.6967368721961975, -0.5394778847694397, 0.4727803170681, -0.6732614040374756, -0.2643606960773468, 0.6905305981636047], "cam_t_m2c": [-502.8212585449219, 52.1754035949707, 855.604736328125], "obj_id": 1}, {"cam_R_m2c": [0.602994978427887, 0.520929217338562, 0.6041769981384277, 0.611972451210022, 0.18377739191055298, -0.7692305445671082, -0.511748731136322, 0.833581805229187, -0.20797748863697052], "cam_t_m2c": [-706.4808349609375, 38.08258056640625, 935.947998046875], "obj_id": 1}, {"cam_R_m2c": [0.6406357884407043, -0.30314263701438904, -0.7054716944694519, 0.6154155731201172, 0.752150297164917, 0.23565565049648285, 0.4591834545135498, -0.5851277112960815, 0.6684131026268005], "cam_t_m2c": [-310.4254455566406, 175.83082580566406, 1140.5860595703125], "obj_id": 1}, {"cam_R_m2c": [-0.051791004836559296, 0.9975481033325195, 0.04706614837050438, 0.9411735534667969, 0.0329967625439167, 0.3363083600997925, 0.3339307904243469, 0.06171521544456482, -0.9405747652053833], "cam_t_m2c": [-531.7685546875, -156.6361846923828, 1157.0577392578125], "obj_id": 3}, {"cam_R_m2c": [0.6326797604560852, -0.6677829027175903, 0.39215087890625, 0.5191542506217957, 0.7414823174476624, 0.42506808042526245, -0.5746261477470398, -0.06534517556428909, 0.8158031702041626], "cam_t_m2c": [-533.504638671875, -126.1830062866211, 947.0968017578125], "obj_id": 1}, {"cam_R_m2c": [-0.39309051632881165, 0.5049626231193542, 0.7684351205825806, 0.40788111090660095, -0.6532285809516907, 0.637907087802887, 0.8240830302238464, 0.564185380935669, 0.05081323906779289], "cam_t_m2c": [-260.98345947265625, 106.25067138671875, 1219.927001953125], "obj_id": 1}, {"cam_R_m2c": [-0.735289454460144, -0.5997102856636047, 0.3157481551170349, 0.01174167636781931, -0.47707653045654297, -0.8787832856178284, 0.6776514649391174, -0.6424526572227478, 0.35783103108406067], "cam_t_m2c": [-438.82623291015625, 82.47966003417969, 1156.5606689453125], "obj_id": 3}, {"cam_R_m2c": [-0.04194214195013046, 0.782864511013031, 0.6207770705223083, 0.11444062739610672, 0.620998740196228, -0.7754121422767639, -0.9925443530082703, 0.0385197214782238, -0.11563754081726074], "cam_t_m2c": [-454.31951904296875, -32.782569885253906, 781.2418212890625], "obj_id": 1}, {"cam_R_m2c": [-0.5960341095924377, -0.34901902079582214, 0.7231382727622986, 0.5112380385398865, 0.5295106768608093, 0.6769446730613708, -0.6191760301589966, 0.773177981376648, -0.13717462122440338], "cam_t_m2c": [-546.2293701171875, -36.65399932861328, 869.4933471679688], "obj_id": 3}, {"cam_R_m2c": [-0.5202663540840149, 0.3894752264022827, -0.7600209712982178, 0.7288147211074829, 0.6663689613342285, -0.15742146968841553, 0.44514262676239014, -0.6358156204223633, -0.6305446028709412], "cam_t_m2c": [-425.0102844238281, 234.6780242919922, 996.177001953125], "obj_id": 3}, {"cam_R_m2c": [0.41133251786231995, 0.35569748282432556, 0.8392167687416077, 0.5927146077156067, 0.595085620880127, -0.5427360534667969, -0.6924557089805603, 0.7206610441207886, 0.03395097330212593], "cam_t_m2c": [-435.4320373535156, 74.3687515258789, 1022.44580078125], "obj_id": 3}, {"cam_R_m2c": [0.7015323042869568, 0.23648953437805176, 0.6722537875175476, 0.2424982488155365, -0.9662559628486633, 0.0868557021021843, 0.6701096892356873, 0.10208829492330551, -0.7352080345153809], "cam_t_m2c": [-365.64874267578125, 242.58372497558594, 1021.5729370117188], "obj_id": 3}, {"cam_R_m2c": [-0.2402244657278061, -0.6869975924491882, 0.6858034729957581, 0.6846849322319031, -0.6207267045974731, -0.38197487592697144, 0.6881124377250671, 0.3777996003627777, 0.6194907426834106], "cam_t_m2c": [-328.0207214355469, -40.529624938964844, 999.2176513671875], "obj_id": 1}, {"cam_R_m2c": [0.7657206058502197, -0.4677267074584961, -0.4414789080619812, 0.5033162236213684, 0.008412593975663185, 0.8640612959861755, -0.4004305899143219, -0.8838330507278442, 0.2418561726808548], "cam_t_m2c": [-379.7570495605469, 90.31342315673828, 1225.62841796875], "obj_id": 3}, {"cam_R_m2c": [-0.4071095883846283, -0.6637350916862488, 0.627469003200531, 0.6577543020248413, -0.6896914839744568, -0.30279481410980225, 0.6337356567382812, 0.2894497513771057, 0.7173548340797424], "cam_t_m2c": [-584.484130859375, 26.708078384399414, 1048.5587158203125], "obj_id": 3}, {"cam_R_m2c": [0.16293783485889435, 0.9864891171455383, 0.017039507627487183, 0.9746891856193542, -0.158261239528656, -0.15790590643882751, -0.15307578444480896, 0.04233706369996071, -0.9873070120811462], "cam_t_m2c": [-350.18377685546875, -1.9486416578292847, 1157.319091796875], "obj_id": 3}, {"cam_R_m2c": [0.8177893757820129, -0.5737995505332947, 0.044436775147914886, 0.5352851152420044, 0.729988157749176, -0.42495548725128174, 0.21140092611312866, 0.37131044268608093, 0.9041228890419006], "cam_t_m2c": [-336.1504211425781, -26.089149475097656, 863.1290283203125], "obj_id": 1}, {"cam_R_m2c": [-0.06752307713031769, -0.781624436378479, 0.620083749294281, 0.9713166356086731, 0.0905286893248558, 0.2198827713727951, -0.22800110280513763, 0.6171448230743408, 0.7530921101570129], "cam_t_m2c": [-223.89498901367188, -132.08489990234375, 1015.8076171875], "obj_id": 3}, {"cam_R_m2c": [-0.8676570653915405, 0.3277556002140045, -0.3738275170326233, -0.13889984786510468, 0.5621700882911682, 0.8152738809585571, 0.47736525535583496, 0.7593029141426086, -0.44224557280540466], "cam_t_m2c": [-437.980224609375, 152.45419311523438, 982.7106323242188], "obj_id": 3}, {"cam_R_m2c": [-0.14232634007930756, -0.9340180158615112, 0.32764825224876404, 0.11188448965549469, -0.3440774381160736, -0.9322512149810791, 0.983475923538208, -0.09602523595094681, 0.15347355604171753], "cam_t_m2c": [-558.5010375976562, -31.069805145263672, 1030.439208984375], "obj_id": 1}, {"cam_R_m2c": [-0.9029129147529602, -0.08420220762491226, 0.4214949309825897, 0.42854368686676025, -0.10074479132890701, 0.8978867530822754, -0.03314059227705002, 0.9913426637649536, 0.1270482838153839], "cam_t_m2c": [-280.3242492675781, -25.21497344970703, 1071.5123291015625], "obj_id": 1}, {"cam_R_m2c": [-0.48323580622673035, -0.8280354738235474, -0.2843245565891266, -0.452303946018219, 0.5141844749450684, -0.7287217974662781, 0.7496027946472168, -0.22354334592819214, -0.6229960322380066], "cam_t_m2c": [-257.3901062011719, -90.79109191894531, 927.8736572265625], "obj_id": 1}, {"cam_R_m2c": [0.3556278347969055, 0.6033061742782593, 0.7138280272483826, 0.9243384599685669, -0.3400488793849945, -0.17310452461242676, 0.13830141723155975, 0.7213795185089111, -0.6785898804664612], "cam_t_m2c": [-640.25732421875, 185.55377197265625, 1071.7127685546875], "obj_id": 1}, {"cam_R_m2c": [0.07656417042016983, 0.9968668222427368, 0.019860656931996346, 0.9718524217605591, -0.07906440645456314, 0.22192727029323578, 0.22280220687389374, 0.0023099523968994617, -0.9748609066009521], "cam_t_m2c": [-221.7067108154297, -174.42984008789062, 972.40625], "obj_id": 1}, {"cam_R_m2c": [0.18555232882499695, -0.7388696670532227, 0.6477977633476257, -0.9589000940322876, -0.280169814825058, -0.04489491134881973, 0.21466486155986786, -0.6128429770469666, -0.7604883313179016], "cam_t_m2c": [-470.8023681640625, 185.3194580078125, 1016.138671875], "obj_id": 3}, {"cam_R_m2c": [0.7345688343048096, -0.363065242767334, 0.5732296109199524, 0.6747122406959534, 0.3012949824333191, -0.6737838387489319, 0.07191631942987442, 0.881705641746521, 0.46628648042678833], "cam_t_m2c": [-384.6654968261719, 108.77542877197266, 920.6918334960938], "obj_id": 3}, {"cam_R_m2c": [0.4281378984451294, 0.855392575263977, -0.2915501594543457, 0.9037123918533325, -0.4047541618347168, 0.13956378400325775, 0.0013756861444562674, -0.3232300579547882, -0.9463194608688354], "cam_t_m2c": [-531.637939453125, -22.964771270751953, 948.4869384765625], "obj_id": 3}, {"cam_R_m2c": [0.4137764573097229, 0.024121105670928955, -0.910058856010437, -0.4122238755226135, 0.8962607979774475, -0.1636703908443451, 0.8117021918296814, 0.44287094473838806, 0.3807949125766754], "cam_t_m2c": [-619.8489990234375, 65.28400421142578, 886.1305541992188], "obj_id": 1}, {"cam_R_m2c": [-0.3576313853263855, 0.719042956829071, -0.5958833694458008, 0.1939334273338318, -0.5669894814491272, -0.8005702495574951, -0.9135040044784546, -0.4018707573413849, 0.06332679092884064], "cam_t_m2c": [-376.90704345703125, 41.44614028930664, 1040.7528076171875], "obj_id": 3}, {"cam_R_m2c": [-0.6372607350349426, 0.3289397954940796, 0.6969197988510132, -0.5952669978141785, -0.7844496369361877, -0.17405672371387482, 0.489444375038147, -0.5257729291915894, 0.6957061290740967], "cam_t_m2c": [-587.6038208007812, -69.55640411376953, 983.4992065429688], "obj_id": 1}, {"cam_R_m2c": [-0.056805890053510666, -0.7559700012207031, 0.6521366834640503, 0.4866211712360382, 0.5493850708007812, 0.6792464852333069, -0.8717641830444336, 0.35592880845069885, 0.33666276931762695], "cam_t_m2c": [-540.5601806640625, -119.97343444824219, 902.059814453125], "obj_id": 1}, {"cam_R_m2c": [0.3319660425186157, -0.11481145769357681, 0.936278223991394, 0.050009600818157196, 0.9933114647865295, 0.10407381504774094, -0.9419648051261902, 0.012273921631276608, 0.33548736572265625], "cam_t_m2c": [-449.8410949707031, 13.428924560546875, 1120.1171875], "obj_id": 3}, {"cam_R_m2c": [0.25790825486183167, 0.7506175637245178, -0.6083226799964905, -0.08941782265901566, -0.6083769202232361, -0.7885947227478027, -0.9620226621627808, 0.25777992606163025, -0.08978671580553055], "cam_t_m2c": [-313.6669006347656, 252.32118225097656, 976.1612548828125], "obj_id": 3}, {"cam_R_m2c": [-0.5985652208328247, -0.7375380992889404, -0.31266161799430847, -0.5559096336364746, 0.6634576320648193, -0.5007877945899963, 0.5767877697944641, -0.12594254314899445, -0.8071272373199463], "cam_t_m2c": [-230.60189819335938, 136.0707244873047, 1181.147705078125], "obj_id": 3}, {"cam_R_m2c": [0.7932648062705994, -0.359074205160141, -0.4917282462120056, 0.6084405183792114, 0.4980464279651642, 0.6178591251373291, 0.023046210408210754, -0.7893132567405701, 0.6135579943656921], "cam_t_m2c": [-543.5477905273438, -171.64234924316406, 984.634033203125], "obj_id": 1}, {"cam_R_m2c": [-0.5258315801620483, -0.45210838317871094, -0.7204853892326355, -0.7551426887512207, 0.6379832625389099, 0.1507876217365265, 0.3914852738380432, 0.6233581304550171, -0.6768780946731567], "cam_t_m2c": [-398.6087951660156, 48.706993103027344, 1223.0028076171875], "obj_id": 1}, {"cam_R_m2c": [0.06936396658420563, 0.816689133644104, -0.5728938579559326, -0.35644134879112244, -0.516078770160675, -0.7788530588150024, -0.9317392706871033, 0.2582273483276367, 0.25530460476875305], "cam_t_m2c": [-392.26287841796875, 36.687435150146484, 1244.9193115234375], "obj_id": 3}, {"cam_R_m2c": [-0.7775015830993652, -0.572130560874939, 0.2610708773136139, 0.13431261479854584, -0.5566263794898987, -0.8198336362838745, 0.6143708229064941, -0.6023568511009216, 0.5096222162246704], "cam_t_m2c": [-381.1829528808594, 110.6172103881836, 989.4574584960938], "obj_id": 3}, {"cam_R_m2c": [-0.6134863495826721, 0.16780976951122284, 0.7716698050498962, 0.6304526329040527, -0.48438015580177307, 0.6065519452095032, 0.47556692361831665, 0.8586126565933228, 0.19136455655097961], "cam_t_m2c": [-669.1244506835938, 238.7187957763672, 1036.16015625], "obj_id": 3}, {"cam_R_m2c": [0.9380196332931519, 0.3059910535812378, -0.1627533733844757, 0.3421368896961212, -0.7425682544708252, 0.5757902264595032, 0.055331166833639145, -0.5957865118980408, -0.8012344241142273], "cam_t_m2c": [-464.5476989746094, 250.97943115234375, 1018.5873413085938], "obj_id": 3}, {"cam_R_m2c": [0.6896220445632935, 0.5730370283126831, -0.4427753686904907, -0.5813878178596497, 0.802639365196228, 0.13325992226600647, 0.4317518174648285, 0.16552524268627167, 0.8866745233535767], "cam_t_m2c": [-566.6355590820312, -145.0931854248047, 1078.1568603515625], "obj_id": 3}, {"cam_R_m2c": [-0.8633705973625183, 0.14731407165527344, -0.4825863540172577, -0.45710083842277527, -0.6333516240119934, 0.6244391798973083, -0.21365822851657867, 0.7597131133079529, 0.6141547560691833], "cam_t_m2c": [-533.9656982421875, 73.97982788085938, 1039.78515625], "obj_id": 3}, {"cam_R_m2c": [-0.6152817606925964, 0.7555534243583679, -0.22487162053585052, 0.4501602053642273, 0.10258205980062485, -0.8870358467102051, -0.6471351981163025, -0.6470053195953369, -0.40323689579963684], "cam_t_m2c": [-510.2242736816406, -167.2768096923828, 940.328125], "obj_id": 3}, {"cam_R_m2c": [0.744962751865387, -0.5362103581428528, 0.3968740403652191, 0.509991466999054, 0.8412759304046631, 0.1793421059846878, -0.4300456643104553, 0.06879916042089462, 0.9001818895339966], "cam_t_m2c": [-542.686279296875, 88.87227630615234, 1202.746826171875], "obj_id": 1}, {"cam_R_m2c": [-0.9453280568122864, 0.3225703239440918, 0.04798954352736473, -0.24973729252815247, -0.6214007139205933, -0.7426252365112305, -0.20972812175750732, -0.7140093445777893, 0.6679855585098267], "cam_t_m2c": [-459.7868957519531, -222.04933166503906, 1073.380615234375], "obj_id": 3}, {"cam_R_m2c": [-0.5717211365699768, 0.6939476132392883, -0.4376891255378723, -0.3483833968639374, 0.27765583992004395, 0.8952856063842773, 0.7428082227706909, 0.6643372774124146, 0.08301809430122375], "cam_t_m2c": [-543.8222045898438, 17.39374542236328, 995.7623901367188], "obj_id": 1}, {"cam_R_m2c": [-0.4293697774410248, 0.7139855623245239, 0.5530518293380737, -0.8860512375831604, -0.2145034372806549, -0.4109764099121094, -0.17479972541332245, -0.6664930582046509, 0.7247290015220642], "cam_t_m2c": [-476.29840087890625, 235.18923950195312, 1004.8829345703125], "obj_id": 3}, {"cam_R_m2c": [0.867310643196106, -0.49548885226249695, 0.04757121205329895, -0.3703145682811737, -0.5784209370613098, 0.7268400192260742, -0.3326249420642853, -0.6480123996734619, -0.6851574182510376], "cam_t_m2c": [-464.4609680175781, -1.0513737201690674, 824.5760498046875], "obj_id": 3}, {"cam_R_m2c": [-0.6864402890205383, 0.11966465413570404, 0.7172725796699524, 0.7205706238746643, -0.020814217627048492, 0.6930690407752991, 0.09786536544561386, 0.9925961494445801, -0.07193905115127563], "cam_t_m2c": [-458.6871337890625, -41.81767654418945, 843.271240234375], "obj_id": 1}, {"cam_R_m2c": [-0.3671133518218994, -0.2136700451374054, -0.9053026437759399, 0.6284874081611633, -0.7744738459587097, -0.07206899672746658, -0.685734212398529, -0.5954287648200989, 0.4186086058616638], "cam_t_m2