{
  "0": [{"cam_R_m2c": [0.9720858931541443, -0.2290358543395996, 0.050908163189888, 0.1933601200580597, 0.904930830001831, 0.379093736410141, -0.13289442658424377, -0.3586680591106415, 0.9239568710327148], "cam_t_m2c": [-0.7133795619010925, 267.5596618652344, 1271.766845703125], "obj_id": 0}, {"cam_R_m2c": [0.6060495376586914, -0.5092151165008545, -0.6110678315162659, -0.09719327837228775, -0.8098769783973694, 0.5784916877746582, -0.7894665598869324, -0.2912029027938843, -0.5403177738189697], "cam_t_m2c": [-159.71917724609375, 43244.890625, 22266.390625], "obj_id": 2}, {"cam_R_m2c": [0.5119828581809998, -0.09673509001731873, -0.8535314202308655, 0.2875153720378876, 0.9556247591972351, 0.06415756046772003, 0.8094494938850403, -0.27825096249580383, 0.517076313495636], "cam_t_m2c": [17906.98828125, -10681.4140625, -51472.0703125], "obj_id": 2}, {"cam_R_m2c": [-0.2850033938884735, -0.9292325377464294, -0.23515945672988892, 0.15630953013896942, 0.19699439406394958, -0.967863917350769, 0.9456957578659058, -0.31260213255882263, 0.0891038253903389], "cam_t_m2c": [-95.3611831665039, 43400.9921875, 22458.478515625], "obj_id": 2}],
  "1": [{"cam_R_m2c": [-0.7428001165390015, -0.6343578100204468, 0.21409852802753448, 0.59325110912323, -0.47540780901908875, 0.6496464610099792, -0.31032422184944153, 0.6095716953277588, 0.729466438293457], "cam_t_m2c": [31.248064041137695, 246.48475646972656, 1206.830078125], "obj_id": 0}, {"cam_R_m2c": [-0.6948082447052002, 0.6510440707206726, -0.3055868148803711, -0.1039821207523346, -0.5113736987113953, -0.8530445098876953, -0.7116385698318481, -0.5609266757965088, 0.4230034053325653], "cam_t_m2c": [-16232.0078125, 11683.990234375, 44710.1328125], "obj_id": 2}, {"cam_R_m2c": [-0.04852951690554619, -0.6993479132652283, 0.7131320238113403, 0.9081066846847534, -0.32819700241088867, -0.2600554823875427, 0.4159170985221863, 0.6349796652793884, 0.6510098576545715], "cam_t_m2c": [-30773.806640625, -22620.791015625, -40633.9453125], "obj_id": 2}, {"cam_R_m2c": [0.5573804378509521, 0.2366189807653427, 0.7958256602287292, 0.43870729207992554, -0.8977238535881042, -0.040345948189496994, 0.7048850655555725, 0.37162256240844727, -0.6041801571846008], "cam_t_m2c": [-16267.2255859375, 11852.298828125, 44899.296875], "obj_id": 2}]
}