{
  "0": [{"cam_R_m2c": [0.9888479709625244, -0.0969012901186943, -0.11309204250574112, 0.008848149329423904, 0.7962562441825867, -0.604894757270813, 0.14866533875465393, 0.5971482992172241, 0.7882338166236877], "cam_t_m2c": [14.530905723571777, 4012.12939453125, 5287.97265625], "obj_id": 2}, {"cam_R_m2c": [0.7864827513694763, 0.4234118163585663, -0.4496302008628845, 0.3406745493412018, 0.30982986092567444, 0.8876634240150452, 0.5151560306549072, -0.8513095378875732, 0.09943019598722458], "cam_t_m2c": [14.826528549194336, 3967.7041015625, 5329.51611328125], "obj_id": 3}, {"cam_R_m2c": [-0.20463114976882935, 0.9610787630081177, 0.185616597533226, 0.9698912501335144, 0.22466345131397247, -0.09400658309459686, -0.13204899430274963, 0.16079124808311462, -0.9781150221824646], "cam_t_m2c": [-14.917332649230957, 3965.685302734375, 5331.4033203125], "obj_id": 2}, {"cam_R_m2c": [0.9064571857452393, 0.33934909105300903, 0.25135156512260437, -0.0692267119884491, -0.4677410125732422, 0.8811503648757935, 0.4165850281715393, -0.8161253333091736, -0.40049517154693604], "cam_t_m2c": [60.165401458740234, 3986.998046875, 5311.47265625], "obj_id": 2}, {"cam_R_m2c": [0.8781569600105286, -0.010631821118295193, 0.47825443744659424, -0.46605655550956726, 0.20638173818588257, 0.8603475093841553, -0.10785002261400223, -0.9784137606620789, 0.17628052830696106], "cam_t_m2c": [-36.33109664916992, 4038.931884765625, 5262.9091796875], "obj_id": 2}, {"cam_R_m2c": [-0.6686927080154419, 0.5404424667358398, -0.510658323764801, -0.45832327008247375, -0.8403996229171753, -0.28925445675849915, -0.5854824781417847, 0.04062425345182419, 0.8096665143966675], "cam_t_m2c": [-31.819730758666992, 4033.069091796875, 5268.3916015625], "obj_id": 2}, {"cam_R_m2c": [-0.3066515326499939, 0.9385395050048828, -0.15845586359500885, 0.5741832256317139, 0.3151791989803314, 0.755629301071167, 0.7591299414634705, 0.14073222875595093, -0.6355438232421875], "cam_t_m2c": [-10.776361465454102, -19.857629776000977, 980.66552734375], "obj_id": 0}, {"cam_R_m2c": [0.4439822733402252, 0.729401707649231, -0.5204352140426636, 0.29496902227401733, 0.4294707179069519, 0.8535503149032593, 0.8460927605628967, -0.5324734449386597, -0.024473534896969795], "cam_t_m2c": [59.83351135253906, -38.85020065307617, 998.4258422851562], "obj_id": 1}, {"cam_R_m2c": [-0.788949728012085, 0.05357353389263153, 0.61211758852005, 0.5775396823883057, -0.2754456698894501, 0.7684903144836426, 0.20977595448493958, 0.9598225355148315, 0.18637213110923767], "cam_t_m2c": [2.54441499710083, -54.76681137084961, 1013.309814453125], "obj_id": 3}, {"cam_R_m2c": [0.2263910472393036, 0.7551892399787903, -0.6151717305183411, 0.04973456636071205, 0.6217833161354065, 0.7816085815429688, 0.9727659225463867, -0.2075444608926773, 0.10320717841386795], "cam_t_m2c": [25.17841339111328, 1.2077070474624634, 960.966796875], "obj_id": 3}, {"cam_R_m2c": [-0.3636438250541687, -0.18471020460128784, -0.9130416512489319, -0.9307291507720947, 0.11287654936313629, 0.34785330295562744, 0.038808852434158325, 0.9762893319129944, -0.21296194195747375], "cam_t_m2c": [-37.11293411254883, -66.4751968383789, 1024.2586669921875], "obj_id": 0}, {"cam_R_m2c": [0.21262295544147491, -0.9724209904670715, -0.09585825353860855, -0.7112440466880798, -0.2212868481874466, 0.6672061085700989, -0.670017421245575, -0.0736847072839737, -0.7386793494224548], "cam_t_m2c": [64.17915344238281, 5.6956987380981445, 956.77001953125], "obj_id": 3}],
  "1": [{"cam_R_m2c": [-0.28395572304725647, -0.12450270354747772, 0.9507198333740234, 0.7085133194923401, 0.6408333778381348, 0.29553598165512085, -0.6460479497909546, 0.7575168013572693, -0.09375645965337753], "cam_t_m2c": [17.784528732299805, 4487.81494140625, 4603.57275390625], "obj_id": 2}, {"cam_R_m2c": [-0.2004496455192566, -0.9077113270759583, -0.3686194121837616, 0.962367832660675, -0.2529025077819824, 0.09944184869527817, -0.18348923325538635, -0.3348143696784973, 0.9242461919784546], "cam_t_m2c": [74.0271224975586, 4502.939453125, 4586.03515625], "obj_id": 3}, {"cam_R_m2c": [-0.6629317402839661, -0.4118836522102356, -0.6251986026763916, 0.10857637971639633, 0.7733482718467712, -0.6246147155761719, 0.740764856338501, -0.4819587767124176, -0.4679563045501709], "cam_t_m2c": [87.77869415283203, 4485.62060546875, 4606.1171875], "obj_id": 2}, {"cam_R_m2c": [-0.030573533847928047, -0.3276089131832123, -0.9443184733390808, 0.8254462480545044, -0.5410404801368713, 0.16097623109817505, -0.563651978969574, -0.7745625972747803, 0.2869652807712555], "cam_t_m2c": [32.493804931640625, 4523.8818359375, 4561.75], "obj_id": 2}, {"cam_R_m2c": [-0.08325497061014175, -0.754833459854126, -0.6506111025810242, 0.29619118571281433, -0.6421164870262146, 0.7070763111114502, -0.9514931440353394, -0.13383759558200836, 0.27703461050987244], "cam_t_m2c": [2.9220218658447266, 4448.0224609375, 4649.71484375], "obj_id": 2}, {"cam_R_m2c": [0.19124411046504974, 0.39109736680984497, 0.9002602696418762, -0.9815343022346497, 0.07244498282670975, 0.17703726887702942, 0.0040194387547671795, -0.9174936413764954, 0.39773014187812805], "cam_t_m2c": [8.6617431640625, 4452.724609375, 4644.2626953125], "obj_id": 2}, {"cam_R_m2c": [0.20720545947551727, -0.47735244035720825, -0.8539323210716248, 0.5556873679161072, 0.7758216857910156, -0.29885146021842957, 0.8051567077636719, -0.41259580850601196, 0.4260132610797882], "cam_t_m2c": [30.10245132446289, 5.2474493980407715, 767.3120727539062], "obj_id": 0}, {"cam_R_m2c": [0.16877077519893646, -0.9020344018936157, -0.3973037600517273, 0.978276252746582, 0.2025270313024521, -0.04425310343503952, 0.12038256227970123, -0.381204217672348, 0.9166195392608643], "cam_t_m2c": [27.628124237060547, 54.36222839355469, 710.3601684570312], "obj_id": 1}, {"cam_R_m2c": [0.03874894604086876, 0.7736498117446899, -0.6324272751808167, -0.1310732513666153, 0.6313694715499878, 0.7643247246742249, 0.9906150102615356, 0.053277622908353806, 0.1258697509765625], "cam_t_m2c": [69.37307739257812, 25.051624298095703, 744.3477783203125], "obj_id": 3}, {"cam_R_m2c": [0.49675875902175903, -0.8362569808959961, -0.23217439651489258, 0.8551068902015686, 0.5173470973968506, -0.03382495418190956, 0.14840109646320343, -0.18173110485076904, 0.9720858335494995], "cam_t_m2c": [-10.146798133850098, 19.91674041748047, 750.302001953125], "obj_id": 3}, {"cam_R_m2c": [0.7912341356277466, 0.610932469367981, -0.02664654143154621, -0.5064293146133423, 0.6302205920219421, -0.5885162353515625, -0.3427504599094391, 0.4791487157344818, 0.8080461621284485], "cam_t_m2c": [99.14604949951172, 4.994142055511475, 767.6057739257812], "obj_id": 0}, {"cam_R_m2c": [-0.022680897265672684, 0.468989759683609, -0.8829123973846436, -0.594632089138031, -0.716270923614502, -0.36519697308540344, -0.803678035736084, 0.5167250037193298, 0.2951219379901886], "cam_t_m2c": [-30.513614654541016, 42.005943298339844, 724.6881103515625], "obj_id": 3}]
}