{
  "0": [{"cam_R_m2c": [-0.7318846583366394, 0.35931092500686646, -0.5789996385574341, 0.6742451786994934, 0.50489741563797, -0.5389545559883118, 0.09868317097425461, -0.7848402857780457, -0.6117903590202332], "cam_t_m2c": [-226.62672424316406, -193.0075225830078, 622.9851684570312], "obj_id": 0}, {"cam_R_m2c": [0.6822408437728882, 0.37085917592048645, 0.6300880312919617, -0.0025122161023318768, -0.8606090545654297, 0.5092601180076599, 0.7311232089996338, -0.34902095794677734, -0.5862109661102295], "cam_t_m2c": [1261.1826171875, -1559.22900390625, -14673.67578125], "obj_id": 0}, {"cam_R_m2c": [-0.8276817798614502, -0.5029397010803223, 0.24898669123649597, -0.5065141320228577, 0.4784535765647888, -0.7173044085502625, 0.24163229763507843, -0.7198150753974915, -0.650753378868103], "cam_t_m2c": [-2508.797119140625, 3000.00244140625, 6762.51416015625], "obj_id": 2}, {"cam_R_m2c": [0.7243842482566833, 0.5879208445549011, -0.36002305150032043, 0.4446030557155609, 0.0007127943681553006, 0.8957274556159973, 0.5268734693527222, -0.8089182376861572, -0.26087504625320435], "cam_t_m2c": [-2661.096923828125, 2826.34814453125, 6715.0478515625], "obj_id": 3}],
  "1": [{"cam_R_m2c": [0.9103369116783142, 0.4123367369174957, 0.035568855702877045, 0.34752458333969116, -0.8082520365715027, 0.4753475785255432, 0.22475187480449677, -0.4203653931617737, -0.8790788054466248], "cam_t_m2c": [59.427738189697266, 132.23623657226562, 284.5112609863281], "obj_id": 0}, {"cam_R_m2c": [-0.5563732981681824, -0.8014948964118958, 0.21921323239803314, -0.2821081876754761, -0.06594476848840714, -0.9571134448051453, 0.7815775871276855, -0.5943543314933777, -0.18941828608512878], "cam_t_m2c": [2070.2353515625, -6280.03466796875, -13604.6162109375], "obj_id": 0}, {"cam_R_m2c": [-0.022510003298521042, 0.8389838933944702, -0.5436903834342957, 0.9877649545669556, -0.06527885794639587, -0.14162953197956085, -0.15431642532348633, -0.5402264595031738, -0.8272494077682495], "cam_t_m2c": [2283.2978515625, 2950.382080078125, 6625.74609375], "obj_id": 2}, {"cam_R_m2c": [-0.16793324053287506, -0.10942567139863968, 0.9797062277793884, -0.5860781669616699, -0.7880281209945679, -0.1884775012731552, 0.7926604747772217, -0.6058361530303955, 0.06820429861545563], "cam_t_m2c": [2238.139404296875, 3131.843505859375, 6482.392578125], "obj_id": 3}]
}