{
  "0": [{"cam_R_m2c": [-0.4211224615573883, 0.7653223276138306, 0.48676228523254395, -0.12543274462223053, 0.4823727309703827, -0.8669389486312866, -0.8982886075973511, -0.4261434078216553, -0.10714150965213776], "cam_t_m2c": [-5256.03466796875, 5137.41015625, 22620.40234375], "obj_id": 3}, {"cam_R_m2c": [-0.9161557555198669, -0.2519350051879883, -0.3117486536502838, -0.16511598229408264, -0.4714983403682709, 0.8662712574005127, -0.36523306369781494, 0.8451141715049744, 0.3903675079345703], "cam_t_m2c": [-171.76234436035156, 347.82958984375, 1004.7874755859375], "obj_id": 2}, {"cam_R_m2c": [0.18554575741291046, -0.9782152771949768, -0.09309949725866318, 0.9551273584365845, 0.20180121064186096, -0.21681316196918488, 0.23087754845619202, -0.048693131655454636, 0.9717636108398438], "cam_t_m2c": [2339.99169921875, -34907.2578125, -16151.134765625], "obj_id": 2}, {"cam_R_m2c": [0.6181437969207764, 0.5120834112167358, -0.5963797569274902, 0.24037544429302216, -0.8454878330230713, -0.4768332839012146, -0.7484102249145508, 0.1513964980840683, -0.6457253694534302], "cam_t_m2c": [-5543.1669921875, 5166.14892578125, 22674.7578125], "obj_id": 0}],
  "1": [{"cam_R_m2c": [-0.11389873176813126, -0.9796870350837708, 0.1650463044643402, -0.9036537408828735, 0.03312641754746437, -0.426980584859848, 0.41283997893333435, -0.19777728617191315, -0.8890709280967712], "cam_t_m2c": [11118.845703125, 19904.26953125, 3762.23876953125], "obj_id": 3}, {"cam_R_m2c": [0.48527222871780396, 0.8644639849662781, -0.1311979591846466, -0.571958601474762, 0.4273368716239929, 0.7001760601997375, 0.6613426804542542, -0.26473620533943176, 0.7018123269081116], "cam_t_m2c": [-14.184708595275879, 288.8073425292969, 1057.086181640625], "obj_id": 2}, {"cam_R_m2c": [-0.5737715363502502, 0.4621269106864929, 0.6761841773986816, 0.7085452675819397, -0.1340164989233017, 0.6928226351737976, 0.4107917845249176, 0.8766289949417114, -0.2505429983139038], "cam_t_m2c": [11012.07421875, -31291.892578125, -19549.19921875], "obj_id": 2}, {"cam_R_m2c": [-0.9045048356056213, 0.2662261426448822, 0.3331582546234131, -0.3886914551258087, -0.19320695102214813, -0.9008828401565552, -0.17547005414962769, -0.9443487524986267, 0.2782365679740906], "cam_t_m2c": [11307.328125, 19907.517578125, 3987.435546875], "obj_id": 0}]
}