{
  "0": [{"cam_R_m2c": [-0.06389818340539932, -0.8801582455635071, 0.47036001086235046, -0.5682452917098999, 0.41954270005226135, 0.7078709006309509, -0.8203745484352112, -0.22204819321632385, -0.5269537568092346], "cam_t_m2c": [-4711.42578125, -17667.05078125, -24818.146484375], "obj_id": 1}, {"cam_R_m2c": [0.7315454483032227, -0.4224001169204712, 0.5351816415786743, -0.5927647352218628, -0.0062142531387507915, 0.8053516149520874, -0.33685484528541565, -0.9063881039619446, -0.25492990016937256], "cam_t_m2c": [-474.68902587890625, 191.7149200439453, 897.1685791015625], "obj_id": 0}, {"cam_R_m2c": [-0.37692657113075256, -0.6850208044052124, -0.6234362721443176, -0.21342936158180237, -0.59073406457901, 0.77812659740448, -0.9013180136680603, 0.4263562262058258, 0.07645988464355469], "cam_t_m2c": [-249.32861328125, 82.71424102783203, 778.66650390625], "obj_id": 3}, {"cam_R_m2c": [0.28907182812690735, 0.8217878341674805, 0.4910217523574829, 0.24851886928081512, -0.5597547888755798, 0.7905144691467285, 0.9244868755340576, -0.10648732632398605, -0.3660391569137573], "cam_t_m2c": [-473.1515808105469, 177.8709716796875, 900.7306518554688], "obj_id": 0}],
  "1": [{"cam_R_m2c": [-0.061158448457717896, -0.8325306177139282, -0.5505927801132202, -0.9655709266662598, -0.09039133042097092, 0.2439306229352951, -0.2528485357761383, 0.5465548038482666, -0.7983391284942627], "cam_t_m2c": [-3210.683837890625, -30727.423828125, -4872.69775390625], "obj_id": 1}, {"cam_R_m2c": [0.5900161266326904, -0.673409104347229, -0.4454224407672882, -0.44813746213912964, -0.7320401668548584, 0.5131178498268127, -0.6716053485870361, -0.10313730686903, -0.7336953282356262], "cam_t_m2c": [-259.37103271484375, 142.81805419921875, 1166.8192138671875], "obj_id": 0}, {"cam_R_m2c": [-0.5030872225761414, 0.31272366642951965, -0.8056719303131104, -0.8585500717163086, -0.2876020669937134, 0.42447254061698914, -0.09897026419639587, 0.9052563309669495, 0.4131777882575989], "cam_t_m2c": [-137.14596557617188, 44.87936019897461, 938.3742065429688], "obj_id": 3}, {"cam_R_m2c": [0.44857457280158997, 0.7308582663536072, -0.5144191384315491, 0.875880777835846, -0.24498291313648224, 0.4157118499279022, 0.17780256271362305, -0.6370475888252258, -0.7500378489494324], "cam_t_m2c": [-246.94332885742188, 136.47616577148438, 1170.0223388671875], "obj_id": 0}]
}