{
  "0": [{"cam_R_m2c": [-0.7407346367835999, 0.12294265627861023, 0.6604522466659546, -0.6072779297828674, -0.5429355502128601, -0.5800296068191528, 0.2872726619243622, -0.830726146697998, 0.4768316149711609], "cam_t_m2c": [7978.36962890625, -16033.353515625, -19923.810546875], "obj_id": 1}, {"cam_R_m2c": [-0.7717708349227905, -0.42180830240249634, -0.47586479783058167, -0.35653823614120483, -0.3326094448566437, 0.8730700016021729, -0.5265454053878784, 0.8434740900993347, 0.10630761831998825], "cam_t_m2c": [-178.3149871826172, 142.91244506835938, 984.1934204101562], "obj_id": 3}, {"cam_R_m2c": [-0.41044023633003235, 0.44536861777305603, 0.7957295179367065, -0.021866409108042717, 0.8675603270530701, -0.49685096740722656, -0.9116252064704895, -0.22132740914821625, -0.3463430404663086], "cam_t_m2c": [-475.23974609375, 173.0914764404297, 883.0715942382812], "obj_id": 3}, {"cam_R_m2c": [0.8675658106803894, 0.45988306403160095, 0.1893068552017212, 0.19536392390727997, 0.03490106016397476, -0.9801096320152283, -0.45734280347824097, 0.8872933387756348, -0.05956559255719185], "cam_t_m2c": [-428.08319091796875, 243.6189727783203, 836.9636840820312], "obj_id": 0}],
  "1": [{"cam_R_m2c": [-0.07990267872810364, 0.1255788803100586, 0.9888606667518616, -0.5628458261489868, -0.82443767786026, 0.05921870097517967, 0.8226906657218933, -0.5518444180488586, 0.136556476354599], "cam_t_m2c": [8171.78515625, -20722.978515625, -15208.2529296875], "obj_id": 1}, {"cam_R_m2c": [-0.5313860774040222, 0.18071527779102325, -0.8276293873786926, -0.8332899808883667, 0.06436867266893387, 0.549075722694397, 0.15249967575073242, 0.9814267158508301, 0.11638384312391281], "cam_t_m2c": [-162.72195434570312, 127.39900970458984, 951.33447265625], "obj_id": 3}, {"cam_R_m2c": [-0.5995361804962158, -0.2667464315891266, 0.7545876502990723, -0.6647791266441345, 0.6909838914871216, -0.2839188873767853, -0.44567355513572693, -0.6718538403511047, -0.591597318649292], "cam_t_m2c": [-431.5785217285156, -10.722164154052734, 1040.3612060546875], "obj_id": 3}, {"cam_R_m2c": [0.3580132722854614, 0.6194080114364624, 0.6986845135688782, 0.2030227929353714, 0.6787400841712952, -0.7057574987411499, -0.9113770723342896, 0.3945194184780121, 0.11724402010440826], "cam_t_m2c": [-454.9316101074219, 33.982086181640625, 958.1080322265625], "obj_id": 0}]
}