{
  "0": [{"cam_R_m2c": [0.7707433700561523, -0.596147894859314, 0.22486072778701782, 0.5886808633804321, 0.8013038635253906, 0.10661584138870239, -0.24374058842658997, 0.05019776150584221, 0.9685404896736145], "cam_t_m2c": [-508.7052001953125, -273.8716125488281, 370.108642578125], "obj_id": 3}, {"cam_R_m2c": [-0.27986618876457214, 0.957118570804596, -0.07482662796974182, 0.6564579606056213, 0.24765807390213013, 0.7125506401062012, 0.7005268931388855, 0.15029829740524292, -0.6976191997528076], "cam_t_m2c": [-226.3233184814453, -69.27032470703125, 375.54266357421875], "obj_id": 2}, {"cam_R_m2c": [-0.03076932020485401, 0.9437745213508606, 0.32915472984313965, 0.9965466260910034, 0.054375939071178436, -0.06275317072868347, -0.07712293416261673, 0.32608717679977417, -0.9421884417533875], "cam_t_m2c": [-192.0988311767578, -328.4093933105469, 539.9703979492188], "obj_id": 1}, {"cam_R_m2c": [0.5390395522117615, 0.7644550204277039, -0.353616863489151, -0.37514960765838623, 0.5937932729721069, 0.7118091583251953, 0.7541214227676392, -0.25103405117988586, 0.6068630814552307], "cam_t_m2c": [-205.82781982421875, -180.70265197753906, 511.0005187988281], "obj_id": 1}, {"cam_R_m2c": [0.07433159649372101, 0.939726710319519, -0.33374911546707153, -0.37235572934150696, 0.3366236984729767, 0.8648905158042908, 0.9251086115837097, 0.05998474359512329, 0.37493443489074707], "cam_t_m2c": [-384.3859558105469, -340.6233825683594, 592.5137939453125], "obj_id": 1}, {"cam_R_m2c": [-0.04057556018233299, 0.9792471528053284, 0.19856590032577515, 0.6452645659446716, -0.12605087459087372, 0.753488302230835, 0.762880802154541, 0.1587008386850357, -0.6267588138580322], "cam_t_m2c": [-280.86474609375, -399.2090148925781, 570.4134521484375], "obj_id": 0}, {"cam_R_m2c": [-0.2569212019443512, 0.1254567801952362, -0.9582547545433044, 0.8181106448173523, 0.5560753345489502, -0.14654406905174255, 0.5144768953323364, -0.8216086626052856, -0.24550507962703705], "cam_t_m2c": [-188.86802673339844, -291.070068359375, 505.83123779296875], "obj_id": 0}, {"cam_R_m2c": [-0.47673043608665466, 0.878952145576477, 0.013074895367026329, -0.19138169288635254, -0.11829664558172226, 0.9743607044219971, 0.8579632043838501, 0.46200522780418396, 0.2246111035346985], "cam_t_m2c": [-173.956298828125, -75.2821273803711, 425.5291748046875], "obj_id": 1}, {"cam_R_m2c": [-0.2799144983291626, -0.8661250472068787, 0.41409561038017273, 0.6564343571662903, -0.48742350935935974, -0.5757709741592407, 0.7005296349525452, 0.11065994203090668, 0.7049912214279175], "cam_t_m2c": [-427.7273864746094, -476.4092712402344, 676.6073608398438], "obj_id": 2}, {"cam_R_m2c": [-0.2798554301261902, -0.0632057785987854, 0.9579592943191528, 0.6564657092094421, -0.7406958341598511, 0.14290717244148254, 0.700523853302002, 0.6688607931137085, 0.24878017604351044], "cam_t_m2c": [-157.4735107421875, -242.94078063964844, 565.7879028320312], "obj_id": 2}, {"cam_R_m2c": [-0.127974733710289, -0.4039391875267029, -0.9057900309562683, 0.85610032081604, 0.416101336479187, -0.3065156936645508, 0.500714123249054, -0.8146734237670898, 0.2925620377063751], "cam_t_m2c": [-273.00469970703125, -372.314208984375, 718.7800903320312], "obj_id": 0}, {"cam_R_m2c": [-0.2798658609390259, -0.650675356388092, 0.7059012651443481, 0.6564581990242004, -0.6662271022796631, -0.35384175181388855, 0.7005267143249512, 0.36436647176742554, 0.6135954260826111], "cam_t_m2c": [-382.2698974609375, -222.3147735595703, 456.6572265625], "obj_id": 2}, {"cam_R_m2c": [-0.9247720837593079, 0.09146265685558319, -0.3693660497665405, -0.3802962005138397, -0.2555535137653351, 0.8888572454452515, -0.013095537200570107, 0.9624588489532471, 0.2711116075515747], "cam_t_m2c": [-371.4144287109375, -454.5963439941406, 596.3529052734375], "obj_id": 3}, {"cam_R_m2c": [-0.18113723397254944, 0.33360472321510315, -0.9251471757888794, 0.8662402033805847, 0.4995169937610626, 0.010520399548113346, 0.46563640236854553, -0.7994940280914307, -0.37946298718452454], "cam_t_m2c": [-629.958251953125, -161.74603271484375, 284.63555908203125], "obj_id": 2}, {"cam_R_m2c": [-0.8459131717681885, 0.5326306819915771, 0.027119265869259834, 0.17644086480140686, 0.32748162746429443, -0.92823725938797, -0.5032886862754822, -0.7804231643676758, -0.3709988296031952], "cam_t_m2c": [-592.404296875, -364.565673828125, 479.8970031738281], "obj_id": 3}, {"cam_R_m2c": [-0.47949883341789246, -0.7529268860816956, -0.45075708627700806, 0.6789973974227905, 0.007072741631418467, -0.7341065406799316, 0.5559166669845581, -0.6580661535263062, 0.507844090461731], "cam_t_m2c": [-157.9806365966797, -213.23086547851562, 445.2281188964844], "obj_id": 0}, {"cam_R_m2c": [0.4898451268672943, 0.014473222196102142, 0.8716893196105957, 0.7251979112625122, 0.548188328742981, -0.41662630438804626, -0.48387983441352844, 0.836229681968689, 0.2580314576625824], "cam_t_m2c": [-337.45709228515625, -400.65252685546875, 572.1243896484375], "obj_id": 3}, {"cam_R_m2c": [-0.03443842753767967, 0.9844179749488831, 0.1724386364221573, 0.854496955871582, 0.1184869110584259, -0.5057624578475952, -0.5183134078979492, 0.12993061542510986, -0.8452627062797546], "cam_t_m2c": [-310.4226379394531, -311.54730224609375, 416.2867126464844], "obj_id": 1}, {"cam_R_m2c": [0.7821511030197144, -0.5716658234596252, -0.24786658585071564, -0.6225335001945496, -0.7001707553863525, -0.3495897650718689, 0.02629959024488926, 0.427737295627594, -0.9035204648971558], "cam_t_m2c": [-479.60595703125, -437.1795654296875, 488.80792236328125], "obj_id": 1}, {"cam_R_m2c": [-0.8428193926811218, -0.5189035534858704, 0.14280913770198822, 0.1814015805721283, -0.02407197840511799, 0.9831144213676453, -0.5067038536071777, 0.8544937372207642, 0.11441832780838013], "cam_t_m2c": [-562.2094116210938, -373.8741760253906, 442.4446716308594], "obj_id": 3}, {"cam_R_m2c": [0.5779393315315247, 0.508624255657196, 0.6381908059120178, -0.2178601324558258, 0.8497983813285828, -0.47997885942459106, -0.7864623665809631, 0.13836230337619781, 0.6019408106803894], "cam_t_m2c": [-83.8060302734375, -399.56414794921875, 738.6765747070312], "obj_id": 0}, {"cam_R_m2c": [0.0462258942425251, -0.5861390829086304, -0.8088906407356262, -0.5520163774490356, 0.6598960161209106, -0.5097206234931946, 0.8325508832931519, 0.47008320689201355, -0.29305410385131836], "cam_t_m2c": [-432.970703125, -439.5671081542969, 566.5615844726562], "obj_id": 3}, {"cam_R_m2c": [-0.548603355884552, 0.7610196471214294, 0.3462418019771576, -0.8021602630615234, -0.595855176448822, 0.03867139294743538, 0.23573966324329376, -0.2565261721611023, 0.937347948551178], "cam_t_m2c": [-410.5628967285156, -362.4915771484375, 533.5565185546875], "obj_id": 3}, {"cam_R_m2c": [0.5272154808044434, -0.6330549120903015, -0.5668203830718994, -0.7054124474525452, -0.6979712843894958, 0.12340731918811798, -0.47374796867370605, 0.33477988839149475, -0.8145460486412048], "cam_t_m2c": [-265.8923034667969, -224.62319946289062, 411.20330810546875], "obj_id": 1}, {"cam_R_m2c": [-0.4453983008861542, 0.7384287118911743, -0.5063035488128662, 0.530466616153717, 0.673196017742157, 0.5151817798614502, 0.7212665677070618, -0.039116017520427704, -0.6915521621704102], "cam_t_m2c": [-447.6396789550781, -275.81671142578125, 480.6778869628906], "obj_id": 2}, {"cam_R_m2c": [0.45103830099105835, 0.276577889919281, -0.848568856716156, -0.7938693165779114, -0.31014418601989746, -0.5230506062507629, -0.4078429639339447, 0.9095686674118042, 0.07967984676361084], "cam_t_m2c": [-272.01220703125, -206.98715209960938, 398.40032958984375], "obj_id": 2}, {"cam_R_m2c": [0.553173303604126, 0.26665636897087097, -0.7892361283302307, -0.7919985055923462, -0.12545089423656464, -0.5974950790405273, -0.25833627581596375, 0.955592155456543, 0.14179538190364838], "cam_t_m2c": [-353.8866271972656, -414.39056396484375, 644.6708374023438], "obj_id": 0}, {"cam_R_m2c": [-0.3967224061489105, 0.6533921360969543, 0.6447401642799377, 0.559574544429779, -0.38463836908340454, 0.7341182231903076, 0.7276589274406433, 0.6520214080810547, -0.21302688121795654], "cam_t_m2c": [121.61492156982422, 5.534763336181641, 405.0946044921875], "obj_id": 2}, {"cam_R_m2c": [-0.44539809226989746, -0.6475217342376709, -0.6183332800865173, 0.5304667949676514, 0.3655020296573639, -0.7648615837097168, 0.7212665677070618, -0.6686732172966003, 0.18069487810134888], "cam_t_m2c": [-295.75738525390625, -295.5278015136719, 559.8272705078125], "obj_id": 2}],
  "1": [{"cam_R_m2c": [0.7707433700561523, -0.596147894859314, 0.22486072778701782, 0.5886808633804321, 0.8013038635253906, 0.10661584138870239, -0.24374058842658997, 0.05019776150584221, 0.9685404896736145], "cam_t_m2c": [-508.7052001953125, -273.8716125488281, 370.108642578125], "obj_id": 3}, {"cam_R_m2c": [-0.27986618876457214, 0.957118570804596, -0.07482662796974182, 0.6564579606056213, 0.24765807390213013, 0.7125506401062012, 0.7005268931388855, 0.15029829740524292, -0.6976191997528076], "cam_t_m2c": [-226.3233184814453, -69.27032470703125, 375.54266357421875], "obj_id": 2}, {"cam_R_m2c": [-0.03076932020485401, 0.9437745213508606, 0.32915472984313965, 0.9965466260910034, 0.054375939071178436, -0.06275317072868347, -0.07712293416261673, 0.32608717679977417, -0.9421884417533875], "cam_t_m2c": [-192.0988311767578, -328.4093933105469, 539.9703979492188], "obj_id": 1}, {"cam_R_m2c": [0.5390395522117615, 0.7644550204277039, -0.353616863489151, -0.37514960765838623, 0.5937932729721069, 0.7118091583251953, 0.7541214227676392, -0.25103405117988586, 0.6068630814552307], "cam_t_m2c": [-205.82781982421875, -180.70265197753906, 511.0005187988281], "obj_id": 1}, {"cam_R_m2c": [0.07433159649372101, 0.939726710319519, -0.33374911546707153, -0.37235572934150696, 0.3366236984729767, 0.8648905158042908, 0.9251086115837097, 0.05998474359512329, 0.37493443489074707], "cam_t_m2c": [-384.3859558105469, -340.6233825683594, 592.5137939453125], "obj_id": 1}, {"cam_R_m2c": [-0.04057556018233299, 0.9792471528053284, 0.19856590032577515, 0.6452645659446716, -0.12605087459087372, 0.753488302230835, 0.762880802154541, 0.1587008386850357, -0.6267588138580322], "cam_t_m2c": [-280.86474609375, -399.2090148925781, 570.4134521484375], "obj_id": 0}, {"cam_R_m2c": [-0.2569212019443512, 0.1254567801952362, -0.9582547545433044, 0.8181106448173523, 0.5560753345489502, -0.14654406905174255, 0.5144768953323364, -0.8216086626052856, -0.24550507962703705], "cam_t_m2c": [-188.86802673339844, -291.070068359375, 505.83123779296875], "obj_id": 0}, {"cam_R_m2c": [-0.47673043608665466, 0.878952145576477, 0.013074895367026329, -0.19138169288635254, -0.11829664558172226, 0.9743607044219971, 0.8579632043838501, 0.46200522780418396, 0.2246111035346985], "cam_t_m2c": [-173.956298828125, -75.2821273803711, 425.5291748046875], "obj_id": 1}, {"cam_R_m2c": [-0.2799144983291626, -0.8661250472068787, 0.41409561038017273, 0.6564343571662903, -0.48742350935935974, -0.5757709741592407, 0.7005296349525452, 0.11065994203090668, 0.7049912214279175], "cam_t_m2c": [-427.7273864746094, -476.4092712402344, 676.6073608398438], "obj_id": 2}, {"cam_R_m2c": [-0.2798554301261902, -0.0632057785987854, 0.9579592943191528, 0.6564657092094421, -0.7406958341598511, 0.14290717244148254, 0.700523853302002, 0.6688607931137085, 0.24878017604351044], "cam_t_m2c": [-157.4735107421875, -242.94078063964844, 565.7879028320312], "obj_id": 2}, {"cam_R_m2c": [-0.127974733710289, -0.4039391875267029, -0.9057900309562683, 0.85610032081604, 0.416101336479187, -0.3065156936645508, 0.500714123249054, -0.8146734237670898, 0.2925620377063751], "cam_t_m2c": [-273.00469970703125, -372.314208984375, 718.7800903320312], "obj_id": 0}, {"cam_R_m2c": [-0.2798658609390259, -0.650675356388092, 0.7059012651443481, 0.6564581990242004, -0.6662271022796631, -0.35384175181388855, 0.7005267143249512, 0.36436647176742554, 0.6135954260826111], "cam_t_m2c": [-382.2698974609375, -222.3147735595703, 456.6572265625], "obj_id": 2}, {"cam_R_m2c": [-0.9247720837593079, 0.09146265685558319, -0.3693660497665405, -0.3802962005138397, -0.2555535137653351, 0.8888572454452515, -0.013095537200570107, 0.9624588489532471, 0.2711116075515747], "cam_t_m2c": [-371.4144287109375, -454.5963439941406, 596.3529052734375], "obj_id": 3}, {"cam_R_m2c": [-0.18113723397254944, 0.33360472321510315, -0.9251471757888794, 0.8662402033805847, 0.4995169937610626, 0.010520399548113346, 0.46563640236854553, -0.7994940280914307, -0.37946298718452454], "cam_t_m2c": [-629.958251953125, -161.74603271484375, 284.63555908203125], "obj_id": 2}, {"cam_R_m2c": [-0.8459131717681885, 0.5326306819915771, 0.027119265869259834, 0.17644086480140686, 0.32748162746429443, -0.92823725938797, -0.5032886862754822, -0.7804231643676758, -0.3709988296031952], "cam_t_m2c": [-592.404296875, -364.565673828125, 479.8970031738281], "obj_id": 3}, {"cam_R_m2c": [-0.47949883341789246, -0.7529268860816956, -0.45075708627700806, 0.6789973974227905, 0.007072741631418467, -0.7341065406799316, 0.5559166669845581, -0.6580661535263062, 0.507844090461731], "cam_t_m2c": [-157.9806365966797, -213.23086547851562, 445.2281188964844], "obj_id": 0}, {"cam_R_m2c": [0.4898451268672943, 0.014473222196102142, 0.8716893196105957, 0.7251979112625122, 0.548188328742981, -0.41662630438804626, -0.48387983441352844, 0.836229681968689, 0.2580314576625824], "cam_t_m2c": [-337.45709228515625, -400.65252685546875, 572.1243896484375], "obj_id": 3}, {"cam_R_m2c": [-0.03443842753767967, 0.9844179749488831, 0.1724386364221573, 0.854496955871582, 0.1184869110584259, -0.5057624578475952, -0.5183134078979492, 0.12993061542510986, -0.8452627062797546], "cam_t_m2c": [-310.4226379394531, -311.54730224609375, 416.2867126464844], "obj_id": 1}, {"cam_R_m2c": [0.7821511030197144, -0.5716658234596252, -0.24786658585071564, -0.6225335001945496, -0.7001707553863525, -0.3495897650718689, 0.02629959024488926, 0.427737295627594, -0.9035204648971558], "cam_t_m2c": [-479.60595703125, -437.1795654296875, 488.80792236328125], "obj_id": 1}, {"cam_R_m2c": [-0.8428193926811218, -0.5189035534858704, 0.14280913770198822, 0.1814015805721283, -0.02407197840511799, 0.9831144213676453, -0.5067038536071777, 0.8544937372207642, 0.11441832780838013], "cam_t_m2c": [-562.2094116210938, -373.8741760253906, 442.4446716308594], "obj_id": 3}, {"cam_R_m2c": [0.5779393315315247, 0.508624255657196, 0.6381908059120178, -0.2178601324558258, 0.8497983813285828, -0.47997885942459106, -0.7864623665809631, 0.13836230337619781, 0.6019408106803894], "cam_t_m2c": [-83.8060302734375, -399.56414794921875, 738.6765747070312], "obj_id": 0}, {"cam_R_m2c": [0.0462258942425251, -0.5861390829086304, -0.8088906407356262, -0.5520163774490356, 0.6598960161209106, -0.5097206234931946, 0.8325508832931519, 0.47008320689201355, -0.29305410385131836], "cam_t_m2c": [-432.970703125, -439.5671081542969, 566.5615844726562], "obj_id": 3}, {"cam_R_m2c": [-0.548603355884552, 0.7610196471214294, 0.3462418019771576, -0.8021602630615234, -0.595855176448822, 0.03867139294743538, 0.23573966324329376, -0.2565261721611023, 0.937347948551178], "cam_t_m2c": [-410.5628967285156, -362.4915771484375, 533.5565185546875], "obj_id": 3}, {"cam_R_m2c": [0.5272154808044434, -0.6330549120903015, -0.5668203830718994, -0.7054124474525452, -0.6979712843894958, 0.12340731918811798, -0.47374796867370605, 0.33477988839149475, -0.8145460486412048], "cam_t_m2c": [-265.8923034667969, -224.62319946289062, 411.20330810546875], "obj_id": 1}, {"cam_R_m2c": [-0.4453983008861542, 0.7384287118911743, -0.5063035488128662, 0.530466616153717, 0.673196017742157, 0.5151817798614502, 0.7212665677070618, -0.039116017520427704, -0.6915521621704102], "cam_t_m2c": [-447.6396789550781, -275.81671142578125, 480.6778869628906], "obj_id": 2}, {"cam_R_m2c": [0.45103830099105835, 0.276577889919281, -0.848568856716156, -0.7938693165779114, -0.31014418601989746, -0.5230506062507629, -0.4078429639339447, 0.9095686674118042, 0.07967984676361084], "cam_t_m2c": [-272.01220703125, -206.98715209960938, 398.40032958984375], "obj_id": 2}, {"cam_R_m2c": [0.553173303604126, 0.26665636897087097, -0.7892361283302307, -0.7919985055923462, -0.12545089423656464, -0.5974950790405273, -0.25833627581596375, 0.955592155456543, 0.14179538190364838], "cam_t_m2c": [-353.8866271972656, -414.39056396484375, 644.6708374023438], "obj_id": 0}, {"cam_R_m2c": [-0.3967224061489105, 0.6533921360969543, 0.6447401642799377, 0.559574544429779, -0.38463836908340454, 0.7341182231903076, 0.7276589274406433, 0.6520214080810547, -0.21302688121795654], "cam_t_m2c": [121.61492156982422, 5.534763336181641, 405.0946044921875], "obj_id": 2}, {"cam_R_m2c": [-0.44539809226989746, -0.6475217342376709, -0.6183332800865173, 0.5304667949676514, 0.3655020296573639, -0.7648615837097168, 0.7212665677070618, -0.6686732172966003, 0.18069487810134888], "cam_t_m2c": [-295.75738525390625, -295.5278015136719, 559.8272705078125], "obj_id": 2}]
}