{
  "0": [{"cam_R_m2c": [0.28979480266571045, -0.1365392804145813, -0.9472993016242981, -0.9087759852409363, 0.2712390124797821, -0.31710493564605713, 0.30024176836013794, 0.9527782201766968, -0.045479945838451385], "cam_t_m2c": [133.60968017578125, 171.1906280517578, 878.87451171875], "obj_id": 3}, {"cam_R_m2c": [-0.9946855902671814, -0.006627278868108988, 0.10274437814950943, -0.10232237726449966, 0.1743384301662445, -0.979354977607727, -0.011421827599406242, -0.9846634268760681, -0.1740899235010147], "cam_t_m2c": [147.15313720703125, 414.4749450683594, 705.329345703125], "obj_id": 3}, {"cam_R_m2c": [0.001825972693040967, 0.9058634638786316, 0.4235655963420868, -0.5881072878837585, -0.3416000306606293, 0.7331023216247559, 0.8087807297706604, -0.2504405677318573, 0.5321213603019714], "cam_t_m2c": [348.6321716308594, 394.8616027832031, 759.9116821289062], "obj_id": 3}, {"cam_R_m2c": [-0.7928898334503174, 0.19341763854026794, -0.5778540968894958, 0.6032229065895081, 0.11483258754014969, -0.7892627120018005, -0.08630084246397018, -0.9743731617927551, -0.20772355794906616], "cam_t_m2c": [90.34344482421875, 399.35931396484375, 713.9275512695312], "obj_id": 3}, {"cam_R_m2c": [0.7860316634178162, -0.4284765422344208, -0.4456029534339905, 0.35056355595588684, -0.2847580313682556, 0.8921983242034912, -0.509175181388855, -0.8575083017349243, -0.07362053543329239], "cam_t_m2c": [-23.648162841796875, 366.0673828125, 798.1541137695312], "obj_id": 3}, {"cam_R_m2c": [0.9874258637428284, -0.1365123838186264, -0.07971516251564026, 0.0037401465233415365, -0.48394694924354553, 0.8750892281532288, -0.1580384522676468, -0.8643838763237, -0.4773511588573456], "cam_t_m2c": [129.5454864501953, 282.29248046875, 1009.2755737304688], "obj_id": 3}, {"cam_R_m2c": [0.2662425637245178, -0.6449439525604248, 0.7163533568382263, -0.12575966119766235, -0.7600669860839844, -0.6375597715377808, 0.9556669592857361, 0.0796571597456932, -0.2834700345993042], "cam_t_m2c": [225.7517852783203, 213.1837921142578, 1027.85009765625], "obj_id": 3}, {"cam_R_m2c": [-0.12951591610908508, 0.8944389224052429, 0.4280239939689636, 0.34071412682533264, -0.3652341663837433, 0.8663243055343628, 0.9312031865119934, 0.25803664326667786, -0.2574442923069], "cam_t_m2c": [143.22402954101562, 151.5488739013672, 915.5961303710938], "obj_id": 3}, {"cam_R_m2c": [-0.656339168548584, -0.7541295886039734, 0.022519810125231743, 0.7407597899436951, -0.6497923135757446, -0.17042459547519684, 0.14315545558929443, -0.09517459571361542, 0.9851133227348328], "cam_t_m2c": [119.24845886230469, 411.7035827636719, 635.478271484375], "obj_id": 3}, {"cam_R_m2c": [-0.7462072372436523, 0.6094843745231628, 0.2677750885486603, 0.5833908319473267, 0.7924522757530212, -0.1779734194278717, -0.3206709921360016, 0.023412473499774933, -0.9469012022018433], "cam_t_m2c": [178.46484375, 405.89923095703125, 767.6790771484375], "obj_id": 3}, {"cam_R_m2c": [0.4822574853897095, 0.07826177030801773, -0.8725266456604004, 0.8599020838737488, -0.23252514004707336, 0.454423189163208, -0.16732044517993927, -0.9694364666938782, -0.17943443357944489], "cam_t_m2c": [369.93963623046875, 405.04974365234375, 979.82275390625], "obj_id": 3}, {"cam_R_m2c": [0.6004363894462585, -0.3480888307094574, 0.7199376821517944, -0.37600022554397583, -0.9174550771713257, -0.12999968230724335, 0.7057619690895081, -0.19264020025730133, -0.6817548871040344], "cam_t_m2c": [185.45437622070312, 291.29705810546875, 987.5868530273438], "obj_id": 3}, {"cam_R_m2c": [-0.8073804378509521, 0.28327521681785583, 0.5175825357437134, -0.4630613625049591, -0.8478536009788513, -0.25829845666885376, 0.3656647503376007, -0.44821763038635254, 0.8157145380973816], "cam_t_m2c": [199.45469665527344, 110.0113754272461, 1032.428466796875], "obj_id": 3}, {"cam_R_m2c": [0.08015165477991104, 0.7263123393058777, 0.6826756596565247, 0.6993166208267212, -0.5290166735649109, 0.48072609305381775, 0.7103041410446167, 0.4388754367828369, -0.5503237843513489], "cam_t_m2c": [161.36553955078125, 56.48566818237305, 989.7180786132812], "obj_id": 3}, {"cam_R_m2c": [0.19318048655986786, 0.9427533745765686, 0.2718406617641449, -0.9171379208564758, 0.27194979786872864, -0.2913781702518463, -0.3486247658729553, -0.1930268108844757, 0.9171703457832336], "cam_t_m2c": [291.6051330566406, 353.1981201171875, 995.353515625], "obj_id": 3}, {"cam_R_m2c": [-0.9723828434944153, 0.2033282369375229, -0.11458241939544678, 0.22195500135421753, 0.6538239121437073, -0.7233603596687317, -0.07216286659240723, -0.7288153767585754, -0.6808968782424927], "cam_t_m2c": [149.5014190673828, 424.42657470703125, 1016.3394165039062], "obj_id": 3}, {"cam_R_m2c": [-0.9286466240882874, 0.34467944502830505, 0.1371552050113678, -0.36567559838294983, -0.9127554893493652, -0.182095468044281, 0.06242460012435913, -0.21925665438175201, 0.9736681580543518], "cam_t_m2c": [279.7385559082031, 310.63494873046875, 668.0941162109375], "obj_id": 3}, {"cam_R_m2c": [-0.15314584970474243, 0.4286755621433258, 0.8903838396072388, 0.9146658778190613, 0.40256014466285706, -0.036490198224782944, -0.37407544255256653, 0.8088154792785645, -0.4537453055381775], "cam_t_m2c": [253.92782592773438, 172.43756103515625, 958.6038208007812], "obj_id": 3}, {"cam_R_m2c": [0.1116175651550293, 0.8236283659934998, 0.556037425994873, -0.357224702835083, 0.555387020111084, -0.7509564757347107, -0.9273251295089722, -0.11481045931577682, 0.35621142387390137], "cam_t_m2c": [269.9118957519531, 434.6086120605469, 638.297119140625], "obj_id": 3}, {"cam_R_m2c": [0.28293412923812866, 0.6267275810241699, -0.7260584235191345, 0.9468660950660706, -0.06179913133382797, 0.3156351149082184, 0.15294747054576874, -0.7767840027809143, -0.6109122037887573], "cam_t_m2c": [350.1815490722656, 168.64390563964844, 675.0531005859375], "obj_id": 3}, {"cam_R_m2c": [0.2405998557806015, 0.8731561899185181, 0.4239220917224884, 0.7628020644187927, -0.4401708245277405, 0.473690390586853, 0.6002038717269897, 0.20939882099628448, -0.7719504237174988], "cam_t_m2c": [-4.688991069793701, 355.0704040527344, 655.0693359375], "obj_id": 3}, {"cam_R_m2c": [0.6333019733428955, 0.7163644433021545, -0.29283204674720764, 0.6028586030006409, -0.6939148902893066, -0.3937560021877289, -0.4852732717990875, 0.07283017039299011, -0.8713241815567017], "cam_t_m2c": [378.92364501953125, 249.78311157226562, 804.45654296875], "obj_id": 3}, {"cam_R_m2c": [-0.723235011100769, -0.025847049430012703, -0.6901181936264038, 0.4425915479660034, -0.7844526171684265, -0.43445008993148804, -0.5301357507705688, -0.6196499466896057, 0.5787832140922546], "cam_t_m2c": [246.9695587158203, 190.02674865722656, 1049.1605224609375], "obj_id": 3}, {"cam_R_m2c": [0.288677841424942, 0.260946124792099, 0.9211797714233398, 0.48339563608169556, 0.7907803654670715, -0.3754931092262268, -0.8264343738555908, 0.5536908507347107, 0.10214054584503174], "cam_t_m2c": [159.64181518554688, 220.83143615722656, 1048.427978515625], "obj_id": 3}, {"cam_R_m2c": [0.8234090805053711, 0.3453449606895447, 0.45026037096977234, 0.3248691260814667, 0.3636792004108429, -0.8730392456054688, -0.46525004506111145, 0.8651441335678101, 0.1872648447751999], "cam_t_m2c": [231.9205322265625, 164.08135986328125, 992.4521484375], "obj_id": 3}, {"cam_R_m2c": [0.6300095319747925, 0.7718116044998169, -0.0859934389591217, 0.3703535497188568, -0.3959323763847351, -0.8402832746505737, -0.6825879216194153, 0.4975385367870331, -0.5352843403816223], "cam_t_m2c": [67.84333801269531, 215.44015502929688, 665.796630859375], "obj_id": 3}, {"cam_R_m2c": [-0.3179022967815399, 0.42250198125839233, -0.848781406879425, 0.7829675674438477, -0.38787534832954407, -0.4863271713256836, -0.5346957445144653, -0.8191730380058289, -0.2074986845254898], "cam_t_m2c": [326.5118713378906, 204.1667938232422, 838.6433715820312], "obj_id": 3}, {"cam_R_m2c": [0.5437100529670715, 0.7308318018913269, -0.4126308858394623, 0.8307316899299622, -0.5386042594909668, 0.14067788422107697, -0.11943288892507553, -0.4192735552787781, -0.8999696969985962], "cam_t_m2c": [397.35394287109375, 376.32672119140625, 669.57861328125], "obj_id": 3}, {"cam_R_m2c": [-0.8645391464233398, 0.48881086707115173, -0.11677202582359314, -0.22892355918884277, -0.589875340461731, -0.7743647694587708, -0.4473989009857178, -0.6427369117736816, 0.6218709349632263], "cam_t_m2c": [414.77459716796875, 394.53131103515625, 1017.2740478515625], "obj_id": 1}, {"cam_R_m2c": [0.8643629550933838, 0.4489706754684448, 0.2264995574951172, -0.2417706996202469, -0.023911770433187485, 0.970038652420044, 0.440934956073761, -0.8932264447212219, 0.08787952363491058], "cam_t_m2c": [46.799102783203125, 321.4805603027344, 788.5904541015625], "obj_id": 1}, {"cam_R_m2c": [0.2035047858953476, -0.9594907760620117, -0.19484153389930725, 0.4842297434806824, 0.2715986371040344, -0.8317185044288635, 0.8509449362754822, 0.07491062581539154, 0.5198855996131897], "cam_t_m2c": [195.355712890625, 127.50492858886719, 906.7554931640625], "obj_id": 1}, {"cam_R_m2c": [0.07107459753751755, 0.4884214401245117, 0.8697084188461304, -0.07082392275333405, 0.8721840381622314, -0.4840237498283386, -0.9949533939361572, -0.02719441056251526, 0.09658206254243851], "cam_t_m2c": [21.541942596435547, 291.0121154785156, 677.1427001953125], "obj_id": 1}, {"cam_R_m2c": [0.3954567611217499, 0.4003031849861145, -0.8266626596450806, -0.9028694033622742, 0.004166982136666775, -0.42989444732666016, -0.16864356398582458, 0.9163731336593628, 0.36306947469711304], "cam_t_m2c": [415.70758056640625, 337.8984375, 1030.7303466796875], "obj_id": 1}, {"cam_R_m2c": [0.7400864362716675, -0.5111498236656189, 0.4370330572128296, -0.27562710642814636, 0.36222168803215027, 0.8904072642326355, -0.6134344339370728, -0.779436469078064, 0.12718859314918518], "cam_t_m2c": [477.8089904785156, 222.0906982421875, 789.0775146484375], "obj_id": 1}, {"cam_R_m2c": [-0.9385060667991638, 0.30038440227508545, 0.17022305727005005, -0.31732985377311707, -0.944723904132843, -0.08245458453893661, 0.13604570925235748, -0.1314009726047516, 0.9819497466087341], "cam_t_m2c": [404.1861267089844, 228.33924865722656, 1039.0919189453125], "obj_id": 1}, {"cam_R_m2c": [-0.9724928736686707, -0.17787030339241028, 0.15039882063865662, 0.22594361007213593, -0.5633465647697449, 0.7947264909744263, -0.05663158372044563, 0.8068474531173706, 0.5880391597747803], "cam_t_m2c": [171.95713806152344, 422.7581481933594, 771.5693969726562], "obj_id": 1}, {"cam_R_m2c": [-0.47671839594841003, -0.5098509788513184, 0.7160946130752563, 0.6686926484107971, 0.31844833493232727, 0.6718934178352356, -0.5706046223640442, 0.7991511821746826, 0.18912345170974731], "cam_t_m2c": [282.71221923828125, 371.69732666015625, 729.3130493164062], "obj_id": 1}, {"cam_R_m2c": [0.553679347038269, -0.03576362878084183, 0.8319615721702576, 0.8171539902687073, 0.2156650573015213, -0.5345538258552551, -0.160307377576828, 0.9758121371269226, 0.14863371849060059], "cam_t_m2c": [432.1385498046875, 368.0062561035156, 996.4851684570312], "obj_id": 1}, {"cam_R_m2c": [-0.39503955841064453, 0.1535499393939972, -0.9057406187057495, 0.7227376103401184, 0.6605640649795532, -0.20323742926120758, 0.5670925974845886, -0.7348996996879578, -0.3719252347946167], "cam_t_m2c": [107.70866394042969, 162.01890563964844, 835.0792236328125], "obj_id": 1}, {"cam_R_m2c": [0.814736008644104, -0.5270371437072754, 0.2417377084493637, -0.34138569235801697, -0.7730019688606262, -0.5347182154655457, 0.46868011355400085, 0.3531283736228943, -0.8097154498100281], "cam_t_m2c": [125.634033203125, 397.0034484863281, 952.2992553710938], "obj_id": 1}, {"cam_R_m2c": [0.3964483439922333, 0.8997855186462402, -0.1822490245103836, -0.8909471035003662, 0.42497023940086365, 0.16004225611686707, 0.22145411372184753, 0.09892575442790985, 0.9701400995254517], "cam_t_m2c": [485.72662353515625, 241.72544860839844, 1025.87646484375], "obj_id": 1}, {"cam_R_m2c": [0.06024066358804703, 0.8683946132659912, 0.4922008812427521, -0.3647538423538208, -0.43984487652778625, 0.8206648826599121, 0.9291531443595886, -0.2289695292711258, 0.2902538776397705], "cam_t_m2c": [328.2196350097656, 403.60760498046875, 638.3604125976562], "obj_id": 1}, {"cam_R_m2c": [0.7358940243721008, 0.30029183626174927, -0.6068646311759949, 0.6769502758979797, -0.30766168236732483, 0.6686421632766724, 0.014078721404075623, -0.9028670191764832, -0.4296890199184418], "cam_t_m2c": [109.20695495605469, 279.9352111816406, 1037.7066650390625], "obj_id": 1}, {"cam_R_m2c": [0.14478854835033417, 0.981630265712738, 0.12425046414136887, 0.3288891315460205, -0.16617922484874725, 0.929632306098938, 0.9332031607627869, -0.09373544156551361, -0.3469083309173584], "cam_t_m2c": [77.42839050292969, 333.0685729980469, 912.41650390625], "obj_id": 1}, {"cam_R_m2c": [0.9580668807029724, -0.1012677401304245, 0.2680535614490509, 0.052898045629262924, -0.8568840026855469, -0.5127876996994019, 0.28161972761154175, 0.5054644346237183, -0.815595269203186], "cam_t_m2c": [237.05569458007812, 157.4013671875, 943.2894287109375], "obj_id": 1}, {"cam_R_m2c": [-0.9259626269340515, 0.28172481060028076, 0.2514440417289734, -0.2865862548351288, -0.9578877091407776, 0.01786711998283863, 0.245888814330101, -0.05551612377166748, 0.9677069187164307], "cam_t_m2c": [219.1333770751953, 320.2889404296875, 1033.9449462890625], "obj_id": 1}, {"cam_R_m2c": [0.5701844692230225, -0.6485263705253601, 0.5042848587036133, 0.4387061297893524, 0.759361743927002, 0.48052743077278137, -0.6945693492889404, -0.05275638774037361, 0.7174888253211975], "cam_t_m2c": [114.92330932617188, 275.44549560546875, 949.0943603515625], "obj_id": 1}, {"cam_R_m2c": [-0.7935054302215576, -0.21914328634738922, 0.5677369236946106, -0.603222131729126, 0.15990643203258514, -0.7813788652420044, 0.0804491713643074, -0.9624999165534973, -0.25907865166664124], "cam_t_m2c": [152.88436889648438, 436.1485900878906, 634.275634765625], "obj_id": 1}, {"cam_R_m2c": [0.04144302010536194, -0.8666824102401733, -0.4971357583999634, 0.012148278765380383, -0.49708929657936096, 0.867614209651947, -0.999066948890686, -0.04199584200978279, -0.010072085075080395], "cam_t_m2c": [368.46368408203125, 349.385009765625, 767.8192749023438], "obj_id": 1}, {"cam_R_m2c": [-0.1309727132320404, -0.940441370010376, -0.313713401556015, 0.5415330529212952, 0.19719298183918, -0.8172250986099243, 0.830414354801178, -0.2769204080104828, 0.4834532141685486], "cam_t_m2c": [246.78500366210938, 222.5851287841797, 822.2959594726562], "obj_id": 1}, {"cam_R_m2c": [0.4946061968803406, -0.436777263879776, 0.7513921856880188, 0.820685088634491, -0.04985906183719635, -0.5692010521888733, 0.2860778868198395, 0.8981867432594299, 0.33379608392715454], "cam_t_m2c": [265.67864990234375, 477.40814208984375, 751.0415649414062], "obj_id": 1}, {"cam_R_m2c": [0.4169482886791229, 0.5981765389442444, -0.6843529343605042, 0.5066516399383545, -0.7780544757843018, -0.37139666080474854, -0.754624605178833, -0.19187532365322113, -0.6274756193161011], "cam_t_m2c": [117.28443908691406, 361.76776123046875, 705.065185546875], "obj_id": 1}, {"cam_R_m2c": [-0.5136744379997253, -0.8155613541603088, -0.2664549946784973, 0.8547773361206055, -0.5132796764373779, -0.07680925726890564, -0.07412327826023102, -0.26721465587615967, 0.960781991481781], "cam_t_m2c": [262.35699462890625, 527.02392578125, 775.2378540039062], "obj_id": 1}, {"cam_R_m2c": [0.8626682162284851, 0.20811797678470612, -0.4609668552875519, -0.1725996732711792, -0.7355620861053467, -0.6551012396812439, -0.4754081070423126, 0.6446977853775024, -0.5986249446868896], "cam_t_m2c": [293.5567321777344, 464.8331604003906, 767.9189453125], "obj_id": 1}, {"cam_R_m2c": [0.5837626457214355, -0.6011126637458801, -0.5457881689071655, 0.2102871686220169, -0.5373408794403076, 0.8167275786399841, -0.7842196226119995, -0.5915472507476807, -0.18727321922779083], "cam_t_m2c": [185.72048950195312, 258.5234680175781, 984.0736694335938], "obj_id": 1}, {"cam_R_m2c": [-0.8604451417922974, -0.37102052569389343, -0.34925317764282227, -0.33267098665237427, 0.9282300472259521, -0.16649025678634644, 0.38595861196517944, -0.027069341391324997, -0.9221187829971313], "cam_t_m2c": [364.9644470214844, 174.2823486328125, 849.5182495117188], "obj_id": 1}, {"cam_R_m2c": [0.7357099652290344, 0.43055492639541626, 0.5228320360183716, -0.40234649181365967, 0.8988000154495239, -0.17399945855140686, -0.5448377728462219, -0.08234648406505585, 0.8344883918762207], "cam_t_m2c": [274.147705078125, 122.37073516845703, 777.6758422851562], "obj_id": 1}, {"cam_R_m2c": [0.2880774736404419, -0.5542966723442078, 0.780875563621521, 0.564909815788269, 0.7568098306655884, 0.32880958914756775, -0.7732324004173279, 0.3464016020298004, 0.5311474800109863], "cam_t_m2c": [311.2726745605469, 351.81488037109375, 798.0964965820312], "obj_id": 1}, {"cam_R_m2c": [0.6374871730804443, 0.4410216212272644, 0.631751537322998, -0.446399450302124, -0.4568881094455719, 0.7694028615951538, 0.6279630661010742, -0.7724980115890503, -0.09438850730657578], "cam_t_m2c": [231.46400451660156, 278.56109619140625, 668.6141357421875], "obj_id": 1}, {"cam_R_m2c": [-0.7066900730133057, 0.6623042821884155, -0.24888159334659576, 0.6586384773254395, 0.744301974773407, 0.1104985922574997, 0.2584267556667328, -0.08583474159240723, -0.962209939956665], "cam_t_m2c": [72.50322723388672, 311.6559143066406, 951.405029296875], "obj_id": 1}, {"cam_R_m2c": [-0.925657331943512, 0.03818875178694725, 0.37643009424209595, 0.3618745803833008, -0.20113477110862732, 0.9102699160575867, 0.11047530919313431, 0.9788187146186829, 0.17236262559890747], "cam_t_m2c": [123.49586486816406, 437.2030944824219, 959.3235473632812], "obj_id": 1}, {"cam_R_m2c": [0.24906030297279358, 0.7055565118789673, 0.6634447574615479, 0.8172575831413269, -0.5206859111785889, 0.24693375825881958, 0.5196720361709595, 0.48070386052131653, -0.706303596496582], "cam_t_m2c": [225.76040649414062, 172.00222778320312, 935.1136474609375], "obj_id": 1}, {"cam_R_m2c": [0.6791849732398987, -0.696399986743927, -0.23180779814720154, -0.7320776581764221, -0.6654104590415955, -0.1459154486656189, -0.05263180658221245, 0.2688048779964447, -0.961755633354187], "cam_t_m2c": [148.41001892089844, 224.10963439941406, 703.2979736328125], "obj_id": 1}, {"cam_R_m2c": [0.3000122308731079, -0.7993218898773193, 0.5206506252288818, 0.1978348046541214, -0.48179155588150024, -0.8536615371704102, 0.9331955313682556, 0.3591116666793823, 0.013590428978204727], "cam_t_m2c": [359.9666442871094, 402.48492431640625, 694.4580078125], "obj_id": 1}, {"cam_R_m2c": [0.9189597368240356, 0.3942105770111084, 0.010536182671785355, 0.09594931453466415, -0.1975967139005661, -0.9755764007568359, -0.3825005888938904, 0.8975263833999634, -0.21940766274929047], "cam_t_m2c": [201.50328063964844, 274.0008239746094, 1021.4276123046875], "obj_id": 1}, {"cam_R_m2c": [-0.5869799256324768, -0.27458474040031433, 0.7616151571273804, 0.3698074221611023, 0.7459190487861633, 0.5539379119873047, -0.7202062010765076, 0.606801450252533, -0.336296021938324], "cam_t_m2c": [328.4036865234375, 503.3486022949219, 805.5977783203125], "obj_id": 1}, {"cam_R_m2c": [0.8805820941925049, 0.38831064105033875, -0.2716430723667145, 0.32070913910865784, -0.9103201627731323, -0.2616533935070038, -0.34888502955436707, 0.14328888058662415, -0.9261464476585388], "cam_t_m2c": [104.60179901123047, 440.81768798828125, 660.2559204101562], "obj_id": 1}, {"cam_R_m2c": [0.29004964232444763, 0.4585981070995331, -0.8399755358695984, 0.4102107584476471, -0.8525643348693848, -0.3238224387168884, -0.8646376132965088, -0.25064244866371155, -0.435407817363739], "cam_t_m2c": [346.6854553222656, 358.41754150390625, 683.2916259765625], "obj_id": 1}, {"cam_R_m2c": [0.28844892978668213, 0.7327355742454529, -0.6163568496704102, -0.9574312567710876, 0.22816742956638336, -0.1768190711736679, 0.011070940643548965, 0.6411226391792297, 0.7673586010932922], "cam_t_m2c": [300.3334045410156, 216.26927185058594, 931.0186157226562], "obj_id": 1}, {"cam_R_m2c": [0.6045341491699219, -0.5427166819572449, -0.5830926299095154, 0.7597101330757141, 0.172693133354187, 0.6269111633300781, -0.2395390421152115, -0.8219705820083618, 0.5167062282562256], "cam_t_m2c": [231.23753356933594, 308.472412109375, 810.1673583984375], "obj_id": 1}, {"cam_R_m2c": [0.7557423114776611, 0.46103015542030334, -0.4650857448577881, 0.4400900602340698, 0.16837003827095032, 0.8820273280143738, 0.48494771122932434, -0.8712649941444397, -0.0756504237651825], "cam_t_m2c": [100.7529296875, 340.7174377441406, 757.5609741210938], "obj_id": 1}, {"cam_R_m2c": [0.22196504473686218, -0.9607875943183899, 0.16618889570236206, 0.9382357597351074, 0.2568531632423401, 0.23181921243667603, -0.26541516184806824, 0.10446859896183014, 0.9584576487541199], "cam_t_m2c": [273.1982116699219, 243.5064697265625, 971.4351196289062], "obj_id": 1}, {"cam_R_m2c": [0.22976094484329224, -0.4435003995895386, 0.8663238883018494, -0.8268512487411499, 0.3805607259273529, 0.41411396861076355, -0.5133485198020935, -0.8114683032035828, -0.27927088737487793], "cam_t_m2c": [402.82373046875, 267.01129150390625, 969.6243286132812], "obj_id": 1}, {"cam_R_m2c": [-0.5076598525047302, 0.8610112071037292, 0.030674075707793236, 0.4704021215438843, 0.3068297803401947, -0.8273918032646179, -0.7218053936958313, -0.4056045711040497, -0.5607866048812866], "cam_t_m2c": [152.25111389160156, 363.673583984375, 705.4552612304688], "obj_id": 1}, {"cam_R_m2c": [0.4436349868774414, -0.30536144971847534, 0.8425807952880859, -0.6909477710723877, -0.7153025269508362, 0.10456300526857376, 0.5707706212997437, -0.6285671591758728, -0.5283220410346985], "cam_t_m2c": [309.24713134765625, 461.7950134277344, 790.4674682617188], "obj_id": 1}, {"cam_R_m2c": [-0.07532940059900284, 0.95892733335495, 0.2734663784503937, 0.5605024099349976, 0.2675394117832184, -0.7837471961975098, -0.8247196674346924, 0.09423934668302536, -0.5576346516609192], "cam_t_m2c": [309.9856262207031, 215.68923950195312, 962.8353881835938], "obj_id": 1}, {"cam_R_m2c": [0.8486375212669373, -0.48341482877731323, -0.2147660106420517, 0.3381896913051605, 0.8080194592475891, -0.4824232757091522, 0.40674570202827454, 0.33677083253860474, 0.8492015600204468], "cam_t_m2c": [122.68560028076172, 141.63790893554688, 738.7921142578125], "obj_id": 1}, {"cam_R_m2c": [-0.6308233141899109, -0.10033567994832993, 0.7694116830825806, -0.7441701889038086, -0.20254656672477722, -0.6365417242050171, 0.21970964968204498, -0.9741187691688538, 0.05310447886586189], "cam_t_m2c": [128.1014862060547, 412.29248046875, 665.1262817382812], "obj_id": 1}, {"cam_R_m2c": [-0.8685230612754822, -0.24827833473682404, 0.42898210883140564, -0.052412185817956924, -0.8146385550498962, -0.5775958895683289, 0.49286988377571106, -0.5241392254829407, 0.6945195198059082], "cam_t_m2c": [99.8385009765625, 446.3427734375, 709.0037841796875], "obj_id": 1}, {"cam_R_m2c": [-0.20657244324684143, -0.267348974943161, 0.9411972165107727, -0.024342184886336327, 0.9630517363548279, 0.2682141661643982, -0.9781283736228943, 0.032494887709617615, -0.20544780790805817], "cam_t_m2c": [61.22368621826172, 237.14320373535156, 651.452392578125], "obj_id": 1}, {"cam_R_m2c": [-0.4449096620082855, -0.2469930201768875, -0.8608423471450806, -0.4862869083881378, -0.7405464053153992, 0.4638057053089142, -0.7520506381988525, 0.6249681115150452, 0.20936700701713562], "cam_t_m2c": [98.15927124023438, 335.9933776855469, 763.2933959960938], "obj_id": 1}, {"cam_R_m2c": [0.6480568647384644, -0.6988577842712402, 0.3026880621910095, 0.761131763458252, 0.5805013179779053, -0.2893037497997284, 0.026471372693777084, 0.41787078976631165, 0.9081207513809204], "cam_t_m2c": [132.3351287841797, 357.28753662109375, 875.9820556640625], "obj_id": 1}, {"cam_R_m2c": [0.557436466217041, -0.6058420538902283, -0.5676442384719849, 0.5604618787765503, -0.22980952262878418, 0.7956570386886597, -0.6124925017356873, -0.7616711854934692, 0.21144713461399078], "cam_t_m2c": [151.1374969482422, 204.8415069580078, 1046.1507568359375], "obj_id": 3}, {"cam_R_m2c": [-0.5763239860534668, 0.7551959753036499, -0.31229743361473083, 0.3727015256881714, 0.5829793214797974, 0.7219616770744324, 0.7272855043411255, 0.2996901273727417, -0.6174476742744446], "cam_t_m2c": [292.06170654296875, 442.3100280761719, 983.1841430664062], "obj_id": 1}, {"cam_R_m2c": [-0.13237884640693665, -0.9065455794334412, -0.40081286430358887, -0.8206964731216431, 0.32699888944625854, -0.4685393273830414, 0.5558176040649414, 0.2669209837913513, -0.7872864603996277], "cam_t_m2c": [180.3397979736328, 138.49417114257812, 677.3466186523438], "obj_id": 1}, {"cam_R_m2c": [-0.33254745602607727, 0.5668526291847229, 0.753717839717865, 0.8068699240684509, -0.24273581802845, 0.5385541319847107, 0.4882350265979767, 0.7872468829154968, -0.3766552805900574], "cam_t_m2c": [413.85003662109375, 198.77603149414062, 891.29736328125], "obj_id": 1}, {"cam_R_m2c": [0.6798404455184937, 0.3214566707611084, -0.6591528654098511, -0.732110321521759, 0.3499395549297333, -0.584428608417511, 0.04279517009854317, 0.8798908591270447, 0.4732448160648346], "cam_t_m2c": [144.84130859375, 156.2587432861328, 670.483154296875], "obj_id": 1}, {"cam_R_m2c": [0.9710918068885803, 0.019457586109638214, -0.23791207373142242, 0.22762446105480194, 0.2246723622083664, 0.947475254535675, 0.07188784331083298, -0.9742400050163269, 0.21374846994876862], "cam_t_m2c": [204.74427795410156, 292.0737609863281, 1046.4383544921875], "obj_id": 3}, {"cam_R_m2c": [0.32940980792045593, 0.7880675196647644, 0.5200372934341431, -0.9052779674530029, 0.10712942481040955, 0.4110901653766632, 0.2682555019855499, -0.6061953902244568, 0.7487096190452576], "cam_t_m2c": [287.7480163574219, 159.77488708496094, 792.7928466796875], "obj_id": 1}, {"cam_R_m2c": [-0.5336301326751709, -0.5689175128936768, -0.625757098197937, -0.7973126769065857, 0.5851598978042603, 0.1479203850030899, 0.282013475894928, 0.5778587460517883, -0.7658641338348389], "cam_t_m2c": [484.2225341796875, 253.871826171875, 818.7621459960938], "obj_id": 1}, {"cam_R_m2c": [-0.6399024128913879, 0.38132521510124207, 0.6671701073646545, 0.037620462477207184, -0.8516092300415039, 0.5228254199028015, 0.7675347328186035, 0.35965651273727417, 0.5306012034416199], "cam_t_m2c": [82.05570983886719, 328.5293884277344, 1043.260009765625], "obj_id": 1}, {"cam_R_m2c": [0.07515743374824524, -0.9964924454689026, 0.03679680824279785, -0.1717613935470581, -0.04928646236658096, -0.9839047789573669, 0.9822673797607422, 0.06762740015983582, -0.1748630851507187], "cam_t_m2c": [284.6902770996094, 526.2398681640625, 761.0398559570312], "obj_id": 3}, {"cam_R_m2c": [-0.5633994340896606, 0.7071372270584106, -0.4272446632385254, -0.8084052801132202, -0.3651353418827057, 0.461689293384552, 0.1704755425453186, 0.6055023670196533, 0.7773705720901489], "cam_t_m2c": [302.8591613769531, 329.71661376953125, 683.1777954101562], "obj_id": 1}, {"cam_R_m2c": [0.35356929898262024, -0.5759243369102478, -0.7370887994766235, 0.5453301668167114, 0.7671349048614502, -0.3378150761127472, 0.7600024938583374, -0.2825157046318054, 0.5853042602539062], "cam_t_m2c": [23.67194175720215, 427.2668151855469, 1022.689208984375], "obj_id": 1}, {"cam_R_m2c": [0.6849713921546936, 0.6190952658653259, -0.38410326838493347, 0.6440523862838745, -0.2680627703666687, 0.7164767384529114, 0.3406035602092743, -0.7381486296653748, -0.5823450684547424], "cam_t_m2c": [204.14642333984375, 399.59698486328125, 969.1004028320312], "obj_id": 3}, {"cam_R_m2c": [0.11801378428936005, -0.75143963098526, -0.6491618156433105, -0.9115115404129028, -0.34134286642074585, 0.22941555082798004, -0.3939788043498993, 0.5646443963050842, -0.7252289652824402], "cam_t_m2c": [240.44326782226562, 133.23330688476562, 682.5299072265625], "obj_id": 1}, {"cam_R_m2c": [0.663423478603363, 0.319389283657074, -0.6766533255577087, -0.736650288105011, 0.4373730719089508, -0.5158014297485352, 0.13120846450328827, 0.8406516909599304, 0.5254417657852173], "cam_t_m2c": [325.54339599609375, 219.44491577148438, 722.2321166992188], "obj_id": 3}, {"cam_R_m2c": [0.5232930779457092, -0.30937689542770386, 0.7940089702606201, 0.06994429975748062, -0.9130305647850037, -0.40184926986694336, 0.8492774367332458, 0.26582133769989014, -0.4561433792114258], "cam_t_m2c": [209.4168701171875, 184.44955444335938, 1021.6546020507812], "obj_id": 3}, {"cam_R_m2c": [-0.33082881569862366, -0.3756330907344818, -0.8657090663909912, -0.9275205135345459, 0.2985246777534485, 0.2249193787574768, 0.17394837737083435, 0.877372682094574, -0.4471679925918579], "cam_t_m2c": [209.88136291503906, 287.296875, 895.4804077148438], "obj_id": 3}, {"cam_R_m2c": [-0.7342780828475952, -0.29137805104255676, -0.6131348609924316, 0.3990952670574188, 0.5453389286994934, -0.7371081113815308, 0.5491434335708618, -0.7859416604042053, -0.28414273262023926], "cam_t_m2c": [148.87405395507812, 197.37171936035156, 1041.6253662109375], "obj_id": 3}, {"cam_R_m2c": [0.22484230995178223, 0.626386284828186, -0.7463819980621338, 0.27768486738204956, 0.6930406093597412, 0.6652712225914001, 0.9339898228645325, -0.3568400740623474, -0.0181131549179554], "cam_t_m2c": [98.7552719116211, 314.6844482421875, 785.1206665039062], "obj_id": 1}, {"cam_R_m2c": [-0.7091016173362732, 0.5291389226913452, 0.46603327989578247, -0.6614112257957458, -0.7282116413116455, -0.17956365644931793, 0.24435672163963318, -0.4355684816837311, 0.8663543462753296], "cam_t_m2c": [140.78997802734375, 450.3577575683594, 1010.6959228515625], "obj_id": 3}, {"cam_R_m2c": [0.39360371232032776, 0.6060217022895813, -0.6912407279014587, 0.258404016494751, 0.6486815810203552, 0.7158488035202026, 0.8822150230407715, -0.46038007736206055, 0.09872505068778992], "cam_t_m2c": [354.1202087402344, 346.3432312011719, 865.8385009765625], "obj_id": 3}, {"cam_R_m2c": [-0.10249107331037521, -0.9937062859535217, 0.04520348832011223, -0.6281944513320923, 0.029423793777823448, -0.777499794960022, 0.7712764143943787, -0.10808336734771729, -0.6272565126419067], "cam_t_m2c": [111.5451889038086, 434.3012390136719, 896.9420166015625], "obj_id": 3}, {"cam_R_m2c": [-0.8028144240379333, 0.581925094127655, -0.12981711328029633, -0.15245985984802246, 0.010131500661373138, 0.9882578253746033, 0.5764071941375732, 0.8131793737411499, 0.08058635145425797], "cam_t_m2c": [117.24327850341797, 190.53028869628906, 729.99658203125], "obj_id": 1}, {"cam_R_m2c": [0.13224762678146362, 0.7393850684165955, -0.66016685962677, -0.6713880300521851, 0.556788444519043, 0.48910605907440186, 0.7292110323905945, 0.37854501605033875, 0.5700482130050659], "cam_t_m2c": [-10.752923965454102, 365.2651062011719, 714.7689208984375], "obj_id": 3}, {"cam_R_m2c": [0.8234934210777283, -0.352194607257843, 0.4447668492794037, 0.5567012429237366, 0.3506368100643158, -0.7530853748321533, 0.10928097367286682, 0.867763102054596, 0.48481428623199463], "cam_t_m2c": [219.16380310058594, 214.55685424804688, 943.4954223632812], "obj_id": 3}, {"cam_R_m2c": [0.07756885141134262, 0.9200138449668884, -0.38413217663764954, 0.8077758550643921, 0.16783642768859863, 0.5650920867919922, 0.5843639373779297, -0.3541262447834015, -0.7301461100578308], "cam_t_m2c": [326.6200866699219, 356.9722595214844, 806.9107666015625], "obj_id": 1}, {"cam_R_m2c": [0.9233702421188354, 0.008425924926996231, -0.383818119764328, -0.1622723489999771, 0.9146254658699036, -0.37030792236328125, 0.34792962670326233, 0.40421438217163086, 0.8459052443504333], "cam_t_m2c": [46.875003814697266, 365.52447509765625, 834.716552734375], "obj_id": 1}, {"cam_R_m2c": [0.40545445680618286, 0.8665990233421326, 0.29088279604911804, 0.913792073726654, -0.37578245997428894, -0.15417982637882233, -0.024303410202264786, 0.3283192813396454, -0.9442539811134338], "cam_t_m2c": [30.933855056762695, 271.6922912597656, 706.6553955078125], "obj_id": 1}, {"cam_R_m2c": [-0.31767112016677856, -0.6693264842033386, -0.6716300845146179, -0.3679424524307251, 0.7398326396942139, -0.5632637143135071, 0.8739011883735657, 0.06818857789039612, -0.481297105550766], "cam_t_m2c": [416.0166320800781, 292.7027893066406, 1014.7353515625], "obj_id": 1}, {"cam_R_m2c": [-0.04327893257141113, -0.9972241520881653, 0.060588374733924866, -0.2941655218601227, -0.04523713141679764, -0.9546833634376526, 0.9547741413116455, -0.05914067104458809, -0.29139116406440735], "cam_t_m2c": [-11.977842330932617, 348.4578552246094, 656.480224609375], "obj_id": 1}, {"cam_R_m2c": [-0.24825850129127502, 0.765515148639679, -0.5935941934585571, 0.6434968709945679, -0.32770806550979614, -0.6917506456375122, -0.7240713238716125, -0.553709089756012, -0.41125014424324036], "cam_t_m2c": [251.1385955810547, 230.07373046875, 988.3472290039062], "obj_id": 3}, {"cam_R_m2c": [-0.7030004262924194, 0.31421220302581787, -0.6380132436752319, -0.3348162770271301, 0.6452492475509644, 0.6866960525512695, 0.6274458169937134, 0.6963648796081543, -0.3484070897102356], "cam_t_m2c": [168.2611083984375, 177.87754821777344, 875.22998046875], "obj_id": 3}, {"cam_R_m2c": [-0.3812190890312195, -0.8495284914970398, 0.364655077457428, -0.48247334361076355, -0.15364399552345276, -0.8623299598693848, 0.7886009812355042, -0.5046730041503906, -0.3513028621673584], "cam_t_m2c": [306.08551025390625, 279.7491149902344, 773.4676513671875], "obj_id": 3}, {"cam_R_m2c": [-0.490554541349411, -0.010458900593221188, 0.8713477849960327, 0.8700417876243591, -0.06190139427781105, 0.4890762269496918, 0.048822417855262756, 0.998027503490448, 0.03946564719080925], "cam_t_m2c": [402.822998046875, 189.8350372314453, 818.3525390625], "obj_id": 1}, {"cam_R_m2c": [0.43088653683662415, -0.716260552406311, 0.5489149689674377, -0.8550906181335449, -0.12969303131103516, 0.5019958019256592, -0.288369357585907, -0.6856752634048462, -0.6683506369590759], "cam_t_m2c": [148.6244354248047, 314.3357238769531, 876.488037109375], "obj_id": 3}, {"cam_R_m2c": [0.5701889395713806, -0.32976046204566956, -0.7524244785308838, 0.772729754447937, -0.09563413262367249, 0.6274892687797546, -0.2788786292076111, -0.9392082095146179, 0.20028622448444366], "cam_t_m2c": [357.0126037597656, 337.9062805175781, 749.95166015625], "obj_id": 1}, {"cam_R_m2c": [0.1429390162229538, 0.755425751209259, -0.6394531726837158, -0.9896692633628845, 0.10184819251298904, -0.10090433806180954, -0.011098579503595829, 0.6472703218460083, 0.7621797323226929], "cam_t_m2c": [313.3979797363281, 288.30010986328125, 666.1402587890625], "obj_id": 1}, {"cam_R_m2c": [-0.2613056004047394, 0.16339915990829468, -0.9513253569602966, -0.868290364742279, -0.47031596302986145, 0.1577167510986328, -0.42165279388427734, 0.8672389984130859, 0.26477423310279846], "cam_t_m2c": [214.23898315429688, 403.1490173339844, 890.9788208007812], "obj_id": 3}, {"cam_R_m2c": [-0.19310757517814636, -0.796637237071991, 0.5727815628051758, -0.8103274703025818, 0.458649218082428, 0.3647058606147766, -0.5532441139221191, -0.39371317625045776, -0.73410564661026], "cam_t_m2c": [100.8030776977539, 148.7763214111328, 1027.9571533203125], "obj_id": 3}, {"cam_R_m2c": [0.5274146199226379, 0.7770118713378906, 0.3436371088027954, 0.825485348701477, -0.37295717000961304, -0.42364728450775146, -0.20101702213287354, 0.5071051716804504, -0.8381149172782898], "cam_t_m2c": [-2.3428335189819336, 376.3544006347656, 1029.564208984375], "obj_id": 3}, {"cam_R_m2c": [-0.761332631111145, 0.43878063559532166, 0.4773303270339966, -0.34942251443862915, -0.8978222012519836, 0.2679910659790039, 0.5461470484733582, 0.03724035993218422, 0.8368611335754395], "cam_t_m2c": [307.9152526855469, 385.52227783203125, 662.2822875976562], "obj_id": 1}, {"cam_R_m2c": [0.45810747146606445, 0.4381754696369171, 0.7733950614929199, 0.757351279258728, 0.26309359073638916, -0.5976628661155701, -0.4653564989566803, 0.8595255017280579, -0.21132762730121613], "cam_t_m2c": [157.6668243408203, 470.2798156738281, 973.1237182617188], "obj_id": 1}, {"cam_R_m2c": [-0.020841067656874657, -0.8578539490699768, 0.5134708285331726, -0.63584965467453, 0.40770411491394043, 0.6553415656089783, -0.7715314626693726, -0.312832236289978, -0.5539631247520447], "cam_t_m2c": [149.18482971191406, 494.6287536621094, 973.6298828125], "obj_id": 3}, {"cam_R_m2c": [0.7376739978790283, 0.5847768187522888, -0.33745095133781433, 0.5323947072029114, -0.19645428657531738, 0.823384165763855, 0.415202260017395, -0.7870461940765381, -0.4562512934207916], "cam_t_m2c": [160.00119018554688, 236.150634765625, 911.0103149414062], "obj_id": 3}, {"cam_R_m2c": [0.6090584397315979, -0.25247564911842346, -0.75186687707901, 0.15294170379638672, 0.9675746560096741, -0.20101776719093323, 0.7782394289970398, 0.007439751643687487, 0.6279235482215881], "cam_t_m2c": [449.96954345703125, 238.17471313476562, 1042.97900390625], "obj_id": 3}, {"cam_R_m2c": [-0.9212079644203186, -0.29982325434684753, 0.2479553520679474, -0.20242564380168915, -0.17490823566913605, -0.9635512232780457, 0.3322644829750061, -0.9378235936164856, 0.10043496638536453], "cam_t_m2c": [248.0318603515625, 199.20260620117188, 1046.6025390625], "obj_id": 3}, {"cam_R_m2c": [-0.7468709945678711, -0.5423025488853455, 0.3848269581794739, 0.6010851860046387, -0.3030746877193451, 0.7394879460334778, -0.28439489006996155, 0.7836158275604248, 0.5523276329040527], "cam_t_m2c": [325.60784912109375, 455.30206298828125, 731.5801391601562], "obj_id": 3}, {"cam_R_m2c": [0.852310299873352, -0.23251761496067047, 0.4685111939907074, 0.11581657081842422, 0.9574159383773804, 0.2644641399383545, -0.5100526213645935, -0.17114414274692535, 0.8429448008537292], "cam_t_m2c": [306.7907409667969, 311.0191955566406, 902.9309692382812], "obj_id": 3}, {"cam_R_m2c": [0.6815157532691956, -0.701592206954956, 0.20809759199619293, -0.7289861440658569, -0.6757928133010864, 0.10900835692882538, 0.06415148079395294, -0.22599118947982788, -0.9720144271850586], "cam_t_m2c": [278.0834655761719, 342.153564453125, 644.344970703125], "obj_id": 3}, {"cam_R_m2c": [-0.6859840750694275, 0.571550190448761, -0.4502847194671631, -0.6885308623313904, -0.30980271100997925, 0.6557039022445679, 0.235268235206604, 0.7598373293876648, 0.6060495972633362], "cam_t_m2c": [304.6542053222656, 445.3827819824219, 996.718994140625], "obj_id": 1}, {"cam_R_m2c": [0.9440940618515015, -0.3018580973148346, -0.132544606924057, 0.02383723296225071, -0.33848968148231506, 0.940667986869812, -0.3288132846355438, -0.8912385702133179, -0.312370628118515], "cam_t_m2c": [215.63780212402344, 479.94952392578125, 663.310302734375], "obj_id": 3}, {"cam_R_m2c": [0.4993070363998413, -0.7245461344718933, 0.47510552406311035, 0.8642199635505676, 0.3773845434188843, -0.33272311091423035, 0.061775825917720795, 0.5767266750335693, 0.8145980834960938], "cam_t_m2c": [316.8936767578125, 301.7548828125, 831.8728637695312], "obj_id": 1}, {"cam_R_m2c": [0.39564836025238037, -0.6747254729270935, -0.6230632066726685, 0.32383376359939575, -0.5323545336723328, 0.7821316719055176, -0.8594148755073547, -0.5112180113792419, 0.007873808965086937], "cam_t_m2c": [259.91802978515625, 196.1682891845703, 1025.993408203125], "obj_id": 3}, {"cam_R_m2c": [-0.8590043783187866, 0.5105728507041931, 0.0377725251019001, -0.17982201278209686, -0.2318132072687149, -0.9559950828552246, -0.4793490171432495, -0.8279963135719299, 0.2909408509731293], "cam_t_m2c": [249.06288146972656, 155.91629028320312, 731.5070190429688], "obj_id": 3}, {"cam_R_m2c": [0.7130837440490723, -0.19074226915836334, -0.6746324896812439, -0.212002694606781, 0.8585591912269592, -0.4668307602405548, 0.6682562828063965, 0.47591331601142883, 0.5717867016792297], "cam_t_m2c": [239.93565368652344, 191.73431396484375, 705.4589233398438], "obj_id": 1}, {"cam_R_m2c": [0.4459860920906067, 0.2162402868270874, 0.8685254454612732, -0.8719874620437622, -0.11384063959121704, 0.4761071503162384, 0.20182710886001587, -0.9696805477142334, 0.13778753578662872], "cam_t_m2c": [32.3250846862793, 243.56820678710938, 673.4188842773438], "obj_id": 1}, {"cam_R_m2c": [-0.9488347172737122, -0.3091573417186737, -0.06429882347583771, 0.3129218518733978, -0.947869598865509, -0.06019197404384613, -0.042338114231824875, -0.077232