{
  "0": [{"cam_R_m2c": [-0.6155398488044739, -0.23284213244915009, -0.7529242634773254, 0.6759188175201416, 0.3353073298931122, -0.6562793850898743, 0.40527045726776123, -0.9128819108009338, -0.04901251196861267], "cam_t_m2c": [99.16761779785156, 115.76119995117188, 402.8130798339844], "obj_id": 2}, {"cam_R_m2c": [0.4805021286010742, -0.4924930930137634, 0.7256500720977783, -0.550652027130127, 0.4745667278766632, 0.6867085099220276, -0.6825685501098633, -0.7295455932617188, -0.04316200688481331], "cam_t_m2c": [-90.54835510253906, 109.16168975830078, 119.93585968017578], "obj_id": 0}, {"cam_R_m2c": [0.7825310230255127, -0.17199410498142242, 0.5983837842941284, 0.4629206359386444, -0.48197150230407715, -0.7439138889312744, 0.416352778673172, 0.8591399192810059, -0.29753804206848145], "cam_t_m2c": [16.641090393066406, 158.20082092285156, 140.96165466308594], "obj_id": 3}, {"cam_R_m2c": [-0.5231071710586548, -0.4255322515964508, -0.7384313344955444, 0.7648711204528809, 0.14778679609298706, -0.6270015835762024, 0.3759397566318512, -0.8927940130233765, 0.2481691986322403], "cam_t_m2c": [-117.85274505615234, -117.14927673339844, 439.6053771972656], "obj_id": 1}, {"cam_R_m2c": [0.7726625204086304, 0.40335777401924133, -0.49019911885261536, 0.4162569046020508, 0.26109445095062256, 0.8709535002708435, 0.4792941212654114, -0.8770018815994263, 0.03383743017911911], "cam_t_m2c": [38.713985443115234, 93.88333129882812, 240.7156524658203], "obj_id": 3}, {"cam_R_m2c": [-0.615540087223053, 0.7453200221061707, -0.25614139437675476, 0.6759188771247864, 0.6663884520530701, 0.3147381842136383, 0.4052703380584717, 0.020603176206350327, -0.9139646887779236], "cam_t_m2c": [-3.994951009750366, 166.35337829589844, 161.74703979492188], "obj_id": 2}, {"cam_R_m2c": [-0.09103603661060333, 0.441916286945343, -0.8924250602722168, 0.6267884969711304, 0.7218037843704224, 0.2934885323047638, 0.7738531231880188, -0.532643735408783, -0.34269818663597107], "cam_t_m2c": [-89.13834381103516, -34.86655807495117, 395.3267822265625], "obj_id": 1}, {"cam_R_m2c": [0.7750440239906311, -0.39946529269218445, 0.48962661623954773, 0.6124229431152344, 0.2839158773422241, -0.7377870678901672, 0.15570762753486633, 0.8716760277748108, 0.46468907594680786], "cam_t_m2c": [21.357742309570312, 42.5786018371582, 301.6856689453125], "obj_id": 3}, {"cam_R_m2c": [0.14523638784885406, 0.9859172105789185, 0.08290711790323257, -0.4081411063671112, -0.016632165759801865, 0.9127672910690308, 0.9012919068336487, -0.16640478372573853, 0.39997780323028564], "cam_t_m2c": [5.626539707183838, -39.997440338134766, 429.9941711425781], "obj_id": 3}, {"cam_R_m2c": [0.16568535566329956, -0.3964610993862152, -0.9029766321182251, 0.9786731004714966, 0.1788521111011505, 0.1010478287935257, 0.12143765389919281, -0.9004611968994141, 0.4176391065120697], "cam_t_m2c": [-60.764461517333984, 40.18612289428711, 326.45281982421875], "obj_id": 1}, {"cam_R_m2c": [-0.5189073085784912, 0.777319610118866, -0.3556815981864929, 0.4635826349258423, 0.6054772138595581, 0.646906852722168, 0.7182104587554932, 0.17079688608646393, -0.6745384335517883], "cam_t_m2c": [-11.96657943725586, 57.653465270996094, 336.87664794921875], "obj_id": 1}, {"cam_R_m2c": [-0.24588876962661743, -0.5914451479911804, -0.7679396867752075, -0.22427979111671448, -0.7360477447509766, 0.6386957168579102, -0.9429937601089478, 0.32928144931793213, 0.0483366996049881], "cam_t_m2c": [-48.83665466308594, -11.436333656311035, 393.2984619140625], "obj_id": 1}, {"cam_R_m2c": [-0.168684720993042, 0.784782350063324, 0.5963740348815918, 0.7764676809310913, 0.47849947214126587, -0.41004401445388794, -0.6071599721908569, 0.39389702677726746, -0.6900737285614014], "cam_t_m2c": [11.175537109375, 70.64382934570312, 156.53619384765625], "obj_id": 1}, {"cam_R_m2c": [-0.6922444701194763, 0.07753051072359085, 0.7174863815307617, -0.21793076395988464, 0.9253369569778442, -0.3102542459964752, -0.6879708766937256, -0.37113410234451294, -0.623663067817688], "cam_t_m2c": [1.6551772356033325, 30.738197326660156, 315.8616638183594], "obj_id": 3}, {"cam_R_m2c": [0.752805233001709, 0.2910899817943573, -0.590381920337677, -0.6501208543777466, 0.18833458423614502, -0.7361201643943787, -0.10308791697025299, 0.937974750995636, 0.3310229480266571], "cam_t_m2c": [-16.644426345825195, 2.1608808040618896, 410.6423034667969], "obj_id": 0}, {"cam_R_m2c": [0.36418968439102173, -0.44674089550971985, -0.8171831965446472, 0.9298098087310791, 0.12438468635082245, 0.3463842272758484, -0.05309900641441345, -0.8859745264053345, 0.46068376302719116], "cam_t_m2c": [-114.76148986816406, 46.01047897338867, 238.87889099121094], "obj_id": 1}, {"cam_R_m2c": [-0.3472684323787689, -0.47259461879730225, -0.8099746108055115, -0.36397722363471985, -0.7280883193016052, 0.5808681845664978, -0.8642482757568359, 0.4965295195579529, 0.08082850277423859], "cam_t_m2c": [-13.507092475891113, -29.74013328552246, 477.47552490234375], "obj_id": 1}, {"cam_R_m2c": [0.005848162341862917, 0.3043613135814667, 0.9525386095046997, 0.5181305408477783, 0.8137943744659424, -0.26320987939834595, -0.8552814722061157, 0.4950786530971527, -0.15293969213962555], "cam_t_m2c": [43.53133010864258, 58.30827713012695, 325.4251403808594], "obj_id": 3}, {"cam_R_m2c": [-0.8735378980636597, 0.4751672148704529, 0.10558176785707474, 0.32330888509750366, 0.7285493016242981, -0.6038934588432312, -0.36387190222740173, -0.4933883249759674, -0.7900411486625671], "cam_t_m2c": [-10.76683235168457, -1.2795112133026123, 271.8737487792969], "obj_id": 1}, {"cam_R_m2c": [-0.39612293243408203, -0.9096637964248657, 0.12489356100559235, -0.7099069952964783, 0.21715040504932404, -0.6699833869934082, 0.5823389291763306, -0.3540586233139038, -0.7317949533462524], "cam_t_m2c": [141.72898864746094, 121.47599029541016, 369.2274169921875], "obj_id": 3}, {"cam_R_m2c": [-0.3375994563102722, 0.8607884049415588, -0.3808805048465729, 0.23851236701011658, -0.31320327520370483, -0.9192473292350769, -0.9105704426765442, -0.40118208527565, -0.09957145899534225], "cam_t_m2c": [-50.3045654296875, 87.56692504882812, 179.64129638671875], "obj_id": 3}, {"cam_R_m2c": [0.7955167889595032, 0.4139973223209381, -0.44244691729545593, -0.589824914932251, 0.3618428111076355, -0.7219253778457642, -0.13877896964550018, 0.8352699875831604, 0.5320379734039307], "cam_t_m2c": [-81.57770538330078, -84.28723907470703, 456.19915771484375], "obj_id": 0}, {"cam_R_m2c": [0.5260915160179138, 0.4962788224220276, -0.6906048655509949, 0.1742924451828003, 0.7319095134735107, 0.6587340831756592, 0.8323760032653809, -0.4669215977191925, 0.2985537350177765], "cam_t_m2c": [-97.31912231445312, 73.13485717773438, 214.97506713867188], "obj_id": 1}, {"cam_R_m2c": [-0.08081207424402237, -0.45942819118499756, 0.8845309615135193, 0.4573845863342285, 0.77138751745224, 0.4424484670162201, -0.8855894207954407, 0.440326064825058, 0.14779797196388245], "cam_t_m2c": [71.1200180053711, 78.13558959960938, 296.0439147949219], "obj_id": 3}, {"cam_R_m2c": [-0.6107733249664307, -0.6972471475601196, -0.37523582577705383, -0.7341156601905823, 0.6762239336967468, -0.06160600483417511, 0.29669803380966187, 0.2378392070531845, -0.9248796105384827], "cam_t_m2c": [84.2127914428711, 50.439598083496094, 362.1210632324219], "obj_id": 3}, {"cam_R_m2c": [0.5071569085121155, -0.7270285487174988, -0.4628404974937439, -0.7825435996055603, -0.6134756207466125, 0.10617473721504211, -0.3611334562301636, 0.30834564566612244, -0.8800598978996277], "cam_t_m2c": [62.02180099487305, 26.136003494262695, 343.8611755371094], "obj_id": 2}, {"cam_R_m2c": [0.5022867918014526, -0.8120238780975342, 0.2971954643726349, -0.059794601052999496, -0.375492125749588, -0.9248947501182556, 0.8626312017440796, 0.44679176807403564, -0.23715940117835999], "cam_t_m2c": [22.774545669555664, 43.30705642700195, 326.9871826171875], "obj_id": 3}, {"cam_R_m2c": [0.26018524169921875, -0.38231560587882996, -0.8866444230079651, -0.311131089925766, 0.8360955119132996, -0.45182040333747864, 0.9140574336051941, 0.39341962337493896, 0.0985894426703453], "cam_t_m2c": [-77.81793975830078, -16.457218170166016, 212.947265625], "obj_id": 3}, {"cam_R_m2c": [0.4240555167198181, -0.6549236178398132, -0.6255013942718506, -0.8778581619262695, -0.46700477600097656, -0.10616786032915115, -0.22258028388023376, 0.5941225290298462, -0.7729659676551819], "cam_t_m2c": [-137.7918243408203, -26.829998016357422, 274.9906311035156], "obj_id": 0}, {"cam_R_m2c": [-0.6155400276184082, -0.32722237706184387, -0.7169628143310547, 0.6759187579154968, 0.24862131476402283, -0.6937731504440308, 0.4052703082561493, -0.9116538763046265, 0.06813950836658478], "cam_t_m2c": [-91.60234069824219, 43.018558502197266, 234.38621520996094], "obj_id": 2}, {"cam_R_m2c": [-0.40468069911003113, -0.6615658402442932, 0.6313193440437317, 0.5690094828605652, -0.7226161956787109, -0.39249712228775024, 0.7158643007278442, 0.20039065182209015, 0.6688661575317383], "cam_t_m2c": [10.31297779083252, -25.059947967529297, 412.3170471191406], "obj_id": 1}, {"cam_R_m2c": [-0.20101398229599, 0.014371765777468681, 0.9794830679893494, -0.9789454936981201, 0.033274367451667786, -0.2013918161392212, -0.035486117005348206, -0.9993429780006409, 0.007380461320281029], "cam_t_m2c": [-71.27130889892578, -38.82572937011719, 176.5207061767578], "obj_id": 1}, {"cam_R_m2c": [-0.056399133056402206, 0.561427891254425, 0.8256016373634338, -0.8059774041175842, 0.4624391198158264, -0.3695276081562042, -0.5892536044120789, -0.6862571835517883, 0.42641690373420715], "cam_t_m2c": [235.2609100341797, 95.73420715332031, 430.855224609375], "obj_id": 1}, {"cam_R_m2c": [0.6917750835418701, 0.5456997156143188, 0.4729260206222534, -0.37756437063217163, 0.8316030502319336, -0.40728551149368286, -0.6155422925949097, 0.10318995267152786, 0.7813190817832947], "cam_t_m2c": [197.52027893066406, 69.8623275756836, 383.53582763671875], "obj_id": 2}, {"cam_R_m2c": [-0.3421458601951599, 0.885814905166626, -0.3134773075580597, 0.7761247158050537, 0.4544730484485626, 0.4371322989463806, 0.5296853184700012, -0.09373445808887482, -0.8429988622665405], "cam_t_m2c": [101.72054290771484, -2.6432740688323975, 444.2395324707031], "obj_id": 0}, {"cam_R_m2c": [0.145176962018013, -0.9375485181808472, -0.31611138582229614, 0.6712273955345154, -0.14139913022518158, 0.7276400327682495, -0.7268956899642944, -0.31781917810440063, 0.6087803840637207], "cam_t_m2c": [178.46218872070312, 95.38078308105469, 435.4964904785156], "obj_id": 3}, {"cam_R_m2c": [-0.9306128621101379, -0.15065589547157288, 0.3335599899291992, -0.30688515305519104, -0.17544908821582794, -0.9354351758956909, 0.19945165514945984, -0.9728927612304688, 0.11704125255346298], "cam_t_m2c": [-20.642038345336914, -83.83442687988281, 365.8663330078125], "obj_id": 1}, {"cam_R_m2c": [0.7102107405662537, 0.16851940751075745, -0.6835216879844666, -0.6986020803451538, 0.048824064433574677, -0.713842511177063, -0.08692406862974167, 0.984488308429718, 0.15240341424942017], "cam_t_m2c": [-266.61846923828125, -245.44505310058594, 443.934814453125], "obj_id": 0}, {"cam_R_m2c": [0.07795864343643188, -0.07858777791261673, 0.9938542246818542, -0.9944470524787903, 0.06455695629119873, 0.08310981094837189, -0.0706915408372879, -0.9948146343231201, -0.07311854511499405], "cam_t_m2c": [-15.102252006530762, -6.609294414520264, 221.2802734375], "obj_id": 1}, {"cam_R_m2c": [0.7567976117134094, 0.3302946984767914, 0.5640591979026794, 0.6504468321800232, -0.46585872769355774, -0.5999119877815247, 0.06462419778108597, 0.8209024667739868, -0.5673999190330505], "cam_t_m2c": [80.316650390625, 139.63279724121094, 280.9235534667969], "obj_id": 3}, {"cam_R_m2c": [-0.030048642307519913, -0.7864454388618469, -0.6169282793998718, 0.631275475025177, -0.49346837401390076, 0.5983142852783203, -0.7749762535095215, -0.371473103761673, 0.5112919211387634], "cam_t_m2c": [-78.00847625732422, 151.06881713867188, 114.31515502929688], "obj_id": 1}],
  "1": [{"cam_R_m2c": [-0.6155398488044739, -0.23284213244915009, -0.7529242634773254, 0.6759188175201416, 0.3353073298931122, -0.6562793850898743, 0.40527045726776123, -0.9128819108009338, -0.04901251196861267], "cam_t_m2c": [99.16761779785156, 115.76119995117188, 402.8130798339844], "obj_id": 2}, {"cam_R_m2c": [0.4805021286010742, -0.4924930930137634, 0.7256500720977783, -0.550652027130127, 0.4745667278766632, 0.6867085099220276, -0.6825685501098633, -0.7295455932617188, -0.04316200688481331], "cam_t_m2c": [-90.54835510253906, 109.16168975830078, 119.93585968017578], "obj_id": 0}, {"cam_R_m2c": [0.7825310230255127, -0.17199410498142242, 0.5983837842941284, 0.4629206359386444, -0.48197150230407715, -0.7439138889312744, 0.416352778673172, 0.8591399192810059, -0.29753804206848145], "cam_t_m2c": [16.641090393066406, 158.20082092285156, 140.96165466308594], "obj_id": 3}, {"cam_R_m2c": [-0.5231071710586548, -0.4255322515964508, -0.7384313344955444, 0.7648711204528809, 0.14778679609298706, -0.6270015835762024, 0.3759397566318512, -0.8927940130233765, 0.2481691986322403], "cam_t_m2c": [-117.85274505615234, -117.14927673339844, 439.6053771972656], "obj_id": 1}, {"cam_R_m2c": [0.7726625204086304, 0.40335777401924133, -0.49019911885261536, 0.4162569046020508, 0.26109445095062256, 0.8709535002708435, 0.4792941212654114, -0.8770018815994263, 0.03383743017911911], "cam_t_m2c": [38.713985443115234, 93.88333129882812, 240.7156524658203], "obj_id": 3}, {"cam_R_m2c": [-0.615540087223053, 0.7453200221061707, -0.25614139437675476, 0.6759188771247864, 0.6663884520530701, 0.3147381842136383, 0.4052703380584717, 0.020603176206350327, -0.9139646887779236], "cam_t_m2c": [-3.994951009750366, 166.35337829589844, 161.74703979492188], "obj_id": 2}, {"cam_R_m2c": [-0.09103603661060333, 0.441916286945343, -0.8924250602722168, 0.6267884969711304, 0.7218037843704224, 0.2934885323047638, 0.7738531231880188, -0.532643735408783, -0.34269818663597107], "cam_t_m2c": [-89.13834381103516, -34.86655807495117, 395.3267822265625], "obj_id": 1}, {"cam_R_m2c": [0.7750440239906311, -0.39946529269218445, 0.48962661623954773, 0.6124229431152344, 0.2839158773422241, -0.7377870678901672, 0.15570762753486633, 0.8716760277748108, 0.46468907594680786], "cam_t_m2c": [21.357742309570312, 42.5786018371582, 301.6856689453125], "obj_id": 3}, {"cam_R_m2c": [0.14523638784885406, 0.9859172105789185, 0.08290711790323257, -0.4081411063671112, -0.016632165759801865, 0.9127672910690308, 0.9012919068336487, -0.16640478372573853, 0.39997780323028564], "cam_t_m2c": [5.626539707183838, -39.997440338134766, 429.9941711425781], "obj_id": 3}, {"cam_R_m2c": [0.16568535566329956, -0.3964610993862152, -0.9029766321182251, 0.9786731004714966, 0.1788521111011505, 0.1010478287935257, 0.12143765389919281, -0.9004611968994141, 0.4176391065120697], "cam_t_m2c": [-60.764461517333984, 40.18612289428711, 326.45281982421875], "obj_id": 1}, {"cam_R_m2c": [-0.5189073085784912, 0.777319610118866, -0.3556815981864929, 0.4635826349258423, 0.6054772138595581, 0.646906852722168, 0.7182104587554932, 0.17079688608646393, -0.6745384335517883], "cam_t_m2c": [-11.96657943725586, 57.653465270996094, 336.87664794921875], "obj_id": 1}, {"cam_R_m2c": [-0.24588876962661743, -0.5914451479911804, -0.7679396867752075, -0.22427979111671448, -0.7360477447509766, 0.6386957168579102, -0.9429937601089478, 0.32928144931793213, 0.0483366996049881], "cam_t_m2c": [-48.83665466308594, -11.436333656311035, 393.2984619140625], "obj_id": 1}, {"cam_R_m2c": [-0.168684720993042, 0.784782350063324, 0.5963740348815918, 0.7764676809310913, 0.47849947214126587, -0.41004401445388794, -0.6071599721908569, 0.39389702677726746, -0.6900737285614014], "cam_t_m2c": [11.175537109375, 70.64382934570312, 156.53619384765625], "obj_id": 1}, {"cam_R_m2c": [-0.6922444701194763, 0.07753051072359085, 0.7174863815307617, -0.21793076395988464, 0.9253369569778442, -0.3102542459964752, -0.6879708766937256, -0.37113410234451294, -0.623663067817688], "cam_t_m2c": [1.6551772356033325, 30.738197326660156, 315.8616638183594], "obj_id": 3}, {"cam_R_m2c": [0.752805233001709, 0.2910899817943573, -0.590381920337677, -0.6501208543777466, 0.18833458423614502, -0.7361201643943787, -0.10308791697025299, 0.937974750995636, 0.3310229480266571], "cam_t_m2c": [-16.644426345825195, 2.1608808040618896, 410.6423034667969], "obj_id": 0}, {"cam_R_m2c": [0.36418968439102173, -0.44674089550971985, -0.8171831965446472, 0.9298098087310791, 0.12438468635082245, 0.3463842272758484, -0.05309900641441345, -0.8859745264053345, 0.46068376302719116], "cam_t_m2c": [-114.76148986816406, 46.01047897338867, 238.87889099121094], "obj_id": 1}, {"cam_R_m2c": [-0.3472684323787689, -0.47259461879730225, -0.8099746108055115, -0.36397722363471985, -0.7280883193016052, 0.5808681845664978, -0.8642482757568359, 0.4965295195579529, 0.08082850277423859], "cam_t_m2c": [-13.507092475891113, -29.74013328552246, 477.47552490234375], "obj_id": 1}, {"cam_R_m2c": [0.005848162341862917, 0.3043613135814667, 0.9525386095046997, 0.5181305408477783, 0.8137943744659424, -0.26320987939834595, -0.8552814722061157, 0.4950786530971527, -0.15293969213962555], "cam_t_m2c": [43.53133010864258, 58.30827713012695, 325.4251403808594], "obj_id": 3}, {"cam_R_m2c": [-0.8735378980636597, 0.4751672148704529, 0.10558176785707474, 0.32330888509750366, 0.7285493016242981, -0.6038934588432312, -0.36387190222740173, -0.4933883249759674, -0.7900411486625671], "cam_t_m2c": [-10.76683235168457, -1.2795112133026123, 271.8737487792969], "obj_id": 1}, {"cam_R_m2c": [-0.39612293243408203, -0.9096637964248657, 0.12489356100559235, -0.7099069952964783, 0.21715040504932404, -0.6699833869934082, 0.5823389291763306, -0.3540586233139038, -0.7317949533462524], "cam_t_m2c": [141.72898864746094, 121.47599029541016, 369.2274169921875], "obj_id": 3}, {"cam_R_m2c": [-0.3375994563102722, 0.8607884049415588, -0.3808805048465729, 0.23851236701011658, -0.31320327520370483, -0.9192473292350769, -0.9105704426765442, -0.40118208527565, -0.09957145899534225], "cam_t_m2c": [-50.3045654296875, 87.56692504882812, 179.64129638671875], "obj_id": 3}, {"cam_R_m2c": [0.7955167889595032, 0.4139973223209381, -0.44244691729545593, -0.589824914932251, 0.3618428111076355, -0.7219253778457642, -0.13877896964550018, 0.8352699875831604, 0.5320379734039307], "cam_t_m2c": [-81.57770538330078, -84.28723907470703, 456.19915771484375], "obj_id": 0}, {"cam_R_m2c": [0.5260915160179138, 0.4962788224220276, -0.6906048655509949, 0.1742924451828003, 0.7319095134735107, 0.6587340831756592, 0.8323760032653809, -0.4669215977191925, 0.2985537350177765], "cam_t_m2c": [-97.31912231445312, 73.13485717773438, 214.97506713867188], "obj_id": 1}, {"cam_R_m2c": [-0.08081207424402237, -0.45942819118499756, 0.8845309615135193, 0.4573845863342285, 0.77138751745224, 0.4424484670162201, -0.8855894207954407, 0.440326064825058, 0.14779797196388245], "cam_t_m2c": [71.1200180053711, 78.13558959960938, 296.0439147949219], "obj_id": 3}, {"cam_R_m2c": [-0.6107733249664307, -0.6972471475601196, -0.37523582577705383, -0.7341156601905823, 0.6762239336967468, -0.06160600483417511, 0.29669803380966187, 0.2378392070531845, -0.9248796105384827], "cam_t_m2c": [84.2127914428711, 50.439598083496094, 362.1210632324219], "obj_id": 3}, {"cam_R_m2c": [0.5071569085121155, -0.7270285487174988, -0.4628404974937439, -0.7825435996055603, -0.6134756207466125, 0.10617473721504211, -0.3611334562301636, 0.30834564566612244, -0.8800598978996277], "cam_t_m2c": [62.02180099487305, 26.136003494262695, 343.8611755371094], "obj_id": 2}, {"cam_R_m2c": [0.5022867918014526, -0.8120238780975342, 0.2971954643726349, -0.059794601052999496, -0.375492125749588, -0.9248947501182556, 0.8626312017440796, 0.44679176807403564, -0.23715940117835999], "cam_t_m2c": [22.774545669555664, 43.30705642700195, 326.9871826171875], "obj_id": 3}, {"cam_R_m2c": [0.26018524169921875, -0.38231560587882996, -0.8866444230079651, -0.311131089925766, 0.8360955119132996, -0.45182040333747864, 0.9140574336051941, 0.39341962337493896, 0.0985894426703453], "cam_t_m2c": [-77.81793975830078, -16.457218170166016, 212.947265625], "obj_id": 3}, {"cam_R_m2c": [0.4240555167198181, -0.6549236178398132, -0.6255013942718506, -0.8778581619262695, -0.46700477600097656, -0.10616786032915115, -0.22258028388023376, 0.5941225290298462, -0.7729659676551819], "cam_t_m2c": [-137.7918243408203, -26.829998016357422, 274.9906311035156], "obj_id": 0}, {"cam_R_m2c": [-0.6155400276184082, -0.32722237706184387, -0.7169628143310547, 0.6759187579154968, 0.24862131476402283, -0.6937731504440308, 0.4052703082561493, -0.9116538763046265, 0.06813950836658478], "cam_t_m2c": [-91.60234069824219, 43.018558502197266, 234.38621520996094], "obj_id": 2}, {"cam_R_m2c": [-0.40468069911003113, -0.6615658402442932, 0.6313193440437317, 0.5690094828605652, -0.7226161956787109, -0.39249712228775024, 0.7158643007278442, 0.20039065182209015, 0.6688661575317383], "cam_t_m2c": [10.31297779083252, -25.059947967529297, 412.3170471191406], "obj_id": 1}, {"cam_R_m2c": [-0.20101398229599, 0.014371765777468681, 0.9794830679893494, -0.9789454936981201, 0.033274367451667786, -0.2013918161392212, -0.035486117005348206, -0.9993429780006409, 0.007380461320281029], "cam_t_m2c": [-71.27130889892578, -38.82572937011719, 176.5207061767578], "obj_id": 1}, {"cam_R_m2c": [-0.056399133056402206, 0.561427891254425, 0.8256016373634338, -0.8059774041175842, 0.4624391198158264, -0.3695276081562042, -0.5892536044120789, -0.6862571835517883, 0.42641690373420715], "cam_t_m2c": [235.2609100341797, 95.73420715332031, 430.855224609375], "obj_id": 1}, {"cam_R_m2c": [0.6917750835418701, 0.5456997156143188, 0.4729260206222534, -0.37756437063217163, 0.8316030502319336, -0.40728551149368286, -0.6155422925949097, 0.10318995267152786, 0.7813190817832947], "cam_t_m2c": [197.52027893066406, 69.8623275756836, 383.53582763671875], "obj_id": 2}, {"cam_R_m2c": [-0.3421458601951599, 0.885814905166626, -0.3134773075580597, 0.7761247158050537, 0.4544730484485626, 0.4371322989463806, 0.5296853184700012, -0.09373445808887482, -0.8429988622665405], "cam_t_m2c": [101.72054290771484, -2.6432740688323975, 444.2395324707031], "obj_id": 0}, {"cam_R_m2c": [0.145176962018013, -0.9375485181808472, -0.31611138582229614, 0.6712273955345154, -0.14139913022518158, 0.7276400327682495, -0.7268956899642944, -0.31781917810440063, 0.6087803840637207], "cam_t_m2c": [178.46218872070312, 95.38078308105469, 435.4964904785156], "obj_id": 3}, {"cam_R_m2c": [-0.9306128621101379, -0.15065589547157288, 0.3335599899291992, -0.30688515305519104, -0.17544908821582794, -0.9354351758956909, 0.19945165514945984, -0.9728927612304688, 0.11704125255346298], "cam_t_m2c": [-20.642038345336914, -83.83442687988281, 365.8663330078125], "obj_id": 1}, {"cam_R_m2c": [0.7102107405662537, 0.16851940751075745, -0.6835216879844666, -0.6986020803451538, 0.048824064433574677, -0.713842511177063, -0.08692406862974167, 0.984488308429718, 0.15240341424942017], "cam_t_m2c": [-266.61846923828125, -245.44505310058594, 443.934814453125], "obj_id": 0}, {"cam_R_m2c": [0.07795864343643188, -0.07858777791261673, 0.9938542246818542, -0.9944470524787903, 0.06455695629119873, 0.08310981094837189, -0.0706915408372879, -0.9948146343231201, -0.07311854511499405], "cam_t_m2c": [-15.102252006530762, -6.609294414520264, 221.2802734375], "obj_id": 1}, {"cam_R_m2c": [0.7567976117134094, 0.3302946984767914, 0.5640591979026794, 0.6504468321800232, -0.46585872769355774, -0.5999119877815247, 0.06462419778108597, 0.8209024667739868, -0.5673999190330505], "cam_t_m2c": [80.316650390625, 139.63279724121094, 280.9235534667969], "obj_id": 3}, {"cam_R_m2c": [-0.030048642307519913, -0.7864454388618469, -0.6169282793998718, 0.631275475025177, -0.49346837401390076, 0.5983142852783203, -0.7749762535095215, -0.371473103761673, 0.5112919211387634], "cam_t_m2c": [-78.00847625732422, 151.06881713867188, 114.31515502929688], "obj_id": 1}],
  "2": [{"cam_R_m2c": [-0.6155398488044739, -0.23284213244915009, -0.7529242634773254, 0.6759188175201416, 0.3353073298931122, -0.6562793850898743, 0.40527045726776123, -0.9128819108009338, -0.04901251196861267], "cam_t_m2c": [99.16761779785156, 115.76119995117188, 402.8130798339844], "obj_id": 2}, {"cam_R_m2c": [0.4805021286010742, -0.4924930930137634, 0.7256500720977783, -0.550652027130127, 0.4745667278766632, 0.6867085099220276, -0.6825685501098633, -0.7295455932617188, -0.04316200688481331], "cam_t_m2c": [-90.54835510253906, 109.16168975830078, 119.93585968017578], "obj_id": 0}, {"cam_R_m2c": [0.7825310230255127, -0.17199410498142242, 0.5983837842941284, 0.4629206359386444, -0.48197150230407715, -0.7439138889312744, 0.416352778673172, 0.8591399192810059, -0.29753804206848145], "cam_t_m2c": [16.641090393066406, 158.20082092285156, 140.96165466308594], "obj_id": 3}, {"cam_R_m2c": [-0.5231071710586548, -0.4255322515964508, -0.7384313344955444, 0.7648711204528809, 0.14778679609298706, -0.6270015835762024, 0.3759397566318512, -0.8927940130233765, 0.2481691986322403], "cam_t_m2c": [-117.85274505615234, -117.14927673339844, 439.6053771972656], "obj_id": 1}, {"cam_R_m2c": [0.7726625204086304, 0.40335777401924133, -0.49019911885261536, 0.4162569046020508, 0.26109445095062256, 0.8709535002708435, 0.4792941212654114, -0.8770018815994263, 0.03383743017911911], "cam_t_m2c": [38.713985443115234, 93.88333129882812, 240.7156524658203], "obj_id": 3}, {"cam_R_m2c": [-0.615540087223053, 0.7453200221061707, -0.25614139437675476, 0.6759188771247864, 0.6663884520530701, 0.3147381842136383, 0.4052703380584717, 0.020603176206350327, -0.9139646887779236], "cam_t_m2c": [-3.994951009750366, 166.35337829589844, 161.74703979492188], "obj_id": 2}, {"cam_R_m2c": [-0.09103603661060333, 0.441916286945343, -0.8924250602722168, 0.6267884969711304, 0.7218037843704224, 0.2934885323047638, 0.7738531231880188, -0.532643735408783, -0.34269818663597107], "cam_t_m2c": [-89.13834381103516, -34.86655807495117, 395.3267822265625], "obj_id": 1}, {"cam_R_m2c": [0.7750440239906311, -0.39946529269218445, 0.48962661623954773, 0.6124229431152344, 0.2839158773422241, -0.7377870678901672, 0.15570762753486633, 0.8716760277748108, 0.46468907594680786], "cam_t_m2c": [21.357742309570312, 42.5786018371582, 301.6856689453125], "obj_id": 3}, {"cam_R_m2c": [0.14523638784885406, 0.9859172105789185, 0.08290711790323257, -0.4081411063671112, -0.016632165759801865, 0.9127672910690308, 0.9012919068336487, -0.16640478372573853, 0.39997780323028564], "cam_t_m2c": [5.626539707183838, -39.997440338134766, 429.9941711425781], "obj_id": 3}, {"cam_R_m2c": [0.16568535566329956, -0.3964610993862152, -0.9029766321182251, 0.9786731004714966, 0.1788521111011505, 0.1010478287935257, 0.12143765389919281, -0.9004611968994141, 0.4176391065120697], "cam_t_m2c": [-60.764461517333984, 40.18612289428711, 326.45281982421875], "obj_id": 1}, {"cam_R_m2c": [-0.5189073085784912, 0.777319610118866, -0.3556815981864929, 0.4635826349258423, 0.6054772138595581, 0.646906852722168, 0.7182104587554932, 0.17079688608646393, -0.6745384335517883], "cam_t_m2c": [-11.96657943725586, 57.653465270996094, 336.87664794921875], "obj_id": 1}, {"cam_R_m2c": [-0.24588876962661743, -0.5914451479911804, -0.7679396867752075, -0.22427979111671448, -0.7360477447509766, 0.6386957168579102, -0.9429937601089478, 0.32928144931793213, 0.0483366996049881], "cam_t_m2c": [-48.83665466308594, -11.436333656311035, 393.2984619140625], "obj_id": 1}, {"cam_R_m2c": [-0.168684720993042, 0.784782350063324, 0.5963740348815918, 0.7764676809310913, 0.47849947214126587, -0.41004401445388794, -0.6071599721908569, 0.39389702677726746, -0.6900737285614014], "cam_t_m2c": [11.175537109375, 70.64382934570312, 156.53619384765625], "obj_id": 1}, {"cam_R_m2c": [-0.6922444701194763, 0.07753051072359085, 0.7174863815307617, -0.21793076395988464, 0.9253369569778442, -0.3102542459964752, -0.6879708766937256, -0.37113410234451294, -0.623663067817688], "cam_t_m2c": [1.6551772356033325, 30.738197326660156, 315.8616638183594], "obj_id": 3}, {"cam_R_m2c": [0.752805233001709, 0.2910899817943573, -0.590381920337677, -0.6501208543777466, 0.18833458423614502, -0.7361201643943787, -0.10308791697025299, 0.937974750995636, 0.3310229480266571], "cam_t_m2c": [-16.644426345825195, 2.1608808040618896, 410.6423034667969], "obj_id": 0}, {"cam_R_m2c": [0.36418968439102173, -0.44674089550971985, -0.8171831965446472, 0.9298098087310791, 0.12438468635082245, 0.3463842272758484, -0.05309900641441345, -0.8859745264053345, 0.46068376302719116], "cam_t_m2c": [-114.76148986816406, 46.01047897338867, 238.87889099121094], "obj_id": 1}, {"cam_R_m2c": [-0.3472684323787689, -0.47259461879730225, -0.8099746108055115, -0.36397722363471985, -0.7280883193016052, 0.5808681845664978, -0.8642482757568359, 0.4965295195579529, 0.08082850277423859], "cam_t_m2c": [-13.507092475891113, -29.74013328552246, 477.47552490234375], "obj_id": 1}, {"cam_R_m2c": [0.005848162341862917, 0.3043613135814667, 0.9525386095046997, 0.5181305408477783, 0.8137943744659424, -0.26320987939834595, -0.8552814722061157, 0.4950786530971527, -0.15293969213962555], "cam_t_m2c": [43.53133010864258, 58.30827713012695, 325.4251403808594], "obj_id": 3}, {"cam_R_m2c": [-0.8735378980636597, 0.4751672148704529, 0.10558176785707474, 0.32330888509750366, 0.7285493016242981, -0.6038934588432312, -0.36387190222740173, -0.4933883249759674, -0.7900411486625671], "cam_t_m2c": [-10.76683235168457, -1.2795112133026123, 271.8737487792969], "obj_id": 1}, {"cam_R_m2c": [-0.39612293243408203, -0.9096637964248657, 0.12489356100559235, -0.7099069952964783, 0.21715040504932404, -0.6699833869934082, 0.5823389291763306, -0.3540586233139038, -0.7317949533462524], "cam_t_m2c": [141.72898864746094, 121.47599029541016, 369.2274169921875], "obj_id": 3}, {"cam_R_m2c": [-0.3375994563102722, 0.8607884049415588, -0.3808805048465729, 0.23851236701011658, -0.31320327520370483, -0.9192473292350769, -0.9105704426765442, -0.40118208527565, -0.09957145899534225], "cam_t_m2c": [-50.3045654296875, 87.56692504882812, 179.64129638671875], "obj_id": 3}, {"cam_R_m2c": [0.7955167889595032, 0.4139973223209381, -0.44244691729545593, -0.589824914932251, 0.3618428111076355, -0.7219253778457642, -0.13877896964550018, 0.8352699875831604, 0.5320379734039307], "cam_t_m2c": [-81.57770538330078, -84.28723907470703, 456.19915771484375], "obj_id": 0}, {"cam_R_m2c": [0.5260915160179138, 0.4962788224220276, -0.6906048655509949, 0.1742924451828003, 0.7319095134735107, 0.6587340831756592, 0.8323760032653809, -0.4669215977191925, 0.2985537350177765], "cam_t_m2c": [-97.31912231445312, 73.13485717773438, 214.97506713867188], "obj_id": 1}, {"cam_R_m2c": [-0.08081207424402237, -0.45942819118499756, 0.8845309615135193, 0.4573845863342285, 0.77138751745224, 0.4424484670162201, -0.8855894207954407, 0.440326064825058, 0.14779797196388245], "cam_t_m2c": [71.1200180053711, 78.13558959960938, 296.0439147949219], "obj_id": 3}, {"cam_R_m2c": [-0.6107733249664307, -0.6972471475601196, -0.37523582577705383, -0.7341156601905823, 0.6762239336967468, -0.06160600483417511, 0.29669803380966187, 0.2378392070531845, -0.9248796105384827], "cam_t_m2c": [84.2127914428711, 50.439598083496094, 362.1210632324219], "obj_id": 3}, {"cam_R_m2c": [0.5071569085121155, -0.7270285487174988, -0.4628404974937439, -0.7825435996055603, -0.6134756207466125, 0.10617473721504211, -0.3611334562301636, 0.30834564566612244, -0.8800598978996277], "cam_t_m2c": [62.02180099487305, 26.136003494262695, 343.8611755371094], "obj_id": 2}, {"cam_R_m2c": [0.5022867918014526, -0.8120238780975342, 0.2971954643726349, -0.059794601052999496, -0.375492125749588, -0.9248947501182556, 0.8626312017440796, 0.44679176807403564, -0.23715940117835999], "cam_t_m2c": [22.774545669555664, 43.30705642700195, 326.9871826171875], "obj_id": 3}, {"cam_R_m2c": [0.26018524169921875, -0.38231560587882996, -0.8866444230079651, -0.311131089925766, 0.8360955119132996, -0.45182040333747864, 0.9140574336051941, 0.39341962337493896, 0.0985894426703453], "cam_t_m2c": [-77.81793975830078, -16.457218170166016, 212.947265625], "obj_id": 3}, {"cam_R_m2c": [0.4240555167198181, -0.6549236178398132, -0.6255013942718506, -0.8778581619262695, -0.46700477600097656, -0.10616786032915115, -0.22258028388023376, 0.5941225290298462, -0.7729659676551819], "cam_t_m2c": [-137.7918243408203, -26.829998016357422, 274.9906311035156], "obj_id": 0}, {"cam_R_m2c": [-0.6155400276184082, -0.32722237706184387, -0.7169628143310547, 0.6759187579154968, 0.24862131476402283, -0.6937731504440308, 0.4052703082561493, -0.9116538763046265, 0.06813950836658478], "cam_t_m2c": [-91.60234069824219, 43.018558502197266, 234.38621520996094], "obj_id": 2}, {"cam_R_m2c": [-0.40468069911003113, -0.6615658402442932, 0.6313193440437317, 0.5690094828605652, -0.7226161956787109, -0.39249712228775024, 0.7158643007278442, 0.20039065182209015, 0.6688661575317383], "cam_t_m2c": [10.31297779083252, -25.059947967529297, 412.3170471191406], "obj_id": 1}, {"cam_R_m2c": [-0.20101398229599, 0.014371765777468681, 0.9794830679893494, -0.9789454936981201, 0.033274367451667786, -0.2013918161392212, -0.035486117005348206, -0.9993429780006409, 0.007380461320281029], "cam_t_m2c": [-71.27130889892578, -38.82572937011719, 176.5207061767578], "obj_id": 1}, {"cam_R_m2c": [-0.056399133056402206, 0.561427891254425, 0.8256016373634338, -0.8059774041175842, 0.4624391198158264, -0.3695276081562042, -0.5892536044120789, -0.6862571835517883, 0.42641690373420715], "cam_t_m2c": [235.2609100341797, 95.73420715332031, 430.855224609375], "obj_id": 1}, {"cam_R_m2c": [0.6917750835418701, 0.5456997156143188, 0.4729260206222534, -0.37756437063217163, 0.8316030502319336, -0.40728551149368286, -0.6155422925949097, 0.10318995267152786, 0.7813190817832947], "cam_t_m2c": [197.52027893066406, 69.8623275756836, 383.53582763671875], "obj_id": 2}, {"cam_R_m2c": [-0.3421458601951599, 0.885814905166626, -0.3134773075580597, 0.7761247158050537, 0.4544730484485626, 0.4371322989463806, 0.5296853184700012, -0.09373445808887482, -0.8429988622665405], "cam_t_m2c": [101.72054290771484, -2.6432740688323975, 444.2395324707031], "obj_id": 0}, {"cam_R_m2c": [0.145176962018013, -0.9375485181808472, -0.31611138582229614, 0.6712273955345154, -0.14139913022518158, 0.7276400327682495, -0.7268956899642944, -0.31781917810440063, 0.6087803840637207], "cam_t_m2c": [178.46218872070312, 95.38078308105469, 435.4964904785156], "obj_id": 3}, {"cam_R_m2c": [-0.9306128621101379, -0.15065589547157288, 0.3335599899291992, -0.30688515305519104, -0.17544908821582794, -0.9354351758956909, 0.19945165514945984, -0.9728927612304688, 0.11704125255346298], "cam_t_m2c": [-20.642038345336914, -83.83442687988281, 365.8663330078125], "obj_id": 1}, {"cam_R_m2c": [0.7102107405662537, 0.16851940751075745, -0.6835216879844666, -0.6986020803451538, 0.048824064433574677, -0.713842511177063, -0.08692406862974167, 0.984488308429718, 0.15240341424942017], "cam_t_m2c": [-266.61846923828125, -245.44505310058594, 443.934814453125], "obj_id": 0}, {"cam_R_m2c": [0.07795864343643188, -0.07858777791261673, 0.9938542246818542, -0.9944470524787903, 0.06455695629119873, 0.08310981094837189, -0.0706915408372879, -0.9948146343231201, -0.07311854511499405], "cam_t_m2c": [-15.102252006530762, -6.609294414520264, 221.2802734375], "obj_id": 1}, {"cam_R_m2c": [0.7567976117134094, 0.3302946984767914, 0.5640591979026794, 0.6504468321800232, -0.46585872769355774, -0.5999119877815247, 0.06462419778108597, 0.8209024667739868, -0.5673999190330505], "cam_t_m2c": [80.316650390625, 139.63279724121094, 280.9235534667969], "obj_id": 3}, {"cam_R_m2c": [-0.030048642307519913, -0.7864454388618469, -0.6169282793998718, 0.631275475025177, -0.49346837401390076, 0.5983142852783203, -0.7749762535095215, -0.371473103761673, 0.5112919211387634], "cam_t_m2c": [-78.00847625732422, 151.06881713867188, 114.31515502929688], "obj_id": 1}]
}