{
  "0": [{"cam_R_m2c": [-0.2722373306751251, -0.01569158397614956, -0.9621021747589111, -0.7583410739898682, 0.6189542412757874, 0.2044859528541565, 0.5922884941101074, 0.7852702736854553, -0.1804020255804062], "cam_t_m2c": [-422.0296936035156, -268.8695068359375, 630.3552856445312], "obj_id": 3}, {"cam_R_m2c": [-0.885704755783081, 0.14216624200344086, -0.441945344209671, 0.41024866700172424, -0.20591877400875092, -0.8884218335151672, -0.21730847656726837, -0.9681870341300964, 0.12405982613563538], "cam_t_m2c": [-268.163818359375, -144.0997314453125, 406.1987609863281], "obj_id": 3}, {"cam_R_m2c": [-0.363706111907959, 0.582056999206543, 0.7272741198539734, -0.18152014911174774, -0.8100630640983582, 0.557537853717804, 0.9136565923690796, 0.07076498866081238, 0.40027984976768494], "cam_t_m2c": [-113.6407241821289, -240.71803283691406, 509.85992431640625], "obj_id": 3}, {"cam_R_m2c": [-0.32650870084762573, 0.27596575021743774, -0.9040104150772095, 0.842279851436615, -0.3490489423274994, -0.4107666611671448, -0.4289014935493469, -0.8955487608909607, -0.11847277730703354], "cam_t_m2c": [-324.3211364746094, -124.75115203857422, 404.91497802734375], "obj_id": 3}, {"cam_R_m2c": [0.8752021789550781, -0.468352347612381, 0.12110842019319534, -0.2933203876018524, -0.314689576625824, 0.9027367234230042, -0.38468730449676514, -0.8256006836891174, -0.4127942621707916], "cam_t_m2c": [-442.174072265625, -64.64901733398438, 465.70135498046875], "obj_id": 3}, {"cam_R_m2c": [0.8345690369606018, -0.33350300788879395, 0.43848633766174316, -0.5445060133934021, -0.6203066110610962, 0.5645644068717957, 0.08371201902627945, -0.709926426410675, -0.6992830634117126], "cam_t_m2c": [-371.41278076171875, -132.83277893066406, 721.441162109375], "obj_id": 3}, {"cam_R_m2c": [0.1026884913444519, -0.9592123031616211, 0.2633756995201111, 0.10489048063755035, -0.25285735726356506, -0.9618008732795715, 0.9891678094863892, 0.1263914257287979, 0.07464678585529327], "cam_t_m2c": [-329.9868469238281, -228.93798828125, 779.9578247070312], "obj_id": 3}, {"cam_R_m2c": [0.029401173815131187, 0.5326499938964844, 0.8458247184753418, 0.6628847122192383, -0.6437361836433411, 0.38234463334083557, 0.7481439113616943, 0.5494429469108582, -0.37201207876205444], "cam_t_m2c": [-426.7171630859375, -276.2651062011719, 672.1892700195312], "obj_id": 3}, {"cam_R_m2c": [-0.14928019046783447, -0.9806334972381592, -0.126779705286026, 0.9641755819320679, -0.172794908285141, 0.20126381516456604, -0.21927297115325928, -0.09219318628311157, 0.9712979793548584], "cam_t_m2c": [-289.2756652832031, -157.03846740722656, 335.1187438964844], "obj_id": 3}, {"cam_R_m2c": [-0.2860124111175537, 0.9419150948524475, 0.1760476678609848, 0.7206498384475708, 0.33252817392349243, -0.6083492040634155, -0.631554126739502, -0.047126732766628265, -0.7738981246948242], "cam_t_m2c": [-250.02896118164062, -144.4937744140625, 474.1146545410156], "obj_id": 3}, {"cam_R_m2c": [0.8827993273735046, -0.010843653231859207, -0.4696251153945923, 0.38203999400138855, -0.5651397705078125, 0.7312062382698059, -0.27333274483680725, -0.8249239921569824, -0.4947623014450073], "cam_t_m2c": [-101.91116333007812, -165.6849365234375, 717.590087890625], "obj_id": 3}, {"cam_R_m2c": [0.25766029953956604, -0.783315122127533, 0.565710723400116, -0.34792566299438477, -0.62142014503479, -0.7019862532615662, 0.9014204740524292, -0.015951259061694145, -0.43265074491500854], "cam_t_m2c": [-318.6658935546875, -161.19142150878906, 711.921630859375], "obj_id": 3}, {"cam_R_m2c": [-0.9470999836921692, -0.2046622633934021, 0.24721458554267883, 0.1642088145017624, -0.9708436727523804, -0.1746373027563095, 0.2757483720779419, -0.12480416148900986, 0.9530932903289795], "cam_t_m2c": [-408.7407531738281, -295.96209716796875, 805.7042236328125], "obj_id": 3}, {"cam_R_m2c": [0.41269007325172424, 0.2929603159427643, 0.8624738454818726, 0.7646397352218628, -0.6259715557098389, -0.1532503217458725, 0.4949878454208374, 0.7227267026901245, -0.48234131932258606], "cam_t_m2c": [-467.6155700683594, -334.4618225097656, 771.1873168945312], "obj_id": 3}, {"cam_R_m2c": [-0.3231150805950165, 0.9461767673492432, 0.01860099472105503, -0.9457345008850098, -0.32212498784065247, -0.04268000274896622, -0.03439098224043846, -0.03138216212391853, 0.9989156126976013], "cam_t_m2c": [-196.5401611328125, -162.27511596679688, 727.5635375976562], "obj_id": 3}, {"cam_R_m2c": [-0.6860948801040649, 0.566733181476593, -0.45616599917411804, 0.6346100568771362, 0.15962448716163635, -0.7561680674552917, -0.35573023557662964, -0.8082905411720276, -0.4691721200942993], "cam_t_m2c": [-277.2093200683594, -27.681072235107422, 694.6373291015625], "obj_id": 3}, {"cam_R_m2c": [-0.9788732528686523, -0.2011118084192276, -0.03689206391572952, 0.1947815716266632, -0.9720733761787415, 0.13089437782764435, -0.06218620389699936, 0.12094312161207199, 0.990709662437439], "cam_t_m2c": [-212.45851135253906, -305.52056884765625, 430.4500732421875], "obj_id": 3}, {"cam_R_m2c": [0.39342832565307617, 0.5356787443161011, 0.7471694946289062, 0.6689140200614929, 0.3907376825809479, -0.6323590874671936, -0.6306885480880737, 0.7485801577568054, -0.20459572970867157], "cam_t_m2c": [-325.1429138183594, -299.67449951171875, 732.81884765625], "obj_id": 3}, {"cam_R_m2c": [-0.05359693989157677, 0.9979992508888245, 0.03354133293032646, -0.6656833291053772, -0.010672823525965214, -0.7461580634117126, -0.7443071603775024, -0.06231965124607086, 0.6649234294891357], "cam_t_m2c": [-151.1190185546875, -212.92724609375, 367.0662536621094], "obj_id": 3}, {"cam_R_m2c": [0.7471588850021362, 0.5303328633308411, -0.40062522888183594, 0.6631643176078796, -0.6350609064102173, 0.3961193263530731, -0.04434635490179062, -0.5616444945335388, -0.8261892795562744], "cam_t_m2c": [-231.87669372558594, -450.6309509277344, 491.5855712890625], "obj_id": 3}, {"cam_R_m2c": [0.5872406959533691, 0.4763779640197754, 0.6543793678283691, 0.6961954236030579, -0.7096592783927917, -0.10814554989337921, 0.4128682613372803, 0.5190834403038025, -0.7483929991722107], "cam_t_m2c": [-424.80511474609375, -133.2747039794922, 339.4377746582031], "obj_id": 3}, {"cam_R_m2c": [0.8847780823707581, 0.2136297971010208, -0.4141618609428406, -0.008963336236774921, -0.8807694911956787, -0.47346028685569763, -0.4659263789653778, 0.4226195514202118, -0.7773706912994385], "cam_t_m2c": [-170.25189208984375, -355.0210876464844, 597.49169921875], "obj_id": 3}, {"cam_R_m2c": [-0.33294230699539185, -0.41883784532546997, -0.8448219299316406, 0.5237817168235779, -0.8271499276161194, 0.2036554366350174, -0.7840930819511414, -0.3746967911720276, 0.49477294087409973], "cam_t_m2c": [-326.1009216308594, -250.33175659179688, 811.0675659179688], "obj_id": 3}, {"cam_R_m2c": [0.5497027039527893, 0.6220232248306274, 0.5575966835021973, -0.05232624709606171, 0.6918209195137024, -0.7201706767082214, -0.8337199091911316, 0.3667028248310089, 0.4128439724445343], "cam_t_m2c": [-382.060302734375, -182.6988983154297, 781.57421875], "obj_id": 3}, {"cam_R_m2c": [0.8899875283241272, 0.44182971119880676, -0.11273276805877686, -0.31679481267929077, 0.4213029146194458, -0.8497911095619202, -0.3279682993888855, 0.7920166850090027, 0.5149236917495728], "cam_t_m2c": [-349.8840637207031, -283.39532470703125, 761.501953125], "obj_id": 3}, {"cam_R_m2c": [0.7650070190429688, 0.4007923901081085, -0.504112720489502, -0.26111578941345215, -0.5225067734718323, -0.8116680383682251, -0.588712751865387, 0.7525635361671448, -0.2950681149959564], "cam_t_m2c": [-441.385498046875, -276.22540283203125, 403.955810546875], "obj_id": 3}, {"cam_R_m2c": [0.19221466779708862, 0.18335390090942383, -0.9640719890594482, 0.589971125125885, -0.8066309094429016, -0.03578347712755203, -0.7842113971710205, -0.561896562576294, -0.2632197439670563], "cam_t_m2c": [-240.8160858154297, -352.99908447265625, 629.3240966796875], "obj_id": 3}, {"cam_R_m2c": [0.915563702583313, 0.33689913153648376, -0.21964076161384583, 0.34522056579589844, -0.9385213851928711, -0.0005265315412543714, -0.20631495118141174, -0.07534243911504745, -0.975580632686615], "cam_t_m2c": [-78.35661315917969, -311.5257873535156, 441.90093994140625], "obj_id": 3}, {"cam_R_m2c": [-0.8234086036682129, 0.11861637234687805, -0.5549131035804749, 0.09135717153549194, -0.9374407529830933, -0.33594465255737305, -0.5600466728210449, -0.32731500267982483, 0.7610602378845215], "cam_t_m2c": [-72.23860931396484, -183.13490295410156, 765.9464721679688], "obj_id": 1}, {"cam_R_m2c": [0.5655530095100403, 0.4089028239250183, 0.7162039875984192, -0.46643489599227905, -0.5576003789901733, 0.686673104763031, 0.680138349533081, -0.7224125862121582, -0.12462592869997025], "cam_t_m2c": [-407.3131408691406, -138.42591857910156, 485.2958984375], "obj_id": 1}, {"cam_R_m2c": [0.3902844786643982, -0.6559029817581177, -0.6461186408996582, 0.5824289321899414, 0.7193965315818787, -0.37847745418548584, 0.7130600214004517, -0.22860431671142578, 0.6627861261367798], "cam_t_m2c": [-395.9192199707031, -324.3912658691406, 682.6423950195312], "obj_id": 1}, {"cam_R_m2c": [0.07315834611654282, 0.887260377407074, 0.4554302990436554, -0.4424613118171692, 0.438128262758255, -0.7824777960777283, -0.8937984704971313, -0.1442655473947525, 0.42463117837905884], "cam_t_m2c": [-439.1987609863281, -189.297607421875, 383.40264892578125], "obj_id": 1}, {"cam_R_m2c": [-0.15598979592323303, 0.28789180517196655, -0.9448732137680054, -0.9716746807098389, 0.1271982043981552, 0.19917032122612, 0.17752565443515778, 0.9491779804229736, 0.2598956227302551], "cam_t_m2c": [-103.22020721435547, -223.71768188476562, 793.9179077148438], "obj_id": 1}, {"cam_R_m2c": [0.4990735948085785, -0.1867918223142624, 0.8461880683898926, -0.8032870888710022, 0.2665589153766632, 0.5326124429702759, -0.325046569108963, -0.9455448389053345, -0.01701493188738823], "cam_t_m2c": [-102.08611297607422, -431.627197265625, 613.8165893554688], "obj_id": 1}, {"cam_R_m2c": [-0.9644945859909058, -0.2602590322494507, 0.044896140694618225, 0.2639601528644562, -0.9443504214286804, 0.19628417491912842, -0.008687039837241173, 0.2011657953262329, 0.979518711566925], "cam_t_m2c": [-173.34323120117188, -301.8238220214844, 828.38623046875], "obj_id": 1}, {"cam_R_m2c": [-0.6848219037055969, -0.5000122785568237, 0.5301004648208618, 0.6433030962944031, -0.07310057431459427, 0.7621137499809265, -0.34231558442115784, 0.8629275560379028, 0.37172040343284607], "cam_t_m2c": [-246.42543029785156, -126.52420806884766, 471.69818115234375], "obj_id": 1}, {"cam_R_m2c": [-0.0010894007282331586, -0.2932623326778412, 0.9560313820838928, 0.565863311290741, 0.7880664467811584, 0.2423839420080185, -0.8244983553886414, 0.5412471294403076, 0.16508786380290985], "cam_t_m2c": [-179.7388153076172, -237.03395080566406, 471.970703125], "obj_id": 1}, {"cam_R_m2c": [0.9186043739318848, 0.03673379868268967, 0.3934674561023712, 0.3150816559791565, 0.5328686237335205, -0.7853499054908752, -0.23851534724235535, 0.8454002141952515, 0.4779213070869446], "cam_t_m2c": [-71.18734741210938, -220.12820434570312, 757.72119140625], "obj_id": 1}, {"cam_R_m2c": [0.03649318963289261, 0.5292029976844788, -0.847710132598877, 0.9693150520324707, 0.18760664761066437, 0.15884605050086975, 0.24309785664081573, -0.8274949789047241, -0.5061180591583252], "cam_t_m2c": [-446.3580627441406, -278.68548583984375, 585.8042602539062], "obj_id": 1}, {"cam_R_m2c": [0.46805092692375183, -0.8823682069778442, -0.04852541908621788, -0.5108500719070435, -0.22535590827465057, -0.8296065330505371, 0.7210829257965088, 0.4130873382091522, -0.5562359094619751], "cam_t_m2c": [-308.77490234375, -60.10866928100586, 636.5443725585938], "obj_id": 1}, {"cam_R_m2c": [-0.16927412152290344, 0.9787513017654419, -0.11572408676147461, -0.8251203298568726, -0.07652083784341812, 0.5597507357597351, 0.53900146484375, 0.1902376413345337, 0.8205406665802002], "cam_t_m2c": [-97.24730682373047, -336.48638916015625, 831.6404418945312], "obj_id": 1}, {"cam_R_m2c": [-0.1988718956708908, 0.49578580260276794, 0.8453675508499146, 0.008791851811110973, -0.8616602420806885, 0.5074093341827393, 0.9799860119819641, 0.10834182053804398, 0.16700118780136108], "cam_t_m2c": [-119.44927978515625, -266.499755859375, 389.1558837890625], "obj_id": 1}, {"cam_R_m2c": [0.9845946431159973, 0.1297573447227478, -0.11720230430364609, 0.1747847944498062, -0.7117489576339722, 0.6803407669067383, 0.004860595799982548, -0.690345048904419, -0.7234638333320618], "cam_t_m2c": [-391.1871032714844, -114.54270935058594, 743.8477783203125], "obj_id": 1}, {"cam_R_m2c": [0.25175994634628296, 0.733172595500946, 0.6317237019538879, 0.5176231861114502, -0.6535483598709106, 0.5522144436836243, 0.8177304863929749, 0.187969371676445, -0.5440444946289062], "cam_t_m2c": [-381.94976806640625, -100.8203125, 605.078369140625], "obj_id": 1}, {"cam_R_m2c": [0.8137429356575012, -0.5810508131980896, -0.014226610772311687, -0.33585745096206665, -0.4500988721847534, -0.8274120688438416, 0.47436508536338806, 0.678078830242157, -0.5614150166511536], "cam_t_m2c": [-346.6579895019531, -308.5858154296875, 718.5728149414062], "obj_id": 1}, {"cam_R_m2c": [-0.9429848790168762, -0.28706687688827515, 0.16844075918197632, 0.32081514596939087, -0.9187192320823669, 0.230288565158844, 0.08864152431488037, 0.27119696140289307, 0.9584335684776306], "cam_t_m2c": [-277.1156311035156, -138.64317321777344, 755.3842163085938], "obj_id": 1}, {"cam_R_m2c": [0.7531814575195312, -0.12219120562076569, 0.6463643908500671, -0.18140102922916412, 0.9059154391288757, 0.3826367259025574, -0.6323063373565674, -0.4054460823535919, 0.6601530909538269], "cam_t_m2c": [-384.1870422363281, -152.20359802246094, 663.613037109375], "obj_id": 1}, {"cam_R_m2c": [-0.9972631335258484, -0.04429510608315468, 0.05919567495584488, -0.054343681782484055, -0.10370440781116486, -0.993122398853302, 0.05012931674718857, -0.993621289730072, 0.10101347416639328], "cam_t_m2c": [-247.73626708984375, -154.84742736816406, 335.35772705078125], "obj_id": 1}, {"cam_R_m2c": [0.09413212537765503, -0.9936734437942505, 0.061255112290382385, -0.36342522501945496, 0.022984789684414864, 0.9313397407531738, -0.9268555045127869, -0.109930619597435, -0.35896238684654236], "cam_t_m2c": [-122.4403076171875, -283.8305358886719, 534.1040649414062], "obj_id": 1}, {"cam_R_m2c": [0.14361566305160522, -0.662172257900238, -0.7354606986045837, 0.7871473431587219, 0.526860773563385, -0.32065054774284363, 0.5998112559318542, -0.5328655242919922, 0.5968925952911377], "cam_t_m2c": [-296.3971252441406, -304.4717102050781, 590.353759765625], "obj_id": 1}, {"cam_R_m2c": [0.8476071953773499, -0.4394320845603943, 0.2974247634410858, 0.5047546625137329, 0.49483633041381836, -0.707361102104187, 0.16366057097911835, 0.7496908903121948, 0.6412322521209717], "cam_t_m2c": [-137.1533966064453, -137.14315795898438, 459.9256591796875], "obj_id": 1}, {"cam_R_m2c": [0.6657119989395142, 0.08286745101213455, -0.7415931820869446, -0.07244919240474701, -0.9819417595863342, -0.17476065456867218, -0.7426834106445312, 0.17006808519363403, -0.6476867198944092], "cam_t_m2c": [-321.9748840332031, -171.0750274658203, 413.0525207519531], "obj_id": 1}, {"cam_R_m2c": [0.04380384832620621, -0.9479602575302124, -0.31536102294921875, 0.9068127870559692, -0.09474256634712219, 0.41074851155281067, -0.41925138235092163, -0.3039657771587372, 0.8554724454879761], "cam_t_m2c": [-114.00714111328125, -87.6481704711914, 468.4488830566406], "obj_id": 1}, {"cam_R_m2c": [0.6505635976791382, -0.26367950439453125, -0.7122079133987427, -0.7340248227119446, -0.45894330739974976, -0.5005784630775452, -0.194870725274086, 0.8484364151954651, -0.4921191334724426], "cam_t_m2c": [-121.67236328125, -155.0345916748047, 485.6238098144531], "obj_id": 1}, {"cam_R_m2c": [0.6440327167510986, -0.7649949789047241, 0.002129223197698593, -0.40074029564857483, -0.3350010812282562, 0.8527492880821228, -0.6516356468200684, -0.550051748752594, -0.5223159790039062], "cam_t_m2c": [-336.2250061035156, -188.52566528320312, 717.4886474609375], "obj_id": 1}, {"cam_R_m2c": [-0.9209799766540527, 0.20064829289913177, -0.33397021889686584, 0.30108824372291565, 0.9105607271194458, -0.2832401394844055, 0.24726852774620056, -0.36141303181648254, -0.8990210294723511], "cam_t_m2c": [-225.6809844970703, -391.9864196777344, 656.5428466796875], "obj_id": 1}, {"cam_R_m2c": [0.42231810092926025, 0.8564732670783997, 0.29681795835494995, -0.8772983551025391, 0.4685758650302887, -0.1038472130894661, -0.22802409529685974, -0.2165413647890091, 0.9492706656455994], "cam_t_m2c": [-326.1380310058594, -413.2273864746094, 581.9705810546875], "obj_id": 1}, {"cam_R_m2c": [0.5910744071006775, -0.06606938689947128, 0.8039066195487976, 0.031315017491579056, 0.9977680444717407, 0.05897751823067665, -0.8060089349746704, -0.00968574732542038, 0.5918240547180176], "cam_t_m2c": [-170.44357299804688, -242.74546813964844, 548.2803344726562], "obj_id": 1}, {"cam_R_m2c": [0.2541074752807617, 0.15850570797920227, 0.9540992379188538, -0.44958966970443726, -0.8540612459182739, 0.26162654161453247, 0.8563284873962402, -0.49543440341949463, -0.14576080441474915], "cam_t_m2c": [-270.3622741699219, -306.7075500488281, 428.1707458496094], "obj_id": 1}, {"cam_R_m2c": [-0.2424284964799881, 0.9653860330581665, -0.096218541264534, 0.9648535251617432, 0.22954398393630981, -0.12793384492397308, -0.10141918063163757, -0.12385163456201553, -0.9871041178703308], "cam_t_m2c": [-399.8634338378906, -101.57798767089844, 646.0831909179688], "obj_id": 1}, {"cam_R_m2c": [-0.5800541639328003, -0.13020488619804382, 0.804104208946228, 0.7866100668907166, 0.16691182553768158, 0.5944618582725525, -0.21161629259586334, 0.9773367047309875, 0.0056026955135166645], "cam_t_m2c": [-288.8927917480469, -24.718765258789062, 631.8280639648438], "obj_id": 1}, {"cam_R_m2c": [0.6284192204475403, 0.2779896557331085, 0.7265060544013977, 0.7067152857780457, -0.5942813754081726, -0.3839050829410553, 0.32502737641334534, 0.7546862959861755, -0.5699173212051392], "cam_t_m2c": [-347.64898681640625, -294.2787170410156, 704.36328125], "obj_id": 1}, {"cam_R_m2c": [0.16831669211387634, -0.960277795791626, -0.2225668728351593, -0.9367430210113525, -0.08552572876214981, -0.33940812945365906, 0.30689090490341187, 0.2656160295009613, -0.9139289259910583], "cam_t_m2c": [-371.37115478515625, -296.2502136230469, 455.6252136230469], "obj_id": 1}, {"cam_R_m2c": [0.309469074010849, -0.9502955079078674, -0.034165333956480026, 0.3364998698234558, 0.14304591715335846, -0.9307554364204407, 0.8893799781799316, 0.27654337882995605, 0.36404263973236084], "cam_t_m2c": [-96.5364990234375, -263.4107971191406, 449.3350830078125], "obj_id": 1}, {"cam_R_m2c": [0.8398571610450745, 0.17319075763225555, -0.5144364237785339, -0.5165393948554993, -0.036253392696380615, -0.8554954528808594, -0.16681405901908875, 0.9842206835746765, 0.05901221185922623], "cam_t_m2c": [-316.54473876953125, -170.9482879638672, 751.9500122070312], "obj_id": 1}, {"cam_R_m2c": [-0.2490595132112503, 0.14763762056827545, 0.9571689963340759, 0.3312234878540039, 0.9417017698287964, -0.059066105633974075, -0.9100881218910217, 0.30232587456703186, -0.28344082832336426], "cam_t_m2c": [-73.46637725830078, -128.58497619628906, 518.7000732421875], "obj_id": 1}, {"cam_R_m2c": [0.9292669892311096, -0.18255005776882172, -0.32115158438682556, -0.3075149357318878, -0.8639875054359436, -0.39869803190231323, -0.20468862354755402, 0.46925583481788635, -0.8590119481086731], "cam_t_m2c": [-286.85076904296875, -117.94173431396484, 347.0165100097656], "obj_id": 1}, {"cam_R_m2c": [0.5127472877502441, -0.07136977463960648, -0.855567991733551, -0.12446246296167374, -0.9921905994415283, 0.008175425231456757, -0.8494700193405151, 0.10229416936635971, -0.5176258683204651], "cam_t_m2c": [-131.1897735595703, -295.6461486816406, 447.5904235839844], "obj_id": 1}, {"cam_R_m2c": [-0.2847287654876709, 0.7027302384376526, -0.6519966125488281, -0.8982179164886475, 0.042014140635728836, 0.43753769993782043, 0.3348640203475952, 0.7102146744728088, 0.6192423701286316], "cam_t_m2c": [-260.9204406738281, -297.7905578613281, 706.21875], "obj_id": 1}, {"cam_R_m2c": [0.9337514042854309, -0.3147934675216675, -0.17033334076404572, 0.2163013368844986, 0.11713016778230667, 0.9692751169204712, -0.2851702868938446, -0.9419053196907043, 0.1774607002735138], "cam_t_m2c": [-261.6455078125, -232.9673614501953, 552.3418579101562], "obj_id": 1}, {"cam_R_m2c": [0.8463824987411499, 0.5232213139533997, 0.09937850385904312, 0.14335376024246216, -0.4035329222679138, 0.9036652445793152, 0.5129194259643555, -0.7506002187728882, -0.4165489673614502], "cam_t_m2c": [-350.09112548828125, -160.99998474121094, 463.8471374511719], "obj_id": 1}, {"cam_R_m2c": [0.7136843204498291, -0.666633665561676, 0.21506796777248383, 0.5391155481338501, 0.7187873125076294, 0.4389752149581909, -0.4472237825393677, -0.19734321534633636, 0.8723797798156738], "cam_t_m2c": [-270.7756652832031, -248.4429931640625, 730.2900390625], "obj_id": 1}, {"cam_R_m2c": [-0.2343660145998001, -0.11857860535383224, 0.9648893475532532, -0.9505303502082825, 0.23609991371631622, -0.20186324417591095, -0.20387357473373413, -0.9644666314125061, -0.16804629564285278], "cam_t_m2c": [-149.60203552246094, -295.0126037597656, 752.8026123046875], "obj_id": 1}, {"cam_R_m2c": [-0.12762121856212616, 0.9083253145217896, -0.39831897616386414, 0.37085065245628357, -0.32877159118652344, -0.8685500025749207, -0.9198818802833557, -0.25856223702430725, -0.29489484429359436], "cam_t_m2c": [-291.764892578125, -186.839111328125, 421.13360595703125], "obj_id": 1}, {"cam_R_m2c": [-0.03873328119516373, -0.6137515902519226, 0.7885484099388123, -0.5669603943824768, -0.6363208293914795, -0.523117184638977, 0.8228338360786438, -0.46733781695365906, -0.3233259618282318], "cam_t_m2c": [-111.4355239868164, -157.30125427246094, 511.1957702636719], "obj_id": 1}, {"cam_R_m2c": [0.28806638717651367, 0.9420530200004578, -0.1719120740890503, 0.19063271582126617, -0.23234282433986664, -0.9537692666053772, -0.9384438395500183, 0.2419767677783966, -0.24651625752449036], "cam_t_m2c": [-254.86642456054688, -291.8351135253906, 738.3702392578125], "obj_id": 1}, {"cam_R_m2c": [0.8721914291381836, 0.021676478907465935, -0.48868420720100403, -0.011217347346246243, 0.9996412992477417, 0.024320464581251144, 0.48903608322143555, -0.0157303586602211, 0.8721216917037964], "cam_t_m2c": [-439.93450927734375, -336.2539978027344, 504.8382263183594], "obj_id": 1}, {"cam_R_m2c": [-0.9461246728897095, -0.14322662353515625, 0.2904035747051239, -0.19789348542690277, -0.4541036784648895, -0.8686932921409607, 0.25629332661628723, -0.8793611526489258, 0.4012950360774994], "cam_t_m2c": [-283.132568359375, -150.52256774902344, 364.7420349121094], "obj_id": 1}, {"cam_R_m2c": [-0.7797335982322693, -0.6260941624641418, 0.00462972791865468, 0.5648447275161743, -0.7066055536270142, -0.4262145161628723, 0.27012184262275696, -0.3297187387943268, 0.904610276222229], "cam_t_m2c": [-290.3775939941406, -93.99591827392578, 389.955322265625], "obj_id": 1}, {"cam_R_m2c": [-0.13398702442646027, 0.3031151294708252, 0.9434874057769775, -0.2614394724369049, 0.9075305461883545, -0.32869091629981995, -0.9558748006820679, -0.29070523381233215, -0.04235102981328964], "cam_t_m2c": [-434.2499084472656, -260.7971496582031, 383.1805419921875], "obj_id": 1}, {"cam_R_m2c": [-0.5981350541114807, -0.6452255249023438, -0.4753088057041168, -0.42895880341529846, -0.24321329593658447, 0.869966447353363, -0.6769260168075562, 0.7242453098297119, -0.13130077719688416], "cam_t_m2c": [-355.1500244140625, -161.42868041992188, 469.85845947265625], "obj_id": 1}, {"cam_R_m2c": [0.9567766785621643, -0.2871684432029724, 0.04596395790576935, 0.28958648443222046, 0.9552950859069824, -0.05959033966064453, -0.026796679943799973, 0.07032518833875656, 0.9971641302108765], "cam_t_m2c": [-320.9158020019531, -121.82856750488281, 577.4688720703125], "obj_id": 1}, {"cam_R_m2c": [0.8049476742744446, -0.5913381576538086, -0.048769354820251465, -0.04964570328593254, -0.14902827143669128, 0.9875858426094055, -0.5912652015686035, -0.7925336956977844, -0.14931733906269073], "cam_t_m2c": [-397.80584716796875, -191.93751525878906, 781.7306518554688], "obj_id": 3}, {"cam_R_m2c": [-0.31519654393196106, 0.9340690970420837, 0.1678275465965271, 0.8387985825538635, 0.19147546589374542, 0.5096607208251953, 0.4439234733581543, 0.30141681432724, -0.8438482880592346], "cam_t_m2c": [-146.66067504882812, -96.19890594482422, 692.41455078125], "obj_id": 1}, {"cam_R_m2c": [-0.5898434519767761, -0.591503381729126, -0.5497348308563232, -0.3881765305995941, 0.804648756980896, -0.44928765296936035, 0.7080985903739929, -0.051615238189697266, -0.7042245268821716], "cam_t_m2c": [-390.28466796875, -389.12945556640625, 461.8441162109375], "obj_id": 1}, {"cam_R_m2c": [0.1389501690864563, 0.2983766794204712, 0.9442797303199768, 0.9770284295082092, -0.19688570499420166, -0.0815565288066864, 0.16158060729503632, 0.9339204430580139, -0.3188798129558563], "cam_t_m2c": [-173.66184997558594, -382.18951416015625, 700.5117797851562], "obj_id": 1}, {"cam_R_m2c": [0.16379490494728088, 0.4135782718658447, -0.8956138491630554, -0.9034343361854553, 0.42751604318618774, 0.032194022089242935, 0.39620402455329895, 0.8038551211357117, 0.4436657726764679], "cam_t_m2c": [-409.8110046386719, -359.79986572265625, 442.31689453125], "obj_id": 1}, {"cam_R_m2c": [0.9315064549446106, 0.19098104536533356, 0.3095511496067047, -0.27790573239326477, -0.17535726726055145, 0.9444671869277954, 0.23465736210346222, -0.9658033847808838, -0.11027169972658157], "cam_t_m2c": [-305.2544860839844, -149.42257690429688, 771.2338256835938], "obj_id": 3}, {"cam_R_m2c": [-0.23556175827980042, 0.748577892780304, 0.6197916865348816, -0.7865803241729736, -0.5214064717292786, 0.3307968080043793, 0.5707905888557434, -0.409592866897583, 0.7116401791572571], "cam_t_m2c": [-295.08050537109375, -385.0360412597656, 589.2672119140625], "obj_id": 1}, {"cam_R_m2c": [-0.8974343538284302, -0.18462829291820526, -0.4006539583206177, -0.2664167582988739, 0.9507116675376892, 0.15864892303943634, 0.351615309715271, 0.24911795556545258, -0.9023893475532532], "cam_t_m2c": [-80.8824234008789, -399.1728515625, 634.5387573242188], "obj_id": 1}, {"cam_R_m2c": [-0.5540952682495117, -0.16764552891254425, 0.8153976202011108, 0.6192048192024231, -0.7376760244369507, 0.26910847425460815, 0.5563845038414001, 0.6540098786354065, 0.5125498175621033], "cam_t_m2c": [-387.5018615722656, -60.56682205200195, 729.6209716796875], "obj_id": 1}, {"cam_R_m2c": [-0.08342837542295456, -0.8623210191726685, -0.49944207072257996, 0.17298826575279236, 0.48104754090309143, -0.8594582080841064, 0.9813842177391052, -0.15810073912143707, 0.1090383380651474], "cam_t_m2c": [-95.0433578491211, -104.39921569824219, 460.6504211425781], "obj_id": 3}, {"cam_R_m2c": [-0.9224592447280884, 0.3579813241958618, -0.14463257789611816, -0.29972371459007263, -0.42781952023506165, 0.8527228832244873, 0.24338224530220032, 0.829951822757721, 0.5019413828849792], "cam_t_m2c": [-183.4977264404297, -296.5984802246094, 444.8643798828125], "obj_id": 1}, {"cam_R_m2c": [0.5538465976715088, -0.04517108574509621, -0.8313924670219421, 0.5240240097045898, 0.7948732376098633, 0.30590081214904785, 0.6470337510108948, -0.6050918102264404, 0.4639086127281189], "cam_t_m2c": [-381.01171875, 39.47140884399414, 670.19775390625], "obj_id": 1}, {"cam_R_m2c": [0.906773030757904, 0.4088367819786072, 0.1030300185084343, 0.28925999999046326, -0.7810346484184265, 0.5534558296203613, 0.30674314498901367, -0.4720563590526581, -0.826481282711029], "cam_t_m2c": [-242.71206665039062, -91.22588348388672, 670.0197143554688], "obj_id": 3}, {"cam_R_m2c": [-0.3803679049015045, -0.8442109823226929, -0.37766119837760925, -0.9198435544967651, 0.3029651343822479, 0.24919843673706055, -0.09595790505409241, 0.44217634201049805, -0.8917801976203918], "cam_t_m2c": [-343.2780456542969, -421.4010314941406, 482.2406921386719], "obj_id": 1}, {"cam_R_m2c": [0.14292371273040771, 0.46186357736587524, -0.8753597736358643, -0.8676685094833374, 0.48396944999694824, 0.11368752270936966, 0.47615548968315125, 0.7432735562324524, 0.4699152410030365], "cam_t_m2c": [-227.08663940429688, -381.47637939453125, 516.246826171875], "obj_id": 3}, {"cam_R_m2c": [0.4301581084728241, -0.7728455066680908, 0.46655526757240295, 0.09439301490783691, -0.47547510266304016, -0.8746503591537476, 0.8978050351142883, 0.42027747631073, -0.1315782219171524], "cam_t_m2c": [-359.0467224121094, -245.7525177001953, 778.027587890625], "obj_id": 3}, {"cam_R_m2c": [-0.7938311696052551, -0.19630073010921478, -0.575584888458252, -0.5086786150932312, 0.7330363392829895, 0.4515570104122162, 0.3332836925983429, 0.6512477993965149, -0.6817610859870911], "cam_t_m2c": [-295.59527587890625, -209.0143585205078, 632.6940307617188], "obj_id": 3}, {"cam_R_m2c": [-0.4231332242488861, 0.09737594425678253, -0.9008196592330933, 0.8755285143852234, 0.29988762736320496, -0.37883657217025757, 0.2332550585269928, -0.9489917159080505, -0.2121477872133255], "cam_t_m2c": [-403.5506896972656, -198.32217407226562, 778.9769897460938], "obj_id": 3}, {"cam_R_m2c": [0.29046323895454407, 0.9216486811637878, -0.257283478975296, 0.43747085332870483, 0.11122658848762512, 0.8923272490501404, 0.8510290384292603, -0.371742308139801, -0.37088721990585327], "cam_t_m2c": [-367.48870849609375, -170.90867614746094, 496.1029357910156], "obj_id": 1}, {"cam_R_m2c": [-0.9673924446105957, 0.06546980887651443, 0.2446737289428711, -0.0846562311053276, -0.9940367937088013, -0.06872987747192383, 0.2387150079011917, -0.08720193803310394, 0.9671664834022522], "cam_t_m2c": [-269.9653015136719, -4.788666725158691, 680.3648071289062], "obj_id": 3}, {"cam_R_m2c": [0.42348966002464294, 0.8858127593994141, -0.18971599638462067, 0.31989315152168274, 0.04970382899045944, 0.9461488723754883, 0.8475404381752014, -0.4613730311393738, -0.26231634616851807], "cam_t_m2c": [-141.26614379882812, -244.51925659179688, 623.1145629882812], "obj_id": 3}, {"cam_R_m2c": [-0.47076594829559326, -0.8075433373451233, -0.3553212583065033, -0.17455828189849854, 0.48003414273262024, -0.8597072958946228, 0.864817202091217, -0.3426966369152069, -0.36694711446762085], "cam_t_m2c": [-297.156005859375, -43.07159423828125, 571.5140991210938], "obj_id": 3}, {"cam_R_m2c": [-0.7841613292694092, 0.44821467995643616, 0.4291793406009674, 0.4823317527770996, 0.005077704321593046, 0.8759739995002747, 0.39044511318206787, 0.893911600112915, -0.2201700359582901], "cam_t_m2c": [-417.2069396972656, -297.9136657714844, 482.2347412109375], "obj_id": 1}, {"cam_R_m2c": [-0.2962953746318817, 0.9023398756980896, -0.3130359947681427, -0.34051069617271423, 0.20641575753688812, 0.9173030257225037, 0.8923346996307373, 0.37838488817214966, 0.24609647691249847], "cam_t_m2c": [-427.438720703125, -101.11793518066406, 391.0498046875], "obj_id": 3}, {"cam_R_m2c": [0.9867455363273621, -0.14765945076942444, -0.06730492413043976, 0.06948159635066986, 0.7592581510543823, -0.6470698714256287, 0.14664779603481293, 0.6338168382644653, 0.7594541907310486], "cam_t_m2c": [-330.2675476074219, -254.32489013671875, 699.2333374023438], "obj_id": 3}, {"cam_R_m2c": [0.47666165232658386, 0.8786460757255554, 0.027834858745336533, 0.8074234127998352, -0.4501063823699951, 0.3814074993133545, 0.34765082597732544, -0.15932780504226685, -0.923987865447998], "cam_t_m2c": [-155.27294921875, -243.19277954101562, 558.7435913085938], "obj_id": 1}, {"cam_R_m2c": [0.6633098721504211, 0.48706579208374023, -0.568143367767334, -0.4656476080417633, 0.8629559874534607, 0.1961612105369568, 0.5858261585235596, 0.13443894684314728, 0.7992082834243774], "cam_t_m2c": [-385.5449523925781, -87.30144500732422, 516.599609375], "obj_id": 1}, {"cam_R_m2c": [0.840670108795166, 0.4999103844165802, 0.20823884010314941, 0.5134264230728149, -0.6134372353553772, -0.6000733971595764, -0.1722414642572403, 0.611379086971283, -0.7723655700683594], "cam_t_m2c": [-443.51373291015625, -198.86952209472656, 418.3628845214844], "obj_id": 1}, {"cam_R_m2c": [-0.5131188631057739, -0.1566603183746338, -0.8438994884490967, 0.17497022449970245, 0.9434646964073181, -0.2815311551094055, 0.8402941226959229, -0.29211628437042236, -0.45669862627983093], "cam_t_m2c": [-126.89340209960938, -265.3179931640625, 791.1622314453125], "obj_id": 1}, {"cam_R_m2c": [-0.24793145060539246, -0.8540015816688538, -0.45739609003067017, 0.12530076503753662, 0.43990358710289, -0.8892606496810913, 0.9606401920318604, -0.27778780460357666, -0.002058850834146142], "cam_t_m2c": [-434.588623046875, -134.3850860595703, 340.8129577636719], "obj_id": 1}, {"cam_R_m2c": [0.1839042454957962, 0.48858368396759033, -0.8529157042503357, 0.3779999017715454, -0.8361415266990662, -0.3974711000919342, -0.9073562026023865, -0.24930544197559357, -0.3384545147418976], "cam_t_m2c": [-297.4472351074219, -242.1342315673828, 744.4998168945312], "obj_id": 3}, {"cam_R_m2c": [-0.8035271763801575, 0.5791446566581726, -0.1376049518585205, 0.3061661422252655, 0.6003319025039673, 0.7388259768486023, 0.5104958415031433, 0.5515369176864624, -0.659697413444519], "cam_t_m2c": [-389.2484130859375, -282.1107177734375, 633.3106689453125], "obj_id": 3}, {"cam_R_m2c": [-0.624433696269989, -0.766577422618866, -0.14980484545230865, 0.0857955738902092, 0.12331592291593552, -0.9886517524719238, 0.7763514518737793, -0.6302000880241394, -0.011233603581786156], "cam_t_m2c": [-212.97840881347656, -305.94207763671875, 543.3692626953125], "obj_id": 3}, {"cam_R_m2c": [0.06496191769838333, -0.09549302607774734, 0.9933080077171326, 0.950759768486023, 0.3082146644592285, -0.03254855051636696, -0.3030438721179962, 0.9465118050575256, 0.11081322282552719], "cam_t_m2c": [-183.90623474121094, -409.51190185546875, 632.1669311523438], "obj_id": 1}, {"cam_R_m2c": [-0.09388714283704758, -0.6326342225074768, 0.7687387466430664, -0.9936997294425964, 0.01207764632999897, -0.11142256110906601, 0.06120514124631882, -0.7743566036224365, -0.6297823786735535], "cam_t_m2c": [-330.8943786621094, -163.78871154785156, 593.2883911132812], "obj_id": 3}, {"cam_R_m2c": [0.9143053293228149, -0.27795034646987915, -0.29460036754608154, 0.2298421561717987, -0.24284304678440094, 0.9424434900283813, -0.3334941864013672, -0.9293926954269409, -0.15814797580242157], "cam_t_m2c": [-137.3435821533203, -293.5235900878906, 517.7936401367188], "obj_id": 1}, {"cam_R_m2c": [-0.4226788282394409, 0.6520906686782837, -0.6293808817863464, -0.859115481376648, -0.0671871230006218, 0.5073522925376892, 0.288553386926651, 0.755158007144928, 0.5886198282241821], "cam_t_m2c": [-196.50521850585938, -340.66680908203125, 442.5294494628906], "obj_id": 1}, {"cam_R_m2c": [-0.6718058586120605, -0.16736648976802826, -0.7215713858604431, -0.7064703702926636, -0.14804598689079285, 0.6920852065086365, -0.22265763580799103, 0.9747157692909241, -0.018781283870339394], "cam_t_m2c": [-228.20596313476562, -120.99526977539062, 598.4598388671875], "obj_id": 3}, {"cam_R_m2c": [-0.5761418342590332, -0.3926250636577606, 0.7168723940849304, -0.7409310340881348, 0.621177613735199, -0.25526368618011475, -0.34508216381073, -0.6782211661338806, -0.6487944722175598], "cam_t_m2c": [-469.59112548828125, -217.7001953125, 767.9229736328125], "obj_id": 3}, {"cam_R_m2c": [0.9034048318862915, 0.41722220182418823, 0.09892088919878006, 0.3204011619091034, -0.5035207867622375, -0.8023776412010193, -0.2849610447883606, 0.7565661668777466, -0.5885615944862366], "cam_t_m2c": [-431.000732421875, 14.519105911254883, 684.1475219726562], "obj_id": 3}, {"cam_R_m2c": [-0.8559184074401855, -0.1279601752758026, 0.5010286569595337, 0.29496610164642334, -0.9166271686553955, 0.2697952389717102, 0.4247334599494934, 0.37870919704437256, 0.8223021626472473], "cam_t_m2c": [-147.57760620117188, -262.27899169921875, 411.5748291015625], "obj_id": 1}, {"cam_R_m2c": [0.8221962451934814, 0.46446335315704346, 0.32903966307640076, 0.20769581198692322, 0.29340860247612, -0.9331526160240173, -0.5299582481384277, 0.835574746131897, 0.14477236568927765], "cam_t_m2c": [-242.96746826171875, -10.663661003112793, 643.892333984375], "obj_id": 1}, {"cam_R_m2c": [-0.3251512348651886, -0.47593051195144653, 0.8171699643135071, -0.7654939293861389, 0.6398336887359619, 0.06805814057588577, -0.5552437901496887, -0.603409469127655, -0.5723646283149719], "cam_t_m2c": [-236.727294921875, 13.027873992919922, 635.8433227539062], "obj_id": 3}, {"cam_R_m2c": [0.8855980038642883, 0.42203953862190247, 0.19390417635440826, 0.20087353885173798, -0.7244642972946167, 0.6593946218490601, 0.4187672734260559, -0.5450083613395691, -0.7263606786727905], "cam_t_m2c": [-366.08978271484375, -219.2149658203125, 649.1748046875], "obj_id": 3}, {"cam_R_m2c": [0.5510042905807495, 0.3193349540233612, -0.770986020565033, 0.09237600117921829, 0.8948689699172974, 0.436664879322052, 0.8293737769126892, -0.31182482838630676, 0.4635777473449707], "cam_t_m2c": [-129.9438018798828, -315.4604797363281, 840.1547241210938], "obj_id": 3}, {"cam_R_m2c": [-0.8974484801292419, -0.2964974045753479, -0.32661202549934387, 0.415587842464447, -0.32006406784057617, -0.8513786792755127, 0.14789476990699768, -0.8998045325279236, 0.41046181321144104], "cam_t_m2c": [-320.0483703613281, -244.49436950683594, 806.4672241210938], "obj_id": 3}, {"cam_R_m2c": [-0.278785765171051, -0.6602655053138733, 0.6973720192909241, 0.7477938532829285, 0.3063744008541107, 0.5890152454376221, -0.6025633811950684, 0.6856997013092041, 0.4083297848701477], "cam_t_m2c": [-98.22117614746094, -191.36441040039062, 461.7723693847656], "obj_id": 3}, {"cam_R_m2c": [0.801871657371521, 0.33987629413604736, 0.4914121627807617, -0.5126029253005981, 0.813888669013977, 0.27353885769844055, -0.30698537826538086, -0.47124236822128296, 0.8268558382987976], "cam_t_m2c": [-202.09902954101562, -235.8519744873047, 656.1013793945312], "obj_id": 3}, {"cam_R_m2c": [0.16577529907226562, -0.9441134333610535, 0.28490036725997925, -0.8942604064941406, -0.2656996250152588, -0.36014142632484436, 0.4157123267650604, -0.19507262110710144, -0.8883296847343445], "cam_t_m2c": [-195.3032684326172, -288.1056823730469, 399.42193603515625], "obj_id": 3}, {"cam_R_m2c": [-0.9624844789505005, 0.26697981357574463, -0.04842929542064667, -0.12085855007171631, -0.26202428340911865, 0.9574635624885559, 0.24293380975723267, 0.9273969531059265, 0.2844610810279846], "cam_t_m2c": [-135.18392944335938, -95.26260375976562, 707.1993408203125], "obj_id": 1}, {"cam_R_m2c": [0.8184595108032227, -0.39034250378608704, 0.42161211371421814, -0.567245602607727, -0.43220800161361694, 0.7010196447372437, -0.09141361713409424, -0.8129137754440308, -0.575164794921875], "cam_t_m2c": [-172.8831329345703, -141.1595916748047, 365.509765625], "obj_id": 3}, {"cam_R_m2c": [0.8872706294059753, -0.42837318778038025, 0.17101822793483734, 0.45778170228004456, 0.8632125854492188, -0.21283769607543945, -0.05645112320780754, 0.2671336531639099, 0.9620046019554138], "cam_t_m2c": [-194.984375, -273.2872619628906, 594.5762939453125], "obj_id": 1}, {"cam_R_m2c": [0.5532540082931519, -0.8279538750648499, -0.09166444092988968, -0.2436349093914032, -0.26605796813964844, 0.9326602220535278, -0.7965877056121826, -0.49366533756256104, -0.34891608357429504], "cam_t_m2c": [-310.7002258300781, -260.0872802734375, 790.823486328125], "obj_id": 3}, {"cam_R_m2c": [-0.7901785373687744, 0.34288784861564636, -0.5079819560050964, 0.11622915416955948, -0.7299681305885315, -0.6735259294509888, -0.6017545461654663, -0.591248095035553, 0.5369517207145691], "cam_t_m2c": [-326.2408447265625, -390.44622802734375, 523.943603515625], "obj_id": 3}, {"cam_R_m2c": [0.44357550144195557, 0.2862977683544159, -0.8492786884307861, -0.28733256459236145, 0.9430139064788818, 0.1678236871957779, 0.8489291667938232, 0.16958294808864594, 0.5005605220794678], "cam_t_m2c": [-312.8434753417969, -366.7140808105469, 487.8598937988281], "obj_id": 1}, {"cam_R_m2c": [-0.1164945513010025, 0.16939979791641235, 0.9786381721496582, -0.8416927456855774, -0.5399146676063538, -0