{
  "0": [{"cam_R_m2c": [-0.6263424158096313, 0.49266156554222107, 0.6041353344917297, -0.3624802827835083, 0.5020445585250854, -0.7852128744125366, -0.6901470422744751, -0.7107993960380554, -0.13587163388729095], "cam_t_m2c": [131.9406280517578, 24.37127113342285, 529.06689453125], "obj_id": 1}, {"cam_R_m2c": [0.9583722352981567, -0.22104158997535706, -0.1807299703359604, -0.22844429314136505, -0.2139124572277069, -0.9497655630111694, 0.17127729952335358, 0.9515156745910645, -0.25550344586372375], "cam_t_m2c": [-237.04647827148438, 53.35390853881836, 494.4097900390625], "obj_id": 2}, {"cam_R_m2c": [-0.35587161779403687, -0.9319456219673157, -0.06951841711997986, -0.7908465266227722, 0.33995404839515686, -0.5089135766029358, 0.49791282415390015, -0.12612949311733246, -0.858005940914154], "cam_t_m2c": [-222.9086456298828, 30.419971466064453, 320.2377624511719], "obj_id": 3}, {"cam_R_m2c": [-0.22979344427585602, 0.8584118485450745, 0.45861104130744934, 0.9195083379745483, 0.3458976149559021, -0.1867063343524933, -0.318903386592865, 0.37879276275634766, -0.8688018321990967], "cam_t_m2c": [-364.7603759765625, -157.23240661621094, 304.8651123046875], "obj_id": 4}, {"cam_R_m2c": [-0.34744560718536377, 0.15930341184139252, -0.9240692853927612, 0.8222829103469849, 0.5254206657409668, -0.21859537065029144, 0.45070210099220276, -0.8357963562011719, -0.3135475814342499], "cam_t_m2c": [-126.38556671142578, 26.649627685546875, 682.029541015625], "obj_id": 5}, {"cam_R_m2c": [-0.20275400578975677, 0.6365110278129578, 0.7441402077674866, 0.9417299032211304, 0.335031121969223, -0.02998293749988079, -0.2683945894241333, 0.6946998834609985, -0.6673503518104553], "cam_t_m2c": [-120.46369171142578, -153.36370849609375, 737.3696899414062], "obj_id": 6}, {"cam_R_m2c": [0.39697179198265076, 0.8559547662734985, 0.3312927186489105, -0.883152425289154, 0.4545034170150757, -0.11605378240346909, -0.24991045892238617, -0.24651186168193817, 0.9363635182380676], "cam_t_m2c": [-224.2639617919922, 5.66635274887085, 234.35415649414062], "obj_id": 7}, {"cam_R_m2c": [-0.8267293572425842, -0.3099168837070465, -0.46954235434532166, 0.5249412059783936, -0.1247190535068512, -0.8419511914253235, 0.20237401127815247, -0.9425479173660278, 0.26579710841178894], "cam_t_m2c": [-403.4792175292969, -187.8087158203125, 403.078857421875], "obj_id": 8}, {"cam_R_m2c": [0.15299688279628754, 0.24563001096248627, 0.9572135806083679, -0.9381304383277893, 0.3405860960483551, 0.06254911422729492, -0.31064969301223755, -0.9075610041618347, 0.2825416028499603], "cam_t_m2c": [-65.52291107177734, -31.56400489807129, 530.527587890625], "obj_id": 9}, {"cam_R_m2c": [-0.5099413990974426, 0.26578837633132935, 0.8181177377700806, 0.8348553776741028, -0.0762866735458374, 0.5451578497886658, 0.20730799436569214, 0.9610083699226379, -0.18299326300621033], "cam_t_m2c": [-221.8707733154297, -28.327672958374023, 573.6257934570312], "obj_id": 1}, {"cam_R_m2c": [0.09222298860549927, -0.02730092965066433, 0.9953639507293701, -0.7778721451759338, -0.6260196566581726, 0.05490124225616455, 0.6216186285018921, -0.7793291211128235, -0.07896993309259415], "cam_t_m2c": [-199.13873291015625, 108.14201354980469, 328.3265380859375], "obj_id": 2}, {"cam_R_m2c": [-0.18010082840919495, 0.529425323009491, 0.8290191292762756, -0.9384874105453491, -0.3449243903160095, 0.01639210619032383, 0.29462724924087524, -0.7750717401504517, 0.5589799880981445], "cam_t_m2c": [-368.7715759277344, -131.27407836914062, 418.3021545410156], "obj_id": 3}, {"cam_R_m2c": [-0.5765859484672546, -0.4830731153488159, 0.6589301228523254, -0.12885332107543945, -0.7426316738128662, -0.6571871638298035, 0.8068118691444397, -0.46383026242256165, 0.3659454882144928], "cam_t_m2c": [-321.14532470703125, -148.35365295410156, 660.2809448242188], "obj_id": 4}, {"cam_R_m2c": [-0.8499419689178467, -0.5233665108680725, -0.06071284040808678, 0.4569360017776489, -0.6748363971710205, -0.5794870257377625, 0.2623128592967987, -0.5202722549438477, 0.8127169013023376], "cam_t_m2c": [-424.1514892578125, 4.2335076332092285, 337.92034912109375], "obj_id": 5}, {"cam_R_m2c": [-0.24495473504066467, 0.9402121901512146, -0.23663932085037231, 0.3733001947402954, 0.31672054529190063, 0.8719719052314758, 0.8947871923446655, 0.12525616586208344, -0.42856356501579285], "cam_t_m2c": [-462.8984069824219, -57.86267852783203, 399.6399841308594], "obj_id": 6}, {"cam_R_m2c": [-0.4283576011657715, 0.0556211993098259, 0.9018958806991577, 0.882124662399292, -0.19061528146266937, 0.4307226836681366, 0.19587239623069763, 0.9800878763198853, 0.03258659690618515], "cam_t_m2c": [-229.02056884765625, -68.73514556884766, 397.93701171875], "obj_id": 7}, {"cam_R_m2c": [-0.31032678484916687, 0.677638053894043, 0.6667112708091736, 0.691912829875946, 0.6419415473937988, -0.33040526509284973, -0.6518848538398743, 0.35877248644828796, -0.6680781245231628], "cam_t_m2c": [-420.2486267089844, -35.627872467041016, 618.0890502929688], "obj_id": 1}, {"cam_R_m2c": [-0.5869360566139221, -0.05469850078225136, 0.8077833652496338, 0.7840917706489563, -0.28702887892723083, 0.5502857565879822, 0.20175740122795105, 0.9563589096069336, 0.21135634183883667], "cam_t_m2c": [-195.5946807861328, 35.47068786621094, 545.1217651367188], "obj_id": 2}, {"cam_R_m2c": [-0.5521826148033142, -0.8329220414161682, -0.03654095530509949, -0.7594665884971619, 0.48443683981895447, 0.43420201539993286, -0.3439546525478363, 0.26751044392585754, -0.9000740647315979], "cam_t_m2c": [-12.033499717712402, 74.36652374267578, 584.1744384765625], "obj_id": 3}, {"cam_R_m2c": [0.13700808584690094, 0.982530415058136, -0.12594754993915558, 0.9341723322868347, -0.08586914837360382, 0.34633591771125793, 0.32947054505348206, -0.16510753333568573, -0.9296175241470337], "cam_t_m2c": [-285.500732421875, -63.7479133605957, 258.70379638671875], "obj_id": 4}, {"cam_R_m2c": [0.2831963300704956, -0.7387132048606873, 0.6116393208503723, -0.7136756777763367, 0.2637113034725189, 0.6489402055740356, -0.6406769156455994, -0.6202895641326904, -0.45251956582069397], "cam_t_m2c": [-10.04113483428955, -44.05074691772461, 421.23712158203125], "obj_id": 5}, {"cam_R_m2c": [-0.44690948724746704, -0.8819978833198547, 0.14950495958328247, 0.8862121105194092, -0.4593070447444916, -0.06054148077964783, 0.12206612527370453, 0.1054365336894989, 0.9869057536125183], "cam_t_m2c": [-216.89927673339844, -222.10104370117188, 739.496337890625], "obj_id": 6}, {"cam_R_m2c": [-0.816348135471344, -0.10004713386297226, -0.5688287615776062, 0.48487845063209534, 0.41638270020484924, -0.7691022753715515, 0.3137969374656677, -0.9036681056022644, -0.29140254855155945], "cam_t_m2c": [-36.38347244262695, 24.477279663085938, 608.703857421875], "obj_id": 7}, {"cam_R_m2c": [0.1326017528772354, 0.1372588723897934, 0.9816194176673889, 0.940799355506897, 0.29426777362823486, -0.1682346910238266, -0.3119506239891052, 0.9458152055740356, -0.09011260420084], "cam_t_m2c": [-327.8307800292969, -170.47837829589844, 603.8252563476562], "obj_id": 8}, {"cam_R_m2c": [-0.04591831564903259, 0.35682734847068787, 0.9330410361289978, 0.2831419110298157, 0.900370717048645, -0.3303985595703125, -0.9579780697822571, 0.24901165068149567, -0.14237627387046814], "cam_t_m2c": [-215.02972412109375, 119.60249328613281, 265.234619140625], "obj_id": 1}, {"cam_R_m2c": [-0.4016571640968323, 0.16686701774597168, -0.9004592895507812, 0.9003846645355225, 0.2515478730201721, -0.35500872135162354, 0.16726936399936676, -0.9533514976501465, -0.2512805163860321], "cam_t_m2c": [-28.048233032226562, 42.14692306518555, 560.538330078125], "obj_id": 2}, {"cam_R_m2c": [-0.2856093943119049, -0.9582267999649048, 0.015124275349080563, 0.811369001865387, -0.2333780825138092, 0.53592449426651, -0.5100075602531433, 0.16533643007278442, 0.8441304564476013], "cam_t_m2c": [-183.1287384033203, -41.67387390136719, 592.9705200195312], "obj_id": 3}, {"cam_R_m2c": [-0.3147999942302704, -0.9226799607276917, -0.22262705862522125, 0.5998270511627197, -0.011611618101596832, -0.8000454902648926, 0.7356008291244507, -0.3853919804096222, 0.5571036338806152], "cam_t_m2c": [-288.04058837890625, 10.672983169555664, 390.346435546875], "obj_id": 4}, {"cam_R_m2c": [-0.6912683844566345, -0.061900053173303604, -0.7199418544769287, -0.7054603695869446, -0.15788953006267548, 0.6909388899803162, -0.15644046664237976, 0.9855147004127502, 0.06547606736421585], "cam_t_m2c": [-276.2136535644531, -110.41022491455078, 746.93017578125], "obj_id": 5}, {"cam_R_m2c": [-0.35789260268211365, -0.8873867988586426, 0.29061582684516907, 0.8919090628623962, -0.4170076251029968, -0.17493678629398346, 0.2764256000518799, 0.19659432768821716, 0.9407122731208801], "cam_t_m2c": [-205.03631591796875, -1.613525629043579, 631.0055541992188], "obj_id": 6}, {"cam_R_m2c": [-0.5905383229255676, -0.3852826654911041, 0.7090993523597717, 0.7531910538673401, -0.5786377787590027, 0.312860369682312, 0.2897719740867615, 0.7188432812690735, 0.6318991780281067], "cam_t_m2c": [-137.9256134033203, -34.32194137573242, 192.07879638671875], "obj_id": 7}, {"cam_R_m2c": [-0.8637224435806274, 0.10631764680147171, 0.49262574315071106, -0.29429543018341064, 0.6871111989021301, -0.6642804145812988, -0.4091133773326874, -0.7187314033508301, -0.5621845722198486], "cam_t_m2c": [-44.73881912231445, 95.74459838867188, 613.1472778320312], "obj_id": 1}, {"cam_R_m2c": [-0.30503034591674805, -0.6151599884033203, -0.7270039916038513, -0.4565788209438324, -0.575469970703125, 0.6785058379173279, -0.8357585668563843, 0.5388994216918945, -0.10533326119184494], "cam_t_m2c": [-169.74020385742188, -66.20506286621094, 584.9400634765625], "obj_id": 2}, {"cam_R_m2c": [0.691450834274292, -0.24434730410575867, -0.6798456311225891, -0.18199291825294495, -0.9696281552314758, 0.16340017318725586, -0.6991239190101624, 0.010743902064859867, -0.7149196863174438], "cam_t_m2c": [-459.20587158203125, -76.76528930664062, 448.496337890625], "obj_id": 3}, {"cam_R_m2c": [0.6347916126251221, 0.7723208069801331, 0.023669421672821045, -0.4474661350250244, 0.3424661457538605, 0.8261301517486572, 0.6299315094947815, -0.5350117087364197, 0.5629820227622986], "cam_t_m2c": [-371.9986267089844, -60.29303741455078, 448.4871520996094], "obj_id": 4}, {"cam_R_m2c": [0.6896218657493591, -0.5723881721496582, 0.44361412525177, -0.7070237398147583, -0.6646875143051147, 0.2414708286523819, 0.15664969384670258, -0.48016926646232605, -0.8630750179290771], "cam_t_m2c": [-257.8177185058594, 74.23164367675781, 513.5745849609375], "obj_id": 5}, {"cam_R_m2c": [0.1250264197587967, -0.9071028828620911, -0.40191158652305603, -0.9851134419441223, -0.06532587110996246, -0.15901032090187073, 0.11798351258039474, 0.4158089756965637, -0.9017666578292847], "cam_t_m2c": [-211.3668212890625, -59.02263259887695, 265.36199951171875], "obj_id": 6}, {"cam_R_m2c": [-0.6022400259971619, -0.7950314283370972, 0.07233281433582306, 0.5253833532333374, -0.4629325568675995, -0.713908851146698, 0.6010652184486389, -0.39194202423095703, 0.6964927315711975], "cam_t_m2c": [-446.9855041503906, -27.65581703186035, 555.5672607421875], "obj_id": 1}, {"cam_R_m2c": [-0.09375012665987015, 0.9955918192863464, 0.002792652929201722, 0.9932078719139099, 0.09371905028820038, -0.06895583122968674, -0.06891359388828278, -0.003690932644531131, -0.9976158142089844], "cam_t_m2c": [-220.64181518554688, -87.19035339355469, 753.5222778320312], "obj_id": 2}, {"cam_R_m2c": [0.6764264106750488, -0.686280369758606, -0.2673324644565582, -0.5178515911102295, -0.7012700438499451, 0.48994919657707214, -0.5237147212028503, -0.19297602772712708, -0.8297489285469055], "cam_t_m2c": [-274.91314697265625, 87.1852035522461, 362.41058349609375], "obj_id": 3}, {"cam_R_m2c": [-0.44288453459739685, -0.668362557888031, 0.5976158380508423, -0.705329954624176, -0.1517661064863205, -0.6924424767494202, 0.5535005331039429, -0.7281884551048279, -0.4042011797428131], "cam_t_m2c": [-118.85209655761719, 141.44125366210938, 511.03271484375], "obj_id": 4}, {"cam_R_m2c": [0.5483618378639221, -0.7485675811767578, -0.3727543354034424, -0.8344844579696655, -0.5187166929244995, -0.18592633306980133, -0.0541754812002182, 0.4130125939846039, -0.9091124534606934], "cam_t_m2c": [-412.12872314453125, 4.990375518798828, 459.7325744628906], "obj_id": 5}, {"cam_R_m2c": [0.3815579414367676, -0.40876078605651855, 0.8290525078773499, -0.8288382291793823, 0.2457519918680191, 0.5026262402534485, -0.4091951847076416, -0.87893146276474, -0.24502792954444885], "cam_t_m2c": [-43.59732437133789, -46.532047271728516, 526.4782104492188], "obj_id": 6}, {"cam_R_m2c": [-0.004109066445380449, 0.37274911999702454, -0.9279230833053589, 0.9118316173553467, 0.3823562264442444, 0.1495557278394699, 0.41054394841194153, -0.8454950451850891, -0.3414555490016937], "cam_t_m2c": [-21.752216339111328, -87.49364471435547, 559.1173095703125], "obj_id": 7}, {"cam_R_m2c": [-0.002002059482038021, -0.9606459736824036, -0.277768611907959, -0.9504603743553162, -0.084513820707798, 0.29913637042045593, -0.3108394145965576, 0.26460695266723633, -0.9128866791725159], "cam_t_m2c": [-58.30022430419922, 69.94102478027344, 469.9957580566406], "obj_id": 8}, {"cam_R_m2c": [-0.5536264181137085, -0.13470640778541565, -0.8217981457710266, 0.8235508799552917, 0.05783189833164215, -0.5642867684364319, 0.12353924661874771, -0.9891965389251709, 0.07892019301652908], "cam_t_m2c": [-246.10231018066406, -86.21391296386719, 714.1145629882812], "obj_id": 1}, {"cam_R_m2c": [-0.2552350163459778, -0.3525469899177551, -0.9003142714500427, 0.9668300151824951, -0.08368013799190521, -0.2413242608308792, 0.009739736095070839, -0.9320452213287354, 0.36221104860305786], "cam_t_m2c": [-112.2045669555664, -108.82100677490234, 556.53759765625], "obj_id": 2}, {"cam_R_m2c": [-0.22149279713630676, 0.5661906599998474, 0.7939576506614685, 0.9723904132843018, 0.06689602881669998, 0.2235657423734665, 0.07346832007169724, 0.8215551376342773, -0.5653752684593201], "cam_t_m2c": [-303.7170715332031, -150.938232421875, 673.31396484375], "obj_id": 3}, {"cam_R_m2c": [0.016871247440576553, -0.6950482726097107, -0.718765139579773, 0.9981206059455872, -0.03064894862473011, 0.053066082298755646, -0.05891285836696625, -0.7183095216751099, 0.6932248473167419], "cam_t_m2c": [-75.92186737060547, -88.13175964355469, 645.4161987304688], "obj_id": 4}, {"cam_R_m2c": [-0.8062316179275513, 0.4239571690559387, 0.41261425614356995, 0.3696144223213196, -0.18360522389411926, 0.9108644723892212, 0.4619257152080536, 0.886876106262207, -0.008672153577208519], "cam_t_m2c": [-235.7479248046875, -44.043540954589844, 328.6229248046875], "obj_id": 5}, {"cam_R_m2c": [0.06970779597759247, 0.2675116956233978, 0.9610298275947571, -0.7176231145858765, 0.6826294660568237, -0.1379639357328415, -0.6929342150688171, -0.6800400614738464, 0.2395571917295456], "cam_t_m2c": [78.25888061523438, 73.40962982177734, 573.2711181640625], "obj_id": 6}, {"cam_R_m2c": [-0.8685248494148254, -0.38460883498191833, 0.3126353621482849, 0.33566156029701233, -0.9205185770988464, -0.19994275271892548, 0.36468636989593506, -0.06871554255485535, 0.9285914301872253], "cam_t_m2c": [-101.53655242919922, -84.89585876464844, 686.0763549804688], "obj_id": 7}, {"cam_R_m2c": [-0.4930282533168793, 0.36502572894096375, 0.7897337675094604, 0.860072135925293, 0.0676627904176712, 0.5056656002998352, 0.13114534318447113, 0.9285354018211365, -0.34730812907218933], "cam_t_m2c": [-119.08809661865234, -19.136770248413086, 656.4609375], "obj_id": 1}, {"cam_R_m2c": [0.3474198579788208, 0.8711411356925964, -0.34700530767440796, -0.9364001154899597, 0.3027544319629669, -0.17746755480766296, -0.04954185336828232, 0.3865915536880493, 0.9209194183349609], "cam_t_m2c": [-232.24037170410156, -226.91885375976562, 707.3228759765625], "obj_id": 2}, {"cam_R_m2c": [-0.8988555669784546, -0.06093522161245346, 0.43398812413215637, -0.41786810755729675, -0.179286390542984, -0.8906416893005371, 0.1320796012878418, -0.9819080233573914, 0.1356896460056305], "cam_t_m2c": [-125.0133056640625, -8.181970596313477, 426.615478515625], "obj_id": 3}, {"cam_R_m2c": [-0.4347023069858551, -0.5123791694641113, -0.740608811378479, 0.5158090591430664, 0.532465934753418, -0.6711341142654419, 0.7382240891456604, -0.6737563014030457, 0.032825686037540436], "cam_t_m2c": [-58.451290130615234, -56.393402099609375, 295.20733642578125], "obj_id": 4}, {"cam_R_m2c": [-0.2022562325000763, -0.4381949305534363, 0.8758296370506287, 0.9733768105506897, -0.18842753767967224, 0.1305088847875595, 0.10784211754798889, 0.8789085149765015, 0.46463948488235474], "cam_t_m2c": [-25.55944061279297, 35.28883361816406, 485.6142578125], "obj_id": 5}, {"cam_R_m2c": [-0.9092687964439392, -0.3271036148071289, 0.25735828280448914, -0.41345930099487305, 0.7808451652526855, -0.46832919120788574, -0.047764793038368225, -0.5322443842887878, -0.8452421426773071], "cam_t_m2c": [27.74721336364746, 111.2173843383789, 448.1831359863281], "obj_id": 6}, {"cam_R_m2c": [0.8630557060241699, -0.4781227707862854, 0.16289092600345612, 0.5048106908798218, 0.8053873777389526, -0.3106723427772522, 0.017349224537611008, 0.3503566384315491, 0.9364556670188904], "cam_t_m2c": [-44.170555114746094, 132.1022186279297, 512.5386962890625], "obj_id": 7}, {"cam_R_m2c": [0.6514266729354858, -0.13281336426734924, 0.7469965815544128, -0.503980815410614, 0.6602133512496948, 0.5568856596946716, -0.5671389698982239, -0.7392421364784241, 0.36314523220062256], "cam_t_m2c": [-428.5314025878906, -28.72310447692871, 545.1945190429688], "obj_id": 8}, {"cam_R_m2c": [-0.5400495529174805, -0.3846423327922821, -0.7485963702201843, 0.09547843039035797, -0.9117143154144287, 0.3995755910873413, -0.8361998200416565, 0.14431585371494293, 0.5290961265563965], "cam_t_m2c": [-103.97562408447266, -50.22053527832031, 145.46939086914062], "obj_id": 9}, {"cam_R_m2c": [0.430790513753891, -0.6099098920822144, 0.6651538014411926, -0.8777909278869629, -0.11206059157848358, 0.46575284004211426, -0.20952975749969482, -0.7845078110694885, -0.5836479663848877], "cam_t_m2c": [-308.6752014160156, 6.0989484786987305, 553.314453125], "obj_id": 10}, {"cam_R_m2c": [-0.2835865318775177, 0.9549928307533264, 0.08699117600917816, -0.7143893241882324, -0.2709089517593384, 0.645179271697998, 0.6397082209587097, 0.12081854790449142, 0.7590627670288086], "cam_t_m2c": [-49.48733901977539, 141.3043212890625, 507.01885986328125], "obj_id": 1}, {"cam_R_m2c": [0.19434131681919098, -0.7394906282424927, 0.644503653049469, 0.5864683389663696, -0.4390808045864105, -0.6806341409683228, 0.7863118052482605, 0.510256290435791, 0.3483563959598541], "cam_t_m2c": [4.804361820220947, 150.32598876953125, 587.498291015625], "obj_id": 2}, {"cam_R_m2c": [0.08429607003927231, -0.48659560084342957, -0.8695510029792786, -0.6892920136451721, -0.658650279045105, 0.301755428314209, -0.7195628881454468, 0.573937714099884, -0.39092808961868286], "cam_t_m2c": [-397.45269775390625, -7.70089054107666, 373.5329895019531], "obj_id": 3}, {"cam_R_m2c": [0.8165363073348999, -0.5166224837303162, -0.2576231360435486, -0.563079833984375, -0.8111476898193359, -0.15805254876613617, -0.1273169070482254, 0.274118036031723, -0.9532312750816345], "cam_t_m2c": [-302.05877685546875, 35.19422912597656, 594.5000610351562], "obj_id": 4}, {"cam_R_m2c": [0.550062894821167, -0.6716842651367188, 0.49625706672668457, -0.46097227931022644, -0.7397074699401855, -0.4902421534061432, 0.6963729858398438, 0.040903251618146896, -0.716513454914093], "cam_t_m2c": [-261.5775451660156, -67.5624771118164, 768.6605224609375], "obj_id": 5}, {"cam_R_m2c": [0.04380827397108078, -0.993152379989624, 0.1083005741238594, -0.9860329627990723, -0.02554720640182495, 0.16457882523536682, -0.16068507730960846, -0.11399783939123154, -0.9804001450538635], "cam_t_m2c": [-89.22466278076172, 108.06430053710938, 559.8765869140625], "obj_id": 6}, {"cam_R_m2c": [-0.5062767267227173, 0.19296523928642273, -0.8405047655105591, 0.8358877897262573, -0.1298779994249344, -0.5333134531974792, -0.21207405626773834, -0.9725719094276428, -0.09554307162761688], "cam_t_m2c": [-207.55508422851562, 65.40839385986328, 480.55682373046875], "obj_id": 7}, {"cam_R_m2c": [-0.2970331907272339, -0.8301141858100891, -0.4718916118144989, 0.5335294604301453, -0.5541386008262634, 0.6389653086662292, -0.791907548904419, -0.061974167823791504, 0.6074879765510559], "cam_t_m2c": [-354.46673583984375, -7.813654899597168, 527.4527587890625], "obj_id": 8}, {"cam_R_m2c": [-0.13430924713611603, 0.8611565828323364, -0.49027571082115173, 0.5592743158340454, 0.4743026793003082, 0.6798891425132751, 0.8180301189422607, -0.18288318812847137, -0.5453259944915771], "cam_t_m2c": [69.19111633300781, 4.097334861755371, 416.5101623535156], "obj_id": 9}, {"cam_R_m2c": [0.786358654499054, -0.16916197538375854, 0.5941584706306458, -0.2217092663049698, 0.8204290270805359, 0.527011513710022, -0.5766152143478394, -0.5461505055427551, 0.6076467037200928], "cam_t_m2c": [-266.9197692871094, -73.07301330566406, 268.4449462890625], "obj_id": 10}, {"cam_R_m2c": [0.7672494053840637, -0.6357380747795105, 0.08464882522821426, -0.6400307416915894, -0.7674317359924316, 0.037538472563028336, 0.04109755903482437, -0.082979217171669, -0.9957034587860107], "cam_t_m2c": [58.934471130371094, -36.66405487060547, 563.1426391601562], "obj_id": 1}, {"cam_R_m2c": [-0.457393079996109, -0.6071935892105103, 0.6496981382369995, 0.5985724329948425, -0.750529944896698, -0.28002864122390747, 0.6576494574546814, 0.26080822944641113, 0.7067363858222961], "cam_t_m2c": [-349.4085998535156, -82.2198486328125, 558.00927734375], "obj_id": 2}, {"cam_R_m2c": [-0.418803334236145, -0.08729928731918335, -0.9038709402084351, 0.9079570770263672, -0.024081634357571602, -0.41837072372436523, 0.014756792224943638, -0.9958910346031189, 0.08934944868087769], "cam_t_m2c": [-285.1075744628906, 110.66727447509766, 266.48870849609375], "obj_id": 3}, {"cam_R_m2c": [-0.49305999279022217, -0.5006170868873596, 0.7115296721458435, 0.8532915115356445, -0.43776631355285645, 0.28329190611839294, 0.1696629375219345, 0.7468221187591553, 0.6430172920227051], "cam_t_m2c": [-73.61652374267578, -9.671941757202148, 296.7966003417969], "obj_id": 4}, {"cam_R_m2c": [0.6438319087028503, -0.7436387538909912, -0.1802273392677307, -0.7639524340629578, -0.6379902958869934, -0.0966707170009613, -0.043095193803310394, 0.19992481172084808, -0.9788631200790405], "cam_t_m2c": [27.230140686035156, 35.68950271606445, 380.26043701171875], "obj_id": 5}, {"cam_R_m2c": [-0.9806250929832458, 0.1956915408372879, 0.008899028412997723, 0.11385086923837662, 0.6063057780265808, -0.787039577960968, -0.15941251814365387, -0.7707775831222534, -0.616838276386261], "cam_t_m2c": [-248.40101623535156, -101.22491455078125, 364.71124267578125], "obj_id": 6}, {"cam_R_m2c": [-0.8318755626678467, -0.12943853437900543, 0.5396561026573181, 0.5548052787780762, -0.1708451807498932, 0.8142499923706055, -0.013197685591876507, 0.9767587184906006, 0.21393509209156036], "cam_t_m2c": [-150.16334533691406, -5.088692665100098, 209.9574432373047], "obj_id": 7}, {"cam_R_m2c": [-0.7383905649185181, -0.3106500208377838, -0.5985617637634277, 0.6009258031845093, 0.09971870481967926, -0.7930602431297302, 0.30605199933052063, -0.9452792406082153, 0.11304611712694168], "cam_t_m2c": [-309.3667907714844, -30.328550338745117, 475.324951171875], "obj_id": 8}],
