{
  "0": [{"cam_R_m2c": [-0.09989997744560242, -0.05553615465760231, -0.9934462904930115, -0.936859667301178, 0.3415425419807434, 0.07511667907238007, 0.3351324200630188, 0.9382240176200867, -0.08614961802959442], "cam_t_m2c": [-219.37557983398438, 238.54611206054688, 895.0462646484375], "obj_id": 3}, {"cam_R_m2c": [-0.9543873071670532, 0.09917472302913666, -0.28161877393722534, 0.2925964891910553, 0.12291993945837021, -0.948302686214447, -0.05943110212683678, -0.9874487519264221, -0.14633135497570038], "cam_t_m2c": [-105.31017303466797, 450.0819396972656, 716.91748046875], "obj_id": 3}, {"cam_R_m2c": [-0.25863540172576904, 0.7091118693351746, 0.6559482216835022, -0.50896817445755, -0.6771846413612366, 0.5313871502876282, 0.8210110068321228, -0.19642120599746704, 0.5360593199729919], "cam_t_m2c": [70.27310180664062, 355.82135009765625, 782.0618896484375], "obj_id": 3}, {"cam_R_m2c": [-0.4902741312980652, 0.25952064990997314, -0.832033634185791, 0.860244631767273, -0.009294388815760612, -0.5097965598106384, -0.14003609120845795, -0.9656926989555359, -0.2186942845582962], "cam_t_m2c": [-163.78890991210938, 458.63787841796875, 722.9703979492188], "obj_id": 3}, {"cam_R_m2c": [0.8791235089302063, -0.4729990065097809, -0.058427728712558746, -0.004129531793296337, -0.13014958798885345, 0.9914857745170593, -0.4765761196613312, -0.8713971376419067, -0.11637082695960999], "cam_t_m2c": [-284.8160095214844, 475.80694580078125, 802.0540771484375], "obj_id": 3}, {"cam_R_m2c": [0.9155823588371277, -0.28204625844955444, 0.28663361072540283, -0.3873864710330963, -0.42738470435142517, 0.8168683052062988, -0.10789182037115097, -0.8589482307434082, -0.5005667805671692], "cam_t_m2c": [-184.61746215820312, 347.6752014160156, 1022.511962890625], "obj_id": 3}, {"cam_R_m2c": [0.1596755087375641, -0.8931713700294495, 0.4204147458076477, -0.18046274781227112, -0.44511279463768005, -0.8771018981933594, 0.9705343246459961, 0.06418247520923615, -0.23225775361061096], "cam_t_m2c": [-123.84175109863281, 247.38426208496094, 1047.501220703125], "obj_id": 3}, {"cam_R_m2c": [-0.021115396171808243, 0.6701865792274475, 0.7418922185897827, 0.4018620550632477, -0.6737837791442871, 0.6200985908508301, 0.9154567122459412, 0.31123197078704834, -0.25509533286094666], "cam_t_m2c": [-219.59327697753906, 218.22251892089844, 932.6452026367188], "obj_id": 3}, {"cam_R_m2c": [-0.31959953904151917, -0.9439065456390381, -0.083045594394207, 0.9429926872253418, -0.30824968218803406, -0.12548677623271942, 0.0928490161895752, -0.11841690540313721, 0.9886134266853333], "cam_t_m2c": [-129.42120361328125, 455.5509338378906, 645.824462890625], "obj_id": 3}, {"cam_R_m2c": [-0.446246862411499, 0.8693245649337769, 0.21245864033699036, 0.8142799139022827, 0.49291446805000305, -0.30656737089157104, -0.37123048305511475, 0.03619609400629997, -0.9278351068496704], "cam_t_m2c": [-82.2113037109375, 432.5387878417969, 780.9514770507812], "obj_id": 3}, {"cam_R_m2c": [0.7858624458312988, 0.017692768946290016, -0.618148148059845, 0.596745491027832, -0.2839089334011078, 0.7505267858505249, -0.1622188836336136, -0.958687961101532, -0.23367144167423248], "cam_t_m2c": [85.55461883544922, 365.85650634765625, 1002.483154296875], "obj_id": 3}, {"cam_R_m2c": [0.3786880075931549, -0.6713733673095703, 0.6370660662651062, -0.5510104894638062, -0.7165923714637756, -0.42764797806739807, 0.7436281442642212, -0.18908490240573883, -0.6412986516952515], "cam_t_m2c": [-128.86312866210938, 333.31329345703125, 1003.4822387695312], "obj_id": 3}, {"cam_R_m2c": [-0.9373030066490173, -0.053854551166296005, 0.3443291485309601, -0.09692441672086716, -0.9087324738502502, -0.40596896409988403, 0.33476635813713074, -0.4138898551464081, 0.8465380072593689], "cam_t_m2c": [-188.51486206054688, 162.8646697998047, 1053.0909423828125], "obj_id": 3}, {"cam_R_m2c": [0.3201783299446106, 0.4447362422943115, 0.8364779949188232, 0.6412387490272522, -0.7516865730285645, 0.15420792996883392, 0.6973512172698975, 0.48700806498527527, -0.5258558392524719], "cam_t_m2c": [-242.85047912597656, 126.70079040527344, 1009.7359619140625], "obj_id": 3}, {"cam_R_m2c": [-0.16754676401615143, 0.9806187748908997, 0.10156118869781494, -0.9333611726760864, -0.1246098056435585, -0.33661410212516785, -0.3174346387386322, -0.15119192004203796, 0.9361497163772583], "cam_t_m2c": [-7.335824489593506, 349.2688293457031, 1015.2017822265625], "obj_id": 3}, {"cam_R_m2c": [-0.8048719167709351, 0.4699825644493103, -0.3623497188091278, 0.5798463225364685, 0.4928329586982727, -0.6487632989883423, -0.12632958590984344, -0.7322786450386047, -0.6691850423812866], "cam_t_m2c": [-110.99308776855469, 470.9853820800781, 1027.3408203125], "obj_id": 3}, {"cam_R_m2c": [-0.999340832233429, -0.03137770667672157, 0.018258603289723396, 0.027553025633096695, -0.9830383658409119, -0.1813187450170517, 0.023638272657990456, -0.18069614470005035, 0.9832548499107361], "cam_t_m2c": [-22.537736892700195, 301.3975830078125, 688.8199462890625], "obj_id": 3}, {"cam_R_m2c": [0.2306661456823349, 0.521049976348877, 0.8217664361000061, 0.8860779404640198, 0.23649291694164276, -0.3986690938472748, -0.40206849575042725, 0.8201085925102234, -0.40714001655578613], "cam_t_m2c": [-111.2367935180664, 196.10108947753906, 980.71533203125], "obj_id": 3}, {"cam_R_m2c": [-0.0019444023491814733, 0.9788591861724854, 0.20452620089054108, -0.4099296033382416, 0.18577192723751068, -0.8929986357688904, -0.9121150970458984, -0.08557768911123276, 0.40090212225914], "cam_t_m2c": [17.98761749267578, 418.0900573730469, 655.7451782226562], "obj_id": 3}, {"cam_R_m2c": [0.6244390606880188, 0.5815728306770325, -0.5213913917541504, 0.7674046158790588, -0.3324722647666931, 0.548226535320282, 0.14548549056053162, -0.7424522042274475, -0.6539103388786316], "cam_t_m2c": [-13.496705055236816, 143.59765625, 702.5606079101562], "obj_id": 3}, {"cam_R_m2c": [0.496707022190094, 0.6231657266616821, 0.6041080951690674, 0.6327157020568848, -0.7364367842674255, 0.23944027721881866, 0.5940984487533569, 0.26329705119132996, -0.7600800395011902], "cam_t_m2c": [-266.2777404785156, 452.4800720214844, 660.4000854492188], "obj_id": 3}, {"cam_R_m2c": [0.8363369703292847, 0.3849625289440155, -0.39031311869621277, 0.288465291261673, -0.9144586324691772, -0.28381869196891785, -0.4661847949028015, 0.12477626651525497, -0.87584388256073], "cam_t_m2c": [39.7641487121582, 212.34042358398438, 831.373291015625], "obj_id": 3}, {"cam_R_m2c": [-0.47223371267318726, -0.30692002177238464, -0.8263142704963684, 0.6672433018684387, -0.7370314598083496, -0.10756814479827881, -0.5760048627853394, -0.602150022983551, 0.5528415441513062], "cam_t_m2c": [-114.17981719970703, 218.68276977539062, 1070.38134765625], "obj_id": 3}, {"cam_R_m2c": [0.48556849360466003, 0.5281071662902832, 0.6966534852981567, 0.29880213737487793, 0.6486475467681885, -0.6999812126159668, -0.8215476274490356, 0.5480504035949707, 0.15716324746608734], "cam_t_m2c": [-182.4302520751953, 280.99676513671875, 1064.52490234375], "obj_id": 3}, {"cam_R_m2c": [0.9018031358718872, 0.42709118127822876, 0.06591034680604935, -0.04053637012839317, 0.23544740676879883, -0.9710413217544556, -0.4302416145801544, 0.873016357421875, 0.229639932513237], "cam_t_m2c": [-136.0195770263672, 198.35687255859375, 1013.5875854492188], "obj_id": 3}, {"cam_R_m2c": [0.749901294708252, 0.536372721195221, -0.38723674416542053, 0.06775885075330734, -0.6445441246032715, -0.7615585923194885, -0.65807044506073, 0.5448550581932068, -0.5196884870529175], "cam_t_m2c": [-254.53591918945312, 296.19189453125, 677.9605102539062], "obj_id": 3}, {"cam_R_m2c": [0.03373415395617485, 0.26792657375335693, -0.962848424911499, 0.8224855065345764, -0.5547555088996887, -0.12555253505706787, -0.5677845478057861, -0.7876936197280884, -0.23907974362373352], "cam_t_m2c": [-27.55575942993164, 192.15866088867188, 863.8922729492188], "obj_id": 3}, {"cam_R_m2c": [0.8291769623756409, 0.47752106189727783, -0.2905842959880829, 0.5479293465614319, -0.7972067594528198, 0.2534458339214325, -0.11063005030155182, -0.36937111616134644, -0.922673225402832], "cam_t_m2c": [111.24604797363281, 316.12445068359375, 694.7559814453125], "obj_id": 3}, {"cam_R_m2c": [-0.8677104115486145, 0.2433248907327652, -0.4334415793418884, 0.10768143832683563, -0.7592692375183105, -0.6418060064315796, -0.48526623845100403, -0.6035753488540649, 0.6326242685317993], "cam_t_m2c": [121.2674560546875, 340.2479553222656, 1042.38330078125], "obj_id": 1}, {"cam_R_m2c": [0.683868408203125, 0.4372829496860504, 0.5840441584587097, -0.5410160422325134, -0.2331496775150299, 0.8080487847328186, 0.4895156919956207, -0.8685762882232666, 0.07713340222835541], "cam_t_m2c": [-237.0854949951172, 406.9638366699219, 797.0862426757812], "obj_id": 1}, {"cam_R_m2c": [0.3442782461643219, -0.7791650295257568, -0.5238075256347656, 0.401018351316452, 0.6264984011650085, -0.668344259262085, 0.8489150404930115, 0.02003992162644863, 0.5281492471694946], "cam_t_m2c": [-180.7083282470703, 175.44395446777344, 927.0043334960938], "obj_id": 1}, {"cam_R_m2c": [0.07522997260093689, 0.7910443544387817, 0.6071154475212097, -0.13334985077381134, 0.6113530397415161, -0.7800418138504028, -0.98820960521698, -0.022276271134614944, 0.15147773921489716], "cam_t_m2c": [-268.01617431640625, 384.2211608886719, 685.22509765625], "obj_id": 1}, {"cam_R_m2c": [0.01727677881717682, 0.3352254033088684, -0.9419794678688049, -0.9916474223136902, -0.11469069868326187, -0.0590030737221241, -0.12781564891338348, 0.9351309537887573, 0.33044397830963135], "cam_t_m2c": [99.48860931396484, 288.31817626953125, 1057.155029296875], "obj_id": 1}, {"cam_R_m2c": [0.59611576795578, -0.2991737723350525, 0.745077908039093, -0.5667188763618469, 0.5005733966827393, 0.6544127464294434, -0.5687493085861206, -0.8123554587364197, 0.1288522481918335], "cam_t_m2c": [120.46942138671875, 147.73622131347656, 821.6542358398438], "obj_id": 1}, {"cam_R_m2c": [-0.9922950267791748, -0.08792292326688766, 0.08729413151741028, 0.07887697964906693, -0.9916356205940247, -0.10216344892978668, 0.09554646909236908, -0.09449077397584915, 0.9909300804138184], "cam_t_m2c": [45.76637268066406, 192.3257293701172, 1067.4139404296875], "obj_id": 1}, {"cam_R_m2c": [-0.8040004968643188, -0.4141581058502197, 0.4266803562641144, 0.5841918587684631, -0.416307657957077, 0.696712076663971, -0.11091862618923187, 0.809420108795166, 0.5766594409942627], "cam_t_m2c": [-81.75838470458984, 450.745361328125, 784.1224975585938], "obj_id": 1}, {"cam_R_m2c": [-0.1556309163570404, -0.3746368885040283, 0.9140164852142334, 0.7776911854743958, 0.5240566730499268, 0.3472188711166382, -0.6090774536132812, 0.7648606300354004, 0.20979243516921997], "cam_t_m2c": [1.7501662969589233, 358.923828125, 748.7001342773438], "obj_id": 1}, {"cam_R_m2c": [0.834582507610321, 0.014565067365765572, 0.5506904125213623, 0.5298898816108704, 0.25210925936698914, -0.8097268342971802, -0.15062786638736725, 0.9675891399383545, 0.2026880830526352], "cam_t_m2c": [127.65711212158203, 308.2331848144531, 1023.1091918945312], "obj_id": 1}, {"cam_R_m2c": [-0.10231152921915054, 0.4270634949207306, -0.898414671421051, 0.841947078704834, 0.5181657671928406, 0.15043017268180847, 0.5297709107398987, -0.7410269379615784, -0.41257917881011963], "cam_t_m2c": [-245.12896728515625, 238.40606689453125, 850.2159423828125], "obj_id": 1}, {"cam_R_m2c": [0.5982539653778076, -0.8001009821891785, 0.04393797740340233, -0.6122345328330994, -0.491781622171402, -0.6191281676292419, 0.5169729590415955, 0.34349554777145386, -0.7840597629547119], "cam_t_m2c": [-141.2445526123047, 452.43560791015625, 962.8162231445312], "obj_id": 1}, {"cam_R_m2c": [0.008130903355777264, 0.9898788928985596, -0.14168159663677216, -0.9651800990104675, 0.04481535032391548, 0.25771859288215637, 0.26145970821380615, 0.134652778506279, 0.9557758569717407], "cam_t_m2c": [126.49028015136719, 172.36322021484375, 1058.04345703125], "obj_id": 1}, {"cam_R_m2c": [-0.12217595428228378, 0.6354514956474304, 0.7624135613441467, -0.32127413153648376, -0.7521308660507202, 0.5753973126411438, 0.9390718340873718, -0.17464403808116913, 0.2960464358329773], "cam_t_m2c": [59.50220489501953, 366.8681335449219, 659.465576171875], "obj_id": 1}, {"cam_R_m2c": [0.9408062100410461, 0.19002796709537506, -0.2806653678417206, 0.3370378911495209, -0.43677428364753723, 0.834046483039856, 0.03590473532676697, -0.8792709708213806, -0.4749665856361389], "cam_t_m2c": [-205.31956481933594, 354.5814514160156, 1049.9232177734375], "obj_id": 1}, {"cam_R_m2c": [0.2264728546142578, 0.8414301872253418, 0.4906173050403595, 0.28427815437316895, -0.5388748645782471, 0.7929689884185791, 0.9316093325614929, -0.04011416807770729, -0.3612407445907593], "cam_t_m2c": [-209.05844116210938, 410.7450256347656, 922.0082397460938], "obj_id": 1}, {"cam_R_m2c": [0.8912021517753601, -0.4470348060131073, 0.07693246006965637, -0.31282153725624084, -0.7285165190696716, -0.6094311475753784, 0.328483521938324, 0.5190602540969849, -0.7890976071357727], "cam_t_m2c": [-132.05213928222656, 188.2093505859375, 964.9138793945312], "obj_id": 1}, {"cam_R_m2c": [-0.9728896021842957, -0.11309126019477844, 0.20173302292823792, 0.10675691068172455, -0.9933958649635315, -0.04204417020082474, 0.20515558123588562, -0.019367942586541176, 0.9785377383232117], "cam_t_m2c": [-88.30874633789062, 348.76849365234375, 1050.8140869140625], "obj_id": 1}, {"cam_R_m2c": [0.7220395803451538, -0.2977541387081146, 0.6245008707046509, 0.15345948934555054, 0.9490926861763, 0.2750876545906067, -0.6746177077293396, -0.10278858244419098, 0.7309756875038147], "cam_t_m2c": [-198.47340393066406, 344.6163024902344, 961.839111328125], "obj_id": 1}, {"cam_R_m2c": [-0.9685496091842651, -0.10275667160749435, 0.22661122679710388, -0.242916077375412, 0.193271666765213, -0.9505986571311951, 0.05388282984495163, -0.9757494926452637, -0.21215440332889557], "cam_t_m2c": [-88.88822937011719, 464.902587890625, 645.7701416015625], "obj_id": 1}, {"cam_R_m2c": [0.08055354654788971, -0.9897614121437073, -0.11782736331224442, -0.0456295944750309, -0.12174925953149796, 0.9915114045143127, -0.995705246925354, -0.07449327409267426, -0.054969675838947296], "cam_t_m2c": [70.44168853759766, 306.5755310058594, 791.9962158203125], "obj_id": 1}, {"cam_R_m2c": [0.05981713905930519, -0.7774457931518555, -0.6260989904403687, 0.5831223726272583, 0.5362890958786011, -0.6102150082588196, 0.8101791739463806, -0.3285910189151764, 0.48542529344558716], "cam_t_m2c": [-93.0687255859375, 239.4787139892578, 843.11474609375], "obj_id": 1}, {"cam_R_m2c": [0.7647910118103027, -0.45508164167404175, 0.4560651481151581, 0.5743097066879272, 0.16071952879428864, -0.8027064800262451, 0.29199835658073425, 0.8758253455162048, 0.3842746317386627], "cam_t_m2c": [26.568359375, 463.7146301269531, 767.127197265625], "obj_id": 1}, {"cam_R_m2c": [0.609920084476471, 0.2533709406852722, -0.7508665919303894, 0.27319198846817017, -0.9566531181335449, -0.10090052336454391, -0.7438841462135315, -0.14358948171138763, -0.6527008414268494], "cam_t_m2c": [-153.36492919921875, 413.1944580078125, 716.3414916992188], "obj_id": 1}, {"cam_R_m2c": [-0.13563790917396545, -0.9405739307403564, -0.3113243877887726, 0.9835292100906372, -0.16571810841560364, 0.07216353714466095, -0.11946726590394974, -0.2964085340499878, 0.9475597739219666], "cam_t_m2c": [41.9853630065918, 511.64971923828125, 789.9888916015625], "obj_id": 1}, {"cam_R_m2c": [0.7439081072807312, -0.12033158540725708, -0.6573591232299805, -0.5140115022659302, -0.7316458225250244, -0.4477570950984955, -0.42707476019859314, 0.6709803342819214, -0.6061290502548218], "cam_t_m2c": [46.658119201660156, 441.97747802734375, 785.6760864257812], "obj_id": 1}, {"cam_R_m2c": [0.6486552357673645, -0.7405067682266235, -0.17577292025089264, -0.06567098945379257, -0.284546822309494, 0.9564101696014404, -0.7582438588142395, -0.6088373064994812, -0.23320259153842926], "cam_t_m2c": [-141.29153442382812, 302.9085998535156, 1000.7362060546875], "obj_id": 1}, {"cam_R_m2c": [-0.9359233379364014, 0.022490721195936203, -0.3514847159385681, 0.04454649239778519, 0.9975037574768066, -0.05478908121585846, 0.34937506914138794, -0.06693580001592636, -0.9345889687538147], "cam_t_m2c": [-4.27762508392334, 150.13214111328125, 877.3771362304688], "obj_id": 1}, {"cam_R_m2c": [0.5399873852729797, 0.7503039836883545, 0.3813888430595398, -0.6788312792778015, 0.6561269164085388, -0.32967478036880493, -0.49759578704833984, -0.08087850362062454, 0.8636301755905151], "cam_t_m2c": [-105.37802124023438, 134.79127502441406, 802.2294921875], "obj_id": 1}, {"cam_R_m2c": [0.5148610472679138, -0.22714444994926453, 0.8266338109970093, 0.37621238827705383, 0.9263129234313965, 0.020214207470417023, -0.7703130841255188, 0.3005823791027069, 0.5623769760131836], "cam_t_m2c": [17.651521682739258, 332.3083190917969, 819.276123046875], "obj_id": 1}, {"cam_R_m2c": [0.38819095492362976, 0.2562321126461029, 0.885241687297821, -0.6333838105201721, -0.6235713958740234, 0.4582396447658539, 0.6694271564483643, -0.7385822534561157, -0.07977145910263062], "cam_t_m2c": [-79.48944091796875, 290.6960144042969, 687.6202392578125], "obj_id": 1}, {"cam_R_m2c": [-0.4023459553718567, 0.9032109975814819, -0.14942479133605957, 0.8917174339294434, 0.4235957860946655, 0.15939457714557648, 0.20726263523101807, -0.06911293417215347, -0.9758410453796387], "cam_t_m2c": [-223.4261016845703, 394.5454406738281, 961.1746826171875], "obj_id": 1}, {"cam_R_m2c": [-0.7141143679618835, -0.08039703965187073, 0.6953970193862915, 0.6978486776351929, -0.1601029336452484, 0.698121964931488, 0.055208154022693634, 0.9838207960128784, 0.17043675482273102], "cam_t_m2c": [-127.768798828125, 490.5476379394531, 968.8076171875], "obj_id": 1}, {"cam_R_m2c": [0.5288048386573792, 0.42732399702072144, 0.7333210110664368, 0.6762542724609375, -0.734237551689148, -0.05979545786976814, 0.5128797292709351, 0.5275315642356873, -0.6772480607032776], "cam_t_m2c": [-136.42807006835938, 205.70816040039062, 955.8468017578125], "obj_id": 1}, {"cam_R_m2c": [0.34058862924575806, -0.9106453061103821, -0.2339324951171875, -0.9402111768722534, -0.33027610182762146, -0.08318977057933807, -0.0015059454599395394, 0.24827943742275238, -0.9686871767044067], "cam_t_m2c": [-178.46148681640625, 274.3330383300781, 719.2853393554688], "obj_id": 1}, {"cam_R_m2c": [0.31802666187286377, -0.936962902545929, 0.1447736620903015, 0.10325279086828232, -0.1175641417503357, -0.9876828193664551, 0.9424424767494202, 0.3290576636791229, 0.059355590492486954], "cam_t_m2c": [86.1456527709961, 355.7601623535156, 717.109375], "obj_id": 1}, {"cam_R_m2c": [0.897111177444458, 0.251493901014328, -0.36323869228363037, -0.28501975536346436, -0.298752099275589, -0.9107750058174133, -0.3375726044178009, 0.9205966591835022, -0.1963331550359726], "cam_t_m2c": [-122.13839721679688, 312.5272216796875, 1038.4781494140625], "obj_id": 1}, {"cam_R_m2c": [-0.3681865632534027, 0.016033630818128586, 0.9296135902404785, 0.5394852757453918, 0.8180040121078491, 0.19956214725971222, -0.757227897644043, 0.5749889612197876, -0.309827983379364], "cam_t_m2c": [92.33607482910156, 465.388427734375, 824.1843872070312], "obj_id": 1}, {"cam_R_m2c": [0.9483711123466492, -0.0039748456329107285, -0.31713786721229553, -0.061883602291345596, -0.983022153377533, -0.17273642122745514, -0.3110669255256653, 0.18344387412071228, -0.9325157999992371], "cam_t_m2c": [-132.45025634765625, 489.05023193359375, 669.16015625], "obj_id": 1}, {"cam_R_m2c": [0.45967456698417664, 0.09809956699609756, -0.8826526403427124, 0.22936685383319855, -0.9732744693756104, 0.011279947124421597, -0.8579568862915039, -0.20763638615608215, -0.46989020705223083], "cam_t_m2c": [57.13258361816406, 319.92425537109375, 706.2907104492188], "obj_id": 1}, {"cam_R_m2c": [-0.10924050956964493, 0.7388836145401001, -0.6649191379547119, -0.9928823113441467, -0.04918025806546211, 0.10847105830907822, 0.04744657874107361, 0.6720359325408936, 0.7389969825744629], "cam_t_m2c": [-50.388572692871094, 217.24740600585938, 954.5244140625], "obj_id": 1}, {"cam_R_m2c": [0.8618977069854736, -0.40065997838974, -0.31081172823905945, 0.454006165266037, 0.336723268032074, 0.824921727180481, -0.22585557401180267, -0.8521085381507874, 0.4721231162548065], "cam_t_m2c": [-73.35010528564453, 324.0721435546875, 828.2631225585938], "obj_id": 1}, {"cam_R_m2c": [0.8487440943717957, 0.5226799845695496, -0.08024410158395767, 0.13051939010620117, -0.06000947579741478, 0.9896280169487, 0.5124433636665344, -0.8504142761230469, -0.11915256083011627], "cam_t_m2c": [-178.7742156982422, 402.3990478515625, 768.3981323242188], "obj_id": 1}, {"cam_R_m2c": [0.5807750821113586, -0.7872346043586731, 0.20727252960205078, 0.7661644816398621, 0.6146376132965088, 0.1876501590013504, -0.27512219548225403, 0.04982232674956322, 0.9601174592971802], "cam_t_m2c": [-66.22740173339844, 254.52166748046875, 992.8848266601562], "obj_id": 1}, {"cam_R_m2c": [-0.09240906685590744, -0.2285803109407425, 0.9691293835639954, -0.8712250590324402, 0.48980993032455444, 0.03245376795530319, -0.4821075201034546, -0.8413307070732117, -0.2444078028202057], "cam_t_m2c": [62.24513244628906, 225.61476135253906, 997.1068725585938], "obj_id": 1}, {"cam_R_m2c": [-0.2558665871620178, 0.927087664604187, -0.27393537759780884, 0.601110577583313, -0.06934598088264465, -0.7961513996124268, -0.7570985555648804, -0.3683740794658661, -0.5395388007164001], "cam_t_m2c": [-120.47429656982422, 401.3546142578125, 718.4573364257812], "obj_id": 1}, {"cam_R_m2c": [0.11650098860263824, -0.5366392135620117, 0.8357307314872742, -0.7852850556373596, -0.5649497509002686, -0.25329652428627014, 0.6080747246742249, -0.6267775893211365, -0.487231969833374], "cam_t_m2c": [59.05112075805664, 433.9916076660156, 809.0532836914062], "obj_id": 1}, {"cam_R_m2c": [0.18084712326526642, 0.9829338192939758, -0.033698420971632004, 0.5115308165550232, -0.12326908111572266, -0.8503770232200623, -0.8400182127952576, 0.13655051589012146, -0.5250938534736633], "cam_t_m2c": [-42.93788528442383, 214.2490234375, 986.7943115234375], "obj_id": 1}, {"cam_R_m2c": [0.8973146080970764, -0.14157946407794952, -0.418069064617157, -0.0025977431796491146, 0.9454511404037476, -0.32575348019599915, 0.44138389825820923, 0.2933894097805023, 0.8479993343353271], "cam_t_m2c": [-235.68569946289062, 209.900634765625, 755.2993774414062], "obj_id": 1}, {"cam_R_m2c": [-0.8792562484741211, -0.13467678427696228, 0.45691394805908203, -0.4302792251110077, -0.1869865208864212, -0.8831170201301575, 0.20437215268611908, -0.9730868935585022, 0.1064605787396431], "cam_t_m2c": [-122.16663360595703, 453.8536071777344, 675.8615112304688], "obj_id": 1}, {"cam_R_m2c": [-0.8378748893737793, -0.5268937945365906, 0.14264808595180511, 0.30994224548339844, -0.6743304133415222, -0.6702344417572021, 0.4493343234062195, -0.5173599720001221, 0.7283112406730652], "cam_t_m2c": [-136.51156616210938, 497.97601318359375, 717.4656982421875], "obj_id": 1}, {"cam_R_m2c": [-0.16260063648223877, 0.1291993111371994, 0.9781965613365173, 0.018193399533629417, 0.9916141033172607, -0.12794728577136993, -0.986524224281311, -0.00300758914090693, -0.16358764469623566], "cam_t_m2c": [-251.59722900390625, 318.15435791015625, 662.8095703125], "obj_id": 1}, {"cam_R_m2c": [-0.5708387494087219, -0.5401113629341125, -0.6184035539627075, -0.3049088418483734, -0.5598663091659546, 0.7704417109489441, -0.7623475790023804, 0.6283546090126038, 0.15490856766700745], "cam_t_m2c": [-183.22311401367188, 399.29486083984375, 774.0979614257812], "obj_id": 1}, {"cam_R_m2c": [0.8924466371536255, -0.431689590215683, 0.13108424842357635, 0.4492015540599823, 0.8232569098472595, -0.3470822274684906, 0.04191576689481735, 0.3686355948448181, 0.9286285042762756], "cam_t_m2c": [-147.72137451171875, 410.1737060546875, 887.8583984375], "obj_id": 1}, {"cam_R_m2c": [0.754794716835022, -0.6182703971862793, -0.21914978325366974, 0.273805171251297, -0.006636636797338724, 0.9617621302604675, -0.5960835814476013, -0.7859372496604919, 0.1642763763666153], "cam_t_m2c": [-196.41610717773438, 269.4960021972656, 1062.1815185546875], "obj_id": 3}, {"cam_R_m2c": [-0.4118632376194, 0.9110643863677979, 0.018172770738601685, 0.5969325304031372, 0.2546788454055786, 0.7607957720756531, 0.6885057091712952, 0.32419174909591675, -0.648736834526062], "cam_t_m2c": [28.36338233947754, 430.6002502441406, 1001.0459594726562], "obj_id": 1}, {"cam_R_m2c": [-0.46340757608413696, -0.716066300868988, -0.5220176577568054, -0.6810547113418579, 0.6646848917007446, -0.3071782886981964, 0.566937267780304, 0.21317386627197266, -0.7957003116607666], "cam_t_m2c": [-181.57015991210938, 182.06224060058594, 696.9388427734375], "obj_id": 1}, {"cam_R_m2c": [-0.008986392989754677, 0.39679914712905884, 0.9178614616394043, 0.8918287754058838, -0.4119870066642761, 0.18683697283267975, 0.4522837698459625, 0.8202542662620544, -0.35017457604408264], "cam_t_m2c": [48.6783561706543, 155.34193420410156, 921.0091552734375], "obj_id": 1}, {"cam_R_m2c": [0.3375788629055023, 0.3991954028606415, -0.8524572849273682, -0.9366111755371094, 0.23270370066165924, -0.26193198561668396, 0.09380785375833511, 0.8868438005447388, 0.4524467885494232], "cam_t_m2c": [-207.0184783935547, 211.94888305664062, 687.8846435546875], "obj_id": 1}, {"cam_R_m2c": [0.9793680906295776, 0.1424403190612793, 0.14334870874881744, -0.16564491391181946, 0.15950767695903778, 0.9732004404067993, 0.11575775593519211, -0.9768664240837097, 0.1798112392425537], "cam_t_m2c": [-113.03785705566406, 328.9149475097656, 1063.2030029296875], "obj_id": 3}, {"cam_R_m2c": [-0.060891397297382355, 0.7895342707633972, 0.6106782555580139, -0.9503648281097412, -0.23288396000862122, 0.20632930099964142, 0.30512121319770813, -0.5678035020828247, 0.7645261883735657], "cam_t_m2c": [-78.82417297363281, 164.53213500976562, 817.1602783203125], "obj_id": 1}, {"cam_R_m2c": [-0.8129810094833374, -0.31639567017555237, -0.4888307452201843, -0.5144813656806946, 0.7834731340408325, 0.34853804111480713, 0.27270981669425964, 0.5348491668701172, -0.7997284531593323], "cam_t_m2c": [137.66415405273438, 175.69326782226562, 850.89453125], "obj_id": 1}, {"cam_R_m2c": [-0.6027889847755432, 0.00437923101708293, 0.7978885173797607, 0.31497475504875183, -0.9174667596817017, 0.24299275875091553, 0.7331003546714783, 0.3977881371974945, 0.5516597032546997], "cam_t_m2c": [-211.51246643066406, 410.09368896484375, 1052.987548828125], "obj_id": 1}, {"cam_R_m2c": [-0.03504876419901848, -0.938307523727417, -0.34402111172676086, -0.14732404053211212, 0.34532278776168823, -0.926848292350769, 0.9884670376777649, 0.018197646364569664, -0.15033836662769318], "cam_t_m2c": [62.75764083862305, 501.6563415527344, 776.961181640625], "obj_id": 3}, {"cam_R_m2c": [-0.8404873013496399, 0.48485100269317627, -0.24186883866786957, -0.5176413059234619, -0.5866318941116333, 0.6228246092796326, 0.1600891500711441, 0.6486774682998657, 0.7440356016159058], "cam_t_m2c": [5.614555835723877, 310.5697937011719, 704.6115112304688], "obj_id": 1}, {"cam_R_m2c": [0.5096019506454468, -0.2192751169204712, -0.8320001363754272, 0.3951229453086853, 0.9186282157897949, -9.24094274523668e-05, 0.7643190622329712, -0.32869526743888855, 0.5547754168510437], "cam_t_m2c": [-225.85169982910156, 522.8440551757812, 1027.2459716796875], "obj_id": 1}, {"cam_R_m2c": [0.8687981367111206, 0.49249809980392456, -0.051335979253053665, 0.3398821949958801, -0.5177351832389832, 0.7851307988166809, 0.3600969910621643, -0.6995683908462524, -0.6171987056732178], "cam_t_m2c": [-68.65525817871094, 424.9421081542969, 983.505859375], "obj_id": 3}, {"cam_R_m2c": [-0.23276999592781067, -0.8457980751991272, -0.4800454378128052, -0.9007686972618103, 0.00140671047847718, 0.4342968165874481, -0.36665216088294983, 0.5335012078285217, -0.7621958255767822], "cam_t_m2c": [-128.54251098632812, 154.03172302246094, 705.2769775390625], "obj_id": 1}, {"cam_R_m2c": [0.31737035512924194, 0.43293899297714233, -0.843705952167511, -0.930798351764679, 0.3123686611652374, -0.18984240293502808, 0.18135707080364227, 0.8455705046653748, 0.5021155476570129], "cam_t_m2c": [-18.084848403930664, 201.85533142089844, 747.2637939453125], "obj_id": 3}, {"cam_R_m2c": [0.47657570242881775, -0.6513362526893616, 0.590454638004303, -0.10477133095264435, -0.7089254260063171, -0.697458028793335, 0.872868001461029, 0.2705288529396057, -0.40609800815582275], "cam_t_m2c": [-149.86077880859375, 227.04904174804688, 1041.1409912109375], "obj_id": 3}, {"cam_R_m2c": [-0.6732620000839233, -0.26192978024482727, -0.6914557218551636, -0.7176485657691956, 0.4566577970981598, 0.5257795453071594, 0.17804132401943207, 0.850209653377533, -0.4954238831996918], "cam_t_m2c": [-104.4847183227539, 316.3731689453125, 912.8453369140625], "obj_id": 3}, {"cam_R_m2c": [-0.5401032567024231, -0.025245800614356995, -0.8412200212478638, 0.6754574775695801, 0.583261251449585, -0.45118004083633423, 0.5020414590835571, -0.8118922114372253, -0.2979688346385956], "cam_t_m2c": [-201.24595642089844, 263.320068359375, 1057.7259521484375], "obj_id": 3}, {"cam_R_m2c": [0.2800626754760742, 0.8603697419166565, -0.4258270263671875, 0.20602717995643616, 0.37937337160110474, 0.9020135998725891, 0.9376127123832703, -0.34035220742225647, -0.07101120799779892], "cam_t_m2c": [-191.8220672607422, 380.3404541015625, 796.406982421875], "obj_id": 1}, {"cam_R_m2c": [-0.9198424816131592, 0.21854500472545624, 0.3257732689380646, -0.3226467967033386, -0.8938331604003906, -0.3113866150379181, 0.22313493490219116, -0.39153626561164856, 0.8926982283592224], "cam_t_m2c": [-108.66024780273438, 498.011962890625, 1020.6769409179688], "obj_id": 3}, {"cam_R_m2c": [0.4296955168247223, 0.8282129168510437, -0.3597570061683655, 0.12047981470823288, 0.34226569533348083, 0.9318469166755676, 0.8949002027511597, -0.4437538683414459, 0.04728711023926735], "cam_t_m2c": [52.36518096923828, 313.3561706542969, 889.2067260742188], "obj_id": 3}, {"cam_R_m2c": [-0.36882737278938293, -0.8983601331710815, -0.23856952786445618, -0.5067743062973022, 0.4095146656036377, -0.7586023807525635, 0.7791958451271057, -0.1588924080133438, -0.6063060760498047], "cam_t_m2c": [-137.5399932861328, 489.9895324707031, 905.9808349609375], "obj_id": 3}, {"cam_R_m2c": [-0.8196860551834106, 0.5084911584854126, 0.263725608587265, 0.19569824635982513, -0.1841064691543579, 0.9632272720336914, 0.5383462309837341, 0.8411547541618347, 0.05139883607625961], "cam_t_m2c": [-221.25465393066406, 256.6526794433594, 745.129150390625], "obj_id": 1}, {"cam_R_m2c": [-0.1682232916355133, 0.8833137154579163, -0.4375584125518799, -0.6396154165267944, 0.23994314670562744, 0.7302870154380798, 0.7500617504119873, 0.4027206003665924, 0.5246173143386841], "cam_t_m2c": [-270.1264343261719, 466.6560974121094, 719.46826171875], "obj_id": 3}, {"cam_R_m2c": [0.9707944989204407, -0.21964740753173828, 0.09650436788797379, 0.1961573362350464, 0.49509647488594055, -0.8464052081108093, 0.1381317377090454, 0.8406155109405518, 0.5237223505973816], "cam_t_m2c": [-126.18167877197266, 247.77806091308594, 962.9117431640625], "obj_id": 3}, {"cam_R_m2c": [0.3649347126483917, 0.9251000285148621, -0.10494035482406616, 0.7369225025177002, -0.21812313795089722, 0.6398181915283203, 0.5690059661865234, -0.31082475185394287, -0.7613277435302734], "cam_t_m2c": [33.44948959350586, 331.4395751953125, 828.7362670898438], "obj_id": 1}, {"cam_R_m2c": [0.772711455821991, 0.34988999366760254, -0.5296168923377991, -0.49461793899536133, 0.8548293709754944, -0.15690724551677704, 0.3978317677974701, 0.3832020163536072, 0.833598256111145], "cam_t_m2c": [-221.54568481445312, 449.3420715332031, 842.1426391601562], "obj_id": 1}, {"cam_R_m2c": [0.7308870553970337, 0.6378083229064941, 0.24290874600410461, 0.68205726146698, -0.6697913408279419, -0.2935599088668823, -0.024536775425076485, 0.38023680448532104, -0.9245635867118835], "cam_t_m2c": [-268.0408020019531, 363.9881896972656, 715.607421875], "obj_id": 1}, {"cam_R_m2c": [-0.46891170740127563, -0.3290783166885376, -0.8196519017219543, -0.17934103310108185, 0.9441429972648621, -0.276461124420166, 0.8648459911346436, 0.0173613503575325, -0.5017369389533997], "cam_t_m2c": [82.71610260009766, 245.95681762695312, 1042.228271484375], "obj_id": 1}, {"cam_R_m2c": [-0.19076941907405853, -0.9326156377792358, -0.30632495880126953, -0.21497569978237152, 0.34417274594306946, -0.9139641523361206, 0.9578059911727905, -0.1085040494799614, -0.26614728569984436], "cam_t_m2c": [-275.61871337890625, 449.2912292480469, 661.5901489257812], "obj_id": 1}, {"cam_R_m2c": [0.05043300241231918, 0.5968993306159973, -0.8007294535636902, 0.6593207716941833, -0.6221121549606323, -0.4222234785556793, -0.7501684427261353, -0.506643533706665, -0.4249231219291687], "cam_t_m2c": [-92.40290069580078, 251.435546875, 1008.9600219726562], "obj_id": 3}, {"cam_R_m2c": [-0.801066517829895, 0.5148484706878662, -0.30532532930374146, -0.008887283504009247, 0.49980035424232483, 0.8660950660705566, 0.5985094308853149, 0.6965132355690002, -0.3957977294921875], "cam_t_m2c": [-184.75537109375, 231.06675720214844, 893.0087280273438], "obj_id": 3}, {"cam_R_m2c": [-0.5688931941986084, -0.822328507900238, 0.01167962234467268, -0.263468474149704, 0.16877955198287964, -0.9497883319854736, 0.7790667414665222, -0.543405294418335, -0.3126751780509949], "cam_t_m2c": [-14.349496841430664, 267.00640869140625, 796.0631103515625], "obj_id": 3}, {"cam_R_m2c": [-0.11304746568202972, -0.07145880907773972, 0.9910164475440979, 0.9935809373855591, -0.01225792896002531, 0.11245623230934143, 0.004111938178539276, 0.9973680973052979, 0.07238598167896271], "cam_t_m2c": [37.79473876953125, 148.43716430664062, 847.8220825195312], "obj_id": 1}, {"cam_R_m2c": [0.07304878532886505, -0.6835713386535645, 0.7262189984321594, -0.9663473963737488, 0.13157084584236145, 0.22104690968990326, -0.2466505467891693, -0.7179270386695862, -0.6509562730789185], "cam_t_m2c": [-149.54214477539062, 364.3277587890625, 890.1658935546875], "obj_id": 3}, {"cam_R_m2c": [0.836881160736084, -0.3052250146865845, -0.45438700914382935, 0.4777555465698242, 0.0021298672072589397, 0.8784900903701782, -0.26716944575309753, -0.9522777795791626, 0.14760541915893555], "cam_t_m2c": [56.10097122192383, 299.7444763183594, 773.8374633789062], "obj_id": 1}, {"cam_R_m2c": [-0.254830002784729, 0.7101610898971558, -0.6563023924827576, -0.9668054580688477, -0.17400389909744263, 0.18710921704769135, 0.018678514286875725, 0.6821978092193604, 0.7309290766716003], "cam_t_m2c": [-0.23274827003479004, 267.66143798828125, 689.0763549804688], "obj_id": 1}, {"cam_R_m2c": [-0.5637062191963196, -0.0662112757563591, -0.8233173489570618, -0.7144577503204346, -0.46109360456466675, 0.5262537002563477, -0.41447025537490845, 0.8848778605461121, 0.21261608600616455], "cam_t_m2c": [-55.03760528564453, 421.0999755859375, 905.9349365234375], "obj_id": 3}, {"cam_R_m2c": [-0.4733690917491913, -0.5386155247688293, 0.6970042586326599, -0.6930256485939026, 0.7161487936973572, 0.08274249732494354, -0.5437251329421997, -0.4438740909099579, -0.7122770547866821], "cam_t_m2c": [-263.9312438964844, 236.7616729736328, 1042.75341796875], "obj_id": 3}, {"cam_R_m2c": [0.8152174353599548, 0.5497720837593079, 0.18212956190109253, 0.5461235642433167, -0.6250370144844055, -0.5577434301376343, -0.1927940398454666, 0.5541474223136902, -0.8097845911979675], "cam_t_m2c": [-269.93145751953125, 486.401123046875, 1033.9544677734375], "obj_id": 3}, {"cam_R_m2c": [-0.8573559522628784, 0.05132798105478287, 0.5121580362319946, -0.002930151065811515, -0.9954859614372253, 0.09486155211925507, 0.5147152543067932, 0.07982943952083588, 0.8536365628242493], "cam_t_m2c": [32.85875701904297, 359.1014099121094, 682.7345581054688], "obj_id": 1}, {"cam_R_m2c": [0.7348232269287109, 0.47337764501571655, 0.4857451915740967, 0.49964383244514465, 0.10652000457048416, -0.859656572341919, -0.4586837887763977, 0.8743951916694641, -0.15824685990810394], "cam_t_m2c": [-83.9352798461914, 508.24700927734375, 983.5595703125], "obj_id": 1}, {"cam_R_m2c": [-0.23851948976516724, -0.6178761720657349, 0.7492246031761169, -0.6084172129631042, 0.6963921785354614, 0.3806132674217224, -0.7569260597229004, -0.36505746841430664, -0.542029619216919], "cam_t_m2c": [-82.2447509765625, 533.974365234375, 983.0828857421875], "obj_id": 3}, {"cam_R_m2c": [0.8708254098892212, 0.4907605051994324, 0.028588196262717247, 0.2196538746356964, -0.440470814704895, 0.8704813122749329, 0.43979009985923767, -0.7517577409744263, -0.49137061834335327], "cam_t_m2c": [-170.9319305419922, 289.35772705078125, 926.990234375], "obj_id": 3}, {"cam_R_m2c": [0.5905675888061523, 0.14559119939804077, -0.793746292591095, -0.06467559188604355, 0.9889660477638245, 0.13327866792678833, 0.8043923377990723, -0.02737404964864254, 0.5934674739837646], "cam_t_m2c": [91.57099151611328, 183.7117462158203, 1073.3887939453125], "obj_id": 3}, {"cam_R_m2c": [-0.9388892650604248, -0.308719664812088, -0.15224595367908478, 0.18586835265159607, -0.08241767436265945, -0.979111909866333, 0.28972333669662476, -0.9475755095481873, 0.13476243615150452], "cam_t_m2c": [-109.52081298828125, 226.60862731933594, 1067.670654296875], "obj_id": 3}, {"cam_R_m2c": [-0.4413115978240967, -0.6467574238777161, 0.6220520734786987, 0.8322977423667908, -0.035877905786037445, 0.5531664490699768, -0.3354465663433075, 0.7618513703346252, 0.5541281700134277], "cam_t_m2c": [73.78540802001953, 419.25042724609375, 751.2327270507812], "obj_id": 3}, {"cam_R_m2c": [0.8483872413635254, 0.1667148470878601, 0.5024392604827881, -0.2459847331047058, 0.9645776152610779, 0.09529688954353333, -0.46875429153442383, -0.20444105565547943, 0.8593446612358093], "cam_t_m2c": [-6.366489887237549, 300.7807312011719, 924.653076171875], "obj_id": 3}, {"cam_R_m2c": [0.3395344913005829, -0.9008111953735352, 0.2706573009490967, -0.9335190653800964, -0.3579537868499756, -0.02027290314435959, 0.11514489352703094, -0.24578043818473816, -0.9624621272087097], "cam_t_m2c": [-10.848136901855469, 330.0785827636719, 664.30126953125], "obj_id": 3}, {"cam_R_m2c": [-0.9088345766067505, 0.37594717741012573, -0.18078486621379852, -0.3569721579551697, -0.47664782404899597, 0.8033539056777954, 0.215847909450531, 0.7946510910987854, 0.5673969388008118], "cam_t_m2c": [40.6328010559082, 429.0740051269531, 1015.1278686523438], "obj_id": 1}, {"cam_R_m2c": [0.8900246620178223, -0.37626808881759644, 0.2574460506439209, -0.3589770197868347, -0.23025864362716675, 0.9044978618621826, -0.2810545265674591, -0.8974425792694092, -0.3400074541568756], "cam_t_m2c": [-15.152029991149902, 481.9567565917969, 676.940673828125], "obj_id": 3}, {"cam_R_m2c": [0.7945877909660339, -0.5406766533851624, 0.27622270584106445, 0.6034089922904968, 0.6528134942054749, -0.457965224981308, 0.06728921085596085, 0.5305688381195068, 0.8449667692184448], "cam_t_m2c": [1.9859699010849, 285.4305419921875, 854.4241333007812], "obj_id": 1}, {"cam_R_m2c": [0.5228474140167236, -0.809292197227478, -0.26772505044937134, 0.10898560285568237, -0.24803130328655243, 0.9626019597053528, -0.8454304933547974, -0.5324720740318298, -0.04148130118846893], "cam_t_m2c": [-98.99700164794922, 218.35003662109375, 1047.762939453125], "obj_id": 3}, {"cam_R_m2c": [-0.8422279953956604, 0.4102416932582855, -0.34979066252708435, 0.14940987527370453, -0.44578906893730164, -0.8825806975364685, -0.518004298210144, -0.7955964207649231, 0.314162015914917], "cam_t_m2c": [-113.60009765625, 173.5458984375, 754.098388671875], "obj_id": 3}, {"cam_R_m2c": [0.5477890968322754, 0.14209751784801483, -0.8244606852531433, -0.44547680020332336, 0.8836893439292908, -0.14367853105068207, 0.7081508040428162, 0.4459836483001709, 0.5473765730857849], "cam_t_m2c": [-107.01605987548828, 208.998779296875, 726.813232421875], "obj_id": 1}, {"cam_R_m2c": [0.06184076890349388, 0.19098009169101715, 0.9796440005302429, -0.9678168296813965, -0.2284168303012848, 0.10562368482351303, 0.24393917620182037, -0.9546477794647217, 0.17070825397968292], "cam_t_m2c": [-276.49688720703125, 336.21319580078125, 683.1326904296875], "obj_id": 1