{
  "0": [{"cam_R_m2c": [-0.47805678844451904, 0.8783255815505981, 0.002423208439722657, 0.23982694745063782, 0.13318656384944916, -0.9616363048553467, -0.8449524641036987, -0.45913562178611755, -0.2743168771266937], "cam_t_m2c": [-8.006969451904297, 26.266098022460938, 329.7420959472656], "obj_id": 0}, {"cam_R_m2c": [-0.47805678844451904, 0.8783255815505981, 0.002423208439722657, 0.23982694745063782, 0.13318656384944916, -0.9616363048553467, -0.8449524641036987, -0.45913562178611755, -0.2743168771266937], "cam_t_m2c": [-8.006969451904297, 26.266098022460938, 329.7420959472656], "obj_id": 3}, {"cam_R_m2c": [-0.47805678844451904, 0.8783255815505981, 0.002423208439722657, 0.23982694745063782, 0.13318656384944916, -0.9616363048553467, -0.8449524641036987, -0.45913562178611755, -0.2743168771266937], "cam_t_m2c": [-8.006969451904297, 26.266098022460938, 329.7420959472656], "obj_id": 1}, {"cam_R_m2c": [-0.47805678844451904, 0.8783255815505981, 0.002423208439722657, 0.23982694745063782, 0.13318656384944916, -0.9616363048553467, -0.8449524641036987, -0.45913562178611755, -0.2743168771266937], "cam_t_m2c": [-8.006969451904297, 26.266098022460938, 329.7420959472656], "obj_id": 1}, {"cam_R_m2c": [-0.47805678844451904, 0.8783255815505981, 0.002423208439722657, 0.23982694745063782, 0.13318656384944916, -0.9616363048553467, -0.8449524641036987, -0.45913562178611755, -0.2743168771266937], "cam_t_m2c": [-8.006969451904297, 26.266098022460938, 329.7420959472656], "obj_id": 0}, {"cam_R_m2c": [-0.47805678844451904, 0.8783255815505981, 0.002423208439722657, 0.23982694745063782, 0.13318656384944916, -0.9616363048553467, -0.8449524641036987, -0.45913562178611755, -0.2743168771266937], "cam_t_m2c": [-8.006969451904297, 26.266098022460938, 329.7420959472656], "obj_id": 3}, {"cam_R_m2c": [-0.47805678844451904, 0.8783255815505981, 0.002423208439722657, 0.23982694745063782, 0.13318656384944916, -0.9616363048553467, -0.8449524641036987, -0.45913562178611755, -0.2743168771266937], "cam_t_m2c": [-8.006969451904297, 26.266098022460938, 329.7420959472656], "obj_id": 1}, {"cam_R_m2c": [-0.47805678844451904, 0.8783255815505981, 0.002423208439722657, 0.23982694745063782, 0.13318656384944916, -0.9616363048553467, -0.8449524641036987, -0.45913562178611755, -0.2743168771266937], "cam_t_m2c": [-8.006969451904297, 26.266098022460938, 329.7420959472656], "obj_id": 3}, {"cam_R_m2c": [-0.47805678844451904, 0.8783255815505981, 0.002423208439722657, 0.23982694745063782, 0.13318656384944916, -0.9616363048553467, -0.8449524641036987, -0.45913562178611755, -0.2743168771266937], "cam_t_m2c": [-8.006969451904297, 26.266098022460938, 329.7420959472656], "obj_id": 2}, {"cam_R_m2c": [-0.47805678844451904, 0.8783255815505981, 0.002423208439722657, 0.23982694745063782, 0.13318656384944916, -0.9616363048553467, -0.8449524641036987, -0.45913562178611755, -0.2743168771266937], "cam_t_m2c": [-8.006969451904297, 26.266098022460938, 329.7420959472656], "obj_id": 2}, {"cam_R_m2c": [-0.47805678844451904, 0.8783255815505981, 0.002423208439722657, 0.23982694745063782, 0.13318656384944916, -0.9616363048553467, -0.8449524641036987, -0.45913562178611755, -0.2743168771266937], "cam_t_m2c": [-8.006969451904297, 26.266098022460938, 329.7420959472656], "obj_id": 1}, {"cam_R_m2c": [-0.47805678844451904, 0.8783255815505981, 0.002423208439722657, 0.23982694745063782, 0.13318656384944916, -0.9616363048553467, -0.8449524641036987, -0.45913562178611755, -0.2743168771266937], "cam_t_m2c": [-8.006969451904297, 26.266098022460938, 329.7420959472656], "obj_id": 2}, {"cam_R_m2c": [-0.47805678844451904, 0.8783255815505981, 0.002423208439722657, 0.23982694745063782, 0.13318656384944916, -0.9616363048553467, -0.8449524641036987, -0.45913562178611755, -0.2743168771266937], "cam_t_m2c": [-8.006969451904297, 26.266098022460938, 329.7420959472656], "obj_id": 2}, {"cam_R_m2c": [-0.47805678844451904, 0.8783255815505981, 0.002423208439722657, 0.23982694745063782, 0.13318656384944916, -0.9616363048553467, -0.8449524641036987, -0.45913562178611755, -0.2743168771266937], "cam_t_m2c": [-8.006969451904297, 26.266098022460938, 329.7420959472656], "obj_id": 0}, {"cam_R_m2c": [-0.47805678844451904, 0.8783255815505981, 0.002423208439722657, 0.23982694745063782, 0.13318656384944916, -0.9616363048553467, -0.8449524641036987, -0.45913562178611755, -0.2743168771266937], "cam_t_m2c": [-8.006969451904297, 26.266098022460938, 329.7420959472656], "obj_id": 3}, {"cam_R_m2c": [-0.47805678844451904, 0.8783255815505981, 0.002423208439722657, 0.23982694745063782, 0.13318656384944916, -0.9616363048553467, -0.8449524641036987, -0.45913562178611755, -0.2743168771266937], "cam_t_m2c": [-8.006969451904297, 26.266098022460938, 329.7420959472656], "obj_id": 2}, {"cam_R_m2c": [-0.47805678844451904, 0.8783255815505981, 0.002423208439722657, 0.23982694745063782, 0.13318656384944916, -0.9616363048553467, -0.8449524641036987, -0.45913562178611755, -0.2743168771266937], "cam_t_m2c": [-8.006969451904297, 26.266098022460938, 329.7420959472656], "obj_id": 2}, {"cam_R_m2c": [-0.47805678844451904, 0.8783255815505981, 0.002423208439722657, 0.23982694745063782, 0.13318656384944916, -0.9616363048553467, -0.8449524641036987, -0.45913562178611755, -0.2743168771266937], "cam_t_m2c": [-8.006969451904297, 26.266098022460938, 329.7420959472656], "obj_id": 0}, {"cam_R_m2c": [-0.47805678844451904, 0.8783255815505981, 0.002423208439722657, 0.23982694745063782, 0.13318656384944916, -0.9616363048553467, -0.8449524641036987, -0.45913562178611755, -0.2743168771266937], "cam_t_m2c": [-8.006969451904297, 26.266098022460938, 329.7420959472656], "obj_id": 2}, {"cam_R_m2c": [-0.47805678844451904, 0.8783255815505981, 0.002423208439722657, 0.23982694745063782, 0.13318656384944916, -0.9616363048553467, -0.8449524641036987, -0.45913562178611755, -0.2743168771266937], "cam_t_m2c": [-8.006969451904297, 26.266098022460938, 329.7420959472656], "obj_id": 0}, {"cam_R_m2c": [-0.47805678844451904, 0.8783255815505981, 0.002423208439722657, 0.23982694745063782, 0.13318656384944916, -0.9616363048553467, -0.8449524641036987, -0.45913562178611755, -0.2743168771266937], "cam_t_m2c": [-8.006969451904297, 26.266098022460938, 329.7420959472656], "obj_id": 3}, {"cam_R_m2c": [-0.47805678844451904, 0.8783255815505981, 0.002423208439722657, 0.23982694745063782, 0.13318656384944916, -0.9616363048553467, -0.8449524641036987, -0.45913562178611755, -0.2743168771266937], "cam_t_m2c": [-8.006969451904297, 26.266098022460938, 329.7420959472656], "obj_id": 0}, {"cam_R_m2c": [-0.47805678844451904, 0.8783255815505981, 0.002423208439722657, 0.23982694745063782, 0.13318656384944916, -0.9616363048553467, -0.8449524641036987, -0.45913562178611755, -0.2743168771266937], "cam_t_m2c": [-8.006969451904297, 26.266098022460938, 329.7420959472656], "obj_id": 0}, {"cam_R_m2c": [-0.47805678844451904, 0.8783255815505981, 0.002423208439722657, 0.23982694745063782, 0.13318656384944916, -0.9616363048553467, -0.8449524641036987, -0.45913562178611755, -0.2743168771266937], "cam_t_m2c": [-8.006969451904297, 26.266098022460938, 329.7420959472656], "obj_id": 3}, {"cam_R_m2c": [-0.8941887021064758, 0.14791235327720642, -0.42255017161369324, 0.2473745048046112, 0.9499133229255676, -0.1909727305173874, 0.37313881516456604, -0.2752937972545624, -0.8859914541244507], "cam_t_m2c": [76.00376892089844, 41.23427200317383, 95.74131774902344], "obj_id": 3}, {"cam_R_m2c": [-0.5229602456092834, 0.055465731769800186, 0.8505504727363586, 0.5421041250228882, 0.7916923761367798, 0.2816847562789917, -0.6577504277229309, 0.6083968281745911, -0.4440918266773224], "cam_t_m2c": [12.145648002624512, -46.00212860107422, 400.99029541015625], "obj_id": 3}, {"cam_R_m2c": [-0.14178751409053802, 0.9418224096298218, -0.3047405779361725, -0.4694138765335083, 0.20706535875797272, 0.858355700969696, 0.8715198636054993, 0.2647535800933838, 0.41274523735046387], "cam_t_m2c": [207.01510620117188, -18.3186092376709, 581.1985473632812], "obj_id": 1}, {"cam_R_m2c": [-0.13682420551776886, 0.6717806458473206, -0.7280040383338928, 0.5837847590446472, -0.5390514731407166, -0.6071398258209229, -0.8002964854240417, -0.5080690979957581, -0.3184199631214142], "cam_t_m2c": [199.88967895507812, -3.062215566635132, 402.22900390625], "obj_id": 3}, {"cam_R_m2c": [0.22147569060325623, 0.5161288976669312, 0.8273810148239136, -0.5826683640480042, 0.7503829598426819, -0.31212642788887024, -0.7819501161575317, -0.41296038031578064, 0.46692362427711487], "cam_t_m2c": [49.50077819824219, 85.18485260009766, 149.8636932373047], "obj_id": 0}, {"cam_R_m2c": [0.08084634691476822, -0.9458926320075989, -0.31424680352211, 0.9413895606994629, 0.1760532259941101, -0.28773415088653564, 0.32748979330062866, -0.27256637811660767, 0.904686689376831], "cam_t_m2c": [-237.01390075683594, -140.94363403320312, 731.6131591796875], "obj_id": 0}, {"cam_R_m2c": [-0.5741795897483826, 0.8126965165138245, 0.09920716285705566, -0.18421246111392975, -0.24630247056484222, 0.9515255093574524, 0.7977364659309387, 0.5280713438987732, 0.29113075137138367], "cam_t_m2c": [-99.42803955078125, 8199.5751953125, 2735.049072265625], "obj_id": 2}, {"cam_R_m2c": [-0.4866048991680145, 0.8717583417892456, -0.057036008685827255, 0.7912525534629822, 0.4674592614173889, 0.3942095935344696, 0.3703174889087677, 0.14669442176818848, -0.9172490239143372], "cam_t_m2c": [-329.6400146484375, 7101.5, 2121.185302734375], "obj_id": 2}]
}