{
  "0": [{"cam_R_m2c": [-0.46410897374153137, -0.7145653963088989, 0.5234494805335999, 0.4308708906173706, 0.3342021405696869, 0.8382477164268494, -0.7739207148551941, 0.6145773530006409, 0.15277913212776184], "cam_t_m2c": [164.093994140625, 417.59405517578125, 1182.0999755859375], "obj_id": 0}, {"cam_R_m2c": [-0.6651098132133484, -0.35959988832473755, -0.6544591784477234, -0.6603807210922241, 0.6923851370811462, 0.290689080953598, 0.34860602021217346, 0.6255323886871338, -0.6979849934577942], "cam_t_m2c": [226.5328826904297, 550.939208984375, 1175.945556640625], "obj_id": 0}, {"cam_R_m2c": [-0.8608337044715881, 0.28665032982826233, -0.4204721450805664, 0.45949459075927734, 0.7929311990737915, -0.4001559615135193, 0.21870064735412598, -0.5376724600791931, -0.8142961859703064], "cam_t_m2c": [89.4213638305664, 530.7904663085938, 1305.4478759765625], "obj_id": 2}],
  "1": [{"cam_R_m2c": [0.682476282119751, 0.7212913036346436, 0.11817348003387451, -0.7205001711845398, 0.691094160079956, -0.057169195264577866, -0.12290463596582413, -0.046127405017614365, 0.9913458824157715], "cam_t_m2c": [129.51739501953125, 45.80503463745117, 1288.5906982421875], "obj_id": 0}, {"cam_R_m2c": [0.0702335461974144, 0.6742815971374512, 0.735126793384552, 0.5494866967201233, 0.5889092087745667, -0.5926637053489685, -0.8325451612472534, 0.44556725025177, -0.3291475772857666], "cam_t_m2c": [166.39614868164062, 10.823973655700684, 1426.9459228515625], "obj_id": 0}, {"cam_R_m2c": [0.9398784041404724, 0.3179890215396881, 0.12454532831907272, 0.31740209460258484, -0.6787822246551514, -0.6622012257575989, -0.12603355944156647, 0.6619195938110352, -0.7389031648635864], "cam_t_m2c": [250.56085205078125, 166.06520080566406, 1356.431884765625], "obj_id": 2}]
}