{
  "0": [{"cam_R_m2c": [0.8063277006149292, 0.5606170892715454, -0.18853141367435455, 0.3833604156970978, -0.738093376159668, -0.5552052855491638, -0.4504113495349884, 0.37540191411972046, -0.8100634813308716], "cam_t_m2c": [-157.42079162597656, 44.0781364440918, 991.854248046875], "obj_id": 3}, {"cam_R_m2c": [0.021872125566005707, -0.9995754957199097, -0.019245337694883347, 0.6831188797950745, 0.0008866505231708288, 0.7303065657615662, -0.7299795150756836, -0.02912019193172455, 0.682848334312439], "cam_t_m2c": [-123.10721588134766, 3.049602746963501, 956.3379516601562], "obj_id": 2}, {"cam_R_m2c": [0.8027531504631042, 0.5020332932472229, 0.32179173827171326, -0.028233986347913742, 0.5710311532020569, -0.8204427361488342, -0.5956426858901978, 0.6495275497436523, 0.472571462392807], "cam_t_m2c": [-211.98992919921875, -13.747885704040527, 994.4908447265625], "obj_id": 1}, {"cam_R_m2c": [-0.32834315299987793, 0.5954521298408508, -0.7332308888435364, 0.5267243385314941, 0.7597918510437012, 0.38115331530570984, 0.7840613722801208, -0.2610614597797394, -0.5631116032600403], "cam_t_m2c": [-12.948321342468262, 10.140547752380371, 1023.849365234375], "obj_id": 1}, {"cam_R_m2c": [0.6994799971580505, -0.5849247574806213, -0.4105980396270752, 0.3610399067401886, 0.7850610613822937, -0.5033182501792908, 0.6167478561401367, 0.20381876826286316, 0.7603157162666321], "cam_t_m2c": [-87.51184844970703, 67.98941802978516, 962.57666015625], "obj_id": 1}, {"cam_R_m2c": [-0.461950421333313, 0.3119586706161499, -0.8302309513092041, 0.4150477945804596, -0.75123131275177, -0.5132122039794922, -0.7837965488433838, -0.5816641449928284, 0.21755394339561462], "cam_t_m2c": [4.273548984201625e-05, 4.190951585769653e-05, 1016.4511108398438], "obj_id": 1}, {"cam_R_m2c": [0.33575788140296936, 0.30644145607948303, -0.8907077312469482, 0.9036399722099304, -0.37171727418899536, 0.21274611353874207, -0.265897274017334, -0.8763102889060974, -0.40171971917152405], "cam_t_m2c": [-184.74346923828125, -18.963666915893555, 1060.0361328125], "obj_id": 2}, {"cam_R_m2c": [-0.7201552391052246, 0.15075257420539856, -0.6772369146347046, -0.6170520186424255, -0.5854414105415344, 0.5258373618125916, -0.31721124053001404, 0.7965750694274902, 0.5146310925483704], "cam_t_m2c": [-122.9548568725586, 33.284934997558594, 1026.8594970703125], "obj_id": 1}, {"cam_R_m2c": [0.910689651966095, -0.36032092571258545, -0.20202264189720154, -0.3316366672515869, -0.34613630175590515, -0.8776143193244934, 0.24629540741443634, 0.8662323951721191, -0.43471840023994446], "cam_t_m2c": [-172.3886260986328, 72.70658111572266, 1001.881103515625], "obj_id": 3}, {"cam_R_m2c": [0.34991738200187683, 0.4632270634174347, -0.8142349720001221, -0.6299111843109131, 0.7596920728683472, 0.1614927500486374, 0.6933756470680237, 0.4563865661621094, 0.5576213598251343], "cam_t_m2c": [-79.03085327148438, 24.613290786743164, 1059.7911376953125], "obj_id": 3}]
}