{
  "0": [{"cam_R_m2c": [0.6854143738746643, -0.5761972665786743, 0.4452008306980133, -0.3062621057033539, -0.7828244566917419, -0.5416541695594788, 0.6606137752532959, 0.23490941524505615, -0.7130265235900879], "cam_t_m2c": [110.69651794433594, 126.91741943359375, 356.37408447265625], "obj_id": 3}, {"cam_R_m2c": [0.6854143738746643, -0.5761972665786743, 0.4452008306980133, -0.3062621057033539, -0.7828244566917419, -0.5416541695594788, 0.6606137752532959, 0.23490941524505615, -0.7130265235900879], "cam_t_m2c": [110.69651794433594, 126.91741943359375, 356.37408447265625], "obj_id": 0}, {"cam_R_m2c": [0.6854143738746643, -0.5761972665786743, 0.4452008306980133, -0.3062621057033539, -0.7828244566917419, -0.5416541695594788, 0.6606137752532959, 0.23490941524505615, -0.7130265235900879], "cam_t_m2c": [110.69651794433594, 126.91741943359375, 356.37408447265625], "obj_id": 3}, {"cam_R_m2c": [0.6854143738746643, -0.5761972665786743, 0.4452008306980133, -0.3062621057033539, -0.7828244566917419, -0.5416541695594788, 0.6606137752532959, 0.23490941524505615, -0.7130265235900879], "cam_t_m2c": [110.69651794433594, 126.91741943359375, 356.37408447265625], "obj_id": 3}, {"cam_R_m2c": [0.6854143738746643, -0.5761972665786743, 0.4452008306980133, -0.3062621057033539, -0.7828244566917419, -0.5416541695594788, 0.6606137752532959, 0.23490941524505615, -0.7130265235900879], "cam_t_m2c": [110.69651794433594, 126.91741943359375, 356.37408447265625], "obj_id": 1}, {"cam_R_m2c": [0.6854143738746643, -0.5761972665786743, 0.4452008306980133, -0.3062621057033539, -0.7828244566917419, -0.5416541695594788, 0.6606137752532959, 0.23490941524505615, -0.7130265235900879], "cam_t_m2c": [110.69651794433594, 126.91741943359375, 356.37408447265625], "obj_id": 1}, {"cam_R_m2c": [0.6854143738746643, -0.5761972665786743, 0.4452008306980133, -0.3062621057033539, -0.7828244566917419, -0.5416541695594788, 0.6606137752532959, 0.23490941524505615, -0.7130265235900879], "cam_t_m2c": [110.69651794433594, 126.91741943359375, 356.37408447265625], "obj_id": 3}, {"cam_R_m2c": [0.6854143738746643, -0.5761972665786743, 0.4452008306980133, -0.3062621057033539, -0.7828244566917419, -0.5416541695594788, 0.6606137752532959, 0.23490941524505615, -0.7130265235900879], "cam_t_m2c": [110.69651794433594, 126.91741943359375, 356.37408447265625], "obj_id": 1}, {"cam_R_m2c": [0.6854143738746643, -0.5761972665786743, 0.4452008306980133, -0.3062621057033539, -0.7828244566917419, -0.5416541695594788, 0.6606137752532959, 0.23490941524505615, -0.7130265235900879], "cam_t_m2c": [110.69651794433594, 126.91741943359375, 356.37408447265625], "obj_id": 1}, {"cam_R_m2c": [0.6854143738746643, -0.5761972665786743, 0.4452008306980133, -0.3062621057033539, -0.7828244566917419, -0.5416541695594788, 0.6606137752532959, 0.23490941524505615, -0.7130265235900879], "cam_t_m2c": [110.69651794433594, 126.91741943359375, 356.37408447265625], "obj_id": 0}, {"cam_R_m2c": [0.6854143738746643, -0.5761972665786743, 0.4452008306980133, -0.3062621057033539, -0.7828244566917419, -0.5416541695594788, 0.6606137752532959, 0.23490941524505615, -0.7130265235900879], "cam_t_m2c": [110.69651794433594, 126.91741943359375, 356.37408447265625], "obj_id": 0}, {"cam_R_m2c": [0.6854143738746643, -0.5761972665786743, 0.4452008306980133, -0.3062621057033539, -0.7828244566917419, -0.5416541695594788, 0.6606137752532959, 0.23490941524505615, -0.7130265235900879], "cam_t_m2c": [110.69651794433594, 126.91741943359375, 356.37408447265625], "obj_id": 0}, {"cam_R_m2c": [0.6854143738746643, -0.5761972665786743, 0.4452008306980133, -0.3062621057033539, -0.7828244566917419, -0.5416541695594788, 0.6606137752532959, 0.23490941524505615, -0.7130265235900879], "cam_t_m2c": [110.69651794433594, 126.91741943359375, 356.37408447265625], "obj_id": 0}, {"cam_R_m2c": [0.6854143738746643, -0.5761972665786743, 0.4452008306980133, -0.3062621057033539, -0.7828244566917419, -0.5416541695594788, 0.6606137752532959, 0.23490941524505615, -0.7130265235900879], "cam_t_m2c": [110.69651794433594, 126.91741943359375, 356.37408447265625], "obj_id": 2}, {"cam_R_m2c": [0.6854143738746643, -0.5761972665786743, 0.4452008306980133, -0.3062621057033539, -0.7828244566917419, -0.5416541695594788, 0.6606137752532959, 0.23490941524505615, -0.7130265235900879], "cam_t_m2c": [110.69651794433594, 126.91741943359375, 356.37408447265625], "obj_id": 3}, {"cam_R_m2c": [0.6854143738746643, -0.5761972665786743, 0.4452008306980133, -0.3062621057033539, -0.7828244566917419, -0.5416541695594788, 0.6606137752532959, 0.23490941524505615, -0.7130265235900879], "cam_t_m2c": [110.69651794433594, 126.91741943359375, 356.37408447265625], "obj_id": 2}, {"cam_R_m2c": [0.6854143738746643, -0.5761972665786743, 0.4452008306980133, -0.3062621057033539, -0.7828244566917419, -0.5416541695594788, 0.6606137752532959, 0.23490941524505615, -0.7130265235900879], "cam_t_m2c": [110.69651794433594, 126.91741943359375, 356.37408447265625], "obj_id": 1}, {"cam_R_m2c": [0.6854143738746643, -0.5761972665786743, 0.4452008306980133, -0.3062621057033539, -0.7828244566917419, -0.5416541695594788, 0.6606137752532959, 0.23490941524505615, -0.7130265235900879], "cam_t_m2c": [110.69651794433594, 126.91741943359375, 356.37408447265625], "obj_id": 1}, {"cam_R_m2c": [0.6854143738746643, -0.5761972665786743, 0.4452008306980133, -0.3062621057033539, -0.7828244566917419, -0.5416541695594788, 0.6606137752532959, 0.23490941524505615, -0.7130265235900879], "cam_t_m2c": [110.69651794433594, 126.91741943359375, 356.37408447265625], "obj_id": 0}, {"cam_R_m2c": [0.6854143738746643, -0.5761972665786743, 0.4452008306980133, -0.3062621057033539, -0.7828244566917419, -0.5416541695594788, 0.6606137752532959, 0.23490941524505615, -0.7130265235900879], "cam_t_m2c": [110.69651794433594, 126.91741943359375, 356.37408447265625], "obj_id": 0}, {"cam_R_m2c": [0.6854143738746643, -0.5761972665786743, 0.4452008306980133, -0.3062621057033539, -0.7828244566917419, -0.5416541695594788, 0.6606137752532959, 0.23490941524505615, -0.7130265235900879], "cam_t_m2c": [110.69651794433594, 126.91741943359375, 356.37408447265625], "obj_id": 3}, {"cam_R_m2c": [0.6854143738746643, -0.5761972665786743, 0.4452008306980133, -0.3062621057033539, -0.7828244566917419, -0.5416541695594788, 0.6606137752532959, 0.23490941524505615, -0.7130265235900879], "cam_t_m2c": [110.69651794433594, 126.91741943359375, 356.37408447265625], "obj_id": 2}, {"cam_R_m2c": [0.6854143738746643, -0.5761972665786743, 0.4452008306980133, -0.3062621057033539, -0.7828244566917419, -0.5416541695594788, 0.6606137752532959, 0.23490941524505615, -0.7130265235900879], "cam_t_m2c": [110.69651794433594, 126.91741943359375, 356.37408447265625], "obj_id": 1}, {"cam_R_m2c": [0.6854143738746643, -0.5761972665786743, 0.4452008306980133, -0.3062621057033539, -0.7828244566917419, -0.5416541695594788, 0.6606137752532959, 0.23490941524505615, -0.7130265235900879], "cam_t_m2c": [110.69651794433594, 126.91741943359375, 356.37408447265625], "obj_id": 0}, {"cam_R_m2c": [-0.2831488251686096, 0.9022499322891235, -0.32522550225257874, 0.6106762290000916, 0.4310849606990814, 0.664259135723114, 0.7395275831222534, -0.01052324939519167, -0.6730437874794006], "cam_t_m2c": [74.94917297363281, 126.54647064208984, 284.80853271484375], "obj_id": 0}, {"cam_R_m2c": [-0.7266584038734436, 0.6733394265174866, 0.13631391525268555, 0.24672628939151764, 0.4409625828266144, -0.8629473447799683, -0.6411657929420471, -0.5934357643127441, -0.4865596890449524], "cam_t_m2c": [89.18588256835938, -25.33473014831543, 446.3094482421875], "obj_id": 3}, {"cam_R_m2c": [0.685853898525238, -0.7269202470779419, -0.03451639786362648, 0.30736151337623596, 0.24635349214076996, 0.9191510677337646, -0.6596463322639465, -0.6410123109817505, 0.39238983392715454], "cam_t_m2c": [11.120949745178223, 78.4408187866211, 329.76898193359375], "obj_id": 1}, {"cam_R_m2c": [-0.7421016097068787, 0.6342758536338806, 0.21674703061580658, 0.4329048991203308, 0.7004135251045227, -0.5674630403518677, -0.5117406249046326, -0.32728439569473267, -0.7943590879440308], "cam_t_m2c": [187.28939819335938, 312.78814697265625, 185.0033416748047], "obj_id": 1}, {"cam_R_m2c": [0.16728293895721436, -0.17922049760818481, -0.9694824814796448, -0.6771783232688904, 0.6937968134880066, -0.2451028674840927, 0.7165513038635254, 0.6975141167640686, -0.005303856451064348], "cam_t_m2c": [45.73542022705078, 212.69712829589844, 210.0558319091797], "obj_id": 3}, {"cam_R_m2c": [0.35060787200927734, -0.3473537266254425, 0.8697237968444824, -0.2787875235080719, 0.8478613495826721, 0.45100852847099304, -0.8940646648406982, -0.4005952775478363, 0.20042896270751953], "cam_t_m2c": [98.98471069335938, 251.51905822753906, 264.4703063964844], "obj_id": 0}, {"cam_R_m2c": [-0.01610255427658558, 0.1793266087770462, 0.9836577773094177, 0.8365306854248047, 0.5412889719009399, -0.08498606085777283, -0.5476833581924438, 0.8214914798736572, -0.15872833132743835], "cam_t_m2c": [-12.939574241638184, -30.400190353393555, 347.90069580078125], "obj_id": 3}, {"cam_R_m2c": [-0.4451948404312134, 0.4635225832462311, -0.7661254405975342, 0.5416514873504639, 0.8207098245620728, 0.18179398775100708, 0.7130322456359863, -0.33403924107551575, -0.6164434552192688], "cam_t_m2c": [-35.991355895996094, 258.3174743652344, 178.29498291015625], "obj_id": 2}]
}