{
  "0": [{"cam_R_m2c": [-0.5208396911621094, -0.009868240915238857, 0.8535976409912109, 0.8535836935043335, 0.0068739536218345165, 0.5209105610847473, -0.011008147150278091, 0.9999277591705322, 0.00484298774972558], "cam_t_m2c": [343.0265808105469, 251.36097717285156, 794.8703002929688], "obj_id": 2}, {"cam_R_m2c": [-0.2573939263820648, 0.3684789836406708, 0.8932925462722778, 0.9307217001914978, -0.1540243774652481, 0.33171314001083374, 0.2598181664943695, 0.9167877435684204, -0.3033064305782318], "cam_t_m2c": [302.1568908691406, 173.31468200683594, 859.5255737304688], "obj_id": 0}, {"cam_R_m2c": [-0.38921740651130676, 0.6049562096595764, -0.6946490406990051, -0.3837527632713318, 0.5790657997131348, 0.7193166613578796, 0.8374026417732239, 0.5465442538261414, 0.006771260406821966], "cam_t_m2c": [396.5421142578125, 355.926513671875, 925.060546875], "obj_id": 0}, {"cam_R_m2c": [-0.5049949288368225, -0.8423327803611755, 0.1882963329553604, -0.48459166288375854, 0.4572243392467499, 0.7457323670387268, -0.714248538017273, 0.2853442430496216, -0.6390833854675293], "cam_t_m2c": [491.19781494140625, 512.4620361328125, 1004.2200317382812], "obj_id": 1}],
  "1": [{"cam_R_m2c": [0.35527175664901733, -0.2031613141298294, 0.9124184846878052, 0.9221091866493225, 0.2362334132194519, -0.30644476413726807, -0.15328599512577057, 0.9502206444740295, 0.271263986825943], "cam_t_m2c": [393.663330078125, -90.60237121582031, 1037.707275390625], "obj_id": 2}, {"cam_R_m2c": [0.5173013210296631, -0.08593474328517914, 0.851477861404419, 0.835407018661499, -0.16521722078323364, -0.5242121815681458, 0.1857268363237381, 0.9825062155723572, -0.013676600530743599], "cam_t_m2c": [295.6200866699219, -94.73125457763672, 1085.9613037109375], "obj_id": 0}, {"cam_R_m2c": [-0.699819028377533, 0.699702799320221, 0.14376774430274963, 0.23629890382289886, 0.03683079779148102, 0.9709820747375488, 0.674103856086731, 0.713483989238739, -0.19111382961273193], "cam_t_m2c": [480.52239990234375, -35.38725662231445, 1179.6468505859375], "obj_id": 0}, {"cam_R_m2c": [-0.5327420234680176, -0.20435643196105957, 0.821233332157135, -0.08945072442293167, 0.9785681962966919, 0.18548019230365753, -0.8415368795394897, 0.025353195145726204, -0.5396042466163635], "cam_t_m2c": [642.4232177734375, 10.396785736083984, 1286.711669921875], "obj_id": 1}]
}