{
  "0": [{"cam_R_m2c": [0.905487596988678, -0.24263958632946014, 0.3481641113758087, 0.10437731444835663, -0.6678805947303772, -0.7369129657745361, 0.41133633255958557, 0.7036059498786926, -0.5794314742088318], "cam_t_m2c": [59.65495681762695, 225.10507202148438, 55.44929504394531], "obj_id": 1}, {"cam_R_m2c": [0.905487596988678, -0.24263958632946014, 0.3481641113758087, 0.10437731444835663, -0.6678805947303772, -0.7369129657745361, 0.41133633255958557, 0.7036059498786926, -0.5794314742088318], "cam_t_m2c": [59.65495681762695, 225.10507202148438, 55.44929504394531], "obj_id": 2}, {"cam_R_m2c": [0.905487596988678, -0.24263958632946014, 0.3481641113758087, 0.10437731444835663, -0.6678805947303772, -0.7369129657745361, 0.41133633255958557, 0.7036059498786926, -0.5794314742088318], "cam_t_m2c": [59.65495681762695, 225.10507202148438, 55.44929504394531], "obj_id": 3}, {"cam_R_m2c": [0.905487596988678, -0.24263958632946014, 0.3481641113758087, 0.10437731444835663, -0.6678805947303772, -0.7369129657745361, 0.41133633255958557, 0.7036059498786926, -0.5794314742088318], "cam_t_m2c": [59.65495681762695, 225.10507202148438, 55.44929504394531], "obj_id": 0}, {"cam_R_m2c": [0.905487596988678, -0.24263958632946014, 0.3481641113758087, 0.10437731444835663, -0.6678805947303772, -0.7369129657745361, 0.41133633255958557, 0.7036059498786926, -0.5794314742088318], "cam_t_m2c": [59.65495681762695, 225.10507202148438, 55.44929504394531], "obj_id": 2}, {"cam_R_m2c": [0.905487596988678, -0.24263958632946014, 0.3481641113758087, 0.10437731444835663, -0.6678805947303772, -0.7369129657745361, 0.41133633255958557, 0.7036059498786926, -0.5794314742088318], "cam_t_m2c": [59.65495681762695, 225.10507202148438, 55.44929504394531], "obj_id": 3}, {"cam_R_m2c": [0.905487596988678, -0.24263958632946014, 0.3481641113758087, 0.10437731444835663, -0.6678805947303772, -0.7369129657745361, 0.41133633255958557, 0.7036059498786926, -0.5794314742088318], "cam_t_m2c": [59.65495681762695, 225.10507202148438, 55.44929504394531], "obj_id": 0}, {"cam_R_m2c": [0.905487596988678, -0.24263958632946014, 0.3481641113758087, 0.10437731444835663, -0.6678805947303772, -0.7369129657745361, 0.41133633255958557, 0.7036059498786926, -0.5794314742088318], "cam_t_m2c": [59.65495681762695, 225.10507202148438, 55.44929504394531], "obj_id": 1}, {"cam_R_m2c": [0.905487596988678, -0.24263958632946014, 0.3481641113758087, 0.10437731444835663, -0.6678805947303772, -0.7369129657745361, 0.41133633255958557, 0.7036059498786926, -0.5794314742088318], "cam_t_m2c": [59.65495681762695, 225.10507202148438, 55.44929504394531], "obj_id": 0}, {"cam_R_m2c": [0.905487596988678, -0.24263958632946014, 0.3481641113758087, 0.10437731444835663, -0.6678805947303772, -0.7369129657745361, 0.41133633255958557, 0.7036059498786926, -0.5794314742088318], "cam_t_m2c": [59.65495681762695, 225.10507202148438, 55.44929504394531], "obj_id": 3}, {"cam_R_m2c": [0.905487596988678, -0.24263958632946014, 0.3481641113758087, 0.10437731444835663, -0.6678805947303772, -0.7369129657745361, 0.41133633255958557, 0.7036059498786926, -0.5794314742088318], "cam_t_m2c": [59.65495681762695, 225.10507202148438, 55.44929504394531], "obj_id": 3}, {"cam_R_m2c": [0.905487596988678, -0.24263958632946014, 0.3481641113758087, 0.10437731444835663, -0.6678805947303772, -0.7369129657745361, 0.41133633255958557, 0.7036059498786926, -0.5794314742088318], "cam_t_m2c": [59.65495681762695, 225.10507202148438, 55.44929504394531], "obj_id": 2}, {"cam_R_m2c": [0.905487596988678, -0.24263958632946014, 0.3481641113758087, 0.10437731444835663, -0.6678805947303772, -0.7369129657745361, 0.41133633255958557, 0.7036059498786926, -0.5794314742088318], "cam_t_m2c": [59.65495681762695, 225.10507202148438, 55.44929504394531], "obj_id": 3}, {"cam_R_m2c": [0.905487596988678, -0.24263958632946014, 0.3481641113758087, 0.10437731444835663, -0.6678805947303772, -0.7369129657745361, 0.41133633255958557, 0.7036059498786926, -0.5794314742088318], "cam_t_m2c": [59.65495681762695, 225.10507202148438, 55.44929504394531], "obj_id": 0}, {"cam_R_m2c": [0.905487596988678, -0.24263958632946014, 0.3481641113758087, 0.10437731444835663, -0.6678805947303772, -0.7369129657745361, 0.41133633255958557, 0.7036059498786926, -0.5794314742088318], "cam_t_m2c": [59.65495681762695, 225.10507202148438, 55.44929504394531], "obj_id": 2}, {"cam_R_m2c": [0.905487596988678, -0.24263958632946014, 0.3481641113758087, 0.10437731444835663, -0.6678805947303772, -0.7369129657745361, 0.41133633255958557, 0.7036059498786926, -0.5794314742088318], "cam_t_m2c": [59.65495681762695, 225.10507202148438, 55.44929504394531], "obj_id": 0}, {"cam_R_m2c": [0.905487596988678, -0.24263958632946014, 0.3481641113758087, 0.10437731444835663, -0.6678805947303772, -0.7369129657745361, 0.41133633255958557, 0.7036059498786926, -0.5794314742088318], "cam_t_m2c": [59.65495681762695, 225.10507202148438, 55.44929504394531], "obj_id": 3}, {"cam_R_m2c": [0.905487596988678, -0.24263958632946014, 0.3481641113758087, 0.10437731444835663, -0.6678805947303772, -0.7369129657745361, 0.41133633255958557, 0.7036059498786926, -0.5794314742088318], "cam_t_m2c": [59.65495681762695, 225.10507202148438, 55.44929504394531], "obj_id": 3}, {"cam_R_m2c": [0.905487596988678, -0.24263958632946014, 0.3481641113758087, 0.10437731444835663, -0.6678805947303772, -0.7369129657745361, 0.41133633255958557, 0.7036059498786926, -0.5794314742088318], "cam_t_m2c": [59.65495681762695, 225.10507202148438, 55.44929504394531], "obj_id": 1}, {"cam_R_m2c": [0.905487596988678, -0.24263958632946014, 0.3481641113758087, 0.10437731444835663, -0.6678805947303772, -0.7369129657745361, 0.41133633255958557, 0.7036059498786926, -0.5794314742088318], "cam_t_m2c": [59.65495681762695, 225.10507202148438, 55.44929504394531], "obj_id": 2}, {"cam_R_m2c": [0.905487596988678, -0.24263958632946014, 0.3481641113758087, 0.10437731444835663, -0.6678805947303772, -0.7369129657745361, 0.41133633255958557, 0.7036059498786926, -0.5794314742088318], "cam_t_m2c": [59.65495681762695, 225.10507202148438, 55.44929504394531], "obj_id": 0}, {"cam_R_m2c": [0.905487596988678, -0.24263958632946014, 0.3481641113758087, 0.10437731444835663, -0.6678805947303772, -0.7369129657745361, 0.41133633255958557, 0.7036059498786926, -0.5794314742088318], "cam_t_m2c": [59.65495681762695, 225.10507202148438, 55.44929504394531], "obj_id": 2}, {"cam_R_m2c": [0.905487596988678, -0.24263958632946014, 0.3481641113758087, 0.10437731444835663, -0.6678805947303772, -0.7369129657745361, 0.41133633255958557, 0.7036059498786926, -0.5794314742088318], "cam_t_m2c": [59.65495681762695, 225.10507202148438, 55.44929504394531], "obj_id": 1}, {"cam_R_m2c": [0.905487596988678, -0.24263958632946014, 0.3481641113758087, 0.10437731444835663, -0.6678805947303772, -0.7369129657745361, 0.41133633255958557, 0.7036059498786926, -0.5794314742088318], "cam_t_m2c": [59.65495681762695, 225.10507202148438, 55.44929504394531], "obj_id": 2}, {"cam_R_m2c": [-0.20393352210521698, 0.9590238332748413, 0.19668318331241608, 0.9743800759315491, 0.17937339842319489, 0.13567784428596497, 0.09483858197927475, 0.21931345760822296, -0.9710339903831482], "cam_t_m2c": [213.48269653320312, 282.5809631347656, 14.46386432647705], "obj_id": 1}, {"cam_R_m2c": [-0.7578067779541016, 0.08183566480875015, -0.6473265886306763, -0.5633531808853149, -0.5825917720794678, 0.5858497023582458, -0.32918375730514526, 0.8086344003677368, 0.48759448528289795], "cam_t_m2c": [156.8135986328125, 165.49398803710938, 120.91574096679688], "obj_id": 3}, {"cam_R_m2c": [-0.9662656188011169, -0.2497970163822174, -0.06270705908536911, -0.04541096091270447, 0.40490853786468506, -0.9132288098335266, 0.2535124719142914, -0.8795740604400635, -0.4025927186012268], "cam_t_m2c": [-4.027074337005615, 358.01458740234375, -248.52980041503906], "obj_id": 1}, {"cam_R_m2c": [0.7010434865951538, -0.5128479599952698, 0.49550479650497437, 0.2794785499572754, -0.4416699707508087, -0.8525369763374329, 0.6560714840888977, 0.7361484169960022, -0.16629981994628906], "cam_t_m2c": [166.29110717773438, 140.17227172851562, 187.5177459716797], "obj_id": 3}, {"cam_R_m2c": [-0.8146455883979797, -0.5678805708885193, 0.1177452877163887, 0.44162991642951965, -0.7390172481536865, -0.5087398290634155, 0.37591931223869324, -0.36244288086891174, 0.8528304696083069], "cam_t_m2c": [373.1422424316406, 144.33078002929688, 285.5960693359375], "obj_id": 0}, {"cam_R_m2c": [-0.5083191394805908, 0.6574521660804749, 0.556208610534668, -0.8313132524490356, -0.20602723956108093, -0.5162081718444824, -0.22478801012039185, -0.7247821688652039, 0.6512765288352966], "cam_t_m2c": [-2695.08837890625, 6135.75244140625, 4645.53125], "obj_id": 1}, {"cam_R_m2c": [-0.6128347516059875, 0.788884162902832, -0.04577523097395897, 0.705047607421875, 0.5720288753509521, 0.41915491223335266, 0.35684943199157715, 0.2245989590883255, -0.9067600965499878], "cam_t_m2c": [-5.665794849395752, 250.0076904296875, 0.927260160446167], "obj_id": 2}, {"cam_R_m2c": [0.36153197288513184, -0.8766708970069885, 0.317400187253952, -0.7347732186317444, -0.05834030732512474, 0.6757994294166565, -0.573936402797699, -0.4775402843952179, -0.6652461886405945], "cam_t_m2c": [-207.16091918945312, 210.98094177246094, -74.52812194824219], "obj_id": 0}]
}