{
  "0": [{"cam_R_m2c": [-0.44761624932289124, -0.6637345552444458, -0.5992463231086731, 0.5558890104293823, 0.31837716698646545, -0.7678693532943726, 0.7004477977752686, -0.6768252849578857, 0.22645193338394165], "cam_t_m2c": [64.05155944824219, 5021.7138671875, 4055.419921875], "obj_id": 1}, {"cam_R_m2c": [-0.6255373358726501, -0.5578722953796387, 0.5454187989234924, 0.3183969557285309, -0.8207542300224304, -0.4743269681930542, 0.712268590927124, -0.1230495274066925, 0.691037118434906], "cam_t_m2c": [-45.043357849121094, 5040.44775390625, 4034.349853515625], "obj_id": 1}, {"cam_R_m2c": [-0.6204596161842346, 0.7827323079109192, 0.048581261187791824, 0.7600993514060974, 0.5849554538726807, 0.28297731280326843, 0.19307759404182434, 0.21250256896018982, -0.9578955173492432], "cam_t_m2c": [12.171807289123535, 5062.12255859375, 4019.340087890625], "obj_id": 1}, {"cam_R_m2c": [-0.11674544960260391, 0.0755777359008789, -0.9902819991111755, 0.9744744300842285, -0.183798685669899, -0.12890930473804474, -0.19175522029399872, -0.9800540804862976, -0.05219089239835739], "cam_t_m2c": [-77.18051147460938, 5097.83349609375, 3937.257080078125], "obj_id": 2}, {"cam_R_m2c": [0.3831178545951843, -0.6683043241500854, -0.6376441121101379, 0.5601403117179871, 0.7169961333274841, -0.4149208664894104, 0.7344818115234375, -0.1982066035270691, 0.6490381956100464], "cam_t_m2c": [63.577354431152344, 5078.53173828125, 3917.98876953125], "obj_id": 2}, {"cam_R_m2c": [0.47977757453918457, 0.7086202502250671, 0.5173691511154175, 0.8194437623023987, -0.1511583924293518, -0.5528680086135864, -0.31356877088546753, 0.6892086267471313, -0.6531968712806702], "cam_t_m2c": [41.32572555541992, 2.1053032875061035, 951.3381958007812], "obj_id": 3}, {"cam_R_m2c": [-0.04323558509349823, 0.02829461358487606, -0.9986640214920044, -0.635176956653595, -0.7723459601402283, 0.0056165833957493305, -0.7711554169654846, 0.6345713138580322, 0.05136511102318764], "cam_t_m2c": [-54.7995491027832, 17.69678497314453, 925.4446411132812], "obj_id": 3}, {"cam_R_m2c": [0.6862042546272278, -0.5293089151382446, 0.4989546835422516, -0.3518427312374115, -0.8418757915496826, -0.40920841693878174, 0.6366556286811829, 0.10524695366621017, -0.7639321684837341], "cam_t_m2c": [29.574920654296875, -33.47077560424805, 1010.421142578125], "obj_id": 2}, {"cam_R_m2c": [0.9811755418777466, 0.1900634467601776, 0.0342109352350235, -0.06188869848847389, 0.4772725999355316, -0.8765732049942017, -0.18293248116970062, 0.8579549789428711, 0.4800509810447693], "cam_t_m2c": [-42.689292907714844, -23.710628509521484, 994.2119750976562], "obj_id": 1}, {"cam_R_m2c": [0.06405851244926453, 0.854062557220459, 0.5162108540534973, -0.7122983932495117, 0.40142127871513367, -0.5757533311843872, -0.6989473700523376, -0.33081430196762085, 0.634061872959137], "cam_t_m2c": [-34.94580078125, -38.58106994628906, 1018.9080200195312], "obj_id": 2}, {"cam_R_m2c": [0.5353708267211914, -0.6405277848243713, 0.5505471229553223, 0.8220081925392151, 0.2453307807445526, -0.5139214992523193, 0.19411487877368927, 0.7276928424835205, 0.6578620672225952], "cam_t_m2c": [-36.56489944458008, 12.025060653686523, 934.864013671875], "obj_id": 2}, {"cam_R_m2c": [-0.22257857024669647, -0.6662824749946594, 0.7117067575454712, 0.9569265246391296, -0.009721407666802406, 0.2901674509048462, -0.1864147037267685, 0.7456361055374146, 0.639747142791748], "cam_t_m2c": [95.26544189453125, -29.49639129638672, 1003.8206787109375], "obj_id": 3}],
  "1": [{"cam_R_m2c": [0.3615722954273224, -0.664857804775238, 0.6536279320716858, 0.3231790363788605, -0.5682194232940674, -0.7567573189735413, 0.8745402693748474, 0.4848613142967224, 0.009415822103619576], "cam_t_m2c": [59.69868087768555, 4319.513671875, 4770.28515625], "obj_id": 1}, {"cam_R_m2c": [0.5133392810821533, 0.3785715699195862, 0.7701729536056519, 0.06862054020166397, -0.9126764535903931, 0.40288060903549194, 0.8554378747940063, -0.15396475791931152, -0.49449044466018677], "cam_t_m2c": [44.404502868652344, 4246.2783203125, 4854.54296875], "obj_id": 1}, {"cam_R_m2c": [-0.15561144053936005, -0.20679499208927155, -0.9659301042556763, 0.09998881816864014, 0.9695220589637756, -0.22367219626903534, 0.9827448129653931, -0.13138815760612488, -0.13019153475761414], "cam_t_m2c": [14.095122337341309, 4291.49560546875, 4822.83447265625], "obj_id": 1}, {"cam_R_m2c": [-0.6496303081512451, -0.7485620975494385, 0.13279789686203003, 0.4006569981575012, -0.4855468273162842, -0.7769930958747864, 0.6461071372032166, -0.4515518248081207, 0.6153425574302673], "cam_t_m2c": [-64.05593872070312, 4214.82666015625, 4886.16748046875], "obj_id": 2}, {"cam_R_m2c": [0.29512330889701843, -0.4612360894680023, 0.8367576599121094, 0.910464346408844, -0.12982691824436188, -0.3926824629306793, 0.2897530794143677, 0.8777278065681458, 0.38162413239479065], "cam_t_m2c": [-86.36321258544922, 4291.720703125, 4767.2294921875], "obj_id": 2}, {"cam_R_m2c": [-0.7408146262168884, 0.5846481323242188, -0.33072659373283386, 0.666414737701416, 0.7014124393463135, -0.2528080940246582, 0.08417196571826935, -0.4076850414276123, -0.9092347025871277], "cam_t_m2c": [-7.201414108276367, 28.871559143066406, 718.3450317382812], "obj_id": 3}, {"cam_R_m2c": [-0.32602864503860474, 0.9329071044921875, 0.1529371440410614, -0.7369451522827148, -0.14947494864463806, -0.6592185497283936, -0.5921294093132019, -0.3276304006576538, 0.7362344264984131], "cam_t_m2c": [-26.446552276611328, -39.4095344543457, 789.9058227539062], "obj_id": 3}, {"cam_R_m2c": [0.6452944874763489, 0.5805343389511108, -0.49656304717063904, 0.5465705394744873, -0.8049740195274353, -0.23081886768341064, -0.5337186455726624, -0.12246060371398926, -0.8367483019828796], "cam_t_m2c": [62.648719787597656, 26.154647827148438, 721.1924438476562], "obj_id": 2}, {"cam_R_m2c": [-0.23412959277629852, 0.46437737345695496, 0.8541293144226074, 0.5567580461502075, 0.7842622399330139, -0.2737759053707123, -0.7969966530799866, 0.4114443063735962, -0.442164808511734], "cam_t_m2c": [51.958465576171875, -24.882543563842773, 774.6810913085938], "obj_id": 1}, {"cam_R_m2c": [-0.2370717078447342, -0.5832342505455017, 0.7769392132759094, -0.6763203144073486, 0.6731987595558167, 0.2989886999130249, -0.6974149942398071, -0.4545780122280121, -0.554049551486969], "cam_t_m2c": [79.73468017578125, -17.337080001831055, 766.773193359375], "obj_id": 2}, {"cam_R_m2c": [-0.31619295477867126, 0.565604567527771, 0.7616518139839172, 0.9292076230049133, 0.02275143750011921, 0.3688569962978363, 0.19129854440689087, 0.8243626952171326, -0.5327579379081726], "cam_t_m2c": [-17.567615509033203, -26.049158096313477, 775.9037475585938], "obj_id": 2}, {"cam_R_m2c": [-0.6242103576660156, 0.7145048379898071, 0.3159806430339813, 0.32023125886917114, -0.13491562008857727, 0.9376829862594604, 0.7126099467277527, 0.6864985227584839, -0.1445908099412918], "cam_t_m2c": [47.61959457397461, 70.61943817138672, 674.5918579101562], "obj_id": 3}]
}