{
  "0": [{"cam_R_m2c": [0.9490206837654114, 0.1178770363330841, 0.2923434376716614, 0.1617458015680313, -0.9781433343887329, -0.13066639006137848, 0.27055126428604126, 0.17129044234752655, -0.9473444223403931], "cam_t_m2c": [214.34024047851562, -132.65789794921875, 1097.2696533203125], "obj_id": 3}, {"cam_R_m2c": [0.8040454387664795, -0.5257903337478638, -0.2775886356830597, 0.5945590138435364, 0.7135695815086365, 0.37056443095207214, 0.0032396127935498953, -0.46299347281455994, 0.8863557577133179], "cam_t_m2c": [307.85992431640625, 238.2622528076172, 890.35107421875], "obj_id": 2}, {"cam_R_m2c": [0.3325347900390625, 0.2822783887386322, -0.8998552560806274, 0.6632252335548401, 0.6083579659461975, 0.4359276294708252, 0.670487105846405, -0.7417678236961365, 0.01508604921400547], "cam_t_m2c": [543.4480590820312, -175.3346405029297, 922.033935546875], "obj_id": 2}, {"cam_R_m2c": [-0.5857694149017334, 0.8095227479934692, 0.03933166339993477, -0.10193779319524765, -0.12173189222812653, 0.9873145222663879, 0.8040415048599243, 0.5743293166160583, 0.15382786095142365], "cam_t_m2c": [113.98888397216797, 29.277694702148438, 976.2061767578125], "obj_id": 1}],
  "1": [{"cam_R_m2c": [-0.10365287959575653, -0.4074138402938843, 0.907342255115509, -0.8879303932189941, -0.3731345236301422, -0.2689798176288605, 0.44814684987068176, -0.8335373401641846, -0.32307863235473633], "cam_t_m2c": [-234.5615234375, -252.4358367919922, 708.8184204101562], "obj_id": 3}, {"cam_R_m2c": [0.2489478588104248, 0.5685715675354004, -0.7840607166290283, -0.6237826347351074, 0.7134106755256653, 0.3192810118198395, 0.7408913969993591, 0.4095991849899292, 0.532267153263092], "cam_t_m2c": [72.21320343017578, -237.37716674804688, 1016.713134765625], "obj_id": 2}, {"cam_R_m2c": [-0.42784449458122253, 0.9038275480270386, -0.006672685965895653, -0.1839427500963211, -0.07984008640050888, 0.9796889424324036, 0.8849372267723083, 0.4203820526599884, 0.2004118412733078], "cam_t_m2c": [-38.878334045410156, -572.4047241210938, 696.0160522460938], "obj_id": 2}, {"cam_R_m2c": [-0.8662397861480713, -0.4856765866279602, 0.11724705994129181, 0.49962329864501953, -0.8409743309020996, 0.20769856870174408, -0.00227256678044796, 0.23849613964557648, 0.9711408019065857], "cam_t_m2c": [-88.01155090332031, -108.07203674316406, 801.638427734375], "obj_id": 1}]
}