{
  "0": [{"cam_R_m2c": [0.785987377166748, 0.050105538219213486, -0.6162087917327881, -0.6070385575294495, 0.25143861770629883, -0.7538453936576843, 0.11716686934232712, 0.9665754437446594, 0.2280435860157013], "cam_t_m2c": [37.955081939697266, 74.05537414550781, 565.9541625976562], "obj_id": 1}, {"cam_R_m2c": [-0.2292129397392273, 0.7076408863067627, 0.6683606505393982, -0.6585677862167358, 0.3928777575492859, -0.641822099685669, -0.7167635560035706, -0.5872746706008911, 0.3759767413139343], "cam_t_m2c": [133.9989013671875, -144.65614318847656, 400.69183349609375], "obj_id": 2}, {"cam_R_m2c": [-0.5828186869621277, -0.8119348883628845, -0.032924652099609375, 0.7211437821388245, -0.4981229603290558, -0.4814821779727936, 0.37453168630599976, -0.3043602406978607, 0.8758372664451599], "cam_t_m2c": [197.8297576904297, -51.0218505859375, 589.5507202148438], "obj_id": 3}, {"cam_R_m2c": [0.5081377625465393, -0.435857892036438, -0.7428485155105591, -0.8401539921760559, -0.44068270921707153, -0.3161329925060272, -0.18957142531871796, 0.7847462296485901, -0.5901152491569519], "cam_t_m2c": [271.5897216796875, 43.067691802978516, 412.85565185546875], "obj_id": 4}, {"cam_R_m2c": [0.32152658700942993, -0.8684170246124268, 0.37745559215545654, 0.7497752904891968, -0.009970608167350292, -0.6616176962852478, 0.5783233642578125, 0.4957345724105835, 0.6479116082191467], "cam_t_m2c": [-168.829345703125, 28.463891983032227, 486.7248840332031], "obj_id": 5}, {"cam_R_m2c": [0.29228952527046204, 0.8559296727180481, -0.4265573024749756, 0.8562793731689453, -0.4328550398349762, -0.2818191945552826, -0.4258549213409424, -0.28287944197654724, -0.8594339489936829], "cam_t_m2c": [33.602149963378906, 267.47479248046875, 357.610595703125], "obj_id": 6}, {"cam_R_m2c": [-0.2384442389011383, -0.5892882347106934, -0.771934986114502, -0.29112765192985535, -0.7149331569671631, 0.635700523853302, -0.9264928102493286, 0.3763107657432556, -0.0010863484349101782], "cam_t_m2c": [-85.79718780517578, 175.22601318359375, 256.4681701660156], "obj_id": 7}, {"cam_R_m2c": [0.36664173007011414, -0.03263857215642929, -0.9297894835472107, 0.6455625295639038, 0.728569507598877, 0.22898803651332855, 0.6699423789978027, -0.6841938495635986, 0.2881942391395569], "cam_t_m2c": [277.3193054199219, -75.32447052001953, 260.537353515625], "obj_id": 1}, {"cam_R_m2c": [0.6471912860870361, -0.39786168932914734, 0.6502687931060791, -0.029072174802422523, -0.8652650713920593, -0.5004708766937256, 0.7617730498313904, 0.30499565601348877, -0.5715587139129639], "cam_t_m2c": [201.7298583984375, -174.6217041015625, 429.4210205078125], "obj_id": 2}, {"cam_R_m2c": [-0.24180874228477478, 0.9638620615005493, 0.11179661005735397, -0.666239857673645, -0.08115985989570618, -0.7413079738616943, -0.7054452300071716, -0.2537381052970886, 0.6617884635925293], "cam_t_m2c": [121.60498046875, 124.05231475830078, 273.4281005859375], "obj_id": 3}, {"cam_R_m2c": [0.36541011929512024, 0.778538167476654, 0.5102487206459045, 0.6886641979217529, -0.5949040055274963, 0.4145246744155884, 0.6262723207473755, 0.19991852343082428, -0.7535353302955627], "cam_t_m2c": [-3.3888742923736572, 230.2981719970703, 194.48277282714844], "obj_id": 4}, {"cam_R_m2c": [0.4207879602909088, 0.7109350562095642, -0.5634791851043701, -0.5004266500473022, -0.336172878742218, -0.7978476881980896, -0.7566443085670471, 0.6177047491073608, 0.21431337296962738], "cam_t_m2c": [-3.173942804336548, 136.85556030273438, 389.2987365722656], "obj_id": 5}, {"cam_R_m2c": [0.2784043252468109, -0.7001014351844788, 0.6575325727462769, 0.656672477722168, -0.3608458936214447, -0.662247359752655, 0.7009081840515137, 0.6161561012268066, 0.35927626490592957], "cam_t_m2c": [-49.21919631958008, 90.68282318115234, 512.8699951171875], "obj_id": 6}, {"cam_R_m2c": [-0.26077187061309814, 0.6462123394012451, -0.7172221541404724, 0.8311781883239746, -0.22761270403862, -0.5072821974754333, -0.49106088280677795, -0.7284243702888489, -0.4777626395225525], "cam_t_m2c": [-46.83525848388672, 223.26980590820312, 144.10841369628906], "obj_id": 1}, {"cam_R_m2c": [0.2879980504512787, -0.8634970784187317, -0.4140408933162689, 0.7031376361846924, 0.48419663310050964, -0.5207216739654541, 0.650118887424469, -0.14116093516349792, 0.7466049790382385], "cam_t_m2c": [347.32989501953125, 29.570825576782227, 334.89215087890625], "obj_id": 2}, {"cam_R_m2c": [-0.18033599853515625, 0.8521772623062134, -0.4911952316761017, 0.6756753921508789, 0.47023648023605347, 0.5677502751350403, 0.7148017883300781, -0.22950273752212524, -0.6605957746505737], "cam_t_m2c": [255.08583068847656, 23.05579948425293, 336.9938659667969], "obj_id": 3}, {"cam_R_m2c": [0.32287904620170593, -0.8022832870483398, -0.5020862817764282, 0.7039583325386047, 0.5581663846969604, -0.43919575214385986, 0.632607102394104, -0.21164074540138245, 0.7449942827224731], "cam_t_m2c": [372.6716003417969, 8.410684585571289, 406.5614318847656], "obj_id": 4}, {"cam_R_m2c": [-0.9678642749786377, -0.19961853325366974, 0.1529422253370285, -0.20349276065826416, 0.9790259003639221, -0.00994922872632742, -0.14774835109710693, -0.04075213894248009, -0.9881851077079773], "cam_t_m2c": [161.2235870361328, 99.3743667602539, 373.8320617675781], "obj_id": 5}, {"cam_R_m2c": [-0.2711560130119324, 0.3986804485321045, 0.8760868310928345, -0.6666383743286133, 0.5787639617919922, -0.4697079062461853, -0.6943107843399048, -0.7113972902297974, 0.10884042084217072], "cam_t_m2c": [233.9325714111328, -230.42828369140625, 450.1730651855469], "obj_id": 6}, {"cam_R_m2c": [-0.24056008458137512, 0.36461180448532104, 0.8995493650436401, 0.8465673923492432, -0.3745458722114563, 0.3782050907611847, 0.4748205244541168, 0.8525102138519287, -0.21856766939163208], "cam_t_m2c": [-79.97727966308594, -78.12998962402344, 430.50738525390625], "obj_id": 1}, {"cam_R_m2c": [0.26926594972610474, 0.8651964068412781, 0.4230024814605713, 0.67642742395401, -0.48255079984664917, 0.5564088225364685, 0.6855230331420898, 0.13630852103233337, -0.715177059173584], "cam_t_m2c": [-53.49136734008789, -57.863067626953125, 480.3423767089844], "obj_id": 2}, {"cam_R_m2c": [-0.0900130346417427, 0.8771705627441406, 0.47166645526885986, 0.8735129237174988, -0.15795817971229553, 0.460460901260376, 0.4784063994884491, 0.45345428586006165, -0.7520015239715576], "cam_t_m2c": [347.8305358886719, 0.13199634850025177, 365.8004150390625], "obj_id": 3}, {"cam_R_m2c": [0.32546111941337585, 0.8988358378410339, 0.29354599118232727, 0.48728352785110474, -0.4254859387874603, 0.7625724077224731, 0.8103270530700684, -0.105147585272789, -0.5764670968055725], "cam_t_m2c": [-39.16914367675781, 63.504150390625, 315.8937072753906], "obj_id": 4}, {"cam_R_m2c": [0.29008254408836365, -0.3931490480899811, -0.8725170493125916, -0.2100590020418167, 0.8633280992507935, -0.45884618163108826, 0.9336634278297424, 0.31638333201408386, 0.16785192489624023], "cam_t_m2c": [407.1016845703125, 112.9346923828125, 299.8033142089844], "obj_id": 5}, {"cam_R_m2c": [0.25889769196510315, 0.7511327266693115, -0.6072657108306885, 0.7516803741455078, 0.2381456345319748, 0.6150311231613159, 0.6065877079963684, -0.615699827671051, -0.5029563307762146], "cam_t_m2c": [-18.70105743408203, 36.803314208984375, 435.2616882324219], "obj_id": 6}, {"cam_R_m2c": [-0.7999304533004761, -0.1621187925338745, 0.5777791738510132, -0.4616585671901703, 0.7813707590103149, -0.4199179708957672, -0.3833831548690796, -0.6026418805122375, -0.6998857855796814], "cam_t_m2c": [-145.58213806152344, 20.718917846679688, 519.8047485351562], "obj_id": 1}, {"cam_R_m2c": [0.2739739716053009, -0.4015233814716339, 0.8739091753959656, 0.6573476195335388, -0.5851083397865295, -0.47491297125816345, 0.7020202279090881, 0.7045758962631226, 0.10363598167896271], "cam_t_m2c": [5.970947265625, 129.48110961914062, 287.61309814453125], "obj_id": 2}, {"cam_R_m2c": [0.2616572976112366, 0.9636772274971008, -0.05349458009004593, -0.9633258581161499, 0.26417452096939087, 0.04706532880663872, 0.05948769301176071, 0.03921772167086601, 0.9974583387374878], "cam_t_m2c": [100.14462280273438, 134.98553466796875, 331.319091796875], "obj_id": 3}, {"cam_R_m2c": [-0.2418980598449707, 0.9206666350364685, -0.30636295676231384, -0.9702600240707397, -0.2324378341436386, 0.06758740544319153, -0.008984880521893501, 0.313601016998291, 0.9495123624801636], "cam_t_m2c": [91.51506042480469, -66.34464263916016, 446.3017578125], "obj_id": 4}, {"cam_R_m2c": [0.7232130765914917, 0.2973549962043762, 0.6233320236206055, 0.6863770484924316, -0.20951950550079346, -0.6964107751846313, -0.07648096978664398, 0.9314941763877869, -0.35562488436698914], "cam_t_m2c": [140.9090118408203, 226.3763885498047, 279.1090087890625], "obj_id": 5}, {"cam_R_m2c": [0.7170645594596863, 0.5288693308830261, 0.45399969816207886, 0.48941075801849365, -0.8458153009414673, 0.21230554580688477, 0.4962817430496216, 0.06995554268360138, -0.8653385043144226], "cam_t_m2c": [237.82757568359375, 148.41636657714844, 159.06549072265625], "obj_id": 6}, {"cam_R_m2c": [-0.6466686129570007, 0.3612661063671112, 0.671793520450592, 0.039639912545681, 0.8954541683197021, -0.4433853030204773, -0.7617403864860535, -0.2600935101509094, -0.5933826565742493], "cam_t_m2c": [-23.68204689025879, 196.2311248779297, 246.50100708007812], "obj_id": 7}, {"cam_R_m2c": [0.01730193942785263, 0.19808316230773926, -0.9800325632095337, 0.8946576118469238, -0.44070175290107727, -0.07327941805124283, -0.4464173913002014, -0.8755256533622742, -0.18484169244766235], "cam_t_m2c": [316.9090881347656, 46.73101806640625, 239.87522888183594], "obj_id": 8}, {"cam_R_m2c": [-0.11311276257038116, 0.9922142624855042, -0.052118849009275436, -0.8262069821357727, -0.12306560575962067, -0.5497607588768005, -0.55189448595047, -0.019124003127217293, 0.8336946368217468], "cam_t_m2c": [37.639198303222656, -4.097980499267578, 291.951416015625], "obj_id": 9}, {"cam_R_m2c": [0.31554192304611206, 0.9335072040557861, 0.17028680443763733, 0.6766983270645142, -0.3471730649471283, 0.6492689251899719, 0.6652162671089172, -0.08963874727487564, -0.7412503361701965], "cam_t_m2c": [118.39028930664062, 186.21112060546875, 274.2264099121094], "obj_id": 10}, {"cam_R_m2c": [-0.3225562274456024, -0.39836499094963074, -0.858640193939209, -0.7633131742477417, 0.6458994746208191, -0.012918535619974136, 0.5597415566444397, 0.6512443423271179, -0.5124161243438721], "cam_t_m2c": [-84.85066986083984, 76.07946014404297, 615.1500854492188], "obj_id": 1}, {"cam_R_m2c": [0.6376683115959167, -0.1107446476817131, 0.7623088359832764, 0.3197046220302582, -0.8623067140579224, -0.39270350337028503, 0.7008338570594788, 0.4941282570362091, -0.5144600868225098], "cam_t_m2c": [91.70462036132812, 134.29164123535156, 257.2030944824219], "obj_id": 2}, {"cam_R_m2c": [-0.0017316605662927032, 0.9473404288291931, 0.3202235698699951, 0.8400776386260986, -0.17233198881149292, 0.5143649578094482, 0.542463481426239, 0.26990336179733276, -0.7955410480499268], "cam_t_m2c": [302.8931884765625, -118.77345275878906, 538.8091430664062], "obj_id": 3}, {"cam_R_m2c": [0.8039839267730713, 0.2968112826347351, -0.5152794718742371, 0.3766830563545227, 0.4162982404232025, 0.8275298476219177, 0.46013012528419495, -0.8594176769256592, 0.22289331257343292], "cam_t_m2c": [168.3646697998047, 17.66131591796875, 403.8645935058594], "obj_id": 4}, {"cam_R_m2c": [0.4401933550834656, -0.860666811466217, -0.2558952867984772, 0.8788296580314636, 0.4714045226573944, -0.07373040914535522, 0.18408751487731934, -0.19243274629116058, 0.9638887047767639], "cam_t_m2c": [25.674468994140625, -102.69821166992188, 417.9668884277344], "obj_id": 5}, {"cam_R_m2c": [-0.24290628731250763, -0.7012713551521301, 0.6702350974082947, 0.2799502909183502, -0.7122084498405457, -0.6437289118766785, 0.9287757277488708, 0.0312667042016983, 0.3693210184574127], "cam_t_m2c": [181.99058532714844, 66.89942932128906, 365.72222900390625], "obj_id": 6}, {"cam_R_m2c": [-0.4045039117336273, -0.7632609009742737, -0.5037951469421387, 0.34632304310798645, 0.382005900144577, -0.856814980506897, 0.8464260697364807, -0.5210607647895813, 0.10981187969446182], "cam_t_m2c": [99.25489044189453, 199.64453125, 282.4522399902344], "obj_id": 7}, {"cam_R_m2c": [0.4741995334625244, 0.27409273386001587, 0.8366648554801941, 0.7937016487121582, -0.5443481206893921, -0.27151989936828613, 0.38101524114608765, 0.7928168177604675, -0.475677490234375], "cam_t_m2c": [-147.81211853027344, -24.6978702545166, 437.7676696777344], "obj_id": 8}, {"cam_R_m2c": [0.86282879114151, -0.32830551266670227, -0.38437214493751526, 0.16302168369293213, 0.9004809260368347, -0.4031848907470703, 0.4784875810146332, 0.2852185368537903, 0.830481767654419], "cam_t_m2c": [117.12467193603516, -137.8828887939453, 439.4645080566406], "obj_id": 9}, {"cam_R_m2c": [-0.8072664737701416, -0.47394153475761414, -0.3517109751701355, 0.5506327748298645, -0.3903237283229828, -0.737869381904602, 0.2124258130788803, -0.7893206477165222, 0.5760627388954163], "cam_t_m2c": [5.9421210289001465, -0.3161616623401642, 514.64697265625], "obj_id": 10}, {"cam_R_m2c": [0.6785287857055664, 0.13377046585083008, -0.7222909331321716, 0.6559969186782837, 0.332124799489975, 0.677761971950531, 0.3305552899837494, -0.9337015748023987, 0.13760320842266083], "cam_t_m2c": [-20.345821380615234, 69.33716583251953, 250.90945434570312], "obj_id": 1}, {"cam_R_m2c": [0.11524325609207153, 0.7512016892433167, 0.6499345898628235, 0.7743427157402039, -0.4777592718601227, 0.4148968458175659, 0.6221835017204285, 0.4554580748081207, -0.6367460489273071], "cam_t_m2c": [23.04526138305664, -52.834407806396484, 555.51611328125], "obj_id": 2}, {"cam_R_m2c": [0.34490761160850525, -0.06437571346759796, -0.9364264607429504, -0.7952669262886047, -0.5499737858772278, -0.25510671734809875, -0.4985872805118561, 0.8326972126960754, -0.24088603258132935], "cam_t_m2c": [152.68795776367188, -199.08399963378906, 477.1386413574219], "obj_id": 3}, {"cam_R_m2c": [0.6081299781799316, 0.36467140913009644, 0.7051188945770264, 0.7719365358352661, -0.4788563847541809, -0.4181032180786133, 0.1851804554462433, 0.7985681295394897, -0.5727100968360901], "cam_t_m2c": [285.5772705078125, -80.4271011352539, 376.6672668457031], "obj_id": 4}, {"cam_R_m2c": [0.24279290437698364, 0.8405075073242188, -0.4843539893627167, 0.9070522785186768, -0.37373027205467224, -0.19386062026023865, -0.3439590334892273, -0.3922663927078247, -0.8531233668327332], "cam_t_m2c": [-74.22870635986328, 216.54306030273438, 284.9109802246094], "obj_id": 5}, {"cam_R_m2c": [0.5429987907409668, 0.06542602181434631, 0.8371807932853699, 0.7231076955795288, -0.543294370174408, -0.42655181884765625, 0.4269280433654785, 0.8369889855384827, -0.34231823682785034], "cam_t_m2c": [67.42385864257812, 8.264037132263184, 431.484619140625], "obj_id": 6}, {"cam_R_m2c": [0.32052627205848694, -0.22039060294628143, 0.921244204044342, 0.575034499168396, -0.7275733351707458, -0.3741287887096405, 0.752727210521698, 0.6496652960777283, -0.1064741462469101], "cam_t_m2c": [236.07180786132812, 68.74535369873047, 333.89422607421875], "obj_id": 7}, {"cam_R_m2c": [0.4195903241634369, -0.18158544600009918, 0.8893653154373169, 0.44611233472824097, -0.8120387196540833, -0.3762670159339905, 0.7905237078666687, 0.5546348690986633, -0.25971606373786926], "cam_t_m2c": [33.140323638916016, 163.1417999267578, 161.72186279296875], "obj_id": 8}, {"cam_R_m2c": [0.31832143664360046, -0.2598579227924347, 0.9116717576980591, 0.6099907755851746, -0.680010974407196, -0.4068124294281006, 0.7256602048873901, 0.6856085062026978, -0.057951152324676514], "cam_t_m2c": [393.7239990234375, 58.710262298583984, 199.28553771972656], "obj_id": 1}, {"cam_R_m2c": [-0.3157944679260254, -0.5473859906196594, 0.7750112414360046, -0.901772141456604, 0.4271847903728485, -0.06572768092155457, -0.2950946092605591, -0.7196400165557861, -0.6285200119018555], "cam_t_m2c": [-81.05731201171875, 88.1001205444336, 459.8562927246094], "obj_id": 2}, {"cam_R_m2c": [0.29022297263145447, -0.44608980417251587, 0.8466253280639648, 0.5298622846603394, -0.6618024706840515, -0.5303426384925842, 0.796879231929779, 0.6025124192237854, 0.044295959174633026], "cam_t_m2c": [200.32546997070312, 177.18080139160156, 308.0527038574219], "obj_id": 3}, {"cam_R_m2c": [-0.29576534032821655, -0.11078083515167236, -0.9488152265548706, -0.09991008043289185, -0.9842178225517273, 0.14605839550495148, -0.9500214457511902, 0.13799522817134857, 0.2800295352935791], "cam_t_m2c": [21.0682373046875, -84.34339141845703, 488.15643310546875], "obj_id": 4}, {"cam_R_m2c": [-0.3432513475418091, 0.9015678763389587, -0.2633512616157532, -0.5888847708702087, -0.42500975728034973, -0.6874455809593201, -0.7317057251930237, -0.08088308572769165, 0.676804780960083], "cam_t_m2c": [242.85726928710938, -82.7223129272461, 397.5059509277344], "obj_id": 5}, {"cam_R_m2c": [0.34960851073265076, -0.576410174369812, 0.7385966777801514, 0.39471516013145447, -0.6243479251861572, -0.6740840673446655, 0.8496903777122498, 0.5272008776664734, 0.009240598417818546], "cam_t_m2c": [44.43194580078125, 278.40167236328125, 269.3542785644531], "obj_id": 6}, {"cam_R_m2c": [0.08982133865356445, -0.9323949217796326, 0.3501027226448059, -0.9694110155105591, -0.0012275766348466277, 0.24544018507003784, -0.22841741144657135, -0.36143919825553894, -0.9039841294288635], "cam_t_m2c": [25.612703323364258, 46.710208892822266, 399.2952575683594], "obj_id": 7}, {"cam_R_m2c": [0.3053954541683197, 0.8255101442337036, 0.47462260723114014, 0.2982364892959595, -0.5562787652015686, 0.7756345868110657, 0.9043166637420654, -0.0953255146741867, -0.4160822927951813], "cam_t_m2c": [367.60675048828125, 28.397417068481445, 453.2580261230469], "obj_id": 8}, {"cam_R_m2c": [-0.8979346752166748, 0.42609718441963196, 0.11024697870016098, 0.39045336842536926, 0.8867964148521423, -0.24726155400276184, -0.20312409102916718, -0.17897844314575195, -0.9626563787460327], "cam_t_m2c": [220.01296997070312, 100.85939025878906, 230.81967163085938], "obj_id": 9}, {"cam_R_m2c": [-0.19896215200424194, -0.06684686988592148, -0.9777246713638306, -0.04904574900865555, 0.9970999360084534, -0.05819098278880119, 0.978779137134552, 0.03637543320655823, -0.20166370272636414], "cam_t_m2c": [-102.57313537597656, 162.5074462890625, 350.144287109375], "obj_id": 10}, {"cam_R_m2c": [0.404057115316391, 0.8114336133003235, -0.42227160930633545, 0.8937482237815857, -0.25188931822776794, 0.37116822600364685, 0.19481265544891357, -0.5273776650428772, -0.8269950151443481], "cam_t_m2c": [370.82012939453125, 97.57315826416016, 312.6725769042969], "obj_id": 1}, {"cam_R_m2c": [-0.34866634011268616, 0.3691428005695343, -0.8614901900291443, 0.9363565444946289, 0.17724956572055817, -0.30301639437675476, 0.040842413902282715, -0.9123136401176453, -0.40745022892951965], "cam_t_m2c": [259.7117919921875, -10.088484764099121, 466.4471740722656], "obj_id": 2}, {"cam_R_m2c": [0.06592728942632675, -0.9630803465843201, 0.26101723313331604, -0.9962178468704224, -0.04869089275598526, 0.07196788489818573, -0.05660171061754227, -0.2647746503353119, -0.9626479148864746], "cam_t_m2c": [0.22189132869243622, 52.365482330322266, 398.435302734375], "obj_id": 3}, {"cam_R_m2c": [0.24468201398849487, 0.9674758911132812, 0.06419477611780167, -0.8069512248039246, 0.23989498615264893, -0.5397036075592041, -0.5375502705574036, 0.08025368303060532, 0.8394039869308472], "cam_t_m2c": [27.01537322998047, 26.692440032958984, 343.277099609375], "obj_id": 4}, {"cam_R_m2c": [0.14345501363277435, 0.8025572896003723, 0.5790702700614929, 0.6173471808433533, -0.5298916697502136, 0.5814612507820129, 0.7735005617141724, 0.27407389879226685, -0.5714721083641052], "cam_t_m2c": [-120.15804290771484, 46.7175178527832, 307.1285400390625], "obj_id": 5}, {"cam_R_m2c": [0.7350360155105591, 0.1184476763010025, 0.6676018238067627, 0.36982351541519165, 0.7552233934402466, -0.5411730408668518, -0.5682892203330994, 0.6446765065193176, 0.5113116502761841], "cam_t_m2c": [247.59112548828125, -79.68199920654297, 461.2245178222656], "obj_id": 6}, {"cam_R_m2c": [0.705497682094574, 0.21551008522510529, -0.6751506328582764, 0.6779083609580994, 0.07259826362133026, 0.7315529584884644, 0.2066717892885208, -0.9737991690635681, -0.0948781818151474], "cam_t_m2c": [244.61862182617188, 120.8072738647461, 206.2623291015625], "obj_id": 1}, {"cam_R_m2c": [0.0992034524679184, -0.011210680939257145, -0.9950039982795715, 0.7333521842956543, 0.6766870021820068, 0.06549213081598282, 0.6725720763206482, -0.7361854314804077, 0.07535107433795929], "cam_t_m2c": [-116.92552185058594, 88.3927230834961, 336.02508544921875], "obj_id": 2}, {"cam_R_m2c": [0.18981018662452698, 0.11754029244184494, -0.9747596979141235, -0.7501735091209412, -0.6231390237808228, -0.22121815383434296, -0.6334128379821777, 0.7732283473014832, -0.0301025602966547], "cam_t_m2c": [97.41661071777344, 98.04639434814453, 301.1787414550781], "obj_id": 3}, {"cam_R_m2c": [0.5065500140190125, 0.6241097450256348, 0.5948898792266846, 0.45990651845932007, -0.7791898250579834, 0.42585086822509766, 0.7293099164962769, 0.0578790120780468, -0.6817307472229004], "cam_t_m2c": [0.6734169721603394, 285.15283203125, 280.4377746582031], "obj_id": 4}, {"cam_R_m2c": [0.3756173551082611, 0.8153996467590332, 0.4404940903186798, 0.5546099543571472, -0.5785645246505737, 0.5980560183525085, 0.7425088882446289, 0.019662169739603996, -0.6695476770401001], "cam_t_m2c": [197.65380859375, -95.13551330566406, 338.00982666015625], "obj_id": 5}, {"cam_R_m2c": [0.8472183346748352, 0.34496229887008667, -0.40400755405426025, 0.34072113037109375, 0.23063872754573822, 0.9114356637001038, 0.40759074687957764, -0.9098389744758606, 0.07786542177200317], "cam_t_m2c": [-146.74217224121094, -20.928882598876953, 436.87542724609375], "obj_id": 6}, {"cam_R_m2c": [-0.3030652105808258, 0.3588247001171112, 0.8828341364860535, -0.6866347789764404, 0.5601769089698792, -0.4633944630622864, -0.6608206629753113, -0.7466234564781189, 0.07661143690347672], "cam_t_m2c": [282.6921691894531, -158.6956329345703, 384.9173583984375], "obj_id": 7}, {"cam_R_m2c": [0.5964345932006836, -0.15388314425945282, 0.7877727150917053, 0.23845185339450836, -0.9031721353530884, -0.3569607436656952, 0.7664245367050171, 0.4007495641708374, -0.5019894242286682], "cam_t_m2c": [-10.936057090759277, 77.37317657470703, 570.2013549804688], "obj_id": 8}, {"cam_R_m2c": [-0.5525978207588196, -0.8325622081756592, -0.03841638192534447, -0.6924788951873779, 0.4842936396598816, -0.5347267389297485, 0.4637981057167053, -0.2688862979412079, -0.8441513776779175], "cam_t_m2c": [137.24856567382812, 86.5802230834961, 394.2489929199219], "obj_id": 9}, {"cam_R_m2c": [-0.17052686214447021, -0.7626674175262451, 0.6239063143730164, -0.1588015854358673, -0.6036320328712463, -0.7812877893447876, 0.9724724888801575, -0.2323078215122223, -0.018177390098571777], "cam_t_m2c": [-116.2150650024414, 71.29517364501953, 354.4551086425781], "obj_id": 10}],
