{
  "0": [{"cam_R_m2c": [0.19640187919139862, 0.9469360113143921, -0.2544374167919159, -0.9804137945175171, 0.1935337781906128, -0.036515891551971436, 0.014664006419479847, 0.2566257417201996, 0.966399610042572], "cam_t_m2c": [-328.4243469238281, 197.2906036376953, 4763.5947265625], "obj_id": 0}, {"cam_R_m2c": [-0.43918389081954956, 0.5576584935188293, 0.7043681740760803, -0.5517415404319763, 0.45132994651794434, -0.7013433575630188, -0.709012508392334, -0.6966478824615479, 0.10946651548147202], "cam_t_m2c": [294.29266357421875, 63.066349029541016, 4775.9033203125], "obj_id": 1}, {"cam_R_m2c": [-0.7445748448371887, -0.5339248180389404, 0.4006653130054474, -0.6039230823516846, 0.7945055961608887, -0.06354335695505142, -0.2844034731388092, -0.289283812046051, -0.914018452167511], "cam_t_m2c": [-96.55368041992188, 88.05681610107422, 4573.76806640625], "obj_id": 0}, {"cam_R_m2c": [0.22353626787662506, 0.4030552804470062, 0.8874558806419373, -0.607988715171814, 0.7693077325820923, -0.19625316560268402, -0.7618275284767151, -0.49569347500801086, 0.417021244764328], "cam_t_m2c": [79.29370880126953, -9.958759307861328, 5048.4638671875], "obj_id": 2}, {"cam_R_m2c": [0.680224597454071, 0.35980838537216187, 0.6386175751686096, -0.5182074308395386, -0.38012346625328064, 0.7661378383636475, 0.5184163451194763, -0.8520821928977966, -0.07211396843194962], "cam_t_m2c": [-146.7503662109375, -57.50639343261719, 4853.72119140625], "obj_id": 2}, {"cam_R_m2c": [-0.10269572585821152, 0.27381807565689087, -0.9562830328941345, 0.9301394820213318, 0.3671689033508301, 0.0052454606629908085, 0.35255372524261475, -0.8889379501342773, -0.292395681142807], "cam_t_m2c": [-24.63256072998047, -108.18871307373047, 5020.6171875], "obj_id": 2}, {"cam_R_m2c": [-0.16026051342487335, -0.1173371896147728, -0.9800758361816406, -0.9754745364189148, -0.13294921815395355, 0.17542511224746704, -0.15088418126106262, 0.9841526746749878, -0.0931529551744461], "cam_t_m2c": [170.15065002441406, 143.10244750976562, 4581.126953125], "obj_id": 2}, {"cam_R_m2c": [-0.4932599663734436, 0.2233024537563324, 0.8407320976257324, -0.6493870615959167, -0.7375892400741577, -0.185090109705925, 0.5787839293479919, -0.6372581124305725, 0.508833110332489], "cam_t_m2c": [9.36835422180593e-05, -0.0005443580448627472, 4703.46484375], "obj_id": 0}, {"cam_R_m2c": [0.5326637029647827, 0.7398132085800171, -0.4110301434993744, -0.7410628199577332, 0.6422860622406006, 0.19568996131420135, 0.40877294540405273, 0.2003622204065323, 0.8903704881668091], "cam_t_m2c": [-200.30291748046875, 118.82722473144531, 4851.8564453125], "obj_id": 1}, {"cam_R_m2c": [0.512356698513031, 0.48617932200431824, 0.7078984975814819, 0.8107365965843201, -0.0020097459200769663, -0.5854076743125916, -0.28319042921066284, 0.8738567233085632, -0.39519307017326355], "cam_t_m2c": [-223.6127166748047, -32.70576858520508, 4745.54248046875], "obj_id": 0}, {"cam_R_m2c": [0.3132357597351074, -0.9496723413467407, -0.002413291484117508, 0.7207736968994141, 0.23938992619514465, -0.6505210995674133, 0.6183596253395081, 0.20202703773975372, 0.7594843506813049], "cam_t_m2c": [-301.29888916015625, 13.298884391784668, 4724.13134765625], "obj_id": 1}, {"cam_R_m2c": [0.7907698154449463, 0.20911675691604614, -0.5752853751182556, -0.04908698424696922, 0.9584715962409973, 0.2809318006038666, 0.6101422309875488, -0.19391337037086487, 0.7681953310966492], "cam_t_m2c": [311.1334228515625, 107.486083984375, 4649.10009765625], "obj_id": 0}, {"cam_R_m2c": [-0.8547497391700745, -0.37797531485557556, -0.3557210862636566, 0.34917202591896057, 0.08834469318389893, -0.9328848123550415, 0.3840335011482239, -0.9215909242630005, 0.056465815752744675], "cam_t_m2c": [255.69537353515625, 96.12813568115234, 4948.0986328125], "obj_id": 1}, {"cam_R_m2c": [-0.07004261761903763, -0.29216840863227844, 0.9537984132766724, -0.9768497347831726, -0.1736571192741394, -0.12493034452199936, 0.20213469862937927, -0.9404682517051697, -0.2732411324977875], "cam_t_m2c": [220.6132354736328, 209.1767120361328, 4565.00390625], "obj_id": 0}, {"cam_R_m2c": [0.4184667468070984, 0.8526972532272339, 0.3127186596393585, -0.9010685086250305, 0.3466203212738037, 0.26063358783721924, 0.11384690552949905, -0.39084744453430176, 0.9133877158164978], "cam_t_m2c": [308.44647216796875, 195.2382354736328, 4671.7412109375], "obj_id": 1}, {"cam_R_m2c": [-0.8107966780662537, 0.5745366215705872, -0.11187667399644852, 0.5101012587547302, 0.7873045206069946, 0.3463355302810669, 0.28706344962120056, 0.22373926639556885, -0.9314157366752625], "cam_t_m2c": [244.20933532714844, -22.93959617614746, 4698.63330078125], "obj_id": 2}, {"cam_R_m2c": [-0.9005656242370605, -0.10099419206380844, -0.42282578349113464, -0.35111919045448303, -0.4044901728630066, 0.8444542288780212, -0.25631386041641235, 0.9089487195014954, 0.32880899310112], "cam_t_m2c": [-78.2629165649414, 16.074264526367188, 4732.2412109375], "obj_id": 1}, {"cam_R_m2c": [-0.06198407709598541, 0.9467849135398865, -0.3158419132232666, 0.8749777674674988, 0.20379231870174408, 0.43918389081954956, 0.4801788628101349, -0.24913223087787628, -0.8410476446151733], "cam_t_m2c": [87.82835388183594, 100.16439056396484, 4579.34814453125], "obj_id": 1}, {"cam_R_m2c": [-0.20607170462608337, -0.620445191860199, 0.756691575050354, -0.8021590113639832, 0.5499847531318665, 0.2325030267238617, -0.5604242086410522, -0.5590746998786926, -0.6110320091247559], "cam_t_m2c": [-77.74850463867188, 12.593262672424316, 4834.31298828125], "obj_id": 0}, {"cam_R_m2c": [0.8637298941612244, 0.4576475918292999, -0.21101966500282288, 0.1575128138065338, 0.15259365737438202, 0.9756560921669006, 0.478706955909729, -0.8759416341781616, 0.05971434712409973], "cam_t_m2c": [-70.8065185546875, 217.07981872558594, 4417.44482421875], "obj_id": 0}]
}