{
  "0": [{"cam_R_m2c": [0.9400898218154907, -0.3241739273071289, 0.10555744916200638, -0.2395305335521698, -0.8483623266220093, -0.4721294343471527, 0.24260304868221283, 0.41855984926223755, -0.8751863241195679], "cam_t_m2c": [-272.0440673828125, -171.49176025390625, 749.3515625], "obj_id": 3}, {"cam_R_m2c": [-0.922707736492157, 0.01257101260125637, -0.3852953612804413, 0.385476678609848, 0.041169896721839905, -0.9217987060546875, 0.004274636972695589, -0.9990730881690979, -0.042833659797906876], "cam_t_m2c": [-91.85094451904297, -199.1763153076172, 857.3257446289062], "obj_id": 3}, {"cam_R_m2c": [-0.6091693639755249, 0.7717062830924988, -0.18270796537399292, 0.696301281452179, 0.4101994037628174, -0.5889829993247986, -0.3795751929283142, -0.4860101640224457, -0.7872210144996643], "cam_t_m2c": [-335.7776184082031, -104.77726745605469, 796.3377685546875], "obj_id": 3}, {"cam_R_m2c": [-0.4697301685810089, -0.5656144618988037, -0.6778154373168945, -0.7615935206413269, 0.647926926612854, -0.012884525582194328, 0.4464625120162964, 0.5101675987243652, -0.735119104385376], "cam_t_m2c": [-163.52923583984375, 61.75381851196289, 1006.1067504882812], "obj_id": 3}],
  "1": [{"cam_R_m2c": [-0.9596138000488281, 0.2686281204223633, -0.083546482026577, 0.11611580848693848, 0.1077117770910263, -0.987377941608429, -0.25623857975006104, -0.957202672958374, -0.13455355167388916], "cam_t_m2c": [277.2459411621094, -306.0206604003906, 931.100830078125], "obj_id": 3}, {"cam_R_m2c": [0.9366445541381836, 0.03636426106095314, 0.34838858246803284, 0.16542470455169678, -0.9226166009902954, -0.3484438955783844, 0.3087582290172577, 0.38400015234947205, -0.8701793551445007], "cam_t_m2c": [91.16258239746094, -219.88023376464844, 878.0238647460938], "obj_id": 3}, {"cam_R_m2c": [0.6547327041625977, -0.7302326560020447, 0.19515451788902283, -0.09594503790140152, -0.3363906145095825, -0.936822235584259, 0.7497463822364807, 0.5946440696716309, -0.2903081476688385], "cam_t_m2c": [341.39495849609375, -236.92491149902344, 973.9579467773438], "obj_id": 3}, {"cam_R_m2c": [0.4161715507507324, 0.56722092628479, 0.7106768488883972, 0.16833855211734772, 0.7200034856796265, -0.6732437014579773, -0.8935677409172058, 0.39981916546821594, 0.20415981113910675], "cam_t_m2c": [166.46405029296875, 12.516539573669434, 1067.0025634765625], "obj_id": 3}]
}