{
  "0": [{"cam_R_m2c": [0.18360108137130737, 0.9807776808738708, 0.06607358902692795, 0.6161384582519531, -0.06244569271802902, -0.7851584553718567, -0.7659398913383484, 0.18486636877059937, -0.6157599091529846], "cam_t_m2c": [275.94390869140625, 40.54554748535156, 804.419189453125], "obj_id": 2}, {"cam_R_m2c": [0.18360108137130737, 0.9807776808738708, 0.06607358902692795, 0.6161384582519531, -0.06244569271802902, -0.7851584553718567, -0.7659398913383484, 0.18486636877059937, -0.6157599091529846], "cam_t_m2c": [275.94390869140625, 40.54554748535156, 804.419189453125], "obj_id": 1}, {"cam_R_m2c": [0.18360108137130737, 0.9807776808738708, 0.06607358902692795, 0.6161384582519531, -0.06244569271802902, -0.7851584553718567, -0.7659398913383484, 0.18486636877059937, -0.6157599091529846], "cam_t_m2c": [275.94390869140625, 40.54554748535156, 804.419189453125], "obj_id": 1}, {"cam_R_m2c": [0.18360108137130737, 0.9807776808738708, 0.06607358902692795, 0.6161384582519531, -0.06244569271802902, -0.7851584553718567, -0.7659398913383484, 0.18486636877059937, -0.6157599091529846], "cam_t_m2c": [275.94390869140625, 40.54554748535156, 804.419189453125], "obj_id": 2}, {"cam_R_m2c": [0.18360108137130737, 0.9807776808738708, 0.06607358902692795, 0.6161384582519531, -0.06244569271802902, -0.7851584553718567, -0.7659398913383484, 0.18486636877059937, -0.6157599091529846], "cam_t_m2c": [275.94390869140625, 40.54554748535156, 804.419189453125], "obj_id": 0}, {"cam_R_m2c": [0.18360108137130737, 0.9807776808738708, 0.06607358902692795, 0.6161384582519531, -0.06244569271802902, -0.7851584553718567, -0.7659398913383484, 0.18486636877059937, -0.6157599091529846], "cam_t_m2c": [275.94390869140625, 40.54554748535156, 804.419189453125], "obj_id": 0}, {"cam_R_m2c": [0.18360108137130737, 0.9807776808738708, 0.06607358902692795, 0.6161384582519531, -0.06244569271802902, -0.7851584553718567, -0.7659398913383484, 0.18486636877059937, -0.6157599091529846], "cam_t_m2c": [275.94390869140625, 40.54554748535156, 804.419189453125], "obj_id": 0}, {"cam_R_m2c": [0.18360108137130737, 0.9807776808738708, 0.06607358902692795, 0.6161384582519531, -0.06244569271802902, -0.7851584553718567, -0.7659398913383484, 0.18486636877059937, -0.6157599091529846], "cam_t_m2c": [275.94390869140625, 40.54554748535156, 804.419189453125], "obj_id": 2}, {"cam_R_m2c": [0.18360108137130737, 0.9807776808738708, 0.06607358902692795, 0.6161384582519531, -0.06244569271802902, -0.7851584553718567, -0.7659398913383484, 0.18486636877059937, -0.6157599091529846], "cam_t_m2c": [275.94390869140625, 40.54554748535156, 804.419189453125], "obj_id": 1}, {"cam_R_m2c": [0.18360108137130737, 0.9807776808738708, 0.06607358902692795, 0.6161384582519531, -0.06244569271802902, -0.7851584553718567, -0.7659398913383484, 0.18486636877059937, -0.6157599091529846], "cam_t_m2c": [275.94390869140625, 40.54554748535156, 804.419189453125], "obj_id": 0}, {"cam_R_m2c": [0.18360108137130737, 0.9807776808738708, 0.06607358902692795, 0.6161384582519531, -0.06244569271802902, -0.7851584553718567, -0.7659398913383484, 0.18486636877059937, -0.6157599091529846], "cam_t_m2c": [275.94390869140625, 40.54554748535156, 804.419189453125], "obj_id": 0}, {"cam_R_m2c": [0.18360108137130737, 0.9807776808738708, 0.06607358902692795, 0.6161384582519531, -0.06244569271802902, -0.7851584553718567, -0.7659398913383484, 0.18486636877059937, -0.6157599091529846], "cam_t_m2c": [275.94390869140625, 40.54554748535156, 804.419189453125], "obj_id": 1}, {"cam_R_m2c": [0.7077991366386414, 0.4431569576263428, -0.5501202344894409, -0.3380409777164459, 0.896278440952301, 0.28707706928253174, 0.6202811002731323, -0.017229735851287842, 0.7841903567314148], "cam_t_m2c": [264.33148193359375, -107.01605224609375, 944.0256958007812], "obj_id": 1}, {"cam_R_m2c": [-0.9520860314369202, 0.23692502081394196, 0.1933870017528534, 0.1940879076719284, 0.9567660689353943, -0.2166299968957901, -0.23635119199752808, -0.16871632635593414, -0.9569079279899597], "cam_t_m2c": [17.947404861450195, -16.210559844970703, 833.239990234375], "obj_id": 2}, {"cam_R_m2c": [0.7964159250259399, 0.06157680228352547, -0.6016061305999756, 0.4619484543800354, -0.7039626836776733, 0.5394814610481262, -0.39028871059417725, -0.7075626850128174, -0.5890924334526062], "cam_t_m2c": [-1.4082304239273071, -71.13997650146484, 929.0042114257812], "obj_id": 3}, {"cam_R_m2c": [-0.2322300672531128, -0.4345623850822449, 0.8701866269111633, 0.5749759674072266, -0.7829285860061646, -0.23754055798053741, 0.784520149230957, 0.4451723098754883, 0.43168243765830994], "cam_t_m2c": [149.93646240234375, 133.11676025390625, 615.5093383789062], "obj_id": 4}],
  "1": [{"cam_R_m2c": [-0.1615322381258011, 0.9772470593452454, -0.13746055960655212, 0.12175208330154419, -0.1184912770986557, -0.9854623675346375, -0.9793281555175781, -0.17592012882232666, -0.09984162449836731], "cam_t_m2c": [-82.8042221069336, 4.729935646057129, 1084.521728515625], "obj_id": 2}, {"cam_R_m2c": [-0.1615322381258011, 0.9772470593452454, -0.13746055960655212, 0.12175208330154419, -0.1184912770986557, -0.9854623675346375, -0.9793281555175781, -0.17592012882232666, -0.09984162449836731], "cam_t_m2c": [-82.8042221069336, 4.729935646057129, 1084.521728515625], "obj_id": 0}, {"cam_R_m2c": [-0.1615322381258011, 0.9772470593452454, -0.13746055960655212, 0.12175208330154419, -0.1184912770986557, -0.9854623675346375, -0.9793281555175781, -0.17592012882232666, -0.09984162449836731], "cam_t_m2c": [-82.8042221069336, 4.729935646057129, 1084.521728515625], "obj_id": 3}, {"cam_R_m2c": [-0.1615322381258011, 0.9772470593452454, -0.13746055960655212, 0.12175208330154419, -0.1184912770986557, -0.9854623675346375, -0.9793281555175781, -0.17592012882232666, -0.09984162449836731], "cam_t_m2c": [-82.8042221069336, 4.729935646057129, 1084.521728515625], "obj_id": 2}, {"cam_R_m2c": [-0.1615322381258011, 0.9772470593452454, -0.13746055960655212, 0.12175208330154419, -0.1184912770986557, -0.9854623675346375, -0.9793281555175781, -0.17592012882232666, -0.09984162449836731], "cam_t_m2c": [-82.8042221069336, 4.729935646057129, 1084.521728515625], "obj_id": 0}, {"cam_R_m2c": [-0.1615322381258011, 0.9772470593452454, -0.13746055960655212, 0.12175208330154419, -0.1184912770986557, -0.9854623675346375, -0.9793281555175781, -0.17592012882232666, -0.09984162449836731], "cam_t_m2c": [-82.8042221069336, 4.729935646057129, 1084.521728515625], "obj_id": 2}, {"cam_R_m2c": [-0.1615322381258011, 0.9772470593452454, -0.13746055960655212, 0.12175208330154419, -0.1184912770986557, -0.9854623675346375, -0.9793281555175781, -0.17592012882232666, -0.09984162449836731], "cam_t_m2c": [-82.8042221069336, 4.729935646057129, 1084.521728515625], "obj_id": 1}, {"cam_R_m2c": [-0.1615322381258011, 0.9772470593452454, -0.13746055960655212, 0.12175208330154419, -0.1184912770986557, -0.9854623675346375, -0.9793281555175781, -0.17592012882232666, -0.09984162449836731], "cam_t_m2c": [-82.8042221069336, 4.729935646057129, 1084.521728515625], "obj_id": 0}, {"cam_R_m2c": [-0.1615322381258011, 0.9772470593452454, -0.13746055960655212, 0.12175208330154419, -0.1184912770986557, -0.9854623675346375, -0.9793281555175781, -0.17592012882232666, -0.09984162449836731], "cam_t_m2c": [-82.8042221069336, 4.729935646057129, 1084.521728515625], "obj_id": 1}, {"cam_R_m2c": [-0.1615322381258011, 0.9772470593452454, -0.13746055960655212, 0.12175208330154419, -0.1184912770986557, -0.9854623675346375, -0.9793281555175781, -0.17592012882232666, -0.09984162449836731], "cam_t_m2c": [-82.8042221069336, 4.729935646057129, 1084.521728515625], "obj_id": 3}, {"cam_R_m2c": [-0.1615322381258011, 0.9772470593452454, -0.13746055960655212, 0.12175208330154419, -0.1184912770986557, -0.9854623675346375, -0.9793281555175781, -0.17592012882232666, -0.09984162449836731], "cam_t_m2c": [-82.8042221069336, 4.729935646057129, 1084.521728515625], "obj_id": 2}, {"cam_R_m2c": [-0.1615322381258011, 0.9772470593452454, -0.13746055960655212, 0.12175208330154419, -0.1184912770986557, -0.9854623675346375, -0.9793281555175781, -0.17592012882232666, -0.09984162449836731], "cam_t_m2c": [-82.8042221069336, 4.729935646057129, 1084.521728515625], "obj_id": 1}, {"cam_R_m2c": [-0.5365601181983948, 0.6071174740791321, -0.5860987305641174, -0.7755131721496582, -0.08094064146280289, 0.6261214017868042, 0.33269003033638, 0.7904790043830872, 0.5142570734024048], "cam_t_m2c": [-89.36122131347656, 31.631086349487305, 1018.880859375], "obj_id": 1}, {"cam_R_m2c": [-0.23136602342128754, -0.03510450944304466, 0.9722331166267395, -0.8364723920822144, 0.5174736976623535, -0.1803741306066513, -0.4967730641365051, -0.8549787402153015, -0.1490897387266159], "cam_t_m2c": [369.11639404296875, -74.61432647705078, 923.9014892578125], "obj_id": 2}, {"cam_R_m2c": [0.4317346513271332, 0.8018723130226135, -0.4130447804927826, -0.8981908559799194, 0.4242311418056488, -0.11524392664432526, 0.08281555026769638, 0.4207478165626526, 0.9033896327018738], "cam_t_m2c": [-84.5711898803711, 39.96352767944336, 1011.3740234375], "obj_id": 3}, {"cam_R_m2c": [-0.587048351764679, 0.8072232604026794, -0.06135595217347145, -0.14815674722194672, -0.032617125660181046, 0.9884257912635803, 0.795879065990448, 0.5893441438674927, 0.1387435644865036], "cam_t_m2c": [146.53997802734375, 26.859521865844727, 1006.1129150390625], "obj_id": 4}],
  "2": [{"cam_R_m2c": [-0.1615322381258011, 0.9772470593452454, -0.13746055960655212, 0.12175208330154419, -0.1184912770986557, -0.9854623675346375, -0.9793281555175781, -0.17592012882232666, -0.09984162449836731], "cam_t_m2c": [-82.8042221069336, 4.729935646057129, 1084.521728515625], "obj_id": 2}, {"cam_R_m2c": [-0.1615322381258011, 0.9772470593452454, -0.13746055960655212, 0.12175208330154419, -0.1184912770986557, -0.9854623675346375, -0.9793281555175781, -0.17592012882232666, -0.09984162449836731], "cam_t_m2c": [-82.8042221069336, 4.729935646057129, 1084.521728515625], "obj_id": 0}, {"cam_R_m2c": [-0.1615322381258011, 0.9772470593452454, -0.13746055960655212, 0.12175208330154419, -0.1184912770986557, -0.9854623675346375, -0.9793281555175781, -0.17592012882232666, -0.09984162449836731], "cam_t_m2c": [-82.8042221069336, 4.729935646057129, 1084.521728515625], "obj_id": 3}, {"cam_R_m2c": [-0.1615322381258011, 0.9772470593452454, -0.13746055960655212, 0.12175208330154419, -0.1184912770986557, -0.9854623675346375, -0.9793281555175781, -0.17592012882232666, -0.09984162449836731], "cam_t_m2c": [-82.8042221069336, 4.729935646057129, 1084.521728515625], "obj_id": 2}, {"cam_R_m2c": [-0.1615322381258011, 0.9772470593452454, -0.13746055960655212, 0.12175208330154419, -0.1184912770986557, -0.9854623675346375, -0.9793281555175781, -0.17592012882232666, -0.09984162449836731], "cam_t_m2c": [-82.8042221069336, 4.729935646057129, 1084.521728515625], "obj_id": 0}, {"cam_R_m2c": [-0.1615322381258011, 0.9772470593452454, -0.13746055960655212, 0.12175208330154419, -0.1184912770986557, -0.9854623675346375, -0.9793281555175781, -0.17592012882232666, -0.09984162449836731], "cam_t_m2c": [-82.8042221069336, 4.729935646057129, 1084.521728515625], "obj_id": 2}, {"cam_R_m2c": [-0.1615322381258011, 0.9772470593452454, -0.13746055960655212, 0.12175208330154419, -0.1184912770986557, -0.9854623675346375, -0.9793281555175781, -0.17592012882232666, -0.09984162449836731], "cam_t_m2c": [-82.8042221069336, 4.729935646057129, 1084.521728515625], "obj_id": 1}, {"cam_R_m2c": [-0.1615322381258011, 0.9772470593452454, -0.13746055960655212, 0.12175208330154419, -0.1184912770986557, -0.9854623675346375, -0.9793281555175781, -0.17592012882232666, -0.09984162449836731], "cam_t_m2c": [-82.8042221069336, 4.729935646057129, 1084.521728515625], "obj_id": 0}, {"cam_R_m2c": [-0.1615322381258011, 0.9772470593452454, -0.13746055960655212, 0.12175208330154419, -0.1184912770986557, -0.9854623675346375, -0.9793281555175781, -0.17592012882232666, -0.09984162449836731], "cam_t_m2c": [-82.8042221069336, 4.729935646057129, 1084.521728515625], "obj_id": 1}, {"cam_R_m2c": [-0.1615322381258011, 0.9772470593452454, -0.13746055960655212, 0.12175208330154419, -0.1184912770986557, -0.9854623675346375, -0.9793281555175781, -0.17592012882232666, -0.09984162449836731], "cam_t_m2c": [-82.8042221069336, 4.729935646057129, 1084.521728515625], "obj_id": 3}, {"cam_R_m2c": [-0.1615322381258011, 0.9772470593452454, -0.13746055960655212, 0.12175208330154419, -0.1184912770986557, -0.9854623675346375, -0.9793281555175781, -0.17592012882232666, -0.09984162449836731], "cam_t_m2c": [-82.8042221069336, 4.729935646057129, 1084.521728515625], "obj_id": 2}, {"cam_R_m2c": [-0.1615322381258011, 0.9772470593452454, -0.13746055960655212, 0.12175208330154419, -0.1184912770986557, -0.9854623675346375, -0.9793281555175781, -0.17592012882232666, -0.09984162449836731], "cam_t_m2c": [-82.8042221069336, 4.729935646057129, 1084.521728515625], "obj_id": 1}, {"cam_R_m2c": [-0.5365601181983948, 0.6071174740791321, -0.5860987305641174, -0.7755131721496582, -0.08094064146280289, 0.6261214017868042, 0.33269003033638, 0.7904790043830872, 0.5142570734024048], "cam_t_m2c": [-89.36122131347656, 31.631086349487305, 1018.880859375], "obj_id": 1}, {"cam_R_m2c": [-0.23136602342128754, -0.03510450944304466, 0.9722331166267395, -0.8364723920822144, 0.5174736976623535, -0.1803741306066513, -0.4967730641365051, -0.8549787402153015, -0.1490897387266159], "cam_t_m2c": [369.11639404296875, -74.61432647705078, 923.9014892578125], "obj_id": 2}, {"cam_R_m2c": [0.4317346513271332, 0.8018723130226135, -0.4130447804927826, -0.8981908559799194, 0.4242311418056488, -0.11524392664432526, 0.08281555026769638, 0.4207478165626526, 0.9033896327018738], "cam_t_m2c": [-84.5711898803711, 39.96352767944336, 1011.3740234375], "obj_id": 3}, {"cam_R_m2c": [-0.587048351764679, 0.8072232604026794, -0.06135595217347145, -0.14815674722194672, -0.032617125660181046, 0.9884257912635803, 0.795879065990448, 0.5893441438674927, 0.1387435644865036], "cam_t_m2c": [146.53997802734375, 26.859521865844727, 1006.1129150390625], "obj_id": 4}],
  "3": [{"cam_R_m2c": [-0.4669634699821472, -0.8751547932624817, 0.12668456137180328, -0.3641152083873749, 0.05974194407463074, -0.9294357895851135, 0.8058318495750427, -0.48014044761657715, -0.34655439853668213], "cam_t_m2c": [156.7603302001953, 48.22043991088867, 910.322998046875], "obj_id": 2}, {"cam_R_m2c": [-0.4669634699821472, -0.8751547932624817, 0.12668456137180328, -0.3641152083873749, 0.05974194407463074, -0.9294357895851135, 0.8058318495750427, -0.48014044761657715, -0.34655439853668213], "cam_t_m2c": [156.7603302001953, 48.22043991088867, 910.322998046875], "obj_id": 0}, {"cam_R_m2c": [-0.4669634699821472, -0.8751547932624817, 0.12668456137180328, -0.3641152083873749, 0.05974194407463074, -0.9294357895851135, 0.8058318495750427, -0.48014044761657715, -0.34655439853668213], "cam_t_m2c": [156.7603302001953, 48.22043991088867, 910.322998046875], "obj_id": 3}, {"cam_R_m2c": [-0.4669634699821472, -0.8751547932624817, 0.12668456137180328, -0.3641152083873749, 0.05974194407463074, -0.9294357895851135, 0.8058318495750427, -0.48014044761657715, -0.34655439853668213], "cam_t_m2c": [156.7603302001953, 48.22043991088867, 910.322998046875], "obj_id": 2}, {"cam_R_m2c": [-0.4669634699821472, -0.8751547932624817, 0.12668456137180328, -0.3641152083873749, 0.05974194407463074, -0.9294357895851135, 0.8058318495750427, -0.48014044761657715, -0.34655439853668213], "cam_t_m2c": [156.7603302001953, 48.22043991088867, 910.322998046875], "obj_id": 0}, {"cam_R_m2c": [-0.4669634699821472, -0.8751547932624817, 0.12668456137180328, -0.3641152083873749, 0.05974194407463074, -0.9294357895851135, 0.8058318495750427, -0.48014044761657715, -0.34655439853668213], "cam_t_m2c": [156.7603302001953, 48.22043991088867, 910.322998046875], "obj_id": 2}, {"cam_R_m2c": [-0.4669634699821472, -0.8751547932624817, 0.12668456137180328, -0.3641152083873749, 0.05974194407463074, -0.9294357895851135, 0.8058318495750427, -0.48014044761657715, -0.34655439853668213], "cam_t_m2c": [156.7603302001953, 48.22043991088867, 910.322998046875], "obj_id": 1}, {"cam_R_m2c": [-0.4669634699821472, -0.8751547932624817, 0.12668456137180328, -0.3641152083873749, 0.05974194407463074, -0.9294357895851135, 0.8058318495750427, -0.48014044761657715, -0.34655439853668213], "cam_t_m2c": [156.7603302001953, 48.22043991088867, 910.322998046875], "obj_id": 0}, {"cam_R_m2c": [-0.4669634699821472, -0.8751547932624817, 0.12668456137180328, -0.3641152083873749, 0.05974194407463074, -0.9294357895851135, 0.8058318495750427, -0.48014044761657715, -0.34655439853668213], "cam_t_m2c": [156.7603302001953, 48.22043991088867, 910.322998046875], "obj_id": 1}, {"cam_R_m2c": [-0.4669634699821472, -0.8751547932624817, 0.12668456137180328, -0.3641152083873749, 0.05974194407463074, -0.9294357895851135, 0.8058318495750427, -0.48014044761657715, -0.34655439853668213], "cam_t_m2c": [156.7603302001953, 48.22043991088867, 910.322998046875], "obj_id": 3}, {"cam_R_m2c": [-0.4669634699821472, -0.8751547932624817, 0.12668456137180328, -0.3641152083873749, 0.05974194407463074, -0.9294357895851135, 0.8058318495750427, -0.48014044761657715, -0.34655439853668213], "cam_t_m2c": [156.7603302001953, 48.22043991088867, 910.322998046875], "obj_id": 2}, {"cam_R_m2c": [-0.4669634699821472, -0.8751547932624817, 0.12668456137180328, -0.3641152083873749, 0.05974194407463074, -0.9294357895851135, 0.8058318495750427, -0.48014044761657715, -0.34655439853668213], "cam_t_m2c": [156.7603302001953, 48.22043991088867, 910.322998046875], "obj_id": 1}, {"cam_R_m2c": [0.687403678894043, -0.004501005169004202, 0.7262616157531738, -0.6558678150177002, 0.425666481256485, 0.6234143376350403, -0.3119511902332306, -0.9048689007759094, 0.28965264558792114], "cam_t_m2c": [120.59551239013672, 41.06247329711914, 971.2842407226562], "obj_id": 1}, {"cam_R_m2c": [-0.047683361917734146, -0.5241827964782715, -0.8502696752548218, -0.9978382587432861, 0.06353526562452316, 0.016790345311164856, 0.04522082954645157, 0.8492323160171509, -0.5260791778564453], "cam_t_m2c": [-293.4847412109375, 19.83637046813965, 729.2142333984375], "obj_id": 2}, {"cam_R_m2c": [-0.22455832362174988, -0.42049574851989746, 0.8790658712387085, -0.6343947649002075, 0.7478356957435608, 0.19566570222377777, -0.739673376083374, -0.5137364268302917, -0.43469300866127014], "cam_t_m2c": [111.63312530517578, 46.14478302001953, 977.8090209960938], "obj_id": 3}, {"cam_R_m2c": [0.9559957385063171, -0.2882031798362732, 0.05487356707453728, 0.0774046927690506, 0.4281875491142273, 0.9003687500953674, -0.2829853296279907, -0.8565011620521545, 0.4316537380218506], "cam_t_m2c": [-74.74219512939453, 89.12017822265625, 847.3133544921875], "obj_id": 4}],
  "4": [{"cam_R_m2c": [-0.4669634699821472, -0.8751547932624817, 0.12668456137180328, -0.3641152083873749, 0.05974194407463074, -0.9294357895851135, 0.8058318495750427, -0.48014044761657715, -0.34655439853668213], "cam_t_m2c": [156.7603302001953, 48.22043991088867, 910.322998046875], "obj_id": 2}, {"cam_R_m2c": [-0.4669634699821472, -0.8751547932624817, 0.12668456137180328, -0.3641152083873749, 0.05974194407463074, -0.9294357895851135, 0.8058318495750427, -0.48014044761657715, -0.34655439853668213], "cam_t_m2c": [156.7603302001953, 48.22043991088867, 910.322998046875], "obj_id": 0}, {"cam_R_m2c": [-0.4669634699821472, -0.8751547932624817, 0.12668456137180328, -0.3641152083873749, 0.05974194407463074, -0.9294357895851135, 0.8058318495750427, -0.48014044761657715, -0.34655439853668213], "cam_t_m2c": [156.7603302001953, 48.22043991088867, 910.322998046875], "obj_id": 3}, {"cam_R_m2c": [-0.4669634699821472, -0.8751547932624817, 0.12668456137180328, -0.3641152083873749, 0.05974194407463074, -0.9294357895851135, 0.8058318495750427, -0.48014044761657715, -0.34655439853668213], "cam_t_m2c": [156.7603302001953, 48.22043991088867, 910.322998046875], "obj_id": 2}, {"cam_R_m2c": [-0.4669634699821472, -0.8751547932624817, 0.12668456137180328, -0.3641152083873749, 0.05974194407463074, -0.9294357895851135, 0.8058318495750427, -0.48014044761657715, -0.34655439853668213], "cam_t_m2c": [156.7603302001953, 48.22043991088867, 910.322998046875], "obj_id": 0}, {"cam_R_m2c": [-0.4669634699821472, -0.8751547932624817, 0.12668456137180328, -0.3641152083873749, 0.05974194407463074, -0.9294357895851135, 0.8058318495750427, -0.48014044761657715, -0.34655439853668213], "cam_t_m2c": [156.7603302001953, 48.22043991088867, 910.322998046875], "obj_id": 2}, {"cam_R_m2c": [-0.4669634699821472, -0.8751547932624817, 0.12668456137180328, -0.3641152083873749, 0.05974194407463074, -0.9294357895851135, 0.8058318495750427, -0.48014044761657715, -0.34655439853668213], "cam_t_m2c": [156.7603302001953, 48.22043991088867, 910.322998046875], "obj_id": 1}, {"cam_R_m2c": [-0.4669634699821472, -0.8751547932624817, 0.12668456137180328, -0.3641152083873749, 0.05974194407463074, -0.9294357895851135, 0.8058318495750427, -0.48014044761657715, -0.34655439853668213], "cam_t_m2c": [156.7603302001953, 48.22043991088867, 910.322998046875], "obj_id": 0}, {"cam_R_m2c": [-0.4669634699821472, -0.8751547932624817, 0.12668456137180328, -0.3641152083873749, 0.05974194407463074, -0.9294357895851135, 0.8058318495750427, -0.48014044761657715, -0.34655439853668213], "cam_t_m2c": [156.7603302001953, 48.22043991088867, 910.322998046875], "obj_id": 1}, {"cam_R_m2c": [-0.4669634699821472, -0.8751547932624817, 0.12668456137180328, -0.3641152083873749, 0.05974194407463074, -0.9294357895851135, 0.8058318495750427, -0.48014044761657715, -0.34655439853668213], "cam_t_m2c": [156.7603302001953, 48.22043991088867, 910.322998046875], "obj_id": 3}, {"cam_R_m2c": [-0.4669634699821472, -0.8751547932624817, 0.12668456137180328, -0.3641152083873749, 0.05974194407463074, -0.9294357895851135, 0.8058318495750427, -0.48014044761657715, -0.34655439853668213], "cam_t_m2c": [156.7603302001953, 48.22043991088867, 910.322998046875], "obj_id": 2}, {"cam_R_m2c": [-0.4669634699821472, -0.8751547932624817, 0.12668456137180328, -0.3641152083873749, 0.05974194407463074, -0.9294357895851135, 0.8058318495750427, -0.48014044761657715, -0.34655439853668213], "cam_t_m2c": [156.7603302001953, 48.22043991088867, 910.322998046875], "obj_id": 1}, {"cam_R_m2c": [0.687403678894043, -0.004501005169004202, 0.7262616157531738, -0.6558678150177002, 0.425666481256485, 0.6234143376350403, -0.3119511902332306, -0.9048689007759094, 0.28965264558792114], "cam_t_m2c": [120.59551239013672, 41.06247329711914, 971.2842407226562], "obj_id": 1}, {"cam_R_m2c": [-0.047683361917734146, -0.5241827964782715, -0.8502696752548218, -0.9978382587432861, 0.06353526562452316, 0.016790345311164856, 0.04522082954645157, 0.8492323160171509, -0.5260791778564453], "cam_t_m2c": [-293.4847412109375, 19.83637046813965, 729.2142333984375], "obj_id": 2}, {"cam_R_m2c": [-0.22455832362174988, -0.42049574851989746, 0.8790658712387085, -0.6343947649002075, 0.7478356957435608, 0.19566570222377777, -0.739673376083374, -0.5137364268302917, -0.43469300866127014], "cam_t_m2c": [111.63312530517578, 46.14478302001953, 977.8090209960938], "obj_id": 3}, {"cam_R_m2c": [0.9559957385063171, -0.2882031798362732, 0.05487356707453728, 0.0774046927690506, 0.4281875491142273, 0.9003687500953674, -0.2829853296279907, -0.8565011620521545, 0.4316537380218506], "cam_t_m2c": [-74.74219512939453, 89.12017822265625, 847.3133544921875], "obj_id": 4}],
  "5": [{"cam_R_m2c": [-0.005156025756150484, -0.9832392334938049, 0.1822471022605896, -0.3295573592185974, -0.17039719223976135, -0.9286316633224487, 0.9441214799880981, -0.06484892964363098, -0.32315513491630554], "cam_t_m2c": [107.8480224609375, 78.30007934570312, 516.6124267578125], "obj_id": 2}, {"cam_R_m2c": [-0.005156025756150484, -0.9832392334938049, 0.1822471022605896, -0.3295573592185974, -0.17039719223976135, -0.9286316633224487, 0.9441214799880981, -0.06484892964363098, -0.32315513491630554], "cam_t_m2c": [107.8480224609375, 78.30007934570312, 516.6124267578125], "obj_id": 0}, {"cam_R_m2c": [-0.005156025756150484, -0.9832392334938049, 0.1822471022605896, -0.3295573592185974, -0.17039719223976135, -0.9286316633224487, 0.9441214799880981, -0.06484892964363098, -0.32315513491630554], "cam_t_m2c": [107.8480224609375, 78.30007934570312, 516.6124267578125], "obj_id": 3}, {"cam_R_m2c": [-0.005156025756150484, -0.9832392334938049, 0.1822471022605896, -0.3295573592185974, -0.17039719223976135, -0.9286316633224487, 0.9441214799880981, -0.06484892964363098, -0.32315513491630554], "cam_t_m2c": [107.8480224609375, 78.30007934570312, 516.6124267578125], "obj_id": 2}, {"cam_R_m2c": [-0.005156025756150484, -0.9832392334938049, 0.1822471022605896, -0.3295573592185974, -0.17039719223976135, -0.9286316633224487, 0.9441214799880981, -0.06484892964363098, -0.32315513491630554], "cam_t_m2c": [107.8480224609375, 78.30007934570312, 516.6124267578125], "obj_id": 0}, {"cam_R_m2c": [-0.005156025756150484, -0.9832392334938049, 0.1822471022605896, -0.3295573592185974, -0.17039719223976135, -0.9286316633224487, 0.9441214799880981, -0.06484892964363098, -0.32315513491630554], "cam_t_m2c": [107.8480224609375, 78.30007934570312, 516.6124267578125], "obj_id": 2}, {"cam_R_m2c": [-0.005156025756150484, -0.9832392334938049, 0.1822471022605896, -0.3295573592185974, -0.17039719223976135, -0.9286316633224487, 0.9441214799880981, -0.06484892964363098, -0.32315513491630554], "cam_t_m2c": [107.8480224609375, 78.30007934570312, 516.6124267578125], "obj_id": 1}, {"cam_R_m2c": [-0.005156025756150484, -0.9832392334938049, 0.1822471022605896, -0.3295573592185974, -0.17039719223976135, -0.9286316633224487, 0.9441214799880981, -0.06484892964363098, -0.32315513491630554], "cam_t_m2c": [107.8480224609375, 78.30007934570312, 516.6124267578125], "obj_id": 0}, {"cam_R_m2c": [-0.005156025756150484, -0.9832392334938049, 0.1822471022605896, -0.3295573592185974, -0.17039719223976135, -0.9286316633224487, 0.9441214799880981, -0.06484892964363098, -0.32315513491630554], "cam_t_m2c": [107.8480224609375, 78.30007934570312, 516.6124267578125], "obj_id": 1}, {"cam_R_m2c": [-0.005156025756150484, -0.9832392334938049, 0.1822471022605896, -0.3295573592185974, -0.17039719223976135, -0.9286316633224487, 0.9441214799880981, -0.06484892964363098, -0.32315513491630554], "cam_t_m2c": [107.8480224609375, 78.30007934570312, 516.6124267578125], "obj_id": 3}, {"cam_R_m2c": [-0.005156025756150484, -0.9832392334938049, 0.1822471022605896, -0.3295573592185974, -0.17039719223976135, -0.9286316633224487, 0.9441214799880981, -0.06484892964363098, -0.32315513491630554], "cam_t_m2c": [107.8480224609375, 78.30007934570312, 516.6124267578125], "obj_id": 2}, {"cam_R_m2c": [-0.005156025756150484, -0.9832392334938049, 0.1822471022605896, -0.3295573592185974, -0.17039719223976135, -0.9286316633224487, 0.9441214799880981, -0.06484892964363098, -0.32315513491630554], "cam_t_m2c": [107.8480224609375, 78.30007934570312, 516.6124267578125], "obj_id": 1}, {"cam_R_m2c": [0.6311461329460144, -0.46656715869903564, 0.6196528077125549, -0.5537525415420532, 0.28837189078330994, 0.7811527252197266, -0.5431506633758545, -0.8361558318138123, -0.07635793834924698], "cam_t_m2c": [102.10201263427734, 73.04881286621094, 587.427734375], "obj_id": 1}, {"cam_R_m2c": [0.20181871950626373, -0.13503964245319366, -0.9700686931610107, -0.9734129905700684, 0.0818978026509285, -0.21391502022743225, 0.10833338648080826, 0.9874496459960938, -0.11492075771093369], "cam_t_m2c": [-357.9483337402344, -57.783424377441406, 545.6244506835938], "obj_id": 2}, {"cam_R_m2c": [-0.3548276126384735, -0.7496995329856873, 0.558612585067749, -0.7609677910804749, 0.5787061452865601, 0.29330405592918396, -0.54316246509552, -0.32101380825042725, -0.7758380770683289], "cam_t_m2c": [95.65269470214844, 77.23297882080078, 596.8948364257812], "obj_id": 3}, {"cam_R_m2c": [0.7149357199668884, -0.6989144682884216, 0.01963322050869465, 0.2134520262479782, 0.24491232633590698, 0.9457569122314453, -0.6658115983009338, -0.6719646453857422, 0.3242813050746918], "cam_t_m2c": [-132.01768493652344, 66.47862243652344, 556.1234130859375], "obj_id": 4}],
  "6": [{"cam_R_m2c": [-0.005156025756150484, -0.9832392334938049, 0.1822471022605896, -0.3295573592185974, -0.17039719223976135, -0.9286316633224487, 0.9441214799880981, -0.06484892964363098, -0.32315513491630554], "cam_t_m2c": [107.8480224609375, 78.30007934570312, 516.6124267578125], "obj_id": 2}, {"cam_R_m2c": [-0.005156025756150484, -0.9832392334938049, 0.1822471022605896, -0.3295573592185974, -0.17039719223976135, -0.9286316633224487, 0.9441214799880981, -0.06484892964363098, -0.32315513491630554], "cam_t_m2c": [107.8480224609375, 78.30007934570312, 516.6124267578125], "obj_id": 0}, {"cam_R_m2c": [-0.005156025756150484, -0.9832392334938049, 0.1822471022605896, -0.3295573592185974, -0.17039719223976135, -0.9286316633224487, 0.9441214799880981, -0.06484892964363098, -0.32315513491630554], "cam_t_m2c": [107.8480224609375, 78.30007934570312, 516.6124267578125], "obj_id": 3}, {"cam_R_m2c": [-0.005156025756150484, -0.9832392334938049, 0.1822471022605896, -0.3295573592185974, -0.17039719223976135, -0.9286316633224487, 0.9441214799880981, -0.06484892964363098, -0.32315513491630554], "cam_t_m2c": [107.8480224609375, 78.30007934570312, 516.6124267578125], "obj_id": 2}, {"cam_R_m2c": [-0.005156025756150484, -0.9832392334938049, 0.1822471022605896, -0.3295573592185974, -0.17039719223976135, -0.9286316633224487, 0.9441214799880981, -0.06484892964363098, -0.32315513491630554], "cam_t_m2c": [107.8480224609375, 78.30007934570312, 516.6124267578125], "obj_id": 0}, {"cam_R_m2c": [-0.005156025756150484, -0.9832392334938049, 0.1822471022605896, -0.3295573592185974, -0.17039719223976135, -0.9286316633224487, 0.9441214799880981, -0.06484892964363098, -0.32315513491630554], "cam_t_m2c": [107.8480224609375, 78.30007934570312, 516.6124267578125], "obj_id": 2}, {"cam_R_m2c": [-0.005156025756150484, -0.9832392334938049, 0.1822471022605896, -0.3295573592185974, -0.17039719223976135, -0.9286316633224487, 0.9441214799880981, -0.06484892964363098, -0.32315513491630554], "cam_t_m2c": [107.8480224609375, 78.30007934570312, 516.6124267578125], "obj_id": 1}, {"cam_R_m2c": [-0.005156025756150484, -0.9832392334938049, 0.1822471022605896, -0.3295573592185974, -0.17039719223976135, -0.9286316633224487, 0.9441214799880981, -0.06484892964363098, -0.32315513491630554], "cam_t_m2c": [107.8480224609375, 78.30007934570312, 516.6124267578125], "obj_id": 0}, {"cam_R_m2c": [-0.005156025756150484, -0.9832392334938049, 0.1822471022605896, -0.3295573592185974, -0.17039719223976135, -0.9286316633224487, 0.9441214799880981, -0.06484892964363098, -0.32315513491630554], "cam_t_m2c": [107.8480224609375, 78.30007934570312, 516.6124267578125], "obj_id": 1}, {"cam_R_m2c": [-0.005156025756150484, -0.9832392334938049, 0.1822471022605896, -0.3295573592185974, -0.17039719223976135, -0.9286316633224487, 0.9441214799880981, -0.06484892964363098, -0.32315513491630554], "cam_t_m2c": [107.8480224609375, 78.30007934570312, 516.6124267578125], "obj_id": 3}, {"cam_R_m2c": [-0.005156025756150484, -0.9832392334938049, 0.1822471022605896, -0.3295573592185974, -0.17039719223976135, -0.9286316633224487, 0.9441214799880981, -0.06484892964363098, -0.32315513491630554], "cam_t_m2c": [107.8480224609375, 78.30007934570312, 516.6124267578125], "obj_id": 2}, {"cam_R_m2c": [-0.005156025756150484, -0.9832392334938049, 0.1822471022605896, -0.3295573592185974, -0.17039719223976135, -0.9286316633224487, 0.9441214799880981, -0.06484892964363098, -0.32315513491630554], "cam_t_m2c": [107.8480224609375, 78.30007934570312, 516.6124267578125], "obj_id": 1}, {"cam_R_m2c": [0.6311461329460144, -0.46656715869903564, 0.6196528077125549, -0.5537525415420532, 0.28837189078330994, 0.7811527252197266, -0.5431506633758545, -0.8361558318138123, -0.07635793834924698], "cam_t_m2c": [102.10201263427734, 73.04881286621094, 587.427734375], "obj_id": 1}, {"cam_R_m2c": [0.20181871950626373, -0.13503964245319366, -0.9700686931610107, -0.9734129905700684, 0.0818978026509285, -0.21391502022743225, 0.10833338648080826, 0.9874496459960938, -0.11492075771093369], "cam_t_m2c": [-357.9483337402344, -57.783424377441406, 545.6244506835938], "obj_id": 2}, {"cam_R_m2c": [-0.3548276126384735, -0.7496995329856873, 0.558612585067749, -0.7609677910804749, 0.5787061452865601, 0.29330405592918396, -0.54316246509552, -0.32101380825042725, -0.7758380770683289], "cam_t_m2c": [95.65269470214844, 77.23297882080078, 596.8948364257812], "obj_id": 3}, {"cam_R_m2c": [0.7149357199668884, -0.6989144682884216, 0.01963322050869465, 0.2134520262479782, 0.24491232633590698, 0.9457569122314453, -0.6658115983009338, -0.6719646453857422, 0.3242813050746918], "cam_t_m2c": [-132.01768493652344, 66.47862243652344, 556.1234130859375], "obj_id": 4}],
  "7": [{"cam_R_m2c": [0.7179704904556274, 0.6843552589416504, 0.12718576192855835, 0.5094066262245178, -0.39206498861312866, -0.7660219669342041, -0.47436606884002686, 0.6147704124450684, -0.6301062107086182], "cam_t_m2c": [-183.217041015625, -10.971445083618164, 952.1959838867188], "obj_id": 2}, {"cam_R_m2c": [0.7179704904556274, 0.6843552589416504, 0.12718576192855835, 0.5094066262245178, -0.39206498861312866, -0.7660219669342041, -0.47436606884002686, 0.6147704124450684, -0.6301062107086182], "cam_t_m2c": [-183.217041015625, -10.971445083618164, 952.1959838867188], "obj_id": 0}, {"cam_R_m2c": [0.7179704904556274, 0.6843552589416504, 0.12718576192855835, 0.5094066262245178, -0.39206498861312866, -0.7660219669342041, -0.47436606884002686, 0.6147704124450684, -0.6301062107086182], "cam_t_m2c": [-183.217041015625, -10.971445083618164, 952.1959838867188], "obj_id": 3}, {"cam_R_m2c": [0.7179704904556274, 0.6843552589416504, 0.12718576192855835, 0.5094066262245178, -0.39206498861312866, -0.7660219669342041, -0.47436606884002686, 0.6147704124450684, -0.6301062107086182], "cam_t_m2c": [-183.217041015625, -10.971445083618164, 952.1959838867188], "obj_id": 2}, {"cam_R_m2c": [0.7179704904556274, 0.6843552589416504, 0.12718576192855835, 0.5094066262245178, -0.39206498861312866, -0.7660219669342041, -0.47436606884002686, 0.6147704124450684, -0.6301062107086182], "cam_t_m2c": [-183.217041015625, -10.971445083618164, 952.1959838867188], "obj_id": 0}, {"cam_R_m2c": [0.7179704904556274, 0.6843552589416504, 0.12718576192855835, 0.5094066262245178, -0.39206498861312866, -0.7660219669342041, -0.47436606884002686, 0.6147704124450684, -0.6301062107086182], "cam_t_m2c": [-183.217041015625, -10.971445083618164, 952.1959838867188], "obj_id": 2}, {"cam_R_m2c": [0.7179704904556274, 0.6843552589416504, 0.12718576192855835, 0.5094066262245178, -0.39206498861312866, -0.7660219669342041, -0.47436606884002686, 0.6147704124450684, -0.6301062107086182], "cam_t_m2c": [-183.217041015625, -10.971445083618164, 952.1959838867188], "obj_id": 1}, {"cam_R_m2c": [0.7179704904556274, 0.6843552589416504, 0.12718576192855835, 0.5094066262245178, -0.39206498861312866, -0.7660219669342041, -0.47436606884002686, 0.6147704124450684, -0.6301062107086182], "cam_t_m2c": [-183.217041015625, -10.971445083618164, 952.1959838867188], "obj_id": 0}, {"cam_R_m2c": [0.7179704904556274, 0.6843552589416504, 0.12718576192855835, 0.5094066262245178, -0.39206498861312866, -0.7660219669342041, -0.47436606884002686, 0.6147704124450684, -0.6301062107086182], "cam_t_m2c": [-183.217041015625, -10.971445083618164, 952.1959838867188], "obj_id": 1}, {"cam_R_m2c": [0.7179704904556274, 0.6843552589416504, 0.12718576192855835, 0.5094066262245178, -0.39206498861312866, -0.7660219669342041, -0.47436606884002686, 0.6147704124450684, -0.6301062107086182], "cam_t_m2c": [-183.217041015625, -10.971445083618164, 952.1959838867188], "obj_id": 3}, {"cam_R_m2c": [0.7179704904556274, 0.6843552589416504, 0.12718576192855835, 0.5094066262245178, -0.39206498861312866, -0.7660219669342041, -0.47436606884002686, 0.6147704124450684, -0.6301062107086182], "cam_t_m2c": [-183.217041015625, -10.971445083618164, 952.1959838867188], "obj_id": 2}, {"cam_R_m2c": [0.7179704904556274, 0.6843552589416504, 0.12718576192855835, 0.5094066262245178, -0.39206498861312866, -0.7660219669342041, -0.47436606884002686, 0.6147704124450684, -0.6301062107086182], "cam_t_m2c": [-183.217041015625, -10.971445083618164, 952.1959838867188], "obj_id": 1}, {"cam_R_m2c": [-0.4731403589248657, -0.32637500762939453, -0.8183015584945679, -0.5938975811004639, -0.5678973197937012, 0.5698931217193604, -0.6507102251052856, 0.7556267976760864, 0.07486190646886826], "cam_t_m2c": [-135.0384979248047, 37.81447219848633, 932.8525390625], "obj_id": 1}, {"cam_R_m2c": [0.39110589027404785, 0.6345712542533875, 0.6665998697280884, -0.4632863402366638, 0.7615795731544495, -0.45316916704177856, -0.7952370047569275, -0.13158951699733734, 0.5918464660644531], "cam_t_m2c": [202.4644317626953, -185.45867919921875, 1191.2161865234375], "obj_id": 2}, {"cam_R_m2c": [0.26876288652420044, 0.026936626061797142, -0.9628296494483948, -0.9602158069610596, -0.07121633738279343, -0.2700256407260895, -0.07584277540445328, 0.9970971345901489, 0.006724666338413954], "cam_t_m2c": [-127.18856048583984, 45.93644714355469, 937.4503173828125], "obj_id": 3}, {"cam_R_m2c": [-0.9621589183807373, -0.05681154876947403, -0.26650047302246094, -0.19778020679950714, -0.5271555781364441, 0.8264320492744446, -0.18743811547756195, 0.8478675484657288, 0.49597135186195374], "cam_t_m2c": [2.4900705814361572, -46.74830627441406, 1105.3929443359375], "obj_id": 4}]
}