{
  "0": [{"cam_R_m2c": [0.3139713704586029, 0.9486435651779175, 0.03869551792740822, 0.6393585205078125, -0.18112626671791077, -0.7472710013389587, -0.7018851041793823, 0.25936204195022583, -0.6633918285369873], "cam_t_m2c": [-17.367830276489258, -42.4422492980957, 618.5557250976562], "obj_id": 1}, {"cam_R_m2c": [0.3139713704586029, 0.9486435651779175, 0.03869551792740822, 0.6393585205078125, -0.18112626671791077, -0.7472710013389587, -0.7018851041793823, 0.25936204195022583, -0.6633918285369873], "cam_t_m2c": [-17.367830276489258, -42.4422492980957, 618.5557250976562], "obj_id": 0}, {"cam_R_m2c": [0.3139713704586029, 0.9486435651779175, 0.03869551792740822, 0.6393585205078125, -0.18112626671791077, -0.7472710013389587, -0.7018851041793823, 0.25936204195022583, -0.6633918285369873], "cam_t_m2c": [-17.367830276489258, -42.4422492980957, 618.5557250976562], "obj_id": 0}, {"cam_R_m2c": [0.3139713704586029, 0.9486435651779175, 0.03869551792740822, 0.6393585205078125, -0.18112626671791077, -0.7472710013389587, -0.7018851041793823, 0.25936204195022583, -0.6633918285369873], "cam_t_m2c": [-17.367830276489258, -42.4422492980957, 618.5557250976562], "obj_id": 3}, {"cam_R_m2c": [0.3139713704586029, 0.9486435651779175, 0.03869551792740822, 0.6393585205078125, -0.18112626671791077, -0.7472710013389587, -0.7018851041793823, 0.25936204195022583, -0.6633918285369873], "cam_t_m2c": [-17.367830276489258, -42.4422492980957, 618.5557250976562], "obj_id": 2}, {"cam_R_m2c": [0.3139713704586029, 0.9486435651779175, 0.03869551792740822, 0.6393585205078125, -0.18112626671791077, -0.7472710013389587, -0.7018851041793823, 0.25936204195022583, -0.6633918285369873], "cam_t_m2c": [-17.367830276489258, -42.4422492980957, 618.5557250976562], "obj_id": 0}, {"cam_R_m2c": [0.3139713704586029, 0.9486435651779175, 0.03869551792740822, 0.6393585205078125, -0.18112626671791077, -0.7472710013389587, -0.7018851041793823, 0.25936204195022583, -0.6633918285369873], "cam_t_m2c": [-17.367830276489258, -42.4422492980957, 618.5557250976562], "obj_id": 3}, {"cam_R_m2c": [0.3139713704586029, 0.9486435651779175, 0.03869551792740822, 0.6393585205078125, -0.18112626671791077, -0.7472710013389587, -0.7018851041793823, 0.25936204195022583, -0.6633918285369873], "cam_t_m2c": [-17.367830276489258, -42.4422492980957, 618.5557250976562], "obj_id": 2}, {"cam_R_m2c": [0.3139713704586029, 0.9486435651779175, 0.03869551792740822, 0.6393585205078125, -0.18112626671791077, -0.7472710013389587, -0.7018851041793823, 0.25936204195022583, -0.6633918285369873], "cam_t_m2c": [-17.367830276489258, -42.4422492980957, 618.5557250976562], "obj_id": 0}, {"cam_R_m2c": [0.3139713704586029, 0.9486435651779175, 0.03869551792740822, 0.6393585205078125, -0.18112626671791077, -0.7472710013389587, -0.7018851041793823, 0.25936204195022583, -0.6633918285369873], "cam_t_m2c": [-17.367830276489258, -42.4422492980957, 618.5557250976562], "obj_id": 0}, {"cam_R_m2c": [0.3139713704586029, 0.9486435651779175, 0.03869551792740822, 0.6393585205078125, -0.18112626671791077, -0.7472710013389587, -0.7018851041793823, 0.25936204195022583, -0.6633918285369873], "cam_t_m2c": [-17.367830276489258, -42.4422492980957, 618.5557250976562], "obj_id": 0}, {"cam_R_m2c": [0.3139713704586029, 0.9486435651779175, 0.03869551792740822, 0.6393585205078125, -0.18112626671791077, -0.7472710013389587, -0.7018851041793823, 0.25936204195022583, -0.6633918285369873], "cam_t_m2c": [-17.367830276489258, -42.4422492980957, 618.5557250976562], "obj_id": 0}, {"cam_R_m2c": [0.3139713704586029, 0.9486435651779175, 0.03869551792740822, 0.6393585205078125, -0.18112626671791077, -0.7472710013389587, -0.7018851041793823, 0.25936204195022583, -0.6633918285369873], "cam_t_m2c": [-17.367830276489258, -42.4422492980957, 618.5557250976562], "obj_id": 2}, {"cam_R_m2c": [0.3139713704586029, 0.9486435651779175, 0.03869551792740822, 0.6393585205078125, -0.18112626671791077, -0.7472710013389587, -0.7018851041793823, 0.25936204195022583, -0.6633918285369873], "cam_t_m2c": [-17.367830276489258, -42.4422492980957, 618.5557250976562], "obj_id": 1}, {"cam_R_m2c": [0.3139713704586029, 0.9486435651779175, 0.03869551792740822, 0.6393585205078125, -0.18112626671791077, -0.7472710013389587, -0.7018851041793823, 0.25936204195022583, -0.6633918285369873], "cam_t_m2c": [-17.367830276489258, -42.4422492980957, 618.5557250976562], "obj_id": 1}, {"cam_R_m2c": [0.3139713704586029, 0.9486435651779175, 0.03869551792740822, 0.6393585205078125, -0.18112626671791077, -0.7472710013389587, -0.7018851041793823, 0.25936204195022583, -0.6633918285369873], "cam_t_m2c": [-17.367830276489258, -42.4422492980957, 618.5557250976562], "obj_id": 3}, {"cam_R_m2c": [0.3139713704586029, 0.9486435651779175, 0.03869551792740822, 0.6393585205078125, -0.18112626671791077, -0.7472710013389587, -0.7018851041793823, 0.25936204195022583, -0.6633918285369873], "cam_t_m2c": [-17.367830276489258, -42.4422492980957, 618.5557250976562], "obj_id": 1}, {"cam_R_m2c": [0.3139713704586029, 0.9486435651779175, 0.03869551792740822, 0.6393585205078125, -0.18112626671791077, -0.7472710013389587, -0.7018851041793823, 0.25936204195022583, -0.6633918285369873], "cam_t_m2c": [-17.367830276489258, -42.4422492980957, 618.5557250976562], "obj_id": 2}, {"cam_R_m2c": [0.3139713704586029, 0.9486435651779175, 0.03869551792740822, 0.6393585205078125, -0.18112626671791077, -0.7472710013389587, -0.7018851041793823, 0.25936204195022583, -0.6633918285369873], "cam_t_m2c": [-17.367830276489258, -42.4422492980957, 618.5557250976562], "obj_id": 0}, {"cam_R_m2c": [0.3139713704586029, 0.9486435651779175, 0.03869551792740822, 0.6393585205078125, -0.18112626671791077, -0.7472710013389587, -0.7018851041793823, 0.25936204195022583, -0.6633918285369873], "cam_t_m2c": [-17.367830276489258, -42.4422492980957, 618.5557250976562], "obj_id": 3}, {"cam_R_m2c": [0.3139713704586029, 0.9486435651779175, 0.03869551792740822, 0.6393585205078125, -0.18112626671791077, -0.7472710013389587, -0.7018851041793823, 0.25936204195022583, -0.6633918285369873], "cam_t_m2c": [-17.367830276489258, -42.4422492980957, 618.5557250976562], "obj_id": 0}, {"cam_R_m2c": [0.3139713704586029, 0.9486435651779175, 0.03869551792740822, 0.6393585205078125, -0.18112626671791077, -0.7472710013389587, -0.7018851041793823, 0.25936204195022583, -0.6633918285369873], "cam_t_m2c": [-17.367830276489258, -42.4422492980957, 618.5557250976562], "obj_id": 3}, {"cam_R_m2c": [0.3139713704586029, 0.9486435651779175, 0.03869551792740822, 0.6393585205078125, -0.18112626671791077, -0.7472710013389587, -0.7018851041793823, 0.25936204195022583, -0.6633918285369873], "cam_t_m2c": [-17.367830276489258, -42.4422492980957, 618.5557250976562], "obj_id": 1}, {"cam_R_m2c": [0.3139713704586029, 0.9486435651779175, 0.03869551792740822, 0.6393585205078125, -0.18112626671791077, -0.7472710013389587, -0.7018851041793823, 0.25936204195022583, -0.6633918285369873], "cam_t_m2c": [-17.367830276489258, -42.4422492980957, 618.5557250976562], "obj_id": 0}, {"cam_R_m2c": [0.8640475273132324, -0.0388282909989357, -0.5019106268882751, 0.36756929755210876, 0.7299032807350159, 0.5763106346130371, 0.34396904706954956, -0.6824467182159424, 0.6449432373046875], "cam_t_m2c": [185.76132202148438, 9.593754768371582, 496.4185485839844], "obj_id": 3}, {"cam_R_m2c": [-0.6485593914985657, 0.7553395628929138, 0.09398313611745834, 0.7426818013191223, 0.6550131440162659, -0.139217346906662, -0.1667165607213974, -0.02049115300178528, -0.9857918620109558], "cam_t_m2c": [-137.5561981201172, -56.474334716796875, 551.981201171875], "obj_id": 3}, {"cam_R_m2c": [0.5092552304267883, -0.7959666848182678, -0.32725533843040466, -0.5929601788520813, -0.048919565975666046, -0.8037443161010742, 0.623744547367096, 0.6033604145050049, -0.49688905477523804], "cam_t_m2c": [87.28046417236328, -34.25557327270508, 540.0678100585938], "obj_id": 0}, {"cam_R_m2c": [-0.0007704746094532311, 0.49858084321022034, 0.8668426871299744, -0.7836272716522217, 0.5382086038589478, -0.31025734543800354, -0.6212305426597595, -0.6795207858085632, 0.39028698205947876], "cam_t_m2c": [-74.59597778320312, -299.3299560546875, 829.2158813476562], "obj_id": 1}, {"cam_R_m2c": [-0.13914300501346588, -0.6812854409217834, 0.7186717987060547, -0.6249388456344604, 0.6233755946159363, 0.4699513018131256, -0.7681734561920166, -0.38373544812202454, -0.5125001072883606], "cam_t_m2c": [129.2554473876953, -27.798486709594727, 535.24267578125], "obj_id": 0}, {"cam_R_m2c": [-0.05323689058423042, -0.3141474425792694, 0.9478803873062134, -0.5822114944458008, 0.7809587121009827, 0.22612667083740234, -0.8112925291061401, -0.5398285984992981, -0.22447606921195984], "cam_t_m2c": [140.42074584960938, -301.49603271484375, 844.1976928710938], "obj_id": 0}, {"cam_R_m2c": [-0.31684157252311707, -0.5833324790000916, -0.7478868961334229, -0.5436811447143555, -0.5344129800796509, 0.6471582651138306, -0.777188777923584, 0.6116585731506348, -0.14782269299030304], "cam_t_m2c": [-212.5426788330078, -85.79553985595703, 580.6358642578125], "obj_id": 1}, {"cam_R_m2c": [0.4406241774559021, 0.6693795323371887, -0.5981482863426208, 0.8648033142089844, -0.495228111743927, 0.0828518494963646, -0.24076050519943237, -0.553787112236023, -0.7970911264419556], "cam_t_m2c": [-9.53231430053711, -31.9063777923584, 531.7745361328125], "obj_id": 3}],
  "1": [{"cam_R_m2c": [0.927979052066803, 0.3678721487522125, -0.059371545910835266, 0.11829473078250885, -0.44191843271255493, -0.8892213106155396, -0.35335710644721985, 0.8181553483009338, -0.45360836386680603], "cam_t_m2c": [-82.93748474121094, 10.004769325256348, 591.6975708007812], "obj_id": 1}, {"cam_R_m2c": [0.927979052066803, 0.3678721487522125, -0.059371545910835266, 0.11829473078250885, -0.44191843271255493, -0.8892213106155396, -0.35335710644721985, 0.8181553483009338, -0.45360836386680603], "cam_t_m2c": [-82.93748474121094, 10.004769325256348, 591.6975708007812], "obj_id": 0}, {"cam_R_m2c": [0.927979052066803, 0.3678721487522125, -0.059371545910835266, 0.11829473078250885, -0.44191843271255493, -0.8892213106155396, -0.35335710644721985, 0.8181553483009338, -0.45360836386680603], "cam_t_m2c": [-82.93748474121094, 10.004769325256348, 591.6975708007812], "obj_id": 0}, {"cam_R_m2c": [0.927979052066803, 0.3678721487522125, -0.059371545910835266, 0.11829473078250885, -0.44191843271255493, -0.8892213106155396, -0.35335710644721985, 0.8181553483009338, -0.45360836386680603], "cam_t_m2c": [-82.93748474121094, 10.004769325256348, 591.6975708007812], "obj_id": 3}, {"cam_R_m2c": [0.927979052066803, 0.3678721487522125, -0.059371545910835266, 0.11829473078250885, -0.44191843271255493, -0.8892213106155396, -0.35335710644721985, 0.8181553483009338, -0.45360836386680603], "cam_t_m2c": [-82.93748474121094, 10.004769325256348, 591.6975708007812], "obj_id": 2}, {"cam_R_m2c": [0.927979052066803, 0.3678721487522125, -0.059371545910835266, 0.11829473078250885, -0.44191843271255493, -0.8892213106155396, -0.35335710644721985, 0.8181553483009338, -0.45360836386680603], "cam_t_m2c": [-82.93748474121094, 10.004769325256348, 591.6975708007812], "obj_id": 0}, {"cam_R_m2c": [0.927979052066803, 0.3678721487522125, -0.059371545910835266, 0.11829473078250885, -0.44191843271255493, -0.8892213106155396, -0.35335710644721985, 0.8181553483009338, -0.45360836386680603], "cam_t_m2c": [-82.93748474121094, 10.004769325256348, 591.6975708007812], "obj_id": 3}, {"cam_R_m2c": [0.927979052066803, 0.3678721487522125, -0.059371545910835266, 0.11829473078250885, -0.44191843271255493, -0.8892213106155396, -0.35335710644721985, 0.8181553483009338, -0.45360836386680603], "cam_t_m2c": [-82.93748474121094, 10.004769325256348, 591.6975708007812], "obj_id": 2}, {"cam_R_m2c": [0.927979052066803, 0.3678721487522125, -0.059371545910835266, 0.11829473078250885, -0.44191843271255493, -0.8892213106155396, -0.35335710644721985, 0.8181553483009338, -0.45360836386680603], "cam_t_m2c": [-82.93748474121094, 10.004769325256348, 591.6975708007812], "obj_id": 0}, {"cam_R_m2c": [0.927979052066803, 0.3678721487522125, -0.059371545910835266, 0.11829473078250885, -0.44191843271255493, -0.8892213106155396, -0.35335710644721985, 0.8181553483009338, -0.45360836386680603], "cam_t_m2c": [-82.93748474121094, 10.004769325256348, 591.6975708007812], "obj_id": 0}, {"cam_R_m2c": [0.927979052066803, 0.3678721487522125, -0.059371545910835266, 0.11829473078250885, -0.44191843271255493, -0.8892213106155396, -0.35335710644721985, 0.8181553483009338, -0.45360836386680603], "cam_t_m2c": [-82.93748474121094, 10.004769325256348, 591.6975708007812], "obj_id": 0}, {"cam_R_m2c": [0.927979052066803, 0.3678721487522125, -0.059371545910835266, 0.11829473078250885, -0.44191843271255493, -0.8892213106155396, -0.35335710644721985, 0.8181553483009338, -0.45360836386680603], "cam_t_m2c": [-82.93748474121094, 10.004769325256348, 591.6975708007812], "obj_id": 0}, {"cam_R_m2c": [0.927979052066803, 0.3678721487522125, -0.059371545910835266, 0.11829473078250885, -0.44191843271255493, -0.8892213106155396, -0.35335710644721985, 0.8181553483009338, -0.45360836386680603], "cam_t_m2c": [-82.93748474121094, 10.004769325256348, 591.6975708007812], "obj_id": 2}, {"cam_R_m2c": [0.927979052066803, 0.3678721487522125, -0.059371545910835266, 0.11829473078250885, -0.44191843271255493, -0.8892213106155396, -0.35335710644721985, 0.8181553483009338, -0.45360836386680603], "cam_t_m2c": [-82.93748474121094, 10.004769325256348, 591.6975708007812], "obj_id": 1}, {"cam_R_m2c": [0.927979052066803, 0.3678721487522125, -0.059371545910835266, 0.11829473078250885, -0.44191843271255493, -0.8892213106155396, -0.35335710644721985, 0.8181553483009338, -0.45360836386680603], "cam_t_m2c": [-82.93748474121094, 10.004769325256348, 591.6975708007812], "obj_id": 1}, {"cam_R_m2c": [0.927979052066803, 0.3678721487522125, -0.059371545910835266, 0.11829473078250885, -0.44191843271255493, -0.8892213106155396, -0.35335710644721985, 0.8181553483009338, -0.45360836386680603], "cam_t_m2c": [-82.93748474121094, 10.004769325256348, 591.6975708007812], "obj_id": 3}, {"cam_R_m2c": [0.927979052066803, 0.3678721487522125, -0.059371545910835266, 0.11829473078250885, -0.44191843271255493, -0.8892213106155396, -0.35335710644721985, 0.8181553483009338, -0.45360836386680603], "cam_t_m2c": [-82.93748474121094, 10.004769325256348, 591.6975708007812], "obj_id": 1}, {"cam_R_m2c": [0.927979052066803, 0.3678721487522125, -0.059371545910835266, 0.11829473078250885, -0.44191843271255493, -0.8892213106155396, -0.35335710644721985, 0.8181553483009338, -0.45360836386680603], "cam_t_m2c": [-82.93748474121094, 10.004769325256348, 591.6975708007812], "obj_id": 2}, {"cam_R_m2c": [0.927979052066803, 0.3678721487522125, -0.059371545910835266, 0.11829473078250885, -0.44191843271255493, -0.8892213106155396, -0.35335710644721985, 0.8181553483009338, -0.45360836386680603], "cam_t_m2c": [-82.93748474121094, 10.004769325256348, 591.6975708007812], "obj_id": 0}, {"cam_R_m2c": [0.927979052066803, 0.3678721487522125, -0.059371545910835266, 0.11829473078250885, -0.44191843271255493, -0.8892213106155396, -0.35335710644721985, 0.8181553483009338, -0.45360836386680603], "cam_t_m2c": [-82.93748474121094, 10.004769325256348, 591.6975708007812], "obj_id": 3}, {"cam_R_m2c": [0.927979052066803, 0.3678721487522125, -0.059371545910835266, 0.11829473078250885, -0.44191843271255493, -0.8892213106155396, -0.35335710644721985, 0.8181553483009338, -0.45360836386680603], "cam_t_m2c": [-82.93748474121094, 10.004769325256348, 591.6975708007812], "obj_id": 0}, {"cam_R_m2c": [0.927979052066803, 0.3678721487522125, -0.059371545910835266, 0.11829473078250885, -0.44191843271255493, -0.8892213106155396, -0.35335710644721985, 0.8181553483009338, -0.45360836386680603], "cam_t_m2c": [-82.93748474121094, 10.004769325256348, 591.6975708007812], "obj_id": 3}, {"cam_R_m2c": [0.927979052066803, 0.3678721487522125, -0.059371545910835266, 0.11829473078250885, -0.44191843271255493, -0.8892213106155396, -0.35335710644721985, 0.8181553483009338, -0.45360836386680603], "cam_t_m2c": [-82.93748474121094, 10.004769325256348, 591.6975708007812], "obj_id": 1}, {"cam_R_m2c": [0.927979052066803, 0.3678721487522125, -0.059371545910835266, 0.11829473078250885, -0.44191843271255493, -0.8892213106155396, -0.35335710644721985, 0.8181553483009338, -0.45360836386680603], "cam_t_m2c": [-82.93748474121094, 10.004769325256348, 591.6975708007812], "obj_id": 0}, {"cam_R_m2c": [0.5835246443748474, 0.7445429563522339, -0.3242756724357605, 0.07652360200881958, 0.3471190929412842, 0.9346936941146851, 0.8084819316864014, -0.570231556892395, 0.14557746052742004], "cam_t_m2c": [139.47048950195312, -79.82756805419922, 628.4608154296875], "obj_id": 3}, {"cam_R_m2c": [0.09641356766223907, 0.8665651082992554, 0.4896624684333801, 0.8138450384140015, 0.2145892083644867, -0.5400071740150452, -0.5730276703834534, 0.4505733847618103, -0.6845604181289673], "cam_t_m2c": [-133.24745178222656, 22.439237594604492, 463.67962646484375], "obj_id": 3}, {"cam_R_m2c": [-0.3358685374259949, -0.8474522829055786, -0.41111668944358826, -0.4537576735019684, 0.5280621647834778, -0.717812180519104, 0.8254067301750183, -0.054543182253837585, -0.5618974566459656], "cam_t_m2c": [29.049245834350586, -57.6532096862793, 599.4445190429688], "obj_id": 0}, {"cam_R_m2c": [-0.1270914375782013, 0.9764541983604431, 0.17431265115737915, -0.8860642313957214, -0.03278050944209099, -0.4624019265174866, -0.445800244808197, -0.2132195681333542, 0.8693673014640808], "cam_t_m2c": [-374.9598083496094, -94.21782684326172, 724.0028076171875], "obj_id": 1}, {"cam_R_m2c": [-0.04885883629322052, 0.11950161308050156, 0.9916309714317322, -0.7559219598770142, 0.644497275352478, -0.114913709461689, -0.6528357863426208, -0.755210280418396, 0.05884455144405365], "cam_t_m2c": [62.01064682006836, -71.73220825195312, 622.7297973632812], "obj_id": 0}, {"cam_R_m2c": [0.05262447148561478, 0.5243659019470215, 0.8498653769493103, -0.7735713124275208, 0.5596033930778503, -0.2973743677139282, -0.6315205693244934, -0.6417822241783142, 0.43508321046829224], "cam_t_m2c": [-246.74588012695312, -179.6701202392578, 874.73583984375], "obj_id": 0}, {"cam_R_m2c": [-0.1111791655421257, -0.993308424949646, -0.03126929700374603, -0.6188037395477295, 0.04457235336303711, 0.7842801213264465, -0.7776382565498352, 0.1065451055765152, -0.6196185350418091], "cam_t_m2c": [-212.63681030273438, 40.86213684082031, 437.9557800292969], "obj_id": 1}, {"cam_R_m2c": [0.899340808391571, 0.4303441345691681, 0.07739533483982086, 0.4313257038593292, -0.9021854400634766, 0.004411666188389063, 0.07172348350286484, 0.029415005818009377, -0.9969906806945801], "cam_t_m2c": [-27.096004486083984, -18.65795135498047, 530.3497314453125], "obj_id": 3}]
}