{
  "0": [{"cam_R_m2c": [-0.38334208726882935, -0.8809486627578735, -0.27744951844215393, -0.2095157504081726, 0.37550991773605347, -0.9028263688087463, 0.8995287418365479, -0.28796133399009705, -0.32852137088775635], "cam_t_m2c": [25.383087158203125, 393.7583312988281, 3281.560791015625], "obj_id": 0}, {"cam_R_m2c": [0.6985852122306824, -0.18389442563056946, -0.6914923191070557, 0.26484233140945435, -0.8313188552856445, 0.48863860964775085, -0.6647084355354309, -0.5244921445846558, -0.532043993473053], "cam_t_m2c": [-415.5149230957031, -459.18927001953125, 3252.883544921875], "obj_id": 0}, {"cam_R_m2c": [0.46396082639694214, -0.8517063856124878, -0.243590846657753, 0.7773489952087402, 0.5233035087585449, -0.34911590814590454, 0.42481619119644165, -0.027379024773836136, 0.9048655033111572], "cam_t_m2c": [550.4979248046875, -106.62039947509766, 2927.523193359375], "obj_id": 2}, {"cam_R_m2c": [0.80384761095047, 0.2741507589817047, 0.5278923511505127, 0.5749321579933167, -0.13043789565563202, -0.807736873626709, -0.1525844782590866, 0.9527996778488159, -0.2624702751636505], "cam_t_m2c": [-528.0977783203125, -276.23785400390625, 3749.798583984375], "obj_id": 0}, {"cam_R_m2c": [-0.29283612966537476, 0.7302624583244324, 0.6172225475311279, 0.9548617601394653, 0.18968622386455536, 0.228600412607193, 0.04985969513654709, 0.6563047170639038, -0.7528466582298279], "cam_t_m2c": [554.5347290039062, -733.4580688476562, 3907.5205078125], "obj_id": 1}, {"cam_R_m2c": [-0.369873046875, -0.7509389519691467, -0.5470687747001648, 0.17656493186950684, 0.5212825536727905, -0.8349186778068542, 0.9121503829956055, -0.40540724992752075, -0.060218773782253265], "cam_t_m2c": [327.4954528808594, -234.12478637695312, 3828.1796875], "obj_id": 1}, {"cam_R_m2c": [-0.9465670585632324, -0.08352253586053848, 0.311504065990448, -0.2662321627140045, -0.34276917576789856, -0.9009049534797668, 0.18201985955238342, -0.9356993436813354, 0.30221766233444214], "cam_t_m2c": [724.2759399414062, 113.86581420898438, 3982.239990234375], "obj_id": 1}, {"cam_R_m2c": [-0.39170441031455994, 0.7662193775177002, 0.5093874931335449, -0.9123263955116272, -0.2516714334487915, -0.3229893743991852, -0.11928243935108185, -0.5912439823150635, 0.7976229190826416], "cam_t_m2c": [632.6185302734375, -452.8510437011719, 3325.1337890625], "obj_id": 0}, {"cam_R_m2c": [0.19295237958431244, 0.7501063346862793, -0.6325423121452332, 0.08168432116508484, 0.630139172077179, 0.7721737027168274, 0.9778020977973938, -0.20066151022911072, 0.06031493470072746], "cam_t_m2c": [-355.25982666015625, -318.8192443847656, 4391.673828125], "obj_id": 0}, {"cam_R_m2c": [0.1946968287229538, 0.9530031681060791, 0.2321164757013321, -0.9210438132286072, 0.2590077221393585, -0.29084911942481995, -0.3373000919818878, -0.15716207027435303, 0.9281857013702393], "cam_t_m2c": [352.9588317871094, 342.1617736816406, 3290.259521484375], "obj_id": 1}, {"cam_R_m2c": [-0.15213462710380554, 0.21641285717487335, 0.9643756747245789, 0.7100709080696106, 0.7026479840278625, -0.04566233977675438, -0.6874985694885254, 0.677828311920166, -0.26056554913520813], "cam_t_m2c": [149.55978393554688, -655.7654418945312, 3832.30859375], "obj_id": 1}, {"cam_R_m2c": [-0.3317881226539612, -0.9323402643203735, -0.14372886717319489, 0.23705217242240906, 0.06507018953561783, -0.9693151712417603, 0.9130841493606567, -0.35567861795425415, 0.1994239240884781], "cam_t_m2c": [-161.73886108398438, -513.6395263671875, 4435.71533203125], "obj_id": 2}, {"cam_R_m2c": [-0.07710076868534088, -0.9439613819122314, -0.3209243416786194, 0.9314046502113342, -0.18303696811199188, 0.3146156370639801, -0.3557260036468506, -0.2746533155441284, 0.893322229385376], "cam_t_m2c": [-282.3827819824219, -515.9884643554688, 4093.350341796875], "obj_id": 0}, {"cam_R_m2c": [-0.5311150550842285, 0.83814936876297, 0.1241869181394577, -0.1914270520210266, 0.024081435054540634, -0.9812113642692566, -0.8253923058509827, -0.544908881187439, 0.1476544737815857], "cam_t_m2c": [-137.879150390625, 10.539836883544922, 3980.22509765625], "obj_id": 1}, {"cam_R_m2c": [-0.4486831724643707, 0.8626797795295715, -0.23338064551353455, -0.15438474714756012, 0.18239626288414001, 0.9710286855697632, 0.8802546858787537, 0.47171488404273987, 0.05134667456150055], "cam_t_m2c": [-146.52084350585938, 267.76104736328125, 3487.907470703125], "obj_id": 0}, {"cam_R_m2c": [-0.44945278763771057, -0.15271641314029694, -0.8801534175872803, 0.7305556535720825, 0.5041739344596863, -0.4605400264263153, 0.5140824317932129, -0.8499919772148132, -0.11503458768129349], "cam_t_m2c": [18.585908889770508, 389.6861572265625, 2952.313232421875], "obj_id": 0}, {"cam_R_m2c": [-0.43102777004241943, 0.8599717020988464, 0.2732466459274292, -0.44791385531425476, -0.46679091453552246, 0.7625479698181152, 0.7833186984062195, 0.2062883973121643, 0.5863931179046631], "cam_t_m2c": [-193.88052368164062, 252.11077880859375, 3263.2646484375], "obj_id": 0}, {"cam_R_m2c": [0.4005144536495209, -0.823127031326294, 0.40255433320999146, -0.1740594059228897, 0.3629845678806305, 0.915393590927124, -0.8996062874794006, -0.43669670820236206, 0.0021075820550322533], "cam_t_m2c": [1059.4332275390625, -451.79290771484375, 3236.33251953125], "obj_id": 0}, {"cam_R_m2c": [0.7055310010910034, -0.684177815914154, -0.1847343146800995, -0.7064245939254761, -0.6581953167915344, -0.2602750062942505, 0.05648311227560043, 0.3141329288482666, -0.9476972222328186], "cam_t_m2c": [-603.3312377929688, 15.128280639648438, 4046.087646484375], "obj_id": 0}, {"cam_R_m2c": [0.7327815294265747, 0.06724561750888824, -0.6771330833435059, 0.08800429850816727, 0.977382242679596, 0.19229985773563385, 0.6747491359710693, -0.20050440728664398, 0.7102897763252258], "cam_t_m2c": [-548.4345092773438, -736.6666259765625, 3866.56494140625], "obj_id": 2}, {"cam_R_m2c": [-0.7347234487533569, -0.5230740904808044, -0.43194305896759033, -0.18762566149234772, -0.455206960439682, 0.8703925013542175, -0.6519032716751099, 0.7205414175987244, 0.236309215426445], "cam_t_m2c": [572.5825805664062, 46.681068420410156, 3688.34423828125], "obj_id": 0}, {"cam_R_m2c": [0.4852750897407532, 0.14101238548755646, -0.8629157543182373, -0.39849159121513367, 0.9141234755516052, -0.07471796870231628, 0.7782753705978394, 0.38012343645095825, 0.4997935891151428], "cam_t_m2c": [-706.143310546875, 221.12037658691406, 3349.7001953125], "obj_id": 1}, {"cam_R_m2c": [0.6872673630714417, -0.11845926940441132, 0.7166805267333984, -0.34754496812820435, 0.8127396106719971, 0.4676181674003601, -0.637868344783783, -0.570457398891449, 0.5173994898796082], "cam_t_m2c": [-471.08392333984375, 127.90480041503906, 3673.80615234375], "obj_id": 0}, {"cam_R_m2c": [0.7770751714706421, 0.5525593757629395, -0.3013840615749359, -0.2288821041584015, 0.6941335201263428, 0.6824893355369568, 0.5863166451454163, -0.46136409044265747, 0.6658648252487183], "cam_t_m2c": [970.9802856445312, -25.960609436035156, 3296.5546875], "obj_id": 2}, {"cam_R_m2c": [0.41072168946266174, -0.41935989260673523, -0.80959552526474, 0.2337697297334671, -0.8098301887512207, 0.5380768179893494, -0.8812828063964844, -0.41025876998901367, -0.23458117246627808], "cam_t_m2c": [-270.54718017578125, 375.56927490234375, 2655.848388671875], "obj_id": 1}, {"cam_R_m2c": [-0.735590934753418, -0.6714322566986084, -0.08991445600986481, -0.2656348943710327, 0.40799036622047424, -0.8734883666038513, 0.6231725215911865, -0.6186457276344299, -0.4784697890281677], "cam_t_m2c": [-7.092902183532715, 141.04522705078125, 3651.66162109375], "obj_id": 1}, {"cam_R_m2c": [0.5387220978736877, -0.5500431656837463, -0.6381465196609497, 0.12707743048667908, -0.69573974609375, 0.7069635391235352, -0.8328444361686707, -0.4619508981704712, -0.3049122989177704], "cam_t_m2c": [688.5527954101562, -349.775146484375, 3302.48583984375], "obj_id": 1}, {"cam_R_m2c": [0.4107631742954254, 0.5108469724655151, -0.7551880478858948, -0.4685842990875244, -0.5922440886497498, -0.6554966568946838, -0.7821140885353088, 0.6231231689453125, -0.0038972359616309404], "cam_t_m2c": [-462.77117919921875, 384.37152099609375, 3356.317138671875], "obj_id": 1}, {"cam_R_m2c": [0.2674723267555237, 0.2586537301540375, -0.9282008409500122, 0.22540855407714844, -0.9533655047416687, -0.2007119357585907, -0.9368295073509216, -0.15553951263427734, -0.313301682472229], "cam_t_m2c": [-130.17698669433594, -485.7678527832031, 3157.91552734375], "obj_id": 1}, {"cam_R_m2c": [0.9475860595703125, -0.20745576918125153, 0.24298721551895142, -0.31637853384017944, -0.5032066702842712, 0.8041689395904541, -0.044556695967912674, -0.8388952016830444, -0.5424661636352539], "cam_t_m2c": [571.5106811523438, -92.19764709472656, 3873.508056640625], "obj_id": 1}, {"cam_R_m2c": [-0.9373299479484558, -0.23780874907970428, -0.25467491149902344, 0.23880267143249512, 0.09382617473602295, -0.966524600982666, 0.25374317169189453, -0.9667696356773376, -0.03115658648312092], "cam_t_m2c": [-461.5543518066406, -137.653564453125, 3705.7177734375], "obj_id": 2}, {"cam_R_m2c": [-0.7539047002792358, 0.5440216660499573, 0.3683314025402069, 0.08087809383869171, 0.633227527141571, -0.7697282433509827, -0.6519864201545715, -0.5505118370056152, -0.5213926434516907], "cam_t_m2c": [14.871352195739746, -759.6575927734375, 4560.95849609375], "obj_id": 1}, {"cam_R_m2c": [0.7667344808578491, 0.6020120978355408, -0.22293421626091003, -0.583428144454956, 0.5085763931274414, -0.6332152485847473, -0.2678242027759552, 0.615574061870575, 0.7411738634109497], "cam_t_m2c": [662.0890502929688, 417.355224609375, 3182.253662109375], "obj_id": 2}, {"cam_R_m2c": [-0.06297484785318375, 0.9458841681480408, -0.3183349370956421, 0.9972975850105286, 0.04755036160349846, -0.056002844125032425, -0.03783528879284859, -0.32100147008895874, -0.946322500705719], "cam_t_m2c": [175.26974487304688, -567.008544921875, 4484.484375], "obj_id": 2}, {"cam_R_m2c": [0.42235079407691956, -0.021204685792326927, 0.9061844348907471, 0.8136754035949707, 0.44942110776901245, -0.3687181770801544, -0.39943987131118774, 0.8930683732032776, 0.20706707239151], "cam_t_m2c": [383.3133239746094, 16.666471481323242, 3224.87744140625], "obj_id": 2}, {"cam_R_m2c": [-0.4369099736213684, -0.11318787187337875, -0.8923553228378296, 0.7983266711235046, 0.4083173871040344, -0.44266393780708313, 0.41446834802627563, -0.9057954549789429, -0.08803699165582657], "cam_t_m2c": [154.71156311035156, 126.74620819091797, 3531.42578125], "obj_id": 0}, {"cam_R_m2c": [0.10444103181362152, -0.6477816700935364, 0.7546330094337463, -0.5656629800796509, -0.6627863049507141, -0.49065226316452026, 0.8179959654808044, -0.37562376260757446, -0.4356481730937958], "cam_t_m2c": [457.39471435546875, -114.53886413574219, 3437.729248046875], "obj_id": 0}, {"cam_R_m2c": [-0.6738689541816711, 0.2782655954360962, -0.6844478249549866, 0.2164168357849121, 0.960075855255127, 0.17725162208080292, 0.7064448595046997, -0.0286816768348217, -0.7071866393089294], "cam_t_m2c": [279.702880859375, -234.67018127441406, 3897.0849609375], "obj_id": 2}, {"cam_R_m2c": [0.13613738119602203, 0.8585828542709351, 0.49426910281181335, -0.8325265049934387, -0.17128561437129974, 0.5268402695655823, 0.5369973182678223, -0.483214795589447, 0.6914747357368469], "cam_t_m2c": [-525.5304565429688, -127.93448638916016, 2604.76806640625], "obj_id": 1}, {"cam_R_m2c": [0.007049418520182371, 0.8647345900535583, -0.5021796226501465, -0.3119833469390869, 0.47902712225914, 0.8204873204231262, 0.9500614404678345, 0.15088771283626556, 0.2731596529483795], "cam_t_m2c": [-2.7038285732269287, 595.8666381835938, 2774.36279296875], "obj_id": 1}, {"cam_R_m2c": [0.9284617900848389, -0.14987631142139435, -0.33984676003456116, 0.0678204596042633, 0.9679996967315674, -0.24161335825920105, 0.36518368124961853, 0.20128020644187927, 0.9089154005050659], "cam_t_m2c": [-231.46697998046875, 49.52617645263672, 3052.3291015625], "obj_id": 0}, {"cam_R_m2c": [0.0972261056303978, 0.6896620988845825, 0.7175745368003845, 0.8101373910903931, -0.47364485263824463, 0.3454532027244568, 0.5781214833259583, 0.5477468967437744, -0.6047717332839966], "cam_t_m2c": [-170.82174682617188, -203.14907836914062, 4351.654296875], "obj_id": 0}, {"cam_R_m2c": [0.1202404648065567, -0.7535666227340698, 0.6462814211845398, -0.19074353575706482, 0.6213383674621582, 0.7599707245826721, -0.9742479920387268, -0.21465325355529785, -0.06902794539928436], "cam_t_m2c": [-24.252859115600586, 370.0614318847656, 3157.272705078125], "obj_id": 2}, {"cam_R_m2c": [-0.4749615490436554, -0.18920554220676422, -0.8594257831573486, -0.7199584245681763, -0.478040486574173, 0.5031272172927856, -0.5060348510742188, 0.857716977596283, 0.09083081781864166], "cam_t_m2c": [257.7052307128906, -100.32817077636719, 2841.57763671875], "obj_id": 2}, {"cam_R_m2c": [0.8299926519393921, 0.5577258467674255, -0.00735147949308157, 0.5560088753700256, -0.8262458443641663, 0.09039772301912308, 0.044343020766973495, -0.07911693304777145, -0.9958785176277161], "cam_t_m2c": [-419.0743713378906, 47.544525146484375, 2619.211181640625], "obj_id": 0}, {"cam_R_m2c": [-0.1606362760066986, 0.39882299304008484, 0.9028489589691162, 0.5011628270149231, -0.7550808787345886, 0.42271584272384644, 0.8503127694129944, 0.5203778743743896, -0.07858189195394516], "cam_t_m2c": [133.5968017578125, -937.3614501953125, 4292.46337890625], "obj_id": 0}, {"cam_R_m2c": [0.07386822253465652, 0.8503332734107971, 0.5210343599319458, 0.6080946922302246, -0.4525012969970703, 0.6522756218910217, 0.7904203534126282, 0.26865580677986145, -0.5505086183547974], "cam_t_m2c": [-231.91339111328125, -348.1639404296875, 3662.6259765625], "obj_id": 1}, {"cam_R_m2c": [-0.03640340641140938, 0.3017987906932831, 0.9526763558387756, -0.7554689645767212, -0.6323524713516235, 0.17145545780658722, 0.6541723012924194, -0.7134758830070496, 0.2510194480419159], "cam_t_m2c": [443.2863464355469, 469.4144287109375, 2986.484619140625], "obj_id": 2}, {"cam_R_m2c": [-0.3343963623046875, 0.5310084819793701, 0.7785943150520325, -0.6716483235359192, 0.4452643096446991, -0.5921387076377869, -0.6611109375953674, -0.7209505438804626, 0.2077561467885971], "cam_t_m2c": [-412.1621398925781, -528.1710205078125, 3986.328369140625], "obj_id": 1}, {"cam_R_m2c": [0.7557879686355591, -0.1495220810174942, 0.6375167965888977, 0.5649920105934143, -0.34324291348457336, -0.7503120303153992, 0.33101141452789307, 0.9272686839103699, -0.1749400496482849], "cam_t_m2c": [430.2091369628906, 223.41009521484375, 3644.84619140625], "obj_id": 0}, {"cam_R_m2c": [-0.5288025736808777, -0.7849044799804688, 0.3229440152645111, 0.8391778469085693, -0.5404840111732483, 0.060478270053863525, 0.1270764023065567, 0.30298852920532227, 0.944483757019043], "cam_t_m2c": [-487.4754638671875, 100.09345245361328, 3331.129638671875], "obj_id": 1}, {"cam_R_m2c": [0.7011215090751648, -0.6212547421455383, -0.3499588370323181, 0.6988201141357422, 0.501150369644165, 0.5103908181190491, -0.14170068502426147, -0.6024042367935181, 0.7855126261711121], "cam_t_m2c": [524.3270263671875, -341.0739440917969, 3498.3486328125], "obj_id": 0}, {"cam_R_m2c": [0.2514047920703888, -0.7871114611625671, 0.5632504224777222, -0.9199974536895752, -0.013558844104409218, 0.3916894495487213, -0.3006662130355835, -0.6166616082191467, -0.7275492548942566], "cam_t_m2c": [-819.4480590820312, -240.9099578857422, 3793.363037109375], "obj_id": 1}, {"cam_R_m2c": [0.2438320517539978, 0.9650729894638062, -0.09581255912780762, -0.7375358939170837, 0.12037234008312225, -0.6644932627677917, -0.6297513246536255, 0.2326899617910385, 0.7411265969276428], "cam_t_m2c": [-843.689208984375, -398.1375732421875, 3576.174560546875], "obj_id": 1}, {"cam_R_m2c": [-0.7583637833595276, -0.642487645149231, 0.1099727600812912, -0.6439001560211182, 0.7646362781524658, 0.026904987171292305, -0.1013752818107605, -0.050407711416482925, -0.9935704469680786], "cam_t_m2c": [84.26654052734375, -828.9749755859375, 4185.81103515625], "obj_id": 2}, {"cam_R_m2c": [-0.9516055583953857, -0.22946126759052277, 0.20443598926067352, 0.0968656986951828, -0.8552601337432861, -0.5090646743774414, 0.29165661334991455, -0.4646260440349579, 0.8360974788665771], "cam_t_m2c": [-565.9620971679688, -384.74920654296875, 4135.7216796875], "obj_id": 2}, {"cam_R_m2c": [0.4622150659561157, 0.7028515934944153, 0.5407002568244934, -0.8694303631782532, 0.23920674622058868, 0.4322856068611145, 0.17449353635311127, -0.669910192489624, 0.7216455340385437], "cam_t_m2c": [368.50860595703125, -258.21917724609375, 4168.626953125], "obj_id": 2}, {"cam_R_m2c": [-0.5159083008766174, 0.14291861653327942, -0.8446376919746399, 0.14763976633548737, -0.9563965797424316, -0.25200802087783813, -0.8438252210617065, -0.2547151446342468, 0.4723125398159027], "cam_t_m2c": [-562.65625, 377.8214111328125, 3185.547607421875], "obj_id": 2}, {"cam_R_m2c": [0.3835250735282898, 0.5363023281097412, 0.7518566250801086, -0.8384295701980591, -0.13915474712848663, 0.5269458889961243, 0.3872266709804535, -0.8324757814407349, 0.3962823152542114], "cam_t_m2c": [-195.19021606445312, -964.8087768554688, 4207.77880859375], "obj_id": 2}, {"cam_R_m2c": [0.005632604938000441, 0.5635436177253723, 0.8260670900344849, 0.910033643245697, -0.3453011214733124, 0.22935961186885834, 0.4144960641860962, 0.7504569888114929, -0.5147886276245117], "cam_t_m2c": [-69.33074951171875, -146.6204376220703, 2689.43701171875], "obj_id": 0}, {"cam_R_m2c": [-0.11108711361885071, 0.9917265176773071, 0.06432750076055527, 0.365567147731781, -0.01941273733973503, 0.9305824041366577, 0.9241321086883545, 0.1268918216228485, -0.36038607358932495], "cam_t_m2c": [-62.63282775878906, -181.69131469726562, 2821.531005859375], "obj_id": 2}, {"cam_R_m2c": [-0.9085041284561157, 0.3361768424510956, -0.24820388853549957, 0.14964662492275238, -0.2928345501422882, -0.9443800449371338, -0.3901614248752594, -0.8951161503791809, 0.2157338261604309], "cam_t_m2c": [-438.54718017578125, 322.372802734375, 3181.439453125], "obj_id": 0}, {"cam_R_m2c": [-0.43320295214653015, 0.19708852469921112, -0.8794835209846497, -0.354493111371994, 0.859894335269928, 0.36730965971946716, 0.8286553621292114, 0.47089049220085144, -0.30264222621917725], "cam_t_m2c": [-786.87841796875, 253.62509155273438, 3412.021728515625], "obj_id": 2}, {"cam_R_m2c": [-0.6774120926856995, 0.6726389527320862, 0.29777398705482483, 0.5867797136306763, 0.73823481798172, -0.3327144682407379, -0.4436238408088684, -0.05065709725022316, -0.8947800993919373], "cam_t_m2c": [13.275166511535645, -524.0576782226562, 3305.876708984375], "obj_id": 0}, {"cam_R_m2c": [-0.24133409559726715, 0.25104600191116333, 0.937407910823822, 0.8973622918128967, -0.31002089381217957, 0.3140507638454437, 0.36945730447769165, 0.9169857501983643, -0.15046054124832153], "cam_t_m2c": [472.2679138183594, -84.84803771972656, 3810.770263671875], "obj_id": 0}, {"cam_R_m2c": [-0.8411372900009155, 0.39664337038993835, 0.3676440715789795, -0.5132943391799927, -0.37138351798057556, -0.7736945748329163, -0.17034387588500977, -0.8394929766654968, 0.5159792304039001], "cam_t_m2c": [-654.0943603515625, 340.4275817871094, 3162.546630859375], "obj_id": 2}, {"cam_R_m2c": [0.12407983839511871, 0.7415021657943726, -0.6593776345252991, -0.8780716061592102, 0.3915555775165558, 0.27509015798568726, 0.46216294169425964, 0.5448476076126099, 0.6996760368347168], "cam_t_m2c": [-932.4865112304688, -408.2716979980469, 3480.28369140625], "obj_id": 2}, {"cam_R_m2c": [0.31565427780151367, -0.5069699287414551, 0.8020871877670288, -0.6050207614898682, -0.7587154507637024, -0.24145564436912537, 0.7309666872024536, -0.4090628921985626, -0.5462191104888916], "cam_t_m2c": [-883.5576782226562, -322.6478576660156, 3153.71240234375], "obj_id": 0}, {"cam_R_m2c": [0.32538318634033203, -0.7785525918006897, 0.5366390347480774, 0.8673713803291321, 0.47174882888793945, 0.15849240124225616, -0.3765535056591034, 0.4138946533203125, 0.828793466091156], "cam_t_m2c": [-587.8812255859375, -282.9202880859375, 2812.202392578125], "obj_id": 1}, {"cam_R_m2c": [-0.7706800699234009, -0.37326255440711975, 0.5164563059806824, 0.4279991090297699, 0.2972352206707001, 0.8535032868385315, -0.47208982706069946, 0.8788208961486816, -0.06931715458631516], "cam_t_m2c": [-645.359375, -342.4233093261719, 3533.69921875], "obj_id": 1}, {"cam_R_m2c": [-0.959301233291626, -0.2823638916015625, 0.003420888213440776, 0.1133890375494957, -0.3962653875350952, -0.9111073613166809, 0.25861939787864685, -0.8736385703086853, 0.412154883146286], "cam_t_m2c": [580.5328979492188, -588.937744140625, 3565.02783203125], "obj_id": 0}, {"cam_R_m2c": [-0.6325584053993225, -0.3470757305622101, 0.6923931241035461, 0.21143172681331635, -0.9373992681503296, -0.2767295241355896, 0.745094895362854, -0.02865372598171234, 0.6663426160812378], "cam_t_m2c": [-927.8113403320312, -36.92934799194336, 4049.769775390625], "obj_id": 0}, {"cam_R_m2c": [0.7849216461181641, 0.015512390993535519, -0.6194007992744446, -0.45609012246131897, -0.6621838212013245, -0.5945537686347961, -0.41938018798828125, 0.7491807341575623, -0.5126873850822449], "cam_t_m2c": [-861.7208251953125, -451.09368896484375, 3401.146484375], "obj_id": 2}, {"cam_R_m2c": [0.13771627843379974, 0.44713294506073, -0.8838021159172058, -0.9814599752426147, -0.05848923698067665, -0.18252436816692352, -0.13330566883087158, 0.8925530314445496, 0.4307882785797119], "cam_t_m2c": [-756.6346435546875, 105.90190887451172, 3210.819580078125], "obj_id": 2}, {"cam_R_m2c": [0.6945922374725342, -0.6644808053970337, 0.27569350600242615, 0.5825425982475281, 0.29464811086654663, -0.7575134634971619, 0.4221205711364746, 0.6867662072181702, 0.5917485952377319], "cam_t_m2c": [-549.6837768554688, -232.61160278320312, 3214.0673828125], "obj_id": 1}, {"cam_R_m2c": [0.9720048308372498, 0.1820877492427826, 0.148494690656662, -0.048212483525276184, 0.7731167078018188, -0.632428765296936, -0.22996124625205994, 0.6075645089149475, 0.760252058506012], "cam_t_m2c": [-598.6626586914062, 157.12010192871094, 3757.12939453125], "obj_id": 2}, {"cam_R_m2c": [0.7936273813247681, -0.5889684557914734, -0.15255065262317657, 0.1464560180902481, -0.05842546746134758, 0.9874902963638306, -0.5905134677886963, -0.8060413002967834, 0.03988993540406227], "cam_t_m2c": [-1.1778862476348877, -0.03705080598592758, 3433.690673828125], "obj_id": 2}, {"cam_R_m2c": [-0.17546528577804565, -0.7456950545310974, -0.6427682042121887, 0.0015581166371703148, -0.6531071066856384, 0.7572641372680664, -0.9844844937324524, 0.1318719983100891, 0.11575935781002045], "cam_t_m2c": [362.60888671875, 402.6517639160156, 3341.421142578125], "obj_id": 0}, {"cam_R_m2c": [0.5629870891571045, -0.0093105249106884, -0.8264131546020508, -0.6131570935249329, -0.6751702427864075, -0.4101015031337738, -0.5541514754295349, 0.737602949142456, -0.3858208954334259], "cam_t_m2c": [-462.84332275390625, -224.71322631835938, 3368.52392578125], "obj_id": 1}, {"cam_R_m2c": [-0.020381100475788116, -0.5969921946525574, 0.8019880056381226, -0.7789321541786194, 0.5123580098152161, 0.3615991175174713, -0.6267768144607544, -0.6173244714736938, -0.4754588305950165], "cam_t_m2c": [529.7986450195312, 68.3159408569336, 4083.1533203125], "obj_id": 0}, {"cam_R_m2c": [0.5482763648033142, 0.7140762209892273, 0.43530237674713135, 0.5090968608856201, -0.697939395904541, 0.5036872029304504, 0.6634857654571533, -0.05454867705702782, -0.7461976408958435], "cam_t_m2c": [1097.254150390625, 119.55815887451172, 3525.553466796875], "obj_id": 0}, {"cam_R_m2c": [-0.07051719725131989, 0.6809232234954834, 0.7289518117904663, -0.19875068962574005, -0.7257096767425537, 0.6586679816246033, 0.9775097966194153, -0.09843223541975021, 0.18650905787944794], "cam_t_m2c": [465.41619873046875, -291.39678955078125, 4226.21435546875], "obj_id": 1}, {"cam_R_m2c": [0.08149221539497375, 0.9901915788650513, -0.11348814517259598, 0.9920247197151184, -0.0695989802479744, 0.1050846204161644, 0.09615524113178253, -0.12114662677049637, -0.9879662990570068], "cam_t_m2c": [-409.8260498046875, 474.7663879394531, 3161.869140625], "obj_id": 2}, {"cam_R_m2c": [0.019013533368706703, 0.5211630463600159, -0.8532453179359436, 0.996540367603302, -0.07893601804971695, -0.026007521897554398, -0.08090595155954361, -0.8497989177703857, -0.5208608508110046], "cam_t_m2c": [-939.6705932617188, -188.89556884765625, 3368.9423828125], "obj_id": 0}, {"cam_R_m2c": [0.23071765899658203, 0.6924872994422913, 0.6835426092147827, -0.43491023778915405, -0.5550248622894287, 0.7090840339660645, 0.8704149723052979, -0.46087783575057983, 0.17311595380306244], "cam_t_m2c": [931.5720825195312, -397.02093505859375, 3589.994873046875], "obj_id": 0}, {"cam_R_m2c": [-0.5192552804946899, -0.7001403570175171, -0.4900788962841034, -0.3200955092906952, 0.6910356879234314, -0.6480806469917297, 0.7924094200134277, -0.1796472817659378, -0.5829357504844666], "cam_t_m2c": [-188.10952758789062, 432.11181640625, 2810.416259765625], "obj_id": 0}, {"cam_R_m2c": [-0.9321156144142151, 0.31591367721557617, -0.1770840734243393, -0.32851994037628174, -0.943361759185791, 0.04629256948828697, -0.15242990851402283, 0.10132568329572678, 0.9831064343452454], "cam_t_m2c": [1006.9144897460938, -308.68609619140625, 3160.8759765625], "obj_id": 1}, {"cam_R_m2c": [-0.9789429903030396, 0.17260080575942993, 0.10899306833744049, 0.1139523908495903, 0.9050524830818176, -0.4097497761249542, -0.16936759650707245, -0.3887016773223877, -0.905663013458252], "cam_t_m2c": [-36.3289680480957, -168.7237548828125, 3899.515380859375], "obj_id": 2}, {"cam_R_m2c": [-0.9430856108665466, 0.29549264907836914, -0.15255708992481232, 0.28229594230651855, 0.4688716232776642, -0.8369399309158325, -0.17577989399433136, -0.83237224817276, -0.5256025195121765], "cam_t_m2c": [-134.60382080078125, -96.72865295410156, 3271.962890625], "obj_id": 1}, {"cam_R_m2c": [0.947844922542572, -0.26103368401527405, -0.18289715051651, 0.0644313246011734, 0.7189016342163086, -0.6921192407608032, 0.3121514916419983, 0.6442373991012573, 0.6982260346412659], "cam_t_m2c": [-626.459228515625, -243.9355926513672, 3447.853515625], "obj_id": 0}, {"cam_R_m2c": [-0.017465297132730484, -0.48995447158813477, 0.8715730905532837, -0.9996154308319092, 0.027336755767464638, -0.004663676489144564, -0.021541038528084755, -0.8713193535804749, -0.490243524312973], "cam_t_m2c": [-3.4352288246154785, -726.7098999023438, 4244.27099609375], "obj_id": 0}, {"cam_R_m2c": [-0.46619561314582825, 0.8613851070404053, -0.20168589055538177, -0.8309454321861267, -0.3481047451496124, 0.4339960515499115, 0.30362993478775024, 0.3699170649051666, 0.8780490756034851], "cam_t_m2c": [931.5750732421875, -356.8279113769531, 3300.915771484375], "obj_id": 0}, {"cam_R_m2c": [0.21796582639217377, -0.7752388715744019, 0.5928706526756287, 0.9680978059768677, 0.24867965281009674, -0.030742119997739792, -0.12360236793756485, 0.5806574821472168, 0.8047106862068176], "cam_t_m2c": [415.6659851074219, 86.638916015625, 3995.807861328125], "obj_id": 1}, {"cam_R_m2c": [0.8760330677032471, 0.3399009704589844, -0.34210142493247986, -0.2404145449399948, 0.9227609038352966, 0.3011861741542816, 0.4180513024330139, -0.18160288035869598, 0.8900862336158752], "cam_t_m2c": [747.4650268554688, -462.93951416015625, 3447.1357421875], "obj_id": 2}, {"cam_R_m2c": [0.7712573409080505, -0.13080105185508728, 0.6229391694068909, -0.3565657138824463, -0.8994756937026978, 0.25259536504745483, 0.5272789001464844, -0.4169347882270813, -0.7403663992881775], "cam_t_m2c": [-524.5773315429688, -532.079345703125, 3769.60888671875], "obj_id": 0}, {"cam_R_m2c": [0.34233760833740234, 0.4094599485397339, -0.8456639051437378, -0.5317543148994446, -0.6576012372970581, -0.5336645841598511, -0.7746239304542542, 0.6323789358139038, -0.007389519363641739], "cam_t_m2c": [-607.5245361328125, -197.6743621826172, 3010.61083984375], "obj_id": 2}, {"cam_R_m2c": [0.3656536936759949, -0.9307399392127991, -0.004527734126895666, -0.843725323677063, -0.32940706610679626, -0.42381417751312256, 0.3929693102836609, 0.15878936648368835, -0.9057378172874451], "cam_t_m2c": [-246.2794189453125, -146.30062866210938, 4232.181640625], "obj_id": 1}, {"cam_R_m2c": [-0.6318545937538147, 0.7281805276870728, -0.2655426263809204, -0.7322803735733032, -0.4485529959201813, 0.5124115943908691, 0.25401821732521057, 0.5182212591171265, 0.8166525959968567], "cam_t_m2c": [85.86186981201172, -468.91082763671875, 3997.3984375], "obj_id": 0}, {"cam_R_m2c": [0.6235847473144531, 0.6476734280586243, 0.43779128789901733, 0.6867609620094299, -0.7214084267616272, 0.08904583752155304, 0.37349897623062134, 0.24513033032417297, -0.8946560621261597], "cam_t_m2c": [-385.77996826171875, 297.4001159667969, 2991.20263671875], "obj_id": 0}, {"cam_R_m2c": [-0.4097527861595154, -0.1556423455476761, 0.8988204002380371, 0.7707186341285706, -0.5861441493034363, 0.24985554814338684, 0.48795023560523987, 0.795116662979126, 0.3601306676864624], "cam_t_m2c": [-162.64988708496094, 320.91546630859375, 2951.98291015625], "obj_id": 0}]
}