{
  "0": [{"cam_R_m2c": [-0.29423028230667114, 0.9554202556610107, -0.024510305374860764, 0.6251884698867798, 0.1730082780122757, -0.7610569000244141, -0.7228886485099792, -0.23924952745437622, -0.6482219696044922], "cam_t_m2c": [132.43431091308594, 33.9991340637207, 479.18798828125], "obj_id": 1}, {"cam_R_m2c": [-0.29423028230667114, 0.9554202556610107, -0.024510305374860764, 0.6251884698867798, 0.1730082780122757, -0.7610569000244141, -0.7228886485099792, -0.23924952745437622, -0.6482219696044922], "cam_t_m2c": [132.43431091308594, 33.9991340637207, 479.18798828125], "obj_id": 0}, {"cam_R_m2c": [-0.29423028230667114, 0.9554202556610107, -0.024510305374860764, 0.6251884698867798, 0.1730082780122757, -0.7610569000244141, -0.7228886485099792, -0.23924952745437622, -0.6482219696044922], "cam_t_m2c": [132.43431091308594, 33.9991340637207, 479.18798828125], "obj_id": 0}, {"cam_R_m2c": [-0.29423028230667114, 0.9554202556610107, -0.024510305374860764, 0.6251884698867798, 0.1730082780122757, -0.7610569000244141, -0.7228886485099792, -0.23924952745437622, -0.6482219696044922], "cam_t_m2c": [132.43431091308594, 33.9991340637207, 479.18798828125], "obj_id": 3}, {"cam_R_m2c": [-0.29423028230667114, 0.9554202556610107, -0.024510305374860764, 0.6251884698867798, 0.1730082780122757, -0.7610569000244141, -0.7228886485099792, -0.23924952745437622, -0.6482219696044922], "cam_t_m2c": [132.43431091308594, 33.9991340637207, 479.18798828125], "obj_id": 2}, {"cam_R_m2c": [-0.29423028230667114, 0.9554202556610107, -0.024510305374860764, 0.6251884698867798, 0.1730082780122757, -0.7610569000244141, -0.7228886485099792, -0.23924952745437622, -0.6482219696044922], "cam_t_m2c": [132.43431091308594, 33.9991340637207, 479.18798828125], "obj_id": 0}, {"cam_R_m2c": [-0.29423028230667114, 0.9554202556610107, -0.024510305374860764, 0.6251884698867798, 0.1730082780122757, -0.7610569000244141, -0.7228886485099792, -0.23924952745437622, -0.6482219696044922], "cam_t_m2c": [132.43431091308594, 33.9991340637207, 479.18798828125], "obj_id": 3}, {"cam_R_m2c": [-0.29423028230667114, 0.9554202556610107, -0.024510305374860764, 0.6251884698867798, 0.1730082780122757, -0.7610569000244141, -0.7228886485099792, -0.23924952745437622, -0.6482219696044922], "cam_t_m2c": [132.43431091308594, 33.9991340637207, 479.18798828125], "obj_id": 2}, {"cam_R_m2c": [-0.29423028230667114, 0.9554202556610107, -0.024510305374860764, 0.6251884698867798, 0.1730082780122757, -0.7610569000244141, -0.7228886485099792, -0.23924952745437622, -0.6482219696044922], "cam_t_m2c": [132.43431091308594, 33.9991340637207, 479.18798828125], "obj_id": 0}, {"cam_R_m2c": [-0.29423028230667114, 0.9554202556610107, -0.024510305374860764, 0.6251884698867798, 0.1730082780122757, -0.7610569000244141, -0.7228886485099792, -0.23924952745437622, -0.6482219696044922], "cam_t_m2c": [132.43431091308594, 33.9991340637207, 479.18798828125], "obj_id": 0}, {"cam_R_m2c": [-0.29423028230667114, 0.9554202556610107, -0.024510305374860764, 0.6251884698867798, 0.1730082780122757, -0.7610569000244141, -0.7228886485099792, -0.23924952745437622, -0.6482219696044922], "cam_t_m2c": [132.43431091308594, 33.9991340637207, 479.18798828125], "obj_id": 0}, {"cam_R_m2c": [-0.29423028230667114, 0.9554202556610107, -0.024510305374860764, 0.6251884698867798, 0.1730082780122757, -0.7610569000244141, -0.7228886485099792, -0.23924952745437622, -0.6482219696044922], "cam_t_m2c": [132.43431091308594, 33.9991340637207, 479.18798828125], "obj_id": 0}, {"cam_R_m2c": [-0.29423028230667114, 0.9554202556610107, -0.024510305374860764, 0.6251884698867798, 0.1730082780122757, -0.7610569000244141, -0.7228886485099792, -0.23924952745437622, -0.6482219696044922], "cam_t_m2c": [132.43431091308594, 33.9991340637207, 479.18798828125], "obj_id": 2}, {"cam_R_m2c": [-0.29423028230667114, 0.9554202556610107, -0.024510305374860764, 0.6251884698867798, 0.1730082780122757, -0.7610569000244141, -0.7228886485099792, -0.23924952745437622, -0.6482219696044922], "cam_t_m2c": [132.43431091308594, 33.9991340637207, 479.18798828125], "obj_id": 1}, {"cam_R_m2c": [-0.29423028230667114, 0.9554202556610107, -0.024510305374860764, 0.6251884698867798, 0.1730082780122757, -0.7610569000244141, -0.7228886485099792, -0.23924952745437622, -0.6482219696044922], "cam_t_m2c": [132.43431091308594, 33.9991340637207, 479.18798828125], "obj_id": 1}, {"cam_R_m2c": [-0.29423028230667114, 0.9554202556610107, -0.024510305374860764, 0.6251884698867798, 0.1730082780122757, -0.7610569000244141, -0.7228886485099792, -0.23924952745437622, -0.6482219696044922], "cam_t_m2c": [132.43431091308594, 33.9991340637207, 479.18798828125], "obj_id": 3}, {"cam_R_m2c": [-0.29423028230667114, 0.9554202556610107, -0.024510305374860764, 0.6251884698867798, 0.1730082780122757, -0.7610569000244141, -0.7228886485099792, -0.23924952745437622, -0.6482219696044922], "cam_t_m2c": [132.43431091308594, 33.9991340637207, 479.18798828125], "obj_id": 1}, {"cam_R_m2c": [-0.29423028230667114, 0.9554202556610107, -0.024510305374860764, 0.6251884698867798, 0.1730082780122757, -0.7610569000244141, -0.7228886485099792, -0.23924952745437622, -0.6482219696044922], "cam_t_m2c": [132.43431091308594, 33.9991340637207, 479.18798828125], "obj_id": 2}, {"cam_R_m2c": [-0.29423028230667114, 0.9554202556610107, -0.024510305374860764, 0.6251884698867798, 0.1730082780122757, -0.7610569000244141, -0.7228886485099792, -0.23924952745437622, -0.6482219696044922], "cam_t_m2c": [132.43431091308594, 33.9991340637207, 479.18798828125], "obj_id": 0}, {"cam_R_m2c": [-0.29423028230667114, 0.9554202556610107, -0.024510305374860764, 0.6251884698867798, 0.1730082780122757, -0.7610569000244141, -0.7228886485099792, -0.23924952745437622, -0.6482219696044922], "cam_t_m2c": [132.43431091308594, 33.9991340637207, 479.18798828125], "obj_id": 3}, {"cam_R_m2c": [-0.29423028230667114, 0.9554202556610107, -0.024510305374860764, 0.6251884698867798, 0.1730082780122757, -0.7610569000244141, -0.7228886485099792, -0.23924952745437622, -0.6482219696044922], "cam_t_m2c": [132.43431091308594, 33.9991340637207, 479.18798828125], "obj_id": 0}, {"cam_R_m2c": [-0.29423028230667114, 0.9554202556610107, -0.024510305374860764, 0.6251884698867798, 0.1730082780122757, -0.7610569000244141, -0.7228886485099792, -0.23924952745437622, -0.6482219696044922], "cam_t_m2c": [132.43431091308594, 33.9991340637207, 479.18798828125], "obj_id": 3}, {"cam_R_m2c": [-0.29423028230667114, 0.9554202556610107, -0.024510305374860764, 0.6251884698867798, 0.1730082780122757, -0.7610569000244141, -0.7228886485099792, -0.23924952745437622, -0.6482219696044922], "cam_t_m2c": [132.43431091308594, 33.9991340637207, 479.18798828125], "obj_id": 1}, {"cam_R_m2c": [-0.29423028230667114, 0.9554202556610107, -0.024510305374860764, 0.6251884698867798, 0.1730082780122757, -0.7610569000244141, -0.7228886485099792, -0.23924952745437622, -0.6482219696044922], "cam_t_m2c": [132.43431091308594, 33.9991340637207, 479.18798828125], "obj_id": 0}, {"cam_R_m2c": [0.7383326888084412, -0.6029617190361023, -0.302162230014801, 0.6685784459114075, 0.5954298973083496, 0.44549527764320374, -0.08870017528533936, -0.5309428572654724, 0.8427525758743286], "cam_t_m2c": [222.267822265625, 136.44073486328125, 278.3837585449219], "obj_id": 3}, {"cam_R_m2c": [-0.8603795766830444, 0.3798930048942566, -0.33974745869636536, 0.4628201723098755, 0.8615298867225647, -0.20871931314468384, 0.2134115993976593, -0.3368198275566101, -0.9170648455619812], "cam_t_m2c": [8.200800895690918, -26.314273834228516, 477.56341552734375], "obj_id": 3}, {"cam_R_m2c": [0.910855233669281, -0.3464418351650238, -0.2243230640888214, -0.31791815161705017, -0.2423427551984787, -0.9166231751441956, 0.2631935477256775, 0.9062273502349854, -0.3308793008327484], "cam_t_m2c": [177.774658203125, 67.59832000732422, 360.89178466796875], "obj_id": 0}, {"cam_R_m2c": [-0.024292128160595894, -0.09893447160720825, 0.99479740858078, -0.8035109639167786, 0.5939812064170837, 0.0394514799118042, -0.5947940945625305, -0.7983722686767578, -0.09392400085926056], "cam_t_m2c": [273.113037109375, -202.29986572265625, 674.165771484375], "obj_id": 1}, {"cam_R_m2c": [-0.26034703850746155, -0.9482057690620422, 0.18200311064720154, -0.7169024348258972, 0.3161110281944275, 0.6213892698287964, -0.6467381119728088, 0.03129842132329941, -0.762069582939148], "cam_t_m2c": [207.4169158935547, 87.0062026977539, 336.98480224609375], "obj_id": 0}, {"cam_R_m2c": [-0.22544334828853607, -0.7771949768066406, 0.5874889492988586, -0.6532143354415894, 0.5679749846458435, 0.500714898109436, -0.7228321433067322, -0.2708733081817627, -0.6357210278511047], "cam_t_m2c": [455.7197265625, -131.50454711914062, 584.1427001953125], "obj_id": 0}, {"cam_R_m2c": [-0.43692225217819214, -0.003206381807103753, -0.8994935154914856, -0.7005679607391357, -0.6260029077529907, 0.3425271511077881, -0.5641838312149048, 0.7798141241073608, 0.2712683379650116], "cam_t_m2c": [-29.227998733520508, -75.43009185791016, 536.6439819335938], "obj_id": 1}, {"cam_R_m2c": [-0.05155923217535019, 0.4534148871898651, -0.8898070454597473, 0.9295273423194885, -0.3039737343788147, -0.20875532925128937, -0.36513078212738037, -0.8378632664680481, -0.4057888686656952], "cam_t_m2c": [94.35539245605469, 36.838035583496094, 400.1606750488281], "obj_id": 3}],
  "1": [{"cam_R_m2c": [0.9917411208152771, 0.10133763402700424, 0.07861445099115372, 0.1188889816403389, -0.4964250326156616, -0.859899640083313, -0.04811401665210724, 0.8621442317962646, -0.5043730139732361], "cam_t_m2c": [-89.87580871582031, 5.546879291534424, 502.7332763671875], "obj_id": 1}, {"cam_R_m2c": [0.9917411208152771, 0.10133763402700424, 0.07861445099115372, 0.1188889816403389, -0.4964250326156616, -0.859899640083313, -0.04811401665210724, 0.8621442317962646, -0.5043730139732361], "cam_t_m2c": [-89.87580871582031, 5.546879291534424, 502.7332763671875], "obj_id": 0}, {"cam_R_m2c": [0.9917411208152771, 0.10133763402700424, 0.07861445099115372, 0.1188889816403389, -0.4964250326156616, -0.859899640083313, -0.04811401665210724, 0.8621442317962646, -0.5043730139732361], "cam_t_m2c": [-89.87580871582031, 5.546879291534424, 502.7332763671875], "obj_id": 0}, {"cam_R_m2c": [0.9917411208152771, 0.10133763402700424, 0.07861445099115372, 0.1188889816403389, -0.4964250326156616, -0.859899640083313, -0.04811401665210724, 0.8621442317962646, -0.5043730139732361], "cam_t_m2c": [-89.87580871582031, 5.546879291534424, 502.7332763671875], "obj_id": 3}, {"cam_R_m2c": [0.9917411208152771, 0.10133763402700424, 0.07861445099115372, 0.1188889816403389, -0.4964250326156616, -0.859899640083313, -0.04811401665210724, 0.8621442317962646, -0.5043730139732361], "cam_t_m2c": [-89.87580871582031, 5.546879291534424, 502.7332763671875], "obj_id": 2}, {"cam_R_m2c": [0.9917411208152771, 0.10133763402700424, 0.07861445099115372, 0.1188889816403389, -0.4964250326156616, -0.859899640083313, -0.04811401665210724, 0.8621442317962646, -0.5043730139732361], "cam_t_m2c": [-89.87580871582031, 5.546879291534424, 502.7332763671875], "obj_id": 0}, {"cam_R_m2c": [0.9917411208152771, 0.10133763402700424, 0.07861445099115372, 0.1188889816403389, -0.4964250326156616, -0.859899640083313, -0.04811401665210724, 0.8621442317962646, -0.5043730139732361], "cam_t_m2c": [-89.87580871582031, 5.546879291534424, 502.7332763671875], "obj_id": 3}, {"cam_R_m2c": [0.9917411208152771, 0.10133763402700424, 0.07861445099115372, 0.1188889816403389, -0.4964250326156616, -0.859899640083313, -0.04811401665210724, 0.8621442317962646, -0.5043730139732361], "cam_t_m2c": [-89.87580871582031, 5.546879291534424, 502.7332763671875], "obj_id": 2}, {"cam_R_m2c": [0.9917411208152771, 0.10133763402700424, 0.07861445099115372, 0.1188889816403389, -0.4964250326156616, -0.859899640083313, -0.04811401665210724, 0.8621442317962646, -0.5043730139732361], "cam_t_m2c": [-89.87580871582031, 5.546879291534424, 502.7332763671875], "obj_id": 0}, {"cam_R_m2c": [0.9917411208152771, 0.10133763402700424, 0.07861445099115372, 0.1188889816403389, -0.4964250326156616, -0.859899640083313, -0.04811401665210724, 0.8621442317962646, -0.5043730139732361], "cam_t_m2c": [-89.87580871582031, 5.546879291534424, 502.7332763671875], "obj_id": 0}, {"cam_R_m2c": [0.9917411208152771, 0.10133763402700424, 0.07861445099115372, 0.1188889816403389, -0.4964250326156616, -0.859899640083313, -0.04811401665210724, 0.8621442317962646, -0.5043730139732361], "cam_t_m2c": [-89.87580871582031, 5.546879291534424, 502.7332763671875], "obj_id": 0}, {"cam_R_m2c": [0.9917411208152771, 0.10133763402700424, 0.07861445099115372, 0.1188889816403389, -0.4964250326156616, -0.859899640083313, -0.04811401665210724, 0.8621442317962646, -0.5043730139732361], "cam_t_m2c": [-89.87580871582031, 5.546879291534424, 502.7332763671875], "obj_id": 0}, {"cam_R_m2c": [0.9917411208152771, 0.10133763402700424, 0.07861445099115372, 0.1188889816403389, -0.4964250326156616, -0.859899640083313, -0.04811401665210724, 0.8621442317962646, -0.5043730139732361], "cam_t_m2c": [-89.87580871582031, 5.546879291534424, 502.7332763671875], "obj_id": 2}, {"cam_R_m2c": [0.9917411208152771, 0.10133763402700424, 0.07861445099115372, 0.1188889816403389, -0.4964250326156616, -0.859899640083313, -0.04811401665210724, 0.8621442317962646, -0.5043730139732361], "cam_t_m2c": [-89.87580871582031, 5.546879291534424, 502.7332763671875], "obj_id": 1}, {"cam_R_m2c": [0.9917411208152771, 0.10133763402700424, 0.07861445099115372, 0.1188889816403389, -0.4964250326156616, -0.859899640083313, -0.04811401665210724, 0.8621442317962646, -0.5043730139732361], "cam_t_m2c": [-89.87580871582031, 5.546879291534424, 502.7332763671875], "obj_id": 1}, {"cam_R_m2c": [0.9917411208152771, 0.10133763402700424, 0.07861445099115372, 0.1188889816403389, -0.4964250326156616, -0.859899640083313, -0.04811401665210724, 0.8621442317962646, -0.5043730139732361], "cam_t_m2c": [-89.87580871582031, 5.546879291534424, 502.7332763671875], "obj_id": 3}, {"cam_R_m2c": [0.9917411208152771, 0.10133763402700424, 0.07861445099115372, 0.1188889816403389, -0.4964250326156616, -0.859899640083313, -0.04811401665210724, 0.8621442317962646, -0.5043730139732361], "cam_t_m2c": [-89.87580871582031, 5.546879291534424, 502.7332763671875], "obj_id": 1}, {"cam_R_m2c": [0.9917411208152771, 0.10133763402700424, 0.07861445099115372, 0.1188889816403389, -0.4964250326156616, -0.859899640083313, -0.04811401665210724, 0.8621442317962646, -0.5043730139732361], "cam_t_m2c": [-89.87580871582031, 5.546879291534424, 502.7332763671875], "obj_id": 2}, {"cam_R_m2c": [0.9917411208152771, 0.10133763402700424, 0.07861445099115372, 0.1188889816403389, -0.4964250326156616, -0.859899640083313, -0.04811401665210724, 0.8621442317962646, -0.5043730139732361], "cam_t_m2c": [-89.87580871582031, 5.546879291534424, 502.7332763671875], "obj_id": 0}, {"cam_R_m2c": [0.9917411208152771, 0.10133763402700424, 0.07861445099115372, 0.1188889816403389, -0.4964250326156616, -0.859899640083313, -0.04811401665210724, 0.8621442317962646, -0.5043730139732361], "cam_t_m2c": [-89.87580871582031, 5.546879291534424, 502.7332763671875], "obj_id": 3}, {"cam_R_m2c": [0.9917411208152771, 0.10133763402700424, 0.07861445099115372, 0.1188889816403389, -0.4964250326156616, -0.859899640083313, -0.04811401665210724, 0.8621442317962646, -0.5043730139732361], "cam_t_m2c": [-89.87580871582031, 5.546879291534424, 502.7332763671875], "obj_id": 0}, {"cam_R_m2c": [0.9917411208152771, 0.10133763402700424, 0.07861445099115372, 0.1188889816403389, -0.4964250326156616, -0.859899640083313, -0.04811401665210724, 0.8621442317962646, -0.5043730139732361], "cam_t_m2c": [-89.87580871582031, 5.546879291534424, 502.7332763671875], "obj_id": 3}, {"cam_R_m2c": [0.9917411208152771, 0.10133763402700424, 0.07861445099115372, 0.1188889816403389, -0.4964250326156616, -0.859899640083313, -0.04811401665210724, 0.8621442317962646, -0.5043730139732361], "cam_t_m2c": [-89.87580871582031, 5.546879291534424, 502.7332763671875], "obj_id": 1}, {"cam_R_m2c": [0.9917411208152771, 0.10133763402700424, 0.07861445099115372, 0.1188889816403389, -0.4964250326156616, -0.859899640083313, -0.04811401665210724, 0.8621442317962646, -0.5043730139732361], "cam_t_m2c": [-89.87580871582031, 5.546879291534424, 502.7332763671875], "obj_id": 0}, {"cam_R_m2c": [0.311134397983551, 0.8832956552505493, -0.3506910502910614, 0.017005307599902153, 0.3637728989124298, 0.9313324689865112, 0.9502137899398804, -0.29573318362236023, 0.09816154092550278], "cam_t_m2c": [110.68030548095703, -90.97368621826172, 599.4168701171875], "obj_id": 3}, {"cam_R_m2c": [0.2677503526210785, 0.6897283792495728, 0.67274409532547, 0.8435343503952026, 0.16959072649478912, -0.5095968842506409, -0.46557462215423584, 0.7039274573326111, -0.536401629447937], "cam_t_m2c": [-98.97118377685547, 26.464702606201172, 366.5201416015625], "obj_id": 3}, {"cam_R_m2c": [-0.5715054273605347, -0.7896347045898438, -0.22329016029834747, -0.4937150180339813, 0.548220694065094, -0.675055205821991, 0.6554593443870544, -0.2755560576915741, -0.703165590763092], "cam_t_m2c": [14.312667846679688, -64.81034088134766, 539.7909545898438], "obj_id": 0}, {"cam_R_m2c": [0.01172327995300293, 0.9950490593910217, -0.09869115799665451, -0.8557639718055725, -0.04106933996081352, -0.5157337784767151, -0.5172336101531982, 0.09050244092941284, 0.8510456681251526], "cam_t_m2c": [-408.53924560546875, -99.96090698242188, 533.8106079101562], "obj_id": 1}, {"cam_R_m2c": [0.14938634634017944, 0.3445422351360321, 0.9268086552619934, -0.7155028581619263, 0.6846062541007996, -0.1391759067773819, -0.6824509501457214, -0.642343282699585, 0.34879180788993835], "cam_t_m2c": [38.625633239746094, -80.9155044555664, 571.0379638671875], "obj_id": 0}, {"cam_R_m2c": [0.23958367109298706, 0.6957348585128784, 0.677165150642395, -0.7365124225616455, 0.5846846103668213, -0.3401372730731964, -0.6325733661651611, -0.4172492027282715, 0.6524982452392578], "cam_t_m2c": [-332.2860107421875, -196.73129272460938, 710.6785888671875], "obj_id": 0}, {"cam_R_m2c": [0.12819907069206238, -0.978736162185669, 0.1601260006427765, -0.5700716972351074, 0.05939492583274841, 0.8194451332092285, -0.8115313053131104, -0.1963353455066681, -0.5503354072570801], "cam_t_m2c": [-166.7758026123047, 48.0333137512207, 319.1796569824219], "obj_id": 1}, {"cam_R_m2c": [0.8363941311836243, 0.3987962305545807, 0.37604039907455444, 0.4072291851043701, -0.9113073348999023, 0.060689862817525864, 0.3668912649154663, 0.10237397998571396, -0.9246135950088501], "cam_t_m2c": [-18.13832664489746, -20.682416915893555, 459.499755859375], "obj_id": 3}]
}