{
  "0": [{"cam_R_m2c": [0.3934406042098999, -0.013949191197752953, 0.9192442297935486, 0.6017775535583496, 0.759823203086853, -0.2460334151983261, -0.6950311064720154, 0.6499800682067871, 0.307339608669281], "cam_t_m2c": [330.5216064453125, -116.13874053955078, 1120.9920654296875], "obj_id": 3}, {"cam_R_m2c": [0.8169454336166382, -0.17087353765964508, 0.5508197546005249, -0.285672664642334, -0.9495893120765686, 0.1291152387857437, 0.5009903311729431, -0.26283425092697144, -0.8245764970779419], "cam_t_m2c": [150.53732299804688, -334.88775634765625, 1217.1317138671875], "obj_id": 3}, {"cam_R_m2c": [0.4335326552391052, -0.47659483551979065, -0.7647919654846191, 0.8957816362380981, 0.13552841544151306, 0.42332878708839417, -0.09810527414083481, -0.8686134815216064, 0.4856809079647064], "cam_t_m2c": [14.688758850097656, -218.55447387695312, 1107.72412109375], "obj_id": 3}, {"cam_R_m2c": [0.1992936134338379, -0.2823873460292816, 0.9383705854415894, -0.47835490107536316, -0.8637728691101074, -0.15834413468837738, 0.8552535176277161, -0.4173172414302826, -0.3072257339954376], "cam_t_m2c": [203.83045959472656, -340.2953186035156, 1242.826416015625], "obj_id": 3}, {"cam_R_m2c": [-0.8543092012405396, 0.4552975594997406, -0.25071805715560913, -0.31969714164733887, -0.8406243324279785, -0.43720027804374695, -0.4098159670829773, -0.2933504581451416, 0.8637108206748962], "cam_t_m2c": [316.9230041503906, -289.0323791503906, 1318.8446044921875], "obj_id": 3}, {"cam_R_m2c": [-0.7577886581420898, 0.36450329422950745, -0.5411964058876038, 0.1541784405708313, -0.7059071063995361, -0.6913204789161682, -0.6340230703353882, -0.607315719127655, 0.4787299633026123], "cam_t_m2c": [269.27593994140625, -27.144245147705078, 1254.009765625], "obj_id": 3}, {"cam_R_m2c": [-0.05864547938108444, 0.9880690574645996, -0.14240829646587372, 0.9891179203987122, 0.07679468393325806, 0.12549199163913727, 0.13493095338344574, -0.13349907100200653, -0.9818205237388611], "cam_t_m2c": [242.94107055664062, 37.24518585205078, 1156.3525390625], "obj_id": 3}, {"cam_R_m2c": [-0.06596586853265762, -0.42049241065979004, -0.9048947095870972, 0.7239415645599365, 0.6039385795593262, -0.33341675996780396, 0.6866999864578247, -0.6770851016044617, 0.2645726799964905], "cam_t_m2c": [338.4014587402344, -74.42691040039062, 1116.0123291015625], "obj_id": 3}, {"cam_R_m2c": [0.020888959988951683, 0.9874807596206665, 0.15634992718696594, -0.2628844976425171, -0.14545613527297974, 0.953799843788147, 0.9646010994911194, -0.06102583184838295, 0.2565550208091736], "cam_t_m2c": [169.00735473632812, -406.60491943359375, 1203.678466796875], "obj_id": 3}, {"cam_R_m2c": [0.16222864389419556, -0.9759469628334045, -0.14563411474227905, -0.673604428768158, -0.0016815229319036007, -0.7390900254249573, 0.7210678458213806, 0.2180013209581375, -0.6576749682426453], "cam_t_m2c": [136.4260711669922, -266.0231018066406, 1217.5655517578125], "obj_id": 3}, {"cam_R_m2c": [-0.9359612464904785, 0.03161802515387535, 0.35068050026893616, -0.23272143304347992, -0.8029515147209167, -0.5487345457077026, 0.26422953605651855, -0.5952051877975464, 0.7588896751403809], "cam_t_m2c": [5.813897609710693, -13.361457824707031, 1189.8017578125], "obj_id": 3}, {"cam_R_m2c": [-0.16330789029598236, 0.8495644330978394, -0.5015681982040405, 0.9275067448616028, -0.04106271266937256, -0.3715440630912781, -0.33624643087387085, -0.5258840322494507, -0.7812708616256714], "cam_t_m2c": [219.82879638671875, -32.39309310913086, 1219.3050537109375], "obj_id": 3}, {"cam_R_m2c": [0.9348217248916626, 0.3114149272441864, -0.17067238688468933, 0.21134556829929352, -0.10165850818157196, 0.9721102118492126, 0.2853793501853943, -0.9448205828666687, -0.16084875166416168], "cam_t_m2c": [330.43524169921875, 60.56385040283203, 1100.15283203125], "obj_id": 3}, {"cam_R_m2c": [-0.4722690284252167, -0.17525701224803925, -0.8638557195663452, 0.49108901619911194, 0.7615273594856262, -0.42297473549842834, 0.7319790124893188, -0.6239880323410034, -0.273578941822052], "cam_t_m2c": [391.4385986328125, 23.94479751586914, 1067.3277587890625], "obj_id": 3}, {"cam_R_m2c": [0.43093353509902954, -0.9013669490814209, 0.04282272979617119, -0.01960769295692444, 0.038090918213129044, 0.9990817904472351, -0.9021705389022827, -0.43137744069099426, -0.0012590177357196808], "cam_t_m2c": [99.7738265991211, -9.30628776550293, 1204.65771484375], "obj_id": 3}, {"cam_R_m2c": [0.5845831036567688, -0.6262606978416443, 0.5158101916313171, -0.4197363555431366, -0.777508556842804, -0.4682967960834503, 0.6943227052688599, 0.05725410208106041, -0.7173827290534973], "cam_t_m2c": [161.86990356445312, -51.96171569824219, 1346.191162109375], "obj_id": 3}, {"cam_R_m2c": [0.9436732530593872, 0.3218633830547333, 0.07671200484037399, -0.12878534197807312, 0.14372988045215607, 0.9812012910842896, 0.3047869801521301, -0.935812771320343, 0.17708534002304077], "cam_t_m2c": [115.893310546875, -301.4302062988281, 1051.5169677734375], "obj_id": 3}, {"cam_R_m2c": [-0.5050925612449646, -0.5354214906692505, -0.6769087314605713, -0.6294409036636353, 0.7651368379592896, -0.13553501665592194, 0.5904961824417114, 0.3576163053512573, -0.7234811782836914], "cam_t_m2c": [243.90737915039062, -6.907168388366699, 1083.5594482421875], "obj_id": 3}, {"cam_R_m2c": [0.09050046652555466, -0.9915485382080078, 0.09295825660228729, -0.7214877605438232, -0.0009361675474792719, 0.6924265623092651, -0.6864874958992004, -0.12973318994045258, -0.7154748439788818], "cam_t_m2c": [40.502994537353516, -364.2833251953125, 1133.4879150390625], "obj_id": 3}, {"cam_R_m2c": [-0.8220828175544739, -0.48171886801719666, 0.30352383852005005, -0.022805001586675644, -0.5048031210899353, -0.8629332184791565, 0.5689110159873962, -0.7163244485855103, 0.40400439500808716], "cam_t_m2c": [155.85269165039062, -236.35687255859375, 912.4481201171875], "obj_id": 3}, {"cam_R_m2c": [-0.6417727470397949, -0.35857126116752625, -0.6779043674468994, 0.4223063290119171, 0.5726224184036255, -0.7026812434196472, 0.6401445269584656, -0.7372449636459351, -0.21606653928756714], "cam_t_m2c": [300.7718811035156, -411.4227294921875, 1243.2576904296875], "obj_id": 3}, {"cam_R_m2c": [-0.9022162556648254, -0.08316895365715027, 0.4231886863708496, -0.4104888141155243, 0.4666075110435486, -0.7834388017654419, -0.13230523467063904, -0.8805454969406128, -0.4551207721233368], "cam_t_m2c": [89.34032440185547, -130.43795776367188, 1004.710205078125], "obj_id": 3}, {"cam_R_m2c": [0.22360290586948395, 0.4925690293312073, 0.841057300567627, -0.8214598894119263, -0.36920276284217834, 0.4346179962158203, 0.5246001482009888, -0.7880766987800598, 0.32207098603248596], "cam_t_m2c": [243.38502502441406, 69.29175567626953, 1136.0191650390625], "obj_id": 3}, {"cam_R_m2c": [-0.585581362247467, -0.6783283352851868, -0.44380730390548706, -0.7962039709091187, 0.37853682041168213, 0.47198420763015747, -0.15216290950775146, 0.6297463178634644, -0.7617517709732056], "cam_t_m2c": [289.1479797363281, 34.001155853271484, 1208.3779296875], "obj_id": 3}, {"cam_R_m2c": [-0.8629820346832275, -0.4435841739177704, 0.24185755848884583, -0.2613662779331207, 0.8016310930252075, 0.5376572012901306, -0.4323767423629761, 0.40077507495880127, -0.8077312111854553], "cam_t_m2c": [268.1088562011719, 19.603391647338867, 1103.8408203125], "obj_id": 3}, {"cam_R_m2c": [-0.7603812217712402, -0.2927875220775604, 0.5797376036643982, -0.5310967564582825, 0.794099748134613, -0.2955363690853119, -0.3738401234149933, -0.5326171517372131, -0.7593170404434204], "cam_t_m2c": [337.8517761230469, -342.8796691894531, 1106.1473388671875], "obj_id": 3}, {"cam_R_m2c": [-0.3048684298992157, -0.11735287308692932, 0.9451366662979126, -0.7919713258743286, -0.5199668407440186, -0.32002437114715576, 0.5289956331253052, -0.8460865616798401, 0.0655815601348877], "cam_t_m2c": [160.84042358398438, -103.0610122680664, 1016.3283081054688], "obj_id": 3}, {"cam_R_m2c": [-0.9602887630462646, -0.226498544216156, 0.1629224419593811, -0.1625363528728485, -0.020483508706092834, -0.9864898920059204, 0.22677576541900635, -0.9737960696220398, -0.01714406907558441], "cam_t_m2c": [-15.682287216186523, -281.6165466308594, 1030.407958984375], "obj_id": 3}, {"cam_R_m2c": [0.7738702893257141, -0.024415791034698486, 0.6328733563423157, -0.6121513843536377, -0.28516629338264465, 0.7375301718711853, 0.16246679425239563, -0.9581669569015503, -0.23562784492969513], "cam_t_m2c": [-18.803783416748047, 37.31576156616211, 1171.1192626953125], "obj_id": 1}, {"cam_R_m2c": [-0.4668613076210022, -0.3796074390411377, -0.7987105846405029, 0.729861855506897, -0.6753851771354675, -0.10562402755022049, -0.4993416666984558, -0.6322602033615112, 0.5923722982406616], "cam_t_m2c": [292.2486877441406, -264.6790466308594, 1242.42236328125], "obj_id": 1}, {"cam_R_m2c": [-0.41610580682754517, 0.5517123341560364, 0.7228204011917114, 0.7138717770576477, -0.29417407512664795, 0.6354907751083374, 0.5632431507110596, 0.7804325819015503, -0.27144426107406616], "cam_t_m2c": [314.18756103515625, -60.372684478759766, 1065.119873046875], "obj_id": 1}, {"cam_R_m2c": [-0.07012826204299927, -0.9398003220558167, -0.33445093035697937, -0.8709930777549744, -0.1057475283741951, 0.4797796607017517, -0.4862644374370575, 0.32495054602622986, -0.811143696308136], "cam_t_m2c": [324.1809997558594, -366.4089660644531, 1191.25390625], "obj_id": 1}, {"cam_R_m2c": [0.2802690267562866, -0.2471415102481842, 0.9275615215301514, 0.20290586352348328, 0.9597077369689941, 0.1943972259759903, -0.9382315874099731, 0.1337241530418396, 0.3191228210926056], "cam_t_m2c": [18.31170654296875, 64.80391693115234, 1135.67822265625], "obj_id": 1}, {"cam_R_m2c": [-0.41740182042121887, 0.10025916248559952, -0.9031742811203003, -0.26458975672721863, -0.964240550994873, 0.0152421360835433, -0.8693491220474243, 0.2453327625989914, 0.42900338768959045], "cam_t_m2c": [31.804174423217773, -107.21282958984375, 921.4532470703125], "obj_id": 1}, {"cam_R_m2c": [0.9241946339607239, 0.3817081153392792, -0.012776755727827549, -0.07706040143966675, 0.21913619339466095, 0.9726464152336121, 0.37406688928604126, -0.8979300260543823, 0.23193907737731934], "cam_t_m2c": [99.05953979492188, 97.75114440917969, 1067.853759765625], "obj_id": 1}, {"cam_R_m2c": [0.5830410718917847, 0.5528951287269592, -0.595289945602417, -0.4065941274166107, 0.8329284191131592, 0.375381737947464, 0.7033806443214417, 0.023178430274128914, 0.7104353904724121], "cam_t_m2c": [130.57977294921875, -268.8675231933594, 1234.8707275390625], "obj_id": 1}, {"cam_R_m2c": [-0.11264310777187347, 0.2273530811071396, -0.9672755002975464, -0.8430637717247009, 0.4933447241783142, 0.21413633227348328, 0.525884747505188, 0.8395960330963135, 0.13610133528709412], "cam_t_m2c": [77.64138793945312, -260.5116271972656, 1117.451171875], "obj_id": 1}, {"cam_R_m2c": [-0.9615267515182495, -0.0522901713848114, -0.26968836784362793, -0.19337403774261475, 0.8261281251907349, 0.5292625427246094, 0.1951218992471695, 0.5610508918762207, -0.8044558167457581], "cam_t_m2c": [-15.905423164367676, 30.52069664001465, 1133.9345703125], "obj_id": 1}, {"cam_R_m2c": [-0.1378742754459381, -0.5934678316116333, 0.7929606437683105, 0.20945793390274048, -0.7999699711799622, -0.5622947216033936, 0.9680485725402832, 0.08856591582298279, 0.23460187017917633], "cam_t_m2c": [353.3009033203125, -161.7034912109375, 1112.16162109375], "obj_id": 1}, {"cam_R_m2c": [-0.3626185953617096, 0.9247449636459351, 0.11556138843297958, 0.7663746476173401, 0.36645156145095825, -0.5276203155517578, -0.5302618741989136, -0.10276161879301071, -0.841583251953125], "cam_t_m2c": [193.75311279296875, -110.6529312133789, 1315.183349609375], "obj_id": 1}, {"cam_R_m2c": [0.29632478952407837, -0.9504261016845703, 0.09424298256635666, 0.5573301911354065, 0.25220540165901184, 0.791059672832489, -0.7756124138832092, -0.18188610672950745, 0.6044359803199768], "cam_t_m2c": [27.93454360961914, 106.89677429199219, 1024.7230224609375], "obj_id": 1}, {"cam_R_m2c": [0.2512121796607971, -0.382819801568985, -0.8890114426612854, 0.965070903301239, 0.16962802410125732, 0.19966059923171997, 0.07436715066432953, -0.9081162810325623, 0.41206094622612], "cam_t_m2c": [16.726591110229492, -338.3706359863281, 1077.593505859375], "obj_id": 1}, {"cam_R_m2c": [-0.9965559244155884, -0.08274029195308685, -0.005484000779688358, 0.058512959629297256, -0.6548091173171997, -0.7535257339477539, 0.058755964040756226, -0.7512515187263489, 0.6573955416679382], "cam_t_m2c": [287.9620056152344, -6.6648850440979, 1275.4354248046875], "obj_id": 1}, {"cam_R_m2c": [-0.2651865482330322, -0.6384323835372925, -0.7225512266159058, 0.812190592288971, 0.25595739483833313, -0.5242445468902588, 0.5196370482444763, -0.7258718609809875, 0.45065227150917053], "cam_t_m2c": [269.3670349121094, -145.02015686035156, 1281.963623046875], "obj_id": 1}, {"cam_R_m2c": [-0.7400065064430237, 0.6677035093307495, 0.08100858330726624, 0.534988522529602, 0.657316267490387, -0.5307754874229431, -0.40764889121055603, -0.3494386374950409, -0.8436320424079895], "cam_t_m2c": [265.49462890625, -22.10445785522461, 1076.6109619140625], "obj_id": 1}, {"cam_R_m2c": [0.9015791416168213, 0.40917059779167175, -0.1404794156551361, 0.019266163930296898, 0.2864246070384979, 0.9579090476036072, 0.43218496441841125, -0.8663373589515686, 0.25035130977630615], "cam_t_m2c": [178.40101623535156, 12.67277717590332, 1238.7122802734375], "obj_id": 1}, {"cam_R_m2c": [-0.760598361492157, -0.00950087420642376, -0.649152934551239, -0.578200101852417, -0.4448176622390747, 0.6839748620986938, -0.29525312781333923, 0.8955706357955933, 0.3328344225883484], "cam_t_m2c": [280.9927978515625, -84.9008560180664, 1233.7757568359375], "obj_id": 1}, {"cam_R_m2c": [0.9978717565536499, 0.00036868476308882236, 0.06520569324493408, -0.008814123459160328, -0.9900435209274292, 0.14048433303833008, 0.06460827589035034, -0.14076007902622223, -0.9879332184791565], "cam_t_m2c": [127.5821304321289, -403.9139709472656, 1201.0162353515625], "obj_id": 1}, {"cam_R_m2c": [-0.1021859347820282, 0.9761071801185608, -0.19176237285137177, -0.9055624008178711, -0.17106376588344574, -0.38819313049316406, -0.41172170639038086, 0.13398490846157074, 0.9014062881469727], "cam_t_m2c": [29.907329559326172, -193.34019470214844, 1067.0238037109375], "obj_id": 1}, {"cam_R_m2c": [-0.20231933891773224, 0.5637306571006775, 0.8007960915565491, 0.5784266591072083, -0.5910478830337524, 0.5622140765190125, 0.790246307849884, 0.5769487023353577, -0.2064962238073349], "cam_t_m2c": [207.9700469970703, -147.08607482910156, 1069.27587890625], "obj_id": 1}, {"cam_R_m2c": [-0.8911035060882568, 0.41887548565864563, -0.1745789796113968, 0.19656147062778473, 0.7030161023139954, 0.6834704875946045, 0.40902087092399597, 0.574727475643158, -0.708794891834259], "cam_t_m2c": [22.860483169555664, -273.5629577636719, 1211.0748291015625], "obj_id": 1}, {"cam_R_m2c": [-0.6930659413337708, 0.04429295286536217, 0.7195119261741638, -0.6975931525230408, 0.21040137112140656, -0.6849050521850586, -0.1817227154970169, -0.9766110777854919, -0.11492343246936798], "cam_t_m2c": [207.47604370117188, -330.35028076171875, 1196.9407958984375], "obj_id": 1}, {"cam_R_m2c": [-0.17493441700935364, 0.9338909983634949, 0.31184205412864685, -0.4485017657279968, -0.35754117369651794, 0.8191522359848022, 0.8764953017234802, 0.0034362412989139557, 0.4813981056213379], "cam_t_m2c": [-5.495412349700928, -265.45025634765625, 1257.853515625], "obj_id": 1}, {"cam_R_m2c": [-0.5684956908226013, 0.36372828483581543, 0.7379120588302612, -0.12802624702453613, 0.8469127416610718, -0.5160892009735107, -0.8126633763313293, -0.38786667585372925, -0.4348994195461273], "cam_t_m2c": [11.089001655578613, -246.335205078125, 1192.629150390625], "obj_id": 1}, {"cam_R_m2c": [-0.62738037109375, 0.7672738432884216, -0.1329844444990158, -0.5961577296257019, -0.5831153988838196, -0.5518808960914612, -0.5009890198707581, -0.2669594883918762, 0.8232512474060059], "cam_t_m2c": [240.80145263671875, -26.91584014892578, 1194.4735107421875], "obj_id": 1}, {"cam_R_m2c": [0.8910354375839233, -0.3276071846485138, 0.31421229243278503, 0.17955191433429718, -0.3813841938972473, -0.9068114757537842, 0.41691359877586365, 0.8644185662269592, -0.28100430965423584], "cam_t_m2c": [152.00831604003906, -73.57039642333984, 977.0569458007812], "obj_id": 1}, {"cam_R_m2c": [-0.3270482122898102, -0.916969895362854, -0.2284846156835556, -0.16979941725730896, -0.18082484602928162, 0.9687466621398926, -0.9296274185180664, 0.35562363266944885, -0.09656227380037308], "cam_t_m2c": [249.9250946044922, -153.3059844970703, 964.4727783203125], "obj_id": 1}, {"cam_R_m2c": [-0.6349897980690002, -0.05380813032388687, -0.7706441879272461, -0.7690826058387756, -0.04997491464018822, 0.6371924877166748, -0.07279907166957855, 0.9972999095916748, -0.009649231098592281], "cam_t_m2c": [73.39942169189453, -183.62001037597656, 1114.004150390625], "obj_id": 1}, {"cam_R_m2c": [-0.1502217948436737, -0.0833376944065094, -0.9851335287094116, 0.8860090970993042, -0.453462153673172, -0.09674570709466934, -0.43865829706192017, -0.8873707056045532, 0.14195796847343445], "cam_t_m2c": [173.30624389648438, -307.1916198730469, 1056.99609375], "obj_id": 1}, {"cam_R_m2c": [0.11977454274892807, -0.9912713170051575, 0.055090662091970444, -0.15103089809417725, -0.07303688675165176, -0.9858270883560181, 0.9812458753585815, 0.1097564846277237, -0.15846045315265656], "cam_t_m2c": [289.52117919921875, -105.1832504272461, 1285.07763671875], "obj_id": 1}, {"cam_R_m2c": [0.46947914361953735, 0.16417370736598969, -0.8675460815429688, -0.2750496566295624, 0.9608639478683472, 0.03298790752887726, 0.8390095233917236, 0.22313113510608673, 0.49626150727272034], "cam_t_m2c": [169.56668090820312, -115.43219757080078, 1347.774658203125], "obj_id": 1}, {"cam_R_m2c": [-0.6887852549552917, -0.16239112615585327, -0.706543505191803, 0.3368147015571594, 0.7913413047790527, -0.5102301239967346, 0.6419739127159119, -0.5894133448600769, -0.49036848545074463], "cam_t_m2c": [263.9753112792969, -36.85872268676758, 1090.3067626953125], "obj_id": 1}, {"cam_R_m2c": [-0.03809696063399315, 0.9770392775535583, 0.20962531864643097, 0.35044410824775696, 0.20951762795448303, -0.9128478765487671, -0.9358084201812744, 0.03868518024682999, -0.35037961602211], "cam_t_m2c": [273.73553466796875, -286.3442077636719, 1080.3465576171875], "obj_id": 1}, {"cam_R_m2c": [-0.29680582880973816, 0.9405530691146851, 0.16512471437454224, 0.8937641978263855, 0.21271340548992157, 0.39489057660102844, 0.3362913131713867, 0.2647883892059326, -0.9037672281265259], "cam_t_m2c": [-2.9697892665863037, -277.05877685546875, 1080.5911865234375], "obj_id": 1}, {"cam_R_m2c": [-0.7804498076438904, -0.11201293021440506, 0.6151025295257568, -0.09641028940677643, 0.9936142563819885, 0.05861502140760422, -0.617740273475647, -0.013556129299104214, -0.7862652540206909], "cam_t_m2c": [221.13888549804688, 8.018802642822266, 1211.1102294921875], "obj_id": 1}, {"cam_R_m2c": [0.15628255903720856, -0.2414337694644928, -0.957750141620636, -0.9350206851959229, 0.27631622552871704, -0.2222285121679306, 0.31829532980918884, 0.9302467107772827, -0.18256212770938873], "cam_t_m2c": [-37.985286712646484, -211.36566162109375, 1214.680908203125], "obj_id": 1}, {"cam_R_m2c": [-0.8960903882980347, 0.31018856167793274, 0.31749773025512695, -0.13634051382541656, 0.48836472630500793, -0.8619229197502136, -0.42241331934928894, -0.8156487345695496, -0.3953275978565216], "cam_t_m2c": [162.6194610595703, -396.0108642578125, 1242.703125], "obj_id": 1}, {"cam_R_m2c": [-0.5412477254867554, 0.19459594786167145, 0.8180362582206726, -0.8115437030792236, 0.13376861810684204, -0.568773090839386, -0.2201085239648819, -0.9717193245887756, 0.0855211392045021], "cam_t_m2c": [35.120567321777344, -279.7392272949219, 1052.57421875], "obj_id": 1}, {"cam_R_m2c": [0.4079936742782593, -0.6616705656051636, 0.6290732026100159, 0.3493279814720154, 0.7497338652610779, 0.56202232837677, -0.8435111045837402, -0.009548625908792019, 0.5370267629623413], "cam_t_m2c": [178.5234832763672, -29.593585968017578, 1076.783447265625], "obj_id": 1}, {"cam_R_m2c": [-0.9674088954925537, 0.2451370805501938, 0.06346534937620163, -0.23539558053016663, -0.9629788994789124, 0.13137955963611603, 0.093321792781353, 0.11215829104185104, 0.9892985224723816], "cam_t_m2c": [162.87225341796875, -185.48403930664062, 1134.5233154296875], "obj_id": 1}, {"cam_R_m2c": [-0.8272309303283691, -0.5128538608551025, -0.22949901223182678, 0.5580077767372131, -0.7021356821060181, -0.4423038065433502, 0.06569778174161911, -0.49394965171813965, 0.867004930973053], "cam_t_m2c": [237.00485229492188, -281.7644348144531, 1212.4183349609375], "obj_id": 1}, {"cam_R_m2c": [-0.7967937588691711, 0.5641803741455078, -0.21637950837612152, -0.4221956133842468, -0.26362377405166626, 0.8673253655433655, 0.4322851896286011, 0.7824339270591736, 0.44824835658073425], "cam_t_m2c": [183.77320861816406, -7.978616237640381, 1127.9398193359375], "obj_id": 1}, {"cam_R_m2c": [0.33399564027786255, 0.035200707614421844, -0.9419170618057251, -0.1830780953168869, -0.977848470211029, -0.10146141052246094, -0.9246237874031067, 0.20633205771446228, -0.32015252113342285], "cam_t_m2c": [70.46322631835938, 23.55828857421875, 1068.569091796875], "obj_id": 1}, {"cam_R_m2c": [0.03063352033495903, -0.8758310675621033, 0.4816446006298065, -0.9388279914855957, -0.1905817687511444, -0.28684601187705994, 0.34302133321762085, -0.4433943033218384, -0.8280928730964661], "cam_t_m2c": [179.85931396484375, -319.87493896484375, 1178.125], "obj_id": 1}, {"cam_R_m2c": [0.15215657651424408, 0.6578630208969116, -0.7376074194908142, 0.8390159010887146, -0.4804321825504303, -0.25541600584983826, -0.5223990082740784, -0.5800010561943054, -0.6250584721565247], "cam_t_m2c": [2.649294853210449, -220.12127685546875, 1190.2930908203125], "obj_id": 1}, {"cam_R_m2c": [-0.36103004217147827, -0.8925907611846924, 0.2700721323490143, -0.9254488348960876, 0.30724385380744934, -0.22168828547000885, 0.1148989200592041, -0.32997405529022217, -0.9369713664054871], "cam_t_m2c": [173.6217498779297, 2.6295385360717773, 1083.3779296875], "obj_id": 1}, {"cam_R_m2c": [-0.8357607126235962, -0.14135333895683289, 0.530587375164032, 0.541379451751709, -0.050723426043987274, 0.8392468690872192, -0.09171710908412933, 0.9886587858200073, 0.11891859024763107], "cam_t_m2c": [349.23150634765625, -239.98011779785156, 1050.7847900390625], "obj_id": 1}, {"cam_R_m2c": [0.9758594036102295, 0.14657127857208252, -0.16191129386425018, 0.2051677256822586, -0.8693596124649048, 0.4495777487754822, -0.07486394792795181, -0.4719436466693878, -0.8784444332122803], "cam_t_m2c": [163.80812072753906, -376.9188232421875, 1210.7098388671875], "obj_id": 1}, {"cam_R_m2c": [0.7209104299545288, 0.6862037777900696, 0.09701802581548691, 0.20136593282222748, -0.34135642647743225, 0.9181108474731445, 0.6631288528442383, -0.6423395276069641, -0.3842654824256897], "cam_t_m2c": [165.68032836914062, -354.2665100097656, 1268.734375], "obj_id": 1}, {"cam_R_m2c": [0.11017724871635437, -0.42484477162361145, -0.8985365033149719, -0.9521237015724182, -0.3044982850551605, 0.027224484831094742, -0.2851690351963043, 0.8525183796882629, -0.43805354833602905], "cam_t_m2c": [327.77227783203125, -363.72821044921875, 1119.72265625], "obj_id": 1}, {"cam_R_m2c": [0.6059134602546692, 0.7092920541763306, 0.3602410554885864, -0.6960808038711548, 0.6919302940368652, -0.19158272445201874, -0.38514983654022217, -0.13467435538768768, 0.91297447681427], "cam_t_m2c": [242.40914916992188, -276.0611572265625, 1212.8436279296875], "obj_id": 1}, {"cam_R_m2c": [-0.9844246506690979, 0.17492204904556274, 0.017612220719456673, 0.021064763888716698, 0.017900517210364342, 0.9996178150177002, 0.1745399385690689, 0.9844194650650024, -0.021306289359927177], "cam_t_m2c": [209.8118438720703, -168.07533264160156, 1252.8016357421875], "obj_id": 1}, {"cam_R_m2c": [-0.8252877593040466, 0.5593551993370056, -0.07759899646043777, -0.5388984680175781, -0.821162760257721, -0.18782947957515717, -0.16878482699394226, -0.11319541931152344, 0.9791315197944641], "cam_t_m2c": [305.86578369140625, 33.53280258178711, 1201.0538330078125], "obj_id": 3}, {"cam_R_m2c": [0.23758424818515778, -0.9317775368690491, -0.274489164352417, 0.39308446645736694, 0.3506340980529785, -0.8500236868858337, 0.8882782459259033, 0.09405478835105896, 0.44957244396209717], "cam_t_m2c": [40.486759185791016, -43.72932052612305, 1262.8787841796875], "obj_id": 1}, {"cam_R_m2c": [0.6707379221916199, 0.48768049478530884, 0.5588186383247375, 0.6844723224639893, -0.1168060228228569, -0.7196205854415894, -0.28567150235176086, 0.8651727437973022, -0.4121500253677368], "cam_t_m2c": [303.8890075683594, -277.9162292480469, 990.6655883789062], "obj_id": 1}, {"cam_R_m2c": [-0.24494250118732452, -0.2198195606470108, -0.9442893266677856, 0.13411159813404083, 0.9569138288497925, -0.257546067237854, 0.9602172374725342, -0.1897241473197937, -0.20490851998329163], "cam_t_m2c": [101.74874877929688, -26.897567749023438, 982.6123046875], "obj_id": 1}, {"cam_R_m2c": [-0.03255555406212807, -0.41565224528312683, 0.9089406728744507, 0.4380449652671814, 0.8114916086196899, 0.38677892088890076, -0.8983632922172546, 0.41074874997138977, 0.15565583109855652], "cam_t_m2c": [318.65625, -299.6511535644531, 1021.19970703125], "obj_id": 1}, {"cam_R_m2c": [-0.8771244883537292, -0.2227669060230255, -0.4254729151725769, 0.3009568154811859, -0.9453474283218384, -0.12547095119953156, -0.3742690086364746, -0.23810264468193054, 0.8962308764457703], "cam_t_m2c": [208.4690704345703, 27.15934181213379, 1231.986328125], "obj_id": 3}, {"cam_R_m2c": [0.3592361807823181, -0.7030403017997742, -0.6137456297874451, 0.5835967063903809, -0.3439641296863556, 0.7355974316596985, -0.7282611131668091, -0.6224331259727478, 0.286727637052536], "cam_t_m2c": [216.1928253173828, -145.1597442626953, 989.1370849609375], "obj_id": 1}, {"cam_R_m2c": [0.9411101341247559, 0.08387560397386551, 0.327531099319458, 0.3057093918323517, 0.20266000926494598, -0.9303066730499268, -0.1444074809551239, 0.9756503701210022, 0.16508382558822632], "cam_t_m2c": [8.08829116821289, -86.43072509765625, 952.0787353515625], "obj_id": 1}, {"cam_R_m2c": [0.5068660378456116, 0.2907707989215851, -0.8115042448043823, 0.49868446588516235, 0.6689676642417908, 0.5511769652366638, 0.7031362652778625, -0.6840574145317078, 0.1940741091966629], "cam_t_m2c": [277.0843200683594, -22.594038009643555, 1327.9454345703125], "obj_id": 1}, {"cam_R_m2c": [0.1173083633184433, 0.7886683344841003, 0.6035237908363342, 0.9675316214561462, -0.22776338458061218, 0.10957356542348862, 0.22387784719467163, 0.5710744857788086, -0.7897800803184509], "cam_t_m2c": [-22.739633560180664, -271.4637756347656, 1238.6822509765625], "obj_id": 3}, {"cam_R_m2c": [0.9637938141822815, -0.2572663724422455, 0.07011047005653381, 0.1974351406097412, 0.8652393817901611, 0.46084722876548767, -0.17922283709049225, -0.4303194582462311, 0.8847057819366455], "cam_t_m2c": [86.93315887451172, -285.6123962402344, 1057.6143798828125], "obj_id": 1}, {"cam_R_m2c": [-0.5750066637992859, -0.08386287093162537, 0.8138391375541687, 0.6601067781448364, -0.6352263689041138, 0.400931715965271, 0.48334890604019165, 0.7677592635154724, 0.4206180274486542], "cam_t_m2c": [255.40164184570312, -85.10982513427734, 1423.8753662109375], "obj_id": 1}, {"cam_R_m2c": [-0.9160580039024353, -0.3388671576976776, -0.21449141204357147, 0.3507268726825714, -0.41753867268562317, -0.8382433652877808, 0.19449467957019806, -0.8431075811386108, 0.5013396143913269], "cam_t_m2c": [133.85165405273438, -72.10347747802734, 1278.049560546875], "obj_id": 3}, {"cam_R_m2c": [0.4811438024044037, 0.8256732821464539, 0.2945576608181, -0.08545109629631042, 0.37857985496520996, -0.9216156005859375, -0.872467041015625, 0.4182593524456024, 0.25270605087280273], "cam_t_m2c": [262.2798767089844, -253.5315704345703, 954.0430297851562], "obj_id": 1}, {"cam_R_m2c": [-0.011626245453953743, -0.473643958568573, 0.8806395530700684, 0.5152216553688049, 0.7519533038139343, 0.41123321652412415, -0.8569779992103577, 0.458505779504776, 0.2352892905473709], "cam_t_m2c": [144.26010131835938, -213.98049926757812, 981.5735473632812], "obj_id": 3}, {"cam_R_m2c": [-0.3871542513370514, 0.8463498950004578, -0.3657912015914917, 0.9183299541473389, 0.38939639925956726, -0.07099638134241104, 0.0823499783873558, -0.3634035885334015, -0.9279849529266357], "cam_t_m2c": [273.6411437988281, 34.15945053100586, 1142.9757080078125], "obj_id": 3}, {"cam_R_m2c": [0.8662123084068298, 0.14397184550762177, 0.47848549485206604, 0.3025500774383545, 0.6109800934791565, -0.731550931930542, -0.39766785502433777, 0.778444230556488, 0.4856797754764557], "cam_t_m2c": [198.19485473632812, -108.27527618408203, 1165.7310791015625], "obj_id": 3}, {"cam_R_m2c": [0.32836127281188965, -0.1855962723493576, 0.926138699054718, 0.17503179609775543, -0.9515679478645325, -0.2527495324611664, 0.9281932711601257, 0.24509687721729279, -0.2799728214740753], "cam_t_m2c": [312.1656799316406, 30.669784545898438, 1195.270751953125], "obj_id": 3}, {"cam_R_m2c": [-0.2921402156352997, -0.9477742314338684, 0.12797662615776062, 0.8506792783737183, -0.31866559386253357, -0.41808727383613586, 0.43703410029411316, -0.013273063115775585, 0.8993470072746277], "cam_t_m2c": [257.244384765625, -250.28988647460938, 1206.0128173828125], "obj_id": 1}, {"cam_R_m2c": [0.9824756979942322, 0.04850918427109718, -0.17996759712696075, 0.18221913278102875, -0.046840544790029526, 0.9821415543556213, 0.03921309486031532, -0.9977237582206726, -0.05485899746417999], "cam_t_m2c": [151.16140747070312, -66.5888442993164, 1367.4432373046875], "obj_id": 3}, {"cam_R_m2c": [-0.4102105498313904, -0.9099686145782471, 0.060697462409734726, 0.8595848679542542, -0.40801742672920227, -0.30762866139411926, 0.30469807982444763, -0.07401794195175171, 0.949568510055542], "cam_t_m2c": [48.895660400390625, -107.13196563720703, 1112.0816650390625], "obj_id": 3}, {"cam_R_m2c": [0.5360855460166931, 0.7241056561470032, 0.4339161217212677, 0.8402857780456543, -0.40851765871047974, -0.35641685128211975, -0.08082102239131927, 0.5556834936141968, -0.8274561166763306], "cam_t_m2c": [176.5499725341797, -175.43092346191406, 1327.916259765625], "obj_id": 3}, {"cam_R_m2c": [0.7418877482414246, -0.39464205503463745, -0.5420886874198914, 0.3241163492202759, 0.9187951683998108, -0.2253086417913437, 0.5869847536087036, -0.008546099998056889, 0.8095528483390808], "cam_t_m2c": [320.8670349121094, -262.53546142578125, 1085.196533203125], "obj_id": 1}, {"cam_R_m2c": [0.3844333589076996, -0.897773802280426, 0.2149723470211029, 0.8844050168991089, 0.4249305725097656, 0.19303296506404877, -0.26464828848838806, 0.11591432988643646, 0.9573531746864319], "cam_t_m2c": [302.4584045410156, -361.2714538574219, 1277.7076416015625], "obj_id": 3}, {"cam_R_m2c": [-0.9781801104545593, 0.09165260940790176, 0.18644964694976807, 0.2039031982421875, 0.5956045985221863, 0.7769675850868225, -0.039839163422584534, 0.7980319261550903, -0.6012968420982361], "cam_t_m2c": [241.70068359375, -42.369529724121094, 1127.6998291015625], "obj_id": 3}, {"cam_R_m2c": [-0.5490627288818359, -0.8263871073722839, -0.12495696544647217, 0.346467524766922, -0.08899423480033875, -0.9338309168815613, 0.7605854272842407, -0.5560253262519836, 0.3351798355579376], "cam_t_m2c": [59.002479553222656, -172.24221801757812, 1112.2435302734375], "obj_id": 1}, {"cam_R_m2c": [-0.5691653490066528, -0.57797771692276, 0.5848009586334229, 0.6417182683944702, 0.1324080526828766, 0.7554240822792053, -0.5140506625175476, 0.8052389025688171, 0.29553699493408203], "cam_t_m2c": [266.34552001953125, -233.98655700683594, 1291.965087890625], "obj_id": 1}, {"cam_R_m2c": [-0.9041510820388794, -0.38816049695014954, -0.1784438192844391, -0.13923147320747375, 0.662620484828949, -0.7358999252319336, 0.4038878083229065, -0.6405197381973267, -0.6531531810760498], "cam_t_m2c": [331.56396484375, -331.45184326171875, 1183.77392578125], "obj_id": 1}, {"cam_R_m2c": [0.5350885391235352, 0.02657313458621502, 0.8443779349327087, 0.8005314469337463, -0.3352406919002533, -0.4967523217201233, 0.2698696553707123, 0.9417575597763062, -0.2006560117006302], "cam_t_m2c": [46.57530975341797, 62.12483215332031, 1097.0439453125], "obj_id": 1}, {"cam_R_m2c": [0.2848895192146301, 0.7785869240760803, 0.5591424703598022, 0.9385461211204529, -0.3451452851295471, 0.0024032455403357744, 0.19485656917095184, 0.5240963697433472, -0.8290679454803467], "cam_t_m2c": [310.6797180175781, -410.6072082519531, 1243.357177734375], "obj_id": 1}, {"cam_R_m2c": [-0.2783268094062805, -0.398832768201828, 0.8737655878067017, -0.9076032638549805, -0.18848413228988647, -0.37513965368270874, 0.3143090605735779, -0.8974440693855286, -0.3095215857028961], "cam_t_m2c": [210.26101684570312, 4.340111255645752, 1137.9267578125], "obj_id": 3}, {"cam_R_m2c": [0.788805365562439, -0.6145379543304443, 0.011366437189280987, 0.44909045100212097, 0.5636181235313416, -0.6932909488677979, 0.4196472764015198, 0.551976203918457, 0.7205681204795837], "cam_t_m2c": [299.76739501953125, -110.71151733398438, 1104.1580810546875], "obj_id": 3}, {"cam_R_m2c": [0.6524521112442017, 0.709784209728241, 0.2655421197414398, 0.7332072854042053, -0.6798258423805237, 0.015617067925632, 0.19160714745521545, 0.18450802564620972, -0.9639727473258972], "cam_t_m2c": [122.80989074707031, -188.81309509277344, 1056.04833984375], "obj_id": 3}, {"cam_R_m2c": [-0.19460321962833405, 0.11121165007352829, -0.9745569825172424, -0.33289581537246704, 0.9270941615104675, 0.17226934432983398, 0.92266446352005, 0.3579501807689667, -0.1433936059474945], "cam_t_m2c": [111.31208801269531, -94.70091247558594, 953.7378540039062], "obj_id": 1}, {"cam_R_m2c": [0.21478602290153503, 0.5821386575698853, -0.7842075824737549, 0.09146537631750107, -0.8114080429077148, -0.5772789716720581, -0.9723687767982483, 0.05226361006498337, -0.22752463817596436], "cam_t_m2c": [225.58753967285156, -151.37803649902344, 1213.01708984375], "obj_id": 3}, {"cam_R_m2c": [-0.9524614214897156, 0.2521636486053467, 0.1709689199924469, -0.2852754294872284, -0.9351605176925659, -0.20998185873031616, 0.10693361610174179, -0.24877288937568665, 0.9626407623291016], "cam_t_m2c": [44.916534423828125, -210.16549682617188, 1058.438720703125], "obj_id": 1}, {"cam_R_m2c": [0.5374844670295715, -0.5959464907646179, 0.5966224074363708, 0.29330259561538696, 0.7954480648040771, 0.5303168296813965, -0.7906225919723511, -0.1100461408495903, 0.6023336052894592], "cam_t_m2c": [104.9411392211914, -287.1317443847656, 1015.30517578125], "obj_id": 1}, {"cam_R_m2c": [0.7375230193138123, 0.23835182189941406, 0.6318609118461609, -0.2373569756746292, 0.9674383401870728, -0.08789031952619553, -0.6322352886199951, -0.08515546470880508, 0.7700824737548828], "cam_t_m2c": [118.99037170410156, -141.5157470703125, 1243.7198486328125], "obj_id": 3}, {"cam_R_m2c": [0.6399075984954834, 0.2771281599998474, -0.7167413830757141, -0.35238778591156006, -0.7230353355407715, -0.5941739678382874, -0.6828917264938354, 0.6327873468399048, -0.36501920223236084], "cam_t_m2c": [379.31597900390625, 16.322847366333008, 1183.27099609375], "obj_id": 3}, {"cam_R_m2c": [-0.9497050642967224, -0.31110879778862, -0.035660628229379654, -0.24082256853580475, 0.7984033226966858, -0.5518665313720703, 0.2001620978116989, -0.5155225396156311, -0.83316969871521], "cam_t_m2c": [308.7100830078125, -73.33458709716797, 1405.553955078125], "obj_id": 3}, {"cam_R_m2c": [0.8372500538825989, 0.2572464644908905, -0.48253145813941956, 0.3607579469680786, 0.4032886028289795, 0.8409589529037476, 0.41093313694000244, -0.8781699538230896, 0.24484971165657043], "cam_t_m2c": [45.36880874633789, -317.8760986328125, 1086.03369140625], "obj_id": 1}, {"cam_R_m2c": [-0.8695676922798157, -0.4483485817909241, -0.2069666087627411, -0.48605355620384216, 0.8511102795600891, 0.1984015852212906, 0.08719832450151443, 0.2731205224990845, -0.9580194354057312], "cam_t_m2c": [123.04603576660156, -101.11101531982422, 1356.8843994140625], "obj_id": 1}, {"cam_R_m2c": [0.38220465183258057, 0.3616957664489746, -0.8503503203392029, -0.5458255410194397, -0.6541692018508911, -0.5235809683799744, -0.7456501126289368, 0.6642580032348633, -0.052603669464588165], "cam_t_m2c": [113.58863830566406, -109.62052917480469, 1379.315185546875], "obj_id": 3}, {"cam_R_m2c": [-0.8782466650009155, -0.36279115080833435, -0.31155282258987427, 0.4643918573856354, -0.49155908823013306, -0.7366883754730225, 0.11411736905574799, -0.7916767597198486, 0.6001875400543213], "cam_t_m2c": [270.2169494628906, -95.76241302490234, 1164.548583984375], "obj_id": 3}, {"cam_R_m2c": [-0.5105573534965515, -0.4406042993068695, 0.7383759617805481, 0.8575116395950317, -0.32411542534828186, 0.39952847361564636, 0.06328504532575607, 0.8371481895446777, 0.5433027744293213], "cam_t_m2c": [58.32276916503906, 112.6314697265625, 1049.76904296875], "obj_id": 3}, {"cam_R_m2c": [0.8484916090965271, 0.2814045548439026, 0.4481890797615051, 0.07769940048456192, -0.9039692282676697, 0.42047837376594543, 0.5234737396240234, -0.3219483494758606, -0.7888752818107605], "cam_t_m2c": [236.43161010742188, 64.85934448242188, 1140.905517578125], "obj_id": 3}, {"cam_R_m2c": [0.15346471965312958, 0.6566194295883179, -0.7384439706802368, -0.6452334523200989, 0.6325781345367432, 0.4283907413482666, 0.7484132051467896, 0.4107259213924408, 0.5207512974739075], "cam_t_m2c": [-9.176109313964844, -267.3756103515625, 1152.8125], "obj_id": 3}, {"cam_R_m2c": [-0.7511470913887024, -0.460294246673584, -0.4731881022453308, -0.238686665892601, -0.47893357276916504, 0.8447787165641785, -0.6154725551605225, 0.7474968433380127, 0.24988366663455963], "cam_t_m2c": [110.0230712890625, -78.25074005126953, 1129.2071533203125], "obj_id": 3}, {"cam_R_m2c": [-0.03451398387551308, 0.9565503001213074, -0.2895178496837616, 0.4572911858558655, -0.24247099459171295, -0.855624258518219, -0.8886471390724182, -0.16192485392093658, -0.4290534555912018], "cam_t_m2c": [95.0694351196289, -331.96881103515625, 1065.45068359375], "obj_id": 3}, {"cam_R_m2c": [0.98215651512146, -0.1813097447156906, -0.049953918904066086, 0.18804305791854858, 0.9508617520332336, 0.24597103893756866, 0.0029023203533142805, -0.2509755492210388, 0.9679890871047974], "cam_t_m2c": [29.83077621459961, -28.31601905822754, 1263.1085205078125], "obj_id": 1}, {"cam_R_m2c": [-0.74896240234375, 0.39266762137413025, -0.5337297320365906, -0.020660467445850372, -0.8189404010772705, -0.5735064744949341, -0.6622902750968933, -0.4185076951980591, 0.6214683055877686], "cam_t_m2c": [53.44734191894531, -369.7721252441406, 1207.16845703125], "obj_id": 3}, {"cam_R_m2c": [-0.9372104406356812, 0.33692699670791626, -0.09009116888046265, -0.018868759274482727, 0.20895352959632874, 0.9777434468269348, 0.348253071308136, 0.9180514216423035, -0.1894758641719818], "cam_t_m2c": [103.9655990600586, -137.8262939453125, 1088.568359375], "obj_id": 1}, {"cam_R_m2c": [-0.5642433166503906, 0.8246503472328186, -0.039765894412994385, -0.7519916296005249, -0.5332164764404297, -0.3875420093536377, -0.3407904803752899, -0.18876434862613678, 0.920993983745575], "cam_t_m2c": [228.14089965820312, 50.39164352416992, 1123.6654052734375], "obj_id": 3}, {"cam_R_m2c": [0.7356233596801758, -0.2862740457057953, 0.6139262318611145, -0.652633011341095, -0.5423072576522827, 0.5291247367858887, 0.18146198987960815, -0.7899050712585449, -0.5857657790184021], "cam_t_m2c": [244.05209350585938, -212.02133178710938, 984.5758666992188], "obj_id": 3}, {"cam_R_m2c": [-0.3577692210674286, -0.38650915026664734, 0.8500657081604004, 0.8842777013778687, 0.1523132622241974, 0.44142216444015503, -0.300089955329895, 0.9096214771270752, 0.28728851675987244], "cam_t_m2c": [225.91717529296875, -248.06039428710938, 1004.9977416992188], "obj_id": 1}, {"cam_R_m2c": [0.24531571567058563, -0.1500350534915924, -0.9577627778053284, 0.5494186878204346, -0.7924554347991943, 0.2648642063140869, -0.7987234592437744, -0.5911881327629089, -0.1