{
  "0": [{"cam_R_m2c": [0.7489330172538757, 0.6516851782798767, -0.1200236901640892, 0.6623198986053467, -0.7418619990348816, 0.10475198924541473, -0.020775696262717247, -0.15794630348682404, -0.98722904920578], "cam_t_m2c": [-120.18647766113281, 5411.921875, 3296.082275390625], "obj_id": 1}, {"cam_R_m2c": [-0.7917221784591675, 0.45444148778915405, 0.4082387089729309, -0.29426541924476624, 0.3019229769706726, -0.9067802429199219, -0.5353351831436157, -0.8380485773086548, -0.10531267523765564], "cam_t_m2c": [-111.016845703125, 5478.3623046875, 3259.703857421875], "obj_id": 1}, {"cam_R_m2c": [0.6248152256011963, -0.1728009730577469, -0.7614103555679321, 0.228273406624794, 0.9730204343795776, -0.03350383788347244, 0.7466573119163513, -0.15287603437900543, 0.6474038362503052], "cam_t_m2c": [-61.18782043457031, 5461.271484375, 3251.85107421875], "obj_id": 0}, {"cam_R_m2c": [-0.7819322347640991, 0.5410481095314026, -0.3095943331718445, -0.4410802721977234, -0.8311697840690613, -0.3385331928730011, -0.4404882490634918, -0.12815411388874054, 0.8885643482208252], "cam_t_m2c": [-87.09813690185547, 5420.77197265625, 3336.315185546875], "obj_id": 3}, {"cam_R_m2c": [-0.44753819704055786, 0.1575925499200821, -0.8802693486213684, 0.7994757890701294, 0.5115559697151184, -0.31487923860549927, 0.4006844162940979, -0.8446745276451111, -0.3549322485923767], "cam_t_m2c": [-62.70109939575195, 5431.3251953125, 3314.30712890625], "obj_id": 2}, {"cam_R_m2c": [0.39124777913093567, -0.1141267642378807, 0.9131814241409302, -0.43427422642707825, 0.851955235004425, 0.2925374209880829, -0.8113760352134705, -0.5110257863998413, 0.2837632894515991], "cam_t_m2c": [-96.31961822509766, 106.2850112915039, 773.8560180664062], "obj_id": 3}, {"cam_R_m2c": [-0.06907365471124649, -0.9734227061271667, -0.2183506041765213, -0.97980135679245, 0.1073688343167305, -0.1687045395374298, 0.18766488134860992, 0.20228718221187592, -0.9611772298812866], "cam_t_m2c": [-141.83509826660156, 149.30047607421875, 684.1456909179688], "obj_id": 2}, {"cam_R_m2c": [0.2898333668708801, 0.884548008441925, 0.3654743731021881, -0.7773773074150085, 0.44032469391822815, -0.4492201507091522, -0.5582841634750366, -0.1539124697446823, 0.8152482509613037], "cam_t_m2c": [-49.6562385559082, 140.6109619140625, 702.2680053710938], "obj_id": 2}, {"cam_R_m2c": [-0.24287095665931702, -0.9610976576805115, 0.13154879212379456, 0.6655368804931641, -0.26374873518943787, -0.6982101202011108, 0.7057439088821411, -0.08202435821294785, 0.7037027478218079], "cam_t_m2c": [-63.66643142700195, 101.5535888671875, 783.7235717773438], "obj_id": 0}, {"cam_R_m2c": [-0.4912576973438263, -0.07369419932365417, 0.8678910732269287, 0.5856504440307617, 0.7096074819564819, 0.3917534053325653, -0.6447319388389587, 0.7007327079772949, -0.30544108152389526], "cam_t_m2c": [-129.9427490234375, 126.12483215332031, 732.4793090820312], "obj_id": 3}, {"cam_R_m2c": [0.20812970399856567, 0.3980445861816406, 0.8934441804885864, -0.9313932061195374, -0.19824907183647156, 0.30529335141181946, 0.2986448407173157, -0.8956884741783142, 0.32947447896003723], "cam_t_m2c": [-161.0302276611328, 120.04999542236328, 745.1486206054688], "obj_id": 0}],
  "1": [{"cam_R_m2c": [-0.8023911714553833, -0.583279013633728, -0.1263088881969452, 0.47782739996910095, -0.5010797381401062, -0.7215261459350586, 0.35756024718284607, -0.6393000483512878, 0.6807687282562256], "cam_t_m2c": [86.5914535522461, 5263.49951171875, 3552.556884765625], "obj_id": 1}, {"cam_R_m2c": [0.6726661324501038, -0.6684224009513855, -0.3173826336860657, -0.6920098066329956, -0.4164075255393982, -0.5896839499473572, 0.2619974613189697, 0.6162922978401184, -0.7426580786705017], "cam_t_m2c": [61.801918029785156, 5276.853515625, 3623.471923828125], "obj_id": 1}, {"cam_R_m2c": [-0.45472174882888794, 0.022273918613791466, 0.8903549909591675, 0.7970547080039978, 0.4562443196773529, 0.39565762877464294, -0.39740657806396484, 0.889575719833374, -0.22521774470806122], "cam_t_m2c": [13.752416610717773, 5266.1220703125, 3603.1552734375], "obj_id": 0}, {"cam_R_m2c": [0.7017935514450073, -0.45946064591407776, 0.5444095730781555, -0.7066723108291626, -0.5455542206764221, 0.45053830742836, 0.09000030905008316, -0.7009040713310242, -0.7075545787811279], "cam_t_m2c": [63.034934997558594, 5304.26708984375, 3528.577392578125], "obj_id": 3}, {"cam_R_m2c": [0.4363226294517517, -0.4067157506942749, 0.8026236295700073, 0.7501538395881653, -0.32816195487976074, -0.5740893483161926, 0.496881902217865, 0.8525794148445129, 0.16191503405570984], "cam_t_m2c": [33.149940490722656, 5296.40869140625, 3543.941162109375], "obj_id": 2}, {"cam_R_m2c": [-0.5187329053878784, -0.1044701337814331, -0.8485292792320251, -0.8540266156196594, 0.1090913712978363, 0.5086624026298523, 0.03942713886499405, 0.9885266423225403, -0.14580947160720825], "cam_t_m2c": [68.62615966796875, 44.75554656982422, 855.0838012695312], "obj_id": 3}, {"cam_R_m2c": [0.2202329933643341, 0.9754325151443481, 0.005362879019230604, -0.46173062920570374, 0.10908925533294678, -0.8802865147590637, -0.8592451214790344, 0.19139191508293152, 0.4744121730327606], "cam_t_m2c": [86.82649993896484, -4.3702168464660645, 951.1324462890625], "obj_id": 2}, {"cam_R_m2c": [-0.3232691287994385, -0.9396128058433533, -0.11236010491847992, -0.8783802390098572, 0.25376835465431213, 0.40503057837486267, -0.3520585000514984, 0.2296288013458252, -0.907372772693634], "cam_t_m2c": [2.9960248470306396, 15.338722229003906, 912.5984497070312], "obj_id": 2}, {"cam_R_m2c": [0.3248608410358429, 0.9386927485466003, 0.11541800945997238, 0.9306454062461853, -0.33901095390319824, 0.1377338171005249, 0.16841772198677063, 0.06266892701387405, -0.9837214350700378], "cam_t_m2c": [39.92045593261719, 53.41903305053711, 838.1453247070312], "obj_id": 0}, {"cam_R_m2c": [0.2583930790424347, 0.15535034239292145, -0.9534669518470764, -0.20301835238933563, 0.973676323890686, 0.1036243662238121, 0.944466233253479, 0.16679547727108002, 0.2831301987171173], "cam_t_m2c": [89.22005462646484, 20.608205795288086, 902.2957153320312], "obj_id": 3}, {"cam_R_m2c": [-0.027022140100598335, -0.5714091658592224, -0.8202202320098877, -0.3126542270183563, -0.774522602558136, 0.5498743057250977, -0.9494825005531311, 0.2713041603565216, -0.15772411227226257], "cam_t_m2c": [122.88551330566406, 23.12233543395996, 897.3801879882812], "obj_id": 0}]
}