{
  "0": [{"cam_R_m2c": [0.8013270497322083, 0.054316092282533646, 0.5957555174827576, -0.4236767590045929, 0.7546022534370422, 0.5010722875595093, -0.4223421514034271, -0.6539306044578552, 0.6276956796646118], "cam_t_m2c": [18.514097213745117, -44.20991516113281, 418.2218933105469], "obj_id": 0}, {"cam_R_m2c": [-0.6260059475898743, 0.7270631790161133, 0.28195005655288696, -0.7501682043075562, -0.4627133011817932, -0.4723813831806183, -0.21298906207084656, -0.5072234869003296, 0.8350808620452881], "cam_t_m2c": [-49.170631408691406, -278.6445617675781, 433.37530517578125], "obj_id": 1}, {"cam_R_m2c": [-0.6233811974525452, 0.7664785385131836, 0.1546173393726349, 0.15216191112995148, 0.3128759562969208, -0.9375262260437012, -0.7669697403907776, -0.5609093308448792, -0.31166979670524597], "cam_t_m2c": [-75.21302795410156, -23.054655075073242, 212.68833923339844], "obj_id": 2}, {"cam_R_m2c": [-0.07183978706598282, -0.6210507154464722, -0.7804709672927856, 0.5595424771308899, 0.6226699948310852, -0.54698646068573, 0.8256822228431702, -0.47600212693214417, 0.30277183651924133], "cam_t_m2c": [225.6217498779297, 27.332738876342773, 190.38133239746094], "obj_id": 3}, {"cam_R_m2c": [-0.6195674538612366, -0.09692852944135666, -0.7789356708526611, 0.7839521765708923, -0.026559598743915558, -0.6202526688575745, 0.03943189978599548, -0.9949368238449097, 0.09244295209646225], "cam_t_m2c": [60.54409408569336, -215.19435119628906, 448.7725524902344], "obj_id": 0}, {"cam_R_m2c": [-0.3358394205570221, -0.798753023147583, -0.4992046654224396, -0.9287735819816589, 0.19258403778076172, 0.3166874051094055, -0.15681622922420502, 0.5700042843818665, -0.8065379858016968], "cam_t_m2c": [25.523723602294922, -256.15679931640625, 441.70074462890625], "obj_id": 1}, {"cam_R_m2c": [-0.31376469135284424, 0.21064625680446625, 0.9258400201797485, 0.06911642104387283, 0.9775611162185669, -0.19899041950702667, -0.9469817876815796, 0.0015545758651569486, -0.3212832808494568], "cam_t_m2c": [-99.82854461669922, -296.8158874511719, 383.503662109375], "obj_id": 2}, {"cam_R_m2c": [-0.5286157131195068, -0.8367620706558228, 0.14280934631824493, -0.4323326647281647, 0.12060996890068054, -0.8936115503311157, 0.7305160760879517, -0.5341183543205261, -0.4255158305168152], "cam_t_m2c": [159.13973999023438, -190.3883514404297, 428.70648193359375], "obj_id": 3}, {"cam_R_m2c": [-0.6111450791358948, 0.5752421617507935, -0.5436895489692688, 0.45521238446235657, -0.3064917325973511, -0.8359692692756653, -0.6475210785865784, -0.7583926320075989, -0.07454653084278107], "cam_t_m2c": [34.10331726074219, 24.791278839111328, 369.6762390136719], "obj_id": 0}, {"cam_R_m2c": [0.6859604120254517, 0.5838395953178406, -0.43426910042762756, -0.03639931231737137, -0.5685393214225769, -0.8218504190444946, -0.7267279028892517, 0.5795639157295227, -0.3687440752983093], "cam_t_m2c": [-78.82772827148438, -135.64585876464844, 404.4960021972656], "obj_id": 1}, {"cam_R_m2c": [-0.30456334352493286, -0.06608228385448456, -0.9501968026161194, -0.2605527639389038, 0.9653206467628479, 0.016380058601498604, 0.9161621332168579, 0.2525652050971985, -0.3112192153930664], "cam_t_m2c": [-121.06193542480469, -149.45980834960938, 391.90655517578125], "obj_id": 2}, {"cam_R_m2c": [-0.8151196837425232, -0.32213103771209717, -0.4814678728580475, -0.5787912607192993, 0.48744189739227295, 0.6537591218948364, 0.024091457948088646, 0.8115614056587219, -0.5837700963020325], "cam_t_m2c": [12.1015625, -180.79916381835938, 443.1014099121094], "obj_id": 3}, {"cam_R_m2c": [-0.05583665147423744, -0.13065579533576965, 0.989854097366333, -0.3802902400493622, 0.9194546937942505, 0.09991160780191422, -0.923180103302002, -0.37085315585136414, -0.10102639347314835], "cam_t_m2c": [11.5822172164917, -59.38981628417969, 319.7084045410156], "obj_id": 0}, {"cam_R_m2c": [-0.076382577419281, -0.49471795558929443, 0.865690290927887, 0.5425341725349426, -0.7490679621696472, -0.3802020251750946, 0.8365537524223328, 0.44062575697898865, 0.32561731338500977], "cam_t_m2c": [-24.341079711914062, -140.4127197265625, 427.3681945800781], "obj_id": 1}, {"cam_R_m2c": [0.6888976097106934, 0.015041157603263855, 0.7247025370597839, 0.6154404878616333, 0.5160632729530334, -0.5957446098327637, -0.38295304775238037, 0.8564183712005615, 0.3462578356266022], "cam_t_m2c": [-72.93913269042969, -65.43824768066406, 399.9493713378906], "obj_id": 2}, {"cam_R_m2c": [0.07896331697702408, 0.020025840029120445, -0.9966763854026794, 0.22001498937606812, 0.9747939109802246, 0.03701721504330635, 0.972295343875885, -0.2222067266702652, 0.07256697118282318], "cam_t_m2c": [133.60183715820312, -88.7589340209961, 212.62698364257812], "obj_id": 3}]
}