{
  "0": [{"cam_R_m2c": [0.8105268478393555, 0.4807044267654419, 0.3346184492111206, 0.5211944580078125, -0.8526080846786499, -0.03762366250157356, 0.26721256971359253, 0.20489630103111267, -0.9416022300720215], "cam_t_m2c": [-196.87681579589844, 99.2669677734375, 664.6039428710938], "obj_id": 2}, {"cam_R_m2c": [0.6235946416854858, -0.3925418555736542, 0.6760477423667908, 0.7579748630523682, 0.09196138381958008, -0.6457684636116028, 0.19132100045681, 0.9151250123977661, 0.3548835813999176], "cam_t_m2c": [-139.55255126953125, 109.78138732910156, 491.962158203125], "obj_id": 2}, {"cam_R_m2c": [0.46478837728500366, 0.17799653112888336, -0.867345929145813, -0.7824252843856812, -0.3759767711162567, -0.49643945693969727, -0.41446641087532043, 0.9093726873397827, -0.03548065945506096], "cam_t_m2c": [-308.1994934082031, 104.96293640136719, 574.7738037109375], "obj_id": 1}, {"cam_R_m2c": [0.3181508183479309, -0.39598700404167175, 0.8613792657852173, 0.9472314715385437, 0.09525692462921143, -0.3060695230960846, 0.0391472652554512, 0.9133018851280212, 0.4053975045681], "cam_t_m2c": [-241.166748046875, 160.74447631835938, 633.8305053710938], "obj_id": 1}, {"cam_R_m2c": [0.4750014543533325, -0.6701704263687134, -0.5703027844429016, 0.7537638545036316, 0.6442960500717163, -0.12931594252586365, 0.4541075527667999, -0.3684483468532562, 0.8111917972564697], "cam_t_m2c": [-334.2085876464844, 194.89837646484375, 623.4105224609375], "obj_id": 1}, {"cam_R_m2c": [-0.4195099174976349, 0.7638536095619202, 0.4904477000236511, 0.11795222759246826, -0.48983868956565857, 0.8637969493865967, 0.9000547528266907, 0.42022085189819336, 0.11539407074451447], "cam_t_m2c": [-369.23455810546875, 223.63323974609375, 505.7645568847656], "obj_id": 3}, {"cam_R_m2c": [0.6527942419052124, -0.7359271049499512, 0.17964106798171997, 0.6944614052772522, 0.4866369366645813, -0.5300074219703674, 0.3026268482208252, 0.47073957324028015, 0.8287467956542969], "cam_t_m2c": [-223.29293823242188, 98.88164520263672, 691.4365234375], "obj_id": 1}, {"cam_R_m2c": [0.7549577951431274, -0.3149804174900055, -0.5751747488975525, -0.5204119086265564, -0.8214460611343384, -0.23323270678520203, -0.39901137351989746, 0.475408673286438, -0.7840766906738281], "cam_t_m2c": [-348.5351867675781, 208.40811157226562, 694.2491455078125], "obj_id": 3}, {"cam_R_m2c": [-0.7453664541244507, 0.053221143782138824, -0.6645270586013794, 0.5027107000350952, 0.699558436870575, -0.5078384876251221, 0.437847763299942, -0.7125906944274902, -0.5481822490692139], "cam_t_m2c": [-325.11138916015625, 201.73167419433594, 561.6738891601562], "obj_id": 3}, {"cam_R_m2c": [-0.8552118539810181, -0.5103972554206848, 0.0900397002696991, -0.4197213053703308, 0.5801324844360352, -0.6980546116828918, 0.3040502369403839, -0.63477623462677, -0.7103607654571533], "cam_t_m2c": [-463.5545349121094, 213.27244567871094, 688.8009033203125], "obj_id": 1}, {"cam_R_m2c": [0.5185104012489319, 0.1653328835964203, -0.8389349579811096, 0.8353914022445679, 0.11133532226085663, 0.5382615923881531, 0.18239538371562958, -0.9799333214759827, -0.0803891196846962], "cam_t_m2c": [-289.8697204589844, 195.593505859375, 525.4611206054688], "obj_id": 1}, {"cam_R_m2c": [0.5520025491714478, -0.360320121049881, 0.751972496509552, 0.7175258994102478, -0.25416481494903564, -0.6485035419464111, 0.4247938096523285, 0.8975353240966797, 0.11823941767215729], "cam_t_m2c": [-240.16917419433594, 90.525146484375, 557.4284057617188], "obj_id": 0}, {"cam_R_m2c": [0.4275667667388916, 0.09294722974300385, -0.8991926312446594, -0.5355804562568665, 0.82737135887146, -0.1691455990076065, 0.7282445430755615, 0.553911030292511, 0.40353721380233765], "cam_t_m2c": [-302.3721618652344, 118.95272827148438, 763.8966064453125], "obj_id": 3}, {"cam_R_m2c": [-0.6549700498580933, 0.609988272190094, -0.4460139274597168, 0.3729622960090637, 0.7742860317230225, 0.5112535953521729, 0.6572010517120361, 0.16850943863391876, -0.7346367835998535], "cam_t_m2c": [-346.0000305175781, 137.37350463867188, 774.3330078125], "obj_id": 3}, {"cam_R_m2c": [0.4285057485103607, -0.8476805090904236, 0.3127628564834595, 0.8468145132064819, 0.2560587227344513, -0.4661963880062103, 0.31509995460510254, 0.4646199345588684, 0.8275507688522339], "cam_t_m2c": [-212.34671020507812, 63.1478271484375, 575.2086181640625], "obj_id": 0}, {"cam_R_m2c": [-0.30454516410827637, 0.7166367769241333, -0.6274422407150269, -0.6117998361587524, -0.6520566940307617, -0.44779762625694275, -0.7300362586975098, 0.2474944293498993, 0.6370192170143127], "cam_t_m2c": [-317.636962890625, 25.450437545776367, 957.31689453125], "obj_id": 1}, {"cam_R_m2c": [-0.4037311375141144, -0.7056664824485779, -0.5822679996490479, -0.6600710153579712, 0.6653680801391602, -0.3486998379230499, 0.6334882974624634, 0.24355724453926086, -0.7344198226928711], "cam_t_m2c": [-484.3553466796875, 241.235595703125, 667.9625854492188], "obj_id": 1}, {"cam_R_m2c": [-0.7661614418029785, 0.40662187337875366, -0.4976493716239929, 0.6412092447280884, 0.4319024980068207, -0.6342797875404358, -0.04297608509659767, -0.8050582408905029, -0.5916366577148438], "cam_t_m2c": [-356.0809326171875, 199.86106872558594, 670.0474243164062], "obj_id": 3}, {"cam_R_m2c": [-0.7521892189979553, 0.6582887172698975, -0.02944839373230934, 0.5151066780090332, 0.6152782440185547, 0.5967392921447754, 0.41094574332237244, 0.4336918592453003, -0.8018946051597595], "cam_t_m2c": [-268.8916015625, 126.20246124267578, 548.5797729492188], "obj_id": 3}, {"cam_R_m2c": [0.5105666518211365, 0.4498773515224457, -0.7327564358711243, 0.8014976382255554, 0.05955112725496292, 0.5950253009796143, 0.3113248646259308, -0.8911026120185852, -0.33017081022262573], "cam_t_m2c": [-677.8541870117188, 401.0624084472656, 753.7445068359375], "obj_id": 0}, {"cam_R_m2c": [0.30711817741394043, -0.49329859018325806, 0.8138396143913269, 0.5691342353820801, 0.7805953025817871, 0.2583741247653961, -0.7627349495887756, 0.3838326036930084, 0.5204881429672241], "cam_t_m2c": [-228.53628540039062, 125.56172943115234, 777.3279418945312], "obj_id": 1}, {"cam_R_m2c": [0.6267175078392029, -0.4463801681995392, 0.638725221157074, 0.7715045809745789, 0.24018403887748718, -0.5891453623771667, 0.10957124084234238, 0.8620071411132812, 0.49491190910339355], "cam_t_m2c": [-527.9705810546875, 117.12348937988281, 735.9472045898438], "obj_id": 0}, {"cam_R_m2c": [0.49511435627937317, -0.8137791156768799, -0.3043439984321594, 0.7778072357177734, 0.5712476968765259, -0.26209136843681335, 0.38714030385017395, -0.10695579648017883, 0.9157962799072266], "cam_t_m2c": [-448.779296875, 179.73422241210938, 955.9951782226562], "obj_id": 1}, {"cam_R_m2c": [-0.41733065247535706, -0.9061487913131714, 0.06877084076404572, -0.8510505557060242, 0.41624701023101807, 0.3200801908969879, -0.3186659514904022, 0.07505182921886444, -0.9448910355567932], "cam_t_m2c": [-311.85345458984375, 159.4494171142578, 534.7836303710938], "obj_id": 2}, {"cam_R_m2c": [-0.9523943066596985, 0.2241886407136917, -0.2066013067960739, -0.22519493103027344, -0.0605233870446682, 0.9724319577217102, 0.20550398528575897, 0.972664475440979, 0.10812851786613464], "cam_t_m2c": [-263.2246398925781, 103.35393524169922, 927.1377563476562], "obj_id": 1}, {"cam_R_m2c": [0.6078247427940369, -0.22302085161209106, 0.7621093988418579, 0.7890628576278687, 0.2772582769393921, -0.5481857657432556, -0.0890442505478859, 0.9345530867576599, 0.34450191259384155], "cam_t_m2c": [-191.0405731201172, 23.12628746032715, 790.938720703125], "obj_id": 1}, {"cam_R_m2c": [-0.4233171045780182, 0.8588762283325195, 0.28832972049713135, 0.08613640815019608, -0.278655081987381, 0.9565206170082092, 0.9018774628639221, 0.4297473132610321, 0.04397908225655556], "cam_t_m2c": [-416.5598449707031, 312.0955505371094, 687.9108276367188], "obj_id": 1}, {"cam_R_m2c": [-0.15712198615074158, 0.4155983030796051, -0.8958741426467896, -0.9222247004508972, 0.2627698481082916, 0.28364312648773193, 0.35329025983810425, 0.8707639575004578, 0.3419882357120514], "cam_t_m2c": [-307.60223388671875, 153.74305725097656, 853.38720703125], "obj_id": 0}],
  "1": [{"cam_R_m2c": [0.8105268478393555, 0.4807044267654419, 0.3346184492111206, 0.5211944580078125, -0.8526080846786499, -0.03762366250157356, 0.26721256971359253, 0.20489630103111267, -0.9416022300720215], "cam_t_m2c": [-196.87681579589844, 99.2669677734375, 664.6039428710938], "obj_id": 2}, {"cam_R_m2c": [0.6235946416854858, -0.3925418555736542, 0.6760477423667908, 0.7579748630523682, 0.09196138381958008, -0.6457684636116028, 0.19132100045681, 0.9151250123977661, 0.3548835813999176], "cam_t_m2c": [-139.55255126953125, 109.78138732910156, 491.962158203125], "obj_id": 2}, {"cam_R_m2c": [0.46478837728500366, 0.17799653112888336, -0.867345929145813, -0.7824252843856812, -0.3759767711162567, -0.49643945693969727, -0.41446641087532043, 0.9093726873397827, -0.03548065945506096], "cam_t_m2c": [-308.1994934082031, 104.96293640136719, 574.7738037109375], "obj_id": 1}, {"cam_R_m2c": [0.3181508183479309, -0.39598700404167175, 0.8613792657852173, 0.9472314715385437, 0.09525692462921143, -0.3060695230960846, 0.0391472652554512, 0.9133018851280212, 0.4053975045681], "cam_t_m2c": [-241.166748046875, 160.74447631835938, 633.8305053710938], "obj_id": 1}, {"cam_R_m2c": [0.4750014543533325, -0.6701704263687134, -0.5703027844429016, 0.7537638545036316, 0.6442960500717163, -0.12931594252586365, 0.4541075527667999, -0.3684483468532562, 0.8111917972564697], "cam_t_m2c": [-334.2085876464844, 194.89837646484375, 623.4105224609375], "obj_id": 1}, {"cam_R_m2c": [-0.4195099174976349, 0.7638536095619202, 0.4904477000236511, 0.11795222759246826, -0.48983868956565857, 0.8637969493865967, 0.9000547528266907, 0.42022085189819336, 0.11539407074451447], "cam_t_m2c": [-369.23455810546875, 223.63323974609375, 505.7645568847656], "obj_id": 3}, {"cam_R_m2c": [0.6527942419052124, -0.7359271049499512, 0.17964106798171997, 0.6944614052772522, 0.4866369366645813, -0.5300074219703674, 0.3026268482208252, 0.47073957324028015, 0.8287467956542969], "cam_t_m2c": [-223.29293823242188, 98.88164520263672, 691.4365234375], "obj_id": 1}, {"cam_R_m2c": [0.7549577951431274, -0.3149804174900055, -0.5751747488975525, -0.5204119086265564, -0.8214460611343384, -0.23323270678520203, -0.39901137351989746, 0.475408673286438, -0.7840766906738281], "cam_t_m2c": [-348.5351867675781, 208.40811157226562, 694.2491455078125], "obj_id": 3}, {"cam_R_m2c": [-0.7453664541244507, 0.053221143782138824, -0.6645270586013794, 0.5027107000350952, 0.699558436870575, -0.5078384876251221, 0.437847763299942, -0.7125906944274902, -0.5481822490692139], "cam_t_m2c": [-325.11138916015625, 201.73167419433594, 561.6738891601562], "obj_id": 3}, {"cam_R_m2c": [-0.8552118539810181, -0.5103972554206848, 0.0900397002696991, -0.4197213053703308, 0.5801324844360352, -0.6980546116828918, 0.3040502369403839, -0.63477623462677, -0.7103607654571533], "cam_t_m2c": [-463.5545349121094, 213.27244567871094, 688.8009033203125], "obj_id": 1}, {"cam_R_m2c": [0.5185104012489319, 0.1653328835964203, -0.8389349579811096, 0.8353914022445679, 0.11133532226085663, 0.5382615923881531, 0.18239538371562958, -0.9799333214759827, -0.0803891196846962], "cam_t_m2c": [-289.8697204589844, 195.593505859375, 525.4611206054688], "obj_id": 1}, {"cam_R_m2c": [0.5520025491714478, -0.360320121049881, 0.751972496509552, 0.7175258994102478, -0.25416481494903564, -0.6485035419464111, 0.4247938096523285, 0.8975353240966797, 0.11823941767215729], "cam_t_m2c": [-240.16917419433594, 90.525146484375, 557.4284057617188], "obj_id": 0}, {"cam_R_m2c": [0.4275667667388916, 0.09294722974300385, -0.8991926312446594, -0.5355804562568665, 0.82737135887146, -0.1691455990076065, 0.7282445430755615, 0.553911030292511, 0.40353721380233765], "cam_t_m2c": [-302.3721618652344, 118.95272827148438, 763.8966064453125], "obj_id": 3}, {"cam_R_m2c": [-0.6549700498580933, 0.609988272190094, -0.4460139274597168, 0.3729622960090637, 0.7742860317230225, 0.5112535953521729, 0.6572010517120361, 0.16850943863391876, -0.7346367835998535], "cam_t_m2c": [-346.0000305175781, 137.37350463867188, 774.3330078125], "obj_id": 3}, {"cam_R_m2c": [0.4285057485103607, -0.8476805090904236, 0.3127628564834595, 0.8468145132064819, 0.2560587227344513, -0.4661963880062103, 0.31509995460510254, 0.4646199345588684, 0.8275507688522339], "cam_t_m2c": [-212.34671020507812, 63.1478271484375, 575.2086181640625], "obj_id": 0}, {"cam_R_m2c": [-0.30454516410827637, 0.7166367769241333, -0.6274422407150269, -0.6117998361587524, -0.6520566940307617, -0.44779762625694275, -0.7300362586975098, 0.2474944293498993, 0.6370192170143127], "cam_t_m2c": [-317.636962890625, 25.450437545776367, 957.31689453125], "obj_id": 1}, {"cam_R_m2c": [-0.4037311375141144, -0.7056664824485779, -0.5822679996490479, -0.6600710153579712, 0.6653680801391602, -0.3486998379230499, 0.6334882974624634, 0.24355724453926086, -0.7344198226928711], "cam_t_m2c": [-484.3553466796875, 241.235595703125, 667.9625854492188], "obj_id": 1}, {"cam_R_m2c": [-0.7661614418029785, 0.40662187337875366, -0.4976493716239929, 0.6412092447280884, 0.4319024980068207, -0.6342797875404358, -0.04297608509659767, -0.8050582408905029, -0.5916366577148438], "cam_t_m2c": [-356.0809326171875, 199.86106872558594, 670.0474243164062], "obj_id": 3}, {"cam_R_m2c": [-0.7521892189979553, 0.6582887172698975, -0.02944839373230934, 0.5151066780090332, 0.6152782440185547, 0.5967392921447754, 0.41094574332237244, 0.4336918592453003, -0.8018946051597595], "cam_t_m2c": [-268.8916015625, 126.20246124267578, 548.5797729492188], "obj_id": 3}, {"cam_R_m2c": [0.5105666518211365, 0.4498773515224457, -0.7327564358711243, 0.8014976382255554, 0.05955112725496292, 0.5950253009796143, 0.3113248646259308, -0.8911026120185852, -0.33017081022262573], "cam_t_m2c": [-677.8541870117188, 401.0624084472656, 753.7445068359375], "obj_id": 0}, {"cam_R_m2c": [0.30711817741394043, -0.49329859018325806, 0.8138396143913269, 0.5691342353820801, 0.7805953025817871, 0.2583741247653961, -0.7627349495887756, 0.3838326036930084, 0.5204881429672241], "cam_t_m2c": [-228.53628540039062, 125.56172943115234, 777.3279418945312], "obj_id": 1}, {"cam_R_m2c": [0.6267175078392029, -0.4463801681995392, 0.638725221157074, 0.7715045809745789, 0.24018403887748718, -0.5891453623771667, 0.10957124084234238, 0.8620071411132812, 0.49491190910339355], "cam_t_m2c": [-527.9705810546875, 117.12348937988281, 735.9472045898438], "obj_id": 0}, {"cam_R_m2c": [0.49511435627937317, -0.8137791156768799, -0.3043439984321594, 0.7778072357177734, 0.5712476968765259, -0.26209136843681335, 0.38714030385017395, -0.10695579648017883, 0.9157962799072266], "cam_t_m2c": [-448.779296875, 179.73422241210938, 955.9951782226562], "obj_id": 1}, {"cam_R_m2c": [-0.41733065247535706, -0.9061487913131714, 0.06877084076404572, -0.8510505557060242, 0.41624701023101807, 0.3200801908969879, -0.3186659514904022, 0.07505182921886444, -0.9448910355567932], "cam_t_m2c": [-311.85345458984375, 159.4494171142578, 534.7836303710938], "obj_id": 2}, {"cam_R_m2c": [-0.9523943066596985, 0.2241886407136917, -0.2066013067960739, -0.22519493103027344, -0.0605233870446682, 0.9724319577217102, 0.20550398528575897, 0.972664475440979, 0.10812851786613464], "cam_t_m2c": [-263.2246398925781, 103.35393524169922, 927.1377563476562], "obj_id": 1}, {"cam_R_m2c": [0.6078247427940369, -0.22302085161209106, 0.7621093988418579, 0.7890628576278687, 0.2772582769393921, -0.5481857657432556, -0.0890442505478859, 0.9345530867576599, 0.34450191259384155], "cam_t_m2c": [-191.0405731201172, 23.12628746032715, 790.938720703125], "obj_id": 1}, {"cam_R_m2c": [-0.4233171045780182, 0.8588762283325195, 0.28832972049713135, 0.08613640815019608, -0.278655081987381, 0.9565206170082092, 0.9018774628639221, 0.4297473132610321, 0.04397908225655556], "cam_t_m2c": [-416.5598449707031, 312.0955505371094, 687.9108276367188], "obj_id": 1}, {"cam_R_m2c": [-0.15712198615074158, 0.4155983030796051, -0.8958741426467896, -0.9222247004508972, 0.2627698481082916, 0.28364312648773193, 0.35329025983810425, 0.8707639575004578, 0.3419882357120514], "cam_t_m2c": [-307.60223388671875, 153.74305725097656, 853.38720703125], "obj_id": 0}],
  "2": [{"cam_R_m2c": [0.8105268478393555, 0.4807044267654419, 0.3346184492111206, 0.5211944580078125, -0.8526080846786499, -0.03762366250157356, 0.26721256971359253, 0.20489630103111267, -0.9416022300720215], "cam_t_m2c": [-196.87681579589844, 99.2669677734375, 664.6039428710938], "obj_id": 2}, {"cam_R_m2c": [0.6235946416854858, -0.3925418555736542, 0.6760477423667908, 0.7579748630523682, 0.09196138381958008, -0.6457684636116028, 0.19132100045681, 0.9151250123977661, 0.3548835813999176], "cam_t_m2c": [-139.55255126953125, 109.78138732910156, 491.962158203125], "obj_id": 2}, {"cam_R_m2c": [0.46478837728500366, 0.17799653112888336, -0.867345929145813, -0.7824252843856812, -0.3759767711162567, -0.49643945693969727, -0.41446641087532043, 0.9093726873397827, -0.03548065945506096], "cam_t_m2c": [-308.1994934082031, 104.96293640136719, 574.7738037109375], "obj_id": 1}, {"cam_R_m2c": [0.3181508183479309, -0.39598700404167175, 0.8613792657852173, 0.9472314715385437, 0.09525692462921143, -0.3060695230960846, 0.0391472652554512, 0.9133018851280212, 0.4053975045681], "cam_t_m2c": [-241.166748046875, 160.74447631835938, 633.8305053710938], "obj_id": 1}, {"cam_R_m2c": [0.4750014543533325, -0.6701704263687134, -0.5703027844429016, 0.7537638545036316, 0.6442960500717163, -0.12931594252586365, 0.4541075527667999, -0.3684483468532562, 0.8111917972564697], "cam_t_m2c": [-334.2085876464844, 194.89837646484375, 623.4105224609375], "obj_id": 1}, {"cam_R_m2c": [-0.4195099174976349, 0.7638536095619202, 0.4904477000236511, 0.11795222759246826, -0.48983868956565857, 0.8637969493865967, 0.9000547528266907, 0.42022085189819336, 0.11539407074451447], "cam_t_m2c": [-369.23455810546875, 223.63323974609375, 505.7645568847656], "obj_id": 3}, {"cam_R_m2c": [0.6527942419052124, -0.7359271049499512, 0.17964106798171997, 0.6944614052772522, 0.4866369366645813, -0.5300074219703674, 0.3026268482208252, 0.47073957324028015, 0.8287467956542969], "cam_t_m2c": [-223.29293823242188, 98.88164520263672, 691.4365234375], "obj_id": 1}, {"cam_R_m2c": [0.7549577951431274, -0.3149804174900055, -0.5751747488975525, -0.5204119086265564, -0.8214460611343384, -0.23323270678520203, -0.39901137351989746, 0.475408673286438, -0.7840766906738281], "cam_t_m2c": [-348.5351867675781, 208.40811157226562, 694.2491455078125], "obj_id": 3}, {"cam_R_m2c": [-0.7453664541244507, 0.053221143782138824, -0.6645270586013794, 0.5027107000350952, 0.699558436870575, -0.5078384876251221, 0.437847763299942, -0.7125906944274902, -0.5481822490692139], "cam_t_m2c": [-325.11138916015625, 201.73167419433594, 561.6738891601562], "obj_id": 3}, {"cam_R_m2c": [-0.8552118539810181, -0.5103972554206848, 0.0900397002696991, -0.4197213053703308, 0.5801324844360352, -0.6980546116828918, 0.3040502369403839, -0.63477623462677, -0.7103607654571533], "cam_t_m2c": [-463.5545349121094, 213.27244567871094, 688.8009033203125], "obj_id": 1}, {"cam_R_m2c": [0.5185104012489319, 0.1653328835964203, -0.8389349579811096, 0.8353914022445679, 0.11133532226085663, 0.5382615923881531, 0.18239538371562958, -0.9799333214759827, -0.0803891196846962], "cam_t_m2c": [-289.8697204589844, 195.593505859375, 525.4611206054688], "obj_id": 1}, {"cam_R_m2c": [0.5520025491714478, -0.360320121049881, 0.751972496509552, 0.7175258994102478, -0.25416481494903564, -0.6485035419464111, 0.4247938096523285, 0.8975353240966797, 0.11823941767215729], "cam_t_m2c": [-240.16917419433594, 90.525146484375, 557.4284057617188], "obj_id": 0}, {"cam_R_m2c": [0.4275667667388916, 0.09294722974300385, -0.8991926312446594, -0.5355804562568665, 0.82737135887146, -0.1691455990076065, 0.7282445430755615, 0.553911030292511, 0.40353721380233765], "cam_t_m2c": [-302.3721618652344, 118.95272827148438, 763.8966064453125], "obj_id": 3}, {"cam_R_m2c": [-0.6549700498580933, 0.609988272190094, -0.4460139274597168, 0.3729622960090637, 0.7742860317230225, 0.5112535953521729, 0.6572010517120361, 0.16850943863391876, -0.7346367835998535], "cam_t_m2c": [-346.0000305175781, 137.37350463867188, 774.3330078125], "obj_id": 3}, {"cam_R_m2c": [0.4285057485103607, -0.8476805090904236, 0.3127628564834595, 0.8468145132064819, 0.2560587227344513, -0.4661963880062103, 0.31509995460510254, 0.4646199345588684, 0.8275507688522339], "cam_t_m2c": [-212.34671020507812, 63.1478271484375, 575.2086181640625], "obj_id": 0}, {"cam_R_m2c": [-0.30454516410827637, 0.7166367769241333, -0.6274422407150269, -0.6117998361587524, -0.6520566940307617, -0.44779762625694275, -0.7300362586975098, 0.2474944293498993, 0.6370192170143127], "cam_t_m2c": [-317.636962890625, 25.450437545776367, 957.31689453125], "obj_id": 1}, {"cam_R_m2c": [-0.4037311375141144, -0.7056664824485779, -0.5822679996490479, -0.6600710153579712, 0.6653680801391602, -0.3486998379230499, 0.6334882974624634, 0.24355724453926086, -0.7344198226928711], "cam_t_m2c": [-484.3553466796875, 241.235595703125, 667.9625854492188], "obj_id": 1}, {"cam_R_m2c": [-0.7661614418029785, 0.40662187337875366, -0.4976493716239929, 0.6412092447280884, 0.4319024980068207, -0.6342797875404358, -0.04297608509659767, -0.8050582408905029, -0.5916366577148438], "cam_t_m2c": [-356.0809326171875, 199.86106872558594, 670.0474243164062], "obj_id": 3}, {"cam_R_m2c": [-0.7521892189979553, 0.6582887172698975, -0.02944839373230934, 0.5151066780090332, 0.6152782440185547, 0.5967392921447754, 0.41094574332237244, 0.4336918592453003, -0.8018946051597595], "cam_t_m2c": [-268.8916015625, 126.20246124267578, 548.5797729492188], "obj_id": 3}, {"cam_R_m2c": [0.5105666518211365, 0.4498773515224457, -0.7327564358711243, 0.8014976382255554, 0.05955112725496292, 0.5950253009796143, 0.3113248646259308, -0.8911026120185852, -0.33017081022262573], "cam_t_m2c": [-677.8541870117188, 401.0624084472656, 753.7445068359375], "obj_id": 0}, {"cam_R_m2c": [0.30711817741394043, -0.49329859018325806, 0.8138396143913269, 0.5691342353820801, 0.7805953025817871, 0.2583741247653961, -0.7627349495887756, 0.3838326036930084, 0.5204881429672241], "cam_t_m2c": [-228.53628540039062, 125.56172943115234, 777.3279418945312], "obj_id": 1}, {"cam_R_m2c": [0.6267175078392029, -0.4463801681995392, 0.638725221157074, 0.7715045809745789, 0.24018403887748718, -0.5891453623771667, 0.10957124084234238, 0.8620071411132812, 0.49491190910339355], "cam_t_m2c": [-527.9705810546875, 117.12348937988281, 735.9472045898438], "obj_id": 0}, {"cam_R_m2c": [0.49511435627937317, -0.8137791156768799, -0.3043439984321594, 0.7778072357177734, 0.5712476968765259, -0.26209136843681335, 0.38714030385017395, -0.10695579648017883, 0.9157962799072266], "cam_t_m2c": [-448.779296875, 179.73422241210938, 955.9951782226562], "obj_id": 1}, {"cam_R_m2c": [-0.41733065247535706, -0.9061487913131714, 0.06877084076404572, -0.8510505557060242, 0.41624701023101807, 0.3200801908969879, -0.3186659514904022, 0.07505182921886444, -0.9448910355567932], "cam_t_m2c": [-311.85345458984375, 159.4494171142578, 534.7836303710938], "obj_id": 2}, {"cam_R_m2c": [-0.9523943066596985, 0.2241886407136917, -0.2066013067960739, -0.22519493103027344, -0.0605233870446682, 0.9724319577217102, 0.20550398528575897, 0.972664475440979, 0.10812851786613464], "cam_t_m2c": [-263.2246398925781, 103.35393524169922, 927.1377563476562], "obj_id": 1}, {"cam_R_m2c": [0.6078247427940369, -0.22302085161209106, 0.7621093988418579, 0.7890628576278687, 0.2772582769393921, -0.5481857657432556, -0.0890442505478859, 0.9345530867576599, 0.34450191259384155], "cam_t_m2c": [-191.0405731201172, 23.12628746032715, 790.938720703125], "obj_id": 1}, {"cam_R_m2c": [-0.4233171045780182, 0.8588762283325195, 0.28832972049713135, 0.08613640815019608, -0.278655081987381, 0.9565206170082092, 0.9018774628639221, 0.4297473132610321, 0.04397908225655556], "cam_t_m2c": [-416.5598449707031, 312.0955505371094, 687.9108276367188], "obj_id": 1}, {"cam_R_m2c": [-0.15712198615074158, 0.4155983030796051, -0.8958741426467896, -0.9222247004508972, 0.2627698481082916, 0.28364312648773193, 0.35329025983810425, 0.8707639575004578, 0.3419882357120514], "cam_t_m2c": [-307.60223388671875, 153.74305725097656, 853.38720703125], "obj_id": 0}]
}