{
  "0": [{"cam_R_m2c": [0.04649714007973671, 0.9481083750724792, -0.31452876329421997, -0.6006450057029724, 0.27812546491622925, 0.7495810389518738, 0.798162579536438, 0.15406681597232819, 0.5824087262153625], "cam_t_m2c": [4361.31005859375, -22155.017578125, -57738.703125], "obj_id": 1}, {"cam_R_m2c": [0.1521197110414505, 0.1393173336982727, 0.978493869304657, 0.33606916666030884, 0.9237354397773743, -0.18376721441745758, -0.9294714331626892, 0.3567962348461151, 0.09369809925556183], "cam_t_m2c": [-424.958251953125, 145.44578552246094, 1071.6068115234375], "obj_id": 1}, {"cam_R_m2c": [0.05766109749674797, 0.5924121737480164, -0.8035688400268555, 0.48707082867622375, 0.6859183311462402, 0.5406274199485779, 0.8714569211006165, -0.42256811261177063, -0.24899588525295258], "cam_t_m2c": [-457.7337646484375, 72.04479217529297, 875.3369750976562], "obj_id": 2}, {"cam_R_m2c": [-0.6298148036003113, -0.7118565440177917, -0.3107948899269104, -0.5184944272041321, 0.6832228899002075, -0.5141692757606506, 0.578356921672821, -0.16268602013587952, -0.7993975281715393], "cam_t_m2c": [-139.53843688964844, 67.73173522949219, 740.33740234375], "obj_id": 1}],
  "1": [{"cam_R_m2c": [0.2754574120044708, -0.937305212020874, 0.21349988877773285, 0.9536142349243164, 0.29447898268699646, 0.06246642768383026, -0.12142133712768555, 0.18638968467712402, 0.974943995475769], "cam_t_m2c": [-9911.66015625, -38172.6875, -47817.4140625], "obj_id": 1}, {"cam_R_m2c": [-0.4185851514339447, -0.30590182542800903, -0.8551084995269775, -0.8864482641220093, -0.0671149343252182, 0.457935631275177, -0.19747388362884521, 0.9496945142745972, -0.24307285249233246], "cam_t_m2c": [417.74151611328125, 40.90321731567383, 1293.93115234375], "obj_id": 1}, {"cam_R_m2c": [-0.009873039089143276, -0.8256050944328308, 0.564162015914917, 0.5357770919799805, -0.4807370901107788, -0.6941431760787964, 0.8443017601966858, 0.2954117953777313, 0.4470866024494171], "cam_t_m2c": [428.905029296875, -102.06424713134766, 1137.0892333984375], "obj_id": 2}, {"cam_R_m2c": [0.8474498391151428, 0.45697540044784546, 0.27018922567367554, 0.5263376832008362, -0.6568435430526733, -0.5399307012557983, -0.06926298141479492, 0.599774956703186, -0.7971653342247009], "cam_t_m2c": [103.00540924072266, -117.28060150146484, 1023.1962280273438], "obj_id": 1}]
}