{
  "0": [{"cam_R_m2c": [-0.27777114510536194, -0.6502270698547363, -0.7071406245231628, 0.9298079013824463, 0.0030404641292989254, -0.3680325746536255, 0.24145476520061493, -0.7597337961196899, 0.6037417650222778], "cam_t_m2c": [168.71096801757812, 315.1263732910156, 525.162841796875], "obj_id": 0}, {"cam_R_m2c": [0.3571794033050537, 0.8928210139274597, 0.2743965983390808, 0.36975008249282837, -0.4049316346645355, 0.8362507224082947, 0.8577340841293335, -0.1972333788871765, -0.4747539162635803], "cam_t_m2c": [218.75892639160156, 338.654052734375, 730.8682861328125], "obj_id": 0}, {"cam_R_m2c": [0.14622850716114044, 0.9205881953239441, -0.3621247708797455, -0.2463354915380478, -0.3206433951854706, -0.9146071672439575, -0.9580896496772766, 0.22294571995735168, 0.17988653481006622], "cam_t_m2c": [343.1701965332031, 450.9220886230469, 702.1549072265625], "obj_id": 0}],
  "1": [{"cam_R_m2c": [0.2511287331581116, 0.9254040122032166, 0.28383398056030273, 0.21366052329540253, -0.3389940857887268, 0.9162052869796753, 0.9440781474113464, -0.169441357254982, -0.28285345435142517], "cam_t_m2c": [103.14925384521484, -508.1890869140625, 956.7451782226562], "obj_id": 0}, {"cam_R_m2c": [-0.666820764541626, -0.7391922473907471, 0.09457655251026154, 0.5141302943229675, -0.5481946468353271, -0.6596608757972717, 0.5394626259803772, -0.39125096797943115, 0.7455888390541077], "cam_t_m2c": [-34.266754150390625, -358.5152893066406, 1020.3926391601562], "obj_id": 0}, {"cam_R_m2c": [0.291300505399704, -0.9502272009849548, 0.11050834506750107, -0.8629542589187622, -0.21116074919700623, 0.45904335379600525, -0.4128605127334595, -0.22908318042755127, -0.8815138936042786], "cam_t_m2c": [-114.48766326904297, -459.4504699707031, 1130.912841796875], "obj_id": 0}]
}