{
  "0": [{"cam_R_m2c": [-0.1679697483778, -0.4456401467323303, -0.8793127536773682, 0.23044738173484802, 0.8495203256607056, -0.4745621383190155, 0.9584779739379883, -0.2823474407196045, -0.03999710455536842], "cam_t_m2c": [243.53829956054688, -71.72333526611328, 1056.491943359375], "obj_id": 3}, {"cam_R_m2c": [0.9205815196037292, 0.2284211665391922, 0.31678617000579834, 0.3777981400489807, -0.31525668501853943, -0.8705640435218811, -0.09898629039525986, 0.9211063981056213, -0.37651655077934265], "cam_t_m2c": [251.12136840820312, -300.130615234375, 1143.0870361328125], "obj_id": 0}, {"cam_R_m2c": [-0.3226395845413208, 0.6882489323616028, -0.6497822999954224, -0.603692889213562, -0.6783686876296997, -0.41877296566963196, -0.7290120124816895, 0.25715622305870056, 0.63435959815979], "cam_t_m2c": [-42.566410064697266, -203.82984924316406, 1164.693115234375], "obj_id": 3}],
  "1": [{"cam_R_m2c": [-0.25370779633522034, -0.9672449231147766, -0.00833684578537941, 0.14699958264827728, -0.030036257579922676, -0.988680362701416, 0.9560456871986389, -0.25206148624420166, 0.14980511367321014], "cam_t_m2c": [182.09234619140625, 187.7676239013672, 980.8684692382812], "obj_id": 3}, {"cam_R_m2c": [0.10876628011465073, 0.4139692783355713, 0.9037694334983826, 0.9516246318817139, 0.21946297585964203, -0.2150498926639557, -0.28736793994903564, 0.8834394812583923, -0.3700731694698334], "cam_t_m2c": [388.492431640625, 101.58367156982422, 1079.4873046875], "obj_id": 0}, {"cam_R_m2c": [0.35171276330947876, 0.933211088180542, 0.0735875740647316, -0.7028607130050659, 0.3151817321777344, -0.6376889944076538, -0.6182919144630432, 0.17256152629852295, 0.7667708992958069], "cam_t_m2c": [163.5016632080078, -100.39254760742188, 1147.3302001953125], "obj_id": 3}]
}