{
  "0": [{"cam_R_m2c": [0.2655509114265442, 0.3728353679180145, -0.8890874981880188, 0.964070200920105, -0.1095491424202919, 0.24200764298439026, -0.007169731892645359, -0.9214080572128296, -0.3885303735733032], "cam_t_m2c": [6787.6650390625, 10733.2216796875, 13532.349609375], "obj_id": 0}, {"cam_R_m2c": [-0.057172372937202454, -0.1005905270576477, 0.9932838678359985, 0.8343783617019653, 0.5415086150169373, 0.10286489874124527, -0.5482189655303955, 0.8346555829048157, 0.052971240133047104], "cam_t_m2c": [416.09063720703125, 88.59133911132812, 1059.831787109375], "obj_id": 2}, {"cam_R_m2c": [-0.5925164222717285, 0.23467707633972168, -0.7706173062324524, -0.0341416597366333, -0.9630812406539917, -0.2670373320579529, -0.8048345446586609, -0.13191385567188263, 0.5786536931991577], "cam_t_m2c": [7101.0712890625, 10641.9404296875, 13548.47265625], "obj_id": 3}],
  "1": [{"cam_R_m2c": [0.1155930832028389, 0.2191942185163498, -0.9688096046447754, 0.9181401133537292, 0.3485937714576721, 0.18841713666915894, 0.37902092933654785, -0.9112827181816101, -0.16095595061779022], "cam_t_m2c": [7201.55126953125, 5968.15771484375, 15896.173828125], "obj_id": 0}, {"cam_R_m2c": [-0.2735329866409302, -0.0326620489358902, 0.9613078236579895, 0.9527696371078491, 0.12789690494537354, 0.27544912695884705, -0.1319449543952942, 0.9912494421005249, -0.003864523721858859], "cam_t_m2c": [396.76239013671875, 154.25991821289062, 751.5244750976562], "obj_id": 2}, {"cam_R_m2c": [-0.7116901874542236, 0.3472241759300232, -0.6106818318367004, 0.17004017531871796, -0.7583089470863342, -0.6293280124664307, -0.6816034317016602, -0.5517270565032959, 0.48063910007476807], "cam_t_m2c": [7522.9736328125, 5944.9033203125, 15841.939453125], "obj_id": 3}]
}