{
  "0": [{"cam_R_m2c": [0.05345397815108299, 0.33994749188423157, 0.9389239549636841, 0.9928293228149414, -0.11877238750457764, -0.01351990643888712, 0.10692229121923447, 0.9329140186309814, -0.34385862946510315], "cam_t_m2c": [-11.222206115722656, -251.32229614257812, 687.9771118164062], "obj_id": 3}, {"cam_R_m2c": [0.40240317583084106, -0.8846478462219238, -0.23552049696445465, 0.6220489740371704, 0.07547146826982498, 0.7793325185775757, -0.6716597676277161, -0.46011117100715637, 0.5806642174720764], "cam_t_m2c": [-139.62562561035156, 65.02617645263672, 776.3998413085938], "obj_id": 1}, {"cam_R_m2c": [-0.728015124797821, 0.018327198922634125, 0.6853161454200745, -0.6050361394882202, 0.45289045572280884, -0.6548447012901306, -0.3223746120929718, -0.8913778066635132, -0.31862252950668335], "cam_t_m2c": [-330.10321044921875, 103.01536560058594, 693.6142578125], "obj_id": 3}, {"cam_R_m2c": [0.8937968611717224, -0.24519897997379303, 0.37550583481788635, -0.44722887873649597, -0.4250222146511078, 0.7869831323623657, -0.03336915001273155, -0.8713401556015015, -0.4895435869693756], "cam_t_m2c": [-269.1786804199219, 11.747540473937988, 658.2184448242188], "obj_id": 2}],
  "1": [{"cam_R_m2c": [0.15834146738052368, -0.8582642674446106, -0.48817047476768494, 0.7194664478302002, 0.43889743089675903, -0.5382722616195679, 0.676236629486084, -0.2659914791584015, 0.6869880557060242], "cam_t_m2c": [30.489988327026367, -262.03363037109375, 821.4277954101562], "obj_id": 3}, {"cam_R_m2c": [0.280533105134964, 0.9595404863357544, 0.02415013499557972, -0.162423238158226, 0.022658690810203552, 0.9864609837532043, 0.9460020661354065, -0.2806575298309326, 0.1622081845998764], "cam_t_m2c": [155.3858642578125, 50.09370422363281, 928.7559204101562], "obj_id": 1}, {"cam_R_m2c": [0.577700674533844, 0.6557556986808777, -0.48605191707611084, -0.39019304513931274, -0.3011666536331177, -0.8700851202011108, -0.7169458270072937, 0.6923028230667114, 0.08188711851835251], "cam_t_m2c": [357.6694030761719, 80.36903381347656, 876.6203002929688], "obj_id": 3}, {"cam_R_m2c": [-0.7611861228942871, 0.6055600643157959, 0.23214751482009888, -0.6057982444763184, -0.7917038202285767, 0.07882482558488846, 0.231525257229805, -0.08063419908285141, 0.9694814085960388], "cam_t_m2c": [310.0732116699219, -23.663589477539062, 864.1212158203125], "obj_id": 2}]
}