{
  "0": [{"cam_R_m2c": [-0.3250448703765869, -0.934503972530365, 0.14507882297039032, -0.28648948669433594, -0.04889695346355438, -0.9568347334861755, 0.9012598395347595, -0.35257789492607117, -0.2518317401409149], "cam_t_m2c": [-3.024034023284912, -62.805606842041016, 894.49072265625], "obj_id": 2}, {"cam_R_m2c": [-0.3250448703765869, -0.934503972530365, 0.14507882297039032, -0.28648948669433594, -0.04889695346355438, -0.9568347334861755, 0.9012598395347595, -0.35257789492607117, -0.2518317401409149], "cam_t_m2c": [-3.024034023284912, -62.805606842041016, 894.49072265625], "obj_id": 0}, {"cam_R_m2c": [-0.3250448703765869, -0.934503972530365, 0.14507882297039032, -0.28648948669433594, -0.04889695346355438, -0.9568347334861755, 0.9012598395347595, -0.35257789492607117, -0.2518317401409149], "cam_t_m2c": [-3.024034023284912, -62.805606842041016, 894.49072265625], "obj_id": 1}, {"cam_R_m2c": [-0.3250448703765869, -0.934503972530365, 0.14507882297039032, -0.28648948669433594, -0.04889695346355438, -0.9568347334861755, 0.9012598395347595, -0.35257789492607117, -0.2518317401409149], "cam_t_m2c": [-3.024034023284912, -62.805606842041016, 894.49072265625], "obj_id": 1}, {"cam_R_m2c": [-0.3250448703765869, -0.934503972530365, 0.14507882297039032, -0.28648948669433594, -0.04889695346355438, -0.9568347334861755, 0.9012598395347595, -0.35257789492607117, -0.2518317401409149], "cam_t_m2c": [-3.024034023284912, -62.805606842041016, 894.49072265625], "obj_id": 2}, {"cam_R_m2c": [-0.3250448703765869, -0.934503972530365, 0.14507882297039032, -0.28648948669433594, -0.04889695346355438, -0.9568347334861755, 0.9012598395347595, -0.35257789492607117, -0.2518317401409149], "cam_t_m2c": [-3.024034023284912, -62.805606842041016, 894.49072265625], "obj_id": 2}, {"cam_R_m2c": [-0.3250448703765869, -0.934503972530365, 0.14507882297039032, -0.28648948669433594, -0.04889695346355438, -0.9568347334861755, 0.9012598395347595, -0.35257789492607117, -0.2518317401409149], "cam_t_m2c": [-3.024034023284912, -62.805606842041016, 894.49072265625], "obj_id": 2}, {"cam_R_m2c": [-0.3250448703765869, -0.934503972530365, 0.14507882297039032, -0.28648948669433594, -0.04889695346355438, -0.9568347334861755, 0.9012598395347595, -0.35257789492607117, -0.2518317401409149], "cam_t_m2c": [-3.024034023284912, -62.805606842041016, 894.49072265625], "obj_id": 3}, {"cam_R_m2c": [-0.3250448703765869, -0.934503972530365, 0.14507882297039032, -0.28648948669433594, -0.04889695346355438, -0.9568347334861755, 0.9012598395347595, -0.35257789492607117, -0.2518317401409149], "cam_t_m2c": [-3.024034023284912, -62.805606842041016, 894.49072265625], "obj_id": 2}, {"cam_R_m2c": [-0.3250448703765869, -0.934503972530365, 0.14507882297039032, -0.28648948669433594, -0.04889695346355438, -0.9568347334861755, 0.9012598395347595, -0.35257789492607117, -0.2518317401409149], "cam_t_m2c": [-3.024034023284912, -62.805606842041016, 894.49072265625], "obj_id": 2}, {"cam_R_m2c": [-0.3250448703765869, -0.934503972530365, 0.14507882297039032, -0.28648948669433594, -0.04889695346355438, -0.9568347334861755, 0.9012598395347595, -0.35257789492607117, -0.2518317401409149], "cam_t_m2c": [-3.024034023284912, -62.805606842041016, 894.49072265625], "obj_id": 0}, {"cam_R_m2c": [-0.3250448703765869, -0.934503972530365, 0.14507882297039032, -0.28648948669433594, -0.04889695346355438, -0.9568347334861755, 0.9012598395347595, -0.35257789492607117, -0.2518317401409149], "cam_t_m2c": [-3.024034023284912, -62.805606842041016, 894.49072265625], "obj_id": 0}, {"cam_R_m2c": [0.18791884183883667, -0.7564347386360168, 0.6264926195144653, -0.9562409520149231, 0.004732384346425533, 0.29254207015037537, -0.22425377368927002, -0.6540520191192627, -0.7224445939064026], "cam_t_m2c": [-272.92498779296875, -137.67703247070312, 895.9856567382812], "obj_id": 1}, {"cam_R_m2c": [-0.21365059912204742, -0.9214073419570923, 0.3245946168899536, -0.9244161248207092, 0.29813623428344727, 0.2378433495759964, -0.3159240186214447, -0.24924513697624207, -0.9154608249664307], "cam_t_m2c": [30.666719436645508, -94.78001403808594, 907.8961181640625], "obj_id": 2}, {"cam_R_m2c": [0.38189488649368286, 0.4823324680328369, -0.788360059261322, -0.9238654971122742, 0.22237595915794373, -0.3114824593067169, 0.025074146687984467, 0.8472922444343567, 0.5305346846580505], "cam_t_m2c": [-61.81240463256836, -46.20415496826172, 670.055419921875], "obj_id": 3}, {"cam_R_m2c": [0.9122434854507446, 0.31665802001953125, -0.2598835825920105, 0.27592408657073975, -0.006063781213015318, 0.9611602425575256, 0.30278322100639343, -0.948520302772522, -0.09290522336959839], "cam_t_m2c": [-27.55344581604004, -15.717992782592773, 646.7609252929688], "obj_id": 4}],
  "1": [{"cam_R_m2c": [-0.3250448703765869, -0.934503972530365, 0.14507882297039032, -0.28648948669433594, -0.04889695346355438, -0.9568347334861755, 0.9012598395347595, -0.35257789492607117, -0.2518317401409149], "cam_t_m2c": [-3.024034023284912, -62.805606842041016, 894.49072265625], "obj_id": 2}, {"cam_R_m2c": [-0.3250448703765869, -0.934503972530365, 0.14507882297039032, -0.28648948669433594, -0.04889695346355438, -0.9568347334861755, 0.9012598395347595, -0.35257789492607117, -0.2518317401409149], "cam_t_m2c": [-3.024034023284912, -62.805606842041016, 894.49072265625], "obj_id": 0}, {"cam_R_m2c": [-0.3250448703765869, -0.934503972530365, 0.14507882297039032, -0.28648948669433594, -0.04889695346355438, -0.9568347334861755, 0.9012598395347595, -0.35257789492607117, -0.2518317401409149], "cam_t_m2c": [-3.024034023284912, -62.805606842041016, 894.49072265625], "obj_id": 1}, {"cam_R_m2c": [-0.3250448703765869, -0.934503972530365, 0.14507882297039032, -0.28648948669433594, -0.04889695346355438, -0.9568347334861755, 0.9012598395347595, -0.35257789492607117, -0.2518317401409149], "cam_t_m2c": [-3.024034023284912, -62.805606842041016, 894.49072265625], "obj_id": 1}, {"cam_R_m2c": [-0.3250448703765869, -0.934503972530365, 0.14507882297039032, -0.28648948669433594, -0.04889695346355438, -0.9568347334861755, 0.9012598395347595, -0.35257789492607117, -0.2518317401409149], "cam_t_m2c": [-3.024034023284912, -62.805606842041016, 894.49072265625], "obj_id": 2}, {"cam_R_m2c": [-0.3250448703765869, -0.934503972530365, 0.14507882297039032, -0.28648948669433594, -0.04889695346355438, -0.9568347334861755, 0.9012598395347595, -0.35257789492607117, -0.2518317401409149], "cam_t_m2c": [-3.024034023284912, -62.805606842041016, 894.49072265625], "obj_id": 2}, {"cam_R_m2c": [-0.3250448703765869, -0.934503972530365, 0.14507882297039032, -0.28648948669433594, -0.04889695346355438, -0.9568347334861755, 0.9012598395347595, -0.35257789492607117, -0.2518317401409149], "cam_t_m2c": [-3.024034023284912, -62.805606842041016, 894.49072265625], "obj_id": 2}, {"cam_R_m2c": [-0.3250448703765869, -0.934503972530365, 0.14507882297039032, -0.28648948669433594, -0.04889695346355438, -0.9568347334861755, 0.9012598395347595, -0.35257789492607117, -0.2518317401409149], "cam_t_m2c": [-3.024034023284912, -62.805606842041016, 894.49072265625], "obj_id": 3}, {"cam_R_m2c": [-0.3250448703765869, -0.934503972530365, 0.14507882297039032, -0.28648948669433594, -0.04889695346355438, -0.9568347334861755, 0.9012598395347595, -0.35257789492607117, -0.2518317401409149], "cam_t_m2c": [-3.024034023284912, -62.805606842041016, 894.49072265625], "obj_id": 2}, {"cam_R_m2c": [-0.3250448703765869, -0.934503972530365, 0.14507882297039032, -0.28648948669433594, -0.04889695346355438, -0.9568347334861755, 0.9012598395347595, -0.35257789492607117, -0.2518317401409149], "cam_t_m2c": [-3.024034023284912, -62.805606842041016, 894.49072265625], "obj_id": 2}, {"cam_R_m2c": [-0.3250448703765869, -0.934503972530365, 0.14507882297039032, -0.28648948669433594, -0.04889695346355438, -0.9568347334861755, 0.9012598395347595, -0.35257789492607117, -0.2518317401409149], "cam_t_m2c": [-3.024034023284912, -62.805606842041016, 894.49072265625], "obj_id": 0}, {"cam_R_m2c": [-0.3250448703765869, -0.934503972530365, 0.14507882297039032, -0.28648948669433594, -0.04889695346355438, -0.9568347334861755, 0.9012598395347595, -0.35257789492607117, -0.2518317401409149], "cam_t_m2c": [-3.024034023284912, -62.805606842041016, 894.49072265625], "obj_id": 0}, {"cam_R_m2c": [0.18791884183883667, -0.7564347386360168, 0.6264926195144653, -0.9562409520149231, 0.004732384346425533, 0.29254207015037537, -0.22425377368927002, -0.6540520191192627, -0.7224445939064026], "cam_t_m2c": [-272.92498779296875, -137.67703247070312, 895.9856567382812], "obj_id": 1}, {"cam_R_m2c": [-0.21365059912204742, -0.9214073419570923, 0.3245946168899536, -0.9244161248207092, 0.29813623428344727, 0.2378433495759964, -0.3159240186214447, -0.24924513697624207, -0.9154608249664307], "cam_t_m2c": [30.666719436645508, -94.78001403808594, 907.8961181640625], "obj_id": 2}, {"cam_R_m2c": [0.38189488649368286, 0.4823324680328369, -0.788360059261322, -0.9238654971122742, 0.22237595915794373, -0.3114824593067169, 0.025074146687984467, 0.8472922444343567, 0.5305346846580505], "cam_t_m2c": [-61.81240463256836, -46.20415496826172, 670.055419921875], "obj_id": 3}, {"cam_R_m2c": [0.9122434854507446, 0.31665802001953125, -0.2598835825920105, 0.27592408657073975, -0.006063781213015318, 0.9611602425575256, 0.30278322100639343, -0.948520302772522, -0.09290522336959839], "cam_t_m2c": [-27.55344581604004, -15.717992782592773, 646.7609252929688], "obj_id": 4}],
  "2": [{"cam_R_m2c": [-0.9689690470695496, -0.21269050240516663, -0.12594352662563324, -0.011474733240902424, 0.547672688961029, -0.8366140127182007, 0.24691568315029144, -0.8092078566551208, -0.5331184267997742], "cam_t_m2c": [-224.84439086914062, -46.83604431152344, 918.1073608398438], "obj_id": 2}, {"cam_R_m2c": [-0.9689690470695496, -0.21269050240516663, -0.12594352662563324, -0.011474733240902424, 0.547672688961029, -0.8366140127182007, 0.24691568315029144, -0.8092078566551208, -0.5331184267997742], "cam_t_m2c": [-224.84439086914062, -46.83604431152344, 918.1073608398438], "obj_id": 0}, {"cam_R_m2c": [-0.9689690470695496, -0.21269050240516663, -0.12594352662563324, -0.011474733240902424, 0.547672688961029, -0.8366140127182007, 0.24691568315029144, -0.8092078566551208, -0.5331184267997742], "cam_t_m2c": [-224.84439086914062, -46.83604431152344, 918.1073608398438], "obj_id": 1}, {"cam_R_m2c": [-0.9689690470695496, -0.21269050240516663, -0.12594352662563324, -0.011474733240902424, 0.547672688961029, -0.8366140127182007, 0.24691568315029144, -0.8092078566551208, -0.5331184267997742], "cam_t_m2c": [-224.84439086914062, -46.83604431152344, 918.1073608398438], "obj_id": 1}, {"cam_R_m2c": [-0.9689690470695496, -0.21269050240516663, -0.12594352662563324, -0.011474733240902424, 0.547672688961029, -0.8366140127182007, 0.24691568315029144, -0.8092078566551208, -0.5331184267997742], "cam_t_m2c": [-224.84439086914062, -46.83604431152344, 918.1073608398438], "obj_id": 2}, {"cam_R_m2c": [-0.9689690470695496, -0.21269050240516663, -0.12594352662563324, -0.011474733240902424, 0.547672688961029, -0.8366140127182007, 0.24691568315029144, -0.8092078566551208, -0.5331184267997742], "cam_t_m2c": [-224.84439086914062, -46.83604431152344, 918.1073608398438], "obj_id": 2}, {"cam_R_m2c": [-0.9689690470695496, -0.21269050240516663, -0.12594352662563324, -0.011474733240902424, 0.547672688961029, -0.8366140127182007, 0.24691568315029144, -0.8092078566551208, -0.5331184267997742], "cam_t_m2c": [-224.84439086914062, -46.83604431152344, 918.1073608398438], "obj_id": 2}, {"cam_R_m2c": [-0.9689690470695496, -0.21269050240516663, -0.12594352662563324, -0.011474733240902424, 0.547672688961029, -0.8366140127182007, 0.24691568315029144, -0.8092078566551208, -0.5331184267997742], "cam_t_m2c": [-224.84439086914062, -46.83604431152344, 918.1073608398438], "obj_id": 3}, {"cam_R_m2c": [-0.9689690470695496, -0.21269050240516663, -0.12594352662563324, -0.011474733240902424, 0.547672688961029, -0.8366140127182007, 0.24691568315029144, -0.8092078566551208, -0.5331184267997742], "cam_t_m2c": [-224.84439086914062, -46.83604431152344, 918.1073608398438], "obj_id": 2}, {"cam_R_m2c": [-0.9689690470695496, -0.21269050240516663, -0.12594352662563324, -0.011474733240902424, 0.547672688961029, -0.8366140127182007, 0.24691568315029144, -0.8092078566551208, -0.5331184267997742], "cam_t_m2c": [-224.84439086914062, -46.83604431152344, 918.1073608398438], "obj_id": 2}, {"cam_R_m2c": [-0.9689690470695496, -0.21269050240516663, -0.12594352662563324, -0.011474733240902424, 0.547672688961029, -0.8366140127182007, 0.24691568315029144, -0.8092078566551208, -0.5331184267997742], "cam_t_m2c": [-224.84439086914062, -46.83604431152344, 918.1073608398438], "obj_id": 0}, {"cam_R_m2c": [-0.9689690470695496, -0.21269050240516663, -0.12594352662563324, -0.011474733240902424, 0.547672688961029, -0.8366140127182007, 0.24691568315029144, -0.8092078566551208, -0.5331184267997742], "cam_t_m2c": [-224.84439086914062, -46.83604431152344, 918.1073608398438], "obj_id": 0}, {"cam_R_m2c": [-0.12561707198619843, 0.12854740023612976, 0.9837153553962708, -0.8629181385040283, 0.47507330775260925, -0.17227205634117126, -0.489482045173645, -0.8705061674118042, 0.051248565316200256], "cam_t_m2c": [-390.2974853515625, 64.88752746582031, 721.6446533203125], "obj_id": 1}, {"cam_R_m2c": [-0.24129951000213623, -0.14364993572235107, 0.9597600102424622, -0.5860875248908997, 0.8098258972167969, -0.026143206283450127, -0.7734829783439636, -0.5688117146492004, -0.2796020209789276], "cam_t_m2c": [-231.49053955078125, -92.78985595703125, 931.5687255859375], "obj_id": 2}, {"cam_R_m2c": [-0.2074180394411087, -0.31971070170402527, -0.9245337247848511, -0.958052933216095, -0.12467445433139801, 0.2580515444278717, -0.1977677047252655, 0.939276933670044, -0.28043991327285767], "cam_t_m2c": [-75.14009094238281, 1.4411396980285645, 746.7574462890625], "obj_id": 3}, {"cam_R_m2c": [0.33257561922073364, 0.8815329074859619, 0.3351016342639923, -0.35761964321136475, -0.21090508997440338, 0.9097400903701782, 0.8726405501365662, -0.4223962426185608, 0.24511168897151947], "cam_t_m2c": [-27.855546951293945, 3.3961246013641357, 766.9085083007812], "obj_id": 4}],
  "3": [{"cam_R_m2c": [-0.9689690470695496, -0.21269050240516663, -0.12594352662563324, -0.011474733240902424, 0.547672688961029, -0.8366140127182007, 0.24691568315029144, -0.8092078566551208, -0.5331184267997742], "cam_t_m2c": [-224.84439086914062, -46.83604431152344, 918.1073608398438], "obj_id": 2}, {"cam_R_m2c": [-0.9689690470695496, -0.21269050240516663, -0.12594352662563324, -0.011474733240902424, 0.547672688961029, -0.8366140127182007, 0.24691568315029144, -0.8092078566551208, -0.5331184267997742], "cam_t_m2c": [-224.84439086914062, -46.83604431152344, 918.1073608398438], "obj_id": 0}, {"cam_R_m2c": [-0.9689690470695496, -0.21269050240516663, -0.12594352662563324, -0.011474733240902424, 0.547672688961029, -0.8366140127182007, 0.24691568315029144, -0.8092078566551208, -0.5331184267997742], "cam_t_m2c": [-224.84439086914062, -46.83604431152344, 918.1073608398438], "obj_id": 1}, {"cam_R_m2c": [-0.9689690470695496, -0.21269050240516663, -0.12594352662563324, -0.011474733240902424, 0.547672688961029, -0.8366140127182007, 0.24691568315029144, -0.8092078566551208, -0.5331184267997742], "cam_t_m2c": [-224.84439086914062, -46.83604431152344, 918.1073608398438], "obj_id": 1}, {"cam_R_m2c": [-0.9689690470695496, -0.21269050240516663, -0.12594352662563324, -0.011474733240902424, 0.547672688961029, -0.8366140127182007, 0.24691568315029144, -0.8092078566551208, -0.5331184267997742], "cam_t_m2c": [-224.84439086914062, -46.83604431152344, 918.1073608398438], "obj_id": 2}, {"cam_R_m2c": [-0.9689690470695496, -0.21269050240516663, -0.12594352662563324, -0.011474733240902424, 0.547672688961029, -0.8366140127182007, 0.24691568315029144, -0.8092078566551208, -0.5331184267997742], "cam_t_m2c": [-224.84439086914062, -46.83604431152344, 918.1073608398438], "obj_id": 2}, {"cam_R_m2c": [-0.9689690470695496, -0.21269050240516663, -0.12594352662563324, -0.011474733240902424, 0.547672688961029, -0.8366140127182007, 0.24691568315029144, -0.8092078566551208, -0.5331184267997742], "cam_t_m2c": [-224.84439086914062, -46.83604431152344, 918.1073608398438], "obj_id": 2}, {"cam_R_m2c": [-0.9689690470695496, -0.21269050240516663, -0.12594352662563324, -0.011474733240902424, 0.547672688961029, -0.8366140127182007, 0.24691568315029144, -0.8092078566551208, -0.5331184267997742], "cam_t_m2c": [-224.84439086914062, -46.83604431152344, 918.1073608398438], "obj_id": 3}, {"cam_R_m2c": [-0.9689690470695496, -0.21269050240516663, -0.12594352662563324, -0.011474733240902424, 0.547672688961029, -0.8366140127182007, 0.24691568315029144, -0.8092078566551208, -0.5331184267997742], "cam_t_m2c": [-224.84439086914062, -46.83604431152344, 918.1073608398438], "obj_id": 2}, {"cam_R_m2c": [-0.9689690470695496, -0.21269050240516663, -0.12594352662563324, -0.011474733240902424, 0.547672688961029, -0.8366140127182007, 0.24691568315029144, -0.8092078566551208, -0.5331184267997742], "cam_t_m2c": [-224.84439086914062, -46.83604431152344, 918.1073608398438], "obj_id": 2}, {"cam_R_m2c": [-0.9689690470695496, -0.21269050240516663, -0.12594352662563324, -0.011474733240902424, 0.547672688961029, -0.8366140127182007, 0.24691568315029144, -0.8092078566551208, -0.5331184267997742], "cam_t_m2c": [-224.84439086914062, -46.83604431152344, 918.1073608398438], "obj_id": 0}, {"cam_R_m2c": [-0.9689690470695496, -0.21269050240516663, -0.12594352662563324, -0.011474733240902424, 0.547672688961029, -0.8366140127182007, 0.24691568315029144, -0.8092078566551208, -0.5331184267997742], "cam_t_m2c": [-224.84439086914062, -46.83604431152344, 918.1073608398438], "obj_id": 0}, {"cam_R_m2c": [-0.12561707198619843, 0.12854740023612976, 0.9837153553962708, -0.8629181385040283, 0.47507330775260925, -0.17227205634117126, -0.489482045173645, -0.8705061674118042, 0.051248565316200256], "cam_t_m2c": [-390.2974853515625, 64.88752746582031, 721.6446533203125], "obj_id": 1}, {"cam_R_m2c": [-0.24129951000213623, -0.14364993572235107, 0.9597600102424622, -0.5860875248908997, 0.8098258972167969, -0.026143206283450127, -0.7734829783439636, -0.5688117146492004, -0.2796020209789276], "cam_t_m2c": [-231.49053955078125, -92.78985595703125, 931.5687255859375], "obj_id": 2}, {"cam_R_m2c": [-0.2074180394411087, -0.31971070170402527, -0.9245337247848511, -0.958052933216095, -0.12467445433139801, 0.2580515444278717, -0.1977677047252655, 0.939276933670044, -0.28043991327285767], "cam_t_m2c": [-75.14009094238281, 1.4411396980285645, 746.7574462890625], "obj_id": 3}, {"cam_R_m2c": [0.33257561922073364, 0.8815329074859619, 0.3351016342639923, -0.35761964321136475, -0.21090508997440338, 0.9097400903701782, 0.8726405501365662, -0.4223962426185608, 0.24511168897151947], "cam_t_m2c": [-27.855546951293945, 3.3961246013641357, 766.9085083007812], "obj_id": 4}],
  "4": [{"cam_R_m2c": [0.9889370203018188, 0.022017380222678185, 0.1466928869485855, 0.1483212262392044, -0.16072510182857513, -0.9757910966873169, 0.002092864364385605, 0.9867536425590515, -0.16221264004707336], "cam_t_m2c": [246.27427673339844, 52.9699821472168, 848.2846069335938], "obj_id": 2}, {"cam_R_m2c": [0.9889370203018188, 0.022017380222678185, 0.1466928869485855, 0.1483212262392044, -0.16072510182857513, -0.9757910966873169, 0.002092864364385605, 0.9867536425590515, -0.16221264004707336], "cam_t_m2c": [246.27427673339844, 52.9699821472168, 848.2846069335938], "obj_id": 0}, {"cam_R_m2c": [0.9889370203018188, 0.022017380222678185, 0.1466928869485855, 0.1483212262392044, -0.16072510182857513, -0.9757910966873169, 0.002092864364385605, 0.9867536425590515, -0.16221264004707336], "cam_t_m2c": [246.27427673339844, 52.9699821472168, 848.2846069335938], "obj_id": 1}, {"cam_R_m2c": [0.9889370203018188, 0.022017380222678185, 0.1466928869485855, 0.1483212262392044, -0.16072510182857513, -0.9757910966873169, 0.002092864364385605, 0.9867536425590515, -0.16221264004707336], "cam_t_m2c": [246.27427673339844, 52.9699821472168, 848.2846069335938], "obj_id": 1}, {"cam_R_m2c": [0.9889370203018188, 0.022017380222678185, 0.1466928869485855, 0.1483212262392044, -0.16072510182857513, -0.9757910966873169, 0.002092864364385605, 0.9867536425590515, -0.16221264004707336], "cam_t_m2c": [246.27427673339844, 52.9699821472168, 848.2846069335938], "obj_id": 2}, {"cam_R_m2c": [0.9889370203018188, 0.022017380222678185, 0.1466928869485855, 0.1483212262392044, -0.16072510182857513, -0.9757910966873169, 0.002092864364385605, 0.9867536425590515, -0.16221264004707336], "cam_t_m2c": [246.27427673339844, 52.9699821472168, 848.2846069335938], "obj_id": 2}, {"cam_R_m2c": [0.9889370203018188, 0.022017380222678185, 0.1466928869485855, 0.1483212262392044, -0.16072510182857513, -0.9757910966873169, 0.002092864364385605, 0.9867536425590515, -0.16221264004707336], "cam_t_m2c": [246.27427673339844, 52.9699821472168, 848.2846069335938], "obj_id": 2}, {"cam_R_m2c": [0.9889370203018188, 0.022017380222678185, 0.1466928869485855, 0.1483212262392044, -0.16072510182857513, -0.9757910966873169, 0.002092864364385605, 0.9867536425590515, -0.16221264004707336], "cam_t_m2c": [246.27427673339844, 52.9699821472168, 848.2846069335938], "obj_id": 3}, {"cam_R_m2c": [0.9889370203018188, 0.022017380222678185, 0.1466928869485855, 0.1483212262392044, -0.16072510182857513, -0.9757910966873169, 0.002092864364385605, 0.9867536425590515, -0.16221264004707336], "cam_t_m2c": [246.27427673339844, 52.9699821472168, 848.2846069335938], "obj_id": 2}, {"cam_R_m2c": [0.9889370203018188, 0.022017380222678185, 0.1466928869485855, 0.1483212262392044, -0.16072510182857513, -0.9757910966873169, 0.002092864364385605, 0.9867536425590515, -0.16221264004707336], "cam_t_m2c": [246.27427673339844, 52.9699821472168, 848.2846069335938], "obj_id": 2}, {"cam_R_m2c": [0.9889370203018188, 0.022017380222678185, 0.1466928869485855, 0.1483212262392044, -0.16072510182857513, -0.9757910966873169, 0.002092864364385605, 0.9867536425590515, -0.16221264004707336], "cam_t_m2c": [246.27427673339844, 52.9699821472168, 848.2846069335938], "obj_id": 0}, {"cam_R_m2c": [0.9889370203018188, 0.022017380222678185, 0.1466928869485855, 0.1483212262392044, -0.16072510182857513, -0.9757910966873169, 0.002092864364385605, 0.9867536425590515, -0.16221264004707336], "cam_t_m2c": [246.27427673339844, 52.9699821472168, 848.2846069335938], "obj_id": 0}, {"cam_R_m2c": [0.15604762732982635, -0.31309983134269714, -0.9368123412132263, -0.9649263620376587, -0.2510245442390442, -0.07683341950178146, -0.2111065685749054, 0.9159446954727173, -0.3412899076938629], "cam_t_m2c": [365.9107360839844, -3.007739782333374, 1095.2828369140625], "obj_id": 1}, {"cam_R_m2c": [0.1937231570482254, -0.04210824519395828, -0.9801521897315979, -0.9603965878486633, 0.1958136111497879, -0.19823092222213745, 0.20027431845664978, 0.9797366857528687, -0.0025070065166801214], "cam_t_m2c": [260.3983459472656, 28.736133575439453, 808.9099731445312], "obj_id": 2}, {"cam_R_m2c": [0.2911566495895386, 0.46814435720443726, 0.8343072533607483, -0.8347705602645874, 0.5503205060958862, -0.017476102337241173, -0.46731770038604736, -0.6913669109344482, 0.5510226488113403], "cam_t_m2c": [68.07518005371094, -27.64946174621582, 974.17529296875], "obj_id": 3}, {"cam_R_m2c": [-0.15346434712409973, -0.9019926190376282, -0.40355661511421204, 0.34399744868278503, -0.4316149950027466, 0.833890974521637, -0.926344633102417, -0.010849877260625362, 0.3765207529067993], "cam_t_m2c": [24.41687774658203, -11.755478858947754, 952.1060180664062], "obj_id": 4}]
}