{
  "0": [{"cam_R_m2c": [0.10104183852672577, -0.9670198559761047, 0.23380103707313538, -0.16686579585075378, -0.24814708530902863, -0.9542424082756042, 0.98078852891922, 0.05740491300821304, -0.18643566966056824], "cam_t_m2c": [-42.631954193115234, 29.223918914794922, 9.19920825958252], "obj_id": 0}, {"cam_R_m2c": [0.10104183852672577, -0.9670198559761047, 0.23380103707313538, -0.16686579585075378, -0.24814708530902863, -0.9542424082756042, 0.98078852891922, 0.05740491300821304, -0.18643566966056824], "cam_t_m2c": [-42.631954193115234, 29.223918914794922, 9.19920825958252], "obj_id": 1}, {"cam_R_m2c": [0.10104183852672577, -0.9670198559761047, 0.23380103707313538, -0.16686579585075378, -0.24814708530902863, -0.9542424082756042, 0.98078852891922, 0.05740491300821304, -0.18643566966056824], "cam_t_m2c": [-42.631954193115234, 29.223918914794922, 9.19920825958252], "obj_id": 0}, {"cam_R_m2c": [0.10104183852672577, -0.9670198559761047, 0.23380103707313538, -0.16686579585075378, -0.24814708530902863, -0.9542424082756042, 0.98078852891922, 0.05740491300821304, -0.18643566966056824], "cam_t_m2c": [-42.631954193115234, 29.223918914794922, 9.19920825958252], "obj_id": 0}, {"cam_R_m2c": [0.10104183852672577, -0.9670198559761047, 0.23380103707313538, -0.16686579585075378, -0.24814708530902863, -0.9542424082756042, 0.98078852891922, 0.05740491300821304, -0.18643566966056824], "cam_t_m2c": [-42.631954193115234, 29.223918914794922, 9.19920825958252], "obj_id": 3}, {"cam_R_m2c": [0.10104183852672577, -0.9670198559761047, 0.23380103707313538, -0.16686579585075378, -0.24814708530902863, -0.9542424082756042, 0.98078852891922, 0.05740491300821304, -0.18643566966056824], "cam_t_m2c": [-42.631954193115234, 29.223918914794922, 9.19920825958252], "obj_id": 1}, {"cam_R_m2c": [0.10104183852672577, -0.9670198559761047, 0.23380103707313538, -0.16686579585075378, -0.24814708530902863, -0.9542424082756042, 0.98078852891922, 0.05740491300821304, -0.18643566966056824], "cam_t_m2c": [-42.631954193115234, 29.223918914794922, 9.19920825958252], "obj_id": 1}, {"cam_R_m2c": [0.10104183852672577, -0.9670198559761047, 0.23380103707313538, -0.16686579585075378, -0.24814708530902863, -0.9542424082756042, 0.98078852891922, 0.05740491300821304, -0.18643566966056824], "cam_t_m2c": [-42.631954193115234, 29.223918914794922, 9.19920825958252], "obj_id": 3}, {"cam_R_m2c": [0.10104183852672577, -0.9670198559761047, 0.23380103707313538, -0.16686579585075378, -0.24814708530902863, -0.9542424082756042, 0.98078852891922, 0.05740491300821304, -0.18643566966056824], "cam_t_m2c": [-42.631954193115234, 29.223918914794922, 9.19920825958252], "obj_id": 2}, {"cam_R_m2c": [0.10104183852672577, -0.9670198559761047, 0.23380103707313538, -0.16686579585075378, -0.24814708530902863, -0.9542424082756042, 0.98078852891922, 0.05740491300821304, -0.18643566966056824], "cam_t_m2c": [-42.631954193115234, 29.223918914794922, 9.19920825958252], "obj_id": 2}, {"cam_R_m2c": [0.10104183852672577, -0.9670198559761047, 0.23380103707313538, -0.16686579585075378, -0.24814708530902863, -0.9542424082756042, 0.98078852891922, 0.05740491300821304, -0.18643566966056824], "cam_t_m2c": [-42.631954193115234, 29.223918914794922, 9.19920825958252], "obj_id": 0}, {"cam_R_m2c": [0.10104183852672577, -0.9670198559761047, 0.23380103707313538, -0.16686579585075378, -0.24814708530902863, -0.9542424082756042, 0.98078852891922, 0.05740491300821304, -0.18643566966056824], "cam_t_m2c": [-42.631954193115234, 29.223918914794922, 9.19920825958252], "obj_id": 2}, {"cam_R_m2c": [0.10104183852672577, -0.9670198559761047, 0.23380103707313538, -0.16686579585075378, -0.24814708530902863, -0.9542424082756042, 0.98078852891922, 0.05740491300821304, -0.18643566966056824], "cam_t_m2c": [-42.631954193115234, 29.223918914794922, 9.19920825958252], "obj_id": 2}, {"cam_R_m2c": [0.10104183852672577, -0.9670198559761047, 0.23380103707313538, -0.16686579585075378, -0.24814708530902863, -0.9542424082756042, 0.98078852891922, 0.05740491300821304, -0.18643566966056824], "cam_t_m2c": [-42.631954193115234, 29.223918914794922, 9.19920825958252], "obj_id": 2}, {"cam_R_m2c": [0.10104183852672577, -0.9670198559761047, 0.23380103707313538, -0.16686579585075378, -0.24814708530902863, -0.9542424082756042, 0.98078852891922, 0.05740491300821304, -0.18643566966056824], "cam_t_m2c": [-42.631954193115234, 29.223918914794922, 9.19920825958252], "obj_id": 3}, {"cam_R_m2c": [0.10104183852672577, -0.9670198559761047, 0.23380103707313538, -0.16686579585075378, -0.24814708530902863, -0.9542424082756042, 0.98078852891922, 0.05740491300821304, -0.18643566966056824], "cam_t_m2c": [-42.631954193115234, 29.223918914794922, 9.19920825958252], "obj_id": 2}, {"cam_R_m2c": [0.10104183852672577, -0.9670198559761047, 0.23380103707313538, -0.16686579585075378, -0.24814708530902863, -0.9542424082756042, 0.98078852891922, 0.05740491300821304, -0.18643566966056824], "cam_t_m2c": [-42.631954193115234, 29.223918914794922, 9.19920825958252], "obj_id": 2}, {"cam_R_m2c": [0.10104183852672577, -0.9670198559761047, 0.23380103707313538, -0.16686579585075378, -0.24814708530902863, -0.9542424082756042, 0.98078852891922, 0.05740491300821304, -0.18643566966056824], "cam_t_m2c": [-42.631954193115234, 29.223918914794922, 9.19920825958252], "obj_id": 0}, {"cam_R_m2c": [0.10104183852672577, -0.9670198559761047, 0.23380103707313538, -0.16686579585075378, -0.24814708530902863, -0.9542424082756042, 0.98078852891922, 0.05740491300821304, -0.18643566966056824], "cam_t_m2c": [-42.631954193115234, 29.223918914794922, 9.19920825958252], "obj_id": 0}, {"cam_R_m2c": [0.10104183852672577, -0.9670198559761047, 0.23380103707313538, -0.16686579585075378, -0.24814708530902863, -0.9542424082756042, 0.98078852891922, 0.05740491300821304, -0.18643566966056824], "cam_t_m2c": [-42.631954193115234, 29.223918914794922, 9.19920825958252], "obj_id": 3}, {"cam_R_m2c": [0.10104183852672577, -0.9670198559761047, 0.23380103707313538, -0.16686579585075378, -0.24814708530902863, -0.9542424082756042, 0.98078852891922, 0.05740491300821304, -0.18643566966056824], "cam_t_m2c": [-42.631954193115234, 29.223918914794922, 9.19920825958252], "obj_id": 1}, {"cam_R_m2c": [0.10104183852672577, -0.9670198559761047, 0.23380103707313538, -0.16686579585075378, -0.24814708530902863, -0.9542424082756042, 0.98078852891922, 0.05740491300821304, -0.18643566966056824], "cam_t_m2c": [-42.631954193115234, 29.223918914794922, 9.19920825958252], "obj_id": 1}, {"cam_R_m2c": [0.10104183852672577, -0.9670198559761047, 0.23380103707313538, -0.16686579585075378, -0.24814708530902863, -0.9542424082756042, 0.98078852891922, 0.05740491300821304, -0.18643566966056824], "cam_t_m2c": [-42.631954193115234, 29.223918914794922, 9.19920825958252], "obj_id": 1}, {"cam_R_m2c": [0.10104183852672577, -0.9670198559761047, 0.23380103707313538, -0.16686579585075378, -0.24814708530902863, -0.9542424082756042, 0.98078852891922, 0.05740491300821304, -0.18643566966056824], "cam_t_m2c": [-42.631954193115234, 29.223918914794922, 9.19920825958252], "obj_id": 2}, {"cam_R_m2c": [-0.3592372536659241, 0.1448795199394226, -0.9219318628311157, 0.7436563372612, 0.6412930488586426, -0.18899323046207428, 0.5638472437858582, -0.7534939050674438, -0.33811691403388977], "cam_t_m2c": [3.8893179893493652, -17.481752395629883, 150.4113006591797], "obj_id": 3}, {"cam_R_m2c": [0.5000970959663391, -0.4672788381576538, -0.7290769815444946, 0.47761714458465576, -0.5534508228302002, 0.6823295950889587, -0.7223466038703918, -0.689450740814209, -0.05359865352511406], "cam_t_m2c": [-218.55084228515625, -67.76937866210938, 95.61408233642578], "obj_id": 0}, {"cam_R_m2c": [-0.23331429064273834, 0.7937121987342834, 0.5617698431015015, -0.5698015093803406, 0.3565460741519928, -0.7404060959815979, -0.7879661917686462, -0.4928446114063263, 0.3690710961818695], "cam_t_m2c": [-1821.9530029296875, 7507.3623046875, 1582.033203125], "obj_id": 2}, {"cam_R_m2c": [-0.24221771955490112, -0.815405547618866, 0.5257797241210938, 0.7662074565887451, -0.4932078421115875, -0.41191279888153076, 0.5951946973800659, 0.30308374762535095, 0.7442334890365601], "cam_t_m2c": [-167.85325622558594, -5.395220756530762, -95.10450744628906], "obj_id": 3}, {"cam_R_m2c": [0.13732698559761047, 0.6221905946731567, -0.7707269191741943, 0.22227559983730316, -0.7776116132736206, -0.5881438851356506, -0.9652640223503113, -0.09054584801197052, -0.24508465826511383], "cam_t_m2c": [18.295820236206055, 53.43019104003906, -81.19676208496094], "obj_id": 3}, {"cam_R_m2c": [0.35702458024024963, -0.5460450053215027, -0.7578708529472351, 0.8580371141433716, 0.5123912692070007, 0.035034507513046265, 0.36919593811035156, -0.662789523601532, 0.6514632105827332], "cam_t_m2c": [-82.5513687133789, -42.047767639160156, 151.90042114257812], "obj_id": 1}, {"cam_R_m2c": [0.590339183807373, -0.4064132869243622, 0.6973720788955688, 0.7990875840187073, 0.1724211722612381, -0.5759600400924683, 0.1138361245393753, 0.8972731828689575, 0.42654678225517273], "cam_t_m2c": [126.73377990722656, 20.73951530456543, 75.73918151855469], "obj_id": 0}, {"cam_R_m2c": [-0.3794257640838623, -0.666229248046875, -0.6420081257820129, 0.29249000549316406, -0.744681715965271, 0.5999153256416321, -0.8777729868888855, 0.03984242305159569, 0.4774170517921448], "cam_t_m2c": [46.368587493896484, 60.48110580444336, -228.59217834472656], "obj_id": 0}],
  "1": [{"cam_R_m2c": [0.21305905282497406, -0.8393325209617615, 0.5001267194747925, -0.10133189707994461, -0.5281019806861877, -0.8431133031845093, 0.9717703461647034, 0.12895411252975464, -0.19756801426410675], "cam_t_m2c": [-58.52870559692383, 9.311758041381836, 9.716031074523926], "obj_id": 0}, {"cam_R_m2c": [0.21305905282497406, -0.8393325209617615, 0.5001267194747925, -0.10133189707994461, -0.5281019806861877, -0.8431133031845093, 0.9717703461647034, 0.12895411252975464, -0.19756801426410675], "cam_t_m2c": [-58.52870559692383, 9.311758041381836, 9.716031074523926], "obj_id": 1}, {"cam_R_m2c": [0.21305905282497406, -0.8393325209617615, 0.5001267194747925, -0.10133189707994461, -0.5281019806861877, -0.8431133031845093, 0.9717703461647034, 0.12895411252975464, -0.19756801426410675], "cam_t_m2c": [-58.52870559692383, 9.311758041381836, 9.716031074523926], "obj_id": 0}, {"cam_R_m2c": [0.21305905282497406, -0.8393325209617615, 0.5001267194747925, -0.10133189707994461, -0.5281019806861877, -0.8431133031845093, 0.9717703461647034, 0.12895411252975464, -0.19756801426410675], "cam_t_m2c": [-58.52870559692383, 9.311758041381836, 9.716031074523926], "obj_id": 0}, {"cam_R_m2c": [0.21305905282497406, -0.8393325209617615, 0.5001267194747925, -0.10133189707994461, -0.5281019806861877, -0.8431133031845093, 0.9717703461647034, 0.12895411252975464, -0.19756801426410675], "cam_t_m2c": [-58.52870559692383, 9.311758041381836, 9.716031074523926], "obj_id": 3}, {"cam_R_m2c": [0.21305905282497406, -0.8393325209617615, 0.5001267194747925, -0.10133189707994461, -0.5281019806861877, -0.8431133031845093, 0.9717703461647034, 0.12895411252975464, -0.19756801426410675], "cam_t_m2c": [-58.52870559692383, 9.311758041381836, 9.716031074523926], "obj_id": 1}, {"cam_R_m2c": [0.21305905282497406, -0.8393325209617615, 0.5001267194747925, -0.10133189707994461, -0.5281019806861877, -0.8431133031845093, 0.9717703461647034, 0.12895411252975464, -0.19756801426410675], "cam_t_m2c": [-58.52870559692383, 9.311758041381836, 9.716031074523926], "obj_id": 1}, {"cam_R_m2c": [0.21305905282497406, -0.8393325209617615, 0.5001267194747925, -0.10133189707994461, -0.5281019806861877, -0.8431133031845093, 0.9717703461647034, 0.12895411252975464, -0.19756801426410675], "cam_t_m2c": [-58.52870559692383, 9.311758041381836, 9.716031074523926], "obj_id": 3}, {"cam_R_m2c": [0.21305905282497406, -0.8393325209617615, 0.5001267194747925, -0.10133189707994461, -0.5281019806861877, -0.8431133031845093, 0.9717703461647034, 0.12895411252975464, -0.19756801426410675], "cam_t_m2c": [-58.52870559692383, 9.311758041381836, 9.716031074523926], "obj_id": 2}, {"cam_R_m2c": [0.21305905282497406, -0.8393325209617615, 0.5001267194747925, -0.10133189707994461, -0.5281019806861877, -0.8431133031845093, 0.9717703461647034, 0.12895411252975464, -0.19756801426410675], "cam_t_m2c": [-58.52870559692383, 9.311758041381836, 9.716031074523926], "obj_id": 2}, {"cam_R_m2c": [0.21305905282497406, -0.8393325209617615, 0.5001267194747925, -0.10133189707994461, -0.5281019806861877, -0.8431133031845093, 0.9717703461647034, 0.12895411252975464, -0.19756801426410675], "cam_t_m2c": [-58.52870559692383, 9.311758041381836, 9.716031074523926], "obj_id": 0}, {"cam_R_m2c": [0.21305905282497406, -0.8393325209617615, 0.5001267194747925, -0.10133189707994461, -0.5281019806861877, -0.8431133031845093, 0.9717703461647034, 0.12895411252975464, -0.19756801426410675], "cam_t_m2c": [-58.52870559692383, 9.311758041381836, 9.716031074523926], "obj_id": 2}, {"cam_R_m2c": [0.21305905282497406, -0.8393325209617615, 0.5001267194747925, -0.10133189707994461, -0.5281019806861877, -0.8431133031845093, 0.9717703461647034, 0.12895411252975464, -0.19756801426410675], "cam_t_m2c": [-58.52870559692383, 9.311758041381836, 9.716031074523926], "obj_id": 2}, {"cam_R_m2c": [0.21305905282497406, -0.8393325209617615, 0.5001267194747925, -0.10133189707994461, -0.5281019806861877, -0.8431133031845093, 0.9717703461647034, 0.12895411252975464, -0.19756801426410675], "cam_t_m2c": [-58.52870559692383, 9.311758041381836, 9.716031074523926], "obj_id": 2}, {"cam_R_m2c": [0.21305905282497406, -0.8393325209617615, 0.5001267194747925, -0.10133189707994461, -0.5281019806861877, -0.8431133031845093, 0.9717703461647034, 0.12895411252975464, -0.19756801426410675], "cam_t_m2c": [-58.52870559692383, 9.311758041381836, 9.716031074523926], "obj_id": 3}, {"cam_R_m2c": [0.21305905282497406, -0.8393325209617615, 0.5001267194747925, -0.10133189707994461, -0.5281019806861877, -0.8431133031845093, 0.9717703461647034, 0.12895411252975464, -0.19756801426410675], "cam_t_m2c": [-58.52870559692383, 9.311758041381836, 9.716031074523926], "obj_id": 2}, {"cam_R_m2c": [0.21305905282497406, -0.8393325209617615, 0.5001267194747925, -0.10133189707994461, -0.5281019806861877, -0.8431133031845093, 0.9717703461647034, 0.12895411252975464, -0.19756801426410675], "cam_t_m2c": [-58.52870559692383, 9.311758041381836, 9.716031074523926], "obj_id": 2}, {"cam_R_m2c": [0.21305905282497406, -0.8393325209617615, 0.5001267194747925, -0.10133189707994461, -0.5281019806861877, -0.8431133031845093, 0.9717703461647034, 0.12895411252975464, -0.19756801426410675], "cam_t_m2c": [-58.52870559692383, 9.311758041381836, 9.716031074523926], "obj_id": 0}, {"cam_R_m2c": [0.21305905282497406, -0.8393325209617615, 0.5001267194747925, -0.10133189707994461, -0.5281019806861877, -0.8431133031845093, 0.9717703461647034, 0.12895411252975464, -0.19756801426410675], "cam_t_m2c": [-58.52870559692383, 9.311758041381836, 9.716031074523926], "obj_id": 0}, {"cam_R_m2c": [0.21305905282497406, -0.8393325209617615, 0.5001267194747925, -0.10133189707994461, -0.5281019806861877, -0.8431133031845093, 0.9717703461647034, 0.12895411252975464, -0.19756801426410675], "cam_t_m2c": [-58.52870559692383, 9.311758041381836, 9.716031074523926], "obj_id": 3}, {"cam_R_m2c": [0.21305905282497406, -0.8393325209617615, 0.5001267194747925, -0.10133189707994461, -0.5281019806861877, -0.8431133031845093, 0.9717703461647034, 0.12895411252975464, -0.19756801426410675], "cam_t_m2c": [-58.52870559692383, 9.311758041381836, 9.716031074523926], "obj_id": 1}, {"cam_R_m2c": [0.21305905282497406, -0.8393325209617615, 0.5001267194747925, -0.10133189707994461, -0.5281019806861877, -0.8431133031845093, 0.9717703461647034, 0.12895411252975464, -0.19756801426410675], "cam_t_m2c": [-58.52870559692383, 9.311758041381836, 9.716031074523926], "obj_id": 1}, {"cam_R_m2c": [0.21305905282497406, -0.8393325209617615, 0.5001267194747925, -0.10133189707994461, -0.5281019806861877, -0.8431133031845093, 0.9717703461647034, 0.12895411252975464, -0.19756801426410675], "cam_t_m2c": [-58.52870559692383, 9.311758041381836, 9.716031074523926], "obj_id": 1}, {"cam_R_m2c": [0.21305905282497406, -0.8393325209617615, 0.5001267194747925, -0.10133189707994461, -0.5281019806861877, -0.8431133031845093, 0.9717703461647034, 0.12895411252975464, -0.19756801426410675], "cam_t_m2c": [-58.52870559692383, 9.311758041381836, 9.716031074523926], "obj_id": 2}, {"cam_R_m2c": [-0.529686689376831, -0.10852594673633575, -0.8412217497825623, 0.6148571968078613, 0.6340610384941101, -0.46895334124565125, 0.5842795372009277, -0.7656296491622925, -0.26912572979927063], "cam_t_m2c": [9.432066917419434, -17.182540893554688, 147.43272399902344], "obj_id": 3}, {"cam_R_m2c": [0.280915230512619, -0.3219984471797943, -0.9041037559509277, 0.5867640376091003, -0.687844455242157, 0.4272914230823517, -0.7594699263572693, -0.6505282521247864, -0.004288884345442057], "cam_t_m2c": [-190.29812622070312, -134.05897521972656, 109.23654174804688], "obj_id": 0}, {"cam_R_m2c": [-0.101381316781044, 0.6122511625289917, 0.7841366529464722, -0.6351584196090698, 0.5668140053749084, -0.5246862769126892, -0.7656993865966797, -0.5512444376945496, 0.3314121663570404], "cam_t_m2c": [-3920.06103515625, 6635.6826171875, 1665.6466064453125], "obj_id": 2}, {"cam_R_m2c": [-0.42325499653816223, -0.6040633916854858, 0.6752499938011169, 0.67269366979599, -0.7087787985801697, -0.2124047875404358, 0.6069088578224182, 0.36433500051498413, 0.7063438296318054], "cam_t_m2c": [-174.00547790527344, -64.51234436035156, -85.01116943359375], "obj_id": 3}, {"cam_R_m2c": [-0.0024077012203633785, 0.821829080581665, -0.5697290897369385, 0.22683919966220856, -0.5544301867485046, -0.8007192015647888, -0.9739292860031128, -0.1311647593975067, -0.1850881725549698], "cam_t_m2c": [-14.117448806762695, 48.3643798828125, -85.0051498413086], "obj_id": 3}, {"cam_R_m2c": [0.10286227613687515, -0.7196006178855896, -0.6867272257804871, 0.9357145428657532, 0.30420103669166565, -0.17860589921474457, 0.3374280631542206, -0.6242088079452515, 0.7046315670013428], "cam_t_m2c": [-65.11469268798828, -66.76019287109375, 155.3406524658203], "obj_id": 1}, {"cam_R_m2c": [0.32524025440216064, -0.37803786993026733, 0.866779088973999, 0.9433171153068542, 0.06561610102653503, -0.3253415524959564, 0.06611686199903488, 0.9234617948532104, 0.3779506981372833], "cam_t_m2c": [109.46516418457031, 54.43232727050781, 63.813114166259766], "obj_id": 0}, {"cam_R_m2c": [-0.5088509917259216, -0.40353167057037354, -0.7604162096977234, 0.13937819004058838, -0.9102917313575745, 0.3897981345653534, -0.8494964838027954, 0.09236375987529755, 0.5194464325904846], "cam_t_m2c": [0.4521552324295044, 59.54424285888672, -234.08880615234375], "obj_id": 0}]
}