{
  "0": [{"cam_R_m2c": [0.6446823477745056, 0.23475629091262817, -0.7275123000144958, 0.763282060623169, -0.1450749784708023, 0.6295662522315979, 0.04225078225135803, -0.9611673355102539, -0.2727125287055969], "cam_t_m2c": [24.393850326538086, -13.231117248535156, 814.7099609375], "obj_id": 0}, {"cam_R_m2c": [0.7322353720664978, 0.580277144908905, -0.3565245270729065, 0.6692635416984558, -0.5161116123199463, 0.5345233678817749, 0.1261652559041977, -0.6300057768821716, -0.7662734985351562], "cam_t_m2c": [75.86605072021484, -94.43756866455078, 936.6367797851562], "obj_id": 0}, {"cam_R_m2c": [0.5730547904968262, -0.7771252393722534, 0.26016244292259216, -0.13012920320034027, 0.22714348137378693, 0.9651280641555786, -0.8091195821762085, -0.5869259834289551, 0.029038988053798676], "cam_t_m2c": [302.7040100097656, -83.14744567871094, 518.344970703125], "obj_id": 3}, {"cam_R_m2c": [-0.14581595361232758, 0.31705576181411743, 0.9371303915977478, 0.4256872534751892, 0.8751876950263977, -0.22986270487308502, -0.8930442929267883, 0.3654068112373352, -0.262582927942276], "cam_t_m2c": [33.96613693237305, -44.044891357421875, 908.2117309570312], "obj_id": 3}, {"cam_R_m2c": [-0.6416065692901611, -0.42008888721466064, 0.641768217086792, -0.6716066002845764, 0.7118452787399292, -0.20547740161418915, -0.3705208897590637, -0.5628513693809509, -0.7388590574264526], "cam_t_m2c": [-154.8130645751953, 177.96554565429688, 658.0127563476562], "obj_id": 2}, {"cam_R_m2c": [0.7274010181427002, 0.6637772917747498, -0.17403294146060944, 0.660111665725708, -0.6075745224952698, 0.44170770049095154, 0.18745756149291992, -0.4361798167228699, -0.8801174759864807], "cam_t_m2c": [83.41351318359375, 52.48233413696289, 718.0364379882812], "obj_id": 2}, {"cam_R_m2c": [-0.7473146915435791, 0.5777631402015686, 0.32819297909736633, 0.6261153221130371, 0.777668833732605, 0.05666409432888031, -0.22248703241348267, 0.2478325515985489, -0.9429097175598145], "cam_t_m2c": [129.08522033691406, -130.33230590820312, 967.89306640625], "obj_id": 3}, {"cam_R_m2c": [0.3426520526409149, -0.8044196367263794, 0.48528188467025757, 0.8849676847457886, 0.44974955916404724, 0.12065435945987701, -0.3153120279312134, 0.38811635971069336, 0.865993082523346], "cam_t_m2c": [238.0338134765625, -21.24907112121582, 673.5952758789062], "obj_id": 1}, {"cam_R_m2c": [-0.9758073091506958, 0.12628400325775146, -0.17847247421741486, -0.19351311028003693, -0.11897679418325424, 0.9738568663597107, 0.10174845159053802, 0.9848334193229675, 0.14053606986999512], "cam_t_m2c": [327.7148132324219, -93.19691467285156, 656.017822265625], "obj_id": 1}, {"cam_R_m2c": [-0.20760804414749146, 0.35253217816352844, -0.9124801754951477, -0.9420504570007324, 0.1792294830083847, 0.28358030319213867, 0.26351454854011536, 0.918475866317749, 0.2948935925960541], "cam_t_m2c": [-67.04806518554688, 106.85089111328125, 891.3538208007812], "obj_id": 0}, {"cam_R_m2c": [-0.46767714619636536, -0.4002372622489929, 0.7880914211273193, -0.8564441800117493, 0.4256862699985504, -0.2920522689819336, -0.21858949959278107, -0.8115425109863281, -0.5418646335601807], "cam_t_m2c": [176.49806213378906, -130.8609619140625, 780.131103515625], "obj_id": 2}, {"cam_R_m2c": [0.26856550574302673, 0.8397278785705566, 0.4719424843788147, 0.8607699871063232, -0.4291304349899292, 0.27371904253959656, 0.43237438797950745, 0.33272242546081543, -0.8380621671676636], "cam_t_m2c": [279.5686950683594, 27.01590347290039, 413.5132751464844], "obj_id": 2}],
  "1": [{"cam_R_m2c": [0.6446823477745056, 0.23475629091262817, -0.7275123000144958, 0.763282060623169, -0.1450749784708023, 0.6295662522315979, 0.04225078225135803, -0.9611673355102539, -0.2727125287055969], "cam_t_m2c": [24.393850326538086, -13.231117248535156, 814.7099609375], "obj_id": 0}, {"cam_R_m2c": [0.7322353720664978, 0.580277144908905, -0.3565245270729065, 0.6692635416984558, -0.5161116123199463, 0.5345233678817749, 0.1261652559041977, -0.6300057768821716, -0.7662734985351562], "cam_t_m2c": [75.86605072021484, -94.43756866455078, 936.6367797851562], "obj_id": 0}, {"cam_R_m2c": [0.5730547904968262, -0.7771252393722534, 0.26016244292259216, -0.13012920320034027, 0.22714348137378693, 0.9651280641555786, -0.8091195821762085, -0.5869259834289551, 0.029038988053798676], "cam_t_m2c": [302.7040100097656, -83.14744567871094, 518.344970703125], "obj_id": 3}, {"cam_R_m2c": [-0.14581595361232758, 0.31705576181411743, 0.9371303915977478, 0.4256872534751892, 0.8751876950263977, -0.22986270487308502, -0.8930442929267883, 0.3654068112373352, -0.262582927942276], "cam_t_m2c": [33.96613693237305, -44.044891357421875, 908.2117309570312], "obj_id": 3}, {"cam_R_m2c": [-0.6416065692901611, -0.42008888721466064, 0.641768217086792, -0.6716066002845764, 0.7118452787399292, -0.20547740161418915, -0.3705208897590637, -0.5628513693809509, -0.7388590574264526], "cam_t_m2c": [-154.8130645751953, 177.96554565429688, 658.0127563476562], "obj_id": 2}, {"cam_R_m2c": [0.7274010181427002, 0.6637772917747498, -0.17403294146060944, 0.660111665725708, -0.6075745224952698, 0.44170770049095154, 0.18745756149291992, -0.4361798167228699, -0.8801174759864807], "cam_t_m2c": [83.41351318359375, 52.48233413696289, 718.0364379882812], "obj_id": 2}, {"cam_R_m2c": [-0.7473146915435791, 0.5777631402015686, 0.32819297909736633, 0.6261153221130371, 0.777668833732605, 0.05666409432888031, -0.22248703241348267, 0.2478325515985489, -0.9429097175598145], "cam_t_m2c": [129.08522033691406, -130.33230590820312, 967.89306640625], "obj_id": 3}, {"cam_R_m2c": [0.3426520526409149, -0.8044196367263794, 0.48528188467025757, 0.8849676847457886, 0.44974955916404724, 0.12065435945987701, -0.3153120279312134, 0.38811635971069336, 0.865993082523346], "cam_t_m2c": [238.0338134765625, -21.24907112121582, 673.5952758789062], "obj_id": 1}, {"cam_R_m2c": [-0.9758073091506958, 0.12628400325775146, -0.17847247421741486, -0.19351311028003693, -0.11897679418325424, 0.9738568663597107, 0.10174845159053802, 0.9848334193229675, 0.14053606986999512], "cam_t_m2c": [327.7148132324219, -93.19691467285156, 656.017822265625], "obj_id": 1}, {"cam_R_m2c": [-0.20760804414749146, 0.35253217816352844, -0.9124801754951477, -0.9420504570007324, 0.1792294830083847, 0.28358030319213867, 0.26351454854011536, 0.918475866317749, 0.2948935925960541], "cam_t_m2c": [-67.04806518554688, 106.85089111328125, 891.3538208007812], "obj_id": 0}, {"cam_R_m2c": [-0.46767714619636536, -0.4002372622489929, 0.7880914211273193, -0.8564441800117493, 0.4256862699985504, -0.2920522689819336, -0.21858949959278107, -0.8115425109863281, -0.5418646335601807], "cam_t_m2c": [176.49806213378906, -130.8609619140625, 780.131103515625], "obj_id": 2}, {"cam_R_m2c": [0.26856550574302673, 0.8397278785705566, 0.4719424843788147, 0.8607699871063232, -0.4291304349899292, 0.27371904253959656, 0.43237438797950745, 0.33272242546081543, -0.8380621671676636], "cam_t_m2c": [279.5686950683594, 27.01590347290039, 413.5132751464844], "obj_id": 2}],
  "2": [{"cam_R_m2c": [0.6446823477745056, 0.23475629091262817, -0.7275123000144958, 0.763282060623169, -0.1450749784708023, 0.6295662522315979, 0.04225078225135803, -0.9611673355102539, -0.2727125287055969], "cam_t_m2c": [24.393850326538086, -13.231117248535156, 814.7099609375], "obj_id": 0}, {"cam_R_m2c": [0.7322353720664978, 0.580277144908905, -0.3565245270729065, 0.6692635416984558, -0.5161116123199463, 0.5345233678817749, 0.1261652559041977, -0.6300057768821716, -0.7662734985351562], "cam_t_m2c": [75.86605072021484, -94.43756866455078, 936.6367797851562], "obj_id": 0}, {"cam_R_m2c": [0.5730547904968262, -0.7771252393722534, 0.26016244292259216, -0.13012920320034027, 0.22714348137378693, 0.9651280641555786, -0.8091195821762085, -0.5869259834289551, 0.029038988053798676], "cam_t_m2c": [302.7040100097656, -83.14744567871094, 518.344970703125], "obj_id": 3}, {"cam_R_m2c": [-0.14581595361232758, 0.31705576181411743, 0.9371303915977478, 0.4256872534751892, 0.8751876950263977, -0.22986270487308502, -0.8930442929267883, 0.3654068112373352, -0.262582927942276], "cam_t_m2c": [33.96613693237305, -44.044891357421875, 908.2117309570312], "obj_id": 3}, {"cam_R_m2c": [-0.6416065692901611, -0.42008888721466064, 0.641768217086792, -0.6716066002845764, 0.7118452787399292, -0.20547740161418915, -0.3705208897590637, -0.5628513693809509, -0.7388590574264526], "cam_t_m2c": [-154.8130645751953, 177.96554565429688, 658.0127563476562], "obj_id": 2}, {"cam_R_m2c": [0.7274010181427002, 0.6637772917747498, -0.17403294146060944, 0.660111665725708, -0.6075745224952698, 0.44170770049095154, 0.18745756149291992, -0.4361798167228699, -0.8801174759864807], "cam_t_m2c": [83.41351318359375, 52.48233413696289, 718.0364379882812], "obj_id": 2}, {"cam_R_m2c": [-0.7473146915435791, 0.5777631402015686, 0.32819297909736633, 0.6261153221130371, 0.777668833732605, 0.05666409432888031, -0.22248703241348267, 0.2478325515985489, -0.9429097175598145], "cam_t_m2c": [129.08522033691406, -130.33230590820312, 967.89306640625], "obj_id": 3}, {"cam_R_m2c": [0.3426520526409149, -0.8044196367263794, 0.48528188467025757, 0.8849676847457886, 0.44974955916404724, 0.12065435945987701, -0.3153120279312134, 0.38811635971069336, 0.865993082523346], "cam_t_m2c": [238.0338134765625, -21.24907112121582, 673.5952758789062], "obj_id": 1}, {"cam_R_m2c": [-0.9758073091506958, 0.12628400325775146, -0.17847247421741486, -0.19351311028003693, -0.11897679418325424, 0.9738568663597107, 0.10174845159053802, 0.9848334193229675, 0.14053606986999512], "cam_t_m2c": [327.7148132324219, -93.19691467285156, 656.017822265625], "obj_id": 1}, {"cam_R_m2c": [-0.20760804414749146, 0.35253217816352844, -0.9124801754951477, -0.9420504570007324, 0.1792294830083847, 0.28358030319213867, 0.26351454854011536, 0.918475866317749, 0.2948935925960541], "cam_t_m2c": [-67.04806518554688, 106.85089111328125, 891.3538208007812], "obj_id": 0}, {"cam_R_m2c": [-0.46767714619636536, -0.4002372622489929, 0.7880914211273193, -0.8564441800117493, 0.4256862699985504, -0.2920522689819336, -0.21858949959278107, -0.8115425109863281, -0.5418646335601807], "cam_t_m2c": [176.49806213378906, -130.8609619140625, 780.131103515625], "obj_id": 2}, {"cam_R_m2c": [0.26856550574302673, 0.8397278785705566, 0.4719424843788147, 0.8607699871063232, -0.4291304349899292, 0.27371904253959656, 0.43237438797950745, 0.33272242546081543, -0.8380621671676636], "cam_t_m2c": [279.5686950683594, 27.01590347290039, 413.5132751464844], "obj_id": 2}],
  "3": [{"cam_R_m2c": [0.6446823477745056, 0.23475629091262817, -0.7275123000144958, 0.763282060623169, -0.1450749784708023, 0.6295662522315979, 0.04225078225135803, -0.9611673355102539, -0.2727125287055969], "cam_t_m2c": [24.393850326538086, -13.231117248535156, 814.7099609375], "obj_id": 0}, {"cam_R_m2c": [0.7322353720664978, 0.580277144908905, -0.3565245270729065, 0.6692635416984558, -0.5161116123199463, 0.5345233678817749, 0.1261652559041977, -0.6300057768821716, -0.7662734985351562], "cam_t_m2c": [75.86605072021484, -94.43756866455078, 936.6367797851562], "obj_id": 0}, {"cam_R_m2c": [0.5730547904968262, -0.7771252393722534, 0.26016244292259216, -0.13012920320034027, 0.22714348137378693, 0.9651280641555786, -0.8091195821762085, -0.5869259834289551, 0.029038988053798676], "cam_t_m2c": [302.7040100097656, -83.14744567871094, 518.344970703125], "obj_id": 3}, {"cam_R_m2c": [-0.14581595361232758, 0.31705576181411743, 0.9371303915977478, 0.4256872534751892, 0.8751876950263977, -0.22986270487308502, -0.8930442929267883, 0.3654068112373352, -0.262582927942276], "cam_t_m2c": [33.96613693237305, -44.044891357421875, 908.2117309570312], "obj_id": 3}, {"cam_R_m2c": [-0.6416065692901611, -0.42008888721466064, 0.641768217086792, -0.6716066002845764, 0.7118452787399292, -0.20547740161418915, -0.3705208897590637, -0.5628513693809509, -0.7388590574264526], "cam_t_m2c": [-154.8130645751953, 177.96554565429688, 658.0127563476562], "obj_id": 2}, {"cam_R_m2c": [0.7274010181427002, 0.6637772917747498, -0.17403294146060944, 0.660111665725708, -0.6075745224952698, 0.44170770049095154, 0.18745756149291992, -0.4361798167228699, -0.8801174759864807], "cam_t_m2c": [83.41351318359375, 52.48233413696289, 718.0364379882812], "obj_id": 2}, {"cam_R_m2c": [-0.7473146915435791, 0.5777631402015686, 0.32819297909736633, 0.6261153221130371, 0.777668833732605, 0.05666409432888031, -0.22248703241348267, 0.2478325515985489, -0.9429097175598145], "cam_t_m2c": [129.08522033691406, -130.33230590820312, 967.89306640625], "obj_id": 3}, {"cam_R_m2c": [0.3426520526409149, -0.8044196367263794, 0.48528188467025757, 0.8849676847457886, 0.44974955916404724, 0.12065435945987701, -0.3153120279312134, 0.38811635971069336, 0.865993082523346], "cam_t_m2c": [238.0338134765625, -21.24907112121582, 673.5952758789062], "obj_id": 1}, {"cam_R_m2c": [-0.9758073091506958, 0.12628400325775146, -0.17847247421741486, -0.19351311028003693, -0.11897679418325424, 0.9738568663597107, 0.10174845159053802, 0.9848334193229675, 0.14053606986999512], "cam_t_m2c": [327.7148132324219, -93.19691467285156, 656.017822265625], "obj_id": 1}, {"cam_R_m2c": [-0.20760804414749146, 0.35253217816352844, -0.9124801754951477, -0.9420504570007324, 0.1792294830083847, 0.28358030319213867, 0.26351454854011536, 0.918475866317749, 0.2948935925960541], "cam_t_m2c": [-67.04806518554688, 106.85089111328125, 891.3538208007812], "obj_id": 0}, {"cam_R_m2c": [-0.46767714619636536, -0.4002372622489929, 0.7880914211273193, -0.8564441800117493, 0.4256862699985504, -0.2920522689819336, -0.21858949959278107, -0.8115425109863281, -0.5418646335601807], "cam_t_m2c": [176.49806213378906, -130.8609619140625, 780.131103515625], "obj_id": 2}, {"cam_R_m2c": [0.26856550574302673, 0.8397278785705566, 0.4719424843788147, 0.8607699871063232, -0.4291304349899292, 0.27371904253959656, 0.43237438797950745, 0.33272242546081543, -0.8380621671676636], "cam_t_m2c": [279.5686950683594, 27.01590347290039, 413.5132751464844], "obj_id": 2}],
  "4": [{"cam_R_m2c": [0.6446823477745056, 0.23475629091262817, -0.7275123000144958, 0.763282060623169, -0.1450749784708023, 0.6295662522315979, 0.04225078225135803, -0.9611673355102539, -0.2727125287055969], "cam_t_m2c": [24.393850326538086, -13.231117248535156, 814.7099609375], "obj_id": 0}, {"cam_R_m2c": [0.7322353720664978, 0.580277144908905, -0.3565245270729065, 0.6692635416984558, -0.5161116123199463, 0.5345233678817749, 0.1261652559041977, -0.6300057768821716, -0.7662734985351562], "cam_t_m2c": [75.86605072021484, -94.43756866455078, 936.6367797851562], "obj_id": 0}, {"cam_R_m2c": [0.5730547904968262, -0.7771252393722534, 0.26016244292259216, -0.13012920320034027, 0.22714348137378693, 0.9651280641555786, -0.8091195821762085, -0.5869259834289551, 0.029038988053798676], "cam_t_m2c": [302.7040100097656, -83.14744567871094, 518.344970703125], "obj_id": 3}, {"cam_R_m2c": [-0.14581595361232758, 0.31705576181411743, 0.9371303915977478, 0.4256872534751892, 0.8751876950263977, -0.22986270487308502, -0.8930442929267883, 0.3654068112373352, -0.262582927942276], "cam_t_m2c": [33.96613693237305, -44.044891357421875, 908.2117309570312], "obj_id": 3}, {"cam_R_m2c": [-0.6416065692901611, -0.42008888721466064, 0.641768217086792, -0.6716066002845764, 0.7118452787399292, -0.20547740161418915, -0.3705208897590637, -0.5628513693809509, -0.7388590574264526], "cam_t_m2c": [-154.8130645751953, 177.96554565429688, 658.0127563476562], "obj_id": 2}, {"cam_R_m2c": [0.7274010181427002, 0.6637772917747498, -0.17403294146060944, 0.660111665725708, -0.6075745224952698, 0.44170770049095154, 0.18745756149291992, -0.4361798167228699, -0.8801174759864807], "cam_t_m2c": [83.41351318359375, 52.48233413696289, 718.0364379882812], "obj_id": 2}, {"cam_R_m2c": [-0.7473146915435791, 0.5777631402015686, 0.32819297909736633, 0.6261153221130371, 0.777668833732605, 0.05666409432888031, -0.22248703241348267, 0.2478325515985489, -0.9429097175598145], "cam_t_m2c": [129.08522033691406, -130.33230590820312, 967.89306640625], "obj_id": 3}, {"cam_R_m2c": [0.3426520526409149, -0.8044196367263794, 0.48528188467025757, 0.8849676847457886, 0.44974955916404724, 0.12065435945987701, -0.3153120279312134, 0.38811635971069336, 0.865993082523346], "cam_t_m2c": [238.0338134765625, -21.24907112121582, 673.5952758789062], "obj_id": 1}, {"cam_R_m2c": [-0.9758073091506958, 0.12628400325775146, -0.17847247421741486, -0.19351311028003693, -0.11897679418325424, 0.9738568663597107, 0.10174845159053802, 0.9848334193229675, 0.14053606986999512], "cam_t_m2c": [327.7148132324219, -93.19691467285156, 656.017822265625], "obj_id": 1}, {"cam_R_m2c": [-0.20760804414749146, 0.35253217816352844, -0.9124801754951477, -0.9420504570007324, 0.1792294830083847, 0.28358030319213867, 0.26351454854011536, 0.918475866317749, 0.2948935925960541], "cam_t_m2c": [-67.04806518554688, 106.85089111328125, 891.3538208007812], "obj_id": 0}, {"cam_R_m2c": [-0.46767714619636536, -0.4002372622489929, 0.7880914211273193, -0.8564441800117493, 0.4256862699985504, -0.2920522689819336, -0.21858949959278107, -0.8115425109863281, -0.5418646335601807], "cam_t_m2c": [176.49806213378906, -130.8609619140625, 780.131103515625], "obj_id": 2}, {"cam_R_m2c": [0.26856550574302673, 0.8397278785705566, 0.4719424843788147, 0.8607699871063232, -0.4291304349899292, 0.27371904253959656, 0.43237438797950745, 0.33272242546081543, -0.8380621671676636], "cam_t_m2c": [279.5686950683594, 27.01590347290039, 413.5132751464844], "obj_id": 2}]
}