{
  "0": [{"cam_R_m2c": [-0.08232352882623672, -0.32415804266929626, 0.9424140453338623, 0.8989662528038025, -0.4323576092720032, -0.07018791884183884, 0.43021196126937866, 0.8414203524589539, 0.3270004689693451], "cam_t_m2c": [112.73152160644531, 14.738041877746582, 665.8245239257812], "obj_id": 2}, {"cam_R_m2c": [0.02127005346119404, -0.9111934304237366, -0.41142943501472473, 0.9883298873901367, 0.08125023543834686, -0.12885041534900665, 0.15083639323711395, -0.4038873612880707, 0.9022878408432007], "cam_t_m2c": [288.5964050292969, 14.489450454711914, 713.503662109375], "obj_id": 2}, {"cam_R_m2c": [0.2926342189311981, -0.9452936053276062, -0.1441703736782074, -0.5161777138710022, -0.02924371510744095, -0.8559820055961609, 0.8049383163452148, 0.324907124042511, -0.49649718403816223], "cam_t_m2c": [191.18467712402344, -55.39820098876953, 568.7644653320312], "obj_id": 1}, {"cam_R_m2c": [0.17889171838760376, -0.9090813994407654, -0.3762562572956085, 0.9622370600700378, 0.08190805464982986, 0.25959742069244385, -0.20517678558826447, -0.40848755836486816, 0.8894045352935791], "cam_t_m2c": [150.82359313964844, 37.64152526855469, 597.1768188476562], "obj_id": 1}, {"cam_R_m2c": [-0.24977900087833405, 0.4249199628829956, -0.8700881004333496, 0.968108594417572, 0.12758366763591766, -0.21561089158058167, 0.019391579553484917, -0.8961948752403259, -0.4432363212108612], "cam_t_m2c": [159.12017822265625, 17.78468132019043, 499.8694152832031], "obj_id": 1}, {"cam_R_m2c": [-0.8938435912132263, -0.43616044521331787, 0.10395810753107071, 0.08638539165258408, 0.059992916882038116, 0.9944537281990051, -0.43997815251350403, 0.8978667259216309, -0.015946190804243088], "cam_t_m2c": [276.35821533203125, -1.1158324480056763, 457.54803466796875], "obj_id": 3}, {"cam_R_m2c": [-0.09720847010612488, -0.4312775433063507, -0.8969671726226807, 0.9737449884414673, 0.14518271386623383, -0.17533564567565918, 0.20584243535995483, -0.8904614448547363, 0.4058414101600647], "cam_t_m2c": [84.02067565917969, 7.119220733642578, 642.6817016601562], "obj_id": 1}, {"cam_R_m2c": [0.35636356472969055, -0.6557914614677429, 0.6655392050743103, -0.14846661686897278, -0.7429978251457214, -0.6526191234588623, 0.9224763512611389, 0.1337592750787735, -0.362140417098999], "cam_t_m2c": [91.34172058105469, 37.42814636230469, 479.2272644042969], "obj_id": 3}, {"cam_R_m2c": [-0.3968749940395355, 0.8388058543205261, 0.372685968875885, 0.14682622253894806, 0.4588207006454468, -0.8763136267662048, -0.9060530662536621, -0.29306694865226746, -0.30525311827659607], "cam_t_m2c": [221.55984497070312, 14.606452941894531, 505.53070068359375], "obj_id": 3}, {"cam_R_m2c": [-0.45916569232940674, 0.6869230270385742, 0.5632967948913574, -0.7115978002548218, 0.0951719656586647, -0.6961110830307007, -0.5317847728729248, -0.7204712629318237, 0.4451134502887726], "cam_t_m2c": [86.94757080078125, -16.873632431030273, 377.6654357910156], "obj_id": 1}, {"cam_R_m2c": [0.035558123141527176, 0.9936039447784424, 0.1071750819683075, 0.9991416931152344, -0.037624292075634, 0.01732071116566658, 0.021242333576083183, 0.10646721720695496, -0.9940889477729797], "cam_t_m2c": [258.9510498046875, 19.093658447265625, 539.7765502929688], "obj_id": 1}, {"cam_R_m2c": [-0.22120477259159088, -0.9595776200294495, -0.17400899529457092, 0.9695873260498047, -0.1972343474626541, -0.14491012692451477, 0.1047319695353508, -0.2007717341184616, 0.9740235805511475], "cam_t_m2c": [211.56446838378906, -37.467105865478516, 635.1012573242188], "obj_id": 0}, {"cam_R_m2c": [-0.7769936323165894, -0.368045836687088, -0.5107081532478333, -0.07859998196363449, 0.8616528511047363, -0.5013744235038757, 0.6245819330215454, -0.3494231700897217, -0.698427140712738], "cam_t_m2c": [9.950335502624512, 0.42359715700149536, 562.83447265625], "obj_id": 3}, {"cam_R_m2c": [-0.6282225251197815, 0.045496899634599686, 0.7767021059989929, 0.13057439029216766, 0.9902949929237366, 0.04760439693927765, -0.7669983506202698, 0.13132357597351074, -0.6280663013458252], "cam_t_m2c": [-0.6344884037971497, -3.5310490131378174, 515.6755981445312], "obj_id": 3}, {"cam_R_m2c": [-0.10002502053976059, -0.481334924697876, -0.8708108067512512, 0.9928662180900574, -0.10536779463291168, -0.05580352991819382, -0.06489531695842743, -0.8701804876327515, 0.48844078183174133], "cam_t_m2c": [191.37539672851562, -42.75130844116211, 672.57421875], "obj_id": 0}, {"cam_R_m2c": [0.5629586577415466, -0.30411818623542786, -0.7684983015060425, -0.8241899013519287, -0.137326180934906, -0.5494110584259033, 0.06155095249414444, 0.9426842927932739, -0.3279601037502289], "cam_t_m2c": [-198.71995544433594, -43.58121109008789, 592.95751953125], "obj_id": 1}, {"cam_R_m2c": [-0.7863261699676514, -0.17139413952827454, 0.5935614109039307, -0.6171940565109253, 0.26087045669555664, -0.7423059344291687, -0.027615759521722794, -0.9500371813774109, -0.31091269850730896], "cam_t_m2c": [110.8883285522461, -8.271300315856934, 346.0160217285156], "obj_id": 1}, {"cam_R_m2c": [0.09780634939670563, 0.9088306427001953, 0.405537486076355, 0.14811387658119202, 0.38966020941734314, -0.9089703559875488, -0.9841219782829285, 0.14896874129772186, -0.09649914503097534], "cam_t_m2c": [112.56503295898438, 21.228548049926758, 477.535888671875], "obj_id": 3}, {"cam_R_m2c": [-0.36880266666412354, -0.24027085304260254, 0.8979167938232422, 0.14798639714717865, 0.9385136961936951, 0.3119167387485504, -0.9176517128944397, 0.24791517853736877, -0.31056952476501465], "cam_t_m2c": [224.59820556640625, -23.715543746948242, 592.4730224609375], "obj_id": 3}, {"cam_R_m2c": [-0.09769972413778305, 0.9230749607086182, 0.37200459837913513, 0.9947969913482666, 0.07973463088274002, 0.06341412663459778, 0.028874341398477554, 0.3762645721435547, -0.9260622262954712], "cam_t_m2c": [40.8743896484375, 48.39907455444336, 96.55368041992188], "obj_id": 0}, {"cam_R_m2c": [0.8854719400405884, -0.2657497823238373, -0.3812040090560913, 0.4646386206150055, 0.4937930405139923, 0.7350369691848755, -0.007100059185177088, -0.8279767036437988, 0.5607174634933472], "cam_t_m2c": [5.004683494567871, 45.61771011352539, 622.908203125], "obj_id": 1}, {"cam_R_m2c": [0.10401015728712082, -0.8350067734718323, -0.5403199791908264, 0.9834470748901367, 0.16738998889923096, -0.06937238574028015, 0.14837059378623962, -0.524160623550415, 0.8385951519012451], "cam_t_m2c": [15.92562198638916, -119.3908462524414, 369.7336120605469], "obj_id": 0}, {"cam_R_m2c": [-0.17780517041683197, 0.14196498692035675, -0.9737715721130371, 0.9837230443954468, 0.051749251782894135, -0.17207787930965424, 0.025962846353650093, -0.9885179996490479, -0.14885543286800385], "cam_t_m2c": [-179.0495147705078, 20.48103141784668, 401.8746337890625], "obj_id": 1}, {"cam_R_m2c": [0.10370324552059174, -0.07490189373493195, 0.991783857345581, -0.9916425943374634, -0.08473246544599533, 0.09728921204805374, 0.07674921303987503, -0.993584394454956, -0.08306288719177246], "cam_t_m2c": [240.6570281982422, -20.163631439208984, 538.8921508789062], "obj_id": 2}, {"cam_R_m2c": [-0.3335040807723999, -0.9403020739555359, 0.06787368655204773, -0.6180181503295898, 0.2724287807941437, 0.7374523282051086, -0.7119187712669373, 0.20399628579616547, -0.6719798445701599], "cam_t_m2c": [-148.79568481445312, 42.332366943359375, 601.1343994140625], "obj_id": 1}, {"cam_R_m2c": [0.29954200983047485, -0.8777278661727905, -0.3739897906780243, 0.9455552697181702, 0.3253994584083557, -0.00636017881333828, 0.12727856636047363, -0.3517228662967682, 0.9274110198020935], "cam_t_m2c": [-25.080951690673828, -18.798053741455078, 706.7512817382812], "obj_id": 1}, {"cam_R_m2c": [-0.902275800704956, -0.3948204815387726, 0.17324882745742798, 0.05816962942481041, 0.2866767346858978, 0.9562597870826721, -0.4272173345088959, 0.872887909412384, -0.23569491505622864], "cam_t_m2c": [111.74575805664062, 89.29619598388672, 368.2678527832031], "obj_id": 1}, {"cam_R_m2c": [-0.5419354438781738, -0.7590882182121277, -0.3606814742088318, -0.7757146954536438, 0.6169381737709045, -0.13286851346492767, 0.3233770728111267, 0.20777976512908936, -0.9231765270233154], "cam_t_m2c": [-70.97049713134766, 46.52333068847656, 538.8988037109375], "obj_id": 0}],
  "1": [{"cam_R_m2c": [-0.08232352882623672, -0.32415804266929626, 0.9424140453338623, 0.8989662528038025, -0.4323576092720032, -0.07018791884183884, 0.43021196126937866, 0.8414203524589539, 0.3270004689693451], "cam_t_m2c": [112.73152160644531, 14.738041877746582, 665.8245239257812], "obj_id": 2}, {"cam_R_m2c": [0.02127005346119404, -0.9111934304237366, -0.41142943501472473, 0.9883298873901367, 0.08125023543834686, -0.12885041534900665, 0.15083639323711395, -0.4038873612880707, 0.9022878408432007], "cam_t_m2c": [288.5964050292969, 14.489450454711914, 713.503662109375], "obj_id": 2}, {"cam_R_m2c": [0.2926342189311981, -0.9452936053276062, -0.1441703736782074, -0.5161777138710022, -0.02924371510744095, -0.8559820055961609, 0.8049383163452148, 0.324907124042511, -0.49649718403816223], "cam_t_m2c": [191.18467712402344, -55.39820098876953, 568.7644653320312], "obj_id": 1}, {"cam_R_m2c": [0.17889171838760376, -0.9090813994407654, -0.3762562572956085, 0.9622370600700378, 0.08190805464982986, 0.25959742069244385, -0.20517678558826447, -0.40848755836486816, 0.8894045352935791], "cam_t_m2c": [150.82359313964844, 37.64152526855469, 597.1768188476562], "obj_id": 1}, {"cam_R_m2c": [-0.24977900087833405, 0.4249199628829956, -0.8700881004333496, 0.968108594417572, 0.12758366763591766, -0.21561089158058167, 0.019391579553484917, -0.8961948752403259, -0.4432363212108612], "cam_t_m2c": [159.12017822265625, 17.78468132019043, 499.8694152832031], "obj_id": 1}, {"cam_R_m2c": [-0.8938435912132263, -0.43616044521331787, 0.10395810753107071, 0.08638539165258408, 0.059992916882038116, 0.9944537281990051, -0.43997815251350403, 0.8978667259216309, -0.015946190804243088], "cam_t_m2c": [276.35821533203125, -1.1158324480056763, 457.54803466796875], "obj_id": 3}, {"cam_R_m2c": [-0.09720847010612488, -0.4312775433063507, -0.8969671726226807, 0.9737449884414673, 0.14518271386623383, -0.17533564567565918, 0.20584243535995483, -0.8904614448547363, 0.4058414101600647], "cam_t_m2c": [84.02067565917969, 7.119220733642578, 642.6817016601562], "obj_id": 1}, {"cam_R_m2c": [0.35636356472969055, -0.6557914614677429, 0.6655392050743103, -0.14846661686897278, -0.7429978251457214, -0.6526191234588623, 0.9224763512611389, 0.1337592750787735, -0.362140417098999], "cam_t_m2c": [91.34172058105469, 37.42814636230469, 479.2272644042969], "obj_id": 3}, {"cam_R_m2c": [-0.3968749940395355, 0.8388058543205261, 0.372685968875885, 0.14682622253894806, 0.4588207006454468, -0.8763136267662048, -0.9060530662536621, -0.29306694865226746, -0.30525311827659607], "cam_t_m2c": [221.55984497070312, 14.606452941894531, 505.53070068359375], "obj_id": 3}, {"cam_R_m2c": [-0.45916569232940674, 0.6869230270385742, 0.5632967948913574, -0.7115978002548218, 0.0951719656586647, -0.6961110830307007, -0.5317847728729248, -0.7204712629318237, 0.4451134502887726], "cam_t_m2c": [86.94757080078125, -16.873632431030273, 377.6654357910156], "obj_id": 1}, {"cam_R_m2c": [0.035558123141527176, 0.9936039447784424, 0.1071750819683075, 0.9991416931152344, -0.037624292075634, 0.01732071116566658, 0.021242333576083183, 0.10646721720695496, -0.9940889477729797], "cam_t_m2c": [258.9510498046875, 19.093658447265625, 539.7765502929688], "obj_id": 1}, {"cam_R_m2c": [-0.22120477259159088, -0.9595776200294495, -0.17400899529457092, 0.9695873260498047, -0.1972343474626541, -0.14491012692451477, 0.1047319695353508, -0.2007717341184616, 0.9740235805511475], "cam_t_m2c": [211.56446838378906, -37.467105865478516, 635.1012573242188], "obj_id": 0}, {"cam_R_m2c": [-0.7769936323165894, -0.368045836687088, -0.5107081532478333, -0.07859998196363449, 0.8616528511047363, -0.5013744235038757, 0.6245819330215454, -0.3494231700897217, -0.698427140712738], "cam_t_m2c": [9.950335502624512, 0.42359715700149536, 562.83447265625], "obj_id": 3}, {"cam_R_m2c": [-0.6282225251197815, 0.045496899634599686, 0.7767021059989929, 0.13057439029216766, 0.9902949929237366, 0.04760439693927765, -0.7669983506202698, 0.13132357597351074, -0.6280663013458252], "cam_t_m2c": [-0.6344884037971497, -3.5310490131378174, 515.6755981445312], "obj_id": 3}, {"cam_R_m2c": [-0.10002502053976059, -0.481334924697876, -0.8708108067512512, 0.9928662180900574, -0.10536779463291168, -0.05580352991819382, -0.06489531695842743, -0.8701804876327515, 0.48844078183174133], "cam_t_m2c": [191.37539672851562, -42.75130844116211, 672.57421875], "obj_id": 0}, {"cam_R_m2c": [0.5629586577415466, -0.30411818623542786, -0.7684983015060425, -0.8241899013519287, -0.137326180934906, -0.5494110584259033, 0.06155095249414444, 0.9426842927932739, -0.3279601037502289], "cam_t_m2c": [-198.71995544433594, -43.58121109008789, 592.95751953125], "obj_id": 1}, {"cam_R_m2c": [-0.7863261699676514, -0.17139413952827454, 0.5935614109039307, -0.6171940565109253, 0.26087045669555664, -0.7423059344291687, -0.027615759521722794, -0.9500371813774109, -0.31091269850730896], "cam_t_m2c": [110.8883285522461, -8.271300315856934, 346.0160217285156], "obj_id": 1}, {"cam_R_m2c": [0.09780634939670563, 0.9088306427001953, 0.405537486076355, 0.14811387658119202, 0.38966020941734314, -0.9089703559875488, -0.9841219782829285, 0.14896874129772186, -0.09649914503097534], "cam_t_m2c": [112.56503295898438, 21.228548049926758, 477.535888671875], "obj_id": 3}, {"cam_R_m2c": [-0.36880266666412354, -0.24027085304260254, 0.8979167938232422, 0.14798639714717865, 0.9385136961936951, 0.3119167387485504, -0.9176517128944397, 0.24791517853736877, -0.31056952476501465], "cam_t_m2c": [224.59820556640625, -23.715543746948242, 592.4730224609375], "obj_id": 3}, {"cam_R_m2c": [-0.09769972413778305, 0.9230749607086182, 0.37200459837913513, 0.9947969913482666, 0.07973463088274002, 0.06341412663459778, 0.028874341398477554, 0.3762645721435547, -0.9260622262954712], "cam_t_m2c": [40.8743896484375, 48.39907455444336, 96.55368041992188], "obj_id": 0}, {"cam_R_m2c": [0.8854719400405884, -0.2657497823238373, -0.3812040090560913, 0.4646386206150055, 0.4937930405139923, 0.7350369691848755, -0.007100059185177088, -0.8279767036437988, 0.5607174634933472], "cam_t_m2c": [5.004683494567871, 45.61771011352539, 622.908203125], "obj_id": 1}, {"cam_R_m2c": [0.10401015728712082, -0.8350067734718323, -0.5403199791908264, 0.9834470748901367, 0.16738998889923096, -0.06937238574028015, 0.14837059378623962, -0.524160623550415, 0.8385951519012451], "cam_t_m2c": [15.92562198638916, -119.3908462524414, 369.7336120605469], "obj_id": 0}, {"cam_R_m2c": [-0.17780517041683197, 0.14196498692035675, -0.9737715721130371, 0.9837230443954468, 0.051749251782894135, -0.17207787930965424, 0.025962846353650093, -0.9885179996490479, -0.14885543286800385], "cam_t_m2c": [-179.0495147705078, 20.48103141784668, 401.8746337890625], "obj_id": 1}, {"cam_R_m2c": [0.10370324552059174, -0.07490189373493195, 0.991783857345581, -0.9916425943374634, -0.08473246544599533, 0.09728921204805374, 0.07674921303987503, -0.993584394454956, -0.08306288719177246], "cam_t_m2c": [240.6570281982422, -20.163631439208984, 538.8921508789062], "obj_id": 2}, {"cam_R_m2c": [-0.3335040807723999, -0.9403020739555359, 0.06787368655204773, -0.6180181503295898, 0.2724287807941437, 0.7374523282051086, -0.7119187712669373, 0.20399628579616547, -0.6719798445701599], "cam_t_m2c": [-148.79568481445312, 42.332366943359375, 601.1343994140625], "obj_id": 1}, {"cam_R_m2c": [0.29954200983047485, -0.8777278661727905, -0.3739897906780243, 0.9455552697181702, 0.3253994584083557, -0.00636017881333828, 0.12727856636047363, -0.3517228662967682, 0.9274110198020935], "cam_t_m2c": [-25.080951690673828, -18.798053741455078, 706.7512817382812], "obj_id": 1}, {"cam_R_m2c": [-0.902275800704956, -0.3948204815387726, 0.17324882745742798, 0.05816962942481041, 0.2866767346858978, 0.9562597870826721, -0.4272173345088959, 0.872887909412384, -0.23569491505622864], "cam_t_m2c": [111.74575805664062, 89.29619598388672, 368.2678527832031], "obj_id": 1}, {"cam_R_m2c": [-0.5419354438781738, -0.7590882182121277, -0.3606814742088318, -0.7757146954536438, 0.6169381737709045, -0.13286851346492767, 0.3233770728111267, 0.20777976512908936, -0.9231765270233154], "cam_t_m2c": [-70.97049713134766, 46.52333068847656, 538.8988037109375], "obj_id": 0}],
  "2": [{"cam_R_m2c": [-0.08232352882623672, -0.32415804266929626, 0.9424140453338623, 0.8989662528038025, -0.4323576092720032, -0.07018791884183884, 0.43021196126937866, 0.8414203524589539, 0.3270004689693451], "cam_t_m2c": [112.73152160644531, 14.738041877746582, 665.8245239257812], "obj_id": 2}, {"cam_R_m2c": [0.02127005346119404, -0.9111934304237366, -0.41142943501472473, 0.9883298873901367, 0.08125023543834686, -0.12885041534900665, 0.15083639323711395, -0.4038873612880707, 0.9022878408432007], "cam_t_m2c": [288.5964050292969, 14.489450454711914, 713.503662109375], "obj_id": 2}, {"cam_R_m2c": [0.2926342189311981, -0.9452936053276062, -0.1441703736782074, -0.5161777138710022, -0.02924371510744095, -0.8559820055961609, 0.8049383163452148, 0.324907124042511, -0.49649718403816223], "cam_t_m2c": [191.18467712402344, -55.39820098876953, 568.7644653320312], "obj_id": 1}, {"cam_R_m2c": [0.17889171838760376, -0.9090813994407654, -0.3762562572956085, 0.9622370600700378, 0.08190805464982986, 0.25959742069244385, -0.20517678558826447, -0.40848755836486816, 0.8894045352935791], "cam_t_m2c": [150.82359313964844, 37.64152526855469, 597.1768188476562], "obj_id": 1}, {"cam_R_m2c": [-0.24977900087833405, 0.4249199628829956, -0.8700881004333496, 0.968108594417572, 0.12758366763591766, -0.21561089158058167, 0.019391579553484917, -0.8961948752403259, -0.4432363212108612], "cam_t_m2c": [159.12017822265625, 17.78468132019043, 499.8694152832031], "obj_id": 1}, {"cam_R_m2c": [-0.8938435912132263, -0.43616044521331787, 0.10395810753107071, 0.08638539165258408, 0.059992916882038116, 0.9944537281990051, -0.43997815251350403, 0.8978667259216309, -0.015946190804243088], "cam_t_m2c": [276.35821533203125, -1.1158324480056763, 457.54803466796875], "obj_id": 3}, {"cam_R_m2c": [-0.09720847010612488, -0.4312775433063507, -0.8969671726226807, 0.9737449884414673, 0.14518271386623383, -0.17533564567565918, 0.20584243535995483, -0.8904614448547363, 0.4058414101600647], "cam_t_m2c": [84.02067565917969, 7.119220733642578, 642.6817016601562], "obj_id": 1}, {"cam_R_m2c": [0.35636356472969055, -0.6557914614677429, 0.6655392050743103, -0.14846661686897278, -0.7429978251457214, -0.6526191234588623, 0.9224763512611389, 0.1337592750787735, -0.362140417098999], "cam_t_m2c": [91.34172058105469, 37.42814636230469, 479.2272644042969], "obj_id": 3}, {"cam_R_m2c": [-0.3968749940395355, 0.8388058543205261, 0.372685968875885, 0.14682622253894806, 0.4588207006454468, -0.8763136267662048, -0.9060530662536621, -0.29306694865226746, -0.30525311827659607], "cam_t_m2c": [221.55984497070312, 14.606452941894531, 505.53070068359375], "obj_id": 3}, {"cam_R_m2c": [-0.45916569232940674, 0.6869230270385742, 0.5632967948913574, -0.7115978002548218, 0.0951719656586647, -0.6961110830307007, -0.5317847728729248, -0.7204712629318237, 0.4451134502887726], "cam_t_m2c": [86.94757080078125, -16.873632431030273, 377.6654357910156], "obj_id": 1}, {"cam_R_m2c": [0.035558123141527176, 0.9936039447784424, 0.1071750819683075, 0.9991416931152344, -0.037624292075634, 0.01732071116566658, 0.021242333576083183, 0.10646721720695496, -0.9940889477729797], "cam_t_m2c": [258.9510498046875, 19.093658447265625, 539.7765502929688], "obj_id": 1}, {"cam_R_m2c": [-0.22120477259159088, -0.9595776200294495, -0.17400899529457092, 0.9695873260498047, -0.1972343474626541, -0.14491012692451477, 0.1047319695353508, -0.2007717341184616, 0.9740235805511475], "cam_t_m2c": [211.56446838378906, -37.467105865478516, 635.1012573242188], "obj_id": 0}, {"cam_R_m2c": [-0.7769936323165894, -0.368045836687088, -0.5107081532478333, -0.07859998196363449, 0.8616528511047363, -0.5013744235038757, 0.6245819330215454, -0.3494231700897217, -0.698427140712738], "cam_t_m2c": [9.950335502624512, 0.42359715700149536, 562.83447265625], "obj_id": 3}, {"cam_R_m2c": [-0.6282225251197815, 0.045496899634599686, 0.7767021059989929, 0.13057439029216766, 0.9902949929237366, 0.04760439693927765, -0.7669983506202698, 0.13132357597351074, -0.6280663013458252], "cam_t_m2c": [-0.6344884037971497, -3.5310490131378174, 515.6755981445312], "obj_id": 3}, {"cam_R_m2c": [-0.10002502053976059, -0.481334924697876, -0.8708108067512512, 0.9928662180900574, -0.10536779463291168, -0.05580352991819382, -0.06489531695842743, -0.8701804876327515, 0.48844078183174133], "cam_t_m2c": [191.37539672851562, -42.75130844116211, 672.57421875], "obj_id": 0}, {"cam_R_m2c": [0.5629586577415466, -0.30411818623542786, -0.7684983015060425, -0.8241899013519287, -0.137326180934906, -0.5494110584259033, 0.06155095249414444, 0.9426842927932739, -0.3279601037502289], "cam_t_m2c": [-198.71995544433594, -43.58121109008789, 592.95751953125], "obj_id": 1}, {"cam_R_m2c": [-0.7863261699676514, -0.17139413952827454, 0.5935614109039307, -0.6171940565109253, 0.26087045669555664, -0.7423059344291687, -0.027615759521722794, -0.9500371813774109, -0.31091269850730896], "cam_t_m2c": [110.8883285522461, -8.271300315856934, 346.0160217285156], "obj_id": 1}, {"cam_R_m2c": [0.09780634939670563, 0.9088306427001953, 0.405537486076355, 0.14811387658119202, 0.38966020941734314, -0.9089703559875488, -0.9841219782829285, 0.14896874129772186, -0.09649914503097534], "cam_t_m2c": [112.56503295898438, 21.228548049926758, 477.535888671875], "obj_id": 3}, {"cam_R_m2c": [-0.36880266666412354, -0.24027085304260254, 0.8979167938232422, 0.14798639714717865, 0.9385136961936951, 0.3119167387485504, -0.9176517128944397, 0.24791517853736877, -0.31056952476501465], "cam_t_m2c": [224.59820556640625, -23.715543746948242, 592.4730224609375], "obj_id": 3}, {"cam_R_m2c": [-0.09769972413778305, 0.9230749607086182, 0.37200459837913513, 0.9947969913482666, 0.07973463088274002, 0.06341412663459778, 0.028874341398477554, 0.3762645721435547, -0.9260622262954712], "cam_t_m2c": [40.8743896484375, 48.39907455444336, 96.55368041992188], "obj_id": 0}, {"cam_R_m2c": [0.8854719400405884, -0.2657497823238373, -0.3812040090560913, 0.4646386206150055, 0.4937930405139923, 0.7350369691848755, -0.007100059185177088, -0.8279767036437988, 0.5607174634933472], "cam_t_m2c": [5.004683494567871, 45.61771011352539, 622.908203125], "obj_id": 1}, {"cam_R_m2c": [0.10401015728712082, -0.8350067734718323, -0.5403199791908264, 0.9834470748901367, 0.16738998889923096, -0.06937238574028015, 0.14837059378623962, -0.524160623550415, 0.8385951519012451], "cam_t_m2c": [15.92562198638916, -119.3908462524414, 369.7336120605469], "obj_id": 0}, {"cam_R_m2c": [-0.17780517041683197, 0.14196498692035675, -0.9737715721130371, 0.9837230443954468, 0.051749251782894135, -0.17207787930965424, 0.025962846353650093, -0.9885179996490479, -0.14885543286800385], "cam_t_m2c": [-179.0495147705078, 20.48103141784668, 401.8746337890625], "obj_id": 1}, {"cam_R_m2c": [0.10370324552059174, -0.07490189373493195, 0.991783857345581, -0.9916425943374634, -0.08473246544599533, 0.09728921204805374, 0.07674921303987503, -0.993584394454956, -0.08306288719177246], "cam_t_m2c": [240.6570281982422, -20.163631439208984, 538.8921508789062], "obj_id": 2}, {"cam_R_m2c": [-0.3335040807723999, -0.9403020739555359, 0.06787368655204773, -0.6180181503295898, 0.2724287807941437, 0.7374523282051086, -0.7119187712669373, 0.20399628579616547, -0.6719798445701599], "cam_t_m2c": [-148.79568481445312, 42.332366943359375, 601.1343994140625], "obj_id": 1}, {"cam_R_m2c": [0.29954200983047485, -0.8777278661727905, -0.3739897906780243, 0.9455552697181702, 0.3253994584083557, -0.00636017881333828, 0.12727856636047363, -0.3517228662967682, 0.9274110198020935], "cam_t_m2c": [-25.080951690673828, -18.798053741455078, 706.7512817382812], "obj_id": 1}, {"cam_R_m2c": [-0.902275800704956, -0.3948204815387726, 0.17324882745742798, 0.05816962942481041, 0.2866767346858978, 0.9562597870826721, -0.4272173345088959, 0.872887909412384, -0.23569491505622864], "cam_t_m2c": [111.74575805664062, 89.29619598388672, 368.2678527832031], "obj_id": 1}, {"cam_R_m2c": [-0.5419354438781738, -0.7590882182121277, -0.3606814742088318, -0.7757146954536438, 0.6169381737709045, -0.13286851346492767, 0.3233770728111267, 0.20777976512908936, -0.9231765270233154], "cam_t_m2c": [-70.97049713134766, 46.52333068847656, 538.8988037109375], "obj_id": 0}],
  "3": [{"cam_R_m2c": [0.8105268478393555, 0.4807044267654419, 0.3346184492111206, 0.5211944580078125, -0.8526080846786499, -0.03762366250157356, 0.26721256971359253, 0.20489630103111267, -0.9416022300720215], "cam_t_m2c": [-196.87681579589844, 99.2669677734375, 664.6039428710938], "obj_id": 2}, {"cam_R_m2c": [0.6235946416854858, -0.3925418555736542, 0.6760477423667908, 0.7579748630523682, 0.09196138381958008, -0.6457684636116028, 0.19132100045681, 0.9151250123977661, 0.3548835813999176], "cam_t_m2c": [-139.55255126953125, 109.78138732910156, 491.962158203125], "obj_id": 2}, {"cam_R_m2c": [0.46478837728500366, 0.17799653112888336, -0.867345929145813, -0.7824252843856812, -0.3759767711162567, -0.49643945693969727, -0.41446641087532043, 0.9093726873397827, -0.03548065945506096], "cam_t_m2c": [-308.1994934082031, 104.96293640136719, 574.7738037109375], "obj_id": 1}, {"cam_R_m2c": [0.3181508183479309, -0.39598700404167175, 0.8613792657852173, 0.9472314715385437, 0.09525692462921143, -0.3060695230960846, 0.0391472652554512, 0.9133018851280212, 0.4053975045681], "cam_t_m2c": [-241.166748046875, 160.74447631835938, 633.8305053710938], "obj_id": 1}, {"cam_R_m2c": [0.4750014543533325, -0.6701704263687134, -0.5703027844429016, 0.7537638545036316, 0.6442960500717163, -0.12931594252586365, 0.4541075527667999, -0.3684483468532562, 0.8111917972564697], "cam_t_m2c": [-334.2085876464844, 194.89837646484375, 623.4105224609375], "obj_id": 1}, {"cam_R_m2c": [-0.4195099174976349, 0.7638536095619202, 0.4904477000236511, 0.11795222759246826, -0.48983868956565857, 0.8637969493865967, 0.9000547528266907, 0.42022085189819336, 0.11539407074451447], "cam_t_m2c": [-369.23455810546875, 223.63323974609375, 505.7645568847656], "obj_id": 3}, {"cam_R_m2c": [0.6527942419052124, -0.7359271049499512, 0.17964106798171997, 0.6944614052772522, 0.4866369366645813, -0.5300074219703674, 0.3026268482208252, 0.47073957324028015, 0.8287467956542969], "cam_t_m2c": [-223.29293823242188, 98.88164520263672, 691.4365234375], "obj_id": 1}, {"cam_R_m2c": [0.7549577951431274, -0.3149804174900055, -0.5751747488975525, -0.5204119086265564, -0.8214460611343384, -0.23323270678520203, -0.39901137351989746, 0.475408673286438, -0.7840766906738281], "cam_t_m2c": [-348.5351867675781, 208.40811157226562, 694.2491455078125], "obj_id": 3}, {"cam_R_m2c": [-0.7453664541244507, 0.053221143782138824, -0.6645270586013794, 0.5027107000350952, 0.699558436870575, -0.5078384876251221, 0.437847763299942, -0.7125906944274902, -0.5481822490692139], "cam_t_m2c": [-325.11138916015625, 201.73167419433594, 561.6738891601562], "obj_id": 3}, {"cam_R_m2c": [-0.8552118539810181, -0.5103972554206848, 0.0900397002696991, -0.4197213053703308, 0.5801324844360352, -0.6980546116828918, 0.3040502369403839, -0.63477623462677, -0.7103607654571533], "cam_t_m2c": [-463.5545349121094, 213.27244567871094, 688.8009033203125], "obj_id": 1}, {"cam_R_m2c": [0.5185104012489319, 0.1653328835964203, -0.8389349579811096, 0.8353914022445679, 0.11133532226085663, 0.5382615923881531, 0.18239538371562958, -0.9799333214759827, -0.0803891196846962], "cam_t_m2c": [-289.8697204589844, 195.593505859375, 525.4611206054688], "obj_id": 1}, {"cam_R_m2c": [0.5520025491714478, -0.360320121049881, 0.751972496509552, 0.7175258994102478, -0.25416481494903564, -0.6485035419464111, 0.4247938096523285, 0.8975353240966797, 0.11823941767215729], "cam_t_m2c": [-240.16917419433594, 90.525146484375, 557.4284057617188], "obj_id": 0}, {"cam_R_m2c": [0.4275667667388916, 0.09294722974300385, -0.8991926312446594, -0.5355804562568665, 0.82737135887146, -0.1691455990076065, 0.7282445430755615, 0.553911030292511, 0.40353721380233765], "cam_t_m2c": [-302.3721618652344, 118.95272827148438, 763.8966064453125], "obj_id": 3}, {"cam_R_m2c": [-0.6549700498580933, 0.609988272190094, -0.4460139274597168, 0.3729622960090637, 0.7742860317230225, 0.5112535953521729, 0.6572010517120361, 0.16850943863391876, -0.7346367835998535], "cam_t_m2c": [-346.0000305175781, 137.37350463867188, 774.3330078125], "obj_id": 3}, {"cam_R_m2c": [0.4285057485103607, -0.8476805090904236, 0.3127628564834595, 0.8468145132064819, 0.2560587227344513, -0.4661963880062103, 0.31509995460510254, 0.4646199345588684, 0.8275507688522339], "cam_t_m2c": [-212.34671020507812, 63.1478271484375, 575.2086181640625], "obj_id": 0}, {"cam_R_m2c": [-0.30454516410827637, 0.7166367769241333, -0.6274422407150269, -0.6117998361587524, -0.6520566940307617, -0.44779762625694275, -0.7300362586975098, 0.2474944293498993, 0.6370192170143127], "cam_t_m2c": [-317.636962890625, 25.450437545776367, 957.31689453125], "obj_id": 1}, {"cam_R_m2c": [-0.4037311375141144, -0.7056664824485779, -0.5822679996490479, -0.6600710153579712, 0.6653680801391602, -0.3486998379230499, 0.6334882974624634, 0.24355724453926086, -0.7344198226928711], "cam_t_m2c": [-484.3553466796875, 241.235595703125, 667.9625854492188], "obj_id": 1}, {"cam_R_m2c": [-0.7661614418029785, 0.40662187337875366, -0.4976493716239929, 0.6412092447280884, 0.4319024980068207, -0.6342797875404358, -0.04297608509659767, -0.8050582408905029, -0.5916366577148438], "cam_t_m2c": [-356.0809326171875, 199.86106872558594, 670.0474243164062], "obj_id": 3}, {"cam_R_m2c": [-0.7521892189979553, 0.6582887172698975, -0.02944839373230934, 0.5151066780090332, 0.6152782440185547, 0.5967392921447754, 0.41094574332237244, 0.4336918592453003, -0.8018946051597595], "cam_t_m2c": [-268.8916015625, 126.20246124267578, 548.5797729492188], "obj_id": 3}, {"cam_R_m2c": [0.5105666518211365, 0.4498773515224457, -0.7327564358711243, 0.8014976382255554, 0.05955112725496292, 0.5950253009796143, 0.3113248646259308, -0.8911026120185852, -0.33017081022262573], "cam_t_m2c": [-677.8541870117188, 401.0624084472656, 753.7445068359375], "obj_id": 0}, {"cam_R_m2c": [0.30711817741394043, -0.49329859018325806, 0.8138396143913269, 0.5691342353820801, 0.7805953025817871, 0.2583741247653961, -0.7627349495887756, 0.3838326036930084, 0.5204881429672241], "cam_t_m2c": [-228.53628540039062, 125.56172943115234, 777.3279418945312], "obj_id": 1}, {"cam_R_m2c": [0.6267175078392029, -0.4463801681995392, 0.638725221157074, 0.7715045809745789, 0.24018403887748718, -0.5891453623771667, 0.10957124084234238, 0.8620071411132812, 0.49491190910339355], "cam_t_m2c": [-527.9705810546875, 117.12348937988281, 735.9472045898438], "obj_id": 0}, {"cam_R_m2c": [0.49511435627937317, -0.8137791156768799, -0.3043439984321594, 0.7778072357177734, 0.5712476968765259, -0.26209136843681335, 0.38714030385017395, -0.10695579648017883, 0.9157962799072266], "cam_t_m2c": [-448.779296875, 179.73422241210938, 955.9951782226562], "obj_id": 1}, {"cam_R_m2c": [-0.41733065247535706, -0.9061487913131714, 0.06877084076404572, -0.8510505557060242, 0.41624701023101807, 0.3200801908969879, -0.3186659514904022, 0.07505182921886444, -0.9448910355567932], "cam_t_m2c": [-311.85345458984375, 159.4494171142578, 534.7836303710938], "obj_id": 2}, {"cam_R_m2c": [-0.9523943066596985, 0.2241886407136917, -0.2066013067960739, -0.22519493103027344, -0.0605233870446682, 0.9724319577217102, 0.20550398528575897, 0.972664475440979, 0.10812851786613464], "cam_t_m2c": [-263.2246398925781, 103.35393524169922, 927.1377563476562], "obj_id": 1}, {"cam_R_m2c": [0.6078247427940369, -0.22302085161209106, 0.7621093988418579, 0.7890628576278687, 0.2772582769393921, -0.5481857657432556, -0.0890442505478859, 0.9345530867576599, 0.34450191259384155], "cam_t_m2c": [-191.0405731201172, 23.12628746032715, 790.938720703125], "obj_id": 1}, {"cam_R_m2c": [-0.4233171045780182, 0.8588762283325195, 0.28832972049713135, 0.08613640815019608, -0.278655081987381, 0.9565206170082092, 0.9018774628639221, 0.4297473132610321, 0.04397908225655556], "cam_t_m2c": [-416.5598449707031, 312.0955505371094, 687.9108276367188], "obj_id": 1}, {"cam_R_m2c": [-0.15712198615074158, 0.4155983030796051, -0.8958741426467896, -0.9222247004508972, 0.2627698481082916, 0.28364312648773193, 0.35329025983810425, 0.8707639575004578, 0.3419882357120514], "cam_t_m2c": [-307.60223388671875, 153.74305725097656, 853.38720703125], "obj_id": 0}],
