{
  "0": [{"cam_R_m2c": [-0.19668668508529663, 0.11834943294525146, 0.9732972979545593, 0.7677682042121887, 0.6359843611717224, 0.07781942188739777, -0.6097919940948486, 0.7625728249549866, -0.21595457196235657], "cam_t_m2c": [-83.0821304321289, 71.92072296142578, 510.3422546386719], "obj_id": 3}, {"cam_R_m2c": [0.9997720122337341, -0.019750500097870827, -0.008117546327412128, -0.014857142232358456, -0.9164343476295471, 0.39990919828414917, -0.015337605029344559, -0.3996973931789398, -0.9165188074111938], "cam_t_m2c": [-121.98961639404297, -205.5736846923828, 615.0872192382812], "obj_id": 3}, {"cam_R_m2c": [0.06333130598068237, -0.8704397678375244, -0.4881841838359833, 0.9971717596054077, 0.03535664081573486, 0.06631997972726822, -0.04046699404716492, -0.4910036325454712, 0.8702171444892883], "cam_t_m2c": [-320.0609436035156, -136.8454132080078, 613.6533203125], "obj_id": 3}, {"cam_R_m2c": [0.7292484641075134, -0.2129112035036087, 0.6502811312675476, -0.4527079463005066, -0.8627500534057617, 0.22520628571510315, 0.5130811333656311, -0.45861876010894775, -0.7255457043647766], "cam_t_m2c": [-63.895748138427734, -193.61878967285156, 611.6389770507812], "obj_id": 3}, {"cam_R_m2c": [-0.8213186264038086, 0.44615453481674194, 0.3555018901824951, -0.568195641040802, -0.5841941237449646, -0.5795435309410095, -0.05088387057185173, -0.6779845952987671, 0.7333127856254578], "cam_t_m2c": [53.59528732299805, -112.2173843383789, 639.3195190429688], "obj_id": 3}, {"cam_R_m2c": [-0.9845067262649536, 0.1750171184539795, -0.010754506103694439, -0.07253023982048035, -0.4623023271560669, -0.8837510943412781, -0.15964339673519135, -0.8692787885665894, 0.4678336977958679], "cam_t_m2c": [-88.6719970703125, 119.18836212158203, 674.9603881835938], "obj_id": 3}, {"cam_R_m2c": [-0.2436329871416092, 0.7169046401977539, -0.6532156467437744, 0.881649374961853, 0.4443635940551758, 0.1588563323020935, 0.4041500985622406, -0.5372045040130615, -0.7403202056884766], "cam_t_m2c": [-177.4784698486328, 178.62193298339844, 620.5760498046875], "obj_id": 3}, {"cam_R_m2c": [0.10436221957206726, -0.8519582748413086, -0.5131039619445801, 0.5802443027496338, 0.47117117047309875, -0.664314866065979, 0.8077283501625061, -0.22839626669883728, 0.5435163974761963], "cam_t_m2c": [-90.38259887695312, 113.9039535522461, 513.63427734375], "obj_id": 3}, {"cam_R_m2c": [0.5820749402046204, 0.813127338886261, 0.003556322306394577, -0.32876116037368774, 0.23133808374404907, 0.915641188621521, 0.7437101602554321, -0.5341410040855408, 0.40198078751564026], "cam_t_m2c": [-94.60877227783203, -263.9591979980469, 576.26806640625], "obj_id": 3}, {"cam_R_m2c": [0.6825182437896729, -0.6838105916976929, -0.25801539421081543, -0.6341244578361511, -0.37851911783218384, -0.6742473840713501, 0.36339372396469116, 0.6238000392913818, -0.691967248916626], "cam_t_m2c": [-151.7236785888672, -146.98562622070312, 640.0840454101562], "obj_id": 3}, {"cam_R_m2c": [-0.5655959248542786, -0.06429693102836609, 0.8221721649169922, -0.5823573470115662, -0.6747579574584961, -0.4533889889717102, 0.5839187502861023, -0.7352330088615417, 0.344196617603302], "cam_t_m2c": [-340.1851806640625, 42.04258728027344, 742.1566162109375], "obj_id": 3}, {"cam_R_m2c": [-0.5540980696678162, 0.4343060255050659, -0.7101784944534302, 0.831804096698761, 0.3224946856498718, -0.4517732858657837, 0.0328209213912487, -0.8410561084747314, -0.5399512052536011], "cam_t_m2c": [-145.39491271972656, 99.63482666015625, 666.1651611328125], "obj_id": 3}, {"cam_R_m2c": [0.8522108793258667, -0.20322301983833313, -0.4821171760559082, 0.5092021226882935, 0.11044976860284805, 0.8535302877426147, -0.1202073022723198, -0.9728829264640808, 0.1976080983877182], "cam_t_m2c": [-141.17620849609375, 237.54202270507812, 539.5345458984375], "obj_id": 3}, {"cam_R_m2c": [-0.14144495129585266, -0.6669209599494934, -0.7315801978111267, 0.21204142272472382, 0.7014476656913757, -0.680448055267334, 0.9669703245162964, -0.2513713240623474, 0.04219866544008255], "cam_t_m2c": [-98.43989562988281, 229.04150390625, 474.40948486328125], "obj_id": 3}, {"cam_R_m2c": [-0.10584834218025208, -0.9666094183921814, -0.23337143659591675, 0.22592249512672424, -0.25192925333976746, 0.9410050511360168, -0.9683775305747986, 0.046880025416612625, 0.24504519999027252], "cam_t_m2c": [-257.0130615234375, 78.63909149169922, 713.71337890625], "obj_id": 3}, {"cam_R_m2c": [0.9452917575836182, -0.27316465973854065, 0.1783384531736374, -0.24238961935043335, -0.9539965987205505, -0.1764582097530365, 0.21833644807338715, 0.12357709556818008, -0.9680173993110657], "cam_t_m2c": [-122.36399841308594, 48.14890670776367, 795.244140625], "obj_id": 3}, {"cam_R_m2c": [0.9605035185813904, -0.25582149624824524, -0.10949111729860306, 0.19556069374084473, 0.3406508266925812, 0.9196265339851379, -0.19796200096607208, -0.9047167301177979, 0.37722495198249817], "cam_t_m2c": [-244.13070678710938, -171.2727508544922, 498.2411804199219], "obj_id": 3}, {"cam_R_m2c": [0.05942579358816147, -0.458332359790802, -0.8867918848991394, -0.8240412473678589, 0.47886937856674194, -0.3027210235595703, 0.5634043216705322, 0.7487425804138184, -0.34922757744789124], "cam_t_m2c": [-202.18731689453125, 145.09629821777344, 546.31494140625], "obj_id": 3}, {"cam_R_m2c": [-0.08489866554737091, -0.8750402927398682, -0.4765465557575226, -0.5690435767173767, -0.3500222861766815, 0.7440925240516663, -0.8179128766059875, 0.33434829115867615, -0.4682195782661438], "cam_t_m2c": [-246.75572204589844, -264.87420654296875, 585.3365478515625], "obj_id": 3}, {"cam_R_m2c": [-0.3727174699306488, -0.6249859929084778, 0.6859111785888672, -0.3757648169994354, -0.574202835559845, -0.7273869514465332, 0.8484588265419006, -0.5288511514663696, -0.020832262933254242], "cam_t_m2c": [-300.2808837890625, -83.03343200683594, 378.939697265625], "obj_id": 3}, {"cam_R_m2c": [-0.3083651661872864, -0.8239095211029053, -0.47548291087150574, 0.09536312520503998, 0.4705488085746765, -0.8772056102752686, 0.9464759230613708, -0.31584322452545166, -0.066530242562294], "cam_t_m2c": [34.45216369628906, -224.1750030517578, 549.5829467773438], "obj_id": 3}, {"cam_R_m2c": [-0.6937748193740845, -0.6443514823913574, 0.32169491052627563, -0.6964848041534424, 0.48661962151527405, -0.5273616313934326, 0.18326319754123688, -0.5899258255958557, -0.7863854169845581], "cam_t_m2c": [-335.5979309082031, -18.08770751953125, 515.64990234375], "obj_id": 3}, {"cam_R_m2c": [0.6714487075805664, 0.09658505022525787, 0.7347297668457031, -0.7297447323799133, -0.08635260164737701, 0.6782444715499878, 0.1289542317390442, -0.9915716052055359, 0.012501147575676441], "cam_t_m2c": [-196.12782287597656, 210.42062377929688, 611.540771484375], "obj_id": 3}, {"cam_R_m2c": [-0.3423565626144409, -0.3317882716655731, -0.879038393497467, -0.9363007545471191, 0.04249612241983414, 0.3486185073852539, -0.07831183820962906, 0.9423961639404297, -0.32520240545272827], "cam_t_m2c": [-112.24248504638672, 187.4607391357422, 643.3472900390625], "obj_id": 3}, {"cam_R_m2c": [-0.855587899684906, -0.37107086181640625, -0.36093735694885254, -0.5151644945144653, 0.5420060753822327, 0.6639540195465088, -0.05074375867843628, 0.7540131211280823, -0.6548964381217957], "cam_t_m2c": [-179.14974975585938, 176.52154541015625, 559.790283203125], "obj_id": 3}, {"cam_R_m2c": [-0.6696237325668335, -0.7246608734130859, 0.1626967489719391, -0.7331826686859131, 0.6799444556236267, 0.010893786326050758, -0.11851904541254044, -0.11199171096086502, -0.9866157174110413], "cam_t_m2c": [-23.972360610961914, -133.96426391601562, 434.1658935546875], "obj_id": 3}, {"cam_R_m2c": [0.2347480058670044, -0.39026084542274475, 0.8902751803398132, -0.8956103920936584, -0.4428495764732361, 0.04202737286686897, 0.3778563141822815, -0.8072054982185364, -0.45347973704338074], "cam_t_m2c": [-278.6556701660156, 32.225704193115234, 500.724365234375], "obj_id": 3}, {"cam_R_m2c": [-0.6234464049339294, -0.6785832643508911, 0.3883802592754364, -0.5226231217384338, -0.007777402177453041, -0.8525282740592957, 0.5815320611000061, -0.7344822883605957, -0.34979447722435], "cam_t_m2c": [-367.58612060546875, -198.87672424316406, 544.5826416015625], "obj_id": 3}, {"cam_R_m2c": [0.8785195350646973, -0.4348291754722595, 0.1978054642677307, -0.3003154397010803, -0.18070320785045624, 0.9365666508674622, -0.3715023994445801, -0.8821961283683777, -0.2893372178077698], "cam_t_m2c": [-383.4210205078125, 81.79743957519531, 750.7338256835938], "obj_id": 1}, {"cam_R_m2c": [-0.8323745131492615, -0.45289361476898193, -0.3194364309310913, 0.5537565350532532, -0.7030354142189026, -0.44620010256767273, -0.022493984550237656, -0.5482956767082214, 0.8359819650650024], "cam_t_m2c": [-12.241181373596191, -91.30133819580078, 591.6715087890625], "obj_id": 1}, {"cam_R_m2c": [-0.2418399453163147, 0.9289957880973816, 0.28014323115348816, 0.4551025629043579, -0.14638857543468475, 0.8783234357833862, 0.8569685220718384, 0.33990758657455444, -0.387385755777359], "cam_t_m2c": [-139.99404907226562, 122.990966796875, 484.8232727050781], "obj_id": 1}, {"cam_R_m2c": [-0.073198601603508, -0.5716080665588379, -0.8172551989555359, -0.785376787185669, -0.4720143973827362, 0.4004817306995392, -0.6146748661994934, 0.6711680293083191, -0.4143768846988678], "cam_t_m2c": [14.821117401123047, -168.93914794921875, 506.66064453125], "obj_id": 1}, {"cam_R_m2c": [-0.30684202909469604, -0.3901219367980957, 0.8681316375732422, 0.3805166184902191, 0.7857773303985596, 0.4876074492931366, -0.8723845481872559, 0.47995707392692566, -0.09266158193349838], "cam_t_m2c": [-378.6842041015625, 124.2059097290039, 711.1320190429688], "obj_id": 1}, {"cam_R_m2c": [-0.7153432965278625, 0.4658954441547394, -0.5207930207252502, -0.31353819370269775, -0.8800624012947083, -0.35662850737571716, -0.6244819760322571, -0.09182333201169968, 0.7756228446960449], "cam_t_m2c": [-431.4416198730469, -9.544175148010254, 476.6289978027344], "obj_id": 1}, {"cam_R_m2c": [0.9662823677062988, -0.20778504014015198, -0.1520649641752243, 0.22968578338623047, 0.42866411805152893, 0.8737800717353821, -0.11637360602617264, -0.8792454600334167, 0.4619358479976654], "cam_t_m2c": [-356.4255065917969, 190.70379638671875, 625.759521484375], "obj_id": 1}, {"cam_R_m2c": [0.9451577067375183, 0.23971869051456451, -0.2218373715877533, -0.2316533774137497, 0.9708150029182434, 0.06208834797143936, 0.23024678230285645, -0.0072939093224704266, 0.9731049537658691], "cam_t_m2c": [-146.85855102539062, -153.41915893554688, 656.7171020507812], "obj_id": 1}, {"cam_R_m2c": [0.40363162755966187, 0.48378780484199524, -0.7765506505966187, -0.872516930103302, 0.45894038677215576, -0.16759458184242249, 0.2753102481365204, 0.7452000379562378, 0.6073558926582336], "cam_t_m2c": [-252.4839324951172, -153.6774139404297, 582.53662109375], "obj_id": 1}, {"cam_R_m2c": [-0.6324256062507629, 0.023713406175374985, -0.774258017539978, -0.5485847592353821, 0.6919723749160767, 0.4692855775356293, 0.5468934774398804, 0.7215343713760376, -0.42461222410202026], "cam_t_m2c": [-398.3033447265625, 80.14349365234375, 715.9050903320312], "obj_id": 1}, {"cam_R_m2c": [0.32780441641807556, -0.22434380650520325, 0.9177222847938538, 0.050443705171346664, -0.9658542275428772, -0.25412818789482117, 0.9433979988098145, 0.12959766387939453, -0.30529460310935974], "cam_t_m2c": [-56.822994232177734, 38.88151550292969, 480.4777526855469], "obj_id": 1}, {"cam_R_m2c": [-0.7729841470718384, 0.6034151911735535, -0.1959218531847, 0.6285709738731384, 0.6865619421005249, -0.3654192090034485, -0.08598703891038895, -0.40561410784721375, -0.9099907875061035], "cam_t_m2c": [-96.53472900390625, 8.40976619720459, 738.8843994140625], "obj_id": 1}, {"cam_R_m2c": [-0.30531153082847595, -0.9360571503639221, 0.17487603425979614, 0.6989456415176392, -0.0955611988902092, 0.7087615132331848, -0.6467299461364746, 0.33862200379371643, 0.6834291815757751], "cam_t_m2c": [-439.00531005859375, 177.38607788085938, 623.3328857421875], "obj_id": 1}, {"cam_R_m2c": [-0.015506274066865444, -0.8233417272567749, -0.5673340559005737, 0.9782289862632751, 0.10494507849216461, -0.17903798818588257, 0.20694835484027863, -0.5577588081359863, 0.8037894368171692], "cam_t_m2c": [-301.74993896484375, -244.16287231445312, 555.210693359375], "obj_id": 1}, {"cam_R_m2c": [-0.7984012961387634, -0.27727651596069336, 0.5344836711883545, -0.31494876742362976, -0.5642399191856384, -0.763177752494812, 0.513188362121582, -0.7776572704315186, 0.36316221952438354], "cam_t_m2c": [-67.9321517944336, 142.90599060058594, 690.2869262695312], "obj_id": 1}, {"cam_R_m2c": [-0.167439803481102, -0.9615151882171631, -0.2178356647491455, 0.6054031848907471, 0.07410982996225357, -0.792461097240448, 0.7781071662902832, -0.2645680010318756, 0.5696954727172852], "cam_t_m2c": [-42.68639373779297, 7.361825466156006, 667.4606323242188], "obj_id": 1}, {"cam_R_m2c": [-0.9559460282325745, 0.18934695422649384, -0.22431056201457977, 0.26482322812080383, 0.8859462738037109, -0.3807464838027954, 0.1266339272260666, -0.42337566614151, -0.8970602750778198], "cam_t_m2c": [-184.0709686279297, 139.56423950195312, 526.6561889648438], "obj_id": 1}, {"cam_R_m2c": [0.9518305063247681, -0.18721190094947815, -0.24283814430236816, 0.3050481975078583, 0.4979541301727295, 0.8117803335189819, -0.031052686274051666, -0.8467546105384827, 0.5310766100883484], "cam_t_m2c": [-181.3082733154297, 124.39128112792969, 713.2948608398438], "obj_id": 1}, {"cam_R_m2c": [-0.6168859601020813, 0.5706310272216797, -0.5420628786087036, -0.7844553589820862, -0.501687228679657, 0.36460933089256287, -0.06388857960700989, 0.6501464247703552, 0.7571181654930115], "cam_t_m2c": [-74.01850891113281, 71.92139434814453, 637.0975952148438], "obj_id": 1}, {"cam_R_m2c": [0.8494166731834412, 0.1933578997850418, -0.4910234212875366, 0.34957197308540344, -0.9032007455825806, 0.24905382096767426, -0.39533621072769165, -0.38319849967956543, -0.8347862958908081], "cam_t_m2c": [-130.4838409423828, -276.31988525390625, 593.314208984375], "obj_id": 1}, {"cam_R_m2c": [-0.051862992346286774, 0.9107044339179993, 0.4097895920276642, -0.8362651467323303, 0.1846890151500702, -0.516285240650177, -0.5458669066429138, -0.36946892738342285, 0.7520119547843933], "cam_t_m2c": [-335.2737731933594, -104.02281951904297, 578.7941284179688], "obj_id": 1}, {"cam_R_m2c": [0.08522171527147293, 0.9139930009841919, 0.39667871594429016, 0.385773241519928, -0.3973430395126343, 0.8326448798179626, 0.9186491370201111, 0.08206861466169357, -0.38645631074905396], "cam_t_m2c": [-201.27008056640625, 3.5429039001464844, 513.0372924804688], "obj_id": 1}, {"cam_R_m2c": [-0.5697687864303589, 0.4480202794075012, -0.6889419555664062, -0.18237841129302979, 0.748489499092102, 0.6375747323036194, 0.8013122081756592, 0.4889184534549713, -0.34475669264793396], "cam_t_m2c": [-245.664794921875, -194.764404296875, 683.5429077148438], "obj_id": 1}, {"cam_R_m2c": [-0.4716026484966278, -0.5210064649581909, 0.7114374041557312, -0.8813318014144897, 0.30508682131767273, -0.3607994616031647, -0.029071304947137833, -0.7971664071083069, -0.6030592918395996], "cam_t_m2c": [-87.11419677734375, -178.65965270996094, 573.4987182617188], "obj_id": 1}, {"cam_R_m2c": [0.4268988370895386, 0.8592876195907593, 0.28174853324890137, -0.5636007189750671, 0.009167107753455639, 0.8259965181350708, 0.707185685634613, -0.511410653591156, 0.488208532333374], "cam_t_m2c": [-246.9821014404297, -202.1000213623047, 738.3392333984375], "obj_id": 1}, {"cam_R_m2c": [-0.8461043834686279, -0.1290917843580246, 0.5171486735343933, -0.2476344108581543, 0.9543657898902893, -0.16692256927490234, -0.4720006585121155, -0.26929771900177, -0.8394606709480286], "cam_t_m2c": [-272.0189208984375, -172.0649871826172, 680.324462890625], "obj_id": 1}, {"cam_R_m2c": [-0.6089071035385132, 0.6451672315597534, 0.46150973439216614, -0.7326783537864685, -0.23446469008922577, -0.6389120817184448, -0.3039973974227905, -0.7271763682365417, 0.615467369556427], "cam_t_m2c": [-142.48802185058594, 114.74784851074219, 637.0164794921875], "obj_id": 1}, {"cam_R_m2c": [0.8924591541290283, 0.27819618582725525, 0.35513874888420105, 0.451116681098938, -0.555963933467865, -0.698138952255249, 0.0032247246708720922, 0.7832695245742798, -0.6216740012168884], "cam_t_m2c": [-313.8970642089844, 60.0989875793457, 479.02032470703125], "obj_id": 1}, {"cam_R_m2c": [-0.6979483962059021, -0.5171452164649963, -0.49540790915489197, -0.18698982894420624, -0.5361726880073547, 0.823136568069458, -0.6913052797317505, 0.6671430468559265, 0.2775198519229889], "cam_t_m2c": [-219.1215057373047, 23.180561065673828, 403.13604736328125], "obj_id": 1}, {"cam_R_m2c": [-0.349228173494339, 0.48087525367736816, -0.8042379021644592, -0.9368493556976318, -0.1619768738746643, 0.3099624216556549, 0.018785296007990837, 0.8616974353790283, 0.5070745944976807], "cam_t_m2c": [-278.3119201660156, -83.68291473388672, 601.9237060546875], "obj_id": 1}, {"cam_R_m2c": [-0.5848196744918823, -0.4015013873577118, -0.7048280239105225, 0.8080108165740967, -0.36487507820129395, -0.46258479356765747, -0.0714457556605339, -0.8400373458862305, 0.537803590297699], "cam_t_m2c": [-192.94822692871094, -156.1934051513672, 475.6047668457031], "obj_id": 1}, {"cam_R_m2c": [0.6413012742996216, -0.7326976656913757, 0.2277868688106537, -0.19070830941200256, -0.4397646486759186, -0.8776317834854126, 0.7432113289833069, 0.519385576248169, -0.4217531681060791], "cam_t_m2c": [-35.32295227050781, 51.30632400512695, 671.6471557617188], "obj_id": 1}, {"cam_R_m2c": [0.8868337869644165, -0.009092972613871098, -0.4619990885257721, -0.16431301832199097, 0.9282565712928772, -0.3336780369281769, 0.43188780546188354, 0.37182942032814026, 0.8217151761054993], "cam_t_m2c": [-98.27149963378906, -7.977723121643066, 776.2793579101562], "obj_id": 1}, {"cam_R_m2c": [-0.32287028431892395, -0.6466852426528931, -0.6910518407821655, -0.0011353689478710294, 0.7304209470748901, -0.6829962730407715, 0.9464424252510071, -0.21973468363285065, -0.23656539618968964], "cam_t_m2c": [-174.33518981933594, 124.02600860595703, 535.104736328125], "obj_id": 1}, {"cam_R_m2c": [-0.6048043370246887, 0.7606408596038818, 0.23587532341480255, 0.4008015990257263, 0.5466712117195129, -0.7351929545402527, -0.6881640553474426, -0.35010871291160583, -0.6354951858520508], "cam_t_m2c": [-104.64366149902344, -102.50562286376953, 455.9625549316406], "obj_id": 1}, {"cam_R_m2c": [-0.3090965747833252, 0.8459610342979431, -0.4345218539237976, 0.687078595161438, 0.5145428776741028, 0.5129996538162231, 0.6575578451156616, -0.13998423516750336, -0.7402851581573486], "cam_t_m2c": [-332.70391845703125, -194.85379028320312, 582.8970947265625], "obj_id": 1}, {"cam_R_m2c": [-0.9275082945823669, -0.3645058274269104, 0.08284716308116913, -0.3144381046295166, 0.8806520700454712, 0.3543735146522522, -0.2021307349205017, 0.3026340901851654, -0.9314266443252563], "cam_t_m2c": [-159.3550262451172, 138.32742309570312, 669.3185424804688], "obj_id": 1}, {"cam_R_m2c": [0.5411760807037354, 0.20604029297828674, -0.8152764439582825, -0.8395960927009583, 0.0782320648431778, -0.5375480651855469, -0.04697591811418533, 0.9754111170768738, 0.21532802283763885], "cam_t_m2c": [-310.1080322265625, -159.70248413085938, 730.46240234375], "obj_id": 1}, {"cam_R_m2c": [-0.9109786748886108, -0.2960567772388458, 0.2871722877025604, -0.4124118685722351, 0.6439889669418335, -0.6443559527397156, 0.0058302017860114574, -0.7054279446601868, -0.7087574601173401], "cam_t_m2c": [-82.6464614868164, -260.23785400390625, 615.24365234375], "obj_id": 1}, {"cam_R_m2c": [-0.3369253873825073, -0.3753715455532074, 0.86346834897995, -0.9277920722961426, 0.2884654998779297, -0.2366211712360382, -0.16026002168655396, -0.8808427453041077, -0.4454581141471863], "cam_t_m2c": [-315.282958984375, -180.7445068359375, 541.1784057617188], "obj_id": 1}, {"cam_R_m2c": [-0.19331946969032288, -0.7454503774642944, 0.6379117369651794, 0.5535817742347717, 0.45392554998397827, 0.6982111930847168, -0.8100461959838867, 0.4881140887737274, 0.3249150514602661], "cam_t_m2c": [-252.91526794433594, 100.89102935791016, 563.8707885742188], "obj_id": 1}, {"cam_R_m2c": [-0.6781650185585022, 0.5154422521591187, 0.5238431096076965, -0.5798406004905701, -0.8132234811782837, 0.04952267184853554, 0.45152756571769714, -0.2701609432697296, 0.8503739833831787], "cam_t_m2c": [-194.31146240234375, -54.751953125, 578.7543334960938], "obj_id": 1}, {"cam_R_m2c": [-0.7905447483062744, -0.48349106311798096, 0.3758659064769745, 0.208731010556221, -0.7897326350212097, -0.5768479704856873, 0.5757344365119934, -0.377569317817688, 0.7252387404441833], "cam_t_m2c": [-68.10850524902344, -124.38330078125, 586.3450927734375], "obj_id": 1}, {"cam_R_m2c": [-0.31514954566955566, 0.932007372379303, -0.17900559306144714, -0.7232615947723389, -0.1137407049536705, 0.6811429262161255, 0.6144700050354004, 0.3441297709941864, 0.7099304795265198], "cam_t_m2c": [-228.1931915283203, 117.89633178710938, 610.8956909179688], "obj_id": 1}, {"cam_R_m2c": [-0.15263640880584717, 0.3964773714542389, -0.9052667021751404, 0.04133623465895653, -0.9126371741294861, -0.4066750705242157, -0.9874175190925598, -0.09949374943971634, 0.12291283160448074], "cam_t_m2c": [-359.5073547363281, 111.49256134033203, 619.50537109375], "obj_id": 1}, {"cam_R_m2c": [0.4523871839046478, -0.8906809687614441, 0.0450921505689621, -0.8913325667381287, -0.45323508977890015, -0.010210647247731686, 0.029531771317124367, -0.03557293489575386, -0.9989306330680847], "cam_t_m2c": [-122.09442901611328, -177.2174835205078, 572.6294555664062], "obj_id": 1}, {"cam_R_m2c": [-0.3685303330421448, 0.367900550365448, -0.8537180423736572, 0.882844090461731, -0.14911912381649017, -0.44536471366882324, -0.2911556661128998, -0.9178303480148315, -0.26984384655952454], "cam_t_m2c": [-287.1234130859375, -150.64111328125, 689.0838012695312], "obj_id": 1}, {"cam_R_m2c": [0.012365593574941158, -0.9795615673065186, -0.20076388120651245, -0.9998204112052917, -0.00922986026853323, -0.016546936705708504, 0.014355707913637161, 0.20093245804309845, -0.9794997572898865], "cam_t_m2c": [-262.1639709472656, 128.30938720703125, 580.2572631835938], "obj_id": 1}, {"cam_R_m2c": [-0.8737640380859375, 0.40523767471313477, 0.26892217993736267, 0.20538362860679626, -0.1937686800956726, 0.9593077898025513, 0.44085630774497986, 0.8934407234191895, 0.08607874065637589], "cam_t_m2c": [-70.64348602294922, -29.183509826660156, 409.154296875], "obj_id": 1}, {"cam_R_m2c": [0.7026201486587524, 0.11046053469181061, -0.7029391527175903, 0.5531504154205322, -0.7062057852745056, 0.441925585269928, -0.4476042687892914, -0.6993368864059448, -0.5572956800460815], "cam_t_m2c": [-103.19679260253906, -239.04005432128906, 592.4856567382812], "obj_id": 1}, {"cam_R_m2c": [0.8741001486778259, 0.32179391384124756, -0.36386480927467346, 0.38555073738098145, -0.003977297805249691, 0.9226779937744141, 0.29546496272087097, -0.9468013644218445, -0.12754444777965546], "cam_t_m2c": [-77.98596954345703, -222.9680633544922, 647.1625366210938], "obj_id": 1}, {"cam_R_m2c": [0.1987185776233673, 0.17218317091464996, -0.9648129940032959, -0.8141208291053772, -0.5190785527229309, -0.2603174149990082, -0.5456358194351196, 0.8372042179107666, 0.037027157843112946], "cam_t_m2c": [-19.644208908081055, -158.2565460205078, 444.7362976074219], "obj_id": 1}, {"cam_R_m2c": [0.48321184515953064, 0.32411861419677734, 0.8132979273796082, -0.38655218482017517, 0.9124836921691895, -0.1339808702468872, -0.7855467796325684, -0.24964094161987305, 0.5662117004394531], "cam_t_m2c": [-65.01095581054688, -117.17137908935547, 585.7960205078125], "obj_id": 1}, {"cam_R_m2c": [-0.7191044688224792, 0.6426535844802856, -0.2643578350543976, -0.35635876655578613, -0.014449807815253735, 0.9342374205589294, 0.5965710878372192, 0.7660205960273743, 0.23940619826316833], "cam_t_m2c": [-100.0398941040039, -32.90262222290039, 663.203369140625], "obj_id": 1}, {"cam_R_m2c": [-0.6153314709663391, 0.6181931495666504, 0.48908525705337524, -0.7838343977928162, -0.5455711483955383, -0.29657331109046936, 0.08349120616912842, -0.5658527612686157, 0.8202681541442871], "cam_t_m2c": [-102.23690032958984, 193.83013916015625, 629.470703125], "obj_id": 3}, {"cam_R_m2c": [0.5439552068710327, -0.8057236671447754, 0.23435460031032562, 0.3651299476623535, -0.024184465408325195, -0.9306424260139465, 0.7555083632469177, 0.5917977094650269, 0.2810385525226593], "cam_t_m2c": [-266.2964782714844, 19.527891159057617, 780.8626708984375], "obj_id": 1}, {"cam_R_m2c": [0.21724382042884827, 0.8727020621299744, 0.43726006150245667, 0.9060601592063904, -0.013642815873026848, -0.422929048538208, -0.36312559247016907, 0.48806262016296387, -0.7936843633651733], "cam_t_m2c": [-128.29141235351562, -75.06336975097656, 368.1521301269531], "obj_id": 1}, {"cam_R_m2c": [0.25664255023002625, -0.5329396724700928, -0.8062939643859863, -0.05763283744454384, 0.8243124485015869, -0.5631939768791199, 0.9647865295410156, 0.1910085380077362, 0.18083882331848145], "cam_t_m2c": [-364.5469970703125, 84.45682525634766, 518.7257080078125], "obj_id": 1}, {"cam_R_m2c": [-0.6045524477958679, -0.3458152413368225, 0.7175847887992859, 0.48034408688545227, 0.5603650212287903, 0.6747300028800964, -0.6354413032531738, 0.7525973916053772, -0.1726597100496292], "cam_t_m2c": [-94.76675415039062, -92.7477035522461, 381.797119140625], "obj_id": 1}, {"cam_R_m2c": [-0.9879748821258545, -0.05053307116031647, 0.14612336456775665, -0.00514428224414587, -0.9338154196739197, -0.35771816968917847, 0.15452884137630463, -0.35416826605796814, 0.9223262071609497], "cam_t_m2c": [-164.1119384765625, 149.421875, 697.901123046875], "obj_id": 3}, {"cam_R_m2c": [-0.23675411939620972, -0.8004546165466309, -0.5506537556648254, 0.7416560053825378, -0.5150153636932373, 0.42977336049079895, -0.627609372138977, -0.3066450357437134, 0.7155942916870117], "cam_t_m2c": [-236.17108154296875, 16.04567527770996, 441.48919677734375], "obj_id": 1}, {"cam_R_m2c": [0.6116821765899658, 0.5143967270851135, 0.6010331511497498, 0.640288233757019, 0.12429559975862503, -0.758011519908905, -0.46462440490722656, 0.8484965562820435, -0.2533327639102936], "cam_t_m2c": [-440.651123046875, -1.898042917251587, 518.9260864257812], "obj_id": 1}, {"cam_R_m2c": [0.640374481678009, -0.2928037941455841, -0.7100608348846436, 0.5789785981178284, 0.7914897203445435, 0.19577467441558838, 0.5046823024749756, -0.5364791750907898, 0.67637699842453], "cam_t_m2c": [-45.612056732177734, 119.12785339355469, 735.7381591796875], "obj_id": 1}, {"cam_R_m2c": [-0.04872259125113487, 0.9971299767494202, 0.05794866383075714, 0.9172663688659668, 0.021708641201257706, 0.3976823687553406, 0.3952829837799072, 0.07253045588731766, -0.9156914949417114], "cam_t_m2c": [-269.26544189453125, -212.1116485595703, 728.1303100585938], "obj_id": 3}, {"cam_R_m2c": [0.6413392424583435, -0.6622917056083679, 0.3873676359653473, 0.5516411066055298, 0.748929500579834, 0.36714667081832886, -0.5332692265510559, -0.021777678281068802, 0.8456652164459229], "cam_t_m2c": [-268.86322021484375, -167.77130126953125, 520.6508178710938], "obj_id": 1}, {"cam_R_m2c": [-0.39801225066185, 0.49545079469680786, 0.772084653377533, 0.3550496995449066, -0.6928377151489258, 0.6276269555091858, 0.8458876609802246, 0.5239316821098328, 0.09984824061393738], "cam_t_m2c": [2.639256238937378, 44.08170700073242, 810.7099609375], "obj_id": 1}, {"cam_R_m2c": [-0.7414251565933228, -0.5968548655509949, 0.30668073892593384, -0.028040258213877678, -0.4290701746940613, -0.9028358459472656, 0.6704494953155518, -0.6779845952987671, 0.30138739943504333], "cam_t_m2c": [-174.7622833251953, 25.840482711791992, 744.343994140625], "obj_id": 3}, {"cam_R_m2c": [-0.03202352300286293, 0.786516010761261, 0.6167389750480652, 0.18039609491825104, 0.6114699840545654, -0.7704295516014099, -0.9830725193023682, 0.0865854024887085, -0.1614658236503601], "cam_t_m2c": [-187.541015625, -64.1298599243164, 362.0719909667969], "obj_id": 1}, {"cam_R_m2c": [-0.5869361162185669, -0.35267865657806396, 0.7287822961807251, 0.5554656386375427, 0.4794738292694092, 0.6793840527534485, -0.5890362858772278, 0.8035686612129211, -0.08551958203315735], "cam_t_m2c": [-280.28509521484375, -73.197998046875, 449.06097412109375], "obj_id": 3}, {"cam_R_m2c": [-0.5195828080177307, 0.3996773958206177, -0.7551766037940979, 0.7013380527496338, 0.7043253183364868, -0.10977601259946823, 0.4880150258541107, -0.5866718292236328, -0.6462642550468445], "cam_t_m2c": [-158.4707489013672, 188.25054931640625, 594.558837890625], "obj_id": 3}, {"cam_R_m2c": [0.4215750992298126, 0.3529062569141388, 0.8353033065795898, 0.6344408988952637, 0.5433627963066101, -0.5497651100158691, -0.6478883028030396, 0.7617178559303284, 0.00517005380243063], "cam_t_m2c": [-170.1822967529297, 26.62938117980957, 610.0218505859375], "obj_id": 3}, {"cam_R_m2c": [0.6968820095062256, 0.22921791672706604, 0.6795694231987, 0.19245274364948273, -0.9725648760795593, 0.13068923354148865, 0.690881609916687, 0.039710015058517456, -0.7218766212463379], "cam_t_m2c": [-99.296630859375, 194.02996826171875, 620.94482421875], "obj_id": 3}, {"cam_R_m2c": [-0.24209164083003998, -0.694499135017395, 0.6775415539741516, 0.6391743421554565, -0.639528751373291, -0.4271523058414459, 0.7299642562866211, 0.3296571671962738, 0.5987306237220764], "cam_t_m2c": [-63.31511688232422, -87.23582458496094, 580.15185546875], "obj_id": 1}, {"cam_R_m2c": [0.7726590633392334, -0.45947784185409546, -0.4380388557910919, 0.5233216881752014, 0.07042288035154343, 0.8492202162742615, -0.35934993624687195, -0.885392963886261, 0.294867604970932], "cam_t_m2c": [-116.28350067138672, 28.649227142333984, 814.2965087890625], "obj_id": 3}, {"cam_R_m2c": [-0.4086396396160126, -0.6708726286888123, 0.6188240647315979, 0.61710524559021, -0.7026382684707642, -0.35423174500465393, 0.6724539995193481, 0.2371264547109604, 0.7011252045631409], "cam_t_m2c": [-319.7768249511719, -21.596635818481445, 631.60009765625], "obj_id": 3}, {"cam_R_m2c": [0.17070996761322021, 0.9850008487701416, 0.02512645721435547, 0.9815158247947693, -0.16775619983673096, -0.09211095422506332, -0.08651424944400787, 0.04038626700639725, -0.9954315423965454], "cam_t_m2c": [-86.68401336669922, -59.082183837890625, 740.2676391601562], "obj_id": 3}, {"cam_R_m2c": [0.8192818760871887, -0.5724228620529175, 0.033305831253528595, 0.5142179131507874, 0.7077937126159668, -0.48436349630355835, 0.2536870837211609, 0.4139566719532013, 0.8742326498031616], "cam_t_m2c": [-70.09181213378906, -63.7326774597168, 445.2582092285156], "obj_id": 1}, {"cam_R_m2c": [-0.059066154062747955, -0.7866835594177246, 0.6145244240760803, 0.9847704172134399, 0.054919421672821045, 0.16495811939239502, -0.16351917386054993, 0.6149088740348816, 0.7714586853981018], "cam_t_m2c": [40.05459976196289, -180.43162536621094, 591.5339965820312], "obj_id": 3}, {"cam_R_m2c": [-0.8729187250137329, 0.324394166469574, -0.36439162492752075, -0.16410085558891296, 0.5081539154052734, 0.8454883098602295, 0.4594385027885437, 0.7978395819664001, -0.39034366607666016], "cam_t_m2c": [-171.85316467285156, 107.19728088378906, 575.5440063476562], "obj_id": 3}, {"cam_R_m2c": [-0.15067055821418762, -0.9353195428848267, 0.32011833786964417, 0.047340285032987595, -0.3302699327468872, -0.9426986575126648, 0.9874499440193176, -0.126882404088974, 0.09404021501541138], "cam_t_m2c": [-294.00604248046875, -78.22685241699219, 609.9083862304688], "obj_id": 1}, {"cam_R_m2c": [-0.8997489213943481, -0.09401210397481918, 0.42616114020347595, 0.4362282454967499, -0.16575120389461517, 0.8844383955001831, -0.012511157430708408, 0.9816761612892151, 0.1901453733444214], "cam_t_m2c": [-16.18837547302246, -77.09672546386719, 653.720947265625], "obj_id": 1}, {"cam_R_m2c": [-0.4930841326713562, -0.8225579857826233, -0.2833130955696106, -0.49762579798698425, 0.5337876677513123, -0.6836953163146973, 0.7136080861091614, -0.19613543152809143, -0.6725282669067383], "cam_t_m2c": [7.642602920532227, -133.1514129638672, 506.24822998046875], "obj_id": 1}, {"cam_R_m2c": [0.36036714911460876, 0.5943821668624878, 0.7189195156097412, 0.9105535745620728, -0.3914976119995117, -0.13274690508842468, 0.2025529146194458, 0.7024523615837097, -0.6822996735572815], "cam_t_m2c": [-374.7229919433594, 135.75535583496094, 664.7691650390625], "obj_id": 1}, {"cam_R_m2c": [0.08085127174854279, 0.9962649941444397, 0.030314354225993156, 0.9543405175209045, -0.08615194261074066, 0.2860274910926819, 0.28757086396217346, 0.0058045643381774426, -0.9577415585517883], "cam_t_m2c": [42.36587905883789, -219.81521606445312, 545.4346923828125], "obj_id": 1}, {"cam_R_m2c": [0.1772920936346054, -0.7349920272827148, 0.6544877290725708, -0.9723377823829651, -0.23357662558555603, 0.0010860406327992678, 0.15207481384277344, -0.6365756988525391, -0.7560718059539795], "cam_t_m2c": [-204.76712036132812, 138.00344848632812, 610.79296875], "obj_id": 3}, {"cam_R_m2c": [0.738266110420227, -0.3692176640033722, 0.5644832849502563, 0.6631900668144226, 0.24466082453727722, -0.7073329091072083, 0.1230529323220253, 0.8965596556663513, 0.42548632621765137], "cam_t_m2c": [-118.25382232666016, 67.35326385498047, 511.23089599609375], "obj_id": 3}, {"cam_R_m2c": [0.43400266766548157, 0.8556787967681885, -0.28187841176986694, 0.8985490798950195, -0.388487309217453, 0.20417392253875732, 0.06520109623670578, -0.34189361333847046, -0.9374738931655884], "cam_t_m2c": [-266.3351745605469, -64.88868713378906, 528.9142456054688], "obj_id": 3}, {"cam_R_m2c": [0.4035587012767792, 0.025884855538606644, -0.9145875573158264, -0.4681575894355774, 0.8646778464317322, -0.18210071325302124, 0.786109983921051, 0.5016594529151917, 0.36106646060943604], "cam_t_m2c": [-353.3876647949219, 27.93268394470215, 471.7898864746094], "obj_id": 1}, {"cam_R_m2c": [-0.3479031026363373, 0.7190044522285461, -0.6016610264778137, 0.25671452283859253, -0.5441654920578003, -0.7987374663352966, -0.9016989469528198, -0.4323384165763855, 0.004738022573292255], "cam_t_m2c": [-112.04534149169922, -7.852809429168701, 626.6132202148438], "obj_id": 3}, {"cam_R_m2c": [-0.6456304788589478, 0.32864975929260254, 0.6893116235733032, -0.6218945980072021, -0.7501296401023865, -0.22483906149864197, 0.44317981600761414, -0.5738421678543091, 0.6886921525001526], "cam_t_m2c": [-322.9247741699219, -113.30281066894531, 560.2603149414062], "obj_id": 1}, {"cam_R_m2c": [-0.04557008668780327, -0.7556195855140686, 0.6534234881401062, 0.5438309907913208, 0.529914915561676, 0.6507211327552795, -0.8379564881324768, 0.3850054144859314, 0.38678112626075745], "cam_t_m2c": [-275.4618835449219, -158.53457641601562, 476.06597900390625], "obj_id": 1}, {"cam_R_m2c": [0.3409724533557892, -0.10842717438936234, 0.9337994456291199, 0.11008282750844955, 0.9910974502563477, 0.07488405704498291, -0.9336056709289551, 0.07726188004016876, 0.349872887134552], "cam_t_m2c": [-185.89111328125, -40.55715560913086, 703.2957763671875], "obj_id": 3}, {"cam_R_m2c": [0.2661936581134796, 0.7442132830619812, -0.6126070618629456, -0.027172992005944252, -0.6294912099838257, -0.7765321731567383, -0.9635364413261414, 0.2233542650938034, -0.1473439782857895], "cam_t_m2c": [-46.8347282409668, 206.3907012939453, 576.7401123046875], "obj_id": 3}, {"cam_R_m2c": [-0.6074870228767395, -0.7319924235343933, -0.3084583282470703, -0.5887012481689453, 0.6756008267402649, -0.4438404440879822, 0.5332825183868408, -0.08803752809762955, -0.8413435816764832], "cam_t_m2c": [33.571929931640625, 76.19419860839844, 774.267333984375], "obj_id": 3}, {"cam_R_m2c": [0.7969766855239868, -0.34850597381591797, -0.49332720041275024, 0.5998929142951965, 0.5519113540649414, 0.5792428255081177, 0.07040326297283173, -0.7575865387916565, 0.6489267945289612], "cam_t_m2c": [-279.54962158203125, -215.54971313476562, 554.9931030273438], "obj_id": 1}, {"cam_R_m2c": [-0.5343481302261353, -0.4536687731742859, -0.7132017016410828, -0.775702953338623, 0.5983884930610657, 0.2005397081375122, 0.33579307794570923, 0.6603906750679016, -0.6716599464416504], "cam_t_m2c": [-135.38168334960938, -12.556964874267578, 808.74560546875], "obj_id": 1}, {"cam_R_m2c": [0.07563710957765579, 0.810879647731781, -0.5803045034408569, -0.29426640272140503, -0.5379002094268799, -0.7899814248085022, -0.9527257084846497, 0.23051604628562927, 0.19792939722537994], "cam_t_m2c": [-129.3162078857422, -26.049510955810547, 829.8692016601562], "obj_id": 3}, {"cam_R_m2c": [-0.7822489738464355, -0.5701669454574585, 0.25098997354507446, 0.09876038879156113, -0.511301577091217, -0.8537076711654663, 0.6150875091552734, -0.643024206161499, 0.45627525448799133], "cam_t_m2c": [-115.39512634277344, 64.60057067871094, 579.9935302734375], "obj_id": 3}, {"cam_R_m2c": [-0.6137205362319946, 0.15670309960842133, 0.7738160490989685, 0.6018402576446533, -0.5415133833885193, 0.586985170841217, 0.5110141038894653, 0.8259584903717041, 0.23802761733531952], "cam_t_m2c": [-402.9125061035156, 191.36865234375, 632.5770874023438], "obj_id": 3}, {"cam_R_m2c": [0.9396840333938599, 0.3066227436065674, -0.15157964825630188, 0.33100733160972595, -0.7035288214683533, 0.6288729310035706, 0.08618608862161636, -0.6411158442497253, -0.762589156627655], "cam_t_m2c": [-198.10647583007812, 203.30960083007812, 617.6553955078125], "obj_id": 3}, {"cam_R_m2c": [0.6817909479141235, 0.576715886592865, -0.45006656646728516, -0.6136802434921265, 0.7857674956321716, 0.07723955065011978, 0.39819297194480896, 0.22353574633598328, 0.8896483182907104], "cam_t_m2c": [-303.32666015625, -195.10635375976562, 649.8682250976562], "obj_id": 3}, {"cam_R_m2c": [-0.8643283843994141, 0.1361488550901413, -0.4841483533382416, -0.43573319911956787, -0.6834384202957153, 0.5857031941413879, -0.25114279985427856, 0.7171995043754578, 0.6500400304794312], "cam_t_m2c": [-268.8723449707031, 25.793357849121094, 626.4314575195312], "obj_id": 3}, {"cam_R_m2c": [-0.6063234806060791, 0.7621516585350037, -0.226928249001503, 0.49651816487312317, 0.13992923498153687, -0.8566734194755554, -0.6211612820625305, -0.6320953369140625, -0.46326446533203125], "cam_t_m2c": [-245.79010009765625, -208.4899139404297, 511.370361328125], "obj_id": 3}, {"cam_R_m2c": [0.7522197365760803, -0.531314492225647, 0.38970544934272766, 0.5320965647697449, 0.8386537432670593, 0.11633237451314926, -0.3886370062828064, 0.11985340714454651, 0.9135624766349792], "cam_t_m2c": [-279.0003662109375, 29.892375946044922, 789.939208984375], "obj_id": 1}, {"cam_R_m2c": [-0.9449622631072998, 0.32508474588394165, 0.03696393594145775, -0.22850899398326874, -0.5748992562294006, -0.7856681942939758, -0.2341582179069519, -0.7508733868598938, 0.6175428032875061], "cam_t_m2c": [-196.9435272216797, -272.3345031738281, 640.9244384765625], "obj_id": 3}, {"cam_R_m2c": [-0.5808221101760864, 0.6895807385444641, -0.4325779676437378, -0.3928547203540802, 0.22796916961669922, 0.890895664691925, 0.7129589915275574, 0.6873923540115356, 0.13849568367004395], "cam_t_m2c": [-278.6911315917969, -27.673503875732422, 578.6598510742188], "obj_id": 1}, {"cam_R_m2c": [-0.4335169792175293, 0.7186945676803589, 0.543636679649353, -0.8694019317626953, -0.1748577505350113, -0.46213072538375854, -0.23707173764705658, -0.6729803681373596, 0.7006385326385498], "cam_t_m2c": [-209.83297729492188, 188.54823303222656, 602.8287963867188], "obj_id": 3}, {"cam_R_m2c": [0.8679079413414001, -0.4932508170604706, 0.05864611268043518, -0.3535858690738678, -0.5305624604225159, 0.7703768014907837, -0.3488735854625702, -0.6893525719642639, -0.6348859071731567], "cam_t_m2c": [-197.87425231933594, -35.27532196044922, 407.32928466796875], "obj_id": 3}, {"cam_R_m2c": [-0.6825922727584839, 0.11035234481096268, 0.7224198579788208, 0.7173594236373901, -0.08753672987222672, 0.6911823153495789, 0.13951179385185242, 0.9900302290916443, -0.01941053383052349], "cam_t_m2c": [-192.5398406982422, -77.23324584960938, 423.3234558105469], "obj_id": 1}, {"cam_R_m2c": [-0.3566492199897766, -0.21321670711040497, -0.9095823764801025, 0.6752402186393738, -0.7316799163818359, -0.09324882179498672, -0.6456408500671387, -0.6474437117576599,