{
  "0": [{"cam_R_m2c": [0.5504764914512634, -0.6776719093322754, 0.48758214712142944, -0.74181067943573, -0.12910157442092896, 0.6580650806427002, -0.3830045759677887, -0.7239429950714111, -0.5737716555595398], "cam_t_m2c": [151.4437713623047, 287.02520751953125, 442.593505859375], "obj_id": 0}, {"cam_R_m2c": [0.3233044743537903, 0.944986879825592, -0.04973888024687767, 0.43542876839637756, -0.1952265501022339, -0.8787993788719177, -0.8401642441749573, 0.2624620199203491, -0.47459205985069275], "cam_t_m2c": [-2950.65234375, 23607.37109375, 35123.93359375], "obj_id": 2}, {"cam_R_m2c": [0.13301868736743927, 0.7739660739898682, 0.6190981864929199, -0.8381237387657166, 0.42125096917152405, -0.3465489447116852, -0.5290128588676453, -0.4727834165096283, 0.7047135829925537], "cam_t_m2c": [312.30780029296875, 26296.712890625, 42589.11328125], "obj_id": 2}],
  "1": [{"cam_R_m2c": [0.708063542842865, -0.6899951696395874, 0.1501755267381668, -0.6744318008422852, -0.5977699160575867, 0.43337365984916687, -0.20925532281398773, -0.4081392288208008, -0.888613760471344], "cam_t_m2c": [-3.7238833904266357, 135.07789611816406, 650.6058959960938], "obj_id": 0}, {"cam_R_m2c": [0.03453598916530609, 0.9825612306594849, 0.18270394206047058, 0.08318980783224106, 0.17935223877429962, -0.9802613258361816, -0.9959351420402527, 0.04905341938138008, -0.07554499059915543], "cam_t_m2c": [-5827.201171875, 34835.41015625, 23415.41796875], "obj_id": 2}, {"cam_R_m2c": [0.3313174843788147, 0.5109246373176575, 0.7932116389274597, -0.9244470596313477, 0.3439643681049347, 0.16457849740982056, -0.188749298453331, -0.7878099083900452, 0.5862842202186584], "cam_t_m2c": [-2636.679443359375, 41257.80859375, 28125.294921875], "obj_id": 2}]
}