{
  "0": [{"cam_R_m2c": [-0.7432988882064819, 0.6446433663368225, 0.17872193455696106, -0.48748984932899475, -0.7049289345741272, 0.5151976943016052, 0.45810508728027344, 0.29582077264785767, 0.8382301330566406], "cam_t_m2c": [318.03851318359375, 364.52349853515625, 2484.7802734375], "obj_id": 2}, {"cam_R_m2c": [0.8142609000205994, 0.5778341293334961, 0.055560097098350525, 0.29848408699035645, -0.3346695005893707, -0.893813967704773, -0.4978819787502289, 0.7443815469741821, -0.4449825584888458], "cam_t_m2c": [2.375948429107666, 358.979736328125, 2200.582275390625], "obj_id": 2}, {"cam_R_m2c": [-0.026394207030534744, 0.07704611867666245, 0.9966780543327332, -0.8997446894645691, -0.4363042712211609, 0.009900365024805069, 0.43561771512031555, -0.8964945077896118, 0.08083779364824295], "cam_t_m2c": [38.75482177734375, -685.1415405273438, 3440.9345703125], "obj_id": 1}, {"cam_R_m2c": [0.5243418216705322, 0.8150641322135925, -0.2464469075202942, 0.25826069712638855, -0.42801642417907715, -0.8660849928855896, -0.8113982081413269, 0.3904770314693451, -0.43492594361305237], "cam_t_m2c": [473.2103271484375, -240.6844024658203, 3415.1357421875], "obj_id": 1}, {"cam_R_m2c": [-0.493472695350647, -0.8108211755752563, 0.3147277534008026, -0.8556972146034241, 0.5174034833908081, -0.008711058646440506, -0.15577811002731323, -0.27361032366752625, -0.9491419196128845], "cam_t_m2c": [399.6195373535156, -262.38861083984375, 3015.60498046875], "obj_id": 1}, {"cam_R_m2c": [-0.9848873019218445, 0.06533098220825195, 0.16040198504924774, 0.16894863545894623, 0.5662456154823303, 0.8067355751991272, -0.038122087717056274, 0.8216433525085449, -0.5687256455421448], "cam_t_m2c": [-117.40945434570312, 28.49481201171875, 2118.411376953125], "obj_id": 0}, {"cam_R_m2c": [-0.3758235275745392, 0.34152281284332275, 0.861463189125061, 0.5162646770477295, 0.8491510152816772, -0.11141511052846909, -0.7695631384849548, 0.40287062525749207, -0.4954470992088318], "cam_t_m2c": [-196.4075927734375, 63.05973815917969, 2946.451416015625], "obj_id": 0}, {"cam_R_m2c": [0.21851882338523865, -0.6243722438812256, 0.7499391436576843, -0.6117667555809021, 0.5110834240913391, 0.6037673950195312, -0.7602570652961731, -0.590722382068634, -0.2702888548374176], "cam_t_m2c": [-11.106644630432129, -709.704345703125, 3251.198974609375], "obj_id": 0}, {"cam_R_m2c": [0.9341092109680176, 0.17992223799228668, 0.3083309233188629, -0.30522194504737854, -0.045424435287714005, 0.9511972069740295, 0.18514731526374817, -0.9826314449310303, 0.012484841048717499], "cam_t_m2c": [-358.48956298828125, 144.45899963378906, 3454.461181640625], "obj_id": 1}, {"cam_R_m2c": [0.2068704217672348, 0.8083356022834778, 0.5511788129806519, -0.6212249994277954, 0.5437511205673218, -0.5642820000648499, -0.7558333277702332, -0.22567284107208252, 0.6146443486213684], "cam_t_m2c": [-276.74737548828125, 158.84617614746094, 2588.15966796875], "obj_id": 1}, {"cam_R_m2c": [0.3565010130405426, -0.39415401220321655, 0.8470829725265503, 0.34210485219955444, 0.8987584114074707, 0.2742216885089874, -0.8694085478782654, 0.1920309066772461, 0.4552502930164337], "cam_t_m2c": [10.731926918029785, 404.7074890136719, 2287.6123046875], "obj_id": 0}, {"cam_R_m2c": [-0.9290608763694763, -0.1846066564321518, 0.3205713927745819, -0.2722741961479187, -0.24539275467395782, -0.9304025769233704, 0.25042444467544556, -0.9516841173171997, 0.17772133648395538], "cam_t_m2c": [525.6756591796875, -119.41944885253906, 2565.166015625], "obj_id": 2}, {"cam_R_m2c": [0.35031819343566895, 0.9164318442344666, 0.1934676319360733, -0.8332252502441406, 0.3992653787136078, -0.3825215697288513, -0.42779991030693054, -0.027197884395718575, 0.903464138507843], "cam_t_m2c": [-914.169677734375, 469.9783630371094, 2787.485595703125], "obj_id": 2}, {"cam_R_m2c": [0.7082019448280334, -0.6427735090255737, 0.29204830527305603, 0.14214177429676056, 0.5350020527839661, 0.8328076004981995, -0.6915531158447266, -0.5482836961746216, 0.47025445103645325], "cam_t_m2c": [480.7521057128906, 122.3859634399414, 2544.722900390625], "obj_id": 2}, {"cam_R_m2c": [0.6816596984863281, 0.13110068440437317, 0.719828188419342, -0.058123067021369934, 0.990409791469574, -0.12533998489379883, -0.7293570637702942, 0.04360058531165123, 0.6827424168586731], "cam_t_m2c": [-989.9236450195312, 319.10235595703125, 2742.5263671875], "obj_id": 2}, {"cam_R_m2c": [-0.19587813317775726, 0.7883806228637695, -0.5831703543663025, 0.07768800854682922, 0.6052972078323364, 0.7921993732452393, 0.9775460362434387, 0.10986921191215515, -0.17981219291687012], "cam_t_m2c": [-293.09967041015625, -164.30569458007812, 3091.1357421875], "obj_id": 1}, {"cam_R_m2c": [0.03615594282746315, -0.4732787013053894, 0.8801704049110413, 0.34898480772972107, -0.8193178176879883, -0.45489320158958435, 0.9364306330680847, 0.3236131966114044, 0.13554389774799347], "cam_t_m2c": [-857.4351806640625, 322.64727783203125, 2682.6064453125], "obj_id": 2}, {"cam_R_m2c": [-0.3073312044143677, 0.64211505651474, -0.7023074626922607, 0.3501456081867218, 0.7625548839569092, 0.5439743995666504, 0.8848420977592468, -0.07872956991195679, -0.4591906666755676], "cam_t_m2c": [856.7622680664062, -400.9197082519531, 3112.26611328125], "obj_id": 2}, {"cam_R_m2c": [-0.22697487473487854, -0.9547862410545349, -0.19200406968593597, -0.32068881392478943, -0.11288269609212875, 0.9404340386390686, -0.9195874333381653, 0.2750284671783447, -0.2805677354335785], "cam_t_m2c": [-199.2423553466797, -75.09303283691406, 3337.464111328125], "obj_id": 2}, {"cam_R_m2c": [-0.4902676045894623, -0.25025516748428345, 0.834871232509613, -0.254865825176239, -0.8748572468757629, -0.4119078814983368, 0.8334752321243286, -0.41472524404525757, 0.36513274908065796], "cam_t_m2c": [-329.2090148925781, 380.25897216796875, 2380.848388671875], "obj_id": 1}, {"cam_R_m2c": [0.8412811160087585, -0.2684151828289032, 0.4692540764808655, 0.008727030828595161, 0.8746579885482788, 0.4846619963645935, -0.5405274629592896, -0.40364179015159607, 0.7381756901741028], "cam_t_m2c": [15.828060150146484, -423.3477783203125, 3794.00341796875], "obj_id": 0}, {"cam_R_m2c": [0.5378819704055786, 0.7341634035110474, 0.41435134410858154, -0.781893253326416, 0.25071293115615845, 0.570776641368866, 0.3151600658893585, -0.6309890151023865, 0.7088913917541504], "cam_t_m2c": [567.4700317382812, -182.46804809570312, 3241.964599609375], "obj_id": 1}, {"cam_R_m2c": [0.24543477594852448, 0.7402732968330383, -0.6259051561355591, -0.9473392367362976, 0.3201514482498169, 0.0071729510091245174, 0.20569437742233276, 0.5911839604377747, 0.7798662185668945], "cam_t_m2c": [-368.23486328125, -191.973876953125, 3540.076416015625], "obj_id": 2}, {"cam_R_m2c": [-0.7793421745300293, 0.19059480726718903, 0.5969082713127136, 0.47906848788261414, 0.7952598929405212, 0.37155768275260925, -0.40388023853302, 0.5755305290222168, -0.7110875248908997], "cam_t_m2c": [239.31787109375, -95.11522674560547, 3934.6259765625], "obj_id": 1}, {"cam_R_m2c": [-0.6294342875480652, 0.12935401499271393, -0.766211211681366, -0.7476529479026794, 0.1678532361984253, 0.642526388168335, 0.21172432601451874, 0.9772884249687195, -0.008940475061535835], "cam_t_m2c": [325.7679748535156, 269.6475524902344, 3015.99560546875], "obj_id": 2}, {"cam_R_m2c": [-0.8814536333084106, -0.3198789656162262, -0.3474433124065399, 0.46415072679519653, -0.45092830061912537, -0.7623829245567322, 0.08719824999570847, -0.833271324634552, 0.5459444522857666], "cam_t_m2c": [224.57107543945312, 192.76828002929688, 2527.344970703125], "obj_id": 2}, {"cam_R_m2c": [0.1746121197938919, -0.13642922043800354, 0.9751397371292114, 0.976692259311676, 0.14955416321754456, -0.15396630764007568, -0.12483064085245132, 0.9792959094047546, 0.15936340391635895], "cam_t_m2c": [143.0836639404297, -1.4427863359451294, 2564.25439453125], "obj_id": 0}, {"cam_R_m2c": [-0.0021659729536622763, -0.998202919960022, -0.05988479405641556, 0.9788227081298828, 0.010142066515982151, -0.2044582962989807, 0.20469823479652405, -0.05905945226550102, 0.9770417809486389], "cam_t_m2c": [-331.8747253417969, -420.241943359375, 3240.95849609375], "obj_id": 2}, {"cam_R_m2c": [-0.3671224117279053, 0.1541523039340973, -0.9173102378845215, 0.560613214969635, 0.8236039280891418, -0.08596137911081314, 0.7422491908073425, -0.5458146333694458, -0.3887832760810852], "cam_t_m2c": [-305.5164794921875, -730.35791015625, 3777.238037109375], "obj_id": 2}, {"cam_R_m2c": [-0.059059690684080124, -0.6263395547866821, 0.7773099541664124, 0.8088326454162598, -0.4863937497138977, -0.33047083020210266, 0.5850656032562256, 0.609196126461029, 0.5353301167488098], "cam_t_m2c": [-424.78125, 353.8971252441406, 3075.1171875], "obj_id": 0}, {"cam_R_m2c": [0.2316940724849701, -0.1763557642698288, 0.9566694498062134, 0.9123000502586365, -0.30198007822036743, -0.2766163647174835, 0.3376780152320862, 0.9368599653244019, 0.09092240035533905], "cam_t_m2c": [117.80119323730469, 292.1911315917969, 1988.5545654296875], "obj_id": 2}, {"cam_R_m2c": [0.47829899191856384, -0.41571933031082153, -0.7735680341720581, 0.39578455686569214, -0.6842900514602661, 0.6124554872512817, -0.7839545011520386, -0.5991030931472778, -0.162759929895401], "cam_t_m2c": [24.460283279418945, 619.0261840820312, 2216.283935546875], "obj_id": 2}, {"cam_R_m2c": [0.025659024715423584, 0.9575098156929016, -0.28725680708885193, 0.6395046710968018, -0.23658387362957, -0.7314791679382324, -0.7683588266372681, -0.16493305563926697, -0.6184025406837463], "cam_t_m2c": [-156.47337341308594, 70.81195068359375, 3590.34326171875], "obj_id": 0}, {"cam_R_m2c": [0.34097039699554443, -0.36650922894477844, -0.8656847476959229, -0.28632885217666626, -0.9176043272018433, 0.27571335434913635, -0.8954076766967773, 0.1538604497909546, -0.41781800985336304], "cam_t_m2c": [-651.2880859375, 324.89898681640625, 2858.663818359375], "obj_id": 2}, {"cam_R_m2c": [-0.3117685616016388, -0.9501403570175171, -0.005779523402452469, -0.8118519186973572, 0.2695426940917969, -0.5179218649864197, 0.49365633726119995, -0.1567796915769577, -0.8554081916809082], "cam_t_m2c": [447.7781066894531, -247.2556915283203, 2286.800537109375], "obj_id": 2}, {"cam_R_m2c": [0.9325551390647888, 0.06826359778642654, 0.35451510548591614, 0.11550922691822052, 0.8739297986030579, -0.4721274673938751, -0.3420504331588745, 0.48123466968536377, 0.8071026802062988], "cam_t_m2c": [-141.0501708984375, -507.4624938964844, 3982.390380859375], "obj_id": 0}, {"cam_R_m2c": [-0.40805163979530334, 0.2394227385520935, 0.8810054063796997, -0.9075949788093567, -0.21083419024944305, -0.3630705773830414, 0.09881872683763504, -0.9477477073669434, 0.3033301532268524], "cam_t_m2c": [447.6517028808594, 550.5870361328125, 2552.4287109375], "obj_id": 2}, {"cam_R_m2c": [-0.18964232504367828, -0.00027898032567463815, 0.981853187084198, -0.17731967568397522, 0.9835668802261353, -0.03396935760974884, -0.9657087922096252, -0.1805439293384552, -0.18657538294792175], "cam_t_m2c": [-147.39630126953125, -719.1474609375, 3719.1884765625], "obj_id": 0}, {"cam_R_m2c": [-0.2958899438381195, -0.9514914751052856, 0.08433865755796432, -0.8177629113197327, 0.2066906988620758, -0.5371617078781128, 0.49367275834083557, -0.22790980339050293, -0.8392521142959595], "cam_t_m2c": [316.48504638671875, 129.3306884765625, 2600.591064453125], "obj_id": 1}, {"cam_R_m2c": [-0.0053464206866919994, 0.1617443710565567, -0.9868181943893433, 0.9318024516105652, -0.35734668374061584, -0.06361927837133408, -0.36292630434036255, -0.919859766960144, -0.1488032341003418], "cam_t_m2c": [-145.4026336669922, -273.06634521484375, 3298.74609375], "obj_id": 0}, {"cam_R_m2c": [-0.4159196615219116, 0.5307742357254028, -0.7384371161460876, 0.8353210091590881, -0.09803082793951035, -0.5409516096115112, -0.3595128357410431, -0.8418245315551758, -0.4025939106941223], "cam_t_m2c": [-275.09051513671875, -1.963499903678894, 2575.901123046875], "obj_id": 1}, {"cam_R_m2c": [0.5054649114608765, -0.43554916977882385, 0.7448503971099854, 0.45460671186447144, -0.5992843508720398, -0.6589316725730896, 0.7333743572235107, 0.6716808080673218, -0.10491359978914261], "cam_t_m2c": [-0.00011221783643122762, 0.00041350722312927246, 3062.9482421875], "obj_id": 0}, {"cam_R_m2c": [-0.03039652481675148, -0.7054036259651184, -0.7081538438796997, 0.9994823932647705, -0.01397828571498394, -0.028977377340197563, 0.010542009957134724, -0.708668053150177, 0.7054632902145386], "cam_t_m2c": [471.52587890625, -44.60435104370117, 2638.729248046875], "obj_id": 0}, {"cam_R_m2c": [0.12148945033550262, -0.369596004486084, 0.9212161302566528, 0.4678882956504822, 0.8398351669311523, 0.2752407491207123, -0.8753976225852966, 0.3975873589515686, 0.2749607264995575], "cam_t_m2c": [-459.08306884765625, -335.12335205078125, 3732.4228515625], "obj_id": 0}, {"cam_R_m2c": [0.14818957448005676, 0.8708168864250183, -0.46874064207077026, -0.7487216591835022, 0.40844622254371643, 0.5220991969108582, 0.6461081504821777, 0.273586630821228, 0.7125269174575806], "cam_t_m2c": [-238.37185668945312, -201.1675262451172, 2402.90234375], "obj_id": 1}, {"cam_R_m2c": [-0.3718559741973877, 0.9011209607124329, -0.22294454276561737, 0.5357909798622131, 0.404470294713974, 0.741169273853302, 0.7580575346946716, 0.1561564952135086, -0.6332171559333801], "cam_t_m2c": [-659.7236938476562, -129.03005981445312, 2215.232666015625], "obj_id": 1}, {"cam_R_m2c": [-0.5503894090652466, -0.48533564805984497, -0.6793532967567444, 0.5868586897850037, -0.8036532998085022, 0.09868322312831879, -0.5938589572906494, -0.34437018632888794, 0.7271456122398376], "cam_t_m2c": [1135.718017578125, -315.7456359863281, 3043.10693359375], "obj_id": 2}, {"cam_R_m2c": [-0.5157268047332764, -0.48615893721580505, 0.7054609656333923, -0.8376390933990479, 0.45907604694366455, -0.29598960280418396, -0.1799621880054474, -0.7435715198516846, -0.6439835429191589], "cam_t_m2c": [232.40953063964844, -646.7001342773438, 3200.539306640625], "obj_id": 1}, {"cam_R_m2c": [0.11565525084733963, 0.9024599194526672, 0.41495776176452637, -0.9807559251785278, 0.16990898549556732, -0.09616994112730026, -0.15729457139968872, -0.3958497643470764, 0.9047438502311707], "cam_t_m2c": [-269.5511474609375, -353.3055114746094, 3871.62109375], "obj_id": 2}, {"cam_R_m2c": [0.5314752459526062, -0.6523919701576233, -0.5402949452400208, 0.7954872250556946, 0.16521087288856506, 0.5830140113830566, -0.29109111428260803, -0.7396552562713623, 0.6067750453948975], "cam_t_m2c": [852.9637451171875, -105.27317810058594, 3438.67431640625], "obj_id": 1}, {"cam_R_m2c": [-0.052966874092817307, 0.9220028519630432, -0.3835429549217224, 0.9830831289291382, 0.11558184772729874, 0.14208559691905975, 0.1753339320421219, -0.36952877044677734, -0.9125275015830994], "cam_t_m2c": [-280.99334716796875, -45.439964294433594, 3205.4921875], "obj_id": 1}, {"cam_R_m2c": [0.6120700836181641, 0.6629647016525269, 0.43110090494155884, 0.6712929010391235, -0.7237379550933838, 0.159903421998024, 0.4180144667625427, 0.19152288138866425, -0.8880218267440796], "cam_t_m2c": [-165.53866577148438, -332.38507080078125, 2606.311279296875], "obj_id": 1}, {"cam_R_m2c": [-0.938316822052002, 0.34047016501426697, 0.06034450605511665, 0.10866781324148178, 0.12468475103378296, 0.9862276315689087, 0.3282570540904999, 0.9319515824317932, -0.15399187803268433], "cam_t_m2c": [-213.0403289794922, -496.1786804199219, 3160.796875], "obj_id": 2}, {"cam_R_m2c": [0.9363643527030945, -0.1499297022819519, -0.3174002468585968, -0.1237596794962883, 0.7051362991333008, -0.6981878876686096, 0.3284895420074463, 0.69303959608078, 0.6417092084884644], "cam_t_m2c": [555.923095703125, 255.78536987304688, 2853.714599609375], "obj_id": 0}, {"cam_R_m2c": [0.022125227376818657, -0.01658952794969082, -0.9996175765991211, -0.6780310273170471, 0.734529972076416, -0.02719751186668873, 0.7347002625465393, 0.6783734560012817, 0.00500342296436429], "cam_t_m2c": [109.96477508544922, -670.536865234375, 3247.47509765625], "obj_id": 1}, {"cam_R_m2c": [0.13016214966773987, 0.43473702669143677, -0.8911013007164001, -0.08079590648412704, 0.900408923625946, 0.4274761378765106, 0.9881952404975891, 0.016356123611330986, 0.1523241251707077], "cam_t_m2c": [-24.65505027770996, -191.52467346191406, 2522.2373046875], "obj_id": 2}, {"cam_R_m2c": [0.29786255955696106, -0.9134536981582642, 0.27727261185646057, -0.5192372798919678, -0.3987623155117035, -0.755897581577301, 0.8010433912277222, 0.08118326961994171, -0.5930755138397217], "cam_t_m2c": [1174.337890625, -9.093269348144531, 3275.07470703125], "obj_id": 0}, {"cam_R_m2c": [0.8960856199264526, 0.43607673048973083, 0.08287134766578674, 0.30291786789894104, -0.7372300028800964, 0.6039308309555054, 0.3244554400444031, -0.5160704851150513, -0.7927166223526001], "cam_t_m2c": [544.7656860351562, 17.121896743774414, 2399.479736328125], "obj_id": 0}, {"cam_R_m2c": [-0.29370978474617004, 0.953934371471405, 0.061184994876384735, -0.16668766736984253, 0.011915748007595539, -0.9859376549720764, -0.9412489533424377, -0.29977840185165405, 0.15550941228866577], "cam_t_m2c": [-438.7216491699219, -80.46660614013672, 2887.176025390625], "obj_id": 0}, {"cam_R_m2c": [0.9415432810783386, -0.27971747517585754, -0.18776153028011322, -0.31611961126327515, -0.926226794719696, -0.20535852015018463, -0.11646740138530731, 0.2527090311050415, -0.960506796836853], "cam_t_m2c": [118.02828216552734, -137.40675354003906, 2908.79443359375], "obj_id": 0}, {"cam_R_m2c": [0.49047648906707764, 0.5266514420509338, 0.6943134069442749, 0.1037815734744072, 0.7557596564292908, -0.6465731263160706, -0.865252673625946, 0.3891858458518982, 0.31602561473846436], "cam_t_m2c": [-743.515625, -471.19891357421875, 2787.803466796875], "obj_id": 2}, {"cam_R_m2c": [-0.4611937403678894, 0.6889944076538086, -0.5590946078300476, 0.7059187293052673, -0.09683510661125183, -0.7016419768333435, -0.5375674962997437, -0.7182683944702148, -0.44171425700187683], "cam_t_m2c": [-181.60308837890625, -418.02520751953125, 3736.073486328125], "obj_id": 2}, {"cam_R_m2c": [0.8279259204864502, 0.4829276204109192, 0.28516584634780884, -0.3033195436000824, -0.04211744666099548, 0.951957643032074, 0.4717371165752411, -0.874646782875061, 0.1116112694144249], "cam_t_m2c": [-214.86842346191406, -492.2342529296875, 2976.865966796875], "obj_id": 1}, {"cam_R_m2c": [0.6549539566040039, 0.6803758144378662, 0.3288222849369049, 0.6953635811805725, -0.37229692935943604, -0.6147069334983826, -0.29581218957901, 0.6312557458877563, -0.7169458866119385], "cam_t_m2c": [294.1306457519531, -740.8880615234375, 3424.189208984375], "obj_id": 1}, {"cam_R_m2c": [-0.17211183905601501, -0.24060136079788208, -0.9552426338195801, -0.5739519596099854, 0.8126039505004883, -0.10126190632581711, 0.8005976676940918, 0.5308350324630737, -0.2779523730278015], "cam_t_m2c": [-56.122711181640625, 66.32374572753906, 2598.1298828125], "obj_id": 2}, {"cam_R_m2c": [0.3392563462257385, 0.7543018460273743, 0.5620799660682678, 0.08557263016700745, 0.5702925324440002, -0.8169723153114319, -0.9367937445640564, 0.3252617418766022, 0.12892776727676392], "cam_t_m2c": [1055.4644775390625, -588.5795288085938, 3043.2158203125], "obj_id": 2}, {"cam_R_m2c": [-0.16123206913471222, 0.9264154434204102, -0.34023281931877136, -0.982268750667572, -0.11721768230199814, 0.1463143676519394, 0.0956665575504303, 0.35779067873954773, 0.9288884401321411], "cam_t_m2c": [-114.23776245117188, -341.69781494140625, 3901.3369140625], "obj_id": 1}, {"cam_R_m2c": [0.48948919773101807, -0.5722414255142212, -0.657981812953949, -0.8694031834602356, -0.261965274810791, -0.4189416766166687, 0.06736735254526138, 0.7771189212799072, -0.6257376670837402], "cam_t_m2c": [-914.8148803710938, -122.77351379394531, 2442.109130859375], "obj_id": 1}, {"cam_R_m2c": [0.0412740483880043, -0.04141834378242493, 0.9982889890670776, 0.15942470729351044, -0.986066460609436, -0.04750261455774307, 0.9863468408584595, 0.16111256182193756, -0.03409576043486595], "cam_t_m2c": [-425.8550109863281, -100.88927459716797, 3142.903076171875], "obj_id": 0}, {"cam_R_m2c": [-0.020102836191654205, -0.9698924422264099, -0.24270211160182953, 0.20528973639011383, -0.24158291518688202, 0.9484162926673889, -0.9784946441650391, -0.030758272856473923, 0.20396564900875092], "cam_t_m2c": [-75.43740844726562, 356.58197021484375, 2781.516845703125], "obj_id": 0}, {"cam_R_m2c": [-0.5348151326179504, 0.7563963532447815, -0.37661293148994446, 0.688140869140625, 0.13124620914459229, -0.7136080861091614, -0.49034154415130615, -0.6408112049102783, -0.5906996726989746], "cam_t_m2c": [-647.3848266601562, 84.98527526855469, 3556.60546875], "obj_id": 1}, {"cam_R_m2c": [-0.9158138036727905, 0.38562095165252686, -0.11216765642166138, 0.27385982871055603, 0.8039437532424927, 0.5278970003128052, 0.29374462366104126, 0.45273712277412415, -0.8418688774108887], "cam_t_m2c": [715.0228881835938, -85.46000671386719, 2804.283935546875], "obj_id": 0}, {"cam_R_m2c": [0.6082046031951904, -0.42157575488090515, 0.6725778579711914, 0.6174599528312683, -0.28120213747024536, -0.7346212863922119, 0.4988289177417755, 0.862089991569519, 0.08927774429321289], "cam_t_m2c": [138.3166961669922, -365.37139892578125, 3035.815185546875], "obj_id": 2}, {"cam_R_m2c": [0.9435784816741943, -0.15313740074634552, -0.29361289739608765, -0.08914782851934433, 0.7364469170570374, -0.6705957055091858, 0.31892359256744385, 0.6589346528053284, 0.6812435984611511], "cam_t_m2c": [-543.9913330078125, 31.49088478088379, 3494.284912109375], "obj_id": 2}, {"cam_R_m2c": [-0.46149173378944397, -0.7544704675674438, -0.46669018268585205, 0.04595031961798668, -0.5456811785697937, 0.8367320895195007, -0.8859537243843079, 0.3647003769874573, 0.28649550676345825], "cam_t_m2c": [650.7586669921875, 181.31512451171875, 3347.16748046875], "obj_id": 1}, {"cam_R_m2c": [0.6229665279388428, 0.7632696032524109, 0.1712665855884552, 0.7698310017585754, -0.5593470335006714, -0.3073939085006714, -0.13882696628570557, 0.3233424127101898, -0.9360430240631104], "cam_t_m2c": [-568.3301391601562, 112.34132385253906, 2654.806884765625], "obj_id": 0}, {"cam_R_m2c": [0.9265961050987244, -0.3680153489112854, -0.07735864818096161, 0.375679612159729, 0.8966403007507324, 0.23430967330932617, -0.016866672784090042, -0.24617250263690948, 0.9690792560577393], "cam_t_m2c": [-27.299659729003906, -219.6802215576172, 2683.635986328125], "obj_id": 1}, {"cam_R_m2c": [-0.8087509870529175, 0.36879467964172363, 0.4581618309020996, -0.37455543875694275, -0.9235502481460571, 0.08223803341388702, 0.45346444845199585, -0.10509692132472992, 0.8850563168525696], "cam_t_m2c": [-72.60472106933594, -356.4665222167969, 3986.48486328125], "obj_id": 1}, {"cam_R_m2c": [-0.3400956690311432, 0.9399538636207581, -0.028663817793130875, -0.8383607268333435, -0.3168635070323944, -0.44356366991996765, -0.42601191997528076, -0.12682348489761353, 0.8957843780517578], "cam_t_m2c": [653.3442993164062, -424.1287841796875, 2897.132568359375], "obj_id": 0}, {"cam_R_m2c": [0.8986536860466003, 0.43291521072387695, -0.07075312733650208, -0.425878643989563, 0.8223975300788879, -0.3772130310535431, -0.10511408001184464, 0.3691161274909973, 0.9234198927879333], "cam_t_m2c": [819.6598510742188, -545.0682373046875, 3164.261474609375], "obj_id": 2}, {"cam_R_m2c": [-0.13238924741744995, -0.9911568760871887, 0.008999758400022984, -0.785275399684906, 0.09934064000844955, -0.611125111579895, 0.604826807975769, -0.08797372132539749, -0.7914827466011047], "cam_t_m2c": [-131.67782592773438, -219.61688232421875, 2245.267578125], "obj_id": 2}, {"cam_R_m2c": [-0.5080815553665161, 0.20771847665309906, -0.8358863592147827, -0.8600503206253052, -0.06990830600261688, 0.5053970217704773, 0.0465448759496212, 0.9756873250007629, 0.2141675502061844], "cam_t_m2c": [-1102.3709716796875, -100.22208404541016, 2630.994873046875], "obj_id": 1}, {"cam_R_m2c": [-0.8923757076263428, -0.07998591661453247, 0.4441482424736023, -0.4227064847946167, 0.49284827709198, -0.7605391144752502, -0.15806527435779572, -0.8664310574531555, -0.473616361618042], "cam_t_m2c": [131.651123046875, -29.43425750732422, 2885.68408203125], "obj_id": 2}, {"cam_R_m2c": [0.2623307406902313, -0.26724547147750854, -0.9272336959838867, -0.2450011670589447, 0.9109542965888977, -0.3318685293197632, 0.9333578944206238, 0.3142326772212982, 0.1734958440065384], "cam_t_m2c": [1123.1820068359375, 45.58062744140625, 3310.12255859375], "obj_id": 0}, {"cam_R_m2c": [0.3216913342475891, -0.10113633424043655, -0.9414277076721191, 0.9386115670204163, -0.09677092730998993, 0.33112502098083496, -0.12459159642457962, -0.9901549816131592, 0.06379734724760056], "cam_t_m2c": [-648.86865234375, 158.44981384277344, 3318.940673828125], "obj_id": 1}, {"cam_R_m2c": [0.9049859046936035, 0.15077723562717438, -0.39782750606536865, 0.02157413586974144, -0.9501542448997498, -0.31103265285491943, -0.42489415407180786, 0.2728973925113678, -0.8631290793418884], "cam_t_m2c": [448.00946044921875, -112.16737365722656, 2271.46923828125], "obj_id": 0}, {"cam_R_m2c": [0.3233361542224884, -0.09456136077642441, -0.9415475726127625, -0.25822538137435913, 0.9484145641326904, -0.183927983045578, 0.910369873046875, 0.30260202288627625, 0.28223857283592224], "cam_t_m2c": [314.1489562988281, 411.107421875, 2554.1533203125], "obj_id": 1}, {"cam_R_m2c": [-0.2148996740579605, 0.8867897987365723, 0.4091724157333374, -0.0050538391806185246, 0.41794559359550476, -0.9084579944610596, -0.9766230583190918, -0.1972952038049698, -0.08533469587564468], "cam_t_m2c": [107.32701873779297, -525.9508056640625, 3457.201416015625], "obj_id": 1}, {"cam_R_m2c": [0.7569711208343506, -0.4079849421977997, 0.510434091091156, 0.552715539932251, -0.016919808462262154, -0.8331981301307678, 0.34856879711151123, 0.9128317832946777, 0.21269184350967407], "cam_t_m2c": [-285.3936462402344, 107.35598754882812, 3071.742919921875], "obj_id": 1}, {"cam_R_m2c": [0.9298226237297058, -0.09713944047689438, 0.3549560308456421, 0.36739715933799744, 0.18948036432266235, -0.9105583429336548, 0.021193940192461014, 0.9770675897598267, 0.2118718922138214], "cam_t_m2c": [-63.60624694824219, 572.6663818359375, 2394.565185546875], "obj_id": 2}, {"cam_R_m2c": [0.6395959258079529, 0.7679207921028137, 0.034852176904678345, -0.7159866094589233, 0.6116161942481995, -0.3365839719772339, -0.27978599071502686, 0.19032403826713562, 0.9410082697868347], "cam_t_m2c": [-39.61766052246094, 422.7181091308594, 2495.720703125], "obj_id": 1}, {"cam_R_m2c": [0.862938404083252, 0.46927720308303833, 0.1873932033777237, -0.21218936145305634, 0.6730937957763672, -0.7084634304046631, -0.45859894156455994, 0.5715973973274231, 0.6804141402244568], "cam_t_m2c": [-448.60137939453125, -64.03459930419922, 3697.079833984375], "obj_id": 1}, {"cam_R_m2c": [0.04450703039765358, -0.22013163566589355, 0.9744542837142944, 0.9988363981246948, 0.02793877385556698, -0.03930918872356415, -0.018571827560663223, 0.9750699400901794, 0.2211190015077591], "cam_t_m2c": [-1038.3792724609375, 216.20361328125, 2737.25048828125], "obj_id": 2}, {"cam_R_m2c": [0.49013933539390564, -0.26240432262420654, -0.831208348274231, -0.32535412907600403, 0.8296107649803162, -0.4537517726421356, 0.8086458444595337, 0.49283865094184875, 0.3212505280971527], "cam_t_m2c": [-10.101322174072266, -110.22056579589844, 3595.034423828125], "obj_id": 0}, {"cam_R_m2c": [0.016907719895243645, -0.9188569188117981, -0.39422836899757385, -0.029306309297680855, 0.39365994930267334, -0.9187888503074646, 0.9994274377822876, 0.02708798460662365, -0.020272402092814445], "cam_t_m2c": [42.73649978637695, -123.24002838134766, 3760.534912109375], "obj_id": 0}, {"cam_R_m2c": [0.5029481053352356, -0.6331765651702881, 0.5883286595344543, 0.8637295365333557, 0.34311285614967346, -0.36911362409591675, 0.031850963830947876, 0.6938018798828125, 0.7194612622261047], "cam_t_m2c": [-235.8512420654297, -407.2469482421875, 3630.51708984375], "obj_id": 1}, {"cam_R_m2c": [0.5301485657691956, -0.817466139793396, 0.22514787316322327, -0.28948619961738586, 0.07507707923650742, 0.9542332291603088, -0.7969568371772766, -0.5710625648498535, -0.19684313237667084], "cam_t_m2c": [490.7123718261719, 394.84942626953125, 2576.6259765625], "obj_id": 1}, {"cam_R_m2c": [-0.8183652758598328, 0.4322580099105835, -0.3787229359149933, 0.042345937341451645, 0.7025578022003174, 0.7103655934333801, 0.5731359720230103, 0.565301239490509, -0.5932532548904419], "cam_t_m2c": [17.119205474853516, -465.51873779296875, 3285.501220703125], "obj_id": 0}, {"cam_R_m2c": [0.22781744599342346, 0.9577657580375671, 0.17545363306999207, -0.2104247659444809, 0.22436118125915527, -0.9515163898468018, -0.9506947994232178, 0.17985224723815918, 0.25265103578567505], "cam_t_m2c": [342.58843994140625, 41.33668518066406, 1797.4388427734375], "obj_id": 2}, {"cam_R_m2c": [0.5106750726699829, 0.5108867883682251, -0.6915241479873657, 0.8020651340484619, -0.5727846026420593, 0.1691432148218155, -0.3096812963485718, -0.641024649143219, -0.7022713422775269], "cam_t_m2c": [-444.74493408203125, 78.88116455078125, 2201.696044921875], "obj_id": 1}]
}