{
  "0": [{"cam_R_m2c": [0.29780519008636475, -0.13806720077991486, -0.9445894956588745, -0.8811956644058228, 0.3408085107803345, -0.327633261680603, 0.3671594262123108, 0.9299391508102417, -0.020169619470834732], "cam_t_m2c": [119.74504852294922, -364.743408203125, 830.937744140625], "obj_id": 3}, {"cam_R_m2c": [-0.9937830567359924, -0.008931595832109451, 0.11097359657287598, -0.11130961775779724, 0.09989174455404282, -0.9887526035308838, -0.002254200866445899, -0.9949581623077393, -0.1002647802233696], "cam_t_m2c": [131.06231689453125, -135.0635528564453, 639.607666015625], "obj_id": 3}, {"cam_R_m2c": [0.007524419575929642, 0.9085448980331421, 0.4177190959453583, -0.5257184505462646, -0.35174834728240967, 0.7745275497436523, 0.850625216960907, -0.225430428981781, 0.4749923348426819], "cam_t_m2c": [332.7488098144531, -148.81907653808594, 695.2124633789062], "obj_id": 3}, {"cam_R_m2c": [-0.7980914115905762, 0.19162340462207794, -0.5712534189224243, 0.5883102416992188, 0.043021831661462784, -0.8074899911880493, -0.13015763461589813, -0.9805251359939575, -0.14706933498382568], "cam_t_m2c": [74.39256286621094, -149.97097778320312, 649.39892578125], "obj_id": 3}, {"cam_R_m2c": [0.7825835347175598, -0.4267333745956421, -0.45327872037887573, 0.3180076777935028, -0.35192355513572693, 0.8803526163101196, -0.5351953506469727, -0.8330956101417542, -0.13970507681369781], "cam_t_m2c": [-39.240478515625, -177.81236267089844, 736.0530395507812], "obj_id": 3}, {"cam_R_m2c": [0.9872269034385681, -0.13308194279670715, -0.08759152889251709, 0.00023053442419040948, -0.548587441444397, 0.8360931277275085, -0.15932051837444305, -0.8254338502883911, -0.5415496230125427], "cam_t_m2c": [114.8413314819336, -244.20587158203125, 952.6402587890625], "obj_id": 3}, {"cam_R_m2c": [0.26809781789779663, -0.6383532285690308, 0.7215459942817688, -0.0514293909072876, -0.7573796510696411, -0.6509462594985962, 0.9620179533958435, 0.1374085694551468, -0.23588189482688904], "cam_t_m2c": [211.6476287841797, -310.9103088378906, 976.2073364257812], "obj_id": 3}, {"cam_R_m2c": [-0.13165606558322906, 0.8977428674697876, 0.42038556933403015, 0.4085254371166229, -0.33725354075431824, 0.8481547832489014, 0.903201699256897, 0.28340309858322144, -0.3223491609096527], "cam_t_m2c": [129.5582275390625, -381.4933776855469, 869.0156860351562], "obj_id": 3}, {"cam_R_m2c": [-0.6625328660011292, -0.748622477054596, 0.02479044534265995, 0.7438299655914307, -0.6614645719528198, -0.09582064300775528, 0.08813148736953735, -0.04504444822669029, 0.9950898885726929], "cam_t_m2c": [103.12612915039062, -143.30435180664062, 570.2022094726562], "obj_id": 3}, {"cam_R_m2c": [-0.7514346241950989, 0.6027029752731323, 0.2685053050518036, 0.5513420701026917, 0.7971069812774658, -0.2462567836046219, -0.3624471426010132, -0.03700760751962662, -0.9312692880630493], "cam_t_m2c": [162.50291442871094, -138.66966247558594, 702.3789672851562], "obj_id": 3}, {"cam_R_m2c": [0.47474637627601624, 0.0794469565153122, -0.8765295147895813, 0.8489734530448914, -0.3039485216140747, 0.4322720468044281, -0.23207725584506989, -0.9493699073791504, -0.21174676716327667], "cam_t_m2c": [354.14935302734375, -121.97501373291016, 913.7108154296875], "obj_id": 3}, {"cam_R_m2c": [0.6042133569717407, -0.34038764238357544, 0.7204599380493164, -0.3168793320655823, -0.9322389960289001, -0.17469385266304016, 0.7311044335365295, -0.12274651229381561, -0.6711330413818359], "cam_t_m2c": [170.64959716796875, -236.3832550048828, 930.2554931640625], "obj_id": 3}, {"cam_R_m2c": [-0.8030878901481628, 0.29014649987220764, 0.5204465389251709, -0.44113442301750183, -0.8766698241233826, -0.1919640749692917, 0.4005621075630188, -0.38375094532966614, 0.8320367932319641], "cam_t_m2c": [186.2394256591797, -413.66973876953125, 988.5548706054688], "obj_id": 3}, {"cam_R_m2c": [0.07475386559963226, 0.7311728596687317, 0.6780840754508972, 0.751302182674408, -0.4884212017059326, 0.4438352584838867, 0.6557109951972961, 0.47626766562461853, -0.5858431458473206], "cam_t_m2c": [148.57257080078125, -470.5673828125, 950.0364379882812], "obj_id": 3}, {"cam_R_m2c": [0.20073023438453674, 0.9402329921722412, 0.2750805616378784, -0.939045250415802, 0.2646704912185669, -0.2194163203239441, -0.2791081666946411, -0.21426959335803986, 0.936048686504364], "cam_t_m2c": [276.2770080566406, -173.17527770996094, 933.1996459960938], "obj_id": 3}, {"cam_R_m2c": [-0.9743050336837769, 0.19712622463703156, -0.10895340144634247, 0.20767226815223694, 0.5989854335784912, -0.7733619213104248, -0.08718843013048172, -0.7761170864105225, -0.624532163143158], "cam_t_m2c": [133.58575439453125, -101.7829360961914, 948.9909057617188], "obj_id": 3}, {"cam_R_m2c": [-0.9254329800605774, 0.3522927463054657, 0.13951191306114197, -0.36780986189842224, -0.9236842393875122, -0.10734642297029495, 0.09104758501052856, -0.15065577626228333, 0.9843846559524536], "cam_t_m2c": [264.5016784667969, -240.2766571044922, 610.0810546875], "obj_id": 3}, {"cam_R_m2c": [-0.16127270460128784, 0.42588451504707336, 0.8902884125709534, 0.8826851844787598, 0.4657367765903473, -0.06289762258529663, -0.44142717123031616, 0.7757006883621216, -0.4510325491428375], "cam_t_m2c": [240.1139373779297, -356.4980773925781, 910.1722412109375], "obj_id": 3}, {"cam_R_m2c": [0.11390271037817001, 0.8187527060508728, 0.5627345442771912, -0.42484942078590393, 0.5521591305732727, -0.717372477054596, -0.8980696797370911, -0.1573667973279953, 0.4107390344142914], "cam_t_m2c": [253.58685302734375, -118.98136138916016, 571.0743408203125], "obj_id": 3}, {"cam_R_m2c": [0.27495136857032776, 0.6265912652015686, -0.729235827922821, 0.9580353498458862, -0.11460874229669571, 0.2627408802509308, 0.08105424791574478, -0.7708747386932373, -0.6318084001541138], "cam_t_m2c": [336.15924072265625, -380.7425842285156, 627.564453125], "obj_id": 3}, {"cam_R_m2c": [0.23456251621246338, 0.877061665058136, 0.4192172884941101, 0.807702362537384, -0.41580668091773987, 0.41799694299697876, 0.5409225225448608, 0.24055644869804382, -0.8059374094009399], "cam_t_m2c": [-20.305313110351562, -199.35643005371094, 594.1693725585938], "obj_id": 3}, {"cam_R_m2c": [0.6277212500572205, 0.7223334908485413, -0.2901729643344879, 0.5700826644897461, -0.6804019212722778, -0.4604983925819397, -0.5300676822662354, 0.12364204227924347, -0.8388925194740295], "cam_t_m2c": [364.3177185058594, -289.88201904296875, 750.4728393554688], "obj_id": 3}, {"cam_R_m2c": [-0.7274317741394043, -0.01964816451072693, -0.68589848279953, 0.3954203724861145, -0.828931987285614, -0.39561885595321655, -0.5607901215553284, -0.559004008769989, 0.6107609272003174], "cam_t_m2c": [233.08029174804688, -332.2220153808594, 999.166015625], "obj_id": 3}, {"cam_R_m2c": [0.283849835395813, 0.25463011860847473, 0.9244418740272522, 0.4224408268928528, 0.8322826027870178, -0.3589560091495514, -0.8607978820800781, 0.4924115836620331, 0.1286771148443222], "cam_t_m2c": [145.49375915527344, -302.2972717285156, 996.2478637695312], "obj_id": 3}, {"cam_R_m2c": [0.8202155828475952, 0.34293612837791443, 0.45786595344543457, 0.2959994077682495, 0.4304884970188141, -0.8526804447174072, -0.48952096700668335, 0.8349098563194275, 0.2515844702720642], "cam_t_m2c": [218.20687866210938, -362.4766845703125, 944.5844116210938], "obj_id": 3}, {"cam_R_m2c": [0.6262546181678772, 0.775580644607544, -0.0792451798915863, 0.32340630888938904, -0.3509291708469391, -0.8787815570831299, -0.7093753814697266, 0.5247126221656799, -0.4705986976623535], "cam_t_m2c": [53.42377471923828, -337.1689758300781, 615.2371826171875], "obj_id": 3}, {"cam_R_m2c": [-0.32502952218055725, 0.425127238035202, -0.8447617888450623, 0.7379142642021179, -0.44466423988342285, -0.507696807384491, -0.5914711952209473, -0.7883782982826233, -0.1691783368587494], "cam_t_m2c": [312.3248291015625, -333.2471923828125, 788.0629272460938], "obj_id": 3}, {"cam_R_m2c": [0.5364857316017151, 0.7350654006004333, -0.4145623445510864, 0.8240004777908325, -0.5623418688774109, 0.06924522668123245, -0.18222598731517792, -0.3787486255168915, -0.907382607460022], "cam_t_m2c": [381.54705810546875, -173.66441345214844, 606.4529418945312], "obj_id": 3}, {"cam_R_m2c": [-0.8629188537597656, 0.49330735206604004, -0.10963065922260284, -0.2691646218299866, -0.6322855949401855, -0.7264746427536011, -0.4276931583881378, -0.5973799824714661, 0.6783920526504517], "cam_t_m2c": [399.10357666015625, -129.2738494873047, 951.7767333984375], "obj_id": 1}, {"cam_R_m2c": [0.8667632341384888, 0.44842076301574707, 0.21826651692390442, -0.20067191123962402, -0.08707292377948761, 0.9757812023162842, 0.4565657079219818, -0.8895712494850159, 0.014513860456645489], "cam_t_m2c": [31.577621459960938, -222.3930206298828, 729.7586059570312], "obj_id": 1}, {"cam_R_m2c": [0.2000582218170166, -0.9617166519165039, -0.1872909516096115, 0.5484281778335571, 0.2683202624320984, -0.7919790744781494, 0.8119133710861206, 0.055726323276758194, 0.5811120867729187], "cam_t_m2c": [181.885498046875, -405.6892395019531, 861.9274291992188], "obj_id": 1}, {"cam_R_m2c": [0.07085602730512619, 0.48092079162597656, 0.8738961815834045, -0.14468495547771454, 0.8717881441116333, -0.46802955865859985, -0.9869374632835388, -0.09327694773674011, 0.1313534677028656], "cam_t_m2c": [6.489948272705078, -261.351806640625, 620.9483032226562], "obj_id": 1}, {"cam_R_m2c": [0.40302562713623047, 0.4010096788406372, -0.8226551413536072, -0.909598171710968, 0.07631268352270126, -0.40842047333717346, -0.10100165754556656, 0.9128895998001099, 0.39551374316215515], "cam_t_m2c": [400.53204345703125, -184.72726440429688, 969.443115234375], "obj_id": 1}, {"cam_R_m2c": [0.7419098615646362, -0.5148731470108032, 0.42950597405433655, -0.31460800766944885, 0.2983672320842743, 0.9011096954345703, -0.5921077132225037, -0.803668200969696, 0.059378378093242645], "cam_t_m2c": [463.4220886230469, -317.81298828125, 737.0701904296875], "obj_id": 1}, {"cam_R_m2c": [-0.9356445670127869, 0.30834540724754333, 0.17173315584659576, -0.31416094303131104, -0.9493432641029358, -0.007088618353009224, 0.1608479768037796, -0.06058427691459656, 0.9851179718971252], "cam_t_m2c": [389.95501708984375, -293.44366455078125, 986.0187377929688], "obj_id": 1}, {"cam_R_m2c": [-0.9744361639022827, -0.17237870395183563, 0.14408136904239655, 0.2128141075372696, -0.5026947855949402, 0.8378590941429138, -0.07200010865926743, 0.8471028804779053, 0.5265288352966309], "cam_t_m2c": [155.85069274902344, -121.62222290039062, 705.0028686523438], "obj_id": 1}, {"cam_R_m2c": [-0.4828917682170868, -0.5118958950042725, 0.7104772925376892, 0.6199260950088501, 0.3731931447982788, 0.6902307271957397, -0.6184715628623962, 0.7737501859664917, 0.13712577521800995], "cam_t_m2c": [267.0055847167969, -174.7674560546875, 666.5341796875], "obj_id": 1}, {"cam_R_m2c": [0.5465370416641235, -0.03680089861154556, 0.836625874042511, 0.8074785470962524, 0.2879749536514282, -0.5148288607597351, -0.22198109328746796, 0.9569305181503296, 0.1871049553155899], "cam_t_m2c": [416.6766052246094, -157.13621520996094, 933.0112915039062], "obj_id": 1}, {"cam_R_m2c": [-0.40073850750923157, 0.14728708565235138, -0.9042760729789734, 0.7598855495452881, 0.6048281192779541, -0.23823699355125427, 0.5118423700332642, -0.7826170325279236, -0.35429924726486206], "cam_t_m2c": [93.88727569580078, -377.39483642578125, 787.9920043945312], "obj_id": 1}, {"cam_R_m2c": [0.8180130124092102, -0.5201141834259033, 0.24563369154930115, -0.29834064841270447, -0.7487570643424988, -0.5919083952903748, 0.49177995324134827, 0.41090628504753113, -0.7676642537117004], "cam_t_m2c": [109.89971923828125, -134.13414001464844, 887.225341796875], "obj_id": 1}, {"cam_R_m2c": [0.4042372703552246, 0.8961990475654602, -0.18280987441539764, -0.8684272170066833, 0.4387991726398468, 0.23084500432014465, 0.2870998978614807, 0.06544094532728195, 0.9556626677513123], "cam_t_m2c": [471.3670959472656, -280.3966979980469, 971.71826171875], "obj_id": 1}, {"cam_R_m2c": [0.06412573158740997, 0.8719354271888733, 0.4854031801223755, -0.29347506165504456, -0.4484187364578247, 0.8442705273628235, 0.9538134336471558, -0.19659310579299927, 0.22713631391525269], "cam_t_m2c": [312.1611328125, -149.39146423339844, 573.3775024414062], "obj_id": 1}, {"cam_R_m2c": [0.7300882935523987, 0.3021664321422577, -0.6129163503646851, 0.6823046207427979, -0.3719949722290039, 0.6293487548828125, -0.03783382475376129, -0.8776758909225464, -0.4777587056159973], "cam_t_m2c": [94.54388427734375, -244.5959930419922, 981.197998046875], "obj_id": 1}, {"cam_R_m2c": [0.14274096488952637, 0.9829379320144653, 0.11600787192583084, 0.3992069959640503, -0.16442719101905823, 0.9019962549209595, 0.905681312084198, -0.082440584897995, -0.4158661365509033], "cam_t_m2c": [62.208953857421875, -201.28639221191406, 852.3211059570312], "obj_id": 1}, {"cam_R_m2c": [0.9578116536140442, -0.09351720660924911, 0.271756112575531, 0.08199305087327957, -0.8173627257347107, -0.5702589750289917, 0.2754523456096649, 0.5684828162193298, -0.775211751461029], "cam_t_m2c": [223.35838317871094, -372.7831726074219, 896.0557250976562], "obj_id": 1}, {"cam_R_m2c": [-0.9232739806175232, 0.2898617386817932, 0.2520813047885895, -0.27515581250190735, -0.9569329023361206, 0.09256548434495926, 0.26805612444877625, 0.01610167697072029, 0.9632687568664551], "cam_t_m2c": [204.11692810058594, -203.71055603027344, 974.2582397460938], "obj_id": 1}, {"cam_R_m2c": [0.5658371448516846, -0.6550411581993103, 0.5007488131523132, 0.3901582360267639, 0.7477429509162903, 0.5372681617736816, -0.7263641357421875, -0.10863500088453293, 0.6786704659461975], "cam_t_m2c": [100.22564697265625, -255.67495727539062, 893.164306640625], "obj_id": 1}, {"cam_R_m2c": [-0.7882502675056458, -0.221297949552536, 0.5741854310035706, -0.6021811366081238, 0.08536455035209656, -0.793782651424408, 0.12664736807346344, -0.9714629054069519, -0.2005501538515091], "cam_t_m2c": [136.5507049560547, -118.73458862304688, 567.1195068359375], "obj_id": 1}, {"cam_R_m2c": [0.04051237925887108, -0.8624331951141357, -0.5045468807220459, -0.06250927597284317, -0.506159782409668, 0.8601711988449097, -0.9972217082977295, -0.003308625426143408, -0.0744156539440155], "cam_t_m2c": [352.9715576171875, -193.40501403808594, 706.4810791015625], "obj_id": 1}, {"cam_R_m2c": [-0.13491389155387878, -0.9423219561576843, -0.306312620639801, 0.6011949777603149, 0.167885884642601, -0.7812674641609192, 0.7876310348510742, -0.2895575165748596, 0.5438691973686218], "cam_t_m2c": [232.4298553466797, -316.78326416015625, 770.4964599609375], "obj_id": 1}, {"cam_R_m2c": [0.48780471086502075, -0.4355926513671875, 0.7565087676048279, 0.8439977765083313, 0.013988402672111988, -0.5361640453338623, 0.22296687960624695, 0.9000350832939148, 0.37446293234825134], "cam_t_m2c": [249.08433532714844, -67.87525177001953, 680.2949829101562], "obj_id": 1}, {"cam_R_m2c": [0.41197606921195984, 0.6046507358551025, -0.6816693544387817, 0.4521052837371826, -0.7851666212081909, -0.4232185482978821, -0.7911235690116882, -0.13383042812347412, -0.5968356132507324], "cam_t_m2c": [101.64842224121094, -187.89498901367188, 643.3432006835938], "obj_id": 1}, {"cam_R_m2c": [-0.5210280418395996, -0.81136155128479, -0.2649945020675659, 0.8424243330955505, -0.5387724041938782, -0.006745436228811741, -0.13729874789714813, -0.2267523854970932, 0.9642263054847717], "cam_t_m2c": [245.35549926757812, -16.615192413330078, 700.7052612304688], "obj_id": 1}, {"cam_R_m2c": [0.8637199997901917, 0.21493440866470337, -0.45584097504615784, -0.2004787176847458, -0.6833189129829407, -0.7020567059516907, -0.46238088607788086, 0.6977668404579163, -0.5471064448356628], "cam_t_m2c": [277.0828857421875, -78.91168975830078, 698.0274047851562], "obj_id": 1}, {"cam_R_m2c": [0.5812944769859314, -0.5969831347465515, -0.5529085397720337, 0.15577895939350128, -0.5852880477905273, 0.7957203388214111, -0.7986423373222351, -0.5486793518066406, -0.24722731113433838], "cam_t_m2c": [171.19363403320312, -269.32330322265625, 929.2141723632812], "obj_id": 1}, {"cam_R_m2c": [-0.8572490811347961, -0.3789686858654022, -0.3485778570175171, -0.3100428581237793, 0.9204063415527344, -0.23817123472690582, 0.41109272837638855, -0.09609802812337875, -0.906514048576355], "cam_t_m2c": [351.0405578613281, -361.90460205078125, 801.0931396484375], "obj_id": 1}, {"cam_R_m2c": [0.7386741042137146, 0.4227831959724426, 0.5249903798103333, -0.4358547031879425, 0.8936993479728699, -0.10645243525505066, -0.5141898393630981, -0.15018586814403534, 0.8444246649742126], "cam_t_m2c": [260.61187744140625, -419.8282470703125, 733.4816284179688], "obj_id": 1}, {"cam_R_m2c": [0.28259631991386414, -0.5604632496833801, 0.7784730195999146, 0.5077096223831177, 0.77595055103302, 0.3743416965007782, -0.8138613104820251, 0.28945064544677734, 0.5038333535194397], "cam_t_m2c": [295.789794921875, -189.19259643554688, 736.5740966796875], "obj_id": 1}, {"cam_R_m2c": [0.641800582408905, 0.4442751407623291, 0.625069260597229, -0.3926021456718445, -0.5098202228546143, 0.7654716372489929, 0.658752977848053, -0.7366836667060852, -0.15277953445911407], "cam_t_m2c": [216.50369262695312, -272.6297607421875, 613.0703735351562], "obj_id": 1}, {"cam_R_m2c": [-0.7120840549468994, 0.6558427214622498, -0.25061237812042236, 0.6701672077178955, 0.7413429617881775, 0.035867854952812195, 0.20931339263916016, -0.1424112766981125, -0.9674227833747864], "cam_t_m2c": [57.499324798583984, -219.7537384033203, 892.8135375976562], "obj_id": 1}, {"cam_R_m2c": [-0.9286273717880249, 0.0407162681221962, 0.3687726557254791, 0.36129382252693176, -0.1267828643321991, 0.9237926006317139, 0.08436745405197144, 0.9910944700241089, 0.10302358865737915], "cam_t_m2c": [107.42204284667969, -93.5389633178711, 891.2180786132812], "obj_id": 1}, {"cam_R_m2c": [0.24249012768268585, 0.7103810906410217, 0.6607247591018677, 0.8560306429862976, -0.47715112566947937, 0.19884246587753296, 0.4565195143222809, 0.517383337020874, -0.723812460899353], "cam_t_m2c": [211.93125915527344, -358.93548583984375, 886.8243408203125], "obj_id": 1}, {"cam_R_m2c": [0.6853781342506409, -0.690460741519928, -0.23134560883045197, -0.7281858921051025, -0.6492346525192261, -0.21963530778884888, 0.0014519667020067573, 0.3189958333969116, -0.9477550387382507], "cam_t_m2c": [133.9471893310547, -325.0261535644531, 651.8638916015625], "obj_id": 1}, {"cam_R_m2c": [0.2990798354148865, -0.7948748469352722, 0.5279443860054016, 0.2698405385017395, -0.4602349102497101, -0.8457955121994019, 0.9152799248695374, 0.39542117714881897, 0.07684244215488434], "cam_t_m2c": [343.96295166015625, -146.03237915039062, 629.3546142578125], "obj_id": 1}, {"cam_R_m2c": [0.9177891612052917, 0.3966275155544281, 0.01869897171854973, 0.07475211471319199, -0.12634094059467316, -0.9891663789749146, -0.3899681568145752, 0.9092440009117126, -0.14560309052467346], "cam_t_m2c": [186.87306213378906, -250.95480346679688, 965.27685546875], "obj_id": 1}, {"cam_R_m2c": [-0.5907163619995117, -0.28045347332954407, 0.7565711140632629, 0.3097341060638428, 0.7870006561279297, 0.5335679650306702, -0.7450629472732544, 0.5495232939720154, -0.37802812457084656], "cam_t_m2c": [311.6302490234375, -37.38370132446289, 732.6589965820312], "obj_id": 1}, {"cam_R_m2c": [0.8775182366371155, 0.3962010443210602, -0.270160049200058, 0.30106785893440247, -0.8936797976493835, -0.33270779252052307, -0.37325575947761536, 0.21062065660953522, -0.9035037755966187], "cam_t_m2c": [88.25311279296875, -112.54085540771484, 592.7474365234375], "obj_id": 1}, {"cam_R_m2c": [0.28581616282463074, 0.46566635370254517, -0.8375344276428223, 0.34660962224006653, -0.8650557994842529, -0.3626845180988312, -0.8934040665626526, -0.18663641810417175, -0.40865129232406616], "cam_t_m2c": [331.04998779296875, -190.92433166503906, 621.5457153320312], "obj_id": 1}, {"cam_R_m2c": [0.29663679003715515, 0.7312864065170288, -0.6141878962516785, -0.9514238834381104, 0.28183239698410034, -0.12394759804010391, 0.08245683461427689, 0.6211204528808594, 0.7793653011322021], "cam_t_m2c": [286.1201171875, -314.46875, 879.3079833984375], "obj_id": 1}, {"cam_R_m2c": [0.5978158712387085, -0.5448527336120605, -0.5880065560340881, 0.7446835041046143, 0.10592079907655716, 0.6589592695236206, -0.2967536449432373, -0.8318150639533997, 0.46906396746635437], "cam_t_m2c": [216.13832092285156, -232.18310546875, 751.98046875], "obj_id": 1}, {"cam_R_m2c": [0.7523508071899414, 0.45885327458381653, -0.4726753532886505, 0.48162463307380676, 0.10640990734100342, 0.869893491268158, 0.449450820684433, -0.8821171522140503, -0.1409374624490738], "cam_t_m2c": [85.34074401855469, -205.08200073242188, 697.2940063476562], "obj_id": 1}, {"cam_R_m2c": [0.2137126624584198, -0.9628627300262451, 0.16499164700508118, 0.9175180792808533, 0.2558242380619049, 0.3044905364513397, -0.33539146184921265, 0.08630933612585068, 0.9381168484687805], "cam_t_m2c": [258.7855224609375, -284.504638671875, 917.6063232421875], "obj_id": 1}, {"cam_R_m2c": [0.2364007532596588, -0.44740936160087585, 0.8625192046165466, -0.8610681295394897, 0.314823180437088, 0.3993091583251953, -0.4501956105232239, -0.8370848298072815, -0.31082549691200256], "cam_t_m2c": [388.2044982910156, -260.10614013671875, 913.8505859375], "obj_id": 1}, {"cam_R_m2c": [-0.5122610926628113, 0.8580200672149658, 0.03728679195046425, 0.4105933606624603, 0.2828058898448944, -0.8668529391288757, -0.7543220520019531, -0.4287452697753906, -0.49716782569885254], "cam_t_m2c": [136.59762573242188, -185.66554260253906, 643.5372314453125], "obj_id": 1}, {"cam_R_m2c": [0.4500000476837158, -0.29975101351737976, 0.841218888759613, -0.6423854827880859, -0.7630153298377991, 0.07175162434577942, 0.6203553676605225, -0.5726750493049622, -0.5359126329421997], "cam_t_m2c": [292.81732177734375, -80.1162109375, 720.7173461914062], "obj_id": 1}, {"cam_R_m2c": [-0.0808020755648613, 0.9566813111305237, 0.27969950437545776, 0.49637389183044434, 0.2819671630859375, -0.8210404515266418, -0.8643401265144348, 0.07249371707439423, -0.49765512347221375], "cam_t_m2c": [295.804931640625, -312.58062744140625, 911.06494140625], "obj_id": 1}, {"cam_R_m2c": [0.8460494875907898, -0.4900301694869995, -0.20993025600910187, 0.3749333620071411, 0.826891303062439, -0.4191368818283081, 0.3789792060852051, 0.2759006917476654, 0.883319616317749], "cam_t_m2c": [108.95845794677734, -404.8165588378906, 693.4837646484375], "obj_id": 1}, {"cam_R_m2c": [-0.6242533922195435, -0.09940426796674728, 0.774871826171875, -0.7308986186981201, -0.2759192883968353, -0.6242239475250244, 0.27585268020629883, -0.9560267329216003, 0.09958923608064651], "cam_t_m2c": [111.99900817871094, -140.41683959960938, 599.7094116210938], "obj_id": 1}, {"cam_R_m2c": [-0.8676353096961975, -0.24173423647880554, 0.4344803988933563, -0.02262979932129383, -0.8537476062774658, -0.5201948285102844, 0.49668556451797485, -0.4611716866493225, 0.7352714538574219], "cam_t_m2c": [83.48133087158203, -103.41082000732422, 640.9497680664062], "obj_id": 1}, {"cam_R_m2c": [-0.20716464519500732, -0.27554965019226074, 0.9386986494064331, -0.09942421317100525, 0.9604763388633728, 0.260000079870224, -0.9732407927513123, -0.03946654498577118, -0.22637304663658142], "cam_t_m2c": [46.61435317993164, -316.65997314453125, 599.3145141601562], "obj_id": 1}, {"cam_R_m2c": [-0.44135501980781555, -0.24013355374336243, -0.8646048903465271, -0.5451021194458008, -0.6936233043670654, 0.47090384364128113, -0.7127898931503296, 0.6791337132453918, 0.1752368062734604], "cam_t_m2c": [82.7908706665039, -209.38516235351562, 703.36865234375], "obj_id": 1}, {"cam_R_m2c": [0.64154452085495, -0.7034521102905273, 0.30590149760246277, 0.766431987285614, 0.6042847037315369, -0.21776586771011353, -0.03166373074054718, 0.37415921688079834, 0.9268237352371216], "cam_t_m2c": [116.87640380859375, -179.40586853027344, 814.0916137695312], "obj_id": 1}, {"cam_R_m2c": [0.5521162152290344, -0.6044831275939941, -0.5742541551589966, 0.5176175236701965, -0.29144173860549927, 0.8044463396072388, -0.6536358594894409, -0.7413918375968933, 0.15198133885860443], "cam_t_m2c": [137.12423706054688, -318.4912109375, 995.1854858398438], "obj_id": 3}, {"cam_R_m2c": [-0.5788899660110474, 0.7504290342330933, -0.3189711570739746, 0.4213355481624603, 0.610198974609375, 0.6709199547767639, 0.6981136798858643, 0.2539949119091034, -0.6694204807281494], "cam_t_m2c": [275.95965576171875, -85.22435760498047, 914.3770141601562], "obj_id": 1}, {"cam_R_m2c": [-0.12489504367113113, -0.9090885519981384, -0.39744076132774353, -0.7777630090713501, 0.3384198546409607, -0.5296760201454163, 0.6160242557525635, 0.24296081066131592, -0.7493224143981934], "cam_t_m2c": [166.58644104003906, -412.0738830566406, 632.3629760742188], "obj_id": 1}, {"cam_R_m2c": [-0.3390333652496338, 0.5695580244064331, 0.7487720251083374, 0.8383885622024536, -0.17816440761089325, 0.5151326656341553, 0.4268026649951935, 0.802409291267395, -0.41710707545280457], "cam_t_m2c": [399.7493591308594, -333.931640625, 840.8449096679688], "obj_id": 1}, {"cam_R_m2c": [0.6861128211021423, 0.31917840242385864, -0.6537387371063232, -0.7210516333580017, 0.41769248247146606, -0.5528268814086914, 0.09661136567592621, 0.8506810069084167, 0.5167282819747925], "cam_t_m2c": [130.93186950683594, -395.1760559082031, 624.2379760742188], "obj_id": 1}, {"cam_R_m2c": [0.9691683650016785, 0.01673041097819805, -0.24583089351654053, 0.24059171974658966, 0.15108482539653778, 0.9587956070899963, 0.05318235605955124, -0.988379180431366, 0.14240142703056335], "cam_t_m2c": [189.98147583007812, -231.02833557128906, 988.8560180664062], "obj_id": 3}, {"cam_R_m2c": [0.3373626172542572, 0.7866213321685791, 0.5171202421188354, -0.8797725439071655, 0.06800527125597, 0.47050559520721436, 0.33494284749031067, -0.6136791706085205, 0.7149903178215027], "cam_t_m2c": [273.9042053222656, -381.2813415527344, 745.7294311523438], "obj_id": 1}, {"cam_R_m2c": [-0.5265576243400574, -0.573424220085144, -0.6276317238807678, -0.7783907055854797, 0.6220364570617676, 0.0847262367606163, 0.3418257236480713, 0.5331559777259827, -0.7738860845565796], "cam_t_m2c": [469.58514404296875, -283.8423156738281, 764.2774047851562], "obj_id": 1}, {"cam_R_m2c": [-0.6395667195320129, 0.38889244198799133, 0.6631117463111877, 0.08969344943761826, -0.8189585208892822, 0.5667999386787415, 0.7634851932525635, 0.42198312282562256, 0.4888974130153656], "cam_t_m2c": [66.9830093383789, -195.95443725585938, 983.12939453125], "obj_id": 1}, {"cam_R_m2c": [0.0774349644780159, -0.9959783554077148, 0.04506668448448181, -0.09692146629095078, -0.052508335560560226, -0.9939059615135193, 0.9922751784324646, 0.07259515672922134, -0.10059767216444016], "cam_t_m2c": [267.6858825683594, -18.271696090698242, 686.5731201171875], "obj_id": 3}, {"cam_R_m2c": [-0.5563231706619263, 0.7107343673706055, -0.43053579330444336, -0.7980740666389465, -0.31266582012176514, 0.5150901079177856, 0.23147840797901154, 0.6301560401916504, 0.7411620020866394], "cam_t_m2c": [287.4714050292969, -219.92250061035156, 623.64990234375], "obj_id": 1}, {"cam_R_m2c": [0.34951967000961304, -0.5826979279518127, -0.7336887121200562, 0.6037999987602234, 0.7388667464256287, -0.2991679906845093, 0.7164227366447449, -0.3384361267089844, 0.6100814938545227], "cam_t_m2c": [7.739871501922607, -99.53701782226562, 955.2939453125], "obj_id": 1}, {"cam_R_m2c": [0.6797187328338623, 0.6207554340362549, -0.39069825410842896, 0.6735730171203613, -0.3174486458301544, 0.667477011680603, 0.29031333327293396, -0.7168604135513306, -0.6338998675346375], "cam_t_m2c": [188.40090942382812, -129.62266540527344, 903.667724609375], "obj_id": 3}, {"cam_R_m2c": [0.12548059225082397, -0.7480257153511047, -0.6516992449760437, -0.9374749064445496, -0.30435770750045776, 0.168839693069458, -0.3246462643146515, 0.5897656679153442, -0.7394462823867798], "cam_t_m2c": [226.7388458251953, -416.425048828125, 637.8388061523438], "obj_id": 1}, {"cam_R_m2c": [0.6698082089424133, 0.31633085012435913, -0.6717825531959534, -0.7190828919410706, 0.5019139647483826, -0.4806268513202667, 0.18513992428779602, 0.8049951195716858, 0.5636541843414307], "cam_t_m2c": [311.1295471191406, -326.7568054199219, 670.8350830078125], "obj_id": 3}, {"cam_R_m2c": [0.523377001285553, -0.3013364374637604, 0.7970400452613831, 0.13790833950042725, -0.8930945992469788, -0.4282093346118927, 0.840867280960083, 0.33403337001800537, -0.42586833238601685], "cam_t_m2c": [195.55250549316406, -340.1668395996094, 972.2077026367188], "obj_id": 3}, {"cam_R_m2c": [-0.32273945212364197, -0.37744802236557007, -0.8679701685905457, -0.9146192669868469, 0.3603329360485077, 0.18338967859745026, 0.24353815615177155, 0.8530493378639221, -0.4615148901939392], "cam_t_m2c": [195.03453063964844, -247.0768280029297, 838.6730346679688], "obj_id": 3}, {"cam_R_m2c": [-0.7372109293937683, -0.29668107628822327, -0.6070421934127808, 0.4329480230808258, 0.4823343753814697, -0.7615178823471069, 0.5187252759933472, -0.8242171406745911, -0.22713467478752136], "cam_t_m2c": [134.92103576660156, -326.2967529296875, 991.2465209960938], "obj_id": 3}, {"cam_R_m2c": [0.22323046624660492, 0.6201404929161072, -0.7520596981048584, 0.34888577461242676, 0.669586718082428, 0.6556922197341919, 0.9101905226707458, -0.408753365278244, -0.0668860375881195], "cam_t_m2c": [83.59172058105469, -228.99142456054688, 726.7326049804688], "obj_id": 1}, {"cam_R_m2c": [-0.7032163143157959, 0.5349882245063782, 0.4682675004005432, -0.6471891403198242, -0.7543383836746216, -0.11009041965007782, 0.2943350672721863, -0.3804749846458435, 0.8767015933990479], "cam_t_m2c": [124.64616394042969, -76.4198226928711, 941.4331665039062], "obj_id": 3}, {"cam_R_m2c": [0.39210739731788635, 0.6000707745552063, -0.6972567439079285, 0.3272036910057068, 0.6174117922782898, 0.7153604030609131, 0.8597613573074341, -0.5086430907249451, 0.0457463413476944], "cam_t_m2c": [338.73516845703125, -189.1964569091797, 804.471923828125], "obj_id": 3}, {"cam_R_m2c": [-0.09647705405950546, -0.9940105080604553, 0.05133381858468056, -0.5693888068199158, 0.01281505636870861, -0.8219683766365051, 0.816387414932251, -0.10853006690740585, -0.5672147274017334], "cam_t_m2c": [95.4458236694336, -101.2152328491211, 829.2443237304688], "obj_id": 3}, {"cam_R_m2c": [-0.8010045289993286, 0.5824885964393616, -0.1381985992193222, -0.11556629091501236, 0.0760539248585701, 0.9903838634490967, 0.5873978137969971, 0.8092730641365051, 0.006396500393748283], "cam_t_m2c": [103.09085083007812, -356.76995849609375, 681.0524291992188], "obj_id": 1}, {"cam_R_m2c": [0.1385878622531891, 0.734907865524292, -0.663855254650116, -0.6136281490325928, 0.5898666381835938, 0.5248978734016418, 0.7773376107215881, 0.3346158266067505, 0.5327085256576538], "cam_t_m2c": [-26.41232681274414, -184.75946044921875, 652.944091796875], "obj_id": 3}, {"cam_R_m2c": [0.8187917470932007, -0.3544637858867645, 0.4515921175479889, 0.5702847838401794, 0.411773681640625, -0.7107865810394287, 0.06599437445402145, 0.8395223617553711, 0.5393022298812866], "cam_t_m2c": [204.97882080078125, -315.92706298828125, 891.9970092773438], "obj_id": 3}, {"cam_R_m2c": [0.07113948464393616, 0.9182516932487488, -0.3895546495914459, 0.8499786853790283, 0.14857237040996552, 0.5054327845573425, 0.5219916105270386, -0.36706939339637756, -0.7699249982833862], "cam_t_m2c": [311.0990905761719, -183.25729370117188, 744.953857421875], "obj_id": 1}, {"cam_R_m2c": [0.9250115752220154, 0.0009363272693008184, -0.3799378275871277, -0.1278805285692215, 0.9424186944961548, -0.30902042984962463, 0.3577711582183838, 0.3344341218471527, 0.8718678951263428], "cam_t_m2c": [31.314908981323242, -175.01280212402344, 772.44970703125], "obj_id": 1}, {"cam_R_m2c": [0.3976033329963684, 0.8700524568557739, 0.29141080379486084, 0.9127918481826782, -0.3427332639694214, -0.22213691473007202, -0.09339458495378494, 0.35431981086730957, -0.9304487109184265], "cam_t_m2c": [16.07115364074707, -278.3221740722656, 651.8136596679688], "obj_id": 1}, {"cam_R_m2c": [-0.3137902617454529, -0.675573468208313, -0.6671850085258484, -0.30400070548057556, 0.7371696829795837, -0.6034603714942932, 0.899510383605957, 0.013464633375406265, -0.4366914629936218], "cam_t_m2c": [401.2144470214844, -230.99169921875, 956.883056640625], "obj_id": 1}, {"cam_R_m2c": [-0.03997207432985306, -0.9968490600585938, 0.06851134449243546, -0.22204215824604034, -0.05798986554145813, -0.9733108878135681, 0.9742171764373779, -0.0541178360581398, -0.2190243899822235], "cam_t_m2c": [-27.537002563476562, -205.904541015625, 596.0829467773438], "obj_id": 1}, {"cam_R_m2c": [-0.25435149669647217, 0.767832338809967, -0.5879953503608704, 0.5852201581001282, -0.36184293031692505, -0.7256630063056946, -0.7699496150016785, -0.5286803245544434, -0.3573155403137207], "cam_t_m2c": [236.85638427734375, -296.818115234375, 935.51123046875], "obj_id": 3}, {"cam_R_m2c": [-0.6995925903320312, 0.30925679206848145, -0.6441510319709778, -0.2927267849445343, 0.6983248591423035, 0.6531871557235718, 0.6518292427062988, 0.6455250978469849, -0.39801517128944397], "cam_t_m2c": [154.33241271972656, -358.049560546875, 826.7498168945312], "obj_id": 3}, {"cam_R_m2c": [-0.37642672657966614, -0.8485996723175049, 0.37172701954841614, -0.4251438081264496, -0.1982704997062683, -0.8831427693367004, 0.8231374025344849, -0.49047622084617615, -0.28614234924316406], "cam_t_m2c": [291.2005615234375, -262.94757080078125, 717.4302368164062], "obj_id": 3}, {"cam_R_m2c": [-0.49793776869773865, -0.009104863740503788, 0.8671648502349854, 0.8670672178268433, 0.01308252289891243, 0.49801918864250183, -0.015879033133387566, 0.9998728632926941, 0.0013803653419017792], "cam_t_m2c": [388.73895263671875, -348.41455078125, 768.7928466796875], "obj_id": 1}, {"cam_R_m2c": [0.4379464387893677, -0.7156911492347717, 0.5440487861633301, -0.8706405162811279, -0.186843141913414, 0.4550545811653137, -0.22402673959732056, -0.6729604601860046, -0.7049369812011719], "cam_t_m2c": [133.53318786621094, -222.05958557128906, 817.7952880859375], "obj_id": 3}, {"cam_R_m2c": [0.5633281469345093, -0.3297061324119568, -0.7575982809066772, 0.7544228434562683, -0.16863468289375305, 0.6343566179275513, -0.3369086980819702, -0.928900420665741, 0.15374122560024261], "cam_t_m2c": [341.60638427734375, -206.2857208251953, 689.5413818359375], "obj_id": 1}, {"cam_R_m2c": [0.15138986706733704, 0.7550612688064575, -0.6379368901252747, -0.986465573310852, 0.1565275490283966, -0.048833973705768585, 0.06298202276229858, 0.6366957426071167, 0.7685387134552002], "cam_t_m2c": [298.3507385253906, -262.4096374511719, 609.7525634765625], "obj_id": 1}, {"cam_R_m2c": [-0.2542175054550171, 0.1681322306394577, -0.9524205923080444, -0.8996657729148865, -0.4025086760520935, 0.16908086836338043, -0.3549295961856842, 0.8998435139656067, 0.253587543964386], "cam_t_m2c": [198.39901733398438, -131.8592987060547, 825.4854125976562], "obj_id": 3}, {"cam_R_m2c": [-0.18662621080875397, -0.8008558750152588, 0.5690346360206604, -0.8511658906936646, 0.42104852199554443, 0.31342417001724243, -0.49059876799583435, -0.42584970593452454, -0.760239839553833], "cam_t_m2c": [87.2545394897461, -376.1826477050781, 981.3364868164062], "obj_id": 3}, {"cam_R_m2c": [0.5201683640480042, 0.7805920839309692, 0.3465557098388672, 0.8125086426734924, -0.3272577226161957, -0.4824231266975403, -0.26316264271736145, 0.5325207710266113, -0.804466962814331], "cam_t_m2c": [-17.832786560058594, -150.00787353515625, 966.0108642578125], "obj_id": 3}, {"cam_R_m2c": [-0.7578645944595337, 0.4464746117591858, 0.4757116734981537, -0.3138861656188965, -0.888748288154602, 0.3340685963630676, 0.5719411373138428, 0.10385946929454803, 0.8136931657791138], "cam_t_m2c": [292.0336608886719, -165.80477905273438, 598.6192016601562], "obj_id": 1}, {"cam_R_m2c": [0.45122846961021423, 0.43661895394325256, 0.7783036231994629, 0.7241451740264893, 0.330554336309433, -0.6052663326263428, -0.5215423107147217, 0.8367182612419128, -0.16701997816562653], "cam_t_m2c": [141.3207244873047, -59.2285270690918, 902.4417114257812], "obj_id": 1}, {"cam_R_m2c": [-0.01603897660970688, -0.8615677952766418, 0.5073890686035156, -0.6921088099479675, 0.3758002519607544, 0.6162463426589966, -0.7216148972511292, -0.34128445386886597, -0.6023260951042175], "cam_t_m2c": [132.62767028808594, -34.98655319213867, 901.13427734375], "obj_id": 3}, {"cam_R_m2c": [0.7334360480308533, 0.5857853889465332, -0.3448580205440521, 0.5682786107063293, -0.25000467896461487, 0.7839369177818298, 0.37300267815589905, -0.7709430456161499, -0.5162517428398132], "cam_t_m2c": [145.60650634765625, -297.3338623046875, 858.0700073242188], "obj_id": 3}, {"cam_R_m2c": [0.6083705425262451, -0.26073628664016724, -0.7496011257171631, 0.21606405079364777, 0.9632320404052734, -0.1596882939338684, 0.7636763453483582, -0.06481221318244934, 0.6423377394676208], "cam_t_m2c": [435.6557922363281, -282.9569396972656, 989.0896606445312], "obj_id": 3}, {"cam_R_m2c": [-0.9191679358482361, -0.29909077286720276, 0.2562708258628845, -0.18471340835094452, -0.2473251223564148, -0.9511629939079285, 0.34786632657051086, -0.9216153621673584, 0.1720874011516571], "cam_t_m2c": [234.0619354248047, -323.2556457519531, 995.923095703125], "obj_id": 3}, {"cam_R_m2c": [-0.752219557762146, -0.5390429496765137, 0.3789438009262085, 0.5717025399208069, -0.24799542129039764, 0.7820833921432495, -0.3276002109050751, 0.8049415946006775, 0.4947192668914795], "cam_t_m2c": [309.1872253417969, -90.86957550048828, 662.4590454101562], "obj_id": 3}, {"cam_R_m2c": [0.8508668541908264, -0.24083960056304932, 0.46692806482315063, 0.08442637324333191, 0.9398697018623352, 0.33093369007110596, -0.5185534954071045, -0.24215947091579437, 0.8200372457504272], "cam_t_m2c": [291.74359130859375, -222.0419921875, 844.1838989257812], "obj_id": 3}, {"cam_R_m2c": [0.6877788305282593, -0.695972740650177, 0.20635463297367096, -0.716319739818573, -0.6967628598213196, 0.03751545771956444, 0.11767052114009857, -0.17361822724342346, -0.9777577519416809], "cam_t_m2c": [262.5572814941406, -210.6450653076172, 584.0297241210938], "obj_id": 3}, {"cam_R_m2c": [-0.6798751950263977, 0.5748065114021301, -0.4553758203983307, -0.6747175455093384, -0.24705767631530762, 0.6954988837242126, 0.2872731685638428, 0.780102550983429, 0.5558004379272461], "cam_t_m2c": [288.53533935546875, -81.04258728027344, 927.62548828125], "obj_id": 1}, {"cam_R_m2c": [0.9435837268829346, -0.2996879518032074, -0.14084365963935852, 0.007087757810950279, -0.4069608151912689, 0.9134181141853333, -0.3310582637786865, -0.8628847002983093, -0.38187748193740845], "cam_t_m2c": [198.95448303222656, -72.35420989990234, 592.6947021484375], "obj_id": 3}, {"cam_R_m2c": [0.49194762110710144, -0.7272710204124451, 0.47860679030418396, 0.8706157207489014, 0.41345158219337463, -0.26661965250968933, -0.003975984640419483, 0.5478454828262329, 0.8365700840950012], "cam_t_m2c": [301.8658447265625, -236.52587890625, 774.0030517578125], "obj_id": 1}, {"cam_R_m2c": [0.39215415716171265, -0.6705693602561951, -0.6297236084938049, 0.26176539063453674, -0.5749112367630005, 0.7752134799957275, -0.8818696141242981, -0.4688430428504944, -0.049921952188014984], "cam_t_m2c": [245.95663452148438, -327.7275695800781, 975.580810546875], "obj_id": 3}, {"cam_R_m2c": [-0.8578303456306458, 0.5118528604507446, 0.04618839919567108, -0.2225540429353714, -0.2889639437198639, -0.9311118721961975, -0.46324554085731506, -0.8090155720710754, 0.36179718375205994], "cam_t_m2c": [235.20216369628906, -390.05596923828125, 684.9627685546875], "obj_id": 3}, {"cam_R_m2c": [0.7154226303100586, -0.19768577814102173, -0.670142412185669, -0.1552109569311142, 0.8902066349983215, -0.42830097675323486, 0.6812342405319214, 0.4104296565055847, 0.6061909794807434], "cam_t_m2c": [225.74740600585938, -356.3722839355469, 656.31396484375], "obj_id": 1}, {"cam_R_m2c": [0.45359480381011963, 0.21640509366989136, 0.8645349144935608, -0.8505752086639404, -0.18445315957069397, 0.4924417734146118, 0.2660330832004547, -0.9587209820747375, 0.10040180385112762], "cam_t_m2c": [17.675424575805664, -308.84832763671875, 620.7791137695312], "obj_id": 1