{
  "0": [{"cam_R_m2c": [0.31249505281448364, -0.9342018365859985, -0.17208659648895264, -0.18972471356391907, 0.11612801998853683, -0.9749455451965332, 0.9307799935340881, 0.33731475472450256, -0.1409517526626587], "cam_t_m2c": [248.24986267089844, -22.272785186767578, 603.889404296875], "obj_id": 2}, {"cam_R_m2c": [0.31249505281448364, -0.9342018365859985, -0.17208659648895264, -0.18972471356391907, 0.11612801998853683, -0.9749455451965332, 0.9307799935340881, 0.33731475472450256, -0.1409517526626587], "cam_t_m2c": [248.24986267089844, -22.272785186767578, 603.889404296875], "obj_id": 0}, {"cam_R_m2c": [0.31249505281448364, -0.9342018365859985, -0.17208659648895264, -0.18972471356391907, 0.11612801998853683, -0.9749455451965332, 0.9307799935340881, 0.33731475472450256, -0.1409517526626587], "cam_t_m2c": [248.24986267089844, -22.272785186767578, 603.889404296875], "obj_id": 2}, {"cam_R_m2c": [0.31249505281448364, -0.9342018365859985, -0.17208659648895264, -0.18972471356391907, 0.11612801998853683, -0.9749455451965332, 0.9307799935340881, 0.33731475472450256, -0.1409517526626587], "cam_t_m2c": [248.24986267089844, -22.272785186767578, 603.889404296875], "obj_id": 1}, {"cam_R_m2c": [0.31249505281448364, -0.9342018365859985, -0.17208659648895264, -0.18972471356391907, 0.11612801998853683, -0.9749455451965332, 0.9307799935340881, 0.33731475472450256, -0.1409517526626587], "cam_t_m2c": [248.24986267089844, -22.272785186767578, 603.889404296875], "obj_id": 3}, {"cam_R_m2c": [0.31249505281448364, -0.9342018365859985, -0.17208659648895264, -0.18972471356391907, 0.11612801998853683, -0.9749455451965332, 0.9307799935340881, 0.33731475472450256, -0.1409517526626587], "cam_t_m2c": [248.24986267089844, -22.272785186767578, 603.889404296875], "obj_id": 2}, {"cam_R_m2c": [0.31249505281448364, -0.9342018365859985, -0.17208659648895264, -0.18972471356391907, 0.11612801998853683, -0.9749455451965332, 0.9307799935340881, 0.33731475472450256, -0.1409517526626587], "cam_t_m2c": [248.24986267089844, -22.272785186767578, 603.889404296875], "obj_id": 3}, {"cam_R_m2c": [0.31249505281448364, -0.9342018365859985, -0.17208659648895264, -0.18972471356391907, 0.11612801998853683, -0.9749455451965332, 0.9307799935340881, 0.33731475472450256, -0.1409517526626587], "cam_t_m2c": [248.24986267089844, -22.272785186767578, 603.889404296875], "obj_id": 2}, {"cam_R_m2c": [0.31249505281448364, -0.9342018365859985, -0.17208659648895264, -0.18972471356391907, 0.11612801998853683, -0.9749455451965332, 0.9307799935340881, 0.33731475472450256, -0.1409517526626587], "cam_t_m2c": [248.24986267089844, -22.272785186767578, 603.889404296875], "obj_id": 0}, {"cam_R_m2c": [0.31249505281448364, -0.9342018365859985, -0.17208659648895264, -0.18972471356391907, 0.11612801998853683, -0.9749455451965332, 0.9307799935340881, 0.33731475472450256, -0.1409517526626587], "cam_t_m2c": [248.24986267089844, -22.272785186767578, 603.889404296875], "obj_id": 0}, {"cam_R_m2c": [0.31249505281448364, -0.9342018365859985, -0.17208659648895264, -0.18972471356391907, 0.11612801998853683, -0.9749455451965332, 0.9307799935340881, 0.33731475472450256, -0.1409517526626587], "cam_t_m2c": [248.24986267089844, -22.272785186767578, 603.889404296875], "obj_id": 3}, {"cam_R_m2c": [0.31249505281448364, -0.9342018365859985, -0.17208659648895264, -0.18972471356391907, 0.11612801998853683, -0.9749455451965332, 0.9307799935340881, 0.33731475472450256, -0.1409517526626587], "cam_t_m2c": [248.24986267089844, -22.272785186767578, 603.889404296875], "obj_id": 0}, {"cam_R_m2c": [0.316048800945282, -0.3426128029823303, 0.8847201466560364, 0.22826789319515228, -0.8776646256446838, -0.4214247167110443, 0.9208729863166809, 0.3351439833641052, -0.19917742908000946], "cam_t_m2c": [60.859066009521484, -4.190398216247559, 796.849609375], "obj_id": 1}, {"cam_R_m2c": [-0.0781853049993515, 0.11854393035173416, -0.9898658990859985, -0.9801204800605774, -0.19075079262256622, 0.054571669548749924, -0.18234850466251373, 0.9744545221328735, 0.13110119104385376], "cam_t_m2c": [-14.718781471252441, 17.981781005859375, 554.6422729492188], "obj_id": 2}, {"cam_R_m2c": [-0.5990268588066101, 0.3501533567905426, -0.7201106548309326, 0.4247967004776001, 0.9013000726699829, 0.08488775789737701, 0.6787595152854919, -0.2550505995750427, -0.6886469125747681], "cam_t_m2c": [228.8120574951172, -22.93775749206543, 445.4905090332031], "obj_id": 3}, {"cam_R_m2c": [-0.33542633056640625, 0.32437339425086975, 0.8844606280326843, 0.8790876865386963, -0.2297351360321045, 0.41764360666275024, 0.33866438269615173, 0.9176073670387268, -0.20809321105480194], "cam_t_m2c": [393.129638671875, 73.33856964111328, 289.0425109863281], "obj_id": 4}],
  "1": [{"cam_R_m2c": [0.8448893427848816, -0.4631635248661041, 0.2676593065261841, 0.10869225114583969, -0.3412807285785675, -0.9336559772491455, 0.5237823724746704, 0.8179284930229187, -0.23800218105316162], "cam_t_m2c": [295.88507080078125, 131.6711883544922, 518.559326171875], "obj_id": 2}, {"cam_R_m2c": [0.8448893427848816, -0.4631635248661041, 0.2676593065261841, 0.10869225114583969, -0.3412807285785675, -0.9336559772491455, 0.5237823724746704, 0.8179284930229187, -0.23800218105316162], "cam_t_m2c": [295.88507080078125, 131.6711883544922, 518.559326171875], "obj_id": 0}, {"cam_R_m2c": [0.8448893427848816, -0.4631635248661041, 0.2676593065261841, 0.10869225114583969, -0.3412807285785675, -0.9336559772491455, 0.5237823724746704, 0.8179284930229187, -0.23800218105316162], "cam_t_m2c": [295.88507080078125, 131.6711883544922, 518.559326171875], "obj_id": 2}, {"cam_R_m2c": [0.8448893427848816, -0.4631635248661041, 0.2676593065261841, 0.10869225114583969, -0.3412807285785675, -0.9336559772491455, 0.5237823724746704, 0.8179284930229187, -0.23800218105316162], "cam_t_m2c": [295.88507080078125, 131.6711883544922, 518.559326171875], "obj_id": 1}, {"cam_R_m2c": [0.8448893427848816, -0.4631635248661041, 0.2676593065261841, 0.10869225114583969, -0.3412807285785675, -0.9336559772491455, 0.5237823724746704, 0.8179284930229187, -0.23800218105316162], "cam_t_m2c": [295.88507080078125, 131.6711883544922, 518.559326171875], "obj_id": 3}, {"cam_R_m2c": [0.8448893427848816, -0.4631635248661041, 0.2676593065261841, 0.10869225114583969, -0.3412807285785675, -0.9336559772491455, 0.5237823724746704, 0.8179284930229187, -0.23800218105316162], "cam_t_m2c": [295.88507080078125, 131.6711883544922, 518.559326171875], "obj_id": 2}, {"cam_R_m2c": [0.8448893427848816, -0.4631635248661041, 0.2676593065261841, 0.10869225114583969, -0.3412807285785675, -0.9336559772491455, 0.5237823724746704, 0.8179284930229187, -0.23800218105316162], "cam_t_m2c": [295.88507080078125, 131.6711883544922, 518.559326171875], "obj_id": 3}, {"cam_R_m2c": [0.8448893427848816, -0.4631635248661041, 0.2676593065261841, 0.10869225114583969, -0.3412807285785675, -0.9336559772491455, 0.5237823724746704, 0.8179284930229187, -0.23800218105316162], "cam_t_m2c": [295.88507080078125, 131.6711883544922, 518.559326171875], "obj_id": 2}, {"cam_R_m2c": [0.8448893427848816, -0.4631635248661041, 0.2676593065261841, 0.10869225114583969, -0.3412807285785675, -0.9336559772491455, 0.5237823724746704, 0.8179284930229187, -0.23800218105316162], "cam_t_m2c": [295.88507080078125, 131.6711883544922, 518.559326171875], "obj_id": 0}, {"cam_R_m2c": [0.8448893427848816, -0.4631635248661041, 0.2676593065261841, 0.10869225114583969, -0.3412807285785675, -0.9336559772491455, 0.5237823724746704, 0.8179284930229187, -0.23800218105316162], "cam_t_m2c": [295.88507080078125, 131.6711883544922, 518.559326171875], "obj_id": 0}, {"cam_R_m2c": [0.8448893427848816, -0.4631635248661041, 0.2676593065261841, 0.10869225114583969, -0.3412807285785675, -0.9336559772491455, 0.5237823724746704, 0.8179284930229187, -0.23800218105316162], "cam_t_m2c": [295.88507080078125, 131.6711883544922, 518.559326171875], "obj_id": 3}, {"cam_R_m2c": [0.8448893427848816, -0.4631635248661041, 0.2676593065261841, 0.10869225114583969, -0.3412807285785675, -0.9336559772491455, 0.5237823724746704, 0.8179284930229187, -0.23800218105316162], "cam_t_m2c": [295.88507080078125, 131.6711883544922, 518.559326171875], "obj_id": 0}, {"cam_R_m2c": [0.6427707672119141, 0.3925558030605316, 0.6578340530395508, 0.46464917063713074, -0.8825117945671082, 0.07262058556079865, 0.6090540885925293, 0.25898370146751404, -0.7496534585952759], "cam_t_m2c": [279.68792724609375, 73.5253677368164, 781.2999267578125], "obj_id": 1}, {"cam_R_m2c": [0.30668893456459045, 0.7450571656227112, -0.5923104882240295, -0.8947104215621948, 0.013371897861361504, -0.4464465081691742, -0.32470783591270447, 0.6668666005134583, 0.6707113981246948], "cam_t_m2c": [76.48545837402344, 25.070011138916016, 635.5987548828125], "obj_id": 2}, {"cam_R_m2c": [-0.18942223489284515, -0.3514260947704315, -0.9168526530265808, 0.1333606094121933, 0.9158971905708313, -0.3786122500896454, 0.9727969765663147, -0.19398964941501617, -0.12662488222122192], "cam_t_m2c": [189.71072387695312, 102.48979187011719, 403.0433654785156], "obj_id": 3}, {"cam_R_m2c": [-0.4352032244205475, 0.863820493221283, 0.25379565358161926, 0.6148488521575928, 0.07923199981451035, 0.7846547961235046, 0.6576921939849854, 0.4975302815437317, -0.5656010508537292], "cam_t_m2c": [158.20228576660156, 250.29013061523438, 208.34446716308594], "obj_id": 4}],
  "2": [{"cam_R_m2c": [0.8448893427848816, -0.4631635248661041, 0.2676593065261841, 0.10869225114583969, -0.3412807285785675, -0.9336559772491455, 0.5237823724746704, 0.8179284930229187, -0.23800218105316162], "cam_t_m2c": [295.88507080078125, 131.6711883544922, 518.559326171875], "obj_id": 2}, {"cam_R_m2c": [0.8448893427848816, -0.4631635248661041, 0.2676593065261841, 0.10869225114583969, -0.3412807285785675, -0.9336559772491455, 0.5237823724746704, 0.8179284930229187, -0.23800218105316162], "cam_t_m2c": [295.88507080078125, 131.6711883544922, 518.559326171875], "obj_id": 0}, {"cam_R_m2c": [0.8448893427848816, -0.4631635248661041, 0.2676593065261841, 0.10869225114583969, -0.3412807285785675, -0.9336559772491455, 0.5237823724746704, 0.8179284930229187, -0.23800218105316162], "cam_t_m2c": [295.88507080078125, 131.6711883544922, 518.559326171875], "obj_id": 2}, {"cam_R_m2c": [0.8448893427848816, -0.4631635248661041, 0.2676593065261841, 0.10869225114583969, -0.3412807285785675, -0.9336559772491455, 0.5237823724746704, 0.8179284930229187, -0.23800218105316162], "cam_t_m2c": [295.88507080078125, 131.6711883544922, 518.559326171875], "obj_id": 1}, {"cam_R_m2c": [0.8448893427848816, -0.4631635248661041, 0.2676593065261841, 0.10869225114583969, -0.3412807285785675, -0.9336559772491455, 0.5237823724746704, 0.8179284930229187, -0.23800218105316162], "cam_t_m2c": [295.88507080078125, 131.6711883544922, 518.559326171875], "obj_id": 3}, {"cam_R_m2c": [0.8448893427848816, -0.4631635248661041, 0.2676593065261841, 0.10869225114583969, -0.3412807285785675, -0.9336559772491455, 0.5237823724746704, 0.8179284930229187, -0.23800218105316162], "cam_t_m2c": [295.88507080078125, 131.6711883544922, 518.559326171875], "obj_id": 2}, {"cam_R_m2c": [0.8448893427848816, -0.4631635248661041, 0.2676593065261841, 0.10869225114583969, -0.3412807285785675, -0.9336559772491455, 0.5237823724746704, 0.8179284930229187, -0.23800218105316162], "cam_t_m2c": [295.88507080078125, 131.6711883544922, 518.559326171875], "obj_id": 3}, {"cam_R_m2c": [0.8448893427848816, -0.4631635248661041, 0.2676593065261841, 0.10869225114583969, -0.3412807285785675, -0.9336559772491455, 0.5237823724746704, 0.8179284930229187, -0.23800218105316162], "cam_t_m2c": [295.88507080078125, 131.6711883544922, 518.559326171875], "obj_id": 2}, {"cam_R_m2c": [0.8448893427848816, -0.4631635248661041, 0.2676593065261841, 0.10869225114583969, -0.3412807285785675, -0.9336559772491455, 0.5237823724746704, 0.8179284930229187, -0.23800218105316162], "cam_t_m2c": [295.88507080078125, 131.6711883544922, 518.559326171875], "obj_id": 0}, {"cam_R_m2c": [0.8448893427848816, -0.4631635248661041, 0.2676593065261841, 0.10869225114583969, -0.3412807285785675, -0.9336559772491455, 0.5237823724746704, 0.8179284930229187, -0.23800218105316162], "cam_t_m2c": [295.88507080078125, 131.6711883544922, 518.559326171875], "obj_id": 0}, {"cam_R_m2c": [0.8448893427848816, -0.4631635248661041, 0.2676593065261841, 0.10869225114583969, -0.3412807285785675, -0.9336559772491455, 0.5237823724746704, 0.8179284930229187, -0.23800218105316162], "cam_t_m2c": [295.88507080078125, 131.6711883544922, 518.559326171875], "obj_id": 3}, {"cam_R_m2c": [0.8448893427848816, -0.4631635248661041, 0.2676593065261841, 0.10869225114583969, -0.3412807285785675, -0.9336559772491455, 0.5237823724746704, 0.8179284930229187, -0.23800218105316162], "cam_t_m2c": [295.88507080078125, 131.6711883544922, 518.559326171875], "obj_id": 0}, {"cam_R_m2c": [0.6427707672119141, 0.3925558030605316, 0.6578340530395508, 0.46464917063713074, -0.8825117945671082, 0.07262058556079865, 0.6090540885925293, 0.25898370146751404, -0.7496534585952759], "cam_t_m2c": [279.68792724609375, 73.5253677368164, 781.2999267578125], "obj_id": 1}, {"cam_R_m2c": [0.30668893456459045, 0.7450571656227112, -0.5923104882240295, -0.8947104215621948, 0.013371897861361504, -0.4464465081691742, -0.32470783591270447, 0.6668666005134583, 0.6707113981246948], "cam_t_m2c": [76.48545837402344, 25.070011138916016, 635.5987548828125], "obj_id": 2}, {"cam_R_m2c": [-0.18942223489284515, -0.3514260947704315, -0.9168526530265808, 0.1333606094121933, 0.9158971905708313, -0.3786122500896454, 0.9727969765663147, -0.19398964941501617, -0.12662488222122192], "cam_t_m2c": [189.71072387695312, 102.48979187011719, 403.0433654785156], "obj_id": 3}, {"cam_R_m2c": [-0.4352032244205475, 0.863820493221283, 0.25379565358161926, 0.6148488521575928, 0.07923199981451035, 0.7846547961235046, 0.6576921939849854, 0.4975302815437317, -0.5656010508537292], "cam_t_m2c": [158.20228576660156, 250.29013061523438, 208.34446716308594], "obj_id": 4}],
  "3": [{"cam_R_m2c": [-0.764097273349762, -0.6114417314529419, -0.2056560516357422, 0.010272156447172165, 0.3072240650653839, -0.9515817761421204, 0.6450192928314209, -0.729213535785675, -0.22846825420856476], "cam_t_m2c": [-62.80399703979492, -7.797261714935303, 831.1402587890625], "obj_id": 2}, {"cam_R_m2c": [-0.764097273349762, -0.6114417314529419, -0.2056560516357422, 0.010272156447172165, 0.3072240650653839, -0.9515817761421204, 0.6450192928314209, -0.729213535785675, -0.22846825420856476], "cam_t_m2c": [-62.80399703979492, -7.797261714935303, 831.1402587890625], "obj_id": 0}, {"cam_R_m2c": [-0.764097273349762, -0.6114417314529419, -0.2056560516357422, 0.010272156447172165, 0.3072240650653839, -0.9515817761421204, 0.6450192928314209, -0.729213535785675, -0.22846825420856476], "cam_t_m2c": [-62.80399703979492, -7.797261714935303, 831.1402587890625], "obj_id": 2}, {"cam_R_m2c": [-0.764097273349762, -0.6114417314529419, -0.2056560516357422, 0.010272156447172165, 0.3072240650653839, -0.9515817761421204, 0.6450192928314209, -0.729213535785675, -0.22846825420856476], "cam_t_m2c": [-62.80399703979492, -7.797261714935303, 831.1402587890625], "obj_id": 1}, {"cam_R_m2c": [-0.764097273349762, -0.6114417314529419, -0.2056560516357422, 0.010272156447172165, 0.3072240650653839, -0.9515817761421204, 0.6450192928314209, -0.729213535785675, -0.22846825420856476], "cam_t_m2c": [-62.80399703979492, -7.797261714935303, 831.1402587890625], "obj_id": 3}, {"cam_R_m2c": [-0.764097273349762, -0.6114417314529419, -0.2056560516357422, 0.010272156447172165, 0.3072240650653839, -0.9515817761421204, 0.6450192928314209, -0.729213535785675, -0.22846825420856476], "cam_t_m2c": [-62.80399703979492, -7.797261714935303, 831.1402587890625], "obj_id": 2}, {"cam_R_m2c": [-0.764097273349762, -0.6114417314529419, -0.2056560516357422, 0.010272156447172165, 0.3072240650653839, -0.9515817761421204, 0.6450192928314209, -0.729213535785675, -0.22846825420856476], "cam_t_m2c": [-62.80399703979492, -7.797261714935303, 831.1402587890625], "obj_id": 3}, {"cam_R_m2c": [-0.764097273349762, -0.6114417314529419, -0.2056560516357422, 0.010272156447172165, 0.3072240650653839, -0.9515817761421204, 0.6450192928314209, -0.729213535785675, -0.22846825420856476], "cam_t_m2c": [-62.80399703979492, -7.797261714935303, 831.1402587890625], "obj_id": 2}, {"cam_R_m2c": [-0.764097273349762, -0.6114417314529419, -0.2056560516357422, 0.010272156447172165, 0.3072240650653839, -0.9515817761421204, 0.6450192928314209, -0.729213535785675, -0.22846825420856476], "cam_t_m2c": [-62.80399703979492, -7.797261714935303, 831.1402587890625], "obj_id": 0}, {"cam_R_m2c": [-0.764097273349762, -0.6114417314529419, -0.2056560516357422, 0.010272156447172165, 0.3072240650653839, -0.9515817761421204, 0.6450192928314209, -0.729213535785675, -0.22846825420856476], "cam_t_m2c": [-62.80399703979492, -7.797261714935303, 831.1402587890625], "obj_id": 0}, {"cam_R_m2c": [-0.764097273349762, -0.6114417314529419, -0.2056560516357422, 0.010272156447172165, 0.3072240650653839, -0.9515817761421204, 0.6450192928314209, -0.729213535785675, -0.22846825420856476], "cam_t_m2c": [-62.80399703979492, -7.797261714935303, 831.1402587890625], "obj_id": 3}, {"cam_R_m2c": [-0.764097273349762, -0.6114417314529419, -0.2056560516357422, 0.010272156447172165, 0.3072240650653839, -0.9515817761421204, 0.6450192928314209, -0.729213535785675, -0.22846825420856476], "cam_t_m2c": [-62.80399703979492, -7.797261714935303, 831.1402587890625], "obj_id": 0}, {"cam_R_m2c": [-0.6392632126808167, -0.6646746397018433, 0.3867172598838806, 0.4092821180820465, -0.7198307514190674, -0.5606531500816345, 0.6510229110717773, -0.2001284658908844, 0.7322006821632385], "cam_t_m2c": [-298.2066345214844, 79.80644989013672, 733.2265625], "obj_id": 1}, {"cam_R_m2c": [-0.1357572227716446, -0.8745220899581909, -0.46559759974479675, -0.9780678749084473, 0.04336971417069435, 0.2037210315465927, -0.15796570479869843, 0.4830426573753357, -0.8612297177314758], "cam_t_m2c": [-104.72725677490234, 50.29447937011719, 570.2456665039062], "obj_id": 2}, {"cam_R_m2c": [-0.7067998051643372, 0.6027751564979553, 0.3702649474143982, 0.648209273815155, 0.7614589333534241, -0.0022533293813467026, -0.2832998037338257, 0.23841650784015656, -0.928923487663269], "cam_t_m2c": [70.59601593017578, -45.278316497802734, 751.9690551757812], "obj_id": 3}, {"cam_R_m2c": [-0.18299056589603424, -0.7590062618255615, 0.6248390674591064, 0.9692400097846985, -0.03288066387176514, 0.2439110279083252, -0.16458487510681152, 0.6502524614334106, 0.7416761517524719], "cam_t_m2c": [296.45947265625, -11.129693031311035, 844.5160522460938], "obj_id": 4}],
  "4": [{"cam_R_m2c": [-0.764097273349762, -0.6114417314529419, -0.2056560516357422, 0.010272156447172165, 0.3072240650653839, -0.9515817761421204, 0.6450192928314209, -0.729213535785675, -0.22846825420856476], "cam_t_m2c": [-62.80399703979492, -7.797261714935303, 831.1402587890625], "obj_id": 2}, {"cam_R_m2c": [-0.764097273349762, -0.6114417314529419, -0.2056560516357422, 0.010272156447172165, 0.3072240650653839, -0.9515817761421204, 0.6450192928314209, -0.729213535785675, -0.22846825420856476], "cam_t_m2c": [-62.80399703979492, -7.797261714935303, 831.1402587890625], "obj_id": 0}, {"cam_R_m2c": [-0.764097273349762, -0.6114417314529419, -0.2056560516357422, 0.010272156447172165, 0.3072240650653839, -0.9515817761421204, 0.6450192928314209, -0.729213535785675, -0.22846825420856476], "cam_t_m2c": [-62.80399703979492, -7.797261714935303, 831.1402587890625], "obj_id": 2}, {"cam_R_m2c": [-0.764097273349762, -0.6114417314529419, -0.2056560516357422, 0.010272156447172165, 0.3072240650653839, -0.9515817761421204, 0.6450192928314209, -0.729213535785675, -0.22846825420856476], "cam_t_m2c": [-62.80399703979492, -7.797261714935303, 831.1402587890625], "obj_id": 1}, {"cam_R_m2c": [-0.764097273349762, -0.6114417314529419, -0.2056560516357422, 0.010272156447172165, 0.3072240650653839, -0.9515817761421204, 0.6450192928314209, -0.729213535785675, -0.22846825420856476], "cam_t_m2c": [-62.80399703979492, -7.797261714935303, 831.1402587890625], "obj_id": 3}, {"cam_R_m2c": [-0.764097273349762, -0.6114417314529419, -0.2056560516357422, 0.010272156447172165, 0.3072240650653839, -0.9515817761421204, 0.6450192928314209, -0.729213535785675, -0.22846825420856476], "cam_t_m2c": [-62.80399703979492, -7.797261714935303, 831.1402587890625], "obj_id": 2}, {"cam_R_m2c": [-0.764097273349762, -0.6114417314529419, -0.2056560516357422, 0.010272156447172165, 0.3072240650653839, -0.9515817761421204, 0.6450192928314209, -0.729213535785675, -0.22846825420856476], "cam_t_m2c": [-62.80399703979492, -7.797261714935303, 831.1402587890625], "obj_id": 3}, {"cam_R_m2c": [-0.764097273349762, -0.6114417314529419, -0.2056560516357422, 0.010272156447172165, 0.3072240650653839, -0.9515817761421204, 0.6450192928314209, -0.729213535785675, -0.22846825420856476], "cam_t_m2c": [-62.80399703979492, -7.797261714935303, 831.1402587890625], "obj_id": 2}, {"cam_R_m2c": [-0.764097273349762, -0.6114417314529419, -0.2056560516357422, 0.010272156447172165, 0.3072240650653839, -0.9515817761421204, 0.6450192928314209, -0.729213535785675, -0.22846825420856476], "cam_t_m2c": [-62.80399703979492, -7.797261714935303, 831.1402587890625], "obj_id": 0}, {"cam_R_m2c": [-0.764097273349762, -0.6114417314529419, -0.2056560516357422, 0.010272156447172165, 0.3072240650653839, -0.9515817761421204, 0.6450192928314209, -0.729213535785675, -0.22846825420856476], "cam_t_m2c": [-62.80399703979492, -7.797261714935303, 831.1402587890625], "obj_id": 0}, {"cam_R_m2c": [-0.764097273349762, -0.6114417314529419, -0.2056560516357422, 0.010272156447172165, 0.3072240650653839, -0.9515817761421204, 0.6450192928314209, -0.729213535785675, -0.22846825420856476], "cam_t_m2c": [-62.80399703979492, -7.797261714935303, 831.1402587890625], "obj_id": 3}, {"cam_R_m2c": [-0.764097273349762, -0.6114417314529419, -0.2056560516357422, 0.010272156447172165, 0.3072240650653839, -0.9515817761421204, 0.6450192928314209, -0.729213535785675, -0.22846825420856476], "cam_t_m2c": [-62.80399703979492, -7.797261714935303, 831.1402587890625], "obj_id": 0}, {"cam_R_m2c": [-0.6392632126808167, -0.6646746397018433, 0.3867172598838806, 0.4092821180820465, -0.7198307514190674, -0.5606531500816345, 0.6510229110717773, -0.2001284658908844, 0.7322006821632385], "cam_t_m2c": [-298.2066345214844, 79.80644989013672, 733.2265625], "obj_id": 1}, {"cam_R_m2c": [-0.1357572227716446, -0.8745220899581909, -0.46559759974479675, -0.9780678749084473, 0.04336971417069435, 0.2037210315465927, -0.15796570479869843, 0.4830426573753357, -0.8612297177314758], "cam_t_m2c": [-104.72725677490234, 50.29447937011719, 570.2456665039062], "obj_id": 2}, {"cam_R_m2c": [-0.7067998051643372, 0.6027751564979553, 0.3702649474143982, 0.648209273815155, 0.7614589333534241, -0.0022533293813467026, -0.2832998037338257, 0.23841650784015656, -0.928923487663269], "cam_t_m2c": [70.59601593017578, -45.278316497802734, 751.9690551757812], "obj_id": 3}, {"cam_R_m2c": [-0.18299056589603424, -0.7590062618255615, 0.6248390674591064, 0.9692400097846985, -0.03288066387176514, 0.2439110279083252, -0.16458487510681152, 0.6502524614334106, 0.7416761517524719], "cam_t_m2c": [296.45947265625, -11.129693031311035, 844.5160522460938], "obj_id": 4}],
  "5": [{"cam_R_m2c": [0.7191551923751831, 0.6792896389961243, 0.14622381329536438, 0.3387835621833801, -0.15905019640922546, -0.9273233413696289, -0.60666424036026, 0.7164276242256165, -0.3445139229297638], "cam_t_m2c": [62.696533203125, 161.36572265625, 250.8355712890625], "obj_id": 2}, {"cam_R_m2c": [0.7191551923751831, 0.6792896389961243, 0.14622381329536438, 0.3387835621833801, -0.15905019640922546, -0.9273233413696289, -0.60666424036026, 0.7164276242256165, -0.3445139229297638], "cam_t_m2c": [62.696533203125, 161.36572265625, 250.8355712890625], "obj_id": 0}, {"cam_R_m2c": [0.7191551923751831, 0.6792896389961243, 0.14622381329536438, 0.3387835621833801, -0.15905019640922546, -0.9273233413696289, -0.60666424036026, 0.7164276242256165, -0.3445139229297638], "cam_t_m2c": [62.696533203125, 161.36572265625, 250.8355712890625], "obj_id": 2}, {"cam_R_m2c": [0.7191551923751831, 0.6792896389961243, 0.14622381329536438, 0.3387835621833801, -0.15905019640922546, -0.9273233413696289, -0.60666424036026, 0.7164276242256165, -0.3445139229297638], "cam_t_m2c": [62.696533203125, 161.36572265625, 250.8355712890625], "obj_id": 1}, {"cam_R_m2c": [0.7191551923751831, 0.6792896389961243, 0.14622381329536438, 0.3387835621833801, -0.15905019640922546, -0.9273233413696289, -0.60666424036026, 0.7164276242256165, -0.3445139229297638], "cam_t_m2c": [62.696533203125, 161.36572265625, 250.8355712890625], "obj_id": 3}, {"cam_R_m2c": [0.7191551923751831, 0.6792896389961243, 0.14622381329536438, 0.3387835621833801, -0.15905019640922546, -0.9273233413696289, -0.60666424036026, 0.7164276242256165, -0.3445139229297638], "cam_t_m2c": [62.696533203125, 161.36572265625, 250.8355712890625], "obj_id": 2}, {"cam_R_m2c": [0.7191551923751831, 0.6792896389961243, 0.14622381329536438, 0.3387835621833801, -0.15905019640922546, -0.9273233413696289, -0.60666424036026, 0.7164276242256165, -0.3445139229297638], "cam_t_m2c": [62.696533203125, 161.36572265625, 250.8355712890625], "obj_id": 3}, {"cam_R_m2c": [0.7191551923751831, 0.6792896389961243, 0.14622381329536438, 0.3387835621833801, -0.15905019640922546, -0.9273233413696289, -0.60666424036026, 0.7164276242256165, -0.3445139229297638], "cam_t_m2c": [62.696533203125, 161.36572265625, 250.8355712890625], "obj_id": 2}, {"cam_R_m2c": [0.7191551923751831, 0.6792896389961243, 0.14622381329536438, 0.3387835621833801, -0.15905019640922546, -0.9273233413696289, -0.60666424036026, 0.7164276242256165, -0.3445139229297638], "cam_t_m2c": [62.696533203125, 161.36572265625, 250.8355712890625], "obj_id": 0}, {"cam_R_m2c": [0.7191551923751831, 0.6792896389961243, 0.14622381329536438, 0.3387835621833801, -0.15905019640922546, -0.9273233413696289, -0.60666424036026, 0.7164276242256165, -0.3445139229297638], "cam_t_m2c": [62.696533203125, 161.36572265625, 250.8355712890625], "obj_id": 0}, {"cam_R_m2c": [0.7191551923751831, 0.6792896389961243, 0.14622381329536438, 0.3387835621833801, -0.15905019640922546, -0.9273233413696289, -0.60666424036026, 0.7164276242256165, -0.3445139229297638], "cam_t_m2c": [62.696533203125, 161.36572265625, 250.8355712890625], "obj_id": 3}, {"cam_R_m2c": [0.7191551923751831, 0.6792896389961243, 0.14622381329536438, 0.3387835621833801, -0.15905019640922546, -0.9273233413696289, -0.60666424036026, 0.7164276242256165, -0.3445139229297638], "cam_t_m2c": [62.696533203125, 161.36572265625, 250.8355712890625], "obj_id": 0}, {"cam_R_m2c": [0.6252642869949341, 0.6189031600952148, -0.47539815306663513, 0.6796831488609314, -0.7312100529670715, -0.057986579835414886, -0.3835040330886841, -0.28686320781707764, -0.8778575658798218], "cam_t_m2c": [309.9970703125, 174.3473663330078, 357.37115478515625], "obj_id": 1}, {"cam_R_m2c": [0.07006766647100449, 0.8420757055282593, 0.5347887277603149, -0.9089393019676208, 0.2747759521007538, -0.3135722577571869, -0.410998672246933, -0.46411922574043274, 0.784648597240448], "cam_t_m2c": [125.80464935302734, 66.2267074584961, 496.119384765625], "obj_id": 2}, {"cam_R_m2c": [0.7714645862579346, -0.5565995573997498, -0.3082844018936157, 0.36722615361213684, 0.7851729989051819, -0.49864646792411804, 0.5196030139923096, 0.27147799730300903, 0.8101310729980469], "cam_t_m2c": [-67.77273559570312, 90.61737823486328, 309.4949645996094], "obj_id": 3}, {"cam_R_m2c": [0.26731136441230774, 0.7104306221008301, -0.6510246992111206, 0.7160447835922241, 0.3056701123714447, 0.6275714039802551, 0.6448447704315186, -0.6339197754859924, -0.4269910454750061], "cam_t_m2c": [-295.86700439453125, 176.33753967285156, 272.4755554199219], "obj_id": 4}],
  "6": [{"cam_R_m2c": [0.7191551923751831, 0.6792896389961243, 0.14622381329536438, 0.3387835621833801, -0.15905019640922546, -0.9273233413696289, -0.60666424036026, 0.7164276242256165, -0.3445139229297638], "cam_t_m2c": [62.696533203125, 161.36572265625, 250.8355712890625], "obj_id": 2}, {"cam_R_m2c": [0.7191551923751831, 0.6792896389961243, 0.14622381329536438, 0.3387835621833801, -0.15905019640922546, -0.9273233413696289, -0.60666424036026, 0.7164276242256165, -0.3445139229297638], "cam_t_m2c": [62.696533203125, 161.36572265625, 250.8355712890625], "obj_id": 0}, {"cam_R_m2c": [0.7191551923751831, 0.6792896389961243, 0.14622381329536438, 0.3387835621833801, -0.15905019640922546, -0.9273233413696289, -0.60666424036026, 0.7164276242256165, -0.3445139229297638], "cam_t_m2c": [62.696533203125, 161.36572265625, 250.8355712890625], "obj_id": 2}, {"cam_R_m2c": [0.7191551923751831, 0.6792896389961243, 0.14622381329536438, 0.3387835621833801, -0.15905019640922546, -0.9273233413696289, -0.60666424036026, 0.7164276242256165, -0.3445139229297638], "cam_t_m2c": [62.696533203125, 161.36572265625, 250.8355712890625], "obj_id": 1}, {"cam_R_m2c": [0.7191551923751831, 0.6792896389961243, 0.14622381329536438, 0.3387835621833801, -0.15905019640922546, -0.9273233413696289, -0.60666424036026, 0.7164276242256165, -0.3445139229297638], "cam_t_m2c": [62.696533203125, 161.36572265625, 250.8355712890625], "obj_id": 3}, {"cam_R_m2c": [0.7191551923751831, 0.6792896389961243, 0.14622381329536438, 0.3387835621833801, -0.15905019640922546, -0.9273233413696289, -0.60666424036026, 0.7164276242256165, -0.3445139229297638], "cam_t_m2c": [62.696533203125, 161.36572265625, 250.8355712890625], "obj_id": 2}, {"cam_R_m2c": [0.7191551923751831, 0.6792896389961243, 0.14622381329536438, 0.3387835621833801, -0.15905019640922546, -0.9273233413696289, -0.60666424036026, 0.7164276242256165, -0.3445139229297638], "cam_t_m2c": [62.696533203125, 161.36572265625, 250.8355712890625], "obj_id": 3}, {"cam_R_m2c": [0.7191551923751831, 0.6792896389961243, 0.14622381329536438, 0.3387835621833801, -0.15905019640922546, -0.9273233413696289, -0.60666424036026, 0.7164276242256165, -0.3445139229297638], "cam_t_m2c": [62.696533203125, 161.36572265625, 250.8355712890625], "obj_id": 2}, {"cam_R_m2c": [0.7191551923751831, 0.6792896389961243, 0.14622381329536438, 0.3387835621833801, -0.15905019640922546, -0.9273233413696289, -0.60666424036026, 0.7164276242256165, -0.3445139229297638], "cam_t_m2c": [62.696533203125, 161.36572265625, 250.8355712890625], "obj_id": 0}, {"cam_R_m2c": [0.7191551923751831, 0.6792896389961243, 0.14622381329536438, 0.3387835621833801, -0.15905019640922546, -0.9273233413696289, -0.60666424036026, 0.7164276242256165, -0.3445139229297638], "cam_t_m2c": [62.696533203125, 161.36572265625, 250.8355712890625], "obj_id": 0}, {"cam_R_m2c": [0.7191551923751831, 0.6792896389961243, 0.14622381329536438, 0.3387835621833801, -0.15905019640922546, -0.9273233413696289, -0.60666424036026, 0.7164276242256165, -0.3445139229297638], "cam_t_m2c": [62.696533203125, 161.36572265625, 250.8355712890625], "obj_id": 3}, {"cam_R_m2c": [0.7191551923751831, 0.6792896389961243, 0.14622381329536438, 0.3387835621833801, -0.15905019640922546, -0.9273233413696289, -0.60666424036026, 0.7164276242256165, -0.3445139229297638], "cam_t_m2c": [62.696533203125, 161.36572265625, 250.8355712890625], "obj_id": 0}, {"cam_R_m2c": [0.6252642869949341, 0.6189031600952148, -0.47539815306663513, 0.6796831488609314, -0.7312100529670715, -0.057986579835414886, -0.3835040330886841, -0.28686320781707764, -0.8778575658798218], "cam_t_m2c": [309.9970703125, 174.3473663330078, 357.37115478515625], "obj_id": 1}, {"cam_R_m2c": [0.07006766647100449, 0.8420757055282593, 0.5347887277603149, -0.9089393019676208, 0.2747759521007538, -0.3135722577571869, -0.410998672246933, -0.46411922574043274, 0.784648597240448], "cam_t_m2c": [125.80464935302734, 66.2267074584961, 496.119384765625], "obj_id": 2}, {"cam_R_m2c": [0.7714645862579346, -0.5565995573997498, -0.3082844018936157, 0.36722615361213684, 0.7851729989051819, -0.49864646792411804, 0.5196030139923096, 0.27147799730300903, 0.8101310729980469], "cam_t_m2c": [-67.77273559570312, 90.61737823486328, 309.4949645996094], "obj_id": 3}, {"cam_R_m2c": [0.26731136441230774, 0.7104306221008301, -0.6510246992111206, 0.7160447835922241, 0.3056701123714447, 0.6275714039802551, 0.6448447704315186, -0.6339197754859924, -0.4269910454750061], "cam_t_m2c": [-295.86700439453125, 176.33753967285156, 272.4755554199219], "obj_id": 4}],
  "7": [{"cam_R_m2c": [0.5229808688163757, -0.8223219513893127, -0.22422677278518677, -0.5197699069976807, -0.09919091314077377, -0.8485283255577087, 0.6755222082138062, 0.5603103637695312, -0.4792931079864502], "cam_t_m2c": [295.9645080566406, -60.00119400024414, 715.8019409179688], "obj_id": 2}, {"cam_R_m2c": [0.5229808688163757, -0.8223219513893127, -0.22422677278518677, -0.5197699069976807, -0.09919091314077377, -0.8485283255577087, 0.6755222082138062, 0.5603103637695312, -0.4792931079864502], "cam_t_m2c": [295.9645080566406, -60.00119400024414, 715.8019409179688], "obj_id": 0}, {"cam_R_m2c": [0.5229808688163757, -0.8223219513893127, -0.22422677278518677, -0.5197699069976807, -0.09919091314077377, -0.8485283255577087, 0.6755222082138062, 0.5603103637695312, -0.4792931079864502], "cam_t_m2c": [295.9645080566406, -60.00119400024414, 715.8019409179688], "obj_id": 2}, {"cam_R_m2c": [0.5229808688163757, -0.8223219513893127, -0.22422677278518677, -0.5197699069976807, -0.09919091314077377, -0.8485283255577087, 0.6755222082138062, 0.5603103637695312, -0.4792931079864502], "cam_t_m2c": [295.9645080566406, -60.00119400024414, 715.8019409179688], "obj_id": 1}, {"cam_R_m2c": [0.5229808688163757, -0.8223219513893127, -0.22422677278518677, -0.5197699069976807, -0.09919091314077377, -0.8485283255577087, 0.6755222082138062, 0.5603103637695312, -0.4792931079864502], "cam_t_m2c": [295.9645080566406, -60.00119400024414, 715.8019409179688], "obj_id": 3}, {"cam_R_m2c": [0.5229808688163757, -0.8223219513893127, -0.22422677278518677, -0.5197699069976807, -0.09919091314077377, -0.8485283255577087, 0.6755222082138062, 0.5603103637695312, -0.4792931079864502], "cam_t_m2c": [295.9645080566406, -60.00119400024414, 715.8019409179688], "obj_id": 2}, {"cam_R_m2c": [0.5229808688163757, -0.8223219513893127, -0.22422677278518677, -0.5197699069976807, -0.09919091314077377, -0.8485283255577087, 0.6755222082138062, 0.5603103637695312, -0.4792931079864502], "cam_t_m2c": [295.9645080566406, -60.00119400024414, 715.8019409179688], "obj_id": 3}, {"cam_R_m2c": [0.5229808688163757, -0.8223219513893127, -0.22422677278518677, -0.5197699069976807, -0.09919091314077377, -0.8485283255577087, 0.6755222082138062, 0.5603103637695312, -0.4792931079864502], "cam_t_m2c": [295.9645080566406, -60.00119400024414, 715.8019409179688], "obj_id": 2}, {"cam_R_m2c": [0.5229808688163757, -0.8223219513893127, -0.22422677278518677, -0.5197699069976807, -0.09919091314077377, -0.8485283255577087, 0.6755222082138062, 0.5603103637695312, -0.4792931079864502], "cam_t_m2c": [295.9645080566406, -60.00119400024414, 715.8019409179688], "obj_id": 0}, {"cam_R_m2c": [0.5229808688163757, -0.8223219513893127, -0.22422677278518677, -0.5197699069976807, -0.09919091314077377, -0.8485283255577087, 0.6755222082138062, 0.5603103637695312, -0.4792931079864502], "cam_t_m2c": [295.9645080566406, -60.00119400024414, 715.8019409179688], "obj_id": 0}, {"cam_R_m2c": [0.5229808688163757, -0.8223219513893127, -0.22422677278518677, -0.5197699069976807, -0.09919091314077377, -0.8485283255577087, 0.6755222082138062, 0.5603103637695312, -0.4792931079864502], "cam_t_m2c": [295.9645080566406, -60.00119400024414, 715.8019409179688], "obj_id": 3}, {"cam_R_m2c": [0.5229808688163757, -0.8223219513893127, -0.22422677278518677, -0.5197699069976807, -0.09919091314077377, -0.8485283255577087, 0.6755222082138062, 0.5603103637695312, -0.4792931079864502], "cam_t_m2c": [295.9645080566406, -60.00119400024414, 715.8019409179688], "obj_id": 0}, {"cam_R_m2c": [0.5340279340744019, -0.27261126041412354, 0.8003107309341431, -0.1333623230457306, -0.9619010090827942, -0.23866461217403412, 0.834882378578186, 0.02072225883603096, -0.5500380396842957], "cam_t_m2c": [161.08853149414062, -134.48793029785156, 937.01708984375], "obj_id": 1}, {"cam_R_m2c": [-0.14322137832641602, 0.3453049063682556, -0.9274977445602417, -0.8296377658843994, -0.5528658628463745, -0.07772029936313629, -0.5396190285682678, 0.7583560347557068, 0.36566025018692017], "cam_t_m2c": [29.91743278503418, -23.664627075195312, 748.92041015625], "obj_id": 2}, {"cam_R_m2c": [-0.4074608385562897, 0.2997948229312897, -0.8626114130020142, 0.07282949984073639, 0.9522386193275452, 0.29654255509376526, 0.9103138446807861, 0.05800594761967659, -0.4098338484764099], "cam_t_m2c": [238.9147186279297, 0.895559549331665, 579.7673950195312], "obj_id": 3}, {"cam_R_m2c": [-0.22281840443611145, 0.5303749442100525, 0.8179574608802795, 0.6435568928718567, -0.5502104163169861, 0.5320742726325989, 0.7322475910186768, 0.6449580788612366, -0.21872946619987488], "cam_t_m2c": [362.93621826171875, 163.6691436767578, 442.40362548828125], "obj_id": 4}],
