{
  "0": [{"cam_R_m2c": [-0.17218250036239624, 0.9663684368133545, -0.1910107284784317, -0.06309229880571365, -0.2043273150920868, -0.9768672585487366, -0.9830424785614014, -0.15614818036556244, 0.09615205228328705], "cam_t_m2c": [135.60296630859375, -82.85597229003906, 944.6875610351562], "obj_id": 1}, {"cam_R_m2c": [-0.6177070736885071, 0.7279210686683655, -0.29760435223579407, -0.35684487223625183, 0.07778338342905045, 0.9309195280075073, 0.7007846832275391, 0.6812344193458557, 0.21170784533023834], "cam_t_m2c": [238.478271484375, 70.71668243408203, 847.845458984375], "obj_id": 2}, {"cam_R_m2c": [0.9989867806434631, -0.03737061843276024, -0.02507569082081318, -0.04075027257204056, -0.5146761536598206, -0.8564156293869019, 0.01909892074763775, 0.856569766998291, -0.5156775712966919], "cam_t_m2c": [36.138404846191406, 193.16685485839844, 828.248779296875], "obj_id": 2}, {"cam_R_m2c": [0.31989434361457825, 0.04422624036669731, -0.946420431137085, -0.6072802543640137, 0.7763080596923828, -0.16898652911186218, 0.7272401452064514, 0.6288003325462341, 0.27519428730010986], "cam_t_m2c": [72.90771484375, 151.6604461669922, 718.1717529296875], "obj_id": 0}],
  "1": [{"cam_R_m2c": [-0.13495184481143951, -0.6335873007774353, 0.7618104219436646, -0.9904740452766418, 0.06502246856689453, -0.12138048559427261, 0.027370352298021317, -0.770933985710144, -0.6363266706466675], "cam_t_m2c": [-61.80788803100586, -18.277685165405273, 915.0020141601562], "obj_id": 1}, {"cam_R_m2c": [0.8836971521377563, -0.37418046593666077, -0.2811909317970276, 0.4486931264400482, 0.8482438921928406, 0.28134819865226746, 0.13324348628520966, -0.3747950494289398, 0.9174829125404358], "cam_t_m2c": [-260.0423278808594, -58.20641326904297, 966.7202758789062], "obj_id": 2}, {"cam_R_m2c": [-0.7032864093780518, 0.600577175617218, 0.3803880214691162, 0.26764553785324097, 0.7193899750709534, -0.6409710049629211, -0.6585999131202698, -0.34897708892822266, -0.6666789650917053], "cam_t_m2c": [-191.5274658203125, -108.24383544921875, 1188.274658203125], "obj_id": 2}, {"cam_R_m2c": [0.3548581004142761, -0.31140783429145813, 0.8815332651138306, 0.6724112629890442, 0.7401202917098999, -0.009224067442119122, -0.6495682001113892, 0.5960261225700378, 0.47203177213668823], "cam_t_m2c": [-226.97164916992188, -210.66123962402344, 1129.3189697265625], "obj_id": 0}]
}