{
  "0": [{"cam_R_m2c": [0.2878607213497162, 0.011950011365115643, 0.9575976729393005, 0.9515784382820129, 0.10905322432518005, -0.2874121069908142, -0.10786360502243042, 0.9939640164375305, 0.020020827651023865], "cam_t_m2c": [-22.970853805541992, 83.2038803100586, 1173.302734375], "obj_id": 3}, {"cam_R_m2c": [0.8778440952301025, -0.14594149589538574, 0.4561697244644165, -0.4587704837322235, -0.5297532677650452, 0.7133660316467285, 0.13754770159721375, -0.8355013728141785, -0.5319944620132446], "cam_t_m2c": [-180.2959747314453, -160.4747772216797, 1100.1038818359375], "obj_id": 3}, {"cam_R_m2c": [0.3729061186313629, -0.5692519545555115, -0.7327300310134888, 0.7642350792884827, 0.6362712383270264, -0.10537400096654892, 0.5261994004249573, -0.5206833481788635, 0.6723117232322693], "cam_t_m2c": [-332.6004943847656, -16.4862060546875, 1105.4287109375], "obj_id": 3}, {"cam_R_m2c": [0.3107006847858429, -0.27704545855522156, 0.9092363715171814, -0.90630042552948, -0.3746824264526367, 0.19553108513355255, 0.28650400042533875, -0.8847929835319519, -0.3675004541873932], "cam_t_m2c": [-124.44673156738281, -176.05303955078125, 1113.0625], "obj_id": 3}, {"cam_R_m2c": [-0.8733977675437927, 0.4671492278575897, -0.1376515030860901, -0.04680861160159111, -0.3618623912334442, -0.9310556054115295, -0.4847528338432312, -0.8067386150360107, 0.33791640400886536], "cam_t_m2c": [-7.083571434020996, -178.13906860351562, 1199.1907958984375], "obj_id": 3}, {"cam_R_m2c": [-0.8256422877311707, 0.33775341510772705, -0.45192602276802063, 0.46001237630844116, -0.06076667457818985, -0.8858305811882019, -0.32665443420410156, -0.9392709136009216, -0.10519906878471375], "cam_t_m2c": [-74.98204803466797, 50.88123321533203, 1333.3485107421875], "obj_id": 3}, {"cam_R_m2c": [-0.09720562398433685, 0.9637938737869263, -0.24829836189746857, 0.6203423738479614, 0.25376224517822266, 0.7421454191207886, 0.7782840728759766, -0.08188918232917786, -0.6225492358207703], "cam_t_m2c": [-114.53688049316406, 161.072509765625, 1307.46484375], "obj_id": 3}, {"cam_R_m2c": [-0.034063421189785004, -0.5189487934112549, -0.8541262745857239, 0.05241658166050911, 0.8525184392929077, -0.520062267780304, 0.9980441331863403, -0.06248551607131958, -0.0018381618428975344], "cam_t_m2c": [-17.874359130859375, 117.73121643066406, 1197.97265625], "obj_id": 3}, {"cam_R_m2c": [0.13315218687057495, 0.9824464917182922, 0.1306494176387787, -0.8434377908706665, 0.0431000255048275, 0.5354951024055481, 0.520464301109314, -0.1814969927072525, 0.8343714475631714], "cam_t_m2c": [-159.49781799316406, -201.41732788085938, 1040.4659423828125], "obj_id": 3}, {"cam_R_m2c": [0.27059999108314514, -0.9471361041069031, -0.17236274480819702, -0.9610320329666138, -0.2552591860294342, -0.10611436516046524, 0.05650757625699043, 0.1943606585264206, -0.9793012738227844], "cam_t_m2c": [-197.9360809326172, -112.2935791015625, 1148.154541015625], "obj_id": 3}, {"cam_R_m2c": [-0.8903877139091492, 0.013487055897712708, 0.45500296354293823, -0.4500789940357208, -0.1756361871957779, -0.8755459785461426, 0.06810646504163742, -0.9843627214431763, 0.16245462000370026], "cam_t_m2c": [-343.9795227050781, 75.8465805053711, 1306.0875244140625], "obj_id": 3}, {"cam_R_m2c": [-0.24595071375370026, 0.7924663424491882, -0.55812668800354, 0.8840745091438293, 0.41948333382606506, 0.2060244083404541, 0.39739227294921875, -0.44275373220443726, -0.8037714958190918], "cam_t_m2c": [-127.3635482788086, 65.25491333007812, 1306.388427734375], "obj_id": 3}, {"cam_R_m2c": [0.9464566111564636, 0.218389093875885, -0.23775216937065125, 0.06134224683046341, 0.6013848185539246, 0.7966011166572571, 0.3169495463371277, -0.7685326933860779, 0.5557881593704224], "cam_t_m2c": [-34.599517822265625, 225.6619415283203, 1279.2640380859375], "obj_id": 3}, {"cam_R_m2c": [-0.42063891887664795, -0.27832528948783875, -0.8634801506996155, -0.1915721893310547, 0.957566499710083, -0.21532891690731049, 0.8867711424827576, 0.07484305649995804, -0.45610910654067993], "cam_t_m2c": [24.60194969177246, 227.98243713378906, 1227.98291015625], "obj_id": 3}, {"cam_R_m2c": [0.33709126710891724, -0.9414096474647522, -0.01083423662930727, 0.6450068354606628, 0.22254474461078644, 0.7310540080070496, -0.6858102083206177, -0.2534200847148895, 0.6822335720062256], "cam_t_m2c": [-249.34255981445312, 78.91770935058594, 1316.11083984375], "obj_id": 3}, {"cam_R_m2c": [0.6738907694816589, -0.5748236179351807, 0.4641648530960083, -0.7126185894012451, -0.6715558171272278, 0.2029472440481186, 0.19505372643470764, -0.4675367772579193, -0.8621852993965149], "cam_t_m2c": [-170.9510955810547, -41.390140533447266, 1387.4422607421875], "obj_id": 3}, {"cam_R_m2c": [0.9753555655479431, 0.2166094183921814, 0.04197421297430992, -0.1978776603937149, 0.7746096253395081, 0.6006865501403809, 0.09760075807571411, -0.5941887497901917, 0.7983819842338562], "cam_t_m2c": [-233.38491821289062, -27.51988410949707, 1003.9131469726562], "obj_id": 3}, {"cam_R_m2c": [-0.4079594314098358, -0.5361624956130981, -0.7389850616455078, -0.9128395915031433, 0.25470995903015137, 0.319134384393692, 0.01711900159716606, 0.8047686815261841, -0.5933417081832886], "cam_t_m2c": [-118.64909362792969, 178.52749633789062, 1224.2325439453125], "obj_id": 3}, {"cam_R_m2c": [0.05832595005631447, -0.9981433749198914, -0.01754140481352806, -0.04811279475688934, -0.02036135457456112, 0.9986342191696167, -0.9971374273300171, -0.05740221589803696, -0.04921095818281174], "cam_t_m2c": [-296.56671142578125, -137.00038146972656, 1023.3025512695312], "obj_id": 3}, {"cam_R_m2c": [-0.7573747038841248, -0.5246827006340027, 0.3887050449848175, -0.4920864701271057, 0.06731953471899033, -0.8679394721984863, 0.4292253851890564, -0.8486319184303284, -0.3091753423213959], "cam_t_m2c": [-211.34532165527344, 118.48677825927734, 945.87548828125], "obj_id": 3}, {"cam_R_m2c": [-0.5947179198265076, -0.4619065225124359, -0.6579915285110474, -0.1976025253534317, 0.8773432374000549, -0.4372894763946533, 0.7792713046073914, -0.13004310429096222, -0.6130456328392029], "cam_t_m2c": [-24.314971923828125, -217.46604919433594, 1060.951416015625], "obj_id": 3}, {"cam_R_m2c": [-0.8878408670425415, -0.19730144739151, 0.415705144405365, -0.30633044242858887, 0.9275570511817932, -0.21400825679302216, -0.3433660864830017, -0.3173484206199646, -0.8839625120162964], "cam_t_m2c": [-273.6475524902344, 125.54656219482422, 1088.0849609375], "obj_id": 3}, {"cam_R_m2c": [0.31940609216690063, 0.42858603596687317, 0.8451589941978455, -0.9283694624900818, 0.320374071598053, 0.1883893758058548, -0.1900259405374527, -0.8447925448417664, 0.5002156496047974], "cam_t_m2c": [-117.87779998779297, 198.19580078125, 1314.62548828125], "obj_id": 3}, {"cam_R_m2c": [-0.5547792911529541, -0.6297587156295776, -0.5437126755714417, -0.5385541319847107, -0.2263021320104599, 0.811631977558136, -0.6341758370399475, 0.7430955171585083, -0.21361124515533447], "cam_t_m2c": [-63.155128479003906, 128.42271423339844, 1341.32275390625], "obj_id": 3}, {"cam_R_m2c": [-0.8874227404594421, -0.4424779713153839, 0.1292063593864441, 0.00992446206510067, 0.2618950307369232, 0.9650453925132751, -0.460849791765213, 0.8576854467391968, -0.2280203104019165], "cam_t_m2c": [-93.95250701904297, 186.64202880859375, 1256.2340087890625], "obj_id": 3}, {"cam_R_m2c": [-0.7651580572128296, -0.38749057054519653, 0.5141831636428833, -0.21454425156116486, 0.906424343585968, 0.36382097005844116, -0.6070453524589539, 0.16806548833847046, -0.776691734790802], "cam_t_m2c": [-5.122058868408203, -70.58448791503906, 1006.8216552734375], "obj_id": 3}, {"cam_R_m2c": [-0.20667731761932373, -0.1751657873392105, 0.9626012444496155, -0.9673653841018677, 0.18398799002170563, -0.1742197871208191, -0.14658965170383453, -0.9671944975852966, -0.20747537910938263], "cam_t_m2c": [-202.89752197265625, 145.3110809326172, 1112.5877685546875], "obj_id": 3}, {"cam_R_m2c": [-0.9221144914627075, -0.32323193550109863, 0.21266420185565948, -0.3763287365436554, 0.6215512156486511, -0.6870595216751099, 0.08989785611629486, -0.7135791182518005, -0.6947829127311707], "cam_t_m2c": [-367.2972717285156, -13.095226287841797, 1007.1331176757812], "obj_id": 3}, {"cam_R_m2c": [0.8179238438606262, -0.10679187625646591, 0.5653282999992371, -0.4707452952861786, 0.44068554043769836, 0.7643265724182129, -0.3307558596134186, -0.8912865519523621, 0.31017544865608215], "cam_t_m2c": [-373.0400390625, 122.6568603515625, 1328.171142578125], "obj_id": 1}, {"cam_R_m2c": [-0.5535901188850403, -0.40558409690856934, -0.7273510098457336, 0.818269670009613, -0.10252830386161804, -0.5656170845031738, 0.15483121573925018, -0.9082893133163452, 0.3886358439922333], "cam_t_m2c": [-40.68705368041992, -111.25715637207031, 1161.2451171875], "obj_id": 1}, {"cam_R_m2c": [-0.3939332067966461, 0.6433302164077759, 0.6564623117446899, 0.09086102247238159, -0.6834594011306763, 0.7243116497993469, 0.9146369695663452, 0.3449772894382477, 0.21078380942344666], "cam_t_m2c": [-47.86744689941406, 159.8545379638672, 1171.514892578125], "obj_id": 1}, {"cam_R_m2c": [-0.07284469157457352, -0.8947743773460388, -0.4405367374420166, -0.31005722284317017, -0.39950552582740784, 0.8627050518989563, -0.9479231238365173, 0.1994350254535675, -0.24832944571971893], "cam_t_m2c": [-8.764793395996094, -146.93020629882812, 1053.1004638671875], "obj_id": 1}, {"cam_R_m2c": [0.17189104855060577, -0.28300485014915466, 0.9435898065567017, 0.8147059679031372, 0.5793203711509705, 0.02533920295536518, -0.5538119673728943, 0.7643926739692688, 0.3301457166671753], "cam_t_m2c": [-341.2511901855469, 170.7106475830078, 1319.8328857421875], "obj_id": 1}, {"cam_R_m2c": [-0.48920348286628723, 0.17600497603416443, -0.8542259335517883, 0.35263198614120483, -0.8558874726295471, -0.3782948851585388, -0.797703206539154, -0.4862906336784363, 0.3566383719444275], "cam_t_m2c": [-340.5326232910156, 192.6778564453125, 1045.641357421875], "obj_id": 1}, {"cam_R_m2c": [0.96031653881073, 0.27590200304985046, -0.040868766605854034, -0.20946010947227478, 0.8101578950881958, 0.5475131273269653, 0.18417014181613922, -0.5172255635261536, 0.8357985019683838], "cam_t_m2c": [-269.71405029296875, 249.45297241210938, 1290.0343017578125], "obj_id": 1}, {"cam_R_m2c": [0.6725826263427734, 0.507196307182312, -0.5388733148574829, -0.7093907594680786, 0.6492303013801575, -0.2743440866470337, 0.21070656180381775, 0.5667908787727356, 0.7964614629745483], "cam_t_m2c": [-201.82884216308594, -126.74054718017578, 1159.0098876953125], "obj_id": 1}, {"cam_R_m2c": [-0.013323619961738586, 0.28519174456596375, -0.9583778381347656, -0.9814692735671997, -0.18696194887161255, -0.04199100658297539, -0.19115571677684784, 0.9400589466094971, 0.282397985458374], "cam_t_m2c": [-266.83563232421875, -46.71665573120117, 1081.358154296875], "obj_id": 1}, {"cam_R_m2c": [-0.9249293804168701, -0.038740865886211395, -0.3781592547893524, -0.3773705065250397, 0.21340586245059967, 0.9011377692222595, 0.04579050838947296, 0.9761950969696045, -0.2120048552751541], "cam_t_m2c": [-373.59173583984375, 143.279052734375, 1296.364013671875], "obj_id": 1}, {"cam_R_m2c": [-0.04937722533941269, -0.5378576517105103, 0.8415884375572205, -0.5200091600418091, -0.705559492111206, -0.4814315140247345, 0.8527323007583618, -0.4614054560661316, -0.24485236406326294], "cam_t_m2c": [1.1846269369125366, 58.583858489990234, 1134.7880859375], "obj_id": 1}, {"cam_R_m2c": [-0.45513978600502014, 0.8885892033576965, 0.05706821009516716, 0.877102792263031, 0.43636801838874817, 0.20068280398845673, 0.15342184901237488, 0.14139343798160553, -0.9779924750328064], "cam_t_m2c": [-139.31497192382812, -59.49814987182617, 1323.457275390625], "obj_id": 1}, {"cam_R_m2c": [0.18553942441940308, -0.9761047959327698, 0.11311304569244385, 0.9634478092193604, 0.2033446878194809, 0.17441102862358093, -0.19324438273906708, 0.07661839574575424, 0.9781544804573059], "cam_t_m2c": [-345.2532958984375, 277.6437072753906, 1267.633544921875], "obj_id": 1}, {"cam_R_m2c": [0.2056969851255417, -0.48194655776023865, -0.8517136573791504, 0.6776626706123352, 0.6980406045913696, -0.2313278764486313, 0.7060183882713318, -0.5295911431312561, 0.47018206119537354], "cam_t_m2c": [-327.2641906738281, -82.82252502441406, 1001.3187866210938], "obj_id": 1}, {"cam_R_m2c": [-0.9870595335960388, -0.12392348051071167, 0.10176632553339005, -0.10568450391292572, 0.025448255240917206, -0.9940739870071411, 0.12059934437274933, -0.9919653534889221, -0.03821569308638573], "cam_t_m2c": [-55.32813262939453, 53.24048614501953, 1362.2569580078125], "obj_id": 1}, {"cam_R_m2c": [-0.25370433926582336, -0.721872091293335, -0.6438438296318054, 0.20826244354248047, 0.6092450022697449, -0.7651453018188477, 0.9445956349372864, -0.32820913195610046, -0.004229279700666666], "cam_t_m2c": [-65.76036071777344, -53.68751907348633, 1272.8802490234375], "obj_id": 1}, {"cam_R_m2c": [-0.8051820397377014, 0.5925928950309753, 0.022704146802425385, 0.5848248600959778, 0.7871168851852417, 0.19602760672569275, 0.0982937440276146, 0.17111586034297943, -0.9803354740142822], "cam_t_m2c": [-97.10415649414062, 174.55331420898438, 1207.9443359375], "obj_id": 1}, {"cam_R_m2c": [0.9386459589004517, 0.3028186559677124, -0.165059432387352, -0.18141627311706543, 0.8405617475509644, 0.510435163974762, 0.2933119535446167, -0.4491734206676483, 0.8439261317253113], "cam_t_m2c": [-168.93870544433594, 80.3064193725586, 1352.9591064453125], "obj_id": 1}, {"cam_R_m2c": [-0.7548473477363586, 0.1056186780333519, -0.6473408341407776, -0.3021219074726105, -0.9320027232170105, 0.20023302733898163, -0.582175076007843, 0.34672123193740845, 0.7354294657707214], "cam_t_m2c": [-62.3310661315918, 23.946428298950195, 1278.604248046875], "obj_id": 1}, {"cam_R_m2c": [0.9983014464378357, 0.03877077251672745, -0.04348638281226158, 0.05817636847496033, -0.6233903169631958, 0.7797433733940125, 0.0031222582329064608, -0.78094881772995, -0.6245869994163513], "cam_t_m2c": [-201.06277465820312, -202.1573944091797, 1041.9443359375], "obj_id": 1}, {"cam_R_m2c": [-0.09524356573820114, 0.9924047589302063, -0.07785433530807495, -0.38924717903137207, -0.10911128669977188, -0.9146481156349182, -0.9161959886550903, -0.05680984631180763, 0.3966830372810364], "cam_t_m2c": [-322.9804382324219, 31.107891082763672, 1092.537109375], "obj_id": 1}, {"cam_R_m2c": [-0.15119406580924988, 0.6503341197967529, 0.7444499135017395, -0.13836538791656494, -0.759616494178772, 0.6354820728302002, 0.9787722826004028, -0.006924920715391636, 0.20483344793319702], "cam_t_m2c": [-148.3340301513672, 82.51873016357422, 1119.1290283203125], "obj_id": 1}, {"cam_R_m2c": [-0.8539367914199829, 0.43725019693374634, -0.2821422517299652, -0.23174212872982025, 0.16591612994670868, 0.9585235714912415, 0.4659265875816345, 0.8839027881622314, -0.04035259410738945], "cam_t_m2c": [-311.0093688964844, -125.70263671875, 1142.5704345703125], "obj_id": 1}, {"cam_R_m2c": [-0.6698204278945923, -0.06683117151260376, 0.7395094633102417, -0.4585556387901306, 0.8205596804618835, -0.3411869704723358, -0.5840097069740295, -0.5676402449607849, -0.580273449420929], "cam_t_m2c": [-126.03600311279297, -137.28829956054688, 1086.374267578125], "obj_id": 1}, {"cam_R_m2c": [-0.06046510487794876, 0.9470906853675842, 0.3152189254760742, -0.9397061467170715, -0.16050101816654205, 0.30197927355766296, 0.3365947902202606, -0.27795395255088806, 0.8996918797492981], "cam_t_m2c": [-334.83978271484375, -154.64694213867188, 1183.2218017578125], "obj_id": 1}, {"cam_R_m2c": [-0.6407895088195801, 0.2766134440898895, 0.7161520719528198, 0.3969074487686157, 0.9178584218025208, 0.0006173940491862595, -0.6571553945541382, 0.28464171290397644, -0.6979439854621887], "cam_t_m2c": [-326.0351867675781, -94.68721008300781, 1148.2650146484375], "obj_id": 1}, {"cam_R_m2c": [-0.6425430178642273, 0.7660211324691772, -0.018715396523475647, -0.16102741658687592, -0.1588694453239441, -0.9740794897079468, -0.7491387128829956, -0.6228742003440857, 0.22543074190616608], "cam_t_m2c": [-109.35447692871094, 88.36740112304688, 1291.28857421875], "obj_id": 1}, {"cam_R_m2c": [0.918072521686554, -0.21693210303783417, 0.3317880928516388, -0.055793844163417816, -0.8993571400642395, -0.43364012241363525, 0.3924664556980133, 0.3796013295650482, -0.8377785086631775], "cam_t_m2c": [-217.24839782714844, 192.42628479003906, 1104.5780029296875], "obj_id": 1}, {"cam_R_m2c": [-0.41065075993537903, -0.8649659752845764, -0.28844380378723145, 0.47220703959465027, -0.4723685085773468, 0.7442368865013123, -0.7799913287162781, 0.16941624879837036, 0.6024215221405029], "cam_t_m2c": [-117.01648712158203, 153.70404052734375, 1037.0654296875], "obj_id": 1}, {"cam_R_m2c": [-0.597209632396698, 0.050939977169036865, -0.8004659414291382, -0.5781016945838928, -0.7191341519355774, 0.38554444909095764, -0.5560027956962585, 0.6930016279220581, 0.4589223265647888], "cam_t_m2c": [-275.5010681152344, 11.001219749450684, 1131.7142333984375], "obj_id": 1}, {"cam_R_m2c": [-0.24118636548519135, -0.14913183450698853, -0.9589519500732422, 0.9248803853988647, 0.26400548219680786, -0.2736739218235016, 0.29398205876350403, -0.9529222846031189, 0.07425457239151001], "cam_t_m2c": [-175.48756408691406, -29.182910919189453, 1001.7766723632812], "obj_id": 1}, {"cam_R_m2c": [0.22711728513240814, -0.9695972204208374, 0.09109892696142197, -0.7627618312835693, -0.23526400327682495, -0.6023663878440857, 0.6054850816726685, 0.0673210397362709, -0.7930042147636414], "cam_t_m2c": [-47.54550552368164, -24.681303024291992, 1301.68505859375], "obj_id": 1}, {"cam_R_m2c": [0.5665993094444275, 0.13463543355464935, -0.8129197359085083, -0.7182705998420715, 0.5641642212867737, -0.40719282627105713, 0.40379762649536133, 0.814611554145813, 0.4163597524166107], "cam_t_m2c": [-159.7620391845703, -87.72025299072266, 1344.79638671875], "obj_id": 1}, {"cam_R_m2c": [-0.6366754174232483, -0.263606995344162, -0.724676251411438, -0.2660382390022278, 0.9571455717086792, -0.11443764716386795, 0.723787248134613, 0.11993195116519928, -0.6795205473899841], "cam_t_m2c": [-96.43121337890625, 154.37539672851562, 1207.8489990234375], "obj_id": 1}, {"cam_R_m2c": [-0.15197519958019257, 0.9633277058601379, 0.2211412489414215, 0.8856096863746643, 0.23206502199172974, -0.40229517221450806, -0.438861221075058, 0.13470596075057983, -0.8884004354476929], "cam_t_m2c": [-74.45480346679688, -18.980932235717773, 1029.2392578125], "obj_id": 1}, {"cam_R_m2c": [-0.3081625998020172, 0.9499765634536743, 0.050795778632164, 0.38852638006210327, 0.07693628966808319, 0.9182199835777283, 0.8683794736862183, 0.3026966154575348, -0.3927997946739197], "cam_t_m2c": [-349.7914123535156, -42.47233581542969, 1046.268310546875], "obj_id": 1}, {"cam_R_m2c": [-0.8331374526023865, -0.16560420393943787, 0.5276905298233032, 0.2645159363746643, 0.718605637550354, 0.6431463956832886, -0.48570913076400757, 0.6754118800163269, -0.554892361164093], "cam_t_m2c": [-129.05227661132812, 100.30745697021484, 1328.076904296875], "obj_id": 1}, {"cam_R_m2c": [0.23754137754440308, -0.1596674621105194, -0.9581651091575623, -0.8781089186668396, -0.4570484459400177, -0.14153239130973816, -0.41532978415489197, 0.874993085861206, -0.24877330660820007], "cam_t_m2c": [-374.397705078125, -89.5939712524414, 1190.128662109375], "obj_id": 1}, {"cam_R_m2c": [-0.9259577989578247, 0.19890254735946655, 0.32099810242652893, 0.09035851806402206, 0.9420485496520996, -0.3230787515640259, -0.36665698885917664, -0.27015241980552673, -0.8902696967124939], "cam_t_m2c": [-162.42745971679688, -220.91087341308594, 1076.34765625], "obj_id": 1}, {"cam_R_m2c": [-0.516853392124176, 0.08705590665340424, 0.8516358733177185, -0.49875307083129883, 0.7779202461242676, -0.38221120834350586, -0.6957785487174988, -0.6223032474517822, -0.3586512804031372], "cam_t_m2c": [-314.66912841796875, -21.261056900024414, 1022.6141357421875], "obj_id": 1}, {"cam_R_m2c": [0.30062562227249146, -0.6982037425041199, 0.6497197151184082, 0.87062007188797, 0.47904688119888306, 0.11195844411849976, -0.389415979385376, 0.5320014953613281, 0.7518840432167053], "cam_t_m2c": [-183.0806884765625, 159.54702758789062, 1206.23388671875], "obj_id": 1}, {"cam_R_m2c": [-0.9389169812202454, 0.3062688410282135, 0.15695326030254364, -0.3394215404987335, -0.7488254904747009, -0.5692569017410278, -0.05681503191590309, -0.5877582430839539, 0.807039201259613], "cam_t_m2c": [-184.43038940429688, 5.441229343414307, 1141.966796875], "obj_id": 1}, {"cam_R_m2c": [-0.844771146774292, -0.522411584854126, -0.11596538126468658, 0.2707426846027374, -0.23032352328300476, -0.9346922636032104, 0.46158450841903687, -0.8209977746009827, 0.3360096514225006], "cam_t_m2c": [-97.71271514892578, -109.30047607421875, 1129.8101806640625], "obj_id": 1}, {"cam_R_m2c": [-0.7249051928520203, 0.6542915105819702, -0.21544159948825836, -0.6866355538368225, -0.661277174949646, 0.3020663559436798, 0.055172841995954514, 0.3668993413448334, 0.9286230802536011], "cam_t_m2c": [-173.79957580566406, 141.0891571044922, 1258.04931640625], "obj_id": 1}, {"cam_R_m2c": [0.2472189962863922, 0.10812593996524811, -0.9629078507423401, 0.5310004949569702, -0.8463648557662964, 0.04129097983241081, -0.8105067610740662, -0.5215124487876892, -0.266652375459671], "cam_t_m2c": [-294.09344482421875, 191.9794921875, 1240.7843017578125], "obj_id": 1}, {"cam_R_m2c": [0.11545202881097794, -0.9050825238227844, 0.4092634618282318, -0.9113122820854187, 0.06741191446781158, 0.40615957975387573, -0.39519718289375305, -0.41985875368118286, -0.8170299530029297], "cam_t_m2c": [-155.94554138183594, -119.90731811523438, 1080.9176025390625], "obj_id": 1}, {"cam_R_m2c": [0.05314565449953079, 0.6199337840080261, -0.7828522324562073, 0.980457067489624, 0.11631238460540771, 0.1586671769618988, 0.18941853940486908, -0.7759855389595032, -0.6016369462013245], "cam_t_m2c": [-336.05413818359375, -74.98168182373047, 1164.853271484375], "obj_id": 1}, {"cam_R_m2c": [-0.2975911498069763, -0.9366922378540039, 0.18451844155788422, -0.7893010973930359, 0.35012519359588623, 0.5043967366218567, -0.5370690822601318, 0.004463387653231621, -0.8435264229774475], "cam_t_m2c": [-188.99462890625, 177.93661499023438, 1233.301513671875], "obj_id": 1}, {"cam_R_m2c": [-0.8684149980545044, -0.03686493635177612, 0.4944658577442169, 0.3645975589752197, -0.7233251929283142, 0.5864037871360779, 0.3360418379306793, 0.6895228624343872, 0.6415871977806091], "cam_t_m2c": [-4.94673490524292, 42.960418701171875, 1036.659423828125], "obj_id": 1}, {"cam_R_m2c": [0.9508050084114075, 0.1437886506319046, -0.27439871430397034, 0.305858314037323, -0.2950441241264343, 0.9052069783210754, 0.04919876530766487, -0.9446024894714355, -0.3245083689689636], "cam_t_m2c": [-165.52682495117188, -185.19699096679688, 1066.123046875], "obj_id": 1}, {"cam_R_m2c": [0.7730299830436707, 0.6343158483505249, 0.00824829749763012, -0.225576713681221, 0.26270753145217896, 0.9381363987922668, 0.5929079055786133, -0.7270682454109192, 0.3461676836013794], "cam_t_m2c": [-158.95614624023438, -207.93170166015625, 1123.77197265625], "obj_id": 1}, {"cam_R_m2c": [0.13109853863716125, -0.31883504986763, -0.9386999011039734, -0.485891193151474, -0.8460100293159485, 0.21949288249015808, -0.8641313910484314, 0.42733076214790344, -0.2658299207687378], "cam_t_m2c": [-12.634625434875488, -96.03791046142578, 1002.7864990234375], "obj_id": 1}, {"cam_R_m2c": [0.599697470664978, 0.6539669036865234, 0.4611835181713104, -0.17821000516414642, 0.6709855794906616, -0.7197356820106506, -0.7801308631896973, 0.3494361340999603, 0.5189318060874939], "cam_t_m2c": [-92.60596466064453, -104.86000061035156, 1133.8236083984375], "obj_id": 1}, {"cam_R_m2c": [-0.9612027406692505, 0.27321940660476685, -0.037950899451971054, -0.21015897393226624, -0.6362431049346924, 0.7423124313354492, 0.17866817116737366, 0.7214885354042053, 0.6689782738685608], "cam_t_m2c": [-126.66574096679688, -57.10621643066406, 1238.1292724609375], "obj_id": 1}, {"cam_R_m2c": [-0.8083013296127319, 0.5878546833992004, 0.032800786197185516, -0.36646026372909546, -0.45871567726135254, -0.8094978928565979, -0.46082091331481934, -0.6663383841514587, 0.5862058401107788], "cam_t_m2c": [-47.27295684814453, 134.8692169189453, 1335.0462646484375], "obj_id": 3}, {"cam_R_m2c": [0.30566373467445374, -0.9346789717674255, -0.18150734901428223, -0.29170727729797363, 0.08953502029180527, -0.952307939529419, 0.9063534736633301, 0.34403303265571594, -0.2452850639820099], "cam_t_m2c": [-300.4622802734375, 7.9567646980285645, 1337.1005859375], "obj_id": 1}, {"cam_R_m2c": [0.6006643772125244, 0.5789151787757874, 0.5514159202575684, 0.7638809084892273, -0.619134783744812, -0.18209406733512878, 0.2359837293624878, 0.5305935144424438, -0.8141144514083862], "cam_t_m2c": [-54.09852600097656, 51.29438400268555, 968.658935546875], "obj_id": 1}, {"cam_R_m2c": [-0.1525174230337143, -0.28870829939842224, -0.945190966129303, -0.5810453295707703, 0.7998259663581848, -0.15054826438426971, 0.7994527816772461, 0.5262375473976135, -0.2897399961948395], "cam_t_m2c": [-269.0946350097656, 217.08799743652344, 1142.51220703125], "obj_id": 1}, {"cam_R_m2c": [-0.14731962978839874, -0.414239764213562, 0.8981660604476929, 0.9244097471237183, 0.26532065868377686, 0.27399176359176636, -0.35180026292800903, 0.870637834072113, 0.34384042024612427], "cam_t_m2c": [-35.15653991699219, 16.387243270874023, 975.406005859375], "obj_id": 1}, {"cam_R_m2c": [-0.9255121946334839, -0.19519346952438354, -0.3245411813259125, 0.37730884552001953, -0.5491002202033997, -0.7457394003868103, -0.032642148435115814, -0.8126430511474609, 0.5818469524383545], "cam_t_m2c": [-140.5274658203125, 98.65943145751953, 1356.856689453125], "obj_id": 3}, {"cam_R_m2c": [0.2514631152153015, -0.7435280084609985, -0.6196227073669434, 0.9572157859802246, 0.09633678942918777, 0.27286821603775024, -0.14319275319576263, -0.6617289781570435, 0.7359419465065002], "cam_t_m2c": [-148.4429168701172, 139.2115020751953, 1061.862548828125], "obj_id": 1}, {"cam_R_m2c": [0.9038348197937012, 0.1720370501279831, 0.3917728066444397, 0.4223049283027649, -0.5060096383094788, -0.7520723342895508, 0.06885650008916855, 0.8451967239379883, -0.5300012230873108], "cam_t_m2c": [-362.07672119140625, 184.40367126464844, 1083.054443359375], "obj_id": 1}, {"cam_R_m2c": [0.5486435294151306, 0.18341173231601715, -0.8156901597976685, -0.060077864676713943, 0.9817668199539185, 0.18034571409225464, 0.8338950276374817, -0.04994058609008789, 0.549659013748169], "cam_t_m2c": [-59.92852783203125, 4.8447585105896, 1389.935791015625], "obj_id": 1}, {"cam_R_m2c": [0.08780234307050705, 0.8538175225257874, 0.5131143927574158, 0.5634068846702576, -0.4673638641834259, 0.6812809109687805, 0.8215007185935974, 0.22927413880825043, -0.5220823287963867], "cam_t_m2c": [-353.6023254394531, -147.8740692138672, 1165.8128662109375], "obj_id": 3}, {"cam_R_m2c": [0.9285867810249329, -0.34556204080581665, 0.13532711565494537, 0.36977332830429077, 0.8925043344497681, -0.2582707107067108, -0.03153149038553238, 0.2898671329021454, 0.9565473198890686], "cam_t_m2c": [-262.3731384277344, -23.317392349243164, 1020.2901611328125], "obj_id": 1}, {"cam_R_m2c": [-0.5570622682571411, 0.02886117435991764, 0.8299691081047058, 0.0887836292386055, -0.9915987253189087, 0.09407183527946472, 0.8257113099098206, 0.12609153985977173, 0.5498197674751282], "cam_t_m2c": [-68.35037231445312, -108.03104400634766, 1417.6668701171875], "obj_id": 1}, {"cam_R_m2c": [-0.9088237881660461, -0.4003630578517914, -0.11725559830665588, 0.023129194974899292, 0.23227903246879578, -0.9723742008209229, 0.41653868556022644, -0.8864287734031677, -0.20184068381786346], "cam_t_m2c": [-204.66058349609375, -12.804532051086426, 1325.1473388671875], "obj_id": 3}, {"cam_R_m2c": [0.393506795167923, 0.8426750898361206, 0.3674928545951843, 0.5824831128120422, 0.08072642982006073, -0.8088241815567017, -0.7112424373626709, 0.5323361754417419, -0.4590775966644287], "cam_t_m2c": [-100.46653747558594, 89.33942413330078, 960.3187866210938], "obj_id": 1}, {"cam_R_m2c": [-0.1264210343360901, -0.4638018310070038, 0.8768725991249084, 0.9546374082565308, 0.18336254358291626, 0.23461805284023285, -0.26960188150405884, 0.866756021976471, 0.41958168148994446], "cam_t_m2c": [-217.0015106201172, 86.55072021484375, 1011.9188842773438], "obj_id": 3}, {"cam_R_m2c": [-0.42512238025665283, 0.782906174659729, -0.4542342722415924, 0.5689308643341064, 0.6214426755905151, 0.5386340022087097, 0.7039805054664612, -0.029442504048347473, -0.7096087336540222], "cam_t_m2c": [-85.24192810058594, 171.2487030029297, 1294.4600830078125], "obj_id": 3}, {"cam_R_m2c": [0.8037696480751038, 0.18985770642757416, 0.5638335943222046, 0.5837918519973755, -0.06908285617828369, -0.8089589476585388, -0.11463582515716553, 0.9793781042098999, -0.16636407375335693], "cam_t_m2c": [-150.27391052246094, 44.16490936279297, 1216.2406005859375], "obj_id": 3}, {"cam_R_m2c": [0.4115299582481384, -0.10865052789449692, 0.9048967361450195, -0.46729081869125366, -0.8775872588157654, 0.10714352130889893, 0.7824847102165222, -0.4669427275657654, -0.4119247794151306], "cam_t_m2c": [-41.452247619628906, 137.39820861816406, 1328.6337890625], "obj_id": 3}, {"cam_R_m2c": [-0.2909558415412903, -0.9258479475975037, 0.24114340543746948, 0.28935760259628296, -0.3254002332687378, -0.9002148509025574, 0.91193026304245, -0.19214613735675812, 0.36257830262184143], "cam_t_m2c": [-79.93755340576172, -79.8978042602539, 1145.9586181640625], "obj_id": 1}, {"cam_R_m2c": [0.9702365398406982, -0.05108745023608208, -0.23670896887779236, 0.2124730497598648, 0.6485373973846436, 0.730927050113678, 0.11617341637611389, -0.7594664096832275, 0.6400893926620483], "cam_t_m2c": [-178.64125061035156, -67.60128784179688, 1393.2738037109375], "obj_id": 3}, {"cam_R_m2c": [-0.42221492528915405, -0.8897279500961304, 0.17354735732078552, 0.3728278875350952, -0.3449452221393585, -0.8614012598991394, 0.8262771368026733, -0.29899320006370544, 0.4773564636707306], "cam_t_m2c": [-304.1139831542969, 65.19412231445312, 1183.66845703125], "obj_id": 3}, {"cam_R_m2c": [0.47949811816215515, 0.7977468967437744, 0.36562466621398926, 0.7233443260192871, -0.5951979160308838, 0.35001760721206665, 0.4968445301055908, 0.09663975983858109, -0.8624420166015625], "cam_t_m2c": [-151.65269470214844, -117.05220794677734, 1288.9700927734375], "obj_id": 3}, {"cam_R_m2c": [0.7795593738555908, -0.44185706973075867, -0.4439026415348053, -0.08246549218893051, 0.6301577091217041, -0.7720755338668823, 0.6208757162094116, 0.6384853720664978, 0.4548074007034302], "cam_t_m2c": [-28.410606384277344, 0.13863667845726013, 1047.2984619140625], "obj_id": 1}, {"cam_R_m2c": [0.30775147676467896, -0.9026308655738831, 0.3009093999862671, 0.8636916875839233, 0.13234631717205048, -0.48633426427841187, 0.3991560935974121, 0.4095630347728729, 0.8203246593475342], "cam_t_m2c": [-21.800241470336914, -204.2447509765625, 1120.3116455078125], "obj_id": 3}, {"cam_R_m2c": [-0.9866109490394592, 0.14070340991020203, 0.0824698880314827, 0.06882572919130325, -0.09923066943883896, 0.9926813244819641, 0.1478571891784668, 0.9850663542747498, 0.08821812272071838], "cam_t_m2c": [-114.44849395751953, 122.57070922851562, 1232.1082763671875], "obj_id": 3}, {"cam_R_m2c": [-0.48629704117774963, -0.8728696703910828, -0.04017065837979317, -0.3243618309497833, 0.2230158895254135, -0.9192677736282349, 0.811359703540802, -0.4340074062347412, -0.3915775716304779], "cam_t_m2c": [-290.58819580078125, 18.895431518554688, 1138.777587890625], "obj_id": 1}, {"cam_R_m2c": [-0.6520174145698547, -0.4990571141242981, 0.5708020329475403, 0.7531264424324036, -0.5132684707641602, 0.41152849793434143, 0.0875985324382782, 0.6982099413871765, 0.7105134129524231], "cam_t_m2c": [-63.00029754638672, -125.4136734008789, 1219.2899169921875], "obj_id": 1}, {"cam_R_m2c": [-0.8495256900787354, -0.48622921109199524, -0.2046632617712021, -0.47353261709213257, 0.8738257884979248, -0.11043248325586319, 0.23253554105758667, 0.0030994911212474108, -0.9725828766822815], "cam_t_m2c": [-4.056838035583496, -115.6639404296875, 1071.341064453125], "obj_id": 1}, {"cam_R_m2c": [0.5163978338241577, 0.1403243988752365, 0.8447734713554382, 0.45630738139152527, -0.8798592686653137, -0.13278162479400635, 0.7246493697166443, 0.45404455065727234, -0.5183884501457214], "cam_t_m2c": [-316.9734191894531, 198.0625, 1288.83203125], "obj_id": 1}, {"cam_R_m2c": [0.25285428762435913, 0.8452668786048889, 0.47073206305503845, 0.5802682042121887, -0.521813690662384, 0.6252994537353516, 0.7741792798042297, 0.11504117399454117, -0.6224243640899658], "cam_t_m2c": [-14.506226539611816, -215.86378479003906, 1061.20703125], "obj_id": 1}, {"cam_R_m2c": [-0.19604817032814026, -0.47767969965934753, 0.8563801646232605, -0.9027194976806641, 0.42899036407470703, 0.03262963891029358, -0.3829653263092041, -0.7666741609573364, -0.5153135657310486], "cam_t_m2c": [-147.1256561279297, 146.1331787109375, 1272.7513427734375], "obj_id": 3}, {"cam_R_m2c": [0.8024359345436096, -0.5841885805130005, 0.12173844128847122, 0.12698370218276978, -0.032169606536626816, -0.9913829565048218, 0.5830709338188171, 0.8109801411628723, 0.048368386924266815], "cam_t_m2c": [-55.52614212036133, 95.23465728759766, 1165.9454345703125], "obj_id": 3}, {"cam_R_m2c": [0.6285865902900696, 0.7601183652877808, 0.16461753845214844, 0.47329598665237427, -0.5418176054954529, 0.694567859172821, 0.6171464920043945, -0.35868319869041443, -0.700340211391449], "cam_t_m2c": [-232.0540008544922, 51.93905258178711, 1084.138916015625], "obj_id": 3}, {"cam_R_m2c": [-0.08145470172166824, 0.0975770428776741, -0.9918889999389648, -0.8892300724983215, 0.4423661530017853, 0.1165420413017273, 0.45014992356300354, 0.8915104269981384, 0.050735652446746826], "cam_t_m2c": [-258.92669677734375, 188.4883270263672, 1074.680419921875], "obj_id": 1}, {"cam_R_m2c": [0.10930023342370987, 0.6268442869186401, -0.7714399695396423, 0.749833881855011, -0.5614739060401917, -0.3499944508075714, -0.6525354385375977, -0.5401974320411682, -0.5313982963562012], "cam_t_m2c": [-115.94283294677734, -16.25960350036621, 1220.0452880859375], "obj_id": 3}, {"cam_R_m2c": [-0.9200222492218018, 0.27495020627975464, 0.27921557426452637, -0.3832607567310333, -0.48285001516342163, -0.7873798608779907, -0.08167100697755814, -0.8314194083213806, 0.549610435962677], "cam_t_m2c": [-308.0477294921875, 26.34868621826172, 1074.193115234375], "obj_id": 1}, {"cam_R_m2c": [0.4376363158226013, -0.6456036567687988, 0.6258357763290405, 0.8081029653549194, 0.5876073837280273, 0.04107506945729256, -0.3942639231681824, 0.48776379227638245, 0.778872549533844], "cam_t_m2c": [-248.71897888183594, 6.256665229797363, 987.7999877929688], "obj_id": 1}, {"cam_R_m2c": [0.6807821989059448, 0.17652422189712524, 0.7108971476554871, 0.3369510769844055, 0.7862727642059326, -0.5179179906845093, -0.6503841876983643, 0.5921269059181213, 0.475800484418869], "cam_t_m2c": [-219.2257537841797, -41.52455520629883, 1253.171875], "obj_id": 3}, {"cam_R_m2c": [0.5847787261009216, 0.378365695476532, -0.7175467014312744, 0.2771936357021332, -0.9245162606239319, -0.2615973949432373, -0.7623631358146667, -0.04592279717326164, -0.6455179452896118], "cam_t_m2c": [24.792638778686523, 142.42333984375, 1307.5267333984375], "obj_id": 3}, {"cam_R_m2c": [-0.9101433157920837, -0.4041758179664612, -0.09099867194890976, -0.41396504640579224, 0.8959543704986572, 0.16093075275421143, 0.016486333683133125, 0.18414035439491272, -0.982761561870575], "cam_t_m2c": [-17.892478942871094, -81.25049591064453, 1410.392822265625], "obj_id": 3}, {"cam_R_m2c": [0.8543774485588074, 0.14446891844272614, -0.499167263507843, 0.07401528209447861, 0.9169532656669617, 0.3920694589614868, 0.5143548846244812, -0.3719213008880615, 0.7727312445640564], "cam_t_m2c": [-299.0437316894531, -70.55816650390625, 1020.4185180664062], "obj_id": 1}, {"cam_R_m2c": [-0.8289923667907715, -0.4628688395023346, -0.31388556957244873, -0.5066637992858887, 0.3839649558067322, 0.7719214558601379, -0.23677730560302734, 0.7989514470100403, -0.5528229475021362], "cam_t_m2c": [-205.80577087402344, -88.55632019042969, 1363.002197265625], "obj_id": 1}, {"cam_R_m2c": [0.3326953947544098, 0.4619113504886627, -0.8221627473831177, 0.15131504833698273, -0.8866783380508423, -0.43692687153816223, -0.9308154582977295, 0.020957935601472855, -0.3648878335952759], "cam_t_m2c": [-212.462158203125, -110.99140167236328, 1373.8385009765625], "obj_id": 3}, {"cam_R_m2c": [-0.8855197429656982, -0.4149370491504669, -0.20900161564350128, 0.164345383644104, 0.14101237058639526, -0.9762714505195618, 0.4345630407333374, -0.8988562822341919, -0.056676074862480164], "cam_t_m2c": [-79.51786041259766, 61.88094711303711, 1221.2276611328125], "obj_id": 3}, {"cam_R_m2c": [-0.5464091300964355, -0.3350121080875397, 0.7675961256027222, 0.5242957472801208, -0.8515347242355347, 0.0015705449040979147, 0.6531086564064026, 0.4033055603504181, 0.6409319043159485], "cam_t_m2c": [-312.8178405761719, 268.10894775390625, 1288.6263427734375], "obj_id": 3}, {"cam_R_m2c": [0.8921087384223938, 0.29487040638923645, 0.34233519434928894, -0.20671966671943665, -0.40734753012657166, 0.8895700573921204, 0.40175729990005493, -0.8643606901168823, -0.3024427890777588], "cam_t_m2c": [-124.05036163330078, 190.90472412109375, 1315.4056396484375], "obj_id": 3}, {"cam_R_m2c": [0.2631717920303345, 0.660439670085907, -0.7032495737075806, -0.9599436521530151, 0.25192686915397644, -0.12264149636030197, 0.09617013484239578, 0.707355797290802, 0.700285017490387], "cam_t_m2c": [-349.1036071777344, -85.14071655273438, 1105.658203125], "obj_id": 3}, {"cam_R_m2c": [-0.7962157130241394, -0.3554653227329254, -0.48957619071006775, 0.16283786296844482, -0.9052476286888123, 0.39244168996810913, -0.5826871395111084, 0.23274672031402588, 0.7786557078361511], "cam_t_m2c": [-243.18545532226562, 81.18051147460938, 1213.5997314453125], "obj_id": 3}, {"cam_R_m2c": [-0.14929936826229095, 0.9465996026992798, -0.2857600748538971, 0.9315781593322754, 0.037778422236442566, -0.361572802066803, -0.3314691185951233, -0.3201904594898224, -0.8874717950820923], "cam_t_m2c": [-251.02162170410156, -61.4171028137207, 993.9074096679688], "obj_id": 3}, {"cam_R_m2c": [0.9659052491188049, -0.2563796043395996, 0.036007072776556015, 0.24131657183170319, 0.8411946892738342, -0.4838985204696655, 0.0937727615237236, 0.476089209318161, 0.8743830323219299], "cam_t_m2c": [-311.8477783203125, 17.834318161010742, 1348.2364501953125], "obj_id": 1}, {"cam_R_m2c": [-0.8104403614997864, 0.39101341366767883, -0.436227947473526, 0.3531897962093353, -0.26796072721481323, -0.896355926990509, -0.4673791825771332, -0.8805143237113953, 0.07906431704759598], "cam_t_m2c": [-275.8973083496094, -189.5995330810547, 1072.6300048828125], "obj_id": 3}, {"cam_R_m2c": [-0.894454836845398, 0.4171963632106781, -0.16092665493488312, -0.3519498109817505, -0.4348410367965698, 0.8288813829421997, 0.2758288085460663, 0.798035204410553, 0.5357781052589417], "cam_t_m2c": [-250.17291259765625, 64.84622955322266, 1143.446044921875], "obj_id": 1}, {"cam_R_m2c": [-0.5551798939704895, 0.82833331823349, 0.07509563118219376, -0.37608227133750916, -0.1694783717393875, -0.9109551906585693, -0.7418473958969116, -0.5339860320091248, 0.40561234951019287], "cam_t_m2c": [-133.2734832763672, 191.2005615234375, 1293.26806640625], "obj_id": 3}, {"cam_R_m2c": [0.7840259671211243, -0.33604317903518677, 0.5218986868858337, -0.5171942114830017, 0.11127045750617981, 0.8486042618751526, -0.34323960542678833, -0.9352507591247559, -0.08656066656112671], "cam_t_m2c": [-117.67130279541016, 96.77948760986328, 1011.662841796875], "obj_id": 3}, {"cam_R_m2c": [-0.43312808871269226, -0.2992742359638214, 0.8501969575881958, 0.8070054650306702, -0.5488648414611816, 0.21792082488536835, 0.40142518281936646, 0.7805012464523315, 0.47924479842185974], "cam_t_m2c": [-131.6820068359375, 54.77395248413086, 1002.4993286132812], "obj_id": 1}, {"cam_R_m2c": [0.13293327391147614, -0.16710875928401947, -0.976935625076294, 0.9678478240966797, -0.19048024713993073, 0.1642790138721466