{
  "0": [{"cam_R_m2c": [0.22639867663383484, -0.3433033227920532, -0.9115297198295593, 0.8483600616455078, 0.5292977690696716, 0.011363203637301922, 0.4785695970058441, -0.7758780121803284, 0.4110771417617798], "cam_t_m2c": [12.095986366271973, -30.595516204833984, 956.9432373046875], "obj_id": 3}, {"cam_R_m2c": [-0.3911049962043762, 0.850583016872406, -0.3514906167984009, 0.42973726987838745, -0.16894614696502686, -0.887008011341095, -0.813856840133667, -0.49796178936958313, -0.299451619386673], "cam_t_m2c": [-169.90386962890625, 103.61434936523438, 821.5896606445312], "obj_id": 3}, {"cam_R_m2c": [0.7510266900062561, 0.5183020234107971, 0.40904998779296875, 0.5232759118080139, -0.08940865844488144, -0.8474599123001099, -0.4026675820350647, 0.8505110144615173, -0.33836326003074646], "cam_t_m2c": [-100.20616912841797, 4.669073581695557, 774.7503051757812], "obj_id": 2}, {"cam_R_m2c": [-0.6016727089881897, 0.034123633056879044, 0.7980135083198547, 0.393403023481369, 0.8821622729301453, 0.25888943672180176, -0.6951432228088379, 0.4697076380252838, -0.5441973209381104], "cam_t_m2c": [173.51158142089844, -152.33253479003906, 1032.9853515625], "obj_id": 3}],
  "1": [{"cam_R_m2c": [-0.2754295766353607, -0.6144443154335022, -0.7393217086791992, 0.9510112404823303, -0.286489874124527, -0.11619378626346588, -0.14041364192962646, -0.7351065278053284, 0.6632513403892517], "cam_t_m2c": [27.096637725830078, -18.123790740966797, 1008.263916015625], "obj_id": 3}, {"cam_R_m2c": [-0.5988388657569885, 0.7750254273414612, 0.20181062817573547, -0.39555594325065613, -0.06711845844984055, -0.9159861207008362, -0.6963673830032349, -0.6283555030822754, 0.3467590808868408], "cam_t_m2c": [-204.28250122070312, -92.06390380859375, 905.8717651367188], "obj_id": 3}, {"cam_R_m2c": [0.3043586313724518, 0.5118966102600098, 0.8033228516578674, 0.4037148058414459, 0.6945245862007141, -0.5955249071121216, -0.862774670124054, 0.5055664777755737, 0.004724310711026192], "cam_t_m2c": [-92.74268341064453, -157.03121948242188, 892.4871215820312], "obj_id": 2}, {"cam_R_m2c": [-0.7465505003929138, -0.45311424136161804, 0.48718535900115967, -0.4329145848751068, 0.8868590593338013, 0.16144947707653046, -0.5052198171615601, -0.09037945419549942, -0.8582448363304138], "cam_t_m2c": [232.03102111816406, 17.77848243713379, 1066.05859375], "obj_id": 3}]
}