{
  "0": [{"cam_R_m2c": [-0.6294655799865723, 0.5483270883560181, -0.5505546927452087, 0.7606157064437866, 0.2899552285671234, -0.5808525681495667, -0.158860981464386, -0.7843872308731079, -0.5995830297470093], "cam_t_m2c": [14.73337173461914, -16.293508529663086, 983.0311279296875], "obj_id": 3}, {"cam_R_m2c": [-0.37744054198265076, -0.20668162405490875, 0.9026743769645691, 0.8659001588821411, -0.42430931329727173, 0.2649116814136505, 0.3282608985900879, 0.8816143870353699, 0.33911746740341187], "cam_t_m2c": [-52.960899353027344, 149.9633331298828, 790.7527465820312], "obj_id": 2}, {"cam_R_m2c": [0.9178929924964905, -0.11272567510604858, -0.3804803788661957, -0.3094950318336487, 0.39673346281051636, -0.8641848564147949, 0.2483651340007782, 0.9109860062599182, 0.3292708396911621], "cam_t_m2c": [269.8489685058594, -95.76295471191406, 859.296875], "obj_id": 0}, {"cam_R_m2c": [-0.16612565517425537, 0.7496030330657959, 0.6407008171081543, -0.5682661533355713, -0.603769063949585, 0.5590495467185974, 0.8059005737304688, -0.27121609449386597, 0.526275634765625], "cam_t_m2c": [-42.15789031982422, 49.7559814453125, 926.926025390625], "obj_id": 2}],
  "1": [{"cam_R_m2c": [0.22875002026557922, 0.8767444491386414, 0.4230750799179077, 0.721304178237915, -0.4445076584815979, 0.5311619639396667, 0.6537535190582275, 0.183662548661232, -0.7340804934501648], "cam_t_m2c": [-25.869192123413086, -18.49727439880371, 733.4996337890625], "obj_id": 3}, {"cam_R_m2c": [-0.20213903486728668, -0.9608479738235474, -0.1895020753145218, 0.4423462450504303, 0.08305994421243668, -0.8929898142814636, 0.8737674951553345, -0.2643336355686188, 0.4082378149032593], "cam_t_m2c": [185.48004150390625, 83.2538833618164, 852.48291015625], "obj_id": 2}, {"cam_R_m2c": [-0.2040003389120102, -0.8299995064735413, -0.5191190242767334, -0.9642862677574158, 0.07886288315057755, 0.2528488337993622, -0.1689252108335495, 0.5521606802940369, -0.8164451718330383], "cam_t_m2c": [107.15935516357422, -269.5018615722656, 655.683349609375], "obj_id": 0}, {"cam_R_m2c": [-0.9088770747184753, 0.23283493518829346, -0.3460201323032379, 0.03328034654259682, -0.786523163318634, -0.6166630983352661, -0.4157336354255676, -0.571986734867096, 0.7071043848991394], "cam_t_m2c": [35.11685562133789, 49.915889739990234, 781.733154296875], "obj_id": 2}]
}