{
  "0": [{"cam_R_m2c": [-0.06359437853097916, -0.767372190952301, 0.6380406618118286, -0.5181365013122559, -0.5210262537002563, -0.6782820224761963, 0.8529305458068848, -0.3737269639968872, -0.3644692897796631], "cam_t_m2c": [-157.04917907714844, -90.15125274658203, 125.63532257080078], "obj_id": 0}, {"cam_R_m2c": [-0.06359437853097916, -0.767372190952301, 0.6380406618118286, -0.5181365013122559, -0.5210262537002563, -0.6782820224761963, 0.8529305458068848, -0.3737269639968872, -0.3644692897796631], "cam_t_m2c": [-157.04917907714844, -90.15125274658203, 125.63532257080078], "obj_id": 0}, {"cam_R_m2c": [-0.06359437853097916, -0.767372190952301, 0.6380406618118286, -0.5181365013122559, -0.5210262537002563, -0.6782820224761963, 0.8529305458068848, -0.3737269639968872, -0.3644692897796631], "cam_t_m2c": [-157.04917907714844, -90.15125274658203, 125.63532257080078], "obj_id": 2}, {"cam_R_m2c": [-0.06359437853097916, -0.767372190952301, 0.6380406618118286, -0.5181365013122559, -0.5210262537002563, -0.6782820224761963, 0.8529305458068848, -0.3737269639968872, -0.3644692897796631], "cam_t_m2c": [-157.04917907714844, -90.15125274658203, 125.63532257080078], "obj_id": 3}, {"cam_R_m2c": [-0.06359437853097916, -0.767372190952301, 0.6380406618118286, -0.5181365013122559, -0.5210262537002563, -0.6782820224761963, 0.8529305458068848, -0.3737269639968872, -0.3644692897796631], "cam_t_m2c": [-157.04917907714844, -90.15125274658203, 125.63532257080078], "obj_id": 0}, {"cam_R_m2c": [-0.06359437853097916, -0.767372190952301, 0.6380406618118286, -0.5181365013122559, -0.5210262537002563, -0.6782820224761963, 0.8529305458068848, -0.3737269639968872, -0.3644692897796631], "cam_t_m2c": [-157.04917907714844, -90.15125274658203, 125.63532257080078], "obj_id": 1}, {"cam_R_m2c": [-0.06359437853097916, -0.767372190952301, 0.6380406618118286, -0.5181365013122559, -0.5210262537002563, -0.6782820224761963, 0.8529305458068848, -0.3737269639968872, -0.3644692897796631], "cam_t_m2c": [-157.04917907714844, -90.15125274658203, 125.63532257080078], "obj_id": 2}, {"cam_R_m2c": [-0.06359437853097916, -0.767372190952301, 0.6380406618118286, -0.5181365013122559, -0.5210262537002563, -0.6782820224761963, 0.8529305458068848, -0.3737269639968872, -0.3644692897796631], "cam_t_m2c": [-157.04917907714844, -90.15125274658203, 125.63532257080078], "obj_id": 0}, {"cam_R_m2c": [-0.06359437853097916, -0.767372190952301, 0.6380406618118286, -0.5181365013122559, -0.5210262537002563, -0.6782820224761963, 0.8529305458068848, -0.3737269639968872, -0.3644692897796631], "cam_t_m2c": [-157.04917907714844, -90.15125274658203, 125.63532257080078], "obj_id": 2}, {"cam_R_m2c": [-0.06359437853097916, -0.767372190952301, 0.6380406618118286, -0.5181365013122559, -0.5210262537002563, -0.6782820224761963, 0.8529305458068848, -0.3737269639968872, -0.3644692897796631], "cam_t_m2c": [-157.04917907714844, -90.15125274658203, 125.63532257080078], "obj_id": 1}, {"cam_R_m2c": [-0.06359437853097916, -0.767372190952301, 0.6380406618118286, -0.5181365013122559, -0.5210262537002563, -0.6782820224761963, 0.8529305458068848, -0.3737269639968872, -0.3644692897796631], "cam_t_m2c": [-157.04917907714844, -90.15125274658203, 125.63532257080078], "obj_id": 1}, {"cam_R_m2c": [-0.06359437853097916, -0.767372190952301, 0.6380406618118286, -0.5181365013122559, -0.5210262537002563, -0.6782820224761963, 0.8529305458068848, -0.3737269639968872, -0.3644692897796631], "cam_t_m2c": [-157.04917907714844, -90.15125274658203, 125.63532257080078], "obj_id": 1}, {"cam_R_m2c": [-0.06359437853097916, -0.767372190952301, 0.6380406618118286, -0.5181365013122559, -0.5210262537002563, -0.6782820224761963, 0.8529305458068848, -0.3737269639968872, -0.3644692897796631], "cam_t_m2c": [-157.04917907714844, -90.15125274658203, 125.63532257080078], "obj_id": 0}, {"cam_R_m2c": [-0.06359437853097916, -0.767372190952301, 0.6380406618118286, -0.5181365013122559, -0.5210262537002563, -0.6782820224761963, 0.8529305458068848, -0.3737269639968872, -0.3644692897796631], "cam_t_m2c": [-157.04917907714844, -90.15125274658203, 125.63532257080078], "obj_id": 3}, {"cam_R_m2c": [-0.06359437853097916, -0.767372190952301, 0.6380406618118286, -0.5181365013122559, -0.5210262537002563, -0.6782820224761963, 0.8529305458068848, -0.3737269639968872, -0.3644692897796631], "cam_t_m2c": [-157.04917907714844, -90.15125274658203, 125.63532257080078], "obj_id": 1}, {"cam_R_m2c": [-0.06359437853097916, -0.767372190952301, 0.6380406618118286, -0.5181365013122559, -0.5210262537002563, -0.6782820224761963, 0.8529305458068848, -0.3737269639968872, -0.3644692897796631], "cam_t_m2c": [-157.04917907714844, -90.15125274658203, 125.63532257080078], "obj_id": 2}, {"cam_R_m2c": [-0.06359437853097916, -0.767372190952301, 0.6380406618118286, -0.5181365013122559, -0.5210262537002563, -0.6782820224761963, 0.8529305458068848, -0.3737269639968872, -0.3644692897796631], "cam_t_m2c": [-157.04917907714844, -90.15125274658203, 125.63532257080078], "obj_id": 3}, {"cam_R_m2c": [-0.06359437853097916, -0.767372190952301, 0.6380406618118286, -0.5181365013122559, -0.5210262537002563, -0.6782820224761963, 0.8529305458068848, -0.3737269639968872, -0.3644692897796631], "cam_t_m2c": [-157.04917907714844, -90.15125274658203, 125.63532257080078], "obj_id": 0}, {"cam_R_m2c": [-0.06359437853097916, -0.767372190952301, 0.6380406618118286, -0.5181365013122559, -0.5210262537002563, -0.6782820224761963, 0.8529305458068848, -0.3737269639968872, -0.3644692897796631], "cam_t_m2c": [-157.04917907714844, -90.15125274658203, 125.63532257080078], "obj_id": 1}, {"cam_R_m2c": [-0.06359437853097916, -0.767372190952301, 0.6380406618118286, -0.5181365013122559, -0.5210262537002563, -0.6782820224761963, 0.8529305458068848, -0.3737269639968872, -0.3644692897796631], "cam_t_m2c": [-157.04917907714844, -90.15125274658203, 125.63532257080078], "obj_id": 1}, {"cam_R_m2c": [-0.06359437853097916, -0.767372190952301, 0.6380406618118286, -0.5181365013122559, -0.5210262537002563, -0.6782820224761963, 0.8529305458068848, -0.3737269639968872, -0.3644692897796631], "cam_t_m2c": [-157.04917907714844, -90.15125274658203, 125.63532257080078], "obj_id": 0}, {"cam_R_m2c": [-0.06359437853097916, -0.767372190952301, 0.6380406618118286, -0.5181365013122559, -0.5210262537002563, -0.6782820224761963, 0.8529305458068848, -0.3737269639968872, -0.3644692897796631], "cam_t_m2c": [-157.04917907714844, -90.15125274658203, 125.63532257080078], "obj_id": 0}, {"cam_R_m2c": [-0.06359437853097916, -0.767372190952301, 0.6380406618118286, -0.5181365013122559, -0.5210262537002563, -0.6782820224761963, 0.8529305458068848, -0.3737269639968872, -0.3644692897796631], "cam_t_m2c": [-157.04917907714844, -90.15125274658203, 125.63532257080078], "obj_id": 3}, {"cam_R_m2c": [-0.06359437853097916, -0.767372190952301, 0.6380406618118286, -0.5181365013122559, -0.5210262537002563, -0.6782820224761963, 0.8529305458068848, -0.3737269639968872, -0.3644692897796631], "cam_t_m2c": [-157.04917907714844, -90.15125274658203, 125.63532257080078], "obj_id": 3}, {"cam_R_m2c": [0.8543564081192017, 0.5147688388824463, 0.07133087515830994, -0.44260579347610474, 0.7926808595657349, -0.41923391819000244, -0.2723512053489685, 0.3266037404537201, 0.9050717353820801], "cam_t_m2c": [-341.6293029785156, -411.9226379394531, 421.0165710449219], "obj_id": 0}, {"cam_R_m2c": [-0.18610168993473053, 0.7660499215126038, 0.6152509450912476, -0.5950739979743958, -0.5861561298370361, 0.5498253703117371, 0.7818267941474915, -0.2637964189052582, 0.5649409890174866], "cam_t_m2c": [-149.58865356445312, -111.43582153320312, 137.07716369628906], "obj_id": 3}, {"cam_R_m2c": [-0.5756607055664062, 0.5303484797477722, 0.6223705410957336, -0.10572744160890579, 0.7064676880836487, -0.6998036503791809, -0.810824453830719, -0.46865114569664, -0.3506132662296295], "cam_t_m2c": [-252.6033172607422, -227.08792114257812, 173.5208740234375], "obj_id": 3}, {"cam_R_m2c": [0.5970724821090698, -0.6728302240371704, 0.4368109703063965, -0.2512175440788269, 0.36030393838882446, 0.8983711004257202, -0.7618359923362732, -0.6461272239685059, 0.04610080271959305], "cam_t_m2c": [17.283401489257812, -14.773232460021973, 217.3462371826172], "obj_id": 3}, {"cam_R_m2c": [-0.6825714707374573, 0.18935561180114746, -0.7058613896369934, 0.627816915512085, -0.342465877532959, -0.6989727020263672, -0.374087929725647, -0.9202507138252258, 0.11487699300050735], "cam_t_m2c": [-4912.09130859375, 5260.2001953125, 2944.3486328125], "obj_id": 2}]
}