{
  "0": [{"cam_R_m2c": [0.743864119052887, 0.6672552227973938, -0.037903256714344025, 0.42511314153671265, -0.5161581039428711, -0.7435452342033386, -0.5156985521316528, 0.5369834899902344, -0.6676104664802551], "cam_t_m2c": [142.53880310058594, 174.74334716796875, 235.0722198486328], "obj_id": 3}, {"cam_R_m2c": [0.743864119052887, 0.6672552227973938, -0.037903256714344025, 0.42511314153671265, -0.5161581039428711, -0.7435452342033386, -0.5156985521316528, 0.5369834899902344, -0.6676104664802551], "cam_t_m2c": [142.53880310058594, 174.74334716796875, 235.0722198486328], "obj_id": 2}, {"cam_R_m2c": [0.743864119052887, 0.6672552227973938, -0.037903256714344025, 0.42511314153671265, -0.5161581039428711, -0.7435452342033386, -0.5156985521316528, 0.5369834899902344, -0.6676104664802551], "cam_t_m2c": [142.53880310058594, 174.74334716796875, 235.0722198486328], "obj_id": 0}, {"cam_R_m2c": [0.743864119052887, 0.6672552227973938, -0.037903256714344025, 0.42511314153671265, -0.5161581039428711, -0.7435452342033386, -0.5156985521316528, 0.5369834899902344, -0.6676104664802551], "cam_t_m2c": [142.53880310058594, 174.74334716796875, 235.0722198486328], "obj_id": 2}, {"cam_R_m2c": [0.743864119052887, 0.6672552227973938, -0.037903256714344025, 0.42511314153671265, -0.5161581039428711, -0.7435452342033386, -0.5156985521316528, 0.5369834899902344, -0.6676104664802551], "cam_t_m2c": [142.53880310058594, 174.74334716796875, 235.0722198486328], "obj_id": 1}, {"cam_R_m2c": [0.743864119052887, 0.6672552227973938, -0.037903256714344025, 0.42511314153671265, -0.5161581039428711, -0.7435452342033386, -0.5156985521316528, 0.5369834899902344, -0.6676104664802551], "cam_t_m2c": [142.53880310058594, 174.74334716796875, 235.0722198486328], "obj_id": 3}, {"cam_R_m2c": [0.743864119052887, 0.6672552227973938, -0.037903256714344025, 0.42511314153671265, -0.5161581039428711, -0.7435452342033386, -0.5156985521316528, 0.5369834899902344, -0.6676104664802551], "cam_t_m2c": [142.53880310058594, 174.74334716796875, 235.0722198486328], "obj_id": 0}, {"cam_R_m2c": [0.743864119052887, 0.6672552227973938, -0.037903256714344025, 0.42511314153671265, -0.5161581039428711, -0.7435452342033386, -0.5156985521316528, 0.5369834899902344, -0.6676104664802551], "cam_t_m2c": [142.53880310058594, 174.74334716796875, 235.0722198486328], "obj_id": 1}, {"cam_R_m2c": [0.743864119052887, 0.6672552227973938, -0.037903256714344025, 0.42511314153671265, -0.5161581039428711, -0.7435452342033386, -0.5156985521316528, 0.5369834899902344, -0.6676104664802551], "cam_t_m2c": [142.53880310058594, 174.74334716796875, 235.0722198486328], "obj_id": 3}, {"cam_R_m2c": [0.743864119052887, 0.6672552227973938, -0.037903256714344025, 0.42511314153671265, -0.5161581039428711, -0.7435452342033386, -0.5156985521316528, 0.5369834899902344, -0.6676104664802551], "cam_t_m2c": [142.53880310058594, 174.74334716796875, 235.0722198486328], "obj_id": 3}, {"cam_R_m2c": [0.743864119052887, 0.6672552227973938, -0.037903256714344025, 0.42511314153671265, -0.5161581039428711, -0.7435452342033386, -0.5156985521316528, 0.5369834899902344, -0.6676104664802551], "cam_t_m2c": [142.53880310058594, 174.74334716796875, 235.0722198486328], "obj_id": 0}, {"cam_R_m2c": [0.743864119052887, 0.6672552227973938, -0.037903256714344025, 0.42511314153671265, -0.5161581039428711, -0.7435452342033386, -0.5156985521316528, 0.5369834899902344, -0.6676104664802551], "cam_t_m2c": [142.53880310058594, 174.74334716796875, 235.0722198486328], "obj_id": 3}, {"cam_R_m2c": [0.11122727394104004, -0.6537429094314575, -0.7484975457191467, 0.6284676790237427, 0.6297138929367065, -0.4566056728363037, 0.7698420286178589, -0.4196195900440216, 0.4808976948261261], "cam_t_m2c": [237.10020446777344, 165.64266967773438, 186.94276428222656], "obj_id": 1}, {"cam_R_m2c": [0.04645232856273651, -0.9684454202651978, 0.24485814571380615, -0.7414944767951965, 0.13082069158554077, 0.6580818891525269, -0.669348955154419, -0.2121303677558899, -0.7120199799537659], "cam_t_m2c": [-54.88927459716797, 312.1781921386719, 133.91958618164062], "obj_id": 2}, {"cam_R_m2c": [-0.896894097328186, 0.4088762104511261, -0.168526291847229, 0.30645450949668884, 0.84935462474823, 0.4297468364238739, 0.3188518285751343, 0.3337917625904083, -0.887083113193512], "cam_t_m2c": [-134.5408172607422, 244.59214782714844, 136.6090850830078], "obj_id": 3}],
  "1": [{"cam_R_m2c": [0.8226537704467773, 0.5660479068756104, -0.053202517330646515, 0.1712096482515335, -0.3358783423900604, -0.9262143969535828, -0.5421512722969055, 0.7528449892997742, -0.3732244670391083], "cam_t_m2c": [211.59463500976562, 67.6591796875, 245.32308959960938], "obj_id": 3}, {"cam_R_m2c": [0.8226537704467773, 0.5660479068756104, -0.053202517330646515, 0.1712096482515335, -0.3358783423900604, -0.9262143969535828, -0.5421512722969055, 0.7528449892997742, -0.3732244670391083], "cam_t_m2c": [211.59463500976562, 67.6591796875, 245.32308959960938], "obj_id": 2}, {"cam_R_m2c": [0.8226537704467773, 0.5660479068756104, -0.053202517330646515, 0.1712096482515335, -0.3358783423900604, -0.9262143969535828, -0.5421512722969055, 0.7528449892997742, -0.3732244670391083], "cam_t_m2c": [211.59463500976562, 67.6591796875, 245.32308959960938], "obj_id": 0}, {"cam_R_m2c": [0.8226537704467773, 0.5660479068756104, -0.053202517330646515, 0.1712096482515335, -0.3358783423900604, -0.9262143969535828, -0.5421512722969055, 0.7528449892997742, -0.3732244670391083], "cam_t_m2c": [211.59463500976562, 67.6591796875, 245.32308959960938], "obj_id": 2}, {"cam_R_m2c": [0.8226537704467773, 0.5660479068756104, -0.053202517330646515, 0.1712096482515335, -0.3358783423900604, -0.9262143969535828, -0.5421512722969055, 0.7528449892997742, -0.3732244670391083], "cam_t_m2c": [211.59463500976562, 67.6591796875, 245.32308959960938], "obj_id": 1}, {"cam_R_m2c": [0.8226537704467773, 0.5660479068756104, -0.053202517330646515, 0.1712096482515335, -0.3358783423900604, -0.9262143969535828, -0.5421512722969055, 0.7528449892997742, -0.3732244670391083], "cam_t_m2c": [211.59463500976562, 67.6591796875, 245.32308959960938], "obj_id": 3}, {"cam_R_m2c": [0.8226537704467773, 0.5660479068756104, -0.053202517330646515, 0.1712096482515335, -0.3358783423900604, -0.9262143969535828, -0.5421512722969055, 0.7528449892997742, -0.3732244670391083], "cam_t_m2c": [211.59463500976562, 67.6591796875, 245.32308959960938], "obj_id": 0}, {"cam_R_m2c": [0.8226537704467773, 0.5660479068756104, -0.053202517330646515, 0.1712096482515335, -0.3358783423900604, -0.9262143969535828, -0.5421512722969055, 0.7528449892997742, -0.3732244670391083], "cam_t_m2c": [211.59463500976562, 67.6591796875, 245.32308959960938], "obj_id": 1}, {"cam_R_m2c": [0.8226537704467773, 0.5660479068756104, -0.053202517330646515, 0.1712096482515335, -0.3358783423900604, -0.9262143969535828, -0.5421512722969055, 0.7528449892997742, -0.3732244670391083], "cam_t_m2c": [211.59463500976562, 67.6591796875, 245.32308959960938], "obj_id": 3}, {"cam_R_m2c": [0.8226537704467773, 0.5660479068756104, -0.053202517330646515, 0.1712096482515335, -0.3358783423900604, -0.9262143969535828, -0.5421512722969055, 0.7528449892997742, -0.3732244670391083], "cam_t_m2c": [211.59463500976562, 67.6591796875, 245.32308959960938], "obj_id": 3}, {"cam_R_m2c": [0.8226537704467773, 0.5660479068756104, -0.053202517330646515, 0.1712096482515335, -0.3358783423900604, -0.9262143969535828, -0.5421512722969055, 0.7528449892997742, -0.3732244670391083], "cam_t_m2c": [211.59463500976562, 67.6591796875, 245.32308959960938], "obj_id": 0}, {"cam_R_m2c": [0.8226537704467773, 0.5660479068756104, -0.053202517330646515, 0.1712096482515335, -0.3358783423900604, -0.9262143969535828, -0.5421512722969055, 0.7528449892997742, -0.3732244670391083], "cam_t_m2c": [211.59463500976562, 67.6591796875, 245.32308959960938], "obj_id": 3}, {"cam_R_m2c": [0.1060740053653717, -0.5515692234039307, -0.8273569345474243, 0.8498655557632446, 0.4822424650192261, -0.21253401041030884, 0.5162138342857361, -0.6805979013442993, 0.5199131369590759], "cam_t_m2c": [308.5630798339844, 36.4908332824707, 214.22998046875], "obj_id": 1}, {"cam_R_m2c": [0.030795825645327568, -0.9296812415122986, 0.36707526445388794, -0.9301059246063232, 0.10782197117805481, 0.3511086702346802, -0.36599791049957275, -0.35223156213760376, -0.8613815307617188], "cam_t_m2c": [37.73394775390625, 172.93701171875, 81.65554809570312], "obj_id": 2}, {"cam_R_m2c": [-0.8866796493530273, 0.45965173840522766, -0.050194837152957916, 0.4532814919948578, 0.8855212926864624, 0.10192122310400009, 0.09129686653614044, 0.06761908531188965, -0.9935253858566284], "cam_t_m2c": [-48.0443000793457, 115.6067123413086, 98.23268127441406], "obj_id": 3}],
  "2": [{"cam_R_m2c": [0.8226537704467773, 0.5660479068756104, -0.053202517330646515, 0.1712096482515335, -0.3358783423900604, -0.9262143969535828, -0.5421512722969055, 0.7528449892997742, -0.3732244670391083], "cam_t_m2c": [211.59463500976562, 67.6591796875, 245.32308959960938], "obj_id": 3}, {"cam_R_m2c": [0.8226537704467773, 0.5660479068756104, -0.053202517330646515, 0.1712096482515335, -0.3358783423900604, -0.9262143969535828, -0.5421512722969055, 0.7528449892997742, -0.3732244670391083], "cam_t_m2c": [211.59463500976562, 67.6591796875, 245.32308959960938], "obj_id": 2}, {"cam_R_m2c": [0.8226537704467773, 0.5660479068756104, -0.053202517330646515, 0.1712096482515335, -0.3358783423900604, -0.9262143969535828, -0.5421512722969055, 0.7528449892997742, -0.3732244670391083], "cam_t_m2c": [211.59463500976562, 67.6591796875, 245.32308959960938], "obj_id": 0}, {"cam_R_m2c": [0.8226537704467773, 0.5660479068756104, -0.053202517330646515, 0.1712096482515335, -0.3358783423900604, -0.9262143969535828, -0.5421512722969055, 0.7528449892997742, -0.3732244670391083], "cam_t_m2c": [211.59463500976562, 67.6591796875, 245.32308959960938], "obj_id": 2}, {"cam_R_m2c": [0.8226537704467773, 0.5660479068756104, -0.053202517330646515, 0.1712096482515335, -0.3358783423900604, -0.9262143969535828, -0.5421512722969055, 0.7528449892997742, -0.3732244670391083], "cam_t_m2c": [211.59463500976562, 67.6591796875, 245.32308959960938], "obj_id": 1}, {"cam_R_m2c": [0.8226537704467773, 0.5660479068756104, -0.053202517330646515, 0.1712096482515335, -0.3358783423900604, -0.9262143969535828, -0.5421512722969055, 0.7528449892997742, -0.3732244670391083], "cam_t_m2c": [211.59463500976562, 67.6591796875, 245.32308959960938], "obj_id": 3}, {"cam_R_m2c": [0.8226537704467773, 0.5660479068756104, -0.053202517330646515, 0.1712096482515335, -0.3358783423900604, -0.9262143969535828, -0.5421512722969055, 0.7528449892997742, -0.3732244670391083], "cam_t_m2c": [211.59463500976562, 67.6591796875, 245.32308959960938], "obj_id": 0}, {"cam_R_m2c": [0.8226537704467773, 0.5660479068756104, -0.053202517330646515, 0.1712096482515335, -0.3358783423900604, -0.9262143969535828, -0.5421512722969055, 0.7528449892997742, -0.3732244670391083], "cam_t_m2c": [211.59463500976562, 67.6591796875, 245.32308959960938], "obj_id": 1}, {"cam_R_m2c": [0.8226537704467773, 0.5660479068756104, -0.053202517330646515, 0.1712096482515335, -0.3358783423900604, -0.9262143969535828, -0.5421512722969055, 0.7528449892997742, -0.3732244670391083], "cam_t_m2c": [211.59463500976562, 67.6591796875, 245.32308959960938], "obj_id": 3}, {"cam_R_m2c": [0.8226537704467773, 0.5660479068756104, -0.053202517330646515, 0.1712096482515335, -0.3358783423900604, -0.9262143969535828, -0.5421512722969055, 0.7528449892997742, -0.3732244670391083], "cam_t_m2c": [211.59463500976562, 67.6591796875, 245.32308959960938], "obj_id": 3}, {"cam_R_m2c": [0.8226537704467773, 0.5660479068756104, -0.053202517330646515, 0.1712096482515335, -0.3358783423900604, -0.9262143969535828, -0.5421512722969055, 0.7528449892997742, -0.3732244670391083], "cam_t_m2c": [211.59463500976562, 67.6591796875, 245.32308959960938], "obj_id": 0}, {"cam_R_m2c": [0.8226537704467773, 0.5660479068756104, -0.053202517330646515, 0.1712096482515335, -0.3358783423900604, -0.9262143969535828, -0.5421512722969055, 0.7528449892997742, -0.3732244670391083], "cam_t_m2c": [211.59463500976562, 67.6591796875, 245.32308959960938], "obj_id": 3}, {"cam_R_m2c": [0.1060740053653717, -0.5515692234039307, -0.8273569345474243, 0.8498655557632446, 0.4822424650192261, -0.21253401041030884, 0.5162138342857361, -0.6805979013442993, 0.5199131369590759], "cam_t_m2c": [308.5630798339844, 36.4908332824707, 214.22998046875], "obj_id": 1}, {"cam_R_m2c": [0.030795825645327568, -0.9296812415122986, 0.36707526445388794, -0.9301059246063232, 0.10782197117805481, 0.3511086702346802, -0.36599791049957275, -0.35223156213760376, -0.8613815307617188], "cam_t_m2c": [37.73394775390625, 172.93701171875, 81.65554809570312], "obj_id": 2}, {"cam_R_m2c": [-0.8866796493530273, 0.45965173840522766, -0.050194837152957916, 0.4532814919948578, 0.8855212926864624, 0.10192122310400009, 0.09129686653614044, 0.06761908531188965, -0.9935253858566284], "cam_t_m2c": [-48.0443000793457, 115.6067123413086, 98.23268127441406], "obj_id": 3}],
  "3": [{"cam_R_m2c": [0.7504679560661316, -0.6557865142822266, -0.08210901916027069, -0.4949526786804199, -0.47534090280532837, -0.7273738980293274, 0.4379722476005554, 0.5865108966827393, -0.6813114285469055], "cam_t_m2c": [320.90777587890625, -155.76535034179688, 644.1904907226562], "obj_id": 3}, {"cam_R_m2c": [0.7504679560661316, -0.6557865142822266, -0.08210901916027069, -0.4949526786804199, -0.47534090280532837, -0.7273738980293274, 0.4379722476005554, 0.5865108966827393, -0.6813114285469055], "cam_t_m2c": [320.90777587890625, -155.76535034179688, 644.1904907226562], "obj_id": 2}, {"cam_R_m2c": [0.7504679560661316, -0.6557865142822266, -0.08210901916027069, -0.4949526786804199, -0.47534090280532837, -0.7273738980293274, 0.4379722476005554, 0.5865108966827393, -0.6813114285469055], "cam_t_m2c": [320.90777587890625, -155.76535034179688, 644.1904907226562], "obj_id": 0}, {"cam_R_m2c": [0.7504679560661316, -0.6557865142822266, -0.08210901916027069, -0.4949526786804199, -0.47534090280532837, -0.7273738980293274, 0.4379722476005554, 0.5865108966827393, -0.6813114285469055], "cam_t_m2c": [320.90777587890625, -155.76535034179688, 644.1904907226562], "obj_id": 2}, {"cam_R_m2c": [0.7504679560661316, -0.6557865142822266, -0.08210901916027069, -0.4949526786804199, -0.47534090280532837, -0.7273738980293274, 0.4379722476005554, 0.5865108966827393, -0.6813114285469055], "cam_t_m2c": [320.90777587890625, -155.76535034179688, 644.1904907226562], "obj_id": 1}, {"cam_R_m2c": [0.7504679560661316, -0.6557865142822266, -0.08210901916027069, -0.4949526786804199, -0.47534090280532837, -0.7273738980293274, 0.4379722476005554, 0.5865108966827393, -0.6813114285469055], "cam_t_m2c": [320.90777587890625, -155.76535034179688, 644.1904907226562], "obj_id": 3}, {"cam_R_m2c": [0.7504679560661316, -0.6557865142822266, -0.08210901916027069, -0.4949526786804199, -0.47534090280532837, -0.7273738980293274, 0.4379722476005554, 0.5865108966827393, -0.6813114285469055], "cam_t_m2c": [320.90777587890625, -155.76535034179688, 644.1904907226562], "obj_id": 0}, {"cam_R_m2c": [0.7504679560661316, -0.6557865142822266, -0.08210901916027069, -0.4949526786804199, -0.47534090280532837, -0.7273738980293274, 0.4379722476005554, 0.5865108966827393, -0.6813114285469055], "cam_t_m2c": [320.90777587890625, -155.76535034179688, 644.1904907226562], "obj_id": 1}, {"cam_R_m2c": [0.7504679560661316, -0.6557865142822266, -0.08210901916027069, -0.4949526786804199, -0.47534090280532837, -0.7273738980293274, 0.4379722476005554, 0.5865108966827393, -0.6813114285469055], "cam_t_m2c": [320.90777587890625, -155.76535034179688, 644.1904907226562], "obj_id": 3}, {"cam_R_m2c": [0.7504679560661316, -0.6557865142822266, -0.08210901916027069, -0.4949526786804199, -0.47534090280532837, -0.7273738980293274, 0.4379722476005554, 0.5865108966827393, -0.6813114285469055], "cam_t_m2c": [320.90777587890625, -155.76535034179688, 644.1904907226562], "obj_id": 3}, {"cam_R_m2c": [0.7504679560661316, -0.6557865142822266, -0.08210901916027069, -0.4949526786804199, -0.47534090280532837, -0.7273738980293274, 0.4379722476005554, 0.5865108966827393, -0.6813114285469055], "cam_t_m2c": [320.90777587890625, -155.76535034179688, 644.1904907226562], "obj_id": 0}, {"cam_R_m2c": [0.7504679560661316, -0.6557865142822266, -0.08210901916027069, -0.4949526786804199, -0.47534090280532837, -0.7273738980293274, 0.4379722476005554, 0.5865108966827393, -0.6813114285469055], "cam_t_m2c": [320.90777587890625, -155.76535034179688, 644.1904907226562], "obj_id": 3}, {"cam_R_m2c": [-0.061468321830034256, 0.6587401032447815, -0.7498553395271301, 0.6625275015830994, 0.5888270735740662, 0.4629685878753662, 0.7465111017227173, -0.4683418869972229, -0.4726276397705078], "cam_t_m2c": [359.01031494140625, -246.57763671875, 684.7176513671875], "obj_id": 1}, {"cam_R_m2c": [-0.06900399178266525, 0.11929937452077866, 0.9904575347900391, -0.7825248837471008, 0.6093384623527527, -0.12791164219379425, -0.6187836527824402, -0.7838841080665588, 0.05130795016884804], "cam_t_m2c": [464.4504089355469, 4.111178398132324, 496.0924377441406], "obj_id": 2}, {"cam_R_m2c": [-0.1090126782655716, 0.43250763416290283, 0.8950158357620239, 0.9212433695793152, 0.3821753263473511, -0.07247528433799744, -0.3733990788459778, 0.8166267275810242, -0.44010674953460693], "cam_t_m2c": [404.184814453125, 18.896106719970703, 412.0154724121094], "obj_id": 3}],
  "4": [{"cam_R_m2c": [0.7504679560661316, -0.6557865142822266, -0.08210901916027069, -0.4949526786804199, -0.47534090280532837, -0.7273738980293274, 0.4379722476005554, 0.5865108966827393, -0.6813114285469055], "cam_t_m2c": [320.90777587890625, -155.76535034179688, 644.1904907226562], "obj_id": 3}, {"cam_R_m2c": [0.7504679560661316, -0.6557865142822266, -0.08210901916027069, -0.4949526786804199, -0.47534090280532837, -0.7273738980293274, 0.4379722476005554, 0.5865108966827393, -0.6813114285469055], "cam_t_m2c": [320.90777587890625, -155.76535034179688, 644.1904907226562], "obj_id": 2}, {"cam_R_m2c": [0.7504679560661316, -0.6557865142822266, -0.08210901916027069, -0.4949526786804199, -0.47534090280532837, -0.7273738980293274, 0.4379722476005554, 0.5865108966827393, -0.6813114285469055], "cam_t_m2c": [320.90777587890625, -155.76535034179688, 644.1904907226562], "obj_id": 0}, {"cam_R_m2c": [0.7504679560661316, -0.6557865142822266, -0.08210901916027069, -0.4949526786804199, -0.47534090280532837, -0.7273738980293274, 0.4379722476005554, 0.5865108966827393, -0.6813114285469055], "cam_t_m2c": [320.90777587890625, -155.76535034179688, 644.1904907226562], "obj_id": 2}, {"cam_R_m2c": [0.7504679560661316, -0.6557865142822266, -0.08210901916027069, -0.4949526786804199, -0.47534090280532837, -0.7273738980293274, 0.4379722476005554, 0.5865108966827393, -0.6813114285469055], "cam_t_m2c": [320.90777587890625, -155.76535034179688, 644.1904907226562], "obj_id": 1}, {"cam_R_m2c": [0.7504679560661316, -0.6557865142822266, -0.08210901916027069, -0.4949526786804199, -0.47534090280532837, -0.7273738980293274, 0.4379722476005554, 0.5865108966827393, -0.6813114285469055], "cam_t_m2c": [320.90777587890625, -155.76535034179688, 644.1904907226562], "obj_id": 3}, {"cam_R_m2c": [0.7504679560661316, -0.6557865142822266, -0.08210901916027069, -0.4949526786804199, -0.47534090280532837, -0.7273738980293274, 0.4379722476005554, 0.5865108966827393, -0.6813114285469055], "cam_t_m2c": [320.90777587890625, -155.76535034179688, 644.1904907226562], "obj_id": 0}, {"cam_R_m2c": [0.7504679560661316, -0.6557865142822266, -0.08210901916027069, -0.4949526786804199, -0.47534090280532837, -0.7273738980293274, 0.4379722476005554, 0.5865108966827393, -0.6813114285469055], "cam_t_m2c": [320.90777587890625, -155.76535034179688, 644.1904907226562], "obj_id": 1}, {"cam_R_m2c": [0.7504679560661316, -0.6557865142822266, -0.08210901916027069, -0.4949526786804199, -0.47534090280532837, -0.7273738980293274, 0.4379722476005554, 0.5865108966827393, -0.6813114285469055], "cam_t_m2c": [320.90777587890625, -155.76535034179688, 644.1904907226562], "obj_id": 3}, {"cam_R_m2c": [0.7504679560661316, -0.6557865142822266, -0.08210901916027069, -0.4949526786804199, -0.47534090280532837, -0.7273738980293274, 0.4379722476005554, 0.5865108966827393, -0.6813114285469055], "cam_t_m2c": [320.90777587890625, -155.76535034179688, 644.1904907226562], "obj_id": 3}, {"cam_R_m2c": [0.7504679560661316, -0.6557865142822266, -0.08210901916027069, -0.4949526786804199, -0.47534090280532837, -0.7273738980293274, 0.4379722476005554, 0.5865108966827393, -0.6813114285469055], "cam_t_m2c": [320.90777587890625, -155.76535034179688, 644.1904907226562], "obj_id": 0}, {"cam_R_m2c": [0.7504679560661316, -0.6557865142822266, -0.08210901916027069, -0.4949526786804199, -0.47534090280532837, -0.7273738980293274, 0.4379722476005554, 0.5865108966827393, -0.6813114285469055], "cam_t_m2c": [320.90777587890625, -155.76535034179688, 644.1904907226562], "obj_id": 3}, {"cam_R_m2c": [-0.061468321830034256, 0.6587401032447815, -0.7498553395271301, 0.6625275015830994, 0.5888270735740662, 0.4629685878753662, 0.7465111017227173, -0.4683418869972229, -0.4726276397705078], "cam_t_m2c": [359.01031494140625, -246.57763671875, 684.7176513671875], "obj_id": 1}, {"cam_R_m2c": [-0.06900399178266525, 0.11929937452077866, 0.9904575347900391, -0.7825248837471008, 0.6093384623527527, -0.12791164219379425, -0.6187836527824402, -0.7838841080665588, 0.05130795016884804], "cam_t_m2c": [464.4504089355469, 4.111178398132324, 496.0924377441406], "obj_id": 2}, {"cam_R_m2c": [-0.1090126782655716, 0.43250763416290283, 0.8950158357620239, 0.9212433695793152, 0.3821753263473511, -0.07247528433799744, -0.3733990788459778, 0.8166267275810242, -0.44010674953460693], "cam_t_m2c": [404.184814453125, 18.896106719970703, 412.0154724121094], "obj_id": 3}],
  "5": [{"cam_R_m2c": [-0.25648990273475647, -0.9643678069114685, 0.06486546248197556, -0.31980445981025696, 0.021343864500522614, -0.9472430944442749, 0.9121062755584717, -0.2637026309967041, -0.31388354301452637], "cam_t_m2c": [-7.087895393371582, -39.55480194091797, 546.696533203125], "obj_id": 1}, {"cam_R_m2c": [-0.25648990273475647, -0.9643678069114685, 0.06486546248197556, -0.31980445981025696, 0.021343864500522614, -0.9472430944442749, 0.9121062755584717, -0.2637026309967041, -0.31388354301452637], "cam_t_m2c": [-7.087895393371582, -39.55480194091797, 546.696533203125], "obj_id": 2}, {"cam_R_m2c": [-0.25648990273475647, -0.9643678069114685, 0.06486546248197556, -0.31980445981025696, 0.021343864500522614, -0.9472430944442749, 0.9121062755584717, -0.2637026309967041, -0.31388354301452637], "cam_t_m2c": [-7.087895393371582, -39.55480194091797, 546.696533203125], "obj_id": 0}, {"cam_R_m2c": [-0.25648990273475647, -0.9643678069114685, 0.06486546248197556, -0.31980445981025696, 0.021343864500522614, -0.9472430944442749, 0.9121062755584717, -0.2637026309967041, -0.31388354301452637], "cam_t_m2c": [-7.087895393371582, -39.55480194091797, 546.696533203125], "obj_id": 0}, {"cam_R_m2c": [-0.25648990273475647, -0.9643678069114685, 0.06486546248197556, -0.31980445981025696, 0.021343864500522614, -0.9472430944442749, 0.9121062755584717, -0.2637026309967041, -0.31388354301452637], "cam_t_m2c": [-7.087895393371582, -39.55480194091797, 546.696533203125], "obj_id": 0}, {"cam_R_m2c": [-0.25648990273475647, -0.9643678069114685, 0.06486546248197556, -0.31980445981025696, 0.021343864500522614, -0.9472430944442749, 0.9121062755584717, -0.2637026309967041, -0.31388354301452637], "cam_t_m2c": [-7.087895393371582, -39.55480194091797, 546.696533203125], "obj_id": 1}, {"cam_R_m2c": [-0.25648990273475647, -0.9643678069114685, 0.06486546248197556, -0.31980445981025696, 0.021343864500522614, -0.9472430944442749, 0.9121062755584717, -0.2637026309967041, -0.31388354301452637], "cam_t_m2c": [-7.087895393371582, -39.55480194091797, 546.696533203125], "obj_id": 1}, {"cam_R_m2c": [-0.25648990273475647, -0.9643678069114685, 0.06486546248197556, -0.31980445981025696, 0.021343864500522614, -0.9472430944442749, 0.9121062755584717, -0.2637026309967041, -0.31388354301452637], "cam_t_m2c": [-7.087895393371582, -39.55480194091797, 546.696533203125], "obj_id": 2}, {"cam_R_m2c": [-0.25648990273475647, -0.9643678069114685, 0.06486546248197556, -0.31980445981025696, 0.021343864500522614, -0.9472430944442749, 0.9121062755584717, -0.2637026309967041, -0.31388354301452637], "cam_t_m2c": [-7.087895393371582, -39.55480194091797, 546.696533203125], "obj_id": 3}, {"cam_R_m2c": [-0.25648990273475647, -0.9643678069114685, 0.06486546248197556, -0.31980445981025696, 0.021343864500522614, -0.9472430944442749, 0.9121062755584717, -0.2637026309967041, -0.31388354301452637], "cam_t_m2c": [-7.087895393371582, -39.55480194091797, 546.696533203125], "obj_id": 3}, {"cam_R_m2c": [-0.25648990273475647, -0.9643678069114685, 0.06486546248197556, -0.31980445981025696, 0.021343864500522614, -0.9472430944442749, 0.9121062755584717, -0.2637026309967041, -0.31388354301452637], "cam_t_m2c": [-7.087895393371582, -39.55480194091797, 546.696533203125], "obj_id": 1}, {"cam_R_m2c": [-0.25648990273475647, -0.9643678069114685, 0.06486546248197556, -0.31980445981025696, 0.021343864500522614, -0.9472430944442749, 0.9121062755584717, -0.2637026309967041, -0.31388354301452637], "cam_t_m2c": [-7.087895393371582, -39.55480194091797, 546.696533203125], "obj_id": 2}, {"cam_R_m2c": [-0.8306561708450317, 0.11302109062671661, 0.5451940894126892, 0.5563504099845886, 0.12976820766925812, 0.8207523822784424, 0.022013474255800247, 0.9850819706916809, -0.17067208886146545], "cam_t_m2c": [-34.281761169433594, -61.778438568115234, 523.0984497070312], "obj_id": 1}, {"cam_R_m2c": [-0.6130477786064148, 0.6036674976348877, -0.5096645355224609, 0.34266260266304016, 0.7844386696815491, 0.5169509649276733, 0.711867094039917, 0.14227266609668732, -0.6877526640892029], "cam_t_m2c": [17.184511184692383, -12.566767692565918, 376.1810302734375], "obj_id": 3}, {"cam_R_m2c": [-0.8268803358078003, 0.5623586177825928, -0.004639170598238707, 0.5623584389686584, 0.8268922567367554, 0.0014676169957965612, 0.004661421291530132, -0.0013953330926597118, -0.9999880194664001], "cam_t_m2c": [-75.49333190917969, -62.00196838378906, 530.4166870117188], "obj_id": 4}],
  "6": [{"cam_R_m2c": [-0.25648990273475647, -0.9643678069114685, 0.06486546248197556, -0.31980445981025696, 0.021343864500522614, -0.9472430944442749, 0.9121062755584717, -0.2637026309967041, -0.31388354301452637], "cam_t_m2c": [-7.087895393371582, -39.55480194091797, 546.696533203125], "obj_id": 1}, {"cam_R_m2c": [-0.25648990273475647, -0.9643678069114685, 0.06486546248197556, -0.31980445981025696, 0.021343864500522614, -0.9472430944442749, 0.9121062755584717, -0.2637026309967041, -0.31388354301452637], "cam_t_m2c": [-7.087895393371582, -39.55480194091797, 546.696533203125], "obj_id": 2}, {"cam_R_m2c": [-0.25648990273475647, -0.9643678069114685, 0.06486546248197556, -0.31980445981025696, 0.021343864500522614, -0.9472430944442749, 0.9121062755584717, -0.2637026309967041, -0.31388354301452637], "cam_t_m2c": [-7.087895393371582, -39.55480194091797, 546.696533203125], "obj_id": 0}, {"cam_R_m2c": [-0.25648990273475647, -0.9643678069114685, 0.06486546248197556, -0.31980445981025696, 0.021343864500522614, -0.9472430944442749, 0.9121062755584717, -0.2637026309967041, -0.31388354301452637], "cam_t_m2c": [-7.087895393371582, -39.55480194091797, 546.696533203125], "obj_id": 0}, {"cam_R_m2c": [-0.25648990273475647, -0.9643678069114685, 0.06486546248197556, -0.31980445981025696, 0.021343864500522614, -0.9472430944442749, 0.9121062755584717, -0.2637026309967041, -0.31388354301452637], "cam_t_m2c": [-7.087895393371582, -39.55480194091797, 546.696533203125], "obj_id": 0}, {"cam_R_m2c": [-0.25648990273475647, -0.9643678069114685, 0.06486546248197556, -0.31980445981025696, 0.021343864500522614, -0.9472430944442749, 0.9121062755584717, -0.2637026309967041, -0.31388354301452637], "cam_t_m2c": [-7.087895393371582, -39.55480194091797, 546.696533203125], "obj_id": 1}, {"cam_R_m2c": [-0.25648990273475647, -0.9643678069114685, 0.06486546248197556, -0.31980445981025696, 0.021343864500522614, -0.9472430944442749, 0.9121062755584717, -0.2637026309967041, -0.31388354301452637], "cam_t_m2c": [-7.087895393371582, -39.55480194091797, 546.696533203125], "obj_id": 1}, {"cam_R_m2c": [-0.25648990273475647, -0.9643678069114685, 0.06486546248197556, -0.31980445981025696, 0.021343864500522614, -0.9472430944442749, 0.9121062755584717, -0.2637026309967041, -0.31388354301452637], "cam_t_m2c": [-7.087895393371582, -39.55480194091797, 546.696533203125], "obj_id": 2}, {"cam_R_m2c": [-0.25648990273475647, -0.9643678069114685, 0.06486546248197556, -0.31980445981025696, 0.021343864500522614, -0.9472430944442749, 0.9121062755584717, -0.2637026309967041, -0.31388354301452637], "cam_t_m2c": [-7.087895393371582, -39.55480194091797, 546.696533203125], "obj_id": 3}, {"cam_R_m2c": [-0.25648990273475647, -0.9643678069114685, 0.06486546248197556, -0.31980445981025696, 0.021343864500522614, -0.9472430944442749, 0.9121062755584717, -0.2637026309967041, -0.31388354301452637], "cam_t_m2c": [-7.087895393371582, -39.55480194091797, 546.696533203125], "obj_id": 3}, {"cam_R_m2c": [-0.25648990273475647, -0.9643678069114685, 0.06486546248197556, -0.31980445981025696, 0.021343864500522614, -0.9472430944442749, 0.9121062755584717, -0.2637026309967041, -0.31388354301452637], "cam_t_m2c": [-7.087895393371582, -39.55480194091797, 546.696533203125], "obj_id": 1}, {"cam_R_m2c": [-0.25648990273475647, -0.9643678069114685, 0.06486546248197556, -0.31980445981025696, 0.021343864500522614, -0.9472430944442749, 0.9121062755584717, -0.2637026309967041, -0.31388354301452637], "cam_t_m2c": [-7.087895393371582, -39.55480194091797, 546.696533203125], "obj_id": 2}, {"cam_R_m2c": [-0.8306561708450317, 0.11302109062671661, 0.5451940894126892, 0.5563504099845886, 0.12976820766925812, 0.8207523822784424, 0.022013474255800247, 0.9850819706916809, -0.17067208886146545], "cam_t_m2c": [-34.281761169433594, -61.778438568115234, 523.0984497070312], "obj_id": 1}, {"cam_R_m2c": [-0.6130477786064148, 0.6036674976348877, -0.5096645355224609, 0.34266260266304016, 0.7844386696815491, 0.5169509649276733, 0.711867094039917, 0.14227266609668732, -0.6877526640892029], "cam_t_m2c": [17.184511184692383, -12.566767692565918, 376.1810302734375], "obj_id": 3}, {"cam_R_m2c": [-0.8268803358078003, 0.5623586177825928, -0.004639170598238707, 0.5623584389686584, 0.8268922567367554, 0.0014676169957965612, 0.004661421291530132, -0.0013953330926597118, -0.9999880194664001], "cam_t_m2c": [-75.49333190917969, -62.00196838378906, 530.4166870117188], "obj_id": 4}],
  "7": [{"cam_R_m2c": [0.9946272969245911, -0.0624341182410717, -0.08257416635751724, -0.10308977961540222, -0.6700672507286072, -0.7351069450378418, -0.00943449791520834, 0.7396699786186218, -0.6729034781455994], "cam_t_m2c": [149.42251586914062, 13.719162940979004, 441.34832763671875], "obj_id": 1}, {"cam_R_m2c": [0.9946272969245911, -0.0624341182410717, -0.08257416635751724, -0.10308977961540222, -0.6700672507286072, -0.7351069450378418, -0.00943449791520834, 0.7396699786186218, -0.6729034781455994], "cam_t_m2c": [149.42251586914062, 13.719162940979004, 441.34832763671875], "obj_id": 2}, {"cam_R_m2c": [0.9946272969245911, -0.0624341182410717, -0.08257416635751724, -0.10308977961540222, -0.6700672507286072, -0.7351069450378418, -0.00943449791520834, 0.7396699786186218, -0.6729034781455994], "cam_t_m2c": [149.42251586914062, 13.719162940979004, 441.34832763671875], "obj_id": 0}, {"cam_R_m2c": [0.9946272969245911, -0.0624341182410717, -0.08257416635751724, -0.10308977961540222, -0.6700672507286072, -0.7351069450378418, -0.00943449791520834, 0.7396699786186218, -0.6729034781455994], "cam_t_m2c": [149.42251586914062, 13.719162940979004, 441.34832763671875], "obj_id": 0}, {"cam_R_m2c": [0.9946272969245911, -0.0624341182410717, -0.08257416635751724, -0.10308977961540222, -0.6700672507286072, -0.7351069450378418, -0.00943449791520834, 0.7396699786186218, -0.6729034781455994], "cam_t_m2c": [149.42251586914062, 13.719162940979004, 441.34832763671875], "obj_id": 0}, {"cam_R_m2c": [0.9946272969245911, -0.0624341182410717, -0.08257416635751724, -0.10308977961540222, -0.6700672507286072, -0.7351069450378418, -0.00943449791520834, 0.7396699786186218, -0.6729034781455994], "cam_t_m2c": [149.42251586914062, 13.719162940979004, 441.34832763671875], "obj_id": 1}, {"cam_R_m2c": [0.9946272969245911, -0.0624341182410717, -0.08257416635751724, -0.10308977961540222, -0.6700672507286072, -0.7351069450378418, -0.00943449791520834, 0.7396699786186218, -0.6729034781455994], "cam_t_m2c": [149.42251586914062, 13.719162940979004, 441.34832763671875], "obj_id": 1}, {"cam_R_m2c": [0.9946272969245911, -0.0624341182410717, -0.08257416635751724, -0.10308977961540222, -0.6700672507286072, -0.7351069450378418, -0.00943449791520834, 0.7396699786186218, -0.6729034781455994], "cam_t_m2c": [149.42251586914062, 13.719162940979004, 441.34832763671875], "obj_id": 2}, {"cam_R_m2c": [0.9946272969245911, -0.0624341182410717, -0.08257416635751724, -0.10308977961540222, -0.6700672507286072, -0.7351069450378418, -0.00943449791520834, 0.7396699786186218, -0.6729034781455994], "cam_t_m2c": [149.42251586914062, 13.719162940979004, 441.34832763671875], "obj_id": 3}, {"cam_R_m2c": [0.9946272969245911, -0.0624341182410717, -0.08257416635751724, -0.10308977961540222, -0.6700672507286072, -0.7351069450378418, -0.00943449791520834, 0.7396699786186218, -0.6729034781455994], "cam_t_m2c": [149.42251586914062, 13.719162940979004, 441.34832763671875], "obj_id": 3}, {"cam_R_m2c": [0.9946272969245911, -0.0624341182410717, -0.08257416635751724, -0.10308977961540222, -0.6700672507286072, -0.7351069450378418, -0.00943449791520834, 0.7396699786186218, -0.6729034781455994], "cam_t_m2c": [149.42251586914062, 13.719162940979004, 441.34832763671875], "obj_id": 1}, {"cam_R_m2c": [0.9946272969245911, -0.0624341182410717, -0.08257416635751724, -0.10308977961540222, -0.6700672507286072, -0.7351069450378418, -0.00943449791520834, 0.7396699786186218, -0.6729034781455994], "cam_t_m2c": [149.42251586914062, 13.719162940979004, 441.34832763671875], "obj_id": 2}, {"cam_R_m2c": [0.05305774137377739, 0.8814887404441833, -0.4692144989967346, -0.11443348228931427, 0.47214820981025696, 0.8740599751472473, 0.9920129179954529, 0.00731832766905427, 0.1259230375289917], "cam_t_m2c": [137.8202362060547, -26.56117820739746, 447.1056213378906], "obj_id": 1}, {"cam_R_m2c": [0.716098427772522, -0.17499662935733795, -0.6757065057754517, 0.08498149365186691, 0.9827184677124023, -0.16444611549377441, 0.6928067803382874, 0.06033705919981003, 0.7185946106910706], "cam_t_m2c": [-23.867355346679688, -5.256453514099121, 439.4552001953125], "obj_id": 3}, {"cam_R_m2c": [0.034374989569187164, -0.3133894205093384, -0.9490023255348206, -0.11321622878313065, 0.9422298669815063, -0.315253883600235, 0.9929755330085754, 0.11827930808067322, -0.0030916265677660704], "cam_t_m2c": [153.07640075683594, -50.18259048461914, 478.110107421875], "obj_id": 4}],
  "8": [{"cam_R_m2c": [0.9946272969245911, -0.0624341182410717, -0.08257416635751724, -0.10308977961540222, -0.6700672507286072, -0.7351069450378418, -0.00943449791520834, 0.7396699786186218, -0.6729034781455994], "cam_t_m2c": [149.42251586914062, 13.719162940979004, 441.34832763671875], "obj_id": 1}, {"cam_R_m2c": [0.9946272969245911, -0.0624341182410717, -0.08257416635751724, -0.10308977961540222, -0.6700672507286072, -0.7351069450378418, -0.00943449791520834, 0.7396699786186218, -0.6729034781455994], "cam_t_m2c": [149.42251586914062, 13.719162940979004, 441.34832763671875], "obj_id": 2}, {"cam_R_m2c": [0.9946272969245911, -0.0624341182410717, -0.08257416635751724, -0.10308977961540222, -0.6700672507286072, -0.7351069450378418, -0.00943449791520834, 0.7396699786186218, -0.6729034781455994], "cam_t_m2c": [149.42251586914062, 13.719162940979004, 441.34832763671875], "obj_id": 0}, {"cam_R_m2c": [0.9946272969245911, -0.0624341182410717, -0.08257416635751724, -0.10308977961540222, -0.6700672507286072, -0.7351069450378418, -0.00943449791520834, 0.7396699786186218, -0.6729034781455994], "cam_t_m2c": [149.42251586914062, 13.719162940979004, 441.34832763671875], "obj_id": 0}, {"cam_R_m2c": [0.9946272969245911, -0.0624341182410717, -0.08257416635751724, -0.10308977961540222, -0.6700672507286072, -0.7351069450378418, -0.00943449791520834, 0.7396699786186218, -0.6729034781455994], "cam_t_m2c": [149.42251586914062, 13.719162940979004, 441.34832763671875], "obj_id": 0}, {"cam_R_m2c": [0.9946272969245911, -0.0624341182410717, -0.08257416635751724, -0.10308977961540222, -0.6700672507286072, -0.7351069450378418, -0.00943449791520834, 0.7396699786186218, -0.6729034781455994], "cam_t_m2c": [149.42251586914062, 13.719162940979004, 441.34832763671875], "obj_id": 1}, {"cam_R_m2c": [0.9946272969245911, -0.0624341182410717, -0.08257416635751724, -0.10308977961540222, -0.6700672507286072, -0.7351069450378418, -0.00943449791520834, 0.7396699786186218, -0.6729034781455994], "cam_t_m2c": [149.42251586914062, 13.719162940979004, 441.34832763671875], "obj_id": 1}, {"cam_R_m2c": [0.9946272969245911, -0.0624341182410717, -0.08257416635751724, -0.10308977961540222, -0.6700672507286072, -0.7351069450378418, -0.00943449791520834, 0.7396699786186218, -0.6729034781455994], "cam_t_m2c": [149.42251586914062, 13.719162940979004, 441.34832763671875], "obj_id": 2}, {"cam_R_m2c": [0.9946272969245911, -0.0624341182410717, -0.08257416635751724, -0.10308977961540222, -0.6700672507286072, -0.7351069450378418, -0.00943449791520834, 0.7396699786186218, -0.6729034781455994], "cam_t_m2c": [149.42251586914062, 13.719162940979004, 441.34832763671875], "obj_id": 3}, {"cam_R_m2c": [0.9946272969245911, -0.0624341182410717, -0.08257416635751724, -0.10308977961540222, -0.6700672507286072, -0.7351069450378418, -0.00943449791520834, 0.7396699786186218, -0.6729034781455994], "cam_t_m2c": [149.42251586914062, 13.719162940979004, 441.34832763671875], "obj_id": 3}, {"cam_R_m2c": [0.9946272969245911, -0.0624341182410717, -0.08257416635751724, -0.10308977961540222, -0.6700672507286072, -0.7351069450378418, -0.00943449791520834, 0.7396699786186218, -0.6729034781455994], "cam_t_m2c": [149.42251586914062, 13.719162940979004, 441.34832763671875], "obj_id": 1}, {"cam_R_m2c": [0.9946272969245911, -0.0624341182410717, -0.08257416635751724, -0.10308977961540222, -0.6700672507286072, -0.7351069450378418, -0.00943449791520834, 0.7396699786186218, -0.6729034781455994], "cam_t_m2c": [149.42251586914062, 13.719162940979004, 441.34832763671875], "obj_id": 2}, {"cam_R_m2c": [0.05305774137377739, 0.8814887404441833, -0.4692144989967346, -0.11443348228931427, 0.47214820981025696, 0.8740599751472473, 0.9920129179954529, 0.00731832766905427, 0.1259230375289917], "cam_t_m2c": [137.8202362060547, -26.56117820739746, 447.1056213378906], "obj_id": 1}, {"cam_R_m2c": [0.716098427772522, -0.17499662935733795, -0.6757065057754517, 0.08498149365186691, 0.9827184677124023, -0.16444611549377441, 0.6928067803382874, 0.06033705919981003, 0.7185946106910706], "cam_t_m2c": [-23.867355346679688, -5.256453514099121, 439.4552001953125], "obj_id": 3}, {"cam_R_m2c": [0.034374989569187164, -0.3133894205093384, -0.9490023255348206, -0.11321622878313065, 0.9422298669815063, -0.315253883600235, 0.9929755330085754, 0.11827930808067322, -0.0030916265677660704], "cam_t_m2c": [153.07640075683594, -50.18259048461914, 478.110107421875], "obj_id": 4}],
