{
  "0": [{"cam_R_m2c": [-0.583223819732666, -0.7472145557403564, 0.31862232089042664, 0.7621806263923645, -0.639037549495697, -0.10349630564451218, 0.2809455990791321, 0.18248625099658966, 0.9422146081924438], "cam_t_m2c": [214.78749084472656, 41.5875244140625, 834.7854614257812], "obj_id": 1}, {"cam_R_m2c": [-0.828835129737854, 0.39085233211517334, -0.4003334045410156, 0.3376486301422119, -0.2211143970489502, -0.9149327278137207, -0.44612306356430054, -0.8935003876686096, 0.051296576857566833], "cam_t_m2c": [-147.17135620117188, -235.61807250976562, 815.9563598632812], "obj_id": 0}, {"cam_R_m2c": [-0.5967376828193665, -0.33114784955978394, 0.7309206128120422, -0.6250706315040588, 0.7630086541175842, -0.1646343469619751, -0.5031804442405701, -0.555120587348938, -0.6623067855834961], "cam_t_m2c": [-26.99418067932129, 95.39231872558594, 869.2946166992188], "obj_id": 1}, {"cam_R_m2c": [-0.8116188049316406, 0.41467905044555664, 0.4114801287651062, -0.28241848945617676, 0.33806657791137695, -0.8977475166320801, -0.5113847851753235, -0.844838559627533, -0.15726803243160248], "cam_t_m2c": [-67.55638122558594, -138.5785369873047, 792.4738159179688], "obj_id": 1}],
  "1": [{"cam_R_m2c": [-0.04750419035553932, 0.9631852507591248, 0.2646079361438751, -0.30960336327552795, -0.2660588324069977, 0.9128845930099487, 0.949678361415863, -0.03855760768055916, 0.31084439158439636], "cam_t_m2c": [-226.86558532714844, 17.771467208862305, 670.6102294921875], "obj_id": 1}, {"cam_R_m2c": [0.09068991243839264, -0.45524683594703674, 0.885734498500824, -0.9329458475112915, -0.3499925136566162, -0.08436410874128342, 0.34840694069862366, -0.8186913728713989, -0.45646142959594727], "cam_t_m2c": [173.67955017089844, -193.90245056152344, 615.921630859375], "obj_id": 0}, {"cam_R_m2c": [0.579940915107727, -0.5454922318458557, -0.6050675511360168, -0.6642783880233765, -0.746598482131958, 0.036395277827978134, -0.4715959429740906, 0.3808262050151825, -0.7953416705131531], "cam_t_m2c": [-102.2452163696289, -127.67951202392578, 831.35546875], "obj_id": 1}, {"cam_R_m2c": [0.4744473397731781, -0.8294325470924377, 0.2948583662509918, -0.869217038154602, -0.3884732723236084, 0.3058602809906006, -0.1391458958387375, -0.4014104902744293, -0.9052670001983643], "cam_t_m2c": [49.68524932861328, -173.01292419433594, 638.6756591796875], "obj_id": 1}]
}