{
  "0": [{"cam_R_m2c": [-0.9375001788139343, -0.34760725498199463, -0.016204768791794777, 0.016996586695313454, -0.09225242584943771, 0.9955905675888062, -0.34756943583488464, 0.9330909252166748, 0.09239483624696732], "cam_t_m2c": [217.63450622558594, 97.40808868408203, 942.58154296875], "obj_id": 1}, {"cam_R_m2c": [0.5223312973976135, 0.08568563312292099, -0.8484266996383667, 0.8458999991416931, -0.17785201966762543, 0.5028136968612671, -0.1078105941414833, -0.9803194999694824, -0.1653790920972824], "cam_t_m2c": [-18.616539001464844, 16.690750122070312, 655.3868408203125], "obj_id": 1}, {"cam_R_m2c": [-0.7115492820739746, 0.28606635332107544, 0.6417660713195801, -0.23890498280525208, 0.7604513168334961, -0.6038527488708496, -0.6607738137245178, -0.5829920768737793, -0.47275590896606445], "cam_t_m2c": [346.32806396484375, 175.2644500732422, 908.483154296875], "obj_id": 0}],
  "1": [{"cam_R_m2c": [-0.9543867111206055, -0.2969573438167572, -0.03102431260049343, 0.21087729930877686, -0.7439778447151184, 0.6340566873550415, -0.21136917173862457, 0.5985929369926453, 0.772663950920105], "cam_t_m2c": [221.9459228515625, -8.916231155395508, 1008.3336791992188], "obj_id": 1}, {"cam_R_m2c": [0.49927324056625366, 0.03831782191991806, -0.8655968308448792, 0.6979514956474304, 0.5741821527481079, 0.4279935359954834, 0.5134100317955017, -0.8178303837776184, 0.2599298357963562], "cam_t_m2c": [-27.21646499633789, 125.87313079833984, 754.1019897460938], "obj_id": 1}, {"cam_R_m2c": [-0.7399495840072632, 0.2404596209526062, 0.6282147169113159, 0.2643316984176636, 0.9627366065979004, -0.05715744197368622, -0.6185493469238281, 0.12376342713832855, -0.7759376764297485], "cam_t_m2c": [347.1403503417969, 76.55142211914062, 1036.5118408203125], "obj_id": 0}]
}