{
  "0": [{"cam_R_m2c": [0.9104448556900024, -0.16825510561466217, 0.37786296010017395, 0.28609663248062134, 0.9159194827079773, -0.28149640560150146, -0.2987288236618042, 0.3643922805786133, 0.8820313811302185], "cam_t_m2c": [-12.182665824890137, 104.52362823486328, 1424.8558349609375], "obj_id": 3}, {"cam_R_m2c": [0.17125172913074493, -0.2670089304447174, 0.9483559727668762, -0.24236370623111725, -0.9444133639335632, -0.22213344275951385, 0.9549516439437866, -0.19180633127689362, -0.22644568979740143], "cam_t_m2c": [-271.3265686035156, -42.10915756225586, 1396.0142822265625], "obj_id": 3}, {"cam_R_m2c": [0.6613010764122009, 0.25071319937705994, -0.7069821357727051, 0.7403388619422913, -0.0664352998137474, 0.6689428687095642, 0.12074420601129532, -0.9657790064811707, -0.229546457529068], "cam_t_m2c": [-260.9532775878906, 54.62092208862305, 1210.2900390625], "obj_id": 3}, {"cam_R_m2c": [-0.5507813692092896, -0.22117210924625397, 0.8048123121261597, -0.21497298777103424, -0.8941287994384766, -0.3928362727165222, 0.8064902424812317, -0.3893797993659973, 0.44492343068122864], "cam_t_m2c": [-251.4538116455078, -47.68601989746094, 1451.7252197265625], "obj_id": 3}, {"cam_R_m2c": [-0.45277920365333557, 0.23100164532661438, -0.8611789345741272, -0.2908850312232971, -0.9512802958488464, -0.1022326797246933, -0.8428385257720947, 0.20421521365642548, 0.49791496992111206], "cam_t_m2c": [-202.2174072265625, 5.949830532073975, 1577.8026123046875], "obj_id": 3}, {"cam_R_m2c": [-0.0891021266579628, 0.4073387384414673, -0.908920168876648, 0.06846566498279572, -0.9078865051269531, -0.4135872721672058, -0.9936665296554565, -0.09908134490251541, 0.053005971014499664], "cam_t_m2c": [-109.70111846923828, 238.9112091064453, 1467.2198486328125], "obj_id": 3}, {"cam_R_m2c": [0.19753074645996094, 0.8081456422805786, 0.5548712015151978, 0.9783081412315369, -0.12647764384746552, -0.1640622913837433, -0.06240738555788994, 0.5752424001693726, -0.815598726272583], "cam_t_m2c": [-46.149391174316406, 273.1837463378906, 1371.4949951171875], "obj_id": 3}, {"cam_R_m2c": [-0.23980124294757843, 0.32373303174972534, -0.9152552485466003, 0.9019370079040527, 0.423082560300827, -0.08666424453258514, 0.35917240381240845, -0.846284806728363, -0.3934425115585327], "cam_t_m2c": [10.1549654006958, 140.82623291015625, 1421.7144775390625], "obj_id": 3}, {"cam_R_m2c": [-0.6750528216362, 0.6896671652793884, 0.2620357573032379, 0.04925740882754326, -0.31224891543388367, 0.9487224221229553, 0.7361231446266174, 0.6533450484275818, 0.17681336402893066], "cam_t_m2c": [-273.2859802246094, -116.44058990478516, 1407.6986083984375], "obj_id": 3}, {"cam_R_m2c": [-0.5568779706954956, -0.8278968334197998, 0.06688437610864639, -0.4336930215358734, 0.22115154564380646, -0.8734999895095825, 0.708376407623291, -0.5154402852058411, -0.48220741748809814], "cam_t_m2c": [-259.0628662109375, 24.819087982177734, 1378.359375], "obj_id": 3}, {"cam_R_m2c": [-0.9040976762771606, 0.13236674666404724, -0.40630820393562317, 0.012556280009448528, -0.9421766996383667, -0.3348811864852905, -0.4271412491798401, -0.30786705017089844, 0.8501577973365784], "cam_t_m2c": [-251.50396728515625, 273.8114013671875, 1238.3094482421875], "obj_id": 3}, {"cam_R_m2c": [0.39825373888015747, 0.9171900153160095, 0.012506158091127872, 0.7911452651023865, -0.3365602195262909, -0.5107018947601318, -0.4642016291618347, 0.21328313648700714, -0.8596669435501099], "cam_t_m2c": [-124.69717407226562, 231.0952911376953, 1408.985107421875], "obj_id": 3}, {"cam_R_m2c": [0.5522345900535583, 0.7786757349967957, 0.29782727360725403, 0.13794934749603271, -0.43766355514526367, 0.8884934186935425, 0.8221964240074158, -0.44957175850868225, -0.34911075234413147], "cam_t_m2c": [58.595088958740234, 263.71075439453125, 1388.6982421875], "obj_id": 3}, {"cam_R_m2c": [-0.6319292187690735, 0.5156388282775879, -0.5786034464836121, 0.762298583984375, 0.5482714772224426, -0.3439466059207916, 0.1398795247077942, -0.6584185361862183, -0.7395395040512085], "cam_t_m2c": [110.35309600830078, 209.5127716064453, 1411.5814208984375], "obj_id": 3}, {"cam_R_m2c": [0.8634200692176819, -0.3555702865123749, 0.3578764498233795, -0.3665328621864319, 0.045289311558008194, 0.9293022155761719, -0.3466402292251587, -0.9335516691207886, -0.09122449904680252], "cam_t_m2c": [-192.9622802734375, 267.2813720703125, 1313.11767578125], "obj_id": 3}, {"cam_R_m2c": [-0.15811610221862793, -0.7334758043289185, 0.6610691547393799, -0.27116236090660095, -0.6114972829818726, -0.7433316707611084, 0.9494578242301941, -0.29678982496261597, -0.10220341384410858], "cam_t_m2c": [-251.56092834472656, 261.29693603515625, 1462.2408447265625], "obj_id": 3}, {"cam_R_m2c": [0.4351031482219696, 0.8606932163238525, 0.2643716037273407, -0.17626751959323883, -0.20651482045650482, 0.9624350666999817, 0.8829580545425415, -0.4653586447238922, 0.06185705214738846], "cam_t_m2c": [-181.22976684570312, -56.579002380371094, 1249.654296875], "obj_id": 3}, {"cam_R_m2c": [-0.9330905079841614, -0.35264310240745544, -0.07060246169567108, -0.32667943835258484, 0.9131795167922974, -0.2436876893043518, 0.15040750801563263, -0.2043183296918869, -0.967280387878418], "cam_t_m2c": [-14.336642265319824, 209.07984924316406, 1325.366455078125], "obj_id": 3}, {"cam_R_m2c": [0.2578386664390564, -0.6210094690322876, 0.7401800155639648, -0.9034714698791504, 0.11654391884803772, 0.41250067949295044, -0.3424302935600281, -0.7750901579856873, -0.5310148000717163], "cam_t_m2c": [-306.4739074707031, -78.09706115722656, 1263.9617919921875], "obj_id": 3}, {"cam_R_m2c": [-0.945560872554779, -0.05768563598394394, -0.32029223442077637, 0.28566116094589233, -0.6186378598213196, -0.7319050431251526, -0.1559244841337204, -0.7835557460784912, 0.6014382243156433], "cam_t_m2c": [-44.597957611083984, -45.03720474243164, 1169.838623046875], "obj_id": 3}, {"cam_R_m2c": [-0.7169279456138611, 0.39498552680015564, -0.5744566917419434, 0.6963059306144714, 0.3652364909648895, -0.6178675293922424, -0.034236256033182144, -0.8429641723632812, -0.5368788838386536], "cam_t_m2c": [-206.3634796142578, -129.6361541748047, 1527.2764892578125], "obj_id": 3}, {"cam_R_m2c": [-0.6901150345802307, 0.6449769735336304, 0.3282470405101776, -0.28235384821891785, 0.17766061425209045, -0.9427158236503601, -0.666346549987793, -0.7432640790939331, 0.05950537696480751], "cam_t_m2c": [-114.7970199584961, 93.41874694824219, 1177.3868408203125], "obj_id": 3}, {"cam_R_m2c": [-0.4387984871864319, 0.7212835550308228, 0.5359158515930176, -0.6429429650306702, -0.6686629056930542, 0.3735159635543823, 0.6277580261230469, -0.18066509068012238, 0.7571525573730469], "cam_t_m2c": [-22.624446868896484, 296.84844970703125, 1353.4080810546875], "obj_id": 3}, {"cam_R_m2c": [-0.5796948075294495, -0.7506122589111328, 0.317072331905365, -0.7004014253616333, 0.6578665375709534, 0.2768562436103821, -0.4164029657840729, -0.061585765331983566, -0.9070917367935181], "cam_t_m2c": [-47.06744384765625, 278.9239501953125, 1440.911376953125], "obj_id": 3}, {"cam_R_m2c": [-0.425716757774353, -0.30271321535110474, 0.8527191877365112, -0.24182230234146118, 0.9461655020713806, 0.215157613158226, -0.8719445466995239, -0.11461032927036285, -0.4760013222694397], "cam_t_m2c": [-1.23006272315979, 236.36892700195312, 1353.35546875], "obj_id": 3}, {"cam_R_m2c": [-0.47795242071151733, 0.38589268922805786, 0.7890806198120117, -0.49282389879226685, 0.625810444355011, -0.6045542359352112, -0.7271080017089844, -0.6778259873390198, -0.10893046855926514], "cam_t_m2c": [-71.86274719238281, -113.78081512451172, 1446.463623046875], "obj_id": 3}, {"cam_R_m2c": [-0.806010901927948, 0.2765231728553772, 0.5233365297317505, -0.5299236178398132, -0.7310001850128174, -0.4299063980579376, 0.2636800706386566, -0.6238377094268799, 0.7357304692268372], "cam_t_m2c": [-62.50142288208008, 111.31532287597656, 1231.6224365234375], "obj_id": 3}, {"cam_R_m2c": [-0.8749166131019592, 0.4425753355026245, -0.19658991694450378, 0.070603147149086, -0.2850379943847656, -0.9559122323989868, -0.4790988564491272, -0.8502236008644104, 0.21813751757144928], "cam_t_m2c": [-254.6761016845703, -23.627477645874023, 1141.6231689453125], "obj_id": 3}, {"cam_R_m2c": [0.24589769542217255, 0.4892750382423401, 0.8367462158203125, -0.6464757919311523, -0.5604236721992493, 0.5176817178726196, 0.7222211360931396, -0.6682329177856445, 0.1784975826740265], "cam_t_m2c": [-240.66001892089844, 319.4388122558594, 1201.9234619140625], "obj_id": 1}, {"cam_R_m2c": [0.2208239883184433, -0.09381946176290512, -0.9707907438278198, 0.6035847663879395, -0.7687109708786011, 0.21158631145954132, -0.7661084532737732, -0.6326778531074524, -0.11312178522348404], "cam_t_m2c": [-163.87733459472656, 9.011871337890625, 1503.2176513671875], "obj_id": 1}, {"cam_R_m2c": [-0.41367307305336, -0.19422371685504913, 0.8894669413566589, 0.9098947644233704, -0.12154819071292877, 0.39663252234458923, 0.031077753752470016, 0.9733976125717163, 0.22700455784797668], "cam_t_m2c": [29.471086502075195, 142.0746612548828, 1366.9486083984375], "obj_id": 1}, {"cam_R_m2c": [-0.030113013461232185, -0.9032977819442749, 0.42795559763908386, -0.956012487411499, 0.15100878477096558, 0.25146812200546265, -0.291775643825531, -0.40155842900276184, -0.8681113123893738], "cam_t_m2c": [-142.51332092285156, -107.28292083740234, 1500.77685546875], "obj_id": 1}, {"cam_R_m2c": [0.8521177172660828, 0.055230192840099335, 0.5204277634620667, -0.1451827585697174, 0.9803329110145569, 0.13367623090744019, -0.502809464931488, -0.18946503102779388, 0.8433775305747986], "cam_t_m2c": [-183.2085418701172, 328.3189697265625, 1198.809814453125], "obj_id": 1}, {"cam_R_m2c": [0.16220852732658386, -0.3979872465133667, -0.9029365181922913, -0.45112907886505127, -0.8437349200248718, 0.2908497452735901, -0.8775937557220459, 0.3601626753807068, -0.3164044916629791], "cam_t_m2c": [-95.81082916259766, 98.52924346923828, 1075.4306640625], "obj_id": 1}, {"cam_R_m2c": [0.39486169815063477, 0.9040054678916931, 0.16388466954231262, -0.10321132093667984, -0.1336030811071396, 0.9856456518173218, 0.9129247069358826, -0.40610837936401367, 0.040548957884311676], "cam_t_m2c": [-72.81159210205078, 325.34185791015625, 1201.8968505859375], "obj_id": 1}, {"cam_R_m2c": [-0.16057947278022766, 0.6493143439292908, -0.7433739900588989, -0.25579050183296204, 0.7000409960746765, 0.6667186617851257, 0.953302264213562, 0.2972094416618347, 0.05367627739906311], "cam_t_m2c": [-274.96539306640625, 28.446773529052734, 1387.0576171875], "obj_id": 1}, {"cam_R_m2c": [-0.6846980452537537, -0.2032981812953949, -0.6998988389968872, -0.6093395352363586, 0.6865461468696594, 0.3966858983039856, 0.39986732602119446, 0.6980860829353333, -0.5939544439315796], "cam_t_m2c": [-236.19900512695312, 8.298770904541016, 1265.6051025390625], "obj_id": 1}, {"cam_R_m2c": [-0.8660635948181152, -0.11803891509771347, 0.485799103975296, 0.03208218142390251, 0.9566012620925903, 0.2896287441253662, -0.4989034831523895, 0.2664223909378052, -0.8246905207633972], "cam_t_m2c": [-217.55255126953125, 301.08258056640625, 1178.125244140625], "obj_id": 1}, {"cam_R_m2c": [-0.6351087093353271, -0.7372100949287415, 0.23056083917617798, 0.5183212161064148, -0.6280595660209656, -0.5804174542427063, 0.5726954936981201, -0.24912355840206146, 0.780997633934021], "cam_t_m2c": [-5.43223762512207, 55.454429626464844, 1439.6768798828125], "obj_id": 1}, {"cam_R_m2c": [0.3259165287017822, 0.8388156890869141, 0.4360811114311218, 0.6116536259651184, 0.16463017463684082, -0.7738066911697388, -0.7208732962608337, 0.5189270377159119, -0.4594089686870575], "cam_t_m2c": [-228.7750244140625, 191.6011199951172, 1469.0308837890625], "obj_id": 1}, {"cam_R_m2c": [0.8776042461395264, -0.4764540195465088, -0.0529375821352005, 0.2348950207233429, 0.3311256766319275, 0.9138818979263306, -0.4178937077522278, -0.8144614100456238, 0.4025139808654785], "cam_t_m2c": [-93.1691665649414, 331.8518371582031, 1120.990234375], "obj_id": 1}, {"cam_R_m2c": [0.44692811369895935, 0.35297924280166626, -0.8219859004020691, 0.8877339959144592, -0.06162474676966667, 0.4562133252620697, 0.11037912219762802, -0.9335994124412537, -0.3408935070037842], "cam_t_m2c": [-279.8365783691406, -67.35346984863281, 1204.498291015625], "obj_id": 1}, {"cam_R_m2c": [-0.7231073975563049, 0.19755351543426514, -0.6618821024894714, 0.23149091005325317, -0.8335028290748596, -0.5016818642616272, -0.650789737701416, -0.5159896612167358, 0.5569804906845093], "cam_t_m2c": [-103.18846893310547, 261.77880859375, 1492.953125], "obj_id": 1}, {"cam_R_m2c": [-0.24738125503063202, 0.08617865294218063, -0.9650780558586121, 0.9645456075668335, 0.11642392724752426, -0.23684848845005035, 0.09194686263799667, -0.9894537329673767, -0.11192429810762405], "cam_t_m2c": [-165.69149780273438, 137.06964111328125, 1501.417236328125], "obj_id": 1}, {"cam_R_m2c": [-0.09367512911558151, 0.9064140319824219, 0.4118717908859253, 0.49276405572891235, 0.4016774892807007, -0.7719058990478516, -0.8651059865951538, 0.1306471824645996, -0.4842754304409027], "cam_t_m2c": [0.32422614097595215, 189.2478485107422, 1337.072509765625], "obj_id": 1}, {"cam_R_m2c": [0.37397509813308716, 0.9256769418716431, 0.05713752657175064, 0.008691788651049137, -0.0651031881570816, 0.9978405237197876, 0.9273979067802429, -0.3726707696914673, -0.03239266574382782], "cam_t_m2c": [-151.43359375, 285.9400939941406, 1388.9580078125], "obj_id": 1}, {"cam_R_m2c": [-0.5427091717720032, -0.7128572463989258, -0.4441857635974884, -0.5125827789306641, -0.13784554600715637, 0.8475006222724915, -0.6653760671615601, 0.6876285076141357, -0.2905881702899933], "cam_t_m2c": [-107.63168334960938, 176.63818359375, 1467.728271484375], "obj_id": 1}, {"cam_R_m2c": [0.6630658507347107, -0.23543843626976013, 0.7105718851089478, -0.14687535166740417, -0.9717181921005249, -0.1849098652601242, 0.7340104579925537, 0.01824192889034748, -0.6788933277130127], "cam_t_m2c": [-300.06414794921875, -108.15775299072266, 1376.9625244140625], "obj_id": 1}, {"cam_R_m2c": [-0.1107785552740097, 0.5511599183082581, -0.8270130753517151, -0.9602140784263611, -0.27399706840515137, -0.053983449935913086, -0.2563527822494507, 0.7881295084953308, 0.5595847368240356], "cam_t_m2c": [-216.45443725585938, 63.22102355957031, 1188.6146240234375], "obj_id": 1}, {"cam_R_m2c": [-0.44874221086502075, -0.15543115139007568, 0.8800405859947205, 0.8193103075027466, -0.4648103415966034, 0.3356812298297882, 0.3568767011165619, 0.8716607093811035, 0.33592644333839417], "cam_t_m2c": [-76.68383026123047, 78.9674301147461, 1307.22216796875], "obj_id": 1}, {"cam_R_m2c": [-0.8225773572921753, 0.1666712462902069, 0.5436790585517883, 0.45269858837127686, 0.7705351114273071, 0.44870883226394653, -0.34413692355155945, 0.6152205467224121, -0.7092764973640442], "cam_t_m2c": [-337.8591613769531, 33.79452896118164, 1296.46240234375], "obj_id": 1}, {"cam_R_m2c": [-0.6050253510475159, 0.7115479707717896, 0.3572726845741272, -0.600042462348938, -0.11253823339939117, -0.7920127511024475, -0.5233482122421265, -0.6935665607452393, 0.49504750967025757], "cam_t_m2c": [-216.896728515625, -53.166847229003906, 1420.208984375], "obj_id": 1}, {"cam_R_m2c": [-0.8192312717437744, 0.5420088171958923, 0.1873132437467575, -0.12091144174337387, -0.48254841566085815, 0.8674832582473755, 0.5605713129043579, 0.6880212426185608, 0.46085408329963684], "cam_t_m2c": [-384.56427001953125, 60.407325744628906, 1309.4466552734375], "obj_id": 1}, {"cam_R_m2c": [0.06442873179912567, 0.7772984504699707, 0.6258242726325989, -0.2815282344818115, 0.6158116459846497, -0.7358789443969727, -0.9573874473571777, -0.128775492310524, 0.25850746035575867], "cam_t_m2c": [-325.7393493652344, 55.470584869384766, 1271.8978271484375], "obj_id": 1}, {"cam_R_m2c": [-0.32548317313194275, 0.5195534229278564, -0.790015697479248, -0.614365816116333, -0.7513183951377869, -0.24098798632621765, -0.7187595367431641, 0.4069211483001709, 0.5637374520301819], "cam_t_m2c": [-92.51368713378906, 225.19630432128906, 1404.992919921875], "obj_id": 1}, {"cam_R_m2c": [0.4284965693950653, -0.8977959156036377, 0.10175058990716934, 0.15587975084781647, -0.03747013956308365, -0.9870651364326477, 0.8899956345558167, 0.4388149082660675, 0.12389235198497772], "cam_t_m2c": [-34.523494720458984, 128.1898956298828, 1193.9072265625], "obj_id": 1}, {"cam_R_m2c": [0.2949085235595703, -0.9308941960334778, 0.21555712819099426, -0.3953249156475067, 0.08651187270879745, 0.914458155632019, -0.8699120879173279, -0.35489657521247864, -0.34249255061149597], "cam_t_m2c": [16.590396881103516, 33.981571197509766, 1261.848388671875], "obj_id": 1}, {"cam_R_m2c": [-0.6554835438728333, -0.6787638664245605, -0.3310900628566742, -0.6425238251686096, 0.27084124088287354, 0.716804027557373, -0.39686790108680725, 0.682586669921875, -0.613653838634491], "cam_t_m2c": [-211.8965606689453, 79.98008728027344, 1250.99853515625], "obj_id": 1}, {"cam_R_m2c": [0.4580565094947815, 0.3481992483139038, -0.8178884387016296, 0.7184221148490906, -0.6868656873703003, 0.109931580722332, -0.523501455783844, -0.6379440426826477, -0.5647773146629333], "cam_t_m2c": [-145.9014434814453, -69.40478515625, 1293.77734375], "obj_id": 1}, {"cam_R_m2c": [-0.578887403011322, -0.7943204045295715, -0.18424071371555328, 0.14354307949543, 0.1231495812535286, -0.9819519519805908, 0.8026735782623291, -0.5948860049247742, 0.042729396373033524], "cam_t_m2c": [-140.3441925048828, 172.1724090576172, 1512.73876953125], "obj_id": 1}, {"cam_R_m2c": [-0.2828516960144043, 0.29080843925476074, -0.9140159487724304, -0.07239129394292831, 0.9437398910522461, 0.32266777753829956, 0.9564278721809387, 0.15743397176265717, -0.24588643014431], "cam_t_m2c": [-267.8619079589844, 201.06784057617188, 1476.27880859375], "obj_id": 1}, {"cam_R_m2c": [-0.7793158292770386, 0.5128536224365234, -0.3600667417049408, 0.6242103576660156, 0.5848896503448486, -0.5179435610771179, -0.055029913783073425, -0.6283989548683167, -0.775942325592041], "cam_t_m2c": [-14.152260780334473, 179.9046630859375, 1347.595947265625], "obj_id": 1}, {"cam_R_m2c": [0.6734850406646729, 0.7359575629234314, 0.06916899979114532, 0.04447828605771065, 0.053056880831718445, -0.9976003766059875, -0.7378614544868469, 0.6749454140663147, 0.002998904325067997], "cam_t_m2c": [-82.60661315917969, -58.59139633178711, 1377.1004638671875], "obj_id": 1}, {"cam_R_m2c": [-0.12830635905265808, 0.5696295499801636, 0.8118247389793396, 0.9892048835754395, 0.13193802535533905, 0.06376451998949051, -0.07078833878040314, 0.8112424612045288, -0.5804088115692139], "cam_t_m2c": [-275.60272216796875, -5.821671009063721, 1185.737060546875], "obj_id": 1}, {"cam_R_m2c": [-0.1972983330488205, 0.25417789816856384, 0.9468193650245667, -0.15777674317359924, 0.9449808597564697, -0.28656187653541565, -0.9675638675689697, -0.20592425763607025, -0.1463397890329361], "cam_t_m2c": [-105.4222412109375, 266.2265319824219, 1399.1767578125], "obj_id": 1}, {"cam_R_m2c": [-0.3944472074508667, -0.6628863215446472, -0.6363906860351562, -0.802635908126831, 0.5857378244400024, -0.11263541132211685, 0.447422593832016, 0.46636131405830383, -0.7630990743637085], "cam_t_m2c": [-362.8462829589844, 102.88677978515625, 1249.7117919921875], "obj_id": 1}, {"cam_R_m2c": [-0.41449877619743347, 0.889924943447113, 0.19032643735408783, -0.11627623438835144, 0.15563547611236572, -0.9809471368789673, -0.9025909304618835, -0.4287319481372833, 0.03896651044487953], "cam_t_m2c": [-298.7746276855469, -93.39846801757812, 1429.95751953125], "obj_id": 1}, {"cam_R_m2c": [-0.5107929706573486, 0.7898204326629639, 0.33952009677886963, -0.7428893446922302, -0.20674917101860046, -0.6366866827011108, -0.4326726496219635, -0.5774410367012024, 0.6923555135726929], "cam_t_m2c": [-231.97608947753906, -23.074161529541016, 1192.223876953125], "obj_id": 1}, {"cam_R_m2c": [0.9311283826828003, -0.21720120310783386, 0.29295653104782104, 0.0011225036578252912, 0.8050026893615723, 0.5932700634002686, -0.36468976736068726, -0.5520817637443542, 0.749804675579071], "cam_t_m2c": [-63.80022430419922, 196.1087646484375, 1278.2415771484375], "obj_id": 1}, {"cam_R_m2c": [-0.8202428817749023, -0.21164578199386597, -0.5314203500747681, -0.037926871329545975, -0.9068646430969238, 0.419711709022522, -0.5707565546035767, 0.36442068219184875, 0.735822319984436], "cam_t_m2c": [-162.01368713378906, 70.36891174316406, 1327.478759765625], "obj_id": 1}, {"cam_R_m2c": [-0.4442158341407776, -0.283479243516922, -0.8498892188072205, 0.6749306917190552, -0.7297306656837463, -0.10936883836984634, -0.5891864895820618, -0.6221997141838074, 0.5154868364334106], "cam_t_m2c": [-189.7891387939453, -7.521256923675537, 1445.779296875], "obj_id": 1}, {"cam_R_m2c": [-0.9727588295936584, -0.17665807902812958, -0.15010692179203033, -0.13508203625679016, -0.0942731723189354, 0.9863393902778625, -0.1883958876132965, 0.9797471165657043, 0.0678417757153511], "cam_t_m2c": [-85.0383071899414, 231.3922119140625, 1315.86767578125], "obj_id": 1}, {"cam_R_m2c": [0.7553867697715759, -0.42407798767089844, -0.4995485544204712, -0.5113124847412109, -0.8582369089126587, -0.04459888115525246, -0.40981757640838623, 0.2891148030757904, -0.8651371598243713], "cam_t_m2c": [-117.7692642211914, 260.5623474121094, 1191.6246337890625], "obj_id": 1}, {"cam_R_m2c": [-0.5001182556152344, -0.4047635793685913, 0.7655377388000488, -0.7785649299621582, -0.1768440455198288, -0.6021317839622498, 0.37910184264183044, -0.8971580266952515, -0.22669173777103424], "cam_t_m2c": [-221.23922729492188, -44.78948211669922, 1386.4832763671875], "obj_id": 1}, {"cam_R_m2c": [0.7091633677482605, 0.6716560125350952, -0.21439562737941742, 0.6003438830375671, -0.7347061038017273, -0.3159017860889435, -0.36969512701034546, 0.0953148677945137, -0.9242512583732605], "cam_t_m2c": [-321.67755126953125, 80.6601333618164, 1261.27490234375], "obj_id": 1}, {"cam_R_m2c": [-0.6301928162574768, -0.32480505108833313, 0.7052366733551025, -0.774468719959259, 0.3276190757751465, -0.5411691069602966, -0.055274564772844315, -0.887224555015564, -0.4580145478248596], "cam_t_m2c": [-60.86076736450195, 229.13658142089844, 1275.7244873046875], "obj_id": 1}, {"cam_R_m2c": [-0.35714834928512573, -0.7355725765228271, 0.5756543278694153, 0.6119062304496765, 0.2813788950443268, 0.7391864657402039, -0.7057022452354431, 0.6162457466125488, 0.34960752725601196], "cam_t_m2c": [4.507729530334473, -36.29691696166992, 1402.343505859375], "obj_id": 1}, {"cam_R_m2c": [0.8047833442687988, 0.11485803872346878, 0.5823498964309692, 0.013970358297228813, -0.9844927787780762, 0.17486704885959625, 0.593404233455658, -0.13259445130825043, -0.7939079999923706], "cam_t_m2c": [-271.658447265625, -85.6080093383789, 1405.5927734375], "obj_id": 1}, {"cam_R_m2c": [0.1610647588968277, 0.7762314677238464, 0.6095266342163086, 0.27969247102737427, -0.6281706690788269, 0.7260671854019165, 0.9464830756187439, 0.05353622883558273, -0.31828218698501587], "cam_t_m2c": [-299.24871826171875, -46.686439514160156, 1445.6844482421875], "obj_id": 1}, {"cam_R_m2c": [-0.05489962175488472, -0.9340333938598633, -0.3529413342475891, -0.9983927607536316, 0.0463699996471405, 0.03258410841226578, -0.014068761840462685, 0.35416293144226074, -0.9350779056549072], "cam_t_m2c": [-94.3148422241211, -127.51412200927734, 1451.744873046875], "obj_id": 1}, {"cam_R_m2c": [0.4423676133155823, 0.8127297759056091, -0.37918487191200256, -0.8681901693344116, 0.4940818250179291, 0.04614051431417465, 0.22484812140464783, 0.3087935149669647, 0.9241698384284973], "cam_t_m2c": [-184.36477661132812, -2.9023094177246094, 1449.1182861328125], "obj_id": 1}, {"cam_R_m2c": [-0.7992509007453918, -0.48658183217048645, 0.3527550995349884, 0.23034925758838654, 0.2941092848777771, 0.9275984764099121, -0.5551010966300964, 0.8226407766342163, -0.12298333644866943], "cam_t_m2c": [-197.13555908203125, 115.88734436035156, 1442.3294677734375], "obj_id": 1}, {"cam_R_m2c": [-0.6548197865486145, 0.1982494443655014, -0.7293202877044678, -0.42625758051872253, -0.8937382102012634, 0.13977231085300446, -0.6241116523742676, 0.40240398049354553, 0.6697429418563843], "cam_t_m2c": [-30.804609298706055, 273.559814453125, 1447.2325439453125], "obj_id": 3}, {"cam_R_m2c": [-0.2593238949775696, -0.6038031578063965, -0.7537723183631897, 0.6060295104980469, 0.5059570074081421, -0.6137880086898804, 0.7519835233688354, -0.6159782409667969, 0.23471583425998688], "cam_t_m2c": [-282.6363220214844, 262.4868469238281, 1318.103759765625], "obj_id": 1}, {"cam_R_m2c": [0.8775249719619751, -0.2345881313085556, 0.4182323217391968, 0.4464156925678253, 0.08115610480308533, -0.8911378383636475, 0.17510828375816345, 0.968701183795929, 0.17594033479690552], "cam_t_m2c": [-2.362295389175415, -83.28331756591797, 1332.669189453125], "obj_id": 1}, {"cam_R_m2c": [-0.730643630027771, 0.2761420011520386, -0.6244238615036011, 0.4622884690761566, 0.8731116652488708, -0.15480731427669525, 0.5024429559707642, -0.40177300572395325, -0.7655907273292542], "cam_t_m2c": [-58.31459045410156, 181.65135192871094, 1157.6982421875], "obj_id": 1}, {"cam_R_m2c": [0.6826183199882507, -0.28595882654190063, 0.6725026369094849, 0.13731767237186432, 0.954059362411499, 0.2662980258464813, -0.7177577018737793, -0.08943342417478561, 0.6905255913734436], "cam_t_m2c": [-18.13258934020996, -96.53987121582031, 1367.286865234375], "obj_id": 1}, {"cam_R_m2c": [-0.288183331489563, -0.31783926486968994, -0.9032875895500183, 0.3055373430252075, -0.9245209693908691, 0.22783252596855164, -0.9075225591659546, -0.2103305459022522, 0.36354345083236694], "cam_t_m2c": [-121.1990966796875, 292.6531066894531, 1403.101318359375], "obj_id": 3}, {"cam_R_m2c": [0.9010876417160034, -0.2205306887626648, -0.3733728229999542, 0.26419201493263245, -0.40358492732048035, 0.8759689927101135, -0.3438657224178314, -0.8879669308662415, -0.305402934551239], "cam_t_m2c": [-20.064659118652344, 54.62539291381836, 1255.3062744140625], "obj_id": 1}, {"cam_R_m2c": [0.8566043972969055, -0.48511403799057007, -0.17576497793197632, 0.09218233078718185, 0.4790518581867218, -0.8729328513145447, 0.5076724886894226, 0.731555700302124, 0.4550768733024597], "cam_t_m2c": [-124.9752426147461, 131.273193359375, 1078.530517578125], "obj_id": 1}, {"cam_R_m2c": [0.08174207806587219, 0.8528711795806885, -0.5156829357147217, 0.6048166751861572, 0.3688018023967743, 0.7058200836181641, 0.7921584248542786, -0.36958882212638855, -0.4856840968132019], "cam_t_m2c": [-148.971435546875, 264.8531494140625, 1524.951416015625], "obj_id": 1}, {"cam_R_m2c": [0.2593459188938141, 0.12630093097686768, 0.9574903249740601, 0.9576719403266907, -0.1618625968694687, -0.23804408311843872, 0.1249166876077652, 0.9786973595619202, -0.16293326020240784], "cam_t_m2c": [-386.7356872558594, 51.569095611572266, 1284.583984375], "obj_id": 3}, {"cam_R_m2c": [0.8590434789657593, 0.3702659010887146, -0.3534790277481079, -0.023707538843154907, 0.7185558676719666, 0.6950650215148926, 0.5113533139228821, -0.5887109637260437, 0.6260488033294678], "cam_t_m2c": [-200.37380981445312, -35.254295349121094, 1232.1917724609375], "obj_id": 1}, {"cam_R_m2c": [-0.4937290549278259, -0.7477637529373169, 0.4439379870891571, 0.8599947690963745, -0.344122976064682, 0.37681329250335693, -0.1289980560541153, 0.5678280591964722, 0.8129764795303345], "cam_t_m2c": [-244.8217010498047, 239.4353485107422, 1586.1688232421875], "obj_id": 1}, {"cam_R_m2c": [-0.6555221676826477, 0.15134964883327484, -0.7398539781570435, 0.5346781611442566, -0.5988485813140869, -0.59623783826828, -0.5333009362220764, -0.7864308953285217, 0.31163525581359863], "cam_t_m2c": [-235.32440185546875, 225.74954223632812, 1396.614013671875], "obj_id": 3}, {"cam_R_m2c": [0.858833372592926, 0.4464810788631439, -0.2511172592639923, -0.4270269572734833, 0.35324904322624207, -0.832383930683136, -0.2829367518424988, 0.8221129179000854, 0.4940415322780609], "cam_t_m2c": [-0.9172918200492859, -65.1633071899414, 1274.9061279296875], "obj_id": 1}, {"cam_R_m2c": [0.6967689394950867, -0.37638136744499207, 0.610614538192749, 0.21916091442108154, 0.9222730994224548, 0.3184036314487457, -0.682994544506073, -0.08803092688322067, 0.7250993251800537], "cam_t_m2c": [-88.76043701171875, -0.7932419180870056, 1208.6427001953125], "obj_id": 3}, {"cam_R_m2c": [-0.025257423520088196, 0.9539907574653625, 0.29876989126205444, 0.9478815793991089, 0.1178101897239685, -0.2960423231124878, -0.31761977076530457, 0.2757211923599243, -0.9072458148002625], "cam_t_m2c": [-17.052440643310547, 261.265380859375, 1383.4200439453125], "obj_id": 3}, {"cam_R_m2c": [0.9610962867736816, -0.18556629121303558, -0.20459501445293427, 0.022625330835580826, 0.7911134362220764, -0.6112508177757263, 0.27528542280197144, 0.5828418731689453, 0.7645347118377686], "cam_t_m2c": [-131.29238891601562, 146.79925537109375, 1364.860595703125], "obj_id": 3}, {"cam_R_m2c": [-0.29136961698532104, -0.5960521697998047, 0.7482149004936218, 0.39957618713378906, -0.7864845991134644, -0.4709361791610718, 0.8691620230674744, 0.1617523729801178, 0.46732592582702637], "cam_t_m2c": [-23.661029815673828, 268.0762939453125, 1447.771728515625], "obj_id": 3}, {"cam_R_m2c": [-0.20216239988803864, -0.7668487429618835, -0.6091578006744385, 0.9793041348457336, -0.15214358270168304, -0.13347506523132324, 0.009675689041614532, -0.6235344409942627, 0.7817360162734985], "cam_t_m2c": [-161.15818786621094, 16.77821922302246, 1451.3524169921875], "obj_id": 1}, {"cam_R_m2c": [0.7305468916893005, 0.6436121463775635, 0.22817663848400116, 0.026767736300826073, -0.3608812093734741, 0.9322274327278137, 0.6823376417160034, -0.6749280691146851, -0.28086867928504944], "cam_t_m2c": [-277.2283020019531, 255.8743133544922, 1471.8304443359375], "obj_id": 3}, {"cam_R_m2c": [-0.19998699426651, -0.73128342628479, -0.6520963311195374, 0.9654026627540588, -0.26073768734931946, -0.0036725224927067757, -0.1673404723405838, -0.6302700042724609, 0.7581272125244141], "cam_t_m2c": [-203.01881408691406, 154.97714233398438, 1223.58642578125], "obj_id": 3}, {"cam_R_m2c": [0.7049268484115601, 0.03111197240650654, 0.7085973024368286, 0.6773731708526611, -0.3258012533187866, -0.6595596671104431, 0.21034172177314758, 0.9449262022972107, -0.2507404685020447], "cam_t_m2c": [-270.11053466796875, 137.5635223388672, 1474.06982421875], "obj_id": 3}, {"cam_R_m2c": [0.2637307643890381, 0.02649645321071148, -0.964232325553894, 0.367816686630249, 0.9213331937789917, 0.12592050433158875, 0.8917157053947449, -0.38786986470222473, 0.2332380712032318], "cam_t_m2c": [-44.491065979003906, -42.263587951660156, 1410.1513671875], "obj_id": 1}, {"cam_R_m2c": [0.7270815372467041, -0.5691158175468445, -0.384004682302475, 0.6858575344085693, 0.5769696235656738, 0.443514883518219, -0.030852295458316803, -0.5858439803123474, 0.8098363876342773], "cam_t_m2c": [-210.33143615722656, -72.21522521972656, 1547.0716552734375], "obj_id": 3}, {"cam_R_m2c": [-0.6008234024047852, -0.239894300699234, 0.7625365257263184, 0.3342912793159485, 0.7910904288291931, 0.5122746229171753, -0.7261270880699158, 0.5626958608627319, -0.3951110541820526], "cam_t_m2c": [-55.130157470703125, 189.87173461914062, 1359.6851806640625], "obj_id": 3}, {"cam_R_m2c": [-0.751501739025116, -0.2660265564918518, -0.6037176847457886, 0.6478115916252136, -0.1243925467133522, -0.7515761256217957, 0.12484123557806015, -0.955906093120575, 0.26581627130508423], "cam_t_m2c": [-217.2639617919922, 92.38838958740234, 1238.46630859375], "obj_id": 1}, {"cam_R_m2c": [0.12878134846687317, -0.8699378371238708, 0.4760499596595764, 0.5326670408248901, 0.4655986726284027, 0.7067416310310364, -0.8364694714546204, 0.16256096959114075, 0.5233476161956787], "cam_t_m2c": [-203.19015502929688, 57.25654220581055, 1517.1619873046875], "obj_id": 1}, {"cam_R_m2c": [-0.938429594039917, 0.3429234027862549, 0.04187098145484924, 0.13842260837554932, 0.48428282141685486, -0.8638919591903687, -0.3165261745452881, -0.8049060106277466, -0.5019336342811584], "cam_t_m2c": [-121.17068481445312, -78.00778198242188, 1496.31396484375], "obj_id": 1}, {"cam_R_m2c": [0.4716798663139343, -0.6803945899009705, 0.5608755350112915, 0.748970627784729, -0.026550933718681335, -0.6620710492134094, 0.4653612971305847, 0.7323648929595947, 0.4970719814300537], "cam_t_m2c": [-139.8912811279297, 309.33953857421875, 1190.9368896484375], "obj_id": 1}, {"cam_R_m2c": [0.38666418194770813, 0.11018087714910507, 0.9156150817871094, 0.8948646783828735, -0.28485071659088135, -0.34362363815307617, 0.22295290231704712, 0.9522185325622559, -0.2087385207414627], "cam_t_m2c": [-199.1445770263672, -130.41586303710938, 1534.06787109375], "obj_id": 1}, {"cam_R_m2c": [-0.6906446814537048, 0.21783341467380524, 0.6896073818206787, -0.7090780735015869, -0.3914514183998108, -0.5864928960800171, 0.142190083861351, -0.8940437436103821, 0.4248148798942566], "cam_t_m2c": [-68.5111312866211, 241.8237762451172, 1339.7657470703125], "obj_id": 3}, {"cam_R_m2c": [0.4425755441188812, -0.5962342023849487, -0.6697997450828552, 0.4256344139575958, 0.7971068620681763, -0.4283176064491272, 0.789279580116272, -0.09552692621946335, 0.6065577864646912], "cam_t_m2c": [-21.636585235595703, 109.28247833251953, 1390.9930419921875], "obj_id": 3}, {"cam_R_m2c": [0.5817354321479797, 0.16459833085536957, 0.7965496182441711, 0.6429463624954224, -0.6928908228874207, -0.32637766003608704, 0.4982006847858429, 0.7020041346549988, -0.5089070200920105], "cam_t_m2c": [-142.33770751953125, 49.292442321777344, 1244.1552734375], "obj_id": 3}, {"cam_R_m2c": [-0.824245810508728, 0.15787233412265778, -0.5437784194946289, 0.004890902433544397, 0.96229487657547, 0.27196449041366577, 0.5662108659744263, 0.2215060442686081, -0.7939396500587463], "cam_t_m2c": [-55.64549255371094, 107.62462615966797, 1151.7481689453125], "obj_id": 1}, {"cam_R_m2c": [0.7906834483146667, 0.11398821324110031, -0.6015200614929199, -0.2498137503862381, -0.8369292616844177, -0.4869723916053772, -0.5589389801025391, 0.5353090167045593, -0.633270263671875], "cam_t_m2c": [-155.6010284423828, 116.6987075805664, 1422.7161865234375], "obj_id": 3}, {"cam_R_m2c": [-0.8344974517822266, 0.028376296162605286, -0.550280749797821, -0.08283939212560654, -0.9937834143638611, 0.07437905669212341, -0.5447492599487305, 0.10765404999256134, 0.831660270690918], "cam_t_m2c": [-205.95628356933594, 42.40214538574219, 1194.8192138671875], "obj_id": 1}, {"cam_R_m2c": [0.9713613986968994, -0.09280988574028015, 0.2187311202287674, -0.05558585003018379, 0.8062537312507629, 0.5889526009559631, -0.23101340234279633, -0.5842441916465759, 0.7780048251152039], "cam_t_m2c": [-161.63633728027344, -52.65596008300781, 1214.49267578125], "obj_id": 1}, {"cam_R_m2c": [0.8402506709098816, 0.5384625196456909, -0.06353674083948135, -0.5357121825218201, 0.8425506949424744, 0.055864118039608, 0.08361365646123886, -0.012902457267045975, 0.9964147210121155], "cam_t_m2c": [-247.05743408203125, 152.40655517578125, 1370.1451416015625], "obj_id": 3}, {"cam_R_m2c": [0.7652369141578674, -0.4364428222179413, -0.47321251034736633, -0.6437205672264099, -0.5256584286689758, -0.5561535954475403, -0.006018924992531538, 0.7302059531211853, -0.6832004189491272], "cam_t_m2c": [26.695911407470703, 240.23141479492188, 1487.1160888671875], "obj_id": 3}, {"cam_R_m2c": [-0.876369297504425, 0.36362898349761963, 0.3158334195613861, -0.012711347080767155, 0.6380559206008911, -0.7698851227760315, -0.4814719259738922, -0.6787183880805969, -0.5545503497123718], "cam_t_m2c": [-191.76373291015625, 236.31741333007812, 1608.332763671875], "obj_id": 3}, {"cam_R_m2c": [0.4534335434436798, 0.8637603521347046, -0.21980878710746765, 0.33243218064308167, 0.06492546200752258, 0.9408896565437317, 0.8269744515419006, -0.4997023940086365, -0.2577023208141327], "cam_t_m2c": [-258.1427917480469, -50.08025360107422, 1227.7926025390625], "obj_id": 1}, {"cam_R_m2c": [-0.8291314244270325, -0.2099885791540146, 0.518117368221283, -0.2903365194797516, 0.9537339210510254, -0.07807869464159012, -0.4777505099773407, -0.215165913105011, -0.8517381548881531], "cam_t_m2c": [-301.8103332519531, 224.7143096923828, 1449.066162109375], "obj_id": 1}, {"cam_R_m2c": [0.5588278770446777, -0.3737543523311615, -0.7402831315994263, -0.8035257458686829, -0.46479538083076477, -0.3719026744365692, -0.20507994294166565, 0.8026661276817322, -0.5600618720054626], "cam_t_m2c": [-325.33294677734375, 225.1936492919922, 1459.62646484375], "obj_id": 3}, {"cam_R_m2c": [-0.541260838508606, 0.07800708711147308, -0.837228536605835, 0.6102977395057678, -0.6484872102737427, -0.45497357845306396, -0.5784231424331665, -0.757218062877655, 0.3033931851387024], "cam_t_m2c": [-75.47504425048828, 146.71188354492188, 1412.078857421875], "obj_id": 3}, {"cam_R_m2c": [-0.12057177722454071, -0.9419837594032288, 0.31325557827949524, 0.9045817852020264, 0.02572290413081646, 0.42552343010902405, -0.40889400243759155, 0.33467140793800354, 0.8489998579025269], "cam_t_m2c": [-85.46086883544922, 340.1606750488281, 1159.137451171875], "obj_id": 3}, {"cam_R_m2c": [0.2983578145503998, 0.1050868034362793, 0.9486513137817383, 0.10020102560520172, -0.9918766021728516, 0.07836112380027771, 0.9491798281669617, 0.07167618721723557, -0.30646392703056335], "cam_t_m2c": [-32.055477142333984, 295.3149108886719, 1352.651123046875], "obj_id": 3}, {"cam_R_m2c": [-0.5709211826324463, 0.4145999550819397, -0.7086293697357178, -0.39722973108291626, 0.6158779859542847, 0.6803695559501648, 0.7185104489326477, 0.6699261665344238, -0.18692630529403687], "cam_t_m2c": [-322.03985595703125, 26.62755584716797, 1231.98486328125], "obj_id": 3}, {"cam_R_m2c": [-0.22450946271419525, -0.950435996055603, -0.21509650349617004, -0.2950966954231262, -0.14405614137649536, 0.9445450901985168, -0.9287158250808716, 0.2755337953567505, -0.24812835454940796], "cam_t_m2c": [-161.02442932128906, 177.63731384277344, 1274.446533203125], "obj_id": 3}, {"cam_R_m2c": [0.6814447641372681, 0.6992047429084778, -0.21620768308639526, 0.15868127346038818, -0.4295450747013092, -0.8889945149421692, -0.7144601345062256, 0.5714925527572632, -0.40366193652153015], "cam_t_m2c": [-214.681884765625, -77.57135009765625, 1248.956298828125], "obj_id": 3}, {"cam_R_m2c": [0.7549569606781006, 0.33976811170578003, -0.5608899593353271, 0.021022403612732887, 0.8423304557800293, 0.5385512113571167, 0.6554372310638428, -0.418374240398407, 0.6287804841995239], "cam_t_m2c": [-285.28497314453125, 278.7001037597656, 1309.0863037109375], "obj_id": 1}, {"cam_R_m2c": [-0.12234360724687576, 0.27210891246795654, -0.9544572830200195, -0.10558663308620453, -0.95979243516922, -0.2600957155227661, -0.9868553280830383, 0.0689568817615509, 0.14615562558174133], "cam_t_m2c": [-345.2320251464844, -62.46211242675781, 1326.254638671875], "obj_id": 3}, {"cam_R_m2c": [-0.887636661529541, -0.2678622007369995, 0.374634325504303, 0.23925665020942688, 0.42686766386032104, 0.8720895648002625, -0.3935191035270691, 0.8637324571609497, -0.31481555104255676], "cam_t_m2c": [-159.35671997070312, 110.16180419921875, 1248.3416748046875], "obj_id": 1}, {"cam_R_m2c": [-0.43204453587532043, 0.5275394916534424, -0.7314639091491699, -0.7208194136619568, -0.6894286274909973, -0.071465864777565, -0.541993260383606, 0.49637696146965027, 0.678124725818634], "cam_t_m2c": [-31.863916397094727, 277.7286071777344, 1336.34423828125], "obj_id": 3}, {"cam_R_m2c": [0.19369108974933624, 0.11446616798639297, 0.9743618965148926, -0.6724531650543213, -0.7076717019081116, 0.21681122481822968, 0.7143460512161255, -0.6972072124481201, -0.06009639799594879], "cam_t_m2c": [-19.356571197509766, -13.890822410583496, 1279.2313232421875], "obj_id": 3}, {"cam_R_m2c": [0.22382058203220367, -0.7932319045066833, 0.5662927627563477, 0.7927465438842773, 0.4861728250980377, 0.36768046021461487, -0.566972017288208, 0.3666321933269501, 0.737647294998169], "cam_t_m2c": [-56.76615524291992, -38.45923614501953, 1285.685302734375], "obj_id": 1}, {"cam_R_m2c": [0.8533750176429749, 0.004692467860877514, -0.5212764143943787, 0.22842487692832947, -0.9022142291069031, 0.36582985520362854, -0.46858635544776917, -0.4312625527381897, -