{
  "0": [{"cam_R_m2c": [0.30027663707733154, -0.9532677531242371, -0.033384207636117935, -0.28656724095344543, -0.05677475780248642, -0.9563763737678528, 0.9097874164581299, 0.29674428701400757, -0.29022344946861267], "cam_t_m2c": [-67.66541290283203, 49.10121536254883, 23.353261947631836], "obj_id": 0}, {"cam_R_m2c": [0.30027663707733154, -0.9532677531242371, -0.033384207636117935, -0.28656724095344543, -0.05677475780248642, -0.9563763737678528, 0.9097874164581299, 0.29674428701400757, -0.29022344946861267], "cam_t_m2c": [-67.66541290283203, 49.10121536254883, 23.353261947631836], "obj_id": 1}, {"cam_R_m2c": [0.30027663707733154, -0.9532677531242371, -0.033384207636117935, -0.28656724095344543, -0.05677475780248642, -0.9563763737678528, 0.9097874164581299, 0.29674428701400757, -0.29022344946861267], "cam_t_m2c": [-67.66541290283203, 49.10121536254883, 23.353261947631836], "obj_id": 0}, {"cam_R_m2c": [0.30027663707733154, -0.9532677531242371, -0.033384207636117935, -0.28656724095344543, -0.05677475780248642, -0.9563763737678528, 0.9097874164581299, 0.29674428701400757, -0.29022344946861267], "cam_t_m2c": [-67.66541290283203, 49.10121536254883, 23.353261947631836], "obj_id": 0}, {"cam_R_m2c": [0.30027663707733154, -0.9532677531242371, -0.033384207636117935, -0.28656724095344543, -0.05677475780248642, -0.9563763737678528, 0.9097874164581299, 0.29674428701400757, -0.29022344946861267], "cam_t_m2c": [-67.66541290283203, 49.10121536254883, 23.353261947631836], "obj_id": 3}, {"cam_R_m2c": [0.30027663707733154, -0.9532677531242371, -0.033384207636117935, -0.28656724095344543, -0.05677475780248642, -0.9563763737678528, 0.9097874164581299, 0.29674428701400757, -0.29022344946861267], "cam_t_m2c": [-67.66541290283203, 49.10121536254883, 23.353261947631836], "obj_id": 1}, {"cam_R_m2c": [0.30027663707733154, -0.9532677531242371, -0.033384207636117935, -0.28656724095344543, -0.05677475780248642, -0.9563763737678528, 0.9097874164581299, 0.29674428701400757, -0.29022344946861267], "cam_t_m2c": [-67.66541290283203, 49.10121536254883, 23.353261947631836], "obj_id": 1}, {"cam_R_m2c": [0.30027663707733154, -0.9532677531242371, -0.033384207636117935, -0.28656724095344543, -0.05677475780248642, -0.9563763737678528, 0.9097874164581299, 0.29674428701400757, -0.29022344946861267], "cam_t_m2c": [-67.66541290283203, 49.10121536254883, 23.353261947631836], "obj_id": 3}, {"cam_R_m2c": [0.30027663707733154, -0.9532677531242371, -0.033384207636117935, -0.28656724095344543, -0.05677475780248642, -0.9563763737678528, 0.9097874164581299, 0.29674428701400757, -0.29022344946861267], "cam_t_m2c": [-67.66541290283203, 49.10121536254883, 23.353261947631836], "obj_id": 2}, {"cam_R_m2c": [0.30027663707733154, -0.9532677531242371, -0.033384207636117935, -0.28656724095344543, -0.05677475780248642, -0.9563763737678528, 0.9097874164581299, 0.29674428701400757, -0.29022344946861267], "cam_t_m2c": [-67.66541290283203, 49.10121536254883, 23.353261947631836], "obj_id": 2}, {"cam_R_m2c": [0.30027663707733154, -0.9532677531242371, -0.033384207636117935, -0.28656724095344543, -0.05677475780248642, -0.9563763737678528, 0.9097874164581299, 0.29674428701400757, -0.29022344946861267], "cam_t_m2c": [-67.66541290283203, 49.10121536254883, 23.353261947631836], "obj_id": 0}, {"cam_R_m2c": [0.30027663707733154, -0.9532677531242371, -0.033384207636117935, -0.28656724095344543, -0.05677475780248642, -0.9563763737678528, 0.9097874164581299, 0.29674428701400757, -0.29022344946861267], "cam_t_m2c": [-67.66541290283203, 49.10121536254883, 23.353261947631836], "obj_id": 2}, {"cam_R_m2c": [0.30027663707733154, -0.9532677531242371, -0.033384207636117935, -0.28656724095344543, -0.05677475780248642, -0.9563763737678528, 0.9097874164581299, 0.29674428701400757, -0.29022344946861267], "cam_t_m2c": [-67.66541290283203, 49.10121536254883, 23.353261947631836], "obj_id": 2}, {"cam_R_m2c": [0.30027663707733154, -0.9532677531242371, -0.033384207636117935, -0.28656724095344543, -0.05677475780248642, -0.9563763737678528, 0.9097874164581299, 0.29674428701400757, -0.29022344946861267], "cam_t_m2c": [-67.66541290283203, 49.10121536254883, 23.353261947631836], "obj_id": 2}, {"cam_R_m2c": [0.30027663707733154, -0.9532677531242371, -0.033384207636117935, -0.28656724095344543, -0.05677475780248642, -0.9563763737678528, 0.9097874164581299, 0.29674428701400757, -0.29022344946861267], "cam_t_m2c": [-67.66541290283203, 49.10121536254883, 23.353261947631836], "obj_id": 3}, {"cam_R_m2c": [0.30027663707733154, -0.9532677531242371, -0.033384207636117935, -0.28656724095344543, -0.05677475780248642, -0.9563763737678528, 0.9097874164581299, 0.29674428701400757, -0.29022344946861267], "cam_t_m2c": [-67.66541290283203, 49.10121536254883, 23.353261947631836], "obj_id": 2}, {"cam_R_m2c": [0.30027663707733154, -0.9532677531242371, -0.033384207636117935, -0.28656724095344543, -0.05677475780248642, -0.9563763737678528, 0.9097874164581299, 0.29674428701400757, -0.29022344946861267], "cam_t_m2c": [-67.66541290283203, 49.10121536254883, 23.353261947631836], "obj_id": 2}, {"cam_R_m2c": [0.30027663707733154, -0.9532677531242371, -0.033384207636117935, -0.28656724095344543, -0.05677475780248642, -0.9563763737678528, 0.9097874164581299, 0.29674428701400757, -0.29022344946861267], "cam_t_m2c": [-67.66541290283203, 49.10121536254883, 23.353261947631836], "obj_id": 0}, {"cam_R_m2c": [0.30027663707733154, -0.9532677531242371, -0.033384207636117935, -0.28656724095344543, -0.05677475780248642, -0.9563763737678528, 0.9097874164581299, 0.29674428701400757, -0.29022344946861267], "cam_t_m2c": [-67.66541290283203, 49.10121536254883, 23.353261947631836], "obj_id": 0}, {"cam_R_m2c": [0.30027663707733154, -0.9532677531242371, -0.033384207636117935, -0.28656724095344543, -0.05677475780248642, -0.9563763737678528, 0.9097874164581299, 0.29674428701400757, -0.29022344946861267], "cam_t_m2c": [-67.66541290283203, 49.10121536254883, 23.353261947631836], "obj_id": 3}, {"cam_R_m2c": [0.30027663707733154, -0.9532677531242371, -0.033384207636117935, -0.28656724095344543, -0.05677475780248642, -0.9563763737678528, 0.9097874164581299, 0.29674428701400757, -0.29022344946861267], "cam_t_m2c": [-67.66541290283203, 49.10121536254883, 23.353261947631836], "obj_id": 1}, {"cam_R_m2c": [0.30027663707733154, -0.9532677531242371, -0.033384207636117935, -0.28656724095344543, -0.05677475780248642, -0.9563763737678528, 0.9097874164581299, 0.29674428701400757, -0.29022344946861267], "cam_t_m2c": [-67.66541290283203, 49.10121536254883, 23.353261947631836], "obj_id": 1}, {"cam_R_m2c": [0.30027663707733154, -0.9532677531242371, -0.033384207636117935, -0.28656724095344543, -0.05677475780248642, -0.9563763737678528, 0.9097874164581299, 0.29674428701400757, -0.29022344946861267], "cam_t_m2c": [-67.66541290283203, 49.10121536254883, 23.353261947631836], "obj_id": 1}, {"cam_R_m2c": [0.30027663707733154, -0.9532677531242371, -0.033384207636117935, -0.28656724095344543, -0.05677475780248642, -0.9563763737678528, 0.9097874164581299, 0.29674428701400757, -0.29022344946861267], "cam_t_m2c": [-67.66541290283203, 49.10121536254883, 23.353261947631836], "obj_id": 2}, {"cam_R_m2c": [-0.038197752088308334, 0.09144744277000427, -0.9950770139694214, 0.7359360456466675, 0.6762021780014038, 0.0338926799595356, 0.6759726405143738, -0.7310184240341187, -0.09312885999679565], "cam_t_m2c": [0.81124347448349, -20.58067512512207, 144.76939392089844], "obj_id": 3}, {"cam_R_m2c": [0.3988339900970459, -0.7317121624946594, -0.5527464151382446, 0.44318386912345886, -0.3738955855369568, 0.8147329688072205, -0.8028196096420288, -0.5699114799499512, 0.17516088485717773], "cam_t_m2c": [-233.71177673339844, -19.811241149902344, 147.8617401123047], "obj_id": 0}, {"cam_R_m2c": [-0.5385693311691284, 0.7061433792114258, 0.4596787393093109, -0.4256296157836914, 0.24283155798912048, -0.871706485748291, -0.7271742820739746, -0.6651273369789124, 0.16977393627166748], "cam_t_m2c": [271.4277648925781, 7521.6513671875, 2391.546875], "obj_id": 2}, {"cam_R_m2c": [0.08494611084461212, -0.8031461834907532, 0.5896949768066406, 0.7314596772193909, -0.35160547494888306, -0.58424311876297, 0.6765727400779724, 0.48096728324890137, 0.5576017498970032], "cam_t_m2c": [-219.13705444335938, 51.17277526855469, -46.00214385986328], "obj_id": 3}, {"cam_R_m2c": [-0.059254661202430725, 0.39554563164711, -0.9165327548980713, 0.29180482029914856, -0.8711788058280945, -0.394837886095047, -0.9546405673027039, -0.29084473848342896, -0.06380049139261246], "cam_t_m2c": [-27.081422805786133, 70.23171997070312, -78.50943756103516], "obj_id": 3}, {"cam_R_m2c": [0.6152976751327515, -0.5668623447418213, -0.5477918386459351, 0.7264668941497803, 0.6775325536727905, 0.1148715540766716, 0.30603042244911194, -0.46863284707069397, 0.8286908864974976], "cam_t_m2c": [-85.81670379638672, -27.593271255493164, 167.66311645507812], "obj_id": 1}, {"cam_R_m2c": [0.7599419355392456, -0.12542451918125153, 0.6377750039100647, 0.6499763131141663, 0.15323035418987274, -0.7443461418151855, -0.004367215558886528, 0.9801985025405884, 0.19796915352344513], "cam_t_m2c": [106.79483032226562, 0.30261462926864624, 42.500572204589844], "obj_id": 0}, {"cam_R_m2c": [-0.510405957698822, -0.7819265723228455, -0.35787805914878845, 0.45309314131736755, -0.5982495546340942, 0.6609116196632385, -0.7308847308158875, 0.17518112063407898, 0.659635603427887], "cam_t_m2c": [-35.291988372802734, 87.18087768554688, -227.53465270996094], "obj_id": 0}],
  "1": [{"cam_R_m2c": [0.24622087180614471, -0.9626189470291138, -0.1128721684217453, -0.2470806986093521, 0.05026787146925926, -0.9676902294158936, 0.9371907711029053, 0.26615411043167114, -0.22546759247779846], "cam_t_m2c": [-57.239219665527344, 42.802703857421875, 28.304306030273438], "obj_id": 0}, {"cam_R_m2c": [0.24622087180614471, -0.9626189470291138, -0.1128721684217453, -0.2470806986093521, 0.05026787146925926, -0.9676902294158936, 0.9371907711029053, 0.26615411043167114, -0.22546759247779846], "cam_t_m2c": [-57.239219665527344, 42.802703857421875, 28.304306030273438], "obj_id": 1}, {"cam_R_m2c": [0.24622087180614471, -0.9626189470291138, -0.1128721684217453, -0.2470806986093521, 0.05026787146925926, -0.9676902294158936, 0.9371907711029053, 0.26615411043167114, -0.22546759247779846], "cam_t_m2c": [-57.239219665527344, 42.802703857421875, 28.304306030273438], "obj_id": 0}, {"cam_R_m2c": [0.24622087180614471, -0.9626189470291138, -0.1128721684217453, -0.2470806986093521, 0.05026787146925926, -0.9676902294158936, 0.9371907711029053, 0.26615411043167114, -0.22546759247779846], "cam_t_m2c": [-57.239219665527344, 42.802703857421875, 28.304306030273438], "obj_id": 0}, {"cam_R_m2c": [0.24622087180614471, -0.9626189470291138, -0.1128721684217453, -0.2470806986093521, 0.05026787146925926, -0.9676902294158936, 0.9371907711029053, 0.26615411043167114, -0.22546759247779846], "cam_t_m2c": [-57.239219665527344, 42.802703857421875, 28.304306030273438], "obj_id": 3}, {"cam_R_m2c": [0.24622087180614471, -0.9626189470291138, -0.1128721684217453, -0.2470806986093521, 0.05026787146925926, -0.9676902294158936, 0.9371907711029053, 0.26615411043167114, -0.22546759247779846], "cam_t_m2c": [-57.239219665527344, 42.802703857421875, 28.304306030273438], "obj_id": 1}, {"cam_R_m2c": [0.24622087180614471, -0.9626189470291138, -0.1128721684217453, -0.2470806986093521, 0.05026787146925926, -0.9676902294158936, 0.9371907711029053, 0.26615411043167114, -0.22546759247779846], "cam_t_m2c": [-57.239219665527344, 42.802703857421875, 28.304306030273438], "obj_id": 1}, {"cam_R_m2c": [0.24622087180614471, -0.9626189470291138, -0.1128721684217453, -0.2470806986093521, 0.05026787146925926, -0.9676902294158936, 0.9371907711029053, 0.26615411043167114, -0.22546759247779846], "cam_t_m2c": [-57.239219665527344, 42.802703857421875, 28.304306030273438], "obj_id": 3}, {"cam_R_m2c": [0.24622087180614471, -0.9626189470291138, -0.1128721684217453, -0.2470806986093521, 0.05026787146925926, -0.9676902294158936, 0.9371907711029053, 0.26615411043167114, -0.22546759247779846], "cam_t_m2c": [-57.239219665527344, 42.802703857421875, 28.304306030273438], "obj_id": 2}, {"cam_R_m2c": [0.24622087180614471, -0.9626189470291138, -0.1128721684217453, -0.2470806986093521, 0.05026787146925926, -0.9676902294158936, 0.9371907711029053, 0.26615411043167114, -0.22546759247779846], "cam_t_m2c": [-57.239219665527344, 42.802703857421875, 28.304306030273438], "obj_id": 2}, {"cam_R_m2c": [0.24622087180614471, -0.9626189470291138, -0.1128721684217453, -0.2470806986093521, 0.05026787146925926, -0.9676902294158936, 0.9371907711029053, 0.26615411043167114, -0.22546759247779846], "cam_t_m2c": [-57.239219665527344, 42.802703857421875, 28.304306030273438], "obj_id": 0}, {"cam_R_m2c": [0.24622087180614471, -0.9626189470291138, -0.1128721684217453, -0.2470806986093521, 0.05026787146925926, -0.9676902294158936, 0.9371907711029053, 0.26615411043167114, -0.22546759247779846], "cam_t_m2c": [-57.239219665527344, 42.802703857421875, 28.304306030273438], "obj_id": 2}, {"cam_R_m2c": [0.24622087180614471, -0.9626189470291138, -0.1128721684217453, -0.2470806986093521, 0.05026787146925926, -0.9676902294158936, 0.9371907711029053, 0.26615411043167114, -0.22546759247779846], "cam_t_m2c": [-57.239219665527344, 42.802703857421875, 28.304306030273438], "obj_id": 2}, {"cam_R_m2c": [0.24622087180614471, -0.9626189470291138, -0.1128721684217453, -0.2470806986093521, 0.05026787146925926, -0.9676902294158936, 0.9371907711029053, 0.26615411043167114, -0.22546759247779846], "cam_t_m2c": [-57.239219665527344, 42.802703857421875, 28.304306030273438], "obj_id": 2}, {"cam_R_m2c": [0.24622087180614471, -0.9626189470291138, -0.1128721684217453, -0.2470806986093521, 0.05026787146925926, -0.9676902294158936, 0.9371907711029053, 0.26615411043167114, -0.22546759247779846], "cam_t_m2c": [-57.239219665527344, 42.802703857421875, 28.304306030273438], "obj_id": 3}, {"cam_R_m2c": [0.24622087180614471, -0.9626189470291138, -0.1128721684217453, -0.2470806986093521, 0.05026787146925926, -0.9676902294158936, 0.9371907711029053, 0.26615411043167114, -0.22546759247779846], "cam_t_m2c": [-57.239219665527344, 42.802703857421875, 28.304306030273438], "obj_id": 2}, {"cam_R_m2c": [0.24622087180614471, -0.9626189470291138, -0.1128721684217453, -0.2470806986093521, 0.05026787146925926, -0.9676902294158936, 0.9371907711029053, 0.26615411043167114, -0.22546759247779846], "cam_t_m2c": [-57.239219665527344, 42.802703857421875, 28.304306030273438], "obj_id": 2}, {"cam_R_m2c": [0.24622087180614471, -0.9626189470291138, -0.1128721684217453, -0.2470806986093521, 0.05026787146925926, -0.9676902294158936, 0.9371907711029053, 0.26615411043167114, -0.22546759247779846], "cam_t_m2c": [-57.239219665527344, 42.802703857421875, 28.304306030273438], "obj_id": 0}, {"cam_R_m2c": [0.24622087180614471, -0.9626189470291138, -0.1128721684217453, -0.2470806986093521, 0.05026787146925926, -0.9676902294158936, 0.9371907711029053, 0.26615411043167114, -0.22546759247779846], "cam_t_m2c": [-57.239219665527344, 42.802703857421875, 28.304306030273438], "obj_id": 0}, {"cam_R_m2c": [0.24622087180614471, -0.9626189470291138, -0.1128721684217453, -0.2470806986093521, 0.05026787146925926, -0.9676902294158936, 0.9371907711029053, 0.26615411043167114, -0.22546759247779846], "cam_t_m2c": [-57.239219665527344, 42.802703857421875, 28.304306030273438], "obj_id": 3}, {"cam_R_m2c": [0.24622087180614471, -0.9626189470291138, -0.1128721684217453, -0.2470806986093521, 0.05026787146925926, -0.9676902294158936, 0.9371907711029053, 0.26615411043167114, -0.22546759247779846], "cam_t_m2c": [-57.239219665527344, 42.802703857421875, 28.304306030273438], "obj_id": 1}, {"cam_R_m2c": [0.24622087180614471, -0.9626189470291138, -0.1128721684217453, -0.2470806986093521, 0.05026787146925926, -0.9676902294158936, 0.9371907711029053, 0.26615411043167114, -0.22546759247779846], "cam_t_m2c": [-57.239219665527344, 42.802703857421875, 28.304306030273438], "obj_id": 1}, {"cam_R_m2c": [0.24622087180614471, -0.9626189470291138, -0.1128721684217453, -0.2470806986093521, 0.05026787146925926, -0.9676902294158936, 0.9371907711029053, 0.26615411043167114, -0.22546759247779846], "cam_t_m2c": [-57.239219665527344, 42.802703857421875, 28.304306030273438], "obj_id": 1}, {"cam_R_m2c": [0.24622087180614471, -0.9626189470291138, -0.1128721684217453, -0.2470806986093521, 0.05026787146925926, -0.9676902294158936, 0.9371907711029053, 0.26615411043167114, -0.22546759247779846], "cam_t_m2c": [-57.239219665527344, 42.802703857421875, 28.304306030273438], "obj_id": 2}, {"cam_R_m2c": [0.010192014276981354, 0.17437513172626495, -0.9846264719963074, 0.7825045585632324, 0.611663281917572, 0.11642394959926605, 0.6225612759590149, -0.7716613411903381, -0.13021524250507355], "cam_t_m2c": [0.9973407983779907, -23.953628540039062, 156.5173797607422], "obj_id": 3}, {"cam_R_m2c": [0.4609545171260834, -0.7462518811225891, -0.48023849725723267, 0.3474756181240082, -0.34617412090301514, 0.8714494109153748, -0.8165669441223145, -0.5685697197914124, 0.0997338593006134], "cam_t_m2c": [-232.45037841796875, -1.908273458480835, 151.28665161132812], "obj_id": 0}, {"cam_R_m2c": [-0.5542290210723877, 0.7444127798080444, 0.37239760160446167, -0.4260745644569397, 0.13061439990997314, -0.8952097296714783, -0.7150460481643677, -0.6548202633857727, 0.24478496611118317], "cam_t_m2c": [899.65478515625, 7603.861328125, 1892.99560546875], "obj_id": 2}, {"cam_R_m2c": [0.1323322355747223, -0.8456555008888245, 0.5170638561248779, 0.7670413851737976, -0.24303214251995087, -0.5937869548797607, 0.627802312374115, 0.4751865267753601, 0.6164917349815369], "cam_t_m2c": [-205.8104248046875, 53.5413703918457, -46.3240966796875], "obj_id": 3}, {"cam_R_m2c": [-0.004545559640973806, 0.32191693782806396, -0.946756899356842, 0.22745545208454132, -0.9216170907020569, -0.31446096301078796, -0.9737778306007385, -0.21677446365356445, -0.06903237104415894], "cam_t_m2c": [-11.957340240478516, 52.92024612426758, -73.26712036132812], "obj_id": 3}, {"cam_R_m2c": [0.6704537868499756, -0.48832082748413086, -0.5586004853248596, 0.688154399394989, 0.6907270550727844, 0.22212529182434082, 0.2773720622062683, -0.533328115940094, 0.7991406917572021], "cam_t_m2c": [-86.53330993652344, -21.515634536743164, 176.76930236816406], "obj_id": 1}, {"cam_R_m2c": [0.8163487315177917, -0.1390487104654312, 0.5605713129043579, 0.5771472454071045, 0.233053520321846, -0.7826794981956482, -0.021812571212649345, 0.962471604347229, 0.27050453424453735], "cam_t_m2c": [111.36277770996094, -19.9837646484375, 56.861690521240234], "obj_id": 0}, {"cam_R_m2c": [-0.44521036744117737, -0.8384037613868713, -0.31443077325820923, 0.44408002495765686, -0.5116628408432007, 0.7355229258537292, -0.7775477766990662, 0.18783004581928253, 0.6001160740852356], "cam_t_m2c": [-14.265027046203613, 59.91872024536133, -223.29678344726562], "obj_id": 0}]
}