{
  "0": [{"cam_R_m2c": [-0.15486934781074524, 0.727796196937561, -0.6680781245231628, 0.2692866623401642, -0.6195329427719116, -0.7373356819152832, -0.9505263566970825, -0.29409512877464294, -0.10003930330276489], "cam_t_m2c": [332.0565490722656, 477.5928955078125, 2779.8173828125], "obj_id": 0}, {"cam_R_m2c": [0.015513215214014053, 0.3593043386936188, 0.9330915212631226, -0.8615081906318665, -0.46886104345321655, 0.1948668211698532, 0.5075067281723022, -0.8068889379501343, 0.3022700250148773], "cam_t_m2c": [-33.321144104003906, 167.3180694580078, 2229.447509765625], "obj_id": 0}, {"cam_R_m2c": [0.44218724966049194, 0.27703043818473816, -0.8530677556991577, 0.5188888907432556, 0.6967723369598389, 0.49523991346359253, 0.7315905690193176, -0.6616361737251282, 0.1643558293581009], "cam_t_m2c": [-620.9204711914062, -53.540306091308594, 2463.961669921875], "obj_id": 0}, {"cam_R_m2c": [0.14686430990695953, -0.22398237884044647, 0.9634640216827393, -0.9318030476570129, 0.29551994800567627, 0.21073952317237854, -0.33192479610443115, -0.9287087321281433, -0.16530615091323853], "cam_t_m2c": [-399.12152099609375, 382.2868957519531, 2066.314208984375], "obj_id": 2}, {"cam_R_m2c": [0.8216907382011414, -0.2666051983833313, -0.5037320852279663, -0.49819326400756836, -0.76527339220047, -0.4076271653175354, -0.27681729197502136, 0.5858994126319885, -0.7616389393806458], "cam_t_m2c": [-1.2688294649124146, 0.7054011225700378, 2651.54931640625], "obj_id": 2}, {"cam_R_m2c": [0.8004485964775085, -0.4868190586566925, -0.3496987819671631, -0.2551519572734833, 0.25118085741996765, -0.9337052702903748, 0.5423831939697266, 0.8366093635559082, 0.07684453576803207], "cam_t_m2c": [485.7967834472656, 332.3229064941406, 2763.541259765625], "obj_id": 1}, {"cam_R_m2c": [0.46494412422180176, 0.8218251466751099, -0.32928770780563354, 0.6922118067741394, -0.5693254470825195, -0.44352149963378906, -0.5519689917564392, -0.021724121645092964, -0.8335815668106079], "cam_t_m2c": [1005.0040283203125, 478.6575927734375, 2995.419677734375], "obj_id": 1}, {"cam_R_m2c": [-0.3745546340942383, -0.9111470580101013, 0.17181318998336792, -0.03583230450749397, 0.19938808679580688, 0.9792652130126953, -0.9265121221542358, 0.36063191294670105, -0.10733018815517426], "cam_t_m2c": [-773.446533203125, -152.8290252685547, 2311.2041015625], "obj_id": 0}, {"cam_R_m2c": [0.5024462342262268, -0.7468302845954895, -0.4356514811515808, 0.3463399112224579, -0.28782910108566284, 0.8928621411323547, -0.792209804058075, -0.5994986891746521, 0.11403858661651611], "cam_t_m2c": [179.3981475830078, -411.9117126464844, 3159.087646484375], "obj_id": 2}, {"cam_R_m2c": [-0.33926549553871155, 0.8093817830085754, 0.4793744683265686, 0.015616215765476227, 0.5143741369247437, -0.8574236631393433, -0.9405609369277954, -0.2834082841873169, -0.1871488392353058], "cam_t_m2c": [-380.2552795410156, -553.929931640625, 3219.692626953125], "obj_id": 1}, {"cam_R_m2c": [-0.36047613620758057, -0.8967063426971436, 0.2568548321723938, 0.25889110565185547, 0.16836680471897125, 0.9511192440986633, -0.896120548248291, 0.4093534052371979, 0.1714572310447693], "cam_t_m2c": [81.21141815185547, -313.13824462890625, 3275.00537109375], "obj_id": 0}, {"cam_R_m2c": [-0.03372735157608986, 0.2627038061618805, 0.964286744594574, 0.8451917171478271, 0.522431492805481, -0.11276575177907944, -0.5333977341651917, 0.8112039566040039, -0.2396552860736847], "cam_t_m2c": [445.707275390625, 585.8099365234375, 1977.1422119140625], "obj_id": 2}, {"cam_R_m2c": [-0.18988843262195587, -0.9281712174415588, 0.32006338238716125, 0.4666702449321747, 0.20148777961730957, 0.8611745238304138, -0.8638063073158264, 0.3128911256790161, 0.3948896527290344], "cam_t_m2c": [-477.84466552734375, -246.668701171875, 2730.2275390625], "obj_id": 0}, {"cam_R_m2c": [0.175221249461174, -0.8708772659301758, -0.45920589566230774, 0.9554342031478882, 0.03786133974790573, 0.2927657961845398, -0.23757700622081757, -0.4900398254394531, 0.8387002348899841], "cam_t_m2c": [-172.4702606201172, 416.1739501953125, 2006.6697998046875], "obj_id": 1}, {"cam_R_m2c": [0.9790869951248169, 0.14414086937904358, 0.14356909692287445, 0.10711966454982758, -0.9652076363563538, 0.2385360300540924, 0.17295679450035095, -0.2181684523820877, -0.9604625701904297], "cam_t_m2c": [-100.1796875, 136.97862243652344, 2058.0341796875], "obj_id": 2}, {"cam_R_m2c": [0.9869344830513, -0.1557244211435318, -0.0413544736802578, -0.06762851029634476, -0.16741175949573517, -0.9835647940635681, 0.14624182879924774, 0.9735107421875, -0.17575585842132568], "cam_t_m2c": [120.7148208618164, 166.9091339111328, 3246.69873046875], "obj_id": 1}, {"cam_R_m2c": [0.3322391211986542, 0.11650702357292175, 0.9359717965126038, 0.9353682994842529, -0.1682736724615097, -0.31107860803604126, 0.12125664949417114, 0.978830873966217, -0.1648840308189392], "cam_t_m2c": [337.2242736816406, 213.02320861816406, 1927.69921875], "obj_id": 1}, {"cam_R_m2c": [0.650661289691925, -0.3558366894721985, 0.6708353757858276, -0.698696494102478, 0.06547635048627853, 0.7124155163764954, -0.2974274158477783, -0.932251513004303, -0.20601892471313477], "cam_t_m2c": [-204.31134033203125, 20.49180793762207, 2709.821044921875], "obj_id": 0}, {"cam_R_m2c": [-0.16571862995624542, -0.36703893542289734, -0.9153249859809875, -0.8905693292617798, -0.34296706318855286, 0.29876402020454407, -0.42358431220054626, 0.8646710515022278, -0.27003759145736694], "cam_t_m2c": [-404.9674072265625, 65.40797424316406, 2385.146240234375], "obj_id": 1}, {"cam_R_m2c": [0.07370173931121826, 0.16226980090141296, 0.9839901328086853, 0.06947312504053116, -0.9851118922233582, 0.15725119411945343, 0.9948575496673584, 0.056771185249090195, -0.0838778167963028], "cam_t_m2c": [745.8908081054688, 286.397216796875, 2833.003662109375], "obj_id": 0}, {"cam_R_m2c": [-0.966600239276886, 0.21075089275836945, -0.14583538472652435, 0.08628714829683304, -0.2681967318058014, -0.959492027759552, -0.24132637679576874, -0.9400290250778198, 0.2410539835691452], "cam_t_m2c": [390.4215087890625, -1.0595991611480713, 2286.694580078125], "obj_id": 0}, {"cam_R_m2c": [0.015684213489294052, 0.8745980262756348, 0.48459500074386597, -0.9988179206848145, -0.008595951832830906, 0.04784134030342102, 0.04600750282406807, -0.48477253317832947, 0.8734293580055237], "cam_t_m2c": [-585.7108764648438, -140.5641632080078, 2965.034912109375], "obj_id": 0}, {"cam_R_m2c": [-0.2845659554004669, -0.9189825057983398, -0.27293485403060913, 0.18912214040756226, -0.33292582631111145, 0.923792839050293, -0.9398165345191956, 0.21126195788383484, 0.2685392498970032], "cam_t_m2c": [-474.7308654785156, 36.125457763671875, 2046.0672607421875], "obj_id": 2}, {"cam_R_m2c": [-0.58175128698349, -0.20830778777599335, 0.7862400412559509, 0.7665132284164429, 0.18293723464012146, 0.6156228184700012, -0.27207162976264954, 0.9608027338981628, 0.05324668809771538], "cam_t_m2c": [401.6195373535156, 190.52696228027344, 2839.776611328125], "obj_id": 0}, {"cam_R_m2c": [0.5566402077674866, -0.35895922780036926, -0.7491995692253113, 0.281374454498291, 0.9299914836883545, -0.23652534186840057, 0.7816521525382996, -0.07914610207080841, 0.6186726093292236], "cam_t_m2c": [-757.64794921875, -202.98788452148438, 3000.115966796875], "obj_id": 1}, {"cam_R_m2c": [0.9707906246185303, -0.21341681480407715, -0.1096305176615715, -0.21502791345119476, -0.5712010264396667, -0.7921441197395325, 0.10643581300973892, 0.7925796508789062, -0.6004071235656738], "cam_t_m2c": [-28.834182739257812, 273.9776916503906, 2993.281982421875], "obj_id": 2}, {"cam_R_m2c": [0.8700130581855774, 0.3348023295402527, 0.36191806197166443, 0.41090866923332214, -0.08673913776874542, -0.9075407981872559, -0.27245432138442993, 0.938287615776062, -0.21303735673427582], "cam_t_m2c": [770.9231567382812, 128.29751586914062, 2983.6376953125], "obj_id": 2}, {"cam_R_m2c": [0.6230290532112122, 0.22079911828041077, -0.7503882050514221, 0.508089005947113, -0.8436238169670105, 0.17362044751644135, -0.5947102308273315, -0.4894346296787262, -0.6377876996994019], "cam_t_m2c": [191.74525451660156, -360.2583923339844, 2958.236328125], "obj_id": 1}, {"cam_R_m2c": [0.2868143618106842, -0.8754140138626099, 0.38908588886260986, 0.790849506855011, -0.012845662422478199, -0.6118758320808411, 0.5406427383422852, 0.48320314288139343, 0.6886364221572876], "cam_t_m2c": [482.4315490722656, 909.1984252929688, 1995.40087890625], "obj_id": 0}, {"cam_R_m2c": [0.8737373352050781, -0.19724632799625397, 0.44460874795913696, 0.4780392348766327, 0.5169670581817627, -0.7100870013237, -0.08978602290153503, 0.8329699635505676, 0.5459849238395691], "cam_t_m2c": [-743.7216186523438, -124.2103271484375, 2475.02197265625], "obj_id": 1}, {"cam_R_m2c": [0.4938807785511017, 0.19602036476135254, -0.8471468091011047, -0.8417259454727173, -0.13662129640579224, -0.522333025932312, -0.2181263417005539, 0.9710357189178467, 0.09752088785171509], "cam_t_m2c": [-383.6785888671875, 327.83306884765625, 3223.48828125], "obj_id": 2}, {"cam_R_m2c": [-0.1571836918592453, 0.741288959980011, -0.6525213718414307, -0.7280830144882202, 0.3594231903553009, 0.5837038159370422, 0.6672244668006897, 0.5668383836746216, 0.48322436213493347], "cam_t_m2c": [-768.3179931640625, -250.2905731201172, 2534.327392578125], "obj_id": 2}, {"cam_R_m2c": [-0.8715812563896179, 0.043249424546957016, -0.4883396625518799, 0.2579437792301178, -0.8066231608390808, -0.5318121314048767, -0.4169066250324249, -0.5894816517829895, 0.6918816566467285], "cam_t_m2c": [28.745262145996094, 198.40316772460938, 1875.008544921875], "obj_id": 0}, {"cam_R_m2c": [-0.9323249459266663, -0.33069950342178345, 0.14631471037864685, 0.16455824673175812, -0.7482698559761047, -0.6426606774330139, 0.32201045751571655, -0.5750913023948669, 0.7520500421524048], "cam_t_m2c": [586.2044067382812, 21.520673751831055, 2823.9501953125], "obj_id": 1}, {"cam_R_m2c": [0.9821164011955261, 0.06892760843038559, -0.1752036064863205, 0.1550002545118332, -0.824254035949707, 0.5445917248725891, -0.10687489062547684, -0.5620090365409851, -0.8201972246170044], "cam_t_m2c": [-416.1747741699219, 418.80096435546875, 2819.628173828125], "obj_id": 2}, {"cam_R_m2c": [0.469695121049881, -0.6194437742233276, 0.629027783870697, 0.8477863073348999, 0.5152368545532227, -0.12565554678440094, -0.24626173079013824, 0.5923009514808655, 0.767160177230835], "cam_t_m2c": [309.8465270996094, -190.99229431152344, 3320.91064453125], "obj_id": 0}, {"cam_R_m2c": [-0.7056198716163635, -0.7082585692405701, 0.021688859909772873, -0.7044466137886047, 0.6978590488433838, -0.1294129490852356, 0.07652205973863602, -0.1065949872136116, -0.9913535714149475], "cam_t_m2c": [-622.9358520507812, 494.09423828125, 2456.211181640625], "obj_id": 2}, {"cam_R_m2c": [-0.3590763807296753, 0.8651375770568848, 0.3501442074775696, 0.9034560322761536, 0.22807645797729492, 0.3629714250564575, 0.23416060209274292, 0.4466744065284729, -0.8635105490684509], "cam_t_m2c": [218.64198303222656, 840.304931640625, 2239.070068359375], "obj_id": 1}, {"cam_R_m2c": [-0.9017206430435181, 0.41801488399505615, -0.11028577387332916, -0.0034837888088077307, 0.24806879460811615, 0.9687360525131226, 0.43230459094047546, 0.8739137649536133, -0.22223231196403503], "cam_t_m2c": [-646.7603759765625, 441.7366943359375, 2367.1220703125], "obj_id": 2}, {"cam_R_m2c": [-0.44165122509002686, -0.8886299729347229, 0.12361545115709305, 0.542777419090271, -0.37434786558151245, -0.7518352270126343, 0.7143785357475281, -0.2649533152580261, 0.6476596593856812], "cam_t_m2c": [-308.1898498535156, -62.41471862792969, 2880.230712890625], "obj_id": 2}, {"cam_R_m2c": [-0.7789707183837891, 0.385891854763031, -0.4942588806152344, 0.5963613986968994, 0.6995126605033875, -0.39374491572380066, 0.19379736483097076, -0.601472795009613, -0.7750308513641357], "cam_t_m2c": [692.2841186523438, 311.5258483886719, 2382.168212890625], "obj_id": 1}, {"cam_R_m2c": [0.7366196513175964, 0.4238477349281311, -0.5270147919654846, 0.5511230230331421, 0.07546059787273407, 0.8310049176216125, 0.3919883966445923, -0.9025845527648926, -0.17800647020339966], "cam_t_m2c": [-141.5392608642578, 807.76318359375, 2153.90625], "obj_id": 0}, {"cam_R_m2c": [0.2002585083246231, -0.7951498031616211, 0.572392463684082, -0.3132624626159668, 0.5015919804573059, 0.8063944578170776, -0.9283118844032288, -0.3407963514328003, -0.14864249527454376], "cam_t_m2c": [-270.7229309082031, 135.7773895263672, 2402.011474609375], "obj_id": 2}, {"cam_R_m2c": [-0.8274939656257629, -0.01591273956000805, 0.5612491369247437, -0.4695608615875244, 0.5676658153533936, -0.6762160658836365, -0.3078414797782898, -0.8231052756309509, -0.47721201181411743], "cam_t_m2c": [-769.2230224609375, 96.04975128173828, 2884.717529296875], "obj_id": 0}, {"cam_R_m2c": [0.21226133406162262, -0.5389751195907593, -0.815138578414917, -0.07335181534290314, -0.8405807018280029, 0.5366969108581543, -0.9744560718536377, -0.05412808805704117, -0.21795755624771118], "cam_t_m2c": [49.61251449584961, -36.73976516723633, 3227.56689453125], "obj_id": 0}, {"cam_R_m2c": [0.2021130919456482, -0.5902209877967834, 0.7815302014350891, 0.9495602250099182, 0.3134600818157196, -0.008838851004838943, -0.23976166546344757, 0.743896484375, 0.6238047480583191], "cam_t_m2c": [77.5390625, 554.3284912109375, 2033.567138671875], "obj_id": 2}, {"cam_R_m2c": [-0.3943033218383789, 0.3978555500507355, 0.8283935189247131, -0.29009413719177246, -0.9092229008674622, 0.2985951602458954, 0.8719921112060547, -0.12257502228021622, 0.4739252030849457], "cam_t_m2c": [26.461040496826172, 156.71084594726562, 2569.720458984375], "obj_id": 0}, {"cam_R_m2c": [-0.28965824842453003, -0.5933985114097595, 0.7509834170341492, -0.8602719902992249, 0.5053477883338928, 0.06749501824378967, -0.4195592403411865, -0.6264995336532593, -0.6568623185157776], "cam_t_m2c": [-453.0838928222656, -496.6670227050781, 3462.078125], "obj_id": 1}, {"cam_R_m2c": [-0.2356991171836853, -0.288303017616272, -0.9280771613121033, 0.7176471948623657, -0.6955849528312683, 0.03382308781147003, -0.6553078889846802, -0.6580598950386047, 0.3708486557006836], "cam_t_m2c": [-509.5272216796875, 443.305908203125, 2673.795166015625], "obj_id": 2}, {"cam_R_m2c": [-0.9328910708427429, -0.3479047417640686, -0.09314654767513275, 0.2854718565940857, -0.871964693069458, 0.3977225422859192, -0.21959008276462555, 0.34444114565849304, 0.9127652645111084], "cam_t_m2c": [838.5361328125, 286.37127685546875, 2682.18701171875], "obj_id": 1}, {"cam_R_m2c": [0.7129078507423401, -0.18941949307918549, -0.675190806388855, -0.6953025460243225, -0.31614354252815247, -0.6454514861106873, -0.09119611233472824, 0.9296093583106995, -0.35708507895469666], "cam_t_m2c": [636.8844604492188, 128.4907684326172, 2850.392822265625], "obj_id": 2}, {"cam_R_m2c": [-0.166873499751091, -0.218076691031456, -0.961558997631073, 0.181860089302063, -0.9653085470199585, 0.18736620247364044, -0.9690613746643066, -0.14360274374485016, 0.20074400305747986], "cam_t_m2c": [-615.0608520507812, -338.2157287597656, 3030.85498046875], "obj_id": 2}, {"cam_R_m2c": [0.8792197108268738, 0.441109299659729, -0.17998677492141724, -0.07125793397426605, 0.49530279636383057, 0.8657929301261902, 0.47105729579925537, -0.7483966946601868, 0.46691253781318665], "cam_t_m2c": [514.7099609375, -335.6105041503906, 2864.918701171875], "obj_id": 2}, {"cam_R_m2c": [0.2304791510105133, 0.9137861132621765, 0.3344760239124298, -0.9568551182746887, 0.15032535791397095, 0.24865740537643433, 0.1769394874572754, -0.3773554563522339, 0.9090078473091125], "cam_t_m2c": [-372.4825744628906, -167.545654296875, 2924.604736328125], "obj_id": 1}, {"cam_R_m2c": [-0.7986314296722412, -0.5942419767379761, 0.09520556777715683, 0.599814236164093, -0.7988520860671997, 0.04536577686667442, 0.04909692704677582, 0.09333620220422745, 0.9944233894348145], "cam_t_m2c": [-302.29876708984375, 720.8622436523438, 2403.48828125], "obj_id": 2}, {"cam_R_m2c": [0.7610960006713867, 0.5386562347412109, -0.3613618314266205, -0.0026002214290201664, 0.5596367716789246, 0.8287339210510254, 0.6486340761184692, -0.6298064589500427, 0.4273379147052765], "cam_t_m2c": [91.37089538574219, 442.95135498046875, 3101.083984375], "obj_id": 2}, {"cam_R_m2c": [0.027183298021554947, -0.186451256275177, 0.9820880889892578, -0.38639235496520996, -0.9080495834350586, -0.16169993579387665, 0.9219338297843933, -0.3750758171081543, -0.09672709554433823], "cam_t_m2c": [407.2945556640625, 347.75274658203125, 3093.234375], "obj_id": 2}, {"cam_R_m2c": [0.5680071115493774, -0.6057434678077698, -0.5571739077568054, 0.30046963691711426, 0.7828784584999084, -0.5448113083839417, 0.7662153244018555, 0.1420428305864334, 0.6266880035400391], "cam_t_m2c": [-66.91989135742188, 231.1808319091797, 3366.791259765625], "obj_id": 2}, {"cam_R_m2c": [-0.15684562921524048, -0.36698368191719055, -0.9169090986251831, -0.7152857184410095, 0.6823769211769104, -0.15075832605361938, 0.6810033917427063, 0.6322062015533447, -0.3695260286331177], "cam_t_m2c": [-315.980224609375, -140.65628051757812, 3633.949951171875], "obj_id": 0}, {"cam_R_m2c": [-0.048004552721977234, -0.09218429774045944, 0.9945841431617737, -0.4913107752799988, 0.8691275119781494, 0.0568426139652729, -0.8696604371070862, -0.4859212040901184, -0.08701321482658386], "cam_t_m2c": [-60.90475845336914, -88.87793731689453, 2270.193359375], "obj_id": 0}, {"cam_R_m2c": [0.34486162662506104, 0.2934635281562805, -0.8915994167327881, 0.7809802293777466, -0.6166413426399231, 0.0991121158003807, -0.520711362361908, -0.7305015325546265, -0.4418450891971588], "cam_t_m2c": [-456.41094970703125, -258.483154296875, 3089.31591796875], "obj_id": 2}, {"cam_R_m2c": [0.9461421370506287, 0.13905824720859528, 0.29236602783203125, -0.2263624221086502, -0.3614906668663025, 0.9044802784919739, 0.23146302998065948, -0.9219475388526917, -0.3105439841747284], "cam_t_m2c": [1032.9288330078125, -55.6234130859375, 2969.692138671875], "obj_id": 0}, {"cam_R_m2c": [-0.06785672903060913, -0.7758815884590149, 0.6272185444831848, -0.8569344878196716, 0.36727821826934814, 0.36162132024765015, -0.5109390616416931, -0.5129467844963074, -0.6898019909858704], "cam_t_m2c": [21.599624633789062, -109.35089874267578, 2893.27197265625], "obj_id": 2}, {"cam_R_m2c": [-0.45479920506477356, -0.8848715424537659, -0.10079597681760788, 0.22501099109649658, -0.004661382641643286, -0.9743450284004211, 0.8617004156112671, -0.4658116400241852, 0.20122592151165009], "cam_t_m2c": [447.72271728515625, 243.2447052001953, 3439.43212890625], "obj_id": 2}, {"cam_R_m2c": [-0.5118476748466492, -0.7517512440681458, 0.4157906770706177, 0.7976902723312378, -0.5955673456192017, -0.09481348842382431, 0.31890755891799927, 0.2831421494483948, 0.9045045375823975], "cam_t_m2c": [-402.6865539550781, -67.7518539428711, 3757.971923828125], "obj_id": 1}, {"cam_R_m2c": [0.25919991731643677, -0.8795442581176758, 0.399020254611969, 0.1255250871181488, 0.44031381607055664, 0.8890259265899658, -0.9576318264007568, -0.18034835159778595, 0.22453421354293823], "cam_t_m2c": [-129.74412536621094, -184.51785278320312, 3503.419921875], "obj_id": 1}, {"cam_R_m2c": [-0.690980076789856, -0.03780481591820717, 0.7218844294548035, 0.7182083129882812, 0.07737051695585251, 0.6915132403373718, -0.08199507743120193, 0.9962853789329529, -0.02630968950688839], "cam_t_m2c": [-612.8668212890625, 321.3306579589844, 3237.701171875], "obj_id": 1}, {"cam_R_m2c": [-0.15200920403003693, 0.7341391444206238, 0.6617647409439087, 0.2732945680618286, -0.6122209429740906, 0.7419536709785461, 0.9498436450958252, 0.2936406135559082, -0.10757282376289368], "cam_t_m2c": [-59.89467239379883, -341.0242004394531, 3608.22509765625], "obj_id": 2}, {"cam_R_m2c": [-0.9096366167068481, 0.20756559073925018, 0.3598300516605377, -0.3191167712211609, 0.2053883671760559, -0.9251918792724609, -0.26594290137290955, -0.9564163088798523, -0.12059105932712555], "cam_t_m2c": [-800.2245483398438, -17.012483596801758, 2474.523681640625], "obj_id": 1}, {"cam_R_m2c": [-0.35186076164245605, 0.9290725588798523, 0.1140974834561348, -0.7771564722061157, -0.22201183438301086, -0.5888451933860779, -0.5217489004135132, -0.2958630919456482, 0.8001519441604614], "cam_t_m2c": [-711.4633178710938, 424.57513427734375, 2945.134033203125], "obj_id": 0}, {"cam_R_m2c": [0.6370053291320801, -0.748993992805481, -0.18229679763317108, -0.5191968679428101, -0.5916726589202881, 0.616731584072113, -0.5697883367538452, -0.2982133626937866, -0.7657739520072937], "cam_t_m2c": [573.9811401367188, 230.0038299560547, 3145.781494140625], "obj_id": 0}, {"cam_R_m2c": [-0.959755539894104, 0.12086188793182373, -0.25349873304367065, 0.26203837990760803, 0.7100921273231506, -0.6535327434539795, 0.10102024674415588, -0.6936581134796143, -0.7131853103637695], "cam_t_m2c": [363.43682861328125, -266.80291748046875, 3135.67333984375], "obj_id": 2}, {"cam_R_m2c": [0.18111473321914673, -0.2601618468761444, 0.9484267234802246, 0.6013800501823425, 0.7923596501350403, 0.10250971466302872, -0.7781641483306885, 0.5517988801002502, 0.29996415972709656], "cam_t_m2c": [503.4264831542969, 732.2875366210938, 2109.282958984375], "obj_id": 2}, {"cam_R_m2c": [0.9840831160545349, -0.16230569779872894, -0.07236872613430023, 0.08631502836942673, 0.7925205230712891, -0.6037060022354126, 0.1553386151790619, 0.5878503918647766, 0.7939155101776123], "cam_t_m2c": [-567.2837524414062, -89.81291198730469, 3368.490234375], "obj_id": 0}, {"cam_R_m2c": [-0.4517417848110199, 0.8362365961074829, 0.31086644530296326, -0.8371031880378723, -0.5178055763244629, 0.17645351588726044, 0.3085252046585083, -0.180515855550766, 0.933930516242981], "cam_t_m2c": [-271.1977233886719, 667.1378784179688, 2310.895263671875], "obj_id": 0}, {"cam_R_m2c": [-0.9410893321037292, -0.20774762332439423, 0.2668176293373108, -0.29774177074432373, 0.8831234574317932, -0.36255040764808655, -0.1603139191865921, -0.4206351041793823, -0.8929532170295715], "cam_t_m2c": [-864.1094360351562, 9.760871887207031, 2197.49755859375], "obj_id": 2}, {"cam_R_m2c": [-0.3203605115413666, 0.86806720495224, 0.37924686074256897, 0.06125621870160103, -0.3805255889892578, 0.9227392077445984, 0.9453129172325134, 0.31884056329727173, 0.06873103231191635], "cam_t_m2c": [820.1756591796875, 118.46321868896484, 2838.22900390625], "obj_id": 0}, {"cam_R_m2c": [-0.9217748045921326, 0.3741289973258972, 0.1017782911658287, -0.38772276043891907, -0.8883958458900452, -0.24581295251846313, -0.0015463486779481173, -0.2660459280014038, 0.9639590978622437], "cam_t_m2c": [-136.71151733398438, -149.83367919921875, 3216.454833984375], "obj_id": 0}, {"cam_R_m2c": [-0.6823055744171143, 0.7307935953140259, -0.01999809220433235, 0.1910707950592041, 0.15185590088367462, -0.9697586297988892, -0.7056565284729004, -0.6654927134513855, -0.24324548244476318], "cam_t_m2c": [298.8573303222656, 843.5044555664062, 1974.5833740234375], "obj_id": 2}, {"cam_R_m2c": [0.004269786179065704, -0.1761130392551422, -0.9843606352806091, 0.42754969000816345, 0.890181839466095, -0.15740887820720673, 0.9039816856384277, -0.4201910197734833, 0.07909797877073288], "cam_t_m2c": [317.2138366699219, -299.39166259765625, 2717.38818359375], "obj_id": 0}, {"cam_R_m2c": [0.3177752196788788, 0.0035726686473935843, -0.9481593370437622, 0.37064632773399353, 0.9199548959732056, 0.12768834829330444, 0.8727200031280518, -0.392007976770401, 0.2910146713256836], "cam_t_m2c": [-84.71021270751953, -133.34864807128906, 2320.88134765625], "obj_id": 1}, {"cam_R_m2c": [-0.4421128034591675, -0.8951951861381531, 0.05623176693916321, -0.7931589484214783, 0.36090531945228577, -0.49055716395378113, 0.4188500642776489, -0.261482298374176, -0.8695929050445557], "cam_t_m2c": [-608.3978271484375, 12.49841594696045, 2020.495361328125], "obj_id": 2}, {"cam_R_m2c": [0.8653625845909119, -0.22599172592163086, -0.4472978413105011, 0.38247907161712646, 0.8745535016059875, 0.29810383915901184, 0.3238168954849243, -0.4290499687194824, 0.8432430028915405], "cam_t_m2c": [-798.0397338867188, 237.77369689941406, 3194.4697265625], "obj_id": 0}, {"cam_R_m2c": [-0.10884146392345428, -0.49715396761894226, -0.8608084917068481, 0.9875690340995789, -0.15286944806575775, -0.03658054769039154, -0.11340523511171341, -0.8540893793106079, 0.5076125264167786], "cam_t_m2c": [-396.28192138671875, -13.021608352661133, 2877.09716796875], "obj_id": 1}, {"cam_R_m2c": [-0.6073800325393677, -0.5587752461433411, 0.5646767020225525, -0.1039019301533699, -0.6488288640975952, -0.7538073658943176, 0.7875874042510986, -0.5165184736251831, 0.3360278308391571], "cam_t_m2c": [-808.4485473632812, 496.12957763671875, 2684.293212890625], "obj_id": 1}, {"cam_R_m2c": [-0.7198904156684875, 0.10892350971698761, 0.6854873895645142, 0.690766453742981, 0.01593805104494095, 0.7229020595550537, 0.06781581044197083, 0.9939221739768982, -0.08671410381793976], "cam_t_m2c": [-885.4679565429688, 314.0623474121094, 2912.0615234375], "obj_id": 0}, {"cam_R_m2c": [0.21127256751060486, -0.7836850881576538, 0.5841245651245117, -0.4716385304927826, 0.4416997730731964, 0.7631896138191223, -0.8561080098152161, -0.43673667311668396, -0.27629706263542175], "cam_t_m2c": [-138.1593780517578, 590.8483276367188, 2282.444091796875], "obj_id": 2}, {"cam_R_m2c": [-0.8765187859535217, 0.481353223323822, -0.003719842527061701, -0.19918550550937653, -0.35564956068992615, 0.9131475687026978, 0.43822357058525085, 0.8011319637298584, 0.407612144947052], "cam_t_m2c": [35.67601013183594, -143.83285522460938, 3210.596435546875], "obj_id": 2}, {"cam_R_m2c": [-0.9546625018119812, -6.27111439825967e-05, -0.297689825296402, 0.15838010609149933, 0.846618115901947, -0.5080880522727966, 0.2520614564418793, -0.5322008728981018, -0.808224618434906], "cam_t_m2c": [-565.45849609375, 486.8794250488281, 2697.926025390625], "obj_id": 2}, {"cam_R_m2c": [0.2749968469142914, 0.4137108325958252, -0.8678825497627258, 0.7300094962120056, 0.49758440256118774, 0.4685039222240448, 0.6256699562072754, -0.7623996138572693, -0.16517868638038635], "cam_t_m2c": [-307.9106140136719, 165.75746154785156, 3305.693603515625], "obj_id": 1}, {"cam_R_m2c": [0.8375184535980225, -0.45618656277656555, -0.30076006054878235, -0.12676289677619934, -0.6976290941238403, 0.7051559090614319, -0.5315015912055969, -0.5524559020996094, -0.6421048045158386], "cam_t_m2c": [144.079345703125, -308.25927734375, 3468.7392578125], "obj_id": 1}, {"cam_R_m2c": [-0.7481083273887634, -0.40540242195129395, -0.5253404378890991, -0.6634258031845093, 0.47381189465522766, 0.5791100263595581, 0.014139913022518158, 0.7817615270614624, -0.6234170198440552], "cam_t_m2c": [180.94068908691406, 316.2342529296875, 2477.060791015625], "obj_id": 0}, {"cam_R_m2c": [-0.06488937139511108, 0.3545060157775879, 0.9327993988990784, 0.7590277791023254, -0.5893036723136902, 0.2767632305622101, 0.6478164196014404, 0.7259796857833862, -0.2308403104543686], "cam_t_m2c": [-279.68707275390625, 59.66468811035156, 2383.476318359375], "obj_id": 0}, {"cam_R_m2c": [-0.3254932165145874, -0.7558117508888245, -0.5681573152542114, -0.5330589413642883, 0.6429679989814758, -0.5499457120895386, 0.7809624075889587, 0.12385773658752441, -0.6121739149093628], "cam_t_m2c": [561.7535400390625, 384.5589294433594, 2221.605712890625], "obj_id": 1}, {"cam_R_m2c": [-0.7632757425308228, 0.6419702172279358, 0.07269182801246643, -0.6087813377380371, -0.7523249983787537, 0.2517780065536499, 0.21632187068462372, 0.14792264997959137, 0.9650511741638184], "cam_t_m2c": [136.7734375, 87.24773406982422, 1945.3619384765625], "obj_id": 2}, {"cam_R_m2c": [0.32777124643325806, 0.16062679886817932, -0.931002140045166, -0.7630398273468018, 0.6260761618614197, -0.1606203317642212, 0.5570783019065857, 0.7630384564399719, 0.32777443528175354], "cam_t_m2c": [-538.380859375, -313.81817626953125, 2779.167236328125], "obj_id": 2}, {"cam_R_m2c": [-0.20589078962802887, 0.9775505065917969, 0.04476601257920265, -0.9570429921150208, -0.1916060894727707, -0.21761395037174225, -0.2041511833667755, -0.0876476988196373, 0.9750077724456787], "cam_t_m2c": [-374.2414245605469, 402.54736328125, 3048.007080078125], "obj_id": 1}, {"cam_R_m2c": [-0.6282873153686523, -0.6744567155838013, -0.38776686787605286, -0.6350764036178589, 0.7325274348258972, -0.2451152354478836, 0.44936949014663696, 0.09225880354642868, -0.8885692954063416], "cam_t_m2c": [1065.2587890625, -176.984375, 2878.626708984375], "obj_id": 0}, {"cam_R_m2c": [-0.16602326929569244, -0.10979188978672028, -0.9799907803535461, -0.9861215949058533, 0.017863158136606216, 0.16506065428256989, -0.0006166056264191866, 0.9937940239906311, -0.11123384535312653], "cam_t_m2c": [277.74365234375, 580.5001831054688, 2787.6728515625], "obj_id": 0}, {"cam_R_m2c": [0.6212003231048584, -0.7630822062492371, 0.1783694177865982, 0.3434104919433594, 0.06048170104622841, -0.9372358918190002, 0.7044000029563904, 0.6434652209281921, 0.29962173104286194], "cam_t_m2c": [369.9090576171875, 202.82395935058594, 2588.925048828125], "obj_id": 1}]
}