{
  "0": [{"cam_R_m2c": [0.09479635953903198, 0.9471174478530884, -0.3065651059150696, -0.49564236402511597, 0.3119731843471527, 0.8105623722076416, 0.8633378148078918, 0.07510832697153091, 0.4990054965019226], "cam_t_m2c": [235.4166717529297, 13.563947677612305, 822.519287109375], "obj_id": 1}, {"cam_R_m2c": [-0.7707537412643433, -0.33345213532447815, -0.5429073572158813, -0.4697292447090149, 0.8730950355529785, 0.13061191141605377, 0.43045687675476074, 0.35568907856941223, -0.8295734524726868], "cam_t_m2c": [406.17901611328125, 116.97045135498047, 560.76416015625], "obj_id": 3}, {"cam_R_m2c": [-0.9447523951530457, 0.006434847135096788, -0.32772114872932434, -0.2521288990974426, -0.6531611084938049, 0.7140107154846191, -0.20946021378040314, 0.7571914196014404, 0.618698239326477], "cam_t_m2c": [573.86083984375, 93.87572479248047, 771.8372802734375], "obj_id": 3}, {"cam_R_m2c": [0.9486389756202698, -0.21617233753204346, 0.23098409175872803, 0.29009708762168884, 0.3031311631202698, -0.9077197313308716, 0.1262054294347763, 0.9281061291694641, 0.3502730131149292], "cam_t_m2c": [483.3719787597656, 66.71236419677734, 777.3577270507812], "obj_id": 3}, {"cam_R_m2c": [-0.316356897354126, -0.9470579028129578, -0.05476938560605049, 0.8685964941978455, -0.26596879959106445, -0.4180918335914612, 0.38139021396636963, -0.17983873188495636, 0.9067521691322327], "cam_t_m2c": [300.0584411621094, 23.568359375, 826.5244750976562], "obj_id": 2}, {"cam_R_m2c": [0.3176175653934479, 0.9423036575317383, -0.10574864596128464, -0.9118630290031433, 0.3341194987297058, 0.23847413063049316, 0.2600477337837219, 0.020684726536273956, 0.9653741717338562], "cam_t_m2c": [611.3759765625, 156.50680541992188, 719.476318359375], "obj_id": 1}, {"cam_R_m2c": [-0.3436015546321869, 0.29053881764411926, 0.8930425047874451, 0.26982900500297546, 0.9413855671882629, -0.2024487406015396, -0.8995165824890137, 0.1714070737361908, -0.4018573462963104], "cam_t_m2c": [187.8489990234375, -72.83611297607422, 841.419677734375], "obj_id": 3}, {"cam_R_m2c": [-0.9417137503623962, 0.1537504643201828, -0.2992251217365265, -0.3360438346862793, -0.4716690480709076, 0.8152316212654114, -0.015793032944202423, 0.8682677149772644, 0.49584439396858215], "cam_t_m2c": [221.61216735839844, -21.516746520996094, 734.7785034179688], "obj_id": 3}, {"cam_R_m2c": [0.909583330154419, 0.1471785455942154, -0.38858288526535034, 0.16355228424072266, 0.7328701019287109, 0.6604180932044983, 0.38198015093803406, -0.6642588973045349, 0.6425350308418274], "cam_t_m2c": [235.26651000976562, -65.54425811767578, 828.3905029296875], "obj_id": 3}, {"cam_R_m2c": [-0.6238015294075012, -0.38666999340057373, 0.6792333126068115, 0.7639528512954712, -0.4851914346218109, 0.42540016770362854, 0.16506871581077576, 0.7842675447463989, 0.5980608463287354], "cam_t_m2c": [288.20263671875, 15.890252113342285, 840.4830322265625], "obj_id": 1}, {"cam_R_m2c": [-0.517378568649292, -0.7538682818412781, -0.40497148036956787, 0.8198028802871704, -0.30089935660362244, -0.4872193932533264, 0.24544359743595123, -0.5840737223625183, 0.7737023830413818], "cam_t_m2c": [458.9358215332031, -61.688026428222656, 982.5344848632812], "obj_id": 0}, {"cam_R_m2c": [0.9338364601135254, -0.35409799218177795, -0.05063648894429207, 0.21436752378940582, 0.6673304438591003, -0.7132437229156494, 0.28634944558143616, 0.6551982164382935, 0.6990846395492554], "cam_t_m2c": [341.2169494628906, 122.45166778564453, 507.71630859375], "obj_id": 3}, {"cam_R_m2c": [-0.3163546919822693, -0.4738669991493225, 0.8218086361885071, 0.8685969710350037, -0.49297896027565, 0.05010693147778511, 0.3813905119895935, 0.7296721339225769, 0.5675559639930725], "cam_t_m2c": [490.8089599609375, 130.25315856933594, 741.779052734375], "obj_id": 2}, {"cam_R_m2c": [-0.9246760606765747, 0.37112900614738464, -0.08507263660430908, -0.3721412420272827, -0.8336551785469055, 0.40808069705963135, 0.0805293396115303, 0.40900149941444397, 0.9089734554290771], "cam_t_m2c": [469.6066589355469, -9.401041984558105, 946.0542602539062], "obj_id": 3}, {"cam_R_m2c": [-0.4273763597011566, -0.5369810461997986, -0.7273238897323608, -0.538097620010376, -0.4953937828540802, 0.6819348931312561, -0.7264982461929321, 0.6828144788742065, -0.0772281363606453], "cam_t_m2c": [351.2773742675781, 22.59061622619629, 843.9628295898438], "obj_id": 1}, {"cam_R_m2c": [-0.7729692459106445, -0.5711467266082764, 0.2762432396411896, -0.0029456783086061478, 0.4386361241340637, 0.8986600041389465, -0.6344369649887085, 0.6938226819038391, -0.3407347798347473], "cam_t_m2c": [579.3630981445312, 150.38323974609375, 614.6065673828125], "obj_id": 3}, {"cam_R_m2c": [-0.795418918132782, -0.3165116012096405, 0.5168452262878418, 0.6044911742210388, -0.4756470024585724, 0.6390228867530823, 0.043577730655670166, 0.8207193613052368, 0.5696672201156616], "cam_t_m2c": [417.6514892578125, 122.31534576416016, 728.1831665039062], "obj_id": 1}, {"cam_R_m2c": [-0.9219151139259338, -0.30921033024787903, 0.2333696484565735, -0.18674513697624207, 0.8825236558914185, 0.43159961700439453, -0.3394092917442322, 0.3543175756931305, -0.871355414390564], "cam_t_m2c": [302.86480712890625, 101.31231689453125, 510.7307434082031], "obj_id": 3}, {"cam_R_m2c": [-0.5015948414802551, 0.8649911880493164, 0.013880996964871883, 0.725229799747467, 0.42918896675109863, -0.5383664965629578, -0.47163987159729004, -0.25997498631477356, -0.8425963521003723], "cam_t_m2c": [342.35406494140625, 121.05683898925781, 470.44207763671875], "obj_id": 1}, {"cam_R_m2c": [-0.694530189037323, -0.5762773752212524, 0.4307340383529663, -0.4859589636325836, -0.0657225176692009, -0.8715068697929382, 0.5305387377738953, -0.8146070837974548, -0.23440074920654297], "cam_t_m2c": [207.14215087890625, 10.126914978027344, 723.2761840820312], "obj_id": 3}, {"cam_R_m2c": [-0.1935042142868042, -0.03626895323395729, -0.9804288148880005, -0.9414941668510437, -0.27420273423194885, 0.19596335291862488, -0.2759436368942261, 0.9609877467155457, 0.018912365660071373], "cam_t_m2c": [-37.854888916015625, -63.722373962402344, 644.6995239257812], "obj_id": 1}, {"cam_R_m2c": [-0.38319146633148193, -0.7675280570983887, -0.5138724446296692, 0.874900221824646, -0.12321893125772476, -0.4683659076690674, 0.2961651384830475, -0.6290609836578369, 0.7187269926071167], "cam_t_m2c": [439.9356384277344, 153.2518310546875, 477.2602233886719], "obj_id": 0}, {"cam_R_m2c": [-0.07388878613710403, 0.42318323254585266, -0.9030261039733887, 0.991381824016571, 0.1293923705816269, -0.02048163115978241, 0.10817714035511017, -0.896757185459137, -0.4290967881679535], "cam_t_m2c": [521.2451171875, 198.69044494628906, 441.22039794921875], "obj_id": 0}, {"cam_R_m2c": [0.1863699108362198, 0.7006444931030273, -0.6887404322624207, 0.2137700319290161, 0.65530925989151, 0.7244805693626404, 0.9589413404464722, -0.2822534143924713, -0.0276468638330698], "cam_t_m2c": [426.06512451171875, 81.64790344238281, 841.8109741210938], "obj_id": 1}, {"cam_R_m2c": [-0.4169495105743408, -0.85052490234375, 0.320562481880188, 0.8288166522979736, -0.50054532289505, -0.2500342130661011, 0.3731164336204529, 0.16143588721752167, 0.9136315584182739], "cam_t_m2c": [340.8832702636719, 74.43883514404297, 574.5909423828125], "obj_id": 0}],
  "1": [{"cam_R_m2c": [0.09479635953903198, 0.9471174478530884, -0.3065651059150696, -0.49564236402511597, 0.3119731843471527, 0.8105623722076416, 0.8633378148078918, 0.07510832697153091, 0.4990054965019226], "cam_t_m2c": [235.4166717529297, 13.563947677612305, 822.519287109375], "obj_id": 1}, {"cam_R_m2c": [-0.7707537412643433, -0.33345213532447815, -0.5429073572158813, -0.4697292447090149, 0.8730950355529785, 0.13061191141605377, 0.43045687675476074, 0.35568907856941223, -0.8295734524726868], "cam_t_m2c": [406.17901611328125, 116.97045135498047, 560.76416015625], "obj_id": 3}, {"cam_R_m2c": [-0.9447523951530457, 0.006434847135096788, -0.32772114872932434, -0.2521288990974426, -0.6531611084938049, 0.7140107154846191, -0.20946021378040314, 0.7571914196014404, 0.618698239326477], "cam_t_m2c": [573.86083984375, 93.87572479248047, 771.8372802734375], "obj_id": 3}, {"cam_R_m2c": [0.9486389756202698, -0.21617233753204346, 0.23098409175872803, 0.29009708762168884, 0.3031311631202698, -0.9077197313308716, 0.1262054294347763, 0.9281061291694641, 0.3502730131149292], "cam_t_m2c": [483.3719787597656, 66.71236419677734, 777.3577270507812], "obj_id": 3}, {"cam_R_m2c": [-0.316356897354126, -0.9470579028129578, -0.05476938560605049, 0.8685964941978455, -0.26596879959106445, -0.4180918335914612, 0.38139021396636963, -0.17983873188495636, 0.9067521691322327], "cam_t_m2c": [300.0584411621094, 23.568359375, 826.5244750976562], "obj_id": 2}, {"cam_R_m2c": [0.3176175653934479, 0.9423036575317383, -0.10574864596128464, -0.9118630290031433, 0.3341194987297058, 0.23847413063049316, 0.2600477337837219, 0.020684726536273956, 0.9653741717338562], "cam_t_m2c": [611.3759765625, 156.50680541992188, 719.476318359375], "obj_id": 1}, {"cam_R_m2c": [-0.3436015546321869, 0.29053881764411926, 0.8930425047874451, 0.26982900500297546, 0.9413855671882629, -0.2024487406015396, -0.8995165824890137, 0.1714070737361908, -0.4018573462963104], "cam_t_m2c": [187.8489990234375, -72.83611297607422, 841.419677734375], "obj_id": 3}, {"cam_R_m2c": [-0.9417137503623962, 0.1537504643201828, -0.2992251217365265, -0.3360438346862793, -0.4716690480709076, 0.8152316212654114, -0.015793032944202423, 0.8682677149772644, 0.49584439396858215], "cam_t_m2c": [221.61216735839844, -21.516746520996094, 734.7785034179688], "obj_id": 3}, {"cam_R_m2c": [0.909583330154419, 0.1471785455942154, -0.38858288526535034, 0.16355228424072266, 0.7328701019287109, 0.6604180932044983, 0.38198015093803406, -0.6642588973045349, 0.6425350308418274], "cam_t_m2c": [235.26651000976562, -65.54425811767578, 828.3905029296875], "obj_id": 3}, {"cam_R_m2c": [-0.6238015294075012, -0.38666999340057373, 0.6792333126068115, 0.7639528512954712, -0.4851914346218109, 0.42540016770362854, 0.16506871581077576, 0.7842675447463989, 0.5980608463287354], "cam_t_m2c": [288.20263671875, 15.890252113342285, 840.4830322265625], "obj_id": 1}, {"cam_R_m2c": [-0.517378568649292, -0.7538682818412781, -0.40497148036956787, 0.8198028802871704, -0.30089935660362244, -0.4872193932533264, 0.24544359743595123, -0.5840737223625183, 0.7737023830413818], "cam_t_m2c": [458.9358215332031, -61.688026428222656, 982.5344848632812], "obj_id": 0}, {"cam_R_m2c": [0.9338364601135254, -0.35409799218177795, -0.05063648894429207, 0.21436752378940582, 0.6673304438591003, -0.7132437229156494, 0.28634944558143616, 0.6551982164382935, 0.6990846395492554], "cam_t_m2c": [341.2169494628906, 122.45166778564453, 507.71630859375], "obj_id": 3}, {"cam_R_m2c": [-0.3163546919822693, -0.4738669991493225, 0.8218086361885071, 0.8685969710350037, -0.49297896027565, 0.05010693147778511, 0.3813905119895935, 0.7296721339225769, 0.5675559639930725], "cam_t_m2c": [490.8089599609375, 130.25315856933594, 741.779052734375], "obj_id": 2}, {"cam_R_m2c": [-0.9246760606765747, 0.37112900614738464, -0.08507263660430908, -0.3721412420272827, -0.8336551785469055, 0.40808069705963135, 0.0805293396115303, 0.40900149941444397, 0.9089734554290771], "cam_t_m2c": [469.6066589355469, -9.401041984558105, 946.0542602539062], "obj_id": 3}, {"cam_R_m2c": [-0.4273763597011566, -0.5369810461997986, -0.7273238897323608, -0.538097620010376, -0.4953937828540802, 0.6819348931312561, -0.7264982461929321, 0.6828144788742065, -0.0772281363606453], "cam_t_m2c": [351.2773742675781, 22.59061622619629, 843.9628295898438], "obj_id": 1}, {"cam_R_m2c": [-0.7729692459106445, -0.5711467266082764, 0.2762432396411896, -0.0029456783086061478, 0.4386361241340637, 0.8986600041389465, -0.6344369649887085, 0.6938226819038391, -0.3407347798347473], "cam_t_m2c": [579.3630981445312, 150.38323974609375, 614.6065673828125], "obj_id": 3}, {"cam_R_m2c": [-0.795418918132782, -0.3165116012096405, 0.5168452262878418, 0.6044911742210388, -0.4756470024585724, 0.6390228867530823, 0.043577730655670166, 0.8207193613052368, 0.5696672201156616], "cam_t_m2c": [417.6514892578125, 122.31534576416016, 728.1831665039062], "obj_id": 1}, {"cam_R_m2c": [-0.9219151139259338, -0.30921033024787903, 0.2333696484565735, -0.18674513697624207, 0.8825236558914185, 0.43159961700439453, -0.3394092917442322, 0.3543175756931305, -0.871355414390564], "cam_t_m2c": [302.86480712890625, 101.31231689453125, 510.7307434082031], "obj_id": 3}, {"cam_R_m2c": [-0.5015948414802551, 0.8649911880493164, 0.013880996964871883, 0.725229799747467, 0.42918896675109863, -0.5383664965629578, -0.47163987159729004, -0.25997498631477356, -0.8425963521003723], "cam_t_m2c": [342.35406494140625, 121.05683898925781, 470.44207763671875], "obj_id": 1}, {"cam_R_m2c": [-0.694530189037323, -0.5762773752212524, 0.4307340383529663, -0.4859589636325836, -0.0657225176692009, -0.8715068697929382, 0.5305387377738953, -0.8146070837974548, -0.23440074920654297], "cam_t_m2c": [207.14215087890625, 10.126914978027344, 723.2761840820312], "obj_id": 3}, {"cam_R_m2c": [-0.1935042142868042, -0.03626895323395729, -0.9804288148880005, -0.9414941668510437, -0.27420273423194885, 0.19596335291862488, -0.2759436368942261, 0.9609877467155457, 0.018912365660071373], "cam_t_m2c": [-37.854888916015625, -63.722373962402344, 644.6995239257812], "obj_id": 1}, {"cam_R_m2c": [-0.38319146633148193, -0.7675280570983887, -0.5138724446296692, 0.874900221824646, -0.12321893125772476, -0.4683659076690674, 0.2961651384830475, -0.6290609836578369, 0.7187269926071167], "cam_t_m2c": [439.9356384277344, 153.2518310546875, 477.2602233886719], "obj_id": 0}, {"cam_R_m2c": [-0.07388878613710403, 0.42318323254585266, -0.9030261039733887, 0.991381824016571, 0.1293923705816269, -0.02048163115978241, 0.10817714035511017, -0.896757185459137, -0.4290967881679535], "cam_t_m2c": [521.2451171875, 198.69044494628906, 441.22039794921875], "obj_id": 0}, {"cam_R_m2c": [0.1863699108362198, 0.7006444931030273, -0.6887404322624207, 0.2137700319290161, 0.65530925989151, 0.7244805693626404, 0.9589413404464722, -0.2822534143924713, -0.0276468638330698], "cam_t_m2c": [426.06512451171875, 81.64790344238281, 841.8109741210938], "obj_id": 1}, {"cam_R_m2c": [-0.4169495105743408, -0.85052490234375, 0.320562481880188, 0.8288166522979736, -0.50054532289505, -0.2500342130661011, 0.3731164336204529, 0.16143588721752167, 0.9136315584182739], "cam_t_m2c": [340.8832702636719, 74.43883514404297, 574.5909423828125], "obj_id": 0}],
  "2": [{"cam_R_m2c": [0.09479635953903198, 0.9471174478530884, -0.3065651059150696, -0.49564236402511597, 0.3119731843471527, 0.8105623722076416, 0.8633378148078918, 0.07510832697153091, 0.4990054965019226], "cam_t_m2c": [235.4166717529297, 13.563947677612305, 822.519287109375], "obj_id": 1}, {"cam_R_m2c": [-0.7707537412643433, -0.33345213532447815, -0.5429073572158813, -0.4697292447090149, 0.8730950355529785, 0.13061191141605377, 0.43045687675476074, 0.35568907856941223, -0.8295734524726868], "cam_t_m2c": [406.17901611328125, 116.97045135498047, 560.76416015625], "obj_id": 3}, {"cam_R_m2c": [-0.9447523951530457, 0.006434847135096788, -0.32772114872932434, -0.2521288990974426, -0.6531611084938049, 0.7140107154846191, -0.20946021378040314, 0.7571914196014404, 0.618698239326477], "cam_t_m2c": [573.86083984375, 93.87572479248047, 771.8372802734375], "obj_id": 3}, {"cam_R_m2c": [0.9486389756202698, -0.21617233753204346, 0.23098409175872803, 0.29009708762168884, 0.3031311631202698, -0.9077197313308716, 0.1262054294347763, 0.9281061291694641, 0.3502730131149292], "cam_t_m2c": [483.3719787597656, 66.71236419677734, 777.3577270507812], "obj_id": 3}, {"cam_R_m2c": [-0.316356897354126, -0.9470579028129578, -0.05476938560605049, 0.8685964941978455, -0.26596879959106445, -0.4180918335914612, 0.38139021396636963, -0.17983873188495636, 0.9067521691322327], "cam_t_m2c": [300.0584411621094, 23.568359375, 826.5244750976562], "obj_id": 2}, {"cam_R_m2c": [0.3176175653934479, 0.9423036575317383, -0.10574864596128464, -0.9118630290031433, 0.3341194987297058, 0.23847413063049316, 0.2600477337837219, 0.020684726536273956, 0.9653741717338562], "cam_t_m2c": [611.3759765625, 156.50680541992188, 719.476318359375], "obj_id": 1}, {"cam_R_m2c": [-0.3436015546321869, 0.29053881764411926, 0.8930425047874451, 0.26982900500297546, 0.9413855671882629, -0.2024487406015396, -0.8995165824890137, 0.1714070737361908, -0.4018573462963104], "cam_t_m2c": [187.8489990234375, -72.83611297607422, 841.419677734375], "obj_id": 3}, {"cam_R_m2c": [-0.9417137503623962, 0.1537504643201828, -0.2992251217365265, -0.3360438346862793, -0.4716690480709076, 0.8152316212654114, -0.015793032944202423, 0.8682677149772644, 0.49584439396858215], "cam_t_m2c": [221.61216735839844, -21.516746520996094, 734.7785034179688], "obj_id": 3}, {"cam_R_m2c": [0.909583330154419, 0.1471785455942154, -0.38858288526535034, 0.16355228424072266, 0.7328701019287109, 0.6604180932044983, 0.38198015093803406, -0.6642588973045349, 0.6425350308418274], "cam_t_m2c": [235.26651000976562, -65.54425811767578, 828.3905029296875], "obj_id": 3}, {"cam_R_m2c": [-0.6238015294075012, -0.38666999340057373, 0.6792333126068115, 0.7639528512954712, -0.4851914346218109, 0.42540016770362854, 0.16506871581077576, 0.7842675447463989, 0.5980608463287354], "cam_t_m2c": [288.20263671875, 15.890252113342285, 840.4830322265625], "obj_id": 1}, {"cam_R_m2c": [-0.517378568649292, -0.7538682818412781, -0.40497148036956787, 0.8198028802871704, -0.30089935660362244, -0.4872193932533264, 0.24544359743595123, -0.5840737223625183, 0.7737023830413818], "cam_t_m2c": [458.9358215332031, -61.688026428222656, 982.5344848632812], "obj_id": 0}, {"cam_R_m2c": [0.9338364601135254, -0.35409799218177795, -0.05063648894429207, 0.21436752378940582, 0.6673304438591003, -0.7132437229156494, 0.28634944558143616, 0.6551982164382935, 0.6990846395492554], "cam_t_m2c": [341.2169494628906, 122.45166778564453, 507.71630859375], "obj_id": 3}, {"cam_R_m2c": [-0.3163546919822693, -0.4738669991493225, 0.8218086361885071, 0.8685969710350037, -0.49297896027565, 0.05010693147778511, 0.3813905119895935, 0.7296721339225769, 0.5675559639930725], "cam_t_m2c": [490.8089599609375, 130.25315856933594, 741.779052734375], "obj_id": 2}, {"cam_R_m2c": [-0.9246760606765747, 0.37112900614738464, -0.08507263660430908, -0.3721412420272827, -0.8336551785469055, 0.40808069705963135, 0.0805293396115303, 0.40900149941444397, 0.9089734554290771], "cam_t_m2c": [469.6066589355469, -9.401041984558105, 946.0542602539062], "obj_id": 3}, {"cam_R_m2c": [-0.4273763597011566, -0.5369810461997986, -0.7273238897323608, -0.538097620010376, -0.4953937828540802, 0.6819348931312561, -0.7264982461929321, 0.6828144788742065, -0.0772281363606453], "cam_t_m2c": [351.2773742675781, 22.59061622619629, 843.9628295898438], "obj_id": 1}, {"cam_R_m2c": [-0.7729692459106445, -0.5711467266082764, 0.2762432396411896, -0.0029456783086061478, 0.4386361241340637, 0.8986600041389465, -0.6344369649887085, 0.6938226819038391, -0.3407347798347473], "cam_t_m2c": [579.3630981445312, 150.38323974609375, 614.6065673828125], "obj_id": 3}, {"cam_R_m2c": [-0.795418918132782, -0.3165116012096405, 0.5168452262878418, 0.6044911742210388, -0.4756470024585724, 0.6390228867530823, 0.043577730655670166, 0.8207193613052368, 0.5696672201156616], "cam_t_m2c": [417.6514892578125, 122.31534576416016, 728.1831665039062], "obj_id": 1}, {"cam_R_m2c": [-0.9219151139259338, -0.30921033024787903, 0.2333696484565735, -0.18674513697624207, 0.8825236558914185, 0.43159961700439453, -0.3394092917442322, 0.3543175756931305, -0.871355414390564], "cam_t_m2c": [302.86480712890625, 101.31231689453125, 510.7307434082031], "obj_id": 3}, {"cam_R_m2c": [-0.5015948414802551, 0.8649911880493164, 0.013880996964871883, 0.725229799747467, 0.42918896675109863, -0.5383664965629578, -0.47163987159729004, -0.25997498631477356, -0.8425963521003723], "cam_t_m2c": [342.35406494140625, 121.05683898925781, 470.44207763671875], "obj_id": 1}, {"cam_R_m2c": [-0.694530189037323, -0.5762773752212524, 0.4307340383529663, -0.4859589636325836, -0.0657225176692009, -0.8715068697929382, 0.5305387377738953, -0.8146070837974548, -0.23440074920654297], "cam_t_m2c": [207.14215087890625, 10.126914978027344, 723.2761840820312], "obj_id": 3}, {"cam_R_m2c": [-0.1935042142868042, -0.03626895323395729, -0.9804288148880005, -0.9414941668510437, -0.27420273423194885, 0.19596335291862488, -0.2759436368942261, 0.9609877467155457, 0.018912365660071373], "cam_t_m2c": [-37.854888916015625, -63.722373962402344, 644.6995239257812], "obj_id": 1}, {"cam_R_m2c": [-0.38319146633148193, -0.7675280570983887, -0.5138724446296692, 0.874900221824646, -0.12321893125772476, -0.4683659076690674, 0.2961651384830475, -0.6290609836578369, 0.7187269926071167], "cam_t_m2c": [439.9356384277344, 153.2518310546875, 477.2602233886719], "obj_id": 0}, {"cam_R_m2c": [-0.07388878613710403, 0.42318323254585266, -0.9030261039733887, 0.991381824016571, 0.1293923705816269, -0.02048163115978241, 0.10817714035511017, -0.896757185459137, -0.4290967881679535], "cam_t_m2c": [521.2451171875, 198.69044494628906, 441.22039794921875], "obj_id": 0}, {"cam_R_m2c": [0.1863699108362198, 0.7006444931030273, -0.6887404322624207, 0.2137700319290161, 0.65530925989151, 0.7244805693626404, 0.9589413404464722, -0.2822534143924713, -0.0276468638330698], "cam_t_m2c": [426.06512451171875, 81.64790344238281, 841.8109741210938], "obj_id": 1}, {"cam_R_m2c": [-0.4169495105743408, -0.85052490234375, 0.320562481880188, 0.8288166522979736, -0.50054532289505, -0.2500342130661011, 0.3731164336204529, 0.16143588721752167, 0.9136315584182739], "cam_t_m2c": [340.8832702636719, 74.43883514404297, 574.5909423828125], "obj_id": 0}]
}