{
  "0": [{"cam_R_m2c": [-0.9718499183654785, 0.21791701018810272, 0.08955492824316025, 0.1497250646352768, 0.27777042984962463, 0.9489077925682068, 0.18190743029117584, 0.9356045126914978, -0.3025788962841034], "cam_t_m2c": [-216.10037231445312, 209.87574768066406, 767.8945922851562], "obj_id": 3}, {"cam_R_m2c": [0.3016158640384674, 0.24883738160133362, -0.9203845858573914, 0.922648012638092, -0.3194892704486847, 0.2159797102212906, -0.24030916392803192, -0.9143339395523071, -0.32595235109329224], "cam_t_m2c": [16.184492111206055, 63.556419372558594, 649.0550537109375], "obj_id": 3}, {"cam_R_m2c": [-0.6095604300498962, -0.6490185856819153, 0.45520418882369995, 0.42654502391815186, -0.7525299191474915, -0.501754879951477, 0.6682030558586121, -0.11168483644723892, 0.735548198223114], "cam_t_m2c": [-86.38800811767578, -94.81670379638672, 740.4598388671875], "obj_id": 3}, {"cam_R_m2c": [0.8730661273002625, 0.11428382992744446, -0.47401970624923706, 0.46725982427597046, -0.47395583987236023, 0.7463470697402954, -0.13936904072761536, -0.873100757598877, -0.467195063829422], "cam_t_m2c": [24.12117576599121, 122.0689468383789, 642.499267578125], "obj_id": 3}, {"cam_R_m2c": [0.05386247858405113, -0.014804162085056305, 0.9984386563301086, -0.9647133946418762, 0.25730907917022705, 0.05585835874080658, -0.2577342987060547, -0.9662157893180847, -0.0004225013835821301], "cam_t_m2c": [31.430206298828125, 258.3948059082031, 693.0798950195312], "obj_id": 3}, {"cam_R_m2c": [-0.373881459236145, -0.3119209408760071, 0.873451828956604, -0.9256646633148193, 0.06665759533643723, -0.372426837682724, 0.05794548615813255, -0.9477669596672058, -0.3136562705039978], "cam_t_m2c": [-124.45973205566406, 208.07373046875, 912.6819458007812], "obj_id": 3}, {"cam_R_m2c": [-0.30474910140037537, -0.44611242413520813, -0.8414936661720276, 0.06224595755338669, 0.8723026514053345, -0.48498812317848206, 0.9503964185714722, -0.2001792937517166, -0.2380647510290146], "cam_t_m2c": [-227.3769073486328, 152.06143188476562, 938.1228637695312], "obj_id": 3}, {"cam_R_m2c": [0.2805314362049103, -0.7109573483467102, 0.6448580026626587, 0.24062295258045197, -0.5982916355133057, -0.7642955780029297, 0.9291946887969971, 0.3695766031742096, 0.0032329887617379427], "cam_t_m2c": [-241.10125732421875, 218.1733856201172, 801.5523071289062], "obj_id": 3}, {"cam_R_m2c": [0.9244102835655212, -0.2866433262825012, -0.2515973150730133, 0.3566623330116272, 0.8833907246589661, 0.3039948046207428, 0.13512066006660461, -0.37075120210647583, 0.9188503623008728], "cam_t_m2c": [30.871784210205078, 70.87722778320312, 575.5962524414062], "obj_id": 3}, {"cam_R_m2c": [0.8571246266365051, 0.4806648790836334, -0.18519896268844604, 0.3702755570411682, -0.8248701095581055, -0.4271829426288605, -0.3580969274044037, 0.29757434129714966, -0.8849949240684509], "cam_t_m2c": [-9.561296463012695, 55.29404067993164, 713.9429931640625], "obj_id": 3}, {"cam_R_m2c": [0.6095478534698486, -0.15797536075115204, 0.7768495082855225, -0.7864136099815369, -0.24414180219173431, 0.5674049258232117, 0.1000254824757576, -0.9567855000495911, -0.27305006980895996], "cam_t_m2c": [-104.9233169555664, -58.941986083984375, 957.9193725585938], "obj_id": 3}, {"cam_R_m2c": [-0.643810510635376, -0.6835452318191528, -0.3439099192619324, -0.2124287635087967, 0.5914432406425476, -0.7778617143630981, 0.735106885433197, -0.4277391731739044, -0.5259820818901062], "cam_t_m2c": [-136.46942138671875, 149.08877563476562, 905.3557739257812], "obj_id": 3}, {"cam_R_m2c": [-0.13555249571800232, -0.8475483059883118, -0.5131152868270874, 0.9862310886383057, -0.06590921431779861, -0.15167124569416046, 0.09472966939210892, -0.5266097187995911, 0.8448126912117004], "cam_t_m2c": [-311.6520080566406, 214.08615112304688, 917.9273071289062], "obj_id": 3}, {"cam_R_m2c": [0.5446749329566956, -0.8099788427352905, 0.2174014151096344, -0.13524121046066284, -0.34066808223724365, -0.9304057359695435, 0.8276707530021667, 0.4773670434951782, -0.29509586095809937], "cam_t_m2c": [-341.7076416015625, 256.0926513671875, 859.0034790039062], "obj_id": 3}, {"cam_R_m2c": [-0.8839569091796875, -0.10797607153654099, -0.4549295902252197, 0.0661763846874237, -0.9920670986175537, 0.10687904804944992, -0.46286115050315857, 0.06437089294195175, 0.8840904235839844], "cam_t_m2c": [-122.64273834228516, 33.93269729614258, 946.687255859375], "obj_id": 3}, {"cam_R_m2c": [0.5944966077804565, 0.5812757015228271, -0.5556008815765381, 0.7692696452140808, -0.6122952699661255, 0.18253350257873535, -0.23408955335617065, -0.5359224677085876, -0.8111652135848999], "cam_t_m2c": [-3.094573497772217, 140.72781372070312, 949.8952026367188], "obj_id": 3}, {"cam_R_m2c": [0.028254209086298943, -0.95139479637146, -0.3066750466823578, 0.9785584807395935, -0.036292847245931625, 0.20274627208709717, -0.2040218710899353, -0.30582791566848755, 0.9299700856208801], "cam_t_m2c": [-127.96345520019531, -27.270261764526367, 622.225341796875], "obj_id": 3}, {"cam_R_m2c": [0.929603636264801, 0.12668131291866302, -0.3461053967475891, -0.2936151623725891, -0.31306156516075134, -0.9032068848609924, -0.22277171909809113, 0.9412461519241333, -0.25382760167121887], "cam_t_m2c": [-269.6690673828125, 123.17210388183594, 870.1082763671875], "obj_id": 3}, {"cam_R_m2c": [-0.2888706624507904, 0.19135694205760956, -0.9380491375923157, -0.21762751042842865, -0.9672945737838745, -0.13030482828617096, -0.9323046207427979, 0.16650405526161194, 0.3210676312446594], "cam_t_m2c": [-8.141541481018066, -71.26141357421875, 614.4060668945312], "obj_id": 3}, {"cam_R_m2c": [0.7397423386573792, -0.2362639456987381, 0.6300480961799622, -0.5544437170028687, -0.7445681691169739, 0.37176668643951416, 0.3812786936759949, -0.6243377327919006, -0.6817836761474609], "cam_t_m2c": [-286.2538146972656, -37.00436782836914, 617.6237182617188], "obj_id": 3}, {"cam_R_m2c": [0.5488353967666626, -0.766717791557312, 0.3330518901348114, -0.3308860957622528, -0.5651372075080872, -0.7557343244552612, 0.7676549553871155, 0.3045714795589447, -0.5638635158538818], "cam_t_m2c": [26.49264907836914, 207.30760192871094, 557.7308349609375], "obj_id": 3}, {"cam_R_m2c": [0.34284213185310364, -0.9244396686553955, -0.16694459319114685, -0.9131271839141846, -0.36968186497688293, 0.17185457050800323, -0.22058558464050293, 0.09352267533540726, -0.9708735346794128], "cam_t_m2c": [-234.90794372558594, -57.54732894897461, 762.8701782226562], "obj_id": 3}, {"cam_R_m2c": [0.7378278374671936, -0.6519967317581177, -0.174671933054924, 0.3448560833930969, 0.14166595041751862, 0.9279035329818726, -0.5802450180053711, -0.7448697090148926, 0.3293701410293579], "cam_t_m2c": [-258.8276062011719, 147.15724182128906, 958.7965698242188], "obj_id": 3}, {"cam_R_m2c": [0.40031641721725464, 0.5704472661018372, -0.7171726226806641, -0.6529290080070496, -0.3715752959251404, -0.6600116491317749, -0.6429855823516846, 0.7324763536453247, 0.2237139344215393], "cam_t_m2c": [-196.00820922851562, 213.8426971435547, 945.2943725585938], "obj_id": 3}, {"cam_R_m2c": [0.011694369837641716, 0.11919575184583664, -0.9928018450737, -0.9771118760108948, -0.2095416784286499, -0.03666706383228302, -0.2124040126800537, 0.9705073237419128, 0.11401721835136414], "cam_t_m2c": [-271.5726013183594, 154.87501525878906, 896.398193359375], "obj_id": 3}, {"cam_R_m2c": [0.14906993508338928, -0.7115567922592163, -0.6866330504417419, -0.8786799907684326, -0.4138149917125702, 0.2380722165107727, -0.4535410702228546, 0.5678414106369019, -0.6869180202484131], "cam_t_m2c": [-130.80117797851562, 195.8582000732422, 557.6256103515625], "obj_id": 3}, {"cam_R_m2c": [0.888697624206543, -0.4496062397956848, -0.08983741700649261, -0.14158716797828674, -0.45548197627067566, 0.8789137601852417, -0.43608441948890686, -0.7683687210083008, -0.46844422817230225], "cam_t_m2c": [-258.8464660644531, 14.885091781616211, 776.18017578125], "obj_id": 3}, {"cam_R_m2c": [0.554314374923706, -0.7448118329048157, 0.37147125601768494, -0.818009078502655, -0.5698937773704529, 0.0779886394739151, 0.15361231565475464, -0.34709709882736206, -0.9251631498336792], "cam_t_m2c": [-114.65956115722656, -155.7118377685547, 660.6493530273438], "obj_id": 3}, {"cam_R_m2c": [0.17281626164913177, -0.6760562062263489, -0.7162978053092957, 0.7359862923622131, -0.39466431736946106, 0.5500584840774536, -0.6545675992965698, -0.6222444176673889, 0.4293636679649353], "cam_t_m2c": [-135.6055145263672, -85.21678924560547, 1001.4114379882812], "obj_id": 1}, {"cam_R_m2c": [-0.6023448705673218, -0.12093230336904526, 0.7890221476554871, -0.5673349499702454, -0.6304808855056763, -0.5297403335571289, 0.5615261197090149, -0.7667262554168701, 0.31115788221359253], "cam_t_m2c": [-36.386993408203125, 209.03021240234375, 690.5852661132812], "obj_id": 1}, {"cam_R_m2c": [0.2868209779262543, 0.6217806339263916, -0.7287815809249878, -0.13019417226314545, 0.7789868116378784, 0.6133751273155212, 0.9490960240364075, -0.08104575425386429, 0.30438196659088135], "cam_t_m2c": [-282.9504089355469, 177.93643188476562, 799.6642456054688], "obj_id": 1}, {"cam_R_m2c": [-0.005096777342259884, 0.6059656739234924, -0.7954743504524231, -0.3029951751232147, -0.7590253949165344, -0.5762587785720825, -0.9529783725738525, 0.23808778822422028, 0.18747340142726898], "cam_t_m2c": [-44.39091873168945, 212.91873168945312, 572.6544189453125], "obj_id": 1}, {"cam_R_m2c": [-0.9669451713562012, -0.235660120844841, -0.09737217426300049, -0.0717482641339302, -0.1149837002158165, 0.9907729029655457, -0.24468187987804413, 0.965009331703186, 0.09427475184202194], "cam_t_m2c": [-188.91944885253906, -61.984901428222656, 1004.0806274414062], "obj_id": 1}, {"cam_R_m2c": [-0.4910110831260681, 0.6023411750793457, 0.6293593049049377, -0.7249962687492371, 0.11800912022590637, -0.6785677671432495, -0.4829994738101959, -0.7894675135612488, 0.37875136733055115], "cam_t_m2c": [-298.0401916503906, -139.97799682617188, 763.9268798828125], "obj_id": 1}, {"cam_R_m2c": [0.06984817981719971, -0.9708117842674255, -0.22944603860378265, 0.9895003437995911, 0.038252025842666626, 0.13937601447105408, -0.12653113901615143, -0.2367721050977707, 0.9632906317710876], "cam_t_m2c": [-285.2186584472656, -9.843609809875488, 989.464599609375], "obj_id": 1}, {"cam_R_m2c": [0.5968149900436401, -0.5155604481697083, 0.6148245930671692, 0.7720638513565063, 0.5776230096817017, -0.2650832533836365, -0.21847040951251984, 0.6328895092010498, 0.7427796125411987], "cam_t_m2c": [8.081873893737793, 56.04936218261719, 719.4085083007812], "obj_id": 1}, {"cam_R_m2c": [0.8503568172454834, 0.4225331246852875, 0.313622385263443, 0.03206171095371246, 0.553294837474823, -0.8323682546615601, -0.5252287983894348, 0.7178652882575989, 0.45695093274116516], "cam_t_m2c": [-78.73765563964844, -35.69858932495117, 692.8710327148438], "obj_id": 1}, {"cam_R_m2c": [0.5415622591972351, 0.12516531348228455, -0.8312904834747314, -0.8328969478607178, 0.21396860480308533, -0.5103920102119446, 0.11398662626743317, 0.9687883853912354, 0.2201271653175354], "cam_t_m2c": [-164.892578125, -96.67742919921875, 980.2410888671875], "obj_id": 1}, {"cam_R_m2c": [0.7669992446899414, 0.6076957583427429, 0.20595642924308777, 0.24268344044685364, -0.5718802809715271, 0.7836182713508606, 0.5939839482307434, -0.5510523915290833, -0.586109459400177], "cam_t_m2c": [-210.35543823242188, 224.6640625, 718.6876831054688], "obj_id": 1}, {"cam_R_m2c": [-0.676167905330658, -0.5287816524505615, -0.5130172371864319, -0.4795801341533661, 0.8445047736167908, -0.23835815489292145, 0.5592849254608154, 0.08486273139715195, -0.8246201872825623], "cam_t_m2c": [-13.048527717590332, 154.905517578125, 878.3223876953125], "obj_id": 1}, {"cam_R_m2c": [-0.9908626675605774, 0.023133983835577965, 0.13287340104579926, 0.026996232569217682, -0.9312232136726379, 0.3634472191333771, 0.1321428269147873, 0.36371347308158875, 0.9220904111862183], "cam_t_m2c": [-304.12738037109375, -91.05684661865234, 996.5036010742188], "obj_id": 1}, {"cam_R_m2c": [-0.4392035901546478, -0.7258533239364624, 0.5293741822242737, 0.32565778493881226, -0.6778046488761902, -0.6591871976852417, 0.8372855186462402, -0.117122583091259, 0.5340741276741028], "cam_t_m2c": [-59.58134078979492, -112.12959289550781, 621.0883178710938], "obj_id": 1}, {"cam_R_m2c": [0.32584407925605774, -0.3204909861087799, 0.8894442319869995, -0.8985273838043213, -0.39760255813598633, 0.18590451776981354, 0.2940646708011627, -0.8597659468650818, -0.41752633452415466], "cam_t_m2c": [-121.06388092041016, 234.67401123046875, 935.2315063476562], "obj_id": 1}, {"cam_R_m2c": [0.16086126863956451, -0.5325488448143005, 0.8309726119041443, 0.00035846748505719006, -0.8419055938720703, -0.5396248698234558, 0.9869769811630249, 0.08710262924432755, -0.1352391391992569], "cam_t_m2c": [-48.858760833740234, 210.46792602539062, 818.0517578125], "obj_id": 1}, {"cam_R_m2c": [-0.35611674189567566, -0.7875844836235046, -0.5028830766677856, -0.8000635504722595, 0.5350309610366821, -0.27136707305908203, 0.4827824831008911, 0.30570003390312195, -0.820651113986969], "cam_t_m2c": [-275.37420654296875, 139.60342407226562, 849.0670776367188], "obj_id": 1}, {"cam_R_m2c": [0.08328263461589813, -0.9821448922157288, -0.1686868816614151, 0.9964439868927002, 0.07990313321352005, 0.026736030355095863, -0.012780056335031986, -0.17031368613243103, 0.9853070378303528], "cam_t_m2c": [-127.40868377685547, 120.86692810058594, 962.3231201171875], "obj_id": 1}, {"cam_R_m2c": [0.23629912734031677, 0.9556013941764832, 0.17603592574596405, -0.8531407117843628, 0.2907542288303375, -0.4331429898738861, -0.4650952219963074, -0.047832127660512924, 0.8839674592018127], "cam_t_m2c": [-119.61346435546875, 207.5795440673828, 850.5630493164062], "obj_id": 1}, {"cam_R_m2c": [-0.24397720396518707, 0.3178967833518982, -0.9161968231201172, 0.948524534702301, -0.11849499493837357, -0.2937006652355194, -0.20193129777908325, -0.9406914710998535, -0.2726227641105652], "cam_t_m2c": [39.99082946777344, 31.66522789001465, 586.0673217773438], "obj_id": 1}, {"cam_R_m2c": [0.0828356146812439, -0.10718350857496262, 0.9907824993133545, -0.3076222538948059, 0.9428974390029907, 0.12772241234779358, -0.9478960037231445, -0.3153667151927948, 0.045133452862501144], "cam_t_m2c": [-136.50440979003906, -93.98117065429688, 743.8594970703125], "obj_id": 1}, {"cam_R_m2c": [0.47353100776672363, 0.577277421951294, -0.665221095085144, 0.14244745671749115, 0.6951286792755127, 0.704630970954895, 0.8691818714141846, -0.428423672914505, 0.24693329632282257], "cam_t_m2c": [-208.9815673828125, 75.0996322631836, 747.0159912109375], "obj_id": 1}, {"cam_R_m2c": [0.5288083553314209, 0.048243552446365356, -0.8473690152168274, -0.6624559760093689, 0.6475862264633179, -0.37654241919517517, 0.5305787324905396, 0.7604634165763855, 0.37440821528434753], "cam_t_m2c": [22.70298194885254, -52.91748046875, 729.615478515625], "obj_id": 1}, {"cam_R_m2c": [0.3644099831581116, -0.9311492443084717, -0.012895474210381508, -0.7568067312240601, -0.3041921854019165, 0.5785416960716248, -0.5426313877105713, -0.20106694102287292, -0.815550684928894], "cam_t_m2c": [-20.127735137939453, 109.2315444946289, 632.7617797851562], "obj_id": 1}, {"cam_R_m2c": [0.9912554621696472, -0.12236294895410538, -0.04939558729529381, 0.1300743669271469, 0.8430688977241516, 0.5218385457992554, -0.02220981754362583, -0.5237004160881042, 0.85161292552948], "cam_t_m2c": [67.22798919677734, -61.443992614746094, 761.2854614257812], "obj_id": 1}, {"cam_R_m2c": [-0.45760297775268555, -0.8115801811218262, -0.363231360912323, -0.8349957466125488, 0.2518397867679596, 0.4892430603504181, -0.3055838644504547, 0.527175784111023, -0.7929086089134216], "cam_t_m2c": [-1.324524164199829, -68.78034973144531, 749.39453125], "obj_id": 1}, {"cam_R_m2c": [0.030076561495661736, -0.20070484280586243, 0.979189932346344, -0.8065568208694458, 0.5737550854682922, 0.14237673580646515, -0.5903909206390381, -0.7940545678138733, -0.1446232795715332], "cam_t_m2c": [-166.21658325195312, 159.76678466796875, 895.99755859375], "obj_id": 1}, {"cam_R_m2c": [0.0028464675415307283, 0.9977090358734131, 0.06759176403284073, 0.9918955564498901, -0.01140287984162569, 0.12654340267181396, 0.12702423334121704, 0.06668376177549362, -0.989655613899231], "cam_t_m2c": [-302.35345458984375, -5.765193939208984, 789.2435913085938], "obj_id": 1}, {"cam_R_m2c": [-0.6111390590667725, 0.6580849289894104, -0.43981069326400757, -0.6569834351539612, -0.7316458821296692, -0.18184395134449005, -0.4414544105529785, 0.17781639099121094, 0.8794881105422974], "cam_t_m2c": [-307.4725341796875, 75.00399780273438, 691.4992065429688], "obj_id": 1}, {"cam_R_m2c": [0.4703560769557953, 0.8807126879692078, -0.055770013481378555, -0.6676947474479675, 0.3138447403907776, -0.675044596195221, -0.5770172476768494, 0.3547486364841461, 0.735666036605835], "cam_t_m2c": [-114.29457092285156, -35.69704818725586, 761.26611328125], "obj_id": 1}, {"cam_R_m2c": [-0.7159643769264221, -0.5241335034370422, 0.46117153763771057, -0.2408026158809662, -0.43463465571403503, -0.8678173422813416, 0.6552932262420654, -0.7323775291442871, 0.18497011065483093], "cam_t_m2c": [-138.19407653808594, 27.596818923950195, 606.592529296875], "obj_id": 1}, {"cam_R_m2c": [0.859138548374176, 0.425370991230011, 0.284500390291214, 0.46205905079841614, -0.8837578892707825, -0.07398132234811783, 0.21995998919010162, 0.19501619040966034, -0.9558169841766357], "cam_t_m2c": [-69.91658020019531, 233.0001983642578, 850.482177734375], "obj_id": 1}, {"cam_R_m2c": [0.6877404451370239, -0.2853165864944458, 0.6675384044647217, 0.7255889177322388, 0.29942411184310913, -0.6195691227912903, -0.023103727027773857, 0.9104611873626709, 0.4129486382007599], "cam_t_m2c": [23.917999267578125, 144.15060424804688, 892.0254516601562], "obj_id": 1}, {"cam_R_m2c": [0.6023560166358948, -0.797832190990448, 0.02512078918516636, -0.3795952796936035, -0.31399157643318176, -0.8702394366264343, 0.7021927237510681, 0.5146582126617432, -0.49198803305625916], "cam_t_m2c": [-256.83416748046875, 142.2370147705078, 841.5222778320312], "obj_id": 1}, {"cam_R_m2c": [-0.9335151314735413, -0.3559069335460663, 0.043357592076063156, -0.3560931384563446, 0.934443473815918, 0.0036117767449468374, -0.04180067777633667, -0.01206769235432148, -0.9990531802177429], "cam_t_m2c": [-158.109619140625, 130.73300170898438, 612.2664794921875], "obj_id": 1}, {"cam_R_m2c": [-0.02041267417371273, -0.1552850902080536, -0.9876587390899658, -0.09093334525823593, 0.9840584993362427, -0.15283964574337006, 0.995647668838501, 0.0866912379860878, -0.03420785814523697], "cam_t_m2c": [-78.13623809814453, -125.1402816772461, 681.4415893554688], "obj_id": 1}, {"cam_R_m2c": [-0.24267736077308655, -0.415975421667099, -0.8763971328735352, -0.957647979259491, -0.04159865155816078, 0.2849206030368805, -0.1549769788980484, 0.9084238409996033, -0.38826289772987366], "cam_t_m2c": [-161.6215057373047, 150.022216796875, 938.0430297851562], "obj_id": 1}, {"cam_R_m2c": [0.6340935230255127, 0.736953616142273, 0.23414699733257294, 0.1987970769405365, 0.13726209104061127, -0.9703807830810547, -0.7472651600837708, 0.661859929561615, -0.05946722999215126], "cam_t_m2c": [16.74286460876465, -103.80254364013672, 800.034912109375], "obj_id": 1}, {"cam_R_m2c": [-0.025028439238667488, -0.9984467625617981, -0.049773938953876495, -0.995682418346405, 0.02044561505317688, 0.09054416418075562, -0.08938588201999664, 0.051825232803821564, -0.9946476221084595], "cam_t_m2c": [61.09521484375, 80.03656005859375, 601.6476440429688], "obj_id": 1}, {"cam_R_m2c": [0.336260050535202, -0.9387542605400085, 0.0752970427274704, -0.6378682255744934, -0.1682014912366867, 0.7515532970428467, -0.6928587555885315, -0.30074694752693176, -0.6553609371185303], "cam_t_m2c": [-112.16191864013672, -100.31370544433594, 659.7872924804688], "obj_id": 1}, {"cam_R_m2c": [-0.9902673363685608, -0.13837657868862152, 0.014912514016032219, 0.0914725586771965, -0.5663365721702576, 0.8190821409225464, -0.10489628463983536, 0.8124744296073914, 0.5734823942184448], "cam_t_m2c": [-245.56423950195312, 58.510780334472656, 861.534423828125], "obj_id": 1}, {"cam_R_m2c": [0.4759049415588379, 0.44539114832878113, 0.7583807110786438, -0.8786707520484924, 0.20341718196868896, 0.4319249987602234, 0.03810786455869675, -0.8719221949577332, 0.4881593883037567], "cam_t_m2c": [-123.2584228515625, 54.69943618774414, 747.9235229492188], "obj_id": 1}, {"cam_R_m2c": [0.059964437037706375, 0.048078764230012894, 0.9970420002937317, -0.7051419019699097, -0.7049381136894226, 0.07640200108289719, 0.7065261602401733, -0.7076374888420105, -0.008368906565010548], "cam_t_m2c": [-37.446311950683594, 145.60089111328125, 675.767333984375], "obj_id": 1}, {"cam_R_m2c": [0.7929273247718811, 0.6062105894088745, 0.061441052705049515, -0.6083239912986755, 0.7933534383773804, 0.023070670664310455, -0.034758783876895905, -0.055669430643320084, 0.9978440403938293], "cam_t_m2c": [-213.4860382080078, 83.67372131347656, 899.6071166992188], "obj_id": 1}, {"cam_R_m2c": [-0.8014033436775208, 0.5951231122016907, 0.05984151363372803, -0.04304690659046173, 0.0424017608165741, -0.9981728196144104, -0.5965731143951416, -0.8025150895118713, -0.0083626052364707], "cam_t_m2c": [-243.20675659179688, -41.12071228027344, 929.6337890625], "obj_id": 1}, {"cam_R_m2c": [0.694739818572998, -0.024953730404376984, -0.7188281416893005, 0.09112577885389328, -0.9882910847663879, 0.1223800852894783, -0.7134652733802795, -0.15052609145641327, -0.6843312382698059], "cam_t_m2c": [-32.27391815185547, 77.40530395507812, 640.8866577148438], "obj_id": 1}, {"cam_R_m2c": [-0.8576018810272217, -0.4772624671459198, -0.19167514145374298, 0.005588619504123926, 0.3640117049217224, -0.9313775897026062, 0.5142835974693298, -0.7998224496841431, -0.30950984358787537], "cam_t_m2c": [-12.307677268981934, -75.69197845458984, 773.7965087890625], "obj_id": 1}, {"cam_R_m2c": [0.6148627400398254, -0.14376258850097656, -0.7754200100898743, -0.3551385700702667, -0.9283804297447205, -0.10948275029659271, -0.7041451930999756, 0.3426983952522278, -0.6218822002410889], "cam_t_m2c": [-252.72735595703125, 58.57438659667969, 894.0076904296875], "obj_id": 1}, {"cam_R_m2c": [-0.06306982040405273, 0.9002779126167297, -0.43072256445884705, -0.7721247673034668, 0.2294313758611679, 0.5926083326339722, 0.6323334574699402, 0.36994725465774536, 0.6806566715240479], "cam_t_m2c": [-226.41993713378906, 192.99765014648438, 625.6819458007812], "obj_id": 1}, {"cam_R_m2c": [-0.4495369493961334, -0.059399645775556564, -0.8912846446037292, 0.8912553787231445, -0.09666500985622406, -0.4430799186229706, -0.05983720347285271, -0.9935429692268372, 0.09639466553926468], "cam_t_m2c": [25.28618049621582, 70.65411376953125, 606.0345458984375], "obj_id": 1}, {"cam_R_m2c": [0.2527429759502411, -0.5998780727386475, -0.7591227293014526, 0.9262498617172241, 0.3767591714859009, 0.010661743581295013, 0.2796107232570648, -0.7058320045471191, 0.6508602499961853], "cam_t_m2c": [63.73175048828125, 95.28328704833984, 648.44677734375], "obj_id": 1}, {"cam_R_m2c": [0.14590948820114136, 0.9831994771957397, -0.10967754572629929, -0.06726117432117462, -0.10074843466281891, -0.9926357269287109, -0.987008810043335, 0.1522120088338852, 0.05143100023269653], "cam_t_m2c": [-107.07902526855469, 190.09963989257812, 546.4600219726562], "obj_id": 1}, {"cam_R_m2c": [-0.2017759084701538, -0.6340675950050354, 0.7464883327484131, 0.3729686141014099, 0.6549983620643616, 0.6571694016456604, -0.9056383967399597, 0.41101765632629395, 0.10432440787553787], "cam_t_m2c": [-41.241817474365234, 151.1544647216797, 679.8492431640625], "obj_id": 1}, {"cam_R_m2c": [0.43648767471313477, 0.7705565690994263, -0.46445783972740173, -0.8471907377243042, 0.5258020758628845, 0.07615745067596436, 0.30289652943611145, 0.3602426052093506, 0.8823145627975464], "cam_t_m2c": [-45.265647888183594, 142.94598388671875, 799.1664428710938], "obj_id": 1}, {"cam_R_m2c": [0.34538087248802185, 0.09723411500453949, 0.9334117770195007, -0.8639121055603027, 0.42143866419792175, 0.27576303482055664, -0.3665621876716614, -0.9016290307044983, 0.22955860197544098], "cam_t_m2c": [-207.05271911621094, 226.616943359375, 938.358642578125], "obj_id": 3}, {"cam_R_m2c": [0.5047950148582458, 0.20711448788642883, 0.8380247950553894, 0.573915958404541, -0.8056884407997131, -0.1465829461812973, 0.6448274850845337, 0.5549501776695251, -0.5255737900733948], "cam_t_m2c": [-40.30908203125, -1.9429758787155151, 951.5367431640625], "obj_id": 1}, {"cam_R_m2c": [-0.7466282248497009, 0.6344906091690063, -0.19991961121559143, 0.5631569027900696, 0.7628106474876404, 0.3177643120288849, 0.35411930084228516, 0.12466571480035782, -0.9268537759780884], "cam_t_m2c": [-246.71527099609375, 126.25193786621094, 578.3265380859375], "obj_id": 1}, {"cam_R_m2c": [0.8260849118232727, -0.515902578830719, 0.2267780601978302, 0.13541445136070251, -0.20890414714813232, -0.9685153365135193, 0.5470344424247742, 0.8307849168777466, -0.10271189361810684], "cam_t_m2c": [-303.0247802734375, -47.166893005371094, 844.2042846679688], "obj_id": 1}, {"cam_R_m2c": [-0.9422246813774109, 0.11480285972356796, -0.31469467282295227, -0.33124029636383057, -0.1793009638786316, 0.9263535737991333, 0.049922969192266464, 0.9770728349685669, 0.20696921646595], "cam_t_m2c": [-215.80926513671875, 149.71463012695312, 567.5033569335938], "obj_id": 1}, {"cam_R_m2c": [-0.18308871984481812, 0.283582478761673, 0.9413073658943176, -0.9307698011398315, -0.35821929574012756, -0.0731203481554985, 0.3164587616920471, -0.8895279765129089, 0.32953590154647827], "cam_t_m2c": [-148.59556579589844, 147.25450134277344, 966.0670776367188], "obj_id": 3}, {"cam_R_m2c": [-0.9815271496772766, -0.1608588695526123, 0.10358064621686935, 0.10454371571540833, -0.9043509364128113, -0.41378745436668396, 0.16023463010787964, -0.39531490206718445, 0.9044617414474487], "cam_t_m2c": [-280.01141357421875, 53.35456848144531, 715.7839965820312], "obj_id": 1}, {"cam_R_m2c": [-0.5421118140220642, 0.7092114090919495, 0.4507034420967102, 0.8402376770973206, 0.45065298676490784, 0.3015168607234955, 0.01072839554399252, 0.5421539545059204, -0.8402104377746582], "cam_t_m2c": [-274.1559143066406, -149.29039001464844, 799.6357421875], "obj_id": 1}, {"cam_R_m2c": [0.22020326554775238, -0.961114227771759, 0.1666431874036789, 0.7626183032989502, 0.0631062462925911, -0.6437630653381348, 0.6082136631011963, 0.2688438594341278, 0.7468594908714294], "cam_t_m2c": [-66.38575744628906, 242.83860778808594, 943.777587890625], "obj_id": 1}, {"cam_R_m2c": [-0.27342429757118225, 0.3438265025615692, -0.8983442783355713, 0.25669169425964355, 0.9261457920074463, 0.27633917331695557, 0.9270105361938477, -0.1550396829843521, -0.34148818254470825], "cam_t_m2c": [58.91532516479492, -84.89805603027344, 752.23974609375], "obj_id": 3}, {"cam_R_m2c": [-0.5306124687194824, -0.6673120856285095, 0.5226325392723083, 0.8411267995834351, -0.33840250968933105, 0.42188775539398193, -0.10467061400413513, 0.6634591817855835, 0.7408548593521118], "cam_t_m2c": [-121.01653289794922, -50.80925369262695, 645.1116943359375], "obj_id": 1}, {"cam_R_m2c": [0.2912255823612213, 0.9542116522789001, -0.06832126528024673, -0.310594767332077, 0.1618581861257553, 0.9366604685783386, 0.9048306941986084, -0.2515592575073242, 0.34351038932800293], "cam_t_m2c": [48.79894256591797, 253.81353759765625, 929.8877563476562], "obj_id": 1}, {"cam_R_m2c": [0.2871440649032593, -0.42515379190444946, 0.8583661317825317, -0.7541314959526062, -0.6528639793395996, -0.0710923820734024, 0.5906215906143188, -0.626907229423523, -0.5080878138542175], "cam_t_m2c": [-43.26942825317383, 88.29829406738281, 911.5391845703125], "obj_id": 3}, {"cam_R_m2c": [-0.8450303673744202, -0.06403621286153793, 0.5308703184127808, 0.1192140057682991, 0.9452530741691589, 0.30378395318984985, -0.5212599635124207, 0.319993793964386, -0.7911335229873657], "cam_t_m2c": [-275.7964172363281, 75.83671569824219, 595.0492553710938], "obj_id": 1}, {"cam_R_m2c": [-0.9476701021194458, 0.19899003207683563, -0.24964763224124908, -0.2913731038570404, -0.21952751278877258, 0.9310795664787292, 0.13047100603580475, 0.9550970792770386, 0.266020268201828], "cam_t_m2c": [-234.2283172607422, -20.79253387451172, 667.06103515625], "obj_id": 3}, {"cam_R_m2c": [-0.21835725009441376, -0.7352932691574097, -0.6416102051734924, -0.26653194427490234, 0.6774142384529114, -0.6856169104576111, 0.9387654662132263, 0.02130012959241867, -0.34389743208885193], "cam_t_m2c": [-246.6182861328125, 175.3963623046875, 923.4202880859375], "obj_id": 3}, {"cam_R_m2c": [-0.731929361820221, 0.3442423343658447, 0.5880277752876282, 0.6773403286933899, 0.4614267647266388, 0.5729706883430481, -0.07409098744392395, 0.8176689743995667, -0.5709010362625122], "cam_t_m2c": [-141.67666625976562, 104.16924285888672, 821.383056640625], "obj_id": 3}, {"cam_R_m2c": [0.607220470905304, 0.6831873059272766, -0.40563344955444336, 0.6580271124839783, -0.14629679918289185, 0.7386457920074463, 0.44529053568840027, -0.7154386639595032, -0.5383901596069336], "cam_t_m2c": [-212.58323669433594, 230.13546752929688, 932.1620483398438], "obj_id": 3}, {"cam_R_m2c": [0.08227678388357162, 0.4166673719882965, 0.9053279757499695, -0.052438266575336456, -0.9053396582603455, 0.4214383363723755, 0.9952290058135986, -0.08214841783046722, -0.052639078348875046], "cam_t_m2c": [-62.879249572753906, 164.14254760742188, 696.9959716796875], "obj_id": 1}, {"cam_R_m2c": [-0.3450620472431183, -0.8367407321929932, -0.4252024292945862, 0.9378311038017273, -0.32546839118003845, -0.12059493362903595, -0.03748326748609543, -0.4403808116912842, 0.8970282673835754], "cam_t_m2c": [24.554821014404297, 137.63027954101562, 947.4181518554688], "obj_id": 3}, {"cam_R_m2c": [0.002356604440137744, 0.39333245158195496, 0.9193933010101318, -0.21003863215446472, -0.8986921906471252, 0.38501453399658203, 0.9776902794837952, -0.19401544332504272, 0.08049710839986801], "cam_t_m2c": [-142.24746704101562, -53.94972610473633, 834.342529296875], "obj_id": 3}, {"cam_R_m2c": [-0.6015536785125732, 0.4301601052284241, -0.6731235384941101, 0.524249255657196, 0.8483743667602539, 0.07364575564861298, 0.6027402281761169, -0.3085826337337494, -0.7358538508415222], "cam_t_m2c": [31.505483627319336, 139.2550048828125, 829.086669921875], "obj_id": 3}, {"cam_R_m2c": [0.12790265679359436, -0.29306671023368835, 0.9474981427192688, 0.9259818196296692, -0.3069044351577759, -0.21992547810077667, 0.35524430871009827, 0.9054951071739197, 0.23212064802646637], "cam_t_m2c": [-178.8045654296875, 177.83563232421875, 625.1045532226562], "obj_id": 1}, {"cam_R_m2c": [-0.7303264141082764, 0.1824854016304016, 0.6582722067832947, 0.318936824798584, -0.7610799074172974, 0.5648331642150879, 0.6040716171264648, 0.622459888458252, 0.4976355731487274], "cam_t_m2c": [32.94622802734375, 224.94700622558594, 615.6271362304688], "obj_id": 3}, {"cam_R_m2c": [0.1728384643793106, 0.3834287226200104, -0.907253623008728, -0.9079397320747375, 0.41908013820648193, 0.004144919570535421, 0.38180121779441833, 0.8230152726173401, 0.42056339979171753], "cam_t_m2c": [-216.06857299804688, 134.97427368164062, 856.0182495117188], "obj_id": 3}, {"cam_R_m2c": [0.6559320092201233, -0.17990082502365112, 0.7330681681632996, -0.2057124823331833, -0.9770258665084839, -0.05570336803793907, 0.7262476086616516, -0.1142636388540268, -0.6778703927993774], "cam_t_m2c": [-116.43952941894531, -48.9254035949707, 773.9246215820312], "obj_id": 1}, {"cam_R_m2c": [-0.5448650121688843, 0.7968740463256836, -0.2609862983226776, -0.6735844612121582, -0.23057837784290314, 0.7022233009338379, 0.49940571188926697, 0.5584132075309753, 0.6623960733413696], "cam_t_m2c": [-0.2352064549922943, 205.3252410888672, 742.9952392578125], "obj_id": 1}, {"cam_R_m2c": [0.6766101121902466, -0.715768039226532, -0.17284338176250458, -0.6991760730743408, -0.5508769750595093, -0.45572733879089355, 0.23097963631153107, 0.4291976988315582, -0.8731768131256104], "cam_t_m2c": [-68.37276458740234, 219.37789916992188, 599.4053344726562], "obj_id": 1}, {"cam_R_m2c": [-0.2875039577484131, 0.9353234171867371, -0.20618292689323425, 0.6497292518615723, 0.348626047372818, 0.675508439540863, 0.7036996483802795, 0.06024830788373947, -0.7079383730888367], "cam_t_m2c": [-228.9350128173828, -50.178993225097656, 980.4592895507812], "obj_id": 1}, {"cam_R_m2c": [-0.3359363377094269, 0.35900259017944336, -0.8707833886146545, 0.39944592118263245, 0.8915576338768005, 0.21346645057201385, 0.852988600730896, -0.27611973881721497, -0.44290873408317566], "cam_t_m2c": [23.213497161865234, 216.5870361328125, 556.3233032226562], "obj_id": 1}, {"cam_R_m2c": [0.7503499388694763, -0.5539536476135254, -0.3607081472873688, -0.2038324624300003, -0.7129675149917603, 0.6709170937538147, -0.6288301348686218, -0.42989853024482727, -0.6478888392448425], "cam_t_m2c": [-218.51446533203125, 112.7464599609375, 908.6944580078125], "obj_id": 3}, {"cam_R_m2c": [-0.08280545473098755, 0.40375155210494995, 0.9111135601997375, 0.9163490533828735, -0.32852140069007874, 0.22886253893375397, 0.39172396063804626, 0.8538491129875183, -0.3427739441394806], "cam_t_m2c": [-223.39511108398438, 175.52752685546875, 772.9618530273438], "obj_id": 3}, {"cam_R_m2c": [-0.35946789383888245, 0.2407204657793045, -0.9015743136405945, 0.7251944541931152, 0.6800912022590637, -0.10755888372659683, 0.5872611403465271, -0.692480742931366, -0.41904008388519287], "cam_t_m2c": [-175.9283905029297, -11.564163208007812, 723.240234375], "obj_id": 3}, {"cam_R_m2c": [0.9851966500282288, -0.14049002528190613, 0.0982348769903183, 0.1366570144891739, 0.2976554334163666, -0.9448418021202087, 0.10350070893764496, 0.9442794919013977, 0.31244808435440063], "cam_t_m2c": [-300.390380859375, -53.51784133911133, 770.2096557617188], "obj_id": 1}, {"cam_R_m2c": [-0.9267539381980896, 0.22577603161334991, 0.30025365948677063, -0.15258178114891052, 0.5041350722312927, -0.8500391840934753, -0.3432868719100952, -0.8335904479026794, -0.4327597916126251], "cam_t_m2c": [-91.01850891113281, 144.05984497070312, 795.1783447265625], "obj_id": 3}, {"cam_R_m2c": [0.5048834085464478, 0.12613174319267273, 0.853922426700592, -0.8631757497787476, 0.07895087450742722, 0.49869272112846375, -0.004516963381320238, -0.9888668060302734, 0.14873483777046204], "cam_t_m2c": [-140.88035583496094, -84.36121368408203, 722.1704711914062], "obj_id": 1}, {"cam_R_m2c": [-0.9601188898086548, -0.26335301995277405, 0.09389951080083847, 0.22722750902175903, -0.5392904281616211, 0.8108844757080078, -0.16290977597236633, 0.7998819947242737, 0.5776237845420837], "cam_t_m2c": [-161.53961181640625, -49.78761672973633, 623.3515625], "obj_id": 1}, {"cam_R_m2c": [-0.6527919173240662, -0.5710884928703308, 0.4977152645587921, 0.43510785698890686, 0.2551692724227905, 0.863463819026947, -0.6201158761978149, 0.7802220582962036, 0.08191274106502533], "cam_t_m2c": [-37.129573822021484, 57.181068420410156, 839.3486938476562], "obj_id": 3}, {"cam_R_m2c": [-0.6152302026748657, 0.769549548625946, 0.17112931609153748, 0.3181535601615906, 0.4409793019294739, -0.8392351269721985, -0.7212975025177002, -0.46187740564346313, -0.5161387324333191], "cam_t_m2c": [-236.7405548095703, 287.0157775878906, 899.9111328125], "obj_id": 3}, {"cam_R_m2c": [0.5631749629974365, -0.693464457988739, -0.44937852025032043, -0.8232911229133606, -0.42422062158584595, -0.37713220715522766, 0.07089214026927948, 0.5823607444763184, -0.8098335862159729], "cam_t_m2c": [11.971026420593262, 297.299560546875, 921.593994140625], "obj_id": 3}, {"cam_R_m2c": [-0.06586813181638718, -0.9976649880409241, -0.018054606392979622, 0.9520848989486694, -0.05742262676358223, -0.30039480328559875, 0.2986566126346588, -0.036975961178541183, 0.9536440372467041], "cam_t_m2c": [-70.17638397216797, -81.07486724853516, 636.4171142578125], "obj_id": 1}, {"cam_R_m2c": [0.5516927242279053, -0.00901609193533659, -0.8339986801147461, -0.8071639537811279, -0.2576022744178772, -0.5311565399169922, -0.2100510448217392, 0.9662089347839355, -0.14939473569393158], "cam_t_m2c": [39.39101028442383, 105.3355484008789, 918.5997314453125], "obj_id": 1}, {"cam_R_m2c": [-0.5047699809074402, 0.7401096224784851, 0.4443475306034088, 0.04298553243279457, 0.5356466174125671, -0.843347430229187, -0.8621828556060791, -0.4065960645675659, -0.3021922707557678], "cam_t_m2c": [64.95896911621094, 104.24501037597656, 921.7810668945312], "obj_id": 3}, {"cam_R_m2c": [0.1576351672410965, -0.3417981266975403, 0.9264584183692932, -0.740962564945221, -0.6611270904541016, -0.1178361102938652, 0.6527829766273499, -0.6678959131240845, -0.35747650265693665], "cam_t_m2c": [-170.0258026123047, 171.36788940429688, 816.3021850585938], "obj_id": 3}, {"cam_R_m2c": [-0.17022016644477844, 0.9836505055427551, 0.05879317969083786, -0.3921003043651581, -0.1223483681678772, 0.9117500185966492, 0.9040367007255554, 0.1321454644203186, 0.406515896320343], "cam_t_m2c": [-294.71356201171875, -53.269256591796875, 1004.6969604492188], "obj_id": 3}, {"cam_R_m2c": [0.1506916731595993, 0.041698530316352844, -0.9877009987831116, 0.9847760796546936, 0.08124063163995743, 0.15367521345615387, 0.08664947748184204, -0.9958218932151794, -0.0288214273750782], "cam_t_m2c": [-250.636962890625, 142.2081298828125, 958.257568359375], "obj_id": 3}, {"cam_R_m2c": [0.8703575730323792, -0.1312495768070221, 0.47460636496543884, 0.3741356134414673, 0.8029084801673889, -0.46406951546669006, -0.3201565444469452, 0.5814735293388367, 0.7479225993156433], "cam_t_m2c": [-19.528034210205078, -103.65289306640625, 719.541259765625], "obj_id": 3}, {"cam_R_m2c": [-0.1868576854467392, 0.9822161197662354, -0.018320314586162567, -0.9392719268798828, -0.18408991396427155, -0.28961896896362305, -0.2878410220146179, -0.03690977767109871, 0.9569666981697083], "cam_t_m2c": [-159.05223083496094, 10.993674278259277, 853.416015625], "obj_id": 3}, {"cam_R_m2c": [-0.9419177770614624, -0.31967923045158386, 0.10293630510568619, -0.3281763195991516, 0.8109982013702393, -0.4843369126319885, 0.0713513121008873, -0.4899868369102478, -0.8688047528266907], "cam_t_m2c": [-96.40703582763672, -43.518035888671875, 604.8907470703125], "obj_id": 3}, {"cam_R_m2c": [-0.37820470333099365, -0.5766382813453674, 0.7241888642311096, 0.9245626330375671, -0.19615116715431213, 0.32666292786598206, -0.046315863728523254, 0.7931033968925476, 0.6073235273361206], "cam_t_m2c": [-43.685909271240234, -10.697375297546387, 967.758544921875], "obj_id": 1}, {"cam_R_m2c": [-0.32327672839164734, -0.11110302060842514, 0.9397595524787903, -0.9397211670875549, 0.15462683141231537, -0.30498287081718445, -0.11142747104167938, -0.981705904006958, -0.1543930470943451], "cam_t_m2c": [52.59187316894531, -32.50453186035156, 635.2908325195312], "obj_id": 3}, {"cam_R_m2c": [0.5865239500999451, 0.5810890197753906, -0.564203143119812, -0.7421647310256958, 0.6645331978797913, -0.08710426092147827, 0.3243163824081421, 0.46982043981552124, 0.8210284113883972], "cam_t_m2c": [-165.25146484375, -13.616143226623535, 785.6427001953125], "obj_id": 1}, {"cam_R_m2c": [0.21501797437667847, -0.17406845092773438, 0.9609721302986145, -0.6995862722396851, 0.659123957157135, 0.27592507004737854, -0.6814295649528503, -0.7316117882728577, 0.01994759775698185], "cam_t_m2c": [-256.3011779785156, 127.19445037841797, 940.4320068359375], "obj_id": 3}, {"cam_R_m2c": [0.21831636130809784, -0.34109804034233093, -0.9143248796463013, 0.7047715783119202, -0.5929549932479858, 0.3894883990287781, -0.6750073432922363, -0.7294219136238098, 0.11094452440738678], "cam_t_m2c": [-262.8021240234375, 72.98326110839844, 648.0643920898438], "obj_id": 3}, {"cam_R_m2c": [-0.5352568626403809, 0.8182241916656494, -0.20978301763534546, -0.38237136602401733, -0.013254891149699688, 0.9239135384559631, 0.7531878352165222, 0.5747462511062622, 0.31996047496795654], "cam_t_m2c": [-224.15310668945312, 61.24454116821289, 627.7372436523438], "obj_id": 1}, {"cam_R_m2c": [-0.9914318919181824, -0.1041584238409996, 0.07882516086101532, -0.029348475858569145, -0.41040152311325073, -0.9114323854446411, 0.12728334963321