{
  "0": [{"cam_R_m2c": [0.8100849986076355, -0.5574159622192383, 0.18179570138454437, 0.08567535877227783, -0.19419768452644348, -0.9772137999534607, 0.580018937587738, 0.807201623916626, -0.1095597892999649], "cam_t_m2c": [-237.38331604003906, -24.969837188720703, 623.922607421875], "obj_id": 2}, {"cam_R_m2c": [0.8100849986076355, -0.5574159622192383, 0.18179570138454437, 0.08567535877227783, -0.19419768452644348, -0.9772137999534607, 0.580018937587738, 0.807201623916626, -0.1095597892999649], "cam_t_m2c": [-237.38331604003906, -24.969837188720703, 623.922607421875], "obj_id": 3}, {"cam_R_m2c": [0.8100849986076355, -0.5574159622192383, 0.18179570138454437, 0.08567535877227783, -0.19419768452644348, -0.9772137999534607, 0.580018937587738, 0.807201623916626, -0.1095597892999649], "cam_t_m2c": [-237.38331604003906, -24.969837188720703, 623.922607421875], "obj_id": 2}, {"cam_R_m2c": [0.8100849986076355, -0.5574159622192383, 0.18179570138454437, 0.08567535877227783, -0.19419768452644348, -0.9772137999534607, 0.580018937587738, 0.807201623916626, -0.1095597892999649], "cam_t_m2c": [-237.38331604003906, -24.969837188720703, 623.922607421875], "obj_id": 3}, {"cam_R_m2c": [0.8100849986076355, -0.5574159622192383, 0.18179570138454437, 0.08567535877227783, -0.19419768452644348, -0.9772137999534607, 0.580018937587738, 0.807201623916626, -0.1095597892999649], "cam_t_m2c": [-237.38331604003906, -24.969837188720703, 623.922607421875], "obj_id": 1}, {"cam_R_m2c": [0.8100849986076355, -0.5574159622192383, 0.18179570138454437, 0.08567535877227783, -0.19419768452644348, -0.9772137999534607, 0.580018937587738, 0.807201623916626, -0.1095597892999649], "cam_t_m2c": [-237.38331604003906, -24.969837188720703, 623.922607421875], "obj_id": 3}, {"cam_R_m2c": [0.8100849986076355, -0.5574159622192383, 0.18179570138454437, 0.08567535877227783, -0.19419768452644348, -0.9772137999534607, 0.580018937587738, 0.807201623916626, -0.1095597892999649], "cam_t_m2c": [-237.38331604003906, -24.969837188720703, 623.922607421875], "obj_id": 2}, {"cam_R_m2c": [0.8100849986076355, -0.5574159622192383, 0.18179570138454437, 0.08567535877227783, -0.19419768452644348, -0.9772137999534607, 0.580018937587738, 0.807201623916626, -0.1095597892999649], "cam_t_m2c": [-237.38331604003906, -24.969837188720703, 623.922607421875], "obj_id": 1}, {"cam_R_m2c": [0.8100849986076355, -0.5574159622192383, 0.18179570138454437, 0.08567535877227783, -0.19419768452644348, -0.9772137999534607, 0.580018937587738, 0.807201623916626, -0.1095597892999649], "cam_t_m2c": [-237.38331604003906, -24.969837188720703, 623.922607421875], "obj_id": 0}, {"cam_R_m2c": [0.8100849986076355, -0.5574159622192383, 0.18179570138454437, 0.08567535877227783, -0.19419768452644348, -0.9772137999534607, 0.580018937587738, 0.807201623916626, -0.1095597892999649], "cam_t_m2c": [-237.38331604003906, -24.969837188720703, 623.922607421875], "obj_id": 0}, {"cam_R_m2c": [0.8100849986076355, -0.5574159622192383, 0.18179570138454437, 0.08567535877227783, -0.19419768452644348, -0.9772137999534607, 0.580018937587738, 0.807201623916626, -0.1095597892999649], "cam_t_m2c": [-237.38331604003906, -24.969837188720703, 623.922607421875], "obj_id": 3}, {"cam_R_m2c": [0.8100849986076355, -0.5574159622192383, 0.18179570138454437, 0.08567535877227783, -0.19419768452644348, -0.9772137999534607, 0.580018937587738, 0.807201623916626, -0.1095597892999649], "cam_t_m2c": [-237.38331604003906, -24.969837188720703, 623.922607421875], "obj_id": 2}, {"cam_R_m2c": [0.8100849986076355, -0.5574159622192383, 0.18179570138454437, 0.08567535877227783, -0.19419768452644348, -0.9772137999534607, 0.580018937587738, 0.807201623916626, -0.1095597892999649], "cam_t_m2c": [-237.38331604003906, -24.969837188720703, 623.922607421875], "obj_id": 3}, {"cam_R_m2c": [0.8100849986076355, -0.5574159622192383, 0.18179570138454437, 0.08567535877227783, -0.19419768452644348, -0.9772137999534607, 0.580018937587738, 0.807201623916626, -0.1095597892999649], "cam_t_m2c": [-237.38331604003906, -24.969837188720703, 623.922607421875], "obj_id": 0}, {"cam_R_m2c": [0.8100849986076355, -0.5574159622192383, 0.18179570138454437, 0.08567535877227783, -0.19419768452644348, -0.9772137999534607, 0.580018937587738, 0.807201623916626, -0.1095597892999649], "cam_t_m2c": [-237.38331604003906, -24.969837188720703, 623.922607421875], "obj_id": 0}, {"cam_R_m2c": [0.8100849986076355, -0.5574159622192383, 0.18179570138454437, 0.08567535877227783, -0.19419768452644348, -0.9772137999534607, 0.580018937587738, 0.807201623916626, -0.1095597892999649], "cam_t_m2c": [-237.38331604003906, -24.969837188720703, 623.922607421875], "obj_id": 3}, {"cam_R_m2c": [0.8100849986076355, -0.5574159622192383, 0.18179570138454437, 0.08567535877227783, -0.19419768452644348, -0.9772137999534607, 0.580018937587738, 0.807201623916626, -0.1095597892999649], "cam_t_m2c": [-237.38331604003906, -24.969837188720703, 623.922607421875], "obj_id": 2}, {"cam_R_m2c": [0.8100849986076355, -0.5574159622192383, 0.18179570138454437, 0.08567535877227783, -0.19419768452644348, -0.9772137999534607, 0.580018937587738, 0.807201623916626, -0.1095597892999649], "cam_t_m2c": [-237.38331604003906, -24.969837188720703, 623.922607421875], "obj_id": 1}, {"cam_R_m2c": [0.8100849986076355, -0.5574159622192383, 0.18179570138454437, 0.08567535877227783, -0.19419768452644348, -0.9772137999534607, 0.580018937587738, 0.807201623916626, -0.1095597892999649], "cam_t_m2c": [-237.38331604003906, -24.969837188720703, 623.922607421875], "obj_id": 3}, {"cam_R_m2c": [0.8100849986076355, -0.5574159622192383, 0.18179570138454437, 0.08567535877227783, -0.19419768452644348, -0.9772137999534607, 0.580018937587738, 0.807201623916626, -0.1095597892999649], "cam_t_m2c": [-237.38331604003906, -24.969837188720703, 623.922607421875], "obj_id": 3}, {"cam_R_m2c": [0.8100849986076355, -0.5574159622192383, 0.18179570138454437, 0.08567535877227783, -0.19419768452644348, -0.9772137999534607, 0.580018937587738, 0.807201623916626, -0.1095597892999649], "cam_t_m2c": [-237.38331604003906, -24.969837188720703, 623.922607421875], "obj_id": 1}, {"cam_R_m2c": [0.8100849986076355, -0.5574159622192383, 0.18179570138454437, 0.08567535877227783, -0.19419768452644348, -0.9772137999534607, 0.580018937587738, 0.807201623916626, -0.1095597892999649], "cam_t_m2c": [-237.38331604003906, -24.969837188720703, 623.922607421875], "obj_id": 2}, {"cam_R_m2c": [0.8100849986076355, -0.5574159622192383, 0.18179570138454437, 0.08567535877227783, -0.19419768452644348, -0.9772137999534607, 0.580018937587738, 0.807201623916626, -0.1095597892999649], "cam_t_m2c": [-237.38331604003906, -24.969837188720703, 623.922607421875], "obj_id": 1}, {"cam_R_m2c": [0.8100849986076355, -0.5574159622192383, 0.18179570138454437, 0.08567535877227783, -0.19419768452644348, -0.9772137999534607, 0.580018937587738, 0.807201623916626, -0.1095597892999649], "cam_t_m2c": [-237.38331604003906, -24.969837188720703, 623.922607421875], "obj_id": 0}, {"cam_R_m2c": [0.8100849986076355, -0.5574159622192383, 0.18179570138454437, 0.08567535877227783, -0.19419768452644348, -0.9772137999534607, 0.580018937587738, 0.807201623916626, -0.1095597892999649], "cam_t_m2c": [-237.38331604003906, -24.969837188720703, 623.922607421875], "obj_id": 3}, {"cam_R_m2c": [0.8100849986076355, -0.5574159622192383, 0.18179570138454437, 0.08567535877227783, -0.19419768452644348, -0.9772137999534607, 0.580018937587738, 0.807201623916626, -0.1095597892999649], "cam_t_m2c": [-237.38331604003906, -24.969837188720703, 623.922607421875], "obj_id": 3}, {"cam_R_m2c": [0.8100849986076355, -0.5574159622192383, 0.18179570138454437, 0.08567535877227783, -0.19419768452644348, -0.9772137999534607, 0.580018937587738, 0.807201623916626, -0.1095597892999649], "cam_t_m2c": [-237.38331604003906, -24.969837188720703, 623.922607421875], "obj_id": 2}, {"cam_R_m2c": [0.8100849986076355, -0.5574159622192383, 0.18179570138454437, 0.08567535877227783, -0.19419768452644348, -0.9772137999534607, 0.580018937587738, 0.807201623916626, -0.1095597892999649], "cam_t_m2c": [-237.38331604003906, -24.969837188720703, 623.922607421875], "obj_id": 1}, {"cam_R_m2c": [0.8100849986076355, -0.5574159622192383, 0.18179570138454437, 0.08567535877227783, -0.19419768452644348, -0.9772137999534607, 0.580018937587738, 0.807201623916626, -0.1095597892999649], "cam_t_m2c": [-237.38331604003906, -24.969837188720703, 623.922607421875], "obj_id": 0}, {"cam_R_m2c": [0.8100849986076355, -0.5574159622192383, 0.18179570138454437, 0.08567535877227783, -0.19419768452644348, -0.9772137999534607, 0.580018937587738, 0.807201623916626, -0.1095597892999649], "cam_t_m2c": [-237.38331604003906, -24.969837188720703, 623.922607421875], "obj_id": 3}, {"cam_R_m2c": [0.8100849986076355, -0.5574159622192383, 0.18179570138454437, 0.08567535877227783, -0.19419768452644348, -0.9772137999534607, 0.580018937587738, 0.807201623916626, -0.1095597892999649], "cam_t_m2c": [-237.38331604003906, -24.969837188720703, 623.922607421875], "obj_id": 1}, {"cam_R_m2c": [0.8100849986076355, -0.5574159622192383, 0.18179570138454437, 0.08567535877227783, -0.19419768452644348, -0.9772137999534607, 0.580018937587738, 0.807201623916626, -0.1095597892999649], "cam_t_m2c": [-237.38331604003906, -24.969837188720703, 623.922607421875], "obj_id": 0}, {"cam_R_m2c": [0.8100849986076355, -0.5574159622192383, 0.18179570138454437, 0.08567535877227783, -0.19419768452644348, -0.9772137999534607, 0.580018937587738, 0.807201623916626, -0.1095597892999649], "cam_t_m2c": [-237.38331604003906, -24.969837188720703, 623.922607421875], "obj_id": 1}, {"cam_R_m2c": [0.8100849986076355, -0.5574159622192383, 0.18179570138454437, 0.08567535877227783, -0.19419768452644348, -0.9772137999534607, 0.580018937587738, 0.807201623916626, -0.1095597892999649], "cam_t_m2c": [-237.38331604003906, -24.969837188720703, 623.922607421875], "obj_id": 2}, {"cam_R_m2c": [0.8100849986076355, -0.5574159622192383, 0.18179570138454437, 0.08567535877227783, -0.19419768452644348, -0.9772137999534607, 0.580018937587738, 0.807201623916626, -0.1095597892999649], "cam_t_m2c": [-237.38331604003906, -24.969837188720703, 623.922607421875], "obj_id": 0}, {"cam_R_m2c": [0.8100849986076355, -0.5574159622192383, 0.18179570138454437, 0.08567535877227783, -0.19419768452644348, -0.9772137999534607, 0.580018937587738, 0.807201623916626, -0.1095597892999649], "cam_t_m2c": [-237.38331604003906, -24.969837188720703, 623.922607421875], "obj_id": 0}, {"cam_R_m2c": [-0.33661702275276184, -0.5329338312149048, 0.7763184309005737, -0.9039944410324097, -0.04788901284337044, -0.4248535931110382, 0.2635960578918457, -0.844800591468811, -0.465648889541626], "cam_t_m2c": [-360.871826171875, -101.27297973632812, 584.4388427734375], "obj_id": 1}, {"cam_R_m2c": [0.7563771605491638, 0.14531342685222626, 0.6377912163734436, 0.06776878982782364, -0.9871745109558105, 0.1445472240447998, 0.6506158709526062, -0.06610988080501556, -0.7565239667892456], "cam_t_m2c": [-93.1317138671875, -15.337191581726074, 862.8634033203125], "obj_id": 3}, {"cam_R_m2c": [-0.7438344359397888, 0.4813382923603058, -0.46370649337768555, -0.0637875571846962, -0.7417519092559814, -0.6676340103149414, -0.6653130054473877, -0.46703049540519714, 0.5824440717697144], "cam_t_m2c": [-65.56366729736328, 19.34923553466797, 628.546630859375], "obj_id": 3}, {"cam_R_m2c": [0.644745945930481, 0.2173643857240677, -0.7328406572341919, 0.03433696925640106, 0.9495139122009277, 0.31184014678001404, 0.7636253237724304, -0.22622118890285492, 0.6047316193580627], "cam_t_m2c": [-13.941468238830566, -21.78900146484375, 696.7655029296875], "obj_id": 3}],
  "1": [{"cam_R_m2c": [0.8100849986076355, -0.5574159622192383, 0.18179570138454437, 0.08567535877227783, -0.19419768452644348, -0.9772137999534607, 0.580018937587738, 0.807201623916626, -0.1095597892999649], "cam_t_m2c": [-237.38331604003906, -24.969837188720703, 623.922607421875], "obj_id": 2}, {"cam_R_m2c": [0.8100849986076355, -0.5574159622192383, 0.18179570138454437, 0.08567535877227783, -0.19419768452644348, -0.9772137999534607, 0.580018937587738, 0.807201623916626, -0.1095597892999649], "cam_t_m2c": [-237.38331604003906, -24.969837188720703, 623.922607421875], "obj_id": 3}, {"cam_R_m2c": [0.8100849986076355, -0.5574159622192383, 0.18179570138454437, 0.08567535877227783, -0.19419768452644348, -0.9772137999534607, 0.580018937587738, 0.807201623916626, -0.1095597892999649], "cam_t_m2c": [-237.38331604003906, -24.969837188720703, 623.922607421875], "obj_id": 2}, {"cam_R_m2c": [0.8100849986076355, -0.5574159622192383, 0.18179570138454437, 0.08567535877227783, -0.19419768452644348, -0.9772137999534607, 0.580018937587738, 0.807201623916626, -0.1095597892999649], "cam_t_m2c": [-237.38331604003906, -24.969837188720703, 623.922607421875], "obj_id": 3}, {"cam_R_m2c": [0.8100849986076355, -0.5574159622192383, 0.18179570138454437, 0.08567535877227783, -0.19419768452644348, -0.9772137999534607, 0.580018937587738, 0.807201623916626, -0.1095597892999649], "cam_t_m2c": [-237.38331604003906, -24.969837188720703, 623.922607421875], "obj_id": 1}, {"cam_R_m2c": [0.8100849986076355, -0.5574159622192383, 0.18179570138454437, 0.08567535877227783, -0.19419768452644348, -0.9772137999534607, 0.580018937587738, 0.807201623916626, -0.1095597892999649], "cam_t_m2c": [-237.38331604003906, -24.969837188720703, 623.922607421875], "obj_id": 3}, {"cam_R_m2c": [0.8100849986076355, -0.5574159622192383, 0.18179570138454437, 0.08567535877227783, -0.19419768452644348, -0.9772137999534607, 0.580018937587738, 0.807201623916626, -0.1095597892999649], "cam_t_m2c": [-237.38331604003906, -24.969837188720703, 623.922607421875], "obj_id": 2}, {"cam_R_m2c": [0.8100849986076355, -0.5574159622192383, 0.18179570138454437, 0.08567535877227783, -0.19419768452644348, -0.9772137999534607, 0.580018937587738, 0.807201623916626, -0.1095597892999649], "cam_t_m2c": [-237.38331604003906, -24.969837188720703, 623.922607421875], "obj_id": 1}, {"cam_R_m2c": [0.8100849986076355, -0.5574159622192383, 0.18179570138454437, 0.08567535877227783, -0.19419768452644348, -0.9772137999534607, 0.580018937587738, 0.807201623916626, -0.1095597892999649], "cam_t_m2c": [-237.38331604003906, -24.969837188720703, 623.922607421875], "obj_id": 0}, {"cam_R_m2c": [0.8100849986076355, -0.5574159622192383, 0.18179570138454437, 0.08567535877227783, -0.19419768452644348, -0.9772137999534607, 0.580018937587738, 0.807201623916626, -0.1095597892999649], "cam_t_m2c": [-237.38331604003906, -24.969837188720703, 623.922607421875], "obj_id": 0}, {"cam_R_m2c": [0.8100849986076355, -0.5574159622192383, 0.18179570138454437, 0.08567535877227783, -0.19419768452644348, -0.9772137999534607, 0.580018937587738, 0.807201623916626, -0.1095597892999649], "cam_t_m2c": [-237.38331604003906, -24.969837188720703, 623.922607421875], "obj_id": 3}, {"cam_R_m2c": [0.8100849986076355, -0.5574159622192383, 0.18179570138454437, 0.08567535877227783, -0.19419768452644348, -0.9772137999534607, 0.580018937587738, 0.807201623916626, -0.1095597892999649], "cam_t_m2c": [-237.38331604003906, -24.969837188720703, 623.922607421875], "obj_id": 2}, {"cam_R_m2c": [0.8100849986076355, -0.5574159622192383, 0.18179570138454437, 0.08567535877227783, -0.19419768452644348, -0.9772137999534607, 0.580018937587738, 0.807201623916626, -0.1095597892999649], "cam_t_m2c": [-237.38331604003906, -24.969837188720703, 623.922607421875], "obj_id": 3}, {"cam_R_m2c": [0.8100849986076355, -0.5574159622192383, 0.18179570138454437, 0.08567535877227783, -0.19419768452644348, -0.9772137999534607, 0.580018937587738, 0.807201623916626, -0.1095597892999649], "cam_t_m2c": [-237.38331604003906, -24.969837188720703, 623.922607421875], "obj_id": 0}, {"cam_R_m2c": [0.8100849986076355, -0.5574159622192383, 0.18179570138454437, 0.08567535877227783, -0.19419768452644348, -0.9772137999534607, 0.580018937587738, 0.807201623916626, -0.1095597892999649], "cam_t_m2c": [-237.38331604003906, -24.969837188720703, 623.922607421875], "obj_id": 0}, {"cam_R_m2c": [0.8100849986076355, -0.5574159622192383, 0.18179570138454437, 0.08567535877227783, -0.19419768452644348, -0.9772137999534607, 0.580018937587738, 0.807201623916626, -0.1095597892999649], "cam_t_m2c": [-237.38331604003906, -24.969837188720703, 623.922607421875], "obj_id": 3}, {"cam_R_m2c": [0.8100849986076355, -0.5574159622192383, 0.18179570138454437, 0.08567535877227783, -0.19419768452644348, -0.9772137999534607, 0.580018937587738, 0.807201623916626, -0.1095597892999649], "cam_t_m2c": [-237.38331604003906, -24.969837188720703, 623.922607421875], "obj_id": 2}, {"cam_R_m2c": [0.8100849986076355, -0.5574159622192383, 0.18179570138454437, 0.08567535877227783, -0.19419768452644348, -0.9772137999534607, 0.580018937587738, 0.807201623916626, -0.1095597892999649], "cam_t_m2c": [-237.38331604003906, -24.969837188720703, 623.922607421875], "obj_id": 1}, {"cam_R_m2c": [0.8100849986076355, -0.5574159622192383, 0.18179570138454437, 0.08567535877227783, -0.19419768452644348, -0.9772137999534607, 0.580018937587738, 0.807201623916626, -0.1095597892999649], "cam_t_m2c": [-237.38331604003906, -24.969837188720703, 623.922607421875], "obj_id": 3}, {"cam_R_m2c": [0.8100849986076355, -0.5574159622192383, 0.18179570138454437, 0.08567535877227783, -0.19419768452644348, -0.9772137999534607, 0.580018937587738, 0.807201623916626, -0.1095597892999649], "cam_t_m2c": [-237.38331604003906, -24.969837188720703, 623.922607421875], "obj_id": 3}, {"cam_R_m2c": [0.8100849986076355, -0.5574159622192383, 0.18179570138454437, 0.08567535877227783, -0.19419768452644348, -0.9772137999534607, 0.580018937587738, 0.807201623916626, -0.1095597892999649], "cam_t_m2c": [-237.38331604003906, -24.969837188720703, 623.922607421875], "obj_id": 1}, {"cam_R_m2c": [0.8100849986076355, -0.5574159622192383, 0.18179570138454437, 0.08567535877227783, -0.19419768452644348, -0.9772137999534607, 0.580018937587738, 0.807201623916626, -0.1095597892999649], "cam_t_m2c": [-237.38331604003906, -24.969837188720703, 623.922607421875], "obj_id": 2}, {"cam_R_m2c": [0.8100849986076355, -0.5574159622192383, 0.18179570138454437, 0.08567535877227783, -0.19419768452644348, -0.9772137999534607, 0.580018937587738, 0.807201623916626, -0.1095597892999649], "cam_t_m2c": [-237.38331604003906, -24.969837188720703, 623.922607421875], "obj_id": 1}, {"cam_R_m2c": [0.8100849986076355, -0.5574159622192383, 0.18179570138454437, 0.08567535877227783, -0.19419768452644348, -0.9772137999534607, 0.580018937587738, 0.807201623916626, -0.1095597892999649], "cam_t_m2c": [-237.38331604003906, -24.969837188720703, 623.922607421875], "obj_id": 0}, {"cam_R_m2c": [0.8100849986076355, -0.5574159622192383, 0.18179570138454437, 0.08567535877227783, -0.19419768452644348, -0.9772137999534607, 0.580018937587738, 0.807201623916626, -0.1095597892999649], "cam_t_m2c": [-237.38331604003906, -24.969837188720703, 623.922607421875], "obj_id": 3}, {"cam_R_m2c": [0.8100849986076355, -0.5574159622192383, 0.18179570138454437, 0.08567535877227783, -0.19419768452644348, -0.9772137999534607, 0.580018937587738, 0.807201623916626, -0.1095597892999649], "cam_t_m2c": [-237.38331604003906, -24.969837188720703, 623.922607421875], "obj_id": 3}, {"cam_R_m2c": [0.8100849986076355, -0.5574159622192383, 0.18179570138454437, 0.08567535877227783, -0.19419768452644348, -0.9772137999534607, 0.580018937587738, 0.807201623916626, -0.1095597892999649], "cam_t_m2c": [-237.38331604003906, -24.969837188720703, 623.922607421875], "obj_id": 2}, {"cam_R_m2c": [0.8100849986076355, -0.5574159622192383, 0.18179570138454437, 0.08567535877227783, -0.19419768452644348, -0.9772137999534607, 0.580018937587738, 0.807201623916626, -0.1095597892999649], "cam_t_m2c": [-237.38331604003906, -24.969837188720703, 623.922607421875], "obj_id": 1}, {"cam_R_m2c": [0.8100849986076355, -0.5574159622192383, 0.18179570138454437, 0.08567535877227783, -0.19419768452644348, -0.9772137999534607, 0.580018937587738, 0.807201623916626, -0.1095597892999649], "cam_t_m2c": [-237.38331604003906, -24.969837188720703, 623.922607421875], "obj_id": 0}, {"cam_R_m2c": [0.8100849986076355, -0.5574159622192383, 0.18179570138454437, 0.08567535877227783, -0.19419768452644348, -0.9772137999534607, 0.580018937587738, 0.807201623916626, -0.1095597892999649], "cam_t_m2c": [-237.38331604003906, -24.969837188720703, 623.922607421875], "obj_id": 3}, {"cam_R_m2c": [0.8100849986076355, -0.5574159622192383, 0.18179570138454437, 0.08567535877227783, -0.19419768452644348, -0.9772137999534607, 0.580018937587738, 0.807201623916626, -0.1095597892999649], "cam_t_m2c": [-237.38331604003906, -24.969837188720703, 623.922607421875], "obj_id": 1}, {"cam_R_m2c": [0.8100849986076355, -0.5574159622192383, 0.18179570138454437, 0.08567535877227783, -0.19419768452644348, -0.9772137999534607, 0.580018937587738, 0.807201623916626, -0.1095597892999649], "cam_t_m2c": [-237.38331604003906, -24.969837188720703, 623.922607421875], "obj_id": 0}, {"cam_R_m2c": [0.8100849986076355, -0.5574159622192383, 0.18179570138454437, 0.08567535877227783, -0.19419768452644348, -0.9772137999534607, 0.580018937587738, 0.807201623916626, -0.1095597892999649], "cam_t_m2c": [-237.38331604003906, -24.969837188720703, 623.922607421875], "obj_id": 1}, {"cam_R_m2c": [0.8100849986076355, -0.5574159622192383, 0.18179570138454437, 0.08567535877227783, -0.19419768452644348, -0.9772137999534607, 0.580018937587738, 0.807201623916626, -0.1095597892999649], "cam_t_m2c": [-237.38331604003906, -24.969837188720703, 623.922607421875], "obj_id": 2}, {"cam_R_m2c": [0.8100849986076355, -0.5574159622192383, 0.18179570138454437, 0.08567535877227783, -0.19419768452644348, -0.9772137999534607, 0.580018937587738, 0.807201623916626, -0.1095597892999649], "cam_t_m2c": [-237.38331604003906, -24.969837188720703, 623.922607421875], "obj_id": 0}, {"cam_R_m2c": [0.8100849986076355, -0.5574159622192383, 0.18179570138454437, 0.08567535877227783, -0.19419768452644348, -0.9772137999534607, 0.580018937587738, 0.807201623916626, -0.1095597892999649], "cam_t_m2c": [-237.38331604003906, -24.969837188720703, 623.922607421875], "obj_id": 0}, {"cam_R_m2c": [-0.33661702275276184, -0.5329338312149048, 0.7763184309005737, -0.9039944410324097, -0.04788901284337044, -0.4248535931110382, 0.2635960578918457, -0.844800591468811, -0.465648889541626], "cam_t_m2c": [-360.871826171875, -101.27297973632812, 584.4388427734375], "obj_id": 1}, {"cam_R_m2c": [0.7563771605491638, 0.14531342685222626, 0.6377912163734436, 0.06776878982782364, -0.9871745109558105, 0.1445472240447998, 0.6506158709526062, -0.06610988080501556, -0.7565239667892456], "cam_t_m2c": [-93.1317138671875, -15.337191581726074, 862.8634033203125], "obj_id": 3}, {"cam_R_m2c": [-0.7438344359397888, 0.4813382923603058, -0.46370649337768555, -0.0637875571846962, -0.7417519092559814, -0.6676340103149414, -0.6653130054473877, -0.46703049540519714, 0.5824440717697144], "cam_t_m2c": [-65.56366729736328, 19.34923553466797, 628.546630859375], "obj_id": 3}, {"cam_R_m2c": [0.644745945930481, 0.2173643857240677, -0.7328406572341919, 0.03433696925640106, 0.9495139122009277, 0.31184014678001404, 0.7636253237724304, -0.22622118890285492, 0.6047316193580627], "cam_t_m2c": [-13.941468238830566, -21.78900146484375, 696.7655029296875], "obj_id": 3}],
  "2": [{"cam_R_m2c": [0.8100849986076355, -0.5574159622192383, 0.18179570138454437, 0.08567535877227783, -0.19419768452644348, -0.9772137999534607, 0.580018937587738, 0.807201623916626, -0.1095597892999649], "cam_t_m2c": [-237.38331604003906, -24.969837188720703, 623.922607421875], "obj_id": 2}, {"cam_R_m2c": [0.8100849986076355, -0.5574159622192383, 0.18179570138454437, 0.08567535877227783, -0.19419768452644348, -0.9772137999534607, 0.580018937587738, 0.807201623916626, -0.1095597892999649], "cam_t_m2c": [-237.38331604003906, -24.969837188720703, 623.922607421875], "obj_id": 3}, {"cam_R_m2c": [0.8100849986076355, -0.5574159622192383, 0.18179570138454437, 0.08567535877227783, -0.19419768452644348, -0.9772137999534607, 0.580018937587738, 0.807201623916626, -0.1095597892999649], "cam_t_m2c": [-237.38331604003906, -24.969837188720703, 623.922607421875], "obj_id": 2}, {"cam_R_m2c": [0.8100849986076355, -0.5574159622192383, 0.18179570138454437, 0.08567535877227783, -0.19419768452644348, -0.9772137999534607, 0.580018937587738, 0.807201623916626, -0.1095597892999649], "cam_t_m2c": [-237.38331604003906, -24.969837188720703, 623.922607421875], "obj_id": 3}, {"cam_R_m2c": [0.8100849986076355, -0.5574159622192383, 0.18179570138454437, 0.08567535877227783, -0.19419768452644348, -0.9772137999534607, 0.580018937587738, 0.807201623916626, -0.1095597892999649], "cam_t_m2c": [-237.38331604003906, -24.969837188720703, 623.922607421875], "obj_id": 1}, {"cam_R_m2c": [0.8100849986076355, -0.5574159622192383, 0.18179570138454437, 0.08567535877227783, -0.19419768452644348, -0.9772137999534607, 0.580018937587738, 0.807201623916626, -0.1095597892999649], "cam_t_m2c": [-237.38331604003906, -24.969837188720703, 623.922607421875], "obj_id": 3}, {"cam_R_m2c": [0.8100849986076355, -0.5574159622192383, 0.18179570138454437, 0.08567535877227783, -0.19419768452644348, -0.9772137999534607, 0.580018937587738, 0.807201623916626, -0.1095597892999649], "cam_t_m2c": [-237.38331604003906, -24.969837188720703, 623.922607421875], "obj_id": 2}, {"cam_R_m2c": [0.8100849986076355, -0.5574159622192383, 0.18179570138454437, 0.08567535877227783, -0.19419768452644348, -0.9772137999534607, 0.580018937587738, 0.807201623916626, -0.1095597892999649], "cam_t_m2c": [-237.38331604003906, -24.969837188720703, 623.922607421875], "obj_id": 1}, {"cam_R_m2c": [0.8100849986076355, -0.5574159622192383, 0.18179570138454437, 0.08567535877227783, -0.19419768452644348, -0.9772137999534607, 0.580018937587738, 0.807201623916626, -0.1095597892999649], "cam_t_m2c": [-237.38331604003906, -24.969837188720703, 623.922607421875], "obj_id": 0}, {"cam_R_m2c": [0.8100849986076355, -0.5574159622192383, 0.18179570138454437, 0.08567535877227783, -0.19419768452644348, -0.9772137999534607, 0.580018937587738, 0.807201623916626, -0.1095597892999649], "cam_t_m2c": [-237.38331604003906, -24.969837188720703, 623.922607421875], "obj_id": 0}, {"cam_R_m2c": [0.8100849986076355, -0.5574159622192383, 0.18179570138454437, 0.08567535877227783, -0.19419768452644348, -0.9772137999534607, 0.580018937587738, 0.807201623916626, -0.1095597892999649], "cam_t_m2c": [-237.38331604003906, -24.969837188720703, 623.922607421875], "obj_id": 3}, {"cam_R_m2c": [0.8100849986076355, -0.5574159622192383, 0.18179570138454437, 0.08567535877227783, -0.19419768452644348, -0.9772137999534607, 0.580018937587738, 0.807201623916626, -0.1095597892999649], "cam_t_m2c": [-237.38331604003906, -24.969837188720703, 623.922607421875], "obj_id": 2}, {"cam_R_m2c": [0.8100849986076355, -0.5574159622192383, 0.18179570138454437, 0.08567535877227783, -0.19419768452644348, -0.9772137999534607, 0.580018937587738, 0.807201623916626, -0.1095597892999649], "cam_t_m2c": [-237.38331604003906, -24.969837188720703, 623.922607421875], "obj_id": 3}, {"cam_R_m2c": [0.8100849986076355, -0.5574159622192383, 0.18179570138454437, 0.08567535877227783, -0.19419768452644348, -0.9772137999534607, 0.580018937587738, 0.807201623916626, -0.1095597892999649], "cam_t_m2c": [-237.38331604003906, -24.969837188720703, 623.922607421875], "obj_id": 0}, {"cam_R_m2c": [0.8100849986076355, -0.5574159622192383, 0.18179570138454437, 0.08567535877227783, -0.19419768452644348, -0.9772137999534607, 0.580018937587738, 0.807201623916626, -0.1095597892999649], "cam_t_m2c": [-237.38331604003906, -24.969837188720703, 623.922607421875], "obj_id": 0}, {"cam_R_m2c": [0.8100849986076355, -0.5574159622192383, 0.18179570138454437, 0.08567535877227783, -0.19419768452644348, -0.9772137999534607, 0.580018937587738, 0.807201623916626, -0.1095597892999649], "cam_t_m2c": [-237.38331604003906, -24.969837188720703, 623.922607421875], "obj_id": 3}, {"cam_R_m2c": [0.8100849986076355, -0.5574159622192383, 0.18179570138454437, 0.08567535877227783, -0.19419768452644348, -0.9772137999534607, 0.580018937587738, 0.807201623916626, -0.1095597892999649], "cam_t_m2c": [-237.38331604003906, -24.969837188720703, 623.922607421875], "obj_id": 2}, {"cam_R_m2c": [0.8100849986076355, -0.5574159622192383, 0.18179570138454437, 0.08567535877227783, -0.19419768452644348, -0.9772137999534607, 0.580018937587738, 0.807201623916626, -0.1095597892999649], "cam_t_m2c": [-237.38331604003906, -24.969837188720703, 623.922607421875], "obj_id": 1}, {"cam_R_m2c": [0.8100849986076355, -0.5574159622192383, 0.18179570138454437, 0.08567535877227783, -0.19419768452644348, -0.9772137999534607, 0.580018937587738, 0.807201623916626, -0.1095597892999649], "cam_t_m2c": [-237.38331604003906, -24.969837188720703, 623.922607421875], "obj_id": 3}, {"cam_R_m2c": [0.8100849986076355, -0.5574159622192383, 0.18179570138454437, 0.08567535877227783, -0.19419768452644348, -0.9772137999534607, 0.580018937587738, 0.807201623916626, -0.1095597892999649], "cam_t_m2c": [-237.38331604003906, -24.969837188720703, 623.922607421875], "obj_id": 3}, {"cam_R_m2c": [0.8100849986076355, -0.5574159622192383, 0.18179570138454437, 0.08567535877227783, -0.19419768452644348, -0.9772137999534607, 0.580018937587738, 0.807201623916626, -0.1095597892999649], "cam_t_m2c": [-237.38331604003906, -24.969837188720703, 623.922607421875], "obj_id": 1}, {"cam_R_m2c": [0.8100849986076355, -0.5574159622192383, 0.18179570138454437, 0.08567535877227783, -0.19419768452644348, -0.9772137999534607, 0.580018937587738, 0.807201623916626, -0.1095597892999649], "cam_t_m2c": [-237.38331604003906, -24.969837188720703, 623.922607421875], "obj_id": 2}, {"cam_R_m2c": [0.8100849986076355, -0.5574159622192383, 0.18179570138454437, 0.08567535877227783, -0.19419768452644348, -0.9772137999534607, 0.580018937587738, 0.807201623916626, -0.1095597892999649], "cam_t_m2c": [-237.38331604003906, -24.969837188720703, 623.922607421875], "obj_id": 1}, {"cam_R_m2c": [0.8100849986076355, -0.5574159622192383, 0.18179570138454437, 0.08567535877227783, -0.19419768452644348, -0.9772137999534607, 0.580018937587738, 0.807201623916626, -0.1095597892999649], "cam_t_m2c": [-237.38331604003906, -24.969837188720703, 623.922607421875], "obj_id": 0}, {"cam_R_m2c": [0.8100849986076355, -0.5574159622192383, 0.18179570138454437, 0.08567535877227783, -0.19419768452644348, -0.9772137999534607, 0.580018937587738, 0.807201623916626, -0.1095597892999649], "cam_t_m2c": [-237.38331604003906, -24.969837188720703, 623.922607421875], "obj_id": 3}, {"cam_R_m2c": [0.8100849986076355, -0.5574159622192383, 0.18179570138454437, 0.08567535877227783, -0.19419768452644348, -0.9772137999534607, 0.580018937587738, 0.807201623916626, -0.1095597892999649], "cam_t_m2c": [-237.38331604003906, -24.969837188720703, 623.922607421875], "obj_id": 3}, {"cam_R_m2c": [0.8100849986076355, -0.5574159622192383, 0.18179570138454437, 0.08567535877227783, -0.19419768452644348, -0.9772137999534607, 0.580018937587738, 0.807201623916626, -0.1095597892999649], "cam_t_m2c": [-237.38331604003906, -24.969837188720703, 623.922607421875], "obj_id": 2}, {"cam_R_m2c": [0.8100849986076355, -0.5574159622192383, 0.18179570138454437, 0.08567535877227783, -0.19419768452644348, -0.9772137999534607, 0.580018937587738, 0.807201623916626, -0.1095597892999649], "cam_t_m2c": [-237.38331604003906, -24.969837188720703, 623.922607421875], "obj_id": 1}, {"cam_R_m2c": [0.8100849986076355, -0.5574159622192383, 0.18179570138454437, 0.08567535877227783, -0.19419768452644348, -0.9772137999534607, 0.580018937587738, 0.807201623916626, -0.1095597892999649], "cam_t_m2c": [-237.38331604003906, -24.969837188720703, 623.922607421875], "obj_id": 0}, {"cam_R_m2c": [0.8100849986076355, -0.5574159622192383, 0.18179570138454437, 0.08567535877227783, -0.19419768452644348, -0.9772137999534607, 0.580018937587738, 0.807201623916626, -0.1095597892999649], "cam_t_m2c": [-237.38331604003906, -24.969837188720703, 623.922607421875], "obj_id": 3}, {"cam_R_m2c": [0.8100849986076355, -0.5574159622192383, 0.18179570138454437, 0.08567535877227783, -0.19419768452644348, -0.9772137999534607, 0.580018937587738, 0.807201623916626, -0.1095597892999649], "cam_t_m2c": [-237.38331604003906, -24.969837188720703, 623.922607421875], "obj_id": 1}, {"cam_R_m2c": [0.8100849986076355, -0.5574159622192383, 0.18179570138454437, 0.08567535877227783, -0.19419768452644348, -0.9772137999534607, 0.580018937587738, 0.807201623916626, -0.1095597892999649], "cam_t_m2c": [-237.38331604003906, -24.969837188720703, 623.922607421875], "obj_id": 0}, {"cam_R_m2c": [0.8100849986076355, -0.5574159622192383, 0.18179570138454437, 0.08567535877227783, -0.19419768452644348, -0.9772137999534607, 0.580018937587738, 0.807201623916626, -0.1095597892999649], "cam_t_m2c": [-237.38331604003906, -24.969837188720703, 623.922607421875], "obj_id": 1}, {"cam_R_m2c": [0.8100849986076355, -0.5574159622192383, 0.18179570138454437, 0.08567535877227783, -0.19419768452644348, -0.9772137999534607, 0.580018937587738, 0.807201623916626, -0.1095597892999649], "cam_t_m2c": [-237.38331604003906, -24.969837188720703, 623.922607421875], "obj_id": 2}, {"cam_R_m2c": [0.8100849986076355, -0.5574159622192383, 0.18179570138454437, 0.08567535877227783, -0.19419768452644348, -0.9772137999534607, 0.580018937587738, 0.807201623916626, -0.1095597892999649], "cam_t_m2c": [-237.38331604003906, -24.969837188720703, 623.922607421875], "obj_id": 0}, {"cam_R_m2c": [0.8100849986076355, -0.5574159622192383, 0.18179570138454437, 0.08567535877227783, -0.19419768452644348, -0.9772137999534607, 0.580018937587738, 0.807201623916626, -0.1095597892999649], "cam_t_m2c": [-237.38331604003906, -24.969837188720703, 623.922607421875], "obj_id": 0}, {"cam_R_m2c": [-0.33661702275276184, -0.5329338312149048, 0.7763184309005737, -0.9039944410324097, -0.04788901284337044, -0.4248535931110382, 0.2635960578918457, -0.844800591468811, -0.465648889541626], "cam_t_m2c": [-360.871826171875, -101.27297973632812, 584.4388427734375], "obj_id": 1}, {"cam_R_m2c": [0.7563771605491638, 0.14531342685222626, 0.6377912163734436, 0.06776878982782364, -0.9871745109558105, 0.1445472240447998, 0.6506158709526062, -0.06610988080501556, -0.7565239667892456], "cam_t_m2c": [-93.1317138671875, -15.337191581726074, 862.8634033203125], "obj_id": 3}, {"cam_R_m2c": [-0.7438344359397888, 0.4813382923603058, -0.46370649337768555, -0.0637875571846962, -0.7417519092559814, -0.6676340103149414, -0.6653130054473877, -0.46703049540519714, 0.5824440717697144], "cam_t_m2c": [-65.56366729736328, 19.34923553466797, 628.546630859375], "obj_id": 3}, {"cam_R_m2c": [0.644745945930481, 0.2173643857240677, -0.7328406572341919, 0.03433696925640106, 0.9495139122009277, 0.31184014678001404, 0.7636253237724304, -0.22622118890285492, 0.6047316193580627], "cam_t_m2c": [-13.941468238830566, -21.78900146484375, 696.7655029296875], "obj_id": 3}]
}