{
  "0": [{"cam_R_m2c": [0.04430212825536728, 0.9885441660881042, 0.14428304135799408, -0.8419728875160217, 0.11467964202165604, -0.5271907448768616, -0.5376976728439331, -0.09812679886817932, 0.8374080657958984], "cam_t_m2c": [169.4740447998047, -228.8574981689453, 1212.6597900390625], "obj_id": 0}, {"cam_R_m2c": [0.8535897135734558, -0.43797987699508667, -0.28206074237823486, 0.42379358410835266, 0.8986875414848328, -0.11295881867408752, 0.3029581606388092, -0.02311505191028118, 0.952723503112793], "cam_t_m2c": [552.3555908203125, -274.3327941894531, -37.65529251098633], "obj_id": 1}, {"cam_R_m2c": [0.7861891984939575, 0.21973630785942078, 0.5776005983352661, 0.601895809173584, -0.06037703529000282, -0.796288788318634, -0.1400996893644333, 0.9736890196800232, -0.17972612380981445], "cam_t_m2c": [-56.04030990600586, 47.306758880615234, 1334.31298828125], "obj_id": 1}, {"cam_R_m2c": [-0.28746554255485535, 0.459757924079895, -0.8402298092842102, -0.6733373999595642, -0.7208952903747559, -0.16409321129322052, -0.6811609268188477, 0.518587052822113, 0.5168048739433289], "cam_t_m2c": [157.330810546875, -188.8369140625, 1188.8514404296875], "obj_id": 2}],
  "1": [{"cam_R_m2c": [-0.1931219846010208, -0.30710679292678833, 0.9318740963935852, -0.549601137638092, 0.8206290602684021, 0.1565455198287964, -0.8127991557121277, -0.48192667961120605, -0.32726776599884033], "cam_t_m2c": [393.1886901855469, 157.26968383789062, 798.2706298828125], "obj_id": 0}, {"cam_R_m2c": [-0.028883948922157288, -0.2703339457511902, 0.9623331427574158, 0.9968195557594299, 0.06374392658472061, 0.04782574996352196, -0.07427173107862473, 0.9606540203094482, 0.2676331102848053], "cam_t_m2c": [-801.3109741210938, 12.782752990722656, 284.3838195800781], "obj_id": 1}, {"cam_R_m2c": [-0.4868210554122925, 0.8732041120529175, 0.02279774285852909, 0.8734040856361389, 0.4862108826637268, 0.02764476276934147, 0.013055010698735714, 0.033369697630405426, -0.9993577003479004], "cam_t_m2c": [444.19635009765625, 147.49014282226562, 1171.15576171875], "obj_id": 1}, {"cam_R_m2c": [-0.32670828700065613, 0.6547950506210327, 0.6815460920333862, -0.787817656993866, 0.2096928507089615, -0.5791133046150208, -0.5221158266067505, -0.7261351943016052, 0.44735074043273926], "cam_t_m2c": [359.01055908203125, 158.1566619873047, 831.9908447265625], "obj_id": 2}]
}