{
  "0": [{"cam_R_m2c": [-0.3880762755870819, -0.885134756565094, -0.2567746043205261, -0.05067265033721924, 0.2986809015274048, -0.9530068039894104, 0.9202331304550171, -0.3568279445171356, -0.16076306998729706], "cam_t_m2c": [-149.5777587890625, -9.935040473937988, 987.3563232421875], "obj_id": 3}, {"cam_R_m2c": [-0.0926637202501297, 0.1400340497493744, 0.985801100730896, 0.4057874381542206, -0.898799479007721, 0.16581876575946808, 0.9092578887939453, 0.41539111733436584, 0.026462124660611153], "cam_t_m2c": [-13.226181030273438, 1.833984613418579, 1053.758544921875], "obj_id": 3}, {"cam_R_m2c": [-0.5449089407920837, 0.5381326675415039, 0.6430296897888184, 0.8318368792533875, 0.25048598647117615, 0.4952816963195801, 0.10545741766691208, 0.8047794103622437, -0.584130585193634], "cam_t_m2c": [214.24722290039062, -226.96990966796875, 1071.6536865234375], "obj_id": 3}, {"cam_R_m2c": [-0.055651966482400894, 0.35418251156806946, -0.9335188865661621, -0.3856329619884491, -0.8700408935546875, -0.307108998298645, -0.9209723472595215, 0.3429044485092163, 0.18500399589538574], "cam_t_m2c": [68.5727310180664, -128.92872619628906, 1071.12158203125], "obj_id": 2}],
  "1": [{"cam_R_m2c": [0.5094071626663208, 0.8055444955825806, 0.30265894532203674, 0.8603731393814087, -0.4833964705467224, -0.16151125729084015, 0.016199776902794838, 0.3426746129989624, -0.9393144249916077], "cam_t_m2c": [135.81146240234375, -115.74773406982422, 987.3450317382812], "obj_id": 3}, {"cam_R_m2c": [0.18234215676784515, -0.017104774713516235, -0.9830862879753113, 0.8739740252494812, 0.4608982801437378, 0.15408483147621155, 0.45046716928482056, -0.8872880935668945, 0.09899034351110458], "cam_t_m2c": [8.961880683898926, -32.0477409362793, 992.5946044921875], "obj_id": 3}, {"cam_R_m2c": [0.4913270175457001, -0.4435735046863556, -0.7495601177215576, 0.002284277230501175, 0.861251950263977, -0.5081730484962463, 0.870972216129303, 0.247966930270195, 0.4241696000099182], "cam_t_m2c": [-196.62741088867188, 24.383045196533203, 749.6107177734375], "obj_id": 3}, {"cam_R_m2c": [-0.038782499730587006, -0.24050840735435486, 0.9698719382286072, -0.9063498377799988, 0.41714969277381897, 0.06720215082168579, -0.4207444489002228, -0.8764370083808899, -0.2341628521680832], "cam_t_m2c": [-59.93560791015625, 0.8064787983894348, 857.4148559570312], "obj_id": 2}]
}