{
  "0": [{"cam_R_m2c": [-0.5524232983589172, -0.8265666365623474, 0.10777756571769714, -0.017941828817129135, -0.1174766942858696, -0.992913544178009, 0.833370566368103, -0.5504423379898071, 0.0500667579472065], "cam_t_m2c": [104.17552185058594, -68.7885971069336, 497.1999816894531], "obj_id": 1}, {"cam_R_m2c": [-0.7934734225273132, 0.42884308099746704, 0.43184855580329895, -0.027772311121225357, 0.6833188533782959, -0.7295916676521301, -0.6079705953598022, -0.5909051299095154, -0.5302852988243103], "cam_t_m2c": [-282.05560302734375, -289.338134765625, 441.6024475097656], "obj_id": 3}, {"cam_R_m2c": [-0.7003963589668274, -0.71272212266922, 0.038366369903087616, 0.47969332337379456, -0.5098388195037842, -0.7141138315200806, 0.5285254120826721, -0.4817586839199066, 0.6989774107933044], "cam_t_m2c": [-392.1010437011719, -280.1970520019531, 276.7008056640625], "obj_id": 0}, {"cam_R_m2c": [0.6013451218605042, 0.7987539768218994, 0.01939406804740429, 0.7638264894485474, -0.567589282989502, -0.3072645366191864, -0.23442089557647705, 0.19958573579788208, -0.9514265060424805], "cam_t_m2c": [-177.49127197265625, -60.33351135253906, 317.69720458984375], "obj_id": 3}, {"cam_R_m2c": [0.25207746028900146, 0.25590527057647705, 0.9332573413848877, 0.7988055944442749, 0.4893372654914856, -0.3499407470226288, -0.5462292432785034, 0.8337034583091736, -0.08106764405965805], "cam_t_m2c": [-257.0010681152344, -294.8522644042969, 438.86041259765625], "obj_id": 3}, {"cam_R_m2c": [-0.28830307722091675, 0.9135705828666687, 0.2868274450302124, 0.5923665165901184, -0.06518281996250153, 0.8030273914337158, 0.7523184418678284, 0.40142232179641724, -0.5223761200904846], "cam_t_m2c": [28.74363899230957, -145.60411071777344, 486.97161865234375], "obj_id": 0}, {"cam_R_m2c": [-0.1504465639591217, 0.19991593062877655, -0.968193769454956, -0.9052550792694092, 0.3657534122467041, 0.2161886990070343, 0.39733967185020447, 0.908987283706665, 0.1259486824274063], "cam_t_m2c": [-285.64849853515625, -181.03533935546875, 280.2923889160156], "obj_id": 3}, {"cam_R_m2c": [-0.0899532362818718, 0.11136281490325928, 0.9897002577781677, 0.6178929209709167, -0.7731204628944397, 0.14315283298492432, 0.7810995578765869, 0.6244059205055237, 0.0007345413323491812], "cam_t_m2c": [98.22684478759766, -65.36300659179688, 489.2528381347656], "obj_id": 1}, {"cam_R_m2c": [0.46351155638694763, -0.5630898475646973, -0.6841686367988586, -0.6858179569244385, -0.7168894410133362, 0.12539121508598328, -0.5610799193382263, 0.41109493374824524, -0.718463659286499], "cam_t_m2c": [-340.7688903808594, -496.58660888671875, 619.3119506835938], "obj_id": 0}, {"cam_R_m2c": [-0.12108270823955536, -0.3957248032093048, 0.9103520512580872, -0.9677948355674744, 0.2509739398956299, -0.0196260716766119, -0.22070810198783875, -0.8834103941917419, -0.41336899995803833], "cam_t_m2c": [-7.16917610168457, 11.82156753540039, 277.4486083984375], "obj_id": 1}],
  "1": [{"cam_R_m2c": [-0.5524232983589172, -0.8265666365623474, 0.10777756571769714, -0.017941828817129135, -0.1174766942858696, -0.992913544178009, 0.833370566368103, -0.5504423379898071, 0.0500667579472065], "cam_t_m2c": [104.17552185058594, -68.7885971069336, 497.1999816894531], "obj_id": 1}, {"cam_R_m2c": [-0.7934734225273132, 0.42884308099746704, 0.43184855580329895, -0.027772311121225357, 0.6833188533782959, -0.7295916676521301, -0.6079705953598022, -0.5909051299095154, -0.5302852988243103], "cam_t_m2c": [-282.05560302734375, -289.338134765625, 441.6024475097656], "obj_id": 3}, {"cam_R_m2c": [-0.7003963589668274, -0.71272212266922, 0.038366369903087616, 0.47969332337379456, -0.5098388195037842, -0.7141138315200806, 0.5285254120826721, -0.4817586839199066, 0.6989774107933044], "cam_t_m2c": [-392.1010437011719, -280.1970520019531, 276.7008056640625], "obj_id": 0}, {"cam_R_m2c": [0.6013451218605042, 0.7987539768218994, 0.01939406804740429, 0.7638264894485474, -0.567589282989502, -0.3072645366191864, -0.23442089557647705, 0.19958573579788208, -0.9514265060424805], "cam_t_m2c": [-177.49127197265625, -60.33351135253906, 317.69720458984375], "obj_id": 3}, {"cam_R_m2c": [0.25207746028900146, 0.25590527057647705, 0.9332573413848877, 0.7988055944442749, 0.4893372654914856, -0.3499407470226288, -0.5462292432785034, 0.8337034583091736, -0.08106764405965805], "cam_t_m2c": [-257.0010681152344, -294.8522644042969, 438.86041259765625], "obj_id": 3}, {"cam_R_m2c": [-0.28830307722091675, 0.9135705828666687, 0.2868274450302124, 0.5923665165901184, -0.06518281996250153, 0.8030273914337158, 0.7523184418678284, 0.40142232179641724, -0.5223761200904846], "cam_t_m2c": [28.74363899230957, -145.60411071777344, 486.97161865234375], "obj_id": 0}, {"cam_R_m2c": [-0.1504465639591217, 0.19991593062877655, -0.968193769454956, -0.9052550792694092, 0.3657534122467041, 0.2161886990070343, 0.39733967185020447, 0.908987283706665, 0.1259486824274063], "cam_t_m2c": [-285.64849853515625, -181.03533935546875, 280.2923889160156], "obj_id": 3}, {"cam_R_m2c": [-0.0899532362818718, 0.11136281490325928, 0.9897002577781677, 0.6178929209709167, -0.7731204628944397, 0.14315283298492432, 0.7810995578765869, 0.6244059205055237, 0.0007345413323491812], "cam_t_m2c": [98.22684478759766, -65.36300659179688, 489.2528381347656], "obj_id": 1}, {"cam_R_m2c": [0.46351155638694763, -0.5630898475646973, -0.6841686367988586, -0.6858179569244385, -0.7168894410133362, 0.12539121508598328, -0.5610799193382263, 0.41109493374824524, -0.718463659286499], "cam_t_m2c": [-340.7688903808594, -496.58660888671875, 619.3119506835938], "obj_id": 0}, {"cam_R_m2c": [-0.12108270823955536, -0.3957248032093048, 0.9103520512580872, -0.9677948355674744, 0.2509739398956299, -0.0196260716766119, -0.22070810198783875, -0.8834103941917419, -0.41336899995803833], "cam_t_m2c": [-7.16917610168457, 11.82156753540039, 277.4486083984375], "obj_id": 1}],
  "2": [{"cam_R_m2c": [-0.5524232983589172, -0.8265666365623474, 0.10777756571769714, -0.017941828817129135, -0.1174766942858696, -0.992913544178009, 0.833370566368103, -0.5504423379898071, 0.0500667579472065], "cam_t_m2c": [104.17552185058594, -68.7885971069336, 497.1999816894531], "obj_id": 1}, {"cam_R_m2c": [-0.7934734225273132, 0.42884308099746704, 0.43184855580329895, -0.027772311121225357, 0.6833188533782959, -0.7295916676521301, -0.6079705953598022, -0.5909051299095154, -0.5302852988243103], "cam_t_m2c": [-282.05560302734375, -289.338134765625, 441.6024475097656], "obj_id": 3}, {"cam_R_m2c": [-0.7003963589668274, -0.71272212266922, 0.038366369903087616, 0.47969332337379456, -0.5098388195037842, -0.7141138315200806, 0.5285254120826721, -0.4817586839199066, 0.6989774107933044], "cam_t_m2c": [-392.1010437011719, -280.1970520019531, 276.7008056640625], "obj_id": 0}, {"cam_R_m2c": [0.6013451218605042, 0.7987539768218994, 0.01939406804740429, 0.7638264894485474, -0.567589282989502, -0.3072645366191864, -0.23442089557647705, 0.19958573579788208, -0.9514265060424805], "cam_t_m2c": [-177.49127197265625, -60.33351135253906, 317.69720458984375], "obj_id": 3}, {"cam_R_m2c": [0.25207746028900146, 0.25590527057647705, 0.9332573413848877, 0.7988055944442749, 0.4893372654914856, -0.3499407470226288, -0.5462292432785034, 0.8337034583091736, -0.08106764405965805], "cam_t_m2c": [-257.0010681152344, -294.8522644042969, 438.86041259765625], "obj_id": 3}, {"cam_R_m2c": [-0.28830307722091675, 0.9135705828666687, 0.2868274450302124, 0.5923665165901184, -0.06518281996250153, 0.8030273914337158, 0.7523184418678284, 0.40142232179641724, -0.5223761200904846], "cam_t_m2c": [28.74363899230957, -145.60411071777344, 486.97161865234375], "obj_id": 0}, {"cam_R_m2c": [-0.1504465639591217, 0.19991593062877655, -0.968193769454956, -0.9052550792694092, 0.3657534122467041, 0.2161886990070343, 0.39733967185020447, 0.908987283706665, 0.1259486824274063], "cam_t_m2c": [-285.64849853515625, -181.03533935546875, 280.2923889160156], "obj_id": 3}, {"cam_R_m2c": [-0.0899532362818718, 0.11136281490325928, 0.9897002577781677, 0.6178929209709167, -0.7731204628944397, 0.14315283298492432, 0.7810995578765869, 0.6244059205055237, 0.0007345413323491812], "cam_t_m2c": [98.22684478759766, -65.36300659179688, 489.2528381347656], "obj_id": 1}, {"cam_R_m2c": [0.46351155638694763, -0.5630898475646973, -0.6841686367988586, -0.6858179569244385, -0.7168894410133362, 0.12539121508598328, -0.5610799193382263, 0.41109493374824524, -0.718463659286499], "cam_t_m2c": [-340.7688903808594, -496.58660888671875, 619.3119506835938], "obj_id": 0}, {"cam_R_m2c": [-0.12108270823955536, -0.3957248032093048, 0.9103520512580872, -0.9677948355674744, 0.2509739398956299, -0.0196260716766119, -0.22070810198783875, -0.8834103941917419, -0.41336899995803833], "cam_t_m2c": [-7.16917610168457, 11.82156753540039, 277.4486083984375], "obj_id": 1}]
}