{
  "0": [{"cam_R_m2c": [-0.3930962383747101, 0.6998128890991211, 0.5964370369911194, -0.1963508129119873, 0.569806694984436, -0.7979766130447388, -0.8982881307601929, -0.43079257011413574, -0.08657999336719513], "cam_t_m2c": [6221.08642578125, -1072.726806640625, 10407.052734375], "obj_id": 2}, {"cam_R_m2c": [-0.6697462201118469, 0.631953775882721, -0.38996681571006775, -0.7406402826309204, -0.6064943671226501, 0.28916463255882263, -0.05377405509352684, 0.4824921190738678, 0.8742480874061584], "cam_t_m2c": [3709.158203125, -1557.766845703125, 5587.34765625], "obj_id": 2}, {"cam_R_m2c": [0.23870715498924255, -0.9559847116470337, -0.17062243819236755, -0.32819414138793945, 0.08594385534524918, -0.9406923651695251, 0.9139515161514282, 0.28054726123809814, -0.29323315620422363], "cam_t_m2c": [-178.00440979003906, -420.4526672363281, 990.1827392578125], "obj_id": 0}],
  "1": [{"cam_R_m2c": [0.07808945327997208, -0.9942163228988647, -0.07372801005840302, -0.9965701699256897, -0.07987750321626663, 0.02162010781466961, -0.027384279295802116, 0.07178683578968048, -0.9970439076423645], "cam_t_m2c": [-837.2163696289062, 10666.3115234375, -2770.466796875], "obj_id": 2}, {"cam_R_m2c": [0.8837571144104004, 0.006209644488990307, 0.4679047167301178, -0.3818972706794739, 0.5874108076095581, 0.7135145664215088, -0.2704215943813324, -0.80926513671875, 0.5214998722076416], "cam_t_m2c": [-405.1393737792969, 5254.30419921875, -2223.91259765625], "obj_id": 2}, {"cam_R_m2c": [0.32091018557548523, 0.7938458919525146, 0.5165513753890991, 0.887542188167572, -0.061694324016571045, -0.4565770924091339, -0.3305835723876953, 0.6049813628196716, -0.7243700623512268], "cam_t_m2c": [319.0196228027344, -214.9708251953125, 440.37152099609375], "obj_id": 0}]
}