{
  "0": [{"cam_R_m2c": [0.05216240882873535, 0.8348016738891602, 0.5480738878250122, 0.7259038686752319, 0.34520721435546875, -0.5948910713195801, -0.685815155506134, 0.42887991666793823, -0.5879789590835571], "cam_t_m2c": [-147.47088623046875, -6.358727931976318, 267.4963073730469], "obj_id": 3}, {"cam_R_m2c": [0.05216240882873535, 0.8348016738891602, 0.5480738878250122, 0.7259038686752319, 0.34520721435546875, -0.5948910713195801, -0.685815155506134, 0.42887991666793823, -0.5879789590835571], "cam_t_m2c": [-147.47088623046875, -6.358727931976318, 267.4963073730469], "obj_id": 0}, {"cam_R_m2c": [0.05216240882873535, 0.8348016738891602, 0.5480738878250122, 0.7259038686752319, 0.34520721435546875, -0.5948910713195801, -0.685815155506134, 0.42887991666793823, -0.5879789590835571], "cam_t_m2c": [-147.47088623046875, -6.358727931976318, 267.4963073730469], "obj_id": 3}, {"cam_R_m2c": [0.05216240882873535, 0.8348016738891602, 0.5480738878250122, 0.7259038686752319, 0.34520721435546875, -0.5948910713195801, -0.685815155506134, 0.42887991666793823, -0.5879789590835571], "cam_t_m2c": [-147.47088623046875, -6.358727931976318, 267.4963073730469], "obj_id": 3}, {"cam_R_m2c": [0.05216240882873535, 0.8348016738891602, 0.5480738878250122, 0.7259038686752319, 0.34520721435546875, -0.5948910713195801, -0.685815155506134, 0.42887991666793823, -0.5879789590835571], "cam_t_m2c": [-147.47088623046875, -6.358727931976318, 267.4963073730469], "obj_id": 1}, {"cam_R_m2c": [0.05216240882873535, 0.8348016738891602, 0.5480738878250122, 0.7259038686752319, 0.34520721435546875, -0.5948910713195801, -0.685815155506134, 0.42887991666793823, -0.5879789590835571], "cam_t_m2c": [-147.47088623046875, -6.358727931976318, 267.4963073730469], "obj_id": 1}, {"cam_R_m2c": [0.05216240882873535, 0.8348016738891602, 0.5480738878250122, 0.7259038686752319, 0.34520721435546875, -0.5948910713195801, -0.685815155506134, 0.42887991666793823, -0.5879789590835571], "cam_t_m2c": [-147.47088623046875, -6.358727931976318, 267.4963073730469], "obj_id": 3}, {"cam_R_m2c": [0.05216240882873535, 0.8348016738891602, 0.5480738878250122, 0.7259038686752319, 0.34520721435546875, -0.5948910713195801, -0.685815155506134, 0.42887991666793823, -0.5879789590835571], "cam_t_m2c": [-147.47088623046875, -6.358727931976318, 267.4963073730469], "obj_id": 1}, {"cam_R_m2c": [0.05216240882873535, 0.8348016738891602, 0.5480738878250122, 0.7259038686752319, 0.34520721435546875, -0.5948910713195801, -0.685815155506134, 0.42887991666793823, -0.5879789590835571], "cam_t_m2c": [-147.47088623046875, -6.358727931976318, 267.4963073730469], "obj_id": 1}, {"cam_R_m2c": [0.05216240882873535, 0.8348016738891602, 0.5480738878250122, 0.7259038686752319, 0.34520721435546875, -0.5948910713195801, -0.685815155506134, 0.42887991666793823, -0.5879789590835571], "cam_t_m2c": [-147.47088623046875, -6.358727931976318, 267.4963073730469], "obj_id": 0}, {"cam_R_m2c": [0.05216240882873535, 0.8348016738891602, 0.5480738878250122, 0.7259038686752319, 0.34520721435546875, -0.5948910713195801, -0.685815155506134, 0.42887991666793823, -0.5879789590835571], "cam_t_m2c": [-147.47088623046875, -6.358727931976318, 267.4963073730469], "obj_id": 0}, {"cam_R_m2c": [0.05216240882873535, 0.8348016738891602, 0.5480738878250122, 0.7259038686752319, 0.34520721435546875, -0.5948910713195801, -0.685815155506134, 0.42887991666793823, -0.5879789590835571], "cam_t_m2c": [-147.47088623046875, -6.358727931976318, 267.4963073730469], "obj_id": 0}, {"cam_R_m2c": [0.05216240882873535, 0.8348016738891602, 0.5480738878250122, 0.7259038686752319, 0.34520721435546875, -0.5948910713195801, -0.685815155506134, 0.42887991666793823, -0.5879789590835571], "cam_t_m2c": [-147.47088623046875, -6.358727931976318, 267.4963073730469], "obj_id": 0}, {"cam_R_m2c": [0.05216240882873535, 0.8348016738891602, 0.5480738878250122, 0.7259038686752319, 0.34520721435546875, -0.5948910713195801, -0.685815155506134, 0.42887991666793823, -0.5879789590835571], "cam_t_m2c": [-147.47088623046875, -6.358727931976318, 267.4963073730469], "obj_id": 2}, {"cam_R_m2c": [0.05216240882873535, 0.8348016738891602, 0.5480738878250122, 0.7259038686752319, 0.34520721435546875, -0.5948910713195801, -0.685815155506134, 0.42887991666793823, -0.5879789590835571], "cam_t_m2c": [-147.47088623046875, -6.358727931976318, 267.4963073730469], "obj_id": 3}, {"cam_R_m2c": [0.05216240882873535, 0.8348016738891602, 0.5480738878250122, 0.7259038686752319, 0.34520721435546875, -0.5948910713195801, -0.685815155506134, 0.42887991666793823, -0.5879789590835571], "cam_t_m2c": [-147.47088623046875, -6.358727931976318, 267.4963073730469], "obj_id": 2}, {"cam_R_m2c": [0.05216240882873535, 0.8348016738891602, 0.5480738878250122, 0.7259038686752319, 0.34520721435546875, -0.5948910713195801, -0.685815155506134, 0.42887991666793823, -0.5879789590835571], "cam_t_m2c": [-147.47088623046875, -6.358727931976318, 267.4963073730469], "obj_id": 1}, {"cam_R_m2c": [0.05216240882873535, 0.8348016738891602, 0.5480738878250122, 0.7259038686752319, 0.34520721435546875, -0.5948910713195801, -0.685815155506134, 0.42887991666793823, -0.5879789590835571], "cam_t_m2c": [-147.47088623046875, -6.358727931976318, 267.4963073730469], "obj_id": 1}, {"cam_R_m2c": [0.05216240882873535, 0.8348016738891602, 0.5480738878250122, 0.7259038686752319, 0.34520721435546875, -0.5948910713195801, -0.685815155506134, 0.42887991666793823, -0.5879789590835571], "cam_t_m2c": [-147.47088623046875, -6.358727931976318, 267.4963073730469], "obj_id": 0}, {"cam_R_m2c": [0.05216240882873535, 0.8348016738891602, 0.5480738878250122, 0.7259038686752319, 0.34520721435546875, -0.5948910713195801, -0.685815155506134, 0.42887991666793823, -0.5879789590835571], "cam_t_m2c": [-147.47088623046875, -6.358727931976318, 267.4963073730469], "obj_id": 0}, {"cam_R_m2c": [0.05216240882873535, 0.8348016738891602, 0.5480738878250122, 0.7259038686752319, 0.34520721435546875, -0.5948910713195801, -0.685815155506134, 0.42887991666793823, -0.5879789590835571], "cam_t_m2c": [-147.47088623046875, -6.358727931976318, 267.4963073730469], "obj_id": 3}, {"cam_R_m2c": [0.05216240882873535, 0.8348016738891602, 0.5480738878250122, 0.7259038686752319, 0.34520721435546875, -0.5948910713195801, -0.685815155506134, 0.42887991666793823, -0.5879789590835571], "cam_t_m2c": [-147.47088623046875, -6.358727931976318, 267.4963073730469], "obj_id": 2}, {"cam_R_m2c": [0.05216240882873535, 0.8348016738891602, 0.5480738878250122, 0.7259038686752319, 0.34520721435546875, -0.5948910713195801, -0.685815155506134, 0.42887991666793823, -0.5879789590835571], "cam_t_m2c": [-147.47088623046875, -6.358727931976318, 267.4963073730469], "obj_id": 1}, {"cam_R_m2c": [0.05216240882873535, 0.8348016738891602, 0.5480738878250122, 0.7259038686752319, 0.34520721435546875, -0.5948910713195801, -0.685815155506134, 0.42887991666793823, -0.5879789590835571], "cam_t_m2c": [-147.47088623046875, -6.358727931976318, 267.4963073730469], "obj_id": 0}, {"cam_R_m2c": [-0.6516332030296326, -0.5964727401733398, -0.468609094619751, 0.6147091388702393, -0.05330092832446098, -0.7869508862495422, 0.44441747665405273, -0.8008615970611572, 0.4013898968696594], "cam_t_m2c": [-128.4512176513672, -77.98181915283203, 297.6297302246094], "obj_id": 0}, {"cam_R_m2c": [0.010554242879152298, -0.4665488004684448, 0.8844324946403503, -0.6980043649673462, -0.6367754936218262, -0.32757723331451416, 0.7160157561302185, -0.6138803958892822, -0.3323737680912018], "cam_t_m2c": [-10.423910140991211, 107.41629028320312, 265.222412109375], "obj_id": 3}, {"cam_R_m2c": [-0.3293538987636566, 0.010942711494863033, -0.9441430568695068, -0.6788011789321899, -0.6977985501289368, 0.2287048101425171, -0.6563190817832947, 0.7162103056907654, 0.23725076019763947], "cam_t_m2c": [-76.32279205322266, -27.66750144958496, 353.8501892089844], "obj_id": 1}, {"cam_R_m2c": [-0.18698832392692566, -0.7520517110824585, 0.6320234537124634, -0.6027788519859314, -0.42017918825149536, -0.6783119440078735, 0.7756887674331665, -0.5078067779541016, -0.3747522532939911], "cam_t_m2c": [-315.042236328125, -204.19683837890625, 216.87742614746094], "obj_id": 1}, {"cam_R_m2c": [0.5059092044830322, -0.7461404800415039, 0.43281665444374084, 0.8266606330871582, 0.5626882314682007, 0.003764348803088069, -0.24634955823421478, 0.3558880686759949, 0.901474118232727], "cam_t_m2c": [-193.8455047607422, -167.2599334716797, 337.8335876464844], "obj_id": 3}, {"cam_R_m2c": [0.34209901094436646, -0.6852329969406128, -0.6429805755615234, -0.8211489319801331, -0.5506617426872253, 0.14995373785495758, -0.45681801438331604, 0.47668376564979553, -0.7510592341423035], "cam_t_m2c": [-250.79637145996094, -118.48522186279297, 296.83123779296875], "obj_id": 0}, {"cam_R_m2c": [-0.7173816561698914, -0.6907894015312195, -0.0904068797826767, -0.6823917627334595, 0.7228741645812988, -0.10860209912061691, 0.14037397503852844, -0.016216251999139786, -0.9899656772613525], "cam_t_m2c": [30.79227638244629, 7.914403438568115, 357.63531494140625], "obj_id": 3}, {"cam_R_m2c": [-0.5480734705924988, -0.8328521847724915, 0.07728290557861328, 0.5948975086212158, -0.4530913531780243, -0.6639315485954285, 0.5879730582237244, -0.3179078996181488, 0.7437890768051147], "cam_t_m2c": [-216.39358520507812, -209.07037353515625, 424.50946044921875], "obj_id": 2}],
  "1": [{"cam_R_m2c": [-0.07950366288423538, -0.815183162689209, -0.5737208127975464, -0.18174026906490326, 0.5777499079704285, -0.7957232594490051, 0.9801273941993713, 0.04100527614355087, -0.19408485293388367], "cam_t_m2c": [36.02351379394531, -41.818145751953125, 285.1006774902344], "obj_id": 1}, {"cam_R_m2c": [-0.07950366288423538, -0.815183162689209, -0.5737208127975464, -0.18174026906490326, 0.5777499079704285, -0.7957232594490051, 0.9801273941993713, 0.04100527614355087, -0.19408485293388367], "cam_t_m2c": [36.02351379394531, -41.818145751953125, 285.1006774902344], "obj_id": 2}, {"cam_R_m2c": [-0.07950366288423538, -0.815183162689209, -0.5737208127975464, -0.18174026906490326, 0.5777499079704285, -0.7957232594490051, 0.9801273941993713, 0.04100527614355087, -0.19408485293388367], "cam_t_m2c": [36.02351379394531, -41.818145751953125, 285.1006774902344], "obj_id": 0}, {"cam_R_m2c": [-0.07950366288423538, -0.815183162689209, -0.5737208127975464, -0.18174026906490326, 0.5777499079704285, -0.7957232594490051, 0.9801273941993713, 0.04100527614355087, -0.19408485293388367], "cam_t_m2c": [36.02351379394531, -41.818145751953125, 285.1006774902344], "obj_id": 1}, {"cam_R_m2c": [-0.07950366288423538, -0.815183162689209, -0.5737208127975464, -0.18174026906490326, 0.5777499079704285, -0.7957232594490051, 0.9801273941993713, 0.04100527614355087, -0.19408485293388367], "cam_t_m2c": [36.02351379394531, -41.818145751953125, 285.1006774902344], "obj_id": 3}, {"cam_R_m2c": [-0.07950366288423538, -0.815183162689209, -0.5737208127975464, -0.18174026906490326, 0.5777499079704285, -0.7957232594490051, 0.9801273941993713, 0.04100527614355087, -0.19408485293388367], "cam_t_m2c": [36.02351379394531, -41.818145751953125, 285.1006774902344], "obj_id": 2}, {"cam_R_m2c": [-0.07950366288423538, -0.815183162689209, -0.5737208127975464, -0.18174026906490326, 0.5777499079704285, -0.7957232594490051, 0.9801273941993713, 0.04100527614355087, -0.19408485293388367], "cam_t_m2c": [36.02351379394531, -41.818145751953125, 285.1006774902344], "obj_id": 0}, {"cam_R_m2c": [-0.07950366288423538, -0.815183162689209, -0.5737208127975464, -0.18174026906490326, 0.5777499079704285, -0.7957232594490051, 0.9801273941993713, 0.04100527614355087, -0.19408485293388367], "cam_t_m2c": [36.02351379394531, -41.818145751953125, 285.1006774902344], "obj_id": 1}, {"cam_R_m2c": [-0.07950366288423538, -0.815183162689209, -0.5737208127975464, -0.18174026906490326, 0.5777499079704285, -0.7957232594490051, 0.9801273941993713, 0.04100527614355087, -0.19408485293388367], "cam_t_m2c": [36.02351379394531, -41.818145751953125, 285.1006774902344], "obj_id": 2}, {"cam_R_m2c": [-0.07950366288423538, -0.815183162689209, -0.5737208127975464, -0.18174026906490326, 0.5777499079704285, -0.7957232594490051, 0.9801273941993713, 0.04100527614355087, -0.19408485293388367], "cam_t_m2c": [36.02351379394531, -41.818145751953125, 285.1006774902344], "obj_id": 2}, {"cam_R_m2c": [-0.07950366288423538, -0.815183162689209, -0.5737208127975464, -0.18174026906490326, 0.5777499079704285, -0.7957232594490051, 0.9801273941993713, 0.04100527614355087, -0.19408485293388367], "cam_t_m2c": [36.02351379394531, -41.818145751953125, 285.1006774902344], "obj_id": 3}, {"cam_R_m2c": [-0.07950366288423538, -0.815183162689209, -0.5737208127975464, -0.18174026906490326, 0.5777499079704285, -0.7957232594490051, 0.9801273941993713, 0.04100527614355087, -0.19408485293388367], "cam_t_m2c": [36.02351379394531, -41.818145751953125, 285.1006774902344], "obj_id": 2}, {"cam_R_m2c": [-0.07950366288423538, -0.815183162689209, -0.5737208127975464, -0.18174026906490326, 0.5777499079704285, -0.7957232594490051, 0.9801273941993713, 0.04100527614355087, -0.19408485293388367], "cam_t_m2c": [36.02351379394531, -41.818145751953125, 285.1006774902344], "obj_id": 3}, {"cam_R_m2c": [-0.07950366288423538, -0.815183162689209, -0.5737208127975464, -0.18174026906490326, 0.5777499079704285, -0.7957232594490051, 0.9801273941993713, 0.04100527614355087, -0.19408485293388367], "cam_t_m2c": [36.02351379394531, -41.818145751953125, 285.1006774902344], "obj_id": 1}, {"cam_R_m2c": [-0.07950366288423538, -0.815183162689209, -0.5737208127975464, -0.18174026906490326, 0.5777499079704285, -0.7957232594490051, 0.9801273941993713, 0.04100527614355087, -0.19408485293388367], "cam_t_m2c": [36.02351379394531, -41.818145751953125, 285.1006774902344], "obj_id": 0}, {"cam_R_m2c": [-0.07950366288423538, -0.815183162689209, -0.5737208127975464, -0.18174026906490326, 0.5777499079704285, -0.7957232594490051, 0.9801273941993713, 0.04100527614355087, -0.19408485293388367], "cam_t_m2c": [36.02351379394531, -41.818145751953125, 285.1006774902344], "obj_id": 0}, {"cam_R_m2c": [-0.07950366288423538, -0.815183162689209, -0.5737208127975464, -0.18174026906490326, 0.5777499079704285, -0.7957232594490051, 0.9801273941993713, 0.04100527614355087, -0.19408485293388367], "cam_t_m2c": [36.02351379394531, -41.818145751953125, 285.1006774902344], "obj_id": 2}, {"cam_R_m2c": [-0.07950366288423538, -0.815183162689209, -0.5737208127975464, -0.18174026906490326, 0.5777499079704285, -0.7957232594490051, 0.9801273941993713, 0.04100527614355087, -0.19408485293388367], "cam_t_m2c": [36.02351379394531, -41.818145751953125, 285.1006774902344], "obj_id": 2}, {"cam_R_m2c": [-0.07950366288423538, -0.815183162689209, -0.5737208127975464, -0.18174026906490326, 0.5777499079704285, -0.7957232594490051, 0.9801273941993713, 0.04100527614355087, -0.19408485293388367], "cam_t_m2c": [36.02351379394531, -41.818145751953125, 285.1006774902344], "obj_id": 0}, {"cam_R_m2c": [-0.07950366288423538, -0.815183162689209, -0.5737208127975464, -0.18174026906490326, 0.5777499079704285, -0.7957232594490051, 0.9801273941993713, 0.04100527614355087, -0.19408485293388367], "cam_t_m2c": [36.02351379394531, -41.818145751953125, 285.1006774902344], "obj_id": 3}, {"cam_R_m2c": [-0.07950366288423538, -0.815183162689209, -0.5737208127975464, -0.18174026906490326, 0.5777499079704285, -0.7957232594490051, 0.9801273941993713, 0.04100527614355087, -0.19408485293388367], "cam_t_m2c": [36.02351379394531, -41.818145751953125, 285.1006774902344], "obj_id": 3}, {"cam_R_m2c": [-0.07950366288423538, -0.815183162689209, -0.5737208127975464, -0.18174026906490326, 0.5777499079704285, -0.7957232594490051, 0.9801273941993713, 0.04100527614355087, -0.19408485293388367], "cam_t_m2c": [36.02351379394531, -41.818145751953125, 285.1006774902344], "obj_id": 1}, {"cam_R_m2c": [-0.07950366288423538, -0.815183162689209, -0.5737208127975464, -0.18174026906490326, 0.5777499079704285, -0.7957232594490051, 0.9801273941993713, 0.04100527614355087, -0.19408485293388367], "cam_t_m2c": [36.02351379394531, -41.818145751953125, 285.1006774902344], "obj_id": 1}, {"cam_R_m2c": [-0.07950366288423538, -0.815183162689209, -0.5737208127975464, -0.18174026906490326, 0.5777499079704285, -0.7957232594490051, 0.9801273941993713, 0.04100527614355087, -0.19408485293388367], "cam_t_m2c": [36.02351379394531, -41.818145751953125, 285.1006774902344], "obj_id": 2}, {"cam_R_m2c": [0.19779227674007416, 0.8888036608695984, 0.41340816020965576, -0.5316895246505737, 0.4515867829322815, -0.7165024280548096, -0.8235195875167847, -0.07808610051870346, 0.5618879199028015], "cam_t_m2c": [-20.446807861328125, -16.072036743164062, 197.26480102539062], "obj_id": 3}, {"cam_R_m2c": [-0.3520633578300476, 0.9339487552642822, 0.061571940779685974, 0.6894117593765259, 0.21426400542259216, 0.6919554471969604, 0.6330583095550537, 0.2860606014728546, -0.7193097472190857], "cam_t_m2c": [117.15180206298828, -118.39266967773438, 221.72988891601562], "obj_id": 3}, {"cam_R_m2c": [-0.38369590044021606, -0.12717285752296448, 0.9146607518196106, 0.9077041745185852, 0.13024115562438965, 0.39888620376586914, -0.16985391080379486, 0.9832925200462341, 0.06546244025230408], "cam_t_m2c": [32.318450927734375, -104.51212310791016, 379.474853515625], "obj_id": 3}, {"cam_R_m2c": [0.028681110590696335, -0.402706503868103, -0.9148797392845154, 0.8368456959724426, 0.5102382302284241, -0.19835896790027618, 0.5466870665550232, -0.7599239349365234, 0.3516373932361603], "cam_t_m2c": [4466.2119140625, 6294.22802734375, 1725.1021728515625], "obj_id": 0}, {"cam_R_m2c": [-0.5662502646446228, 0.7102838754653931, -0.4181596636772156, 0.5562768578529358, 0.7036934494972229, 0.4420086443424225, 0.6082078218460083, 0.017674962058663368, -0.7935810685157776], "cam_t_m2c": [4462.4775390625, 6532.26171875, 1998.44677734375], "obj_id": 2}, {"cam_R_m2c": [-0.4987970292568207, 0.4394824504852295, -0.7470319867134094, -0.4844490587711334, -0.8560675978660583, -0.1801595538854599, -0.7186868190765381, 0.2720358967781067, 0.6399107575416565], "cam_t_m2c": [-96.39653015136719, 21.950780868530273, 226.1945037841797], "obj_id": 1}, {"cam_R_m2c": [-0.5262899994850159, -0.05629764869809151, -0.8484394550323486, -0.18417230248451233, 0.9816665649414062, 0.049104880541563034, 0.8301201462745667, 0.18210244178771973, -0.5270097851753235], "cam_t_m2c": [4715.25048828125, 6229.33740234375, 1837.24560546875], "obj_id": 0}, {"cam_R_m2c": [-0.25425904989242554, 0.8181948065757751, 0.5156642198562622, -0.5004675388336182, -0.5675573348999023, 0.6537666916847229, 0.827577531337738, -0.09184709191322327, 0.55378657579422], "cam_t_m2c": [-69.43907165527344, 71.8029556274414, 186.26242065429688], "obj_id": 1}]
}