{
  "0": [{"cam_R_m2c": [0.6835859417915344, -0.43168485164642334, -0.5885222554206848, -0.2612648606300354, 0.608180582523346, -0.7495712637901306, 0.681506335735321, 0.6661565899848938, 0.3029595911502838], "cam_t_m2c": [-66.72014617919922, 124.824462890625, 595.4417724609375], "obj_id": 1}, {"cam_R_m2c": [0.18912816047668457, 0.866982638835907, 0.46105480194091797, -0.9199637770652771, 0.3206242322921753, -0.2255363166332245, -0.34336140751838684, -0.3814984858036041, 0.858231782913208], "cam_t_m2c": [113.00043487548828, -103.169189453125, 604.9369506835938], "obj_id": 2}, {"cam_R_m2c": [-0.7460241317749023, -0.529890775680542, -0.4033159017562866, 0.6095455884933472, -0.7872573733329773, -0.09316597133874893, -0.2681456506252289, -0.3153434991836548, 0.9103056192398071], "cam_t_m2c": [72.56454467773438, 70.1863021850586, 734.6375732421875], "obj_id": 3}, {"cam_R_m2c": [0.6027489900588989, -0.7175374627113342, -0.3490467071533203, -0.663850724697113, -0.20823858678340912, -0.7182888388633728, 0.4427141845226288, 0.664662778377533, -0.6018533706665039], "cam_t_m2c": [213.12469482421875, 105.57506561279297, 578.0968627929688], "obj_id": 4}, {"cam_R_m2c": [-0.050073765218257904, -0.9956204295158386, 0.07894761860370636, 0.9729295969009399, -0.06648310273885727, -0.22133266925811768, 0.22561198472976685, 0.06572751700878143, 0.9719974994659424], "cam_t_m2c": [-207.3546600341797, -5.096925258636475, 475.20025634765625], "obj_id": 5}, {"cam_R_m2c": [0.38908296823501587, 0.919678807258606, 0.05296505615115166, 0.6699775457382202, -0.2430451512336731, -0.7014692425727844, -0.6322535276412964, 0.30841514468193054, -0.7107288837432861], "cam_t_m2c": [12.219101905822754, 212.63816833496094, 336.8022766113281], "obj_id": 6}, {"cam_R_m2c": [0.25054001808166504, -0.637873649597168, -0.7282491326332092, -0.6815428137779236, -0.650458574295044, 0.3352653682231903, -0.6875529289245605, 0.4123356342315674, -0.5977040529251099], "cam_t_m2c": [-37.60914611816406, 58.43360900878906, 254.74185180664062], "obj_id": 7}, {"cam_R_m2c": [-0.04531394690275192, 0.2356657087802887, -0.9707772135734558, 0.9299206733703613, 0.3649727702140808, 0.04519392177462578, 0.36495792865753174, -0.9006978273391724, -0.23568877577781677], "cam_t_m2c": [299.4091796875, -55.40192794799805, 515.7127685546875], "obj_id": 1}, {"cam_R_m2c": [0.21167996525764465, -0.42412132024765015, 0.8805184364318848, 0.4545467495918274, -0.7548435926437378, -0.47286200523376465, 0.8652045130729675, 0.5003321766853333, 0.03299766033887863], "cam_t_m2c": [161.34007263183594, -98.89836120605469, 667.8323364257812], "obj_id": 2}, {"cam_R_m2c": [0.1733422875404358, 0.9726577401161194, -0.1545618623495102, -0.925931990146637, 0.10747891664505005, -0.36207491159439087, -0.3355628252029419, 0.2058766633272171, 0.9192455410957336], "cam_t_m2c": [140.64663696289062, 79.65501403808594, 371.77423095703125], "obj_id": 3}, {"cam_R_m2c": [-0.029252763837575912, 0.6370676159858704, 0.7702527642250061, 0.9504792094230652, -0.2207987755537033, 0.2187175303697586, 0.30940863490104675, 0.7385072708129883, -0.5990605354309082], "cam_t_m2c": [59.591732025146484, 106.41575622558594, 210.97007751464844], "obj_id": 4}, {"cam_R_m2c": [0.7662029266357422, 0.3600986897945404, -0.532223641872406, -0.610187292098999, 0.14798952639102936, -0.778312623500824, -0.2015058547258377, 0.9211015105247498, 0.33311766386032104], "cam_t_m2c": [-24.58867645263672, 99.8261489868164, 409.8545837402344], "obj_id": 5}, {"cam_R_m2c": [-0.1382974088191986, -0.8765323758125305, 0.4610474407672882, 0.9262961149215698, -0.27922454476356506, -0.2529999911785126, 0.3504984676837921, 0.39207723736763, 0.8505446910858154], "cam_t_m2c": [-119.59181213378906, 93.87274932861328, 512.1331787109375], "obj_id": 6}, {"cam_R_m2c": [-0.06393750756978989, 0.9291098117828369, -0.3642350733280182, 0.46404829621315, -0.2954426109790802, -0.8350886702537537, -0.8834995031356812, -0.22241604328155518, -0.41226205229759216], "cam_t_m2c": [45.738433837890625, 68.32518005371094, 157.75584411621094], "obj_id": 1}, {"cam_R_m2c": [-0.10964077711105347, -0.7305446267127991, -0.6740055084228516, 0.9501599073410034, 0.12206894159317017, -0.28687164187431335, 0.29184767603874207, -0.6718658804893494, 0.6807504892349243], "cam_t_m2c": [317.4757385253906, 85.36479187011719, 551.6497192382812], "obj_id": 2}, {"cam_R_m2c": [-0.5492811799049377, 0.819110631942749, -0.16537238657474518, 0.8166558742523193, 0.5681282877922058, 0.10150578618049622, 0.17709720134735107, -0.07929711043834686, -0.9809936881065369], "cam_t_m2c": [235.98611450195312, 53.99037170410156, 521.138671875], "obj_id": 3}, {"cam_R_m2c": [-0.07081545144319534, -0.6494640111923218, -0.7570875883102417, 0.9541257619857788, 0.1772516816854477, -0.2413002848625183, 0.29091089963912964, -0.7394445538520813, 0.6071182489395142], "cam_t_m2c": [307.6405029296875, 101.77596282958984, 628.2028198242188], "obj_id": 4}, {"cam_R_m2c": [-0.7641940116882324, -0.23429380357265472, 0.6009274125099182, -0.5132447481155396, 0.7851570844650269, -0.34656620025634766, -0.39062410593032837, -0.5732666850090027, -0.7202624082565308], "cam_t_m2c": [130.0872039794922, 108.18057250976562, 478.2372131347656], "obj_id": 5}, {"cam_R_m2c": [0.14234958589076996, 0.6392837166786194, 0.7556803822517395, -0.9304031729698181, 0.34694236516952515, -0.11824063956737518, -0.3377668261528015, -0.686255931854248, 0.6441787481307983], "cam_t_m2c": [184.29837036132812, -130.55789184570312, 723.0828857421875], "obj_id": 6}, {"cam_R_m2c": [-0.5027024745941162, -0.05169793590903282, 0.8629122376441956, 0.856464684009552, 0.10565943270921707, 0.5052765011787415, -0.11729656904935837, 0.9930576086044312, -0.008837802335619926], "cam_t_m2c": [-94.30389404296875, -94.75016784667969, 515.18994140625], "obj_id": 1}, {"cam_R_m2c": [-0.14064909517765045, 0.7341930270195007, 0.664212703704834, 0.9350467920303345, -0.12201302498579025, 0.33286699652671814, 0.3254311680793762, 0.6678873896598816, -0.669343888759613], "cam_t_m2c": [-96.15006256103516, -50.1312141418457, 555.2089233398438], "obj_id": 2}, {"cam_R_m2c": [-0.37431707978248596, 0.5692978501319885, 0.7319744825363159, 0.9246790409088135, 0.288470059633255, 0.2485029250383377, -0.06968051940202713, 0.7698603272438049, -0.634397029876709], "cam_t_m2c": [305.6968994140625, 71.64305877685547, 590.3173828125], "obj_id": 3}, {"cam_R_m2c": [-0.13501808047294617, 0.8729977607727051, 0.46866321563720703, 0.8335885405540466, -0.15561197698116302, 0.5300144553184509, 0.5356309413909912, 0.4622337222099304, -0.7067105174064636], "cam_t_m2c": [-15.745565414428711, -3.1600756645202637, 372.70599365234375], "obj_id": 4}, {"cam_R_m2c": [-0.1685452163219452, -0.5633788704872131, -0.8088242411613464, 0.25980430841445923, 0.7661563158035278, -0.5877977609634399, 0.9508386254310608, -0.3092065453529358, 0.01723629981279373], "cam_t_m2c": [379.85723876953125, 162.04014587402344, 507.120361328125], "obj_id": 5}, {"cam_R_m2c": [-0.11855673044919968, 0.9309364557266235, -0.3454006314277649, 0.967542827129364, 0.18649110198020935, 0.17053423821926117, 0.2231706827878952, -0.31397193670272827, -0.9228306412696838], "cam_t_m2c": [-51.90271759033203, 25.421720504760742, 487.8421325683594], "obj_id": 6}, {"cam_R_m2c": [-0.4850095808506012, 0.07928402721881866, 0.8709073662757874, -0.782374918460846, 0.4055987596511841, -0.47262993454933167, -0.3907109200954437, -0.9106062054634094, -0.13468940556049347], "cam_t_m2c": [-201.9108123779297, 7.565243244171143, 513.9911499023438], "obj_id": 1}, {"cam_R_m2c": [-0.14276669919490814, -0.6380586624145508, 0.7566365003585815, 0.9260460734367371, -0.3559548258781433, -0.12543876469135284, 0.3493657112121582, 0.6827718019485474, 0.641690194606781], "cam_t_m2c": [31.96392250061035, 56.704833984375, 336.231689453125], "obj_id": 2}, {"cam_R_m2c": [0.27869826555252075, 0.8068293333053589, -0.520916223526001, -0.7463510036468506, 0.5233094096183777, 0.41122666001319885, 0.6043900847434998, 0.2741782069206238, 0.7480233311653137], "cam_t_m2c": [93.63658142089844, 105.44300842285156, 404.2777404785156], "obj_id": 3}, {"cam_R_m2c": [-0.1307511329650879, 0.6793709397315979, -0.7220520377159119, -0.923408567905426, 0.18164077401161194, 0.33811718225479126, 0.36086106300354004, 0.7109582424163818, 0.60358726978302], "cam_t_m2c": [47.93395233154297, -29.097116470336914, 587.6885375976562], "obj_id": 4}, {"cam_R_m2c": [0.6164505481719971, -0.16117854416370392, 0.7707204818725586, 0.7796913385391235, 0.2615264654159546, -0.5689334273338318, -0.10986389964818954, 0.9516434669494629, 0.28688767552375793], "cam_t_m2c": [146.75318908691406, 177.085205078125, 335.0972900390625], "obj_id": 5}, {"cam_R_m2c": [0.35679420828819275, 0.49907639622688293, 0.7896965742111206, 0.826531708240509, -0.5626062154769897, -0.017878079786896706, 0.4353656470775604, 0.6590880155563354, -0.6132370829582214], "cam_t_m2c": [294.68817138671875, 90.19064331054688, 313.978759765625], "obj_id": 6}, {"cam_R_m2c": [-0.21208006143569946, 0.36840271949768066, 0.9051526784896851, -0.44512054324150085, 0.7881492376327515, -0.4250746965408325, -0.869994044303894, -0.4930519461631775, -0.00316710420884192], "cam_t_m2c": [19.968345642089844, 90.82380676269531, 260.6203918457031], "obj_id": 7}, {"cam_R_m2c": [0.15418589115142822, 0.6218667030334473, -0.7677945494651794, 0.6167502403259277, -0.6676775217056274, -0.4169243276119232, -0.771910548210144, -0.40925365686416626, -0.4864829182624817], "cam_t_m2c": [334.1746826171875, 54.97025680541992, 456.542236328125], "obj_id": 8}, {"cam_R_m2c": [0.226771742105484, 0.8903157114982605, -0.3948574960231781, -0.9699005484580994, 0.16951562464237213, -0.1748063862323761, -0.0886983796954155, 0.4226136803627014, 0.9019591212272644], "cam_t_m2c": [68.39994812011719, -49.62257385253906, 415.17449951171875], "obj_id": 9}, {"cam_R_m2c": [-0.09045393019914627, 0.8898863792419434, 0.44712457060813904, 0.9407215118408203, -0.0710223913192749, 0.3316609263420105, 0.3268963694572449, 0.4506196975708008, -0.8307110071182251], "cam_t_m2c": [132.48342895507812, 133.52781677246094, 341.6781921386719], "obj_id": 10}, {"cam_R_m2c": [-0.4862001836299896, -0.7084422707557678, -0.5115848183631897, -0.5454511642456055, 0.7034246325492859, -0.4557158052921295, 0.6827096343040466, 0.05747542157769203, -0.7284258008003235], "cam_t_m2c": [-197.9331817626953, 110.35636901855469, 586.53076171875], "obj_id": 1}, {"cam_R_m2c": [0.2041906714439392, -0.2613305449485779, 0.9434048533439636, 0.7340027689933777, -0.5967807769775391, -0.3241806924343109, 0.6477239727973938, 0.75865638256073, 0.06996005028486252], "cam_t_m2c": [121.21517944335938, 73.78089141845703, 342.6187744140625], "obj_id": 2}, {"cam_R_m2c": [-0.3243032693862915, 0.7185972332954407, 0.615179181098938, 0.9454540014266968, 0.22510331869125366, 0.23546823859214783, 0.03072793036699295, 0.6579867005348206, -0.7524024248123169], "cam_t_m2c": [194.1711883544922, 21.349645614624023, 766.7329711914062], "obj_id": 3}, {"cam_R_m2c": [0.4591788351535797, 0.6325562000274658, -0.623720645904541, 0.7386985421180725, 0.11810943484306335, 0.6636072993278503, 0.49343621730804443, -0.765455961227417, -0.41303497552871704], "cam_t_m2c": [128.72767639160156, 50.203983306884766, 543.5582275390625], "obj_id": 4}, {"cam_R_m2c": [0.22967888414859772, -0.7028692960739136, -0.6732178926467896, 0.9678195118904114, 0.09186138212680817, 0.23427951335906982, -0.10282515734434128, -0.7053624987602234, 0.7013491988182068], "cam_t_m2c": [6.364396572113037, -90.80702209472656, 557.3029174804688], "obj_id": 5}, {"cam_R_m2c": [-0.6734998226165771, -0.5738036036491394, 0.46599075198173523, 0.5344723463058472, -0.8135034441947937, -0.2292410284280777, 0.5106244087219238, 0.09466537088155746, 0.854576587677002], "cam_t_m2c": [154.74298095703125, 82.54129791259766, 495.159912109375], "obj_id": 6}, {"cam_R_m2c": [-0.7819156646728516, -0.4552720785140991, -0.4258348047733307, 0.5144602060317993, -0.08549750596284866, -0.8532413840293884, 0.35204917192459106, -0.8862378597259521, 0.3010711669921875], "cam_t_m2c": [110.72649383544922, 142.98880004882812, 334.5081481933594], "obj_id": 7}, {"cam_R_m2c": [0.1735183298587799, -0.08950530737638474, 0.9807549715042114, 0.9790326952934265, -0.09222571551799774, -0.18163035809993744, 0.1067076176404953, 0.9917073249816895, 0.07162568718194962], "cam_t_m2c": [-161.5729522705078, -64.57759857177734, 469.6513977050781], "obj_id": 8}, {"cam_R_m2c": [0.5192709565162659, -0.49470242857933044, -0.6968695521354675, 0.5753883719444275, 0.8052956461906433, -0.14292381703853607, 0.6318907737731934, -0.3267544209957123, 0.7028126120567322], "cam_t_m2c": [79.36243438720703, -87.0969467163086, 626.0108032226562], "obj_id": 9}, {"cam_R_m2c": [-0.853131890296936, -0.01303836889564991, -0.5215322971343994, 0.33303695917129517, -0.7830966711044312, -0.5252103805541992, -0.40156233310699463, -0.6217632293701172, 0.6724270582199097], "cam_t_m2c": [-64.71420288085938, 30.623516082763672, 577.8197021484375], "obj_id": 10}, {"cam_R_m2c": [0.3877645432949066, 0.5310918092727661, -0.753379225730896, 0.8974761366844177, -0.031166590750217438, 0.4399605989456177, 0.21017923951148987, -0.8467409610748291, -0.48872753977775574], "cam_t_m2c": [30.953128814697266, -17.748199462890625, 325.6133728027344], "obj_id": 1}, {"cam_R_m2c": [-0.25389134883880615, 0.48324957489967346, 0.8378598093986511, 0.9522020816802979, -0.027241690084338188, 0.3042517900466919, 0.16985423862934113, 0.8750587701797485, -0.45323488116264343], "cam_t_m2c": [-64.76324462890625, 5.283977031707764, 641.6858520507812], "obj_id": 2}, {"cam_R_m2c": [0.6014588475227356, -0.4051356911659241, -0.6885581612586975, -0.7907277345657349, -0.17889635264873505, -0.5854449272155762, 0.11400411278009415, 0.896583080291748, -0.42795082926750183], "cam_t_m2c": [97.72655487060547, -115.98362731933594, 698.522705078125], "obj_id": 3}, {"cam_R_m2c": [0.3852001130580902, -0.01788959838449955, 0.9226595759391785, 0.9227416515350342, -0.006597639061510563, -0.3853621780872345, 0.012981466948986053, 0.9998180866241455, 0.013966145925223827], "cam_t_m2c": [252.32943725585938, -12.643001556396484, 613.3629150390625], "obj_id": 4}, {"cam_R_m2c": [0.302951842546463, 0.9529739618301392, -0.0077966805547475815, 0.7319145798683167, -0.2379007339477539, -0.6385173201560974, -0.610345184803009, 0.1877335011959076, -0.7695680260658264], "cam_t_m2c": [-44.154685974121094, 108.95918273925781, 262.1067199707031], "obj_id": 5}, {"cam_R_m2c": [0.2179405689239502, -0.29368558526039124, 0.9307259321212769, 0.9546343088150024, -0.13412854075431824, -0.2658625543117523, 0.20291687548160553, 0.946445107460022, 0.25113025307655334], "cam_t_m2c": [27.801172256469727, 23.664806365966797, 531.3215942382812], "obj_id": 6}, {"cam_R_m2c": [-0.11920846253633499, -0.44170820713043213, 0.889203667640686, 0.8868415951728821, -0.4500613510608673, -0.10467428714036942, 0.4464317262172699, 0.776104748249054, 0.4453763961791992], "cam_t_m2c": [217.09861755371094, 87.38614654541016, 489.7275390625], "obj_id": 7}, {"cam_R_m2c": [-0.0397208034992218, -0.3560859262943268, 0.9336086511611938, 0.816865086555481, -0.5496749877929688, -0.17489661276340485, 0.5754595398902893, 0.7556852698326111, 0.31270766258239746], "cam_t_m2c": [112.48080444335938, 45.37660598754883, 230.83468627929688], "obj_id": 8}, {"cam_R_m2c": [-0.11117739230394363, -0.49711334705352783, 0.8605335354804993, 0.9063947200775146, -0.4058116376399994, -0.11732697486877441, 0.4075393080711365, 0.7669389247894287, 0.49569791555404663], "cam_t_m2c": [419.8184814453125, 71.83797454833984, 448.04632568359375], "obj_id": 1}, {"cam_R_m2c": [-0.06626034528017044, -0.17566944658756256, 0.9822168946266174, -0.9951088428497314, -0.06064795330166817, -0.07797680050134659, 0.07326747477054596, -0.9825794100761414, -0.17079177498817444], "cam_t_m2c": [-122.36026763916016, 61.991302490234375, 459.1549072265625], "obj_id": 2}, {"cam_R_m2c": [-0.1630292385816574, -0.6229680776596069, 0.7650700807571411, 0.8556033372879028, -0.47540247440338135, -0.20478148758411407, 0.49128854274749756, 0.6212111115455627, 0.6105180382728577], "cam_t_m2c": [189.22450256347656, 162.19589233398438, 404.1099853515625], "obj_id": 3}, {"cam_R_m2c": [0.19601567089557648, -0.08375681936740875, -0.977017343044281, -0.539466917514801, -0.8412322402000427, -0.0361151397228241, -0.8188733458518982, 0.5341475605964661, -0.21007892489433289], "cam_t_m2c": [-32.232269287109375, -48.92498016357422, 602.4790649414062], "obj_id": 4}, {"cam_R_m2c": [0.09044554829597473, 0.8639217615127563, -0.4954381585121155, -0.8973842859268188, -0.14503706991672516, -0.4167323410511017, -0.4318809509277344, 0.48228999972343445, 0.7621517181396484], "cam_t_m2c": [205.16842651367188, -18.866100311279297, 614.6397705078125], "obj_id": 5}, {"cam_R_m2c": [-0.12497228384017944, -0.7049211859703064, 0.6981890201568604, 0.774582028388977, -0.5090676546096802, -0.37533003091812134, 0.6200036406517029, 0.49389880895614624, 0.6096387505531311], "cam_t_m2c": [62.46000289916992, 191.23081970214844, 265.78515625], "obj_id": 6}, {"cam_R_m2c": [0.26396846771240234, -0.6484642624855042, 0.7140131592750549, -0.9122240543365479, -0.4083130359649658, -0.03358202427625656, 0.3133176267147064, -0.6424753665924072, -0.6993264555931091], "cam_t_m2c": [3.181077480316162, 32.93056106567383, 471.5684814453125], "obj_id": 7}, {"cam_R_m2c": [-0.18185018002986908, 0.8144087791442871, 0.5510613322257996, 0.6984233856201172, -0.2875133156776428, 0.6553934216499329, 0.6921957731246948, 0.5040576457977295, -0.5165176391601562], "cam_t_m2c": [279.5845947265625, 135.88137817382812, 653.80322265625], "obj_id": 8}, {"cam_R_m2c": [-0.7240985631942749, 0.3878006339073181, 0.5703436732292175, 0.006074655335396528, 0.8305027484893799, -0.5569814443588257, -0.6896697878837585, -0.39984479546546936, -0.603721559047699], "cam_t_m2c": [249.01596069335938, 71.10921478271484, 386.6261291503906], "obj_id": 9}, {"cam_R_m2c": [-0.6322027444839478, -0.15547776222229004, -0.7590430378913879, 0.2780105173587799, 0.8689026832580566, -0.40953418612480164, 0.7232080101966858, -0.46993058919906616, -0.506098210811615], "cam_t_m2c": [-95.48429870605469, 78.6574478149414, 328.6327819824219], "obj_id": 10}, {"cam_R_m2c": [0.19169317185878754, 0.981396496295929, -0.010702956467866898, 0.9746683239936829, -0.19163645803928375, -0.11531288176774979, -0.11521874368190765, 0.011672855354845524, -0.9932714700698853], "cam_t_m2c": [343.1511535644531, 143.1326904296875, 510.74169921875], "obj_id": 1}, {"cam_R_m2c": [-0.4002586305141449, 0.7401075959205627, -0.5404015183448792, 0.7364956140518188, -0.09110942482948303, -0.6702784895896912, -0.5453138947486877, -0.6662880778312683, -0.5086186528205872], "cam_t_m2c": [181.67523193359375, 76.2730712890625, 641.2715454101562], "obj_id": 2}, {"cam_R_m2c": [0.1641339510679245, -0.7171905636787415, 0.6772723197937012, -0.8762067556381226, -0.4213837683200836, -0.2338750660419464, 0.4531244933605194, -0.5550436973571777, -0.6975706219673157], "cam_t_m2c": [-19.16620635986328, 30.268098831176758, 458.4946594238281], "obj_id": 3}, {"cam_R_m2c": [0.5327284336090088, 0.7927613854408264, -0.29619213938713074, -0.8447878360748291, 0.5189691185951233, -0.13040131330490112, 0.050337448716163635, 0.31968802213668823, 0.9461848139762878], "cam_t_m2c": [32.416831970214844, -5.854139804840088, 437.1921691894531], "obj_id": 4}, {"cam_R_m2c": [-0.2879030108451843, 0.618017852306366, 0.7315502166748047, 0.8811348676681519, -0.12826956808567047, 0.455135315656662, 0.3751174211502075, 0.7756292819976807, -0.5076278448104858], "cam_t_m2c": [-81.4070816040039, -44.50590133666992, 342.757568359375], "obj_id": 5}, {"cam_R_m2c": [0.8839359879493713, -0.2601526975631714, 0.3885585367679596, 0.31561216711997986, 0.9450513124465942, -0.08524667471647263, -0.3450305759906769, 0.1979864090681076, 0.917472243309021], "cam_t_m2c": [179.04835510253906, 9.7725191116333, 665.5247802734375], "obj_id": 6}, {"cam_R_m2c": [0.4680972397327423, 0.6425089836120605, -0.6066854000091553, 0.8765667676925659, -0.250691682100296, 0.4108337461948395, 0.11187338083982468, -0.7241104245185852, -0.6805500984191895], "cam_t_m2c": [280.6101989746094, 86.17066192626953, 367.0972595214844], "obj_id": 1}, {"cam_R_m2c": [-0.28845787048339844, 0.2831363379955292, -0.9146724343299866, 0.9311322569847107, 0.30555927753448486, -0.19906315207481384, 0.22312459349632263, -0.9091024398803711, -0.3517783284187317], "cam_t_m2c": [-95.51669311523438, 4.116367340087891, 347.125], "obj_id": 2}, {"cam_R_m2c": [0.525187075138092, -0.21148250997066498, -0.8242897987365723, -0.8477988243103027, -0.21379224956035614, -0.48531433939933777, -0.07359129935503006, 0.9537127614021301, -0.29157555103302], "cam_t_m2c": [108.3974380493164, 60.63656997680664, 396.8694152832031], "obj_id": 3}, {"cam_R_m2c": [0.06440986692905426, 0.5830996632575989, 0.8098432421684265, 0.8302682638168335, -0.48153364658355713, 0.2806774079799652, 0.5536296963691711, 0.6543087959289551, -0.5151446461677551], "cam_t_m2c": [18.2628231048584, 188.8710174560547, 254.63748168945312], "obj_id": 4}, {"cam_R_m2c": [-0.06437364220619202, 0.7531063556671143, 0.6547418832778931, 0.8808025121688843, -0.2655301094055176, 0.39202144742012024, 0.46908751130104065, 0.6019340753555298, -0.6462448239326477], "cam_t_m2c": [194.50160217285156, -65.70497131347656, 556.0773315429688], "obj_id": 5}, {"cam_R_m2c": [0.5247893929481506, 0.7134397625923157, -0.4643271565437317, 0.6992875933647156, -0.05029348284006119, 0.713068962097168, 0.485379159450531, -0.6989092826843262, -0.5252930521965027], "cam_t_m2c": [-160.5135498046875, -61.31137466430664, 467.56439208984375], "obj_id": 6}, {"cam_R_m2c": [0.10013363510370255, 0.622366726398468, 0.7762944102287292, -0.9441526532173157, 0.30560213327407837, -0.12322019785642624, -0.3139253854751587, -0.7206018567085266, 0.6182101964950562], "cam_t_m2c": [252.15631103515625, -78.89254760742188, 655.9459838867188], "obj_id": 7}, {"cam_R_m2c": [0.14354506134986877, -0.25194063782691956, 0.9570375084877014, 0.6762815713882446, -0.6810563206672668, -0.2807232439517975, 0.7225220203399658, 0.6875232458114624, 0.07262054085731506], "cam_t_m2c": [-111.92877960205078, 115.34102630615234, 578.5410766601562], "obj_id": 8}, {"cam_R_m2c": [-0.6486799120903015, -0.6431758403778076, 0.4068652093410492, -0.5864481329917908, 0.08169154822826385, -0.8058567643165588, 0.485070139169693, -0.7613483667373657, -0.43018096685409546], "cam_t_m2c": [100.42730712890625, 97.97148132324219, 491.3294982910156], "obj_id": 9}, {"cam_R_m2c": [-0.5954907536506653, -0.5121569633483887, 0.6189392805099487, 0.18752600252628326, -0.8377694487571716, -0.5128120183944702, 0.7811687588691711, -0.18930765986442566, 0.5949268937110901], "cam_t_m2c": [-102.21482849121094, -3.5474355220794678, 370.122802734375], "obj_id": 10}],
