{
  "0": [{"cam_R_m2c": [-0.4960533380508423, 0.04025593772530556, -0.8673583269119263, -0.24424520134925842, 0.9521205425262451, 0.1838769018650055, 0.8332318067550659, 0.3030608892440796, -0.46247026324272156], "cam_t_m2c": [-129.0609588623047, 411.61871337890625, 769.05419921875], "obj_id": 3}, {"cam_R_m2c": [-0.7433993816375732, 0.194032683968544, -0.6400848031044006, 0.3203776776790619, -0.7367647886276245, -0.595429003238678, -0.5871246457099915, -0.6477105021476746, 0.4855468273162842], "cam_t_m2c": [71.63360595703125, 365.92852783203125, 551.9765625], "obj_id": 3}, {"cam_R_m2c": [-0.48959988355636597, 0.3752368092536926, 0.7870764136314392, 0.41880783438682556, -0.6905248165130615, 0.5897248983383179, 0.7647823095321655, 0.6183630228042603, 0.18092873692512512], "cam_t_m2c": [188.77462768554688, 327.1607971191406, 721.48388671875], "obj_id": 3}, {"cam_R_m2c": [-0.08256556838750839, 0.2839687764644623, -0.9552720189094543, 0.4805757701396942, -0.8283872604370117, -0.2877872586250305, -0.8730577826499939, -0.4828419089317322, -0.06807224452495575], "cam_t_m2c": [21.686628341674805, 387.9505310058594, 528.5226440429688], "obj_id": 3}, {"cam_R_m2c": [0.8230280876159668, -0.43690863251686096, 0.3629540503025055, -0.5671380758285522, -0.6673188805580139, 0.4827420115470886, 0.031291935592889786, -0.6031553149223328, -0.7970096468925476], "cam_t_m2c": [-85.48072052001953, 486.17376708984375, 520.5284423828125], "obj_id": 3}, {"cam_R_m2c": [0.6779404282569885, -0.38685867190361023, 0.625089704990387, -0.4991315007209778, -0.8665115237236023, 0.005061558447778225, 0.539689302444458, -0.3154333829879761, -0.7805365324020386], "cam_t_m2c": [-59.21379852294922, 567.6587524414062, 780.7763671875], "obj_id": 3}, {"cam_R_m2c": [0.018385721370577812, -0.9993152618408203, 0.03210749104619026, 0.6359772682189941, -0.013090086169540882, -0.7715967297554016, 0.7714886665344238, 0.034605976194143295, 0.6353011727333069], "cam_t_m2c": [-46.762935638427734, 517.7595825195312, 889.0894775390625], "obj_id": 3}, {"cam_R_m2c": [0.09770005941390991, 0.3139722943305969, 0.9443918466567993, 0.9609896540641785, -0.27648231387138367, -0.007497810292989016, 0.25875362753868103, 0.9082834124565125, -0.32873639464378357], "cam_t_m2c": [-139.67977905273438, 430.0389404296875, 806.13037109375], "obj_id": 3}, {"cam_R_m2c": [0.09426093101501465, -0.9790487885475159, -0.18049505352973938, 0.6768094897270203, -0.06994053721427917, 0.7328283190727234, -0.7300985455513, -0.19123786687850952, 0.6560367941856384], "cam_t_m2c": [55.797481536865234, 317.56304931640625, 496.51910400390625], "obj_id": 3}, {"cam_R_m2c": [-0.04911627247929573, 0.992000937461853, 0.1162833720445633, 0.2612396478652954, 0.12513019144535065, -0.9571292400360107, -0.9640236496925354, -0.016632745042443275, -0.26529592275619507], "cam_t_m2c": [81.93408203125, 402.03692626953125, 611.4032592773438], "obj_id": 3}, {"cam_R_m2c": [0.9697158336639404, -0.0497337244451046, -0.23911865055561066, 0.043850865215063095, -0.9276853799819946, 0.37077879905700684, -0.2402670979499817, -0.37003564834594727, -0.8974103331565857], "cam_t_m2c": [194.96490478515625, 504.9984436035156, 852.8389892578125], "obj_id": 3}, {"cam_R_m2c": [0.07650544494390488, -0.896298885345459, 0.43680113554000854, 0.19879867136478424, -0.4155768156051636, -0.887566864490509, 0.9770496487617493, 0.15473918616771698, 0.14638914167881012], "cam_t_m2c": [-13.443707466125488, 532.5905151367188, 799.55419921875], "obj_id": 3}, {"cam_R_m2c": [-0.9100589156150818, -0.402311235666275, 0.09969163686037064, 0.40921682119369507, -0.8339236974716187, 0.37028753757476807, -0.0658356100320816, 0.3777789771556854, 0.9235522150993347], "cam_t_m2c": [-140.784423828125, 487.8701477050781, 929.3836669921875], "obj_id": 3}, {"cam_R_m2c": [0.5185986757278442, 0.0673915445804596, 0.852357804775238, 0.8513237833976746, -0.1332651674747467, -0.5074329376220703, 0.0793929323554039, 0.988786518573761, -0.12648314237594604], "cam_t_m2c": [-202.79315185546875, 444.31353759765625, 909.441162109375], "obj_id": 3}, {"cam_R_m2c": [-0.5210211873054504, 0.847998857498169, -0.09713339805603027, -0.7471621036529541, -0.3981025218963623, 0.532224714756012, 0.41265690326690674, 0.3498747646808624, 0.8410124182701111], "cam_t_m2c": [102.98580169677734, 525.31494140625, 838.9403686523438], "obj_id": 3}, {"cam_R_m2c": [-0.4851665496826172, 0.670274555683136, -0.5615562200546265, 0.39869046211242676, -0.401999294757843, -0.8242829442024231, -0.7782411575317383, -0.6238016486167908, -0.07219543308019638], "cam_t_m2c": [58.421329498291016, 625.9744873046875, 722.368408203125], "obj_id": 3}, {"cam_R_m2c": [-0.8982768654823303, -0.42512714862823486, -0.11119901388883591, 0.24546173214912415, -0.6953316926956177, 0.6754717230796814, -0.3644815981388092, 0.5794656276702881, 0.7289531230926514], "cam_t_m2c": [86.92686462402344, 241.6657257080078, 670.6060791015625], "obj_id": 3}, {"cam_R_m2c": [0.5975274443626404, 0.5272982716560364, 0.6040839552879333, 0.1345440298318863, 0.6767516732215881, -0.7238128185272217, -0.7904801368713379, 0.5137739181518555, 0.3334328532218933], "cam_t_m2c": [-52.91203689575195, 432.84283447265625, 889.8251953125], "obj_id": 3}, {"cam_R_m2c": [-0.1221751943230629, 0.9711619019508362, -0.20473793148994446, -0.9580429792404175, -0.16928519308567047, -0.2312920242547989, -0.25928112864494324, 0.16788959503173828, 0.9510974287986755], "cam_t_m2c": [173.77833557128906, 273.0596008300781, 582.1463012695312], "obj_id": 3}, {"cam_R_m2c": [0.8769814968109131, 0.4311341643333435, -0.21219517290592194, 0.41965147852897644, -0.9022848606109619, -0.09886756539344788, -0.23408566415309906, -0.0023429880384355783, -0.9722132682800293], "cam_t_m2c": [29.183683395385742, 161.08905029296875, 794.48193359375], "obj_id": 3}, {"cam_R_m2c": [0.6810893416404724, 0.24791081249713898, 0.6889539361000061, 0.7270617485046387, -0.34026724100112915, -0.5963216423988342, 0.086593858897686, 0.9070603847503662, -0.4119988679885864], "cam_t_m2c": [-70.6566390991211, 356.3135986328125, 458.3174133300781], "obj_id": 3}, {"cam_R_m2c": [0.9045146107673645, -0.03475023806095123, -0.4250244200229645, -0.3836936056613922, -0.5012642741203308, -0.7755727767944336, -0.18609826266765594, 0.8645960688591003, -0.46673429012298584], "cam_t_m2c": [99.0853271484375, 291.36285400390625, 842.413330078125], "obj_id": 3}, {"cam_R_m2c": [-0.12250563502311707, -0.5512580871582031, -0.8252920508384705, 0.020315727218985558, -0.8327741026878357, 0.5532401204109192, -0.9922599196434021, 0.05100861191749573, 0.11321868747472763], "cam_t_m2c": [-51.07330322265625, 517.624267578125, 926.7985229492188], "obj_id": 3}, {"cam_R_m2c": [0.6090420484542847, 0.7186920642852783, 0.3354838192462921, -0.5864889025688171, 0.6928420066833496, -0.4195243716239929, -0.53394615650177, 0.05875042825937271, 0.8434748649597168], "cam_t_m2c": [-87.0444107055664, 562.7615356445312, 854.3809814453125], "obj_id": 3}, {"cam_R_m2c": [0.8261051774024963, 0.43861424922943115, -0.3537905812263489, -0.5557355880737305, 0.7380911707878113, -0.38259556889533997, 0.09331780672073364, 0.5126782059669495, 0.8534944653511047], "cam_t_m2c": [-76.27400207519531, 465.50994873046875, 899.1491088867188], "obj_id": 3}, {"cam_R_m2c": [0.7450351119041443, 0.19186414778232574, -0.6388355493545532, -0.6434310674667358, -0.04575236141681671, -0.7641355395317078, -0.17583847045898438, 0.9803544282913208, 0.08936424553394318], "cam_t_m2c": [-125.5236587524414, 279.06005859375, 584.3893432617188], "obj_id": 3}, {"cam_R_m2c": [0.4011401832103729, 0.0565873347222805, -0.9142671227455139, 0.008171827532351017, -0.9982714056968689, -0.058201227337121964, -0.9159802198410034, 0.015875617042183876, -0.4009091854095459], "cam_t_m2c": [27.803462982177734, 319.9897766113281, 852.2101440429688], "obj_id": 3}, {"cam_R_m2c": [0.9861383438110352, 0.12440987676382065, -0.10978767275810242, 0.04803032428026199, -0.8473763465881348, -0.5288158059120178, -0.15882140398025513, 0.5162124037742615, -0.8416057825088501], "cam_t_m2c": [214.30491638183594, 226.5048828125, 711.7882690429688], "obj_id": 3}, {"cam_R_m2c": [-0.7181518077850342, -0.06020350009202957, -0.6932772397994995, -0.1417209357023239, -0.9627187848091125, 0.23040738701820374, -0.6813024282455444, 0.2637194097042084, 0.6828463077545166], "cam_t_m2c": [214.69821166992188, 514.66357421875, 907.9805908203125], "obj_id": 1}, {"cam_R_m2c": [0.3717026114463806, 0.34780776500701904, 0.8607362508773804, -0.06213841587305069, -0.9157654643058777, 0.39687809348106384, 0.9262698888778687, -0.20100539922714233, -0.3187801241874695], "cam_t_m2c": [-70.28179168701172, 433.0522155761719, 583.6897583007812], "obj_id": 1}, {"cam_R_m2c": [0.4330684244632721, -0.45038408041000366, -0.7807726263999939, 0.830417275428772, 0.5362052917480469, 0.15129777789115906, 0.35051229596138, -0.7138893604278564, 0.6062203049659729], "cam_t_m2c": [-121.71238708496094, 393.0492248535156, 847.1536865234375], "obj_id": 1}, {"cam_R_m2c": [0.06638450175523758, 0.9729416966438293, 0.22130857408046722, -0.8778306245803833, 0.1623905599117279, -0.4506025016307831, -0.47434836626052856, -0.164358451962471, 0.8648583292961121], "cam_t_m2c": [-101.78502655029297, 337.67181396484375, 521.2639770507812], "obj_id": 1}, {"cam_R_m2c": [-0.38730141520500183, 0.2070479840040207, -0.8984034657478333, -0.6684214472770691, 0.6080901026725769, 0.4282979965209961, 0.6349884867668152, 0.7663925290107727, -0.09711884707212448], "cam_t_m2c": [172.64329528808594, 501.5275573730469, 946.0338745117188], "obj_id": 1}, {"cam_R_m2c": [0.3381960690021515, -0.02138029783964157, 0.940832793712616, -0.9001673460006714, -0.2989073693752289, 0.31678566336631775, 0.27444887161254883, -0.9540426135063171, -0.12033514678478241], "cam_t_m2c": [146.26678466796875, 229.90538024902344, 911.5405883789062], "obj_id": 1}, {"cam_R_m2c": [-0.8745238780975342, -0.4847136437892914, -0.016141502186655998, 0.33032774925231934, -0.6196883320808411, 0.7119479179382324, -0.3550935685634613, 0.6172835230827332, 0.7020467519760132], "cam_t_m2c": [83.58223724365234, 466.52606201171875, 1001.250732421875], "obj_id": 1}, {"cam_R_m2c": [-0.4834064245223999, -0.5920469164848328, 0.6448243856430054, 0.41323497891426086, 0.4950394034385681, 0.7643119692802429, -0.7717220187187195, 0.6359373927116394, 0.005349345039576292], "cam_t_m2c": [89.70265197753906, 414.8013610839844, 600.5208740234375], "obj_id": 1}, {"cam_R_m2c": [0.21271350979804993, -0.16504794359207153, 0.963074266910553, -0.010132226161658764, 0.9852052927017212, 0.17107856273651123, -0.9770620465278625, -0.04614880308508873, 0.20789417624473572], "cam_t_m2c": [129.56015014648438, 316.8475341796875, 674.5203247070312], "obj_id": 1}, {"cam_R_m2c": [0.9857456684112549, 0.0654338076710701, 0.15499626100063324, 0.004823170602321625, 0.9098994135856628, -0.4148009717464447, -0.16817301511764526, 0.40963584184646606, 0.8966138362884521], "cam_t_m2c": [208.30978393554688, 479.8009948730469, 921.4361572265625], "obj_id": 1}, {"cam_R_m2c": [0.22652430832386017, 0.6422024369239807, -0.7322995662689209, 0.921171247959137, -0.3855127692222595, -0.05313355475664139, -0.3164334297180176, -0.6625373363494873, -0.6789063811302185], "cam_t_m2c": [-150.11883544921875, 381.30963134765625, 732.84716796875], "obj_id": 1}, {"cam_R_m2c": [0.26296713948249817, -0.9490178823471069, -0.17381922900676727, -0.06265564262866974, 0.16298185288906097, -0.9846374988555908, 0.9627680778503418, 0.26981794834136963, -0.016602374613285065], "cam_t_m2c": [26.72399139404297, 570.4910888671875, 685.7665405273438], "obj_id": 1}, {"cam_R_m2c": [-0.4055996239185333, 0.9110797643661499, -0.07364003360271454, -0.341751366853714, -0.07643385976552963, 0.936677098274231, 0.8477588891983032, 0.4050823450088501, 0.3423641622066498], "cam_t_m2c": [149.21241760253906, 430.68975830078125, 1038.8157958984375], "obj_id": 1}, {"cam_R_m2c": [-0.2943257987499237, 0.27613207697868347, 0.9149444699287415, 0.5905019044876099, -0.7002018094062805, 0.40127912163734436, 0.7514517903327942, 0.6583832502365112, 0.043030958622694016], "cam_t_m2c": [190.13938903808594, 238.168701171875, 635.772705078125], "obj_id": 1}, {"cam_R_m2c": [0.9925647377967834, 0.039465516805648804, 0.1151423528790474, 0.02129463106393814, -0.9876900315284729, 0.15496812760829926, 0.1198408380150795, -0.15136398375034332, -0.9811866879463196], "cam_t_m2c": [-76.64852142333984, 597.7593383789062, 784.9622802734375], "obj_id": 1}, {"cam_R_m2c": [0.2732871472835541, 0.5442789196968079, 0.7931421995162964, 0.8547958135604858, -0.5155688524246216, 0.05926881730556488, 0.44117820262908936, 0.6617772579193115, -0.6061456799507141], "cam_t_m2c": [-49.95726776123047, 528.6702270507812, 666.4510498046875], "obj_id": 1}, {"cam_R_m2c": [0.663142740726471, -0.7353692054748535, -0.13954871892929077, -0.10446041822433472, 0.09368886053562164, -0.9901062250137329, 0.7411677837371826, 0.6711590886116028, -0.014687878079712391], "cam_t_m2c": [-74.24560546875, 420.18402099609375, 878.4269409179688], "obj_id": 1}, {"cam_R_m2c": [-0.8512526750564575, -0.5123569965362549, 0.11339785158634186, 0.42926695942878723, -0.555605411529541, 0.7120620608329773, -0.30182552337646484, 0.6548227071762085, 0.6928986310958862], "cam_t_m2c": [27.26450538635254, 570.4608154296875, 831.6876831054688], "obj_id": 1}, {"cam_R_m2c": [0.7560208439826965, 0.12715542316436768, 0.6420778632164001, -0.602050244808197, 0.5200100541114807, 0.6059084534645081, -0.25684237480163574, -0.8446425199508667, 0.4696923792362213], "cam_t_m2c": [-69.80941009521484, 520.5753784179688, 741.3638305664062], "obj_id": 1}, {"cam_R_m2c": [-0.9837062954902649, 0.0389278270304203, -0.17551758885383606, 0.1094437837600708, -0.6448716521263123, -0.7564141750335693, -0.1426319032907486, -0.763298749923706, 0.6301040649414062], "cam_t_m2c": [96.50994110107422, 314.271484375, 504.3956604003906], "obj_id": 1}, {"cam_R_m2c": [0.1078835055232048, -0.9460057020187378, 0.30567044019699097, -0.8351086974143982, 0.08058729022741318, 0.5441500544548035, -0.539402186870575, -0.3139728605747223, -0.7813235521316528], "cam_t_m2c": [168.0413055419922, 307.06512451171875, 762.5963745117188], "obj_id": 1}, {"cam_R_m2c": [0.25184598565101624, -0.46736758947372437, -0.8474319577217102, 0.9630654454231262, 0.20724605023860931, 0.17191235721111298, 0.09528058022260666, -0.8594279885292053, 0.5022997856140137], "cam_t_m2c": [-11.071878433227539, 344.1615295410156, 782.4442749023438], "obj_id": 1}, {"cam_R_m2c": [0.9168736934661865, -0.39431366324424744, 0.06212356314063072, 0.3969387114048004, 0.8841634392738342, -0.24636295437812805, 0.04221690446138382, 0.2505429685115814, 0.9671845436096191], "cam_t_m2c": [194.4451141357422, 385.77093505859375, 619.9625244140625], "obj_id": 1}, {"cam_R_m2c": [0.7073169350624084, -0.15738125145435333, -0.6891544461250305, -0.5654981732368469, -0.7109515070915222, -0.4180426299571991, -0.4241634011268616, 0.6854041814804077, -0.5918668508529663], "cam_t_m2c": [12.735992431640625, 354.6727600097656, 560.6156616210938], "obj_id": 1}, {"cam_R_m2c": [0.28964823484420776, -0.9075397253036499, -0.3040979504585266, 0.4920634925365448, -0.1313227266073227, 0.8605974316596985, -0.8209612965583801, -0.39890605211257935, 0.40852975845336914], "cam_t_m2c": [227.04559326171875, 427.92291259765625, 605.1761474609375], "obj_id": 1}, {"cam_R_m2c": [0.4867086410522461, -0.44785717129707336, -0.7500256896018982, -0.7887276411056519, 0.14379756152629852, -0.597687840461731, 0.3755306005477905, 0.8824658989906311, -0.2832498252391815], "cam_t_m2c": [202.72496032714844, 383.9436950683594, 653.8486328125], "obj_id": 1}, {"cam_R_m2c": [0.6032370328903198, -0.758001446723938, 0.2480701506137848, -0.7775166034698486, -0.48961082100868225, 0.39465048909187317, -0.17768780887126923, -0.4309464693069458, -0.8847100734710693], "cam_t_m2c": [-37.161285400390625, 515.7633056640625, 815.0733032226562], "obj_id": 1}, {"cam_R_m2c": [-0.8511160612106323, 0.4363386034965515, -0.29190748929977417, 0.5008789896965027, 0.5084043741226196, -0.7004607319831848, -0.15723103284835815, -0.7423837184906006, -0.651263952255249], "cam_t_m2c": [30.8675479888916, 301.9395751953125, 898.62939453125], "obj_id": 1}, {"cam_R_m2c": [0.2370116263628006, 0.9575653076171875, 0.1639944612979889, -0.8953660726547241, 0.14979210495948792, 0.4193827211856842, 0.37702128291130066, -0.24623365700244904, 0.892874002456665], "cam_t_m2c": [-63.333614349365234, 254.78782653808594, 827.87158203125], "obj_id": 1}, {"cam_R_m2c": [0.664910614490509, 0.16024166345596313, 0.7295316457748413, -0.5079559683799744, 0.8130906820297241, 0.2843664288520813, -0.5476080179214478, -0.5596482157707214, 0.6220283508300781], "cam_t_m2c": [129.22268676757812, 354.5279235839844, 741.7678833007812], "obj_id": 1}, {"cam_R_m2c": [0.05508458614349365, 0.014873738400638103, 0.998370885848999, 0.09098351746797562, -0.9958040714263916, 0.009815528988838196, 0.9943277835845947, 0.09029460698366165, -0.05620673671364784], "cam_t_m2c": [30.799314498901367, 246.66429138183594, 657.0360107421875], "obj_id": 1}, {"cam_R_m2c": [-0.008298528380692005, 0.9998126029968262, -0.01749061793088913, 0.7561941742897034, -0.0051702577620744705, -0.654326856136322, -0.6542946696281433, -0.018656250089406967, -0.756009578704834], "cam_t_m2c": [-71.81840515136719, 553.66650390625, 696.4534301757812], "obj_id": 1}, {"cam_R_m2c": [-0.3636524975299835, -0.1921377032995224, 0.9115042686462402, 0.5909645557403564, 0.7088000774383545, 0.38517966866493225, -0.7200818657875061, 0.6787382364273071, -0.14421036839485168], "cam_t_m2c": [54.404296875, 594.0515747070312, 667.0950927734375], "obj_id": 1}, {"cam_R_m2c": [0.7326274514198303, 0.056597884744405746, 0.6782726049423218, 0.6803884506225586, -0.08743972331285477, -0.727616548538208, 0.018126409500837326, 0.994560718536377, -0.10256928950548172], "cam_t_m2c": [-70.50155639648438, 423.830810546875, 858.9258422851562], "obj_id": 1}, {"cam_R_m2c": [-0.07894207537174225, -0.9776292443275452, -0.19495922327041626, -0.6069887280464172, 0.20227545499801636, -0.7685371041297913, 0.7907798290252686, 0.05766810476779938, -0.6093779802322388], "cam_t_m2c": [-67.63105773925781, 283.4637451171875, 652.2239990234375], "obj_id": 1}, {"cam_R_m2c": [0.2811034917831421, -0.9179739952087402, -0.2798295319080353, 0.7412925362586975, 0.3928832411766052, -0.5441765785217285, 0.6094802618026733, -0.05446562543511391, 0.7909281253814697], "cam_t_m2c": [206.66842651367188, 272.0974426269531, 688.0384521484375], "obj_id": 1}, {"cam_R_m2c": [0.7158071994781494, 0.05563990771770477, -0.6960777640342712, -0.6198405027389526, 0.5096915364265442, -0.5966675877571106, 0.32158640027046204, 0.8585561513900757, 0.3993287682533264], "cam_t_m2c": [-17.802934646606445, 547.2095947265625, 837.8843383789062], "obj_id": 1}, {"cam_R_m2c": [-0.0709923729300499, 0.32177218794822693, 0.9441518187522888, -0.218380406498909, 0.918563187122345, -0.3294718265533447, -0.9732779860496521, -0.2295742630958557, 0.005057761911302805], "cam_t_m2c": [251.85247802734375, 418.2296447753906, 676.8355102539062], "obj_id": 1}, {"cam_R_m2c": [0.8532059192657471, -0.4197845757007599, -0.30954891443252563, -0.4828735888004303, -0.4113963544368744, -0.7730369567871094, 0.1971617043018341, 0.8090327382087708, -0.5537086725234985], "cam_t_m2c": [65.63679504394531, 355.7917175292969, 485.66326904296875], "obj_id": 1}, {"cam_R_m2c": [0.5587620139122009, -0.30194950103759766, -0.772406280040741, -0.6494160890579224, -0.7385606169700623, -0.18107187747955322, -0.5157942771911621, 0.6027891635894775, -0.608770489692688], "cam_t_m2c": [166.0652313232422, 249.26760864257812, 696.5936889648438], "obj_id": 1}, {"cam_R_m2c": [-0.5122358798980713, 0.6151899695396423, -0.5992958545684814, -0.5029688477516174, 0.3507363200187683, 0.7899406552314758, 0.6961584091186523, 0.7060632109642029, 0.12976177036762238], "cam_t_m2c": [12.546829223632812, 411.16448974609375, 880.8348388671875], "obj_id": 1}, {"cam_R_m2c": [0.9832537770271301, -0.17921777069568634, 0.03306019306182861, -0.10388480871915817, -0.4021446704864502, 0.9096634387969971, -0.14973287284374237, -0.8978644609451294, -0.4140282869338989], "cam_t_m2c": [42.61543655395508, 376.21624755859375, 720.3506469726562], "obj_id": 1}, {"cam_R_m2c": [0.7979059815406799, 0.49602073431015015, 0.34250468015670776, 0.30260443687438965, -0.8210337162017822, 0.4840806722640991, 0.5213219523429871, -0.28260740637779236, -0.805205762386322], "cam_t_m2c": [-17.62308692932129, 395.3236083984375, 590.5830078125], "obj_id": 1}, {"cam_R_m2c": [0.8593870997428894, -0.4642224609851837, 0.21436260640621185, 0.0935283899307251, 0.5548693537712097, 0.8266634345054626, -0.5026989579200745, -0.6903748512268066, 0.5202655792236328], "cam_t_m2c": [11.493595123291016, 466.193359375, 871.7576904296875], "obj_id": 1}, {"cam_R_m2c": [-0.41818735003471375, 0.03989722207188606, 0.9074842929840088, -0.8587597012519836, -0.3429776430130005, -0.38065508008003235, 0.29605963826179504, -0.9384959936141968, 0.17769087851047516], "cam_t_m2c": [116.09979248046875, 426.0099182128906, 941.0494995117188], "obj_id": 1}, {"cam_R_m2c": [0.056570496410131454, 0.8338552117347717, -0.549076497554779, -0.20700137317180634, -0.5282108187675476, -0.8234946131706238, -0.9767036437988281, 0.16024501621723175, 0.14272822439670563], "cam_t_m2c": [37.62392044067383, 342.6873779296875, 582.1422119140625], "obj_id": 1}, {"cam_R_m2c": [-0.2513672709465027, -0.6876212358474731, 0.6811691522598267, 0.01328488439321518, -0.7061505913734436, -0.7079368829727173, 0.9678005576133728, -0.1689029484987259, 0.1866382211446762], "cam_t_m2c": [209.43280029296875, 395.3914794921875, 678.0934448242188], "obj_id": 1}, {"cam_R_m2c": [0.42097195982933044, 0.8351904153823853, -0.3538919687271118, -0.41604992747306824, -0.16889995336532593, -0.8935183882713318, -0.8060303926467896, 0.5233829021453857, 0.2763788104057312], "cam_t_m2c": [16.346384048461914, 433.5641174316406, 905.1170654296875], "obj_id": 1}, {"cam_R_m2c": [0.7908547520637512, 0.2463168054819107, -0.5602470636367798, 0.16022610664367676, 0.8001681566238403, 0.5779778957366943, 0.5906575322151184, -0.546862781047821, 0.5933504104614258], "cam_t_m2c": [-148.21510314941406, 287.6132507324219, 699.257568359375], "obj_id": 1}, {"cam_R_m2c": [-0.9880707859992981, -0.1474020630121231, 0.044592179358005524, 0.10393045842647552, -0.8519336581230164, -0.5132321119308472, 0.11364106833934784, -0.5024752616882324, 0.8570905923843384], "cam_t_m2c": [60.075138092041016, 338.96533203125, 518.4593505859375], "obj_id": 1}, {"cam_R_m2c": [-0.657667875289917, -0.7298542261123657, -0.1865088939666748, 0.7104028463363647, -0.6832640767097473, 0.16875357925891876, -0.2506003677845001, -0.021512627601623535, 0.9678515791893005], "cam_t_m2c": [63.03702163696289, 400.14849853515625, 507.00067138671875], "obj_id": 1}, {"cam_R_m2c": [-0.08725544065237045, 0.5274655222892761, 0.8450837135314941, -0.7402219176292419, 0.5333905220031738, -0.4093482196331024, -0.6666767001152039, -0.6612674593925476, 0.3439003527164459], "cam_t_m2c": [-112.96435546875, 278.8582458496094, 560.6654052734375], "obj_id": 1}, {"cam_R_m2c": [-0.6039389967918396, -0.7561419010162354, -0.2520062029361725, -0.6591320633888245, 0.29606112837791443, 0.6912978291511536, -0.44811001420021057, 0.5836070775985718, -0.677200198173523], "cam_t_m2c": [-23.255319595336914, 399.03497314453125, 594.6337280273438], "obj_id": 1}, {"cam_R_m2c": [0.99464350938797, -0.07194261997938156, -0.07421964406967163, 0.09997744858264923, 0.8519059419631958, 0.5140630602836609, 0.02624511532485485, -0.5187297463417053, 0.8545353412628174], "cam_t_m2c": [7.397253036499023, 488.2247009277344, 668.2935180664062], "obj_id": 1}, {"cam_R_m2c": [0.8313159942626953, -0.5225017666816711, 0.18948765099048615, -0.47814884781837463, -0.49851900339126587, 0.7230854630470276, -0.28335025906562805, -0.6917158365249634, -0.6642604470252991], "cam_t_m2c": [-104.3814926147461, 557.324462890625, 856.1270751953125], "obj_id": 3}, {"cam_R_m2c": [-0.16466017067432404, 0.9159922003746033, 0.36584845185279846, 0.97369784116745, 0.21017205715179443, -0.08797770738601685, -0.1574779897928238, 0.3417394459247589, -0.9265065789222717], "cam_t_m2c": [169.81288146972656, 552.6953735351562, 785.3336181640625], "obj_id": 1}, {"cam_R_m2c": [-0.7332081198692322, -0.3876252770423889, -0.5587061047554016, 0.1621871143579483, 0.6982240676879883, -0.6972650289535522, 0.6603795886039734, -0.6018552780151367, -0.44907569885253906], "cam_t_m2c": [-107.39391326904297, 213.94732666015625, 703.3060302734375], "obj_id": 1}, {"cam_R_m2c": [0.33613866567611694, 0.1463119089603424, 0.9303781390190125, 0.8681405186653137, 0.33487987518310547, -0.3663159906864166, -0.3651612401008606, 0.9308319687843323, -0.014453195966780186], "cam_t_m2c": [78.81230163574219, 328.4302062988281, 940.2800903320312], "obj_id": 1}, {"cam_R_m2c": [-0.08531320095062256, 0.4113798141479492, -0.9074624180793762, -0.5284766554832458, 0.7534246444702148, 0.39123356342315674, 0.8446500897407532, 0.5129501819610596, 0.15312762558460236], "cam_t_m2c": [-117.68649291992188, 229.0876007080078, 667.4219360351562], "obj_id": 1}, {"cam_R_m2c": [0.8155518770217896, 0.2479148656129837, 0.5228894352912903, -0.2087521255016327, -0.716705322265625, 0.6653989553451538, 0.5397199988365173, -0.6518216729164124, -0.532757580280304], "cam_t_m2c": [-4.087307453155518, 574.264892578125, 844.408447265625], "obj_id": 3}, {"cam_R_m2c": [-0.4645636975765228, 0.6519447565078735, 0.5992899537086487, -0.2840273380279541, -0.750694990158081, 0.5964773297309875, 0.8387543559074402, 0.10688703507184982, 0.5339159965515137], "cam_t_m2c": [-27.706119537353516, 277.94775390625, 825.252685546875], "obj_id": 1}, {"cam_R_m2c": [-0.9663034677505493, 0.007480810862034559, -0.257296621799469, 0.09649428725242615, 0.9372122287750244, -0.33514493703842163, 0.2386343777179718, -0.3486793637275696, -0.9063532948493958], "cam_t_m2c": [171.88287353515625, 265.412841796875, 915.4635009765625], "obj_id": 1}, {"cam_R_m2c": [-0.45714902877807617, -0.3966163396835327, 0.7960590124130249, 0.8893886208534241, -0.2054024636745453, 0.4084084630012512, 0.001531088724732399, 0.8947094678878784, 0.4466457962989807], "cam_t_m2c": [-59.4975471496582, 633.0266723632812, 745.06884765625], "obj_id": 1}, {"cam_R_m2c": [-0.1458839476108551, -0.7111623883247375, -0.6877250075340271, 0.7101775407791138, 0.4086838960647583, -0.5732583999633789, 0.68874192237854, -0.5720362067222595, 0.44543126225471497], "cam_t_m2c": [242.49478149414062, 407.4979248046875, 611.8929443359375], "obj_id": 3}, {"cam_R_m2c": [-0.9865589737892151, 0.16338737308979034, -0.0024194419384002686, 0.010906201787292957, 0.08061232417821884, 0.9966858625411987, 0.1630409210920334, 0.9832630157470703, -0.08131073415279388], "cam_t_m2c": [115.45883178710938, 253.49798583984375, 683.725341796875], "obj_id": 1}, {"cam_R_m2c": [0.5854572653770447, 0.19804345071315765, -0.786141574382782, 0.7248565554618835, 0.3064078092575073, 0.6170065999031067, 0.36307400465011597, -0.931070864200592, 0.03583559766411781], "cam_t_m2c": [-24.545215606689453, 679.596435546875, 644.120849609375], "obj_id": 1}, {"cam_R_m2c": [0.9108595252037048, 0.27128633856773376, 0.31102845072746277, 0.2960437536239624, -0.9545550346374512, -0.03439084440469742, 0.2875640094280243, 0.12340325862169266, -0.9497781991958618], "cam_t_m2c": [80.23126220703125, 556.0142822265625, 743.909423828125], "obj_id": 3}, {"cam_R_m2c": [-0.5641917586326599, -0.7969207167625427, -0.21588179469108582, -0.7540411353111267, 0.6038454174995422, -0.25844278931617737, 0.33631765842437744, 0.016972461715340614, -0.9415956139564514], "cam_t_m2c": [-71.22518157958984, 193.46932983398438, 747.3450927734375], "obj_id": 1}, {"cam_R_m2c": [-0.10598636418581009, 0.4771987795829773, -0.872380793094635, -0.45125433802604675, 0.7586981654167175, 0.4698368310928345, 0.8860792517662048, 0.44346189498901367, 0.13492634892463684], "cam_t_m2c": [46.68938446044922, 230.70558166503906, 778.334716796875], "obj_id": 3}, {"cam_R_m2c": [0.3429812490940094, -0.8996213674545288, 0.2702690362930298, 0.5343396663665771, -0.04978236183524132, -0.8438026905059814, 0.7725574970245361, 0.43382400274276733, 0.4636288583278656], "cam_t_m2c": [-78.47613525390625, 506.647216796875, 890.3778076171875], "obj_id": 3}, {"cam_R_m2c": [-0.9181859493255615, -0.09504329413175583, -0.3845795691013336, -0.12368965893983841, 0.991040825843811, 0.05038831755518913, 0.3763449788093567, 0.09383435547351837, -0.9217156171798706], "cam_t_m2c": [6.585577487945557, 445.71282958984375, 765.6813354492188], "obj_id": 3}, {"cam_R_m2c": [-0.23875033855438232, 0.2617708742618561, -0.9351332187652588, 0.8970116972923279, -0.3094260096549988, -0.3156348764896393, -0.37197867035865784, -0.9141834378242493, -0.16093584895133972], "cam_t_m2c": [-111.08499145507812, 551.2860107421875, 856.0953979492188], "obj_id": 3}, {"cam_R_m2c": [0.28933367133140564, 0.9571714997291565, -0.010429169982671738, 0.8038239479064941, -0.2370350956916809, 0.5456019639968872, 0.5197625756263733, -0.1662442535161972, -0.8379796147346497], "cam_t_m2c": [-40.10688781738281, 407.8387451171875, 618.4953002929688], "obj_id": 1}, {"cam_R_m2c": [-0.9814842343330383, -0.14974474906921387, 0.1194368451833725, 0.18854431807994843, -0.8651955127716064, 0.4646371603012085, 0.03375925123691559, 0.4785532057285309, 0.8774093389511108], "cam_t_m2c": [72.07040405273438, 635.5230712890625, 699.9475708007812], "obj_id": 3}, {"cam_R_m2c": [0.39228570461273193, 0.9181615114212036, 0.05560019239783287, 0.6896708011627197, -0.3335827887058258, 0.6427105069160461, 0.6086593270301819, -0.21378034353256226, -0.7640889286994934], "cam_t_m2c": [149.18321228027344, 392.07147216796875, 809.9359741210938], "obj_id": 3}, {"cam_R_m2c": [-0.5866093635559082, -0.6387991905212402, -0.49782007932662964, 0.4100518226623535, 0.29580453038215637, -0.8627613186836243, 0.6983886361122131, -0.7102360129356384, 0.08841915428638458], "cam_t_m2c": [48.66810607910156, 545.814697265625, 626.07080078125], "obj_id": 3}, {"cam_R_m2c": [-0.693139374256134, 0.34090548753738403, 0.6350916028022766, 0.712510347366333, 0.45732104778289795, 0.5321526527404785, -0.10902699083089828, 0.8213652968406677, -0.5598859190940857], "cam_t_m2c": [-115.22673034667969, 303.0216979980469, 665.026123046875], "obj_id": 1}, {"cam_R_m2c": [-0.45760297775268555, 0.8804552555084229, -0.12408868968486786, 0.2690849006175995, 0.2701425552368164, 0.9244545698165894, 0.84746253490448, 0.3896428048610687, -0.36053523421287537], "cam_t_m2c": [-71.46956634521484, 412.1684875488281, 482.489990234375], "obj_id": 3}, {"cam_R_m2c": [0.9560990333557129, -0.04020523279905319, -0.29027265310287476, 0.016299447044730186, 0.9963062405586243, -0.08430983871221542, 0.2925901412963867, 0.07587727159261703, 0.9532227516174316], "cam_t_m2c": [-44.18061447143555, 451.1772766113281, 836.9248657226562], "obj_id": 3}, {"cam_R_m2c": [0.6057295203208923, 0.7674612998962402, 0.20998771488666534, 0.7940928339958191, -0.5664839744567871, -0.22025489807128906, -0.05008242651820183, 0.3001646399497986, -0.9525715708732605], "cam_t_m2c": [142.71502685546875, 358.22491455078125, 753.77294921875], "obj_id": 1}, {"cam_R_m2c": [0.47656625509262085, 0.6507754921913147, -0.5910802483558655, -0.12749600410461426, 0.7163931131362915, 0.6859487891197205, 0.8698444366455078, -0.2515396773815155, 0.42438003420829773], "cam_t_m2c": [-41.06189727783203, 489.68170166015625, 586.2952880859375], "obj_id": 1}, {"cam_R_m2c": [0.9476045966148376, 0.28248167037963867, 0.14916294813156128, 0.21344175934791565, -0.21247775852680206, -0.9535700678825378, -0.23767225444316864, 0.9354450106620789, -0.2616382837295532], "cam_t_m2c": [-111.80340576171875, 350.360595703125, 553.991455078125], "obj_id": 1}, {"cam_R_m2c": [-0.5468518733978271, 0.09017787128686905, -0.8323586583137512, 0.685253381729126, 0.6194056272506714, -0.3830985724925995, 0.48102059960365295, -0.7798747420310974, -0.4005177915096283], "cam_t_m2c": [140.69036865234375, 469.139892578125, 961.154541015625], "obj_id": 1}, {"cam_R_m2c": [-0.3137475848197937, -0.6996535062789917, -0.641909122467041, 0.6802493929862976, 0.3060241639614105, -0.6660404801368713, 0.6624372601509094, -0.645626962184906, 0.37992456555366516], "cam_t_m2c": [-80.52992248535156, 357.4214172363281, 457.9497375488281], "obj_id": 1}, {"cam_R_m2c": [0.35868245363235474, 0.31267431378364563, -0.8795349597930908, -0.2331092804670334, -0.8823748230934143, -0.40874800086021423, -0.9038844108581543, 0.3516384959220886, -0.2436051368713379], "cam_t_m2c": [-14.4390287399292, 482.7580261230469, 874.2470092773438], "obj_id": 3}, {"cam_R_m2c": [-0.7640089988708496, 0.6371369957923889, 0.10171777755022049, 0.6402760744094849, 0.7292405366897583, 0.24136020243167877, 0.07960280776023865, 0.24952885508537292, -0.9650899171829224], "cam_t_m2c": [-100.57550048828125, 398.43817138671875, 785.59423828125], "obj_id": 3}, {"cam_R_m2c": [-0.6678956747055054, -0.6485212445259094, -0.3651510179042816, 0.5903480648994446, -0.1628660261631012, -0.7905464172363281, 0.45321545004844666, -0.7435688376426697, 0.49163100123405457], "cam_t_m2c": [74.39134216308594, 305.73760986328125, 762.7437133789062], "obj_id": 3}, {"cam_R_m2c": [0.3076949417591095, -0.12363263964653015, 0.9434186816215515, 0.5913217067718506, 0.8016412854194641, -0.08780582994222641, -0.745427668094635, 0.5848813652992249, 0.31976762413978577], "cam_t_m2c": [69.9991455078125, 268.5794372558594, 897.1212768554688], "obj_id": 1}, {"cam_R_m2c": [-0.3197602927684784, -0.5283905267715454, 0.786483883857727, -0.7603776454925537, -0.35214337706565857, -0.5457298159599304, 0.5653135180473328, -0.7725273966789246, -0.2891749441623688], "cam_t_m2c": [-13.331138610839844, 464.4127197265625, 701.666748046875], "obj_id": 3}, {"cam_R_m2c": [0.9725508689880371, -0.2253807932138443, -0.05786413699388504, -0.11798673123121262, -0.6919817924499512, 0.712208092212677, -0.20055894553661346, -0.6858313679695129, -0.6995794773101807], "cam_t_m2c": [153.1554412841797, 291.7668762207031, 751.348388671875], "obj_id": 1}, {"cam_R_m2c": [-0.6322513222694397, 0.5369421243667603, -0.5585260987281799, -0.48030877113342285, 0.2940077483654022, 0.8263552188873291, 0.6079158782958984, 0.7907291650772095, 0.07201122492551804], "cam_t_m2c": [93.24285125732422, 218.00843811035156, 702.7939453125], "obj_id": 1}, {"cam_R_m2c": [-0.785432755947113, -0.2983326017856598, -0.5423035025596619, -0.6164167523384094, 0.4561749994754791, 0.6418215036392212, 0.05590903386473656, 0.8383925557136536, -0.5421919822692871], "cam_t_m2c": [95.1915512084961, 489.2419128417969, 704.7290649414062], "obj_id": 3}, {"cam_R_m2c": [-0.6875109076499939, -0.16973455250263214, 0.7060587406158447, -0.7261576652526855, 0.16722612082958221, -0.6668811440467834, -0.004878690466284752, -0.9711980223655701, -0.2382238209247589], "cam_t_m2c": [-178.23887634277344, 537.5257568359375, 843.4398803710938], "obj_id": 3}, {"cam_R_m2c": [0.9771193265914917, 0.21160747110843658, -0.021449144929647446, -0.015417734161019325, -0.03011191263794899, -0.9994276165962219, -0.21213223040103912, 0.9768908023834229, -0.026160424575209618], "cam_t_m2c": [-80.03697967529297, 673.5459594726562, 658.2688598632812], "obj_id": 3}, {"cam_R_m2c": [-0.8082095980644226, -0.3690969944000244, 0.45887312293052673, 0.5888770818710327, -0.5125871300697327, 0.6248824596405029, 0.004570236895233393, 0.7752559185028076, 0.6316307187080383], "cam_t_m2c": [161.46051025390625, 257.8985290527344, 645.7656860351562], "obj_id": 1}, {"cam_R_m2c": [0.8991221189498901, 0.42732489109039307, 0.094725102186203, -0.23637869954109192, 0.6562067270278931, -0.716601550579071, -0.36838093400001526, 0.6219213008880615, 0.6910204887390137], "cam_t_m2c": [100.76880645751953, 606.5855102539062, 679.1532592773438], "obj_id": 1}, {"cam_R_m2c": [-0.4276027977466583, -0.25418445467948914, 0.8674940466880798, -0.8973271250724792, 0.235450878739357, -0.3733186721801758, -0.10936036705970764, -0.9380581378936768, -0.32876598834991455], "cam_t_m2c": [112.968994140625, 620.456787109375, 661.158447265625], "obj_id": 3}, {"cam_R_m2c": [0.85872483253479, 0.30444756150245667, 0.4121933579444885, 0.29075127840042114, -0.9518378376960754, 0.09730711579322815, 0.4219661056995392, 0.03628569468855858, -0.9058853387832642], "cam_t_m2c": [-65.74110412597656, 455.65679931640625, 769.568603515625], "obj_id": 3}, {"cam_R_m2c": [0.4668525457382202, 0.5425808429718018, -0.6983226537704468, 0.47855812311172485, 0.509039580821991, 0.7154443860054016, 0.7436603307723999, -0.6681950092315674, -0.022010067477822304], "cam_t_m2c": [121.33679962158203, 456.7169189453125, 1027.44873046875], "obj_id": 3}, {"cam_R_m2c": [-0.7921933531761169, -0.26375600695610046, -0.550329327583313, 0.5342921018600464, -0.7355108261108398, -0.4166001081466675, -0.29489240050315857, -0.6240645051002502, 0.7235896587371826], "cam_t_m2c": [-43.416603088378906, 518.9857177734375, 921.1959228515625], "obj_id": 3}, {"cam_R_m2c": [-0.03910636156797409, -0.6436789035797119, 0.7642958164215088, 0.29889845848083496, 0.7223241329193115, 0.6236245036125183, -0.9534832239151001, 0.2528345584869385, 0.16414718329906464], "cam_t_m2c": [219.83876037597656, 337.9078674316406, 658.9910278320312], "obj_id": 3}, {"cam_R_m2c": [0.6947029232978821, 0.5612193942070007, 0.449911892414093, -0.691756546497345, 0.3498552143573761, 0.631723165512085, 0.19713126122951508, -0.7500894069671631, 0.6312726140022278], "cam_t_m2c": [88.69499969482422, 425.5335998535156, 819.1651611328125], "obj_id": 3}, {"cam_R_m2c": [-0.08340468257665634, -0.9535735845565796, 0.28938066959381104, -0.5101580023765564, -0.2085946798324585, -0.8344022631645203, 0.8560271859169006, -0.21722286939620972, -0.4690755009651184], "cam_t_m2c": [110.7251205444336, 235.98028564453125, 639.5980834960938], "obj_id": 3}, {"cam_R_m2c": [-0.9852744340896606, 0.10200758278369904, 0.13721808791160583, 0.16093169152736664, 0.28219661116600037, 0.9457621574401855, 0.05775243043899536, 0.9539179801940918, -0.2944573760032654], "cam_t_m2c": [179.58116149902344, 560.4425659179688, 799.3253173828125], "obj_id": 1}, {"cam_R_m2c": [0.6757588982582092, -0.38895875215530396, 0.6261476874351501, -0.6153727769851685, -0.765309751033783, 0.1887248456478119, 0.4057908356189728, -0.5128467679023743, -0.7565194964408875], "cam_t_m2c": [168.91082763671875, 333.1878967285156, 537.5589599609375], "obj_id": 3}, {"cam_R_m2c": [0.9680648446083069, -0.25016456842422485, 0.01637624390423298, 0.2283904105424881, 0.9069715738296509, 0.35389313101768494, -0.10338431596755981, -0.33885133266448975, 0.935142457485199], "cam_t_m2c": [93.71719360351562, 359.1807556152344, 790.7184448242188], "obj_id": 1}, {"cam_R_m2c": [0.5657554268836975, -0.8095389604568481, 0.15674008429050446, -0.7211443781852722, -0.3935958445072174, 0.5701166987419128, -0.3998394310474396, -0.435578852891922, -0.806473433971405], "cam_t_m2c": [-36.19395065307617, 496.2366027832031, 918.8446044921875], "obj_id": 3}, {"cam_R_m2c": [-0.6759811043739319, 0.2314147651195526, -0.6996402144432068, -0.14945365488529205, -0.9727343916893005, -0.17734436690807343, -0.7216043472290039, -0.015317664481699467, 0.6921361684799194], "cam_t_m2c": [-52.201297760009766, 240.2362823486328, 768.2860107421875], "obj_id": 3}, {"cam_R_m2c": [0.27574458718299866, 0.4704473614692688, -0.8382387161254883, 0.19479168951511383, 0.8266051411628723, 0.527996301651001, 0.9412869215011597, -0.3088740408420563, 0.13629266619682312], "cam_t_m2c": [-30.096118927001953, 237.26885986328125, 728.9503784179688], "obj_id": 1}, {"cam_R_m2c": [-0.3569256663322449, 0.13050265610218048, 0.9249719381332397, -0.3685286343097687, -0.9295505881309509, -0.011058182455599308, 0.8583651185035706, -0.3448255956172943, 0.37987449765205383], "cam_t_m2c": [-129.2245330810547, 310.53765869140625, 551.1282958984375], "obj_id": 1}, {"cam_R_m2c": [-0.4044332504272461, -0.9007389545440674, -0.158438771963119