{
  "0": [{"cam_R_m2c": [-0.6704121232032776, 0.3896298110485077, -0.631455659866333, 0.672980785369873, 0.6777052283287048, -0.2963317334651947, 0.3124811053276062, -0.6236218810081482, -0.7165551781654358], "cam_t_m2c": [13.13525104522705, 103.39009094238281, 812.9759521484375], "obj_id": 1}, {"cam_R_m2c": [-0.34164151549339294, -0.7994016408920288, 0.4942043423652649, 0.939660370349884, -0.2805432677268982, 0.19578999280929565, -0.0178691279143095, 0.5312742590904236, 0.847011387348175], "cam_t_m2c": [-1.8542611598968506, 404.3066101074219, 646.3790283203125], "obj_id": 1}, {"cam_R_m2c": [-0.17181475460529327, 0.24931387603282928, -0.9530593156814575, 0.38308191299438477, 0.908211886882782, 0.16852113604545593, 0.9075944423675537, -0.3361453711986542, -0.2515518367290497], "cam_t_m2c": [5958.61572265625, -44105.6015625, -18816.310546875], "obj_id": 0}, {"cam_R_m2c": [-0.4675229489803314, 0.8648295998573303, -0.18300819396972656, 0.7640921473503113, 0.2912580072879791, -0.575614333152771, -0.4445057213306427, -0.4089480936527252, -0.7969793081283569], "cam_t_m2c": [-37.29137420654297, 388.98345947265625, 899.17041015625], "obj_id": 2}],
  "1": [{"cam_R_m2c": [-0.26766014099121094, -0.3618163466453552, -0.8929988145828247, -0.04553086310625076, 0.9305294752120972, -0.36337560415267944, 0.9624369740486145, -0.05660215765237808, -0.2655394375324249], "cam_t_m2c": [-107.20645904541016, 124.30970001220703, 962.1363525390625], "obj_id": 1}, {"cam_R_m2c": [-0.37077561020851135, -0.02104579284787178, 0.9284838438034058, 0.458247572183609, -0.8737149834632874, 0.16318973898887634, 0.8077960014343262, 0.48598232865333557, 0.3335966467857361], "cam_t_m2c": [-294.8722229003906, 383.685791015625, 1089.110107421875], "obj_id": 1}, {"cam_R_m2c": [0.5445715188980103, -0.2586092948913574, -0.7978490591049194, -0.13913926482200623, 0.91023850440979, -0.390007883310318, 0.8270925879478455, 0.32339930534362793, 0.45970723032951355], "cam_t_m2c": [-4768.8115234375, -20900.306640625, -42756.484375], "obj_id": 0}, {"cam_R_m2c": [-0.7519643306732178, 0.15437935292720795, -0.6408715844154358, 0.3981975018978119, 0.8811541795730591, -0.2549627125263214, 0.5253457427024841, -0.446916401386261, -0.7240700125694275], "cam_t_m2c": [-116.08387756347656, 266.05609130859375, 1229.1728515625], "obj_id": 2}]
}