{
  "0": [{"cam_R_m2c": [0.45406773686408997, 0.8907293677330017, -0.020582010969519615, 0.5960643291473389, -0.28652411699295044, 0.750074028968811, 0.6622157692909241, -0.35285258293151855, -0.6610333323478699], "cam_t_m2c": [-107.15129852294922, 311.2347106933594, 524.66455078125], "obj_id": 0}, {"cam_R_m2c": [-0.5542635917663574, -0.8187238574028015, 0.14994283020496368, 0.6160420179367065, -0.28237542510032654, 0.7353612184524536, -0.5597176551818848, 0.4999551475048065, 0.6608788967132568], "cam_t_m2c": [-77.45767974853516, 386.747314453125, 551.4674072265625], "obj_id": 1}, {"cam_R_m2c": [-0.3714512586593628, -0.9215039610862732, 0.1133776605129242, -0.603287398815155, 0.3323765695095062, 0.7249621748924255, -0.7057395577430725, 0.2008887678384781, -0.679393470287323], "cam_t_m2c": [-220.46365356445312, -30.638084411621094, 867.63427734375], "obj_id": 2}, {"cam_R_m2c": [0.22136537730693817, 0.9719386100769043, -0.07957800477743149, 0.6481841206550598, -0.08567709475755692, 0.7566483616828918, 0.7285977602005005, -0.21907691657543182, -0.648961067199707], "cam_t_m2c": [95.89745330810547, 109.82107543945312, 731.113037109375], "obj_id": 2}, {"cam_R_m2c": [-0.12431728094816208, 0.4812347888946533, 0.8677317500114441, 0.19757822155952454, -0.8449974060058594, 0.4969329833984375, 0.9723724126815796, 0.23322221636772156, 0.009966193698346615], "cam_t_m2c": [-24.69242286682129, 42.688682556152344, 827.4751586914062], "obj_id": 2}, {"cam_R_m2c": [0.3301315903663635, -0.7538712620735168, 0.5680592060089111, 0.9063833951950073, 0.08511681854724884, -0.41379255056381226, 0.26359492540359497, 0.6514853835105896, 0.7113961577415466], "cam_t_m2c": [69.82213592529297, 246.50926208496094, 642.2742309570312], "obj_id": 1}, {"cam_R_m2c": [-0.3464469611644745, -0.4985538721084595, -0.7946184277534485, -0.2370602786540985, -0.7730532884597778, 0.5883799195289612, -0.9076215624809265, 0.39221492409706116, 0.1496346890926361], "cam_t_m2c": [49.7585563659668, -163.35263061523438, 903.6011352539062], "obj_id": 2}, {"cam_R_m2c": [0.20037604868412018, -0.9618385434150696, -0.18632245063781738, 0.6398019194602966, 0.27249300479888916, -0.7186104655265808, 0.7419587969779968, 0.024782847613096237, 0.6699872612953186], "cam_t_m2c": [-168.1929473876953, -161.50247192382812, 820.0953369140625], "obj_id": 3}],
  "1": [{"cam_R_m2c": [0.45406773686408997, 0.8907293677330017, -0.020582010969519615, 0.5960643291473389, -0.28652411699295044, 0.750074028968811, 0.6622157692909241, -0.35285258293151855, -0.6610333323478699], "cam_t_m2c": [-107.15129852294922, 311.2347106933594, 524.66455078125], "obj_id": 0}, {"cam_R_m2c": [-0.5542635917663574, -0.8187238574028015, 0.14994283020496368, 0.6160420179367065, -0.28237542510032654, 0.7353612184524536, -0.5597176551818848, 0.4999551475048065, 0.6608788967132568], "cam_t_m2c": [-77.45767974853516, 386.747314453125, 551.4674072265625], "obj_id": 1}, {"cam_R_m2c": [-0.3714512586593628, -0.9215039610862732, 0.1133776605129242, -0.603287398815155, 0.3323765695095062, 0.7249621748924255, -0.7057395577430725, 0.2008887678384781, -0.679393470287323], "cam_t_m2c": [-220.46365356445312, -30.638084411621094, 867.63427734375], "obj_id": 2}, {"cam_R_m2c": [0.22136537730693817, 0.9719386100769043, -0.07957800477743149, 0.6481841206550598, -0.08567709475755692, 0.7566483616828918, 0.7285977602005005, -0.21907691657543182, -0.648961067199707], "cam_t_m2c": [95.89745330810547, 109.82107543945312, 731.113037109375], "obj_id": 2}, {"cam_R_m2c": [-0.12431728094816208, 0.4812347888946533, 0.8677317500114441, 0.19757822155952454, -0.8449974060058594, 0.4969329833984375, 0.9723724126815796, 0.23322221636772156, 0.009966193698346615], "cam_t_m2c": [-24.69242286682129, 42.688682556152344, 827.4751586914062], "obj_id": 2}, {"cam_R_m2c": [0.3301315903663635, -0.7538712620735168, 0.5680592060089111, 0.9063833951950073, 0.08511681854724884, -0.41379255056381226, 0.26359492540359497, 0.6514853835105896, 0.7113961577415466], "cam_t_m2c": [69.82213592529297, 246.50926208496094, 642.2742309570312], "obj_id": 1}, {"cam_R_m2c": [-0.3464469611644745, -0.4985538721084595, -0.7946184277534485, -0.2370602786540985, -0.7730532884597778, 0.5883799195289612, -0.9076215624809265, 0.39221492409706116, 0.1496346890926361], "cam_t_m2c": [49.7585563659668, -163.35263061523438, 903.6011352539062], "obj_id": 2}, {"cam_R_m2c": [0.20037604868412018, -0.9618385434150696, -0.18632245063781738, 0.6398019194602966, 0.27249300479888916, -0.7186104655265808, 0.7419587969779968, 0.024782847613096237, 0.6699872612953186], "cam_t_m2c": [-168.1929473876953, -161.50247192382812, 820.0953369140625], "obj_id": 3}],
  "2": [{"cam_R_m2c": [0.45406773686408997, 0.8907293677330017, -0.020582010969519615, 0.5960643291473389, -0.28652411699295044, 0.750074028968811, 0.6622157692909241, -0.35285258293151855, -0.6610333323478699], "cam_t_m2c": [-107.15129852294922, 311.2347106933594, 524.66455078125], "obj_id": 0}, {"cam_R_m2c": [-0.5542635917663574, -0.8187238574028015, 0.14994283020496368, 0.6160420179367065, -0.28237542510032654, 0.7353612184524536, -0.5597176551818848, 0.4999551475048065, 0.6608788967132568], "cam_t_m2c": [-77.45767974853516, 386.747314453125, 551.4674072265625], "obj_id": 1}, {"cam_R_m2c": [-0.3714512586593628, -0.9215039610862732, 0.1133776605129242, -0.603287398815155, 0.3323765695095062, 0.7249621748924255, -0.7057395577430725, 0.2008887678384781, -0.679393470287323], "cam_t_m2c": [-220.46365356445312, -30.638084411621094, 867.63427734375], "obj_id": 2}, {"cam_R_m2c": [0.22136537730693817, 0.9719386100769043, -0.07957800477743149, 0.6481841206550598, -0.08567709475755692, 0.7566483616828918, 0.7285977602005005, -0.21907691657543182, -0.648961067199707], "cam_t_m2c": [95.89745330810547, 109.82107543945312, 731.113037109375], "obj_id": 2}, {"cam_R_m2c": [-0.12431728094816208, 0.4812347888946533, 0.8677317500114441, 0.19757822155952454, -0.8449974060058594, 0.4969329833984375, 0.9723724126815796, 0.23322221636772156, 0.009966193698346615], "cam_t_m2c": [-24.69242286682129, 42.688682556152344, 827.4751586914062], "obj_id": 2}, {"cam_R_m2c": [0.3301315903663635, -0.7538712620735168, 0.5680592060089111, 0.9063833951950073, 0.08511681854724884, -0.41379255056381226, 0.26359492540359497, 0.6514853835105896, 0.7113961577415466], "cam_t_m2c": [69.82213592529297, 246.50926208496094, 642.2742309570312], "obj_id": 1}, {"cam_R_m2c": [-0.3464469611644745, -0.4985538721084595, -0.7946184277534485, -0.2370602786540985, -0.7730532884597778, 0.5883799195289612, -0.9076215624809265, 0.39221492409706116, 0.1496346890926361], "cam_t_m2c": [49.7585563659668, -163.35263061523438, 903.6011352539062], "obj_id": 2}, {"cam_R_m2c": [0.20037604868412018, -0.9618385434150696, -0.18632245063781738, 0.6398019194602966, 0.27249300479888916, -0.7186104655265808, 0.7419587969779968, 0.024782847613096237, 0.6699872612953186], "cam_t_m2c": [-168.1929473876953, -161.50247192382812, 820.0953369140625], "obj_id": 3}],
  "3": [{"cam_R_m2c": [0.45406773686408997, 0.8907293677330017, -0.020582010969519615, 0.5960643291473389, -0.28652411699295044, 0.750074028968811, 0.6622157692909241, -0.35285258293151855, -0.6610333323478699], "cam_t_m2c": [-107.15129852294922, 311.2347106933594, 524.66455078125], "obj_id": 0}, {"cam_R_m2c": [-0.5542635917663574, -0.8187238574028015, 0.14994283020496368, 0.6160420179367065, -0.28237542510032654, 0.7353612184524536, -0.5597176551818848, 0.4999551475048065, 0.6608788967132568], "cam_t_m2c": [-77.45767974853516, 386.747314453125, 551.4674072265625], "obj_id": 1}, {"cam_R_m2c": [-0.3714512586593628, -0.9215039610862732, 0.1133776605129242, -0.603287398815155, 0.3323765695095062, 0.7249621748924255, -0.7057395577430725, 0.2008887678384781, -0.679393470287323], "cam_t_m2c": [-220.46365356445312, -30.638084411621094, 867.63427734375], "obj_id": 2}, {"cam_R_m2c": [0.22136537730693817, 0.9719386100769043, -0.07957800477743149, 0.6481841206550598, -0.08567709475755692, 0.7566483616828918, 0.7285977602005005, -0.21907691657543182, -0.648961067199707], "cam_t_m2c": [95.89745330810547, 109.82107543945312, 731.113037109375], "obj_id": 2}, {"cam_R_m2c": [-0.12431728094816208, 0.4812347888946533, 0.8677317500114441, 0.19757822155952454, -0.8449974060058594, 0.4969329833984375, 0.9723724126815796, 0.23322221636772156, 0.009966193698346615], "cam_t_m2c": [-24.69242286682129, 42.688682556152344, 827.4751586914062], "obj_id": 2}, {"cam_R_m2c": [0.3301315903663635, -0.7538712620735168, 0.5680592060089111, 0.9063833951950073, 0.08511681854724884, -0.41379255056381226, 0.26359492540359497, 0.6514853835105896, 0.7113961577415466], "cam_t_m2c": [69.82213592529297, 246.50926208496094, 642.2742309570312], "obj_id": 1}, {"cam_R_m2c": [-0.3464469611644745, -0.4985538721084595, -0.7946184277534485, -0.2370602786540985, -0.7730532884597778, 0.5883799195289612, -0.9076215624809265, 0.39221492409706116, 0.1496346890926361], "cam_t_m2c": [49.7585563659668, -163.35263061523438, 903.6011352539062], "obj_id": 2}, {"cam_R_m2c": [0.20037604868412018, -0.9618385434150696, -0.18632245063781738, 0.6398019194602966, 0.27249300479888916, -0.7186104655265808, 0.7419587969779968, 0.024782847613096237, 0.6699872612953186], "cam_t_m2c": [-168.1929473876953, -161.50247192382812, 820.0953369140625], "obj_id": 3}],
  "4": [{"cam_R_m2c": [0.45406773686408997, 0.8907293677330017, -0.020582010969519615, 0.5960643291473389, -0.28652411699295044, 0.750074028968811, 0.6622157692909241, -0.35285258293151855, -0.6610333323478699], "cam_t_m2c": [-107.15129852294922, 311.2347106933594, 524.66455078125], "obj_id": 0}, {"cam_R_m2c": [-0.5542635917663574, -0.8187238574028015, 0.14994283020496368, 0.6160420179367065, -0.28237542510032654, 0.7353612184524536, -0.5597176551818848, 0.4999551475048065, 0.6608788967132568], "cam_t_m2c": [-77.45767974853516, 386.747314453125, 551.4674072265625], "obj_id": 1}, {"cam_R_m2c": [-0.3714512586593628, -0.9215039610862732, 0.1133776605129242, -0.603287398815155, 0.3323765695095062, 0.7249621748924255, -0.7057395577430725, 0.2008887678384781, -0.679393470287323], "cam_t_m2c": [-220.46365356445312, -30.638084411621094, 867.63427734375], "obj_id": 2}, {"cam_R_m2c": [0.22136537730693817, 0.9719386100769043, -0.07957800477743149, 0.6481841206550598, -0.08567709475755692, 0.7566483616828918, 0.7285977602005005, -0.21907691657543182, -0.648961067199707], "cam_t_m2c": [95.89745330810547, 109.82107543945312, 731.113037109375], "obj_id": 2}, {"cam_R_m2c": [-0.12431728094816208, 0.4812347888946533, 0.8677317500114441, 0.19757822155952454, -0.8449974060058594, 0.4969329833984375, 0.9723724126815796, 0.23322221636772156, 0.009966193698346615], "cam_t_m2c": [-24.69242286682129, 42.688682556152344, 827.4751586914062], "obj_id": 2}, {"cam_R_m2c": [0.3301315903663635, -0.7538712620735168, 0.5680592060089111, 0.9063833951950073, 0.08511681854724884, -0.41379255056381226, 0.26359492540359497, 0.6514853835105896, 0.7113961577415466], "cam_t_m2c": [69.82213592529297, 246.50926208496094, 642.2742309570312], "obj_id": 1}, {"cam_R_m2c": [-0.3464469611644745, -0.4985538721084595, -0.7946184277534485, -0.2370602786540985, -0.7730532884597778, 0.5883799195289612, -0.9076215624809265, 0.39221492409706116, 0.1496346890926361], "cam_t_m2c": [49.7585563659668, -163.35263061523438, 903.6011352539062], "obj_id": 2}, {"cam_R_m2c": [0.20037604868412018, -0.9618385434150696, -0.18632245063781738, 0.6398019194602966, 0.27249300479888916, -0.7186104655265808, 0.7419587969779968, 0.024782847613096237, 0.6699872612953186], "cam_t_m2c": [-168.1929473876953, -161.50247192382812, 820.0953369140625], "obj_id": 3}],
  "5": [{"cam_R_m2c": [0.0008424071711488068, -0.5408692359924316, 0.8411062955856323, 0.038141295313835144, -0.8404771685600281, -0.5405029058456421, 0.9992719888687134, 0.03253621235489845, 0.01992141455411911], "cam_t_m2c": [215.80792236328125, 249.05270385742188, 943.773681640625], "obj_id": 2}, {"cam_R_m2c": [0.5021272301673889, 0.8392268419265747, 0.20872612297534943, -0.789476215839386, 0.5433584451675415, -0.2854626178741455, -0.35298100113868713, -0.021445760503411293, 0.9353846907615662], "cam_t_m2c": [-45.303321838378906, 330.5762023925781, 942.154296875], "obj_id": 1}, {"cam_R_m2c": [-0.551017701625824, 0.8023951649665833, 0.2292192131280899, -0.7261279821395874, -0.5963842272758484, 0.34214600920677185, 0.41123902797698975, 0.02208603173494339, 0.9112599492073059], "cam_t_m2c": [-17.323503494262695, 327.1913146972656, 959.0988159179688], "obj_id": 1}, {"cam_R_m2c": [0.0825616717338562, 0.24014969170093536, -0.9672185182571411, -0.35329174995422363, -0.9004481434822083, -0.25372830033302307, -0.9318629503250122, 0.3626585602760315, 0.010500399395823479], "cam_t_m2c": [9.850055694580078, 331.660400390625, 938.4673461914062], "obj_id": 0}, {"cam_R_m2c": [0.3897339403629303, 0.0008432621252723038, -0.9209271669387817, -0.9202699661254883, 0.03813920542597771, -0.3894209861755371, 0.034795112907886505, 0.9992721676826477, 0.015640126541256905], "cam_t_m2c": [-233.01947021484375, 62.333072662353516, 1057.4554443359375], "obj_id": 3}, {"cam_R_m2c": [0.12043491005897522, 0.9790738224983215, -0.16404232382774353, 0.8487335443496704, -0.01583847776055336, 0.5285834670066833, 0.5149240493774414, -0.2028881162405014, -0.8328802585601807], "cam_t_m2c": [100.62712097167969, 517.2586669921875, 931.3067016601562], "obj_id": 0}, {"cam_R_m2c": [0.5899807214736938, 0.8053774833679199, 0.05735737830400467, 0.7205575108528137, -0.5572344064712524, 0.41265812516212463, 0.3643070459365845, -0.20213106274604797, -0.9090782999992371], "cam_t_m2c": [233.8544158935547, 353.56671142578125, 878.1175537109375], "obj_id": 2}, {"cam_R_m2c": [0.2608794569969177, -0.4741472005844116, 0.8409079909324646, -0.2926632761955261, 0.791234016418457, 0.5369329452514648, -0.9199402332305908, -0.3861776292324066, 0.06765123456716537], "cam_t_m2c": [-31.0766658782959, 247.9742889404297, 954.2662353515625], "obj_id": 1}],
  "6": [{"cam_R_m2c": [0.0008424071711488068, -0.5408692359924316, 0.8411062955856323, 0.038141295313835144, -0.8404771685600281, -0.5405029058456421, 0.9992719888687134, 0.03253621235489845, 0.01992141455411911], "cam_t_m2c": [215.80792236328125, 249.05270385742188, 943.773681640625], "obj_id": 2}, {"cam_R_m2c": [0.5021272301673889, 0.8392268419265747, 0.20872612297534943, -0.789476215839386, 0.5433584451675415, -0.2854626178741455, -0.35298100113868713, -0.021445760503411293, 0.9353846907615662], "cam_t_m2c": [-45.303321838378906, 330.5762023925781, 942.154296875], "obj_id": 1}, {"cam_R_m2c": [-0.551017701625824, 0.8023951649665833, 0.2292192131280899, -0.7261279821395874, -0.5963842272758484, 0.34214600920677185, 0.41123902797698975, 0.02208603173494339, 0.9112599492073059], "cam_t_m2c": [-17.323503494262695, 327.1913146972656, 959.0988159179688], "obj_id": 1}, {"cam_R_m2c": [0.0825616717338562, 0.24014969170093536, -0.9672185182571411, -0.35329174995422363, -0.9004481434822083, -0.25372830033302307, -0.9318629503250122, 0.3626585602760315, 0.010500399395823479], "cam_t_m2c": [9.850055694580078, 331.660400390625, 938.4673461914062], "obj_id": 0}, {"cam_R_m2c": [0.3897339403629303, 0.0008432621252723038, -0.9209271669387817, -0.9202699661254883, 0.03813920542597771, -0.3894209861755371, 0.034795112907886505, 0.9992721676826477, 0.015640126541256905], "cam_t_m2c": [-233.01947021484375, 62.333072662353516, 1057.4554443359375], "obj_id": 3}, {"cam_R_m2c": [0.12043491005897522, 0.9790738224983215, -0.16404232382774353, 0.8487335443496704, -0.01583847776055336, 0.5285834670066833, 0.5149240493774414, -0.2028881162405014, -0.8328802585601807], "cam_t_m2c": [100.62712097167969, 517.2586669921875, 931.3067016601562], "obj_id": 0}, {"cam_R_m2c": [0.5899807214736938, 0.8053774833679199, 0.05735737830400467, 0.7205575108528137, -0.5572344064712524, 0.41265812516212463, 0.3643070459365845, -0.20213106274604797, -0.9090782999992371], "cam_t_m2c": [233.8544158935547, 353.56671142578125, 878.1175537109375], "obj_id": 2}, {"cam_R_m2c": [0.2608794569969177, -0.4741472005844116, 0.8409079909324646, -0.2926632761955261, 0.791234016418457, 0.5369329452514648, -0.9199402332305908, -0.3861776292324066, 0.06765123456716537], "cam_t_m2c": [-31.0766658782959, 247.9742889404297, 954.2662353515625], "obj_id": 1}],
  "7": [{"cam_R_m2c": [0.0008424071711488068, -0.5408692359924316, 0.8411062955856323, 0.038141295313835144, -0.8404771685600281, -0.5405029058456421, 0.9992719888687134, 0.03253621235489845, 0.01992141455411911], "cam_t_m2c": [215.80792236328125, 249.05270385742188, 943.773681640625], "obj_id": 2}, {"cam_R_m2c": [0.5021272301673889, 0.8392268419265747, 0.20872612297534943, -0.789476215839386, 0.5433584451675415, -0.2854626178741455, -0.35298100113868713, -0.021445760503411293, 0.9353846907615662], "cam_t_m2c": [-45.303321838378906, 330.5762023925781, 942.154296875], "obj_id": 1}, {"cam_R_m2c": [-0.551017701625824, 0.8023951649665833, 0.2292192131280899, -0.7261279821395874, -0.5963842272758484, 0.34214600920677185, 0.41123902797698975, 0.02208603173494339, 0.9112599492073059], "cam_t_m2c": [-17.323503494262695, 327.1913146972656, 959.0988159179688], "obj_id": 1}, {"cam_R_m2c": [0.0825616717338562, 0.24014969170093536, -0.9672185182571411, -0.35329174995422363, -0.9004481434822083, -0.25372830033302307, -0.9318629503250122, 0.3626585602760315, 0.010500399395823479], "cam_t_m2c": [9.850055694580078, 331.660400390625, 938.4673461914062], "obj_id": 0}, {"cam_R_m2c": [0.3897339403629303, 0.0008432621252723038, -0.9209271669387817, -0.9202699661254883, 0.03813920542597771, -0.3894209861755371, 0.034795112907886505, 0.9992721676826477, 0.015640126541256905], "cam_t_m2c": [-233.01947021484375, 62.333072662353516, 1057.4554443359375], "obj_id": 3}, {"cam_R_m2c": [0.12043491005897522, 0.9790738224983215, -0.16404232382774353, 0.8487335443496704, -0.01583847776055336, 0.5285834670066833, 0.5149240493774414, -0.2028881162405014, -0.8328802585601807], "cam_t_m2c": [100.62712097167969, 517.2586669921875, 931.3067016601562], "obj_id": 0}, {"cam_R_m2c": [0.5899807214736938, 0.8053774833679199, 0.05735737830400467, 0.7205575108528137, -0.5572344064712524, 0.41265812516212463, 0.3643070459365845, -0.20213106274604797, -0.9090782999992371], "cam_t_m2c": [233.8544158935547, 353.56671142578125, 878.1175537109375], "obj_id": 2}, {"cam_R_m2c": [0.2608794569969177, -0.4741472005844116, 0.8409079909324646, -0.2926632761955261, 0.791234016418457, 0.5369329452514648, -0.9199402332305908, -0.3861776292324066, 0.06765123456716537], "cam_t_m2c": [-31.0766658782959, 247.9742889404297, 954.2662353515625], "obj_id": 1}],
  "8": [{"cam_R_m2c": [0.0008424071711488068, -0.5408692359924316, 0.8411062955856323, 0.038141295313835144, -0.8404771685600281, -0.5405029058456421, 0.9992719888687134, 0.03253621235489845, 0.01992141455411911], "cam_t_m2c": [215.80792236328125, 249.05270385742188, 943.773681640625], "obj_id": 2}, {"cam_R_m2c": [0.5021272301673889, 0.8392268419265747, 0.20872612297534943, -0.789476215839386, 0.5433584451675415, -0.2854626178741455, -0.35298100113868713, -0.021445760503411293, 0.9353846907615662], "cam_t_m2c": [-45.303321838378906, 330.5762023925781, 942.154296875], "obj_id": 1}, {"cam_R_m2c": [-0.551017701625824, 0.8023951649665833, 0.2292192131280899, -0.7261279821395874, -0.5963842272758484, 0.34214600920677185, 0.41123902797698975, 0.02208603173494339, 0.9112599492073059], "cam_t_m2c": [-17.323503494262695, 327.1913146972656, 959.0988159179688], "obj_id": 1}, {"cam_R_m2c": [0.0825616717338562, 0.24014969170093536, -0.9672185182571411, -0.35329174995422363, -0.9004481434822083, -0.25372830033302307, -0.9318629503250122, 0.3626585602760315, 0.010500399395823479], "cam_t_m2c": [9.850055694580078, 331.660400390625, 938.4673461914062], "obj_id": 0}, {"cam_R_m2c": [0.3897339403629303, 0.0008432621252723038, -0.9209271669387817, -0.9202699661254883, 0.03813920542597771, -0.3894209861755371, 0.034795112907886505, 0.9992721676826477, 0.015640126541256905], "cam_t_m2c": [-233.01947021484375, 62.333072662353516, 1057.4554443359375], "obj_id": 3}, {"cam_R_m2c": [0.12043491005897522, 0.9790738224983215, -0.16404232382774353, 0.8487335443496704, -0.01583847776055336, 0.5285834670066833, 0.5149240493774414, -0.2028881162405014, -0.8328802585601807], "cam_t_m2c": [100.62712097167969, 517.2586669921875, 931.3067016601562], "obj_id": 0}, {"cam_R_m2c": [0.5899807214736938, 0.8053774833679199, 0.05735737830400467, 0.7205575108528137, -0.5572344064712524, 0.41265812516212463, 0.3643070459365845, -0.20213106274604797, -0.9090782999992371], "cam_t_m2c": [233.8544158935547, 353.56671142578125, 878.1175537109375], "obj_id": 2}, {"cam_R_m2c": [0.2608794569969177, -0.4741472005844116, 0.8409079909324646, -0.2926632761955261, 0.791234016418457, 0.5369329452514648, -0.9199402332305908, -0.3861776292324066, 0.06765123456716537], "cam_t_m2c": [-31.0766658782959, 247.9742889404297, 954.2662353515625], "obj_id": 1}],
  "9": [{"cam_R_m2c": [0.0008424071711488068, -0.5408692359924316, 0.8411062955856323, 0.038141295313835144, -0.8404771685600281, -0.5405029058456421, 0.9992719888687134, 0.03253621235489845, 0.01992141455411911], "cam_t_m2c": [215.80792236328125, 249.05270385742188, 943.773681640625], "obj_id": 2}, {"cam_R_m2c": [0.5021272301673889, 0.8392268419265747, 0.20872612297534943, -0.789476215839386, 0.5433584451675415, -0.2854626178741455, -0.35298100113868713, -0.021445760503411293, 0.9353846907615662], "cam_t_m2c": [-45.303321838378906, 330.5762023925781, 942.154296875], "obj_id": 1}, {"cam_R_m2c": [-0.551017701625824, 0.8023951649665833, 0.2292192131280899, -0.7261279821395874, -0.5963842272758484, 0.34214600920677185, 0.41123902797698975, 0.02208603173494339, 0.9112599492073059], "cam_t_m2c": [-17.323503494262695, 327.1913146972656, 959.0988159179688], "obj_id": 1}, {"cam_R_m2c": [0.0825616717338562, 0.24014969170093536, -0.9672185182571411, -0.35329174995422363, -0.9004481434822083, -0.25372830033302307, -0.9318629503250122, 0.3626585602760315, 0.010500399395823479], "cam_t_m2c": [9.850055694580078, 331.660400390625, 938.4673461914062], "obj_id": 0}, {"cam_R_m2c": [0.3897339403629303, 0.0008432621252723038, -0.9209271669387817, -0.9202699661254883, 0.03813920542597771, -0.3894209861755371, 0.034795112907886505, 0.9992721676826477, 0.015640126541256905], "cam_t_m2c": [-233.01947021484375, 62.333072662353516, 1057.4554443359375], "obj_id": 3}, {"cam_R_m2c": [0.12043491005897522, 0.9790738224983215, -0.16404232382774353, 0.8487335443496704, -0.01583847776055336, 0.5285834670066833, 0.5149240493774414, -0.2028881162405014, -0.8328802585601807], "cam_t_m2c": [100.62712097167969, 517.2586669921875, 931.3067016601562], "obj_id": 0}, {"cam_R_m2c": [0.5899807214736938, 0.8053774833679199, 0.05735737830400467, 0.7205575108528137, -0.5572344064712524, 0.41265812516212463, 0.3643070459365845, -0.20213106274604797, -0.9090782999992371], "cam_t_m2c": [233.8544158935547, 353.56671142578125, 878.1175537109375], "obj_id": 2}, {"cam_R_m2c": [0.2608794569969177, -0.4741472005844116, 0.8409079909324646, -0.2926632761955261, 0.791234016418457, 0.5369329452514648, -0.9199402332305908, -0.3861776292324066, 0.06765123456716537], "cam_t_m2c": [-31.0766658782959, 247.9742889404297, 954.2662353515625], "obj_id": 1}],
  "10": [{"cam_R_m2c": [0.0008424071711488068, -0.5408692359924316, 0.8411062955856323, 0.038141295313835144, -0.8404771685600281, -0.5405029058456421, 0.9992719888687134, 0.03253621235489845, 0.01992141455411911], "cam_t_m2c": [215.80792236328125, 249.05270385742188, 943.773681640625], "obj_id": 2}, {"cam_R_m2c": [0.5021272301673889, 0.8392268419265747, 0.20872612297534943, -0.789476215839386, 0.5433584451675415, -0.2854626178741455, -0.35298100113868713, -0.021445760503411293, 0.9353846907615662], "cam_t_m2c": [-45.303321838378906, 330.5762023925781, 942.154296875], "obj_id": 1}, {"cam_R_m2c": [-0.551017701625824, 0.8023951649665833, 0.2292192131280899, -0.7261279821395874, -0.5963842272758484, 0.34214600920677185, 0.41123902797698975, 0.02208603173494339, 0.9112599492073059], "cam_t_m2c": [-17.323503494262695, 327.1913146972656, 959.0988159179688], "obj_id": 1}, {"cam_R_m2c": [0.0825616717338562, 0.24014969170093536, -0.9672185182571411, -0.35329174995422363, -0.9004481434822083, -0.25372830033302307, -0.9318629503250122, 0.3626585602760315, 0.010500399395823479], "cam_t_m2c": [9.850055694580078, 331.660400390625, 938.4673461914062], "obj_id": 0}, {"cam_R_m2c": [0.3897339403629303, 0.0008432621252723038, -0.9209271669387817, -0.9202699661254883, 0.03813920542597771, -0.3894209861755371, 0.034795112907886505, 0.9992721676826477, 0.015640126541256905], "cam_t_m2c": [-233.01947021484375, 62.333072662353516, 1057.4554443359375], "obj_id": 3}, {"cam_R_m2c": [0.12043491005897522, 0.9790738224983215, -0.16404232382774353, 0.8487335443496704, -0.01583847776055336, 0.5285834670066833, 0.5149240493774414, -0.2028881162405014, -0.8328802585601807], "cam_t_m2c": [100.62712097167969, 517.2586669921875, 931.3067016601562], "obj_id": 0}, {"cam_R_m2c": [0.5899807214736938, 0.8053774833679199, 0.05735737830400467, 0.7205575108528137, -0.5572344064712524, 0.41265812516212463, 0.3643070459365845, -0.20213106274604797, -0.9090782999992371], "cam_t_m2c": [233.8544158935547, 353.56671142578125, 878.1175537109375], "obj_id": 2}, {"cam_R_m2c": [0.2608794569969177, -0.4741472005844116, 0.8409079909324646, -0.2926632761955261, 0.791234016418457, 0.5369329452514648, -0.9199402332305908, -0.3861776292324066, 0.06765123456716537], "cam_t_m2c": [-31.0766658782959, 247.9742889404297, 954.2662353515625], "obj_id": 1}],
  "11": [{"cam_R_m2c": [0.0008424071711488068, -0.5408692359924316, 0.8411062955856323, 0.038141295313835144, -0.8404771685600281, -0.5405029058456421, 0.9992719888687134, 0.03253621235489845, 0.01992141455411911], "cam_t_m2c": [215.80792236328125, 249.05270385742188, 943.773681640625], "obj_id": 2}, {"cam_R_m2c": [0.5021272301673889, 0.8392268419265747, 0.20872612297534943, -0.789476215839386, 0.5433584451675415, -0.2854626178741455, -0.35298100113868713, -0.021445760503411293, 0.9353846907615662], "cam_t_m2c": [-45.303321838378906, 330.5762023925781, 942.154296875], "obj_id": 1}, {"cam_R_m2c": [-0.551017701625824, 0.8023951649665833, 0.2292192131280899, -0.7261279821395874, -0.5963842272758484, 0.34214600920677185, 0.41123902797698975, 0.02208603173494339, 0.9112599492073059], "cam_t_m2c": [-17.323503494262695, 327.1913146972656, 959.0988159179688], "obj_id": 1}, {"cam_R_m2c": [0.0825616717338562, 0.24014969170093536, -0.9672185182571411, -0.35329174995422363, -0.9004481434822083, -0.25372830033302307, -0.9318629503250122, 0.3626585602760315, 0.010500399395823479], "cam_t_m2c": [9.850055694580078, 331.660400390625, 938.4673461914062], "obj_id": 0}, {"cam_R_m2c": [0.3897339403629303, 0.0008432621252723038, -0.9209271669387817, -0.9202699661254883, 0.03813920542597771, -0.3894209861755371, 0.034795112907886505, 0.9992721676826477, 0.015640126541256905], "cam_t_m2c": [-233.01947021484375, 62.333072662353516, 1057.4554443359375], "obj_id": 3}, {"cam_R_m2c": [0.12043491005897522, 0.9790738224983215, -0.16404232382774353, 0.8487335443496704, -0.01583847776055336, 0.5285834670066833, 0.5149240493774414, -0.2028881162405014, -0.8328802585601807], "cam_t_m2c": [100.62712097167969, 517.2586669921875, 931.3067016601562], "obj_id": 0}, {"cam_R_m2c": [0.5899807214736938, 0.8053774833679199, 0.05735737830400467, 0.7205575108528137, -0.5572344064712524, 0.41265812516212463, 0.3643070459365845, -0.20213106274604797, -0.9090782999992371], "cam_t_m2c": [233.8544158935547, 353.56671142578125, 878.1175537109375], "obj_id": 2}, {"cam_R_m2c": [0.2608794569969177, -0.4741472005844116, 0.8409079909324646, -0.2926632761955261, 0.791234016418457, 0.5369329452514648, -0.9199402332305908, -0.3861776292324066, 0.06765123456716537], "cam_t_m2c": [-31.0766658782959, 247.9742889404297, 954.2662353515625], "obj_id": 1}],
  "12": [{"cam_R_m2c": [0.0008424071711488068, -0.5408692359924316, 0.8411062955856323, 0.038141295313835144, -0.8404771685600281, -0.5405029058456421, 0.9992719888687134, 0.03253621235489845, 0.01992141455411911], "cam_t_m2c": [215.80792236328125, 249.05270385742188, 943.773681640625], "obj_id": 2}, {"cam_R_m2c": [0.5021272301673889, 0.8392268419265747, 0.20872612297534943, -0.789476215839386, 0.5433584451675415, -0.2854626178741455, -0.35298100113868713, -0.021445760503411293, 0.9353846907615662], "cam_t_m2c": [-45.303321838378906, 330.5762023925781, 942.154296875], "obj_id": 1}, {"cam_R_m2c": [-0.551017701625824, 0.8023951649665833, 0.2292192131280899, -0.7261279821395874, -0.5963842272758484, 0.34214600920677185, 0.41123902797698975, 0.02208603173494339, 0.9112599492073059], "cam_t_m2c": [-17.323503494262695, 327.1913146972656, 959.0988159179688], "obj_id": 1}, {"cam_R_m2c": [0.0825616717338562, 0.24014969170093536, -0.9672185182571411, -0.35329174995422363, -0.9004481434822083, -0.25372830033302307, -0.9318629503250122, 0.3626585602760315, 0.010500399395823479], "cam_t_m2c": [9.850055694580078, 331.660400390625, 938.4673461914062], "obj_id": 0}, {"cam_R_m2c": [0.3897339403629303, 0.0008432621252723038, -0.9209271669387817, -0.9202699661254883, 0.03813920542597771, -0.3894209861755371, 0.034795112907886505, 0.9992721676826477, 0.015640126541256905], "cam_t_m2c": [-233.01947021484375, 62.333072662353516, 1057.4554443359375], "obj_id": 3}, {"cam_R_m2c": [0.12043491005897522, 0.9790738224983215, -0.16404232382774353, 0.8487335443496704, -0.01583847776055336, 0.5285834670066833, 0.5149240493774414, -0.2028881162405014, -0.8328802585601807], "cam_t_m2c": [100.62712097167969, 517.2586669921875, 931.3067016601562], "obj_id": 0}, {"cam_R_m2c": [0.5899807214736938, 0.8053774833679199, 0.05735737830400467, 0.7205575108528137, -0.5572344064712524, 0.41265812516212463, 0.3643070459365845, -0.20213106274604797, -0.9090782999992371], "cam_t_m2c": [233.8544158935547, 353.56671142578125, 878.1175537109375], "obj_id": 2}, {"cam_R_m2c": [0.2608794569969177, -0.4741472005844116, 0.8409079909324646, -0.2926632761955261, 0.791234016418457, 0.5369329452514648, -0.9199402332305908, -0.3861776292324066, 0.06765123456716537], "cam_t_m2c": [-31.0766658782959, 247.9742889404297, 954.2662353515625], "obj_id": 1}],
  "13": [{"cam_R_m2c": [0.0008424071711488068, -0.5408692359924316, 0.8411062955856323, 0.038141295313835144, -0.8404771685600281, -0.5405029058456421, 0.9992719888687134, 0.03253621235489845, 0.01992141455411911], "cam_t_m2c": [215.80792236328125, 249.05270385742188, 943.773681640625], "obj_id": 2}, {"cam_R_m2c": [0.5021272301673889, 0.8392268419265747, 0.20872612297534943, -0.789476215839386, 0.5433584451675415, -0.2854626178741455, -0.35298100113868713, -0.021445760503411293, 0.9353846907615662], "cam_t_m2c": [-45.303321838378906, 330.5762023925781, 942.154296875], "obj_id": 1}, {"cam_R_m2c": [-0.551017701625824, 0.8023951649665833, 0.2292192131280899, -0.7261279821395874, -0.5963842272758484, 0.34214600920677185, 0.41123902797698975, 0.02208603173494339, 0.9112599492073059], "cam_t_m2c": [-17.323503494262695, 327.1913146972656, 959.0988159179688], "obj_id": 1}, {"cam_R_m2c": [0.0825616717338562, 0.24014969170093536, -0.9672185182571411, -0.35329174995422363, -0.9004481434822083, -0.25372830033302307, -0.9318629503250122, 0.3626585602760315, 0.010500399395823479], "cam_t_m2c": [9.850055694580078, 331.660400390625, 938.4673461914062], "obj_id": 0}, {"cam_R_m2c": [0.3897339403629303, 0.0008432621252723038, -0.9209271669387817, -0.9202699661254883, 0.03813920542597771, -0.3894209861755371, 0.034795112907886505, 0.9992721676826477, 0.015640126541256905], "cam_t_m2c": [-233.01947021484375, 62.333072662353516, 1057.4554443359375], "obj_id": 3}, {"cam_R_m2c": [0.12043491005897522, 0.9790738224983215, -0.16404232382774353, 0.8487335443496704, -0.01583847776055336, 0.5285834670066833, 0.5149240493774414, -0.2028881162405014, -0.8328802585601807], "cam_t_m2c": [100.62712097167969, 517.2586669921875, 931.3067016601562], "obj_id": 0}, {"cam_R_m2c": [0.5899807214736938, 0.8053774833679199, 0.05735737830400467, 0.7205575108528137, -0.5572344064712524, 0.41265812516212463, 0.3643070459365845, -0.20213106274604797, -0.9090782999992371], "cam_t_m2c": [233.8544158935547, 353.56671142578125, 878.1175537109375], "obj_id": 2}, {"cam_R_m2c": [0.2608794569969177, -0.4741472005844116, 0.8409079909324646, -0.2926632761955261, 0.791234016418457, 0.5369329452514648, -0.9199402332305908, -0.3861776292324066, 0.06765123456716537], "cam_t_m2c": [-31.0766658782959, 247.9742889404297, 954.2662353515625], "obj_id": 1}],
  "14": [{"cam_R_m2c": [0.0008424071711488068, -0.5408692359924316, 0.8411062955856323, 0.038141295313835144, -0.8404771685600281, -0.5405029058456421, 0.9992719888687134, 0.03253621235489845, 0.01992141455411911], "cam_t_m2c": [215.80792236328125, 249.05270385742188, 943.773681640625], "obj_id": 2}, {"cam_R_m2c": [0.5021272301673889, 0.8392268419265747, 0.20872612297534943, -0.789476215839386, 0.5433584451675415, -0.2854626178741455, -0.35298100113868713, -0.021445760503411293, 0.9353846907615662], "cam_t_m2c": [-45.303321838378906, 330.5762023925781, 942.154296875], "obj_id": 1}, {"cam_R_m2c": [-0.551017701625824, 0.8023951649665833, 0.2292192131280899, -0.7261279821395874, -0.5963842272758484, 0.34214600920677185, 0.41123902797698975, 0.02208603173494339, 0.9112599492073059], "cam_t_m2c": [-17.323503494262695, 327.1913146972656, 959.0988159179688], "obj_id": 1}, {"cam_R_m2c": [0.0825616717338562, 0.24014969170093536, -0.9672185182571411, -0.35329174995422363, -0.9004481434822083, -0.25372830033302307, -0.9318629503250122, 0.3626585602760315, 0.010500399395823479], "cam_t_m2c": [9.850055694580078, 331.660400390625, 938.4673461914062], "obj_id": 0}, {"cam_R_m2c": [0.3897339403629303, 0.0008432621252723038, -0.9209271669387817, -0.9202699661254883, 0.03813920542597771, -0.3894209861755371, 0.034795112907886505, 0.9992721676826477, 0.015640126541256905], "cam_t_m2c": [-233.01947021484375, 62.333072662353516, 1057.4554443359375], "obj_id": 3}, {"cam_R_m2c": [0.12043491005897522, 0.9790738224983215, -0.16404232382774353, 0.8487335443496704, -0.01583847776055336, 0.5285834670066833, 0.5149240493774414, -0.2028881162405014, -0.8328802585601807], "cam_t_m2c": [100.62712097167969, 517.2586669921875, 931.3067016601562], "obj_id": 0}, {"cam_R_m2c": [0.5899807214736938, 0.8053774833679199, 0.05735737830400467, 0.7205575108528137, -0.5572344064712524, 0.41265812516212463, 0.3643070459365845, -0.20213106274604797, -0.9090782999992371], "cam_t_m2c": [233.8544158935547, 353.56671142578125, 878.1175537109375], "obj_id": 2}, {"cam_R_m2c": [0.2608794569969177, -0.4741472005844116, 0.8409079909324646, -0.2926632761955261, 0.791234016418457, 0.5369329452514648, -0.9199402332305908, -0.3861776292324066, 0.06765123456716537], "cam_t_m2c": [-31.0766658782959, 247.9742889404297, 954.2662353515625], "obj_id": 1}]
}