{
  "0": [{"cam_R_m2c": [0.9731709957122803, 0.21986284852027893, -0.06781243532896042, 0.07143373787403107, -0.5688846707344055, -0.8193091750144958, -0.21871310472488403, 0.7924838662147522, -0.5693276524543762], "cam_t_m2c": [-77.84838104248047, 83.31806945800781, 292.41558837890625], "obj_id": 2}, {"cam_R_m2c": [0.9731709957122803, 0.21986284852027893, -0.06781243532896042, 0.07143373787403107, -0.5688846707344055, -0.8193091750144958, -0.21871310472488403, 0.7924838662147522, -0.5693276524543762], "cam_t_m2c": [-77.84838104248047, 83.31806945800781, 292.41558837890625], "obj_id": 1}, {"cam_R_m2c": [0.9731709957122803, 0.21986284852027893, -0.06781243532896042, 0.07143373787403107, -0.5688846707344055, -0.8193091750144958, -0.21871310472488403, 0.7924838662147522, -0.5693276524543762], "cam_t_m2c": [-77.84838104248047, 83.31806945800781, 292.41558837890625], "obj_id": 3}, {"cam_R_m2c": [0.9731709957122803, 0.21986284852027893, -0.06781243532896042, 0.07143373787403107, -0.5688846707344055, -0.8193091750144958, -0.21871310472488403, 0.7924838662147522, -0.5693276524543762], "cam_t_m2c": [-77.84838104248047, 83.31806945800781, 292.41558837890625], "obj_id": 2}, {"cam_R_m2c": [0.9731709957122803, 0.21986284852027893, -0.06781243532896042, 0.07143373787403107, -0.5688846707344055, -0.8193091750144958, -0.21871310472488403, 0.7924838662147522, -0.5693276524543762], "cam_t_m2c": [-77.84838104248047, 83.31806945800781, 292.41558837890625], "obj_id": 0}, {"cam_R_m2c": [0.9731709957122803, 0.21986284852027893, -0.06781243532896042, 0.07143373787403107, -0.5688846707344055, -0.8193091750144958, -0.21871310472488403, 0.7924838662147522, -0.5693276524543762], "cam_t_m2c": [-77.84838104248047, 83.31806945800781, 292.41558837890625], "obj_id": 3}, {"cam_R_m2c": [0.9731709957122803, 0.21986284852027893, -0.06781243532896042, 0.07143373787403107, -0.5688846707344055, -0.8193091750144958, -0.21871310472488403, 0.7924838662147522, -0.5693276524543762], "cam_t_m2c": [-77.84838104248047, 83.31806945800781, 292.41558837890625], "obj_id": 3}, {"cam_R_m2c": [0.9731709957122803, 0.21986284852027893, -0.06781243532896042, 0.07143373787403107, -0.5688846707344055, -0.8193091750144958, -0.21871310472488403, 0.7924838662147522, -0.5693276524543762], "cam_t_m2c": [-77.84838104248047, 83.31806945800781, 292.41558837890625], "obj_id": 3}, {"cam_R_m2c": [0.9731709957122803, 0.21986284852027893, -0.06781243532896042, 0.07143373787403107, -0.5688846707344055, -0.8193091750144958, -0.21871310472488403, 0.7924838662147522, -0.5693276524543762], "cam_t_m2c": [-77.84838104248047, 83.31806945800781, 292.41558837890625], "obj_id": 1}, {"cam_R_m2c": [0.9731709957122803, 0.21986284852027893, -0.06781243532896042, 0.07143373787403107, -0.5688846707344055, -0.8193091750144958, -0.21871310472488403, 0.7924838662147522, -0.5693276524543762], "cam_t_m2c": [-77.84838104248047, 83.31806945800781, 292.41558837890625], "obj_id": 1}, {"cam_R_m2c": [0.9731709957122803, 0.21986284852027893, -0.06781243532896042, 0.07143373787403107, -0.5688846707344055, -0.8193091750144958, -0.21871310472488403, 0.7924838662147522, -0.5693276524543762], "cam_t_m2c": [-77.84838104248047, 83.31806945800781, 292.41558837890625], "obj_id": 2}, {"cam_R_m2c": [0.9731709957122803, 0.21986284852027893, -0.06781243532896042, 0.07143373787403107, -0.5688846707344055, -0.8193091750144958, -0.21871310472488403, 0.7924838662147522, -0.5693276524543762], "cam_t_m2c": [-77.84838104248047, 83.31806945800781, 292.41558837890625], "obj_id": 3}, {"cam_R_m2c": [0.9731709957122803, 0.21986284852027893, -0.06781243532896042, 0.07143373787403107, -0.5688846707344055, -0.8193091750144958, -0.21871310472488403, 0.7924838662147522, -0.5693276524543762], "cam_t_m2c": [-77.84838104248047, 83.31806945800781, 292.41558837890625], "obj_id": 2}, {"cam_R_m2c": [0.9731709957122803, 0.21986284852027893, -0.06781243532896042, 0.07143373787403107, -0.5688846707344055, -0.8193091750144958, -0.21871310472488403, 0.7924838662147522, -0.5693276524543762], "cam_t_m2c": [-77.84838104248047, 83.31806945800781, 292.41558837890625], "obj_id": 1}, {"cam_R_m2c": [0.9731709957122803, 0.21986284852027893, -0.06781243532896042, 0.07143373787403107, -0.5688846707344055, -0.8193091750144958, -0.21871310472488403, 0.7924838662147522, -0.5693276524543762], "cam_t_m2c": [-77.84838104248047, 83.31806945800781, 292.41558837890625], "obj_id": 1}, {"cam_R_m2c": [0.9731709957122803, 0.21986284852027893, -0.06781243532896042, 0.07143373787403107, -0.5688846707344055, -0.8193091750144958, -0.21871310472488403, 0.7924838662147522, -0.5693276524543762], "cam_t_m2c": [-77.84838104248047, 83.31806945800781, 292.41558837890625], "obj_id": 3}, {"cam_R_m2c": [0.9731709957122803, 0.21986284852027893, -0.06781243532896042, 0.07143373787403107, -0.5688846707344055, -0.8193091750144958, -0.21871310472488403, 0.7924838662147522, -0.5693276524543762], "cam_t_m2c": [-77.84838104248047, 83.31806945800781, 292.41558837890625], "obj_id": 3}, {"cam_R_m2c": [0.9731709957122803, 0.21986284852027893, -0.06781243532896042, 0.07143373787403107, -0.5688846707344055, -0.8193091750144958, -0.21871310472488403, 0.7924838662147522, -0.5693276524543762], "cam_t_m2c": [-77.84838104248047, 83.31806945800781, 292.41558837890625], "obj_id": 3}, {"cam_R_m2c": [0.9731709957122803, 0.21986284852027893, -0.06781243532896042, 0.07143373787403107, -0.5688846707344055, -0.8193091750144958, -0.21871310472488403, 0.7924838662147522, -0.5693276524543762], "cam_t_m2c": [-77.84838104248047, 83.31806945800781, 292.41558837890625], "obj_id": 1}, {"cam_R_m2c": [0.9731709957122803, 0.21986284852027893, -0.06781243532896042, 0.07143373787403107, -0.5688846707344055, -0.8193091750144958, -0.21871310472488403, 0.7924838662147522, -0.5693276524543762], "cam_t_m2c": [-77.84838104248047, 83.31806945800781, 292.41558837890625], "obj_id": 0}, {"cam_R_m2c": [0.9731709957122803, 0.21986284852027893, -0.06781243532896042, 0.07143373787403107, -0.5688846707344055, -0.8193091750144958, -0.21871310472488403, 0.7924838662147522, -0.5693276524543762], "cam_t_m2c": [-77.84838104248047, 83.31806945800781, 292.41558837890625], "obj_id": 1}, {"cam_R_m2c": [0.9731709957122803, 0.21986284852027893, -0.06781243532896042, 0.07143373787403107, -0.5688846707344055, -0.8193091750144958, -0.21871310472488403, 0.7924838662147522, -0.5693276524543762], "cam_t_m2c": [-77.84838104248047, 83.31806945800781, 292.41558837890625], "obj_id": 1}, {"cam_R_m2c": [0.9731709957122803, 0.21986284852027893, -0.06781243532896042, 0.07143373787403107, -0.5688846707344055, -0.8193091750144958, -0.21871310472488403, 0.7924838662147522, -0.5693276524543762], "cam_t_m2c": [-77.84838104248047, 83.31806945800781, 292.41558837890625], "obj_id": 1}, {"cam_R_m2c": [0.9731709957122803, 0.21986284852027893, -0.06781243532896042, 0.07143373787403107, -0.5688846707344055, -0.8193091750144958, -0.21871310472488403, 0.7924838662147522, -0.5693276524543762], "cam_t_m2c": [-77.84838104248047, 83.31806945800781, 292.41558837890625], "obj_id": 3}, {"cam_R_m2c": [0.05816931650042534, -0.043749913573265076, 0.9973475933074951, 0.7978257536888123, -0.5984781980514526, -0.0727853775024414, 0.6000752449035645, 0.7999435067176819, 9.180886263493448e-05], "cam_t_m2c": [-182.18638610839844, 94.83439636230469, 200.44740295410156], "obj_id": 0}, {"cam_R_m2c": [-0.16578011214733124, -0.34282854199409485, -0.9246543049812317, -0.9838564991950989, -0.006590213160961866, 0.17883780598640442, -0.0674043670296669, 0.9393748641014099, -0.33620157837867737], "cam_t_m2c": [-117.83548736572266, 16.107576370239258, 406.5030822753906], "obj_id": 0}, {"cam_R_m2c": [-0.9643511772155762, 0.028843428939580917, 0.26304930448532104, -0.25752556324005127, -0.3310149312019348, -0.9078049063682556, 0.06088903546333313, -0.9431846141815186, 0.3266425132751465], "cam_t_m2c": [565.5296020507812, 6680.447265625, 4713.30517578125], "obj_id": 0}, {"cam_R_m2c": [0.29272589087486267, 0.9011340141296387, -0.3197951912879944, -0.810157060623169, 0.05609166622161865, -0.5835229754447937, -0.5078946352005005, 0.42989662289619446, 0.7464796900749207], "cam_t_m2c": [-162.736572265625, -9.724233627319336, 348.59918212890625], "obj_id": 2}, {"cam_R_m2c": [0.9842210412025452, 0.13747836649417877, -0.11139395087957382, 0.0555427111685276, 0.357684850692749, 0.9321890473365784, 0.1679997593164444, -0.9236671924591064, 0.34440505504608154], "cam_t_m2c": [71.33281707763672, 111.2845687866211, 146.57765197753906], "obj_id": 3}, {"cam_R_m2c": [0.9898326992988586, -0.12944091856479645, -0.05896010622382164, 0.12524132430553436, 0.9896470308303833, -0.07009578496217728, 0.06742295622825623, 0.06199885904788971, 0.9957963228225708], "cam_t_m2c": [-27.031118392944336, -35.24993896484375, 369.1689758300781], "obj_id": 3}, {"cam_R_m2c": [-0.7259267568588257, -0.6872195601463318, -0.027560044080018997, 0.25107941031455994, -0.3021012842655182, 0.919616162776947, -0.6403041481971741, 0.6606542468070984, 0.39185014367103577], "cam_t_m2c": [99.30160522460938, -0.29810982942581177, 303.82293701171875], "obj_id": 3}, {"cam_R_m2c": [0.9843680262565613, 0.17041298747062683, -0.04448637738823891, -0.09183086454868317, 0.7121410369873047, 0.6960044503211975, 0.15028877556324005, -0.6810393333435059, 0.7166580557823181], "cam_t_m2c": [-5.6854095458984375, 224.9137725830078, 114.67561340332031], "obj_id": 1}]
}