{
  "0": [{"cam_R_m2c": [0.7021189332008362, 0.5957949757575989, -0.38994523882865906, 0.6788719296455383, -0.39485716819763184, 0.6190482378005981, 0.21485315263271332, -0.6993683576583862, -0.6817051768302917], "cam_t_m2c": [293.41888427734375, -159.58807373046875, 1061.4212646484375], "obj_id": 0}, {"cam_R_m2c": [0.23131880164146423, -0.4561600089073181, 0.859307587146759, 0.3018465042114258, 0.8733265399932861, 0.3823472261428833, -0.9248676896095276, 0.17093491554260254, 0.3397071659564972], "cam_t_m2c": [-161.75721740722656, 136.15704345703125, 1132.549072265625], "obj_id": 3}, {"cam_R_m2c": [0.988709568977356, 0.12322253733873367, 0.08526179939508438, 0.13710694015026093, -0.5143656134605408, -0.8465397953987122, -0.06045704334974289, 0.8486719727516174, -0.5254529118537903], "cam_t_m2c": [232.58982849121094, -212.2581787109375, 1252.3826904296875], "obj_id": 1}, {"cam_R_m2c": [-0.405208021402359, -0.8393212556838989, 0.36241698265075684, -0.06105688586831093, 0.4203799068927765, 0.9052914977073669, -0.9121832847595215, 0.34470340609550476, -0.22158761322498322], "cam_t_m2c": [-76.69556427001953, 196.1943817138672, 1018.041259765625], "obj_id": 1}, {"cam_R_m2c": [-0.08504056185483932, 0.6685333847999573, 0.7388039827346802, 0.4093772768974304, -0.6525698900222778, 0.6376228928565979, 0.9083933234214783, 0.35667333006858826, -0.21818754076957703], "cam_t_m2c": [179.84336853027344, -53.54182052612305, 1224.118408203125], "obj_id": 1}, {"cam_R_m2c": [-0.5426992774009705, 0.720433235168457, 0.4318026006221771, -0.7549556493759155, -0.1930779069662094, -0.6267080307006836, -0.36812976002693176, -0.6661058068275452, 0.6486783623695374], "cam_t_m2c": [410.037841796875, -221.54632568359375, 1184.99951171875], "obj_id": 0}, {"cam_R_m2c": [0.1148715615272522, 0.476498007774353, -0.8716387748718262, -0.3191404640674591, -0.8132303357124329, -0.48662683367729187, -0.9407198429107666, 0.33407479524612427, 0.05865281820297241], "cam_t_m2c": [97.92774963378906, -113.52696990966797, 1189.124755859375], "obj_id": 1}, {"cam_R_m2c": [0.995888352394104, -0.057602956891059875, -0.06991613656282425, -0.09053318947553635, -0.6599534749984741, -0.7458316087722778, -0.003179298248142004, 0.7490947842597961, -0.6624549627304077], "cam_t_m2c": [183.17359924316406, -85.16973876953125, 1015.156982421875], "obj_id": 1}],
  "1": [{"cam_R_m2c": [0.7021189332008362, 0.5957949757575989, -0.38994523882865906, 0.6788719296455383, -0.39485716819763184, 0.6190482378005981, 0.21485315263271332, -0.6993683576583862, -0.6817051768302917], "cam_t_m2c": [293.41888427734375, -159.58807373046875, 1061.4212646484375], "obj_id": 0}, {"cam_R_m2c": [0.23131880164146423, -0.4561600089073181, 0.859307587146759, 0.3018465042114258, 0.8733265399932861, 0.3823472261428833, -0.9248676896095276, 0.17093491554260254, 0.3397071659564972], "cam_t_m2c": [-161.75721740722656, 136.15704345703125, 1132.549072265625], "obj_id": 3}, {"cam_R_m2c": [0.988709568977356, 0.12322253733873367, 0.08526179939508438, 0.13710694015026093, -0.5143656134605408, -0.8465397953987122, -0.06045704334974289, 0.8486719727516174, -0.5254529118537903], "cam_t_m2c": [232.58982849121094, -212.2581787109375, 1252.3826904296875], "obj_id": 1}, {"cam_R_m2c": [-0.405208021402359, -0.8393212556838989, 0.36241698265075684, -0.06105688586831093, 0.4203799068927765, 0.9052914977073669, -0.9121832847595215, 0.34470340609550476, -0.22158761322498322], "cam_t_m2c": [-76.69556427001953, 196.1943817138672, 1018.041259765625], "obj_id": 1}, {"cam_R_m2c": [-0.08504056185483932, 0.6685333847999573, 0.7388039827346802, 0.4093772768974304, -0.6525698900222778, 0.6376228928565979, 0.9083933234214783, 0.35667333006858826, -0.21818754076957703], "cam_t_m2c": [179.84336853027344, -53.54182052612305, 1224.118408203125], "obj_id": 1}, {"cam_R_m2c": [-0.5426992774009705, 0.720433235168457, 0.4318026006221771, -0.7549556493759155, -0.1930779069662094, -0.6267080307006836, -0.36812976002693176, -0.6661058068275452, 0.6486783623695374], "cam_t_m2c": [410.037841796875, -221.54632568359375, 1184.99951171875], "obj_id": 0}, {"cam_R_m2c": [0.1148715615272522, 0.476498007774353, -0.8716387748718262, -0.3191404640674591, -0.8132303357124329, -0.48662683367729187, -0.9407198429107666, 0.33407479524612427, 0.05865281820297241], "cam_t_m2c": [97.92774963378906, -113.52696990966797, 1189.124755859375], "obj_id": 1}, {"cam_R_m2c": [0.995888352394104, -0.057602956891059875, -0.06991613656282425, -0.09053318947553635, -0.6599534749984741, -0.7458316087722778, -0.003179298248142004, 0.7490947842597961, -0.6624549627304077], "cam_t_m2c": [183.17359924316406, -85.16973876953125, 1015.156982421875], "obj_id": 1}],
  "2": [{"cam_R_m2c": [0.7021189332008362, 0.5957949757575989, -0.38994523882865906, 0.6788719296455383, -0.39485716819763184, 0.6190482378005981, 0.21485315263271332, -0.6993683576583862, -0.6817051768302917], "cam_t_m2c": [293.41888427734375, -159.58807373046875, 1061.4212646484375], "obj_id": 0}, {"cam_R_m2c": [0.23131880164146423, -0.4561600089073181, 0.859307587146759, 0.3018465042114258, 0.8733265399932861, 0.3823472261428833, -0.9248676896095276, 0.17093491554260254, 0.3397071659564972], "cam_t_m2c": [-161.75721740722656, 136.15704345703125, 1132.549072265625], "obj_id": 3}, {"cam_R_m2c": [0.988709568977356, 0.12322253733873367, 0.08526179939508438, 0.13710694015026093, -0.5143656134605408, -0.8465397953987122, -0.06045704334974289, 0.8486719727516174, -0.5254529118537903], "cam_t_m2c": [232.58982849121094, -212.2581787109375, 1252.3826904296875], "obj_id": 1}, {"cam_R_m2c": [-0.405208021402359, -0.8393212556838989, 0.36241698265075684, -0.06105688586831093, 0.4203799068927765, 0.9052914977073669, -0.9121832847595215, 0.34470340609550476, -0.22158761322498322], "cam_t_m2c": [-76.69556427001953, 196.1943817138672, 1018.041259765625], "obj_id": 1}, {"cam_R_m2c": [-0.08504056185483932, 0.6685333847999573, 0.7388039827346802, 0.4093772768974304, -0.6525698900222778, 0.6376228928565979, 0.9083933234214783, 0.35667333006858826, -0.21818754076957703], "cam_t_m2c": [179.84336853027344, -53.54182052612305, 1224.118408203125], "obj_id": 1}, {"cam_R_m2c": [-0.5426992774009705, 0.720433235168457, 0.4318026006221771, -0.7549556493759155, -0.1930779069662094, -0.6267080307006836, -0.36812976002693176, -0.6661058068275452, 0.6486783623695374], "cam_t_m2c": [410.037841796875, -221.54632568359375, 1184.99951171875], "obj_id": 0}, {"cam_R_m2c": [0.1148715615272522, 0.476498007774353, -0.8716387748718262, -0.3191404640674591, -0.8132303357124329, -0.48662683367729187, -0.9407198429107666, 0.33407479524612427, 0.05865281820297241], "cam_t_m2c": [97.92774963378906, -113.52696990966797, 1189.124755859375], "obj_id": 1}, {"cam_R_m2c": [0.995888352394104, -0.057602956891059875, -0.06991613656282425, -0.09053318947553635, -0.6599534749984741, -0.7458316087722778, -0.003179298248142004, 0.7490947842597961, -0.6624549627304077], "cam_t_m2c": [183.17359924316406, -85.16973876953125, 1015.156982421875], "obj_id": 1}],
  "3": [{"cam_R_m2c": [0.7021189332008362, 0.5957949757575989, -0.38994523882865906, 0.6788719296455383, -0.39485716819763184, 0.6190482378005981, 0.21485315263271332, -0.6993683576583862, -0.6817051768302917], "cam_t_m2c": [293.41888427734375, -159.58807373046875, 1061.4212646484375], "obj_id": 0}, {"cam_R_m2c": [0.23131880164146423, -0.4561600089073181, 0.859307587146759, 0.3018465042114258, 0.8733265399932861, 0.3823472261428833, -0.9248676896095276, 0.17093491554260254, 0.3397071659564972], "cam_t_m2c": [-161.75721740722656, 136.15704345703125, 1132.549072265625], "obj_id": 3}, {"cam_R_m2c": [0.988709568977356, 0.12322253733873367, 0.08526179939508438, 0.13710694015026093, -0.5143656134605408, -0.8465397953987122, -0.06045704334974289, 0.8486719727516174, -0.5254529118537903], "cam_t_m2c": [232.58982849121094, -212.2581787109375, 1252.3826904296875], "obj_id": 1}, {"cam_R_m2c": [-0.405208021402359, -0.8393212556838989, 0.36241698265075684, -0.06105688586831093, 0.4203799068927765, 0.9052914977073669, -0.9121832847595215, 0.34470340609550476, -0.22158761322498322], "cam_t_m2c": [-76.69556427001953, 196.1943817138672, 1018.041259765625], "obj_id": 1}, {"cam_R_m2c": [-0.08504056185483932, 0.6685333847999573, 0.7388039827346802, 0.4093772768974304, -0.6525698900222778, 0.6376228928565979, 0.9083933234214783, 0.35667333006858826, -0.21818754076957703], "cam_t_m2c": [179.84336853027344, -53.54182052612305, 1224.118408203125], "obj_id": 1}, {"cam_R_m2c": [-0.5426992774009705, 0.720433235168457, 0.4318026006221771, -0.7549556493759155, -0.1930779069662094, -0.6267080307006836, -0.36812976002693176, -0.6661058068275452, 0.6486783623695374], "cam_t_m2c": [410.037841796875, -221.54632568359375, 1184.99951171875], "obj_id": 0}, {"cam_R_m2c": [0.1148715615272522, 0.476498007774353, -0.8716387748718262, -0.3191404640674591, -0.8132303357124329, -0.48662683367729187, -0.9407198429107666, 0.33407479524612427, 0.05865281820297241], "cam_t_m2c": [97.92774963378906, -113.52696990966797, 1189.124755859375], "obj_id": 1}, {"cam_R_m2c": [0.995888352394104, -0.057602956891059875, -0.06991613656282425, -0.09053318947553635, -0.6599534749984741, -0.7458316087722778, -0.003179298248142004, 0.7490947842597961, -0.6624549627304077], "cam_t_m2c": [183.17359924316406, -85.16973876953125, 1015.156982421875], "obj_id": 1}],
  "4": [{"cam_R_m2c": [0.7021189332008362, 0.5957949757575989, -0.38994523882865906, 0.6788719296455383, -0.39485716819763184, 0.6190482378005981, 0.21485315263271332, -0.6993683576583862, -0.6817051768302917], "cam_t_m2c": [293.41888427734375, -159.58807373046875, 1061.4212646484375], "obj_id": 0}, {"cam_R_m2c": [0.23131880164146423, -0.4561600089073181, 0.859307587146759, 0.3018465042114258, 0.8733265399932861, 0.3823472261428833, -0.9248676896095276, 0.17093491554260254, 0.3397071659564972], "cam_t_m2c": [-161.75721740722656, 136.15704345703125, 1132.549072265625], "obj_id": 3}, {"cam_R_m2c": [0.988709568977356, 0.12322253733873367, 0.08526179939508438, 0.13710694015026093, -0.5143656134605408, -0.8465397953987122, -0.06045704334974289, 0.8486719727516174, -0.5254529118537903], "cam_t_m2c": [232.58982849121094, -212.2581787109375, 1252.3826904296875], "obj_id": 1}, {"cam_R_m2c": [-0.405208021402359, -0.8393212556838989, 0.36241698265075684, -0.06105688586831093, 0.4203799068927765, 0.9052914977073669, -0.9121832847595215, 0.34470340609550476, -0.22158761322498322], "cam_t_m2c": [-76.69556427001953, 196.1943817138672, 1018.041259765625], "obj_id": 1}, {"cam_R_m2c": [-0.08504056185483932, 0.6685333847999573, 0.7388039827346802, 0.4093772768974304, -0.6525698900222778, 0.6376228928565979, 0.9083933234214783, 0.35667333006858826, -0.21818754076957703], "cam_t_m2c": [179.84336853027344, -53.54182052612305, 1224.118408203125], "obj_id": 1}, {"cam_R_m2c": [-0.5426992774009705, 0.720433235168457, 0.4318026006221771, -0.7549556493759155, -0.1930779069662094, -0.6267080307006836, -0.36812976002693176, -0.6661058068275452, 0.6486783623695374], "cam_t_m2c": [410.037841796875, -221.54632568359375, 1184.99951171875], "obj_id": 0}, {"cam_R_m2c": [0.1148715615272522, 0.476498007774353, -0.8716387748718262, -0.3191404640674591, -0.8132303357124329, -0.48662683367729187, -0.9407198429107666, 0.33407479524612427, 0.05865281820297241], "cam_t_m2c": [97.92774963378906, -113.52696990966797, 1189.124755859375], "obj_id": 1}, {"cam_R_m2c": [0.995888352394104, -0.057602956891059875, -0.06991613656282425, -0.09053318947553635, -0.6599534749984741, -0.7458316087722778, -0.003179298248142004, 0.7490947842597961, -0.6624549627304077], "cam_t_m2c": [183.17359924316406, -85.16973876953125, 1015.156982421875], "obj_id": 1}]
}