{
  "0": [{"cam_R_m2c": [0.961442768573761, 0.2718011736869812, -0.04185662791132927, 0.12464987486600876, -0.566379964351654, -0.8146630525588989, -0.2451331466436386, 0.7780344486236572, -0.5784218907356262], "cam_t_m2c": [-80.50650024414062, 2.0038044452667236, 607.6643676757812], "obj_id": 1}, {"cam_R_m2c": [0.961442768573761, 0.2718011736869812, -0.04185662791132927, 0.12464987486600876, -0.566379964351654, -0.8146630525588989, -0.2451331466436386, 0.7780344486236572, -0.5784218907356262], "cam_t_m2c": [-80.50650024414062, 2.0038044452667236, 607.6643676757812], "obj_id": 0}, {"cam_R_m2c": [0.961442768573761, 0.2718011736869812, -0.04185662791132927, 0.12464987486600876, -0.566379964351654, -0.8146630525588989, -0.2451331466436386, 0.7780344486236572, -0.5784218907356262], "cam_t_m2c": [-80.50650024414062, 2.0038044452667236, 607.6643676757812], "obj_id": 0}, {"cam_R_m2c": [0.961442768573761, 0.2718011736869812, -0.04185662791132927, 0.12464987486600876, -0.566379964351654, -0.8146630525588989, -0.2451331466436386, 0.7780344486236572, -0.5784218907356262], "cam_t_m2c": [-80.50650024414062, 2.0038044452667236, 607.6643676757812], "obj_id": 3}, {"cam_R_m2c": [0.961442768573761, 0.2718011736869812, -0.04185662791132927, 0.12464987486600876, -0.566379964351654, -0.8146630525588989, -0.2451331466436386, 0.7780344486236572, -0.5784218907356262], "cam_t_m2c": [-80.50650024414062, 2.0038044452667236, 607.6643676757812], "obj_id": 2}, {"cam_R_m2c": [0.961442768573761, 0.2718011736869812, -0.04185662791132927, 0.12464987486600876, -0.566379964351654, -0.8146630525588989, -0.2451331466436386, 0.7780344486236572, -0.5784218907356262], "cam_t_m2c": [-80.50650024414062, 2.0038044452667236, 607.6643676757812], "obj_id": 0}, {"cam_R_m2c": [0.961442768573761, 0.2718011736869812, -0.04185662791132927, 0.12464987486600876, -0.566379964351654, -0.8146630525588989, -0.2451331466436386, 0.7780344486236572, -0.5784218907356262], "cam_t_m2c": [-80.50650024414062, 2.0038044452667236, 607.6643676757812], "obj_id": 3}, {"cam_R_m2c": [0.961442768573761, 0.2718011736869812, -0.04185662791132927, 0.12464987486600876, -0.566379964351654, -0.8146630525588989, -0.2451331466436386, 0.7780344486236572, -0.5784218907356262], "cam_t_m2c": [-80.50650024414062, 2.0038044452667236, 607.6643676757812], "obj_id": 2}, {"cam_R_m2c": [0.961442768573761, 0.2718011736869812, -0.04185662791132927, 0.12464987486600876, -0.566379964351654, -0.8146630525588989, -0.2451331466436386, 0.7780344486236572, -0.5784218907356262], "cam_t_m2c": [-80.50650024414062, 2.0038044452667236, 607.6643676757812], "obj_id": 0}, {"cam_R_m2c": [0.961442768573761, 0.2718011736869812, -0.04185662791132927, 0.12464987486600876, -0.566379964351654, -0.8146630525588989, -0.2451331466436386, 0.7780344486236572, -0.5784218907356262], "cam_t_m2c": [-80.50650024414062, 2.0038044452667236, 607.6643676757812], "obj_id": 0}, {"cam_R_m2c": [0.961442768573761, 0.2718011736869812, -0.04185662791132927, 0.12464987486600876, -0.566379964351654, -0.8146630525588989, -0.2451331466436386, 0.7780344486236572, -0.5784218907356262], "cam_t_m2c": [-80.50650024414062, 2.0038044452667236, 607.6643676757812], "obj_id": 0}, {"cam_R_m2c": [0.961442768573761, 0.2718011736869812, -0.04185662791132927, 0.12464987486600876, -0.566379964351654, -0.8146630525588989, -0.2451331466436386, 0.7780344486236572, -0.5784218907356262], "cam_t_m2c": [-80.50650024414062, 2.0038044452667236, 607.6643676757812], "obj_id": 0}, {"cam_R_m2c": [0.961442768573761, 0.2718011736869812, -0.04185662791132927, 0.12464987486600876, -0.566379964351654, -0.8146630525588989, -0.2451331466436386, 0.7780344486236572, -0.5784218907356262], "cam_t_m2c": [-80.50650024414062, 2.0038044452667236, 607.6643676757812], "obj_id": 2}, {"cam_R_m2c": [0.961442768573761, 0.2718011736869812, -0.04185662791132927, 0.12464987486600876, -0.566379964351654, -0.8146630525588989, -0.2451331466436386, 0.7780344486236572, -0.5784218907356262], "cam_t_m2c": [-80.50650024414062, 2.0038044452667236, 607.6643676757812], "obj_id": 1}, {"cam_R_m2c": [0.961442768573761, 0.2718011736869812, -0.04185662791132927, 0.12464987486600876, -0.566379964351654, -0.8146630525588989, -0.2451331466436386, 0.7780344486236572, -0.5784218907356262], "cam_t_m2c": [-80.50650024414062, 2.0038044452667236, 607.6643676757812], "obj_id": 1}, {"cam_R_m2c": [0.961442768573761, 0.2718011736869812, -0.04185662791132927, 0.12464987486600876, -0.566379964351654, -0.8146630525588989, -0.2451331466436386, 0.7780344486236572, -0.5784218907356262], "cam_t_m2c": [-80.50650024414062, 2.0038044452667236, 607.6643676757812], "obj_id": 3}, {"cam_R_m2c": [0.961442768573761, 0.2718011736869812, -0.04185662791132927, 0.12464987486600876, -0.566379964351654, -0.8146630525588989, -0.2451331466436386, 0.7780344486236572, -0.5784218907356262], "cam_t_m2c": [-80.50650024414062, 2.0038044452667236, 607.6643676757812], "obj_id": 1}, {"cam_R_m2c": [0.961442768573761, 0.2718011736869812, -0.04185662791132927, 0.12464987486600876, -0.566379964351654, -0.8146630525588989, -0.2451331466436386, 0.7780344486236572, -0.5784218907356262], "cam_t_m2c": [-80.50650024414062, 2.0038044452667236, 607.6643676757812], "obj_id": 2}, {"cam_R_m2c": [0.961442768573761, 0.2718011736869812, -0.04185662791132927, 0.12464987486600876, -0.566379964351654, -0.8146630525588989, -0.2451331466436386, 0.7780344486236572, -0.5784218907356262], "cam_t_m2c": [-80.50650024414062, 2.0038044452667236, 607.6643676757812], "obj_id": 0}, {"cam_R_m2c": [0.961442768573761, 0.2718011736869812, -0.04185662791132927, 0.12464987486600876, -0.566379964351654, -0.8146630525588989, -0.2451331466436386, 0.7780344486236572, -0.5784218907356262], "cam_t_m2c": [-80.50650024414062, 2.0038044452667236, 607.6643676757812], "obj_id": 3}, {"cam_R_m2c": [0.961442768573761, 0.2718011736869812, -0.04185662791132927, 0.12464987486600876, -0.566379964351654, -0.8146630525588989, -0.2451331466436386, 0.7780344486236572, -0.5784218907356262], "cam_t_m2c": [-80.50650024414062, 2.0038044452667236, 607.6643676757812], "obj_id": 0}, {"cam_R_m2c": [0.961442768573761, 0.2718011736869812, -0.04185662791132927, 0.12464987486600876, -0.566379964351654, -0.8146630525588989, -0.2451331466436386, 0.7780344486236572, -0.5784218907356262], "cam_t_m2c": [-80.50650024414062, 2.0038044452667236, 607.6643676757812], "obj_id": 3}, {"cam_R_m2c": [0.961442768573761, 0.2718011736869812, -0.04185662791132927, 0.12464987486600876, -0.566379964351654, -0.8146630525588989, -0.2451331466436386, 0.7780344486236572, -0.5784218907356262], "cam_t_m2c": [-80.50650024414062, 2.0038044452667236, 607.6643676757812], "obj_id": 1}, {"cam_R_m2c": [0.961442768573761, 0.2718011736869812, -0.04185662791132927, 0.12464987486600876, -0.566379964351654, -0.8146630525588989, -0.2451331466436386, 0.7780344486236572, -0.5784218907356262], "cam_t_m2c": [-80.50650024414062, 2.0038044452667236, 607.6643676757812], "obj_id": 0}, {"cam_R_m2c": [0.5032445788383484, 0.8073750138282776, -0.3080430328845978, -0.061627596616744995, 0.3890959918498993, 0.9191334843635559, 0.8619437217712402, -0.4435649812221527, 0.24556702375411987], "cam_t_m2c": [134.3296661376953, -101.80677032470703, 651.8851928710938], "obj_id": 3}, {"cam_R_m2c": [0.17736749351024628, 0.8242425918579102, 0.5377405285835266, 0.8800079822540283, 0.11179264634847641, -0.4616148769855499, -0.4405980706214905, 0.5550914406776428, -0.7055116891860962], "cam_t_m2c": [-117.57173919677734, 34.18965148925781, 478.5731201171875], "obj_id": 3}, {"cam_R_m2c": [-0.42926841974258423, -0.8212863206863403, -0.37578895688056946, -0.5479079484939575, 0.5675700306892395, -0.6145413517951965, 0.7180009484291077, -0.05790545418858528, -0.6936292052268982], "cam_t_m2c": [28.034942626953125, -70.9717025756836, 616.1482543945312], "obj_id": 0}, {"cam_R_m2c": [-0.10988645255565643, 0.9912150502204895, 0.0736035406589508, -0.8096150159835815, -0.04630472511053085, -0.5851317644119263, -0.5765832662582397, -0.12388864159584045, 0.8075910210609436], "cam_t_m2c": [-387.2020263671875, -106.42295837402344, 696.1266479492188], "obj_id": 1}, {"cam_R_m2c": [-0.007690835744142532, 0.2130313217639923, 0.9770150184631348, -0.6557629704475403, 0.7365449070930481, -0.16576051712036133, -0.7549275755882263, -0.6419651508331299, 0.1340334266424179], "cam_t_m2c": [58.09595489501953, -89.57384490966797, 640.172607421875], "obj_id": 0}, {"cam_R_m2c": [0.09061069786548615, 0.6019623279571533, 0.7933669090270996, -0.6806626319885254, 0.6189635396003723, -0.39189612865448, -0.7269718647003174, -0.5045052170753479, 0.46581798791885376], "cam_t_m2c": [-277.13421630859375, -217.44126892089844, 844.5225830078125], "obj_id": 0}, {"cam_R_m2c": [-0.05317358300089836, -0.9971222281455994, 0.054036300629377365, -0.5001193284988403, 0.07342894375324249, 0.8628377318382263, -0.8643224239349365, 0.018855538219213486, -0.5025846362113953], "cam_t_m2c": [-193.4394989013672, 59.483619689941406, 448.4385681152344], "obj_id": 1}, {"cam_R_m2c": [0.9007954001426697, 0.3973347544670105, 0.17519353330135345, 0.37703266739845276, -0.9157986640930176, 0.13841508328914642, 0.21543917059898376, -0.058629974722862244, -0.9747554063796997], "cam_t_m2c": [-19.81166648864746, -20.371747970581055, 548.3444213867188], "obj_id": 3}],
  "1": [{"cam_R_m2c": [-0.8529470562934875, 0.5174831748008728, -0.06850194185972214, 0.318269819021225, 0.4115414619445801, -0.8540128469467163, -0.4137458801269531, -0.7502298355102539, -0.5157223343849182], "cam_t_m2c": [84.84391784667969, -3.3081376552581787, 532.1924438476562], "obj_id": 1}, {"cam_R_m2c": [-0.8529470562934875, 0.5174831748008728, -0.06850194185972214, 0.318269819021225, 0.4115414619445801, -0.8540128469467163, -0.4137458801269531, -0.7502298355102539, -0.5157223343849182], "cam_t_m2c": [84.84391784667969, -3.3081376552581787, 532.1924438476562], "obj_id": 0}, {"cam_R_m2c": [-0.8529470562934875, 0.5174831748008728, -0.06850194185972214, 0.318269819021225, 0.4115414619445801, -0.8540128469467163, -0.4137458801269531, -0.7502298355102539, -0.5157223343849182], "cam_t_m2c": [84.84391784667969, -3.3081376552581787, 532.1924438476562], "obj_id": 0}, {"cam_R_m2c": [-0.8529470562934875, 0.5174831748008728, -0.06850194185972214, 0.318269819021225, 0.4115414619445801, -0.8540128469467163, -0.4137458801269531, -0.7502298355102539, -0.5157223343849182], "cam_t_m2c": [84.84391784667969, -3.3081376552581787, 532.1924438476562], "obj_id": 3}, {"cam_R_m2c": [-0.8529470562934875, 0.5174831748008728, -0.06850194185972214, 0.318269819021225, 0.4115414619445801, -0.8540128469467163, -0.4137458801269531, -0.7502298355102539, -0.5157223343849182], "cam_t_m2c": [84.84391784667969, -3.3081376552581787, 532.1924438476562], "obj_id": 2}, {"cam_R_m2c": [-0.8529470562934875, 0.5174831748008728, -0.06850194185972214, 0.318269819021225, 0.4115414619445801, -0.8540128469467163, -0.4137458801269531, -0.7502298355102539, -0.5157223343849182], "cam_t_m2c": [84.84391784667969, -3.3081376552581787, 532.1924438476562], "obj_id": 0}, {"cam_R_m2c": [-0.8529470562934875, 0.5174831748008728, -0.06850194185972214, 0.318269819021225, 0.4115414619445801, -0.8540128469467163, -0.4137458801269531, -0.7502298355102539, -0.5157223343849182], "cam_t_m2c": [84.84391784667969, -3.3081376552581787, 532.1924438476562], "obj_id": 3}, {"cam_R_m2c": [-0.8529470562934875, 0.5174831748008728, -0.06850194185972214, 0.318269819021225, 0.4115414619445801, -0.8540128469467163, -0.4137458801269531, -0.7502298355102539, -0.5157223343849182], "cam_t_m2c": [84.84391784667969, -3.3081376552581787, 532.1924438476562], "obj_id": 2}, {"cam_R_m2c": [-0.8529470562934875, 0.5174831748008728, -0.06850194185972214, 0.318269819021225, 0.4115414619445801, -0.8540128469467163, -0.4137458801269531, -0.7502298355102539, -0.5157223343849182], "cam_t_m2c": [84.84391784667969, -3.3081376552581787, 532.1924438476562], "obj_id": 0}, {"cam_R_m2c": [-0.8529470562934875, 0.5174831748008728, -0.06850194185972214, 0.318269819021225, 0.4115414619445801, -0.8540128469467163, -0.4137458801269531, -0.7502298355102539, -0.5157223343849182], "cam_t_m2c": [84.84391784667969, -3.3081376552581787, 532.1924438476562], "obj_id": 0}, {"cam_R_m2c": [-0.8529470562934875, 0.5174831748008728, -0.06850194185972214, 0.318269819021225, 0.4115414619445801, -0.8540128469467163, -0.4137458801269531, -0.7502298355102539, -0.5157223343849182], "cam_t_m2c": [84.84391784667969, -3.3081376552581787, 532.1924438476562], "obj_id": 0}, {"cam_R_m2c": [-0.8529470562934875, 0.5174831748008728, -0.06850194185972214, 0.318269819021225, 0.4115414619445801, -0.8540128469467163, -0.4137458801269531, -0.7502298355102539, -0.5157223343849182], "cam_t_m2c": [84.84391784667969, -3.3081376552581787, 532.1924438476562], "obj_id": 0}, {"cam_R_m2c": [-0.8529470562934875, 0.5174831748008728, -0.06850194185972214, 0.318269819021225, 0.4115414619445801, -0.8540128469467163, -0.4137458801269531, -0.7502298355102539, -0.5157223343849182], "cam_t_m2c": [84.84391784667969, -3.3081376552581787, 532.1924438476562], "obj_id": 2}, {"cam_R_m2c": [-0.8529470562934875, 0.5174831748008728, -0.06850194185972214, 0.318269819021225, 0.4115414619445801, -0.8540128469467163, -0.4137458801269531, -0.7502298355102539, -0.5157223343849182], "cam_t_m2c": [84.84391784667969, -3.3081376552581787, 532.1924438476562], "obj_id": 1}, {"cam_R_m2c": [-0.8529470562934875, 0.5174831748008728, -0.06850194185972214, 0.318269819021225, 0.4115414619445801, -0.8540128469467163, -0.4137458801269531, -0.7502298355102539, -0.5157223343849182], "cam_t_m2c": [84.84391784667969, -3.3081376552581787, 532.1924438476562], "obj_id": 1}, {"cam_R_m2c": [-0.8529470562934875, 0.5174831748008728, -0.06850194185972214, 0.318269819021225, 0.4115414619445801, -0.8540128469467163, -0.4137458801269531, -0.7502298355102539, -0.5157223343849182], "cam_t_m2c": [84.84391784667969, -3.3081376552581787, 532.1924438476562], "obj_id": 3}, {"cam_R_m2c": [-0.8529470562934875, 0.5174831748008728, -0.06850194185972214, 0.318269819021225, 0.4115414619445801, -0.8540128469467163, -0.4137458801269531, -0.7502298355102539, -0.5157223343849182], "cam_t_m2c": [84.84391784667969, -3.3081376552581787, 532.1924438476562], "obj_id": 1}, {"cam_R_m2c": [-0.8529470562934875, 0.5174831748008728, -0.06850194185972214, 0.318269819021225, 0.4115414619445801, -0.8540128469467163, -0.4137458801269531, -0.7502298355102539, -0.5157223343849182], "cam_t_m2c": [84.84391784667969, -3.3081376552581787, 532.1924438476562], "obj_id": 2}, {"cam_R_m2c": [-0.8529470562934875, 0.5174831748008728, -0.06850194185972214, 0.318269819021225, 0.4115414619445801, -0.8540128469467163, -0.4137458801269531, -0.7502298355102539, -0.5157223343849182], "cam_t_m2c": [84.84391784667969, -3.3081376552581787, 532.1924438476562], "obj_id": 0}, {"cam_R_m2c": [-0.8529470562934875, 0.5174831748008728, -0.06850194185972214, 0.318269819021225, 0.4115414619445801, -0.8540128469467163, -0.4137458801269531, -0.7502298355102539, -0.5157223343849182], "cam_t_m2c": [84.84391784667969, -3.3081376552581787, 532.1924438476562], "obj_id": 3}, {"cam_R_m2c": [-0.8529470562934875, 0.5174831748008728, -0.06850194185972214, 0.318269819021225, 0.4115414619445801, -0.8540128469467163, -0.4137458801269531, -0.7502298355102539, -0.5157223343849182], "cam_t_m2c": [84.84391784667969, -3.3081376552581787, 532.1924438476562], "obj_id": 0}, {"cam_R_m2c": [-0.8529470562934875, 0.5174831748008728, -0.06850194185972214, 0.318269819021225, 0.4115414619445801, -0.8540128469467163, -0.4137458801269531, -0.7502298355102539, -0.5157223343849182], "cam_t_m2c": [84.84391784667969, -3.3081376552581787, 532.1924438476562], "obj_id": 3}, {"cam_R_m2c": [-0.8529470562934875, 0.5174831748008728, -0.06850194185972214, 0.318269819021225, 0.4115414619445801, -0.8540128469467163, -0.4137458801269531, -0.7502298355102539, -0.5157223343849182], "cam_t_m2c": [84.84391784667969, -3.3081376552581787, 532.1924438476562], "obj_id": 1}, {"cam_R_m2c": [-0.8529470562934875, 0.5174831748008728, -0.06850194185972214, 0.318269819021225, 0.4115414619445801, -0.8540128469467163, -0.4137458801269531, -0.7502298355102539, -0.5157223343849182], "cam_t_m2c": [84.84391784667969, -3.3081376552581787, 532.1924438476562], "obj_id": 0}, {"cam_R_m2c": [0.24211901426315308, -0.9688235521316528, 0.052528511732816696, 0.8318398594856262, 0.2351435124874115, 0.5027422904968262, -0.4994203448295593, -0.0780281275510788, 0.862838864326477], "cam_t_m2c": [3.9709155559539795, 74.54956817626953, 317.0543212890625], "obj_id": 3}, {"cam_R_m2c": [-0.7093460559844971, -0.2344987988471985, -0.664709210395813, 0.19814817607402802, 0.8386663794517517, -0.5073224306106567, 0.6764357686042786, -0.4915781021118164, -0.5484391450881958], "cam_t_m2c": [14.779976844787598, -98.98463439941406, 602.9833984375], "obj_id": 3}, {"cam_R_m2c": [0.9463361501693726, 0.3228970766067505, 0.013615783303976059, 0.05861976370215416, -0.13006456196308136, -0.9897710680961609, -0.31782329082489014, 0.9374542832374573, -0.14201295375823975], "cam_t_m2c": [42.011924743652344, 15.515120506286621, 409.7598571777344], "obj_id": 0}, {"cam_R_m2c": [-0.02301381714642048, -0.735378086566925, 0.6772660613059998, -0.8809820413589478, 0.33515608310699463, 0.33397746086120605, -0.47258952260017395, -0.5889731645584106, -0.6555681228637695], "cam_t_m2c": [387.2097473144531, -131.76834106445312, 607.802978515625], "obj_id": 1}, {"cam_R_m2c": [-0.26117852330207825, -0.8153353929519653, -0.5167336463928223, -0.888632595539093, -0.005975568201392889, 0.4585806131362915, -0.37698492407798767, 0.5789578557014465, -0.7229728698730469], "cam_t_m2c": [43.7140007019043, 37.492347717285156, 373.14044189453125], "obj_id": 0}, {"cam_R_m2c": [-0.30091947317123413, -0.9485296010971069, -0.09868614375591278, -0.8359705805778503, 0.21257275342941284, 0.5059307813644409, -0.45891234278678894, 0.2347431778907776, -0.8569101095199585], "cam_t_m2c": [447.5455627441406, -28.3653564453125, 428.55804443359375], "obj_id": 0}, {"cam_R_m2c": [-0.3551396131515503, 0.6616435050964355, -0.6603814363479614, -0.9116128087043762, -0.4015309810638428, 0.08794832974672318, -0.20697318017482758, 0.633246123790741, 0.745762288570404], "cam_t_m2c": [37.78889083862305, -142.8765106201172, 672.6101684570312], "obj_id": 1}, {"cam_R_m2c": [-0.5986529588699341, 0.00767362117767334, -0.8009717464447021, 0.7565885782241821, -0.3229498267173767, -0.5685746073722839, -0.26303672790527344, -0.9463849663734436, 0.18752910196781158], "cam_t_m2c": [12.83304500579834, -30.685108184814453, 490.1410827636719], "obj_id": 3}]
}