{
  "0": [{"cam_R_m2c": [0.9651271104812622, -0.1093030646443367, -0.23787066340446472, -0.22974877059459686, 0.08188275992870331, -0.969799280166626, 0.1254795342683792, 0.9906300902366638, 0.053915027529001236], "cam_t_m2c": [-19.81471824645996, 17.78908920288086, 800.8668212890625], "obj_id": 3}, {"cam_R_m2c": [0.12818336486816406, -0.9473086595535278, -0.29355594515800476, -0.2955523431301117, -0.31903642416000366, 0.9004799723625183, -0.9466876983642578, -0.02866530977189541, -0.32087433338165283], "cam_t_m2c": [-286.9765319824219, 16.01535415649414, 1026.2606201171875], "obj_id": 3}, {"cam_R_m2c": [-0.11929398775100708, -0.7386730909347534, -0.6634236574172974, 0.4250873625278473, -0.6418539881706238, 0.6382194757461548, -0.8972567319869995, -0.20587724447250366, 0.3905699849128723], "cam_t_m2c": [-30.450908660888672, -8.379922866821289, 855.448486328125], "obj_id": 0}, {"cam_R_m2c": [-0.7890956401824951, 0.5645557045936584, 0.242084339261055, 0.08782719820737839, 0.4937439560890198, -0.8651608228683472, -0.6079591512680054, -0.6614331007003784, -0.43919453024864197], "cam_t_m2c": [-267.4401550292969, 102.69781494140625, 801.1809692382812], "obj_id": 0}],
  "1": [{"cam_R_m2c": [-0.985084056854248, 0.09186423569917679, 0.14550073444843292, 0.14840573072433472, 0.8815401196479797, 0.44817712903022766, -0.087093286216259, 0.46308526396751404, -0.8820242881774902], "cam_t_m2c": [21.877328872680664, -24.93343162536621, 1027.25341796875], "obj_id": 3}, {"cam_R_m2c": [-0.13156037032604218, 0.9140579700469971, 0.38365352153778076, -0.7576823234558105, 0.15684163570404053, -0.6334969401359558, -0.6392257213592529, -0.3740305006504059, 0.6719313263893127], "cam_t_m2c": [282.0628356933594, 198.2509002685547, 1095.8179931640625], "obj_id": 3}, {"cam_R_m2c": [0.18038037419319153, 0.680836021900177, 0.7098770141601562, -0.9833908677101135, 0.11005619168281555, 0.14432668685913086, 0.020136399194598198, -0.7241201996803284, 0.6893797516822815], "cam_t_m2c": [28.688213348388672, 35.95987319946289, 1024.36572265625], "obj_id": 0}, {"cam_R_m2c": [0.8086499571800232, -0.4997834861278534, -0.3103250563144684, -0.544623851776123, -0.8354350328445435, -0.07370761036872864, -0.2224186360836029, 0.22861410677433014, -0.9477685689926147], "cam_t_m2c": [276.2370300292969, -43.88976287841797, 1086.26611328125], "obj_id": 0}]
}