{
  "0": [{"cam_R_m2c": [0.059002410620450974, 0.06462550908327103, 0.9961638450622559, 0.4691374599933624, 0.8790429830551147, -0.08481423556804657, -0.8811520338058472, 0.47234198451042175, 0.021547405049204826], "cam_t_m2c": [-44.644893646240234, -148.79664611816406, 1019.3638916015625], "obj_id": 3}, {"cam_R_m2c": [0.9660468697547913, -0.08862657099962234, 0.24269062280654907, -0.09050610661506653, -0.9958901405334473, -0.0034165915567427874, 0.24199597537517548, -0.018664395436644554, -0.9700977802276611], "cam_t_m2c": [-148.84075927734375, -357.1290588378906, 1207.0579833984375], "obj_id": 3}, {"cam_R_m2c": [0.2327786237001419, -0.735610842704773, -0.6361531615257263, 0.889290988445282, -0.10378030687570572, 0.4454113841056824, -0.39366957545280457, -0.6694074869155884, 0.630014181137085], "cam_t_m2c": [-328.54534912109375, -280.96038818359375, 1130.488037109375], "obj_id": 3}, {"cam_R_m2c": [0.5264068245887756, -0.2544521689414978, 0.8112643957138062, -0.2582313120365143, -0.9569419026374817, -0.13258469104766846, 0.8100693821907043, -0.13970039784908295, -0.5694482922554016], "cam_t_m2c": [-90.0902099609375, -351.71905517578125, 1214.037109375], "obj_id": 3}, {"cam_R_m2c": [-0.875941276550293, 0.4718810021877289, 0.10027541220188141, -0.48090630769729614, -0.8376842737197876, -0.2588708996772766, -0.03815712779760361, -0.2749788165092468, 0.960692822933197], "cam_t_m2c": [31.116840362548828, -274.6018371582031, 1237.666259765625], "obj_id": 3}, {"cam_R_m2c": [-0.9303160309791565, 0.26865720748901367, -0.24967069923877716, -0.06077110394835472, -0.7842568159103394, -0.6174529790878296, -0.36168915033340454, -0.5592536330223083, 0.7459332346916199], "cam_t_m2c": [-75.51995086669922, -38.991371154785156, 1147.247802734375], "obj_id": 3}, {"cam_R_m2c": [-0.17229916155338287, 0.8735095262527466, -0.4552953839302063, 0.9845805764198303, 0.1385338008403778, -0.1068141832947731, -0.03022945299744606, -0.46667906641960144, -0.8839097619056702], "cam_t_m2c": [-140.55177307128906, -0.3567100465297699, 1054.2174072265625], "obj_id": 3}, {"cam_R_m2c": [0.03286904841661453, -0.6993257999420166, -0.7140468955039978, 0.8473406434059143, 0.39837491512298584, -0.351157009601593, 0.5300315022468567, -0.5934988260269165, 0.6056613922119141], "cam_t_m2c": [-45.47684860229492, -108.63848114013672, 1004.755615234375], "obj_id": 3}, {"cam_R_m2c": [0.3580661118030548, 0.9308851361274719, 0.0723985955119133, -0.04184816777706146, -0.061461713165044785, 0.9972317814826965, 0.9327579736709595, -0.36010465025901794, 0.016948461532592773], "cam_t_m2c": [-124.1385726928711, -427.9803161621094, 1201.110107421875], "obj_id": 3}, {"cam_R_m2c": [0.4817560911178589, -0.8482373952865601, -0.2200101912021637, -0.48075276613235474, -0.045922428369522095, -0.8756529688835144, 0.7326581478118896, 0.5276216864585876, -0.4299159049987793], "cam_t_m2c": [-172.9961395263672, -291.4908142089844, 1199.9993896484375], "obj_id": 3}, {"cam_R_m2c": [-0.7594531178474426, -0.024305783212184906, 0.650107741355896, -0.2563779950141907, -0.9072495698928833, -0.3334192931652069, 0.5979140400886536, -0.4198896586894989, 0.6827821731567383], "cam_t_m2c": [-344.58868408203125, -64.54063415527344, 1173.2069091796875], "obj_id": 3}, {"cam_R_m2c": [-0.40531405806541443, 0.641977846622467, -0.6508340239524841, 0.8115794062614441, -0.07500791549682617, -0.5794072151184082, -0.4207842946052551, -0.7630453705787659, -0.49061423540115356], "cam_t_m2c": [-131.7198944091797, -56.36213684082031, 1132.525146484375], "obj_id": 3}, {"cam_R_m2c": [0.9306308627128601, 0.018222356215119362, -0.3655053377151489, 0.3560023605823517, -0.2764703035354614, 0.892651379108429, -0.08478516340255737, -0.9608496427536011, -0.2637789845466614], "cam_t_m2c": [-79.48394775390625, 18.222888946533203, 968.8773193359375], "obj_id": 3}, {"cam_R_m2c": [-0.2969794273376465, -0.4782681465148926, -0.8264759182929993, 0.5928086638450623, 0.5861881971359253, -0.5522328615188599, 0.7485858201980591, -0.6539440751075745, 0.1094357967376709], "cam_t_m2c": [-26.466835021972656, -18.778488159179688, 924.6063232421875], "obj_id": 3}, {"cam_R_m2c": [0.13026733696460724, -0.9841229915618896, -0.12054956704378128, -0.17616373300552368, -0.14262478053569794, 0.9739734530448914, -0.9757031202316284, -0.10564035177230835, -0.19194602966308594], "cam_t_m2c": [-252.53945922851562, -48.48094940185547, 1154.9158935546875], "obj_id": 3}, {"cam_R_m2c": [0.828981876373291, -0.44509148597717285, 0.3386482894420624, -0.2002350091934204, -0.8015755414962769, -0.5633670687675476, 0.5222020745277405, 0.3992118239402771, -0.7536144852638245], "cam_t_m2c": [-143.972900390625, -53.01655960083008, 1272.8135986328125], "obj_id": 3}, {"cam_R_m2c": [0.9994789958000183, -0.008589698001742363, -0.031111298128962517, 0.030790815129876137, -0.03521287441253662, 0.9989053010940552, -0.00967581756412983, -0.9993427991867065, -0.034930042922496796], "cam_t_m2c": [-237.57699584960938, -364.21392822265625, 1059.3302001953125], "obj_id": 3}, {"cam_R_m2c": [-0.19140490889549255, -0.5151857733726501, -0.8354327082633972, -0.5294527411460876, 0.7709073424339294, -0.35409268736839294, 0.8264647126197815, 0.3745470345020294, -0.4203219711780548], "cam_t_m2c": [-154.91876220703125, -59.100250244140625, 994.2843017578125], "obj_id": 3}, {"cam_R_m2c": [-0.010183414444327354, -0.9698007702827454, -0.24368567764759064, -0.8425962328910828, -0.12290371209383011, 0.5243340134620667, -0.5384494662284851, 0.2106681764125824, -0.8158988356590271], "cam_t_m2c": [-273.0303649902344, -414.39398193359375, 1171.483642578125], "obj_id": 3}, {"cam_R_m2c": [-0.5927337408065796, -0.5908805727958679, 0.5472902655601501, 0.025011347606778145, -0.6927039623260498, -0.7207880616188049, 0.8050099015235901, -0.41354700922966003, 0.42536792159080505], "cam_t_m2c": [-253.25262451171875, -327.73956298828125, 905.7227783203125], "obj_id": 3}, {"cam_R_m2c": [-0.4731486439704895, -0.6546947956085205, -0.5894955992698669, 0.4898882508277893, 0.36061760783195496, -0.793703019618988, 0.7322157025337219, -0.6643264889717102, 0.15010157227516174], "cam_t_m2c": [12.39062213897705, -411.5498962402344, 1194.67529296875], "obj_id": 3}, {"cam_R_m2c": [-0.8210697770118713, -0.42336174845695496, 0.382895827293396, -0.5127559304237366, 0.25223520398139954, -0.8206453323364258, 0.25085005164146423, -0.8701391816139221, -0.4241839349269867], "cam_t_m2c": [-304.30242919921875, -210.9306182861328, 994.6304321289062], "obj_id": 3}, {"cam_R_m2c": [0.502708375453949, 0.279230535030365, 0.8181164264678955, -0.6616158485412598, -0.4848277270793915, 0.5720194578170776, 0.5563709735870361, -0.8288378119468689, -0.05898352339863777], "cam_t_m2c": [-151.52369689941406, 26.348154067993164, 1029.578125], "obj_id": 3}, {"cam_R_m2c": [-0.46825700998306274, -0.503608763217926, -0.7260258793830872, -0.8618028163909912, 0.4416550099849701, 0.249472975730896, 0.19501619040966034, 0.7425086498260498, -0.6408194899559021], "cam_t_m2c": [-80.7080307006836, 12.257916450500488, 1087.5614013671875], "obj_id": 3}, {"cam_R_m2c": [-0.9003671407699585, -0.4216395616531372, -0.10751347988843918, -0.4300253093242645, 0.82447350025177, 0.36786097288131714, -0.06646272540092468, 0.37744343280792236, -0.9236445426940918], "cam_t_m2c": [-130.24185180664062, -26.626121520996094, 1000.3125610351562], "obj_id": 3}, {"cam_R_m2c": [-0.7428584694862366, -0.565677285194397, 0.3580092489719391, -0.6694475412368774, 0.626761257648468, -0.39876100420951843, 0.00118370505515486, -0.5358913540840149, -0.8442862033843994], "cam_t_m2c": [-5.941139221191406, -371.54766845703125, 1043.22900390625], "obj_id": 3}, {"cam_R_m2c": [0.0036039080005139112, -0.28651830554008484, 0.9580680131912231, -0.6818776726722717, -0.7014991044998169, -0.20722423493862152, 0.7314573526382446, -0.6525383591651917, -0.19789858162403107], "cam_t_m2c": [-238.057861328125, -175.0517120361328, 976.7105102539062], "obj_id": 3}, {"cam_R_m2c": [-0.8050404191017151, -0.5082836747169495, 0.3058713972568512, -0.19872745871543884, -0.2547457218170166, -0.9463676810264587, 0.5589427947998047, -0.8226494193077087, 0.10407086461782455], "cam_t_m2c": [-370.6619567871094, -362.01556396484375, 1080.1572265625], "obj_id": 3}, {"cam_R_m2c": [0.8740541934967041, -0.2714473605155945, 0.4029213488101959, -0.48582813143730164, -0.489286333322525, 0.7242719531059265, 0.0005422126851044595, -0.8288034200668335, -0.5595394968986511], "cam_t_m2c": [-381.55194091796875, -21.746726989746094, 1155.161865234375], "obj_id": 1}, {"cam_R_m2c": [-0.7084342837333679, -0.44190117716789246, -0.550312876701355, 0.5552507042884827, -0.8302929401397705, -0.048065751791000366, -0.4356805682182312, -0.33961302042007446, 0.8335738778114319], "cam_t_m2c": [-19.41022300720215, -270.0343017578125, 1170.820068359375], "obj_id": 1}, {"cam_R_m2c": [-0.3318774104118347, 0.8044472336769104, 0.49266836047172546, 0.777460515499115, -0.06252525746822357, 0.6258161067962646, 0.5342402458190918, 0.5907244086265564, -0.6046752333641052], "cam_t_m2c": [-86.07757568359375, -108.43213653564453, 963.2176513671875], "obj_id": 1}, {"cam_R_m2c": [-0.0753655731678009, -0.7647798657417297, -0.6398684978485107, -0.9590417742729187, -0.12012405693531036, 0.25653278827667236, -0.27305474877357483, 0.6329943537712097, -0.7244026064872742], "cam_t_m2c": [11.151999473571777, -377.029052734375, 1130.758544921875], "obj_id": 1}, {"cam_R_m2c": [-0.057845909148454666, -0.3447650372982025, 0.9369049072265625, 0.017798496410250664, 0.9379711151123047, 0.3462562561035156, -0.9981667995452881, 0.03670502081513405, -0.04812148958444595], "cam_t_m2c": [-362.0337219238281, 0.6792256832122803, 1105.1085205078125], "obj_id": 1}, {"cam_R_m2c": [-0.6161011457443237, 0.3241424858570099, -0.7178794741630554, -0.48691171407699585, -0.873131275177002, 0.023636188358068466, -0.6191415786743164, 0.3641062080860138, 0.695766031742096], "cam_t_m2c": [-387.572998046875, -212.0575408935547, 932.6123657226562], "obj_id": 1}, {"cam_R_m2c": [0.9941864609718323, 0.047081246972084045, -0.09683282673358917, 0.0943712517619133, 0.05196598172187805, 0.9941798448562622, 0.05183923617005348, -0.9975383877754211, 0.04722076281905174], "cam_t_m2c": [-312.4099426269531, 25.42387580871582, 1009.552001953125], "obj_id": 1}, {"cam_R_m2c": [0.8282085657119751, 0.3920840322971344, -0.40042558312416077, -0.1856323778629303, 0.8661049604415894, 0.4641151428222656, 0.5287827253341675, -0.31005218625068665, 0.790099024772644], "cam_t_m2c": [-172.70791625976562, -291.01092529296875, 1218.4771728515625], "obj_id": 1}, {"cam_R_m2c": [0.19116082787513733, 0.39198037981987, -0.8998938202857971, -0.7140389084815979, 0.684601902961731, 0.14652201533317566, 0.6735027432441711, 0.6145499348640442, 0.4107583165168762], "cam_t_m2c": [-259.7731628417969, -313.6330261230469, 1125.916259765625], "obj_id": 1}, {"cam_R_m2c": [-0.8109756708145142, -0.009295380674302578, -0.5850059390068054, -0.23573023080825806, 0.9203184247016907, 0.31216225028038025, 0.535490095615387, 0.39105960726737976, -0.7485470175743103], "cam_t_m2c": [-389.1642150878906, -36.223873138427734, 1120.9605712890625], "obj_id": 1}, {"cam_R_m2c": [0.13439910113811493, -0.4011084735393524, 0.90611732006073, 0.4026200771331787, -0.8134292364120483, -0.41979679465293884, 0.9054466485977173, 0.4212413430213928, 0.05217047408223152], "cam_t_m2c": [-18.677377700805664, -192.83126831054688, 1011.6399536132812], "obj_id": 1}, {"cam_R_m2c": [-0.6260082721710205, 0.7770670056343079, -0.06542613357305527, 0.5937650799751282, 0.42058348655700684, -0.6859683394432068, -0.5055262446403503, -0.46826961636543274, -0.7246840000152588], "cam_t_m2c": [-114.17098999023438, -113.80110168457031, 1243.835205078125], "obj_id": 1}, {"cam_R_m2c": [-0.04971297085285187, -0.9878697991371155, 0.14711105823516846, 0.39914587140083313, 0.11536900699138641, 0.9096001386642456, -0.9155386686325073, 0.1039377897977829, 0.3885689377784729], "cam_t_m2c": [-393.8428955078125, 18.13917350769043, 991.7120361328125], "obj_id": 1}, {"cam_R_m2c": [0.10361302644014359, -0.6652528047561646, -0.7393937110900879, 0.9771866798400879, -0.07047870755195618, 0.2003471553325653, -0.18539302051067352, -0.7432842254638672, 0.6427736282348633], "cam_t_m2c": [-316.6606140136719, -403.7271728515625, 1123.0728759765625], "obj_id": 1}, {"cam_R_m2c": [-0.9261427521705627, -0.20328186452388763, 0.3177049160003662, -0.024322915822267532, -0.8083884119987488, -0.588146984577179, 0.3763885200023651, -0.5524354577064514, 0.7437383532524109], "cam_t_m2c": [-54.69693374633789, -12.643678665161133, 1157.2403564453125], "obj_id": 1}, {"cam_R_m2c": [-0.21948261559009552, -0.8629014492034912, -0.45522341132164, 0.8776174783706665, 0.029191937297582626, -0.4784717857837677, 0.42616283893585205, -0.5045283436775208, 0.7508903741836548], "cam_t_m2c": [-47.931297302246094, -147.3238525390625, 1193.9287109375], "obj_id": 1}, {"cam_R_m2c": [-0.9052153825759888, 0.41350793838500977, -0.0979606956243515, 0.36033931374549866, 0.6247116923332214, -0.6927415728569031, -0.22525693476200104, -0.6623793840408325, -0.7145017981529236], "cam_t_m2c": [-134.36471557617188, -73.34471893310547, 983.3358764648438], "obj_id": 1}, {"cam_R_m2c": [0.9753654599189758, 0.07174750417470932, -0.20860137045383453, 0.19852149486541748, 0.12682679295539856, 0.9718559980392456, 0.09618448466062546, -0.9893266558647156, 0.1094590425491333], "cam_t_m2c": [-171.85137939453125, -12.252774238586426, 1156.3504638671875], "obj_id": 1}, {"cam_R_m2c": [-0.7113643288612366, 0.33755290508270264, -0.6164566278457642, -0.6979817152023315, -0.23652449250221252, 0.6759272217750549, 0.08235408365726471, 0.9111059904098511, 0.4038608968257904], "cam_t_m2c": [-61.47510528564453, -98.40919494628906, 1134.80615234375], "obj_id": 1}, {"cam_R_m2c": [0.9572933316230774, 0.11599184572696686, -0.2648307979106903, 0.09975457936525345, -0.9922560453414917, -0.0740065723657608, -0.27136412262916565, 0.044427916407585144, -0.9614508152008057], "cam_t_m2c": [-164.2462921142578, -429.8592834472656, 1211.98291015625], "obj_id": 1}, {"cam_R_m2c": [-0.07699280977249146, 0.9842247366905212, 0.15929143130779266, -0.9792948961257935, -0.044650379568338394, -0.19745352864265442, -0.18722623586654663, -0.17119577527046204, 0.9672840237617493], "cam_t_m2c": [-330.81732177734375, -263.96160888671875, 1083.267822265625], "obj_id": 1}, {"cam_R_m2c": [-0.03987741842865944, 0.8008613586425781, 0.5975204706192017, 0.7158660888671875, -0.39429500699043274, 0.5762525200843811, 0.6970977783203125, 0.45072418451309204, -0.5575860142707825], "cam_t_m2c": [-170.52053833007812, -201.7501220703125, 1017.8048706054688], "obj_id": 1}, {"cam_R_m2c": [-0.7417925596237183, 0.45663008093833923, -0.49115464091300964, 0.19647371768951416, 0.8482173681259155, 0.4918590486049652, 0.6412035822868347, 0.26835837960243225, -0.718917191028595], "cam_t_m2c": [-280.307373046875, -310.95074462890625, 1233.1905517578125], "obj_id": 1}, {"cam_R_m2c": [-0.5939850807189941, -0.2921900451183319, 0.7495375871658325, -0.7826634645462036, -0.005601184442639351, -0.6224198341369629, 0.18606321513652802, -0.9563438296318054, -0.22535941004753113], "cam_t_m2c": [-102.36065673828125, -351.7768249511719, 1168.5711669921875], "obj_id": 1}, {"cam_R_m2c": [0.1771032065153122, 0.9344514608383179, 0.3089252710342407, -0.25989288091659546, -0.25834181904792786, 0.9304380416870117, 0.9492576122283936, -0.24507097899913788, 0.19710421562194824], "cam_t_m2c": [-293.8392333984375, -295.49267578125, 1284.532958984375], "obj_id": 1}, {"cam_R_m2c": [-0.7623361945152283, 0.08614019304513931, 0.6414229869842529, -0.35612350702285767, 0.7717241644859314, -0.5268945693969727, -0.5403884649276733, -0.6300965547561646, -0.5576367378234863], "cam_t_m2c": [-301.3846130371094, -289.66436767578125, 1215.2237548828125], "obj_id": 1}, {"cam_R_m2c": [-0.6467130184173584, 0.7313054203987122, 0.21668954193592072, -0.7479540705680847, -0.5523959398269653, -0.3679989278316498, -0.14942118525505066, -0.40006357431411743, 0.9042247533798218], "cam_t_m2c": [-120.55313873291016, -54.50786590576172, 1101.5684814453125], "obj_id": 1}, {"cam_R_m2c": [0.9350618720054626, 0.01941128820180893, 0.3539525866508484, 0.34983229637145996, -0.21176740527153015, -0.9125633239746094, 0.05724162235856056, 0.977127194404602, -0.20480632781982422], "cam_t_m2c": [-263.1377868652344, -155.85609436035156, 938.0780639648438], "obj_id": 1}, {"cam_R_m2c": [-0.5650739073753357, -0.7218946218490601, -0.3994492292404175, -0.39955049753189087, -0.18415352702140808, 0.8980239033699036, -0.7218385934829712, 0.6670500040054321, -0.18437305092811584], "cam_t_m2c": [-162.35829162597656, -226.8076171875, 907.8590087890625], "obj_id": 1}, {"cam_R_m2c": [-0.4945788085460663, 0.26387402415275574, -0.8281077742576599, -0.8227282762527466, 0.1650291383266449, 0.5439519286155701, 0.2801967263221741, 0.9503346681594849, 0.13547658920288086], "cam_t_m2c": [-277.1502685546875, -240.11941528320312, 1110.554443359375], "obj_id": 1}, {"cam_R_m2c": [-0.4178358316421509, -0.27796417474746704, -0.8649561405181885, 0.7500642538070679, -0.6427575349807739, -0.15577684342861176, -0.5126566886901855, -0.7138618230819702, 0.477058082818985], "cam_t_m2c": [-181.11444091796875, -363.1913757324219, 1046.27685546875], "obj_id": 1}, {"cam_R_m2c": [0.4379861652851105, -0.8844092488288879, 0.16120918095111847, 0.07975175231695175, -0.14039170742034912, -0.9868788123130798, 0.8954371809959412, 0.4450959265232086, 0.009043586440384388], "cam_t_m2c": [-34.46257400512695, -106.0539321899414, 1183.05419921875], "obj_id": 1}, {"cam_R_m2c": [0.7422332167625427, 0.06833747774362564, -0.6666482090950012, -0.038870327174663544, 0.9975023865699768, 0.05897555500268936, 0.6690133810043335, -0.017860783264040947, 0.7430356740951538], "cam_t_m2c": [-126.08088684082031, -113.57923889160156, 1282.9263916015625], "obj_id": 1}, {"cam_R_m2c": [-0.5029663443565369, -0.4603642523288727, -0.731498122215271, 0.4028327167034149, 0.6239340901374817, -0.669650673866272, 0.7646898031234741, -0.6314831972122192, -0.12836803495883942], "cam_t_m2c": [-129.21517944335938, -84.8133544921875, 999.132080078125], "obj_id": 1}, {"cam_R_m2c": [-0.37941551208496094, 0.8947516083717346, 0.23550643026828766, 0.1315661072731018, 0.30412811040878296, -0.9435021877288818, -0.9158242344856262, -0.32699477672576904, -0.23310986161231995], "cam_t_m2c": [-83.08206176757812, -328.3517761230469, 1030.728515625], "obj_id": 1}, {"cam_R_m2c": [-0.318549245595932, 0.9294628500938416, -0.18607841432094574, 0.9136558771133423, 0.35335737466812134, 0.2009265422821045, 0.25250592827796936, -0.10600663721561432, -0.9617708921432495], "cam_t_m2c": [-344.054931640625, -345.388427734375, 1121.5853271484375], "obj_id": 1}, {"cam_R_m2c": [-0.9063569903373718, -0.2686898410320282, 0.32607123255729675, -0.3026864528656006, 0.951359212398529, -0.05741531401872635, -0.29478397965431213, -0.15073613822460175, -0.9435998797416687], "cam_t_m2c": [-139.49327087402344, -18.7908935546875, 1117.360107421875], "obj_id": 1}, {"cam_R_m2c": [0.3944160044193268, 0.014916807413101196, -0.9188109040260315, -0.8234745264053345, 0.44948816299438477, -0.34619373083114624, 0.40783047676086426, 0.8931617140769958, 0.18956893682479858], "cam_t_m2c": [-346.25628662109375, -255.50120544433594, 1245.831787109375], "obj_id": 1}, {"cam_R_m2c": [-0.9484274387359619, -0.03793859854340553, 0.3147154748439789, -0.30955228209495544, 0.32470446825027466, -0.8937249779701233, -0.0682828351855278, -0.945054292678833, -0.31970250606536865], "cam_t_m2c": [-119.84414672851562, -409.73974609375, 1237.507568359375], "obj_id": 1}, {"cam_R_m2c": [-0.445078581571579, -0.13740085065364838, 0.8848873972892761, -0.8874118328094482, -0.06476529687643051, -0.4564048945903778, 0.1200205534696579, -0.9883957505226135, -0.09310529381036758], "cam_t_m2c": [-316.5005187988281, -350.5396728515625, 1083.4117431640625], "obj_id": 1}, {"cam_R_m2c": [0.06755996495485306, -0.7439167499542236, 0.6648484468460083, 0.19280539453029633, 0.6635445952415466, 0.7228655219078064, -0.9789084196090698, 0.07934962213039398, 0.18826022744178772], "cam_t_m2c": [-214.69142150878906, -88.78556060791016, 1013.8201904296875], "obj_id": 1}, {"cam_R_m2c": [-0.8410181999206543, 0.4189343750476837, 0.3423188626766205, -0.2994098365306854, -0.8874322772026062, 0.35045331716537476, 0.4506017863750458, 0.1922440081834793, 0.8717799186706543], "cam_t_m2c": [-186.62033081054688, -228.98931884765625, 1100.050048828125], "obj_id": 1}, {"cam_R_m2c": [-0.8453367948532104, -0.5201144218444824, 0.12201040238142014, 0.47823473811149597, -0.8385205864906311, -0.26110273599624634, 0.23811155557632446, -0.16237014532089233, 0.9575692415237427], "cam_t_m2c": [-77.70487213134766, -298.416015625, 1164.474609375], "obj_id": 1}, {"cam_R_m2c": [-0.5468837022781372, 0.8118547797203064, -0.20447558164596558, -0.39040324091911316, -0.031242521479725838, 0.9201138019561768, 0.7406104207038879, 0.5830230116844177, 0.33403661847114563], "cam_t_m2c": [-197.5226593017578, -56.08500671386719, 1055.6253662109375], "obj_id": 1}, {"cam_R_m2c": [0.05867321044206619, 0.25332018733024597, -0.9656015634536743, -0.34897854924201965, -0.9010345339775085, -0.2575865089893341, -0.9352921843528748, 0.3520876467227936, 0.03553669899702072], "cam_t_m2c": [-327.1080627441406, -49.16581726074219, 1032.8572998046875], "obj_id": 1}, {"cam_R_m2c": [0.2847590446472168, -0.9271634221076965, 0.2434752881526947, -0.8336062431335449, -0.36491402983665466, -0.414654403924942, 0.4732999801635742, -0.08488593995571136, -0.8768017888069153], "cam_t_m2c": [-135.7266082763672, -348.3349304199219, 1158.50537109375], "obj_id": 1}, {"cam_R_m2c": [-0.15237578749656677, 0.5160433053970337, -0.8429003357887268, 0.7146002650260925, -0.5316309928894043, -0.4546591639518738, -0.6827357411384583, -0.6716158390045166, -0.287757009267807], "cam_t_m2c": [-314.2256164550781, -265.5163879394531, 1211.243896484375], "obj_id": 1}, {"cam_R_m2c": [-0.15484967827796936, -0.9879374504089355, 0.001114764017984271, -0.9075784683227539, 0.14180819690227509, -0.3952111005783081, 0.39028576016426086, -0.06221003830432892, -0.91858971118927], "cam_t_m2c": [-222.43499755859375, -56.510337829589844, 1015.8687744140625], "obj_id": 1}, {"cam_R_m2c": [-0.8990208506584167, 0.1792200654745102, 0.3995518982410431, 0.42677223682403564, 0.15414796769618988, 0.8911250829696655, 0.09811737388372421, 0.9716576337814331, -0.21506839990615845], "cam_t_m2c": [-28.785127639770508, -282.6852111816406, 969.9866943359375], "obj_id": 1}, {"cam_R_m2c": [0.8594655394554138, 0.1320415884256363, -0.4938461184501648, 0.27489933371543884, -0.9338701367378235, 0.2287287712097168, -0.4309864640235901, -0.3323424756526947, -0.8389273881912231], "cam_t_m2c": [-131.6199951171875, -398.1011657714844, 1204.1109619140625], "obj_id": 1}, {"cam_R_m2c": [0.8476056456565857, 0.5011612772941589, -0.17436175048351288, 0.4089418351650238, -0.40756699442863464, 0.8164898753166199, 0.3381290137767792, -0.7633652091026306, -0.5504018664360046], "cam_t_m2c": [-115.67632293701172, -363.2062683105469, 1253.2191162109375], "obj_id": 1}, {"cam_R_m2c": [0.16855403780937195, -0.08779451251029968, -0.9817746877670288, -0.9767299294471741, -0.14888660609722137, -0.15437376499176025, -0.13262002170085907, 0.9849491119384766, -0.11084689199924469], "cam_t_m2c": [-7.881172180175781, -389.76861572265625, 1062.844482421875], "obj_id": 1}, {"cam_R_m2c": [0.5617702007293701, 0.512930691242218, 0.6490887999534607, -0.7032319903373718, 0.7093319892883301, 0.04809301346540451, -0.4357510507106781, -0.48347723484039307, 0.7591908574104309], "cam_t_m2c": [-73.41992950439453, -292.27435302734375, 1162.0587158203125], "obj_id": 1}, {"cam_R_m2c": [-0.873189389705658, 0.46358099579811096, -0.15044163167476654, -0.034161169081926346, 0.24970024824142456, 0.9677203893661499, 0.4861821234226227, 0.8501425385475159, -0.2021990269422531], "cam_t_m2c": [-109.05326080322266, -181.72491455078125, 1190.8553466796875], "obj_id": 1}, {"cam_R_m2c": [-0.7395064830780029, 0.6217029690742493, 0.2580997943878174, -0.6381937265396118, -0.7694719433784485, 0.02493068389594555, 0.21410004794597626, -0.14628127217292786, 0.9657965302467346], "cam_t_m2c": [-67.20045471191406, 11.774465560913086, 1075.2861328125], "obj_id": 3}, {"cam_R_m2c": [0.4326203763484955, -0.9014154672622681, 0.01702144928276539, 0.5988768339157104, 0.27320656180381775, -0.7527978420257568, 0.6739332675933838, 0.3358694016933441, 0.6580316424369812], "cam_t_m2c": [-284.7452392578125, -74.73932647705078, 1234.683837890625], "obj_id": 1}, {"cam_R_m2c": [0.43158280849456787, 0.7419481873512268, 0.5130781531333923, 0.6653488874435425, 0.1222531795501709, -0.7364543676376343, -0.6091364026069641, 0.6592170000076294, -0.44089198112487793], "cam_t_m2c": [-83.69585418701172, -336.98297119140625, 936.1343383789062], "obj_id": 1}, {"cam_R_m2c": [0.043652113527059555, -0.4180372953414917, -0.9073803424835205, 0.31763237714767456, 0.8669267296791077, -0.3841193616390228, 0.9472085237503052, -0.2714458405971527, 0.17062538862228394], "cam_t_m2c": [-316.0663757324219, -114.05619812011719, 951.7369995117188], "obj_id": 1}, {"cam_R_m2c": [-0.3767741918563843, -0.3939574360847473, 0.8383547067642212, 0.2253672480583191, 0.8388709425926208, 0.49548476934432983, -0.8984712958335876, 0.37562358379364014, -0.22727979719638824], "cam_t_m2c": [-56.97695541381836, -350.00250244140625, 963.3262939453125], "obj_id": 1}, {"cam_R_m2c": [-0.9860261678695679, -0.13038839399814606, -0.10368730127811432, 0.127451553940773, -0.9912447929382324, 0.03449074551463127, -0.10727670788764954, 0.020793672651052475, 0.9940117597579956], "cam_t_m2c": [-148.0375213623047, 3.1777172088623047, 1137.5361328125], "obj_id": 3}, {"cam_R_m2c": [0.01962864398956299, -0.7954587936401367, -0.6056896448135376, 0.44096970558166504, -0.536811351776123, 0.7192907333374023, -0.897307276725769, -0.28120946884155273, 0.3402363955974579], "cam_t_m2c": [-187.7316436767578, -216.67234802246094, 940.5091552734375], "obj_id": 1}, {"cam_R_m2c": [0.7893739342689514, 0.34583330154418945, 0.5072357654571533, 0.35401099920272827, 0.4186072051525116, -0.836327850818634, -0.5015625953674316, 0.8397424817085266, 0.20800884068012238], "cam_t_m2c": [-403.7471008300781, -187.39962768554688, 965.21044921875], "obj_id": 1}, {"cam_R_m2c": [0.6114005446434021, -0.04471667855978012, -0.7900568246841431, 0.6862436532974243, 0.5271044373512268, 0.501228928565979, 0.3940291702747345, -0.8486231565475464, 0.3529585003852844], "cam_t_m2c": [-46.2154426574707, -17.627098083496094, 1212.3092041015625], "obj_id": 1}, {"cam_R_m2c": [0.0235358327627182, 0.9517558217048645, 0.30595269799232483, 0.9997193217277527, -0.021574070677161217, -0.009792533703148365, -0.0027194672729820013, 0.30609726905822754, -0.9519964456558228], "cam_t_m2c": [-314.938720703125, -307.1623229980469, 1273.591796875], "obj_id": 3}, {"cam_R_m2c": [0.8173340559005737, -0.5123522877693176, 0.26355305314064026, 0.2433733344078064, 0.7216231226921082, 0.6480968594551086, -0.5222398638725281, -0.4655698239803314, 0.7145000100135803], "cam_t_m2c": [-265.408203125, -350.2496032714844, 1071.8392333984375], "obj_id": 1}, {"cam_R_m2c": [-0.4968431293964386, 0.2590976059436798, 0.8282604217529297, 0.6927419900894165, -0.4564664661884308, 0.5583430528640747, 0.5227384567260742, 0.8511796593666077, 0.04730439558625221], "cam_t_m2c": [-27.056434631347656, -59.35139083862305, 1319.4208984375], "obj_id": 1}, {"cam_R_m2c": [-0.8558342456817627, -0.5098279118537903, 0.08731133490800858, 0.29679909348487854, -0.6222779154777527, -0.7243483662605286, 0.4236249327659607, -0.594008207321167, 0.6838831901550293], "cam_t_m2c": [-187.95265197753906, -90.15841674804688, 1222.611572265625], "obj_id": 3}, {"cam_R_m2c": [0.19705623388290405, 0.8422236442565918, 0.5018246173858643, -0.22885499894618988, 0.5372365713119507, -0.8117894530296326, -0.9533068537712097, 0.045122984796762466, 0.2986129820346832], "cam_t_m2c": [-137.88864135742188, -325.25750732421875, 911.786376953125], "obj_id": 1}, {"cam_R_m2c": [-0.3568153381347656, -0.424131840467453, 0.8323430418968201, 0.311361163854599, 0.7860513925552368, 0.5340200662612915, -0.8807592988014221, 0.4497058689594269, -0.14841701090335846], "cam_t_m2c": [-246.485595703125, -291.9493103027344, 969.6495971679688], "obj_id": 3}, {"cam_R_m2c": [-0.4852409064769745, 0.6197898387908936, -0.6167670488357544, 0.8733161091804504, 0.378328412771225, -0.30689820647239685, 0.04312806949019432, -0.687552273273468, -0.7248528003692627], "cam_t_m2c": [-115.36764526367188, -3.3894271850585938, 1032.1375732421875], "obj_id": 3}, {"cam_R_m2c": [0.6418337821960449, 0.2761051654815674, 0.7154126763343811, 0.28835436701774597, 0.7775642275810242, -0.5587893724441528, -0.7105638980865479, 0.5649423003196716, 0.4194508492946625], "cam_t_m2c": [-156.2913818359375, -143.8375244140625, 1103.5318603515625], "obj_id": 3}, {"cam_R_m2c": [0.5650251507759094, 0.05389527231454849, 0.8233115077018738, 0.40444114804267883, -0.8878472447395325, -0.21944142878055573, 0.7191480398178101, 0.4569709897041321, -0.5234534740447998], "cam_t_m2c": [-62.60783386230469, 8.321721076965332, 1068.3359375], "obj_id": 3}, {"cam_R_m2c": [-0.27631470561027527, -0.8419786095619202, 0.46338120102882385, 0.8943420052528381, -0.4017895758152008, -0.19676752388477325, 0.3518557846546173, 0.3600515127182007, 0.864037275314331], "cam_t_m2c": [-65.7383041381836, -267.3456115722656, 1146.23291015625], "obj_id": 1}, {"cam_R_m2c": [0.9043942093849182, -0.25343799591064453, -0.34327879548072815, 0.278247207403183, -0.2596394121646881, 0.9247516989707947, -0.3234959542751312, -0.9318563938140869, -0.1642979383468628], "cam_t_m2c": [-145.14263916015625, -63.57204818725586, 1298.6495361328125], "obj_id": 3}, {"cam_R_m2c": [-0.429145485162735, -0.8108349442481995, 0.39797088503837585, 0.8628383874893188, -0.49830934405326843, -0.08483897149562836, 0.26710301637649536, 0.306976318359375, 0.91346675157547], "cam_t_m2c": [-313.00067138671875, -168.5753936767578, 1103.433349609375], "obj_id": 3}, {"cam_R_m2c": [0.3431912064552307, 0.9154739379882812, 0.2100648730993271, 0.8488640189170837, -0.2065700888633728, -0.48657849431037903, -0.40205681324005127, 0.3453059494495392, -0.8480058908462524], "cam_t_m2c": [-116.00151062011719, -175.5389862060547, 1272.80712890625], "obj_id": 3}, {"cam_R_m2c": [0.824195921421051, -0.5202587842941284, -0.22367820143699646, 0.513431191444397, 0.8531343936920166, -0.09246668964624405, 0.23893417418003082, -0.038632698357105255, 0.9702669382095337], "cam_t_m2c": [-41.202430725097656, -299.720947265625, 1015.2971801757812], "obj_id": 1}, {"cam_R_m2c": [0.13739284873008728, -0.874727725982666, 0.46473073959350586, 0.8370996117591858, 0.3533564805984497, 0.41761645674705505, -0.5295162796974182, 0.3316483795642853, 0.7807828187942505], "cam_t_m2c": [16.50638771057129, -355.136474609375, 1217.156494140625], "obj_id": 3}, {"cam_R_m2c": [-0.9625216722488403, 0.2355119287967682, -0.1344844251871109, 0.09698458015918732, 0.7619910836219788, 0.6402839422225952, 0.2532704472541809, 0.6032443046569824, -0.7562739253044128], "cam_t_m2c": [-137.7397003173828, -84.06912231445312, 1042.161865234375], "obj_id": 3}, {"cam_R_m2c": [-0.337019145488739, -0.9316816926002502, 0.13559994101524353, 0.45139241218566895, -0.28628936409950256, -0.8451528549194336, 0.8262342214584351, -0.22362388670444489, 0.5170390009880066], "cam_t_m2c": [-293.02166748046875, -230.8147735595703, 1111.715087890625], "obj_id": 1}, {"cam_R_m2c": [-0.7947715520858765, -0.3160744607448578, 0.5181074142456055, 0.45677727460861206, 0.2505802810192108, 0.853559672832489, -0.39961591362953186, 0.9150445461273193, -0.05477849394083023], "cam_t_m2c": [-33.41625213623047, -231.81161499023438, 1219.9154052734375], "obj_id": 1}, {"cam_R_m2c": [-0.7017202377319336, -0.6671833992004395, -0.24990974366664886, -0.13197137415409088, 0.4664277732372284, -0.8746591806411743, 0.7001229524612427, -0.5807851552963257, -0.41535088419914246], "cam_t_m2c": [10.169998168945312, -344.025390625, 1115.1939697265625], "obj_id": 1}, {"cam_R_m2c": [0.4563528895378113, 0.3679930865764618, 0.8101376891136169, 0.8870459198951721, -0.11658501625061035, -0.4467184543609619, -0.06993935257196426, 0.9224905967712402, -0.3796306550502777], "cam_t_m2c": [-346.9584655761719, -7.725531578063965, 1060.3792724609375], "obj_id": 1}, {"cam_R_m2c": [0.17646931111812592, 0.9467067718505859, 0.2694527208805084, 0.9810205101966858, -0.14681348204612732, -0.1266660839319229, -0.08035633713006973, 0.2866913378238678, -0.9546468257904053], "cam_t_m2c": [21.58417320251465, -409.80133056640625, 1191.31982421875], "obj_id": 1}, {"cam_R_m2c": [-0.018885105848312378, -0.6195259094238281, 0.7847489714622498, -0.8387291431427002, -0.4174129068851471, -0.34971389174461365, 0.5442212224006653, -0.6647962331771851, -0.5117315649986267], "cam_t_m2c": [-171.58570861816406, -39.43370819091797, 1053.8646240234375], "obj_id": 3}, {"cam_R_m2c": [0.7967512607574463, -0.4973609149456024, 0.34324851632118225, 0.6025352478027344, 0.6103567481040955, -0.5142138600349426, 0.04624585434794426, 0.6165198683738708, 0.7859799861907959], "cam_t_m2c": [-79.53488159179688, -150.11863708496094, 1013.07177734375], "obj_id": 3}, {"cam_R_m2c": [0.5532088279724121, 0.8315699696540833, -0.049510810524225235, 0.8155832886695862, -0.5527611374855042, -0.17111054062843323, -0.16965804994106293, 0.05427965894341469, -0.984006941318512], "cam_t_m2c": [-247.76995849609375, -253.2059326171875, 1041.324462890625], "obj_id": 3}, {"cam_R_m2c": [0.15428228676319122, 0.06548759341239929, -0.9858540892601013, -0.13936197757720947, 0.9892677068710327, 0.043904755264520645, 0.9781488180160522, 0.13061685860157013, 0.16175295412540436], "cam_t_m2c": [-305.0836486816406, -185.32785034179688, 933.7867431640625], "obj_id": 1}, {"cam_R_m2c": [-0.11187264323234558, 0.692331075668335, -0.71285480260849, -0.1040835902094841, -0.7215758562088013, -0.6844666004180908, -0.9882565140724182, -0.002376669319346547, 0.15278509259223938], "cam_t_m2c": [-109.15485382080078, -172.74363708496094, 1145.8017578125], "obj_id": 3}, {"cam_R_m2c": [-0.814811646938324, 0.3101986348628998, 0.489753782749176, -0.3434537947177887, -0.9388816356658936, 0.0232558511197567, 0.4670347571372986, -0.14925865828990936, 0.8715505599975586], "cam_t_m2c": [-316.6753234863281, -280.76666259765625, 1073.2852783203125], "obj_id": 1}, {"cam_R_m2c": [0.2142624408006668, -0.7204701900482178, 0.659555971622467, 0.16221146285533905, 0.6921069622039795, 0.7033315896987915, -0.963212788105011, -0.04370994120836258, 0.26516109704971313], "cam_t_m2c": [-261.2679748535156, -359.3013610839844, 1026.9217529296875], "obj_id": 1}, {"cam_R_m2c": [0.5357141494750977, 0.04217130318284035, 0.8433456420898438, -0.2995157241821289, 0.9433003067970276, 0.14309030771255493, -0.7894939184188843, -0.3292507827281952, 0.5179702639579773], "cam_t_m2c": [-201.29840087890625, -166.49288940429688, 1208.0380859375], "obj_id": 3}, {"cam_R_m2c": [0.4470483958721161, 0.5703519582748413, -0.6890908479690552, -0.4315376281738281, -0.5372677445411682, -0.7246503829956055, -0.7835322618484497, 0.6213223934173584, 0.0059438240714371204], "cam_t_m2c": [-1.0022131204605103, -1.905375599861145, 1037.3662109375], "obj_id": 3}, {"cam_R_m2c": [-0.7907238602638245, -0.5783030986785889, -0.20080165565013885, -0.27958717942237854, 0.6329594850540161, -0.7219371795654297, 0.544597864151001, -0.5147113800048828, -0.6621822714805603], "cam_t_m2c": [15.43130111694336, -46.90304183959961, 1282.59765625], "obj_id": 3}, {"cam_R_m2c": [0.8536928296089172, -0.09315071254968643, -0.5123782753944397, 0.5194157958030701, 0.22338534891605377, 0.8248067498207092, 0.03762645646929741, -0.970268964767456, 0.23908643424510956], "cam_t_m2c": [-290.4898681640625, -379.2720947265625, 1117.7169189453125], "obj_id": 1}, {"cam_R_m2c": [-0.710895836353302, -0.4732591509819031, -0.5202428698539734, -0.5349350571632385, 0.8440876603126526, -0.036884792149066925, 0.456586629152298, 0.2520748972892761, -0.8532212972640991], "cam_t_m2c": [-169.2189483642578, -102.06461334228516, 1304.3458251953125], "obj_id": 1}, {"cam_R_m2c": [0.2170814871788025, 0.6482937335968018, -0.7297882437705994, -0.6574580669403076, -0.45551371574401855, -0.6002134084701538, -0.7215431332588196, 0.6101003885269165, 0.32734236121177673], "cam_t_m2c": [-169.83445739746094, -106.30284118652344, 1329.77490234375], "obj_id": 3}, {"cam_R_m2c": [-0.863295316696167, -0.5045933127403259, 0.010329156182706356, 0.39312583208084106, -0.6851412653923035, -0.6132156848907471, 0.3165014684200287, -0.52532559633255, 0.7898479700088501], "cam_t_m2c": [-91.103759765625, -125.150146484375, 1076.2095947265625], "obj_id": 3}, {"cam_R_m2c": [-0.597092866897583, -0.10415013879537582, 0.7953824996948242, 0.7984327077865601, -0.1727932095527649, 0.5767564177513123, 0.07736732065677643, 0.9794363379478455, 0.18633022904396057], "cam_t_m2c": [-358.5650634765625, 32.06594467163086, 1003.759765625], "obj_id": 3}, {"cam_R_m2c": [0.9442304372787476, 0.31014561653137207, 0.11062832921743393, 0.2702701985836029, -0.9218751192092896, 0.277669757604599, 0.1881035417318344, -0.23228470981121063, -0.9542856216430664], "cam_t_m2c": [-155.833984375, 22.458784103393555, 1037.204833984375], "obj_id": 3}, {"cam_R_m2c": [0.4773816168308258, 0.6405706405639648, -0.6014782190322876, -0.4480336308479309, 0.7662926316261292, 0.4605013430118561, 0.7558919787406921, 0.049647584557533264, 0.6528111696243286], "cam_t_m2c": [-329.24761962890625, -320.73773193359375, 1188.8258056640625], "obj_id": 3}, {"cam_R_m2c": [-0.8553411960601807, -0.12531203031539917, -0.502680778503418, -0.4375894069671631, -0.34464916586875916, 0.8305011987686157, -0.27732038497924805, 0.9303297996520996, 0.23995764553546906], "cam_t_m2c": [-255.0360565185547, -131.0065155029297, 1093.80615234375], "obj_id": 3}, {"cam_R_m2c": [-0.37871506810188293, 0.8864482641220093, -0.26605358719825745, 0.24600251019001007, -0.1807112991809845, -0.9522743225097656, -0.8922207355499268, -0.42609038949012756, -0.14963050186634064], "cam_t_m2c": [-247.92977905273438, -392.78076171875, 1084.572509765625], "obj_id": 3}, {"cam_R_m2c": [0.892007052898407, -0.3997565507888794, 0.21099326014518738, 0.2759122848510742, 0.8512548804283142, 0.446360319852829, -0.35804450511932373, -0.3399409055709839, 0.869623064994812], "cam_t_m2c": [-297.1435546875, -60.72639465332031, 1235.7266845703125], "obj_id": 1}, {"cam_R_m2c": [-0.902661144733429, 0.37120944261550903, -0.2177303433418274, -0.23592153191566467, -0.8499740958213806, -0.47104689478874207, -0.3599222004413605, -0.3738284409046173, 0.8548147678375244], "cam_t_m2c": [-237.37635803222656, -402.3498229980469, 1236.369384765625], "obj_id": 3}, {"cam_R_m2c": [-0.7691354751586914, 0.564501166343689, -0.2996147871017456, -0.030403124168515205, 0.4359672963619232, 0.899448812007904, 0.6383621096611023, 0.7009072303771973, -0.31815531849861145], "cam_t_m2c": [-263.6399841308594, -198.34144592285156, 1068.716796875], "obj_id": 1}, {"cam_R_m2c": [-0.5132743716239929, 0.8011369109153748, 0.30778077244758606, -0.8582074642181396, -0.48138293623924255, -0.17818614840507507, 0.00540891895070672, -0.3555981516838074, 0.9346233010292053], "cam_t_m2c": [-166.58456420898438, 3.8473315238952637, 1026.5599365234375], "obj_id": 3}, {"cam_R_m2c": [0.850508451461792, -0.4241296648979187, 0.31104573607444763, -0.5245841145515442, -0.7268150448799133, 0.44334134459495544, 0.03803849592804909, -0.5402352213859558, -0.8406540155410767], "cam_t_m2c": [-152.2698516845703, -279.97308349609375, 938.8070068359375], "obj_id": 3}, {"cam_R_m2c": [-0.5696815252304077, -0.10760360211133957, 0.8147909641265869, 0.759178638458252, 0.31085899472236633, 0.5718517303466797, -0.3148183822631836, 0.9443453550338745, -0.09540024399757385], "cam_t_m2c": [-157.2247314453125, -312.2046203613281, 970.1329345703125], "obj_id": 1}, {"cam_R_m2c": [-0.10339052975177765, -0.195152536