{
  "0": [{"cam_R_m2c": [-0.6742363572120667, 0.7370406985282898, 0.04664984345436096, 0.26389312744140625, 0.2994398772716522, -0.9168948531150818, -0.6897576451301575, -0.6058933138847351, -0.39639317989349365], "cam_t_m2c": [261.7413330078125, 94.59635925292969, 190.45738220214844], "obj_id": 2}, {"cam_R_m2c": [-0.6742363572120667, 0.7370406985282898, 0.04664984345436096, 0.26389312744140625, 0.2994398772716522, -0.9168948531150818, -0.6897576451301575, -0.6058933138847351, -0.39639317989349365], "cam_t_m2c": [261.7413330078125, 94.59635925292969, 190.45738220214844], "obj_id": 1}, {"cam_R_m2c": [-0.6742363572120667, 0.7370406985282898, 0.04664984345436096, 0.26389312744140625, 0.2994398772716522, -0.9168948531150818, -0.6897576451301575, -0.6058933138847351, -0.39639317989349365], "cam_t_m2c": [261.7413330078125, 94.59635925292969, 190.45738220214844], "obj_id": 3}, {"cam_R_m2c": [-0.6742363572120667, 0.7370406985282898, 0.04664984345436096, 0.26389312744140625, 0.2994398772716522, -0.9168948531150818, -0.6897576451301575, -0.6058933138847351, -0.39639317989349365], "cam_t_m2c": [261.7413330078125, 94.59635925292969, 190.45738220214844], "obj_id": 2}, {"cam_R_m2c": [-0.6742363572120667, 0.7370406985282898, 0.04664984345436096, 0.26389312744140625, 0.2994398772716522, -0.9168948531150818, -0.6897576451301575, -0.6058933138847351, -0.39639317989349365], "cam_t_m2c": [261.7413330078125, 94.59635925292969, 190.45738220214844], "obj_id": 0}, {"cam_R_m2c": [-0.6742363572120667, 0.7370406985282898, 0.04664984345436096, 0.26389312744140625, 0.2994398772716522, -0.9168948531150818, -0.6897576451301575, -0.6058933138847351, -0.39639317989349365], "cam_t_m2c": [261.7413330078125, 94.59635925292969, 190.45738220214844], "obj_id": 3}, {"cam_R_m2c": [-0.6742363572120667, 0.7370406985282898, 0.04664984345436096, 0.26389312744140625, 0.2994398772716522, -0.9168948531150818, -0.6897576451301575, -0.6058933138847351, -0.39639317989349365], "cam_t_m2c": [261.7413330078125, 94.59635925292969, 190.45738220214844], "obj_id": 3}, {"cam_R_m2c": [-0.6742363572120667, 0.7370406985282898, 0.04664984345436096, 0.26389312744140625, 0.2994398772716522, -0.9168948531150818, -0.6897576451301575, -0.6058933138847351, -0.39639317989349365], "cam_t_m2c": [261.7413330078125, 94.59635925292969, 190.45738220214844], "obj_id": 3}, {"cam_R_m2c": [-0.6742363572120667, 0.7370406985282898, 0.04664984345436096, 0.26389312744140625, 0.2994398772716522, -0.9168948531150818, -0.6897576451301575, -0.6058933138847351, -0.39639317989349365], "cam_t_m2c": [261.7413330078125, 94.59635925292969, 190.45738220214844], "obj_id": 1}, {"cam_R_m2c": [-0.6742363572120667, 0.7370406985282898, 0.04664984345436096, 0.26389312744140625, 0.2994398772716522, -0.9168948531150818, -0.6897576451301575, -0.6058933138847351, -0.39639317989349365], "cam_t_m2c": [261.7413330078125, 94.59635925292969, 190.45738220214844], "obj_id": 1}, {"cam_R_m2c": [-0.6742363572120667, 0.7370406985282898, 0.04664984345436096, 0.26389312744140625, 0.2994398772716522, -0.9168948531150818, -0.6897576451301575, -0.6058933138847351, -0.39639317989349365], "cam_t_m2c": [261.7413330078125, 94.59635925292969, 190.45738220214844], "obj_id": 2}, {"cam_R_m2c": [-0.6742363572120667, 0.7370406985282898, 0.04664984345436096, 0.26389312744140625, 0.2994398772716522, -0.9168948531150818, -0.6897576451301575, -0.6058933138847351, -0.39639317989349365], "cam_t_m2c": [261.7413330078125, 94.59635925292969, 190.45738220214844], "obj_id": 3}, {"cam_R_m2c": [-0.6742363572120667, 0.7370406985282898, 0.04664984345436096, 0.26389312744140625, 0.2994398772716522, -0.9168948531150818, -0.6897576451301575, -0.6058933138847351, -0.39639317989349365], "cam_t_m2c": [261.7413330078125, 94.59635925292969, 190.45738220214844], "obj_id": 2}, {"cam_R_m2c": [-0.6742363572120667, 0.7370406985282898, 0.04664984345436096, 0.26389312744140625, 0.2994398772716522, -0.9168948531150818, -0.6897576451301575, -0.6058933138847351, -0.39639317989349365], "cam_t_m2c": [261.7413330078125, 94.59635925292969, 190.45738220214844], "obj_id": 1}, {"cam_R_m2c": [-0.6742363572120667, 0.7370406985282898, 0.04664984345436096, 0.26389312744140625, 0.2994398772716522, -0.9168948531150818, -0.6897576451301575, -0.6058933138847351, -0.39639317989349365], "cam_t_m2c": [261.7413330078125, 94.59635925292969, 190.45738220214844], "obj_id": 1}, {"cam_R_m2c": [-0.6742363572120667, 0.7370406985282898, 0.04664984345436096, 0.26389312744140625, 0.2994398772716522, -0.9168948531150818, -0.6897576451301575, -0.6058933138847351, -0.39639317989349365], "cam_t_m2c": [261.7413330078125, 94.59635925292969, 190.45738220214844], "obj_id": 3}, {"cam_R_m2c": [-0.6742363572120667, 0.7370406985282898, 0.04664984345436096, 0.26389312744140625, 0.2994398772716522, -0.9168948531150818, -0.6897576451301575, -0.6058933138847351, -0.39639317989349365], "cam_t_m2c": [261.7413330078125, 94.59635925292969, 190.45738220214844], "obj_id": 3}, {"cam_R_m2c": [-0.6742363572120667, 0.7370406985282898, 0.04664984345436096, 0.26389312744140625, 0.2994398772716522, -0.9168948531150818, -0.6897576451301575, -0.6058933138847351, -0.39639317989349365], "cam_t_m2c": [261.7413330078125, 94.59635925292969, 190.45738220214844], "obj_id": 3}, {"cam_R_m2c": [-0.6742363572120667, 0.7370406985282898, 0.04664984345436096, 0.26389312744140625, 0.2994398772716522, -0.9168948531150818, -0.6897576451301575, -0.6058933138847351, -0.39639317989349365], "cam_t_m2c": [261.7413330078125, 94.59635925292969, 190.45738220214844], "obj_id": 1}, {"cam_R_m2c": [-0.6742363572120667, 0.7370406985282898, 0.04664984345436096, 0.26389312744140625, 0.2994398772716522, -0.9168948531150818, -0.6897576451301575, -0.6058933138847351, -0.39639317989349365], "cam_t_m2c": [261.7413330078125, 94.59635925292969, 190.45738220214844], "obj_id": 0}, {"cam_R_m2c": [-0.6742363572120667, 0.7370406985282898, 0.04664984345436096, 0.26389312744140625, 0.2994398772716522, -0.9168948531150818, -0.6897576451301575, -0.6058933138847351, -0.39639317989349365], "cam_t_m2c": [261.7413330078125, 94.59635925292969, 190.45738220214844], "obj_id": 1}, {"cam_R_m2c": [-0.6742363572120667, 0.7370406985282898, 0.04664984345436096, 0.26389312744140625, 0.2994398772716522, -0.9168948531150818, -0.6897576451301575, -0.6058933138847351, -0.39639317989349365], "cam_t_m2c": [261.7413330078125, 94.59635925292969, 190.45738220214844], "obj_id": 1}, {"cam_R_m2c": [-0.6742363572120667, 0.7370406985282898, 0.04664984345436096, 0.26389312744140625, 0.2994398772716522, -0.9168948531150818, -0.6897576451301575, -0.6058933138847351, -0.39639317989349365], "cam_t_m2c": [261.7413330078125, 94.59635925292969, 190.45738220214844], "obj_id": 1}, {"cam_R_m2c": [-0.6742363572120667, 0.7370406985282898, 0.04664984345436096, 0.26389312744140625, 0.2994398772716522, -0.9168948531150818, -0.6897576451301575, -0.6058933138847351, -0.39639317989349365], "cam_t_m2c": [261.7413330078125, 94.59635925292969, 190.45738220214844], "obj_id": 3}, {"cam_R_m2c": [-0.009313879534602165, 0.8883494734764099, -0.45907333493232727, 0.9218721985816956, 0.1854804903268814, 0.3402182459831238, 0.38738182187080383, -0.4200381934642792, -0.8206722140312195], "cam_t_m2c": [242.9638214111328, -3.1736512184143066, 288.2613830566406], "obj_id": 0}, {"cam_R_m2c": [0.5324280261993408, 0.836065948009491, 0.13234080374240875, -0.7011301517486572, 0.5231819152832031, -0.48445558547973633, -0.474275141954422, 0.16514961421489716, 0.8647477626800537], "cam_t_m2c": [396.0435791015625, 118.94404602050781, 168.04595947265625], "obj_id": 0}, {"cam_R_m2c": [0.6526869535446167, -0.5119003057479858, 0.5585318803787231, -0.4828319251537323, -0.8491544127464294, -0.21403314173221588, 0.5838434100151062, -0.12998037040233612, -0.8013938069343567], "cam_t_m2c": [-277.4705505371094, 7400.33203125, 3323.472900390625], "obj_id": 0}, {"cam_R_m2c": [-0.09395026415586472, -0.17338822782039642, 0.9803621172904968, -0.7295606136322021, 0.6820335984230042, 0.050710003823041916, -0.6774323582649231, -0.7104693651199341, -0.19057445228099823], "cam_t_m2c": [390.6116027832031, 45.54774856567383, 192.94024658203125], "obj_id": 2}, {"cam_R_m2c": [-0.3990636467933655, -0.9004189372062683, -0.17318768799304962, 0.5299321413040161, -0.3806253969669342, 0.7578233480453491, -0.7482780814170837, 0.210642009973526, 0.6290547251701355], "cam_t_m2c": [70.60163116455078, 66.45772552490234, 106.9128646850586], "obj_id": 3}, {"cam_R_m2c": [-0.5080053806304932, -0.39236441254615784, 0.7667989134788513, 0.5033270716667175, 0.5872017741203308, 0.6339210271835327, -0.6989937424659729, 0.707986056804657, -0.10081400722265244], "cam_t_m2c": [350.5396423339844, 96.89400482177734, 69.45564270019531], "obj_id": 3}, {"cam_R_m2c": [-0.2174014002084732, 0.9602538347244263, -0.1750687211751938, -0.5780127644538879, 0.017876388505101204, 0.8158317804336548, 0.7865352630615234, 0.2785550057888031, 0.551152765750885], "cam_t_m2c": [223.9759979248047, 120.62493133544922, -0.3309771418571472], "obj_id": 3}, {"cam_R_m2c": [-0.33709967136383057, -0.9249833822250366, 0.17541196942329407, 0.42917928099632263, 0.014852039515972137, 0.9030971527099609, -0.837955117225647, 0.37971699237823486, 0.3919772207736969], "cam_t_m2c": [28.949604034423828, 82.58294677734375, 240.5774688720703], "obj_id": 1}]
}