{
  "0": [{"cam_R_m2c": [-0.5659767985343933, -0.09998797625303268, 0.818335235118866, -0.12438034266233444, -0.9708998799324036, -0.20465293526649475, 0.8149845004081726, -0.21761363744735718, 0.5370703339576721], "cam_t_m2c": [8.802648544311523, -32.133975982666016, 529.0740966796875], "obj_id": 3}, {"cam_R_m2c": [0.550466001033783, 0.6670010685920715, -0.5020923614501953, 0.8049411773681641, -0.2644753158092499, 0.531152069568634, 0.22148796916007996, -0.6965360045433044, -0.6824812889099121], "cam_t_m2c": [73.90933227539062, -127.12944793701172, 577.3779296875], "obj_id": 0}, {"cam_R_m2c": [0.32132840156555176, -0.2372722029685974, -0.9167605638504028, 0.9334174990653992, 0.24254627525806427, 0.26439186930656433, 0.15962398052215576, -0.9406769871711731, 0.2994110584259033], "cam_t_m2c": [-53.690223693847656, -41.31024932861328, 511.65301513671875], "obj_id": 0}, {"cam_R_m2c": [-0.5495227575302124, -0.7983933687210083, 0.24615520238876343, -0.25434720516204834, 0.4405101537704468, 0.8609635233879089, -0.795821487903595, 0.4105103313922882, -0.4451393485069275], "cam_t_m2c": [-126.30550384521484, 69.09160614013672, 510.6629638671875], "obj_id": 1}, {"cam_R_m2c": [-0.7685410976409912, -0.06518878787755966, 0.6364705562591553, -0.25990819931030273, 0.9408244490623474, -0.217478945851326, -0.5846298933029175, -0.33256545662879944, -0.7400053143501282], "cam_t_m2c": [6.396409034729004, 22.383729934692383, 476.4909973144531], "obj_id": 0}, {"cam_R_m2c": [-0.616081178188324, -0.3758070766925812, -0.6922520399093628, -0.7292900085449219, 0.604215145111084, 0.3210298418998718, 0.2976238429546356, 0.7026329636573792, -0.6463178992271423], "cam_t_m2c": [-18.62074089050293, -27.082477569580078, 608.8453369140625], "obj_id": 0}, {"cam_R_m2c": [-0.398271769285202, 0.5957217216491699, 0.6974921226501465, -0.8638131618499756, 0.012203163467347622, -0.5036645531654358, -0.308555543422699, -0.803098201751709, 0.5097320675849915], "cam_t_m2c": [20.131874084472656, -60.799869537353516, 645.574951171875], "obj_id": 0}],
  "1": [{"cam_R_m2c": [-0.5659767985343933, -0.09998797625303268, 0.818335235118866, -0.12438034266233444, -0.9708998799324036, -0.20465293526649475, 0.8149845004081726, -0.21761363744735718, 0.5370703339576721], "cam_t_m2c": [8.802648544311523, -32.133975982666016, 529.0740966796875], "obj_id": 3}, {"cam_R_m2c": [0.550466001033783, 0.6670010685920715, -0.5020923614501953, 0.8049411773681641, -0.2644753158092499, 0.531152069568634, 0.22148796916007996, -0.6965360045433044, -0.6824812889099121], "cam_t_m2c": [73.90933227539062, -127.12944793701172, 577.3779296875], "obj_id": 0}, {"cam_R_m2c": [0.32132840156555176, -0.2372722029685974, -0.9167605638504028, 0.9334174990653992, 0.24254627525806427, 0.26439186930656433, 0.15962398052215576, -0.9406769871711731, 0.2994110584259033], "cam_t_m2c": [-53.690223693847656, -41.31024932861328, 511.65301513671875], "obj_id": 0}, {"cam_R_m2c": [-0.5495227575302124, -0.7983933687210083, 0.24615520238876343, -0.25434720516204834, 0.4405101537704468, 0.8609635233879089, -0.795821487903595, 0.4105103313922882, -0.4451393485069275], "cam_t_m2c": [-126.30550384521484, 69.09160614013672, 510.6629638671875], "obj_id": 1}, {"cam_R_m2c": [-0.7685410976409912, -0.06518878787755966, 0.6364705562591553, -0.25990819931030273, 0.9408244490623474, -0.217478945851326, -0.5846298933029175, -0.33256545662879944, -0.7400053143501282], "cam_t_m2c": [6.396409034729004, 22.383729934692383, 476.4909973144531], "obj_id": 0}, {"cam_R_m2c": [-0.616081178188324, -0.3758070766925812, -0.6922520399093628, -0.7292900085449219, 0.604215145111084, 0.3210298418998718, 0.2976238429546356, 0.7026329636573792, -0.6463178992271423], "cam_t_m2c": [-18.62074089050293, -27.082477569580078, 608.8453369140625], "obj_id": 0}, {"cam_R_m2c": [-0.398271769285202, 0.5957217216491699, 0.6974921226501465, -0.8638131618499756, 0.012203163467347622, -0.5036645531654358, -0.308555543422699, -0.803098201751709, 0.5097320675849915], "cam_t_m2c": [20.131874084472656, -60.799869537353516, 645.574951171875], "obj_id": 0}],
  "2": [{"cam_R_m2c": [-0.5659767985343933, -0.09998797625303268, 0.818335235118866, -0.12438034266233444, -0.9708998799324036, -0.20465293526649475, 0.8149845004081726, -0.21761363744735718, 0.5370703339576721], "cam_t_m2c": [8.802648544311523, -32.133975982666016, 529.0740966796875], "obj_id": 3}, {"cam_R_m2c": [0.550466001033783, 0.6670010685920715, -0.5020923614501953, 0.8049411773681641, -0.2644753158092499, 0.531152069568634, 0.22148796916007996, -0.6965360045433044, -0.6824812889099121], "cam_t_m2c": [73.90933227539062, -127.12944793701172, 577.3779296875], "obj_id": 0}, {"cam_R_m2c": [0.32132840156555176, -0.2372722029685974, -0.9167605638504028, 0.9334174990653992, 0.24254627525806427, 0.26439186930656433, 0.15962398052215576, -0.9406769871711731, 0.2994110584259033], "cam_t_m2c": [-53.690223693847656, -41.31024932861328, 511.65301513671875], "obj_id": 0}, {"cam_R_m2c": [-0.5495227575302124, -0.7983933687210083, 0.24615520238876343, -0.25434720516204834, 0.4405101537704468, 0.8609635233879089, -0.795821487903595, 0.4105103313922882, -0.4451393485069275], "cam_t_m2c": [-126.30550384521484, 69.09160614013672, 510.6629638671875], "obj_id": 1}, {"cam_R_m2c": [-0.7685410976409912, -0.06518878787755966, 0.6364705562591553, -0.25990819931030273, 0.9408244490623474, -0.217478945851326, -0.5846298933029175, -0.33256545662879944, -0.7400053143501282], "cam_t_m2c": [6.396409034729004, 22.383729934692383, 476.4909973144531], "obj_id": 0}, {"cam_R_m2c": [-0.616081178188324, -0.3758070766925812, -0.6922520399093628, -0.7292900085449219, 0.604215145111084, 0.3210298418998718, 0.2976238429546356, 0.7026329636573792, -0.6463178992271423], "cam_t_m2c": [-18.62074089050293, -27.082477569580078, 608.8453369140625], "obj_id": 0}, {"cam_R_m2c": [-0.398271769285202, 0.5957217216491699, 0.6974921226501465, -0.8638131618499756, 0.012203163467347622, -0.5036645531654358, -0.308555543422699, -0.803098201751709, 0.5097320675849915], "cam_t_m2c": [20.131874084472656, -60.799869537353516, 645.574951171875], "obj_id": 0}],
  "3": [{"cam_R_m2c": [-0.5063592195510864, -0.07591203600168228, -0.8589748740196228, 0.5749755501747131, -0.772087574005127, -0.27071037888526917, -0.6426535844802856, -0.6309661865234375, 0.4346010982990265], "cam_t_m2c": [-73.8685302734375, 26.01116371154785, 446.7154541015625], "obj_id": 3}, {"cam_R_m2c": [-0.16340191662311554, 0.241989403963089, 0.9564207792282104, 0.4406445026397705, -0.8494752049446106, 0.29021352529525757, 0.8826845288276672, 0.4688630998134613, 0.03217482194304466], "cam_t_m2c": [-171.58462524414062, -50.52482986450195, 432.9281005859375], "obj_id": 0}, {"cam_R_m2c": [0.02345168963074684, 0.9793918132781982, 0.20060299336910248, 0.6121323108673096, -0.17271265387535095, 0.771663248538971, 0.7904074192047119, 0.10469884425401688, -0.6035677194595337], "cam_t_m2c": [-36.25352478027344, 40.07904815673828, 394.9441833496094], "obj_id": 0}, {"cam_R_m2c": [0.8275464177131653, 0.11198679357767105, 0.5501143932342529, -0.3193492889404297, 0.899817943572998, 0.29722657799720764, -0.4617173671722412, -0.42164742946624756, 0.7804040312767029], "cam_t_m2c": [28.774948120117188, 154.68450927734375, 404.91485595703125], "obj_id": 1}, {"cam_R_m2c": [0.7342390418052673, 0.6058008074760437, 0.3064284026622772, -0.1168011948466301, 0.5573592185974121, -0.8220146894454956, -0.6687678694725037, 0.5677641034126282, 0.47999316453933716], "cam_t_m2c": [-10.760278701782227, 41.30055236816406, 485.7863464355469], "obj_id": 0}, {"cam_R_m2c": [-0.23126935958862305, -0.26008307933807373, 0.9374812841415405, -0.09933143109083176, 0.9648816585540771, 0.24318037927150726, -0.9678055644035339, -0.036881182342767715, -0.24898196756839752], "cam_t_m2c": [-129.48338317871094, 81.7841796875, 416.0989074707031], "obj_id": 0}, {"cam_R_m2c": [0.1574554741382599, 0.4489557445049286, -0.8795716762542725, -0.5980908870697021, -0.6653919816017151, -0.44669950008392334, -0.7858084440231323, 0.5963991284370422, 0.1637468934059143], "cam_t_m2c": [-187.3545379638672, 56.89043426513672, 420.4488830566406], "obj_id": 0}],
  "4": [{"cam_R_m2c": [-0.5063592195510864, -0.07591203600168228, -0.8589748740196228, 0.5749755501747131, -0.772087574005127, -0.27071037888526917, -0.6426535844802856, -0.6309661865234375, 0.4346010982990265], "cam_t_m2c": [-73.8685302734375, 26.01116371154785, 446.7154541015625], "obj_id": 3}, {"cam_R_m2c": [-0.16340191662311554, 0.241989403963089, 0.9564207792282104, 0.4406445026397705, -0.8494752049446106, 0.29021352529525757, 0.8826845288276672, 0.4688630998134613, 0.03217482194304466], "cam_t_m2c": [-171.58462524414062, -50.52482986450195, 432.9281005859375], "obj_id": 0}, {"cam_R_m2c": [0.02345168963074684, 0.9793918132781982, 0.20060299336910248, 0.6121323108673096, -0.17271265387535095, 0.771663248538971, 0.7904074192047119, 0.10469884425401688, -0.6035677194595337], "cam_t_m2c": [-36.25352478027344, 40.07904815673828, 394.9441833496094], "obj_id": 0}, {"cam_R_m2c": [0.8275464177131653, 0.11198679357767105, 0.5501143932342529, -0.3193492889404297, 0.899817943572998, 0.29722657799720764, -0.4617173671722412, -0.42164742946624756, 0.7804040312767029], "cam_t_m2c": [28.774948120117188, 154.68450927734375, 404.91485595703125], "obj_id": 1}, {"cam_R_m2c": [0.7342390418052673, 0.6058008074760437, 0.3064284026622772, -0.1168011948466301, 0.5573592185974121, -0.8220146894454956, -0.6687678694725037, 0.5677641034126282, 0.47999316453933716], "cam_t_m2c": [-10.760278701782227, 41.30055236816406, 485.7863464355469], "obj_id": 0}, {"cam_R_m2c": [-0.23126935958862305, -0.26008307933807373, 0.9374812841415405, -0.09933143109083176, 0.9648816585540771, 0.24318037927150726, -0.9678055644035339, -0.036881182342767715, -0.24898196756839752], "cam_t_m2c": [-129.48338317871094, 81.7841796875, 416.0989074707031], "obj_id": 0}, {"cam_R_m2c": [0.1574554741382599, 0.4489557445049286, -0.8795716762542725, -0.5980908870697021, -0.6653919816017151, -0.44669950008392334, -0.7858084440231323, 0.5963991284370422, 0.1637468934059143], "cam_t_m2c": [-187.3545379638672, 56.89043426513672, 420.4488830566406], "obj_id": 0}]
}