{
  "0": [{"cam_R_m2c": [-0.4250414967536926, 0.8146968483924866, -0.39447277784347534, 0.8501073122024536, 0.5089656114578247, 0.1351723074913025, 0.3108975291252136, -0.2778903543949127, -0.9089112281799316], "cam_t_m2c": [-104.52534484863281, -0.3232667148113251, 364.7943115234375], "obj_id": 1}, {"cam_R_m2c": [0.8733211159706116, 0.48709696531295776, 0.006843403913080692, 0.43618452548980713, -0.7756301164627075, -0.45622488856315613, -0.21691778302192688, 0.40141579508781433, -0.8898382782936096], "cam_t_m2c": [60.06190490722656, 359.8798522949219, 154.85997009277344], "obj_id": 3}, {"cam_R_m2c": [0.047938231378793716, 0.5843190550804138, -0.8101068139076233, 0.7429317235946655, 0.5212540030479431, 0.4199364483356476, 0.6676482558250427, -0.6219850778579712, -0.40912115573883057], "cam_t_m2c": [251.3983917236328, 382.5956726074219, 107.31559753417969], "obj_id": 0}, {"cam_R_m2c": [0.13536925613880157, -0.7207503914833069, 0.6798484325408936, -0.7884504199028015, -0.4938986003398895, -0.3666195869445801, 0.6000174880027771, -0.4863978326320648, -0.6351346373558044], "cam_t_m2c": [181.1803436279297, 166.48008728027344, 318.1272277832031], "obj_id": 3}, {"cam_R_m2c": [0.5704607367515564, -0.6602055430412292, -0.4885725677013397, -0.625558078289032, 0.03621036931872368, -0.7793368101119995, 0.5322138667106628, 0.7502115368843079, -0.3923403322696686], "cam_t_m2c": [48.588836669921875, 337.8994140625, 147.72682189941406], "obj_id": 3}, {"cam_R_m2c": [-0.3001684844493866, -0.7894545197486877, 0.5354067087173462, 0.4558301270008087, -0.6117693781852722, -0.6464959979057312, 0.8379246592521667, 0.049996767193078995, 0.5434911251068115], "cam_t_m2c": [-83.14295959472656, 77.3600845336914, 292.660400390625], "obj_id": 0}, {"cam_R_m2c": [-0.5292257070541382, -0.7327021360397339, 0.4278638958930969, 0.49405422806739807, 0.1438571810722351, 0.8574470281600952, -0.6898046135902405, 0.6651710867881775, 0.2858617603778839], "cam_t_m2c": [227.33384704589844, 270.18255615234375, 196.5472412109375], "obj_id": 3}, {"cam_R_m2c": [-0.4115174412727356, -0.8018121719360352, -0.43330174684524536, 0.2893063724040985, 0.33591440320014954, -0.8963611125946045, 0.8642655611038208, -0.49422529339790344, 0.09373483806848526], "cam_t_m2c": [-94.08756256103516, 0.7118862271308899, 365.3035583496094], "obj_id": 1}, {"cam_R_m2c": [0.030225107446312904, -0.2848229706287384, 0.958103597164154, -0.5065111517906189, 0.8219916224479675, 0.26033875346183777, -0.8617035746574402, -0.49315887689590454, -0.11942121386528015], "cam_t_m2c": [-120.76016998291016, 531.9815063476562, 29.703243255615234], "obj_id": 0}, {"cam_R_m2c": [-0.05405066907405853, 0.9931092858314514, -0.10398218035697937, 0.21253427863121033, -0.09030623733997345, -0.9729716181755066, -0.9756574630737305, -0.07468965649604797, -0.20618854463100433], "cam_t_m2c": [154.24285888671875, -15.288419723510742, 363.6300048828125], "obj_id": 1}],
  "1": [{"cam_R_m2c": [-0.4250414967536926, 0.8146968483924866, -0.39447277784347534, 0.8501073122024536, 0.5089656114578247, 0.1351723074913025, 0.3108975291252136, -0.2778903543949127, -0.9089112281799316], "cam_t_m2c": [-104.52534484863281, -0.3232667148113251, 364.7943115234375], "obj_id": 1}, {"cam_R_m2c": [0.8733211159706116, 0.48709696531295776, 0.006843403913080692, 0.43618452548980713, -0.7756301164627075, -0.45622488856315613, -0.21691778302192688, 0.40141579508781433, -0.8898382782936096], "cam_t_m2c": [60.06190490722656, 359.8798522949219, 154.85997009277344], "obj_id": 3}, {"cam_R_m2c": [0.047938231378793716, 0.5843190550804138, -0.8101068139076233, 0.7429317235946655, 0.5212540030479431, 0.4199364483356476, 0.6676482558250427, -0.6219850778579712, -0.40912115573883057], "cam_t_m2c": [251.3983917236328, 382.5956726074219, 107.31559753417969], "obj_id": 0}, {"cam_R_m2c": [0.13536925613880157, -0.7207503914833069, 0.6798484325408936, -0.7884504199028015, -0.4938986003398895, -0.3666195869445801, 0.6000174880027771, -0.4863978326320648, -0.6351346373558044], "cam_t_m2c": [181.1803436279297, 166.48008728027344, 318.1272277832031], "obj_id": 3}, {"cam_R_m2c": [0.5704607367515564, -0.6602055430412292, -0.4885725677013397, -0.625558078289032, 0.03621036931872368, -0.7793368101119995, 0.5322138667106628, 0.7502115368843079, -0.3923403322696686], "cam_t_m2c": [48.588836669921875, 337.8994140625, 147.72682189941406], "obj_id": 3}, {"cam_R_m2c": [-0.3001684844493866, -0.7894545197486877, 0.5354067087173462, 0.4558301270008087, -0.6117693781852722, -0.6464959979057312, 0.8379246592521667, 0.049996767193078995, 0.5434911251068115], "cam_t_m2c": [-83.14295959472656, 77.3600845336914, 292.660400390625], "obj_id": 0}, {"cam_R_m2c": [-0.5292257070541382, -0.7327021360397339, 0.4278638958930969, 0.49405422806739807, 0.1438571810722351, 0.8574470281600952, -0.6898046135902405, 0.6651710867881775, 0.2858617603778839], "cam_t_m2c": [227.33384704589844, 270.18255615234375, 196.5472412109375], "obj_id": 3}, {"cam_R_m2c": [-0.4115174412727356, -0.8018121719360352, -0.43330174684524536, 0.2893063724040985, 0.33591440320014954, -0.8963611125946045, 0.8642655611038208, -0.49422529339790344, 0.09373483806848526], "cam_t_m2c": [-94.08756256103516, 0.7118862271308899, 365.3035583496094], "obj_id": 1}, {"cam_R_m2c": [0.030225107446312904, -0.2848229706287384, 0.958103597164154, -0.5065111517906189, 0.8219916224479675, 0.26033875346183777, -0.8617035746574402, -0.49315887689590454, -0.11942121386528015], "cam_t_m2c": [-120.76016998291016, 531.9815063476562, 29.703243255615234], "obj_id": 0}, {"cam_R_m2c": [-0.05405066907405853, 0.9931092858314514, -0.10398218035697937, 0.21253427863121033, -0.09030623733997345, -0.9729716181755066, -0.9756574630737305, -0.07468965649604797, -0.20618854463100433], "cam_t_m2c": [154.24285888671875, -15.288419723510742, 363.6300048828125], "obj_id": 1}],
  "2": [{"cam_R_m2c": [-0.4250414967536926, 0.8146968483924866, -0.39447277784347534, 0.8501073122024536, 0.5089656114578247, 0.1351723074913025, 0.3108975291252136, -0.2778903543949127, -0.9089112281799316], "cam_t_m2c": [-104.52534484863281, -0.3232667148113251, 364.7943115234375], "obj_id": 1}, {"cam_R_m2c": [0.8733211159706116, 0.48709696531295776, 0.006843403913080692, 0.43618452548980713, -0.7756301164627075, -0.45622488856315613, -0.21691778302192688, 0.40141579508781433, -0.8898382782936096], "cam_t_m2c": [60.06190490722656, 359.8798522949219, 154.85997009277344], "obj_id": 3}, {"cam_R_m2c": [0.047938231378793716, 0.5843190550804138, -0.8101068139076233, 0.7429317235946655, 0.5212540030479431, 0.4199364483356476, 0.6676482558250427, -0.6219850778579712, -0.40912115573883057], "cam_t_m2c": [251.3983917236328, 382.5956726074219, 107.31559753417969], "obj_id": 0}, {"cam_R_m2c": [0.13536925613880157, -0.7207503914833069, 0.6798484325408936, -0.7884504199028015, -0.4938986003398895, -0.3666195869445801, 0.6000174880027771, -0.4863978326320648, -0.6351346373558044], "cam_t_m2c": [181.1803436279297, 166.48008728027344, 318.1272277832031], "obj_id": 3}, {"cam_R_m2c": [0.5704607367515564, -0.6602055430412292, -0.4885725677013397, -0.625558078289032, 0.03621036931872368, -0.7793368101119995, 0.5322138667106628, 0.7502115368843079, -0.3923403322696686], "cam_t_m2c": [48.588836669921875, 337.8994140625, 147.72682189941406], "obj_id": 3}, {"cam_R_m2c": [-0.3001684844493866, -0.7894545197486877, 0.5354067087173462, 0.4558301270008087, -0.6117693781852722, -0.6464959979057312, 0.8379246592521667, 0.049996767193078995, 0.5434911251068115], "cam_t_m2c": [-83.14295959472656, 77.3600845336914, 292.660400390625], "obj_id": 0}, {"cam_R_m2c": [-0.5292257070541382, -0.7327021360397339, 0.4278638958930969, 0.49405422806739807, 0.1438571810722351, 0.8574470281600952, -0.6898046135902405, 0.6651710867881775, 0.2858617603778839], "cam_t_m2c": [227.33384704589844, 270.18255615234375, 196.5472412109375], "obj_id": 3}, {"cam_R_m2c": [-0.4115174412727356, -0.8018121719360352, -0.43330174684524536, 0.2893063724040985, 0.33591440320014954, -0.8963611125946045, 0.8642655611038208, -0.49422529339790344, 0.09373483806848526], "cam_t_m2c": [-94.08756256103516, 0.7118862271308899, 365.3035583496094], "obj_id": 1}, {"cam_R_m2c": [0.030225107446312904, -0.2848229706287384, 0.958103597164154, -0.5065111517906189, 0.8219916224479675, 0.26033875346183777, -0.8617035746574402, -0.49315887689590454, -0.11942121386528015], "cam_t_m2c": [-120.76016998291016, 531.9815063476562, 29.703243255615234], "obj_id": 0}, {"cam_R_m2c": [-0.05405066907405853, 0.9931092858314514, -0.10398218035697937, 0.21253427863121033, -0.09030623733997345, -0.9729716181755066, -0.9756574630737305, -0.07468965649604797, -0.20618854463100433], "cam_t_m2c": [154.24285888671875, -15.288419723510742, 363.6300048828125], "obj_id": 1}]
}