{
  "0": [{"cam_R_m2c": [0.023534201085567474, -0.37855494022369385, -0.9252796173095703, -0.854224681854248, -0.4884442687034607, 0.17810776829719543, -0.5193710923194885, 0.7862050533294678, -0.33486613631248474], "cam_t_m2c": [-602.6557006835938, -50.35466766357422, 698.4708862304688], "obj_id": 3}, {"cam_R_m2c": [0.41458702087402344, -0.8270673751831055, 0.3795749545097351, -0.7928614616394043, -0.12357131391763687, 0.5967419147491455, -0.4466411769390106, -0.5483518242835999, -0.7069808840751648], "cam_t_m2c": [2079.00537109375, -3160.89306640625, -8017.42626953125], "obj_id": 3}, {"cam_R_m2c": [-0.48857444524765015, 0.7875043749809265, -0.37567517161369324, 0.794321596622467, 0.5796067714691162, 0.1819593459367752, 0.3610376715660095, -0.20950621366500854, -0.9087128043174744], "cam_t_m2c": [-337.8765869140625, 75.14442443847656, 907.8782958984375], "obj_id": 2}, {"cam_R_m2c": [0.11681908369064331, -0.2391185313463211, -0.9639375805854797, 0.8237329125404358, -0.5188762545585632, 0.22854246199131012, -0.554813027381897, -0.8207252025604248, 0.13635508716106415], "cam_t_m2c": [-253.5048370361328, -22.40141487121582, 644.679443359375], "obj_id": 3}],
  "1": [{"cam_R_m2c": [-0.13560955226421356, 0.46013516187667847, -0.8774312138557434, -0.8511131405830383, -0.5074425935745239, -0.1345667988061905, -0.5071650147438049, 0.7285447120666504, 0.46044132113456726], "cam_t_m2c": [-402.7153015136719, -230.29371643066406, 1468.824462890625], "obj_id": 3}, {"cam_R_m2c": [0.1490401178598404, -0.8901088237762451, -0.43068927526474, -0.670372486114502, -0.41113463044166565, 0.617712676525116, -0.7269028425216675, 0.19665829837322235, -0.6579800248146057], "cam_t_m2c": [-4204.1796875, -3161.130615234375, -6885.24072265625], "obj_id": 3}, {"cam_R_m2c": [-0.2585211396217346, 0.19385606050491333, -0.946354329586029, 0.6422719955444336, 0.7662537097930908, -0.01848990097641945, 0.7215631604194641, -0.6125969290733337, -0.3226011097431183], "cam_t_m2c": [-115.93792724609375, -13.885836601257324, 1442.7498779296875], "obj_id": 2}, {"cam_R_m2c": [-0.5471246838569641, -0.6099779009819031, -0.5732203125953674, 0.7690520882606506, -0.6366811394691467, -0.056533198803663254, -0.3304745554924011, -0.47176700830459595, 0.8174487352371216], "cam_t_m2c": [-227.65579223632812, -104.78121948242188, 1187.434326171875], "obj_id": 3}]
}