{
  "0": [{"cam_R_m2c": [0.5230828523635864, -0.540213406085968, -0.6592069864273071, -0.5434480309486389, 0.3844137191772461, -0.7462508082389832, 0.6565428972244263, 0.7485957145690918, -0.09249769151210785], "cam_t_m2c": [1053.7176513671875, 12708.333984375, 38320.84375], "obj_id": 0}, {"cam_R_m2c": [0.34943729639053345, -0.12401749938726425, -0.9287159442901611, 0.11352074891328812, 0.9895033240318298, -0.08942168205976486, 0.9300573468208313, -0.07418125122785568, 0.35984793305397034], "cam_t_m2c": [920.207763671875, 17601.93359375, -18846.2578125], "obj_id": 0}, {"cam_R_m2c": [0.7448257803916931, -0.5937604904174805, -0.3044387698173523, -0.49859344959259033, -0.7984609007835388, 0.33743831515312195, -0.4434400498867035, -0.099541574716568, -0.8907594084739685], "cam_t_m2c": [-90.72757720947266, -116.91197204589844, 945.9024047851562], "obj_id": 1}, {"cam_R_m2c": [0.5191584825515747, -0.8492302894592285, -0.09634535014629364, -0.6532438397407532, -0.4669630229473114, 0.5960018038749695, -0.5511325001716614, -0.24648241698741913, -0.7971822619438171], "cam_t_m2c": [998.339599609375, 12659.80078125, 38377.22265625], "obj_id": 0}],
  "1": [{"cam_R_m2c": [0.75401371717453, -0.6446113586425781, -0.1262516975402832, 0.5612053871154785, 0.7320809364318848, -0.38614240288734436, 0.34133824706077576, 0.2203035205602646, 0.9137584567070007], "cam_t_m2c": [-5387.46923828125, 39044.37890625, 1772.9708251953125], "obj_id": 0}, {"cam_R_m2c": [0.24711327254772186, -0.6616504192352295, -0.7079220414161682, 0.968975305557251, 0.17225390672683716, 0.17724373936653137, 0.004668890032917261, -0.7297583222389221, 0.6836892366409302], "cam_t_m2c": [-9636.1015625, -14116.126953125, -19392.28515625], "obj_id": 0}, {"cam_R_m2c": [0.8852914571762085, -0.04295939579606056, -0.4630480110645294, -0.4404924809932709, -0.39667537808418274, -0.8053663372993469, -0.14908172190189362, 0.9169530868530273, -0.3700965940952301], "cam_t_m2c": [-10.774782180786133, -112.60230255126953, 1051.9410400390625], "obj_id": 1}, {"cam_R_m2c": [0.7834402322769165, -0.44424325227737427, -0.4345909655094147, -0.6183999180793762, -0.4878714978694916, -0.6160867214202881, 0.061667777597904205, 0.7514181137084961, -0.6569381356239319], "cam_t_m2c": [-5404.50390625, 39076.30859375, 1858.1461181640625], "obj_id": 0}]
}