{
  "0": [{"cam_R_m2c": [0.8857667446136475, 0.4600287973880768, -0.0615696907043457, 0.17280808091163635, -0.44999781250953674, -0.8761503100395203, -0.43076059222221375, 0.7654250264167786, -0.4780897796154022], "cam_t_m2c": [84.94763946533203, -125.19287872314453, 1057.7828369140625], "obj_id": 1}, {"cam_R_m2c": [0.8857667446136475, 0.4600287973880768, -0.0615696907043457, 0.17280808091163635, -0.44999781250953674, -0.8761503100395203, -0.43076059222221375, 0.7654250264167786, -0.4780897796154022], "cam_t_m2c": [84.94763946533203, -125.19287872314453, 1057.7828369140625], "obj_id": 1}, {"cam_R_m2c": [0.8857667446136475, 0.4600287973880768, -0.0615696907043457, 0.17280808091163635, -0.44999781250953674, -0.8761503100395203, -0.43076059222221375, 0.7654250264167786, -0.4780897796154022], "cam_t_m2c": [84.94763946533203, -125.19287872314453, 1057.7828369140625], "obj_id": 0}, {"cam_R_m2c": [0.8857667446136475, 0.4600287973880768, -0.0615696907043457, 0.17280808091163635, -0.44999781250953674, -0.8761503100395203, -0.43076059222221375, 0.7654250264167786, -0.4780897796154022], "cam_t_m2c": [84.94763946533203, -125.19287872314453, 1057.7828369140625], "obj_id": 0}, {"cam_R_m2c": [0.8857667446136475, 0.4600287973880768, -0.0615696907043457, 0.17280808091163635, -0.44999781250953674, -0.8761503100395203, -0.43076059222221375, 0.7654250264167786, -0.4780897796154022], "cam_t_m2c": [84.94763946533203, -125.19287872314453, 1057.7828369140625], "obj_id": 1}, {"cam_R_m2c": [0.8857667446136475, 0.4600287973880768, -0.0615696907043457, 0.17280808091163635, -0.44999781250953674, -0.8761503100395203, -0.43076059222221375, 0.7654250264167786, -0.4780897796154022], "cam_t_m2c": [84.94763946533203, -125.19287872314453, 1057.7828369140625], "obj_id": 3}, {"cam_R_m2c": [0.8857667446136475, 0.4600287973880768, -0.0615696907043457, 0.17280808091163635, -0.44999781250953674, -0.8761503100395203, -0.43076059222221375, 0.7654250264167786, -0.4780897796154022], "cam_t_m2c": [84.94763946533203, -125.19287872314453, 1057.7828369140625], "obj_id": 1}, {"cam_R_m2c": [0.8857667446136475, 0.4600287973880768, -0.0615696907043457, 0.17280808091163635, -0.44999781250953674, -0.8761503100395203, -0.43076059222221375, 0.7654250264167786, -0.4780897796154022], "cam_t_m2c": [84.94763946533203, -125.19287872314453, 1057.7828369140625], "obj_id": 2}, {"cam_R_m2c": [0.8857667446136475, 0.4600287973880768, -0.0615696907043457, 0.17280808091163635, -0.44999781250953674, -0.8761503100395203, -0.43076059222221375, 0.7654250264167786, -0.4780897796154022], "cam_t_m2c": [84.94763946533203, -125.19287872314453, 1057.7828369140625], "obj_id": 3}, {"cam_R_m2c": [0.8857667446136475, 0.4600287973880768, -0.0615696907043457, 0.17280808091163635, -0.44999781250953674, -0.8761503100395203, -0.43076059222221375, 0.7654250264167786, -0.4780897796154022], "cam_t_m2c": [84.94763946533203, -125.19287872314453, 1057.7828369140625], "obj_id": 1}, {"cam_R_m2c": [0.8857667446136475, 0.4600287973880768, -0.0615696907043457, 0.17280808091163635, -0.44999781250953674, -0.8761503100395203, -0.43076059222221375, 0.7654250264167786, -0.4780897796154022], "cam_t_m2c": [84.94763946533203, -125.19287872314453, 1057.7828369140625], "obj_id": 3}, {"cam_R_m2c": [0.8857667446136475, 0.4600287973880768, -0.0615696907043457, 0.17280808091163635, -0.44999781250953674, -0.8761503100395203, -0.43076059222221375, 0.7654250264167786, -0.4780897796154022], "cam_t_m2c": [84.94763946533203, -125.19287872314453, 1057.7828369140625], "obj_id": 0}, {"cam_R_m2c": [0.3477242588996887, 0.8879585862159729, -0.30102723836898804, -0.8765939474105835, 0.19397129118442535, -0.4404069483280182, -0.33267247676849365, 0.4170188307762146, 0.845827579498291], "cam_t_m2c": [-91.99713134765625, -214.4227752685547, 1176.947509765625], "obj_id": 2}, {"cam_R_m2c": [-0.08738842606544495, -0.4655304551124573, -0.8807069063186646, -0.8967326283454895, -0.34828171133995056, 0.2730758786201477, -0.433859258890152, 0.8136222958564758, -0.3870205581188202], "cam_t_m2c": [-270.1343994140625, 97.06192016601562, 753.0479125976562], "obj_id": 0}, {"cam_R_m2c": [0.24639390408992767, -0.9535253643989563, 0.1734340637922287, 0.6761656999588013, 0.29733121395111084, 0.6740875840187073, -0.6943269968032837, -0.04882090166211128, 0.7180017828941345], "cam_t_m2c": [195.9053497314453, -205.9939727783203, 1139.7098388671875], "obj_id": 3}, {"cam_R_m2c": [0.33016088604927063, 0.5755869150161743, 0.7481266260147095, -0.5301048159599304, 0.7688453793525696, -0.3575831353664398, -0.7810138463973999, -0.27852559089660645, 0.5589640736579895], "cam_t_m2c": [266.16064453125, -193.6444091796875, 1216.7320556640625], "obj_id": 0}],
  "1": [{"cam_R_m2c": [0.8858991265296936, 0.4584622383117676, -0.07067618519067764, 0.17589552700519562, -0.4729791581630707, -0.8633373975753784, -0.42923596501350403, 0.7523981928825378, -0.49965327978134155], "cam_t_m2c": [-46.880027770996094, -22.707530975341797, 893.4931030273438], "obj_id": 0}, {"cam_R_m2c": [0.8858991265296936, 0.4584622383117676, -0.07067618519067764, 0.17589552700519562, -0.4729791581630707, -0.8633373975753784, -0.42923596501350403, 0.7523981928825378, -0.49965327978134155], "cam_t_m2c": [-46.880027770996094, -22.707530975341797, 893.4931030273438], "obj_id": 1}, {"cam_R_m2c": [0.8858991265296936, 0.4584622383117676, -0.07067618519067764, 0.17589552700519562, -0.4729791581630707, -0.8633373975753784, -0.42923596501350403, 0.7523981928825378, -0.49965327978134155], "cam_t_m2c": [-46.880027770996094, -22.707530975341797, 893.4931030273438], "obj_id": 0}, {"cam_R_m2c": [0.8858991265296936, 0.4584622383117676, -0.07067618519067764, 0.17589552700519562, -0.4729791581630707, -0.8633373975753784, -0.42923596501350403, 0.7523981928825378, -0.49965327978134155], "cam_t_m2c": [-46.880027770996094, -22.707530975341797, 893.4931030273438], "obj_id": 0}, {"cam_R_m2c": [0.8858991265296936, 0.4584622383117676, -0.07067618519067764, 0.17589552700519562, -0.4729791581630707, -0.8633373975753784, -0.42923596501350403, 0.7523981928825378, -0.49965327978134155], "cam_t_m2c": [-46.880027770996094, -22.707530975341797, 893.4931030273438], "obj_id": 0}, {"cam_R_m2c": [0.8858991265296936, 0.4584622383117676, -0.07067618519067764, 0.17589552700519562, -0.4729791581630707, -0.8633373975753784, -0.42923596501350403, 0.7523981928825378, -0.49965327978134155], "cam_t_m2c": [-46.880027770996094, -22.707530975341797, 893.4931030273438], "obj_id": 2}, {"cam_R_m2c": [0.8858991265296936, 0.4584622383117676, -0.07067618519067764, 0.17589552700519562, -0.4729791581630707, -0.8633373975753784, -0.42923596501350403, 0.7523981928825378, -0.49965327978134155], "cam_t_m2c": [-46.880027770996094, -22.707530975341797, 893.4931030273438], "obj_id": 2}, {"cam_R_m2c": [0.8858991265296936, 0.4584622383117676, -0.07067618519067764, 0.17589552700519562, -0.4729791581630707, -0.8633373975753784, -0.42923596501350403, 0.7523981928825378, -0.49965327978134155], "cam_t_m2c": [-46.880027770996094, -22.707530975341797, 893.4931030273438], "obj_id": 3}, {"cam_R_m2c": [0.8858991265296936, 0.4584622383117676, -0.07067618519067764, 0.17589552700519562, -0.4729791581630707, -0.8633373975753784, -0.42923596501350403, 0.7523981928825378, -0.49965327978134155], "cam_t_m2c": [-46.880027770996094, -22.707530975341797, 893.4931030273438], "obj_id": 2}, {"cam_R_m2c": [0.8858991265296936, 0.4584622383117676, -0.07067618519067764, 0.17589552700519562, -0.4729791581630707, -0.8633373975753784, -0.42923596501350403, 0.7523981928825378, -0.49965327978134155], "cam_t_m2c": [-46.880027770996094, -22.707530975341797, 893.4931030273438], "obj_id": 2}, {"cam_R_m2c": [0.8858991265296936, 0.4584622383117676, -0.07067618519067764, 0.17589552700519562, -0.4729791581630707, -0.8633373975753784, -0.42923596501350403, 0.7523981928825378, -0.49965327978134155], "cam_t_m2c": [-46.880027770996094, -22.707530975341797, 893.4931030273438], "obj_id": 1}, {"cam_R_m2c": [0.8858991265296936, 0.4584622383117676, -0.07067618519067764, 0.17589552700519562, -0.4729791581630707, -0.8633373975753784, -0.42923596501350403, 0.7523981928825378, -0.49965327978134155], "cam_t_m2c": [-46.880027770996094, -22.707530975341797, 893.4931030273438], "obj_id": 0}, {"cam_R_m2c": [-0.2178630530834198, -0.8049005270004272, -0.5519698858261108, 0.9416688084602356, -0.024718817323446274, -0.3356318473815918, 0.25650617480278015, -0.5928946137428284, 0.763335108757019], "cam_t_m2c": [50.21856689453125, 16.644062042236328, 741.0863647460938], "obj_id": 1}, {"cam_R_m2c": [-0.742490291595459, -0.22868171334266663, -0.6296132206916809, -0.5247418284416199, -0.38565513491630554, 0.7588913440704346, -0.41635817289352417, 0.8938538432121277, 0.16634637117385864], "cam_t_m2c": [-364.7392883300781, 32.56057357788086, 881.2026977539062], "obj_id": 2}, {"cam_R_m2c": [-0.894910991191864, 0.44624239206314087, 0.0013192316982895136, -0.17396871745586395, -0.35160255432128906, 0.919842541217804, 0.4109366238117218, 0.8229478001594543, 0.39228543639183044], "cam_t_m2c": [-20.069467544555664, -105.89466857910156, 1124.513916015625], "obj_id": 3}, {"cam_R_m2c": [-0.3890156149864197, 0.8448815941810608, 0.367208331823349, 0.3504900634288788, -0.23289217054843903, 0.9071482419967651, 0.8519527912139893, 0.4815976917743683, -0.20552392303943634], "cam_t_m2c": [146.0306854248047, 1.1058039665222168, 906.2493896484375], "obj_id": 4}],
  "2": [{"cam_R_m2c": [0.8858991265296936, 0.4584622383117676, -0.07067618519067764, 0.17589552700519562, -0.4729791581630707, -0.8633373975753784, -0.42923596501350403, 0.7523981928825378, -0.49965327978134155], "cam_t_m2c": [-46.880027770996094, -22.707530975341797, 893.4931030273438], "obj_id": 0}, {"cam_R_m2c": [0.8858991265296936, 0.4584622383117676, -0.07067618519067764, 0.17589552700519562, -0.4729791581630707, -0.8633373975753784, -0.42923596501350403, 0.7523981928825378, -0.49965327978134155], "cam_t_m2c": [-46.880027770996094, -22.707530975341797, 893.4931030273438], "obj_id": 1}, {"cam_R_m2c": [0.8858991265296936, 0.4584622383117676, -0.07067618519067764, 0.17589552700519562, -0.4729791581630707, -0.8633373975753784, -0.42923596501350403, 0.7523981928825378, -0.49965327978134155], "cam_t_m2c": [-46.880027770996094, -22.707530975341797, 893.4931030273438], "obj_id": 0}, {"cam_R_m2c": [0.8858991265296936, 0.4584622383117676, -0.07067618519067764, 0.17589552700519562, -0.4729791581630707, -0.8633373975753784, -0.42923596501350403, 0.7523981928825378, -0.49965327978134155], "cam_t_m2c": [-46.880027770996094, -22.707530975341797, 893.4931030273438], "obj_id": 0}, {"cam_R_m2c": [0.8858991265296936, 0.4584622383117676, -0.07067618519067764, 0.17589552700519562, -0.4729791581630707, -0.8633373975753784, -0.42923596501350403, 0.7523981928825378, -0.49965327978134155], "cam_t_m2c": [-46.880027770996094, -22.707530975341797, 893.4931030273438], "obj_id": 0}, {"cam_R_m2c": [0.8858991265296936, 0.4584622383117676, -0.07067618519067764, 0.17589552700519562, -0.4729791581630707, -0.8633373975753784, -0.42923596501350403, 0.7523981928825378, -0.49965327978134155], "cam_t_m2c": [-46.880027770996094, -22.707530975341797, 893.4931030273438], "obj_id": 2}, {"cam_R_m2c": [0.8858991265296936, 0.4584622383117676, -0.07067618519067764, 0.17589552700519562, -0.4729791581630707, -0.8633373975753784, -0.42923596501350403, 0.7523981928825378, -0.49965327978134155], "cam_t_m2c": [-46.880027770996094, -22.707530975341797, 893.4931030273438], "obj_id": 2}, {"cam_R_m2c": [0.8858991265296936, 0.4584622383117676, -0.07067618519067764, 0.17589552700519562, -0.4729791581630707, -0.8633373975753784, -0.42923596501350403, 0.7523981928825378, -0.49965327978134155], "cam_t_m2c": [-46.880027770996094, -22.707530975341797, 893.4931030273438], "obj_id": 3}, {"cam_R_m2c": [0.8858991265296936, 0.4584622383117676, -0.07067618519067764, 0.17589552700519562, -0.4729791581630707, -0.8633373975753784, -0.42923596501350403, 0.7523981928825378, -0.49965327978134155], "cam_t_m2c": [-46.880027770996094, -22.707530975341797, 893.4931030273438], "obj_id": 2}, {"cam_R_m2c": [0.8858991265296936, 0.4584622383117676, -0.07067618519067764, 0.17589552700519562, -0.4729791581630707, -0.8633373975753784, -0.42923596501350403, 0.7523981928825378, -0.49965327978134155], "cam_t_m2c": [-46.880027770996094, -22.707530975341797, 893.4931030273438], "obj_id": 2}, {"cam_R_m2c": [0.8858991265296936, 0.4584622383117676, -0.07067618519067764, 0.17589552700519562, -0.4729791581630707, -0.8633373975753784, -0.42923596501350403, 0.7523981928825378, -0.49965327978134155], "cam_t_m2c": [-46.880027770996094, -22.707530975341797, 893.4931030273438], "obj_id": 1}, {"cam_R_m2c": [0.8858991265296936, 0.4584622383117676, -0.07067618519067764, 0.17589552700519562, -0.4729791581630707, -0.8633373975753784, -0.42923596501350403, 0.7523981928825378, -0.49965327978134155], "cam_t_m2c": [-46.880027770996094, -22.707530975341797, 893.4931030273438], "obj_id": 0}, {"cam_R_m2c": [-0.2178630530834198, -0.8049005270004272, -0.5519698858261108, 0.9416688084602356, -0.024718817323446274, -0.3356318473815918, 0.25650617480278015, -0.5928946137428284, 0.763335108757019], "cam_t_m2c": [50.21856689453125, 16.644062042236328, 741.0863647460938], "obj_id": 1}, {"cam_R_m2c": [-0.742490291595459, -0.22868171334266663, -0.6296132206916809, -0.5247418284416199, -0.38565513491630554, 0.7588913440704346, -0.41635817289352417, 0.8938538432121277, 0.16634637117385864], "cam_t_m2c": [-364.7392883300781, 32.56057357788086, 881.2026977539062], "obj_id": 2}, {"cam_R_m2c": [-0.894910991191864, 0.44624239206314087, 0.0013192316982895136, -0.17396871745586395, -0.35160255432128906, 0.919842541217804, 0.4109366238117218, 0.8229478001594543, 0.39228543639183044], "cam_t_m2c": [-20.069467544555664, -105.89466857910156, 1124.513916015625], "obj_id": 3}, {"cam_R_m2c": [-0.3890156149864197, 0.8448815941810608, 0.367208331823349, 0.3504900634288788, -0.23289217054843903, 0.9071482419967651, 0.8519527912139893, 0.4815976917743683, -0.20552392303943634], "cam_t_m2c": [146.0306854248047, 1.1058039665222168, 906.2493896484375], "obj_id": 4}],
  "3": [{"cam_R_m2c": [0.4901668429374695, -0.8702428936958313, -0.04912984371185303, -0.4833305776119232, -0.2244664430618286, -0.8461715579032898, 0.7253468036651611, 0.4385111927986145, -0.5306410193443298], "cam_t_m2c": [-68.83003997802734, 36.10724639892578, 671.1160888671875], "obj_id": 0}, {"cam_R_m2c": [0.4901668429374695, -0.8702428936958313, -0.04912984371185303, -0.4833305776119232, -0.2244664430618286, -0.8461715579032898, 0.7253468036651611, 0.4385111927986145, -0.5306410193443298], "cam_t_m2c": [-68.83003997802734, 36.10724639892578, 671.1160888671875], "obj_id": 1}, {"cam_R_m2c": [0.4901668429374695, -0.8702428936958313, -0.04912984371185303, -0.4833305776119232, -0.2244664430618286, -0.8461715579032898, 0.7253468036651611, 0.4385111927986145, -0.5306410193443298], "cam_t_m2c": [-68.83003997802734, 36.10724639892578, 671.1160888671875], "obj_id": 0}, {"cam_R_m2c": [0.4901668429374695, -0.8702428936958313, -0.04912984371185303, -0.4833305776119232, -0.2244664430618286, -0.8461715579032898, 0.7253468036651611, 0.4385111927986145, -0.5306410193443298], "cam_t_m2c": [-68.83003997802734, 36.10724639892578, 671.1160888671875], "obj_id": 0}, {"cam_R_m2c": [0.4901668429374695, -0.8702428936958313, -0.04912984371185303, -0.4833305776119232, -0.2244664430618286, -0.8461715579032898, 0.7253468036651611, 0.4385111927986145, -0.5306410193443298], "cam_t_m2c": [-68.83003997802734, 36.10724639892578, 671.1160888671875], "obj_id": 0}, {"cam_R_m2c": [0.4901668429374695, -0.8702428936958313, -0.04912984371185303, -0.4833305776119232, -0.2244664430618286, -0.8461715579032898, 0.7253468036651611, 0.4385111927986145, -0.5306410193443298], "cam_t_m2c": [-68.83003997802734, 36.10724639892578, 671.1160888671875], "obj_id": 2}, {"cam_R_m2c": [0.4901668429374695, -0.8702428936958313, -0.04912984371185303, -0.4833305776119232, -0.2244664430618286, -0.8461715579032898, 0.7253468036651611, 0.4385111927986145, -0.5306410193443298], "cam_t_m2c": [-68.83003997802734, 36.10724639892578, 671.1160888671875], "obj_id": 2}, {"cam_R_m2c": [0.4901668429374695, -0.8702428936958313, -0.04912984371185303, -0.4833305776119232, -0.2244664430618286, -0.8461715579032898, 0.7253468036651611, 0.4385111927986145, -0.5306410193443298], "cam_t_m2c": [-68.83003997802734, 36.10724639892578, 671.1160888671875], "obj_id": 3}, {"cam_R_m2c": [0.4901668429374695, -0.8702428936958313, -0.04912984371185303, -0.4833305776119232, -0.2244664430618286, -0.8461715579032898, 0.7253468036651611, 0.4385111927986145, -0.5306410193443298], "cam_t_m2c": [-68.83003997802734, 36.10724639892578, 671.1160888671875], "obj_id": 2}, {"cam_R_m2c": [0.4901668429374695, -0.8702428936958313, -0.04912984371185303, -0.4833305776119232, -0.2244664430618286, -0.8461715579032898, 0.7253468036651611, 0.4385111927986145, -0.5306410193443298], "cam_t_m2c": [-68.83003997802734, 36.10724639892578, 671.1160888671875], "obj_id": 2}, {"cam_R_m2c": [0.4901668429374695, -0.8702428936958313, -0.04912984371185303, -0.4833305776119232, -0.2244664430618286, -0.8461715579032898, 0.7253468036651611, 0.4385111927986145, -0.5306410193443298], "cam_t_m2c": [-68.83003997802734, 36.10724639892578, 671.1160888671875], "obj_id": 1}, {"cam_R_m2c": [0.4901668429374695, -0.8702428936958313, -0.04912984371185303, -0.4833305776119232, -0.2244664430618286, -0.8461715579032898, 0.7253468036651611, 0.4385111927986145, -0.5306410193443298], "cam_t_m2c": [-68.83003997802734, 36.10724639892578, 671.1160888671875], "obj_id": 0}, {"cam_R_m2c": [0.28466472029685974, 0.45386457443237305, -0.8443771600723267, 0.9288567900657654, 0.08721648901700974, 0.3600252866744995, 0.2370462864637375, -0.886792004108429, -0.3967477083206177], "cam_t_m2c": [84.30651092529297, -50.38959503173828, 728.3173828125], "obj_id": 1}, {"cam_R_m2c": [0.03774949535727501, -0.9685951471328735, 0.2457606941461563, -0.23660793900489807, 0.23027898371219635, 0.943921685218811, -0.9708715081214905, -0.09378144890069962, -0.22048434615135193], "cam_t_m2c": [-40.9533805847168, 221.78399658203125, 408.4620056152344], "obj_id": 2}, {"cam_R_m2c": [-0.47409212589263916, -0.8644489645957947, 0.1672251671552658, 0.48058339953422546, -0.0949210673570633, 0.8717966079711914, -0.7377505302429199, 0.49367770552635193, 0.4604414403438568], "cam_t_m2c": [-306.9328308105469, 67.5267562866211, 728.816650390625], "obj_id": 3}, {"cam_R_m2c": [-0.5418875813484192, -0.4979294240474701, 0.6770702600479126, 0.8398590087890625, -0.3510497510433197, 0.41400599479675293, 0.03153958171606064, 0.7929882407188416, 0.6084200143814087], "cam_t_m2c": [-59.215450286865234, -31.02369499206543, 853.72314453125], "obj_id": 4}],
  "4": [{"cam_R_m2c": [0.4901668429374695, -0.8702428936958313, -0.04912984371185303, -0.4833305776119232, -0.2244664430618286, -0.8461715579032898, 0.7253468036651611, 0.4385111927986145, -0.5306410193443298], "cam_t_m2c": [-68.83003997802734, 36.10724639892578, 671.1160888671875], "obj_id": 0}, {"cam_R_m2c": [0.4901668429374695, -0.8702428936958313, -0.04912984371185303, -0.4833305776119232, -0.2244664430618286, -0.8461715579032898, 0.7253468036651611, 0.4385111927986145, -0.5306410193443298], "cam_t_m2c": [-68.83003997802734, 36.10724639892578, 671.1160888671875], "obj_id": 1}, {"cam_R_m2c": [0.4901668429374695, -0.8702428936958313, -0.04912984371185303, -0.4833305776119232, -0.2244664430618286, -0.8461715579032898, 0.7253468036651611, 0.4385111927986145, -0.5306410193443298], "cam_t_m2c": [-68.83003997802734, 36.10724639892578, 671.1160888671875], "obj_id": 0}, {"cam_R_m2c": [0.4901668429374695, -0.8702428936958313, -0.04912984371185303, -0.4833305776119232, -0.2244664430618286, -0.8461715579032898, 0.7253468036651611, 0.4385111927986145, -0.5306410193443298], "cam_t_m2c": [-68.83003997802734, 36.10724639892578, 671.1160888671875], "obj_id": 0}, {"cam_R_m2c": [0.4901668429374695, -0.8702428936958313, -0.04912984371185303, -0.4833305776119232, -0.2244664430618286, -0.8461715579032898, 0.7253468036651611, 0.4385111927986145, -0.5306410193443298], "cam_t_m2c": [-68.83003997802734, 36.10724639892578, 671.1160888671875], "obj_id": 0}, {"cam_R_m2c": [0.4901668429374695, -0.8702428936958313, -0.04912984371185303, -0.4833305776119232, -0.2244664430618286, -0.8461715579032898, 0.7253468036651611, 0.4385111927986145, -0.5306410193443298], "cam_t_m2c": [-68.83003997802734, 36.10724639892578, 671.1160888671875], "obj_id": 2}, {"cam_R_m2c": [0.4901668429374695, -0.8702428936958313, -0.04912984371185303, -0.4833305776119232, -0.2244664430618286, -0.8461715579032898, 0.7253468036651611, 0.4385111927986145, -0.5306410193443298], "cam_t_m2c": [-68.83003997802734, 36.10724639892578, 671.1160888671875], "obj_id": 2}, {"cam_R_m2c": [0.4901668429374695, -0.8702428936958313, -0.04912984371185303, -0.4833305776119232, -0.2244664430618286, -0.8461715579032898, 0.7253468036651611, 0.4385111927986145, -0.5306410193443298], "cam_t_m2c": [-68.83003997802734, 36.10724639892578, 671.1160888671875], "obj_id": 3}, {"cam_R_m2c": [0.4901668429374695, -0.8702428936958313, -0.04912984371185303, -0.4833305776119232, -0.2244664430618286, -0.8461715579032898, 0.7253468036651611, 0.4385111927986145, -0.5306410193443298], "cam_t_m2c": [-68.83003997802734, 36.10724639892578, 671.1160888671875], "obj_id": 2}, {"cam_R_m2c": [0.4901668429374695, -0.8702428936958313, -0.04912984371185303, -0.4833305776119232, -0.2244664430618286, -0.8461715579032898, 0.7253468036651611, 0.4385111927986145, -0.5306410193443298], "cam_t_m2c": [-68.83003997802734, 36.10724639892578, 671.1160888671875], "obj_id": 2}, {"cam_R_m2c": [0.4901668429374695, -0.8702428936958313, -0.04912984371185303, -0.4833305776119232, -0.2244664430618286, -0.8461715579032898, 0.7253468036651611, 0.4385111927986145, -0.5306410193443298], "cam_t_m2c": [-68.83003997802734, 36.10724639892578, 671.1160888671875], "obj_id": 1}, {"cam_R_m2c": [0.4901668429374695, -0.8702428936958313, -0.04912984371185303, -0.4833305776119232, -0.2244664430618286, -0.8461715579032898, 0.7253468036651611, 0.4385111927986145, -0.5306410193443298], "cam_t_m2c": [-68.83003997802734, 36.10724639892578, 671.1160888671875], "obj_id": 0}, {"cam_R_m2c": [0.28466472029685974, 0.45386457443237305, -0.8443771600723267, 0.9288567900657654, 0.08721648901700974, 0.3600252866744995, 0.2370462864637375, -0.886792004108429, -0.3967477083206177], "cam_t_m2c": [84.30651092529297, -50.38959503173828, 728.3173828125], "obj_id": 1}, {"cam_R_m2c": [0.03774949535727501, -0.9685951471328735, 0.2457606941461563, -0.23660793900489807, 0.23027898371219635, 0.943921685218811, -0.9708715081214905, -0.09378144890069962, -0.22048434615135193], "cam_t_m2c": [-40.9533805847168, 221.78399658203125, 408.4620056152344], "obj_id": 2}, {"cam_R_m2c": [-0.47409212589263916, -0.8644489645957947, 0.1672251671552658, 0.48058339953422546, -0.0949210673570633, 0.8717966079711914, -0.7377505302429199, 0.49367770552635193, 0.4604414403438568], "cam_t_m2c": [-306.9328308105469, 67.5267562866211, 728.816650390625], "obj_id": 3}, {"cam_R_m2c": [-0.5418875813484192, -0.4979294240474701, 0.6770702600479126, 0.8398590087890625, -0.3510497510433197, 0.41400599479675293, 0.03153958171606064, 0.7929882407188416, 0.6084200143814087], "cam_t_m2c": [-59.215450286865234, -31.02369499206543, 853.72314453125], "obj_id": 4}]
}