{
  "0": [{"cam_R_m2c": [-0.6955114006996155, 0.09561800211668015, -0.712124228477478, -0.30321380496025085, 0.859472930431366, 0.41154301166534424, 0.6514024138450623, 0.5021588206291199, -0.5687804818153381], "cam_t_m2c": [-168.499267578125, -50.245506286621094, 1239.7353515625], "obj_id": 3}, {"cam_R_m2c": [-0.546998918056488, 0.23505762219429016, -0.8034549951553345, 0.5451183319091797, -0.6283830404281616, -0.5549600124359131, -0.6353251338005066, -0.7415406107902527, 0.21559076011180878], "cam_t_m2c": [67.55814361572266, -89.36769104003906, 1060.1944580078125], "obj_id": 3}, {"cam_R_m2c": [-0.5879541039466858, 0.13614073395729065, 0.7973553538322449, 0.35003945231437683, -0.8458375930786133, 0.40253081917762756, 0.7292340397834778, 0.5157755017280579, 0.449659138917923], "cam_t_m2c": [138.24314880371094, -177.97438049316406, 1236.57568359375], "obj_id": 3}, {"cam_R_m2c": [0.17578686773777008, 0.27360478043556213, -0.9456422924995422, 0.6387540698051453, -0.762631356716156, -0.10191488265991211, -0.7490609288215637, -0.5861175656318665, -0.3088267147541046], "cam_t_m2c": [27.333656311035156, -55.18074417114258, 1032.93701171875], "obj_id": 3}, {"cam_R_m2c": [0.7148446440696716, -0.37559401988983154, 0.5898527503013611, -0.6962474584579468, -0.46079912781715393, 0.5503669381141663, 0.06508906930685043, -0.8041103482246399, -0.5909062027931213], "cam_t_m2c": [-61.71184158325195, 59.790626525878906, 1025.9334716796875], "obj_id": 3}, {"cam_R_m2c": [0.4709910750389099, -0.4167552888393402, 0.777484655380249, -0.6982492804527283, -0.7147436141967773, 0.03986694663763046, 0.5390875339508057, -0.5616551041603088, -0.6276369094848633], "cam_t_m2c": [-83.30187225341797, 86.66023254394531, 1297.7252197265625], "obj_id": 3}, {"cam_R_m2c": [-0.07022972404956818, -0.975221574306488, -0.2097867727279663, 0.47170111536979675, 0.15284089744091034, -0.8684109449386597, 0.8789571523666382, -0.15994501113891602, 0.449279248714447], "cam_t_m2c": [-101.7134017944336, 16.44713020324707, 1393.159912109375], "obj_id": 3}, {"cam_R_m2c": [0.16209320724010468, 0.06660842150449753, 0.984524667263031, 0.8662675023078918, -0.4873986542224884, -0.10964790731668472, 0.47255274653434753, 0.8706350326538086, -0.13670451939105988], "cam_t_m2c": [-184.5701904296875, -37.35443115234375, 1277.1822509765625], "obj_id": 3}, {"cam_R_m2c": [0.34057560563087463, -0.9130639433860779, -0.2243266999721527, 0.7722240090370178, 0.1355387270450592, 0.6207248568534851, -0.536356508731842, -0.38463419675827026, 0.7512511014938354], "cam_t_m2c": [58.2337760925293, -123.34410858154297, 993.6800537109375], "obj_id": 3}, {"cam_R_m2c": [0.19973121583461761, 0.9787383079528809, 0.046676646918058395, 0.43727487325668335, -0.04640229418873787, -0.8981299996376038, -0.8768683671951294, 0.19979509711265564, -0.437245637178421], "cam_t_m2c": [69.06173706054688, -67.02979278564453, 1126.8297119140625], "obj_id": 3}, {"cam_R_m2c": [0.9961048364639282, -0.08678730577230453, 0.015590501949191093, -0.08043987303972244, -0.8219655752182007, 0.5638278126716614, -0.03611823916435242, -0.5628857016563416, -0.8257451057434082], "cam_t_m2c": [138.283447265625, -30.85438346862793, 1401.7259521484375], "obj_id": 3}, {"cam_R_m2c": [-0.11634837090969086, -0.9545397758483887, 0.27443885803222656, 0.0009802340064197779, -0.27642562985420227, -0.9610347151756287, 0.9932079315185547, -0.11154588311910629, 0.033097442239522934], "cam_t_m2c": [-47.77603530883789, 41.4155387878418, 1316.9100341796875], "obj_id": 3}, {"cam_R_m2c": [-0.8118464350700378, -0.5807990431785583, -0.05981532111763954, 0.5646400451660156, -0.8070521354675293, 0.17276722192764282, -0.14861711859703064, 0.10648632794618607, 0.9831447601318359], "cam_t_m2c": [-205.3861846923828, -3.6746151447296143, 1407.44921875], "obj_id": 3}, {"cam_R_m2c": [0.594325602054596, -0.1709122210741043, 0.7858536839485168, 0.7204666137695312, -0.3210501968860626, -0.6146984696388245, 0.3573581278324127, 0.9315124154090881, -0.06767168641090393], "cam_t_m2c": [-266.5687561035156, -31.537809371948242, 1367.196533203125], "obj_id": 3}, {"cam_R_m2c": [-0.6919740438461304, 0.6904764771461487, -0.21074634790420532, -0.7090157866477966, -0.5950472354888916, 0.37843799591064453, 0.13589850068092346, 0.41129177808761597, 0.9013160467147827], "cam_t_m2c": [55.09861373901367, 7.16448450088501, 1375.252685546875], "obj_id": 3}, {"cam_R_m2c": [-0.24495509266853333, 0.7335797548294067, -0.633922815322876, 0.6114063262939453, -0.3905636668205261, -0.6882171034812927, -0.752449095249176, -0.5561664700508118, -0.3528449237346649], "cam_t_m2c": [50.894779205322266, 133.5454864501953, 1276.67529296875], "obj_id": 3}, {"cam_R_m2c": [-0.7556795477867126, -0.6294528841972351, -0.1809345930814743, 0.4585936963558197, -0.7057726383209229, 0.5399783849716187, -0.4675896465778351, 0.3250751793384552, 0.8220012187957764], "cam_t_m2c": [39.94721603393555, -233.93978881835938, 1150.1087646484375], "obj_id": 3}, {"cam_R_m2c": [0.7698737382888794, 0.48395591974258423, 0.41603004932403564, 0.17176684737205505, 0.47070080041885376, -0.8654113411903381, -0.6146466135978699, 0.7377176284790039, 0.2792526185512543], "cam_t_m2c": [-118.85621643066406, -64.83379364013672, 1374.485107421875], "obj_id": 3}, {"cam_R_m2c": [-0.1852492094039917, 0.8795133233070374, -0.4383363723754883, -0.8591102957725525, -0.36150458455085754, -0.362275630235672, -0.4770869314670563, 0.30946803092956543, 0.8225676417350769], "cam_t_m2c": [147.5391387939453, -202.33917236328125, 1088.6337890625], "obj_id": 3}, {"cam_R_m2c": [0.9539507627487183, 0.2999493181705475, -0.0028811802621930838, 0.2981724739074707, -0.9471641778945923, 0.11820707470178604, 0.032727181911468506, -0.11362281441688538, -0.9929846525192261], "cam_t_m2c": [-53.738101959228516, -324.6214904785156, 1240.5072021484375], "obj_id": 3}, {"cam_R_m2c": [0.7336335778236389, -0.005261564627289772, 0.679524838924408, 0.5709206461906433, -0.5375636219978333, -0.6205438375473022, 0.36855295300483704, 0.8432065844535828, -0.3913707435131073], "cam_t_m2c": [-50.50072479248047, -57.116539001464844, 941.3126831054688], "obj_id": 3}, {"cam_R_m2c": [0.8655347228050232, -0.2899928092956543, -0.4083550274372101, -0.4930006265640259, -0.6370652318000793, -0.5925351977348328, -0.08831789344549179, 0.7141790986061096, -0.6943687200546265], "cam_t_m2c": [20.15302276611328, -219.2767333984375, 1327.6710205078125], "obj_id": 3}, {"cam_R_m2c": [0.1037311926484108, -0.6523265838623047, -0.7508062124252319, 0.2218196988105774, -0.7206925749778748, 0.6568093299865723, -0.9695545434951782, -0.23467524349689484, 0.0699404627084732], "cam_t_m2c": [-114.23860931396484, 10.175604820251465, 1428.4354248046875], "obj_id": 3}, {"cam_R_m2c": [0.6305415630340576, 0.7716892957687378, 0.08314448595046997, -0.5750293731689453, 0.5364099144935608, -0.6177423596382141, -0.5213046669960022, 0.3417017161846161, 0.7819727063179016], "cam_t_m2c": [-127.11920166015625, 73.27188110351562, 1361.8883056640625], "obj_id": 3}, {"cam_R_m2c": [0.7055802345275879, 0.4064551889896393, -0.5804745554924011, -0.6970580220222473, 0.5455294847488403, -0.46530380845069885, 0.12754079699516296, 0.7329336404800415, 0.6682376861572266], "cam_t_m2c": [-139.25291442871094, -30.89487648010254, 1385.9736328125], "obj_id": 3}, {"cam_R_m2c": [0.6753653883934021, -0.03736679255962372, -0.7365360260009766, -0.7188908457756042, -0.2561969459056854, -0.646187961101532, -0.16455237567424774, 0.9659019708633423, -0.1998891681432724], "cam_t_m2c": [-141.46035766601562, -145.4758758544922, 1035.0758056640625], "obj_id": 3}, {"cam_R_m2c": [0.5913968682289124, -0.07856597006320953, -0.802544116973877, 0.10610376298427582, -0.9790075421333313, 0.17402920126914978, -0.7993695735931396, -0.1880732774734497, -0.5706458687782288], "cam_t_m2c": [-47.189476013183594, -181.0955352783203, 1329.62109375], "obj_id": 3}, {"cam_R_m2c": [0.994504451751709, -0.10407997667789459, 0.011325829662382603, -0.09408166259527206, -0.9359069466590881, -0.3394504487514496, 0.0459299199283123, 0.33651942014694214, -0.9405556321144104], "cam_t_m2c": [151.98118591308594, -278.03448486328125, 1210.5645751953125], "obj_id": 3}, {"cam_R_m2c": [-0.5618235468864441, -0.24165159463882446, -0.7911756038665771, 0.11062850058078766, -0.9697408676147461, 0.21763277053833008, -0.819826602935791, 0.03474464267492294, 0.571556806564331], "cam_t_m2c": [146.41468811035156, -34.95484161376953, 1460.38134765625], "obj_id": 1}, {"cam_R_m2c": [0.14628618955612183, 0.2616056799888611, 0.9540244936943054, -0.2931114435195923, -0.909630537033081, 0.29437679052352905, 0.9448205828666687, -0.3226987421512604, -0.05638663098216057], "cam_t_m2c": [-67.89776611328125, -5.774315357208252, 1077.9453125], "obj_id": 1}, {"cam_R_m2c": [0.44896724820137024, -0.20769871771335602, -0.8690739870071411, 0.6654551029205322, 0.7268029451370239, 0.1700792759656906, 0.5963202714920044, -0.6546897292137146, 0.46452489495277405], "cam_t_m2c": [-181.08641052246094, -83.73859405517578, 1311.9720458984375], "obj_id": 1}, {"cam_R_m2c": [0.054998479783535004, 0.9978379607200623, -0.0359785370528698, -0.7746325135231018, 0.019904688000679016, -0.6320982575416565, -0.63001549243927, 0.06263455748558044, 0.7740525603294373], "cam_t_m2c": [-96.93421173095703, -81.29802703857422, 991.6903686523438], "obj_id": 1}, {"cam_R_m2c": [-0.601677656173706, 0.1096201092004776, -0.7911809682846069, -0.6963589787483215, 0.41319525241851807, 0.586816668510437, 0.39123910665512085, 0.9040204882621765, -0.1722753494977951], "cam_t_m2c": [95.6424560546875, -47.384796142578125, 1486.011474609375], "obj_id": 1}, {"cam_R_m2c": [0.14916884899139404, 0.1515275239944458, 0.9771325588226318, -0.979649007320404, -0.11156809329986572, 0.16685427725315094, 0.13429982960224152, -0.9821364283561707, 0.1318013072013855], "cam_t_m2c": [42.475746154785156, -299.499267578125, 1389.700927734375], "obj_id": 1}, {"cam_R_m2c": [-0.7237681150436401, -0.6855788230895996, -0.07836619019508362, 0.5349509716033936, -0.6292020082473755, 0.5638547539710999, -0.4358750581741333, 0.366178035736084, 0.8221475481987], "cam_t_m2c": [-7.2011027336120605, -76.03155517578125, 1514.4447021484375], "obj_id": 1}, {"cam_R_m2c": [-0.24280548095703125, -0.648562490940094, 0.7213959693908691, 0.6239938139915466, 0.4649653434753418, 0.6280437111854553, -0.7427497506141663, 0.6026390790939331, 0.29180288314819336], "cam_t_m2c": [80.63629150390625, -54.02253341674805, 1120.620361328125], "obj_id": 1}, {"cam_R_m2c": [0.42041015625, -0.021265745162963867, 0.9070848822593689, 0.13193124532699585, 0.9905331134796143, -0.03792457655072212, -0.8976911306381226, 0.1356167197227478, 0.41923582553863525], "cam_t_m2c": [90.05968475341797, -169.20550537109375, 1178.097412109375], "obj_id": 1}, {"cam_R_m2c": [0.9905778765678406, 0.0908903181552887, -0.10244246572256088, -0.13413429260253906, 0.7948212623596191, -0.5918336510658264, 0.027631498873233795, 0.5999983549118042, 0.7995238900184631], "cam_t_m2c": [132.73243713378906, -70.0608901977539, 1464.5797119140625], "obj_id": 1}, {"cam_R_m2c": [0.4086657762527466, 0.7171585559844971, -0.5645138025283813, 0.9105427861213684, -0.3627074658870697, 0.19838103652000427, -0.062482718378305435, -0.5950855016708374, -0.8012296557426453], "cam_t_m2c": [-184.78233337402344, -69.35769653320312, 1194.5401611328125], "obj_id": 1}, {"cam_R_m2c": [0.033049412071704865, -0.9557543992996216, -0.2923036515712738, -0.2815764546394348, 0.2717127501964569, -0.9202646613121033, 0.9589695334434509, 0.11272011697292328, -0.26013803482055664], "cam_t_m2c": [21.14385223388672, 91.96500396728516, 1223.677734375], "obj_id": 1}, {"cam_R_m2c": [-0.6239718198776245, 0.7810413837432861, -0.025166908279061317, -0.41580939292907715, -0.3045766353607178, 0.8569337725639343, 0.6616355180740356, 0.5451672077178955, 0.5148116946220398], "cam_t_m2c": [43.264854431152344, -128.86337280273438, 1555.2449951171875], "obj_id": 1}, {"cam_R_m2c": [-0.37395206093788147, 0.030242815613746643, 0.9269547462463379, 0.4851047992706299, -0.8454684019088745, 0.2232852578163147, 0.7904638051986694, 0.5331681966781616, 0.3014938533306122], "cam_t_m2c": [146.95582580566406, -248.7156982421875, 1135.6419677734375], "obj_id": 1}, {"cam_R_m2c": [0.9355985522270203, -0.056744638830423355, 0.3484758734703064, -0.1719243973493576, -0.9352985620498657, 0.309286892414093, 0.3083786368370056, -0.34927988052368164, -0.884819746017456], "cam_t_m2c": [-97.16707611083984, 118.03340148925781, 1304.8695068359375], "obj_id": 1}, {"cam_R_m2c": [0.2776469588279724, 0.31266042590141296, 0.9083806276321411, 0.6999818682670593, -0.7134599089622498, 0.03161998465657234, 0.6579797267913818, 0.6270709037780762, -0.4169464707374573], "cam_t_m2c": [-54.133338928222656, 68.19031524658203, 1181.6038818359375], "obj_id": 1}, {"cam_R_m2c": [0.46341633796691895, -0.8470428586006165, -0.2603146433830261, -0.3504122197628021, 0.09465233981609344, -0.9318004846572876, 0.8139143586158752, 0.5230289697647095, -0.2529507279396057], "cam_t_m2c": [-138.599609375, -71.339599609375, 1356.7890625], "obj_id": 1}, {"cam_R_m2c": [-0.7001996636390686, -0.7122719883918762, 0.048875659704208374, 0.6170065999031067, -0.5692638158798218, 0.5433610677719116, -0.3591977655887604, 0.4106179177761078, 0.8380751013755798], "cam_t_m2c": [-10.61663818359375, 65.2120590209961, 1363.56591796875], "obj_id": 1}, {"cam_R_m2c": [0.7092803120613098, 0.37732747197151184, 0.5954371690750122, -0.6659377813339233, 0.6356819272041321, 0.39042964577674866, -0.2311888039112091, -0.6734481453895569, 0.7021533250808716], "cam_t_m2c": [-90.94436645507812, 50.09592819213867, 1247.854248046875], "obj_id": 1}, {"cam_R_m2c": [-0.9050027132034302, 0.12265723198652267, -0.40733906626701355, 0.30112239718437195, -0.49166083335876465, -0.8170647025108337, -0.300491601228714, -0.8621047735214233, 0.4080197215080261], "cam_t_m2c": [95.4133071899414, -134.96839904785156, 1008.2723999023438], "obj_id": 1}, {"cam_R_m2c": [0.1150517538189888, -0.8344125747680664, 0.5389977693557739, -0.728538453578949, 0.2979753017425537, 0.61680006980896, -0.6752737760543823, -0.46364450454711914, -0.5736190676689148], "cam_t_m2c": [106.49724578857422, -201.3658447265625, 1267.703857421875], "obj_id": 1}, {"cam_R_m2c": [0.3475106954574585, -0.23467501997947693, -0.9078347086906433, 0.8716062903404236, 0.4378339350223541, 0.22046279907226562, 0.34574371576309204, -0.8678876757621765, 0.3566962480545044], "cam_t_m2c": [-66.18914031982422, -138.27914428710938, 1260.5660400390625], "obj_id": 1}, {"cam_R_m2c": [0.9284353256225586, -0.3216204345226288, -0.18592499196529388, 0.21890051662921906, 0.8779938817024231, -0.4256868064403534, 0.3001505732536316, 0.35452359914779663, 0.8855634331703186], "cam_t_m2c": [173.7989501953125, -103.68373107910156, 1152.9658203125], "obj_id": 1}, {"cam_R_m2c": [0.7039702534675598, -0.39613375067710876, -0.5894946455955505, -0.5916425585746765, -0.7862652540206909, -0.17817381024360657, -0.39291852712631226, 0.47419917583465576, -0.7878769040107727], "cam_t_m2c": [7.257981300354004, -91.71367645263672, 1054.84228515625], "obj_id": 1}, {"cam_R_m2c": [0.5255103707313538, -0.8059887290000916, -0.2724352180957794, 0.5763664245605469, 0.10172153264284134, 0.8108355402946472, -0.6258118748664856, -0.5831249952316284, 0.5180006623268127], "cam_t_m2c": [214.05722045898438, -65.78518676757812, 1154.0465087890625], "obj_id": 1}, {"cam_R_m2c": [0.28483402729034424, -0.6093848347663879, -0.739945650100708, -0.9157532453536987, 0.05515999346971512, -0.39793628454208374, 0.28331172466278076, 0.7909534573554993, -0.5423346757888794], "cam_t_m2c": [174.0682830810547, -113.060546875, 1186.6134033203125], "obj_id": 1}, {"cam_R_m2c": [0.521295428276062, -0.7009357810020447, 0.48676493763923645, -0.8239738345146179, -0.26498597860336304, 0.5008487701416016, -0.22207696735858917, -0.6621717810630798, -0.7156887054443359], "cam_t_m2c": [-76.31959533691406, 26.37213897705078, 1323.653076171875], "obj_id": 1}, {"cam_R_m2c": [-0.7227457165718079, 0.6520324945449829, -0.22911208868026733, 0.6599187850952148, 0.5526218414306641, -0.5090347528457642, -0.20529484748840332, -0.5190980434417725, -0.8296935558319092], "cam_t_m2c": [-56.84227752685547, -207.56753540039062, 1370.8037109375], "obj_id": 1}, {"cam_R_m2c": [0.02930537238717079, 0.9994502663612366, 0.015502344816923141, -0.9763224720954895, 0.025294935330748558, 0.21483613550662994, 0.2143259048461914, -0.02143114060163498, 0.9765270948410034], "cam_t_m2c": [-138.3665008544922, -224.10205078125, 1274.96923828125], "obj_id": 1}, {"cam_R_m2c": [0.6977692246437073, 0.3843555450439453, 0.6044740676879883, -0.5061182975769043, 0.8616989254951477, 0.036320820450782776, -0.5069145560264587, -0.3312789499759674, 0.7957963943481445], "cam_t_m2c": [79.7546615600586, -144.9435577392578, 1250.5360107421875], "obj_id": 1}, {"cam_R_m2c": [-0.1548868715763092, -0.13502459228038788, 0.9786614775657654, -0.10286068171262741, -0.9830279350280762, -0.15190617740154266, 0.9825627207756042, -0.12419407814741135, 0.1383695751428604], "cam_t_m2c": [-10.650108337402344, -216.97418212890625, 1127.4920654296875], "obj_id": 1}, {"cam_R_m2c": [0.2349986582994461, 0.969800591468811, 0.06528586149215698, 0.852872908115387, -0.173514261841774, -0.4924432635307312, -0.46624380350112915, 0.17140401899814606, -0.8678922653198242], "cam_t_m2c": [-78.65067291259766, 90.6715087890625, 1211.543212890625], "obj_id": 1}, {"cam_R_m2c": [-0.11538299173116684, -0.24372448027133942, 0.9629563093185425, 0.7660296559333801, 0.595323383808136, 0.24246348440647125, -0.6323646306991577, 0.7656294107437134, 0.11801008135080338], "cam_t_m2c": [55.090145111083984, 113.42130279541016, 1216.1134033203125], "obj_id": 1}, {"cam_R_m2c": [0.7925259470939636, -0.1766659915447235, 0.5836880207061768, 0.5293718576431274, -0.27588656544685364, -0.8022791147232056, 0.30276718735694885, 0.9448150396347046, -0.1251252293586731], "cam_t_m2c": [-130.19342041015625, -64.89415740966797, 1339.60205078125], "obj_id": 1}, {"cam_R_m2c": [-0.3301180601119995, -0.9313714504241943, -0.15352250635623932, -0.7183420658111572, 0.3533887267112732, -0.5992503762245178, 0.6123778223991394, -0.08754172176122665, -0.7857033014297485], "cam_t_m2c": [-99.93839263916016, -163.54739379882812, 1112.02978515625], "obj_id": 1}, {"cam_R_m2c": [0.23321953415870667, -0.8241345882415771, -0.5161499977111816, 0.5580453872680664, 0.5481141209602356, -0.6230218410491943, 0.7963629364967346, -0.14273427426815033, 0.5877354145050049], "cam_t_m2c": [155.77980041503906, -228.25152587890625, 1196.1351318359375], "obj_id": 1}, {"cam_R_m2c": [0.5401475429534912, -0.06989630311727524, -0.8386626839637756, -0.7818090319633484, 0.32715412974357605, -0.5307962894439697, 0.31147265434265137, 0.9423823952674866, 0.1220659539103508], "cam_t_m2c": [-58.568321228027344, 49.322059631347656, 1355.9349365234375], "obj_id": 1}, {"cam_R_m2c": [0.1182972863316536, 0.4811726212501526, 0.8686072826385498, -0.021572662517428398, 0.8757885098457336, -0.48221269249916077, -0.9927438497543335, 0.03830627724528313, 0.11398357897996902], "cam_t_m2c": [220.92269897460938, -92.51234436035156, 1225.341552734375], "obj_id": 1}, {"cam_R_m2c": [0.7182727456092834, -0.6381675601005554, -0.2771758437156677, -0.6501352787017822, -0.4737229645252228, -0.5940629839897156, 0.24780713021755219, 0.6069010496139526, -0.7551575303077698], "cam_t_m2c": [75.113525390625, -86.04764556884766, 993.351318359375], "obj_id": 1}, {"cam_R_m2c": [0.5697503685951233, -0.5211762189865112, -0.6354210376739502, -0.6306134462356567, -0.7730569243431091, 0.06862635165452957, -0.5269830822944641, 0.361605167388916, -0.7691101431846619], "cam_t_m2c": [111.67597198486328, -244.93179321289062, 1191.7039794921875], "obj_id": 1}, {"cam_R_m2c": [-0.7144572138786316, 0.4839968681335449, -0.5052697658538818, -0.5258736610412598, 0.10489466786384583, 0.84406977891922, 0.4615271985530853, 0.8687599897384644, 0.17957867681980133], "cam_t_m2c": [-56.417266845703125, -95.43421936035156, 1373.688720703125], "obj_id": 1}, {"cam_R_m2c": [0.9699612855911255, -0.026871656998991966, 0.2417706698179245, -0.24230630695819855, -0.1946205347776413, 0.9504790306091309, 0.021512607112526894, -0.9805103540420532, -0.19528555870056152], "cam_t_m2c": [3.602930784225464, -105.14764404296875, 1218.177001953125], "obj_id": 1}, {"cam_R_m2c": [0.6952072978019714, 0.43522095680236816, 0.5720747709274292, 0.060598671436309814, -0.828517496585846, 0.5566746592521667, 0.7162503600120544, -0.3523373305797577, -0.602365255355835], "cam_t_m2c": [-23.429990768432617, -52.6102180480957, 1086.4864501953125], "obj_id": 1}, {"cam_R_m2c": [0.9539778232574463, -0.22384963929653168, 0.19954347610473633, 0.034515414386987686, 0.7429589033126831, 0.6684465408325195, -0.29788410663604736, -0.6307958364486694, 0.7164925932884216], "cam_t_m2c": [-48.27497482299805, -40.325504302978516, 1376.5919189453125], "obj_id": 1}, {"cam_R_m2c": [-0.581294596195221, 0.20158688724040985, 0.7883267402648926, -0.8134508728981018, -0.1676042377948761, -0.556961715221405, 0.019850771874189377, -0.9650240540504456, 0.26140859723091125], "cam_t_m2c": [32.279014587402344, -109.85748291015625, 1454.276611328125], "obj_id": 1}, {"cam_R_m2c": [0.24382707476615906, 0.7018435597419739, -0.6693010926246643, -0.03186578303575516, -0.6839596033096313, -0.7288235425949097, -0.9692950248718262, 0.1990347057580948, -0.14440302550792694], "cam_t_m2c": [24.993675231933594, -111.52400207519531, 1077.6336669921875], "obj_id": 1}, {"cam_R_m2c": [-0.45531153678894043, -0.7190216183662415, 0.5250705480575562, -0.12054266035556793, -0.5345327854156494, -0.8365069627761841, 0.8821341395378113, -0.44416478276252747, 0.1567063331604004], "cam_t_m2c": [176.67633056640625, -107.55660247802734, 1213.5718994140625], "obj_id": 1}, {"cam_R_m2c": [0.5311061143875122, 0.6695053577423096, -0.5193157196044922, -0.3280417323112488, -0.40262988209724426, -0.8545627593994141, -0.7812265157699585, 0.6242207288742065, 0.005786593537777662], "cam_t_m2c": [-55.205284118652344, -78.8353271484375, 1402.4781494140625], "obj_id": 1}, {"cam_R_m2c": [0.654549241065979, 0.4630416929721832, -0.5976266860961914, -0.0886726826429367, 0.8320555686950684, 0.5475588440895081, 0.7508012056350708, -0.30541104078292847, 0.5856804847717285], "cam_t_m2c": [-187.68994140625, -154.25799560546875, 1142.6326904296875], "obj_id": 1}, {"cam_R_m2c": [-0.9666274189949036, -0.14204411208629608, -0.21320146322250366, 0.24976560473442078, -0.7076699733734131, -0.6609238386154175, -0.0569959320127964, -0.6921175122261047, 0.7195309400558472], "cam_t_m2c": [60.296688079833984, -107.36529541015625, 1020.1026000976562], "obj_id": 1}, {"cam_R_m2c": [-0.4878864884376526, -0.7894702553749084, -0.3724290132522583, 0.8465263843536377, -0.5320146083831787, 0.018797926604747772, -0.21297810971736908, -0.3060997426509857, 0.9278702735900879], "cam_t_m2c": [73.64617156982422, -46.5546989440918, 1022.8085327148438], "obj_id": 1}, {"cam_R_m2c": [-0.033069074153900146, 0.7254131436347961, 0.6875189542770386, -0.5799021124839783, 0.5463368892669678, -0.6043422818183899, -0.8140147924423218, -0.4186786711215973, 0.4026017189025879], "cam_t_m2c": [-124.09921264648438, -143.50173950195312, 1014.6973266601562], "obj_id": 1}, {"cam_R_m2c": [-0.5702663660049438, -0.8214503526687622, -0.003919530194252729, -0.4524496793746948, 0.3101096451282501, 0.836134672164917, -0.6856276988983154, 0.47859299182891846, -0.548509955406189], "cam_t_m2c": [-29.287578582763672, -48.78815460205078, 1090.0902099609375], "obj_id": 1}, {"cam_R_m2c": [0.9685384035110474, 0.15593652427196503, -0.19395144283771515, -0.0790313109755516, 0.9317296743392944, 0.3544486165046692, 0.2359818071126938, -0.32796886563301086, 0.9147398471832275], "cam_t_m2c": [-4.3629889488220215, 18.838720321655273, 1185.6177978515625], "obj_id": 1}, {"cam_R_m2c": [0.8040226697921753, -0.41679254174232483, 0.4240654706954956, -0.5541035532951355, -0.26651185750961304, 0.7886321544647217, -0.21567752957344055, -0.8690543174743652, -0.44522780179977417], "cam_t_m2c": [-144.96969604492188, 70.6700439453125, 1359.0936279296875], "obj_id": 3}, {"cam_R_m2c": [0.0022401914466172457, 0.8370522856712341, 0.5471182465553284, 0.9996444582939148, -0.016411451622843742, 0.02101532369852066, 0.02656993642449379, 0.5468766689300537, -0.836791455745697], "cam_t_m2c": [135.10601806640625, 31.96316146850586, 1342.49365234375], "obj_id": 1}, {"cam_R_m2c": [-0.8336666226387024, -0.1507655680179596, -0.5312903523445129, 0.16255803406238556, 0.8524083495140076, -0.4969656467437744, 0.5278016328811646, -0.5006692409515381, -0.6861162781715393], "cam_t_m2c": [-158.70516967773438, -233.32843017578125, 1138.48828125], "obj_id": 1}, {"cam_R_m2c": [0.5184975862503052, -0.02096797339618206, 0.8548218607902527, 0.8492511510848999, 0.12914609909057617, -0.5119507312774658, -0.09966225177049637, 0.9914037585258484, 0.08476907759904861], "cam_t_m2c": [-16.27280616760254, -197.7683868408203, 1425.5150146484375], "obj_id": 1}, {"cam_R_m2c": [-0.33798831701278687, 0.3820652365684509, -0.8601105213165283, -0.6510741710662842, 0.5650061368942261, 0.5068240165710449, 0.6796075105667114, 0.7312963008880615, 0.05778731033205986], "cam_t_m2c": [-158.7476348876953, -210.35321044921875, 1105.39794921875], "obj_id": 1}, {"cam_R_m2c": [0.6417306065559387, 0.2906528413295746, 0.7097201347351074, -0.44081375002861023, -0.6174789667129517, 0.6514619588851929, 0.6275866627693176, -0.7309174537658691, -0.268131285905838], "cam_t_m2c": [-43.23832702636719, 71.96395874023438, 1370.5982666015625], "obj_id": 3}, {"cam_R_m2c": [-0.6714679002761841, 0.5089086890220642, 0.5386489033699036, -0.348147451877594, -0.8583194017410278, 0.37693631649017334, 0.6541590094566345, 0.06557139754295349, 0.7535093426704407], "cam_t_m2c": [-100.34209442138672, -207.33004760742188, 1284.2108154296875], "obj_id": 1}, {"cam_R_m2c": [-0.9742044806480408, 0.20617234706878662, -0.0917511135339737, 0.21601270139217377, 0.9696198105812073, -0.1147865355014801, 0.06529788672924042, -0.13164497911930084, -0.9891437888145447], "cam_t_m2c": [70.98117065429688, -270.24652099609375, 1405.950439453125], "obj_id": 1}, {"cam_R_m2c": [-0.3265898823738098, -0.6079537868499756, 0.7236926555633545, 0.9393015503883362, -0.2939295172691345, 0.17696857452392578, 0.10512597113847733, 0.737561821937561, 0.6670464873313904], "cam_t_m2c": [-67.18174743652344, 156.50550842285156, 1277.4798583984375], "obj_id": 1}, {"cam_R_m2c": [-0.20105284452438354, -0.5077013373374939, -0.8377451300621033, 0.5868780016899109, 0.6223067045211792, -0.5179850459098816, 0.7843160629272461, -0.5957966446876526, 0.17284227907657623], "cam_t_m2c": [224.8491973876953, -89.44013977050781, 1159.043701171875], "obj_id": 3}, {"cam_R_m2c": [-0.9881842136383057, -0.04910988733172417, 0.14518938958644867, 0.1504376381635666, -0.1295033097267151, 0.9801006317138672, -0.029330123215913773, 0.9903620481491089, 0.1353612095117569], "cam_t_m2c": [66.1600341796875, -229.78652954101562, 1170.646728515625], "obj_id": 1}, {"cam_R_m2c": [0.5797564387321472, 0.4371989667415619, -0.6875605583190918, 0.5347714424133301, 0.4324880540370941, 0.7259294390678406, 0.614737331867218, -0.7885500192642212, 0.01693621464073658], "cam_t_m2c": [-5.016115665435791, 214.00082397460938, 1197.41357421875], "obj_id": 1}, {"cam_R_m2c": [0.8552362322807312, 0.11084234714508057, 0.5062459111213684, 0.07748669385910034, -0.9932283163070679, 0.086563341319561, 0.5124127268791199, -0.03480478376150131, -0.8580336570739746], "cam_t_m2c": [58.11684799194336, 58.13901138305664, 1286.4630126953125], "obj_id": 3}, {"cam_R_m2c": [-0.7177070379257202, -0.6955167651176453, -0.033957552164793015, -0.694320023059845, 0.7184846997261047, -0.04122410714626312, 0.05307003855705261, -0.006009421311318874, -0.9985727667808533], "cam_t_m2c": [-136.15077209472656, -267.4088134765625, 1183.174072265625], "obj_id": 1}, {"cam_R_m2c": [-0.35709673166275024, 0.4617377519607544, -0.8119606375694275, -0.5803249478340149, 0.5714756846427917, 0.580205500125885, 0.7319185137748718, 0.6783905625343323, 0.06388586759567261], "cam_t_m2c": [-24.198335647583008, -257.2924499511719, 1243.2998046875], "obj_id": 3}, {"cam_R_m2c": [0.23005427420139313, -0.971943736076355, 0.04899311810731888, 0.3173024654388428, 0.027321286499500275, -0.9479306936264038, 0.9199967980384827, 0.23362109065055847, 0.314685583114624], "cam_t_m2c": [-134.0945587158203, 10.907571792602539, 1385.97216796875], "obj_id": 3}, {"cam_R_m2c": [-0.9867779612541199, 0.01618875563144684, -0.1612667441368103, -0.030543135479092598, 0.9585980772972107, 0.2831197679042816, 0.15917335450649261, 0.2843019664287567, -0.9454289674758911], "cam_t_m2c": [-32.21580123901367, -39.94890594482422, 1269.6448974609375], "obj_id": 3}, {"cam_R_m2c": [-0.03188773989677429, 0.4150165617465973, -0.9092548489570618, 0.9772942662239075, -0.17771190404891968, -0.11538800597190857, -0.2094733715057373, -0.8922890424728394, -0.39992645382881165], "cam_t_m2c": [-152.22662353515625, 65.9840316772461, 1356.492919921875], "obj_id": 3}, {"cam_R_m2c": [0.26914796233177185, 0.9310985803604126, 0.2462005466222763, 0.6335375308990479, -0.36370477080345154, 0.6828974485397339, 0.7253892421722412, -0.02782314456999302, -0.6877762675285339], "cam_t_m2c": [-49.70906448364258, -41.72330093383789, 1111.62890625], "obj_id": 1}, {"cam_R_m2c": [-0.931593120098114, -0.36304327845573425, -0.018261104822158813, 0.3451223373413086, -0.8991439938545227, 0.2691287100315094, -0.11412474513053894, 0.24441617727279663, 0.9629310965538025], "cam_t_m2c": [70.28790283203125, 144.53460693359375, 1259.8427734375], "obj_id": 3}, {"cam_R_m2c": [0.3341525197029114, 0.8913611769676208, 0.3062960207462311, 0.4891051948070526, -0.4417852461338043, 0.7520650625228882, 0.8056787252426147, -0.10149344056844711, -0.5835930109024048], "cam_t_m2c": [88.84789276123047, -124.4717025756836, 1327.6915283203125], "obj_id": 3}, {"cam_R_m2c": [-0.6681675314903259, -0.42186060547828674, -0.6128503680229187, 0.3703606128692627, 0.5258126258850098, -0.7657375931739807, 0.6452789902687073, -0.7386167049407959, -0.19509029388427734], "cam_t_m2c": [52.351505279541016, 75.19827270507812, 1165.3763427734375], "obj_id": 3}, {"cam_R_m2c": [-0.553213894367218, 0.20724071562290192, 0.8068492412567139, 0.8288283944129944, 0.23419377207756042, 0.508130669593811, -0.08365371823310852, 0.949844479560852, -0.3013262450695038], "cam_t_m2c": [-146.23085021972656, -138.7667694091797, 1119.4246826171875], "obj_id": 1}, {"cam_R_m2c": [-0.5947772860527039, 0.7999025583267212, 0.07997143268585205, 0.184508815407753, 0.039011429995298386, 0.982056200504303, 0.782429575920105, 0.5988603830337524, -0.17079199850559235], "cam_t_m2c": [-49.3740348815918, -7.3171257972717285, 976.2914428710938], "obj_id": 3}, {"cam_R_m2c": [0.8614907264709473, 0.07384771853685379, -0.5023745894432068, -0.20201672613620758, 0.9575433731079102, -0.20566950738430023, 0.46585723757743835, 0.27867045998573303, 0.8398331999778748], "cam_t_m2c": [-96.33206176757812, -38.932029724121094, 1329.40087890625], "obj_id": 3}, {"cam_R_m2c": [0.699742317199707, 0.6017462611198425, 0.3850482106208801, 0.6737117767333984, -0.7351293563842773, -0.07547961175441742, 0.23764067888259888, 0.3122278153896332, -0.9198046326637268], "cam_t_m2c": [90.62037658691406, -145.87545776367188, 1265.398681640625], "obj_id": 1}, {"cam_R_m2c": [0.25162678956985474, 0.7777456641197205, -0.5760170221328735, -0.364114373922348, 0.6275148987770081, 0.6882192492485046, 0.8967188000679016, 0.03656170144677162, 0.441087931394577], "cam_t_m2c": [-32.872066497802734, 43.546287536621094, 1098.1484375], "obj_id": 1}, {"cam_R_m2c": [0.9962018132209778, 0.038482215255498886, 0.07810908555984497, 0.08706162124872208, -0.4249814450740814, -0.9010055661201477, -0.001477776444517076, 0.904383659362793, -0.426717609167099], "cam_t_m2c": [-112.20762634277344, -73.26477813720703, 1023.8563842773438], "obj_id": 1}, {"cam_R_m2c": [-0.5458886623382568, 0.34017908573150635, -0.7656913995742798, 0.6696041226387024, 0.7264402508735657, -0.15464407205581665, 0.5036223530769348, -0.597128689289093, -0.624340832233429], "cam_t_m2c": [57.20478057861328, -76.00323486328125, 1487.4676513671875], "obj_id": 1}, {"cam_R_m2c": [-0.36136844754219055, -0.4936416447162628, -0.7910314202308655, 0.5915700793266296, 0.5343781113624573, -0.603725790977478, 0.7207340598106384, -0.6861180067062378, 0.09891626983880997], "cam_t_m2c": [-59.81806182861328, -54.27913284301758, 939.3177490234375], "obj_id": 1}, {"cam_R_m2c": [0.5163251161575317, 0.10973890870809555, -0.8493325114250183, -0.12237627059221268, -0.9721234440803528, -0.19999906420707703, -0.8476039171218872, 0.20720267295837402, -0.4885022044181824], "cam_t_m2c": [-71.73741149902344, -20.28543472290039, 1377.5906982421875], "obj_id": 3}, {"cam_R_m2c": [-0.6728260517120361, 0.6553931832313538, 0.3431685268878937, 0.7366623878479004, 0.5508513450622559, 0.39228978753089905, 0.06806924194097519, 0.5167421698570251, -0.8534306287765503], "cam_t_m2c": [-146.3385467529297, -70.92097473144531, 1258.1781005859375], "obj_id": 3}, {"cam_R_m2c": [-0.6690652966499329, -0.4834980070590973, -0.5644298791885376, 0.6036183834075928, 0.08954981714487076, -0.7922282218933105, 0.43358534574508667, -0.8707528114318848, 0.23193371295928955], "cam_t_m2c": [15.77700138092041, -186.5755615234375, 1249.7279052734375], "obj_id": 3}, {"cam_R_m2c": [0.5391451716423035, -0.14468371868133545, 0.8296921849250793, 0.6555656790733337, 0.6905483603477478, -0.3055759370326996, -0.5287306904792786, 0.708667516708374, 0.46715548634529114], "cam_t_m2c": [-23.02279281616211, -246.3152618408203, 1369.6568603515625], "obj_id": 1}, {"cam_R_m2c": [-0.532936155796051, -0.38558340072631836, 0.7531960606575012, -0.7842751741409302, -0.10905176401138306, -0.6107536554336548, 0.31763386726379395, -0.9162057638168335, -0.24428577721118927], "cam_t_m2c": [-34.87491989135742, -6.739102363586426, 1208.536376953125], "obj_id": 3}, {"cam_R_m2c": [0.9690268635749817, -0.15606357157230377, 0.19139239192008972, -0.24484163522720337, -0.5059570670127869, 0.827079176902771, -0.03224059194326401, -0.8483228087425232, -0.5284968614578247], "cam_t_m2c": [92.6100082397461, -211.5631103515625, 1250.8134765625], "obj_id": 1}, {"cam_R_m2c": [-0.8079901933670044, 0.38226622343063354, -0.4483569264411926, -0.46719688177108765, 0.047981102019548416, 0.8828502893447876, 0.35899651050567627, 0.9228055477142334, 0.13982553780078888], "cam_t_m2c": [35.85700988769531, -263.802490234375, 1177.0740966796875], "obj_id": 1}, {"cam_R_m2c": [-0.8516263365745544, -0.41451549530029297, -0.3207950294017792, -0.4718758165836334, 0.3398914337158203, 0.8135151863098145, -0.2281791865825653, 0.8441864252090454, -0.48506030440330505], "cam_t_m2c": [72.56470489501953, -1.9222759008407593, 1237.4593505859375], "obj_id": 3}, {"cam_R_m2c": [-0.7577987313270569, 0.07251836359500885, 0.6484459042549133, -0.5838543772697449, 0.3683137893676758, -0.7235046625137329, -0.29129892587661743, -0.9268689155578613, -0.23676753044128418], "cam_t_m2c": [-216.1213836669922, 66.52050018310547, 1328.6309814453125], "obj_id": 3}, {"cam_R_m2c": [0.9893336296081543, -0.015485298819839954, -0.14484186470508575, -0.1442226618528366, -0.24381864070892334, -0.9590370059013367, -0.02046418935060501, 0.9696970582008362, -0.2434513121843338], "cam_t_m2c": [-62.56645965576172, 215.103515625, 1199.1033935546875], "obj_id": 3}, {"cam_R_m2c": [-0.7056295871734619, -0.5948567986488342, 0.3850087821483612, 0.7081989645957947, -0.5742319822311401, 0.410744845867157, -0.023249955847859383, 0.5624967217445374, 0.8264725208282471], "cam_t_m2c": [119.59044647216797, -226.5089111328125, 1143.9849853515625], "obj_id": 1}, {"cam_R_m2c": [0.9197919368743896, 0.36073562502861023, -0.15444298088550568, -0.31619787216186523, 0.44826507568359375, -0.836108386516571, -0.23238271474838257, 0.8178802728652954, 0.5263744592666626], "cam_t_m2c": [98.8649673461914, 115.38153076171875, 1239.180908203125], "obj_id": 1}, {"cam_R_m2c": [-0.5057256817817688, -0.007568364031612873, 0.8626609444618225, -0.7751776576042175, 0.44283178448677063, -0.45055460929870605, -0.37860363721847534, -0.8965727090835571, -0.22981813549995422], "cam_t_m2c": [116.43950653076172, 129.99632263183594, 1227.239501953125], "obj_id": 3}, {"cam_R_m2c": [0.7744280099868774, 0.16251783072948456, 0.6114320158958435, 0.056799136102199554, -0.9804003834724426, 0.188648521900177, 0.6301071643829346, -0.11136587709188461, -0.7684803605079651], "cam_t_m2c": [-101.68899536132812, -18.59575653076172, 1261.7286376953125], "obj_id": 3}, {"cam_R_m2c": [0.34892117977142334, 0.7383899092674255, -0.5770912170410156, 0.2472776174545288, 0.5214293599128723, 0.8166793584823608, 0.9039400815963745, -0.42765843868255615, -0.0006495343404822052], "cam_t_m2c": [22.219594955444336, -96.8002700805664, 1544.6282958984375], "obj_id": 3}, {"cam_R_m2c": [-0.631000816822052, -0.21247513592243195, -0.7461181879043579, 0.7072561979293823, -0.552769660949707, -0.4407202899456024, -0.31878936290740967, -0.8057915568351746, 0.49907243251800537], "cam_t_m2c": [-105.4218978881836, 11.199323654174805, 1424.81787109375], "obj_id": 3}, {"cam_R_m2c": [0.21196894347667694, -0.5841801166534424, 0.7834555506706238, 0.47008582949638367, 0.7637839317321777, 0.44232726097106934, -0.8567895293235779, 0.2745317816734314, 0.4365133047103882], "cam_t_m2c": [183.48873901367188, -161.50701904296875, 1184.927490234375], "obj_id": 3}, {"cam_R_m2c": [0.5379331111907959, 0.7538306713104248, 0.37731584906578064, -0.8250856399536133, 0.37907132506370544, 0.41897329688072205, 0.1728053092956543, -0.536697506904602, 0.8258898854255676], "cam_t_m2c": [32.69139862060547, -83.36241149902344, 1332.1910400390625], "obj_id": 3}, {"cam_R_m2c": [-0.33627885580062866, -0.900714635848999, 0.2750084698200226, -0.6357452273368835, 0.0016758559504523873, -0.7718971371650696, 0.6947981715202332, -0.4344080090522766, -0.5731885433197021], "cam_t_m2c": [69.06919860839844, -237.87728881835938, 1123.7152099609375], "obj_id": 3}, {"cam_R_m2c": [-0.94415283203125, -0.07574344426393509, 0.32068386673927307, 0.314664751291275, 0.08155051618814468, 0.9456931352615356, -0.09778197854757309, 0.9937868714332581, -0.053162261843681335], "cam_t_m2c": [142.45846557617188, 35.22962188720703, 1359.4190673828125], "obj_id": 1}, {"cam_R_m2c": [0.48339375853538513, -0.3619622588157654, 0.7970657348632812, -0.7859653830528259, -0.5803858637809753, 0.21309784054756165, 0.38547229766845703, -0.729476273059845, -0.5650447010993958], "cam_t_m2c": [160.5128173828125, -135.15821838378906, 1057.8863525390625], "obj_id": 3}, {"cam_R_m2c": [0.9882145524024963, -0.0489533506333828, -0.14503659307956696, 0.07350696623325348, 0.9828527569770813, 0.1691070795059204, 0.13427124917507172, -0.1777752786874771, 0.9748677611351013], "cam_t_m2c": [35.214256286621094, -143.2677459716797, 1291.6669921875], "obj_id": 1}, {"cam_R_m2c": [0.5415368676185608, -0.7372441291809082, 0.40399110317230225, -0.7224147319793701, -0.1623310148715973, 0.6721349954605103, -0.4299473166465759, -0.6558350324630737, -0.6205042600631714], "cam_t_m2c": [-100.87763214111328, -11.636077880859375, 1419.0625], "obj_id": 3}, {"cam_R_m2c": [-0.5131543278694153, 0.10062870383262634, -0.8523768186569214, 0.10324686765670776, -0.9786545038223267, -0.17769408226013184, -0.8520636558532715, -0.1791897565126419, 0.4918113946914673], "cam_t_m2c": [-116.3174057006836, -229.22840881347656, 1216.8858642578125], "obj_id": 3}, {"cam_R_m2c": [0.08361184597015381, 0.6304609775543213, -0.7717045545578003, -0.030630484223365784, 0.775676429271698, 0.6303870677947998, 0.9960274696350098, -0.02907012403011322, 0.08416707068681717], "cam_t_m2c": [-86.63646697998047, -228.72312927246094, 1182.775390625], "obj_id": 1}, {"cam_R_m2c": [-0.5827537775039673, 0.08159694820642471, 0.8085417747497559, -0.45203617215156555, -0.8593631386756897, -0.23907779157161713, 0.6753230690956116, -0.5048136711120605