{
  "0": [{"cam_R_m2c": [0.5293543934822083, -0.8068464994430542, -0.26226434111595154, -0.48031488060951233, -0.5398273468017578, 0.6912913918495178, -0.6993435621261597, -0.2399686723947525, -0.6733003854751587], "cam_t_m2c": [-183.91685485839844, 33.14483642578125, 668.3096313476562], "obj_id": 0}, {"cam_R_m2c": [0.467769056558609, 0.7362045645713806, 0.48907560110092163, 0.8738390207290649, -0.46826601028442383, -0.13089028000831604, 0.13265547156333923, 0.4885997772216797, -0.8623645901679993], "cam_t_m2c": [-276.6449890136719, 36.51952362060547, 850.870849609375], "obj_id": 2}, {"cam_R_m2c": [-0.9088644981384277, 0.0345989353954792, 0.41565367579460144, -0.27490904927253723, -0.7991465926170349, -0.5345928072929382, 0.31367191672325134, -0.6001394987106323, 0.7358277440071106], "cam_t_m2c": [-403.9422912597656, 153.9042205810547, 650.75732421875], "obj_id": 0}, {"cam_R_m2c": [-0.31234657764434814, -0.8972331881523132, -0.312109112739563, -0.9083920121192932, 0.1859627068042755, 0.37448862195014954, -0.2779630124568939, 0.4004876911640167, -0.8731243014335632], "cam_t_m2c": [-236.42636108398438, 190.3300323486328, 738.4895629882812], "obj_id": 0}],
  "1": [{"cam_R_m2c": [-0.3677881360054016, 0.7668242454528809, -0.5260344743728638, -0.36522695422172546, -0.6393441557884216, -0.6766447424888611, -0.8551847338676453, -0.05674000084400177, 0.5152082443237305], "cam_t_m2c": [-78.04981231689453, -459.5204772949219, 794.4368896484375], "obj_id": 0}, {"cam_R_m2c": [-0.7843825221061707, -0.007045275531709194, -0.6202374696731567, 0.39468470215797424, 0.7657201290130615, -0.5078352689743042, 0.4785061776638031, -0.6431353092193604, -0.5978368520736694], "cam_t_m2c": [60.617496490478516, -347.5783996582031, 895.801513671875], "obj_id": 2}, {"cam_R_m2c": [0.9131434559822083, 0.20038604736328125, 0.35498520731925964, -0.1977812796831131, -0.5436736941337585, 0.8156602382659912, 0.35644301772117615, -0.815024197101593, -0.45681947469711304], "cam_t_m2c": [-9.547618865966797, -578.2645874023438, 1005.477294921875], "obj_id": 0}, {"cam_R_m2c": [0.6380674242973328, 0.665432870388031, -0.38738736510276794, -0.4444090723991394, -0.09258552640676498, -0.8910265564918518, -0.6287848949432373, 0.7406934499740601, 0.23664864897727966], "cam_t_m2c": [-107.05349731445312, -416.6815490722656, 966.8912353515625], "obj_id": 0}]
}