{
  "0": [{"cam_R_m2c": [0.9553506374359131, -0.2904924154281616, 0.05403068661689758, -0.17724628746509552, -0.4171168804168701, 0.8914018273353577, -0.23640836775302887, -0.8611780405044556, -0.44998157024383545], "cam_t_m2c": [-2.929107904434204, -21.183622360229492, 1067.406494140625], "obj_id": 3}, {"cam_R_m2c": [0.46819159388542175, 0.7025736570358276, 0.5358982086181641, 0.1430804431438446, -0.6587498784065247, 0.7386314868927002, 0.8719659447669983, -0.2691444754600525, -0.4089457094669342], "cam_t_m2c": [62.872379302978516, -53.423885345458984, 1008.702392578125], "obj_id": 0}, {"cam_R_m2c": [0.39698848128318787, -0.8902276158332825, -0.22337187826633453, 0.6022249460220337, 0.4363064765930176, -0.668552041053772, 0.6926220655441284, 0.13088734447956085, 0.7093258500099182], "cam_t_m2c": [119.75054168701172, -101.3802490234375, 1080.718017578125], "obj_id": 1}, {"cam_R_m2c": [-0.5692755579948425, 0.6951186656951904, 0.43901631236076355, 0.8167967200279236, 0.5390053987503052, 0.20570923388004303, -0.09363983571529388, 0.4756923317909241, -0.8746132254600525], "cam_t_m2c": [280.5636291503906, -250.262939453125, 1030.8466796875], "obj_id": 3}, {"cam_R_m2c": [-0.6270174384117126, 0.0029207055922597647, -0.7789997458457947, -0.2450495809316635, -0.9499679803848267, 0.1936788707971573, -0.7394590973854065, 0.3123335838317871, 0.5963622331619263], "cam_t_m2c": [81.1338882446289, -427.7298278808594, 1155.6322021484375], "obj_id": 1}, {"cam_R_m2c": [0.003402179339900613, 0.8892022967338562, -0.45750150084495544, 0.7943838238716125, 0.27548947930336, 0.5413500666618347, 0.6074065566062927, -0.36527353525161743, -0.7054306268692017], "cam_t_m2c": [-9.626605033874512, -209.9938507080078, 1097.8162841796875], "obj_id": 1}, {"cam_R_m2c": [-0.24212855100631714, -0.9174100160598755, 0.3158043920993805, 0.9651365876197815, -0.19438493251800537, 0.175287127494812, -0.09942252188920975, 0.3472364544868469, 0.9324923753738403], "cam_t_m2c": [21.38252830505371, -191.70408630371094, 1155.7860107421875], "obj_id": 1}, {"cam_R_m2c": [-0.7937753796577454, 0.5706327557563782, -0.2104729861021042, 0.606545090675354, 0.7682873010635376, -0.20454266667366028, 0.04498497396707535, -0.2900223135948181, -0.9559620022773743], "cam_t_m2c": [124.55024719238281, -499.98992919921875, 1178.8275146484375], "obj_id": 3}, {"cam_R_m2c": [0.2812734842300415, 0.8657436966896057, 0.4139723777770996, 0.3005065321922302, -0.48915472626686096, 0.8187939524650574, 0.9113622307777405, -0.10590364038944244, -0.3977479040622711], "cam_t_m2c": [61.03883361816406, 144.71566772460938, 1015.0531616210938], "obj_id": 2}, {"cam_R_m2c": [0.2812736928462982, 0.9050748348236084, 0.31894296407699585, 0.3005065619945526, -0.39871808886528015, 0.8664407134056091, 0.9113621115684509, -0.1478624939918518, -0.3841297924518585], "cam_t_m2c": [-82.31282806396484, -185.6339569091797, 1168.2230224609375], "obj_id": 2}, {"cam_R_m2c": [-0.9555359482765198, -0.011363035999238491, -0.2946551740169525, 0.17531393468379974, 0.7815783023834229, -0.5986655354499817, 0.23709872364997864, -0.62370365858078, -0.7448340058326721], "cam_t_m2c": [-11.105010032653809, -304.0887451171875, 1163.6259765625], "obj_id": 3}, {"cam_R_m2c": [-0.08272756636142731, 0.8406413793563843, -0.5352365374565125, 0.024518247693777084, -0.5351980924606323, -0.8443706631660461, -0.9962705373764038, -0.08297581225633621, 0.023664619773626328], "cam_t_m2c": [120.45323944091797, -536.078369140625, 1136.3973388671875], "obj_id": 1}, {"cam_R_m2c": [-0.8000068664550781, 0.0661185085773468, -0.5963367223739624, 0.5979249477386475, 0.17026636004447937, -0.7832593321800232, 0.04974815994501114, -0.9831773638725281, -0.17574821412563324], "cam_t_m2c": [-1.5120142698287964, -68.10314178466797, 1085.965576171875], "obj_id": 3}, {"cam_R_m2c": [0.5068038105964661, 0.854953408241272, -0.11047369986772537, 0.2966636121273041, -0.05264633148908615, 0.9535296559333801, 0.8094074726104736, -0.516025960445404, -0.2803148925304413], "cam_t_m2c": [538.0604248046875, -265.77337646484375, 932.0638427734375], "obj_id": 0}, {"cam_R_m2c": [0.444140762090683, 0.6076591610908508, -0.6583990454673767, 0.43561092019081116, 0.4956980049610138, 0.7513498663902283, 0.7829317450523376, -0.6205109357833862, -0.044543273746967316], "cam_t_m2c": [57.20150375366211, -282.4557800292969, 1085.9720458984375], "obj_id": 0}, {"cam_R_m2c": [0.1371011734008789, -0.6040472388267517, 0.7850669622421265, 0.11289919912815094, -0.7778574228286743, -0.6182163953781128, 0.9841021299362183, 0.17339161038398743, -0.03844864293932915], "cam_t_m2c": [466.4319152832031, -417.4442138671875, 1004.181396484375], "obj_id": 0}, {"cam_R_m2c": [0.42307013273239136, -0.8344705104827881, 0.35308727622032166, -0.11743214726448059, -0.4368892312049866, -0.8918168544769287, 0.8984549641609192, 0.3358372747898102, -0.2828284204006195], "cam_t_m2c": [-109.91483306884766, -108.59540557861328, 1095.336669921875], "obj_id": 1}, {"cam_R_m2c": [0.7797157168388367, -0.5102891325950623, -0.36283376812934875, -0.5735481977462769, -0.8145429491996765, -0.08696013689041138, -0.2511689066886902, 0.27590683102607727, -0.9277873635292053], "cam_t_m2c": [148.21139526367188, -534.3287963867188, 1110.03369140625], "obj_id": 1}, {"cam_R_m2c": [0.8301599621772766, 0.2155427634716034, 0.5141748189926147, 0.2631562054157257, -0.9645342826843262, -0.02054417133331299, 0.49151119589805603, 0.15236325562000275, -0.8574391007423401], "cam_t_m2c": [156.4524383544922, -23.591257095336914, 970.3319091796875], "obj_id": 1}, {"cam_R_m2c": [0.12730635702610016, 0.8364045023918152, 0.5331234335899353, 0.039060428738594055, 0.5328522324562073, -0.8453063368797302, -0.9910939931869507, 0.128436878323555, 0.03516516461968422], "cam_t_m2c": [-62.95427703857422, -286.0226745605469, 1192.799072265625], "obj_id": 0}, {"cam_R_m2c": [0.44495832920074463, -0.6301417946815491, -0.636343777179718, 0.1747230887413025, 0.7579901814460754, -0.6284288167953491, 0.878341555595398, 0.16844065487384796, 0.4473743438720703], "cam_t_m2c": [220.00564575195312, -496.0050048828125, 1177.2579345703125], "obj_id": 2}, {"cam_R_m2c": [0.7192167639732361, -0.32005417346954346, -0.6166785955429077, -0.41304659843444824, -0.9106643795967102, -0.009093983098864555, -0.5586767196655273, 0.2612575590610504, -0.7871623635292053], "cam_t_m2c": [-190.6284942626953, -127.22956848144531, 1082.23095703125], "obj_id": 1}, {"cam_R_m2c": [0.12891489267349243, 0.8385587930679321, 0.5293393135070801, 0.037147264927625656, 0.5293352603912354, -0.8475991487503052, -0.990959644317627, 0.1289316564798355, 0.0370890311896801], "cam_t_m2c": [127.98869323730469, 106.77442169189453, 1004.3500366210938], "obj_id": 0}, {"cam_R_m2c": [0.8473139405250549, -0.1813449114561081, 0.4991724491119385, -0.5134081244468689, -0.5202107429504395, 0.6824901700019836, 0.13590875267982483, -0.8345625996589661, -0.5338857173919678], "cam_t_m2c": [36.06748580932617, -468.3079528808594, 1204.5111083984375], "obj_id": 3}, {"cam_R_m2c": [-0.8101765513420105, 0.09870730340480804, 0.5778153538703918, 0.16732116043567657, -0.9057697653770447, 0.38933855295181274, 0.5617983341217041, 0.412113755941391, 0.7173178195953369], "cam_t_m2c": [-63.636600494384766, -131.71241760253906, 1162.240966796875], "obj_id": 1}],
  "1": [{"cam_R_m2c": [0.9553506374359131, -0.2904924154281616, 0.05403068661689758, -0.17724628746509552, -0.4171168804168701, 0.8914018273353577, -0.23640836775302887, -0.8611780405044556, -0.44998157024383545], "cam_t_m2c": [-2.929107904434204, -21.183622360229492, 1067.406494140625], "obj_id": 3}, {"cam_R_m2c": [0.46819159388542175, 0.7025736570358276, 0.5358982086181641, 0.1430804431438446, -0.6587498784065247, 0.7386314868927002, 0.8719659447669983, -0.2691444754600525, -0.4089457094669342], "cam_t_m2c": [62.872379302978516, -53.423885345458984, 1008.702392578125], "obj_id": 0}, {"cam_R_m2c": [0.39698848128318787, -0.8902276158332825, -0.22337187826633453, 0.6022249460220337, 0.4363064765930176, -0.668552041053772, 0.6926220655441284, 0.13088734447956085, 0.7093258500099182], "cam_t_m2c": [119.75054168701172, -101.3802490234375, 1080.718017578125], "obj_id": 1}, {"cam_R_m2c": [-0.5692755579948425, 0.6951186656951904, 0.43901631236076355, 0.8167967200279236, 0.5390053987503052, 0.20570923388004303, -0.09363983571529388, 0.4756923317909241, -0.8746132254600525], "cam_t_m2c": [280.5636291503906, -250.262939453125, 1030.8466796875], "obj_id": 3}, {"cam_R_m2c": [-0.6270174384117126, 0.0029207055922597647, -0.7789997458457947, -0.2450495809316635, -0.9499679803848267, 0.1936788707971573, -0.7394590973854065, 0.3123335838317871, 0.5963622331619263], "cam_t_m2c": [81.1338882446289, -427.7298278808594, 1155.6322021484375], "obj_id": 1}, {"cam_R_m2c": [0.003402179339900613, 0.8892022967338562, -0.45750150084495544, 0.7943838238716125, 0.27548947930336, 0.5413500666618347, 0.6074065566062927, -0.36527353525161743, -0.7054306268692017], "cam_t_m2c": [-9.626605033874512, -209.9938507080078, 1097.8162841796875], "obj_id": 1}, {"cam_R_m2c": [-0.24212855100631714, -0.9174100160598755, 0.3158043920993805, 0.9651365876197815, -0.19438493251800537, 0.175287127494812, -0.09942252188920975, 0.3472364544868469, 0.9324923753738403], "cam_t_m2c": [21.38252830505371, -191.70408630371094, 1155.7860107421875], "obj_id": 1}, {"cam_R_m2c": [-0.7937753796577454, 0.5706327557563782, -0.2104729861021042, 0.606545090675354, 0.7682873010635376, -0.20454266667366028, 0.04498497396707535, -0.2900223135948181, -0.9559620022773743], "cam_t_m2c": [124.55024719238281, -499.98992919921875, 1178.8275146484375], "obj_id": 3}, {"cam_R_m2c": [0.2812734842300415, 0.8657436966896057, 0.4139723777770996, 0.3005065321922302, -0.48915472626686096, 0.8187939524650574, 0.9113622307777405, -0.10590364038944244, -0.3977479040622711], "cam_t_m2c": [61.03883361816406, 144.71566772460938, 1015.0531616210938], "obj_id": 2}, {"cam_R_m2c": [0.2812736928462982, 0.9050748348236084, 0.31894296407699585, 0.3005065619945526, -0.39871808886528015, 0.8664407134056091, 0.9113621115684509, -0.1478624939918518, -0.3841297924518585], "cam_t_m2c": [-82.31282806396484, -185.6339569091797, 1168.2230224609375], "obj_id": 2}, {"cam_R_m2c": [-0.9555359482765198, -0.011363035999238491, -0.2946551740169525, 0.17531393468379974, 0.7815783023834229, -0.5986655354499817, 0.23709872364997864, -0.62370365858078, -0.7448340058326721], "cam_t_m2c": [-11.105010032653809, -304.0887451171875, 1163.6259765625], "obj_id": 3}, {"cam_R_m2c": [-0.08272756636142731, 0.8406413793563843, -0.5352365374565125, 0.024518247693777084, -0.5351980924606323, -0.8443706631660461, -0.9962705373764038, -0.08297581225633621, 0.023664619773626328], "cam_t_m2c": [120.45323944091797, -536.078369140625, 1136.3973388671875], "obj_id": 1}, {"cam_R_m2c": [-0.8000068664550781, 0.0661185085773468, -0.5963367223739624, 0.5979249477386475, 0.17026636004447937, -0.7832593321800232, 0.04974815994501114, -0.9831773638725281, -0.17574821412563324], "cam_t_m2c": [-1.5120142698287964, -68.10314178466797, 1085.965576171875], "obj_id": 3}, {"cam_R_m2c": [0.5068038105964661, 0.854953408241272, -0.11047369986772537, 0.2966636121273041, -0.05264633148908615, 0.9535296559333801, 0.8094074726104736, -0.516025960445404, -0.2803148925304413], "cam_t_m2c": [538.0604248046875, -265.77337646484375, 932.0638427734375], "obj_id": 0}, {"cam_R_m2c": [0.444140762090683, 0.6076591610908508, -0.6583990454673767, 0.43561092019081116, 0.4956980049610138, 0.7513498663902283, 0.7829317450523376, -0.6205109357833862, -0.044543273746967316], "cam_t_m2c": [57.20150375366211, -282.4557800292969, 1085.9720458984375], "obj_id": 0}, {"cam_R_m2c": [0.1371011734008789, -0.6040472388267517, 0.7850669622421265, 0.11289919912815094, -0.7778574228286743, -0.6182163953781128, 0.9841021299362183, 0.17339161038398743, -0.03844864293932915], "cam_t_m2c": [466.4319152832031, -417.4442138671875, 1004.181396484375], "obj_id": 0}, {"cam_R_m2c": [0.42307013273239136, -0.8344705104827881, 0.35308727622032166, -0.11743214726448059, -0.4368892312049866, -0.8918168544769287, 0.8984549641609192, 0.3358372747898102, -0.2828284204006195], "cam_t_m2c": [-109.91483306884766, -108.59540557861328, 1095.336669921875], "obj_id": 1}, {"cam_R_m2c": [0.7797157168388367, -0.5102891325950623, -0.36283376812934875, -0.5735481977462769, -0.8145429491996765, -0.08696013689041138, -0.2511689066886902, 0.27590683102607727, -0.9277873635292053], "cam_t_m2c": [148.21139526367188, -534.3287963867188, 1110.03369140625], "obj_id": 1}, {"cam_R_m2c": [0.8301599621772766, 0.2155427634716034, 0.5141748189926147, 0.2631562054157257, -0.9645342826843262, -0.02054417133331299, 0.49151119589805603, 0.15236325562000275, -0.8574391007423401], "cam_t_m2c": [156.4524383544922, -23.591257095336914, 970.3319091796875], "obj_id": 1}, {"cam_R_m2c": [0.12730635702610016, 0.8364045023918152, 0.5331234335899353, 0.039060428738594055, 0.5328522324562073, -0.8453063368797302, -0.9910939931869507, 0.128436878323555, 0.03516516461968422], "cam_t_m2c": [-62.95427703857422, -286.0226745605469, 1192.799072265625], "obj_id": 0}, {"cam_R_m2c": [0.44495832920074463, -0.6301417946815491, -0.636343777179718, 0.1747230887413025, 0.7579901814460754, -0.6284288167953491, 0.878341555595398, 0.16844065487384796, 0.4473743438720703], "cam_t_m2c": [220.00564575195312, -496.0050048828125, 1177.2579345703125], "obj_id": 2}, {"cam_R_m2c": [0.7192167639732361, -0.32005417346954346, -0.6166785955429077, -0.41304659843444824, -0.9106643795967102, -0.009093983098864555, -0.5586767196655273, 0.2612575590610504, -0.7871623635292053], "cam_t_m2c": [-190.6284942626953, -127.22956848144531, 1082.23095703125], "obj_id": 1}, {"cam_R_m2c": [0.12891489267349243, 0.8385587930679321, 0.5293393135070801, 0.037147264927625656, 0.5293352603912354, -0.8475991487503052, -0.990959644317627, 0.1289316564798355, 0.0370890311896801], "cam_t_m2c": [127.98869323730469, 106.77442169189453, 1004.3500366210938], "obj_id": 0}, {"cam_R_m2c": [0.8473139405250549, -0.1813449114561081, 0.4991724491119385, -0.5134081244468689, -0.5202107429504395, 0.6824901700019836, 0.13590875267982483, -0.8345625996589661, -0.5338857173919678], "cam_t_m2c": [36.06748580932617, -468.3079528808594, 1204.5111083984375], "obj_id": 3}, {"cam_R_m2c": [-0.8101765513420105, 0.09870730340480804, 0.5778153538703918, 0.16732116043567657, -0.9057697653770447, 0.38933855295181274, 0.5617983341217041, 0.412113755941391, 0.7173178195953369], "cam_t_m2c": [-63.636600494384766, -131.71241760253906, 1162.240966796875], "obj_id": 1}]
}