{
  "0": [{"cam_R_m2c": [0.39966651797294617, -0.8552261590957642, 0.3299316167831421, 0.6201377511024475, -0.012799245305359364, -0.7843884825706482, 0.6750524044036865, 0.5180968642234802, 0.5252426266670227], "cam_t_m2c": [-93.21273040771484, -99.39021301269531, 486.7080078125], "obj_id": 0}, {"cam_R_m2c": [-0.9295896291732788, -0.28713762760162354, -0.23111678659915924, -0.08099789917469025, -0.45256221294403076, 0.8880465626716614, -0.35958632826805115, 0.8442388772964478, 0.3974396884441376], "cam_t_m2c": [-137.5431671142578, 122.39756774902344, 360.3224182128906], "obj_id": 1}, {"cam_R_m2c": [0.7071626782417297, 0.35828232765197754, 0.6095529198646545, 0.39117053151130676, -0.9164002537727356, 0.08483070880174637, 0.5889877676963806, 0.17845001816749573, -0.7881935238838196], "cam_t_m2c": [46.27111053466797, -150.9000701904297, 387.6508483886719], "obj_id": 0}, {"cam_R_m2c": [-0.49361246824264526, 0.1803479790687561, 0.850776731967926, 0.49976545572280884, -0.7417841553688049, 0.4472028613090515, 0.711745023727417, 0.6459338068962097, 0.2760224938392639], "cam_t_m2c": [38.34001541137695, 79.89598846435547, 289.3474426269531], "obj_id": 1}, {"cam_R_m2c": [0.7306115627288818, 0.30907976627349854, 0.608832061290741, -0.1389838010072708, 0.9403301477432251, -0.31058454513549805, -0.6684985160827637, 0.1422988474369049, 0.7299731373786926], "cam_t_m2c": [120.52870178222656, -80.42031860351562, 233.64805603027344], "obj_id": 3}, {"cam_R_m2c": [-0.8100661635398865, -0.5108466744422913, 0.2877988815307617, -0.35540157556533813, 0.8181887269020081, 0.4519478976726532, -0.46634986996650696, 0.26382359862327576, -0.8443427085876465], "cam_t_m2c": [64.31270599365234, 58.028263092041016, 246.23487854003906], "obj_id": 0}, {"cam_R_m2c": [-0.5898723602294922, 0.12277814745903015, 0.7981077432632446, -0.3417128920555115, 0.8575589656829834, -0.3844800293445587, -0.7316302061080933, -0.49951788783073425, -0.46389541029930115], "cam_t_m2c": [332.9747314453125, -143.80177307128906, 173.08567810058594], "obj_id": 0}, {"cam_R_m2c": [0.04765796661376953, -0.4620212912559509, -0.8855874538421631, -0.6831849813461304, 0.6317091584205627, -0.3663357198238373, 0.7286885976791382, 0.6224788427352905, -0.28554004430770874], "cam_t_m2c": [84.56558227539062, -174.88401794433594, 432.41729736328125], "obj_id": 3}, {"cam_R_m2c": [0.46462661027908325, 0.3372742235660553, 0.8187601566314697, -0.7967482209205627, -0.2442517876625061, 0.5527507066726685, 0.38641220331192017, -0.9091683626174927, 0.15523676574230194], "cam_t_m2c": [-121.509765625, 84.24234008789062, 349.0611267089844], "obj_id": 3}, {"cam_R_m2c": [-0.6048843860626221, 0.0011921435361728072, -0.7963125109672546, -0.6913770437240601, -0.49696120619773865, 0.5244306325912476, -0.39511117339134216, 0.8677720427513123, 0.3014281690120697], "cam_t_m2c": [-196.478515625, 146.4873046875, 327.97296142578125], "obj_id": 2}, {"cam_R_m2c": [-0.3796626031398773, -0.23598019778728485, -0.894521951675415, 0.7920196056365967, -0.5825895071029663, -0.18246693909168243, -0.4780806005001068, -0.7777548432350159, 0.4080885648727417], "cam_t_m2c": [-59.65497589111328, -97.0113296508789, 535.7442016601562], "obj_id": 3}, {"cam_R_m2c": [-0.38238421082496643, -0.6681819558143616, -0.6382123827934265, -0.8631353974342346, 0.011758973821997643, 0.5048355460166931, -0.32981735467910767, 0.7439048886299133, -0.5812278985977173], "cam_t_m2c": [-140.50991821289062, -14.535564422607422, 419.3940124511719], "obj_id": 1}, {"cam_R_m2c": [0.5974945425987244, 0.7702568173408508, 0.22294551134109497, 0.6042832732200623, -0.6152750253677368, 0.5062394142150879, 0.5271071791648865, -0.16775304079055786, -0.8330767750740051], "cam_t_m2c": [201.73001098632812, -90.45211791992188, 265.09539794921875], "obj_id": 2}, {"cam_R_m2c": [-0.8739297389984131, -0.005666308104991913, 0.4860190451145172, 0.3708586096763611, -0.6541259288787842, 0.6592290997505188, 0.3141822814941406, 0.7563643455505371, 0.5737616419792175], "cam_t_m2c": [-157.4893035888672, 95.51344299316406, 478.4448547363281], "obj_id": 1}, {"cam_R_m2c": [0.6459924578666687, 0.7633400559425354, 0.0023834763560444117, 0.26503536105155945, -0.2272176444530487, 0.9370850324630737, 0.71585613489151, -0.6047181487083435, -0.3490929901599884], "cam_t_m2c": [141.95404052734375, -31.326494216918945, 269.7245788574219], "obj_id": 1}, {"cam_R_m2c": [0.5974925756454468, 0.44800129532814026, -0.6650545001029968, 0.6042829751968384, 0.2936282753944397, 0.7406919598579407, 0.5271098017692566, -0.8444390892982483, -0.09527884423732758], "cam_t_m2c": [-108.59222412109375, 135.5413360595703, 357.775634765625], "obj_id": 2}, {"cam_R_m2c": [-0.09002909064292908, 0.8017628192901611, -0.5908222794532776, 0.5800631046295166, -0.44001466035842896, -0.6855024099349976, -0.8095809817314148, -0.40442946553230286, -0.42545878887176514], "cam_t_m2c": [29.541383743286133, -15.54924201965332, 202.01736450195312], "obj_id": 1}, {"cam_R_m2c": [-0.7422705888748169, -0.3157564401626587, 0.5910434126853943, -0.31186941266059875, 0.9434574842453003, 0.1123628318309784, -0.5931036472320557, -0.10092473030090332, -0.7987755537033081], "cam_t_m2c": [56.10222244262695, -168.46963500976562, 477.25762939453125], "obj_id": 0}, {"cam_R_m2c": [0.5974975228309631, 0.8017185926437378, -0.015620785765349865, 0.6042838096618652, -0.4373789131641388, 0.665988564491272, 0.5271032452583313, -0.4073658883571625, -0.7457983493804932], "cam_t_m2c": [12.610502243041992, -143.10986328125, 501.88934326171875], "obj_id": 2}, {"cam_R_m2c": [0.4140779972076416, -0.2330228090286255, -0.8799089789390564, -0.7954877614974976, 0.37721338868141174, -0.4742460250854492, 0.44242358207702637, 0.8963316679000854, -0.02917102724313736], "cam_t_m2c": [173.31898498535156, -8.856627464294434, 97.72305297851562], "obj_id": 3}, {"cam_R_m2c": [-0.02733069285750389, -0.906004011631012, -0.4223857820034027, -0.5630916953086853, 0.3630806803703308, -0.7423611879348755, 0.8259422779083252, 0.21755266189575195, -0.5200865864753723], "cam_t_m2c": [-235.239501953125, 42.8082389831543, 435.2539367675781], "obj_id": 1}, {"cam_R_m2c": [-0.7537943124771118, -0.5864773392677307, -0.29637524485588074, -0.5039096474647522, 0.22643962502479553, 0.8335466980934143, -0.4217451810836792, 0.7776691913604736, -0.4662204682826996], "cam_t_m2c": [-98.37845611572266, 193.54776000976562, 263.15924072265625], "obj_id": 0}, {"cam_R_m2c": [-0.2856460213661194, 0.49704286456108093, 0.819362461566925, 0.9040228128433228, 0.4234958291053772, 0.058258555829524994, -0.3180396258831024, 0.7573636770248413, -0.5703079700469971], "cam_t_m2c": [-5.784698009490967, -32.4755744934082, 322.96343994140625], "obj_id": 3}, {"cam_R_m2c": [0.6014711260795593, -0.07599621266126633, -0.7952716946601868, 0.626541018486023, 0.6624910235404968, 0.41055092215538025, 0.4956600069999695, -0.7452048063278198, 0.4460839629173279], "cam_t_m2c": [-177.4203338623047, -145.59226989746094, 635.1471557617188], "obj_id": 0}, {"cam_R_m2c": [-0.3249470293521881, 0.898939847946167, 0.293796569108963, -0.5545871257781982, 0.07051078975200653, -0.8291327953338623, -0.7660563588142395, -0.43236011266708374, 0.4756283164024353], "cam_t_m2c": [39.662574768066406, 5.42800235748291, 222.01268005371094], "obj_id": 2}]
}