{
  "0": [{"cam_R_m2c": [-0.8288804292678833, 0.0014131561620160937, -0.5594239234924316, 0.42084795236587524, 0.6604100465774536, -0.6218886375427246, 0.36857035756111145, -0.7509037852287292, -0.5479956865310669], "cam_t_m2c": [-2.5792198181152344, -268.8598937988281, 611.298095703125], "obj_id": 1}, {"cam_R_m2c": [-0.8288804292678833, 0.0014131561620160937, -0.5594239234924316, 0.42084795236587524, 0.6604100465774536, -0.6218886375427246, 0.36857035756111145, -0.7509037852287292, -0.5479956865310669], "cam_t_m2c": [-2.5792198181152344, -268.8598937988281, 611.298095703125], "obj_id": 2}, {"cam_R_m2c": [-0.8288804292678833, 0.0014131561620160937, -0.5594239234924316, 0.42084795236587524, 0.6604100465774536, -0.6218886375427246, 0.36857035756111145, -0.7509037852287292, -0.5479956865310669], "cam_t_m2c": [-2.5792198181152344, -268.8598937988281, 611.298095703125], "obj_id": 3}, {"cam_R_m2c": [-0.8288804292678833, 0.0014131561620160937, -0.5594239234924316, 0.42084795236587524, 0.6604100465774536, -0.6218886375427246, 0.36857035756111145, -0.7509037852287292, -0.5479956865310669], "cam_t_m2c": [-2.5792198181152344, -268.8598937988281, 611.298095703125], "obj_id": 0}, {"cam_R_m2c": [-0.8288804292678833, 0.0014131561620160937, -0.5594239234924316, 0.42084795236587524, 0.6604100465774536, -0.6218886375427246, 0.36857035756111145, -0.7509037852287292, -0.5479956865310669], "cam_t_m2c": [-2.5792198181152344, -268.8598937988281, 611.298095703125], "obj_id": 2}, {"cam_R_m2c": [-0.8288804292678833, 0.0014131561620160937, -0.5594239234924316, 0.42084795236587524, 0.6604100465774536, -0.6218886375427246, 0.36857035756111145, -0.7509037852287292, -0.5479956865310669], "cam_t_m2c": [-2.5792198181152344, -268.8598937988281, 611.298095703125], "obj_id": 3}, {"cam_R_m2c": [-0.8288804292678833, 0.0014131561620160937, -0.5594239234924316, 0.42084795236587524, 0.6604100465774536, -0.6218886375427246, 0.36857035756111145, -0.7509037852287292, -0.5479956865310669], "cam_t_m2c": [-2.5792198181152344, -268.8598937988281, 611.298095703125], "obj_id": 0}, {"cam_R_m2c": [-0.8288804292678833, 0.0014131561620160937, -0.5594239234924316, 0.42084795236587524, 0.6604100465774536, -0.6218886375427246, 0.36857035756111145, -0.7509037852287292, -0.5479956865310669], "cam_t_m2c": [-2.5792198181152344, -268.8598937988281, 611.298095703125], "obj_id": 1}, {"cam_R_m2c": [-0.8288804292678833, 0.0014131561620160937, -0.5594239234924316, 0.42084795236587524, 0.6604100465774536, -0.6218886375427246, 0.36857035756111145, -0.7509037852287292, -0.5479956865310669], "cam_t_m2c": [-2.5792198181152344, -268.8598937988281, 611.298095703125], "obj_id": 0}, {"cam_R_m2c": [-0.8288804292678833, 0.0014131561620160937, -0.5594239234924316, 0.42084795236587524, 0.6604100465774536, -0.6218886375427246, 0.36857035756111145, -0.7509037852287292, -0.5479956865310669], "cam_t_m2c": [-2.5792198181152344, -268.8598937988281, 611.298095703125], "obj_id": 3}, {"cam_R_m2c": [-0.8288804292678833, 0.0014131561620160937, -0.5594239234924316, 0.42084795236587524, 0.6604100465774536, -0.6218886375427246, 0.36857035756111145, -0.7509037852287292, -0.5479956865310669], "cam_t_m2c": [-2.5792198181152344, -268.8598937988281, 611.298095703125], "obj_id": 3}, {"cam_R_m2c": [-0.8288804292678833, 0.0014131561620160937, -0.5594239234924316, 0.42084795236587524, 0.6604100465774536, -0.6218886375427246, 0.36857035756111145, -0.7509037852287292, -0.5479956865310669], "cam_t_m2c": [-2.5792198181152344, -268.8598937988281, 611.298095703125], "obj_id": 2}, {"cam_R_m2c": [-0.8288804292678833, 0.0014131561620160937, -0.5594239234924316, 0.42084795236587524, 0.6604100465774536, -0.6218886375427246, 0.36857035756111145, -0.7509037852287292, -0.5479956865310669], "cam_t_m2c": [-2.5792198181152344, -268.8598937988281, 611.298095703125], "obj_id": 3}, {"cam_R_m2c": [-0.8288804292678833, 0.0014131561620160937, -0.5594239234924316, 0.42084795236587524, 0.6604100465774536, -0.6218886375427246, 0.36857035756111145, -0.7509037852287292, -0.5479956865310669], "cam_t_m2c": [-2.5792198181152344, -268.8598937988281, 611.298095703125], "obj_id": 0}, {"cam_R_m2c": [-0.8288804292678833, 0.0014131561620160937, -0.5594239234924316, 0.42084795236587524, 0.6604100465774536, -0.6218886375427246, 0.36857035756111145, -0.7509037852287292, -0.5479956865310669], "cam_t_m2c": [-2.5792198181152344, -268.8598937988281, 611.298095703125], "obj_id": 2}, {"cam_R_m2c": [-0.8288804292678833, 0.0014131561620160937, -0.5594239234924316, 0.42084795236587524, 0.6604100465774536, -0.6218886375427246, 0.36857035756111145, -0.7509037852287292, -0.5479956865310669], "cam_t_m2c": [-2.5792198181152344, -268.8598937988281, 611.298095703125], "obj_id": 0}, {"cam_R_m2c": [-0.8288804292678833, 0.0014131561620160937, -0.5594239234924316, 0.42084795236587524, 0.6604100465774536, -0.6218886375427246, 0.36857035756111145, -0.7509037852287292, -0.5479956865310669], "cam_t_m2c": [-2.5792198181152344, -268.8598937988281, 611.298095703125], "obj_id": 3}, {"cam_R_m2c": [-0.8288804292678833, 0.0014131561620160937, -0.5594239234924316, 0.42084795236587524, 0.6604100465774536, -0.6218886375427246, 0.36857035756111145, -0.7509037852287292, -0.5479956865310669], "cam_t_m2c": [-2.5792198181152344, -268.8598937988281, 611.298095703125], "obj_id": 3}, {"cam_R_m2c": [-0.8288804292678833, 0.0014131561620160937, -0.5594239234924316, 0.42084795236587524, 0.6604100465774536, -0.6218886375427246, 0.36857035756111145, -0.7509037852287292, -0.5479956865310669], "cam_t_m2c": [-2.5792198181152344, -268.8598937988281, 611.298095703125], "obj_id": 1}, {"cam_R_m2c": [-0.8288804292678833, 0.0014131561620160937, -0.5594239234924316, 0.42084795236587524, 0.6604100465774536, -0.6218886375427246, 0.36857035756111145, -0.7509037852287292, -0.5479956865310669], "cam_t_m2c": [-2.5792198181152344, -268.8598937988281, 611.298095703125], "obj_id": 2}, {"cam_R_m2c": [-0.8288804292678833, 0.0014131561620160937, -0.5594239234924316, 0.42084795236587524, 0.6604100465774536, -0.6218886375427246, 0.36857035756111145, -0.7509037852287292, -0.5479956865310669], "cam_t_m2c": [-2.5792198181152344, -268.8598937988281, 611.298095703125], "obj_id": 0}, {"cam_R_m2c": [-0.8288804292678833, 0.0014131561620160937, -0.5594239234924316, 0.42084795236587524, 0.6604100465774536, -0.6218886375427246, 0.36857035756111145, -0.7509037852287292, -0.5479956865310669], "cam_t_m2c": [-2.5792198181152344, -268.8598937988281, 611.298095703125], "obj_id": 2}, {"cam_R_m2c": [-0.8288804292678833, 0.0014131561620160937, -0.5594239234924316, 0.42084795236587524, 0.6604100465774536, -0.6218886375427246, 0.36857035756111145, -0.7509037852287292, -0.5479956865310669], "cam_t_m2c": [-2.5792198181152344, -268.8598937988281, 611.298095703125], "obj_id": 1}, {"cam_R_m2c": [-0.8288804292678833, 0.0014131561620160937, -0.5594239234924316, 0.42084795236587524, 0.6604100465774536, -0.6218886375427246, 0.36857035756111145, -0.7509037852287292, -0.5479956865310669], "cam_t_m2c": [-2.5792198181152344, -268.8598937988281, 611.298095703125], "obj_id": 2}, {"cam_R_m2c": [0.5078173875808716, -0.8521144986152649, -0.12657944858074188, 0.1533447951078415, 0.2340012937784195, -0.960067093372345, 0.8477068543434143, 0.4681284725666046, 0.24949724972248077], "cam_t_m2c": [-128.73196411132812, -305.591552734375, 717.9869384765625], "obj_id": 1}, {"cam_R_m2c": [0.5388577580451965, -0.27938809990882874, 0.7947166562080383, -0.3662700951099396, 0.7718537449836731, 0.5196999311447144, -0.7586029767990112, -0.5711252689361572, 0.31358784437179565], "cam_t_m2c": [-114.85346984863281, -206.74159240722656, 582.7507934570312], "obj_id": 3}, {"cam_R_m2c": [0.8949981331825256, 0.3816337585449219, -0.23094166815280914, 0.24609388411045074, -0.8542459607124329, -0.45793184638023376, -0.372043251991272, 0.3530147969722748, -0.8584662675857544], "cam_t_m2c": [105.61412811279297, -564.4175415039062, 734.0316162109375], "obj_id": 1}, {"cam_R_m2c": [-0.5825446844100952, 0.3298929035663605, -0.7428407073020935, 0.6749455332756042, 0.7055544257164001, -0.21596628427505493, 0.45286881923675537, -0.6271870732307434, -0.6336767673492432], "cam_t_m2c": [-133.0928192138672, -141.77178955078125, 557.9900512695312], "obj_id": 3}, {"cam_R_m2c": [0.9078674912452698, 0.30272531509399414, -0.2900586426258087, 0.3986971080303192, -0.4093859791755676, 0.820635974407196, 0.12968133389949799, -0.860674262046814, -0.49236392974853516], "cam_t_m2c": [-328.90234375, -42.73173904418945, 623.3639526367188], "obj_id": 0}, {"cam_R_m2c": [0.21424846351146698, -0.6771817207336426, -0.7039335370063782, -0.2773752510547638, -0.7331796884536743, 0.6208948493003845, -0.9365684986114502, 0.062228020280599594, -0.3449160158634186], "cam_t_m2c": [4449.603515625, 4662.03466796875, 5022.3701171875], "obj_id": 1}, {"cam_R_m2c": [0.8028797507286072, -0.5637752413749695, 0.19375628232955933, 0.39663589000701904, 0.26254621148109436, -0.8796302080154419, 0.4450438320636749, 0.7830880284309387, 0.434406578540802], "cam_t_m2c": [68.14152526855469, -322.0387878417969, 616.791015625], "obj_id": 2}, {"cam_R_m2c": [-0.5714570879936218, 0.8176283836364746, -0.07014520466327667, -0.6162153482437134, -0.48398876190185547, -0.6213157773017883, -0.5419549345970154, -0.3118308186531067, 0.7804142236709595], "cam_t_m2c": [247.20376586914062, -400.6068420410156, 518.91015625], "obj_id": 0}]
}