{
  "0": [{"cam_R_m2c": [0.20231696963310242, 0.7679853439331055, 0.6076728701591492, -0.9753238558769226, 0.21400868892669678, 0.054254546761512756, -0.08838054537773132, -0.6036544442176819, 0.7923320531845093], "cam_t_m2c": [-50.83907699584961, -12.847579002380371, 383.3919982910156], "obj_id": 0}, {"cam_R_m2c": [-0.9091640710830688, 0.14663557708263397, -0.3897675573825836, -0.05495988205075264, -0.9700185060501099, -0.23673512041568756, -0.4127955138683319, -0.19380947947502136, 0.8899649977684021], "cam_t_m2c": [-279.4120788574219, -99.39143371582031, 377.47589111328125], "obj_id": 1}, {"cam_R_m2c": [-0.07311031222343445, 0.7991591691970825, -0.5966569781303406, 0.3166814148426056, -0.5486947894096375, -0.773722767829895, -0.9457101821899414, -0.2455172836780548, -0.21296362578868866], "cam_t_m2c": [-44.60179138183594, 6.12028694152832, 157.38829040527344], "obj_id": 2}, {"cam_R_m2c": [0.23575417697429657, 0.24380841851234436, -0.9407323598861694, 0.6424604058265686, 0.6872051358222961, 0.3391071856021881, 0.7291532754898071, -0.6843292117118835, 0.005374236963689327], "cam_t_m2c": [170.45289611816406, -192.27597045898438, 246.4300994873047], "obj_id": 3}, {"cam_R_m2c": [0.26710444688796997, 0.12912793457508087, -0.9549770355224609, 0.9409245848655701, -0.24897053837776184, 0.22950923442840576, -0.20812512934207916, -0.9598643779754639, -0.18800075352191925], "cam_t_m2c": [-169.85215759277344, -137.41513061523438, 430.8719787597656], "obj_id": 0}, {"cam_R_m2c": [-0.8991342782974243, -0.41579172015190125, 0.13665595650672913, -0.3593005836009979, 0.8795197606086731, 0.3120066225528717, -0.24992138147354126, 0.23143528401851654, -0.9402005076408386], "cam_t_m2c": [-220.9105224609375, -138.40328979492188, 412.259521484375], "obj_id": 1}, {"cam_R_m2c": [0.07291717827320099, 0.899257481098175, 0.4312991201877594, -0.016767796128988266, 0.4334946274757385, -0.9010000824928284, -0.9971969723701477, 0.05846639350056648, 0.04668780416250229], "cam_t_m2c": [-312.2987976074219, -88.22526550292969, 312.8432312011719], "obj_id": 2}, {"cam_R_m2c": [-0.7949004769325256, -0.2670612633228302, -0.5448041558265686, 0.3532491624355316, 0.5263407230377197, -0.7734212875366211, 0.49330347776412964, -0.8072445392608643, -0.32404935359954834], "cam_t_m2c": [-90.1202163696289, -201.3500518798828, 448.02508544921875], "obj_id": 3}, {"cam_R_m2c": [0.15110431611537933, 0.23723380267620087, -0.9596288800239563, 0.5266164541244507, -0.8408696055412292, -0.12495321035385132, -0.8365659117698669, -0.4864753782749176, -0.2519901692867279], "cam_t_m2c": [23.076730728149414, 2.3290646076202393, 342.56317138671875], "obj_id": 0}, {"cam_R_m2c": [0.5089680552482605, -0.24300920963287354, -0.8257712125778198, -0.7502776980400085, -0.5954837799072266, -0.28719738125801086, -0.4219417870044708, 0.7657319903373718, -0.4854066073894501], "cam_t_m2c": [-176.0832061767578, -0.2832859754562378, 336.6971435546875], "obj_id": 1}, {"cam_R_m2c": [-0.5692716240882874, 0.6811322569847107, -0.4604223370552063, 0.3481939435005188, 0.7070604562759399, 0.6154888272285461, 0.7447757124900818, 0.19006402790546417, -0.6396755576133728], "cam_t_m2c": [-208.41322326660156, 18.70161247253418, 309.7269592285156], "obj_id": 2}, {"cam_R_m2c": [-0.9282580614089966, 0.039478689432144165, 0.3698353171348572, 0.26023679971694946, 0.7793581485748291, 0.5699803829193115, -0.265732079744339, 0.6253337264060974, -0.7337192893028259], "cam_t_m2c": [-168.63685607910156, -82.71670532226562, 407.0293273925781], "obj_id": 3}, {"cam_R_m2c": [-0.14479872584342957, 0.7365409731864929, 0.6607120633125305, -0.4702306091785431, 0.5362996459007263, -0.7009035348892212, -0.8705838322639465, -0.41217711567878723, 0.26868870854377747], "cam_t_m2c": [-46.56389236450195, -47.019325256347656, 289.5975341796875], "obj_id": 0}, {"cam_R_m2c": [0.21736401319503784, -0.968785285949707, 0.11919703334569931, 0.638900876045227, 0.04888848587870598, -0.7677340507507324, 0.737942099571228, 0.24303282797336578, 0.6295843720436096], "cam_t_m2c": [-153.77346801757812, -36.34263229370117, 378.1296691894531], "obj_id": 1}, {"cam_R_m2c": [0.9600962996482849, 0.24386896193027496, -0.13690529763698578, -0.2548973858356476, 0.5616123080253601, -0.7871587872505188, -0.11507589370012283, 0.7906450033187866, 0.6013634204864502], "cam_t_m2c": [-115.76708984375, 36.23970413208008, 333.16241455078125], "obj_id": 2}, {"cam_R_m2c": [0.019810037687420845, 0.8353285193443298, -0.5493940114974976, 0.3717334270477295, 0.5039544701576233, 0.7796435952186584, 0.9281281232833862, -0.21967290341854095, -0.300536185503006], "cam_t_m2c": [21.119571685791016, -187.46910095214844, 235.64779663085938], "obj_id": 3}]
}