{
  "0": [{"cam_R_m2c": [0.8510792255401611, -0.22173428535461426, -0.47591808438301086, -0.11341843754053116, 0.8074004650115967, -0.5789997577667236, 0.5126405954360962, 0.5467525124549866, 0.662013053894043], "cam_t_m2c": [32.167633056640625, -170.19647216796875, 858.9988403320312], "obj_id": 3}, {"cam_R_m2c": [-0.6547837853431702, -0.18873807787895203, 0.7318716645240784, -0.46366190910339355, -0.664402186870575, -0.5861632823944092, 0.5968884825706482, -0.7231512069702148, 0.3475291132926941], "cam_t_m2c": [-135.496826171875, -173.84767150878906, 611.2813720703125], "obj_id": 3}, {"cam_R_m2c": [0.45611801743507385, 0.8759351968765259, -0.15714262425899506, 0.3192795515060425, 0.003753226948902011, 0.9476531147956848, 0.830672562122345, -0.4824140667915344, -0.2779562771320343], "cam_t_m2c": [28.116546630859375, -60.523502349853516, 545.3573608398438], "obj_id": 3}, {"cam_R_m2c": [-0.9945147037506104, -0.0018543510232120752, 0.10457909107208252, -0.08210708200931549, -0.6055625081062317, -0.7915505170822144, 0.06479700654745102, -0.7957954406738281, 0.6020888090133667], "cam_t_m2c": [-165.9544677734375, -197.9726104736328, 656.2266845703125], "obj_id": 3}, {"cam_R_m2c": [0.2991565763950348, -0.17394793033599854, -0.9382149577140808, 0.10814516246318817, -0.9707274436950684, 0.21445870399475098, -0.9480558633804321, -0.1656201332807541, -0.2715877592563629], "cam_t_m2c": [-220.63316345214844, -196.8739013671875, 791.15478515625], "obj_id": 3}, {"cam_R_m2c": [0.7056300640106201, 0.1740557849407196, -0.686870276927948, 0.28181540966033936, -0.9583329558372498, 0.04666673392057419, -0.6501278877258301, -0.22650007903575897, -0.7252801060676575], "cam_t_m2c": [-38.0408821105957, -16.35538101196289, 886.7156982421875], "obj_id": 3}, {"cam_R_m2c": [0.34259897470474243, 0.05476497486233711, 0.9378841519355774, 0.7721265554428101, -0.5851278901100159, -0.2478826642036438, 0.5352069139480591, 0.8090896606445312, -0.2427496761083603], "cam_t_m2c": [80.3758316040039, 1.8435157537460327, 881.9235229492188], "obj_id": 3}, {"cam_R_m2c": [-0.2654736340045929, 0.9172693490982056, -0.29688501358032227, 0.8289487957954407, 0.37440356612205505, 0.41553083062171936, 0.49230849742889404, -0.13578999042510986, -0.8597636222839355], "cam_t_m2c": [54.99359893798828, -148.2659149169922, 887.7169799804688], "obj_id": 3}, {"cam_R_m2c": [-0.973908543586731, -0.11149914562702179, 0.19766171276569366, 0.21753937005996704, -0.7067698836326599, 0.6731663942337036, 0.06464386731386185, 0.6986016631126404, 0.7125846743583679], "cam_t_m2c": [-158.51651000976562, -239.75636291503906, 583.144775390625], "obj_id": 3}, {"cam_R_m2c": [-0.9624502658843994, -0.09588563442230225, 0.25395914912223816, -0.2516971230506897, 0.6656229496002197, -0.7025629281997681, -0.10167533904314041, -0.7401027083396912, -0.6647630929946899], "cam_t_m2c": [-102.74591064453125, -118.0085678100586, 638.6824951171875], "obj_id": 3}, {"cam_R_m2c": [-0.24709221720695496, 0.15179617702960968, -0.9570282101631165, 0.5029022693634033, -0.824134111404419, -0.2605604827404022, -0.8282719254493713, -0.5456742644309998, 0.1272987574338913], "cam_t_m2c": [51.16245651245117, 120.73995208740234, 669.9812622070312], "obj_id": 3}, {"cam_R_m2c": [0.7401683330535889, 0.3602978587150574, 0.567746639251709, 0.5907445549964905, -0.7517460584640503, -0.2930848002433777, 0.32120347023010254, 0.5523253679275513, -0.7692626118659973], "cam_t_m2c": [-4.929768085479736, -5.654903888702393, 837.0523681640625], "obj_id": 3}, {"cam_R_m2c": [-0.24735359847545624, 0.7554135918617249, 0.6067672967910767, -0.2829776406288147, -0.6552464962005615, 0.7004111409187317, 0.92668217420578, 0.0015476348344236612, 0.3758426904678345], "cam_t_m2c": [131.9722442626953, -57.50165939331055, 953.8470458984375], "obj_id": 3}, {"cam_R_m2c": [-0.3722536265850067, 0.9186431169509888, 0.13236930966377258, 0.9270523190498352, 0.36114707589149475, 0.10073008388280869, 0.044730231165885925, 0.16021046042442322, -0.986068606376648], "cam_t_m2c": [137.9781036376953, -132.53497314453125, 975.6163940429688], "obj_id": 3}, {"cam_R_m2c": [0.7437094449996948, 0.48771539330482483, 0.457197904586792, -0.6509584784507751, 0.372687429189682, 0.6613296866416931, 0.15214882791042328, -0.7894539833068848, 0.5946536660194397], "cam_t_m2c": [30.575532913208008, 74.5925064086914, 750.6824951171875], "obj_id": 3}, {"cam_R_m2c": [-0.863929808139801, -0.34640878438949585, 0.3655487298965454, -0.3368997573852539, -0.1419856697320938, -0.9307730197906494, 0.37433069944381714, -0.9272760152816772, 0.005960799753665924], "cam_t_m2c": [-120.08271789550781, 68.9874038696289, 805.2540283203125], "obj_id": 3}, {"cam_R_m2c": [-0.4220739006996155, 0.8594977855682373, 0.28830060362815857, -0.5138241052627563, -0.488807737827301, 0.7050190567970276, 0.7468858361244202, 0.14943431317806244, 0.6479436159133911], "cam_t_m2c": [29.426239013671875, -200.96670532226562, 568.7015380859375], "obj_id": 3}, {"cam_R_m2c": [-0.7605201601982117, 0.09046383202075958, 0.6429814696311951, 0.11556266248226166, 0.9932954907417297, -0.00306318118236959, -0.6389476656913757, 0.07197504490613937, -0.7658754587173462], "cam_t_m2c": [124.13299560546875, -60.07373809814453, 843.1837768554688], "obj_id": 3}, {"cam_R_m2c": [0.2639745771884918, 0.21268418431282043, 0.9407883882522583, -0.8416001200675964, 0.5272896885871887, 0.11693894863128662, -0.4711969196796417, -0.822636604309082, 0.3181861340999603], "cam_t_m2c": [-64.32184600830078, -164.9517059326172, 489.5300598144531], "obj_id": 3}, {"cam_R_m2c": [-0.4304083287715912, 0.4470912218093872, -0.7841289043426514, 0.7099779844284058, -0.3687525689601898, -0.5999606251716614, -0.5573866963386536, -0.8149423003196716, -0.15871074795722961], "cam_t_m2c": [178.0825653076172, -238.91217041015625, 609.1187133789062], "obj_id": 3}, {"cam_R_m2c": [-0.30608364939689636, 0.9497317671775818, -0.06574315577745438, 0.9403500556945801, 0.29084229469299316, -0.17650072276592255, -0.14850746095180511, -0.11584558337926865, -0.9821023941040039], "cam_t_m2c": [-208.75921630859375, -303.7159118652344, 694.2144775390625], "obj_id": 3}, {"cam_R_m2c": [0.017349356785416603, 0.999847948551178, -0.001733877812512219, 0.1920139193534851, -0.005033608991652727, -0.9813792109489441, -0.9812387824058533, 0.016693316400051117, -0.19207200407981873], "cam_t_m2c": [152.13754272460938, -87.68318939208984, 633.8488159179688], "obj_id": 3}, {"cam_R_m2c": [-0.8634190559387207, 0.47586846351623535, -0.16750088334083557, -0.4731018841266632, -0.879051685333252, -0.05867307260632515, -0.17516261339187622, 0.028585530817508698, 0.9841244220733643], "cam_t_m2c": [113.03023529052734, 14.963685035705566, 896.1405029296875], "obj_id": 3}, {"cam_R_m2c": [-0.174383744597435, -0.3134421706199646, 0.9334582090377808, -0.26791030168533325, 0.9273236989974976, 0.2613326907157898, -0.9475306272506714, -0.2045108824968338, -0.24568456411361694], "cam_t_m2c": [28.3997802734375, -5.417634963989258, 927.72998046875], "obj_id": 3}, {"cam_R_m2c": [0.34679391980171204, 0.06007516756653786, 0.9360154271125793, 0.14375537633895874, 0.9827513694763184, -0.1163361519575119, -0.9268593788146973, 0.17490193247795105, 0.3321760892868042], "cam_t_m2c": [116.05265045166016, -47.44314193725586, 881.5899658203125], "obj_id": 3}, {"cam_R_m2c": [0.16067175567150116, 0.8647693395614624, 0.47577139735221863, -0.0771583616733551, 0.49156373739242554, -0.8674166202545166, -0.9839873313903809, 0.10265953838825226, 0.14570464193820953], "cam_t_m2c": [-59.94563293457031, -336.7509460449219, 734.659912109375], "obj_id": 3}, {"cam_R_m2c": [-0.8011026382446289, 0.5182737112045288, -0.2993777096271515, -0.1401432305574417, -0.6487107276916504, -0.7480202913284302, -0.5818887948989868, -0.5572852492332458, 0.5923163294792175], "cam_t_m2c": [147.38888549804688, -105.96156311035156, 708.9482421875], "obj_id": 3}, {"cam_R_m2c": [-0.17930017411708832, 0.8719162344932556, -0.45564618706703186, 0.5495319366455078, -0.2953956723213196, -0.78150874376297, -0.8160061240196228, -0.39051684737205505, -0.42618125677108765], "cam_t_m2c": [70.27323150634766, -118.9389419555664, 469.9393005371094], "obj_id": 3}, {"cam_R_m2c": [-0.502378523349762, 0.7160578966140747, 0.4846406579017639, -0.8069424629211426, -0.5896109938621521, 0.03467519208788872, 0.31057897210121155, -0.37365710735321045, 0.8740257620811462], "cam_t_m2c": [93.44017791748047, 162.1173095703125, 674.8726806640625], "obj_id": 1}, {"cam_R_m2c": [0.8231519460678101, 0.2841894030570984, -0.49158647656440735, 0.5639305710792542, -0.5103293657302856, 0.6492657661437988, -0.0663565993309021, -0.8116650581359863, -0.5803416967391968], "cam_t_m2c": [-139.5575408935547, -198.1458740234375, 769.5357055664062], "obj_id": 1}, {"cam_R_m2c": [-0.12638093531131744, -0.8787440657615662, 0.46025708317756653, 0.9753985404968262, -0.19456592202186584, -0.10364178568124771, 0.18062499165534973, 0.4358357787132263, 0.8817152380943298], "cam_t_m2c": [108.76380920410156, -146.0240020751953, 865.8601684570312], "obj_id": 1}, {"cam_R_m2c": [0.03449573367834091, -0.24175508320331573, 0.9697238802909851, -0.7647122740745544, 0.6183252334594727, 0.18135316669940948, -0.643447756767273, -0.7478156685829163, -0.1635434776544571], "cam_t_m2c": [-144.48422241210938, -308.66510009765625, 727.7255859375], "obj_id": 1}, {"cam_R_m2c": [0.8930380344390869, 0.34887516498565674, -0.2841991186141968, -0.4246801435947418, 0.8622478246688843, -0.2759990692138672, 0.1487608253955841, 0.36717140674591064, 0.9181804656982422], "cam_t_m2c": [133.66748046875, 144.10543823242188, 712.9063720703125], "obj_id": 1}, {"cam_R_m2c": [0.6863280534744263, -0.6706397533416748, -0.28141799569129944, -0.30652743577957153, -0.6176245808601379, 0.7242794632911682, -0.6595413088798523, -0.4108309745788574, -0.6294625997543335], "cam_t_m2c": [241.99249267578125, -73.31271362304688, 583.8359985351562], "obj_id": 1}, {"cam_R_m2c": [-0.45740047097206116, 0.8548762798309326, 0.2448900192975998, -0.43730729818344116, -0.4560225009918213, 0.775116503238678, 0.7743041515350342, 0.24744652211666107, 0.5824287533760071], "cam_t_m2c": [200.62637329101562, 90.4015121459961, 782.464111328125], "obj_id": 1}, {"cam_R_m2c": [-0.8657089471817017, 0.30831295251846313, -0.39432305097579956, -0.3230995237827301, 0.25748375058174133, 0.9106638431549072, 0.3823012411594391, 0.9157756567001343, -0.12329000234603882], "cam_t_m2c": [-118.73450469970703, -109.15879821777344, 635.8977661132812], "obj_id": 1}, {"cam_R_m2c": [-0.8410356640815735, -0.5357660055160522, 0.07492361217737198, -0.28965580463409424, 0.562946081161499, 0.774074375629425, -0.4569006860256195, 0.6293221712112427, -0.6286454200744629], "cam_t_m2c": [-6.059978485107422, -122.26197052001953, 574.3165283203125], "obj_id": 1}, {"cam_R_m2c": [-0.16547007858753204, -0.10893789678812027, 0.9801796078681946, 0.5155792832374573, 0.8376918435096741, 0.18013979494571686, -0.8407125473022461, 0.5351680517196655, -0.08244679868221283], "cam_t_m2c": [122.81439971923828, 139.91134643554688, 665.855224609375], "obj_id": 1}, {"cam_R_m2c": [-0.7435023188591003, -0.3876372277736664, -0.5449234247207642, 0.6372013688087463, -0.16338998079299927, -0.753178596496582, 0.20292501151561737, -0.9072160720825195, 0.36848387122154236], "cam_t_m2c": [16.692813873291016, -218.6865692138672, 849.9290771484375], "obj_id": 1}, {"cam_R_m2c": [0.85686856508255, 0.1674267202615738, 0.487590491771698, 0.5145695805549622, -0.33560922741889954, -0.7890401482582092, 0.031533513218164444, 0.9270029664039612, -0.37372568249702454], "cam_t_m2c": [-122.9522476196289, -3.325108528137207, 791.6342163085938], "obj_id": 1}, {"cam_R_m2c": [0.911332368850708, 0.3712262511253357, -0.17794488370418549, -0.12116888910531998, 0.6549853086471558, 0.7458634972572327, 0.39343538880348206, -0.6581681966781616, 0.6418903470039368], "cam_t_m2c": [249.95814514160156, 120.16083526611328, 721.7726440429688], "obj_id": 1}, {"cam_R_m2c": [0.3540869355201721, 0.9171510338783264, -0.18291091918945312, 0.5475735068321228, -0.04476432502269745, 0.8355592489242554, 0.7581461668014526, -0.39601778984069824, -0.5180580615997314], "cam_t_m2c": [-0.720828652381897, -156.9434051513672, 473.667236328125], "obj_id": 1}, {"cam_R_m2c": [0.07434318959712982, 0.36905965209007263, -0.9264275431632996, 0.6513517498970032, -0.7214271426200867, -0.23512482643127441, -0.755125105381012, -0.5859503149986267, -0.2940208315849304], "cam_t_m2c": [-49.35906982421875, -4.140326023101807, 917.5414428710938], "obj_id": 1}, {"cam_R_m2c": [-0.057643961161375046, 0.8216490149497986, -0.5670714378356934, 0.9356887936592102, 0.24251244962215424, 0.25626978278160095, 0.3480856716632843, -0.5158299803733826, -0.7827871441841125], "cam_t_m2c": [-117.01634216308594, -85.56957244873047, 826.3141479492188], "obj_id": 1}, {"cam_R_m2c": [0.6796836853027344, 0.5445848107337952, 0.49138322472572327, 0.629595160484314, -0.08941732347011566, -0.7717606425285339, -0.3763509690761566, 0.8339256048202515, -0.4036434590816498], "cam_t_m2c": [121.10964965820312, -86.17943572998047, 850.5755615234375], "obj_id": 1}, {"cam_R_m2c": [-0.46202006936073303, 0.8552851676940918, 0.23457352817058563, -0.3330249786376953, -0.4124530553817749, 0.8479250073432922, 0.8219682574272156, 0.3136395215988159, 0.4753929078578949], "cam_t_m2c": [2.843839645385742, 57.96239471435547, 833.0162963867188], "obj_id": 1}, {"cam_R_m2c": [0.06968194991350174, -0.9938341379165649, 0.0862433984875679, -0.07597040385007858, 0.08091582357883453, 0.9938213229179382, -0.9946721196174622, -0.0758032351732254, -0.06986349821090698], "cam_t_m2c": [-47.97452926635742, -71.57634735107422, 859.6153564453125], "obj_id": 1}, {"cam_R_m2c": [-0.160371333360672, -0.3320835828781128, 0.9295167922973633, -0.565435528755188, -0.740970253944397, -0.3622783124446869, 0.8090510368347168, -0.5836809277534485, -0.0689413994550705], "cam_t_m2c": [-150.80502319335938, -214.67581176757812, 550.8665771484375], "obj_id": 1}, {"cam_R_m2c": [-0.04398243874311447, -0.294149786233902, -0.9547467827796936, -0.7379001379013062, -0.6346796154975891, 0.22953259944915771, -0.6734752655029297, 0.7146031856536865, -0.18913839757442474], "cam_t_m2c": [74.11558532714844, -69.45846557617188, 563.4735107421875], "obj_id": 1}, {"cam_R_m2c": [-0.4102691411972046, -0.8372759819030762, 0.361452579498291, 0.8531510829925537, -0.4924067258834839, -0.17224600911140442, 0.32219916582107544, 0.23770643770694733, 0.9163423776626587], "cam_t_m2c": [75.71656799316406, -141.4166717529297, 732.7989501953125], "obj_id": 1}, {"cam_R_m2c": [-0.1814493089914322, -0.2246275544166565, 0.9574018716812134, 0.8333642482757568, 0.4817460775375366, 0.2709696888923645, -0.522091805934906, 0.8470318913459778, 0.09978419542312622], "cam_t_m2c": [-89.18936920166016, -59.1642951965332, 541.9862060546875], "obj_id": 1}, {"cam_R_m2c": [-0.09217802435159683, 0.9538289904594421, -0.28585538268089294, -0.1494656503200531, -0.2970789074897766, -0.9430821537971497, -0.9844607710838318, -0.04420597478747368, 0.16994895040988922], "cam_t_m2c": [-121.26982879638672, -212.8095703125, 655.4381713867188], "obj_id": 1}, {"cam_R_m2c": [-0.9622411131858826, -0.2607380747795105, -0.07815173268318176, 0.1675584614276886, -0.7936596274375916, 0.5848321318626404, -0.2145138829946518, 0.549654483795166, 0.8073807954788208], "cam_t_m2c": [-123.88294982910156, -16.99462890625, 533.251708984375], "obj_id": 1}, {"cam_R_m2c": [0.7143010497093201, 0.6960947513580322, 0.07229170948266983, -0.09962281584739685, 0.20338338613510132, -0.9740176796913147, -0.6927115321159363, 0.6885399222373962, 0.21462389826774597], "cam_t_m2c": [-59.20417404174805, -41.36899948120117, 544.0784912109375], "obj_id": 1}, {"cam_R_m2c": [0.2295888066291809, -0.10962426662445068, -0.967094361782074, -0.25424516201019287, -0.9658911228179932, 0.049129918217659, -0.9394936561584473, 0.23459938168525696, -0.2496291995048523], "cam_t_m2c": [17.405790328979492, -24.795312881469727, 851.9281616210938], "obj_id": 1}, {"cam_R_m2c": [-0.37364694476127625, -0.9054670333862305, -0.20128919184207916, -0.2230989634990692, 0.2983642518520355, -0.9280115962028503, 0.9003414511680603, -0.3018413484096527, -0.3134916126728058], "cam_t_m2c": [196.49069213867188, -97.20377349853516, 710.4512329101562], "obj_id": 1}, {"cam_R_m2c": [0.7741714715957642, -0.3056725561618805, 0.5542768239974976, -0.32014015316963196, 0.5663252472877502, 0.7594642639160156, -0.5460483431816101, -0.7654018402099609, 0.34057480096817017], "cam_t_m2c": [161.1019744873047, -214.98086547851562, 741.7564086914062], "obj_id": 1}, {"cam_R_m2c": [-0.22696129977703094, -0.897207498550415, 0.3788233697414398, -0.18641790747642517, 0.4218040108680725, 0.8873159885406494, -0.9558958411216736, 0.13076697289943695, -0.26298871636390686], "cam_t_m2c": [32.83155822753906, -68.35600280761719, 613.3518676757812], "obj_id": 1}, {"cam_R_m2c": [0.8100634813308716, 0.5819405317306519, -0.07171003520488739, 0.5109171271324158, -0.6405555009841919, 0.5732821226119995, 0.28768184781074524, -0.5010327696800232, -0.8162140250205994], "cam_t_m2c": [16.22444725036621, -236.35879516601562, 612.6622314453125], "obj_id": 1}, {"cam_R_m2c": [-0.9468921422958374, -0.031775765120983124, -0.3199775218963623, 0.24338699877262115, 0.5794888138771057, -0.7777888178825378, 0.2101382315158844, -0.814360499382019, -0.5409796237945557], "cam_t_m2c": [-103.41313934326172, -68.70206451416016, 865.4716186523438], "obj_id": 1}, {"cam_R_m2c": [-0.9134061336517334, 0.22961479425430298, -0.3361039459705353, -0.10811600834131241, 0.6591951251029968, 0.7441589832305908, 0.3924280107021332, 0.7160577774047852, -0.5772877335548401], "cam_t_m2c": [-151.48828125, 21.485382080078125, 776.1404418945312], "obj_id": 1}, {"cam_R_m2c": [-0.3424094319343567, 0.9006079435348511, 0.26769569516181946, 0.9099871516227722, 0.3888002634048462, -0.14407534897327423, -0.23383556306362152, 0.1942668855190277, -0.9526705145835876], "cam_t_m2c": [102.38307189941406, -89.60127258300781, 843.8509521484375], "obj_id": 1}, {"cam_R_m2c": [0.9905738234519958, -0.034834302961826324, -0.1324765384197235, -0.13494926691055298, -0.4140753448009491, -0.900183379650116, -0.023498015478253365, 0.9095757007598877, -0.41487306356430054], "cam_t_m2c": [-4.759848594665527, -271.14801025390625, 709.694580078125], "obj_id": 1}, {"cam_R_m2c": [0.1447862833738327, -0.22913414239883423, 0.9625664353370667, 0.9323360323905945, -0.2941725254058838, -0.21026527881622314, 0.3313398063182831, 0.9278790354728699, 0.17103813588619232], "cam_t_m2c": [26.84694480895996, -101.92030334472656, 492.8648986816406], "obj_id": 1}, {"cam_R_m2c": [0.5780611634254456, 0.4809363782405853, 0.6592006087303162, 0.12974874675273895, 0.7433984279632568, -0.6561432480812073, -0.8056119084358215, 0.46482136845588684, 0.3673288822174072], "cam_t_m2c": [20.787874221801758, 17.876203536987305, 859.1161499023438], "obj_id": 1}, {"cam_R_m2c": [-0.7270997762680054, -0.6690491437911987, 0.15394490957260132, -0.5994212627410889, 0.7279936671257019, 0.33274516463279724, -0.3346937894821167, 0.1496610939502716, -0.9303663372993469], "cam_t_m2c": [-57.65402603149414, 20.92780113220215, 528.7767333984375], "obj_id": 1}, {"cam_R_m2c": [0.3989112079143524, 0.9134836196899414, -0.0801091119647026, 0.2534466087818146, -0.19379134476184845, -0.9477392435073853, -0.8812687397003174, 0.35776039958000183, -0.3088248670101166], "cam_t_m2c": [-187.41783142089844, -212.1019744873047, 591.864990234375], "obj_id": 1}, {"cam_R_m2c": [-0.12594273686408997, 0.8992429375648499, -0.4189276397228241, -0.3334557116031647, -0.4360925853252411, -0.8358410596847534, -0.9343155026435852, 0.03442562371492386, 0.3547805845737457], "cam_t_m2c": [46.52895736694336, -138.09173583984375, 516.2584838867188], "obj_id": 1}, {"cam_R_m2c": [0.8642557859420776, 0.41974303126335144, -0.27726832032203674, -0.3587866723537445, 0.9006611704826355, 0.2451155036687851, 0.352610319852829, -0.1123623251914978, 0.9289998412132263], "cam_t_m2c": [126.16407775878906, -40.10504913330078, 776.604736328125], "obj_id": 1}, {"cam_R_m2c": [-0.09446752071380615, -0.5670310258865356, -0.8182613253593445, 0.4468075633049011, -0.7586525678634644, 0.47414037585258484, -0.8896284103393555, -0.32081446051597595, 0.3250219225883484], "cam_t_m2c": [4.9700236320495605, -113.52482604980469, 688.2745361328125], "obj_id": 1}, {"cam_R_m2c": [0.28151991963386536, 0.16314847767353058, -0.9455839991569519, 0.8982157111167908, -0.39148402214050293, 0.19987177848815918, -0.337572306394577, -0.9056062698364258, -0.2567530572414398], "cam_t_m2c": [-115.47016906738281, -190.17735290527344, 709.5340576171875], "obj_id": 1}, {"cam_R_m2c": [-0.49646133184432983, -0.8676734566688538, 0.02586127072572708, 0.36229294538497925, -0.18003779649734497, 0.9145109057426453, -0.7888408303260803, 0.46338868141174316, 0.4037338197231293], "cam_t_m2c": [90.48638153076172, -6.5525336265563965, 803.3069458007812], "obj_id": 1}, {"cam_R_m2c": [0.6978380680084229, -0.6360384821891785, 0.32935860753059387, -0.715920090675354, -0.6053215265274048, 0.3479139804840088, -0.021918820217251778, -0.4785820543766022, -0.8777691125869751], "cam_t_m2c": [168.6560516357422, 56.501285552978516, 718.0294799804688], "obj_id": 1}, {"cam_R_m2c": [-0.7381528615951538, 0.39040499925613403, 0.5501947999000549, -0.5176165699958801, 0.19529975950717926, -0.8330252766609192, -0.43267014622688293, -0.8996899127960205, 0.05791900306940079], "cam_t_m2c": [-97.09809875488281, -197.37417602539062, 635.3401489257812], "obj_id": 1}, {"cam_R_m2c": [0.8321631550788879, 0.22465750575065613, 0.5069847106933594, 0.2651170790195465, -0.9641837477684021, -0.00790858268737793, 0.48704972863197327, 0.14099153876304626, -0.8619186878204346], "cam_t_m2c": [-44.22521209716797, -19.372896194458008, 551.5388793945312], "obj_id": 1}, {"cam_R_m2c": [-0.4918156564235687, 0.5214307904243469, 0.6972999572753906, -0.37517350912094116, 0.5957822799682617, -0.7101325988769531, -0.7857239246368408, -0.6108628511428833, -0.09738802164793015], "cam_t_m2c": [135.68145751953125, -12.255379676818848, 792.0845336914062], "obj_id": 1}, {"cam_R_m2c": [0.41353416442871094, -0.8812172412872314, 0.22901012003421783, 0.824789822101593, 0.46909868717193604, 0.31570255756378174, -0.38563087582588196, 0.058331448584795, 0.920807421207428], "cam_t_m2c": [35.15938949584961, -296.2491760253906, 790.3143310546875], "obj_id": 1}, {"cam_R_m2c": [0.06341991573572159, 0.0010477756150066853, 0.997986376285553, -0.46470770239830017, -0.884939968585968, 0.030460262671113014, 0.8831900358200073, -0.4657037556171417, -0.05563585087656975], "cam_t_m2c": [-150.52162170410156, -213.29119873046875, 597.0518188476562], "obj_id": 1}, {"cam_R_m2c": [-0.5638024210929871, 0.3408961594104767, 0.752274215221405, -0.003235081909224391, -0.9117477536201477, 0.41073769330978394, 0.8259032368659973, 0.2291412651538849, 0.5151485800743103], "cam_t_m2c": [-191.44302368164062, -174.11489868164062, 623.0154418945312], "obj_id": 1}, {"cam_R_m2c": [-0.19818483293056488, -0.8498656749725342, 0.48831453919410706, -0.8409460186958313, 0.4033600687980652, 0.36070820689201355, -0.503520131111145, -0.3391592502593994, -0.7946309447288513], "cam_t_m2c": [-80.52461242675781, -339.38372802734375, 717.6253662109375], "obj_id": 1}, {"cam_R_m2c": [-0.04137926921248436, 0.3669898211956024, -0.9293040633201599, -0.9989853501319885, 0.00134632911067456, 0.045013729482889175, 0.017770633101463318, 0.9302238821983337, 0.3665619194507599], "cam_t_m2c": [-113.75492095947266, -189.2519989013672, 717.15673828125], "obj_id": 1}, {"cam_R_m2c": [-0.04623153805732727, -0.8773413300514221, 0.47763460874557495, 0.6677507162094116, 0.3284751772880554, 0.6679917573928833, -0.7429479360580444, 0.34982314705848694, 0.5706593990325928], "cam_t_m2c": [-95.99285125732422, -78.81160736083984, 759.6724243164062], "obj_id": 1}, {"cam_R_m2c": [-0.01730421558022499, -0.3342207074165344, -0.9423360228538513, 0.04293665289878845, -0.9418562054634094, 0.33326202630996704, -0.9989280104637146, -0.03469393402338028, 0.030648283660411835], "cam_t_m2c": [32.97639846801758, -18.684804916381836, 939.4011840820312], "obj_id": 3}, {"cam_R_m2c": [-0.6259154081344604, 0.1713659167289734, -0.760830819606781, 0.5087043642997742, 0.829166054725647, -0.23174022138118744, 0.5911427140235901, -0.5320877432823181, -0.6061623692512512], "cam_t_m2c": [-30.72801399230957, 110.57154846191406, 695.5770874023438], "obj_id": 1}, {"cam_R_m2c": [0.5005584359169006, -0.8653774857521057, -0.0237257219851017, -0.04538324475288391, 0.0011375233298167586, -0.9989688992500305, 0.8645122647285461, 0.5011190176010132, -0.038704194128513336], "cam_t_m2c": [75.21349334716797, -321.26123046875, 720.4609375], "obj_id": 1}, {"cam_R_m2c": [-0.760655403137207, 0.6301229596138, 0.15603943169116974, 0.6450234055519104, 0.7065740823745728, 0.2910289466381073, 0.07313062250614166, 0.32202184200286865, -0.9439034461975098], "cam_t_m2c": [218.099853515625, -33.18387222290039, 697.423095703125], "obj_id": 1}, {"cam_R_m2c": [0.9973628520965576, 0.05304212495684624, -0.0495365709066391, -0.06202724203467369, 0.9773502945899963, -0.2023339420557022, 0.03768235817551613, 0.2048729658126831, 0.9780629277229309], "cam_t_m2c": [36.799766540527344, -331.89532470703125, 726.3032836914062], "obj_id": 1}, {"cam_R_m2c": [0.556058943271637, -0.20342905819416046, -0.8058629035949707, 0.5635076761245728, -0.6204373240470886, 0.5454506278038025, -0.6109480261802673, -0.7574126720428467, -0.23036585748195648], "cam_t_m2c": [12.45717716217041, 47.37602615356445, 863.9151611328125], "obj_id": 3}, {"cam_R_m2c": [0.8754129409790039, 0.4604279398918152, 0.14716754853725433, -0.11994970589876175, -0.08801409602165222, 0.9888707995414734, 0.4682565927505493, -0.8833230137825012, -0.021820474416017532], "cam_t_m2c": [146.4613494873047, -179.0409698486328, 724.2482299804688], "obj_id": 1}, {"cam_R_m2c": [0.17453767359256744, -0.7754125595092773, -0.6068541407585144, -0.40473273396492004, 0.5053451061248779, -0.7621139883995056, 0.8976234793663025, 0.3786313235759735, -0.22563306987285614], "cam_t_m2c": [226.92054748535156, -32.035430908203125, 582.6621704101562], "obj_id": 1}, {"cam_R_m2c": [-0.4407828450202942, 0.8825806379318237, 0.16358964145183563, 0.34414130449295044, -0.0021585675422102213, 0.9389153122901917, 0.829021692276001, 0.47015583515167236, -0.3027808964252472], "cam_t_m2c": [-101.92606353759766, 13.65521240234375, 910.5089111328125], "obj_id": 1}, {"cam_R_m2c": [0.23669366538524628, -0.6870943903923035, 0.6869332790374756, 0.69166100025177, -0.37737518548965454, -0.6157863736152649, 0.6823350191116333, 0.6208776831626892, 0.385914146900177], "cam_t_m2c": [-108.03047180175781, -19.15023422241211, 512.1561279296875], "obj_id": 3}, {"cam_R_m2c": [0.1530938595533371, 0.8037946820259094, -0.5748707056045532, -0.5073520541191101, 0.5631394982337952, 0.6522789001464844, 0.8480307459831238, 0.19180195033550262, 0.49402010440826416], "cam_t_m2c": [34.21998596191406, -170.45790100097656, 555.5703735351562], "obj_id": 1}, {"cam_R_m2c": [-0.06487656384706497, -0.961448073387146, -0.267223596572876, 0.9978704452514648, -0.0606965534389019, -0.02388194389641285, 0.006741676013916731, -0.2682039439678192, 0.9633385539054871], "cam_t_m2c": [-213.175537109375, 24.25101661682129, 877.4607543945312], "obj_id": 1}, {"cam_R_m2c": [0.0812644213438034, 0.5848926305770874, -0.8070294857025146, 0.8627393841743469, -0.44672584533691406, -0.23688942193984985, -0.49907588958740234, -0.6770054697990417, -0.5409128069877625], "cam_t_m2c": [-66.47795867919922, 42.608428955078125, 757.6640625], "obj_id": 3}, {"cam_R_m2c": [0.6821764707565308, -0.2766207456588745, -0.6768428087234497, -0.7131237983703613, -0.04721677303314209, -0.6994460821151733, 0.16152290999889374, 0.959818422794342, -0.2294749915599823], "cam_t_m2c": [122.88677978515625, -295.6097106933594, 693.3275756835938], "obj_id": 1}, {"cam_R_m2c": [0.994342029094696, -0.010736614465713501, -0.10568172484636307, -0.0036466848105192184, 0.990842342376709, -0.13497456908226013, 0.10616309940814972, 0.13459627330303192, 0.9851970672607422], "cam_t_m2c": [128.5814666748047, -187.2817840576172, 626.3695678710938], "obj_id": 3}, {"cam_R_m2c": [0.38905468583106995, 0.4156675934791565, 0.8221051096916199, 0.8942697644233704, -0.38467273116111755, -0.2287101149559021, 0.22117410600185394, 0.8241645097732544, -0.5213776230812073], "cam_t_m2c": [87.69568634033203, -24.02661895751953, 902.1231689453125], "obj_id": 3}, {"cam_R_m2c": [0.4038922190666199, -0.4193321764469147, -0.8130385279655457, -0.47066226601600647, 0.6668497323989868, -0.5777443647384644, 0.784441351890564, 0.6160129904747009, 0.0719715803861618], "cam_t_m2c": [9.506977081298828, -67.91962432861328, 766.26416015625], "obj_id": 3}, {"cam_R_m2c": [-0.7706262469291687, -0.6361376047134399, 0.038262493908405304, 0.3223555386066437, -0.4408907890319824, -0.8376766443252563, 0.5497472286224365, -0.6332014799118042, 0.5448246002197266], "cam_t_m2c": [36.130279541015625, -26.82615852355957, 941.6759033203125], "obj_id": 3}, {"cam_R_m2c": [0.03562251478433609, -0.04078283533453941, -0.9985328316688538, 0.9428471326828003, 0.3326217830181122, 0.02005075104534626, 0.3313160538673401, -0.9421780705451965, 0.05030079931020737], "cam_t_m2c": [-97.33570098876953, -183.16317749023438, 742.1405029296875], "obj_id": 1}, {"cam_R_m2c": [-0.04841938614845276, 0.8534987568855286, 0.5188401937484741, -0.435820609331131, -0.4854460656642914, 0.7578932642936707, 0.8987300395965576, -0.18942447006702423, 0.3954775631427765], "cam_t_m2c": [-144.4967498779297, 74.2708511352539, 792.7559204101562], "obj_id": 3}, {"cam_R_m2c": [0.16818875074386597, -0.03214509040117264, -0.9852304458618164, 0.9620797634124756, 0.22308418154716492, 0.15695802867412567, 0.21474382281303406, -0.974268913269043, 0.06844646483659744], "cam_t_m2c": [72.2142562866211, -2.1643247604370117, 636.2103271484375], "obj_id": 3}, {"cam_R_m2c": [0.4050954580307007, -0.7503806948661804, 0.5223278403282166, 0.2281593382358551, -0.4702571928501129, -0.8525264263153076, 0.8853479027748108, 0.46452853083610535, -0.019292626529932022], "cam_t_m2c": [-162.31597900390625, -32.33336639404297, 744.0626831054688], "obj_id": 3}, {"cam_R_m2c": [-0.44217753410339355, 0.47017690539360046, -0.7638142704963684, 0.036428302526474, 0.8603014945983887, 0.5084822773933411, 0.8961871862411499, 0.19701510667800903, -0.39753371477127075], "cam_t_m2c": [-2.758232831954956, -280.4300537109375, 761.8634643554688], "obj_id": 1}, {"cam_R_m2c": [0.6026407480239868, 0.1829366832971573, -0.7767614126205444, 0.26943981647491455, 0.8695648908615112, 0.4138345718383789, 0.7511499524116516, -0.4586840271949768, 0.4747448265552521], "cam_t_m2c": [-216.19686889648438, -255.55441284179688, 730.6821899414062], "obj_id": 3}, {"cam_R_m2c": [0.2264590561389923, -0.43848320841789246, 0.8697406053543091, 0.6985571384429932, 0.6953849196434021, 0.16869400441646576, -0.6787739992141724, 0.5693612694740295, 0.46378183364868164], "cam_t_m2c": [69.08419799804688, -64.37347412109375, 830.456787109375], "obj_id": 3}, {"cam_R_m2c": [-0.45647573471069336, 0.5316233038902283, -0.713446855545044, 0.8849402666091919, 0.18813614547252655, -0.4260111153125763, -0.09225233644247055, -0.8258216381072998, -0.556334376335144], "cam_t_m2c": [41.06085968017578, -52.81403350830078, 607.8237915039062], "obj_id": 1}, {"cam_R_m2c": [0.8056935667991638, -0.5916110873222351, 0.02922755666077137, 0.5572224259376526, 0.7737489938735962, 0.30135637521743774, -0.20090055465698242, -0.22651463747024536, 0.9530635476112366], "cam_t_m2c": [-166.52943420410156, -140.71575927734375, 775.9998168945312], "obj_id": 1}, {"cam_R_m2c": [-0.3303481638431549, 0.908842146396637, 0.2547072172164917, 0.6079341173171997, 0.41130784153938293, -0.6791478991508484, -0.7220013737678528, -0.06951012462377548, -0.6883909106254578], "cam_t_m2c": [-122.5150375366211, -292.15185546875, 751.7490844726562], "obj_id": 1}, {"cam_R_m2c": [0.0775967538356781, -0.9876679182052612, -0.13598006963729858, 0.3506873548030853, 0.1547147035598755, -0.9236241579055786, 0.933272123336792, 0.023983636870980263, 0.3583681583404541], "cam_t_m2c": [163.69175720214844, 109.19537353515625, 726.2635498046875], "obj_id": 1}, {"cam_R_m2c": [0.23225094377994537, -0.698746383190155, 0.6766185760498047, 0.5608155727386475, -0.4721645712852478, -0.6801072955131531, 0.7946981191635132, 0.5374137759208679, 0.2822074592113495], "cam_t_m2c": [-209.45645141601562, -308.93994140625, 702.6445922851562], "obj_id": 1}, {"cam_R_m2c": [-0.6676889061927795, 0.7443245053291321, 0.013141379691660404, -0.3266577422618866, -0.2770712971687317, -0.9036184549331665, -0.668944239616394, -0.6076286435127258, 0.4281367063522339], "cam_t_m2c": [84.71722412109375, -9.408073425292969, 833.5004272460938], "obj_id": 3}, {"cam_R_m2c": [-0.2416856735944748, -0.16592472791671753, -0.9560633301734924, 0.023546043783426285, 0.9839791655540466, -0.17672178149223328, 0.9700688719749451, -0.06522262841463089, -0.2339068055152893], "cam_t_m2c": [52.580230712890625, -155.54383850097656, 833.951904296875], "obj_id": 3}, {"cam_R_m2c": [0.10391368716955185, -0.5466203689575195, 0.8309078812599182, 0.20205055177211761, -0.8064076900482178, -0.5557712912559509, 0.9738466143608093, 0.22563759982585907, 0.02664838917553425], "cam_t_m2c": [76.63016510009766, -125.65666198730469, 638.3571166992188], "obj_id": 3}, {"cam_R_m2c": [-0.9477325081825256, 0.10042720288038254, 0.3028486371040344, 0.2782793641090393, 0.7245096564292908, 0.6305920481681824, -0.15608814358711243, 0.6819092035293579, -0.7145881652832031], "cam_t_m2c": [211.3708038330078, -97.7265853881836, 661.2093505859375], "obj_id": 1}, {"cam_R_m2c": [0.8783138394355774, -0.47791510820388794, 0.01272548921406269, -0.47733473777770996, -0.8781156539916992, -0.0326215960085392, 0.02676480822265148, 0.02257767878472805, -0.9993866086006165], "cam_t_m2c": [-54.78315734863281, -93.54254913330078, 773.6443481445312], "obj_id": 3}, {"cam_R_m2c": [-0.13094331324100494, -0.23660090565681458, -0.9627429246902466, 0.4095093309879303, -0.8972942233085632, 0.16481879353523254, -0.9028599262237549, -0.3726702630519867, 0.21438491344451904], "cam_t_m2c": [72.44053649902344, -93.51219940185547, 564.3435668945312], "obj_id": 1}, {"cam_R_m2c": [0.7789074778556824, 0.5228950381278992, -0.3462424874305725, -0.45095816254615784, 0.8506646752357483, 0.27019691467285156, 0.43582087755203247, -0.054317522794008255, 0.8983928561210632], "cam_t_m2c": [69.04036712646484, -200.10398864746094, 560.6026000976562], "obj_id": 1}, {"cam_R_m2c": [0.37479686737060547, 0.4971437156200409, -0.7825441956520081, -0.8661103248596191, 0.4888603985309601, -0.10425166040658951, 0.3307267725467682, 0.7168428301811218, 0.6138046383857727], "cam_t_m2c": [-66.70703125, -10.997899055480957, 699.8387451171875], "obj_id": 3}, {"cam_R_m2c": [0.3761855363845825, -0.9188079237937927, 0.11948389559984207, -0.9093676805496216, -0.3908443748950958, -0.1424463987350464, 0.17758050560951233, -0.05506853014230728, -0.9825642108917236], "cam_t_m2c": [33.4202880859375, -81.2955322265625, 985.09130859375], "obj_id": 3}, {"cam_R_m2c": [-0.19295480847358704, 0.8535000681877136, 0.48405155539512634, 0.47814252972602844, 0.5125751495361328, -0.7131944894790649, -0.8568243384361267, 0.09383127838373184, -0.5069984793663025], "cam_t_m2c": [-196.89840698242188, -6.804121494293213, 923.1416625976562], "obj_id": 3}, {"cam_R_m2c": [-0.2795238494873047, 0.9346914291381836, 0.21958662569522858, -0.06939974427223206, -0.24777352809906006, 0.9663290977478027, 0.9576272964477539, 0.25487276911735535, 0.1341259926557541], "cam_t_m2c": [-1.5744296312332153, -156.10177612304688, 509.8634338378906], "obj_id": 1}, {"cam_R_m2c": [-0.21430306136608124, 0.1959289312362671, 0.9569147825241089, 0.21428488194942474, 0.9652401804924011, -0.14964398741722107, -0.9529721736907959, 0.17298319935798645, -0.24883852899074554], "cam_t_m2c": [-148.2910919189453, 62.573150634765625, 748.6862182617188], "obj_id": 1}, {"cam_R_m2c": [0.36805471777915955, -0.9232488870620728, -0.11021369695663452, -0.9175436496734619, -0.37982654571533203, 0.11766545474529266, -0.15049661695957184, 0.05781857296824455, -0.9869180917739868], "cam_t_m2c": [-171.052734375, 71.8329086303711, 740.8606567382812], "obj_id": 3}, {"cam_R_m2c": [0.20076023042201996, 0.5078097581863403, -0.837749719619751, 0.8844525218009949, -0.46166515350341797, -0.06789040565490723, -0.42123523354530334, -0.72732013463974, -0.5418176054954529], "cam_t_m2c": [9.146085739135742, -102.17625427246094, 830.851318359375], "obj_id": 3}, {"cam_R_m2c": [0.39012864232063293, -0.8437806367874146, -0.36855632066726685, 0.9169074296951294, 0.3925956189632416, 0.07175907492637634, 0.08414464443922043, -0.3659273386001587, 0.9268316030502319], "cam_t_m2c": [227.4871063232422, 116.89469146728516, 754.4537963867188], "obj_id": 3}, {"cam_R_m2c": [-0.5103204250335693, -0.16060486435890198, 0.8448544144630432, -0.2227599322795868, -0.9241907000541687, -0.3102409839630127, 0.8306328654289246, -0.3465220630168915, 0.4358571767807007], "cam_t_m2c": [107.37063598632812, 18.086259841918945, 889.0632934570312], "obj_id": 3}, {"cam_R_m2c": [-0.9726216793060303, -0.13611310720443726, -0.18836204707622528, -0.21539244055747986, 0.223672017455101, 0.9505666494369507, -0.08725325763225555, 0.9651134610176086, -0.24686598777770996], "cam_t_m2c": [-31.767498016357422, -60.869850158691406, 507.9458923339844], "obj_id": 3}, {"cam_R_m2c": [0.5075870752334595, -0.8340917825698853, 0.21597732603549957, 0.01563934236764908, 0.2595479488372803, 0.9656035900115967, -0.8614584803581238, -0.48675015568733215, 0.14478784799575806], "cam_t_m2c": [64.32943725585938, -10.965166091918945, 704.9422607421875], "obj_id": 3}, {"cam_R_m2c": [0.9978569149971008, -0.06413755565881729, 0.012960496358573437, -0.0435045100748539, -0.798244297504425, -0.6007606983184814, 0.048876963555812836, 0.5989093780517578, -0.7993238568305969], "cam_t_m2c": [5.139706611633301, -203.78555297851562, 537.6790771484375], "obj_id": 3}, {"cam_R_m2c": [-0.013680974952876568, 0.6775195598602295, -0.7353774905204773, -0.4470843970775604, 0.6536904573440552, 0.6105770468711853, 0.8943871855735779, 0.3371290862560272, 0.29396530985832214], "cam_t_m2c": [-22.76943588256836, 127.53763580322266, 695.7162475585938], "obj_id": 1}, {"cam_R_m2c": [0.6491197347640991, -0.047343648970127106, -0.7592114806175232, 0.14435814321041107, -0.9722574353218079, 0.18405403196811676, -0.7468628883361816, -0.2290714681148529, -0.6242770552635193], "cam_t_m2c": [-133.12411499023438, -144.97659301757812, 511.76507568359375], "obj_id": 3}, {"cam_R_m2c": [-0.22253230214118958, -0.7469045519828796, 0.6265882849693298, 0.6864665150642395, 0.33632799983024597, 0.6447070837020874, -0.6922738552093506, 0.5736000537872314, 0.43788114190101624], "cam_t_m2c": [73.32282257080078, -65.66885375976562, 658.426025390625], "obj_id": 1}, {"cam_R_m2c": [0.010217947885394096, -0.16130521893501282, -0.9868516325950623, -0.3303496837615967, -0.9320356249809265, 0.1489248424768448, -0.9438032507896423, 0.3244844377040863, -0.06281057000160217], "cam_t_m2c": [116.73390197753906, 5.675410747528076, 870.80078125], "obj_id": 3}, {"cam_R_m2c": [-0.5339764952659607, 0.47524723410606384, 0.6992919445037842, -0.8042012453079224, -0.5408114790916443, -0.2465427964925766, 0.261016309261322, -0.6940194964408875, 0.6709749698638916], "cam_t_m2c": [116.90296936035156, -243.34661865234375, 708.17138671875], "obj_id": 3}, {"cam_R_m2c": [0.7077196836471558, -0.6935554146766663, -0.1345871239900589, 0.6907758116722107, 0.7192622423171997, -0.07409794628620148, 0.14819447696208954, -0.04052896425127983, 0.9881274104118347], "cam_t_m2c": [84.09198760986328, -248.77134704589844, 677.5322875976562], "obj_id": 1}, {"cam_R_m2c": [0.9331467151641846, 0.17117194831371307, 0.316128671169281, -0.10644719004631042, -0.7083714604377747, 0.6977670788764954, 0.34337466955184937, -0.6847701072692871, -0