{
  "0": [{"cam_R_m2c": [0.4772619903087616, -0.03534578159451485, 0.878049910068512, 0.359264612197876, 0.9197198152542114, -0.1582542508840561, -0.8019663095474243, 0.3909810185432434, 0.45164579153060913], "cam_t_m2c": [150.0984344482422, -268.7247009277344, 452.3570556640625], "obj_id": 3}, {"cam_R_m2c": [0.7580371499061584, -0.18987901508808136, 0.6239596009254456, -0.13634294271469116, -0.9816799759864807, -0.13309742510318756, 0.6378011107444763, 0.015820298343896866, -0.7700385451316833], "cam_t_m2c": [-46.907508850097656, -445.56048583984375, 591.6604614257812], "obj_id": 3}, {"cam_R_m2c": [0.4795650541782379, -0.39471903443336487, -0.7837182283401489, 0.8178087472915649, -0.12274768948554993, 0.5622471570968628, -0.3181292414665222, -0.9105657339096069, 0.26393917202949524], "cam_t_m2c": [-167.69757080078125, -365.043212890625, 440.3788146972656], "obj_id": 3}, {"cam_R_m2c": [0.10462985187768936, -0.28397324681282043, 0.9531064033508301, -0.20359350740909576, -0.9441857933998108, -0.25896531343460083, 0.9734486937522888, -0.1669507622718811, -0.15660519897937775], "cam_t_m2c": [3.719618082046509, -443.9278869628906, 622.7022705078125], "obj_id": 3}, {"cam_R_m2c": [-0.8297932744026184, 0.44083553552627563, -0.34220924973487854, -0.41321754455566406, -0.8974867463111877, -0.15417151153087616, -0.3750925362110138, 0.013476389460265636, 0.9268894195556641], "cam_t_m2c": [112.11653900146484, -374.1780700683594, 690.3900756835938], "obj_id": 3}, {"cam_R_m2c": [-0.6936949491500854, 0.38306131958961487, -0.6099599599838257, -0.029938075691461563, -0.861453115940094, -0.5069537162780762, -0.7196463346481323, -0.33341023325920105, 0.6090539693832397], "cam_t_m2c": [81.79041290283203, -142.95545959472656, 546.597412109375], "obj_id": 3}, {"cam_R_m2c": [-0.025985026732087135, 0.9982612133026123, -0.052908387035131454, 0.9849776029586792, 0.016529031097888947, -0.17188920080661774, -0.170715793967247, -0.05658012256026268, -0.9836944937705994], "cam_t_m2c": [66.71830749511719, -110.32901763916016, 432.2105407714844], "obj_id": 3}, {"cam_R_m2c": [-0.09182890504598618, -0.33436110615730286, -0.9379605650901794, 0.8973684310913086, 0.380499929189682, -0.22349421679973602, 0.4316216707229614, -0.8622194528579712, 0.2651042640209198], "cam_t_m2c": [160.21380615234375, -230.55789184570312, 435.99102783203125], "obj_id": 3}, {"cam_R_m2c": [-0.07268155366182327, 0.9816778302192688, 0.1761413961648941, 0.037726402282714844, -0.17377592623233795, 0.9840621948242188, 0.9966413378715515, 0.07816844433546066, -0.02440476231276989], "cam_t_m2c": [-30.561607360839844, -518.3173217773438, 601.8894653320312], "obj_id": 3}, {"cam_R_m2c": [0.07046447694301605, -0.9900338649749756, -0.12193320691585541, -0.4294082820415497, 0.08022529631853104, -0.8995401263237, 0.9003573060035706, 0.11574476212263107, -0.4194757044315338], "cam_t_m2c": [-57.944427490234375, -379.49664306640625, 570.3109130859375], "obj_id": 3}, {"cam_R_m2c": [-0.9643925428390503, 0.046375829726457596, 0.26037707924842834, -0.12701120972633362, -0.9447588920593262, -0.3021567463874817, 0.2319808155298233, -0.3244685232639313, 0.9170087575912476], "cam_t_m2c": [-174.40052795410156, -144.56414794921875, 456.67584228515625], "obj_id": 3}, {"cam_R_m2c": [-0.09292922914028168, 0.8884537220001221, -0.44945991039276123, 0.7868779897689819, -0.2110580950975418, -0.5798944234848022, -0.6100714802742004, -0.40755924582481384, -0.6794912219047546], "cam_t_m2c": [35.28681945800781, -157.51730346679688, 510.5176696777344], "obj_id": 3}, {"cam_R_m2c": [0.9156894683837891, 0.3856258988380432, -0.1131613627076149, 0.2712256610393524, -0.38519546389579773, 0.882077693939209, 0.2965627610683441, -0.8384014964103699, -0.45731106400489807], "cam_t_m2c": [159.61282348632812, -106.39410400390625, 380.12249755859375], "obj_id": 3}],
  "1": [{"cam_R_m2c": [-0.8945751190185547, 0.16179947555065155, -0.41660070419311523, -0.3576422333717346, 0.29982563853263855, 0.884418785572052, 0.2680060565471649, 0.9401730895042419, -0.2103501707315445], "cam_t_m2c": [-256.5006408691406, -136.7831573486328, 720.3320922851562], "obj_id": 3}, {"cam_R_m2c": [-0.21281057596206665, 0.26568135619163513, -0.9402792453765869, 0.9627113938331604, -0.10748982429504395, -0.24825942516326904, -0.16702833771705627, -0.9580497741699219, -0.2328994870185852], "cam_t_m2c": [2.2012429237365723, -143.41946411132812, 570.2755737304688], "obj_id": 3}, {"cam_R_m2c": [-0.6586328744888306, -0.21127253770828247, 0.7221956253051758, 0.0358349047601223, -0.967491626739502, -0.2503509521484375, 0.7516105771064758, -0.13900956511497498, 0.6447928547859192], "cam_t_m2c": [0.4223589301109314, -336.2878112792969, 652.4828491210938], "obj_id": 3}, {"cam_R_m2c": [0.5149615406990051, 0.22851714491844177, -0.8261927962303162, 0.8429502844810486, -0.31008225679397583, 0.4396405518054962, -0.15572233498096466, -0.9228374361991882, -0.3523090183734894], "cam_t_m2c": [-20.003664016723633, -88.32862091064453, 569.1310424804688], "obj_id": 3}, {"cam_R_m2c": [0.4843769073486328, -0.24828821420669556, 0.8388872742652893, -0.7983572483062744, 0.26669201254844666, 0.5399083495140076, -0.3577773869037628, -0.9312509298324585, -0.06904324144124985], "cam_t_m2c": [-73.8867416381836, 31.093318939208984, 632.6256713867188], "obj_id": 3}, {"cam_R_m2c": [0.1306745857000351, -0.4115391671657562, 0.9019753932952881, -0.9913861155509949, -0.04615550860762596, 0.12256891280412674, -0.008810753002762794, -0.910222589969635, -0.41402557492256165], "cam_t_m2c": [-159.5329132080078, -100.8057632446289, 856.9630737304688], "obj_id": 3}, {"cam_R_m2c": [-0.1854531615972519, -0.8323614597320557, -0.5222849249839783, -0.14544159173965454, 0.5489014983177185, -0.8231366276741028, 0.9718301892280579, -0.07669132947921753, -0.22285549342632294], "cam_t_m2c": [-218.75498962402344, -201.44796752929688, 884.1644897460938], "obj_id": 3}, {"cam_R_m2c": [0.23336367309093475, -0.2844911813735962, 0.9298419952392578, 0.29869335889816284, -0.8890406489372253, -0.34697118401527405, 0.925377607345581, 0.35870811343193054, -0.1224941611289978], "cam_t_m2c": [-278.3451232910156, -143.63284301757812, 756.426025390625], "obj_id": 3}, {"cam_R_m2c": [0.6445437073707581, -0.7189825177192688, -0.2600529193878174, 0.7577983736991882, 0.6459085941314697, 0.0924319177865982, 0.10151348263025284, -0.2566440999507904, 0.9611601233482361], "cam_t_m2c": [2.970104217529297, -126.00170135498047, 497.05389404296875], "obj_id": 3}, {"cam_R_m2c": [0.5230162739753723, 0.8505297899246216, -0.055254239588975906, 0.7622349262237549, -0.49575912952423096, -0.4161980152130127, -0.381381630897522, 0.17556162178516388, -0.9075936079025269], "cam_t_m2c": [-8.682025909423828, -166.66104125976562, 635.7234497070312], "obj_id": 3}, {"cam_R_m2c": [0.9210306406021118, -0.1285259872674942, 0.36767318844795227, -0.3886149823665619, -0.2400006651878357, 0.8895941972732544, -0.02609412744641304, -0.9622268676757812, -0.2709951102733612], "cam_t_m2c": [-8.083311080932617, -325.572998046875, 873.2415771484375], "obj_id": 3}, {"cam_R_m2c": [-0.37120193243026733, -0.9283756017684937, 0.018107840791344643, -0.5397555828094482, 0.19986586272716522, -0.8177515268325806, 0.7555614113807678, -0.3133247494697571, -0.5752865076065063], "cam_t_m2c": [-142.22666931152344, -157.5843048095703, 844.5907592773438], "obj_id": 3}, {"cam_R_m2c": [-0.5843489766120911, -0.7635992169380188, -0.27468636631965637, 0.7853546142578125, -0.44690418243408203, -0.4283630847930908, 0.20433925092220306, -0.4660397171974182, 0.860844075679779], "cam_t_m2c": [-324.2107849121094, -187.9733428955078, 876.71142578125], "obj_id": 3}]
}