{
  "0": [{"cam_R_m2c": [0.928758442401886, -0.3694014251232147, -0.030826758593320847, -0.25923120975494385, -0.5878143310546875, -0.7663375735282898, 0.26496580243110657, 0.7197337746620178, -0.6416979432106018], "cam_t_m2c": [-71.48809051513672, -103.16410064697266, 396.34381103515625], "obj_id": 0}, {"cam_R_m2c": [0.928758442401886, -0.3694014251232147, -0.030826758593320847, -0.25923120975494385, -0.5878143310546875, -0.7663375735282898, 0.26496580243110657, 0.7197337746620178, -0.6416979432106018], "cam_t_m2c": [-71.48809051513672, -103.16410064697266, 396.34381103515625], "obj_id": 0}, {"cam_R_m2c": [0.928758442401886, -0.3694014251232147, -0.030826758593320847, -0.25923120975494385, -0.5878143310546875, -0.7663375735282898, 0.26496580243110657, 0.7197337746620178, -0.6416979432106018], "cam_t_m2c": [-71.48809051513672, -103.16410064697266, 396.34381103515625], "obj_id": 2}, {"cam_R_m2c": [0.928758442401886, -0.3694014251232147, -0.030826758593320847, -0.25923120975494385, -0.5878143310546875, -0.7663375735282898, 0.26496580243110657, 0.7197337746620178, -0.6416979432106018], "cam_t_m2c": [-71.48809051513672, -103.16410064697266, 396.34381103515625], "obj_id": 3}, {"cam_R_m2c": [0.928758442401886, -0.3694014251232147, -0.030826758593320847, -0.25923120975494385, -0.5878143310546875, -0.7663375735282898, 0.26496580243110657, 0.7197337746620178, -0.6416979432106018], "cam_t_m2c": [-71.48809051513672, -103.16410064697266, 396.34381103515625], "obj_id": 0}, {"cam_R_m2c": [0.928758442401886, -0.3694014251232147, -0.030826758593320847, -0.25923120975494385, -0.5878143310546875, -0.7663375735282898, 0.26496580243110657, 0.7197337746620178, -0.6416979432106018], "cam_t_m2c": [-71.48809051513672, -103.16410064697266, 396.34381103515625], "obj_id": 1}, {"cam_R_m2c": [0.928758442401886, -0.3694014251232147, -0.030826758593320847, -0.25923120975494385, -0.5878143310546875, -0.7663375735282898, 0.26496580243110657, 0.7197337746620178, -0.6416979432106018], "cam_t_m2c": [-71.48809051513672, -103.16410064697266, 396.34381103515625], "obj_id": 2}, {"cam_R_m2c": [0.928758442401886, -0.3694014251232147, -0.030826758593320847, -0.25923120975494385, -0.5878143310546875, -0.7663375735282898, 0.26496580243110657, 0.7197337746620178, -0.6416979432106018], "cam_t_m2c": [-71.48809051513672, -103.16410064697266, 396.34381103515625], "obj_id": 0}, {"cam_R_m2c": [0.928758442401886, -0.3694014251232147, -0.030826758593320847, -0.25923120975494385, -0.5878143310546875, -0.7663375735282898, 0.26496580243110657, 0.7197337746620178, -0.6416979432106018], "cam_t_m2c": [-71.48809051513672, -103.16410064697266, 396.34381103515625], "obj_id": 2}, {"cam_R_m2c": [0.928758442401886, -0.3694014251232147, -0.030826758593320847, -0.25923120975494385, -0.5878143310546875, -0.7663375735282898, 0.26496580243110657, 0.7197337746620178, -0.6416979432106018], "cam_t_m2c": [-71.48809051513672, -103.16410064697266, 396.34381103515625], "obj_id": 1}, {"cam_R_m2c": [0.928758442401886, -0.3694014251232147, -0.030826758593320847, -0.25923120975494385, -0.5878143310546875, -0.7663375735282898, 0.26496580243110657, 0.7197337746620178, -0.6416979432106018], "cam_t_m2c": [-71.48809051513672, -103.16410064697266, 396.34381103515625], "obj_id": 1}, {"cam_R_m2c": [0.928758442401886, -0.3694014251232147, -0.030826758593320847, -0.25923120975494385, -0.5878143310546875, -0.7663375735282898, 0.26496580243110657, 0.7197337746620178, -0.6416979432106018], "cam_t_m2c": [-71.48809051513672, -103.16410064697266, 396.34381103515625], "obj_id": 1}, {"cam_R_m2c": [0.928758442401886, -0.3694014251232147, -0.030826758593320847, -0.25923120975494385, -0.5878143310546875, -0.7663375735282898, 0.26496580243110657, 0.7197337746620178, -0.6416979432106018], "cam_t_m2c": [-71.48809051513672, -103.16410064697266, 396.34381103515625], "obj_id": 0}, {"cam_R_m2c": [0.928758442401886, -0.3694014251232147, -0.030826758593320847, -0.25923120975494385, -0.5878143310546875, -0.7663375735282898, 0.26496580243110657, 0.7197337746620178, -0.6416979432106018], "cam_t_m2c": [-71.48809051513672, -103.16410064697266, 396.34381103515625], "obj_id": 3}, {"cam_R_m2c": [0.928758442401886, -0.3694014251232147, -0.030826758593320847, -0.25923120975494385, -0.5878143310546875, -0.7663375735282898, 0.26496580243110657, 0.7197337746620178, -0.6416979432106018], "cam_t_m2c": [-71.48809051513672, -103.16410064697266, 396.34381103515625], "obj_id": 1}, {"cam_R_m2c": [0.928758442401886, -0.3694014251232147, -0.030826758593320847, -0.25923120975494385, -0.5878143310546875, -0.7663375735282898, 0.26496580243110657, 0.7197337746620178, -0.6416979432106018], "cam_t_m2c": [-71.48809051513672, -103.16410064697266, 396.34381103515625], "obj_id": 2}, {"cam_R_m2c": [0.928758442401886, -0.3694014251232147, -0.030826758593320847, -0.25923120975494385, -0.5878143310546875, -0.7663375735282898, 0.26496580243110657, 0.7197337746620178, -0.6416979432106018], "cam_t_m2c": [-71.48809051513672, -103.16410064697266, 396.34381103515625], "obj_id": 3}, {"cam_R_m2c": [0.928758442401886, -0.3694014251232147, -0.030826758593320847, -0.25923120975494385, -0.5878143310546875, -0.7663375735282898, 0.26496580243110657, 0.7197337746620178, -0.6416979432106018], "cam_t_m2c": [-71.48809051513672, -103.16410064697266, 396.34381103515625], "obj_id": 0}, {"cam_R_m2c": [0.928758442401886, -0.3694014251232147, -0.030826758593320847, -0.25923120975494385, -0.5878143310546875, -0.7663375735282898, 0.26496580243110657, 0.7197337746620178, -0.6416979432106018], "cam_t_m2c": [-71.48809051513672, -103.16410064697266, 396.34381103515625], "obj_id": 1}, {"cam_R_m2c": [0.928758442401886, -0.3694014251232147, -0.030826758593320847, -0.25923120975494385, -0.5878143310546875, -0.7663375735282898, 0.26496580243110657, 0.7197337746620178, -0.6416979432106018], "cam_t_m2c": [-71.48809051513672, -103.16410064697266, 396.34381103515625], "obj_id": 1}, {"cam_R_m2c": [0.928758442401886, -0.3694014251232147, -0.030826758593320847, -0.25923120975494385, -0.5878143310546875, -0.7663375735282898, 0.26496580243110657, 0.7197337746620178, -0.6416979432106018], "cam_t_m2c": [-71.48809051513672, -103.16410064697266, 396.34381103515625], "obj_id": 0}, {"cam_R_m2c": [0.928758442401886, -0.3694014251232147, -0.030826758593320847, -0.25923120975494385, -0.5878143310546875, -0.7663375735282898, 0.26496580243110657, 0.7197337746620178, -0.6416979432106018], "cam_t_m2c": [-71.48809051513672, -103.16410064697266, 396.34381103515625], "obj_id": 0}, {"cam_R_m2c": [0.928758442401886, -0.3694014251232147, -0.030826758593320847, -0.25923120975494385, -0.5878143310546875, -0.7663375735282898, 0.26496580243110657, 0.7197337746620178, -0.6416979432106018], "cam_t_m2c": [-71.48809051513672, -103.16410064697266, 396.34381103515625], "obj_id": 3}, {"cam_R_m2c": [0.928758442401886, -0.3694014251232147, -0.030826758593320847, -0.25923120975494385, -0.5878143310546875, -0.7663375735282898, 0.26496580243110657, 0.7197337746620178, -0.6416979432106018], "cam_t_m2c": [-71.48809051513672, -103.16410064697266, 396.34381103515625], "obj_id": 3}, {"cam_R_m2c": [0.03706105798482895, 0.20055830478668213, 0.9789804816246033, -0.5190301537513733, 0.8410155177116394, -0.15264537930488586, -0.8539520502090454, -0.5024632215499878, 0.13526473939418793], "cam_t_m2c": [254.99588012695312, -326.1553039550781, 658.14501953125], "obj_id": 0}, {"cam_R_m2c": [0.8573431968688965, 0.06548498570919037, 0.5105627775192261, -0.35025742650032043, -0.6526257991790771, 0.6718625426292419, 0.3772033751010895, -0.7548452019691467, -0.536587655544281], "cam_t_m2c": [-53.487648010253906, -120.58544921875, 392.8669128417969], "obj_id": 3}, {"cam_R_m2c": [-0.8528961539268494, -0.5218585133552551, -0.015225659124553204, -0.314534991979599, 0.5368977189064026, -0.7828208804130554, 0.41669636964797974, -0.6628759503364563, -0.6220607757568359], "cam_t_m2c": [-9.291243553161621, -219.32382202148438, 509.54156494140625], "obj_id": 3}, {"cam_R_m2c": [-0.5277058482170105, -0.8425599336624146, -0.10779302567243576, -0.4657396078109741, 0.18087606132030487, 0.8662393093109131, -0.7103613615036011, 0.5073229670524597, -0.4878629148006439], "cam_t_m2c": [30.3562068939209, -9.018051147460938, 237.4449462890625], "obj_id": 3}, {"cam_R_m2c": [-0.6600932478904724, -0.7358803749084473, 0.15085381269454956, 0.5135930180549622, -0.5886691808700562, -0.6242520809173584, 0.5481778979301453, -0.3345871567726135, 0.7665196657180786], "cam_t_m2c": [175.6077423095703, 5920.20068359375, 5175.44970703125], "obj_id": 2}]
}