{
  "0": [{"cam_R_m2c": [-0.008375236764550209, 0.8435401320457458, -0.5370007753372192, 0.845154345035553, 0.2929951548576355, 0.44706588983535767, 0.5344566106796265, -0.4501042366027832, -0.7153754830360413], "cam_t_m2c": [65.1989974975586, 120.46853637695312, 177.81736755371094], "obj_id": 0}, {"cam_R_m2c": [0.7519146800041199, 0.20165713131427765, 0.6276612877845764, -0.5760977864265442, 0.6638690829277039, 0.4768533706665039, -0.32052403688430786, -0.7201473712921143, 0.615347146987915], "cam_t_m2c": [176.18397521972656, 26.72998809814453, 392.34881591796875], "obj_id": 1}, {"cam_R_m2c": [-0.3913532495498657, -0.6678511500358582, -0.6331012845039368, 0.7960956692695618, 0.09938935190439224, -0.5969533324241638, 0.4615994989871979, -0.7376289367675781, 0.4927771985530853], "cam_t_m2c": [-96.27183532714844, 49.65358352661133, 206.69200134277344], "obj_id": 0}, {"cam_R_m2c": [0.7540085315704346, -0.36679884791374207, -0.544912576675415, 0.6501924991607666, 0.5347059369087219, 0.5397584438323975, 0.09338520467281342, -0.7612805962562561, 0.6416627168655396], "cam_t_m2c": [-10.273019790649414, -7.1346516609191895, 435.54254150390625], "obj_id": 1}, {"cam_R_m2c": [-0.8151106238365173, 0.12352468073368073, -0.5659822821617126, -0.4919542074203491, 0.36830613017082214, 0.788879930973053, 0.30590084195137024, 0.9214619398117065, -0.2394416183233261], "cam_t_m2c": [-157.68397521972656, -68.36071014404297, 335.1428527832031], "obj_id": 3}, {"cam_R_m2c": [0.5169736742973328, 0.8316999077796936, -0.20251795649528503, -0.6967962384223938, 0.27145618200302124, -0.6639175415039062, -0.4972054064273834, 0.48434165120124817, 0.7198610901832581], "cam_t_m2c": [-48.99800109863281, -46.014286041259766, 436.012451171875], "obj_id": 0}, {"cam_R_m2c": [0.2843061685562134, 0.16217640042304993, -0.9449172616004944, -0.8967037796974182, -0.30377453565597534, -0.3219365179538727, -0.33925244212150574, 0.9388394951820374, 0.05905933678150177], "cam_t_m2c": [-384.0246276855469, -87.22067260742188, 370.2503662109375], "obj_id": 0}, {"cam_R_m2c": [-0.21101708710193634, 0.7656525373458862, 0.6076578497886658, 0.5927147269248962, 0.5945559144020081, -0.5433162450790405, -0.7772780656814575, 0.245518758893013, -0.5792750120162964], "cam_t_m2c": [-133.84523010253906, 97.4194564819336, 187.91989135742188], "obj_id": 3}, {"cam_R_m2c": [-0.6842268109321594, -0.5389405488967896, -0.49130114912986755, 0.34370166063308716, -0.8324899077415466, 0.43454545736312866, -0.6431974172592163, 0.1284666210412979, 0.7548466324806213], "cam_t_m2c": [144.57972717285156, 13.23994255065918, 366.6798400878906], "obj_id": 3}, {"cam_R_m2c": [0.20640380680561066, -0.07287624478340149, 0.9757491946220398, -0.6374648809432983, 0.74653160572052, 0.19060182571411133, -0.7423179149627686, -0.6613467931747437, 0.10763092339038849], "cam_t_m2c": [234.27122497558594, -13.977633476257324, 400.6518859863281], "obj_id": 2}, {"cam_R_m2c": [0.591990053653717, -0.13938027620315552, 0.7938015460968018, -0.41230231523513794, -0.8986657857894897, 0.1496879756450653, 0.6924988031387329, -0.41590002179145813, -0.5894679427146912], "cam_t_m2c": [43.218318939208984, 175.6829071044922, 179.95108032226562], "obj_id": 3}, {"cam_R_m2c": [-0.054128605872392654, 0.7185085415840149, 0.6934086084365845, -0.551893413066864, 0.5571925640106201, -0.6204434633255005, -0.8321560621261597, -0.4162714183330536, 0.36638009548187256], "cam_t_m2c": [132.1917724609375, 59.33755111694336, 253.60313415527344], "obj_id": 1}, {"cam_R_m2c": [-0.21532069146633148, -0.9690999984741211, -0.12034154683351517, 0.7472905516624451, -0.08418616652488708, -0.6591429710388184, 0.6286443471908569, -0.23185725510120392, 0.7423263788223267], "cam_t_m2c": [-230.29180908203125, -20.905155181884766, 347.76422119140625], "obj_id": 2}, {"cam_R_m2c": [0.9854283928871155, -0.14701378345489502, -0.08554454147815704, 0.15853267908096313, 0.6116198301315308, 0.7751055359840393, -0.061630453914403915, -0.7773725390434265, 0.6260140538215637], "cam_t_m2c": [200.91876220703125, 130.5465087890625, 331.6542053222656], "obj_id": 1}, {"cam_R_m2c": [-0.36834999918937683, -0.8708605766296387, 0.32545343041419983, 0.8817660808563232, -0.4381980299949646, -0.1745591014623642, 0.2946297526359558, 0.22267495095729828, 0.9293057322502136], "cam_t_m2c": [-151.7270050048828, -20.471092224121094, 378.0597839355469], "obj_id": 1}, {"cam_R_m2c": [-0.21531888842582703, -0.41118037700653076, 0.885758638381958, 0.7472924590110779, -0.653274416923523, -0.12159907817840576, 0.6286426782608032, 0.6357381343841553, 0.44793444871902466], "cam_t_m2c": [155.01791381835938, 33.3176155090332, 415.2835998535156], "obj_id": 2}, {"cam_R_m2c": [0.19536647200584412, -0.9618383646011353, 0.19156938791275024, -0.6975835561752319, -0.27358490228652954, -0.6622147560119629, 0.6893540620803833, -0.004261130932718515, -0.7244119644165039], "cam_t_m2c": [-54.05480194091797, -108.98294067382812, 368.28314208984375], "obj_id": 1}, {"cam_R_m2c": [0.4545387029647827, 0.6520363092422485, -0.6068304181098938, -0.7948186993598938, -0.010614360682666302, -0.6067540645599365, -0.40206682682037354, 0.7581133842468262, 0.5134260654449463], "cam_t_m2c": [-98.87792205810547, 134.74600219726562, 172.2361297607422], "obj_id": 0}, {"cam_R_m2c": [-0.21532376110553741, -0.9611688256263733, 0.17259830236434937, 0.7472876310348511, -0.27595850825309753, -0.6044899225234985, 0.6286468505859375, -0.0011804687092080712, 0.7776899933815002], "cam_t_m2c": [-45.69646453857422, 152.41758728027344, 173.13841247558594], "obj_id": 2}, {"cam_R_m2c": [-0.6297603249549866, 0.49687477946281433, 0.5970906019210815, 0.385662317276001, 0.8672336935997009, -0.3149131238460541, -0.6742894649505615, 0.031955521553754807, -0.7377752661705017], "cam_t_m2c": [-196.59518432617188, -173.926513671875, 452.2989807128906], "obj_id": 3}, {"cam_R_m2c": [-0.08019433170557022, 0.9967761039733887, 0.0024790274910628796, 0.6885786652565002, 0.05719669163227081, -0.7229024171829224, -0.7207136750221252, -0.05626571178436279, -0.690945565700531], "cam_t_m2c": [243.23757934570312, 62.01495361328125, 266.83966064453125], "obj_id": 1}, {"cam_R_m2c": [0.41270095109939575, 0.73685222864151, 0.5354686379432678, -0.6660962104797363, 0.6451150178909302, -0.3743560016155243, -0.6212839484214783, -0.20217658579349518, 0.7570540904998779], "cam_t_m2c": [155.1827850341797, -45.003395080566406, 494.5749206542969], "obj_id": 0}, {"cam_R_m2c": [0.576477587223053, -0.16359618306159973, -0.8005684614181519, -0.21804864704608917, 0.913424551486969, -0.3436719477176666, 0.7874823212623596, 0.3726820647716522, 0.4908968508243561], "cam_t_m2c": [-10.991451263427734, -4.3838210105896, 310.25762939453125], "obj_id": 3}, {"cam_R_m2c": [-0.21458391845226288, 0.2257244735956192, 0.9502642750740051, 0.7219013571739197, -0.618685781955719, 0.3099779486656189, 0.6578845977783203, 0.7525133490562439, -0.030190754681825638], "cam_t_m2c": [144.5926055908203, 234.94198608398438, 68.949462890625], "obj_id": 0}, {"cam_R_m2c": [-0.04604339227080345, -0.8467782735824585, -0.5299495458602905, -0.9035979509353638, -0.19088010489940643, 0.383504182100296, -0.42589983344078064, 0.49651920795440674, -0.7563583254814148], "cam_t_m2c": [-51.6971321105957, -83.90950775146484, 385.83477783203125], "obj_id": 2}]
}