{
  "0": [{"cam_R_m2c": [0.5468859076499939, -0.4069848656654358, -0.7316277027130127, -0.47950854897499084, -0.8686227798461914, 0.12476282566785812, -0.686285138130188, 0.28259071707725525, -0.6701902151107788], "cam_t_m2c": [152.76927185058594, 85.4781494140625, 1233.16015625], "obj_id": 1}, {"cam_R_m2c": [0.8255282640457153, 0.22297602891921997, 0.5184445977210999, -0.39740508794784546, 0.8819378018379211, 0.25348544120788574, -0.4007147252559662, -0.4152919054031372, 0.8166763782501221], "cam_t_m2c": [328.2648620605469, -115.0579605102539, 1048.010498046875], "obj_id": 2}, {"cam_R_m2c": [-0.7801318764686584, 0.5581626296043396, -0.28257516026496887, 0.2201370894908905, 0.6677006483078003, 0.7111367583274841, 0.5856055617332458, 0.49257516860961914, -0.6437668800354004], "cam_t_m2c": [198.78428649902344, 142.91970825195312, 1099.05908203125], "obj_id": 3}, {"cam_R_m2c": [-0.3488529324531555, 0.7924423217773438, 0.5003366470336914, 0.8227054476737976, 0.0032590285409241915, 0.5684585571289062, 0.4488399922847748, 0.6099381446838379, -0.6530835032463074], "cam_t_m2c": [232.73568725585938, 134.80117797851562, 953.7086791992188], "obj_id": 3}],
  "1": [{"cam_R_m2c": [-0.6755891442298889, 0.5623785257339478, 0.4767700433731079, -0.5755729079246521, 0.0018264479003846645, -0.8177484273910522, -0.460754930973053, -0.8268778920173645, 0.3224559426307678], "cam_t_m2c": [-84.01976776123047, 274.7816467285156, 962.6912841796875], "obj_id": 1}, {"cam_R_m2c": [-0.8615959882736206, -0.4297041893005371, -0.27019721269607544, -0.2131718099117279, -0.17677639424800873, 0.9608891010284424, -0.4606625735759735, 0.8854966759681702, 0.060709062963724136], "cam_t_m2c": [-285.2902526855469, 115.24212646484375, 764.5118408203125], "obj_id": 2}, {"cam_R_m2c": [0.893251895904541, -0.4495513141155243, -0.0021556555293500423, 0.3699084520339966, 0.7377107739448547, -0.5647570490837097, 0.25547754764556885, 0.5036728978157043, 0.8252543807029724], "cam_t_m2c": [-174.28680419921875, 171.1357879638672, 1029.8212890625], "obj_id": 3}, {"cam_R_m2c": [0.38000625371932983, -0.566080629825592, -0.7315379977226257, 0.4666852056980133, 0.8001615405082703, -0.37675780057907104, 0.7986238598823547, -0.1982276737689972, 0.5682478547096252], "cam_t_m2c": [-249.653076171875, 42.11863327026367, 1036.3179931640625], "obj_id": 3}]
}