{
  "0": [{"cam_R_m2c": [0.54383784532547, 0.7507127523422241, 0.37506094574928284, -0.651896059513092, 0.6593663692474365, -0.3745231032371521, -0.5284618735313416, -0.040820904076099396, 0.8479750752449036], "cam_t_m2c": [-240.21566772460938, -61.300838470458984, 637.4221801757812], "obj_id": 0}, {"cam_R_m2c": [-0.26727721095085144, -0.9467735290527344, 0.17939546704292297, 0.8322141766548157, -0.32064539194107056, -0.45233404636383057, 0.4857802391052246, 0.02839685045182705, 0.8736196160316467], "cam_t_m2c": [96.2389907836914, -240.55499267578125, 1134.4156494140625], "obj_id": 2}, {"cam_R_m2c": [-0.7794272899627686, -0.03800122067332268, -0.6253390312194824, 0.10971276462078094, -0.9910131692886353, -0.07652395218610764, -0.6168112754821777, -0.1282525360584259, 0.7765920162200928], "cam_t_m2c": [-26.524940490722656, -100.49559783935547, 764.7008056640625], "obj_id": 3}, {"cam_R_m2c": [-0.5358111262321472, -0.5988413095474243, 0.5952274203300476, 0.8195579648017883, -0.5384045243263245, 0.1960752308368683, 0.20305512845516205, 0.5928825736045837, 0.7792681455612183], "cam_t_m2c": [6.961065292358398, -16.597074508666992, 706.5645751953125], "obj_id": 1}, {"cam_R_m2c": [-0.8693650960922241, -0.4787793457508087, 0.12236935645341873, 0.03982073813676834, 0.178948312997818, 0.9830521941184998, -0.4925629198551178, 0.8595042824745178, -0.1365058720111847], "cam_t_m2c": [10.038182258605957, 32.996707916259766, 652.1433715820312], "obj_id": 1}, {"cam_R_m2c": [-0.06044295057654381, -0.9532884359359741, 0.29595205187797546, 0.9956606030464172, -0.07859701663255692, -0.049822110682725906, 0.07075583189725876, 0.2916564345359802, 0.9539026021957397], "cam_t_m2c": [-163.42208862304688, -11.75828742980957, 553.64013671875], "obj_id": 1}, {"cam_R_m2c": [0.28334563970565796, 0.6932294368743896, -0.6626825928688049, 0.2581644356250763, 0.6103569865226746, 0.7488760948181152, 0.9236159324645996, -0.38327184319496155, -0.006025173235684633], "cam_t_m2c": [-260.5284118652344, 2.8797686100006104, 438.73492431640625], "obj_id": 3}, {"cam_R_m2c": [-0.13695168495178223, -0.8713175058364868, 0.4712219536304474, 0.9856642484664917, -0.07254348695278168, 0.1523272693157196, -0.09854136407375336, 0.4853280484676361, 0.8687613606452942], "cam_t_m2c": [202.97659301757812, -140.43255615234375, 1021.6165771484375], "obj_id": 2}],
  "1": [{"cam_R_m2c": [0.54383784532547, 0.7507127523422241, 0.37506094574928284, -0.651896059513092, 0.6593663692474365, -0.3745231032371521, -0.5284618735313416, -0.040820904076099396, 0.8479750752449036], "cam_t_m2c": [-240.21566772460938, -61.300838470458984, 637.4221801757812], "obj_id": 0}, {"cam_R_m2c": [-0.26727721095085144, -0.9467735290527344, 0.17939546704292297, 0.8322141766548157, -0.32064539194107056, -0.45233404636383057, 0.4857802391052246, 0.02839685045182705, 0.8736196160316467], "cam_t_m2c": [96.2389907836914, -240.55499267578125, 1134.4156494140625], "obj_id": 2}, {"cam_R_m2c": [-0.7794272899627686, -0.03800122067332268, -0.6253390312194824, 0.10971276462078094, -0.9910131692886353, -0.07652395218610764, -0.6168112754821777, -0.1282525360584259, 0.7765920162200928], "cam_t_m2c": [-26.524940490722656, -100.49559783935547, 764.7008056640625], "obj_id": 3}, {"cam_R_m2c": [-0.5358111262321472, -0.5988413095474243, 0.5952274203300476, 0.8195579648017883, -0.5384045243263245, 0.1960752308368683, 0.20305512845516205, 0.5928825736045837, 0.7792681455612183], "cam_t_m2c": [6.961065292358398, -16.597074508666992, 706.5645751953125], "obj_id": 1}, {"cam_R_m2c": [-0.8693650960922241, -0.4787793457508087, 0.12236935645341873, 0.03982073813676834, 0.178948312997818, 0.9830521941184998, -0.4925629198551178, 0.8595042824745178, -0.1365058720111847], "cam_t_m2c": [10.038182258605957, 32.996707916259766, 652.1433715820312], "obj_id": 1}, {"cam_R_m2c": [-0.06044295057654381, -0.9532884359359741, 0.29595205187797546, 0.9956606030464172, -0.07859701663255692, -0.049822110682725906, 0.07075583189725876, 0.2916564345359802, 0.9539026021957397], "cam_t_m2c": [-163.42208862304688, -11.75828742980957, 553.64013671875], "obj_id": 1}, {"cam_R_m2c": [0.28334563970565796, 0.6932294368743896, -0.6626825928688049, 0.2581644356250763, 0.6103569865226746, 0.7488760948181152, 0.9236159324645996, -0.38327184319496155, -0.006025173235684633], "cam_t_m2c": [-260.5284118652344, 2.8797686100006104, 438.73492431640625], "obj_id": 3}, {"cam_R_m2c": [-0.13695168495178223, -0.8713175058364868, 0.4712219536304474, 0.9856642484664917, -0.07254348695278168, 0.1523272693157196, -0.09854136407375336, 0.4853280484676361, 0.8687613606452942], "cam_t_m2c": [202.97659301757812, -140.43255615234375, 1021.6165771484375], "obj_id": 2}],
  "2": [{"cam_R_m2c": [0.54383784532547, 0.7507127523422241, 0.37506094574928284, -0.651896059513092, 0.6593663692474365, -0.3745231032371521, -0.5284618735313416, -0.040820904076099396, 0.8479750752449036], "cam_t_m2c": [-240.21566772460938, -61.300838470458984, 637.4221801757812], "obj_id": 0}, {"cam_R_m2c": [-0.26727721095085144, -0.9467735290527344, 0.17939546704292297, 0.8322141766548157, -0.32064539194107056, -0.45233404636383057, 0.4857802391052246, 0.02839685045182705, 0.8736196160316467], "cam_t_m2c": [96.2389907836914, -240.55499267578125, 1134.4156494140625], "obj_id": 2}, {"cam_R_m2c": [-0.7794272899627686, -0.03800122067332268, -0.6253390312194824, 0.10971276462078094, -0.9910131692886353, -0.07652395218610764, -0.6168112754821777, -0.1282525360584259, 0.7765920162200928], "cam_t_m2c": [-26.524940490722656, -100.49559783935547, 764.7008056640625], "obj_id": 3}, {"cam_R_m2c": [-0.5358111262321472, -0.5988413095474243, 0.5952274203300476, 0.8195579648017883, -0.5384045243263245, 0.1960752308368683, 0.20305512845516205, 0.5928825736045837, 0.7792681455612183], "cam_t_m2c": [6.961065292358398, -16.597074508666992, 706.5645751953125], "obj_id": 1}, {"cam_R_m2c": [-0.8693650960922241, -0.4787793457508087, 0.12236935645341873, 0.03982073813676834, 0.178948312997818, 0.9830521941184998, -0.4925629198551178, 0.8595042824745178, -0.1365058720111847], "cam_t_m2c": [10.038182258605957, 32.996707916259766, 652.1433715820312], "obj_id": 1}, {"cam_R_m2c": [-0.06044295057654381, -0.9532884359359741, 0.29595205187797546, 0.9956606030464172, -0.07859701663255692, -0.049822110682725906, 0.07075583189725876, 0.2916564345359802, 0.9539026021957397], "cam_t_m2c": [-163.42208862304688, -11.75828742980957, 553.64013671875], "obj_id": 1}, {"cam_R_m2c": [0.28334563970565796, 0.6932294368743896, -0.6626825928688049, 0.2581644356250763, 0.6103569865226746, 0.7488760948181152, 0.9236159324645996, -0.38327184319496155, -0.006025173235684633], "cam_t_m2c": [-260.5284118652344, 2.8797686100006104, 438.73492431640625], "obj_id": 3}, {"cam_R_m2c": [-0.13695168495178223, -0.8713175058364868, 0.4712219536304474, 0.9856642484664917, -0.07254348695278168, 0.1523272693157196, -0.09854136407375336, 0.4853280484676361, 0.8687613606452942], "cam_t_m2c": [202.97659301757812, -140.43255615234375, 1021.6165771484375], "obj_id": 2}],
  "3": [{"cam_R_m2c": [0.54383784532547, 0.7507127523422241, 0.37506094574928284, -0.651896059513092, 0.6593663692474365, -0.3745231032371521, -0.5284618735313416, -0.040820904076099396, 0.8479750752449036], "cam_t_m2c": [-240.21566772460938, -61.300838470458984, 637.4221801757812], "obj_id": 0}, {"cam_R_m2c": [-0.26727721095085144, -0.9467735290527344, 0.17939546704292297, 0.8322141766548157, -0.32064539194107056, -0.45233404636383057, 0.4857802391052246, 0.02839685045182705, 0.8736196160316467], "cam_t_m2c": [96.2389907836914, -240.55499267578125, 1134.4156494140625], "obj_id": 2}, {"cam_R_m2c": [-0.7794272899627686, -0.03800122067332268, -0.6253390312194824, 0.10971276462078094, -0.9910131692886353, -0.07652395218610764, -0.6168112754821777, -0.1282525360584259, 0.7765920162200928], "cam_t_m2c": [-26.524940490722656, -100.49559783935547, 764.7008056640625], "obj_id": 3}, {"cam_R_m2c": [-0.5358111262321472, -0.5988413095474243, 0.5952274203300476, 0.8195579648017883, -0.5384045243263245, 0.1960752308368683, 0.20305512845516205, 0.5928825736045837, 0.7792681455612183], "cam_t_m2c": [6.961065292358398, -16.597074508666992, 706.5645751953125], "obj_id": 1}, {"cam_R_m2c": [-0.8693650960922241, -0.4787793457508087, 0.12236935645341873, 0.03982073813676834, 0.178948312997818, 0.9830521941184998, -0.4925629198551178, 0.8595042824745178, -0.1365058720111847], "cam_t_m2c": [10.038182258605957, 32.996707916259766, 652.1433715820312], "obj_id": 1}, {"cam_R_m2c": [-0.06044295057654381, -0.9532884359359741, 0.29595205187797546, 0.9956606030464172, -0.07859701663255692, -0.049822110682725906, 0.07075583189725876, 0.2916564345359802, 0.9539026021957397], "cam_t_m2c": [-163.42208862304688, -11.75828742980957, 553.64013671875], "obj_id": 1}, {"cam_R_m2c": [0.28334563970565796, 0.6932294368743896, -0.6626825928688049, 0.2581644356250763, 0.6103569865226746, 0.7488760948181152, 0.9236159324645996, -0.38327184319496155, -0.006025173235684633], "cam_t_m2c": [-260.5284118652344, 2.8797686100006104, 438.73492431640625], "obj_id": 3}, {"cam_R_m2c": [-0.13695168495178223, -0.8713175058364868, 0.4712219536304474, 0.9856642484664917, -0.07254348695278168, 0.1523272693157196, -0.09854136407375336, 0.4853280484676361, 0.8687613606452942], "cam_t_m2c": [202.97659301757812, -140.43255615234375, 1021.6165771484375], "obj_id": 2}],
  "4": [{"cam_R_m2c": [0.54383784532547, 0.7507127523422241, 0.37506094574928284, -0.651896059513092, 0.6593663692474365, -0.3745231032371521, -0.5284618735313416, -0.040820904076099396, 0.8479750752449036], "cam_t_m2c": [-240.21566772460938, -61.300838470458984, 637.4221801757812], "obj_id": 0}, {"cam_R_m2c": [-0.26727721095085144, -0.9467735290527344, 0.17939546704292297, 0.8322141766548157, -0.32064539194107056, -0.45233404636383057, 0.4857802391052246, 0.02839685045182705, 0.8736196160316467], "cam_t_m2c": [96.2389907836914, -240.55499267578125, 1134.4156494140625], "obj_id": 2}, {"cam_R_m2c": [-0.7794272899627686, -0.03800122067332268, -0.6253390312194824, 0.10971276462078094, -0.9910131692886353, -0.07652395218610764, -0.6168112754821777, -0.1282525360584259, 0.7765920162200928], "cam_t_m2c": [-26.524940490722656, -100.49559783935547, 764.7008056640625], "obj_id": 3}, {"cam_R_m2c": [-0.5358111262321472, -0.5988413095474243, 0.5952274203300476, 0.8195579648017883, -0.5384045243263245, 0.1960752308368683, 0.20305512845516205, 0.5928825736045837, 0.7792681455612183], "cam_t_m2c": [6.961065292358398, -16.597074508666992, 706.5645751953125], "obj_id": 1}, {"cam_R_m2c": [-0.8693650960922241, -0.4787793457508087, 0.12236935645341873, 0.03982073813676834, 0.178948312997818, 0.9830521941184998, -0.4925629198551178, 0.8595042824745178, -0.1365058720111847], "cam_t_m2c": [10.038182258605957, 32.996707916259766, 652.1433715820312], "obj_id": 1}, {"cam_R_m2c": [-0.06044295057654381, -0.9532884359359741, 0.29595205187797546, 0.9956606030464172, -0.07859701663255692, -0.049822110682725906, 0.07075583189725876, 0.2916564345359802, 0.9539026021957397], "cam_t_m2c": [-163.42208862304688, -11.75828742980957, 553.64013671875], "obj_id": 1}, {"cam_R_m2c": [0.28334563970565796, 0.6932294368743896, -0.6626825928688049, 0.2581644356250763, 0.6103569865226746, 0.7488760948181152, 0.9236159324645996, -0.38327184319496155, -0.006025173235684633], "cam_t_m2c": [-260.5284118652344, 2.8797686100006104, 438.73492431640625], "obj_id": 3}, {"cam_R_m2c": [-0.13695168495178223, -0.8713175058364868, 0.4712219536304474, 0.9856642484664917, -0.07254348695278168, 0.1523272693157196, -0.09854136407375336, 0.4853280484676361, 0.8687613606452942], "cam_t_m2c": [202.97659301757812, -140.43255615234375, 1021.6165771484375], "obj_id": 2}]
}