{
  "0": [{"cam_R_m2c": [-0.2613128125667572, 0.13105736672878265, 0.9563155174255371, 0.8254550695419312, 0.5438908934593201, 0.15101832151412964, -0.5003392100334167, 0.8288585543632507, -0.2503075897693634], "cam_t_m2c": [377.9165954589844, -203.0111083984375, 1126.71728515625], "obj_id": 3}, {"cam_R_m2c": [0.9972867369651794, -0.0015195844462141395, -0.07359948009252548, 0.036117129027843475, -0.861087441444397, 0.5071724057197571, -0.06414628773927689, -0.5084545016288757, -0.8586961627006531], "cam_t_m2c": [356.51971435546875, -492.7261962890625, 1198.1004638671875], "obj_id": 3}, {"cam_R_m2c": [0.018313607200980186, -0.8958501219749451, -0.4439786672592163, 0.9966207146644592, 0.05191867798566818, -0.06365089118480682, 0.08007241785526276, -0.441312700510025, 0.8937737345695496], "cam_t_m2c": [155.8841094970703, -434.119140625, 1214.5009765625], "obj_id": 3}, {"cam_R_m2c": [0.7740369439125061, -0.1996433436870575, 0.6008405089378357, -0.475281685590744, -0.8101866841316223, 0.34308141469955444, 0.4182990491390228, -0.5511261820793152, -0.7220012545585632], "cam_t_m2c": [413.78399658203125, -477.6097106933594, 1193.422119140625], "obj_id": 3}, {"cam_R_m2c": [-0.7977525591850281, 0.4343845546245575, 0.41821175813674927, -0.5973944664001465, -0.4751385450363159, -0.6460366249084473, -0.081919826567173, -0.7652146816253662, 0.6385418176651001], "cam_t_m2c": [528.9752197265625, -394.5053405761719, 1225.3782958984375], "obj_id": 3}, {"cam_R_m2c": [-0.9875444769859314, 0.14855635166168213, 0.05183161050081253, -0.10079652816057205, -0.3443908989429474, -0.9333995580673218, -0.12081209570169449, -0.9269981980323792, 0.35507553815841675], "cam_t_m2c": [378.9984130859375, -176.37754821777344, 1295.9930419921875], "obj_id": 3}, {"cam_R_m2c": [-0.2595289945602417, 0.6678555011749268, -0.6975769400596619, 0.8131558895111084, 0.5407928824424744, 0.21522201597690582, 0.5209818482398987, -0.5113824605941772, -0.6834220886230469], "cam_t_m2c": [284.9823303222656, -115.21276092529297, 1253.6109619140625], "obj_id": 3}, {"cam_R_m2c": [0.12187426537275314, -0.8822323083877563, -0.4547666609287262, 0.48247048258781433, 0.45306646823883057, -0.7496352195739746, 0.8673919439315796, -0.1280503123998642, 0.48086825013160706], "cam_t_m2c": [369.0069274902344, -162.14430236816406, 1135.509521484375], "obj_id": 3}, {"cam_R_m2c": [0.6340614557266235, 0.7731469869613647, -0.014482620172202587, -0.3875652551651001, 0.33393922448158264, 0.8592309355735779, 0.6691481471061707, -0.539192259311676, 0.5113828778266907], "cam_t_m2c": [384.29022216796875, -544.56396484375, 1151.1204833984375], "obj_id": 3}, {"cam_R_m2c": [0.7272915244102478, -0.6330904960632324, -0.26503488421440125, -0.6392866373062134, -0.4843882918357849, -0.5972272753715515, 0.24971911311149597, 0.6037915945053101, -0.7570177316665649], "cam_t_m2c": [325.6592712402344, -439.12823486328125, 1231.5159912109375], "obj_id": 3}, {"cam_R_m2c": [-0.5085178017616272, -0.07402573525905609, 0.8578636050224304, -0.6758505702018738, -0.58299720287323, -0.4509327709674835, 0.5335126519203186, -0.8090949058532715, 0.2464340627193451], "cam_t_m2c": [134.92080688476562, -273.3279113769531, 1364.9224853515625], "obj_id": 3}, {"cam_R_m2c": [-0.5867334008216858, 0.37510040402412415, -0.717665433883667, 0.7935359477996826, 0.4429534673690796, -0.41724449396133423, 0.16138383746147156, -0.8143045902252197, -0.5575512647628784], "cam_t_m2c": [322.78289794921875, -197.4756622314453, 1287.53173828125], "obj_id": 3}, {"cam_R_m2c": [0.8220735788345337, -0.25882232189178467, -0.5071548819541931, 0.5611593127250671, 0.21746958792209625, 0.7986283302307129, -0.09641209244728088, -0.9411258697509766, 0.3240165710449219], "cam_t_m2c": [314.398193359375, -45.194339752197266, 1178.847412109375], "obj_id": 3}, {"cam_R_m2c": [-0.09918173402547836, -0.70870441198349, -0.6984990239143372, 0.08608172833919525, 0.6932178139686584, -0.7155689597129822, 0.991338849067688, -0.13109943270683289, -0.007748018018901348], "cam_t_m2c": [353.9645080566406, -43.63521957397461, 1111.2315673828125], "obj_id": 3}, {"cam_R_m2c": [-0.16638407111167908, -0.9511026740074158, -0.2602303624153137, 0.336176335811615, -0.30281195044517517, 0.8917903900146484, -0.9269852042198181, 0.060896530747413635, 0.37012147903442383], "cam_t_m2c": [214.8294219970703, -229.52464294433594, 1337.3294677734375], "obj_id": 3}, {"cam_R_m2c": [0.9650141596794128, -0.22512628138065338, 0.13440938293933868, -0.22045603394508362, -0.9741719365119934, -0.04886939749121666, 0.14193962514400482, 0.01752830110490322, -0.9897201061248779], "cam_t_m2c": [354.7764892578125, -263.0361022949219, 1408.0322265625], "obj_id": 3}, {"cam_R_m2c": [0.9394546747207642, -0.3175680637359619, -0.1287456601858139, 0.26494112610816956, 0.43485498428344727, 0.8606435656547546, -0.21732720732688904, -0.8426456451416016, 0.4926633834838867], "cam_t_m2c": [227.0246124267578, -450.5386962890625, 1092.2752685546875], "obj_id": 3}, {"cam_R_m2c": [0.12433343380689621, -0.43828660249710083, -0.890194296836853, -0.8823480010032654, 0.36154428124427795, -0.30124351382255554, 0.4538756310939789, 0.8229158520698547, -0.3417692482471466], "cam_t_m2c": [257.84893798828125, -140.6599578857422, 1177.02490234375], "obj_id": 3}, {"cam_R_m2c": [-0.10347311198711395, -0.8403726816177368, -0.5320402979850769, -0.46917787194252014, -0.43042078614234924, 0.7711094617843628, -0.8770206570625305, 0.32941073179244995, -0.3497471511363983], "cam_t_m2c": [233.01522827148438, -554.0236206054688, 1167.1636962890625], "obj_id": 3}, {"cam_R_m2c": [-0.3109804391860962, -0.6268371343612671, 0.7143990397453308, -0.4936460256576538, -0.5357940793037415, -0.6850094199180603, 0.812160313129425, -0.565684974193573, -0.14281396567821503], "cam_t_m2c": [160.92933654785156, -351.3510437011719, 987.5635375976562], "obj_id": 3}, {"cam_R_m2c": [-0.2617964446544647, -0.8588360548019409, -0.4402989447116852, -0.03528967499732971, 0.4644234776496887, -0.8849098682403564, 0.9644776582717896, -0.21612828969955444, -0.15189243853092194], "cam_t_m2c": [509.93902587890625, -495.5621032714844, 1123.5018310546875], "obj_id": 3}, {"cam_R_m2c": [-0.6526501774787903, -0.6948446035385132, 0.302057147026062, -0.7467144131660461, 0.5223765969276428, -0.4117525815963745, 0.1283164918422699, -0.4942808747291565, -0.8597796559333801], "cam_t_m2c": [130.1215057373047, -305.2636413574219, 1132.75927734375], "obj_id": 3}, {"cam_R_m2c": [0.707974910736084, 0.04774054139852524, 0.7046220898628235, -0.7062116861343384, 0.0393119752407074, 0.7069084048271179, 0.0060481722466647625, -0.9980857968330383, 0.061546847224235535], "cam_t_m2c": [264.53656005859375, -83.50472259521484, 1249.46240234375], "obj_id": 3}, {"cam_R_m2c": [-0.3055693805217743, -0.28311488032341003, -0.909105658531189, -0.9355466961860657, -0.08835606276988983, 0.34197282791137695, -0.1771426796913147, 0.9550073146820068, -0.23786818981170654], "cam_t_m2c": [350.8888244628906, -106.01558685302734, 1274.2008056640625], "obj_id": 3}, {"cam_R_m2c": [-0.8342077732086182, -0.353654682636261, -0.42311450839042664, -0.5465145707130432, 0.4277757704257965, 0.7199512124061584, -0.07361596077680588, 0.8318271040916443, -0.5501313209533691], "cam_t_m2c": [280.1974792480469, -110.0090103149414, 1193.177978515625], "obj_id": 3}, {"cam_R_m2c": [-0.642906665802002, -0.7580346465110779, 0.1097930371761322, -0.7453342080116272, 0.6521754264831543, 0.13836242258548737, -0.17648783326148987, 0.007121617905795574, -0.984277069568634], "cam_t_m2c": [441.6955871582031, -394.9983825683594, 1022.9932250976562], "obj_id": 3}, {"cam_R_m2c": [0.2925267815589905, -0.4129723608493805, 0.8624858260154724, -0.9222214221954346, -0.36032718420028687, 0.14025646448135376, 0.2528550922870636, -0.8364317417144775, -0.48625728487968445], "cam_t_m2c": [183.98912048339844, -250.78245544433594, 1121.49609375], "obj_id": 3}, {"cam_R_m2c": [-0.5689205527305603, -0.7154364585876465, 0.40556150674819946, -0.6191743016242981, 0.048067882657051086, -0.7837810516357422, 0.5412510633468628, -0.6970223784446716, -0.4703267216682434], "cam_t_m2c": [107.48614501953125, -489.575927734375, 1140.615478515625], "obj_id": 3}, {"cam_R_m2c": [0.8697550892829895, -0.47262945771217346, 0.14194178581237793, -0.20966050028800964, -0.09352492541074753, 0.9732911586761475, -0.44673097133636475, -0.8762845396995544, -0.18043550848960876], "cam_t_m2c": [90.53376007080078, -237.0738983154297, 1380.37060546875], "obj_id": 1}, {"cam_R_m2c": [-0.8553686738014221, -0.4506474435329437, -0.25546252727508545, 0.5109444856643677, -0.6527319550514221, -0.5593536496162415, 0.08532273024320602, -0.6089808344841003, 0.7885825037956238], "cam_t_m2c": [459.8804016113281, -371.21917724609375, 1183.8341064453125], "obj_id": 1}, {"cam_R_m2c": [-0.2155655175447464, 0.9510563611984253, 0.22141133248806, 0.335470974445343, -0.14081308245658875, 0.9314668774604797, 0.9170553088188171, 0.27506938576698303, -0.288697212934494], "cam_t_m2c": [317.60101318359375, -152.07460021972656, 1110.4119873046875], "obj_id": 1}, {"cam_R_m2c": [-0.0718044564127922, -0.5146413445472717, -0.8543936014175415, -0.7077159285545349, -0.5773250460624695, 0.4072273373603821, -0.7028387784957886, 0.6339086890220642, -0.32276540994644165], "cam_t_m2c": [485.72174072265625, -436.5601806640625, 1088.7044677734375], "obj_id": 1}, {"cam_R_m2c": [-0.36847296357154846, -0.3975702226161957, 0.8403365612030029, 0.4679596424102783, 0.7017402052879333, 0.5371912717819214, -0.8032691478729248, 0.5911840796470642, -0.07252544164657593], "cam_t_m2c": [91.35247802734375, -189.99708557128906, 1346.1314697265625], "obj_id": 1}, {"cam_R_m2c": [-0.7332029938697815, 0.49768972396850586, -0.4633770287036896, -0.2702029347419739, -0.8385498523712158, -0.473100870847702, -0.6240221858024597, -0.2216731309890747, 0.7493045330047607], "cam_t_m2c": [32.07530212402344, -296.7594909667969, 1099.6519775390625], "obj_id": 1}, {"cam_R_m2c": [0.9480627775192261, -0.27207061648368835, -0.1647861897945404, 0.28916680812835693, 0.5213791131973267, 0.8028364181518555, -0.1325121372938156, -0.8087900876998901, 0.5729739665985107], "cam_t_m2c": [106.20494842529297, -112.631103515625, 1268.673095703125], "obj_id": 1}, {"cam_R_m2c": [0.9650487899780273, 0.19717273116111755, -0.17263762652873993, -0.21126216650009155, 0.9751120209693909, -0.06726688891649246, 0.15507782995700836, 0.1013876274228096, 0.9826858043670654], "cam_t_m2c": [331.6688537597656, -447.2842712402344, 1246.9791259765625], "obj_id": 1}, {"cam_R_m2c": [0.45461902022361755, 0.5023214817047119, -0.7355233430862427, -0.8786211609840393, 0.3883785903453827, -0.2778252363204956, 0.1461038738489151, 0.7725510001182556, 0.6179146766662598], "cam_t_m2c": [222.38323974609375, -443.7255859375, 1178.3961181640625], "obj_id": 1}, {"cam_R_m2c": [-0.5785940289497375, 0.03207548335194588, -0.8149847388267517, -0.641154408454895, 0.5997357368469238, 0.4787880480289459, 0.504132866859436, 0.7995550036430359, -0.32643821835517883], "cam_t_m2c": [73.91897583007812, -235.22116088867188, 1346.344482421875], "obj_id": 1}, {"cam_R_m2c": [0.3746643364429474, -0.17559242248535156, 0.9103811979293823, -0.048278894275426865, -0.984265148639679, -0.16997398436069489, 0.9259026646614075, 0.01973099447786808, -0.3772464394569397], "cam_t_m2c": [403.9551086425781, -230.86009216308594, 1091.796630859375], "obj_id": 1}, {"cam_R_m2c": [-0.8026721477508545, 0.5511921644210815, -0.22782492637634277, 0.5957229733467102, 0.7594010233879089, -0.261580228805542, 0.028829488903284073, -0.3456837832927704, -0.937907874584198], "cam_t_m2c": [379.27593994140625, -294.3368835449219, 1346.0428466796875], "obj_id": 1}, {"cam_R_m2c": [-0.3686862587928772, -0.9119283556938171, 0.18015819787979126, 0.7563781142234802, -0.1816520243883133, 0.6284064054489136, -0.5403355360031128, 0.3679525554180145, 0.7567353248596191], "cam_t_m2c": [24.258838653564453, -129.58596801757812, 1268.5145263671875], "obj_id": 1}, {"cam_R_m2c": [-0.046474751085042953, -0.8553658127784729, -0.5159353017807007, 0.9439877271652222, 0.13130882382392883, -0.30272921919822693, 0.32669106125831604, -0.5011059045791626, 0.8013524413108826], "cam_t_m2c": [175.66860961914062, -532.5347900390625, 1142.4534912109375], "obj_id": 1}, {"cam_R_m2c": [-0.7559773921966553, -0.2934877276420593, 0.5851179361343384, -0.4135710597038269, -0.47872117161750793, -0.7744578123092651, 0.507402241230011, -0.827460527420044, 0.24052441120147705], "cam_t_m2c": [399.484619140625, -153.70465087890625, 1313.1370849609375], "obj_id": 1}, {"cam_R_m2c": [-0.1519404649734497, -0.9764276146888733, -0.15330807864665985, 0.4976859986782074, 0.058429472148418427, -0.8653870224952698, 0.8539454936981201, -0.20778654515743256, 0.4770764708518982], "cam_t_m2c": [429.27630615234375, -284.08123779296875, 1272.5791015625], "obj_id": 1}, {"cam_R_m2c": [-0.9584020972251892, 0.12859947979450226, -0.25480881333351135, 0.2003602534532547, 0.9389379620552063, -0.279734343290329, 0.20327596366405487, -0.31915155053138733, -0.9256463050842285], "cam_t_m2c": [275.1231384277344, -142.87326049804688, 1156.0025634765625], "obj_id": 1}, {"cam_R_m2c": [0.934916615486145, -0.2528002858161926, -0.2490440011024475, 0.3528323173522949, 0.5871440172195435, 0.7285404801368713, -0.037950556725263596, -0.7689954042434692, 0.638126790523529], "cam_t_m2c": [288.37896728515625, -180.4039306640625, 1338.9976806640625], "obj_id": 1}, {"cam_R_m2c": [-0.5852102637290955, 0.6251180768013, -0.5164845585823059, -0.8002045154571533, -0.5482264161109924, 0.24314704537391663, -0.131154865026474, 0.5555854439735413, 0.8210500478744507], "cam_t_m2c": [393.6476745605469, -217.93067932128906, 1251.9332275390625], "obj_id": 1}, {"cam_R_m2c": [0.8116095066070557, 0.21139930188655853, -0.5446102619171143, 0.43611153960227966, -0.8395253419876099, 0.3240430951118469, -0.3887116312980652, -0.5005072951316833, -0.7735604047775269], "cam_t_m2c": [349.9273376464844, -560.6425170898438, 1168.1806640625], "obj_id": 1}, {"cam_R_m2c": [-0.04470648616552353, 0.8811869025230408, 0.47064945101737976, -0.7654624581336975, 0.27251139283180237, -0.5829277038574219, -0.641925573348999, -0.3863251805305481, 0.6623325347900391], "cam_t_m2c": [137.46255493164062, -398.0981140136719, 1184.7186279296875], "obj_id": 1}, {"cam_R_m2c": [0.11696553975343704, 0.9332383275032043, 0.3396840989589691, 0.2752860486507416, -0.35909557342529297, 0.8917779326438904, 0.9542204141616821, -0.010796992108225822, -0.2989093065261841], "cam_t_m2c": [263.07470703125, -276.91973876953125, 1126.51171875], "obj_id": 1}, {"cam_R_m2c": [-0.5183521509170532, 0.4407042860984802, -0.7328647375106812, -0.30586007237434387, 0.7047541737556458, 0.6401336789131165, 0.7985991835594177, 0.5559687614440918, -0.23051698505878448], "cam_t_m2c": [236.2786407470703, -496.36767578125, 1273.1182861328125], "obj_id": 1}, {"cam_R_m2c": [-0.43427419662475586, -0.5749402046203613, 0.6934331655502319, -0.8933510184288025, 0.3735659420490265, -0.24974466860294342, -0.11545474827289581, -0.7279369235038757, -0.6758534908294678], "cam_t_m2c": [387.96466064453125, -459.29229736328125, 1158.5570068359375], "obj_id": 1}, {"cam_R_m2c": [0.48738154768943787, 0.8299216032028198, 0.2714579105377197, -0.6235652565956116, 0.11318183690309525, 0.773534893989563, 0.6112492084503174, -0.5462783575057983, 0.5726730227470398], "cam_t_m2c": [238.17201232910156, -510.3461608886719, 1326.5889892578125], "obj_id": 1}, {"cam_R_m2c": [-0.8584398031234741, -0.18390469253063202, 0.4788106083869934, -0.22975453734397888, 0.9724909067153931, -0.0383969284594059, -0.45857757329940796, -0.14297038316726685, -0.8770778179168701], "cam_t_m2c": [208.84280395507812, -474.7642822265625, 1273.9736328125], "obj_id": 1}, {"cam_R_m2c": [-0.5921388268470764, 0.6153526306152344, 0.5203003287315369, -0.7193767428398132, -0.11269685626029968, -0.6854168176651001, -0.36313682794570923, -0.7801540493965149, 0.5094028115272522], "cam_t_m2c": [323.4969787597656, -178.81561279296875, 1260.3704833984375], "obj_id": 1}, {"cam_R_m2c": [0.8712312579154968, 0.3427102863788605, 0.3514339029788971, 0.49058300256729126, -0.632502555847168, -0.5993903279304504, 0.016865601763129234, 0.6946150660514832, -0.7191838622093201], "cam_t_m2c": [146.48939514160156, -222.24441528320312, 1105.0858154296875], "obj_id": 1}, {"cam_R_m2c": [-0.7247976064682007, -0.45776695013046265, -0.514895498752594, -0.13578858971595764, -0.6377757787704468, 0.7581576704978943, -0.6754475831985474, 0.6194279789924622, 0.4000991880893707], "cam_t_m2c": [238.62384033203125, -245.0039520263672, 1020.8417358398438], "obj_id": 1}, {"cam_R_m2c": [-0.3072783946990967, 0.5321736931800842, -0.7889048457145691, -0.948196530342102, -0.24147292971611023, 0.20643146336078644, -0.08064185082912445, 0.8114688992500305, 0.5788048505783081], "cam_t_m2c": [194.63958740234375, -377.94598388671875, 1207.4742431640625], "obj_id": 1}, {"cam_R_m2c": [-0.62186598777771, -0.4292610287666321, -0.6549943685531616, 0.781079888343811, -0.2795931100845337, -0.5583385229110718, 0.056541040539741516, -0.8588146567344666, 0.5091565847396851], "cam_t_m2c": [276.2480163574219, -430.3399658203125, 1069.2852783203125], "obj_id": 1}, {"cam_R_m2c": [0.6872078776359558, -0.6847493648529053, 0.2426183670759201, -0.2477349489927292, -0.5348471999168396, -0.8078154921531677, 0.6829149127006531, 0.49503210186958313, -0.5371875762939453], "cam_t_m2c": [434.9602966308594, -240.6605987548828, 1281.809814453125], "obj_id": 1}, {"cam_R_m2c": [0.914613664150238, -0.029234306886792183, -0.4032706618309021, -0.17179906368255615, 0.8747729659080505, -0.45305341482162476, 0.3660149574279785, 0.4836503565311432, 0.7950568199157715], "cam_t_m2c": [380.21966552734375, -315.2013244628906, 1381.16845703125], "obj_id": 1}, {"cam_R_m2c": [-0.27213409543037415, -0.6880879998207092, -0.6726647019386292, -0.13166645169258118, 0.7190991044044495, -0.6823198795318604, 0.9532087445259094, -0.097115159034729, -0.2862894833087921], "cam_t_m2c": [285.9485778808594, -158.82412719726562, 1161.9979248046875], "obj_id": 1}, {"cam_R_m2c": [-0.6568948030471802, 0.7169783115386963, 0.23330506682395935, 0.45114070177078247, 0.6216869354248047, -0.6402947902679443, -0.6041201949119568, -0.3153529465198517, -0.7318410277366638], "cam_t_m2c": [361.01092529296875, -370.4052734375, 1052.2861328125], "obj_id": 1}, {"cam_R_m2c": [-0.30313074588775635, 0.8145656585693359, -0.4945649206638336, 0.5863313674926758, 0.5685452222824097, 0.5770370960235596, 0.7512171268463135, -0.11506123095750809, -0.6499489545822144], "cam_t_m2c": [144.1339111328125, -488.5215759277344, 1177.4459228515625], "obj_id": 1}, {"cam_R_m2c": [-0.9225527048110962, -0.3854360580444336, 0.01831972599029541, -0.33268511295318604, 0.8185495734214783, 0.4682917296886444, -0.19549211859703064, 0.42592909932136536, -0.8833839893341064], "cam_t_m2c": [307.3636779785156, -160.18052673339844, 1296.094970703125], "obj_id": 1}, {"cam_R_m2c": [0.5734283924102783, 0.25368013978004456, -0.7789905071258545, -0.8001783490180969, -0.03057575225830078, -0.5989820957183838, -0.1757681965827942, 0.9668046832084656, 0.18545642495155334], "cam_t_m2c": [172.9575653076172, -470.4515686035156, 1326.9932861328125], "obj_id": 1}, {"cam_R_m2c": [-0.890889048576355, -0.36019468307495117, 0.27672460675239563, -0.45421549677848816, 0.7094615697860718, -0.5388437509536743, -0.002236798405647278, -0.6057425737380981, -0.7956575155258179], "cam_t_m2c": [398.12103271484375, -545.0114135742188, 1189.6488037109375], "obj_id": 1}, {"cam_R_m2c": [-0.3048396408557892, -0.4333452880382538, 0.8481063842773438, -0.9169116020202637, 0.3743659555912018, -0.13828620314598083, -0.25757643580436707, -0.8197938203811646, -0.5114609003067017], "cam_t_m2c": [158.70848083496094, -468.6229553222656, 1137.0152587890625], "obj_id": 1}, {"cam_R_m2c": [-0.2593405544757843, -0.7374237775802612, 0.6236572861671448, 0.6375454068183899, 0.354337602853775, 0.6840910315513611, -0.7254502177238464, 0.5750225186347961, 0.3782471716403961], "cam_t_m2c": [210.05921936035156, -189.0994110107422, 1191.3568115234375], "obj_id": 1}, {"cam_R_m2c": [-0.6279200911521912, 0.53484708070755, 0.565380334854126, -0.6628236770629883, -0.748240053653717, -0.02831067517399788, 0.4078983664512634, -0.3925243318080902, 0.8243443369865417], "cam_t_m2c": [275.9832763671875, -342.3390197753906, 1184.1236572265625], "obj_id": 1}, {"cam_R_m2c": [-0.7672823667526245, -0.4684499502182007, 0.4379870891571045, 0.09841737896203995, -0.7608785033226013, -0.6413877606391907, 0.6337129473686218, -0.4490198791027069, 0.6299120187759399], "cam_t_m2c": [405.27813720703125, -406.1093444824219, 1177.1009521484375], "obj_id": 1}, {"cam_R_m2c": [-0.25099989771842957, 0.9528846144676208, -0.17032283544540405, -0.806976854801178, -0.10880996286869049, 0.5804727673530579, 0.5345907211303711, 0.2831452190876007, 0.7962672114372253], "cam_t_m2c": [236.47714233398438, -176.72940063476562, 1238.9051513671875], "obj_id": 1}, {"cam_R_m2c": [-0.2061576396226883, 0.4294235110282898, -0.87925785779953, 0.15318985283374786, -0.8733167052268982, -0.46243998408317566, -0.9664532542228699, -0.2300289273262024, 0.11425761878490448], "cam_t_m2c": [106.1949691772461, -190.55393981933594, 1252.83642578125], "obj_id": 1}, {"cam_R_m2c": [0.4910992383956909, -0.8710731267929077, -0.0072848135605454445, -0.8650949001312256, -0.4886750876903534, 0.113169364631176, -0.1021387055516243, -0.04927532747387886, -0.9935488700866699], "cam_t_m2c": [352.95770263671875, -459.4728088378906, 1159.5233154296875], "obj_id": 1}, {"cam_R_m2c": [-0.4208773076534271, 0.3250095248222351, -0.8468946814537048, 0.8925002217292786, -0.01855970360338688, -0.45066455006599426, -0.1621885597705841, -0.9455283880233765, -0.2822594940662384], "cam_t_m2c": [193.31727600097656, -455.3261413574219, 1286.013916015625], "obj_id": 1}, {"cam_R_m2c": [0.05594402924180031, -0.9662975072860718, -0.25127533078193665, -0.9923726916313171, -0.08150345832109451, 0.09248555451631546, -0.10984838753938675, 0.24418476223945618, -0.963486909866333], "cam_t_m2c": [200.52052307128906, -164.35447692871094, 1211.4205322265625], "obj_id": 1}, {"cam_R_m2c": [-0.8572821021080017, 0.4597485661506653, 0.23172876238822937, 0.10737000405788422, -0.2805452048778534, 0.9538164138793945, 0.5035262107849121, 0.8425706624984741, 0.1911434382200241], "cam_t_m2c": [389.3201599121094, -290.372802734375, 1013.3432006835938], "obj_id": 1}, {"cam_R_m2c": [0.6536698341369629, 0.10356951504945755, -0.7496592998504639, 0.6370851397514343, -0.609963059425354, 0.471240371465683, -0.408458411693573, -0.7856324315071106, -0.4646970331668854], "cam_t_m2c": [375.5093688964844, -522.2454223632812, 1170.6785888671875], "obj_id": 1}, {"cam_R_m2c": [0.8711451292037964, 0.27126044034957886, -0.40929684042930603, 0.3892572820186615, 0.12658847868442535, 0.9123892784118652, 0.29930737614631653, -0.9541452527046204, 0.004686848726123571], "cam_t_m2c": [402.8586730957031, -511.70343017578125, 1225.6727294921875], "obj_id": 1}, {"cam_R_m2c": [0.20435866713523865, 0.23820774257183075, -0.9494707584381104, -0.7312579154968262, -0.6076657772064209, -0.309845894575119, -0.6507684588432312, 0.7576276659965515, 0.05000939592719078], "cam_t_m2c": [447.6079406738281, -420.1513977050781, 1030.2664794921875], "obj_id": 1}, {"cam_R_m2c": [0.45720991492271423, 0.2710895538330078, 0.8470357656478882, -0.2643393278121948, 0.9507924318313599, -0.16161219775676727, -0.8491665124893188, -0.15001416206359863, 0.5063713788986206], "cam_t_m2c": [408.0314025878906, -398.74066162109375, 1177.301025390625], "obj_id": 1}, {"cam_R_m2c": [-0.6706892848014832, 0.6822065711021423, -0.29115259647369385, -0.4608471393585205, -0.07568775862455368, 0.8842461109161377, 0.5812018513679504, 0.7272313237190247, 0.36515605449676514], "cam_t_m2c": [373.55645751953125, -326.2943420410156, 1266.08837890625], "obj_id": 1}, {"cam_R_m2c": [-0.5759093761444092, 0.6102866530418396, 0.5439469814300537, -0.817376971244812, -0.44200897216796875, -0.3694898784160614, 0.014934742823243141, -0.657402515411377, 0.7533915638923645], "cam_t_m2c": [359.866455078125, -97.52806091308594, 1260.7564697265625], "obj_id": 3}, {"cam_R_m2c": [0.5669141411781311, -0.7715961933135986, 0.2885267734527588, 0.2970719039440155, -0.13518963754177094, -0.9452365636825562, 0.7683467268943787, 0.6215811967849731, 0.15257860720157623], "cam_t_m2c": [211.64501953125, -296.7240295410156, 1397.02685546875], "obj_id": 1}, {"cam_R_m2c": [0.15874923765659332, 0.8970213532447815, 0.41249406337738037, 0.952942967414856, -0.02992374077439308, -0.3016691207885742, -0.2582602798938751, 0.44097307324409485, -0.8595605492591858], "cam_t_m2c": [331.60845947265625, -333.7137451171875, 969.7504272460938], "obj_id": 1}, {"cam_R_m2c": [0.30942749977111816, -0.5569558143615723, -0.7707495093345642, -0.16150718927383423, 0.7679709196090698, -0.6197871565818787, 0.937107264995575, 0.31626075506210327, 0.14767895638942719], "cam_t_m2c": [97.00785064697266, -205.3902130126953, 1149.8380126953125], "obj_id": 1}, {"cam_R_m2c": [-0.6572704911231995, -0.329319030046463, 0.677897036075592, 0.5236222147941589, 0.447386234998703, 0.7250277996063232, -0.5420472621917725, 0.8315013647079468, -0.1216149851679802], "cam_t_m2c": [366.5333251953125, -351.25738525390625, 979.5114135742188], "obj_id": 1}, {"cam_R_m2c": [-0.9773150682449341, -0.02908361703157425, 0.20978428423404694, -0.07224053889513016, -0.8853464722633362, -0.45928531885147095, 0.1990894377231598, -0.46402138471603394, 0.8631613850593567], "cam_t_m2c": [303.6495666503906, -152.87930297851562, 1326.0216064453125], "obj_id": 3}, {"cam_R_m2c": [-0.30110886693000793, -0.7927115559577942, -0.5300394892692566, 0.799763560295105, -0.5126469731330872, 0.3123641014099121, -0.5193377733230591, -0.3298506438732147, 0.7883443832397461], "cam_t_m2c": [223.9432373046875, -257.5618896484375, 1058.7803955078125], "obj_id": 1}, {"cam_R_m2c": [0.5583094358444214, 0.5526522397994995, 0.6187617182731628, 0.721082329750061, 0.045585084706544876, -0.6913480758666992, -0.41028136014938354, 0.8321642875671387, -0.37305715680122375], "cam_t_m2c": [24.79314613342285, -294.7565002441406, 1142.95556640625], "obj_id": 1}, {"cam_R_m2c": [0.640710175037384, -0.3543558418750763, -0.6811184883117676, 0.5442126393318176, 0.8353769779205322, 0.07731671631336212, 0.541593074798584, -0.42021092772483826, 0.7280794382095337], "cam_t_m2c": [425.17022705078125, -181.69398498535156, 1354.2003173828125], "obj_id": 1}, {"cam_R_m2c": [-0.06706362962722778, 0.9977201819419861, -0.007546979933977127, 0.8590923547744751, 0.06158890575170517, 0.5081015229225159, 0.5074079632759094, 0.027591584250330925, -0.8612641096115112], "cam_t_m2c": [215.82875061035156, -520.126953125, 1316.2835693359375], "obj_id": 3}, {"cam_R_m2c": [0.5880749821662903, -0.6940059661865234, 0.4153595268726349, 0.6429698467254639, 0.7126892805099487, 0.2804706394672394, -0.4906705915927887, 0.1021258607506752, 0.8653396368026733], "cam_t_m2c": [203.38125610351562, -450.99853515625, 1116.0831298828125], "obj_id": 1}, {"cam_R_m2c": [-0.36767324805259705, 0.5516440868377686, 0.7486689686775208, 0.2299678921699524, -0.7261213660240173, 0.647968053817749, 0.9010722637176514, 0.4104103147983551, 0.140114888548851], "cam_t_m2c": [480.4822082519531, -262.819091796875, 1416.9713134765625], "obj_id": 1}, {"cam_R_m2c": [-0.7031309604644775, -0.612860381603241, 0.36056768894195557, -0.14539550244808197, -0.3724520802497864, -0.9165912866592407, 0.696036696434021, -0.6969085931777954, 0.17277541756629944], "cam_t_m2c": [300.7704162597656, -281.55133056640625, 1357.292724609375], "obj_id": 3}, {"cam_R_m2c": [-0.09155426174402237, 0.7630594372749329, 0.6398107409477234, 0.29643917083740234, 0.6342645287513733, -0.7140253782272339, -0.9506531357765198, 0.12429282814264297, -0.284270316362381], "cam_t_m2c": [271.70538330078125, -325.0387268066406, 967.8644409179688], "obj_id": 1}, {"cam_R_m2c": [-0.6404659152030945, -0.3300102949142456, 0.6934672594070435, 0.5933372974395752, 0.36067453026771545, 0.7196282148361206, -0.487600713968277, 0.8723572492599487, -0.03519241511821747], "cam_t_m2c": [184.15554809570312, -349.118896484375, 1057.341064453125], "obj_id": 3}, {"cam_R_m2c": [-0.5226874351501465, 0.3376105725765228, -0.7828262448310852, 0.6107056736946106, 0.7889754176139832, -0.06750120967626572, 0.5948415398597717, -0.513358473777771, -0.6185681819915771], "cam_t_m2c": [302.1615295410156, -101.58220672607422, 1228.11474609375], "obj_id": 3}, {"cam_R_m2c": [0.35922253131866455, 0.36899614334106445, 0.8572053909301758, 0.7281839847564697, 0.4636610746383667, -0.5047440528869629, -0.5837013721466064, 0.8055186867713928, -0.10213959962129593], "cam_t_m2c": [298.21868896484375, -264.263916015625, 1224.0318603515625], "obj_id": 3}, {"cam_R_m2c": [0.7234774827957153, 0.2724646031856537, 0.6343054175376892, 0.14120370149612427, -0.9577986598014832, 0.2503660321235657, 0.6757527589797974, -0.09156791865825653, -0.731418788433075], "cam_t_m2c": [362.3414611816406, -96.1480712890625, 1252.1959228515625], "obj_id": 3}, {"cam_R_m2c": [-0.23040717840194702, -0.6480891704559326, 0.7258739471435547, 0.5333448648452759, -0.7080276608467102, -0.4628607928752899, 0.813913881778717, 0.28049471974372864, 0.5087896585464478], "cam_t_m2c": [408.13970947265625, -368.294189453125, 1175.323486328125], "obj_id": 1}, {"cam_R_m2c": [0.7294818758964539, -0.5081523656845093, -0.4578617215156555, 0.600246787071228, 0.15462526679039001, 0.7847259044647217, -0.32796338200569153, -0.8472733497619629, 0.41781318187713623], "cam_t_m2c": [362.6851806640625, -284.379638671875, 1424.2249755859375], "obj_id": 3}, {"cam_R_m2c": [-0.398658812046051, -0.6266952753067017, 0.6695701479911804, 0.510275661945343, -0.7582219839096069, -0.40585482120513916, 0.7620301246643066, 0.17986777424812317, 0.6220592260360718], "cam_t_m2c": [152.17755126953125, -322.024169921875, 1246.5152587890625], "obj_id": 3}, {"cam_R_m2c": [0.12368469685316086, 0.9920430183410645, -0.023509690538048744, 0.9919422268867493, -0.12294765561819077, 0.03056965582072735, 0.02743595279753208, -0.02710125409066677, -0.9992560744285583], "cam_t_m2c": [392.06988525390625, -360.9358825683594, 1338.61328125], "obj_id": 3}, {"cam_R_m2c": [0.8087349534034729, -0.5795896649360657, 0.10011769831180573, 0.5191978812217712, 0.6234936118125916, -0.584541916847229, 0.2763717472553253, 0.5247203707695007, 0.8051628470420837], "cam_t_m2c": [393.25634765625, -328.9746398925781, 1044.8367919921875], "obj_id": 1}, {"cam_R_m2c": [-0.10976256430149078, -0.7547707557678223, 0.6467404961585999, 0.9932439923286438, -0.058633286505937576, 0.10014265775680542, -0.03766423091292381, 0.653363049030304, 0.7561072707176208], "cam_t_m2c": [515.8706665039062, -457.0060119628906, 1170.2249755859375], "obj_id": 3}, {"cam_R_m2c": [-0.8396234512329102, 0.34396496415138245, -0.42038124799728394, -0.2611539661884308, 0.4229790270328522, 0.8676908016204834, 0.4762676954269409, 0.8383178114891052, -0.2653152644634247], "cam_t_m2c": [291.2792663574219, -180.2903594970703, 1199.886962890625], "obj_id": 3}, {"cam_R_m2c": [-0.10024628788232803, -0.9256964921951294, 0.36474165320396423, -0.0801401138305664, -0.3578847646713257, -0.9303202629089355, 0.9917297959327698, -0.12249169498682022, -0.03830865025520325], "cam_t_m2c": [179.16966247558594, -374.2742004394531, 1216.8028564453125], "obj_id": 1}, {"cam_R_m2c": [-0.9170234203338623, -0.03489118441939354, 0.3973040282726288, 0.38991376757621765, -0.28792643547058105, 0.87468022108078, 0.08387572318315506, 0.95701664686203, 0.2776399552822113], "cam_t_m2c": [458.60772705078125, -364.85107421875, 1247.2794189453125], "obj_id": 1}, {"cam_R_m2c": [-0.4329618215560913, -0.8538812398910522, -0.28884357213974, -0.6040130853652954, 0.5126757025718689, -0.6101899743080139, 0.6691128611564636, -0.08972372114658356, -0.7377244234085083], "cam_t_m2c": [477.0043029785156, -401.3814392089844, 1093.0543212890625], "obj_id": 1}, {"cam_R_m2c": [0.3311978280544281, 0.6468518972396851, 0.6869429349899292, 0.8958433866500854, -0.44415923953056335, -0.01367806177586317, 0.2962644100189209, 0.6199234127998352, -0.7265825271606445], "cam_t_m2c": [92.36312103271484, -172.7332763671875, 1301.4150390625], "obj_id": 1}, {"cam_R_m2c": [0.05493791028857231, 0.9979590177536011, -0.03255101665854454, 0.9152534604072571, -0.03730040043592453, 0.4011480212211609, 0.39911511540412903, -0.05183064937591553, -0.9154346585273743], "cam_t_m2c": [517.42919921875, -490.3498229980469, 1119.55615234375], "obj_id": 1}, {"cam_R_m2c": [0.2265785187482834, -0.7568713426589966, 0.6130316257476807, -0.9737378358840942, -0.19042454659938812, 0.12479129433631897, 0.022285381332039833, -0.6252071857452393, -0.7801403403282166], "cam_t_m2c": [258.98138427734375, -155.63388061523438, 1240.1824951171875], "obj_id": 3}, {"cam_R_m2c": [0.7146288752555847, -0.33154064416885376, 0.615943431854248, 0.6787561178207397, 0.1157953143119812, -0.7251767516136169, 0.16910232603549957, 0.9363076090812683, 0.3077859878540039], "cam_t_m2c": [343.0703430175781, -209.37326049804688, 1128.6939697265625], "obj_id": 3}, {"cam_R_m2c": [0.39792972803115845, 0.8523083925247192, -0.3394441306591034, 0.9041988253593445, -0.30178382992744446, 0.30224332213401794, 0.15516579151153564, -0.42719656229019165, -0.8907449841499329], "cam_t_m2c": [201.92970275878906, -349.875244140625, 1136.861328125], "obj_id": 3}, {"cam_R_m2c": [0.46416959166526794, 0.015238081105053425, -0.8856152892112732, -0.5396516919136047, 0.7977167963981628, -0.2691171169281006, 0.7023693323135376, 0.6028397083282471, 0.3784991204738617], "cam_t_m2c": [108.08720397949219, -255.19320678710938, 1095.8065185546875], "obj_id": 1}, {"cam_R_m2c": [-0.40568020939826965, 0.717849612236023, -0.5657874345779419, 0.3467613160610199, -0.45185941457748413, -0.8219364881515503, -0.845683217048645, -0.5296366214752197, -0.06561201810836792], "cam_t_m2c": [358.5743713378906, -297.6123352050781, 1233.478759765625], "obj_id": 3}, {"cam_R_m2c": [-0.5940990447998047, 0.32975831627845764, 0.7336931228637695, -0.7019105553627014, -0.6580305099487305, -0.2726117968559265, 0.39289650321006775, -0.6769454479217529, 0.6223962903022766], "cam_t_m2c": [149.20138549804688, -404.44818115234375, 1164.62060546875], "obj_id": 1}, {"cam_R_m2c": [-0.11298806965351105, -0.7562670111656189, 0.6444329023361206, 0.6385009288787842, 0.4416743516921997, 0.6302700042724609, -0.7612819075584412, 0.48268404603004456, 0.43297332525253296], "cam_t_m2c": [194.04893493652344, -436.7603759765625, 1073.341552734375], "obj_id": 1}, {"cam_R_m2c": [0.2862028479576111, -0.14657530188560486, 0.9468914866447449, 0.23900987207889557, 0.9679124355316162, 0.0775873064994812, -0.9278804063796997, 0.20411072671413422, 0.31205224990844727], "cam_t_m2c": [290.3464660644531, -342.9481506347656, 1308.92724609375], "obj_id": 3}, {"cam_R_m2c": [0.21589970588684082, 0.781255841255188, -0.5856847763061523, 0.1028960719704628, -0.6146959066390991, -0.7820239067077637, -0.9709787964820862, 0.10857409238815308, -0.213100865483284], "cam_t_m2c": [411.8207092285156, -75.9645767211914, 1207.4368896484375], "obj_id": 3}, {"cam_R_m2c": [-0.5527119636535645, -0.7638990879058838, -0.33311784267425537, -0.6780548095703125, 0.6446062922477722, -0.3531634211540222, 0.48451104760169983, 0.03067447803914547, -0.8742470145225525], "cam_t_m2c": [508.04412841796875, -225.0479736328125, 1383.3587646484375], "obj_id": 3}, {"cam_R_m2c": [0.773138165473938, -0.4113287031650543, -0.48276910185813904, 0.6252609491348267, 0.6219267249107361, 0.47144025564193726, 0.10633007436990738, -0.6663451194763184, 0.738023042678833], "cam_t_m2c": [196.57884216308594, -503.05169677734375, 1144.724609375], "obj_id": 1}, {"cam_R_m2c": [-0.482148677110672, -0.443418025970459, -0.7555876970291138, -0.8359293341636658, 0.49097543954849243, 0.24528588354587555, 0.26221078634262085, 0.7498822808265686, -0.6073892116546631], "cam_t_m2c": [345.10430908203125, -325.49896240234375, 1414.532470703125], "obj_id": 1}, {"cam_R_m2c": [0.037801407277584076, 0.8442203998565674, -0.5346614122390747, -0.172552227973938, -0.5214921832084656, -0.8356263041496277, -0.984274685382843, 0.12384480237960815, 0.125959113240242], "cam_t_m2c": [352.8509216308594, -341.1365051269531, 1433.517333984375], "obj_id": 3}, {"cam_R_m2c": [-0.7522160410881042, -0.580865204334259, 0.3110732138156891, -0.014972931705415249, -0.45690786838531494, -0.8893879652023315, 0.6587463617324829, -0.6736696362495422, 0.33499622344970703], "cam_t_m2c": [349.66729736328125, -220.29432678222656, 1196.375732421875], "obj_id": 3}, {"cam_R_m2c": [-0.6111295819282532, 0.22313149273395538, 0.7594293355941772, 0.5046614408493042, -0.629303514957428, 0.5910108685493469, 0.609784722328186, 0.7444389462471008, 0.2719801664352417], "cam_t_m2c": [60.15668869018555, -115.07612609863281, 1277.7032470703125], "obj_id": 3}, {"cam_R_m2c": [0.9278720617294312, 0.30223530530929565, -0.21842002868652344, 0.36376261711120605, -0.6047548055648804, 0.7084830403327942, 0.082038015127182, -0.7368346452713013, -0.6710770130157471], "cam_t_m2c": [263.1899108886719, -91.39376831054688, 1254.7373046875], "obj_id": 3}, {"cam_R_m2c": [0.7275258898735046, 0.5535011291503906, -0.4053919017314911, -0.6232717037200928, 0.7801859378814697, -0.05331271514296532, 0.28677240014076233, 0.2914556860923767, 0.9125871062278748], "cam_t_m2c": [176.98602294921875, -495.4509582519531, 1242.4144287109375], "obj_id": 3}, {"cam_R_m2c": [-0.8569065928459167, 0.2029685527086258, -0.4738296568393707, -0.44390252232551575, -0.7578345537185669, 0.4781601130962372, -0.26203304529190063, 0.6200728416442871, 0.7394919395446777], "cam_t_m2c": [200.6586456298828, -271.91607666015625, 1244.8458251953125], "obj_id": 3}, {"cam_R_m2c": [-0.6589769721031189, 0.7210381627082825, -0.2141336053609848, 0.5378397107124329, 0.25269028544425964, -0.8042860627174377, -0.525811493396759, -0.645175576210022, -0.5543200373649597], "cam_t_m2c": [227.65699768066406, -489.1122131347656, 1100.7674560546875], "obj_id": 3}, {"cam_R_m2c": [0.7071683406829834, -0.5597037076950073, 0.43202394247055054, 0.6114948391914368, 0.7908935546875, 0.02369372919201851, -0.35494643449783325, 0.24742496013641357, 0.901550829410553], "cam_t_m2c": [199.0061492919922, -288.1691589355469, 1407.9005126953125], "obj_id": 1}, {"cam_R_m2c": [-0.9453386664390564, 0.30935025215148926, 0.10313573479652405, -0.2444666475057602, -0.46302053332328796, -0.8519670367240906, -0.21580225229263306, -0.8306107521057129, 0.513337254524231], "cam_t_m2c": [285.96087646484375, -565.716064453125, 1218.994384765625], "obj_id": 3}, {"cam_R_m2c": [-0.5250216126441956, 0.7144870758056641, -0.4624510109424591, -0.5043618679046631, 0.1764805167913437, 0.8452656269073486, 0.6855449080467224, 0.6770251393318176, 0.26770374178886414], "cam_t_m2c": [190.63372802734375, -319.61669921875, 1191.3511962890625], "obj_id": 1}, {"cam_R_m2c": [-0.4077635407447815, 0.6890151500701904, 0.5991552472114563, -0.854445219039917, -0.056568045169115067, -0.5164527297019958, -0.3219507038593292, -0.7225359082221985, 0.6117920875549316], "cam_t_m2c": [251.3407745361328, -104.80653381347656, 1238.769287109375], "obj_id": 3}, {"cam_R_m2c": [0.862645149230957, -0.5057461857795715, -0.00800668727606535, -0.26573655009269714, -0.46661892533302307, 0.8435940146446228, -0.43038052320480347, -0.7255946397781372, -0.5369217991828918], "cam_t_m2c": [262.5489196777344, -302.4250793457031, 1016.7765502929688], "obj_id": 3}, {"cam_R_m2c": [-0.7043956518173218, 0.16608932614326477, 0.6901021003723145, 0.6608450412750244, -0.20138196647167206, 0.7229999899864197, 0.2590567469596863, 0.9653286933898926, 0.0320933572947979], "cam_t_m2c": [270.51318359375, -345.7001953125, 1027.1964111328125], "obj_id": 1}, {"cam_R_m2c": [-0.4188312888145447, -0.21552912890911102, -0.8821152448654175, 0.7302286624908447, -0.6573683023452759, -0.1860988587141037, -0.5397650003433228, -0.722089946269989, 0.4327121376991272], "cam_t_m2c": [476.366