{
  "0": [{"cam_R_m2c": [-0.6379078030586243, 0.439342737197876, -0.6324963569641113, -0.30932721495628357, 0.605964720249176, 0.7328870892524719, 0.7052590847015381, 0.6631627082824707, -0.25064897537231445], "cam_t_m2c": [30.47863006591797, 457.7696838378906, 2539.474609375], "obj_id": 0}, {"cam_R_m2c": [0.49460887908935547, -0.722244381904602, 0.483451247215271, -0.5183864235877991, 0.20132116973400116, 0.8311108946800232, -0.697594165802002, -0.6616894006729126, -0.27482640743255615], "cam_t_m2c": [-992.408203125, 251.55926513671875, 2893.5927734375], "obj_id": 2}, {"cam_R_m2c": [-0.3349175751209259, 0.9422104954719543, 0.00834110751748085, -0.6778080463409424, -0.23476511240005493, -0.6967507600784302, -0.6545276641845703, -0.23900775611400604, 0.7172647714614868], "cam_t_m2c": [-548.08984375, 94.54757690429688, 1915.6370849609375], "obj_id": 0}, {"cam_R_m2c": [0.22628562152385712, 0.11929834634065628, -0.9667277932167053, 0.5674254298210144, -0.8228303790092468, 0.0312785878777504, -0.7917216420173645, -0.5556238889694214, -0.2538875341415405], "cam_t_m2c": [684.6812133789062, 296.6378479003906, 2920.586669921875], "obj_id": 0}, {"cam_R_m2c": [0.055364273488521576, 0.9597001075744629, 0.27551841735839844, -0.652843713760376, 0.2435792237520218, -0.717261552810669, -0.7554665803909302, -0.14015986025333405, 0.6400198340415955], "cam_t_m2c": [292.7234191894531, 147.46656799316406, 2618.22314453125], "obj_id": 0}, {"cam_R_m2c": [-0.7948226928710938, -0.30342793464660645, 0.5255361795425415, 0.5210884809494019, -0.7850923538208008, 0.3348085582256317, 0.3110041916370392, 0.5399643182754517, 0.7821220755577087], "cam_t_m2c": [917.17138671875, -321.39886474609375, 2853.2998046875], "obj_id": 2}, {"cam_R_m2c": [0.9859982132911682, -0.16395963728427887, -0.030410537496209145, 0.05964677780866623, 0.5170668363571167, -0.8538642525672913, 0.15572355687618256, 0.8400947451591492, 0.5196065902709961], "cam_t_m2c": [-913.5028076171875, 468.4925842285156, 2566.464111328125], "obj_id": 1}, {"cam_R_m2c": [-0.43081456422805786, -0.18686974048614502, 0.882880687713623, 0.06094609946012497, 0.9700674414634705, 0.23506315052509308, -0.90038001537323, 0.1550767868757248, -0.4065302014350891], "cam_t_m2c": [-760.896240234375, -152.15652465820312, 3522.658447265625], "obj_id": 1}, {"cam_R_m2c": [-0.11593818664550781, 0.15900550782680511, -0.9804465770721436, 0.5415530204772949, 0.8375948667526245, 0.07179941982030869, 0.8326334953308105, -0.5226395130157471, -0.18321913480758667], "cam_t_m2c": [-321.1802978515625, -26.411771774291992, 3278.655029296875], "obj_id": 2}, {"cam_R_m2c": [-0.47177988290786743, 0.6208149790763855, 0.6261090636253357, 0.25643986463546753, 0.7760172486305237, -0.5762254595756531, -0.8436008095741272, -0.111292265355587, -0.5253110527992249], "cam_t_m2c": [271.04278564453125, 297.6701965332031, 3233.096923828125], "obj_id": 0}, {"cam_R_m2c": [-0.9937937259674072, 0.09791497886180878, 0.05278604105114937, -0.10176850855350494, -0.9918951988220215, -0.0760713741183281, 0.044909700751304626, -0.08097121864557266, 0.995704174041748], "cam_t_m2c": [-657.0011596679688, 541.6798706054688, 2653.910400390625], "obj_id": 1}, {"cam_R_m2c": [-0.3190126419067383, 0.9358207583427429, 0.14990131556987762, 0.5278491377830505, 0.3068011999130249, -0.7919901013374329, -0.7871506810188293, -0.17352959513664246, -0.5918456315994263], "cam_t_m2c": [-356.37255859375, -303.48455810546875, 3024.499755859375], "obj_id": 1}, {"cam_R_m2c": [0.3256237208843231, 0.6078979969024658, 0.7241747975349426, 0.20392006635665894, -0.7930448055267334, 0.5740177631378174, 0.9232473969459534, -0.039239998906850815, -0.3821967542171478], "cam_t_m2c": [9.79883861541748, -330.89190673828125, 3387.762451171875], "obj_id": 1}, {"cam_R_m2c": [-0.28895604610443115, 0.8354881405830383, 0.4674011468887329, -0.8717008233070374, -0.027776598930358887, -0.48925045132637024, -0.39578011631965637, -0.5488058924674988, 0.7363220453262329], "cam_t_m2c": [-605.589111328125, 347.2763366699219, 2207.35546875], "obj_id": 2}, {"cam_R_m2c": [0.8080283403396606, 0.5381284952163696, 0.2398080676794052, -0.5452584624290466, 0.5289245843887329, 0.6503322124481201, 0.22312191128730774, -0.6562442183494568, 0.7208051681518555], "cam_t_m2c": [-1106.2020263671875, -35.83414840698242, 2416.3701171875], "obj_id": 0}, {"cam_R_m2c": [-0.9124213457107544, 0.40924593806266785, -0.002235331805422902, -0.37248796224594116, -0.8281813859939575, 0.418769896030426, 0.16952861845493317, 0.3829272389411926, 0.9080896377563477], "cam_t_m2c": [338.778564453125, -335.9053649902344, 2957.705322265625], "obj_id": 1}, {"cam_R_m2c": [-0.28284165263175964, -0.21822629868984222, 0.9340116381645203, 0.955115556716919, 0.02532288059592247, 0.295149028301239, -0.08806108683347702, 0.9755695462226868, 0.20126906037330627], "cam_t_m2c": [-231.76622009277344, 42.81134796142578, 2220.464111328125], "obj_id": 0}, {"cam_R_m2c": [-0.12715892493724823, 0.969489574432373, -0.20957213640213013, 0.9054859280586243, 0.19970789551734924, 0.3744487762451172, 0.4048773944377899, -0.1421501189470291, -0.9032538533210754], "cam_t_m2c": [-277.54241943359375, 216.78414916992188, 2901.673583984375], "obj_id": 1}, {"cam_R_m2c": [-0.9724826216697693, -0.15537701547145844, -0.17359495162963867, 0.013405772857367992, -0.7812089323997498, 0.6241255402565002, -0.23258870840072632, 0.6046241521835327, 0.7617952823638916], "cam_t_m2c": [488.6664733886719, 212.09048461914062, 2493.715087890625], "obj_id": 2}, {"cam_R_m2c": [0.646992564201355, -0.7485598921775818, 0.14511635899543762, -0.33838599920272827, -0.4524286687374115, -0.8251081109046936, 0.6832975745201111, 0.4847334623336792, -0.5460202097892761], "cam_t_m2c": [-55.976478576660156, -49.038414001464844, 3694.48193359375], "obj_id": 0}, {"cam_R_m2c": [-0.1290404498577118, 0.4402093291282654, -0.8885743021965027, 0.8473682403564453, 0.5143939256668091, 0.13177986443042755, 0.5150879621505737, -0.7359447479248047, -0.43939700722694397], "cam_t_m2c": [25.64100456237793, 634.9130249023438, 2328.282470703125], "obj_id": 1}, {"cam_R_m2c": [0.15033715963363647, -0.8396424055099487, -0.521918773651123, 0.01890023797750473, -0.5253812074661255, 0.8506569266319275, -0.9884540438652039, -0.13774968683719635, -0.06311477720737457], "cam_t_m2c": [27.082578659057617, -52.78271484375, 3100.90576171875], "obj_id": 2}, {"cam_R_m2c": [-0.9814742207527161, 0.07788590341806412, -0.1750488579273224, -0.13033659756183624, 0.3982436954975128, 0.9079726338386536, 0.14043037593364716, 0.9139670133590698, -0.3807145357131958], "cam_t_m2c": [883.6517333984375, 10.407551765441895, 3174.361572265625], "obj_id": 0}, {"cam_R_m2c": [0.40101557970046997, 0.8740856647491455, 0.27415457367897034, 0.7593255639076233, -0.4845793545246124, 0.43428972363471985, 0.5124560594558716, 0.034015629440546036, -0.8580394387245178], "cam_t_m2c": [-513.5943603515625, 283.4300842285156, 2642.4775390625], "obj_id": 0}, {"cam_R_m2c": [-0.23009932041168213, 0.8622134923934937, 0.45126715302467346, 0.9558884501457214, 0.11325225234031677, 0.2710186243057251, 0.18256893754005432, 0.4937223196029663, -0.8502391576766968], "cam_t_m2c": [-2.097691774368286, 0.19653141498565674, 2752.107177734375], "obj_id": 1}, {"cam_R_m2c": [0.31381404399871826, -0.4550780951976776, 0.8333213925361633, 0.07327823340892792, 0.88664710521698, 0.4566040337085724, -0.9466524720191956, -0.08222441375255585, 0.31158962845802307], "cam_t_m2c": [-150.98294067382812, 44.44856643676758, 3281.86181640625], "obj_id": 2}, {"cam_R_m2c": [0.5415511131286621, 0.8315076231956482, 0.12376392632722855, -0.3392908275127411, 0.3508845567703247, -0.8727896213531494, -0.7691580653190613, 0.4306682348251343, 0.47214481234550476], "cam_t_m2c": [-122.21202850341797, 138.4604034423828, 3548.732177734375], "obj_id": 1}, {"cam_R_m2c": [0.17139098048210144, 0.7807952761650085, 0.6008193492889404, -0.4162333905696869, 0.6101301312446594, -0.6741594672203064, -0.8929585218429565, -0.13453622162342072, 0.42956385016441345], "cam_t_m2c": [619.5383911132812, -54.830848693847656, 2476.44091796875], "obj_id": 2}, {"cam_R_m2c": [0.9053570032119751, -0.20533351600170135, 0.3717080354690552, -0.09798407554626465, 0.750693678855896, 0.6533437371253967, -0.4131922721862793, -0.6279308199882507, 0.6595263481140137], "cam_t_m2c": [-616.3650512695312, 327.93585205078125, 3227.969970703125], "obj_id": 0}, {"cam_R_m2c": [-0.36712780594825745, -0.6165679693222046, -0.6964633464813232, -0.3036552369594574, -0.6282845139503479, 0.7162765264511108, -0.8792102932929993, 0.4744497537612915, 0.04343658685684204], "cam_t_m2c": [363.57366943359375, 268.5788879394531, 1975.2225341796875], "obj_id": 1}, {"cam_R_m2c": [-0.49292120337486267, 0.7152460813522339, 0.4954308569431305, -0.7747024893760681, -0.6199899315834045, 0.12429206073284149, 0.39606156945228577, -0.3225453197956085, 0.8597090840339661], "cam_t_m2c": [241.3033447265625, -265.5904235839844, 2481.573974609375], "obj_id": 1}, {"cam_R_m2c": [0.35127466917037964, 0.9352786540985107, 0.043127354234457016, -0.651457667350769, 0.21107318997383118, 0.7287325263023376, 0.672464907169342, -0.2840809226036072, 0.6834390759468079], "cam_t_m2c": [-746.937744140625, 354.6773986816406, 3062.599365234375], "obj_id": 2}, {"cam_R_m2c": [0.6014843583106995, 0.7802838683128357, 0.17138716578483582, 0.602707028388977, -0.3024018108844757, -0.7384424805641174, -0.5243669748306274, 0.5474578738212585, -0.6521725654602051], "cam_t_m2c": [3.605015754699707, 734.41552734375, 1985.6673583984375], "obj_id": 0}, {"cam_R_m2c": [0.8754315376281738, -0.470501571893692, -0.11067012697458267, 0.46965357661247253, 0.7739346027374268, 0.42479491233825684, -0.11421525478363037, -0.4238554835319519, 0.8984995484352112], "cam_t_m2c": [-347.7261657714844, 173.08309936523438, 1932.85302734375], "obj_id": 0}, {"cam_R_m2c": [-0.9058277606964111, 0.02547968551516533, 0.42287880182266235, -0.3983157277107239, -0.3912025988101959, -0.8296414017677307, 0.14429233968257904, -0.9199516773223877, 0.3645113706588745], "cam_t_m2c": [390.58905029296875, 65.05286407470703, 2969.67724609375], "obj_id": 0}, {"cam_R_m2c": [-0.06702321022748947, -0.6910738348960876, 0.7196698188781738, 0.8503796458244324, -0.41684404015541077, -0.32108449935913086, 0.5218832492828369, 0.5904725193977356, 0.6156135201454163], "cam_t_m2c": [-81.54093170166016, -73.38967895507812, 2714.33447265625], "obj_id": 1}, {"cam_R_m2c": [-0.43900352716445923, 0.6579683423042297, 0.6118443608283997, 0.8359171152114868, 0.54877108335495, 0.009637413546442986, -0.32942137122154236, 0.51568204164505, -0.7909194231033325], "cam_t_m2c": [555.3103637695312, 440.7418518066406, 2996.797607421875], "obj_id": 2}, {"cam_R_m2c": [-0.5120019316673279, -0.8496363162994385, -0.12638148665428162, 0.3723331689834595, -0.35210466384887695, 0.8587144017219543, -0.7740944027900696, 0.39260733127593994, 0.49662595987319946], "cam_t_m2c": [-907.5067749023438, 609.5867919921875, 2330.9296875], "obj_id": 0}, {"cam_R_m2c": [0.8449083566665649, -0.28513267636299133, 0.45258060097694397, 0.5181851983070374, 0.6462166905403137, -0.5602571368217468, -0.1327175498008728, 0.7078865170478821, 0.6937454342842102], "cam_t_m2c": [40.93250274658203, -377.45159912109375, 3053.26708984375], "obj_id": 1}, {"cam_R_m2c": [-0.22093215584754944, -0.031919196248054504, -0.974766731262207, -0.97491055727005, -0.020621124655008316, 0.2216399759054184, -0.027175327762961388, 0.9992777109146118, -0.026562524959445], "cam_t_m2c": [791.3110961914062, 251.9832305908203, 2982.402099609375], "obj_id": 0}, {"cam_R_m2c": [0.9392609596252441, -0.282205194234848, 0.1953178197145462, 0.3130428194999695, 0.9377399682998657, -0.15049228072166443, -0.14068762958049774, 0.20249436795711517, 0.9691248536109924], "cam_t_m2c": [-199.51495361328125, 62.15690994262695, 1915.02392578125], "obj_id": 2}, {"cam_R_m2c": [0.3729301393032074, -0.6479820609092712, -0.6641101837158203, 0.16892963647842407, 0.7511987090110779, -0.6380934715270996, 0.9123518466949463, 0.12577639520168304, 0.3896079957485199], "cam_t_m2c": [-86.65216064453125, -655.9679565429688, 3456.161376953125], "obj_id": 1}, {"cam_R_m2c": [0.8549723625183105, 0.4898441433906555, 0.1705137938261032, -0.028102537617087364, 0.37201574444770813, -0.9278009533882141, -0.5179116725921631, 0.7884523272514343, 0.3318290412425995], "cam_t_m2c": [-822.9251098632812, 99.86121368408203, 2985.064208984375], "obj_id": 1}, {"cam_R_m2c": [-0.08873964846134186, -0.9279351234436035, 0.3620242178440094, 0.6289023756980896, 0.22965045273303986, 0.742793619632721, -0.7724032998085022, 0.29359322786331177, 0.5632016062736511], "cam_t_m2c": [-727.7849731445312, -446.91766357421875, 3502.68408203125], "obj_id": 1}, {"cam_R_m2c": [0.871624231338501, 0.43016353249549866, -0.2350117564201355, -0.46334123611450195, 0.566584587097168, -0.6813933253288269, -0.15995648503303528, 0.7028095722198486, 0.6931613683700562], "cam_t_m2c": [465.61004638671875, 209.2433624267578, 2824.284912109375], "obj_id": 1}, {"cam_R_m2c": [-0.03641155734658241, 0.5758643746376038, 0.8167339563369751, -0.7889589667320251, -0.5181868672370911, 0.3301909267902374, 0.6133660674095154, -0.6323468685150146, 0.4732013940811157], "cam_t_m2c": [993.2026977539062, -75.32504272460938, 3149.583984375], "obj_id": 2}, {"cam_R_m2c": [-0.23929744958877563, 0.9548661112785339, -0.17597514390945435, -0.4209951162338257, -0.26535698771476746, -0.8673803210258484, -0.8749284148216248, -0.13347728550434113, 0.4654933512210846], "cam_t_m2c": [174.1562957763672, 44.16701889038086, 2219.22314453125], "obj_id": 0}, {"cam_R_m2c": [0.788262665271759, -0.6115012168884277, 0.06861619651317596, -0.49240946769714355, -0.5599810481071472, 0.6662988066673279, -0.3690187931060791, -0.5590057373046875, -0.7425211071968079], "cam_t_m2c": [276.9501647949219, 321.9088439941406, 2651.447265625], "obj_id": 1}, {"cam_R_m2c": [0.8934972286224365, -0.18730656802654266, -0.40814080834388733, 0.16277554631233215, -0.7119668126106262, 0.6830866932868958, -0.41852933168411255, -0.6767714619636536, -0.6056514382362366], "cam_t_m2c": [-616.9141235351562, 669.1449584960938, 2460.3623046875], "obj_id": 0}, {"cam_R_m2c": [-0.7544757723808289, -0.5985023379325867, 0.26937174797058105, 0.543327271938324, -0.3393099904060364, 0.7678958773612976, -0.36818695068359375, 0.7257159352302551, 0.581183910369873], "cam_t_m2c": [149.8695526123047, 479.4892578125, 2061.355224609375], "obj_id": 0}, {"cam_R_m2c": [-0.44768908619880676, -0.8804782629013062, -0.15598778426647186, 0.5038342475891113, -0.10426604002714157, -0.8574843406677246, 0.7387321591377258, -0.46247851848602295, 0.49029409885406494], "cam_t_m2c": [-602.7352905273438, 486.19940185546875, 2345.6416015625], "obj_id": 2}, {"cam_R_m2c": [-0.4246254861354828, 0.4035305976867676, 0.8104665875434875, -0.7956437468528748, -0.5934823751449585, -0.12136508524417877, 0.43202319741249084, -0.6963774561882019, 0.573074460029602], "cam_t_m2c": [240.52467346191406, -467.1622009277344, 3135.719970703125], "obj_id": 0}, {"cam_R_m2c": [-0.5767531991004944, -0.5621852278709412, 0.5927086472511292, -0.02085050754249096, 0.7354360818862915, 0.6772732734680176, -0.8166523575782776, 0.3782612383365631, -0.435886949300766], "cam_t_m2c": [-638.023681640625, 57.854793548583984, 3291.02978515625], "obj_id": 2}, {"cam_R_m2c": [-0.04848987236618996, 0.9106330871582031, 0.4103606641292572, 0.7261888384819031, 0.31422334909439087, -0.6114844679832458, -0.6857829093933105, 0.26834848523139954, -0.6765282154083252], "cam_t_m2c": [-586.6187744140625, -570.3089599609375, 3342.051025390625], "obj_id": 0}, {"cam_R_m2c": [-0.6851937174797058, -0.7050413489341736, 0.18282826244831085, 0.46071547269821167, -0.6139516830444336, -0.6409403085708618, 0.5641371607780457, -0.35493648052215576, 0.7454993724822998], "cam_t_m2c": [175.5354766845703, 360.3360595703125, 1652.2362060546875], "obj_id": 2}, {"cam_R_m2c": [0.1805981993675232, 0.8388357162475586, 0.5135552287101746, 0.7133771181106567, 0.24774238467216492, -0.6555278897285461, -0.6771095991134644, 0.48474574089050293, -0.5536643862724304], "cam_t_m2c": [-659.0396728515625, -709.1611938476562, 3516.976318359375], "obj_id": 2}, {"cam_R_m2c": [0.32777124643325806, -0.13401195406913757, 0.9352042078971863, -0.8405323028564453, 0.4106016457080841, 0.3534286320209503, -0.431360125541687, -0.901913046836853, 0.021942012012004852], "cam_t_m2c": [500.33587646484375, 104.07096099853516, 2305.57958984375], "obj_id": 0}, {"cam_R_m2c": [-0.4525299370288849, -0.2671249210834503, 0.8508001565933228, 0.3048750162124634, -0.9429336786270142, -0.13389280438423157, 0.8380142450332642, 0.19879721105098724, 0.5081454515457153], "cam_t_m2c": [-496.408447265625, 313.1046447753906, 2926.125732421875], "obj_id": 1}, {"cam_R_m2c": [0.4590182304382324, -0.41426217555999756, -0.7859320044517517, -0.6639230847358704, 0.42787691950798035, -0.6132923364639282, 0.5903459787368774, 0.803310751914978, -0.07863491773605347], "cam_t_m2c": [-665.8236083984375, -41.84611892700195, 2279.700927734375], "obj_id": 1}, {"cam_R_m2c": [-0.8460087180137634, -0.33951443433761597, 0.4110950231552124, -0.46969059109687805, 0.10971015691757202, -0.8759876489639282, 0.2523091733455658, -0.9341806769371033, -0.2522824704647064], "cam_t_m2c": [81.95841217041016, -107.3912353515625, 3429.2998046875], "obj_id": 2}, {"cam_R_m2c": [0.8086785674095154, -0.5844456553459167, -0.06679969280958176, -0.30816444754600525, -0.3241712749004364, -0.8943979740142822, 0.5010724663734436, 0.7438657879829407, -0.44225573539733887], "cam_t_m2c": [277.4129943847656, 124.9399642944336, 3634.62646484375], "obj_id": 1}, {"cam_R_m2c": [0.8117392063140869, -0.43168219923973083, 0.3933573067188263, -0.11019609868526459, 0.5482238531112671, 0.8290400505065918, -0.5735296607017517, -0.7163107395172119, 0.39744508266448975], "cam_t_m2c": [-292.9607238769531, -606.1768798828125, 3201.030029296875], "obj_id": 1}, {"cam_R_m2c": [-0.3895595371723175, 0.8186536431312561, -0.42195913195610046, 0.9026273488998413, 0.43041929602622986, 0.0017470438033342361, 0.18304955959320068, -0.38019129633903503, -0.9066131114959717], "cam_t_m2c": [-257.45184326171875, -206.30709838867188, 3028.03662109375], "obj_id": 0}, {"cam_R_m2c": [0.4073143005371094, -0.9120112061500549, 0.04827575758099556, 0.8475030064582825, 0.39714503288269043, 0.3521568179130554, -0.3403434753417969, -0.10252465307712555, 0.9346951246261597], "cam_t_m2c": [-1234.50439453125, 614.3651123046875, 2543.357177734375], "obj_id": 2}, {"cam_R_m2c": [0.3875446915626526, -0.9217547178268433, 0.013314707204699516, -0.172393336892128, -0.0866549015045166, -0.9812090992927551, 0.9055879712104797, 0.377966970205307, -0.1924869865179062], "cam_t_m2c": [-297.40826416015625, -181.8875274658203, 2396.18994140625], "obj_id": 0}, {"cam_R_m2c": [-0.33358272910118103, -0.8394017219543457, -0.4291003346443176, 0.9372344017028809, -0.24625954031944275, -0.24687588214874268, 0.10155797004699707, -0.48452118039131165, 0.8688642978668213], "cam_t_m2c": [-893.090576171875, 33.5304069519043, 2642.186767578125], "obj_id": 0}, {"cam_R_m2c": [-0.8373261094093323, 0.4900833070278168, 0.2422877848148346, 0.4439068138599396, 0.35078614950180054, 0.8245579600334167, 0.3191108703613281, 0.797977089881897, -0.5112736821174622], "cam_t_m2c": [673.6071166992188, 1.6979501247406006, 3302.20166015625], "obj_id": 2}, {"cam_R_m2c": [-0.5563861131668091, 0.21125902235507965, -0.8036195039749146, 0.6159089803695679, 0.7540435194969177, -0.2281983643770218, 0.557755172252655, -0.6219228506088257, -0.5496556758880615], "cam_t_m2c": [-870.6724853515625, -388.58514404296875, 3028.28662109375], "obj_id": 2}, {"cam_R_m2c": [0.12568040192127228, -0.989368200302124, 0.07317811250686646, 0.977726936340332, 0.11102786660194397, -0.17810901999473572, 0.1680905818939209, 0.09393302351236343, 0.9812859892845154], "cam_t_m2c": [-546.3976440429688, 692.8262939453125, 2412.36865234375], "obj_id": 1}, {"cam_R_m2c": [-0.451084166765213, -0.854309618473053, -0.25822094082832336, 0.5574398636817932, -0.04374361410737038, -0.8290640711784363, 0.6969819068908691, -0.5179203748703003, 0.4959583580493927], "cam_t_m2c": [277.3713684082031, 13.650477409362793, 3558.68359375], "obj_id": 2}, {"cam_R_m2c": [-0.30399537086486816, -0.6144083738327026, 0.7280720472335815, 0.8680980801582336, -0.4934515058994293, -0.053954701870679855, 0.3924185633659363, 0.6156360507011414, 0.6833739280700684], "cam_t_m2c": [-103.0151596069336, 255.4036102294922, 2674.213134765625], "obj_id": 0}, {"cam_R_m2c": [-0.9899801015853882, 0.015399717725813389, 0.14036442339420319, -0.09077034890651703, 0.6920468807220459, -0.7161228060722351, -0.10816685110330582, -0.7216882705688477, -0.6837148070335388], "cam_t_m2c": [633.85791015625, -464.9043884277344, 2997.720703125], "obj_id": 0}, {"cam_R_m2c": [-0.5097784996032715, -0.4682014584541321, 0.721743106842041, -0.7986665368080139, 0.5693924427032471, -0.1947406679391861, -0.3197771906852722, -0.6757067441940308, -0.6642008423805237], "cam_t_m2c": [-203.97006225585938, -64.4495620727539, 3034.120849609375], "obj_id": 2}, {"cam_R_m2c": [-0.912052571773529, -0.28125134110450745, -0.29842492938041687, 0.39699825644493103, -0.42329445481300354, -0.8143794536590576, 0.10272367298603058, -0.8612312078475952, 0.4977233409881592], "cam_t_m2c": [-220.0184326171875, -303.16180419921875, 2744.96484375], "obj_id": 1}, {"cam_R_m2c": [0.662495493888855, -0.07875017821788788, -0.7449148893356323, -0.41475194692611694, 0.7895427346229553, -0.4523307979106903, 0.6237632632255554, 0.6086219549179077, 0.49040669202804565], "cam_t_m2c": [-479.3650817871094, 192.16015625, 1900.6947021484375], "obj_id": 1}, {"cam_R_m2c": [-0.4376385509967804, 0.004699997138231993, 0.8991387486457825, 0.8981189131736755, -0.04561436548829079, 0.4373805820941925, 0.04306931793689728, 0.9989480972290039, 0.01574142836034298], "cam_t_m2c": [-244.2694549560547, -301.0979919433594, 3681.693115234375], "obj_id": 2}, {"cam_R_m2c": [-0.027942107990384102, 0.553155243396759, 0.8326092958450317, -0.9830588102340698, 0.13573643565177917, -0.12316957116127014, -0.18114720284938812, -0.8219456076622009, 0.5399916172027588], "cam_t_m2c": [54.07173538208008, 455.2425537109375, 2370.541259765625], "obj_id": 1}, {"cam_R_m2c": [0.3154774308204651, -0.9278965592384338, -0.1987007111310959, 0.1071149930357933, -0.17323409020900726, 0.9790385365486145, -0.942868173122406, -0.3301483988761902, 0.04474015533924103], "cam_t_m2c": [-597.044921875, 216.45213317871094, 2846.015380859375], "obj_id": 1}, {"cam_R_m2c": [0.06806036084890366, -0.8800449371337891, 0.46998775005340576, -0.88084477186203, 0.16820324957370758, 0.44251549243927, -0.4684869945049286, -0.44410401582717896, -0.7637350559234619], "cam_t_m2c": [88.66735076904297, 383.4920654296875, 3122.013671875], "obj_id": 0}, {"cam_R_m2c": [0.2129703313112259, -0.31579893827438354, 0.9246159195899963, 0.21575424075126648, 0.9381656050682068, 0.27073127031326294, -0.952939510345459, 0.14183209836483002, 0.2679364085197449], "cam_t_m2c": [-853.7899169921875, 413.3671569824219, 2306.707275390625], "obj_id": 1}, {"cam_R_m2c": [-0.923038125038147, -0.3581215739250183, -0.14053185284137726, -0.37204504013061523, 0.7380143404006958, 0.5629540681838989, -0.09789148718118668, 0.5719123482704163, -0.8144527077674866], "cam_t_m2c": [-630.29296875, -62.928958892822266, 3773.21875], "obj_id": 0}, {"cam_R_m2c": [-0.9688568115234375, -0.08500415086746216, 0.23257453739643097, 0.016160938888788223, 0.9155235290527344, 0.4019396901130676, -0.24709400534629822, 0.39318060874938965, -0.8856374621391296], "cam_t_m2c": [-114.85486602783203, 188.66761779785156, 1856.8177490234375], "obj_id": 1}, {"cam_R_m2c": [0.3458070755004883, -0.015143443830311298, 0.9381834268569946, 0.515764594078064, -0.8322010040283203, -0.20353956520557404, 0.7838394641876221, 0.5542672276496887, -0.27997055649757385], "cam_t_m2c": [-386.1516418457031, 177.6534881591797, 2797.1845703125], "obj_id": 2}, {"cam_R_m2c": [0.3133634328842163, 0.26898545026779175, 0.9107415676116943, 0.8007544875144958, 0.4407000243663788, -0.4056793749332428, -0.5104856491088867, 0.85640549659729, -0.0772920474410057], "cam_t_m2c": [304.25885009765625, 708.3719482421875, 1941.2255859375], "obj_id": 2}, {"cam_R_m2c": [0.35901588201522827, 0.39700743556022644, -0.8446849584579468, -0.23121142387390137, -0.8389805555343628, -0.4925979673862457, -0.9042393565177917, 0.37215128540992737, -0.20941464602947235], "cam_t_m2c": [906.033203125, -240.86563110351562, 2986.203857421875], "obj_id": 1}, {"cam_R_m2c": [-0.8207911849021912, 0.45057886838912964, -0.35111337900161743, -0.15869735181331635, 0.41059887409210205, 0.8978996276855469, 0.548741340637207, 0.7927088141441345, -0.26551032066345215], "cam_t_m2c": [546.6246337890625, 99.63091278076172, 2827.3037109375], "obj_id": 0}, {"cam_R_m2c": [0.9688257575035095, -0.21922342479228973, 0.11540233343839645, 0.06056763231754303, -0.24208950996398926, -0.9683615565299988, 0.24022524058818817, 0.9451633095741272, -0.22126470506191254], "cam_t_m2c": [-172.10316467285156, 456.5455322265625, 2608.150146484375], "obj_id": 2}, {"cam_R_m2c": [-0.4266168177127838, 0.22132551670074463, 0.8769339323043823, -0.8992145657539368, 0.00020522857084870338, -0.43750786781311035, -0.09701162576675415, -0.9751999974250793, 0.19893155992031097], "cam_t_m2c": [-798.7493286132812, 64.99589538574219, 3429.77734375], "obj_id": 2}, {"cam_R_m2c": [0.8046360015869141, -0.2619636058807373, 0.5328564047813416, 0.3123660385608673, -0.5764422416687012, -0.7550774216651917, 0.5049636960029602, 0.7740087509155273, -0.3819977045059204], "cam_t_m2c": [-5.021439075469971, -175.3956298828125, 2514.223876953125], "obj_id": 2}, {"cam_R_m2c": [0.8855684995651245, 0.10785987228155136, 0.45181262493133545, -0.42718321084976196, 0.5711230635643005, 0.7009514570236206, -0.1824360489845276, -0.8137472867965698, 0.5518445372581482], "cam_t_m2c": [-743.46044921875, 266.93157958984375, 2628.323974609375], "obj_id": 0}, {"cam_R_m2c": [0.8138031363487244, -0.321431428194046, -0.4841552972793579, 0.2657562494277954, 0.9467359185218811, -0.18183711171150208, 0.5168153643608093, 0.01931232027709484, 0.855879008769989], "cam_t_m2c": [970.3554077148438, 275.3079528808594, 3342.8603515625], "obj_id": 1}, {"cam_R_m2c": [-0.10459008067846298, -0.9441770315170288, 0.31239476799964905, 0.3755810260772705, -0.3283557593822479, -0.8666724562644958, 0.9208689332008362, 0.02668413706123829, 0.3889578580856323], "cam_t_m2c": [-343.7920227050781, -171.5148468017578, 2857.213134765625], "obj_id": 0}, {"cam_R_m2c": [0.6576540470123291, -0.7506876587867737, -0.06292258203029633, -0.22111079096794128, -0.11250878870487213, -0.9687372446060181, 0.720139741897583, 0.6510067582130432, -0.23997698724269867], "cam_t_m2c": [427.6431579589844, 88.33922576904297, 2512.2763671875], "obj_id": 1}, {"cam_R_m2c": [0.2736448645591736, -0.20612548291683197, -0.9394842982292175, -0.8294800519943237, -0.5450449585914612, -0.12201934307813644, -0.4869099259376526, 0.8126734495162964, -0.3201256990432739], "cam_t_m2c": [875.5233154296875, -393.40655517578125, 2730.8271484375], "obj_id": 0}, {"cam_R_m2c": [0.67997145652771, -0.18720442056655884, -0.7089381814002991, 0.3159070611000061, 0.9473171830177307, 0.05284779518842697, 0.6616959571838379, -0.2598935663700104, 0.7032878398895264], "cam_t_m2c": [76.52667236328125, 547.622802734375, 2156.381103515625], "obj_id": 0}, {"cam_R_m2c": [0.9693111777305603, 0.023245977237820625, -0.24473559856414795, 0.039230842143297195, -0.9973883032798767, 0.060643520206213, -0.2426866888999939, -0.06838361918926239, -0.9676915407180786], "cam_t_m2c": [104.46363830566406, -36.2296028137207, 3363.784423828125], "obj_id": 2}, {"cam_R_m2c": [0.5078624486923218, 0.6699774861335754, 0.5414848327636719, 0.861407458782196, -0.40027979016304016, -0.3126550614833832, 0.007273613940924406, 0.6252248883247375, -0.780410647392273], "cam_t_m2c": [-735.4300537109375, -3.0606837272644043, 2485.74853515625], "obj_id": 0}, {"cam_R_m2c": [0.24698270857334137, 0.2153380960226059, -0.9447904229164124, -0.48856058716773987, -0.8143329620361328, -0.31332123279571533, -0.8368440866470337, 0.5389723181724548, -0.09592036157846451], "cam_t_m2c": [-79.92241668701172, 519.6058349609375, 2407.44775390625], "obj_id": 1}, {"cam_R_m2c": [0.9682574272155762, -0.24926260113716125, 0.018594754859805107, -0.0342431403696537, -0.05858998000621796, 0.9976946711540222, -0.24759849905967712, -0.9666619896888733, -0.0652657151222229], "cam_t_m2c": [421.6446228027344, 200.19264221191406, 3468.842529296875], "obj_id": 1}, {"cam_R_m2c": [0.7549731731414795, -0.5525695085525513, -0.3531040549278259, -0.4423348009586334, -0.8266438245773315, 0.3478502333164215, -0.484102725982666, -0.10642736405134201, -0.8685145974159241], "cam_t_m2c": [150.2117919921875, -199.57647705078125, 2805.921142578125], "obj_id": 0}]
}