{
  "0": [{"cam_R_m2c": [0.5180686712265015, -0.20963966846466064, -0.8292503356933594, 0.8370736241340637, 0.3235507607460022, 0.4411605894565582, 0.17581981420516968, -0.9226950407028198, 0.34310534596443176], "cam_t_m2c": [255.05831909179688, 260.9957275390625, 967.146484375], "obj_id": 1}, {"cam_R_m2c": [-0.47409889101982117, 0.44092872738838196, 0.7621102333068848, 0.6460357904434204, -0.4138903319835663, 0.641352117061615, 0.5982206463813782, 0.796414852142334, -0.08863073587417603], "cam_t_m2c": [315.7809753417969, 138.9230194091797, 1072.3538818359375], "obj_id": 0}, {"cam_R_m2c": [0.7068161368370056, -0.7073002457618713, -0.011718382127583027, -0.17689314484596252, -0.19276271760463715, 0.9651690721511841, -0.6849231719970703, -0.6801241040229797, -0.2613643407821655], "cam_t_m2c": [163.22325134277344, 45.815513610839844, 1129.8885498046875], "obj_id": 1}, {"cam_R_m2c": [-0.4084585905075073, 0.6999725103378296, 0.5858325958251953, 0.7106424570083618, -0.1589248776435852, 0.6853684782981873, 0.5728425979614258, 0.6962623000144958, -0.43251585960388184], "cam_t_m2c": [296.523193359375, 186.4182891845703, 953.9258422851562], "obj_id": 0}, {"cam_R_m2c": [-0.5974301099777222, -0.045787956565618515, 0.8006125688552856, 0.5654246807098389, -0.7320148348808289, 0.3800643980503082, 0.5686579942703247, 0.6797481179237366, 0.463217556476593], "cam_t_m2c": [386.62945556640625, 15.03406047821045, 1411.7340087890625], "obj_id": 0}, {"cam_R_m2c": [-0.6369936466217041, -0.2019222378730774, 0.7439531683921814, 0.5491799116134644, -0.7961241006851196, 0.2541409134864807, 0.5409624576568604, 0.5704503059387207, 0.6180177927017212], "cam_t_m2c": [186.9697723388672, 67.50926208496094, 1017.2711791992188], "obj_id": 0}, {"cam_R_m2c": [-0.4980820119380951, -0.6577367186546326, -0.5650634765625, 0.8101338148117065, -0.12061773985624313, -0.5737025737762451, 0.3091885447502136, -0.7435279488563538, 0.5929322242736816], "cam_t_m2c": [-78.55276489257812, -18.185138702392578, 932.6055908203125], "obj_id": 1}, {"cam_R_m2c": [-0.29202666878700256, -0.8573454022407532, -0.4238858222961426, 0.913374125957489, -0.1185457780957222, -0.38947972655296326, 0.28366875648498535, -0.5009048581123352, 0.8176957368850708], "cam_t_m2c": [131.82583618164062, 97.76435852050781, 1047.13427734375], "obj_id": 2}, {"cam_R_m2c": [0.4310098886489868, -0.140332892537117, 0.8913681507110596, -0.8584707379341125, 0.24051526188850403, 0.4529683589935303, -0.27795398235321045, -0.9604473114013672, -0.016807226464152336], "cam_t_m2c": [457.7337646484375, 304.00177001953125, 1001.3361206054688], "obj_id": 1}, {"cam_R_m2c": [-0.8432570099830627, 0.5230951309204102, -0.1236502081155777, -0.38566792011260986, -0.42857998609542847, 0.8170554637908936, 0.3744037449359894, 0.7366755604743958, 0.5631439089775085], "cam_t_m2c": [-39.97669982910156, -12.198412895202637, 914.641357421875], "obj_id": 3}, {"cam_R_m2c": [-0.46158626675605774, -0.33536726236343384, -0.8212592005729675, 0.497487336397171, -0.8643637299537659, 0.07335801422595978, -0.7344686388969421, -0.374705046415329, 0.5658196210861206], "cam_t_m2c": [26.138320922851562, 5.835860252380371, 994.232177734375], "obj_id": 3}],
  "1": [{"cam_R_m2c": [0.5180686712265015, -0.20963966846466064, -0.8292503356933594, 0.8370736241340637, 0.3235507607460022, 0.4411605894565582, 0.17581981420516968, -0.9226950407028198, 0.34310534596443176], "cam_t_m2c": [255.05831909179688, 260.9957275390625, 967.146484375], "obj_id": 1}, {"cam_R_m2c": [-0.47409889101982117, 0.44092872738838196, 0.7621102333068848, 0.6460357904434204, -0.4138903319835663, 0.641352117061615, 0.5982206463813782, 0.796414852142334, -0.08863073587417603], "cam_t_m2c": [315.7809753417969, 138.9230194091797, 1072.3538818359375], "obj_id": 0}, {"cam_R_m2c": [0.7068161368370056, -0.7073002457618713, -0.011718382127583027, -0.17689314484596252, -0.19276271760463715, 0.9651690721511841, -0.6849231719970703, -0.6801241040229797, -0.2613643407821655], "cam_t_m2c": [163.22325134277344, 45.815513610839844, 1129.8885498046875], "obj_id": 1}, {"cam_R_m2c": [-0.4084585905075073, 0.6999725103378296, 0.5858325958251953, 0.7106424570083618, -0.1589248776435852, 0.6853684782981873, 0.5728425979614258, 0.6962623000144958, -0.43251585960388184], "cam_t_m2c": [296.523193359375, 186.4182891845703, 953.9258422851562], "obj_id": 0}, {"cam_R_m2c": [-0.5974301099777222, -0.045787956565618515, 0.8006125688552856, 0.5654246807098389, -0.7320148348808289, 0.3800643980503082, 0.5686579942703247, 0.6797481179237366, 0.463217556476593], "cam_t_m2c": [386.62945556640625, 15.03406047821045, 1411.7340087890625], "obj_id": 0}, {"cam_R_m2c": [-0.6369936466217041, -0.2019222378730774, 0.7439531683921814, 0.5491799116134644, -0.7961241006851196, 0.2541409134864807, 0.5409624576568604, 0.5704503059387207, 0.6180177927017212], "cam_t_m2c": [186.9697723388672, 67.50926208496094, 1017.2711791992188], "obj_id": 0}, {"cam_R_m2c": [-0.4980820119380951, -0.6577367186546326, -0.5650634765625, 0.8101338148117065, -0.12061773985624313, -0.5737025737762451, 0.3091885447502136, -0.7435279488563538, 0.5929322242736816], "cam_t_m2c": [-78.55276489257812, -18.185138702392578, 932.6055908203125], "obj_id": 1}, {"cam_R_m2c": [-0.29202666878700256, -0.8573454022407532, -0.4238858222961426, 0.913374125957489, -0.1185457780957222, -0.38947972655296326, 0.28366875648498535, -0.5009048581123352, 0.8176957368850708], "cam_t_m2c": [131.82583618164062, 97.76435852050781, 1047.13427734375], "obj_id": 2}, {"cam_R_m2c": [0.4310098886489868, -0.140332892537117, 0.8913681507110596, -0.8584707379341125, 0.24051526188850403, 0.4529683589935303, -0.27795398235321045, -0.9604473114013672, -0.016807226464152336], "cam_t_m2c": [457.7337646484375, 304.00177001953125, 1001.3361206054688], "obj_id": 1}, {"cam_R_m2c": [-0.8432570099830627, 0.5230951309204102, -0.1236502081155777, -0.38566792011260986, -0.42857998609542847, 0.8170554637908936, 0.3744037449359894, 0.7366755604743958, 0.5631439089775085], "cam_t_m2c": [-39.97669982910156, -12.198412895202637, 914.641357421875], "obj_id": 3}, {"cam_R_m2c": [-0.46158626675605774, -0.33536726236343384, -0.8212592005729675, 0.497487336397171, -0.8643637299537659, 0.07335801422595978, -0.7344686388969421, -0.374705046415329, 0.5658196210861206], "cam_t_m2c": [26.138320922851562, 5.835860252380371, 994.232177734375], "obj_id": 3}],
  "2": [{"cam_R_m2c": [0.5180686712265015, -0.20963966846466064, -0.8292503356933594, 0.8370736241340637, 0.3235507607460022, 0.4411605894565582, 0.17581981420516968, -0.9226950407028198, 0.34310534596443176], "cam_t_m2c": [255.05831909179688, 260.9957275390625, 967.146484375], "obj_id": 1}, {"cam_R_m2c": [-0.47409889101982117, 0.44092872738838196, 0.7621102333068848, 0.6460357904434204, -0.4138903319835663, 0.641352117061615, 0.5982206463813782, 0.796414852142334, -0.08863073587417603], "cam_t_m2c": [315.7809753417969, 138.9230194091797, 1072.3538818359375], "obj_id": 0}, {"cam_R_m2c": [0.7068161368370056, -0.7073002457618713, -0.011718382127583027, -0.17689314484596252, -0.19276271760463715, 0.9651690721511841, -0.6849231719970703, -0.6801241040229797, -0.2613643407821655], "cam_t_m2c": [163.22325134277344, 45.815513610839844, 1129.8885498046875], "obj_id": 1}, {"cam_R_m2c": [-0.4084585905075073, 0.6999725103378296, 0.5858325958251953, 0.7106424570083618, -0.1589248776435852, 0.6853684782981873, 0.5728425979614258, 0.6962623000144958, -0.43251585960388184], "cam_t_m2c": [296.523193359375, 186.4182891845703, 953.9258422851562], "obj_id": 0}, {"cam_R_m2c": [-0.5974301099777222, -0.045787956565618515, 0.8006125688552856, 0.5654246807098389, -0.7320148348808289, 0.3800643980503082, 0.5686579942703247, 0.6797481179237366, 0.463217556476593], "cam_t_m2c": [386.62945556640625, 15.03406047821045, 1411.7340087890625], "obj_id": 0}, {"cam_R_m2c": [-0.6369936466217041, -0.2019222378730774, 0.7439531683921814, 0.5491799116134644, -0.7961241006851196, 0.2541409134864807, 0.5409624576568604, 0.5704503059387207, 0.6180177927017212], "cam_t_m2c": [186.9697723388672, 67.50926208496094, 1017.2711791992188], "obj_id": 0}, {"cam_R_m2c": [-0.4980820119380951, -0.6577367186546326, -0.5650634765625, 0.8101338148117065, -0.12061773985624313, -0.5737025737762451, 0.3091885447502136, -0.7435279488563538, 0.5929322242736816], "cam_t_m2c": [-78.55276489257812, -18.185138702392578, 932.6055908203125], "obj_id": 1}, {"cam_R_m2c": [-0.29202666878700256, -0.8573454022407532, -0.4238858222961426, 0.913374125957489, -0.1185457780957222, -0.38947972655296326, 0.28366875648498535, -0.5009048581123352, 0.8176957368850708], "cam_t_m2c": [131.82583618164062, 97.76435852050781, 1047.13427734375], "obj_id": 2}, {"cam_R_m2c": [0.4310098886489868, -0.140332892537117, 0.8913681507110596, -0.8584707379341125, 0.24051526188850403, 0.4529683589935303, -0.27795398235321045, -0.9604473114013672, -0.016807226464152336], "cam_t_m2c": [457.7337646484375, 304.00177001953125, 1001.3361206054688], "obj_id": 1}, {"cam_R_m2c": [-0.8432570099830627, 0.5230951309204102, -0.1236502081155777, -0.38566792011260986, -0.42857998609542847, 0.8170554637908936, 0.3744037449359894, 0.7366755604743958, 0.5631439089775085], "cam_t_m2c": [-39.97669982910156, -12.198412895202637, 914.641357421875], "obj_id": 3}, {"cam_R_m2c": [-0.46158626675605774, -0.33536726236343384, -0.8212592005729675, 0.497487336397171, -0.8643637299537659, 0.07335801422595978, -0.7344686388969421, -0.374705046415329, 0.5658196210861206], "cam_t_m2c": [26.138320922851562, 5.835860252380371, 994.232177734375], "obj_id": 3}],
  "3": [{"cam_R_m2c": [0.6103307604789734, -0.023768125101923943, -0.7917900085449219, 0.4469588100910187, -0.8149080276489258, 0.36898869276046753, -0.6540062427520752, -0.5791026949882507, -0.4867400527000427], "cam_t_m2c": [-103.28784942626953, -167.0523223876953, 901.0866088867188], "obj_id": 3}, {"cam_R_m2c": [-0.4404822289943695, -0.7437512874603271, 0.5028014183044434, 0.7670004963874817, -0.6028316617012024, -0.21978206932544708, 0.46656784415245056, 0.28883883357048035, 0.8359943628311157], "cam_t_m2c": [-174.44741821289062, -185.52931213378906, 800.1351928710938], "obj_id": 0}, {"cam_R_m2c": [-0.2041591852903366, 0.18887794017791748, 0.9605435132980347, 0.7761453986167908, -0.5667418837547302, 0.27640846371650696, 0.5965878963470459, 0.8019528985023499, -0.030890971422195435], "cam_t_m2c": [-43.706390380859375, -194.15049743652344, 904.0524291992188], "obj_id": 0}, {"cam_R_m2c": [0.4552592933177948, 0.8710660934448242, -0.18434438109397888, -0.828313946723938, 0.49029332399368286, 0.2711244523525238, 0.32655012607574463, 0.02926309034228325, 0.9447267651557922], "cam_t_m2c": [40.235755920410156, -131.48214721679688, 984.6063232421875], "obj_id": 1}, {"cam_R_m2c": [0.6880331039428711, 0.14162664115428925, -0.7117249369621277, -0.7043260335922241, 0.3664977550506592, -0.6079509258270264, 0.17474356293678284, 0.9195767045021057, 0.3519138991832733], "cam_t_m2c": [-99.01615142822266, -170.27940368652344, 976.6795654296875], "obj_id": 0}, {"cam_R_m2c": [0.5539147257804871, 0.4927491843700409, 0.6711010932922363, -0.3416002094745636, 0.8695917129516602, -0.3565382659435272, -0.7592679262161255, -0.031756479293107986, 0.6500028967857361], "cam_t_m2c": [-69.39029693603516, -108.28321075439453, 850.7064819335938], "obj_id": 0}, {"cam_R_m2c": [0.2764943242073059, -0.6511393785476685, -0.7068015933036804, -0.8504146933555603, -0.5083314776420593, 0.1356247216463089, -0.4476000666618347, 0.5635749101638794, -0.6942892670631409], "cam_t_m2c": [-108.63601684570312, -98.31206512451172, 802.2498779296875], "obj_id": 0}],
  "4": [{"cam_R_m2c": [0.6103307604789734, -0.023768125101923943, -0.7917900085449219, 0.4469588100910187, -0.8149080276489258, 0.36898869276046753, -0.6540062427520752, -0.5791026949882507, -0.4867400527000427], "cam_t_m2c": [-103.28784942626953, -167.0523223876953, 901.0866088867188], "obj_id": 3}, {"cam_R_m2c": [-0.4404822289943695, -0.7437512874603271, 0.5028014183044434, 0.7670004963874817, -0.6028316617012024, -0.21978206932544708, 0.46656784415245056, 0.28883883357048035, 0.8359943628311157], "cam_t_m2c": [-174.44741821289062, -185.52931213378906, 800.1351928710938], "obj_id": 0}, {"cam_R_m2c": [-0.2041591852903366, 0.18887794017791748, 0.9605435132980347, 0.7761453986167908, -0.5667418837547302, 0.27640846371650696, 0.5965878963470459, 0.8019528985023499, -0.030890971422195435], "cam_t_m2c": [-43.706390380859375, -194.15049743652344, 904.0524291992188], "obj_id": 0}, {"cam_R_m2c": [0.4552592933177948, 0.8710660934448242, -0.18434438109397888, -0.828313946723938, 0.49029332399368286, 0.2711244523525238, 0.32655012607574463, 0.02926309034228325, 0.9447267651557922], "cam_t_m2c": [40.235755920410156, -131.48214721679688, 984.6063232421875], "obj_id": 1}, {"cam_R_m2c": [0.6880331039428711, 0.14162664115428925, -0.7117249369621277, -0.7043260335922241, 0.3664977550506592, -0.6079509258270264, 0.17474356293678284, 0.9195767045021057, 0.3519138991832733], "cam_t_m2c": [-99.01615142822266, -170.27940368652344, 976.6795654296875], "obj_id": 0}, {"cam_R_m2c": [0.5539147257804871, 0.4927491843700409, 0.6711010932922363, -0.3416002094745636, 0.8695917129516602, -0.3565382659435272, -0.7592679262161255, -0.031756479293107986, 0.6500028967857361], "cam_t_m2c": [-69.39029693603516, -108.28321075439453, 850.7064819335938], "obj_id": 0}, {"cam_R_m2c": [0.2764943242073059, -0.6511393785476685, -0.7068015933036804, -0.8504146933555603, -0.5083314776420593, 0.1356247216463089, -0.4476000666618347, 0.5635749101638794, -0.6942892670631409], "cam_t_m2c": [-108.63601684570312, -98.31206512451172, 802.2498779296875], "obj_id": 0}]
}