{
  "0": [{"cam_R_m2c": [-0.01893732137978077, -0.42282989621162415, -0.906011164188385, -0.9406549334526062, 0.31463387608528137, -0.12717626988887787, 0.3388357162475586, 0.8498355150222778, -0.40369534492492676], "cam_t_m2c": [-128.18374633789062, 95.11518859863281, 1035.2476806640625], "obj_id": 2}, {"cam_R_m2c": [-0.3678181767463684, -0.928031861782074, 0.05887606739997864, 0.16708676517009735, -0.0036738975904881954, 0.9859352707862854, -0.9147630929946899, 0.37248244881629944, 0.15641330182552338], "cam_t_m2c": [-14.07343578338623, 423.63427734375, 975.7416381835938], "obj_id": 2}, {"cam_R_m2c": [-0.6937073469161987, 0.513400673866272, 0.5051629543304443, -0.38038286566734314, 0.3344341218471527, -0.8622427582740784, -0.611619770526886, -0.7902995944023132, -0.036710474640131], "cam_t_m2c": [106.08428955078125, 213.1941680908203, 1026.240478515625], "obj_id": 2}, {"cam_R_m2c": [0.3741432726383209, -0.9261766672134399, -0.047047264873981476, 0.7056565284729004, 0.31724420189857483, -0.6335651278495789, 0.6017187833786011, 0.20384487509727478, 0.7722575068473816], "cam_t_m2c": [-107.17444610595703, 245.27000427246094, 1074.58837890625], "obj_id": 2}],
  "1": [{"cam_R_m2c": [-0.4857564866542816, -0.8246869444847107, -0.28970998525619507, -0.46880728006362915, -0.03393499553203583, 0.8826482892036438, -0.7377399206161499, 0.5645703673362732, -0.37013500928878784], "cam_t_m2c": [-134.90426635742188, 73.18659973144531, 867.5836181640625], "obj_id": 2}, {"cam_R_m2c": [0.4956473708152771, -0.8553926348686218, 0.15045630931854248, 0.8363795876502991, 0.5167796611785889, 0.18277835845947266, -0.23410001397132874, 0.03524499386548996, 0.9715734720230103], "cam_t_m2c": [57.423709869384766, 121.50663757324219, 1159.6162109375], "obj_id": 2}, {"cam_R_m2c": [-0.06169810891151428, 0.988389790058136, 0.1388484686613083, 0.7503809332847595, 0.1376626193523407, -0.6465116739273071, -0.658119797706604, 0.06430065631866455, -0.7501623630523682], "cam_t_m2c": [44.81999588012695, -66.28121185302734, 998.5445556640625], "obj_id": 2}, {"cam_R_m2c": [-0.052931562066078186, -0.6528280377388, -0.7556544542312622, -0.39340952038764954, 0.7091498970985413, -0.5850943326950073, 0.9178382754325867, 0.2663117051124573, -0.29436519742012024], "cam_t_m2c": [-116.07991790771484, 83.31982421875, 1023.0700073242188], "obj_id": 2}]
}