{
  "0": [{"cam_R_m2c": [-0.34976500272750854, 0.3484976589679718, 0.8696056008338928, -0.4388996958732605, 0.7591109871864319, -0.480746865272522, -0.8276663422584534, -0.5498180389404297, -0.11255495995283127], "cam_t_m2c": [-219.94154357910156, 180.77023315429688, 615.3978881835938], "obj_id": 2}, {"cam_R_m2c": [-0.7677918076515198, 0.20845764875411987, -0.6058390140533447, -0.2326505035161972, 0.7903363704681396, 0.5667822360992432, 0.5969666838645935, 0.576119601726532, -0.5583159923553467], "cam_t_m2c": [3.4782989025115967, -23.598758697509766, 665.3469848632812], "obj_id": 3}, {"cam_R_m2c": [-0.6617580652236938, -0.026226487010717392, 0.7492587566375732, 0.7260000705718994, 0.22696948051452637, 0.6491601467132568, -0.1870841085910797, 0.9735487699508667, -0.13115857541561127], "cam_t_m2c": [29.360546112060547, -90.02719116210938, 687.3518676757812], "obj_id": 3}, {"cam_R_m2c": [0.9413439035415649, -0.3066912889480591, -0.14075542986392975, 0.32525256276130676, 0.9357490539550781, 0.13632485270500183, 0.0899021252989769, -0.17410963773727417, 0.9806138277053833], "cam_t_m2c": [-35.54111099243164, 158.4185028076172, 640.3651733398438], "obj_id": 1}, {"cam_R_m2c": [0.8652712106704712, 0.16596639156341553, 0.4730336666107178, -0.2975747585296631, 0.9294218420982361, 0.21822986006736755, -0.4034290313720703, -0.32959088683128357, 0.8535894155502319], "cam_t_m2c": [-218.57130432128906, 130.74737548828125, 738.6004028320312], "obj_id": 1}, {"cam_R_m2c": [-0.9681237936019897, 0.2450960874557495, 0.05161340534687042, -0.10051944106817245, -0.5689321756362915, 0.8162180185317993, 0.2294163852930069, 0.7850120663642883, 0.5754339098930359], "cam_t_m2c": [-87.52618408203125, 274.16168212890625, 485.232666015625], "obj_id": 3}, {"cam_R_m2c": [0.29811525344848633, -0.5523911714553833, -0.7784544229507446, 0.5510457158088684, 0.7655102014541626, -0.33217868208885193, 0.7794073820114136, -0.3299364745616913, 0.5326030850410461], "cam_t_m2c": [-21.355180740356445, -54.1867790222168, 718.6738891601562], "obj_id": 1}],
  "1": [{"cam_R_m2c": [-0.34976500272750854, 0.3484976589679718, 0.8696056008338928, -0.4388996958732605, 0.7591109871864319, -0.480746865272522, -0.8276663422584534, -0.5498180389404297, -0.11255495995283127], "cam_t_m2c": [-219.94154357910156, 180.77023315429688, 615.3978881835938], "obj_id": 2}, {"cam_R_m2c": [-0.7677918076515198, 0.20845764875411987, -0.6058390140533447, -0.2326505035161972, 0.7903363704681396, 0.5667822360992432, 0.5969666838645935, 0.576119601726532, -0.5583159923553467], "cam_t_m2c": [3.4782989025115967, -23.598758697509766, 665.3469848632812], "obj_id": 3}, {"cam_R_m2c": [-0.6617580652236938, -0.026226487010717392, 0.7492587566375732, 0.7260000705718994, 0.22696948051452637, 0.6491601467132568, -0.1870841085910797, 0.9735487699508667, -0.13115857541561127], "cam_t_m2c": [29.360546112060547, -90.02719116210938, 687.3518676757812], "obj_id": 3}, {"cam_R_m2c": [0.9413439035415649, -0.3066912889480591, -0.14075542986392975, 0.32525256276130676, 0.9357490539550781, 0.13632485270500183, 0.0899021252989769, -0.17410963773727417, 0.9806138277053833], "cam_t_m2c": [-35.54111099243164, 158.4185028076172, 640.3651733398438], "obj_id": 1}, {"cam_R_m2c": [0.8652712106704712, 0.16596639156341553, 0.4730336666107178, -0.2975747585296631, 0.9294218420982361, 0.21822986006736755, -0.4034290313720703, -0.32959088683128357, 0.8535894155502319], "cam_t_m2c": [-218.57130432128906, 130.74737548828125, 738.6004028320312], "obj_id": 1}, {"cam_R_m2c": [-0.9681237936019897, 0.2450960874557495, 0.05161340534687042, -0.10051944106817245, -0.5689321756362915, 0.8162180185317993, 0.2294163852930069, 0.7850120663642883, 0.5754339098930359], "cam_t_m2c": [-87.52618408203125, 274.16168212890625, 485.232666015625], "obj_id": 3}, {"cam_R_m2c": [0.29811525344848633, -0.5523911714553833, -0.7784544229507446, 0.5510457158088684, 0.7655102014541626, -0.33217868208885193, 0.7794073820114136, -0.3299364745616913, 0.5326030850410461], "cam_t_m2c": [-21.355180740356445, -54.1867790222168, 718.6738891601562], "obj_id": 1}],
  "2": [{"cam_R_m2c": [-0.34976500272750854, 0.3484976589679718, 0.8696056008338928, -0.4388996958732605, 0.7591109871864319, -0.480746865272522, -0.8276663422584534, -0.5498180389404297, -0.11255495995283127], "cam_t_m2c": [-219.94154357910156, 180.77023315429688, 615.3978881835938], "obj_id": 2}, {"cam_R_m2c": [-0.7677918076515198, 0.20845764875411987, -0.6058390140533447, -0.2326505035161972, 0.7903363704681396, 0.5667822360992432, 0.5969666838645935, 0.576119601726532, -0.5583159923553467], "cam_t_m2c": [3.4782989025115967, -23.598758697509766, 665.3469848632812], "obj_id": 3}, {"cam_R_m2c": [-0.6617580652236938, -0.026226487010717392, 0.7492587566375732, 0.7260000705718994, 0.22696948051452637, 0.6491601467132568, -0.1870841085910797, 0.9735487699508667, -0.13115857541561127], "cam_t_m2c": [29.360546112060547, -90.02719116210938, 687.3518676757812], "obj_id": 3}, {"cam_R_m2c": [0.9413439035415649, -0.3066912889480591, -0.14075542986392975, 0.32525256276130676, 0.9357490539550781, 0.13632485270500183, 0.0899021252989769, -0.17410963773727417, 0.9806138277053833], "cam_t_m2c": [-35.54111099243164, 158.4185028076172, 640.3651733398438], "obj_id": 1}, {"cam_R_m2c": [0.8652712106704712, 0.16596639156341553, 0.4730336666107178, -0.2975747585296631, 0.9294218420982361, 0.21822986006736755, -0.4034290313720703, -0.32959088683128357, 0.8535894155502319], "cam_t_m2c": [-218.57130432128906, 130.74737548828125, 738.6004028320312], "obj_id": 1}, {"cam_R_m2c": [-0.9681237936019897, 0.2450960874557495, 0.05161340534687042, -0.10051944106817245, -0.5689321756362915, 0.8162180185317993, 0.2294163852930069, 0.7850120663642883, 0.5754339098930359], "cam_t_m2c": [-87.52618408203125, 274.16168212890625, 485.232666015625], "obj_id": 3}, {"cam_R_m2c": [0.29811525344848633, -0.5523911714553833, -0.7784544229507446, 0.5510457158088684, 0.7655102014541626, -0.33217868208885193, 0.7794073820114136, -0.3299364745616913, 0.5326030850410461], "cam_t_m2c": [-21.355180740356445, -54.1867790222168, 718.6738891601562], "obj_id": 1}],
  "3": [{"cam_R_m2c": [-0.34976500272750854, 0.3484976589679718, 0.8696056008338928, -0.4388996958732605, 0.7591109871864319, -0.480746865272522, -0.8276663422584534, -0.5498180389404297, -0.11255495995283127], "cam_t_m2c": [-219.94154357910156, 180.77023315429688, 615.3978881835938], "obj_id": 2}, {"cam_R_m2c": [-0.7677918076515198, 0.20845764875411987, -0.6058390140533447, -0.2326505035161972, 0.7903363704681396, 0.5667822360992432, 0.5969666838645935, 0.576119601726532, -0.5583159923553467], "cam_t_m2c": [3.4782989025115967, -23.598758697509766, 665.3469848632812], "obj_id": 3}, {"cam_R_m2c": [-0.6617580652236938, -0.026226487010717392, 0.7492587566375732, 0.7260000705718994, 0.22696948051452637, 0.6491601467132568, -0.1870841085910797, 0.9735487699508667, -0.13115857541561127], "cam_t_m2c": [29.360546112060547, -90.02719116210938, 687.3518676757812], "obj_id": 3}, {"cam_R_m2c": [0.9413439035415649, -0.3066912889480591, -0.14075542986392975, 0.32525256276130676, 0.9357490539550781, 0.13632485270500183, 0.0899021252989769, -0.17410963773727417, 0.9806138277053833], "cam_t_m2c": [-35.54111099243164, 158.4185028076172, 640.3651733398438], "obj_id": 1}, {"cam_R_m2c": [0.8652712106704712, 0.16596639156341553, 0.4730336666107178, -0.2975747585296631, 0.9294218420982361, 0.21822986006736755, -0.4034290313720703, -0.32959088683128357, 0.8535894155502319], "cam_t_m2c": [-218.57130432128906, 130.74737548828125, 738.6004028320312], "obj_id": 1}, {"cam_R_m2c": [-0.9681237936019897, 0.2450960874557495, 0.05161340534687042, -0.10051944106817245, -0.5689321756362915, 0.8162180185317993, 0.2294163852930069, 0.7850120663642883, 0.5754339098930359], "cam_t_m2c": [-87.52618408203125, 274.16168212890625, 485.232666015625], "obj_id": 3}, {"cam_R_m2c": [0.29811525344848633, -0.5523911714553833, -0.7784544229507446, 0.5510457158088684, 0.7655102014541626, -0.33217868208885193, 0.7794073820114136, -0.3299364745616913, 0.5326030850410461], "cam_t_m2c": [-21.355180740356445, -54.1867790222168, 718.6738891601562], "obj_id": 1}],
  "4": [{"cam_R_m2c": [-0.34976500272750854, 0.3484976589679718, 0.8696056008338928, -0.4388996958732605, 0.7591109871864319, -0.480746865272522, -0.8276663422584534, -0.5498180389404297, -0.11255495995283127], "cam_t_m2c": [-219.94154357910156, 180.77023315429688, 615.3978881835938], "obj_id": 2}, {"cam_R_m2c": [-0.7677918076515198, 0.20845764875411987, -0.6058390140533447, -0.2326505035161972, 0.7903363704681396, 0.5667822360992432, 0.5969666838645935, 0.576119601726532, -0.5583159923553467], "cam_t_m2c": [3.4782989025115967, -23.598758697509766, 665.3469848632812], "obj_id": 3}, {"cam_R_m2c": [-0.6617580652236938, -0.026226487010717392, 0.7492587566375732, 0.7260000705718994, 0.22696948051452637, 0.6491601467132568, -0.1870841085910797, 0.9735487699508667, -0.13115857541561127], "cam_t_m2c": [29.360546112060547, -90.02719116210938, 687.3518676757812], "obj_id": 3}, {"cam_R_m2c": [0.9413439035415649, -0.3066912889480591, -0.14075542986392975, 0.32525256276130676, 0.9357490539550781, 0.13632485270500183, 0.0899021252989769, -0.17410963773727417, 0.9806138277053833], "cam_t_m2c": [-35.54111099243164, 158.4185028076172, 640.3651733398438], "obj_id": 1}, {"cam_R_m2c": [0.8652712106704712, 0.16596639156341553, 0.4730336666107178, -0.2975747585296631, 0.9294218420982361, 0.21822986006736755, -0.4034290313720703, -0.32959088683128357, 0.8535894155502319], "cam_t_m2c": [-218.57130432128906, 130.74737548828125, 738.6004028320312], "obj_id": 1}, {"cam_R_m2c": [-0.9681237936019897, 0.2450960874557495, 0.05161340534687042, -0.10051944106817245, -0.5689321756362915, 0.8162180185317993, 0.2294163852930069, 0.7850120663642883, 0.5754339098930359], "cam_t_m2c": [-87.52618408203125, 274.16168212890625, 485.232666015625], "obj_id": 3}, {"cam_R_m2c": [0.29811525344848633, -0.5523911714553833, -0.7784544229507446, 0.5510457158088684, 0.7655102014541626, -0.33217868208885193, 0.7794073820114136, -0.3299364745616913, 0.5326030850410461], "cam_t_m2c": [-21.355180740356445, -54.1867790222168, 718.6738891601562], "obj_id": 1}]
}