{
  "0": [{"cam_R_m2c": [0.3801041543483734, -0.924702525138855, 0.021121643483638763, -0.7926375269889832, -0.3374174237251282, -0.5078141689300537, 0.47670385241508484, 0.17628048360347748, -0.8612077236175537], "cam_t_m2c": [-172.3058319091797, -100.56925964355469, 347.57476806640625], "obj_id": 3}, {"cam_R_m2c": [0.3801041543483734, -0.924702525138855, 0.021121643483638763, -0.7926375269889832, -0.3374174237251282, -0.5078141689300537, 0.47670385241508484, 0.17628048360347748, -0.8612077236175537], "cam_t_m2c": [-172.3058319091797, -100.56925964355469, 347.57476806640625], "obj_id": 2}, {"cam_R_m2c": [0.3801041543483734, -0.924702525138855, 0.021121643483638763, -0.7926375269889832, -0.3374174237251282, -0.5078141689300537, 0.47670385241508484, 0.17628048360347748, -0.8612077236175537], "cam_t_m2c": [-172.3058319091797, -100.56925964355469, 347.57476806640625], "obj_id": 1}, {"cam_R_m2c": [0.3801041543483734, -0.924702525138855, 0.021121643483638763, -0.7926375269889832, -0.3374174237251282, -0.5078141689300537, 0.47670385241508484, 0.17628048360347748, -0.8612077236175537], "cam_t_m2c": [-172.3058319091797, -100.56925964355469, 347.57476806640625], "obj_id": 2}, {"cam_R_m2c": [0.3801041543483734, -0.924702525138855, 0.021121643483638763, -0.7926375269889832, -0.3374174237251282, -0.5078141689300537, 0.47670385241508484, 0.17628048360347748, -0.8612077236175537], "cam_t_m2c": [-172.3058319091797, -100.56925964355469, 347.57476806640625], "obj_id": 2}, {"cam_R_m2c": [0.3801041543483734, -0.924702525138855, 0.021121643483638763, -0.7926375269889832, -0.3374174237251282, -0.5078141689300537, 0.47670385241508484, 0.17628048360347748, -0.8612077236175537], "cam_t_m2c": [-172.3058319091797, -100.56925964355469, 347.57476806640625], "obj_id": 2}, {"cam_R_m2c": [0.3801041543483734, -0.924702525138855, 0.021121643483638763, -0.7926375269889832, -0.3374174237251282, -0.5078141689300537, 0.47670385241508484, 0.17628048360347748, -0.8612077236175537], "cam_t_m2c": [-172.3058319091797, -100.56925964355469, 347.57476806640625], "obj_id": 2}, {"cam_R_m2c": [0.3801041543483734, -0.924702525138855, 0.021121643483638763, -0.7926375269889832, -0.3374174237251282, -0.5078141689300537, 0.47670385241508484, 0.17628048360347748, -0.8612077236175537], "cam_t_m2c": [-172.3058319091797, -100.56925964355469, 347.57476806640625], "obj_id": 1}, {"cam_R_m2c": [0.3801041543483734, -0.924702525138855, 0.021121643483638763, -0.7926375269889832, -0.3374174237251282, -0.5078141689300537, 0.47670385241508484, 0.17628048360347748, -0.8612077236175537], "cam_t_m2c": [-172.3058319091797, -100.56925964355469, 347.57476806640625], "obj_id": 0}, {"cam_R_m2c": [0.3801041543483734, -0.924702525138855, 0.021121643483638763, -0.7926375269889832, -0.3374174237251282, -0.5078141689300537, 0.47670385241508484, 0.17628048360347748, -0.8612077236175537], "cam_t_m2c": [-172.3058319091797, -100.56925964355469, 347.57476806640625], "obj_id": 3}, {"cam_R_m2c": [0.3801041543483734, -0.924702525138855, 0.021121643483638763, -0.7926375269889832, -0.3374174237251282, -0.5078141689300537, 0.47670385241508484, 0.17628048360347748, -0.8612077236175537], "cam_t_m2c": [-172.3058319091797, -100.56925964355469, 347.57476806640625], "obj_id": 2}, {"cam_R_m2c": [0.3801041543483734, -0.924702525138855, 0.021121643483638763, -0.7926375269889832, -0.3374174237251282, -0.5078141689300537, 0.47670385241508484, 0.17628048360347748, -0.8612077236175537], "cam_t_m2c": [-172.3058319091797, -100.56925964355469, 347.57476806640625], "obj_id": 0}, {"cam_R_m2c": [0.3801041543483734, -0.924702525138855, 0.021121643483638763, -0.7926375269889832, -0.3374174237251282, -0.5078141689300537, 0.47670385241508484, 0.17628048360347748, -0.8612077236175537], "cam_t_m2c": [-172.3058319091797, -100.56925964355469, 347.57476806640625], "obj_id": 1}, {"cam_R_m2c": [0.3801041543483734, -0.924702525138855, 0.021121643483638763, -0.7926375269889832, -0.3374174237251282, -0.5078141689300537, 0.47670385241508484, 0.17628048360347748, -0.8612077236175537], "cam_t_m2c": [-172.3058319091797, -100.56925964355469, 347.57476806640625], "obj_id": 2}, {"cam_R_m2c": [0.3801041543483734, -0.924702525138855, 0.021121643483638763, -0.7926375269889832, -0.3374174237251282, -0.5078141689300537, 0.47670385241508484, 0.17628048360347748, -0.8612077236175537], "cam_t_m2c": [-172.3058319091797, -100.56925964355469, 347.57476806640625], "obj_id": 1}, {"cam_R_m2c": [0.3801041543483734, -0.924702525138855, 0.021121643483638763, -0.7926375269889832, -0.3374174237251282, -0.5078141689300537, 0.47670385241508484, 0.17628048360347748, -0.8612077236175537], "cam_t_m2c": [-172.3058319091797, -100.56925964355469, 347.57476806640625], "obj_id": 2}, {"cam_R_m2c": [0.3801041543483734, -0.924702525138855, 0.021121643483638763, -0.7926375269889832, -0.3374174237251282, -0.5078141689300537, 0.47670385241508484, 0.17628048360347748, -0.8612077236175537], "cam_t_m2c": [-172.3058319091797, -100.56925964355469, 347.57476806640625], "obj_id": 0}, {"cam_R_m2c": [0.3801041543483734, -0.924702525138855, 0.021121643483638763, -0.7926375269889832, -0.3374174237251282, -0.5078141689300537, 0.47670385241508484, 0.17628048360347748, -0.8612077236175537], "cam_t_m2c": [-172.3058319091797, -100.56925964355469, 347.57476806640625], "obj_id": 2}, {"cam_R_m2c": [0.3801041543483734, -0.924702525138855, 0.021121643483638763, -0.7926375269889832, -0.3374174237251282, -0.5078141689300537, 0.47670385241508484, 0.17628048360347748, -0.8612077236175537], "cam_t_m2c": [-172.3058319091797, -100.56925964355469, 347.57476806640625], "obj_id": 3}, {"cam_R_m2c": [0.3801041543483734, -0.924702525138855, 0.021121643483638763, -0.7926375269889832, -0.3374174237251282, -0.5078141689300537, 0.47670385241508484, 0.17628048360347748, -0.8612077236175537], "cam_t_m2c": [-172.3058319091797, -100.56925964355469, 347.57476806640625], "obj_id": 2}, {"cam_R_m2c": [0.3801041543483734, -0.924702525138855, 0.021121643483638763, -0.7926375269889832, -0.3374174237251282, -0.5078141689300537, 0.47670385241508484, 0.17628048360347748, -0.8612077236175537], "cam_t_m2c": [-172.3058319091797, -100.56925964355469, 347.57476806640625], "obj_id": 2}, {"cam_R_m2c": [0.3801041543483734, -0.924702525138855, 0.021121643483638763, -0.7926375269889832, -0.3374174237251282, -0.5078141689300537, 0.47670385241508484, 0.17628048360347748, -0.8612077236175537], "cam_t_m2c": [-172.3058319091797, -100.56925964355469, 347.57476806640625], "obj_id": 2}, {"cam_R_m2c": [0.3801041543483734, -0.924702525138855, 0.021121643483638763, -0.7926375269889832, -0.3374174237251282, -0.5078141689300537, 0.47670385241508484, 0.17628048360347748, -0.8612077236175537], "cam_t_m2c": [-172.3058319091797, -100.56925964355469, 347.57476806640625], "obj_id": 3}, {"cam_R_m2c": [0.3801041543483734, -0.924702525138855, 0.021121643483638763, -0.7926375269889832, -0.3374174237251282, -0.5078141689300537, 0.47670385241508484, 0.17628048360347748, -0.8612077236175537], "cam_t_m2c": [-172.3058319091797, -100.56925964355469, 347.57476806640625], "obj_id": 0}, {"cam_R_m2c": [-0.32771268486976624, 0.8510844111442566, 0.4101945161819458, 0.8526509404182434, 0.07942410558462143, 0.5164088010787964, 0.4069281816482544, 0.5189865231513977, -0.7517061233520508], "cam_t_m2c": [-228.50975036621094, 428.7707214355469, -23.989036560058594], "obj_id": 0}, {"cam_R_m2c": [-0.7678613662719727, -0.5867835283279419, -0.2570483982563019, -0.6404129862785339, 0.6930136680603027, 0.33106380701065063, -0.016124768182635307, 0.4188282787799835, -0.9079222083091736], "cam_t_m2c": [-327.3855895996094, 92.59326171875, 238.20355224609375], "obj_id": 0}, {"cam_R_m2c": [0.8480414748191833, -0.2794741988182068, -0.4502441883087158, 0.21125376224517822, 0.9574898481369019, -0.19643066823482513, 0.48600155115127563, 0.07146555930376053, 0.8710311055183411], "cam_t_m2c": [-68.2831039428711, -90.62705993652344, 344.8536376953125], "obj_id": 1}, {"cam_R_m2c": [-0.07226848602294922, -0.9811705946922302, -0.17911307513713837, 0.12326815724372864, -0.18699237704277039, 0.9745967388153076, -0.9897384643554688, 0.04835369810461998, 0.13446076214313507], "cam_t_m2c": [-50.9156379699707, 69.77579498291016, 192.04928588867188], "obj_id": 3}, {"cam_R_m2c": [-0.9246888160705566, -0.14996105432510376, 0.34994664788246155, -0.032214000821113586, 0.9466816782951355, 0.3205559253692627, -0.3793589770793915, 0.2851412296295166, -0.8802167773246765], "cam_t_m2c": [-217.1549530029297, 31.441524505615234, 278.2801208496094], "obj_id": 0}, {"cam_R_m2c": [-0.032522499561309814, 0.3987027704715729, 0.916503369808197, -0.1300857961177826, -0.9108768701553345, 0.39163893461227417, 0.9909692406654358, -0.10648699104785919, 0.08148954063653946], "cam_t_m2c": [-87.20262908935547, 112.1485366821289, 213.6547088623047], "obj_id": 3}, {"cam_R_m2c": [0.23026522994041443, 0.5523891448974609, 0.8011518120765686, -0.0829656720161438, -0.809133768081665, 0.5817384123802185, 0.9695848226547241, -0.2004222571849823, -0.14048615097999573], "cam_t_m2c": [-100.66281127929688, 74.59666442871094, 236.74591064453125], "obj_id": 3}, {"cam_R_m2c": [0.17297805845737457, -0.3431849479675293, -0.923202395439148, 0.9742434620857239, 0.19729366898536682, 0.1092008724808693, 0.14466586709022522, -0.9183132648468018, 0.36847320199012756], "cam_t_m2c": [-423.2065734863281, -20.624414443969727, 305.3137512207031], "obj_id": 2}],
  "1": [{"cam_R_m2c": [-0.9992354512214661, 0.035988662391901016, -0.015281610190868378, 0.03878491744399071, 0.8629491329193115, -0.5038000345230103, -0.004943836014717817, -0.5040075182914734, -0.8636852502822876], "cam_t_m2c": [-133.7506561279297, 153.79611206054688, 200.88526916503906], "obj_id": 3}, {"cam_R_m2c": [-0.9992354512214661, 0.035988662391901016, -0.015281610190868378, 0.03878491744399071, 0.8629491329193115, -0.5038000345230103, -0.004943836014717817, -0.5040075182914734, -0.8636852502822876], "cam_t_m2c": [-133.7506561279297, 153.79611206054688, 200.88526916503906], "obj_id": 2}, {"cam_R_m2c": [-0.9992354512214661, 0.035988662391901016, -0.015281610190868378, 0.03878491744399071, 0.8629491329193115, -0.5038000345230103, -0.004943836014717817, -0.5040075182914734, -0.8636852502822876], "cam_t_m2c": [-133.7506561279297, 153.79611206054688, 200.88526916503906], "obj_id": 1}, {"cam_R_m2c": [-0.9992354512214661, 0.035988662391901016, -0.015281610190868378, 0.03878491744399071, 0.8629491329193115, -0.5038000345230103, -0.004943836014717817, -0.5040075182914734, -0.8636852502822876], "cam_t_m2c": [-133.7506561279297, 153.79611206054688, 200.88526916503906], "obj_id": 2}, {"cam_R_m2c": [-0.9992354512214661, 0.035988662391901016, -0.015281610190868378, 0.03878491744399071, 0.8629491329193115, -0.5038000345230103, -0.004943836014717817, -0.5040075182914734, -0.8636852502822876], "cam_t_m2c": [-133.7506561279297, 153.79611206054688, 200.88526916503906], "obj_id": 2}, {"cam_R_m2c": [-0.9992354512214661, 0.035988662391901016, -0.015281610190868378, 0.03878491744399071, 0.8629491329193115, -0.5038000345230103, -0.004943836014717817, -0.5040075182914734, -0.8636852502822876], "cam_t_m2c": [-133.7506561279297, 153.79611206054688, 200.88526916503906], "obj_id": 2}, {"cam_R_m2c": [-0.9992354512214661, 0.035988662391901016, -0.015281610190868378, 0.03878491744399071, 0.8629491329193115, -0.5038000345230103, -0.004943836014717817, -0.5040075182914734, -0.8636852502822876], "cam_t_m2c": [-133.7506561279297, 153.79611206054688, 200.88526916503906], "obj_id": 2}, {"cam_R_m2c": [-0.9992354512214661, 0.035988662391901016, -0.015281610190868378, 0.03878491744399071, 0.8629491329193115, -0.5038000345230103, -0.004943836014717817, -0.5040075182914734, -0.8636852502822876], "cam_t_m2c": [-133.7506561279297, 153.79611206054688, 200.88526916503906], "obj_id": 1}, {"cam_R_m2c": [-0.9992354512214661, 0.035988662391901016, -0.015281610190868378, 0.03878491744399071, 0.8629491329193115, -0.5038000345230103, -0.004943836014717817, -0.5040075182914734, -0.8636852502822876], "cam_t_m2c": [-133.7506561279297, 153.79611206054688, 200.88526916503906], "obj_id": 0}, {"cam_R_m2c": [-0.9992354512214661, 0.035988662391901016, -0.015281610190868378, 0.03878491744399071, 0.8629491329193115, -0.5038000345230103, -0.004943836014717817, -0.5040075182914734, -0.8636852502822876], "cam_t_m2c": [-133.7506561279297, 153.79611206054688, 200.88526916503906], "obj_id": 3}, {"cam_R_m2c": [-0.9992354512214661, 0.035988662391901016, -0.015281610190868378, 0.03878491744399071, 0.8629491329193115, -0.5038000345230103, -0.004943836014717817, -0.5040075182914734, -0.8636852502822876], "cam_t_m2c": [-133.7506561279297, 153.79611206054688, 200.88526916503906], "obj_id": 2}, {"cam_R_m2c": [-0.9992354512214661, 0.035988662391901016, -0.015281610190868378, 0.03878491744399071, 0.8629491329193115, -0.5038000345230103, -0.004943836014717817, -0.5040075182914734, -0.8636852502822876], "cam_t_m2c": [-133.7506561279297, 153.79611206054688, 200.88526916503906], "obj_id": 0}, {"cam_R_m2c": [-0.9992354512214661, 0.035988662391901016, -0.015281610190868378, 0.03878491744399071, 0.8629491329193115, -0.5038000345230103, -0.004943836014717817, -0.5040075182914734, -0.8636852502822876], "cam_t_m2c": [-133.7506561279297, 153.79611206054688, 200.88526916503906], "obj_id": 1}, {"cam_R_m2c": [-0.9992354512214661, 0.035988662391901016, -0.015281610190868378, 0.03878491744399071, 0.8629491329193115, -0.5038000345230103, -0.004943836014717817, -0.5040075182914734, -0.8636852502822876], "cam_t_m2c": [-133.7506561279297, 153.79611206054688, 200.88526916503906], "obj_id": 2}, {"cam_R_m2c": [-0.9992354512214661, 0.035988662391901016, -0.015281610190868378, 0.03878491744399071, 0.8629491329193115, -0.5038000345230103, -0.004943836014717817, -0.5040075182914734, -0.8636852502822876], "cam_t_m2c": [-133.7506561279297, 153.79611206054688, 200.88526916503906], "obj_id": 1}, {"cam_R_m2c": [-0.9992354512214661, 0.035988662391901016, -0.015281610190868378, 0.03878491744399071, 0.8629491329193115, -0.5038000345230103, -0.004943836014717817, -0.5040075182914734, -0.8636852502822876], "cam_t_m2c": [-133.7506561279297, 153.79611206054688, 200.88526916503906], "obj_id": 2}, {"cam_R_m2c": [-0.9992354512214661, 0.035988662391901016, -0.015281610190868378, 0.03878491744399071, 0.8629491329193115, -0.5038000345230103, -0.004943836014717817, -0.5040075182914734, -0.8636852502822876], "cam_t_m2c": [-133.7506561279297, 153.79611206054688, 200.88526916503906], "obj_id": 0}, {"cam_R_m2c": [-0.9992354512214661, 0.035988662391901016, -0.015281610190868378, 0.03878491744399071, 0.8629491329193115, -0.5038000345230103, -0.004943836014717817, -0.5040075182914734, -0.8636852502822876], "cam_t_m2c": [-133.7506561279297, 153.79611206054688, 200.88526916503906], "obj_id": 2}, {"cam_R_m2c": [-0.9992354512214661, 0.035988662391901016, -0.015281610190868378, 0.03878491744399071, 0.8629491329193115, -0.5038000345230103, -0.004943836014717817, -0.5040075182914734, -0.8636852502822876], "cam_t_m2c": [-133.7506561279297, 153.79611206054688, 200.88526916503906], "obj_id": 3}, {"cam_R_m2c": [-0.9992354512214661, 0.035988662391901016, -0.015281610190868378, 0.03878491744399071, 0.8629491329193115, -0.5038000345230103, -0.004943836014717817, -0.5040075182914734, -0.8636852502822876], "cam_t_m2c": [-133.7506561279297, 153.79611206054688, 200.88526916503906], "obj_id": 2}, {"cam_R_m2c": [-0.9992354512214661, 0.035988662391901016, -0.015281610190868378, 0.03878491744399071, 0.8629491329193115, -0.5038000345230103, -0.004943836014717817, -0.5040075182914734, -0.8636852502822876], "cam_t_m2c": [-133.7506561279297, 153.79611206054688, 200.88526916503906], "obj_id": 2}, {"cam_R_m2c": [-0.9992354512214661, 0.035988662391901016, -0.015281610190868378, 0.03878491744399071, 0.8629491329193115, -0.5038000345230103, -0.004943836014717817, -0.5040075182914734, -0.8636852502822876], "cam_t_m2c": [-133.7506561279297, 153.79611206054688, 200.88526916503906], "obj_id": 2}, {"cam_R_m2c": [-0.9992354512214661, 0.035988662391901016, -0.015281610190868378, 0.03878491744399071, 0.8629491329193115, -0.5038000345230103, -0.004943836014717817, -0.5040075182914734, -0.8636852502822876], "cam_t_m2c": [-133.7506561279297, 153.79611206054688, 200.88526916503906], "obj_id": 3}, {"cam_R_m2c": [-0.9992354512214661, 0.035988662391901016, -0.015281610190868378, 0.03878491744399071, 0.8629491329193115, -0.5038000345230103, -0.004943836014717817, -0.5040075182914734, -0.8636852502822876], "cam_t_m2c": [-133.7506561279297, 153.79611206054688, 200.88526916503906], "obj_id": 0}, {"cam_R_m2c": [0.6211721897125244, -0.526384174823761, 0.5805728435516357, 0.4498005211353302, -0.3671781122684479, -0.8141619563102722, 0.6417356133460999, 0.766876757144928, 0.008687037974596024], "cam_t_m2c": [476.16180419921875, -61.1690788269043, 257.59466552734375], "obj_id": 0}, {"cam_R_m2c": [-0.17960882186889648, 0.5971009135246277, 0.7818000316619873, 0.6421530842781067, 0.6732120513916016, -0.3666401505470276, -0.7452383637428284, 0.43618348240852356, -0.5043449997901917], "cam_t_m2c": [132.47036743164062, 198.03176879882812, 178.6788787841797], "obj_id": 0}, {"cam_R_m2c": [-0.40622204542160034, 0.8370563387870789, -0.3664973974227905, -0.39341238141059875, 0.20179550349712372, 0.8969421982765198, 0.8247486352920532, 0.5085422992706299, 0.2473345547914505], "cam_t_m2c": [-167.68115234375, 68.91371154785156, 251.58721923828125], "obj_id": 1}, {"cam_R_m2c": [0.5791155099868774, 0.23625676333904266, 0.7802614569664001, -0.5490574240684509, 0.820507287979126, 0.1590714156627655, -0.6026285290718079, -0.5205290913581848, 0.604887068271637], "cam_t_m2c": [21.286178588867188, -47.84126663208008, 257.8687438964844], "obj_id": 3}, {"cam_R_m2c": [0.5302115082740784, 0.6773862242698669, 0.509925127029419, 0.5068934559822083, 0.22885708510875702, -0.8310736417770386, -0.6796578168869019, 0.6991224884986877, -0.2220199853181839], "cam_t_m2c": [20.42490577697754, 138.78958129882812, 216.52919006347656], "obj_id": 0}, {"cam_R_m2c": [-0.5417255759239197, -0.8336334824562073, -0.10764947533607483, 0.6334420442581177, -0.32069793343544006, -0.7042043805122375, 0.5525254011154175, -0.4496753215789795, 0.7017889618873596], "cam_t_m2c": [59.792503356933594, -8.773907661437988, 281.7432861328125], "obj_id": 3}, {"cam_R_m2c": [-0.6034826636314392, -0.7741190195083618, 0.19117598235607147, 0.4087825119495392, -0.5062103867530823, -0.7593732476234436, 0.6846206188201904, -0.380119264125824, 0.6219356656074524], "cam_t_m2c": [25.230623245239258, 18.351444244384766, 267.8072204589844], "obj_id": 3}, {"cam_R_m2c": [0.6297613978385925, 0.7167931199073792, 0.299346387386322, -0.11425122618675232, -0.29570087790489197, 0.9484239220619202, 0.7683406472206116, -0.6314815282821655, -0.10432656109333038], "cam_t_m2c": [52.250221252441406, 322.14971923828125, 110.39165496826172], "obj_id": 2}]
}