{
  "0": [{"cam_R_m2c": [0.60505610704422, 0.617746114730835, 0.5022916197776794, 0.7496677041053772, -0.2295503169298172, -0.6207293272018433, -0.2681519389152527, 0.7521278858184814, -0.6019951105117798], "cam_t_m2c": [-73.29216766357422, 27.5398006439209, 959.6145629882812], "obj_id": 1}, {"cam_R_m2c": [0.60505610704422, 0.617746114730835, 0.5022916197776794, 0.7496677041053772, -0.2295503169298172, -0.6207293272018433, -0.2681519389152527, 0.7521278858184814, -0.6019951105117798], "cam_t_m2c": [-73.29216766357422, 27.5398006439209, 959.6145629882812], "obj_id": 3}, {"cam_R_m2c": [0.60505610704422, 0.617746114730835, 0.5022916197776794, 0.7496677041053772, -0.2295503169298172, -0.6207293272018433, -0.2681519389152527, 0.7521278858184814, -0.6019951105117798], "cam_t_m2c": [-73.29216766357422, 27.5398006439209, 959.6145629882812], "obj_id": 2}, {"cam_R_m2c": [0.60505610704422, 0.617746114730835, 0.5022916197776794, 0.7496677041053772, -0.2295503169298172, -0.6207293272018433, -0.2681519389152527, 0.7521278858184814, -0.6019951105117798], "cam_t_m2c": [-73.29216766357422, 27.5398006439209, 959.6145629882812], "obj_id": 1}, {"cam_R_m2c": [0.60505610704422, 0.617746114730835, 0.5022916197776794, 0.7496677041053772, -0.2295503169298172, -0.6207293272018433, -0.2681519389152527, 0.7521278858184814, -0.6019951105117798], "cam_t_m2c": [-73.29216766357422, 27.5398006439209, 959.6145629882812], "obj_id": 2}, {"cam_R_m2c": [0.60505610704422, 0.617746114730835, 0.5022916197776794, 0.7496677041053772, -0.2295503169298172, -0.6207293272018433, -0.2681519389152527, 0.7521278858184814, -0.6019951105117798], "cam_t_m2c": [-73.29216766357422, 27.5398006439209, 959.6145629882812], "obj_id": 3}, {"cam_R_m2c": [0.60505610704422, 0.617746114730835, 0.5022916197776794, 0.7496677041053772, -0.2295503169298172, -0.6207293272018433, -0.2681519389152527, 0.7521278858184814, -0.6019951105117798], "cam_t_m2c": [-73.29216766357422, 27.5398006439209, 959.6145629882812], "obj_id": 3}, {"cam_R_m2c": [0.60505610704422, 0.617746114730835, 0.5022916197776794, 0.7496677041053772, -0.2295503169298172, -0.6207293272018433, -0.2681519389152527, 0.7521278858184814, -0.6019951105117798], "cam_t_m2c": [-73.29216766357422, 27.5398006439209, 959.6145629882812], "obj_id": 1}, {"cam_R_m2c": [0.60505610704422, 0.617746114730835, 0.5022916197776794, 0.7496677041053772, -0.2295503169298172, -0.6207293272018433, -0.2681519389152527, 0.7521278858184814, -0.6019951105117798], "cam_t_m2c": [-73.29216766357422, 27.5398006439209, 959.6145629882812], "obj_id": 0}, {"cam_R_m2c": [0.60505610704422, 0.617746114730835, 0.5022916197776794, 0.7496677041053772, -0.2295503169298172, -0.6207293272018433, -0.2681519389152527, 0.7521278858184814, -0.6019951105117798], "cam_t_m2c": [-73.29216766357422, 27.5398006439209, 959.6145629882812], "obj_id": 1}, {"cam_R_m2c": [0.60505610704422, 0.617746114730835, 0.5022916197776794, 0.7496677041053772, -0.2295503169298172, -0.6207293272018433, -0.2681519389152527, 0.7521278858184814, -0.6019951105117798], "cam_t_m2c": [-73.29216766357422, 27.5398006439209, 959.6145629882812], "obj_id": 3}, {"cam_R_m2c": [0.60505610704422, 0.617746114730835, 0.5022916197776794, 0.7496677041053772, -0.2295503169298172, -0.6207293272018433, -0.2681519389152527, 0.7521278858184814, -0.6019951105117798], "cam_t_m2c": [-73.29216766357422, 27.5398006439209, 959.6145629882812], "obj_id": 2}, {"cam_R_m2c": [0.60505610704422, 0.617746114730835, 0.5022916197776794, 0.7496677041053772, -0.2295503169298172, -0.6207293272018433, -0.2681519389152527, 0.7521278858184814, -0.6019951105117798], "cam_t_m2c": [-73.29216766357422, 27.5398006439209, 959.6145629882812], "obj_id": 3}, {"cam_R_m2c": [0.60505610704422, 0.617746114730835, 0.5022916197776794, 0.7496677041053772, -0.2295503169298172, -0.6207293272018433, -0.2681519389152527, 0.7521278858184814, -0.6019951105117798], "cam_t_m2c": [-73.29216766357422, 27.5398006439209, 959.6145629882812], "obj_id": 2}, {"cam_R_m2c": [0.60505610704422, 0.617746114730835, 0.5022916197776794, 0.7496677041053772, -0.2295503169298172, -0.6207293272018433, -0.2681519389152527, 0.7521278858184814, -0.6019951105117798], "cam_t_m2c": [-73.29216766357422, 27.5398006439209, 959.6145629882812], "obj_id": 2}, {"cam_R_m2c": [0.60505610704422, 0.617746114730835, 0.5022916197776794, 0.7496677041053772, -0.2295503169298172, -0.6207293272018433, -0.2681519389152527, 0.7521278858184814, -0.6019951105117798], "cam_t_m2c": [-73.29216766357422, 27.5398006439209, 959.6145629882812], "obj_id": 2}, {"cam_R_m2c": [-0.5178771018981934, 0.8478735089302063, -0.11363844573497772, 0.43050268292427063, 0.3731016516685486, 0.8218653202056885, 0.7392365336418152, 0.3767035901546478, -0.5582326054573059], "cam_t_m2c": [-232.9569091796875, 68.24092102050781, 772.5831298828125], "obj_id": 1}, {"cam_R_m2c": [-0.7621341347694397, 0.5015480518341064, -0.4093911647796631, 0.3528488278388977, 0.8519578576087952, 0.3868663012981415, 0.5428160429000854, 0.1503908336162567, -0.8262767791748047], "cam_t_m2c": [79.43907165527344, -80.77631378173828, 1140.0751953125], "obj_id": 0}, {"cam_R_m2c": [-0.012425734661519527, 0.9210696220397949, 0.3891995847225189, 0.8603996634483337, 0.208164244890213, -0.46516668796539307, -0.5094683170318604, 0.32908716797828674, -0.7950746417045593], "cam_t_m2c": [159.58544921875, 37.490272521972656, 1038.2198486328125], "obj_id": 1}],
  "1": [{"cam_R_m2c": [0.60505610704422, 0.617746114730835, 0.5022916197776794, 0.7496677041053772, -0.2295503169298172, -0.6207293272018433, -0.2681519389152527, 0.7521278858184814, -0.6019951105117798], "cam_t_m2c": [-73.29216766357422, 27.5398006439209, 959.6145629882812], "obj_id": 1}, {"cam_R_m2c": [0.60505610704422, 0.617746114730835, 0.5022916197776794, 0.7496677041053772, -0.2295503169298172, -0.6207293272018433, -0.2681519389152527, 0.7521278858184814, -0.6019951105117798], "cam_t_m2c": [-73.29216766357422, 27.5398006439209, 959.6145629882812], "obj_id": 3}, {"cam_R_m2c": [0.60505610704422, 0.617746114730835, 0.5022916197776794, 0.7496677041053772, -0.2295503169298172, -0.6207293272018433, -0.2681519389152527, 0.7521278858184814, -0.6019951105117798], "cam_t_m2c": [-73.29216766357422, 27.5398006439209, 959.6145629882812], "obj_id": 2}, {"cam_R_m2c": [0.60505610704422, 0.617746114730835, 0.5022916197776794, 0.7496677041053772, -0.2295503169298172, -0.6207293272018433, -0.2681519389152527, 0.7521278858184814, -0.6019951105117798], "cam_t_m2c": [-73.29216766357422, 27.5398006439209, 959.6145629882812], "obj_id": 1}, {"cam_R_m2c": [0.60505610704422, 0.617746114730835, 0.5022916197776794, 0.7496677041053772, -0.2295503169298172, -0.6207293272018433, -0.2681519389152527, 0.7521278858184814, -0.6019951105117798], "cam_t_m2c": [-73.29216766357422, 27.5398006439209, 959.6145629882812], "obj_id": 2}, {"cam_R_m2c": [0.60505610704422, 0.617746114730835, 0.5022916197776794, 0.7496677041053772, -0.2295503169298172, -0.6207293272018433, -0.2681519389152527, 0.7521278858184814, -0.6019951105117798], "cam_t_m2c": [-73.29216766357422, 27.5398006439209, 959.6145629882812], "obj_id": 3}, {"cam_R_m2c": [0.60505610704422, 0.617746114730835, 0.5022916197776794, 0.7496677041053772, -0.2295503169298172, -0.6207293272018433, -0.2681519389152527, 0.7521278858184814, -0.6019951105117798], "cam_t_m2c": [-73.29216766357422, 27.5398006439209, 959.6145629882812], "obj_id": 3}, {"cam_R_m2c": [0.60505610704422, 0.617746114730835, 0.5022916197776794, 0.7496677041053772, -0.2295503169298172, -0.6207293272018433, -0.2681519389152527, 0.7521278858184814, -0.6019951105117798], "cam_t_m2c": [-73.29216766357422, 27.5398006439209, 959.6145629882812], "obj_id": 1}, {"cam_R_m2c": [0.60505610704422, 0.617746114730835, 0.5022916197776794, 0.7496677041053772, -0.2295503169298172, -0.6207293272018433, -0.2681519389152527, 0.7521278858184814, -0.6019951105117798], "cam_t_m2c": [-73.29216766357422, 27.5398006439209, 959.6145629882812], "obj_id": 0}, {"cam_R_m2c": [0.60505610704422, 0.617746114730835, 0.5022916197776794, 0.7496677041053772, -0.2295503169298172, -0.6207293272018433, -0.2681519389152527, 0.7521278858184814, -0.6019951105117798], "cam_t_m2c": [-73.29216766357422, 27.5398006439209, 959.6145629882812], "obj_id": 1}, {"cam_R_m2c": [0.60505610704422, 0.617746114730835, 0.5022916197776794, 0.7496677041053772, -0.2295503169298172, -0.6207293272018433, -0.2681519389152527, 0.7521278858184814, -0.6019951105117798], "cam_t_m2c": [-73.29216766357422, 27.5398006439209, 959.6145629882812], "obj_id": 3}, {"cam_R_m2c": [0.60505610704422, 0.617746114730835, 0.5022916197776794, 0.7496677041053772, -0.2295503169298172, -0.6207293272018433, -0.2681519389152527, 0.7521278858184814, -0.6019951105117798], "cam_t_m2c": [-73.29216766357422, 27.5398006439209, 959.6145629882812], "obj_id": 2}, {"cam_R_m2c": [0.60505610704422, 0.617746114730835, 0.5022916197776794, 0.7496677041053772, -0.2295503169298172, -0.6207293272018433, -0.2681519389152527, 0.7521278858184814, -0.6019951105117798], "cam_t_m2c": [-73.29216766357422, 27.5398006439209, 959.6145629882812], "obj_id": 3}, {"cam_R_m2c": [0.60505610704422, 0.617746114730835, 0.5022916197776794, 0.7496677041053772, -0.2295503169298172, -0.6207293272018433, -0.2681519389152527, 0.7521278858184814, -0.6019951105117798], "cam_t_m2c": [-73.29216766357422, 27.5398006439209, 959.6145629882812], "obj_id": 2}, {"cam_R_m2c": [0.60505610704422, 0.617746114730835, 0.5022916197776794, 0.7496677041053772, -0.2295503169298172, -0.6207293272018433, -0.2681519389152527, 0.7521278858184814, -0.6019951105117798], "cam_t_m2c": [-73.29216766357422, 27.5398006439209, 959.6145629882812], "obj_id": 2}, {"cam_R_m2c": [0.60505610704422, 0.617746114730835, 0.5022916197776794, 0.7496677041053772, -0.2295503169298172, -0.6207293272018433, -0.2681519389152527, 0.7521278858184814, -0.6019951105117798], "cam_t_m2c": [-73.29216766357422, 27.5398006439209, 959.6145629882812], "obj_id": 2}, {"cam_R_m2c": [-0.5178771018981934, 0.8478735089302063, -0.11363844573497772, 0.43050268292427063, 0.3731016516685486, 0.8218653202056885, 0.7392365336418152, 0.3767035901546478, -0.5582326054573059], "cam_t_m2c": [-232.9569091796875, 68.24092102050781, 772.5831298828125], "obj_id": 1}, {"cam_R_m2c": [-0.7621341347694397, 0.5015480518341064, -0.4093911647796631, 0.3528488278388977, 0.8519578576087952, 0.3868663012981415, 0.5428160429000854, 0.1503908336162567, -0.8262767791748047], "cam_t_m2c": [79.43907165527344, -80.77631378173828, 1140.0751953125], "obj_id": 0}, {"cam_R_m2c": [-0.012425734661519527, 0.9210696220397949, 0.3891995847225189, 0.8603996634483337, 0.208164244890213, -0.46516668796539307, -0.5094683170318604, 0.32908716797828674, -0.7950746417045593], "cam_t_m2c": [159.58544921875, 37.490272521972656, 1038.2198486328125], "obj_id": 1}],
  "2": [{"cam_R_m2c": [0.60505610704422, 0.617746114730835, 0.5022916197776794, 0.7496677041053772, -0.2295503169298172, -0.6207293272018433, -0.2681519389152527, 0.7521278858184814, -0.6019951105117798], "cam_t_m2c": [-73.29216766357422, 27.5398006439209, 959.6145629882812], "obj_id": 1}, {"cam_R_m2c": [0.60505610704422, 0.617746114730835, 0.5022916197776794, 0.7496677041053772, -0.2295503169298172, -0.6207293272018433, -0.2681519389152527, 0.7521278858184814, -0.6019951105117798], "cam_t_m2c": [-73.29216766357422, 27.5398006439209, 959.6145629882812], "obj_id": 3}, {"cam_R_m2c": [0.60505610704422, 0.617746114730835, 0.5022916197776794, 0.7496677041053772, -0.2295503169298172, -0.6207293272018433, -0.2681519389152527, 0.7521278858184814, -0.6019951105117798], "cam_t_m2c": [-73.29216766357422, 27.5398006439209, 959.6145629882812], "obj_id": 2}, {"cam_R_m2c": [0.60505610704422, 0.617746114730835, 0.5022916197776794, 0.7496677041053772, -0.2295503169298172, -0.6207293272018433, -0.2681519389152527, 0.7521278858184814, -0.6019951105117798], "cam_t_m2c": [-73.29216766357422, 27.5398006439209, 959.6145629882812], "obj_id": 1}, {"cam_R_m2c": [0.60505610704422, 0.617746114730835, 0.5022916197776794, 0.7496677041053772, -0.2295503169298172, -0.6207293272018433, -0.2681519389152527, 0.7521278858184814, -0.6019951105117798], "cam_t_m2c": [-73.29216766357422, 27.5398006439209, 959.6145629882812], "obj_id": 2}, {"cam_R_m2c": [0.60505610704422, 0.617746114730835, 0.5022916197776794, 0.7496677041053772, -0.2295503169298172, -0.6207293272018433, -0.2681519389152527, 0.7521278858184814, -0.6019951105117798], "cam_t_m2c": [-73.29216766357422, 27.5398006439209, 959.6145629882812], "obj_id": 3}, {"cam_R_m2c": [0.60505610704422, 0.617746114730835, 0.5022916197776794, 0.7496677041053772, -0.2295503169298172, -0.6207293272018433, -0.2681519389152527, 0.7521278858184814, -0.6019951105117798], "cam_t_m2c": [-73.29216766357422, 27.5398006439209, 959.6145629882812], "obj_id": 3}, {"cam_R_m2c": [0.60505610704422, 0.617746114730835, 0.5022916197776794, 0.7496677041053772, -0.2295503169298172, -0.6207293272018433, -0.2681519389152527, 0.7521278858184814, -0.6019951105117798], "cam_t_m2c": [-73.29216766357422, 27.5398006439209, 959.6145629882812], "obj_id": 1}, {"cam_R_m2c": [0.60505610704422, 0.617746114730835, 0.5022916197776794, 0.7496677041053772, -0.2295503169298172, -0.6207293272018433, -0.2681519389152527, 0.7521278858184814, -0.6019951105117798], "cam_t_m2c": [-73.29216766357422, 27.5398006439209, 959.6145629882812], "obj_id": 0}, {"cam_R_m2c": [0.60505610704422, 0.617746114730835, 0.5022916197776794, 0.7496677041053772, -0.2295503169298172, -0.6207293272018433, -0.2681519389152527, 0.7521278858184814, -0.6019951105117798], "cam_t_m2c": [-73.29216766357422, 27.5398006439209, 959.6145629882812], "obj_id": 1}, {"cam_R_m2c": [0.60505610704422, 0.617746114730835, 0.5022916197776794, 0.7496677041053772, -0.2295503169298172, -0.6207293272018433, -0.2681519389152527, 0.7521278858184814, -0.6019951105117798], "cam_t_m2c": [-73.29216766357422, 27.5398006439209, 959.6145629882812], "obj_id": 3}, {"cam_R_m2c": [0.60505610704422, 0.617746114730835, 0.5022916197776794, 0.7496677041053772, -0.2295503169298172, -0.6207293272018433, -0.2681519389152527, 0.7521278858184814, -0.6019951105117798], "cam_t_m2c": [-73.29216766357422, 27.5398006439209, 959.6145629882812], "obj_id": 2}, {"cam_R_m2c": [0.60505610704422, 0.617746114730835, 0.5022916197776794, 0.7496677041053772, -0.2295503169298172, -0.6207293272018433, -0.2681519389152527, 0.7521278858184814, -0.6019951105117798], "cam_t_m2c": [-73.29216766357422, 27.5398006439209, 959.6145629882812], "obj_id": 3}, {"cam_R_m2c": [0.60505610704422, 0.617746114730835, 0.5022916197776794, 0.7496677041053772, -0.2295503169298172, -0.6207293272018433, -0.2681519389152527, 0.7521278858184814, -0.6019951105117798], "cam_t_m2c": [-73.29216766357422, 27.5398006439209, 959.6145629882812], "obj_id": 2}, {"cam_R_m2c": [0.60505610704422, 0.617746114730835, 0.5022916197776794, 0.7496677041053772, -0.2295503169298172, -0.6207293272018433, -0.2681519389152527, 0.7521278858184814, -0.6019951105117798], "cam_t_m2c": [-73.29216766357422, 27.5398006439209, 959.6145629882812], "obj_id": 2}, {"cam_R_m2c": [0.60505610704422, 0.617746114730835, 0.5022916197776794, 0.7496677041053772, -0.2295503169298172, -0.6207293272018433, -0.2681519389152527, 0.7521278858184814, -0.6019951105117798], "cam_t_m2c": [-73.29216766357422, 27.5398006439209, 959.6145629882812], "obj_id": 2}, {"cam_R_m2c": [-0.5178771018981934, 0.8478735089302063, -0.11363844573497772, 0.43050268292427063, 0.3731016516685486, 0.8218653202056885, 0.7392365336418152, 0.3767035901546478, -0.5582326054573059], "cam_t_m2c": [-232.9569091796875, 68.24092102050781, 772.5831298828125], "obj_id": 1}, {"cam_R_m2c": [-0.7621341347694397, 0.5015480518341064, -0.4093911647796631, 0.3528488278388977, 0.8519578576087952, 0.3868663012981415, 0.5428160429000854, 0.1503908336162567, -0.8262767791748047], "cam_t_m2c": [79.43907165527344, -80.77631378173828, 1140.0751953125], "obj_id": 0}, {"cam_R_m2c": [-0.012425734661519527, 0.9210696220397949, 0.3891995847225189, 0.8603996634483337, 0.208164244890213, -0.46516668796539307, -0.5094683170318604, 0.32908716797828674, -0.7950746417045593], "cam_t_m2c": [159.58544921875, 37.490272521972656, 1038.2198486328125], "obj_id": 1}],
  "3": [{"cam_R_m2c": [0.60505610704422, 0.617746114730835, 0.5022916197776794, 0.7496677041053772, -0.2295503169298172, -0.6207293272018433, -0.2681519389152527, 0.7521278858184814, -0.6019951105117798], "cam_t_m2c": [-73.29216766357422, 27.5398006439209, 959.6145629882812], "obj_id": 1}, {"cam_R_m2c": [0.60505610704422, 0.617746114730835, 0.5022916197776794, 0.7496677041053772, -0.2295503169298172, -0.6207293272018433, -0.2681519389152527, 0.7521278858184814, -0.6019951105117798], "cam_t_m2c": [-73.29216766357422, 27.5398006439209, 959.6145629882812], "obj_id": 3}, {"cam_R_m2c": [0.60505610704422, 0.617746114730835, 0.5022916197776794, 0.7496677041053772, -0.2295503169298172, -0.6207293272018433, -0.2681519389152527, 0.7521278858184814, -0.6019951105117798], "cam_t_m2c": [-73.29216766357422, 27.5398006439209, 959.6145629882812], "obj_id": 2}, {"cam_R_m2c": [0.60505610704422, 0.617746114730835, 0.5022916197776794, 0.7496677041053772, -0.2295503169298172, -0.6207293272018433, -0.2681519389152527, 0.7521278858184814, -0.6019951105117798], "cam_t_m2c": [-73.29216766357422, 27.5398006439209, 959.6145629882812], "obj_id": 1}, {"cam_R_m2c": [0.60505610704422, 0.617746114730835, 0.5022916197776794, 0.7496677041053772, -0.2295503169298172, -0.6207293272018433, -0.2681519389152527, 0.7521278858184814, -0.6019951105117798], "cam_t_m2c": [-73.29216766357422, 27.5398006439209, 959.6145629882812], "obj_id": 2}, {"cam_R_m2c": [0.60505610704422, 0.617746114730835, 0.5022916197776794, 0.7496677041053772, -0.2295503169298172, -0.6207293272018433, -0.2681519389152527, 0.7521278858184814, -0.6019951105117798], "cam_t_m2c": [-73.29216766357422, 27.5398006439209, 959.6145629882812], "obj_id": 3}, {"cam_R_m2c": [0.60505610704422, 0.617746114730835, 0.5022916197776794, 0.7496677041053772, -0.2295503169298172, -0.6207293272018433, -0.2681519389152527, 0.7521278858184814, -0.6019951105117798], "cam_t_m2c": [-73.29216766357422, 27.5398006439209, 959.6145629882812], "obj_id": 3}, {"cam_R_m2c": [0.60505610704422, 0.617746114730835, 0.5022916197776794, 0.7496677041053772, -0.2295503169298172, -0.6207293272018433, -0.2681519389152527, 0.7521278858184814, -0.6019951105117798], "cam_t_m2c": [-73.29216766357422, 27.5398006439209, 959.6145629882812], "obj_id": 1}, {"cam_R_m2c": [0.60505610704422, 0.617746114730835, 0.5022916197776794, 0.7496677041053772, -0.2295503169298172, -0.6207293272018433, -0.2681519389152527, 0.7521278858184814, -0.6019951105117798], "cam_t_m2c": [-73.29216766357422, 27.5398006439209, 959.6145629882812], "obj_id": 0}, {"cam_R_m2c": [0.60505610704422, 0.617746114730835, 0.5022916197776794, 0.7496677041053772, -0.2295503169298172, -0.6207293272018433, -0.2681519389152527, 0.7521278858184814, -0.6019951105117798], "cam_t_m2c": [-73.29216766357422, 27.5398006439209, 959.6145629882812], "obj_id": 1}, {"cam_R_m2c": [0.60505610704422, 0.617746114730835, 0.5022916197776794, 0.7496677041053772, -0.2295503169298172, -0.6207293272018433, -0.2681519389152527, 0.7521278858184814, -0.6019951105117798], "cam_t_m2c": [-73.29216766357422, 27.5398006439209, 959.6145629882812], "obj_id": 3}, {"cam_R_m2c": [0.60505610704422, 0.617746114730835, 0.5022916197776794, 0.7496677041053772, -0.2295503169298172, -0.6207293272018433, -0.2681519389152527, 0.7521278858184814, -0.6019951105117798], "cam_t_m2c": [-73.29216766357422, 27.5398006439209, 959.6145629882812], "obj_id": 2}, {"cam_R_m2c": [0.60505610704422, 0.617746114730835, 0.5022916197776794, 0.7496677041053772, -0.2295503169298172, -0.6207293272018433, -0.2681519389152527, 0.7521278858184814, -0.6019951105117798], "cam_t_m2c": [-73.29216766357422, 27.5398006439209, 959.6145629882812], "obj_id": 3}, {"cam_R_m2c": [0.60505610704422, 0.617746114730835, 0.5022916197776794, 0.7496677041053772, -0.2295503169298172, -0.6207293272018433, -0.2681519389152527, 0.7521278858184814, -0.6019951105117798], "cam_t_m2c": [-73.29216766357422, 27.5398006439209, 959.6145629882812], "obj_id": 2}, {"cam_R_m2c": [0.60505610704422, 0.617746114730835, 0.5022916197776794, 0.7496677041053772, -0.2295503169298172, -0.6207293272018433, -0.2681519389152527, 0.7521278858184814, -0.6019951105117798], "cam_t_m2c": [-73.29216766357422, 27.5398006439209, 959.6145629882812], "obj_id": 2}, {"cam_R_m2c": [0.60505610704422, 0.617746114730835, 0.5022916197776794, 0.7496677041053772, -0.2295503169298172, -0.6207293272018433, -0.2681519389152527, 0.7521278858184814, -0.6019951105117798], "cam_t_m2c": [-73.29216766357422, 27.5398006439209, 959.6145629882812], "obj_id": 2}, {"cam_R_m2c": [-0.5178771018981934, 0.8478735089302063, -0.11363844573497772, 0.43050268292427063, 0.3731016516685486, 0.8218653202056885, 0.7392365336418152, 0.3767035901546478, -0.5582326054573059], "cam_t_m2c": [-232.9569091796875, 68.24092102050781, 772.5831298828125], "obj_id": 1}, {"cam_R_m2c": [-0.7621341347694397, 0.5015480518341064, -0.4093911647796631, 0.3528488278388977, 0.8519578576087952, 0.3868663012981415, 0.5428160429000854, 0.1503908336162567, -0.8262767791748047], "cam_t_m2c": [79.43907165527344, -80.77631378173828, 1140.0751953125], "obj_id": 0}, {"cam_R_m2c": [-0.012425734661519527, 0.9210696220397949, 0.3891995847225189, 0.8603996634483337, 0.208164244890213, -0.46516668796539307, -0.5094683170318604, 0.32908716797828674, -0.7950746417045593], "cam_t_m2c": [159.58544921875, 37.490272521972656, 1038.2198486328125], "obj_id": 1}],
  "4": [{"cam_R_m2c": [0.60505610704422, 0.617746114730835, 0.5022916197776794, 0.7496677041053772, -0.2295503169298172, -0.6207293272018433, -0.2681519389152527, 0.7521278858184814, -0.6019951105117798], "cam_t_m2c": [-73.29216766357422, 27.5398006439209, 959.6145629882812], "obj_id": 1}, {"cam_R_m2c": [0.60505610704422, 0.617746114730835, 0.5022916197776794, 0.7496677041053772, -0.2295503169298172, -0.6207293272018433, -0.2681519389152527, 0.7521278858184814, -0.6019951105117798], "cam_t_m2c": [-73.29216766357422, 27.5398006439209, 959.6145629882812], "obj_id": 3}, {"cam_R_m2c": [0.60505610704422, 0.617746114730835, 0.5022916197776794, 0.7496677041053772, -0.2295503169298172, -0.6207293272018433, -0.2681519389152527, 0.7521278858184814, -0.6019951105117798], "cam_t_m2c": [-73.29216766357422, 27.5398006439209, 959.6145629882812], "obj_id": 2}, {"cam_R_m2c": [0.60505610704422, 0.617746114730835, 0.5022916197776794, 0.7496677041053772, -0.2295503169298172, -0.6207293272018433, -0.2681519389152527, 0.7521278858184814, -0.6019951105117798], "cam_t_m2c": [-73.29216766357422, 27.5398006439209, 959.6145629882812], "obj_id": 1}, {"cam_R_m2c": [0.60505610704422, 0.617746114730835, 0.5022916197776794, 0.7496677041053772, -0.2295503169298172, -0.6207293272018433, -0.2681519389152527, 0.7521278858184814, -0.6019951105117798], "cam_t_m2c": [-73.29216766357422, 27.5398006439209, 959.6145629882812], "obj_id": 2}, {"cam_R_m2c": [0.60505610704422, 0.617746114730835, 0.5022916197776794, 0.7496677041053772, -0.2295503169298172, -0.6207293272018433, -0.2681519389152527, 0.7521278858184814, -0.6019951105117798], "cam_t_m2c": [-73.29216766357422, 27.5398006439209, 959.6145629882812], "obj_id": 3}, {"cam_R_m2c": [0.60505610704422, 0.617746114730835, 0.5022916197776794, 0.7496677041053772, -0.2295503169298172, -0.6207293272018433, -0.2681519389152527, 0.7521278858184814, -0.6019951105117798], "cam_t_m2c": [-73.29216766357422, 27.5398006439209, 959.6145629882812], "obj_id": 3}, {"cam_R_m2c": [0.60505610704422, 0.617746114730835, 0.5022916197776794, 0.7496677041053772, -0.2295503169298172, -0.6207293272018433, -0.2681519389152527, 0.7521278858184814, -0.6019951105117798], "cam_t_m2c": [-73.29216766357422, 27.5398006439209, 959.6145629882812], "obj_id": 1}, {"cam_R_m2c": [0.60505610704422, 0.617746114730835, 0.5022916197776794, 0.7496677041053772, -0.2295503169298172, -0.6207293272018433, -0.2681519389152527, 0.7521278858184814, -0.6019951105117798], "cam_t_m2c": [-73.29216766357422, 27.5398006439209, 959.6145629882812], "obj_id": 0}, {"cam_R_m2c": [0.60505610704422, 0.617746114730835, 0.5022916197776794, 0.7496677041053772, -0.2295503169298172, -0.6207293272018433, -0.2681519389152527, 0.7521278858184814, -0.6019951105117798], "cam_t_m2c": [-73.29216766357422, 27.5398006439209, 959.6145629882812], "obj_id": 1}, {"cam_R_m2c": [0.60505610704422, 0.617746114730835, 0.5022916197776794, 0.7496677041053772, -0.2295503169298172, -0.6207293272018433, -0.2681519389152527, 0.7521278858184814, -0.6019951105117798], "cam_t_m2c": [-73.29216766357422, 27.5398006439209, 959.6145629882812], "obj_id": 3}, {"cam_R_m2c": [0.60505610704422, 0.617746114730835, 0.5022916197776794, 0.7496677041053772, -0.2295503169298172, -0.6207293272018433, -0.2681519389152527, 0.7521278858184814, -0.6019951105117798], "cam_t_m2c": [-73.29216766357422, 27.5398006439209, 959.6145629882812], "obj_id": 2}, {"cam_R_m2c": [0.60505610704422, 0.617746114730835, 0.5022916197776794, 0.7496677041053772, -0.2295503169298172, -0.6207293272018433, -0.2681519389152527, 0.7521278858184814, -0.6019951105117798], "cam_t_m2c": [-73.29216766357422, 27.5398006439209, 959.6145629882812], "obj_id": 3}, {"cam_R_m2c": [0.60505610704422, 0.617746114730835, 0.5022916197776794, 0.7496677041053772, -0.2295503169298172, -0.6207293272018433, -0.2681519389152527, 0.7521278858184814, -0.6019951105117798], "cam_t_m2c": [-73.29216766357422, 27.5398006439209, 959.6145629882812], "obj_id": 2}, {"cam_R_m2c": [0.60505610704422, 0.617746114730835, 0.5022916197776794, 0.7496677041053772, -0.2295503169298172, -0.6207293272018433, -0.2681519389152527, 0.7521278858184814, -0.6019951105117798], "cam_t_m2c": [-73.29216766357422, 27.5398006439209, 959.6145629882812], "obj_id": 2}, {"cam_R_m2c": [0.60505610704422, 0.617746114730835, 0.5022916197776794, 0.7496677041053772, -0.2295503169298172, -0.6207293272018433, -0.2681519389152527, 0.7521278858184814, -0.6019951105117798], "cam_t_m2c": [-73.29216766357422, 27.5398006439209, 959.6145629882812], "obj_id": 2}, {"cam_R_m2c": [-0.5178771018981934, 0.8478735089302063, -0.11363844573497772, 0.43050268292427063, 0.3731016516685486, 0.8218653202056885, 0.7392365336418152, 0.3767035901546478, -0.5582326054573059], "cam_t_m2c": [-232.9569091796875, 68.24092102050781, 772.5831298828125], "obj_id": 1}, {"cam_R_m2c": [-0.7621341347694397, 0.5015480518341064, -0.4093911647796631, 0.3528488278388977, 0.8519578576087952, 0.3868663012981415, 0.5428160429000854, 0.1503908336162567, -0.8262767791748047], "cam_t_m2c": [79.43907165527344, -80.77631378173828, 1140.0751953125], "obj_id": 0}, {"cam_R_m2c": [-0.012425734661519527, 0.9210696220397949, 0.3891995847225189, 0.8603996634483337, 0.208164244890213, -0.46516668796539307, -0.5094683170318604, 0.32908716797828674, -0.7950746417045593], "cam_t_m2c": [159.58544921875, 37.490272521972656, 1038.2198486328125], "obj_id": 1}]
}