{
  "0": [{"cam_R_m2c": [-0.3199179470539093, 0.14416150748729706, 0.9364132881164551, 0.006056677084416151, 0.9886471629142761, -0.15013372898101807, -0.9474257826805115, -0.04235893115401268, -0.31715911626815796], "cam_t_m2c": [3337.44873046875, 37517.66796875, 5852.31640625], "obj_id": 3}, {"cam_R_m2c": [-0.8408257961273193, 0.04068664088845253, -0.5397742986679077, -0.34684932231903076, -0.806061863899231, 0.4795410633087158, -0.4155806005001068, 0.5904309153556824, 0.6918699741363525], "cam_t_m2c": [3550.37353515625, 37440.30078125, 5879.78564453125], "obj_id": 3}, {"cam_R_m2c": [0.6233646273612976, 0.6465749740600586, -0.4397241771221161, -0.1525987833738327, 0.6521382927894592, 0.7425828576087952, 0.7668964862823486, -0.39579853415489197, 0.5051864981651306], "cam_t_m2c": [12789.2646484375, -5630.38720703125, -4434.6416015625], "obj_id": 1}, {"cam_R_m2c": [-0.40459832549095154, 0.7529618740081787, 0.5189878940582275, -0.4281758666038513, -0.6574402451515198, 0.6200302839279175, 0.8080627918243408, 0.028645165264606476, 0.5883994698524475], "cam_t_m2c": [133.7257537841797, -79.82856750488281, 1134.7626953125], "obj_id": 1}],
  "1": [{"cam_R_m2c": [0.9765651226043701, 0.16573210060596466, -0.13730765879154205, -0.21028389036655426, 0.8706314563751221, -0.4447263479232788, 0.045838937163352966, 0.4631778299808502, 0.8850791454315186], "cam_t_m2c": [1511.8167724609375, 35451.015625, 14473.1435546875], "obj_id": 3}, {"cam_R_m2c": [0.6540043354034424, -0.6951413750648499, -0.29842373728752136, -0.2592915892601013, -0.576572835445404, 0.7748106122016907, -0.7106660008430481, -0.42935070395469666, -0.5573254227638245], "cam_t_m2c": [1383.9139404296875, 35340.421875, 14626.111328125], "obj_id": 3}, {"cam_R_m2c": [-0.9705974459648132, 0.20620819926261902, -0.124172642827034, -0.04809160530567169, 0.3393387198448181, 0.9394341111183167, 0.2358556091785431, 0.9177839756011963, -0.3194444477558136], "cam_t_m2c": [-1503.120361328125, -9749.68359375, 12298.7919921875], "obj_id": 1}, {"cam_R_m2c": [-0.6308773159980774, -0.46468454599380493, -0.621338963508606, -0.06093611940741539, -0.7686673998832703, 0.6367395520210266, -0.7734860181808472, 0.4395665228366852, 0.4566187262535095], "cam_t_m2c": [-117.19325256347656, -87.8628921508789, 1041.531494140625], "obj_id": 1}]
}