{
  "0": [{"cam_R_m2c": [0.8264463543891907, -0.2921711206436157, 0.48127174377441406, 0.2869866192340851, 0.9540339708328247, 0.08635895699262619, -0.48438116908073425, 0.0667475089430809, 0.8723070621490479], "cam_t_m2c": [4307.14794921875, -2532.095458984375, -7226.02001953125], "obj_id": 1}, {"cam_R_m2c": [-0.17955215275287628, 0.08443755656480789, -0.9801180362701416, 0.8117160797119141, -0.550148069858551, -0.19609731435775757, -0.5557680130004883, -0.8307872414588928, 0.03024091012775898], "cam_t_m2c": [-270.6181945800781, 351.924560546875, 1357.6435546875], "obj_id": 1}, {"cam_R_m2c": [0.6123729944229126, -0.28320708870887756, -0.7381009459495544, -0.33896398544311523, -0.9375185966491699, 0.07849816232919693, -0.7142147421836853, 0.20211949944496155, -0.6701080203056335], "cam_t_m2c": [-201.8149871826172, 203.57781982421875, 1103.7576904296875], "obj_id": 1}, {"cam_R_m2c": [-0.8976340293884277, -0.08392288535833359, -0.43267738819122314, -0.06120923534035683, -0.9484534859657288, 0.3109486699104309, -0.4364701807498932, 0.3056020140647888, 0.8462275862693787], "cam_t_m2c": [-217.60365295410156, 103.36351013183594, 1140.3477783203125], "obj_id": 2}],
  "1": [{"cam_R_m2c": [0.9618134498596191, 0.1542532593011856, -0.22609904408454895, -0.2221878319978714, 0.922421932220459, -0.3158644735813141, 0.1598355919122696, 0.35403916239738464, 0.9214710593223572], "cam_t_m2c": [6970.79296875, -3751.87646484375, -4296.37939453125], "obj_id": 1}, {"cam_R_m2c": [0.5753819942474365, 0.37440070509910583, -0.7271586060523987, 0.8081817626953125, -0.3968084454536438, 0.4351840615272522, -0.12560945749282837, -0.8380734324455261, -0.530900239944458], "cam_t_m2c": [-403.1192321777344, 380.7752990722656, 1316.1474609375], "obj_id": 1}, {"cam_R_m2c": [0.7219564914703369, -0.6919269561767578, -0.003981210757046938, -0.5620637536048889, -0.5897934436798096, 0.5798516273498535, -0.40356308221817017, -0.41638994216918945, -0.8147122859954834], "cam_t_m2c": [-253.06185913085938, 249.23678588867188, 1089.3670654296875], "obj_id": 1}, {"cam_R_m2c": [-0.31516024470329285, -0.6361541152000427, -0.7042598724365234, 0.5413220524787903, -0.7300215363502502, 0.41717982292175293, -0.7795155048370361, -0.24975287914276123, 0.5744380354881287], "cam_t_m2c": [-327.48712158203125, 175.67837524414062, 1062.9453125], "obj_id": 2}]
}