{
  "0": [{"cam_R_m2c": [-0.07950366288423538, -0.815183162689209, -0.5737208127975464, -0.18174026906490326, 0.5777499079704285, -0.7957232594490051, 0.9801273941993713, 0.04100527614355087, -0.19408485293388367], "cam_t_m2c": [36.02351379394531, -41.818145751953125, 285.1006774902344], "obj_id": 1}, {"cam_R_m2c": [-0.07950366288423538, -0.815183162689209, -0.5737208127975464, -0.18174026906490326, 0.5777499079704285, -0.7957232594490051, 0.9801273941993713, 0.04100527614355087, -0.19408485293388367], "cam_t_m2c": [36.02351379394531, -41.818145751953125, 285.1006774902344], "obj_id": 2}, {"cam_R_m2c": [-0.07950366288423538, -0.815183162689209, -0.5737208127975464, -0.18174026906490326, 0.5777499079704285, -0.7957232594490051, 0.9801273941993713, 0.04100527614355087, -0.19408485293388367], "cam_t_m2c": [36.02351379394531, -41.818145751953125, 285.1006774902344], "obj_id": 0}, {"cam_R_m2c": [-0.07950366288423538, -0.815183162689209, -0.5737208127975464, -0.18174026906490326, 0.5777499079704285, -0.7957232594490051, 0.9801273941993713, 0.04100527614355087, -0.19408485293388367], "cam_t_m2c": [36.02351379394531, -41.818145751953125, 285.1006774902344], "obj_id": 1}, {"cam_R_m2c": [-0.07950366288423538, -0.815183162689209, -0.5737208127975464, -0.18174026906490326, 0.5777499079704285, -0.7957232594490051, 0.9801273941993713, 0.04100527614355087, -0.19408485293388367], "cam_t_m2c": [36.02351379394531, -41.818145751953125, 285.1006774902344], "obj_id": 3}, {"cam_R_m2c": [-0.07950366288423538, -0.815183162689209, -0.5737208127975464, -0.18174026906490326, 0.5777499079704285, -0.7957232594490051, 0.9801273941993713, 0.04100527614355087, -0.19408485293388367], "cam_t_m2c": [36.02351379394531, -41.818145751953125, 285.1006774902344], "obj_id": 2}, {"cam_R_m2c": [-0.07950366288423538, -0.815183162689209, -0.5737208127975464, -0.18174026906490326, 0.5777499079704285, -0.7957232594490051, 0.9801273941993713, 0.04100527614355087, -0.19408485293388367], "cam_t_m2c": [36.02351379394531, -41.818145751953125, 285.1006774902344], "obj_id": 0}, {"cam_R_m2c": [-0.07950366288423538, -0.815183162689209, -0.5737208127975464, -0.18174026906490326, 0.5777499079704285, -0.7957232594490051, 0.9801273941993713, 0.04100527614355087, -0.19408485293388367], "cam_t_m2c": [36.02351379394531, -41.818145751953125, 285.1006774902344], "obj_id": 1}, {"cam_R_m2c": [-0.07950366288423538, -0.815183162689209, -0.5737208127975464, -0.18174026906490326, 0.5777499079704285, -0.7957232594490051, 0.9801273941993713, 0.04100527614355087, -0.19408485293388367], "cam_t_m2c": [36.02351379394531, -41.818145751953125, 285.1006774902344], "obj_id": 2}, {"cam_R_m2c": [-0.07950366288423538, -0.815183162689209, -0.5737208127975464, -0.18174026906490326, 0.5777499079704285, -0.7957232594490051, 0.9801273941993713, 0.04100527614355087, -0.19408485293388367], "cam_t_m2c": [36.02351379394531, -41.818145751953125, 285.1006774902344], "obj_id": 2}, {"cam_R_m2c": [-0.07950366288423538, -0.815183162689209, -0.5737208127975464, -0.18174026906490326, 0.5777499079704285, -0.7957232594490051, 0.9801273941993713, 0.04100527614355087, -0.19408485293388367], "cam_t_m2c": [36.02351379394531, -41.818145751953125, 285.1006774902344], "obj_id": 3}, {"cam_R_m2c": [-0.07950366288423538, -0.815183162689209, -0.5737208127975464, -0.18174026906490326, 0.5777499079704285, -0.7957232594490051, 0.9801273941993713, 0.04100527614355087, -0.19408485293388367], "cam_t_m2c": [36.02351379394531, -41.818145751953125, 285.1006774902344], "obj_id": 2}, {"cam_R_m2c": [-0.07950366288423538, -0.815183162689209, -0.5737208127975464, -0.18174026906490326, 0.5777499079704285, -0.7957232594490051, 0.9801273941993713, 0.04100527614355087, -0.19408485293388367], "cam_t_m2c": [36.02351379394531, -41.818145751953125, 285.1006774902344], "obj_id": 3}, {"cam_R_m2c": [-0.07950366288423538, -0.815183162689209, -0.5737208127975464, -0.18174026906490326, 0.5777499079704285, -0.7957232594490051, 0.9801273941993713, 0.04100527614355087, -0.19408485293388367], "cam_t_m2c": [36.02351379394531, -41.818145751953125, 285.1006774902344], "obj_id": 1}, {"cam_R_m2c": [-0.07950366288423538, -0.815183162689209, -0.5737208127975464, -0.18174026906490326, 0.5777499079704285, -0.7957232594490051, 0.9801273941993713, 0.04100527614355087, -0.19408485293388367], "cam_t_m2c": [36.02351379394531, -41.818145751953125, 285.1006774902344], "obj_id": 0}, {"cam_R_m2c": [-0.07950366288423538, -0.815183162689209, -0.5737208127975464, -0.18174026906490326, 0.5777499079704285, -0.7957232594490051, 0.9801273941993713, 0.04100527614355087, -0.19408485293388367], "cam_t_m2c": [36.02351379394531, -41.818145751953125, 285.1006774902344], "obj_id": 0}, {"cam_R_m2c": [-0.07950366288423538, -0.815183162689209, -0.5737208127975464, -0.18174026906490326, 0.5777499079704285, -0.7957232594490051, 0.9801273941993713, 0.04100527614355087, -0.19408485293388367], "cam_t_m2c": [36.02351379394531, -41.818145751953125, 285.1006774902344], "obj_id": 2}, {"cam_R_m2c": [-0.07950366288423538, -0.815183162689209, -0.5737208127975464, -0.18174026906490326, 0.5777499079704285, -0.7957232594490051, 0.9801273941993713, 0.04100527614355087, -0.19408485293388367], "cam_t_m2c": [36.02351379394531, -41.818145751953125, 285.1006774902344], "obj_id": 2}, {"cam_R_m2c": [-0.07950366288423538, -0.815183162689209, -0.5737208127975464, -0.18174026906490326, 0.5777499079704285, -0.7957232594490051, 0.9801273941993713, 0.04100527614355087, -0.19408485293388367], "cam_t_m2c": [36.02351379394531, -41.818145751953125, 285.1006774902344], "obj_id": 0}, {"cam_R_m2c": [-0.07950366288423538, -0.815183162689209, -0.5737208127975464, -0.18174026906490326, 0.5777499079704285, -0.7957232594490051, 0.9801273941993713, 0.04100527614355087, -0.19408485293388367], "cam_t_m2c": [36.02351379394531, -41.818145751953125, 285.1006774902344], "obj_id": 3}, {"cam_R_m2c": [-0.07950366288423538, -0.815183162689209, -0.5737208127975464, -0.18174026906490326, 0.5777499079704285, -0.7957232594490051, 0.9801273941993713, 0.04100527614355087, -0.19408485293388367], "cam_t_m2c": [36.02351379394531, -41.818145751953125, 285.1006774902344], "obj_id": 3}, {"cam_R_m2c": [-0.07950366288423538, -0.815183162689209, -0.5737208127975464, -0.18174026906490326, 0.5777499079704285, -0.7957232594490051, 0.9801273941993713, 0.04100527614355087, -0.19408485293388367], "cam_t_m2c": [36.02351379394531, -41.818145751953125, 285.1006774902344], "obj_id": 1}, {"cam_R_m2c": [-0.07950366288423538, -0.815183162689209, -0.5737208127975464, -0.18174026906490326, 0.5777499079704285, -0.7957232594490051, 0.9801273941993713, 0.04100527614355087, -0.19408485293388367], "cam_t_m2c": [36.02351379394531, -41.818145751953125, 285.1006774902344], "obj_id": 1}, {"cam_R_m2c": [-0.07950366288423538, -0.815183162689209, -0.5737208127975464, -0.18174026906490326, 0.5777499079704285, -0.7957232594490051, 0.9801273941993713, 0.04100527614355087, -0.19408485293388367], "cam_t_m2c": [36.02351379394531, -41.818145751953125, 285.1006774902344], "obj_id": 2}, {"cam_R_m2c": [0.19779227674007416, 0.8888036608695984, 0.41340816020965576, -0.5316895246505737, 0.4515867829322815, -0.7165024280548096, -0.8235195875167847, -0.07808610051870346, 0.5618879199028015], "cam_t_m2c": [-20.446807861328125, -16.072036743164062, 197.26480102539062], "obj_id": 3}, {"cam_R_m2c": [-0.3520633578300476, 0.9339487552642822, 0.061571940779685974, 0.6894117593765259, 0.21426400542259216, 0.6919554471969604, 0.6330583095550537, 0.2860606014728546, -0.7193097472190857], "cam_t_m2c": [117.15180206298828, -118.39266967773438, 221.72988891601562], "obj_id": 3}, {"cam_R_m2c": [-0.38369590044021606, -0.12717285752296448, 0.9146607518196106, 0.9077041745185852, 0.13024115562438965, 0.39888620376586914, -0.16985391080379486, 0.9832925200462341, 0.06546244025230408], "cam_t_m2c": [32.318450927734375, -104.51212310791016, 379.474853515625], "obj_id": 3}, {"cam_R_m2c": [0.028681110590696335, -0.402706503868103, -0.9148797392845154, 0.8368456959724426, 0.5102382302284241, -0.19835896790027618, 0.5466870665550232, -0.7599239349365234, 0.3516373932361603], "cam_t_m2c": [4466.2119140625, 6294.22802734375, 1725.1021728515625], "obj_id": 0}, {"cam_R_m2c": [-0.5662502646446228, 0.7102838754653931, -0.4181596636772156, 0.5562768578529358, 0.7036934494972229, 0.4420086443424225, 0.6082078218460083, 0.017674962058663368, -0.7935810685157776], "cam_t_m2c": [4462.4775390625, 6532.26171875, 1998.44677734375], "obj_id": 2}, {"cam_R_m2c": [-0.4987970292568207, 0.4394824504852295, -0.7470319867134094, -0.4844490587711334, -0.8560675978660583, -0.1801595538854599, -0.7186868190765381, 0.2720358967781067, 0.6399107575416565], "cam_t_m2c": [-96.39653015136719, 21.950780868530273, 226.1945037841797], "obj_id": 1}, {"cam_R_m2c": [-0.5262899994850159, -0.05629764869809151, -0.8484394550323486, -0.18417230248451233, 0.9816665649414062, 0.049104880541563034, 0.8301201462745667, 0.18210244178771973, -0.5270097851753235], "cam_t_m2c": [4715.25048828125, 6229.33740234375, 1837.24560546875], "obj_id": 0}, {"cam_R_m2c": [-0.25425904989242554, 0.8181948065757751, 0.5156642198562622, -0.5004675388336182, -0.5675573348999023, 0.6537666916847229, 0.827577531337738, -0.09184709191322327, 0.55378657579422], "cam_t_m2c": [-69.43907165527344, 71.8029556274414, 186.26242065429688], "obj_id": 1}],
  "1": [{"cam_R_m2c": [0.37902000546455383, -0.7701762914657593, 0.5130031704902649, -0.026165124028921127, -0.5630627274513245, -0.8259997367858887, 0.9250184893608093, 0.29964762926101685, -0.23356376588344574], "cam_t_m2c": [73.67521667480469, 32.68023681640625, 255.62083435058594], "obj_id": 1}, {"cam_R_m2c": [0.37902000546455383, -0.7701762914657593, 0.5130031704902649, -0.026165124028921127, -0.5630627274513245, -0.8259997367858887, 0.9250184893608093, 0.29964762926101685, -0.23356376588344574], "cam_t_m2c": [73.67521667480469, 32.68023681640625, 255.62083435058594], "obj_id": 2}, {"cam_R_m2c": [0.37902000546455383, -0.7701762914657593, 0.5130031704902649, -0.026165124028921127, -0.5630627274513245, -0.8259997367858887, 0.9250184893608093, 0.29964762926101685, -0.23356376588344574], "cam_t_m2c": [73.67521667480469, 32.68023681640625, 255.62083435058594], "obj_id": 0}, {"cam_R_m2c": [0.37902000546455383, -0.7701762914657593, 0.5130031704902649, -0.026165124028921127, -0.5630627274513245, -0.8259997367858887, 0.9250184893608093, 0.29964762926101685, -0.23356376588344574], "cam_t_m2c": [73.67521667480469, 32.68023681640625, 255.62083435058594], "obj_id": 1}, {"cam_R_m2c": [0.37902000546455383, -0.7701762914657593, 0.5130031704902649, -0.026165124028921127, -0.5630627274513245, -0.8259997367858887, 0.9250184893608093, 0.29964762926101685, -0.23356376588344574], "cam_t_m2c": [73.67521667480469, 32.68023681640625, 255.62083435058594], "obj_id": 3}, {"cam_R_m2c": [0.37902000546455383, -0.7701762914657593, 0.5130031704902649, -0.026165124028921127, -0.5630627274513245, -0.8259997367858887, 0.9250184893608093, 0.29964762926101685, -0.23356376588344574], "cam_t_m2c": [73.67521667480469, 32.68023681640625, 255.62083435058594], "obj_id": 2}, {"cam_R_m2c": [0.37902000546455383, -0.7701762914657593, 0.5130031704902649, -0.026165124028921127, -0.5630627274513245, -0.8259997367858887, 0.9250184893608093, 0.29964762926101685, -0.23356376588344574], "cam_t_m2c": [73.67521667480469, 32.68023681640625, 255.62083435058594], "obj_id": 0}, {"cam_R_m2c": [0.37902000546455383, -0.7701762914657593, 0.5130031704902649, -0.026165124028921127, -0.5630627274513245, -0.8259997367858887, 0.9250184893608093, 0.29964762926101685, -0.23356376588344574], "cam_t_m2c": [73.67521667480469, 32.68023681640625, 255.62083435058594], "obj_id": 1}, {"cam_R_m2c": [0.37902000546455383, -0.7701762914657593, 0.5130031704902649, -0.026165124028921127, -0.5630627274513245, -0.8259997367858887, 0.9250184893608093, 0.29964762926101685, -0.23356376588344574], "cam_t_m2c": [73.67521667480469, 32.68023681640625, 255.62083435058594], "obj_id": 2}, {"cam_R_m2c": [0.37902000546455383, -0.7701762914657593, 0.5130031704902649, -0.026165124028921127, -0.5630627274513245, -0.8259997367858887, 0.9250184893608093, 0.29964762926101685, -0.23356376588344574], "cam_t_m2c": [73.67521667480469, 32.68023681640625, 255.62083435058594], "obj_id": 2}, {"cam_R_m2c": [0.37902000546455383, -0.7701762914657593, 0.5130031704902649, -0.026165124028921127, -0.5630627274513245, -0.8259997367858887, 0.9250184893608093, 0.29964762926101685, -0.23356376588344574], "cam_t_m2c": [73.67521667480469, 32.68023681640625, 255.62083435058594], "obj_id": 3}, {"cam_R_m2c": [0.37902000546455383, -0.7701762914657593, 0.5130031704902649, -0.026165124028921127, -0.5630627274513245, -0.8259997367858887, 0.9250184893608093, 0.29964762926101685, -0.23356376588344574], "cam_t_m2c": [73.67521667480469, 32.68023681640625, 255.62083435058594], "obj_id": 2}, {"cam_R_m2c": [0.37902000546455383, -0.7701762914657593, 0.5130031704902649, -0.026165124028921127, -0.5630627274513245, -0.8259997367858887, 0.9250184893608093, 0.29964762926101685, -0.23356376588344574], "cam_t_m2c": [73.67521667480469, 32.68023681640625, 255.62083435058594], "obj_id": 3}, {"cam_R_m2c": [0.37902000546455383, -0.7701762914657593, 0.5130031704902649, -0.026165124028921127, -0.5630627274513245, -0.8259997367858887, 0.9250184893608093, 0.29964762926101685, -0.23356376588344574], "cam_t_m2c": [73.67521667480469, 32.68023681640625, 255.62083435058594], "obj_id": 1}, {"cam_R_m2c": [0.37902000546455383, -0.7701762914657593, 0.5130031704902649, -0.026165124028921127, -0.5630627274513245, -0.8259997367858887, 0.9250184893608093, 0.29964762926101685, -0.23356376588344574], "cam_t_m2c": [73.67521667480469, 32.68023681640625, 255.62083435058594], "obj_id": 0}, {"cam_R_m2c": [0.37902000546455383, -0.7701762914657593, 0.5130031704902649, -0.026165124028921127, -0.5630627274513245, -0.8259997367858887, 0.9250184893608093, 0.29964762926101685, -0.23356376588344574], "cam_t_m2c": [73.67521667480469, 32.68023681640625, 255.62083435058594], "obj_id": 0}, {"cam_R_m2c": [0.37902000546455383, -0.7701762914657593, 0.5130031704902649, -0.026165124028921127, -0.5630627274513245, -0.8259997367858887, 0.9250184893608093, 0.29964762926101685, -0.23356376588344574], "cam_t_m2c": [73.67521667480469, 32.68023681640625, 255.62083435058594], "obj_id": 2}, {"cam_R_m2c": [0.37902000546455383, -0.7701762914657593, 0.5130031704902649, -0.026165124028921127, -0.5630627274513245, -0.8259997367858887, 0.9250184893608093, 0.29964762926101685, -0.23356376588344574], "cam_t_m2c": [73.67521667480469, 32.68023681640625, 255.62083435058594], "obj_id": 2}, {"cam_R_m2c": [0.37902000546455383, -0.7701762914657593, 0.5130031704902649, -0.026165124028921127, -0.5630627274513245, -0.8259997367858887, 0.9250184893608093, 0.29964762926101685, -0.23356376588344574], "cam_t_m2c": [73.67521667480469, 32.68023681640625, 255.62083435058594], "obj_id": 0}, {"cam_R_m2c": [0.37902000546455383, -0.7701762914657593, 0.5130031704902649, -0.026165124028921127, -0.5630627274513245, -0.8259997367858887, 0.9250184893608093, 0.29964762926101685, -0.23356376588344574], "cam_t_m2c": [73.67521667480469, 32.68023681640625, 255.62083435058594], "obj_id": 3}, {"cam_R_m2c": [0.37902000546455383, -0.7701762914657593, 0.5130031704902649, -0.026165124028921127, -0.5630627274513245, -0.8259997367858887, 0.9250184893608093, 0.29964762926101685, -0.23356376588344574], "cam_t_m2c": [73.67521667480469, 32.68023681640625, 255.62083435058594], "obj_id": 3}, {"cam_R_m2c": [0.37902000546455383, -0.7701762914657593, 0.5130031704902649, -0.026165124028921127, -0.5630627274513245, -0.8259997367858887, 0.9250184893608093, 0.29964762926101685, -0.23356376588344574], "cam_t_m2c": [73.67521667480469, 32.68023681640625, 255.62083435058594], "obj_id": 1}, {"cam_R_m2c": [0.37902000546455383, -0.7701762914657593, 0.5130031704902649, -0.026165124028921127, -0.5630627274513245, -0.8259997367858887, 0.9250184893608093, 0.29964762926101685, -0.23356376588344574], "cam_t_m2c": [73.67521667480469, 32.68023681640625, 255.62083435058594], "obj_id": 1}, {"cam_R_m2c": [0.37902000546455383, -0.7701762914657593, 0.5130031704902649, -0.026165124028921127, -0.5630627274513245, -0.8259997367858887, 0.9250184893608093, 0.29964762926101685, -0.23356376588344574], "cam_t_m2c": [73.67521667480469, 32.68023681640625, 255.62083435058594], "obj_id": 2}, {"cam_R_m2c": [0.3523314297199249, -0.16551196575164795, 0.9211233854293823, -0.08598490059375763, 0.9743495583534241, 0.20796526968479156, -0.9319168925285339, -0.15247540175914764, 0.32906243205070496], "cam_t_m2c": [11.69321346282959, -21.249691009521484, 186.2184295654297], "obj_id": 3}, {"cam_R_m2c": [-0.5903394818305969, 0.15452952682971954, -0.792224645614624, -0.0263989120721817, 0.9772809147834778, 0.21029776334762573, 0.8067231774330139, 0.1450609564781189, -0.5728480815887451], "cam_t_m2c": [153.663818359375, 75.67842102050781, 164.98806762695312], "obj_id": 3}, {"cam_R_m2c": [-0.994187593460083, 0.07765285670757294, -0.07457376271486282, -0.07206182181835175, 0.03466673195362091, 0.9967975616455078, 0.07998941093683243, 0.9963775873184204, -0.028869515284895897], "cam_t_m2c": [153.04078674316406, 18.63651466369629, 335.3367614746094], "obj_id": 3}, {"cam_R_m2c": [-0.6315303444862366, -0.7752846479415894, -0.010145210660994053, 0.3695925176143646, -0.2895081639289856, -0.8829417824745178, 0.6815941333770752, -0.5613542199134827, 0.4693727493286133], "cam_t_m2c": [-4078.422119140625, 6468.89306640625, 2039.1380615234375], "obj_id": 0}, {"cam_R_m2c": [-0.5385335683822632, -0.42911389470100403, -0.7251500487327576, -0.27425894141197205, 0.9030110239982605, -0.3306858539581299, 0.7967203855514526, 0.020793411880731583, -0.6039900779724121], "cam_t_m2c": [-4233.34130859375, 6576.05029296875, 2348.829833984375], "obj_id": 2}, {"cam_R_m2c": [0.12263685464859009, 0.9880582094192505, 0.0932794138789177, -0.7096731662750244, 0.15300896763801575, -0.6877151727676392, -0.6937752366065979, 0.01814129389822483, 0.719963014125824], "cam_t_m2c": [-39.45486068725586, -76.22987365722656, 235.3313446044922], "obj_id": 1}, {"cam_R_m2c": [0.20966321229934692, -0.8784695863723755, -0.42933958768844604, -0.4614550471305847, 0.29822224378585815, -0.8355373740196228, 0.8620327711105347, 0.3733023405075073, -0.3428479731082916], "cam_t_m2c": [-3916.082763671875, 6692.400390625, 2089.112060546875], "obj_id": 0}, {"cam_R_m2c": [0.5832245945930481, 0.7494726181030273, -0.3132728040218353, -0.3138980269432068, 0.5636374354362488, 0.7640554904937744, 0.7492110133171082, -0.34728026390075684, 0.5639852285385132], "cam_t_m2c": [-86.84053039550781, -38.69511032104492, 201.3864288330078], "obj_id": 1}]
}