{
  "0": [{"cam_R_m2c": [-0.9668179750442505, -0.2121582329273224, 0.142309308052063, -0.19201047718524933, 0.9709194898605347, 0.14299415051937103, -0.16850826144218445, 0.11092443764209747, -0.9794390201568604], "cam_t_m2c": [61.677490234375, 333.24151611328125, 493.6316833496094], "obj_id": 0}, {"cam_R_m2c": [-0.5251472592353821, 0.8494783639907837, -0.05105610191822052, 0.019242746755480766, 0.07183238118886948, 0.9972310066223145, 0.8507936596870422, 0.5227108001708984, -0.05406880006194115], "cam_t_m2c": [25179.69921875, -17090.017578125, -26808.41796875], "obj_id": 0}, {"cam_R_m2c": [-0.7472772598266602, -0.3759204149246216, 0.5479602217674255, -0.4074188768863678, 0.9106230735778809, 0.06910521537065506, -0.5249632596969604, -0.1716085821390152, -0.8336449861526489], "cam_t_m2c": [195.2174072265625, 40.354515075683594, 542.7791748046875], "obj_id": 2}, {"cam_R_m2c": [0.9719815850257874, 0.019754210487008095, 0.2342255413532257, 0.03799022361636162, -0.9965639114379883, -0.07360198348760605, 0.2319667488336563, 0.0804380476474762, -0.9693921804428101], "cam_t_m2c": [-57.357391357421875, 141.23085021972656, 673.419677734375], "obj_id": 2}],
  "1": [{"cam_R_m2c": [0.8528685569763184, -0.47255805134773254, -0.22204522788524628, -0.5112782716751099, -0.6696293354034424, -0.5386937856674194, 0.10587609559297562, 0.5729619264602661, -0.8127144575119019], "cam_t_m2c": [-273.8331298828125, -404.55975341796875, 669.9668579101562], "obj_id": 0}, {"cam_R_m2c": [0.402534544467926, -0.677973747253418, -0.6150752305984497, 0.1529591679573059, 0.7122851014137268, -0.6850206851959229, 0.9025349617004395, 0.18166309595108032, 0.39042168855667114], "cam_t_m2c": [-8443.1005859375, 9884.853515625, -38153.796875], "obj_id": 0}, {"cam_R_m2c": [0.8202540278434753, -0.31534579396247864, -0.47722145915031433, -0.4452072083950043, -0.8757877349853516, -0.18651095032691956, -0.35912927985191345, 0.36544880270957947, -0.8587626218795776], "cam_t_m2c": [-182.09005737304688, -119.09300231933594, 542.9092407226562], "obj_id": 2}, {"cam_R_m2c": [-0.7546375393867493, 0.6388628482818604, -0.14958655834197998, 0.6452849507331848, 0.6813068389892578, -0.345583975315094, -0.1188664585351944, -0.35731667280197144, -0.9263882637023926], "cam_t_m2c": [-54.383880615234375, -253.53440856933594, 781.041748046875], "obj_id": 2}]
}