{
  "0": [{"cam_R_m2c": [-0.8971361517906189, -0.43804866075515747, -0.05709824338555336, -0.15508995950222015, 0.433348149061203, -0.8877817988395691, 0.4136350154876709, -0.7876057624816895, -0.4567092955112457], "cam_t_m2c": [-198.14500427246094, 52.81238555908203, 221.26321411132812], "obj_id": 3}, {"cam_R_m2c": [-0.8971361517906189, -0.43804866075515747, -0.05709824338555336, -0.15508995950222015, 0.433348149061203, -0.8877817988395691, 0.4136350154876709, -0.7876057624816895, -0.4567092955112457], "cam_t_m2c": [-198.14500427246094, 52.81238555908203, 221.26321411132812], "obj_id": 2}, {"cam_R_m2c": [-0.8971361517906189, -0.43804866075515747, -0.05709824338555336, -0.15508995950222015, 0.433348149061203, -0.8877817988395691, 0.4136350154876709, -0.7876057624816895, -0.4567092955112457], "cam_t_m2c": [-198.14500427246094, 52.81238555908203, 221.26321411132812], "obj_id": 1}, {"cam_R_m2c": [-0.8971361517906189, -0.43804866075515747, -0.05709824338555336, -0.15508995950222015, 0.433348149061203, -0.8877817988395691, 0.4136350154876709, -0.7876057624816895, -0.4567092955112457], "cam_t_m2c": [-198.14500427246094, 52.81238555908203, 221.26321411132812], "obj_id": 2}, {"cam_R_m2c": [-0.8971361517906189, -0.43804866075515747, -0.05709824338555336, -0.15508995950222015, 0.433348149061203, -0.8877817988395691, 0.4136350154876709, -0.7876057624816895, -0.4567092955112457], "cam_t_m2c": [-198.14500427246094, 52.81238555908203, 221.26321411132812], "obj_id": 2}, {"cam_R_m2c": [-0.8971361517906189, -0.43804866075515747, -0.05709824338555336, -0.15508995950222015, 0.433348149061203, -0.8877817988395691, 0.4136350154876709, -0.7876057624816895, -0.4567092955112457], "cam_t_m2c": [-198.14500427246094, 52.81238555908203, 221.26321411132812], "obj_id": 2}, {"cam_R_m2c": [-0.8971361517906189, -0.43804866075515747, -0.05709824338555336, -0.15508995950222015, 0.433348149061203, -0.8877817988395691, 0.4136350154876709, -0.7876057624816895, -0.4567092955112457], "cam_t_m2c": [-198.14500427246094, 52.81238555908203, 221.26321411132812], "obj_id": 2}, {"cam_R_m2c": [-0.8971361517906189, -0.43804866075515747, -0.05709824338555336, -0.15508995950222015, 0.433348149061203, -0.8877817988395691, 0.4136350154876709, -0.7876057624816895, -0.4567092955112457], "cam_t_m2c": [-198.14500427246094, 52.81238555908203, 221.26321411132812], "obj_id": 1}, {"cam_R_m2c": [-0.8971361517906189, -0.43804866075515747, -0.05709824338555336, -0.15508995950222015, 0.433348149061203, -0.8877817988395691, 0.4136350154876709, -0.7876057624816895, -0.4567092955112457], "cam_t_m2c": [-198.14500427246094, 52.81238555908203, 221.26321411132812], "obj_id": 0}, {"cam_R_m2c": [-0.8971361517906189, -0.43804866075515747, -0.05709824338555336, -0.15508995950222015, 0.433348149061203, -0.8877817988395691, 0.4136350154876709, -0.7876057624816895, -0.4567092955112457], "cam_t_m2c": [-198.14500427246094, 52.81238555908203, 221.26321411132812], "obj_id": 3}, {"cam_R_m2c": [-0.8971361517906189, -0.43804866075515747, -0.05709824338555336, -0.15508995950222015, 0.433348149061203, -0.8877817988395691, 0.4136350154876709, -0.7876057624816895, -0.4567092955112457], "cam_t_m2c": [-198.14500427246094, 52.81238555908203, 221.26321411132812], "obj_id": 2}, {"cam_R_m2c": [-0.8971361517906189, -0.43804866075515747, -0.05709824338555336, -0.15508995950222015, 0.433348149061203, -0.8877817988395691, 0.4136350154876709, -0.7876057624816895, -0.4567092955112457], "cam_t_m2c": [-198.14500427246094, 52.81238555908203, 221.26321411132812], "obj_id": 0}, {"cam_R_m2c": [-0.8971361517906189, -0.43804866075515747, -0.05709824338555336, -0.15508995950222015, 0.433348149061203, -0.8877817988395691, 0.4136350154876709, -0.7876057624816895, -0.4567092955112457], "cam_t_m2c": [-198.14500427246094, 52.81238555908203, 221.26321411132812], "obj_id": 1}, {"cam_R_m2c": [-0.8971361517906189, -0.43804866075515747, -0.05709824338555336, -0.15508995950222015, 0.433348149061203, -0.8877817988395691, 0.4136350154876709, -0.7876057624816895, -0.4567092955112457], "cam_t_m2c": [-198.14500427246094, 52.81238555908203, 221.26321411132812], "obj_id": 2}, {"cam_R_m2c": [-0.8971361517906189, -0.43804866075515747, -0.05709824338555336, -0.15508995950222015, 0.433348149061203, -0.8877817988395691, 0.4136350154876709, -0.7876057624816895, -0.4567092955112457], "cam_t_m2c": [-198.14500427246094, 52.81238555908203, 221.26321411132812], "obj_id": 1}, {"cam_R_m2c": [-0.8971361517906189, -0.43804866075515747, -0.05709824338555336, -0.15508995950222015, 0.433348149061203, -0.8877817988395691, 0.4136350154876709, -0.7876057624816895, -0.4567092955112457], "cam_t_m2c": [-198.14500427246094, 52.81238555908203, 221.26321411132812], "obj_id": 2}, {"cam_R_m2c": [-0.8971361517906189, -0.43804866075515747, -0.05709824338555336, -0.15508995950222015, 0.433348149061203, -0.8877817988395691, 0.4136350154876709, -0.7876057624816895, -0.4567092955112457], "cam_t_m2c": [-198.14500427246094, 52.81238555908203, 221.26321411132812], "obj_id": 0}, {"cam_R_m2c": [-0.8971361517906189, -0.43804866075515747, -0.05709824338555336, -0.15508995950222015, 0.433348149061203, -0.8877817988395691, 0.4136350154876709, -0.7876057624816895, -0.4567092955112457], "cam_t_m2c": [-198.14500427246094, 52.81238555908203, 221.26321411132812], "obj_id": 2}, {"cam_R_m2c": [-0.8971361517906189, -0.43804866075515747, -0.05709824338555336, -0.15508995950222015, 0.433348149061203, -0.8877817988395691, 0.4136350154876709, -0.7876057624816895, -0.4567092955112457], "cam_t_m2c": [-198.14500427246094, 52.81238555908203, 221.26321411132812], "obj_id": 3}, {"cam_R_m2c": [-0.8971361517906189, -0.43804866075515747, -0.05709824338555336, -0.15508995950222015, 0.433348149061203, -0.8877817988395691, 0.4136350154876709, -0.7876057624816895, -0.4567092955112457], "cam_t_m2c": [-198.14500427246094, 52.81238555908203, 221.26321411132812], "obj_id": 2}, {"cam_R_m2c": [-0.8971361517906189, -0.43804866075515747, -0.05709824338555336, -0.15508995950222015, 0.433348149061203, -0.8877817988395691, 0.4136350154876709, -0.7876057624816895, -0.4567092955112457], "cam_t_m2c": [-198.14500427246094, 52.81238555908203, 221.26321411132812], "obj_id": 2}, {"cam_R_m2c": [-0.8971361517906189, -0.43804866075515747, -0.05709824338555336, -0.15508995950222015, 0.433348149061203, -0.8877817988395691, 0.4136350154876709, -0.7876057624816895, -0.4567092955112457], "cam_t_m2c": [-198.14500427246094, 52.81238555908203, 221.26321411132812], "obj_id": 2}, {"cam_R_m2c": [-0.8971361517906189, -0.43804866075515747, -0.05709824338555336, -0.15508995950222015, 0.433348149061203, -0.8877817988395691, 0.4136350154876709, -0.7876057624816895, -0.4567092955112457], "cam_t_m2c": [-198.14500427246094, 52.81238555908203, 221.26321411132812], "obj_id": 3}, {"cam_R_m2c": [-0.8971361517906189, -0.43804866075515747, -0.05709824338555336, -0.15508995950222015, 0.433348149061203, -0.8877817988395691, 0.4136350154876709, -0.7876057624816895, -0.4567092955112457], "cam_t_m2c": [-198.14500427246094, 52.81238555908203, 221.26321411132812], "obj_id": 0}, {"cam_R_m2c": [0.5510317087173462, -0.1124953106045723, 0.826866865158081, 0.8334492444992065, 0.024856043979525566, -0.5520366430282593, 0.041548918932676315, 0.9933412671089172, 0.10745561867952347], "cam_t_m2c": [437.6524353027344, 21.017141342163086, 94.1022720336914], "obj_id": 0}, {"cam_R_m2c": [-0.6095399856567383, 0.3875822126865387, 0.6915496587753296, 0.08119037747383118, 0.8982704281806946, -0.43187764286994934, -0.7885867357254028, -0.2070995271205902, -0.5789996981620789], "cam_t_m2c": [13.459517478942871, 125.69998168945312, 68.83451080322266], "obj_id": 0}, {"cam_R_m2c": [0.01939760521054268, 0.8000254034996033, -0.5996523499488831, 0.057373810559511185, 0.5978862643241882, 0.7995250225067139, 0.9981642365455627, -0.04991316422820091, -0.03430292382836342], "cam_t_m2c": [-181.5390167236328, 5.2093400955200195, 312.8338623046875], "obj_id": 1}, {"cam_R_m2c": [0.5559458136558533, -0.24973687529563904, 0.7928151488304138, -0.6718760132789612, 0.4265531003475189, 0.6055040955543518, -0.48939448595046997, -0.869300901889801, 0.06934819370508194], "cam_t_m2c": [31.61003875732422, -51.72550582885742, 286.2680358886719], "obj_id": 3}, {"cam_R_m2c": [0.08615639805793762, 0.7011939883232117, 0.7077456116676331, 0.13763943314552307, 0.6951979398727417, -0.7055176496505737, -0.9867280721664429, 0.1581985056400299, -0.03661617264151573], "cam_t_m2c": [-52.17244338989258, 77.55831146240234, 173.10006713867188], "obj_id": 0}, {"cam_R_m2c": [-0.5691468119621277, -0.7351836562156677, 0.3682074546813965, 0.7200389504432678, -0.6618609428405762, -0.20852778851985931, 0.39700841903686523, 0.146440789103508, 0.9060570597648621], "cam_t_m2c": [57.106300354003906, 0.3227759003639221, 271.4388122558594], "obj_id": 3}, {"cam_R_m2c": [-0.5010462403297424, -0.5923782587051392, 0.6309046149253845, 0.5980595350265503, -0.7639387845993042, -0.2423269897699356, 0.625521719455719, 0.2559015154838562, 0.7370461225509644], "cam_t_m2c": [12.394847869873047, 8.418970108032227, 263.7019348144531], "obj_id": 3}, {"cam_R_m2c": [0.8099809885025024, 0.5720958709716797, -0.12898509204387665, 0.4447331428527832, -0.45583048462867737, 0.7709935307502747, 0.3822868764400482, -0.6818540096282959, -0.6236439943313599], "cam_t_m2c": [-123.67268371582031, 174.61268615722656, -4.007718086242676], "obj_id": 2}],
  "1": [{"cam_R_m2c": [-0.9386366605758667, -0.34133151173591614, 0.049538806080818176, -0.28515344858169556, 0.6871737837791443, -0.6681914329528809, 0.19403301179409027, -0.6413151025772095, -0.7423383593559265], "cam_t_m2c": [-185.6433563232422, 72.96051788330078, 220.51409912109375], "obj_id": 3}, {"cam_R_m2c": [-0.9386366605758667, -0.34133151173591614, 0.049538806080818176, -0.28515344858169556, 0.6871737837791443, -0.6681914329528809, 0.19403301179409027, -0.6413151025772095, -0.7423383593559265], "cam_t_m2c": [-185.6433563232422, 72.96051788330078, 220.51409912109375], "obj_id": 2}, {"cam_R_m2c": [-0.9386366605758667, -0.34133151173591614, 0.049538806080818176, -0.28515344858169556, 0.6871737837791443, -0.6681914329528809, 0.19403301179409027, -0.6413151025772095, -0.7423383593559265], "cam_t_m2c": [-185.6433563232422, 72.96051788330078, 220.51409912109375], "obj_id": 1}, {"cam_R_m2c": [-0.9386366605758667, -0.34133151173591614, 0.049538806080818176, -0.28515344858169556, 0.6871737837791443, -0.6681914329528809, 0.19403301179409027, -0.6413151025772095, -0.7423383593559265], "cam_t_m2c": [-185.6433563232422, 72.96051788330078, 220.51409912109375], "obj_id": 2}, {"cam_R_m2c": [-0.9386366605758667, -0.34133151173591614, 0.049538806080818176, -0.28515344858169556, 0.6871737837791443, -0.6681914329528809, 0.19403301179409027, -0.6413151025772095, -0.7423383593559265], "cam_t_m2c": [-185.6433563232422, 72.96051788330078, 220.51409912109375], "obj_id": 2}, {"cam_R_m2c": [-0.9386366605758667, -0.34133151173591614, 0.049538806080818176, -0.28515344858169556, 0.6871737837791443, -0.6681914329528809, 0.19403301179409027, -0.6413151025772095, -0.7423383593559265], "cam_t_m2c": [-185.6433563232422, 72.96051788330078, 220.51409912109375], "obj_id": 2}, {"cam_R_m2c": [-0.9386366605758667, -0.34133151173591614, 0.049538806080818176, -0.28515344858169556, 0.6871737837791443, -0.6681914329528809, 0.19403301179409027, -0.6413151025772095, -0.7423383593559265], "cam_t_m2c": [-185.6433563232422, 72.96051788330078, 220.51409912109375], "obj_id": 2}, {"cam_R_m2c": [-0.9386366605758667, -0.34133151173591614, 0.049538806080818176, -0.28515344858169556, 0.6871737837791443, -0.6681914329528809, 0.19403301179409027, -0.6413151025772095, -0.7423383593559265], "cam_t_m2c": [-185.6433563232422, 72.96051788330078, 220.51409912109375], "obj_id": 1}, {"cam_R_m2c": [-0.9386366605758667, -0.34133151173591614, 0.049538806080818176, -0.28515344858169556, 0.6871737837791443, -0.6681914329528809, 0.19403301179409027, -0.6413151025772095, -0.7423383593559265], "cam_t_m2c": [-185.6433563232422, 72.96051788330078, 220.51409912109375], "obj_id": 0}, {"cam_R_m2c": [-0.9386366605758667, -0.34133151173591614, 0.049538806080818176, -0.28515344858169556, 0.6871737837791443, -0.6681914329528809, 0.19403301179409027, -0.6413151025772095, -0.7423383593559265], "cam_t_m2c": [-185.6433563232422, 72.96051788330078, 220.51409912109375], "obj_id": 3}, {"cam_R_m2c": [-0.9386366605758667, -0.34133151173591614, 0.049538806080818176, -0.28515344858169556, 0.6871737837791443, -0.6681914329528809, 0.19403301179409027, -0.6413151025772095, -0.7423383593559265], "cam_t_m2c": [-185.6433563232422, 72.96051788330078, 220.51409912109375], "obj_id": 2}, {"cam_R_m2c": [-0.9386366605758667, -0.34133151173591614, 0.049538806080818176, -0.28515344858169556, 0.6871737837791443, -0.6681914329528809, 0.19403301179409027, -0.6413151025772095, -0.7423383593559265], "cam_t_m2c": [-185.6433563232422, 72.96051788330078, 220.51409912109375], "obj_id": 0}, {"cam_R_m2c": [-0.9386366605758667, -0.34133151173591614, 0.049538806080818176, -0.28515344858169556, 0.6871737837791443, -0.6681914329528809, 0.19403301179409027, -0.6413151025772095, -0.7423383593559265], "cam_t_m2c": [-185.6433563232422, 72.96051788330078, 220.51409912109375], "obj_id": 1}, {"cam_R_m2c": [-0.9386366605758667, -0.34133151173591614, 0.049538806080818176, -0.28515344858169556, 0.6871737837791443, -0.6681914329528809, 0.19403301179409027, -0.6413151025772095, -0.7423383593559265], "cam_t_m2c": [-185.6433563232422, 72.96051788330078, 220.51409912109375], "obj_id": 2}, {"cam_R_m2c": [-0.9386366605758667, -0.34133151173591614, 0.049538806080818176, -0.28515344858169556, 0.6871737837791443, -0.6681914329528809, 0.19403301179409027, -0.6413151025772095, -0.7423383593559265], "cam_t_m2c": [-185.6433563232422, 72.96051788330078, 220.51409912109375], "obj_id": 1}, {"cam_R_m2c": [-0.9386366605758667, -0.34133151173591614, 0.049538806080818176, -0.28515344858169556, 0.6871737837791443, -0.6681914329528809, 0.19403301179409027, -0.6413151025772095, -0.7423383593559265], "cam_t_m2c": [-185.6433563232422, 72.96051788330078, 220.51409912109375], "obj_id": 2}, {"cam_R_m2c": [-0.9386366605758667, -0.34133151173591614, 0.049538806080818176, -0.28515344858169556, 0.6871737837791443, -0.6681914329528809, 0.19403301179409027, -0.6413151025772095, -0.7423383593559265], "cam_t_m2c": [-185.6433563232422, 72.96051788330078, 220.51409912109375], "obj_id": 0}, {"cam_R_m2c": [-0.9386366605758667, -0.34133151173591614, 0.049538806080818176, -0.28515344858169556, 0.6871737837791443, -0.6681914329528809, 0.19403301179409027, -0.6413151025772095, -0.7423383593559265], "cam_t_m2c": [-185.6433563232422, 72.96051788330078, 220.51409912109375], "obj_id": 2}, {"cam_R_m2c": [-0.9386366605758667, -0.34133151173591614, 0.049538806080818176, -0.28515344858169556, 0.6871737837791443, -0.6681914329528809, 0.19403301179409027, -0.6413151025772095, -0.7423383593559265], "cam_t_m2c": [-185.6433563232422, 72.96051788330078, 220.51409912109375], "obj_id": 3}, {"cam_R_m2c": [-0.9386366605758667, -0.34133151173591614, 0.049538806080818176, -0.28515344858169556, 0.6871737837791443, -0.6681914329528809, 0.19403301179409027, -0.6413151025772095, -0.7423383593559265], "cam_t_m2c": [-185.6433563232422, 72.96051788330078, 220.51409912109375], "obj_id": 2}, {"cam_R_m2c": [-0.9386366605758667, -0.34133151173591614, 0.049538806080818176, -0.28515344858169556, 0.6871737837791443, -0.6681914329528809, 0.19403301179409027, -0.6413151025772095, -0.7423383593559265], "cam_t_m2c": [-185.6433563232422, 72.96051788330078, 220.51409912109375], "obj_id": 2}, {"cam_R_m2c": [-0.9386366605758667, -0.34133151173591614, 0.049538806080818176, -0.28515344858169556, 0.6871737837791443, -0.6681914329528809, 0.19403301179409027, -0.6413151025772095, -0.7423383593559265], "cam_t_m2c": [-185.6433563232422, 72.96051788330078, 220.51409912109375], "obj_id": 2}, {"cam_R_m2c": [-0.9386366605758667, -0.34133151173591614, 0.049538806080818176, -0.28515344858169556, 0.6871737837791443, -0.6681914329528809, 0.19403301179409027, -0.6413151025772095, -0.7423383593559265], "cam_t_m2c": [-185.6433563232422, 72.96051788330078, 220.51409912109375], "obj_id": 3}, {"cam_R_m2c": [-0.9386366605758667, -0.34133151173591614, 0.049538806080818176, -0.28515344858169556, 0.6871737837791443, -0.6681914329528809, 0.19403301179409027, -0.6413151025772095, -0.7423383593559265], "cam_t_m2c": [-185.6433563232422, 72.96051788330078, 220.51409912109375], "obj_id": 0}, {"cam_R_m2c": [0.5003384351730347, -0.253481388092041, 0.8278941512107849, 0.7608681917190552, -0.3276071846485138, -0.5601367950439453, 0.4132082462310791, 0.9101762771606445, 0.028951389715075493], "cam_t_m2c": [462.5529479980469, 83.76322937011719, 186.69219970703125], "obj_id": 0}, {"cam_R_m2c": [-0.4944460988044739, 0.37103942036628723, 0.7860361337661743, 0.359384149312973, 0.9106633067131042, -0.2038021981716156, -0.7914329171180725, 0.18171972036361694, -0.5836195945739746], "cam_t_m2c": [41.861228942871094, 193.59629821777344, 136.7751922607422], "obj_id": 0}, {"cam_R_m2c": [-0.1252599060535431, 0.770440399646759, -0.6250850558280945, -0.29983168840408325, 0.5711902976036072, 0.7640959024429321, 0.9457328915596008, 0.2831310033798218, 0.1594552844762802], "cam_t_m2c": [-180.02566528320312, -4.091822624206543, 290.9298095703125], "obj_id": 1}, {"cam_R_m2c": [0.6503437161445618, -0.14321433007717133, 0.7460178732872009, -0.4590185284614563, 0.7084130644798279, 0.536146342754364, -0.6052727103233337, -0.6911154389381409, 0.3949739933013916], "cam_t_m2c": [37.14179229736328, -49.43486022949219, 278.1968688964844], "obj_id": 3}, {"cam_R_m2c": [0.2189715951681137, 0.6386497616767883, 0.7376841306686401, 0.47742006182670593, 0.5892217755317688, -0.6518341302871704, -0.8509532809257507, 0.4949183464050293, -0.17588137090206146], "cam_t_m2c": [-35.614261627197266, 112.12531280517578, 206.4637451171875], "obj_id": 0}, {"cam_R_m2c": [-0.652504563331604, -0.7170742750167847, 0.24503493309020996, 0.5368593335151672, -0.6656478047370911, -0.5183578729629517, 0.5348080992698669, -0.20668160915374756, 0.8193064332008362], "cam_t_m2c": [62.04731369018555, 4.311669826507568, 286.5643615722656], "obj_id": 3}, {"cam_R_m2c": [-0.6119769215583801, -0.5866913795471191, 0.5303561091423035, 0.3414081931114197, -0.8008678555488586, -0.49198704957962036, 0.7133896946907043, -0.12001676112413406, 0.690413773059845], "cam_t_m2c": [18.561630249023438, 14.937073707580566, 275.58172607421875], "obj_id": 3}, {"cam_R_m2c": [0.7259876728057861, 0.6836422681808472, -0.0746668204665184, 0.2748885154724121, -0.1889515370130539, 0.9427266716957092, 0.6303794384002686, -0.7049329876899719, -0.3251018822193146], "cam_t_m2c": [-85.65079498291016, 266.09228515625, 66.14446258544922], "obj_id": 2}]
}