{
  "0": [{"cam_R_m2c": [-0.6464810371398926, -0.4710674583911896, -0.6001313328742981, 0.02560540847480297, 0.7727739214897156, -0.6341646313667297, 0.7625001668930054, -0.42534205317497253, -0.48752179741859436], "cam_t_m2c": [38.842708587646484, -6.899775505065918, 215.8541717529297], "obj_id": 3}, {"cam_R_m2c": [-0.6464810371398926, -0.4710674583911896, -0.6001313328742981, 0.02560540847480297, 0.7727739214897156, -0.6341646313667297, 0.7625001668930054, -0.42534205317497253, -0.48752179741859436], "cam_t_m2c": [38.842708587646484, -6.899775505065918, 215.8541717529297], "obj_id": 2}, {"cam_R_m2c": [-0.6464810371398926, -0.4710674583911896, -0.6001313328742981, 0.02560540847480297, 0.7727739214897156, -0.6341646313667297, 0.7625001668930054, -0.42534205317497253, -0.48752179741859436], "cam_t_m2c": [38.842708587646484, -6.899775505065918, 215.8541717529297], "obj_id": 2}, {"cam_R_m2c": [-0.6464810371398926, -0.4710674583911896, -0.6001313328742981, 0.02560540847480297, 0.7727739214897156, -0.6341646313667297, 0.7625001668930054, -0.42534205317497253, -0.48752179741859436], "cam_t_m2c": [38.842708587646484, -6.899775505065918, 215.8541717529297], "obj_id": 0}, {"cam_R_m2c": [-0.6464810371398926, -0.4710674583911896, -0.6001313328742981, 0.02560540847480297, 0.7727739214897156, -0.6341646313667297, 0.7625001668930054, -0.42534205317497253, -0.48752179741859436], "cam_t_m2c": [38.842708587646484, -6.899775505065918, 215.8541717529297], "obj_id": 3}, {"cam_R_m2c": [-0.6464810371398926, -0.4710674583911896, -0.6001313328742981, 0.02560540847480297, 0.7727739214897156, -0.6341646313667297, 0.7625001668930054, -0.42534205317497253, -0.48752179741859436], "cam_t_m2c": [38.842708587646484, -6.899775505065918, 215.8541717529297], "obj_id": 2}, {"cam_R_m2c": [-0.6464810371398926, -0.4710674583911896, -0.6001313328742981, 0.02560540847480297, 0.7727739214897156, -0.6341646313667297, 0.7625001668930054, -0.42534205317497253, -0.48752179741859436], "cam_t_m2c": [38.842708587646484, -6.899775505065918, 215.8541717529297], "obj_id": 1}, {"cam_R_m2c": [-0.6464810371398926, -0.4710674583911896, -0.6001313328742981, 0.02560540847480297, 0.7727739214897156, -0.6341646313667297, 0.7625001668930054, -0.42534205317497253, -0.48752179741859436], "cam_t_m2c": [38.842708587646484, -6.899775505065918, 215.8541717529297], "obj_id": 1}, {"cam_R_m2c": [-0.6464810371398926, -0.4710674583911896, -0.6001313328742981, 0.02560540847480297, 0.7727739214897156, -0.6341646313667297, 0.7625001668930054, -0.42534205317497253, -0.48752179741859436], "cam_t_m2c": [38.842708587646484, -6.899775505065918, 215.8541717529297], "obj_id": 0}, {"cam_R_m2c": [-0.6464810371398926, -0.4710674583911896, -0.6001313328742981, 0.02560540847480297, 0.7727739214897156, -0.6341646313667297, 0.7625001668930054, -0.42534205317497253, -0.48752179741859436], "cam_t_m2c": [38.842708587646484, -6.899775505065918, 215.8541717529297], "obj_id": 0}, {"cam_R_m2c": [-0.6464810371398926, -0.4710674583911896, -0.6001313328742981, 0.02560540847480297, 0.7727739214897156, -0.6341646313667297, 0.7625001668930054, -0.42534205317497253, -0.48752179741859436], "cam_t_m2c": [38.842708587646484, -6.899775505065918, 215.8541717529297], "obj_id": 0}, {"cam_R_m2c": [-0.6464810371398926, -0.4710674583911896, -0.6001313328742981, 0.02560540847480297, 0.7727739214897156, -0.6341646313667297, 0.7625001668930054, -0.42534205317497253, -0.48752179741859436], "cam_t_m2c": [38.842708587646484, -6.899775505065918, 215.8541717529297], "obj_id": 0}, {"cam_R_m2c": [-0.6464810371398926, -0.4710674583911896, -0.6001313328742981, 0.02560540847480297, 0.7727739214897156, -0.6341646313667297, 0.7625001668930054, -0.42534205317497253, -0.48752179741859436], "cam_t_m2c": [38.842708587646484, -6.899775505065918, 215.8541717529297], "obj_id": 0}, {"cam_R_m2c": [-0.6464810371398926, -0.4710674583911896, -0.6001313328742981, 0.02560540847480297, 0.7727739214897156, -0.6341646313667297, 0.7625001668930054, -0.42534205317497253, -0.48752179741859436], "cam_t_m2c": [38.842708587646484, -6.899775505065918, 215.8541717529297], "obj_id": 3}, {"cam_R_m2c": [-0.6464810371398926, -0.4710674583911896, -0.6001313328742981, 0.02560540847480297, 0.7727739214897156, -0.6341646313667297, 0.7625001668930054, -0.42534205317497253, -0.48752179741859436], "cam_t_m2c": [38.842708587646484, -6.899775505065918, 215.8541717529297], "obj_id": 3}, {"cam_R_m2c": [-0.6464810371398926, -0.4710674583911896, -0.6001313328742981, 0.02560540847480297, 0.7727739214897156, -0.6341646313667297, 0.7625001668930054, -0.42534205317497253, -0.48752179741859436], "cam_t_m2c": [38.842708587646484, -6.899775505065918, 215.8541717529297], "obj_id": 0}, {"cam_R_m2c": [-0.6464810371398926, -0.4710674583911896, -0.6001313328742981, 0.02560540847480297, 0.7727739214897156, -0.6341646313667297, 0.7625001668930054, -0.42534205317497253, -0.48752179741859436], "cam_t_m2c": [38.842708587646484, -6.899775505065918, 215.8541717529297], "obj_id": 0}, {"cam_R_m2c": [-0.6464810371398926, -0.4710674583911896, -0.6001313328742981, 0.02560540847480297, 0.7727739214897156, -0.6341646313667297, 0.7625001668930054, -0.42534205317497253, -0.48752179741859436], "cam_t_m2c": [38.842708587646484, -6.899775505065918, 215.8541717529297], "obj_id": 2}, {"cam_R_m2c": [-0.6464810371398926, -0.4710674583911896, -0.6001313328742981, 0.02560540847480297, 0.7727739214897156, -0.6341646313667297, 0.7625001668930054, -0.42534205317497253, -0.48752179741859436], "cam_t_m2c": [38.842708587646484, -6.899775505065918, 215.8541717529297], "obj_id": 1}, {"cam_R_m2c": [-0.6464810371398926, -0.4710674583911896, -0.6001313328742981, 0.02560540847480297, 0.7727739214897156, -0.6341646313667297, 0.7625001668930054, -0.42534205317497253, -0.48752179741859436], "cam_t_m2c": [38.842708587646484, -6.899775505065918, 215.8541717529297], "obj_id": 2}, {"cam_R_m2c": [-0.6464810371398926, -0.4710674583911896, -0.6001313328742981, 0.02560540847480297, 0.7727739214897156, -0.6341646313667297, 0.7625001668930054, -0.42534205317497253, -0.48752179741859436], "cam_t_m2c": [38.842708587646484, -6.899775505065918, 215.8541717529297], "obj_id": 1}, {"cam_R_m2c": [-0.6464810371398926, -0.4710674583911896, -0.6001313328742981, 0.02560540847480297, 0.7727739214897156, -0.6341646313667297, 0.7625001668930054, -0.42534205317497253, -0.48752179741859436], "cam_t_m2c": [38.842708587646484, -6.899775505065918, 215.8541717529297], "obj_id": 3}, {"cam_R_m2c": [-0.6464810371398926, -0.4710674583911896, -0.6001313328742981, 0.02560540847480297, 0.7727739214897156, -0.6341646313667297, 0.7625001668930054, -0.42534205317497253, -0.48752179741859436], "cam_t_m2c": [38.842708587646484, -6.899775505065918, 215.8541717529297], "obj_id": 3}, {"cam_R_m2c": [-0.6464810371398926, -0.4710674583911896, -0.6001313328742981, 0.02560540847480297, 0.7727739214897156, -0.6341646313667297, 0.7625001668930054, -0.42534205317497253, -0.48752179741859436], "cam_t_m2c": [38.842708587646484, -6.899775505065918, 215.8541717529297], "obj_id": 3}, {"cam_R_m2c": [0.7128282785415649, -0.7003210186958313, 0.037766825407743454, 0.10646017640829086, 0.054821599274873734, -0.9928045868873596, 0.6932114362716675, 0.711719810962677, 0.11363467574119568], "cam_t_m2c": [-83.07681274414062, -48.31366729736328, 375.52783203125], "obj_id": 1}, {"cam_R_m2c": [0.46141794323921204, -0.8442078232765198, -0.27277541160583496, 0.7456932663917542, 0.5356218218803406, -0.3962962031364441, 0.4806608557701111, -0.020548686385154724, 0.8766657710075378], "cam_t_m2c": [-57.60805892944336, -30.298229217529297, 292.5835266113281], "obj_id": 0}, {"cam_R_m2c": [0.4575086236000061, 0.24544689059257507, -0.8546587824821472, -0.7221547961235046, 0.6633622646331787, -0.1960686445236206, 0.5188239216804504, 0.7068990468978882, 0.4807446300983429], "cam_t_m2c": [-168.76577758789062, 99.505615234375, 252.64686584472656], "obj_id": 3}, {"cam_R_m2c": [0.11126185208559036, 0.2241133451461792, -0.9681910276412964, -0.6027578711509705, 0.7898028492927551, 0.11355344206094742, 0.7901288866996765, 0.5709506273269653, 0.22296103835105896], "cam_t_m2c": [25.806869506835938, -77.44369506835938, 243.1967315673828], "obj_id": 3}, {"cam_R_m2c": [-0.4115443527698517, 0.3098214864730835, -0.8571124076843262, -0.18668632209300995, 0.8918474316596985, 0.41201502084732056, 0.8920645713806152, 0.32957369089126587, -0.309195339679718], "cam_t_m2c": [90.46878051757812, 29.562637329101562, 24.561546325683594], "obj_id": 3}]
}