{
  "0": [{"cam_R_m2c": [-0.15564791858196259, -0.1913284808397293, -0.9691064953804016, -0.15505240857601166, -0.964169979095459, 0.21525676548480988, -0.9755678772926331, 0.18376652896404266, 0.12040485441684723], "cam_t_m2c": [168.19212341308594, -194.4885711669922, 678.59326171875], "obj_id": 1}, {"cam_R_m2c": [0.027109352871775627, 0.3645498752593994, 0.930789053440094, 0.18196314573287964, -0.917374312877655, 0.35399627685546875, 0.9829314947128296, 0.15977275371551514, -0.09120386093854904], "cam_t_m2c": [174.52822875976562, 187.32461547851562, 661.2044677734375], "obj_id": 2}, {"cam_R_m2c": [0.02710925042629242, 0.7740990519523621, -0.6324837803840637, 0.18196307122707367, 0.6183241605758667, 0.7645682692527771, 0.9829315543174744, -0.1358155459165573, -0.1240951269865036], "cam_t_m2c": [205.39874267578125, -225.59884643554688, 736.7945556640625], "obj_id": 2}, {"cam_R_m2c": [-0.07602386176586151, -0.61946040391922, -0.781338095664978, 0.10098060220479965, 0.774793803691864, -0.6240972876548767, 0.9919794797897339, -0.12634626030921936, 0.0036506587639451027], "cam_t_m2c": [391.45172119140625, -36.416568756103516, 673.9354248046875], "obj_id": 1}, {"cam_R_m2c": [0.6168453097343445, 0.7794960737228394, -0.10903099924325943, 0.7331684827804565, -0.619438886642456, -0.280641108751297, -0.28629666566848755, 0.09317406266927719, -0.9535999298095703], "cam_t_m2c": [480.79608154296875, -125.02080535888672, 618.1153564453125], "obj_id": 1}, {"cam_R_m2c": [0.129695862531662, 0.9832783341407776, -0.12783896923065186, -0.20030081272125244, -0.10028919577598572, -0.9745880365371704, -0.971112072467804, 0.1520063281059265, 0.18394428491592407], "cam_t_m2c": [284.85223388671875, -264.60418701171875, 679.1481323242188], "obj_id": 2}, {"cam_R_m2c": [0.030631180852651596, -0.9889935851097107, 0.14475293457508087, 0.20400133728981018, 0.14795835316181183, 0.9677250385284424, -0.9784912467002869, -0.00011274920689174905, 0.2062881737947464], "cam_t_m2c": [389.5037841796875, 42.39541244506836, 643.1998901367188], "obj_id": 1}, {"cam_R_m2c": [0.7232056260108948, 0.6795807480812073, 0.12305927276611328, -0.6901558637619019, 0.7177613973617554, 0.09221380949020386, -0.02566046454012394, -0.15161962807178497, 0.9881057739257812], "cam_t_m2c": [191.6166534423828, 308.1183776855469, 826.04736328125], "obj_id": 3}, {"cam_R_m2c": [0.5207838416099548, 0.8200092911720276, -0.23742134869098663, 0.847669780254364, -0.46374478936195374, 0.257675439119339, 0.10119334608316422, -0.33544811606407166, -0.9366078972816467], "cam_t_m2c": [139.43435668945312, -46.85988235473633, 618.9330444335938], "obj_id": 1}, {"cam_R_m2c": [-0.15046077966690063, 0.9478251338005066, 0.2810496389865875, -0.021882710978388786, -0.287409245967865, 0.9575577974319458, 0.9883736968040466, 0.13792482018470764, 0.06398487836122513], "cam_t_m2c": [865.9652099609375, -45.25251770019531, 684.0678100585938], "obj_id": 3}, {"cam_R_m2c": [-0.28397104144096375, 0.6207872033119202, 0.7307418584823608, -0.10291429609060287, 0.7379797697067261, -0.6669291853904724, -0.9532938003540039, -0.26459237933158875, -0.14567700028419495], "cam_t_m2c": [295.712158203125, -28.230968475341797, 621.301025390625], "obj_id": 3}],
  "1": [{"cam_R_m2c": [-0.15564791858196259, -0.1913284808397293, -0.9691064953804016, -0.15505240857601166, -0.964169979095459, 0.21525676548480988, -0.9755678772926331, 0.18376652896404266, 0.12040485441684723], "cam_t_m2c": [168.19212341308594, -194.4885711669922, 678.59326171875], "obj_id": 1}, {"cam_R_m2c": [0.027109352871775627, 0.3645498752593994, 0.930789053440094, 0.18196314573287964, -0.917374312877655, 0.35399627685546875, 0.9829314947128296, 0.15977275371551514, -0.09120386093854904], "cam_t_m2c": [174.52822875976562, 187.32461547851562, 661.2044677734375], "obj_id": 2}, {"cam_R_m2c": [0.02710925042629242, 0.7740990519523621, -0.6324837803840637, 0.18196307122707367, 0.6183241605758667, 0.7645682692527771, 0.9829315543174744, -0.1358155459165573, -0.1240951269865036], "cam_t_m2c": [205.39874267578125, -225.59884643554688, 736.7945556640625], "obj_id": 2}, {"cam_R_m2c": [-0.07602386176586151, -0.61946040391922, -0.781338095664978, 0.10098060220479965, 0.774793803691864, -0.6240972876548767, 0.9919794797897339, -0.12634626030921936, 0.0036506587639451027], "cam_t_m2c": [391.45172119140625, -36.416568756103516, 673.9354248046875], "obj_id": 1}, {"cam_R_m2c": [0.6168453097343445, 0.7794960737228394, -0.10903099924325943, 0.7331684827804565, -0.619438886642456, -0.280641108751297, -0.28629666566848755, 0.09317406266927719, -0.9535999298095703], "cam_t_m2c": [480.79608154296875, -125.02080535888672, 618.1153564453125], "obj_id": 1}, {"cam_R_m2c": [0.129695862531662, 0.9832783341407776, -0.12783896923065186, -0.20030081272125244, -0.10028919577598572, -0.9745880365371704, -0.971112072467804, 0.1520063281059265, 0.18394428491592407], "cam_t_m2c": [284.85223388671875, -264.60418701171875, 679.1481323242188], "obj_id": 2}, {"cam_R_m2c": [0.030631180852651596, -0.9889935851097107, 0.14475293457508087, 0.20400133728981018, 0.14795835316181183, 0.9677250385284424, -0.9784912467002869, -0.00011274920689174905, 0.2062881737947464], "cam_t_m2c": [389.5037841796875, 42.39541244506836, 643.1998901367188], "obj_id": 1}, {"cam_R_m2c": [0.7232056260108948, 0.6795807480812073, 0.12305927276611328, -0.6901558637619019, 0.7177613973617554, 0.09221380949020386, -0.02566046454012394, -0.15161962807178497, 0.9881057739257812], "cam_t_m2c": [191.6166534423828, 308.1183776855469, 826.04736328125], "obj_id": 3}, {"cam_R_m2c": [0.5207838416099548, 0.8200092911720276, -0.23742134869098663, 0.847669780254364, -0.46374478936195374, 0.257675439119339, 0.10119334608316422, -0.33544811606407166, -0.9366078972816467], "cam_t_m2c": [139.43435668945312, -46.85988235473633, 618.9330444335938], "obj_id": 1}, {"cam_R_m2c": [-0.15046077966690063, 0.9478251338005066, 0.2810496389865875, -0.021882710978388786, -0.287409245967865, 0.9575577974319458, 0.9883736968040466, 0.13792482018470764, 0.06398487836122513], "cam_t_m2c": [865.9652099609375, -45.25251770019531, 684.0678100585938], "obj_id": 3}, {"cam_R_m2c": [-0.28397104144096375, 0.6207872033119202, 0.7307418584823608, -0.10291429609060287, 0.7379797697067261, -0.6669291853904724, -0.9532938003540039, -0.26459237933158875, -0.14567700028419495], "cam_t_m2c": [295.712158203125, -28.230968475341797, 621.301025390625], "obj_id": 3}],
  "2": [{"cam_R_m2c": [-0.15564791858196259, -0.1913284808397293, -0.9691064953804016, -0.15505240857601166, -0.964169979095459, 0.21525676548480988, -0.9755678772926331, 0.18376652896404266, 0.12040485441684723], "cam_t_m2c": [168.19212341308594, -194.4885711669922, 678.59326171875], "obj_id": 1}, {"cam_R_m2c": [0.027109352871775627, 0.3645498752593994, 0.930789053440094, 0.18196314573287964, -0.917374312877655, 0.35399627685546875, 0.9829314947128296, 0.15977275371551514, -0.09120386093854904], "cam_t_m2c": [174.52822875976562, 187.32461547851562, 661.2044677734375], "obj_id": 2}, {"cam_R_m2c": [0.02710925042629242, 0.7740990519523621, -0.6324837803840637, 0.18196307122707367, 0.6183241605758667, 0.7645682692527771, 0.9829315543174744, -0.1358155459165573, -0.1240951269865036], "cam_t_m2c": [205.39874267578125, -225.59884643554688, 736.7945556640625], "obj_id": 2}, {"cam_R_m2c": [-0.07602386176586151, -0.61946040391922, -0.781338095664978, 0.10098060220479965, 0.774793803691864, -0.6240972876548767, 0.9919794797897339, -0.12634626030921936, 0.0036506587639451027], "cam_t_m2c": [391.45172119140625, -36.416568756103516, 673.9354248046875], "obj_id": 1}, {"cam_R_m2c": [0.6168453097343445, 0.7794960737228394, -0.10903099924325943, 0.7331684827804565, -0.619438886642456, -0.280641108751297, -0.28629666566848755, 0.09317406266927719, -0.9535999298095703], "cam_t_m2c": [480.79608154296875, -125.02080535888672, 618.1153564453125], "obj_id": 1}, {"cam_R_m2c": [0.129695862531662, 0.9832783341407776, -0.12783896923065186, -0.20030081272125244, -0.10028919577598572, -0.9745880365371704, -0.971112072467804, 0.1520063281059265, 0.18394428491592407], "cam_t_m2c": [284.85223388671875, -264.60418701171875, 679.1481323242188], "obj_id": 2}, {"cam_R_m2c": [0.030631180852651596, -0.9889935851097107, 0.14475293457508087, 0.20400133728981018, 0.14795835316181183, 0.9677250385284424, -0.9784912467002869, -0.00011274920689174905, 0.2062881737947464], "cam_t_m2c": [389.5037841796875, 42.39541244506836, 643.1998901367188], "obj_id": 1}, {"cam_R_m2c": [0.7232056260108948, 0.6795807480812073, 0.12305927276611328, -0.6901558637619019, 0.7177613973617554, 0.09221380949020386, -0.02566046454012394, -0.15161962807178497, 0.9881057739257812], "cam_t_m2c": [191.6166534423828, 308.1183776855469, 826.04736328125], "obj_id": 3}, {"cam_R_m2c": [0.5207838416099548, 0.8200092911720276, -0.23742134869098663, 0.847669780254364, -0.46374478936195374, 0.257675439119339, 0.10119334608316422, -0.33544811606407166, -0.9366078972816467], "cam_t_m2c": [139.43435668945312, -46.85988235473633, 618.9330444335938], "obj_id": 1}, {"cam_R_m2c": [-0.15046077966690063, 0.9478251338005066, 0.2810496389865875, -0.021882710978388786, -0.287409245967865, 0.9575577974319458, 0.9883736968040466, 0.13792482018470764, 0.06398487836122513], "cam_t_m2c": [865.9652099609375, -45.25251770019531, 684.0678100585938], "obj_id": 3}, {"cam_R_m2c": [-0.28397104144096375, 0.6207872033119202, 0.7307418584823608, -0.10291429609060287, 0.7379797697067261, -0.6669291853904724, -0.9532938003540039, -0.26459237933158875, -0.14567700028419495], "cam_t_m2c": [295.712158203125, -28.230968475341797, 621.301025390625], "obj_id": 3}],
  "3": [{"cam_R_m2c": [-0.15564791858196259, -0.1913284808397293, -0.9691064953804016, -0.15505240857601166, -0.964169979095459, 0.21525676548480988, -0.9755678772926331, 0.18376652896404266, 0.12040485441684723], "cam_t_m2c": [168.19212341308594, -194.4885711669922, 678.59326171875], "obj_id": 1}, {"cam_R_m2c": [0.027109352871775627, 0.3645498752593994, 0.930789053440094, 0.18196314573287964, -0.917374312877655, 0.35399627685546875, 0.9829314947128296, 0.15977275371551514, -0.09120386093854904], "cam_t_m2c": [174.52822875976562, 187.32461547851562, 661.2044677734375], "obj_id": 2}, {"cam_R_m2c": [0.02710925042629242, 0.7740990519523621, -0.6324837803840637, 0.18196307122707367, 0.6183241605758667, 0.7645682692527771, 0.9829315543174744, -0.1358155459165573, -0.1240951269865036], "cam_t_m2c": [205.39874267578125, -225.59884643554688, 736.7945556640625], "obj_id": 2}, {"cam_R_m2c": [-0.07602386176586151, -0.61946040391922, -0.781338095664978, 0.10098060220479965, 0.774793803691864, -0.6240972876548767, 0.9919794797897339, -0.12634626030921936, 0.0036506587639451027], "cam_t_m2c": [391.45172119140625, -36.416568756103516, 673.9354248046875], "obj_id": 1}, {"cam_R_m2c": [0.6168453097343445, 0.7794960737228394, -0.10903099924325943, 0.7331684827804565, -0.619438886642456, -0.280641108751297, -0.28629666566848755, 0.09317406266927719, -0.9535999298095703], "cam_t_m2c": [480.79608154296875, -125.02080535888672, 618.1153564453125], "obj_id": 1}, {"cam_R_m2c": [0.129695862531662, 0.9832783341407776, -0.12783896923065186, -0.20030081272125244, -0.10028919577598572, -0.9745880365371704, -0.971112072467804, 0.1520063281059265, 0.18394428491592407], "cam_t_m2c": [284.85223388671875, -264.60418701171875, 679.1481323242188], "obj_id": 2}, {"cam_R_m2c": [0.030631180852651596, -0.9889935851097107, 0.14475293457508087, 0.20400133728981018, 0.14795835316181183, 0.9677250385284424, -0.9784912467002869, -0.00011274920689174905, 0.2062881737947464], "cam_t_m2c": [389.5037841796875, 42.39541244506836, 643.1998901367188], "obj_id": 1}, {"cam_R_m2c": [0.7232056260108948, 0.6795807480812073, 0.12305927276611328, -0.6901558637619019, 0.7177613973617554, 0.09221380949020386, -0.02566046454012394, -0.15161962807178497, 0.9881057739257812], "cam_t_m2c": [191.6166534423828, 308.1183776855469, 826.04736328125], "obj_id": 3}, {"cam_R_m2c": [0.5207838416099548, 0.8200092911720276, -0.23742134869098663, 0.847669780254364, -0.46374478936195374, 0.257675439119339, 0.10119334608316422, -0.33544811606407166, -0.9366078972816467], "cam_t_m2c": [139.43435668945312, -46.85988235473633, 618.9330444335938], "obj_id": 1}, {"cam_R_m2c": [-0.15046077966690063, 0.9478251338005066, 0.2810496389865875, -0.021882710978388786, -0.287409245967865, 0.9575577974319458, 0.9883736968040466, 0.13792482018470764, 0.06398487836122513], "cam_t_m2c": [865.9652099609375, -45.25251770019531, 684.0678100585938], "obj_id": 3}, {"cam_R_m2c": [-0.28397104144096375, 0.6207872033119202, 0.7307418584823608, -0.10291429609060287, 0.7379797697067261, -0.6669291853904724, -0.9532938003540039, -0.26459237933158875, -0.14567700028419495], "cam_t_m2c": [295.712158203125, -28.230968475341797, 621.301025390625], "obj_id": 3}],
  "4": [{"cam_R_m2c": [-0.15564791858196259, -0.1913284808397293, -0.9691064953804016, -0.15505240857601166, -0.964169979095459, 0.21525676548480988, -0.9755678772926331, 0.18376652896404266, 0.12040485441684723], "cam_t_m2c": [168.19212341308594, -194.4885711669922, 678.59326171875], "obj_id": 1}, {"cam_R_m2c": [0.027109352871775627, 0.3645498752593994, 0.930789053440094, 0.18196314573287964, -0.917374312877655, 0.35399627685546875, 0.9829314947128296, 0.15977275371551514, -0.09120386093854904], "cam_t_m2c": [174.52822875976562, 187.32461547851562, 661.2044677734375], "obj_id": 2}, {"cam_R_m2c": [0.02710925042629242, 0.7740990519523621, -0.6324837803840637, 0.18196307122707367, 0.6183241605758667, 0.7645682692527771, 0.9829315543174744, -0.1358155459165573, -0.1240951269865036], "cam_t_m2c": [205.39874267578125, -225.59884643554688, 736.7945556640625], "obj_id": 2}, {"cam_R_m2c": [-0.07602386176586151, -0.61946040391922, -0.781338095664978, 0.10098060220479965, 0.774793803691864, -0.6240972876548767, 0.9919794797897339, -0.12634626030921936, 0.0036506587639451027], "cam_t_m2c": [391.45172119140625, -36.416568756103516, 673.9354248046875], "obj_id": 1}, {"cam_R_m2c": [0.6168453097343445, 0.7794960737228394, -0.10903099924325943, 0.7331684827804565, -0.619438886642456, -0.280641108751297, -0.28629666566848755, 0.09317406266927719, -0.9535999298095703], "cam_t_m2c": [480.79608154296875, -125.02080535888672, 618.1153564453125], "obj_id": 1}, {"cam_R_m2c": [0.129695862531662, 0.9832783341407776, -0.12783896923065186, -0.20030081272125244, -0.10028919577598572, -0.9745880365371704, -0.971112072467804, 0.1520063281059265, 0.18394428491592407], "cam_t_m2c": [284.85223388671875, -264.60418701171875, 679.1481323242188], "obj_id": 2}, {"cam_R_m2c": [0.030631180852651596, -0.9889935851097107, 0.14475293457508087, 0.20400133728981018, 0.14795835316181183, 0.9677250385284424, -0.9784912467002869, -0.00011274920689174905, 0.2062881737947464], "cam_t_m2c": [389.5037841796875, 42.39541244506836, 643.1998901367188], "obj_id": 1}, {"cam_R_m2c": [0.7232056260108948, 0.6795807480812073, 0.12305927276611328, -0.6901558637619019, 0.7177613973617554, 0.09221380949020386, -0.02566046454012394, -0.15161962807178497, 0.9881057739257812], "cam_t_m2c": [191.6166534423828, 308.1183776855469, 826.04736328125], "obj_id": 3}, {"cam_R_m2c": [0.5207838416099548, 0.8200092911720276, -0.23742134869098663, 0.847669780254364, -0.46374478936195374, 0.257675439119339, 0.10119334608316422, -0.33544811606407166, -0.9366078972816467], "cam_t_m2c": [139.43435668945312, -46.85988235473633, 618.9330444335938], "obj_id": 1}, {"cam_R_m2c": [-0.15046077966690063, 0.9478251338005066, 0.2810496389865875, -0.021882710978388786, -0.287409245967865, 0.9575577974319458, 0.9883736968040466, 0.13792482018470764, 0.06398487836122513], "cam_t_m2c": [865.9652099609375, -45.25251770019531, 684.0678100585938], "obj_id": 3}, {"cam_R_m2c": [-0.28397104144096375, 0.6207872033119202, 0.7307418584823608, -0.10291429609060287, 0.7379797697067261, -0.6669291853904724, -0.9532938003540039, -0.26459237933158875, -0.14567700028419495], "cam_t_m2c": [295.712158203125, -28.230968475341797, 621.301025390625], "obj_id": 3}],
  "5": [{"cam_R_m2c": [0.3227942883968353, 0.3165041208267212, 0.8919803500175476, 0.37281668186187744, -0.9087554812431335, 0.1875397264957428, 0.8699491620063782, 0.27200841903686523, -0.41133907437324524], "cam_t_m2c": [306.2982177734375, 179.5935516357422, 830.6257934570312], "obj_id": 0}, {"cam_R_m2c": [0.5203965306282043, -0.7971837520599365, 0.3060809373855591, 0.4926498532295227, 0.5730530619621277, 0.6549093723297119, -0.6974837183952332, -0.19002185761928558, 0.6909472942352295], "cam_t_m2c": [363.61181640625, 219.42376708984375, 879.9306030273438], "obj_id": 1}, {"cam_R_m2c": [-0.2732580006122589, -0.21969418227672577, 0.9365172982215881, -0.4498319923877716, 0.889746904373169, 0.0774700790643692, -0.850283145904541, -0.4001061022281647, -0.34195592999458313], "cam_t_m2c": [-170.89500427246094, 191.62222290039062, 970.2212524414062], "obj_id": 2}, {"cam_R_m2c": [0.23516367375850677, 0.4393954873085022, 0.8669657111167908, 0.5846141576766968, -0.7765352129936218, 0.23498749732971191, 0.7764819860458374, 0.4515799582004547, -0.4394896626472473], "cam_t_m2c": [133.67727661132812, 14.863019943237305, 1090.4007568359375], "obj_id": 2}, {"cam_R_m2c": [-0.3727778494358063, -0.5676376819610596, 0.7340465188026428, 0.6345260739326477, -0.733142614364624, -0.24470125138759613, 0.6770623326301575, 0.374552458524704, 0.6334801316261292], "cam_t_m2c": [-14.505380630493164, 93.428466796875, 1076.1279296875], "obj_id": 2}, {"cam_R_m2c": [0.7054963111877441, -0.5612114071846008, -0.43280094861984253, 0.4692314565181732, 0.827548086643219, -0.3081979751586914, 0.5311278104782104, 0.01434868574142456, 0.8471701741218567], "cam_t_m2c": [271.6515808105469, 77.44387817382812, 1024.8062744140625], "obj_id": 1}, {"cam_R_m2c": [0.11770198494195938, -0.991543710231781, 0.05465441942214966, -0.3272257149219513, 0.013237393461167812, 0.9448533654212952, -0.9375869631767273, -0.12909534573554993, -0.3229004740715027], "cam_t_m2c": [-179.8966064453125, -49.1727180480957, 1154.2418212890625], "obj_id": 2}, {"cam_R_m2c": [0.21358028054237366, -0.19653300940990448, -0.9569525718688965, 0.5988340973854065, 0.8002842664718628, -0.03070491924881935, 0.7718686461448669, -0.5664978623390198, 0.2886156141757965], "cam_t_m2c": [-227.14614868164062, 55.30724334716797, 950.9417724609375], "obj_id": 3}],
  "6": [{"cam_R_m2c": [0.3227942883968353, 0.3165041208267212, 0.8919803500175476, 0.37281668186187744, -0.9087554812431335, 0.1875397264957428, 0.8699491620063782, 0.27200841903686523, -0.41133907437324524], "cam_t_m2c": [306.2982177734375, 179.5935516357422, 830.6257934570312], "obj_id": 0}, {"cam_R_m2c": [0.5203965306282043, -0.7971837520599365, 0.3060809373855591, 0.4926498532295227, 0.5730530619621277, 0.6549093723297119, -0.6974837183952332, -0.19002185761928558, 0.6909472942352295], "cam_t_m2c": [363.61181640625, 219.42376708984375, 879.9306030273438], "obj_id": 1}, {"cam_R_m2c": [-0.2732580006122589, -0.21969418227672577, 0.9365172982215881, -0.4498319923877716, 0.889746904373169, 0.0774700790643692, -0.850283145904541, -0.4001061022281647, -0.34195592999458313], "cam_t_m2c": [-170.89500427246094, 191.62222290039062, 970.2212524414062], "obj_id": 2}, {"cam_R_m2c": [0.23516367375850677, 0.4393954873085022, 0.8669657111167908, 0.5846141576766968, -0.7765352129936218, 0.23498749732971191, 0.7764819860458374, 0.4515799582004547, -0.4394896626472473], "cam_t_m2c": [133.67727661132812, 14.863019943237305, 1090.4007568359375], "obj_id": 2}, {"cam_R_m2c": [-0.3727778494358063, -0.5676376819610596, 0.7340465188026428, 0.6345260739326477, -0.733142614364624, -0.24470125138759613, 0.6770623326301575, 0.374552458524704, 0.6334801316261292], "cam_t_m2c": [-14.505380630493164, 93.428466796875, 1076.1279296875], "obj_id": 2}, {"cam_R_m2c": [0.7054963111877441, -0.5612114071846008, -0.43280094861984253, 0.4692314565181732, 0.827548086643219, -0.3081979751586914, 0.5311278104782104, 0.01434868574142456, 0.8471701741218567], "cam_t_m2c": [271.6515808105469, 77.44387817382812, 1024.8062744140625], "obj_id": 1}, {"cam_R_m2c": [0.11770198494195938, -0.991543710231781, 0.05465441942214966, -0.3272257149219513, 0.013237393461167812, 0.9448533654212952, -0.9375869631767273, -0.12909534573554993, -0.3229004740715027], "cam_t_m2c": [-179.8966064453125, -49.1727180480957, 1154.2418212890625], "obj_id": 2}, {"cam_R_m2c": [0.21358028054237366, -0.19653300940990448, -0.9569525718688965, 0.5988340973854065, 0.8002842664718628, -0.03070491924881935, 0.7718686461448669, -0.5664978623390198, 0.2886156141757965], "cam_t_m2c": [-227.14614868164062, 55.30724334716797, 950.9417724609375], "obj_id": 3}],
  "7": [{"cam_R_m2c": [0.3227942883968353, 0.3165041208267212, 0.8919803500175476, 0.37281668186187744, -0.9087554812431335, 0.1875397264957428, 0.8699491620063782, 0.27200841903686523, -0.41133907437324524], "cam_t_m2c": [306.2982177734375, 179.5935516357422, 830.6257934570312], "obj_id": 0}, {"cam_R_m2c": [0.5203965306282043, -0.7971837520599365, 0.3060809373855591, 0.4926498532295227, 0.5730530619621277, 0.6549093723297119, -0.6974837183952332, -0.19002185761928558, 0.6909472942352295], "cam_t_m2c": [363.61181640625, 219.42376708984375, 879.9306030273438], "obj_id": 1}, {"cam_R_m2c": [-0.2732580006122589, -0.21969418227672577, 0.9365172982215881, -0.4498319923877716, 0.889746904373169, 0.0774700790643692, -0.850283145904541, -0.4001061022281647, -0.34195592999458313], "cam_t_m2c": [-170.89500427246094, 191.62222290039062, 970.2212524414062], "obj_id": 2}, {"cam_R_m2c": [0.23516367375850677, 0.4393954873085022, 0.8669657111167908, 0.5846141576766968, -0.7765352129936218, 0.23498749732971191, 0.7764819860458374, 0.4515799582004547, -0.4394896626472473], "cam_t_m2c": [133.67727661132812, 14.863019943237305, 1090.4007568359375], "obj_id": 2}, {"cam_R_m2c": [-0.3727778494358063, -0.5676376819610596, 0.7340465188026428, 0.6345260739326477, -0.733142614364624, -0.24470125138759613, 0.6770623326301575, 0.374552458524704, 0.6334801316261292], "cam_t_m2c": [-14.505380630493164, 93.428466796875, 1076.1279296875], "obj_id": 2}, {"cam_R_m2c": [0.7054963111877441, -0.5612114071846008, -0.43280094861984253, 0.4692314565181732, 0.827548086643219, -0.3081979751586914, 0.5311278104782104, 0.01434868574142456, 0.8471701741218567], "cam_t_m2c": [271.6515808105469, 77.44387817382812, 1024.8062744140625], "obj_id": 1}, {"cam_R_m2c": [0.11770198494195938, -0.991543710231781, 0.05465441942214966, -0.3272257149219513, 0.013237393461167812, 0.9448533654212952, -0.9375869631767273, -0.12909534573554993, -0.3229004740715027], "cam_t_m2c": [-179.8966064453125, -49.1727180480957, 1154.2418212890625], "obj_id": 2}, {"cam_R_m2c": [0.21358028054237366, -0.19653300940990448, -0.9569525718688965, 0.5988340973854065, 0.8002842664718628, -0.03070491924881935, 0.7718686461448669, -0.5664978623390198, 0.2886156141757965], "cam_t_m2c": [-227.14614868164062, 55.30724334716797, 950.9417724609375], "obj_id": 3}],
  "8": [{"cam_R_m2c": [0.3227942883968353, 0.3165041208267212, 0.8919803500175476, 0.37281668186187744, -0.9087554812431335, 0.1875397264957428, 0.8699491620063782, 0.27200841903686523, -0.41133907437324524], "cam_t_m2c": [306.2982177734375, 179.5935516357422, 830.6257934570312], "obj_id": 0}, {"cam_R_m2c": [0.5203965306282043, -0.7971837520599365, 0.3060809373855591, 0.4926498532295227, 0.5730530619621277, 0.6549093723297119, -0.6974837183952332, -0.19002185761928558, 0.6909472942352295], "cam_t_m2c": [363.61181640625, 219.42376708984375, 879.9306030273438], "obj_id": 1}, {"cam_R_m2c": [-0.2732580006122589, -0.21969418227672577, 0.9365172982215881, -0.4498319923877716, 0.889746904373169, 0.0774700790643692, -0.850283145904541, -0.4001061022281647, -0.34195592999458313], "cam_t_m2c": [-170.89500427246094, 191.62222290039062, 970.2212524414062], "obj_id": 2}, {"cam_R_m2c": [0.23516367375850677, 0.4393954873085022, 0.8669657111167908, 0.5846141576766968, -0.7765352129936218, 0.23498749732971191, 0.7764819860458374, 0.4515799582004547, -0.4394896626472473], "cam_t_m2c": [133.67727661132812, 14.863019943237305, 1090.4007568359375], "obj_id": 2}, {"cam_R_m2c": [-0.3727778494358063, -0.5676376819610596, 0.7340465188026428, 0.6345260739326477, -0.733142614364624, -0.24470125138759613, 0.6770623326301575, 0.374552458524704, 0.6334801316261292], "cam_t_m2c": [-14.505380630493164, 93.428466796875, 1076.1279296875], "obj_id": 2}, {"cam_R_m2c": [0.7054963111877441, -0.5612114071846008, -0.43280094861984253, 0.4692314565181732, 0.827548086643219, -0.3081979751586914, 0.5311278104782104, 0.01434868574142456, 0.8471701741218567], "cam_t_m2c": [271.6515808105469, 77.44387817382812, 1024.8062744140625], "obj_id": 1}, {"cam_R_m2c": [0.11770198494195938, -0.991543710231781, 0.05465441942214966, -0.3272257149219513, 0.013237393461167812, 0.9448533654212952, -0.9375869631767273, -0.12909534573554993, -0.3229004740715027], "cam_t_m2c": [-179.8966064453125, -49.1727180480957, 1154.2418212890625], "obj_id": 2}, {"cam_R_m2c": [0.21358028054237366, -0.19653300940990448, -0.9569525718688965, 0.5988340973854065, 0.8002842664718628, -0.03070491924881935, 0.7718686461448669, -0.5664978623390198, 0.2886156141757965], "cam_t_m2c": [-227.14614868164062, 55.30724334716797, 950.9417724609375], "obj_id": 3}],
  "9": [{"cam_R_m2c": [0.3227942883968353, 0.3165041208267212, 0.8919803500175476, 0.37281668186187744, -0.9087554812431335, 0.1875397264957428, 0.8699491620063782, 0.27200841903686523, -0.41133907437324524], "cam_t_m2c": [306.2982177734375, 179.5935516357422, 830.6257934570312], "obj_id": 0}, {"cam_R_m2c": [0.5203965306282043, -0.7971837520599365, 0.3060809373855591, 0.4926498532295227, 0.5730530619621277, 0.6549093723297119, -0.6974837183952332, -0.19002185761928558, 0.6909472942352295], "cam_t_m2c": [363.61181640625, 219.42376708984375, 879.9306030273438], "obj_id": 1}, {"cam_R_m2c": [-0.2732580006122589, -0.21969418227672577, 0.9365172982215881, -0.4498319923877716, 0.889746904373169, 0.0774700790643692, -0.850283145904541, -0.4001061022281647, -0.34195592999458313], "cam_t_m2c": [-170.89500427246094, 191.62222290039062, 970.2212524414062], "obj_id": 2}, {"cam_R_m2c": [0.23516367375850677, 0.4393954873085022, 0.8669657111167908, 0.5846141576766968, -0.7765352129936218, 0.23498749732971191, 0.7764819860458374, 0.4515799582004547, -0.4394896626472473], "cam_t_m2c": [133.67727661132812, 14.863019943237305, 1090.4007568359375], "obj_id": 2}, {"cam_R_m2c": [-0.3727778494358063, -0.5676376819610596, 0.7340465188026428, 0.6345260739326477, -0.733142614364624, -0.24470125138759613, 0.6770623326301575, 0.374552458524704, 0.6334801316261292], "cam_t_m2c": [-14.505380630493164, 93.428466796875, 1076.1279296875], "obj_id": 2}, {"cam_R_m2c": [0.7054963111877441, -0.5612114071846008, -0.43280094861984253, 0.4692314565181732, 0.827548086643219, -0.3081979751586914, 0.5311278104782104, 0.01434868574142456, 0.8471701741218567], "cam_t_m2c": [271.6515808105469, 77.44387817382812, 1024.8062744140625], "obj_id": 1}, {"cam_R_m2c": [0.11770198494195938, -0.991543710231781, 0.05465441942214966, -0.3272257149219513, 0.013237393461167812, 0.9448533654212952, -0.9375869631767273, -0.12909534573554993, -0.3229004740715027], "cam_t_m2c": [-179.8966064453125, -49.1727180480957, 1154.2418212890625], "obj_id": 2}, {"cam_R_m2c": [0.21358028054237366, -0.19653300940990448, -0.9569525718688965, 0.5988340973854065, 0.8002842664718628, -0.03070491924881935, 0.7718686461448669, -0.5664978623390198, 0.2886156141757965], "cam_t_m2c": [-227.14614868164062, 55.30724334716797, 950.9417724609375], "obj_id": 3}]
}