{
  "0": [{"cam_R_m2c": [0.8793514370918274, -0.15590429306030273, 0.4499276578426361, 0.4266837239265442, 0.677435040473938, -0.5991849899291992, -0.2113812267780304, 0.718870997428894, 0.6622253060340881], "cam_t_m2c": [206.7721710205078, 98.0018310546875, 955.9610595703125], "obj_id": 3}, {"cam_R_m2c": [0.24890989065170288, -0.2641267478466034, 0.9318159222602844, -0.6032930612564087, -0.7949333786964417, -0.06417318433523178, 0.7576814889907837, -0.546184778213501, -0.3572125732898712], "cam_t_m2c": [-51.164180755615234, -36.27307891845703, 885.7648315429688], "obj_id": 3}, {"cam_R_m2c": [0.6553242802619934, 0.17640365660190582, -0.7344602942466736, 0.6570073366165161, 0.3466279208660126, 0.6694703102111816, 0.37268146872520447, -0.9212659001350403, 0.11125517636537552], "cam_t_m2c": [-56.918338775634766, 128.3498992919922, 756.056640625], "obj_id": 3}, {"cam_R_m2c": [-0.4828174114227295, -0.23461593687534332, 0.8437076210975647, -0.5523126125335693, -0.6660799980163574, -0.5012864470481873, 0.67958664894104, -0.7080202102661133, 0.19201380014419556], "cam_t_m2c": [-26.945419311523438, -63.19099807739258, 932.8663940429688], "obj_id": 3}, {"cam_R_m2c": [-0.5113478302955627, 0.26306790113449097, -0.8181188702583313, 0.05798494443297386, -0.939262866973877, -0.3382642865180969, -0.8574152588844299, -0.2204093337059021, 0.4650362432003021], "cam_t_m2c": [30.92953872680664, -63.52943801879883, 1066.4588623046875], "obj_id": 3}, {"cam_R_m2c": [-0.16690656542778015, 0.4146122932434082, -0.8945605754852295, 0.4646226167678833, -0.7671613693237305, -0.4422542452812195, -0.8696365356445312, -0.48944830894470215, -0.06459376215934753], "cam_t_m2c": [110.43647003173828, 198.43829345703125, 1055.944091796875], "obj_id": 3}, {"cam_R_m2c": [0.1745980829000473, 0.8523513674736023, 0.4929630756378174, 0.9264801144599915, -0.3117305636405945, 0.21085220575332642, 0.33339184522628784, 0.4199061095714569, -0.8441141247749329], "cam_t_m2c": [165.77122497558594, 271.8851013183594, 979.0014038085938], "obj_id": 3}, {"cam_R_m2c": [-0.2273787409067154, 0.2496887743473053, -0.9412515163421631, 0.6633895635604858, 0.7473094463348389, 0.037985704839229584, 0.7128907442092896, -0.6157792806625366, -0.33556318283081055], "cam_t_m2c": [228.14797973632812, 133.4407501220703, 966.6333618164062], "obj_id": 3}, {"cam_R_m2c": [-0.6168615818023682, 0.7436078786849976, 0.25793254375457764, -0.2887284755706787, -0.5186576843261719, 0.8047547340393066, 0.7322006225585938, 0.4219497740268707, 0.5346407294273376], "cam_t_m2c": [-50.8856315612793, -108.8792724609375, 865.9215087890625], "obj_id": 3}, {"cam_R_m2c": [-0.49257582426071167, -0.8691061735153198, 0.04498236998915672, -0.7117677927017212, 0.3725835382938385, -0.5954561829566956, 0.5007549524307251, -0.3253243565559387, -0.8021273612976074], "cam_t_m2c": [-41.50131607055664, 32.52643966674805, 896.4805908203125], "obj_id": 3}, {"cam_R_m2c": [-0.9345088005065918, 0.12497084587812424, -0.33327990770339966, 0.14272020757198334, -0.7262116074562073, -0.6724935173988342, -0.3260738253593445, -0.6760169267654419, 0.6608153581619263], "cam_t_m2c": [-49.24858093261719, 317.0719299316406, 871.1410522460938], "obj_id": 3}, {"cam_R_m2c": [0.34695252776145935, 0.9368070960044861, -0.044904690235853195, 0.9299631118774414, -0.34983718395233154, -0.11306007206439972, -0.12162481248378754, -0.002533228602260351, -0.9925729036331177], "cam_t_m2c": [91.12357330322266, 214.41908264160156, 1000.7286987304688], "obj_id": 3}, {"cam_R_m2c": [0.6116253733634949, 0.7492632865905762, 0.2540057897567749, -0.18411575257778168, -0.17744296789169312, 0.9667550325393677, 0.769425630569458, -0.6380583643913269, 0.029422577470541], "cam_t_m2c": [271.68585205078125, 261.2520751953125, 984.1267700195312], "obj_id": 3}, {"cam_R_m2c": [-0.6327363848686218, 0.45328381657600403, -0.6278362274169922, 0.607010006904602, 0.7937524914741516, -0.03867598623037338, 0.4808153808116913, -0.40557458996772766, -0.7773839235305786], "cam_t_m2c": [326.0182800292969, 204.99237060546875, 979.3582153320312], "obj_id": 3}, {"cam_R_m2c": [0.8404310941696167, -0.42746973037719727, 0.3330843448638916, -0.15066328644752502, 0.40609830617904663, 0.9013239145278931, -0.5205536484718323, -0.8076842427253723, 0.276893675327301], "cam_t_m2c": [15.011002540588379, 283.3312683105469, 932.7697143554688], "obj_id": 3}, {"cam_R_m2c": [-0.07932864874601364, -0.7431909441947937, 0.6643598675727844, -0.6431233286857605, -0.47105276584625244, -0.6037396192550659, 0.7616424560546875, -0.475159227848053, -0.4405953884124756], "cam_t_m2c": [-31.75945281982422, 214.0527801513672, 1069.591796875], "obj_id": 3}, {"cam_R_m2c": [0.5051785111427307, 0.8256703615188599, 0.25112372636795044, -0.500925600528717, 0.043585699051618576, 0.8643922209739685, 0.7027575969696045, -0.5624666810035706, 0.43561795353889465], "cam_t_m2c": [27.58522605895996, 14.75285530090332, 741.0484619140625], "obj_id": 3}, {"cam_R_m2c": [-0.9126735925674438, -0.3836525082588196, -0.14084650576114655, -0.40407252311706543, 0.8987385034561157, 0.17027775943279266, 0.061256684362888336, 0.2123202085494995, -0.9752783179283142], "cam_t_m2c": [195.06092834472656, 233.87380981445312, 908.6702880859375], "obj_id": 3}, {"cam_R_m2c": [0.24668161571025848, -0.6810868382453918, 0.689397394657135, -0.6707698702812195, 0.3934361934661865, 0.6287094950675964, -0.6994396448135376, -0.6175180673599243, -0.3597990572452545], "cam_t_m2c": [-95.7710952758789, -16.731922149658203, 753.113037109375], "obj_id": 3}, {"cam_R_m2c": [-0.9597419500350952, -0.10705877095460892, -0.25967979431152344, 0.2786267399787903, -0.24592594802379608, -0.9283789396286011, 0.03552909567952156, -0.9633580446243286, 0.26585501432418823], "cam_t_m2c": [157.40512084960938, 64.49055480957031, 664.597900390625], "obj_id": 3}, {"cam_R_m2c": [-0.729756236076355, 0.32200688123703003, -0.6031315326690674, 0.6140221357345581, 0.6966664791107178, -0.37098878622055054, 0.30072060227394104, -0.6410674452781677, -0.7061160206794739], "cam_t_m2c": [25.31142234802246, -166.60606384277344, 964.9832153320312], "obj_id": 3}, {"cam_R_m2c": [-0.7344347238540649, 0.5822732448577881, 0.34865954518318176, -0.017857246100902557, 0.49697527289390564, -0.8675809502601624, -0.6784443259239197, -0.6434076428413391, -0.3545980751514435], "cam_t_m2c": [85.53755950927734, 184.1915283203125, 732.87451171875], "obj_id": 3}, {"cam_R_m2c": [-0.3773661255836487, 0.7169806361198425, 0.5861173272132874, -0.8637807369232178, -0.5007056593894958, 0.056361887603998184, 0.3338826596736908, -0.48500779271125793, 0.8082634806632996], "cam_t_m2c": [187.3999786376953, 301.97991943359375, 970.8098754882812], "obj_id": 3}, {"cam_R_m2c": [-0.5975594520568848, -0.7647625207901001, 0.24095864593982697, -0.4957348704338074, 0.5885651111602783, 0.6386220455169678, -0.6302140355110168, 0.2621630132198334, -0.7308220863342285], "cam_t_m2c": [170.12205505371094, 248.67245483398438, 1044.534423828125], "obj_id": 3}, {"cam_R_m2c": [-0.48749879002571106, -0.32753050327301025, 0.8093631267547607, 0.11590059101581573, 0.8944960236549377, 0.4317915141582489, -0.8653969764709473, 0.30430352687835693, -0.398104727268219], "cam_t_m2c": [209.8035125732422, 247.91966247558594, 944.5203857421875], "obj_id": 3}, {"cam_R_m2c": [-0.5238809585571289, 0.3210603892803192, 0.7889670729637146, -0.17458213865756989, 0.8661089539527893, -0.46837636828422546, -0.8337085247039795, -0.38311299681663513, -0.39768657088279724], "cam_t_m2c": [152.8534393310547, -112.63077545166016, 889.5369873046875], "obj_id": 3}, {"cam_R_m2c": [-0.7736014127731323, 0.2404576689004898, 0.586277425289154, -0.6295031309127808, -0.3975861668586731, -0.6675711274147034, 0.07257314771413803, -0.8854973316192627, 0.45894190669059753], "cam_t_m2c": [141.54383850097656, 180.82501220703125, 786.2470703125], "obj_id": 3}, {"cam_R_m2c": [-0.9104762077331543, 0.3805050849914551, -0.16201435029506683, 0.21827290952205658, 0.10938312858343124, -0.9697381854057312, -0.3512687087059021, -0.9182870388031006, -0.1826445758342743], "cam_t_m2c": [-54.5749397277832, 85.44176483154297, 661.0272827148438], "obj_id": 3}, {"cam_R_m2c": [0.31253939867019653, 0.4460557997226715, 0.8386615514755249, -0.872725248336792, -0.21376167237758636, 0.4389262795448303, 0.37505945563316345, -0.8691028952598572, 0.3224753737449646], "cam_t_m2c": [-42.0687255859375, 374.0549011230469, 856.1507568359375], "obj_id": 1}, {"cam_R_m2c": [0.150081068277359, -0.12872612476348877, -0.9802576899528503, 0.8740372061729431, -0.44613826274871826, 0.19240455329418182, -0.46209803223609924, -0.8856580257415771, 0.04555457830429077], "cam_t_m2c": [63.324527740478516, -28.382328033447266, 997.484130859375], "obj_id": 1}, {"cam_R_m2c": [-0.42622271180152893, -0.11614399403333664, 0.8971313238143921, 0.7965080142021179, -0.5183224678039551, 0.31131431460380554, 0.4288460910320282, 0.8472616076469421, 0.3134305477142334], "cam_t_m2c": [243.14418029785156, 157.91217041015625, 916.134033203125], "obj_id": 1}, {"cam_R_m2c": [-0.03550420701503754, -0.9342066645622253, 0.35496076941490173, -0.7532143592834473, 0.25845274329185486, 0.6048719882965088, -0.6568160653114319, -0.24588602781295776, -0.7128340601921082], "cam_t_m2c": [86.51043701171875, -132.326416015625, 946.0555419921875], "obj_id": 1}, {"cam_R_m2c": [0.8131289482116699, 0.02288234420120716, 0.5816336870193481, 0.1143818125128746, 0.9734638333320618, -0.19820430874824524, -0.5707347393035889, 0.22769397497177124, 0.7889342904090881], "cam_t_m2c": [14.8018798828125, 386.1827697753906, 853.3449096679688], "obj_id": 1}, {"cam_R_m2c": [0.10187384486198425, -0.3537946343421936, -0.929758608341217, -0.04424452781677246, -0.9353076219558716, 0.35105830430984497, -0.9938129186630249, 0.00537307932972908, -0.11093680560588837], "cam_t_m2c": [96.48625183105469, 231.47230529785156, 641.079833984375], "obj_id": 1}, {"cam_R_m2c": [0.466076523065567, 0.8721261620521545, 0.14889110624790192, -0.4485500752925873, 0.08786659687757492, 0.8894280195236206, 0.7626109719276428, -0.4813266098499298, 0.4321448802947998], "cam_t_m2c": [125.14234924316406, 387.5149841308594, 847.9521484375], "obj_id": 1}, {"cam_R_m2c": [-0.08176171779632568, 0.6577454805374146, -0.7487895488739014, -0.6308075785636902, 0.5475170612335205, 0.5498244166374207, 0.7716195583343506, 0.5172967910766602, 0.37014493346214294], "cam_t_m2c": [-56.745426177978516, 31.50822639465332, 906.8875732421875], "obj_id": 1}, {"cam_R_m2c": [-0.640717625617981, -0.16092608869075775, -0.7507220506668091, -0.751751184463501, 0.3302234709262848, 0.5708087086677551, 0.1560480147600174, 0.9300834536552429, -0.3325563669204712], "cam_t_m2c": [-27.136987686157227, 64.70074462890625, 785.7217407226562], "obj_id": 1}, {"cam_R_m2c": [-0.9024945497512817, -0.11415183544158936, 0.4152984619140625, 0.19169992208480835, 0.7569998502731323, 0.6246617436408997, -0.3856871724128723, 0.6433665752410889, -0.66130530834198], "cam_t_m2c": [-20.547046661376953, 368.175537109375, 825.4992065429688], "obj_id": 1}, {"cam_R_m2c": [-0.5980669856071472, -0.7429304122924805, 0.3006168603897095, 0.2074710726737976, -0.5058249831199646, -0.8373153805732727, 0.7741264700889587, -0.43840131163597107, 0.4566536247730255], "cam_t_m2c": [215.5245819091797, 47.55022430419922, 948.8160400390625], "obj_id": 1}, {"cam_R_m2c": [0.2581968605518341, 0.8733663558959961, 0.41299569606781006, 0.8679363131523132, -0.02195410057902336, -0.4961898624897003, -0.4242885708808899, 0.4865686297416687, -0.7636948227882385], "cam_t_m2c": [-7.275121688842773, 148.86256408691406, 1045.6439208984375], "obj_id": 1}, {"cam_R_m2c": [0.8383117318153381, -0.5438677072525024, -0.037965577095746994, 0.42720064520835876, 0.612024188041687, 0.6655268669128418, -0.33872270584106445, -0.5741378664970398, 0.7454077005386353], "cam_t_m2c": [98.47437286376953, 425.56829833984375, 778.3572998046875], "obj_id": 1}, {"cam_R_m2c": [0.4381921589374542, 0.28075018525123596, -0.8539127707481384, 0.7852497100830078, 0.34276336431503296, 0.515651285648346, 0.43745923042297363, -0.8964890837669373, -0.07026278227567673], "cam_t_m2c": [-74.01069641113281, 18.66617202758789, 701.7868041992188], "obj_id": 1}, {"cam_R_m2c": [-0.7753018140792847, 0.17191120982170105, -0.6077446341514587, 0.44241639971733093, -0.5389068126678467, -0.7168312668800354, -0.45074909925460815, -0.8246368169784546, 0.3417591452598572], "cam_t_m2c": [118.51087951660156, 209.06036376953125, 1088.341064453125], "obj_id": 1}, {"cam_R_m2c": [-0.25672417879104614, 0.007289587520062923, -0.966457188129425, 0.829399824142456, 0.5150271058082581, -0.2164323925971985, 0.4961739480495453, -0.8571428656578064, -0.13826587796211243], "cam_t_m2c": [59.08852005004883, 88.95545959472656, 1048.6624755859375], "obj_id": 1}, {"cam_R_m2c": [-0.16910287737846375, 0.9064812660217285, 0.3869054615497589, 0.7984352111816406, 0.3561469614505768, -0.48544877767562866, -0.5778454542160034, 0.22682814300060272, -0.7839920520782471], "cam_t_m2c": [210.9353790283203, 211.71878051757812, 910.2258911132812], "obj_id": 1}, {"cam_R_m2c": [0.4443756639957428, 0.8950917720794678, 0.036620691418647766, -0.3535075783729553, 0.13764721155166626, 0.9252489805221558, 0.8231419920921326, -0.42410382628440857, 0.37758874893188477], "cam_t_m2c": [61.9425163269043, 271.3022766113281, 1006.780029296875], "obj_id": 1}, {"cam_R_m2c": [-0.5833051204681396, -0.6549543738365173, -0.4804059565067291, -0.22095553576946259, -0.4411979913711548, 0.8697832822799683, -0.7816224694252014, 0.6134974360466003, 0.11263730376958847], "cam_t_m2c": [113.6520767211914, 141.58502197265625, 1030.6485595703125], "obj_id": 1}, {"cam_R_m2c": [0.7203750610351562, -0.21592022478580475, 0.6591193079948425, -0.4022463858127594, -0.9042291641235352, 0.1434139758348465, 0.5650289058685303, -0.368440181016922, -0.7382372617721558], "cam_t_m2c": [-80.10478973388672, -90.04486083984375, 843.07666015625], "obj_id": 1}, {"cam_R_m2c": [-0.11310005933046341, 0.6152802109718323, -0.7801529765129089, -0.7754132747650146, -0.5456032156944275, -0.3178858160972595, -0.6212428212165833, 0.5689880847930908, 0.5388041734695435], "cam_t_m2c": [-14.389975547790527, 147.19300842285156, 737.0782470703125], "obj_id": 1}, {"cam_R_m2c": [-0.43436095118522644, -0.07920953631401062, 0.8972492814064026, 0.5789920091629028, -0.7876219153404236, 0.21076011657714844, 0.6899990439414978, 0.6110461354255676, 0.38797399401664734], "cam_t_m2c": [133.83203125, 119.73851776123047, 842.5659790039062], "obj_id": 1}, {"cam_R_m2c": [-0.8546903729438782, 0.1999649703502655, 0.4790807366371155, 0.5137470960617065, 0.4584450423717499, 0.7251841425895691, -0.07462076842784882, 0.8659342527389526, -0.49456000328063965], "cam_t_m2c": [-126.54398345947266, 70.42074584960938, 830.6923217773438], "obj_id": 1}, {"cam_R_m2c": [-0.6328756213188171, 0.657663881778717, 0.40859100222587585, -0.3617515563964844, 0.21541020274162292, -0.9070469737052917, -0.684546709060669, -0.7218563556671143, 0.1015831008553505], "cam_t_m2c": [5.163414001464844, -53.62968826293945, 899.7725219726562], "obj_id": 1}, {"cam_R_m2c": [-0.771123468875885, 0.6021410822868347, 0.20686876773834229, -0.37890127301216125, -0.6951233148574829, 0.6109315752983093, 0.5116662979125977, 0.3927208185195923, 0.7641779780387878], "cam_t_m2c": [-172.57225036621094, 87.11265563964844, 856.4010620117188], "obj_id": 1}, {"cam_R_m2c": [-0.004800105467438698, 0.753879725933075, 0.6569947600364685, 0.1382416933774948, 0.6511943936347961, -0.7462137937545776, -0.9903867840766907, 0.08724208921194077, -0.10734338313341141], "cam_t_m2c": [-116.7499008178711, 100.8046875, 816.5130615234375], "obj_id": 1}, {"cam_R_m2c": [-0.3690752387046814, 0.5628154873847961, -0.7396094799041748, -0.2814178168773651, -0.8261097073554993, -0.4882076680660248, -0.8857694268226624, 0.027953922748565674, 0.4632829427719116], "cam_t_m2c": [123.00183868408203, 212.2252960205078, 992.6387329101562], "obj_id": 1}, {"cam_R_m2c": [0.49320194125175476, -0.860349178314209, 0.1286509484052658, -0.20146413147449493, -0.25683340430259705, -0.9452241063117981, 0.8462647199630737, 0.44026780128479004, -0.30000022053718567], "cam_t_m2c": [166.21456909179688, 212.9762420654297, 757.1336059570312], "obj_id": 1}, {"cam_R_m2c": [0.2337520718574524, -0.9569540023803711, 0.17204336822032928, 0.00984279252588749, 0.17926537990570068, 0.9837514758110046, -0.9722464084625244, -0.22826054692268372, 0.05132276937365532], "cam_t_m2c": [224.10597229003906, 101.79419708251953, 776.9061279296875], "obj_id": 1}, {"cam_R_m2c": [-0.6726318597793579, -0.6286615133285522, -0.39032143354415894, -0.4546316862106323, -0.065093494951725, 0.8882976174354553, -0.5838460326194763, 0.7749499082565308, -0.24202537536621094], "cam_t_m2c": [-5.321016311645508, 137.161865234375, 800.4061279296875], "obj_id": 1}, {"cam_R_m2c": [0.40327876806259155, 0.3100275695323944, -0.8609582185745239, 0.8908321857452393, -0.3481525480747223, 0.2919035851955414, -0.2092466652393341, -0.8846879005432129, -0.4165850579738617], "cam_t_m2c": [66.44424438476562, -13.288384437561035, 773.6538696289062], "obj_id": 1}, {"cam_R_m2c": [-0.517536461353302, -0.8400297164916992, -0.16280706226825714, -0.2254163920879364, 0.31739893555641174, -0.9211109280586243, 0.8254353404045105, -0.44000911712646484, -0.3536220192909241], "cam_t_m2c": [84.60429382324219, 117.52864074707031, 1071.8009033203125], "obj_id": 1}, {"cam_R_m2c": [-0.20668335258960724, 0.28520435094833374, -0.9359169602394104, -0.4708486795425415, 0.8095263242721558, 0.35066893696784973, 0.8576616644859314, 0.5131526589393616, -0.0330275297164917], "cam_t_m2c": [-45.847373962402344, 152.64434814453125, 1058.599609375], "obj_id": 1}, {"cam_R_m2c": [-0.792266845703125, 0.452175110578537, -0.40969595313072205, 0.5538347959518433, 0.8147043585777283, -0.17182490229606628, 0.256086140871048, -0.36303508281707764, -0.8958935737609863], "cam_t_m2c": [197.48623657226562, 198.20376586914062, 916.8634033203125], "obj_id": 1}, {"cam_R_m2c": [0.6134890913963318, 0.7848952412605286, 0.08700912445783615, 0.3747776746749878, -0.19239598512649536, -0.9069319367408752, -0.6951063275337219, 0.5890019536018372, -0.41219407320022583], "cam_t_m2c": [135.7913055419922, -34.480159759521484, 849.8627319335938], "obj_id": 1}, {"cam_R_m2c": [-0.15105338394641876, 0.6282255053520203, 0.7632269859313965, 0.9241717457771301, -0.18427589535713196, 0.3345875144004822, 0.35084083676338196, 0.7558934688568115, -0.552752673625946], "cam_t_m2c": [-72.34101104736328, 82.61402130126953, 709.7842407226562], "obj_id": 1}, {"cam_R_m2c": [-0.26869961619377136, 0.22056061029434204, 0.9376318454742432, 0.2425856590270996, 0.9575495719909668, -0.15572747588157654, -0.9321763515472412, 0.18561214208602905, -0.3107980489730835], "cam_t_m2c": [108.95133209228516, 251.37106323242188, 1005.051513671875], "obj_id": 1}, {"cam_R_m2c": [-0.3442501723766327, -0.6351866126060486, -0.6913967728614807, -0.9333860874176025, 0.31106919050216675, 0.1789586991071701, 0.10140001773834229, 0.7069467902183533, -0.699959933757782], "cam_t_m2c": [-156.3031463623047, 151.3035430908203, 818.1993408203125], "obj_id": 1}, {"cam_R_m2c": [-0.4809303879737854, 0.851171612739563, 0.2102688103914261, 0.2433774322271347, 0.3600043058395386, -0.9006466269493103, -0.8423025012016296, -0.38197359442710876, -0.38029301166534424], "cam_t_m2c": [-74.98303985595703, -98.21442413330078, 897.2517700195312], "obj_id": 1}, {"cam_R_m2c": [-0.5293740630149841, 0.7463556528091431, 0.4033809006214142, -0.5244816541671753, 0.08581861108541489, -0.8470855951309204, -0.6668447256088257, -0.6599911451339722, 0.34601983428001404], "cam_t_m2c": [-28.041990280151367, 66.33697509765625, 705.8260498046875], "obj_id": 1}, {"cam_R_m2c": [0.8999597430229187, -0.2736054062843323, 0.339429646730423, 0.19499029219150543, 0.9489517211914062, 0.24793028831481934, -0.3899374306201935, -0.15694178640842438, 0.9073687791824341], "cam_t_m2c": [142.34002685546875, 238.9553680419922, 863.6111450195312], "obj_id": 1}, {"cam_R_m2c": [-0.861125648021698, -0.16658379137516022, -0.4803254306316376, 0.15950539708137512, -0.9856151342391968, 0.05586487799882889, -0.4827221930027008, -0.028507819399237633, 0.875309407711029], "cam_t_m2c": [50.492061614990234, 99.5135269165039, 862.8353271484375], "obj_id": 1}, {"cam_R_m2c": [-0.5004494190216064, -0.3176732063293457, -0.805378258228302, 0.8346928954124451, -0.42402446269989014, -0.35141292214393616, -0.22986561059951782, -0.8481079339981079, 0.47736233472824097], "cam_t_m2c": [33.34667205810547, -21.19458770751953, 940.0938720703125], "obj_id": 1}, {"cam_R_m2c": [-0.9818474650382996, -0.09863008558750153, -0.16201068460941315, -0.09278488904237747, -0.4952220320701599, 0.8637973666191101, -0.16542768478393555, 0.8631495237350464, 0.4770812690258026], "cam_t_m2c": [123.44857025146484, 254.69175720214844, 913.68310546875], "obj_id": 1}, {"cam_R_m2c": [0.7304388880729675, -0.3850395679473877, -0.5640953183174133, -0.2619366943836212, -0.9207099080085754, 0.28927910327911377, -0.6307520866394043, -0.06354344636201859, -0.773378312587738], "cam_t_m2c": [80.68955993652344, 330.52850341796875, 814.7941284179688], "obj_id": 1}, {"cam_R_m2c": [-0.45530271530151367, -0.4697232246398926, 0.7563460469245911, -0.8885822296142578, 0.18643243610858917, -0.41912344098091125, 0.05586463585495949, -0.8629037737846375, -0.5022708177566528], "cam_t_m2c": [-1.9248692989349365, -32.40751647949219, 872.8313598632812], "obj_id": 1}, {"cam_R_m2c": [0.6676004528999329, 0.6900376081466675, -0.2795669734477997, 0.7323867082595825, -0.6761776804924011, 0.07995776832103729, -0.13386312127113342, -0.2581309676170349, -0.9567908644676208], "cam_t_m2c": [-113.97274780273438, 128.29904174804688, 816.9646606445312], "obj_id": 1}, {"cam_R_m2c": [-0.618640124797821, -0.3982631266117096, 0.6772524118423462, -0.7133954763412476, 0.64588862657547, -0.27183589339256287, -0.32916736602783203, -0.6513174176216125, -0.683691680431366], "cam_t_m2c": [144.486083984375, 270.22235107421875, 874.7286376953125], "obj_id": 1}, {"cam_R_m2c": [-0.4215433597564697, -0.6906108856201172, 0.5876715779304504, 0.8291179537773132, -0.03108206018805504, 0.5582090020179749, -0.3672391474246979, 0.722558319568634, 0.5857003331184387], "cam_t_m2c": [224.1848907470703, -20.303775787353516, 876.4854125976562], "obj_id": 1}, {"cam_R_m2c": [0.8478947877883911, 0.12183129787445068, 0.5159763097763062, -0.19134370982646942, -0.8373185992240906, 0.5121377110481262, 0.4944310188293457, -0.532967746257782, -0.6866464614868164], "cam_t_m2c": [-49.97723388671875, -79.84423828125, 876.5926513671875], "obj_id": 1}, {"cam_R_m2c": [0.22877101600170135, 0.7891477346420288, 0.5700084567070007, -0.12461180239915848, -0.5569806098937988, 0.8211238980293274, 0.9654717445373535, -0.2588791251182556, -0.02908387966454029], "cam_t_m2c": [-75.07459259033203, -62.10685348510742, 930.804931640625], "obj_id": 1}, {"cam_R_m2c": [-0.03797372430562973, -0.9045185446739197, -0.42474010586738586, -0.9066365361213684, -0.14754752814769745, 0.3952719569206238, -0.4202001988887787, 0.4000948369503021, -0.8144665956497192], "cam_t_m2c": [131.12571716308594, -128.3836669921875, 890.1036987304688], "obj_id": 1}, {"cam_R_m2c": [0.473877876996994, 0.8252215385437012, -0.3073258399963379, -0.8618283867835999, 0.36296138167381287, -0.35427501797676086, -0.18080797791481018, 0.43274521827697754, 0.8831987380981445], "cam_t_m2c": [38.929927825927734, -18.09113883972168, 944.6880493164062], "obj_id": 1}, {"cam_R_m2c": [-0.8437828421592712, -0.42666828632354736, 0.32555294036865234, 0.3985675871372223, -0.09194856137037277, 0.9125181436538696, -0.359408438205719, 0.8997219800949097, 0.24764074385166168], "cam_t_m2c": [23.551652908325195, 92.31533813476562, 988.2090454101562], "obj_id": 1}, {"cam_R_m2c": [-0.6934125423431396, 0.24472114443778992, -0.6777097582817078, -0.16456639766693115, -0.9694855213165283, -0.18170198798179626, -0.7014961242675781, -0.01446620374917984, 0.7125264406204224], "cam_t_m2c": [186.9200897216797, 241.9794158935547, 1047.0455322265625], "obj_id": 3}, {"cam_R_m2c": [-0.21116727590560913, -0.6585859060287476, -0.7222693562507629, 0.23211155831813812, 0.6840088963508606, -0.6915605664253235, 0.9494907855987549, -0.3136819899082184, 0.008425088599324226], "cam_t_m2c": [-73.90937042236328, 272.6105651855469, 940.9956665039062], "obj_id": 1}, {"cam_R_m2c": [0.8803229928016663, -0.16036659479141235, 0.44644591212272644, 0.377334862947464, -0.3336341381072998, -0.8638904094696045, 0.28748875856399536, 0.928962230682373, -0.23319388926029205], "cam_t_m2c": [212.78660583496094, -34.944435119628906, 794.2348022460938], "obj_id": 1}, {"cam_R_m2c": [-0.6977331638336182, 0.22859032452106476, -0.6789069771766663, 0.18056081235408783, 0.9732410311698914, 0.14212577044963837, 0.6932286620140076, -0.023418115451931953, -0.7203370332717896], "cam_t_m2c": [138.7423858642578, 275.36083984375, 747.716796875], "obj_id": 1}, {"cam_R_m2c": [0.6224896907806396, -0.30902260541915894, 0.7190352082252502, 0.45158910751342773, 0.892194390296936, -0.007511908654123545, -0.639197826385498, 0.32938456535339355, 0.6949330568313599], "cam_t_m2c": [199.98081970214844, -61.9447021484375, 821.2499389648438], "obj_id": 1}, {"cam_R_m2c": [-0.362932413816452, -0.3165849447250366, -0.876386821269989, 0.6358320713043213, -0.7716727256774902, 0.015445089899003506, -0.68117356300354, -0.551629364490509, 0.4813600778579712], "cam_t_m2c": [93.05532836914062, 273.08746337890625, 1020.49169921875], "obj_id": 3}, {"cam_R_m2c": [0.8669237494468689, -0.2813091278076172, -0.4114709794521332, 0.4247399866580963, -0.015079989098012447, 0.9051897525787354, -0.2608431577682495, -0.9594986438751221, 0.10641004890203476], "cam_t_m2c": [186.691650390625, 121.5192642211914, 781.7694702148438], "obj_id": 1}, {"cam_R_m2c": [0.8915230631828308, -0.43555569648742676, -0.12441011518239975, -0.08251036703586578, 0.11390842497348785, -0.9900590181350708, 0.4453972280025482, 0.8929255604743958, 0.06561412662267685], "cam_t_m2c": [67.06915283203125, 258.6382751464844, 659.2167358398438], "obj_id": 1}, {"cam_R_m2c": [0.1319517344236374, 0.8150004148483276, -0.5642367005348206, 0.2309691160917282, 0.5282675623893738, 0.8170597553253174, 0.9639719724655151, -0.23813369870185852, -0.11853411048650742], "cam_t_m2c": [75.2928237915039, 196.56976318359375, 1121.59130859375], "obj_id": 1}, {"cam_R_m2c": [0.25107699632644653, 0.20449934899806976, 0.9461185336112976, 0.8340117335319519, -0.5418148636817932, -0.10421561449766159, 0.49130913615226746, 0.8152401447296143, -0.30659204721450806], "cam_t_m2c": [-176.502685546875, 89.12680053710938, 830.295166015625], "obj_id": 3}, {"cam_R_m2c": [0.8963100910186768, 0.3107188642024994, -0.3163573145866394, -0.18949979543685913, 0.9134109020233154, 0.36023643612861633, 0.40089648962020874, -0.2629339396953583, 0.8775806427001953], "cam_t_m2c": [6.7696356773376465, 40.40647888183594, 735.1556396484375], "obj_id": 1}, {"cam_R_m2c": [-0.517516553401947, -0.6953313946723938, 0.4986889958381653, 0.812677800655365, -0.5818279981613159, 0.032106101512908936, 0.2678268849849701, 0.42188894748687744, 0.8661861419677734], "cam_t_m2c": [-15.065393447875977, 143.7555694580078, 1172.844970703125], "obj_id": 1}, {"cam_R_m2c": [-0.7042595744132996, 0.1007407158613205, -0.7027586698532104, 0.6738693118095398, -0.21666699647903442, -0.7063678503036499, -0.22342461347579956, -0.9710338115692139, 0.08470375090837479], "cam_t_m2c": [-20.015628814697266, 209.29037475585938, 994.2694091796875], "obj_id": 3}, {"cam_R_m2c": [0.8418674468994141, 0.5023519396781921, -0.19723519682884216, -0.23206885159015656, 0.007018270902335644, -0.9726740717887878, -0.48724043369293213, 0.8646348118782043, 0.12248868495225906], "cam_t_m2c": [209.43601989746094, 5.268216133117676, 749.0819091796875], "obj_id": 1}, {"cam_R_m2c": [0.637822151184082, -0.3984833061695099, 0.6590856909751892, 0.5126245021820068, 0.8583088517189026, 0.022847574204206467, -0.5748034715652466, 0.32329079508781433, 0.7517207264900208], "cam_t_m2c": [115.5934829711914, 86.8084716796875, 720.8758544921875], "obj_id": 3}, {"cam_R_m2c": [-0.06668449193239212, 0.9702021479606628, 0.23293933272361755, 0.9924532771110535, 0.04041837155818939, 0.11577014625072479, 0.10290544480085373, 0.2389015108346939, -0.9655755758285522], "cam_t_m2c": [195.9120330810547, 257.544677734375, 983.1005249023438], "obj_id": 3}, {"cam_R_m2c": [0.9789524078369141, -0.1540331244468689, -0.13388799130916595, -0.04579578712582588, 0.47350722551345825, -0.8795985579490662, 0.1988842487335205, 0.8672166466712952, 0.4564869701862335], "cam_t_m2c": [82.6422119140625, 155.3419189453125, 926.336181640625], "obj_id": 3}, {"cam_R_m2c": [-0.23035842180252075, -0.5676048994064331, 0.7904174327850342, -0.00549192912876606, -0.8114913105964661, -0.5843387246131897, 0.9730903506278992, -0.1389482617378235, 0.1838165670633316], "cam_t_m2c": [194.1808319091797, 237.10787963867188, 1044.829833984375], "obj_id": 3}, {"cam_R_m2c": [-0.21827544271945953, -0.8099415302276611, -0.5443809628486633, 0.8786803483963013, 0.07958847284317017, -0.470729798078537, 0.4245900511741638, -0.5810856223106384, 0.6943074464797974], "cam_t_m2c": [61.884586334228516, 0.044712796807289124, 953.3515014648438], "obj_id": 1}, {"cam_R_m2c": [0.7805431485176086, 0.5958222150802612, 0.1890721321105957, -0.2196354866027832, -0.021775713190436363, 0.9753389954566956, 0.5852457880973816, -0.8028210997581482, 0.11386680603027344], "cam_t_m2c": [-56.50778579711914, 203.95457458496094, 1077.70166015625], "obj_id": 3}, {"cam_R_m2c": [-0.22955109179019928, -0.7730689644813538, -0.5913295149803162, 0.9385368227958679, -0.014898806810379028, -0.344857394695282, 0.25778844952583313, -0.6341469287872314, 0.7289737462997437], "cam_t_m2c": [0.0666414424777031, 217.14117431640625, 805.7874145507812], "obj_id": 3}, {"cam_R_m2c": [0.7068681120872498, 0.10992792993783951, 0.6987512111663818, 0.5650741457939148, -0.6819592118263245, -0.46435198187828064, 0.425474613904953, 0.7230818867683411, -0.5441726446151733], "cam_t_m2c": [-47.125144958496094, 95.57311248779297, 1030.5980224609375], "obj_id": 3}, {"cam_R_m2c": [0.3253018856048584, -0.02005336619913578, -0.9453975558280945, -0.016969235613942146, 0.9994903206825256, -0.027039702981710434, 0.945457935333252, 0.02483874000608921, 0.32479578256607056], "cam_t_m2c": [176.0513458251953, -31.290843963623047, 884.2242431640625], "obj_id": 1}, {"cam_R_m2c": [0.7101442217826843, -0.6229460835456848, -0.32807525992393494, 0.6725455522537231, 0.7380563020706177, 0.05436262488365173, 0.2082730233669281, -0.2592508792877197, 0.9430860877037048], "cam_t_m2c": [21.860572814941406, -122.57334899902344, 1006.8639526367188], "obj_id": 3}, {"cam_R_m2c": [-0.6610682010650635, -0.20974747836589813, 0.7204127907752991, 0.5727904438972473, 0.4791161119937897, 0.6651005744934082, -0.48466452956199646, 0.852322518825531, -0.19658701121807098], "cam_t_m2c": [157.39395141601562, 200.36961364746094, 934.5449829101562], "obj_id": 3}, {"cam_R_m2c": [-0.7510489225387573, -0.33690571784973145, -0.5678204894065857, 0.5030908584594727, 0.26493188738822937, -0.8226242661476135, 0.4275805950164795, -0.9034963250160217, -0.02948264218866825], "cam_t_m2c": [-11.862934112548828, 153.33737182617188, 794.4576416015625], "obj_id": 1}, {"cam_R_m2c": [0.054153572767972946, -0.8629374504089355, 0.5024005174636841, 0.8337757587432861, 0.31592920422554016, 0.45277658104896545, -0.549440860748291, 0.3943699598312378, 0.7366051077842712], "cam_t_m2c": [24.352333068847656, 7.984109401702881, 1032.5003662109375], "obj_id": 1}, {"cam_R_m2c": [-0.9624252319335938, 0.2709258496761322, 0.01835029199719429, 0.2105073183774948, 0.7870702743530273, -0.5798336267471313, -0.17153488099575043, -0.5541836619377136, -0.8145281672477722], "cam_t_m2c": [106.91735076904297, -102.79837036132812, 952.6973266601562], "obj_id": 1}, {"cam_R_m2c": [0.49280425906181335, -0.6211223602294922, 0.6093856692314148, 0.5147690773010254, -0.3565254211425781, -0.7796808481216431, 0.7015388011932373, 0.697922945022583, 0.1440374255180359], "cam_t_m2c": [57.71257400512695, 374.1917724609375, 835.639404296875], "obj_id": 1}, {"cam_R_m2c": [0.38669905066490173, 0.18857958912849426, 0.9027189016342163, 0.7427945733070374, -0.6438259482383728, -0.18369552493095398, 0.5465527772903442, 0.7415696382522583, -0.3890427052974701], "cam_t_m2c": [33.04642868041992, -169.74807739257812, 970.3812866210938], "obj_id": 1}, {"cam_R_m2c": [-0.6647952795028687, 0.15498435497283936, 0.730771541595459, -0.7375020980834961, 0.019539179280400276, -0.6750621199607849, -0.11890272796154022, -0.9877236485481262, 0.10131176561117172], "cam_t_m2c": [141.5861358642578, 255.2150115966797, 938.6599731445312], "obj_id": 3}, {"cam_R_m2c": [0.4946255385875702, -0.6159852743148804, -0.6131130456924438, 0.08622197806835175, 0.7367514371871948, -0.6706437468528748, 0.8648186326026917, 0.2788536846637726, 0.41752758622169495], "cam_t_m2c": [194.64202880859375, 115.7366714477539, 927.7294921875], "obj_id": 3}, {"cam_R_m2c": [0.6069471836090088, 0.2307620644569397, 0.7605024576187134, 0.41001465916633606, -0.9106573462486267, -0.05090329051017761, 0.6808105707168579, 0.34271275997161865, -0.6473367214202881], "cam_t_m2c": [64.03807067871094, 115.3431625366211, 777.1603393554688], "obj_id": 3}, {"cam_R_m2c": [-0.7779338955879211, 0.15731234848499298, -0.608335018157959, -0.26681622862815857, 0.7938297390937805, 0.5464828014373779, 0.5688828825950623, 0.5874412059783936, -0.5755735039710999], "cam_t_m2c": [142.265625, 210.468994140625, 711.6735229492188], "obj_id": 1}, {"cam_R_m2c": [0.7494165301322937, 0.1699911206960678, -0.6399045586585999, 0.03904957324266434, -0.9761444926261902, -0.21358108520507812, -0.660946249961853, 0.13507318496704102, -0.7381768822669983], "cam_t_m2c": [63.42353057861328, 103.0758056640625, 968.0864868164062], "obj_id": 3}, {"cam_R_m2c": [-0.8725206255912781, 0.05437232926487923, -0.48554202914237976, 0.10725514590740204, -0.9482303857803345, -0.2989233136177063, -0.4766589403152466, -0.31289368867874146, 0.8215191960334778], "cam_t_m2c": [-3.0739803314208984, 126.18920135498047, 733.4881591796875], "obj_id": 1}, {"cam_R_m2c": [0.9514193534851074, -0.15211689472198486, 0.2676970660686493, 0.09056264162063599, 0.9692304134368896, 0.22889035940170288, -0.29427820444107056, -0.19352735579013824, 0.9359206557273865], "cam_t_m2c": [44.326576232910156, 33.65333938598633, 709.4547729492188], "obj_id": 1}, {"cam_R_m2c": [0.8536391258239746, 0.5207090377807617, 0.012740615755319595, -0.4819578528404236, 0.7989146709442139, -0.35979440808296204, -0.19752687215805054, 0.3009941577911377, 0.9329445958137512], "cam_t_m2c": [-32.448089599609375, 152.7237548828125, 940.7614135742188], "obj_id": 3}, {"cam_R_m2c": [0.7738588452339172, -0.36918893456459045, -0.5146280527114868, -0.5473141074180603, -0.798708438873291, -0.25002434849739075, -0.31873151659965515, 0.47514671087265015, -0.8201498985290527], "cam_t_m2c": [247.9189910888672, 198.06057739257812, 1065.9620361328125], "obj_id": 3}, {"cam_R_m2c": [-0.9106189012527466, 0.2985791265964508, 0.28569820523262024, 0.14325635135173798, 0.8765618205070496, -0.4594746530056, -0.38762167096138, -0.37747830152511597, -0.8409871459007263], "cam_t_m2c": [39.595245361328125, 134.39865112304688, 1188.362060546875], "obj_id": 3}, {"cam_R_m2c": [0.5100303888320923, 0.8212207555770874, -0.25586214661598206, -0.013604864478111267, 0.3051247298717499, 0.9522151350975037, 0.8600487112998962, -0.4821776747703552, 0.1667955070734024], "cam_t_m2c": [-50.89146423339844, 25.919260025024414, 728.70361328125], "obj_id": 1}, {"cam_R_m2c": [-0.8582814335823059, -0.24301207065582275, 0.45199334621429443, -0.1089717373251915, 0.9469890594482422, 0.30221983790397644, -0.5014758110046387, 0.21013519167900085, -0.8392645716667175], "cam_t_m2c": [-82.21737670898438, 183.69097900390625, 1045.733154296875], "obj_id": 1}, {"cam_R_m2c": [0.5555591583251953, -0.3021808862686157, -0.774622917175293, -0.6214173436164856, -0.7698789834976196, -0.1453499048948288, -0.5524440407752991, 0.5621146559715271, -0.6154937744140625], "cam_t_m2c": [-104.85614776611328, 178.67633056640625, 1057.018798828125], "obj_id": 3}, {"cam_R_m2c": [-0.5952004194259644, 0.030776264145970345, -0.8029875159263611, 0.7667286992073059, -0.27737605571746826, -0.5789554119110107, -0.24054770171642303, -0.9602681994438171, 0.14149752259254456], "cam_t_m2c": [141.93739318847656, 138.6285400390625, 965.7047729492188], "obj_id": 3}, {"cam_R_m2c": [-0.1679844707250595, -0.9135825037956238, 0.37033510208129883, 0.9857561588287354, -0.1587693840265274, 0.05547080188989639, 0.008120734244585037, 0.37437835335731506, 0.9272404909133911], "cam_t_m2c": [108.96064758300781, 417.90325927734375, 815.972900390625], "obj_id": 3}, {"cam_R_m2c": [0.3690469264984131, 0.12802386283874512, 0.920551061630249, -0.2826695144176483, -0.9280858039855957, 0.2423933446407318, 0.8853825330734253, -0.3496662378311157, -0.3063187301158905], "cam_t_m2c": [177.9675750732422, 300.4383850097656, 970.0859375], "obj_id": 3}, {"cam_R_m2c": [-0.5064425468444824, 0.4541063606739044, -0.7330096960067749, -0.6833629012107849, 0.30705875158309937, 0.6623669862747192, 0.5258620977401733, 0.8363625407218933, 0.15481190383434296], "cam_t_m2c": [-115.63460540771484, 91.02955627441406, 768.1199340820312], "obj_id": 3}, {"cam_R_m2c": [-0.29036596417427063, -0.9235486388206482, -0.25048956274986267, 0.10025594383478165, -0.2896876931190491, 0.9518557190895081, -0.951649010181427, 0.25127363204956055, 0.17670701444149017], "cam_t_m2c": [45.45920181274414, 219.00271606445312, 858.7015380859375], "obj_id": 3}, {"cam_R_m2c": [0.6211931109428406, 0.7488799095153809, -0.23086364567279816, 0.4696505665779114, -0.5915945172309875, -0.6553199887275696, -0.6273336410522461, 0.2986550033092499, -0.7192063331604004], "cam_t_m2c": [-5.440269947052002, -5.700146675109863, 733.8869018554688], "obj_id": 3}, {"cam_R_m2c": [0.8028980493545532, 0.29128149151802063, -0.5201056003570557, -0.21269184350967407, 0.9550435543060303, 0.20652851462364197, 0.5568814277648926, -0.05519913509488106, 0.828755795955658], "cam_t_m2c": [-77.5355453491211, 290.94610595703125, 939.6367797851562], "obj_id": 1}, {"cam_R_m2c": [-0.19640611112117767, 0.29373499751091003, -0.9354915022850037, 0.3016383945941925, -0.8897073268890381, -0.34268808364868164, -0.9329731464385986, -0.34948620200157166, 0.08614221960306168], "cam_t_m2c": [-129.86752319335938, -29.832073211669922, 818.6309814453125], "obj_id": 3}, {"cam_R_m2c": [-0.9195498824119568, -0.20783287286758423, 0.33351632952690125, 0.3363296687602997, 0.02272809110581875, 0.9414699077606201, -0.20324857532978058, 0.9779001474380493, 0.04900093004107475], "cam_t_m2c": [46.30776596069336, 168.27685546875, 807.092529296875], "obj_id": 1}, {"cam_R_m2c": [-0.45972493290901184, 0.5765899419784546, -0.6754235029220581, -0.4558606445789337, -0.805928111076355, -0.37771791219711304, -0.7621312141418457, 0.1342526525259018, 0.6333500146865845], "cam_t_m2c": [177.21141052246094, 291.093505859375, 948.0098876953125], "obj_id": 3}, {"cam_R_m2c": [0.26035213470458984, 0.0728200152516365, 0.9627637267112732, -0.8956848978996277, -0.35410425066947937, 0.2689957618713379, 0.3605070114135742, -0.9323666095733643, -0.026968011632561684], "cam_t_m2c": [190.47267150878906, 49.33202362060547, 775.280517578125], "obj_id": 3}, {"cam_R_m2c": [0.16509178280830383, -0.7710558176040649, 0.6149938702583313, 0.9650798439979553, 0.25487715005874634, 0.060484789311885834, -0.20338499546051025, 0.5835326910018921, 0.7862086892127991], "cam_t_m2c": [154.11941528320312, 22.505826950073242, 773.40087890625], "obj_id": 1}, {"cam_R_m2c": [0.8103533983230591, -0.012559494003653526, -0.5858067870140076, 0.44087886810302734, -0.6454532146453857, 0.623711109161377, -0.38594451546669006, -0.7636962532997131, -0.5175079703330994], "cam_t_m2c": [131.22740173339844, -128.18728637695312, 926.9682006835938], "obj_id": 1}, 