{
  "0": [{"cam_R_m2c": [0.8039482831954956, -0.5830271244049072, -0.11724543571472168, 0.5776224136352539, 0.8124430179595947, -0.07930133491754532, 0.14149005711078644, -0.003969421144574881, 0.9899317026138306], "cam_t_m2c": [-467.48779296875, -189.20364379882812, 176.39524841308594], "obj_id": 3}, {"cam_R_m2c": [-0.5048438310623169, 0.8479934334754944, 0.16136839985847473, 0.5371127724647522, 0.16224639117717743, 0.8277595639228821, 0.6757532954216003, 0.5045623779296875, -0.5373771786689758], "cam_t_m2c": [-204.96339416503906, -5.2115044593811035, 313.7218933105469], "obj_id": 2}, {"cam_R_m2c": [-0.009212628938257694, 0.7771248817443848, 0.6292790174484253, 0.9945903420448303, -0.057993464171886444, 0.08617942780256271, 0.1034662276506424, 0.6266687512397766, -0.7723866105079651], "cam_t_m2c": [-226.8061981201172, -290.8629150390625, 428.9913330078125], "obj_id": 1}, {"cam_R_m2c": [0.2540779113769531, 0.8004700541496277, -0.5428555011749268, -0.5326676368713379, 0.58429354429245, 0.6122632026672363, 0.8072853088378906, 0.13359898328781128, 0.5748406052589417], "cam_t_m2c": [-230.8559112548828, -139.82269287109375, 425.05682373046875], "obj_id": 1}, {"cam_R_m2c": [-0.2410845309495926, 0.8616562485694885, -0.44657230377197266, -0.5336810946464539, 0.2666228115558624, 0.8025564551353455, 0.8105941414833069, 0.4318110942840576, 0.39557093381881714], "cam_t_m2c": [-425.4407043457031, -301.2002258300781, 411.0523376464844], "obj_id": 1}, {"cam_R_m2c": [-0.30076104402542114, 0.868363082408905, 0.3943198025226593, 0.5014570951461792, -0.20770424604415894, 0.839880645275116, 0.8112233877182007, 0.4503379762172699, -0.3729773461818695], "cam_t_m2c": [-320.1805114746094, -360.75604248046875, 414.3303527832031], "obj_id": 0}, {"cam_R_m2c": [-0.4212631583213806, 0.3928125500679016, -0.817456841468811, 0.7275408506393433, 0.684520959854126, -0.04599346965551376, 0.5414995551109314, -0.6141085624694824, -0.5741506218910217], "cam_t_m2c": [-212.44033813476562, -248.32125854492188, 405.4545593261719], "obj_id": 0}, {"cam_R_m2c": [-0.7379611730575562, 0.6711984276771545, -0.07004071772098541, -0.3125913739204407, -0.2479996532201767, 0.9169420003890991, 0.598080039024353, 0.6985618472099304, 0.3928251266479492], "cam_t_m2c": [-172.58998107910156, -22.940279006958008, 376.2899169921875], "obj_id": 1}, {"cam_R_m2c": [-0.5048900246620178, -0.8492521047592163, 0.154456228017807, 0.5370917916297913, -0.44916316866874695, -0.7139920592308044, 0.675735354423523, -0.27753034234046936, 0.6829045414924622], "cam_t_m2c": [-493.8365478515625, -447.0224304199219, 449.0775146484375], "obj_id": 2}, {"cam_R_m2c": [-0.5048326849937439, -0.28131231665611267, 0.8160926699638367, 0.5371204018592834, -0.8424663543701172, 0.04185774549841881, 0.6757555603981018, 0.4594712257385254, 0.5764032006263733], "cam_t_m2c": [-203.52369689941406, -213.41940307617188, 480.2823791503906], "obj_id": 2}, {"cam_R_m2c": [-0.2955256700515747, -0.10671857744455338, -0.9493553638458252, 0.7599565982818604, 0.5759164690971375, -0.3013073205947876, 0.5789044499397278, -0.8105130195617676, -0.0890965685248375], "cam_t_m2c": [-363.2214050292969, -361.0103759765625, 559.054931640625], "obj_id": 0}, {"cam_R_m2c": [-0.5048434734344482, -0.7313511371612549, 0.45853960514068604, 0.5371129512786865, -0.681987464427948, -0.4963896572589874, 0.6757534146308899, -0.004311516415327787, 0.7371151447296143], "cam_t_m2c": [-378.18328857421875, -161.05010986328125, 308.17816162109375], "obj_id": 2}, {"cam_R_m2c": [-0.8631911873817444, -0.23836925625801086, -0.4450630843639374, -0.31867778301239014, -0.42649203538894653, 0.8464922308921814, -0.3915935754776001, 0.8725162744522095, 0.292181134223938], "cam_t_m2c": [-413.80621337890625, -414.6072082519531, 397.773193359375], "obj_id": 3}, {"cam_R_m2c": [-0.33372458815574646, 0.5815179944038391, -0.7419331073760986, 0.7791510224342346, 0.6131787300109863, 0.13013657927513123, 0.5306143760681152, -0.5346481800079346, -0.6577231884002686], "cam_t_m2c": [-553.3306884765625, -57.00918960571289, 77.72553253173828], "obj_id": 2}, {"cam_R_m2c": [-0.6265007257461548, 0.7634128332138062, 0.15715432167053223, 0.3105492889881134, 0.42942774295806885, -0.8480276465415955, -0.7148815989494324, -0.4824858605861664, -0.5061140060424805], "cam_t_m2c": [-582.847900390625, -292.96295166015625, 233.05645751953125], "obj_id": 3}, {"cam_R_m2c": [-0.6438207626342773, -0.48549360036849976, -0.5914310216903687, 0.5962018966674805, 0.16619858145713806, -0.7854433655738831, 0.4796226918697357, -0.8582971096038818, 0.18245017528533936], "cam_t_m2c": [-163.3482666015625, -162.88107299804688, 374.2190856933594], "obj_id": 0}, {"cam_R_m2c": [0.6201452016830444, -0.2731950879096985, 0.7353804111480713, 0.7702258229255676, 0.3899652361869812, -0.5046575665473938, -0.1489028036594391, 0.8793699741363525, 0.4522570073604584], "cam_t_m2c": [-373.9954528808594, -359.2528991699219, 396.7406921386719], "obj_id": 3}, {"cam_R_m2c": [0.1377120316028595, 0.8814066052436829, 0.45183828473091125, 0.9332308173179626, 0.03736944496631622, -0.35732877254486084, -0.33183687925338745, 0.47087788581848145, -0.8174095749855042], "cam_t_m2c": [-296.3372497558594, -245.6844940185547, 278.3033447265625], "obj_id": 1}, {"cam_R_m2c": [0.7309651374816895, -0.6782664060592651, 0.07513131946325302, -0.6609064936637878, -0.731046199798584, -0.16962924599647522, 0.1699782758951187, 0.07433828711509705, -0.9826399683952332], "cam_t_m2c": [-479.275390625, -372.3145446777344, 265.48638916015625], "obj_id": 1}, {"cam_R_m2c": [-0.6224647164344788, -0.7775371074676514, 0.0892939418554306, 0.31585121154785156, -0.14517760276794434, 0.9376359581947327, -0.7160833477973938, 0.6118490695953369, 0.3359541893005371], "cam_t_m2c": [-541.6914672851562, -297.20751953125, 206.80406188964844], "obj_id": 3}, {"cam_R_m2c": [0.8115845918655396, 0.4262121617794037, 0.39959174394607544, -0.10793548077344894, 0.7815666198730469, -0.6144131422042847, -0.5741779208183289, 0.45551812648773193, 0.6803109049797058], "cam_t_m2c": [-191.7805633544922, -402.0824890136719, 635.5775756835938], "obj_id": 0}, {"cam_R_m2c": [-0.235018789768219, -0.714951753616333, -0.6584908962249756, -0.6922481060028076, 0.5986846685409546, -0.4029507040977478, 0.6823186874389648, 0.36113813519477844, -0.6356261372566223], "cam_t_m2c": [-461.72479248046875, -391.06524658203125, 352.472412109375], "obj_id": 3}, {"cam_R_m2c": [-0.5908696055412292, 0.8067277669906616, 0.007958371192216873, -0.7986264824867249, -0.5834813117980957, -0.1474628746509552, -0.1143188402056694, -0.09348710626363754, 0.9890355467796326], "cam_t_m2c": [-429.9554443359375, -310.7720642089844, 343.7663269042969], "obj_id": 3}, {"cam_R_m2c": [0.6610471606254578, -0.7045461535453796, -0.2581304907798767, -0.6394041180610657, -0.708951473236084, 0.29757362604141235, -0.3926563858985901, -0.031660500913858414, -0.9191400408744812], "cam_t_m2c": [-253.2764129638672, -161.9114227294922, 304.617431640625], "obj_id": 1}, {"cam_R_m2c": [-0.6668020486831665, 0.7036809325218201, -0.2453737109899521, 0.41907763481140137, 0.6263269782066345, 0.6573343276977539, 0.6162378191947937, 0.3354812264442444, -0.7125330567359924], "cam_t_m2c": [-447.4806213378906, -214.1439208984375, 298.60833740234375], "obj_id": 2}, {"cam_R_m2c": [0.5676164031028748, -0.045936599373817444, -0.8220105767250061, -0.7336344122886658, -0.481326699256897, -0.47969263792037964, -0.3736202120780945, 0.8753367066383362, -0.30690959095954895], "cam_t_m2c": [-254.81002807617188, -141.96995544433594, 294.0162353515625], "obj_id": 2}, {"cam_R_m2c": [0.6130478382110596, -0.07204736024141312, -0.78675377368927, -0.7640497088432312, -0.30742040276527405, -0.5672044157981873, -0.20099855959415436, 0.9488424062728882, -0.2435111701488495], "cam_t_m2c": [-413.9422302246094, -384.6430358886719, 455.74285888671875], "obj_id": 0}, {"cam_R_m2c": [-0.6233577728271484, 0.3963162302970886, 0.674061119556427, 0.4437755048274994, -0.5304531455039978, 0.722275972366333, 0.643807590007782, 0.7493681907653809, 0.15478681027889252], "cam_t_m2c": [111.90107727050781, 43.24458694458008, 471.1356506347656], "obj_id": 2}, {"cam_R_m2c": [-0.6668016910552979, -0.38502904772758484, -0.6380656361579895, 0.4190775752067566, 0.5142597556114197, -0.7482718825340271, 0.6162378787994385, -0.766348123550415, -0.18155215680599213], "cam_t_m2c": [-331.2707214355469, -256.1592712402344, 418.8221130371094], "obj_id": 2}],
  "1": [{"cam_R_m2c": [0.8039482831954956, -0.5830271244049072, -0.11724543571472168, 0.5776224136352539, 0.8124430179595947, -0.07930133491754532, 0.14149005711078644, -0.003969421144574881, 0.9899317026138306], "cam_t_m2c": [-467.48779296875, -189.20364379882812, 176.39524841308594], "obj_id": 3}, {"cam_R_m2c": [-0.5048438310623169, 0.8479934334754944, 0.16136839985847473, 0.5371127724647522, 0.16224639117717743, 0.8277595639228821, 0.6757532954216003, 0.5045623779296875, -0.5373771786689758], "cam_t_m2c": [-204.96339416503906, -5.2115044593811035, 313.7218933105469], "obj_id": 2}, {"cam_R_m2c": [-0.009212628938257694, 0.7771248817443848, 0.6292790174484253, 0.9945903420448303, -0.057993464171886444, 0.08617942780256271, 0.1034662276506424, 0.6266687512397766, -0.7723866105079651], "cam_t_m2c": [-226.8061981201172, -290.8629150390625, 428.9913330078125], "obj_id": 1}, {"cam_R_m2c": [0.2540779113769531, 0.8004700541496277, -0.5428555011749268, -0.5326676368713379, 0.58429354429245, 0.6122632026672363, 0.8072853088378906, 0.13359898328781128, 0.5748406052589417], "cam_t_m2c": [-230.8559112548828, -139.82269287109375, 425.05682373046875], "obj_id": 1}, {"cam_R_m2c": [-0.2410845309495926, 0.8616562485694885, -0.44657230377197266, -0.5336810946464539, 0.2666228115558624, 0.8025564551353455, 0.8105941414833069, 0.4318110942840576, 0.39557093381881714], "cam_t_m2c": [-425.4407043457031, -301.2002258300781, 411.0523376464844], "obj_id": 1}, {"cam_R_m2c": [-0.30076104402542114, 0.868363082408905, 0.3943198025226593, 0.5014570951461792, -0.20770424604415894, 0.839880645275116, 0.8112233877182007, 0.4503379762172699, -0.3729773461818695], "cam_t_m2c": [-320.1805114746094, -360.75604248046875, 414.3303527832031], "obj_id": 0}, {"cam_R_m2c": [-0.4212631583213806, 0.3928125500679016, -0.817456841468811, 0.7275408506393433, 0.684520959854126, -0.04599346965551376, 0.5414995551109314, -0.6141085624694824, -0.5741506218910217], "cam_t_m2c": [-212.44033813476562, -248.32125854492188, 405.4545593261719], "obj_id": 0}, {"cam_R_m2c": [-0.7379611730575562, 0.6711984276771545, -0.07004071772098541, -0.3125913739204407, -0.2479996532201767, 0.9169420003890991, 0.598080039024353, 0.6985618472099304, 0.3928251266479492], "cam_t_m2c": [-172.58998107910156, -22.940279006958008, 376.2899169921875], "obj_id": 1}, {"cam_R_m2c": [-0.5048900246620178, -0.8492521047592163, 0.154456228017807, 0.5370917916297913, -0.44916316866874695, -0.7139920592308044, 0.675735354423523, -0.27753034234046936, 0.6829045414924622], "cam_t_m2c": [-493.8365478515625, -447.0224304199219, 449.0775146484375], "obj_id": 2}, {"cam_R_m2c": [-0.5048326849937439, -0.28131231665611267, 0.8160926699638367, 0.5371204018592834, -0.8424663543701172, 0.04185774549841881, 0.6757555603981018, 0.4594712257385254, 0.5764032006263733], "cam_t_m2c": [-203.52369689941406, -213.41940307617188, 480.2823791503906], "obj_id": 2}, {"cam_R_m2c": [-0.2955256700515747, -0.10671857744455338, -0.9493553638458252, 0.7599565982818604, 0.5759164690971375, -0.3013073205947876, 0.5789044499397278, -0.8105130195617676, -0.0890965685248375], "cam_t_m2c": [-363.2214050292969, -361.0103759765625, 559.054931640625], "obj_id": 0}, {"cam_R_m2c": [-0.5048434734344482, -0.7313511371612549, 0.45853960514068604, 0.5371129512786865, -0.681987464427948, -0.4963896572589874, 0.6757534146308899, -0.004311516415327787, 0.7371151447296143], "cam_t_m2c": [-378.18328857421875, -161.05010986328125, 308.17816162109375], "obj_id": 2}, {"cam_R_m2c": [-0.8631911873817444, -0.23836925625801086, -0.4450630843639374, -0.31867778301239014, -0.42649203538894653, 0.8464922308921814, -0.3915935754776001, 0.8725162744522095, 0.292181134223938], "cam_t_m2c": [-413.80621337890625, -414.6072082519531, 397.773193359375], "obj_id": 3}, {"cam_R_m2c": [-0.33372458815574646, 0.5815179944038391, -0.7419331073760986, 0.7791510224342346, 0.6131787300109863, 0.13013657927513123, 0.5306143760681152, -0.5346481800079346, -0.6577231884002686], "cam_t_m2c": [-553.3306884765625, -57.00918960571289, 77.72553253173828], "obj_id": 2}, {"cam_R_m2c": [-0.6265007257461548, 0.7634128332138062, 0.15715432167053223, 0.3105492889881134, 0.42942774295806885, -0.8480276465415955, -0.7148815989494324, -0.4824858605861664, -0.5061140060424805], "cam_t_m2c": [-582.847900390625, -292.96295166015625, 233.05645751953125], "obj_id": 3}, {"cam_R_m2c": [-0.6438207626342773, -0.48549360036849976, -0.5914310216903687, 0.5962018966674805, 0.16619858145713806, -0.7854433655738831, 0.4796226918697357, -0.8582971096038818, 0.18245017528533936], "cam_t_m2c": [-163.3482666015625, -162.88107299804688, 374.2190856933594], "obj_id": 0}, {"cam_R_m2c": [0.6201452016830444, -0.2731950879096985, 0.7353804111480713, 0.7702258229255676, 0.3899652361869812, -0.5046575665473938, -0.1489028036594391, 0.8793699741363525, 0.4522570073604584], "cam_t_m2c": [-373.9954528808594, -359.2528991699219, 396.7406921386719], "obj_id": 3}, {"cam_R_m2c": [0.1377120316028595, 0.8814066052436829, 0.45183828473091125, 0.9332308173179626, 0.03736944496631622, -0.35732877254486084, -0.33183687925338745, 0.47087788581848145, -0.8174095749855042], "cam_t_m2c": [-296.3372497558594, -245.6844940185547, 278.3033447265625], "obj_id": 1}, {"cam_R_m2c": [0.7309651374816895, -0.6782664060592651, 0.07513131946325302, -0.6609064936637878, -0.731046199798584, -0.16962924599647522, 0.1699782758951187, 0.07433828711509705, -0.9826399683952332], "cam_t_m2c": [-479.275390625, -372.3145446777344, 265.48638916015625], "obj_id": 1}, {"cam_R_m2c": [-0.6224647164344788, -0.7775371074676514, 0.0892939418554306, 0.31585121154785156, -0.14517760276794434, 0.9376359581947327, -0.7160833477973938, 0.6118490695953369, 0.3359541893005371], "cam_t_m2c": [-541.6914672851562, -297.20751953125, 206.80406188964844], "obj_id": 3}, {"cam_R_m2c": [0.8115845918655396, 0.4262121617794037, 0.39959174394607544, -0.10793548077344894, 0.7815666198730469, -0.6144131422042847, -0.5741779208183289, 0.45551812648773193, 0.6803109049797058], "cam_t_m2c": [-191.7805633544922, -402.0824890136719, 635.5775756835938], "obj_id": 0}, {"cam_R_m2c": [-0.235018789768219, -0.714951753616333, -0.6584908962249756, -0.6922481060028076, 0.5986846685409546, -0.4029507040977478, 0.6823186874389648, 0.36113813519477844, -0.6356261372566223], "cam_t_m2c": [-461.72479248046875, -391.06524658203125, 352.472412109375], "obj_id": 3}, {"cam_R_m2c": [-0.5908696055412292, 0.8067277669906616, 0.007958371192216873, -0.7986264824867249, -0.5834813117980957, -0.1474628746509552, -0.1143188402056694, -0.09348710626363754, 0.9890355467796326], "cam_t_m2c": [-429.9554443359375, -310.7720642089844, 343.7663269042969], "obj_id": 3}, {"cam_R_m2c": [0.6610471606254578, -0.7045461535453796, -0.2581304907798767, -0.6394041180610657, -0.708951473236084, 0.29757362604141235, -0.3926563858985901, -0.031660500913858414, -0.9191400408744812], "cam_t_m2c": [-253.2764129638672, -161.9114227294922, 304.617431640625], "obj_id": 1}, {"cam_R_m2c": [-0.6668020486831665, 0.7036809325218201, -0.2453737109899521, 0.41907763481140137, 0.6263269782066345, 0.6573343276977539, 0.6162378191947937, 0.3354812264442444, -0.7125330567359924], "cam_t_m2c": [-447.4806213378906, -214.1439208984375, 298.60833740234375], "obj_id": 2}, {"cam_R_m2c": [0.5676164031028748, -0.045936599373817444, -0.8220105767250061, -0.7336344122886658, -0.481326699256897, -0.47969263792037964, -0.3736202120780945, 0.8753367066383362, -0.30690959095954895], "cam_t_m2c": [-254.81002807617188, -141.96995544433594, 294.0162353515625], "obj_id": 2}, {"cam_R_m2c": [0.6130478382110596, -0.07204736024141312, -0.78675377368927, -0.7640497088432312, -0.30742040276527405, -0.5672044157981873, -0.20099855959415436, 0.9488424062728882, -0.2435111701488495], "cam_t_m2c": [-413.9422302246094, -384.6430358886719, 455.74285888671875], "obj_id": 0}, {"cam_R_m2c": [-0.6233577728271484, 0.3963162302970886, 0.674061119556427, 0.4437755048274994, -0.5304531455039978, 0.722275972366333, 0.643807590007782, 0.7493681907653809, 0.15478681027889252], "cam_t_m2c": [111.90107727050781, 43.24458694458008, 471.1356506347656], "obj_id": 2}, {"cam_R_m2c": [-0.6668016910552979, -0.38502904772758484, -0.6380656361579895, 0.4190775752067566, 0.5142597556114197, -0.7482718825340271, 0.6162378787994385, -0.766348123550415, -0.18155215680599213], "cam_t_m2c": [-331.2707214355469, -256.1592712402344, 418.8221130371094], "obj_id": 2}]
}