{
  "0": [{"cam_R_m2c": [-0.4415896534919739, 0.02614225633442402, -0.8968362212181091, -0.7747052907943726, 0.4931045472621918, 0.3958278000354767, 0.45258185267448425, 0.8695772290229797, -0.19749733805656433], "cam_t_m2c": [408.1173095703125, 116.92144775390625, 971.568115234375], "obj_id": 3}, {"cam_R_m2c": [-0.784340500831604, 0.18188293278217316, -0.5930671095848083, 0.5878730416297913, -0.08726204931735992, -0.8042329549789429, -0.19802850484848022, -0.9794406294822693, -0.03848092630505562], "cam_t_m2c": [597.9943237304688, 243.1289825439453, 777.9010620117188], "obj_id": 3}, {"cam_R_m2c": [-0.46022018790245056, 0.4305344820022583, 0.7764260768890381, -0.24280579388141632, -0.9022413492202759, 0.3563789427280426, 0.8539571166038513, -0.024507973343133926, 0.5197659134864807], "cam_t_m2c": [725.4241943359375, 106.77803802490234, 873.440673828125], "obj_id": 3}, {"cam_R_m2c": [-0.1456424593925476, 0.28360849618911743, -0.9478155970573425, 0.9394349455833435, -0.26078009605407715, -0.2223861962556839, -0.31024208664894104, -0.9228000044822693, -0.22845104336738586], "cam_t_m2c": [546.15625, 272.1283264160156, 776.6411743164062], "obj_id": 3}, {"cam_R_m2c": [0.8413202166557312, -0.4475803077220917, 0.30307114124298096, -0.38605329394340515, -0.10509560257196426, 0.9164701700210571, -0.37834256887435913, -0.8880465030670166, -0.2612089216709137], "cam_t_m2c": [435.6085510253906, 342.8893737792969, 839.6383666992188], "obj_id": 3}, {"cam_R_m2c": [0.7221659421920776, -0.37547633051872253, 0.5809422135353088, -0.6903975009918213, -0.4431600570678711, 0.5718045234680176, 0.04275132715702057, -0.8140188455581665, -0.5792630314826965], "cam_t_m2c": [473.4470520019531, 227.35147094726562, 1085.1541748046875], "obj_id": 3}, {"cam_R_m2c": [0.04012352600693703, -0.9949842095375061, 0.09163198620080948, -0.05760534852743149, -0.09385669976472855, -0.99391770362854, 0.9975327849388123, 0.03460094332695007, -0.061082225292921066], "cam_t_m2c": [493.40606689453125, 118.04935455322266, 1130.224609375], "obj_id": 3}, {"cam_R_m2c": [0.08075980097055435, 0.3719468414783478, 0.9247342348098755, 0.5331764221191406, -0.799989640712738, 0.27520811557769775, 0.8421406149864197, 0.47082075476646423, -0.2629203498363495], "cam_t_m2c": [398.9569091796875, 104.57040405273438, 1011.4461059570312], "obj_id": 3}, {"cam_R_m2c": [0.032341327518224716, -0.9852920770645142, -0.1677902191877365, 0.9966464638710022, 0.019166870042681694, 0.07955114543437958, -0.07516510039567947, -0.16980032622814178, 0.9826077818870544], "cam_t_m2c": [580.710205078125, 244.44927978515625, 704.6546630859375], "obj_id": 3}, {"cam_R_m2c": [-0.11018594354391098, 0.9850651025772095, 0.13230954110622406, 0.8428030610084534, 0.1631627082824707, -0.5128946900367737, -0.5268226265907288, 0.05499710515141487, -0.8481941223144531], "cam_t_m2c": [610.3658447265625, 229.8101806640625, 845.8056030273438], "obj_id": 3}, {"cam_R_m2c": [0.9531981348991394, -0.04005269333720207, -0.299681693315506, 0.25422775745391846, -0.43032240867614746, 0.8661355972290039, -0.16365081071853638, -0.901786208152771, -0.4000000059604645], "cam_t_m2c": [733.0724487304688, 148.03549194335938, 1090.599853515625], "obj_id": 3}, {"cam_R_m2c": [0.12343772500753403, -0.8726556897163391, 0.472477525472641, -0.5134671330451965, -0.4635942578315735, -0.7221022248268127, 0.8491845726966858, -0.1534671187400818, -0.5053049325942993], "cam_t_m2c": [521.2802124023438, 191.73049926757812, 1074.181640625], "obj_id": 3}, {"cam_R_m2c": [-0.9249874353408813, -0.35400184988975525, 0.13813363015651703, 0.28870072960853577, -0.8910412788391113, -0.35028180480003357, 0.2470831722021103, -0.28412699699401855, 0.9264025688171387], "cam_t_m2c": [402.7409973144531, 63.10181427001953, 1141.072998046875], "obj_id": 3}, {"cam_R_m2c": [0.4945189654827118, 0.12566405534744263, 0.8600345849990845, 0.6003643870353699, -0.7648956775665283, -0.23344598710536957, 0.6285010576248169, 0.6317775845527649, -0.45369958877563477], "cam_t_m2c": [341.1666259765625, 41.01254653930664, 1097.9381103515625], "obj_id": 3}, {"cam_R_m2c": [-0.47335362434387207, 0.8782423138618469, -0.06802037358283997, -0.8584820032119751, -0.47724393010139465, -0.18774138391017914, -0.19734473526477814, -0.030473802238702774, 0.9798604249954224], "cam_t_m2c": [639.864990234375, 166.74148559570312, 1095.9373779296875], "obj_id": 3}, {"cam_R_m2c": [-0.5396079421043396, 0.6477065682411194, -0.5378656387329102, 0.7906570434570312, 0.17034611105918884, -0.5880846977233887, -0.28928300738334656, -0.7426024675369263, -0.604033887386322], "cam_t_m2c": [585.7721557617188, 316.8302307128906, 1079.978271484375], "obj_id": 3}, {"cam_R_m2c": [-0.9243096709251404, -0.3701893985271454, -0.09279821068048477, 0.3724496066570282, -0.9280204176902771, -0.007709559053182602, -0.08326464146375656, -0.04168867692351341, 0.9956550598144531], "cam_t_m2c": [623.74658203125, 72.59688568115234, 779.8236083984375], "obj_id": 3}, {"cam_R_m2c": [0.5487270355224609, 0.5325918793678284, 0.64439457654953, 0.6715971827507019, 0.17819468677043915, -0.7191687822341919, -0.49785116314888, 0.8274009823799133, -0.25990697741508484], "cam_t_m2c": [490.04058837890625, 55.059417724609375, 1073.0394287109375], "obj_id": 3}, {"cam_R_m2c": [-0.10530941188335419, 0.983836829662323, -0.14482690393924713, -0.5321512222290039, -0.17878280580043793, -0.8275576233863831, -0.8400743007659912, -0.010079862549901009, 0.5423776507377625], "cam_t_m2c": [704.5709228515625, 160.91909790039062, 734.8740844726562], "obj_id": 3}, {"cam_R_m2c": [0.8489031195640564, 0.4591544568538666, -0.2618027925491333, 0.5192865133285522, -0.6322051286697388, 0.5750289559364319, 0.09851403534412384, -0.624094545841217, -0.7751136422157288], "cam_t_m2c": [575.4917602539062, -73.98400115966797, 816.6685791015625], "obj_id": 3}, {"cam_R_m2c": [0.6610723733901978, 0.30800309777259827, 0.6841910481452942, 0.5144596099853516, -0.849835216999054, -0.11450474709272385, 0.546181857585907, 0.42768460512161255, -0.7202576994895935], "cam_t_m2c": [451.1738586425781, 291.0477600097656, 705.3855590820312], "obj_id": 3}, {"cam_R_m2c": [0.9048435688018799, 0.028765663504600525, -0.42477133870124817, -0.0992727130651474, -0.9559573531150818, -0.27620747685432434, -0.41400855779647827, 0.29209277033805847, -0.86213618516922], "cam_t_m2c": [643.6864013671875, -6.989400863647461, 939.2089233398438], "obj_id": 3}, {"cam_R_m2c": [-0.1772245168685913, -0.5205713510513306, -0.8352226614952087, 0.6812803745269775, -0.6773408055305481, 0.27760812640190125, -0.7102453112602234, -0.5198218822479248, 0.474696546792984], "cam_t_m2c": [491.17279052734375, 92.07901763916016, 1157.813232421875], "obj_id": 3}, {"cam_R_m2c": [0.5974492430686951, 0.6981757879257202, 0.39446794986724854, -0.029354777187108994, 0.5106241703033447, -0.8593027591705322, -0.8013692498207092, 0.5018101930618286, 0.325566828250885], "cam_t_m2c": [449.85894775390625, 172.08970642089844, 1136.2020263671875], "obj_id": 3}, {"cam_R_m2c": [0.8474195599555969, 0.4420539438724518, -0.29405516386032104, -0.419648677110672, 0.21841466426849365, -0.8810164332389832, -0.3252308666706085, 0.8699904084205627, 0.3705962300300598], "cam_t_m2c": [466.185546875, 71.20225524902344, 1102.53857421875], "obj_id": 3}, {"cam_R_m2c": [0.7546006441116333, 0.24660949409008026, -0.608080267906189, -0.30593717098236084, -0.6875834465026855, -0.6585068106651306, -0.5805000066757202, 0.6829439997673035, -0.4434038996696472], "cam_t_m2c": [405.8026123046875, 145.58131408691406, 746.0494384765625], "obj_id": 3}, {"cam_R_m2c": [0.34993088245391846, 0.08944731950759888, -0.9324952960014343, 0.6524423360824585, -0.7375720143318176, 0.17408756911754608, -0.6722108125686646, -0.6693180203437805, -0.31645840406417847], "cam_t_m2c": [572.163818359375, 2.962374210357666, 967.174560546875], "obj_id": 3}, {"cam_R_m2c": [0.9739111065864563, 0.1796666979789734, -0.13862544298171997, 0.20297186076641083, -0.9628600478172302, 0.1780528426170349, -0.10148674994707108, -0.20154470205307007, -0.9742074012756348], "cam_t_m2c": [753.6093139648438, 41.28628158569336, 797.3236083984375], "obj_id": 3}, {"cam_R_m2c": [-0.7494374513626099, -0.01468527503311634, -0.6619123816490173, 0.3153437077999115, -0.8869863152503967, -0.33736297488212585, -0.5821529030799866, -0.4615623354911804, 0.6693715453147888], "cam_t_m2c": [755.473388671875, 118.85753631591797, 1137.1856689453125], "obj_id": 1}, {"cam_R_m2c": [0.42365166544914246, 0.3655555248260498, 0.8287873268127441, -0.6519016623497009, -0.5122172832489014, 0.5591580271720886, 0.6289224624633789, -0.7771760821342468, 0.021304558962583542], "cam_t_m2c": [455.94244384765625, 262.06097412109375, 849.4140625], "obj_id": 1}, {"cam_R_m2c": [0.42467373609542847, -0.505795955657959, -0.7508812546730042, 0.3957447409629822, 0.849661111831665, -0.3485141694545746, 0.8142716288566589, -0.1491525024175644, 0.5609948635101318], "cam_t_m2c": [420.3231506347656, 50.74539566040039, 1015.9540405273438], "obj_id": 1}, {"cam_R_m2c": [0.06851810961961746, 0.9567601084709167, 0.28269296884536743, -0.31594976782798767, 0.2895837128162384, -0.9035026431083679, -0.9462985396385193, -0.027410509064793587, 0.32212987542152405], "cam_t_m2c": [424.1532897949219, 232.76951599121094, 739.3307495117188], "obj_id": 1}, {"cam_R_m2c": [-0.33026623725891113, 0.22902312874794006, -0.9156813621520996, -0.9437418580055237, -0.0630691722035408, 0.32461273670196533, 0.01659248396754265, 0.971375584602356, 0.23696845769882202], "cam_t_m2c": [716.0086669921875, 80.84774780273438, 1156.8583984375], "obj_id": 1}, {"cam_R_m2c": [0.381486177444458, -0.06394478678703308, 0.9221601486206055, -0.8242855668067932, 0.42796605825424194, 0.3706728219985962, -0.4183558523654938, -0.901529848575592, 0.11055437475442886], "cam_t_m2c": [696.5328979492188, -96.02188873291016, 947.092041015625], "obj_id": 1}, {"cam_R_m2c": [-0.9028199911117554, -0.4300183951854706, -0.0005783203523606062, 0.42959776520729065, -0.9019947648048401, 0.04302682727575302, -0.019023967906832695, 0.03859703242778778, 0.9990737438201904], "cam_t_m2c": [631.2752685546875, 12.328229904174805, 1175.0576171875], "obj_id": 1}, {"cam_R_m2c": [-0.5379624962806702, -0.5719646215438843, 0.6192355751991272, 0.7969760298728943, -0.10577171295881271, 0.5946776270866394, -0.2746369540691376, 0.8134302496910095, 0.512743353843689], "cam_t_m2c": [617.1124267578125, 247.01051330566406, 846.3921508789062], "obj_id": 1}, {"cam_R_m2c": [0.1591292917728424, -0.1989259421825409, 0.9670089483261108, 0.6690750122070312, 0.741976797580719, 0.04253218695521355, -0.7259589433670044, 0.6402334570884705, 0.2511666417121887], "cam_t_m2c": [664.0904541015625, 127.52681732177734, 833.1177368164062], "obj_id": 1}, {"cam_R_m2c": [0.9743969440460205, 0.05846070125699043, 0.21710118651390076, 0.17769303917884827, 0.3913733661174774, -0.9029130339622498, -0.13775254786014557, 0.9183730483055115, 0.3709649443626404], "cam_t_m2c": [750.9555053710938, 83.82907104492188, 1123.40673828125], "obj_id": 1}, {"cam_R_m2c": [0.17912116646766663, 0.6170404553413391, -0.7662744522094727, 0.9025096297264099, 0.20700539648532867, 0.37765732407569885, 0.39165276288986206, -0.7592164874076843, -0.519805908203125], "cam_t_m2c": [386.0948791503906, 118.058837890625, 924.8056030273438], "obj_id": 1}, {"cam_R_m2c": [0.3171499967575073, -0.9375763535499573, -0.14271071553230286, -0.6836802363395691, -0.1217401847243309, -0.7195557355880737, 0.6572648882865906, 0.3257755637168884, -0.6796122789382935], "cam_t_m2c": [553.919677734375, 299.1738586425781, 1015.9744262695312], "obj_id": 1}, {"cam_R_m2c": [-0.3473871648311615, 0.933872640132904, -0.08487597852945328, -0.8503948450088501, -0.2756005525588989, 0.4481884241104126, 0.3951590657234192, 0.2278730273246765, 0.8899006843566895], "cam_t_m2c": [699.9817504882812, -35.40559768676758, 1176.9525146484375], "obj_id": 1}, {"cam_R_m2c": [-0.2715914845466614, 0.33413147926330566, 0.9025487899780273, -0.09628231078386307, -0.9425265192985535, 0.3199586868286133, 0.9575843811035156, -1.4374944612427498e-06, 0.2881530523300171], "cam_t_m2c": [724.9567260742188, 99.97247314453125, 750.06591796875], "obj_id": 1}, {"cam_R_m2c": [0.9964373111724854, 0.06286565214395523, 0.056219682097435, -0.005441358778625727, -0.6172960996627808, 0.7867119908332825, 0.08416136354207993, -0.7842150926589966, -0.6147547960281372], "cam_t_m2c": [455.3083801269531, 245.4669189453125, 1109.03662109375], "obj_id": 1}, {"cam_R_m2c": [0.26939326524734497, 0.5959852933883667, 0.756458044052124, 0.34228581190109253, -0.7934641242027283, 0.5032445788383484, 0.9001486897468567, 0.12335414439439774, -0.4177512228488922], "cam_t_m2c": [477.68084716796875, 277.03594970703125, 974.7476806640625], "obj_id": 1}, {"cam_R_m2c": [0.7057333588600159, -0.7001621127128601, -0.1082286387681961, -0.5394264459609985, -0.43199509382247925, -0.722771942615509, 0.45930325984954834, 0.5684656500816345, -0.6825593113899231], "cam_t_m2c": [468.5332946777344, 52.242881774902344, 1056.4627685546875], "obj_id": 1}, {"cam_R_m2c": [-0.8798618316650391, -0.4576122462749481, 0.12819533050060272, 0.46721112728118896, -0.8822934031486511, 0.0572018176317215, 0.08692964911460876, 0.11022399365901947, 0.9900979399681091], "cam_t_m2c": [562.4472045898438, 200.08570861816406, 1122.754638671875], "obj_id": 1}, {"cam_R_m2c": [0.7597995400428772, 0.06394237279891968, 0.6470054388046265, -0.219987154006958, 0.9617388844490051, 0.16329114139080048, -0.6118090748786926, -0.26640141010284424, 0.7447952628135681], "cam_t_m2c": [462.22955322265625, 219.03195190429688, 1024.4300537109375], "obj_id": 1}, {"cam_R_m2c": [-0.993048906326294, 0.017808733507990837, -0.11634711921215057, 0.11709287017583847, 0.04902319982647896, -0.9919102787971497, -0.011960959993302822, -0.9986388683319092, -0.05076766759157181], "cam_t_m2c": [621.8775634765625, 239.16848754882812, 707.4373168945312], "obj_id": 1}, {"cam_R_m2c": [0.10499893873929977, -0.9638747572898865, 0.24478673934936523, -0.23799490928649902, 0.21463970839977264, 0.9472529292106628, -0.9655742049217224, -0.15771852433681488, -0.20686033368110657], "cam_t_m2c": [707.629150390625, 62.89665222167969, 890.2244873046875], "obj_id": 1}, {"cam_R_m2c": [0.22558031976222992, -0.5201320052146912, -0.8237573504447937, 0.6550891399383545, 0.7068346738815308, -0.2669137120246887, 0.7210906147956848, -0.47942402958869934, 0.5001808404922485], "cam_t_m2c": [528.7708129882812, 65.65939331054688, 933.278076171875], "obj_id": 1}, {"cam_R_m2c": [0.9045690894126892, -0.40823987126350403, 0.12286153435707092, 0.31745395064353943, 0.4526295065879822, -0.8332763910293579, 0.28456589579582214, 0.7927589416503906, 0.539031982421875], "cam_t_m2c": [723.6414184570312, 218.94204711914062, 838.9447631835938], "obj_id": 1}, {"cam_R_m2c": [0.7008599638938904, -0.0966825857758522, -0.7067161798477173, -0.08257937431335449, -0.9951071739196777, 0.05424097180366516, -0.7085025906562805, 0.02034485526382923, -0.7054147720336914], "cam_t_m2c": [540.0504760742188, 225.4459686279297, 777.6304321289062], "obj_id": 1}, {"cam_R_m2c": [0.22830243408679962, -0.9233201742172241, -0.30880051851272583, 0.9350964426994324, 0.11964824050664902, 0.33358481526374817, -0.27105820178985596, -0.36491650342941284, 0.8907095193862915], "cam_t_m2c": [754.0109252929688, 261.80072021484375, 856.2372436523438], "obj_id": 1}, {"cam_R_m2c": [0.5316479206085205, -0.40327557921409607, -0.7447947859764099, -0.8023825883865356, -0.521358072757721, -0.2904612421989441, -0.27116888761520386, 0.752033531665802, -0.600760281085968], "cam_t_m2c": [733.818115234375, 195.09603881835938, 862.3533935546875], "obj_id": 1}, {"cam_R_m2c": [0.6172997355461121, -0.764314591884613, 0.1864517480134964, -0.41138869524002075, -0.11158379167318344, 0.9046039581298828, -0.6705970168113708, -0.635115921497345, -0.38331103324890137], "cam_t_m2c": [499.0011901855469, 167.43954467773438, 1074.5123291015625], "obj_id": 1}, {"cam_R_m2c": [-0.8741140961647034, 0.3784724473953247, -0.30443906784057617, 0.4214053452014923, 0.9026075005531311, -0.0878477692604065, 0.24154101312160492, -0.20508122444152832, -0.948472261428833], "cam_t_m2c": [578.343017578125, -41.5794792175293, 988.8028564453125], "obj_id": 1}, {"cam_R_m2c": [0.2859656810760498, 0.9373384714126587, 0.19904863834381104, -0.8965874314308167, 0.3350362777709961, -0.28962352871894836, -0.3381637930870056, -0.0956420749425888, 0.9362146258354187], "cam_t_m2c": [481.9753112792969, -33.7466926574707, 906.6096801757812], "obj_id": 1}, {"cam_R_m2c": [0.6499316692352295, 0.10313580185174942, 0.7529619932174683, 0.040767867118120193, 0.9845913648605347, -0.17005233466625214, -0.7588983774185181, 0.14121904969215393, 0.6357125043869019], "cam_t_m2c": [666.2225341796875, 109.39964294433594, 908.0111083984375], "obj_id": 1}, {"cam_R_m2c": [0.10647319257259369, 0.05181193724274635, 0.9929648041725159, -0.6053704023361206, -0.7888442277908325, 0.1060735359787941, 0.7887903451919556, -0.6124054789543152, -0.05262541025876999], "cam_t_m2c": [566.8287353515625, 82.05525970458984, 774.3161010742188], "obj_id": 1}, {"cam_R_m2c": [-0.06841506063938141, 0.9969409704208374, -0.037792883813381195, 0.9969980120658875, 0.06969726830720901, 0.03372485563158989, 0.03625575080513954, -0.03537214174866676, -0.9987165331840515], "cam_t_m2c": [456.7021484375, 273.6156005859375, 1014.1311645507812], "obj_id": 1}, {"cam_R_m2c": [-0.4213391840457916, -0.17739415168762207, 0.8893842697143555, 0.8991978168487549, 0.04584931209683418, 0.43513330817222595, -0.11796768754720688, 0.9830712080001831, 0.14019446074962616], "cam_t_m2c": [579.7643432617188, 330.7723083496094, 1017.8504028320312], "obj_id": 1}, {"cam_R_m2c": [0.7102599740028381, 0.11373438686132431, 0.6946907639503479, 0.5299508571624756, -0.7359526753425598, -0.4213382601737976, 0.46333882212638855, 0.6674116849899292, -0.5829914212226868], "cam_t_m2c": [471.0849609375, 68.38190460205078, 1044.60400390625], "obj_id": 1}, {"cam_R_m2c": [-0.015977317467331886, -0.9790059328079224, -0.20320431888103485, -0.985851526260376, 0.04933943599462509, -0.16019484400749207, 0.16685768961906433, 0.19776980578899384, -0.9659428000450134], "cam_t_m2c": [467.1500244140625, 106.25526428222656, 797.648681640625], "obj_id": 1}, {"cam_R_m2c": [0.2900567650794983, -0.9317387938499451, -0.21847151219844818, 0.14543551206588745, 0.2685498297214508, -0.9522234201431274, 0.9458940029144287, 0.24442529678344727, 0.2134026437997818], "cam_t_m2c": [743.2220458984375, 90.30147552490234, 811.1307983398438], "obj_id": 1}, {"cam_R_m2c": [0.7519001960754395, 0.08612974733114243, -0.6536266207695007, -0.6282731890678406, -0.2068469226360321, -0.7499915361404419, -0.19979719817638397, 0.974574863910675, -0.1014152467250824], "cam_t_m2c": [518.5576171875, 176.12814331054688, 1112.2747802734375], "obj_id": 1}, {"cam_R_m2c": [-0.11709952354431152, 0.27901533246040344, 0.9531201720237732, 0.49691706895828247, 0.8474064469337463, -0.1870179921388626, -0.8598610758781433, 0.45172199606895447, -0.23787838220596313], "cam_t_m2c": [783.0020751953125, 207.55303955078125, 901.6369018554688], "obj_id": 1}, {"cam_R_m2c": [0.8778062462806702, -0.3614235818386078, -0.3143709897994995, -0.43522539734840393, -0.8759025931358337, -0.20826247334480286, -0.20008742809295654, 0.31963634490966797, -0.9261735081672668], "cam_t_m2c": [588.7059326171875, 280.3841552734375, 722.56640625], "obj_id": 1}, {"cam_R_m2c": [0.5502879619598389, -0.24459311366081238, -0.7983466386795044, -0.09077127277851105, -0.9679898023605347, 0.23400025069713593, -0.8300263285636902, -0.0563005693256855, -0.5548750758171082], "cam_t_m2c": [703.9033203125, 65.32189178466797, 802.5829467773438], "obj_id": 1}, {"cam_R_m2c": [-0.45692178606987, 0.6413164138793945, -0.6163893938064575, -0.871854841709137, -0.1855277270078659, 0.4532645344734192, 0.17632868885993958, 0.7445084452629089, 0.6439063549041748], "cam_t_m2c": [555.572509765625, 49.288673400878906, 1050.502685546875], "obj_id": 1}, {"cam_R_m2c": [0.9764155149459839, -0.2150687575340271, -0.018924346193671227, 0.08549880236387253, 0.30469629168510437, 0.9486042857170105, -0.1982489824295044, -0.9278499484062195, 0.3158982992172241], "cam_t_m2c": [577.920166015625, 134.54208374023438, 908.6819458007812], "obj_id": 1}, {"cam_R_m2c": [0.8150996565818787, 0.5059563517570496, 0.2821713387966156, -0.08416019380092621, -0.3784884810447693, 0.9217718839645386, 0.5731750130653381, -0.7750835418701172, -0.2659244239330292], "cam_t_m2c": [510.085693359375, 232.9839630126953, 827.8049926757812], "obj_id": 1}, {"cam_R_m2c": [0.8271297216415405, -0.5189194679260254, 0.21582145988941193, 0.4620809257030487, 0.8465028405189514, 0.2644127905368805, -0.3199024498462677, -0.11897668242454529, 0.9399505257606506], "cam_t_m2c": [552.2548217773438, 95.64263916015625, 1081.3570556640625], "obj_id": 1}, {"cam_R_m2c": [-0.3735201060771942, -0.0005224896012805402, 0.9276218414306641, -0.854676365852356, 0.3888975977897644, -0.34392860531806946, -0.36057016253471375, -0.9212808012962341, -0.14570759236812592], "cam_t_m2c": [661.735107421875, 25.55287742614746, 1102.80517578125], "obj_id": 1}, {"cam_R_m2c": [0.00965266115963459, 0.8579320907592773, -0.5136723518371582, 0.5153258442878723, -0.4444953203201294, -0.7327094078063965, -0.8569399118423462, -0.25763610005378723, -0.4464051127433777], "cam_t_m2c": [566.4520874023438, 203.57325744628906, 784.7713012695312], "obj_id": 1}, {"cam_R_m2c": [-0.19831359386444092, -0.6727689504623413, 0.7127788066864014, -0.6628301739692688, -0.4436620771884918, -0.6031749844551086, 0.7220303416252136, -0.5920690894126892, -0.35794731974601746], "cam_t_m2c": [741.4713134765625, 187.4127197265625, 887.7748413085938], "obj_id": 1}, {"cam_R_m2c": [0.38938406109809875, 0.8675856590270996, -0.30931392312049866, 0.26866185665130615, -0.4281960129737854, -0.8628261089324951, -0.881022572517395, 0.2528698444366455, -0.39981985092163086], "cam_t_m2c": [559.97314453125, 49.41405487060547, 1083.463623046875], "obj_id": 1}, {"cam_R_m2c": [0.8164368867874146, 0.19015268981456757, -0.5452272891998291, -0.23582595586776733, 0.9716908931732178, -0.014246124774217606, 0.5270834565162659, 0.14020980894565582, 0.8381671905517578], "cam_t_m2c": [389.1695251464844, 72.44766235351562, 836.3687744140625], "obj_id": 1}, {"cam_R_m2c": [-0.9832000136375427, -0.1472095400094986, 0.10792209953069687, -0.06124744564294815, -0.2909073233604431, -0.9547888040542603, 0.1719493418931961, -0.9453582763671875, 0.27700385451316833], "cam_t_m2c": [585.4918823242188, 245.4648895263672, 735.2133178710938], "obj_id": 1}, {"cam_R_m2c": [-0.6929054856300354, -0.7075852751731873, -0.13858327269554138, 0.6498467326164246, -0.5295862555503845, -0.5451951622962952, 0.31238022446632385, -0.4678265154361725, 0.8267750144004822], "cam_t_m2c": [585.8528442382812, 298.1822204589844, 768.4429931640625], "obj_id": 1}, {"cam_R_m2c": [-0.09976498782634735, 0.47305190563201904, 0.8753678798675537, -0.09401872754096985, 0.871338963508606, -0.4815899431705475, -0.9905591607093811, -0.13034676015377045, -0.04245338961482048], "cam_t_m2c": [417.04486083984375, 162.30882263183594, 728.3181762695312], "obj_id": 1}, {"cam_R_m2c": [-0.6060503125190735, -0.732193648815155, -0.31079795956611633, -0.21456147730350494, -0.2257649451494217, 0.9502596855163574, -0.7659414410591125, 0.6425905227661133, -0.020275557413697243], "cam_t_m2c": [504.56707763671875, 232.60533142089844, 833.4002685546875], "obj_id": 1}, {"cam_R_m2c": [0.9908583164215088, -0.12758877873420715, -0.043828513473272324, 0.11580467224121094, 0.9710740447044373, -0.2088167816400528, 0.06920341402292252, 0.20183229446411133, 0.9769721627235413], "cam_t_m2c": [536.3212890625, 249.68728637695312, 947.5056762695312], "obj_id": 1}, {"cam_R_m2c": [0.8295071721076965, -0.5432769060134888, 0.1294914186000824, -0.10677194595336914, 0.07331914454698563, 0.9915764331817627, -0.5481948852539062, -0.8363457918167114, 0.0028120295610278845], "cam_t_m2c": [432.8269958496094, 165.87184143066406, 1134.0921630859375], "obj_id": 3}, {"cam_R_m2c": [-0.2042628675699234, 0.9260907769203186, 0.3172263205051422, 0.8091895580291748, -0.02263268642127514, 0.5871116518974304, 0.5508983731269836, 0.3766213059425354, -0.7447599768638611], "cam_t_m2c": [702.742431640625, 227.24066162109375, 1074.1307373046875], "obj_id": 1}, {"cam_R_m2c": [-0.7007983326911926, -0.4422421157360077, -0.5597352385520935, -0.37443679571151733, 0.8959089517593384, -0.23904865980148315, 0.6071891784667969, 0.042060576379299164, -0.7934432029724121], "cam_t_m2c": [432.4991149902344, 18.29469871520996, 788.4164428710938], "obj_id": 1}, {"cam_R_m2c": [0.28755292296409607, 0.18619699776172638, 0.9394912719726562, 0.9034770131111145, -0.3782907724380493, -0.2015567123889923, 0.31787171959877014, 0.9067670702934265, -0.2770032584667206], "cam_t_m2c": [627.618896484375, -47.571739196777344, 1036.460205078125], "obj_id": 1}, {"cam_R_m2c": [-0.021912263706326485, 0.41439634561538696, -0.909832775592804, -0.9653926491737366, 0.22778961062431335, 0.1270003467798233, 0.2598789930343628, 0.8811286091804504, 0.39506369829177856], "cam_t_m2c": [419.7762145996094, 53.113548278808594, 772.6492919921875], "obj_id": 1}, {"cam_R_m2c": [0.8501626253128052, 0.234786257147789, 0.4712737500667572, -0.4696371853351593, -0.06651937961578369, 0.88034987449646, 0.238042950630188, -0.969768226146698, 0.05371209233999252], "cam_t_m2c": [531.732666015625, 192.322509765625, 1135.2275390625], "obj_id": 3}, {"cam_R_m2c": [-0.40858176350593567, 0.6806231737136841, 0.6081224083900452, -0.8056410551071167, -0.5820687413215637, 0.11017394065856934, 0.4289560317993164, -0.4449133276939392, 0.7861608266830444], "cam_t_m2c": [516.6427612304688, -12.85986042022705, 919.8182983398438], "obj_id": 1}, {"cam_R_m2c": [-0.9543954730033875, -0.04176115244626999, -0.2956095039844513, -0.1502494364976883, 0.9228201508522034, 0.3547225594520569, 0.2579807937145233, 0.38296082615852356, -0.8870099782943726], "cam_t_m2c": [721.1698608398438, -71.15442657470703, 973.6809692382812], "obj_id": 1}, {"cam_R_m2c": [-0.48474663496017456, -0.3402373194694519, 0.805766224861145, 0.6217407584190369, -0.7819953560829163, 0.04383746162056923, 0.615190327167511, 0.5222277641296387, 0.5906090140342712], "cam_t_m2c": [469.10687255859375, 299.400634765625, 1103.54345703125], "obj_id": 1}, {"cam_R_m2c": [-0.13073059916496277, -0.7541825771331787, -0.6435201168060303, 0.04287637770175934, 0.6441824436187744, -0.7636691331863403, 0.9904903173446655, -0.12742675840854645, -0.05187772959470749], "cam_t_m2c": [770.45361328125, 243.2379150390625, 846.9614868164062], "obj_id": 3}, {"cam_R_m2c": [-0.9759953022003174, 0.21428540349006653, -0.03891940042376518, -0.1627512276172638, -0.5988553166389465, 0.7841455340385437, 0.14472384750843048, 0.7716565728187561, 0.6193553805351257], "cam_t_m2c": [652.5586547851562, 74.07774353027344, 796.9656982421875], "obj_id": 1}, {"cam_R_m2c": [0.5808375477790833, 0.13682633638381958, -0.8024377226829529, 0.3192649483680725, 0.868496835231781, 0.3791874349117279, 0.7487974166870117, -0.4764365553855896, 0.46077170968055725], "cam_t_m2c": [496.9654541015625, 404.1485900878906, 1060.7337646484375], "obj_id": 1}, {"cam_R_m2c": [0.9152413010597229, 0.3081929385662079, 0.2595197260379791, 0.07666198909282684, -0.7655603289604187, 0.6387802958488464, 0.3955456018447876, -0.5647428035736084, -0.7242990732192993], "cam_t_m2c": [610.9671630859375, 252.35208129882812, 1047.699951171875], "obj_id": 3}, {"cam_R_m2c": [-0.5203943252563477, -0.8138042092323303, -0.2586739659309387, -0.8142955899238586, 0.38171494007110596, 0.43728286027908325, -0.2571229338645935, 0.43819665908813477, -0.8613194823265076], "cam_t_m2c": [471.6639404296875, -24.393430709838867, 806.046630859375], "obj_id": 1}, {"cam_R_m2c": [-0.04275888204574585, 0.47610923647880554, -0.878345787525177, -0.93829745054245, 0.28284209966659546, 0.19899263978004456, 0.34317532181739807, 0.8326584696769714, 0.43463826179504395], "cam_t_m2c": [589.8394165039062, -11.0292329788208, 851.9454956054688], "obj_id": 3}, {"cam_R_m2c": [0.3673916757106781, -0.8724595904350281, 0.32223838567733765, -0.11293643712997437, -0.38575291633605957, -0.9156636595726013, 0.9231839776039124, 0.3000147342681885, -0.24025484919548035], "cam_t_m2c": [462.1846008300781, 107.11695098876953, 1124.17626953125], "obj_id": 3}, {"cam_R_m2c": [-0.891755998134613, -0.1215880885720253, -0.43587565422058105, -0.4019097089767456, 0.6554369330406189, 0.6394302248954773, 0.2079419046640396, 0.7453983426094055, -0.6333572864532471], "cam_t_m2c": [542.2091674804688, 152.4019317626953, 989.8517456054688], "obj_id": 3}, {"cam_R_m2c": [-0.28747817873954773, 0.22115519642829895, -0.9319048523902893, 0.8942607641220093, 0.41042375564575195, -0.17846576869487762, 0.34300723671913147, -0.8846709728240967, -0.31575828790664673], "cam_t_m2c": [426.3294677734375, 161.0687713623047, 1130.078857421875], "obj_id": 3}, {"cam_R_m2c": [0.291348397731781, 0.9537642598152161, -0.07382301241159439, 0.2526072859764099, -0.0022731369826942682, 0.967566192150116, 0.9226622581481934, -0.3005470633506775, -0.24159005284309387], "cam_t_m2c": [488.77264404296875, 221.81504821777344, 857.1692504882812], "obj_id": 1}, {"cam_R_m2c": [-0.9837202429771423, -0.09542311728000641, 0.15227894484996796, 0.05529781058430672, -0.9669936299324036, -0.24872756004333496, 0.17098714411258698, -0.2362576425075531, 0.9565279483795166], "cam_t_m2c": [597.859375, 339.8719482421875, 1069.82177734375], "obj_id": 3}, {"cam_R_m2c": [0.402630090713501, 0.9153358936309814, -0.007005313877016306, 0.11499415338039398, -0.0429871529340744, 0.9924355149269104, 0.9081107974052429, -0.4003899097442627, -0.12256614863872528], "cam_t_m2c": [688.6666870117188, 91.78226470947266, 983.11572265625], "obj_id": 3}, {"cam_R_m2c": [-0.5603865385055542, -0.6858996152877808, -0.46422913670539856, -0.21002133190631866, 0.6598680019378662, -0.7214327454566956, 0.8011603951454163, -0.30678316950798035, -0.5138347148895264], "cam_t_m2c": [573.3456420898438, 322.9989013671875, 955.072265625], "obj_id": 3}, {"cam_R_m2c": [-0.720623791217804, 0.3704684376716614, 0.5860499739646912, 0.553084671497345, -0.2025482952594757, 0.8081284761428833, 0.41808947920799255, 0.9064918160438538, -0.05893933027982712], "cam_t_m2c": [419.72210693359375, 108.97276306152344, 821.206298828125], "obj_id": 1}, {"cam_R_m2c": [-0.41894689202308655, 0.8913189172744751, -0.17330387234687805, -0.4065319895744324, -0.013458436354994774, 0.9135374426841736, 0.8119208216667175, 0.45317718386650085, 0.3679879307746887], "cam_t_m2c": [449.8892517089844, 315.4400634765625, 761.1360473632812], "obj_id": 3}, {"cam_R_m2c": [0.9696614146232605, -0.06801287829875946, -0.23479975759983063, -0.12863193452358246, 0.6748189926147461, -0.7266863584518433, 0.20787137746810913, 0.7348424792289734, 0.6455973386764526], "cam_t_m2c": [495.26922607421875, 104.9281005859375, 1046.64599609375], "obj_id": 3}, {"cam_R_m2c": [0.576227605342865, 0.8005616664886475, 0.16450749337673187, 0.6517297029495239, -0.5715532898902893, 0.4985731840133667, 0.4931633770465851, -0.1800772100687027, -0.8510946035385132], "cam_t_m2c": [680.225830078125, 104.77172088623047, 919.071044921875], "obj_id": 1}, {"cam_R_m2c": [0.5273173451423645, 0.6126545667648315, -0.5887195467948914, -0.6550124287605286, 0.7344474196434021, 0.17761112749576569, 0.5411977767944336, 0.2919611930847168, 0.7885832786560059], "cam_t_m2c": [483.42474365234375, 303.4928894042969, 889.3590698242188], "obj_id": 1}, {"cam_R_m2c": [0.9258193373680115, 0.3399480879306793, 0.16520842909812927, 0.3751758933067322, -0.7735320329666138, -0.5107752084732056, -0.04584305360913277, 0.5348678231239319, -0.8436912298202515], "cam_t_m2c": [415.5384216308594, 219.2158966064453, 772.111083984375], "obj_id": 1}, {"cam_R_m2c": [-0.54145747423172, 0.027387894690036774, -0.8402817845344543, 0.14132627844810486, 0.9882118105888367, -0.05885780602693558, 0.8287643790245056, -0.1506229043006897, -0.5389453172683716], "cam_t_m2c": [685.9894409179688, 44.944007873535156, 1146.4490966796875], "obj_id": 1}, {"cam_R_m2c": [-0.2987326979637146, -0.743423342704773, -0.5983982682228088, 0.02863863855600357, 0.6197646856307983, -0.7842649817466736, 0.9539070129394531, -0.2514229416847229, -0.16385333240032196], "cam_t_m2c": [441.2647705078125, 291.5074768066406, 706.0506591796875], "obj_id": 1}, {"cam_R_m2c": [0.31598082184791565, 0.3596687614917755, -0.8779489994049072, 0.46514907479286194, -0.8652439713478088, -0.1870531290769577, -0.8269174098968506, -0.3492719829082489, -0.4406999945640564], "cam_t_m2c": [525.97802734375, 104.49173736572266, 1094.9329833984375], "obj_id": 3}, {"cam_R_m2c": [-0.7787023186683655, 0.6260571479797363, 0.04092483967542648, 0.36783158779144287, 0.40272656083106995, 0.8381593823432922, 0.5082542300224304, 0.6677302122116089, -0.5438876748085022], "cam_t_m2c": [437.87469482421875, 97.78003692626953, 974.1795043945312], "obj_id": 3}, {"cam_R_m2c": [-0.660727322101593, -0.682675302028656, -0.31207984685897827, 0.08342456072568893, 0.3463980555534363, -0.934370756149292, 0.7459756731987, -0.6433994174003601, -0.17192277312278748], "cam_t_m2c": [614.2189331054688, 56.12936782836914, 891.1324462890625], "obj_id": 3}, {"cam_R_m2c": [0.247254878282547, -0.11715038120746613, 0.9618423581123352, 0.9575042128562927, 0.18166978657245636, -0.22401262819766998, -0.14849446713924408, 0.9763563275337219, 0.15709078311920166], "cam_t_m2c": [618.3860473632812, -62.57807540893555, 964.265625], "obj_id": 1}, {"cam_R_m2c": [-0.2637176811695099, -0.5582848787307739, 0.7866199612617493, -0.9595814347267151, 0.23491530120372772, -0.1549782007932663, -0.09826706349849701, -0.7956963777542114, -0.5976711511611938], "cam_t_m2c": [518.2272338867188, 208.34344482421875, 956.0933227539062], "obj_id": 3}, {"cam_R_m2c": [0.9634057283401489, -0.2402113378047943, -0.11894497275352478, 0.10904967039823532, -0.05412377789616585, 0.9925616979598999, -0.24486233294010162, -0.9692105650901794, -0.025948191061615944], "cam_t_m2c": [692.6498413085938, 58.439510345458984, 871.8426513671875], "obj_id": 1}, {"cam_R_m2c": [-0.582253634929657, 0.5696849822998047, -0.5800341367721558, -0.8026505708694458, -0.28928229212760925, 0.5216010808944702, 0.12935468554496765, 0.7692688703536987, 0.6256937980651855], "cam_t_m2c": [632.5726318359375, 33.816009521484375, 787.1564331054688], "obj_id": 1}, {"cam_R_m2c": [-0.7609635591506958, -0.26651114225387573, -0.5915284752845764, -0.5366469025611877, -0.25382933020591736, 0.8047239184379578, -0.364615261554718, 0.9298076629638672, 0.05013267695903778], "cam_t_m2c": [625.9000854492188, 231.0265655517578, 973.270751953125], "obj_id": 3}, {"cam_R_m2c": [-0.6630372405052185, -0.22793003916740417, 0.7130424380302429, -0.5696837902069092, 0.7715687155723572, -0.28309378027915955, -0.4856356680393219, -0.5939103960990906, -0.6414268612861633], "cam_t_m2c": [359.0609436035156, 155.51373291015625, 1112.6656494140625], "obj_id": 3}, {"cam_R_m2c": [0.964032769203186, 0.2656203806400299, 0.009304539300501347, 0.19221614301204681, -0.6725893020629883, -0.7146161198616028, -0.18355850875377655, 0.6907018423080444, -0.699454665184021], "cam_t_m2c": [442.5546569824219, 386.7393798828125, 1067.97900390625], "obj_id": 3}, {"cam_R_m2c": [-0.8252677917480469, -0.30943259596824646, 0.47242388129234314, 0.37850162386894226, -0.9239017963409424, 0.05605112016201019, 0.41912928223609924, 0.22507041692733765, 0.8795873522758484], "cam_t_m2c": [696.2481079101562, 105.87384033203125, 771.3402099609375], "obj_id": 1}, {"cam_R_m2c": [0.8847466707229614, 0.4394005537033081, 0.15540437400341034, 0.13195288181304932, 0.08363961428403854, -0.9877210855484009, -0.4470031261444092, 0.8943889737129211, 0.01601969636976719], "cam_t_m2c": [626.2925415039062, 334.57171630859375, 1034.369384765625], "obj_id": 1}, {"cam_R_m2c": [-0.4038674831390381, -0.3125897943973541, 0.8597549796104431, -0.608129620552063, 0.7938322424888611, 0.0029544297140091658, -0.6834247708320618, -0.5216493010520935, -0.510698139667511], "cam_t_m2c": [637.0366821289062, 357.6813659667969, 1030.4232177734375], "obj_id": 3}, {"cam_R_m2c": [0.8707386255264282, 0.33643144369125366, 0.3586476743221283, -0.021656498312950134, -0.7023917436599731, 0.7114610075950623, 0.491269052028656, -0.627263605594635, -0.6043136715888977], "cam_t_m2c": [469.9212951660156, 152.63697814941406, 1000.7861938476562], "obj_id": 3}, {"cam_R_m2c": [0.4912252128124237, 0.48854073882102966, -0.7211281061172485, -0.12658174335956573, 0.8591504096984863, 0.49582016468048096, 0.8617858290672302, -0.15227772295475006, 0.48387667536735535], "cam_t_m2c": [670.7031860351562, -10.34264087677002, 1186.8660888671875], "obj_id": 3}, {"cam_R_m2c": [-0.8239198923110962, -0.2737281918525696, -0.49621468782424927, 0.5429204106330872, -0.1302463412284851, -0.8296224474906921, 0.16246090829372406, -0.9529474973678589, 0.2559250593185425], "cam_t_m2c": [498.46356201171875, 97.34552001953125, 1154.5], "obj_id": 3}, {"cam_R_m2c": [-0.1008305549621582, -0.6517716646194458, 0.751682698726654, 0.8638010025024414, 0.3175215721130371, 0.3911878168582916, -0.49364063143730164, 0.6887479424476624, 0.5309851765632629], "cam_t_m2c": [752.6596069335938, 158.969482421875, 834.4517211914062], "obj_id": 3}, {"cam_R_m2c": [0.7263391613960266, 0.507778525352478, 0.4632411301136017, -0.597642183303833, 0.7994577884674072, 0.060753244906663895, -0.339492529630661, -0.32097992300987244, 0.8841474652290344], "cam_t_m2c": [627.7294311523438, 106.31259155273438, 1013.762939453125], "obj_id": 3}, {"cam_R_m2c": [-0.019973721355199814, -0.9568314552307129, 0.2899565100669861, -0.9596028327941895, -0.06306172907352448, -0.2742002606391907, 0.2806485593318939, -0.28371983766555786, -0.9169185757637024], "cam_t_m2c": [645.982421875, 90.94375610351562, 752.8206787109375], "obj_id": 3}, {"cam_R_m2c": [-0.9853014349937439, 0.1449400633573532, 0.09040738642215729, 0.018574312329292297, -0.4352015554904938, 0.9001414179801941, 0.16981199383735657, 0.8885899186134338, 0.4261125326156616], "cam_t_m2c": [713.0075073242188, 223.99952697753906, 1089.4710693359375], "obj_id": 1}, {"cam_R_m2c": [0.7163980603218079, -0.391632616519928, 0.5774060487747192, -0.6846263408660889, -0.23519043624401093, 0.6899074912071228, -0.13438989222049713, -0.8895557522773743, -0.43661198019981384], "cam_t_m2c": [695.3391723632812, 234.88681030273438, 743.2783813476562], "obj_id": 3}, {"cam_R_m2c": [0.9531079530715942, -0.2973763048648834, 0.05614795163273811, 0.296156644821167, 0.8783544898033142, -0.37521281838417053, 0.062261611223220825, 0.3742469251155853, 0.9252365827560425], "cam_t_m2c": [633.318359375, 77.400146484375, 947.6569213867188], "obj_id": 1}, {"cam_R_m2c": [0.5659210681915283, -0.8190895318984985, 0.09394515305757523, -0.22156301140785217, -0.04133763536810875, 0.974269449710846, -0.7941304445266724, -0.5721743106842041, -0.20487375557422638], "cam_t_m2c": [506.2745666503906, 82.74066162109375, 1137.1533203125], "obj_id": 3}, {"cam_R_m2c": [-0.7093091011047363, 0.26139339804649353, -0.6546403765678406, 0.33962225914001465, -0.6870744824409485, -0.6423280835151672, -0.6176870465278625, -0.6779395937919617, 0.3985731899738312], "cam_t_m2c": [490.2916259765625, -3.2478506565093994, 852.8809814453125], "obj_id": 3}, {"cam_R_m2c": [0.320446252822876, 0.426007479429245, -0.8460683822631836, -0.4799928367137909, 0.8430367112159729, 0.24268491566181183, 0.8166522979736328, 0.3283393383026123, 0.4746285080909729], "cam_t_m2c": [510.2945556640625, 22.639856338500977, 821.664794921875], "obj_id": 1}, {"cam_R_m2c": [-0.29736971855163574, 0.141260027885437, 0.9442545175552368, -0.8742249608039856, -0.43784528970718384, -0.20981423556804657, 0.38379916548728943, -0.8878833651542664, 0.25369513034820557], "cam_t_m2c": [399.2764587402344, 190.97042846679688, 743.2094116210938], "obj_id": 1}, {"cam_R_m2c": [-0.4616738557815552, -0.8734917640686035, -0.15449680387973785, 0.8462855815887451, -0.