{
  "0": [{"cam_R_m2c": [-0.010789187625050545, 0.8691301345825195, -0.4944658577442169, 0.5874975919723511, -0.3946359157562256, -0.7064765691757202, -0.8091539740562439, -0.29811981320381165, -0.5063540935516357], "cam_t_m2c": [186.56748962402344, -61.245121002197266, 189.1496124267578], "obj_id": 0}, {"cam_R_m2c": [-0.010789187625050545, 0.8691301345825195, -0.4944658577442169, 0.5874975919723511, -0.3946359157562256, -0.7064765691757202, -0.8091539740562439, -0.29811981320381165, -0.5063540935516357], "cam_t_m2c": [186.56748962402344, -61.245121002197266, 189.1496124267578], "obj_id": 0}, {"cam_R_m2c": [-0.010789187625050545, 0.8691301345825195, -0.4944658577442169, 0.5874975919723511, -0.3946359157562256, -0.7064765691757202, -0.8091539740562439, -0.29811981320381165, -0.5063540935516357], "cam_t_m2c": [186.56748962402344, -61.245121002197266, 189.1496124267578], "obj_id": 2}, {"cam_R_m2c": [-0.010789187625050545, 0.8691301345825195, -0.4944658577442169, 0.5874975919723511, -0.3946359157562256, -0.7064765691757202, -0.8091539740562439, -0.29811981320381165, -0.5063540935516357], "cam_t_m2c": [186.56748962402344, -61.245121002197266, 189.1496124267578], "obj_id": 3}, {"cam_R_m2c": [-0.010789187625050545, 0.8691301345825195, -0.4944658577442169, 0.5874975919723511, -0.3946359157562256, -0.7064765691757202, -0.8091539740562439, -0.29811981320381165, -0.5063540935516357], "cam_t_m2c": [186.56748962402344, -61.245121002197266, 189.1496124267578], "obj_id": 0}, {"cam_R_m2c": [-0.010789187625050545, 0.8691301345825195, -0.4944658577442169, 0.5874975919723511, -0.3946359157562256, -0.7064765691757202, -0.8091539740562439, -0.29811981320381165, -0.5063540935516357], "cam_t_m2c": [186.56748962402344, -61.245121002197266, 189.1496124267578], "obj_id": 1}, {"cam_R_m2c": [-0.010789187625050545, 0.8691301345825195, -0.4944658577442169, 0.5874975919723511, -0.3946359157562256, -0.7064765691757202, -0.8091539740562439, -0.29811981320381165, -0.5063540935516357], "cam_t_m2c": [186.56748962402344, -61.245121002197266, 189.1496124267578], "obj_id": 2}, {"cam_R_m2c": [-0.010789187625050545, 0.8691301345825195, -0.4944658577442169, 0.5874975919723511, -0.3946359157562256, -0.7064765691757202, -0.8091539740562439, -0.29811981320381165, -0.5063540935516357], "cam_t_m2c": [186.56748962402344, -61.245121002197266, 189.1496124267578], "obj_id": 0}, {"cam_R_m2c": [-0.010789187625050545, 0.8691301345825195, -0.4944658577442169, 0.5874975919723511, -0.3946359157562256, -0.7064765691757202, -0.8091539740562439, -0.29811981320381165, -0.5063540935516357], "cam_t_m2c": [186.56748962402344, -61.245121002197266, 189.1496124267578], "obj_id": 2}, {"cam_R_m2c": [-0.010789187625050545, 0.8691301345825195, -0.4944658577442169, 0.5874975919723511, -0.3946359157562256, -0.7064765691757202, -0.8091539740562439, -0.29811981320381165, -0.5063540935516357], "cam_t_m2c": [186.56748962402344, -61.245121002197266, 189.1496124267578], "obj_id": 1}, {"cam_R_m2c": [-0.010789187625050545, 0.8691301345825195, -0.4944658577442169, 0.5874975919723511, -0.3946359157562256, -0.7064765691757202, -0.8091539740562439, -0.29811981320381165, -0.5063540935516357], "cam_t_m2c": [186.56748962402344, -61.245121002197266, 189.1496124267578], "obj_id": 1}, {"cam_R_m2c": [-0.010789187625050545, 0.8691301345825195, -0.4944658577442169, 0.5874975919723511, -0.3946359157562256, -0.7064765691757202, -0.8091539740562439, -0.29811981320381165, -0.5063540935516357], "cam_t_m2c": [186.56748962402344, -61.245121002197266, 189.1496124267578], "obj_id": 1}, {"cam_R_m2c": [-0.010789187625050545, 0.8691301345825195, -0.4944658577442169, 0.5874975919723511, -0.3946359157562256, -0.7064765691757202, -0.8091539740562439, -0.29811981320381165, -0.5063540935516357], "cam_t_m2c": [186.56748962402344, -61.245121002197266, 189.1496124267578], "obj_id": 0}, {"cam_R_m2c": [-0.010789187625050545, 0.8691301345825195, -0.4944658577442169, 0.5874975919723511, -0.3946359157562256, -0.7064765691757202, -0.8091539740562439, -0.29811981320381165, -0.5063540935516357], "cam_t_m2c": [186.56748962402344, -61.245121002197266, 189.1496124267578], "obj_id": 3}, {"cam_R_m2c": [-0.010789187625050545, 0.8691301345825195, -0.4944658577442169, 0.5874975919723511, -0.3946359157562256, -0.7064765691757202, -0.8091539740562439, -0.29811981320381165, -0.5063540935516357], "cam_t_m2c": [186.56748962402344, -61.245121002197266, 189.1496124267578], "obj_id": 1}, {"cam_R_m2c": [-0.010789187625050545, 0.8691301345825195, -0.4944658577442169, 0.5874975919723511, -0.3946359157562256, -0.7064765691757202, -0.8091539740562439, -0.29811981320381165, -0.5063540935516357], "cam_t_m2c": [186.56748962402344, -61.245121002197266, 189.1496124267578], "obj_id": 2}, {"cam_R_m2c": [-0.010789187625050545, 0.8691301345825195, -0.4944658577442169, 0.5874975919723511, -0.3946359157562256, -0.7064765691757202, -0.8091539740562439, -0.29811981320381165, -0.5063540935516357], "cam_t_m2c": [186.56748962402344, -61.245121002197266, 189.1496124267578], "obj_id": 3}, {"cam_R_m2c": [-0.010789187625050545, 0.8691301345825195, -0.4944658577442169, 0.5874975919723511, -0.3946359157562256, -0.7064765691757202, -0.8091539740562439, -0.29811981320381165, -0.5063540935516357], "cam_t_m2c": [186.56748962402344, -61.245121002197266, 189.1496124267578], "obj_id": 0}, {"cam_R_m2c": [-0.010789187625050545, 0.8691301345825195, -0.4944658577442169, 0.5874975919723511, -0.3946359157562256, -0.7064765691757202, -0.8091539740562439, -0.29811981320381165, -0.5063540935516357], "cam_t_m2c": [186.56748962402344, -61.245121002197266, 189.1496124267578], "obj_id": 1}, {"cam_R_m2c": [-0.010789187625050545, 0.8691301345825195, -0.4944658577442169, 0.5874975919723511, -0.3946359157562256, -0.7064765691757202, -0.8091539740562439, -0.29811981320381165, -0.5063540935516357], "cam_t_m2c": [186.56748962402344, -61.245121002197266, 189.1496124267578], "obj_id": 1}, {"cam_R_m2c": [-0.010789187625050545, 0.8691301345825195, -0.4944658577442169, 0.5874975919723511, -0.3946359157562256, -0.7064765691757202, -0.8091539740562439, -0.29811981320381165, -0.5063540935516357], "cam_t_m2c": [186.56748962402344, -61.245121002197266, 189.1496124267578], "obj_id": 0}, {"cam_R_m2c": [-0.010789187625050545, 0.8691301345825195, -0.4944658577442169, 0.5874975919723511, -0.3946359157562256, -0.7064765691757202, -0.8091539740562439, -0.29811981320381165, -0.5063540935516357], "cam_t_m2c": [186.56748962402344, -61.245121002197266, 189.1496124267578], "obj_id": 0}, {"cam_R_m2c": [-0.010789187625050545, 0.8691301345825195, -0.4944658577442169, 0.5874975919723511, -0.3946359157562256, -0.7064765691757202, -0.8091539740562439, -0.29811981320381165, -0.5063540935516357], "cam_t_m2c": [186.56748962402344, -61.245121002197266, 189.1496124267578], "obj_id": 3}, {"cam_R_m2c": [-0.010789187625050545, 0.8691301345825195, -0.4944658577442169, 0.5874975919723511, -0.3946359157562256, -0.7064765691757202, -0.8091539740562439, -0.29811981320381165, -0.5063540935516357], "cam_t_m2c": [186.56748962402344, -61.245121002197266, 189.1496124267578], "obj_id": 3}, {"cam_R_m2c": [-0.7473649382591248, -0.6442771553993225, -0.16233451664447784, -0.5734406113624573, 0.5020819902420044, 0.647363543510437, -0.3355763256549835, 0.5769060254096985, -0.7446931600570679], "cam_t_m2c": [358.3426208496094, 118.18915557861328, -214.7728729248047], "obj_id": 0}, {"cam_R_m2c": [0.12902484834194183, -0.6459279656410217, -0.7524158954620361, 0.5165049433708191, -0.6039338707923889, 0.6070309281349182, -0.8465076684951782, -0.46694859862327576, 0.25570249557495117], "cam_t_m2c": [179.86427307128906, -60.35706329345703, 164.7798309326172], "obj_id": 3}, {"cam_R_m2c": [0.7016879916191101, -0.5276166200637817, -0.47880542278289795, -0.6682184338569641, -0.25415700674057007, -0.6992054581642151, 0.24722066521644592, 0.8105707168579102, -0.530902087688446], "cam_t_m2c": [288.330810546875, -52.24327087402344, 48.65597915649414], "obj_id": 3}, {"cam_R_m2c": [-0.44090190529823303, 0.7196220755577087, -0.536422848701477, -0.896471381187439, -0.3237077593803406, 0.3025760352611542, 0.044096145778894424, 0.6142941117286682, 0.7878440618515015], "cam_t_m2c": [-7.120675563812256, 18.223295211791992, 214.7279815673828], "obj_id": 3}, {"cam_R_m2c": [0.6574208736419678, -0.006054440978914499, 0.7534992694854736, 0.02634645253419876, -0.9991716146469116, -0.031015470623970032, 0.7530628442764282, 0.04024225100874901, -0.6567168235778809], "cam_t_m2c": [3822.80224609375, 5409.04931640625, 4193.5859375], "obj_id": 2}]
}