{
  "0": [{"cam_R_m2c": [-0.2890419661998749, 0.32305994629859924, -0.9011586308479309, 0.902908444404602, 0.4048245847225189, -0.14447608590126038, 0.31813672184944153, -0.8554234504699707, -0.40870481729507446], "cam_t_m2c": [97.1761474609375, 22.499649047851562, 390.0983581542969], "obj_id": 0}, {"cam_R_m2c": [0.7195544242858887, 0.09883721172809601, -0.6873664259910583, 0.5172242522239685, 0.5842034816741943, 0.6254480481147766, 0.4633793830871582, -0.8055665493011475, 0.3692452013492584], "cam_t_m2c": [273.033203125, 34.578338623046875, 653.873291015625], "obj_id": 1}, {"cam_R_m2c": [-0.16569645702838898, 0.8098334670066833, -0.5627739429473877, 0.8929261565208435, 0.3654298484325409, 0.2629523277282715, 0.41860201954841614, -0.4589453339576721, -0.7836719751358032], "cam_t_m2c": [16.94227409362793, 34.04898452758789, 317.18267822265625], "obj_id": 0}, {"cam_R_m2c": [-0.1298380345106125, 0.9513457417488098, 0.27943387627601624, 0.7812233567237854, -0.07539581507444382, 0.619681715965271, 0.6105997562408447, 0.2987585663795471, -0.7334242463111877], "cam_t_m2c": [174.77113342285156, 50.53614044189453, 401.9545593261719], "obj_id": 0}, {"cam_R_m2c": [0.42458927631378174, 0.37845855951309204, -0.8224920630455017, -0.8211020827293396, -0.22179336845874786, -0.5259270071983337, -0.38146477937698364, 0.8986528515815735, 0.21658197045326233], "cam_t_m2c": [225.8170623779297, 12.898237228393555, 499.8526916503906], "obj_id": 2}, {"cam_R_m2c": [-0.3181581497192383, 0.8637803196907043, 0.3907155692577362, 0.655803918838501, -0.09708987176418304, 0.7486618161201477, 0.6846140027046204, 0.49442580342292786, -0.5355805158615112], "cam_t_m2c": [243.93136596679688, 289.55987548828125, 217.27764892578125], "obj_id": 2}, {"cam_R_m2c": [0.7139397859573364, 0.002463241573423147, -0.7002027630805969, 0.6875266432762146, -0.1919143795967102, 0.7003398537635803, -0.13265390694141388, -0.9814085364341736, -0.13870884478092194], "cam_t_m2c": [182.05613708496094, 137.46978759765625, 349.4253234863281], "obj_id": 3}, {"cam_R_m2c": [0.26879119873046875, 0.21563221514225006, 0.9387513399124146, -0.3897015154361725, 0.9156327247619629, -0.09873922169208527, -0.8808428049087524, -0.33929258584976196, 0.3301462233066559], "cam_t_m2c": [153.4362030029297, -145.67584228515625, 801.25732421875], "obj_id": 0}],
  "1": [{"cam_R_m2c": [-0.2890419661998749, 0.32305994629859924, -0.9011586308479309, 0.902908444404602, 0.4048245847225189, -0.14447608590126038, 0.31813672184944153, -0.8554234504699707, -0.40870481729507446], "cam_t_m2c": [97.1761474609375, 22.499649047851562, 390.0983581542969], "obj_id": 0}, {"cam_R_m2c": [0.7195544242858887, 0.09883721172809601, -0.6873664259910583, 0.5172242522239685, 0.5842034816741943, 0.6254480481147766, 0.4633793830871582, -0.8055665493011475, 0.3692452013492584], "cam_t_m2c": [273.033203125, 34.578338623046875, 653.873291015625], "obj_id": 1}, {"cam_R_m2c": [-0.16569645702838898, 0.8098334670066833, -0.5627739429473877, 0.8929261565208435, 0.3654298484325409, 0.2629523277282715, 0.41860201954841614, -0.4589453339576721, -0.7836719751358032], "cam_t_m2c": [16.94227409362793, 34.04898452758789, 317.18267822265625], "obj_id": 0}, {"cam_R_m2c": [-0.1298380345106125, 0.9513457417488098, 0.27943387627601624, 0.7812233567237854, -0.07539581507444382, 0.619681715965271, 0.6105997562408447, 0.2987585663795471, -0.7334242463111877], "cam_t_m2c": [174.77113342285156, 50.53614044189453, 401.9545593261719], "obj_id": 0}, {"cam_R_m2c": [0.42458927631378174, 0.37845855951309204, -0.8224920630455017, -0.8211020827293396, -0.22179336845874786, -0.5259270071983337, -0.38146477937698364, 0.8986528515815735, 0.21658197045326233], "cam_t_m2c": [225.8170623779297, 12.898237228393555, 499.8526916503906], "obj_id": 2}, {"cam_R_m2c": [-0.3181581497192383, 0.8637803196907043, 0.3907155692577362, 0.655803918838501, -0.09708987176418304, 0.7486618161201477, 0.6846140027046204, 0.49442580342292786, -0.5355805158615112], "cam_t_m2c": [243.93136596679688, 289.55987548828125, 217.27764892578125], "obj_id": 2}, {"cam_R_m2c": [0.7139397859573364, 0.002463241573423147, -0.7002027630805969, 0.6875266432762146, -0.1919143795967102, 0.7003398537635803, -0.13265390694141388, -0.9814085364341736, -0.13870884478092194], "cam_t_m2c": [182.05613708496094, 137.46978759765625, 349.4253234863281], "obj_id": 3}, {"cam_R_m2c": [0.26879119873046875, 0.21563221514225006, 0.9387513399124146, -0.3897015154361725, 0.9156327247619629, -0.09873922169208527, -0.8808428049087524, -0.33929258584976196, 0.3301462233066559], "cam_t_m2c": [153.4362030029297, -145.67584228515625, 801.25732421875], "obj_id": 0}],
  "2": [{"cam_R_m2c": [-0.2890419661998749, 0.32305994629859924, -0.9011586308479309, 0.902908444404602, 0.4048245847225189, -0.14447608590126038, 0.31813672184944153, -0.8554234504699707, -0.40870481729507446], "cam_t_m2c": [97.1761474609375, 22.499649047851562, 390.0983581542969], "obj_id": 0}, {"cam_R_m2c": [0.7195544242858887, 0.09883721172809601, -0.6873664259910583, 0.5172242522239685, 0.5842034816741943, 0.6254480481147766, 0.4633793830871582, -0.8055665493011475, 0.3692452013492584], "cam_t_m2c": [273.033203125, 34.578338623046875, 653.873291015625], "obj_id": 1}, {"cam_R_m2c": [-0.16569645702838898, 0.8098334670066833, -0.5627739429473877, 0.8929261565208435, 0.3654298484325409, 0.2629523277282715, 0.41860201954841614, -0.4589453339576721, -0.7836719751358032], "cam_t_m2c": [16.94227409362793, 34.04898452758789, 317.18267822265625], "obj_id": 0}, {"cam_R_m2c": [-0.1298380345106125, 0.9513457417488098, 0.27943387627601624, 0.7812233567237854, -0.07539581507444382, 0.619681715965271, 0.6105997562408447, 0.2987585663795471, -0.7334242463111877], "cam_t_m2c": [174.77113342285156, 50.53614044189453, 401.9545593261719], "obj_id": 0}, {"cam_R_m2c": [0.42458927631378174, 0.37845855951309204, -0.8224920630455017, -0.8211020827293396, -0.22179336845874786, -0.5259270071983337, -0.38146477937698364, 0.8986528515815735, 0.21658197045326233], "cam_t_m2c": [225.8170623779297, 12.898237228393555, 499.8526916503906], "obj_id": 2}, {"cam_R_m2c": [-0.3181581497192383, 0.8637803196907043, 0.3907155692577362, 0.655803918838501, -0.09708987176418304, 0.7486618161201477, 0.6846140027046204, 0.49442580342292786, -0.5355805158615112], "cam_t_m2c": [243.93136596679688, 289.55987548828125, 217.27764892578125], "obj_id": 2}, {"cam_R_m2c": [0.7139397859573364, 0.002463241573423147, -0.7002027630805969, 0.6875266432762146, -0.1919143795967102, 0.7003398537635803, -0.13265390694141388, -0.9814085364341736, -0.13870884478092194], "cam_t_m2c": [182.05613708496094, 137.46978759765625, 349.4253234863281], "obj_id": 3}, {"cam_R_m2c": [0.26879119873046875, 0.21563221514225006, 0.9387513399124146, -0.3897015154361725, 0.9156327247619629, -0.09873922169208527, -0.8808428049087524, -0.33929258584976196, 0.3301462233066559], "cam_t_m2c": [153.4362030029297, -145.67584228515625, 801.25732421875], "obj_id": 0}],
  "3": [{"cam_R_m2c": [-0.2890419661998749, 0.32305994629859924, -0.9011586308479309, 0.902908444404602, 0.4048245847225189, -0.14447608590126038, 0.31813672184944153, -0.8554234504699707, -0.40870481729507446], "cam_t_m2c": [97.1761474609375, 22.499649047851562, 390.0983581542969], "obj_id": 0}, {"cam_R_m2c": [0.7195544242858887, 0.09883721172809601, -0.6873664259910583, 0.5172242522239685, 0.5842034816741943, 0.6254480481147766, 0.4633793830871582, -0.8055665493011475, 0.3692452013492584], "cam_t_m2c": [273.033203125, 34.578338623046875, 653.873291015625], "obj_id": 1}, {"cam_R_m2c": [-0.16569645702838898, 0.8098334670066833, -0.5627739429473877, 0.8929261565208435, 0.3654298484325409, 0.2629523277282715, 0.41860201954841614, -0.4589453339576721, -0.7836719751358032], "cam_t_m2c": [16.94227409362793, 34.04898452758789, 317.18267822265625], "obj_id": 0}, {"cam_R_m2c": [-0.1298380345106125, 0.9513457417488098, 0.27943387627601624, 0.7812233567237854, -0.07539581507444382, 0.619681715965271, 0.6105997562408447, 0.2987585663795471, -0.7334242463111877], "cam_t_m2c": [174.77113342285156, 50.53614044189453, 401.9545593261719], "obj_id": 0}, {"cam_R_m2c": [0.42458927631378174, 0.37845855951309204, -0.8224920630455017, -0.8211020827293396, -0.22179336845874786, -0.5259270071983337, -0.38146477937698364, 0.8986528515815735, 0.21658197045326233], "cam_t_m2c": [225.8170623779297, 12.898237228393555, 499.8526916503906], "obj_id": 2}, {"cam_R_m2c": [-0.3181581497192383, 0.8637803196907043, 0.3907155692577362, 0.655803918838501, -0.09708987176418304, 0.7486618161201477, 0.6846140027046204, 0.49442580342292786, -0.5355805158615112], "cam_t_m2c": [243.93136596679688, 289.55987548828125, 217.27764892578125], "obj_id": 2}, {"cam_R_m2c": [0.7139397859573364, 0.002463241573423147, -0.7002027630805969, 0.6875266432762146, -0.1919143795967102, 0.7003398537635803, -0.13265390694141388, -0.9814085364341736, -0.13870884478092194], "cam_t_m2c": [182.05613708496094, 137.46978759765625, 349.4253234863281], "obj_id": 3}, {"cam_R_m2c": [0.26879119873046875, 0.21563221514225006, 0.9387513399124146, -0.3897015154361725, 0.9156327247619629, -0.09873922169208527, -0.8808428049087524, -0.33929258584976196, 0.3301462233066559], "cam_t_m2c": [153.4362030029297, -145.67584228515625, 801.25732421875], "obj_id": 0}],
  "4": [{"cam_R_m2c": [-0.2890419661998749, 0.32305994629859924, -0.9011586308479309, 0.902908444404602, 0.4048245847225189, -0.14447608590126038, 0.31813672184944153, -0.8554234504699707, -0.40870481729507446], "cam_t_m2c": [97.1761474609375, 22.499649047851562, 390.0983581542969], "obj_id": 0}, {"cam_R_m2c": [0.7195544242858887, 0.09883721172809601, -0.6873664259910583, 0.5172242522239685, 0.5842034816741943, 0.6254480481147766, 0.4633793830871582, -0.8055665493011475, 0.3692452013492584], "cam_t_m2c": [273.033203125, 34.578338623046875, 653.873291015625], "obj_id": 1}, {"cam_R_m2c": [-0.16569645702838898, 0.8098334670066833, -0.5627739429473877, 0.8929261565208435, 0.3654298484325409, 0.2629523277282715, 0.41860201954841614, -0.4589453339576721, -0.7836719751358032], "cam_t_m2c": [16.94227409362793, 34.04898452758789, 317.18267822265625], "obj_id": 0}, {"cam_R_m2c": [-0.1298380345106125, 0.9513457417488098, 0.27943387627601624, 0.7812233567237854, -0.07539581507444382, 0.619681715965271, 0.6105997562408447, 0.2987585663795471, -0.7334242463111877], "cam_t_m2c": [174.77113342285156, 50.53614044189453, 401.9545593261719], "obj_id": 0}, {"cam_R_m2c": [0.42458927631378174, 0.37845855951309204, -0.8224920630455017, -0.8211020827293396, -0.22179336845874786, -0.5259270071983337, -0.38146477937698364, 0.8986528515815735, 0.21658197045326233], "cam_t_m2c": [225.8170623779297, 12.898237228393555, 499.8526916503906], "obj_id": 2}, {"cam_R_m2c": [-0.3181581497192383, 0.8637803196907043, 0.3907155692577362, 0.655803918838501, -0.09708987176418304, 0.7486618161201477, 0.6846140027046204, 0.49442580342292786, -0.5355805158615112], "cam_t_m2c": [243.93136596679688, 289.55987548828125, 217.27764892578125], "obj_id": 2}, {"cam_R_m2c": [0.7139397859573364, 0.002463241573423147, -0.7002027630805969, 0.6875266432762146, -0.1919143795967102, 0.7003398537635803, -0.13265390694141388, -0.9814085364341736, -0.13870884478092194], "cam_t_m2c": [182.05613708496094, 137.46978759765625, 349.4253234863281], "obj_id": 3}, {"cam_R_m2c": [0.26879119873046875, 0.21563221514225006, 0.9387513399124146, -0.3897015154361725, 0.9156327247619629, -0.09873922169208527, -0.8808428049087524, -0.33929258584976196, 0.3301462233066559], "cam_t_m2c": [153.4362030029297, -145.67584228515625, 801.25732421875], "obj_id": 0}]
}