{
  "0": [{"cam_R_m2c": [0.9418465495109558, -0.3357793390750885, 0.013314435258507729, -0.33334431052207947, -0.9385600686073303, -0.08936722576618195, 0.04250406473875046, 0.07973191887140274, -0.9959097504615784], "cam_t_m2c": [-92.84904479980469, -34.105003356933594, 1002.1635131835938], "obj_id": 3}, {"cam_R_m2c": [-0.0741296336054802, -0.9640126824378967, -0.2553122639656067, 0.8148932456970215, 0.08902192115783691, -0.5727339386940002, 0.5748512148857117, -0.25050875544548035, 0.7789682149887085], "cam_t_m2c": [-216.96070861816406, -99.61882019042969, 1136.2818603515625], "obj_id": 2}, {"cam_R_m2c": [0.6173179745674133, 0.5334387421607971, -0.5782400965690613, -0.6108877062797546, 0.7881638407707214, 0.07492593675851822, 0.4957163333892822, 0.30698665976524353, 0.8124189376831055], "cam_t_m2c": [-22.089998245239258, 65.62176513671875, 790.0262451171875], "obj_id": 3}, {"cam_R_m2c": [-0.5844247937202454, -0.150207057595253, 0.7974241971969604, -0.6579951643943787, 0.6628090739250183, -0.35738837718963623, -0.47485771775245667, -0.7335679531097412, -0.4861975312232971], "cam_t_m2c": [42.7905158996582, 36.70042419433594, 769.9551391601562], "obj_id": 1}, {"cam_R_m2c": [-0.931343674659729, 0.34088507294654846, 0.1280462145805359, -0.010971823707222939, -0.3777494430541992, 0.9258426427841187, 0.3639754056930542, 0.8608730435371399, 0.3555550277233124], "cam_t_m2c": [19.637554168701172, 27.111234664916992, 823.8340454101562], "obj_id": 3}, {"cam_R_m2c": [0.21877558529376984, -0.09472454339265823, -0.9711665511131287, 0.8812863230705261, 0.44644665718078613, 0.15498316287994385, 0.41889333724975586, -0.8897823095321655, 0.18115109205245972], "cam_t_m2c": [-281.4627990722656, 244.2755584716797, 664.5922241210938], "obj_id": 0}, {"cam_R_m2c": [-0.6130449771881104, 0.7744544744491577, 0.15619198977947235, -0.49744829535484314, -0.5319705605506897, 0.6852388978004456, 0.613775908946991, 0.34238487482070923, 0.7113730907440186], "cam_t_m2c": [-180.00450134277344, -62.46651840209961, 1112.1861572265625], "obj_id": 1}, {"cam_R_m2c": [0.23534004390239716, -0.8265221118927002, 0.5113475322723389, 0.7446256279945374, -0.1847916692495346, -0.6413928270339966, 0.6246180534362793, 0.5317078828811646, 0.5719606280326843], "cam_t_m2c": [-281.1923828125, -162.19139099121094, 1252.817626953125], "obj_id": 2}, {"cam_R_m2c": [-0.3162326514720917, -0.19305060803890228, -0.9288317561149597, -0.8875473141670227, -0.2855774164199829, 0.36153191328048706, -0.33504730463027954, 0.9387102723121643, -0.0810326561331749], "cam_t_m2c": [-162.42079162597656, 110.9781723022461, 878.6924438476562], "obj_id": 0}, {"cam_R_m2c": [-0.6816208362579346, 0.30387067794799805, -0.6656243205070496, -0.3316786587238312, 0.6825457811355591, 0.6512453556060791, 0.652213454246521, 0.664675772190094, -0.36445000767707825], "cam_t_m2c": [225.84352111816406, -91.56964874267578, 888.6953735351562], "obj_id": 3}, {"cam_R_m2c": [-0.024654090404510498, -0.8911787867546082, -0.45298197865486145, 0.8458805680274963, 0.22290030121803284, -0.48456329107284546, 0.5328023433685303, -0.39511507749557495, 0.7483353614807129], "cam_t_m2c": [168.692626953125, -142.13723754882812, 1043.3663330078125], "obj_id": 2}, {"cam_R_m2c": [0.08866996318101883, 0.9721007943153381, -0.217157781124115, -0.8081900477409363, -0.05721798911690712, -0.5861353874206543, -0.5822080969810486, 0.2274773269891739, 0.7805688977241516], "cam_t_m2c": [-243.90380859375, -190.00843811035156, 1268.2080078125], "obj_id": 0}, {"cam_R_m2c": [0.23534034192562103, 0.40576887130737305, 0.8831570744514465, 0.744625449180603, -0.6592559218406677, 0.10447198897600174, 0.6246181130409241, 0.6330348253250122, -0.457295298576355], "cam_t_m2c": [-39.586585998535156, 36.1888427734375, 925.2918701171875], "obj_id": 2}, {"cam_R_m2c": [0.6201848983764648, 0.5661662817001343, 0.5429791212081909, 0.3797626495361328, 0.3889656960964203, -0.839336633682251, -0.6864043474197388, 0.7267470955848694, 0.02622184529900551], "cam_t_m2c": [-189.2875518798828, -148.87950134277344, 1129.1226806640625], "obj_id": 3}, {"cam_R_m2c": [0.79412442445755, 0.6038627028465271, -0.06867499649524689, 0.2232031673192978, -0.3948822021484375, -0.8912060856819153, -0.5652846693992615, 0.6924000382423401, -0.4483696520328522], "cam_t_m2c": [27.345308303833008, -248.818115234375, 1192.5377197265625], "obj_id": 3}, {"cam_R_m2c": [0.02493811398744583, 0.8928817510604858, -0.449599951505661, -0.8455843925476074, -0.22106218338012695, -0.48592013120651245, -0.533258855342865, 0.3922926187515259, 0.7494941353797913], "cam_t_m2c": [217.51011657714844, -259.25848388671875, 1083.8336181640625], "obj_id": 2}, {"cam_R_m2c": [-0.9233120679855347, 0.2447298914194107, 0.295976459980011, 0.3719673454761505, 0.7616487741470337, 0.5305953621864319, -0.09557754546403885, 0.5999987125396729, -0.7942709922790527], "cam_t_m2c": [-17.794816970825195, -266.95916748046875, 1192.3421630859375], "obj_id": 3}, {"cam_R_m2c": [0.02561136893928051, 0.7906433939933777, 0.6117410063743591, -0.6165748238563538, 0.4941759705543518, -0.6128829717636108, -0.7868795394897461, -0.36148738861083984, 0.5001474022865295], "cam_t_m2c": [46.125160217285156, 95.06995391845703, 819.0823364257812], "obj_id": 0}, {"cam_R_m2c": [0.26139068603515625, 0.07345274090766907, 0.9624341130256653, 0.5593223571777344, -0.8241575360298157, -0.08900866657495499, 0.7866595387458801, 0.5615770220756531, -0.25651076436042786], "cam_t_m2c": [113.945556640625, -249.43324279785156, 1104.1771240234375], "obj_id": 0}, {"cam_R_m2c": [-0.33447352051734924, -0.5985326170921326, 0.7279327511787415, -0.6399485468864441, 0.7112723588943481, 0.29078763723373413, -0.6918043494224548, -0.3685787320137024, -0.62093186378479], "cam_t_m2c": [-188.05418395996094, -48.14179992675781, 983.1761474609375], "obj_id": 2}, {"cam_R_m2c": [0.36033207178115845, 0.08069498091936111, 0.9293271899223328, 0.7216254472732544, -0.6554216146469116, -0.2228875756263733, 0.5911153554916382, 0.7509397268295288, -0.2944009006023407], "cam_t_m2c": [242.34413146972656, -45.41327667236328, 880.6168212890625], "obj_id": 1}, {"cam_R_m2c": [-0.2353333681821823, -0.6195238828659058, 0.7488714456558228, -0.7446280717849731, 0.6101101040840149, 0.27073004841804504, -0.6246177554130554, -0.49391886591911316, -0.6048941016197205], "cam_t_m2c": [68.9665756225586, 8.367850303649902, 877.0852661132812], "obj_id": 3}, {"cam_R_m2c": [0.4498078525066376, 0.817025363445282, 0.3607526421546936, 0.6220941543579102, -0.5764341950416565, 0.5298325419425964, 0.640836775302887, -0.013900726102292538, -0.7675513625144958], "cam_t_m2c": [158.97145080566406, -28.717809677124023, 824.0911254882812], "obj_id": 0}, {"cam_R_m2c": [0.03876775503158569, 0.6563071608543396, -0.7534971237182617, -0.9063639640808105, -0.2943890690803528, -0.30305007100105286, -0.4207153022289276, 0.6946911811828613, 0.5834404230117798], "cam_t_m2c": [-182.33726501464844, -209.869140625, 1226.6226806640625], "obj_id": 0}, {"cam_R_m2c": [-0.3482972979545593, -0.9332812428474426, 0.08760774880647659, 0.7338762283325195, -0.32963380217552185, -0.5939420461654663, 0.5831934809684753, -0.1425751894712448, 0.7997235059738159], "cam_t_m2c": [-32.6782112121582, -213.39524841308594, 1090.074951171875], "obj_id": 0}, {"cam_R_m2c": [0.2716105878353119, 0.8886515498161316, -0.36949422955513, 0.7435076236724854, 0.05002434179186821, 0.6668536067008972, 0.6110842227935791, -0.45584625005722046, -0.6471320390701294], "cam_t_m2c": [-284.3628234863281, -130.27857971191406, 1112.20166015625], "obj_id": 0}, {"cam_R_m2c": [-0.03546503186225891, 0.5199792385101318, 0.8534424901008606, -0.354009747505188, 0.7920687794685364, -0.49729689955711365, -0.9345691800117493, -0.31976351141929626, 0.1559869349002838], "cam_t_m2c": [193.96900939941406, -126.87301635742188, 1027.963134765625], "obj_id": 0}, {"cam_R_m2c": [0.5014151334762573, -0.28746187686920166, -0.8160566687583923, 0.7448886632919312, 0.6232392191886902, 0.2381463199853897, 0.4401404857635498, -0.7272815704345703, 0.5266286730766296], "cam_t_m2c": [-425.90264892578125, 78.30763244628906, 1079.5858154296875], "obj_id": 2}, {"cam_R_m2c": [-0.6892754435539246, -0.7190424799919128, -0.088752381503582, 0.06290341168642044, -0.18143345415592194, 0.9813892245292664, -0.7217632532119751, 0.6708648204803467, 0.17028802633285522], "cam_t_m2c": [-285.0063171386719, -126.94342803955078, 1214.26708984375], "obj_id": 1}, {"cam_R_m2c": [-0.15208475291728973, 0.7107077836990356, -0.6868512630462646, -0.7961316704750061, -0.4999035894870758, -0.34098488092422485, -0.5857000350952148, 0.49496543407440186, 0.6418447494506836], "cam_t_m2c": [30.946563720703125, -344.6900939941406, 1230.3599853515625], "obj_id": 2}, {"cam_R_m2c": [0.21061690151691437, -0.5337830781936646, 0.8189725875854492, 0.7297577857971191, -0.47158342599868774, -0.4950380325317383, 0.6504568457603455, 0.7019150257110596, 0.29020893573760986], "cam_t_m2c": [-170.55162048339844, -255.24008178710938, 1218.290771484375], "obj_id": 0}, {"cam_R_m2c": [0.9883293509483337, -0.018935544416308403, -0.1511506885290146, -0.11598503589630127, 0.5497193336486816, -0.8272581696510315, 0.09875503927469254, 0.835134744644165, 0.5411075353622437], "cam_t_m2c": [-27.37314224243164, 3.796190023422241, 876.9590454101562], "obj_id": 3}, {"cam_R_m2c": [0.23146086931228638, 0.8136947154998779, -0.5332230925559998, -0.36701157689094543, -0.4345719814300537, -0.822465717792511, -0.9009597301483154, 0.3860676884651184, 0.1980488896369934], "cam_t_m2c": [203.5924072265625, -89.8507308959961, 875.347412109375], "obj_id": 1}, {"cam_R_m2c": [0.9698144793510437, -0.24180135130882263, -0.03149634972214699, -0.17216213047504425, -0.587513267993927, -0.7906884551048279, 0.17268502712249756, 0.7722435593605042, -0.6114078760147095], "cam_t_m2c": [72.51158905029297, -75.37633514404297, 973.4466552734375], "obj_id": 3}, {"cam_R_m2c": [0.6694168448448181, 0.312641441822052, -0.6738964319229126, -0.4365560710430145, 0.8995287418365479, -0.016334889456629753, 0.6010822653770447, 0.30512845516204834, 0.7386451959609985], "cam_t_m2c": [220.28196716308594, -152.6929168701172, 958.9653930664062], "obj_id": 3}, {"cam_R_m2c": [-0.1331440508365631, -0.7143772840499878, 0.686977207660675, 0.5621842741966248, -0.6252840757369995, -0.5412657260894775, 0.8162238597869873, 0.31414148211479187, 0.48486459255218506], "cam_t_m2c": [-75.39259338378906, -200.58644104003906, 1117.2835693359375], "obj_id": 0}],
  "1": [{"cam_R_m2c": [0.9418465495109558, -0.3357793390750885, 0.013314435258507729, -0.33334431052207947, -0.9385600686073303, -0.08936722576618195, 0.04250406473875046, 0.07973191887140274, -0.9959097504615784], "cam_t_m2c": [-92.84904479980469, -34.105003356933594, 1002.1635131835938], "obj_id": 3}, {"cam_R_m2c": [-0.0741296336054802, -0.9640126824378967, -0.2553122639656067, 0.8148932456970215, 0.08902192115783691, -0.5727339386940002, 0.5748512148857117, -0.25050875544548035, 0.7789682149887085], "cam_t_m2c": [-216.96070861816406, -99.61882019042969, 1136.2818603515625], "obj_id": 2}, {"cam_R_m2c": [0.6173179745674133, 0.5334387421607971, -0.5782400965690613, -0.6108877062797546, 0.7881638407707214, 0.07492593675851822, 0.4957163333892822, 0.30698665976524353, 0.8124189376831055], "cam_t_m2c": [-22.089998245239258, 65.62176513671875, 790.0262451171875], "obj_id": 3}, {"cam_R_m2c": [-0.5844247937202454, -0.150207057595253, 0.7974241971969604, -0.6579951643943787, 0.6628090739250183, -0.35738837718963623, -0.47485771775245667, -0.7335679531097412, -0.4861975312232971], "cam_t_m2c": [42.7905158996582, 36.70042419433594, 769.9551391601562], "obj_id": 1}, {"cam_R_m2c": [-0.931343674659729, 0.34088507294654846, 0.1280462145805359, -0.010971823707222939, -0.3777494430541992, 0.9258426427841187, 0.3639754056930542, 0.8608730435371399, 0.3555550277233124], "cam_t_m2c": [19.637554168701172, 27.111234664916992, 823.8340454101562], "obj_id": 3}, {"cam_R_m2c": [0.21877558529376984, -0.09472454339265823, -0.9711665511131287, 0.8812863230705261, 0.44644665718078613, 0.15498316287994385, 0.41889333724975586, -0.8897823095321655, 0.18115109205245972], "cam_t_m2c": [-281.4627990722656, 244.2755584716797, 664.5922241210938], "obj_id": 0}, {"cam_R_m2c": [-0.6130449771881104, 0.7744544744491577, 0.15619198977947235, -0.49744829535484314, -0.5319705605506897, 0.6852388978004456, 0.613775908946991, 0.34238487482070923, 0.7113730907440186], "cam_t_m2c": [-180.00450134277344, -62.46651840209961, 1112.1861572265625], "obj_id": 1}, {"cam_R_m2c": [0.23534004390239716, -0.8265221118927002, 0.5113475322723389, 0.7446256279945374, -0.1847916692495346, -0.6413928270339966, 0.6246180534362793, 0.5317078828811646, 0.5719606280326843], "cam_t_m2c": [-281.1923828125, -162.19139099121094, 1252.817626953125], "obj_id": 2}, {"cam_R_m2c": [-0.3162326514720917, -0.19305060803890228, -0.9288317561149597, -0.8875473141670227, -0.2855774164199829, 0.36153191328048706, -0.33504730463027954, 0.9387102723121643, -0.0810326561331749], "cam_t_m2c": [-162.42079162597656, 110.9781723022461, 878.6924438476562], "obj_id": 0}, {"cam_R_m2c": [-0.6816208362579346, 0.30387067794799805, -0.6656243205070496, -0.3316786587238312, 0.6825457811355591, 0.6512453556060791, 0.652213454246521, 0.664675772190094, -0.36445000767707825], "cam_t_m2c": [225.84352111816406, -91.56964874267578, 888.6953735351562], "obj_id": 3}, {"cam_R_m2c": [-0.024654090404510498, -0.8911787867546082, -0.45298197865486145, 0.8458805680274963, 0.22290030121803284, -0.48456329107284546, 0.5328023433685303, -0.39511507749557495, 0.7483353614807129], "cam_t_m2c": [168.692626953125, -142.13723754882812, 1043.3663330078125], "obj_id": 2}, {"cam_R_m2c": [0.08866996318101883, 0.9721007943153381, -0.217157781124115, -0.8081900477409363, -0.05721798911690712, -0.5861353874206543, -0.5822080969810486, 0.2274773269891739, 0.7805688977241516], "cam_t_m2c": [-243.90380859375, -190.00843811035156, 1268.2080078125], "obj_id": 0}, {"cam_R_m2c": [0.23534034192562103, 0.40576887130737305, 0.8831570744514465, 0.744625449180603, -0.6592559218406677, 0.10447198897600174, 0.6246181130409241, 0.6330348253250122, -0.457295298576355], "cam_t_m2c": [-39.586585998535156, 36.1888427734375, 925.2918701171875], "obj_id": 2}, {"cam_R_m2c": [0.6201848983764648, 0.5661662817001343, 0.5429791212081909, 0.3797626495361328, 0.3889656960964203, -0.839336633682251, -0.6864043474197388, 0.7267470955848694, 0.02622184529900551], "cam_t_m2c": [-189.2875518798828, -148.87950134277344, 1129.1226806640625], "obj_id": 3}, {"cam_R_m2c": [0.79412442445755, 0.6038627028465271, -0.06867499649524689, 0.2232031673192978, -0.3948822021484375, -0.8912060856819153, -0.5652846693992615, 0.6924000382423401, -0.4483696520328522], "cam_t_m2c": [27.345308303833008, -248.818115234375, 1192.5377197265625], "obj_id": 3}, {"cam_R_m2c": [0.02493811398744583, 0.8928817510604858, -0.449599951505661, -0.8455843925476074, -0.22106218338012695, -0.48592013120651245, -0.533258855342865, 0.3922926187515259, 0.7494941353797913], "cam_t_m2c": [217.51011657714844, -259.25848388671875, 1083.8336181640625], "obj_id": 2}, {"cam_R_m2c": [-0.9233120679855347, 0.2447298914194107, 0.295976459980011, 0.3719673454761505, 0.7616487741470337, 0.5305953621864319, -0.09557754546403885, 0.5999987125396729, -0.7942709922790527], "cam_t_m2c": [-17.794816970825195, -266.95916748046875, 1192.3421630859375], "obj_id": 3}, {"cam_R_m2c": [0.02561136893928051, 0.7906433939933777, 0.6117410063743591, -0.6165748238563538, 0.4941759705543518, -0.6128829717636108, -0.7868795394897461, -0.36148738861083984, 0.5001474022865295], "cam_t_m2c": [46.125160217285156, 95.06995391845703, 819.0823364257812], "obj_id": 0}, {"cam_R_m2c": [0.26139068603515625, 0.07345274090766907, 0.9624341130256653, 0.5593223571777344, -0.8241575360298157, -0.08900866657495499, 0.7866595387458801, 0.5615770220756531, -0.25651076436042786], "cam_t_m2c": [113.945556640625, -249.43324279785156, 1104.1771240234375], "obj_id": 0}, {"cam_R_m2c": [-0.33447352051734924, -0.5985326170921326, 0.7279327511787415, -0.6399485468864441, 0.7112723588943481, 0.29078763723373413, -0.6918043494224548, -0.3685787320137024, -0.62093186378479], "cam_t_m2c": [-188.05418395996094, -48.14179992675781, 983.1761474609375], "obj_id": 2}, {"cam_R_m2c": [0.36033207178115845, 0.08069498091936111, 0.9293271899223328, 0.7216254472732544, -0.6554216146469116, -0.2228875756263733, 0.5911153554916382, 0.7509397268295288, -0.2944009006023407], "cam_t_m2c": [242.34413146972656, -45.41327667236328, 880.6168212890625], "obj_id": 1}, {"cam_R_m2c": [-0.2353333681821823, -0.6195238828659058, 0.7488714456558228, -0.7446280717849731, 0.6101101040840149, 0.27073004841804504, -0.6246177554130554, -0.49391886591911316, -0.6048941016197205], "cam_t_m2c": [68.9665756225586, 8.367850303649902, 877.0852661132812], "obj_id": 3}, {"cam_R_m2c": [0.4498078525066376, 0.817025363445282, 0.3607526421546936, 0.6220941543579102, -0.5764341950416565, 0.5298325419425964, 0.640836775302887, -0.013900726102292538, -0.7675513625144958], "cam_t_m2c": [158.97145080566406, -28.717809677124023, 824.0911254882812], "obj_id": 0}, {"cam_R_m2c": [0.03876775503158569, 0.6563071608543396, -0.7534971237182617, -0.9063639640808105, -0.2943890690803528, -0.30305007100105286, -0.4207153022289276, 0.6946911811828613, 0.5834404230117798], "cam_t_m2c": [-182.33726501464844, -209.869140625, 1226.6226806640625], "obj_id": 0}, {"cam_R_m2c": [-0.3482972979545593, -0.9332812428474426, 0.08760774880647659, 0.7338762283325195, -0.32963380217552185, -0.5939420461654663, 0.5831934809684753, -0.1425751894712448, 0.7997235059738159], "cam_t_m2c": [-32.6782112121582, -213.39524841308594, 1090.074951171875], "obj_id": 0}, {"cam_R_m2c": [0.2716105878353119, 0.8886515498161316, -0.36949422955513, 0.7435076236724854, 0.05002434179186821, 0.6668536067008972, 0.6110842227935791, -0.45584625005722046, -0.6471320390701294], "cam_t_m2c": [-284.3628234863281, -130.27857971191406, 1112.20166015625], "obj_id": 0}, {"cam_R_m2c": [-0.03546503186225891, 0.5199792385101318, 0.8534424901008606, -0.354009747505188, 0.7920687794685364, -0.49729689955711365, -0.9345691800117493, -0.31976351141929626, 0.1559869349002838], "cam_t_m2c": [193.96900939941406, -126.87301635742188, 1027.963134765625], "obj_id": 0}, {"cam_R_m2c": [0.5014151334762573, -0.28746187686920166, -0.8160566687583923, 0.7448886632919312, 0.6232392191886902, 0.2381463199853897, 0.4401404857635498, -0.7272815704345703, 0.5266286730766296], "cam_t_m2c": [-425.90264892578125, 78.30763244628906, 1079.5858154296875], "obj_id": 2}, {"cam_R_m2c": [-0.6892754435539246, -0.7190424799919128, -0.088752381503582, 0.06290341168642044, -0.18143345415592194, 0.9813892245292664, -0.7217632532119751, 0.6708648204803467, 0.17028802633285522], "cam_t_m2c": [-285.0063171386719, -126.94342803955078, 1214.26708984375], "obj_id": 1}, {"cam_R_m2c": [-0.15208475291728973, 0.7107077836990356, -0.6868512630462646, -0.7961316704750061, -0.4999035894870758, -0.34098488092422485, -0.5857000350952148, 0.49496543407440186, 0.6418447494506836], "cam_t_m2c": [30.946563720703125, -344.6900939941406, 1230.3599853515625], "obj_id": 2}, {"cam_R_m2c": [0.21061690151691437, -0.5337830781936646, 0.8189725875854492, 0.7297577857971191, -0.47158342599868774, -0.4950380325317383, 0.6504568457603455, 0.7019150257110596, 0.29020893573760986], "cam_t_m2c": [-170.55162048339844, -255.24008178710938, 1218.290771484375], "obj_id": 0}, {"cam_R_m2c": [0.9883293509483337, -0.018935544416308403, -0.1511506885290146, -0.11598503589630127, 0.5497193336486816, -0.8272581696510315, 0.09875503927469254, 0.835134744644165, 0.5411075353622437], "cam_t_m2c": [-27.37314224243164, 3.796190023422241, 876.9590454101562], "obj_id": 3}, {"cam_R_m2c": [0.23146086931228638, 0.8136947154998779, -0.5332230925559998, -0.36701157689094543, -0.4345719814300537, -0.822465717792511, -0.9009597301483154, 0.3860676884651184, 0.1980488896369934], "cam_t_m2c": [203.5924072265625, -89.8507308959961, 875.347412109375], "obj_id": 1}, {"cam_R_m2c": [0.9698144793510437, -0.24180135130882263, -0.03149634972214699, -0.17216213047504425, -0.587513267993927, -0.7906884551048279, 0.17268502712249756, 0.7722435593605042, -0.6114078760147095], "cam_t_m2c": [72.51158905029297, -75.37633514404297, 973.4466552734375], "obj_id": 3}, {"cam_R_m2c": [0.6694168448448181, 0.312641441822052, -0.6738964319229126, -0.4365560710430145, 0.8995287418365479, -0.016334889456629753, 0.6010822653770447, 0.30512845516204834, 0.7386451959609985], "cam_t_m2c": [220.28196716308594, -152.6929168701172, 958.9653930664062], "obj_id": 3}, {"cam_R_m2c": [-0.1331440508365631, -0.7143772840499878, 0.686977207660675, 0.5621842741966248, -0.6252840757369995, -0.5412657260894775, 0.8162238597869873, 0.31414148211479187, 0.48486459255218506], "cam_t_m2c": [-75.39259338378906, -200.58644104003906, 1117.2835693359375], "obj_id": 0}],
  "2": [{"cam_R_m2c": [0.9418465495109558, -0.3357793390750885, 0.013314435258507729, -0.33334431052207947, -0.9385600686073303, -0.08936722576618195, 0.04250406473875046, 0.07973191887140274, -0.9959097504615784], "cam_t_m2c": [-92.84904479980469, -34.105003356933594, 1002.1635131835938], "obj_id": 3}, {"cam_R_m2c": [-0.0741296336054802, -0.9640126824378967, -0.2553122639656067, 0.8148932456970215, 0.08902192115783691, -0.5727339386940002, 0.5748512148857117, -0.25050875544548035, 0.7789682149887085], "cam_t_m2c": [-216.96070861816406, -99.61882019042969, 1136.2818603515625], "obj_id": 2}, {"cam_R_m2c": [0.6173179745674133, 0.5334387421607971, -0.5782400965690613, -0.6108877062797546, 0.7881638407707214, 0.07492593675851822, 0.4957163333892822, 0.30698665976524353, 0.8124189376831055], "cam_t_m2c": [-22.089998245239258, 65.62176513671875, 790.0262451171875], "obj_id": 3}, {"cam_R_m2c": [-0.5844247937202454, -0.150207057595253, 0.7974241971969604, -0.6579951643943787, 0.6628090739250183, -0.35738837718963623, -0.47485771775245667, -0.7335679531097412, -0.4861975312232971], "cam_t_m2c": [42.7905158996582, 36.70042419433594, 769.9551391601562], "obj_id": 1}, {"cam_R_m2c": [-0.931343674659729, 0.34088507294654846, 0.1280462145805359, -0.010971823707222939, -0.3777494430541992, 0.9258426427841187, 0.3639754056930542, 0.8608730435371399, 0.3555550277233124], "cam_t_m2c": [19.637554168701172, 27.111234664916992, 823.8340454101562], "obj_id": 3}, {"cam_R_m2c": [0.21877558529376984, -0.09472454339265823, -0.9711665511131287, 0.8812863230705261, 0.44644665718078613, 0.15498316287994385, 0.41889333724975586, -0.8897823095321655, 0.18115109205245972], "cam_t_m2c": [-281.4627990722656, 244.2755584716797, 664.5922241210938], "obj_id": 0}, {"cam_R_m2c": [-0.6130449771881104, 0.7744544744491577, 0.15619198977947235, -0.49744829535484314, -0.5319705605506897, 0.6852388978004456, 0.613775908946991, 0.34238487482070923, 0.7113730907440186], "cam_t_m2c": [-180.00450134277344, -62.46651840209961, 1112.1861572265625], "obj_id": 1}, {"cam_R_m2c": [0.23534004390239716, -0.8265221118927002, 0.5113475322723389, 0.7446256279945374, -0.1847916692495346, -0.6413928270339966, 0.6246180534362793, 0.5317078828811646, 0.5719606280326843], "cam_t_m2c": [-281.1923828125, -162.19139099121094, 1252.817626953125], "obj_id": 2}, {"cam_R_m2c": [-0.3162326514720917, -0.19305060803890228, -0.9288317561149597, -0.8875473141670227, -0.2855774164199829, 0.36153191328048706, -0.33504730463027954, 0.9387102723121643, -0.0810326561331749], "cam_t_m2c": [-162.42079162597656, 110.9781723022461, 878.6924438476562], "obj_id": 0}, {"cam_R_m2c": [-0.6816208362579346, 0.30387067794799805, -0.6656243205070496, -0.3316786587238312, 0.6825457811355591, 0.6512453556060791, 0.652213454246521, 0.664675772190094, -0.36445000767707825], "cam_t_m2c": [225.84352111816406, -91.56964874267578, 888.6953735351562], "obj_id": 3}, {"cam_R_m2c": [-0.024654090404510498, -0.8911787867546082, -0.45298197865486145, 0.8458805680274963, 0.22290030121803284, -0.48456329107284546, 0.5328023433685303, -0.39511507749557495, 0.7483353614807129], "cam_t_m2c": [168.692626953125, -142.13723754882812, 1043.3663330078125], "obj_id": 2}, {"cam_R_m2c": [0.08866996318101883, 0.9721007943153381, -0.217157781124115, -0.8081900477409363, -0.05721798911690712, -0.5861353874206543, -0.5822080969810486, 0.2274773269891739, 0.7805688977241516], "cam_t_m2c": [-243.90380859375, -190.00843811035156, 1268.2080078125], "obj_id": 0}, {"cam_R_m2c": [0.23534034192562103, 0.40576887130737305, 0.8831570744514465, 0.744625449180603, -0.6592559218406677, 0.10447198897600174, 0.6246181130409241, 0.6330348253250122, -0.457295298576355], "cam_t_m2c": [-39.586585998535156, 36.1888427734375, 925.2918701171875], "obj_id": 2}, {"cam_R_m2c": [0.6201848983764648, 0.5661662817001343, 0.5429791212081909, 0.3797626495361328, 0.3889656960964203, -0.839336633682251, -0.6864043474197388, 0.7267470955848694, 0.02622184529900551], "cam_t_m2c": [-189.2875518798828, -148.87950134277344, 1129.1226806640625], "obj_id": 3}, {"cam_R_m2c": [0.79412442445755, 0.6038627028465271, -0.06867499649524689, 0.2232031673192978, -0.3948822021484375, -0.8912060856819153, -0.5652846693992615, 0.6924000382423401, -0.4483696520328522], "cam_t_m2c": [27.345308303833008, -248.818115234375, 1192.5377197265625], "obj_id": 3}, {"cam_R_m2c": [0.02493811398744583, 0.8928817510604858, -0.449599951505661, -0.8455843925476074, -0.22106218338012695, -0.48592013120651245, -0.533258855342865, 0.3922926187515259, 0.7494941353797913], "cam_t_m2c": [217.51011657714844, -259.25848388671875, 1083.8336181640625], "obj_id": 2}, {"cam_R_m2c": [-0.9233120679855347, 0.2447298914194107, 0.295976459980011, 0.3719673454761505, 0.7616487741470337, 0.5305953621864319, -0.09557754546403885, 0.5999987125396729, -0.7942709922790527], "cam_t_m2c": [-17.794816970825195, -266.95916748046875, 1192.3421630859375], "obj_id": 3}, {"cam_R_m2c": [0.02561136893928051, 0.7906433939933777, 0.6117410063743591, -0.6165748238563538, 0.4941759705543518, -0.6128829717636108, -0.7868795394897461, -0.36148738861083984, 0.5001474022865295], "cam_t_m2c": [46.125160217285156, 95.06995391845703, 819.0823364257812], "obj_id": 0}, {"cam_R_m2c": [0.26139068603515625, 0.07345274090766907, 0.9624341130256653, 0.5593223571777344, -0.8241575360298157, -0.08900866657495499, 0.7866595387458801, 0.5615770220756531, -0.25651076436042786], "cam_t_m2c": [113.945556640625, -249.43324279785156, 1104.1771240234375], "obj_id": 0}, {"cam_R_m2c": [-0.33447352051734924, -0.5985326170921326, 0.7279327511787415, -0.6399485468864441, 0.7112723588943481, 0.29078763723373413, -0.6918043494224548, -0.3685787320137024, -0.62093186378479], "cam_t_m2c": [-188.05418395996094, -48.14179992675781, 983.1761474609375], "obj_id": 2}, {"cam_R_m2c": [0.36033207178115845, 0.08069498091936111, 0.9293271899223328, 0.7216254472732544, -0.6554216146469116, -0.2228875756263733, 0.5911153554916382, 0.7509397268295288, -0.2944009006023407], "cam_t_m2c": [242.34413146972656, -45.41327667236328, 880.6168212890625], "obj_id": 1}, {"cam_R_m2c": [-0.2353333681821823, -0.6195238828659058, 0.7488714456558228, -0.7446280717849731, 0.6101101040840149, 0.27073004841804504, -0.6246177554130554, -0.49391886591911316, -0.6048941016197205], "cam_t_m2c": [68.9665756225586, 8.367850303649902, 877.0852661132812], "obj_id": 3}, {"cam_R_m2c": [0.4498078525066376, 0.817025363445282, 0.3607526421546936, 0.6220941543579102, -0.5764341950416565, 0.5298325419425964, 0.640836775302887, -0.013900726102292538, -0.7675513625144958], "cam_t_m2c": [158.97145080566406, -28.717809677124023, 824.0911254882812], "obj_id": 0}, {"cam_R_m2c": [0.03876775503158569, 0.6563071608543396, -0.7534971237182617, -0.9063639640808105, -0.2943890690803528, -0.30305007100105286, -0.4207153022289276, 0.6946911811828613, 0.5834404230117798], "cam_t_m2c": [-182.33726501464844, -209.869140625, 1226.6226806640625], "obj_id": 0}, {"cam_R_m2c": [-0.3482972979545593, -0.9332812428474426, 0.08760774880647659, 0.7338762283325195, -0.32963380217552185, -0.5939420461654663, 0.5831934809684753, -0.1425751894712448, 0.7997235059738159], "cam_t_m2c": [-32.6782112121582, -213.39524841308594, 1090.074951171875], "obj_id": 0}, {"cam_R_m2c": [0.2716105878353119, 0.8886515498161316, -0.36949422955513, 0.7435076236724854, 0.05002434179186821, 0.6668536067008972, 0.6110842227935791, -0.45584625005722046, -0.6471320390701294], "cam_t_m2c": [-284.3628234863281, -130.27857971191406, 1112.20166015625], "obj_id": 0}, {"cam_R_m2c": [-0.03546503186225891, 0.5199792385101318, 0.8534424901008606, -0.354009747505188, 0.7920687794685364, -0.49729689955711365, -0.9345691800117493, -0.31976351141929626, 0.1559869349002838], "cam_t_m2c": [193.96900939941406, -126.87301635742188, 1027.963134765625], "obj_id": 0}, {"cam_R_m2c": [0.5014151334762573, -0.28746187686920166, -0.8160566687583923, 0.7448886632919312, 0.6232392191886902, 0.2381463199853897, 0.4401404857635498, -0.7272815704345703, 0.5266286730766296], "cam_t_m2c": [-425.90264892578125, 78.30763244628906, 1079.5858154296875], "obj_id": 2}, {"cam_R_m2c": [-0.6892754435539246, -0.7190424799919128, -0.088752381503582, 0.06290341168642044, -0.18143345415592194, 0.9813892245292664, -0.7217632532119751, 0.6708648204803467, 0.17028802633285522], "cam_t_m2c": [-285.0063171386719, -126.94342803955078, 1214.26708984375], "obj_id": 1}, {"cam_R_m2c": [-0.15208475291728973, 0.7107077836990356, -0.6868512630462646, -0.7961316704750061, -0.4999035894870758, -0.34098488092422485, -0.5857000350952148, 0.49496543407440186, 0.6418447494506836], "cam_t_m2c": [30.946563720703125, -344.6900939941406, 1230.3599853515625], "obj_id": 2}, {"cam_R_m2c": [0.21061690151691437, -0.5337830781936646, 0.8189725875854492, 0.7297577857971191, -0.47158342599868774, -0.4950380325317383, 0.6504568457603455, 0.7019150257110596, 0.29020893573760986], "cam_t_m2c": [-170.55162048339844, -255.24008178710938, 1218.290771484375], "obj_id": 0}, {"cam_R_m2c": [0.9883293509483337, -0.018935544416308403, -0.1511506885290146, -0.11598503589630127, 0.5497193336486816, -0.8272581696510315, 0.09875503927469254, 0.835134744644165, 0.5411075353622437], "cam_t_m2c": [-27.37314224243164, 3.796190023422241, 876.9590454101562], "obj_id": 3}, {"cam_R_m2c": [0.23146086931228638, 0.8136947154998779, -0.5332230925559998, -0.36701157689094543, -0.4345719814300537, -0.822465717792511, -0.9009597301483154, 0.3860676884651184, 0.1980488896369934], "cam_t_m2c": [203.5924072265625, -89.8507308959961, 875.347412109375], "obj_id": 1}, {"cam_R_m2c": [0.9698144793510437, -0.24180135130882263, -0.03149634972214699, -0.17216213047504425, -0.587513267993927, -0.7906884551048279, 0.17268502712249756, 0.7722435593605042, -0.6114078760147095], "cam_t_m2c": [72.51158905029297, -75.37633514404297, 973.4466552734375], "obj_id": 3}, {"cam_R_m2c": [0.6694168448448181, 0.312641441822052, -0.6738964319229126, -0.4365560710430145, 0.8995287418365479, -0.016334889456629753, 0.6010822653770447, 0.30512845516204834, 0.7386451959609985], "cam_t_m2c": [220.28196716308594, -152.6929168701172, 958.9653930664062], "obj_id": 3}, {"cam_R_m2c": [-0.1331440508365631, -0.7143772840499878, 0.686977207660675, 0.5621842741966248, -0.6252840757369995, -0.5412657260894775, 0.8162238597869873, 0.31414148211479187, 0.48486459255218506], "cam_t_m2c": [-75.39259338378906, -200.58644104003906, 1117.2835693359375], "obj_id": 0}]
}