{
  "0": [{"cam_R_m2c": [0.9931313991546631, 0.10639943182468414, -0.048674602061510086, -0.011080051772296429, -0.3286137878894806, -0.9443994164466858, -0.11647870391607285, 0.9384520649909973, -0.32517775893211365], "cam_t_m2c": [149.61151123046875, 138.54620361328125, 175.15843200683594], "obj_id": 1}, {"cam_R_m2c": [0.9931313991546631, 0.10639943182468414, -0.048674602061510086, -0.011080051772296429, -0.3286137878894806, -0.9443994164466858, -0.11647870391607285, 0.9384520649909973, -0.32517775893211365], "cam_t_m2c": [149.61151123046875, 138.54620361328125, 175.15843200683594], "obj_id": 2}, {"cam_R_m2c": [0.9931313991546631, 0.10639943182468414, -0.048674602061510086, -0.011080051772296429, -0.3286137878894806, -0.9443994164466858, -0.11647870391607285, 0.9384520649909973, -0.32517775893211365], "cam_t_m2c": [149.61151123046875, 138.54620361328125, 175.15843200683594], "obj_id": 0}, {"cam_R_m2c": [0.9931313991546631, 0.10639943182468414, -0.048674602061510086, -0.011080051772296429, -0.3286137878894806, -0.9443994164466858, -0.11647870391607285, 0.9384520649909973, -0.32517775893211365], "cam_t_m2c": [149.61151123046875, 138.54620361328125, 175.15843200683594], "obj_id": 0}, {"cam_R_m2c": [0.9931313991546631, 0.10639943182468414, -0.048674602061510086, -0.011080051772296429, -0.3286137878894806, -0.9443994164466858, -0.11647870391607285, 0.9384520649909973, -0.32517775893211365], "cam_t_m2c": [149.61151123046875, 138.54620361328125, 175.15843200683594], "obj_id": 0}, {"cam_R_m2c": [0.9931313991546631, 0.10639943182468414, -0.048674602061510086, -0.011080051772296429, -0.3286137878894806, -0.9443994164466858, -0.11647870391607285, 0.9384520649909973, -0.32517775893211365], "cam_t_m2c": [149.61151123046875, 138.54620361328125, 175.15843200683594], "obj_id": 3}, {"cam_R_m2c": [0.9931313991546631, 0.10639943182468414, -0.048674602061510086, -0.011080051772296429, -0.3286137878894806, -0.9443994164466858, -0.11647870391607285, 0.9384520649909973, -0.32517775893211365], "cam_t_m2c": [149.61151123046875, 138.54620361328125, 175.15843200683594], "obj_id": 2}, {"cam_R_m2c": [0.9931313991546631, 0.10639943182468414, -0.048674602061510086, -0.011080051772296429, -0.3286137878894806, -0.9443994164466858, -0.11647870391607285, 0.9384520649909973, -0.32517775893211365], "cam_t_m2c": [149.61151123046875, 138.54620361328125, 175.15843200683594], "obj_id": 0}, {"cam_R_m2c": [0.9931313991546631, 0.10639943182468414, -0.048674602061510086, -0.011080051772296429, -0.3286137878894806, -0.9443994164466858, -0.11647870391607285, 0.9384520649909973, -0.32517775893211365], "cam_t_m2c": [149.61151123046875, 138.54620361328125, 175.15843200683594], "obj_id": 3}, {"cam_R_m2c": [0.9931313991546631, 0.10639943182468414, -0.048674602061510086, -0.011080051772296429, -0.3286137878894806, -0.9443994164466858, -0.11647870391607285, 0.9384520649909973, -0.32517775893211365], "cam_t_m2c": [149.61151123046875, 138.54620361328125, 175.15843200683594], "obj_id": 2}, {"cam_R_m2c": [0.9931313991546631, 0.10639943182468414, -0.048674602061510086, -0.011080051772296429, -0.3286137878894806, -0.9443994164466858, -0.11647870391607285, 0.9384520649909973, -0.32517775893211365], "cam_t_m2c": [149.61151123046875, 138.54620361328125, 175.15843200683594], "obj_id": 1}, {"cam_R_m2c": [0.9931313991546631, 0.10639943182468414, -0.048674602061510086, -0.011080051772296429, -0.3286137878894806, -0.9443994164466858, -0.11647870391607285, 0.9384520649909973, -0.32517775893211365], "cam_t_m2c": [149.61151123046875, 138.54620361328125, 175.15843200683594], "obj_id": 2}, {"cam_R_m2c": [-0.3557545244693756, 0.8867571949958801, 0.2951275110244751, 0.9039260745048523, 0.24626579880714417, 0.3496723175048828, 0.23739464581012726, 0.39117100834846497, -0.889173150062561], "cam_t_m2c": [205.04176330566406, 173.38345336914062, 156.403076171875], "obj_id": 1}, {"cam_R_m2c": [0.03540920093655586, -0.9650382399559021, 0.25970616936683655, -0.9425379037857056, 0.05413921922445297, 0.3296833038330078, -0.332217276096344, -0.25645673274993896, -0.9076680541038513], "cam_t_m2c": [234.6003875732422, 157.40658569335938, 191.2314453125], "obj_id": 2}, {"cam_R_m2c": [0.7885372638702393, -0.5391682386398315, 0.2958151698112488, 0.5089224576950073, 0.8421395421028137, 0.17832256853580475, -0.3452635109424591, 0.009932988323271275, 0.938453197479248], "cam_t_m2c": [-33.76361846923828, 66.57263946533203, 322.06304931640625], "obj_id": 3}, {"cam_R_m2c": [-0.12315138429403305, 0.9253594875335693, -0.35852962732315063, 0.09850691258907318, -0.3480967879295349, -0.9322687387466431, -0.987486720085144, -0.1501278579235077, -0.04828567057847977], "cam_t_m2c": [255.7341766357422, 69.33031463623047, 170.29368591308594], "obj_id": 4}],
  "1": [{"cam_R_m2c": [-0.6511251330375671, -0.753135621547699, -0.09392904490232468, -0.29474860429763794, 0.3649674952030182, -0.8831318616867065, 0.6993991136550903, -0.5473439693450928, -0.45962515473365784], "cam_t_m2c": [154.91622924804688, -141.4434356689453, 751.8355102539062], "obj_id": 1}, {"cam_R_m2c": [-0.6511251330375671, -0.753135621547699, -0.09392904490232468, -0.29474860429763794, 0.3649674952030182, -0.8831318616867065, 0.6993991136550903, -0.5473439693450928, -0.45962515473365784], "cam_t_m2c": [154.91622924804688, -141.4434356689453, 751.8355102539062], "obj_id": 2}, {"cam_R_m2c": [-0.6511251330375671, -0.753135621547699, -0.09392904490232468, -0.29474860429763794, 0.3649674952030182, -0.8831318616867065, 0.6993991136550903, -0.5473439693450928, -0.45962515473365784], "cam_t_m2c": [154.91622924804688, -141.4434356689453, 751.8355102539062], "obj_id": 0}, {"cam_R_m2c": [-0.6511251330375671, -0.753135621547699, -0.09392904490232468, -0.29474860429763794, 0.3649674952030182, -0.8831318616867065, 0.6993991136550903, -0.5473439693450928, -0.45962515473365784], "cam_t_m2c": [154.91622924804688, -141.4434356689453, 751.8355102539062], "obj_id": 0}, {"cam_R_m2c": [-0.6511251330375671, -0.753135621547699, -0.09392904490232468, -0.29474860429763794, 0.3649674952030182, -0.8831318616867065, 0.6993991136550903, -0.5473439693450928, -0.45962515473365784], "cam_t_m2c": [154.91622924804688, -141.4434356689453, 751.8355102539062], "obj_id": 0}, {"cam_R_m2c": [-0.6511251330375671, -0.753135621547699, -0.09392904490232468, -0.29474860429763794, 0.3649674952030182, -0.8831318616867065, 0.6993991136550903, -0.5473439693450928, -0.45962515473365784], "cam_t_m2c": [154.91622924804688, -141.4434356689453, 751.8355102539062], "obj_id": 3}, {"cam_R_m2c": [-0.6511251330375671, -0.753135621547699, -0.09392904490232468, -0.29474860429763794, 0.3649674952030182, -0.8831318616867065, 0.6993991136550903, -0.5473439693450928, -0.45962515473365784], "cam_t_m2c": [154.91622924804688, -141.4434356689453, 751.8355102539062], "obj_id": 2}, {"cam_R_m2c": [-0.6511251330375671, -0.753135621547699, -0.09392904490232468, -0.29474860429763794, 0.3649674952030182, -0.8831318616867065, 0.6993991136550903, -0.5473439693450928, -0.45962515473365784], "cam_t_m2c": [154.91622924804688, -141.4434356689453, 751.8355102539062], "obj_id": 0}, {"cam_R_m2c": [-0.6511251330375671, -0.753135621547699, -0.09392904490232468, -0.29474860429763794, 0.3649674952030182, -0.8831318616867065, 0.6993991136550903, -0.5473439693450928, -0.45962515473365784], "cam_t_m2c": [154.91622924804688, -141.4434356689453, 751.8355102539062], "obj_id": 3}, {"cam_R_m2c": [-0.6511251330375671, -0.753135621547699, -0.09392904490232468, -0.29474860429763794, 0.3649674952030182, -0.8831318616867065, 0.6993991136550903, -0.5473439693450928, -0.45962515473365784], "cam_t_m2c": [154.91622924804688, -141.4434356689453, 751.8355102539062], "obj_id": 2}, {"cam_R_m2c": [-0.6511251330375671, -0.753135621547699, -0.09392904490232468, -0.29474860429763794, 0.3649674952030182, -0.8831318616867065, 0.6993991136550903, -0.5473439693450928, -0.45962515473365784], "cam_t_m2c": [154.91622924804688, -141.4434356689453, 751.8355102539062], "obj_id": 1}, {"cam_R_m2c": [-0.6511251330375671, -0.753135621547699, -0.09392904490232468, -0.29474860429763794, 0.3649674952030182, -0.8831318616867065, 0.6993991136550903, -0.5473439693450928, -0.45962515473365784], "cam_t_m2c": [154.91622924804688, -141.4434356689453, 751.8355102539062], "obj_id": 2}, {"cam_R_m2c": [0.4248191714286804, -0.7907154560089111, 0.44079217314720154, 0.8811054229736328, 0.24938155710697174, -0.4018234312534332, 0.20780257880687714, 0.5590866804122925, 0.802645742893219], "cam_t_m2c": [138.10787963867188, -140.59681701660156, 817.8255004882812], "obj_id": 1}, {"cam_R_m2c": [-0.14978979527950287, 0.8695317506790161, 0.47061383724212646, -0.9042046666145325, 0.07207918167114258, -0.42097312211990356, -0.3999709486961365, -0.48858878016471863, 0.7754380702972412], "cam_t_m2c": [90.36275482177734, -135.16567993164062, 812.0900268554688], "obj_id": 2}, {"cam_R_m2c": [-0.1874278038740158, 0.6726318597793579, -0.7158472537994385, -0.030484268441796303, 0.7244279384613037, 0.6886761784553528, 0.9818052649497986, 0.15089911222457886, -0.11527326703071594], "cam_t_m2c": [174.43484497070312, -56.85335159301758, 521.9417114257812], "obj_id": 3}, {"cam_R_m2c": [0.7156530618667603, -0.6977120637893677, -0.032226305454969406, -0.559063732624054, -0.544561505317688, -0.6252203583717346, 0.4186745882034302, 0.46545740962028503, -0.7797826528549194], "cam_t_m2c": [57.424163818359375, -216.70835876464844, 781.9521484375], "obj_id": 4}],
  "2": [{"cam_R_m2c": [-0.6511251330375671, -0.753135621547699, -0.09392904490232468, -0.29474860429763794, 0.3649674952030182, -0.8831318616867065, 0.6993991136550903, -0.5473439693450928, -0.45962515473365784], "cam_t_m2c": [154.91622924804688, -141.4434356689453, 751.8355102539062], "obj_id": 1}, {"cam_R_m2c": [-0.6511251330375671, -0.753135621547699, -0.09392904490232468, -0.29474860429763794, 0.3649674952030182, -0.8831318616867065, 0.6993991136550903, -0.5473439693450928, -0.45962515473365784], "cam_t_m2c": [154.91622924804688, -141.4434356689453, 751.8355102539062], "obj_id": 2}, {"cam_R_m2c": [-0.6511251330375671, -0.753135621547699, -0.09392904490232468, -0.29474860429763794, 0.3649674952030182, -0.8831318616867065, 0.6993991136550903, -0.5473439693450928, -0.45962515473365784], "cam_t_m2c": [154.91622924804688, -141.4434356689453, 751.8355102539062], "obj_id": 0}, {"cam_R_m2c": [-0.6511251330375671, -0.753135621547699, -0.09392904490232468, -0.29474860429763794, 0.3649674952030182, -0.8831318616867065, 0.6993991136550903, -0.5473439693450928, -0.45962515473365784], "cam_t_m2c": [154.91622924804688, -141.4434356689453, 751.8355102539062], "obj_id": 0}, {"cam_R_m2c": [-0.6511251330375671, -0.753135621547699, -0.09392904490232468, -0.29474860429763794, 0.3649674952030182, -0.8831318616867065, 0.6993991136550903, -0.5473439693450928, -0.45962515473365784], "cam_t_m2c": [154.91622924804688, -141.4434356689453, 751.8355102539062], "obj_id": 0}, {"cam_R_m2c": [-0.6511251330375671, -0.753135621547699, -0.09392904490232468, -0.29474860429763794, 0.3649674952030182, -0.8831318616867065, 0.6993991136550903, -0.5473439693450928, -0.45962515473365784], "cam_t_m2c": [154.91622924804688, -141.4434356689453, 751.8355102539062], "obj_id": 3}, {"cam_R_m2c": [-0.6511251330375671, -0.753135621547699, -0.09392904490232468, -0.29474860429763794, 0.3649674952030182, -0.8831318616867065, 0.6993991136550903, -0.5473439693450928, -0.45962515473365784], "cam_t_m2c": [154.91622924804688, -141.4434356689453, 751.8355102539062], "obj_id": 2}, {"cam_R_m2c": [-0.6511251330375671, -0.753135621547699, -0.09392904490232468, -0.29474860429763794, 0.3649674952030182, -0.8831318616867065, 0.6993991136550903, -0.5473439693450928, -0.45962515473365784], "cam_t_m2c": [154.91622924804688, -141.4434356689453, 751.8355102539062], "obj_id": 0}, {"cam_R_m2c": [-0.6511251330375671, -0.753135621547699, -0.09392904490232468, -0.29474860429763794, 0.3649674952030182, -0.8831318616867065, 0.6993991136550903, -0.5473439693450928, -0.45962515473365784], "cam_t_m2c": [154.91622924804688, -141.4434356689453, 751.8355102539062], "obj_id": 3}, {"cam_R_m2c": [-0.6511251330375671, -0.753135621547699, -0.09392904490232468, -0.29474860429763794, 0.3649674952030182, -0.8831318616867065, 0.6993991136550903, -0.5473439693450928, -0.45962515473365784], "cam_t_m2c": [154.91622924804688, -141.4434356689453, 751.8355102539062], "obj_id": 2}, {"cam_R_m2c": [-0.6511251330375671, -0.753135621547699, -0.09392904490232468, -0.29474860429763794, 0.3649674952030182, -0.8831318616867065, 0.6993991136550903, -0.5473439693450928, -0.45962515473365784], "cam_t_m2c": [154.91622924804688, -141.4434356689453, 751.8355102539062], "obj_id": 1}, {"cam_R_m2c": [-0.6511251330375671, -0.753135621547699, -0.09392904490232468, -0.29474860429763794, 0.3649674952030182, -0.8831318616867065, 0.6993991136550903, -0.5473439693450928, -0.45962515473365784], "cam_t_m2c": [154.91622924804688, -141.4434356689453, 751.8355102539062], "obj_id": 2}, {"cam_R_m2c": [0.4248191714286804, -0.7907154560089111, 0.44079217314720154, 0.8811054229736328, 0.24938155710697174, -0.4018234312534332, 0.20780257880687714, 0.5590866804122925, 0.802645742893219], "cam_t_m2c": [138.10787963867188, -140.59681701660156, 817.8255004882812], "obj_id": 1}, {"cam_R_m2c": [-0.14978979527950287, 0.8695317506790161, 0.47061383724212646, -0.9042046666145325, 0.07207918167114258, -0.42097312211990356, -0.3999709486961365, -0.48858878016471863, 0.7754380702972412], "cam_t_m2c": [90.36275482177734, -135.16567993164062, 812.0900268554688], "obj_id": 2}, {"cam_R_m2c": [-0.1874278038740158, 0.6726318597793579, -0.7158472537994385, -0.030484268441796303, 0.7244279384613037, 0.6886761784553528, 0.9818052649497986, 0.15089911222457886, -0.11527326703071594], "cam_t_m2c": [174.43484497070312, -56.85335159301758, 521.9417114257812], "obj_id": 3}, {"cam_R_m2c": [0.7156530618667603, -0.6977120637893677, -0.032226305454969406, -0.559063732624054, -0.544561505317688, -0.6252203583717346, 0.4186745882034302, 0.46545740962028503, -0.7797826528549194], "cam_t_m2c": [57.424163818359375, -216.70835876464844, 781.9521484375], "obj_id": 4}],
  "3": [{"cam_R_m2c": [0.7417423129081726, 0.6645669341087341, 0.09038351476192474, 0.20365239679813385, -0.09477420896291733, -0.9744452238082886, -0.6390180587768555, 0.7411940693855286, -0.20563867688179016], "cam_t_m2c": [-115.34254455566406, 108.49088287353516, 113.92146301269531], "obj_id": 1}, {"cam_R_m2c": [0.7417423129081726, 0.6645669341087341, 0.09038351476192474, 0.20365239679813385, -0.09477420896291733, -0.9744452238082886, -0.6390180587768555, 0.7411940693855286, -0.20563867688179016], "cam_t_m2c": [-115.34254455566406, 108.49088287353516, 113.92146301269531], "obj_id": 2}, {"cam_R_m2c": [0.7417423129081726, 0.6645669341087341, 0.09038351476192474, 0.20365239679813385, -0.09477420896291733, -0.9744452238082886, -0.6390180587768555, 0.7411940693855286, -0.20563867688179016], "cam_t_m2c": [-115.34254455566406, 108.49088287353516, 113.92146301269531], "obj_id": 0}, {"cam_R_m2c": [0.7417423129081726, 0.6645669341087341, 0.09038351476192474, 0.20365239679813385, -0.09477420896291733, -0.9744452238082886, -0.6390180587768555, 0.7411940693855286, -0.20563867688179016], "cam_t_m2c": [-115.34254455566406, 108.49088287353516, 113.92146301269531], "obj_id": 0}, {"cam_R_m2c": [0.7417423129081726, 0.6645669341087341, 0.09038351476192474, 0.20365239679813385, -0.09477420896291733, -0.9744452238082886, -0.6390180587768555, 0.7411940693855286, -0.20563867688179016], "cam_t_m2c": [-115.34254455566406, 108.49088287353516, 113.92146301269531], "obj_id": 0}, {"cam_R_m2c": [0.7417423129081726, 0.6645669341087341, 0.09038351476192474, 0.20365239679813385, -0.09477420896291733, -0.9744452238082886, -0.6390180587768555, 0.7411940693855286, -0.20563867688179016], "cam_t_m2c": [-115.34254455566406, 108.49088287353516, 113.92146301269531], "obj_id": 3}, {"cam_R_m2c": [0.7417423129081726, 0.6645669341087341, 0.09038351476192474, 0.20365239679813385, -0.09477420896291733, -0.9744452238082886, -0.6390180587768555, 0.7411940693855286, -0.20563867688179016], "cam_t_m2c": [-115.34254455566406, 108.49088287353516, 113.92146301269531], "obj_id": 2}, {"cam_R_m2c": [0.7417423129081726, 0.6645669341087341, 0.09038351476192474, 0.20365239679813385, -0.09477420896291733, -0.9744452238082886, -0.6390180587768555, 0.7411940693855286, -0.20563867688179016], "cam_t_m2c": [-115.34254455566406, 108.49088287353516, 113.92146301269531], "obj_id": 0}, {"cam_R_m2c": [0.7417423129081726, 0.6645669341087341, 0.09038351476192474, 0.20365239679813385, -0.09477420896291733, -0.9744452238082886, -0.6390180587768555, 0.7411940693855286, -0.20563867688179016], "cam_t_m2c": [-115.34254455566406, 108.49088287353516, 113.92146301269531], "obj_id": 3}, {"cam_R_m2c": [0.7417423129081726, 0.6645669341087341, 0.09038351476192474, 0.20365239679813385, -0.09477420896291733, -0.9744452238082886, -0.6390180587768555, 0.7411940693855286, -0.20563867688179016], "cam_t_m2c": [-115.34254455566406, 108.49088287353516, 113.92146301269531], "obj_id": 2}, {"cam_R_m2c": [0.7417423129081726, 0.6645669341087341, 0.09038351476192474, 0.20365239679813385, -0.09477420896291733, -0.9744452238082886, -0.6390180587768555, 0.7411940693855286, -0.20563867688179016], "cam_t_m2c": [-115.34254455566406, 108.49088287353516, 113.92146301269531], "obj_id": 1}, {"cam_R_m2c": [0.7417423129081726, 0.6645669341087341, 0.09038351476192474, 0.20365239679813385, -0.09477420896291733, -0.9744452238082886, -0.6390180587768555, 0.7411940693855286, -0.20563867688179016], "cam_t_m2c": [-115.34254455566406, 108.49088287353516, 113.92146301269531], "obj_id": 2}, {"cam_R_m2c": [-0.44707977771759033, 0.8338692784309387, -0.3236997127532959, 0.8212026357650757, 0.526090681552887, 0.22103102505207062, 0.35460638999938965, -0.1670045554637909, -0.9199802279472351], "cam_t_m2c": [-91.22770690917969, 151.00794982910156, 66.50115966796875], "obj_id": 1}, {"cam_R_m2c": [0.15374331176280975, -0.9220226407051086, -0.3552989363670349, -0.9539695382118225, -0.2322073131799698, 0.18979468941688538, -0.25749799609184265, 0.30976468324661255, -0.9152818322181702], "cam_t_m2c": [-44.82069396972656, 150.037841796875, 80.19188690185547], "obj_id": 2}, {"cam_R_m2c": [0.2990460991859436, -0.6906005144119263, 0.6585153341293335, 0.601474404335022, 0.6721628308296204, 0.431770384311676, -0.7408103346824646, 0.26696085929870605, 0.6163861751556396], "cam_t_m2c": [-165.5225830078125, 26.238956451416016, 339.98382568359375], "obj_id": 3}, {"cam_R_m2c": [-0.631136953830719, 0.7753713726997375, -0.021574391052126884, -0.13765928149223328, -0.13933756947517395, -0.9806299209594727, -0.763358473777771, -0.6159418225288391, 0.19467811286449432], "cam_t_m2c": [-11.008461952209473, 67.22802734375, 54.859649658203125], "obj_id": 4}],
  "4": [{"cam_R_m2c": [0.7417423129081726, 0.6645669341087341, 0.09038351476192474, 0.20365239679813385, -0.09477420896291733, -0.9744452238082886, -0.6390180587768555, 0.7411940693855286, -0.20563867688179016], "cam_t_m2c": [-115.34254455566406, 108.49088287353516, 113.92146301269531], "obj_id": 1}, {"cam_R_m2c": [0.7417423129081726, 0.6645669341087341, 0.09038351476192474, 0.20365239679813385, -0.09477420896291733, -0.9744452238082886, -0.6390180587768555, 0.7411940693855286, -0.20563867688179016], "cam_t_m2c": [-115.34254455566406, 108.49088287353516, 113.92146301269531], "obj_id": 2}, {"cam_R_m2c": [0.7417423129081726, 0.6645669341087341, 0.09038351476192474, 0.20365239679813385, -0.09477420896291733, -0.9744452238082886, -0.6390180587768555, 0.7411940693855286, -0.20563867688179016], "cam_t_m2c": [-115.34254455566406, 108.49088287353516, 113.92146301269531], "obj_id": 0}, {"cam_R_m2c": [0.7417423129081726, 0.6645669341087341, 0.09038351476192474, 0.20365239679813385, -0.09477420896291733, -0.9744452238082886, -0.6390180587768555, 0.7411940693855286, -0.20563867688179016], "cam_t_m2c": [-115.34254455566406, 108.49088287353516, 113.92146301269531], "obj_id": 0}, {"cam_R_m2c": [0.7417423129081726, 0.6645669341087341, 0.09038351476192474, 0.20365239679813385, -0.09477420896291733, -0.9744452238082886, -0.6390180587768555, 0.7411940693855286, -0.20563867688179016], "cam_t_m2c": [-115.34254455566406, 108.49088287353516, 113.92146301269531], "obj_id": 0}, {"cam_R_m2c": [0.7417423129081726, 0.6645669341087341, 0.09038351476192474, 0.20365239679813385, -0.09477420896291733, -0.9744452238082886, -0.6390180587768555, 0.7411940693855286, -0.20563867688179016], "cam_t_m2c": [-115.34254455566406, 108.49088287353516, 113.92146301269531], "obj_id": 3}, {"cam_R_m2c": [0.7417423129081726, 0.6645669341087341, 0.09038351476192474, 0.20365239679813385, -0.09477420896291733, -0.9744452238082886, -0.6390180587768555, 0.7411940693855286, -0.20563867688179016], "cam_t_m2c": [-115.34254455566406, 108.49088287353516, 113.92146301269531], "obj_id": 2}, {"cam_R_m2c": [0.7417423129081726, 0.6645669341087341, 0.09038351476192474, 0.20365239679813385, -0.09477420896291733, -0.9744452238082886, -0.6390180587768555, 0.7411940693855286, -0.20563867688179016], "cam_t_m2c": [-115.34254455566406, 108.49088287353516, 113.92146301269531], "obj_id": 0}, {"cam_R_m2c": [0.7417423129081726, 0.6645669341087341, 0.09038351476192474, 0.20365239679813385, -0.09477420896291733, -0.9744452238082886, -0.6390180587768555, 0.7411940693855286, -0.20563867688179016], "cam_t_m2c": [-115.34254455566406, 108.49088287353516, 113.92146301269531], "obj_id": 3}, {"cam_R_m2c": [0.7417423129081726, 0.6645669341087341, 0.09038351476192474, 0.20365239679813385, -0.09477420896291733, -0.9744452238082886, -0.6390180587768555, 0.7411940693855286, -0.20563867688179016], "cam_t_m2c": [-115.34254455566406, 108.49088287353516, 113.92146301269531], "obj_id": 2}, {"cam_R_m2c": [0.7417423129081726, 0.6645669341087341, 0.09038351476192474, 0.20365239679813385, -0.09477420896291733, -0.9744452238082886, -0.6390180587768555, 0.7411940693855286, -0.20563867688179016], "cam_t_m2c": [-115.34254455566406, 108.49088287353516, 113.92146301269531], "obj_id": 1}, {"cam_R_m2c": [0.7417423129081726, 0.6645669341087341, 0.09038351476192474, 0.20365239679813385, -0.09477420896291733, -0.9744452238082886, -0.6390180587768555, 0.7411940693855286, -0.20563867688179016], "cam_t_m2c": [-115.34254455566406, 108.49088287353516, 113.92146301269531], "obj_id": 2}, {"cam_R_m2c": [-0.44707977771759033, 0.8338692784309387, -0.3236997127532959, 0.8212026357650757, 0.526090681552887, 0.22103102505207062, 0.35460638999938965, -0.1670045554637909, -0.9199802279472351], "cam_t_m2c": [-91.22770690917969, 151.00794982910156, 66.50115966796875], "obj_id": 1}, {"cam_R_m2c": [0.15374331176280975, -0.9220226407051086, -0.3552989363670349, -0.9539695382118225, -0.2322073131799698, 0.18979468941688538, -0.25749799609184265, 0.30976468324661255, -0.9152818322181702], "cam_t_m2c": [-44.82069396972656, 150.037841796875, 80.19188690185547], "obj_id": 2}, {"cam_R_m2c": [0.2990460991859436, -0.6906005144119263, 0.6585153341293335, 0.601474404335022, 0.6721628308296204, 0.431770384311676, -0.7408103346824646, 0.26696085929870605, 0.6163861751556396], "cam_t_m2c": [-165.5225830078125, 26.238956451416016, 339.98382568359375], "obj_id": 3}, {"cam_R_m2c": [-0.631136953830719, 0.7753713726997375, -0.021574391052126884, -0.13765928149223328, -0.13933756947517395, -0.9806299209594727, -0.763358473777771, -0.6159418225288391, 0.19467811286449432], "cam_t_m2c": [-11.008461952209473, 67.22802734375, 54.859649658203125], "obj_id": 4}],
  "5": [{"cam_R_m2c": [-0.9966322183609009, -0.08108361810445786, 0.01221961434930563, -0.04696080461144447, 0.4422339200973511, -0.8956694602966309, 0.06722019612789154, -0.8932270407676697, -0.4445522427558899], "cam_t_m2c": [-121.12687683105469, -104.51897430419922, 869.6611328125], "obj_id": 1}, {"cam_R_m2c": [-0.9966322183609009, -0.08108361810445786, 0.01221961434930563, -0.04696080461144447, 0.4422339200973511, -0.8956694602966309, 0.06722019612789154, -0.8932270407676697, -0.4445522427558899], "cam_t_m2c": [-121.12687683105469, -104.51897430419922, 869.6611328125], "obj_id": 2}, {"cam_R_m2c": [-0.9966322183609009, -0.08108361810445786, 0.01221961434930563, -0.04696080461144447, 0.4422339200973511, -0.8956694602966309, 0.06722019612789154, -0.8932270407676697, -0.4445522427558899], "cam_t_m2c": [-121.12687683105469, -104.51897430419922, 869.6611328125], "obj_id": 0}, {"cam_R_m2c": [-0.9966322183609009, -0.08108361810445786, 0.01221961434930563, -0.04696080461144447, 0.4422339200973511, -0.8956694602966309, 0.06722019612789154, -0.8932270407676697, -0.4445522427558899], "cam_t_m2c": [-121.12687683105469, -104.51897430419922, 869.6611328125], "obj_id": 0}, {"cam_R_m2c": [-0.9966322183609009, -0.08108361810445786, 0.01221961434930563, -0.04696080461144447, 0.4422339200973511, -0.8956694602966309, 0.06722019612789154, -0.8932270407676697, -0.4445522427558899], "cam_t_m2c": [-121.12687683105469, -104.51897430419922, 869.6611328125], "obj_id": 0}, {"cam_R_m2c": [-0.9966322183609009, -0.08108361810445786, 0.01221961434930563, -0.04696080461144447, 0.4422339200973511, -0.8956694602966309, 0.06722019612789154, -0.8932270407676697, -0.4445522427558899], "cam_t_m2c": [-121.12687683105469, -104.51897430419922, 869.6611328125], "obj_id": 3}, {"cam_R_m2c": [-0.9966322183609009, -0.08108361810445786, 0.01221961434930563, -0.04696080461144447, 0.4422339200973511, -0.8956694602966309, 0.06722019612789154, -0.8932270407676697, -0.4445522427558899], "cam_t_m2c": [-121.12687683105469, -104.51897430419922, 869.6611328125], "obj_id": 2}, {"cam_R_m2c": [-0.9966322183609009, -0.08108361810445786, 0.01221961434930563, -0.04696080461144447, 0.4422339200973511, -0.8956694602966309, 0.06722019612789154, -0.8932270407676697, -0.4445522427558899], "cam_t_m2c": [-121.12687683105469, -104.51897430419922, 869.6611328125], "obj_id": 0}, {"cam_R_m2c": [-0.9966322183609009, -0.08108361810445786, 0.01221961434930563, -0.04696080461144447, 0.4422339200973511, -0.8956694602966309, 0.06722019612789154, -0.8932270407676697, -0.4445522427558899], "cam_t_m2c": [-121.12687683105469, -104.51897430419922, 869.6611328125], "obj_id": 3}, {"cam_R_m2c": [-0.9966322183609009, -0.08108361810445786, 0.01221961434930563, -0.04696080461144447, 0.4422339200973511, -0.8956694602966309, 0.06722019612789154, -0.8932270407676697, -0.4445522427558899], "cam_t_m2c": [-121.12687683105469, -104.51897430419922, 869.6611328125], "obj_id": 2}, {"cam_R_m2c": [-0.9966322183609009, -0.08108361810445786, 0.01221961434930563, -0.04696080461144447, 0.4422339200973511, -0.8956694602966309, 0.06722019612789154, -0.8932270407676697, -0.4445522427558899], "cam_t_m2c": [-121.12687683105469, -104.51897430419922, 869.6611328125], "obj_id": 1}, {"cam_R_m2c": [-0.9966322183609009, -0.08108361810445786, 0.01221961434930563, -0.04696080461144447, 0.4422339200973511, -0.8956694602966309, 0.06722019612789154, -0.8932270407676697, -0.4445522427558899], "cam_t_m2c": [-121.12687683105469, -104.51897430419922, 869.6611328125], "obj_id": 2}, {"cam_R_m2c": [0.3875885307788849, -0.8653491735458374, -0.31771978735923767, 0.7870171070098877, 0.49008694291114807, -0.37472495436668396, 0.4799782633781433, -0.10481183975934982, 0.8709967136383057], "cam_t_m2c": [-176.26683044433594, -91.00505065917969, 907.2759399414062], "obj_id": 1}, {"cam_R_m2c": [-0.07198593765497208, 0.9562600255012512, -0.283522367477417, -0.8956742882728577, -0.18704766035079956, -0.4034610986709595, -0.4388458728790283, 0.22490018606185913, 0.869962215423584], "cam_t_m2c": [-204.9594268798828, -76.1163558959961, 871.2612915039062], "obj_id": 2}, {"cam_R_m2c": [-0.7868849039077759, 0.5610117316246033, -0.25705641508102417, 0.14575619995594025, 0.5737354755401611, 0.8059669733047485, 0.5996392965316772, 0.5967356562614441, -0.533234715461731], "cam_t_m2c": [65.47604370117188, -58.490379333496094, 716.53271484375], "obj_id": 3}, {"cam_R_m2c": [0.0900358185172081, -0.9389519095420837, 0.3320583701133728, -0.6391908526420593, -0.3101637363433838, -0.703728199005127, 0.763759434223175, -0.1488879770040512, -0.6280953288078308], "cam_t_m2c": [-229.12940979003906, -151.83566284179688, 823.0446166992188], "obj_id": 4}],
  "6": [{"cam_R_m2c": [-0.9966322183609009, -0.08108361810445786, 0.01221961434930563, -0.04696080461144447, 0.4422339200973511, -0.8956694602966309, 0.06722019612789154, -0.8932270407676697, -0.4445522427558899], "cam_t_m2c": [-121.12687683105469, -104.51897430419922, 869.6611328125], "obj_id": 1}, {"cam_R_m2c": [-0.9966322183609009, -0.08108361810445786, 0.01221961434930563, -0.04696080461144447, 0.4422339200973511, -0.8956694602966309, 0.06722019612789154, -0.8932270407676697, -0.4445522427558899], "cam_t_m2c": [-121.12687683105469, -104.51897430419922, 869.6611328125], "obj_id": 2}, {"cam_R_m2c": [-0.9966322183609009, -0.08108361810445786, 0.01221961434930563, -0.04696080461144447, 0.4422339200973511, -0.8956694602966309, 0.06722019612789154, -0.8932270407676697, -0.4445522427558899], "cam_t_m2c": [-121.12687683105469, -104.51897430419922, 869.6611328125], "obj_id": 0}, {"cam_R_m2c": [-0.9966322183609009, -0.08108361810445786, 0.01221961434930563, -0.04696080461144447, 0.4422339200973511, -0.8956694602966309, 0.06722019612789154, -0.8932270407676697, -0.4445522427558899], "cam_t_m2c": [-121.12687683105469, -104.51897430419922, 869.6611328125], "obj_id": 0}, {"cam_R_m2c": [-0.9966322183609009, -0.08108361810445786, 0.01221961434930563, -0.04696080461144447, 0.4422339200973511, -0.8956694602966309, 0.06722019612789154, -0.8932270407676697, -0.4445522427558899], "cam_t_m2c": [-121.12687683105469, -104.51897430419922, 869.6611328125], "obj_id": 0}, {"cam_R_m2c": [-0.9966322183609009, -0.08108361810445786, 0.01221961434930563, -0.04696080461144447, 0.4422339200973511, -0.8956694602966309, 0.06722019612789154, -0.8932270407676697, -0.4445522427558899], "cam_t_m2c": [-121.12687683105469, -104.51897430419922, 869.6611328125], "obj_id": 3}, {"cam_R_m2c": [-0.9966322183609009, -0.08108361810445786, 0.01221961434930563, -0.04696080461144447, 0.4422339200973511, -0.8956694602966309, 0.06722019612789154, -0.8932270407676697, -0.4445522427558899], "cam_t_m2c": [-121.12687683105469, -104.51897430419922, 869.6611328125], "obj_id": 2}, {"cam_R_m2c": [-0.9966322183609009, -0.08108361810445786, 0.01221961434930563, -0.04696080461144447, 0.4422339200973511, -0.8956694602966309, 0.06722019612789154, -0.8932270407676697, -0.4445522427558899], "cam_t_m2c": [-121.12687683105469, -104.51897430419922, 869.6611328125], "obj_id": 0}, {"cam_R_m2c": [-0.9966322183609009, -0.08108361810445786, 0.01221961434930563, -0.04696080461144447, 0.4422339200973511, -0.8956694602966309, 0.06722019612789154, -0.8932270407676697, -0.4445522427558899], "cam_t_m2c": [-121.12687683105469, -104.51897430419922, 869.6611328125], "obj_id": 3}, {"cam_R_m2c": [-0.9966322183609009, -0.08108361810445786, 0.01221961434930563, -0.04696080461144447, 0.4422339200973511, -0.8956694602966309, 0.06722019612789154, -0.8932270407676697, -0.4445522427558899], "cam_t_m2c": [-121.12687683105469, -104.51897430419922, 869.6611328125], "obj_id": 2}, {"cam_R_m2c": [-0.9966322183609009, -0.08108361810445786, 0.01221961434930563, -0.04696080461144447, 0.4422339200973511, -0.8956694602966309, 0.06722019612789154, -0.8932270407676697, -0.4445522427558899], "cam_t_m2c": [-121.12687683105469, -104.51897430419922, 869.6611328125], "obj_id": 1}, {"cam_R_m2c": [-0.9966322183609009, -0.08108361810445786, 0.01221961434930563, -0.04696080461144447, 0.4422339200973511, -0.8956694602966309, 0.06722019612789154, -0.8932270407676697, -0.4445522427558899], "cam_t_m2c": [-121.12687683105469, -104.51897430419922, 869.6611328125], "obj_id": 2}, {"cam_R_m2c": [0.3875885307788849, -0.8653491735458374, -0.31771978735923767, 0.7870171070098877, 0.49008694291114807, -0.37472495436668396, 0.4799782633781433, -0.10481183975934982, 0.8709967136383057], "cam_t_m2c": [-176.26683044433594, -91.00505065917969, 907.2759399414062], "obj_id": 1}, {"cam_R_m2c": [-0.07198593765497208, 0.9562600255012512, -0.283522367477417, -0.8956742882728577, -0.18704766035079956, -0.4034610986709595, -0.4388458728790283, 0.22490018606185913, 0.869962215423584], "cam_t_m2c": [-204.9594268798828, -76.1163558959961, 871.2612915039062], "obj_id": 2}, {"cam_R_m2c": [-0.7868849039077759, 0.5610117316246033, -0.25705641508102417, 0.14575619995594025, 0.5737354755401611, 0.8059669733047485, 0.5996392965316772, 0.5967356562614441, -0.533234715461731], "cam_t_m2c": [65.47604370117188, -58.490379333496094, 716.53271484375], "obj_id": 3}, {"cam_R_m2c": [0.0900358185172081, -0.9389519095420837, 0.3320583701133728, -0.6391908526420593, -0.3101637363433838, -0.703728199005127, 0.763759434223175, -0.1488879770040512, -0.6280953288078308], "cam_t_m2c": [-229.12940979003906, -151.83566284179688, 823.0446166992188], "obj_id": 4}],
  "7": [{"cam_R_m2c": [0.7186219096183777, 0.6925472617149353, -0.06293504685163498, 0.14986616373062134, -0.2426101118326187, -0.9584782123565674, -0.679060161113739, 0.6793515682220459, -0.2781343460083008], "cam_t_m2c": [-96.54911041259766, 161.11026000976562, 148.28395080566406], "obj_id": 1}, {"cam_R_m2c": [0.7186219096183777, 0.6925472617149353, -0.06293504685163498, 0.14986616373062134, -0.2426101118326187, -0.9584782123565674, -0.679060161113739, 0.6793515682220459, -0.2781343460083008], "cam_t_m2c": [-96.54911041259766, 161.11026000976562, 148.28395080566406], "obj_id": 2}, {"cam_R_m2c": [0.7186219096183777, 0.6925472617149353, -0.06293504685163498, 0.14986616373062134, -0.2426101118326187, -0.9584782123565674, -0.679060161113739, 0.6793515682220459, -0.2781343460083008], "cam_t_m2c": [-96.54911041259766, 161.11026000976562, 148.28395080566406], "obj_id": 0}, {"cam_R_m2c": [0.7186219096183777, 0.6925472617149353, -0.06293504685163498, 0.14986616373062134, -0.2426101118326187, -0.9584782123565674, -0.679060161113739, 0.6793515682220459, -0.2781343460083008], "cam_t_m2c": [-96.54911041259766, 161.11026000976562, 148.28395080566406], "obj_id": 0}, {"cam_R_m2c": [0.7186219096183777, 0.6925472617149353, -0.06293504685163498, 0.14986616373062134, -0.2426101118326187, -0.9584782123565674, -0.679060161113739, 0.6793515682220459, -0.2781343460083008], "cam_t_m2c": [-96.54911041259766, 161.11026000976562, 148.28395080566406], "obj_id": 0}, {"cam_R_m2c": [0.7186219096183777, 0.6925472617149353, -0.06293504685163498, 0.14986616373062134, -0.2426101118326187, -0.9584782123565674, -0.679060161113739, 0.6793515682220459, -0.2781343460083008], "cam_t_m2c": [-96.54911041259766, 161.11026000976562, 148.28395080566406], "obj_id": 3}, {"cam_R_m2c": [0.7186219096183777, 0.6925472617149353, -0.06293504685163498, 0.14986616373062134, -0.2426101118326187, -0.9584782123565674, -0.679060161113739, 0.6793515682220459, -0.2781343460083008], "cam_t_m2c": [-96.54911041259766, 161.11026000976562, 148.28395080566406], "obj_id": 2}, {"cam_R_m2c": [0.7186219096183777, 0.6925472617149353, -0.06293504685163498, 0.14986616373062134, -0.2426101118326187, -0.9584782123565674, -0.679060161113739, 0.6793515682220459, -0.2781343460083008], "cam_t_m2c": [-96.54911041259766, 161.11026000976562, 148.28395080566406], "obj_id": 0}, {"cam_R_m2c": [0.7186219096183777, 0.6925472617149353, -0.06293504685163498, 0.14986616373062134, -0.2426101118326187, -0.9584782123565674, -0.679060161113739, 0.6793515682220459, -0.2781343460083008], "cam_t_m2c": [-96.54911041259766, 161.11026000976562, 148.28395080566406], "obj_id": 3}, {"cam_R_m2c": [0.7186219096183777, 0.6925472617149353, -0.06293504685163498, 0.14986616373062134, -0.2426101118326187, -0.9584782123565674, -0.679060161113739, 0.6793515682220459, -0.2781343460083008], "cam_t_m2c": [-96.54911041259766, 161.11026000976562, 148.28395080566406], "obj_id": 2}, {"cam_R_m2c": [0.7186219096183777, 0.6925472617149353, -0.06293504685163498, 0.14986616373062134, -0.2426101118326187, -0.9584782123565674, -0.679060161113739, 0.6793515682220459, -0.2781343460083008], "cam_t_m2c": [-96.54911041259766, 161.11026000976562, 148.28395080566406], "obj_id": 1}, {"cam_R_m2c": [0.7186219096183777, 0.6925472617149353, -0.06293504685163498, 0.14986616373062134, -0.2426101118326187, -0.9584782123565674, -0.679060161113739, 0.6793515682220459, -0.2781343460083008], "cam_t_m2c": [-96.54911041259766, 161.11026000976562, 148.28395080566406], "obj_id": 2}, {"cam_R_m2c": [-0.3011135160923004, 0.88704913854599, -0.34996354579925537, 0.8442193269729614, 0.41863226890563965, 0.33472493290901184, 0.44342347979545593, -0.19465577602386475, -0.8749198317527771], "cam_t_m2c": [-69.87358856201172, 203.52125549316406, 102.15764617919922], "obj_id": 1}, {"cam_R_m2c": [-0.0009297720389440656, -0.9227940440177917, -0.3852923512458801, -0.9428492784500122, -0.1275775134563446, 0.3078297972679138, -0.33321818709373474, 0.363558828830719, -0.8699370622634888], "cam_t_m2c": [-23.26251792907715, 195.14492797851562, 112.11927032470703], "obj_id": 2}, {"cam_R_m2c": [0.33110278844833374, -0.5686572194099426, 0.7529939413070679, 0.6112205982208252, 0.7372108101844788, 0.2879749536514282, -0.7188743352890015, 0.36489611864089966, 0.5916675925254822], "cam_t_m2c": [-142.6338348388672, 69.00296783447266, 371.39837646484375], "obj_id": 3}, {"cam_R_m2c": [-0.6940329670906067, 0.7046622633934021, -0.14754393696784973, 0.010252189822494984, -0.19524405896663666, -0.9807010889053345, -0.7198701500892639, -0.6821515560150146, 0.12828153371810913], "cam_t_m2c": [-3.330592155456543, 110.73655700683594, 78.64689636230469], "obj_id": 4}]
}