{
  "0": [{"cam_R_m2c": [-0.2536979019641876, 0.6774316430091858, 0.6904516816139221, -0.6573391556739807, 0.40290960669517517, -0.6368429660797119, -0.7096071839332581, -0.615426778793335, 0.3430851399898529], "cam_t_m2c": [38.69597244262695, 68.13916778564453, 1012.4537963867188], "obj_id": 2}, {"cam_R_m2c": [0.5397483706474304, -0.7820489406585693, 0.3115622401237488, -0.7052550315856934, -0.6221603155136108, -0.3398992121219635, 0.4596595764160156, -0.03627084940671921, -0.8873539566993713], "cam_t_m2c": [75.76052856445312, 127.85230255126953, 1056.3287353515625], "obj_id": 3}, {"cam_R_m2c": [-0.4361632466316223, 0.882786750793457, -0.17449705302715302, -0.23667176067829132, 0.07455048710107803, 0.968725323677063, 0.8681867122650146, 0.4638208746910095, 0.17641450464725494], "cam_t_m2c": [93.87263488769531, 227.94680786132812, 1123.6392822265625], "obj_id": 3}],
  "1": [{"cam_R_m2c": [-0.5178617835044861, 0.005792979151010513, 0.8554445505142212, -0.7738242745399475, 0.4231504797935486, -0.4713168144226074, -0.36471205949783325, -0.9060408473014832, -0.21465066075325012], "cam_t_m2c": [18.708322525024414, 73.46380615234375, 742.4876098632812], "obj_id": 2}, {"cam_R_m2c": [0.8365002274513245, -0.4658708870410919, -0.28849905729293823, -0.5472531914710999, -0.7371081113815308, -0.39646628499031067, -0.027952900156378746, 0.4895261526107788, -0.871540367603302], "cam_t_m2c": [62.427852630615234, 143.1090850830078, 750.9400024414062], "obj_id": 3}, {"cam_R_m2c": [0.3019343316555023, 0.9307128190994263, -0.206420436501503, -0.19024145603179932, 0.27099400758743286, 0.9435944557189941, 0.9341540932655334, -0.24563384056091309, 0.2588825225830078], "cam_t_m2c": [99.58940887451172, 252.94911193847656, 789.9767456054688], "obj_id": 3}]
}