{
  "0": [{"cam_R_m2c": [-0.45184797048568726, -0.028071286156773567, 0.8916531205177307, -0.8235977292060852, 0.3972136080265045, -0.4048555791378021, -0.3428118824958801, -0.9172967076301575, -0.20259955525398254], "cam_t_m2c": [-498.6960144042969, 163.7558135986328, 780.5414428710938], "obj_id": 2}, {"cam_R_m2c": [0.15698103606700897, -0.9631035923957825, 0.21860523521900177, -0.44769343733787537, 0.12790389358997345, 0.8849920630455017, -0.8802995681762695, -0.23679502308368683, -0.41109663248062134], "cam_t_m2c": [-611.0443115234375, 250.03395080566406, 1023.0494995117188], "obj_id": 3}, {"cam_R_m2c": [0.1417633593082428, 0.4563693404197693, -0.8784247636795044, 0.8164697885513306, 0.44784456491470337, 0.3644340932369232, 0.5597142577171326, -0.7688707113265991, -0.30912381410598755], "cam_t_m2c": [-354.4970703125, 195.9091796875, 786.4351806640625], "obj_id": 2}, {"cam_R_m2c": [0.6686321496963501, -0.7411351799964905, 0.06041242927312851, -0.17154055833816528, -0.2327902764081955, -0.9572787284851074, 0.7235363721847534, 0.6297041177749634, -0.2827858030796051], "cam_t_m2c": [3619.80615234375, -23424.4609375, -27236.9453125], "obj_id": 3}],
  "1": [{"cam_R_m2c": [-0.2166474163532257, 0.6420326232910156, -0.7354303598403931, -0.45784106850624084, -0.732160210609436, -0.5043042898178101, -0.8622327446937561, 0.22745397686958313, 0.4525696635246277], "cam_t_m2c": [457.6386413574219, 29.035526275634766, 664.4797973632812], "obj_id": 2}, {"cam_R_m2c": [-0.09585758298635483, 0.7347431778907776, 0.6715383529663086, -0.9842320680618286, 0.030790815129876137, -0.17418134212493896, -0.14865577220916748, -0.6776461601257324, 0.7202063202857971], "cam_t_m2c": [496.7625427246094, 304.99456787109375, 628.0887451171875], "obj_id": 3}, {"cam_R_m2c": [0.3106929361820221, 0.34579983353614807, 0.8853769302368164, 0.7265616655349731, -0.6869714856147766, 0.013346969150006771, 0.6128441691398621, 0.6391341686248779, -0.46468204259872437], "cam_t_m2c": [395.9538879394531, 11.942642211914062, 797.6543579101562], "obj_id": 2}, {"cam_R_m2c": [-0.775055468082428, 0.026326879858970642, -0.6313446164131165, 0.4750051200389862, 0.6831868886947632, -0.5546402335166931, 0.41672441363334656, -0.7297688722610474, -0.5420131683349609], "cam_t_m2c": [-8916.646484375, -33813.4296875, -10522.2451171875], "obj_id": 3}]
}