{
  "0": [{"cam_R_m2c": [-0.9015863537788391, -0.06974270194768906, 0.42694005370140076, -0.42993536591529846, 0.2538069188594818, -0.8664511442184448, -0.04793168604373932, -0.9647372364997864, -0.25881367921829224], "cam_t_m2c": [-144.48081970214844, -83.80445098876953, 395.5235595703125], "obj_id": 2}, {"cam_R_m2c": [-0.9015863537788391, -0.06974270194768906, 0.42694005370140076, -0.42993536591529846, 0.2538069188594818, -0.8664511442184448, -0.04793168604373932, -0.9647372364997864, -0.25881367921829224], "cam_t_m2c": [-144.48081970214844, -83.80445098876953, 395.5235595703125], "obj_id": 2}, {"cam_R_m2c": [-0.9015863537788391, -0.06974270194768906, 0.42694005370140076, -0.42993536591529846, 0.2538069188594818, -0.8664511442184448, -0.04793168604373932, -0.9647372364997864, -0.25881367921829224], "cam_t_m2c": [-144.48081970214844, -83.80445098876953, 395.5235595703125], "obj_id": 1}, {"cam_R_m2c": [-0.9015863537788391, -0.06974270194768906, 0.42694005370140076, -0.42993536591529846, 0.2538069188594818, -0.8664511442184448, -0.04793168604373932, -0.9647372364997864, -0.25881367921829224], "cam_t_m2c": [-144.48081970214844, -83.80445098876953, 395.5235595703125], "obj_id": 1}, {"cam_R_m2c": [-0.9015863537788391, -0.06974270194768906, 0.42694005370140076, -0.42993536591529846, 0.2538069188594818, -0.8664511442184448, -0.04793168604373932, -0.9647372364997864, -0.25881367921829224], "cam_t_m2c": [-144.48081970214844, -83.80445098876953, 395.5235595703125], "obj_id": 1}, {"cam_R_m2c": [-0.9015863537788391, -0.06974270194768906, 0.42694005370140076, -0.42993536591529846, 0.2538069188594818, -0.8664511442184448, -0.04793168604373932, -0.9647372364997864, -0.25881367921829224], "cam_t_m2c": [-144.48081970214844, -83.80445098876953, 395.5235595703125], "obj_id": 2}, {"cam_R_m2c": [-0.9015863537788391, -0.06974270194768906, 0.42694005370140076, -0.42993536591529846, 0.2538069188594818, -0.8664511442184448, -0.04793168604373932, -0.9647372364997864, -0.25881367921829224], "cam_t_m2c": [-144.48081970214844, -83.80445098876953, 395.5235595703125], "obj_id": 3}, {"cam_R_m2c": [-0.9015863537788391, -0.06974270194768906, 0.42694005370140076, -0.42993536591529846, 0.2538069188594818, -0.8664511442184448, -0.04793168604373932, -0.9647372364997864, -0.25881367921829224], "cam_t_m2c": [-144.48081970214844, -83.80445098876953, 395.5235595703125], "obj_id": 2}, {"cam_R_m2c": [-0.9015863537788391, -0.06974270194768906, 0.42694005370140076, -0.42993536591529846, 0.2538069188594818, -0.8664511442184448, -0.04793168604373932, -0.9647372364997864, -0.25881367921829224], "cam_t_m2c": [-144.48081970214844, -83.80445098876953, 395.5235595703125], "obj_id": 0}, {"cam_R_m2c": [-0.9015863537788391, -0.06974270194768906, 0.42694005370140076, -0.42993536591529846, 0.2538069188594818, -0.8664511442184448, -0.04793168604373932, -0.9647372364997864, -0.25881367921829224], "cam_t_m2c": [-144.48081970214844, -83.80445098876953, 395.5235595703125], "obj_id": 2}, {"cam_R_m2c": [-0.9015863537788391, -0.06974270194768906, 0.42694005370140076, -0.42993536591529846, 0.2538069188594818, -0.8664511442184448, -0.04793168604373932, -0.9647372364997864, -0.25881367921829224], "cam_t_m2c": [-144.48081970214844, -83.80445098876953, 395.5235595703125], "obj_id": 2}, {"cam_R_m2c": [-0.9015863537788391, -0.06974270194768906, 0.42694005370140076, -0.42993536591529846, 0.2538069188594818, -0.8664511442184448, -0.04793168604373932, -0.9647372364997864, -0.25881367921829224], "cam_t_m2c": [-144.48081970214844, -83.80445098876953, 395.5235595703125], "obj_id": 1}, {"cam_R_m2c": [-0.9015863537788391, -0.06974270194768906, 0.42694005370140076, -0.42993536591529846, 0.2538069188594818, -0.8664511442184448, -0.04793168604373932, -0.9647372364997864, -0.25881367921829224], "cam_t_m2c": [-144.48081970214844, -83.80445098876953, 395.5235595703125], "obj_id": 2}, {"cam_R_m2c": [-0.9015863537788391, -0.06974270194768906, 0.42694005370140076, -0.42993536591529846, 0.2538069188594818, -0.8664511442184448, -0.04793168604373932, -0.9647372364997864, -0.25881367921829224], "cam_t_m2c": [-144.48081970214844, -83.80445098876953, 395.5235595703125], "obj_id": 1}, {"cam_R_m2c": [-0.9015863537788391, -0.06974270194768906, 0.42694005370140076, -0.42993536591529846, 0.2538069188594818, -0.8664511442184448, -0.04793168604373932, -0.9647372364997864, -0.25881367921829224], "cam_t_m2c": [-144.48081970214844, -83.80445098876953, 395.5235595703125], "obj_id": 1}, {"cam_R_m2c": [-0.9015863537788391, -0.06974270194768906, 0.42694005370140076, -0.42993536591529846, 0.2538069188594818, -0.8664511442184448, -0.04793168604373932, -0.9647372364997864, -0.25881367921829224], "cam_t_m2c": [-144.48081970214844, -83.80445098876953, 395.5235595703125], "obj_id": 1}, {"cam_R_m2c": [-0.9015863537788391, -0.06974270194768906, 0.42694005370140076, -0.42993536591529846, 0.2538069188594818, -0.8664511442184448, -0.04793168604373932, -0.9647372364997864, -0.25881367921829224], "cam_t_m2c": [-144.48081970214844, -83.80445098876953, 395.5235595703125], "obj_id": 1}, {"cam_R_m2c": [-0.9015863537788391, -0.06974270194768906, 0.42694005370140076, -0.42993536591529846, 0.2538069188594818, -0.8664511442184448, -0.04793168604373932, -0.9647372364997864, -0.25881367921829224], "cam_t_m2c": [-144.48081970214844, -83.80445098876953, 395.5235595703125], "obj_id": 1}, {"cam_R_m2c": [-0.9015863537788391, -0.06974270194768906, 0.42694005370140076, -0.42993536591529846, 0.2538069188594818, -0.8664511442184448, -0.04793168604373932, -0.9647372364997864, -0.25881367921829224], "cam_t_m2c": [-144.48081970214844, -83.80445098876953, 395.5235595703125], "obj_id": 2}, {"cam_R_m2c": [-0.9015863537788391, -0.06974270194768906, 0.42694005370140076, -0.42993536591529846, 0.2538069188594818, -0.8664511442184448, -0.04793168604373932, -0.9647372364997864, -0.25881367921829224], "cam_t_m2c": [-144.48081970214844, -83.80445098876953, 395.5235595703125], "obj_id": 1}, {"cam_R_m2c": [-0.9015863537788391, -0.06974270194768906, 0.42694005370140076, -0.42993536591529846, 0.2538069188594818, -0.8664511442184448, -0.04793168604373932, -0.9647372364997864, -0.25881367921829224], "cam_t_m2c": [-144.48081970214844, -83.80445098876953, 395.5235595703125], "obj_id": 2}, {"cam_R_m2c": [-0.9015863537788391, -0.06974270194768906, 0.42694005370140076, -0.42993536591529846, 0.2538069188594818, -0.8664511442184448, -0.04793168604373932, -0.9647372364997864, -0.25881367921829224], "cam_t_m2c": [-144.48081970214844, -83.80445098876953, 395.5235595703125], "obj_id": 1}, {"cam_R_m2c": [-0.9015863537788391, -0.06974270194768906, 0.42694005370140076, -0.42993536591529846, 0.2538069188594818, -0.8664511442184448, -0.04793168604373932, -0.9647372364997864, -0.25881367921829224], "cam_t_m2c": [-144.48081970214844, -83.80445098876953, 395.5235595703125], "obj_id": 3}, {"cam_R_m2c": [-0.9015863537788391, -0.06974270194768906, 0.42694005370140076, -0.42993536591529846, 0.2538069188594818, -0.8664511442184448, -0.04793168604373932, -0.9647372364997864, -0.25881367921829224], "cam_t_m2c": [-144.48081970214844, -83.80445098876953, 395.5235595703125], "obj_id": 0}, {"cam_R_m2c": [-0.5484710931777954, 0.5272052884101868, -0.6490254998207092, 0.36231911182403564, 0.84937983751297, 0.3837691843509674, 0.7535943388938904, -0.02466806396842003, -0.656876802444458], "cam_t_m2c": [-10.199080467224121, -9.153504371643066, 212.91481018066406], "obj_id": 3}, {"cam_R_m2c": [0.41129428148269653, -0.11695775389671326, -0.9039678573608398, -0.9087328910827637, 0.024639511480927467, -0.4166502356529236, 0.07100380212068558, 0.9928311705589294, -0.0961492657661438], "cam_t_m2c": [-76.42683410644531, -23.738121032714844, 334.5046691894531], "obj_id": 0}, {"cam_R_m2c": [0.6788054704666138, 0.6527002453804016, -0.3364603519439697, -0.7287552356719971, 0.5424943566322327, -0.4178703725337982, -0.09021623432636261, 0.5288499593734741, 0.8439068794250488], "cam_t_m2c": [-478.3784484863281, -320.7701110839844, 665.7552490234375], "obj_id": 0}, {"cam_R_m2c": [-0.38872218132019043, 0.839824378490448, -0.37893253564834595, -0.29945576190948486, 0.273787260055542, 0.913983941078186, 0.8713329434394836, 0.4687594771385193, 0.14506316184997559], "cam_t_m2c": [2.761059522628784, -13.612723350524902, 502.01953125], "obj_id": 1}, {"cam_R_m2c": [0.2647496163845062, 0.7991524338722229, -0.5396878123283386, 0.8292499780654907, -0.4743247926235199, -0.29556775093078613, -0.4921910762786865, -0.3692846894264221, -0.7882744073867798], "cam_t_m2c": [-3457.23583984375, 6841.767578125, 2278.37451171875], "obj_id": 0}, {"cam_R_m2c": [-0.4269477128982544, 0.8657149076461792, -0.26125308871269226, 0.8664474487304688, 0.4743310213088989, 0.15581662952899933, 0.2588132321834564, -0.1598365306854248, -0.9526110291481018], "cam_t_m2c": [-330.2582092285156, -95.20978546142578, 163.95167541503906], "obj_id": 2}, {"cam_R_m2c": [0.8567626476287842, 0.25076112151145935, 0.4506402313709259, 0.16952729225158691, 0.6883156299591064, -0.7053240537643433, -0.4870505630970001, 0.680691123008728, 0.5472122430801392], "cam_t_m2c": [-3682.002685546875, 6791.9716796875, 2338.294677734375], "obj_id": 2}, {"cam_R_m2c": [0.8143600821495056, 0.35915279388427734, 0.45588040351867676, 0.5759690403938293, -0.40370577573776245, -0.7108314037322998, -0.07125552743673325, 0.8414456844329834, -0.535622775554657], "cam_t_m2c": [-3582.65087890625, 6776.27490234375, 2496.756103515625], "obj_id": 2}]
}