{
  "0": [{"cam_R_m2c": [-0.6583804488182068, 0.5871118307113647, 0.470993310213089, 0.2412712424993515, 0.7573491930961609, -0.6068034172058105, -0.7129678726196289, -0.28587043285369873, -0.640277087688446], "cam_t_m2c": [-12.356627464294434, 20.81087303161621, 352.5513610839844], "obj_id": 1}, {"cam_R_m2c": [0.4755626618862152, 0.7923687696456909, 0.3820887506008148, -0.7026859521865845, 0.08086719363927841, 0.7068895697593689, 0.529218852519989, -0.6046586632728577, 0.5952438712120056], "cam_t_m2c": [-137.11105346679688, 41.21360778808594, 877.9320068359375], "obj_id": 2}, {"cam_R_m2c": [0.9779872894287109, -0.18335340917110443, 0.09961111843585968, -0.029046446084976196, 0.35310301184654236, 0.9351333975791931, -0.20663288235664368, -0.9174419641494751, 0.34000450372695923], "cam_t_m2c": [-347.35986328125, 112.7183609008789, 889.1025390625], "obj_id": 3}, {"cam_R_m2c": [0.055369362235069275, -0.9984056353569031, -0.010970616713166237, 0.98837810754776, 0.053248725831508636, 0.142383873462677, -0.14157269895076752, -0.018726814538240433, 0.9897507429122925], "cam_t_m2c": [-319.9407043457031, 106.37733459472656, 658.1045532226562], "obj_id": 4}, {"cam_R_m2c": [0.24061448872089386, -0.6595887541770935, 0.712072491645813, 0.9311758279800415, -0.050149813294410706, -0.3611045479774475, 0.2738908529281616, 0.7499517202377319, 0.60212641954422], "cam_t_m2c": [-114.39436340332031, 43.957881927490234, 938.6498413085938], "obj_id": 1}, {"cam_R_m2c": [-0.9179951548576355, -0.3837861120700836, 0.09996356815099716, -0.3016372323036194, 0.5120128989219666, -0.8042746186256409, 0.25748682022094727, -0.7684730887413025, -0.5857894420623779], "cam_t_m2c": [-129.62351989746094, 15.006654739379883, 915.067138671875], "obj_id": 2}, {"cam_R_m2c": [-0.38657352328300476, 0.8386972546577454, -0.38359853625297546, -0.7211921215057373, -0.015654586255550385, 0.692558228969574, 0.5748416185379028, 0.5443729162216187, 0.6109135150909424], "cam_t_m2c": [-293.922607421875, 102.82042694091797, 657.2367553710938], "obj_id": 3}, {"cam_R_m2c": [0.652167797088623, -0.6234501004219055, 0.4312622845172882, -0.15062269568443298, -0.6641172766685486, -0.7322984933853149, 0.7429602742195129, 0.4126235842704773, -0.5270216464996338], "cam_t_m2c": [128.70272827148438, -86.52323150634766, 740.9512329101562], "obj_id": 4}, {"cam_R_m2c": [0.6815369129180908, 0.2857476770877838, -0.6736881136894226, 0.4228072166442871, -0.9051601886749268, 0.043805550783872604, -0.597278356552124, -0.3146952986717224, -0.7377162575721741], "cam_t_m2c": [-204.58541870117188, 80.76322174072266, 487.8267822265625], "obj_id": 1}, {"cam_R_m2c": [0.2855294346809387, -0.32153478264808655, 0.9028224349021912, 0.9487438797950745, -0.03834929317235947, -0.3137105703353882, 0.1354914754629135, 0.9461208581924438, 0.29410430788993835], "cam_t_m2c": [-246.83456420898438, 205.08473205566406, 451.4898681640625], "obj_id": 2}, {"cam_R_m2c": [0.573623776435852, 0.3436796963214874, -0.743532121181488, 0.7683645486831665, -0.5403190851211548, 0.3430321514606476, -0.2838514447212219, -0.7680751085281372, -0.5740111470222473], "cam_t_m2c": [-333.7665710449219, 221.0063934326172, 603.6767578125], "obj_id": 3}, {"cam_R_m2c": [0.3587118089199066, -0.23875588178634644, -0.902397632598877, 0.013896504417061806, 0.967994213104248, -0.2505874037742615, 0.9333449006080627, 0.07734847813844681, 0.3505488336086273], "cam_t_m2c": [-387.5012512207031, 126.94463348388672, 696.9132690429688], "obj_id": 4}, {"cam_R_m2c": [-0.48087844252586365, 0.7360808253288269, 0.476382851600647, 0.09755316376686096, 0.584871768951416, -0.8052380681037903, -0.8713432550430298, -0.3407490849494934, -0.35305917263031006], "cam_t_m2c": [-117.01563262939453, 12.277972221374512, 692.3181762695312], "obj_id": 1}, {"cam_R_m2c": [-0.24832235276699066, -0.9617553949356079, 0.1155962347984314, -0.4015974700450897, -0.006380666978657246, -0.9157940149307251, 0.8815074563026428, -0.27383533120155334, -0.3846540153026581], "cam_t_m2c": [-383.9490661621094, 236.81320190429688, 556.8497314453125], "obj_id": 2}, {"cam_R_m2c": [0.9911583662033081, 0.13268296420574188, -0.0005785736721009016, -0.01299432385712862, 0.10140704363584518, 0.9947600960731506, 0.1320463865995407, -0.9859572649002075, 0.10223456472158432], "cam_t_m2c": [85.0060043334961, -139.2014923095703, 751.9622192382812], "obj_id": 3}, {"cam_R_m2c": [0.25799667835235596, 0.8425626754760742, -0.4727851152420044, -0.8323935270309448, 0.44226863980293274, 0.3339451551437378, 0.49046778678894043, 0.307386577129364, 0.8154476284980774], "cam_t_m2c": [-17.769489288330078, 8.117793083190918, 555.0546875], "obj_id": 4}],
  "1": [{"cam_R_m2c": [-0.6583804488182068, 0.5871118307113647, 0.470993310213089, 0.2412712424993515, 0.7573491930961609, -0.6068034172058105, -0.7129678726196289, -0.28587043285369873, -0.640277087688446], "cam_t_m2c": [-12.356627464294434, 20.81087303161621, 352.5513610839844], "obj_id": 1}, {"cam_R_m2c": [0.4755626618862152, 0.7923687696456909, 0.3820887506008148, -0.7026859521865845, 0.08086719363927841, 0.7068895697593689, 0.529218852519989, -0.6046586632728577, 0.5952438712120056], "cam_t_m2c": [-137.11105346679688, 41.21360778808594, 877.9320068359375], "obj_id": 2}, {"cam_R_m2c": [0.9779872894287109, -0.18335340917110443, 0.09961111843585968, -0.029046446084976196, 0.35310301184654236, 0.9351333975791931, -0.20663288235664368, -0.9174419641494751, 0.34000450372695923], "cam_t_m2c": [-347.35986328125, 112.7183609008789, 889.1025390625], "obj_id": 3}, {"cam_R_m2c": [0.055369362235069275, -0.9984056353569031, -0.010970616713166237, 0.98837810754776, 0.053248725831508636, 0.142383873462677, -0.14157269895076752, -0.018726814538240433, 0.9897507429122925], "cam_t_m2c": [-319.9407043457031, 106.37733459472656, 658.1045532226562], "obj_id": 4}, {"cam_R_m2c": [0.24061448872089386, -0.6595887541770935, 0.712072491645813, 0.9311758279800415, -0.050149813294410706, -0.3611045479774475, 0.2738908529281616, 0.7499517202377319, 0.60212641954422], "cam_t_m2c": [-114.39436340332031, 43.957881927490234, 938.6498413085938], "obj_id": 1}, {"cam_R_m2c": [-0.9179951548576355, -0.3837861120700836, 0.09996356815099716, -0.3016372323036194, 0.5120128989219666, -0.8042746186256409, 0.25748682022094727, -0.7684730887413025, -0.5857894420623779], "cam_t_m2c": [-129.62351989746094, 15.006654739379883, 915.067138671875], "obj_id": 2}, {"cam_R_m2c": [-0.38657352328300476, 0.8386972546577454, -0.38359853625297546, -0.7211921215057373, -0.015654586255550385, 0.692558228969574, 0.5748416185379028, 0.5443729162216187, 0.6109135150909424], "cam_t_m2c": [-293.922607421875, 102.82042694091797, 657.2367553710938], "obj_id": 3}, {"cam_R_m2c": [0.652167797088623, -0.6234501004219055, 0.4312622845172882, -0.15062269568443298, -0.6641172766685486, -0.7322984933853149, 0.7429602742195129, 0.4126235842704773, -0.5270216464996338], "cam_t_m2c": [128.70272827148438, -86.52323150634766, 740.9512329101562], "obj_id": 4}, {"cam_R_m2c": [0.6815369129180908, 0.2857476770877838, -0.6736881136894226, 0.4228072166442871, -0.9051601886749268, 0.043805550783872604, -0.597278356552124, -0.3146952986717224, -0.7377162575721741], "cam_t_m2c": [-204.58541870117188, 80.76322174072266, 487.8267822265625], "obj_id": 1}, {"cam_R_m2c": [0.2855294346809387, -0.32153478264808655, 0.9028224349021912, 0.9487438797950745, -0.03834929317235947, -0.3137105703353882, 0.1354914754629135, 0.9461208581924438, 0.29410430788993835], "cam_t_m2c": [-246.83456420898438, 205.08473205566406, 451.4898681640625], "obj_id": 2}, {"cam_R_m2c": [0.573623776435852, 0.3436796963214874, -0.743532121181488, 0.7683645486831665, -0.5403190851211548, 0.3430321514606476, -0.2838514447212219, -0.7680751085281372, -0.5740111470222473], "cam_t_m2c": [-333.7665710449219, 221.0063934326172, 603.6767578125], "obj_id": 3}, {"cam_R_m2c": [0.3587118089199066, -0.23875588178634644, -0.902397632598877, 0.013896504417061806, 0.967994213104248, -0.2505874037742615, 0.9333449006080627, 0.07734847813844681, 0.3505488336086273], "cam_t_m2c": [-387.5012512207031, 126.94463348388672, 696.9132690429688], "obj_id": 4}, {"cam_R_m2c": [-0.48087844252586365, 0.7360808253288269, 0.476382851600647, 0.09755316376686096, 0.584871768951416, -0.8052380681037903, -0.8713432550430298, -0.3407490849494934, -0.35305917263031006], "cam_t_m2c": [-117.01563262939453, 12.277972221374512, 692.3181762695312], "obj_id": 1}, {"cam_R_m2c": [-0.24832235276699066, -0.9617553949356079, 0.1155962347984314, -0.4015974700450897, -0.006380666978657246, -0.9157940149307251, 0.8815074563026428, -0.27383533120155334, -0.3846540153026581], "cam_t_m2c": [-383.9490661621094, 236.81320190429688, 556.8497314453125], "obj_id": 2}, {"cam_R_m2c": [0.9911583662033081, 0.13268296420574188, -0.0005785736721009016, -0.01299432385712862, 0.10140704363584518, 0.9947600960731506, 0.1320463865995407, -0.9859572649002075, 0.10223456472158432], "cam_t_m2c": [85.0060043334961, -139.2014923095703, 751.9622192382812], "obj_id": 3}, {"cam_R_m2c": [0.25799667835235596, 0.8425626754760742, -0.4727851152420044, -0.8323935270309448, 0.44226863980293274, 0.3339451551437378, 0.49046778678894043, 0.307386577129364, 0.8154476284980774], "cam_t_m2c": [-17.769489288330078, 8.117793083190918, 555.0546875], "obj_id": 4}],
  "2": [{"cam_R_m2c": [-0.08676990866661072, -0.9685226678848267, -0.23331260681152344, -0.9882310628890991, 0.05406457558274269, 0.14309561252593994, -0.12597739696502686, 0.24298317730426788, -0.961815357208252], "cam_t_m2c": [-300.7227783203125, 197.24734497070312, -43.1624641418457], "obj_id": 1}, {"cam_R_m2c": [0.063585065305233, -0.9660079479217529, 0.2505705952644348, 0.5747782588005066, -0.1698058396577835, -0.80049729347229, 0.8158351182937622, 0.19492222368717194, 0.5444432497024536], "cam_t_m2c": [-202.12716674804688, 339.0362854003906, -203.1678009033203], "obj_id": 2}, {"cam_R_m2c": [-0.003689494449645281, -0.14504531025886536, 0.9894180297851562, 0.40173792839050293, 0.9058542847633362, 0.13429324328899384, -0.9157471060752869, 0.39798226952552795, 0.05492807552218437], "cam_t_m2c": [-280.84942626953125, 192.88211059570312, 87.6395263671875], "obj_id": 3}, {"cam_R_m2c": [-0.23945975303649902, -0.9484759569168091, -0.2074904441833496, 0.970841109752655, -0.23143638670444489, -0.06248725578188896, 0.011246811598539352, -0.21640345454216003, 0.9762392640113831], "cam_t_m2c": [-395.6982421875, 241.53970336914062, -104.98858642578125], "obj_id": 4}, {"cam_R_m2c": [-0.8622351884841919, -0.4799729585647583, 0.1617906540632248, 0.4054977297782898, -0.4627126157283783, 0.7883327007293701, -0.30351582169532776, 0.7453340291976929, 0.5935952067375183], "cam_t_m2c": [-107.04802703857422, 228.8013916015625, -3.437195062637329], "obj_id": 1}, {"cam_R_m2c": [-0.5248470306396484, 0.6568931937217712, -0.5413194298744202, -0.8475939035415649, -0.4617730975151062, 0.2614382207393646, -0.07822979986667633, 0.5960341691970825, 0.7991390824317932], "cam_t_m2c": [-221.73175048828125, 162.0033416748047, 227.90875244140625], "obj_id": 2}, {"cam_R_m2c": [0.7286241054534912, 0.6769821047782898, -0.10393356531858444, -0.6372790932655334, 0.7257006764411926, 0.25929492712020874, 0.25096267461776733, -0.12269383668899536, 0.9601895213127136], "cam_t_m2c": [-190.1598358154297, 189.6465301513672, 3.394235372543335], "obj_id": 3}, {"cam_R_m2c": [0.19455790519714355, 0.8169282674789429, -0.5429322123527527, -0.9266896843910217, 0.3345297873020172, 0.1712774634361267, 0.32154837250709534, 0.4698063135147095, 0.8221244812011719], "cam_t_m2c": [-138.11846923828125, 192.8592987060547, 2.9541728496551514], "obj_id": 4}, {"cam_R_m2c": [0.21687427163124084, -0.7167039513587952, -0.662797749042511, 0.9047703742980957, -0.10736283659934998, 0.4121449887752533, -0.3665459156036377, -0.6890634298324585, 0.6251684427261353], "cam_t_m2c": [-289.6692199707031, 318.7317199707031, -94.63289642333984], "obj_id": 1}, {"cam_R_m2c": [-0.04965641722083092, -0.8736990690231323, 0.48392561078071594, 0.848463237285614, -0.29252150654792786, -0.44106805324554443, 0.5269194841384888, 0.3886912167072296, 0.7558273077011108], "cam_t_m2c": [-160.1108856201172, 288.21795654296875, -44.933467864990234], "obj_id": 2}, {"cam_R_m2c": [0.26258549094200134, -0.3237744867801666, -0.9089658260345459, -0.9600659608840942, 0.006593227852135897, -0.27969592809677124, 0.09655139595270157, 0.946111261844635, -0.3091135621070862], "cam_t_m2c": [-487.1871337890625, 69.90265655517578, -28.908781051635742], "obj_id": 3}, {"cam_R_m2c": [0.006552419625222683, -0.7871822118759155, -0.6166855096817017, 0.9683904051780701, -0.14878392219543457, 0.20020796358585358, -0.24935311079025269, -0.5985041856765747, 0.7613250017166138], "cam_t_m2c": [-281.5638732910156, 340.4021301269531, -192.67054748535156], "obj_id": 4}, {"cam_R_m2c": [0.2927968204021454, 0.9554423093795776, 0.037416405975818634, 0.02715316228568554, -0.04742390662431717, 0.9985056519508362, 0.9557890295982361, -0.2913432717323303, -0.03982881084084511], "cam_t_m2c": [-415.50762939453125, 279.96527099609375, -240.48837280273438], "obj_id": 1}, {"cam_R_m2c": [-0.3267425298690796, 0.9134435653686523, 0.2426115870475769, -0.6986158490180969, -0.060542523860931396, -0.7129310369491577, -0.6365339159965515, -0.40243712067604065, 0.6579278111457825], "cam_t_m2c": [-188.15255737304688, 201.39320373535156, 258.2581481933594], "obj_id": 2}, {"cam_R_m2c": [0.8744828104972839, 0.4829683005809784, -0.04496072605252266, -0.09233950078487396, 0.25675398111343384, 0.962055504322052, 0.4761861562728882, -0.8371493220329285, 0.26912400126457214], "cam_t_m2c": [44.13200378417969, 365.64141845703125, 124.7060317993164], "obj_id": 3}, {"cam_R_m2c": [-0.6120525002479553, -0.3770761787891388, -0.6951296329498291, 0.25455859303474426, 0.7382771968841553, -0.6246172785758972, 0.7487266063690186, -0.5592498183250427, -0.3558764159679413], "cam_t_m2c": [22.963563919067383, 420.2907409667969, 35.934200286865234], "obj_id": 4}]
}