{
  "0": [{"cam_R_m2c": [0.6957195401191711, 0.6708647608757019, -0.2567388415336609, 0.7117711901664734, -0.5957157611846924, 0.3721621036529541, 0.09672705084085464, -0.44165974855422974, -0.8919532895088196], "cam_t_m2c": [22.956483840942383, 4264.41455078125, 4864.048828125], "obj_id": 1}, {"cam_R_m2c": [-0.8355078101158142, 0.3187081515789032, 0.44760629534721375, -0.20532475411891937, 0.5745076537132263, -0.792327344417572, -0.5096744298934937, -0.7539005279541016, -0.41456690430641174], "cam_t_m2c": [22.947263717651367, 4339.087890625, 4848.37548828125], "obj_id": 1}, {"cam_R_m2c": [0.7027533054351807, -0.2533220052719116, -0.664804995059967, 0.06487350910902023, 0.9533829689025879, -0.29470714926719666, 0.708469569683075, 0.1639781892299652, 0.6864269375801086], "cam_t_m2c": [72.27643585205078, 4330.06591796875, 4830.43359375], "obj_id": 0}, {"cam_R_m2c": [-0.8038403391838074, 0.571099579334259, -0.16638994216918945, -0.37148812413215637, -0.7004344463348389, -0.6094160079956055, -0.46458253264427185, -0.4280613958835602, 0.7751944661140442], "cam_t_m2c": [60.47087478637695, 4264.56640625, 4901.2578125], "obj_id": 3}, {"cam_R_m2c": [-0.440332293510437, 0.010853408835828304, -0.8977691531181335, 0.601101279258728, 0.7463206052780151, -0.2858020067214966, 0.6669216752052307, -0.6654981374740601, -0.3351530134677887], "cam_t_m2c": [80.9996566772461, 4283.400390625, 4880.89208984375], "obj_id": 2}, {"cam_R_m2c": [0.3067198395729065, -0.23521700501441956, 0.9222775101661682, -0.14062052965164185, 0.9471503496170044, 0.2883264124393463, -0.9413547515869141, -0.2181265950202942, 0.2574334740638733], "cam_t_m2c": [49.460140228271484, -59.317420959472656, 887.0380859375], "obj_id": 3}, {"cam_R_m2c": [0.019156241789460182, -0.9427043199539185, -0.3330785632133484, -0.9940948486328125, -0.05354714393615723, 0.09438107907772064, -0.10680892318487167, 0.3293037712574005, -0.9381632208824158], "cam_t_m2c": [-10.236844062805176, 2.93434739112854, 819.7259521484375], "obj_id": 2}, {"cam_R_m2c": [0.26197609305381775, 0.8262988328933716, 0.4985966682434082, -0.5504496097564697, 0.5522989630699158, -0.6260758638381958, -0.7927002310752869, -0.11043549329042435, 0.5995250344276428], "cam_t_m2c": [83.89852142333984, -1.327574610710144, 824.3343505859375], "obj_id": 2}, {"cam_R_m2c": [-0.18877384066581726, -0.9446654915809631, 0.26827502250671387, 0.40615981817245483, -0.3238319158554077, -0.8544981479644775, 0.8940909504890442, -0.052344366908073425, 0.4448161721229553], "cam_t_m2c": [83.37059783935547, -63.395015716552734, 891.4472045898438], "obj_id": 0}, {"cam_R_m2c": [-0.6090205311775208, -0.02492702193558216, 0.7927626967430115, 0.6942765712738037, 0.4665224850177765, 0.5480299592018127, -0.38350236415863037, 0.8841580152511597, -0.26681551337242126], "cam_t_m2c": [9.434385299682617, -31.870641708374023, 857.3601684570312], "obj_id": 3}, {"cam_R_m2c": [0.3050025403499603, 0.28716784715652466, 0.908024251461029, -0.9521970152854919, 0.10912849009037018, 0.2853275239467621, -0.017154434695839882, -0.9516436457633972, 0.30672481656074524], "cam_t_m2c": [-19.239713668823242, -44.42045974731445, 870.93017578125], "obj_id": 0}],
  "1": [{"cam_R_m2c": [0.8051636219024658, 0.5722631216049194, 0.15564846992492676, 0.5291694402694702, -0.8117397427558899, 0.24709996581077576, 0.2677522599697113, -0.11659149825572968, -0.9564074873924255], "cam_t_m2c": [-0.09200911223888397, 4812.892578125, 4124.1708984375], "obj_id": 1}, {"cam_R_m2c": [-0.6550825834274292, 0.691317081451416, 0.30487266182899475, -0.09158429503440857, 0.3278777599334717, -0.9402703642845154, -0.749985933303833, -0.6438763737678528, -0.15147313475608826], "cam_t_m2c": [26.480113983154297, 4881.0302734375, 4102.42236328125], "obj_id": 1}, {"cam_R_m2c": [0.4319489002227783, -0.003883806988596916, -0.9018896818161011, 0.027323134243488312, 0.9995880722999573, 0.008781550452113152, 0.9014840722084045, -0.028435636311769485, 0.43187710642814636], "cam_t_m2c": [74.09054565429688, 4857.21142578125, 4104.0361328125], "obj_id": 0}, {"cam_R_m2c": [-0.6888025999069214, 0.447417676448822, -0.5704106092453003, -0.24886079132556915, -0.8849471211433411, -0.39362001419067383, -0.6808958649635315, -0.1291736513376236, 0.7208987474441528], "cam_t_m2c": [22.1972713470459, 4811.08251953125, 4172.04345703125], "obj_id": 3}, {"cam_R_m2c": [-0.43293580412864685, 0.43509364128112793, -0.7894681096076965, 0.8042147755622864, 0.582048237323761, -0.12024295330047607, 0.40719154477119446, -0.686959445476532, -0.6018982529640198], "cam_t_m2c": [52.610347747802734, 4820.2373046875, 4158.546875], "obj_id": 2}, {"cam_R_m2c": [0.5318141579627991, 0.13054165244102478, 0.8367392420768738, -0.3856581747531891, 0.916979968547821, 0.10205613076686859, -0.7539505362510681, -0.37697023153305054, 0.538007378578186], "cam_t_m2c": [17.072063446044922, -63.245906829833984, 847.7470703125], "obj_id": 3}, {"cam_R_m2c": [-0.23757486045360565, -0.971152126789093, 0.02053656056523323, -0.9713653922080994, 0.2374613881111145, -0.00783304963260889, 0.0027304422110319138, -0.021809440106153488, -0.9997584223747253], "cam_t_m2c": [2.2744929790496826, -2.3946990966796875, 758.035888671875], "obj_id": 2}, {"cam_R_m2c": [0.32583150267601013, 0.941943883895874, 0.08108945190906525, -0.7370154857635498, 0.306788831949234, -0.6022365093231201, -0.5921503305435181, 0.13646343350410461, 0.7941886782646179], "cam_t_m2c": [84.70193481445312, -28.15921974182129, 796.019775390625], "obj_id": 2}, {"cam_R_m2c": [-0.33331412076950073, -0.9316167831420898, -0.1448853313922882, 0.6012614965438843, -0.09167115390300751, -0.7937763929367065, 0.7262136340141296, -0.3516908884048462, 0.590700626373291], "cam_t_m2c": [45.165061950683594, -74.42744445800781, 864.231689453125], "obj_id": 0}, {"cam_R_m2c": [-0.22890494763851166, -0.16454941034317017, 0.959440290927887, 0.7345531582832336, 0.6175576448440552, 0.2811656594276428, -0.6387752890586853, 0.7691202759742737, -0.020491614937782288], "cam_t_m2c": [-1.8434580564498901, -33.12934112548828, 803.3471069335938], "obj_id": 3}, {"cam_R_m2c": [0.004895064048469067, 0.5898196697235107, 0.8075200915336609, -0.9830614328384399, -0.14511160552501678, 0.11194992065429688, 0.1832108497619629, -0.7943899035453796, 0.5791186690330505], "cam_t_m2c": [-35.66593933105469, -35.63261032104492, 807.03759765625], "obj_id": 0}]
}