{
  "0": [{"cam_R_m2c": [-0.5805370807647705, 0.3888338506221771, 0.7153913378715515, -0.6114727854728699, -0.7883628606796265, -0.06771181523799896, 0.5376594066619873, -0.47675156593322754, 0.6954353451728821], "cam_t_m2c": [293.48431396484375, -72.45516967773438, 1274.01123046875], "obj_id": 2}, {"cam_R_m2c": [-0.5631046295166016, 0.27257272601127625, -0.780139148235321, 0.23203645646572113, -0.8539087772369385, -0.46583110094070435, -0.7931405901908875, -0.4433324337005615, 0.4175933599472046], "cam_t_m2c": [-1027.738525390625, 7682.73291015625, 13509.9892578125], "obj_id": 1}, {"cam_R_m2c": [-0.6753906607627869, 0.5783649682998657, 0.45753833651542664, -0.7281070947647095, -0.4244702458381653, -0.5382238626480103, -0.11707837879657745, -0.6966482996940613, 0.7077949643135071], "cam_t_m2c": [-3346.48876953125, 5566.74609375, 11560.537109375], "obj_id": 2}],
  "1": [{"cam_R_m2c": [0.8024247288703918, 0.5814345479011536, -0.13434432446956635, 0.35978344082832336, -0.29175564646720886, 0.8862473964691162, 0.4760991632938385, -0.7594817280769348, -0.4433024525642395], "cam_t_m2c": [-12.21323013305664, 379.8484802246094, 808.8400268554688], "obj_id": 2}, {"cam_R_m2c": [-0.07720065861940384, 0.6841243505477905, 0.7252682447433472, -0.9397043585777283, -0.2930072247982025, 0.17635901272296906, 0.33316031098365784, -0.6679226756095886, 0.6654949188232422], "cam_t_m2c": [-6113.94287109375, 11190.279296875, 8391.9658203125], "obj_id": 1}, {"cam_R_m2c": [0.9041022658348083, 0.16236796975135803, 0.39526671171188354, -0.2852080166339874, -0.4595244526863098, 0.8411263823509216, 0.3182067275047302, -0.8731974363327026, -0.3691484332084656], "cam_t_m2c": [-3464.778076171875, 8723.87109375, 9134.640625], "obj_id": 2}]
}