{
  "0": [{"cam_R_m2c": [-0.25930118560791016, 0.5543525815010071, -0.7908578515052795, -0.9516473412513733, -0.2863086462020874, 0.11133147031068802, -0.1647125482559204, 0.7814861536026001, 0.601788341999054], "cam_t_m2c": [-328.84466552734375, 5.6752729415893555, 1338.55078125], "obj_id": 2}, {"cam_R_m2c": [-0.8053187131881714, -0.34556466341018677, 0.4817124307155609, 0.3493441939353943, -0.9330994486808777, -0.08534709364175797, 0.4789785146713257, 0.09955182671546936, 0.8721634149551392], "cam_t_m2c": [1574.2628173828125, 410.3024597167969, -595.3214721679688], "obj_id": 2}, {"cam_R_m2c": [-0.7603992223739624, -0.3805314898490906, 0.5262970328330994, -0.12548121809959412, 0.8811788558959961, 0.4558270573616028, -0.6372183561325073, 0.28057020902633667, -0.7177972793579102], "cam_t_m2c": [-275.8414001464844, 175.81951904296875, 1429.4697265625], "obj_id": 0}, {"cam_R_m2c": [0.6279422044754028, -0.734926164150238, 0.25607046484947205, 0.6318396329879761, 0.2893127202987671, -0.7190805673599243, 0.4543866813182831, 0.6133365035057068, 0.646027147769928], "cam_t_m2c": [-28.503129959106445, -18.453184127807617, 1532.0938720703125], "obj_id": 0}],
  "1": [{"cam_R_m2c": [-0.516385555267334, -0.7354912757873535, -0.43863287568092346, -0.28133222460746765, -0.3380781412124634, 0.8980844020843506, -0.8088253140449524, 0.5871592164039612, -0.03233892470598221], "cam_t_m2c": [-224.79180908203125, 361.20648193359375, 980.6609497070312], "obj_id": 2}, {"cam_R_m2c": [-0.1916690468788147, -0.7097464203834534, -0.6778812408447266, 0.9809520244598389, -0.11632348597049713, -0.15556995570659637, 0.0315617136657238, -0.6947869062423706, 0.7185227870941162], "cam_t_m2c": [1636.1551513671875, -1644.28369140625, 1182.5450439453125], "obj_id": 2}, {"cam_R_m2c": [0.3427373468875885, 0.33628273010253906, 0.8771800994873047, 0.36326882243156433, 0.8136576414108276, -0.4538688659667969, -0.8663525581359863, 0.4742099940776825, 0.15670983493328094], "cam_t_m2c": [-178.1962432861328, 425.79498291015625, 1164.1424560546875], "obj_id": 0}, {"cam_R_m2c": [0.11611475050449371, -0.32699888944625854, -0.9378640651702881, -0.07780097424983978, 0.9383555054664612, -0.33680257201194763, 0.99018394947052, 0.11207447201013565, 0.08351608365774155], "cam_t_m2c": [-364.5089416503906, 164.74827575683594, 1245.59619140625], "obj_id": 0}]
}