{
  "0": [{"cam_R_m2c": [0.6091741919517517, -0.7361739873886108, 0.29488059878349304, -0.5098782777786255, -0.6483768224716187, -0.5653595328330994, 0.6073967814445496, 0.1940491944551468, -0.7703335881233215], "cam_t_m2c": [-113.08113861083984, -87.1864013671875, 218.47817993164062], "obj_id": 1}, {"cam_R_m2c": [0.6091741919517517, -0.7361739873886108, 0.29488059878349304, -0.5098782777786255, -0.6483768224716187, -0.5653595328330994, 0.6073967814445496, 0.1940491944551468, -0.7703335881233215], "cam_t_m2c": [-113.08113861083984, -87.1864013671875, 218.47817993164062], "obj_id": 2}, {"cam_R_m2c": [0.6091741919517517, -0.7361739873886108, 0.29488059878349304, -0.5098782777786255, -0.6483768224716187, -0.5653595328330994, 0.6073967814445496, 0.1940491944551468, -0.7703335881233215], "cam_t_m2c": [-113.08113861083984, -87.1864013671875, 218.47817993164062], "obj_id": 3}, {"cam_R_m2c": [0.6091741919517517, -0.7361739873886108, 0.29488059878349304, -0.5098782777786255, -0.6483768224716187, -0.5653595328330994, 0.6073967814445496, 0.1940491944551468, -0.7703335881233215], "cam_t_m2c": [-113.08113861083984, -87.1864013671875, 218.47817993164062], "obj_id": 1}, {"cam_R_m2c": [0.6091741919517517, -0.7361739873886108, 0.29488059878349304, -0.5098782777786255, -0.6483768224716187, -0.5653595328330994, 0.6073967814445496, 0.1940491944551468, -0.7703335881233215], "cam_t_m2c": [-113.08113861083984, -87.1864013671875, 218.47817993164062], "obj_id": 3}, {"cam_R_m2c": [0.6091741919517517, -0.7361739873886108, 0.29488059878349304, -0.5098782777786255, -0.6483768224716187, -0.5653595328330994, 0.6073967814445496, 0.1940491944551468, -0.7703335881233215], "cam_t_m2c": [-113.08113861083984, -87.1864013671875, 218.47817993164062], "obj_id": 3}, {"cam_R_m2c": [0.6091741919517517, -0.7361739873886108, 0.29488059878349304, -0.5098782777786255, -0.6483768224716187, -0.5653595328330994, 0.6073967814445496, 0.1940491944551468, -0.7703335881233215], "cam_t_m2c": [-113.08113861083984, -87.1864013671875, 218.47817993164062], "obj_id": 1}, {"cam_R_m2c": [0.6091741919517517, -0.7361739873886108, 0.29488059878349304, -0.5098782777786255, -0.6483768224716187, -0.5653595328330994, 0.6073967814445496, 0.1940491944551468, -0.7703335881233215], "cam_t_m2c": [-113.08113861083984, -87.1864013671875, 218.47817993164062], "obj_id": 3}, {"cam_R_m2c": [0.6091741919517517, -0.7361739873886108, 0.29488059878349304, -0.5098782777786255, -0.6483768224716187, -0.5653595328330994, 0.6073967814445496, 0.1940491944551468, -0.7703335881233215], "cam_t_m2c": [-113.08113861083984, -87.1864013671875, 218.47817993164062], "obj_id": 3}, {"cam_R_m2c": [0.6091741919517517, -0.7361739873886108, 0.29488059878349304, -0.5098782777786255, -0.6483768224716187, -0.5653595328330994, 0.6073967814445496, 0.1940491944551468, -0.7703335881233215], "cam_t_m2c": [-113.08113861083984, -87.1864013671875, 218.47817993164062], "obj_id": 3}, {"cam_R_m2c": [0.6091741919517517, -0.7361739873886108, 0.29488059878349304, -0.5098782777786255, -0.6483768224716187, -0.5653595328330994, 0.6073967814445496, 0.1940491944551468, -0.7703335881233215], "cam_t_m2c": [-113.08113861083984, -87.1864013671875, 218.47817993164062], "obj_id": 1}, {"cam_R_m2c": [0.6091741919517517, -0.7361739873886108, 0.29488059878349304, -0.5098782777786255, -0.6483768224716187, -0.5653595328330994, 0.6073967814445496, 0.1940491944551468, -0.7703335881233215], "cam_t_m2c": [-113.08113861083984, -87.1864013671875, 218.47817993164062], "obj_id": 2}, {"cam_R_m2c": [0.6091741919517517, -0.7361739873886108, 0.29488059878349304, -0.5098782777786255, -0.6483768224716187, -0.5653595328330994, 0.6073967814445496, 0.1940491944551468, -0.7703335881233215], "cam_t_m2c": [-113.08113861083984, -87.1864013671875, 218.47817993164062], "obj_id": 1}, {"cam_R_m2c": [0.6091741919517517, -0.7361739873886108, 0.29488059878349304, -0.5098782777786255, -0.6483768224716187, -0.5653595328330994, 0.6073967814445496, 0.1940491944551468, -0.7703335881233215], "cam_t_m2c": [-113.08113861083984, -87.1864013671875, 218.47817993164062], "obj_id": 2}, {"cam_R_m2c": [0.6091741919517517, -0.7361739873886108, 0.29488059878349304, -0.5098782777786255, -0.6483768224716187, -0.5653595328330994, 0.6073967814445496, 0.1940491944551468, -0.7703335881233215], "cam_t_m2c": [-113.08113861083984, -87.1864013671875, 218.47817993164062], "obj_id": 3}, {"cam_R_m2c": [0.6091741919517517, -0.7361739873886108, 0.29488059878349304, -0.5098782777786255, -0.6483768224716187, -0.5653595328330994, 0.6073967814445496, 0.1940491944551468, -0.7703335881233215], "cam_t_m2c": [-113.08113861083984, -87.1864013671875, 218.47817993164062], "obj_id": 1}, {"cam_R_m2c": [0.6091741919517517, -0.7361739873886108, 0.29488059878349304, -0.5098782777786255, -0.6483768224716187, -0.5653595328330994, 0.6073967814445496, 0.1940491944551468, -0.7703335881233215], "cam_t_m2c": [-113.08113861083984, -87.1864013671875, 218.47817993164062], "obj_id": 1}, {"cam_R_m2c": [0.6091741919517517, -0.7361739873886108, 0.29488059878349304, -0.5098782777786255, -0.6483768224716187, -0.5653595328330994, 0.6073967814445496, 0.1940491944551468, -0.7703335881233215], "cam_t_m2c": [-113.08113861083984, -87.1864013671875, 218.47817993164062], "obj_id": 1}, {"cam_R_m2c": [0.6091741919517517, -0.7361739873886108, 0.29488059878349304, -0.5098782777786255, -0.6483768224716187, -0.5653595328330994, 0.6073967814445496, 0.1940491944551468, -0.7703335881233215], "cam_t_m2c": [-113.08113861083984, -87.1864013671875, 218.47817993164062], "obj_id": 1}, {"cam_R_m2c": [0.6091741919517517, -0.7361739873886108, 0.29488059878349304, -0.5098782777786255, -0.6483768224716187, -0.5653595328330994, 0.6073967814445496, 0.1940491944551468, -0.7703335881233215], "cam_t_m2c": [-113.08113861083984, -87.1864013671875, 218.47817993164062], "obj_id": 2}, {"cam_R_m2c": [0.6091741919517517, -0.7361739873886108, 0.29488059878349304, -0.5098782777786255, -0.6483768224716187, -0.5653595328330994, 0.6073967814445496, 0.1940491944551468, -0.7703335881233215], "cam_t_m2c": [-113.08113861083984, -87.1864013671875, 218.47817993164062], "obj_id": 1}, {"cam_R_m2c": [0.6091741919517517, -0.7361739873886108, 0.29488059878349304, -0.5098782777786255, -0.6483768224716187, -0.5653595328330994, 0.6073967814445496, 0.1940491944551468, -0.7703335881233215], "cam_t_m2c": [-113.08113861083984, -87.1864013671875, 218.47817993164062], "obj_id": 2}, {"cam_R_m2c": [0.6091741919517517, -0.7361739873886108, 0.29488059878349304, -0.5098782777786255, -0.6483768224716187, -0.5653595328330994, 0.6073967814445496, 0.1940491944551468, -0.7703335881233215], "cam_t_m2c": [-113.08113861083984, -87.1864013671875, 218.47817993164062], "obj_id": 3}, {"cam_R_m2c": [0.6091741919517517, -0.7361739873886108, 0.29488059878349304, -0.5098782777786255, -0.6483768224716187, -0.5653595328330994, 0.6073967814445496, 0.1940491944551468, -0.7703335881233215], "cam_t_m2c": [-113.08113861083984, -87.1864013671875, 218.47817993164062], "obj_id": 1}, {"cam_R_m2c": [0.39071595668792725, -0.5578615665435791, 0.7322099804878235, -0.3006753623485565, -0.8291516900062561, -0.4712763726711273, 0.8700202703475952, -0.03602234646677971, -0.49169793725013733], "cam_t_m2c": [-2547.82861328125, 4277.41064453125, 6417.76708984375], "obj_id": 0}, {"cam_R_m2c": [0.40533319115638733, -0.790316104888916, -0.45946204662323, 0.6504783034324646, 0.6024848818778992, -0.4624822735786438, 0.6423261761665344, -0.1114106997847557, 0.7582906484603882], "cam_t_m2c": [-282.7000427246094, -50.74382019042969, 94.59027862548828], "obj_id": 3}, {"cam_R_m2c": [-0.1282351315021515, -0.6782752275466919, 0.7235318422317505, -0.030974870547652245, 0.7319385409355164, 0.6806662082672119, -0.9912599325180054, 0.0648740604519844, -0.11486971378326416], "cam_t_m2c": [3.0251619815826416, -126.06733703613281, 253.0463104248047], "obj_id": 3}, {"cam_R_m2c": [0.6015921831130981, -0.7866602540016174, -0.1387532353401184, -0.6507107615470886, -0.583360493183136, 0.4860718846321106, -0.46331658959388733, -0.2021288126707077, -0.8628333806991577], "cam_t_m2c": [-68.21997833251953, 33.78514862060547, 109.48664093017578], "obj_id": 1}, {"cam_R_m2c": [-0.33277541399002075, 0.9358677864074707, -0.11580916494131088, -0.30818846821784973, 0.008132204413414001, 0.951290488243103, 0.8912239670753479, 0.35225725173950195, 0.28571760654449463], "cam_t_m2c": [-125.51889038085938, -229.2201385498047, 351.5597229003906], "obj_id": 1}, {"cam_R_m2c": [0.03842261806130409, 0.6373165845870972, 0.7696436047554016, 0.6129859685897827, -0.6233017444610596, 0.48553383350372314, 0.7891589999198914, 0.4531252384185791, -0.41461503505706787], "cam_t_m2c": [-2373.330810546875, 4324.357421875, 6444.0107421875], "obj_id": 0}, {"cam_R_m2c": [0.6103056073188782, 0.2677127718925476, -0.7455580830574036, 0.7328145503997803, 0.1666351705789566, 0.6597086787223816, 0.3008486330509186, -0.9489797353744507, -0.09448542445898056], "cam_t_m2c": [-95.53897857666016, 106.63370513916016, 37.10344314575195], "obj_id": 0}, {"cam_R_m2c": [0.08330773562192917, -0.7152655124664307, 0.6938696503639221, 0.08240419626235962, 0.6988499164581299, 0.7105057239532471, -0.9931109547615051, -0.0020128439646214247, 0.11716048419475555], "cam_t_m2c": [8.007927894592285, -24.289899826049805, 182.1336212158203], "obj_id": 3}],
  "1": [{"cam_R_m2c": [0.7460834980010986, -0.5063660740852356, 0.43238046765327454, -0.10557780414819717, -0.7311128377914429, -0.6740380525588989, 0.6574289202690125, 0.4572388827800751, -0.5989322662353516], "cam_t_m2c": [-83.73429870605469, -92.09280395507812, 266.4862976074219], "obj_id": 1}, {"cam_R_m2c": [0.7460834980010986, -0.5063660740852356, 0.43238046765327454, -0.10557780414819717, -0.7311128377914429, -0.6740380525588989, 0.6574289202690125, 0.4572388827800751, -0.5989322662353516], "cam_t_m2c": [-83.73429870605469, -92.09280395507812, 266.4862976074219], "obj_id": 2}, {"cam_R_m2c": [0.7460834980010986, -0.5063660740852356, 0.43238046765327454, -0.10557780414819717, -0.7311128377914429, -0.6740380525588989, 0.6574289202690125, 0.4572388827800751, -0.5989322662353516], "cam_t_m2c": [-83.73429870605469, -92.09280395507812, 266.4862976074219], "obj_id": 3}, {"cam_R_m2c": [0.7460834980010986, -0.5063660740852356, 0.43238046765327454, -0.10557780414819717, -0.7311128377914429, -0.6740380525588989, 0.6574289202690125, 0.4572388827800751, -0.5989322662353516], "cam_t_m2c": [-83.73429870605469, -92.09280395507812, 266.4862976074219], "obj_id": 1}, {"cam_R_m2c": [0.7460834980010986, -0.5063660740852356, 0.43238046765327454, -0.10557780414819717, -0.7311128377914429, -0.6740380525588989, 0.6574289202690125, 0.4572388827800751, -0.5989322662353516], "cam_t_m2c": [-83.73429870605469, -92.09280395507812, 266.4862976074219], "obj_id": 3}, {"cam_R_m2c": [0.7460834980010986, -0.5063660740852356, 0.43238046765327454, -0.10557780414819717, -0.7311128377914429, -0.6740380525588989, 0.6574289202690125, 0.4572388827800751, -0.5989322662353516], "cam_t_m2c": [-83.73429870605469, -92.09280395507812, 266.4862976074219], "obj_id": 3}, {"cam_R_m2c": [0.7460834980010986, -0.5063660740852356, 0.43238046765327454, -0.10557780414819717, -0.7311128377914429, -0.6740380525588989, 0.6574289202690125, 0.4572388827800751, -0.5989322662353516], "cam_t_m2c": [-83.73429870605469, -92.09280395507812, 266.4862976074219], "obj_id": 1}, {"cam_R_m2c": [0.7460834980010986, -0.5063660740852356, 0.43238046765327454, -0.10557780414819717, -0.7311128377914429, -0.6740380525588989, 0.6574289202690125, 0.4572388827800751, -0.5989322662353516], "cam_t_m2c": [-83.73429870605469, -92.09280395507812, 266.4862976074219], "obj_id": 3}, {"cam_R_m2c": [0.7460834980010986, -0.5063660740852356, 0.43238046765327454, -0.10557780414819717, -0.7311128377914429, -0.6740380525588989, 0.6574289202690125, 0.4572388827800751, -0.5989322662353516], "cam_t_m2c": [-83.73429870605469, -92.09280395507812, 266.4862976074219], "obj_id": 3}, {"cam_R_m2c": [0.7460834980010986, -0.5063660740852356, 0.43238046765327454, -0.10557780414819717, -0.7311128377914429, -0.6740380525588989, 0.6574289202690125, 0.4572388827800751, -0.5989322662353516], "cam_t_m2c": [-83.73429870605469, -92.09280395507812, 266.4862976074219], "obj_id": 3}, {"cam_R_m2c": [0.7460834980010986, -0.5063660740852356, 0.43238046765327454, -0.10557780414819717, -0.7311128377914429, -0.6740380525588989, 0.6574289202690125, 0.4572388827800751, -0.5989322662353516], "cam_t_m2c": [-83.73429870605469, -92.09280395507812, 266.4862976074219], "obj_id": 1}, {"cam_R_m2c": [0.7460834980010986, -0.5063660740852356, 0.43238046765327454, -0.10557780414819717, -0.7311128377914429, -0.6740380525588989, 0.6574289202690125, 0.4572388827800751, -0.5989322662353516], "cam_t_m2c": [-83.73429870605469, -92.09280395507812, 266.4862976074219], "obj_id": 2}, {"cam_R_m2c": [0.7460834980010986, -0.5063660740852356, 0.43238046765327454, -0.10557780414819717, -0.7311128377914429, -0.6740380525588989, 0.6574289202690125, 0.4572388827800751, -0.5989322662353516], "cam_t_m2c": [-83.73429870605469, -92.09280395507812, 266.4862976074219], "obj_id": 1}, {"cam_R_m2c": [0.7460834980010986, -0.5063660740852356, 0.43238046765327454, -0.10557780414819717, -0.7311128377914429, -0.6740380525588989, 0.6574289202690125, 0.4572388827800751, -0.5989322662353516], "cam_t_m2c": [-83.73429870605469, -92.09280395507812, 266.4862976074219], "obj_id": 2}, {"cam_R_m2c": [0.7460834980010986, -0.5063660740852356, 0.43238046765327454, -0.10557780414819717, -0.7311128377914429, -0.6740380525588989, 0.6574289202690125, 0.4572388827800751, -0.5989322662353516], "cam_t_m2c": [-83.73429870605469, -92.09280395507812, 266.4862976074219], "obj_id": 3}, {"cam_R_m2c": [0.7460834980010986, -0.5063660740852356, 0.43238046765327454, -0.10557780414819717, -0.7311128377914429, -0.6740380525588989, 0.6574289202690125, 0.4572388827800751, -0.5989322662353516], "cam_t_m2c": [-83.73429870605469, -92.09280395507812, 266.4862976074219], "obj_id": 1}, {"cam_R_m2c": [0.7460834980010986, -0.5063660740852356, 0.43238046765327454, -0.10557780414819717, -0.7311128377914429, -0.6740380525588989, 0.6574289202690125, 0.4572388827800751, -0.5989322662353516], "cam_t_m2c": [-83.73429870605469, -92.09280395507812, 266.4862976074219], "obj_id": 1}, {"cam_R_m2c": [0.7460834980010986, -0.5063660740852356, 0.43238046765327454, -0.10557780414819717, -0.7311128377914429, -0.6740380525588989, 0.6574289202690125, 0.4572388827800751, -0.5989322662353516], "cam_t_m2c": [-83.73429870605469, -92.09280395507812, 266.4862976074219], "obj_id": 1}, {"cam_R_m2c": [0.7460834980010986, -0.5063660740852356, 0.43238046765327454, -0.10557780414819717, -0.7311128377914429, -0.6740380525588989, 0.6574289202690125, 0.4572388827800751, -0.5989322662353516], "cam_t_m2c": [-83.73429870605469, -92.09280395507812, 266.4862976074219], "obj_id": 1}, {"cam_R_m2c": [0.7460834980010986, -0.5063660740852356, 0.43238046765327454, -0.10557780414819717, -0.7311128377914429, -0.6740380525588989, 0.6574289202690125, 0.4572388827800751, -0.5989322662353516], "cam_t_m2c": [-83.73429870605469, -92.09280395507812, 266.4862976074219], "obj_id": 2}, {"cam_R_m2c": [0.7460834980010986, -0.5063660740852356, 0.43238046765327454, -0.10557780414819717, -0.7311128377914429, -0.6740380525588989, 0.6574289202690125, 0.4572388827800751, -0.5989322662353516], "cam_t_m2c": [-83.73429870605469, -92.09280395507812, 266.4862976074219], "obj_id": 1}, {"cam_R_m2c": [0.7460834980010986, -0.5063660740852356, 0.43238046765327454, -0.10557780414819717, -0.7311128377914429, -0.6740380525588989, 0.6574289202690125, 0.4572388827800751, -0.5989322662353516], "cam_t_m2c": [-83.73429870605469, -92.09280395507812, 266.4862976074219], "obj_id": 2}, {"cam_R_m2c": [0.7460834980010986, -0.5063660740852356, 0.43238046765327454, -0.10557780414819717, -0.7311128377914429, -0.6740380525588989, 0.6574289202690125, 0.4572388827800751, -0.5989322662353516], "cam_t_m2c": [-83.73429870605469, -92.09280395507812, 266.4862976074219], "obj_id": 3}, {"cam_R_m2c": [0.7460834980010986, -0.5063660740852356, 0.43238046765327454, -0.10557780414819717, -0.7311128377914429, -0.6740380525588989, 0.6574289202690125, 0.4572388827800751, -0.5989322662353516], "cam_t_m2c": [-83.73429870605469, -92.09280395507812, 266.4862976074219], "obj_id": 1}, {"cam_R_m2c": [0.48120155930519104, -0.2875334620475769, 0.8281120657920837, 0.10672950744628906, -0.9184305667877197, -0.3809121251106262, 0.8700883984565735, 0.27167949080467224, -0.4112618565559387], "cam_t_m2c": [-3567.31982421875, 5146.98486328125, 5147.63134765625], "obj_id": 0}, {"cam_R_m2c": [0.20812579989433289, -0.9356661438941956, -0.28497806191444397, 0.9039736986160278, 0.29527074098587036, -0.30926793813705444, 0.3735172152519226, -0.1932460516691208, 0.9072710871696472], "cam_t_m2c": [-259.1927490234375, -144.44529724121094, 157.3057098388672], "obj_id": 3}, {"cam_R_m2c": [-0.13489004969596863, -0.8632336258888245, 0.4864489436149597, -0.37393537163734436, 0.49898287653923035, 0.7817854285240173, -0.9175931215286255, -0.07644544541835785, -0.39010143280029297], "cam_t_m2c": [39.40507888793945, -84.65870666503906, 297.6116638183594], "obj_id": 3}, {"cam_R_m2c": [0.7572323679924011, -0.5824981927871704, -0.295457124710083, -0.5710572004318237, -0.810004711151123, 0.13336396217346191, -0.3170059323310852, 0.06773540377616882, -0.9460015892982483], "cam_t_m2c": [-79.15535736083984, -3.933018922805786, 122.49783325195312], "obj_id": 1}, {"cam_R_m2c": [-0.20687487721443176, 0.8988163471221924, -0.38643497228622437, -0.09252645075321198, 0.37523525953292847, 0.9223000407218933, 0.9739823341369629, 0.22655616700649261, 0.005537536460906267], "cam_t_m2c": [-50.58451843261719, -182.92974853515625, 435.8637390136719], "obj_id": 1}, {"cam_R_m2c": [-0.12786535918712616, 0.803220272064209, 0.5817968845367432, 0.8149330019950867, -0.24925287067890167, 0.5232180953025818, 0.5652739405632019, 0.5410269498825073, -0.6226998567581177], "cam_t_m2c": [-3414.06396484375, 5245.890625, 5139.11865234375], "obj_id": 0}, {"cam_R_m2c": [0.37195560336112976, 0.1854710876941681, -0.9095324873924255, 0.9282481670379639, -0.0721304714679718, 0.36490049958229065, 0.002073401352390647, -0.9799987077713013, -0.19899249076843262], "cam_t_m2c": [-128.4219207763672, 32.09236145019531, 35.50618362426758], "obj_id": 0}, {"cam_R_m2c": [0.033421844244003296, -0.8901984691619873, 0.4543451964855194, -0.21325398981571198, 0.4377782940864563, 0.8734259605407715, -0.9764249324798584, -0.1260824054479599, -0.1752070039510727], "cam_t_m2c": [12.432618141174316, -12.990195274353027, 199.8968048095703], "obj_id": 3}]
}