{
  "0": [{"cam_R_m2c": [0.43875980377197266, 0.8697896599769592, -0.2257337123155594, 0.7152253985404968, -0.49010026454925537, -0.49825116991996765, -0.5440059304237366, 0.0571620836853981, -0.837131917476654], "cam_t_m2c": [160.61358642578125, -89.6092300415039, 221.09999084472656], "obj_id": 0}, {"cam_R_m2c": [0.43875980377197266, 0.8697896599769592, -0.2257337123155594, 0.7152253985404968, -0.49010026454925537, -0.49825116991996765, -0.5440059304237366, 0.0571620836853981, -0.837131917476654], "cam_t_m2c": [160.61358642578125, -89.6092300415039, 221.09999084472656], "obj_id": 0}, {"cam_R_m2c": [0.43875980377197266, 0.8697896599769592, -0.2257337123155594, 0.7152253985404968, -0.49010026454925537, -0.49825116991996765, -0.5440059304237366, 0.0571620836853981, -0.837131917476654], "cam_t_m2c": [160.61358642578125, -89.6092300415039, 221.09999084472656], "obj_id": 2}, {"cam_R_m2c": [0.43875980377197266, 0.8697896599769592, -0.2257337123155594, 0.7152253985404968, -0.49010026454925537, -0.49825116991996765, -0.5440059304237366, 0.0571620836853981, -0.837131917476654], "cam_t_m2c": [160.61358642578125, -89.6092300415039, 221.09999084472656], "obj_id": 3}, {"cam_R_m2c": [0.43875980377197266, 0.8697896599769592, -0.2257337123155594, 0.7152253985404968, -0.49010026454925537, -0.49825116991996765, -0.5440059304237366, 0.0571620836853981, -0.837131917476654], "cam_t_m2c": [160.61358642578125, -89.6092300415039, 221.09999084472656], "obj_id": 0}, {"cam_R_m2c": [0.43875980377197266, 0.8697896599769592, -0.2257337123155594, 0.7152253985404968, -0.49010026454925537, -0.49825116991996765, -0.5440059304237366, 0.0571620836853981, -0.837131917476654], "cam_t_m2c": [160.61358642578125, -89.6092300415039, 221.09999084472656], "obj_id": 1}, {"cam_R_m2c": [0.43875980377197266, 0.8697896599769592, -0.2257337123155594, 0.7152253985404968, -0.49010026454925537, -0.49825116991996765, -0.5440059304237366, 0.0571620836853981, -0.837131917476654], "cam_t_m2c": [160.61358642578125, -89.6092300415039, 221.09999084472656], "obj_id": 2}, {"cam_R_m2c": [0.43875980377197266, 0.8697896599769592, -0.2257337123155594, 0.7152253985404968, -0.49010026454925537, -0.49825116991996765, -0.5440059304237366, 0.0571620836853981, -0.837131917476654], "cam_t_m2c": [160.61358642578125, -89.6092300415039, 221.09999084472656], "obj_id": 0}, {"cam_R_m2c": [0.43875980377197266, 0.8697896599769592, -0.2257337123155594, 0.7152253985404968, -0.49010026454925537, -0.49825116991996765, -0.5440059304237366, 0.0571620836853981, -0.837131917476654], "cam_t_m2c": [160.61358642578125, -89.6092300415039, 221.09999084472656], "obj_id": 2}, {"cam_R_m2c": [0.43875980377197266, 0.8697896599769592, -0.2257337123155594, 0.7152253985404968, -0.49010026454925537, -0.49825116991996765, -0.5440059304237366, 0.0571620836853981, -0.837131917476654], "cam_t_m2c": [160.61358642578125, -89.6092300415039, 221.09999084472656], "obj_id": 1}, {"cam_R_m2c": [0.43875980377197266, 0.8697896599769592, -0.2257337123155594, 0.7152253985404968, -0.49010026454925537, -0.49825116991996765, -0.5440059304237366, 0.0571620836853981, -0.837131917476654], "cam_t_m2c": [160.61358642578125, -89.6092300415039, 221.09999084472656], "obj_id": 1}, {"cam_R_m2c": [0.43875980377197266, 0.8697896599769592, -0.2257337123155594, 0.7152253985404968, -0.49010026454925537, -0.49825116991996765, -0.5440059304237366, 0.0571620836853981, -0.837131917476654], "cam_t_m2c": [160.61358642578125, -89.6092300415039, 221.09999084472656], "obj_id": 1}, {"cam_R_m2c": [0.43875980377197266, 0.8697896599769592, -0.2257337123155594, 0.7152253985404968, -0.49010026454925537, -0.49825116991996765, -0.5440059304237366, 0.0571620836853981, -0.837131917476654], "cam_t_m2c": [160.61358642578125, -89.6092300415039, 221.09999084472656], "obj_id": 0}, {"cam_R_m2c": [0.43875980377197266, 0.8697896599769592, -0.2257337123155594, 0.7152253985404968, -0.49010026454925537, -0.49825116991996765, -0.5440059304237366, 0.0571620836853981, -0.837131917476654], "cam_t_m2c": [160.61358642578125, -89.6092300415039, 221.09999084472656], "obj_id": 3}, {"cam_R_m2c": [0.43875980377197266, 0.8697896599769592, -0.2257337123155594, 0.7152253985404968, -0.49010026454925537, -0.49825116991996765, -0.5440059304237366, 0.0571620836853981, -0.837131917476654], "cam_t_m2c": [160.61358642578125, -89.6092300415039, 221.09999084472656], "obj_id": 1}, {"cam_R_m2c": [0.43875980377197266, 0.8697896599769592, -0.2257337123155594, 0.7152253985404968, -0.49010026454925537, -0.49825116991996765, -0.5440059304237366, 0.0571620836853981, -0.837131917476654], "cam_t_m2c": [160.61358642578125, -89.6092300415039, 221.09999084472656], "obj_id": 2}, {"cam_R_m2c": [0.43875980377197266, 0.8697896599769592, -0.2257337123155594, 0.7152253985404968, -0.49010026454925537, -0.49825116991996765, -0.5440059304237366, 0.0571620836853981, -0.837131917476654], "cam_t_m2c": [160.61358642578125, -89.6092300415039, 221.09999084472656], "obj_id": 3}, {"cam_R_m2c": [0.43875980377197266, 0.8697896599769592, -0.2257337123155594, 0.7152253985404968, -0.49010026454925537, -0.49825116991996765, -0.5440059304237366, 0.0571620836853981, -0.837131917476654], "cam_t_m2c": [160.61358642578125, -89.6092300415039, 221.09999084472656], "obj_id": 0}, {"cam_R_m2c": [0.43875980377197266, 0.8697896599769592, -0.2257337123155594, 0.7152253985404968, -0.49010026454925537, -0.49825116991996765, -0.5440059304237366, 0.0571620836853981, -0.837131917476654], "cam_t_m2c": [160.61358642578125, -89.6092300415039, 221.09999084472656], "obj_id": 1}, {"cam_R_m2c": [0.43875980377197266, 0.8697896599769592, -0.2257337123155594, 0.7152253985404968, -0.49010026454925537, -0.49825116991996765, -0.5440059304237366, 0.0571620836853981, -0.837131917476654], "cam_t_m2c": [160.61358642578125, -89.6092300415039, 221.09999084472656], "obj_id": 1}, {"cam_R_m2c": [0.43875980377197266, 0.8697896599769592, -0.2257337123155594, 0.7152253985404968, -0.49010026454925537, -0.49825116991996765, -0.5440059304237366, 0.0571620836853981, -0.837131917476654], "cam_t_m2c": [160.61358642578125, -89.6092300415039, 221.09999084472656], "obj_id": 0}, {"cam_R_m2c": [0.43875980377197266, 0.8697896599769592, -0.2257337123155594, 0.7152253985404968, -0.49010026454925537, -0.49825116991996765, -0.5440059304237366, 0.0571620836853981, -0.837131917476654], "cam_t_m2c": [160.61358642578125, -89.6092300415039, 221.09999084472656], "obj_id": 0}, {"cam_R_m2c": [0.43875980377197266, 0.8697896599769592, -0.2257337123155594, 0.7152253985404968, -0.49010026454925537, -0.49825116991996765, -0.5440059304237366, 0.0571620836853981, -0.837131917476654], "cam_t_m2c": [160.61358642578125, -89.6092300415039, 221.09999084472656], "obj_id": 3}, {"cam_R_m2c": [0.43875980377197266, 0.8697896599769592, -0.2257337123155594, 0.7152253985404968, -0.49010026454925537, -0.49825116991996765, -0.5440059304237366, 0.0571620836853981, -0.837131917476654], "cam_t_m2c": [160.61358642578125, -89.6092300415039, 221.09999084472656], "obj_id": 3}, {"cam_R_m2c": [-0.5194951891899109, -0.8072261214256287, 0.2801976203918457, -0.3532162308692932, 0.5014612078666687, 0.7897942066192627, -0.7780507802963257, 0.31132397055625916, -0.5456320643424988], "cam_t_m2c": [524.0772705078125, 124.31697082519531, 4.3363776206970215], "obj_id": 0}, {"cam_R_m2c": [0.5728222131729126, -0.368537962436676, -0.7321573495864868, 0.6272216439247131, -0.3779706656932831, 0.6809779405593872, -0.5277003049850464, -0.8493042588233948, 0.014645054936408997], "cam_t_m2c": [167.08096313476562, -83.10160064697266, 197.53237915039062], "obj_id": 3}, {"cam_R_m2c": [0.43238565325737, -0.8793627619743347, -0.1994086056947708, -0.8212499618530273, -0.29275622963905334, -0.4897369146347046, 0.37227827310562134, 0.3755195140838623, -0.8487602472305298], "cam_t_m2c": [319.3358459472656, -74.64336395263672, 152.1178436279297], "obj_id": 3}, {"cam_R_m2c": [-0.46881380677223206, 0.2898064851760864, -0.8344013690948486, -0.7910058498382568, -0.5581404566764832, 0.2505769431591034, -0.39309442043304443, 0.7774903178215027, 0.49090275168418884], "cam_t_m2c": [-13.418601036071777, 18.7932186126709, 171.63992309570312], "obj_id": 3}, {"cam_R_m2c": [0.19265151023864746, -0.09928061068058014, 0.9762318730354309, -0.23349863290786743, -0.9709299206733704, -0.05266235023736954, 0.9530811905860901, -0.21780334413051605, -0.2102329581975937], "cam_t_m2c": [1700.5794677734375, 3789.3359375, 6683.6171875], "obj_id": 2}]
}