{
  "0": [{"cam_R_m2c": [0.5842692255973816, -0.7643423676490784, -0.27278223633766174, 0.023022394627332687, -0.32037532329559326, 0.9470108151435852, -0.8112332820892334, -0.5595893859863281, -0.16958841681480408], "cam_t_m2c": [1200.8580322265625, -5175.4296875, -14405.8349609375], "obj_id": 1}, {"cam_R_m2c": [-0.009301139973104, 0.4610348641872406, -0.887333333492279, 0.4883056879043579, 0.7764685750007629, 0.39831405878067017, 0.8726231455802917, -0.42958512902259827, -0.2323479950428009], "cam_t_m2c": [25.686094284057617, 150.6901397705078, 882.8519287109375], "obj_id": 1}, {"cam_R_m2c": [-0.49907827377319336, -0.6889086365699768, 0.5256668329238892, -0.07320166379213333, 0.6379637122154236, 0.766579270362854, -0.8634594082832336, 0.34410345554351807, -0.3688230514526367], "cam_t_m2c": [2217.62939453125, 1469.01318359375, 11583.775390625], "obj_id": 3}, {"cam_R_m2c": [0.031996820122003555, 0.539850115776062, 0.8411527276039124, 0.9763613343238831, -0.19687388837337494, 0.08921334892511368, 0.21376292407512665, 0.8184145092964172, -0.5333880186080933], "cam_t_m2c": [-863.571533203125, -487.7109069824219, 10021.5537109375], "obj_id": 1}],
  "1": [{"cam_R_m2c": [0.6186019778251648, -0.41888806223869324, 0.6647287607192993, -0.4795985817909241, 0.4688186049461365, 0.7417507767677307, -0.6223477721214294, -0.7776514887809753, 0.0891140028834343], "cam_t_m2c": [2409.036376953125, -3825.030029296875, -14861.1591796875], "obj_id": 1}, {"cam_R_m2c": [0.04349130019545555, 0.9980071783065796, -0.04571693763136864, 0.2729056477546692, 0.03215213865041733, 0.961503267288208, 0.9610571265220642, -0.05429336801171303, -0.2709634006023407], "cam_t_m2c": [152.56886291503906, 59.91912078857422, 736.92724609375], "obj_id": 1}, {"cam_R_m2c": [0.021623997017741203, 0.02084438130259514, 0.9995487928390503, 0.37925079464912415, 0.9248853921890259, -0.027491960674524307, -0.925041139125824, 0.37967419624328613, 0.012094474397599697], "cam_t_m2c": [-1793.32275390625, -1059.888427734375, 11508.064453125], "obj_id": 3}, {"cam_R_m2c": [0.6943031549453735, -0.19420751929283142, 0.692983865737915, 0.501706063747406, -0.5597440004348755, -0.6595284938812256, 0.5159788727760315, 0.8055869340896606, -0.29119691252708435], "cam_t_m2c": [-4263.142578125, 470.5931396484375, 8802.5400390625], "obj_id": 1}]
}