{
  "0": [{"cam_R_m2c": [-0.6048535108566284, -0.7481629252433777, 0.27277180552482605, -0.6333996057510376, 0.2443840205669403, -0.7342215776443481, 0.4826563000679016, -0.6168700456619263, -0.6217026114463806], "cam_t_m2c": [-163.2526397705078, 66.53990173339844, 130.39010620117188], "obj_id": 0}, {"cam_R_m2c": [-0.6048535108566284, -0.7481629252433777, 0.27277180552482605, -0.6333996057510376, 0.2443840205669403, -0.7342215776443481, 0.4826563000679016, -0.6168700456619263, -0.6217026114463806], "cam_t_m2c": [-163.2526397705078, 66.53990173339844, 130.39010620117188], "obj_id": 0}, {"cam_R_m2c": [-0.6048535108566284, -0.7481629252433777, 0.27277180552482605, -0.6333996057510376, 0.2443840205669403, -0.7342215776443481, 0.4826563000679016, -0.6168700456619263, -0.6217026114463806], "cam_t_m2c": [-163.2526397705078, 66.53990173339844, 130.39010620117188], "obj_id": 2}, {"cam_R_m2c": [-0.6048535108566284, -0.7481629252433777, 0.27277180552482605, -0.6333996057510376, 0.2443840205669403, -0.7342215776443481, 0.4826563000679016, -0.6168700456619263, -0.6217026114463806], "cam_t_m2c": [-163.2526397705078, 66.53990173339844, 130.39010620117188], "obj_id": 3}, {"cam_R_m2c": [-0.6048535108566284, -0.7481629252433777, 0.27277180552482605, -0.6333996057510376, 0.2443840205669403, -0.7342215776443481, 0.4826563000679016, -0.6168700456619263, -0.6217026114463806], "cam_t_m2c": [-163.2526397705078, 66.53990173339844, 130.39010620117188], "obj_id": 0}, {"cam_R_m2c": [-0.6048535108566284, -0.7481629252433777, 0.27277180552482605, -0.6333996057510376, 0.2443840205669403, -0.7342215776443481, 0.4826563000679016, -0.6168700456619263, -0.6217026114463806], "cam_t_m2c": [-163.2526397705078, 66.53990173339844, 130.39010620117188], "obj_id": 1}, {"cam_R_m2c": [-0.6048535108566284, -0.7481629252433777, 0.27277180552482605, -0.6333996057510376, 0.2443840205669403, -0.7342215776443481, 0.4826563000679016, -0.6168700456619263, -0.6217026114463806], "cam_t_m2c": [-163.2526397705078, 66.53990173339844, 130.39010620117188], "obj_id": 2}, {"cam_R_m2c": [-0.6048535108566284, -0.7481629252433777, 0.27277180552482605, -0.6333996057510376, 0.2443840205669403, -0.7342215776443481, 0.4826563000679016, -0.6168700456619263, -0.6217026114463806], "cam_t_m2c": [-163.2526397705078, 66.53990173339844, 130.39010620117188], "obj_id": 0}, {"cam_R_m2c": [-0.6048535108566284, -0.7481629252433777, 0.27277180552482605, -0.6333996057510376, 0.2443840205669403, -0.7342215776443481, 0.4826563000679016, -0.6168700456619263, -0.6217026114463806], "cam_t_m2c": [-163.2526397705078, 66.53990173339844, 130.39010620117188], "obj_id": 2}, {"cam_R_m2c": [-0.6048535108566284, -0.7481629252433777, 0.27277180552482605, -0.6333996057510376, 0.2443840205669403, -0.7342215776443481, 0.4826563000679016, -0.6168700456619263, -0.6217026114463806], "cam_t_m2c": [-163.2526397705078, 66.53990173339844, 130.39010620117188], "obj_id": 1}, {"cam_R_m2c": [-0.6048535108566284, -0.7481629252433777, 0.27277180552482605, -0.6333996057510376, 0.2443840205669403, -0.7342215776443481, 0.4826563000679016, -0.6168700456619263, -0.6217026114463806], "cam_t_m2c": [-163.2526397705078, 66.53990173339844, 130.39010620117188], "obj_id": 1}, {"cam_R_m2c": [-0.6048535108566284, -0.7481629252433777, 0.27277180552482605, -0.6333996057510376, 0.2443840205669403, -0.7342215776443481, 0.4826563000679016, -0.6168700456619263, -0.6217026114463806], "cam_t_m2c": [-163.2526397705078, 66.53990173339844, 130.39010620117188], "obj_id": 1}, {"cam_R_m2c": [-0.6048535108566284, -0.7481629252433777, 0.27277180552482605, -0.6333996057510376, 0.2443840205669403, -0.7342215776443481, 0.4826563000679016, -0.6168700456619263, -0.6217026114463806], "cam_t_m2c": [-163.2526397705078, 66.53990173339844, 130.39010620117188], "obj_id": 0}, {"cam_R_m2c": [-0.6048535108566284, -0.7481629252433777, 0.27277180552482605, -0.6333996057510376, 0.2443840205669403, -0.7342215776443481, 0.4826563000679016, -0.6168700456619263, -0.6217026114463806], "cam_t_m2c": [-163.2526397705078, 66.53990173339844, 130.39010620117188], "obj_id": 3}, {"cam_R_m2c": [-0.6048535108566284, -0.7481629252433777, 0.27277180552482605, -0.6333996057510376, 0.2443840205669403, -0.7342215776443481, 0.4826563000679016, -0.6168700456619263, -0.6217026114463806], "cam_t_m2c": [-163.2526397705078, 66.53990173339844, 130.39010620117188], "obj_id": 1}, {"cam_R_m2c": [-0.6048535108566284, -0.7481629252433777, 0.27277180552482605, -0.6333996057510376, 0.2443840205669403, -0.7342215776443481, 0.4826563000679016, -0.6168700456619263, -0.6217026114463806], "cam_t_m2c": [-163.2526397705078, 66.53990173339844, 130.39010620117188], "obj_id": 2}, {"cam_R_m2c": [-0.6048535108566284, -0.7481629252433777, 0.27277180552482605, -0.6333996057510376, 0.2443840205669403, -0.7342215776443481, 0.4826563000679016, -0.6168700456619263, -0.6217026114463806], "cam_t_m2c": [-163.2526397705078, 66.53990173339844, 130.39010620117188], "obj_id": 3}, {"cam_R_m2c": [-0.6048535108566284, -0.7481629252433777, 0.27277180552482605, -0.6333996057510376, 0.2443840205669403, -0.7342215776443481, 0.4826563000679016, -0.6168700456619263, -0.6217026114463806], "cam_t_m2c": [-163.2526397705078, 66.53990173339844, 130.39010620117188], "obj_id": 0}, {"cam_R_m2c": [-0.6048535108566284, -0.7481629252433777, 0.27277180552482605, -0.6333996057510376, 0.2443840205669403, -0.7342215776443481, 0.4826563000679016, -0.6168700456619263, -0.6217026114463806], "cam_t_m2c": [-163.2526397705078, 66.53990173339844, 130.39010620117188], "obj_id": 1}, {"cam_R_m2c": [-0.6048535108566284, -0.7481629252433777, 0.27277180552482605, -0.6333996057510376, 0.2443840205669403, -0.7342215776443481, 0.4826563000679016, -0.6168700456619263, -0.6217026114463806], "cam_t_m2c": [-163.2526397705078, 66.53990173339844, 130.39010620117188], "obj_id": 1}, {"cam_R_m2c": [-0.6048535108566284, -0.7481629252433777, 0.27277180552482605, -0.6333996057510376, 0.2443840205669403, -0.7342215776443481, 0.4826563000679016, -0.6168700456619263, -0.6217026114463806], "cam_t_m2c": [-163.2526397705078, 66.53990173339844, 130.39010620117188], "obj_id": 0}, {"cam_R_m2c": [-0.6048535108566284, -0.7481629252433777, 0.27277180552482605, -0.6333996057510376, 0.2443840205669403, -0.7342215776443481, 0.4826563000679016, -0.6168700456619263, -0.6217026114463806], "cam_t_m2c": [-163.2526397705078, 66.53990173339844, 130.39010620117188], "obj_id": 0}, {"cam_R_m2c": [-0.6048535108566284, -0.7481629252433777, 0.27277180552482605, -0.6333996057510376, 0.2443840205669403, -0.7342215776443481, 0.4826563000679016, -0.6168700456619263, -0.6217026114463806], "cam_t_m2c": [-163.2526397705078, 66.53990173339844, 130.39010620117188], "obj_id": 3}, {"cam_R_m2c": [-0.6048535108566284, -0.7481629252433777, 0.27277180552482605, -0.6333996057510376, 0.2443840205669403, -0.7342215776443481, 0.4826563000679016, -0.6168700456619263, -0.6217026114463806], "cam_t_m2c": [-163.2526397705078, 66.53990173339844, 130.39010620117188], "obj_id": 3}, {"cam_R_m2c": [0.534132182598114, 0.7060481905937195, -0.46497178077697754, -0.7362335324287415, 0.1181500107049942, -0.666333794593811, -0.4155273735523224, 0.6982381343841553, 0.5829240679740906], "cam_t_m2c": [-574.3488159179688, -152.198486328125, 219.88990783691406], "obj_id": 0}, {"cam_R_m2c": [-0.717219352722168, 0.38740938901901245, 0.5792324542999268, -0.5858586430549622, -0.7852980494499207, -0.20019133388996124, 0.37731415033340454, -0.4829294681549072, 0.7901981472969055], "cam_t_m2c": [-172.25462341308594, 42.90668869018555, 130.1804656982422], "obj_id": 3}, {"cam_R_m2c": [-0.235416978597641, 0.9406004548072815, 0.24464145302772522, 0.5756760835647583, 0.33776092529296875, -0.7446572780609131, -0.7830553650856018, -0.03447079658508301, -0.620995819568634], "cam_t_m2c": [-325.4529113769531, 12.24444580078125, 100.08590698242188], "obj_id": 3}, {"cam_R_m2c": [0.5952455401420593, -0.12564852833747864, 0.7936593890190125, -0.2659034729003906, 0.9012524485588074, 0.34211015701293945, -0.7582731246948242, -0.41467633843421936, 0.5030561685562134], "cam_t_m2c": [-17.84601402282715, -21.50104331970215, 255.25123596191406], "obj_id": 3}, {"cam_R_m2c": [-0.08601319789886475, 0.28042227029800415, -0.9560151100158691, 0.9951899647712708, -0.0209764763712883, -0.09569080173969269, -0.046887751668691635, -0.9596474170684814, -0.2772691249847412], "cam_t_m2c": [-2077.428955078125, 5707.52783203125, 4998.3486328125], "obj_id": 2}]
}