{
  "0": [{"cam_R_m2c": [0.8380204439163208, 0.45039740204811096, -0.30799975991249084, 0.12970754504203796, 0.383855402469635, 0.914237916469574, 0.5299977660179138, -0.8060999512672424, 0.26325875520706177], "cam_t_m2c": [-93.40664672851562, 457.3982238769531, 747.031982421875], "obj_id": 0}, {"cam_R_m2c": [-0.7302600741386414, -0.0004936065524816513, 0.683168888092041, 0.6330500245094299, -0.376444935798645, 0.6764145493507385, 0.25684165954589844, 0.9264387488365173, 0.27521535754203796], "cam_t_m2c": [-11927.498046875, 16981.21484375, 16686.84765625], "obj_id": 1}, {"cam_R_m2c": [0.37475860118865967, 0.44019070267677307, 0.8159583806991577, 0.0334898866713047, 0.8730961084365845, -0.48639658093452454, -0.9265173673629761, 0.20960764586925507, 0.312458336353302], "cam_t_m2c": [-9517.228515625, -31765.26171875, -12448.513671875], "obj_id": 2}, {"cam_R_m2c": [0.47669366002082825, -0.21117278933525085, 0.853328287601471, 0.6795722842216492, 0.7042848467826843, -0.2053394764661789, -0.5576240420341492, 0.6777822971343994, 0.47923532128334045], "cam_t_m2c": [-9803.69921875, 17381.298828125, 16182.1689453125], "obj_id": 2}],
  "1": [{"cam_R_m2c": [0.3644186556339264, 0.9125069379806519, -0.18582254648208618, -0.6581435799598694, 0.39354223012924194, 0.6418500542640686, 0.6588216423988342, -0.11160417646169662, 0.7439748048782349], "cam_t_m2c": [10.862130165100098, 334.13507080078125, 1201.701416015625], "obj_id": 0}, {"cam_R_m2c": [-0.57270747423172, -0.6339303255081177, 0.519748330116272, 0.7030879259109497, -0.7058590054512024, -0.08619891852140427, 0.4215131998062134, 0.31606200337409973, 0.849959671497345], "cam_t_m2c": [-14808.4892578125, 9961.2705078125, 20039.28515625], "obj_id": 1}, {"cam_R_m2c": [0.8454389572143555, 0.41534894704818726, 0.3357352912425995, 0.26804864406585693, 0.213725745677948, -0.9393993616104126, -0.46193382143974304, 0.8841982483863831, 0.06935836374759674], "cam_t_m2c": [-6811.91162109375, -8741.759765625, -33037.171875], "obj_id": 2}, {"cam_R_m2c": [0.853234589099884, -0.4038408100605011, 0.33000510931015015, 0.44794535636901855, 0.2434227019548416, -0.8602849841117859, 0.267087459564209, 0.8818491697311401, 0.3885952830314636], "cam_t_m2c": [-12775.9033203125, 9258.60546875, 20587.330078125], "obj_id": 2}]
}