{
  "0": [{"cam_R_m2c": [-0.12923216819763184, -0.9305380582809448, -0.3426336944103241, -0.7146628499031067, 0.32693803310394287, -0.6183594465255737, 0.6874269843101501, 0.16495561599731445, -0.707271933555603], "cam_t_m2c": [39.870643615722656, 32.01425552368164, 201.405517578125], "obj_id": 3}, {"cam_R_m2c": [-0.12923216819763184, -0.9305380582809448, -0.3426336944103241, -0.7146628499031067, 0.32693803310394287, -0.6183594465255737, 0.6874269843101501, 0.16495561599731445, -0.707271933555603], "cam_t_m2c": [39.870643615722656, 32.01425552368164, 201.405517578125], "obj_id": 2}, {"cam_R_m2c": [-0.12923216819763184, -0.9305380582809448, -0.3426336944103241, -0.7146628499031067, 0.32693803310394287, -0.6183594465255737, 0.6874269843101501, 0.16495561599731445, -0.707271933555603], "cam_t_m2c": [39.870643615722656, 32.01425552368164, 201.405517578125], "obj_id": 2}, {"cam_R_m2c": [-0.12923216819763184, -0.9305380582809448, -0.3426336944103241, -0.7146628499031067, 0.32693803310394287, -0.6183594465255737, 0.6874269843101501, 0.16495561599731445, -0.707271933555603], "cam_t_m2c": [39.870643615722656, 32.01425552368164, 201.405517578125], "obj_id": 0}, {"cam_R_m2c": [-0.12923216819763184, -0.9305380582809448, -0.3426336944103241, -0.7146628499031067, 0.32693803310394287, -0.6183594465255737, 0.6874269843101501, 0.16495561599731445, -0.707271933555603], "cam_t_m2c": [39.870643615722656, 32.01425552368164, 201.405517578125], "obj_id": 3}, {"cam_R_m2c": [-0.12923216819763184, -0.9305380582809448, -0.3426336944103241, -0.7146628499031067, 0.32693803310394287, -0.6183594465255737, 0.6874269843101501, 0.16495561599731445, -0.707271933555603], "cam_t_m2c": [39.870643615722656, 32.01425552368164, 201.405517578125], "obj_id": 2}, {"cam_R_m2c": [-0.12923216819763184, -0.9305380582809448, -0.3426336944103241, -0.7146628499031067, 0.32693803310394287, -0.6183594465255737, 0.6874269843101501, 0.16495561599731445, -0.707271933555603], "cam_t_m2c": [39.870643615722656, 32.01425552368164, 201.405517578125], "obj_id": 1}, {"cam_R_m2c": [-0.12923216819763184, -0.9305380582809448, -0.3426336944103241, -0.7146628499031067, 0.32693803310394287, -0.6183594465255737, 0.6874269843101501, 0.16495561599731445, -0.707271933555603], "cam_t_m2c": [39.870643615722656, 32.01425552368164, 201.405517578125], "obj_id": 1}, {"cam_R_m2c": [-0.12923216819763184, -0.9305380582809448, -0.3426336944103241, -0.7146628499031067, 0.32693803310394287, -0.6183594465255737, 0.6874269843101501, 0.16495561599731445, -0.707271933555603], "cam_t_m2c": [39.870643615722656, 32.01425552368164, 201.405517578125], "obj_id": 0}, {"cam_R_m2c": [-0.12923216819763184, -0.9305380582809448, -0.3426336944103241, -0.7146628499031067, 0.32693803310394287, -0.6183594465255737, 0.6874269843101501, 0.16495561599731445, -0.707271933555603], "cam_t_m2c": [39.870643615722656, 32.01425552368164, 201.405517578125], "obj_id": 0}, {"cam_R_m2c": [-0.12923216819763184, -0.9305380582809448, -0.3426336944103241, -0.7146628499031067, 0.32693803310394287, -0.6183594465255737, 0.6874269843101501, 0.16495561599731445, -0.707271933555603], "cam_t_m2c": [39.870643615722656, 32.01425552368164, 201.405517578125], "obj_id": 0}, {"cam_R_m2c": [-0.12923216819763184, -0.9305380582809448, -0.3426336944103241, -0.7146628499031067, 0.32693803310394287, -0.6183594465255737, 0.6874269843101501, 0.16495561599731445, -0.707271933555603], "cam_t_m2c": [39.870643615722656, 32.01425552368164, 201.405517578125], "obj_id": 0}, {"cam_R_m2c": [-0.12923216819763184, -0.9305380582809448, -0.3426336944103241, -0.7146628499031067, 0.32693803310394287, -0.6183594465255737, 0.6874269843101501, 0.16495561599731445, -0.707271933555603], "cam_t_m2c": [39.870643615722656, 32.01425552368164, 201.405517578125], "obj_id": 0}, {"cam_R_m2c": [-0.12923216819763184, -0.9305380582809448, -0.3426336944103241, -0.7146628499031067, 0.32693803310394287, -0.6183594465255737, 0.6874269843101501, 0.16495561599731445, -0.707271933555603], "cam_t_m2c": [39.870643615722656, 32.01425552368164, 201.405517578125], "obj_id": 3}, {"cam_R_m2c": [-0.12923216819763184, -0.9305380582809448, -0.3426336944103241, -0.7146628499031067, 0.32693803310394287, -0.6183594465255737, 0.6874269843101501, 0.16495561599731445, -0.707271933555603], "cam_t_m2c": [39.870643615722656, 32.01425552368164, 201.405517578125], "obj_id": 3}, {"cam_R_m2c": [-0.12923216819763184, -0.9305380582809448, -0.3426336944103241, -0.7146628499031067, 0.32693803310394287, -0.6183594465255737, 0.6874269843101501, 0.16495561599731445, -0.707271933555603], "cam_t_m2c": [39.870643615722656, 32.01425552368164, 201.405517578125], "obj_id": 0}, {"cam_R_m2c": [-0.12923216819763184, -0.9305380582809448, -0.3426336944103241, -0.7146628499031067, 0.32693803310394287, -0.6183594465255737, 0.6874269843101501, 0.16495561599731445, -0.707271933555603], "cam_t_m2c": [39.870643615722656, 32.01425552368164, 201.405517578125], "obj_id": 0}, {"cam_R_m2c": [-0.12923216819763184, -0.9305380582809448, -0.3426336944103241, -0.7146628499031067, 0.32693803310394287, -0.6183594465255737, 0.6874269843101501, 0.16495561599731445, -0.707271933555603], "cam_t_m2c": [39.870643615722656, 32.01425552368164, 201.405517578125], "obj_id": 2}, {"cam_R_m2c": [-0.12923216819763184, -0.9305380582809448, -0.3426336944103241, -0.7146628499031067, 0.32693803310394287, -0.6183594465255737, 0.6874269843101501, 0.16495561599731445, -0.707271933555603], "cam_t_m2c": [39.870643615722656, 32.01425552368164, 201.405517578125], "obj_id": 1}, {"cam_R_m2c": [-0.12923216819763184, -0.9305380582809448, -0.3426336944103241, -0.7146628499031067, 0.32693803310394287, -0.6183594465255737, 0.6874269843101501, 0.16495561599731445, -0.707271933555603], "cam_t_m2c": [39.870643615722656, 32.01425552368164, 201.405517578125], "obj_id": 2}, {"cam_R_m2c": [-0.12923216819763184, -0.9305380582809448, -0.3426336944103241, -0.7146628499031067, 0.32693803310394287, -0.6183594465255737, 0.6874269843101501, 0.16495561599731445, -0.707271933555603], "cam_t_m2c": [39.870643615722656, 32.01425552368164, 201.405517578125], "obj_id": 1}, {"cam_R_m2c": [-0.12923216819763184, -0.9305380582809448, -0.3426336944103241, -0.7146628499031067, 0.32693803310394287, -0.6183594465255737, 0.6874269843101501, 0.16495561599731445, -0.707271933555603], "cam_t_m2c": [39.870643615722656, 32.01425552368164, 201.405517578125], "obj_id": 3}, {"cam_R_m2c": [-0.12923216819763184, -0.9305380582809448, -0.3426336944103241, -0.7146628499031067, 0.32693803310394287, -0.6183594465255737, 0.6874269843101501, 0.16495561599731445, -0.707271933555603], "cam_t_m2c": [39.870643615722656, 32.01425552368164, 201.405517578125], "obj_id": 3}, {"cam_R_m2c": [-0.12923216819763184, -0.9305380582809448, -0.3426336944103241, -0.7146628499031067, 0.32693803310394287, -0.6183594465255737, 0.6874269843101501, 0.16495561599731445, -0.707271933555603], "cam_t_m2c": [39.870643615722656, 32.01425552368164, 201.405517578125], "obj_id": 3}, {"cam_R_m2c": [0.7866773009300232, -0.20673677325248718, 0.5817204713821411, 0.28560811281204224, -0.7134969234466553, -0.6398046016693115, 0.5473269820213318, 0.6694638729095459, -0.502246081829071], "cam_t_m2c": [46.22724533081055, -137.80667114257812, 316.2776184082031], "obj_id": 1}, {"cam_R_m2c": [0.18219637870788574, -0.8942694067955017, 0.4087623655796051, 0.5966550707817078, -0.22988121211528778, -0.768867552280426, 0.7815415263175964, 0.3839750289916992, 0.4916868805885315], "cam_t_m2c": [17.145349502563477, -77.49578094482422, 258.22760009765625], "obj_id": 0}, {"cam_R_m2c": [0.9385086894035339, 0.17170274257659912, -0.29953229427337646, -0.3401927649974823, 0.31186655163764954, -0.8871347904205322, -0.05890936404466629, 0.9344824552536011, 0.35110151767730713], "cam_t_m2c": [-147.83273315429688, -56.38544845581055, 314.2329406738281], "obj_id": 3}, {"cam_R_m2c": [0.7522649765014648, 0.029194090515375137, -0.6582135558128357, -0.6043105125427246, 0.4285965859889984, -0.6716499924659729, 0.2624998688697815, 0.9030241966247559, 0.3400605022907257], "cam_t_m2c": [78.71499633789062, -31.492874145507812, 182.64508056640625], "obj_id": 3}, {"cam_R_m2c": [0.2090775966644287, -0.07206739485263824, -0.9752398133277893, -0.7376775145530701, 0.6430648565292358, -0.20566816627979279, 0.6419644355773926, 0.7624131441116333, 0.08128797262907028], "cam_t_m2c": [-29.805246353149414, 163.09173583984375, 65.20128631591797], "obj_id": 3}]
}