{
  "0": [{"cam_R_m2c": [-0.31267765164375305, 0.8872777819633484, 0.3390733301639557, 0.8783906102180481, 0.13425351679325104, 0.4587002098560333, 0.3614727258682251, 0.44126418232917786, -0.8213545083999634], "cam_t_m2c": [63.747169494628906, -61.16617202758789, 492.17657470703125], "obj_id": 2}, {"cam_R_m2c": [0.5963327288627625, 0.7634671330451965, -0.24800240993499756, -0.7707107663154602, 0.4581366777420044, -0.4428494870662689, -0.22448204457759857, 0.45522376894950867, 0.8616142272949219], "cam_t_m2c": [385.43353271484375, 50.96192169189453, 491.532470703125], "obj_id": 0}, {"cam_R_m2c": [-0.6708754897117615, -0.7069716453552246, 0.22386875748634338, -0.4736674129962921, 0.1762416660785675, -0.8628893494606018, 0.5705832839012146, -0.6849306225776672, -0.453105628490448], "cam_t_m2c": [329.8225402832031, -26.368249893188477, 564.0856323242188], "obj_id": 3}, {"cam_R_m2c": [-0.32174983620643616, 0.9456139802932739, 0.047867655754089355, 0.8174532651901245, 0.2519218325614929, 0.5179822444915771, 0.47775232791900635, 0.20579025149345398, -0.8540510535240173], "cam_t_m2c": [118.90335845947266, 67.0159912109375, 203.68746948242188], "obj_id": 1}, {"cam_R_m2c": [-0.7218564748764038, 0.6917831301689148, -0.018949443474411964, -0.46709612011909485, -0.46683233976364136, 0.7509251236915588, 0.5106311440467834, 0.5509114861488342, 0.6601153612136841], "cam_t_m2c": [237.5486297607422, -47.293373107910156, 489.1024475097656], "obj_id": 3}, {"cam_R_m2c": [-0.3126775324344635, -0.3113197088241577, 0.8973920941352844, 0.8783906102180481, -0.45430365204811096, 0.14845170080661774, 0.3614726662635803, 0.8346783518791199, 0.41551104187965393], "cam_t_m2c": [314.4556579589844, -0.30086562037467957, 561.1372680664062], "obj_id": 2}, {"cam_R_m2c": [-0.7986697554588318, 0.29028889536857605, 0.5271228551864624, 0.4584169089794159, -0.27397945523262024, 0.8454518914222717, 0.38984623551368713, 0.9168791174888611, 0.08574602752923965], "cam_t_m2c": [142.15835571289062, 59.12255096435547, 298.3049011230469], "obj_id": 1}, {"cam_R_m2c": [-0.4407667815685272, -0.7620728015899658, -0.47430941462516785, -0.4712943136692047, 0.6461894512176514, -0.6002672910690308, 0.7639411687850952, -0.041038624942302704, -0.6439794301986694], "cam_t_m2c": [191.09701538085938, -35.836605072021484, 423.0589294433594], "obj_id": 3}, {"cam_R_m2c": [-0.8426936268806458, -0.10472762584686279, -0.5281091928482056, -0.08093281835317612, -0.9451117515563965, 0.31656497716903687, -0.532275378704071, 0.30950871109962463, 0.7879639863967896], "cam_t_m2c": [84.27681732177734, -22.22608757019043, 313.81817626953125], "obj_id": 3}, {"cam_R_m2c": [-0.2938615679740906, 0.9408543705940247, -0.16863591969013214, 0.20413126051425934, 0.23412825167179108, 0.9505336284637451, 0.9337962865829468, 0.24490158259868622, -0.2608589828014374], "cam_t_m2c": [189.9381866455078, 43.91159439086914, 391.4033508300781], "obj_id": 1}, {"cam_R_m2c": [-0.6080901026725769, -0.4548177123069763, 0.6506667137145996, 0.7840555310249329, -0.4725443720817566, 0.4024408161640167, 0.12443171441555023, 0.7548791766166687, 0.6439520120620728], "cam_t_m2c": [164.47166442871094, 7.246366500854492, 419.7249755859375], "obj_id": 1}, {"cam_R_m2c": [0.9958048462867737, -0.05419068783521652, 0.07372985035181046, -0.04910387471318245, 0.36343538761138916, 0.930324375629425, -0.07721095532178879, -0.9300419092178345, 0.3592497408390045], "cam_t_m2c": [130.03866577148438, 29.637922286987305, 332.3796081542969], "obj_id": 1}, {"cam_R_m2c": [0.5183847546577454, -0.6521989703178406, 0.553094744682312, 0.28887271881103516, -0.4752085506916046, -0.8311012983322144, 0.8048787713050842, 0.5906041860580444, -0.057938385754823685], "cam_t_m2c": [328.386962890625, -47.63738250732422, 477.5741882324219], "obj_id": 1}, {"cam_R_m2c": [0.8720811605453491, 0.206740140914917, 0.4435458481311798, 0.41628319025039673, 0.16307877004146576, -0.894490659236908, -0.2572600245475769, 0.9647091627120972, 0.0561554878950119], "cam_t_m2c": [184.50576782226562, -18.771373748779297, 403.1924133300781], "obj_id": 3}, {"cam_R_m2c": [-0.0158989354968071, -0.9982969164848328, -0.056127194315195084, -0.9318491816520691, -0.005556937772780657, 0.36280301213264465, -0.3624970614910126, 0.058070309460163116, -0.9301737546920776], "cam_t_m2c": [102.97691345214844, 8.358046531677246, 350.7333679199219], "obj_id": 0}, {"cam_R_m2c": [-0.1742916703224182, 0.9480180740356445, -0.2662403881549835, -0.031277887523174286, 0.2649124562740326, 0.9637649655342102, 0.9841970801353455, 0.17630377411842346, -0.0165199413895607], "cam_t_m2c": [287.1780090332031, 76.93718719482422, 399.91949462890625], "obj_id": 1}, {"cam_R_m2c": [0.9670990705490112, -0.24673806130886078, 0.061965689063072205, 0.013327810913324356, 0.29238083958625793, 0.9562090635299683, -0.25405076146125793, -0.9239229559898376, 0.2860496938228607], "cam_t_m2c": [42.76839065551758, 8.805312156677246, 307.50225830078125], "obj_id": 1}, {"cam_R_m2c": [0.7431268095970154, -0.6649401187896729, -0.07494744658470154, -0.010809305123984814, 0.10006053745746613, -0.9949225783348083, 0.6690632700920105, 0.7401637434959412, 0.0671701431274414], "cam_t_m2c": [160.34669494628906, -45.856998443603516, 439.07958984375], "obj_id": 3}, {"cam_R_m2c": [0.5381532311439514, 0.24298745393753052, 0.8070614337921143, 0.8337304592132568, -0.29392215609550476, -0.4674430191516876, 0.12363055348396301, 0.9244276881217957, -0.3607611656188965], "cam_t_m2c": [234.15301513671875, -27.468027114868164, 379.23626708984375], "obj_id": 1}, {"cam_R_m2c": [-0.351624459028244, 0.5530070662498474, 0.7553430795669556, 0.24647337198257446, 0.8330894112586975, -0.4951897859573364, -0.9031117558479309, 0.012051074765622616, -0.42923611402511597], "cam_t_m2c": [83.51852416992188, -105.36305236816406, 517.2335205078125], "obj_id": 3}, {"cam_R_m2c": [0.9264975190162659, 0.1932435929775238, 0.3228919804096222, 0.19814848899841309, -0.9800075888633728, 0.017950592562556267, 0.31990543007850647, 0.04734937846660614, -0.9462655186653137], "cam_t_m2c": [320.6171875, 19.347877502441406, 470.3184814453125], "obj_id": 3}, {"cam_R_m2c": [-0.0016035186126828194, -0.9571608901023865, -0.28955185413360596, -0.9581958651542664, -0.08137263357639313, 0.2742973566055298, -0.2861083447933197, 0.2778872847557068, -0.9170171618461609], "cam_t_m2c": [88.82964324951172, 48.338436126708984, 241.34205627441406], "obj_id": 0}, {"cam_R_m2c": [-0.9590287804603577, 0.21161004900932312, -0.18837495148181915, -0.2481442391872406, -0.30657050013542175, 0.918933629989624, 0.1367053985595703, 0.9280279278755188, 0.3465196490287781], "cam_t_m2c": [301.56781005859375, 65.05464172363281, 435.4596252441406], "obj_id": 1}, {"cam_R_m2c": [0.8036518096923828, -0.4011758267879486, -0.43954718112945557, 0.0417778342962265, 0.7748222947120667, -0.6307971477508545, 0.5936315059661865, 0.4885779321193695, 0.6394475698471069], "cam_t_m2c": [178.2195587158203, -70.66654205322266, 471.9819030761719], "obj_id": 3}, {"cam_R_m2c": [-0.018184112384915352, -0.13109003007411957, 0.9912036657333374, 0.37494462728500366, 0.9181256294250488, 0.12830376625061035, -0.9268687963485718, 0.3739795982837677, 0.032456208020448685], "cam_t_m2c": [115.47613525390625, -78.09095764160156, 435.7490539550781], "obj_id": 3}, {"cam_R_m2c": [0.3143419623374939, -0.014416475780308247, 0.9492003321647644, -0.8056663274765015, 0.5247840285301208, 0.27477890253067017, -0.5020864605903625, -0.8511133193969727, 0.15334677696228027], "cam_t_m2c": [142.17654418945312, -69.79413604736328, 410.55419921875], "obj_id": 2}, {"cam_R_m2c": [-0.9495373964309692, -0.1559513509273529, 0.27213555574417114, -0.29897740483283997, 0.7123232483863831, -0.6349866986274719, -0.09482143074274063, -0.6843060851097107, -0.7230034470558167], "cam_t_m2c": [166.49560546875, -31.553003311157227, 418.685791015625], "obj_id": 3}, {"cam_R_m2c": [-0.899061918258667, -0.38605889678001404, 0.20650933682918549, -0.15092328190803528, 0.7160432934761047, 0.6815454363822937, -0.4109863042831421, 0.5815845131874084, -0.7020325064659119], "cam_t_m2c": [310.46368408203125, 16.482852935791016, 358.1757507324219], "obj_id": 3}, {"cam_R_m2c": [0.21764370799064636, -0.3262525498867035, 0.9198861718177795, -0.7323972582817078, 0.5683881044387817, 0.37487226724624634, -0.6451554298400879, -0.7553107142448425, -0.11524038761854172], "cam_t_m2c": [268.8896484375, 81.08245849609375, 317.5268859863281], "obj_id": 0}, {"cam_R_m2c": [-0.3126777112483978, 0.9233559966087341, 0.22281397879123688, 0.8783905506134033, 0.19181492924690247, 0.4377635717391968, 0.36147263646125793, 0.33259668946266174, -0.8710433840751648], "cam_t_m2c": [285.6292419433594, 53.734954833984375, 404.8934020996094], "obj_id": 2}, {"cam_R_m2c": [-0.6510050892829895, 0.08574420213699341, -0.754214882850647, 0.7143821716308594, 0.40510475635528564, -0.5705682635307312, 0.2566130757331848, -0.9102405905723572, -0.32497933506965637], "cam_t_m2c": [97.82917022705078, -25.20951271057129, 332.9232482910156], "obj_id": 1}, {"cam_R_m2c": [0.22147801518440247, 0.9442819356918335, -0.24347272515296936, -0.15368464589118958, -0.21275389194488525, -0.9649438261985779, -0.9629788994789124, 0.2511318027973175, 0.09800142794847488], "cam_t_m2c": [346.47613525390625, -4.760353088378906, 347.1334533691406], "obj_id": 1}, {"cam_R_m2c": [0.6868453025817871, 0.43989890813827515, -0.5785607099533081, -0.3447449207305908, -0.5036007761955261, -0.7921724915504456, -0.6398394107818604, 0.7435557842254639, -0.19424289464950562], "cam_t_m2c": [3.0778403282165527, -186.8538055419922, 507.36456298828125], "obj_id": 1}, {"cam_R_m2c": [0.4519100785255432, -0.3587970733642578, -0.8167263269424438, -0.8919230699539185, -0.19797517359256744, -0.40654507279396057, -0.015824398025870323, 0.9121789336204529, -0.4094863533973694], "cam_t_m2c": [61.88450622558594, -170.95274353027344, 482.4293518066406], "obj_id": 2}, {"cam_R_m2c": [-0.5186086297035217, -0.21127566695213318, 0.8284972310066223, 0.6876875758171082, -0.678864598274231, 0.25734925270080566, 0.5080658197402954, 0.7032108306884766, 0.49735668301582336], "cam_t_m2c": [39.712520599365234, -94.7546157836914, 373.7010803222656], "obj_id": 0}, {"cam_R_m2c": [0.5623189210891724, 0.5748645067214966, -0.594414234161377, -0.05983364209532738, 0.7452301979064941, 0.6641173958778381, 0.824752926826477, -0.33787980675697327, 0.45345330238342285], "cam_t_m2c": [14.004508972167969, -133.8920135498047, 489.3807678222656], "obj_id": 3}, {"cam_R_m2c": [0.10243822634220123, 0.9919911623001099, -0.07389026135206223, 0.7920994162559509, -0.12627877295017242, -0.597186803817749, -0.6017348170280457, 0.002646283945068717, -0.7986913919448853], "cam_t_m2c": [158.4661407470703, -26.46095848083496, 279.146728515625], "obj_id": 1}, {"cam_R_m2c": [-0.013220925815403461, -0.9905915856361389, 0.1362103670835495, -0.9057391881942749, 0.06957709044218063, 0.4180852770805359, -0.42362892627716064, -0.11784355342388153, -0.8981375098228455], "cam_t_m2c": [172.3520050048828, 161.06800842285156, 39.6531867980957], "obj_id": 0}, {"cam_R_m2c": [0.18199142813682556, 0.9607452154159546, -0.2093982994556427, -0.4222505986690521, -0.11596162617206573, -0.8990312218666077, -0.8880221843719482, 0.252034455537796, 0.3845713436603546], "cam_t_m2c": [284.2795104980469, -35.96345901489258, 383.9333190917969], "obj_id": 1}, {"cam_R_m2c": [-0.3542042374610901, -0.8080461621284485, 0.47074463963508606, -0.4609296917915344, -0.2871379256248474, -0.8396995663642883, 0.8136847615242004, -0.5144054889678955, -0.2707468271255493], "cam_t_m2c": [181.7704315185547, -61.524600982666016, 535.2189331054688], "obj_id": 3}, {"cam_R_m2c": [0.6608134508132935, 0.6333109736442566, -0.40279364585876465, 0.07726847380399704, 0.47640952467918396, 0.875821590423584, 0.7465621829032898, -0.6098779439926147, 0.26588284969329834], "cam_t_m2c": [381.6987609863281, 52.42538070678711, 535.4524536132812], "obj_id": 1}],
  "1": [{"cam_R_m2c": [-0.31267765164375305, 0.8872777819633484, 0.3390733301639557, 0.8783906102180481, 0.13425351679325104, 0.4587002098560333, 0.3614727258682251, 0.44126418232917786, -0.8213545083999634], "cam_t_m2c": [63.747169494628906, -61.16617202758789, 492.17657470703125], "obj_id": 2}, {"cam_R_m2c": [0.5963327288627625, 0.7634671330451965, -0.24800240993499756, -0.7707107663154602, 0.4581366777420044, -0.4428494870662689, -0.22448204457759857, 0.45522376894950867, 0.8616142272949219], "cam_t_m2c": [385.43353271484375, 50.96192169189453, 491.532470703125], "obj_id": 0}, {"cam_R_m2c": [-0.6708754897117615, -0.7069716453552246, 0.22386875748634338, -0.4736674129962921, 0.1762416660785675, -0.8628893494606018, 0.5705832839012146, -0.6849306225776672, -0.453105628490448], "cam_t_m2c": [329.8225402832031, -26.368249893188477, 564.0856323242188], "obj_id": 3}, {"cam_R_m2c": [-0.32174983620643616, 0.9456139802932739, 0.047867655754089355, 0.8174532651901245, 0.2519218325614929, 0.5179822444915771, 0.47775232791900635, 0.20579025149345398, -0.8540510535240173], "cam_t_m2c": [118.90335845947266, 67.0159912109375, 203.68746948242188], "obj_id": 1}, {"cam_R_m2c": [-0.7218564748764038, 0.6917831301689148, -0.018949443474411964, -0.46709612011909485, -0.46683233976364136, 0.7509251236915588, 0.5106311440467834, 0.5509114861488342, 0.6601153612136841], "cam_t_m2c": [237.5486297607422, -47.293373107910156, 489.1024475097656], "obj_id": 3}, {"cam_R_m2c": [-0.3126775324344635, -0.3113197088241577, 0.8973920941352844, 0.8783906102180481, -0.45430365204811096, 0.14845170080661774, 0.3614726662635803, 0.8346783518791199, 0.41551104187965393], "cam_t_m2c": [314.4556579589844, -0.30086562037467957, 561.1372680664062], "obj_id": 2}, {"cam_R_m2c": [-0.7986697554588318, 0.29028889536857605, 0.5271228551864624, 0.4584169089794159, -0.27397945523262024, 0.8454518914222717, 0.38984623551368713, 0.9168791174888611, 0.08574602752923965], "cam_t_m2c": [142.15835571289062, 59.12255096435547, 298.3049011230469], "obj_id": 1}, {"cam_R_m2c": [-0.4407667815685272, -0.7620728015899658, -0.47430941462516785, -0.4712943136692047, 0.6461894512176514, -0.6002672910690308, 0.7639411687850952, -0.041038624942302704, -0.6439794301986694], "cam_t_m2c": [191.09701538085938, -35.836605072021484, 423.0589294433594], "obj_id": 3}, {"cam_R_m2c": [-0.8426936268806458, -0.10472762584686279, -0.5281091928482056, -0.08093281835317612, -0.9451117515563965, 0.31656497716903687, -0.532275378704071, 0.30950871109962463, 0.7879639863967896], "cam_t_m2c": [84.27681732177734, -22.22608757019043, 313.81817626953125], "obj_id": 3}, {"cam_R_m2c": [-0.2938615679740906, 0.9408543705940247, -0.16863591969013214, 0.20413126051425934, 0.23412825167179108, 0.9505336284637451, 0.9337962865829468, 0.24490158259868622, -0.2608589828014374], "cam_t_m2c": [189.9381866455078, 43.91159439086914, 391.4033508300781], "obj_id": 1}, {"cam_R_m2c": [-0.6080901026725769, -0.4548177123069763, 0.6506667137145996, 0.7840555310249329, -0.4725443720817566, 0.4024408161640167, 0.12443171441555023, 0.7548791766166687, 0.6439520120620728], "cam_t_m2c": [164.47166442871094, 7.246366500854492, 419.7249755859375], "obj_id": 1}, {"cam_R_m2c": [0.9958048462867737, -0.05419068783521652, 0.07372985035181046, -0.04910387471318245, 0.36343538761138916, 0.930324375629425, -0.07721095532178879, -0.9300419092178345, 0.3592497408390045], "cam_t_m2c": [130.03866577148438, 29.637922286987305, 332.3796081542969], "obj_id": 1}, {"cam_R_m2c": [0.5183847546577454, -0.6521989703178406, 0.553094744682312, 0.28887271881103516, -0.4752085506916046, -0.8311012983322144, 0.8048787713050842, 0.5906041860580444, -0.057938385754823685], "cam_t_m2c": [328.386962890625, -47.63738250732422, 477.5741882324219], "obj_id": 1}, {"cam_R_m2c": [0.8720811605453491, 0.206740140914917, 0.4435458481311798, 0.41628319025039673, 0.16307877004146576, -0.894490659236908, -0.2572600245475769, 0.9647091627120972, 0.0561554878950119], "cam_t_m2c": [184.50576782226562, -18.771373748779297, 403.1924133300781], "obj_id": 3}, {"cam_R_m2c": [-0.0158989354968071, -0.9982969164848328, -0.056127194315195084, -0.9318491816520691, -0.005556937772780657, 0.36280301213264465, -0.3624970614910126, 0.058070309460163116, -0.9301737546920776], "cam_t_m2c": [102.97691345214844, 8.358046531677246, 350.7333679199219], "obj_id": 0}, {"cam_R_m2c": [-0.1742916703224182, 0.9480180740356445, -0.2662403881549835, -0.031277887523174286, 0.2649124562740326, 0.9637649655342102, 0.9841970801353455, 0.17630377411842346, -0.0165199413895607], "cam_t_m2c": [287.1780090332031, 76.93718719482422, 399.91949462890625], "obj_id": 1}, {"cam_R_m2c": [0.9670990705490112, -0.24673806130886078, 0.061965689063072205, 0.013327810913324356, 0.29238083958625793, 0.9562090635299683, -0.25405076146125793, -0.9239229559898376, 0.2860496938228607], "cam_t_m2c": [42.76839065551758, 8.805312156677246, 307.50225830078125], "obj_id": 1}, {"cam_R_m2c": [0.7431268095970154, -0.6649401187896729, -0.07494744658470154, -0.010809305123984814, 0.10006053745746613, -0.9949225783348083, 0.6690632700920105, 0.7401637434959412, 0.0671701431274414], "cam_t_m2c": [160.34669494628906, -45.856998443603516, 439.07958984375], "obj_id": 3}, {"cam_R_m2c": [0.5381532311439514, 0.24298745393753052, 0.8070614337921143, 0.8337304592132568, -0.29392215609550476, -0.4674430191516876, 0.12363055348396301, 0.9244276881217957, -0.3607611656188965], "cam_t_m2c": [234.15301513671875, -27.468027114868164, 379.23626708984375], "obj_id": 1}, {"cam_R_m2c": [-0.351624459028244, 0.5530070662498474, 0.7553430795669556, 0.24647337198257446, 0.8330894112586975, -0.4951897859573364, -0.9031117558479309, 0.012051074765622616, -0.42923611402511597], "cam_t_m2c": [83.51852416992188, -105.36305236816406, 517.2335205078125], "obj_id": 3}, {"cam_R_m2c": [0.9264975190162659, 0.1932435929775238, 0.3228919804096222, 0.19814848899841309, -0.9800075888633728, 0.017950592562556267, 0.31990543007850647, 0.04734937846660614, -0.9462655186653137], "cam_t_m2c": [320.6171875, 19.347877502441406, 470.3184814453125], "obj_id": 3}, {"cam_R_m2c": [-0.0016035186126828194, -0.9571608901023865, -0.28955185413360596, -0.9581958651542664, -0.08137263357639313, 0.2742973566055298, -0.2861083447933197, 0.2778872847557068, -0.9170171618461609], "cam_t_m2c": [88.82964324951172, 48.338436126708984, 241.34205627441406], "obj_id": 0}, {"cam_R_m2c": [-0.9590287804603577, 0.21161004900932312, -0.18837495148181915, -0.2481442391872406, -0.30657050013542175, 0.918933629989624, 0.1367053985595703, 0.9280279278755188, 0.3465196490287781], "cam_t_m2c": [301.56781005859375, 65.05464172363281, 435.4596252441406], "obj_id": 1}, {"cam_R_m2c": [0.8036518096923828, -0.4011758267879486, -0.43954718112945557, 0.0417778342962265, 0.7748222947120667, -0.6307971477508545, 0.5936315059661865, 0.4885779321193695, 0.6394475698471069], "cam_t_m2c": [178.2195587158203, -70.66654205322266, 471.9819030761719], "obj_id": 3}, {"cam_R_m2c": [-0.018184112384915352, -0.13109003007411957, 0.9912036657333374, 0.37494462728500366, 0.9181256294250488, 0.12830376625061035, -0.9268687963485718, 0.3739795982837677, 0.032456208020448685], "cam_t_m2c": [115.47613525390625, -78.09095764160156, 435.7490539550781], "obj_id": 3}, {"cam_R_m2c": [0.3143419623374939, -0.014416475780308247, 0.9492003321647644, -0.8056663274765015, 0.5247840285301208, 0.27477890253067017, -0.5020864605903625, -0.8511133193969727, 0.15334677696228027], "cam_t_m2c": [142.17654418945312, -69.79413604736328, 410.55419921875], "obj_id": 2}, {"cam_R_m2c": [-0.9495373964309692, -0.1559513509273529, 0.27213555574417114, -0.29897740483283997, 0.7123232483863831, -0.6349866986274719, -0.09482143074274063, -0.6843060851097107, -0.7230034470558167], "cam_t_m2c": [166.49560546875, -31.553003311157227, 418.685791015625], "obj_id": 3}, {"cam_R_m2c": [-0.899061918258667, -0.38605889678001404, 0.20650933682918549, -0.15092328190803528, 0.7160432934761047, 0.6815454363822937, -0.4109863042831421, 0.5815845131874084, -0.7020325064659119], "cam_t_m2c": [310.46368408203125, 16.482852935791016, 358.1757507324219], "obj_id": 3}, {"cam_R_m2c": [0.21764370799064636, -0.3262525498867035, 0.9198861718177795, -0.7323972582817078, 0.5683881044387817, 0.37487226724624634, -0.6451554298400879, -0.7553107142448425, -0.11524038761854172], "cam_t_m2c": [268.8896484375, 81.08245849609375, 317.5268859863281], "obj_id": 0}, {"cam_R_m2c": [-0.3126777112483978, 0.9233559966087341, 0.22281397879123688, 0.8783905506134033, 0.19181492924690247, 0.4377635717391968, 0.36147263646125793, 0.33259668946266174, -0.8710433840751648], "cam_t_m2c": [285.6292419433594, 53.734954833984375, 404.8934020996094], "obj_id": 2}, {"cam_R_m2c": [-0.6510050892829895, 0.08574420213699341, -0.754214882850647, 0.7143821716308594, 0.40510475635528564, -0.5705682635307312, 0.2566130757331848, -0.9102405905723572, -0.32497933506965637], "cam_t_m2c": [97.82917022705078, -25.20951271057129, 332.9232482910156], "obj_id": 1}, {"cam_R_m2c": [0.22147801518440247, 0.9442819356918335, -0.24347272515296936, -0.15368464589118958, -0.21275389194488525, -0.9649438261985779, -0.9629788994789124, 0.2511318027973175, 0.09800142794847488], "cam_t_m2c": [346.47613525390625, -4.760353088378906, 347.1334533691406], "obj_id": 1}, {"cam_R_m2c": [0.6868453025817871, 0.43989890813827515, -0.5785607099533081, -0.3447449207305908, -0.5036007761955261, -0.7921724915504456, -0.6398394107818604, 0.7435557842254639, -0.19424289464950562], "cam_t_m2c": [3.0778403282165527, -186.8538055419922, 507.36456298828125], "obj_id": 1}, {"cam_R_m2c": [0.4519100785255432, -0.3587970733642578, -0.8167263269424438, -0.8919230699539185, -0.19797517359256744, -0.40654507279396057, -0.015824398025870323, 0.9121789336204529, -0.4094863533973694], "cam_t_m2c": [61.88450622558594, -170.95274353027344, 482.4293518066406], "obj_id": 2}, {"cam_R_m2c": [-0.5186086297035217, -0.21127566695213318, 0.8284972310066223, 0.6876875758171082, -0.678864598274231, 0.25734925270080566, 0.5080658197402954, 0.7032108306884766, 0.49735668301582336], "cam_t_m2c": [39.712520599365234, -94.7546157836914, 373.7010803222656], "obj_id": 0}, {"cam_R_m2c": [0.5623189210891724, 0.5748645067214966, -0.594414234161377, -0.05983364209532738, 0.7452301979064941, 0.6641173958778381, 0.824752926826477, -0.33787980675697327, 0.45345330238342285], "cam_t_m2c": [14.004508972167969, -133.8920135498047, 489.3807678222656], "obj_id": 3}, {"cam_R_m2c": [0.10243822634220123, 0.9919911623001099, -0.07389026135206223, 0.7920994162559509, -0.12627877295017242, -0.597186803817749, -0.6017348170280457, 0.002646283945068717, -0.7986913919448853], "cam_t_m2c": [158.4661407470703, -26.46095848083496, 279.146728515625], "obj_id": 1}, {"cam_R_m2c": [-0.013220925815403461, -0.9905915856361389, 0.1362103670835495, -0.9057391881942749, 0.06957709044218063, 0.4180852770805359, -0.42362892627716064, -0.11784355342388153, -0.8981375098228455], "cam_t_m2c": [172.3520050048828, 161.06800842285156, 39.6531867980957], "obj_id": 0}, {"cam_R_m2c": [0.18199142813682556, 0.9607452154159546, -0.2093982994556427, -0.4222505986690521, -0.11596162617206573, -0.8990312218666077, -0.8880221843719482, 0.252034455537796, 0.3845713436603546], "cam_t_m2c": [284.2795104980469, -35.96345901489258, 383.9333190917969], "obj_id": 1}, {"cam_R_m2c": [-0.3542042374610901, -0.8080461621284485, 0.47074463963508606, -0.4609296917915344, -0.2871379256248474, -0.8396995663642883, 0.8136847615242004, -0.5144054889678955, -0.2707468271255493], "cam_t_m2c": [181.7704315185547, -61.524600982666016, 535.2189331054688], "obj_id": 3}, {"cam_R_m2c": [0.6608134508132935, 0.6333109736442566, -0.40279364585876465, 0.07726847380399704, 0.47640952467918396, 0.875821590423584, 0.7465621829032898, -0.6098779439926147, 0.26588284969329834], "cam_t_m2c": [381.6987609863281, 52.42538070678711, 535.4524536132812], "obj_id": 1}],
  "2": [{"cam_R_m2c": [-0.31267765164375305, 0.8872777819633484, 0.3390733301639557, 0.8783906102180481, 0.13425351679325104, 0.4587002098560333, 0.3614727258682251, 0.44126418232917786, -0.8213545083999634], "cam_t_m2c": [63.747169494628906, -61.16617202758789, 492.17657470703125], "obj_id": 2}, {"cam_R_m2c": [0.5963327288627625, 0.7634671330451965, -0.24800240993499756, -0.7707107663154602, 0.4581366777420044, -0.4428494870662689, -0.22448204457759857, 0.45522376894950867, 0.8616142272949219], "cam_t_m2c": [385.43353271484375, 50.96192169189453, 491.532470703125], "obj_id": 0}, {"cam_R_m2c": [-0.6708754897117615, -0.7069716453552246, 0.22386875748634338, -0.4736674129962921, 0.1762416660785675, -0.8628893494606018, 0.5705832839012146, -0.6849306225776672, -0.453105628490448], "cam_t_m2c": [329.8225402832031, -26.368249893188477, 564.0856323242188], "obj_id": 3}, {"cam_R_m2c": [-0.32174983620643616, 0.9456139802932739, 0.047867655754089355, 0.8174532651901245, 0.2519218325614929, 0.5179822444915771, 0.47775232791900635, 0.20579025149345398, -0.8540510535240173], "cam_t_m2c": [118.90335845947266, 67.0159912109375, 203.68746948242188], "obj_id": 1}, {"cam_R_m2c": [-0.7218564748764038, 0.6917831301689148, -0.018949443474411964, -0.46709612011909485, -0.46683233976364136, 0.7509251236915588, 0.5106311440467834, 0.5509114861488342, 0.6601153612136841], "cam_t_m2c": [237.5486297607422, -47.293373107910156, 489.1024475097656], "obj_id": 3}, {"cam_R_m2c": [-0.3126775324344635, -0.3113197088241577, 0.8973920941352844, 0.8783906102180481, -0.45430365204811096, 0.14845170080661774, 0.3614726662635803, 0.8346783518791199, 0.41551104187965393], "cam_t_m2c": [314.4556579589844, -0.30086562037467957, 561.1372680664062], "obj_id": 2}, {"cam_R_m2c": [-0.7986697554588318, 0.29028889536857605, 0.5271228551864624, 0.4584169089794159, -0.27397945523262024, 0.8454518914222717, 0.38984623551368713, 0.9168791174888611, 0.08574602752923965], "cam_t_m2c": [142.15835571289062, 59.12255096435547, 298.3049011230469], "obj_id": 1}, {"cam_R_m2c": [-0.4407667815685272, -0.7620728015899658, -0.47430941462516785, -0.4712943136692047, 0.6461894512176514, -0.6002672910690308, 0.7639411687850952, -0.041038624942302704, -0.6439794301986694], "cam_t_m2c": [191.09701538085938, -35.836605072021484, 423.0589294433594], "obj_id": 3}, {"cam_R_m2c": [-0.8426936268806458, -0.10472762584686279, -0.5281091928482056, -0.08093281835317612, -0.9451117515563965, 0.31656497716903687, -0.532275378704071, 0.30950871109962463, 0.7879639863967896], "cam_t_m2c": [84.27681732177734, -22.22608757019043, 313.81817626953125], "obj_id": 3}, {"cam_R_m2c": [-0.2938615679740906, 0.9408543705940247, -0.16863591969013214, 0.20413126051425934, 0.23412825167179108, 0.9505336284637451, 0.9337962865829468, 0.24490158259868622, -0.2608589828014374], "cam_t_m2c": [189.9381866455078, 43.91159439086914, 391.4033508300781], "obj_id": 1}, {"cam_R_m2c": [-0.6080901026725769, -0.4548177123069763, 0.6506667137145996, 0.7840555310249329, -0.4725443720817566, 0.4024408161640167, 0.12443171441555023, 0.7548791766166687, 0.6439520120620728], "cam_t_m2c": [164.47166442871094, 7.246366500854492, 419.7249755859375], "obj_id": 1}, {"cam_R_m2c": [0.9958048462867737, -0.05419068783521652, 0.07372985035181046, -0.04910387471318245, 0.36343538761138916, 0.930324375629425, -0.07721095532178879, -0.9300419092178345, 0.3592497408390045], "cam_t_m2c": [130.03866577148438, 29.637922286987305, 332.3796081542969], "obj_id": 1}, {"cam_R_m2c": [0.5183847546577454, -0.6521989703178406, 0.553094744682312, 0.28887271881103516, -0.4752085506916046, -0.8311012983322144, 0.8048787713050842, 0.5906041860580444, -0.057938385754823685], "cam_t_m2c": [328.386962890625, -47.63738250732422, 477.5741882324219], "obj_id": 1}, {"cam_R_m2c": [0.8720811605453491, 0.206740140914917, 0.4435458481311798, 0.41628319025039673, 0.16307877004146576, -0.894490659236908, -0.2572600245475769, 0.9647091627120972, 0.0561554878950119], "cam_t_m2c": [184.50576782226562, -18.771373748779297, 403.1924133300781], "obj_id": 3}, {"cam_R_m2c": [-0.0158989354968071, -0.9982969164848328, -0.056127194315195084, -0.9318491816520691, -0.005556937772780657, 0.36280301213264465, -0.3624970614910126, 0.058070309460163116, -0.9301737546920776], "cam_t_m2c": [102.97691345214844, 8.358046531677246, 350.7333679199219], "obj_id": 0}, {"cam_R_m2c": [-0.1742916703224182, 0.9480180740356445, -0.2662403881549835, -0.031277887523174286, 0.2649124562740326, 0.9637649655342102, 0.9841970801353455, 0.17630377411842346, -0.0165199413895607], "cam_t_m2c": [287.1780090332031, 76.93718719482422, 399.91949462890625], "obj_id": 1}, {"cam_R_m2c": [0.9670990705490112, -0.24673806130886078, 0.061965689063072205, 0.013327810913324356, 0.29238083958625793, 0.9562090635299683, -0.25405076146125793, -0.9239229559898376, 0.2860496938228607], "cam_t_m2c": [42.76839065551758, 8.805312156677246, 307.50225830078125], "obj_id": 1}, {"cam_R_m2c": [0.7431268095970154, -0.6649401187896729, -0.07494744658470154, -0.010809305123984814, 0.10006053745746613, -0.9949225783348083, 0.6690632700920105, 0.7401637434959412, 0.0671701431274414], "cam_t_m2c": [160.34669494628906, -45.856998443603516, 439.07958984375], "obj_id": 3}, {"cam_R_m2c": [0.5381532311439514, 0.24298745393753052, 0.8070614337921143, 0.8337304592132568, -0.29392215609550476, -0.4674430191516876, 0.12363055348396301, 0.9244276881217957, -0.3607611656188965], "cam_t_m2c": [234.15301513671875, -27.468027114868164, 379.23626708984375], "obj_id": 1}, {"cam_R_m2c": [-0.351624459028244, 0.5530070662498474, 0.7553430795669556, 0.24647337198257446, 0.8330894112586975, -0.4951897859573364, -0.9031117558479309, 0.012051074765622616, -0.42923611402511597], "cam_t_m2c": [83.51852416992188, -105.36305236816406, 517.2335205078125], "obj_id": 3}, {"cam_R_m2c": [0.9264975190162659, 0.1932435929775238, 0.3228919804096222, 0.19814848899841309, -0.9800075888633728, 0.017950592562556267, 0.31990543007850647, 0.04734937846660614, -0.9462655186653137], "cam_t_m2c": [320.6171875, 19.347877502441406, 470.3184814453125], "obj_id": 3}, {"cam_R_m2c": [-0.0016035186126828194, -0.9571608901023865, -0.28955185413360596, -0.9581958651542664, -0.08137263357639313, 0.2742973566055298, -0.2861083447933197, 0.2778872847557068, -0.9170171618461609], "cam_t_m2c": [88.82964324951172, 48.338436126708984, 241.34205627441406], "obj_id": 0}, {"cam_R_m2c": [-0.9590287804603577, 0.21161004900932312, -0.18837495148181915, -0.2481442391872406, -0.30657050013542175, 0.918933629989624, 0.1367053985595703, 0.9280279278755188, 0.3465196490287781], "cam_t_m2c": [301.56781005859375, 65.05464172363281, 435.4596252441406], "obj_id": 1}, {"cam_R_m2c": [0.8036518096923828, -0.4011758267879486, -0.43954718112945557, 0.0417778342962265, 0.7748222947120667, -0.6307971477508545, 0.5936315059661865, 0.4885779321193695, 0.6394475698471069], "cam_t_m2c": [178.2195587158203, -70.66654205322266, 471.9819030761719], "obj_id": 3}, {"cam_R_m2c": [-0.018184112384915352, -0.13109003007411957, 0.9912036657333374, 0.37494462728500366, 0.9181256294250488, 0.12830376625061035, -0.9268687963485718, 0.3739795982837677, 0.032456208020448685], "cam_t_m2c": [115.47613525390625, -78.09095764160156, 435.7490539550781], "obj_id": 3}, {"cam_R_m2c": [0.3143419623374939, -0.014416475780308247, 0.9492003321647644, -0.8056663274765015, 0.5247840285301208, 0.27477890253067017, -0.5020864605903625, -0.8511133193969727, 0.15334677696228027], "cam_t_m2c": [142.17654418945312, -69.79413604736328, 410.55419921875], "obj_id": 2}, {"cam_R_m2c": [-0.9495373964309692, -0.1559513509273529, 0.27213555574417114, -0.29897740483283997, 0.7123232483863831, -0.6349866986274719, -0.09482143074274063, -0.6843060851097107, -0.7230034470558167], "cam_t_m2c": [166.49560546875, -31.553003311157227, 418.685791015625], "obj_id": 3}, {"cam_R_m2c": [-0.899061918258667, -0.38605889678001404, 0.20650933682918549, -0.15092328190803528, 0.7160432934761047, 0.6815454363822937, -0.4109863042831421, 0.5815845131874084, -0.7020325064659119], "cam_t_m2c": [310.46368408203125, 16.482852935791016, 358.1757507324219], "obj_id": 3}, {"cam_R_m2c": [0.21764370799064636, -0.3262525498867035, 0.9198861718177795, -0.7323972582817078, 0.5683881044387817, 0.37487226724624634, -0.6451554298400879, -0.7553107142448425, -0.11524038761854172], "cam_t_m2c": [268.8896484375, 81.08245849609375, 317.5268859863281], "obj_id": 0}, {"cam_R_m2c": [-0.3126777112483978, 0.9233559966087341, 0.22281397879123688, 0.8783905506134033, 0.19181492924690247, 0.4377635717391968, 0.36147263646125793, 0.33259668946266174, -0.8710433840751648], "cam_t_m2c": [285.6292419433594, 53.734954833984375, 404.8934020996094], "obj_id": 2}, {"cam_R_m2c": [-0.6510050892829895, 0.08574420213699341, -0.754214882850647, 0.7143821716308594, 0.40510475635528564, -0.5705682635307312, 0.2566130757331848, -0.9102405905723572, -0.32497933506965637], "cam_t_m2c": [97.82917022705078, -25.20951271057129, 332.9232482910156], "obj_id": 1}, {"cam_R_m2c": [0.22147801518440247, 0.9442819356918335, -0.24347272515296936, -0.15368464589118958, -0.21275389194488525, -0.9649438261985779, -0.9629788994789124, 0.2511318027973175, 0.09800142794847488], "cam_t_m2c": [346.47613525390625, -4.760353088378906, 347.1334533691406], "obj_id": 1}, {"cam_R_m2c": [0.6868453025817871, 0.43989890813827515, -0.5785607099533081, -0.3447449207305908, -0.5036007761955261, -0.7921724915504456, -0.6398394107818604, 0.7435557842254639, -0.19424289464950562], "cam_t_m2c": [3.0778403282165527, -186.8538055419922, 507.36456298828125], "obj_id": 1}, {"cam_R_m2c": [0.4519100785255432, -0.3587970733642578, -0.8167263269424438, -0.8919230699539185, -0.19797517359256744, -0.40654507279396057, -0.015824398025870323, 0.9121789336204529, -0.4094863533973694], "cam_t_m2c": [61.88450622558594, -170.95274353027344, 482.4293518066406], "obj_id": 2}, {"cam_R_m2c": [-0.5186086297035217, -0.21127566695213318, 0.8284972310066223, 0.6876875758171082, -0.678864598274231, 0.25734925270080566, 0.5080658197402954, 0.7032108306884766, 0.49735668301582336], "cam_t_m2c": [39.712520599365234, -94.7546157836914, 373.7010803222656], "obj_id": 0}, {"cam_R_m2c": [0.5623189210891724, 0.5748645067214966, -0.594414234161377, -0.05983364209532738, 0.7452301979064941, 0.6641173958778381, 0.824752926826477, -0.33787980675697327, 0.45345330238342285], "cam_t_m2c": [14.004508972167969, -133.8920135498047, 489.3807678222656], "obj_id": 3}, {"cam_R_m2c": [0.10243822634220123, 0.9919911623001099, -0.07389026135206223, 0.7920994162559509, -0.12627877295017242, -0.597186803817749, -0.6017348170280457, 0.002646283945068717, -0.7986913919448853], "cam_t_m2c": [158.4661407470703, -26.46095848083496, 279.146728515625], "obj_id": 1}, {"cam_R_m2c": [-0.013220925815403461, -0.9905915856361389, 0.1362103670835495, -0.9057391881942749, 0.06957709044218063, 0.4180852770805359, -0.42362892627716064, -0.11784355342388153, -0.8981375098228455], "cam_t_m2c": [172.3520050048828, 161.06800842285156, 39.6531867980957], "obj_id": 0}, {"cam_R_m2c": [0.18199142813682556, 0.9607452154159546, -0.2093982994556427, -0.4222505986690521, -0.11596162617206573, -0.8990312218666077, -0.8880221843719482, 0.252034455537796, 0.3845713436603546], "cam_t_m2c": [284.2795104980469, -35.96345901489258, 383.9333190917969], "obj_id": 1}, {"cam_R_m2c": [-0.3542042374610901, -0.8080461621284485, 0.47074463963508606, -0.4609296917915344, -0.2871379256248474, -0.8396995663642883, 0.8136847615242004, -0.5144054889678955, -0.2707468271255493], "cam_t_m2c": [181.7704315185547, -61.524600982666016, 535.2189331054688], "obj_id": 3}, {"cam_R_m2c": [0.6608134508132935, 0.6333109736442566, -0.40279364585876465, 0.07726847380399704, 0.47640952467918396, 0.875821590423584, 0.7465621829032898, -0.6098779439926147, 0.26588284969329834], "cam_t_m2c": [381.6987609863281, 52.42538070678711, 535.4524536132812], "obj_id": 1}]
}