{
  "0": [{"cam_R_m2c": [0.6237897872924805, 0.6211143732070923, 0.47445040941238403, 0.6520854234695435, -0.07891576737165451, -0.7540270686149597, -0.4308954179286957, 0.7797365784645081, -0.454246461391449], "cam_t_m2c": [-4983.99609375, 69753.234375, 16650.591796875], "obj_id": 0}, {"cam_R_m2c": [-0.10861784964799881, 0.05528932437300682, -0.9925447106361389, -0.8798655271530151, 0.4593292474746704, 0.12187378853559494, 0.4626430869102478, 0.8865436315536499, -0.0012441218132153153], "cam_t_m2c": [-4937.16015625, 69727.6640625, 16767.56640625], "obj_id": 2}, {"cam_R_m2c": [-0.02786899171769619, 0.970825731754303, 0.238161101937294, 0.5087289214134216, 0.21886593103408813, -0.8326419591903687, -0.8604755997657776, 0.09795455634593964, -0.4999867081642151], "cam_t_m2c": [12292.0576171875, -2903.297607421875, -7599.365234375], "obj_id": 0}, {"cam_R_m2c": [-0.11200974881649017, 0.9904202222824097, 0.08075623214244843, 0.2745611369609833, 0.1089499369263649, -0.955377459526062, -0.9550235271453857, -0.08483907580375671, -0.2841343283653259], "cam_t_m2c": [170.5954132080078, -196.48802185058594, 1011.683349609375], "obj_id": 3}],
  "1": [{"cam_R_m2c": [0.2194228172302246, -0.9725757837295532, -0.0771358385682106, -0.8172521591186523, -0.14004510641098022, -0.5590047240257263, 0.5328719615936279, 0.18569782376289368, -0.8255687952041626], "cam_t_m2c": [9180.69140625, 5024.47314453125, 71932.953125], "obj_id": 0}, {"cam_R_m2c": [-0.568255603313446, -0.6252342462539673, 0.5349462628364563, 0.4118103086948395, 0.3467456102371216, 0.8427215814590454, -0.7123886942863464, 0.6991777420043945, 0.06043783947825432], "cam_t_m2c": [9054.380859375, 5044.76611328125, 71945.3671875], "obj_id": 2}, {"cam_R_m2c": [0.8592162132263184, -0.5083754658699036, 0.05746231600642204, -0.45458513498306274, -0.810143768787384, -0.3701613247394562, 0.2347336709499359, 0.2919270694255829, -0.9271885752677917], "cam_t_m2c": [111.84110260009766, -14624.7919921875, -3546.16552734375], "obj_id": 0}, {"cam_R_m2c": [0.9138361215591431, -0.39930346608161926, -0.07389397919178009, -0.4055333137512207, -0.9068289399147034, -0.11490856111049652, -0.021125812083482742, 0.13497406244277954, -0.9906238913536072], "cam_t_m2c": [-71.54762268066406, -169.10076904296875, 859.1619262695312], "obj_id": 3}]
}