{
  "0": [{"cam_R_m2c": [0.27525854110717773, 0.0037066000513732433, -0.9613630771636963, 0.924294650554657, -0.27605172991752625, 0.2635807394981384, -0.26440897583961487, -0.9611356258392334, -0.0794115886092186], "cam_t_m2c": [-397.5470275878906, 136.7295379638672, 1014.17041015625], "obj_id": 2}, {"cam_R_m2c": [-0.9615922570228577, 0.1810988038778305, 0.20626094937324524, 0.05462716147303581, 0.8626892566680908, -0.5027754306793213, -0.2689911425113678, -0.4721975028514862, -0.8394482135772705], "cam_t_m2c": [1325.012451171875, 5110.109375, 3146.01513671875], "obj_id": 2}, {"cam_R_m2c": [0.770473837852478, -0.45622026920318604, 0.4452337622642517, -0.1993272602558136, 0.4909994304180145, 0.8480496406555176, -0.605506956577301, -0.7421472668647766, 0.2873650789260864], "cam_t_m2c": [1304.7613525390625, 5029.38232421875, 3218.2705078125], "obj_id": 2}],
  "1": [{"cam_R_m2c": [-0.02620839700102806, 0.21765615046024323, 0.9756735563278198, 0.4658404290676117, -0.8608981966972351, 0.20456507802009583, 0.8844805359840393, 0.45986953377723694, -0.07883023470640182], "cam_t_m2c": [418.684326171875, 78.66255950927734, 1007.03955078125], "obj_id": 2}, {"cam_R_m2c": [0.9928045868873596, 0.11019372940063477, -0.046866148710250854, -0.0767485499382019, 0.285133421421051, -0.9554101824760437, -0.09191710501909256, 0.9521324634552002, 0.29153895378112793], "cam_t_m2c": [-944.77099609375, 5013.72900390625, 3463.548828125], "obj_id": 2}, {"cam_R_m2c": [-0.5926899313926697, 0.7233348488807678, -0.3542671799659729, -0.6157315969467163, -0.1233639195561409, 0.7782389521598816, 0.5192235708236694, 0.6793879270553589, 0.5184967517852783], "cam_t_m2c": [-959.8059692382812, 5006.76171875, 3354.58984375], "obj_id": 2}]
}