{
  "0": [{"cam_R_m2c": [0.3227942883968353, 0.3165041208267212, 0.8919803500175476, 0.37281668186187744, -0.9087554812431335, 0.1875397264957428, 0.8699491620063782, 0.27200841903686523, -0.41133907437324524], "cam_t_m2c": [306.2982177734375, 179.5935516357422, 830.6257934570312], "obj_id": 0}, {"cam_R_m2c": [0.5203965306282043, -0.7971837520599365, 0.3060809373855591, 0.4926498532295227, 0.5730530619621277, 0.6549093723297119, -0.6974837183952332, -0.19002185761928558, 0.6909472942352295], "cam_t_m2c": [363.61181640625, 219.42376708984375, 879.9306030273438], "obj_id": 1}, {"cam_R_m2c": [-0.2732580006122589, -0.21969418227672577, 0.9365172982215881, -0.4498319923877716, 0.889746904373169, 0.0774700790643692, -0.850283145904541, -0.4001061022281647, -0.34195592999458313], "cam_t_m2c": [-170.89500427246094, 191.62222290039062, 970.2212524414062], "obj_id": 2}, {"cam_R_m2c": [0.23516367375850677, 0.4393954873085022, 0.8669657111167908, 0.5846141576766968, -0.7765352129936218, 0.23498749732971191, 0.7764819860458374, 0.4515799582004547, -0.4394896626472473], "cam_t_m2c": [133.67727661132812, 14.863019943237305, 1090.4007568359375], "obj_id": 2}, {"cam_R_m2c": [-0.3727778494358063, -0.5676376819610596, 0.7340465188026428, 0.6345260739326477, -0.733142614364624, -0.24470125138759613, 0.6770623326301575, 0.374552458524704, 0.6334801316261292], "cam_t_m2c": [-14.505380630493164, 93.428466796875, 1076.1279296875], "obj_id": 2}, {"cam_R_m2c": [0.7054963111877441, -0.5612114071846008, -0.43280094861984253, 0.4692314565181732, 0.827548086643219, -0.3081979751586914, 0.5311278104782104, 0.01434868574142456, 0.8471701741218567], "cam_t_m2c": [271.6515808105469, 77.44387817382812, 1024.8062744140625], "obj_id": 1}, {"cam_R_m2c": [0.11770198494195938, -0.991543710231781, 0.05465441942214966, -0.3272257149219513, 0.013237393461167812, 0.9448533654212952, -0.9375869631767273, -0.12909534573554993, -0.3229004740715027], "cam_t_m2c": [-179.8966064453125, -49.1727180480957, 1154.2418212890625], "obj_id": 2}, {"cam_R_m2c": [0.21358028054237366, -0.19653300940990448, -0.9569525718688965, 0.5988340973854065, 0.8002842664718628, -0.03070491924881935, 0.7718686461448669, -0.5664978623390198, 0.2886156141757965], "cam_t_m2c": [-227.14614868164062, 55.30724334716797, 950.9417724609375], "obj_id": 3}],
  "1": [{"cam_R_m2c": [0.3227942883968353, 0.3165041208267212, 0.8919803500175476, 0.37281668186187744, -0.9087554812431335, 0.1875397264957428, 0.8699491620063782, 0.27200841903686523, -0.41133907437324524], "cam_t_m2c": [306.2982177734375, 179.5935516357422, 830.6257934570312], "obj_id": 0}, {"cam_R_m2c": [0.5203965306282043, -0.7971837520599365, 0.3060809373855591, 0.4926498532295227, 0.5730530619621277, 0.6549093723297119, -0.6974837183952332, -0.19002185761928558, 0.6909472942352295], "cam_t_m2c": [363.61181640625, 219.42376708984375, 879.9306030273438], "obj_id": 1}, {"cam_R_m2c": [-0.2732580006122589, -0.21969418227672577, 0.9365172982215881, -0.4498319923877716, 0.889746904373169, 0.0774700790643692, -0.850283145904541, -0.4001061022281647, -0.34195592999458313], "cam_t_m2c": [-170.89500427246094, 191.62222290039062, 970.2212524414062], "obj_id": 2}, {"cam_R_m2c": [0.23516367375850677, 0.4393954873085022, 0.8669657111167908, 0.5846141576766968, -0.7765352129936218, 0.23498749732971191, 0.7764819860458374, 0.4515799582004547, -0.4394896626472473], "cam_t_m2c": [133.67727661132812, 14.863019943237305, 1090.4007568359375], "obj_id": 2}, {"cam_R_m2c": [-0.3727778494358063, -0.5676376819610596, 0.7340465188026428, 0.6345260739326477, -0.733142614364624, -0.24470125138759613, 0.6770623326301575, 0.374552458524704, 0.6334801316261292], "cam_t_m2c": [-14.505380630493164, 93.428466796875, 1076.1279296875], "obj_id": 2}, {"cam_R_m2c": [0.7054963111877441, -0.5612114071846008, -0.43280094861984253, 0.4692314565181732, 0.827548086643219, -0.3081979751586914, 0.5311278104782104, 0.01434868574142456, 0.8471701741218567], "cam_t_m2c": [271.6515808105469, 77.44387817382812, 1024.8062744140625], "obj_id": 1}, {"cam_R_m2c": [0.11770198494195938, -0.991543710231781, 0.05465441942214966, -0.3272257149219513, 0.013237393461167812, 0.9448533654212952, -0.9375869631767273, -0.12909534573554993, -0.3229004740715027], "cam_t_m2c": [-179.8966064453125, -49.1727180480957, 1154.2418212890625], "obj_id": 2}, {"cam_R_m2c": [0.21358028054237366, -0.19653300940990448, -0.9569525718688965, 0.5988340973854065, 0.8002842664718628, -0.03070491924881935, 0.7718686461448669, -0.5664978623390198, 0.2886156141757965], "cam_t_m2c": [-227.14614868164062, 55.30724334716797, 950.9417724609375], "obj_id": 3}],
  "2": [{"cam_R_m2c": [0.3227942883968353, 0.3165041208267212, 0.8919803500175476, 0.37281668186187744, -0.9087554812431335, 0.1875397264957428, 0.8699491620063782, 0.27200841903686523, -0.41133907437324524], "cam_t_m2c": [306.2982177734375, 179.5935516357422, 830.6257934570312], "obj_id": 0}, {"cam_R_m2c": [0.5203965306282043, -0.7971837520599365, 0.3060809373855591, 0.4926498532295227, 0.5730530619621277, 0.6549093723297119, -0.6974837183952332, -0.19002185761928558, 0.6909472942352295], "cam_t_m2c": [363.61181640625, 219.42376708984375, 879.9306030273438], "obj_id": 1}, {"cam_R_m2c": [-0.2732580006122589, -0.21969418227672577, 0.9365172982215881, -0.4498319923877716, 0.889746904373169, 0.0774700790643692, -0.850283145904541, -0.4001061022281647, -0.34195592999458313], "cam_t_m2c": [-170.89500427246094, 191.62222290039062, 970.2212524414062], "obj_id": 2}, {"cam_R_m2c": [0.23516367375850677, 0.4393954873085022, 0.8669657111167908, 0.5846141576766968, -0.7765352129936218, 0.23498749732971191, 0.7764819860458374, 0.4515799582004547, -0.4394896626472473], "cam_t_m2c": [133.67727661132812, 14.863019943237305, 1090.4007568359375], "obj_id": 2}, {"cam_R_m2c": [-0.3727778494358063, -0.5676376819610596, 0.7340465188026428, 0.6345260739326477, -0.733142614364624, -0.24470125138759613, 0.6770623326301575, 0.374552458524704, 0.6334801316261292], "cam_t_m2c": [-14.505380630493164, 93.428466796875, 1076.1279296875], "obj_id": 2}, {"cam_R_m2c": [0.7054963111877441, -0.5612114071846008, -0.43280094861984253, 0.4692314565181732, 0.827548086643219, -0.3081979751586914, 0.5311278104782104, 0.01434868574142456, 0.8471701741218567], "cam_t_m2c": [271.6515808105469, 77.44387817382812, 1024.8062744140625], "obj_id": 1}, {"cam_R_m2c": [0.11770198494195938, -0.991543710231781, 0.05465441942214966, -0.3272257149219513, 0.013237393461167812, 0.9448533654212952, -0.9375869631767273, -0.12909534573554993, -0.3229004740715027], "cam_t_m2c": [-179.8966064453125, -49.1727180480957, 1154.2418212890625], "obj_id": 2}, {"cam_R_m2c": [0.21358028054237366, -0.19653300940990448, -0.9569525718688965, 0.5988340973854065, 0.8002842664718628, -0.03070491924881935, 0.7718686461448669, -0.5664978623390198, 0.2886156141757965], "cam_t_m2c": [-227.14614868164062, 55.30724334716797, 950.9417724609375], "obj_id": 3}],
  "3": [{"cam_R_m2c": [0.3227942883968353, 0.3165041208267212, 0.8919803500175476, 0.37281668186187744, -0.9087554812431335, 0.1875397264957428, 0.8699491620063782, 0.27200841903686523, -0.41133907437324524], "cam_t_m2c": [306.2982177734375, 179.5935516357422, 830.6257934570312], "obj_id": 0}, {"cam_R_m2c": [0.5203965306282043, -0.7971837520599365, 0.3060809373855591, 0.4926498532295227, 0.5730530619621277, 0.6549093723297119, -0.6974837183952332, -0.19002185761928558, 0.6909472942352295], "cam_t_m2c": [363.61181640625, 219.42376708984375, 879.9306030273438], "obj_id": 1}, {"cam_R_m2c": [-0.2732580006122589, -0.21969418227672577, 0.9365172982215881, -0.4498319923877716, 0.889746904373169, 0.0774700790643692, -0.850283145904541, -0.4001061022281647, -0.34195592999458313], "cam_t_m2c": [-170.89500427246094, 191.62222290039062, 970.2212524414062], "obj_id": 2}, {"cam_R_m2c": [0.23516367375850677, 0.4393954873085022, 0.8669657111167908, 0.5846141576766968, -0.7765352129936218, 0.23498749732971191, 0.7764819860458374, 0.4515799582004547, -0.4394896626472473], "cam_t_m2c": [133.67727661132812, 14.863019943237305, 1090.4007568359375], "obj_id": 2}, {"cam_R_m2c": [-0.3727778494358063, -0.5676376819610596, 0.7340465188026428, 0.6345260739326477, -0.733142614364624, -0.24470125138759613, 0.6770623326301575, 0.374552458524704, 0.6334801316261292], "cam_t_m2c": [-14.505380630493164, 93.428466796875, 1076.1279296875], "obj_id": 2}, {"cam_R_m2c": [0.7054963111877441, -0.5612114071846008, -0.43280094861984253, 0.4692314565181732, 0.827548086643219, -0.3081979751586914, 0.5311278104782104, 0.01434868574142456, 0.8471701741218567], "cam_t_m2c": [271.6515808105469, 77.44387817382812, 1024.8062744140625], "obj_id": 1}, {"cam_R_m2c": [0.11770198494195938, -0.991543710231781, 0.05465441942214966, -0.3272257149219513, 0.013237393461167812, 0.9448533654212952, -0.9375869631767273, -0.12909534573554993, -0.3229004740715027], "cam_t_m2c": [-179.8966064453125, -49.1727180480957, 1154.2418212890625], "obj_id": 2}, {"cam_R_m2c": [0.21358028054237366, -0.19653300940990448, -0.9569525718688965, 0.5988340973854065, 0.8002842664718628, -0.03070491924881935, 0.7718686461448669, -0.5664978623390198, 0.2886156141757965], "cam_t_m2c": [-227.14614868164062, 55.30724334716797, 950.9417724609375], "obj_id": 3}],
  "4": [{"cam_R_m2c": [0.3227942883968353, 0.3165041208267212, 0.8919803500175476, 0.37281668186187744, -0.9087554812431335, 0.1875397264957428, 0.8699491620063782, 0.27200841903686523, -0.41133907437324524], "cam_t_m2c": [306.2982177734375, 179.5935516357422, 830.6257934570312], "obj_id": 0}, {"cam_R_m2c": [0.5203965306282043, -0.7971837520599365, 0.3060809373855591, 0.4926498532295227, 0.5730530619621277, 0.6549093723297119, -0.6974837183952332, -0.19002185761928558, 0.6909472942352295], "cam_t_m2c": [363.61181640625, 219.42376708984375, 879.9306030273438], "obj_id": 1}, {"cam_R_m2c": [-0.2732580006122589, -0.21969418227672577, 0.9365172982215881, -0.4498319923877716, 0.889746904373169, 0.0774700790643692, -0.850283145904541, -0.4001061022281647, -0.34195592999458313], "cam_t_m2c": [-170.89500427246094, 191.62222290039062, 970.2212524414062], "obj_id": 2}, {"cam_R_m2c": [0.23516367375850677, 0.4393954873085022, 0.8669657111167908, 0.5846141576766968, -0.7765352129936218, 0.23498749732971191, 0.7764819860458374, 0.4515799582004547, -0.4394896626472473], "cam_t_m2c": [133.67727661132812, 14.863019943237305, 1090.4007568359375], "obj_id": 2}, {"cam_R_m2c": [-0.3727778494358063, -0.5676376819610596, 0.7340465188026428, 0.6345260739326477, -0.733142614364624, -0.24470125138759613, 0.6770623326301575, 0.374552458524704, 0.6334801316261292], "cam_t_m2c": [-14.505380630493164, 93.428466796875, 1076.1279296875], "obj_id": 2}, {"cam_R_m2c": [0.7054963111877441, -0.5612114071846008, -0.43280094861984253, 0.4692314565181732, 0.827548086643219, -0.3081979751586914, 0.5311278104782104, 0.01434868574142456, 0.8471701741218567], "cam_t_m2c": [271.6515808105469, 77.44387817382812, 1024.8062744140625], "obj_id": 1}, {"cam_R_m2c": [0.11770198494195938, -0.991543710231781, 0.05465441942214966, -0.3272257149219513, 0.013237393461167812, 0.9448533654212952, -0.9375869631767273, -0.12909534573554993, -0.3229004740715027], "cam_t_m2c": [-179.8966064453125, -49.1727180480957, 1154.2418212890625], "obj_id": 2}, {"cam_R_m2c": [0.21358028054237366, -0.19653300940990448, -0.9569525718688965, 0.5988340973854065, 0.8002842664718628, -0.03070491924881935, 0.7718686461448669, -0.5664978623390198, 0.2886156141757965], "cam_t_m2c": [-227.14614868164062, 55.30724334716797, 950.9417724609375], "obj_id": 3}],
  "5": [{"cam_R_m2c": [-0.4945577085018158, -0.08509686589241028, -0.8649687767028809, 0.8582016229629517, 0.10961350053548813, -0.501472532749176, 0.13748593628406525, -0.990324854850769, 0.018820179626345634], "cam_t_m2c": [-293.5531921386719, -208.07952880859375, 884.154296875], "obj_id": 0}, {"cam_R_m2c": [-0.5631805062294006, 0.6280314326286316, -0.5370327234268188, -0.6937461495399475, -0.006269552279263735, 0.7201922535896301, 0.44893643260002136, 0.7781626582145691, 0.43922534584999084], "cam_t_m2c": [-364.0024108886719, -162.36923217773438, 899.957275390625], "obj_id": 1}, {"cam_R_m2c": [0.46591484546661377, 0.00996183231472969, -0.8847734332084656, -0.8553191423416138, -0.2510198950767517, -0.4532306492328644, -0.22661083936691284, 0.9679305553436279, -0.108433298766613], "cam_t_m2c": [146.7877960205078, -4.6806206703186035, 994.03466796875], "obj_id": 2}, {"cam_R_m2c": [-0.45850545167922974, -0.25596708059310913, -0.851030707359314, 0.8049834966659546, 0.2861115038394928, -0.5197514891624451, 0.37652888894081116, -0.9233747124671936, 0.07486575096845627], "cam_t_m2c": [-109.15947723388672, 49.79780197143555, 729.5081176757812], "obj_id": 2}, {"cam_R_m2c": [0.12023167312145233, 0.7047138810157776, -0.6992299556732178, 0.7960184812545776, 0.3524397015571594, 0.49207803606987, 0.5932106375694275, -0.6157633662223816, -0.5185908675193787], "cam_t_m2c": [13.053800582885742, 65.78621673583984, 844.1493530273438], "obj_id": 2}, {"cam_R_m2c": [-0.8541228771209717, 0.31347325444221497, 0.4149801731109619, 0.4855346083641052, 0.19470801949501038, 0.8522586822509766, 0.18636035919189453, 0.9294209480285645, -0.31850665807724], "cam_t_m2c": [-251.80319213867188, -25.464916229248047, 764.7816162109375], "obj_id": 1}, {"cam_R_m2c": [0.06683927774429321, 0.9590415358543396, -0.27526694536209106, -0.9786365032196045, 0.009253312833607197, -0.20538990199565887, -0.19443030655384064, 0.28311437368392944, 0.9391714930534363], "cam_t_m2c": [202.2906494140625, 146.96279907226562, 737.421142578125], "obj_id": 2}, {"cam_R_m2c": [-0.4412052035331726, 0.02809842862188816, 0.8969662189483643, 0.8051723837852478, -0.4289690852165222, 0.40949103236198425, 0.3962768614292145, 0.9028820395469666, 0.16663935780525208], "cam_t_m2c": [239.26864624023438, -33.21503829956055, 881.115478515625], "obj_id": 3}],
  "6": [{"cam_R_m2c": [-0.4945577085018158, -0.08509686589241028, -0.8649687767028809, 0.8582016229629517, 0.10961350053548813, -0.501472532749176, 0.13748593628406525, -0.990324854850769, 0.018820179626345634], "cam_t_m2c": [-293.5531921386719, -208.07952880859375, 884.154296875], "obj_id": 0}, {"cam_R_m2c": [-0.5631805062294006, 0.6280314326286316, -0.5370327234268188, -0.6937461495399475, -0.006269552279263735, 0.7201922535896301, 0.44893643260002136, 0.7781626582145691, 0.43922534584999084], "cam_t_m2c": [-364.0024108886719, -162.36923217773438, 899.957275390625], "obj_id": 1}, {"cam_R_m2c": [0.46591484546661377, 0.00996183231472969, -0.8847734332084656, -0.8553191423416138, -0.2510198950767517, -0.4532306492328644, -0.22661083936691284, 0.9679305553436279, -0.108433298766613], "cam_t_m2c": [146.7877960205078, -4.6806206703186035, 994.03466796875], "obj_id": 2}, {"cam_R_m2c": [-0.45850545167922974, -0.25596708059310913, -0.851030707359314, 0.8049834966659546, 0.2861115038394928, -0.5197514891624451, 0.37652888894081116, -0.9233747124671936, 0.07486575096845627], "cam_t_m2c": [-109.15947723388672, 49.79780197143555, 729.5081176757812], "obj_id": 2}, {"cam_R_m2c": [0.12023167312145233, 0.7047138810157776, -0.6992299556732178, 0.7960184812545776, 0.3524397015571594, 0.49207803606987, 0.5932106375694275, -0.6157633662223816, -0.5185908675193787], "cam_t_m2c": [13.053800582885742, 65.78621673583984, 844.1493530273438], "obj_id": 2}, {"cam_R_m2c": [-0.8541228771209717, 0.31347325444221497, 0.4149801731109619, 0.4855346083641052, 0.19470801949501038, 0.8522586822509766, 0.18636035919189453, 0.9294209480285645, -0.31850665807724], "cam_t_m2c": [-251.80319213867188, -25.464916229248047, 764.7816162109375], "obj_id": 1}, {"cam_R_m2c": [0.06683927774429321, 0.9590415358543396, -0.27526694536209106, -0.9786365032196045, 0.009253312833607197, -0.20538990199565887, -0.19443030655384064, 0.28311437368392944, 0.9391714930534363], "cam_t_m2c": [202.2906494140625, 146.96279907226562, 737.421142578125], "obj_id": 2}, {"cam_R_m2c": [-0.4412052035331726, 0.02809842862188816, 0.8969662189483643, 0.8051723837852478, -0.4289690852165222, 0.40949103236198425, 0.3962768614292145, 0.9028820395469666, 0.16663935780525208], "cam_t_m2c": [239.26864624023438, -33.21503829956055, 881.115478515625], "obj_id": 3}],
  "7": [{"cam_R_m2c": [-0.4945577085018158, -0.08509686589241028, -0.8649687767028809, 0.8582016229629517, 0.10961350053548813, -0.501472532749176, 0.13748593628406525, -0.990324854850769, 0.018820179626345634], "cam_t_m2c": [-293.5531921386719, -208.07952880859375, 884.154296875], "obj_id": 0}, {"cam_R_m2c": [-0.5631805062294006, 0.6280314326286316, -0.5370327234268188, -0.6937461495399475, -0.006269552279263735, 0.7201922535896301, 0.44893643260002136, 0.7781626582145691, 0.43922534584999084], "cam_t_m2c": [-364.0024108886719, -162.36923217773438, 899.957275390625], "obj_id": 1}, {"cam_R_m2c": [0.46591484546661377, 0.00996183231472969, -0.8847734332084656, -0.8553191423416138, -0.2510198950767517, -0.4532306492328644, -0.22661083936691284, 0.9679305553436279, -0.108433298766613], "cam_t_m2c": [146.7877960205078, -4.6806206703186035, 994.03466796875], "obj_id": 2}, {"cam_R_m2c": [-0.45850545167922974, -0.25596708059310913, -0.851030707359314, 0.8049834966659546, 0.2861115038394928, -0.5197514891624451, 0.37652888894081116, -0.9233747124671936, 0.07486575096845627], "cam_t_m2c": [-109.15947723388672, 49.79780197143555, 729.5081176757812], "obj_id": 2}, {"cam_R_m2c": [0.12023167312145233, 0.7047138810157776, -0.6992299556732178, 0.7960184812545776, 0.3524397015571594, 0.49207803606987, 0.5932106375694275, -0.6157633662223816, -0.5185908675193787], "cam_t_m2c": [13.053800582885742, 65.78621673583984, 844.1493530273438], "obj_id": 2}, {"cam_R_m2c": [-0.8541228771209717, 0.31347325444221497, 0.4149801731109619, 0.4855346083641052, 0.19470801949501038, 0.8522586822509766, 0.18636035919189453, 0.9294209480285645, -0.31850665807724], "cam_t_m2c": [-251.80319213867188, -25.464916229248047, 764.7816162109375], "obj_id": 1}, {"cam_R_m2c": [0.06683927774429321, 0.9590415358543396, -0.27526694536209106, -0.9786365032196045, 0.009253312833607197, -0.20538990199565887, -0.19443030655384064, 0.28311437368392944, 0.9391714930534363], "cam_t_m2c": [202.2906494140625, 146.96279907226562, 737.421142578125], "obj_id": 2}, {"cam_R_m2c": [-0.4412052035331726, 0.02809842862188816, 0.8969662189483643, 0.8051723837852478, -0.4289690852165222, 0.40949103236198425, 0.3962768614292145, 0.9028820395469666, 0.16663935780525208], "cam_t_m2c": [239.26864624023438, -33.21503829956055, 881.115478515625], "obj_id": 3}],
  "8": [{"cam_R_m2c": [-0.4945577085018158, -0.08509686589241028, -0.8649687767028809, 0.8582016229629517, 0.10961350053548813, -0.501472532749176, 0.13748593628406525, -0.990324854850769, 0.018820179626345634], "cam_t_m2c": [-293.5531921386719, -208.07952880859375, 884.154296875], "obj_id": 0}, {"cam_R_m2c": [-0.5631805062294006, 0.6280314326286316, -0.5370327234268188, -0.6937461495399475, -0.006269552279263735, 0.7201922535896301, 0.44893643260002136, 0.7781626582145691, 0.43922534584999084], "cam_t_m2c": [-364.0024108886719, -162.36923217773438, 899.957275390625], "obj_id": 1}, {"cam_R_m2c": [0.46591484546661377, 0.00996183231472969, -0.8847734332084656, -0.8553191423416138, -0.2510198950767517, -0.4532306492328644, -0.22661083936691284, 0.9679305553436279, -0.108433298766613], "cam_t_m2c": [146.7877960205078, -4.6806206703186035, 994.03466796875], "obj_id": 2}, {"cam_R_m2c": [-0.45850545167922974, -0.25596708059310913, -0.851030707359314, 0.8049834966659546, 0.2861115038394928, -0.5197514891624451, 0.37652888894081116, -0.9233747124671936, 0.07486575096845627], "cam_t_m2c": [-109.15947723388672, 49.79780197143555, 729.5081176757812], "obj_id": 2}, {"cam_R_m2c": [0.12023167312145233, 0.7047138810157776, -0.6992299556732178, 0.7960184812545776, 0.3524397015571594, 0.49207803606987, 0.5932106375694275, -0.6157633662223816, -0.5185908675193787], "cam_t_m2c": [13.053800582885742, 65.78621673583984, 844.1493530273438], "obj_id": 2}, {"cam_R_m2c": [-0.8541228771209717, 0.31347325444221497, 0.4149801731109619, 0.4855346083641052, 0.19470801949501038, 0.8522586822509766, 0.18636035919189453, 0.9294209480285645, -0.31850665807724], "cam_t_m2c": [-251.80319213867188, -25.464916229248047, 764.7816162109375], "obj_id": 1}, {"cam_R_m2c": [0.06683927774429321, 0.9590415358543396, -0.27526694536209106, -0.9786365032196045, 0.009253312833607197, -0.20538990199565887, -0.19443030655384064, 0.28311437368392944, 0.9391714930534363], "cam_t_m2c": [202.2906494140625, 146.96279907226562, 737.421142578125], "obj_id": 2}, {"cam_R_m2c": [-0.4412052035331726, 0.02809842862188816, 0.8969662189483643, 0.8051723837852478, -0.4289690852165222, 0.40949103236198425, 0.3962768614292145, 0.9028820395469666, 0.16663935780525208], "cam_t_m2c": [239.26864624023438, -33.21503829956055, 881.115478515625], "obj_id": 3}],
  "9": [{"cam_R_m2c": [-0.4945577085018158, -0.08509686589241028, -0.8649687767028809, 0.8582016229629517, 0.10961350053548813, -0.501472532749176, 0.13748593628406525, -0.990324854850769, 0.018820179626345634], "cam_t_m2c": [-293.5531921386719, -208.07952880859375, 884.154296875], "obj_id": 0}, {"cam_R_m2c": [-0.5631805062294006, 0.6280314326286316, -0.5370327234268188, -0.6937461495399475, -0.006269552279263735, 0.7201922535896301, 0.44893643260002136, 0.7781626582145691, 0.43922534584999084], "cam_t_m2c": [-364.0024108886719, -162.36923217773438, 899.957275390625], "obj_id": 1}, {"cam_R_m2c": [0.46591484546661377, 0.00996183231472969, -0.8847734332084656, -0.8553191423416138, -0.2510198950767517, -0.4532306492328644, -0.22661083936691284, 0.9679305553436279, -0.108433298766613], "cam_t_m2c": [146.7877960205078, -4.6806206703186035, 994.03466796875], "obj_id": 2}, {"cam_R_m2c": [-0.45850545167922974, -0.25596708059310913, -0.851030707359314, 0.8049834966659546, 0.2861115038394928, -0.5197514891624451, 0.37652888894081116, -0.9233747124671936, 0.07486575096845627], "cam_t_m2c": [-109.15947723388672, 49.79780197143555, 729.5081176757812], "obj_id": 2}, {"cam_R_m2c": [0.12023167312145233, 0.7047138810157776, -0.6992299556732178, 0.7960184812545776, 0.3524397015571594, 0.49207803606987, 0.5932106375694275, -0.6157633662223816, -0.5185908675193787], "cam_t_m2c": [13.053800582885742, 65.78621673583984, 844.1493530273438], "obj_id": 2}, {"cam_R_m2c": [-0.8541228771209717, 0.31347325444221497, 0.4149801731109619, 0.4855346083641052, 0.19470801949501038, 0.8522586822509766, 0.18636035919189453, 0.9294209480285645, -0.31850665807724], "cam_t_m2c": [-251.80319213867188, -25.464916229248047, 764.7816162109375], "obj_id": 1}, {"cam_R_m2c": [0.06683927774429321, 0.9590415358543396, -0.27526694536209106, -0.9786365032196045, 0.009253312833607197, -0.20538990199565887, -0.19443030655384064, 0.28311437368392944, 0.9391714930534363], "cam_t_m2c": [202.2906494140625, 146.96279907226562, 737.421142578125], "obj_id": 2}, {"cam_R_m2c": [-0.4412052035331726, 0.02809842862188816, 0.8969662189483643, 0.8051723837852478, -0.4289690852165222, 0.40949103236198425, 0.3962768614292145, 0.9028820395469666, 0.16663935780525208], "cam_t_m2c": [239.26864624023438, -33.21503829956055, 881.115478515625], "obj_id": 3}]
}