{
  "0": [{"cam_R_m2c": [-0.479641318321228, 0.10401034355163574, -0.8712783455848694, 0.6676534414291382, 0.6875668168067932, -0.2854657769203186, 0.569370687007904, -0.718633234500885, -0.3992283046245575], "cam_t_m2c": [-370.9610290527344, 150.38877868652344, 929.1983642578125], "obj_id": 0}, {"cam_R_m2c": [-0.49081000685691833, 0.8678480386734009, -0.07710489630699158, -0.3875040113925934, -0.13817308843135834, 0.9114541411399841, 0.7803499102592468, 0.47722938656806946, 0.40411144495010376], "cam_t_m2c": [-547.29833984375, 279.9281005859375, 870.0097045898438], "obj_id": 0}, {"cam_R_m2c": [-0.6221864223480225, -0.7828648686408997, 0.0025566057302057743, 0.14273329079151154, -0.11664781719446182, -0.9828633666038513, 0.7697474360466003, -0.6111593842506409, 0.1843176633119583], "cam_t_m2c": [6532.2998046875, -3924.975341796875, -14415.5263671875], "obj_id": 1}, {"cam_R_m2c": [0.25688809156417847, -0.3541203737258911, -0.8992259502410889, 0.8265349268913269, 0.5626979470252991, 0.014528258703649044, 0.5008478760719299, -0.7469737529754639, 0.4372432231903076], "cam_t_m2c": [-447.5398254394531, 65.61189270019531, 900.412841796875], "obj_id": 0}],
  "1": [{"cam_R_m2c": [0.197503924369812, 0.6495615243911743, -0.7342085838317871, 0.8774259090423584, 0.21686623990535736, 0.42789366841316223, 0.43716832995414734, -0.7287242412567139, -0.5271101593971252], "cam_t_m2c": [-117.95140838623047, 404.21734619140625, 820.8067626953125], "obj_id": 0}, {"cam_R_m2c": [-0.6537953615188599, 0.39347344636917114, 0.6463205218315125, 0.2759409248828888, -0.6713578701019287, 0.6878482103347778, 0.7045623660087585, 0.6280583143234253, 0.33035528659820557], "cam_t_m2c": [-120.23634338378906, 609.3141479492188, 724.2987670898438], "obj_id": 0}, {"cam_R_m2c": [-0.31575286388397217, -0.5340359807014465, -0.7842867970466614, 0.7003304958343506, 0.4265208840370178, -0.5723784565925598, 0.6401853561401367, -0.7299900650978088, 0.23932647705078125], "cam_t_m2c": [1838.33642578125, -10069.39453125, -12824.859375], "obj_id": 1}, {"cam_R_m2c": [0.7780558466911316, 0.27227213978767395, -0.5661245584487915, 0.39499324560165405, 0.4887174069881439, 0.7779045701026917, 0.4884766638278961, -0.828868567943573, 0.27270376682281494], "cam_t_m2c": [-229.87008666992188, 406.30926513671875, 783.9066772460938], "obj_id": 0}]
}