{
  "0": [{"cam_R_m2c": [-0.3356473743915558, -0.9419035315513611, 0.012596211396157742, 0.5199866890907288, -0.1741141378879547, 0.8362405300140381, -0.7854647040367126, 0.2872317433357239, 0.5482181310653687], "cam_t_m2c": [-12817.599609375, -57055.5078125, -64122.20703125], "obj_id": 2}, {"cam_R_m2c": [0.037184931337833405, 0.2121322900056839, 0.9765331149101257, 0.3688500225543976, -0.9111193418502808, 0.18387724459171295, 0.9287447333335876, 0.35335686802864075, -0.1121247261762619], "cam_t_m2c": [-12162.9228515625, 16170.001953125, 16983.3984375], "obj_id": 1}, {"cam_R_m2c": [0.5661071538925171, -0.7918018102645874, 0.2292872965335846, -0.6621146202087402, -0.2710704505443573, 0.6986594796180725, -0.49104681611061096, -0.5473305583000183, -0.677718460559845], "cam_t_m2c": [21.552980422973633, 290.578857421875, 583.8375244140625], "obj_id": 0}, {"cam_R_m2c": [-0.15935580432415009, -0.917525053024292, 0.3643534183502197, 0.023476941511034966, -0.372487336397171, -0.927740216255188, 0.9869419932365417, -0.13928692042827606, 0.08089876919984818], "cam_t_m2c": [-19546.109375, 4816.0810546875, 1415.6590576171875], "obj_id": 1}],
  "1": [{"cam_R_m2c": [0.5876132845878601, 0.8076255917549133, 0.04951309412717819, -0.47661370038986206, 0.29602697491645813, 0.8277725577354431, 0.653873085975647, -0.5100087523460388, 0.558874785900116], "cam_t_m2c": [13670.3134765625, -80448.0546875, -30556.26171875], "obj_id": 2}, {"cam_R_m2c": [-0.14749543368816376, -0.462604284286499, -0.8742094039916992, 0.9889895915985107, -0.058244314044713974, -0.13604000210762024, 0.01201485376805067, -0.8846494555473328, 0.4661017954349518], "cam_t_m2c": [11734.529296875, 22311.560546875, 6553.71435546875], "obj_id": 1}, {"cam_R_m2c": [-0.5791576504707336, 0.8128657937049866, 0.06184985488653183, -0.7699077129364014, -0.520452082157135, -0.36928513646125793, -0.2679893970489502, -0.2614930272102356, 0.9272556900978088], "cam_t_m2c": [113.37057495117188, -223.38604736328125, 1388.49072265625], "obj_id": 0}, {"cam_R_m2c": [-0.0423889085650444, 0.8296962380409241, -0.5566033124923706, 0.927768349647522, -0.1740388721227646, -0.33008527755737305, -0.37074118852615356, -0.5303909182548523, -0.7623885869979858], "cam_t_m2c": [19611.1640625, 4435.6669921875, -93.23859405517578], "obj_id": 1}]
}