{
  "0": [{"cam_R_m2c": [0.2622690796852112, 0.7271040081977844, 0.6344562768936157, 0.7921245098114014, 0.21328866481781006, -0.571880042552948, -0.5511385798454285, 0.6525548100471497, -0.5200178623199463], "cam_t_m2c": [-15.610262870788574, -313.3582763671875, 191.0594024658203], "obj_id": 2}, {"cam_R_m2c": [-0.5930073857307434, 0.7705663442611694, -0.23360112309455872, 0.6275702714920044, 0.2605457603931427, -0.7336698174476624, -0.5044775605201721, -0.5816728472709656, -0.6380900144577026], "cam_t_m2c": [-98.45590209960938, -281.281005859375, 579.1714477539062], "obj_id": 2}, {"cam_R_m2c": [-0.2960618734359741, 0.954633355140686, -0.03197541832923889, 0.8434792160987854, 0.2770048975944519, 0.46022939682006836, 0.44820767641067505, 0.10928579419851303, -0.8872239589691162], "cam_t_m2c": [851.8173217773438, -5482.083984375, 2749.719482421875], "obj_id": 1}, {"cam_R_m2c": [-0.52045738697052, 0.8502197265625, 0.07906118035316467, -0.853158175945282, -0.5216055512428284, -0.006996441632509232, 0.03529023006558418, -0.07109303772449493, 0.9968451857566833], "cam_t_m2c": [64.62757110595703, -103.82907104492188, 328.9935302734375], "obj_id": 0}],
  "1": [{"cam_R_m2c": [0.5951297879219055, -0.7957451939582825, -0.11229491233825684, -0.6087753176689148, -0.35518836975097656, -0.7093897461891174, 0.5246076583862305, 0.49054133892059326, -0.6958131790161133], "cam_t_m2c": [439.4835510253906, -266.1723327636719, 216.2739715576172], "obj_id": 2}, {"cam_R_m2c": [0.9204020500183105, 0.1737333983182907, 0.3502524793148041, 0.180718332529068, -0.9834501147270203, 0.012918088585138321, 0.34670013189315796, 0.05140720680356026, -0.9365662932395935], "cam_t_m2c": [185.92747497558594, -15.690584182739258, 394.1311340332031], "obj_id": 2}, {"cam_R_m2c": [0.10124292969703674, -0.45620453357696533, 0.8840968608856201, 0.34035971760749817, -0.8191553354263306, -0.46167048811912537, 0.9348288774490356, 0.3476518392562866, 0.07234004139900208], "cam_t_m2c": [-3898.61962890625, 977.4261474609375, -3478.183837890625], "obj_id": 1}, {"cam_R_m2c": [-0.08304435014724731, -0.5545760989189148, -0.8279787302017212, 0.5983696579933167, -0.6921511292457581, 0.4035843312740326, -0.7969047427177429, -0.46192193031311035, 0.3893209397792816], "cam_t_m2c": [367.691650390625, -302.5084228515625, 466.9599304199219], "obj_id": 0}]
}