{
  "0": [{"cam_R_m2c": [0.8332505822181702, -0.5517649054527283, 0.035341039299964905, -0.1824759989976883, -0.3347794711589813, -0.9244593977928162, 0.5219157338142395, 0.7638574242591858, -0.37963902950286865], "cam_t_m2c": [112.51917266845703, 10.74186897277832, 206.57542419433594], "obj_id": 1}, {"cam_R_m2c": [0.8332505822181702, -0.5517649054527283, 0.035341039299964905, -0.1824759989976883, -0.3347794711589813, -0.9244593977928162, 0.5219157338142395, 0.7638574242591858, -0.37963902950286865], "cam_t_m2c": [112.51917266845703, 10.74186897277832, 206.57542419433594], "obj_id": 2}, {"cam_R_m2c": [0.8332505822181702, -0.5517649054527283, 0.035341039299964905, -0.1824759989976883, -0.3347794711589813, -0.9244593977928162, 0.5219157338142395, 0.7638574242591858, -0.37963902950286865], "cam_t_m2c": [112.51917266845703, 10.74186897277832, 206.57542419433594], "obj_id": 0}, {"cam_R_m2c": [0.8332505822181702, -0.5517649054527283, 0.035341039299964905, -0.1824759989976883, -0.3347794711589813, -0.9244593977928162, 0.5219157338142395, 0.7638574242591858, -0.37963902950286865], "cam_t_m2c": [112.51917266845703, 10.74186897277832, 206.57542419433594], "obj_id": 1}, {"cam_R_m2c": [0.8332505822181702, -0.5517649054527283, 0.035341039299964905, -0.1824759989976883, -0.3347794711589813, -0.9244593977928162, 0.5219157338142395, 0.7638574242591858, -0.37963902950286865], "cam_t_m2c": [112.51917266845703, 10.74186897277832, 206.57542419433594], "obj_id": 3}, {"cam_R_m2c": [0.8332505822181702, -0.5517649054527283, 0.035341039299964905, -0.1824759989976883, -0.3347794711589813, -0.9244593977928162, 0.5219157338142395, 0.7638574242591858, -0.37963902950286865], "cam_t_m2c": [112.51917266845703, 10.74186897277832, 206.57542419433594], "obj_id": 2}, {"cam_R_m2c": [0.8332505822181702, -0.5517649054527283, 0.035341039299964905, -0.1824759989976883, -0.3347794711589813, -0.9244593977928162, 0.5219157338142395, 0.7638574242591858, -0.37963902950286865], "cam_t_m2c": [112.51917266845703, 10.74186897277832, 206.57542419433594], "obj_id": 0}, {"cam_R_m2c": [0.8332505822181702, -0.5517649054527283, 0.035341039299964905, -0.1824759989976883, -0.3347794711589813, -0.9244593977928162, 0.5219157338142395, 0.7638574242591858, -0.37963902950286865], "cam_t_m2c": [112.51917266845703, 10.74186897277832, 206.57542419433594], "obj_id": 1}, {"cam_R_m2c": [0.8332505822181702, -0.5517649054527283, 0.035341039299964905, -0.1824759989976883, -0.3347794711589813, -0.9244593977928162, 0.5219157338142395, 0.7638574242591858, -0.37963902950286865], "cam_t_m2c": [112.51917266845703, 10.74186897277832, 206.57542419433594], "obj_id": 2}, {"cam_R_m2c": [0.8332505822181702, -0.5517649054527283, 0.035341039299964905, -0.1824759989976883, -0.3347794711589813, -0.9244593977928162, 0.5219157338142395, 0.7638574242591858, -0.37963902950286865], "cam_t_m2c": [112.51917266845703, 10.74186897277832, 206.57542419433594], "obj_id": 2}, {"cam_R_m2c": [0.8332505822181702, -0.5517649054527283, 0.035341039299964905, -0.1824759989976883, -0.3347794711589813, -0.9244593977928162, 0.5219157338142395, 0.7638574242591858, -0.37963902950286865], "cam_t_m2c": [112.51917266845703, 10.74186897277832, 206.57542419433594], "obj_id": 3}, {"cam_R_m2c": [0.8332505822181702, -0.5517649054527283, 0.035341039299964905, -0.1824759989976883, -0.3347794711589813, -0.9244593977928162, 0.5219157338142395, 0.7638574242591858, -0.37963902950286865], "cam_t_m2c": [112.51917266845703, 10.74186897277832, 206.57542419433594], "obj_id": 2}, {"cam_R_m2c": [0.8332505822181702, -0.5517649054527283, 0.035341039299964905, -0.1824759989976883, -0.3347794711589813, -0.9244593977928162, 0.5219157338142395, 0.7638574242591858, -0.37963902950286865], "cam_t_m2c": [112.51917266845703, 10.74186897277832, 206.57542419433594], "obj_id": 3}, {"cam_R_m2c": [0.8332505822181702, -0.5517649054527283, 0.035341039299964905, -0.1824759989976883, -0.3347794711589813, -0.9244593977928162, 0.5219157338142395, 0.7638574242591858, -0.37963902950286865], "cam_t_m2c": [112.51917266845703, 10.74186897277832, 206.57542419433594], "obj_id": 1}, {"cam_R_m2c": [0.8332505822181702, -0.5517649054527283, 0.035341039299964905, -0.1824759989976883, -0.3347794711589813, -0.9244593977928162, 0.5219157338142395, 0.7638574242591858, -0.37963902950286865], "cam_t_m2c": [112.51917266845703, 10.74186897277832, 206.57542419433594], "obj_id": 0}, {"cam_R_m2c": [0.8332505822181702, -0.5517649054527283, 0.035341039299964905, -0.1824759989976883, -0.3347794711589813, -0.9244593977928162, 0.5219157338142395, 0.7638574242591858, -0.37963902950286865], "cam_t_m2c": [112.51917266845703, 10.74186897277832, 206.57542419433594], "obj_id": 0}, {"cam_R_m2c": [0.8332505822181702, -0.5517649054527283, 0.035341039299964905, -0.1824759989976883, -0.3347794711589813, -0.9244593977928162, 0.5219157338142395, 0.7638574242591858, -0.37963902950286865], "cam_t_m2c": [112.51917266845703, 10.74186897277832, 206.57542419433594], "obj_id": 2}, {"cam_R_m2c": [0.8332505822181702, -0.5517649054527283, 0.035341039299964905, -0.1824759989976883, -0.3347794711589813, -0.9244593977928162, 0.5219157338142395, 0.7638574242591858, -0.37963902950286865], "cam_t_m2c": [112.51917266845703, 10.74186897277832, 206.57542419433594], "obj_id": 2}, {"cam_R_m2c": [0.8332505822181702, -0.5517649054527283, 0.035341039299964905, -0.1824759989976883, -0.3347794711589813, -0.9244593977928162, 0.5219157338142395, 0.7638574242591858, -0.37963902950286865], "cam_t_m2c": [112.51917266845703, 10.74186897277832, 206.57542419433594], "obj_id": 0}, {"cam_R_m2c": [0.8332505822181702, -0.5517649054527283, 0.035341039299964905, -0.1824759989976883, -0.3347794711589813, -0.9244593977928162, 0.5219157338142395, 0.7638574242591858, -0.37963902950286865], "cam_t_m2c": [112.51917266845703, 10.74186897277832, 206.57542419433594], "obj_id": 3}, {"cam_R_m2c": [0.8332505822181702, -0.5517649054527283, 0.035341039299964905, -0.1824759989976883, -0.3347794711589813, -0.9244593977928162, 0.5219157338142395, 0.7638574242591858, -0.37963902950286865], "cam_t_m2c": [112.51917266845703, 10.74186897277832, 206.57542419433594], "obj_id": 3}, {"cam_R_m2c": [0.8332505822181702, -0.5517649054527283, 0.035341039299964905, -0.1824759989976883, -0.3347794711589813, -0.9244593977928162, 0.5219157338142395, 0.7638574242591858, -0.37963902950286865], "cam_t_m2c": [112.51917266845703, 10.74186897277832, 206.57542419433594], "obj_id": 1}, {"cam_R_m2c": [0.8332505822181702, -0.5517649054527283, 0.035341039299964905, -0.1824759989976883, -0.3347794711589813, -0.9244593977928162, 0.5219157338142395, 0.7638574242591858, -0.37963902950286865], "cam_t_m2c": [112.51917266845703, 10.74186897277832, 206.57542419433594], "obj_id": 1}, {"cam_R_m2c": [0.8332505822181702, -0.5517649054527283, 0.035341039299964905, -0.1824759989976883, -0.3347794711589813, -0.9244593977928162, 0.5219157338142395, 0.7638574242591858, -0.37963902950286865], "cam_t_m2c": [112.51917266845703, 10.74186897277832, 206.57542419433594], "obj_id": 2}, {"cam_R_m2c": [-0.31146737933158875, 0.03635994344949722, 0.9495608806610107, -0.13332578539848328, 0.9877111315727234, -0.08155323565006256, -0.9408571124076843, -0.15200214087963104, -0.30279210209846497], "cam_t_m2c": [10.030046463012695, -19.4706974029541, 194.32481384277344], "obj_id": 3}, {"cam_R_m2c": [0.026894215494394302, 0.45768579840660095, -0.8887071013450623, 0.10041575133800507, 0.8832949995994568, 0.4579373300075531, 0.994581937789917, -0.10155603289604187, -0.022203335538506508], "cam_t_m2c": [130.2645721435547, 33.864013671875, 81.62831115722656], "obj_id": 3}, {"cam_R_m2c": [-0.7254388928413391, 0.6629530787467957, 0.1850181519985199, 0.21070453524589539, -0.042000290006399155, 0.976647138595581, 0.6552420258522034, 0.7474819421768188, -0.10921864956617355], "cam_t_m2c": [216.70814514160156, -29.601001739501953, 225.755126953125], "obj_id": 3}, {"cam_R_m2c": [0.023742057383060455, -0.9987793564796448, 0.0433155819773674, 0.497750461101532, -0.02576577290892601, -0.8669375777244568, 0.8669953346252441, 0.04214329272508621, 0.49653103947639465], "cam_t_m2c": [-302.057861328125, 7260.28564453125, 3226.159423828125], "obj_id": 0}, {"cam_R_m2c": [-0.004129126667976379, -0.07874125242233276, -0.9968864917755127, -0.15101882815361023, 0.9855104088783264, -0.07721715420484543, 0.9885221719741821, 0.1502297967672348, -0.015960710123181343], "cam_t_m2c": [-206.85714721679688, 7390.59130859375, 3550.734130859375], "obj_id": 2}, {"cam_R_m2c": [-0.5055321455001831, 0.8004101514816284, 0.32215070724487305, -0.6771923303604126, -0.1367170661687851, -0.7229931950569153, -0.5346475839614868, -0.5836541652679443, 0.6111463308334351], "cam_t_m2c": [-13.734593391418457, -60.08584976196289, 270.7229309082031], "obj_id": 1}, {"cam_R_m2c": [0.554072916507721, -0.36630138754844666, -0.747546911239624, -0.5472819805145264, 0.5163748264312744, -0.6586648225784302, 0.6272842884063721, 0.7740673422813416, 0.08563914149999619], "cam_t_m2c": [-90.97260284423828, 7425.13818359375, 3142.05224609375], "obj_id": 0}, {"cam_R_m2c": [0.8085134029388428, 0.5077567100524902, 0.2974713444709778, -0.506766140460968, 0.34377527236938477, 0.7905736565589905, 0.2991558015346527, -0.7899377942085266, 0.535260796546936], "cam_t_m2c": [-60.21994400024414, -8.832018852233887, 266.401611328125], "obj_id": 1}],
  "1": [{"cam_R_m2c": [0.41993793845176697, -0.8193331956863403, 0.3903141915798187, -0.3610151708126068, -0.5453911423683167, -0.7564498782157898, 0.8326584696769714, 0.17675262689590454, -0.5248221158981323], "cam_t_m2c": [65.35305786132812, -5.372419357299805, 266.42462158203125], "obj_id": 1}, {"cam_R_m2c": [0.41993793845176697, -0.8193331956863403, 0.3903141915798187, -0.3610151708126068, -0.5453911423683167, -0.7564498782157898, 0.8326584696769714, 0.17675262689590454, -0.5248221158981323], "cam_t_m2c": [65.35305786132812, -5.372419357299805, 266.42462158203125], "obj_id": 2}, {"cam_R_m2c": [0.41993793845176697, -0.8193331956863403, 0.3903141915798187, -0.3610151708126068, -0.5453911423683167, -0.7564498782157898, 0.8326584696769714, 0.17675262689590454, -0.5248221158981323], "cam_t_m2c": [65.35305786132812, -5.372419357299805, 266.42462158203125], "obj_id": 0}, {"cam_R_m2c": [0.41993793845176697, -0.8193331956863403, 0.3903141915798187, -0.3610151708126068, -0.5453911423683167, -0.7564498782157898, 0.8326584696769714, 0.17675262689590454, -0.5248221158981323], "cam_t_m2c": [65.35305786132812, -5.372419357299805, 266.42462158203125], "obj_id": 1}, {"cam_R_m2c": [0.41993793845176697, -0.8193331956863403, 0.3903141915798187, -0.3610151708126068, -0.5453911423683167, -0.7564498782157898, 0.8326584696769714, 0.17675262689590454, -0.5248221158981323], "cam_t_m2c": [65.35305786132812, -5.372419357299805, 266.42462158203125], "obj_id": 3}, {"cam_R_m2c": [0.41993793845176697, -0.8193331956863403, 0.3903141915798187, -0.3610151708126068, -0.5453911423683167, -0.7564498782157898, 0.8326584696769714, 0.17675262689590454, -0.5248221158981323], "cam_t_m2c": [65.35305786132812, -5.372419357299805, 266.42462158203125], "obj_id": 2}, {"cam_R_m2c": [0.41993793845176697, -0.8193331956863403, 0.3903141915798187, -0.3610151708126068, -0.5453911423683167, -0.7564498782157898, 0.8326584696769714, 0.17675262689590454, -0.5248221158981323], "cam_t_m2c": [65.35305786132812, -5.372419357299805, 266.42462158203125], "obj_id": 0}, {"cam_R_m2c": [0.41993793845176697, -0.8193331956863403, 0.3903141915798187, -0.3610151708126068, -0.5453911423683167, -0.7564498782157898, 0.8326584696769714, 0.17675262689590454, -0.5248221158981323], "cam_t_m2c": [65.35305786132812, -5.372419357299805, 266.42462158203125], "obj_id": 1}, {"cam_R_m2c": [0.41993793845176697, -0.8193331956863403, 0.3903141915798187, -0.3610151708126068, -0.5453911423683167, -0.7564498782157898, 0.8326584696769714, 0.17675262689590454, -0.5248221158981323], "cam_t_m2c": [65.35305786132812, -5.372419357299805, 266.42462158203125], "obj_id": 2}, {"cam_R_m2c": [0.41993793845176697, -0.8193331956863403, 0.3903141915798187, -0.3610151708126068, -0.5453911423683167, -0.7564498782157898, 0.8326584696769714, 0.17675262689590454, -0.5248221158981323], "cam_t_m2c": [65.35305786132812, -5.372419357299805, 266.42462158203125], "obj_id": 2}, {"cam_R_m2c": [0.41993793845176697, -0.8193331956863403, 0.3903141915798187, -0.3610151708126068, -0.5453911423683167, -0.7564498782157898, 0.8326584696769714, 0.17675262689590454, -0.5248221158981323], "cam_t_m2c": [65.35305786132812, -5.372419357299805, 266.42462158203125], "obj_id": 3}, {"cam_R_m2c": [0.41993793845176697, -0.8193331956863403, 0.3903141915798187, -0.3610151708126068, -0.5453911423683167, -0.7564498782157898, 0.8326584696769714, 0.17675262689590454, -0.5248221158981323], "cam_t_m2c": [65.35305786132812, -5.372419357299805, 266.42462158203125], "obj_id": 2}, {"cam_R_m2c": [0.41993793845176697, -0.8193331956863403, 0.3903141915798187, -0.3610151708126068, -0.5453911423683167, -0.7564498782157898, 0.8326584696769714, 0.17675262689590454, -0.5248221158981323], "cam_t_m2c": [65.35305786132812, -5.372419357299805, 266.42462158203125], "obj_id": 3}, {"cam_R_m2c": [0.41993793845176697, -0.8193331956863403, 0.3903141915798187, -0.3610151708126068, -0.5453911423683167, -0.7564498782157898, 0.8326584696769714, 0.17675262689590454, -0.5248221158981323], "cam_t_m2c": [65.35305786132812, -5.372419357299805, 266.42462158203125], "obj_id": 1}, {"cam_R_m2c": [0.41993793845176697, -0.8193331956863403, 0.3903141915798187, -0.3610151708126068, -0.5453911423683167, -0.7564498782157898, 0.8326584696769714, 0.17675262689590454, -0.5248221158981323], "cam_t_m2c": [65.35305786132812, -5.372419357299805, 266.42462158203125], "obj_id": 0}, {"cam_R_m2c": [0.41993793845176697, -0.8193331956863403, 0.3903141915798187, -0.3610151708126068, -0.5453911423683167, -0.7564498782157898, 0.8326584696769714, 0.17675262689590454, -0.5248221158981323], "cam_t_m2c": [65.35305786132812, -5.372419357299805, 266.42462158203125], "obj_id": 0}, {"cam_R_m2c": [0.41993793845176697, -0.8193331956863403, 0.3903141915798187, -0.3610151708126068, -0.5453911423683167, -0.7564498782157898, 0.8326584696769714, 0.17675262689590454, -0.5248221158981323], "cam_t_m2c": [65.35305786132812, -5.372419357299805, 266.42462158203125], "obj_id": 2}, {"cam_R_m2c": [0.41993793845176697, -0.8193331956863403, 0.3903141915798187, -0.3610151708126068, -0.5453911423683167, -0.7564498782157898, 0.8326584696769714, 0.17675262689590454, -0.5248221158981323], "cam_t_m2c": [65.35305786132812, -5.372419357299805, 266.42462158203125], "obj_id": 2}, {"cam_R_m2c": [0.41993793845176697, -0.8193331956863403, 0.3903141915798187, -0.3610151708126068, -0.5453911423683167, -0.7564498782157898, 0.8326584696769714, 0.17675262689590454, -0.5248221158981323], "cam_t_m2c": [65.35305786132812, -5.372419357299805, 266.42462158203125], "obj_id": 0}, {"cam_R_m2c": [0.41993793845176697, -0.8193331956863403, 0.3903141915798187, -0.3610151708126068, -0.5453911423683167, -0.7564498782157898, 0.8326584696769714, 0.17675262689590454, -0.5248221158981323], "cam_t_m2c": [65.35305786132812, -5.372419357299805, 266.42462158203125], "obj_id": 3}, {"cam_R_m2c": [0.41993793845176697, -0.8193331956863403, 0.3903141915798187, -0.3610151708126068, -0.5453911423683167, -0.7564498782157898, 0.8326584696769714, 0.17675262689590454, -0.5248221158981323], "cam_t_m2c": [65.35305786132812, -5.372419357299805, 266.42462158203125], "obj_id": 3}, {"cam_R_m2c": [0.41993793845176697, -0.8193331956863403, 0.3903141915798187, -0.3610151708126068, -0.5453911423683167, -0.7564498782157898, 0.8326584696769714, 0.17675262689590454, -0.5248221158981323], "cam_t_m2c": [65.35305786132812, -5.372419357299805, 266.42462158203125], "obj_id": 1}, {"cam_R_m2c": [0.41993793845176697, -0.8193331956863403, 0.3903141915798187, -0.3610151708126068, -0.5453911423683167, -0.7564498782157898, 0.8326584696769714, 0.17675262689590454, -0.5248221158981323], "cam_t_m2c": [65.35305786132812, -5.372419357299805, 266.42462158203125], "obj_id": 1}, {"cam_R_m2c": [0.41993793845176697, -0.8193331956863403, 0.3903141915798187, -0.3610151708126068, -0.5453911423683167, -0.7564498782157898, 0.8326584696769714, 0.17675262689590454, -0.5248221158981323], "cam_t_m2c": [65.35305786132812, -5.372419357299805, 266.42462158203125], "obj_id": 2}, {"cam_R_m2c": [0.2897067964076996, -0.04715539887547493, 0.955953061580658, 0.18097442388534546, 0.9834674000740051, -0.006332647521048784, -0.9398500919342041, 0.17483767867088318, 0.29345110058784485], "cam_t_m2c": [-6.529308795928955, -27.384729385375977, 189.51376342773438], "obj_id": 3}, {"cam_R_m2c": [-0.5462980270385742, 0.28560301661491394, -0.787394106388092, -0.22166574001312256, 0.8572544455528259, 0.4647355377674103, 0.8077269792556763, 0.42842236161231995, -0.4050079882144928], "cam_t_m2c": [145.385009765625, 55.783172607421875, 186.9501495361328], "obj_id": 3}, {"cam_R_m2c": [-0.9897502660751343, 0.13293345272541046, 0.05218438431620598, 0.010748099535703659, -0.2950374484062195, 0.9554252624511719, 0.14240433275699615, 0.9461932182312012, 0.2905845642089844], "cam_t_m2c": [146.28944396972656, -52.478023529052734, 330.3081970214844], "obj_id": 3}, {"cam_R_m2c": [-0.5429065823554993, -0.8339707255363464, -0.09871724992990494, 0.19555248320102692, -0.011225463822484016, -0.9806289076805115, 0.8167077302932739, -0.551694393157959, 0.1691795289516449], "cam_t_m2c": [-3131.153076171875, 5916.8095703125, 4335.30224609375], "obj_id": 0}, {"cam_R_m2c": [-0.527219295501709, -0.3083908259868622, -0.7917921543121338, -0.4572157859802246, 0.8883836269378662, -0.04157194122672081, 0.7162355780601501, 0.34010234475135803, -0.6093741655349731], "cam_t_m2c": [-3254.843994140625, 5934.6103515625, 4675.56005859375], "obj_id": 2}, {"cam_R_m2c": [-0.005259738769382238, 0.9991175532341003, 0.041670847684144974, -0.4584301710128784, 0.034625355154275894, -0.888055682182312, -0.8887149095535278, -0.023774098604917526, 0.45784351229667664], "cam_t_m2c": [-61.679603576660156, -89.52847290039062, 223.39036560058594], "obj_id": 1}, {"cam_R_m2c": [0.1932462900876999, -0.8125759959220886, -0.5498873591423035, -0.7328256368637085, 0.2531242072582245, -0.6315811276435852, 0.6523974537849426, 0.5250222682952881, -0.5465611815452576], "cam_t_m2c": [-2939.182373046875, 6094.16455078125, 4437.77099609375], "obj_id": 0}, {"cam_R_m2c": [0.5762704014778137, 0.7964348793029785, -0.1833135336637497, -0.5969061851501465, 0.5633783936500549, 0.5712335109710693, 0.5582252144813538, -0.21976393461227417, 0.8000552654266357], "cam_t_m2c": [-105.56671905517578, -38.34061050415039, 207.2583770751953], "obj_id": 1}]
}