{
  "0": [{"cam_R_m2c": [-0.894524872303009, -0.28871774673461914, 0.3412727117538452, -0.43927738070487976, 0.42628973722457886, -0.7907669544219971, 0.08282741904258728, -0.8572741746902466, -0.5081539154052734], "cam_t_m2c": [-68.27497863769531, 99.77349090576172, 53.114776611328125], "obj_id": 0}, {"cam_R_m2c": [-0.894524872303009, -0.28871774673461914, 0.3412727117538452, -0.43927738070487976, 0.42628973722457886, -0.7907669544219971, 0.08282741904258728, -0.8572741746902466, -0.5081539154052734], "cam_t_m2c": [-68.27497863769531, 99.77349090576172, 53.114776611328125], "obj_id": 0}, {"cam_R_m2c": [-0.894524872303009, -0.28871774673461914, 0.3412727117538452, -0.43927738070487976, 0.42628973722457886, -0.7907669544219971, 0.08282741904258728, -0.8572741746902466, -0.5081539154052734], "cam_t_m2c": [-68.27497863769531, 99.77349090576172, 53.114776611328125], "obj_id": 2}, {"cam_R_m2c": [-0.894524872303009, -0.28871774673461914, 0.3412727117538452, -0.43927738070487976, 0.42628973722457886, -0.7907669544219971, 0.08282741904258728, -0.8572741746902466, -0.5081539154052734], "cam_t_m2c": [-68.27497863769531, 99.77349090576172, 53.114776611328125], "obj_id": 3}, {"cam_R_m2c": [-0.894524872303009, -0.28871774673461914, 0.3412727117538452, -0.43927738070487976, 0.42628973722457886, -0.7907669544219971, 0.08282741904258728, -0.8572741746902466, -0.5081539154052734], "cam_t_m2c": [-68.27497863769531, 99.77349090576172, 53.114776611328125], "obj_id": 0}, {"cam_R_m2c": [-0.894524872303009, -0.28871774673461914, 0.3412727117538452, -0.43927738070487976, 0.42628973722457886, -0.7907669544219971, 0.08282741904258728, -0.8572741746902466, -0.5081539154052734], "cam_t_m2c": [-68.27497863769531, 99.77349090576172, 53.114776611328125], "obj_id": 1}, {"cam_R_m2c": [-0.894524872303009, -0.28871774673461914, 0.3412727117538452, -0.43927738070487976, 0.42628973722457886, -0.7907669544219971, 0.08282741904258728, -0.8572741746902466, -0.5081539154052734], "cam_t_m2c": [-68.27497863769531, 99.77349090576172, 53.114776611328125], "obj_id": 2}, {"cam_R_m2c": [-0.894524872303009, -0.28871774673461914, 0.3412727117538452, -0.43927738070487976, 0.42628973722457886, -0.7907669544219971, 0.08282741904258728, -0.8572741746902466, -0.5081539154052734], "cam_t_m2c": [-68.27497863769531, 99.77349090576172, 53.114776611328125], "obj_id": 0}, {"cam_R_m2c": [-0.894524872303009, -0.28871774673461914, 0.3412727117538452, -0.43927738070487976, 0.42628973722457886, -0.7907669544219971, 0.08282741904258728, -0.8572741746902466, -0.5081539154052734], "cam_t_m2c": [-68.27497863769531, 99.77349090576172, 53.114776611328125], "obj_id": 2}, {"cam_R_m2c": [-0.894524872303009, -0.28871774673461914, 0.3412727117538452, -0.43927738070487976, 0.42628973722457886, -0.7907669544219971, 0.08282741904258728, -0.8572741746902466, -0.5081539154052734], "cam_t_m2c": [-68.27497863769531, 99.77349090576172, 53.114776611328125], "obj_id": 1}, {"cam_R_m2c": [-0.894524872303009, -0.28871774673461914, 0.3412727117538452, -0.43927738070487976, 0.42628973722457886, -0.7907669544219971, 0.08282741904258728, -0.8572741746902466, -0.5081539154052734], "cam_t_m2c": [-68.27497863769531, 99.77349090576172, 53.114776611328125], "obj_id": 1}, {"cam_R_m2c": [-0.894524872303009, -0.28871774673461914, 0.3412727117538452, -0.43927738070487976, 0.42628973722457886, -0.7907669544219971, 0.08282741904258728, -0.8572741746902466, -0.5081539154052734], "cam_t_m2c": [-68.27497863769531, 99.77349090576172, 53.114776611328125], "obj_id": 1}, {"cam_R_m2c": [-0.894524872303009, -0.28871774673461914, 0.3412727117538452, -0.43927738070487976, 0.42628973722457886, -0.7907669544219971, 0.08282741904258728, -0.8572741746902466, -0.5081539154052734], "cam_t_m2c": [-68.27497863769531, 99.77349090576172, 53.114776611328125], "obj_id": 0}, {"cam_R_m2c": [-0.894524872303009, -0.28871774673461914, 0.3412727117538452, -0.43927738070487976, 0.42628973722457886, -0.7907669544219971, 0.08282741904258728, -0.8572741746902466, -0.5081539154052734], "cam_t_m2c": [-68.27497863769531, 99.77349090576172, 53.114776611328125], "obj_id": 3}, {"cam_R_m2c": [-0.894524872303009, -0.28871774673461914, 0.3412727117538452, -0.43927738070487976, 0.42628973722457886, -0.7907669544219971, 0.08282741904258728, -0.8572741746902466, -0.5081539154052734], "cam_t_m2c": [-68.27497863769531, 99.77349090576172, 53.114776611328125], "obj_id": 1}, {"cam_R_m2c": [-0.894524872303009, -0.28871774673461914, 0.3412727117538452, -0.43927738070487976, 0.42628973722457886, -0.7907669544219971, 0.08282741904258728, -0.8572741746902466, -0.5081539154052734], "cam_t_m2c": [-68.27497863769531, 99.77349090576172, 53.114776611328125], "obj_id": 2}, {"cam_R_m2c": [-0.894524872303009, -0.28871774673461914, 0.3412727117538452, -0.43927738070487976, 0.42628973722457886, -0.7907669544219971, 0.08282741904258728, -0.8572741746902466, -0.5081539154052734], "cam_t_m2c": [-68.27497863769531, 99.77349090576172, 53.114776611328125], "obj_id": 3}, {"cam_R_m2c": [-0.894524872303009, -0.28871774673461914, 0.3412727117538452, -0.43927738070487976, 0.42628973722457886, -0.7907669544219971, 0.08282741904258728, -0.8572741746902466, -0.5081539154052734], "cam_t_m2c": [-68.27497863769531, 99.77349090576172, 53.114776611328125], "obj_id": 0}, {"cam_R_m2c": [-0.894524872303009, -0.28871774673461914, 0.3412727117538452, -0.43927738070487976, 0.42628973722457886, -0.7907669544219971, 0.08282741904258728, -0.8572741746902466, -0.5081539154052734], "cam_t_m2c": [-68.27497863769531, 99.77349090576172, 53.114776611328125], "obj_id": 1}, {"cam_R_m2c": [-0.894524872303009, -0.28871774673461914, 0.3412727117538452, -0.43927738070487976, 0.42628973722457886, -0.7907669544219971, 0.08282741904258728, -0.8572741746902466, -0.5081539154052734], "cam_t_m2c": [-68.27497863769531, 99.77349090576172, 53.114776611328125], "obj_id": 1}, {"cam_R_m2c": [-0.894524872303009, -0.28871774673461914, 0.3412727117538452, -0.43927738070487976, 0.42628973722457886, -0.7907669544219971, 0.08282741904258728, -0.8572741746902466, -0.5081539154052734], "cam_t_m2c": [-68.27497863769531, 99.77349090576172, 53.114776611328125], "obj_id": 0}, {"cam_R_m2c": [-0.894524872303009, -0.28871774673461914, 0.3412727117538452, -0.43927738070487976, 0.42628973722457886, -0.7907669544219971, 0.08282741904258728, -0.8572741746902466, -0.5081539154052734], "cam_t_m2c": [-68.27497863769531, 99.77349090576172, 53.114776611328125], "obj_id": 0}, {"cam_R_m2c": [-0.894524872303009, -0.28871774673461914, 0.3412727117538452, -0.43927738070487976, 0.42628973722457886, -0.7907669544219971, 0.08282741904258728, -0.8572741746902466, -0.5081539154052734], "cam_t_m2c": [-68.27497863769531, 99.77349090576172, 53.114776611328125], "obj_id": 3}, {"cam_R_m2c": [-0.894524872303009, -0.28871774673461914, 0.3412727117538452, -0.43927738070487976, 0.42628973722457886, -0.7907669544219971, 0.08282741904258728, -0.8572741746902466, -0.5081539154052734], "cam_t_m2c": [-68.27497863769531, 99.77349090576172, 53.114776611328125], "obj_id": 3}, {"cam_R_m2c": [0.46693548560142517, 0.30400019884109497, -0.8303945660591125, -0.8595633506774902, -0.0644843727350235, -0.5069444179534912, -0.20765867829322815, 0.9504870176315308, 0.23119738698005676], "cam_t_m2c": [-513.1530151367188, 1.1721817255020142, -78.10292053222656], "obj_id": 0}, {"cam_R_m2c": [-0.9293134808540344, 0.36155200004577637, 0.07520944625139236, -0.36502817273139954, -0.868475615978241, -0.3354167342185974, -0.0559530146420002, -0.33916088938713074, 0.9390628933906555], "cam_t_m2c": [-81.63150024414062, 79.43182373046875, 46.22797775268555], "obj_id": 3}, {"cam_R_m2c": [0.3059278428554535, 0.8986204862594604, 0.3144667148590088, 0.6046689748764038, 0.07173499464988708, -0.7932398319244385, -0.7353798747062683, 0.4328223764896393, -0.5214222073554993], "cam_t_m2c": [-205.381591796875, 90.60328674316406, -53.15355682373047], "obj_id": 3}, {"cam_R_m2c": [0.7939972281455994, 0.3075675964355469, 0.524376392364502, -0.42876607179641724, 0.8948118686676025, 0.12438377737998962, -0.4309617578983307, -0.32359519600868225, 0.8423526883125305], "cam_t_m2c": [-24.430252075195312, -22.038848876953125, 219.6199951171875], "obj_id": 3}, {"cam_R_m2c": [0.19299988448619843, 0.6802732944488525, -0.7070921659469604, 0.980734646320343, -0.11158131808042526, 0.16034112870693207, 0.03017755039036274, -0.7244156002998352, -0.6887028217315674], "cam_t_m2c": [-2578.5380859375, 6127.90185546875, 4120.310546875], "obj_id": 2}]
}