{
  "0": [{"cam_R_m2c": [0.20065180957317352, 0.17569853365421295, 0.9637784361839294, 0.47528278827667236, 0.84279465675354, -0.2525934875011444, -0.8566476106643677, 0.5087506175041199, 0.08560178428888321], "cam_t_m2c": [1001.2493286132812, 1903.08984375, -260.20751953125], "obj_id": 0}, {"cam_R_m2c": [0.6075437664985657, 0.4573954641819, -0.6493688821792603, 0.7742623686790466, -0.5234534740447998, 0.3556884229183197, -0.17722414433956146, -0.7188781499862671, -0.6721649765968323], "cam_t_m2c": [-240.8007354736328, 163.64732360839844, 424.3047790527344], "obj_id": 2}, {"cam_R_m2c": [-0.2562330961227417, 0.3819061815738678, 0.8879708647727966, 0.8029721975326538, 0.5955160856246948, -0.024418793618679047, -0.5381265878677368, 0.706758975982666, -0.45925095677375793], "cam_t_m2c": [1379.4801025390625, 1887.90869140625, -9.498398780822754], "obj_id": 0}],
  "1": [{"cam_R_m2c": [-0.1501801460981369, 0.13286831974983215, 0.9796897768974304, 0.4643564820289612, 0.8843057155609131, -0.04874922335147858, -0.8728224635124207, 0.44760408997535706, -0.19450342655181885], "cam_t_m2c": [265.72235107421875, 2015.785400390625, -161.67396545410156], "obj_id": 0}, {"cam_R_m2c": [0.3597135543823242, 0.3356848955154419, -0.8705869913101196, 0.8714262247085571, -0.454356849193573, 0.18486720323562622, -0.3335001468658447, -0.8251516222953796, -0.4559628665447235], "cam_t_m2c": [-346.95465087890625, 96.26007080078125, 827.2596435546875], "obj_id": 2}, {"cam_R_m2c": [-0.5570353865623474, 0.4327870309352875, 0.7088066339492798, 0.7081114053726196, 0.6934462785720825, 0.1330808401107788, -0.4339236319065094, 0.5760447978973389, -0.692735493183136], "cam_t_m2c": [693.720947265625, 2089.15576171875, -28.7554931640625], "obj_id": 0}]
}