{
  "0": [{"cam_R_m2c": [-0.07620871067047119, -0.9966715574264526, 0.028945734724402428, -0.7853408455848694, 0.07788609713315964, 0.6141443848609924, -0.6143547892570496, 0.024070950224995613, -0.7886624336242676], "cam_t_m2c": [-106.3320541381836, 86.4615478515625, 938.980224609375], "obj_id": 1}, {"cam_R_m2c": [-0.7785217761993408, -0.2659146189689636, -0.5685007572174072, -0.24741090834140778, -0.7024275064468384, 0.6673703789710999, -0.5767941474914551, 0.6602157354354858, 0.4810650944709778], "cam_t_m2c": [216.68478393554688, 211.19171142578125, 1047.7772216796875], "obj_id": 1}, {"cam_R_m2c": [0.6432875990867615, 0.48283150792121887, -0.594184160232544, 0.33310171961784363, 0.5222765803337097, 0.785028874874115, 0.6893651485443115, -0.702923059463501, 0.17514201998710632], "cam_t_m2c": [58.328758239746094, 127.93167114257812, 840.3215942382812], "obj_id": 1}],
  "1": [{"cam_R_m2c": [0.3554573059082031, 0.8713699579238892, -0.3381781578063965, 0.49403056502342224, -0.48228728771209717, -0.723417341709137, -0.7934631705284119, 0.0900736004114151, -0.6019158959388733], "cam_t_m2c": [61.03852844238281, -116.40311431884766, 756.9951171875], "obj_id": 1}, {"cam_R_m2c": [0.7685171961784363, 0.5808038115501404, 0.26841798424720764, -0.26072409749031067, 0.6673787236213684, -0.6975876688957214, -0.5842980146408081, 0.4661250710487366, 0.6643216013908386], "cam_t_m2c": [-276.1080322265625, -60.716339111328125, 879.3409423828125], "obj_id": 1}, {"cam_R_m2c": [-0.6741838455200195, -0.7046695947647095, 0.2211718112230301, 0.15785841643810272, -0.430027037858963, -0.8889080286026001, 0.7214963436126709, -0.5643735527992249, 0.4011552631855011], "cam_t_m2c": [-112.24508666992188, -108.14555358886719, 665.1358642578125], "obj_id": 1}]
}