{
  "0": [{"cam_R_m2c": [-0.11123203486204147, 0.3333472013473511, -0.9362195134162903, 0.9464226961135864, -0.25185641646385193, -0.20211948454380035, -0.303168922662735, -0.9085416197776794, -0.28747281432151794], "cam_t_m2c": [-58.47996139526367, 4712.8095703125, 4462.41259765625], "obj_id": 1}, {"cam_R_m2c": [-0.5395345091819763, -0.7469784617424011, 0.38849136233329773, -0.801234781742096, 0.3137412667274475, -0.5094988942146301, 0.258698970079422, -0.5861650705337524, -0.7677793502807617], "cam_t_m2c": [-115.85464477539062, 4762.68994140625, 4468.8837890625], "obj_id": 1}, {"cam_R_m2c": [0.710757851600647, -0.5838971138000488, 0.3922848105430603, 0.7003945708274841, 0.6392309665679932, -0.3175393044948578, -0.06535030901432037, 0.5004477500915527, 0.8632968068122864], "cam_t_m2c": [-103.28253936767578, 4775.76953125, 4418.80859375], "obj_id": 0}, {"cam_R_m2c": [-0.39271312952041626, 0.36955690383911133, 0.842142641544342, -0.8911829590797424, -0.37903469800949097, -0.24925033748149872, 0.2270890474319458, -0.8483870029449463, 0.47819462418556213], "cam_t_m2c": [-18.878429412841797, 4747.48583984375, 4457.81640625], "obj_id": 3}, {"cam_R_m2c": [-0.09507348388433456, -0.9137276411056519, -0.39504751563072205, 0.4669807553291321, 0.30953341722488403, -0.8283223509788513, 0.8791415095329285, -0.26323118805885315, 0.3972649574279785], "cam_t_m2c": [-36.52448272705078, 4764.89501953125, 4433.8076171875], "obj_id": 2}, {"cam_R_m2c": [-0.43073755502700806, -0.8317099213600159, 0.3503195345401764, -0.29979297518730164, 0.49799835681915283, 0.8137086629867554, -0.8512281179428101, 0.2454715371131897, -0.4638473689556122], "cam_t_m2c": [-33.56044387817383, -32.37596893310547, 999.0953369140625], "obj_id": 3}, {"cam_R_m2c": [0.5575675964355469, -0.10796291381120682, -0.8230810165405273, -0.7745742797851562, -0.42429065704345703, -0.4690544903278351, -0.29858511686325073, 0.8990669846534729, -0.3201960027217865], "cam_t_m2c": [-141.1960906982422, -43.886741638183594, 1014.9700927734375], "obj_id": 2}, {"cam_R_m2c": [-0.09075925499200821, -0.10115658491849899, 0.9907218813896179, -0.5738090872764587, 0.8184023499488831, 0.0309958066791296, -0.8139445185661316, -0.5656720995903015, -0.13232213258743286], "cam_t_m2c": [-99.01361083984375, 5.6512579917907715, 946.6510620117188], "obj_id": 2}, {"cam_R_m2c": [0.2780602276325226, -0.19788062572479248, 0.9399604797363281, 0.5442840456962585, -0.7738415002822876, -0.32391995191574097, 0.7914779782295227, 0.6016747951507568, -0.10747125744819641], "cam_t_m2c": [-14.91179084777832, -15.38062858581543, 975.6566162109375], "obj_id": 0}, {"cam_R_m2c": [-0.9298540949821472, 0.2968818247318268, -0.2173301875591278, 0.04301818460226059, 0.6743600964546204, 0.7371484637260437, 0.36540481448173523, 0.6760914325714111, -0.6398277878761292], "cam_t_m2c": [-86.31556701660156, -44.87080764770508, 1016.3272705078125], "obj_id": 3}, {"cam_R_m2c": [0.7025458812713623, -0.601650059223175, 0.38006117939949036, -0.5541223883628845, -0.12739452719688416, 0.8226293325424194, -0.44651731848716736, -0.7885352373123169, -0.42288827896118164], "cam_t_m2c": [-80.3548583984375, -64.58903503417969, 1043.5211181640625], "obj_id": 0}],
  "1": [{"cam_R_m2c": [-0.7904955148696899, -0.6108830571174622, -0.04403116926550865, 0.38742318749427795, -0.4430620074272156, -0.8084549307823181, 0.474362850189209, -0.6561386585235596, 0.5869088172912598], "cam_t_m2c": [59.919219970703125, 4796.1337890625, 4198.14013671875], "obj_id": 1}, {"cam_R_m2c": [0.7180747985839844, -0.6012471914291382, -0.350528746843338, -0.6856765747070312, -0.5248897075653076, -0.5043196082115173, 0.11923179030418396, 0.6024885773658752, -0.7891711592674255], "cam_t_m2c": [40.21784591674805, 4799.009765625, 4271.7978515625], "obj_id": 1}, {"cam_R_m2c": [-0.5157026052474976, 0.07331658899784088, 0.8536249399185181, 0.8179585933685303, 0.3386005759239197, 0.46507349610328674, -0.25494030117988586, 0.9380694627761841, -0.23458713293075562], "cam_t_m2c": [-8.80257797241211, 4788.60595703125, 4253.75732421875], "obj_id": 0}, {"cam_R_m2c": [0.7342739701271057, -0.49056699872016907, 0.4692395329475403, -0.6766342520713806, -0.47303879261016846, 0.5642696022987366, -0.054843515157699585, -0.7318320274353027, -0.6792744994163513], "cam_t_m2c": [32.96022033691406, 4838.4248046875, 4181.51025390625], "obj_id": 3}, {"cam_R_m2c": [0.44346845149993896, -0.32565146684646606, 0.8350369334220886, 0.7007715106010437, -0.4548706114292145, -0.5495556592941284, 0.5587976574897766, 0.8288807272911072, 0.026486709713935852], "cam_t_m2c": [4.700066566467285, 4827.18115234375, 4197.81591796875], "obj_id": 2}, {"cam_R_m2c": [-0.4796382486820221, -0.031397685408592224, -0.8769044280052185, -0.8767128586769104, -0.02425917610526085, 0.48040202260017395, -0.03635646775364876, 0.9992125630378723, -0.015891168266534805], "cam_t_m2c": [39.82084655761719, -26.796146392822266, 843.9021606445312], "obj_id": 3}, {"cam_R_m2c": [0.17084166407585144, 0.9822549223899841, 0.07738418877124786, -0.33588728308677673, 0.13189426064491272, -0.9326218366622925, -0.9262789487838745, 0.13333824276924133, 0.3524600565433502], "cam_t_m2c": [67.3924331665039, -86.89998626708984, 931.0645751953125], "obj_id": 2}, {"cam_R_m2c": [-0.31445547938346863, -0.928229570388794, -0.19876539707183838, -0.8407807350158691, 0.17513726651668549, 0.5122643113136292, -0.4406876564025879, 0.32820239663124084, -0.8355104327201843], "cam_t_m2c": [-19.90412712097168, -66.58857727050781, 901.6090087890625], "obj_id": 2}, {"cam_R_m2c": [0.29965052008628845, 0.9534835815429688, 0.032842062413692474, 0.9162409901618958, -0.2971997857093811, 0.26865333318710327, 0.26591721177101135, -0.050410859286785126, -0.9626767635345459], "cam_t_m2c": [9.560310363769531, -17.4632568359375, 830.3676147460938], "obj_id": 0}, {"cam_R_m2c": [0.33907780051231384, 0.1289491504430771, -0.931878924369812, -0.3096960783004761, 0.9506485462188721, 0.018858952447772026, 0.8883212208747864, 0.28220462799072266, 0.36227887868881226], "cam_t_m2c": [64.97640228271484, -55.761024475097656, 885.9068603515625], "obj_id": 3}, {"cam_R_m2c": [-0.08843611925840378, -0.517214298248291, -0.8512744903564453, -0.18891364336013794, -0.8304028511047363, 0.5241588950157166, -0.9780033230781555, 0.2071719914674759, -0.024271110072731972], "cam_t_m2c": [98.02953338623047, -50.96632766723633, 878.95361328125], "obj_id": 0}]
}