{
  "0": [{"cam_R_m2c": [0.9243382811546326, 0.32031163573265076, 0.2073623389005661, -0.38074249029159546, 0.8100996613502502, 0.44584041833877563, -0.02517627365887165, -0.4910590350627899, 0.8707624077796936], "cam_t_m2c": [4556.21337890625, -96.84049987792969, -4410.7275390625], "obj_id": 0}, {"cam_R_m2c": [-0.9055290818214417, 0.05585988983511925, -0.42059099674224854, 0.0821969211101532, 0.9956114292144775, -0.04473932459950447, 0.41624605655670166, -0.07508404552936554, -0.9061465859413147], "cam_t_m2c": [-395.766845703125, -249.13494873046875, 806.8373413085938], "obj_id": 0}, {"cam_R_m2c": [0.6956568360328674, 0.5973315834999084, 0.39906954765319824, 0.6451717615127563, -0.7638105750083923, 0.018618518486618996, 0.3159349858760834, 0.2445163130760193, -0.9167315363883972], "cam_t_m2c": [-427.8843688964844, -328.03570556640625, 972.4375], "obj_id": 0}, {"cam_R_m2c": [0.6718508005142212, 0.2789153456687927, -0.6861652135848999, -0.7313180565834045, 0.10291961580514908, -0.6742264628410339, -0.11743229627609253, 0.954784631729126, 0.27312248945236206], "cam_t_m2c": [-284.0699462890625, -296.9424743652344, 976.3436889648438], "obj_id": 0}],
  "1": [{"cam_R_m2c": [0.8709831833839417, -0.4750426113605499, 0.1253904104232788, 0.012239649891853333, 0.276115357875824, 0.9610465168952942, -0.4911603033542633, -0.8355206847190857, 0.24630621075630188], "cam_t_m2c": [1502.628173828125, -2318.51123046875, -5453.439453125], "obj_id": 0}, {"cam_R_m2c": [-0.5356594920158386, -0.6437913179397583, -0.5464444756507874, 0.07419741153717041, 0.608727216720581, -0.7899024486541748, 0.8411679863929749, -0.4636635482311249, -0.2783028185367584], "cam_t_m2c": [-86.39015197753906, -241.04153442382812, 1249.093017578125], "obj_id": 0}, {"cam_R_m2c": [0.14739738404750824, 0.9884506464004517, -0.035202015191316605, 0.8472285270690918, -0.14454326033592224, -0.5111857652664185, -0.5103701949119568, 0.0455232597887516, -0.8587488532066345], "cam_t_m2c": [-2.961508274078369, -185.2994842529297, 1406.2548828125], "obj_id": 0}, {"cam_R_m2c": [0.9015647768974304, 0.42741695046424866, 0.0670500099658966, -0.35492685437202454, 0.8192996382713318, -0.4503054916858673, -0.24740223586559296, 0.38218173384666443, 0.8903534412384033], "cam_t_m2c": [75.37943267822266, -119.39988708496094, 1300.48046875], "obj_id": 0}]
}