{
  "0": [{"cam_R_m2c": [-0.18441297113895416, -0.9739833474159241, -0.13171309232711792, 0.8642769455909729, -0.09689157456159592, -0.4935964047908783, 0.46799278259277344, -0.20486216247081757, 0.8596593737602234], "cam_t_m2c": [276.0996398925781, 67.11455535888672, 438.3320617675781], "obj_id": 2}, {"cam_R_m2c": [0.09727724641561508, -0.281872421503067, 0.9545077681541443, -0.6772830486297607, 0.6839889287948608, 0.27101075649261475, -0.7292632460594177, -0.672835111618042, -0.12437085807323456], "cam_t_m2c": [163.6041717529297, 183.6885223388672, 173.75001525878906], "obj_id": 0}, {"cam_R_m2c": [-0.07126883417367935, 0.46951696276664734, 0.8800422549247742, 0.7508092522621155, -0.5555894374847412, 0.35721927881240845, 0.6566628217697144, 0.6862025260925293, -0.31292134523391724], "cam_t_m2c": [324.89935302734375, 13.040133476257324, 418.9309387207031], "obj_id": 0}, {"cam_R_m2c": [-0.4798586964607239, -0.670561671257019, -0.5657587647438049, -0.4947260022163391, 0.7393633127212524, -0.4567145109176636, 0.7245565056800842, 0.060737188905477524, -0.6865342259407043], "cam_t_m2c": [323.1072998046875, -51.161521911621094, 584.3512573242188], "obj_id": 3}, {"cam_R_m2c": [-0.026325972750782967, 0.646879255771637, -0.762137770652771, 0.9536445736885071, 0.24488477408885956, 0.17490944266319275, 0.2997811734676361, -0.7222039103507996, -0.6233397126197815], "cam_t_m2c": [166.10455322265625, 46.86735153198242, 293.8858642578125], "obj_id": 0}, {"cam_R_m2c": [0.6975375413894653, 0.7109796404838562, 0.08915901184082031, -0.545371413230896, 0.44606906175613403, 0.7096424102783203, 0.46477025747299194, -0.5436270236968994, 0.6988978981971741], "cam_t_m2c": [338.49237060546875, 74.34909057617188, 452.2680358886719], "obj_id": 1}, {"cam_R_m2c": [-0.09869184345006943, 0.3612918555736542, 0.9272152185440063, 0.7406705021858215, -0.5956005454063416, 0.3109135329723358, 0.6645804047584534, 0.7174456119537354, -0.20881730318069458], "cam_t_m2c": [171.09817504882812, -156.93081665039062, 672.2228393554688], "obj_id": 0}, {"cam_R_m2c": [0.6524123549461365, -0.7112434506416321, -0.2617075741291046, -0.24848118424415588, 0.1254860907793045, -0.9604740142822266, 0.7159715294837952, 0.6916545033454895, -0.0948619470000267], "cam_t_m2c": [390.9641418457031, -21.267515182495117, 570.0006103515625], "obj_id": 3}, {"cam_R_m2c": [0.04606344550848007, 0.9802900552749634, 0.1921190619468689, 0.5958216190338135, 0.12740561366081238, -0.7929467558860779, -0.8017948269844055, 0.15099459886550903, -0.5782092809677124], "cam_t_m2c": [194.87869262695312, -22.645469665527344, 390.22845458984375], "obj_id": 1}, {"cam_R_m2c": [-0.5637726783752441, -0.5613245964050293, -0.6058669686317444, 0.29701507091522217, -0.8222711086273193, 0.4854399561882019, -0.7706764340400696, 0.09372620284557343, 0.6302961111068726], "cam_t_m2c": [334.9574279785156, 104.4878921508789, 307.0263671875], "obj_id": 3}, {"cam_R_m2c": [-0.18441271781921387, 0.9144958853721619, 0.3601236343383789, 0.8642768263816833, -0.023581409826874733, 0.5024632215499878, 0.4679928421974182, 0.4039071798324585, -0.7860288619995117], "cam_t_m2c": [154.73257446289062, 6.255560874938965, 502.8999938964844], "obj_id": 2}, {"cam_R_m2c": [-0.18441276252269745, 0.6967206001281738, -0.6932331323623657, 0.8642768263816833, 0.4508052468299866, 0.22315940260887146, 0.4679928719997406, -0.5579919219017029, -0.6852936744689941], "cam_t_m2c": [142.6287841796875, 50.5384407043457, 416.35015869140625], "obj_id": 2}, {"cam_R_m2c": [-0.26102861762046814, 0.781566321849823, 0.5665844082832336, 0.7942042350769043, -0.15975995361804962, 0.5862730741500854, 0.5487289428710938, 0.6030178666114807, -0.5790213346481323], "cam_t_m2c": [114.19068908691406, -17.486282348632812, 511.67486572265625], "obj_id": 1}, {"cam_R_m2c": [0.23681680858135223, -0.9715453386306763, -0.0041898745112121105, 0.501204252243042, 0.11847320944070816, 0.8571805357933044, -0.8322933316230774, -0.20509478449821472, 0.5149990320205688], "cam_t_m2c": [183.36318969726562, -85.26520538330078, 567.1884155273438], "obj_id": 3}, {"cam_R_m2c": [-0.7734493017196655, 0.6222366094589233, 0.12081963568925858, -0.06367313861846924, -0.2659167945384979, 0.961890697479248, 0.6306516528129578, 0.7362809181213379, 0.24529314041137695], "cam_t_m2c": [302.20458984375, 47.698856353759766, 523.1468505859375], "obj_id": 1}, {"cam_R_m2c": [0.18066468834877014, -0.03809599205851555, 0.9828066229820251, -0.7785391807556152, 0.6050877571105957, 0.1665698140859604, -0.6010298728942871, -0.7952467799186707, 0.07965878397226334], "cam_t_m2c": [129.85044860839844, -2.932701349258423, 378.4247131347656], "obj_id": 2}, {"cam_R_m2c": [-0.11060299724340439, 0.31428781151771545, -0.9428626894950867, 0.9612457752227783, 0.2748817205429077, -0.021132171154022217, 0.2525341212749481, -0.9086601138114929, -0.3325105607509613], "cam_t_m2c": [63.88855743408203, 35.72724533081055, 274.18060302734375], "obj_id": 0}, {"cam_R_m2c": [0.0022320228163152933, -0.5553755760192871, -0.8315965533256531, -0.9770076274871826, -0.1785019189119339, 0.11658897995948792, -0.21319232881069183, 0.81221604347229, -0.54300457239151], "cam_t_m2c": [132.82810974121094, -178.18450927734375, 829.920166015625], "obj_id": 0}, {"cam_R_m2c": [0.453437864780426, 0.8407912850379944, 0.2957431972026825, -0.7374574542045593, 0.5402702689170837, -0.4052955210208893, -0.5005502104759216, -0.03432172164320946, 0.8650268912315369], "cam_t_m2c": [439.0352783203125, -8.095056533813477, 511.9621276855469], "obj_id": 2}, {"cam_R_m2c": [-0.4445785582065582, -0.871770977973938, -0.20582795143127441, 0.813758134841919, -0.2970455586910248, -0.4995613992214203, 0.37436285614967346, -0.38958847522735596, 0.8414708971977234], "cam_t_m2c": [107.57488250732422, -65.51268768310547, 596.4815673828125], "obj_id": 2}, {"cam_R_m2c": [0.20541615784168243, -0.04522423446178436, 0.9776292443275452, 0.8520810604095459, -0.48311686515808105, -0.20138491690158844, 0.4814167022705078, 0.8743870854377747, -0.060705263167619705], "cam_t_m2c": [124.22209930419922, 53.44504165649414, 325.449462890625], "obj_id": 1}, {"cam_R_m2c": [-0.13452737033367157, -0.9489163756370544, 0.28541192412376404, -0.8219352960586548, 0.26773566007614136, 0.5027323961257935, -0.5534659624099731, -0.16695885360240936, -0.8159655928611755], "cam_t_m2c": [330.2697448730469, -3.5002779960632324, 585.1200561523438], "obj_id": 0}, {"cam_R_m2c": [-0.9538320302963257, -0.2965230643749237, -0.04773003235459328, -0.04253073409199715, -0.02396412380039692, 0.9988076090812683, -0.2973133325576782, 0.954724907875061, 0.010246576741337776], "cam_t_m2c": [534.799072265625, 46.82703399658203, 454.5321350097656], "obj_id": 3}, {"cam_R_m2c": [-0.6368414759635925, -0.6448971629142761, 0.42254021763801575, 0.25760501623153687, 0.338568776845932, 0.9049921035766602, -0.7266857624053955, 0.6851851344108582, -0.049485769122838974], "cam_t_m2c": [504.8818054199219, -40.86824035644531, 601.617919921875], "obj_id": 3}, {"cam_R_m2c": [0.8504136800765991, -0.4982506036758423, -0.16894635558128357, 0.37902840971946716, 0.35750892758369446, 0.8535366654396057, -0.36487531661987305, -0.789894700050354, 0.4928816258907318], "cam_t_m2c": [90.22958374023438, -101.68927001953125, 565.6929321289062], "obj_id": 3}, {"cam_R_m2c": [-0.047976333647966385, -0.9825562238693237, -0.17967082560062408, 0.5813949704170227, -0.17373622953891754, 0.7948557734489441, -0.8122057914733887, -0.06632549315690994, 0.5795884132385254], "cam_t_m2c": [8.51710319519043, -47.478675842285156, 578.7211303710938], "obj_id": 1}, {"cam_R_m2c": [0.308126300573349, 0.32486921548843384, -0.8941577672958374, -0.9364857077598572, -0.06189531087875366, -0.3452005386352539, -0.16748924553394318, 0.9437313675880432, 0.28516384959220886], "cam_t_m2c": [172.49241638183594, 46.46311569213867, 430.6766662597656], "obj_id": 0}, {"cam_R_m2c": [-0.22353637218475342, 0.9688042402267456, -0.10700306296348572, -0.12805300951004028, 0.07963941991329193, 0.9885645508766174, 0.9662472009658813, 0.23468229174613953, 0.10625609755516052], "cam_t_m2c": [128.82366943359375, -16.03061294555664, 572.5199584960938], "obj_id": 1}, {"cam_R_m2c": [0.7453650832176208, 0.4638783931732178, -0.4787982404232025, -0.554028332233429, 0.03156318888068199, -0.8318992257118225, -0.37078768014907837, 0.8853363990783691, 0.28052788972854614], "cam_t_m2c": [40.989715576171875, -297.3191833496094, 770.0784912109375], "obj_id": 2}, {"cam_R_m2c": [-0.4418870806694031, 0.18026600778102875, -0.8787718415260315, -0.8358797430992126, -0.43833810091018677, 0.33040091395378113, -0.32563912868499756, 0.8805475234985352, 0.34437665343284607], "cam_t_m2c": [-44.62990188598633, -50.856510162353516, 478.86468505859375], "obj_id": 1}, {"cam_R_m2c": [-0.18116280436515808, -0.8785476088523865, 0.4419662654399872, -0.9372745752334595, 0.29033151268959045, 0.1929350346326828, -0.2978193461894989, -0.3792911171913147, -0.87603759765625], "cam_t_m2c": [150.39988708496094, 48.1370735168457, 293.03485107421875], "obj_id": 2}, {"cam_R_m2c": [-0.20764048397541046, 0.007204038091003895, -0.9781785607337952, 0.8177524209022522, 0.5500350594520569, -0.16953560709953308, 0.536811113357544, -0.8351104855537415, -0.12010062485933304], "cam_t_m2c": [63.04377365112305, -23.322845458984375, 469.3849182128906], "obj_id": 2}, {"cam_R_m2c": [0.23682859539985657, 0.9050443768501282, -0.35328003764152527, 0.9181215167045593, -0.08955883234739304, 0.38604655861854553, 0.31774991750717163, -0.4157808721065521, -0.8521507382392883], "cam_t_m2c": [126.90095520019531, -77.87984466552734, 605.3704223632812], "obj_id": 2}, {"cam_R_m2c": [0.48504552245140076, 0.6040220260620117, -0.6323671936988831, 0.8507178425788879, -0.15846307575702667, 0.5011672973632812, 0.20250926911830902, -0.7810550332069397, -0.590714156627655], "cam_t_m2c": [-123.55274963378906, -81.04638671875, 415.9742431640625], "obj_id": 0}, {"cam_R_m2c": [0.0436047688126564, -0.5576016902923584, -0.8289625644683838, -0.8419374227523804, -0.4671838581562042, 0.26996397972106934, -0.5378103256225586, 0.6861629486083984, -0.4898371398448944], "cam_t_m2c": [-47.90164566040039, -139.42965698242188, 552.8673706054688], "obj_id": 1}, {"cam_R_m2c": [0.3379228711128235, -0.009730986319482327, 0.9411234855651855, -0.7226074934005737, 0.6380056142807007, 0.2660585939884186, -0.6030310392379761, -0.769970178604126, 0.20856502652168274], "cam_t_m2c": [420.2014465332031, 106.9165267944336, 405.64544677734375], "obj_id": 2}, {"cam_R_m2c": [-0.3643416464328766, 0.09474058449268341, 0.9264336228370667, 0.4551960527896881, -0.8497560024261475, 0.26591572165489197, 0.8124356269836426, 0.5185931324958801, 0.266476035118103], "cam_t_m2c": [399.81634521484375, -24.007238388061523, 599.3845825195312], "obj_id": 0}, {"cam_R_m2c": [0.4322200417518616, 0.1255171298980713, -0.8929900527000427, -0.895530104637146, -0.05653175711631775, -0.44139546155929565, -0.10588500648736954, 0.9904794692993164, 0.08797022700309753], "cam_t_m2c": [67.91868591308594, -98.00704956054688, 512.0347900390625], "obj_id": 1}, {"cam_R_m2c": [-0.7376583218574524, 0.638635516166687, -0.21910005807876587, 0.02036966383457184, 0.34541165828704834, 0.9382301568984985, 0.674866795539856, 0.687630295753479, -0.2678045332431793], "cam_t_m2c": [317.3958740234375, 14.832967758178711, 435.14593505859375], "obj_id": 3}, {"cam_R_m2c": [-0.14245818555355072, 0.9413779377937317, -0.30579909682273865, -0.8861349821090698, -0.2589457631111145, -0.38433289527893066, -0.4409879148006439, 0.21622790396213531, 0.8710770010948181], "cam_t_m2c": [186.72877502441406, 4.064028263092041, 387.9162902832031], "obj_id": 2}, {"cam_R_m2c": [0.05740863457322121, -0.39659783244132996, -0.9161956310272217, -0.9813575148582458, -0.19101890921592712, 0.02119557373225689, -0.18341679871082306, 0.8978986144065857, -0.40017038583755493], "cam_t_m2c": [144.2881622314453, 50.40542221069336, 412.2823791503906], "obj_id": 0}, {"cam_R_m2c": [0.9142553210258484, -0.38903889060020447, -0.11307472735643387, -0.023918505758047104, 0.2267838567495346, -0.9736513495445251, 0.4044317901134491, 0.8928705453872681, 0.19803312420845032], "cam_t_m2c": [94.35287475585938, -112.22028350830078, 613.9996337890625], "obj_id": 3}],
  "1": [{"cam_R_m2c": [-0.18441297113895416, -0.9739833474159241, -0.13171309232711792, 0.8642769455909729, -0.09689157456159592, -0.4935964047908783, 0.46799278259277344, -0.20486216247081757, 0.8596593737602234], "cam_t_m2c": [276.0996398925781, 67.11455535888672, 438.3320617675781], "obj_id": 2}, {"cam_R_m2c": [0.09727724641561508, -0.281872421503067, 0.9545077681541443, -0.6772830486297607, 0.6839889287948608, 0.27101075649261475, -0.7292632460594177, -0.672835111618042, -0.12437085807323456], "cam_t_m2c": [163.6041717529297, 183.6885223388672, 173.75001525878906], "obj_id": 0}, {"cam_R_m2c": [-0.07126883417367935, 0.46951696276664734, 0.8800422549247742, 0.7508092522621155, -0.5555894374847412, 0.35721927881240845, 0.6566628217697144, 0.6862025260925293, -0.31292134523391724], "cam_t_m2c": [324.89935302734375, 13.040133476257324, 418.9309387207031], "obj_id": 0}, {"cam_R_m2c": [-0.4798586964607239, -0.670561671257019, -0.5657587647438049, -0.4947260022163391, 0.7393633127212524, -0.4567145109176636, 0.7245565056800842, 0.060737188905477524, -0.6865342259407043], "cam_t_m2c": [323.1072998046875, -51.161521911621094, 584.3512573242188], "obj_id": 3}, {"cam_R_m2c": [-0.026325972750782967, 0.646879255771637, -0.762137770652771, 0.9536445736885071, 0.24488477408885956, 0.17490944266319275, 0.2997811734676361, -0.7222039103507996, -0.6233397126197815], "cam_t_m2c": [166.10455322265625, 46.86735153198242, 293.8858642578125], "obj_id": 0}, {"cam_R_m2c": [0.6975375413894653, 0.7109796404838562, 0.08915901184082031, -0.545371413230896, 0.44606906175613403, 0.7096424102783203, 0.46477025747299194, -0.5436270236968994, 0.6988978981971741], "cam_t_m2c": [338.49237060546875, 74.34909057617188, 452.2680358886719], "obj_id": 1}, {"cam_R_m2c": [-0.09869184345006943, 0.3612918555736542, 0.9272152185440063, 0.7406705021858215, -0.5956005454063416, 0.3109135329723358, 0.6645804047584534, 0.7174456119537354, -0.20881730318069458], "cam_t_m2c": [171.09817504882812, -156.93081665039062, 672.2228393554688], "obj_id": 0}, {"cam_R_m2c": [0.6524123549461365, -0.7112434506416321, -0.2617075741291046, -0.24848118424415588, 0.1254860907793045, -0.9604740142822266, 0.7159715294837952, 0.6916545033454895, -0.0948619470000267], "cam_t_m2c": [390.9641418457031, -21.267515182495117, 570.0006103515625], "obj_id": 3}, {"cam_R_m2c": [0.04606344550848007, 0.9802900552749634, 0.1921190619468689, 0.5958216190338135, 0.12740561366081238, -0.7929467558860779, -0.8017948269844055, 0.15099459886550903, -0.5782092809677124], "cam_t_m2c": [194.87869262695312, -22.645469665527344, 390.22845458984375], "obj_id": 1}, {"cam_R_m2c": [-0.5637726783752441, -0.5613245964050293, -0.6058669686317444, 0.29701507091522217, -0.8222711086273193, 0.4854399561882019, -0.7706764340400696, 0.09372620284557343, 0.6302961111068726], "cam_t_m2c": [334.9574279785156, 104.4878921508789, 307.0263671875], "obj_id": 3}, {"cam_R_m2c": [-0.18441271781921387, 0.9144958853721619, 0.3601236343383789, 0.8642768263816833, -0.023581409826874733, 0.5024632215499878, 0.4679928421974182, 0.4039071798324585, -0.7860288619995117], "cam_t_m2c": [154.73257446289062, 6.255560874938965, 502.8999938964844], "obj_id": 2}, {"cam_R_m2c": [-0.18441276252269745, 0.6967206001281738, -0.6932331323623657, 0.8642768263816833, 0.4508052468299866, 0.22315940260887146, 0.4679928719997406, -0.5579919219017029, -0.6852936744689941], "cam_t_m2c": [142.6287841796875, 50.5384407043457, 416.35015869140625], "obj_id": 2}, {"cam_R_m2c": [-0.26102861762046814, 0.781566321849823, 0.5665844082832336, 0.7942042350769043, -0.15975995361804962, 0.5862730741500854, 0.5487289428710938, 0.6030178666114807, -0.5790213346481323], "cam_t_m2c": [114.19068908691406, -17.486282348632812, 511.67486572265625], "obj_id": 1}, {"cam_R_m2c": [0.23681680858135223, -0.9715453386306763, -0.0041898745112121105, 0.501204252243042, 0.11847320944070816, 0.8571805357933044, -0.8322933316230774, -0.20509478449821472, 0.5149990320205688], "cam_t_m2c": [183.36318969726562, -85.26520538330078, 567.1884155273438], "obj_id": 3}, {"cam_R_m2c": [-0.7734493017196655, 0.6222366094589233, 0.12081963568925858, -0.06367313861846924, -0.2659167945384979, 0.961890697479248, 0.6306516528129578, 0.7362809181213379, 0.24529314041137695], "cam_t_m2c": [302.20458984375, 47.698856353759766, 523.1468505859375], "obj_id": 1}, {"cam_R_m2c": [0.18066468834877014, -0.03809599205851555, 0.9828066229820251, -0.7785391807556152, 0.6050877571105957, 0.1665698140859604, -0.6010298728942871, -0.7952467799186707, 0.07965878397226334], "cam_t_m2c": [129.85044860839844, -2.932701349258423, 378.4247131347656], "obj_id": 2}, {"cam_R_m2c": [-0.11060299724340439, 0.31428781151771545, -0.9428626894950867, 0.9612457752227783, 0.2748817205429077, -0.021132171154022217, 0.2525341212749481, -0.9086601138114929, -0.3325105607509613], "cam_t_m2c": [63.88855743408203, 35.72724533081055, 274.18060302734375], "obj_id": 0}, {"cam_R_m2c": [0.0022320228163152933, -0.5553755760192871, -0.8315965533256531, -0.9770076274871826, -0.1785019189119339, 0.11658897995948792, -0.21319232881069183, 0.81221604347229, -0.54300457239151], "cam_t_m2c": [132.82810974121094, -178.18450927734375, 829.920166015625], "obj_id": 0}, {"cam_R_m2c": [0.453437864780426, 0.8407912850379944, 0.2957431972026825, -0.7374574542045593, 0.5402702689170837, -0.4052955210208893, -0.5005502104759216, -0.03432172164320946, 0.8650268912315369], "cam_t_m2c": [439.0352783203125, -8.095056533813477, 511.9621276855469], "obj_id": 2}, {"cam_R_m2c": [-0.4445785582065582, -0.871770977973938, -0.20582795143127441, 0.813758134841919, -0.2970455586910248, -0.4995613992214203, 0.37436285614967346, -0.38958847522735596, 0.8414708971977234], "cam_t_m2c": [107.57488250732422, -65.51268768310547, 596.4815673828125], "obj_id": 2}, {"cam_R_m2c": [0.20541615784168243, -0.04522423446178436, 0.9776292443275452, 0.8520810604095459, -0.48311686515808105, -0.20138491690158844, 0.4814167022705078, 0.8743870854377747, -0.060705263167619705], "cam_t_m2c": [124.22209930419922, 53.44504165649414, 325.449462890625], "obj_id": 1}, {"cam_R_m2c": [-0.13452737033367157, -0.9489163756370544, 0.28541192412376404, -0.8219352960586548, 0.26773566007614136, 0.5027323961257935, -0.5534659624099731, -0.16695885360240936, -0.8159655928611755], "cam_t_m2c": [330.2697448730469, -3.5002779960632324, 585.1200561523438], "obj_id": 0}, {"cam_R_m2c": [-0.9538320302963257, -0.2965230643749237, -0.04773003235459328, -0.04253073409199715, -0.02396412380039692, 0.9988076090812683, -0.2973133325576782, 0.954724907875061, 0.010246576741337776], "cam_t_m2c": [534.799072265625, 46.82703399658203, 454.5321350097656], "obj_id": 3}, {"cam_R_m2c": [-0.6368414759635925, -0.6448971629142761, 0.42254021763801575, 0.25760501623153687, 0.338568776845932, 0.9049921035766602, -0.7266857624053955, 0.6851851344108582, -0.049485769122838974], "cam_t_m2c": [504.8818054199219, -40.86824035644531, 601.617919921875], "obj_id": 3}, {"cam_R_m2c": [0.8504136800765991, -0.4982506036758423, -0.16894635558128357, 0.37902840971946716, 0.35750892758369446, 0.8535366654396057, -0.36487531661987305, -0.789894700050354, 0.4928816258907318], "cam_t_m2c": [90.22958374023438, -101.68927001953125, 565.6929321289062], "obj_id": 3}, {"cam_R_m2c": [-0.047976333647966385, -0.9825562238693237, -0.17967082560062408, 0.5813949704170227, -0.17373622953891754, 0.7948557734489441, -0.8122057914733887, -0.06632549315690994, 0.5795884132385254], "cam_t_m2c": [8.51710319519043, -47.478675842285156, 578.7211303710938], "obj_id": 1}, {"cam_R_m2c": [0.308126300573349, 0.32486921548843384, -0.8941577672958374, -0.9364857077598572, -0.06189531087875366, -0.3452005386352539, -0.16748924553394318, 0.9437313675880432, 0.28516384959220886], "cam_t_m2c": [172.49241638183594, 46.46311569213867, 430.6766662597656], "obj_id": 0}, {"cam_R_m2c": [-0.22353637218475342, 0.9688042402267456, -0.10700306296348572, -0.12805300951004028, 0.07963941991329193, 0.9885645508766174, 0.9662472009658813, 0.23468229174613953, 0.10625609755516052], "cam_t_m2c": [128.82366943359375, -16.03061294555664, 572.5199584960938], "obj_id": 1}, {"cam_R_m2c": [0.7453650832176208, 0.4638783931732178, -0.4787982404232025, -0.554028332233429, 0.03156318888068199, -0.8318992257118225, -0.37078768014907837, 0.8853363990783691, 0.28052788972854614], "cam_t_m2c": [40.989715576171875, -297.3191833496094, 770.0784912109375], "obj_id": 2}, {"cam_R_m2c": [-0.4418870806694031, 0.18026600778102875, -0.8787718415260315, -0.8358797430992126, -0.43833810091018677, 0.33040091395378113, -0.32563912868499756, 0.8805475234985352, 0.34437665343284607], "cam_t_m2c": [-44.62990188598633, -50.856510162353516, 478.86468505859375], "obj_id": 1}, {"cam_R_m2c": [-0.18116280436515808, -0.8785476088523865, 0.4419662654399872, -0.9372745752334595, 0.29033151268959045, 0.1929350346326828, -0.2978193461894989, -0.3792911171913147, -0.87603759765625], "cam_t_m2c": [150.39988708496094, 48.1370735168457, 293.03485107421875], "obj_id": 2}, {"cam_R_m2c": [-0.20764048397541046, 0.007204038091003895, -0.9781785607337952, 0.8177524209022522, 0.5500350594520569, -0.16953560709953308, 0.536811113357544, -0.8351104855537415, -0.12010062485933304], "cam_t_m2c": [63.04377365112305, -23.322845458984375, 469.3849182128906], "obj_id": 2}, {"cam_R_m2c": [0.23682859539985657, 0.9050443768501282, -0.35328003764152527, 0.9181215167045593, -0.08955883234739304, 0.38604655861854553, 0.31774991750717163, -0.4157808721065521, -0.8521507382392883], "cam_t_m2c": [126.90095520019531, -77.87984466552734, 605.3704223632812], "obj_id": 2}, {"cam_R_m2c": [0.48504552245140076, 0.6040220260620117, -0.6323671936988831, 0.8507178425788879, -0.15846307575702667, 0.5011672973632812, 0.20250926911830902, -0.7810550332069397, -0.590714156627655], "cam_t_m2c": [-123.55274963378906, -81.04638671875, 415.9742431640625], "obj_id": 0}, {"cam_R_m2c": [0.0436047688126564, -0.5576016902923584, -0.8289625644683838, -0.8419374227523804, -0.4671838581562042, 0.26996397972106934, -0.5378103256225586, 0.6861629486083984, -0.4898371398448944], "cam_t_m2c": [-47.90164566040039, -139.42965698242188, 552.8673706054688], "obj_id": 1}, {"cam_R_m2c": [0.3379228711128235, -0.009730986319482327, 0.9411234855651855, -0.7226074934005737, 0.6380056142807007, 0.2660585939884186, -0.6030310392379761, -0.769970178604126, 0.20856502652168274], "cam_t_m2c": [420.2014465332031, 106.9165267944336, 405.64544677734375], "obj_id": 2}, {"cam_R_m2c": [-0.3643416464328766, 0.09474058449268341, 0.9264336228370667, 0.4551960527896881, -0.8497560024261475, 0.26591572165489197, 0.8124356269836426, 0.5185931324958801, 0.266476035118103], "cam_t_m2c": [399.81634521484375, -24.007238388061523, 599.3845825195312], "obj_id": 0}, {"cam_R_m2c": [0.4322200417518616, 0.1255171298980713, -0.8929900527000427, -0.895530104637146, -0.05653175711631775, -0.44139546155929565, -0.10588500648736954, 0.9904794692993164, 0.08797022700309753], "cam_t_m2c": [67.91868591308594, -98.00704956054688, 512.0347900390625], "obj_id": 1}, {"cam_R_m2c": [-0.7376583218574524, 0.638635516166687, -0.21910005807876587, 0.02036966383457184, 0.34541165828704834, 0.9382301568984985, 0.674866795539856, 0.687630295753479, -0.2678045332431793], "cam_t_m2c": [317.3958740234375, 14.832967758178711, 435.14593505859375], "obj_id": 3}, {"cam_R_m2c": [-0.14245818555355072, 0.9413779377937317, -0.30579909682273865, -0.8861349821090698, -0.2589457631111145, -0.38433289527893066, -0.4409879148006439, 0.21622790396213531, 0.8710770010948181], "cam_t_m2c": [186.72877502441406, 4.064028263092041, 387.9162902832031], "obj_id": 2}, {"cam_R_m2c": [0.05740863457322121, -0.39659783244132996, -0.9161956310272217, -0.9813575148582458, -0.19101890921592712, 0.02119557373225689, -0.18341679871082306, 0.8978986144065857, -0.40017038583755493], "cam_t_m2c": [144.2881622314453, 50.40542221069336, 412.2823791503906], "obj_id": 0}, {"cam_R_m2c": [0.9142553210258484, -0.38903889060020447, -0.11307472735643387, -0.023918505758047104, 0.2267838567495346, -0.9736513495445251, 0.4044317901134491, 0.8928705453872681, 0.19803312420845032], "cam_t_m2c": [94.35287475585938, -112.22028350830078, 613.9996337890625], "obj_id": 3}],
  "2": [{"cam_R_m2c": [-0.18441297113895416, -0.9739833474159241, -0.13171309232711792, 0.8642769455909729, -0.09689157456159592, -0.4935964047908783, 0.46799278259277344, -0.20486216247081757, 0.8596593737602234], "cam_t_m2c": [276.0996398925781, 67.11455535888672, 438.3320617675781], "obj_id": 2}, {"cam_R_m2c": [0.09727724641561508, -0.281872421503067, 0.9545077681541443, -0.6772830486297607, 0.6839889287948608, 0.27101075649261475, -0.7292632460594177, -0.672835111618042, -0.12437085807323456], "cam_t_m2c": [163.6041717529297, 183.6885223388672, 173.75001525878906], "obj_id": 0}, {"cam_R_m2c": [-0.07126883417367935, 0.46951696276664734, 0.8800422549247742, 0.7508092522621155, -0.5555894374847412, 0.35721927881240845, 0.6566628217697144, 0.6862025260925293, -0.31292134523391724], "cam_t_m2c": [324.89935302734375, 13.040133476257324, 418.9309387207031], "obj_id": 0}, {"cam_R_m2c": [-0.4798586964607239, -0.670561671257019, -0.5657587647438049, -0.4947260022163391, 0.7393633127212524, -0.4567145109176636, 0.7245565056800842, 0.060737188905477524, -0.6865342259407043], "cam_t_m2c": [323.1072998046875, -51.161521911621094, 584.3512573242188], "obj_id": 3}, {"cam_R_m2c": [-0.026325972750782967, 0.646879255771637, -0.762137770652771, 0.9536445736885071, 0.24488477408885956, 0.17490944266319275, 0.2997811734676361, -0.7222039103507996, -0.6233397126197815], "cam_t_m2c": [166.10455322265625, 46.86735153198242, 293.8858642578125], "obj_id": 0}, {"cam_R_m2c": [0.6975375413894653, 0.7109796404838562, 0.08915901184082031, -0.545371413230896, 0.44606906175613403, 0.7096424102783203, 0.46477025747299194, -0.5436270236968994, 0.6988978981971741], "cam_t_m2c": [338.49237060546875, 74.34909057617188, 452.2680358886719], "obj_id": 1}, {"cam_R_m2c": [-0.09869184345006943, 0.3612918555736542, 0.9272152185440063, 0.7406705021858215, -0.5956005454063416, 0.3109135329723358, 0.6645804047584534, 0.7174456119537354, -0.20881730318069458], "cam_t_m2c": [171.09817504882812, -156.93081665039062, 672.2228393554688], "obj_id": 0}, {"cam_R_m2c": [0.6524123549461365, -0.7112434506416321, -0.2617075741291046, -0.24848118424415588, 0.1254860907793045, -0.9604740142822266, 0.7159715294837952, 0.6916545033454895, -0.0948619470000267], "cam_t_m2c": [390.9641418457031, -21.267515182495117, 570.0006103515625], "obj_id": 3}, {"cam_R_m2c": [0.04606344550848007, 0.9802900552749634, 0.1921190619468689, 0.5958216190338135, 0.12740561366081238, -0.7929467558860779, -0.8017948269844055, 0.15099459886550903, -0.5782092809677124], "cam_t_m2c": [194.87869262695312, -22.645469665527344, 390.22845458984375], "obj_id": 1}, {"cam_R_m2c": [-0.5637726783752441, -0.5613245964050293, -0.6058669686317444, 0.29701507091522217, -0.8222711086273193, 0.4854399561882019, -0.7706764340400696, 0.09372620284557343, 0.6302961111068726], "cam_t_m2c": [334.9574279785156, 104.4878921508789, 307.0263671875], "obj_id": 3}, {"cam_R_m2c": [-0.18441271781921387, 0.9144958853721619, 0.3601236343383789, 0.8642768263816833, -0.023581409826874733, 0.5024632215499878, 0.4679928421974182, 0.4039071798324585, -0.7860288619995117], "cam_t_m2c": [154.73257446289062, 6.255560874938965, 502.8999938964844], "obj_id": 2}, {"cam_R_m2c": [-0.18441276252269745, 0.6967206001281738, -0.6932331323623657, 0.8642768263816833, 0.4508052468299866, 0.22315940260887146, 0.4679928719997406, -0.5579919219017029, -0.6852936744689941], "cam_t_m2c": [142.6287841796875, 50.5384407043457, 416.35015869140625], "obj_id": 2}, {"cam_R_m2c": [-0.26102861762046814, 0.781566321849823, 0.5665844082832336, 0.7942042350769043, -0.15975995361804962, 0.5862730741500854, 0.5487289428710938, 0.6030178666114807, -0.5790213346481323], "cam_t_m2c": [114.19068908691406, -17.486282348632812, 511.67486572265625], "obj_id": 1}, {"cam_R_m2c": [0.23681680858135223, -0.9715453386306763, -0.0041898745112121105, 0.501204252243042, 0.11847320944070816, 0.8571805357933044, -0.8322933316230774, -0.20509478449821472, 0.5149990320205688], "cam_t_m2c": [183.36318969726562, -85.26520538330078, 567.1884155273438], "obj_id": 3}, {"cam_R_m2c": [-0.7734493017196655, 0.6222366094589233, 0.12081963568925858, -0.06367313861846924, -0.2659167945384979, 0.961890697479248, 0.6306516528129578, 0.7362809181213379, 0.24529314041137695], "cam_t_m2c": [302.20458984375, 47.698856353759766, 523.1468505859375], "obj_id": 1}, {"cam_R_m2c": [0.18066468834877014, -0.03809599205851555, 0.9828066229820251, -0.7785391807556152, 0.6050877571105957, 0.1665698140859604, -0.6010298728942871, -0.7952467799186707, 0.07965878397226334], "cam_t_m2c": [129.85044860839844, -2.932701349258423, 378.4247131347656], "obj_id": 2}, {"cam_R_m2c": [-0.11060299724340439, 0.31428781151771545, -0.9428626894950867, 0.9612457752227783, 0.2748817205429077, -0.021132171154022217, 0.2525341212749481, -0.9086601138114929, -0.3325105607509613], "cam_t_m2c": [63.88855743408203, 35.72724533081055, 274.18060302734375], "obj_id": 0}, {"cam_R_m2c": [0.0022320228163152933, -0.5553755760192871, -0.8315965533256531, -0.9770076274871826, -0.1785019189119339, 0.11658897995948792, -0.21319232881069183, 0.81221604347229, -0.54300457239151], "cam_t_m2c": [132.82810974121094, -178.18450927734375, 829.920166015625], "obj_id": 0}, {"cam_R_m2c": [0.453437864780426, 0.8407912850379944, 0.2957431972026825, -0.7374574542045593, 0.5402702689170837, -0.4052955210208893, -0.5005502104759216, -0.03432172164320946, 0.8650268912315369], "cam_t_m2c": [439.0352783203125, -8.095056533813477, 511.9621276855469], "obj_id": 2}, {"cam_R_m2c": [-0.4445785582065582, -0.871770977973938, -0.20582795143127441, 0.813758134841919, -0.2970455586910248, -0.4995613992214203, 0.37436285614967346, -0.38958847522735596, 0.8414708971977234], "cam_t_m2c": [107.57488250732422, -65.51268768310547, 596.4815673828125], "obj_id": 2}, {"cam_R_m2c": [0.20541615784168243, -0.04522423446178436, 0.9776292443275452, 0.8520810604095459, -0.48311686515808105, -0.20138491690158844, 0.4814167022705078, 0.8743870854377747, -0.060705263167619705], "cam_t_m2c": [124.22209930419922, 53.44504165649414, 325.449462890625], "obj_id": 1}, {"cam_R_m2c": [-0.13452737033367157, -0.9489163756370544, 0.28541192412376404, -0.8219352960586548, 0.26773566007614136, 0.5027323961257935, -0.5534659624099731, -0.16695885360240936, -0.8159655928611755], "cam_t_m2c": [330.2697448730469, -3.5002779960632324, 585.1200561523438], "obj_id": 0}, {"cam_R_m2c": [-0.9538320302963257, -0.2965230643749237, -0.04773003235459328, -0.04253073409199715, -0.02396412380039692, 0.9988076090812683, -0.2973133325576782, 0.954724907875061, 0.010246576741337776], "cam_t_m2c": [534.799072265625, 46.82703399658203, 454.5321350097656], "obj_id": 3}, {"cam_R_m2c": [-0.6368414759635925, -0.6448971629142761, 0.42254021763801575, 0.25760501623153687, 0.338568776845932, 0.9049921035766602, -0.7266857624053955, 0.6851851344108582, -0.049485769122838974], "cam_t_m2c": [504.8818054199219, -40.86824035644531, 601.617919921875], "obj_id": 3}, {"cam_R_m2c": [0.8504136800765991, -0.4982506036758423, -0.16894635558128357, 0.37902840971946716, 0.35750892758369446, 0.8535366654396057, -0.36487531661987305, -0.789894700050354, 0.4928816258907318], "cam_t_m2c": [90.22958374023438, -101.68927001953125, 565.6929321289062], "obj_id": 3}, {"cam_R_m2c": [-0.047976333647966385, -0.9825562238693237, -0.17967082560062408, 0.5813949704170227, -0.17373622953891754, 0.7948557734489441, -0.8122057914733887, -0.06632549315690994, 0.5795884132385254], "cam_t_m2c": [8.51710319519043, -47.478675842285156, 578.7211303710938], "obj_id": 1}, {"cam_R_m2c": [0.308126300573349, 0.32486921548843384, -0.8941577672958374, -0.9364857077598572, -0.06189531087875366, -0.3452005386352539, -0.16748924553394318, 0.9437313675880432, 0.28516384959220886], "cam_t_m2c": [172.49241638183594, 46.46311569213867, 430.6766662597656], "obj_id": 0}, {"cam_R_m2c": [-0.22353637218475342, 0.9688042402267456, -0.10700306296348572, -0.12805300951004028, 0.07963941991329193, 0.9885645508766174, 0.9662472009658813, 0.23468229174613953, 0.10625609755516052], "cam_t_m2c": [128.82366943359375, -16.03061294555664, 572.5199584960938], "obj_id": 1}, {"cam_R_m2c": [0.7453650832176208, 0.4638783931732178, -0.4787982404232025, -0.554028332233429, 0.03156318888068199, -0.8318992257118225, -0.37078768014907837, 0.8853363990783691, 0.28052788972854614], "cam_t_m2c": [40.989715576171875, -297.3191833496094, 770.0784912109375], "obj_id": 2}, {"cam_R_m2c": [-0.4418870806694031, 0.18026600778102875, -0.8787718415260315, -0.8358797430992126, -0.43833810091018677, 0.33040091395378113, -0.32563912868499756, 0.8805475234985352, 0.34437665343284607], "cam_t_m2c": [-44.62990188598633, -50.856510162353516, 478.86468505859375], "obj_id": 1}, {"cam_R_m2c": [-0.18116280436515808, -0.8785476088523865, 0.4419662654399872, -0.9372745752334595, 0.29033151268959045, 0.1929350346326828, -0.2978193461894989, -0.3792911171913147, -0.87603759765625], "cam_t_m2c": [150.39988708496094, 48.1370735168457, 293.03485107421875], "obj_id": 2}, {"cam_R_m2c": [-0.20764048397541046, 0.007204038091003895, -0.9781785607337952, 0.8177524209022522, 0.5500350594520569, -0.16953560709953308, 0.536811113357544, -0.8351104855537415, -0.12010062485933304], "cam_t_m2c": [63.04377365112305, -23.322845458984375, 469.3849182128906], "obj_id": 2}, {"cam_R_m2c": [0.23682859539985657, 0.9050443768501282, -0.35328003764152527, 0.9181215167045593, -0.08955883234739304, 0.38604655861854553, 0.31774991750717163, -0.4157808721065521, -0.8521507382392883], "cam_t_m2c": [126.90095520019531, -77.87984466552734, 605.3704223632812], "obj_id": 2}, {"cam_R_m2c": [0.48504552245140076, 0.6040220260620117, -0.6323671936988831, 0.8507178425788879, -0.15846307575702667, 0.5011672973632812, 0.20250926911830902, -0.7810550332069397, -0.590714156627655], "cam_t_m2c": [-123.55274963378906, -81.04638671875, 415.9742431640625], "obj_id": 0}, {"cam_R_m2c": [0.0436047688126564, -0.5576016902923584, -0.8289625644683838, -0.8419374227523804, -0.4671838581562042, 0.26996397972106934, -0.5378103256225586, 0.6861629486083984, -0.4898371398448944], "cam_t_m2c": [-47.90164566040039, -139.42965698242188, 552.8673706054688], "obj_id": 1}, {"cam_R_m2c": [0.3379228711128235, -0.009730986319482327, 0.9411234855651855, -0.7226074934005737, 0.6380056142807007, 0.2660585939884186, -0.6030310392379761, -0.769970178604126, 0.20856502652168274], "cam_t_m2c": [420.2014465332031, 106.9165267944336, 405.64544677734375], "obj_id": 2}, {"cam_R_m2c": [-0.3643416464328766, 0.09474058449268341, 0.9264336228370667, 0.4551960527896881, -0.8497560024261475, 0.26591572165489197, 0.8124356269836426, 0.5185931324958801, 0.266476035118103], "cam_t_m2c": [399.81634521484375, -24.007238388061523, 599.3845825195312], "obj_id": 0}, {"cam_R_m2c": [0.4322200417518616, 0.1255171298980713, -0.8929900527000427, -0.895530104637146, -0.05653175711631775, -0.44139546155929565, -0.10588500648736954, 0.9904794692993164, 0.08797022700309753], "cam_t_m2c": [67.91868591308594, -98.00704956054688, 512.0347900390625], "obj_id": 1}, {"cam_R_m2c": [-0.7376583218574524, 0.638635516166687, -0.21910005807876587, 0.02036966383457184, 0.34541165828704834, 0.9382301568984985, 0.674866795539856, 0.687630295753479, -0.2678045332431793], "cam_t_m2c": [317.3958740234375, 14.832967758178711, 435.14593505859375], "obj_id": 3}, {"cam_R_m2c": [-0.14245818555355072, 0.9413779377937317, -0.30579909682273865, -0.8861349821090698, -0.2589457631111145, -0.38433289527893066, -0.4409879148006439, 0.21622790396213531, 0.8710770010948181], "cam_t_m2c": [186.72877502441406, 4.064028263092041, 387.9162902832031], "obj_id": 2}, {"cam_R_m2c": [0.05740863457322121, -0.39659783244132996, -0.9161956310272217, -0.9813575148582458, -0.19101890921592712, 0.02119557373225689, -0.18341679871082306, 0.8978986144065857, -0.40017038583755493], "cam_t_m2c": [144.2881622314453, 50.40542221069336, 412.2823791503906], "obj_id": 0}, {"cam_R_m2c": [0.9142553210258484, -0.38903889060020447, -0.11307472735643387, -0.023918505758047104, 0.2267838567495346, -0.9736513495445251, 0.4044317901134491, 0.8928705453872681, 0.19803312420845032], "cam_t_m2c": [94.35287475585938, -112.22028350830078, 613.9996337890625], "obj_id": 3}]
}