{
  "0": [{"cam_R_m2c": [0.28155073523521423, -0.10325152426958084, -0.9539750218391418, -0.9457699656486511, -0.19772478938102722, -0.25772881507873535, -0.16201359033584595, 0.9748046398162842, -0.1533217579126358], "cam_t_m2c": [-76.02314758300781, 166.85072326660156, 442.71478271484375], "obj_id": 0}, {"cam_R_m2c": [-0.29984337091445923, 0.20621570944786072, -0.9314337968826294, 0.8284593224525452, 0.5403987169265747, -0.14705218374729156, 0.47302114963531494, -0.8157476782798767, -0.3328762948513031], "cam_t_m2c": [-663.8026123046875, -49.324745178222656, 453.65692138671875], "obj_id": 2}, {"cam_R_m2c": [0.8196842074394226, 0.02830156311392784, -0.5721160769462585, 0.47740039229393005, -0.5857064723968506, 0.6550089120864868, -0.31655433773994446, -0.8100289106369019, -0.49360549449920654], "cam_t_m2c": [-261.82952880859375, 18.55108070373535, 525.6787719726562], "obj_id": 3}, {"cam_R_m2c": [0.04418183118104935, -0.45322659611701965, -0.8902998566627502, 0.9432210326194763, 0.31259724497795105, -0.11232632398605347, 0.32921460270881653, -0.8347866535186768, 0.44130387902259827], "cam_t_m2c": [-206.9799041748047, 25.1872615814209, 617.8068237304688], "obj_id": 1}, {"cam_R_m2c": [0.7192057967185974, -0.6655389666557312, 0.19950179755687714, 0.540925920009613, 0.7165564298629761, 0.4403930604457855, -0.4360530376434326, -0.20881754159927368, 0.8753587603569031], "cam_t_m2c": [-150.71621704101562, 36.0029182434082, 664.1544799804688], "obj_id": 1}, {"cam_R_m2c": [0.054794348776340485, -0.017393819987773895, -0.9983460903167725, 0.6465420722961426, 0.7625552415847778, 0.022199779748916626, 0.7609078884124756, -0.646689236164093, 0.05302956700325012], "cam_t_m2c": [-12.570951461791992, 113.15808868408203, 534.704345703125], "obj_id": 1}, {"cam_R_m2c": [-0.9333667755126953, 0.2343253642320633, 0.2718782424926758, 0.20247326791286469, -0.2817072570323944, 0.9378941059112549, 0.2963625192642212, 0.9304474592208862, 0.21549175679683685], "cam_t_m2c": [125.94302368164062, 162.18923950195312, 499.2509765625], "obj_id": 3}, {"cam_R_m2c": [0.23675672709941864, -0.2245558351278305, -0.9452623128890991, 0.6498389840126038, 0.7598646283149719, -0.01774989627301693, 0.7222571969032288, -0.6100659370422363, 0.3258282244205475], "cam_t_m2c": [-575.7877197265625, -104.6808853149414, 606.39892578125], "obj_id": 2}],
  "1": [{"cam_R_m2c": [0.28155073523521423, -0.10325152426958084, -0.9539750218391418, -0.9457699656486511, -0.19772478938102722, -0.25772881507873535, -0.16201359033584595, 0.9748046398162842, -0.1533217579126358], "cam_t_m2c": [-76.02314758300781, 166.85072326660156, 442.71478271484375], "obj_id": 0}, {"cam_R_m2c": [-0.29984337091445923, 0.20621570944786072, -0.9314337968826294, 0.8284593224525452, 0.5403987169265747, -0.14705218374729156, 0.47302114963531494, -0.8157476782798767, -0.3328762948513031], "cam_t_m2c": [-663.8026123046875, -49.324745178222656, 453.65692138671875], "obj_id": 2}, {"cam_R_m2c": [0.8196842074394226, 0.02830156311392784, -0.5721160769462585, 0.47740039229393005, -0.5857064723968506, 0.6550089120864868, -0.31655433773994446, -0.8100289106369019, -0.49360549449920654], "cam_t_m2c": [-261.82952880859375, 18.55108070373535, 525.6787719726562], "obj_id": 3}, {"cam_R_m2c": [0.04418183118104935, -0.45322659611701965, -0.8902998566627502, 0.9432210326194763, 0.31259724497795105, -0.11232632398605347, 0.32921460270881653, -0.8347866535186768, 0.44130387902259827], "cam_t_m2c": [-206.9799041748047, 25.1872615814209, 617.8068237304688], "obj_id": 1}, {"cam_R_m2c": [0.7192057967185974, -0.6655389666557312, 0.19950179755687714, 0.540925920009613, 0.7165564298629761, 0.4403930604457855, -0.4360530376434326, -0.20881754159927368, 0.8753587603569031], "cam_t_m2c": [-150.71621704101562, 36.0029182434082, 664.1544799804688], "obj_id": 1}, {"cam_R_m2c": [0.054794348776340485, -0.017393819987773895, -0.9983460903167725, 0.6465420722961426, 0.7625552415847778, 0.022199779748916626, 0.7609078884124756, -0.646689236164093, 0.05302956700325012], "cam_t_m2c": [-12.570951461791992, 113.15808868408203, 534.704345703125], "obj_id": 1}, {"cam_R_m2c": [-0.9333667755126953, 0.2343253642320633, 0.2718782424926758, 0.20247326791286469, -0.2817072570323944, 0.9378941059112549, 0.2963625192642212, 0.9304474592208862, 0.21549175679683685], "cam_t_m2c": [125.94302368164062, 162.18923950195312, 499.2509765625], "obj_id": 3}, {"cam_R_m2c": [0.23675672709941864, -0.2245558351278305, -0.9452623128890991, 0.6498389840126038, 0.7598646283149719, -0.01774989627301693, 0.7222571969032288, -0.6100659370422363, 0.3258282244205475], "cam_t_m2c": [-575.7877197265625, -104.6808853149414, 606.39892578125], "obj_id": 2}],
  "2": [{"cam_R_m2c": [0.28155073523521423, -0.10325152426958084, -0.9539750218391418, -0.9457699656486511, -0.19772478938102722, -0.25772881507873535, -0.16201359033584595, 0.9748046398162842, -0.1533217579126358], "cam_t_m2c": [-76.02314758300781, 166.85072326660156, 442.71478271484375], "obj_id": 0}, {"cam_R_m2c": [-0.29984337091445923, 0.20621570944786072, -0.9314337968826294, 0.8284593224525452, 0.5403987169265747, -0.14705218374729156, 0.47302114963531494, -0.8157476782798767, -0.3328762948513031], "cam_t_m2c": [-663.8026123046875, -49.324745178222656, 453.65692138671875], "obj_id": 2}, {"cam_R_m2c": [0.8196842074394226, 0.02830156311392784, -0.5721160769462585, 0.47740039229393005, -0.5857064723968506, 0.6550089120864868, -0.31655433773994446, -0.8100289106369019, -0.49360549449920654], "cam_t_m2c": [-261.82952880859375, 18.55108070373535, 525.6787719726562], "obj_id": 3}, {"cam_R_m2c": [0.04418183118104935, -0.45322659611701965, -0.8902998566627502, 0.9432210326194763, 0.31259724497795105, -0.11232632398605347, 0.32921460270881653, -0.8347866535186768, 0.44130387902259827], "cam_t_m2c": [-206.9799041748047, 25.1872615814209, 617.8068237304688], "obj_id": 1}, {"cam_R_m2c": [0.7192057967185974, -0.6655389666557312, 0.19950179755687714, 0.540925920009613, 0.7165564298629761, 0.4403930604457855, -0.4360530376434326, -0.20881754159927368, 0.8753587603569031], "cam_t_m2c": [-150.71621704101562, 36.0029182434082, 664.1544799804688], "obj_id": 1}, {"cam_R_m2c": [0.054794348776340485, -0.017393819987773895, -0.9983460903167725, 0.6465420722961426, 0.7625552415847778, 0.022199779748916626, 0.7609078884124756, -0.646689236164093, 0.05302956700325012], "cam_t_m2c": [-12.570951461791992, 113.15808868408203, 534.704345703125], "obj_id": 1}, {"cam_R_m2c": [-0.9333667755126953, 0.2343253642320633, 0.2718782424926758, 0.20247326791286469, -0.2817072570323944, 0.9378941059112549, 0.2963625192642212, 0.9304474592208862, 0.21549175679683685], "cam_t_m2c": [125.94302368164062, 162.18923950195312, 499.2509765625], "obj_id": 3}, {"cam_R_m2c": [0.23675672709941864, -0.2245558351278305, -0.9452623128890991, 0.6498389840126038, 0.7598646283149719, -0.01774989627301693, 0.7222571969032288, -0.6100659370422363, 0.3258282244205475], "cam_t_m2c": [-575.7877197265625, -104.6808853149414, 606.39892578125], "obj_id": 2}],
  "3": [{"cam_R_m2c": [0.28155073523521423, -0.10325152426958084, -0.9539750218391418, -0.9457699656486511, -0.19772478938102722, -0.25772881507873535, -0.16201359033584595, 0.9748046398162842, -0.1533217579126358], "cam_t_m2c": [-76.02314758300781, 166.85072326660156, 442.71478271484375], "obj_id": 0}, {"cam_R_m2c": [-0.29984337091445923, 0.20621570944786072, -0.9314337968826294, 0.8284593224525452, 0.5403987169265747, -0.14705218374729156, 0.47302114963531494, -0.8157476782798767, -0.3328762948513031], "cam_t_m2c": [-663.8026123046875, -49.324745178222656, 453.65692138671875], "obj_id": 2}, {"cam_R_m2c": [0.8196842074394226, 0.02830156311392784, -0.5721160769462585, 0.47740039229393005, -0.5857064723968506, 0.6550089120864868, -0.31655433773994446, -0.8100289106369019, -0.49360549449920654], "cam_t_m2c": [-261.82952880859375, 18.55108070373535, 525.6787719726562], "obj_id": 3}, {"cam_R_m2c": [0.04418183118104935, -0.45322659611701965, -0.8902998566627502, 0.9432210326194763, 0.31259724497795105, -0.11232632398605347, 0.32921460270881653, -0.8347866535186768, 0.44130387902259827], "cam_t_m2c": [-206.9799041748047, 25.1872615814209, 617.8068237304688], "obj_id": 1}, {"cam_R_m2c": [0.7192057967185974, -0.6655389666557312, 0.19950179755687714, 0.540925920009613, 0.7165564298629761, 0.4403930604457855, -0.4360530376434326, -0.20881754159927368, 0.8753587603569031], "cam_t_m2c": [-150.71621704101562, 36.0029182434082, 664.1544799804688], "obj_id": 1}, {"cam_R_m2c": [0.054794348776340485, -0.017393819987773895, -0.9983460903167725, 0.6465420722961426, 0.7625552415847778, 0.022199779748916626, 0.7609078884124756, -0.646689236164093, 0.05302956700325012], "cam_t_m2c": [-12.570951461791992, 113.15808868408203, 534.704345703125], "obj_id": 1}, {"cam_R_m2c": [-0.9333667755126953, 0.2343253642320633, 0.2718782424926758, 0.20247326791286469, -0.2817072570323944, 0.9378941059112549, 0.2963625192642212, 0.9304474592208862, 0.21549175679683685], "cam_t_m2c": [125.94302368164062, 162.18923950195312, 499.2509765625], "obj_id": 3}, {"cam_R_m2c": [0.23675672709941864, -0.2245558351278305, -0.9452623128890991, 0.6498389840126038, 0.7598646283149719, -0.01774989627301693, 0.7222571969032288, -0.6100659370422363, 0.3258282244205475], "cam_t_m2c": [-575.7877197265625, -104.6808853149414, 606.39892578125], "obj_id": 2}],
  "4": [{"cam_R_m2c": [0.28155073523521423, -0.10325152426958084, -0.9539750218391418, -0.9457699656486511, -0.19772478938102722, -0.25772881507873535, -0.16201359033584595, 0.9748046398162842, -0.1533217579126358], "cam_t_m2c": [-76.02314758300781, 166.85072326660156, 442.71478271484375], "obj_id": 0}, {"cam_R_m2c": [-0.29984337091445923, 0.20621570944786072, -0.9314337968826294, 0.8284593224525452, 0.5403987169265747, -0.14705218374729156, 0.47302114963531494, -0.8157476782798767, -0.3328762948513031], "cam_t_m2c": [-663.8026123046875, -49.324745178222656, 453.65692138671875], "obj_id": 2}, {"cam_R_m2c": [0.8196842074394226, 0.02830156311392784, -0.5721160769462585, 0.47740039229393005, -0.5857064723968506, 0.6550089120864868, -0.31655433773994446, -0.8100289106369019, -0.49360549449920654], "cam_t_m2c": [-261.82952880859375, 18.55108070373535, 525.6787719726562], "obj_id": 3}, {"cam_R_m2c": [0.04418183118104935, -0.45322659611701965, -0.8902998566627502, 0.9432210326194763, 0.31259724497795105, -0.11232632398605347, 0.32921460270881653, -0.8347866535186768, 0.44130387902259827], "cam_t_m2c": [-206.9799041748047, 25.1872615814209, 617.8068237304688], "obj_id": 1}, {"cam_R_m2c": [0.7192057967185974, -0.6655389666557312, 0.19950179755687714, 0.540925920009613, 0.7165564298629761, 0.4403930604457855, -0.4360530376434326, -0.20881754159927368, 0.8753587603569031], "cam_t_m2c": [-150.71621704101562, 36.0029182434082, 664.1544799804688], "obj_id": 1}, {"cam_R_m2c": [0.054794348776340485, -0.017393819987773895, -0.9983460903167725, 0.6465420722961426, 0.7625552415847778, 0.022199779748916626, 0.7609078884124756, -0.646689236164093, 0.05302956700325012], "cam_t_m2c": [-12.570951461791992, 113.15808868408203, 534.704345703125], "obj_id": 1}, {"cam_R_m2c": [-0.9333667755126953, 0.2343253642320633, 0.2718782424926758, 0.20247326791286469, -0.2817072570323944, 0.9378941059112549, 0.2963625192642212, 0.9304474592208862, 0.21549175679683685], "cam_t_m2c": [125.94302368164062, 162.18923950195312, 499.2509765625], "obj_id": 3}, {"cam_R_m2c": [0.23675672709941864, -0.2245558351278305, -0.9452623128890991, 0.6498389840126038, 0.7598646283149719, -0.01774989627301693, 0.7222571969032288, -0.6100659370422363, 0.3258282244205475], "cam_t_m2c": [-575.7877197265625, -104.6808853149414, 606.39892578125], "obj_id": 2}]
}