{
  "0": [{"cam_R_m2c": [-0.7763546109199524, -0.6152567267417908, 0.1368667632341385, -0.6291300058364868, 0.7432244420051575, -0.2276243269443512, 0.03832467645406723, -0.2628242075443268, -0.9640821814537048], "cam_t_m2c": [-691.1571655273438, 23.790813446044922, 1238.6617431640625], "obj_id": 0}, {"cam_R_m2c": [-0.09997299313545227, -0.6696405410766602, -0.7359257936477661, 0.6052137613296509, -0.6279982328414917, 0.4892178773880005, -0.7897603511810303, -0.39648380875587463, 0.4680587649345398], "cam_t_m2c": [-406.0753479003906, 157.56695556640625, 1130.3040771484375], "obj_id": 0}, {"cam_R_m2c": [-0.6863183379173279, 0.7269101142883301, -0.023851068690419197, 0.7260905504226685, 0.6829158067703247, -0.08011555671691895, -0.04194853827357292, -0.07230281084775925, -0.9965001940727234], "cam_t_m2c": [-614.1976928710938, 0.6291717290878296, 1360.30810546875], "obj_id": 2}],
  "1": [{"cam_R_m2c": [-0.995323657989502, -0.06727931648492813, 0.06931193172931671, -0.08306899666786194, 0.22997558116912842, -0.9696446061134338, 0.04929697886109352, -0.9708679914474487, -0.23448890447616577], "cam_t_m2c": [-580.3433837890625, 400.16851806640625, 461.19976806640625], "obj_id": 0}, {"cam_R_m2c": [0.32576245069503784, -0.8688468933105469, -0.3728054463863373, -0.3984118103981018, -0.4837473928928375, 0.7792665958404541, -0.8574070334434509, -0.10532569140195847, -0.5037455558776855], "cam_t_m2c": [-261.123291015625, 305.63629150390625, 465.6593322753906], "obj_id": 0}, {"cam_R_m2c": [-0.15468698740005493, 0.9877086877822876, 0.022438494488596916, 0.4296973943710327, 0.08771223574876785, -0.8987028002738953, -0.8896247148513794, -0.1293758749961853, -0.43798378109931946], "cam_t_m2c": [-540.589111328125, 479.73931884765625, 576.8499145507812], "obj_id": 2}]
}