{
  "0": [{"cam_R_m2c": [-0.7336906790733337, -0.5223900079727173, -0.4345186948776245, 0.6783348321914673, -0.600279688835144, -0.42370516061782837, -0.03949342295527458, -0.6056177020072937, 0.7947750687599182], "cam_t_m2c": [175.19581604003906, -488.9742736816406, 3026.870361328125], "obj_id": 1}, {"cam_R_m2c": [-0.5502163767814636, 0.5821885466575623, 0.5985969305038452, -0.6779358983039856, -0.729975700378418, 0.08682306110858917, 0.4875086545944214, -0.35803890228271484, 0.7963312268257141], "cam_t_m2c": [-318.29168701171875, 47.50086212158203, 2771.09765625], "obj_id": 2}, {"cam_R_m2c": [-0.6287860870361328, 0.21337303519248962, -0.7477298378944397, -0.7579126954078674, -0.3830781579017639, 0.5280334949493408, -0.17377090454101562, 0.8987340927124023, 0.40259242057800293], "cam_t_m2c": [-433.2471008300781, -240.92648315429688, 3109.683837890625], "obj_id": 0}, {"cam_R_m2c": [0.7562479972839355, 0.31364837288856506, -0.5742070078849792, -0.644328236579895, 0.20448695123195648, -0.7369031310081482, -0.11371064186096191, 0.9272592663764954, 0.35673534870147705], "cam_t_m2c": [-612.0358276367188, 267.63763427734375, 2988.81884765625], "obj_id": 1}, {"cam_R_m2c": [0.8002496361732483, -0.44988229870796204, 0.39649271965026855, 0.27943283319473267, -0.3052588105201721, -0.9103485345840454, 0.5305825471878052, 0.8392991423606873, -0.11857138574123383], "cam_t_m2c": [-543.5762939453125, -587.8775024414062, 3923.76220703125], "obj_id": 1}, {"cam_R_m2c": [0.13807566463947296, 0.8798182606697083, 0.4548131823539734, 0.9596394896507263, -0.0052472264505922794, -0.2811843156814575, -0.24500460922718048, 0.47528138756752014, -0.8450328707695007], "cam_t_m2c": [-81.46419525146484, 114.96348571777344, 2650.93603515625], "obj_id": 1}, {"cam_R_m2c": [0.2001989334821701, -0.34047484397888184, 0.9186932444572449, 0.9750333428382874, 0.1611846387386322, -0.15274012088775635, -0.09607507288455963, 0.9263349175453186, 0.3642432987689972], "cam_t_m2c": [12.307392120361328, 541.5133666992188, 2353.020751953125], "obj_id": 0}, {"cam_R_m2c": [-0.27251699566841125, 0.44492053985595703, -0.8531003594398499, -0.9457972645759583, 0.03890533372759819, 0.32241880893707275, 0.17664091289043427, 0.8947246074676514, 0.410202294588089], "cam_t_m2c": [-554.85009765625, -92.0008316040039, 2261.37939453125], "obj_id": 2}, {"cam_R_m2c": [0.7997824549674988, -0.33749091625213623, -0.4964351952075958, 0.5812434554100037, 0.6420483589172363, 0.4999299645423889, 0.15001358091831207, -0.6883848905563354, 0.7096633911132812], "cam_t_m2c": [106.49943542480469, -556.0964965820312, 3265.255615234375], "obj_id": 1}, {"cam_R_m2c": [0.7748032212257385, -0.591402530670166, 0.2234344333410263, -0.5787448287010193, -0.8057475090026855, -0.12579883635044098, 0.25442951917648315, -0.031842172145843506, -0.9665669798851013], "cam_t_m2c": [-351.0077209472656, 409.6086120605469, 2236.228515625], "obj_id": 2}, {"cam_R_m2c": [0.320783793926239, -0.9047871828079224, 0.28010329604148865, 0.9374324083328247, 0.3455497920513153, 0.042612478137016296, -0.13534486293792725, 0.24890851974487305, 0.959023654460907], "cam_t_m2c": [-103.74939727783203, 61.15913009643555, 2375.981689453125], "obj_id": 1}, {"cam_R_m2c": [0.5582605600357056, -0.25091853737831116, -0.7908128499984741, 0.1409609466791153, -0.9106270670890808, 0.3884435296058655, -0.8176032900810242, -0.32832643389701843, -0.4729974567890167], "cam_t_m2c": [-108.97139739990234, -107.97763061523438, 2253.307861328125], "obj_id": 0}, {"cam_R_m2c": [-0.524415135383606, -0.1201462596654892, -0.8429434299468994, 0.7994859218597412, -0.4100760221481323, -0.43893033266067505, -0.2929350733757019, -0.90410315990448, 0.3111053705215454], "cam_t_m2c": [-421.83709716796875, -15.280094146728516, 2107.57080078125], "obj_id": 0}, {"cam_R_m2c": [-0.692474365234375, 0.7204363942146301, -0.03808622434735298, -0.07793031632900238, -0.022213993594050407, 0.996711254119873, 0.7172210812568665, 0.693165123462677, 0.07152648270130157], "cam_t_m2c": [-751.1998901367188, -361.51068115234375, 3523.998046875], "obj_id": 2}, {"cam_R_m2c": [-0.21579094231128693, 0.974822998046875, -0.056163687258958817, -0.05737387761473656, -0.07007796317338943, -0.995890200138092, -0.9747524857521057, -0.2116817831993103, 0.07105159014463425], "cam_t_m2c": [-40.04941940307617, 353.1622314453125, 3128.594482421875], "obj_id": 2}, {"cam_R_m2c": [0.9136451482772827, -0.22653663158416748, 0.33754071593284607, 0.39409348368644714, 0.6972642540931702, -0.5987594127655029, -0.09971413761377335, 0.6800762414932251, 0.7263287305831909], "cam_t_m2c": [357.7560119628906, 229.59756469726562, 2575.35009765625], "obj_id": 2}, {"cam_R_m2c": [-0.5892800092697144, 0.30727463960647583, 0.7472156286239624, 0.03226960822939873, -0.9151637554168701, 0.40178826451301575, 0.8072841167449951, 0.26087817549705505, 0.5293722152709961], "cam_t_m2c": [618.0634765625, -103.82807159423828, 3588.30615234375], "obj_id": 2}, {"cam_R_m2c": [-0.700361967086792, -0.4140341579914093, 0.5814367532730103, -0.6714005470275879, 0.6586483120918274, -0.33971118927001953, -0.2423103004693985, -0.6282978057861328, -0.7392749786376953], "cam_t_m2c": [461.3465576171875, 395.8569030761719, 2915.2158203125], "obj_id": 2}, {"cam_R_m2c": [-0.6981291770935059, 0.6636499762535095, -0.2686711251735687, -0.15903614461421967, -0.5096195340156555, -0.845573902130127, -0.6980851888656616, -0.5475914478302002, 0.4613247811794281], "cam_t_m2c": [-207.02951049804688, -419.62725830078125, 3327.548583984375], "obj_id": 1}, {"cam_R_m2c": [0.7361885905265808, 0.04757403954863548, -0.6751022934913635, -0.6261893510818481, -0.33053016662597656, -0.706142008304596, -0.25673577189445496, 0.9425955414772034, -0.2135421484708786], "cam_t_m2c": [264.1661682128906, 175.14617919921875, 3485.90087890625], "obj_id": 0}, {"cam_R_m2c": [-0.9461899995803833, -0.028675677254796028, -0.32233837246894836, -0.07320968061685562, 0.9892104268074036, 0.1268976926803589, 0.3152216076850891, 0.14366762340068817, -0.938080370426178], "cam_t_m2c": [-50.107276916503906, 604.760986328125, 2376.706298828125], "obj_id": 2}, {"cam_R_m2c": [0.9339052438735962, -0.33807989954948425, 0.11628830432891846, 0.32967105507850647, 0.688472330570221, -0.6460053324699402, 0.13834014534950256, 0.6416446566581726, 0.7544230818748474], "cam_t_m2c": [-166.13931274414062, -178.56280517578125, 2721.058349609375], "obj_id": 0}, {"cam_R_m2c": [0.2464819997549057, 0.8001469969749451, -0.5468193292617798, 0.5939463376998901, 0.3211338520050049, 0.7376319169998169, 0.7658161520957947, -0.5065943002700806, -0.39609065651893616], "cam_t_m2c": [-372.9738464355469, -88.95915222167969, 2317.06396484375], "obj_id": 2}, {"cam_R_m2c": [-0.6657361388206482, -0.5834280252456665, 0.4651957154273987, 0.7390902042388916, -0.6013533473014832, 0.3035123944282532, 0.10266939550638199, 0.5458807945251465, 0.8315486311912537], "cam_t_m2c": [331.39105224609375, -387.84490966796875, 3577.139892578125], "obj_id": 2}, {"cam_R_m2c": [0.06586143374443054, 0.7151858806610107, 0.695824146270752, -0.9575430154800415, 0.24144501984119415, -0.15752965211868286, -0.2806662321090698, -0.6559064984321594, 0.7007232904434204], "cam_t_m2c": [-280.06634521484375, -276.253662109375, 3470.595703125], "obj_id": 0}, {"cam_R_m2c": [0.5668087005615234, -0.46083539724349976, 0.6829046010971069, -0.8208113312721252, -0.24476368725299835, 0.5161002278327942, -0.07068701088428497, -0.8530659079551697, -0.5169931054115295], "cam_t_m2c": [-693.4947509765625, 398.4747619628906, 2846.8212890625], "obj_id": 0}, {"cam_R_m2c": [0.268213152885437, -0.3391627371311188, 0.9016819596290588, -0.1937999427318573, -0.9358376860618591, -0.29436275362968445, 0.9436647891998291, -0.0957939475774765, -0.3167336881160736], "cam_t_m2c": [388.3568420410156, 118.66117858886719, 3018.260986328125], "obj_id": 2}, {"cam_R_m2c": [-0.9034016728401184, 0.010687574744224548, 0.4286622107028961, 0.36491233110427856, 0.5441368222236633, 0.7554827332496643, -0.2251766175031662, 0.8389284610748291, -0.4954741597175598], "cam_t_m2c": [-536.986328125, -626.3256225585938, 3609.701171875], "obj_id": 1}, {"cam_R_m2c": [-0.13906455039978027, -0.5457627177238464, -0.8263196349143982, 0.5327022671699524, -0.7446414828300476, 0.40216588973999023, -0.8347989916801453, -0.3842553198337555, 0.3942822515964508], "cam_t_m2c": [-858.6622314453125, 89.94336700439453, 3213.392333984375], "obj_id": 1}, {"cam_R_m2c": [0.484014630317688, -0.43166399002075195, 0.7611806392669678, -0.4442747235298157, -0.870632529258728, -0.21123147010803223, 0.7538897395133972, -0.23593421280384064, -0.6131762266159058], "cam_t_m2c": [327.0715026855469, -529.7570190429688, 3454.309814453125], "obj_id": 0}, {"cam_R_m2c": [0.49910593032836914, -0.4828090965747833, 0.7195752263069153, -0.5677844285964966, 0.4450971484184265, 0.6924660801887512, -0.6546097993850708, -0.7541775703430176, -0.05198086053133011], "cam_t_m2c": [385.73931884765625, 263.534912109375, 2103.2197265625], "obj_id": 1}, {"cam_R_m2c": [0.7544270753860474, 0.4210374057292938, -0.5035545825958252, 0.6536569595336914, -0.41206061840057373, 0.6347742676734924, 0.059768665581941605, -0.8080428838729858, -0.586083710193634], "cam_t_m2c": [-135.2357177734375, 422.0589599609375, 2896.89208984375], "obj_id": 1}, {"cam_R_m2c": [0.6831214427947998, -0.652566134929657, 0.3278758227825165, 0.6603646278381348, 0.7436716556549072, 0.10426415503025055, -0.311871200799942, 0.1452925205230713, 0.9389496445655823], "cam_t_m2c": [281.5348815917969, 370.7984619140625, 2601.476806640625], "obj_id": 0}, {"cam_R_m2c": [0.16034364700317383, -0.8558246493339539, 0.49178653955459595, 0.9870610237121582, 0.13933780789375305, -0.07934382557868958, -0.0006200489006005228, 0.49814561009407043, 0.8670931458473206], "cam_t_m2c": [-932.1536865234375, -186.50526428222656, 2373.857421875], "obj_id": 2}, {"cam_R_m2c": [0.8336042761802673, 0.5295515060424805, -0.15709590911865234, 0.549937903881073, -0.8222886323928833, 0.1463203877210617, -0.051694002002477646, -0.2083662897348404, -0.9766837358474731], "cam_t_m2c": [-511.7802734375, -252.9304656982422, 2950.21142578125], "obj_id": 2}, {"cam_R_m2c": [-0.004008172079920769, 0.5097475051879883, 0.8603145480155945, -0.34639379382133484, -0.807765007019043, 0.476997435092926, 0.9380804896354675, -0.29609572887420654, 0.1798112988471985], "cam_t_m2c": [-510.1649169921875, -364.95550537109375, 3546.939697265625], "obj_id": 2}, {"cam_R_m2c": [0.7489838004112244, -0.22677625715732574, -0.6225718855857849, 0.6294246315956116, 0.5370548367500305, 0.5616019368171692, 0.20699724555015564, -0.812492847442627, 0.544983983039856], "cam_t_m2c": [258.4717102050781, 196.26429748535156, 2120.66162109375], "obj_id": 1}, {"cam_R_m2c": [-0.6903044581413269, -0.254086434841156, 0.6774362325668335, 0.04823567718267441, 0.9180625081062317, 0.393490195274353, -0.7219093441963196, 0.3043046295642853, -0.6214866042137146], "cam_t_m2c": [-808.1160278320312, 503.4276123046875, 2911.908935546875], "obj_id": 1}, {"cam_R_m2c": [0.024254970252513885, 0.2092013955116272, 0.9775716066360474, -0.9892409443855286, -0.1360945850610733, 0.0536687970161438, 0.1442699283361435, -0.9683557152748108, 0.20364977419376373], "cam_t_m2c": [-1159.5172119140625, 230.1981964111328, 2877.199462890625], "obj_id": 1}, {"cam_R_m2c": [-0.29776206612586975, 0.8980593085289001, 0.3237701654434204, 0.936221182346344, 0.2084086537361145, 0.28294116258621216, 0.18662145733833313, 0.38736966252326965, -0.9028383493423462], "cam_t_m2c": [-455.7113952636719, -419.3879089355469, 3864.4189453125], "obj_id": 2}, {"cam_R_m2c": [0.4950297474861145, 0.1672695279121399, -0.8526232838630676, -0.5364761352539062, 0.830747663974762, -0.14849801361560822, 0.6834756135940552, 0.5309229493141174, 0.5009809136390686], "cam_t_m2c": [-726.426025390625, 2.545729160308838, 3036.05419921875], "obj_id": 2}, {"cam_R_m2c": [-0.5036970973014832, 0.6014901399612427, 0.6200795769691467, 0.214183509349823, 0.7823246121406555, -0.584887683391571, -0.8369077444076538, -0.16179542243480682, -0.522883951663971], "cam_t_m2c": [724.0143432617188, 162.5055694580078, 3392.509765625], "obj_id": 2}, {"cam_R_m2c": [0.5094350576400757, -0.6564891338348389, 0.5563253164291382, -0.6200501918792725, 0.16823405027389526, 0.7663125991821289, -0.5966687798500061, -0.7353361248970032, -0.32135191559791565], "cam_t_m2c": [555.428466796875, 357.0679931640625, 2522.64208984375], "obj_id": 0}, {"cam_R_m2c": [-0.8239644169807434, -0.5656200051307678, -0.034009672701358795, 0.46856725215911865, -0.6463740468025208, -0.6022003889083862, 0.3186336159706116, -0.5121275186538696, 0.7976202368736267], "cam_t_m2c": [143.93255615234375, 510.8590087890625, 2495.87353515625], "obj_id": 1}, {"cam_R_m2c": [0.07257941365242004, -0.702614426612854, -0.7078595757484436, 0.9372254610061646, 0.29076775908470154, -0.19251608848571777, 0.34108731150627136, -0.6494513154029846, 0.6796119213104248], "cam_t_m2c": [2.624701976776123, -337.7907409667969, 3722.93017578125], "obj_id": 0}, {"cam_R_m2c": [-0.7903192043304443, -0.5858765244483948, 0.1792873740196228, 0.5672869682312012, -0.5891656875610352, 0.5753859281539917, -0.23147514462471008, 0.5564460158348083, 0.7979893684387207], "cam_t_m2c": [389.3515930175781, -134.93960571289062, 2354.2451171875], "obj_id": 2}, {"cam_R_m2c": [0.6024390459060669, 0.676785409450531, -0.4231177866458893, 0.6338756680488586, -0.7278293371200562, -0.26165971159935, -0.48504507541656494, -0.11057005822658539, -0.8674706220626831], "cam_t_m2c": [-91.11669158935547, -36.94700241088867, 4033.08056640625], "obj_id": 0}, {"cam_R_m2c": [0.7956989407539368, 0.038122400641441345, -0.6044914126396179, -0.36936408281326294, 0.8215082883834839, -0.43438950181007385, 0.480034738779068, 0.5689206719398499, 0.6677543520927429], "cam_t_m2c": [-683.0755615234375, -203.4243621826172, 2775.952880859375], "obj_id": 0}, {"cam_R_m2c": [-0.7413476705551147, -0.5704026222229004, 0.35361620783805847, 0.27269190549850464, -0.7374674677848816, -0.61788409948349, 0.6132231950759888, -0.3616386950016022, 0.7022640109062195], "cam_t_m2c": [806.4767456054688, -471.5836181640625, 2977.70263671875], "obj_id": 1}, {"cam_R_m2c": [0.791431188583374, 0.1020502895116806, 0.6026793718338013, 0.3792208433151245, 0.6913102269172668, -0.6150461435317993, -0.4794040322303772, 0.7153152823448181, 0.5084248781204224], "cam_t_m2c": [-213.08689880371094, 236.52484130859375, 2695.800048828125], "obj_id": 2}, {"cam_R_m2c": [-0.8965097069740295, 0.2883704900741577, -0.3363226056098938, 0.4395829439163208, 0.48458054661750793, -0.7562727928161621, -0.0551113523542881, -0.8258475661277771, -0.5611939430236816], "cam_t_m2c": [23.51665687561035, -555.252197265625, 3179.380859375], "obj_id": 1}, {"cam_R_m2c": [0.06120596453547478, 0.8902244567871094, 0.45139145851135254, 0.03561878576874733, -0.4538993537425995, 0.8903407454490662, 0.9974893927574158, -0.03841613233089447, -0.059490036219358444], "cam_t_m2c": [2.0784432888031006, -49.86948013305664, 2542.76904296875], "obj_id": 1}, {"cam_R_m2c": [-0.37742698192596436, -0.1743806153535843, -0.9094725847244263, -0.47916004061698914, 0.877191960811615, 0.030658027157187462, 0.792435884475708, 0.4473540484905243, -0.4146321415901184], "cam_t_m2c": [-879.3201293945312, 268.2831726074219, 2922.27197265625], "obj_id": 1}, {"cam_R_m2c": [0.5909432768821716, -0.6795865297317505, -0.4346816837787628, 0.6220208406448364, 0.04073648527264595, 0.781940221786499, -0.5136886835098267, -0.7324634194374084, 0.4467899799346924], "cam_t_m2c": [580.97265625, -224.7992401123047, 3154.966064453125], "obj_id": 2}, {"cam_R_m2c": [0.5096266865730286, -0.052693311125040054, -0.858780562877655, -0.5625977516174316, -0.7755841612815857, -0.2862742245197296, -0.6509718894958496, 0.6290410161018372, -0.4249035120010376], "cam_t_m2c": [-1036.603759765625, -122.7286605834961, 3035.588134765625], "obj_id": 0}, {"cam_R_m2c": [0.7417128682136536, 0.6295990347862244, -0.23122945427894592, -0.40488937497138977, 0.6951446533203125, 0.5940020680427551, 0.5347210764884949, -0.34695661067962646, 0.7705156803131104], "cam_t_m2c": [593.12841796875, -571.0938720703125, 3452.0302734375], "obj_id": 0}, {"cam_R_m2c": [-0.6908517479896545, 0.722197949886322, -0.03397321328520775, 0.11565526574850082, 0.15677538514137268, 0.9808391332626343, 0.7136861085891724, 0.6736851930618286, -0.19183461368083954], "cam_t_m2c": [-763.9561767578125, -435.3626708984375, 2941.93701171875], "obj_id": 2}, {"cam_R_m2c": [0.7036360502243042, -0.7082606554031372, 0.057123813778162, 0.12672032415866852, 0.04597543552517891, -0.9908724427223206, 0.6991696953773499, 0.7044523358345032, 0.12210100889205933], "cam_t_m2c": [-529.1116943359375, -282.5999755859375, 3626.591796875], "obj_id": 0}, {"cam_R_m2c": [0.2018919289112091, 0.6989112496376038, 0.6861214637756348, 0.8862072229385376, 0.16789798438549042, -0.43179503083229065, -0.41698479652404785, 0.6952217221260071, -0.5854829549789429], "cam_t_m2c": [41.47370910644531, 39.949527740478516, 3388.489013671875], "obj_id": 0}, {"cam_R_m2c": [0.4621904790401459, 0.785106897354126, -0.4122949242591858, 0.13220880925655365, -0.520745038986206, -0.8434129953384399, -0.8768698573112488, 0.3353084325790405, -0.3444814682006836], "cam_t_m2c": [-851.5634155273438, 467.4381408691406, 2706.79150390625], "obj_id": 2}, {"cam_R_m2c": [0.23596571385860443, -0.8751577734947205, 0.42239663004875183, 0.4926859140396118, 0.4824046194553375, 0.7242556810379028, -0.8376041054725647, 0.0372094102203846, 0.5450089573860168], "cam_t_m2c": [-990.3037109375, -142.63063049316406, 2663.53369140625], "obj_id": 2}, {"cam_R_m2c": [0.9212729930877686, -0.3465183675289154, -0.17658156156539917, -0.03288170322775841, 0.38300952315330505, -0.9231589436531067, 0.38752397894859314, 0.8562877178192139, 0.34146222472190857], "cam_t_m2c": [21.812698364257812, 348.5764465332031, 2519.150390625], "obj_id": 1}, {"cam_R_m2c": [0.11168719828128815, 0.9934946298599243, -0.022228671237826347, 0.7924326658248901, -0.10253698378801346, -0.6012788414955139, -0.5996466875076294, 0.04954034090042114, -0.798729658126831], "cam_t_m2c": [-952.8662719726562, -508.4993896484375, 3121.162109375], "obj_id": 2}, {"cam_R_m2c": [0.4237333834171295, 0.34216368198394775, -0.8386739492416382, 0.2156297117471695, -0.9373924732208252, -0.2734938859939575, -0.8797464370727539, -0.06495455652475357, -0.4709850549697876], "cam_t_m2c": [313.3389892578125, 68.86543273925781, 1804.1632080078125], "obj_id": 0}, {"cam_R_m2c": [0.8452215790748596, 0.5335368514060974, 0.030642332509160042, -0.4117862284183502, 0.6136541962623596, 0.6736918091773987, 0.34063559770584106, -0.5820369124412537, 0.7383769154548645], "cam_t_m2c": [-1.2555221319198608, 0.673335075378418, 2886.3984375], "obj_id": 2}, {"cam_R_m2c": [-0.2884857654571533, 0.7838627099990845, 0.5498501658439636, 0.9187375903129578, 0.38832828402519226, -0.07157101482152939, -0.2696242034435272, 0.4845207631587982, -0.8321913480758667], "cam_t_m2c": [-174.20596313476562, 73.42232513427734, 2190.65966796875], "obj_id": 2}, {"cam_R_m2c": [-0.7503460049629211, -0.6604730486869812, 0.02749972976744175, 0.24377897381782532, -0.23780328035354614, 0.9402241706848145, -0.6144531965255737, 0.7121972441673279, 0.3394441604614258], "cam_t_m2c": [151.5609893798828, -95.54531860351562, 3135.348876953125], "obj_id": 0}, {"cam_R_m2c": [0.36920779943466187, 0.7622132897377014, 0.5317109227180481, -0.41966092586517334, 0.6472179889678955, -0.6363911032676697, -0.8291985988616943, 0.011822247877717018, 0.5588290691375732], "cam_t_m2c": [244.09910583496094, -185.49673461914062, 2479.205810546875], "obj_id": 0}, {"cam_R_m2c": [-0.029838576912879944, 0.5595095753669739, 0.8282865285873413, -0.6210566759109497, -0.6596677303314209, 0.42323389649391174, 0.7831974029541016, -0.5017842054367065, 0.3671708106994629], "cam_t_m2c": [412.8748474121094, 166.6511993408203, 2957.060791015625], "obj_id": 1}, {"cam_R_m2c": [-0.06138145178556442, 0.5574309229850769, 0.8279511332511902, 0.7145238518714905, 0.6037328243255615, -0.3535000681877136, -0.6969131231307983, 0.5698925256729126, -0.43535569310188293], "cam_t_m2c": [69.63780975341797, 745.3717041015625, 2361.549072265625], "obj_id": 2}, {"cam_R_m2c": [0.9675195813179016, -0.25142595171928406, 0.026283854618668556, 0.2505214512348175, 0.9397012591362, -0.23281000554561615, 0.03383550047874451, 0.23183290660381317, 0.9721670150756836], "cam_t_m2c": [317.3132629394531, 293.4552307128906, 2014.2822265625], "obj_id": 1}, {"cam_R_m2c": [0.414975106716156, 0.27251389622688293, -0.8680620789527893, 0.8850400447845459, -0.34211745858192444, 0.3156891465187073, -0.21094956994056702, -0.8992728590965271, -0.3831559121608734], "cam_t_m2c": [895.4949951171875, -163.65069580078125, 3215.080322265625], "obj_id": 0}, {"cam_R_m2c": [-0.3544834852218628, -0.7184143662452698, 0.5985166430473328, -0.9234210252761841, 0.168274387717247, -0.3449307680130005, 0.14708822965621948, -0.6749551296234131, -0.7230494618415833], "cam_t_m2c": [-437.0380859375, 238.60482788085938, 3451.956298828125], "obj_id": 1}, {"cam_R_m2c": [-0.1938479095697403, -0.3127613663673401, 0.9298404455184937, 0.24735091626644135, -0.9327793121337891, -0.2621835470199585, 0.9493368268013, 0.17917314171791077, 0.2581791877746582], "cam_t_m2c": [-294.19024658203125, -754.4893798828125, 3605.07373046875], "obj_id": 1}, {"cam_R_m2c": [-0.24208948016166687, -0.3502141833305359, 0.9048438668251038, 0.9689252972602844, -0.13604828715324402, 0.20657779276371002, 0.05075608938932419, 0.9267365336418152, 0.3722674548625946], "cam_t_m2c": [259.1015625, 145.7047119140625, 3358.557861328125], "obj_id": 2}, {"cam_R_m2c": [-0.41192835569381714, -0.8779510855674744, 0.2439609318971634, 0.9018544554710388, -0.3545333743095398, 0.2469102144241333, -0.13028278946876526, 0.32172656059265137, 0.9378264546394348], "cam_t_m2c": [12.386547088623047, -158.66458129882812, 2732.286376953125], "obj_id": 2}, {"cam_R_m2c": [0.39799293875694275, -0.8913167119026184, -0.21715466678142548, -0.6151096820831299, -0.4348876178264618, 0.6576570868492126, -0.6806186437606812, -0.12816894054412842, -0.7213397026062012], "cam_t_m2c": [365.7619323730469, 431.13134765625, 2554.6396484375], "obj_id": 0}, {"cam_R_m2c": [-0.3673795461654663, -0.8366148471832275, -0.40633445978164673, -0.009670007973909378, 0.4402976930141449, -0.8977997303009033, 0.9300207495689392, -0.32590407133102417, -0.16984640061855316], "cam_t_m2c": [847.0680541992188, -141.22604370117188, 3052.048095703125], "obj_id": 1}, {"cam_R_m2c": [0.45437148213386536, 0.8866555690765381, 0.08595597743988037, -0.2561570107936859, 0.22246317565441132, -0.940687894821167, -0.8531882166862488, 0.4054034948348999, 0.3282039761543274], "cam_t_m2c": [-64.1745376586914, -193.50425720214844, 3703.243896484375], "obj_id": 1}, {"cam_R_m2c": [0.0351136289536953, 0.3438239097595215, -0.9383774995803833, 0.2015083134174347, 0.9172356128692627, 0.34361785650253296, 0.9788572788238525, -0.20115654170513153, -0.03707590326666832], "cam_t_m2c": [-694.9519653320312, -686.4310302734375, 3661.390380859375], "obj_id": 2}, {"cam_R_m2c": [-0.6649784445762634, 0.1320102959871292, -0.7351033687591553, 0.6766466498374939, -0.31015685200691223, -0.6677963733673096, -0.316153347492218, -0.9414754509925842, 0.11692329496145248], "cam_t_m2c": [-933.4375610351562, 524.7921752929688, 2733.843505859375], "obj_id": 2}, {"cam_R_m2c": [0.10416568070650101, -0.07023564726114273, -0.9920768737792969, -0.9873829483985901, 0.11231650412082672, -0.11162448674440384, 0.11926665902137756, 0.9911871552467346, -0.05764997750520706], "cam_t_m2c": [698.2323608398438, -486.7177734375, 3014.177490234375], "obj_id": 0}, {"cam_R_m2c": [0.6350440382957458, 0.7723742127418518, -0.012533300556242466, -0.4488062262535095, 0.3821156620979309, 0.8078121542930603, 0.6287225484848022, -0.5073712468147278, 0.589306652545929], "cam_t_m2c": [-769.680419921875, 209.0897674560547, 3139.331787109375], "obj_id": 1}, {"cam_R_m2c": [-0.7404007911682129, -0.5498852133750916, 0.3865651488304138, -0.6203674674034119, 0.3376461863517761, -0.7079117894172668, 0.25874802470207214, -0.7639510631561279, -0.5911242961883545], "cam_t_m2c": [7.9458327293396, -62.39079666137695, 2182.708740234375], "obj_id": 1}, {"cam_R_m2c": [0.5559391379356384, 0.8307569622993469, -0.027831118553876877, -0.8311929702758789, 0.5558919906616211, -0.010116941295564175, 0.00706637604162097, 0.028757432475686073, 0.9995614290237427], "cam_t_m2c": [286.5226745605469, 2.9010698795318604, 2458.575927734375], "obj_id": 2}, {"cam_R_m2c": [0.12456399202346802, 0.5072112083435059, -0.8527722954750061, 0.43602854013442993, 0.7440471053123474, 0.5062341690063477, 0.8912703990936279, -0.43489161133766174, -0.1284770965576172], "cam_t_m2c": [-435.2288513183594, -206.97906494140625, 2418.587890625], "obj_id": 1}, {"cam_R_m2c": [0.9463352560997009, 0.1551896035671234, -0.28348854184150696, 0.3231695592403412, -0.46339383721351624, 0.825122594833374, -0.0033164224587380886, -0.8724574446678162, -0.4886784851551056], "cam_t_m2c": [-1027.1802978515625, 217.38999938964844, 2562.14306640625], "obj_id": 0}, {"cam_R_m2c": [0.010411434806883335, -0.6577969193458557, 0.7531232237815857, -0.9640256762504578, 0.19345204532146454, 0.18229272961616516, -0.26560479402542114, -0.727928102016449, -0.6321189999580383], "cam_t_m2c": [-664.7982788085938, -238.5350799560547, 3851.1513671875], "obj_id": 1}, {"cam_R_m2c": [-0.18593189120292664, -0.7111000418663025, 0.6780604124069214, 0.6262392997741699, -0.6175307631492615, -0.4758990705013275, 0.7571350932121277, 0.33614328503608704, 0.5601375699043274], "cam_t_m2c": [561.5554809570312, 64.17574310302734, 3591.404541015625], "obj_id": 2}, {"cam_R_m2c": [-0.6517383456230164, -0.7536471486091614, 0.08516643196344376, -0.6084493398666382, 0.586578369140625, 0.5345233678817749, -0.4527987837791443, 0.29654985666275024, -0.8408517837524414], "cam_t_m2c": [534.2444458007812, 323.5341796875, 2859.233154296875], "obj_id": 0}, {"cam_R_m2c": [0.2089940309524536, -0.9317863583564758, -0.2968088984489441, 0.9230457544326782, 0.08772402256727219, 0.37455418705940247, -0.3229672610759735, -0.35224777460098267, 0.8784154057502747], "cam_t_m2c": [402.62109375, 179.45550537109375, 3468.202880859375], "obj_id": 2}, {"cam_R_m2c": [0.17444930970668793, -0.9775415062904358, 0.11823710799217224, 0.9323381781578064, 0.1253596693277359, -0.3391614556312561, 0.31672224402427673, 0.16940344870090485, 0.9332681894302368], "cam_t_m2c": [-268.4454650878906, -374.01434326171875, 2742.01416015625], "obj_id": 1}, {"cam_R_m2c": [0.580848217010498, -0.5298314690589905, 0.6179757118225098, -0.4234797954559326, -0.8450350761413574, -0.32646694779396057, 0.6951835751533508, -0.07207247614860535, -0.7152100801467896], "cam_t_m2c": [514.1321411132812, -79.96589660644531, 2910.113037109375], "obj_id": 2}, {"cam_R_m2c": [-0.970289945602417, 0.07591131329536438, -0.22972777485847473, -0.19273421168327332, -0.8164895176887512, 0.5442410111427307, -0.14625626802444458, 0.5723479986190796, 0.8068623542785645], "cam_t_m2c": [-1084.0689697265625, 229.67474365234375, 2886.8544921875], "obj_id": 0}, {"cam_R_m2c": [-0.8939802646636963, -0.20783576369285583, 0.39699265360832214, 0.20518191158771515, 0.5977485775947571, 0.7749819159507751, -0.39837074279785156, 0.7742744088172913, -0.491731196641922], "cam_t_m2c": [545.1793212890625, -212.28794860839844, 3457.37744140625], "obj_id": 0}, {"cam_R_m2c": [0.05827781558036804, 0.6914322376251221, 0.7200868129730225, -0.8074140548706055, 0.4568493068218231, -0.373324453830719, -0.5870996713638306, -0.559651792049408, 0.5848963856697083], "cam_t_m2c": [-422.092041015625, 480.2831115722656, 2818.302490234375], "obj_id": 1}, {"cam_R_m2c": [-0.48660773038864136, 0.4051803648471832, -0.7739778757095337, 0.8628681302070618, 0.3614795207977295, -0.3532579839229584, 0.13664394617080688, -0.8397389054298401, -0.5255159735679626], "cam_t_m2c": [30.19123077392578, 113.86880493164062, 2643.21240234375], "obj_id": 0}, {"cam_R_m2c": [0.9059955477714539, -0.08598218858242035, 0.41446247696876526, 0.1172420084476471, 0.9918171167373657, -0.050528403371572495, -0.4067264199256897, 0.09437092393636703, 0.9086626172065735], "cam_t_m2c": [-302.3831787109375, -381.81085205078125, 3606.94091796875], "obj_id": 0}, {"cam_R_m2c": [-0.621534526348114, -0.7694311141967773, -0.14720924198627472, 0.5529658794403076, -0.564012348651886, 0.6132852435112, -0.5549085736274719, 0.2997762858867645, 0.7760223150253296], "cam_t_m2c": [-273.3310241699219, -10.05604076385498, 3506.091064453125], "obj_id": 0}, {"cam_R_m2c": [-0.7837303876876831, 0.41372159123420715, 0.4632503390312195, -0.07687108218669891, -0.8047308921813965, 0.5886414647102356, 0.6163256168365479, 0.4257257580757141, 0.662495493888855], "cam_t_m2c": [586.1434326171875, 276.6336975097656, 2926.019287109375], "obj_id": 2}]
}