{
  "0": [{"cam_R_m2c": [0.21305905282497406, -0.8393325209617615, 0.5001267194747925, -0.10133189707994461, -0.5281019806861877, -0.8431133031845093, 0.9717703461647034, 0.12895411252975464, -0.19756801426410675], "cam_t_m2c": [-58.52870559692383, 9.311758041381836, 9.716031074523926], "obj_id": 0}, {"cam_R_m2c": [0.21305905282497406, -0.8393325209617615, 0.5001267194747925, -0.10133189707994461, -0.5281019806861877, -0.8431133031845093, 0.9717703461647034, 0.12895411252975464, -0.19756801426410675], "cam_t_m2c": [-58.52870559692383, 9.311758041381836, 9.716031074523926], "obj_id": 1}, {"cam_R_m2c": [0.21305905282497406, -0.8393325209617615, 0.5001267194747925, -0.10133189707994461, -0.5281019806861877, -0.8431133031845093, 0.9717703461647034, 0.12895411252975464, -0.19756801426410675], "cam_t_m2c": [-58.52870559692383, 9.311758041381836, 9.716031074523926], "obj_id": 0}, {"cam_R_m2c": [0.21305905282497406, -0.8393325209617615, 0.5001267194747925, -0.10133189707994461, -0.5281019806861877, -0.8431133031845093, 0.9717703461647034, 0.12895411252975464, -0.19756801426410675], "cam_t_m2c": [-58.52870559692383, 9.311758041381836, 9.716031074523926], "obj_id": 0}, {"cam_R_m2c": [0.21305905282497406, -0.8393325209617615, 0.5001267194747925, -0.10133189707994461, -0.5281019806861877, -0.8431133031845093, 0.9717703461647034, 0.12895411252975464, -0.19756801426410675], "cam_t_m2c": [-58.52870559692383, 9.311758041381836, 9.716031074523926], "obj_id": 3}, {"cam_R_m2c": [0.21305905282497406, -0.8393325209617615, 0.5001267194747925, -0.10133189707994461, -0.5281019806861877, -0.8431133031845093, 0.9717703461647034, 0.12895411252975464, -0.19756801426410675], "cam_t_m2c": [-58.52870559692383, 9.311758041381836, 9.716031074523926], "obj_id": 1}, {"cam_R_m2c": [0.21305905282497406, -0.8393325209617615, 0.5001267194747925, -0.10133189707994461, -0.5281019806861877, -0.8431133031845093, 0.9717703461647034, 0.12895411252975464, -0.19756801426410675], "cam_t_m2c": [-58.52870559692383, 9.311758041381836, 9.716031074523926], "obj_id": 1}, {"cam_R_m2c": [0.21305905282497406, -0.8393325209617615, 0.5001267194747925, -0.10133189707994461, -0.5281019806861877, -0.8431133031845093, 0.9717703461647034, 0.12895411252975464, -0.19756801426410675], "cam_t_m2c": [-58.52870559692383, 9.311758041381836, 9.716031074523926], "obj_id": 3}, {"cam_R_m2c": [0.21305905282497406, -0.8393325209617615, 0.5001267194747925, -0.10133189707994461, -0.5281019806861877, -0.8431133031845093, 0.9717703461647034, 0.12895411252975464, -0.19756801426410675], "cam_t_m2c": [-58.52870559692383, 9.311758041381836, 9.716031074523926], "obj_id": 2}, {"cam_R_m2c": [0.21305905282497406, -0.8393325209617615, 0.5001267194747925, -0.10133189707994461, -0.5281019806861877, -0.8431133031845093, 0.9717703461647034, 0.12895411252975464, -0.19756801426410675], "cam_t_m2c": [-58.52870559692383, 9.311758041381836, 9.716031074523926], "obj_id": 2}, {"cam_R_m2c": [0.21305905282497406, -0.8393325209617615, 0.5001267194747925, -0.10133189707994461, -0.5281019806861877, -0.8431133031845093, 0.9717703461647034, 0.12895411252975464, -0.19756801426410675], "cam_t_m2c": [-58.52870559692383, 9.311758041381836, 9.716031074523926], "obj_id": 0}, {"cam_R_m2c": [0.21305905282497406, -0.8393325209617615, 0.5001267194747925, -0.10133189707994461, -0.5281019806861877, -0.8431133031845093, 0.9717703461647034, 0.12895411252975464, -0.19756801426410675], "cam_t_m2c": [-58.52870559692383, 9.311758041381836, 9.716031074523926], "obj_id": 2}, {"cam_R_m2c": [0.21305905282497406, -0.8393325209617615, 0.5001267194747925, -0.10133189707994461, -0.5281019806861877, -0.8431133031845093, 0.9717703461647034, 0.12895411252975464, -0.19756801426410675], "cam_t_m2c": [-58.52870559692383, 9.311758041381836, 9.716031074523926], "obj_id": 2}, {"cam_R_m2c": [0.21305905282497406, -0.8393325209617615, 0.5001267194747925, -0.10133189707994461, -0.5281019806861877, -0.8431133031845093, 0.9717703461647034, 0.12895411252975464, -0.19756801426410675], "cam_t_m2c": [-58.52870559692383, 9.311758041381836, 9.716031074523926], "obj_id": 2}, {"cam_R_m2c": [0.21305905282497406, -0.8393325209617615, 0.5001267194747925, -0.10133189707994461, -0.5281019806861877, -0.8431133031845093, 0.9717703461647034, 0.12895411252975464, -0.19756801426410675], "cam_t_m2c": [-58.52870559692383, 9.311758041381836, 9.716031074523926], "obj_id": 3}, {"cam_R_m2c": [0.21305905282497406, -0.8393325209617615, 0.5001267194747925, -0.10133189707994461, -0.5281019806861877, -0.8431133031845093, 0.9717703461647034, 0.12895411252975464, -0.19756801426410675], "cam_t_m2c": [-58.52870559692383, 9.311758041381836, 9.716031074523926], "obj_id": 2}, {"cam_R_m2c": [0.21305905282497406, -0.8393325209617615, 0.5001267194747925, -0.10133189707994461, -0.5281019806861877, -0.8431133031845093, 0.9717703461647034, 0.12895411252975464, -0.19756801426410675], "cam_t_m2c": [-58.52870559692383, 9.311758041381836, 9.716031074523926], "obj_id": 2}, {"cam_R_m2c": [0.21305905282497406, -0.8393325209617615, 0.5001267194747925, -0.10133189707994461, -0.5281019806861877, -0.8431133031845093, 0.9717703461647034, 0.12895411252975464, -0.19756801426410675], "cam_t_m2c": [-58.52870559692383, 9.311758041381836, 9.716031074523926], "obj_id": 0}, {"cam_R_m2c": [0.21305905282497406, -0.8393325209617615, 0.5001267194747925, -0.10133189707994461, -0.5281019806861877, -0.8431133031845093, 0.9717703461647034, 0.12895411252975464, -0.19756801426410675], "cam_t_m2c": [-58.52870559692383, 9.311758041381836, 9.716031074523926], "obj_id": 0}, {"cam_R_m2c": [0.21305905282497406, -0.8393325209617615, 0.5001267194747925, -0.10133189707994461, -0.5281019806861877, -0.8431133031845093, 0.9717703461647034, 0.12895411252975464, -0.19756801426410675], "cam_t_m2c": [-58.52870559692383, 9.311758041381836, 9.716031074523926], "obj_id": 3}, {"cam_R_m2c": [0.21305905282497406, -0.8393325209617615, 0.5001267194747925, -0.10133189707994461, -0.5281019806861877, -0.8431133031845093, 0.9717703461647034, 0.12895411252975464, -0.19756801426410675], "cam_t_m2c": [-58.52870559692383, 9.311758041381836, 9.716031074523926], "obj_id": 1}, {"cam_R_m2c": [0.21305905282497406, -0.8393325209617615, 0.5001267194747925, -0.10133189707994461, -0.5281019806861877, -0.8431133031845093, 0.9717703461647034, 0.12895411252975464, -0.19756801426410675], "cam_t_m2c": [-58.52870559692383, 9.311758041381836, 9.716031074523926], "obj_id": 1}, {"cam_R_m2c": [0.21305905282497406, -0.8393325209617615, 0.5001267194747925, -0.10133189707994461, -0.5281019806861877, -0.8431133031845093, 0.9717703461647034, 0.12895411252975464, -0.19756801426410675], "cam_t_m2c": [-58.52870559692383, 9.311758041381836, 9.716031074523926], "obj_id": 1}, {"cam_R_m2c": [0.21305905282497406, -0.8393325209617615, 0.5001267194747925, -0.10133189707994461, -0.5281019806861877, -0.8431133031845093, 0.9717703461647034, 0.12895411252975464, -0.19756801426410675], "cam_t_m2c": [-58.52870559692383, 9.311758041381836, 9.716031074523926], "obj_id": 2}, {"cam_R_m2c": [-0.529686689376831, -0.10852594673633575, -0.8412217497825623, 0.6148571968078613, 0.6340610384941101, -0.46895334124565125, 0.5842795372009277, -0.7656296491622925, -0.26912572979927063], "cam_t_m2c": [9.432066917419434, -17.182540893554688, 147.43272399902344], "obj_id": 3}, {"cam_R_m2c": [0.280915230512619, -0.3219984471797943, -0.9041037559509277, 0.5867640376091003, -0.687844455242157, 0.4272914230823517, -0.7594699263572693, -0.6505282521247864, -0.004288884345442057], "cam_t_m2c": [-190.29812622070312, -134.05897521972656, 109.23654174804688], "obj_id": 0}, {"cam_R_m2c": [-0.101381316781044, 0.6122511625289917, 0.7841366529464722, -0.6351584196090698, 0.5668140053749084, -0.5246862769126892, -0.7656993865966797, -0.5512444376945496, 0.3314121663570404], "cam_t_m2c": [-3920.06103515625, 6635.6826171875, 1665.6466064453125], "obj_id": 2}, {"cam_R_m2c": [-0.42325499653816223, -0.6040633916854858, 0.6752499938011169, 0.67269366979599, -0.7087787985801697, -0.2124047875404358, 0.6069088578224182, 0.36433500051498413, 0.7063438296318054], "cam_t_m2c": [-174.00547790527344, -64.51234436035156, -85.01116943359375], "obj_id": 3}, {"cam_R_m2c": [-0.0024077012203633785, 0.821829080581665, -0.5697290897369385, 0.22683919966220856, -0.5544301867485046, -0.8007192015647888, -0.9739292860031128, -0.1311647593975067, -0.1850881725549698], "cam_t_m2c": [-14.117448806762695, 48.3643798828125, -85.0051498413086], "obj_id": 3}, {"cam_R_m2c": [0.10286227613687515, -0.7196006178855896, -0.6867272257804871, 0.9357145428657532, 0.30420103669166565, -0.17860589921474457, 0.3374280631542206, -0.6242088079452515, 0.7046315670013428], "cam_t_m2c": [-65.11469268798828, -66.76019287109375, 155.3406524658203], "obj_id": 1}, {"cam_R_m2c": [0.32524025440216064, -0.37803786993026733, 0.866779088973999, 0.9433171153068542, 0.06561610102653503, -0.3253415524959564, 0.06611686199903488, 0.9234617948532104, 0.3779506981372833], "cam_t_m2c": [109.46516418457031, 54.43232727050781, 63.813114166259766], "obj_id": 0}, {"cam_R_m2c": [-0.5088509917259216, -0.40353167057037354, -0.7604162096977234, 0.13937819004058838, -0.9102917313575745, 0.3897981345653534, -0.8494964838027954, 0.09236375987529755, 0.5194464325904846], "cam_t_m2c": [0.4521552324295044, 59.54424285888672, -234.08880615234375], "obj_id": 0}],
  "1": [{"cam_R_m2c": [0.1438995897769928, -0.9895917773246765, 0.0010837380541488528, -0.19029584527015686, -0.02874624915421009, -0.9813058972358704, 0.9711233377456665, 0.1410033404827118, -0.1924518197774887], "cam_t_m2c": [-44.64773178100586, 36.87818908691406, 10.03071117401123], "obj_id": 0}, {"cam_R_m2c": [0.1438995897769928, -0.9895917773246765, 0.0010837380541488528, -0.19029584527015686, -0.02874624915421009, -0.9813058972358704, 0.9711233377456665, 0.1410033404827118, -0.1924518197774887], "cam_t_m2c": [-44.64773178100586, 36.87818908691406, 10.03071117401123], "obj_id": 1}, {"cam_R_m2c": [0.1438995897769928, -0.9895917773246765, 0.0010837380541488528, -0.19029584527015686, -0.02874624915421009, -0.9813058972358704, 0.9711233377456665, 0.1410033404827118, -0.1924518197774887], "cam_t_m2c": [-44.64773178100586, 36.87818908691406, 10.03071117401123], "obj_id": 0}, {"cam_R_m2c": [0.1438995897769928, -0.9895917773246765, 0.0010837380541488528, -0.19029584527015686, -0.02874624915421009, -0.9813058972358704, 0.9711233377456665, 0.1410033404827118, -0.1924518197774887], "cam_t_m2c": [-44.64773178100586, 36.87818908691406, 10.03071117401123], "obj_id": 0}, {"cam_R_m2c": [0.1438995897769928, -0.9895917773246765, 0.0010837380541488528, -0.19029584527015686, -0.02874624915421009, -0.9813058972358704, 0.9711233377456665, 0.1410033404827118, -0.1924518197774887], "cam_t_m2c": [-44.64773178100586, 36.87818908691406, 10.03071117401123], "obj_id": 3}, {"cam_R_m2c": [0.1438995897769928, -0.9895917773246765, 0.0010837380541488528, -0.19029584527015686, -0.02874624915421009, -0.9813058972358704, 0.9711233377456665, 0.1410033404827118, -0.1924518197774887], "cam_t_m2c": [-44.64773178100586, 36.87818908691406, 10.03071117401123], "obj_id": 1}, {"cam_R_m2c": [0.1438995897769928, -0.9895917773246765, 0.0010837380541488528, -0.19029584527015686, -0.02874624915421009, -0.9813058972358704, 0.9711233377456665, 0.1410033404827118, -0.1924518197774887], "cam_t_m2c": [-44.64773178100586, 36.87818908691406, 10.03071117401123], "obj_id": 1}, {"cam_R_m2c": [0.1438995897769928, -0.9895917773246765, 0.0010837380541488528, -0.19029584527015686, -0.02874624915421009, -0.9813058972358704, 0.9711233377456665, 0.1410033404827118, -0.1924518197774887], "cam_t_m2c": [-44.64773178100586, 36.87818908691406, 10.03071117401123], "obj_id": 3}, {"cam_R_m2c": [0.1438995897769928, -0.9895917773246765, 0.0010837380541488528, -0.19029584527015686, -0.02874624915421009, -0.9813058972358704, 0.9711233377456665, 0.1410033404827118, -0.1924518197774887], "cam_t_m2c": [-44.64773178100586, 36.87818908691406, 10.03071117401123], "obj_id": 2}, {"cam_R_m2c": [0.1438995897769928, -0.9895917773246765, 0.0010837380541488528, -0.19029584527015686, -0.02874624915421009, -0.9813058972358704, 0.9711233377456665, 0.1410033404827118, -0.1924518197774887], "cam_t_m2c": [-44.64773178100586, 36.87818908691406, 10.03071117401123], "obj_id": 2}, {"cam_R_m2c": [0.1438995897769928, -0.9895917773246765, 0.0010837380541488528, -0.19029584527015686, -0.02874624915421009, -0.9813058972358704, 0.9711233377456665, 0.1410033404827118, -0.1924518197774887], "cam_t_m2c": [-44.64773178100586, 36.87818908691406, 10.03071117401123], "obj_id": 0}, {"cam_R_m2c": [0.1438995897769928, -0.9895917773246765, 0.0010837380541488528, -0.19029584527015686, -0.02874624915421009, -0.9813058972358704, 0.9711233377456665, 0.1410033404827118, -0.1924518197774887], "cam_t_m2c": [-44.64773178100586, 36.87818908691406, 10.03071117401123], "obj_id": 2}, {"cam_R_m2c": [0.1438995897769928, -0.9895917773246765, 0.0010837380541488528, -0.19029584527015686, -0.02874624915421009, -0.9813058972358704, 0.9711233377456665, 0.1410033404827118, -0.1924518197774887], "cam_t_m2c": [-44.64773178100586, 36.87818908691406, 10.03071117401123], "obj_id": 2}, {"cam_R_m2c": [0.1438995897769928, -0.9895917773246765, 0.0010837380541488528, -0.19029584527015686, -0.02874624915421009, -0.9813058972358704, 0.9711233377456665, 0.1410033404827118, -0.1924518197774887], "cam_t_m2c": [-44.64773178100586, 36.87818908691406, 10.03071117401123], "obj_id": 2}, {"cam_R_m2c": [0.1438995897769928, -0.9895917773246765, 0.0010837380541488528, -0.19029584527015686, -0.02874624915421009, -0.9813058972358704, 0.9711233377456665, 0.1410033404827118, -0.1924518197774887], "cam_t_m2c": [-44.64773178100586, 36.87818908691406, 10.03071117401123], "obj_id": 3}, {"cam_R_m2c": [0.1438995897769928, -0.9895917773246765, 0.0010837380541488528, -0.19029584527015686, -0.02874624915421009, -0.9813058972358704, 0.9711233377456665, 0.1410033404827118, -0.1924518197774887], "cam_t_m2c": [-44.64773178100586, 36.87818908691406, 10.03071117401123], "obj_id": 2}, {"cam_R_m2c": [0.1438995897769928, -0.9895917773246765, 0.0010837380541488528, -0.19029584527015686, -0.02874624915421009, -0.9813058972358704, 0.9711233377456665, 0.1410033404827118, -0.1924518197774887], "cam_t_m2c": [-44.64773178100586, 36.87818908691406, 10.03071117401123], "obj_id": 2}, {"cam_R_m2c": [0.1438995897769928, -0.9895917773246765, 0.0010837380541488528, -0.19029584527015686, -0.02874624915421009, -0.9813058972358704, 0.9711233377456665, 0.1410033404827118, -0.1924518197774887], "cam_t_m2c": [-44.64773178100586, 36.87818908691406, 10.03071117401123], "obj_id": 0}, {"cam_R_m2c": [0.1438995897769928, -0.9895917773246765, 0.0010837380541488528, -0.19029584527015686, -0.02874624915421009, -0.9813058972358704, 0.9711233377456665, 0.1410033404827118, -0.1924518197774887], "cam_t_m2c": [-44.64773178100586, 36.87818908691406, 10.03071117401123], "obj_id": 0}, {"cam_R_m2c": [0.1438995897769928, -0.9895917773246765, 0.0010837380541488528, -0.19029584527015686, -0.02874624915421009, -0.9813058972358704, 0.9711233377456665, 0.1410033404827118, -0.1924518197774887], "cam_t_m2c": [-44.64773178100586, 36.87818908691406, 10.03071117401123], "obj_id": 3}, {"cam_R_m2c": [0.1438995897769928, -0.9895917773246765, 0.0010837380541488528, -0.19029584527015686, -0.02874624915421009, -0.9813058972358704, 0.9711233377456665, 0.1410033404827118, -0.1924518197774887], "cam_t_m2c": [-44.64773178100586, 36.87818908691406, 10.03071117401123], "obj_id": 1}, {"cam_R_m2c": [0.1438995897769928, -0.9895917773246765, 0.0010837380541488528, -0.19029584527015686, -0.02874624915421009, -0.9813058972358704, 0.9711233377456665, 0.1410033404827118, -0.1924518197774887], "cam_t_m2c": [-44.64773178100586, 36.87818908691406, 10.03071117401123], "obj_id": 1}, {"cam_R_m2c": [0.1438995897769928, -0.9895917773246765, 0.0010837380541488528, -0.19029584527015686, -0.02874624915421009, -0.9813058972358704, 0.9711233377456665, 0.1410033404827118, -0.1924518197774887], "cam_t_m2c": [-44.64773178100586, 36.87818908691406, 10.03071117401123], "obj_id": 1}, {"cam_R_m2c": [0.1438995897769928, -0.9895917773246765, 0.0010837380541488528, -0.19029584527015686, -0.02874624915421009, -0.9813058972358704, 0.9711233377456665, 0.1410033404827118, -0.1924518197774887], "cam_t_m2c": [-44.64773178100586, 36.87818908691406, 10.03071117401123], "obj_id": 2}, {"cam_R_m2c": [-0.13766442239284515, 0.21881498396396637, -0.9660063982009888, 0.8016114830970764, 0.5974727869033813, 0.02109983004629612, 0.5817795395851135, -0.7714571952819824, -0.2576553523540497], "cam_t_m2c": [2.1393661499023438, -19.70214080810547, 147.49392700195312], "obj_id": 3}, {"cam_R_m2c": [0.5305237174034119, -0.6341240406036377, -0.5625222325325012, 0.359221488237381, -0.43289104104042053, 0.8267800211906433, -0.7677919864654541, -0.6406964659690857, -0.0018679287750273943], "cam_t_m2c": [-229.7156524658203, -19.32650375366211, 112.07765197753906], "obj_id": 0}, {"cam_R_m2c": [-0.41866248846054077, 0.808452308177948, 0.4136742055416107, -0.4999850392341614, 0.17506863176822662, -0.8481543660163879, -0.7581137418746948, -0.5619214177131653, 0.3309195339679718], "cam_t_m2c": [7.681571960449219, 7714.81982421875, 1625.208984375], "obj_id": 2}, {"cam_R_m2c": [-0.016340691596269608, -0.8756330013275146, 0.48270055651664734, 0.7975931763648987, -0.3025491535663605, -0.5218324661254883, 0.6029743552207947, 0.37647154927253723, 0.7033427953720093], "cam_t_m2c": [-182.74009704589844, 31.32777214050293, -83.01666259765625], "obj_id": 3}, {"cam_R_m2c": [0.10125923901796341, 0.42551782727241516, -0.8992670178413391, 0.19160766899585724, -0.8953312635421753, -0.40208008885383606, -0.9762340784072876, -0.13159213960170746, -0.1721930205821991], "cam_t_m2c": [12.292009353637695, 47.51253128051758, -85.4383544921875], "obj_id": 3}, {"cam_R_m2c": [0.5672096014022827, -0.47338443994522095, -0.6739290952682495, 0.7560121417045593, 0.6238690614700317, 0.19807341694831848, 0.326678603887558, -0.6218476891517639, 0.7117488980293274], "cam_t_m2c": [-87.15119171142578, -24.57782554626465, 156.50071716308594], "obj_id": 1}, {"cam_R_m2c": [0.7594509124755859, -0.2814255952835083, 0.5865440964698792, 0.648352861404419, 0.2531299293041229, -0.7180277705192566, 0.05359949544072151, 0.9255943894386292, 0.3747028112411499], "cam_t_m2c": [123.65987396240234, -9.157964706420898, 62.3520622253418], "obj_id": 0}, {"cam_R_m2c": [-0.37805038690567017, -0.8082712292671204, -0.45141497254371643, 0.3737497925758362, -0.5793508887290955, 0.7243366241455078, -0.8469881415367126, 0.1051195040345192, 0.5211150646209717], "cam_t_m2c": [28.726764678955078, 48.97612380981445, -234.73992919921875], "obj_id": 0}]
}