{
  "0": [{"cam_R_m2c": [-0.9682438969612122, 0.21947892010211945, 0.11971849948167801, 0.23273319005966187, 0.6163750886917114, 0.7522745132446289, 0.09131691604852676, 0.7562477588653564, -0.6478814482688904], "cam_t_m2c": [137.2386474609375, 159.74595642089844, 1019.3336181640625], "obj_id": 3}, {"cam_R_m2c": [0.33046776056289673, 0.24567575752735138, -0.9112817645072937, 0.7472964525222778, -0.6578590869903564, 0.09364539384841919, -0.5764886140823364, -0.7119444012641907, -0.40099382400512695], "cam_t_m2c": [365.9184265136719, -27.053325653076172, 971.38232421875], "obj_id": 3}, {"cam_R_m2c": [-0.6013380289077759, -0.6702075004577637, 0.43498772382736206, 0.668839693069458, -0.720065712928772, -0.18482054769992828, 0.43708789348602295, 0.17979742586612701, 0.8812644481658936], "cam_t_m2c": [258.0636291503906, -134.45448303222656, 1115.575439453125], "obj_id": 3}, {"cam_R_m2c": [0.8874682784080505, 0.1063237115740776, -0.44843655824661255, 0.3538976311683655, -0.7805179953575134, 0.5153132677078247, -0.29522284865379333, -0.6160248517990112, -0.7303126454353333], "cam_t_m2c": [375.62933349609375, 24.009727478027344, 942.6133422851562], "obj_id": 3}, {"cam_R_m2c": [0.02709253318607807, -0.00040938681922852993, 0.9996326565742493, -0.9896314144134521, -0.14111338555812836, 0.026763495057821274, 0.1410508006811142, -0.989993155002594, -0.004228051286190748], "cam_t_m2c": [386.61517333984375, 169.03338623046875, 935.9797973632812], "obj_id": 3}, {"cam_R_m2c": [-0.40151065587997437, -0.30316030979156494, 0.8642238974571228, -0.8196779489517212, -0.30199477076530457, -0.4867515563964844, 0.40855491161346436, -0.9038212299346924, -0.1272396445274353], "cam_t_m2c": [227.76905822753906, 212.50885009765625, 1154.926513671875], "obj_id": 3}, {"cam_R_m2c": [-0.3094275891780853, -0.41868603229522705, -0.8537894487380981, 0.43670618534088135, 0.7350049614906311, -0.5187054872512817, 0.8447142243385315, -0.5333569645881653, -0.044588007032871246], "cam_t_m2c": [123.0630111694336, 173.46583557128906, 1198.3814697265625], "obj_id": 3}, {"cam_R_m2c": [0.2810100317001343, -0.7309260964393616, 0.621916651725769, 0.5781606435775757, -0.388301283121109, -0.7176017761230469, 0.7660049200057983, 0.5612210035324097, 0.31347620487213135], "cam_t_m2c": [112.2563705444336, 181.16465759277344, 1046.6097412109375], "obj_id": 3}, {"cam_R_m2c": [0.9335913062095642, -0.2577669322490692, -0.2489246129989624, 0.35833626985549927, 0.6745374798774719, 0.6454411149024963, 0.0015356086660176516, -0.6917769908905029, 0.7221096158027649], "cam_t_m2c": [381.3307189941406, -49.43231964111328, 901.1895141601562], "obj_id": 3}, {"cam_R_m2c": [0.8701969385147095, 0.4539436101913452, -0.1915527880191803, 0.17946326732635498, -0.6540980935096741, -0.7348119020462036, -0.4588575065135956, 0.6050543785095215, -0.6506603360176086], "cam_t_m2c": [339.483154296875, -8.632777214050293, 1033.86328125], "obj_id": 3}, {"cam_R_m2c": [0.5852898955345154, -0.1584213525056839, 0.7951971292495728, -0.699198842048645, -0.5951985716819763, 0.39605504274368286, 0.4105566143989563, -0.7878078818321228, -0.4591316878795624], "cam_t_m2c": [239.07630920410156, -15.883295059204102, 1301.322021484375], "obj_id": 3}, {"cam_R_m2c": [-0.6549524068832397, -0.662726104259491, -0.36308568716049194, 0.10807500034570694, 0.39339303970336914, -0.9129959344863892, 0.7479016780853271, -0.6372094750404358, -0.18602949380874634], "cam_t_m2c": [214.07008361816406, 155.68077087402344, 1171.0302734375], "obj_id": 3}, {"cam_R_m2c": [-0.10696504265069962, -0.8454155325889587, -0.5232884883880615, 0.9476270079612732, -0.24598363041877747, 0.20370295643806458, -0.3009341359138489, -0.4740932285785675, 0.8274504542350769], "cam_t_m2c": [40.79892349243164, 224.68309020996094, 1154.02587890625], "obj_id": 3}, {"cam_R_m2c": [0.5346186757087708, -0.8230327367782593, 0.19183285534381866, 0.18619908392429352, -0.10670022666454315, -0.9767009615898132, 0.8243255615234375, 0.5578816533088684, 0.09620405733585358], "cam_t_m2c": [12.418679237365723, 240.99851989746094, 1082.8359375], "obj_id": 3}, {"cam_R_m2c": [-0.8783450722694397, -0.13773870468139648, -0.4577530026435852, -0.09863601624965668, -0.8847594261169434, 0.4554904103279114, -0.4677399694919586, 0.4452287256717682, 0.7635382413864136], "cam_t_m2c": [224.1929473876953, 65.582275390625, 1254.34765625], "obj_id": 3}, {"cam_R_m2c": [0.6186299920082092, 0.5666416883468628, -0.5442556142807007, 0.6014649868011475, -0.7872438430786133, -0.1359671652317047, -0.5055065155029297, -0.24323730170726776, -0.8278278112411499], "cam_t_m2c": [346.81854248046875, 162.15350341796875, 1217.6910400390625], "obj_id": 3}, {"cam_R_m2c": [0.05863286182284355, -0.9498850107192993, -0.30705133080482483, 0.81962651014328, -0.12978294491767883, 0.5580042004585266, -0.5698899030685425, -0.2843847870826721, 0.7709414958953857], "cam_t_m2c": [219.33726501464844, -117.57076263427734, 979.62158203125], "obj_id": 3}, {"cam_R_m2c": [0.9220451712608337, 0.11075957864522934, -0.3708975613117218, -0.38005656003952026, 0.07731383293867111, -0.921726405620575, -0.07341452687978745, 0.990835428237915, 0.1133817583322525], "cam_t_m2c": [80.41217041015625, 121.3058090209961, 1146.3292236328125], "obj_id": 3}, {"cam_R_m2c": [-0.2886429727077484, 0.16147294640541077, -0.9437221884727478, -0.5580198168754578, -0.8293284773826599, 0.028773732483386993, -0.7780095934867859, 0.5349210500717163, 0.32948505878448486], "cam_t_m2c": [337.8539123535156, -164.03436279296875, 991.7772216796875], "obj_id": 3}, {"cam_R_m2c": [0.7203181385993958, -0.2538146674633026, 0.6455384492874146, -0.37891796231269836, -0.9235022068023682, 0.05970686674118042, 0.5810016989707947, -0.28761404752731323, -0.7613903284072876], "cam_t_m2c": [60.86928939819336, -124.45293426513672, 976.3292236328125], "obj_id": 3}, {"cam_R_m2c": [0.5334076881408691, -0.7852237224578857, 0.31448352336883545, -0.017365941777825356, -0.3818798363208771, -0.924048662185669, 0.8456799387931824, 0.4874332547187805, -0.21733370423316956], "cam_t_m2c": [381.1140441894531, 69.18408966064453, 831.3206176757812], "obj_id": 3}, {"cam_R_m2c": [0.31720471382141113, -0.9356087446212769, -0.15497568249702454, -0.9347158074378967, -0.2808219790458679, -0.21781940758228302, 0.16027314960956573, 0.21395157277584076, -0.9636062979698181], "cam_t_m2c": [110.56048583984375, -87.76344299316406, 1118.94677734375], "obj_id": 3}, {"cam_R_m2c": [0.7517602443695068, -0.6422810554504395, -0.14943747222423553, 0.07205401360988617, -0.14525210857391357, 0.9867674708366394, -0.6554881930351257, -0.7525801062583923, -0.06291582435369492], "cam_t_m2c": [91.33680725097656, 177.81837463378906, 1218.758544921875], "obj_id": 3}, {"cam_R_m2c": [0.38531407713890076, 0.5540517568588257, -0.7379428744316101, -0.8620942831039429, -0.06909392774105072, -0.5020153522491455, -0.3291298747062683, 0.8296099305152893, 0.4510219991207123], "cam_t_m2c": [156.19842529296875, 232.3311767578125, 1181.3880615234375], "obj_id": 3}, {"cam_R_m2c": [-0.01574099436402321, 0.10613609850406647, -0.9942269921302795, -0.9822620153427124, 0.184177428483963, 0.035212963819503784, 0.18685151636600494, 0.9771457314491272, 0.10135434567928314], "cam_t_m2c": [79.26351165771484, 160.80563354492188, 1158.0894775390625], "obj_id": 3}, {"cam_R_m2c": [0.12617462873458862, -0.7274552583694458, -0.6744543313980103, -0.9894598722457886, -0.14098724722862244, -0.03303804621100426, -0.0710558295249939, 0.671514093875885, -0.7375767827033997], "cam_t_m2c": [223.5570526123047, 62.46763610839844, 832.8615112304688], "obj_id": 3}, {"cam_R_m2c": [0.8871527910232544, -0.45749279856681824, -0.060499757528305054, -0.3226945400238037, -0.7087206244468689, 0.6273620128631592, -0.32989105582237244, -0.537043035030365, -0.7763739228248596], "cam_t_m2c": [88.68325805664062, -15.335233688354492, 1102.43701171875], "obj_id": 3}, {"cam_R_m2c": [0.5287712812423706, -0.7589008808135986, 0.3800926208496094, -0.705936849117279, -0.641852855682373, -0.2994628846645355, 0.47122618556022644, -0.10997401177883148, -0.8751294016838074], "cam_t_m2c": [228.5704345703125, -221.01210021972656, 1065.43359375], "obj_id": 3}, {"cam_R_m2c": [0.19910691678524017, -0.6830620765686035, -0.7026963829994202, 0.41660234332084656, -0.5900354981422424, 0.6915922164916992, -0.8870166540145874, -0.43044570088386536, 0.16708551347255707], "cam_t_m2c": [207.32582092285156, -22.282306671142578, 1351.0604248046875], "obj_id": 1}, {"cam_R_m2c": [-0.6227931976318359, -0.13416177034378052, 0.7707977890968323, -0.28735631704330444, -0.8771090507507324, -0.3848455250263214, 0.7277052402496338, -0.46117278933525085, 0.5077053308486938], "cam_t_m2c": [317.3858337402344, 124.30778503417969, 951.76513671875], "obj_id": 1}, {"cam_R_m2c": [0.27618226408958435, 0.6451160907745361, -0.7124244570732117, 0.24468277394771576, 0.6696364283561707, 0.7012256383895874, 0.9294372797012329, -0.3679840862751007, 0.02709290385246277], "cam_t_m2c": [69.25155639648438, 144.43704223632812, 1059.8521728515625], "obj_id": 1}, {"cam_R_m2c": [-0.007381906267255545, 0.5815525054931641, -0.8134753704071045, -0.6515918970108032, -0.6198796033859253, -0.4372382164001465, -0.758533775806427, 0.5268263220787048, 0.3835107982158661], "cam_t_m2c": [310.3274230957031, 81.92310333251953, 841.580810546875], "obj_id": 1}],
  "1": [{"cam_R_m2c": [0.9376072883605957, -0.1804196536540985, 0.29722270369529724, 0.3165200352668762, 0.7966925501823425, -0.5148747563362122, -0.14390158653259277, 0.5768272876739502, 0.8040911555290222], "cam_t_m2c": [-53.965057373046875, -70.99122619628906, 1159.0562744140625], "obj_id": 3}, {"cam_R_m2c": [0.08602970093488693, -0.268228143453598, 0.9595063924789429, -0.487592875957489, -0.8511917591094971, -0.19423122704029083, 0.8688222169876099, -0.45113885402679443, -0.2040138989686966], "cam_t_m2c": [-312.57122802734375, -194.59384155273438, 1073.42333984375], "obj_id": 3}, {"cam_R_m2c": [0.6630650162696838, 0.3293135166168213, -0.6722331047058105, 0.6566413640975952, 0.17528030276298523, 0.7335521578788757, 0.359397828578949, -0.9278088808059692, -0.10001863539218903], "cam_t_m2c": [-284.8256530761719, -53.66029739379883, 920.6907958984375], "obj_id": 3}, {"cam_R_m2c": [-0.6203840970993042, -0.20505692064762115, 0.7570172548294067, -0.39360710978507996, -0.7534611225128174, -0.5266590714454651, 0.678378164768219, -0.6246983408927917, 0.38672348856925964], "cam_t_m2c": [-297.5426940917969, -215.17337036132812, 1127.089111328125], "obj_id": 3}, {"cam_R_m2c": [-0.38620540499687195, 0.19467326998710632, -0.901636004447937, -0.044684235006570816, -0.9802764654159546, -0.1925126612186432, -0.9213297367095947, -0.0340605266392231, 0.38728708028793335], "cam_t_m2c": [-258.0008239746094, -197.97059631347656, 1266.1468505859375], "obj_id": 3}, {"cam_R_m2c": [-0.004305252339690924, 0.3965757489204407, -0.9179918169975281, 0.32642918825149536, -0.8671553730964661, -0.37614521384239197, -0.9452117681503296, -0.3012787699699402, -0.12572044134140015], "cam_t_m2c": [-152.0733184814453, 51.717994689941406, 1227.4840087890625], "obj_id": 3}, {"cam_R_m2c": [0.2209327220916748, 0.7545825839042664, 0.6178946495056152, 0.9523996114730835, -0.3033771216869354, 0.029951682314276695, 0.21005617082118988, 0.5818653702735901, -0.7856900691986084], "cam_t_m2c": [-80.0813217163086, 106.95950317382812, 1149.11572265625], "obj_id": 3}, {"cam_R_m2c": [-0.25153496861457825, 0.4015270471572876, -0.8806283473968506, 0.7874378561973572, 0.6139345169067383, 0.055009808391332626, 0.5627360939979553, -0.6796032190322876, -0.4706036150455475], "cam_t_m2c": [-30.742727279663086, -36.04269790649414, 1167.1922607421875], "obj_id": 3}, {"cam_R_m2c": [-0.7332013249397278, 0.6264158487319946, 0.26461106538772583, -0.11536762118339539, -0.4980737566947937, 0.8594258427619934, 0.670153796672821, 0.599604606628418, 0.4374564588069916], "cam_t_m2c": [-316.9393005371094, -269.2768249511719, 1065.1314697265625], "obj_id": 3}, {"cam_R_m2c": [-0.6224765777587891, -0.7774345874786377, 0.09010141342878342, -0.5791178345680237, 0.38010308146476746, -0.7212101817131042, 0.5264459252357483, -0.5011157989501953, -0.6868314743041992], "cam_t_m2c": [-297.58355712890625, -125.92453002929688, 1074.808349609375], "obj_id": 3}, {"cam_R_m2c": [-0.8647743463516235, 0.13942663371562958, -0.4824162423610687, 0.15903300046920776, -0.8351901769638062, -0.5264653563499451, -0.47631263732910156, -0.5319938659667969, 0.7000777125358582], "cam_t_m2c": [-273.5209655761719, 150.2848663330078, 1005.5435791015625], "obj_id": 3}, {"cam_R_m2c": [0.4509165287017822, 0.8894498348236084, 0.07452031224966049, 0.8674520254135132, -0.41703322529792786, -0.27131202816963196, -0.21024098992347717, 0.18698185682296753, -0.9596022367477417], "cam_t_m2c": [-162.28871154785156, 59.82387924194336, 1168.2694091796875], "obj_id": 3}, {"cam_R_m2c": [0.48406457901000977, 0.8049566745758057, 0.3431124985218048, -0.101615771651268, -0.3377493917942047, 0.9357346892356873, 0.869111955165863, -0.4878216087818146, -0.08169615268707275], "cam_t_m2c": [22.658979415893555, 89.14094543457031, 1171.13671875], "obj_id": 3}, {"cam_R_m2c": [-0.6265642642974854, 0.5794241428375244, -0.5212339162826538, 0.725172221660614, 0.6784676313400269, -0.11750298738479614, 0.28555622696876526, -0.45160752534866333, -0.8452858328819275], "cam_t_m2c": [71.25811767578125, 28.822933197021484, 1182.9486083984375], "obj_id": 3}, {"cam_R_m2c": [0.8821503520011902, -0.27526724338531494, 0.3821500837802887, -0.2991154193878174, 0.29929909110069275, 0.90606290102005, -0.36378663778305054, -0.9135907292366028, 0.18169012665748596], "cam_t_m2c": [-221.5841522216797, 122.28372192382812, 1080.2646484375], "obj_id": 3}, {"cam_R_m2c": [-0.24221834540367126, -0.7177523374557495, 0.6528106927871704, -0.5006547570228577, -0.48387929797172546, -0.717778205871582, 0.8310686349868774, -0.500691831111908, -0.24214166402816772], "cam_t_m2c": [-292.5519104003906, 80.34503173828125, 1217.78369140625], "obj_id": 3}, {"cam_R_m2c": [0.35620787739753723, 0.892460286617279, 0.27682235836982727, -0.4158615171909332, -0.11388207226991653, 0.9022694230079651, 0.8367647528648376, -0.4365152418613434, 0.3305741548538208], "cam_t_m2c": [-210.8418426513672, -174.37374877929688, 935.62060546875], "obj_id": 3}, {"cam_R_m2c": [-0.9485430717468262, -0.31659311056137085, 0.005884345155209303, -0.3164516091346741, 0.9484458565711975, 0.017574187368154526, -0.011144849471747875, 0.014807764440774918, -0.9998281598091125], "cam_t_m2c": [-45.765403747558594, 55.719322204589844, 1090.4124755859375], "obj_id": 3}, {"cam_R_m2c": [0.26807552576065063, -0.5516074299812317, 0.789851188659668, -0.7939741611480713, 0.3378603458404541, 0.5054261684417725, -0.5456562638282776, -0.7626137733459473, -0.34738996624946594], "cam_t_m2c": [-337.2303466796875, -193.7899627685547, 934.2880249023438], "obj_id": 3}, {"cam_R_m2c": [-0.9234991669654846, -0.0038670317735522985, -0.3835808336734772, 0.35423198342323303, -0.3923197090625763, -0.8488845229148865, -0.14720366895198822, -0.9198207855224609, 0.3636767864227295], "cam_t_m2c": [-67.81706237792969, -148.14755249023438, 872.1666259765625], "obj_id": 3}, {"cam_R_m2c": [-0.6979557871818542, 0.4711202383041382, -0.5393545627593994, 0.7099006175994873, 0.5543633103370667, -0.43442195653915405, 0.09433341771364212, -0.6860954761505127, -0.7213696241378784], "cam_t_m2c": [-260.5220031738281, -315.614501953125, 1181.8424072265625], "obj_id": 3}, {"cam_R_m2c": [-0.6372671723365784, 0.7082201242446899, 0.3038331866264343, -0.07245761156082153, 0.33744895458221436, -0.9385510087013245, -0.767228901386261, -0.6201229095458984, -0.16372911632061005], "cam_t_m2c": [-135.70970153808594, -13.618901252746582, 910.2156982421875], "obj_id": 3}, {"cam_R_m2c": [-0.50213223695755, 0.7208111882209778, 0.4778017997741699, -0.7650284767150879, -0.6278694868087769, 0.14321810007095337, 0.40323036909103394, -0.2936175763607025, 0.8667144775390625], "cam_t_m2c": [-54.672454833984375, 133.52627563476562, 1139.664794921875], "obj_id": 3}, {"cam_R_m2c": [-0.5562494397163391, -0.7299700975418091, 0.39715245366096497, -0.5450003147125244, 0.6812273263931274, 0.4887780547142029, -0.6273444890975952, 0.055434346199035645, -0.7767662405967712], "cam_t_m2c": [-86.69894409179688, 94.6003646850586, 1217.3455810546875], "obj_id": 3}, {"cam_R_m2c": [-0.3558591902256012, -0.2737163305282593, 0.8935567140579224, 0.009097370319068432, 0.9550865292549133, 0.29618731141090393, -0.9344952702522278, 0.1135299950838089, -0.33738622069358826], "cam_t_m2c": [-34.52172088623047, 74.29701232910156, 1125.4598388671875], "obj_id": 3}, {"cam_R_m2c": [-0.4248725473880768, 0.45327991247177124, 0.7835946083068848, -0.2684798240661621, 0.7635676264762878, -0.5872673988342285, -0.8645240068435669, -0.45989319682121277, -0.20272238552570343], "cam_t_m2c": [-119.449462890625, -284.8709411621094, 1118.3990478515625], "obj_id": 3}, {"cam_R_m2c": [-0.8353394865989685, 0.313571035861969, 0.45153191685676575, -0.547027051448822, -0.5555501580238342, -0.6261991262435913, 0.054490745067596436, -0.7700890302658081, 0.6356049180030823], "cam_t_m2c": [-87.79801940917969, -12.473938941955566, 971.0448608398438], "obj_id": 3}, {"cam_R_m2c": [-0.8302314877510071, 0.506572425365448, -0.23259314894676208, 0.22730496525764465, -0.07332771271467209, -0.9710588455200195, -0.5089672207832336, -0.8590734601020813, -0.05426721274852753], "cam_t_m2c": [-274.34429931640625, -111.70167541503906, 834.681396484375], "obj_id": 3}, {"cam_R_m2c": [0.1720622330904007, 0.532548725605011, 0.8287258148193359, -0.820525050163269, -0.3880399465560913, 0.41971850395202637, 0.5450992584228516, -0.7522079944610596, 0.37020254135131836], "cam_t_m2c": [-258.79058837890625, 203.28201293945312, 983.2440795898438], "obj_id": 1}, {"cam_R_m2c": [0.2957784831523895, -0.055392663925886154, -0.9536491632461548, 0.771598756313324, -0.5746931433677673, 0.27269574999809265, -0.5631610155105591, -0.8164920806884766, -0.12724089622497559], "cam_t_m2c": [-213.5023956298828, -177.29371643066406, 1198.06884765625], "obj_id": 1}, {"cam_R_m2c": [-0.3971576392650604, -0.2773037552833557, 0.874853253364563, 0.8869208097457886, -0.3609734773635864, 0.28821760416030884, 0.23587507009506226, 0.8903934955596924, 0.38931000232696533], "cam_t_m2c": [-6.8940324783325195, -21.46883773803711, 1116.2752685546875], "obj_id": 1}, {"cam_R_m2c": [-0.024066973477602005, -0.8634421825408936, 0.503873348236084, -0.8461338877677917, 0.2860243320465088, 0.4497193694114685, -0.5324267148971558, -0.41552093625068665, -0.7374714612960815], "cam_t_m2c": [-194.2610321044922, -289.77410888671875, 1167.0079345703125], "obj_id": 1}]
}