{
  "0": [{"cam_R_m2c": [-0.06557571142911911, -0.45314279198646545, 0.8890226483345032, 0.023046297952532768, -0.8913903832435608, -0.4526497721672058, 0.9975813627243042, -0.009194177575409412, 0.06889694929122925], "cam_t_m2c": [65.69113159179688, 4836.9423828125, 4087.190673828125], "obj_id": 1}, {"cam_R_m2c": [0.6744197010993958, 0.5858990550041199, -0.44931095838546753, -0.09623482823371887, -0.5335911512374878, -0.8402494192123413, -0.7320497632026672, 0.609920084476471, -0.30348044633865356], "cam_t_m2c": [116.46649169921875, 4852.71142578125, 4141.9169921875], "obj_id": 1}, {"cam_R_m2c": [-0.7946462035179138, 0.5764327049255371, -0.19042709469795227, 0.26380985975265503, 0.6104075312614441, 0.7468647360801697, 0.5467554330825806, 0.5432567596435547, -0.637126624584198], "cam_t_m2c": [93.71202087402344, 4811.96923828125, 4167.58837890625], "obj_id": 0}, {"cam_R_m2c": [0.5370259284973145, -0.4616675078868866, -0.7060214281082153, -0.13789509236812592, -0.8737344741821289, 0.46644705533981323, -0.8322187662124634, -0.15313725173473358, -0.5328797101974487], "cam_t_m2c": [21.802438735961914, 4849.28125, 4113.89990234375], "obj_id": 3}, {"cam_R_m2c": [0.18793907761573792, 0.8060362935066223, 0.5612345933914185, 0.9661931991577148, -0.25440356135368347, 0.04182422161102295, 0.17649197578430176, 0.5344007015228271, -0.82659912109375], "cam_t_m2c": [32.57868194580078, 4830.572265625, 4140.8203125], "obj_id": 2}, {"cam_R_m2c": [0.3088708221912384, 0.7914642095565796, -0.5274307131767273, -0.9489126205444336, 0.29405805468559265, -0.11443205922842026, 0.06452634930610657, 0.5358303785324097, 0.8418563604354858], "cam_t_m2c": [37.391136169433594, 5.808088779449463, 744.838134765625], "obj_id": 3}, {"cam_R_m2c": [-0.49793002009391785, 0.31777459383010864, 0.8068981766700745, -0.4710552394390106, 0.6821101307868958, -0.5593144297599792, -0.7281293272972107, -0.6585931777954102, -0.18995365500450134], "cam_t_m2c": [146.71534729003906, 3.37619686126709, 748.33740234375], "obj_id": 2}, {"cam_R_m2c": [0.01855827495455742, -0.10527494549751282, -0.9942699074745178, -0.9645082354545593, -0.2638656198978424, 0.009935813955962658, -0.26339972019195557, 0.9587971568107605, -0.1064353883266449], "cam_t_m2c": [87.19477844238281, -38.39786911010742, 808.4464721679688], "obj_id": 2}, {"cam_R_m2c": [-0.2015651911497116, 0.3978089690208435, -0.8950526714324951, 0.9568121433258057, 0.27540647983551025, -0.0930682122707367, 0.20947988331317902, -0.8751566410064697, -0.436140775680542], "cam_t_m2c": [12.89410400390625, -8.005393028259277, 764.7144775390625], "obj_id": 0}, {"cam_R_m2c": [0.9664369225502014, -0.25684651732444763, 0.005437719170004129, 0.2400851994752884, 0.8954316973686218, -0.37491491436958313, 0.09142649173736572, 0.36363711953163147, 0.9270432591438293], "cam_t_m2c": [93.51201629638672, 11.11922836303711, 737.1958618164062], "obj_id": 3}, {"cam_R_m2c": [-0.6936130523681641, 0.4647274315357208, -0.5503900647163391, -0.5166189670562744, -0.8533888459205627, -0.06951355934143066, -0.5020016431808472, 0.23612642288208008, 0.8320087790489197], "cam_t_m2c": [94.99679565429688, 30.56989860534668, 709.2081298828125], "obj_id": 0}],
  "1": [{"cam_R_m2c": [-0.43782860040664673, -0.6358917951583862, 0.6355688571929932, 0.19832868874073029, -0.757824182510376, -0.6215852499008179, 0.876910388469696, -0.14609625935554504, 0.4579126834869385], "cam_t_m2c": [81.12576293945312, 5173.34912109375, 3688.466064453125], "obj_id": 1}, {"cam_R_m2c": [0.852277934551239, 0.13701948523521423, -0.504824697971344, -0.36097079515457153, -0.5444093346595764, -0.7571779489517212, -0.37857943773269653, 0.8275530338287354, -0.4145280420780182], "cam_t_m2c": [108.96041107177734, 5186.09228515625, 3758.356201171875], "obj_id": 1}, {"cam_R_m2c": [-0.8414857983589172, 0.46226873993873596, 0.2796589136123657, 0.5187846422195435, 0.5467911958694458, 0.657177209854126, 0.1508774608373642, 0.6980881094932556, -0.6999348998069763], "cam_t_m2c": [67.99361419677734, 5156.1357421875, 3774.511474609375], "obj_id": 0}, {"cam_R_m2c": [0.7586812376976013, -0.5829340219497681, -0.29084476828575134, -0.38672173023223877, -0.76227205991745, 0.519025444984436, -0.5242604613304138, -0.28129884600639343, -0.8037547469139099], "cam_t_m2c": [35.40047836303711, 5199.29150390625, 3693.75927734375], "obj_id": 3}, {"cam_R_m2c": [0.35736823081970215, 0.4355085790157318, 0.8262083530426025, 0.9157740473747253, -0.3371342122554779, -0.21839982271194458, 0.1834280788898468, 0.8346693515777588, -0.5193085074424744], "cam_t_m2c": [29.448192596435547, 5183.27001953125, 3723.739013671875], "obj_id": 2}, {"cam_R_m2c": [-0.007890972308814526, 0.5696662068367004, -0.8218382596969604, -0.9705109596252441, 0.19365307688713074, 0.14355124533176422, 0.2409277856349945, 0.7987357974052429, 0.5513392090797424], "cam_t_m2c": [50.30400085449219, -6.680736541748047, 917.48779296875], "obj_id": 3}, {"cam_R_m2c": [-0.2839745879173279, 0.7187284827232361, 0.6346555352210999, -0.46020278334617615, 0.478515625, -0.7478209137916565, -0.8411728143692017, -0.5044324398040771, 0.1948746293783188], "cam_t_m2c": [144.70758056640625, -32.74456024169922, 966.2584838867188], "obj_id": 2}, {"cam_R_m2c": [-0.14116090536117554, -0.5350173711776733, -0.8329646587371826, -0.9741172790527344, -0.07498401403427124, 0.2132442444562912, -0.1765483319759369, 0.8415069580078125, -0.5105848908424377], "cam_t_m2c": [57.7071418762207, -49.94518280029297, 998.4443969726562], "obj_id": 2}, {"cam_R_m2c": [-0.0014284482458606362, 0.7637268304824829, -0.6455380320549011, 0.9986487030982971, 0.03462550789117813, 0.03875523433089256, 0.05195051431655884, -0.6446102857589722, -0.7627443075180054], "cam_t_m2c": [17.28887176513672, -11.298498153686523, 926.1285400390625], "obj_id": 0}, {"cam_R_m2c": [0.8814967274665833, -0.1263747662305832, -0.454964816570282, 0.030891409143805504, 0.9768903851509094, -0.21149682998657227, 0.4711786210536957, 0.1723792552947998, 0.865029513835907], "cam_t_m2c": [104.1843032836914, -15.282742500305176, 933.5838623046875], "obj_id": 3}, {"cam_R_m2c": [-0.5563473701477051, 0.08882647007703781, -0.8261884450912476, -0.4238971173763275, -0.885504424571991, 0.19024454057216644, -0.7146947979927063, 0.4560609757900238, 0.5303014516830444], "cam_t_m2c": [121.5618896484375, -1.4456244707107544, 907.6917724609375], "obj_id": 0}]
}