{
  "0": [{"cam_R_m2c": [0.10600155591964722, 0.9240296483039856, 0.36733224987983704, -0.6467552781105042, 0.34466591477394104, -0.6803771257400513, -0.7552955150604248, -0.1654530018568039, 0.6341561079025269], "cam_t_m2c": [-0.0001754640252329409, -0.00016344711184501648, 1009.0979614257812], "obj_id": 1}, {"cam_R_m2c": [-0.5707914233207703, -0.8107724785804749, -0.12978973984718323, -0.5935729742050171, 0.298222154378891, 0.7474855780601501, -0.5673345327377319, 0.50369793176651, -0.6514753103256226], "cam_t_m2c": [138.8031768798828, -49.52949905395508, 912.314453125], "obj_id": 2}, {"cam_R_m2c": [-0.3414222300052643, -0.456952840089798, 0.8213555216789246, 0.9147972464561462, 0.039098769426345825, 0.40201646089553833, -0.21581652760505676, 0.8886311650276184, 0.4046700596809387], "cam_t_m2c": [57.22636795043945, 16.73950958251953, 832.5960693359375], "obj_id": 3}, {"cam_R_m2c": [0.11678817123174667, -0.9727112650871277, -0.2004825621843338, -0.6728880405426025, 0.07097311317920685, -0.7363317608833313, 0.7304670810699463, 0.2208971381187439, -0.6462369561195374], "cam_t_m2c": [86.58195495605469, -36.08667755126953, 963.0350341796875], "obj_id": 1}, {"cam_R_m2c": [0.3479674160480499, -0.26010382175445557, -0.9007022976875305, -0.6693280935287476, -0.7416383624076843, -0.04441129043698311, -0.6564438939094543, 0.618319034576416, -0.43216076493263245], "cam_t_m2c": [-12.819610595703125, 1.293062448501587, 889.2167358398438], "obj_id": 2}, {"cam_R_m2c": [-0.06616649031639099, -0.34760263562202454, 0.9353044033050537, 0.866357147693634, -0.48504605889320374, -0.11897672712802887, 0.49502241611480713, 0.8024353981018066, 0.33324190974235535], "cam_t_m2c": [4.640781879425049, 13.2684965133667, 915.4898681640625], "obj_id": 3}, {"cam_R_m2c": [0.15404672920703888, -0.8861087560653687, -0.43712785840034485, -0.7369454503059387, 0.191655695438385, -0.6482124328613281, 0.6581647992134094, 0.4219943881034851, -0.6234898567199707], "cam_t_m2c": [-30.71088218688965, -51.302955627441406, 914.6917114257812], "obj_id": 2}, {"cam_R_m2c": [0.5108569264411926, 0.527775228023529, -0.6785857081413269, 0.8337748646736145, -0.1119183748960495, 0.5406420230865479, 0.209391251206398, -0.8419784307479858, -0.497219979763031], "cam_t_m2c": [36.37094497680664, 21.75690269470215, 887.2672119140625], "obj_id": 3}, {"cam_R_m2c": [0.624752402305603, -0.7805130481719971, 0.021995024755597115, -0.4025091528892517, -0.34606578946113586, -0.847481369972229, 0.6690820455551147, 0.5206128358840942, -0.5303690433502197], "cam_t_m2c": [90.07402801513672, -3.6061248779296875, 935.1588134765625], "obj_id": 1}, {"cam_R_m2c": [0.2501170337200165, 0.49909064173698425, 0.8296685814857483, -0.013814136385917664, 0.8586571216583252, -0.5123642683029175, -0.9681170582771301, 0.11668986827135086, 0.22165927290916443], "cam_t_m2c": [31.202835083007812, -105.36505126953125, 1036.94873046875], "obj_id": 2}]
}