{
  "0": [{"cam_R_m2c": [-0.5898784399032593, -0.7915790677070618, -0.15951745212078094, -0.4702938497066498, 0.49736714363098145, -0.7290058732032776, 0.6564045548439026, -0.35500484704971313, -0.6656609177589417], "cam_t_m2c": [-138.60263061523438, 105.27352142333984, 183.17689514160156], "obj_id": 0}, {"cam_R_m2c": [-0.5898784399032593, -0.7915790677070618, -0.15951745212078094, -0.4702938497066498, 0.49736714363098145, -0.7290058732032776, 0.6564045548439026, -0.35500484704971313, -0.6656609177589417], "cam_t_m2c": [-138.60263061523438, 105.27352142333984, 183.17689514160156], "obj_id": 0}, {"cam_R_m2c": [-0.5898784399032593, -0.7915790677070618, -0.15951745212078094, -0.4702938497066498, 0.49736714363098145, -0.7290058732032776, 0.6564045548439026, -0.35500484704971313, -0.6656609177589417], "cam_t_m2c": [-138.60263061523438, 105.27352142333984, 183.17689514160156], "obj_id": 2}, {"cam_R_m2c": [-0.5898784399032593, -0.7915790677070618, -0.15951745212078094, -0.4702938497066498, 0.49736714363098145, -0.7290058732032776, 0.6564045548439026, -0.35500484704971313, -0.6656609177589417], "cam_t_m2c": [-138.60263061523438, 105.27352142333984, 183.17689514160156], "obj_id": 3}, {"cam_R_m2c": [-0.5898784399032593, -0.7915790677070618, -0.15951745212078094, -0.4702938497066498, 0.49736714363098145, -0.7290058732032776, 0.6564045548439026, -0.35500484704971313, -0.6656609177589417], "cam_t_m2c": [-138.60263061523438, 105.27352142333984, 183.17689514160156], "obj_id": 0}, {"cam_R_m2c": [-0.5898784399032593, -0.7915790677070618, -0.15951745212078094, -0.4702938497066498, 0.49736714363098145, -0.7290058732032776, 0.6564045548439026, -0.35500484704971313, -0.6656609177589417], "cam_t_m2c": [-138.60263061523438, 105.27352142333984, 183.17689514160156], "obj_id": 1}, {"cam_R_m2c": [-0.5898784399032593, -0.7915790677070618, -0.15951745212078094, -0.4702938497066498, 0.49736714363098145, -0.7290058732032776, 0.6564045548439026, -0.35500484704971313, -0.6656609177589417], "cam_t_m2c": [-138.60263061523438, 105.27352142333984, 183.17689514160156], "obj_id": 2}, {"cam_R_m2c": [-0.5898784399032593, -0.7915790677070618, -0.15951745212078094, -0.4702938497066498, 0.49736714363098145, -0.7290058732032776, 0.6564045548439026, -0.35500484704971313, -0.6656609177589417], "cam_t_m2c": [-138.60263061523438, 105.27352142333984, 183.17689514160156], "obj_id": 0}, {"cam_R_m2c": [-0.5898784399032593, -0.7915790677070618, -0.15951745212078094, -0.4702938497066498, 0.49736714363098145, -0.7290058732032776, 0.6564045548439026, -0.35500484704971313, -0.6656609177589417], "cam_t_m2c": [-138.60263061523438, 105.27352142333984, 183.17689514160156], "obj_id": 2}, {"cam_R_m2c": [-0.5898784399032593, -0.7915790677070618, -0.15951745212078094, -0.4702938497066498, 0.49736714363098145, -0.7290058732032776, 0.6564045548439026, -0.35500484704971313, -0.6656609177589417], "cam_t_m2c": [-138.60263061523438, 105.27352142333984, 183.17689514160156], "obj_id": 1}, {"cam_R_m2c": [-0.5898784399032593, -0.7915790677070618, -0.15951745212078094, -0.4702938497066498, 0.49736714363098145, -0.7290058732032776, 0.6564045548439026, -0.35500484704971313, -0.6656609177589417], "cam_t_m2c": [-138.60263061523438, 105.27352142333984, 183.17689514160156], "obj_id": 1}, {"cam_R_m2c": [-0.5898784399032593, -0.7915790677070618, -0.15951745212078094, -0.4702938497066498, 0.49736714363098145, -0.7290058732032776, 0.6564045548439026, -0.35500484704971313, -0.6656609177589417], "cam_t_m2c": [-138.60263061523438, 105.27352142333984, 183.17689514160156], "obj_id": 1}, {"cam_R_m2c": [-0.5898784399032593, -0.7915790677070618, -0.15951745212078094, -0.4702938497066498, 0.49736714363098145, -0.7290058732032776, 0.6564045548439026, -0.35500484704971313, -0.6656609177589417], "cam_t_m2c": [-138.60263061523438, 105.27352142333984, 183.17689514160156], "obj_id": 0}, {"cam_R_m2c": [-0.5898784399032593, -0.7915790677070618, -0.15951745212078094, -0.4702938497066498, 0.49736714363098145, -0.7290058732032776, 0.6564045548439026, -0.35500484704971313, -0.6656609177589417], "cam_t_m2c": [-138.60263061523438, 105.27352142333984, 183.17689514160156], "obj_id": 3}, {"cam_R_m2c": [-0.5898784399032593, -0.7915790677070618, -0.15951745212078094, -0.4702938497066498, 0.49736714363098145, -0.7290058732032776, 0.6564045548439026, -0.35500484704971313, -0.6656609177589417], "cam_t_m2c": [-138.60263061523438, 105.27352142333984, 183.17689514160156], "obj_id": 1}, {"cam_R_m2c": [-0.5898784399032593, -0.7915790677070618, -0.15951745212078094, -0.4702938497066498, 0.49736714363098145, -0.7290058732032776, 0.6564045548439026, -0.35500484704971313, -0.6656609177589417], "cam_t_m2c": [-138.60263061523438, 105.27352142333984, 183.17689514160156], "obj_id": 2}, {"cam_R_m2c": [-0.5898784399032593, -0.7915790677070618, -0.15951745212078094, -0.4702938497066498, 0.49736714363098145, -0.7290058732032776, 0.6564045548439026, -0.35500484704971313, -0.6656609177589417], "cam_t_m2c": [-138.60263061523438, 105.27352142333984, 183.17689514160156], "obj_id": 3}, {"cam_R_m2c": [-0.5898784399032593, -0.7915790677070618, -0.15951745212078094, -0.4702938497066498, 0.49736714363098145, -0.7290058732032776, 0.6564045548439026, -0.35500484704971313, -0.6656609177589417], "cam_t_m2c": [-138.60263061523438, 105.27352142333984, 183.17689514160156], "obj_id": 0}, {"cam_R_m2c": [-0.5898784399032593, -0.7915790677070618, -0.15951745212078094, -0.4702938497066498, 0.49736714363098145, -0.7290058732032776, 0.6564045548439026, -0.35500484704971313, -0.6656609177589417], "cam_t_m2c": [-138.60263061523438, 105.27352142333984, 183.17689514160156], "obj_id": 1}, {"cam_R_m2c": [-0.5898784399032593, -0.7915790677070618, -0.15951745212078094, -0.4702938497066498, 0.49736714363098145, -0.7290058732032776, 0.6564045548439026, -0.35500484704971313, -0.6656609177589417], "cam_t_m2c": [-138.60263061523438, 105.27352142333984, 183.17689514160156], "obj_id": 1}, {"cam_R_m2c": [-0.5898784399032593, -0.7915790677070618, -0.15951745212078094, -0.4702938497066498, 0.49736714363098145, -0.7290058732032776, 0.6564045548439026, -0.35500484704971313, -0.6656609177589417], "cam_t_m2c": [-138.60263061523438, 105.27352142333984, 183.17689514160156], "obj_id": 0}, {"cam_R_m2c": [-0.5898784399032593, -0.7915790677070618, -0.15951745212078094, -0.4702938497066498, 0.49736714363098145, -0.7290058732032776, 0.6564045548439026, -0.35500484704971313, -0.6656609177589417], "cam_t_m2c": [-138.60263061523438, 105.27352142333984, 183.17689514160156], "obj_id": 0}, {"cam_R_m2c": [-0.5898784399032593, -0.7915790677070618, -0.15951745212078094, -0.4702938497066498, 0.49736714363098145, -0.7290058732032776, 0.6564045548439026, -0.35500484704971313, -0.6656609177589417], "cam_t_m2c": [-138.60263061523438, 105.27352142333984, 183.17689514160156], "obj_id": 3}, {"cam_R_m2c": [-0.5898784399032593, -0.7915790677070618, -0.15951745212078094, -0.4702938497066498, 0.49736714363098145, -0.7290058732032776, 0.6564045548439026, -0.35500484704971313, -0.6656609177589417], "cam_t_m2c": [-138.60263061523438, 105.27352142333984, 183.17689514160156], "obj_id": 3}, {"cam_R_m2c": [0.1389710158109665, 0.8858607411384583, -0.44264835119247437, -0.8224204182624817, -0.1457519680261612, -0.549891471862793, -0.5516442656517029, 0.44046202301979065, 0.7082949280738831], "cam_t_m2c": [-548.787353515625, 7.016955375671387, 399.85845947265625], "obj_id": 0}, {"cam_R_m2c": [-0.7093867063522339, -0.028881531208753586, 0.7042273283004761, -0.3842256963253021, -0.8217937350273132, -0.42074382305145264, 0.5908814072608948, -0.5690523982048035, 0.5718727707862854], "cam_t_m2c": [-153.84365844726562, 85.30728149414062, 186.12112426757812], "obj_id": 3}, {"cam_R_m2c": [-0.27910491824150085, 0.9417017102241516, -0.18787822127342224, 0.6801328659057617, 0.055745724588632584, -0.7309662699699402, -0.6778787970542908, -0.3317984640598297, -0.656041145324707], "cam_t_m2c": [-310.7934875488281, 102.35150146484375, 205.91546630859375], "obj_id": 3}, {"cam_R_m2c": [0.23036792874336243, 0.02861763723194599, 0.9726827144622803, -0.36329591274261475, 0.9298236966133118, 0.05868549272418022, -0.9027439951896667, -0.36689090728759766, 0.224598228931427], "cam_t_m2c": [4.6932525634765625, -30.498355865478516, 257.4525451660156], "obj_id": 3}, {"cam_R_m2c": [0.2037891149520874, -0.0428595133125782, -0.978076159954071, 0.9785136580467224, -0.02304345928132534, 0.2048899531364441, -0.03131982311606407, -0.9988152384757996, 0.03724268078804016], "cam_t_m2c": [1279.013427734375, 5646.81591796875, 5327.4462890625], "obj_id": 2}]
}