{
  "0": [{"cam_R_m2c": [-0.8037291765213013, 0.574513852596283, -0.15476718544960022, 0.3613215386867523, 0.2646178603172302, -0.8941051363945007, -0.472721666097641, -0.7745392918586731, -0.42026522755622864], "cam_t_m2c": [-78.01302337646484, -358.49444580078125, 778.9644165039062], "obj_id": 2}, {"cam_R_m2c": [0.9864571690559387, 0.16388101875782013, 0.006726713851094246, 0.046998318284749985, -0.32171550393104553, 0.9456691741943359, 0.15714131295681, -0.9325459599494934, -0.3250606954097748], "cam_t_m2c": [-23902.71484375, 31562.908203125, -15821.0068359375], "obj_id": 0}, {"cam_R_m2c": [0.4067196547985077, 0.8950697183609009, 0.18283694982528687, 0.5239011645317078, -0.39248281717300415, 0.7559661865234375, 0.7484027743339539, -0.21167781949043274, -0.6285585165023804], "cam_t_m2c": [-9408.5517578125, 83261.8515625, 2200.87939453125], "obj_id": 2}],
  "1": [{"cam_R_m2c": [-0.3381125330924988, -0.925874650478363, -0.16862978041172028, -0.7909737825393677, 0.37666603922843933, -0.48216512799263, 0.509941577911377, -0.02964434027671814, -0.8596980571746826], "cam_t_m2c": [-109.32319641113281, -221.73297119140625, 585.5988159179688], "obj_id": 2}, {"cam_R_m2c": [-0.09213563799858093, -0.8526363968849182, -0.5143169164657593, 0.9704695343971252, -0.19253163039684296, 0.14532795548439026, -0.2229342758655548, -0.4857390820980072, 0.8451969027519226], "cam_t_m2c": [-17174.080078125, -19208.818359375, 35376.7109375], "obj_id": 0}, {"cam_R_m2c": [0.5007824301719666, -0.3252186179161072, -0.8021531701087952, 0.7184240818023682, 0.6730691194534302, 0.1756267249584198, 0.4827874004840851, -0.6642369627952576, 0.5707061290740967], "cam_t_m2c": [-14672.7626953125, 12021.7333984375, 82558.09375], "obj_id": 2}]
}