{
  "0": [{"cam_R_m2c": [-0.14433516561985016, -0.987024188041687, -0.07035958766937256, -0.16488030552864075, -0.04612106457352638, 0.9852346181869507, -0.9756954908370972, 0.1538049727678299, -0.15608389675617218], "cam_t_m2c": [-40.70563888549805, -301.85186767578125, 1134.439453125], "obj_id": 2}, {"cam_R_m2c": [0.8240329623222351, -0.20326608419418335, -0.5288218855857849, -0.5578469038009644, -0.12820608913898468, -0.8199816346168518, 0.0988762304186821, 0.9706935286521912, -0.21903738379478455], "cam_t_m2c": [46.787906646728516, -9.431172370910645, 1102.611328125], "obj_id": 3}, {"cam_R_m2c": [-0.3640630841255188, 0.5136383175849915, -0.7769385576248169, -0.9207755327224731, -0.0730024203658104, 0.38320091366767883, 0.14010824263095856, 0.8548954129219055, 0.49952322244644165], "cam_t_m2c": [95.66991424560547, 43.92348861694336, 1084.4267578125], "obj_id": 3}, {"cam_R_m2c": [-0.4857260286808014, -0.6180781722068787, 0.6181015968322754, 0.708340585231781, -0.6926486492156982, -0.1359834223985672, 0.5121756196022034, 0.37177574634552, 0.7742473483085632], "cam_t_m2c": [-74.80330657958984, -125.17003631591797, 1186.8548583984375], "obj_id": 1}, {"cam_R_m2c": [-0.3831707239151001, -0.8857755661010742, 0.2618808448314667, 0.8866094946861267, -0.2731892764568329, 0.3732171654701233, -0.2590436339378357, 0.37519198656082153, 0.8900153636932373], "cam_t_m2c": [73.98129272460938, -272.5213928222656, 1195.0172119140625], "obj_id": 1}, {"cam_R_m2c": [0.5626427531242371, 0.8100721836090088, -0.16497357189655304, -0.8141852021217346, 0.5083878636360168, -0.2804358899593353, -0.14330273866653442, 0.2921042740345001, 0.9455894827842712], "cam_t_m2c": [-235.788818359375, -230.27052307128906, 1130.2633056640625], "obj_id": 3}, {"cam_R_m2c": [0.057188715785741806, -0.5243374705314636, 0.8495879173278809, 0.06709345430135727, -0.8470382690429688, -0.5272802710533142, 0.9961063265800476, 0.0871562510728836, -0.013261349871754646], "cam_t_m2c": [111.27432250976562, -15.679265975952148, 1116.7021484375], "obj_id": 1}],
  "1": [{"cam_R_m2c": [-0.14433516561985016, -0.987024188041687, -0.07035958766937256, -0.16488030552864075, -0.04612106457352638, 0.9852346181869507, -0.9756954908370972, 0.1538049727678299, -0.15608389675617218], "cam_t_m2c": [-40.70563888549805, -301.85186767578125, 1134.439453125], "obj_id": 2}, {"cam_R_m2c": [0.8240329623222351, -0.20326608419418335, -0.5288218855857849, -0.5578469038009644, -0.12820608913898468, -0.8199816346168518, 0.0988762304186821, 0.9706935286521912, -0.21903738379478455], "cam_t_m2c": [46.787906646728516, -9.431172370910645, 1102.611328125], "obj_id": 3}, {"cam_R_m2c": [-0.3640630841255188, 0.5136383175849915, -0.7769385576248169, -0.9207755327224731, -0.0730024203658104, 0.38320091366767883, 0.14010824263095856, 0.8548954129219055, 0.49952322244644165], "cam_t_m2c": [95.66991424560547, 43.92348861694336, 1084.4267578125], "obj_id": 3}, {"cam_R_m2c": [-0.4857260286808014, -0.6180781722068787, 0.6181015968322754, 0.708340585231781, -0.6926486492156982, -0.1359834223985672, 0.5121756196022034, 0.37177574634552, 0.7742473483085632], "cam_t_m2c": [-74.80330657958984, -125.17003631591797, 1186.8548583984375], "obj_id": 1}, {"cam_R_m2c": [-0.3831707239151001, -0.8857755661010742, 0.2618808448314667, 0.8866094946861267, -0.2731892764568329, 0.3732171654701233, -0.2590436339378357, 0.37519198656082153, 0.8900153636932373], "cam_t_m2c": [73.98129272460938, -272.5213928222656, 1195.0172119140625], "obj_id": 1}, {"cam_R_m2c": [0.5626427531242371, 0.8100721836090088, -0.16497357189655304, -0.8141852021217346, 0.5083878636360168, -0.2804358899593353, -0.14330273866653442, 0.2921042740345001, 0.9455894827842712], "cam_t_m2c": [-235.788818359375, -230.27052307128906, 1130.2633056640625], "obj_id": 3}, {"cam_R_m2c": [0.057188715785741806, -0.5243374705314636, 0.8495879173278809, 0.06709345430135727, -0.8470382690429688, -0.5272802710533142, 0.9961063265800476, 0.0871562510728836, -0.013261349871754646], "cam_t_m2c": [111.27432250976562, -15.679265975952148, 1116.7021484375], "obj_id": 1}],
  "2": [{"cam_R_m2c": [-0.14433516561985016, -0.987024188041687, -0.07035958766937256, -0.16488030552864075, -0.04612106457352638, 0.9852346181869507, -0.9756954908370972, 0.1538049727678299, -0.15608389675617218], "cam_t_m2c": [-40.70563888549805, -301.85186767578125, 1134.439453125], "obj_id": 2}, {"cam_R_m2c": [0.8240329623222351, -0.20326608419418335, -0.5288218855857849, -0.5578469038009644, -0.12820608913898468, -0.8199816346168518, 0.0988762304186821, 0.9706935286521912, -0.21903738379478455], "cam_t_m2c": [46.787906646728516, -9.431172370910645, 1102.611328125], "obj_id": 3}, {"cam_R_m2c": [-0.3640630841255188, 0.5136383175849915, -0.7769385576248169, -0.9207755327224731, -0.0730024203658104, 0.38320091366767883, 0.14010824263095856, 0.8548954129219055, 0.49952322244644165], "cam_t_m2c": [95.66991424560547, 43.92348861694336, 1084.4267578125], "obj_id": 3}, {"cam_R_m2c": [-0.4857260286808014, -0.6180781722068787, 0.6181015968322754, 0.708340585231781, -0.6926486492156982, -0.1359834223985672, 0.5121756196022034, 0.37177574634552, 0.7742473483085632], "cam_t_m2c": [-74.80330657958984, -125.17003631591797, 1186.8548583984375], "obj_id": 1}, {"cam_R_m2c": [-0.3831707239151001, -0.8857755661010742, 0.2618808448314667, 0.8866094946861267, -0.2731892764568329, 0.3732171654701233, -0.2590436339378357, 0.37519198656082153, 0.8900153636932373], "cam_t_m2c": [73.98129272460938, -272.5213928222656, 1195.0172119140625], "obj_id": 1}, {"cam_R_m2c": [0.5626427531242371, 0.8100721836090088, -0.16497357189655304, -0.8141852021217346, 0.5083878636360168, -0.2804358899593353, -0.14330273866653442, 0.2921042740345001, 0.9455894827842712], "cam_t_m2c": [-235.788818359375, -230.27052307128906, 1130.2633056640625], "obj_id": 3}, {"cam_R_m2c": [0.057188715785741806, -0.5243374705314636, 0.8495879173278809, 0.06709345430135727, -0.8470382690429688, -0.5272802710533142, 0.9961063265800476, 0.0871562510728836, -0.013261349871754646], "cam_t_m2c": [111.27432250976562, -15.679265975952148, 1116.7021484375], "obj_id": 1}],
  "3": [{"cam_R_m2c": [-0.14433516561985016, -0.987024188041687, -0.07035958766937256, -0.16488030552864075, -0.04612106457352638, 0.9852346181869507, -0.9756954908370972, 0.1538049727678299, -0.15608389675617218], "cam_t_m2c": [-40.70563888549805, -301.85186767578125, 1134.439453125], "obj_id": 2}, {"cam_R_m2c": [0.8240329623222351, -0.20326608419418335, -0.5288218855857849, -0.5578469038009644, -0.12820608913898468, -0.8199816346168518, 0.0988762304186821, 0.9706935286521912, -0.21903738379478455], "cam_t_m2c": [46.787906646728516, -9.431172370910645, 1102.611328125], "obj_id": 3}, {"cam_R_m2c": [-0.3640630841255188, 0.5136383175849915, -0.7769385576248169, -0.9207755327224731, -0.0730024203658104, 0.38320091366767883, 0.14010824263095856, 0.8548954129219055, 0.49952322244644165], "cam_t_m2c": [95.66991424560547, 43.92348861694336, 1084.4267578125], "obj_id": 3}, {"cam_R_m2c": [-0.4857260286808014, -0.6180781722068787, 0.6181015968322754, 0.708340585231781, -0.6926486492156982, -0.1359834223985672, 0.5121756196022034, 0.37177574634552, 0.7742473483085632], "cam_t_m2c": [-74.80330657958984, -125.17003631591797, 1186.8548583984375], "obj_id": 1}, {"cam_R_m2c": [-0.3831707239151001, -0.8857755661010742, 0.2618808448314667, 0.8866094946861267, -0.2731892764568329, 0.3732171654701233, -0.2590436339378357, 0.37519198656082153, 0.8900153636932373], "cam_t_m2c": [73.98129272460938, -272.5213928222656, 1195.0172119140625], "obj_id": 1}, {"cam_R_m2c": [0.5626427531242371, 0.8100721836090088, -0.16497357189655304, -0.8141852021217346, 0.5083878636360168, -0.2804358899593353, -0.14330273866653442, 0.2921042740345001, 0.9455894827842712], "cam_t_m2c": [-235.788818359375, -230.27052307128906, 1130.2633056640625], "obj_id": 3}, {"cam_R_m2c": [0.057188715785741806, -0.5243374705314636, 0.8495879173278809, 0.06709345430135727, -0.8470382690429688, -0.5272802710533142, 0.9961063265800476, 0.0871562510728836, -0.013261349871754646], "cam_t_m2c": [111.27432250976562, -15.679265975952148, 1116.7021484375], "obj_id": 1}],
  "4": [{"cam_R_m2c": [-0.14433516561985016, -0.987024188041687, -0.07035958766937256, -0.16488030552864075, -0.04612106457352638, 0.9852346181869507, -0.9756954908370972, 0.1538049727678299, -0.15608389675617218], "cam_t_m2c": [-40.70563888549805, -301.85186767578125, 1134.439453125], "obj_id": 2}, {"cam_R_m2c": [0.8240329623222351, -0.20326608419418335, -0.5288218855857849, -0.5578469038009644, -0.12820608913898468, -0.8199816346168518, 0.0988762304186821, 0.9706935286521912, -0.21903738379478455], "cam_t_m2c": [46.787906646728516, -9.431172370910645, 1102.611328125], "obj_id": 3}, {"cam_R_m2c": [-0.3640630841255188, 0.5136383175849915, -0.7769385576248169, -0.9207755327224731, -0.0730024203658104, 0.38320091366767883, 0.14010824263095856, 0.8548954129219055, 0.49952322244644165], "cam_t_m2c": [95.66991424560547, 43.92348861694336, 1084.4267578125], "obj_id": 3}, {"cam_R_m2c": [-0.4857260286808014, -0.6180781722068787, 0.6181015968322754, 0.708340585231781, -0.6926486492156982, -0.1359834223985672, 0.5121756196022034, 0.37177574634552, 0.7742473483085632], "cam_t_m2c": [-74.80330657958984, -125.17003631591797, 1186.8548583984375], "obj_id": 1}, {"cam_R_m2c": [-0.3831707239151001, -0.8857755661010742, 0.2618808448314667, 0.8866094946861267, -0.2731892764568329, 0.3732171654701233, -0.2590436339378357, 0.37519198656082153, 0.8900153636932373], "cam_t_m2c": [73.98129272460938, -272.5213928222656, 1195.0172119140625], "obj_id": 1}, {"cam_R_m2c": [0.5626427531242371, 0.8100721836090088, -0.16497357189655304, -0.8141852021217346, 0.5083878636360168, -0.2804358899593353, -0.14330273866653442, 0.2921042740345001, 0.9455894827842712], "cam_t_m2c": [-235.788818359375, -230.27052307128906, 1130.2633056640625], "obj_id": 3}, {"cam_R_m2c": [0.057188715785741806, -0.5243374705314636, 0.8495879173278809, 0.06709345430135727, -0.8470382690429688, -0.5272802710533142, 0.9961063265800476, 0.0871562510728836, -0.013261349871754646], "cam_t_m2c": [111.27432250976562, -15.679265975952148, 1116.7021484375], "obj_id": 1}]
}