{
  "0": [{"cam_R_m2c": [-0.473329097032547, 0.03537135198712349, 0.8801752924919128, 0.7252113819122314, -0.5515374541282654, 0.4121590554714203, 0.5000281929969788, 0.8333999514579773, 0.23540690541267395], "cam_t_m2c": [-17498.85546875, -2169.16552734375, 43066.84375], "obj_id": 1}, {"cam_R_m2c": [0.6724744439125061, -0.14033783972263336, -0.7266934514045715, 0.0840773954987526, 0.9899877905845642, -0.11338046938180923, 0.735329270362854, 0.015146970748901367, 0.6775407195091248], "cam_t_m2c": [-43.915000915527344, 148.7140655517578, 917.6768188476562], "obj_id": 1}, {"cam_R_m2c": [-0.40573927760124207, -0.8847628831863403, 0.22928157448768616, -0.805259644985199, 0.22737479209899902, -0.5475924015045166, 0.43235665559768677, -0.40681102871894836, -0.8047187328338623], "cam_t_m2c": [-15954.5087890625, -29847.470703125, -54343.328125], "obj_id": 1}, {"cam_R_m2c": [0.09040248394012451, 0.20490804314613342, -0.9745973348617554, 0.9893812537193298, 0.09335142374038696, 0.11140074580907822, 0.11380686610937119, -0.9743192791938782, -0.19429291784763336], "cam_t_m2c": [-17223.583984375, -2262.61767578125, 42961.46875], "obj_id": 2}],
  "1": [{"cam_R_m2c": [-0.562237560749054, 0.8035674095153809, -0.19536690413951874, 0.0998888909816742, 0.30050230026245117, 0.9485359787940979, 0.8209208250045776, 0.5137876272201538, -0.24922111630439758], "cam_t_m2c": [14332.4541015625, 7487.044921875, 43760.1328125], "obj_id": 1}, {"cam_R_m2c": [0.2560236155986786, -0.9341498613357544, 0.24862800538539886, 0.9468883275985718, 0.19058065116405487, -0.25900089740753174, 0.19456197321414948, 0.3017333149909973, 0.9333288073539734], "cam_t_m2c": [-125.78141784667969, 37.27416229248047, 1074.1806640625], "obj_id": 1}, {"cam_R_m2c": [0.8484399318695068, -0.4596136510372162, 0.26249760389328003, -0.33714208006858826, -0.8516014218330383, -0.40138566493988037, 0.4080256223678589, 0.2520526647567749, -0.8774877786636353], "cam_t_m2c": [6933.45703125, -50530.24609375, -38922.71875], "obj_id": 1}, {"cam_R_m2c": [-0.8715009689331055, -0.39560386538505554, -0.2897992730140686, 0.42624911665916443, -0.31888052821159363, -0.8465381860733032, 0.24248242378234863, -0.8612855076789856, 0.4465305209159851], "cam_t_m2c": [14417.0009765625, 7623.60302734375, 43495.80859375], "obj_id": 2}]
}