{
  "0": [{"cam_R_m2c": [0.8169511556625366, 0.5733336210250854, -0.06228455901145935, 0.38879087567329407, -0.6272994875907898, -0.6747865080833435, -0.4259488880634308, 0.5270519256591797, -0.7353799343109131], "cam_t_m2c": [129.640625, -215.32846069335938, 561.397216796875], "obj_id": 2}, {"cam_R_m2c": [0.8169511556625366, 0.5733336210250854, -0.06228455901145935, 0.38879087567329407, -0.6272994875907898, -0.6747865080833435, -0.4259488880634308, 0.5270519256591797, -0.7353799343109131], "cam_t_m2c": [129.640625, -215.32846069335938, 561.397216796875], "obj_id": 1}, {"cam_R_m2c": [0.8169511556625366, 0.5733336210250854, -0.06228455901145935, 0.38879087567329407, -0.6272994875907898, -0.6747865080833435, -0.4259488880634308, 0.5270519256591797, -0.7353799343109131], "cam_t_m2c": [129.640625, -215.32846069335938, 561.397216796875], "obj_id": 3}, {"cam_R_m2c": [0.8169511556625366, 0.5733336210250854, -0.06228455901145935, 0.38879087567329407, -0.6272994875907898, -0.6747865080833435, -0.4259488880634308, 0.5270519256591797, -0.7353799343109131], "cam_t_m2c": [129.640625, -215.32846069335938, 561.397216796875], "obj_id": 2}, {"cam_R_m2c": [0.8169511556625366, 0.5733336210250854, -0.06228455901145935, 0.38879087567329407, -0.6272994875907898, -0.6747865080833435, -0.4259488880634308, 0.5270519256591797, -0.7353799343109131], "cam_t_m2c": [129.640625, -215.32846069335938, 561.397216796875], "obj_id": 0}, {"cam_R_m2c": [0.8169511556625366, 0.5733336210250854, -0.06228455901145935, 0.38879087567329407, -0.6272994875907898, -0.6747865080833435, -0.4259488880634308, 0.5270519256591797, -0.7353799343109131], "cam_t_m2c": [129.640625, -215.32846069335938, 561.397216796875], "obj_id": 3}, {"cam_R_m2c": [0.8169511556625366, 0.5733336210250854, -0.06228455901145935, 0.38879087567329407, -0.6272994875907898, -0.6747865080833435, -0.4259488880634308, 0.5270519256591797, -0.7353799343109131], "cam_t_m2c": [129.640625, -215.32846069335938, 561.397216796875], "obj_id": 3}, {"cam_R_m2c": [0.8169511556625366, 0.5733336210250854, -0.06228455901145935, 0.38879087567329407, -0.6272994875907898, -0.6747865080833435, -0.4259488880634308, 0.5270519256591797, -0.7353799343109131], "cam_t_m2c": [129.640625, -215.32846069335938, 561.397216796875], "obj_id": 3}, {"cam_R_m2c": [0.8169511556625366, 0.5733336210250854, -0.06228455901145935, 0.38879087567329407, -0.6272994875907898, -0.6747865080833435, -0.4259488880634308, 0.5270519256591797, -0.7353799343109131], "cam_t_m2c": [129.640625, -215.32846069335938, 561.397216796875], "obj_id": 1}, {"cam_R_m2c": [0.8169511556625366, 0.5733336210250854, -0.06228455901145935, 0.38879087567329407, -0.6272994875907898, -0.6747865080833435, -0.4259488880634308, 0.5270519256591797, -0.7353799343109131], "cam_t_m2c": [129.640625, -215.32846069335938, 561.397216796875], "obj_id": 1}, {"cam_R_m2c": [0.8169511556625366, 0.5733336210250854, -0.06228455901145935, 0.38879087567329407, -0.6272994875907898, -0.6747865080833435, -0.4259488880634308, 0.5270519256591797, -0.7353799343109131], "cam_t_m2c": [129.640625, -215.32846069335938, 561.397216796875], "obj_id": 2}, {"cam_R_m2c": [0.8169511556625366, 0.5733336210250854, -0.06228455901145935, 0.38879087567329407, -0.6272994875907898, -0.6747865080833435, -0.4259488880634308, 0.5270519256591797, -0.7353799343109131], "cam_t_m2c": [129.640625, -215.32846069335938, 561.397216796875], "obj_id": 3}, {"cam_R_m2c": [0.8169511556625366, 0.5733336210250854, -0.06228455901145935, 0.38879087567329407, -0.6272994875907898, -0.6747865080833435, -0.4259488880634308, 0.5270519256591797, -0.7353799343109131], "cam_t_m2c": [129.640625, -215.32846069335938, 561.397216796875], "obj_id": 2}, {"cam_R_m2c": [0.8169511556625366, 0.5733336210250854, -0.06228455901145935, 0.38879087567329407, -0.6272994875907898, -0.6747865080833435, -0.4259488880634308, 0.5270519256591797, -0.7353799343109131], "cam_t_m2c": [129.640625, -215.32846069335938, 561.397216796875], "obj_id": 1}, {"cam_R_m2c": [0.8169511556625366, 0.5733336210250854, -0.06228455901145935, 0.38879087567329407, -0.6272994875907898, -0.6747865080833435, -0.4259488880634308, 0.5270519256591797, -0.7353799343109131], "cam_t_m2c": [129.640625, -215.32846069335938, 561.397216796875], "obj_id": 1}, {"cam_R_m2c": [0.8169511556625366, 0.5733336210250854, -0.06228455901145935, 0.38879087567329407, -0.6272994875907898, -0.6747865080833435, -0.4259488880634308, 0.5270519256591797, -0.7353799343109131], "cam_t_m2c": [129.640625, -215.32846069335938, 561.397216796875], "obj_id": 3}, {"cam_R_m2c": [0.8169511556625366, 0.5733336210250854, -0.06228455901145935, 0.38879087567329407, -0.6272994875907898, -0.6747865080833435, -0.4259488880634308, 0.5270519256591797, -0.7353799343109131], "cam_t_m2c": [129.640625, -215.32846069335938, 561.397216796875], "obj_id": 3}, {"cam_R_m2c": [0.8169511556625366, 0.5733336210250854, -0.06228455901145935, 0.38879087567329407, -0.6272994875907898, -0.6747865080833435, -0.4259488880634308, 0.5270519256591797, -0.7353799343109131], "cam_t_m2c": [129.640625, -215.32846069335938, 561.397216796875], "obj_id": 3}, {"cam_R_m2c": [0.8169511556625366, 0.5733336210250854, -0.06228455901145935, 0.38879087567329407, -0.6272994875907898, -0.6747865080833435, -0.4259488880634308, 0.5270519256591797, -0.7353799343109131], "cam_t_m2c": [129.640625, -215.32846069335938, 561.397216796875], "obj_id": 1}, {"cam_R_m2c": [0.8169511556625366, 0.5733336210250854, -0.06228455901145935, 0.38879087567329407, -0.6272994875907898, -0.6747865080833435, -0.4259488880634308, 0.5270519256591797, -0.7353799343109131], "cam_t_m2c": [129.640625, -215.32846069335938, 561.397216796875], "obj_id": 0}, {"cam_R_m2c": [0.8169511556625366, 0.5733336210250854, -0.06228455901145935, 0.38879087567329407, -0.6272994875907898, -0.6747865080833435, -0.4259488880634308, 0.5270519256591797, -0.7353799343109131], "cam_t_m2c": [129.640625, -215.32846069335938, 561.397216796875], "obj_id": 1}, {"cam_R_m2c": [0.8169511556625366, 0.5733336210250854, -0.06228455901145935, 0.38879087567329407, -0.6272994875907898, -0.6747865080833435, -0.4259488880634308, 0.5270519256591797, -0.7353799343109131], "cam_t_m2c": [129.640625, -215.32846069335938, 561.397216796875], "obj_id": 1}, {"cam_R_m2c": [0.8169511556625366, 0.5733336210250854, -0.06228455901145935, 0.38879087567329407, -0.6272994875907898, -0.6747865080833435, -0.4259488880634308, 0.5270519256591797, -0.7353799343109131], "cam_t_m2c": [129.640625, -215.32846069335938, 561.397216796875], "obj_id": 1}, {"cam_R_m2c": [0.8169511556625366, 0.5733336210250854, -0.06228455901145935, 0.38879087567329407, -0.6272994875907898, -0.6747865080833435, -0.4259488880634308, 0.5270519256591797, -0.7353799343109131], "cam_t_m2c": [129.640625, -215.32846069335938, 561.397216796875], "obj_id": 3}, {"cam_R_m2c": [0.06758546829223633, 0.33814573287963867, 0.9386637210845947, 0.6457986235618591, -0.7319660782814026, 0.21718598902225494, 0.7605105638504028, 0.5915091633796692, -0.2678442895412445], "cam_t_m2c": [1.9840565919876099, -216.1851806640625, 505.0034484863281], "obj_id": 0}, {"cam_R_m2c": [0.03890250623226166, -0.023517703637480736, -0.9989660978317261, -0.9564592838287354, -0.2902764081954956, -0.030413370579481125, -0.28926119208335876, 0.9566536545753479, -0.03378607705235481], "cam_t_m2c": [142.7066650390625, -312.36956787109375, 659.093017578125], "obj_id": 0}, {"cam_R_m2c": [-0.8175557851791382, -0.1950184553861618, 0.5418211817741394, -0.5294797420501709, -0.11533354222774506, -0.840445876121521, 0.22639264166355133, -0.973994791507721, -0.008966642431914806], "cam_t_m2c": [670.40576171875, 5278.30078125, 6306.6484375], "obj_id": 0}, {"cam_R_m2c": [0.2884558439254761, 0.9554288387298584, 0.0628410056233406, -0.5751835703849792, 0.22537630796432495, -0.7863646149635315, -0.7654783129692078, 0.19068634510040283, 0.6145581007003784], "cam_t_m2c": [88.74258422851562, -337.9732971191406, 609.4082641601562], "obj_id": 2}, {"cam_R_m2c": [0.9509425163269043, -0.2377157360315323, -0.1979888379573822, 0.3004927337169647, 0.5575444102287292, 0.7738528847694397, -0.07356946170330048, -0.7953838109970093, 0.6016245484352112], "cam_t_m2c": [216.2413330078125, -117.5409927368164, 396.3403015136719], "obj_id": 3}, {"cam_R_m2c": [0.9097328186035156, -0.31501102447509766, 0.27047044038772583, 0.3873533010482788, 0.8784661889076233, -0.27974027395248413, -0.14947786927223206, 0.3592565059661865, 0.9211900234222412], "cam_t_m2c": [226.24574279785156, -327.1371765136719, 587.8189086914062], "obj_id": 3}, {"cam_R_m2c": [-0.9253597855567932, -0.3648490607738495, -0.10292880237102509, 0.15439550578594208, -0.6106982231140137, 0.7766657471656799, -0.34622421860694885, 0.7028035521507263, 0.6214466691017151], "cam_t_m2c": [315.2345275878906, -245.27635192871094, 505.1661071777344], "obj_id": 3}, {"cam_R_m2c": [0.9775144457817078, -0.20858599245548248, 0.0309426411986351, 0.16587962210178375, 0.8512338995933533, 0.49788033962249756, -0.13019028306007385, -0.48155245184898376, 0.8666935563087463], "cam_t_m2c": [110.41779327392578, -26.74089813232422, 416.7820129394531], "obj_id": 1}]
}