{
  "0": [{"cam_R_m2c": [0.05223400145769119, -0.9187828302383423, 0.3912923038005829, 0.3519093990325928, -0.34975773096084595, -0.8682333827018738, 0.9345754981040955, 0.183050736784935, 0.3050591051578522], "cam_t_m2c": [-139.3128662109375, -39.72475814819336, 343.4133605957031], "obj_id": 1}, {"cam_R_m2c": [-0.10666488856077194, 0.9605752229690552, 0.2567445635795593, -0.10157094895839691, 0.24634018540382385, -0.9638463854789734, -0.9890934824943542, -0.1288863867521286, 0.07129071652889252], "cam_t_m2c": [-232.46705627441406, -76.80451965332031, 300.7972717285156], "obj_id": 1}, {"cam_R_m2c": [-0.5756303668022156, 0.15056383609771729, 0.8037287592887878, -0.7245913743972778, -0.5494465231895447, -0.41602352261543274, 0.3789679706096649, -0.8218508362770081, 0.4253755807876587], "cam_t_m2c": [-86.6962661743164, 19.685077667236328, 309.9414978027344], "obj_id": 3}, {"cam_R_m2c": [-0.13949978351593018, 0.817015528678894, 0.5594868659973145, 0.8774142265319824, 0.3638896346092224, -0.31261587142944336, -0.4590035080909729, 0.44729188084602356, -0.7676235437393188], "cam_t_m2c": [-307.81658935546875, -85.73169708251953, 352.10858154296875], "obj_id": 3}, {"cam_R_m2c": [0.27521446347236633, 0.7919602990150452, 0.5450282692909241, -0.27942219376564026, 0.6083410978317261, -0.7428622841835022, -0.9198805689811707, 0.05215342342853546, 0.38871556520462036], "cam_t_m2c": [-202.64498901367188, 5.462932586669922, 342.3933410644531], "obj_id": 0}, {"cam_R_m2c": [0.026298068463802338, 0.10378068685531616, -0.9942525029182434, 0.6658114790916443, 0.7400653958320618, 0.09485925734043121, 0.7456563711166382, -0.6644793152809143, -0.04963608458638191], "cam_t_m2c": [-242.75164794921875, 306.0030517578125, 114.6030502319336], "obj_id": 0}, {"cam_R_m2c": [0.2619993984699249, -0.9588988423347473, -0.10894591361284256, 0.9624974131584167, 0.25139716267585754, 0.10197067260742188, -0.07039088755846024, -0.13157641887664795, 0.9888036847114563], "cam_t_m2c": [-127.1727066040039, 186.88330078125, 270.5099182128906], "obj_id": 1}, {"cam_R_m2c": [0.9812188148498535, -0.1592836230993271, -0.10880434513092041, -0.17085517942905426, -0.45580944418907166, -0.8735252022743225, 0.08954420685768127, 0.8757091164588928, -0.47446322441101074], "cam_t_m2c": [-72.20722961425781, 309.5907897949219, 145.265380859375], "obj_id": 3}, {"cam_R_m2c": [0.12723809480667114, 0.5021430253982544, -0.8553728461265564, 0.6355863809585571, 0.6207845211029053, 0.4589732885360718, 0.7614724040031433, -0.6020622253417969, -0.24016781151294708], "cam_t_m2c": [-83.42816925048828, 87.20061492919922, 229.0941162109375], "obj_id": 0}, {"cam_R_m2c": [0.922987699508667, -0.031711116433143616, -0.3835206627845764, 0.20385697484016418, 0.8855696320533752, 0.4173831641674042, 0.3263985812664032, -0.46342289447784424, 0.8238344192504883], "cam_t_m2c": [-310.907958984375, 72.9722671508789, 330.1150817871094], "obj_id": 1}, {"cam_R_m2c": [8.766234600443568e-07, -0.7645933628082275, 0.644512951374054, 0.4636266827583313, -0.571057915687561, -0.6774533987045288, 0.8860306143760681, 0.29881399869918823, 0.354485422372818], "cam_t_m2c": [-155.9599151611328, -8.269452095031738, 352.20111083984375], "obj_id": 2}, {"cam_R_m2c": [0.9319043159484863, 0.3418561518192291, -0.12119697034358978, -0.3212854564189911, 0.933101236820221, 0.16154779493808746, 0.16831515729427338, -0.11160825937986374, 0.9793944954872131], "cam_t_m2c": [-271.00537109375, 193.75634765625, 183.09657287597656], "obj_id": 3}, {"cam_R_m2c": [0.1656305193901062, 0.6536473631858826, -0.7384521961212158, 0.6101403832435608, 0.5203624367713928, 0.597454309463501, 0.7747872471809387, -0.5495161414146423, -0.31262877583503723], "cam_t_m2c": [-77.41033935546875, 110.77336120605469, 216.7598876953125], "obj_id": 0}, {"cam_R_m2c": [-0.0007686032331548631, -0.9032366871833801, -0.4291419982910156, -0.8861324787139893, 0.1994931697845459, -0.41829609870910645, 0.4634312689304352, 0.3799551725387573, -0.8005407452583313], "cam_t_m2c": [-459.124267578125, 223.6145477294922, 193.9360809326172], "obj_id": 3}, {"cam_R_m2c": [0.06263718754053116, 0.18024525046348572, 0.9816252589225769, -0.15244096517562866, 0.9737436771392822, -0.16907083988189697, -0.9863256216049194, -0.13904978334903717, 0.08846933394670486], "cam_t_m2c": [135.88504028320312, 118.05868530273438, 283.4757080078125], "obj_id": 0}, {"cam_R_m2c": [-0.08944803476333618, 0.9891796708106995, -0.11628706008195877, 0.9019261002540588, 0.12997683882713318, 0.4118681252002716, 0.42252618074417114, -0.06804154068231583, -0.9037930965423584], "cam_t_m2c": [-80.34378051757812, 197.17201232910156, 187.0211181640625], "obj_id": 1}, {"cam_R_m2c": [-0.5414544939994812, -0.37110796570777893, 0.7543911337852478, -0.669826865196228, 0.7327039241790771, -0.1203201413154602, -0.5080935955047607, -0.5704593062400818, -0.6453039646148682], "cam_t_m2c": [39.3161506652832, 3754.999755859375, 7375.67236328125], "obj_id": 1}, {"cam_R_m2c": [0.31758058071136475, 0.9138731360435486, 0.2529395520687103, -0.3643745481967926, 0.3638824224472046, -0.8572168350219727, -0.8754277229309082, 0.1800706535577774, 0.4485541582107544], "cam_t_m2c": [-93.07102966308594, -191.07022094726562, 445.2329406738281], "obj_id": 0}, {"cam_R_m2c": [-0.11346741765737534, 0.9365097284317017, -0.3317749500274658, 0.8803665041923523, -0.0600113719701767, -0.47048214077949524, -0.460521399974823, -0.3454679548740387, -0.8176624178886414], "cam_t_m2c": [-281.823974609375, -46.69955062866211, 349.9707946777344], "obj_id": 3}, {"cam_R_m2c": [0.27641624212265015, -0.9373752474784851, -0.21194687485694885, 0.9411938786506653, 0.30862870812416077, -0.137485533952713, 0.194288432598114, -0.1614799052476883, 0.9675620198249817], "cam_t_m2c": [-380.2832336425781, 243.49514770507812, 238.9973602294922], "obj_id": 1}, {"cam_R_m2c": [2.0097149899811484e-06, 0.9209946990013123, -0.3895750939846039, 0.46362224221229553, 0.34517553448677063, 0.8160319924354553, 0.8860329389572144, -0.1806173026561737, -0.42699292302131653], "cam_t_m2c": [-92.65169525146484, -10.13980770111084, 353.1859130859375], "obj_id": 2}, {"cam_R_m2c": [-0.32559219002723694, -0.529151439666748, 0.7835740447044373, 0.6080672740936279, -0.7518059015274048, -0.2550329864025116, 0.7240467667579651, 0.3934289515018463, 0.5665420293807983], "cam_t_m2c": [-172.2875213623047, 12.525816917419434, 344.0900573730469], "obj_id": 1}, {"cam_R_m2c": [-0.9757028818130493, 0.2189820408821106, -0.007125567644834518, 0.19404403865337372, 0.8485720157623291, -0.49221178889274597, -0.10173898190259933, -0.48163512349128723, -0.8704463243484497], "cam_t_m2c": [-233.3394775390625, -6.80998420715332, 324.4601135253906], "obj_id": 3}, {"cam_R_m2c": [-0.28366953134536743, -0.9569383859634399, -0.061647769063711166, -0.5106500387191772, 0.09633391350507736, 0.8543747663497925, -0.8116452693939209, 0.2738405764102936, -0.5159876346588135], "cam_t_m2c": [-289.83111572265625, 91.09099578857422, 210.48451232910156], "obj_id": 2}, {"cam_R_m2c": [0.9044339060783386, 0.03722419589757919, -0.42498674988746643, -0.2927491068840027, 0.7787774801254272, -0.5548005104064941, 0.31031808257102966, 0.6261948943138123, 0.7152500748634338], "cam_t_m2c": [-57.77004623413086, 66.21442413330078, 223.50161743164062], "obj_id": 3}, {"cam_R_m2c": [-0.9545315504074097, 0.22858932614326477, 0.19135473668575287, -0.16906693577766418, -0.9437798261642456, 0.2840706408023834, 0.24553222954273224, 0.23880261182785034, 0.9395143389701843], "cam_t_m2c": [17.276466369628906, 17.964208602905273, 248.7493896484375], "obj_id": 3}, {"cam_R_m2c": [-0.21761400997638702, 0.8227310180664062, 0.5251262187957764, 0.14925183355808258, -0.5036421418190002, 0.8509219288825989, 0.9645557403564453, 0.26354873180389404, -0.01319433469325304], "cam_t_m2c": [57.12404251098633, 175.71353149414062, 258.65167236328125], "obj_id": 1}, {"cam_R_m2c": [0.9969134330749512, 0.014593211933970451, 0.07714056968688965, -0.0695645734667778, -0.2912707030773163, 0.954107940196991, 0.036392293870449066, -0.9565292596817017, -0.2893564999103546], "cam_t_m2c": [-269.0561218261719, 220.72853088378906, 204.70103454589844], "obj_id": 3}, {"cam_R_m2c": [-0.25629788637161255, -0.9174456596374512, -0.3043104112148285, -0.5702832341194153, -0.1106700450181961, 0.8139589428901672, -0.780441164970398, 0.38215911388397217, -0.4948393702507019], "cam_t_m2c": [-104.60321807861328, 235.8691864013672, 134.72682189941406], "obj_id": 2}, {"cam_R_m2c": [0.7845736742019653, 0.5243048071861267, -0.3309812843799591, -0.24782773852348328, 0.7544910907745361, 0.6077207922935486, 0.5683533549308777, -0.3947754204273224, 0.7218911647796631], "cam_t_m2c": [-45.210838317871094, 213.48175048828125, 256.60015869140625], "obj_id": 1}, {"cam_R_m2c": [2.008782075790805e-06, 0.9959594011306763, -0.08980468660593033, 0.4636222720146179, 0.0795690044760704, 0.8824529051780701, 0.8860329389572144, -0.04163721203804016, -0.46174877882003784], "cam_t_m2c": [-45.5565185546875, 43.477439880371094, 325.1297302246094], "obj_id": 2}, {"cam_R_m2c": [-0.012205786071717739, 0.6927460432052612, -0.7210783362388611, 0.989662230014801, 0.11142481863498688, 0.09029460698366165, 0.14289724826812744, -0.7125219106674194, -0.6869446039199829], "cam_t_m2c": [-307.7751159667969, 3814.647705078125, 7205.09033203125], "obj_id": 2}, {"cam_R_m2c": [0.020068291574716568, -0.43267008662223816, 0.9013289213180542, -0.677818238735199, 0.6568158268928528, 0.33038681745529175, -0.7349555492401123, -0.6175674796104431, -0.2800905108451843], "cam_t_m2c": [-252.7028350830078, 3975.37744140625, 7621.6748046875], "obj_id": 2}],
  "1": [{"cam_R_m2c": [-0.7030121684074402, -0.08885974436998367, 0.7056044936180115, 0.45140111446380615, 0.7109300494194031, 0.5392731428146362, -0.5495551228523254, 0.6976262927055359, -0.45968109369277954], "cam_t_m2c": [-44.640079498291016, 32.606510162353516, 204.06202697753906], "obj_id": 3}, {"cam_R_m2c": [-0.05868510901927948, -0.15493673086166382, 0.9861798286437988, 0.5009291768074036, -0.8590759634971619, -0.10515864938497543, 0.8634963631629944, 0.48783499002456665, 0.12802734971046448], "cam_t_m2c": [120.68316650390625, -119.25099182128906, 352.94927978515625], "obj_id": 0}, {"cam_R_m2c": [-0.07564215362071991, -0.21971377730369568, 0.9726272821426392, 0.5297154784202576, -0.8352539539337158, -0.14748500287532806, 0.8447955250740051, 0.5040596723556519, 0.17956648766994476], "cam_t_m2c": [130.05575561523438, -77.31167602539062, 407.7951965332031], "obj_id": 2}, {"cam_R_m2c": [0.8359259963035583, 0.5441874861717224, 0.07132823765277863, 0.3483504056930542, -0.4256342351436615, -0.835157036781311, -0.42412230372428894, 0.7229766845703125, -0.545366644859314], "cam_t_m2c": [-104.23389434814453, 93.07512664794922, 176.33457946777344], "obj_id": 3}, {"cam_R_m2c": [0.10261902213096619, 0.4049755930900574, -0.9085505604743958, 0.8907132148742676, 0.36920592188835144, 0.2651734948158264, 0.44283103942871094, -0.836469829082489, -0.32282954454421997], "cam_t_m2c": [-14.082825660705566, 7.6343865394592285, 220.2577362060547], "obj_id": 0}, {"cam_R_m2c": [0.39510589838027954, 0.7605947256088257, -0.515157163143158, 0.3193589746952057, 0.4120810329914093, 0.8533457517623901, 0.8613367676734924, -0.5016819834709167, -0.0800871029496193], "cam_t_m2c": [66.90550994873047, -53.957557678222656, 414.77392578125], "obj_id": 1}, {"cam_R_m2c": [0.22273629903793335, 0.6409482359886169, 0.7345569133758545, -0.576871931552887, 0.6940626502037048, -0.43069222569465637, -0.7858799695968628, -0.3278144896030426, 0.5243380069732666], "cam_t_m2c": [117.22160339355469, 35.41133499145508, 284.8921813964844], "obj_id": 0}, {"cam_R_m2c": [-8.668844202475157e-06, 0.12936456501483917, -0.9915969967842102, 0.7727370262145996, 0.6293936371803284, 0.08210437744855881, 0.6347261667251587, -0.766243040561676, -0.09997022151947021], "cam_t_m2c": [-154.9006805419922, 136.57618713378906, 165.38771057128906], "obj_id": 2}, {"cam_R_m2c": [-0.9447145462036133, -0.2017778605222702, -0.2584567666053772, 0.20830757915973663, -0.9780608415603638, 0.002166047226637602, -0.2532235383987427, -0.0517922081053257, 0.966020405292511], "cam_t_m2c": [-71.17997741699219, 38.70829391479492, 231.78152465820312], "obj_id": 3}, {"cam_R_m2c": [0.9962915182113647, -0.07804588973522186, -0.036222465336322784, -0.05467521771788597, -0.2491949051618576, -0.9669087529182434, 0.06643679738044739, 0.9653034210205078, -0.25253793597221375], "cam_t_m2c": [-107.09101867675781, 127.73123168945312, 124.91934204101562], "obj_id": 3}, {"cam_R_m2c": [0.5744539499282837, -0.3348795473575592, -0.7468991279602051, 0.7421039938926697, 0.598089337348938, 0.3026066720485687, 0.34537559747695923, -0.7281104326248169, 0.5920902490615845], "cam_t_m2c": [-247.8925323486328, -59.01778030395508, 420.99468994140625], "obj_id": 1}, {"cam_R_m2c": [-0.19541747868061066, -0.7711984515190125, 0.6058588624000549, 0.6546035408973694, -0.5625818371772766, -0.5049711465835571, 0.7302781939506531, 0.2979171872138977, 0.6147675514221191], "cam_t_m2c": [-138.47593688964844, 110.62940216064453, 94.86819458007812], "obj_id": 0}, {"cam_R_m2c": [-0.2674257755279541, -0.9217902421951294, -0.28068873286247253, 0.7917742133140564, -0.04419846087694168, -0.6092126369476318, 0.5491602420806885, -0.38516131043434143, 0.7416695952415466], "cam_t_m2c": [-116.05087280273438, -35.18758010864258, 359.4581604003906], "obj_id": 2}, {"cam_R_m2c": [-0.006960080470889807, -0.020028188824653625, 0.9997751712799072, -0.5216130614280701, 0.8530760407447815, 0.013458122499287128, -0.8531537652015686, -0.52140212059021, -0.016384441405534744], "cam_t_m2c": [150.46658325195312, 35.067955017089844, 285.31005859375], "obj_id": 0}, {"cam_R_m2c": [-0.03645690530538559, -0.10490874201059341, -0.9938132762908936, -0.9369815587997437, -0.34219270944595337, 0.07049467414617538, -0.34747129678726196, 0.9337548017501831, -0.08582215756177902], "cam_t_m2c": [-14.223493576049805, 229.91998291015625, 48.09132385253906], "obj_id": 0}, {"cam_R_m2c": [0.4321865141391754, 0.9013346433639526, -0.02847212739288807, -0.5724334120750427, 0.2986023724079132, 0.7636469006538391, 0.6968032717704773, -0.31373947858810425, 0.645006000995636], "cam_t_m2c": [-121.21978759765625, -101.158203125, 372.866455078125], "obj_id": 3}, {"cam_R_m2c": [0.8731894493103027, -0.4681449830532074, -0.13557466864585876, -0.30921605229377747, -0.31710851192474365, -0.8965643048286438, 0.37673020362854004, 0.8247923254966736, -0.42165374755859375], "cam_t_m2c": [-152.2743377685547, -5.728592395782471, 292.1505126953125], "obj_id": 3}, {"cam_R_m2c": [-0.32319965958595276, -0.9300429821014404, 0.17482003569602966, -0.6934943795204163, 0.35846877098083496, 0.6249525547027588, -0.6439002752304077, 0.08074774593114853, -0.7608365416526794], "cam_t_m2c": [22.703624725341797, -13.210630416870117, 344.0859375], "obj_id": 0}, {"cam_R_m2c": [-0.331228107213974, -0.75946044921875, 0.5599174499511719, -0.6320368647575378, 0.619193971157074, 0.4659702181816101, -0.7005834579467773, -0.19954600930213928, -0.6851014494895935], "cam_t_m2c": [131.51712036132812, 6275.10400390625, 5278.82080078125], "obj_id": 2}, {"cam_R_m2c": [0.146085724234581, -0.9238789081573486, 0.3537040054798126, 0.49042245745658875, -0.24287915229797363, -0.8369559645652771, 0.8591534495353699, 0.29573166370391846, 0.41760993003845215], "cam_t_m2c": [-81.25283813476562, 36.157527923583984, 230.0397186279297], "obj_id": 1}, {"cam_R_m2c": [-1.1170427569595631e-06, 0.2403663992881775, 0.9706822633743286, 0.7727364301681519, -0.6161180734634399, 0.15256787836551666, 0.6347270607948303, 0.7500816583633423, -0.1857391893863678], "cam_t_m2c": [-12.256900787353516, -33.9531364440918, 373.0018615722656], "obj_id": 2}, {"cam_R_m2c": [-3.8643370317004155e-06, -0.9974705576896667, 0.07108062505722046, 0.7727366089820862, -0.045119743794202805, -0.6331210136413574, 0.6347267031669617, 0.0549241341650486, 0.7707822918891907], "cam_t_m2c": [-50.16963195800781, 148.5080108642578, 150.86756896972656], "obj_id": 2}, {"cam_R_m2c": [0.0009487117058597505, 0.07608634233474731, -0.9971007108688354, -0.777606725692749, -0.626871645450592, -0.048574890941381454, -0.6287501454353333, 0.7753983736038208, 0.05857061594724655], "cam_t_m2c": [-136.62355041503906, 6104.1669921875, 5505.99609375], "obj_id": 2}, {"cam_R_m2c": [-0.9968422055244446, -0.07937951385974884, 0.002124155405908823, 0.05039779469370842, -0.6117671132087708, 0.7894308567047119, -0.06136514991521835, 0.7870450615882874, 0.6138358116149902], "cam_t_m2c": [-134.3620147705078, 80.38900756835938, 151.96665954589844], "obj_id": 3}, {"cam_R_m2c": [0.5640931129455566, -0.09915309399366379, -0.8197363018989563, -0.6108559966087341, -0.718076765537262, -0.33349764347076416, -0.5555663108825684, 0.688864529132843, -0.465630441904068], "cam_t_m2c": [-69.7580337524414, 6098.22119140625, 5469.51904296875], "obj_id": 1}, {"cam_R_m2c": [-0.13839580118656158, -0.39824995398521423, -0.9067763686180115, -0.9188472032546997, -0.29000920057296753, 0.26760831475257874, -0.36954858899116516, 0.8702248930931091, -0.32579469680786133], "cam_t_m2c": [-124.56231689453125, 88.51387786865234, 220.24334716796875], "obj_id": 0}, {"cam_R_m2c": [-0.9985283017158508, -0.05201844871044159, -0.015331205911934376, 0.03436141088604927, -0.8255875110626221, 0.5632266402244568, -0.041955433785915375, 0.5618710517883301, 0.826160192489624], "cam_t_m2c": [-236.55239868164062, -36.434120178222656, 302.93328857421875], "obj_id": 3}, {"cam_R_m2c": [-0.6506710648536682, -0.6000092029571533, -0.4654202461242676, -0.05389992520213127, 0.6478587985038757, -0.7598511576652527, 0.7574443221092224, -0.46932709217071533, -0.45388340950012207], "cam_t_m2c": [13.946148872375488, 6170.65673828125, 5498.341796875], "obj_id": 1}, {"cam_R_m2c": [0.998328447341919, -0.05441812798380852, 0.019466135650873184, -0.03666836395859718, -0.8567296266555786, -0.5144604444503784, 0.044673193246126175, 0.5128867030143738, -0.8572930097579956], "cam_t_m2c": [-150.10421752929688, 23.763999938964844, 271.6024475097656], "obj_id": 3}, {"cam_R_m2c": [0.13170050084590912, 0.2802310883998871, -0.9508550763130188, -0.23183684051036835, -0.9239009618759155, -0.30439844727516174, -0.9637979865074158, 0.2605326473712921, -0.056710198521614075], "cam_t_m2c": [-215.5924072265625, 6222.08837890625, 5246.27783203125], "obj_id": 0}, {"cam_R_m2c": [0.5806134939193726, 0.6131337881088257, -0.5356817245483398, -0.12674425542354584, -0.5818535685539246, -0.8033567667007446, -0.8042535781860352, 0.5343343019485474, -0.26012077927589417], "cam_t_m2c": [136.65725708007812, -87.8375244140625, 294.75927734375], "obj_id": 1}, {"cam_R_m2c": [0.1711188107728958, 0.9033030271530151, 0.39339789748191833, -0.315006822347641, 0.42848917841911316, -0.846857488155365, -0.9335357546806335, 0.02099018730223179, 0.3578692376613617], "cam_t_m2c": [143.51126098632812, 6148.2900390625, 5281.62255859375], "obj_id": 2}, {"cam_R_m2c": [0.7020172476768494, 0.6794623136520386, 0.21331369876861572, -0.45201224088668823, 0.19365346431732178, 0.8707371354103088, 0.5503242015838623, -0.7076928615570068, 0.4430733919143677], "cam_t_m2c": [69.16242980957031, 20.043701171875, 229.27737426757812], "obj_id": 3}, {"cam_R_m2c": [-0.8583233952522278, 0.5018115043640137, -0.10707937180995941, -0.11797113716602325, 0.010100922547280788, 0.992965579032898, 0.49936315417289734, 0.8649179935455322, 0.05052949860692024], "cam_t_m2c": [44.714500427246094, 6575.74365234375, 5749.16162109375], "obj_id": 0}, {"cam_R_m2c": [0.12336492538452148, 0.32087165117263794, 0.9390539526939392, 0.7926725149154663, -0.6011750102043152, 0.10128501802682877, 0.5970353484153748, 0.7318673133850098, -0.32850998640060425], "cam_t_m2c": [55.95953369140625, 23.175661087036133, 268.362060546875], "obj_id": 1}, {"cam_R_m2c": [-0.7775841951370239, -0.3991071581840515, 0.48587650060653687, -0.6287166476249695, 0.4826672673225403, -0.6097110509872437, 0.00882340595126152, -0.7795804738998413, -0.6262397170066833], "cam_t_m2c": [-78.05361938476562, -73.12006378173828, 274.8402404785156], "obj_id": 1}, {"cam_R_m2c": [0.9652087092399597, 0.20865751802921295, -0.15758879482746124, 0.04301239550113678, -0.7211664915084839, -0.6914252638816833, -0.2579188346862793, 0.6605914235115051, -0.705051064491272], "cam_t_m2c": [-74.04631805419922, -55.484092712402344, 256.0450744628906], "obj_id": 1}, {"cam_R_m2c": [-8.977769539342262e-06, 0.5263359546661377, 0.8502767086029053, 0.7727370858192444, -0.539689302444458, 0.3340851366519928, 0.6347262263298035, 0.6570433378219604, -0.40671446919441223], "cam_t_m2c": [78.96895599365234, 18.769071578979492, 308.8205871582031], "obj_id": 2}, {"cam_R_m2c": [-0.9996422529220581, 0.015455398708581924, -0.021829169243574142, -0.016916325315833092, 0.266841322183609, 0.963591992855072, 0.020717622712254524, 0.9636165499687195, -0.26648443937301636], "cam_t_m2c": [-116.4579849243164, -82.4188003540039, 338.8990783691406], "obj_id": 3}, {"cam_R_m2c": [0.9062000513076782, -0.17309562861919403, -0.38579705357551575, -0.15985947847366333, -0.9849036931991577, 0.06640250235795975, -0.39146697521209717, 0.001499367761425674, -0.9201907515525818], "cam_t_m2c": [-198.21238708496094, 6109.47900390625, 5293.60498046875], "obj_id": 2}, {"cam_R_m2c": [0.4625054597854614, 0.7797476053237915, -0.4219980537891388, 0.5624074339866638, -0.6259685158729553, -0.5402417778968811, -0.6854097247123718, 0.012529900297522545, -0.7280496954917908], "cam_t_m2c": [151.364013671875, -21.089750289916992, 328.4686584472656], "obj_id": 3}, {"cam_R_m2c": [-0.087685227394104, -0.6507264971733093, -0.7542321681976318, -0.9435480237007141, -0.18852722644805908, 0.2723498046398163, -0.31941860914230347, 0.7355354428291321, -0.5974605679512024], "cam_t_m2c": [-392.2378845214844, 154.38853454589844, 48.994651794433594], "obj_id": 0}, {"cam_R_m2c": [0.09081927686929703, 0.4489366114139557, -0.8889361619949341, -0.8449700474739075, -0.43766874074935913, -0.30736181139945984, -0.5270457863807678, 0.7790388464927673, 0.3395894765853882], "cam_t_m2c": [-36.188655853271484, -153.39883422851562, 421.3583679199219], "obj_id": 2}]
}