{
  "0": [{"cam_R_m2c": [0.71414715051651, -0.10880552232265472, 0.6914876103401184, 0.29124119877815247, 0.944469153881073, -0.15217280387878418, -0.6365314722061157, 0.3100634813308716, 0.7061786651611328], "cam_t_m2c": [2593.386962890625, -11027.5, 2793.665771484375], "obj_id": 3}, {"cam_R_m2c": [0.5787003636360168, 0.6426581740379333, 0.5020918846130371, 0.7201460003852844, -0.11374523490667343, -0.684435248374939, -0.3827473521232605, 0.7576624155044556, -0.5286321640014648], "cam_t_m2c": [-244.24888610839844, 80.76274108886719, 399.3170471191406], "obj_id": 1}, {"cam_R_m2c": [0.3866894245147705, -0.6858386993408203, -0.6165197491645813, -0.859699010848999, -0.5100244879722595, 0.02815479040145874, -0.33374980092048645, 0.5191342234611511, -0.7868359088897705], "cam_t_m2c": [-353.23114013671875, -40.3204345703125, 532.3329467773438], "obj_id": 0}, {"cam_R_m2c": [-0.8000531196594238, -0.28744426369667053, -0.5265841484069824, -0.5905253887176514, 0.5321230888366699, 0.6067329049110413, 0.10580570250749588, 0.796379804611206, -0.5954698920249939], "cam_t_m2c": [-128.07623291015625, 52.906700134277344, 618.2573852539062], "obj_id": 1}],
  "1": [{"cam_R_m2c": [-0.7983729839324951, 0.03294595703482628, 0.6012614369392395, 0.2478657066822052, 0.9279683232307434, 0.278275728225708, -0.548783540725708, 0.3711998760700226, -0.7490310072898865], "cam_t_m2c": [4665.40966796875, -8659.0302734375, -4918.2890625], "obj_id": 3}, {"cam_R_m2c": [-0.6632819175720215, 0.6462692618370056, -0.3773499131202698, 0.6830624938011169, 0.3168005049228668, -0.658075213432312, -0.30574917793273926, -0.6942430138587952, -0.6515703201293945], "cam_t_m2c": [-397.80926513671875, -135.67710876464844, 1317.8656005859375], "obj_id": 1}, {"cam_R_m2c": [-0.1240101158618927, 0.7472760677337646, -0.6528398990631104, -0.7842725515365601, -0.47687092423439026, -0.3968760073184967, -0.6078963279724121, 0.46278777718544006, 0.6452049612998962], "cam_t_m2c": [-219.70701599121094, -231.17958068847656, 1375.904052734375], "obj_id": 0}, {"cam_R_m2c": [0.3991278409957886, 0.6405395269393921, -0.656053364276886, -0.7154285311698914, 0.6650747060775757, 0.21409721672534943, 0.5734622478485107, 0.38390716910362244, 0.7237101197242737], "cam_t_m2c": [-201.52059936523438, -58.042781829833984, 1184.80322265625], "obj_id": 1}]
}