{
  "0": [{"cam_R_m2c": [0.37428247928619385, -0.8539182543754578, 0.3615746796131134, -0.05219056084752083, -0.4086955785751343, -0.9111772179603577, 0.9258448481559753, 0.3221668601036072, -0.19753402471542358], "cam_t_m2c": [71.60089874267578, 26.048620223999023, 271.351806640625], "obj_id": 1}, {"cam_R_m2c": [0.37428247928619385, -0.8539182543754578, 0.3615746796131134, -0.05219056084752083, -0.4086955785751343, -0.9111772179603577, 0.9258448481559753, 0.3221668601036072, -0.19753402471542358], "cam_t_m2c": [71.60089874267578, 26.048620223999023, 271.351806640625], "obj_id": 2}, {"cam_R_m2c": [0.37428247928619385, -0.8539182543754578, 0.3615746796131134, -0.05219056084752083, -0.4086955785751343, -0.9111772179603577, 0.9258448481559753, 0.3221668601036072, -0.19753402471542358], "cam_t_m2c": [71.60089874267578, 26.048620223999023, 271.351806640625], "obj_id": 0}, {"cam_R_m2c": [0.37428247928619385, -0.8539182543754578, 0.3615746796131134, -0.05219056084752083, -0.4086955785751343, -0.9111772179603577, 0.9258448481559753, 0.3221668601036072, -0.19753402471542358], "cam_t_m2c": [71.60089874267578, 26.048620223999023, 271.351806640625], "obj_id": 1}, {"cam_R_m2c": [0.37428247928619385, -0.8539182543754578, 0.3615746796131134, -0.05219056084752083, -0.4086955785751343, -0.9111772179603577, 0.9258448481559753, 0.3221668601036072, -0.19753402471542358], "cam_t_m2c": [71.60089874267578, 26.048620223999023, 271.351806640625], "obj_id": 3}, {"cam_R_m2c": [0.37428247928619385, -0.8539182543754578, 0.3615746796131134, -0.05219056084752083, -0.4086955785751343, -0.9111772179603577, 0.9258448481559753, 0.3221668601036072, -0.19753402471542358], "cam_t_m2c": [71.60089874267578, 26.048620223999023, 271.351806640625], "obj_id": 2}, {"cam_R_m2c": [0.37428247928619385, -0.8539182543754578, 0.3615746796131134, -0.05219056084752083, -0.4086955785751343, -0.9111772179603577, 0.9258448481559753, 0.3221668601036072, -0.19753402471542358], "cam_t_m2c": [71.60089874267578, 26.048620223999023, 271.351806640625], "obj_id": 0}, {"cam_R_m2c": [0.37428247928619385, -0.8539182543754578, 0.3615746796131134, -0.05219056084752083, -0.4086955785751343, -0.9111772179603577, 0.9258448481559753, 0.3221668601036072, -0.19753402471542358], "cam_t_m2c": [71.60089874267578, 26.048620223999023, 271.351806640625], "obj_id": 1}, {"cam_R_m2c": [0.37428247928619385, -0.8539182543754578, 0.3615746796131134, -0.05219056084752083, -0.4086955785751343, -0.9111772179603577, 0.9258448481559753, 0.3221668601036072, -0.19753402471542358], "cam_t_m2c": [71.60089874267578, 26.048620223999023, 271.351806640625], "obj_id": 2}, {"cam_R_m2c": [0.37428247928619385, -0.8539182543754578, 0.3615746796131134, -0.05219056084752083, -0.4086955785751343, -0.9111772179603577, 0.9258448481559753, 0.3221668601036072, -0.19753402471542358], "cam_t_m2c": [71.60089874267578, 26.048620223999023, 271.351806640625], "obj_id": 2}, {"cam_R_m2c": [0.37428247928619385, -0.8539182543754578, 0.3615746796131134, -0.05219056084752083, -0.4086955785751343, -0.9111772179603577, 0.9258448481559753, 0.3221668601036072, -0.19753402471542358], "cam_t_m2c": [71.60089874267578, 26.048620223999023, 271.351806640625], "obj_id": 3}, {"cam_R_m2c": [0.37428247928619385, -0.8539182543754578, 0.3615746796131134, -0.05219056084752083, -0.4086955785751343, -0.9111772179603577, 0.9258448481559753, 0.3221668601036072, -0.19753402471542358], "cam_t_m2c": [71.60089874267578, 26.048620223999023, 271.351806640625], "obj_id": 2}, {"cam_R_m2c": [0.37428247928619385, -0.8539182543754578, 0.3615746796131134, -0.05219056084752083, -0.4086955785751343, -0.9111772179603577, 0.9258448481559753, 0.3221668601036072, -0.19753402471542358], "cam_t_m2c": [71.60089874267578, 26.048620223999023, 271.351806640625], "obj_id": 3}, {"cam_R_m2c": [0.37428247928619385, -0.8539182543754578, 0.3615746796131134, -0.05219056084752083, -0.4086955785751343, -0.9111772179603577, 0.9258448481559753, 0.3221668601036072, -0.19753402471542358], "cam_t_m2c": [71.60089874267578, 26.048620223999023, 271.351806640625], "obj_id": 1}, {"cam_R_m2c": [0.37428247928619385, -0.8539182543754578, 0.3615746796131134, -0.05219056084752083, -0.4086955785751343, -0.9111772179603577, 0.9258448481559753, 0.3221668601036072, -0.19753402471542358], "cam_t_m2c": [71.60089874267578, 26.048620223999023, 271.351806640625], "obj_id": 0}, {"cam_R_m2c": [0.37428247928619385, -0.8539182543754578, 0.3615746796131134, -0.05219056084752083, -0.4086955785751343, -0.9111772179603577, 0.9258448481559753, 0.3221668601036072, -0.19753402471542358], "cam_t_m2c": [71.60089874267578, 26.048620223999023, 271.351806640625], "obj_id": 0}, {"cam_R_m2c": [0.37428247928619385, -0.8539182543754578, 0.3615746796131134, -0.05219056084752083, -0.4086955785751343, -0.9111772179603577, 0.9258448481559753, 0.3221668601036072, -0.19753402471542358], "cam_t_m2c": [71.60089874267578, 26.048620223999023, 271.351806640625], "obj_id": 2}, {"cam_R_m2c": [0.37428247928619385, -0.8539182543754578, 0.3615746796131134, -0.05219056084752083, -0.4086955785751343, -0.9111772179603577, 0.9258448481559753, 0.3221668601036072, -0.19753402471542358], "cam_t_m2c": [71.60089874267578, 26.048620223999023, 271.351806640625], "obj_id": 2}, {"cam_R_m2c": [0.37428247928619385, -0.8539182543754578, 0.3615746796131134, -0.05219056084752083, -0.4086955785751343, -0.9111772179603577, 0.9258448481559753, 0.3221668601036072, -0.19753402471542358], "cam_t_m2c": [71.60089874267578, 26.048620223999023, 271.351806640625], "obj_id": 0}, {"cam_R_m2c": [0.37428247928619385, -0.8539182543754578, 0.3615746796131134, -0.05219056084752083, -0.4086955785751343, -0.9111772179603577, 0.9258448481559753, 0.3221668601036072, -0.19753402471542358], "cam_t_m2c": [71.60089874267578, 26.048620223999023, 271.351806640625], "obj_id": 3}, {"cam_R_m2c": [0.37428247928619385, -0.8539182543754578, 0.3615746796131134, -0.05219056084752083, -0.4086955785751343, -0.9111772179603577, 0.9258448481559753, 0.3221668601036072, -0.19753402471542358], "cam_t_m2c": [71.60089874267578, 26.048620223999023, 271.351806640625], "obj_id": 3}, {"cam_R_m2c": [0.37428247928619385, -0.8539182543754578, 0.3615746796131134, -0.05219056084752083, -0.4086955785751343, -0.9111772179603577, 0.9258448481559753, 0.3221668601036072, -0.19753402471542358], "cam_t_m2c": [71.60089874267578, 26.048620223999023, 271.351806640625], "obj_id": 1}, {"cam_R_m2c": [0.37428247928619385, -0.8539182543754578, 0.3615746796131134, -0.05219056084752083, -0.4086955785751343, -0.9111772179603577, 0.9258448481559753, 0.3221668601036072, -0.19753402471542358], "cam_t_m2c": [71.60089874267578, 26.048620223999023, 271.351806640625], "obj_id": 1}, {"cam_R_m2c": [0.37428247928619385, -0.8539182543754578, 0.3615746796131134, -0.05219056084752083, -0.4086955785751343, -0.9111772179603577, 0.9258448481559753, 0.3221668601036072, -0.19753402471542358], "cam_t_m2c": [71.60089874267578, 26.048620223999023, 271.351806640625], "obj_id": 2}, {"cam_R_m2c": [0.32674115896224976, 0.004004270303994417, 0.9451053142547607, -0.1845906376838684, 0.9810030460357666, 0.0596601739525795, -0.9269123077392578, -0.19395104050636292, 0.32127323746681213], "cam_t_m2c": [0.8434671759605408, -19.2562198638916, 204.2119903564453], "obj_id": 3}, {"cam_R_m2c": [-0.5812907814979553, 0.32150909304618835, -0.7474844455718994, 0.10976850986480713, 0.9412157535552979, 0.3194741904735565, 0.8062580227851868, 0.10365714877843857, -0.5824116468429565], "cam_t_m2c": [157.26795959472656, 50.75639343261719, 179.09133911132812], "obj_id": 3}, {"cam_R_m2c": [-0.9912406206130981, 0.08833581954240799, 0.09817738085985184, 0.10389634221792221, 0.0626487210392952, 0.9926130175590515, 0.08153259754180908, 0.9941186308860779, -0.07127770036458969], "cam_t_m2c": [147.82656860351562, 1.8954514265060425, 351.7073974609375], "obj_id": 3}, {"cam_R_m2c": [-0.5543504953384399, -0.8168750405311584, -0.15940754115581512, 0.5013096928596497, -0.17483210563659668, -0.8474210500717163, 0.6643675565719604, -0.549680769443512, 0.5064255595207214], "cam_t_m2c": [-2898.45751953125, 7151.12255859375, 1773.93115234375], "obj_id": 0}, {"cam_R_m2c": [-0.5730401873588562, -0.26692280173301697, -0.7748399972915649, -0.1435101181268692, 0.9635461568832397, -0.2257954627275467, 0.8068640828132629, -0.01819249987602234, -0.5904567837715149], "cam_t_m2c": [-3030.76123046875, 7296.32470703125, 2078.567626953125], "obj_id": 2}, {"cam_R_m2c": [-0.005605201702564955, 0.9997331500053406, -0.022407354786992073, -0.7487431764602661, -0.019048739224672318, -0.6625863909721375, -0.662836492061615, 0.013063401915133, 0.7486501932144165], "cam_t_m2c": [-58.72500991821289, -62.476261138916016, 255.5408172607422], "obj_id": 1}, {"cam_R_m2c": [0.13206715881824493, -0.8117073774337769, -0.5689369440078735, -0.454012006521225, 0.46068596839904785, -0.762654185295105, 0.8811532855033875, 0.3590257167816162, -0.30768337845802307], "cam_t_m2c": [-2699.73291015625, 7345.18798828125, 1814.6051025390625], "obj_id": 0}, {"cam_R_m2c": [0.5247989892959595, 0.8333430886268616, -0.1735663264989853, -0.37796634435653687, 0.4108273983001709, 0.8296759724617004, 0.7627105712890625, -0.36981087923049927, 0.5305774807929993], "cam_t_m2c": [-99.13140106201172, -18.794193267822266, 219.96389770507812], "obj_id": 1}],
  "1": [{"cam_R_m2c": [-0.39337781071662903, -0.9116529822349548, 0.11892352998256683, -0.20975589752197266, -0.036945637315511703, -0.977055549621582, 0.8951292634010315, -0.40929684042930603, -0.17669101059436798], "cam_t_m2c": [-10.563605308532715, -4.347691059112549, 286.3435974121094], "obj_id": 1}, {"cam_R_m2c": [-0.39337781071662903, -0.9116529822349548, 0.11892352998256683, -0.20975589752197266, -0.036945637315511703, -0.977055549621582, 0.8951292634010315, -0.40929684042930603, -0.17669101059436798], "cam_t_m2c": [-10.563605308532715, -4.347691059112549, 286.3435974121094], "obj_id": 2}, {"cam_R_m2c": [-0.39337781071662903, -0.9116529822349548, 0.11892352998256683, -0.20975589752197266, -0.036945637315511703, -0.977055549621582, 0.8951292634010315, -0.40929684042930603, -0.17669101059436798], "cam_t_m2c": [-10.563605308532715, -4.347691059112549, 286.3435974121094], "obj_id": 0}, {"cam_R_m2c": [-0.39337781071662903, -0.9116529822349548, 0.11892352998256683, -0.20975589752197266, -0.036945637315511703, -0.977055549621582, 0.8951292634010315, -0.40929684042930603, -0.17669101059436798], "cam_t_m2c": [-10.563605308532715, -4.347691059112549, 286.3435974121094], "obj_id": 1}, {"cam_R_m2c": [-0.39337781071662903, -0.9116529822349548, 0.11892352998256683, -0.20975589752197266, -0.036945637315511703, -0.977055549621582, 0.8951292634010315, -0.40929684042930603, -0.17669101059436798], "cam_t_m2c": [-10.563605308532715, -4.347691059112549, 286.3435974121094], "obj_id": 3}, {"cam_R_m2c": [-0.39337781071662903, -0.9116529822349548, 0.11892352998256683, -0.20975589752197266, -0.036945637315511703, -0.977055549621582, 0.8951292634010315, -0.40929684042930603, -0.17669101059436798], "cam_t_m2c": [-10.563605308532715, -4.347691059112549, 286.3435974121094], "obj_id": 2}, {"cam_R_m2c": [-0.39337781071662903, -0.9116529822349548, 0.11892352998256683, -0.20975589752197266, -0.036945637315511703, -0.977055549621582, 0.8951292634010315, -0.40929684042930603, -0.17669101059436798], "cam_t_m2c": [-10.563605308532715, -4.347691059112549, 286.3435974121094], "obj_id": 0}, {"cam_R_m2c": [-0.39337781071662903, -0.9116529822349548, 0.11892352998256683, -0.20975589752197266, -0.036945637315511703, -0.977055549621582, 0.8951292634010315, -0.40929684042930603, -0.17669101059436798], "cam_t_m2c": [-10.563605308532715, -4.347691059112549, 286.3435974121094], "obj_id": 1}, {"cam_R_m2c": [-0.39337781071662903, -0.9116529822349548, 0.11892352998256683, -0.20975589752197266, -0.036945637315511703, -0.977055549621582, 0.8951292634010315, -0.40929684042930603, -0.17669101059436798], "cam_t_m2c": [-10.563605308532715, -4.347691059112549, 286.3435974121094], "obj_id": 2}, {"cam_R_m2c": [-0.39337781071662903, -0.9116529822349548, 0.11892352998256683, -0.20975589752197266, -0.036945637315511703, -0.977055549621582, 0.8951292634010315, -0.40929684042930603, -0.17669101059436798], "cam_t_m2c": [-10.563605308532715, -4.347691059112549, 286.3435974121094], "obj_id": 2}, {"cam_R_m2c": [-0.39337781071662903, -0.9116529822349548, 0.11892352998256683, -0.20975589752197266, -0.036945637315511703, -0.977055549621582, 0.8951292634010315, -0.40929684042930603, -0.17669101059436798], "cam_t_m2c": [-10.563605308532715, -4.347691059112549, 286.3435974121094], "obj_id": 3}, {"cam_R_m2c": [-0.39337781071662903, -0.9116529822349548, 0.11892352998256683, -0.20975589752197266, -0.036945637315511703, -0.977055549621582, 0.8951292634010315, -0.40929684042930603, -0.17669101059436798], "cam_t_m2c": [-10.563605308532715, -4.347691059112549, 286.3435974121094], "obj_id": 2}, {"cam_R_m2c": [-0.39337781071662903, -0.9116529822349548, 0.11892352998256683, -0.20975589752197266, -0.036945637315511703, -0.977055549621582, 0.8951292634010315, -0.40929684042930603, -0.17669101059436798], "cam_t_m2c": [-10.563605308532715, -4.347691059112549, 286.3435974121094], "obj_id": 3}, {"cam_R_m2c": [-0.39337781071662903, -0.9116529822349548, 0.11892352998256683, -0.20975589752197266, -0.036945637315511703, -0.977055549621582, 0.8951292634010315, -0.40929684042930603, -0.17669101059436798], "cam_t_m2c": [-10.563605308532715, -4.347691059112549, 286.3435974121094], "obj_id": 1}, {"cam_R_m2c": [-0.39337781071662903, -0.9116529822349548, 0.11892352998256683, -0.20975589752197266, -0.036945637315511703, -0.977055549621582, 0.8951292634010315, -0.40929684042930603, -0.17669101059436798], "cam_t_m2c": [-10.563605308532715, -4.347691059112549, 286.3435974121094], "obj_id": 0}, {"cam_R_m2c": [-0.39337781071662903, -0.9116529822349548, 0.11892352998256683, -0.20975589752197266, -0.036945637315511703, -0.977055549621582, 0.8951292634010315, -0.40929684042930603, -0.17669101059436798], "cam_t_m2c": [-10.563605308532715, -4.347691059112549, 286.3435974121094], "obj_id": 0}, {"cam_R_m2c": [-0.39337781071662903, -0.9116529822349548, 0.11892352998256683, -0.20975589752197266, -0.036945637315511703, -0.977055549621582, 0.8951292634010315, -0.40929684042930603, -0.17669101059436798], "cam_t_m2c": [-10.563605308532715, -4.347691059112549, 286.3435974121094], "obj_id": 2}, {"cam_R_m2c": [-0.39337781071662903, -0.9116529822349548, 0.11892352998256683, -0.20975589752197266, -0.036945637315511703, -0.977055549621582, 0.8951292634010315, -0.40929684042930603, -0.17669101059436798], "cam_t_m2c": [-10.563605308532715, -4.347691059112549, 286.3435974121094], "obj_id": 2}, {"cam_R_m2c": [-0.39337781071662903, -0.9116529822349548, 0.11892352998256683, -0.20975589752197266, -0.036945637315511703, -0.977055549621582, 0.8951292634010315, -0.40929684042930603, -0.17669101059436798], "cam_t_m2c": [-10.563605308532715, -4.347691059112549, 286.3435974121094], "obj_id": 0}, {"cam_R_m2c": [-0.39337781071662903, -0.9116529822349548, 0.11892352998256683, -0.20975589752197266, -0.036945637315511703, -0.977055549621582, 0.8951292634010315, -0.40929684042930603, -0.17669101059436798], "cam_t_m2c": [-10.563605308532715, -4.347691059112549, 286.3435974121094], "obj_id": 3}, {"cam_R_m2c": [-0.39337781071662903, -0.9116529822349548, 0.11892352998256683, -0.20975589752197266, -0.036945637315511703, -0.977055549621582, 0.8951292634010315, -0.40929684042930603, -0.17669101059436798], "cam_t_m2c": [-10.563605308532715, -4.347691059112549, 286.3435974121094], "obj_id": 3}, {"cam_R_m2c": [-0.39337781071662903, -0.9116529822349548, 0.11892352998256683, -0.20975589752197266, -0.036945637315511703, -0.977055549621582, 0.8951292634010315, -0.40929684042930603, -0.17669101059436798], "cam_t_m2c": [-10.563605308532715, -4.347691059112549, 286.3435974121094], "obj_id": 1}, {"cam_R_m2c": [-0.39337781071662903, -0.9116529822349548, 0.11892352998256683, -0.20975589752197266, -0.036945637315511703, -0.977055549621582, 0.8951292634010315, -0.40929684042930603, -0.17669101059436798], "cam_t_m2c": [-10.563605308532715, -4.347691059112549, 286.3435974121094], "obj_id": 1}, {"cam_R_m2c": [-0.39337781071662903, -0.9116529822349548, 0.11892352998256683, -0.20975589752197266, -0.036945637315511703, -0.977055549621582, 0.8951292634010315, -0.40929684042930603, -0.17669101059436798], "cam_t_m2c": [-10.563605308532715, -4.347691059112549, 286.3435974121094], "obj_id": 2}, {"cam_R_m2c": [0.7993394732475281, 0.41420772671699524, 0.43530258536338806, -0.2877730131149292, 0.8998489379882812, -0.32780882716178894, -0.5274875164031982, 0.13676221668720245, 0.8384825587272644], "cam_t_m2c": [-25.422971725463867, -16.661794662475586, 180.53973388671875], "obj_id": 3}, {"cam_R_m2c": [-0.9100596904754639, 0.4141622483730316, -0.016155902296304703, 0.3226735293865204, 0.732414186000824, 0.599542498588562, 0.26014068722724915, 0.5404064059257507, -0.8001798391342163], "cam_t_m2c": [117.09905242919922, -14.785897254943848, 278.9541320800781], "obj_id": 3}, {"cam_R_m2c": [-0.6943076252937317, -0.5999955534934998, 0.3974195122718811, 0.49086591601371765, 0.009025584906339645, 0.8711883425712585, -0.526296079158783, 0.7999523878097534, 0.2882508635520935], "cam_t_m2c": [-20.80135726928711, -58.04092788696289, 385.6561279296875], "obj_id": 3}, {"cam_R_m2c": [-0.6837159395217896, -0.22600291669368744, -0.6938695907592773, 0.6725261211395264, 0.17394500970840454, -0.7193411588668823, 0.2832683026790619, -0.9584705233573914, 0.03306397423148155], "cam_t_m2c": [-1008.0377807617188, 7693.52490234375, 1548.66845703125], "obj_id": 0}, {"cam_R_m2c": [-0.9770331382751465, 0.10680391639471054, -0.18438838422298431, 0.08727975189685822, 0.9899852871894836, 0.11095649749040604, 0.1943923681974411, 0.09231480956077576, -0.9765703082084656], "cam_t_m2c": [-1263.4752197265625, 7875.53857421875, 1730.367431640625], "obj_id": 2}, {"cam_R_m2c": [0.2346680760383606, 0.6597368717193604, -0.7139173746109009, -0.6751583218574524, -0.41775697469711304, -0.6079803705215454, -0.6993511319160461, 0.6246808171272278, 0.3473927080631256], "cam_t_m2c": [-112.86944580078125, -33.096046447753906, 168.9615936279297], "obj_id": 1}, {"cam_R_m2c": [-0.6406588554382324, -0.6607444882392883, -0.39111748337745667, -0.4804227948188782, 0.7423065900802612, -0.4670919179916382, 0.5989574790000916, -0.1113448217511177, -0.7930019497871399], "cam_t_m2c": [-846.5028686523438, 7791.28125, 1756.412353515625], "obj_id": 0}, {"cam_R_m2c": [-0.2735004723072052, 0.9308521151542664, -0.24230524897575378, -0.5663751363754272, 0.04775822162628174, 0.8227626085281372, 0.7774423956871033, 0.3622616231441498, 0.5141496062278748], "cam_t_m2c": [-103.43209075927734, 23.568923950195312, 130.1475067138672], "obj_id": 1}]
}