{
  "0": [{"cam_R_m2c": [-0.7139495015144348, -0.33151566982269287, 0.6167441606521606, -0.36981070041656494, 0.9264734983444214, 0.06990628689527512, -0.594572126865387, -0.17816902697086334, -0.7840533256530762], "cam_t_m2c": [226.85040283203125, 42.155487060546875, 355.7489013671875], "obj_id": 2}, {"cam_R_m2c": [0.3647838234901428, -0.6581234931945801, -0.658639669418335, 0.48731115460395813, 0.7377104163169861, -0.46723780035972595, 0.7933855056762695, -0.1505216658115387, 0.5898157358169556], "cam_t_m2c": [357.2194519042969, 42.95058059692383, 240.944091796875], "obj_id": 0}, {"cam_R_m2c": [0.41071969270706177, -0.8665196895599365, -0.283642441034317, -0.9054890871047974, -0.35122591257095337, -0.23818057775497437, 0.10676559060811996, 0.3546605706214905, -0.9288794994354248], "cam_t_m2c": [98.83904266357422, 24.512529373168945, 395.36749267578125], "obj_id": 0}, {"cam_R_m2c": [0.08677148818969727, 0.9317582845687866, 0.3525577485561371, 0.5418151021003723, -0.3411146104335785, 0.7681646347045898, 0.8360065221786499, 0.12436642497777939, -0.5344396829605103], "cam_t_m2c": [126.44630432128906, -24.380252838134766, 371.6958312988281], "obj_id": 2}],
  "1": [{"cam_R_m2c": [0.012167561799287796, -0.34214267134666443, -0.9395692348480225, -0.999912440776825, 0.0007284545572474599, -0.013214276172220707, 0.005205598659813404, 0.9396477341651917, -0.34210383892059326], "cam_t_m2c": [-407.3746032714844, -41.354915618896484, 715.277587890625], "obj_id": 2}, {"cam_R_m2c": [0.26524287462234497, -0.09215503931045532, 0.9597674012184143, 0.9172298312187195, -0.2827256917953491, -0.2806337773799896, 0.2972128987312317, 0.9547634720802307, 0.009536508470773697], "cam_t_m2c": [-560.2453002929688, -18.50203514099121, 635.9769287109375], "obj_id": 0}, {"cam_R_m2c": [0.2399800717830658, 0.8276734352111816, -0.5073127746582031, 0.019722895696759224, -0.5266327857971191, -0.8498640656471252, -0.9705774188041687, 0.1939447522163391, -0.14270548522472382], "cam_t_m2c": [-308.3731384277344, -114.1604232788086, 771.2866821289062], "obj_id": 0}, {"cam_R_m2c": [0.4098106920719147, -0.21197107434272766, -0.8871997594833374, 0.7670091986656189, 0.6065105199813843, 0.209384486079216, 0.49371251463890076, -0.7662984132766724, 0.41113826632499695], "cam_t_m2c": [-321.34991455078125, -127.09838104248047, 713.2606201171875], "obj_id": 2}]
}