{
  "0": [{"cam_R_m2c": [0.4743696451187134, 0.8209640383720398, -0.31779152154922485, 0.45011836290359497, 0.08404253423213959, 0.889005184173584, 0.7565492987632751, -0.5647608637809753, -0.3296637535095215], "cam_t_m2c": [-813.64501953125, -114.7234878540039, 3070.917236328125], "obj_id": 1}, {"cam_R_m2c": [0.35983869433403015, -0.9316492080688477, 0.050456803292036057, 0.49789199233055115, 0.23747819662094116, 0.8340908885002136, -0.7890625, -0.2750161290168762, 0.5493144989013672], "cam_t_m2c": [313.526123046875, -171.31837463378906, 3882.56640625], "obj_id": 2}, {"cam_R_m2c": [0.8066837787628174, -0.06088089942932129, -0.5878391265869141, -0.5644849538803101, 0.21513240039348602, -0.7969158291816711, 0.17498019337654114, 0.9746853709220886, 0.13917747139930725], "cam_t_m2c": [885.5634765625, 548.279296875, 3229.14990234375], "obj_id": 2}, {"cam_R_m2c": [0.018326228484511375, -0.7899667620658875, -0.6128756403923035, 0.9734866619110107, -0.12568964064121246, 0.1911170333623886, -0.22800827026367188, -0.600128710269928, 0.7667188048362732], "cam_t_m2c": [-457.363525390625, -41.701229095458984, 3044.174560546875], "obj_id": 0}, {"cam_R_m2c": [0.7313788533210754, 0.5429449081420898, -0.4126690626144409, 0.30266448855400085, 0.283833384513855, 0.9098531007766724, 0.6111293435096741, -0.7903476357460022, 0.043259602040052414], "cam_t_m2c": [324.3871154785156, -567.8639526367188, 3922.250244140625], "obj_id": 2}, {"cam_R_m2c": [0.7207843661308289, -0.4943453371524811, 0.48589351773262024, -0.10944018512964249, -0.7733524441719055, -0.6244587302207947, 0.684465229511261, 0.39692381024360657, -0.6115216016769409], "cam_t_m2c": [-559.123291015625, 380.0485534667969, 3151.351318359375], "obj_id": 0}, {"cam_R_m2c": [0.5653997659683228, 0.73985356092453, -0.36460915207862854, 0.43046292662620544, 0.11239277571439743, 0.8955833911895752, 0.7035800218582153, -0.6633133888244629, -0.254932701587677], "cam_t_m2c": [627.2417602539062, 171.15939331054688, 3829.589111328125], "obj_id": 1}, {"cam_R_m2c": [-0.07072677463293076, -0.8276398181915283, -0.5567853450775146, -0.20224431157112122, -0.534691572189331, 0.8204888701438904, -0.9767777919769287, 0.17063724994659424, -0.12956835329532623], "cam_t_m2c": [-232.0238037109375, 149.926513671875, 2679.980224609375], "obj_id": 1}, {"cam_R_m2c": [0.3947144150733948, 0.8205820322036743, 0.4133347272872925, 0.7636454701423645, -0.543147087097168, 0.3490511178970337, 0.5109266638755798, 0.17786571383476257, -0.841021716594696], "cam_t_m2c": [-89.95631408691406, 36.672115325927734, 4231.072265625], "obj_id": 2}, {"cam_R_m2c": [0.6234750747680664, -0.5468115210533142, 0.5588165521621704, -0.7620335221290588, -0.2651295065879822, 0.5907715559005737, -0.17488189041614532, -0.7941682934761047, -0.5819903612136841], "cam_t_m2c": [-257.70843505859375, 821.8845825195312, 2814.0517578125], "obj_id": 2}, {"cam_R_m2c": [0.556904137134552, 0.19685685634613037, 0.8069108128547668, -0.7172985076904297, 0.6037782430648804, 0.34775659441947937, -0.41873684525489807, -0.7724630236625671, 0.47745174169540405], "cam_t_m2c": [1145.0625, -57.735530853271484, 3357.938720703125], "obj_id": 2}, {"cam_R_m2c": [-0.5139359831809998, -0.8165336847305298, 0.26294922828674316, 0.7984517812728882, -0.5673936009407043, -0.20134273171424866, 0.3135989010334015, 0.10647500306367874, 0.9435670375823975], "cam_t_m2c": [305.9606018066406, 202.72653198242188, 3344.6376953125], "obj_id": 1}, {"cam_R_m2c": [0.11778925359249115, 0.8559845685958862, 0.5034045577049255, -0.7773048281669617, -0.23600566387176514, 0.583179771900177, 0.6179991960525513, -0.45999109745025635, 0.6375619173049927], "cam_t_m2c": [868.1755981445312, 235.78240966796875, 3421.833740234375], "obj_id": 2}, {"cam_R_m2c": [0.4641207754611969, -0.16346898674964905, -0.8705571293830872, 0.8851780295372009, 0.04961429908871651, 0.4625992178916931, -0.032428644597530365, -0.9853000044822693, 0.16772626340389252], "cam_t_m2c": [-1005.2735595703125, -239.65884399414062, 3247.877685546875], "obj_id": 2}, {"cam_R_m2c": [-0.15637840330600739, -0.5388902425765991, -0.8277336955070496, -0.8959247469902039, 0.43016648292541504, -0.1107955276966095, 0.41576990485191345, 0.7242610454559326, -0.5500738024711609], "cam_t_m2c": [-714.2916870117188, -208.13792419433594, 3710.877685546875], "obj_id": 1}, {"cam_R_m2c": [-0.17548894882202148, -0.6215531826019287, -0.7634626030921936, 0.7723223567008972, 0.3939930498600006, -0.49828463792800903, 0.6105093359947205, -0.6770827770233154, 0.4108980596065521], "cam_t_m2c": [-217.6958770751953, 280.60760498046875, 3742.236572265625], "obj_id": 2}, {"cam_R_m2c": [-0.42460495233535767, 0.6516772508621216, 0.628511905670166, -0.5182548761367798, -0.7441604137420654, 0.42146989703178406, 0.7423761487007141, -0.14677110314369202, 0.653709352016449], "cam_t_m2c": [522.6060180664062, 298.586669921875, 2999.785888671875], "obj_id": 0}, {"cam_R_m2c": [-0.8529952168464661, -0.49904105067253113, 0.15282975137233734, -0.37381014227867126, 0.7885085344314575, 0.48838531970977783, -0.3642319142818451, 0.35946106910705566, -0.8591405749320984], "cam_t_m2c": [483.5744323730469, -117.71527862548828, 3320.87841796875], "obj_id": 0}, {"cam_R_m2c": [-0.25719597935676575, 0.08229885250329971, -0.9628484845161438, 0.9620038270950317, -0.07268636673688889, -0.2631831765174866, -0.09164561331272125, -0.99395352602005, -0.06047718599438667], "cam_t_m2c": [612.5582275390625, 289.4865417480469, 2937.978271484375], "obj_id": 0}, {"cam_R_m2c": [-0.667127251625061, 0.5646767616271973, 0.48588207364082336, -0.07625021785497665, 0.5970531702041626, -0.7985696196556091, -0.7410311102867126, -0.5697961449623108, -0.3552537262439728], "cam_t_m2c": [-371.6690673828125, -359.5824890136719, 3460.22119140625], "obj_id": 1}, {"cam_R_m2c": [-0.23331274092197418, 0.7198717594146729, 0.6537200212478638, -0.8459832668304443, 0.18120618164539337, -0.5014744400978088, -0.4794553816318512, -0.6700365543365479, 0.5667217373847961], "cam_t_m2c": [-88.94650268554688, 54.47810745239258, 3681.250244140625], "obj_id": 0}, {"cam_R_m2c": [-0.37356579303741455, 0.8532873392105103, -0.3637980818748474, 0.9158772230148315, 0.4014567732810974, 0.0011474171187728643, 0.14702826738357544, -0.33276575803756714, -0.9314769506454468], "cam_t_m2c": [-467.7252197265625, -507.095947265625, 4031.5302734375], "obj_id": 0}, {"cam_R_m2c": [-0.07257158309221268, -0.8939230442047119, -0.44230639934539795, -0.6308107972145081, 0.3846460282802582, -0.673888087272644, 0.772535502910614, 0.23010653257369995, -0.5918107032775879], "cam_t_m2c": [7.79831600189209, 807.3728637695312, 2908.9873046875], "obj_id": 0}, {"cam_R_m2c": [0.7120622396469116, -0.41400736570358276, -0.5670672059059143, -0.5777189135551453, -0.8044666647911072, -0.13810817897319794, -0.39900895953178406, 0.4259470999240875, -0.8120102286338806], "cam_t_m2c": [753.75048828125, 300.6654052734375, 3299.579345703125], "obj_id": 2}, {"cam_R_m2c": [-0.19388680160045624, 0.7706857919692993, -0.6070018410682678, -0.7387679219245911, 0.2924017012119293, 0.6072258353233337, 0.6454687118530273, 0.5661665797233582, 0.5126651525497437], "cam_t_m2c": [213.98782348632812, 809.07373046875, 2784.25], "obj_id": 2}, {"cam_R_m2c": [0.1892615109682083, -0.8988077640533447, 0.39537903666496277, -0.35026147961616516, 0.31437158584594727, 0.8823192715644836, -0.9173313975334167, -0.3054750859737396, -0.2553192675113678], "cam_t_m2c": [-750.2977905273438, -168.3593292236328, 3062.56494140625], "obj_id": 1}, {"cam_R_m2c": [-0.09040515869855881, -0.6855142712593079, 0.7224242687225342, 0.9492462873458862, 0.16011832654476166, 0.27072757482528687, -0.30126094818115234, 0.7102338671684265, 0.6362465023994446], "cam_t_m2c": [434.30596923828125, -391.6219482421875, 3397.094482421875], "obj_id": 1}, {"cam_R_m2c": [-0.7537370324134827, -0.33797189593315125, 0.5636094212532043, 0.6130617260932922, -0.6705317497253418, 0.4177829623222351, 0.23671911656856537, 0.6604257822036743, 0.7126021385192871], "cam_t_m2c": [-622.6683349609375, -77.7038345336914, 2749.769287109375], "obj_id": 0}, {"cam_R_m2c": [0.03808819130063057, -0.9260869026184082, -0.3753826320171356, -0.9769225716590881, 0.04449989274144173, -0.20890633761882782, 0.21016989648342133, 0.3746766448020935, -0.9030203223228455], "cam_t_m2c": [-18.72784423828125, 423.4471740722656, 2480.337158203125], "obj_id": 1}, {"cam_R_m2c": [0.2244916558265686, 0.5026298761367798, -0.834845244884491, -0.9553711414337158, -0.05528761446475983, -0.2901879549026489, -0.19201381504535675, 0.8627318739891052, 0.46778661012649536], "cam_t_m2c": [-237.7456512451172, 522.9999389648438, 2765.853271484375], "obj_id": 2}, {"cam_R_m2c": [-0.6844326853752136, -0.6254443526268005, -0.3746612071990967, -0.272236168384552, 0.6959562301635742, -0.6644790172576904, 0.6763424873352051, -0.352794885635376, -0.6466037631034851], "cam_t_m2c": [-445.3689270019531, 353.3943176269531, 3854.9365234375], "obj_id": 2}, {"cam_R_m2c": [0.35139280557632446, -0.42501556873321533, -0.8341970443725586, 0.5223057866096497, 0.828467845916748, -0.2020832747220993, 0.776993989944458, -0.36469537019729614, 0.5131057500839233], "cam_t_m2c": [-4.422013759613037, 200.4578094482422, 3160.272216796875], "obj_id": 0}, {"cam_R_m2c": [-0.7424125075340271, 0.6529683470726013, 0.14985230565071106, 0.514593243598938, 0.4125852882862091, 0.7516429424285889, 0.4289722144603729, 0.6351422667503357, -0.6423214673995972], "cam_t_m2c": [-204.18479919433594, 351.95623779296875, 3355.381103515625], "obj_id": 2}, {"cam_R_m2c": [-0.3602609932422638, 0.9104512929916382, -0.20319968461990356, 0.12389454990625381, 0.26259514689445496, 0.9569188952445984, 0.9245874285697937, 0.3195653557777405, -0.20740266144275665], "cam_t_m2c": [293.19342041015625, -203.1548309326172, 3066.6376953125], "obj_id": 1}, {"cam_R_m2c": [-0.46966636180877686, -0.8715755343437195, 0.1406039446592331, 0.8107976913452148, -0.36281752586364746, 0.45931515097618103, -0.34931427240371704, 0.32972627878189087, 0.8770747780799866], "cam_t_m2c": [366.8918151855469, -7.192280292510986, 2926.113037109375], "obj_id": 1}, {"cam_R_m2c": [-0.8821372985839844, 0.3478923439979553, -0.31749725341796875, -0.2585560381412506, 0.20575661957263947, 0.943828821182251, 0.3936779797077179, 0.9146775603294373, -0.09155582636594772], "cam_t_m2c": [79.07801055908203, -135.23367309570312, 3190.64453125], "obj_id": 2}, {"cam_R_m2c": [-0.6935470700263977, 0.527965247631073, 0.49014824628829956, 0.5259284973144531, 0.8360325694084167, -0.156360924243927, -0.4923330545425415, 0.14933927357196808, -0.857499897480011], "cam_t_m2c": [-821.6976928710938, 376.7148132324219, 3824.411376953125], "obj_id": 2}, {"cam_R_m2c": [0.38824203610420227, 0.6149527430534363, -0.6863681077957153, 0.6127052903175354, -0.728583037853241, -0.30620047450065613, -0.6883751153945923, -0.30166152119636536, -0.6596513390541077], "cam_t_m2c": [384.9741516113281, 426.6727600097656, 3657.28125], "obj_id": 1}, {"cam_R_m2c": [-0.441246896982193, -0.1925235390663147, -0.8764905333518982, -0.08897203207015991, -0.9625175595283508, 0.2562103271484375, -0.8929641246795654, 0.1910351812839508, 0.40757882595062256], "cam_t_m2c": [-498.6632385253906, 390.7855224609375, 2952.297119140625], "obj_id": 1}, {"cam_R_m2c": [-0.9464041590690613, 0.06084539741277695, 0.31720155477523804, -0.10902966558933258, 0.8642622828483582, -0.49108368158340454, -0.3040255308151245, -0.49934807419776917, -0.811307430267334], "cam_t_m2c": [302.9295349121094, 392.7193908691406, 2476.19287109375], "obj_id": 1}, {"cam_R_m2c": [-0.2866102159023285, 0.04269235208630562, -0.9570955038070679, 0.12256224453449249, -0.9891640543937683, -0.08082510530948639, -0.9501751661300659, -0.14046908915042877, 0.27827224135398865], "cam_t_m2c": [-512.5272827148438, -203.57423400878906, 4069.708251953125], "obj_id": 2}, {"cam_R_m2c": [0.2930309474468231, 0.533154308795929, 0.7936493754386902, 0.7681739330291748, -0.6255047917366028, 0.13657400012016296, 0.5692465305328369, 0.5696403384208679, -0.592847466468811], "cam_t_m2c": [65.17015838623047, -383.05682373046875, 3915.82861328125], "obj_id": 2}, {"cam_R_m2c": [-0.5024873614311218, 0.6504117846488953, -0.5696232914924622, 0.8433306813240051, 0.5139057636260986, -0.1571437567472458, 0.19052451848983765, -0.5593436360359192, -0.8067433834075928], "cam_t_m2c": [188.79928588867188, 729.05078125, 3068.671630859375], "obj_id": 0}, {"cam_R_m2c": [0.2215171754360199, 0.9695680141448975, 0.10424941778182983, -0.5136347413063049, 0.20688262581825256, -0.8326937556266785, -0.8289206624031067, 0.13090981543064117, 0.5438318848609924], "cam_t_m2c": [145.0724334716797, 507.03936767578125, 2972.739990234375], "obj_id": 2}, {"cam_R_m2c": [-0.6261223554611206, 0.6351523399353027, -0.4522745907306671, 0.5383180379867554, 0.7717448472976685, 0.3385609984397888, 0.5640783905982971, -0.03148697316646576, -0.8251206278800964], "cam_t_m2c": [-416.40252685546875, 129.3619384765625, 4313.1796875], "obj_id": 0}, {"cam_R_m2c": [0.6593946814537048, -0.040319014340639114, 0.7507150173187256, -0.6211194396018982, -0.591812252998352, 0.5137789845466614, 0.4235672950744629, -0.8050668239593506, -0.4152807891368866], "cam_t_m2c": [130.64891052246094, 202.49008178710938, 3667.31298828125], "obj_id": 0}, {"cam_R_m2c": [0.2030503749847412, 0.1963665932416916, 0.9592760801315308, -0.38452520966529846, 0.9169719815254211, -0.10631421208381653, -0.9005059003829956, -0.3472787141799927, 0.2616994082927704], "cam_t_m2c": [622.4010009765625, 221.3915557861328, 4035.959228515625], "obj_id": 0}, {"cam_R_m2c": [-0.5891352295875549, -0.7063161730766296, -0.39247554540634155, -0.7331889271736145, 0.6714316010475159, -0.10776599496603012, 0.3396373689174652, 0.22427000105381012, -0.9134272336959839], "cam_t_m2c": [587.7481689453125, 389.306396484375, 3178.60888671875], "obj_id": 0}, {"cam_R_m2c": [0.5503671765327454, -0.7091310024261475, -0.44071444869041443, -0.668863832950592, -0.05854755640029907, -0.7410758137702942, 0.4997170567512512, 0.7026417255401611, -0.50653475522995], "cam_t_m2c": [584.808837890625, 11.722128868103027, 2588.548583984375], "obj_id": 1}, {"cam_R_m2c": [0.1650840938091278, 0.6327457427978516, -0.7565580010414124, -0.9780493974685669, 0.20391525328159332, -0.04287032410502434, 0.12714765965938568, 0.7470283508300781, 0.6525198221206665], "cam_t_m2c": [-355.8130187988281, 75.99562072753906, 3438.56396484375], "obj_id": 0}, {"cam_R_m2c": [0.42378267645835876, 0.36252492666244507, 0.8300504684448242, 0.4100918471813202, 0.7403064370155334, -0.5327016115188599, -0.8076093196868896, 0.5661466717720032, 0.16506052017211914], "cam_t_m2c": [-323.8498840332031, 268.2876892089844, 3727.863037109375], "obj_id": 0}, {"cam_R_m2c": [-0.1719622015953064, 0.8745298385620117, -0.4534604549407959, -0.4704798460006714, 0.33151641488075256, 0.8177685737609863, 0.8654926419258118, 0.35396936535835266, 0.35444048047065735], "cam_t_m2c": [-153.46002197265625, -50.52220916748047, 4538.724609375], "obj_id": 2}, {"cam_R_m2c": [0.08186183124780655, -0.9804709553718567, 0.17881697416305542, 0.13991206884384155, -0.16633693873882294, -0.9760926365852356, 0.986774206161499, 0.10492343455553055, 0.12356298416852951], "cam_t_m2c": [-653.9435424804688, 671.4020385742188, 3069.365966796875], "obj_id": 1}, {"cam_R_m2c": [-0.39752358198165894, 0.7388827204704285, -0.5440839529037476, 0.49395498633384705, -0.32738590240478516, -0.805497944355011, -0.7732939124107361, -0.5889574289321899, -0.23483121395111084], "cam_t_m2c": [1015.0824584960938, -69.5509033203125, 3387.013916015625], "obj_id": 1}, {"cam_R_m2c": [0.032500069588422775, -0.9787478446960449, -0.20247532427310944, 0.4030289649963379, -0.1725480556488037, 0.8987739682197571, -0.9146099090576172, -0.11081357300281525, 0.38885602355003357], "cam_t_m2c": [14.628256797790527, 418.9351806640625, 2657.2783203125], "obj_id": 1}, {"cam_R_m2c": [0.000892297481186688, -0.41705411672592163, -0.9088811874389648, -0.8750982284545898, -0.4401741027832031, 0.201121523976326, -0.48394453525543213, 0.7951808571815491, -0.36535608768463135], "cam_t_m2c": [1087.8651123046875, -12.117788314819336, 3501.75439453125], "obj_id": 0}, {"cam_R_m2c": [-0.07226061075925827, 0.9712291955947876, 0.22691921889781952, 0.8359655737876892, 0.1830701380968094, -0.5173461437225342, -0.5440037846565247, 0.15231291949748993, -0.8251429200172424], "cam_t_m2c": [-563.7279663085938, 418.4186706542969, 3242.439208984375], "obj_id": 1}, {"cam_R_m2c": [-0.1354675143957138, -0.4046768844127655, 0.9043700098991394, 0.2687782645225525, 0.8635455369949341, 0.426670104265213, -0.9536281824111938, 0.3008749783039093, -0.008214008063077927], "cam_t_m2c": [258.52374267578125, -386.0640869140625, 3705.949951171875], "obj_id": 1}, {"cam_R_m2c": [-0.17952054738998413, -0.9512579441070557, -0.2507602274417877, -0.8249199986457825, 0.28444239497184753, -0.4884664714336395, 0.535984456539154, 0.11916736513376236, -0.8357749581336975], "cam_t_m2c": [-197.79183959960938, -515.7412109375, 4367.33544921875], "obj_id": 2}, {"cam_R_m2c": [0.6058464646339417, 0.5237682461738586, 0.5988462567329407, -0.7466295957565308, 0.11435757577419281, 0.655336856842041, 0.2747621238231659, -0.8441498279571533, 0.4603441059589386], "cam_t_m2c": [174.32949829101562, -46.02619171142578, 3180.180908203125], "obj_id": 0}, {"cam_R_m2c": [0.5713277459144592, -0.6784552931785583, -0.46182572841644287, 0.03221267834305763, 0.5808101296424866, -0.8134014010429382, 0.82008957862854, 0.44984209537506104, 0.3536878228187561], "cam_t_m2c": [-471.31256103515625, 90.1941146850586, 3846.018798828125], "obj_id": 2}, {"cam_R_m2c": [0.5961926579475403, -0.7955172061920166, 0.10819689929485321, -0.6164485812187195, -0.5399391055107117, -0.573111355304718, 0.5143397450447083, 0.2749869227409363, -0.8123031854629517], "cam_t_m2c": [656.9701538085938, 199.52792358398438, 2864.91357421875], "obj_id": 2}, {"cam_R_m2c": [0.46429264545440674, -0.5424259305000305, -0.7001474499702454, 0.3782094120979309, 0.83624267578125, -0.39705899357795715, 0.8008682727813721, -0.08045078814029694, 0.593411922454834], "cam_t_m2c": [229.68634033203125, 69.71710205078125, 3779.84521484375], "obj_id": 1}, {"cam_R_m2c": [-0.5186384916305542, -0.620111882686615, 0.5886215567588806, 0.8223878741264343, -0.5501244068145752, 0.1450563669204712, 0.23386389017105103, 0.5593070387840271, 0.7952882051467896], "cam_t_m2c": [89.51929473876953, 126.75785827636719, 4277.626953125], "obj_id": 1}, {"cam_R_m2c": [-0.9673972725868225, -0.004091051872819662, 0.2532303035259247, 0.23655353486537933, 0.342573344707489, 0.9092226624488831, -0.09046962112188339, 0.9394821524620056, -0.33043667674064636], "cam_t_m2c": [375.22125244140625, 329.01007080078125, 2619.10546875], "obj_id": 2}, {"cam_R_m2c": [-0.2440022975206375, -0.9653177857398987, 0.09286711364984512, -0.7568919658660889, 0.12969644367694855, -0.6405413746833801, 0.6062814593315125, -0.22658400237560272, -0.7622874975204468], "cam_t_m2c": [-950.8326416015625, 231.779541015625, 2999.107421875], "obj_id": 1}, {"cam_R_m2c": [-0.2707424461841583, 0.9138919711112976, 0.30248957872390747, -0.3998994827270508, 0.17905595898628235, -0.8988989591598511, -0.875659167766571, -0.3643355369567871, 0.31698688864707947], "cam_t_m2c": [302.2990417480469, -75.80801391601562, 3210.728271484375], "obj_id": 1}, {"cam_R_m2c": [0.12086682766675949, -0.3986717164516449, 0.9090940356254578, 0.43340763449668884, -0.8027142286300659, -0.4096430838108063, 0.8930559754371643, 0.44352054595947266, 0.0757659375667572], "cam_t_m2c": [571.7955322265625, 417.9241027832031, 2905.729736328125], "obj_id": 0}, {"cam_R_m2c": [-0.0074480753391981125, -0.05481263995170593, -0.998468816280365, 0.393936425447464, -0.9179118275642395, 0.04745173826813698, -0.9191074371337891, -0.39297983050346375, 0.02842950075864792], "cam_t_m2c": [179.40696716308594, -86.93061828613281, 4117.966796875], "obj_id": 1}, {"cam_R_m2c": [-0.765545129776001, 0.6136044859886169, -0.19346874952316284, 0.0038535799831151962, -0.2963273227214813, -0.955078661441803, -0.6433706283569336, -0.7319013476371765, 0.22448740899562836], "cam_t_m2c": [747.715087890625, 108.31005859375, 2921.284423828125], "obj_id": 0}, {"cam_R_m2c": [-0.18701235949993134, 0.7890514731407166, -0.5851700305938721, 0.8788422346115112, -0.13177521526813507, -0.4585537016391754, -0.43893346190452576, -0.6000274419784546, -0.6688081622123718], "cam_t_m2c": [67.1175308227539, 281.88787841796875, 2480.880126953125], "obj_id": 2}, {"cam_R_m2c": [-0.4876719117164612, -0.7359678149223328, -0.46960335969924927, 0.5903801918029785, 0.11824852228164673, -0.7984161972999573, 0.6431385278701782, -0.6666097640991211, 0.3768344223499298], "cam_t_m2c": [72.42481994628906, -95.38058471679688, 3121.007568359375], "obj_id": 2}, {"cam_R_m2c": [-0.556091845035553, -0.723118245601654, -0.40970945358276367, 0.035047467797994614, -0.5129241347312927, 0.8577181696891785, -0.8303815126419067, 0.46261081099510193, 0.3105764389038086], "cam_t_m2c": [-557.3024291992188, 173.81227111816406, 2833.832275390625], "obj_id": 2}, {"cam_R_m2c": [0.32725822925567627, 0.7894364595413208, -0.5193188190460205, -0.6659003496170044, -0.19725869596004486, -0.7194897532463074, -0.6704316735267639, 0.5812735557556152, 0.46113157272338867], "cam_t_m2c": [-6.769301414489746, -74.36182403564453, 3052.843017578125], "obj_id": 0}, {"cam_R_m2c": [0.5402991771697998, 0.0341595783829689, -0.8407793045043945, 0.6161618232727051, -0.6965435147285461, 0.3676565885543823, -0.5730805397033691, -0.7167006731033325, -0.39738965034484863], "cam_t_m2c": [615.263427734375, -254.6877899169922, 3534.64501953125], "obj_id": 0}, {"cam_R_m2c": [0.3853667676448822, -0.09569919109344482, -0.9177876114845276, 0.5594058036804199, 0.8152304291725159, 0.14988166093826294, 0.7338648438453674, -0.5711751580238342, 0.3676973879337311], "cam_t_m2c": [-611.6707763671875, 142.1302490234375, 3457.343017578125], "obj_id": 0}, {"cam_R_m2c": [0.5178397297859192, 0.8356425166130066, -0.18314912915229797, -0.055077530443668365, 0.2462124228477478, 0.9676496386528015, 0.8537027835845947, -0.4909999668598175, 0.1735237091779709], "cam_t_m2c": [-66.03205871582031, 567.171142578125, 3276.9912109375], "obj_id": 2}, {"cam_R_m2c": [0.4916268289089203, -0.251392126083374, 0.8337295651435852, -0.36824584007263184, -0.9276213049888611, -0.06255887448787689, 0.7891121506690979, -0.2762618362903595, -0.5486176013946533], "cam_t_m2c": [-487.94097900390625, -236.2631072998047, 3113.42333984375], "obj_id": 2}, {"cam_R_m2c": [0.6820456385612488, 0.7060893177986145, -0.1903986781835556, 0.6668965220451355, -0.7073620557785034, -0.2342817187309265, -0.30010461807250977, 0.03281460329890251, -0.9533416628837585], "cam_t_m2c": [-180.22125244140625, -418.4539794921875, 3706.510498046875], "obj_id": 0}, {"cam_R_m2c": [-0.8730067014694214, -0.4361245930194855, -0.21829892694950104, 0.07191634178161621, 0.3275926411151886, -0.9420780539512634, 0.4823765456676483, -0.8381398320198059, -0.25462600588798523], "cam_t_m2c": [914.7510986328125, 306.75299072265625, 3621.56689453125], "obj_id": 1}, {"cam_R_m2c": [-0.09007571637630463, -0.7759379744529724, -0.6243449449539185, 0.6019626259803772, -0.5418419241905212, 0.5865563750267029, -0.793427586555481, -0.3229978680610657, 0.5158924460411072], "cam_t_m2c": [816.9534301757812, -40.70426559448242, 3529.95751953125], "obj_id": 1}, {"cam_R_m2c": [-0.40956640243530273, -0.04487096145749092, -0.9111760854721069, 0.3543848395347595, 0.9125246405601501, -0.20423054695129395, 0.8406346440315247, -0.4065529704093933, -0.35783785581588745], "cam_t_m2c": [445.1063232421875, -10.294865608215332, 3690.783203125], "obj_id": 0}, {"cam_R_m2c": [-0.6300543546676636, 0.5595956444740295, 0.5384087562561035, 0.026036648079752922, 0.7081666588783264, -0.7055650353431702, -0.7761142253875732, -0.43052607774734497, -0.4607534110546112], "cam_t_m2c": [126.41412353515625, -290.8428955078125, 4062.60400390625], "obj_id": 1}, {"cam_R_m2c": [-0.21617193520069122, 0.003994786646217108, -0.9763471484184265, -0.32100343704223633, 0.944108784198761, 0.0749358981847763, 0.9220772385597229, 0.32960981130599976, -0.2028074860572815], "cam_t_m2c": [757.1968383789062, 21.75404930114746, 3568.78466796875], "obj_id": 0}, {"cam_R_m2c": [0.3719458281993866, 0.7515736818313599, 0.5447873473167419, -0.884326159954071, 0.46530717611312866, -0.03816388174891472, -0.2821764349937439, -0.467574805021286, 0.8377053737640381], "cam_t_m2c": [-31.802122116088867, 484.5281066894531, 2673.259521484375], "obj_id": 0}, {"cam_R_m2c": [0.4355604648590088, 0.5538737177848816, -0.7095850706100464, 0.3702944219112396, 0.6082543134689331, 0.7020745873451233, 0.8204687833786011, -0.5685513019561768, 0.05983518064022064], "cam_t_m2c": [-295.93109130859375, -462.6703186035156, 3845.2890625], "obj_id": 2}, {"cam_R_m2c": [0.3357227146625519, 0.9172763228416443, 0.2142297476530075, 0.8876446485519409, -0.3841862380504608, 0.25394460558891296, 0.3152415156364441, 0.1049049124121666, -0.9431954622268677], "cam_t_m2c": [65.23329162597656, -246.4165802001953, 3573.826416015625], "obj_id": 2}, {"cam_R_m2c": [-0.8857649564743042, 0.3567069470882416, -0.2969517111778259, 0.4588247239589691, 0.5764685273170471, -0.6761389374732971, -0.07000017166137695, -0.7351490259170532, -0.6742815375328064], "cam_t_m2c": [-633.047607421875, -425.7086181640625, 3593.21826171875], "obj_id": 1}, {"cam_R_m2c": [-0.44583889842033386, -0.3947788178920746, -0.8033537864685059, -0.7312920689582825, -0.3569025993347168, 0.5812334418296814, -0.516177773475647, 0.8466227650642395, -0.12957750260829926], "cam_t_m2c": [320.6639709472656, 5.849085807800293, 3621.1064453125], "obj_id": 1}, {"cam_R_m2c": [-0.05341174080967903, -0.14671675860881805, 0.987735390663147, -0.6309237480163574, -0.7617400288581848, -0.1472649872303009, 0.7740040421485901, -0.6310514807701111, -0.05188104882836342], "cam_t_m2c": [192.2030487060547, 13.470724105834961, 4194.541015625], "obj_id": 1}, {"cam_R_m2c": [0.002454314613714814, -0.6732772588729858, 0.7393860220909119, 0.9932766556739807, 0.08721718937158585, 0.07612200826406479, -0.11573835462331772, 0.7342280745506287, 0.668964684009552], "cam_t_m2c": [380.4668273925781, -572.7280883789062, 3783.638916015625], "obj_id": 2}, {"cam_R_m2c": [-0.8207458257675171, -0.34431207180023193, 0.45587843656539917, -0.08016926795244217, 0.8594948053359985, 0.504818320274353, -0.5656402111053467, 0.3777801990509033, -0.7330300211906433], "cam_t_m2c": [-1040.8890380859375, 230.18263244628906, 3084.430419921875], "obj_id": 0}, {"cam_R_m2c": [-0.18319275975227356, 0.5778248906135559, -0.7953355312347412, 0.24835854768753052, 0.8099860548973083, 0.5312632322311401, 0.951187789440155, -0.10020476579666138, -0.29189130663871765], "cam_t_m2c": [-289.2011413574219, 106.08158874511719, 3035.66796875], "obj_id": 2}, {"cam_R_m2c": [-0.7010831236839294, 0.6641440987586975, 0.25960513949394226, -0.6794028878211975, -0.7326927185058594, 0.03965890407562256, 0.2165500670671463, -0.14857229590415955, 0.9649001955986023], "cam_t_m2c": [-145.98728942871094, -551.84375, 3895.4794921875], "obj_id": 2}, {"cam_R_m2c": [0.6398859024047852, 0.2626057267189026, -0.7222079038619995, -0.14986355602741241, 0.9643989205360413, 0.2178889364004135, 0.7537153959274292, -0.031191419810056686, 0.6564603447914124], "cam_t_m2c": [-727.8374633789062, 178.95632934570312, 2943.605712890625], "obj_id": 1}, {"cam_R_m2c": [0.890834391117096, 0.3904378116130829, 0.23231957852840424, 0.4498290717601776, -0.8297632336616516, -0.33037349581718445, 0.06377995014190674, 0.3988121747970581, -0.914811909198761], "cam_t_m2c": [588.8134765625, 171.72158813476562, 3593.664794921875], "obj_id": 0}, {"cam_R_m2c": [0.9862428903579712, -0.059221453964710236, -0.1543302685022354, -0.10050863772630692, 0.52638179063797, -0.8442867994308472, 0.13123653829097748, 0.8481833338737488, 0.5131880044937134], "cam_t_m2c": [255.82432556152344, 326.13848876953125, 3455.72900390625], "obj_id": 0}, {"cam_R_m2c": [-0.16004668176174164, -0.7508032321929932, -0.640842854976654, 0.5072364211082458, 0.49438798427581787, -0.705897867679596, 0.8468154072761536, -0.43803542852401733, 0.3017095625400543], "cam_t_m2c": [-186.0057373046875, 523.0881958007812, 2485.499755859375], "obj_id": 2}, {"cam_R_m2c": [-0.44152599573135376, -0.6481937766075134, -0.6204026937484741, -0.6642929315567017, 0.7009491324424744, -0.2595865726470947, 0.6031330823898315, 0.2975148856639862, -0.740077793598175], "cam_t_m2c": [-203.34532165527344, -301.0589904785156, 4241.0224609375], "obj_id": 2}, {"cam_R_m2c": [0.7622106671333313, -0.42571237683296204, 0.4876512885093689, -0.4420531690120697, 0.20801694691181183, 0.8725352883338928, -0.4728887975215912, -0.8806235194206238, -0.02963477000594139], "cam_t_m2c": [38.25741958618164, 207.29949951171875, 4166.24169921875], "obj_id": 1}]
}