{
  "0": [{"cam_R_m2c": [0.17376857995986938, 0.9844677448272705, 0.025055427104234695, -0.5618676543235779, 0.07821612060070038, 0.8235211372375488, 0.8087702393531799, -0.15717995166778564, 0.5667320489883423], "cam_t_m2c": [967.2594604492188, 56.40971374511719, 833.9197998046875], "obj_id": 2}, {"cam_R_m2c": [-0.9157596230506897, -0.03358348086476326, -0.4003201127052307, -0.29143449664115906, -0.630322277545929, 0.719555139541626, -0.27649587392807007, 0.7756067514419556, 0.5674364566802979], "cam_t_m2c": [967.2594604492188, 56.40971374511719, 833.9197998046875], "obj_id": 1}, {"cam_R_m2c": [-0.5343080163002014, -0.17047840356826782, 0.8279202580451965, -0.7129231691360474, -0.43535012006759644, -0.5497369766235352, 0.45415350794792175, -0.8839724063873291, 0.11107315123081207], "cam_t_m2c": [967.2594604492188, 56.40971374511719, 833.9197998046875], "obj_id": 0}, {"cam_R_m2c": [0.15603820979595184, -0.8467403054237366, -0.5086087584495544, -0.9504479169845581, -0.26888230443000793, 0.15604794025421143, -0.268887996673584, 0.45905670523643494, -0.8467385172843933], "cam_t_m2c": [967.2594604492188, 56.40971374511719, 833.9197998046875], "obj_id": 0}, {"cam_R_m2c": [-0.5174376964569092, -0.6507505178451538, 0.5556814074516296, -0.672554075717926, -0.09223168343305588, -0.7342780828475952, 0.5290833115577698, -0.753669023513794, -0.3899407386779785], "cam_t_m2c": [967.2594604492188, 56.40971374511719, 833.9197998046875], "obj_id": 0}, {"cam_R_m2c": [0.6613224744796753, 0.5101976990699768, 0.5498643517494202, -0.1384509652853012, -0.6374329924583435, 0.7579644918441772, 0.7372135519981384, -0.5773881673812866, -0.35091134905815125], "cam_t_m2c": [967.2594604492188, 56.40971374511719, 833.9197998046875], "obj_id": 1}, {"cam_R_m2c": [-0.05112779140472412, -0.9978841543197632, 0.04016568511724472, -0.6006936430931091, 0.0628572478890419, 0.7970045804977417, -0.7978429198265076, 0.016621751710772514, -0.602636456489563], "cam_t_m2c": [967.2594604492188, 56.40971374511719, 833.9197998046875], "obj_id": 2}, {"cam_R_m2c": [-0.20849306881427765, -0.8011775016784668, 0.5609323382377625, -0.9035884737968445, 0.3772601783275604, 0.2029840052127838, -0.3742436468601227, -0.464531272649765, -0.8025909066200256], "cam_t_m2c": [967.2594604492188, 56.40971374511719, 833.9197998046875], "obj_id": 1}, {"cam_R_m2c": [-0.4366956651210785, 0.8834443688392639, 0.1697731465101242, -0.5554974675178528, -0.41325125098228455, 0.7215580344200134, 0.707615315914154, 0.2207927107810974, 0.6712161302566528], "cam_t_m2c": [967.2594604492188, 56.40971374511719, 833.9197998046875], "obj_id": 1}, {"cam_R_m2c": [0.7865813970565796, -0.18044516444206238, 0.5905330777168274, 0.2866806387901306, 0.9537492990493774, -0.09042371064424515, -0.5469039678573608, 0.24041999876499176, 0.8019315600395203], "cam_t_m2c": [967.2594604492188, 56.40971374511719, 833.9197998046875], "obj_id": 0}],
  "1": [{"cam_R_m2c": [0.17376857995986938, 0.9844677448272705, 0.025055427104234695, -0.5618676543235779, 0.07821612060070038, 0.8235211372375488, 0.8087702393531799, -0.15717995166778564, 0.5667320489883423], "cam_t_m2c": [967.2594604492188, 56.40971374511719, 833.9197998046875], "obj_id": 2}, {"cam_R_m2c": [-0.9157596230506897, -0.03358348086476326, -0.4003201127052307, -0.29143449664115906, -0.630322277545929, 0.719555139541626, -0.27649587392807007, 0.7756067514419556, 0.5674364566802979], "cam_t_m2c": [967.2594604492188, 56.40971374511719, 833.9197998046875], "obj_id": 1}, {"cam_R_m2c": [-0.5343080163002014, -0.17047840356826782, 0.8279202580451965, -0.7129231691360474, -0.43535012006759644, -0.5497369766235352, 0.45415350794792175, -0.8839724063873291, 0.11107315123081207], "cam_t_m2c": [967.2594604492188, 56.40971374511719, 833.9197998046875], "obj_id": 0}, {"cam_R_m2c": [0.15603820979595184, -0.8467403054237366, -0.5086087584495544, -0.9504479169845581, -0.26888230443000793, 0.15604794025421143, -0.268887996673584, 0.45905670523643494, -0.8467385172843933], "cam_t_m2c": [967.2594604492188, 56.40971374511719, 833.9197998046875], "obj_id": 0}, {"cam_R_m2c": [-0.5174376964569092, -0.6507505178451538, 0.5556814074516296, -0.672554075717926, -0.09223168343305588, -0.7342780828475952, 0.5290833115577698, -0.753669023513794, -0.3899407386779785], "cam_t_m2c": [967.2594604492188, 56.40971374511719, 833.9197998046875], "obj_id": 0}, {"cam_R_m2c": [0.6613224744796753, 0.5101976990699768, 0.5498643517494202, -0.1384509652853012, -0.6374329924583435, 0.7579644918441772, 0.7372135519981384, -0.5773881673812866, -0.35091134905815125], "cam_t_m2c": [967.2594604492188, 56.40971374511719, 833.9197998046875], "obj_id": 1}, {"cam_R_m2c": [-0.05112779140472412, -0.9978841543197632, 0.04016568511724472, -0.6006936430931091, 0.0628572478890419, 0.7970045804977417, -0.7978429198265076, 0.016621751710772514, -0.602636456489563], "cam_t_m2c": [967.2594604492188, 56.40971374511719, 833.9197998046875], "obj_id": 2}, {"cam_R_m2c": [-0.20849306881427765, -0.8011775016784668, 0.5609323382377625, -0.9035884737968445, 0.3772601783275604, 0.2029840052127838, -0.3742436468601227, -0.464531272649765, -0.8025909066200256], "cam_t_m2c": [967.2594604492188, 56.40971374511719, 833.9197998046875], "obj_id": 1}, {"cam_R_m2c": [-0.4366956651210785, 0.8834443688392639, 0.1697731465101242, -0.5554974675178528, -0.41325125098228455, 0.7215580344200134, 0.707615315914154, 0.2207927107810974, 0.6712161302566528], "cam_t_m2c": [967.2594604492188, 56.40971374511719, 833.9197998046875], "obj_id": 1}, {"cam_R_m2c": [0.7865813970565796, -0.18044516444206238, 0.5905330777168274, 0.2866806387901306, 0.9537492990493774, -0.09042371064424515, -0.5469039678573608, 0.24041999876499176, 0.8019315600395203], "cam_t_m2c": [967.2594604492188, 56.40971374511719, 833.9197998046875], "obj_id": 0}],
  "2": [{"cam_R_m2c": [0.17376857995986938, 0.9844677448272705, 0.025055427104234695, -0.5618676543235779, 0.07821612060070038, 0.8235211372375488, 0.8087702393531799, -0.15717995166778564, 0.5667320489883423], "cam_t_m2c": [967.2594604492188, 56.40971374511719, 833.9197998046875], "obj_id": 2}, {"cam_R_m2c": [-0.9157596230506897, -0.03358348086476326, -0.4003201127052307, -0.29143449664115906, -0.630322277545929, 0.719555139541626, -0.27649587392807007, 0.7756067514419556, 0.5674364566802979], "cam_t_m2c": [967.2594604492188, 56.40971374511719, 833.9197998046875], "obj_id": 1}, {"cam_R_m2c": [-0.5343080163002014, -0.17047840356826782, 0.8279202580451965, -0.7129231691360474, -0.43535012006759644, -0.5497369766235352, 0.45415350794792175, -0.8839724063873291, 0.11107315123081207], "cam_t_m2c": [967.2594604492188, 56.40971374511719, 833.9197998046875], "obj_id": 0}, {"cam_R_m2c": [0.15603820979595184, -0.8467403054237366, -0.5086087584495544, -0.9504479169845581, -0.26888230443000793, 0.15604794025421143, -0.268887996673584, 0.45905670523643494, -0.8467385172843933], "cam_t_m2c": [967.2594604492188, 56.40971374511719, 833.9197998046875], "obj_id": 0}, {"cam_R_m2c": [-0.5174376964569092, -0.6507505178451538, 0.5556814074516296, -0.672554075717926, -0.09223168343305588, -0.7342780828475952, 0.5290833115577698, -0.753669023513794, -0.3899407386779785], "cam_t_m2c": [967.2594604492188, 56.40971374511719, 833.9197998046875], "obj_id": 0}, {"cam_R_m2c": [0.6613224744796753, 0.5101976990699768, 0.5498643517494202, -0.1384509652853012, -0.6374329924583435, 0.7579644918441772, 0.7372135519981384, -0.5773881673812866, -0.35091134905815125], "cam_t_m2c": [967.2594604492188, 56.40971374511719, 833.9197998046875], "obj_id": 1}, {"cam_R_m2c": [-0.05112779140472412, -0.9978841543197632, 0.04016568511724472, -0.6006936430931091, 0.0628572478890419, 0.7970045804977417, -0.7978429198265076, 0.016621751710772514, -0.602636456489563], "cam_t_m2c": [967.2594604492188, 56.40971374511719, 833.9197998046875], "obj_id": 2}, {"cam_R_m2c": [-0.20849306881427765, -0.8011775016784668, 0.5609323382377625, -0.9035884737968445, 0.3772601783275604, 0.2029840052127838, -0.3742436468601227, -0.464531272649765, -0.8025909066200256], "cam_t_m2c": [967.2594604492188, 56.40971374511719, 833.9197998046875], "obj_id": 1}, {"cam_R_m2c": [-0.4366956651210785, 0.8834443688392639, 0.1697731465101242, -0.5554974675178528, -0.41325125098228455, 0.7215580344200134, 0.707615315914154, 0.2207927107810974, 0.6712161302566528], "cam_t_m2c": [967.2594604492188, 56.40971374511719, 833.9197998046875], "obj_id": 1}, {"cam_R_m2c": [0.7865813970565796, -0.18044516444206238, 0.5905330777168274, 0.2866806387901306, 0.9537492990493774, -0.09042371064424515, -0.5469039678573608, 0.24041999876499176, 0.8019315600395203], "cam_t_m2c": [967.2594604492188, 56.40971374511719, 833.9197998046875], "obj_id": 0}],
  "3": [{"cam_R_m2c": [0.17376857995986938, 0.9844677448272705, 0.025055427104234695, -0.5618676543235779, 0.07821612060070038, 0.8235211372375488, 0.8087702393531799, -0.15717995166778564, 0.5667320489883423], "cam_t_m2c": [967.2594604492188, 56.40971374511719, 833.9197998046875], "obj_id": 2}, {"cam_R_m2c": [-0.9157596230506897, -0.03358348086476326, -0.4003201127052307, -0.29143449664115906, -0.630322277545929, 0.719555139541626, -0.27649587392807007, 0.7756067514419556, 0.5674364566802979], "cam_t_m2c": [967.2594604492188, 56.40971374511719, 833.9197998046875], "obj_id": 1}, {"cam_R_m2c": [-0.5343080163002014, -0.17047840356826782, 0.8279202580451965, -0.7129231691360474, -0.43535012006759644, -0.5497369766235352, 0.45415350794792175, -0.8839724063873291, 0.11107315123081207], "cam_t_m2c": [967.2594604492188, 56.40971374511719, 833.9197998046875], "obj_id": 0}, {"cam_R_m2c": [0.15603820979595184, -0.8467403054237366, -0.5086087584495544, -0.9504479169845581, -0.26888230443000793, 0.15604794025421143, -0.268887996673584, 0.45905670523643494, -0.8467385172843933], "cam_t_m2c": [967.2594604492188, 56.40971374511719, 833.9197998046875], "obj_id": 0}, {"cam_R_m2c": [-0.5174376964569092, -0.6507505178451538, 0.5556814074516296, -0.672554075717926, -0.09223168343305588, -0.7342780828475952, 0.5290833115577698, -0.753669023513794, -0.3899407386779785], "cam_t_m2c": [967.2594604492188, 56.40971374511719, 833.9197998046875], "obj_id": 0}, {"cam_R_m2c": [0.6613224744796753, 0.5101976990699768, 0.5498643517494202, -0.1384509652853012, -0.6374329924583435, 0.7579644918441772, 0.7372135519981384, -0.5773881673812866, -0.35091134905815125], "cam_t_m2c": [967.2594604492188, 56.40971374511719, 833.9197998046875], "obj_id": 1}, {"cam_R_m2c": [-0.05112779140472412, -0.9978841543197632, 0.04016568511724472, -0.6006936430931091, 0.0628572478890419, 0.7970045804977417, -0.7978429198265076, 0.016621751710772514, -0.602636456489563], "cam_t_m2c": [967.2594604492188, 56.40971374511719, 833.9197998046875], "obj_id": 2}, {"cam_R_m2c": [-0.20849306881427765, -0.8011775016784668, 0.5609323382377625, -0.9035884737968445, 0.3772601783275604, 0.2029840052127838, -0.3742436468601227, -0.464531272649765, -0.8025909066200256], "cam_t_m2c": [967.2594604492188, 56.40971374511719, 833.9197998046875], "obj_id": 1}, {"cam_R_m2c": [-0.4366956651210785, 0.8834443688392639, 0.1697731465101242, -0.5554974675178528, -0.41325125098228455, 0.7215580344200134, 0.707615315914154, 0.2207927107810974, 0.6712161302566528], "cam_t_m2c": [967.2594604492188, 56.40971374511719, 833.9197998046875], "obj_id": 1}, {"cam_R_m2c": [0.7865813970565796, -0.18044516444206238, 0.5905330777168274, 0.2866806387901306, 0.9537492990493774, -0.09042371064424515, -0.5469039678573608, 0.24041999876499176, 0.8019315600395203], "cam_t_m2c": [967.2594604492188, 56.40971374511719, 833.9197998046875], "obj_id": 0}],
  "4": [{"cam_R_m2c": [0.17376857995986938, 0.9844677448272705, 0.025055427104234695, -0.5618676543235779, 0.07821612060070038, 0.8235211372375488, 0.8087702393531799, -0.15717995166778564, 0.5667320489883423], "cam_t_m2c": [967.2594604492188, 56.40971374511719, 833.9197998046875], "obj_id": 2}, {"cam_R_m2c": [-0.9157596230506897, -0.03358348086476326, -0.4003201127052307, -0.29143449664115906, -0.630322277545929, 0.719555139541626, -0.27649587392807007, 0.7756067514419556, 0.5674364566802979], "cam_t_m2c": [967.2594604492188, 56.40971374511719, 833.9197998046875], "obj_id": 1}, {"cam_R_m2c": [-0.5343080163002014, -0.17047840356826782, 0.8279202580451965, -0.7129231691360474, -0.43535012006759644, -0.5497369766235352, 0.45415350794792175, -0.8839724063873291, 0.11107315123081207], "cam_t_m2c": [967.2594604492188, 56.40971374511719, 833.9197998046875], "obj_id": 0}, {"cam_R_m2c": [0.15603820979595184, -0.8467403054237366, -0.5086087584495544, -0.9504479169845581, -0.26888230443000793, 0.15604794025421143, -0.268887996673584, 0.45905670523643494, -0.8467385172843933], "cam_t_m2c": [967.2594604492188, 56.40971374511719, 833.9197998046875], "obj_id": 0}, {"cam_R_m2c": [-0.5174376964569092, -0.6507505178451538, 0.5556814074516296, -0.672554075717926, -0.09223168343305588, -0.7342780828475952, 0.5290833115577698, -0.753669023513794, -0.3899407386779785], "cam_t_m2c": [967.2594604492188, 56.40971374511719, 833.9197998046875], "obj_id": 0}, {"cam_R_m2c": [0.6613224744796753, 0.5101976990699768, 0.5498643517494202, -0.1384509652853012, -0.6374329924583435, 0.7579644918441772, 0.7372135519981384, -0.5773881673812866, -0.35091134905815125], "cam_t_m2c": [967.2594604492188, 56.40971374511719, 833.9197998046875], "obj_id": 1}, {"cam_R_m2c": [-0.05112779140472412, -0.9978841543197632, 0.04016568511724472, -0.6006936430931091, 0.0628572478890419, 0.7970045804977417, -0.7978429198265076, 0.016621751710772514, -0.602636456489563], "cam_t_m2c": [967.2594604492188, 56.40971374511719, 833.9197998046875], "obj_id": 2}, {"cam_R_m2c": [-0.20849306881427765, -0.8011775016784668, 0.5609323382377625, -0.9035884737968445, 0.3772601783275604, 0.2029840052127838, -0.3742436468601227, -0.464531272649765, -0.8025909066200256], "cam_t_m2c": [967.2594604492188, 56.40971374511719, 833.9197998046875], "obj_id": 1}, {"cam_R_m2c": [-0.4366956651210785, 0.8834443688392639, 0.1697731465101242, -0.5554974675178528, -0.41325125098228455, 0.7215580344200134, 0.707615315914154, 0.2207927107810974, 0.6712161302566528], "cam_t_m2c": [967.2594604492188, 56.40971374511719, 833.9197998046875], "obj_id": 1}, {"cam_R_m2c": [0.7865813970565796, -0.18044516444206238, 0.5905330777168274, 0.2866806387901306, 0.9537492990493774, -0.09042371064424515, -0.5469039678573608, 0.24041999876499176, 0.8019315600395203], "cam_t_m2c": [967.2594604492188, 56.40971374511719, 833.9197998046875], "obj_id": 0}],
  "5": [{"cam_R_m2c": [0.17376857995986938, 0.9844677448272705, 0.025055427104234695, -0.5618676543235779, 0.07821612060070038, 0.8235211372375488, 0.8087702393531799, -0.15717995166778564, 0.5667320489883423], "cam_t_m2c": [967.2594604492188, 56.40971374511719, 833.9197998046875], "obj_id": 2}, {"cam_R_m2c": [-0.9157596230506897, -0.03358348086476326, -0.4003201127052307, -0.29143449664115906, -0.630322277545929, 0.719555139541626, -0.27649587392807007, 0.7756067514419556, 0.5674364566802979], "cam_t_m2c": [967.2594604492188, 56.40971374511719, 833.9197998046875], "obj_id": 1}, {"cam_R_m2c": [-0.5343080163002014, -0.17047840356826782, 0.8279202580451965, -0.7129231691360474, -0.43535012006759644, -0.5497369766235352, 0.45415350794792175, -0.8839724063873291, 0.11107315123081207], "cam_t_m2c": [967.2594604492188, 56.40971374511719, 833.9197998046875], "obj_id": 0}, {"cam_R_m2c": [0.15603820979595184, -0.8467403054237366, -0.5086087584495544, -0.9504479169845581, -0.26888230443000793, 0.15604794025421143, -0.268887996673584, 0.45905670523643494, -0.8467385172843933], "cam_t_m2c": [967.2594604492188, 56.40971374511719, 833.9197998046875], "obj_id": 0}, {"cam_R_m2c": [-0.5174376964569092, -0.6507505178451538, 0.5556814074516296, -0.672554075717926, -0.09223168343305588, -0.7342780828475952, 0.5290833115577698, -0.753669023513794, -0.3899407386779785], "cam_t_m2c": [967.2594604492188, 56.40971374511719, 833.9197998046875], "obj_id": 0}, {"cam_R_m2c": [0.6613224744796753, 0.5101976990699768, 0.5498643517494202, -0.1384509652853012, -0.6374329924583435, 0.7579644918441772, 0.7372135519981384, -0.5773881673812866, -0.35091134905815125], "cam_t_m2c": [967.2594604492188, 56.40971374511719, 833.9197998046875], "obj_id": 1}, {"cam_R_m2c": [-0.05112779140472412, -0.9978841543197632, 0.04016568511724472, -0.6006936430931091, 0.0628572478890419, 0.7970045804977417, -0.7978429198265076, 0.016621751710772514, -0.602636456489563], "cam_t_m2c": [967.2594604492188, 56.40971374511719, 833.9197998046875], "obj_id": 2}, {"cam_R_m2c": [-0.20849306881427765, -0.8011775016784668, 0.5609323382377625, -0.9035884737968445, 0.3772601783275604, 0.2029840052127838, -0.3742436468601227, -0.464531272649765, -0.8025909066200256], "cam_t_m2c": [967.2594604492188, 56.40971374511719, 833.9197998046875], "obj_id": 1}, {"cam_R_m2c": [-0.4366956651210785, 0.8834443688392639, 0.1697731465101242, -0.5554974675178528, -0.41325125098228455, 0.7215580344200134, 0.707615315914154, 0.2207927107810974, 0.6712161302566528], "cam_t_m2c": [967.2594604492188, 56.40971374511719, 833.9197998046875], "obj_id": 1}, {"cam_R_m2c": [0.7865813970565796, -0.18044516444206238, 0.5905330777168274, 0.2866806387901306, 0.9537492990493774, -0.09042371064424515, -0.5469039678573608, 0.24041999876499176, 0.8019315600395203], "cam_t_m2c": [967.2594604492188, 56.40971374511719, 833.9197998046875], "obj_id": 0}],
  "6": [{"cam_R_m2c": [0.17376857995986938, 0.9844677448272705, 0.025055427104234695, -0.5618676543235779, 0.07821612060070038, 0.8235211372375488, 0.8087702393531799, -0.15717995166778564, 0.5667320489883423], "cam_t_m2c": [967.2594604492188, 56.40971374511719, 833.9197998046875], "obj_id": 2}, {"cam_R_m2c": [-0.9157596230506897, -0.03358348086476326, -0.4003201127052307, -0.29143449664115906, -0.630322277545929, 0.719555139541626, -0.27649587392807007, 0.7756067514419556, 0.5674364566802979], "cam_t_m2c": [967.2594604492188, 56.40971374511719, 833.9197998046875], "obj_id": 1}, {"cam_R_m2c": [-0.5343080163002014, -0.17047840356826782, 0.8279202580451965, -0.7129231691360474, -0.43535012006759644, -0.5497369766235352, 0.45415350794792175, -0.8839724063873291, 0.11107315123081207], "cam_t_m2c": [967.2594604492188, 56.40971374511719, 833.9197998046875], "obj_id": 0}, {"cam_R_m2c": [0.15603820979595184, -0.8467403054237366, -0.5086087584495544, -0.9504479169845581, -0.26888230443000793, 0.15604794025421143, -0.268887996673584, 0.45905670523643494, -0.8467385172843933], "cam_t_m2c": [967.2594604492188, 56.40971374511719, 833.9197998046875], "obj_id": 0}, {"cam_R_m2c": [-0.5174376964569092, -0.6507505178451538, 0.5556814074516296, -0.672554075717926, -0.09223168343305588, -0.7342780828475952, 0.5290833115577698, -0.753669023513794, -0.3899407386779785], "cam_t_m2c": [967.2594604492188, 56.40971374511719, 833.9197998046875], "obj_id": 0}, {"cam_R_m2c": [0.6613224744796753, 0.5101976990699768, 0.5498643517494202, -0.1384509652853012, -0.6374329924583435, 0.7579644918441772, 0.7372135519981384, -0.5773881673812866, -0.35091134905815125], "cam_t_m2c": [967.2594604492188, 56.40971374511719, 833.9197998046875], "obj_id": 1}, {"cam_R_m2c": [-0.05112779140472412, -0.9978841543197632, 0.04016568511724472, -0.6006936430931091, 0.0628572478890419, 0.7970045804977417, -0.7978429198265076, 0.016621751710772514, -0.602636456489563], "cam_t_m2c": [967.2594604492188, 56.40971374511719, 833.9197998046875], "obj_id": 2}, {"cam_R_m2c": [-0.20849306881427765, -0.8011775016784668, 0.5609323382377625, -0.9035884737968445, 0.3772601783275604, 0.2029840052127838, -0.3742436468601227, -0.464531272649765, -0.8025909066200256], "cam_t_m2c": [967.2594604492188, 56.40971374511719, 833.9197998046875], "obj_id": 1}, {"cam_R_m2c": [-0.4366956651210785, 0.8834443688392639, 0.1697731465101242, -0.5554974675178528, -0.41325125098228455, 0.7215580344200134, 0.707615315914154, 0.2207927107810974, 0.6712161302566528], "cam_t_m2c": [967.2594604492188, 56.40971374511719, 833.9197998046875], "obj_id": 1}, {"cam_R_m2c": [0.7865813970565796, -0.18044516444206238, 0.5905330777168274, 0.2866806387901306, 0.9537492990493774, -0.09042371064424515, -0.5469039678573608, 0.24041999876499176, 0.8019315600395203], "cam_t_m2c": [967.2594604492188, 56.40971374511719, 833.9197998046875], "obj_id": 0}],
  "7": [{"cam_R_m2c": [0.17376857995986938, 0.9844677448272705, 0.025055427104234695, -0.5618676543235779, 0.07821612060070038, 0.8235211372375488, 0.8087702393531799, -0.15717995166778564, 0.5667320489883423], "cam_t_m2c": [967.2594604492188, 56.40971374511719, 833.9197998046875], "obj_id": 2}, {"cam_R_m2c": [-0.9157596230506897, -0.03358348086476326, -0.4003201127052307, -0.29143449664115906, -0.630322277545929, 0.719555139541626, -0.27649587392807007, 0.7756067514419556, 0.5674364566802979], "cam_t_m2c": [967.2594604492188, 56.40971374511719, 833.9197998046875], "obj_id": 1}, {"cam_R_m2c": [-0.5343080163002014, -0.17047840356826782, 0.8279202580451965, -0.7129231691360474, -0.43535012006759644, -0.5497369766235352, 0.45415350794792175, -0.8839724063873291, 0.11107315123081207], "cam_t_m2c": [967.2594604492188, 56.40971374511719, 833.9197998046875], "obj_id": 0}, {"cam_R_m2c": [0.15603820979595184, -0.8467403054237366, -0.5086087584495544, -0.9504479169845581, -0.26888230443000793, 0.15604794025421143, -0.268887996673584, 0.45905670523643494, -0.8467385172843933], "cam_t_m2c": [967.2594604492188, 56.40971374511719, 833.9197998046875], "obj_id": 0}, {"cam_R_m2c": [-0.5174376964569092, -0.6507505178451538, 0.5556814074516296, -0.672554075717926, -0.09223168343305588, -0.7342780828475952, 0.5290833115577698, -0.753669023513794, -0.3899407386779785], "cam_t_m2c": [967.2594604492188, 56.40971374511719, 833.9197998046875], "obj_id": 0}, {"cam_R_m2c": [0.6613224744796753, 0.5101976990699768, 0.5498643517494202, -0.1384509652853012, -0.6374329924583435, 0.7579644918441772, 0.7372135519981384, -0.5773881673812866, -0.35091134905815125], "cam_t_m2c": [967.2594604492188, 56.40971374511719, 833.9197998046875], "obj_id": 1}, {"cam_R_m2c": [-0.05112779140472412, -0.9978841543197632, 0.04016568511724472, -0.6006936430931091, 0.0628572478890419, 0.7970045804977417, -0.7978429198265076, 0.016621751710772514, -0.602636456489563], "cam_t_m2c": [967.2594604492188, 56.40971374511719, 833.9197998046875], "obj_id": 2}, {"cam_R_m2c": [-0.20849306881427765, -0.8011775016784668, 0.5609323382377625, -0.9035884737968445, 0.3772601783275604, 0.2029840052127838, -0.3742436468601227, -0.464531272649765, -0.8025909066200256], "cam_t_m2c": [967.2594604492188, 56.40971374511719, 833.9197998046875], "obj_id": 1}, {"cam_R_m2c": [-0.4366956651210785, 0.8834443688392639, 0.1697731465101242, -0.5554974675178528, -0.41325125098228455, 0.7215580344200134, 0.707615315914154, 0.2207927107810974, 0.6712161302566528], "cam_t_m2c": [967.2594604492188, 56.40971374511719, 833.9197998046875], "obj_id": 1}, {"cam_R_m2c": [0.7865813970565796, -0.18044516444206238, 0.5905330777168274, 0.2866806387901306, 0.9537492990493774, -0.09042371064424515, -0.5469039678573608, 0.24041999876499176, 0.8019315600395203], "cam_t_m2c": [967.2594604492188, 56.40971374511719, 833.9197998046875], "obj_id": 0}],
  "8": [{"cam_R_m2c": [0.17376857995986938, 0.9844677448272705, 0.025055427104234695, -0.5618676543235779, 0.07821612060070038, 0.8235211372375488, 0.8087702393531799, -0.15717995166778564, 0.5667320489883423], "cam_t_m2c": [967.2594604492188, 56.40971374511719, 833.9197998046875], "obj_id": 2}, {"cam_R_m2c": [-0.9157596230506897, -0.03358348086476326, -0.4003201127052307, -0.29143449664115906, -0.630322277545929, 0.719555139541626, -0.27649587392807007, 0.7756067514419556, 0.5674364566802979], "cam_t_m2c": [967.2594604492188, 56.40971374511719, 833.9197998046875], "obj_id": 1}, {"cam_R_m2c": [-0.5343080163002014, -0.17047840356826782, 0.8279202580451965, -0.7129231691360474, -0.43535012006759644, -0.5497369766235352, 0.45415350794792175, -0.8839724063873291, 0.11107315123081207], "cam_t_m2c": [967.2594604492188, 56.40971374511719, 833.9197998046875], "obj_id": 0}, {"cam_R_m2c": [0.15603820979595184, -0.8467403054237366, -0.5086087584495544, -0.9504479169845581, -0.26888230443000793, 0.15604794025421143, -0.268887996673584, 0.45905670523643494, -0.8467385172843933], "cam_t_m2c": [967.2594604492188, 56.40971374511719, 833.9197998046875], "obj_id": 0}, {"cam_R_m2c": [-0.5174376964569092, -0.6507505178451538, 0.5556814074516296, -0.672554075717926, -0.09223168343305588, -0.7342780828475952, 0.5290833115577698, -0.753669023513794, -0.3899407386779785], "cam_t_m2c": [967.2594604492188, 56.40971374511719, 833.9197998046875], "obj_id": 0}, {"cam_R_m2c": [0.6613224744796753, 0.5101976990699768, 0.5498643517494202, -0.1384509652853012, -0.6374329924583435, 0.7579644918441772, 0.7372135519981384, -0.5773881673812866, -0.35091134905815125], "cam_t_m2c": [967.2594604492188, 56.40971374511719, 833.9197998046875], "obj_id": 1}, {"cam_R_m2c": [-0.05112779140472412, -0.9978841543197632, 0.04016568511724472, -0.6006936430931091, 0.0628572478890419, 0.7970045804977417, -0.7978429198265076, 0.016621751710772514, -0.602636456489563], "cam_t_m2c": [967.2594604492188, 56.40971374511719, 833.9197998046875], "obj_id": 2}, {"cam_R_m2c": [-0.20849306881427765, -0.8011775016784668, 0.5609323382377625, -0.9035884737968445, 0.3772601783275604, 0.2029840052127838, -0.3742436468601227, -0.464531272649765, -0.8025909066200256], "cam_t_m2c": [967.2594604492188, 56.40971374511719, 833.9197998046875], "obj_id": 1}, {"cam_R_m2c": [-0.4366956651210785, 0.8834443688392639, 0.1697731465101242, -0.5554974675178528, -0.41325125098228455, 0.7215580344200134, 0.707615315914154, 0.2207927107810974, 0.6712161302566528], "cam_t_m2c": [967.2594604492188, 56.40971374511719, 833.9197998046875], "obj_id": 1}, {"cam_R_m2c": [0.7865813970565796, -0.18044516444206238, 0.5905330777168274, 0.2866806387901306, 0.9537492990493774, -0.09042371064424515, -0.5469039678573608, 0.24041999876499176, 0.8019315600395203], "cam_t_m2c": [967.2594604492188, 56.40971374511719, 833.9197998046875], "obj_id": 0}],
  "9": [{"cam_R_m2c": [0.17376857995986938, 0.9844677448272705, 0.025055427104234695, -0.5618676543235779, 0.07821612060070038, 0.8235211372375488, 0.8087702393531799, -0.15717995166778564, 0.5667320489883423], "cam_t_m2c": [967.2594604492188, 56.40971374511719, 833.9197998046875], "obj_id": 2}, {"cam_R_m2c": [-0.9157596230506897, -0.03358348086476326, -0.4003201127052307, -0.29143449664115906, -0.630322277545929, 0.719555139541626, -0.27649587392807007, 0.7756067514419556, 0.5674364566802979], "cam_t_m2c": [967.2594604492188, 56.40971374511719, 833.9197998046875], "obj_id": 1}, {"cam_R_m2c": [-0.5343080163002014, -0.17047840356826782, 0.8279202580451965, -0.7129231691360474, -0.43535012006759644, -0.5497369766235352, 0.45415350794792175, -0.8839724063873291, 0.11107315123081207], "cam_t_m2c": [967.2594604492188, 56.40971374511719, 833.9197998046875], "obj_id": 0}, {"cam_R_m2c": [0.15603820979595184, -0.8467403054237366, -0.5086087584495544, -0.9504479169845581, -0.26888230443000793, 0.15604794025421143, -0.268887996673584, 0.45905670523643494, -0.8467385172843933], "cam_t_m2c": [967.2594604492188, 56.40971374511719, 833.9197998046875], "obj_id": 0}, {"cam_R_m2c": [-0.5174376964569092, -0.6507505178451538, 0.5556814074516296, -0.672554075717926, -0.09223168343305588, -0.7342780828475952, 0.5290833115577698, -0.753669023513794, -0.3899407386779785], "cam_t_m2c": [967.2594604492188, 56.40971374511719, 833.9197998046875], "obj_id": 0}, {"cam_R_m2c": [0.6613224744796753, 0.5101976990699768, 0.5498643517494202, -0.1384509652853012, -0.6374329924583435, 0.7579644918441772, 0.7372135519981384, -0.5773881673812866, -0.35091134905815125], "cam_t_m2c": [967.2594604492188, 56.40971374511719, 833.9197998046875], "obj_id": 1}, {"cam_R_m2c": [-0.05112779140472412, -0.9978841543197632, 0.04016568511724472, -0.6006936430931091, 0.0628572478890419, 0.7970045804977417, -0.7978429198265076, 0.016621751710772514, -0.602636456489563], "cam_t_m2c": [967.2594604492188, 56.40971374511719, 833.9197998046875], "obj_id": 2}, {"cam_R_m2c": [-0.20849306881427765, -0.8011775016784668, 0.5609323382377625, -0.9035884737968445, 0.3772601783275604, 0.2029840052127838, -0.3742436468601227, -0.464531272649765, -0.8025909066200256], "cam_t_m2c": [967.2594604492188, 56.40971374511719, 833.9197998046875], "obj_id": 1}, {"cam_R_m2c": [-0.4366956651210785, 0.8834443688392639, 0.1697731465101242, -0.5554974675178528, -0.41325125098228455, 0.7215580344200134, 0.707615315914154, 0.2207927107810974, 0.6712161302566528], "cam_t_m2c": [967.2594604492188, 56.40971374511719, 833.9197998046875], "obj_id": 1}, {"cam_R_m2c": [0.7865813970565796, -0.18044516444206238, 0.5905330777168274, 0.2866806387901306, 0.9537492990493774, -0.09042371064424515, -0.5469039678573608, 0.24041999876499176, 0.8019315600395203], "cam_t_m2c": [967.2594604492188, 56.40971374511719, 833.9197998046875], "obj_id": 0}]
}