{
  "0": [{"cam_R_m2c": [0.36457955837249756, -0.6578130125999451, 0.6590627431869507, 0.20839537680149078, 0.7474648356437683, 0.6307675242424011, -0.9075533151626587, -0.09261927753686905, 0.4095956087112427], "cam_t_m2c": [-72.63755798339844, -83.75896453857422, 577.3038940429688], "obj_id": 3}, {"cam_R_m2c": [0.21936656534671783, 0.9756201505661011, -0.006613831501454115, 0.9534940719604492, -0.21294555068016052, 0.21331508457660675, 0.20670610666275024, -0.053100455552339554, -0.9769611358642578], "cam_t_m2c": [-7.488401889801025, -18.4014892578125, 259.64569091796875], "obj_id": 0}, {"cam_R_m2c": [-0.6768526434898376, 0.726787805557251, 0.1168321818113327, 0.007766675669699907, 0.16575592756271362, -0.9861361980438232, -0.7360774278640747, -0.6665616035461426, -0.11783697456121445], "cam_t_m2c": [-38.085323333740234, -58.485774993896484, 317.0375671386719], "obj_id": 1}, {"cam_R_m2c": [-0.13784277439117432, -0.47889888286590576, 0.8669804334640503, -0.8660038113594055, 0.4830712378025055, 0.1291491985321045, -0.4806627035140991, -0.7330061197280884, -0.48131611943244934], "cam_t_m2c": [177.310302734375, 36.719268798828125, 323.59527587890625], "obj_id": 0}, {"cam_R_m2c": [-0.014075533486902714, 0.1888657510280609, 0.9819021224975586, 0.9602448344230652, -0.27125972509384155, 0.06594092398881912, 0.27880436182022095, 0.9437945485115051, -0.17753933370113373], "cam_t_m2c": [36.4710578918457, 46.873661041259766, 260.3254089355469], "obj_id": 2}, {"cam_R_m2c": [0.15700019896030426, 0.729492723941803, -0.6657261252403259, 0.9864254593849182, -0.08298484236001968, 0.14169812202453613, 0.04812256991863251, -0.6789358258247375, -0.7326188087463379], "cam_t_m2c": [-239.74798583984375, -43.02644348144531, 342.9483947753906], "obj_id": 0}, {"cam_R_m2c": [-0.619745135307312, 0.7309276461601257, -0.2857629358768463, -0.5343826413154602, -0.1263546645641327, 0.8357448577880859, 0.5747615694999695, 0.6706557273864746, 0.46890294551849365], "cam_t_m2c": [-26.377294540405273, 0.22615748643875122, 481.65887451171875], "obj_id": 1}, {"cam_R_m2c": [0.8734482526779175, 0.011796921491622925, -0.4867739975452423, 0.12687362730503082, -0.9706868529319763, 0.2041325867176056, -0.47009697556495667, -0.240058034658432, -0.8493414521217346], "cam_t_m2c": [140.4005889892578, -18.665136337280273, 479.4634094238281], "obj_id": 3}, {"cam_R_m2c": [0.48335322737693787, 0.8585882186889648, -0.17086811363697052, -0.19161663949489594, -0.08668641746044159, -0.977634072303772, -0.854197084903717, 0.5052837133407593, 0.12261966615915298], "cam_t_m2c": [69.73917388916016, -75.23082733154297, 397.5077209472656], "obj_id": 1}, {"cam_R_m2c": [-0.15128181874752045, -0.46989473700523376, -0.869662344455719, 0.9884386658668518, -0.08092997968196869, -0.12821558117866516, -0.010133990086615086, -0.8790045976638794, 0.4767054617404938], "cam_t_m2c": [-73.99042510986328, -40.46202850341797, 615.6030883789062], "obj_id": 2}, {"cam_R_m2c": [-0.026995910331606865, 0.776505708694458, -0.6295316219329834, 0.9765883684158325, 0.1549367755651474, 0.14923059940338135, 0.21341601014137268, -0.6107646226882935, -0.7625091075897217], "cam_t_m2c": [-45.583072662353516, 4.014052867889404, 455.95184326171875], "obj_id": 2}, {"cam_R_m2c": [0.2954532206058502, 0.7679589986801147, 0.5682836771011353, -0.8755127191543579, 0.4557085931301117, -0.16064588725566864, -0.3823411762714386, -0.45007628202438354, 0.8069984912872314], "cam_t_m2c": [-122.52611541748047, -3.4404549598693848, 469.4381103515625], "obj_id": 0}, {"cam_R_m2c": [-0.8913302421569824, -0.29983288049697876, 0.34004515409469604, 0.4096967577934265, -0.2115747481584549, 0.8873470425605774, -0.19411085546016693, 0.9302346110343933, 0.31142348051071167], "cam_t_m2c": [28.743295669555664, 22.185781478881836, 467.0021057128906], "obj_id": 1}, {"cam_R_m2c": [-0.20651206374168396, -0.7050790190696716, -0.678392231464386, 0.9774991869926453, -0.11821101605892181, -0.1747032105922699, 0.04298605024814606, -0.6992062926292419, 0.7136264443397522], "cam_t_m2c": [-224.33929443359375, -34.20631408691406, 304.5365295410156], "obj_id": 0}, {"cam_R_m2c": [-0.0176834836602211, 0.6947428584098816, 0.7190406918525696, 0.9746876358985901, -0.1483246386051178, 0.16728323698043823, 0.2228703498840332, 0.7037982940673828, -0.6745343804359436], "cam_t_m2c": [428.378662109375, 85.35785675048828, 141.79957580566406], "obj_id": 2}, {"cam_R_m2c": [0.09208808094263077, 0.4733227491378784, 0.8760624527931213, 0.903830885887146, -0.4089376628398895, 0.12593558430671692, 0.4178631007671356, 0.7802150845527649, -0.46546199917793274], "cam_t_m2c": [-25.694726943969727, -131.73960876464844, 775.9749145507812], "obj_id": 0}, {"cam_R_m2c": [0.5133713483810425, -0.847353458404541, -0.13580124080181122, 0.1967337727546692, -0.037824444472789764, 0.9797270894050598, -0.8353117108345032, -0.5296804904937744, 0.14728505909442902], "cam_t_m2c": [6.944758415222168, -25.670156478881836, 367.2567138671875], "obj_id": 3}, {"cam_R_m2c": [-0.1441260427236557, -0.44660356640815735, 0.8830474615097046, 0.9775632619857788, -0.2027851641178131, 0.056993260979652405, 0.1536155641078949, 0.8714489936828613, 0.4658099114894867], "cam_t_m2c": [-57.1752815246582, 15.2060546875, 361.39544677734375], "obj_id": 1}, {"cam_R_m2c": [0.4304998219013214, -0.27838051319122314, -0.8585885167121887, 0.2040388584136963, -0.8966093063354492, 0.39301395416259766, -0.8792258501052856, -0.3443778455257416, -0.3291897177696228], "cam_t_m2c": [-580.2623291015625, -25.97347640991211, 397.958984375], "obj_id": 3}, {"cam_R_m2c": [-0.2850312888622284, 0.9272527694702148, 0.24281556904315948, -0.2121518850326538, -0.3080700933933258, 0.9274073243141174, 0.9347452521324158, 0.21282634139060974, 0.28452807664871216], "cam_t_m2c": [43.0197639465332, -46.43228530883789, 480.54132080078125], "obj_id": 3}, {"cam_R_m2c": [-0.02699609287083149, -0.7359943985939026, -0.676449179649353, 0.9765884280204773, 0.12505239248275757, -0.17503447830677032, 0.21341601014137268, -0.6653376221656799, 0.7153876423835754], "cam_t_m2c": [112.1155014038086, 17.703950881958008, 413.25469970703125], "obj_id": 2}, {"cam_R_m2c": [-0.253601610660553, -0.812007486820221, -0.525671124458313, -0.9666911363601685, 0.19333259761333466, 0.1677224487066269, -0.03456251323223114, 0.5506962537765503, -0.8339899182319641], "cam_t_m2c": [99.00521850585938, 18.85599708557129, 395.4320373535156], "obj_id": 0}, {"cam_R_m2c": [-0.1814589947462082, -0.4098435044288635, -0.8939244151115417, 0.9788337349891663, -0.1627574861049652, -0.12407436966896057, -0.09464183449745178, -0.8975178599357605, 0.43070247769355774], "cam_t_m2c": [-73.72016906738281, -97.176513671875, 527.6567993164062], "obj_id": 0}, {"cam_R_m2c": [-0.012043818831443787, -0.9190577268600464, 0.39393892884254456, -0.9377408623695374, 0.14714793860912323, 0.3146260976791382, -0.347126841545105, -0.3656233251094818, -0.8636101484298706], "cam_t_m2c": [75.96561431884766, 19.948118209838867, 274.8078308105469], "obj_id": 2}, {"cam_R_m2c": [-0.11071071773767471, -0.8637708425521851, -0.49157199263572693, -0.9845427870750427, 0.02777727320790291, 0.17292746901512146, -0.13571520149707794, 0.5031185746192932, -0.8534945845603943], "cam_t_m2c": [-136.53460693359375, -15.317008972167969, 244.23873901367188], "obj_id": 2}, {"cam_R_m2c": [-0.012473308481276035, -0.5704504251480103, -0.8212372064590454, 0.9616725444793701, 0.2181415855884552, -0.16613253951072693, 0.2739163339138031, -0.7918335795402527, 0.5458656549453735], "cam_t_m2c": [-276.4817810058594, -66.96720123291016, 668.3002319335938], "obj_id": 2}, {"cam_R_m2c": [-0.026996131986379623, -0.12285548448562622, -0.9920573830604553, 0.9765884280204773, 0.20863382518291473, -0.05241214856505394, 0.21341592073440552, -0.9702466726303101, 0.11434686928987503], "cam_t_m2c": [98.35772705078125, 34.02730178833008, 336.8194274902344], "obj_id": 2}, {"cam_R_m2c": [0.8139230608940125, -0.5362623929977417, -0.22349922358989716, -0.10247139632701874, 0.2461562156677246, -0.9637979865074158, 0.5718643665313721, 0.8073596954345703, 0.14540067315101624], "cam_t_m2c": [-158.5986785888672, -7.033284664154053, 339.0730285644531], "obj_id": 3}, {"cam_R_m2c": [-0.12168622016906738, -0.43240630626678467, 0.8934300541877747, -0.8637233972549438, 0.4896336495876312, 0.11933498829603195, -0.4890546202659607, -0.7571550011634827, -0.4330611228942871], "cam_t_m2c": [-146.38485717773438, 42.442054748535156, 256.46209716796875], "obj_id": 0}, {"cam_R_m2c": [-0.3163738548755646, 0.6476812362670898, -0.6931207180023193, 0.9474801421165466, 0.1797083169221878, -0.26454901695251465, -0.0467839352786541, -0.7404146194458008, -0.6705200672149658], "cam_t_m2c": [-61.10592269897461, -4.511441707611084, 321.34552001953125], "obj_id": 1}, {"cam_R_m2c": [-0.7798526287078857, -0.3745367228984833, 0.5015494227409363, 0.11298182606697083, 0.7038646340370178, 0.7012914419174194, -0.6156822443008423, 0.6035700440406799, -0.5065947771072388], "cam_t_m2c": [237.75379943847656, -34.980125427246094, 393.62664794921875], "obj_id": 3}, {"cam_R_m2c": [-0.20641116797924042, -0.7046792507171631, 0.6788384914398193, 0.9063018560409546, -0.39918628334999084, -0.13880690932273865, 0.36879733204841614, 0.5865812301635742, 0.7210485339164734], "cam_t_m2c": [127.92095184326172, -55.74551773071289, 447.6590270996094], "obj_id": 0}, {"cam_R_m2c": [-0.24758097529411316, -0.812974214553833, 0.527044951915741, 0.9628031253814697, -0.14567771553993225, 0.2275697886943817, -0.10822965204715729, 0.5637825131416321, 0.8188012838363647], "cam_t_m2c": [91.21744537353516, 35.914833068847656, 338.55517578125], "obj_id": 1}, {"cam_R_m2c": [-0.3272309899330139, 0.39068952202796936, -0.8603960871696472, -0.9434535503387451, -0.18620552122592926, 0.2742675840854645, -0.053057100623846054, 0.9014926552772522, 0.4295297861099243], "cam_t_m2c": [120.11840057373047, -15.966057777404785, 389.14239501953125], "obj_id": 1}, {"cam_R_m2c": [-0.09510665386915207, -0.7232977747917175, 0.6839553713798523, -0.7770640850067139, 0.4833802878856659, 0.4031313359737396, -0.6221945285797119, -0.4931367039680481, -0.6080213785171509], "cam_t_m2c": [60.456172943115234, 272.51434326171875, -243.11260986328125], "obj_id": 0}, {"cam_R_m2c": [-0.7370577454566956, 0.2153138518333435, -0.6406136155128479, 0.12477593868970871, -0.8882424831390381, -0.4421042203903198, -0.6642114520072937, -0.4057895243167877, 0.6278200745582581], "cam_t_m2c": [-27.28203010559082, -25.284963607788086, 505.2931213378906], "obj_id": 3}, {"cam_R_m2c": [-0.49149489402770996, -0.853236734867096, 0.17441238462924957, 0.529457688331604, -0.1337445229291916, 0.8377271890640259, -0.6914529204368591, 0.5040826797485352, 0.517487645149231], "cam_t_m2c": [-2.2720694541931152, 6.084521293640137, 536.7579956054688], "obj_id": 1}, {"cam_R_m2c": [0.07523372024297714, 0.5113162398338318, -0.8560931086540222, 0.9961519837379456, 0.0001664494484430179, 0.08764144778251648, 0.044954944401979446, -0.859392523765564, -0.5093361735343933], "cam_t_m2c": [-82.21617126464844, 32.654388427734375, 289.8938903808594], "obj_id": 2}, {"cam_R_m2c": [-0.026996025815606117, 0.37403538823127747, 0.9270215034484863, 0.9765884280204773, -0.18811717629432678, 0.10434107482433319, 0.21341586112976074, 0.9081352353096008, -0.36020025610923767], "cam_t_m2c": [92.04951477050781, 23.125667572021484, 385.9068603515625], "obj_id": 2}, {"cam_R_m2c": [0.4389825463294983, 0.8457976579666138, 0.30318400263786316, -0.7270361185073853, 0.1361100822687149, 0.6729727983474731, 0.5279324650764465, -0.5158490538597107, 0.6746755242347717], "cam_t_m2c": [33.90786361694336, -15.134243965148926, 504.91107177734375], "obj_id": 1}, {"cam_R_m2c": [0.05763879418373108, -0.25795260071754456, -0.9644367098808289, -0.8968725204467773, -0.4377109408378601, 0.06347134709358215, -0.43851715326309204, 0.8613184094429016, -0.2565796673297882], "cam_t_m2c": [-236.9340057373047, -66.10552978515625, 519.9461059570312], "obj_id": 0}, {"cam_R_m2c": [0.22168228030204773, 0.37865954637527466, -0.89859539270401, -0.970355212688446, 0.17664024233818054, -0.16495072841644287, 0.09626784920692444, 0.9085234999656677, 0.4065924286842346], "cam_t_m2c": [-51.28955078125, -20.084012985229492, 276.83538818359375], "obj_id": 2}, {"cam_R_m2c": [-0.02699517272412777, 0.9686024188995361, 0.24714447557926178, 0.9765884280204773, -0.02722860313951969, 0.21338553726673126, 0.2134152054786682, 0.24711886048316956, -0.9451909065246582], "cam_t_m2c": [202.01016235351562, 30.887954711914062, 364.2943420410156], "obj_id": 2}, {"cam_R_m2c": [-0.02699306793510914, 0.8292384743690491, -0.5582424998283386, 0.9765891432762146, 0.1410984992980957, 0.16237202286720276, 0.21341226994991302, -0.5407907366752625, -0.8136339783668518], "cam_t_m2c": [27.424711227416992, 14.642230987548828, 416.5488586425781], "obj_id": 2}, {"cam_R_m2c": [-0.3022392690181732, -0.9519676566123962, -0.04908067733049393, -0.9345624446868896, 0.28578630089759827, 0.21194130182266235, -0.1877346783876419, 0.10992594808340073, -0.9760490655899048], "cam_t_m2c": [89.99043273925781, 71.51283264160156, 153.3346710205078], "obj_id": 0}, {"cam_R_m2c": [0.0378415547311306, -0.8955510854721069, 0.4433465898036957, -0.9411856532096863, 0.1171317994594574, 0.31693804264068604, -0.33576419949531555, -0.4292648732662201, -0.8384473919868469], "cam_t_m2c": [130.20960998535156, 24.463895797729492, 259.4737243652344], "obj_id": 2}, {"cam_R_m2c": [-0.19400516152381897, -0.6405125856399536, -0.7430381178855896, -0.9803575277328491, 0.1540059745311737, 0.1232125386595726, 0.03551314398646355, 0.7523468732833862, -0.657809317111969], "cam_t_m2c": [-38.1830940246582, -26.713003158569336, 586.601318359375], "obj_id": 0}, {"cam_R_m2c": [-0.02699575014412403, -0.7505660653114319, 0.6602437496185303, 0.9765883684158325, -0.1608113944530487, -0.14288030564785004, 0.21341583132743835, 0.6409292221069336, 0.7373353242874146], "cam_t_m2c": [110.42729949951172, -7.06334114074707, 526.376220703125], "obj_id": 2}, {"cam_R_m2c": [0.5551507472991943, 0.7445386648178101, -0.3707691729068756, 0.8315021991729736, -0.48591843247413635, 0.2692347466945648, 0.020292097702622414, -0.4577612578868866, -0.8888435363769531], "cam_t_m2c": [-319.2795715332031, -105.90736389160156, 318.31988525390625], "obj_id": 0}, {"cam_R_m2c": [0.19550065696239471, 0.4326834976673126, 0.880093514919281, -0.8851545453071594, 0.4642227292060852, -0.03160254284739494, -0.42223334312438965, -0.7728403806686401, 0.473747581243515], "cam_t_m2c": [47.43341064453125, -26.407306671142578, 330.669921875], "obj_id": 2}, {"cam_R_m2c": [0.5563334226608276, 0.6371493935585022, -0.5334169864654541, -0.5054148435592651, -0.25008106231689453, -0.825842022895813, -0.6595823168754578, 0.7290403842926025, 0.18289639055728912], "cam_t_m2c": [96.68954467773438, -81.01888275146484, 460.3606872558594], "obj_id": 1}, {"cam_R_m2c": [0.24037379026412964, 0.6094613671302795, -0.7554979920387268, -0.9697706699371338, 0.18447086215019226, -0.15973511338233948, 0.042014963924884796, 0.7710559368133545, 0.6353797912597656], "cam_t_m2c": [-134.22715759277344, -20.926549911499023, 547.9737548828125], "obj_id": 0}],
  "1": [{"cam_R_m2c": [0.36457955837249756, -0.6578130125999451, 0.6590627431869507, 0.20839537680149078, 0.7474648356437683, 0.6307675242424011, -0.9075533151626587, -0.09261927753686905, 0.4095956087112427], "cam_t_m2c": [-72.63755798339844, -83.75896453857422, 577.3038940429688], "obj_id": 3}, {"cam_R_m2c": [0.21936656534671783, 0.9756201505661011, -0.006613831501454115, 0.9534940719604492, -0.21294555068016052, 0.21331508457660675, 0.20670610666275024, -0.053100455552339554, -0.9769611358642578], "cam_t_m2c": [-7.488401889801025, -18.4014892578125, 259.64569091796875], "obj_id": 0}, {"cam_R_m2c": [-0.6768526434898376, 0.726787805557251, 0.1168321818113327, 0.007766675669699907, 0.16575592756271362, -0.9861361980438232, -0.7360774278640747, -0.6665616035461426, -0.11783697456121445], "cam_t_m2c": [-38.085323333740234, -58.485774993896484, 317.0375671386719], "obj_id": 1}, {"cam_R_m2c": [-0.13784277439117432, -0.47889888286590576, 0.8669804334640503, -0.8660038113594055, 0.4830712378025055, 0.1291491985321045, -0.4806627035140991, -0.7330061197280884, -0.48131611943244934], "cam_t_m2c": [177.310302734375, 36.719268798828125, 323.59527587890625], "obj_id": 0}, {"cam_R_m2c": [-0.014075533486902714, 0.1888657510280609, 0.9819021224975586, 0.9602448344230652, -0.27125972509384155, 0.06594092398881912, 0.27880436182022095, 0.9437945485115051, -0.17753933370113373], "cam_t_m2c": [36.4710578918457, 46.873661041259766, 260.3254089355469], "obj_id": 2}, {"cam_R_m2c": [0.15700019896030426, 0.729492723941803, -0.6657261252403259, 0.9864254593849182, -0.08298484236001968, 0.14169812202453613, 0.04812256991863251, -0.6789358258247375, -0.7326188087463379], "cam_t_m2c": [-239.74798583984375, -43.02644348144531, 342.9483947753906], "obj_id": 0}, {"cam_R_m2c": [-0.619745135307312, 0.7309276461601257, -0.2857629358768463, -0.5343826413154602, -0.1263546645641327, 0.8357448577880859, 0.5747615694999695, 0.6706557273864746, 0.46890294551849365], "cam_t_m2c": [-26.377294540405273, 0.22615748643875122, 481.65887451171875], "obj_id": 1}, {"cam_R_m2c": [0.8734482526779175, 0.011796921491622925, -0.4867739975452423, 0.12687362730503082, -0.9706868529319763, 0.2041325867176056, -0.47009697556495667, -0.240058034658432, -0.8493414521217346], "cam_t_m2c": [140.4005889892578, -18.665136337280273, 479.4634094238281], "obj_id": 3}, {"cam_R_m2c": [0.48335322737693787, 0.8585882186889648, -0.17086811363697052, -0.19161663949489594, -0.08668641746044159, -0.977634072303772, -0.854197084903717, 0.5052837133407593, 0.12261966615915298], "cam_t_m2c": [69.73917388916016, -75.23082733154297, 397.5077209472656], "obj_id": 1}, {"cam_R_m2c": [-0.15128181874752045, -0.46989473700523376, -0.869662344455719, 0.9884386658668518, -0.08092997968196869, -0.12821558117866516, -0.010133990086615086, -0.8790045976638794, 0.4767054617404938], "cam_t_m2c": [-73.99042510986328, -40.46202850341797, 615.6030883789062], "obj_id": 2}, {"cam_R_m2c": [-0.026995910331606865, 0.776505708694458, -0.6295316219329834, 0.9765883684158325, 0.1549367755651474, 0.14923059940338135, 0.21341601014137268, -0.6107646226882935, -0.7625091075897217], "cam_t_m2c": [-45.583072662353516, 4.014052867889404, 455.95184326171875], "obj_id": 2}, {"cam_R_m2c": [0.2954532206058502, 0.7679589986801147, 0.5682836771011353, -0.8755127191543579, 0.4557085931301117, -0.16064588725566864, -0.3823411762714386, -0.45007628202438354, 0.8069984912872314], "cam_t_m2c": [-122.52611541748047, -3.4404549598693848, 469.4381103515625], "obj_id": 0}, {"cam_R_m2c": [-0.8913302421569824, -0.29983288049697876, 0.34004515409469604, 0.4096967577934265, -0.2115747481584549, 0.8873470425605774, -0.19411085546016693, 0.9302346110343933, 0.31142348051071167], "cam_t_m2c": [28.743295669555664, 22.185781478881836, 467.0021057128906], "obj_id": 1}, {"cam_R_m2c": [-0.20651206374168396, -0.7050790190696716, -0.678392231464386, 0.9774991869926453, -0.11821101605892181, -0.1747032105922699, 0.04298605024814606, -0.6992062926292419, 0.7136264443397522], "cam_t_m2c": [-224.33929443359375, -34.20631408691406, 304.5365295410156], "obj_id": 0}, {"cam_R_m2c": [-0.0176834836602211, 0.6947428584098816, 0.7190406918525696, 0.9746876358985901, -0.1483246386051178, 0.16728323698043823, 0.2228703498840332, 0.7037982940673828, -0.6745343804359436], "cam_t_m2c": [428.378662109375, 85.35785675048828, 141.79957580566406], "obj_id": 2}, {"cam_R_m2c": [0.09208808094263077, 0.4733227491378784, 0.8760624527931213, 0.903830885887146, -0.4089376628398895, 0.12593558430671692, 0.4178631007671356, 0.7802150845527649, -0.46546199917793274], "cam_t_m2c": [-25.694726943969727, -131.73960876464844, 775.9749145507812], "obj_id": 0}, {"cam_R_m2c": [0.5133713483810425, -0.847353458404541, -0.13580124080181122, 0.1967337727546692, -0.037824444472789764, 0.9797270894050598, -0.8353117108345032, -0.5296804904937744, 0.14728505909442902], "cam_t_m2c": [6.944758415222168, -25.670156478881836, 367.2567138671875], "obj_id": 3}, {"cam_R_m2c": [-0.1441260427236557, -0.44660356640815735, 0.8830474615097046, 0.9775632619857788, -0.2027851641178131, 0.056993260979652405, 0.1536155641078949, 0.8714489936828613, 0.4658099114894867], "cam_t_m2c": [-57.1752815246582, 15.2060546875, 361.39544677734375], "obj_id": 1}, {"cam_R_m2c": [0.4304998219013214, -0.27838051319122314, -0.8585885167121887, 0.2040388584136963, -0.8966093063354492, 0.39301395416259766, -0.8792258501052856, -0.3443778455257416, -0.3291897177696228], "cam_t_m2c": [-580.2623291015625, -25.97347640991211, 397.958984375], "obj_id": 3}, {"cam_R_m2c": [-0.2850312888622284, 0.9272527694702148, 0.24281556904315948, -0.2121518850326538, -0.3080700933933258, 0.9274073243141174, 0.9347452521324158, 0.21282634139060974, 0.28452807664871216], "cam_t_m2c": [43.0197639465332, -46.43228530883789, 480.54132080078125], "obj_id": 3}, {"cam_R_m2c": [-0.02699609287083149, -0.7359943985939026, -0.676449179649353, 0.9765884280204773, 0.12505239248275757, -0.17503447830677032, 0.21341601014137268, -0.6653376221656799, 0.7153876423835754], "cam_t_m2c": [112.1155014038086, 17.703950881958008, 413.25469970703125], "obj_id": 2}, {"cam_R_m2c": [-0.253601610660553, -0.812007486820221, -0.525671124458313, -0.9666911363601685, 0.19333259761333466, 0.1677224487066269, -0.03456251323223114, 0.5506962537765503, -0.8339899182319641], "cam_t_m2c": [99.00521850585938, 18.85599708557129, 395.4320373535156], "obj_id": 0}, {"cam_R_m2c": [-0.1814589947462082, -0.4098435044288635, -0.8939244151115417, 0.9788337349891663, -0.1627574861049652, -0.12407436966896057, -0.09464183449745178, -0.8975178599357605, 0.43070247769355774], "cam_t_m2c": [-73.72016906738281, -97.176513671875, 527.6567993164062], "obj_id": 0}, {"cam_R_m2c": [-0.012043818831443787, -0.9190577268600464, 0.39393892884254456, -0.9377408623695374, 0.14714793860912323, 0.3146260976791382, -0.347126841545105, -0.3656233251094818, -0.8636101484298706], "cam_t_m2c": [75.96561431884766, 19.948118209838867, 274.8078308105469], "obj_id": 2}, {"cam_R_m2c": [-0.11071071773767471, -0.8637708425521851, -0.49157199263572693, -0.9845427870750427, 0.02777727320790291, 0.17292746901512146, -0.13571520149707794, 0.5031185746192932, -0.8534945845603943], "cam_t_m2c": [-136.53460693359375, -15.317008972167969, 244.23873901367188], "obj_id": 2}, {"cam_R_m2c": [-0.012473308481276035, -0.5704504251480103, -0.8212372064590454, 0.9616725444793701, 0.2181415855884552, -0.16613253951072693, 0.2739163339138031, -0.7918335795402527, 0.5458656549453735], "cam_t_m2c": [-276.4817810058594, -66.96720123291016, 668.3002319335938], "obj_id": 2}, {"cam_R_m2c": [-0.026996131986379623, -0.12285548448562622, -0.9920573830604553, 0.9765884280204773, 0.20863382518291473, -0.05241214856505394, 0.21341592073440552, -0.9702466726303101, 0.11434686928987503], "cam_t_m2c": [98.35772705078125, 34.02730178833008, 336.8194274902344], "obj_id": 2}, {"cam_R_m2c": [0.8139230608940125, -0.5362623929977417, -0.22349922358989716, -0.10247139632701874, 0.2461562156677246, -0.9637979865074158, 0.5718643665313721, 0.8073596954345703, 0.14540067315101624], "cam_t_m2c": [-158.5986785888672, -7.033284664154053, 339.0730285644531], "obj_id": 3}, {"cam_R_m2c": [-0.12168622016906738, -0.43240630626678467, 0.8934300541877747, -0.8637233972549438, 0.4896336495876312, 0.11933498829603195, -0.4890546202659607, -0.7571550011634827, -0.4330611228942871], "cam_t_m2c": [-146.38485717773438, 42.442054748535156, 256.46209716796875], "obj_id": 0}, {"cam_R_m2c": [-0.3163738548755646, 0.6476812362670898, -0.6931207180023193, 0.9474801421165466, 0.1797083169221878, -0.26454901695251465, -0.0467839352786541, -0.7404146194458008, -0.6705200672149658], "cam_t_m2c": [-61.10592269897461, -4.511441707611084, 321.34552001953125], "obj_id": 1}, {"cam_R_m2c": [-0.7798526287078857, -0.3745367228984833, 0.5015494227409363, 0.11298182606697083, 0.7038646340370178, 0.7012914419174194, -0.6156822443008423, 0.6035700440406799, -0.5065947771072388], "cam_t_m2c": [237.75379943847656, -34.980125427246094, 393.62664794921875], "obj_id": 3}, {"cam_R_m2c": [-0.20641116797924042, -0.7046792507171631, 0.6788384914398193, 0.9063018560409546, -0.39918628334999084, -0.13880690932273865, 0.36879733204841614, 0.5865812301635742, 0.7210485339164734], "cam_t_m2c": [127.92095184326172, -55.74551773071289, 447.6590270996094], "obj_id": 0}, {"cam_R_m2c": [-0.24758097529411316, -0.812974214553833, 0.527044951915741, 0.9628031253814697, -0.14567771553993225, 0.2275697886943817, -0.10822965204715729, 0.5637825131416321, 0.8188012838363647], "cam_t_m2c": [91.21744537353516, 35.914833068847656, 338.55517578125], "obj_id": 1}, {"cam_R_m2c": [-0.3272309899330139, 0.39068952202796936, -0.8603960871696472, -0.9434535503387451, -0.18620552122592926, 0.2742675840854645, -0.053057100623846054, 0.9014926552772522, 0.4295297861099243], "cam_t_m2c": [120.11840057373047, -15.966057777404785, 389.14239501953125], "obj_id": 1}, {"cam_R_m2c": [-0.09510665386915207, -0.7232977747917175, 0.6839553713798523, -0.7770640850067139, 0.4833802878856659, 0.4031313359737396, -0.6221945285797119, -0.4931367039680481, -0.6080213785171509], "cam_t_m2c": [60.456172943115234, 272.51434326171875, -243.11260986328125], "obj_id": 0}, {"cam_R_m2c": [-0.7370577454566956, 0.2153138518333435, -0.6406136155128479, 0.12477593868970871, -0.8882424831390381, -0.4421042203903198, -0.6642114520072937, -0.4057895243167877, 0.6278200745582581], "cam_t_m2c": [-27.28203010559082, -25.284963607788086, 505.2931213378906], "obj_id": 3}, {"cam_R_m2c": [-0.49149489402770996, -0.853236734867096, 0.17441238462924957, 0.529457688331604, -0.1337445229291916, 0.8377271890640259, -0.6914529204368591, 0.5040826797485352, 0.517487645149231], "cam_t_m2c": [-2.2720694541931152, 6.084521293640137, 536.7579956054688], "obj_id": 1}, {"cam_R_m2c": [0.07523372024297714, 0.5113162398338318, -0.8560931086540222, 0.9961519837379456, 0.0001664494484430179, 0.08764144778251648, 0.044954944401979446, -0.859392523765564, -0.5093361735343933], "cam_t_m2c": [-82.21617126464844, 32.654388427734375, 289.8938903808594], "obj_id": 2}, {"cam_R_m2c": [-0.026996025815606117, 0.37403538823127747, 0.9270215034484863, 0.9765884280204773, -0.18811717629432678, 0.10434107482433319, 0.21341586112976074, 0.9081352353096008, -0.36020025610923767], "cam_t_m2c": [92.04951477050781, 23.125667572021484, 385.9068603515625], "obj_id": 2}, {"cam_R_m2c": [0.4389825463294983, 0.8457976579666138, 0.30318400263786316, -0.7270361185073853, 0.1361100822687149, 0.6729727983474731, 0.5279324650764465, -0.5158490538597107, 0.6746755242347717], "cam_t_m2c": [33.90786361694336, -15.134243965148926, 504.91107177734375], "obj_id": 1}, {"cam_R_m2c": [0.05763879418373108, -0.25795260071754456, -0.9644367098808289, -0.8968725204467773, -0.4377109408378601, 0.06347134709358215, -0.43851715326309204, 0.8613184094429016, -0.2565796673297882], "cam_t_m2c": [-236.9340057373047, -66.10552978515625, 519.9461059570312], "obj_id": 0}, {"cam_R_m2c": [0.22168228030204773, 0.37865954637527466, -0.89859539270401, -0.970355212688446, 0.17664024233818054, -0.16495072841644287, 0.09626784920692444, 0.9085234999656677, 0.4065924286842346], "cam_t_m2c": [-51.28955078125, -20.084012985229492, 276.83538818359375], "obj_id": 2}, {"cam_R_m2c": [-0.02699517272412777, 0.9686024188995361, 0.24714447557926178, 0.9765884280204773, -0.02722860313951969, 0.21338553726673126, 0.2134152054786682, 0.24711886048316956, -0.9451909065246582], "cam_t_m2c": [202.01016235351562, 30.887954711914062, 364.2943420410156], "obj_id": 2}, {"cam_R_m2c": [-0.02699306793510914, 0.8292384743690491, -0.5582424998283386, 0.9765891432762146, 0.1410984992980957, 0.16237202286720276, 0.21341226994991302, -0.5407907366752625, -0.8136339783668518], "cam_t_m2c": [27.424711227416992, 14.642230987548828, 416.5488586425781], "obj_id": 2}, {"cam_R_m2c": [-0.3022392690181732, -0.9519676566123962, -0.04908067733049393, -0.9345624446868896, 0.28578630089759827, 0.21194130182266235, -0.1877346783876419, 0.10992594808340073, -0.9760490655899048], "cam_t_m2c": [89.99043273925781, 71.51283264160156, 153.3346710205078], "obj_id": 0}, {"cam_R_m2c": [0.0378415547311306, -0.8955510854721069, 0.4433465898036957, -0.9411856532096863, 0.1171317994594574, 0.31693804264068604, -0.33576419949531555, -0.4292648732662201, -0.8384473919868469], "cam_t_m2c": [130.20960998535156, 24.463895797729492, 259.4737243652344], "obj_id": 2}, {"cam_R_m2c": [-0.19400516152381897, -0.6405125856399536, -0.7430381178855896, -0.9803575277328491, 0.1540059745311737, 0.1232125386595726, 0.03551314398646355, 0.7523468732833862, -0.657809317111969], "cam_t_m2c": [-38.1830940246582, -26.713003158569336, 586.601318359375], "obj_id": 0}, {"cam_R_m2c": [-0.02699575014412403, -0.7505660653114319, 0.6602437496185303, 0.9765883684158325, -0.1608113944530487, -0.14288030564785004, 0.21341583132743835, 0.6409292221069336, 0.7373353242874146], "cam_t_m2c": [110.42729949951172, -7.06334114074707, 526.376220703125], "obj_id": 2}, {"cam_R_m2c": [0.5551507472991943, 0.7445386648178101, -0.3707691729068756, 0.8315021991729736, -0.48591843247413635, 0.2692347466945648, 0.020292097702622414, -0.4577612578868866, -0.8888435363769531], "cam_t_m2c": [-319.2795715332031, -105.90736389160156, 318.31988525390625], "obj_id": 0}, {"cam_R_m2c": [0.19550065696239471, 0.4326834976673126, 0.880093514919281, -0.8851545453071594, 0.4642227292060852, -0.03160254284739494, -0.42223334312438965, -0.7728403806686401, 0.473747581243515], "cam_t_m2c": [47.43341064453125, -26.407306671142578, 330.669921875], "obj_id": 2}, {"cam_R_m2c": [0.5563334226608276, 0.6371493935585022, -0.5334169864654541, -0.5054148435592651, -0.25008106231689453, -0.825842022895813, -0.6595823168754578, 0.7290403842926025, 0.18289639055728912], "cam_t_m2c": [96.68954467773438, -81.01888275146484, 460.3606872558594], "obj_id": 1}, {"cam_R_m2c": [0.24037379026412964, 0.6094613671302795, -0.7554979920387268, -0.9697706699371338, 0.18447086215019226, -0.15973511338233948, 0.042014963924884796, 0.7710559368133545, 0.6353797912597656], "cam_t_m2c": [-134.22715759277344, -20.926549911499023, 547.9737548828125], "obj_id": 0}],
