{
  "0": [{"cam_R_m2c": [0.2608112394809723, -0.9628011584281921, -0.07064977288246155, 0.8555274605751038, 0.19660502672195435, 0.4789772927761078, -0.4472697973251343, -0.1853654831647873, 0.8749796152114868], "cam_t_m2c": [140.96627807617188, 260.1832275390625, 1130.1484375], "obj_id": 0}, {"cam_R_m2c": [0.0799408033490181, 0.9893920421600342, -0.12129661440849304, -0.5587201118469238, -0.05629873275756836, -0.8274431824684143, -0.8254945278167725, 0.13391733169555664, 0.5482926964759827], "cam_t_m2c": [-107.7066879272461, 157.7078094482422, 1009.6411743164062], "obj_id": 2}, {"cam_R_m2c": [-0.15903563797473907, -0.7133824229240417, 0.6824902892112732, -0.48727285861968994, 0.6579411625862122, 0.5741764307022095, -0.8586458563804626, -0.24124448001384735, -0.4522479772567749], "cam_t_m2c": [-94.07208251953125, -172.9324493408203, 1300.32421875], "obj_id": 0}, {"cam_R_m2c": [-0.7358162999153137, 0.6747652888298035, 0.057151809334754944, -0.19903922080993652, -0.13483308255672455, -0.9706717133522034, -0.6472695469856262, -0.7256114482879639, 0.23351703584194183], "cam_t_m2c": [7.179991245269775, 20.41142463684082, 1013.8914794921875], "obj_id": 3}],
  "1": [{"cam_R_m2c": [-0.9283463358879089, 0.15856343507766724, -0.33620041608810425, -0.35035496950149536, -0.6754383444786072, 0.6488717198371887, -0.12419531494379044, 0.7201671600341797, 0.6825941801071167], "cam_t_m2c": [-279.75634765625, 160.79135131835938, 1094.107666015625], "obj_id": 0}, {"cam_R_m2c": [0.41097813844680786, -0.3028000295162201, 0.8598889708518982, -0.5923514366149902, 0.6282881498336792, 0.5043548345565796, -0.692976713180542, -0.7166352868080139, 0.07884864509105682], "cam_t_m2c": [-103.88003540039062, -56.98530960083008, 1186.71337890625], "obj_id": 2}, {"cam_R_m2c": [0.43058478832244873, -0.36541494727134705, -0.8252688646316528, -0.7518338561058044, -0.6511033177375793, -0.10397259145975113, -0.499342143535614, 0.6652340888977051, -0.5550864934921265], "cam_t_m2c": [223.2719268798828, 237.463623046875, 1207.6151123046875], "obj_id": 0}, {"cam_R_m2c": [0.3976139426231384, -0.19227473437786102, 0.8971809148788452, -0.9032682180404663, -0.2538875937461853, 0.3459010720252991, 0.16127510368824005, -0.947930097579956, -0.27462488412857056], "cam_t_m2c": [-19.239795684814453, 22.49059295654297, 1050.2813720703125], "obj_id": 3}]
}