{
  "0": [{"cam_R_m2c": [0.4115857779979706, -0.9101297855377197, 0.04754983261227608, -0.5063241124153137, -0.27173182368278503, -0.8184117674827576, 0.7577816843986511, 0.3127710521221161, -0.5726616382598877], "cam_t_m2c": [-75.70550537109375, 74.7593002319336, 63.738250732421875], "obj_id": 0}, {"cam_R_m2c": [0.4115857779979706, -0.9101297855377197, 0.04754983261227608, -0.5063241124153137, -0.27173182368278503, -0.8184117674827576, 0.7577816843986511, 0.3127710521221161, -0.5726616382598877], "cam_t_m2c": [-75.70550537109375, 74.7593002319336, 63.738250732421875], "obj_id": 1}, {"cam_R_m2c": [0.4115857779979706, -0.9101297855377197, 0.04754983261227608, -0.5063241124153137, -0.27173182368278503, -0.8184117674827576, 0.7577816843986511, 0.3127710521221161, -0.5726616382598877], "cam_t_m2c": [-75.70550537109375, 74.7593002319336, 63.738250732421875], "obj_id": 0}, {"cam_R_m2c": [0.4115857779979706, -0.9101297855377197, 0.04754983261227608, -0.5063241124153137, -0.27173182368278503, -0.8184117674827576, 0.7577816843986511, 0.3127710521221161, -0.5726616382598877], "cam_t_m2c": [-75.70550537109375, 74.7593002319336, 63.738250732421875], "obj_id": 0}, {"cam_R_m2c": [0.4115857779979706, -0.9101297855377197, 0.04754983261227608, -0.5063241124153137, -0.27173182368278503, -0.8184117674827576, 0.7577816843986511, 0.3127710521221161, -0.5726616382598877], "cam_t_m2c": [-75.70550537109375, 74.7593002319336, 63.738250732421875], "obj_id": 3}, {"cam_R_m2c": [0.4115857779979706, -0.9101297855377197, 0.04754983261227608, -0.5063241124153137, -0.27173182368278503, -0.8184117674827576, 0.7577816843986511, 0.3127710521221161, -0.5726616382598877], "cam_t_m2c": [-75.70550537109375, 74.7593002319336, 63.738250732421875], "obj_id": 1}, {"cam_R_m2c": [0.4115857779979706, -0.9101297855377197, 0.04754983261227608, -0.5063241124153137, -0.27173182368278503, -0.8184117674827576, 0.7577816843986511, 0.3127710521221161, -0.5726616382598877], "cam_t_m2c": [-75.70550537109375, 74.7593002319336, 63.738250732421875], "obj_id": 1}, {"cam_R_m2c": [0.4115857779979706, -0.9101297855377197, 0.04754983261227608, -0.5063241124153137, -0.27173182368278503, -0.8184117674827576, 0.7577816843986511, 0.3127710521221161, -0.5726616382598877], "cam_t_m2c": [-75.70550537109375, 74.7593002319336, 63.738250732421875], "obj_id": 3}, {"cam_R_m2c": [0.4115857779979706, -0.9101297855377197, 0.04754983261227608, -0.5063241124153137, -0.27173182368278503, -0.8184117674827576, 0.7577816843986511, 0.3127710521221161, -0.5726616382598877], "cam_t_m2c": [-75.70550537109375, 74.7593002319336, 63.738250732421875], "obj_id": 2}, {"cam_R_m2c": [0.4115857779979706, -0.9101297855377197, 0.04754983261227608, -0.5063241124153137, -0.27173182368278503, -0.8184117674827576, 0.7577816843986511, 0.3127710521221161, -0.5726616382598877], "cam_t_m2c": [-75.70550537109375, 74.7593002319336, 63.738250732421875], "obj_id": 2}, {"cam_R_m2c": [0.4115857779979706, -0.9101297855377197, 0.04754983261227608, -0.5063241124153137, -0.27173182368278503, -0.8184117674827576, 0.7577816843986511, 0.3127710521221161, -0.5726616382598877], "cam_t_m2c": [-75.70550537109375, 74.7593002319336, 63.738250732421875], "obj_id": 0}, {"cam_R_m2c": [0.4115857779979706, -0.9101297855377197, 0.04754983261227608, -0.5063241124153137, -0.27173182368278503, -0.8184117674827576, 0.7577816843986511, 0.3127710521221161, -0.5726616382598877], "cam_t_m2c": [-75.70550537109375, 74.7593002319336, 63.738250732421875], "obj_id": 2}, {"cam_R_m2c": [0.4115857779979706, -0.9101297855377197, 0.04754983261227608, -0.5063241124153137, -0.27173182368278503, -0.8184117674827576, 0.7577816843986511, 0.3127710521221161, -0.5726616382598877], "cam_t_m2c": [-75.70550537109375, 74.7593002319336, 63.738250732421875], "obj_id": 2}, {"cam_R_m2c": [0.4115857779979706, -0.9101297855377197, 0.04754983261227608, -0.5063241124153137, -0.27173182368278503, -0.8184117674827576, 0.7577816843986511, 0.3127710521221161, -0.5726616382598877], "cam_t_m2c": [-75.70550537109375, 74.7593002319336, 63.738250732421875], "obj_id": 2}, {"cam_R_m2c": [0.4115857779979706, -0.9101297855377197, 0.04754983261227608, -0.5063241124153137, -0.27173182368278503, -0.8184117674827576, 0.7577816843986511, 0.3127710521221161, -0.5726616382598877], "cam_t_m2c": [-75.70550537109375, 74.7593002319336, 63.738250732421875], "obj_id": 3}, {"cam_R_m2c": [0.4115857779979706, -0.9101297855377197, 0.04754983261227608, -0.5063241124153137, -0.27173182368278503, -0.8184117674827576, 0.7577816843986511, 0.3127710521221161, -0.5726616382598877], "cam_t_m2c": [-75.70550537109375, 74.7593002319336, 63.738250732421875], "obj_id": 2}, {"cam_R_m2c": [0.4115857779979706, -0.9101297855377197, 0.04754983261227608, -0.5063241124153137, -0.27173182368278503, -0.8184117674827576, 0.7577816843986511, 0.3127710521221161, -0.5726616382598877], "cam_t_m2c": [-75.70550537109375, 74.7593002319336, 63.738250732421875], "obj_id": 2}, {"cam_R_m2c": [0.4115857779979706, -0.9101297855377197, 0.04754983261227608, -0.5063241124153137, -0.27173182368278503, -0.8184117674827576, 0.7577816843986511, 0.3127710521221161, -0.5726616382598877], "cam_t_m2c": [-75.70550537109375, 74.7593002319336, 63.738250732421875], "obj_id": 0}, {"cam_R_m2c": [0.4115857779979706, -0.9101297855377197, 0.04754983261227608, -0.5063241124153137, -0.27173182368278503, -0.8184117674827576, 0.7577816843986511, 0.3127710521221161, -0.5726616382598877], "cam_t_m2c": [-75.70550537109375, 74.7593002319336, 63.738250732421875], "obj_id": 0}, {"cam_R_m2c": [0.4115857779979706, -0.9101297855377197, 0.04754983261227608, -0.5063241124153137, -0.27173182368278503, -0.8184117674827576, 0.7577816843986511, 0.3127710521221161, -0.5726616382598877], "cam_t_m2c": [-75.70550537109375, 74.7593002319336, 63.738250732421875], "obj_id": 3}, {"cam_R_m2c": [0.4115857779979706, -0.9101297855377197, 0.04754983261227608, -0.5063241124153137, -0.27173182368278503, -0.8184117674827576, 0.7577816843986511, 0.3127710521221161, -0.5726616382598877], "cam_t_m2c": [-75.70550537109375, 74.7593002319336, 63.738250732421875], "obj_id": 1}, {"cam_R_m2c": [0.4115857779979706, -0.9101297855377197, 0.04754983261227608, -0.5063241124153137, -0.27173182368278503, -0.8184117674827576, 0.7577816843986511, 0.3127710521221161, -0.5726616382598877], "cam_t_m2c": [-75.70550537109375, 74.7593002319336, 63.738250732421875], "obj_id": 1}, {"cam_R_m2c": [0.4115857779979706, -0.9101297855377197, 0.04754983261227608, -0.5063241124153137, -0.27173182368278503, -0.8184117674827576, 0.7577816843986511, 0.3127710521221161, -0.5726616382598877], "cam_t_m2c": [-75.70550537109375, 74.7593002319336, 63.738250732421875], "obj_id": 1}, {"cam_R_m2c": [0.4115857779979706, -0.9101297855377197, 0.04754983261227608, -0.5063241124153137, -0.27173182368278503, -0.8184117674827576, 0.7577816843986511, 0.3127710521221161, -0.5726616382598877], "cam_t_m2c": [-75.70550537109375, 74.7593002319336, 63.738250732421875], "obj_id": 2}, {"cam_R_m2c": [-0.05881205573678017, -0.05128483846783638, -0.9969508647918701, 0.48369526863098145, 0.8721533417701721, -0.07339915633201599, 0.8732582926750183, -0.4865371584892273, -0.026486901566386223], "cam_t_m2c": [10.84375286102295, -18.650676727294922, 153.5730743408203], "obj_id": 3}, {"cam_R_m2c": [0.27244073152542114, -0.7339416146278381, -0.6221781969070435, 0.7154606580734253, -0.2778366804122925, 0.6410325765609741, -0.6433444619178772, -0.6197873950004578, 0.44941234588623047], "cam_t_m2c": [-221.0459747314453, -50.3648681640625, 168.8227996826172], "obj_id": 0}, {"cam_R_m2c": [-0.5512710809707642, 0.6114155650138855, 0.5676892995834351, -0.25292089581489563, 0.525933563709259, -0.8120498061180115, -0.7950667142868042, -0.5912401080131531, -0.135292187333107], "cam_t_m2c": [-360.68695068359375, 6449.29833984375, 4629.51806640625], "obj_id": 2}, {"cam_R_m2c": [0.0636056587100029, -0.7119351625442505, 0.6993586421012878, 0.4958312213420868, -0.5856214761734009, -0.6412478089332581, 0.8660863637924194, 0.38755083084106445, 0.31575095653533936], "cam_t_m2c": [-232.11544799804688, 77.43531036376953, 6.406886577606201], "obj_id": 3}, {"cam_R_m2c": [-0.17771895229816437, 0.46244144439697266, -0.8686563372612, 0.5572625398635864, -0.680249035358429, -0.47615087032318115, -0.8110945820808411, -0.5686907172203064, -0.1368081122636795], "cam_t_m2c": [-47.13164520263672, 131.08323669433594, -28.352535247802734], "obj_id": 3}, {"cam_R_m2c": [0.5554355382919312, -0.6791297197341919, -0.47986891865730286, 0.6749133467674255, 0.7052832245826721, -0.2169506996870041, 0.48578116297721863, -0.20336778461933136, 0.8500930666923523], "cam_t_m2c": [-72.02584838867188, -43.85505294799805, 177.55361938476562], "obj_id": 1}, {"cam_R_m2c": [0.6790076494216919, -0.05245743319392204, 0.7322545647621155, 0.716479480266571, -0.17005981504917145, -0.6765624284744263, 0.16001784801483154, 0.9840364456176758, -0.07788722962141037], "cam_t_m2c": [104.12786865234375, 46.3477897644043, 57.65217971801758], "obj_id": 0}, {"cam_R_m2c": [-0.6219339370727539, -0.6910718679428101, -0.3682633340358734, 0.5808292627334595, -0.7225283980369568, 0.3749534487724304, -0.5252004861831665, 0.019298147410154343, 0.8507596850395203], "cam_t_m2c": [-70.64954376220703, 191.2353057861328, -163.9690399169922], "obj_id": 0}],
  "1": [{"cam_R_m2c": [0.0028497374150902033, -0.969089150428772, -0.24669411778450012, -0.766867995262146, 0.15621142089366913, -0.6225041151046753, 0.6417984366416931, 0.19095578789710999, -0.7427183389663696], "cam_t_m2c": [-14.752618789672852, 117.62754821777344, 82.47248077392578], "obj_id": 0}, {"cam_R_m2c": [0.0028497374150902033, -0.969089150428772, -0.24669411778450012, -0.766867995262146, 0.15621142089366913, -0.6225041151046753, 0.6417984366416931, 0.19095578789710999, -0.7427183389663696], "cam_t_m2c": [-14.752618789672852, 117.62754821777344, 82.47248077392578], "obj_id": 1}, {"cam_R_m2c": [0.0028497374150902033, -0.969089150428772, -0.24669411778450012, -0.766867995262146, 0.15621142089366913, -0.6225041151046753, 0.6417984366416931, 0.19095578789710999, -0.7427183389663696], "cam_t_m2c": [-14.752618789672852, 117.62754821777344, 82.47248077392578], "obj_id": 0}, {"cam_R_m2c": [0.0028497374150902033, -0.969089150428772, -0.24669411778450012, -0.766867995262146, 0.15621142089366913, -0.6225041151046753, 0.6417984366416931, 0.19095578789710999, -0.7427183389663696], "cam_t_m2c": [-14.752618789672852, 117.62754821777344, 82.47248077392578], "obj_id": 0}, {"cam_R_m2c": [0.0028497374150902033, -0.969089150428772, -0.24669411778450012, -0.766867995262146, 0.15621142089366913, -0.6225041151046753, 0.6417984366416931, 0.19095578789710999, -0.7427183389663696], "cam_t_m2c": [-14.752618789672852, 117.62754821777344, 82.47248077392578], "obj_id": 3}, {"cam_R_m2c": [0.0028497374150902033, -0.969089150428772, -0.24669411778450012, -0.766867995262146, 0.15621142089366913, -0.6225041151046753, 0.6417984366416931, 0.19095578789710999, -0.7427183389663696], "cam_t_m2c": [-14.752618789672852, 117.62754821777344, 82.47248077392578], "obj_id": 1}, {"cam_R_m2c": [0.0028497374150902033, -0.969089150428772, -0.24669411778450012, -0.766867995262146, 0.15621142089366913, -0.6225041151046753, 0.6417984366416931, 0.19095578789710999, -0.7427183389663696], "cam_t_m2c": [-14.752618789672852, 117.62754821777344, 82.47248077392578], "obj_id": 1}, {"cam_R_m2c": [0.0028497374150902033, -0.969089150428772, -0.24669411778450012, -0.766867995262146, 0.15621142089366913, -0.6225041151046753, 0.6417984366416931, 0.19095578789710999, -0.7427183389663696], "cam_t_m2c": [-14.752618789672852, 117.62754821777344, 82.47248077392578], "obj_id": 3}, {"cam_R_m2c": [0.0028497374150902033, -0.969089150428772, -0.24669411778450012, -0.766867995262146, 0.15621142089366913, -0.6225041151046753, 0.6417984366416931, 0.19095578789710999, -0.7427183389663696], "cam_t_m2c": [-14.752618789672852, 117.62754821777344, 82.47248077392578], "obj_id": 2}, {"cam_R_m2c": [0.0028497374150902033, -0.969089150428772, -0.24669411778450012, -0.766867995262146, 0.15621142089366913, -0.6225041151046753, 0.6417984366416931, 0.19095578789710999, -0.7427183389663696], "cam_t_m2c": [-14.752618789672852, 117.62754821777344, 82.47248077392578], "obj_id": 2}, {"cam_R_m2c": [0.0028497374150902033, -0.969089150428772, -0.24669411778450012, -0.766867995262146, 0.15621142089366913, -0.6225041151046753, 0.6417984366416931, 0.19095578789710999, -0.7427183389663696], "cam_t_m2c": [-14.752618789672852, 117.62754821777344, 82.47248077392578], "obj_id": 0}, {"cam_R_m2c": [0.0028497374150902033, -0.969089150428772, -0.24669411778450012, -0.766867995262146, 0.15621142089366913, -0.6225041151046753, 0.6417984366416931, 0.19095578789710999, -0.7427183389663696], "cam_t_m2c": [-14.752618789672852, 117.62754821777344, 82.47248077392578], "obj_id": 2}, {"cam_R_m2c": [0.0028497374150902033, -0.969089150428772, -0.24669411778450012, -0.766867995262146, 0.15621142089366913, -0.6225041151046753, 0.6417984366416931, 0.19095578789710999, -0.7427183389663696], "cam_t_m2c": [-14.752618789672852, 117.62754821777344, 82.47248077392578], "obj_id": 2}, {"cam_R_m2c": [0.0028497374150902033, -0.969089150428772, -0.24669411778450012, -0.766867995262146, 0.15621142089366913, -0.6225041151046753, 0.6417984366416931, 0.19095578789710999, -0.7427183389663696], "cam_t_m2c": [-14.752618789672852, 117.62754821777344, 82.47248077392578], "obj_id": 2}, {"cam_R_m2c": [0.0028497374150902033, -0.969089150428772, -0.24669411778450012, -0.766867995262146, 0.15621142089366913, -0.6225041151046753, 0.6417984366416931, 0.19095578789710999, -0.7427183389663696], "cam_t_m2c": [-14.752618789672852, 117.62754821777344, 82.47248077392578], "obj_id": 3}, {"cam_R_m2c": [0.0028497374150902033, -0.969089150428772, -0.24669411778450012, -0.766867995262146, 0.15621142089366913, -0.6225041151046753, 0.6417984366416931, 0.19095578789710999, -0.7427183389663696], "cam_t_m2c": [-14.752618789672852, 117.62754821777344, 82.47248077392578], "obj_id": 2}, {"cam_R_m2c": [0.0028497374150902033, -0.969089150428772, -0.24669411778450012, -0.766867995262146, 0.15621142089366913, -0.6225041151046753, 0.6417984366416931, 0.19095578789710999, -0.7427183389663696], "cam_t_m2c": [-14.752618789672852, 117.62754821777344, 82.47248077392578], "obj_id": 2}, {"cam_R_m2c": [0.0028497374150902033, -0.969089150428772, -0.24669411778450012, -0.766867995262146, 0.15621142089366913, -0.6225041151046753, 0.6417984366416931, 0.19095578789710999, -0.7427183389663696], "cam_t_m2c": [-14.752618789672852, 117.62754821777344, 82.47248077392578], "obj_id": 0}, {"cam_R_m2c": [0.0028497374150902033, -0.969089150428772, -0.24669411778450012, -0.766867995262146, 0.15621142089366913, -0.6225041151046753, 0.6417984366416931, 0.19095578789710999, -0.7427183389663696], "cam_t_m2c": [-14.752618789672852, 117.62754821777344, 82.47248077392578], "obj_id": 0}, {"cam_R_m2c": [0.0028497374150902033, -0.969089150428772, -0.24669411778450012, -0.766867995262146, 0.15621142089366913, -0.6225041151046753, 0.6417984366416931, 0.19095578789710999, -0.7427183389663696], "cam_t_m2c": [-14.752618789672852, 117.62754821777344, 82.47248077392578], "obj_id": 3}, {"cam_R_m2c": [0.0028497374150902033, -0.969089150428772, -0.24669411778450012, -0.766867995262146, 0.15621142089366913, -0.6225041151046753, 0.6417984366416931, 0.19095578789710999, -0.7427183389663696], "cam_t_m2c": [-14.752618789672852, 117.62754821777344, 82.47248077392578], "obj_id": 1}, {"cam_R_m2c": [0.0028497374150902033, -0.969089150428772, -0.24669411778450012, -0.766867995262146, 0.15621142089366913, -0.6225041151046753, 0.6417984366416931, 0.19095578789710999, -0.7427183389663696], "cam_t_m2c": [-14.752618789672852, 117.62754821777344, 82.47248077392578], "obj_id": 1}, {"cam_R_m2c": [0.0028497374150902033, -0.969089150428772, -0.24669411778450012, -0.766867995262146, 0.15621142089366913, -0.6225041151046753, 0.6417984366416931, 0.19095578789710999, -0.7427183389663696], "cam_t_m2c": [-14.752618789672852, 117.62754821777344, 82.47248077392578], "obj_id": 1}, {"cam_R_m2c": [0.0028497374150902033, -0.969089150428772, -0.24669411778450012, -0.766867995262146, 0.15621142089366913, -0.6225041151046753, 0.6417984366416931, 0.19095578789710999, -0.7427183389663696], "cam_t_m2c": [-14.752618789672852, 117.62754821777344, 82.47248077392578], "obj_id": 2}, {"cam_R_m2c": [0.03364598751068115, 0.4374876618385315, -0.8985947370529175, 0.28887245059013367, 0.8564714789390564, 0.4277958571910858, 0.9567761421203613, -0.27397286891937256, -0.0975612998008728], "cam_t_m2c": [3.003467559814453, -20.24142074584961, 152.92369079589844], "obj_id": 3}, {"cam_R_m2c": [0.6719605922698975, -0.6694803833961487, -0.31664642691612244, 0.5922296643257141, 0.22903640568256378, 0.7725324034690857, -0.44467175006866455, -0.7066386938095093, 0.5503895878791809], "cam_t_m2c": [-216.21800231933594, 62.97700119018555, 147.64686584472656], "obj_id": 0}, {"cam_R_m2c": [-0.47075140476226807, 0.8711367249488831, 0.13969115912914276, 0.1921221762895584, 0.25575053691864014, -0.9474600553512573, -0.8610934019088745, -0.4191805124282837, -0.2877595126628876], "cam_t_m2c": [1964.3067626953125, 4906.12451171875, 5974.49755859375], "obj_id": 2}, {"cam_R_m2c": [0.14709928631782532, -0.9538927674293518, 0.26163017749786377, 0.24084597826004028, -0.2220042198896408, -0.9448318481445312, 0.9593513011932373, 0.20199663937091827, 0.19708462059497833], "cam_t_m2c": [-140.6591796875, 206.22874450683594, 18.78974723815918], "obj_id": 3}, {"cam_R_m2c": [0.23308832943439484, 0.1783028542995453, -0.9559695720672607, 0.7058190107345581, -0.7072515487670898, 0.04018241539597511, -0.6689464449882507, -0.6841076016426086, -0.29070159792900085], "cam_t_m2c": [50.974342346191406, 168.06179809570312, 7.5997724533081055], "obj_id": 3}, {"cam_R_m2c": [0.7194791436195374, -0.23224742710590363, -0.6545310020446777, 0.221143439412117, 0.9699874520301819, -0.10109374672174454, 0.6583656072616577, -0.07201041281223297, 0.7492457032203674], "cam_t_m2c": [-84.7308578491211, -5.622918605804443, 165.83445739746094], "obj_id": 1}, {"cam_R_m2c": [0.8984575867652893, -0.2817073464393616, 0.33677130937576294, 0.2537267804145813, -0.2928544282913208, -0.9218778610229492, 0.35832479596138, 0.9137160778045654, -0.19164057075977325], "cam_t_m2c": [129.75619506835938, 6.7453179359436035, 79.89619445800781], "obj_id": 0}, {"cam_R_m2c": [-0.18873757123947144, -0.9404078125953674, -0.28286269307136536, 0.8922348618507385, -0.2845398485660553, 0.3506481349468231, -0.4102379381656647, -0.18619947135448456, 0.8927679657936096], "cam_t_m2c": [80.0317153930664, 254.81077575683594, -111.53665161132812], "obj_id": 0}]
}