{
  "0": [{"cam_R_m2c": [-0.4424515664577484, 0.026362886652350426, -0.8964046835899353, -0.01543678529560566, 0.9991958141326904, 0.037005290389060974, 0.8966594338417053, 0.03021066077053547, -0.44168880581855774], "cam_t_m2c": [-18.52530288696289, -179.44766235351562, 608.2241821289062], "obj_id": 3}, {"cam_R_m2c": [-0.7837270498275757, 0.1820777803659439, -0.5938177704811096, 0.136255145072937, -0.8823752403259277, -0.45038697123527527, -0.6059755682945251, -0.4338911771774292, 0.6667323708534241], "cam_t_m2c": [171.52474975585938, -279.4581604003906, 399.9765319824219], "obj_id": 3}, {"cam_R_m2c": [-0.46069177985191345, 0.4296867549419403, 0.7766157388687134, 0.60379958152771, -0.4895983934402466, 0.6290621161460876, 0.6505296230316162, 0.7587241530418396, -0.0338904932141304], "cam_t_m2c": [298.7994689941406, -268.6528625488281, 566.2381591796875], "obj_id": 3}, {"cam_R_m2c": [-0.14466463029384613, 0.2836228311061859, -0.9479610919952393, 0.22277095913887024, -0.9241070747375488, -0.31048211455345154, -0.964077353477478, -0.25609397888183594, 0.07050272077322006], "cam_t_m2c": [119.71587371826172, -265.4621887207031, 374.49072265625], "obj_id": 3}, {"cam_R_m2c": [0.8410612940788269, -0.4474279284477234, 0.30401334166526794, -0.5240184664726257, -0.8133754134178162, 0.2526359260082245, 0.13424062728881836, -0.37179091572761536, -0.9185590744018555], "cam_t_m2c": [9.217381477355957, -174.85104370117188, 346.6291198730469], "obj_id": 3}, {"cam_R_m2c": [0.7214993834495544, -0.37566521763801575, 0.5816479325294495, -0.32217937707901, -0.9256925582885742, -0.1982268989086151, 0.6128940582275391, -0.044374365359544754, -0.7889181971549988], "cam_t_m2c": [46.87974166870117, -25.047439575195312, 572.9027099609375], "obj_id": 3}, {"cam_R_m2c": [0.0397859625518322, -0.9950825572013855, 0.09070774167776108, 0.8225494027137756, -0.01892351359128952, -0.5683788657188416, 0.5673003792762756, 0.0972251370549202, 0.8177515268325806], "cam_t_m2c": [66.71952819824219, -43.29802322387695, 689.7344970703125], "obj_id": 3}, {"cam_R_m2c": [0.08102599531412125, 0.3710554242134094, 0.9250690340995789, 0.9965453147888184, -0.013183873146772385, -0.08199841529130936, -0.018230009824037552, 0.9285171627998352, -0.3708418011665344], "cam_t_m2c": [-27.709091186523438, -151.78076171875, 639.48095703125], "obj_id": 3}, {"cam_R_m2c": [0.03330681845545769, -0.9852254390716553, -0.1679932326078415, 0.45333030819892883, -0.1349087655544281, 0.881074070930481, -0.8907201886177063, -0.10550227016210556, 0.44213899970054626], "cam_t_m2c": [154.26406860351562, -341.3634948730469, 360.7940979003906], "obj_id": 3}, {"cam_R_m2c": [-0.10923796147108078, 0.9852035045623779, 0.13206419348716736, -0.012506149709224701, 0.1314866542816162, -0.9912389516830444, -0.9939368367195129, -0.10993264615535736, -0.002042139181867242], "cam_t_m2c": [183.86831665039062, -228.3484649658203, 446.63671875], "obj_id": 3}, {"cam_R_m2c": [0.9534848928451538, -0.040204741060733795, -0.2987476885318756, -0.008067050017416477, -0.9941139817237854, 0.10803860425949097, -0.30133292078971863, -0.10060316324234009, -0.9481970071792603], "cam_t_m2c": [306.42559814453125, -61.6453857421875, 643.76123046875], "obj_id": 3}, {"cam_R_m2c": [0.12271039932966232, -0.8730510473251343, 0.4719364643096924, 0.45901697874069214, -0.37168383598327637, -0.8069415092468262, 0.879912257194519, 0.3156469762325287, 0.3551357686519623], "cam_t_m2c": [94.67866516113281, -52.934593200683594, 597.6904296875], "obj_id": 3}, {"cam_R_m2c": [-0.9247835874557495, -0.35476523637771606, 0.13753917813301086, 0.3613106310367584, -0.705452561378479, 0.6097469329833984, -0.11928965896368027, 0.6135783195495605, 0.7805713415145874], "cam_t_m2c": [-24.00142478942871, -62.53890609741211, 742.2418823242188], "obj_id": 3}, {"cam_R_m2c": [0.4949091374874115, 0.12476024031639099, 0.8599417805671692, 0.8487610816955566, 0.1426534354686737, -0.5091707110404968, -0.18619795143604279, 0.9818782806396484, -0.0352911651134491], "cam_t_m2c": [-85.5837173461914, -110.85646057128906, 738.6566162109375], "obj_id": 3}, {"cam_R_m2c": [-0.4741106927394867, 0.8777985572814941, -0.06847603619098663, -0.6143518090248108, -0.27410149574279785, 0.7398921847343445, 0.6307068467140198, 0.3928590714931488, 0.6692313551902771], "cam_t_m2c": [213.23716735839844, -47.349578857421875, 630.4580688476562], "obj_id": 3}, {"cam_R_m2c": [-0.5387766361236572, 0.6480780839920044, -0.5382511615753174, 0.16351811587810516, -0.5463138818740845, -0.8214637637138367, -0.8264268636703491, -0.5305994153022766, 0.18836882710456848], "cam_t_m2c": [159.2877655029297, 16.9682559967041, 493.8573913574219], "obj_id": 3}, {"cam_R_m2c": [-0.9239327907562256, -0.37105661630630493, -0.09308765083551407, 0.12249287217855453, -0.5174685716629028, 0.8468894958496094, -0.3624138832092285, 0.7710663676261902, 0.5235579013824463], "cam_t_m2c": [197.1163330078125, -366.3758239746094, 546.7352294921875], "obj_id": 3}, {"cam_R_m2c": [0.5495041012763977, 0.532525897026062, 0.6437867283821106, -0.07682199031114578, 0.7994890809059143, -0.5957478880882263, -0.8319516777992249, 0.27790895104408264, 0.48023223876953125], "cam_t_m2c": [63.310630798339844, -124.87831115722656, 713.8642578125], "obj_id": 3}, {"cam_R_m2c": [-0.10557527095079422, 0.9836699366569519, -0.1457645297050476, -0.9942409992218018, -0.1017041802406311, 0.03377996012568474, 0.018403466790914536, 0.14849139750003815, 0.988742470741272], "cam_t_m2c": [278.0323791503906, -358.9479064941406, 447.98974609375], "obj_id": 3}, {"cam_R_m2c": [0.8493667244911194, 0.4587322175502777, -0.261038213968277, 0.3536495566368103, -0.8617686033248901, -0.3637125492095947, -0.39180120825767517, 0.21660926938056946, -0.8941880464553833], "cam_t_m2c": [148.71151733398438, -411.0032958984375, 691.083984375], "obj_id": 3}, {"cam_R_m2c": [0.6614044904708862, 0.30707669258117676, 0.6842864155769348, 0.7337591648101807, -0.0759168192744255, -0.6751547455787659, -0.1553753912448883, 0.9486518502235413, -0.2755320370197296], "cam_t_m2c": [24.771289825439453, -316.507568359375, 321.2288818359375], "obj_id": 3}, {"cam_R_m2c": [0.9048663973808289, 0.02777727134525776, -0.4247884154319763, -0.4055844247341156, -0.2468322217464447, -0.8800994157791138, -0.12929826974868774, 0.9686599373817444, -0.21208415925502777], "cam_t_m2c": [216.93702697753906, -271.50897216796875, 697.537353515625], "obj_id": 3}, {"cam_R_m2c": [-0.17637766897678375, -0.5210654139518738, -0.8350938558578491, -0.25312039256095886, -0.7958540916442871, 0.5500421524047852, -0.9512207508087158, 0.3083944320678711, 0.008478628471493721], "cam_t_m2c": [64.45384979248047, -33.20566940307617, 726.2537841796875], "obj_id": 3}, {"cam_R_m2c": [0.5976482629776001, 0.6985170245170593, 0.39356139302253723, -0.7002302408218384, 0.6938387751579285, -0.16812320053577423, -0.3905050754547119, -0.1751050502061844, 0.9037942290306091], "cam_t_m2c": [23.22519302368164, -10.116307258605957, 646.6139526367188], "obj_id": 3}, {"cam_R_m2c": [0.8471137285232544, 0.44201409816741943, -0.2949947416782379, -0.496078222990036, 0.8567945957183838, -0.1407461315393448, 0.19053812325000763, 0.26556843519210815, 0.9450759887695312], "cam_t_m2c": [39.46248245239258, -91.27960205078125, 715.3654174804688], "obj_id": 3}, {"cam_R_m2c": [0.754474937915802, 0.24576441943645477, -0.6085782051086426, -0.6551517248153687, 0.22649863362312317, -0.720745861530304, -0.03929157555103302, 0.9424957036972046, 0.33190053701400757], "cam_t_m2c": [-20.75180435180664, -357.28790283203125, 466.61376953125], "obj_id": 3}, {"cam_R_m2c": [0.3507392704486847, 0.08893819898366928, -0.9322402477264404, -0.23572443425655365, -0.9550421237945557, -0.17980080842971802, -0.9063199758529663, 0.28281500935554504, -0.31400585174560547], "cam_t_m2c": [145.4145050048828, -242.42391967773438, 703.4869384765625], "obj_id": 3}, {"cam_R_m2c": [0.97413170337677, 0.17881162464618683, -0.13818053901195526, 0.01843426562845707, -0.6723089814186096, -0.7400410175323486, -0.2252279669046402, 0.7183501720428467, -0.65821373462677], "cam_t_m2c": [326.9425048828125, -367.7177429199219, 582.69921875], "obj_id": 3}, {"cam_R_m2c": [-0.7489731907844543, -0.015394667163491249, -0.6624213457107544, -0.3335481882095337, -0.8550646305084229, 0.3970012366771698, -0.5725247859954834, 0.5182927250862122, 0.6352857351303101], "cam_t_m2c": [328.78564453125, -36.99491882324219, 692.9096069335938], "obj_id": 1}, {"cam_R_m2c": [0.4228556752204895, 0.3652905225753784, 0.8293104767799377, 0.1988186091184616, -0.9302546381950378, 0.3083786368370056, 0.8841177225112915, 0.034482698887586594, -0.46599000692367554], "cam_t_m2c": [29.471954345703125, -208.4773406982422, 420.7997741699219], "obj_id": 1}, {"cam_R_m2c": [0.4248175024986267, -0.5049484968185425, -0.7513701319694519, 0.9012728333473206, 0.3139044940471649, 0.29861557483673096, 0.08507297933101654, -0.804046630859375, 0.5884484648704529], "cam_t_m2c": [-6.394730567932129, -175.88548278808594, 687.8389892578125], "obj_id": 1}, {"cam_R_m2c": [0.0684870108962059, 0.9570418000221252, 0.2817455530166626, -0.9727851748466492, 0.12672162055969238, -0.19398616254329681, -0.2213561236858368, -0.2607923746109009, 0.9396748542785645], "cam_t_m2c": [-2.3137378692626953, -317.75616455078125, 388.63348388671875], "obj_id": 1}, {"cam_R_m2c": [-0.33116477727890015, 0.22868795692920685, -0.9154406785964966, -0.47583675384521484, 0.7973113059997559, 0.3713139295578003, 0.8148062229156494, 0.5585664510726929, -0.15522326529026031], "cam_t_m2c": [289.2793273925781, -39.91214370727539, 735.5706787109375], "obj_id": 1}, {"cam_R_m2c": [0.3808235824108124, -0.06328380852937698, 0.9224795699119568, -0.7856787443161011, -0.5481670498847961, 0.2867433428764343, 0.48752671480178833, -0.8339712023735046, -0.258475661277771], "cam_t_m2c": [269.69549560546875, -311.02117919921875, 777.7669677734375], "obj_id": 1}, {"cam_R_m2c": [-0.902407169342041, -0.4308836758136749, -0.0008206948405131698, 0.2070644199848175, -0.4353273808956146, 0.8761361241340637, -0.37786999344825745, 0.790461540222168, 0.4820631444454193], "cam_t_m2c": [204.47592163085938, -59.92146301269531, 803.4962768554688], "obj_id": 1}, {"cam_R_m2c": [-0.537129282951355, -0.5722950100898743, 0.6196532845497131, 0.17931535840034485, 0.6403579711914062, 0.7468518018722534, -0.8242194652557373, 0.5122694969177246, -0.24133364856243134], "cam_t_m2c": [190.6284942626953, -218.91595458984375, 432.24652099609375], "obj_id": 1}, {"cam_R_m2c": [0.1599690020084381, -0.19840438663959503, 0.9669775366783142, -0.2729714512825012, 0.9325017929077148, 0.23648884892463684, -0.9486287236213684, -0.3017881512641907, 0.09501264244318008], "cam_t_m2c": [237.50039672851562, -292.3212890625, 527.505859375], "obj_id": 1}, {"cam_R_m2c": [0.9746038317680359, 0.05857113376259804, 0.21614056825637817, -0.025685731321573257, 0.9880574345588684, -0.15192997455596924, -0.22245800495147705, 0.14251981675624847, 0.9644690155982971], "cam_t_m2c": [324.238525390625, -66.95988464355469, 715.684326171875], "obj_id": 1}, {"cam_R_m2c": [0.17986486852169037, 0.6174516677856445, -0.7657689452171326, 0.8033416867256165, -0.5414667129516602, -0.24790321290493011, -0.5677066445350647, -0.5705850124359131, -0.5934154987335205], "cam_t_m2c": [-40.53342056274414, -218.81399536132812, 582.9465942382812], "obj_id": 1}, {"cam_R_m2c": [0.3163158595561981, -0.9377835988998413, -0.14319974184036255, 0.20656311511993408, 0.21541503071784973, -0.9544255137443542, 0.9258919954299927, 0.27232012152671814, 0.2618506848812103], "cam_t_m2c": [127.43675994873047, -46.88777160644531, 475.676513671875], "obj_id": 1}, {"cam_R_m2c": [-0.3483045995235443, 0.9335465431213379, -0.08470363169908524, -0.10383960604667664, 0.05137979984283447, 0.9932660460472107, 0.9316121339797974, 0.3547547459602356, 0.07904329895973206], "cam_t_m2c": [273.13665771484375, -83.10677337646484, 845.3389282226562], "obj_id": 1}, {"cam_R_m2c": [-0.2719537615776062, 0.33323854207992554, 0.9027696847915649, 0.7684023976325989, -0.48955240845680237, 0.41218453645706177, 0.5793089270591736, 0.8057855367660522, -0.12292557954788208], "cam_t_m2c": [298.36083984375, -377.6207275390625, 507.98223876953125], "obj_id": 1}, {"cam_R_m2c": [0.9964078068733215, 0.0625031366944313, 0.05713919922709465, 0.06884825974702835, -0.9907635450363159, -0.11682195961475372, 0.04930970072746277, 0.12033624202013016, -0.9915077090263367], "cam_t_m2c": [28.748754501342773, 4.7745184898376465, 569.80517578125], "obj_id": 1}, {"cam_R_m2c": [0.26946207880973816, 0.5951985120773315, 0.7570528984069824, 0.946938693523407, -0.3067900538444519, -0.09584961831569672, 0.17520667612552643, 0.7427104711532593, -0.646284818649292], "cam_t_m2c": [51.18903350830078, -93.5980224609375, 473.11077880859375], "obj_id": 1}, {"cam_R_m2c": [0.7050918936729431, -0.7007320523262024, -0.10871971398591995, 0.1122046560049057, 0.2616347372531891, -0.9586225152015686, 0.7001824378967285, 0.663718044757843, 0.2631019651889801], "cam_t_m2c": [41.80534744262695, -140.50027465820312, 707.642578125], "obj_id": 1}, {"cam_R_m2c": [-0.8794434070587158, -0.458479106426239, 0.1279689073562622, 0.31713807582855225, -0.363878071308136, 0.875794529914856, -0.35496842861175537, 0.8107956051826477, 0.4654114842414856], "cam_t_m2c": [135.8390655517578, -7.096095085144043, 615.8140869140625], "obj_id": 1}, {"cam_R_m2c": [0.7597641944885254, 0.06492899358272552, 0.6469486355781555, -0.637273907661438, 0.27176710963249207, 0.7211272120475769, -0.12899728119373322, -0.9601701498031616, 0.2478564977645874], "cam_t_m2c": [35.6686897277832, -81.25873565673828, 548.4660034179688], "obj_id": 1}, {"cam_R_m2c": [-0.9929341077804565, 0.018138224259018898, -0.11727236211299896, 0.050834402441978455, -0.8279659152030945, -0.5584695935249329, -0.10722716152667999, -0.5604850053787231, 0.8211935758590698], "cam_t_m2c": [195.42559814453125, -341.73809814453125, 366.7914733886719], "obj_id": 1}, {"cam_R_m2c": [0.10504705458879471, -0.9636262059211731, 0.24574275314807892, -0.9487838745117188, -0.023077180609107018, 0.31508177518844604, -0.29795002937316895, -0.2662551701068878, -0.9166972041130066], "cam_t_m2c": [280.95550537109375, -277.09307861328125, 612.4356689453125], "obj_id": 1}, {"cam_R_m2c": [0.2259962111711502, -0.5193262100219727, -0.8241516947746277, 0.9563730359077454, -0.042508117854595184, 0.28903934359550476, -0.18513882160186768, -0.8535182476043701, 0.48706287145614624], "cam_t_m2c": [102.09046936035156, -238.82098388671875, 632.2626342773438], "obj_id": 1}, {"cam_R_m2c": [0.9047887325286865, -0.408035546541214, 0.12191928923130035, 0.4078177511692047, 0.91263747215271, 0.027884244918823242, -0.12264586985111237, 0.02449149824678898, 0.9921482801437378], "cam_t_m2c": [297.13299560546875, -239.88340759277344, 452.4677429199219], "obj_id": 1}, {"cam_R_m2c": [0.7009820342063904, -0.0976310446858406, -0.7064646482467651, -0.6485341787338257, -0.4993633031845093, -0.5744907855987549, -0.29669442772865295, 0.8608741760253906, -0.4133617579936981], "cam_t_m2c": [113.56486511230469, -288.85888671875, 414.8952941894531], "obj_id": 1}, {"cam_R_m2c": [0.2292650043964386, -0.9231032729148865, -0.30873653292655945, 0.2539105713367462, -0.24948570132255554, 0.9344981908798218, -0.9396634101867676, -0.2926393151283264, 0.17718707025051117], "cam_t_m2c": [327.5353698730469, -202.85574340820312, 424.8500061035156], "obj_id": 1}, {"cam_R_m2c": [0.5309642553329468, -0.4039824604988098, -0.744899332523346, -0.6485583782196045, 0.37202680110931396, -0.6640542149543762, 0.5453887581825256, 0.8356997966766357, -0.06447324901819229], "cam_t_m2c": [307.2804870605469, -232.264892578125, 485.0122985839844], "obj_id": 1}, {"cam_R_m2c": [0.6170998215675354, -0.7642398476600647, 0.18741728365421295, -0.7868751287460327, -0.6005154848098755, 0.1421564668416977, 0.003905358025804162, -0.2351987361907959, -0.9719393253326416], "cam_t_m2c": [72.37733459472656, -65.2581787109375, 618.6000366210938], "obj_id": 1}, {"cam_R_m2c": [-0.8737828135490417, 0.37938547134399414, -0.30425330996513367, 0.42547717690467834, 0.293383926153183, -0.8560928106307983, -0.2355261743068695, -0.8774921298027039, -0.41777363419532776], "cam_t_m2c": [151.54541015625, -247.07351684570312, 752.7893676757812], "obj_id": 1}, {"cam_R_m2c": [0.28521209955215454, 0.9376823902130127, 0.1985088586807251, -0.7546714544296265, 0.09202113002538681, 0.649617612361908, 0.5908679962158203, -0.33508777618408203, 0.7338876724243164], "cam_t_m2c": [55.208396911621094, -313.22271728515625, 703.3193359375], "obj_id": 1}, {"cam_R_m2c": [0.6501850485801697, 0.10402855277061462, 0.7526203393936157, -0.6275326609611511, 0.6319704651832581, 0.4547703266143799, -0.42832475900650024, -0.7679787874221802, 0.4761790931224823], "cam_t_m2c": [239.59075927734375, -237.73300170898438, 581.8930053710938], "obj_id": 1}, {"cam_R_m2c": [0.10567624121904373, 0.051238276064395905, 0.993079662322998, 0.35968250036239624, -0.9330226182937622, 0.00986484531313181, 0.927071213722229, 0.35615089535713196, -0.11702782660722733], "cam_t_m2c": [140.208984375, -366.1621398925781, 535.7361450195312], "obj_id": 1}, {"cam_R_m2c": [-0.06748086959123611, 0.997016429901123, -0.03747792914509773, 0.5487563610076904, 0.005717448890209198, -0.8359627723693848, -0.833254337310791, -0.07697774469852448, -0.5475049018859863], "cam_t_m2c": [30.195911407470703, -61.7125358581543, 496.46612548828125], "obj_id": 1}, {"cam_R_m2c": [-0.4204539954662323, -0.17762921750545502, 0.889756441116333, 0.36625850200653076, 0.8639706969261169, 0.34555667638778687, -0.830104410648346, 0.47117146849632263, -0.29820170998573303], "cam_t_m2c": [153.31053161621094, -28.879600524902344, 449.6707763671875], "obj_id": 1}, {"cam_R_m2c": [0.7106303572654724, 0.11284791678190231, 0.6944564580917358, 0.67099529504776, 0.18813957273960114, -0.7171950340270996, -0.21158866584300995, 0.9756376147270203, 0.057977285236120224], "cam_t_m2c": [44.373836517333984, -142.25424194335938, 687.6954345703125], "obj_id": 1}, {"cam_R_m2c": [-0.016958467662334442, -0.9790148735046387, -0.20308203995227814, -0.36936938762664795, 0.19487768411636353, -0.9086192846298218, 0.9291279315948486, 0.059603530913591385, -0.36492297053337097], "cam_t_m2c": [40.54660415649414, -333.6302185058594, 527.0768432617188], "obj_id": 1}, {"cam_R_m2c": [0.2899261713027954, -0.931553304195404, -0.21943385899066925, 0.8837994337081909, 0.348576158285141, -0.31207892298698425, 0.3672075569629669, -0.10345567762851715, 0.9243676662445068], "cam_t_m2c": [316.5997314453125, -330.4625549316406, 547.9762573242188], "obj_id": 1}, {"cam_R_m2c": [0.7513613104820251, 0.0856575295329094, -0.654308021068573, -0.4972025752067566, 0.7254149317741394, -0.4759860932826996, 0.4338730275630951, 0.6829611659049988, 0.5876378417015076], "cam_t_m2c": [91.92977142333984, -28.481239318847656, 630.8038330078125], "obj_id": 1}, {"cam_R_m2c": [-0.11638472229242325, 0.27969011664390564, 0.953009843826294, -0.4767371714115143, 0.8260348439216614, -0.3006461262702942, -0.8713070750236511, -0.4893259108066559, 0.03720087930560112], "cam_t_m2c": [356.4651184082031, -192.2369842529297, 494.8143310546875], "obj_id": 1}, {"cam_R_m2c": [0.8774502277374268, -0.36234378814697266, -0.31430572271347046, -0.3972295820713043, -0.18162304162979126, -0.8995675444602966, 0.2688675820827484, 0.9141772985458374, -0.30329886078834534], "cam_t_m2c": [162.2880096435547, -307.3976135253906, 339.3970642089844], "obj_id": 1}, {"cam_R_m2c": [0.5504369735717773, -0.24549409747123718, -0.797967255115509, -0.7566027045249939, -0.5507436990737915, -0.35246774554252625, -0.35294675827026367, 0.7977554798126221, -0.4888911247253418], "cam_t_m2c": [277.2597351074219, -350.72991943359375, 564.8466796875], "obj_id": 1}, {"cam_R_m2c": [-0.4577972888946533, 0.6409291625022888, -0.6161422729492188, -0.30196529626846313, 0.5397370457649231, 0.7858121991157532, 0.8362047672271729, 0.5457963347434998, -0.05355174094438553], "cam_t_m2c": [128.84347534179688, -147.1510467529297, 707.1548461914062], "obj_id": 1}, {"cam_R_m2c": [0.9765522480010986, -0.2145169973373413, -0.01811515912413597, -0.12526331841945648, -0.6346378326416016, 0.7625901699066162, -0.1750851273536682, -0.7424399852752686, -0.6466281414031982], "cam_t_m2c": [151.31204223632812, -224.08090209960938, 560.6705932617188], "obj_id": 1}, {"cam_R_m2c": [0.8148571252822876, 0.5058172345161438, 0.2831198275089264, 0.44591644406318665, -0.8590542674064636, 0.2513646185398102, 0.370359867811203, -0.07857844233512878, -0.9255586862564087], "cam_t_m2c": [83.5952377319336, -242.05776977539062, 434.478759765625], "obj_id": 1}, {"cam_R_m2c": [0.8276577591896057, -0.5180836915969849, 0.21580535173416138, -0.03362421318888664, 0.3380555808544159, 0.940525233745575, -0.5602250099182129, -0.7856892943382263, 0.2623741626739502], "cam_t_m2c": [125.56130981445312, -96.70999908447266, 683.56005859375], "obj_id": 1}, {"cam_R_m2c": [-0.3742273449897766, 0.00010709463094826788, 0.9273368716239929, -0.7518898844718933, -0.585350513458252, -0.3033580780029297, 0.5427847504615784, -0.8107801675796509, 0.2191348522901535], "cam_t_m2c": [234.96871948242188, -114.8041763305664, 754.702880859375], "obj_id": 1}, {"cam_R_m2c": [0.010383681394159794, 0.85758376121521, -0.5142396092414856, -0.464712530374527, -0.4512186050415039, -0.7618688941001892, -0.8854007720947266, 0.24688462913036346, 0.39384451508522034], "cam_t_m2c": [139.94593811035156, -294.1211242675781, 437.3185729980469], "obj_id": 1}, {"cam_R_m2c": [-0.19914610683918, -0.6730211973190308, 0.7123084664344788, 0.2728671431541443, -0.7362044453620911, -0.6193113923072815, 0.9412143230438232, 0.07103212922811508, 0.3302575647830963], "cam_t_m2c": [314.919189453125, -214.5321044921875, 504.7873840332031], "obj_id": 1}, {"cam_R_m2c": [0.3898879587650299, 0.8671079874038696, -0.31001800298690796, -0.613484263420105, -0.0064870878122746944, -0.7896803617477417, -0.6867492198944092, 0.49807804822921753, 0.5294278264045715], "cam_t_m2c": [133.23403930664062, -118.91979217529297, 724.171875], "obj_id": 1}, {"cam_R_m2c": [0.816063642501831, 0.19103336334228516, -0.545478105545044, 0.32776471972465515, 0.6243869066238403, 0.7090213298797607, 0.47603610157966614, -0.7573950290679932, 0.44692549109458923], "cam_t_m2c": [-37.47691345214844, -318.077880859375, 576.0015258789062], "obj_id": 1}, {"cam_R_m2c": [-0.9833064079284668, -0.14721712470054626, 0.10693901032209396, 0.11538385599851608, -0.9589229822158813, -0.25914013385772705, 0.14069612324237823, -0.24247506260871887, 0.9599012732505798], "cam_t_m2c": [159.03878784179688, -314.72235107421875, 375.8005065917969], "obj_id": 1}, {"cam_R_m2c": [-0.6923779845237732, -0.7079539895057678, -0.1393340528011322, 0.6046028733253479, -0.6746418476104736, 0.4234546422958374, -0.3937869668006897, 0.20894889533519745, 0.8951380848884583], "cam_t_m2c": [159.4395294189453, -258.947998046875, 348.0060119628906], "obj_id": 1}, {"cam_R_m2c": [-0.0995732918381691, 0.47391417622566223, 0.8749231696128845, -0.8953154683113098, 0.34098875522613525, -0.28659534454345703, -0.4341605603694916, -0.8118694424629211, 0.3903493285179138], "cam_t_m2c": [-9.483695030212402, -363.7578125, 443.12567138671875], "obj_id": 1}, {"cam_R_m2c": [-0.6060360670089722, -0.7325893640518188, -0.309891939163208, -0.7658342123031616, 0.432086706161499, 0.4762341380119324, -0.21498389542102814, 0.5259409546852112, -0.8229021430015564], "cam_t_m2c": [78.0732421875, -237.47132873535156, 437.702392578125], "obj_id": 1}, {"cam_R_m2c": [0.9909479022026062, -0.12672598659992218, -0.044303275644779205, 0.11903170496225357, 0.6768074035644531, 0.7264731526374817, -0.062078237533569336, -0.7251705527305603, 0.685765266418457], "cam_t_m2c": [109.81128692626953, -131.0957794189453, 482.39141845703125], "obj_id": 1}, {"cam_R_m2c": [0.8295609354972839, -0.5429702401161194, 0.13042989373207092, -0.524133563041687, -0.6765158772468567, 0.5173108577728271, -0.19264650344848633, -0.4975035488605499, -0.8458000421524048], "cam_t_m2c": [6.183917045593262, -15.149262428283691, 650.8180541992188], "obj_id": 3}, {"cam_R_m2c": [-0.2036522924900055, 0.9259622693061829, 0.3179934620857239, 0.8910635113716125, 0.30986925959587097, -0.3316427767276764, -0.4056250751018524, 0.2158125787973404, -0.8881967663764954], "cam_t_m2c": [276.178955078125, -34.58200454711914, 567.4893188476562], "obj_id": 1}, {"cam_R_m2c": [-0.7013247013092041, -0.4414049983024597, -0.5597363710403442, 0.3246178925037384, 0.5013135075569153, -0.8020647168159485, 0.634638786315918, -0.7442084550857544, -0.20829546451568604], "cam_t_m2c": [5.815084934234619, -387.19036865234375, 597.41845703125], "obj_id": 1}, {"cam_R_m2c": [0.2883186340332031, 0.1855815201997757, 0.9393783807754517, 0.7407647967338562, 0.5784094333648682, -0.34162837266921997, -0.606745183467865, 0.7943562865257263, 0.029293972998857498], "cam_t_m2c": [200.80209350585938, -209.4705810546875, 782.70654296875], "obj_id": 1}, {"cam_R_m2c": [-0.022900277748703957, 0.4143621325492859, -0.9098238945007324, -0.2792488634586334, 0.8711885809898376, 0.40379512310028076, 0.9599456191062927, 0.2633143365383148, 0.09575970470905304], "cam_t_m2c": [-6.870474338531494, -382.5796813964844, 559.462890625], "obj_id": 1}, {"cam_R_m2c": [0.8496498465538025, 0.23499800264835358, 0.47209224104881287, -0.04067426547408104, -0.8633506894111633, 0.5029622912406921, 0.5257763266563416, -0.44654381275177, -0.7239874005317688], "cam_t_m2c": [105.11509704589844, -0.4595217704772949, 628.8971557617188], "obj_id": 3}, {"cam_R_m2c": [-0.40946635603904724, 0.680197536945343, 0.6080037355422974, -0.05170062929391861, -0.6826622486114502, 0.7289026975631714, 0.9108591079711914, 0.26702699065208435, 0.3146939277648926], "cam_t_m2c": [89.89188385009766, -291.0966491699219, 692.3623657226562], "obj_id": 1}, {"cam_R_m2c": [-0.9546106457710266, -0.04099547117948532, -0.2950218617916107, 0.14267759025096893, 0.8065163493156433, -0.5737373232841492, 0.2614605724811554, -0.5897887945175171, -0.7640599012374878], "cam_t_m2c": [294.3456115722656, -275.390625, 770.3464965820312], "obj_id": 1}, {"cam_R_m2c": [-0.48433157801628113, -0.341126024723053, 0.8056400418281555, 0.8487314581871033, 0.04027029871940613, 0.5272884964942932, -0.2123151570558548, 0.9391545653343201, 0.2700202763080597], "cam_t_m2c": [42.59974670410156, 28.085113525390625, 520.8756103515625], "obj_id": 1}, {"cam_R_m2c": [-0.13097089529037476, -0.7535359859466553, -0.6442283987998962, 0.8687552213668823, 0.22582480311393738, -0.4407579004764557, 0.47760969400405884, -0.6174032092094421, 0.6250618100166321], "cam_t_m2c": [343.9660339355469, -220.42689514160156, 435.91290283203125], "obj_id": 3}, {"cam_R_m2c": [-0.9761900305747986, 0.2134992629289627, -0.03835195675492287, 0.03940329700708389, 0.3483966886997223, 0.9365186095237732, 0.21330773830413818, 0.9127089977264404, -0.3485139012336731], "cam_t_m2c": [225.92562866210938, -350.9704284667969, 554.3981323242188], "obj_id": 1}, {"cam_R_m2c": [0.5809275507926941, 0.13778407871723175, -0.802208662033081, 0.8055635094642639, 0.043834391981363297, 0.5908857583999634, 0.11657898128032684, -0.9894918203353882, -0.08552922308444977], "cam_t_m2c": [70.56969451904297, 45.89133071899414, 409.15496826171875], "obj_id": 1}, {"cam_R_m2c": [0.9152013659477234, 0.3076276183128357, 0.26033008098602295, 0.3776096701622009, -0.8802632689476013, -0.28731051087379456, 0.14077436923980713, 0.3612501323223114, -0.9217813014984131], "cam_t_m2c": [184.43084716796875, -44.106605529785156, 532.2192993164062], "obj_id": 3}, {"cam_R_m2c": [-0.5210925936698914, -0.8135665059089661, -0.2580154240131378, -0.6424786448478699, 0.5729088187217712, -0.5089170932769775, 0.5618572235107422, -0.09942354261875153, -0.8212376236915588], "cam_t_m2c": [44.933616638183594, -394.3030700683594, 643.09521484375], "obj_id": 1}, {"cam_R_m2c": [-0.04374546930193901, 0.4761410653591156, -0.8782802820205688, -0.19398918747901917, 0.8583409786224365, 0.47499367594718933, 0.9800279140472412, 0.19115564227104187, 0.054817672818899155], "cam_t_m2c": [163.10951232910156, -348.167236328125, 655.62060546875], "obj_id": 3}, {"cam_R_m2c": [0.36702263355255127, -0.872909665107727, 0.3214390277862549, 0.7301962375640869, 0.056278109550476074, -0.6809156537055969, 0.5762879252433777, 0.4846250116825104, 0.6580507755279541], "cam_t_m2c": [35.48801803588867, -54.13778305053711, 695.905517578125], "obj_id": 3}, {"cam_R_m2c": [-0.8921951055526733, -0.12117837369441986, -0.4350900650024414, -0.03079129569232464, 0.9774132370948792, -0.2090819776058197, 0.45059898495674133, -0.17314495146274567, -0.8757745027542114], "cam_t_m2c": [115.59494018554688, -145.43067932128906, 587.5263671875], "obj_id": 3}, {"cam_R_m2c": [-0.2867278456687927, 0.22179484367370605, -0.9319838285446167, 0.7576026320457458, -0.5429407954216003, -0.36228886246681213, -0.5863659977912903, -0.8099518418312073, -0.012355910614132881], "cam_t_m2c": [-0.31700262427330017, -21.06304168701172, 652.8345336914062], "obj_id": 3}, {"cam_R_m2c": [0.2913258671760559, 0.9538469314575195, -0.07283797860145569, 0.919601559638977, -0.2582610249519348, 0.2960309088230133, 0.26355695724487305, -0.15322338044643402, -0.9523972272872925], "cam_t_m2c": [62.26393127441406, -222.75927734375, 459.2555847167969], "obj_id": 1}, {"cam_R_m2c": [-0.9837158918380737, -0.09627216309309006, 0.15177211165428162, 0.17508533596992493, -0.7040519714355469, 0.6882266402244568, 0.04059838131070137, 0.7035925388336182, 0.7094429135322571], "cam_t_m2c": [171.40013122558594, 20.25533103942871, 468.90142822265625], "obj_id": 3}, {"cam_R_m2c": [0.4024813175201416, 0.9154083132743835, -0.006030491553246975, 0.8356738090515137, -0.36471885442733765, 0.410645067691803, 0.37370848655700684, -0.17031648755073547, -0.9117752909660339], "cam_t_m2c": [261.99853515625, -182.70303344726562, 635.96728515625], "obj_id": 3}, {"cam_R_m2c": [-0.5608121752738953, -0.6851871609687805, -0.4647669196128845, 0.5757311582565308, 0.08067881315946579, -0.8136489391326904, 0.5949986577033997, -0.7238849997520447, 0.3492378890514374], "cam_t_m2c": [146.90293884277344, -86.56688690185547, 423.7054748535156], "obj_id": 3}, {"cam_R_m2c": [-0.7202180624008179, 0.37001949548721313, 0.5868319869041443, 0.6446971297264099, 0.66939377784729, 0.36915796995162964, -0.2562260627746582, 0.6442030668258667, -0.7206600308418274], "cam_t_m2c": [-6.885420322418213, -312.0751647949219, 536.9429321289062], "obj_id": 1}, {"cam_R_m2c": [-0.41956189274787903, 0.891177237033844, -0.1725425124168396, 0.48284047842025757, 0.3800657093524933, 0.7889329195022583, 0.7686565518379211, 0.2476956844329834, -0.5897575616836548], "cam_t_m2c": [23.492233276367188, -256.19525146484375, 329.3295593261719], "obj_id": 3}, {"cam_R_m2c": [0.9694802165031433, -0.06758182495832443, -0.23567107319831848, 0.11060073971748352, 0.9784443974494934, 0.1743963211774826, 0.21880501508712769, -0.19513918459415436, 0.9560570120811462], "cam_t_m2c": [68.5943374633789, -121.53742218017578, 657.5459594726562], "obj_id": 3}, {"cam_R_m2c": [0.5767049789428711, 0.8000708222389221, 0.16522103548049927, 0.7597579956054688, -0.45090681314468384, -0.4684557020664215, -0.30029845237731934, 0.3956887125968933, -0.8679004311561584], "cam_t_m2c": [253.58694458007812, -230.68797302246094, 591.6036987304688], "obj_id": 1}, {"cam_R_m2c": [0.526543140411377, 0.6132673025131226, -0.588774561882019, 0.1222090944647789, 0.6307615637779236, 0.7662928700447083, 0.8413187265396118, -0.4754398465156555, 0.25717633962631226], "cam_t_m2c": [56.9821891784668, -152.83163452148438, 406.1630554199219], "obj_id": 1}, {"cam_R_m2c": [0.92618727684021, 0.33906349539756775, 0.16496378183364868, 0.15542663633823395, 0.05529756471514702, -0.9862983822822571, -0.34353989362716675, 0.939136803150177, -0.0014835974434390664], "cam_t_m2c": [-10.950736045837402, -296.7791442871094, 417.231201171875], "obj_id": 1}, {"cam_R_m2c": [-0.5415584444999695, 0.02836683578789234, -0.840184211730957, 0.7817758917808533, 0.3844664990901947, -0.49092960357666016, 0.3090965151786804, -0.922702968120575, -0.23038752377033234], "cam_t_m2c": [259.22906494140625, -67.4463882446289, 760.8187255859375], "obj_id": 1}, {"cam_R_m2c": [-0.29897576570510864, -0.7427646517753601, -0.5990946292877197, 0.8301400542259216, 0.10717672854661942, -0.5471570491790771, 0.4706179201602936, -0.6609190106391907, 0.5845552682876587], "cam_t_m2c": [14.862814903259277, -315.6976318359375, 321.1705322265625], "obj_id": 1}, {"cam_R_m2c": [0.31665557622909546, 0.35894787311553955, -0.8780009150505066, -0.46518972516059875, -0.7479057312011719, -0.4735349118709564, -0.8266363739967346, 0.5583844780921936, -0.06984955072402954], "cam_t_m2c": [99.28865814208984, -80.5064697265625, 683.0242919921875], "obj_id": 3}, {"cam_R_m2c": [-0.778497576713562, 0.6262491345405579, 0.04187299311161041, 0.6255602240562439, 0.7796164155006409, -0.029538974165916443, -0.05114363133907318, 0.0031980599742382765, -0.9986860752105713], "cam_t_m2c": [11.215483665466309, -187.1624755859375, 625.9612426757812], "obj_id": 3}, {"cam_R_m2c": [-0.6608591675758362, -0.6821644902229309, -0.3129161596298218, 0.6809868812561035, -0.369778037071228, -0.632076621055603, 0.3154706656932831, -0.6308055520057678, 0.7089164853096008], "cam_t_m2c": [187.54080200195312, -279.8090515136719, 618.6045532226562], "obj_id": 3}, {"cam_R_m2c": [0.24820393323898315, -0.11725503951311111, 0.9615852236747742, 0.37028348445892334, 0.9287506341934204, 0.017673805356025696, -0.8951452374458313, 0.3516724109649658, 0.2739371657371521], "cam_t_m2c": [191.57546997070312, -278.9574890136719, 758.0302124023438], "obj_id": 1}, {"cam_R_m2c": [-0.2645988166332245, -0.557836651802063, 0.7866421341896057, -0.5822361707687378, -0.5578543543815613, -0.5914386510848999, 0.7687578201293945, -0.614505410194397, -0.17718511819839478], "cam_t_m2c": [91.67546844482422, -145.2229766845703, 522.166015625], "obj_id": 3}, {"cam_R_m2c": [0.9635779857635498, -0.2399877905845642, -0.11799720674753189, -0.1528647094964981, -0.8563181161880493, 0.49330681562423706, -0.21943075954914093, -0.4573019742965698, -0.8618149757385254], "cam_t_m2c": [265.98046875, -295.1126403808594, 606.6837158203125], "obj_id": 1}, {"cam_R_m2c": [-0.5830504894256592, 0.5691925287246704, -0.5797169804573059, -0.30613836646080017, 0.5070334672927856, 0.8057271838188171, 0.7525498270988464, 0.6472533345222473, -0.12137435376644135], "cam_t_m2c": [205.9049835205078, -380.2569274902344, 583.6919555664062], "obj_id": 1}, {"cam_R_m2c": [-0.7613682150840759, -0.2670151889324188, -0.5907800793647766, -0.590092658996582, 0.6628472208976746, 0.46089497208595276, 0.268530935049057, 0.6995258331298828, -0.6622344851493835], "cam_t_m2c": [199.3643035888672, -118.79121398925781, 511.8072509765625], "obj_id": 3}, {"cam_R_m2c": [-0.6634388566017151, -0.22703061997890472, 0.7129557132720947, -0.7106956243515015, -0.10680169612169266, -0.6953452825546265, 0.23400957882404327, -0.9680136442184448, -0.09049322456121445], "cam_t_m2c": [-67.58511352539062, -38.80847930908203, 648.472412109375], "obj_id": 3}, {"cam_R_m2c": [0.9642664194107056, 0.26478731632232666, 0.008825703524053097, -0.057286180555820465, 0.24091024696826935, -0.9688552618026733, -0.2586668133735657, 0.9337289929389954, 0.24747031927108765], "cam_t_m2c": [16.14031219482422, 43.05816650390625, 427.7436828613281], "obj_id": 3}, {"cam_R_m2c": [-0.8250275254249573, -0.3103715777397156, 0.47222745418548584, 0.5549483895301819, -0.2873772084712982, 0.7806704640388489, -0.10659050196409225, 0.9061366319656372, 0.4093345105648041], "cam_t_m2c": [269.6510009765625, -356.36895751953125, 513.96240234375], "obj_id": 1}, {"cam_R_m2c": [0.8849979639053345, 0.43922603130340576, 0.1544640064239502, -0.3136972486972809, 0.8076552748680115, -0.4992865324020386, -0.34405332803726196, 0.39341261982917786, 0.8525572419166565], "cam_t_m2c": [199.84048461914062, -12.805089950561523, 455.04351806640625], "obj_id": 1}, {"cam_R_m2c": [-0.4042495787143707, -0.31168973445892334, 0.8599022626876831, -0.8997531533241272, -0.03346587345004082, -0.4351142346858978, 0.1643979698419571, -0.9495944976806641, -0.26691532135009766], "cam_t_m2c": [210.6029510498047, -4.177548885345459, 433.2560729980469], "obj_id": 3}, {"cam_R_m2c": [0.870578408241272, 0.33594363927841187, 0.35949280858039856, 0.40836620330810547, -0.9008952379226685, -0.14705374836921692, 0.27446359395980835, 0.2748265266418457, -0.9214879274368286], "cam_t_m2c": [43.30424118041992, -135.94625854492188, 592.9347534179688], "obj_id": 3}, {"cam_R_m2c": [0.49086055159568787, 0.48939746618270874, -0.7207954525947571, 0.6706094145774841, 0.31591346859931946, 0.6711793541908264, 0.5561824440956116, -0.8128276467323303, -0.17312508821487427], "cam_t_m2c": [243.87896728515625, -61.61334228515625, 829.0404052734375], "obj_id": 3}, {"cam_R_m2c": [-0.8234509229660034, -0.2735814154148102, -0.49707287549972534, 0.42098867893218994, -0.8819429874420166, -0.212001770734787, -0.3803902566432953, -0.38383516669273376, 0.8414117693901062], "cam_t_m2c": [71.75055694580078, -33.30573272705078, 720.0390625], "obj_id": 3}, {"cam_R_m2c": [-0.0998721793293953, -0.6516658067703247, 0.7519023418426514, 0.026752786710858345, 0.7536486983299255, 0.6567327976226807, -0.9946405291557312, 0.08570482581853867, -0.05783465504646301], "cam_t_m2c": [326.09857177734375, -274.8751220703125, 501.41448974609375], "obj_id": 3}, {"cam_R_m2c": [0.725868821144104, 0.5086266398429871, 0.4630478620529175, -0.6006704568862915, 0.1407395601272583, 0.7870116233825684, 0.33512598276138306, -0.8494064211845398, 0.40767550468444824], "cam_t_m2c": [201.0647735595703, -148.94998168945312, 639.4135131835938], "obj_id": 3}, {"cam_R_m2c": [-0.020962299779057503, -0.9568102955818176, 0.2899564206600189, -0.2584933340549469, -0.2749720513820648, -0.926051676273346, 0.9657856225967407, -0.09436391294002533, -0.24156512320041656], "cam_t_m2c": [219.37730407714844, -379.9355163574219, 517.052734375], "obj_id": 3}, {"cam_R_m2c": [-0.9853315353393555, 0.14427587389945984, 0.09113933891057968, 0.15501049160957336, 0.5333312153816223, 0.8315826058387756, 0.07136984914541245, 0.8335120677947998, -0.5478723645210266], "cam_t_m2c": [286.4328918457031, -23.158649444580078, 578.237548828125], "obj_id": 1}, {"cam_R_m2c": [0.7157871723175049, -0.3916030526161194, 0.5781831741333008, -0.47056275606155396, -0.8822392225265503, -0.014986288733780384, 0.5159645676612854, -0.26134446263313293, -0.8157693147659302], "cam_t_m2c": [268.8714599609375, -313.352294921875, 389.13916015625], "obj_id": 3}, {"cam_R_m2c": [0.9533703923225403, -0.29665014147758484, 0.05553015321493149, 0.2067682147026062, 0.7760417461395264, 0.5958238840103149, -0.2198449671268463, -0.5565589666366577, 0.8011930584907532], "cam_t_m2c": [206.64549255371094, -220.46165466308594, 629.7950439453125], "obj_id": 1}, {"cam_R_m2c": [0.5659360289573669, -0.8189660906791687, 0.09492620080709457, -0.793852686882019, -0.5102333426475525, 0.33084723353385925, -0.2225181609392166, -0.2625957727432251, -0.9388978481292725], "cam_t_m2c": [79.55266571044922, -55.7179069519043, 723.518798828125], "obj_id": 3}, {"cam_R_m2c": [-0.7088118195533752, 0.2609345614910126, -0.6553616523742676, -0.3513169586658478, -0.9362287521362305, 0.00720694987103343, -0.611687958240509, 0.23534803092479706, 0.7552808523178101], "cam_t_m2c": [63.56810760498047, -343.30194091796875, 649.3611450195312], "obj_id": 3}, {"cam_R_m2c": [0.3197600245475769, 0.4267127215862274, -0.8459725975990295, 0.448549747467041, 0.7182883024215698, 0.5318505167961121, 0.8345996141433716, -0.5495253801345825, 0.038277994841337204], "cam_t_m2c": [83.60440826416016, -356.53985595703125, 611.046142578125], "obj_id": 1}, {"cam_R_m2c": [-0.29830649495124817, 0.1410968154668808, 0.9439834356307983, -0.12593531608581543, -0.9861847758293152, 0.10760804265737534, 0.9461253881454468, -0.08678066730499268, 0.31195464730262756], "cam_t_m2c": [-27.231273651123047, -336.1422424316406, 426.3446960449219], "obj_id": 1}, {"