{
  "0": [{"cam_R_m2c": [0.7329071760177612, -0.496614009141922, -0.4649963676929474, -0.6371361017227173, -0.2613740563392639, -0.725080132484436, 0.2385469526052475, 0.827682375907898, -0.5079736113548279], "cam_t_m2c": [-86.93950653076172, -38.11383056640625, 413.8706970214844], "obj_id": 0}, {"cam_R_m2c": [0.7329071760177612, -0.496614009141922, -0.4649963676929474, -0.6371361017227173, -0.2613740563392639, -0.725080132484436, 0.2385469526052475, 0.827682375907898, -0.5079736113548279], "cam_t_m2c": [-86.93950653076172, -38.11383056640625, 413.8706970214844], "obj_id": 0}, {"cam_R_m2c": [0.7329071760177612, -0.496614009141922, -0.4649963676929474, -0.6371361017227173, -0.2613740563392639, -0.725080132484436, 0.2385469526052475, 0.827682375907898, -0.5079736113548279], "cam_t_m2c": [-86.93950653076172, -38.11383056640625, 413.8706970214844], "obj_id": 2}, {"cam_R_m2c": [0.7329071760177612, -0.496614009141922, -0.4649963676929474, -0.6371361017227173, -0.2613740563392639, -0.725080132484436, 0.2385469526052475, 0.827682375907898, -0.5079736113548279], "cam_t_m2c": [-86.93950653076172, -38.11383056640625, 413.8706970214844], "obj_id": 3}, {"cam_R_m2c": [0.7329071760177612, -0.496614009141922, -0.4649963676929474, -0.6371361017227173, -0.2613740563392639, -0.725080132484436, 0.2385469526052475, 0.827682375907898, -0.5079736113548279], "cam_t_m2c": [-86.93950653076172, -38.11383056640625, 413.8706970214844], "obj_id": 0}, {"cam_R_m2c": [0.7329071760177612, -0.496614009141922, -0.4649963676929474, -0.6371361017227173, -0.2613740563392639, -0.725080132484436, 0.2385469526052475, 0.827682375907898, -0.5079736113548279], "cam_t_m2c": [-86.93950653076172, -38.11383056640625, 413.8706970214844], "obj_id": 1}, {"cam_R_m2c": [0.7329071760177612, -0.496614009141922, -0.4649963676929474, -0.6371361017227173, -0.2613740563392639, -0.725080132484436, 0.2385469526052475, 0.827682375907898, -0.5079736113548279], "cam_t_m2c": [-86.93950653076172, -38.11383056640625, 413.8706970214844], "obj_id": 2}, {"cam_R_m2c": [0.7329071760177612, -0.496614009141922, -0.4649963676929474, -0.6371361017227173, -0.2613740563392639, -0.725080132484436, 0.2385469526052475, 0.827682375907898, -0.5079736113548279], "cam_t_m2c": [-86.93950653076172, -38.11383056640625, 413.8706970214844], "obj_id": 0}, {"cam_R_m2c": [0.7329071760177612, -0.496614009141922, -0.4649963676929474, -0.6371361017227173, -0.2613740563392639, -0.725080132484436, 0.2385469526052475, 0.827682375907898, -0.5079736113548279], "cam_t_m2c": [-86.93950653076172, -38.11383056640625, 413.8706970214844], "obj_id": 2}, {"cam_R_m2c": [0.7329071760177612, -0.496614009141922, -0.4649963676929474, -0.6371361017227173, -0.2613740563392639, -0.725080132484436, 0.2385469526052475, 0.827682375907898, -0.5079736113548279], "cam_t_m2c": [-86.93950653076172, -38.11383056640625, 413.8706970214844], "obj_id": 1}, {"cam_R_m2c": [0.7329071760177612, -0.496614009141922, -0.4649963676929474, -0.6371361017227173, -0.2613740563392639, -0.725080132484436, 0.2385469526052475, 0.827682375907898, -0.5079736113548279], "cam_t_m2c": [-86.93950653076172, -38.11383056640625, 413.8706970214844], "obj_id": 1}, {"cam_R_m2c": [0.7329071760177612, -0.496614009141922, -0.4649963676929474, -0.6371361017227173, -0.2613740563392639, -0.725080132484436, 0.2385469526052475, 0.827682375907898, -0.5079736113548279], "cam_t_m2c": [-86.93950653076172, -38.11383056640625, 413.8706970214844], "obj_id": 1}, {"cam_R_m2c": [0.7329071760177612, -0.496614009141922, -0.4649963676929474, -0.6371361017227173, -0.2613740563392639, -0.725080132484436, 0.2385469526052475, 0.827682375907898, -0.5079736113548279], "cam_t_m2c": [-86.93950653076172, -38.11383056640625, 413.8706970214844], "obj_id": 0}, {"cam_R_m2c": [0.7329071760177612, -0.496614009141922, -0.4649963676929474, -0.6371361017227173, -0.2613740563392639, -0.725080132484436, 0.2385469526052475, 0.827682375907898, -0.5079736113548279], "cam_t_m2c": [-86.93950653076172, -38.11383056640625, 413.8706970214844], "obj_id": 3}, {"cam_R_m2c": [0.7329071760177612, -0.496614009141922, -0.4649963676929474, -0.6371361017227173, -0.2613740563392639, -0.725080132484436, 0.2385469526052475, 0.827682375907898, -0.5079736113548279], "cam_t_m2c": [-86.93950653076172, -38.11383056640625, 413.8706970214844], "obj_id": 1}, {"cam_R_m2c": [0.7329071760177612, -0.496614009141922, -0.4649963676929474, -0.6371361017227173, -0.2613740563392639, -0.725080132484436, 0.2385469526052475, 0.827682375907898, -0.5079736113548279], "cam_t_m2c": [-86.93950653076172, -38.11383056640625, 413.8706970214844], "obj_id": 2}, {"cam_R_m2c": [0.7329071760177612, -0.496614009141922, -0.4649963676929474, -0.6371361017227173, -0.2613740563392639, -0.725080132484436, 0.2385469526052475, 0.827682375907898, -0.5079736113548279], "cam_t_m2c": [-86.93950653076172, -38.11383056640625, 413.8706970214844], "obj_id": 3}, {"cam_R_m2c": [0.7329071760177612, -0.496614009141922, -0.4649963676929474, -0.6371361017227173, -0.2613740563392639, -0.725080132484436, 0.2385469526052475, 0.827682375907898, -0.5079736113548279], "cam_t_m2c": [-86.93950653076172, -38.11383056640625, 413.8706970214844], "obj_id": 0}, {"cam_R_m2c": [0.7329071760177612, -0.496614009141922, -0.4649963676929474, -0.6371361017227173, -0.2613740563392639, -0.725080132484436, 0.2385469526052475, 0.827682375907898, -0.5079736113548279], "cam_t_m2c": [-86.93950653076172, -38.11383056640625, 413.8706970214844], "obj_id": 1}, {"cam_R_m2c": [0.7329071760177612, -0.496614009141922, -0.4649963676929474, -0.6371361017227173, -0.2613740563392639, -0.725080132484436, 0.2385469526052475, 0.827682375907898, -0.5079736113548279], "cam_t_m2c": [-86.93950653076172, -38.11383056640625, 413.8706970214844], "obj_id": 1}, {"cam_R_m2c": [0.7329071760177612, -0.496614009141922, -0.4649963676929474, -0.6371361017227173, -0.2613740563392639, -0.725080132484436, 0.2385469526052475, 0.827682375907898, -0.5079736113548279], "cam_t_m2c": [-86.93950653076172, -38.11383056640625, 413.8706970214844], "obj_id": 0}, {"cam_R_m2c": [0.7329071760177612, -0.496614009141922, -0.4649963676929474, -0.6371361017227173, -0.2613740563392639, -0.725080132484436, 0.2385469526052475, 0.827682375907898, -0.5079736113548279], "cam_t_m2c": [-86.93950653076172, -38.11383056640625, 413.8706970214844], "obj_id": 0}, {"cam_R_m2c": [0.7329071760177612, -0.496614009141922, -0.4649963676929474, -0.6371361017227173, -0.2613740563392639, -0.725080132484436, 0.2385469526052475, 0.827682375907898, -0.5079736113548279], "cam_t_m2c": [-86.93950653076172, -38.11383056640625, 413.8706970214844], "obj_id": 3}, {"cam_R_m2c": [0.7329071760177612, -0.496614009141922, -0.4649963676929474, -0.6371361017227173, -0.2613740563392639, -0.725080132484436, 0.2385469526052475, 0.827682375907898, -0.5079736113548279], "cam_t_m2c": [-86.93950653076172, -38.11383056640625, 413.8706970214844], "obj_id": 3}, {"cam_R_m2c": [-0.32071176171302795, 0.4936878979206085, 0.8083415031433105, -0.5639157891273499, 0.5861644148826599, -0.581730306148529, -0.7610142230987549, -0.6424044370651245, 0.09040866792201996], "cam_t_m2c": [133.06272888183594, -359.1217346191406, 684.8128662109375], "obj_id": 0}, {"cam_R_m2c": [0.6436251997947693, -0.3435702323913574, 0.6838904023170471, -0.6708065867424011, -0.6834425926208496, 0.28796640038490295, 0.3684631884098053, -0.6441006064414978, -0.6703500151634216], "cam_t_m2c": [-79.58008575439453, -62.23619079589844, 411.984130859375], "obj_id": 3}, {"cam_R_m2c": [-0.8370742797851562, -0.30198729038238525, -0.45619091391563416, 0.1733826994895935, 0.6444343328475952, -0.7447434067726135, 0.5188881754875183, -0.7025012373924255, -0.48708003759384155], "cam_t_m2c": [-70.23432159423828, -156.8360137939453, 539.57373046875], "obj_id": 3}, {"cam_R_m2c": [-0.7730191946029663, -0.5887143015861511, 0.23634052276611328, -0.2347128838300705, 0.6115319132804871, 0.7556048035621643, -0.5893651247024536, 0.5286248326301575, -0.6109047532081604], "cam_t_m2c": [24.197032928466797, -21.158676147460938, 235.41683959960938], "obj_id": 3}, {"cam_R_m2c": [-0.2704261839389801, -0.9614437222480774, -0.04995620250701904, 0.8206283450126648, -0.20306386053562164, -0.5341667532920837, 0.5034269690513611, -0.18544816970825195, 0.8439018130302429], "cam_t_m2c": [3536.357666015625, 5630.033203125, 4145.58056640625], "obj_id": 2}]
}