{
  "0": [{"cam_R_m2c": [-0.21051783859729767, -0.11098003387451172, -0.9712700843811035, 0.9711026549339294, 0.09052913635969162, -0.22082571685314178, 0.11243543028831482, -0.9896907806396484, 0.0887150838971138], "cam_t_m2c": [94.83142852783203, 79.84529876708984, 609.8654174804688], "obj_id": 2}, {"cam_R_m2c": [0.6369757056236267, 0.15912577509880066, 0.754281759262085, 0.7698003053665161, -0.07943805307149887, -0.6333222985267639, -0.04085922986268997, 0.9840571880340576, -0.17309516668319702], "cam_t_m2c": [9.709467887878418, -43.109622955322266, 938.7849731445312], "obj_id": 1}, {"cam_R_m2c": [0.5141087770462036, -0.47668391466140747, 0.7130669951438904, 0.6942829489707947, -0.25688743591308594, -0.672294557094574, 0.5036500096321106, 0.8407027721405029, 0.1988854557275772], "cam_t_m2c": [3.3722715377807617, -60.10761260986328, 970.2709350585938], "obj_id": 1}, {"cam_R_m2c": [-0.16958951950073242, -0.8848750591278076, 0.4338609576225281, 0.9611592292785645, -0.24577581882476807, -0.12556636333465576, 0.2177431285381317, 0.39571475982666016, 0.8921870589256287], "cam_t_m2c": [195.49440002441406, -32.3289794921875, 721.9554443359375], "obj_id": 3}, {"cam_R_m2c": [-0.1197478249669075, -0.5040896534919739, 0.855309247970581, 0.981331467628479, 0.07049412280321121, 0.17893844842910767, -0.1504952311515808, 0.8607694506645203, 0.48623764514923096], "cam_t_m2c": [-117.89629364013672, -22.72186851501465, 1097.4385986328125], "obj_id": 2}, {"cam_R_m2c": [-0.30368879437446594, -0.16894136369228363, -0.9376736283302307, 0.8691717386245728, -0.45225241780281067, -0.20002014935016632, -0.3902735412120819, -0.8757433295249939, 0.284183144569397], "cam_t_m2c": [-89.71920776367188, -26.149765014648438, 603.34228515625], "obj_id": 0}],
  "1": [{"cam_R_m2c": [-0.21051783859729767, -0.11098003387451172, -0.9712700843811035, 0.9711026549339294, 0.09052913635969162, -0.22082571685314178, 0.11243543028831482, -0.9896907806396484, 0.0887150838971138], "cam_t_m2c": [94.83142852783203, 79.84529876708984, 609.8654174804688], "obj_id": 2}, {"cam_R_m2c": [0.6369757056236267, 0.15912577509880066, 0.754281759262085, 0.7698003053665161, -0.07943805307149887, -0.6333222985267639, -0.04085922986268997, 0.9840571880340576, -0.17309516668319702], "cam_t_m2c": [9.709467887878418, -43.109622955322266, 938.7849731445312], "obj_id": 1}, {"cam_R_m2c": [0.5141087770462036, -0.47668391466140747, 0.7130669951438904, 0.6942829489707947, -0.25688743591308594, -0.672294557094574, 0.5036500096321106, 0.8407027721405029, 0.1988854557275772], "cam_t_m2c": [3.3722715377807617, -60.10761260986328, 970.2709350585938], "obj_id": 1}, {"cam_R_m2c": [-0.16958951950073242, -0.8848750591278076, 0.4338609576225281, 0.9611592292785645, -0.24577581882476807, -0.12556636333465576, 0.2177431285381317, 0.39571475982666016, 0.8921870589256287], "cam_t_m2c": [195.49440002441406, -32.3289794921875, 721.9554443359375], "obj_id": 3}, {"cam_R_m2c": [-0.1197478249669075, -0.5040896534919739, 0.855309247970581, 0.981331467628479, 0.07049412280321121, 0.17893844842910767, -0.1504952311515808, 0.8607694506645203, 0.48623764514923096], "cam_t_m2c": [-117.89629364013672, -22.72186851501465, 1097.4385986328125], "obj_id": 2}, {"cam_R_m2c": [-0.30368879437446594, -0.16894136369228363, -0.9376736283302307, 0.8691717386245728, -0.45225241780281067, -0.20002014935016632, -0.3902735412120819, -0.8757433295249939, 0.284183144569397], "cam_t_m2c": [-89.71920776367188, -26.149765014648438, 603.34228515625], "obj_id": 0}],
  "2": [{"cam_R_m2c": [-0.21051783859729767, -0.11098003387451172, -0.9712700843811035, 0.9711026549339294, 0.09052913635969162, -0.22082571685314178, 0.11243543028831482, -0.9896907806396484, 0.0887150838971138], "cam_t_m2c": [94.83142852783203, 79.84529876708984, 609.8654174804688], "obj_id": 2}, {"cam_R_m2c": [0.6369757056236267, 0.15912577509880066, 0.754281759262085, 0.7698003053665161, -0.07943805307149887, -0.6333222985267639, -0.04085922986268997, 0.9840571880340576, -0.17309516668319702], "cam_t_m2c": [9.709467887878418, -43.109622955322266, 938.7849731445312], "obj_id": 1}, {"cam_R_m2c": [0.5141087770462036, -0.47668391466140747, 0.7130669951438904, 0.6942829489707947, -0.25688743591308594, -0.672294557094574, 0.5036500096321106, 0.8407027721405029, 0.1988854557275772], "cam_t_m2c": [3.3722715377807617, -60.10761260986328, 970.2709350585938], "obj_id": 1}, {"cam_R_m2c": [-0.16958951950073242, -0.8848750591278076, 0.4338609576225281, 0.9611592292785645, -0.24577581882476807, -0.12556636333465576, 0.2177431285381317, 0.39571475982666016, 0.8921870589256287], "cam_t_m2c": [195.49440002441406, -32.3289794921875, 721.9554443359375], "obj_id": 3}, {"cam_R_m2c": [-0.1197478249669075, -0.5040896534919739, 0.855309247970581, 0.981331467628479, 0.07049412280321121, 0.17893844842910767, -0.1504952311515808, 0.8607694506645203, 0.48623764514923096], "cam_t_m2c": [-117.89629364013672, -22.72186851501465, 1097.4385986328125], "obj_id": 2}, {"cam_R_m2c": [-0.30368879437446594, -0.16894136369228363, -0.9376736283302307, 0.8691717386245728, -0.45225241780281067, -0.20002014935016632, -0.3902735412120819, -0.8757433295249939, 0.284183144569397], "cam_t_m2c": [-89.71920776367188, -26.149765014648438, 603.34228515625], "obj_id": 0}],
  "3": [{"cam_R_m2c": [-0.21051783859729767, -0.11098003387451172, -0.9712700843811035, 0.9711026549339294, 0.09052913635969162, -0.22082571685314178, 0.11243543028831482, -0.9896907806396484, 0.0887150838971138], "cam_t_m2c": [94.83142852783203, 79.84529876708984, 609.8654174804688], "obj_id": 2}, {"cam_R_m2c": [0.6369757056236267, 0.15912577509880066, 0.754281759262085, 0.7698003053665161, -0.07943805307149887, -0.6333222985267639, -0.04085922986268997, 0.9840571880340576, -0.17309516668319702], "cam_t_m2c": [9.709467887878418, -43.109622955322266, 938.7849731445312], "obj_id": 1}, {"cam_R_m2c": [0.5141087770462036, -0.47668391466140747, 0.7130669951438904, 0.6942829489707947, -0.25688743591308594, -0.672294557094574, 0.5036500096321106, 0.8407027721405029, 0.1988854557275772], "cam_t_m2c": [3.3722715377807617, -60.10761260986328, 970.2709350585938], "obj_id": 1}, {"cam_R_m2c": [-0.16958951950073242, -0.8848750591278076, 0.4338609576225281, 0.9611592292785645, -0.24577581882476807, -0.12556636333465576, 0.2177431285381317, 0.39571475982666016, 0.8921870589256287], "cam_t_m2c": [195.49440002441406, -32.3289794921875, 721.9554443359375], "obj_id": 3}, {"cam_R_m2c": [-0.1197478249669075, -0.5040896534919739, 0.855309247970581, 0.981331467628479, 0.07049412280321121, 0.17893844842910767, -0.1504952311515808, 0.8607694506645203, 0.48623764514923096], "cam_t_m2c": [-117.89629364013672, -22.72186851501465, 1097.4385986328125], "obj_id": 2}, {"cam_R_m2c": [-0.30368879437446594, -0.16894136369228363, -0.9376736283302307, 0.8691717386245728, -0.45225241780281067, -0.20002014935016632, -0.3902735412120819, -0.8757433295249939, 0.284183144569397], "cam_t_m2c": [-89.71920776367188, -26.149765014648438, 603.34228515625], "obj_id": 0}],
  "4": [{"cam_R_m2c": [-0.21051783859729767, -0.11098003387451172, -0.9712700843811035, 0.9711026549339294, 0.09052913635969162, -0.22082571685314178, 0.11243543028831482, -0.9896907806396484, 0.0887150838971138], "cam_t_m2c": [94.83142852783203, 79.84529876708984, 609.8654174804688], "obj_id": 2}, {"cam_R_m2c": [0.6369757056236267, 0.15912577509880066, 0.754281759262085, 0.7698003053665161, -0.07943805307149887, -0.6333222985267639, -0.04085922986268997, 0.9840571880340576, -0.17309516668319702], "cam_t_m2c": [9.709467887878418, -43.109622955322266, 938.7849731445312], "obj_id": 1}, {"cam_R_m2c": [0.5141087770462036, -0.47668391466140747, 0.7130669951438904, 0.6942829489707947, -0.25688743591308594, -0.672294557094574, 0.5036500096321106, 0.8407027721405029, 0.1988854557275772], "cam_t_m2c": [3.3722715377807617, -60.10761260986328, 970.2709350585938], "obj_id": 1}, {"cam_R_m2c": [-0.16958951950073242, -0.8848750591278076, 0.4338609576225281, 0.9611592292785645, -0.24577581882476807, -0.12556636333465576, 0.2177431285381317, 0.39571475982666016, 0.8921870589256287], "cam_t_m2c": [195.49440002441406, -32.3289794921875, 721.9554443359375], "obj_id": 3}, {"cam_R_m2c": [-0.1197478249669075, -0.5040896534919739, 0.855309247970581, 0.981331467628479, 0.07049412280321121, 0.17893844842910767, -0.1504952311515808, 0.8607694506645203, 0.48623764514923096], "cam_t_m2c": [-117.89629364013672, -22.72186851501465, 1097.4385986328125], "obj_id": 2}, {"cam_R_m2c": [-0.30368879437446594, -0.16894136369228363, -0.9376736283302307, 0.8691717386245728, -0.45225241780281067, -0.20002014935016632, -0.3902735412120819, -0.8757433295249939, 0.284183144569397], "cam_t_m2c": [-89.71920776367188, -26.149765014648438, 603.34228515625], "obj_id": 0}]
}