{
  "0": [{"cam_R_m2c": [0.2858676314353943, 0.8938172459602356, 0.3455004096031189, -0.09744379669427872, 0.3857913315296173, -0.9174256324768066, -0.9533018469810486, 0.22859543561935425, 0.19738218188285828], "cam_t_m2c": [219.390869140625, 200.48387145996094, 906.2820434570312], "obj_id": 2}, {"cam_R_m2c": [-0.3792576491832733, -0.9217665791511536, 0.08068288117647171, 0.12704257667064667, -0.13824518024921417, -0.982215940952301, 0.9165279269218445, -0.36226290464401245, 0.1695343405008316], "cam_t_m2c": [179.85202026367188, -15.369677543640137, 931.9822998046875], "obj_id": 0}, {"cam_R_m2c": [0.6523417234420776, 0.1905229240655899, -0.7335879802703857, -0.7278931736946106, 0.4272416830062866, -0.5363171696662903, 0.21123868227005005, 0.8838357329368591, 0.4173879027366638], "cam_t_m2c": [163.87579345703125, 354.253173828125, 876.7672119140625], "obj_id": 3}, {"cam_R_m2c": [-0.14122374355793, -0.6073106527328491, -0.7818118333816528, 0.15710783004760742, 0.7659697532653809, -0.6233839392662048, 0.9774318933486938, -0.2108653336763382, -0.012759875506162643], "cam_t_m2c": [307.56610107421875, 99.57141876220703, 998.2708129882812], "obj_id": 2}, {"cam_R_m2c": [-0.3212939500808716, -0.6930180788040161, -0.6453649401664734, 0.3062172830104828, 0.5688531994819641, -0.7633065581321716, 0.8961032032966614, -0.44286778569221497, 0.029445083811879158], "cam_t_m2c": [48.89675521850586, 395.1545715332031, 847.0755615234375], "obj_id": 0}, {"cam_R_m2c": [0.12202605605125427, 0.9897319078445435, 0.07443302869796753, 0.23254723846912384, 0.04439609497785568, -0.9715712666511536, -0.9648996591567993, 0.1358661651611328, -0.22474190592765808], "cam_t_m2c": [436.6468200683594, 200.91452026367188, 921.5603637695312], "obj_id": 1}, {"cam_R_m2c": [-0.14122387766838074, -0.6859455108642578, -0.7138168811798096, 0.1571076363325119, 0.6963767409324646, -0.7002689838409424, 0.9774317741394043, -0.21104082465171814, 0.00942227616906166], "cam_t_m2c": [112.976806640625, 121.0146484375, 966.7089233398438], "obj_id": 2}, {"cam_R_m2c": [-0.38518384099006653, 0.8824740648269653, 0.2699495255947113, -0.4173714518547058, -0.4274802505970001, 0.8019111156463623, 0.8230639100074768, 0.19621406495571136, 0.5329781770706177], "cam_t_m2c": [110.38651275634766, 205.9561767578125, 964.0007934570312], "obj_id": 1}, {"cam_R_m2c": [0.8763701915740967, 0.23843973875045776, 0.41847556829452515, 0.4790765345096588, -0.5210404396057129, -0.7064012289047241, 0.04960855841636658, 0.8195507526397705, -0.5708552002906799], "cam_t_m2c": [94.23509979248047, 122.06707763671875, 923.6604614257812], "obj_id": 3}, {"cam_R_m2c": [0.42341968417167664, 0.9044091701507568, 0.052534084767103195, 0.00785940233618021, -0.06165393069386482, 0.9980666637420654, 0.9058995842933655, -0.4221882224082947, -0.033213626593351364], "cam_t_m2c": [239.5181427001953, 373.8954772949219, 878.0344848632812], "obj_id": 0}, {"cam_R_m2c": [0.14703091979026794, -0.6609782576560974, 0.7358598113059998, -0.03626261651515961, -0.7470470070838928, -0.663781464099884, 0.9884669780731201, 0.070912204682827, -0.13380782306194305], "cam_t_m2c": [153.33189392089844, 277.6212463378906, 947.373291015625], "obj_id": 2}, {"cam_R_m2c": [-0.18408863246440887, -0.07963573932647705, -0.9796782732009888, 0.16147729754447937, 0.9807197451591492, -0.11006315052509308, 0.9695547223091125, -0.17845718562602997, -0.16767999529838562], "cam_t_m2c": [198.72618103027344, 251.37960815429688, 920.658203125], "obj_id": 1}, {"cam_R_m2c": [0.1470426470041275, -0.27176105976104736, 0.9510648846626282, -0.03627074882388115, -0.9623511433601379, -0.26937827467918396, 0.988464891910553, 0.0051142568700015545, -0.15136361122131348], "cam_t_m2c": [420.8260192871094, -50.60096740722656, 1038.7730712890625], "obj_id": 2}],
  "1": [{"cam_R_m2c": [0.2858676314353943, 0.8938172459602356, 0.3455004096031189, -0.09744379669427872, 0.3857913315296173, -0.9174256324768066, -0.9533018469810486, 0.22859543561935425, 0.19738218188285828], "cam_t_m2c": [219.390869140625, 200.48387145996094, 906.2820434570312], "obj_id": 2}, {"cam_R_m2c": [-0.3792576491832733, -0.9217665791511536, 0.08068288117647171, 0.12704257667064667, -0.13824518024921417, -0.982215940952301, 0.9165279269218445, -0.36226290464401245, 0.1695343405008316], "cam_t_m2c": [179.85202026367188, -15.369677543640137, 931.9822998046875], "obj_id": 0}, {"cam_R_m2c": [0.6523417234420776, 0.1905229240655899, -0.7335879802703857, -0.7278931736946106, 0.4272416830062866, -0.5363171696662903, 0.21123868227005005, 0.8838357329368591, 0.4173879027366638], "cam_t_m2c": [163.87579345703125, 354.253173828125, 876.7672119140625], "obj_id": 3}, {"cam_R_m2c": [-0.14122374355793, -0.6073106527328491, -0.7818118333816528, 0.15710783004760742, 0.7659697532653809, -0.6233839392662048, 0.9774318933486938, -0.2108653336763382, -0.012759875506162643], "cam_t_m2c": [307.56610107421875, 99.57141876220703, 998.2708129882812], "obj_id": 2}, {"cam_R_m2c": [-0.3212939500808716, -0.6930180788040161, -0.6453649401664734, 0.3062172830104828, 0.5688531994819641, -0.7633065581321716, 0.8961032032966614, -0.44286778569221497, 0.029445083811879158], "cam_t_m2c": [48.89675521850586, 395.1545715332031, 847.0755615234375], "obj_id": 0}, {"cam_R_m2c": [0.12202605605125427, 0.9897319078445435, 0.07443302869796753, 0.23254723846912384, 0.04439609497785568, -0.9715712666511536, -0.9648996591567993, 0.1358661651611328, -0.22474190592765808], "cam_t_m2c": [436.6468200683594, 200.91452026367188, 921.5603637695312], "obj_id": 1}, {"cam_R_m2c": [-0.14122387766838074, -0.6859455108642578, -0.7138168811798096, 0.1571076363325119, 0.6963767409324646, -0.7002689838409424, 0.9774317741394043, -0.21104082465171814, 0.00942227616906166], "cam_t_m2c": [112.976806640625, 121.0146484375, 966.7089233398438], "obj_id": 2}, {"cam_R_m2c": [-0.38518384099006653, 0.8824740648269653, 0.2699495255947113, -0.4173714518547058, -0.4274802505970001, 0.8019111156463623, 0.8230639100074768, 0.19621406495571136, 0.5329781770706177], "cam_t_m2c": [110.38651275634766, 205.9561767578125, 964.0007934570312], "obj_id": 1}, {"cam_R_m2c": [0.8763701915740967, 0.23843973875045776, 0.41847556829452515, 0.4790765345096588, -0.5210404396057129, -0.7064012289047241, 0.04960855841636658, 0.8195507526397705, -0.5708552002906799], "cam_t_m2c": [94.23509979248047, 122.06707763671875, 923.6604614257812], "obj_id": 3}, {"cam_R_m2c": [0.42341968417167664, 0.9044091701507568, 0.052534084767103195, 0.00785940233618021, -0.06165393069386482, 0.9980666637420654, 0.9058995842933655, -0.4221882224082947, -0.033213626593351364], "cam_t_m2c": [239.5181427001953, 373.8954772949219, 878.0344848632812], "obj_id": 0}, {"cam_R_m2c": [0.14703091979026794, -0.6609782576560974, 0.7358598113059998, -0.03626261651515961, -0.7470470070838928, -0.663781464099884, 0.9884669780731201, 0.070912204682827, -0.13380782306194305], "cam_t_m2c": [153.33189392089844, 277.6212463378906, 947.373291015625], "obj_id": 2}, {"cam_R_m2c": [-0.18408863246440887, -0.07963573932647705, -0.9796782732009888, 0.16147729754447937, 0.9807197451591492, -0.11006315052509308, 0.9695547223091125, -0.17845718562602997, -0.16767999529838562], "cam_t_m2c": [198.72618103027344, 251.37960815429688, 920.658203125], "obj_id": 1}, {"cam_R_m2c": [0.1470426470041275, -0.27176105976104736, 0.9510648846626282, -0.03627074882388115, -0.9623511433601379, -0.26937827467918396, 0.988464891910553, 0.0051142568700015545, -0.15136361122131348], "cam_t_m2c": [420.8260192871094, -50.60096740722656, 1038.7730712890625], "obj_id": 2}],
  "2": [{"cam_R_m2c": [0.2858676314353943, 0.8938172459602356, 0.3455004096031189, -0.09744379669427872, 0.3857913315296173, -0.9174256324768066, -0.9533018469810486, 0.22859543561935425, 0.19738218188285828], "cam_t_m2c": [219.390869140625, 200.48387145996094, 906.2820434570312], "obj_id": 2}, {"cam_R_m2c": [-0.3792576491832733, -0.9217665791511536, 0.08068288117647171, 0.12704257667064667, -0.13824518024921417, -0.982215940952301, 0.9165279269218445, -0.36226290464401245, 0.1695343405008316], "cam_t_m2c": [179.85202026367188, -15.369677543640137, 931.9822998046875], "obj_id": 0}, {"cam_R_m2c": [0.6523417234420776, 0.1905229240655899, -0.7335879802703857, -0.7278931736946106, 0.4272416830062866, -0.5363171696662903, 0.21123868227005005, 0.8838357329368591, 0.4173879027366638], "cam_t_m2c": [163.87579345703125, 354.253173828125, 876.7672119140625], "obj_id": 3}, {"cam_R_m2c": [-0.14122374355793, -0.6073106527328491, -0.7818118333816528, 0.15710783004760742, 0.7659697532653809, -0.6233839392662048, 0.9774318933486938, -0.2108653336763382, -0.012759875506162643], "cam_t_m2c": [307.56610107421875, 99.57141876220703, 998.2708129882812], "obj_id": 2}, {"cam_R_m2c": [-0.3212939500808716, -0.6930180788040161, -0.6453649401664734, 0.3062172830104828, 0.5688531994819641, -0.7633065581321716, 0.8961032032966614, -0.44286778569221497, 0.029445083811879158], "cam_t_m2c": [48.89675521850586, 395.1545715332031, 847.0755615234375], "obj_id": 0}, {"cam_R_m2c": [0.12202605605125427, 0.9897319078445435, 0.07443302869796753, 0.23254723846912384, 0.04439609497785568, -0.9715712666511536, -0.9648996591567993, 0.1358661651611328, -0.22474190592765808], "cam_t_m2c": [436.6468200683594, 200.91452026367188, 921.5603637695312], "obj_id": 1}, {"cam_R_m2c": [-0.14122387766838074, -0.6859455108642578, -0.7138168811798096, 0.1571076363325119, 0.6963767409324646, -0.7002689838409424, 0.9774317741394043, -0.21104082465171814, 0.00942227616906166], "cam_t_m2c": [112.976806640625, 121.0146484375, 966.7089233398438], "obj_id": 2}, {"cam_R_m2c": [-0.38518384099006653, 0.8824740648269653, 0.2699495255947113, -0.4173714518547058, -0.4274802505970001, 0.8019111156463623, 0.8230639100074768, 0.19621406495571136, 0.5329781770706177], "cam_t_m2c": [110.38651275634766, 205.9561767578125, 964.0007934570312], "obj_id": 1}, {"cam_R_m2c": [0.8763701915740967, 0.23843973875045776, 0.41847556829452515, 0.4790765345096588, -0.5210404396057129, -0.7064012289047241, 0.04960855841636658, 0.8195507526397705, -0.5708552002906799], "cam_t_m2c": [94.23509979248047, 122.06707763671875, 923.6604614257812], "obj_id": 3}, {"cam_R_m2c": [0.42341968417167664, 0.9044091701507568, 0.052534084767103195, 0.00785940233618021, -0.06165393069386482, 0.9980666637420654, 0.9058995842933655, -0.4221882224082947, -0.033213626593351364], "cam_t_m2c": [239.5181427001953, 373.8954772949219, 878.0344848632812], "obj_id": 0}, {"cam_R_m2c": [0.14703091979026794, -0.6609782576560974, 0.7358598113059998, -0.03626261651515961, -0.7470470070838928, -0.663781464099884, 0.9884669780731201, 0.070912204682827, -0.13380782306194305], "cam_t_m2c": [153.33189392089844, 277.6212463378906, 947.373291015625], "obj_id": 2}, {"cam_R_m2c": [-0.18408863246440887, -0.07963573932647705, -0.9796782732009888, 0.16147729754447937, 0.9807197451591492, -0.11006315052509308, 0.9695547223091125, -0.17845718562602997, -0.16767999529838562], "cam_t_m2c": [198.72618103027344, 251.37960815429688, 920.658203125], "obj_id": 1}, {"cam_R_m2c": [0.1470426470041275, -0.27176105976104736, 0.9510648846626282, -0.03627074882388115, -0.9623511433601379, -0.26937827467918396, 0.988464891910553, 0.0051142568700015545, -0.15136361122131348], "cam_t_m2c": [420.8260192871094, -50.60096740722656, 1038.7730712890625], "obj_id": 2}],
  "3": [{"cam_R_m2c": [-0.4916357398033142, -0.19577805697917938, -0.8485076427459717, -0.8399794697761536, -0.1503259539604187, 0.5213794708251953, -0.22962738573551178, 0.9690577983856201, -0.09054394066333771], "cam_t_m2c": [-50.525203704833984, -198.33961486816406, 804.264892578125], "obj_id": 2}, {"cam_R_m2c": [0.561274528503418, 0.3643752634525299, -0.7431026697158813, 0.812710702419281, -0.07294204086065292, 0.5780836939811707, 0.1564359813928604, -0.92839115858078, -0.3370721936225891], "cam_t_m2c": [-181.9347381591797, -70.21492767333984, 681.2520141601562], "obj_id": 0}, {"cam_R_m2c": [-0.8894215226173401, 0.43146538734436035, 0.15088795125484467, 0.38765349984169006, 0.5371224880218506, 0.7491490244865417, 0.2421865463256836, 0.7248014211654663, -0.6449874043464661], "cam_t_m2c": [91.15058135986328, -283.0911560058594, 822.7904052734375], "obj_id": 3}, {"cam_R_m2c": [0.4545770585536957, 0.8906957507133484, 0.004561497364193201, 0.8057287335395813, -0.4133853316307068, 0.424162358045578, 0.37968525290489197, -0.18913914263248444, -0.90557461977005], "cam_t_m2c": [-156.37400817871094, -89.64881134033203, 862.5955810546875], "obj_id": 2}, {"cam_R_m2c": [0.6552827954292297, 0.7353706955909729, -0.1727263182401657, 0.702260434627533, -0.5088244080543518, 0.49792349338531494, 0.27827098965644836, -0.447579562664032, -0.8498455882072449], "cam_t_m2c": [184.2327880859375, -305.14447021484375, 741.402099609375], "obj_id": 0}, {"cam_R_m2c": [-0.14711707830429077, -0.5342667102813721, -0.8324154615402222, -0.9681900143623352, -0.09442232549190521, 0.23171615600585938, -0.2023969143629074, 0.840025782585144, -0.503380537033081], "cam_t_m2c": [-178.52587890625, -227.4775848388672, 978.0480346679688], "obj_id": 1}, {"cam_R_m2c": [0.4545772075653076, 0.8862633109092712, -0.08886484801769257, 0.8057287335395813, -0.3666275143623352, 0.4651726186275482, 0.3796851336956024, -0.2830578684806824, -0.8807483315467834], "cam_t_m2c": [-29.922832489013672, -89.01250457763672, 709.851806640625], "obj_id": 2}, {"cam_R_m2c": [0.132156640291214, -0.8077983260154724, 0.5744531750679016, 0.9800340533256531, 0.19333752989768982, 0.046408865600824356, -0.14855235815048218, 0.5568504929542542, 0.8172207474708557], "cam_t_m2c": [34.73517990112305, -129.46665954589844, 747.4271850585938], "obj_id": 1}, {"cam_R_m2c": [-0.1610177457332611, -0.3261759877204895, -0.9314947128295898, -0.34492379426956177, 0.9028931856155396, -0.25653737783432007, 0.924716591835022, 0.2799876034259796, -0.25788769125938416], "cam_t_m2c": [-28.764177322387695, -123.27041625976562, 677.7491455078125], "obj_id": 3}, {"cam_R_m2c": [-0.019519591704010963, -0.7050650715827942, 0.7088738083839417, 0.7016361355781555, -0.5147604942321777, -0.49267446994781494, 0.7122678756713867, 0.4877546727657318, 0.504747211933136], "cam_t_m2c": [60.18049240112305, -305.6174621582031, 890.9270629882812], "obj_id": 0}, {"cam_R_m2c": [0.1367620825767517, -0.14038054645061493, -0.9806066751480103, 0.8471804857254028, 0.5296158790588379, 0.04233541712164879, 0.5134017467498779, -0.836540699005127, 0.1913590431213379], "cam_t_m2c": [58.13819885253906, -184.8370819091797, 807.7850952148438], "obj_id": 2}, {"cam_R_m2c": [0.48192939162254333, 0.73905348777771, 0.4706845283508301, 0.8052260279655457, -0.5853639245033264, 0.09465634077787399, 0.3454779088497162, 0.3333897888660431, -0.8772091269493103], "cam_t_m2c": [3.9534308910369873, -204.95681762695312, 818.8378295898438], "obj_id": 1}, {"cam_R_m2c": [0.13674858212471008, -0.5558221936225891, -0.8199765086174011, 0.8471800088882446, 0.4946228563785553, -0.19399546086788177, 0.5134060978889465, -0.6681391000747681, 0.5385204553604126], "cam_t_m2c": [-327.68035888671875, -8.203277587890625, 894.856201171875], "obj_id": 2}],
  "4": [{"cam_R_m2c": [-0.4916357398033142, -0.19577805697917938, -0.8485076427459717, -0.8399794697761536, -0.1503259539604187, 0.5213794708251953, -0.22962738573551178, 0.9690577983856201, -0.09054394066333771], "cam_t_m2c": [-50.525203704833984, -198.33961486816406, 804.264892578125], "obj_id": 2}, {"cam_R_m2c": [0.561274528503418, 0.3643752634525299, -0.7431026697158813, 0.812710702419281, -0.07294204086065292, 0.5780836939811707, 0.1564359813928604, -0.92839115858078, -0.3370721936225891], "cam_t_m2c": [-181.9347381591797, -70.21492767333984, 681.2520141601562], "obj_id": 0}, {"cam_R_m2c": [-0.8894215226173401, 0.43146538734436035, 0.15088795125484467, 0.38765349984169006, 0.5371224880218506, 0.7491490244865417, 0.2421865463256836, 0.7248014211654663, -0.6449874043464661], "cam_t_m2c": [91.15058135986328, -283.0911560058594, 822.7904052734375], "obj_id": 3}, {"cam_R_m2c": [0.4545770585536957, 0.8906957507133484, 0.004561497364193201, 0.8057287335395813, -0.4133853316307068, 0.424162358045578, 0.37968525290489197, -0.18913914263248444, -0.90557461977005], "cam_t_m2c": [-156.37400817871094, -89.64881134033203, 862.5955810546875], "obj_id": 2}, {"cam_R_m2c": [0.6552827954292297, 0.7353706955909729, -0.1727263182401657, 0.702260434627533, -0.5088244080543518, 0.49792349338531494, 0.27827098965644836, -0.447579562664032, -0.8498455882072449], "cam_t_m2c": [184.2327880859375, -305.14447021484375, 741.402099609375], "obj_id": 0}, {"cam_R_m2c": [-0.14711707830429077, -0.5342667102813721, -0.8324154615402222, -0.9681900143623352, -0.09442232549190521, 0.23171615600585938, -0.2023969143629074, 0.840025782585144, -0.503380537033081], "cam_t_m2c": [-178.52587890625, -227.4775848388672, 978.0480346679688], "obj_id": 1}, {"cam_R_m2c": [0.4545772075653076, 0.8862633109092712, -0.08886484801769257, 0.8057287335395813, -0.3666275143623352, 0.4651726186275482, 0.3796851336956024, -0.2830578684806824, -0.8807483315467834], "cam_t_m2c": [-29.922832489013672, -89.01250457763672, 709.851806640625], "obj_id": 2}, {"cam_R_m2c": [0.132156640291214, -0.8077983260154724, 0.5744531750679016, 0.9800340533256531, 0.19333752989768982, 0.046408865600824356, -0.14855235815048218, 0.5568504929542542, 0.8172207474708557], "cam_t_m2c": [34.73517990112305, -129.46665954589844, 747.4271850585938], "obj_id": 1}, {"cam_R_m2c": [-0.1610177457332611, -0.3261759877204895, -0.9314947128295898, -0.34492379426956177, 0.9028931856155396, -0.25653737783432007, 0.924716591835022, 0.2799876034259796, -0.25788769125938416], "cam_t_m2c": [-28.764177322387695, -123.27041625976562, 677.7491455078125], "obj_id": 3}, {"cam_R_m2c": [-0.019519591704010963, -0.7050650715827942, 0.7088738083839417, 0.7016361355781555, -0.5147604942321777, -0.49267446994781494, 0.7122678756713867, 0.4877546727657318, 0.504747211933136], "cam_t_m2c": [60.18049240112305, -305.6174621582031, 890.9270629882812], "obj_id": 0}, {"cam_R_m2c": [0.1367620825767517, -0.14038054645061493, -0.9806066751480103, 0.8471804857254028, 0.5296158790588379, 0.04233541712164879, 0.5134017467498779, -0.836540699005127, 0.1913590431213379], "cam_t_m2c": [58.13819885253906, -184.8370819091797, 807.7850952148438], "obj_id": 2}, {"cam_R_m2c": [0.48192939162254333, 0.73905348777771, 0.4706845283508301, 0.8052260279655457, -0.5853639245033264, 0.09465634077787399, 0.3454779088497162, 0.3333897888660431, -0.8772091269493103], "cam_t_m2c": [3.9534308910369873, -204.95681762695312, 818.8378295898438], "obj_id": 1}, {"cam_R_m2c": [0.13674858212471008, -0.5558221936225891, -0.8199765086174011, 0.8471800088882446, 0.4946228563785553, -0.19399546086788177, 0.5134060978889465, -0.6681391000747681, 0.5385204553604126], "cam_t_m2c": [-327.68035888671875, -8.203277587890625, 894.856201171875], "obj_id": 2}]
}