{
  "0": [{"cam_R_m2c": [0.9889370203018188, 0.022017380222678185, 0.1466928869485855, 0.1483212262392044, -0.16072510182857513, -0.9757910966873169, 0.002092864364385605, 0.9867536425590515, -0.16221264004707336], "cam_t_m2c": [246.27427673339844, 52.9699821472168, 848.2846069335938], "obj_id": 2}, {"cam_R_m2c": [0.9889370203018188, 0.022017380222678185, 0.1466928869485855, 0.1483212262392044, -0.16072510182857513, -0.9757910966873169, 0.002092864364385605, 0.9867536425590515, -0.16221264004707336], "cam_t_m2c": [246.27427673339844, 52.9699821472168, 848.2846069335938], "obj_id": 0}, {"cam_R_m2c": [0.9889370203018188, 0.022017380222678185, 0.1466928869485855, 0.1483212262392044, -0.16072510182857513, -0.9757910966873169, 0.002092864364385605, 0.9867536425590515, -0.16221264004707336], "cam_t_m2c": [246.27427673339844, 52.9699821472168, 848.2846069335938], "obj_id": 1}, {"cam_R_m2c": [0.9889370203018188, 0.022017380222678185, 0.1466928869485855, 0.1483212262392044, -0.16072510182857513, -0.9757910966873169, 0.002092864364385605, 0.9867536425590515, -0.16221264004707336], "cam_t_m2c": [246.27427673339844, 52.9699821472168, 848.2846069335938], "obj_id": 1}, {"cam_R_m2c": [0.9889370203018188, 0.022017380222678185, 0.1466928869485855, 0.1483212262392044, -0.16072510182857513, -0.9757910966873169, 0.002092864364385605, 0.9867536425590515, -0.16221264004707336], "cam_t_m2c": [246.27427673339844, 52.9699821472168, 848.2846069335938], "obj_id": 2}, {"cam_R_m2c": [0.9889370203018188, 0.022017380222678185, 0.1466928869485855, 0.1483212262392044, -0.16072510182857513, -0.9757910966873169, 0.002092864364385605, 0.9867536425590515, -0.16221264004707336], "cam_t_m2c": [246.27427673339844, 52.9699821472168, 848.2846069335938], "obj_id": 2}, {"cam_R_m2c": [0.9889370203018188, 0.022017380222678185, 0.1466928869485855, 0.1483212262392044, -0.16072510182857513, -0.9757910966873169, 0.002092864364385605, 0.9867536425590515, -0.16221264004707336], "cam_t_m2c": [246.27427673339844, 52.9699821472168, 848.2846069335938], "obj_id": 2}, {"cam_R_m2c": [0.9889370203018188, 0.022017380222678185, 0.1466928869485855, 0.1483212262392044, -0.16072510182857513, -0.9757910966873169, 0.002092864364385605, 0.9867536425590515, -0.16221264004707336], "cam_t_m2c": [246.27427673339844, 52.9699821472168, 848.2846069335938], "obj_id": 3}, {"cam_R_m2c": [0.9889370203018188, 0.022017380222678185, 0.1466928869485855, 0.1483212262392044, -0.16072510182857513, -0.9757910966873169, 0.002092864364385605, 0.9867536425590515, -0.16221264004707336], "cam_t_m2c": [246.27427673339844, 52.9699821472168, 848.2846069335938], "obj_id": 2}, {"cam_R_m2c": [0.9889370203018188, 0.022017380222678185, 0.1466928869485855, 0.1483212262392044, -0.16072510182857513, -0.9757910966873169, 0.002092864364385605, 0.9867536425590515, -0.16221264004707336], "cam_t_m2c": [246.27427673339844, 52.9699821472168, 848.2846069335938], "obj_id": 2}, {"cam_R_m2c": [0.9889370203018188, 0.022017380222678185, 0.1466928869485855, 0.1483212262392044, -0.16072510182857513, -0.9757910966873169, 0.002092864364385605, 0.9867536425590515, -0.16221264004707336], "cam_t_m2c": [246.27427673339844, 52.9699821472168, 848.2846069335938], "obj_id": 0}, {"cam_R_m2c": [0.9889370203018188, 0.022017380222678185, 0.1466928869485855, 0.1483212262392044, -0.16072510182857513, -0.9757910966873169, 0.002092864364385605, 0.9867536425590515, -0.16221264004707336], "cam_t_m2c": [246.27427673339844, 52.9699821472168, 848.2846069335938], "obj_id": 0}, {"cam_R_m2c": [0.15604762732982635, -0.31309983134269714, -0.9368123412132263, -0.9649263620376587, -0.2510245442390442, -0.07683341950178146, -0.2111065685749054, 0.9159446954727173, -0.3412899076938629], "cam_t_m2c": [365.9107360839844, -3.007739782333374, 1095.2828369140625], "obj_id": 1}, {"cam_R_m2c": [0.1937231570482254, -0.04210824519395828, -0.9801521897315979, -0.9603965878486633, 0.1958136111497879, -0.19823092222213745, 0.20027431845664978, 0.9797366857528687, -0.0025070065166801214], "cam_t_m2c": [260.3983459472656, 28.736133575439453, 808.9099731445312], "obj_id": 2}, {"cam_R_m2c": [0.2911566495895386, 0.46814435720443726, 0.8343072533607483, -0.8347705602645874, 0.5503205060958862, -0.017476102337241173, -0.46731770038604736, -0.6913669109344482, 0.5510226488113403], "cam_t_m2c": [68.07518005371094, -27.64946174621582, 974.17529296875], "obj_id": 3}, {"cam_R_m2c": [-0.15346434712409973, -0.9019926190376282, -0.40355661511421204, 0.34399744868278503, -0.4316149950027466, 0.833890974521637, -0.926344633102417, -0.010849877260625362, 0.3765207529067993], "cam_t_m2c": [24.41687774658203, -11.755478858947754, 952.1060180664062], "obj_id": 4}],
  "1": [{"cam_R_m2c": [-0.9805926084518433, 0.13660724461078644, 0.14062950015068054, -0.10645639896392822, 0.23134002089500427, -0.967030942440033, -0.16463667154312134, -0.9632342457771301, -0.21230760216712952], "cam_t_m2c": [407.46978759765625, 107.88516235351562, 716.4151000976562], "obj_id": 3}, {"cam_R_m2c": [-0.9805926084518433, 0.13660724461078644, 0.14062950015068054, -0.10645639896392822, 0.23134002089500427, -0.967030942440033, -0.16463667154312134, -0.9632342457771301, -0.21230760216712952], "cam_t_m2c": [407.46978759765625, 107.88516235351562, 716.4151000976562], "obj_id": 3}, {"cam_R_m2c": [-0.9805926084518433, 0.13660724461078644, 0.14062950015068054, -0.10645639896392822, 0.23134002089500427, -0.967030942440033, -0.16463667154312134, -0.9632342457771301, -0.21230760216712952], "cam_t_m2c": [407.46978759765625, 107.88516235351562, 716.4151000976562], "obj_id": 1}, {"cam_R_m2c": [-0.9805926084518433, 0.13660724461078644, 0.14062950015068054, -0.10645639896392822, 0.23134002089500427, -0.967030942440033, -0.16463667154312134, -0.9632342457771301, -0.21230760216712952], "cam_t_m2c": [407.46978759765625, 107.88516235351562, 716.4151000976562], "obj_id": 1}, {"cam_R_m2c": [-0.9805926084518433, 0.13660724461078644, 0.14062950015068054, -0.10645639896392822, 0.23134002089500427, -0.967030942440033, -0.16463667154312134, -0.9632342457771301, -0.21230760216712952], "cam_t_m2c": [407.46978759765625, 107.88516235351562, 716.4151000976562], "obj_id": 2}, {"cam_R_m2c": [-0.9805926084518433, 0.13660724461078644, 0.14062950015068054, -0.10645639896392822, 0.23134002089500427, -0.967030942440033, -0.16463667154312134, -0.9632342457771301, -0.21230760216712952], "cam_t_m2c": [407.46978759765625, 107.88516235351562, 716.4151000976562], "obj_id": 0}, {"cam_R_m2c": [-0.9805926084518433, 0.13660724461078644, 0.14062950015068054, -0.10645639896392822, 0.23134002089500427, -0.967030942440033, -0.16463667154312134, -0.9632342457771301, -0.21230760216712952], "cam_t_m2c": [407.46978759765625, 107.88516235351562, 716.4151000976562], "obj_id": 1}, {"cam_R_m2c": [-0.9805926084518433, 0.13660724461078644, 0.14062950015068054, -0.10645639896392822, 0.23134002089500427, -0.967030942440033, -0.16463667154312134, -0.9632342457771301, -0.21230760216712952], "cam_t_m2c": [407.46978759765625, 107.88516235351562, 716.4151000976562], "obj_id": 2}, {"cam_R_m2c": [-0.9805926084518433, 0.13660724461078644, 0.14062950015068054, -0.10645639896392822, 0.23134002089500427, -0.967030942440033, -0.16463667154312134, -0.9632342457771301, -0.21230760216712952], "cam_t_m2c": [407.46978759765625, 107.88516235351562, 716.4151000976562], "obj_id": 3}, {"cam_R_m2c": [-0.9805926084518433, 0.13660724461078644, 0.14062950015068054, -0.10645639896392822, 0.23134002089500427, -0.967030942440033, -0.16463667154312134, -0.9632342457771301, -0.21230760216712952], "cam_t_m2c": [407.46978759765625, 107.88516235351562, 716.4151000976562], "obj_id": 2}, {"cam_R_m2c": [-0.9805926084518433, 0.13660724461078644, 0.14062950015068054, -0.10645639896392822, 0.23134002089500427, -0.967030942440033, -0.16463667154312134, -0.9632342457771301, -0.21230760216712952], "cam_t_m2c": [407.46978759765625, 107.88516235351562, 716.4151000976562], "obj_id": 1}, {"cam_R_m2c": [-0.9805926084518433, 0.13660724461078644, 0.14062950015068054, -0.10645639896392822, 0.23134002089500427, -0.967030942440033, -0.16463667154312134, -0.9632342457771301, -0.21230760216712952], "cam_t_m2c": [407.46978759765625, 107.88516235351562, 716.4151000976562], "obj_id": 2}, {"cam_R_m2c": [0.06384208053350449, -0.03170139715075493, 0.9974563121795654, 0.9646233916282654, -0.25421789288520813, -0.06982017308473587, 0.25578469038009644, 0.9666271805763245, 0.014350173063576221], "cam_t_m2c": [413.4566650390625, 83.29399108886719, 971.339599609375], "obj_id": 1}, {"cam_R_m2c": [-0.06817768514156342, 0.2801850140094757, -0.9575217962265015, 0.9682790040969849, 0.24983665347099304, 0.004162166733294725, 0.24039016664028168, -0.9268645644187927, -0.2883304953575134], "cam_t_m2c": [355.2902526855469, 175.4224395751953, 408.0123291015625], "obj_id": 3}, {"cam_R_m2c": [0.8104677796363831, 0.5737423896789551, -0.1181594729423523, -0.08963359892368317, 0.3208012282848358, 0.9428957104682922, 0.5788849592208862, -0.7535954713821411, 0.31142565608024597], "cam_t_m2c": [189.14662170410156, 127.3227310180664, 697.608154296875], "obj_id": 4}],
  "2": [{"cam_R_m2c": [-0.9805926084518433, 0.13660724461078644, 0.14062950015068054, -0.10645639896392822, 0.23134002089500427, -0.967030942440033, -0.16463667154312134, -0.9632342457771301, -0.21230760216712952], "cam_t_m2c": [407.46978759765625, 107.88516235351562, 716.4151000976562], "obj_id": 3}, {"cam_R_m2c": [-0.9805926084518433, 0.13660724461078644, 0.14062950015068054, -0.10645639896392822, 0.23134002089500427, -0.967030942440033, -0.16463667154312134, -0.9632342457771301, -0.21230760216712952], "cam_t_m2c": [407.46978759765625, 107.88516235351562, 716.4151000976562], "obj_id": 3}, {"cam_R_m2c": [-0.9805926084518433, 0.13660724461078644, 0.14062950015068054, -0.10645639896392822, 0.23134002089500427, -0.967030942440033, -0.16463667154312134, -0.9632342457771301, -0.21230760216712952], "cam_t_m2c": [407.46978759765625, 107.88516235351562, 716.4151000976562], "obj_id": 1}, {"cam_R_m2c": [-0.9805926084518433, 0.13660724461078644, 0.14062950015068054, -0.10645639896392822, 0.23134002089500427, -0.967030942440033, -0.16463667154312134, -0.9632342457771301, -0.21230760216712952], "cam_t_m2c": [407.46978759765625, 107.88516235351562, 716.4151000976562], "obj_id": 1}, {"cam_R_m2c": [-0.9805926084518433, 0.13660724461078644, 0.14062950015068054, -0.10645639896392822, 0.23134002089500427, -0.967030942440033, -0.16463667154312134, -0.9632342457771301, -0.21230760216712952], "cam_t_m2c": [407.46978759765625, 107.88516235351562, 716.4151000976562], "obj_id": 2}, {"cam_R_m2c": [-0.9805926084518433, 0.13660724461078644, 0.14062950015068054, -0.10645639896392822, 0.23134002089500427, -0.967030942440033, -0.16463667154312134, -0.9632342457771301, -0.21230760216712952], "cam_t_m2c": [407.46978759765625, 107.88516235351562, 716.4151000976562], "obj_id": 0}, {"cam_R_m2c": [-0.9805926084518433, 0.13660724461078644, 0.14062950015068054, -0.10645639896392822, 0.23134002089500427, -0.967030942440033, -0.16463667154312134, -0.9632342457771301, -0.21230760216712952], "cam_t_m2c": [407.46978759765625, 107.88516235351562, 716.4151000976562], "obj_id": 1}, {"cam_R_m2c": [-0.9805926084518433, 0.13660724461078644, 0.14062950015068054, -0.10645639896392822, 0.23134002089500427, -0.967030942440033, -0.16463667154312134, -0.9632342457771301, -0.21230760216712952], "cam_t_m2c": [407.46978759765625, 107.88516235351562, 716.4151000976562], "obj_id": 2}, {"cam_R_m2c": [-0.9805926084518433, 0.13660724461078644, 0.14062950015068054, -0.10645639896392822, 0.23134002089500427, -0.967030942440033, -0.16463667154312134, -0.9632342457771301, -0.21230760216712952], "cam_t_m2c": [407.46978759765625, 107.88516235351562, 716.4151000976562], "obj_id": 3}, {"cam_R_m2c": [-0.9805926084518433, 0.13660724461078644, 0.14062950015068054, -0.10645639896392822, 0.23134002089500427, -0.967030942440033, -0.16463667154312134, -0.9632342457771301, -0.21230760216712952], "cam_t_m2c": [407.46978759765625, 107.88516235351562, 716.4151000976562], "obj_id": 2}, {"cam_R_m2c": [-0.9805926084518433, 0.13660724461078644, 0.14062950015068054, -0.10645639896392822, 0.23134002089500427, -0.967030942440033, -0.16463667154312134, -0.9632342457771301, -0.21230760216712952], "cam_t_m2c": [407.46978759765625, 107.88516235351562, 716.4151000976562], "obj_id": 1}, {"cam_R_m2c": [-0.9805926084518433, 0.13660724461078644, 0.14062950015068054, -0.10645639896392822, 0.23134002089500427, -0.967030942440033, -0.16463667154312134, -0.9632342457771301, -0.21230760216712952], "cam_t_m2c": [407.46978759765625, 107.88516235351562, 716.4151000976562], "obj_id": 2}, {"cam_R_m2c": [0.06384208053350449, -0.03170139715075493, 0.9974563121795654, 0.9646233916282654, -0.25421789288520813, -0.06982017308473587, 0.25578469038009644, 0.9666271805763245, 0.014350173063576221], "cam_t_m2c": [413.4566650390625, 83.29399108886719, 971.339599609375], "obj_id": 1}, {"cam_R_m2c": [-0.06817768514156342, 0.2801850140094757, -0.9575217962265015, 0.9682790040969849, 0.24983665347099304, 0.004162166733294725, 0.24039016664028168, -0.9268645644187927, -0.2883304953575134], "cam_t_m2c": [355.2902526855469, 175.4224395751953, 408.0123291015625], "obj_id": 3}, {"cam_R_m2c": [0.8104677796363831, 0.5737423896789551, -0.1181594729423523, -0.08963359892368317, 0.3208012282848358, 0.9428957104682922, 0.5788849592208862, -0.7535954713821411, 0.31142565608024597], "cam_t_m2c": [189.14662170410156, 127.3227310180664, 697.608154296875], "obj_id": 4}],
  "3": [{"cam_R_m2c": [-0.4558153748512268, -0.8815737366676331, -0.12271898239850998, -0.37810808420181274, 0.31659963726997375, -0.8699418902397156, 0.805770754814148, -0.35013189911842346, -0.47764113545417786], "cam_t_m2c": [-88.85697937011719, 241.61180114746094, 544.8801879882812], "obj_id": 3}, {"cam_R_m2c": [-0.4558153748512268, -0.8815737366676331, -0.12271898239850998, -0.37810808420181274, 0.31659963726997375, -0.8699418902397156, 0.805770754814148, -0.35013189911842346, -0.47764113545417786], "cam_t_m2c": [-88.85697937011719, 241.61180114746094, 544.8801879882812], "obj_id": 3}, {"cam_R_m2c": [-0.4558153748512268, -0.8815737366676331, -0.12271898239850998, -0.37810808420181274, 0.31659963726997375, -0.8699418902397156, 0.805770754814148, -0.35013189911842346, -0.47764113545417786], "cam_t_m2c": [-88.85697937011719, 241.61180114746094, 544.8801879882812], "obj_id": 1}, {"cam_R_m2c": [-0.4558153748512268, -0.8815737366676331, -0.12271898239850998, -0.37810808420181274, 0.31659963726997375, -0.8699418902397156, 0.805770754814148, -0.35013189911842346, -0.47764113545417786], "cam_t_m2c": [-88.85697937011719, 241.61180114746094, 544.8801879882812], "obj_id": 1}, {"cam_R_m2c": [-0.4558153748512268, -0.8815737366676331, -0.12271898239850998, -0.37810808420181274, 0.31659963726997375, -0.8699418902397156, 0.805770754814148, -0.35013189911842346, -0.47764113545417786], "cam_t_m2c": [-88.85697937011719, 241.61180114746094, 544.8801879882812], "obj_id": 2}, {"cam_R_m2c": [-0.4558153748512268, -0.8815737366676331, -0.12271898239850998, -0.37810808420181274, 0.31659963726997375, -0.8699418902397156, 0.805770754814148, -0.35013189911842346, -0.47764113545417786], "cam_t_m2c": [-88.85697937011719, 241.61180114746094, 544.8801879882812], "obj_id": 0}, {"cam_R_m2c": [-0.4558153748512268, -0.8815737366676331, -0.12271898239850998, -0.37810808420181274, 0.31659963726997375, -0.8699418902397156, 0.805770754814148, -0.35013189911842346, -0.47764113545417786], "cam_t_m2c": [-88.85697937011719, 241.61180114746094, 544.8801879882812], "obj_id": 1}, {"cam_R_m2c": [-0.4558153748512268, -0.8815737366676331, -0.12271898239850998, -0.37810808420181274, 0.31659963726997375, -0.8699418902397156, 0.805770754814148, -0.35013189911842346, -0.47764113545417786], "cam_t_m2c": [-88.85697937011719, 241.61180114746094, 544.8801879882812], "obj_id": 2}, {"cam_R_m2c": [-0.4558153748512268, -0.8815737366676331, -0.12271898239850998, -0.37810808420181274, 0.31659963726997375, -0.8699418902397156, 0.805770754814148, -0.35013189911842346, -0.47764113545417786], "cam_t_m2c": [-88.85697937011719, 241.61180114746094, 544.8801879882812], "obj_id": 3}, {"cam_R_m2c": [-0.4558153748512268, -0.8815737366676331, -0.12271898239850998, -0.37810808420181274, 0.31659963726997375, -0.8699418902397156, 0.805770754814148, -0.35013189911842346, -0.47764113545417786], "cam_t_m2c": [-88.85697937011719, 241.61180114746094, 544.8801879882812], "obj_id": 2}, {"cam_R_m2c": [-0.4558153748512268, -0.8815737366676331, -0.12271898239850998, -0.37810808420181274, 0.31659963726997375, -0.8699418902397156, 0.805770754814148, -0.35013189911842346, -0.47764113545417786], "cam_t_m2c": [-88.85697937011719, 241.61180114746094, 544.8801879882812], "obj_id": 1}, {"cam_R_m2c": [-0.4558153748512268, -0.8815737366676331, -0.12271898239850998, -0.37810808420181274, 0.31659963726997375, -0.8699418902397156, 0.805770754814148, -0.35013189911842346, -0.47764113545417786], "cam_t_m2c": [-88.85697937011719, 241.61180114746094, 544.8801879882812], "obj_id": 2}, {"cam_R_m2c": [0.22736123204231262, 0.9180842041969299, 0.3246971368789673, 0.9247614741325378, -0.3080400228500366, 0.22344465553760529, 0.3051607310771942, 0.24946476519107819, -0.9190452098846436], "cam_t_m2c": [156.14291381835938, 205.09043884277344, 610.212646484375], "obj_id": 1}, {"cam_R_m2c": [0.17176689207553864, -0.8032867908477783, -0.5702861547470093, 0.8906370997428894, 0.3740280866622925, -0.2585891783237457, 0.42102429270744324, -0.46350106596946716, 0.7796828150749207], "cam_t_m2c": [-400.539794921875, 308.76519775390625, 517.6676025390625], "obj_id": 3}, {"cam_R_m2c": [0.8040481209754944, -0.5504518151283264, 0.22474300861358643, 0.11723621189594269, 0.5173547267913818, 0.8477025628089905, -0.5828912854194641, -0.6552456021308899, 0.48051097989082336], "cam_t_m2c": [-174.96612548828125, 197.58045959472656, 742.47314453125], "obj_id": 4}],
  "4": [{"cam_R_m2c": [-0.4558153748512268, -0.8815737366676331, -0.12271898239850998, -0.37810808420181274, 0.31659963726997375, -0.8699418902397156, 0.805770754814148, -0.35013189911842346, -0.47764113545417786], "cam_t_m2c": [-88.85697937011719, 241.61180114746094, 544.8801879882812], "obj_id": 3}, {"cam_R_m2c": [-0.4558153748512268, -0.8815737366676331, -0.12271898239850998, -0.37810808420181274, 0.31659963726997375, -0.8699418902397156, 0.805770754814148, -0.35013189911842346, -0.47764113545417786], "cam_t_m2c": [-88.85697937011719, 241.61180114746094, 544.8801879882812], "obj_id": 3}, {"cam_R_m2c": [-0.4558153748512268, -0.8815737366676331, -0.12271898239850998, -0.37810808420181274, 0.31659963726997375, -0.8699418902397156, 0.805770754814148, -0.35013189911842346, -0.47764113545417786], "cam_t_m2c": [-88.85697937011719, 241.61180114746094, 544.8801879882812], "obj_id": 1}, {"cam_R_m2c": [-0.4558153748512268, -0.8815737366676331, -0.12271898239850998, -0.37810808420181274, 0.31659963726997375, -0.8699418902397156, 0.805770754814148, -0.35013189911842346, -0.47764113545417786], "cam_t_m2c": [-88.85697937011719, 241.61180114746094, 544.8801879882812], "obj_id": 1}, {"cam_R_m2c": [-0.4558153748512268, -0.8815737366676331, -0.12271898239850998, -0.37810808420181274, 0.31659963726997375, -0.8699418902397156, 0.805770754814148, -0.35013189911842346, -0.47764113545417786], "cam_t_m2c": [-88.85697937011719, 241.61180114746094, 544.8801879882812], "obj_id": 2}, {"cam_R_m2c": [-0.4558153748512268, -0.8815737366676331, -0.12271898239850998, -0.37810808420181274, 0.31659963726997375, -0.8699418902397156, 0.805770754814148, -0.35013189911842346, -0.47764113545417786], "cam_t_m2c": [-88.85697937011719, 241.61180114746094, 544.8801879882812], "obj_id": 0}, {"cam_R_m2c": [-0.4558153748512268, -0.8815737366676331, -0.12271898239850998, -0.37810808420181274, 0.31659963726997375, -0.8699418902397156, 0.805770754814148, -0.35013189911842346, -0.47764113545417786], "cam_t_m2c": [-88.85697937011719, 241.61180114746094, 544.8801879882812], "obj_id": 1}, {"cam_R_m2c": [-0.4558153748512268, -0.8815737366676331, -0.12271898239850998, -0.37810808420181274, 0.31659963726997375, -0.8699418902397156, 0.805770754814148, -0.35013189911842346, -0.47764113545417786], "cam_t_m2c": [-88.85697937011719, 241.61180114746094, 544.8801879882812], "obj_id": 2}, {"cam_R_m2c": [-0.4558153748512268, -0.8815737366676331, -0.12271898239850998, -0.37810808420181274, 0.31659963726997375, -0.8699418902397156, 0.805770754814148, -0.35013189911842346, -0.47764113545417786], "cam_t_m2c": [-88.85697937011719, 241.61180114746094, 544.8801879882812], "obj_id": 3}, {"cam_R_m2c": [-0.4558153748512268, -0.8815737366676331, -0.12271898239850998, -0.37810808420181274, 0.31659963726997375, -0.8699418902397156, 0.805770754814148, -0.35013189911842346, -0.47764113545417786], "cam_t_m2c": [-88.85697937011719, 241.61180114746094, 544.8801879882812], "obj_id": 2}, {"cam_R_m2c": [-0.4558153748512268, -0.8815737366676331, -0.12271898239850998, -0.37810808420181274, 0.31659963726997375, -0.8699418902397156, 0.805770754814148, -0.35013189911842346, -0.47764113545417786], "cam_t_m2c": [-88.85697937011719, 241.61180114746094, 544.8801879882812], "obj_id": 1}, {"cam_R_m2c": [-0.4558153748512268, -0.8815737366676331, -0.12271898239850998, -0.37810808420181274, 0.31659963726997375, -0.8699418902397156, 0.805770754814148, -0.35013189911842346, -0.47764113545417786], "cam_t_m2c": [-88.85697937011719, 241.61180114746094, 544.8801879882812], "obj_id": 2}, {"cam_R_m2c": [0.22736123204231262, 0.9180842041969299, 0.3246971368789673, 0.9247614741325378, -0.3080400228500366, 0.22344465553760529, 0.3051607310771942, 0.24946476519107819, -0.9190452098846436], "cam_t_m2c": [156.14291381835938, 205.09043884277344, 610.212646484375], "obj_id": 1}, {"cam_R_m2c": [0.17176689207553864, -0.8032867908477783, -0.5702861547470093, 0.8906370997428894, 0.3740280866622925, -0.2585891783237457, 0.42102429270744324, -0.46350106596946716, 0.7796828150749207], "cam_t_m2c": [-400.539794921875, 308.76519775390625, 517.6676025390625], "obj_id": 3}, {"cam_R_m2c": [0.8040481209754944, -0.5504518151283264, 0.22474300861358643, 0.11723621189594269, 0.5173547267913818, 0.8477025628089905, -0.5828912854194641, -0.6552456021308899, 0.48051097989082336], "cam_t_m2c": [-174.96612548828125, 197.58045959472656, 742.47314453125], "obj_id": 4}]
}