{
  "0": [{"cam_R_m2c": [-0.4993955194950104, -0.5087151527404785, -0.7012937068939209, 0.42999300360679626, 0.5571901798248291, -0.7103837728500366, 0.7521369457244873, -0.6563138961791992, -0.05951431393623352], "cam_t_m2c": [22.385177612304688, 4131.5615234375, 5139.49658203125], "obj_id": 1}, {"cam_R_m2c": [-0.699451208114624, -0.608497142791748, 0.3748324513435364, 0.22305326163768768, -0.6841436624526978, -0.6944024562835693, 0.6789811253547668, -0.40209299325942993, 0.6142522692680359], "cam_t_m2c": [-79.36947631835938, 4169.47412109375, 5109.40966796875], "obj_id": 1}, {"cam_R_m2c": [-0.5654674172401428, 0.7911583185195923, 0.23305542767047882, 0.7701808214187622, 0.405428022146225, 0.4923916459083557, 0.2950725853443146, 0.45792633295059204, -0.8385912775993347], "cam_t_m2c": [-18.606008529663086, 4186.06201171875, 5108.26220703125], "obj_id": 1}, {"cam_R_m2c": [0.013331855647265911, 0.21701306104660034, -0.9760776162147522, 0.9987092614173889, 0.04495595395565033, 0.023636044934391975, 0.0490097813308239, -0.9751328825950623, -0.21613357961177826], "cam_t_m2c": [-89.28060150146484, 4252.056640625, 5026.7353515625], "obj_id": 2}, {"cam_R_m2c": [0.31074655055999756, -0.5524008870124817, -0.7734919190406799, 0.3125419318675995, 0.8279117345809937, -0.46570345759391785, 0.8976380825042725, -0.09703293442726135, 0.42991915345191956], "cam_t_m2c": [50.12057113647461, 4218.82421875, 5022.3134765625], "obj_id": 2}, {"cam_R_m2c": [0.6034582853317261, 0.5672759413719177, 0.5603892207145691, 0.7969425916671753, -0.40540528297424316, -0.44780460000038147, -0.026844006031751633, 0.7168294787406921, -0.6967315673828125], "cam_t_m2c": [13.486357688903809, 41.31895065307617, 884.83642578125], "obj_id": 3}, {"cam_R_m2c": [0.021428579464554787, -0.15289820730686188, -0.9880095720291138, -0.4224649965763092, -0.8970571160316467, 0.12966029345989227, -0.9061259031295776, 0.4146210253238678, -0.0838167816400528], "cam_t_m2c": [-75.05782318115234, 75.57915496826172, 851.075439453125], "obj_id": 3}, {"cam_R_m2c": [0.5340567827224731, -0.6200623512268066, 0.5747225880622864, -0.5829383134841919, -0.7624234557151794, -0.2808797359466553, 0.6123449206352234, -0.18502207100391388, -0.7686355113983154], "cam_t_m2c": [-11.273113250732422, -5.287596225738525, 930.7638549804688], "obj_id": 2}, {"cam_R_m2c": [0.986894965171814, 0.09279118478298187, -0.13201549649238586, -0.15024468302726746, 0.22996418178081512, -0.9615315794944763, -0.058862823992967606, 0.9687653183937073, 0.24089188873767853], "cam_t_m2c": [-78.56718444824219, 17.810632705688477, 908.002197265625], "obj_id": 1}, {"cam_R_m2c": [0.10723765194416046, 0.9322737455368042, 0.34549352526664734, -0.5284042954444885, 0.34779900312423706, -0.7744835615158081, -0.8421929478645325, -0.09950646013021469, 0.5299145579338074], "cam_t_m2c": [-76.49610137939453, -3.399177074432373, 928.9029541015625], "obj_id": 2}, {"cam_R_m2c": [0.574861466884613, -0.7239260077476501, 0.3813992142677307, 0.6715953350067139, 0.15116557478904724, -0.7253333926200867, 0.4674333333969116, 0.673112154006958, 0.5730846524238586], "cam_t_m2c": [-59.27033615112305, 65.40206146240234, 861.1041870117188], "obj_id": 2}, {"cam_R_m2c": [-0.09315019100904465, -0.7773831486701965, 0.6220921874046326, 0.9950224757194519, -0.09490163624286652, 0.03039996325969696, 0.035405080765485764, 0.6218274235725403, 0.7823536396026611], "cam_t_m2c": [54.675628662109375, -8.875164985656738, 934.2991943359375], "obj_id": 3}],
  "1": [{"cam_R_m2c": [0.2877963185310364, -0.780001163482666, 0.5556719899177551, 0.4833720326423645, -0.3825850486755371, -0.7873880863189697, 0.8267555236816406, 0.4952036738395691, 0.26692429184913635], "cam_t_m2c": [18.845836639404297, 5093.5283203125, 3790.064208984375], "obj_id": 1}, {"cam_R_m2c": [0.41027700901031494, 0.2862785756587982, 0.865862250328064, 0.21921618282794952, -0.9525712728500366, 0.21107441186904907, 0.8852214813232422, 0.10321202129125595, -0.4535750150680542], "cam_t_m2c": [-14.924182891845703, 5043.2001953125, 3885.054931640625], "obj_id": 1}, {"cam_R_m2c": [-0.26101821660995483, -0.07574950158596039, -0.9623573422431946, 0.3360925316810608, 0.927412748336792, -0.16415660083293915, 0.904937207698822, -0.366288959980011, -0.2166127860546112], "cam_t_m2c": [-35.72726821899414, 5082.34228515625, 3840.291015625], "obj_id": 1}, {"cam_R_m2c": [-0.6724321842193604, -0.7393951416015625, -0.033612221479415894, 0.5924658179283142, -0.5104787349700928, -0.6232140064239502, 0.44364306330680847, -0.4389832615852356, 0.7813286781311035], "cam_t_m2c": [-129.32467651367188, 5029.251953125, 3906.757568359375], "obj_id": 2}, {"cam_R_m2c": [0.36116164922714233, -0.5761759877204895, 0.7332008481025696, 0.9240180253982544, 0.11529583483934402, -0.3645510971546173, 0.12551063299179077, 0.8091526627540588, 0.5740374326705933], "cam_t_m2c": [-127.9949722290039, 5078.37255859375, 3772.065185546875], "obj_id": 2}, {"cam_R_m2c": [-0.6634284853935242, 0.7069792151451111, -0.24503682553768158, 0.7287676334381104, 0.5363073348999023, -0.42576077580451965, -0.16958896815776825, -0.46103671193122864, -0.8710251450538635], "cam_t_m2c": [-52.20762252807617, 8.409452438354492, 795.2659912109375], "obj_id": 3}, {"cam_R_m2c": [-0.33488166332244873, 0.9421440362930298, -0.014790389686822891, -0.8226436376571655, -0.2999877333641052, -0.4829748570919037, -0.4594688415527344, -0.1495722234249115, 0.8755093216896057], "cam_t_m2c": [-87.75971984863281, -39.69547653198242, 876.3560180664062], "obj_id": 3}, {"cam_R_m2c": [0.7641346454620361, 0.49402594566345215, -0.41477301716804504, 0.35204195976257324, -0.858188807964325, -0.37360209226608276, -0.5405226349830627, 0.13946479558944702, -0.8296896815299988], "cam_t_m2c": [15.994572639465332, 0.45625802874565125, 808.672607421875], "obj_id": 2}, {"cam_R_m2c": [-0.06974057108163834, 0.4986603856086731, 0.863987386226654, 0.37662214040756226, 0.8151604533195496, -0.4400786757469177, -0.9237381219863892, 0.29470545053482056, -0.24465630948543549], "cam_t_m2c": [-6.936714172363281, -35.81608581542969, 869.8165283203125], "obj_id": 1}, {"cam_R_m2c": [-0.22740040719509125, -0.44195786118507385, 0.8677340745925903, -0.7956734299659729, 0.598055899143219, 0.09608825296163559, -0.5614203810691833, -0.6685824394226074, -0.4876522719860077], "cam_t_m2c": [22.278627395629883, -32.69375991821289, 864.5532836914062], "obj_id": 2}, {"cam_R_m2c": [-0.22739702463150024, 0.46026378870010376, 0.858165442943573, 0.971842885017395, 0.1631360799074173, 0.17002376914024353, -0.061741992831230164, 0.8726648092269897, -0.48440074920654297], "cam_t_m2c": [-75.76239013671875, -30.720205307006836, 861.2265014648438], "obj_id": 2}, {"cam_R_m2c": [-0.6647429466247559, 0.605532169342041, 0.437546968460083, 0.5276050567626953, -0.03413466736674309, 0.8488036394119263, 0.5289134979248047, 0.7950883507728577, -0.2967909574508667], "cam_t_m2c": [11.974518775939941, 34.13936996459961, 751.893310546875], "obj_id": 3}]
}