{
  "0": [{"cam_R_m2c": [-0.9010890126228333, -0.2147972583770752, 0.37669676542282104, -0.3461343050003052, 0.8795592188835144, -0.32644549012184143, -0.2612074911594391, -0.42454415559768677, -0.8669098019599915], "cam_t_m2c": [216.4415283203125, 284.99169921875, 209.6190643310547], "obj_id": 1}, {"cam_R_m2c": [0.3113081455230713, 0.488505095243454, 0.8151379227638245, -0.6759646534919739, -0.48907193541526794, 0.5512531995773315, 0.667951226234436, -0.722614049911499, 0.17796026170253754], "cam_t_m2c": [-25.83468246459961, 281.0832214355469, 227.85415649414062], "obj_id": 2}, {"cam_R_m2c": [0.23191434144973755, -0.16107873618602753, 0.9593067169189453, -0.3698881268501282, 0.8975095748901367, 0.24012351036071777, -0.8996657729148865, -0.41052424907684326, 0.14856423437595367], "cam_t_m2c": [56.15142059326172, -196.344970703125, 621.0142211914062], "obj_id": 3}, {"cam_R_m2c": [0.8676266670227051, -0.4876188635826111, -0.0972202718257904, -0.39351627230644226, -0.792936384677887, 0.4651850759983063, -0.30392247438430786, -0.36534926295280457, -0.8798587322235107], "cam_t_m2c": [221.61492919921875, -347.50555419921875, 907.3381958007812], "obj_id": 4}, {"cam_R_m2c": [-0.20157934725284576, 0.31993645429611206, -0.9257463812828064, -0.3113604485988617, 0.8751914501190186, 0.37026286125183105, 0.9286658763885498, 0.3628781735897064, -0.07680495828390121], "cam_t_m2c": [-460.833984375, -161.48196411132812, 701.2111206054688], "obj_id": 1}, {"cam_R_m2c": [0.9902322292327881, 0.09974588453769684, -0.0974213257431984, -0.13310520350933075, 0.4682553708553314, -0.8735101222991943, -0.04151098057627678, 0.8779451251029968, 0.4769582748413086], "cam_t_m2c": [135.0089874267578, -12.330399513244629, 587.2952880859375], "obj_id": 2}, {"cam_R_m2c": [-0.3984183669090271, -0.042488839477300644, 0.916219174861908, 0.18008002638816833, -0.9831077456474304, 0.03271714970469475, 0.8993520140647888, 0.17802786827087402, 0.3993395268917084], "cam_t_m2c": [-102.47624969482422, -384.72125244140625, 802.8386840820312], "obj_id": 3}, {"cam_R_m2c": [-0.08232244849205017, 0.9962281584739685, -0.027432948350906372, 0.2146696299314499, -0.00915466621518135, -0.9766438603401184, -0.9732112288475037, -0.0862886980175972, -0.21310633420944214], "cam_t_m2c": [281.6849670410156, 243.3406524658203, 316.83856201171875], "obj_id": 4}, {"cam_R_m2c": [0.04025451838970184, -0.16995519399642944, 0.984629213809967, 0.5778229236602783, -0.7999821305274963, -0.16170664131641388, 0.8151687979698181, 0.5754507780075073, 0.06600119918584824], "cam_t_m2c": [-515.1322021484375, -2.7477126121520996, 394.9468688964844], "obj_id": 1}, {"cam_R_m2c": [-0.7359449863433838, -0.6183404922485352, 0.2757539451122284, 0.6685994267463684, -0.5996379256248474, 0.4397833049297333, -0.10658330470323563, 0.5080251693725586, 0.8547224402427673], "cam_t_m2c": [-93.33518981933594, -338.2471923828125, 712.7741088867188], "obj_id": 2}, {"cam_R_m2c": [0.05052431300282478, 0.289900541305542, 0.9557221531867981, 0.7018249034881592, 0.6705256700515747, -0.24049346148967743, -0.7105554342269897, 0.6829004287719727, -0.1695815622806549], "cam_t_m2c": [43.600563049316406, -332.2366638183594, 929.4419555664062], "obj_id": 3}, {"cam_R_m2c": [-0.8778073787689209, 0.4777231514453888, 0.03514477238059044, -0.1127762719988823, -0.13480228185653687, -0.9844338893890381, -0.4655492305755615, -0.8681066632270813, 0.1722060739994049], "cam_t_m2c": [125.32149505615234, 216.4331512451172, 330.7160339355469], "obj_id": 4}, {"cam_R_m2c": [-0.2685298025608063, -0.9177933931350708, -0.2924838364124298, -0.7598713040351868, 0.015215102583169937, 0.6498953700065613, -0.5920195579528809, 0.39676642417907715, -0.7014905214309692], "cam_t_m2c": [-155.5200653076172, -1.6884649991989136, 490.08172607421875], "obj_id": 1}, {"cam_R_m2c": [0.0013663599966093898, -0.5375956892967224, -0.8432016968727112, 0.5602271556854248, 0.6988687515258789, -0.4446662366390228, 0.8283379673957825, -0.4717768728733063, 0.3021305799484253], "cam_t_m2c": [383.58099365234375, -279.5926818847656, 739.6846313476562], "obj_id": 2}, {"cam_R_m2c": [0.37926894426345825, 0.9244183897972107, 0.04007095471024513, -0.7214575409889221, 0.3225591778755188, -0.6127434968948364, -0.5793566107749939, 0.20348505675792694, 0.7892653346061707], "cam_t_m2c": [-438.5098876953125, 40.09696960449219, 430.4574890136719], "obj_id": 3}, {"cam_R_m2c": [0.9938486814498901, 0.10172519832849503, -0.04378172755241394, 0.012352942489087582, 0.29103919863700867, 0.9566313624382019, 0.11005571484565735, -0.9512876272201538, 0.28799229860305786], "cam_t_m2c": [-250.083740234375, -446.55755615234375, 917.1614379882812], "obj_id": 4}],
  "1": [{"cam_R_m2c": [-0.9010890126228333, -0.2147972583770752, 0.37669676542282104, -0.3461343050003052, 0.8795592188835144, -0.32644549012184143, -0.2612074911594391, -0.42454415559768677, -0.8669098019599915], "cam_t_m2c": [216.4415283203125, 284.99169921875, 209.6190643310547], "obj_id": 1}, {"cam_R_m2c": [0.3113081455230713, 0.488505095243454, 0.8151379227638245, -0.6759646534919739, -0.48907193541526794, 0.5512531995773315, 0.667951226234436, -0.722614049911499, 0.17796026170253754], "cam_t_m2c": [-25.83468246459961, 281.0832214355469, 227.85415649414062], "obj_id": 2}, {"cam_R_m2c": [0.23191434144973755, -0.16107873618602753, 0.9593067169189453, -0.3698881268501282, 0.8975095748901367, 0.24012351036071777, -0.8996657729148865, -0.41052424907684326, 0.14856423437595367], "cam_t_m2c": [56.15142059326172, -196.344970703125, 621.0142211914062], "obj_id": 3}, {"cam_R_m2c": [0.8676266670227051, -0.4876188635826111, -0.0972202718257904, -0.39351627230644226, -0.792936384677887, 0.4651850759983063, -0.30392247438430786, -0.36534926295280457, -0.8798587322235107], "cam_t_m2c": [221.61492919921875, -347.50555419921875, 907.3381958007812], "obj_id": 4}, {"cam_R_m2c": [-0.20157934725284576, 0.31993645429611206, -0.9257463812828064, -0.3113604485988617, 0.8751914501190186, 0.37026286125183105, 0.9286658763885498, 0.3628781735897064, -0.07680495828390121], "cam_t_m2c": [-460.833984375, -161.48196411132812, 701.2111206054688], "obj_id": 1}, {"cam_R_m2c": [0.9902322292327881, 0.09974588453769684, -0.0974213257431984, -0.13310520350933075, 0.4682553708553314, -0.8735101222991943, -0.04151098057627678, 0.8779451251029968, 0.4769582748413086], "cam_t_m2c": [135.0089874267578, -12.330399513244629, 587.2952880859375], "obj_id": 2}, {"cam_R_m2c": [-0.3984183669090271, -0.042488839477300644, 0.916219174861908, 0.18008002638816833, -0.9831077456474304, 0.03271714970469475, 0.8993520140647888, 0.17802786827087402, 0.3993395268917084], "cam_t_m2c": [-102.47624969482422, -384.72125244140625, 802.8386840820312], "obj_id": 3}, {"cam_R_m2c": [-0.08232244849205017, 0.9962281584739685, -0.027432948350906372, 0.2146696299314499, -0.00915466621518135, -0.9766438603401184, -0.9732112288475037, -0.0862886980175972, -0.21310633420944214], "cam_t_m2c": [281.6849670410156, 243.3406524658203, 316.83856201171875], "obj_id": 4}, {"cam_R_m2c": [0.04025451838970184, -0.16995519399642944, 0.984629213809967, 0.5778229236602783, -0.7999821305274963, -0.16170664131641388, 0.8151687979698181, 0.5754507780075073, 0.06600119918584824], "cam_t_m2c": [-515.1322021484375, -2.7477126121520996, 394.9468688964844], "obj_id": 1}, {"cam_R_m2c": [-0.7359449863433838, -0.6183404922485352, 0.2757539451122284, 0.6685994267463684, -0.5996379256248474, 0.4397833049297333, -0.10658330470323563, 0.5080251693725586, 0.8547224402427673], "cam_t_m2c": [-93.33518981933594, -338.2471923828125, 712.7741088867188], "obj_id": 2}, {"cam_R_m2c": [0.05052431300282478, 0.289900541305542, 0.9557221531867981, 0.7018249034881592, 0.6705256700515747, -0.24049346148967743, -0.7105554342269897, 0.6829004287719727, -0.1695815622806549], "cam_t_m2c": [43.600563049316406, -332.2366638183594, 929.4419555664062], "obj_id": 3}, {"cam_R_m2c": [-0.8778073787689209, 0.4777231514453888, 0.03514477238059044, -0.1127762719988823, -0.13480228185653687, -0.9844338893890381, -0.4655492305755615, -0.8681066632270813, 0.1722060739994049], "cam_t_m2c": [125.32149505615234, 216.4331512451172, 330.7160339355469], "obj_id": 4}, {"cam_R_m2c": [-0.2685298025608063, -0.9177933931350708, -0.2924838364124298, -0.7598713040351868, 0.015215102583169937, 0.6498953700065613, -0.5920195579528809, 0.39676642417907715, -0.7014905214309692], "cam_t_m2c": [-155.5200653076172, -1.6884649991989136, 490.08172607421875], "obj_id": 1}, {"cam_R_m2c": [0.0013663599966093898, -0.5375956892967224, -0.8432016968727112, 0.5602271556854248, 0.6988687515258789, -0.4446662366390228, 0.8283379673957825, -0.4717768728733063, 0.3021305799484253], "cam_t_m2c": [383.58099365234375, -279.5926818847656, 739.6846313476562], "obj_id": 2}, {"cam_R_m2c": [0.37926894426345825, 0.9244183897972107, 0.04007095471024513, -0.7214575409889221, 0.3225591778755188, -0.6127434968948364, -0.5793566107749939, 0.20348505675792694, 0.7892653346061707], "cam_t_m2c": [-438.5098876953125, 40.09696960449219, 430.4574890136719], "obj_id": 3}, {"cam_R_m2c": [0.9938486814498901, 0.10172519832849503, -0.04378172755241394, 0.012352942489087582, 0.29103919863700867, 0.9566313624382019, 0.11005571484565735, -0.9512876272201538, 0.28799229860305786], "cam_t_m2c": [-250.083740234375, -446.55755615234375, 917.1614379882812], "obj_id": 4}],
  "2": [{"cam_R_m2c": [0.07796718180179596, -0.9419974684715271, 0.32643818855285645, 0.9815473556518555, 0.015185040421783924, -0.19061559438705444, 0.1746024191379547, 0.3352763056755066, 0.9257990121841431], "cam_t_m2c": [37.37942123413086, 284.24322509765625, 303.0205078125], "obj_id": 1}, {"cam_R_m2c": [0.5926387310028076, 0.5939279198646545, -0.5440853834152222, 0.7779375910758972, -0.2469615638256073, 0.5777741074562073, 0.20878799259662628, -0.7656757831573486, -0.6083978414535522], "cam_t_m2c": [1.5977295637130737, 177.41465759277344, 406.48297119140625], "obj_id": 2}, {"cam_R_m2c": [0.8562324047088623, 0.41415348649024963, -0.30877649784088135, -0.5152983069419861, 0.642473042011261, -0.5671825408935547, -0.03652006387710571, 0.6447520852088928, 0.7635188698768616], "cam_t_m2c": [-111.14202880859375, 238.86611938476562, 331.8654479980469], "obj_id": 3}, {"cam_R_m2c": [0.9837414622306824, 0.012478633783757687, -0.1791563779115677, 0.16524428129196167, -0.45358994603157043, 0.8757570385932922, -0.0703352838754654, -0.8911231160163879, -0.4482772648334503], "cam_t_m2c": [160.1858673095703, 214.52992248535156, 391.5609436035156], "obj_id": 4}, {"cam_R_m2c": [-0.2899383008480072, -0.7722610831260681, -0.5652861595153809, -0.9204124808311462, 0.06314865499734879, 0.3858146667480469, -0.2622526288032532, 0.6321589946746826, -0.7291079163551331], "cam_t_m2c": [156.91419982910156, 151.0736846923828, 310.62835693359375], "obj_id": 1}, {"cam_R_m2c": [-0.86275315284729, 0.20158067345619202, -0.4637046754360199, -0.49530795216560364, -0.5212584733963013, 0.6949529051780701, -0.10162094235420227, 0.8292495012283325, 0.5495620369911194], "cam_t_m2c": [57.568626403808594, 247.45277404785156, 240.98565673828125], "obj_id": 2}, {"cam_R_m2c": [0.8397470116615295, -0.4616481363773346, 0.28584250807762146, -0.20004209876060486, -0.7524427771568298, -0.627545177936554, 0.5047852396965027, 0.46979862451553345, -0.7242106199264526], "cam_t_m2c": [-50.77568817138672, 282.48052978515625, 216.2459716796875], "obj_id": 3}, {"cam_R_m2c": [-0.18485908210277557, -0.20624791085720062, 0.9608792066574097, -0.17291836440563202, -0.9556506872177124, -0.23839259147644043, 0.9674328565597534, -0.21022270619869232, 0.14099666476249695], "cam_t_m2c": [-37.75197219848633, 343.54193115234375, 328.22149658203125], "obj_id": 4}, {"cam_R_m2c": [0.9885848760604858, 0.08543248474597931, 0.12410149723291397, -0.15057779848575592, 0.5322468280792236, 0.8330904245376587, 0.005120360758155584, -0.8422675132751465, 0.5390353798866272], "cam_t_m2c": [29.86443519592285, 133.5430450439453, 342.803955078125], "obj_id": 1}, {"cam_R_m2c": [-0.7611713409423828, 0.5546002388000488, 0.33620932698249817, 0.6324827671051025, 0.5201010704040527, 0.5739864110946655, 0.14347019791603088, 0.6495486497879028, -0.7466611266136169], "cam_t_m2c": [-110.89453887939453, 337.8644714355469, 428.03509521484375], "obj_id": 2}, {"cam_R_m2c": [0.3375309109687805, -0.07413466274738312, -0.9383906126022339, 0.34026050567626953, 0.939095139503479, 0.04819842427968979, 0.8776649236679077, -0.3355657160282135, 0.3421987295150757], "cam_t_m2c": [160.82046508789062, 132.43226623535156, 411.2549743652344], "obj_id": 3}, {"cam_R_m2c": [-0.8343743085861206, 0.1305972933769226, -0.5355035066604614, 0.28415584564208984, -0.730562150478363, -0.6209142804145813, -0.47230827808380127, -0.6702412962913513, 0.572452187538147], "cam_t_m2c": [-276.5975036621094, 217.94664001464844, 396.75146484375], "obj_id": 4}, {"cam_R_m2c": [0.6114099025726318, 0.4685524106025696, -0.6376806497573853, -0.7772598266601562, 0.20439425110816956, -0.5950548052787781, -0.14847606420516968, 0.8594659566879272, 0.4891555905342102], "cam_t_m2c": [-1.934222936630249, 156.47866821289062, 602.627685546875], "obj_id": 1}, {"cam_R_m2c": [-0.839114785194397, 0.4553723633289337, 0.2975277602672577, 0.23493385314941406, 0.7967202067375183, -0.5568150877952576, -0.49060457944869995, -0.3973323404788971, -0.7755221128463745], "cam_t_m2c": [-56.5804328918457, 203.57174682617188, 310.8932189941406], "obj_id": 2}, {"cam_R_m2c": [0.9557924866676331, 0.27110740542411804, 0.11384853720664978, 0.2931017279624939, -0.8474855422973633, -0.44256067276000977, -0.023496491834521294, 0.4563653767108917, -0.8894823789596558], "cam_t_m2c": [-36.69258499145508, 183.26744079589844, 277.23663330078125], "obj_id": 3}, {"cam_R_m2c": [0.11315493285655975, -0.6584964394569397, -0.7440284490585327, 0.611823558807373, -0.5438443422317505, 0.574373722076416, -0.7828587889671326, -0.5202073454856873, 0.3413449823856354], "cam_t_m2c": [40.08811950683594, 162.880615234375, 201.19952392578125], "obj_id": 4}]
}