{
  "0": [{"cam_R_m2c": [-0.7609716653823853, 0.6231849193572998, 0.18045100569725037, -0.64578777551651, -0.7008634805679321, -0.3029000163078308, -0.06229120120406151, -0.3470313847064972, 0.9357825517654419], "cam_t_m2c": [-292.0621643066406, 203.56484985351562, 855.4649047851562], "obj_id": 2}, {"cam_R_m2c": [-0.7826675176620483, 0.13400352001190186, 0.6078439950942993, -0.43198347091674805, 0.5861358046531677, -0.6854451894760132, -0.44813117384910583, -0.7990543246269226, -0.40086209774017334], "cam_t_m2c": [-232.13475036621094, -11.8027925491333, 866.6361694335938], "obj_id": 2}, {"cam_R_m2c": [-0.3284289240837097, -0.11673586070537567, -0.9372870326042175, -0.2751924693584442, 0.9611073732376099, -0.02327408827841282, 0.903550386428833, 0.2502904534339905, -0.3477802872657776], "cam_t_m2c": [-412.1157531738281, 7.209127902984619, 750.2569580078125], "obj_id": 2}],
  "1": [{"cam_R_m2c": [0.7151317000389099, -0.2820006310939789, 0.6395798325538635, -0.6879242062568665, -0.12177760154008865, 0.7154932022094727, -0.12388303130865097, -0.9516542553901672, -0.28108206391334534], "cam_t_m2c": [81.28121948242188, -106.90413665771484, 1069.6947021484375], "obj_id": 2}, {"cam_R_m2c": [0.378844678401947, -0.8702473640441895, -0.3148750960826874, -0.924718976020813, -0.34234172105789185, -0.16642476618289948, 0.03703584894537926, 0.35422009229660034, -0.9344285726547241], "cam_t_m2c": [150.9980926513672, -131.32333374023438, 858.2557373046875], "obj_id": 2}, {"cam_R_m2c": [0.9135111570358276, -0.20638419687747955, 0.35057517886161804, 0.40636077523231506, 0.4222719371318817, -0.8102822303771973, 0.01919139176607132, 0.8826618790626526, 0.469616562128067], "cam_t_m2c": [175.26278686523438, -316.9671630859375, 964.3024291992188], "obj_id": 2}]
}