{
  "0": [{"cam_R_m2c": [0.7174317836761475, 0.676846981048584, 0.16483278572559357, 0.3335622251033783, -0.12604133784770966, -0.9342642426490784, -0.6115781664848328, 0.7252528071403503, -0.31619665026664734], "cam_t_m2c": [77.83338928222656, 90.36315155029297, 564.5969848632812], "obj_id": 3}, {"cam_R_m2c": [0.7174317836761475, 0.676846981048584, 0.16483278572559357, 0.3335622251033783, -0.12604133784770966, -0.9342642426490784, -0.6115781664848328, 0.7252528071403503, -0.31619665026664734], "cam_t_m2c": [77.83338928222656, 90.36315155029297, 564.5969848632812], "obj_id": 1}, {"cam_R_m2c": [0.7174317836761475, 0.676846981048584, 0.16483278572559357, 0.3335622251033783, -0.12604133784770966, -0.9342642426490784, -0.6115781664848328, 0.7252528071403503, -0.31619665026664734], "cam_t_m2c": [77.83338928222656, 90.36315155029297, 564.5969848632812], "obj_id": 3}, {"cam_R_m2c": [0.7174317836761475, 0.676846981048584, 0.16483278572559357, 0.3335622251033783, -0.12604133784770966, -0.9342642426490784, -0.6115781664848328, 0.7252528071403503, -0.31619665026664734], "cam_t_m2c": [77.83338928222656, 90.36315155029297, 564.5969848632812], "obj_id": 0}, {"cam_R_m2c": [0.7174317836761475, 0.676846981048584, 0.16483278572559357, 0.3335622251033783, -0.12604133784770966, -0.9342642426490784, -0.6115781664848328, 0.7252528071403503, -0.31619665026664734], "cam_t_m2c": [77.83338928222656, 90.36315155029297, 564.5969848632812], "obj_id": 3}, {"cam_R_m2c": [0.7174317836761475, 0.676846981048584, 0.16483278572559357, 0.3335622251033783, -0.12604133784770966, -0.9342642426490784, -0.6115781664848328, 0.7252528071403503, -0.31619665026664734], "cam_t_m2c": [77.83338928222656, 90.36315155029297, 564.5969848632812], "obj_id": 0}, {"cam_R_m2c": [0.7174317836761475, 0.676846981048584, 0.16483278572559357, 0.3335622251033783, -0.12604133784770966, -0.9342642426490784, -0.6115781664848328, 0.7252528071403503, -0.31619665026664734], "cam_t_m2c": [77.83338928222656, 90.36315155029297, 564.5969848632812], "obj_id": 3}, {"cam_R_m2c": [0.7174317836761475, 0.676846981048584, 0.16483278572559357, 0.3335622251033783, -0.12604133784770966, -0.9342642426490784, -0.6115781664848328, 0.7252528071403503, -0.31619665026664734], "cam_t_m2c": [77.83338928222656, 90.36315155029297, 564.5969848632812], "obj_id": 3}, {"cam_R_m2c": [0.7174317836761475, 0.676846981048584, 0.16483278572559357, 0.3335622251033783, -0.12604133784770966, -0.9342642426490784, -0.6115781664848328, 0.7252528071403503, -0.31619665026664734], "cam_t_m2c": [77.83338928222656, 90.36315155029297, 564.5969848632812], "obj_id": 2}, {"cam_R_m2c": [0.7174317836761475, 0.676846981048584, 0.16483278572559357, 0.3335622251033783, -0.12604133784770966, -0.9342642426490784, -0.6115781664848328, 0.7252528071403503, -0.31619665026664734], "cam_t_m2c": [77.83338928222656, 90.36315155029297, 564.5969848632812], "obj_id": 3}, {"cam_R_m2c": [0.7174317836761475, 0.676846981048584, 0.16483278572559357, 0.3335622251033783, -0.12604133784770966, -0.9342642426490784, -0.6115781664848328, 0.7252528071403503, -0.31619665026664734], "cam_t_m2c": [77.83338928222656, 90.36315155029297, 564.5969848632812], "obj_id": 2}, {"cam_R_m2c": [0.7174317836761475, 0.676846981048584, 0.16483278572559357, 0.3335622251033783, -0.12604133784770966, -0.9342642426490784, -0.6115781664848328, 0.7252528071403503, -0.31619665026664734], "cam_t_m2c": [77.83338928222656, 90.36315155029297, 564.5969848632812], "obj_id": 1}, {"cam_R_m2c": [0.5648981332778931, 0.2740515470504761, 0.7783224582672119, 0.47661083936691284, 0.6616200804710388, -0.5788791179656982, -0.6735964417457581, 0.6979646682739258, 0.24313201010227203], "cam_t_m2c": [69.52369689941406, 67.44257354736328, 576.6787719726562], "obj_id": 1}, {"cam_R_m2c": [0.16293618083000183, -0.23771779239177704, -0.9575708508491516, -0.9404075145721436, -0.3310205638408661, -0.07783952355384827, -0.2984718680381775, 0.913189709186554, -0.27748677134513855], "cam_t_m2c": [306.36224365234375, 68.79295349121094, 645.9235229492188], "obj_id": 2}, {"cam_R_m2c": [-0.8944606781005859, -0.2816220819950104, 0.3473171293735504, -0.1512850672006607, -0.5403329133987427, -0.8277398347854614, 0.4207766652107239, -0.7929245829582214, 0.44070127606391907], "cam_t_m2c": [22.03883934020996, 24.31948471069336, 769.1619262695312], "obj_id": 3}, {"cam_R_m2c": [0.14869746565818787, -0.7802616953849792, 0.6075200438499451, -0.9336265325546265, 0.09171503037214279, 0.34630870819091797, -0.325930118560791, -0.6186921000480652, -0.7148352265357971], "cam_t_m2c": [179.92556762695312, 1.0909512042999268, 780.0508422851562], "obj_id": 4}],
  "1": [{"cam_R_m2c": [-0.28848469257354736, 0.9361273646354675, -0.2011023908853531, 0.6859085559844971, 0.05550597235560417, -0.7255677580833435, -0.6680614352226257, -0.3472530245780945, -0.6581104397773743], "cam_t_m2c": [-183.84471130371094, 127.38871765136719, 832.7631225585938], "obj_id": 0}, {"cam_R_m2c": [-0.28848469257354736, 0.9361273646354675, -0.2011023908853531, 0.6859085559844971, 0.05550597235560417, -0.7255677580833435, -0.6680614352226257, -0.3472530245780945, -0.6581104397773743], "cam_t_m2c": [-183.84471130371094, 127.38871765136719, 832.7631225585938], "obj_id": 2}, {"cam_R_m2c": [-0.28848469257354736, 0.9361273646354675, -0.2011023908853531, 0.6859085559844971, 0.05550597235560417, -0.7255677580833435, -0.6680614352226257, -0.3472530245780945, -0.6581104397773743], "cam_t_m2c": [-183.84471130371094, 127.38871765136719, 832.7631225585938], "obj_id": 2}, {"cam_R_m2c": [-0.28848469257354736, 0.9361273646354675, -0.2011023908853531, 0.6859085559844971, 0.05550597235560417, -0.7255677580833435, -0.6680614352226257, -0.3472530245780945, -0.6581104397773743], "cam_t_m2c": [-183.84471130371094, 127.38871765136719, 832.7631225585938], "obj_id": 3}, {"cam_R_m2c": [-0.28848469257354736, 0.9361273646354675, -0.2011023908853531, 0.6859085559844971, 0.05550597235560417, -0.7255677580833435, -0.6680614352226257, -0.3472530245780945, -0.6581104397773743], "cam_t_m2c": [-183.84471130371094, 127.38871765136719, 832.7631225585938], "obj_id": 2}, {"cam_R_m2c": [-0.28848469257354736, 0.9361273646354675, -0.2011023908853531, 0.6859085559844971, 0.05550597235560417, -0.7255677580833435, -0.6680614352226257, -0.3472530245780945, -0.6581104397773743], "cam_t_m2c": [-183.84471130371094, 127.38871765136719, 832.7631225585938], "obj_id": 3}, {"cam_R_m2c": [-0.28848469257354736, 0.9361273646354675, -0.2011023908853531, 0.6859085559844971, 0.05550597235560417, -0.7255677580833435, -0.6680614352226257, -0.3472530245780945, -0.6581104397773743], "cam_t_m2c": [-183.84471130371094, 127.38871765136719, 832.7631225585938], "obj_id": 0}, {"cam_R_m2c": [-0.28848469257354736, 0.9361273646354675, -0.2011023908853531, 0.6859085559844971, 0.05550597235560417, -0.7255677580833435, -0.6680614352226257, -0.3472530245780945, -0.6581104397773743], "cam_t_m2c": [-183.84471130371094, 127.38871765136719, 832.7631225585938], "obj_id": 1}, {"cam_R_m2c": [-0.28848469257354736, 0.9361273646354675, -0.2011023908853531, 0.6859085559844971, 0.05550597235560417, -0.7255677580833435, -0.6680614352226257, -0.3472530245780945, -0.6581104397773743], "cam_t_m2c": [-183.84471130371094, 127.38871765136719, 832.7631225585938], "obj_id": 0}, {"cam_R_m2c": [-0.28848469257354736, 0.9361273646354675, -0.2011023908853531, 0.6859085559844971, 0.05550597235560417, -0.7255677580833435, -0.6680614352226257, -0.3472530245780945, -0.6581104397773743], "cam_t_m2c": [-183.84471130371094, 127.38871765136719, 832.7631225585938], "obj_id": 1}, {"cam_R_m2c": [-0.28848469257354736, 0.9361273646354675, -0.2011023908853531, 0.6859085559844971, 0.05550597235560417, -0.7255677580833435, -0.6680614352226257, -0.3472530245780945, -0.6581104397773743], "cam_t_m2c": [-183.84471130371094, 127.38871765136719, 832.7631225585938], "obj_id": 3}, {"cam_R_m2c": [-0.28848469257354736, 0.9361273646354675, -0.2011023908853531, 0.6859085559844971, 0.05550597235560417, -0.7255677580833435, -0.6680614352226257, -0.3472530245780945, -0.6581104397773743], "cam_t_m2c": [-183.84471130371094, 127.38871765136719, 832.7631225585938], "obj_id": 1}, {"cam_R_m2c": [-0.0495300330221653, -0.05074130371212959, -0.99748295545578, 0.7548113465309143, 0.6521257758140564, -0.07065334171056747, 0.6540693640708923, -0.7564108371734619, 0.0060002789832651615], "cam_t_m2c": [-141.01715087890625, 294.8626708984375, 624.2036743164062], "obj_id": 1}, {"cam_R_m2c": [-0.006298602093011141, -0.6715347170829773, -0.7409462332725525, 0.636472761631012, 0.5688026547431946, -0.5209279656410217, 0.7712733745574951, -0.47487324476242065, 0.42383092641830444], "cam_t_m2c": [-137.2089080810547, 78.52383422851562, 861.5421752929688], "obj_id": 3}, {"cam_R_m2c": [-0.467846155166626, -0.8688889145851135, -0.1617153286933899, -0.708273708820343, 0.25915029644966125, 0.6566501259803772, -0.5286474823951721, 0.421750009059906, -0.7366536855697632], "cam_t_m2c": [-44.069915771484375, 315.0661926269531, 534.351318359375], "obj_id": 4}],
  "2": [{"cam_R_m2c": [-0.28848469257354736, 0.9361273646354675, -0.2011023908853531, 0.6859085559844971, 0.05550597235560417, -0.7255677580833435, -0.6680614352226257, -0.3472530245780945, -0.6581104397773743], "cam_t_m2c": [-183.84471130371094, 127.38871765136719, 832.7631225585938], "obj_id": 0}, {"cam_R_m2c": [-0.28848469257354736, 0.9361273646354675, -0.2011023908853531, 0.6859085559844971, 0.05550597235560417, -0.7255677580833435, -0.6680614352226257, -0.3472530245780945, -0.6581104397773743], "cam_t_m2c": [-183.84471130371094, 127.38871765136719, 832.7631225585938], "obj_id": 2}, {"cam_R_m2c": [-0.28848469257354736, 0.9361273646354675, -0.2011023908853531, 0.6859085559844971, 0.05550597235560417, -0.7255677580833435, -0.6680614352226257, -0.3472530245780945, -0.6581104397773743], "cam_t_m2c": [-183.84471130371094, 127.38871765136719, 832.7631225585938], "obj_id": 2}, {"cam_R_m2c": [-0.28848469257354736, 0.9361273646354675, -0.2011023908853531, 0.6859085559844971, 0.05550597235560417, -0.7255677580833435, -0.6680614352226257, -0.3472530245780945, -0.6581104397773743], "cam_t_m2c": [-183.84471130371094, 127.38871765136719, 832.7631225585938], "obj_id": 3}, {"cam_R_m2c": [-0.28848469257354736, 0.9361273646354675, -0.2011023908853531, 0.6859085559844971, 0.05550597235560417, -0.7255677580833435, -0.6680614352226257, -0.3472530245780945, -0.6581104397773743], "cam_t_m2c": [-183.84471130371094, 127.38871765136719, 832.7631225585938], "obj_id": 2}, {"cam_R_m2c": [-0.28848469257354736, 0.9361273646354675, -0.2011023908853531, 0.6859085559844971, 0.05550597235560417, -0.7255677580833435, -0.6680614352226257, -0.3472530245780945, -0.6581104397773743], "cam_t_m2c": [-183.84471130371094, 127.38871765136719, 832.7631225585938], "obj_id": 3}, {"cam_R_m2c": [-0.28848469257354736, 0.9361273646354675, -0.2011023908853531, 0.6859085559844971, 0.05550597235560417, -0.7255677580833435, -0.6680614352226257, -0.3472530245780945, -0.6581104397773743], "cam_t_m2c": [-183.84471130371094, 127.38871765136719, 832.7631225585938], "obj_id": 0}, {"cam_R_m2c": [-0.28848469257354736, 0.9361273646354675, -0.2011023908853531, 0.6859085559844971, 0.05550597235560417, -0.7255677580833435, -0.6680614352226257, -0.3472530245780945, -0.6581104397773743], "cam_t_m2c": [-183.84471130371094, 127.38871765136719, 832.7631225585938], "obj_id": 1}, {"cam_R_m2c": [-0.28848469257354736, 0.9361273646354675, -0.2011023908853531, 0.6859085559844971, 0.05550597235560417, -0.7255677580833435, -0.6680614352226257, -0.3472530245780945, -0.6581104397773743], "cam_t_m2c": [-183.84471130371094, 127.38871765136719, 832.7631225585938], "obj_id": 0}, {"cam_R_m2c": [-0.28848469257354736, 0.9361273646354675, -0.2011023908853531, 0.6859085559844971, 0.05550597235560417, -0.7255677580833435, -0.6680614352226257, -0.3472530245780945, -0.6581104397773743], "cam_t_m2c": [-183.84471130371094, 127.38871765136719, 832.7631225585938], "obj_id": 1}, {"cam_R_m2c": [-0.28848469257354736, 0.9361273646354675, -0.2011023908853531, 0.6859085559844971, 0.05550597235560417, -0.7255677580833435, -0.6680614352226257, -0.3472530245780945, -0.6581104397773743], "cam_t_m2c": [-183.84471130371094, 127.38871765136719, 832.7631225585938], "obj_id": 3}, {"cam_R_m2c": [-0.28848469257354736, 0.9361273646354675, -0.2011023908853531, 0.6859085559844971, 0.05550597235560417, -0.7255677580833435, -0.6680614352226257, -0.3472530245780945, -0.6581104397773743], "cam_t_m2c": [-183.84471130371094, 127.38871765136719, 832.7631225585938], "obj_id": 1}, {"cam_R_m2c": [-0.0495300330221653, -0.05074130371212959, -0.99748295545578, 0.7548113465309143, 0.6521257758140564, -0.07065334171056747, 0.6540693640708923, -0.7564108371734619, 0.0060002789832651615], "cam_t_m2c": [-141.01715087890625, 294.8626708984375, 624.2036743164062], "obj_id": 1}, {"cam_R_m2c": [-0.006298602093011141, -0.6715347170829773, -0.7409462332725525, 0.636472761631012, 0.5688026547431946, -0.5209279656410217, 0.7712733745574951, -0.47487324476242065, 0.42383092641830444], "cam_t_m2c": [-137.2089080810547, 78.52383422851562, 861.5421752929688], "obj_id": 3}, {"cam_R_m2c": [-0.467846155166626, -0.8688889145851135, -0.1617153286933899, -0.708273708820343, 0.25915029644966125, 0.6566501259803772, -0.5286474823951721, 0.421750009059906, -0.7366536855697632], "cam_t_m2c": [-44.069915771484375, 315.0661926269531, 534.351318359375], "obj_id": 4}],
  "3": [{"cam_R_m2c": [0.7545373439788818, -0.6525598764419556, 0.06956314295530319, -0.007996113039553165, -0.11513374000787735, -0.9933177828788757, 0.6562083959579468, 0.7489390969276428, -0.09209064394235611], "cam_t_m2c": [282.3148193359375, 27.455835342407227, 539.6444091796875], "obj_id": 0}, {"cam_R_m2c": [0.7545373439788818, -0.6525598764419556, 0.06956314295530319, -0.007996113039553165, -0.11513374000787735, -0.9933177828788757, 0.6562083959579468, 0.7489390969276428, -0.09209064394235611], "cam_t_m2c": [282.3148193359375, 27.455835342407227, 539.6444091796875], "obj_id": 2}, {"cam_R_m2c": [0.7545373439788818, -0.6525598764419556, 0.06956314295530319, -0.007996113039553165, -0.11513374000787735, -0.9933177828788757, 0.6562083959579468, 0.7489390969276428, -0.09209064394235611], "cam_t_m2c": [282.3148193359375, 27.455835342407227, 539.6444091796875], "obj_id": 2}, {"cam_R_m2c": [0.7545373439788818, -0.6525598764419556, 0.06956314295530319, -0.007996113039553165, -0.11513374000787735, -0.9933177828788757, 0.6562083959579468, 0.7489390969276428, -0.09209064394235611], "cam_t_m2c": [282.3148193359375, 27.455835342407227, 539.6444091796875], "obj_id": 3}, {"cam_R_m2c": [0.7545373439788818, -0.6525598764419556, 0.06956314295530319, -0.007996113039553165, -0.11513374000787735, -0.9933177828788757, 0.6562083959579468, 0.7489390969276428, -0.09209064394235611], "cam_t_m2c": [282.3148193359375, 27.455835342407227, 539.6444091796875], "obj_id": 2}, {"cam_R_m2c": [0.7545373439788818, -0.6525598764419556, 0.06956314295530319, -0.007996113039553165, -0.11513374000787735, -0.9933177828788757, 0.6562083959579468, 0.7489390969276428, -0.09209064394235611], "cam_t_m2c": [282.3148193359375, 27.455835342407227, 539.6444091796875], "obj_id": 3}, {"cam_R_m2c": [0.7545373439788818, -0.6525598764419556, 0.06956314295530319, -0.007996113039553165, -0.11513374000787735, -0.9933177828788757, 0.6562083959579468, 0.7489390969276428, -0.09209064394235611], "cam_t_m2c": [282.3148193359375, 27.455835342407227, 539.6444091796875], "obj_id": 0}, {"cam_R_m2c": [0.7545373439788818, -0.6525598764419556, 0.06956314295530319, -0.007996113039553165, -0.11513374000787735, -0.9933177828788757, 0.6562083959579468, 0.7489390969276428, -0.09209064394235611], "cam_t_m2c": [282.3148193359375, 27.455835342407227, 539.6444091796875], "obj_id": 1}, {"cam_R_m2c": [0.7545373439788818, -0.6525598764419556, 0.06956314295530319, -0.007996113039553165, -0.11513374000787735, -0.9933177828788757, 0.6562083959579468, 0.7489390969276428, -0.09209064394235611], "cam_t_m2c": [282.3148193359375, 27.455835342407227, 539.6444091796875], "obj_id": 0}, {"cam_R_m2c": [0.7545373439788818, -0.6525598764419556, 0.06956314295530319, -0.007996113039553165, -0.11513374000787735, -0.9933177828788757, 0.6562083959579468, 0.7489390969276428, -0.09209064394235611], "cam_t_m2c": [282.3148193359375, 27.455835342407227, 539.6444091796875], "obj_id": 1}, {"cam_R_m2c": [0.7545373439788818, -0.6525598764419556, 0.06956314295530319, -0.007996113039553165, -0.11513374000787735, -0.9933177828788757, 0.6562083959579468, 0.7489390969276428, -0.09209064394235611], "cam_t_m2c": [282.3148193359375, 27.455835342407227, 539.6444091796875], "obj_id": 3}, {"cam_R_m2c": [0.7545373439788818, -0.6525598764419556, 0.06956314295530319, -0.007996113039553165, -0.11513374000787735, -0.9933177828788757, 0.6562083959579468, 0.7489390969276428, -0.09209064394235611], "cam_t_m2c": [282.3148193359375, 27.455835342407227, 539.6444091796875], "obj_id": 1}, {"cam_R_m2c": [0.15551067888736725, 0.5682327747344971, 0.8080394864082336, 0.9875910878181458, -0.07128622382879257, -0.13993586599826813, -0.021914031356573105, 0.8197741508483887, -0.5722674131393433], "cam_t_m2c": [385.8046875, 4.4164018630981445, 788.9189453125], "obj_id": 1}, {"cam_R_m2c": [0.03021368756890297, 0.9643688201904297, 0.2628306746482849, 0.9897134304046631, 0.007923275232315063, -0.14284460246562958, -0.1398373693227768, 0.26444292068481445, -0.9542094469070435], "cam_t_m2c": [212.66586303710938, 17.33287811279297, 518.7288818359375], "obj_id": 3}, {"cam_R_m2c": [0.2599073648452759, 0.707396924495697, 0.657295823097229, -0.9157100915908813, 0.39659151434898376, -0.06473161280155182, -0.3064688742160797, -0.5850681662559509, 0.750847578048706], "cam_t_m2c": [341.87249755859375, -34.93166732788086, 908.9276733398438], "obj_id": 4}],
  "4": [{"cam_R_m2c": [0.7545373439788818, -0.6525598764419556, 0.06956314295530319, -0.007996113039553165, -0.11513374000787735, -0.9933177828788757, 0.6562083959579468, 0.7489390969276428, -0.09209064394235611], "cam_t_m2c": [282.3148193359375, 27.455835342407227, 539.6444091796875], "obj_id": 0}, {"cam_R_m2c": [0.7545373439788818, -0.6525598764419556, 0.06956314295530319, -0.007996113039553165, -0.11513374000787735, -0.9933177828788757, 0.6562083959579468, 0.7489390969276428, -0.09209064394235611], "cam_t_m2c": [282.3148193359375, 27.455835342407227, 539.6444091796875], "obj_id": 2}, {"cam_R_m2c": [0.7545373439788818, -0.6525598764419556, 0.06956314295530319, -0.007996113039553165, -0.11513374000787735, -0.9933177828788757, 0.6562083959579468, 0.7489390969276428, -0.09209064394235611], "cam_t_m2c": [282.3148193359375, 27.455835342407227, 539.6444091796875], "obj_id": 2}, {"cam_R_m2c": [0.7545373439788818, -0.6525598764419556, 0.06956314295530319, -0.007996113039553165, -0.11513374000787735, -0.9933177828788757, 0.6562083959579468, 0.7489390969276428, -0.09209064394235611], "cam_t_m2c": [282.3148193359375, 27.455835342407227, 539.6444091796875], "obj_id": 3}, {"cam_R_m2c": [0.7545373439788818, -0.6525598764419556, 0.06956314295530319, -0.007996113039553165, -0.11513374000787735, -0.9933177828788757, 0.6562083959579468, 0.7489390969276428, -0.09209064394235611], "cam_t_m2c": [282.3148193359375, 27.455835342407227, 539.6444091796875], "obj_id": 2}, {"cam_R_m2c": [0.7545373439788818, -0.6525598764419556, 0.06956314295530319, -0.007996113039553165, -0.11513374000787735, -0.9933177828788757, 0.6562083959579468, 0.7489390969276428, -0.09209064394235611], "cam_t_m2c": [282.3148193359375, 27.455835342407227, 539.6444091796875], "obj_id": 3}, {"cam_R_m2c": [0.7545373439788818, -0.6525598764419556, 0.06956314295530319, -0.007996113039553165, -0.11513374000787735, -0.9933177828788757, 0.6562083959579468, 0.7489390969276428, -0.09209064394235611], "cam_t_m2c": [282.3148193359375, 27.455835342407227, 539.6444091796875], "obj_id": 0}, {"cam_R_m2c": [0.7545373439788818, -0.6525598764419556, 0.06956314295530319, -0.007996113039553165, -0.11513374000787735, -0.9933177828788757, 0.6562083959579468, 0.7489390969276428, -0.09209064394235611], "cam_t_m2c": [282.3148193359375, 27.455835342407227, 539.6444091796875], "obj_id": 1}, {"cam_R_m2c": [0.7545373439788818, -0.6525598764419556, 0.06956314295530319, -0.007996113039553165, -0.11513374000787735, -0.9933177828788757, 0.6562083959579468, 0.7489390969276428, -0.09209064394235611], "cam_t_m2c": [282.3148193359375, 27.455835342407227, 539.6444091796875], "obj_id": 0}, {"cam_R_m2c": [0.7545373439788818, -0.6525598764419556, 0.06956314295530319, -0.007996113039553165, -0.11513374000787735, -0.9933177828788757, 0.6562083959579468, 0.7489390969276428, -0.09209064394235611], "cam_t_m2c": [282.3148193359375, 27.455835342407227, 539.6444091796875], "obj_id": 1}, {"cam_R_m2c": [0.7545373439788818, -0.6525598764419556, 0.06956314295530319, -0.007996113039553165, -0.11513374000787735, -0.9933177828788757, 0.6562083959579468, 0.7489390969276428, -0.09209064394235611], "cam_t_m2c": [282.3148193359375, 27.455835342407227, 539.6444091796875], "obj_id": 3}, {"cam_R_m2c": [0.7545373439788818, -0.6525598764419556, 0.06956314295530319, -0.007996113039553165, -0.11513374000787735, -0.9933177828788757, 0.6562083959579468, 0.7489390969276428, -0.09209064394235611], "cam_t_m2c": [282.3148193359375, 27.455835342407227, 539.6444091796875], "obj_id": 1}, {"cam_R_m2c": [0.15551067888736725, 0.5682327747344971, 0.8080394864082336, 0.9875910878181458, -0.07128622382879257, -0.13993586599826813, -0.021914031356573105, 0.8197741508483887, -0.5722674131393433], "cam_t_m2c": [385.8046875, 4.4164018630981445, 788.9189453125], "obj_id": 1}, {"cam_R_m2c": [0.03021368756890297, 0.9643688201904297, 0.2628306746482849, 0.9897134304046631, 0.007923275232315063, -0.14284460246562958, -0.1398373693227768, 0.26444292068481445, -0.9542094469070435], "cam_t_m2c": [212.66586303710938, 17.33287811279297, 518.7288818359375], "obj_id": 3}, {"cam_R_m2c": [0.2599073648452759, 0.707396924495697, 0.657295823097229, -0.9157100915908813, 0.39659151434898376, -0.06473161280155182, -0.3064688742160797, -0.5850681662559509, 0.750847578048706], "cam_t_m2c": [341.87249755859375, -34.93166732788086, 908.9276733398438], "obj_id": 4}]
}