{
  "0": [{"cam_R_m2c": [-0.050342410802841187, -0.018612872809171677, -0.998558521270752, 0.07916124165058136, 0.9966063499450684, -0.02256741002202034, 0.9955897927284241, -0.0801832303404808, -0.048698149621486664], "cam_t_m2c": [133.300048828125, 205.81796264648438, 982.1589965820312], "obj_id": 2}, {"cam_R_m2c": [0.7597640752792358, 0.06822957843542099, 0.6466090679168701, 0.10538041591644287, -0.99425208568573, -0.01890917308628559, 0.6416023373603821, 0.0825064480304718, -0.7625870108604431], "cam_t_m2c": [3.8297252655029297, -128.52731323242188, 937.4110107421875], "obj_id": 1}, {"cam_R_m2c": [0.5849219560623169, -0.575759768486023, 0.5712854266166687, -0.4279813766479492, -0.8173993229866028, -0.3856039345264435, 0.6889835000038147, -0.018951311707496643, -0.7245292663574219], "cam_t_m2c": [-7.672807216644287, -161.62313842773438, 927.7767944335938], "obj_id": 1}, {"cam_R_m2c": [-0.019803447648882866, -0.9411910176277161, 0.3372935950756073, -0.030003581196069717, -0.33664822578430176, -0.9411521553993225, 0.9993534684181213, -0.028758209198713303, -0.021572118625044823], "cam_t_m2c": [204.64312744140625, 66.1256332397461, 878.8319091796875], "obj_id": 3}, {"cam_R_m2c": [0.06051763519644737, -0.5485748052597046, 0.8339083790779114, 0.32888200879096985, -0.7778306007385254, -0.5355521440505981, 0.9424299597740173, 0.3066678047180176, 0.13334396481513977], "cam_t_m2c": [-130.11279296875, -266.9665222167969, 1006.4317016601562], "obj_id": 2}, {"cam_R_m2c": [-0.12108886986970901, -0.17643949389457703, -0.9768349528312683, 0.5638066530227661, 0.7977073192596436, -0.21397452056407928, 0.8169819116592407, -0.5766559839248657, 0.002884289715439081], "cam_t_m2c": [-65.54481506347656, 213.4097137451172, 906.3992919921875], "obj_id": 0}],
  "1": [{"cam_R_m2c": [-0.050342410802841187, -0.018612872809171677, -0.998558521270752, 0.07916124165058136, 0.9966063499450684, -0.02256741002202034, 0.9955897927284241, -0.0801832303404808, -0.048698149621486664], "cam_t_m2c": [133.300048828125, 205.81796264648438, 982.1589965820312], "obj_id": 2}, {"cam_R_m2c": [0.7597640752792358, 0.06822957843542099, 0.6466090679168701, 0.10538041591644287, -0.99425208568573, -0.01890917308628559, 0.6416023373603821, 0.0825064480304718, -0.7625870108604431], "cam_t_m2c": [3.8297252655029297, -128.52731323242188, 937.4110107421875], "obj_id": 1}, {"cam_R_m2c": [0.5849219560623169, -0.575759768486023, 0.5712854266166687, -0.4279813766479492, -0.8173993229866028, -0.3856039345264435, 0.6889835000038147, -0.018951311707496643, -0.7245292663574219], "cam_t_m2c": [-7.672807216644287, -161.62313842773438, 927.7767944335938], "obj_id": 1}, {"cam_R_m2c": [-0.019803447648882866, -0.9411910176277161, 0.3372935950756073, -0.030003581196069717, -0.33664822578430176, -0.9411521553993225, 0.9993534684181213, -0.028758209198713303, -0.021572118625044823], "cam_t_m2c": [204.64312744140625, 66.1256332397461, 878.8319091796875], "obj_id": 3}, {"cam_R_m2c": [0.06051763519644737, -0.5485748052597046, 0.8339083790779114, 0.32888200879096985, -0.7778306007385254, -0.5355521440505981, 0.9424299597740173, 0.3066678047180176, 0.13334396481513977], "cam_t_m2c": [-130.11279296875, -266.9665222167969, 1006.4317016601562], "obj_id": 2}, {"cam_R_m2c": [-0.12108886986970901, -0.17643949389457703, -0.9768349528312683, 0.5638066530227661, 0.7977073192596436, -0.21397452056407928, 0.8169819116592407, -0.5766559839248657, 0.002884289715439081], "cam_t_m2c": [-65.54481506347656, 213.4097137451172, 906.3992919921875], "obj_id": 0}],
  "2": [{"cam_R_m2c": [-0.050342410802841187, -0.018612872809171677, -0.998558521270752, 0.07916124165058136, 0.9966063499450684, -0.02256741002202034, 0.9955897927284241, -0.0801832303404808, -0.048698149621486664], "cam_t_m2c": [133.300048828125, 205.81796264648438, 982.1589965820312], "obj_id": 2}, {"cam_R_m2c": [0.7597640752792358, 0.06822957843542099, 0.6466090679168701, 0.10538041591644287, -0.99425208568573, -0.01890917308628559, 0.6416023373603821, 0.0825064480304718, -0.7625870108604431], "cam_t_m2c": [3.8297252655029297, -128.52731323242188, 937.4110107421875], "obj_id": 1}, {"cam_R_m2c": [0.5849219560623169, -0.575759768486023, 0.5712854266166687, -0.4279813766479492, -0.8173993229866028, -0.3856039345264435, 0.6889835000038147, -0.018951311707496643, -0.7245292663574219], "cam_t_m2c": [-7.672807216644287, -161.62313842773438, 927.7767944335938], "obj_id": 1}, {"cam_R_m2c": [-0.019803447648882866, -0.9411910176277161, 0.3372935950756073, -0.030003581196069717, -0.33664822578430176, -0.9411521553993225, 0.9993534684181213, -0.028758209198713303, -0.021572118625044823], "cam_t_m2c": [204.64312744140625, 66.1256332397461, 878.8319091796875], "obj_id": 3}, {"cam_R_m2c": [0.06051763519644737, -0.5485748052597046, 0.8339083790779114, 0.32888200879096985, -0.7778306007385254, -0.5355521440505981, 0.9424299597740173, 0.3066678047180176, 0.13334396481513977], "cam_t_m2c": [-130.11279296875, -266.9665222167969, 1006.4317016601562], "obj_id": 2}, {"cam_R_m2c": [-0.12108886986970901, -0.17643949389457703, -0.9768349528312683, 0.5638066530227661, 0.7977073192596436, -0.21397452056407928, 0.8169819116592407, -0.5766559839248657, 0.002884289715439081], "cam_t_m2c": [-65.54481506347656, 213.4097137451172, 906.3992919921875], "obj_id": 0}],
  "3": [{"cam_R_m2c": [-0.050342410802841187, -0.018612872809171677, -0.998558521270752, 0.07916124165058136, 0.9966063499450684, -0.02256741002202034, 0.9955897927284241, -0.0801832303404808, -0.048698149621486664], "cam_t_m2c": [133.300048828125, 205.81796264648438, 982.1589965820312], "obj_id": 2}, {"cam_R_m2c": [0.7597640752792358, 0.06822957843542099, 0.6466090679168701, 0.10538041591644287, -0.99425208568573, -0.01890917308628559, 0.6416023373603821, 0.0825064480304718, -0.7625870108604431], "cam_t_m2c": [3.8297252655029297, -128.52731323242188, 937.4110107421875], "obj_id": 1}, {"cam_R_m2c": [0.5849219560623169, -0.575759768486023, 0.5712854266166687, -0.4279813766479492, -0.8173993229866028, -0.3856039345264435, 0.6889835000038147, -0.018951311707496643, -0.7245292663574219], "cam_t_m2c": [-7.672807216644287, -161.62313842773438, 927.7767944335938], "obj_id": 1}, {"cam_R_m2c": [-0.019803447648882866, -0.9411910176277161, 0.3372935950756073, -0.030003581196069717, -0.33664822578430176, -0.9411521553993225, 0.9993534684181213, -0.028758209198713303, -0.021572118625044823], "cam_t_m2c": [204.64312744140625, 66.1256332397461, 878.8319091796875], "obj_id": 3}, {"cam_R_m2c": [0.06051763519644737, -0.5485748052597046, 0.8339083790779114, 0.32888200879096985, -0.7778306007385254, -0.5355521440505981, 0.9424299597740173, 0.3066678047180176, 0.13334396481513977], "cam_t_m2c": [-130.11279296875, -266.9665222167969, 1006.4317016601562], "obj_id": 2}, {"cam_R_m2c": [-0.12108886986970901, -0.17643949389457703, -0.9768349528312683, 0.5638066530227661, 0.7977073192596436, -0.21397452056407928, 0.8169819116592407, -0.5766559839248657, 0.002884289715439081], "cam_t_m2c": [-65.54481506347656, 213.4097137451172, 906.3992919921875], "obj_id": 0}],
  "4": [{"cam_R_m2c": [-0.050342410802841187, -0.018612872809171677, -0.998558521270752, 0.07916124165058136, 0.9966063499450684, -0.02256741002202034, 0.9955897927284241, -0.0801832303404808, -0.048698149621486664], "cam_t_m2c": [133.300048828125, 205.81796264648438, 982.1589965820312], "obj_id": 2}, {"cam_R_m2c": [0.7597640752792358, 0.06822957843542099, 0.6466090679168701, 0.10538041591644287, -0.99425208568573, -0.01890917308628559, 0.6416023373603821, 0.0825064480304718, -0.7625870108604431], "cam_t_m2c": [3.8297252655029297, -128.52731323242188, 937.4110107421875], "obj_id": 1}, {"cam_R_m2c": [0.5849219560623169, -0.575759768486023, 0.5712854266166687, -0.4279813766479492, -0.8173993229866028, -0.3856039345264435, 0.6889835000038147, -0.018951311707496643, -0.7245292663574219], "cam_t_m2c": [-7.672807216644287, -161.62313842773438, 927.7767944335938], "obj_id": 1}, {"cam_R_m2c": [-0.019803447648882866, -0.9411910176277161, 0.3372935950756073, -0.030003581196069717, -0.33664822578430176, -0.9411521553993225, 0.9993534684181213, -0.028758209198713303, -0.021572118625044823], "cam_t_m2c": [204.64312744140625, 66.1256332397461, 878.8319091796875], "obj_id": 3}, {"cam_R_m2c": [0.06051763519644737, -0.5485748052597046, 0.8339083790779114, 0.32888200879096985, -0.7778306007385254, -0.5355521440505981, 0.9424299597740173, 0.3066678047180176, 0.13334396481513977], "cam_t_m2c": [-130.11279296875, -266.9665222167969, 1006.4317016601562], "obj_id": 2}, {"cam_R_m2c": [-0.12108886986970901, -0.17643949389457703, -0.9768349528312683, 0.5638066530227661, 0.7977073192596436, -0.21397452056407928, 0.8169819116592407, -0.5766559839248657, 0.002884289715439081], "cam_t_m2c": [-65.54481506347656, 213.4097137451172, 906.3992919921875], "obj_id": 0}]
}