{
  "0": [{"cam_R_m2c": [-0.19625292718410492, -0.40311765670776367, 0.8938572406768799, 0.8505820631980896, 0.38354599475860596, 0.359725683927536, -0.48784711956977844, 0.8308961987495422, 0.2676126956939697], "cam_t_m2c": [365.7107849121094, 204.1731719970703, 1159.25048828125], "obj_id": 0}, {"cam_R_m2c": [0.25379225611686707, -0.7694751620292664, 0.5860865712165833, 0.9319533109664917, 0.03231551870703697, -0.3611353039741516, 0.25894495844841003, 0.6378586888313293, 0.7253163456916809], "cam_t_m2c": [3941.883544921875, -74153.59375, -45010.69140625], "obj_id": 3}, {"cam_R_m2c": [-0.07265519350767136, 0.07169615477323532, 0.994776725769043, 0.4062292277812958, 0.9130563735961914, -0.036136694252491, -0.9108781218528748, 0.40148189663887024, -0.0954633578658104], "cam_t_m2c": [320.3805236816406, 374.06597900390625, 976.3233032226562], "obj_id": 2}, {"cam_R_m2c": [0.7657982707023621, 0.2592610716819763, 0.5885037779808044, -0.5650219917297363, -0.16573971509933472, 0.8082576394081116, 0.3070882260799408, -0.9514799118041992, 0.01956503465771675], "cam_t_m2c": [265.4970703125, 403.9341735839844, 1355.1707763671875], "obj_id": 2}],
  "1": [{"cam_R_m2c": [-0.7749612927436829, -0.0067270188592374325, 0.6319727897644043, 0.5539206266403198, 0.47424575686454773, 0.6842973828315735, -0.30431368947029114, 0.8803668022155762, -0.3637958765029907], "cam_t_m2c": [287.7683410644531, 362.4428405761719, 1017.6605224609375], "obj_id": 0}, {"cam_R_m2c": [-0.08195465803146362, -0.22236216068267822, 0.9715135097503662, 0.9966306090354919, -0.015058633871376514, 0.08062681555747986, -0.0032986970618367195, 0.9748478531837463, 0.22284705936908722], "cam_t_m2c": [10157.9990234375, -79557.703125, -33462.8828125], "obj_id": 3}, {"cam_R_m2c": [-0.7220892310142517, -0.12760141491889954, 0.6799301505088806, 0.06304135173559189, 0.9666159152984619, 0.248353511095047, -0.6889215707778931, 0.22219710052013397, -0.6899387836456299], "cam_t_m2c": [82.3371353149414, 444.8631896972656, 893.7849731445312], "obj_id": 2}, {"cam_R_m2c": [0.9629104137420654, -0.2567310333251953, 0.08302250504493713, -0.17505373060703278, -0.36025679111480713, 0.9162812232971191, -0.20532840490341187, -0.8968300819396973, -0.3918367326259613], "cam_t_m2c": [235.09068298339844, 570.6818237304688, 1222.83837890625], "obj_id": 2}]
}