{
  "0": [{"cam_R_m2c": [0.37902000546455383, -0.7701762914657593, 0.5130031704902649, -0.026165124028921127, -0.5630627274513245, -0.8259997367858887, 0.9250184893608093, 0.29964762926101685, -0.23356376588344574], "cam_t_m2c": [73.67521667480469, 32.68023681640625, 255.62083435058594], "obj_id": 1}, {"cam_R_m2c": [0.37902000546455383, -0.7701762914657593, 0.5130031704902649, -0.026165124028921127, -0.5630627274513245, -0.8259997367858887, 0.9250184893608093, 0.29964762926101685, -0.23356376588344574], "cam_t_m2c": [73.67521667480469, 32.68023681640625, 255.62083435058594], "obj_id": 2}, {"cam_R_m2c": [0.37902000546455383, -0.7701762914657593, 0.5130031704902649, -0.026165124028921127, -0.5630627274513245, -0.8259997367858887, 0.9250184893608093, 0.29964762926101685, -0.23356376588344574], "cam_t_m2c": [73.67521667480469, 32.68023681640625, 255.62083435058594], "obj_id": 0}, {"cam_R_m2c": [0.37902000546455383, -0.7701762914657593, 0.5130031704902649, -0.026165124028921127, -0.5630627274513245, -0.8259997367858887, 0.9250184893608093, 0.29964762926101685, -0.23356376588344574], "cam_t_m2c": [73.67521667480469, 32.68023681640625, 255.62083435058594], "obj_id": 1}, {"cam_R_m2c": [0.37902000546455383, -0.7701762914657593, 0.5130031704902649, -0.026165124028921127, -0.5630627274513245, -0.8259997367858887, 0.9250184893608093, 0.29964762926101685, -0.23356376588344574], "cam_t_m2c": [73.67521667480469, 32.68023681640625, 255.62083435058594], "obj_id": 3}, {"cam_R_m2c": [0.37902000546455383, -0.7701762914657593, 0.5130031704902649, -0.026165124028921127, -0.5630627274513245, -0.8259997367858887, 0.9250184893608093, 0.29964762926101685, -0.23356376588344574], "cam_t_m2c": [73.67521667480469, 32.68023681640625, 255.62083435058594], "obj_id": 2}, {"cam_R_m2c": [0.37902000546455383, -0.7701762914657593, 0.5130031704902649, -0.026165124028921127, -0.5630627274513245, -0.8259997367858887, 0.9250184893608093, 0.29964762926101685, -0.23356376588344574], "cam_t_m2c": [73.67521667480469, 32.68023681640625, 255.62083435058594], "obj_id": 0}, {"cam_R_m2c": [0.37902000546455383, -0.7701762914657593, 0.5130031704902649, -0.026165124028921127, -0.5630627274513245, -0.8259997367858887, 0.9250184893608093, 0.29964762926101685, -0.23356376588344574], "cam_t_m2c": [73.67521667480469, 32.68023681640625, 255.62083435058594], "obj_id": 1}, {"cam_R_m2c": [0.37902000546455383, -0.7701762914657593, 0.5130031704902649, -0.026165124028921127, -0.5630627274513245, -0.8259997367858887, 0.9250184893608093, 0.29964762926101685, -0.23356376588344574], "cam_t_m2c": [73.67521667480469, 32.68023681640625, 255.62083435058594], "obj_id": 2}, {"cam_R_m2c": [0.37902000546455383, -0.7701762914657593, 0.5130031704902649, -0.026165124028921127, -0.5630627274513245, -0.8259997367858887, 0.9250184893608093, 0.29964762926101685, -0.23356376588344574], "cam_t_m2c": [73.67521667480469, 32.68023681640625, 255.62083435058594], "obj_id": 2}, {"cam_R_m2c": [0.37902000546455383, -0.7701762914657593, 0.5130031704902649, -0.026165124028921127, -0.5630627274513245, -0.8259997367858887, 0.9250184893608093, 0.29964762926101685, -0.23356376588344574], "cam_t_m2c": [73.67521667480469, 32.68023681640625, 255.62083435058594], "obj_id": 3}, {"cam_R_m2c": [0.37902000546455383, -0.7701762914657593, 0.5130031704902649, -0.026165124028921127, -0.5630627274513245, -0.8259997367858887, 0.9250184893608093, 0.29964762926101685, -0.23356376588344574], "cam_t_m2c": [73.67521667480469, 32.68023681640625, 255.62083435058594], "obj_id": 2}, {"cam_R_m2c": [0.37902000546455383, -0.7701762914657593, 0.5130031704902649, -0.026165124028921127, -0.5630627274513245, -0.8259997367858887, 0.9250184893608093, 0.29964762926101685, -0.23356376588344574], "cam_t_m2c": [73.67521667480469, 32.68023681640625, 255.62083435058594], "obj_id": 3}, {"cam_R_m2c": [0.37902000546455383, -0.7701762914657593, 0.5130031704902649, -0.026165124028921127, -0.5630627274513245, -0.8259997367858887, 0.9250184893608093, 0.29964762926101685, -0.23356376588344574], "cam_t_m2c": [73.67521667480469, 32.68023681640625, 255.62083435058594], "obj_id": 1}, {"cam_R_m2c": [0.37902000546455383, -0.7701762914657593, 0.5130031704902649, -0.026165124028921127, -0.5630627274513245, -0.8259997367858887, 0.9250184893608093, 0.29964762926101685, -0.23356376588344574], "cam_t_m2c": [73.67521667480469, 32.68023681640625, 255.62083435058594], "obj_id": 0}, {"cam_R_m2c": [0.37902000546455383, -0.7701762914657593, 0.5130031704902649, -0.026165124028921127, -0.5630627274513245, -0.8259997367858887, 0.9250184893608093, 0.29964762926101685, -0.23356376588344574], "cam_t_m2c": [73.67521667480469, 32.68023681640625, 255.62083435058594], "obj_id": 0}, {"cam_R_m2c": [0.37902000546455383, -0.7701762914657593, 0.5130031704902649, -0.026165124028921127, -0.5630627274513245, -0.8259997367858887, 0.9250184893608093, 0.29964762926101685, -0.23356376588344574], "cam_t_m2c": [73.67521667480469, 32.68023681640625, 255.62083435058594], "obj_id": 2}, {"cam_R_m2c": [0.37902000546455383, -0.7701762914657593, 0.5130031704902649, -0.026165124028921127, -0.5630627274513245, -0.8259997367858887, 0.9250184893608093, 0.29964762926101685, -0.23356376588344574], "cam_t_m2c": [73.67521667480469, 32.68023681640625, 255.62083435058594], "obj_id": 2}, {"cam_R_m2c": [0.37902000546455383, -0.7701762914657593, 0.5130031704902649, -0.026165124028921127, -0.5630627274513245, -0.8259997367858887, 0.9250184893608093, 0.29964762926101685, -0.23356376588344574], "cam_t_m2c": [73.67521667480469, 32.68023681640625, 255.62083435058594], "obj_id": 0}, {"cam_R_m2c": [0.37902000546455383, -0.7701762914657593, 0.5130031704902649, -0.026165124028921127, -0.5630627274513245, -0.8259997367858887, 0.9250184893608093, 0.29964762926101685, -0.23356376588344574], "cam_t_m2c": [73.67521667480469, 32.68023681640625, 255.62083435058594], "obj_id": 3}, {"cam_R_m2c": [0.37902000546455383, -0.7701762914657593, 0.5130031704902649, -0.026165124028921127, -0.5630627274513245, -0.8259997367858887, 0.9250184893608093, 0.29964762926101685, -0.23356376588344574], "cam_t_m2c": [73.67521667480469, 32.68023681640625, 255.62083435058594], "obj_id": 3}, {"cam_R_m2c": [0.37902000546455383, -0.7701762914657593, 0.5130031704902649, -0.026165124028921127, -0.5630627274513245, -0.8259997367858887, 0.9250184893608093, 0.29964762926101685, -0.23356376588344574], "cam_t_m2c": [73.67521667480469, 32.68023681640625, 255.62083435058594], "obj_id": 1}, {"cam_R_m2c": [0.37902000546455383, -0.7701762914657593, 0.5130031704902649, -0.026165124028921127, -0.5630627274513245, -0.8259997367858887, 0.9250184893608093, 0.29964762926101685, -0.23356376588344574], "cam_t_m2c": [73.67521667480469, 32.68023681640625, 255.62083435058594], "obj_id": 1}, {"cam_R_m2c": [0.37902000546455383, -0.7701762914657593, 0.5130031704902649, -0.026165124028921127, -0.5630627274513245, -0.8259997367858887, 0.9250184893608093, 0.29964762926101685, -0.23356376588344574], "cam_t_m2c": [73.67521667480469, 32.68023681640625, 255.62083435058594], "obj_id": 2}, {"cam_R_m2c": [0.3523314297199249, -0.16551196575164795, 0.9211233854293823, -0.08598490059375763, 0.9743495583534241, 0.20796526968479156, -0.9319168925285339, -0.15247540175914764, 0.32906243205070496], "cam_t_m2c": [11.69321346282959, -21.249691009521484, 186.2184295654297], "obj_id": 3}, {"cam_R_m2c": [-0.5903394818305969, 0.15452952682971954, -0.792224645614624, -0.0263989120721817, 0.9772809147834778, 0.21029776334762573, 0.8067231774330139, 0.1450609564781189, -0.5728480815887451], "cam_t_m2c": [153.663818359375, 75.67842102050781, 164.98806762695312], "obj_id": 3}, {"cam_R_m2c": [-0.994187593460083, 0.07765285670757294, -0.07457376271486282, -0.07206182181835175, 0.03466673195362091, 0.9967975616455078, 0.07998941093683243, 0.9963775873184204, -0.028869515284895897], "cam_t_m2c": [153.04078674316406, 18.63651466369629, 335.3367614746094], "obj_id": 3}, {"cam_R_m2c": [-0.6315303444862366, -0.7752846479415894, -0.010145210660994053, 0.3695925176143646, -0.2895081639289856, -0.8829417824745178, 0.6815941333770752, -0.5613542199134827, 0.4693727493286133], "cam_t_m2c": [-4078.422119140625, 6468.89306640625, 2039.1380615234375], "obj_id": 0}, {"cam_R_m2c": [-0.5385335683822632, -0.42911389470100403, -0.7251500487327576, -0.27425894141197205, 0.9030110239982605, -0.3306858539581299, 0.7967203855514526, 0.020793411880731583, -0.6039900779724121], "cam_t_m2c": [-4233.34130859375, 6576.05029296875, 2348.829833984375], "obj_id": 2}, {"cam_R_m2c": [0.12263685464859009, 0.9880582094192505, 0.0932794138789177, -0.7096731662750244, 0.15300896763801575, -0.6877151727676392, -0.6937752366065979, 0.01814129389822483, 0.719963014125824], "cam_t_m2c": [-39.45486068725586, -76.22987365722656, 235.3313446044922], "obj_id": 1}, {"cam_R_m2c": [0.20966321229934692, -0.8784695863723755, -0.42933958768844604, -0.4614550471305847, 0.29822224378585815, -0.8355373740196228, 0.8620327711105347, 0.3733023405075073, -0.3428479731082916], "cam_t_m2c": [-3916.082763671875, 6692.400390625, 2089.112060546875], "obj_id": 0}, {"cam_R_m2c": [0.5832245945930481, 0.7494726181030273, -0.3132728040218353, -0.3138980269432068, 0.5636374354362488, 0.7640554904937744, 0.7492110133171082, -0.34728026390075684, 0.5639852285385132], "cam_t_m2c": [-86.84053039550781, -38.69511032104492, 201.3864288330078], "obj_id": 1}],
  "1": [{"cam_R_m2c": [-0.6824313402175903, -0.7180752754211426, -0.13658460974693298, -0.15338134765625, 0.32337701320648193, -0.9337566494941711, 0.7146759033203125, -0.6162752509117126, -0.3308219611644745], "cam_t_m2c": [-42.511905670166016, -19.953523635864258, 291.63116455078125], "obj_id": 1}, {"cam_R_m2c": [-0.6824313402175903, -0.7180752754211426, -0.13658460974693298, -0.15338134765625, 0.32337701320648193, -0.9337566494941711, 0.7146759033203125, -0.6162752509117126, -0.3308219611644745], "cam_t_m2c": [-42.511905670166016, -19.953523635864258, 291.63116455078125], "obj_id": 2}, {"cam_R_m2c": [-0.6824313402175903, -0.7180752754211426, -0.13658460974693298, -0.15338134765625, 0.32337701320648193, -0.9337566494941711, 0.7146759033203125, -0.6162752509117126, -0.3308219611644745], "cam_t_m2c": [-42.511905670166016, -19.953523635864258, 291.63116455078125], "obj_id": 0}, {"cam_R_m2c": [-0.6824313402175903, -0.7180752754211426, -0.13658460974693298, -0.15338134765625, 0.32337701320648193, -0.9337566494941711, 0.7146759033203125, -0.6162752509117126, -0.3308219611644745], "cam_t_m2c": [-42.511905670166016, -19.953523635864258, 291.63116455078125], "obj_id": 1}, {"cam_R_m2c": [-0.6824313402175903, -0.7180752754211426, -0.13658460974693298, -0.15338134765625, 0.32337701320648193, -0.9337566494941711, 0.7146759033203125, -0.6162752509117126, -0.3308219611644745], "cam_t_m2c": [-42.511905670166016, -19.953523635864258, 291.63116455078125], "obj_id": 3}, {"cam_R_m2c": [-0.6824313402175903, -0.7180752754211426, -0.13658460974693298, -0.15338134765625, 0.32337701320648193, -0.9337566494941711, 0.7146759033203125, -0.6162752509117126, -0.3308219611644745], "cam_t_m2c": [-42.511905670166016, -19.953523635864258, 291.63116455078125], "obj_id": 2}, {"cam_R_m2c": [-0.6824313402175903, -0.7180752754211426, -0.13658460974693298, -0.15338134765625, 0.32337701320648193, -0.9337566494941711, 0.7146759033203125, -0.6162752509117126, -0.3308219611644745], "cam_t_m2c": [-42.511905670166016, -19.953523635864258, 291.63116455078125], "obj_id": 0}, {"cam_R_m2c": [-0.6824313402175903, -0.7180752754211426, -0.13658460974693298, -0.15338134765625, 0.32337701320648193, -0.9337566494941711, 0.7146759033203125, -0.6162752509117126, -0.3308219611644745], "cam_t_m2c": [-42.511905670166016, -19.953523635864258, 291.63116455078125], "obj_id": 1}, {"cam_R_m2c": [-0.6824313402175903, -0.7180752754211426, -0.13658460974693298, -0.15338134765625, 0.32337701320648193, -0.9337566494941711, 0.7146759033203125, -0.6162752509117126, -0.3308219611644745], "cam_t_m2c": [-42.511905670166016, -19.953523635864258, 291.63116455078125], "obj_id": 2}, {"cam_R_m2c": [-0.6824313402175903, -0.7180752754211426, -0.13658460974693298, -0.15338134765625, 0.32337701320648193, -0.9337566494941711, 0.7146759033203125, -0.6162752509117126, -0.3308219611644745], "cam_t_m2c": [-42.511905670166016, -19.953523635864258, 291.63116455078125], "obj_id": 2}, {"cam_R_m2c": [-0.6824313402175903, -0.7180752754211426, -0.13658460974693298, -0.15338134765625, 0.32337701320648193, -0.9337566494941711, 0.7146759033203125, -0.6162752509117126, -0.3308219611644745], "cam_t_m2c": [-42.511905670166016, -19.953523635864258, 291.63116455078125], "obj_id": 3}, {"cam_R_m2c": [-0.6824313402175903, -0.7180752754211426, -0.13658460974693298, -0.15338134765625, 0.32337701320648193, -0.9337566494941711, 0.7146759033203125, -0.6162752509117126, -0.3308219611644745], "cam_t_m2c": [-42.511905670166016, -19.953523635864258, 291.63116455078125], "obj_id": 2}, {"cam_R_m2c": [-0.6824313402175903, -0.7180752754211426, -0.13658460974693298, -0.15338134765625, 0.32337701320648193, -0.9337566494941711, 0.7146759033203125, -0.6162752509117126, -0.3308219611644745], "cam_t_m2c": [-42.511905670166016, -19.953523635864258, 291.63116455078125], "obj_id": 3}, {"cam_R_m2c": [-0.6824313402175903, -0.7180752754211426, -0.13658460974693298, -0.15338134765625, 0.32337701320648193, -0.9337566494941711, 0.7146759033203125, -0.6162752509117126, -0.3308219611644745], "cam_t_m2c": [-42.511905670166016, -19.953523635864258, 291.63116455078125], "obj_id": 1}, {"cam_R_m2c": [-0.6824313402175903, -0.7180752754211426, -0.13658460974693298, -0.15338134765625, 0.32337701320648193, -0.9337566494941711, 0.7146759033203125, -0.6162752509117126, -0.3308219611644745], "cam_t_m2c": [-42.511905670166016, -19.953523635864258, 291.63116455078125], "obj_id": 0}, {"cam_R_m2c": [-0.6824313402175903, -0.7180752754211426, -0.13658460974693298, -0.15338134765625, 0.32337701320648193, -0.9337566494941711, 0.7146759033203125, -0.6162752509117126, -0.3308219611644745], "cam_t_m2c": [-42.511905670166016, -19.953523635864258, 291.63116455078125], "obj_id": 0}, {"cam_R_m2c": [-0.6824313402175903, -0.7180752754211426, -0.13658460974693298, -0.15338134765625, 0.32337701320648193, -0.9337566494941711, 0.7146759033203125, -0.6162752509117126, -0.3308219611644745], "cam_t_m2c": [-42.511905670166016, -19.953523635864258, 291.63116455078125], "obj_id": 2}, {"cam_R_m2c": [-0.6824313402175903, -0.7180752754211426, -0.13658460974693298, -0.15338134765625, 0.32337701320648193, -0.9337566494941711, 0.7146759033203125, -0.6162752509117126, -0.3308219611644745], "cam_t_m2c": [-42.511905670166016, -19.953523635864258, 291.63116455078125], "obj_id": 2}, {"cam_R_m2c": [-0.6824313402175903, -0.7180752754211426, -0.13658460974693298, -0.15338134765625, 0.32337701320648193, -0.9337566494941711, 0.7146759033203125, -0.6162752509117126, -0.3308219611644745], "cam_t_m2c": [-42.511905670166016, -19.953523635864258, 291.63116455078125], "obj_id": 0}, {"cam_R_m2c": [-0.6824313402175903, -0.7180752754211426, -0.13658460974693298, -0.15338134765625, 0.32337701320648193, -0.9337566494941711, 0.7146759033203125, -0.6162752509117126, -0.3308219611644745], "cam_t_m2c": [-42.511905670166016, -19.953523635864258, 291.63116455078125], "obj_id": 3}, {"cam_R_m2c": [-0.6824313402175903, -0.7180752754211426, -0.13658460974693298, -0.15338134765625, 0.32337701320648193, -0.9337566494941711, 0.7146759033203125, -0.6162752509117126, -0.3308219611644745], "cam_t_m2c": [-42.511905670166016, -19.953523635864258, 291.63116455078125], "obj_id": 3}, {"cam_R_m2c": [-0.6824313402175903, -0.7180752754211426, -0.13658460974693298, -0.15338134765625, 0.32337701320648193, -0.9337566494941711, 0.7146759033203125, -0.6162752509117126, -0.3308219611644745], "cam_t_m2c": [-42.511905670166016, -19.953523635864258, 291.63116455078125], "obj_id": 1}, {"cam_R_m2c": [-0.6824313402175903, -0.7180752754211426, -0.13658460974693298, -0.15338134765625, 0.32337701320648193, -0.9337566494941711, 0.7146759033203125, -0.6162752509117126, -0.3308219611644745], "cam_t_m2c": [-42.511905670166016, -19.953523635864258, 291.63116455078125], "obj_id": 1}, {"cam_R_m2c": [-0.6824313402175903, -0.7180752754211426, -0.13658460974693298, -0.15338134765625, 0.32337701320648193, -0.9337566494941711, 0.7146759033203125, -0.6162752509117126, -0.3308219611644745], "cam_t_m2c": [-42.511905670166016, -19.953523635864258, 291.63116455078125], "obj_id": 2}, {"cam_R_m2c": [0.7921081185340881, 0.6083412170410156, 0.04985685274004936, -0.489339143037796, 0.6817308068275452, -0.5438660979270935, -0.3648451268672943, 0.4064038395881653, 0.8376896381378174], "cam_t_m2c": [-28.73774528503418, -15.22882080078125, 185.07203674316406], "obj_id": 3}, {"cam_R_m2c": [-0.8036491274833679, 0.43934938311576843, 0.4013976752758026, 0.5881239175796509, 0.4833558201789856, 0.648442268371582, 0.09087484329938889, 0.7571916580200195, -0.6468403339385986], "cam_t_m2c": [72.25817108154297, -73.02384185791016, 313.3724365234375], "obj_id": 3}, {"cam_R_m2c": [-0.3267238736152649, -0.7756136059761047, 0.5400695204734802, 0.7527410387992859, 0.13199648261070251, 0.6449479460716248, -0.5715177059173584, 0.6172523498535156, 0.5407097935676575], "cam_t_m2c": [-97.15287017822266, -76.8829574584961, 373.0200500488281], "obj_id": 3}, {"cam_R_m2c": [-0.49911385774612427, 0.12844130396842957, -0.8569645285606384, 0.8337555527687073, 0.34062129259109497, -0.4345443546772003, 0.23608693480491638, -0.9313860535621643, -0.2770974636077881], "cam_t_m2c": [1016.7055053710938, 7371.27392578125, 2760.125732421875], "obj_id": 0}, {"cam_R_m2c": [-0.9164846539497375, 0.3699113130569458, 0.1523859053850174, 0.3986278474330902, 0.8766533136367798, 0.2693970501422882, -0.03393660485744476, 0.3076435327529907, -0.9508962631225586], "cam_t_m2c": [787.0298461914062, 7610.25146484375, 2906.85791015625], "obj_id": 2}, {"cam_R_m2c": [0.2129383683204651, 0.2887249290943146, -0.9334319233894348, -0.6375067234039307, -0.6829156875610352, -0.35666707158088684, -0.7404339909553528, 0.6710172295570374, 0.03864513710141182], "cam_t_m2c": [-109.62946319580078, 0.8713286519050598, 149.74021911621094], "obj_id": 1}, {"cam_R_m2c": [-0.9019961357116699, -0.34157752990722656, -0.2640594244003296, -0.28935477137565613, 0.9321956038475037, -0.2174515277147293, 0.32043159008026123, -0.11973361670970917, -0.9396739602088928], "cam_t_m2c": [1131.9923095703125, 7384.8798828125, 3015.725341796875], "obj_id": 0}, {"cam_R_m2c": [-0.6473593711853027, 0.7525367140769958, -0.12088987231254578, -0.5150508284568787, -0.31500402092933655, 0.7971794605255127, 0.5618259906768799, 0.5783260464668274, 0.5915154814720154], "cam_t_m2c": [-72.52896881103516, 54.516448974609375, 126.23977661132812], "obj_id": 1}]
}