{
  "0": [{"cam_R_m2c": [0.39241254329681396, -0.15564467012882233, -0.9065247774124146, -0.2727016806602478, 0.9215779304504395, -0.2762751281261444, 0.8784339427947998, 0.35562464594841003, 0.31919416785240173], "cam_t_m2c": [-39.874794006347656, -206.6141815185547, 817.9168701171875], "obj_id": 3}, {"cam_R_m2c": [-0.9771674275398254, -0.036589041352272034, 0.20929662883281708, -0.1256909966468811, -0.6946635842323303, -0.7082685232162476, 0.1713056117296219, -0.7184036374092102, 0.6742036938667297], "cam_t_m2c": [-55.3765754699707, -203.77963256835938, 519.185791015625], "obj_id": 3}, {"cam_R_m2c": [0.07600774616003036, 0.9355262517929077, 0.34498316049575806, 0.3099251091480255, -0.3510124385356903, 0.883592963218689, 0.9477178454399109, 0.039759084582328796, -0.31662267446517944], "cam_t_m2c": [147.60855102539062, -159.66265869140625, 547.6187133789062], "obj_id": 3}, {"cam_R_m2c": [-0.8560190796852112, 0.1689375787973404, -0.4885603189468384, 0.23825092613697052, -0.7098020315170288, -0.6628856062889099, -0.45876747369766235, -0.6838427782058716, 0.5673547983169556], "cam_t_m2c": [-110.05372619628906, -208.9045867919922, 541.8551635742188], "obj_id": 3}, {"cam_R_m2c": [0.7365795373916626, -0.4032934606075287, -0.542959451675415, -0.1618834137916565, -0.8845672607421875, 0.4374179244041443, -0.6566919684410095, -0.234296977519989, -0.7168406248092651], "cam_t_m2c": [-218.7162628173828, -166.75677490234375, 629.1051635742188], "obj_id": 3}, {"cam_R_m2c": [0.9791100025177002, -0.09105300903320312, -0.18180464208126068, -0.06948250532150269, -0.9901332259178162, 0.1216888576745987, -0.19109097123146057, -0.10651453584432602, -0.975775957107544], "cam_t_m2c": [-54.88460922241211, -36.344627380371094, 805.7705078125], "obj_id": 3}, {"cam_R_m2c": [0.28885218501091003, -0.555390477180481, 0.779811441898346, 0.7144114375114441, -0.4171903431415558, -0.5617548227310181, 0.6373230814933777, 0.7193703055381775, 0.27627095580101013], "cam_t_m2c": [48.6138916015625, -56.30878448486328, 862.9209594726562], "obj_id": 3}, {"cam_R_m2c": [-0.15663495659828186, 0.932272732257843, 0.3260871171951294, 0.9451991319656372, 0.045732904225587845, 0.32327520847320557, 0.2864678204059601, 0.3588535487651825, -0.8883467316627502], "cam_t_m2c": [-27.738494873046875, -187.86732482910156, 854.3582763671875], "obj_id": 3}, {"cam_R_m2c": [-0.7331761717796326, -0.6780514121055603, 0.05195065960288048, 0.5121011734008789, -0.500238299369812, 0.6982219815254211, -0.4474427103996277, 0.53852379322052, 0.7139937877655029], "cam_t_m2c": [-83.5484848022461, -263.4804992675781, 483.02392578125], "obj_id": 3}, {"cam_R_m2c": [-0.8099411129951477, 0.517655074596405, 0.2757329046726227, 0.03974893316626549, 0.5174899697303772, -0.8547655344009399, -0.5851626992225647, -0.6813496947288513, -0.43971261382102966], "cam_t_m2c": [-22.636051177978516, -156.5944061279297, 559.7205200195312], "obj_id": 3}, {"cam_R_m2c": [0.38166412711143494, 0.09324248880147934, -0.9195860028266907, 0.3954866826534271, -0.9157006144523621, 0.07129392772912979, -0.8354177474975586, -0.3908943235874176, -0.3863662779331207], "cam_t_m2c": [170.0121307373047, 25.36557960510254, 666.7040405273438], "obj_id": 3}, {"cam_R_m2c": [0.6461294889450073, -0.24579891562461853, 0.7225645184516907, 0.3848111629486084, -0.7126673460006714, -0.5865367650985718, 0.6591183543205261, 0.6570296287536621, -0.36588919162750244], "cam_t_m2c": [-0.5627506375312805, -45.435245513916016, 780.3974609375], "obj_id": 3}, {"cam_R_m2c": [-0.7468088865280151, 0.3711012899875641, 0.551869809627533, -0.02125045843422413, -0.8427234888076782, 0.5379270911216736, 0.6646990776062012, 0.39000123739242554, 0.6372394561767578], "cam_t_m2c": [34.02127456665039, -114.49839782714844, 951.0007934570312], "obj_id": 3}, {"cam_R_m2c": [0.009403994306921959, 0.7853866219520569, 0.6189342141151428, 0.9883947372436523, 0.08654803782701492, -0.12484148144721985, -0.1516163945198059, 0.6129252910614014, -0.7754581570625305], "cam_t_m2c": [1.6731351613998413, -182.5399932861328, 972.539306640625], "obj_id": 3}, {"cam_R_m2c": [0.29035934805870056, 0.9044715762138367, 0.31244590878486633, -0.8078593015670776, 0.056691110134124756, 0.5866423845291138, 0.5128885507583618, -0.42274942994117737, 0.747146725654602], "cam_t_m2c": [98.11112976074219, 3.118257999420166, 725.0255126953125], "obj_id": 3}, {"cam_R_m2c": [-0.9917719960212708, 0.1213996559381485, -0.04062473028898239, 0.01628510281443596, -0.19511836767196655, -0.9806444644927979, -0.12697653472423553, -0.9732373356819153, 0.19153597950935364], "cam_t_m2c": [-50.80727767944336, 53.708351135253906, 693.8594360351562], "obj_id": 3}, {"cam_R_m2c": [-0.8814195394515991, 0.44180986285209656, 0.16704298555850983, -0.21638035774230957, -0.6920539140701294, 0.6886513233184814, 0.4198557436466217, 0.5708460211753845, 0.7055890560150146], "cam_t_m2c": [87.54045104980469, -287.1433410644531, 567.9024658203125], "obj_id": 3}, {"cam_R_m2c": [-0.2580713927745819, 0.38984817266464233, 0.8839782476425171, 0.22420617938041687, 0.9141597747802734, -0.33770322799682617, -0.9397503137588501, 0.1110418289899826, -0.32332485914230347], "cam_t_m2c": [80.40628814697266, -134.56253051757812, 852.2066040039062], "obj_id": 3}, {"cam_R_m2c": [0.14072909951210022, 0.7553697824478149, 0.6400091648101807, -0.9527458548545837, 0.27909958362579346, -0.1199113056063652, -0.26920366287231445, -0.5928910970687866, 0.7589529156684875], "cam_t_m2c": [63.648372650146484, -239.2259521484375, 451.76898193359375], "obj_id": 3}, {"cam_R_m2c": [0.17735135555267334, 0.6213224530220032, -0.7632200121879578, 0.6940785646438599, -0.6287663578987122, -0.35058173537254333, -0.6977114677429199, -0.4675585627555847, -0.5427590608596802], "cam_t_m2c": [173.42930603027344, -360.63177490234375, 679.2337646484375], "obj_id": 3}, {"cam_R_m2c": [0.16059079766273499, 0.9189463257789612, 0.36020582914352417, 0.9456382393836975, -0.038681283593177795, -0.32291194796562195, -0.28280550241470337, 0.39248108863830566, -0.8752025961875916], "cam_t_m2c": [-200.18994140625, -287.8359375, 551.9674072265625], "obj_id": 3}, {"cam_R_m2c": [0.5569682717323303, 0.7899296283721924, -0.2565101683139801, -0.003542644903063774, -0.3065873086452484, -0.9518358707427979, -0.8305262327194214, 0.5310510396957397, -0.16796091198921204], "cam_t_m2c": [194.345947265625, -206.84388732910156, 687.4011840820312], "obj_id": 3}, {"cam_R_m2c": [-0.7736847996711731, 0.05501575767993927, -0.6311774849891663, -0.2107730507850647, -0.9618293642997742, 0.17452482879161835, -0.5974834561347961, 0.26806241273880005, 0.7557486891746521], "cam_t_m2c": [72.50654602050781, -51.42392349243164, 892.0044555664062], "obj_id": 3}, {"cam_R_m2c": [0.22414423525333405, 0.17719319462776184, 0.9583119750022888, -0.3689837157726288, 0.9255562424659729, -0.08483324944972992, -0.9020034670829773, -0.33458665013313293, 0.2728395164012909], "cam_t_m2c": [-17.711441040039062, -38.94839096069336, 875.2509155273438], "obj_id": 3}, {"cam_R_m2c": [0.7770561575889587, 0.31197646260261536, 0.5466758012771606, -0.1392754763364792, 0.9322166442871094, -0.33402761816978455, -0.6138290166854858, 0.18341968953609467, 0.7678353786468506], "cam_t_m2c": [59.83173370361328, -113.33071899414062, 880.9425048828125], "obj_id": 3}, {"cam_R_m2c": [0.5774685144424438, 0.8164095282554626, 0.002371982205659151, -0.29941636323928833, 0.21448643505573273, -0.9297018051147461, -0.7595261335372925, 0.536163330078125, 0.3683055341243744], "cam_t_m2c": [-112.44725036621094, -356.7760009765625, 663.41748046875], "obj_id": 3}, {"cam_R_m2c": [-0.40885356068611145, 0.4542379677295685, -0.7915214896202087, 0.007841039448976517, -0.8655452132225037, -0.5007689595222473, -0.9125661253929138, -0.21094760298728943, 0.35031986236572266], "cam_t_m2c": [147.71107482910156, -208.87913513183594, 749.1881103515625], "obj_id": 3}, {"cam_R_m2c": [0.4464946389198303, 0.7817181944847107, -0.4353839159011841, 0.42063313722610474, -0.612833559513092, -0.6689562797546387, -0.789753258228302, 0.11554841697216034, -0.6024434566497803], "cam_t_m2c": [197.11734008789062, -240.799560546875, 504.6873779296875], "obj_id": 3}, {"cam_R_m2c": [-0.8384265899658203, 0.5445241332054138, -0.023112377151846886, -0.544999361038208, -0.8373338580131531, 0.042983755469322205, 0.0040529160760343075, 0.048634957522153854, 0.9988083839416504], "cam_t_m2c": [216.1397247314453, 52.0458984375, 692.8540649414062], "obj_id": 1}, {"cam_R_m2c": [0.8906023502349854, 0.43921032547950745, 0.11799059063196182, 0.26421689987182617, -0.7108663320541382, 0.6518116593360901, 0.37015795707702637, -0.5493298768997192, -0.7491459846496582], "cam_t_m2c": [-143.8486328125, -196.58712768554688, 652.4984741210938], "obj_id": 1}, {"cam_R_m2c": [0.15744870901107788, -0.9829081892967224, -0.09540091454982758, 0.9832389950752258, 0.16502483189105988, -0.077510304749012, 0.09192903339862823, -0.08159800618886948, 0.9924166798591614], "cam_t_m2c": [26.648527145385742, -206.1285400390625, 863.444580078125], "obj_id": 1}, {"cam_R_m2c": [0.06781774014234543, 0.38792845606803894, 0.9191910624504089, -0.8420859575271606, 0.5163536071777344, -0.15578904747962952, -0.5350626111030579, -0.7634726166725159, 0.3616870641708374], "cam_t_m2c": [-166.75228881835938, -305.9925842285156, 613.8626098632812], "obj_id": 1}, {"cam_R_m2c": [0.49171143770217896, 0.40717893838882446, -0.7696916460990906, -0.6424466371536255, 0.766313910484314, -0.005029931198805571, 0.587777316570282, 0.4969590902328491, 0.6383960247039795], "cam_t_m2c": [223.51864624023438, 29.828771591186523, 746.1566772460938], "obj_id": 1}, {"cam_R_m2c": [0.7595395445823669, -0.5566614270210266, 0.33649328351020813, -0.6153878569602966, -0.44738495349884033, 0.6489565968513489, -0.21070708334445953, -0.6999820470809937, -0.6823692321777344], "cam_t_m2c": [295.5290832519531, -229.87057495117188, 691.0670776367188], "obj_id": 1}, {"cam_R_m2c": [-0.8958096504211426, 0.40229788422584534, 0.18889538943767548, -0.12909840047359467, -0.6422336101531982, 0.7555590867996216, 0.4252747893333435, 0.6524510383605957, 0.6272551417350769], "cam_t_m2c": [224.36090087890625, -28.199871063232422, 840.16650390625], "obj_id": 1}, {"cam_R_m2c": [-0.9921584129333496, -0.10533886402845383, 0.06726984679698944, 0.031174644827842712, 0.3126397728919983, 0.9493600130081177, -0.12103573232889175, 0.9440127015113831, -0.3069041967391968], "cam_t_m2c": [-30.938596725463867, -143.94888305664062, 549.0965576171875], "obj_id": 1}, {"cam_R_m2c": [-0.5543317794799805, -0.5335220098495483, 0.6388039588928223, -0.0971265435218811, 0.8037435412406921, 0.5869947075843811, -0.8266091346740723, 0.26334500312805176, -0.4973597228527069], "cam_t_m2c": [84.3532485961914, -201.71755981445312, 554.5795288085938], "obj_id": 1}, {"cam_R_m2c": [0.45747390389442444, -0.049064960330724716, 0.887868344783783, 0.3801944851875305, 0.9134032130241394, -0.14541904628276825, -0.8038468360900879, 0.4040880799293518, 0.43651238083839417], "cam_t_m2c": [236.12518310546875, 20.692380905151367, 700.2568969726562], "obj_id": 1}, {"cam_R_m2c": [-0.46695154905319214, 0.07111778110265732, -0.8814181685447693, 0.8592655658721924, -0.1989235132932663, -0.47126612067222595, -0.20885038375854492, -0.9774309992790222, 0.03177885711193085], "cam_t_m2c": [-65.0626449584961, -248.8753662109375, 802.0239868164062], "obj_id": 1}, {"cam_R_m2c": [0.8526792526245117, -0.4338429272174835, 0.29106417298316956, 0.22551943361759186, -0.19688932597637177, -0.9541360139846802, 0.4712526202201843, 0.8792126178741455, -0.07004343718290329], "cam_t_m2c": [-72.15929412841797, -15.494579315185547, 680.5224609375], "obj_id": 1}, {"cam_R_m2c": [0.4955637753009796, 0.8478710651397705, -0.18849699199199677, -0.31992003321647644, 0.379942387342453, 0.8679256439208984, 0.8075070977210999, -0.36980852484703064, 0.4595366418361664], "cam_t_m2c": [303.7565002441406, -26.415481567382812, 813.7876586914062], "obj_id": 1}, {"cam_R_m2c": [0.11047530174255371, 0.9094647765159607, 0.400835245847702, 0.5413484573364258, -0.39329078793525696, 0.743144690990448, 0.8335087895393372, 0.13489247858524323, -0.5357862114906311], "cam_t_m2c": [125.04315185546875, -254.0076141357422, 471.0831298828125], "obj_id": 1}, {"cam_R_m2c": [0.6560338139533997, 0.3229621350765228, -0.682140052318573, 0.4495135545730591, -0.8932239413261414, 0.009409469552338123, -0.6062649488449097, -0.31280413269996643, -0.7311609983444214], "cam_t_m2c": [-74.52716827392578, -15.887383460998535, 826.3424682617188], "obj_id": 1}, {"cam_R_m2c": [0.11728565394878387, 0.9929658770561218, 0.016208410263061523, 0.9554901719093323, -0.1172778308391571, 0.2707105576992035, 0.27070724964141846, -0.016263462603092194, -0.9625241160392761], "cam_t_m2c": [-113.3707504272461, -87.9179916381836, 713.0578002929688], "obj_id": 1}, {"cam_R_m2c": [0.9491881132125854, 0.00023293208505492657, 0.31470924615859985, 0.3131980001926422, -0.09858495742082596, -0.9445569515228271, 0.030805617570877075, 0.9951285123825073, -0.09364861249923706], "cam_t_m2c": [65.14997863769531, -156.70947265625, 856.9016723632812], "obj_id": 1}, {"cam_R_m2c": [-0.8855879306793213, 0.3860374391078949, 0.25828054547309875, -0.021552525460720062, -0.5896289944648743, 0.8073864579200745, 0.46397116780281067, 0.7094452381134033, 0.5304886102676392], "cam_t_m2c": [30.174453735351562, 10.943512916564941, 781.1311645507812], "obj_id": 1}, {"cam_R_m2c": [0.5102778673171997, -0.7295904755592346, 0.4553176164627075, -0.2724941372871399, 0.3649917244911194, 0.8902403712272644, -0.8156980872154236, -0.5783412456512451, -0.012561921961605549], "cam_t_m2c": [-69.29949951171875, -89.8556137084961, 777.2880859375], "obj_id": 1}, {"cam_R_m2c": [-0.7204781174659729, -0.24592500925064087, 0.6484073996543884, -0.3331793248653412, -0.6972702145576477, -0.634669840335846, 0.6081963181495667, -0.6733016967773438, 0.4204308092594147], "cam_t_m2c": [-52.859100341796875, -248.23057556152344, 459.44464111328125], "obj_id": 1}, {"cam_R_m2c": [0.02908734418451786, -0.8063319325447083, -0.5907474160194397, -0.7985253930091858, -0.37423667311668396, 0.47149109840393066, -0.6012578010559082, 0.4580124616622925, -0.6547620296478271], "cam_t_m2c": [172.46527099609375, -178.7618408203125, 586.878173828125], "obj_id": 1}, {"cam_R_m2c": [-0.1815311163663864, -0.9594748616218567, -0.21553228795528412, 0.9811630845069885, -0.16199180483818054, -0.10524905472993851, 0.0660693421959877, -0.23057834804058075, 0.9708081483840942], "cam_t_m2c": [66.25782012939453, -215.85092163085938, 732.4666137695312], "obj_id": 1}, {"cam_R_m2c": [0.4031781852245331, -0.4188242256641388, 0.8136544227600098, 0.7399160861968994, 0.6723857522010803, -0.020532744005322456, -0.5384900569915771, 0.6103143692016602, 0.5809860825538635], "cam_t_m2c": [55.88743591308594, -123.22993469238281, 484.1065979003906], "obj_id": 1}, {"cam_R_m2c": [0.3497912287712097, 0.6790081858634949, -0.6454408764839172, -0.29000064730644226, -0.5766423940658569, -0.7637951374053955, -0.8908118009567261, 0.45434707403182983, -0.004791561979800463], "cam_t_m2c": [-79.1906967163086, -236.54629516601562, 564.2356567382812], "obj_id": 1}, {"cam_R_m2c": [-0.6064413189888, -0.7561503648757935, -0.24589702486991882, 0.41123470664024353, -0.5629532933235168, 0.716916561126709, -0.6805253624916077, 0.3336465060710907, 0.6523535847663879], "cam_t_m2c": [47.321197509765625, -74.8050308227539, 458.8111267089844], "obj_id": 1}, {"cam_R_m2c": [0.8713619112968445, 0.2956617474555969, -0.39155155420303345, -0.4364773631095886, 0.10263200849294662, -0.8938423991203308, -0.22408926486968994, 0.9497635960578918, 0.21847926080226898], "cam_t_m2c": [85.17239379882812, -115.35675811767578, 501.4434509277344], "obj_id": 1}, {"cam_R_m2c": [0.5482454895973206, -0.5438560843467712, -0.635332465171814, -0.4779432415962219, -0.8271493315696716, 0.29562482237815857, -0.686292290687561, 0.14157789945602417, -0.7134132385253906], "cam_t_m2c": [3.313835620880127, -67.44708251953125, 804.6250610351562], "obj_id": 1}, {"cam_R_m2c": [-0.8138436079025269, -0.47235751152038574, -0.33843347430229187, 0.06847565621137619, 0.5003995895385742, -0.8630824685096741, 0.5770354866981506, -0.7255885004997253, -0.37490206956863403], "cam_t_m2c": [189.36732482910156, -215.39219665527344, 775.876708984375], "obj_id": 1}, {"cam_R_m2c": [0.7700408697128296, 0.32686805725097656, 0.5478999614715576, -0.6343406438827515, 0.4840405285358429, 0.6027575731277466, -0.06818358600139618, -0.8117031455039978, 0.5800766944885254], "cam_t_m2c": [104.12967681884766, -309.047119140625, 784.0687866210938], "obj_id": 1}, {"cam_R_m2c": [0.2150413990020752, -0.6313762068748474, 0.7450644969940186, -0.27827244997024536, 0.6916735768318176, 0.6664473414421082, -0.9361204504966736, -0.35064467787742615, -0.026956133544445038], "cam_t_m2c": [115.68824768066406, -156.10447692871094, 608.24267578125], "obj_id": 1}, {"cam_R_m2c": [0.6899514198303223, 0.4808291494846344, 0.5410826206207275, 0.28278636932373047, -0.8671440482139587, 0.4099915027618408, 0.6663324236869812, -0.1298634260892868, -0.7342591881752014], "cam_t_m2c": [43.14661407470703, -308.24346923828125, 598.6173706054688], "obj_id": 1}, {"cam_R_m2c": [-0.7728254795074463, 0.5743311047554016, -0.26997110247612, 0.554390013217926, 0.40395236015319824, -0.7276497483253479, -0.30885642766952515, -0.7120156288146973, -0.6305880546569824], "cam_t_m2c": [-115.4610824584961, -69.20108795166016, 753.6555786132812], "obj_id": 1}, {"cam_R_m2c": [-0.9589589238166809, 0.07087374478578568, 0.27454444766044617, 0.24855901300907135, 0.6760445237159729, 0.6936730146408081, -0.13644106686115265, 0.7334443926811218, -0.6659151911735535], "cam_t_m2c": [-78.68546295166016, 13.597600936889648, 652.5764770507812], "obj_id": 1}, {"cam_R_m2c": [0.16206735372543335, 0.7642831206321716, 0.6241838932037354, 0.9128676056861877, 0.1240735575556755, -0.3889453709125519, -0.3747091293334961, 0.6328325867652893, -0.6775810718536377], "cam_t_m2c": [52.211639404296875, -155.41648864746094, 841.4569702148438], "obj_id": 1}, {"cam_R_m2c": [0.7558848857879639, -0.6150311827659607, -0.22444303333759308, -0.4325088858604431, -0.2117311805486679, -0.8764164447784424, 0.4915018677711487, 0.7595435380935669, -0.4260508418083191], "cam_t_m2c": [-32.94875717163086, -316.7910461425781, 670.7445678710938], "obj_id": 1}, {"cam_R_m2c": [0.2861298620700836, -0.736785352230072, 0.6125986576080322, 0.8875902891159058, -0.037056926637887955, -0.4591408669948578, 0.3609892725944519, 0.6751105189323425, 0.6433603763580322], "cam_t_m2c": [157.31906127929688, -207.49102783203125, 501.9140930175781], "obj_id": 1}, {"cam_R_m2c": [0.89839106798172, 0.4233919680118561, 0.116759292781353, -0.2009291797876358, 0.6326125264167786, -0.7479497790336609, -0.3905393183231354, 0.6484910249710083, 0.6534052491188049], "cam_t_m2c": [17.675491333007812, -27.27936553955078, 812.64111328125], "obj_id": 1}, {"cam_R_m2c": [-0.6322231888771057, -0.34940797090530396, 0.6915257573127747, -0.3993532061576843, 0.9117991924285889, 0.09559950977563858, -0.6639358401298523, -0.21572279930114746, -0.7159978151321411], "cam_t_m2c": [115.9162826538086, -60.35590362548828, 489.3127136230469], "obj_id": 1}, {"cam_R_m2c": [0.8355847001075745, 0.48879411816596985, -0.25075584650039673, -0.04435005784034729, -0.3949398398399353, -0.9176357984542847, -0.5475685000419617, 0.7778834700584412, -0.3083276152610779], "cam_t_m2c": [-101.07917022705078, -227.2309112548828, 475.62567138671875], "obj_id": 1}, {"cam_R_m2c": [0.23324687778949738, 0.5479723811149597, -0.8033193945884705, -0.44264501333236694, -0.6757242679595947, -0.5894589424133301, -0.8658297657966614, 0.49307480454444885, 0.08494675904512405], "cam_t_m2c": [148.90895080566406, -243.0740203857422, 532.01611328125], "obj_id": 1}, {"cam_R_m2c": [0.3933843672275543, 0.7096177339553833, -0.5845437049865723, -0.5351273417472839, 0.6937364935874939, 0.4820460081100464, 0.7475876808166504, 0.12317600846290588, 0.6526409983634949], "cam_t_m2c": [121.34243774414062, -128.57443237304688, 796.313720703125], "obj_id": 1}, {"cam_R_m2c": [0.5135549306869507, -0.5673796534538269, -0.643693745136261, 0.28537970781326294, -0.5945290923118591, 0.7517269253730774, -0.8092092871665955, -0.569750189781189, -0.14340466260910034], "cam_t_m2c": [41.1124267578125, -176.26535034179688, 657.860107421875], "obj_id": 1}, {"cam_R_m2c": [0.7071992754936218, 0.4300159215927124, -0.5612089037895203, 0.6927980780601501, -0.5798574090003967, 0.428714394569397, -0.14106717705726624, -0.6919909715652466, -0.707988977432251], "cam_t_m2c": [-92.7095947265625, -207.35330200195312, 613.6038208007812], "obj_id": 1}, {"cam_R_m2c": [0.11322776228189468, -0.9822368621826172, 0.14963383972644806, 0.3472101092338562, 0.1802241951227188, 0.9203066825866699, -0.9309267401695251, -0.05224988982081413, 0.3614489436149597], "cam_t_m2c": [91.77883911132812, -81.48580169677734, 800.8226928710938], "obj_id": 1}, {"cam_R_m2c": [0.31488385796546936, -0.49182337522506714, 0.8117621541023254, -0.8861455917358398, -0.45870861411094666, 0.06581878662109375, 0.33999118208885193, -0.740064799785614, -0.5802670121192932], "cam_t_m2c": [217.95323181152344, -61.82052230834961, 768.3909301757812], "obj_id": 1}, {"cam_R_m2c": [-0.5646215677261353, 0.8170725703239441, 0.116597019135952, -0.33724844455718994, -0.099459707736969, -0.9361469745635986, -0.7533033490180969, -0.567891001701355, 0.33171358704566956], "cam_t_m2c": [-44.6516227722168, -233.12713623046875, 559.5650024414062], "obj_id": 1}, {"cam_R_m2c": [0.52393639087677, -0.23054049909114838, 0.8199644684791565, 0.08235155791044235, -0.9444527626037598, -0.31816208362579346, 0.8477669954299927, 0.23422203958034515, -0.4758477807044983], "cam_t_m2c": [101.34510040283203, -98.00713348388672, 515.6311645507812], "obj_id": 1}, {"cam_R_m2c": [-0.1461464911699295, 0.9241241216659546, 0.3530380129814148, -0.3431546688079834, 0.2873545289039612, -0.8942439556121826, -0.927839457988739, -0.25183725357055664, 0.27512162923812866], "cam_t_m2c": [131.3407440185547, -102.63343811035156, 814.5593872070312], "obj_id": 1}, {"cam_R_m2c": [0.81001877784729, -0.5667462944984436, -0.15055975317955017, 0.5751816034317017, 0.7178929448127747, 0.39216816425323486, -0.11417406797409058, -0.4042627811431885, 0.9074887633323669], "cam_t_m2c": [-48.94526290893555, -337.8268737792969, 760.3256225585938], "obj_id": 1}, {"cam_R_m2c": [-0.541623055934906, -0.0876225158572197, 0.8360422253608704, -0.2938143014907837, -0.9120922684669495, -0.28593823313713074, 0.7876023650169373, -0.4005119502544403, 0.4682655930519104], "cam_t_m2c": [-74.49785614013672, -238.65463256835938, 499.1325988769531], "obj_id": 1}, {"cam_R_m2c": [-0.8519328236579895, -0.16163016855716705, 0.4980822503566742, 0.31854447722435, -0.9149026274681091, 0.247956320643425, 0.4156196117401123, 0.3699035048484802, 0.8309221863746643], "cam_t_m2c": [-105.90370178222656, -184.84262084960938, 500.3143005371094], "obj_id": 1}, {"cam_R_m2c": [-0.21308179199695587, -0.3725745379924774, 0.9032078385353088, -0.817054271697998, 0.5748509764671326, 0.044370137155056, -0.5357410907745361, -0.7285153269767761, -0.4269039034843445], "cam_t_m2c": [-121.59669494628906, -356.04827880859375, 638.1912841796875], "obj_id": 1}, {"cam_R_m2c": [-0.39604541659355164, -0.15624873340129852, -0.9048394560813904, -0.918188214302063, 0.057881854474544525, 0.3918929994106293, -0.008858987130224705, 0.9860203266143799, -0.166389599442482], "cam_t_m2c": [-94.69920349121094, -205.63014221191406, 621.0184326171875], "obj_id": 1}, {"cam_R_m2c": [0.5595062971115112, -0.7546260356903076, 0.3427712917327881, 0.503821849822998, 0.6380437612533569, 0.5822917819023132, -0.6581156253814697, -0.15310020744800568, 0.7371866106987], "cam_t_m2c": [-61.897769927978516, -100.08470916748047, 666.8920288085938], "obj_id": 1}, {"cam_R_m2c": [0.48493286967277527, -0.5846341848373413, -0.6504175662994385, -0.1355634331703186, -0.784976601600647, 0.6045116186141968, -0.8639807105064392, -0.2049746960401535, -0.45991596579551697], "cam_t_m2c": [-24.40605926513672, -50.6340217590332, 887.5721435546875], "obj_id": 3}, {"cam_R_m2c": [-0.6063923239707947, 0.6887509226799011, -0.3973793685436249, 0.7736028432846069, 0.6265879273414612, -0.09447868913412094, 0.18392080068588257, -0.364704966545105, -0.9127777218818665], "cam_t_m2c": [88.5097427368164, 45.46845626831055, 646.26318359375], "obj_id": 1}, {"cam_R_m2c": [-0.03417152911424637, -0.934400737285614, -0.35458096861839294, -0.03844655305147171, 0.3557545244693756, -0.9337883591651917, 0.9986762404441833, -0.0182765144854784, -0.04808119311928749], "cam_t_m2c": [8.036359786987305, -386.08306884765625, 721.1610717773438], "obj_id": 1}, {"cam_R_m2c": [-0.4150695502758026, 0.598791241645813, 0.6849571466445923, 0.8482938408851624, 0.5268157124519348, 0.05350454896688461, -0.32880815863609314, 0.6032530665397644, -0.7266160845756531], "cam_t_m2c": [235.66737365722656, -164.48536682128906, 776.0645141601562], "obj_id": 1}, {"cam_R_m2c": [0.7575659155845642, 0.2899269759654999, -0.5848386883735657, -0.35531431436538696, 0.9347416162490845, 0.0031338385306298733, 0.547581672668457, 0.20542746782302856, 0.8111435770988464], "cam_t_m2c": [-29.291452407836914, -383.2528381347656, 706.2797241210938], "obj_id": 1}, {"cam_R_m2c": [0.9404171109199524, -0.016161425039172173, -0.3396387994289398, 0.24660326540470123, -0.6552851796150208, 0.7139946222305298, -0.2340994030237198, -0.7552087903022766, -0.6122559309005737], "cam_t_m2c": [19.152307510375977, 3.7121753692626953, 812.52294921875], "obj_id": 3}, {"cam_R_m2c": [0.431045264005661, 0.7646703124046326, 0.47903987765312195, -0.2942703664302826, -0.38273900747299194, 0.875737190246582, 0.8529976010322571, -0.518449604511261, 0.06004205346107483], "cam_t_m2c": [113.64147186279297, -274.1516418457031, 761.610107421875], "obj_id": 1}, {"cam_R_m2c": [-0.4384516179561615, -0.6243001818656921, -0.6465364694595337, -0.2690097987651825, 0.7775487303733826, -0.5683763027191162, 0.8575510382652283, -0.07528088986873627, -0.5088604092597961], "cam_t_m2c": [298.6821594238281, -186.89381408691406, 682.3831787109375], "obj_id": 1}, {"cam_R_m2c": [-0.63182133436203, 0.4776404798030853, 0.6104597449302673, 0.6063826680183411, -0.18598027527332306, 0.7731178402900696, 0.48280593752861023, 0.8586446642875671, -0.17212647199630737], "cam_t_m2c": [-106.8600845336914, 15.507253646850586, 793.2006225585938], "obj_id": 1}, {"cam_R_m2c": [0.10437609255313873, -0.98401939868927, 0.144261434674263, 0.6981306076049805, -0.030815476551651955, -0.7153068780899048, 0.7083213925361633, 0.17537422478199005, 0.6837577819824219], "cam_t_m2c": [69.44890594482422, -85.47677612304688, 448.9394226074219], "obj_id": 3}, {"cam_R_m2c": [-0.46799802780151367, 0.7498722672462463, -0.46762096881866455, -0.36740216612815857, 0.31615331768989563, 0.8746786117553711, 0.8037371635437012, 0.5811528563499451, 0.12754559516906738], "cam_t_m2c": [108.55294799804688, -262.4594421386719, 559.2208862304688], "obj_id": 1}, {"cam_R_m2c": [0.2987886071205139, -0.6607804894447327, -0.6885451674461365, 0.9539897441864014, 0.1878526657819748, 0.23369836807250977, -0.025078311562538147, -0.7266914248466492, 0.6865060925483704], "cam_t_m2c": [-176.09466552734375, 53.35215377807617, 707.43798828125], "obj_id": 1}, {"cam_R_m2c": [0.6126056909561157, 0.63712477684021, -0.46774595975875854, 0.6914360523223877, -0.7187011241912842, -0.0733829140663147, -0.38292357325553894, -0.27846160531044006, -0.8808114528656006], "cam_t_m2c": [5.751932621002197, 4.075493812561035, 680.7540283203125], "obj_id": 3}, {"cam_R_m2c": [0.21455007791519165, -0.7026352286338806, -0.6784334778785706, -0.8455193638801575, 0.2141086608171463, -0.4891364276409149, 0.4889429807662964, 0.6785728931427002, -0.5481546521186829], "cam_t_m2c": [68.40403747558594, -381.5535888671875, 722.64208984375], "obj_id": 1}, {"cam_R_m2c": [0.7427082657814026, 0.2777133285999298, -0.6093108654022217, -0.287401407957077, 0.9540731310844421, 0.08452730625867844, 0.6048014760017395, 0.11233769357204437, 0.7884132266044617], "cam_t_m2c": [143.79547119140625, -294.1376953125, 668.5557250976562], "obj_id": 3}, {"cam_R_m2c": [0.5213493704795837, -0.20289333164691925, 0.8288722038269043, 0.7575493454933167, -0.3370964825153351, -0.5590035319328308, 0.39282798767089844, 0.9193477630615234, -0.022043319419026375], "cam_t_m2c": [35.515018463134766, -79.06918334960938, 883.927001953125], "obj_id": 3}, {"cam_R_m2c": [-0.2235846072435379, -0.3970869183540344, -0.8901302814483643, -0.4211006462574005, 0.8629727959632874, -0.27919912338256836, 0.8790245056152344, 0.31240981817245483, -0.3601610064506531], "cam_t_m2c": [23.165964126586914, -120.87907409667969, 727.0921630859375], "obj_id": 3}, {"cam_R_m2c": [-0.7682095766067505, -0.35873278975486755, -0.5302497744560242, 0.6360011696815491, -0.3329532742500305, -0.6961642503738403, 0.07318854331970215, -0.8720394968986511, 0.48393237590789795], "cam_t_m2c": [-25.87206268310547, -58.7955322265625, 891.127685546875], "obj_id": 3}, {"cam_R_m2c": [0.20254790782928467, 0.5414335131645203, -0.8159803748130798, 0.9307029247283936, 0.15272681415081024, 0.33236488699913025, 0.30457553267478943, -0.826755166053772, -0.47297924757003784], "cam_t_m2c": [-91.49915313720703, -200.41775512695312, 650.9089965820312], "obj_id": 1}, {"cam_R_m2c": [-0.6283612251281738, 0.6022327542304993, 0.49242010712623596, -0.22988446056842804, -0.7484757900238037, 0.6220424175262451, 0.7431789636611938, 0.27766770124435425, 0.6087573766708374], "cam_t_m2c": [-62.41258239746094, 63.82899856567383, 670.5559692382812], "obj_id": 3}, {"cam_R_m2c": [0.37184008955955505, 0.5250236988067627, -0.7655618786811829, 0.8871383666992188, 0.04186345636844635, 0.4596007764339447, 0.2733503580093384, -0.8500573635101318, -0.4502021372318268], "cam_t_m2c": [159.6045379638672, -102.08523559570312, 648.3440551757812], "obj_id": 3}, {"cam_R_m2c": [-0.023593366146087646, -0.9919058680534363, 0.12476415932178497, 0.2501954734325409, -0.12668590247631073, -0.9598712921142578, 0.9679078459739685, 0.008568838238716125, 0.25115928053855896], "cam_t_m2c": [-90.90867614746094, -39.231536865234375, 619.3746337890625], "obj_id": 3}, {"cam_R_m2c": [-0.7745962738990784, 0.5858864188194275, -0.2381962090730667, 0.33127301931381226, 0.6966741681098938, 0.6363201141357422, 0.5387564897537231, 0.4139832854270935, -0.7337295413017273], "cam_t_m2c": [-59.89305877685547, -316.6280212402344, 716.4143676757812], "obj_id": 1}, {"cam_R_m2c": [0.21402950584888458, 0.6768038868904114, -0.7043632864952087, 0.20423577725887299, 0.6741307377815247, 0.70981365442276, 0.955237627029419, -0.29577720165252686, 0.006056312005966902], "cam_t_m2c": [-206.70921325683594, -233.93080139160156, 579.4715576171875], "obj_id": 3}, {"cam_R_m2c": [0.7574988007545471, -0.37970244884490967, 0.5310569405555725, 0.46109479665756226, 0.8870402574539185, -0.02347654663026333, -0.4621548056602478, 0.26265108585357666, 0.8470107913017273], "cam_t_m2c": [41.0073356628418, -124.10131072998047, 812.8477172851562], "obj_id": 3}, {"cam_R_m2c": [-0.00659562973305583, 0.8917377591133118, -0.4525045156478882, 0.9498860836029053, -0.1358388513326645, -0.28153905272483826, -0.312526673078537, -0.431684672832489, -0.8461533188819885], "cam_t_m2c": [130.459716796875, -145.084228515625, 607.805419921875], "obj_id": 1}, {"cam_R_m2c": [0.9393855333328247, -0.0891411155462265, -0.33107197284698486, 0.2388923168182373, 0.8628091812133789, 0.44552305340766907, 0.2459375113248825, -0.497608482837677, 0.8318055868148804], "cam_t_m2c": [-148.18231201171875, -133.49510192871094, 644.24609375], "obj_id": 1}, {"cam_R_m2c": [0.3008798360824585, 0.9065381288528442, 0.2960740029811859, 0.5383319854736328, 0.09481552988290787, -0.8373820185661316, -0.7871911525726318, 0.4113374352455139, -0.4594903886318207], "cam_t_m2c": [-154.9503936767578, -292.90008544921875, 645.82763671875], "obj_id": 1}, {"cam_R_m2c": [-0.2653024196624756, -0.7467845678329468, -0.6098581552505493, 0.47331035137176514, 0.45019078254699707, -0.7571693062782288, 0.8399949669837952, -0.4895312488079071, 0.23402434587478638], "cam_t_m2c": [228.68714904785156, -9.547194480895996, 773.0156860351562], "obj_id": 1}, {"cam_R_m2c": [1.9814799088635482e-05, -0.9865604043006897, 0.163396418094635, 0.5975061058998108, -0.131010040640831, -0.7910895347595215, 0.8018642663955688, 0.09764597564935684, 0.5894734263420105], "cam_t_m2c": [-206.681396484375, -290.9803161621094, 558.8097534179688], "obj_id": 1}, {"cam_R_m2c": [-0.32615065574645996, 0.7912511229515076, -0.5172499418258667, -0.22300264239311218, -0.5961276888847351, -0.7712987065315247, -0.9186379313468933, -0.13621143996715546, 0.3708784580230713], "cam_t_m2c": [71.5355224609375, -76.9259033203125, 823.6809692382812], "obj_id": 3}, {"cam_R_m2c": [-0.6545518040657043, 0.24786649644374847, -0.7142295837402344, 0.2714739143848419, 0.9587780237197876, 0.08394385874271393, 0.705594539642334, -0.13894909620285034, -0.6948592066764832], "cam_t_m2c": [-6.224807262420654, -203.6771240234375, 807.0645141601562], "obj_id": 3}, {"cam_R_m2c": [-0.31661370396614075, -0.8325096964836121, 0.45462435483932495, 0.3336644768714905, -0.5463974475860596, -0.7681912183761597, 0.8879322409629822, -0.09152791649103165, 0.4507759213447571], "cam_t_m2c": [118.29467010498047, -218.50523376464844, 652.1323852539062], "obj_id": 3}, {"cam_R_m2c": [-0.5838446021080017, 0.007231732364743948, 0.8118332624435425, 0.5209171175956726, 0.7703208923339844, 0.36776500940322876, -0.6227125525474548, 0.637615442276001, -0.45351481437683105], "cam_t_m2c": [224.92098999023438, -229.34034729003906, 741.4115600585938], "obj_id": 1}, {"cam_R_m2c": [0.5203104615211487, -0.7046921849250793, 0.4823754131793976, -0.7092903256416321, -0.6711847186088562, -0.2154492288827896, 0.4755883514881134, -0.23004372417926788, -0.8490557670593262], "cam_t_m2c": [-40.92182540893555, -123.89331817626953, 700.1126708984375], "obj_id": 3}, {"cam_R_m2c": [0.4775524437427521, -0.32713794708251953, -0.8154289722442627, 0.25923287868499756, -0.8343160152435303, 0.4865337610244751, -0.8394891023635864, -0.4437313973903656, -0.3136247396469116], "cam_t_m2c": [162.1722869873047, -200.58302307128906, 586.6925659179688], "obj_id": 1}, {"cam_R_m2c": [0.25214025378227234, 0.7462993860244751, -0.6160052418708801, -0.5802021622657776, 0.6260513067245483, 0.5209848284721375, 0.7744615077972412, 0.2260463386774063, 0.5908572673797607], "cam_t_m2c": [123.45488739013672, -299.8845520019531, 581.4461669921875], "obj_id": 1}, {"cam_R_m2c": [-0.16749851405620575, 0.2240765243768692, -0.9600697755813599, -0.864165723323822, 0.43534448742866516, 0.2523743212223053, 0.4745122492313385, 0.8719316720962524, 0.12071969360113144], "cam_t_m2c": [14.54553508758545, -56.45199966430664, 630.989013671875], "obj_id": 3}, {"cam_R_m2c": [-0.10759870707988739, -0.8469475507736206, 0.520675003528595, -0.9327807426452637, -0.09521490335464478, -0.3476409912109375, 0.344009667634964, -0.5230813026428223, -0.7797713875770569], "cam_t_m2c": [-68.37614440917969, -101.03058624267578, 926.7472534179688], "obj_id": 3}, {"cam_R_m2c": [0.43000859022140503, 0.8191211819648743, 0.37964850664138794, 0.3506544232368469, 0.23596875369548798, -0.9062892198562622, -0.8319458961486816, 0.5228375792503357, -0.18575985729694366], "cam_t_m2c": [-196.2021484375, 27.62910270690918, 754.8734741210938], "obj_id": 3}, {"cam_R_m2c": [-0.7117651104927063, 0.5364150404930115, 0.45348575711250305, 0.1938565969467163, -0.4705204367637634, 0.860831081867218, 0.6751370429992676, 0.700620710849762, 0.230912446975708], "cam_t_m2c": [107.13761901855469, -246.40243530273438, 501.6307373046875], "obj_id": 1}, {"cam_R_m2c": [0.36588236689567566, 0.4153657853603363, 0.8328273296356201, 0.09304428100585938, 0.8740676641464233, -0.4768107831478119, -0.9259982705116272, 0.25194647908210754, 0.28115853667259216], "cam_t_m2c": [-48.26438903808594, 46.06447219848633, 630.8365478515625], "obj_id": 1}, {"cam_R_m2c": [0.04180758073925972, -0.9012364745140076, 0.43130600452423096, -0.9973863363265991, -0.06310642510652542, -0.035185057669878006, 0.058928247541189194, -0.42870771884918213, -0.9015192985534668], "cam_t_m2c": [-59.399356842041016, 60.24546432495117, 612.3978271484375], "obj_id": 3}, {"cam_R_m2c": [0.6782145500183105, 0.594521164894104, -0.43193694949150085, 0.6893996596336365, -0.718278169631958, 0.09383128583431244, -0.2544662654399872, -0.36141496896743774, -0.8970094323158264], "cam_t_m2c": [-20.537954330444336, -141.0962677001953, 782.1046752929688], "obj_id": 3}, {"cam_R_m2c": [0.5965691804885864, -0.3585677444934845, -0.7180072069168091, 0.7535605430603027, 0.5580810308456421, 0.34740757942199707, 0.2761370539665222, -0.7483145594596863, 0.6031364798545837], "cam_t_m2c": [268.8032531738281, -16.69552993774414, 830.1419677734375], "obj_id": 3}, {"cam_R_m2c": [-0.8893073201179504, -0.2885451912879944, 0.3547876179218292, 0.09784167259931564, -0.8779012560844421, -0.46873924136161804, 0.4467209279537201, -0.382140189409256, 0.8089556694030762], "cam_t_m2c": [72.51275634765625, -48.06075668334961, 883.029052734375], "obj_id": 3}, {"cam_R_m2c": [-0.8121812343597412, -0.4967186748981476, 0.30599379539489746, 0.079407699406147, 0.4254942536354065, 0.9014704823493958, -0.5779758095741272, 0.756455659866333, -0.3061351478099823], "cam_t_m2c": [117.6929702758789, -148.50289916992188, 484.63970947265625], "obj_id": 3}, {"cam_R_m2c": [0.8285760283470154, -0.3395237922668457, 0.44518017768859863, -0.2962457537651062, 0.4088396430015564, 0.8631851673126221, -0.475079208612442, -0.8470972776412964, 0.2381722629070282], "cam_t_m2c": [116.90504455566406, -95.45649719238281, 703.0845947265625], "obj_id": 3}, {"cam_R_m2c": [0.7591122984886169, -0.6243549585342407, 0.18419934809207916, -0.3361184597015381, -0.6182696223258972, -0.710469663143158, 0.5574700832366943, 0.47741344571113586, -0.6791933178901672], "cam_t_m2c": [82.1302261352539, -287.993408203125, 528.7848510742188], "obj_id": 3}, {"cam_R_m2c": [-0.6024665236473083, 0.6106336712837219, -0.5139656066894531, -0.25179627537727356, 0.46565425395965576, 0.8483895063400269, 0.7573854923248291, 0.6405408978462219, -0.12678582966327667], "cam_t_m2c": [100.82650756835938, 58.92951583862305, 650.5414428710938], "obj_id": 1}, {"cam_R_m2c": [0.9319758415222168, -0.2718486785888672, -0.2398318648338318, -0.19829514622688293, -0.9361021518707275, 0.2905028164386749, -0.3034799098968506, -0.22318410873413086, -0.9263308644294739], "cam_t_m2c": [4.934422016143799, -195.53982543945312, 435.29681396484375], "obj_id": 3}, {"cam_R_m2c": [0.4005892276763916, -0.7558243274688721, 0.517936110496521, 0.584264874458313, 0.6461527943611145, 0.4910408556461334, -0.7058064937591553, 0.10590621829032898, 0.7004434466362], "cam_t_m2c": [127.21224212646484, -157.77345275878906, 667.7645874023438], "obj_id": 1}, {"cam_R_m2c": [0.3478585183620453, -0.6166980862617493, -0.7061713337898254, -0.4829823672771454, -0.7634499073028564, 0.4288032650947571, -0.8035686016082764, 0.1919054239988327, -0.5634268522262573], "cam_t_m2c": [84.44064331054688, -65.82874298095703, 872.201171875], "obj_id": 3}, {"cam_R_m2c": [-0.8387383222579956, 0.5242807865142822, 0.14713141322135925, -0.5417802929878235, -0.7763147354125977, -0.322194904088974, -0.05470030754804611, -0.3499501049518585, 0.9351699352264404], "cam_t_m2c": [74.97000122070312, -328.17474365234375, 732.3970336914062], "obj_id": 3}, {"cam_R_m2c": [0.7394019961357117, -0.2800438702106476, -0.61225825548172, 0.4568876326084137, 0.8766502737998962, 0.15079106390476227, 0.4945082664489746, -0.39122843742370605, 0.7761455178260803], "cam_t_m2c": [61.63100814819336, -328.7921142578125, 689.1948852539062], "obj_id": 1}, {"cam_R_m2c": [0.5424677729606628, 0.21713440120220184, 0.8115302324295044, -0.32187792658805847, -0.838575005531311, 0.43952998518943787, 0.7759660482406616, -0.49964454770088196, -0.38500913977622986], "cam_t_m2c": [-150.7931365966797, -336.1647644042969, 648.73