{
  "0": [{"cam_R_m2c": [-0.9562843441963196, 0.29233741760253906, 0.007673889864236116, 0.04111906513571739, 0.16039513051509857, -0.986195981502533, -0.2895328402519226, -0.9427683353424072, -0.16540388762950897], "cam_t_m2c": [-44.45362091064453, 3578.4130859375, 3303.163330078125], "obj_id": 0}, {"cam_R_m2c": [-0.9518356919288635, -0.18055668473243713, -0.24780642986297607, -0.06777495890855789, 0.9121266007423401, -0.4042668044567108, 0.29902389645576477, -0.36800050735473633, -0.8804318308830261], "cam_t_m2c": [552.8500366210938, 3821.18994140625, 3271.95947265625], "obj_id": 1}, {"cam_R_m2c": [-0.15192751586437225, -0.5874768495559692, 0.7948514223098755, 0.15890613198280334, 0.7792074084281921, 0.6062875390052795, -0.9755340218544006, 0.21841859817504883, -0.025029338896274567], "cam_t_m2c": [270.2240905761719, 3793.387939453125, 3363.426025390625], "obj_id": 3}, {"cam_R_m2c": [0.3782506585121155, 0.5996071696281433, 0.7052642107009888, 0.5595172047615051, 0.45886561274528503, -0.6902048587799072, -0.7374732494354248, 0.6556779146194458, -0.1619243025779724], "cam_t_m2c": [313.05206298828125, 3723.50341796875, 3517.855224609375], "obj_id": 2}, {"cam_R_m2c": [0.7812725901603699, -0.620004415512085, 0.07216406613588333, 0.4261445105075836, 0.4453345537185669, -0.7874503135681152, 0.45608553290367126, 0.6459656357765198, 0.6121391654014587], "cam_t_m2c": [262.6521301269531, 5340.08447265625, 4355.5947265625], "obj_id": 1}, {"cam_R_m2c": [0.4889330565929413, -0.14877735078334808, 0.8595404028892517, 0.03907335177063942, -0.9806241989135742, -0.19196179509162903, 0.8714457750320435, 0.12744159996509552, -0.4736463725566864], "cam_t_m2c": [484.063232421875, 5055.3046875, 4274.48974609375], "obj_id": 1}, {"cam_R_m2c": [0.8044058680534363, -0.5940800905227661, 8.383356941976672e-08, -0.321921169757843, -0.4358929395675659, -0.840454638004303, 0.49929744005203247, 0.6760666370391846, -0.541881799697876], "cam_t_m2c": [320.97943115234375, 5141.654296875, 4324.890625], "obj_id": 0}, {"cam_R_m2c": [0.8044058680534363, -0.5940800905227661, 1.7757265879936313e-08, -0.3219211995601654, -0.43589290976524353, -0.8404546976089478, 0.4992974102497101, 0.6760666966438293, -0.541881799697876], "cam_t_m2c": [320.97943115234375, 5141.65283203125, 4324.89013671875], "obj_id": 3}, {"cam_R_m2c": [0.6986086964607239, 0.7142813801765442, -0.04180948808789253, 0.7100638747215271, -0.6849204897880554, 0.1633804887533188, 0.08806347101926804, -0.1438264399766922, -0.9856768250465393], "cam_t_m2c": [311.7375793457031, 3821.7568359375, 3319.436279296875], "obj_id": 1}, {"cam_R_m2c": [-0.13692863285541534, -0.3594434857368469, -0.9230660796165466, 0.2867087721824646, 0.8775771856307983, -0.38426074385643005, 0.9481817483901978, -0.31726744771003723, -0.017109844833612442], "cam_t_m2c": [272.95770263671875, 3767.7333984375, 3403.226318359375], "obj_id": 0}, {"cam_R_m2c": [-0.35521963238716125, -0.9113554954528809, 0.20796681940555573, -0.5706710815429688, 0.3876287043094635, 0.723932683467865, -0.7403739094734192, 0.1384744644165039, -0.6577775478363037], "cam_t_m2c": [330.99078369140625, 2446.72705078125, 2491.7607421875], "obj_id": 1}, {"cam_R_m2c": [-0.5860212445259094, -0.6947346925735474, -0.41704031825065613, -0.7495279312133789, 0.26921170949935913, 0.6047585010528564, -0.3078745901584625, 0.6669847965240479, -0.6784868240356445], "cam_t_m2c": [326.1651306152344, 2426.703857421875, 2522.816162109375], "obj_id": 2}, {"cam_R_m2c": [0.43292826414108276, -0.8313015699386597, -0.3485839068889618, 0.5239750146865845, 0.5467348098754883, -0.6530935764312744, 0.7335007190704346, 0.10009339451789856, 0.6722782254219055], "cam_t_m2c": [250.07394409179688, 2436.625732421875, 2507.427734375], "obj_id": 3}, {"cam_R_m2c": [0.8800368905067444, -0.3927678167819977, -0.2669616937637329, 0.3365471065044403, 0.11917004734277725, 0.9340955018997192, -0.33506885170936584, -0.9118836522102356, 0.23705892264842987], "cam_t_m2c": [325.2510986328125, 2466.81689453125, 2460.600830078125], "obj_id": 0}, {"cam_R_m2c": [0.5145429372787476, 0.5535732507705688, -0.6548298597335815, -0.8509464263916016, 0.23567597568035126, -0.46941128373146057, -0.1055258959531784, 0.7987574338912964, 0.5923266410827637], "cam_t_m2c": [237.93545532226562, 2430.831787109375, 2516.41455078125], "obj_id": 3}, {"cam_R_m2c": [-0.6499156951904297, 0.20300854742527008, 0.7323912382125854, 0.758365273475647, 0.10993671417236328, 0.6424919962882996, 0.04991472512483597, 0.9729858040809631, -0.22540415823459625], "cam_t_m2c": [207.35508728027344, 3844.913330078125, 3350.145263671875], "obj_id": 3}, {"cam_R_m2c": [-0.020546261221170425, -0.13805294036865234, -0.9902116060256958, 0.30269286036491394, 0.9430792331695557, -0.13776256144046783, 0.9528665542602539, -0.3025605380535126, 0.02241089940071106], "cam_t_m2c": [316.9638366699219, 2399.31689453125, 2565.293212890625], "obj_id": 2}, {"cam_R_m2c": [-0.9519048929214478, -0.18050037324428558, -0.24758173525333405, -0.06781699508428574, 0.9121312499046326, -0.4042491614818573, 0.2987941801548004, -0.3680165112018585, -0.880503237247467], "cam_t_m2c": [308.2215576171875, 3801.962646484375, 3344.2919921875], "obj_id": 1}, {"cam_R_m2c": [0.5333706736564636, -0.03113238885998726, 0.8453084826469421, -0.8155080676078796, 0.24646121263504028, 0.5236442685127258, -0.22463800013065338, -0.9686524271965027, 0.1060665026307106], "cam_t_m2c": [434.63336181640625, 4380.42626953125, 3448.506591796875], "obj_id": 0}, {"cam_R_m2c": [-0.9454637169837952, 0.3036806881427765, -0.11779917776584625, 0.1080894023180008, -0.048650216311216354, -0.9929501414299011, -0.30727070569992065, -0.9515310525894165, 0.013172242790460587], "cam_t_m2c": [151.9180450439453, 3780.038818359375, 3405.54248046875], "obj_id": 0}, {"cam_R_m2c": [0.20978352427482605, -0.8301549553871155, -0.516559362411499, 0.35431617498397827, 0.5569519400596619, -0.7511754631996155, 0.9112907648086548, -0.025441139936447144, 0.41097670793533325], "cam_t_m2c": [316.043212890625, 1090.5181884765625, 1634.89501953125], "obj_id": 3}, {"cam_R_m2c": [-0.39433425664901733, 0.32480090856552124, 0.8596538305282593, -0.8777430057525635, -0.4101587235927582, -0.2476627677679062, 0.27215349674224854, -0.8522171378135681, 0.44683152437210083], "cam_t_m2c": [235.96002197265625, 1083.4375, 1645.8770751953125], "obj_id": 2}, {"cam_R_m2c": [0.9985873699188232, -0.05311998352408409, 0.0012613757280632854, -0.0035251423250883818, -0.08991751819849014, -0.9959428906440735, 0.05301789566874504, 0.994531512260437, -0.08997774869203568], "cam_t_m2c": [345.3561706542969, 1075.556640625, 1658.1002197265625], "obj_id": 3}, {"cam_R_m2c": [-0.04146597906947136, -0.24708040058612823, 0.968107283115387, 0.8174494504928589, -0.5655306577682495, -0.1093217208981514, 0.5745057463645935, 0.7868456840515137, 0.22542615234851837], "cam_t_m2c": [314.2044982910156, 1118.8651123046875, 1590.92919921875], "obj_id": 1}, {"cam_R_m2c": [0.8247658610343933, -0.3631383180618286, 0.4334649443626404, -0.051171574741601944, -0.8113358020782471, -0.5823366045951843, 0.5631542801856995, 0.4581102728843689, -0.6877444386482239], "cam_t_m2c": [309.3824157714844, 1054.7008056640625, 1690.447509765625], "obj_id": 3}, {"cam_R_m2c": [0.4379962384700775, -0.17608585953712463, 0.8815628290176392, -0.7919663786888123, -0.5395964980125427, 0.2857005298137665, 0.4253804087638855, -0.8233039379119873, -0.37579527497291565], "cam_t_m2c": [382.9345703125, 1097.492919921875, 1624.0771484375], "obj_id": 2}, {"cam_R_m2c": [0.05526125058531761, 0.7158316373825073, 0.6960827112197876, 0.21411128342151642, 0.6724348664283752, -0.7085108757019043, -0.9752448201179504, 0.18819233775138855, -0.11610803008079529], "cam_t_m2c": [330.3528747558594, 3739.191162109375, 3510.56591796875], "obj_id": 2}, {"cam_R_m2c": [-0.9518843293190002, -0.1805339902639389, -0.24763533473014832, -0.06781870871782303, 0.9121193885803223, -0.40427571535110474, 0.29885849356651306, -0.36802950501441956, -0.8804756999015808], "cam_t_m2c": [453.1129150390625, 3852.933837890625, 3399.563720703125], "obj_id": 1}, {"cam_R_m2c": [0.031529560685157776, 0.71840500831604, 0.6949101090431213, 0.19949600100517273, 0.6767429113388062, -0.7086750268936157, -0.9793912172317505, 0.16097596287727356, -0.12198150157928467], "cam_t_m2c": [322.2282409667969, 3744.791259765625, 3430.886474609375], "obj_id": 2}, {"cam_R_m2c": [0.24668362736701965, 0.6708884835243225, 0.6993252038955688, 0.39510291814804077, 0.5893023610115051, -0.704710066318512, -0.8848958611488342, 0.4501458406448364, -0.11969874054193497], "cam_t_m2c": [323.3425598144531, 3758.2783203125, 3364.201171875], "obj_id": 2}, {"cam_R_m2c": [0.14821434020996094, 0.4085235595703125, 0.9006335735321045, 0.9307531118392944, 0.25018730759620667, -0.2666547894477844, -0.33426180481910706, 0.8777896165847778, -0.3431532084941864], "cam_t_m2c": [318.65478515625, -259.827392578125, 768.9354858398438], "obj_id": 3}, {"cam_R_m2c": [0.1241094246506691, -0.5477938055992126, 0.8273564577102661, 0.5912635922431946, -0.6287841200828552, -0.5050126314163208, 0.7968714833259583, 0.5518625974655151, 0.24585260450839996], "cam_t_m2c": [260.62542724609375, -269.87335205078125, 784.5166625976562], "obj_id": 1}, {"cam_R_m2c": [-0.013970923610031605, -0.7142519950866699, -0.6997491121292114, 0.9985828399658203, 0.025974176824092865, -0.04644986242055893, 0.05135227367281914, -0.6994063854217529, 0.7128769755363464], "cam_t_m2c": [328.9508361816406, -295.73956298828125, 824.635009765625], "obj_id": 2}, {"cam_R_m2c": [0.5928094983100891, 0.6528735756874084, 0.4715219736099243, 0.7379313707351685, -0.205858513712883, -0.6427125930786133, -0.32254326343536377, 0.7289569973945618, -0.6038107872009277], "cam_t_m2c": [292.1615905761719, -235.7248992919922, 731.5526733398438], "obj_id": 3}, {"cam_R_m2c": [-0.4026346206665039, -0.7640706896781921, -0.5040647983551025, -0.6405482292175293, 0.6285661458969116, -0.4411378502845764, 0.6538985967636108, 0.14526043832302094, -0.7425066232681274], "cam_t_m2c": [302.1595153808594, -223.2494659423828, 712.203369140625], "obj_id": 0}, {"cam_R_m2c": [-0.27188757061958313, 0.668075442314148, 0.6926414966583252, -0.10051551461219788, 0.6961032748222351, -0.7108705043792725, -0.9570651650428772, -0.2628980875015259, -0.12210986018180847], "cam_t_m2c": [312.5318603515625, 3715.8388671875, 3549.251708984375], "obj_id": 2}, {"cam_R_m2c": [-0.8107926845550537, -0.3018110394477844, -0.5015227198600769, 0.51300448179245, -0.7789831161499023, -0.36057108640670776, -0.28185346722602844, -0.5496318936347961, 0.786424458026886], "cam_t_m2c": [327.9705810546875, -282.8551025390625, 804.6513061523438], "obj_id": 0}, {"cam_R_m2c": [-0.0026300428435206413, -0.9428309202194214, -0.33326083421707153, 0.8359582424163818, 0.18081745505332947, -0.5181493759155273, 0.5487866401672363, -0.2799549400806427, 0.7876918315887451], "cam_t_m2c": [246.02178955078125, -260.83447265625, 770.4974975585938], "obj_id": 3}, {"cam_R_m2c": [-0.46036890149116516, 0.5557446479797363, 0.6922487020492554, -0.3040424883365631, 0.6339271068572998, -0.7111220359802246, -0.8340374827384949, -0.5378515124320984, -0.1228703185915947], "cam_t_m2c": [338.8785400390625, 3730.59423828125, 3612.31396484375], "obj_id": 2}, {"cam_R_m2c": [0.6028430461883545, -0.06403748691082001, 0.7952857613563538, -0.7155640125274658, 0.39750465750694275, 0.5744198560714722, -0.3529141843318939, -0.9153628945350647, 0.19381000101566315], "cam_t_m2c": [306.90380859375, 3764.955810546875, 3346.30419921875], "obj_id": 3}],
  "1": [{"cam_R_m2c": [-0.6888432502746582, -0.6340667009353638, 0.35136061906814575, -0.5029667615890503, 0.06900158524513245, -0.8615469336509705, 0.5220338702201843, -0.7701935768127441, -0.36644572019577026], "cam_t_m2c": [41.5803337097168, 3474.77685546875, 3184.944580078125], "obj_id": 0}, {"cam_R_m2c": [-0.19982858002185822, -0.7926088571548462, -0.5760552883148193, -0.4609490633010864, 0.5948385000228882, -0.6585538387298584, 0.8646354079246521, 0.13393425941467285, -0.484218031167984], "cam_t_m2c": [187.18096923828125, 3967.1484375, 2793.720458984375], "obj_id": 1}, {"cam_R_m2c": [-0.8690735101699829, -0.48956364393234253, 0.07098368555307388, -0.15926502645015717, 0.4127589166164398, 0.8968080878257751, -0.4683437645435333, 0.7680869102478027, -0.43668821454048157], "cam_t_m2c": [133.48440551757812, 3824.427978515625, 3050.16552734375], "obj_id": 3}, {"cam_R_m2c": [-0.6316280364990234, 0.5514004230499268, 0.5449802875518799, 0.49256423115730286, 0.8282611966133118, -0.26714026927948, -0.5986872911453247, 0.09970451891422272, -0.7947530746459961], "cam_t_m2c": [301.3152160644531, 3821.35205078125, 3099.051513671875], "obj_id": 2}, {"cam_R_m2c": [0.5059581398963928, -0.02994438260793686, 0.8620380759239197, 0.84609055519104, 0.21158169209957123, -0.4892483353614807, -0.16774122416973114, 0.9769014716148376, 0.13238714635372162], "cam_t_m2c": [126.13887786865234, 5341.2998046875, 4087.35986328125], "obj_id": 1}, {"cam_R_m2c": [0.8582334518432617, 0.4906679093837738, 0.15059979259967804, 0.46901869773864746, -0.8689108490943909, 0.1581619679927826, 0.20846280455589294, -0.06510578095912933, -0.9758607745170593], "cam_t_m2c": [307.30816650390625, 5193.4775390625, 3800.95703125], "obj_id": 1}, {"cam_R_m2c": [0.9053895473480225, 0.4245818555355072, -2.4905958184717747e-08, 0.23876525461673737, -0.5091493129730225, -0.8268966674804688, -0.3510853350162506, 0.748663604259491, -0.5623538494110107], "cam_t_m2c": [225.77207946777344, 5196.60693359375, 3973.97412109375], "obj_id": 0}, {"cam_R_m2c": [0.9053895473480225, 0.4245818555355072, -1.3447944091637964e-08, 0.23876523971557617, -0.5091493129730225, -0.8268966674804688, -0.3510853350162506, 0.748663604259491, -0.5623538494110107], "cam_t_m2c": [225.77207946777344, 5196.60546875, 3973.973388671875], "obj_id": 3}, {"cam_R_m2c": [0.05930028483271599, 0.5601310133934021, -0.8262787461280823, 0.9616166949272156, -0.25420457124710083, -0.1033111959695816, -0.26791173219680786, -0.7884371280670166, -0.5537056922912598], "cam_t_m2c": [107.21598815917969, 3858.975830078125, 2999.375], "obj_id": 1}, {"cam_R_m2c": [0.49899134039878845, -0.8238094449043274, -0.2689712643623352, 0.3846469819545746, 0.4886664152145386, -0.7831039428710938, 0.776565670967102, 0.28730303049087524, 0.5607161521911621], "cam_t_m2c": [176.42788696289062, 3813.107177734375, 3066.821044921875], "obj_id": 0}, {"cam_R_m2c": [-0.4443758726119995, -0.5162364840507507, -0.7321407198905945, -0.8202166557312012, -0.094187431037426, 0.5642459392547607, -0.3602427542209625, 0.8512512445449829, -0.3815712034702301], "cam_t_m2c": [159.89447021484375, 2528.782470703125, 2102.7509765625], "obj_id": 1}, {"cam_R_m2c": [-0.14935846626758575, 0.0339435413479805, -0.988200306892395, -0.988123893737793, 0.03136309236288071, 0.15042424201965332, 0.0360989086329937, 0.9989314675331116, 0.028856130316853523], "cam_t_m2c": [190.09214782714844, 2516.503662109375, 2120.80615234375], "obj_id": 2}, {"cam_R_m2c": [0.49854251742362976, -0.582313060760498, 0.6421579122543335, 0.8178867697715759, 0.07049617171287537, -0.5710440874099731, 0.2872568368911743, 0.8099022507667542, 0.5114115476608276], "cam_t_m2c": [137.76609802246094, 2483.775146484375, 2168.930419921875], "obj_id": 3}, {"cam_R_m2c": [0.010926997289061546, -0.9177491068840027, -0.39701029658317566, 0.6431803703308105, -0.2975512444972992, 0.7055369019508362, -0.7656367421150208, -0.2630586326122284, 0.587026834487915], "cam_t_m2c": [124.55799865722656, 2535.869140625, 2092.330078125], "obj_id": 0}, {"cam_R_m2c": [0.5724680423736572, 0.7415938973426819, 0.3497410714626312, -0.4839077293872833, 0.6499249339103699, -0.5860297679901123, -0.6619015336036682, 0.16624091565608978, 0.7309243083000183], "cam_t_m2c": [141.39059448242188, 2474.90966796875, 2181.966796875], "obj_id": 3}, {"cam_R_m2c": [-0.6338986158370972, 0.7633946537971497, -0.12410209327936172, 0.3267829716205597, 0.4097968339920044, 0.8516334295272827, 0.7009890079498291, 0.4992947280406952, -0.5092340707778931], "cam_t_m2c": [69.18515014648438, 3833.65771484375, 3100.80322265625], "obj_id": 3}, {"cam_R_m2c": [0.5502424240112305, -0.7387574315071106, -0.3891923725605011, 0.4566749930381775, 0.6564578413963318, -0.6004257202148438, 0.6990573406219482, 0.1526452898979187, 0.6985830068588257], "cam_t_m2c": [230.1576690673828, 2498.42236328125, 2147.39306640625], "obj_id": 2}, {"cam_R_m2c": [-0.2000112682580948, -0.7925962209701538, -0.5760093927383423, -0.46106988191604614, 0.5948665738105774, -0.6584439277648926, 0.8645288944244385, 0.13388440012931824, -0.4844222664833069], "cam_t_m2c": [133.34576416015625, 3846.154052734375, 3012.596923828125], "obj_id": 1}, {"cam_R_m2c": [0.4765072762966156, -0.8482040762901306, 0.23128055036067963, -0.47139811515808105, -0.024442166090011597, 0.8815817832946777, -0.7421082258224487, -0.5291053652763367, -0.41148868203163147], "cam_t_m2c": [-5.107703685760498, 4417.8505859375, 3136.9150390625], "obj_id": 0}, {"cam_R_m2c": [-0.7287155985832214, -0.5355253219604492, 0.42683231830596924, -0.44531458616256714, -0.10294970124959946, -0.8894358277320862, 0.5202577710151672, -0.8382205963134766, -0.1634560078382492], "cam_t_m2c": [114.65283966064453, 3764.102783203125, 3159.501953125], "obj_id": 0}, {"cam_R_m2c": [0.6045651435852051, -0.679419219493866, 0.41580110788345337, 0.6046732664108276, 0.05164213106036186, -0.7947976589202881, 0.5185279250144958, 0.7319307923316956, 0.44204768538475037], "cam_t_m2c": [165.74778747558594, 1190.973876953125, 1217.3251953125], "obj_id": 3}, {"cam_R_m2c": [0.4316976070404053, -0.27979549765586853, 0.857526421546936, -0.8716423511505127, -0.37403231859207153, 0.316763699054718, 0.23211362957954407, -0.8842025399208069, -0.4053504168987274], "cam_t_m2c": [139.11427307128906, 1147.8712158203125, 1280.7041015625], "obj_id": 2}, {"cam_R_m2c": [0.5162581205368042, 0.7526230216026306, 0.40870049595832825, 0.50270676612854, 0.12005216628313065, -0.856080174446106, -0.693371057510376, 0.6474148035049438, -0.31637078523635864], "cam_t_m2c": [203.9835662841797, 1198.0784912109375, 1206.87841796875], "obj_id": 3}, {"cam_R_m2c": [0.01533495169132948, 0.733430802822113, 0.6795911192893982, 0.7943423986434937, -0.4217330813407898, 0.4372199773788452, 0.6072766780853271, 0.5331233143806458, -0.5890624523162842], "cam_t_m2c": [118.86888885498047, 1204.0693359375, 1198.0694580078125], "obj_id": 1}, {"cam_R_m2c": [0.8332570791244507, 0.5523446798324585, -0.024452872574329376, 0.49051952362060547, -0.7589473128318787, -0.4282399117946625, -0.2550944983959198, 0.34483933448791504, -0.9033340811729431], "cam_t_m2c": [220.70423889160156, 1169.9842529296875, 1248.1888427734375], "obj_id": 3}, {"cam_R_m2c": [0.9003158807754517, -0.43519866466522217, 0.005782686173915863, -0.3537850081920624, -0.7240235805511475, 0.5921367406845093, -0.25351032614707947, -0.5351558923721313, -0.8058167099952698], "cam_t_m2c": [186.2732696533203, 1227.500244140625, 1163.6162109375], "obj_id": 2}, {"cam_R_m2c": [-0.7965316772460938, 0.15943658351898193, 0.583195686340332, -0.010362911969423294, 0.9608607292175293, -0.2768380045890808, -0.6045079231262207, -0.22655385732650757, -0.7637037634849548], "cam_t_m2c": [296.6883239746094, 3841.460205078125, 3085.90625], "obj_id": 2}, {"cam_R_m2c": [-0.19995315372943878, -0.7926161289215088, -0.5760021209716797, -0.46104690432548523, 0.5948370695114136, -0.6584866642951965, 0.8645545244216919, 0.13389751315116882, -0.4843727648258209], "cam_t_m2c": [218.8853302001953, 3972.956298828125, 2955.581787109375], "obj_id": 1}, {"cam_R_m2c": [-0.8039295077323914, 0.13849298655986786, 0.5783746242523193, -0.035301607102155685, 0.9596809148788452, -0.27886611223220825, -0.5936760902404785, -0.24460624158382416, -0.76662677526474], "cam_t_m2c": [231.26016235351562, 3824.3720703125, 3042.62353515625], "obj_id": 2}, {"cam_R_m2c": [-0.7248739004135132, 0.3712674677371979, 0.5802742838859558, 0.25649797916412354, 0.92723548412323, -0.27284279465675354, -0.639348566532135, -0.048937443643808365, -0.767358124256134], "cam_t_m2c": [176.0762481689453, 3821.376953125, 3002.9267578125], "obj_id": 2}, {"cam_R_m2c": [-0.6200320720672607, 0.7240387797355652, 0.30220475792884827, 0.7806020975112915, 0.6080123782157898, 0.14484892785549164, -0.07886794954538345, 0.3257127106189728, -0.9421733617782593], "cam_t_m2c": [170.44532775878906, -135.25437927246094, 314.8713073730469], "obj_id": 3}, {"cam_R_m2c": [0.36629679799079895, 0.44673705101013184, 0.8162429928779602, 0.7358253002166748, -0.6760023236274719, 0.03977349027991295, 0.5695504546165466, 0.5860433578491211, -0.5763379335403442], "cam_t_m2c": [159.12295532226562, -168.9154052734375, 364.3671875], "obj_id": 1}, {"cam_R_m2c": [-0.44455745816230774, -0.8693423271179199, 0.21589937806129456, 0.8433959484100342, -0.48742765188217163, -0.22604766488075256, 0.301748126745224, 0.08159749209880829, 0.9498894214630127], "cam_t_m2c": [233.6281280517578, -147.90501403808594, 333.4730529785156], "obj_id": 2}, {"cam_R_m2c": [-0.307828426361084, 0.947684645652771, 0.08447165787220001, 0.8411081433296204, 0.3125554025173187, -0.44141387939453125, -0.4447232484817505, -0.06482994556427002, -0.8933187127113342], "cam_t_m2c": [118.71731567382812, -136.44845581054688, 316.6271057128906], "obj_id": 3}, {"cam_R_m2c": [0.5968635082244873, -0.5559192299842834, -0.5785393118858337, -0.5913358330726624, 0.1825617104768753, -0.7854890823364258, 0.5422875881195068, 0.8109408020973206, -0.21977055072784424], "cam_t_m2c": [103.23081970214844, -125.34058380126953, 300.2938537597656], "obj_id": 0}, {"cam_R_m2c": [-0.788908064365387, -0.20798015594482422, 0.5782459378242493, -0.4323945939540863, 0.8564983010292053, -0.281860888004303, -0.43664517998695374, -0.4723927080631256, -0.765627920627594], "cam_t_m2c": [327.92547607421875, 3821.66015625, 3117.397216796875], "obj_id": 2}, {"cam_R_m2c": [-0.8387742638587952, -0.17870324850082397, 0.514317512512207, -0.0328996442258358, -0.92624431848526, -0.37548455595970154, 0.543484091758728, -0.3318677246570587, 0.7710310220718384], "cam_t_m2c": [212.2515106201172, -142.02418518066406, 324.8258056640625], "obj_id": 0}, {"cam_R_m2c": [0.005994194187223911, -0.7419307231903076, 0.6704495549201965, 0.823358952999115, -0.37682464718818665, -0.4243617653846741, 0.5674890875816345, 0.554564356803894, 0.6086167693138123], "cam_t_m2c": [137.50169372558594, -171.67184448242188, 368.4202880859375], "obj_id": 3}, {"cam_R_m2c": [-0.6907191872596741, -0.43504711985588074, 0.577616810798645, -0.6691325306892395, 0.6873801946640015, -0.2824361026287079, -0.27416935563087463, -0.5815861821174622, -0.7658908367156982], "cam_t_m2c": [380.046142578125, 3861.152099609375, 3142.145751953125], "obj_id": 2}, {"cam_R_m2c": [0.3671443462371826, -0.8964601159095764, 0.2481214553117752, -0.38169950246810913, 0.09805499762296677, 0.9190704822540283, -0.8482396006584167, -0.4321393370628357, -0.3061780333518982], "cam_t_m2c": [151.84054565429688, 3814.8642578125, 3005.237548828125], "obj_id": 3}]
}