{
  "0": [{"cam_R_m2c": [-0.5394502282142639, 0.16580501198768616, -0.8255313038825989, -0.8180263042449951, 0.12916912138462067, 0.5604892373085022, 0.19956503808498383, 0.9776625037193298, 0.06595263630151749], "cam_t_m2c": [-359.44073486328125, 269.5318908691406, 1225.7000732421875], "obj_id": 0}, {"cam_R_m2c": [-0.5508752465248108, 0.5875334739685059, 0.5927401781082153, -0.722618818283081, -0.6911156177520752, 0.013464165851473808, 0.4175626337528229, -0.420908123254776, 0.8052812218666077], "cam_t_m2c": [-5298.40185546875, -32760.4140625, -10112.4697265625], "obj_id": 3}, {"cam_R_m2c": [0.1919228881597519, -0.7543583512306213, -0.6277810335159302, 0.6178853511810303, -0.40410175919532776, 0.6744770407676697, -0.7624848484992981, -0.5173442959785461, 0.38855069875717163], "cam_t_m2c": [-280.47369384765625, 336.28839111328125, 1077.6995849609375], "obj_id": 0}, {"cam_R_m2c": [-0.9266806244850159, 0.33624839782714844, 0.1679278016090393, 0.20566950738430023, 0.8276273012161255, -0.522238552570343, -0.31458353996276855, -0.4494107961654663, -0.8361021876335144], "cam_t_m2c": [-319.37445068359375, 219.88217163085938, 1273.4398193359375], "obj_id": 1}],
  "1": [{"cam_R_m2c": [0.38279786705970764, -0.38015446066856384, 0.8419907093048096, 0.5851671099662781, 0.8050379753112793, 0.09743346273899078, -0.714874267578125, 0.4554079473018646, 0.5306206941604614], "cam_t_m2c": [344.4931945800781, 128.79417419433594, 1030.1365966796875], "obj_id": 0}, {"cam_R_m2c": [0.3520210087299347, -0.5416439771652222, -0.7633497714996338, 0.7560633420944214, -0.31621986627578735, 0.5730383992195129, -0.5517692565917969, -0.7788623571395874, 0.29820123314857483], "cam_t_m2c": [4204.04052734375, 1677.7108154296875, -33993.19921875], "obj_id": 3}, {"cam_R_m2c": [0.06543579697608948, 0.8073742985725403, 0.5863999724388123, -0.9422395825386047, -0.14345858991146088, 0.3026619851589203, 0.3284856081008911, -0.5723341703414917, 0.7513526678085327], "cam_t_m2c": [311.08660888671875, -47.912723541259766, 1044.697509765625], "obj_id": 0}, {"cam_R_m2c": [0.9918726682662964, -0.1258343756198883, -0.018822219222784042, -0.10881663113832474, -0.7622991800308228, -0.638011634349823, 0.0659356340765953, 0.6348744630813599, -0.76979660987854], "cam_t_m2c": [288.9246520996094, 177.7131805419922, 1000.2463989257812], "obj_id": 1}]
}