{
  "0": [{"cam_R_m2c": [-0.9381705522537231, 0.17648844420909882, 0.2978048026561737, -0.07643844187259674, 0.7334282398223877, -0.6754555702209473, -0.3376285433769226, -0.6564562916755676, -0.6745902895927429], "cam_t_m2c": [-9.149892807006836, -73.26261901855469, 1161.68310546875], "obj_id": 1}, {"cam_R_m2c": [-0.9381705522537231, 0.17648844420909882, 0.2978048026561737, -0.07643844187259674, 0.7334282398223877, -0.6754555702209473, -0.3376285433769226, -0.6564562916755676, -0.6745902895927429], "cam_t_m2c": [-9.149892807006836, -73.26261901855469, 1161.68310546875], "obj_id": 3}, {"cam_R_m2c": [-0.9381705522537231, 0.17648844420909882, 0.2978048026561737, -0.07643844187259674, 0.7334282398223877, -0.6754555702209473, -0.3376285433769226, -0.6564562916755676, -0.6745902895927429], "cam_t_m2c": [-9.149892807006836, -73.26261901855469, 1161.68310546875], "obj_id": 2}, {"cam_R_m2c": [-0.9381705522537231, 0.17648844420909882, 0.2978048026561737, -0.07643844187259674, 0.7334282398223877, -0.6754555702209473, -0.3376285433769226, -0.6564562916755676, -0.6745902895927429], "cam_t_m2c": [-9.149892807006836, -73.26261901855469, 1161.68310546875], "obj_id": 1}, {"cam_R_m2c": [-0.9381705522537231, 0.17648844420909882, 0.2978048026561737, -0.07643844187259674, 0.7334282398223877, -0.6754555702209473, -0.3376285433769226, -0.6564562916755676, -0.6745902895927429], "cam_t_m2c": [-9.149892807006836, -73.26261901855469, 1161.68310546875], "obj_id": 2}, {"cam_R_m2c": [-0.9381705522537231, 0.17648844420909882, 0.2978048026561737, -0.07643844187259674, 0.7334282398223877, -0.6754555702209473, -0.3376285433769226, -0.6564562916755676, -0.6745902895927429], "cam_t_m2c": [-9.149892807006836, -73.26261901855469, 1161.68310546875], "obj_id": 3}, {"cam_R_m2c": [-0.9381705522537231, 0.17648844420909882, 0.2978048026561737, -0.07643844187259674, 0.7334282398223877, -0.6754555702209473, -0.3376285433769226, -0.6564562916755676, -0.6745902895927429], "cam_t_m2c": [-9.149892807006836, -73.26261901855469, 1161.68310546875], "obj_id": 3}, {"cam_R_m2c": [-0.9381705522537231, 0.17648844420909882, 0.2978048026561737, -0.07643844187259674, 0.7334282398223877, -0.6754555702209473, -0.3376285433769226, -0.6564562916755676, -0.6745902895927429], "cam_t_m2c": [-9.149892807006836, -73.26261901855469, 1161.68310546875], "obj_id": 1}, {"cam_R_m2c": [-0.9381705522537231, 0.17648844420909882, 0.2978048026561737, -0.07643844187259674, 0.7334282398223877, -0.6754555702209473, -0.3376285433769226, -0.6564562916755676, -0.6745902895927429], "cam_t_m2c": [-9.149892807006836, -73.26261901855469, 1161.68310546875], "obj_id": 0}, {"cam_R_m2c": [-0.9381705522537231, 0.17648844420909882, 0.2978048026561737, -0.07643844187259674, 0.7334282398223877, -0.6754555702209473, -0.3376285433769226, -0.6564562916755676, -0.6745902895927429], "cam_t_m2c": [-9.149892807006836, -73.26261901855469, 1161.68310546875], "obj_id": 1}, {"cam_R_m2c": [-0.9381705522537231, 0.17648844420909882, 0.2978048026561737, -0.07643844187259674, 0.7334282398223877, -0.6754555702209473, -0.3376285433769226, -0.6564562916755676, -0.6745902895927429], "cam_t_m2c": [-9.149892807006836, -73.26261901855469, 1161.68310546875], "obj_id": 3}, {"cam_R_m2c": [-0.9381705522537231, 0.17648844420909882, 0.2978048026561737, -0.07643844187259674, 0.7334282398223877, -0.6754555702209473, -0.3376285433769226, -0.6564562916755676, -0.6745902895927429], "cam_t_m2c": [-9.149892807006836, -73.26261901855469, 1161.68310546875], "obj_id": 2}, {"cam_R_m2c": [-0.9381705522537231, 0.17648844420909882, 0.2978048026561737, -0.07643844187259674, 0.7334282398223877, -0.6754555702209473, -0.3376285433769226, -0.6564562916755676, -0.6745902895927429], "cam_t_m2c": [-9.149892807006836, -73.26261901855469, 1161.68310546875], "obj_id": 3}, {"cam_R_m2c": [-0.9381705522537231, 0.17648844420909882, 0.2978048026561737, -0.07643844187259674, 0.7334282398223877, -0.6754555702209473, -0.3376285433769226, -0.6564562916755676, -0.6745902895927429], "cam_t_m2c": [-9.149892807006836, -73.26261901855469, 1161.68310546875], "obj_id": 2}, {"cam_R_m2c": [-0.9381705522537231, 0.17648844420909882, 0.2978048026561737, -0.07643844187259674, 0.7334282398223877, -0.6754555702209473, -0.3376285433769226, -0.6564562916755676, -0.6745902895927429], "cam_t_m2c": [-9.149892807006836, -73.26261901855469, 1161.68310546875], "obj_id": 2}, {"cam_R_m2c": [-0.9381705522537231, 0.17648844420909882, 0.2978048026561737, -0.07643844187259674, 0.7334282398223877, -0.6754555702209473, -0.3376285433769226, -0.6564562916755676, -0.6745902895927429], "cam_t_m2c": [-9.149892807006836, -73.26261901855469, 1161.68310546875], "obj_id": 2}, {"cam_R_m2c": [-0.08818798512220383, -0.5312791466712952, -0.84259432554245, 0.7718974947929382, 0.4982074201107025, -0.39492231607437134, 0.6296007037162781, -0.6852238774299622, 0.3661571741104126], "cam_t_m2c": [-35.954689025878906, -259.2242126464844, 1325.4815673828125], "obj_id": 1}, {"cam_R_m2c": [0.01913890801370144, -0.9153614044189453, -0.40217795968055725, 0.5481172800064087, 0.34602341055870056, -0.7614690661430359, 0.8361824154853821, -0.20586706697940826, 0.5083479881286621], "cam_t_m2c": [81.243408203125, 92.70832824707031, 983.05517578125], "obj_id": 0}, {"cam_R_m2c": [-0.8996604681015015, -0.410487562417984, 0.14869695901870728, -0.33289679884910583, 0.4246131181716919, -0.8419521450996399, 0.2824721932411194, -0.8069718480110168, -0.5186576247215271], "cam_t_m2c": [-74.24129486083984, 21.329004287719727, 944.1392822265625], "obj_id": 1}],
  "1": [{"cam_R_m2c": [-0.9381705522537231, 0.17648844420909882, 0.2978048026561737, -0.07643844187259674, 0.7334282398223877, -0.6754555702209473, -0.3376285433769226, -0.6564562916755676, -0.6745902895927429], "cam_t_m2c": [-9.149892807006836, -73.26261901855469, 1161.68310546875], "obj_id": 1}, {"cam_R_m2c": [-0.9381705522537231, 0.17648844420909882, 0.2978048026561737, -0.07643844187259674, 0.7334282398223877, -0.6754555702209473, -0.3376285433769226, -0.6564562916755676, -0.6745902895927429], "cam_t_m2c": [-9.149892807006836, -73.26261901855469, 1161.68310546875], "obj_id": 3}, {"cam_R_m2c": [-0.9381705522537231, 0.17648844420909882, 0.2978048026561737, -0.07643844187259674, 0.7334282398223877, -0.6754555702209473, -0.3376285433769226, -0.6564562916755676, -0.6745902895927429], "cam_t_m2c": [-9.149892807006836, -73.26261901855469, 1161.68310546875], "obj_id": 2}, {"cam_R_m2c": [-0.9381705522537231, 0.17648844420909882, 0.2978048026561737, -0.07643844187259674, 0.7334282398223877, -0.6754555702209473, -0.3376285433769226, -0.6564562916755676, -0.6745902895927429], "cam_t_m2c": [-9.149892807006836, -73.26261901855469, 1161.68310546875], "obj_id": 1}, {"cam_R_m2c": [-0.9381705522537231, 0.17648844420909882, 0.2978048026561737, -0.07643844187259674, 0.7334282398223877, -0.6754555702209473, -0.3376285433769226, -0.6564562916755676, -0.6745902895927429], "cam_t_m2c": [-9.149892807006836, -73.26261901855469, 1161.68310546875], "obj_id": 2}, {"cam_R_m2c": [-0.9381705522537231, 0.17648844420909882, 0.2978048026561737, -0.07643844187259674, 0.7334282398223877, -0.6754555702209473, -0.3376285433769226, -0.6564562916755676, -0.6745902895927429], "cam_t_m2c": [-9.149892807006836, -73.26261901855469, 1161.68310546875], "obj_id": 3}, {"cam_R_m2c": [-0.9381705522537231, 0.17648844420909882, 0.2978048026561737, -0.07643844187259674, 0.7334282398223877, -0.6754555702209473, -0.3376285433769226, -0.6564562916755676, -0.6745902895927429], "cam_t_m2c": [-9.149892807006836, -73.26261901855469, 1161.68310546875], "obj_id": 3}, {"cam_R_m2c": [-0.9381705522537231, 0.17648844420909882, 0.2978048026561737, -0.07643844187259674, 0.7334282398223877, -0.6754555702209473, -0.3376285433769226, -0.6564562916755676, -0.6745902895927429], "cam_t_m2c": [-9.149892807006836, -73.26261901855469, 1161.68310546875], "obj_id": 1}, {"cam_R_m2c": [-0.9381705522537231, 0.17648844420909882, 0.2978048026561737, -0.07643844187259674, 0.7334282398223877, -0.6754555702209473, -0.3376285433769226, -0.6564562916755676, -0.6745902895927429], "cam_t_m2c": [-9.149892807006836, -73.26261901855469, 1161.68310546875], "obj_id": 0}, {"cam_R_m2c": [-0.9381705522537231, 0.17648844420909882, 0.2978048026561737, -0.07643844187259674, 0.7334282398223877, -0.6754555702209473, -0.3376285433769226, -0.6564562916755676, -0.6745902895927429], "cam_t_m2c": [-9.149892807006836, -73.26261901855469, 1161.68310546875], "obj_id": 1}, {"cam_R_m2c": [-0.9381705522537231, 0.17648844420909882, 0.2978048026561737, -0.07643844187259674, 0.7334282398223877, -0.6754555702209473, -0.3376285433769226, -0.6564562916755676, -0.6745902895927429], "cam_t_m2c": [-9.149892807006836, -73.26261901855469, 1161.68310546875], "obj_id": 3}, {"cam_R_m2c": [-0.9381705522537231, 0.17648844420909882, 0.2978048026561737, -0.07643844187259674, 0.7334282398223877, -0.6754555702209473, -0.3376285433769226, -0.6564562916755676, -0.6745902895927429], "cam_t_m2c": [-9.149892807006836, -73.26261901855469, 1161.68310546875], "obj_id": 2}, {"cam_R_m2c": [-0.9381705522537231, 0.17648844420909882, 0.2978048026561737, -0.07643844187259674, 0.7334282398223877, -0.6754555702209473, -0.3376285433769226, -0.6564562916755676, -0.6745902895927429], "cam_t_m2c": [-9.149892807006836, -73.26261901855469, 1161.68310546875], "obj_id": 3}, {"cam_R_m2c": [-0.9381705522537231, 0.17648844420909882, 0.2978048026561737, -0.07643844187259674, 0.7334282398223877, -0.6754555702209473, -0.3376285433769226, -0.6564562916755676, -0.6745902895927429], "cam_t_m2c": [-9.149892807006836, -73.26261901855469, 1161.68310546875], "obj_id": 2}, {"cam_R_m2c": [-0.9381705522537231, 0.17648844420909882, 0.2978048026561737, -0.07643844187259674, 0.7334282398223877, -0.6754555702209473, -0.3376285433769226, -0.6564562916755676, -0.6745902895927429], "cam_t_m2c": [-9.149892807006836, -73.26261901855469, 1161.68310546875], "obj_id": 2}, {"cam_R_m2c": [-0.9381705522537231, 0.17648844420909882, 0.2978048026561737, -0.07643844187259674, 0.7334282398223877, -0.6754555702209473, -0.3376285433769226, -0.6564562916755676, -0.6745902895927429], "cam_t_m2c": [-9.149892807006836, -73.26261901855469, 1161.68310546875], "obj_id": 2}, {"cam_R_m2c": [-0.08818798512220383, -0.5312791466712952, -0.84259432554245, 0.7718974947929382, 0.4982074201107025, -0.39492231607437134, 0.6296007037162781, -0.6852238774299622, 0.3661571741104126], "cam_t_m2c": [-35.954689025878906, -259.2242126464844, 1325.4815673828125], "obj_id": 1}, {"cam_R_m2c": [0.01913890801370144, -0.9153614044189453, -0.40217795968055725, 0.5481172800064087, 0.34602341055870056, -0.7614690661430359, 0.8361824154853821, -0.20586706697940826, 0.5083479881286621], "cam_t_m2c": [81.243408203125, 92.70832824707031, 983.05517578125], "obj_id": 0}, {"cam_R_m2c": [-0.8996604681015015, -0.410487562417984, 0.14869695901870728, -0.33289679884910583, 0.4246131181716919, -0.8419521450996399, 0.2824721932411194, -0.8069718480110168, -0.5186576247215271], "cam_t_m2c": [-74.24129486083984, 21.329004287719727, 944.1392822265625], "obj_id": 1}],
  "2": [{"cam_R_m2c": [-0.9381705522537231, 0.17648844420909882, 0.2978048026561737, -0.07643844187259674, 0.7334282398223877, -0.6754555702209473, -0.3376285433769226, -0.6564562916755676, -0.6745902895927429], "cam_t_m2c": [-9.149892807006836, -73.26261901855469, 1161.68310546875], "obj_id": 1}, {"cam_R_m2c": [-0.9381705522537231, 0.17648844420909882, 0.2978048026561737, -0.07643844187259674, 0.7334282398223877, -0.6754555702209473, -0.3376285433769226, -0.6564562916755676, -0.6745902895927429], "cam_t_m2c": [-9.149892807006836, -73.26261901855469, 1161.68310546875], "obj_id": 3}, {"cam_R_m2c": [-0.9381705522537231, 0.17648844420909882, 0.2978048026561737, -0.07643844187259674, 0.7334282398223877, -0.6754555702209473, -0.3376285433769226, -0.6564562916755676, -0.6745902895927429], "cam_t_m2c": [-9.149892807006836, -73.26261901855469, 1161.68310546875], "obj_id": 2}, {"cam_R_m2c": [-0.9381705522537231, 0.17648844420909882, 0.2978048026561737, -0.07643844187259674, 0.7334282398223877, -0.6754555702209473, -0.3376285433769226, -0.6564562916755676, -0.6745902895927429], "cam_t_m2c": [-9.149892807006836, -73.26261901855469, 1161.68310546875], "obj_id": 1}, {"cam_R_m2c": [-0.9381705522537231, 0.17648844420909882, 0.2978048026561737, -0.07643844187259674, 0.7334282398223877, -0.6754555702209473, -0.3376285433769226, -0.6564562916755676, -0.6745902895927429], "cam_t_m2c": [-9.149892807006836, -73.26261901855469, 1161.68310546875], "obj_id": 2}, {"cam_R_m2c": [-0.9381705522537231, 0.17648844420909882, 0.2978048026561737, -0.07643844187259674, 0.7334282398223877, -0.6754555702209473, -0.3376285433769226, -0.6564562916755676, -0.6745902895927429], "cam_t_m2c": [-9.149892807006836, -73.26261901855469, 1161.68310546875], "obj_id": 3}, {"cam_R_m2c": [-0.9381705522537231, 0.17648844420909882, 0.2978048026561737, -0.07643844187259674, 0.7334282398223877, -0.6754555702209473, -0.3376285433769226, -0.6564562916755676, -0.6745902895927429], "cam_t_m2c": [-9.149892807006836, -73.26261901855469, 1161.68310546875], "obj_id": 3}, {"cam_R_m2c": [-0.9381705522537231, 0.17648844420909882, 0.2978048026561737, -0.07643844187259674, 0.7334282398223877, -0.6754555702209473, -0.3376285433769226, -0.6564562916755676, -0.6745902895927429], "cam_t_m2c": [-9.149892807006836, -73.26261901855469, 1161.68310546875], "obj_id": 1}, {"cam_R_m2c": [-0.9381705522537231, 0.17648844420909882, 0.2978048026561737, -0.07643844187259674, 0.7334282398223877, -0.6754555702209473, -0.3376285433769226, -0.6564562916755676, -0.6745902895927429], "cam_t_m2c": [-9.149892807006836, -73.26261901855469, 1161.68310546875], "obj_id": 0}, {"cam_R_m2c": [-0.9381705522537231, 0.17648844420909882, 0.2978048026561737, -0.07643844187259674, 0.7334282398223877, -0.6754555702209473, -0.3376285433769226, -0.6564562916755676, -0.6745902895927429], "cam_t_m2c": [-9.149892807006836, -73.26261901855469, 1161.68310546875], "obj_id": 1}, {"cam_R_m2c": [-0.9381705522537231, 0.17648844420909882, 0.2978048026561737, -0.07643844187259674, 0.7334282398223877, -0.6754555702209473, -0.3376285433769226, -0.6564562916755676, -0.6745902895927429], "cam_t_m2c": [-9.149892807006836, -73.26261901855469, 1161.68310546875], "obj_id": 3}, {"cam_R_m2c": [-0.9381705522537231, 0.17648844420909882, 0.2978048026561737, -0.07643844187259674, 0.7334282398223877, -0.6754555702209473, -0.3376285433769226, -0.6564562916755676, -0.6745902895927429], "cam_t_m2c": [-9.149892807006836, -73.26261901855469, 1161.68310546875], "obj_id": 2}, {"cam_R_m2c": [-0.9381705522537231, 0.17648844420909882, 0.2978048026561737, -0.07643844187259674, 0.7334282398223877, -0.6754555702209473, -0.3376285433769226, -0.6564562916755676, -0.6745902895927429], "cam_t_m2c": [-9.149892807006836, -73.26261901855469, 1161.68310546875], "obj_id": 3}, {"cam_R_m2c": [-0.9381705522537231, 0.17648844420909882, 0.2978048026561737, -0.07643844187259674, 0.7334282398223877, -0.6754555702209473, -0.3376285433769226, -0.6564562916755676, -0.6745902895927429], "cam_t_m2c": [-9.149892807006836, -73.26261901855469, 1161.68310546875], "obj_id": 2}, {"cam_R_m2c": [-0.9381705522537231, 0.17648844420909882, 0.2978048026561737, -0.07643844187259674, 0.7334282398223877, -0.6754555702209473, -0.3376285433769226, -0.6564562916755676, -0.6745902895927429], "cam_t_m2c": [-9.149892807006836, -73.26261901855469, 1161.68310546875], "obj_id": 2}, {"cam_R_m2c": [-0.9381705522537231, 0.17648844420909882, 0.2978048026561737, -0.07643844187259674, 0.7334282398223877, -0.6754555702209473, -0.3376285433769226, -0.6564562916755676, -0.6745902895927429], "cam_t_m2c": [-9.149892807006836, -73.26261901855469, 1161.68310546875], "obj_id": 2}, {"cam_R_m2c": [-0.08818798512220383, -0.5312791466712952, -0.84259432554245, 0.7718974947929382, 0.4982074201107025, -0.39492231607437134, 0.6296007037162781, -0.6852238774299622, 0.3661571741104126], "cam_t_m2c": [-35.954689025878906, -259.2242126464844, 1325.4815673828125], "obj_id": 1}, {"cam_R_m2c": [0.01913890801370144, -0.9153614044189453, -0.40217795968055725, 0.5481172800064087, 0.34602341055870056, -0.7614690661430359, 0.8361824154853821, -0.20586706697940826, 0.5083479881286621], "cam_t_m2c": [81.243408203125, 92.70832824707031, 983.05517578125], "obj_id": 0}, {"cam_R_m2c": [-0.8996604681015015, -0.410487562417984, 0.14869695901870728, -0.33289679884910583, 0.4246131181716919, -0.8419521450996399, 0.2824721932411194, -0.8069718480110168, -0.5186576247215271], "cam_t_m2c": [-74.24129486083984, 21.329004287719727, 944.1392822265625], "obj_id": 1}],
  "3": [{"cam_R_m2c": [0.9685746431350708, -0.1741834282875061, -0.1775478720664978, -0.21677647531032562, -0.9411700367927551, -0.25924253463745117, -0.12194700539112091, 0.2895839512348175, -0.9493523240089417], "cam_t_m2c": [23.944292068481445, -149.54104614257812, 1190.1944580078125], "obj_id": 2}, {"cam_R_m2c": [0.9685746431350708, -0.1741834282875061, -0.1775478720664978, -0.21677647531032562, -0.9411700367927551, -0.25924253463745117, -0.12194700539112091, 0.2895839512348175, -0.9493523240089417], "cam_t_m2c": [23.944292068481445, -149.54104614257812, 1190.1944580078125], "obj_id": 0}, {"cam_R_m2c": [0.9685746431350708, -0.1741834282875061, -0.1775478720664978, -0.21677647531032562, -0.9411700367927551, -0.25924253463745117, -0.12194700539112091, 0.2895839512348175, -0.9493523240089417], "cam_t_m2c": [23.944292068481445, -149.54104614257812, 1190.1944580078125], "obj_id": 2}, {"cam_R_m2c": [0.9685746431350708, -0.1741834282875061, -0.1775478720664978, -0.21677647531032562, -0.9411700367927551, -0.25924253463745117, -0.12194700539112091, 0.2895839512348175, -0.9493523240089417], "cam_t_m2c": [23.944292068481445, -149.54104614257812, 1190.1944580078125], "obj_id": 1}, {"cam_R_m2c": [0.9685746431350708, -0.1741834282875061, -0.1775478720664978, -0.21677647531032562, -0.9411700367927551, -0.25924253463745117, -0.12194700539112091, 0.2895839512348175, -0.9493523240089417], "cam_t_m2c": [23.944292068481445, -149.54104614257812, 1190.1944580078125], "obj_id": 1}, {"cam_R_m2c": [0.9685746431350708, -0.1741834282875061, -0.1775478720664978, -0.21677647531032562, -0.9411700367927551, -0.25924253463745117, -0.12194700539112091, 0.2895839512348175, -0.9493523240089417], "cam_t_m2c": [23.944292068481445, -149.54104614257812, 1190.1944580078125], "obj_id": 3}, {"cam_R_m2c": [0.9685746431350708, -0.1741834282875061, -0.1775478720664978, -0.21677647531032562, -0.9411700367927551, -0.25924253463745117, -0.12194700539112091, 0.2895839512348175, -0.9493523240089417], "cam_t_m2c": [23.944292068481445, -149.54104614257812, 1190.1944580078125], "obj_id": 1}, {"cam_R_m2c": [0.9685746431350708, -0.1741834282875061, -0.1775478720664978, -0.21677647531032562, -0.9411700367927551, -0.25924253463745117, -0.12194700539112091, 0.2895839512348175, -0.9493523240089417], "cam_t_m2c": [23.944292068481445, -149.54104614257812, 1190.1944580078125], "obj_id": 1}, {"cam_R_m2c": [0.9685746431350708, -0.1741834282875061, -0.1775478720664978, -0.21677647531032562, -0.9411700367927551, -0.25924253463745117, -0.12194700539112091, 0.2895839512348175, -0.9493523240089417], "cam_t_m2c": [23.944292068481445, -149.54104614257812, 1190.1944580078125], "obj_id": 2}, {"cam_R_m2c": [0.9685746431350708, -0.1741834282875061, -0.1775478720664978, -0.21677647531032562, -0.9411700367927551, -0.25924253463745117, -0.12194700539112091, 0.2895839512348175, -0.9493523240089417], "cam_t_m2c": [23.944292068481445, -149.54104614257812, 1190.1944580078125], "obj_id": 2}, {"cam_R_m2c": [0.9685746431350708, -0.1741834282875061, -0.1775478720664978, -0.21677647531032562, -0.9411700367927551, -0.25924253463745117, -0.12194700539112091, 0.2895839512348175, -0.9493523240089417], "cam_t_m2c": [23.944292068481445, -149.54104614257812, 1190.1944580078125], "obj_id": 2}, {"cam_R_m2c": [0.9685746431350708, -0.1741834282875061, -0.1775478720664978, -0.21677647531032562, -0.9411700367927551, -0.25924253463745117, -0.12194700539112091, 0.2895839512348175, -0.9493523240089417], "cam_t_m2c": [23.944292068481445, -149.54104614257812, 1190.1944580078125], "obj_id": 1}, {"cam_R_m2c": [0.9685746431350708, -0.1741834282875061, -0.1775478720664978, -0.21677647531032562, -0.9411700367927551, -0.25924253463745117, -0.12194700539112091, 0.2895839512348175, -0.9493523240089417], "cam_t_m2c": [23.944292068481445, -149.54104614257812, 1190.1944580078125], "obj_id": 2}, {"cam_R_m2c": [0.9685746431350708, -0.1741834282875061, -0.1775478720664978, -0.21677647531032562, -0.9411700367927551, -0.25924253463745117, -0.12194700539112091, 0.2895839512348175, -0.9493523240089417], "cam_t_m2c": [23.944292068481445, -149.54104614257812, 1190.1944580078125], "obj_id": 3}, {"cam_R_m2c": [0.9685746431350708, -0.1741834282875061, -0.1775478720664978, -0.21677647531032562, -0.9411700367927551, -0.25924253463745117, -0.12194700539112091, 0.2895839512348175, -0.9493523240089417], "cam_t_m2c": [23.944292068481445, -149.54104614257812, 1190.1944580078125], "obj_id": 0}, {"cam_R_m2c": [0.9685746431350708, -0.1741834282875061, -0.1775478720664978, -0.21677647531032562, -0.9411700367927551, -0.25924253463745117, -0.12194700539112091, 0.2895839512348175, -0.9493523240089417], "cam_t_m2c": [23.944292068481445, -149.54104614257812, 1190.1944580078125], "obj_id": 2}, {"cam_R_m2c": [0.7984335422515869, -0.6017940640449524, -0.0186469666659832, -0.5991290807723999, -0.7910710573196411, -0.12349370867013931, 0.05956671014428139, 0.10977345705032349, -0.9921700358390808], "cam_t_m2c": [-93.6801986694336, -134.521484375, 1143.01220703125], "obj_id": 1}, {"cam_R_m2c": [0.06567269563674927, -0.5035807490348816, 0.8614485263824463, -0.5105994939804077, 0.7247653603553772, 0.46260493993759155, -0.8573070168495178, -0.4702357053756714, -0.2095307856798172], "cam_t_m2c": [-81.61711120605469, -95.83470916748047, 1223.8958740234375], "obj_id": 0}, {"cam_R_m2c": [0.856889009475708, -0.5031248927116394, 0.11227922141551971, 0.004828121047466993, -0.20996367931365967, -0.9776973128318787, 0.5154783725738525, 0.8383201956748962, -0.17748643457889557], "cam_t_m2c": [-21.544036865234375, 138.0270538330078, 1099.9171142578125], "obj_id": 3}],
  "4": [{"cam_R_m2c": [0.949722945690155, 0.3120668828487396, 0.02530992403626442, 0.31272372603416443, -0.9494198560714722, -0.028383344411849976, 0.015172244980931282, 0.03487132862210274, -0.9992765188217163], "cam_t_m2c": [94.09490203857422, -126.05039978027344, 1203.3814697265625], "obj_id": 2}, {"cam_R_m2c": [0.949722945690155, 0.3120668828487396, 0.02530992403626442, 0.31272372603416443, -0.9494198560714722, -0.028383344411849976, 0.015172244980931282, 0.03487132862210274, -0.9992765188217163], "cam_t_m2c": [94.09490203857422, -126.05039978027344, 1203.3814697265625], "obj_id": 0}, {"cam_R_m2c": [0.949722945690155, 0.3120668828487396, 0.02530992403626442, 0.31272372603416443, -0.9494198560714722, -0.028383344411849976, 0.015172244980931282, 0.03487132862210274, -0.9992765188217163], "cam_t_m2c": [94.09490203857422, -126.05039978027344, 1203.3814697265625], "obj_id": 2}, {"cam_R_m2c": [0.949722945690155, 0.3120668828487396, 0.02530992403626442, 0.31272372603416443, -0.9494198560714722, -0.028383344411849976, 0.015172244980931282, 0.03487132862210274, -0.9992765188217163], "cam_t_m2c": [94.09490203857422, -126.05039978027344, 1203.3814697265625], "obj_id": 1}, {"cam_R_m2c": [0.949722945690155, 0.3120668828487396, 0.02530992403626442, 0.31272372603416443, -0.9494198560714722, -0.028383344411849976, 0.015172244980931282, 0.03487132862210274, -0.9992765188217163], "cam_t_m2c": [94.09490203857422, -126.05039978027344, 1203.3814697265625], "obj_id": 1}, {"cam_R_m2c": [0.949722945690155, 0.3120668828487396, 0.02530992403626442, 0.31272372603416443, -0.9494198560714722, -0.028383344411849976, 0.015172244980931282, 0.03487132862210274, -0.9992765188217163], "cam_t_m2c": [94.09490203857422, -126.05039978027344, 1203.3814697265625], "obj_id": 3}, {"cam_R_m2c": [0.949722945690155, 0.3120668828487396, 0.02530992403626442, 0.31272372603416443, -0.9494198560714722, -0.028383344411849976, 0.015172244980931282, 0.03487132862210274, -0.9992765188217163], "cam_t_m2c": [94.09490203857422, -126.05039978027344, 1203.3814697265625], "obj_id": 1}, {"cam_R_m2c": [0.949722945690155, 0.3120668828487396, 0.02530992403626442, 0.31272372603416443, -0.9494198560714722, -0.028383344411849976, 0.015172244980931282, 0.03487132862210274, -0.9992765188217163], "cam_t_m2c": [94.09490203857422, -126.05039978027344, 1203.3814697265625], "obj_id": 1}, {"cam_R_m2c": [0.949722945690155, 0.3120668828487396, 0.02530992403626442, 0.31272372603416443, -0.9494198560714722, -0.028383344411849976, 0.015172244980931282, 0.03487132862210274, -0.9992765188217163], "cam_t_m2c": [94.09490203857422, -126.05039978027344, 1203.3814697265625], "obj_id": 2}, {"cam_R_m2c": [0.949722945690155, 0.3120668828487396, 0.02530992403626442, 0.31272372603416443, -0.9494198560714722, -0.028383344411849976, 0.015172244980931282, 0.03487132862210274, -0.9992765188217163], "cam_t_m2c": [94.09490203857422, -126.05039978027344, 1203.3814697265625], "obj_id": 2}, {"cam_R_m2c": [0.949722945690155, 0.3120668828487396, 0.02530992403626442, 0.31272372603416443, -0.9494198560714722, -0.028383344411849976, 0.015172244980931282, 0.03487132862210274, -0.9992765188217163], "cam_t_m2c": [94.09490203857422, -126.05039978027344, 1203.3814697265625], "obj_id": 2}, {"cam_R_m2c": [0.949722945690155, 0.3120668828487396, 0.02530992403626442, 0.31272372603416443, -0.9494198560714722, -0.028383344411849976, 0.015172244980931282, 0.03487132862210274, -0.9992765188217163], "cam_t_m2c": [94.09490203857422, -126.05039978027344, 1203.3814697265625], "obj_id": 1}, {"cam_R_m2c": [0.949722945690155, 0.3120668828487396, 0.02530992403626442, 0.31272372603416443, -0.9494198560714722, -0.028383344411849976, 0.015172244980931282, 0.03487132862210274, -0.9992765188217163], "cam_t_m2c": [94.09490203857422, -126.05039978027344, 1203.3814697265625], "obj_id": 2}, {"cam_R_m2c": [0.949722945690155, 0.3120668828487396, 0.02530992403626442, 0.31272372603416443, -0.9494198560714722, -0.028383344411849976, 0.015172244980931282, 0.03487132862210274, -0.9992765188217163], "cam_t_m2c": [94.09490203857422, -126.05039978027344, 1203.3814697265625], "obj_id": 3}, {"cam_R_m2c": [0.949722945690155, 0.3120668828487396, 0.02530992403626442, 0.31272372603416443, -0.9494198560714722, -0.028383344411849976, 0.015172244980931282, 0.03487132862210274, -0.9992765188217163], "cam_t_m2c": [94.09490203857422, -126.05039978027344, 1203.3814697265625], "obj_id": 0}, {"cam_R_m2c": [0.949722945690155, 0.3120668828487396, 0.02530992403626442, 0.31272372603416443, -0.9494198560714722, -0.028383344411849976, 0.015172244980931282, 0.03487132862210274, -0.9992765188217163], "cam_t_m2c": [94.09490203857422, -126.05039978027344, 1203.3814697265625], "obj_id": 2}, {"cam_R_m2c": [0.9877732396125793, -0.12319359928369522, 0.09553740173578262, -0.13829198479652405, -0.9753109216690063, 0.17217393219470978, 0.0719679445028305, -0.1832808554172516, -0.9804227352142334], "cam_t_m2c": [-12.450749397277832, -155.70970153808594, 1139.697509765625], "obj_id": 1}, {"cam_R_m2c": [0.3573990762233734, -0.7771697640419006, 0.5179507732391357, -0.14901520311832428, 0.500023603439331, 0.8530948162078857, -0.9219871759414673, -0.38207781314849854, 0.06289786845445633], "cam_t_m2c": [-25.646970748901367, -140.9119110107422, 1227.965576171875], "obj_id": 0}, {"cam_R_m2c": [0.7098578810691833, -0.36840689182281494, 0.6003150343894958, 0.26210349798202515, -0.6529268622398376, -0.7106252312660217, 0.6537610292434692, 0.6617875695228577, -0.366924524307251], "cam_t_m2c": [-86.15708923339844, 117.83275604248047, 1172.6431884765625], "obj_id": 3}]
}