{
  "0": [{"cam_R_m2c": [0.7639732360839844, -0.6204620599746704, 0.17712043225765228, 0.13315936923027039, 0.42019546031951904, 0.8976103067398071, -0.6313583850860596, -0.6621649861335754, 0.40363845229148865], "cam_t_m2c": [-362.24420166015625, 169.64173889160156, 627.1210327148438], "obj_id": 2}, {"cam_R_m2c": [0.3049054443836212, 0.8578493595123291, 0.4136754274368286, -0.7759795784950256, -0.028059136122465134, 0.630133867263794, 0.5521671772003174, -0.5131349563598633, 0.6571179628372192], "cam_t_m2c": [-362.24420166015625, 169.64173889160156, 627.1210327148438], "obj_id": 1}, {"cam_R_m2c": [0.8601894378662109, -0.4958842694759369, -0.11905000358819962, -0.4925466775894165, -0.8683452010154724, 0.05808771401643753, -0.1321813017129898, 0.008671248331665993, -0.9911875128746033], "cam_t_m2c": [-362.24420166015625, 169.64173889160156, 627.1210327148438], "obj_id": 0}, {"cam_R_m2c": [0.022213228046894073, 0.8647817969322205, -0.5016562938690186, -0.7390146255493164, -0.3237403631210327, -0.5908042788505554, -0.6733231544494629, 0.38385501503944397, 0.6318950057029724], "cam_t_m2c": [-362.24420166015625, 169.64173889160156, 627.1210327148438], "obj_id": 0}, {"cam_R_m2c": [0.8999263644218445, -0.276000052690506, -0.33757445216178894, -0.4154128134250641, -0.777981162071228, -0.47135698795318604, -0.1325320154428482, 0.5644193291664124, -0.8147796988487244], "cam_t_m2c": [-362.24420166015625, 169.64173889160156, 627.1210327148438], "obj_id": 0}, {"cam_R_m2c": [0.3341372013092041, -0.5010935068130493, -0.7982841730117798, 0.6129370331764221, -0.5278846621513367, 0.5879166722297668, -0.7160031795501709, -0.6857427358627319, 0.13075286149978638], "cam_t_m2c": [-362.24420166015625, 169.64173889160156, 627.1210327148438], "obj_id": 1}, {"cam_R_m2c": [-0.42726871371269226, 0.4653264284133911, -0.7751854658126831, -0.881411612033844, -0.40535062551498413, 0.24249587953090668, -0.20138226449489594, 0.7868684530258179, 0.5833379030227661], "cam_t_m2c": [-362.24420166015625, 169.64173889160156, 627.1210327148438], "obj_id": 2}, {"cam_R_m2c": [0.09336654841899872, -0.12471315264701843, -0.9877899885177612, -0.9317531585693359, -0.3605908453464508, -0.04254349321126938, -0.35088247060775757, 0.9243487119674683, -0.14986886084079742], "cam_t_m2c": [-362.24420166015625, 169.64173889160156, 627.1210327148438], "obj_id": 1}, {"cam_R_m2c": [0.9684742093086243, -0.10114292055368423, 0.227657288312912, -0.19845490157604218, 0.23913870751857758, 0.9504884481430054, -0.15057684481143951, -0.9657032489776611, 0.21152736246585846], "cam_t_m2c": [-362.24420166015625, 169.64173889160156, 627.1210327148438], "obj_id": 1}, {"cam_R_m2c": [-0.9138601422309875, -0.03497270122170448, 0.4045197665691376, 0.26017239689826965, 0.7144390344619751, 0.6495283842086792, -0.31172049045562744, 0.698823094367981, -0.6437984108924866], "cam_t_m2c": [-362.24420166015625, 169.64173889160156, 627.1210327148438], "obj_id": 0}],
  "1": [{"cam_R_m2c": [0.7639732360839844, -0.6204620599746704, 0.17712043225765228, 0.13315936923027039, 0.42019546031951904, 0.8976103067398071, -0.6313583850860596, -0.6621649861335754, 0.40363845229148865], "cam_t_m2c": [-362.24420166015625, 169.64173889160156, 627.1210327148438], "obj_id": 2}, {"cam_R_m2c": [0.3049054443836212, 0.8578493595123291, 0.4136754274368286, -0.7759795784950256, -0.028059136122465134, 0.630133867263794, 0.5521671772003174, -0.5131349563598633, 0.6571179628372192], "cam_t_m2c": [-362.24420166015625, 169.64173889160156, 627.1210327148438], "obj_id": 1}, {"cam_R_m2c": [0.8601894378662109, -0.4958842694759369, -0.11905000358819962, -0.4925466775894165, -0.8683452010154724, 0.05808771401643753, -0.1321813017129898, 0.008671248331665993, -0.9911875128746033], "cam_t_m2c": [-362.24420166015625, 169.64173889160156, 627.1210327148438], "obj_id": 0}, {"cam_R_m2c": [0.022213228046894073, 0.8647817969322205, -0.5016562938690186, -0.7390146255493164, -0.3237403631210327, -0.5908042788505554, -0.6733231544494629, 0.38385501503944397, 0.6318950057029724], "cam_t_m2c": [-362.24420166015625, 169.64173889160156, 627.1210327148438], "obj_id": 0}, {"cam_R_m2c": [0.8999263644218445, -0.276000052690506, -0.33757445216178894, -0.4154128134250641, -0.777981162071228, -0.47135698795318604, -0.1325320154428482, 0.5644193291664124, -0.8147796988487244], "cam_t_m2c": [-362.24420166015625, 169.64173889160156, 627.1210327148438], "obj_id": 0}, {"cam_R_m2c": [0.3341372013092041, -0.5010935068130493, -0.7982841730117798, 0.6129370331764221, -0.5278846621513367, 0.5879166722297668, -0.7160031795501709, -0.6857427358627319, 0.13075286149978638], "cam_t_m2c": [-362.24420166015625, 169.64173889160156, 627.1210327148438], "obj_id": 1}, {"cam_R_m2c": [-0.42726871371269226, 0.4653264284133911, -0.7751854658126831, -0.881411612033844, -0.40535062551498413, 0.24249587953090668, -0.20138226449489594, 0.7868684530258179, 0.5833379030227661], "cam_t_m2c": [-362.24420166015625, 169.64173889160156, 627.1210327148438], "obj_id": 2}, {"cam_R_m2c": [0.09336654841899872, -0.12471315264701843, -0.9877899885177612, -0.9317531585693359, -0.3605908453464508, -0.04254349321126938, -0.35088247060775757, 0.9243487119674683, -0.14986886084079742], "cam_t_m2c": [-362.24420166015625, 169.64173889160156, 627.1210327148438], "obj_id": 1}, {"cam_R_m2c": [0.9684742093086243, -0.10114292055368423, 0.227657288312912, -0.19845490157604218, 0.23913870751857758, 0.9504884481430054, -0.15057684481143951, -0.9657032489776611, 0.21152736246585846], "cam_t_m2c": [-362.24420166015625, 169.64173889160156, 627.1210327148438], "obj_id": 1}, {"cam_R_m2c": [-0.9138601422309875, -0.03497270122170448, 0.4045197665691376, 0.26017239689826965, 0.7144390344619751, 0.6495283842086792, -0.31172049045562744, 0.698823094367981, -0.6437984108924866], "cam_t_m2c": [-362.24420166015625, 169.64173889160156, 627.1210327148438], "obj_id": 0}],
  "2": [{"cam_R_m2c": [0.7639732360839844, -0.6204620599746704, 0.17712043225765228, 0.13315936923027039, 0.42019546031951904, 0.8976103067398071, -0.6313583850860596, -0.6621649861335754, 0.40363845229148865], "cam_t_m2c": [-362.24420166015625, 169.64173889160156, 627.1210327148438], "obj_id": 2}, {"cam_R_m2c": [0.3049054443836212, 0.8578493595123291, 0.4136754274368286, -0.7759795784950256, -0.028059136122465134, 0.630133867263794, 0.5521671772003174, -0.5131349563598633, 0.6571179628372192], "cam_t_m2c": [-362.24420166015625, 169.64173889160156, 627.1210327148438], "obj_id": 1}, {"cam_R_m2c": [0.8601894378662109, -0.4958842694759369, -0.11905000358819962, -0.4925466775894165, -0.8683452010154724, 0.05808771401643753, -0.1321813017129898, 0.008671248331665993, -0.9911875128746033], "cam_t_m2c": [-362.24420166015625, 169.64173889160156, 627.1210327148438], "obj_id": 0}, {"cam_R_m2c": [0.022213228046894073, 0.8647817969322205, -0.5016562938690186, -0.7390146255493164, -0.3237403631210327, -0.5908042788505554, -0.6733231544494629, 0.38385501503944397, 0.6318950057029724], "cam_t_m2c": [-362.24420166015625, 169.64173889160156, 627.1210327148438], "obj_id": 0}, {"cam_R_m2c": [0.8999263644218445, -0.276000052690506, -0.33757445216178894, -0.4154128134250641, -0.777981162071228, -0.47135698795318604, -0.1325320154428482, 0.5644193291664124, -0.8147796988487244], "cam_t_m2c": [-362.24420166015625, 169.64173889160156, 627.1210327148438], "obj_id": 0}, {"cam_R_m2c": [0.3341372013092041, -0.5010935068130493, -0.7982841730117798, 0.6129370331764221, -0.5278846621513367, 0.5879166722297668, -0.7160031795501709, -0.6857427358627319, 0.13075286149978638], "cam_t_m2c": [-362.24420166015625, 169.64173889160156, 627.1210327148438], "obj_id": 1}, {"cam_R_m2c": [-0.42726871371269226, 0.4653264284133911, -0.7751854658126831, -0.881411612033844, -0.40535062551498413, 0.24249587953090668, -0.20138226449489594, 0.7868684530258179, 0.5833379030227661], "cam_t_m2c": [-362.24420166015625, 169.64173889160156, 627.1210327148438], "obj_id": 2}, {"cam_R_m2c": [0.09336654841899872, -0.12471315264701843, -0.9877899885177612, -0.9317531585693359, -0.3605908453464508, -0.04254349321126938, -0.35088247060775757, 0.9243487119674683, -0.14986886084079742], "cam_t_m2c": [-362.24420166015625, 169.64173889160156, 627.1210327148438], "obj_id": 1}, {"cam_R_m2c": [0.9684742093086243, -0.10114292055368423, 0.227657288312912, -0.19845490157604218, 0.23913870751857758, 0.9504884481430054, -0.15057684481143951, -0.9657032489776611, 0.21152736246585846], "cam_t_m2c": [-362.24420166015625, 169.64173889160156, 627.1210327148438], "obj_id": 1}, {"cam_R_m2c": [-0.9138601422309875, -0.03497270122170448, 0.4045197665691376, 0.26017239689826965, 0.7144390344619751, 0.6495283842086792, -0.31172049045562744, 0.698823094367981, -0.6437984108924866], "cam_t_m2c": [-362.24420166015625, 169.64173889160156, 627.1210327148438], "obj_id": 0}],
  "3": [{"cam_R_m2c": [0.7639732360839844, -0.6204620599746704, 0.17712043225765228, 0.13315936923027039, 0.42019546031951904, 0.8976103067398071, -0.6313583850860596, -0.6621649861335754, 0.40363845229148865], "cam_t_m2c": [-362.24420166015625, 169.64173889160156, 627.1210327148438], "obj_id": 2}, {"cam_R_m2c": [0.3049054443836212, 0.8578493595123291, 0.4136754274368286, -0.7759795784950256, -0.028059136122465134, 0.630133867263794, 0.5521671772003174, -0.5131349563598633, 0.6571179628372192], "cam_t_m2c": [-362.24420166015625, 169.64173889160156, 627.1210327148438], "obj_id": 1}, {"cam_R_m2c": [0.8601894378662109, -0.4958842694759369, -0.11905000358819962, -0.4925466775894165, -0.8683452010154724, 0.05808771401643753, -0.1321813017129898, 0.008671248331665993, -0.9911875128746033], "cam_t_m2c": [-362.24420166015625, 169.64173889160156, 627.1210327148438], "obj_id": 0}, {"cam_R_m2c": [0.022213228046894073, 0.8647817969322205, -0.5016562938690186, -0.7390146255493164, -0.3237403631210327, -0.5908042788505554, -0.6733231544494629, 0.38385501503944397, 0.6318950057029724], "cam_t_m2c": [-362.24420166015625, 169.64173889160156, 627.1210327148438], "obj_id": 0}, {"cam_R_m2c": [0.8999263644218445, -0.276000052690506, -0.33757445216178894, -0.4154128134250641, -0.777981162071228, -0.47135698795318604, -0.1325320154428482, 0.5644193291664124, -0.8147796988487244], "cam_t_m2c": [-362.24420166015625, 169.64173889160156, 627.1210327148438], "obj_id": 0}, {"cam_R_m2c": [0.3341372013092041, -0.5010935068130493, -0.7982841730117798, 0.6129370331764221, -0.5278846621513367, 0.5879166722297668, -0.7160031795501709, -0.6857427358627319, 0.13075286149978638], "cam_t_m2c": [-362.24420166015625, 169.64173889160156, 627.1210327148438], "obj_id": 1}, {"cam_R_m2c": [-0.42726871371269226, 0.4653264284133911, -0.7751854658126831, -0.881411612033844, -0.40535062551498413, 0.24249587953090668, -0.20138226449489594, 0.7868684530258179, 0.5833379030227661], "cam_t_m2c": [-362.24420166015625, 169.64173889160156, 627.1210327148438], "obj_id": 2}, {"cam_R_m2c": [0.09336654841899872, -0.12471315264701843, -0.9877899885177612, -0.9317531585693359, -0.3605908453464508, -0.04254349321126938, -0.35088247060775757, 0.9243487119674683, -0.14986886084079742], "cam_t_m2c": [-362.24420166015625, 169.64173889160156, 627.1210327148438], "obj_id": 1}, {"cam_R_m2c": [0.9684742093086243, -0.10114292055368423, 0.227657288312912, -0.19845490157604218, 0.23913870751857758, 0.9504884481430054, -0.15057684481143951, -0.9657032489776611, 0.21152736246585846], "cam_t_m2c": [-362.24420166015625, 169.64173889160156, 627.1210327148438], "obj_id": 1}, {"cam_R_m2c": [-0.9138601422309875, -0.03497270122170448, 0.4045197665691376, 0.26017239689826965, 0.7144390344619751, 0.6495283842086792, -0.31172049045562744, 0.698823094367981, -0.6437984108924866], "cam_t_m2c": [-362.24420166015625, 169.64173889160156, 627.1210327148438], "obj_id": 0}],
  "4": [{"cam_R_m2c": [0.7639732360839844, -0.6204620599746704, 0.17712043225765228, 0.13315936923027039, 0.42019546031951904, 0.8976103067398071, -0.6313583850860596, -0.6621649861335754, 0.40363845229148865], "cam_t_m2c": [-362.24420166015625, 169.64173889160156, 627.1210327148438], "obj_id": 2}, {"cam_R_m2c": [0.3049054443836212, 0.8578493595123291, 0.4136754274368286, -0.7759795784950256, -0.028059136122465134, 0.630133867263794, 0.5521671772003174, -0.5131349563598633, 0.6571179628372192], "cam_t_m2c": [-362.24420166015625, 169.64173889160156, 627.1210327148438], "obj_id": 1}, {"cam_R_m2c": [0.8601894378662109, -0.4958842694759369, -0.11905000358819962, -0.4925466775894165, -0.8683452010154724, 0.05808771401643753, -0.1321813017129898, 0.008671248331665993, -0.9911875128746033], "cam_t_m2c": [-362.24420166015625, 169.64173889160156, 627.1210327148438], "obj_id": 0}, {"cam_R_m2c": [0.022213228046894073, 0.8647817969322205, -0.5016562938690186, -0.7390146255493164, -0.3237403631210327, -0.5908042788505554, -0.6733231544494629, 0.38385501503944397, 0.6318950057029724], "cam_t_m2c": [-362.24420166015625, 169.64173889160156, 627.1210327148438], "obj_id": 0}, {"cam_R_m2c": [0.8999263644218445, -0.276000052690506, -0.33757445216178894, -0.4154128134250641, -0.777981162071228, -0.47135698795318604, -0.1325320154428482, 0.5644193291664124, -0.8147796988487244], "cam_t_m2c": [-362.24420166015625, 169.64173889160156, 627.1210327148438], "obj_id": 0}, {"cam_R_m2c": [0.3341372013092041, -0.5010935068130493, -0.7982841730117798, 0.6129370331764221, -0.5278846621513367, 0.5879166722297668, -0.7160031795501709, -0.6857427358627319, 0.13075286149978638], "cam_t_m2c": [-362.24420166015625, 169.64173889160156, 627.1210327148438], "obj_id": 1}, {"cam_R_m2c": [-0.42726871371269226, 0.4653264284133911, -0.7751854658126831, -0.881411612033844, -0.40535062551498413, 0.24249587953090668, -0.20138226449489594, 0.7868684530258179, 0.5833379030227661], "cam_t_m2c": [-362.24420166015625, 169.64173889160156, 627.1210327148438], "obj_id": 2}, {"cam_R_m2c": [0.09336654841899872, -0.12471315264701843, -0.9877899885177612, -0.9317531585693359, -0.3605908453464508, -0.04254349321126938, -0.35088247060775757, 0.9243487119674683, -0.14986886084079742], "cam_t_m2c": [-362.24420166015625, 169.64173889160156, 627.1210327148438], "obj_id": 1}, {"cam_R_m2c": [0.9684742093086243, -0.10114292055368423, 0.227657288312912, -0.19845490157604218, 0.23913870751857758, 0.9504884481430054, -0.15057684481143951, -0.9657032489776611, 0.21152736246585846], "cam_t_m2c": [-362.24420166015625, 169.64173889160156, 627.1210327148438], "obj_id": 1}, {"cam_R_m2c": [-0.9138601422309875, -0.03497270122170448, 0.4045197665691376, 0.26017239689826965, 0.7144390344619751, 0.6495283842086792, -0.31172049045562744, 0.698823094367981, -0.6437984108924866], "cam_t_m2c": [-362.24420166015625, 169.64173889160156, 627.1210327148438], "obj_id": 0}],
  "5": [{"cam_R_m2c": [0.7639732360839844, -0.6204620599746704, 0.17712043225765228, 0.13315936923027039, 0.42019546031951904, 0.8976103067398071, -0.6313583850860596, -0.6621649861335754, 0.40363845229148865], "cam_t_m2c": [-362.24420166015625, 169.64173889160156, 627.1210327148438], "obj_id": 2}, {"cam_R_m2c": [0.3049054443836212, 0.8578493595123291, 0.4136754274368286, -0.7759795784950256, -0.028059136122465134, 0.630133867263794, 0.5521671772003174, -0.5131349563598633, 0.6571179628372192], "cam_t_m2c": [-362.24420166015625, 169.64173889160156, 627.1210327148438], "obj_id": 1}, {"cam_R_m2c": [0.8601894378662109, -0.4958842694759369, -0.11905000358819962, -0.4925466775894165, -0.8683452010154724, 0.05808771401643753, -0.1321813017129898, 0.008671248331665993, -0.9911875128746033], "cam_t_m2c": [-362.24420166015625, 169.64173889160156, 627.1210327148438], "obj_id": 0}, {"cam_R_m2c": [0.022213228046894073, 0.8647817969322205, -0.5016562938690186, -0.7390146255493164, -0.3237403631210327, -0.5908042788505554, -0.6733231544494629, 0.38385501503944397, 0.6318950057029724], "cam_t_m2c": [-362.24420166015625, 169.64173889160156, 627.1210327148438], "obj_id": 0}, {"cam_R_m2c": [0.8999263644218445, -0.276000052690506, -0.33757445216178894, -0.4154128134250641, -0.777981162071228, -0.47135698795318604, -0.1325320154428482, 0.5644193291664124, -0.8147796988487244], "cam_t_m2c": [-362.24420166015625, 169.64173889160156, 627.1210327148438], "obj_id": 0}, {"cam_R_m2c": [0.3341372013092041, -0.5010935068130493, -0.7982841730117798, 0.6129370331764221, -0.5278846621513367, 0.5879166722297668, -0.7160031795501709, -0.6857427358627319, 0.13075286149978638], "cam_t_m2c": [-362.24420166015625, 169.64173889160156, 627.1210327148438], "obj_id": 1}, {"cam_R_m2c": [-0.42726871371269226, 0.4653264284133911, -0.7751854658126831, -0.881411612033844, -0.40535062551498413, 0.24249587953090668, -0.20138226449489594, 0.7868684530258179, 0.5833379030227661], "cam_t_m2c": [-362.24420166015625, 169.64173889160156, 627.1210327148438], "obj_id": 2}, {"cam_R_m2c": [0.09336654841899872, -0.12471315264701843, -0.9877899885177612, -0.9317531585693359, -0.3605908453464508, -0.04254349321126938, -0.35088247060775757, 0.9243487119674683, -0.14986886084079742], "cam_t_m2c": [-362.24420166015625, 169.64173889160156, 627.1210327148438], "obj_id": 1}, {"cam_R_m2c": [0.9684742093086243, -0.10114292055368423, 0.227657288312912, -0.19845490157604218, 0.23913870751857758, 0.9504884481430054, -0.15057684481143951, -0.9657032489776611, 0.21152736246585846], "cam_t_m2c": [-362.24420166015625, 169.64173889160156, 627.1210327148438], "obj_id": 1}, {"cam_R_m2c": [-0.9138601422309875, -0.03497270122170448, 0.4045197665691376, 0.26017239689826965, 0.7144390344619751, 0.6495283842086792, -0.31172049045562744, 0.698823094367981, -0.6437984108924866], "cam_t_m2c": [-362.24420166015625, 169.64173889160156, 627.1210327148438], "obj_id": 0}],
  "6": [{"cam_R_m2c": [0.7639732360839844, -0.6204620599746704, 0.17712043225765228, 0.13315936923027039, 0.42019546031951904, 0.8976103067398071, -0.6313583850860596, -0.6621649861335754, 0.40363845229148865], "cam_t_m2c": [-362.24420166015625, 169.64173889160156, 627.1210327148438], "obj_id": 2}, {"cam_R_m2c": [0.3049054443836212, 0.8578493595123291, 0.4136754274368286, -0.7759795784950256, -0.028059136122465134, 0.630133867263794, 0.5521671772003174, -0.5131349563598633, 0.6571179628372192], "cam_t_m2c": [-362.24420166015625, 169.64173889160156, 627.1210327148438], "obj_id": 1}, {"cam_R_m2c": [0.8601894378662109, -0.4958842694759369, -0.11905000358819962, -0.4925466775894165, -0.8683452010154724, 0.05808771401643753, -0.1321813017129898, 0.008671248331665993, -0.9911875128746033], "cam_t_m2c": [-362.24420166015625, 169.64173889160156, 627.1210327148438], "obj_id": 0}, {"cam_R_m2c": [0.022213228046894073, 0.8647817969322205, -0.5016562938690186, -0.7390146255493164, -0.3237403631210327, -0.5908042788505554, -0.6733231544494629, 0.38385501503944397, 0.6318950057029724], "cam_t_m2c": [-362.24420166015625, 169.64173889160156, 627.1210327148438], "obj_id": 0}, {"cam_R_m2c": [0.8999263644218445, -0.276000052690506, -0.33757445216178894, -0.4154128134250641, -0.777981162071228, -0.47135698795318604, -0.1325320154428482, 0.5644193291664124, -0.8147796988487244], "cam_t_m2c": [-362.24420166015625, 169.64173889160156, 627.1210327148438], "obj_id": 0}, {"cam_R_m2c": [0.3341372013092041, -0.5010935068130493, -0.7982841730117798, 0.6129370331764221, -0.5278846621513367, 0.5879166722297668, -0.7160031795501709, -0.6857427358627319, 0.13075286149978638], "cam_t_m2c": [-362.24420166015625, 169.64173889160156, 627.1210327148438], "obj_id": 1}, {"cam_R_m2c": [-0.42726871371269226, 0.4653264284133911, -0.7751854658126831, -0.881411612033844, -0.40535062551498413, 0.24249587953090668, -0.20138226449489594, 0.7868684530258179, 0.5833379030227661], "cam_t_m2c": [-362.24420166015625, 169.64173889160156, 627.1210327148438], "obj_id": 2}, {"cam_R_m2c": [0.09336654841899872, -0.12471315264701843, -0.9877899885177612, -0.9317531585693359, -0.3605908453464508, -0.04254349321126938, -0.35088247060775757, 0.9243487119674683, -0.14986886084079742], "cam_t_m2c": [-362.24420166015625, 169.64173889160156, 627.1210327148438], "obj_id": 1}, {"cam_R_m2c": [0.9684742093086243, -0.10114292055368423, 0.227657288312912, -0.19845490157604218, 0.23913870751857758, 0.9504884481430054, -0.15057684481143951, -0.9657032489776611, 0.21152736246585846], "cam_t_m2c": [-362.24420166015625, 169.64173889160156, 627.1210327148438], "obj_id": 1}, {"cam_R_m2c": [-0.9138601422309875, -0.03497270122170448, 0.4045197665691376, 0.26017239689826965, 0.7144390344619751, 0.6495283842086792, -0.31172049045562744, 0.698823094367981, -0.6437984108924866], "cam_t_m2c": [-362.24420166015625, 169.64173889160156, 627.1210327148438], "obj_id": 0}],
  "7": [{"cam_R_m2c": [0.7639732360839844, -0.6204620599746704, 0.17712043225765228, 0.13315936923027039, 0.42019546031951904, 0.8976103067398071, -0.6313583850860596, -0.6621649861335754, 0.40363845229148865], "cam_t_m2c": [-362.24420166015625, 169.64173889160156, 627.1210327148438], "obj_id": 2}, {"cam_R_m2c": [0.3049054443836212, 0.8578493595123291, 0.4136754274368286, -0.7759795784950256, -0.028059136122465134, 0.630133867263794, 0.5521671772003174, -0.5131349563598633, 0.6571179628372192], "cam_t_m2c": [-362.24420166015625, 169.64173889160156, 627.1210327148438], "obj_id": 1}, {"cam_R_m2c": [0.8601894378662109, -0.4958842694759369, -0.11905000358819962, -0.4925466775894165, -0.8683452010154724, 0.05808771401643753, -0.1321813017129898, 0.008671248331665993, -0.9911875128746033], "cam_t_m2c": [-362.24420166015625, 169.64173889160156, 627.1210327148438], "obj_id": 0}, {"cam_R_m2c": [0.022213228046894073, 0.8647817969322205, -0.5016562938690186, -0.7390146255493164, -0.3237403631210327, -0.5908042788505554, -0.6733231544494629, 0.38385501503944397, 0.6318950057029724], "cam_t_m2c": [-362.24420166015625, 169.64173889160156, 627.1210327148438], "obj_id": 0}, {"cam_R_m2c": [0.8999263644218445, -0.276000052690506, -0.33757445216178894, -0.4154128134250641, -0.777981162071228, -0.47135698795318604, -0.1325320154428482, 0.5644193291664124, -0.8147796988487244], "cam_t_m2c": [-362.24420166015625, 169.64173889160156, 627.1210327148438], "obj_id": 0}, {"cam_R_m2c": [0.3341372013092041, -0.5010935068130493, -0.7982841730117798, 0.6129370331764221, -0.5278846621513367, 0.5879166722297668, -0.7160031795501709, -0.6857427358627319, 0.13075286149978638], "cam_t_m2c": [-362.24420166015625, 169.64173889160156, 627.1210327148438], "obj_id": 1}, {"cam_R_m2c": [-0.42726871371269226, 0.4653264284133911, -0.7751854658126831, -0.881411612033844, -0.40535062551498413, 0.24249587953090668, -0.20138226449489594, 0.7868684530258179, 0.5833379030227661], "cam_t_m2c": [-362.24420166015625, 169.64173889160156, 627.1210327148438], "obj_id": 2}, {"cam_R_m2c": [0.09336654841899872, -0.12471315264701843, -0.9877899885177612, -0.9317531585693359, -0.3605908453464508, -0.04254349321126938, -0.35088247060775757, 0.9243487119674683, -0.14986886084079742], "cam_t_m2c": [-362.24420166015625, 169.64173889160156, 627.1210327148438], "obj_id": 1}, {"cam_R_m2c": [0.9684742093086243, -0.10114292055368423, 0.227657288312912, -0.19845490157604218, 0.23913870751857758, 0.9504884481430054, -0.15057684481143951, -0.9657032489776611, 0.21152736246585846], "cam_t_m2c": [-362.24420166015625, 169.64173889160156, 627.1210327148438], "obj_id": 1}, {"cam_R_m2c": [-0.9138601422309875, -0.03497270122170448, 0.4045197665691376, 0.26017239689826965, 0.7144390344619751, 0.6495283842086792, -0.31172049045562744, 0.698823094367981, -0.6437984108924866], "cam_t_m2c": [-362.24420166015625, 169.64173889160156, 627.1210327148438], "obj_id": 0}],
  "8": [{"cam_R_m2c": [0.7639732360839844, -0.6204620599746704, 0.17712043225765228, 0.13315936923027039, 0.42019546031951904, 0.8976103067398071, -0.6313583850860596, -0.6621649861335754, 0.40363845229148865], "cam_t_m2c": [-362.24420166015625, 169.64173889160156, 627.1210327148438], "obj_id": 2}, {"cam_R_m2c": [0.3049054443836212, 0.8578493595123291, 0.4136754274368286, -0.7759795784950256, -0.028059136122465134, 0.630133867263794, 0.5521671772003174, -0.5131349563598633, 0.6571179628372192], "cam_t_m2c": [-362.24420166015625, 169.64173889160156, 627.1210327148438], "obj_id": 1}, {"cam_R_m2c": [0.8601894378662109, -0.4958842694759369, -0.11905000358819962, -0.4925466775894165, -0.8683452010154724, 0.05808771401643753, -0.1321813017129898, 0.008671248331665993, -0.9911875128746033], "cam_t_m2c": [-362.24420166015625, 169.64173889160156, 627.1210327148438], "obj_id": 0}, {"cam_R_m2c": [0.022213228046894073, 0.8647817969322205, -0.5016562938690186, -0.7390146255493164, -0.3237403631210327, -0.5908042788505554, -0.6733231544494629, 0.38385501503944397, 0.6318950057029724], "cam_t_m2c": [-362.24420166015625, 169.64173889160156, 627.1210327148438], "obj_id": 0}, {"cam_R_m2c": [0.8999263644218445, -0.276000052690506, -0.33757445216178894, -0.4154128134250641, -0.777981162071228, -0.47135698795318604, -0.1325320154428482, 0.5644193291664124, -0.8147796988487244], "cam_t_m2c": [-362.24420166015625, 169.64173889160156, 627.1210327148438], "obj_id": 0}, {"cam_R_m2c": [0.3341372013092041, -0.5010935068130493, -0.7982841730117798, 0.6129370331764221, -0.5278846621513367, 0.5879166722297668, -0.7160031795501709, -0.6857427358627319, 0.13075286149978638], "cam_t_m2c": [-362.24420166015625, 169.64173889160156, 627.1210327148438], "obj_id": 1}, {"cam_R_m2c": [-0.42726871371269226, 0.4653264284133911, -0.7751854658126831, -0.881411612033844, -0.40535062551498413, 0.24249587953090668, -0.20138226449489594, 0.7868684530258179, 0.5833379030227661], "cam_t_m2c": [-362.24420166015625, 169.64173889160156, 627.1210327148438], "obj_id": 2}, {"cam_R_m2c": [0.09336654841899872, -0.12471315264701843, -0.9877899885177612, -0.9317531585693359, -0.3605908453464508, -0.04254349321126938, -0.35088247060775757, 0.9243487119674683, -0.14986886084079742], "cam_t_m2c": [-362.24420166015625, 169.64173889160156, 627.1210327148438], "obj_id": 1}, {"cam_R_m2c": [0.9684742093086243, -0.10114292055368423, 0.227657288312912, -0.19845490157604218, 0.23913870751857758, 0.9504884481430054, -0.15057684481143951, -0.9657032489776611, 0.21152736246585846], "cam_t_m2c": [-362.24420166015625, 169.64173889160156, 627.1210327148438], "obj_id": 1}, {"cam_R_m2c": [-0.9138601422309875, -0.03497270122170448, 0.4045197665691376, 0.26017239689826965, 0.7144390344619751, 0.6495283842086792, -0.31172049045562744, 0.698823094367981, -0.6437984108924866], "cam_t_m2c": [-362.24420166015625, 169.64173889160156, 627.1210327148438], "obj_id": 0}],
  "9": [{"cam_R_m2c": [0.7639732360839844, -0.6204620599746704, 0.17712043225765228, 0.13315936923027039, 0.42019546031951904, 0.8976103067398071, -0.6313583850860596, -0.6621649861335754, 0.40363845229148865], "cam_t_m2c": [-362.24420166015625, 169.64173889160156, 627.1210327148438], "obj_id": 2}, {"cam_R_m2c": [0.3049054443836212, 0.8578493595123291, 0.4136754274368286, -0.7759795784950256, -0.028059136122465134, 0.630133867263794, 0.5521671772003174, -0.5131349563598633, 0.6571179628372192], "cam_t_m2c": [-362.24420166015625, 169.64173889160156, 627.1210327148438], "obj_id": 1}, {"cam_R_m2c": [0.8601894378662109, -0.4958842694759369, -0.11905000358819962, -0.4925466775894165, -0.8683452010154724, 0.05808771401643753, -0.1321813017129898, 0.008671248331665993, -0.9911875128746033], "cam_t_m2c": [-362.24420166015625, 169.64173889160156, 627.1210327148438], "obj_id": 0}, {"cam_R_m2c": [0.022213228046894073, 0.8647817969322205, -0.5016562938690186, -0.7390146255493164, -0.3237403631210327, -0.5908042788505554, -0.6733231544494629, 0.38385501503944397, 0.6318950057029724], "cam_t_m2c": [-362.24420166015625, 169.64173889160156, 627.1210327148438], "obj_id": 0}, {"cam_R_m2c": [0.8999263644218445, -0.276000052690506, -0.33757445216178894, -0.4154128134250641, -0.777981162071228, -0.47135698795318604, -0.1325320154428482, 0.5644193291664124, -0.8147796988487244], "cam_t_m2c": [-362.24420166015625, 169.64173889160156, 627.1210327148438], "obj_id": 0}, {"cam_R_m2c": [0.3341372013092041, -0.5010935068130493, -0.7982841730117798, 0.6129370331764221, -0.5278846621513367, 0.5879166722297668, -0.7160031795501709, -0.6857427358627319, 0.13075286149978638], "cam_t_m2c": [-362.24420166015625, 169.64173889160156, 627.1210327148438], "obj_id": 1}, {"cam_R_m2c": [-0.42726871371269226, 0.4653264284133911, -0.7751854658126831, -0.881411612033844, -0.40535062551498413, 0.24249587953090668, -0.20138226449489594, 0.7868684530258179, 0.5833379030227661], "cam_t_m2c": [-362.24420166015625, 169.64173889160156, 627.1210327148438], "obj_id": 2}, {"cam_R_m2c": [0.09336654841899872, -0.12471315264701843, -0.9877899885177612, -0.9317531585693359, -0.3605908453464508, -0.04254349321126938, -0.35088247060775757, 0.9243487119674683, -0.14986886084079742], "cam_t_m2c": [-362.24420166015625, 169.64173889160156, 627.1210327148438], "obj_id": 1}, {"cam_R_m2c": [0.9684742093086243, -0.10114292055368423, 0.227657288312912, -0.19845490157604218, 0.23913870751857758, 0.9504884481430054, -0.15057684481143951, -0.9657032489776611, 0.21152736246585846], "cam_t_m2c": [-362.24420166015625, 169.64173889160156, 627.1210327148438], "obj_id": 1}, {"cam_R_m2c": [-0.9138601422309875, -0.03497270122170448, 0.4045197665691376, 0.26017239689826965, 0.7144390344619751, 0.6495283842086792, -0.31172049045562744, 0.698823094367981, -0.6437984108924866], "cam_t_m2c": [-362.24420166015625, 169.64173889160156, 627.1210327148438], "obj_id": 0}]
}