{
  "0": [{"cam_R_m2c": [-0.8411135077476501, -0.45779427886009216, 0.28801414370536804, 0.5013194680213928, -0.4600294828414917, 0.7328379154205322, -0.2029939889907837, 0.7607870697975159, 0.6164384484291077], "cam_t_m2c": [79.491943359375, 315.42303466796875, 1036.3583984375], "obj_id": 2}, {"cam_R_m2c": [0.7756041884422302, -0.5631831288337708, 0.2850663959980011, -0.3608269989490509, -0.7661256790161133, -0.5318414568901062, 0.5179208517074585, 0.3096387982368469, -0.7974219918251038], "cam_t_m2c": [360.8155822753906, 596.9009399414062, 1091.176513671875], "obj_id": 0}, {"cam_R_m2c": [0.810775637626648, 0.5836551785469055, -0.04460309445858002, -0.17326174676418304, 0.16650280356407166, -0.9706993103027344, -0.559127151966095, 0.7947473526000977, 0.2361215353012085], "cam_t_m2c": [423.4042663574219, 378.5360412597656, 897.1641235351562], "obj_id": 2}],
  "1": [{"cam_R_m2c": [0.8661312460899353, -0.4060749411582947, -0.29141002893447876, 0.49647679924964905, 0.7662726640701294, 0.4078443944454193, 0.05768416076898575, -0.4979251027107239, 0.8652994632720947], "cam_t_m2c": [-104.12496948242188, 212.39927673339844, 1452.43798828125], "obj_id": 2}, {"cam_R_m2c": [-0.9770765900611877, -0.16502593457698822, 0.13449032604694366, -0.19537103176116943, 0.4441394805908203, -0.8743970990180969, 0.08456573635339737, -0.8806284666061401, -0.4661995768547058], "cam_t_m2c": [-202.15899658203125, 124.46183013916016, 1831.9786376953125], "obj_id": 0}, {"cam_R_m2c": [-0.2071056067943573, -0.8258680105209351, -0.5244512557983398, -0.9717611074447632, 0.2356242686510086, 0.012704269960522652, 0.11308135837316513, 0.5122724771499634, -0.8513455390930176], "cam_t_m2c": [-201.49131774902344, -101.25872802734375, 1636.2059326171875], "obj_id": 2}]
}