{
  "0": [{"cam_R_m2c": [-0.5192553997039795, -0.0569671094417572, 0.8527182936668396, 0.5701847672462463, -0.7663324475288391, 0.29601311683654785, 0.6366027593612671, 0.6399134397506714, 0.4304041266441345], "cam_t_m2c": [-382.84228515625, 122.21324157714844, 778.517578125], "obj_id": 3}, {"cam_R_m2c": [0.7322312593460083, -0.5843642950057983, 0.34979379177093506, 0.3943360149860382, 0.7825287580490112, 0.48181724548339844, -0.5552805066108704, -0.21486537158489227, 0.8034279346466064], "cam_t_m2c": [-822.8096313476562, -18254.25, -13651.216796875], "obj_id": 2}, {"cam_R_m2c": [0.2821787893772125, 0.9233712553977966, -0.2603089511394501, -0.18819762766361237, 0.31934165954589844, 0.9287640452384949, 0.9407214522361755, -0.2130880355834961, 0.2638876736164093], "cam_t_m2c": [-381.2452392578125, 61.46100616455078, 1052.5260009765625], "obj_id": 1}, {"cam_R_m2c": [-0.1853407770395279, 0.13999435305595398, -0.9726511240005493, -0.9825847744941711, -0.013045119121670723, 0.18535609543323517, 0.013260407373309135, 0.9900662899017334, 0.1399741768836975], "cam_t_m2c": [-199.1099853515625, 32.33649826049805, 886.12109375], "obj_id": 3}],
  "1": [{"cam_R_m2c": [-0.15593820810317993, -0.6092174053192139, -0.777519941329956, 0.9480788111686707, -0.3131979703903198, 0.0552576445043087, -0.2771816551685333, -0.7285334467887878, 0.6264258027076721], "cam_t_m2c": [164.03785705566406, 294.6452941894531, 514.8740844726562], "obj_id": 3}, {"cam_R_m2c": [0.1149299293756485, 0.6124902367591858, -0.7820783853530884, -0.23569737374782562, 0.7816269397735596, 0.5774998664855957, 0.9650065898895264, 0.11796187609434128, 0.23419469594955444], "cam_t_m2c": [9575.60546875, -20323.10546875, -5181.8388671875], "obj_id": 2}, {"cam_R_m2c": [-0.957192063331604, -0.28265610337257385, 0.062358174473047256, 0.13103745877742767, -0.2310582846403122, 0.9640752673149109, -0.2580934166908264, 0.9309765696525574, 0.2582058906555176], "cam_t_m2c": [-71.53299713134766, 362.3243103027344, 378.1933288574219], "obj_id": 1}, {"cam_R_m2c": [-0.054700855165719986, -0.8941329121589661, 0.44444823265075684, -0.6982085108757019, 0.3524516820907593, 0.6231234073638916, -0.7138016223907471, -0.27623215317726135, -0.643570601940155], "cam_t_m2c": [-38.50041580200195, 190.12413024902344, 554.1008911132812], "obj_id": 3}]
}