{
  "0": [{"cam_R_m2c": [-0.6311763525009155, 0.502059817314148, 0.5912296175956726, -0.1871270090341568, 0.6411674618721008, -0.7442363500595093, -0.7527284026145935, -0.5803793668746948, -0.3107408285140991], "cam_t_m2c": [422.93255615234375, -14.859803199768066, 365.0578918457031], "obj_id": 1}, {"cam_R_m2c": [-0.47750040888786316, 0.5107836723327637, 0.7149080038070679, -0.38509178161621094, -0.8530111312866211, 0.35224491357803345, 0.7897453904151917, -0.10710812360048294, 0.6040116548538208], "cam_t_m2c": [245.25575256347656, 49.8628044128418, 212.45553588867188], "obj_id": 2}, {"cam_R_m2c": [0.49033355712890625, 0.5393040776252747, 0.6846343278884888, -0.7598056197166443, 0.6493285298347473, 0.032678306102752686, -0.4269290268421173, -0.5362122654914856, 0.7281538248062134], "cam_t_m2c": [-142.176513671875, -220.8892364501953, 619.6701049804688], "obj_id": 3}, {"cam_R_m2c": [0.5797774195671082, -0.49879780411720276, 0.6442506313323975, -0.6876619458198547, -0.7236654162406921, 0.0585612952709198, 0.4370116591453552, -0.47697916626930237, -0.7625691294670105], "cam_t_m2c": [-260.2398986816406, -273.13787841796875, 959.5821533203125], "obj_id": 4}, {"cam_R_m2c": [-0.8040428161621094, 0.4239707887172699, -0.416849821805954, 0.1706494837999344, 0.8361513018608093, 0.5212770104408264, 0.5695557594299316, 0.3479938507080078, -0.7446519136428833], "cam_t_m2c": [-524.2907104492188, -27.70406723022461, 317.0332336425781], "obj_id": 1}, {"cam_R_m2c": [0.6380541920661926, -0.20547956228256226, -0.7420679926872253, -0.3805532455444336, 0.7536519765853882, -0.5358991622924805, 0.669377326965332, 0.6243290901184082, 0.4026748836040497], "cam_t_m2c": [16.58795166015625, -94.3856201171875, 622.4110717773438], "obj_id": 2}, {"cam_R_m2c": [-0.6926342248916626, -0.5880571603775024, 0.41766780614852905, 0.6357586979866028, -0.7712418437004089, -0.0315706804394722, 0.3406882882118225, 0.24366901814937592, 0.9080511331558228], "cam_t_m2c": [-440.5712585449219, -268.81591796875, 668.3740234375], "obj_id": 3}, {"cam_R_m2c": [0.5897837281227112, 0.7251577377319336, -0.35538920760154724, -0.2029033601284027, -0.2928950786590576, -0.9343676567077637, -0.7816555500030518, 0.6231845617294312, -0.025607869029045105], "cam_t_m2c": [387.94976806640625, -22.209264755249023, 492.3753356933594], "obj_id": 4}, {"cam_R_m2c": [-0.15976816415786743, -0.8125485181808472, 0.5605701804161072, 0.837516188621521, -0.4121630787849426, -0.3587312698364258, 0.5225329399108887, 0.41217276453971863, 0.746373176574707], "cam_t_m2c": [-315.5122985839844, -4.996381759643555, 38.037689208984375], "obj_id": 1}, {"cam_R_m2c": [-0.13105660676956177, -0.9876869320869446, -0.08543134480714798, 0.7214182615280151, -0.15412168204784393, 0.6751311421394348, -0.6799851059913635, 0.02684870921075344, 0.732734203338623], "cam_t_m2c": [-362.1059875488281, -268.5809020996094, 603.5806884765625], "obj_id": 2}, {"cam_R_m2c": [0.7608276605606079, 0.12837132811546326, 0.6361305117607117, 0.29939964413642883, 0.8002480268478394, -0.5195795893669128, -0.5757613182067871, 0.5857678055763245, 0.5704165101051331], "cam_t_m2c": [-387.19873046875, -206.0973358154297, 850.9642333984375], "obj_id": 3}, {"cam_R_m2c": [-0.3916691839694977, 0.7504727840423584, -0.5323396921157837, -0.07572775334119797, -0.6028931140899658, -0.7942196726799011, -0.9169843792915344, -0.27075859904289246, 0.29296648502349854], "cam_t_m2c": [260.70648193359375, -0.8038021326065063, 399.0099792480469], "obj_id": 4}, {"cam_R_m2c": [-0.20645952224731445, -0.8428301811218262, 0.49700266122817993, -0.845119833946228, 0.40959033370018005, 0.343523234128952, -0.49309924244880676, -0.3491031527519226, -0.7968562841415405], "cam_t_m2c": [-122.53346252441406, -53.64621353149414, 352.3066711425781], "obj_id": 1}, {"cam_R_m2c": [-0.2019563913345337, 0.22348453104496002, -0.9535555839538574, 0.837434709072113, 0.5442633628845215, -0.04980399087071419, 0.5078549385070801, -0.8085988163948059, -0.2970711588859558], "cam_t_m2c": [-23.773807525634766, -325.0699768066406, 941.1513061523438], "obj_id": 2}, {"cam_R_m2c": [0.24722816050052643, 0.6684855818748474, -0.7014308571815491, -0.9678899645805359, 0.13640694320201874, -0.21114492416381836, -0.0454673208296299, 0.7311088442802429, 0.6807441711425781], "cam_t_m2c": [-263.0359802246094, 28.21674156188965, 109.52735900878906], "obj_id": 3}, {"cam_R_m2c": [0.6234620809555054, 0.738976240158081, 0.25536081194877625, -0.19072391092777252, -0.17299725115299225, 0.9662796854972839, 0.758234441280365, -0.6511421799659729, 0.03308318182826042], "cam_t_m2c": [-634.4744262695312, -237.66702270507812, 657.758056640625], "obj_id": 4}],
  "1": [{"cam_R_m2c": [-0.3499819040298462, -0.934515655040741, -0.06475451588630676, -0.8626042008399963, 0.3484618663787842, -0.36672648787498474, 0.36527612805366516, -0.07249012589454651, -0.928072452545166], "cam_t_m2c": [-190.7685546875, 170.23948669433594, 104.04277801513672], "obj_id": 1}, {"cam_R_m2c": [0.9760767221450806, 0.17929625511169434, 0.12299227714538574, -0.05022040754556656, -0.3644635081291199, 0.9298624992370605, 0.21154706180095673, -0.9137938618659973, -0.3467400074005127], "cam_t_m2c": [-297.3147277832031, 37.900970458984375, 277.7666320800781], "obj_id": 2}, {"cam_R_m2c": [-0.12424615025520325, -0.9126716256141663, 0.3893499970436096, -0.49286070466041565, 0.3973269760608673, 0.7740927934646606, -0.8611917495727539, -0.09571726620197296, -0.49918630719184875], "cam_t_m2c": [281.4935302734375, -106.45214080810547, 460.4613037109375], "obj_id": 3}, {"cam_R_m2c": [0.5286569595336914, 0.10032220184803009, -0.8428862690925598, 0.08423738181591034, -0.9942900538444519, -0.06550905853509903, -0.8446454405784607, -0.036370713263750076, -0.5340892672538757], "cam_t_m2c": [621.43896484375, -9.457908630371094, 545.5391845703125], "obj_id": 4}, {"cam_R_m2c": [0.6179794669151306, -0.24002455174922943, -0.7486585378646851, 0.02768285572528839, 0.9583091735839844, -0.28438907861709595, 0.7857066988945007, 0.15502160787582397, 0.598859965801239], "cam_t_m2c": [47.245155334472656, -341.2117614746094, 866.5850830078125], "obj_id": 1}, {"cam_R_m2c": [0.554775595664978, 0.20864389836788177, 0.8054140210151672, 0.4458959996700287, 0.7427222728729248, -0.49954020977020264, -0.702424943447113, 0.6362636089324951, 0.3190107047557831], "cam_t_m2c": [176.84349060058594, 58.08847427368164, 403.96697998046875], "obj_id": 2}, {"cam_R_m2c": [0.17121416330337524, 0.7442090511322021, 0.6456302404403687, 0.26120999455451965, -0.666144073009491, 0.6985850930213928, 0.9499762654304504, 0.04903745278716087, -0.30844807624816895], "cam_t_m2c": [430.498291015625, -260.62139892578125, 678.9512939453125], "obj_id": 3}, {"cam_R_m2c": [-0.7161016464233398, 0.44910430908203125, 0.5343254804611206, -0.27557477355003357, 0.521416425704956, -0.8075787425041199, -0.6412931680679321, -0.7255551218986511, -0.2496253252029419], "cam_t_m2c": [-72.01937103271484, 219.25148010253906, 135.41134643554688], "obj_id": 4}, {"cam_R_m2c": [0.0707516148686409, 0.7733825445175171, 0.629979133605957, 0.7637495994567871, -0.44824424386024475, 0.46450379490852356, 0.6416236162185669, 0.4482818841934204, -0.6223846077919006], "cam_t_m2c": [-254.04107666015625, -377.86956787109375, 693.8847045898438], "obj_id": 1}, {"cam_R_m2c": [-0.8743147253990173, 0.3800398111343384, 0.3018994629383087, 0.027172820642590523, -0.582709789276123, 0.8122258186340332, 0.48459795117378235, 0.718344509601593, 0.49914515018463135], "cam_t_m2c": [354.38348388671875, -257.3819885253906, 611.48974609375], "obj_id": 2}, {"cam_R_m2c": [-0.8389284610748291, 0.0585017129778862, 0.5410882830619812, 0.25630056858062744, 0.9195261597633362, 0.2979624569416046, -0.48011353611946106, 0.38865041732788086, -0.7864106893539429], "cam_t_m2c": [535.561767578125, -90.1053695678711, 681.671142578125], "obj_id": 3}, {"cam_R_m2c": [-0.6083658933639526, -0.1459873914718628, 0.7801144123077393, -0.7611081004142761, -0.17129100859165192, -0.6255987286567688, 0.22495615482330322, -0.9743443727493286, -0.006904504261910915], "cam_t_m2c": [-123.0617904663086, 117.00072479248047, 246.34193420410156], "obj_id": 4}, {"cam_R_m2c": [0.062199391424655914, -0.2456645667552948, -0.9673572778701782, -0.936298131942749, -0.3500322997570038, 0.02868993952870369, -0.3456544578075409, 0.9039503335952759, -0.251787006855011], "cam_t_m2c": [-26.156869888305664, -136.56956481933594, 525.909423828125], "obj_id": 1}, {"cam_R_m2c": [0.07075735926628113, -0.9961334466934204, 0.05207550525665283, 0.7342581152915955, 0.01667674444615841, -0.6786657571792603, 0.6751731038093567, 0.08625753968954086, 0.7325987815856934], "cam_t_m2c": [563.665771484375, 64.88675689697266, 321.7356872558594], "obj_id": 2}, {"cam_R_m2c": [0.36150744557380676, 0.34605833888053894, 0.8657690286636353, -0.5379043221473694, 0.8358640670776367, -0.10949954390525818, -0.761558473110199, -0.426116019487381, 0.4883174002170563], "cam_t_m2c": [-226.1580352783203, -289.5418395996094, 674.1771850585938], "obj_id": 3}, {"cam_R_m2c": [0.5401859283447266, -0.6655789613723755, -0.514979362487793, 0.6132768988609314, -0.10770037770271301, 0.7824909090995789, -0.5762729644775391, -0.7385155558586121, 0.35000598430633545], "cam_t_m2c": [462.1737976074219, -343.5411071777344, 854.4574584960938], "obj_id": 4}],
  "2": [{"cam_R_m2c": [-0.3499819040298462, -0.934515655040741, -0.06475451588630676, -0.8626042008399963, 0.3484618663787842, -0.36672648787498474, 0.36527612805366516, -0.07249012589454651, -0.928072452545166], "cam_t_m2c": [-190.7685546875, 170.23948669433594, 104.04277801513672], "obj_id": 1}, {"cam_R_m2c": [0.9760767221450806, 0.17929625511169434, 0.12299227714538574, -0.05022040754556656, -0.3644635081291199, 0.9298624992370605, 0.21154706180095673, -0.9137938618659973, -0.3467400074005127], "cam_t_m2c": [-297.3147277832031, 37.900970458984375, 277.7666320800781], "obj_id": 2}, {"cam_R_m2c": [-0.12424615025520325, -0.9126716256141663, 0.3893499970436096, -0.49286070466041565, 0.3973269760608673, 0.7740927934646606, -0.8611917495727539, -0.09571726620197296, -0.49918630719184875], "cam_t_m2c": [281.4935302734375, -106.45214080810547, 460.4613037109375], "obj_id": 3}, {"cam_R_m2c": [0.5286569595336914, 0.10032220184803009, -0.8428862690925598, 0.08423738181591034, -0.9942900538444519, -0.06550905853509903, -0.8446454405784607, -0.036370713263750076, -0.5340892672538757], "cam_t_m2c": [621.43896484375, -9.457908630371094, 545.5391845703125], "obj_id": 4}, {"cam_R_m2c": [0.6179794669151306, -0.24002455174922943, -0.7486585378646851, 0.02768285572528839, 0.9583091735839844, -0.28438907861709595, 0.7857066988945007, 0.15502160787582397, 0.598859965801239], "cam_t_m2c": [47.245155334472656, -341.2117614746094, 866.5850830078125], "obj_id": 1}, {"cam_R_m2c": [0.554775595664978, 0.20864389836788177, 0.8054140210151672, 0.4458959996700287, 0.7427222728729248, -0.49954020977020264, -0.702424943447113, 0.6362636089324951, 0.3190107047557831], "cam_t_m2c": [176.84349060058594, 58.08847427368164, 403.96697998046875], "obj_id": 2}, {"cam_R_m2c": [0.17121416330337524, 0.7442090511322021, 0.6456302404403687, 0.26120999455451965, -0.666144073009491, 0.6985850930213928, 0.9499762654304504, 0.04903745278716087, -0.30844807624816895], "cam_t_m2c": [430.498291015625, -260.62139892578125, 678.9512939453125], "obj_id": 3}, {"cam_R_m2c": [-0.7161016464233398, 0.44910430908203125, 0.5343254804611206, -0.27557477355003357, 0.521416425704956, -0.8075787425041199, -0.6412931680679321, -0.7255551218986511, -0.2496253252029419], "cam_t_m2c": [-72.01937103271484, 219.25148010253906, 135.41134643554688], "obj_id": 4}, {"cam_R_m2c": [0.0707516148686409, 0.7733825445175171, 0.629979133605957, 0.7637495994567871, -0.44824424386024475, 0.46450379490852356, 0.6416236162185669, 0.4482818841934204, -0.6223846077919006], "cam_t_m2c": [-254.04107666015625, -377.86956787109375, 693.8847045898438], "obj_id": 1}, {"cam_R_m2c": [-0.8743147253990173, 0.3800398111343384, 0.3018994629383087, 0.027172820642590523, -0.582709789276123, 0.8122258186340332, 0.48459795117378235, 0.718344509601593, 0.49914515018463135], "cam_t_m2c": [354.38348388671875, -257.3819885253906, 611.48974609375], "obj_id": 2}, {"cam_R_m2c": [-0.8389284610748291, 0.0585017129778862, 0.5410882830619812, 0.25630056858062744, 0.9195261597633362, 0.2979624569416046, -0.48011353611946106, 0.38865041732788086, -0.7864106893539429], "cam_t_m2c": [535.561767578125, -90.1053695678711, 681.671142578125], "obj_id": 3}, {"cam_R_m2c": [-0.6083658933639526, -0.1459873914718628, 0.7801144123077393, -0.7611081004142761, -0.17129100859165192, -0.6255987286567688, 0.22495615482330322, -0.9743443727493286, -0.006904504261910915], "cam_t_m2c": [-123.0617904663086, 117.00072479248047, 246.34193420410156], "obj_id": 4}, {"cam_R_m2c": [0.062199391424655914, -0.2456645667552948, -0.9673572778701782, -0.936298131942749, -0.3500322997570038, 0.02868993952870369, -0.3456544578075409, 0.9039503335952759, -0.251787006855011], "cam_t_m2c": [-26.156869888305664, -136.56956481933594, 525.909423828125], "obj_id": 1}, {"cam_R_m2c": [0.07075735926628113, -0.9961334466934204, 0.05207550525665283, 0.7342581152915955, 0.01667674444615841, -0.6786657571792603, 0.6751731038093567, 0.08625753968954086, 0.7325987815856934], "cam_t_m2c": [563.665771484375, 64.88675689697266, 321.7356872558594], "obj_id": 2}, {"cam_R_m2c": [0.36150744557380676, 0.34605833888053894, 0.8657690286636353, -0.5379043221473694, 0.8358640670776367, -0.10949954390525818, -0.761558473110199, -0.426116019487381, 0.4883174002170563], "cam_t_m2c": [-226.1580352783203, -289.5418395996094, 674.1771850585938], "obj_id": 3}, {"cam_R_m2c": [0.5401859283447266, -0.6655789613723755, -0.514979362487793, 0.6132768988609314, -0.10770037770271301, 0.7824909090995789, -0.5762729644775391, -0.7385155558586121, 0.35000598430633545], "cam_t_m2c": [462.1737976074219, -343.5411071777344, 854.4574584960938], "obj_id": 4}]
}