{
  "0": [{"cam_R_m2c": [-0.13921594619750977, 0.8262133598327637, -0.5458849668502808, -0.08049631863832474, -0.5588706135749817, -0.8253387212753296, -0.98698490858078, -0.07095858454704285, 0.1443108469247818], "cam_t_m2c": [60.71089172363281, 295.4908752441406, 1225.5167236328125], "obj_id": 2}, {"cam_R_m2c": [-0.7449782490730286, -0.6033666133880615, 0.2845277488231659, -0.6264349818229675, 0.7793728113174438, 0.012536787427961826, -0.22931747138500214, -0.16889850795269012, -0.9585857391357422], "cam_t_m2c": [252.46983337402344, 283.157958984375, 1365.8275146484375], "obj_id": 3}, {"cam_R_m2c": [-0.5919966697692871, 0.45328277349472046, 0.6663891673088074, 0.3729449510574341, -0.5789191126823425, 0.7250962257385254, 0.7144591212272644, 0.6777811050415039, 0.17366881668567657], "cam_t_m2c": [274.14306640625, 304.33001708984375, 957.9219970703125], "obj_id": 2}, {"cam_R_m2c": [0.9793534874916077, -0.20144043862819672, -0.016986778005957603, 0.19832348823547363, 0.9411085247993469, 0.2738293707370758, -0.039173904806375504, -0.2715446352958679, 0.961628258228302], "cam_t_m2c": [91.48079681396484, 250.99989318847656, 1014.232177734375], "obj_id": 0}],
  "1": [{"cam_R_m2c": [0.3782101273536682, 0.2046450525522232, -0.9028164148330688, -0.5931402444839478, -0.6951960325241089, -0.40606269240379333, -0.71073317527771, 0.6890737414360046, -0.14154689013957977], "cam_t_m2c": [14.577302932739258, 434.0241394042969, 1206.67919921875], "obj_id": 2}, {"cam_R_m2c": [-0.7111364603042603, 0.18776634335517883, 0.6775165796279907, -0.4141095280647278, 0.6668993830680847, -0.6194824576377869, -0.5681533217430115, -0.7211026549339294, -0.3965006470680237], "cam_t_m2c": [51.4904670715332, 453.5886535644531, 1440.697998046875], "obj_id": 3}, {"cam_R_m2c": [-0.5069544911384583, -0.4225209355354309, 0.7513144016265869, 0.8592532873153687, -0.1785302758216858, 0.4793858528137207, -0.0684182196855545, 0.8885961174964905, 0.45355916023254395], "cam_t_m2c": [288.63916015625, 229.00698852539062, 1194.6219482421875], "obj_id": 2}, {"cam_R_m2c": [0.7360347509384155, 0.582917332649231, -0.3441805839538574, -0.13414619863033295, 0.6239469051361084, 0.769866943359375, 0.6635191440582275, -0.5204783082008362, 0.5374427437782288], "cam_t_m2c": [116.11912536621094, 269.6488952636719, 1105.357666015625], "obj_id": 0}]
}