{
  "0": [{"cam_R_m2c": [0.8073740005493164, -0.40077775716781616, -0.4330408573150635, -0.05309595912694931, 0.6815914511680603, -0.7298040390014648, 0.5876461863517761, 0.6122174859046936, 0.5290195345878601], "cam_t_m2c": [-153.60562133789062, -60.15079879760742, 994.9014892578125], "obj_id": 3}, {"cam_R_m2c": [-0.9545451402664185, -0.17937470972537994, -0.23804979026317596, -0.2974112033843994, 0.5202965140342712, 0.800523579120636, -0.019737249240279198, 0.8349347710609436, -0.5499944686889648], "cam_t_m2c": [53.476898193359375, 184.33770751953125, 823.6718139648438], "obj_id": 3}, {"cam_R_m2c": [-0.8919163346290588, 0.22268691658973694, -0.3935682773590088, 0.31573086977005005, 0.9297420382499695, -0.18945661187171936, 0.32372745871543884, -0.29324108362197876, -0.8995612263679504], "cam_t_m2c": [-207.9501495361328, 137.88723754882812, 1119.7374267578125], "obj_id": 1}, {"cam_R_m2c": [0.5967563986778259, 0.6169846653938293, -0.5130414962768555, 0.6716133952140808, -0.733927309513092, -0.10141951590776443, -0.43910953402519226, -0.2840428352355957, -0.8523509502410889], "cam_t_m2c": [207.91233825683594, 303.5823669433594, 978.4259643554688], "obj_id": 3}],
  "1": [{"cam_R_m2c": [-0.7954050898551941, 0.4083186089992523, 0.4478911757469177, 0.5322022438049316, 0.824134349822998, 0.19381274282932281, -0.28998515009880066, 0.39252835512161255, -0.8728287220001221], "cam_t_m2c": [158.17529296875, 175.30259704589844, 796.1705932617188], "obj_id": 3}, {"cam_R_m2c": [0.9558433294296265, 0.19232819974422455, 0.22220122814178467, -0.1495058834552765, 0.969188392162323, -0.19575969874858856, -0.2530049681663513, 0.15389519929885864, 0.9551464319229126], "cam_t_m2c": [-53.7508659362793, 117.03913116455078, 1085.386962890625], "obj_id": 3}, {"cam_R_m2c": [0.896043598651886, -0.23424871265888214, 0.3771384060382843, 0.407754510641098, 0.09818949550390244, -0.9077968597412109, 0.1756191998720169, 0.9672054648399353, 0.18349802494049072], "cam_t_m2c": [213.68930053710938, 367.037841796875, 930.2267456054688], "obj_id": 1}, {"cam_R_m2c": [-0.6094499230384827, -0.6177471876144409, 0.4969496428966522, -0.13139134645462036, -0.5394439101219177, -0.8317068815231323, 0.7818611860275269, -0.5721787214279175, 0.2475975751876831], "cam_t_m2c": [-205.89083862304688, 308.3170166015625, 1132.173583984375], "obj_id": 3}]
}