{
  "0": [{"cam_R_m2c": [-0.7014512419700623, 0.345697283744812, -0.6232650279998779, -0.07066348940134048, -0.9039152264595032, -0.4218335449695587, -0.7092055678367615, -0.2518536448478699, 0.6584809422492981], "cam_t_m2c": [20.850597381591797, 22.263614654541016, 790.8128051757812], "obj_id": 3}, {"cam_R_m2c": [-0.3329305648803711, -0.9426327347755432, 0.02451009675860405, 0.7876881957054138, -0.2637282907962799, 0.5567716956138611, -0.5183672308921814, 0.20467261970043182, 0.8303039073944092], "cam_t_m2c": [265.83441162109375, 266.7289733886719, 910.8162231445312], "obj_id": 3}, {"cam_R_m2c": [0.8829853534698486, -0.19845475256443024, -0.4253852665424347, 0.297351598739624, -0.4647291302680969, 0.8340317010879517, -0.3632064759731293, -0.862926721572876, -0.35133814811706543], "cam_t_m2c": [180.58656311035156, 35.08850860595703, 867.4388427734375], "obj_id": 0}, {"cam_R_m2c": [-0.2104617953300476, 0.19988228380680084, 0.9569497108459473, 0.9768369197845459, 0.0817171037197113, 0.19776703417301178, -0.03866898640990257, 0.9764063358306885, -0.21245066821575165], "cam_t_m2c": [63.74774932861328, 190.61293029785156, 958.6178588867188], "obj_id": 1}],
  "1": [{"cam_R_m2c": [0.6049655079841614, -0.7931637167930603, -0.0700576901435852, -0.19662269949913025, -0.23406770825386047, 0.9521301984786987, -0.7715933322906494, -0.5622310042381287, -0.29755690693855286], "cam_t_m2c": [-1.5514366626739502, -3.8558449745178223, 1014.1044921875], "obj_id": 3}, {"cam_R_m2c": [0.9151379466056824, 0.37534454464912415, 0.14710187911987305, -0.3880116641521454, 0.7210401892662048, 0.5740626454353333, 0.10940493643283844, -0.5824238061904907, 0.8054893612861633], "cam_t_m2c": [-23.03286361694336, -79.13959503173828, 1372.1566162109375], "obj_id": 3}, {"cam_R_m2c": [-0.26895713806152344, 0.040572017431259155, 0.9622971415519714, -0.8258140087127686, -0.5238950252532959, -0.2087225615978241, 0.4956744611263275, -0.8508159518241882, 0.1744103580713272], "cam_t_m2c": [-118.23979187011719, -28.40102195739746, 1145.7183837890625], "obj_id": 0}, {"cam_R_m2c": [0.8359336256980896, -0.3423081338405609, -0.4289989769458771, -0.09110710769891739, 0.6842653751373291, -0.7235194444656372, 0.541215717792511, 0.6438990831375122, 0.5408137440681458], "cam_t_m2c": [42.58595275878906, 82.02520751953125, 1235.5699462890625], "obj_id": 1}]
}