{
  "0": [{"cam_R_m2c": [0.10505277663469315, 0.7916337251663208, 0.6018970012664795, 0.5030487775802612, 0.4797969162464142, -0.7188441157341003, -0.8578495383262634, 0.37830010056495667, -0.34782636165618896], "cam_t_m2c": [-2.065680980682373, -74.02635192871094, 320.6728515625], "obj_id": 0}, {"cam_R_m2c": [0.10505277663469315, 0.7916337251663208, 0.6018970012664795, 0.5030487775802612, 0.4797969162464142, -0.7188441157341003, -0.8578495383262634, 0.37830010056495667, -0.34782636165618896], "cam_t_m2c": [-2.065680980682373, -74.02635192871094, 320.6728515625], "obj_id": 1}, {"cam_R_m2c": [0.10505277663469315, 0.7916337251663208, 0.6018970012664795, 0.5030487775802612, 0.4797969162464142, -0.7188441157341003, -0.8578495383262634, 0.37830010056495667, -0.34782636165618896], "cam_t_m2c": [-2.065680980682373, -74.02635192871094, 320.6728515625], "obj_id": 0}, {"cam_R_m2c": [0.10505277663469315, 0.7916337251663208, 0.6018970012664795, 0.5030487775802612, 0.4797969162464142, -0.7188441157341003, -0.8578495383262634, 0.37830010056495667, -0.34782636165618896], "cam_t_m2c": [-2.065680980682373, -74.02635192871094, 320.6728515625], "obj_id": 0}, {"cam_R_m2c": [0.10505277663469315, 0.7916337251663208, 0.6018970012664795, 0.5030487775802612, 0.4797969162464142, -0.7188441157341003, -0.8578495383262634, 0.37830010056495667, -0.34782636165618896], "cam_t_m2c": [-2.065680980682373, -74.02635192871094, 320.6728515625], "obj_id": 3}, {"cam_R_m2c": [0.10505277663469315, 0.7916337251663208, 0.6018970012664795, 0.5030487775802612, 0.4797969162464142, -0.7188441157341003, -0.8578495383262634, 0.37830010056495667, -0.34782636165618896], "cam_t_m2c": [-2.065680980682373, -74.02635192871094, 320.6728515625], "obj_id": 1}, {"cam_R_m2c": [0.10505277663469315, 0.7916337251663208, 0.6018970012664795, 0.5030487775802612, 0.4797969162464142, -0.7188441157341003, -0.8578495383262634, 0.37830010056495667, -0.34782636165618896], "cam_t_m2c": [-2.065680980682373, -74.02635192871094, 320.6728515625], "obj_id": 1}, {"cam_R_m2c": [0.10505277663469315, 0.7916337251663208, 0.6018970012664795, 0.5030487775802612, 0.4797969162464142, -0.7188441157341003, -0.8578495383262634, 0.37830010056495667, -0.34782636165618896], "cam_t_m2c": [-2.065680980682373, -74.02635192871094, 320.6728515625], "obj_id": 3}, {"cam_R_m2c": [0.10505277663469315, 0.7916337251663208, 0.6018970012664795, 0.5030487775802612, 0.4797969162464142, -0.7188441157341003, -0.8578495383262634, 0.37830010056495667, -0.34782636165618896], "cam_t_m2c": [-2.065680980682373, -74.02635192871094, 320.6728515625], "obj_id": 2}, {"cam_R_m2c": [0.10505277663469315, 0.7916337251663208, 0.6018970012664795, 0.5030487775802612, 0.4797969162464142, -0.7188441157341003, -0.8578495383262634, 0.37830010056495667, -0.34782636165618896], "cam_t_m2c": [-2.065680980682373, -74.02635192871094, 320.6728515625], "obj_id": 2}, {"cam_R_m2c": [0.10505277663469315, 0.7916337251663208, 0.6018970012664795, 0.5030487775802612, 0.4797969162464142, -0.7188441157341003, -0.8578495383262634, 0.37830010056495667, -0.34782636165618896], "cam_t_m2c": [-2.065680980682373, -74.02635192871094, 320.6728515625], "obj_id": 0}, {"cam_R_m2c": [0.10505277663469315, 0.7916337251663208, 0.6018970012664795, 0.5030487775802612, 0.4797969162464142, -0.7188441157341003, -0.8578495383262634, 0.37830010056495667, -0.34782636165618896], "cam_t_m2c": [-2.065680980682373, -74.02635192871094, 320.6728515625], "obj_id": 2}, {"cam_R_m2c": [0.10505277663469315, 0.7916337251663208, 0.6018970012664795, 0.5030487775802612, 0.4797969162464142, -0.7188441157341003, -0.8578495383262634, 0.37830010056495667, -0.34782636165618896], "cam_t_m2c": [-2.065680980682373, -74.02635192871094, 320.6728515625], "obj_id": 2}, {"cam_R_m2c": [0.10505277663469315, 0.7916337251663208, 0.6018970012664795, 0.5030487775802612, 0.4797969162464142, -0.7188441157341003, -0.8578495383262634, 0.37830010056495667, -0.34782636165618896], "cam_t_m2c": [-2.065680980682373, -74.02635192871094, 320.6728515625], "obj_id": 2}, {"cam_R_m2c": [0.10505277663469315, 0.7916337251663208, 0.6018970012664795, 0.5030487775802612, 0.4797969162464142, -0.7188441157341003, -0.8578495383262634, 0.37830010056495667, -0.34782636165618896], "cam_t_m2c": [-2.065680980682373, -74.02635192871094, 320.6728515625], "obj_id": 3}, {"cam_R_m2c": [0.10505277663469315, 0.7916337251663208, 0.6018970012664795, 0.5030487775802612, 0.4797969162464142, -0.7188441157341003, -0.8578495383262634, 0.37830010056495667, -0.34782636165618896], "cam_t_m2c": [-2.065680980682373, -74.02635192871094, 320.6728515625], "obj_id": 2}, {"cam_R_m2c": [0.10505277663469315, 0.7916337251663208, 0.6018970012664795, 0.5030487775802612, 0.4797969162464142, -0.7188441157341003, -0.8578495383262634, 0.37830010056495667, -0.34782636165618896], "cam_t_m2c": [-2.065680980682373, -74.02635192871094, 320.6728515625], "obj_id": 2}, {"cam_R_m2c": [0.10505277663469315, 0.7916337251663208, 0.6018970012664795, 0.5030487775802612, 0.4797969162464142, -0.7188441157341003, -0.8578495383262634, 0.37830010056495667, -0.34782636165618896], "cam_t_m2c": [-2.065680980682373, -74.02635192871094, 320.6728515625], "obj_id": 0}, {"cam_R_m2c": [0.10505277663469315, 0.7916337251663208, 0.6018970012664795, 0.5030487775802612, 0.4797969162464142, -0.7188441157341003, -0.8578495383262634, 0.37830010056495667, -0.34782636165618896], "cam_t_m2c": [-2.065680980682373, -74.02635192871094, 320.6728515625], "obj_id": 0}, {"cam_R_m2c": [0.10505277663469315, 0.7916337251663208, 0.6018970012664795, 0.5030487775802612, 0.4797969162464142, -0.7188441157341003, -0.8578495383262634, 0.37830010056495667, -0.34782636165618896], "cam_t_m2c": [-2.065680980682373, -74.02635192871094, 320.6728515625], "obj_id": 3}, {"cam_R_m2c": [0.10505277663469315, 0.7916337251663208, 0.6018970012664795, 0.5030487775802612, 0.4797969162464142, -0.7188441157341003, -0.8578495383262634, 0.37830010056495667, -0.34782636165618896], "cam_t_m2c": [-2.065680980682373, -74.02635192871094, 320.6728515625], "obj_id": 1}, {"cam_R_m2c": [0.10505277663469315, 0.7916337251663208, 0.6018970012664795, 0.5030487775802612, 0.4797969162464142, -0.7188441157341003, -0.8578495383262634, 0.37830010056495667, -0.34782636165618896], "cam_t_m2c": [-2.065680980682373, -74.02635192871094, 320.6728515625], "obj_id": 1}, {"cam_R_m2c": [0.10505277663469315, 0.7916337251663208, 0.6018970012664795, 0.5030487775802612, 0.4797969162464142, -0.7188441157341003, -0.8578495383262634, 0.37830010056495667, -0.34782636165618896], "cam_t_m2c": [-2.065680980682373, -74.02635192871094, 320.6728515625], "obj_id": 1}, {"cam_R_m2c": [0.10505277663469315, 0.7916337251663208, 0.6018970012664795, 0.5030487775802612, 0.4797969162464142, -0.7188441157341003, -0.8578495383262634, 0.37830010056495667, -0.34782636165618896], "cam_t_m2c": [-2.065680980682373, -74.02635192871094, 320.6728515625], "obj_id": 2}, {"cam_R_m2c": [-0.3451586067676544, -0.6218557953834534, 0.7029656767845154, 0.9372304677963257, -0.2679905593395233, 0.22311431169509888, 0.04964328184723854, 0.7358507513999939, 0.6753215789794922], "cam_t_m2c": [11.301692962646484, -31.13530158996582, 171.44760131835938], "obj_id": 3}, {"cam_R_m2c": [-0.7098661065101624, 0.6982952356338501, -0.09205303341150284, -0.5330942869186401, -0.44725415110588074, 0.718174159526825, 0.46032652258872986, 0.5588804483413696, 0.6897478699684143], "cam_t_m2c": [185.57748413085938, 37.973731994628906, 312.3840637207031], "obj_id": 0}, {"cam_R_m2c": [0.5639143586158752, -0.7864346504211426, 0.252034068107605, -0.6556556820869446, -0.6119065880775452, -0.4423641562461853, 0.5021117925643921, 0.0842079222202301, -0.8606932759284973], "cam_t_m2c": [-4747.41162109375, 5601.81884765625, 2933.867919921875], "obj_id": 2}, {"cam_R_m2c": [-0.4336715638637543, 0.900611162185669, 0.028783224523067474, 0.9006392955780029, 0.4342312812805176, -0.01708974875509739, -0.02788979560136795, 0.01851196400821209, -0.9994395971298218], "cam_t_m2c": [98.3524169921875, -86.27891540527344, 453.0518493652344], "obj_id": 3}, {"cam_R_m2c": [-0.29457348585128784, 0.22758762538433075, 0.9281325936317444, -0.6046631336212158, -0.7964739203453064, 0.003393765538930893, 0.7400059103965759, -0.5602079033851624, 0.3722341060638428], "cam_t_m2c": [-61.84721755981445, -156.95223999023438, 365.6064758300781], "obj_id": 3}, {"cam_R_m2c": [-0.8823053240776062, -0.0925929918885231, 0.4614798426628113, 0.4486856758594513, 0.1307355761528015, 0.8840753436088562, -0.14219099283218384, 0.987083911895752, -0.07380343973636627], "cam_t_m2c": [83.81248474121094, 8.216109275817871, 207.10362243652344], "obj_id": 1}, {"cam_R_m2c": [-0.9883928298950195, 0.1462274193763733, 0.041195981204509735, 0.11736418306827545, 0.9071475267410278, -0.40411511063575745, -0.09646353870630264, -0.39458954334259033, -0.9137799739837646], "cam_t_m2c": [-96.9864501953125, -132.9810333251953, 176.80242919921875], "obj_id": 0}, {"cam_R_m2c": [-0.029370039701461792, 0.9976868033409119, -0.06130393594503403, -0.21310928463935852, 0.05367046222090721, 0.975553035736084, 0.9765866994857788, 0.041716597974300385, 0.2110401690006256], "cam_t_m2c": [-89.99258422851562, -266.3991394042969, 464.5631408691406], "obj_id": 0}],
  "1": [{"cam_R_m2c": [0.7374064922332764, 0.2606721520423889, -0.6231225728988647, -0.3474961519241333, -0.6446710228919983, -0.680915355682373, -0.5792047381401062, 0.7186440825462341, -0.3848020136356354], "cam_t_m2c": [-113.48544311523438, 40.81850814819336, 283.3444519042969], "obj_id": 0}, {"cam_R_m2c": [0.7374064922332764, 0.2606721520423889, -0.6231225728988647, -0.3474961519241333, -0.6446710228919983, -0.680915355682373, -0.5792047381401062, 0.7186440825462341, -0.3848020136356354], "cam_t_m2c": [-113.48544311523438, 40.81850814819336, 283.3444519042969], "obj_id": 1}, {"cam_R_m2c": [0.7374064922332764, 0.2606721520423889, -0.6231225728988647, -0.3474961519241333, -0.6446710228919983, -0.680915355682373, -0.5792047381401062, 0.7186440825462341, -0.3848020136356354], "cam_t_m2c": [-113.48544311523438, 40.81850814819336, 283.3444519042969], "obj_id": 0}, {"cam_R_m2c": [0.7374064922332764, 0.2606721520423889, -0.6231225728988647, -0.3474961519241333, -0.6446710228919983, -0.680915355682373, -0.5792047381401062, 0.7186440825462341, -0.3848020136356354], "cam_t_m2c": [-113.48544311523438, 40.81850814819336, 283.3444519042969], "obj_id": 0}, {"cam_R_m2c": [0.7374064922332764, 0.2606721520423889, -0.6231225728988647, -0.3474961519241333, -0.6446710228919983, -0.680915355682373, -0.5792047381401062, 0.7186440825462341, -0.3848020136356354], "cam_t_m2c": [-113.48544311523438, 40.81850814819336, 283.3444519042969], "obj_id": 3}, {"cam_R_m2c": [0.7374064922332764, 0.2606721520423889, -0.6231225728988647, -0.3474961519241333, -0.6446710228919983, -0.680915355682373, -0.5792047381401062, 0.7186440825462341, -0.3848020136356354], "cam_t_m2c": [-113.48544311523438, 40.81850814819336, 283.3444519042969], "obj_id": 1}, {"cam_R_m2c": [0.7374064922332764, 0.2606721520423889, -0.6231225728988647, -0.3474961519241333, -0.6446710228919983, -0.680915355682373, -0.5792047381401062, 0.7186440825462341, -0.3848020136356354], "cam_t_m2c": [-113.48544311523438, 40.81850814819336, 283.3444519042969], "obj_id": 1}, {"cam_R_m2c": [0.7374064922332764, 0.2606721520423889, -0.6231225728988647, -0.3474961519241333, -0.6446710228919983, -0.680915355682373, -0.5792047381401062, 0.7186440825462341, -0.3848020136356354], "cam_t_m2c": [-113.48544311523438, 40.81850814819336, 283.3444519042969], "obj_id": 3}, {"cam_R_m2c": [0.7374064922332764, 0.2606721520423889, -0.6231225728988647, -0.3474961519241333, -0.6446710228919983, -0.680915355682373, -0.5792047381401062, 0.7186440825462341, -0.3848020136356354], "cam_t_m2c": [-113.48544311523438, 40.81850814819336, 283.3444519042969], "obj_id": 2}, {"cam_R_m2c": [0.7374064922332764, 0.2606721520423889, -0.6231225728988647, -0.3474961519241333, -0.6446710228919983, -0.680915355682373, -0.5792047381401062, 0.7186440825462341, -0.3848020136356354], "cam_t_m2c": [-113.48544311523438, 40.81850814819336, 283.3444519042969], "obj_id": 2}, {"cam_R_m2c": [0.7374064922332764, 0.2606721520423889, -0.6231225728988647, -0.3474961519241333, -0.6446710228919983, -0.680915355682373, -0.5792047381401062, 0.7186440825462341, -0.3848020136356354], "cam_t_m2c": [-113.48544311523438, 40.81850814819336, 283.3444519042969], "obj_id": 0}, {"cam_R_m2c": [0.7374064922332764, 0.2606721520423889, -0.6231225728988647, -0.3474961519241333, -0.6446710228919983, -0.680915355682373, -0.5792047381401062, 0.7186440825462341, -0.3848020136356354], "cam_t_m2c": [-113.48544311523438, 40.81850814819336, 283.3444519042969], "obj_id": 2}, {"cam_R_m2c": [0.7374064922332764, 0.2606721520423889, -0.6231225728988647, -0.3474961519241333, -0.6446710228919983, -0.680915355682373, -0.5792047381401062, 0.7186440825462341, -0.3848020136356354], "cam_t_m2c": [-113.48544311523438, 40.81850814819336, 283.3444519042969], "obj_id": 2}, {"cam_R_m2c": [0.7374064922332764, 0.2606721520423889, -0.6231225728988647, -0.3474961519241333, -0.6446710228919983, -0.680915355682373, -0.5792047381401062, 0.7186440825462341, -0.3848020136356354], "cam_t_m2c": [-113.48544311523438, 40.81850814819336, 283.3444519042969], "obj_id": 2}, {"cam_R_m2c": [0.7374064922332764, 0.2606721520423889, -0.6231225728988647, -0.3474961519241333, -0.6446710228919983, -0.680915355682373, -0.5792047381401062, 0.7186440825462341, -0.3848020136356354], "cam_t_m2c": [-113.48544311523438, 40.81850814819336, 283.3444519042969], "obj_id": 3}, {"cam_R_m2c": [0.7374064922332764, 0.2606721520423889, -0.6231225728988647, -0.3474961519241333, -0.6446710228919983, -0.680915355682373, -0.5792047381401062, 0.7186440825462341, -0.3848020136356354], "cam_t_m2c": [-113.48544311523438, 40.81850814819336, 283.3444519042969], "obj_id": 2}, {"cam_R_m2c": [0.7374064922332764, 0.2606721520423889, -0.6231225728988647, -0.3474961519241333, -0.6446710228919983, -0.680915355682373, -0.5792047381401062, 0.7186440825462341, -0.3848020136356354], "cam_t_m2c": [-113.48544311523438, 40.81850814819336, 283.3444519042969], "obj_id": 2}, {"cam_R_m2c": [0.7374064922332764, 0.2606721520423889, -0.6231225728988647, -0.3474961519241333, -0.6446710228919983, -0.680915355682373, -0.5792047381401062, 0.7186440825462341, -0.3848020136356354], "cam_t_m2c": [-113.48544311523438, 40.81850814819336, 283.3444519042969], "obj_id": 0}, {"cam_R_m2c": [0.7374064922332764, 0.2606721520423889, -0.6231225728988647, -0.3474961519241333, -0.6446710228919983, -0.680915355682373, -0.5792047381401062, 0.7186440825462341, -0.3848020136356354], "cam_t_m2c": [-113.48544311523438, 40.81850814819336, 283.3444519042969], "obj_id": 0}, {"cam_R_m2c": [0.7374064922332764, 0.2606721520423889, -0.6231225728988647, -0.3474961519241333, -0.6446710228919983, -0.680915355682373, -0.5792047381401062, 0.7186440825462341, -0.3848020136356354], "cam_t_m2c": [-113.48544311523438, 40.81850814819336, 283.3444519042969], "obj_id": 3}, {"cam_R_m2c": [0.7374064922332764, 0.2606721520423889, -0.6231225728988647, -0.3474961519241333, -0.6446710228919983, -0.680915355682373, -0.5792047381401062, 0.7186440825462341, -0.3848020136356354], "cam_t_m2c": [-113.48544311523438, 40.81850814819336, 283.3444519042969], "obj_id": 1}, {"cam_R_m2c": [0.7374064922332764, 0.2606721520423889, -0.6231225728988647, -0.3474961519241333, -0.6446710228919983, -0.680915355682373, -0.5792047381401062, 0.7186440825462341, -0.3848020136356354], "cam_t_m2c": [-113.48544311523438, 40.81850814819336, 283.3444519042969], "obj_id": 1}, {"cam_R_m2c": [0.7374064922332764, 0.2606721520423889, -0.6231225728988647, -0.3474961519241333, -0.6446710228919983, -0.680915355682373, -0.5792047381401062, 0.7186440825462341, -0.3848020136356354], "cam_t_m2c": [-113.48544311523438, 40.81850814819336, 283.3444519042969], "obj_id": 1}, {"cam_R_m2c": [0.7374064922332764, 0.2606721520423889, -0.6231225728988647, -0.3474961519241333, -0.6446710228919983, -0.680915355682373, -0.5792047381401062, 0.7186440825462341, -0.3848020136356354], "cam_t_m2c": [-113.48544311523438, 40.81850814819336, 283.3444519042969], "obj_id": 2}, {"cam_R_m2c": [0.9004390239715576, -0.42967233061790466, -0.06775880604982376, 0.34967607259750366, 0.8076656460762024, -0.4747661352157593, 0.2587203085422516, 0.40380430221557617, 0.8774997591972351], "cam_t_m2c": [-26.87882423400879, -15.173904418945312, 166.5084686279297], "obj_id": 3}, {"cam_R_m2c": [-0.5844821333885193, -0.6631874442100525, 0.46750733256340027, 0.8102506995201111, -0.5077781081199646, 0.29266923666000366, 0.043295420706272125, 0.549858033657074, 0.8341352343559265], "cam_t_m2c": [-22.252674102783203, -140.5107421875, 364.7015075683594], "obj_id": 0}, {"cam_R_m2c": [-0.8296390175819397, -0.5325740575790405, -0.16752256453037262, -0.3968559801578522, 0.7736077904701233, -0.4940003454685211, 0.3926885426044464, -0.34335967898368835, -0.8531703948974609], "cam_t_m2c": [4848.16015625, 5371.625, 3203.430908203125], "obj_id": 2}, {"cam_R_m2c": [0.8985700011253357, 0.3218548893928528, 0.2982974350452423, 0.4115927815437317, -0.8538926243782043, -0.3185255527496338, 0.152195006608963, 0.40899458527565, -0.8997554779052734], "cam_t_m2c": [-176.20758056640625, -16.78571891784668, 426.5429382324219], "obj_id": 3}, {"cam_R_m2c": [-0.7786509394645691, -0.5948778390884399, -0.19955693185329437, 0.4939652383327484, -0.3850489854812622, -0.7795739769935608, 0.38691210746765137, -0.7055902481079102, 0.5936678051948547], "cam_t_m2c": [-200.56370544433594, 110.64537811279297, 280.0047912597656], "obj_id": 3}, {"cam_R_m2c": [0.5491388440132141, -0.18128064274787903, 0.8158332109451294, 0.8051080703735352, 0.3765840530395508, -0.4582415521144867, -0.22415943443775177, 0.9084721803665161, 0.35274747014045715], "cam_t_m2c": [-7.659679412841797, -73.95549774169922, 231.72386169433594], "obj_id": 1}, {"cam_R_m2c": [0.23156046867370605, 0.968137264251709, -0.09534130990505219, 0.918136715888977, -0.2498876005411148, -0.3075404763221741, -0.32156601548194885, -0.016322143375873566, -0.9467464685440063], "cam_t_m2c": [-114.83538055419922, 89.43761444091797, 107.79200744628906], "obj_id": 0}, {"cam_R_m2c": [-0.5082902312278748, -0.05359300225973129, 0.8595165610313416, 0.31120333075523376, -0.9420472979545593, 0.12529657781124115, 0.8029902577400208, 0.331171452999115, 0.49551188945770264], "cam_t_m2c": [-332.7005920410156, 165.78823852539062, 325.41754150390625], "obj_id": 0}]
}