{
  "0": [{"cam_R_m2c": [-0.9975647926330566, 0.010783429257571697, 0.06890564411878586, -0.053596820682287216, 0.5136568546295166, -0.8563200235366821, -0.044627923518419266, -0.8579279184341431, -0.5118279457092285], "cam_t_m2c": [29.620820999145508, 119.01717376708984, 499.3203125], "obj_id": 1}, {"cam_R_m2c": [-0.9975647926330566, 0.010783429257571697, 0.06890564411878586, -0.053596820682287216, 0.5136568546295166, -0.8563200235366821, -0.044627923518419266, -0.8579279184341431, -0.5118279457092285], "cam_t_m2c": [29.620820999145508, 119.01717376708984, 499.3203125], "obj_id": 0}, {"cam_R_m2c": [-0.9975647926330566, 0.010783429257571697, 0.06890564411878586, -0.053596820682287216, 0.5136568546295166, -0.8563200235366821, -0.044627923518419266, -0.8579279184341431, -0.5118279457092285], "cam_t_m2c": [29.620820999145508, 119.01717376708984, 499.3203125], "obj_id": 0}, {"cam_R_m2c": [-0.9975647926330566, 0.010783429257571697, 0.06890564411878586, -0.053596820682287216, 0.5136568546295166, -0.8563200235366821, -0.044627923518419266, -0.8579279184341431, -0.5118279457092285], "cam_t_m2c": [29.620820999145508, 119.01717376708984, 499.3203125], "obj_id": 3}, {"cam_R_m2c": [-0.9975647926330566, 0.010783429257571697, 0.06890564411878586, -0.053596820682287216, 0.5136568546295166, -0.8563200235366821, -0.044627923518419266, -0.8579279184341431, -0.5118279457092285], "cam_t_m2c": [29.620820999145508, 119.01717376708984, 499.3203125], "obj_id": 2}, {"cam_R_m2c": [-0.9975647926330566, 0.010783429257571697, 0.06890564411878586, -0.053596820682287216, 0.5136568546295166, -0.8563200235366821, -0.044627923518419266, -0.8579279184341431, -0.5118279457092285], "cam_t_m2c": [29.620820999145508, 119.01717376708984, 499.3203125], "obj_id": 0}, {"cam_R_m2c": [-0.9975647926330566, 0.010783429257571697, 0.06890564411878586, -0.053596820682287216, 0.5136568546295166, -0.8563200235366821, -0.044627923518419266, -0.8579279184341431, -0.5118279457092285], "cam_t_m2c": [29.620820999145508, 119.01717376708984, 499.3203125], "obj_id": 3}, {"cam_R_m2c": [-0.9975647926330566, 0.010783429257571697, 0.06890564411878586, -0.053596820682287216, 0.5136568546295166, -0.8563200235366821, -0.044627923518419266, -0.8579279184341431, -0.5118279457092285], "cam_t_m2c": [29.620820999145508, 119.01717376708984, 499.3203125], "obj_id": 2}, {"cam_R_m2c": [-0.9975647926330566, 0.010783429257571697, 0.06890564411878586, -0.053596820682287216, 0.5136568546295166, -0.8563200235366821, -0.044627923518419266, -0.8579279184341431, -0.5118279457092285], "cam_t_m2c": [29.620820999145508, 119.01717376708984, 499.3203125], "obj_id": 0}, {"cam_R_m2c": [-0.9975647926330566, 0.010783429257571697, 0.06890564411878586, -0.053596820682287216, 0.5136568546295166, -0.8563200235366821, -0.044627923518419266, -0.8579279184341431, -0.5118279457092285], "cam_t_m2c": [29.620820999145508, 119.01717376708984, 499.3203125], "obj_id": 0}, {"cam_R_m2c": [-0.9975647926330566, 0.010783429257571697, 0.06890564411878586, -0.053596820682287216, 0.5136568546295166, -0.8563200235366821, -0.044627923518419266, -0.8579279184341431, -0.5118279457092285], "cam_t_m2c": [29.620820999145508, 119.01717376708984, 499.3203125], "obj_id": 0}, {"cam_R_m2c": [-0.9975647926330566, 0.010783429257571697, 0.06890564411878586, -0.053596820682287216, 0.5136568546295166, -0.8563200235366821, -0.044627923518419266, -0.8579279184341431, -0.5118279457092285], "cam_t_m2c": [29.620820999145508, 119.01717376708984, 499.3203125], "obj_id": 0}, {"cam_R_m2c": [-0.9975647926330566, 0.010783429257571697, 0.06890564411878586, -0.053596820682287216, 0.5136568546295166, -0.8563200235366821, -0.044627923518419266, -0.8579279184341431, -0.5118279457092285], "cam_t_m2c": [29.620820999145508, 119.01717376708984, 499.3203125], "obj_id": 2}, {"cam_R_m2c": [-0.9975647926330566, 0.010783429257571697, 0.06890564411878586, -0.053596820682287216, 0.5136568546295166, -0.8563200235366821, -0.044627923518419266, -0.8579279184341431, -0.5118279457092285], "cam_t_m2c": [29.620820999145508, 119.01717376708984, 499.3203125], "obj_id": 1}, {"cam_R_m2c": [-0.9975647926330566, 0.010783429257571697, 0.06890564411878586, -0.053596820682287216, 0.5136568546295166, -0.8563200235366821, -0.044627923518419266, -0.8579279184341431, -0.5118279457092285], "cam_t_m2c": [29.620820999145508, 119.01717376708984, 499.3203125], "obj_id": 1}, {"cam_R_m2c": [-0.9975647926330566, 0.010783429257571697, 0.06890564411878586, -0.053596820682287216, 0.5136568546295166, -0.8563200235366821, -0.044627923518419266, -0.8579279184341431, -0.5118279457092285], "cam_t_m2c": [29.620820999145508, 119.01717376708984, 499.3203125], "obj_id": 3}, {"cam_R_m2c": [-0.9975647926330566, 0.010783429257571697, 0.06890564411878586, -0.053596820682287216, 0.5136568546295166, -0.8563200235366821, -0.044627923518419266, -0.8579279184341431, -0.5118279457092285], "cam_t_m2c": [29.620820999145508, 119.01717376708984, 499.3203125], "obj_id": 1}, {"cam_R_m2c": [-0.9975647926330566, 0.010783429257571697, 0.06890564411878586, -0.053596820682287216, 0.5136568546295166, -0.8563200235366821, -0.044627923518419266, -0.8579279184341431, -0.5118279457092285], "cam_t_m2c": [29.620820999145508, 119.01717376708984, 499.3203125], "obj_id": 2}, {"cam_R_m2c": [-0.9975647926330566, 0.010783429257571697, 0.06890564411878586, -0.053596820682287216, 0.5136568546295166, -0.8563200235366821, -0.044627923518419266, -0.8579279184341431, -0.5118279457092285], "cam_t_m2c": [29.620820999145508, 119.01717376708984, 499.3203125], "obj_id": 0}, {"cam_R_m2c": [-0.9975647926330566, 0.010783429257571697, 0.06890564411878586, -0.053596820682287216, 0.5136568546295166, -0.8563200235366821, -0.044627923518419266, -0.8579279184341431, -0.5118279457092285], "cam_t_m2c": [29.620820999145508, 119.01717376708984, 499.3203125], "obj_id": 3}, {"cam_R_m2c": [-0.9975647926330566, 0.010783429257571697, 0.06890564411878586, -0.053596820682287216, 0.5136568546295166, -0.8563200235366821, -0.044627923518419266, -0.8579279184341431, -0.5118279457092285], "cam_t_m2c": [29.620820999145508, 119.01717376708984, 499.3203125], "obj_id": 0}, {"cam_R_m2c": [-0.9975647926330566, 0.010783429257571697, 0.06890564411878586, -0.053596820682287216, 0.5136568546295166, -0.8563200235366821, -0.044627923518419266, -0.8579279184341431, -0.5118279457092285], "cam_t_m2c": [29.620820999145508, 119.01717376708984, 499.3203125], "obj_id": 3}, {"cam_R_m2c": [-0.9975647926330566, 0.010783429257571697, 0.06890564411878586, -0.053596820682287216, 0.5136568546295166, -0.8563200235366821, -0.044627923518419266, -0.8579279184341431, -0.5118279457092285], "cam_t_m2c": [29.620820999145508, 119.01717376708984, 499.3203125], "obj_id": 1}, {"cam_R_m2c": [-0.9975647926330566, 0.010783429257571697, 0.06890564411878586, -0.053596820682287216, 0.5136568546295166, -0.8563200235366821, -0.044627923518419266, -0.8579279184341431, -0.5118279457092285], "cam_t_m2c": [29.620820999145508, 119.01717376708984, 499.3203125], "obj_id": 0}, {"cam_R_m2c": [-0.2874860167503357, -0.9414279460906982, 0.1762530505657196, 0.8204401731491089, -0.14710436761379242, 0.5524836182594299, -0.49419593811035156, 0.30343642830848694, 0.8146758079528809], "cam_t_m2c": [-147.62680053710938, 144.27259826660156, 335.5151062011719], "obj_id": 3}, {"cam_R_m2c": [-0.4281826317310333, -0.6930798292160034, -0.5799134969711304, -0.026115870103240013, 0.650938093662262, -0.7586814165115356, 0.9033146500587463, -0.309709370136261, -0.2968207001686096], "cam_t_m2c": [31.657472610473633, 10.071245193481445, 584.1787109375], "obj_id": 3}, {"cam_R_m2c": [0.6669096946716309, 0.669418454170227, 0.3272773027420044, 0.37964940071105957, 0.07267027348279953, -0.9222717881202698, -0.6411690711975098, 0.7393226027488708, -0.205679789185524], "cam_t_m2c": [-59.05228805541992, 110.98167419433594, 403.13739013671875], "obj_id": 0}, {"cam_R_m2c": [0.1335999220609665, -0.9683864712715149, 0.2106623649597168, -0.8610617518424988, -0.00818860623985529, 0.5084344148635864, -0.4906359910964966, -0.24932008981704712, -0.8349345326423645], "cam_t_m2c": [362.8384094238281, 117.9707260131836, 448.241943359375], "obj_id": 1}, {"cam_R_m2c": [-0.031117776408791542, -0.4785228669643402, -0.8775234222412109, -0.9488089084625244, -0.26194292306900024, 0.176486074924469, -0.3143137991428375, 0.8380939960479736, -0.4458755552768707], "cam_t_m2c": [-79.29263305664062, 129.08242797851562, 370.1288146972656], "obj_id": 0}, {"cam_R_m2c": [-0.11479202657938004, -0.8003010749816895, -0.5885072350502014, -0.9212003946304321, -0.1359512209892273, 0.3645639717578888, -0.3717693090438843, 0.5839822292327881, -0.7216315269470215], "cam_t_m2c": [309.6108093261719, 221.96047973632812, 267.09478759765625], "obj_id": 0}, {"cam_R_m2c": [-0.03984769061207771, 0.9466112852096558, -0.31990501284599304, -0.9915278553962708, -0.07707340270280838, -0.10455748438835144, -0.12363146245479584, 0.31302833557128906, 0.941662609577179], "cam_t_m2c": [93.2784652709961, -16.577966690063477, 637.060302734375], "obj_id": 1}, {"cam_R_m2c": [-0.8883582949638367, -0.22268030047416687, -0.40153768658638, 0.45808592438697815, -0.3703274130821228, -0.8080931305885315, 0.031245969235897064, -0.9018152356147766, 0.4309904873371124], "cam_t_m2c": [-37.0530891418457, 63.72024917602539, 485.17034912109375], "obj_id": 3}],
  "1": [{"cam_R_m2c": [0.589871346950531, 0.8074861168861389, -0.0042336005717515945, 0.45921123027801514, -0.33975863456726074, -0.820785641670227, -0.6642114520072937, 0.4822137951850891, -0.5712205767631531], "cam_t_m2c": [92.36946105957031, -12.949565887451172, 717.4942016601562], "obj_id": 1}, {"cam_R_m2c": [0.589871346950531, 0.8074861168861389, -0.0042336005717515945, 0.45921123027801514, -0.33975863456726074, -0.820785641670227, -0.6642114520072937, 0.4822137951850891, -0.5712205767631531], "cam_t_m2c": [92.36946105957031, -12.949565887451172, 717.4942016601562], "obj_id": 0}, {"cam_R_m2c": [0.589871346950531, 0.8074861168861389, -0.0042336005717515945, 0.45921123027801514, -0.33975863456726074, -0.820785641670227, -0.6642114520072937, 0.4822137951850891, -0.5712205767631531], "cam_t_m2c": [92.36946105957031, -12.949565887451172, 717.4942016601562], "obj_id": 0}, {"cam_R_m2c": [0.589871346950531, 0.8074861168861389, -0.0042336005717515945, 0.45921123027801514, -0.33975863456726074, -0.820785641670227, -0.6642114520072937, 0.4822137951850891, -0.5712205767631531], "cam_t_m2c": [92.36946105957031, -12.949565887451172, 717.4942016601562], "obj_id": 3}, {"cam_R_m2c": [0.589871346950531, 0.8074861168861389, -0.0042336005717515945, 0.45921123027801514, -0.33975863456726074, -0.820785641670227, -0.6642114520072937, 0.4822137951850891, -0.5712205767631531], "cam_t_m2c": [92.36946105957031, -12.949565887451172, 717.4942016601562], "obj_id": 2}, {"cam_R_m2c": [0.589871346950531, 0.8074861168861389, -0.0042336005717515945, 0.45921123027801514, -0.33975863456726074, -0.820785641670227, -0.6642114520072937, 0.4822137951850891, -0.5712205767631531], "cam_t_m2c": [92.36946105957031, -12.949565887451172, 717.4942016601562], "obj_id": 0}, {"cam_R_m2c": [0.589871346950531, 0.8074861168861389, -0.0042336005717515945, 0.45921123027801514, -0.33975863456726074, -0.820785641670227, -0.6642114520072937, 0.4822137951850891, -0.5712205767631531], "cam_t_m2c": [92.36946105957031, -12.949565887451172, 717.4942016601562], "obj_id": 3}, {"cam_R_m2c": [0.589871346950531, 0.8074861168861389, -0.0042336005717515945, 0.45921123027801514, -0.33975863456726074, -0.820785641670227, -0.6642114520072937, 0.4822137951850891, -0.5712205767631531], "cam_t_m2c": [92.36946105957031, -12.949565887451172, 717.4942016601562], "obj_id": 2}, {"cam_R_m2c": [0.589871346950531, 0.8074861168861389, -0.0042336005717515945, 0.45921123027801514, -0.33975863456726074, -0.820785641670227, -0.6642114520072937, 0.4822137951850891, -0.5712205767631531], "cam_t_m2c": [92.36946105957031, -12.949565887451172, 717.4942016601562], "obj_id": 0}, {"cam_R_m2c": [0.589871346950531, 0.8074861168861389, -0.0042336005717515945, 0.45921123027801514, -0.33975863456726074, -0.820785641670227, -0.6642114520072937, 0.4822137951850891, -0.5712205767631531], "cam_t_m2c": [92.36946105957031, -12.949565887451172, 717.4942016601562], "obj_id": 0}, {"cam_R_m2c": [0.589871346950531, 0.8074861168861389, -0.0042336005717515945, 0.45921123027801514, -0.33975863456726074, -0.820785641670227, -0.6642114520072937, 0.4822137951850891, -0.5712205767631531], "cam_t_m2c": [92.36946105957031, -12.949565887451172, 717.4942016601562], "obj_id": 0}, {"cam_R_m2c": [0.589871346950531, 0.8074861168861389, -0.0042336005717515945, 0.45921123027801514, -0.33975863456726074, -0.820785641670227, -0.6642114520072937, 0.4822137951850891, -0.5712205767631531], "cam_t_m2c": [92.36946105957031, -12.949565887451172, 717.4942016601562], "obj_id": 0}, {"cam_R_m2c": [0.589871346950531, 0.8074861168861389, -0.0042336005717515945, 0.45921123027801514, -0.33975863456726074, -0.820785641670227, -0.6642114520072937, 0.4822137951850891, -0.5712205767631531], "cam_t_m2c": [92.36946105957031, -12.949565887451172, 717.4942016601562], "obj_id": 2}, {"cam_R_m2c": [0.589871346950531, 0.8074861168861389, -0.0042336005717515945, 0.45921123027801514, -0.33975863456726074, -0.820785641670227, -0.6642114520072937, 0.4822137951850891, -0.5712205767631531], "cam_t_m2c": [92.36946105957031, -12.949565887451172, 717.4942016601562], "obj_id": 1}, {"cam_R_m2c": [0.589871346950531, 0.8074861168861389, -0.0042336005717515945, 0.45921123027801514, -0.33975863456726074, -0.820785641670227, -0.6642114520072937, 0.4822137951850891, -0.5712205767631531], "cam_t_m2c": [92.36946105957031, -12.949565887451172, 717.4942016601562], "obj_id": 1}, {"cam_R_m2c": [0.589871346950531, 0.8074861168861389, -0.0042336005717515945, 0.45921123027801514, -0.33975863456726074, -0.820785641670227, -0.6642114520072937, 0.4822137951850891, -0.5712205767631531], "cam_t_m2c": [92.36946105957031, -12.949565887451172, 717.4942016601562], "obj_id": 3}, {"cam_R_m2c": [0.589871346950531, 0.8074861168861389, -0.0042336005717515945, 0.45921123027801514, -0.33975863456726074, -0.820785641670227, -0.6642114520072937, 0.4822137951850891, -0.5712205767631531], "cam_t_m2c": [92.36946105957031, -12.949565887451172, 717.4942016601562], "obj_id": 1}, {"cam_R_m2c": [0.589871346950531, 0.8074861168861389, -0.0042336005717515945, 0.45921123027801514, -0.33975863456726074, -0.820785641670227, -0.6642114520072937, 0.4822137951850891, -0.5712205767631531], "cam_t_m2c": [92.36946105957031, -12.949565887451172, 717.4942016601562], "obj_id": 2}, {"cam_R_m2c": [0.589871346950531, 0.8074861168861389, -0.0042336005717515945, 0.45921123027801514, -0.33975863456726074, -0.820785641670227, -0.6642114520072937, 0.4822137951850891, -0.5712205767631531], "cam_t_m2c": [92.36946105957031, -12.949565887451172, 717.4942016601562], "obj_id": 0}, {"cam_R_m2c": [0.589871346950531, 0.8074861168861389, -0.0042336005717515945, 0.45921123027801514, -0.33975863456726074, -0.820785641670227, -0.6642114520072937, 0.4822137951850891, -0.5712205767631531], "cam_t_m2c": [92.36946105957031, -12.949565887451172, 717.4942016601562], "obj_id": 3}, {"cam_R_m2c": [0.589871346950531, 0.8074861168861389, -0.0042336005717515945, 0.45921123027801514, -0.33975863456726074, -0.820785641670227, -0.6642114520072937, 0.4822137951850891, -0.5712205767631531], "cam_t_m2c": [92.36946105957031, -12.949565887451172, 717.4942016601562], "obj_id": 0}, {"cam_R_m2c": [0.589871346950531, 0.8074861168861389, -0.0042336005717515945, 0.45921123027801514, -0.33975863456726074, -0.820785641670227, -0.6642114520072937, 0.4822137951850891, -0.5712205767631531], "cam_t_m2c": [92.36946105957031, -12.949565887451172, 717.4942016601562], "obj_id": 3}, {"cam_R_m2c": [0.589871346950531, 0.8074861168861389, -0.0042336005717515945, 0.45921123027801514, -0.33975863456726074, -0.820785641670227, -0.6642114520072937, 0.4822137951850891, -0.5712205767631531], "cam_t_m2c": [92.36946105957031, -12.949565887451172, 717.4942016601562], "obj_id": 1}, {"cam_R_m2c": [0.589871346950531, 0.8074861168861389, -0.0042336005717515945, 0.45921123027801514, -0.33975863456726074, -0.820785641670227, -0.6642114520072937, 0.4822137951850891, -0.5712205767631531], "cam_t_m2c": [92.36946105957031, -12.949565887451172, 717.4942016601562], "obj_id": 0}, {"cam_R_m2c": [0.8383784294128418, 0.27160850167274475, -0.47259965538978577, 0.2207462191581726, 0.6235585808753967, 0.7499638199806213, 0.4983901083469391, -0.7330780625343323, 0.46282151341438293], "cam_t_m2c": [322.3804626464844, -21.563066482543945, 640.63427734375], "obj_id": 3}, {"cam_R_m2c": [-0.4093538820743561, 0.8758077621459961, 0.25571510195732117, 0.833054780960083, 0.47308671474456787, -0.28672054409980774, -0.3720874786376953, 0.09565450996160507, -0.9232557415962219], "cam_t_m2c": [-11.786955833435059, -10.238542556762695, 626.8388061523438], "obj_id": 3}, {"cam_R_m2c": [0.2196897268295288, -0.8902052044868469, -0.39908766746520996, -0.5975391268730164, 0.20058000087738037, -0.7763469219207764, 0.7711571455001831, 0.4090259373188019, -0.4878670871257782], "cam_t_m2c": [209.64932250976562, -37.508392333984375, 664.3816528320312], "obj_id": 0}, {"cam_R_m2c": [-0.058784738183021545, 0.737258791923523, 0.6730482578277588, -0.8420604467391968, 0.3254987895488739, -0.43009865283966064, -0.5361704230308533, -0.5920304656028748, 0.6016820073127747], "cam_t_m2c": [-64.68865203857422, -221.48788452148438, 930.774658203125], "obj_id": 1}, {"cam_R_m2c": [-0.12359335273504257, -0.42461085319519043, 0.8969002962112427, -0.679029643535614, 0.6952813863754272, 0.2355896234512329, -0.7236320376396179, -0.5799046158790588, -0.374255508184433], "cam_t_m2c": [252.05471801757812, -40.711856842041016, 668.67041015625], "obj_id": 0}, {"cam_R_m2c": [-0.02319113165140152, -0.007063647266477346, 0.9997060298919678, -0.6614603996276855, 0.7499127984046936, -0.010045886039733887, -0.7496213316917419, -0.6614989638328552, -0.022063635289669037], "cam_t_m2c": [136.27415466308594, -266.70721435546875, 994.2608642578125], "obj_id": 0}, {"cam_R_m2c": [-0.27175745368003845, -0.8032804727554321, -0.5299891829490662, -0.5642436742782593, -0.31313252449035645, 0.7639222741127014, -0.7796006202697754, 0.5066445469856262, -0.36814990639686584], "cam_t_m2c": [-95.74775695800781, -19.05511474609375, 640.129638671875], "obj_id": 1}, {"cam_R_m2c": [0.6700429320335388, 0.6324552297592163, -0.3886423707008362, 0.7127909064292908, -0.6943655014038086, 0.09892232716083527, -0.20729590952396393, -0.34330296516418457, -0.9160630106925964], "cam_t_m2c": [119.79824829101562, -16.02492904663086, 634.1780395507812], "obj_id": 3}]
}