{
  "0": [{"cam_R_m2c": [0.1922280192375183, -0.04415920004248619, -0.9803562164306641, 0.8944516181945801, 0.41887831687927246, 0.15651588141918182, 0.4037383198738098, -0.9069679975509644, 0.12001842260360718], "cam_t_m2c": [-311.68414306640625, -33.794620513916016, 929.1697998046875], "obj_id": 2}, {"cam_R_m2c": [-0.9157955050468445, -0.36343422532081604, -0.17097921669483185, -0.0508899949491024, -0.31727081537246704, 0.9469684958457947, -0.3984074890613556, 0.8759307265281677, 0.2720601558685303], "cam_t_m2c": [-56.1103515625, -43.49976348876953, 832.1355590820312], "obj_id": 1}, {"cam_R_m2c": [0.09444381296634674, -0.9810904860496521, 0.16894279420375824, 0.7186305522918701, 0.18462659418582916, 0.6704348921775818, -0.6889486908912659, 0.058089111000299454, 0.7224785685539246], "cam_t_m2c": [-77.55372619628906, -29.342933654785156, 852.6590576171875], "obj_id": 1}, {"cam_R_m2c": [-0.4284619390964508, -0.6473464369773865, 0.6303671598434448, -0.7140650749206543, 0.6700716018676758, 0.20276854932308197, -0.5536526441574097, -0.36324459314346313, -0.7493476271629333], "cam_t_m2c": [-100.27094268798828, -52.48649978637695, 864.162841796875], "obj_id": 0}, {"cam_R_m2c": [-0.8345828652381897, 0.19222623109817505, 0.5162560343742371, 0.3654308319091797, 0.8944523930549622, 0.2577115595340729, -0.4122275114059448, 0.40373754501342773, -0.8167400360107422], "cam_t_m2c": [-40.16666793823242, 187.1409454345703, 573.220947265625], "obj_id": 3}, {"cam_R_m2c": [0.47915661334991455, -0.827600359916687, 0.2923809289932251, 0.11587396264076233, -0.2705516517162323, -0.9557065963745117, 0.8700472116470337, 0.49181246757507324, -0.03373929485678673], "cam_t_m2c": [-67.57170104980469, -142.2646026611328, 1047.49072265625], "obj_id": 0}, {"cam_R_m2c": [0.0038782695773988962, -0.9993612170219421, 0.03552351891994476, -0.01388570573180914, -0.03557407483458519, -0.9992704391479492, 0.9998959898948669, 0.003382069757208228, -0.014014698565006256], "cam_t_m2c": [-277.3404541015625, -137.3478546142578, 989.6414184570312], "obj_id": 2}, {"cam_R_m2c": [-0.5343508720397949, 0.7679203152656555, -0.35322409868240356, -0.7444043755531311, -0.6254908442497253, -0.23371568322181702, -0.40041351318359375, 0.13805536925792694, 0.9058750867843628], "cam_t_m2c": [-112.86764526367188, -0.5602710843086243, 786.233642578125], "obj_id": 1}],
  "1": [{"cam_R_m2c": [0.1922280192375183, -0.04415920004248619, -0.9803562164306641, 0.8944516181945801, 0.41887831687927246, 0.15651588141918182, 0.4037383198738098, -0.9069679975509644, 0.12001842260360718], "cam_t_m2c": [-311.68414306640625, -33.794620513916016, 929.1697998046875], "obj_id": 2}, {"cam_R_m2c": [-0.9157955050468445, -0.36343422532081604, -0.17097921669483185, -0.0508899949491024, -0.31727081537246704, 0.9469684958457947, -0.3984074890613556, 0.8759307265281677, 0.2720601558685303], "cam_t_m2c": [-56.1103515625, -43.49976348876953, 832.1355590820312], "obj_id": 1}, {"cam_R_m2c": [0.09444381296634674, -0.9810904860496521, 0.16894279420375824, 0.7186305522918701, 0.18462659418582916, 0.6704348921775818, -0.6889486908912659, 0.058089111000299454, 0.7224785685539246], "cam_t_m2c": [-77.55372619628906, -29.342933654785156, 852.6590576171875], "obj_id": 1}, {"cam_R_m2c": [-0.4284619390964508, -0.6473464369773865, 0.6303671598434448, -0.7140650749206543, 0.6700716018676758, 0.20276854932308197, -0.5536526441574097, -0.36324459314346313, -0.7493476271629333], "cam_t_m2c": [-100.27094268798828, -52.48649978637695, 864.162841796875], "obj_id": 0}, {"cam_R_m2c": [-0.8345828652381897, 0.19222623109817505, 0.5162560343742371, 0.3654308319091797, 0.8944523930549622, 0.2577115595340729, -0.4122275114059448, 0.40373754501342773, -0.8167400360107422], "cam_t_m2c": [-40.16666793823242, 187.1409454345703, 573.220947265625], "obj_id": 3}, {"cam_R_m2c": [0.47915661334991455, -0.827600359916687, 0.2923809289932251, 0.11587396264076233, -0.2705516517162323, -0.9557065963745117, 0.8700472116470337, 0.49181246757507324, -0.03373929485678673], "cam_t_m2c": [-67.57170104980469, -142.2646026611328, 1047.49072265625], "obj_id": 0}, {"cam_R_m2c": [0.0038782695773988962, -0.9993612170219421, 0.03552351891994476, -0.01388570573180914, -0.03557407483458519, -0.9992704391479492, 0.9998959898948669, 0.003382069757208228, -0.014014698565006256], "cam_t_m2c": [-277.3404541015625, -137.3478546142578, 989.6414184570312], "obj_id": 2}, {"cam_R_m2c": [-0.5343508720397949, 0.7679203152656555, -0.35322409868240356, -0.7444043755531311, -0.6254908442497253, -0.23371568322181702, -0.40041351318359375, 0.13805536925792694, 0.9058750867843628], "cam_t_m2c": [-112.86764526367188, -0.5602710843086243, 786.233642578125], "obj_id": 1}],
  "2": [{"cam_R_m2c": [0.1922280192375183, -0.04415920004248619, -0.9803562164306641, 0.8944516181945801, 0.41887831687927246, 0.15651588141918182, 0.4037383198738098, -0.9069679975509644, 0.12001842260360718], "cam_t_m2c": [-311.68414306640625, -33.794620513916016, 929.1697998046875], "obj_id": 2}, {"cam_R_m2c": [-0.9157955050468445, -0.36343422532081604, -0.17097921669483185, -0.0508899949491024, -0.31727081537246704, 0.9469684958457947, -0.3984074890613556, 0.8759307265281677, 0.2720601558685303], "cam_t_m2c": [-56.1103515625, -43.49976348876953, 832.1355590820312], "obj_id": 1}, {"cam_R_m2c": [0.09444381296634674, -0.9810904860496521, 0.16894279420375824, 0.7186305522918701, 0.18462659418582916, 0.6704348921775818, -0.6889486908912659, 0.058089111000299454, 0.7224785685539246], "cam_t_m2c": [-77.55372619628906, -29.342933654785156, 852.6590576171875], "obj_id": 1}, {"cam_R_m2c": [-0.4284619390964508, -0.6473464369773865, 0.6303671598434448, -0.7140650749206543, 0.6700716018676758, 0.20276854932308197, -0.5536526441574097, -0.36324459314346313, -0.7493476271629333], "cam_t_m2c": [-100.27094268798828, -52.48649978637695, 864.162841796875], "obj_id": 0}, {"cam_R_m2c": [-0.8345828652381897, 0.19222623109817505, 0.5162560343742371, 0.3654308319091797, 0.8944523930549622, 0.2577115595340729, -0.4122275114059448, 0.40373754501342773, -0.8167400360107422], "cam_t_m2c": [-40.16666793823242, 187.1409454345703, 573.220947265625], "obj_id": 3}, {"cam_R_m2c": [0.47915661334991455, -0.827600359916687, 0.2923809289932251, 0.11587396264076233, -0.2705516517162323, -0.9557065963745117, 0.8700472116470337, 0.49181246757507324, -0.03373929485678673], "cam_t_m2c": [-67.57170104980469, -142.2646026611328, 1047.49072265625], "obj_id": 0}, {"cam_R_m2c": [0.0038782695773988962, -0.9993612170219421, 0.03552351891994476, -0.01388570573180914, -0.03557407483458519, -0.9992704391479492, 0.9998959898948669, 0.003382069757208228, -0.014014698565006256], "cam_t_m2c": [-277.3404541015625, -137.3478546142578, 989.6414184570312], "obj_id": 2}, {"cam_R_m2c": [-0.5343508720397949, 0.7679203152656555, -0.35322409868240356, -0.7444043755531311, -0.6254908442497253, -0.23371568322181702, -0.40041351318359375, 0.13805536925792694, 0.9058750867843628], "cam_t_m2c": [-112.86764526367188, -0.5602710843086243, 786.233642578125], "obj_id": 1}],
  "3": [{"cam_R_m2c": [0.1922280192375183, -0.04415920004248619, -0.9803562164306641, 0.8944516181945801, 0.41887831687927246, 0.15651588141918182, 0.4037383198738098, -0.9069679975509644, 0.12001842260360718], "cam_t_m2c": [-311.68414306640625, -33.794620513916016, 929.1697998046875], "obj_id": 2}, {"cam_R_m2c": [-0.9157955050468445, -0.36343422532081604, -0.17097921669483185, -0.0508899949491024, -0.31727081537246704, 0.9469684958457947, -0.3984074890613556, 0.8759307265281677, 0.2720601558685303], "cam_t_m2c": [-56.1103515625, -43.49976348876953, 832.1355590820312], "obj_id": 1}, {"cam_R_m2c": [0.09444381296634674, -0.9810904860496521, 0.16894279420375824, 0.7186305522918701, 0.18462659418582916, 0.6704348921775818, -0.6889486908912659, 0.058089111000299454, 0.7224785685539246], "cam_t_m2c": [-77.55372619628906, -29.342933654785156, 852.6590576171875], "obj_id": 1}, {"cam_R_m2c": [-0.4284619390964508, -0.6473464369773865, 0.6303671598434448, -0.7140650749206543, 0.6700716018676758, 0.20276854932308197, -0.5536526441574097, -0.36324459314346313, -0.7493476271629333], "cam_t_m2c": [-100.27094268798828, -52.48649978637695, 864.162841796875], "obj_id": 0}, {"cam_R_m2c": [-0.8345828652381897, 0.19222623109817505, 0.5162560343742371, 0.3654308319091797, 0.8944523930549622, 0.2577115595340729, -0.4122275114059448, 0.40373754501342773, -0.8167400360107422], "cam_t_m2c": [-40.16666793823242, 187.1409454345703, 573.220947265625], "obj_id": 3}, {"cam_R_m2c": [0.47915661334991455, -0.827600359916687, 0.2923809289932251, 0.11587396264076233, -0.2705516517162323, -0.9557065963745117, 0.8700472116470337, 0.49181246757507324, -0.03373929485678673], "cam_t_m2c": [-67.57170104980469, -142.2646026611328, 1047.49072265625], "obj_id": 0}, {"cam_R_m2c": [0.0038782695773988962, -0.9993612170219421, 0.03552351891994476, -0.01388570573180914, -0.03557407483458519, -0.9992704391479492, 0.9998959898948669, 0.003382069757208228, -0.014014698565006256], "cam_t_m2c": [-277.3404541015625, -137.3478546142578, 989.6414184570312], "obj_id": 2}, {"cam_R_m2c": [-0.5343508720397949, 0.7679203152656555, -0.35322409868240356, -0.7444043755531311, -0.6254908442497253, -0.23371568322181702, -0.40041351318359375, 0.13805536925792694, 0.9058750867843628], "cam_t_m2c": [-112.86764526367188, -0.5602710843086243, 786.233642578125], "obj_id": 1}],
  "4": [{"cam_R_m2c": [0.1922280192375183, -0.04415920004248619, -0.9803562164306641, 0.8944516181945801, 0.41887831687927246, 0.15651588141918182, 0.4037383198738098, -0.9069679975509644, 0.12001842260360718], "cam_t_m2c": [-311.68414306640625, -33.794620513916016, 929.1697998046875], "obj_id": 2}, {"cam_R_m2c": [-0.9157955050468445, -0.36343422532081604, -0.17097921669483185, -0.0508899949491024, -0.31727081537246704, 0.9469684958457947, -0.3984074890613556, 0.8759307265281677, 0.2720601558685303], "cam_t_m2c": [-56.1103515625, -43.49976348876953, 832.1355590820312], "obj_id": 1}, {"cam_R_m2c": [0.09444381296634674, -0.9810904860496521, 0.16894279420375824, 0.7186305522918701, 0.18462659418582916, 0.6704348921775818, -0.6889486908912659, 0.058089111000299454, 0.7224785685539246], "cam_t_m2c": [-77.55372619628906, -29.342933654785156, 852.6590576171875], "obj_id": 1}, {"cam_R_m2c": [-0.4284619390964508, -0.6473464369773865, 0.6303671598434448, -0.7140650749206543, 0.6700716018676758, 0.20276854932308197, -0.5536526441574097, -0.36324459314346313, -0.7493476271629333], "cam_t_m2c": [-100.27094268798828, -52.48649978637695, 864.162841796875], "obj_id": 0}, {"cam_R_m2c": [-0.8345828652381897, 0.19222623109817505, 0.5162560343742371, 0.3654308319091797, 0.8944523930549622, 0.2577115595340729, -0.4122275114059448, 0.40373754501342773, -0.8167400360107422], "cam_t_m2c": [-40.16666793823242, 187.1409454345703, 573.220947265625], "obj_id": 3}, {"cam_R_m2c": [0.47915661334991455, -0.827600359916687, 0.2923809289932251, 0.11587396264076233, -0.2705516517162323, -0.9557065963745117, 0.8700472116470337, 0.49181246757507324, -0.03373929485678673], "cam_t_m2c": [-67.57170104980469, -142.2646026611328, 1047.49072265625], "obj_id": 0}, {"cam_R_m2c": [0.0038782695773988962, -0.9993612170219421, 0.03552351891994476, -0.01388570573180914, -0.03557407483458519, -0.9992704391479492, 0.9998959898948669, 0.003382069757208228, -0.014014698565006256], "cam_t_m2c": [-277.3404541015625, -137.3478546142578, 989.6414184570312], "obj_id": 2}, {"cam_R_m2c": [-0.5343508720397949, 0.7679203152656555, -0.35322409868240356, -0.7444043755531311, -0.6254908442497253, -0.23371568322181702, -0.40041351318359375, 0.13805536925792694, 0.9058750867843628], "cam_t_m2c": [-112.86764526367188, -0.5602710843086243, 786.233642578125], "obj_id": 1}],
  "5": [{"cam_R_m2c": [0.20746228098869324, 0.8677342534065247, -0.4516599178314209, 0.7723124027252197, 0.138091579079628, 0.6200518012046814, 0.6004106402397156, -0.47745993733406067, -0.6415131688117981], "cam_t_m2c": [-430.700927734375, 135.8941192626953, 404.5639953613281], "obj_id": 2}, {"cam_R_m2c": [-0.12950071692466736, -0.9767351150512695, 0.17093311250209808, 0.2792961597442627, 0.12947501242160797, 0.9514356851577759, -0.9514322280883789, 0.17095254361629486, 0.25603124499320984], "cam_t_m2c": [-248.28041076660156, -16.609935760498047, 539.8157958984375], "obj_id": 1}, {"cam_R_m2c": [0.9075686931610107, -0.39163100719451904, -0.15147343277931213, 0.38396725058555603, 0.6280038356781006, 0.6768901944160461, -0.16996529698371887, -0.6724852323532104, 0.7203301191329956], "cam_t_m2c": [-266.5824279785156, 10.700729370117188, 539.03515625], "obj_id": 1}, {"cam_R_m2c": [-0.11259179562330246, 0.3080207407474518, 0.9446936845779419, -0.5489180088043213, 0.7732157707214355, -0.31753167510032654, -0.8282583951950073, -0.5543109178543091, 0.08202040940523148], "cam_t_m2c": [-296.46112060546875, 4.705907821655273, 523.0551147460938], "obj_id": 0}, {"cam_R_m2c": [0.11620024591684341, 0.20746253430843353, 0.971316933631897, 0.5899614691734314, 0.7723137140274048, -0.2355356216430664, -0.7990261912345886, 0.6004089117050171, -0.03265184536576271], "cam_t_m2c": [65.24666595458984, 103.44523620605469, 451.6475524902344], "obj_id": 3}, {"cam_R_m2c": [-0.3906797468662262, -0.8696867823600769, -0.3016851842403412, 0.10201048851013184, 0.28480952978134155, -0.9531407356262207, 0.9148567914962769, -0.40314796566963196, -0.022552035748958588], "cam_t_m2c": [-463.7388916015625, -38.59427261352539, 636.5526733398438], "obj_id": 0}, {"cam_R_m2c": [-0.7622942924499512, -0.46364396810531616, -0.4515988528728485, 0.24740974605083466, 0.4360104203224182, -0.8652648329734802, 0.5980766415596008, -0.7713164687156677, -0.2176581472158432], "cam_t_m2c": [-510.7793273925781, 48.11531066894531, 442.5364990234375], "obj_id": 2}, {"cam_R_m2c": [-0.29022786021232605, -0.0625481829047203, -0.9549110531806946, -0.48529013991355896, -0.8504136204719543, 0.2031986266374588, -0.8247793316841125, 0.522382915019989, 0.21646001935005188], "cam_t_m2c": [-218.19183349609375, 34.14480209350586, 479.0637512207031], "obj_id": 1}],
  "6": [{"cam_R_m2c": [0.20746228098869324, 0.8677342534065247, -0.4516599178314209, 0.7723124027252197, 0.138091579079628, 0.6200518012046814, 0.6004106402397156, -0.47745993733406067, -0.6415131688117981], "cam_t_m2c": [-430.700927734375, 135.8941192626953, 404.5639953613281], "obj_id": 2}, {"cam_R_m2c": [-0.12950071692466736, -0.9767351150512695, 0.17093311250209808, 0.2792961597442627, 0.12947501242160797, 0.9514356851577759, -0.9514322280883789, 0.17095254361629486, 0.25603124499320984], "cam_t_m2c": [-248.28041076660156, -16.609935760498047, 539.8157958984375], "obj_id": 1}, {"cam_R_m2c": [0.9075686931610107, -0.39163100719451904, -0.15147343277931213, 0.38396725058555603, 0.6280038356781006, 0.6768901944160461, -0.16996529698371887, -0.6724852323532104, 0.7203301191329956], "cam_t_m2c": [-266.5824279785156, 10.700729370117188, 539.03515625], "obj_id": 1}, {"cam_R_m2c": [-0.11259179562330246, 0.3080207407474518, 0.9446936845779419, -0.5489180088043213, 0.7732157707214355, -0.31753167510032654, -0.8282583951950073, -0.5543109178543091, 0.08202040940523148], "cam_t_m2c": [-296.46112060546875, 4.705907821655273, 523.0551147460938], "obj_id": 0}, {"cam_R_m2c": [0.11620024591684341, 0.20746253430843353, 0.971316933631897, 0.5899614691734314, 0.7723137140274048, -0.2355356216430664, -0.7990261912345886, 0.6004089117050171, -0.03265184536576271], "cam_t_m2c": [65.24666595458984, 103.44523620605469, 451.6475524902344], "obj_id": 3}, {"cam_R_m2c": [-0.3906797468662262, -0.8696867823600769, -0.3016851842403412, 0.10201048851013184, 0.28480952978134155, -0.9531407356262207, 0.9148567914962769, -0.40314796566963196, -0.022552035748958588], "cam_t_m2c": [-463.7388916015625, -38.59427261352539, 636.5526733398438], "obj_id": 0}, {"cam_R_m2c": [-0.7622942924499512, -0.46364396810531616, -0.4515988528728485, 0.24740974605083466, 0.4360104203224182, -0.8652648329734802, 0.5980766415596008, -0.7713164687156677, -0.2176581472158432], "cam_t_m2c": [-510.7793273925781, 48.11531066894531, 442.5364990234375], "obj_id": 2}, {"cam_R_m2c": [-0.29022786021232605, -0.0625481829047203, -0.9549110531806946, -0.48529013991355896, -0.8504136204719543, 0.2031986266374588, -0.8247793316841125, 0.522382915019989, 0.21646001935005188], "cam_t_m2c": [-218.19183349609375, 34.14480209350586, 479.0637512207031], "obj_id": 1}],
  "7": [{"cam_R_m2c": [0.20746228098869324, 0.8677342534065247, -0.4516599178314209, 0.7723124027252197, 0.138091579079628, 0.6200518012046814, 0.6004106402397156, -0.47745993733406067, -0.6415131688117981], "cam_t_m2c": [-430.700927734375, 135.8941192626953, 404.5639953613281], "obj_id": 2}, {"cam_R_m2c": [-0.12950071692466736, -0.9767351150512695, 0.17093311250209808, 0.2792961597442627, 0.12947501242160797, 0.9514356851577759, -0.9514322280883789, 0.17095254361629486, 0.25603124499320984], "cam_t_m2c": [-248.28041076660156, -16.609935760498047, 539.8157958984375], "obj_id": 1}, {"cam_R_m2c": [0.9075686931610107, -0.39163100719451904, -0.15147343277931213, 0.38396725058555603, 0.6280038356781006, 0.6768901944160461, -0.16996529698371887, -0.6724852323532104, 0.7203301191329956], "cam_t_m2c": [-266.5824279785156, 10.700729370117188, 539.03515625], "obj_id": 1}, {"cam_R_m2c": [-0.11259179562330246, 0.3080207407474518, 0.9446936845779419, -0.5489180088043213, 0.7732157707214355, -0.31753167510032654, -0.8282583951950073, -0.5543109178543091, 0.08202040940523148], "cam_t_m2c": [-296.46112060546875, 4.705907821655273, 523.0551147460938], "obj_id": 0}, {"cam_R_m2c": [0.11620024591684341, 0.20746253430843353, 0.971316933631897, 0.5899614691734314, 0.7723137140274048, -0.2355356216430664, -0.7990261912345886, 0.6004089117050171, -0.03265184536576271], "cam_t_m2c": [65.24666595458984, 103.44523620605469, 451.6475524902344], "obj_id": 3}, {"cam_R_m2c": [-0.3906797468662262, -0.8696867823600769, -0.3016851842403412, 0.10201048851013184, 0.28480952978134155, -0.9531407356262207, 0.9148567914962769, -0.40314796566963196, -0.022552035748958588], "cam_t_m2c": [-463.7388916015625, -38.59427261352539, 636.5526733398438], "obj_id": 0}, {"cam_R_m2c": [-0.7622942924499512, -0.46364396810531616, -0.4515988528728485, 0.24740974605083466, 0.4360104203224182, -0.8652648329734802, 0.5980766415596008, -0.7713164687156677, -0.2176581472158432], "cam_t_m2c": [-510.7793273925781, 48.11531066894531, 442.5364990234375], "obj_id": 2}, {"cam_R_m2c": [-0.29022786021232605, -0.0625481829047203, -0.9549110531806946, -0.48529013991355896, -0.8504136204719543, 0.2031986266374588, -0.8247793316841125, 0.522382915019989, 0.21646001935005188], "cam_t_m2c": [-218.19183349609375, 34.14480209350586, 479.0637512207031], "obj_id": 1}],
  "8": [{"cam_R_m2c": [0.20746228098869324, 0.8677342534065247, -0.4516599178314209, 0.7723124027252197, 0.138091579079628, 0.6200518012046814, 0.6004106402397156, -0.47745993733406067, -0.6415131688117981], "cam_t_m2c": [-430.700927734375, 135.8941192626953, 404.5639953613281], "obj_id": 2}, {"cam_R_m2c": [-0.12950071692466736, -0.9767351150512695, 0.17093311250209808, 0.2792961597442627, 0.12947501242160797, 0.9514356851577759, -0.9514322280883789, 0.17095254361629486, 0.25603124499320984], "cam_t_m2c": [-248.28041076660156, -16.609935760498047, 539.8157958984375], "obj_id": 1}, {"cam_R_m2c": [0.9075686931610107, -0.39163100719451904, -0.15147343277931213, 0.38396725058555603, 0.6280038356781006, 0.6768901944160461, -0.16996529698371887, -0.6724852323532104, 0.7203301191329956], "cam_t_m2c": [-266.5824279785156, 10.700729370117188, 539.03515625], "obj_id": 1}, {"cam_R_m2c": [-0.11259179562330246, 0.3080207407474518, 0.9446936845779419, -0.5489180088043213, 0.7732157707214355, -0.31753167510032654, -0.8282583951950073, -0.5543109178543091, 0.08202040940523148], "cam_t_m2c": [-296.46112060546875, 4.705907821655273, 523.0551147460938], "obj_id": 0}, {"cam_R_m2c": [0.11620024591684341, 0.20746253430843353, 0.971316933631897, 0.5899614691734314, 0.7723137140274048, -0.2355356216430664, -0.7990261912345886, 0.6004089117050171, -0.03265184536576271], "cam_t_m2c": [65.24666595458984, 103.44523620605469, 451.6475524902344], "obj_id": 3}, {"cam_R_m2c": [-0.3906797468662262, -0.8696867823600769, -0.3016851842403412, 0.10201048851013184, 0.28480952978134155, -0.9531407356262207, 0.9148567914962769, -0.40314796566963196, -0.022552035748958588], "cam_t_m2c": [-463.7388916015625, -38.59427261352539, 636.5526733398438], "obj_id": 0}, {"cam_R_m2c": [-0.7622942924499512, -0.46364396810531616, -0.4515988528728485, 0.24740974605083466, 0.4360104203224182, -0.8652648329734802, 0.5980766415596008, -0.7713164687156677, -0.2176581472158432], "cam_t_m2c": [-510.7793273925781, 48.11531066894531, 442.5364990234375], "obj_id": 2}, {"cam_R_m2c": [-0.29022786021232605, -0.0625481829047203, -0.9549110531806946, -0.48529013991355896, -0.8504136204719543, 0.2031986266374588, -0.8247793316841125, 0.522382915019989, 0.21646001935005188], "cam_t_m2c": [-218.19183349609375, 34.14480209350586, 479.0637512207031], "obj_id": 1}],
  "9": [{"cam_R_m2c": [0.20746228098869324, 0.8677342534065247, -0.4516599178314209, 0.7723124027252197, 0.138091579079628, 0.6200518012046814, 0.6004106402397156, -0.47745993733406067, -0.6415131688117981], "cam_t_m2c": [-430.700927734375, 135.8941192626953, 404.5639953613281], "obj_id": 2}, {"cam_R_m2c": [-0.12950071692466736, -0.9767351150512695, 0.17093311250209808, 0.2792961597442627, 0.12947501242160797, 0.9514356851577759, -0.9514322280883789, 0.17095254361629486, 0.25603124499320984], "cam_t_m2c": [-248.28041076660156, -16.609935760498047, 539.8157958984375], "obj_id": 1}, {"cam_R_m2c": [0.9075686931610107, -0.39163100719451904, -0.15147343277931213, 0.38396725058555603, 0.6280038356781006, 0.6768901944160461, -0.16996529698371887, -0.6724852323532104, 0.7203301191329956], "cam_t_m2c": [-266.5824279785156, 10.700729370117188, 539.03515625], "obj_id": 1}, {"cam_R_m2c": [-0.11259179562330246, 0.3080207407474518, 0.9446936845779419, -0.5489180088043213, 0.7732157707214355, -0.31753167510032654, -0.8282583951950073, -0.5543109178543091, 0.08202040940523148], "cam_t_m2c": [-296.46112060546875, 4.705907821655273, 523.0551147460938], "obj_id": 0}, {"cam_R_m2c": [0.11620024591684341, 0.20746253430843353, 0.971316933631897, 0.5899614691734314, 0.7723137140274048, -0.2355356216430664, -0.7990261912345886, 0.6004089117050171, -0.03265184536576271], "cam_t_m2c": [65.24666595458984, 103.44523620605469, 451.6475524902344], "obj_id": 3}, {"cam_R_m2c": [-0.3906797468662262, -0.8696867823600769, -0.3016851842403412, 0.10201048851013184, 0.28480952978134155, -0.9531407356262207, 0.9148567914962769, -0.40314796566963196, -0.022552035748958588], "cam_t_m2c": [-463.7388916015625, -38.59427261352539, 636.5526733398438], "obj_id": 0}, {"cam_R_m2c": [-0.7622942924499512, -0.46364396810531616, -0.4515988528728485, 0.24740974605083466, 0.4360104203224182, -0.8652648329734802, 0.5980766415596008, -0.7713164687156677, -0.2176581472158432], "cam_t_m2c": [-510.7793273925781, 48.11531066894531, 442.5364990234375], "obj_id": 2}, {"cam_R_m2c": [-0.29022786021232605, -0.0625481829047203, -0.9549110531806946, -0.48529013991355896, -0.8504136204719543, 0.2031986266374588, -0.8247793316841125, 0.522382915019989, 0.21646001935005188], "cam_t_m2c": [-218.19183349609375, 34.14480209350586, 479.0637512207031], "obj_id": 1}],
  "10": [{"cam_R_m2c": [0.20746228098869324, 0.8677342534065247, -0.4516599178314209, 0.7723124027252197, 0.138091579079628, 0.6200518012046814, 0.6004106402397156, -0.47745993733406067, -0.6415131688117981], "cam_t_m2c": [-430.700927734375, 135.8941192626953, 404.5639953613281], "obj_id": 2}, {"cam_R_m2c": [-0.12950071692466736, -0.9767351150512695, 0.17093311250209808, 0.2792961597442627, 0.12947501242160797, 0.9514356851577759, -0.9514322280883789, 0.17095254361629486, 0.25603124499320984], "cam_t_m2c": [-248.28041076660156, -16.609935760498047, 539.8157958984375], "obj_id": 1}, {"cam_R_m2c": [0.9075686931610107, -0.39163100719451904, -0.15147343277931213, 0.38396725058555603, 0.6280038356781006, 0.6768901944160461, -0.16996529698371887, -0.6724852323532104, 0.7203301191329956], "cam_t_m2c": [-266.5824279785156, 10.700729370117188, 539.03515625], "obj_id": 1}, {"cam_R_m2c": [-0.11259179562330246, 0.3080207407474518, 0.9446936845779419, -0.5489180088043213, 0.7732157707214355, -0.31753167510032654, -0.8282583951950073, -0.5543109178543091, 0.08202040940523148], "cam_t_m2c": [-296.46112060546875, 4.705907821655273, 523.0551147460938], "obj_id": 0}, {"cam_R_m2c": [0.11620024591684341, 0.20746253430843353, 0.971316933631897, 0.5899614691734314, 0.7723137140274048, -0.2355356216430664, -0.7990261912345886, 0.6004089117050171, -0.03265184536576271], "cam_t_m2c": [65.24666595458984, 103.44523620605469, 451.6475524902344], "obj_id": 3}, {"cam_R_m2c": [-0.3906797468662262, -0.8696867823600769, -0.3016851842403412, 0.10201048851013184, 0.28480952978134155, -0.9531407356262207, 0.9148567914962769, -0.40314796566963196, -0.022552035748958588], "cam_t_m2c": [-463.7388916015625, -38.59427261352539, 636.5526733398438], "obj_id": 0}, {"cam_R_m2c": [-0.7622942924499512, -0.46364396810531616, -0.4515988528728485, 0.24740974605083466, 0.4360104203224182, -0.8652648329734802, 0.5980766415596008, -0.7713164687156677, -0.2176581472158432], "cam_t_m2c": [-510.7793273925781, 48.11531066894531, 442.5364990234375], "obj_id": 2}, {"cam_R_m2c": [-0.29022786021232605, -0.0625481829047203, -0.9549110531806946, -0.48529013991355896, -0.8504136204719543, 0.2031986266374588, -0.8247793316841125, 0.522382915019989, 0.21646001935005188], "cam_t_m2c": [-218.19183349609375, 34.14480209350586, 479.0637512207031], "obj_id": 1}],
  "11": [{"cam_R_m2c": [0.20746228098869324, 0.8677342534065247, -0.4516599178314209, 0.7723124027252197, 0.138091579079628, 0.6200518012046814, 0.6004106402397156, -0.47745993733406067, -0.6415131688117981], "cam_t_m2c": [-430.700927734375, 135.8941192626953, 404.5639953613281], "obj_id": 2}, {"cam_R_m2c": [-0.12950071692466736, -0.9767351150512695, 0.17093311250209808, 0.2792961597442627, 0.12947501242160797, 0.9514356851577759, -0.9514322280883789, 0.17095254361629486, 0.25603124499320984], "cam_t_m2c": [-248.28041076660156, -16.609935760498047, 539.8157958984375], "obj_id": 1}, {"cam_R_m2c": [0.9075686931610107, -0.39163100719451904, -0.15147343277931213, 0.38396725058555603, 0.6280038356781006, 0.6768901944160461, -0.16996529698371887, -0.6724852323532104, 0.7203301191329956], "cam_t_m2c": [-266.5824279785156, 10.700729370117188, 539.03515625], "obj_id": 1}, {"cam_R_m2c": [-0.11259179562330246, 0.3080207407474518, 0.9446936845779419, -0.5489180088043213, 0.7732157707214355, -0.31753167510032654, -0.8282583951950073, -0.5543109178543091, 0.08202040940523148], "cam_t_m2c": [-296.46112060546875, 4.705907821655273, 523.0551147460938], "obj_id": 0}, {"cam_R_m2c": [0.11620024591684341, 0.20746253430843353, 0.971316933631897, 0.5899614691734314, 0.7723137140274048, -0.2355356216430664, -0.7990261912345886, 0.6004089117050171, -0.03265184536576271], "cam_t_m2c": [65.24666595458984, 103.44523620605469, 451.6475524902344], "obj_id": 3}, {"cam_R_m2c": [-0.3906797468662262, -0.8696867823600769, -0.3016851842403412, 0.10201048851013184, 0.28480952978134155, -0.9531407356262207, 0.9148567914962769, -0.40314796566963196, -0.022552035748958588], "cam_t_m2c": [-463.7388916015625, -38.59427261352539, 636.5526733398438], "obj_id": 0}, {"cam_R_m2c": [-0.7622942924499512, -0.46364396810531616, -0.4515988528728485, 0.24740974605083466, 0.4360104203224182, -0.8652648329734802, 0.5980766415596008, -0.7713164687156677, -0.2176581472158432], "cam_t_m2c": [-510.7793273925781, 48.11531066894531, 442.5364990234375], "obj_id": 2}, {"cam_R_m2c": [-0.29022786021232605, -0.0625481829047203, -0.9549110531806946, -0.48529013991355896, -0.8504136204719543, 0.2031986266374588, -0.8247793316841125, 0.522382915019989, 0.21646001935005188], "cam_t_m2c": [-218.19183349609375, 34.14480209350586, 479.0637512207031], "obj_id": 1}],
  "12": [{"cam_R_m2c": [0.20746228098869324, 0.8677342534065247, -0.4516599178314209, 0.7723124027252197, 0.138091579079628, 0.6200518012046814, 0.6004106402397156, -0.47745993733406067, -0.6415131688117981], "cam_t_m2c": [-430.700927734375, 135.8941192626953, 404.5639953613281], "obj_id": 2}, {"cam_R_m2c": [-0.12950071692466736, -0.9767351150512695, 0.17093311250209808, 0.2792961597442627, 0.12947501242160797, 0.9514356851577759, -0.9514322280883789, 0.17095254361629486, 0.25603124499320984], "cam_t_m2c": [-248.28041076660156, -16.609935760498047, 539.8157958984375], "obj_id": 1}, {"cam_R_m2c": [0.9075686931610107, -0.39163100719451904, -0.15147343277931213, 0.38396725058555603, 0.6280038356781006, 0.6768901944160461, -0.16996529698371887, -0.6724852323532104, 0.7203301191329956], "cam_t_m2c": [-266.5824279785156, 10.700729370117188, 539.03515625], "obj_id": 1}, {"cam_R_m2c": [-0.11259179562330246, 0.3080207407474518, 0.9446936845779419, -0.5489180088043213, 0.7732157707214355, -0.31753167510032654, -0.8282583951950073, -0.5543109178543091, 0.08202040940523148], "cam_t_m2c": [-296.46112060546875, 4.705907821655273, 523.0551147460938], "obj_id": 0}, {"cam_R_m2c": [0.11620024591684341, 0.20746253430843353, 0.971316933631897, 0.5899614691734314, 0.7723137140274048, -0.2355356216430664, -0.7990261912345886, 0.6004089117050171, -0.03265184536576271], "cam_t_m2c": [65.24666595458984, 103.44523620605469, 451.6475524902344], "obj_id": 3}, {"cam_R_m2c": [-0.3906797468662262, -0.8696867823600769, -0.3016851842403412, 0.10201048851013184, 0.28480952978134155, -0.9531407356262207, 0.9148567914962769, -0.40314796566963196, -0.022552035748958588], "cam_t_m2c": [-463.7388916015625, -38.59427261352539, 636.5526733398438], "obj_id": 0}, {"cam_R_m2c": [-0.7622942924499512, -0.46364396810531616, -0.4515988528728485, 0.24740974605083466, 0.4360104203224182, -0.8652648329734802, 0.5980766415596008, -0.7713164687156677, -0.2176581472158432], "cam_t_m2c": [-510.7793273925781, 48.11531066894531, 442.5364990234375], "obj_id": 2}, {"cam_R_m2c": [-0.29022786021232605, -0.0625481829047203, -0.9549110531806946, -0.48529013991355896, -0.8504136204719543, 0.2031986266374588, -0.8247793316841125, 0.522382915019989, 0.21646001935005188], "cam_t_m2c": [-218.19183349609375, 34.14480209350586, 479.0637512207031], "obj_id": 1}],
  "13": [{"cam_R_m2c": [0.20746228098869324, 0.8677342534065247, -0.4516599178314209, 0.7723124027252197, 0.138091579079628, 0.6200518012046814, 0.6004106402397156, -0.47745993733406067, -0.6415131688117981], "cam_t_m2c": [-430.700927734375, 135.8941192626953, 404.5639953613281], "obj_id": 2}, {"cam_R_m2c": [-0.12950071692466736, -0.9767351150512695, 0.17093311250209808, 0.2792961597442627, 0.12947501242160797, 0.9514356851577759, -0.9514322280883789, 0.17095254361629486, 0.25603124499320984], "cam_t_m2c": [-248.28041076660156, -16.609935760498047, 539.8157958984375], "obj_id": 1}, {"cam_R_m2c": [0.9075686931610107, -0.39163100719451904, -0.15147343277931213, 0.38396725058555603, 0.6280038356781006, 0.6768901944160461, -0.16996529698371887, -0.6724852323532104, 0.7203301191329956], "cam_t_m2c": [-266.5824279785156, 10.700729370117188, 539.03515625], "obj_id": 1}, {"cam_R_m2c": [-0.11259179562330246, 0.3080207407474518, 0.9446936845779419, -0.5489180088043213, 0.7732157707214355, -0.31753167510032654, -0.8282583951950073, -0.5543109178543091, 0.08202040940523148], "cam_t_m2c": [-296.46112060546875, 4.705907821655273, 523.0551147460938], "obj_id": 0}, {"cam_R_m2c": [0.11620024591684341, 0.20746253430843353, 0.971316933631897, 0.5899614691734314, 0.7723137140274048, -0.2355356216430664, -0.7990261912345886, 0.6004089117050171, -0.03265184536576271], "cam_t_m2c": [65.24666595458984, 103.44523620605469, 451.6475524902344], "obj_id": 3}, {"cam_R_m2c": [-0.3906797468662262, -0.8696867823600769, -0.3016851842403412, 0.10201048851013184, 0.28480952978134155, -0.9531407356262207, 0.9148567914962769, -0.40314796566963196, -0.022552035748958588], "cam_t_m2c": [-463.7388916015625, -38.59427261352539, 636.5526733398438], "obj_id": 0}, {"cam_R_m2c": [-0.7622942924499512, -0.46364396810531616, -0.4515988528728485, 0.24740974605083466, 0.4360104203224182, -0.8652648329734802, 0.5980766415596008, -0.7713164687156677, -0.2176581472158432], "cam_t_m2c": [-510.7793273925781, 48.11531066894531, 442.5364990234375], "obj_id": 2}, {"cam_R_m2c": [-0.29022786021232605, -0.0625481829047203, -0.9549110531806946, -0.48529013991355896, -0.8504136204719543, 0.2031986266374588, -0.8247793316841125, 0.522382915019989, 0.21646001935005188], "cam_t_m2c": [-218.19183349609375, 34.14480209350586, 479.0637512207031], "obj_id": 1}],
  "14": [{"cam_R_m2c": [0.20746228098869324, 0.8677342534065247, -0.4516599178314209, 0.7723124027252197, 0.138091579079628, 0.6200518012046814, 0.6004106402397156, -0.47745993733406067, -0.6415131688117981], "cam_t_m2c": [-430.700927734375, 135.8941192626953, 404.5639953613281], "obj_id": 2}, {"cam_R_m2c": [-0.12950071692466736, -0.9767351150512695, 0.17093311250209808, 0.2792961597442627, 0.12947501242160797, 0.9514356851577759, -0.9514322280883789, 0.17095254361629486, 0.25603124499320984], "cam_t_m2c": [-248.28041076660156, -16.609935760498047, 539.8157958984375], "obj_id": 1}, {"cam_R_m2c": [0.9075686931610107, -0.39163100719451904, -0.15147343277931213, 0.38396725058555603, 0.6280038356781006, 0.6768901944160461, -0.16996529698371887, -0.6724852323532104, 0.7203301191329956], "cam_t_m2c": [-266.5824279785156, 10.700729370117188, 539.03515625], "obj_id": 1}, {"cam_R_m2c": [-0.11259179562330246, 0.3080207407474518, 0.9446936845779419, -0.5489180088043213, 0.7732157707214355, -0.31753167510032654, -0.8282583951950073, -0.5543109178543091, 0.08202040940523148], "cam_t_m2c": [-296.46112060546875, 4.705907821655273, 523.0551147460938], "obj_id": 0}, {"cam_R_m2c": [0.11620024591684341, 0.20746253430843353, 0.971316933631897, 0.5899614691734314, 0.7723137140274048, -0.2355356216430664, -0.7990261912345886, 0.6004089117050171, -0.03265184536576271], "cam_t_m2c": [65.24666595458984, 103.44523620605469, 451.6475524902344], "obj_id": 3}, {"cam_R_m2c": [-0.3906797468662262, -0.8696867823600769, -0.3016851842403412, 0.10201048851013184, 0.28480952978134155, -0.9531407356262207, 0.9148567914962769, -0.40314796566963196, -0.022552035748958588], "cam_t_m2c": [-463.7388916015625, -38.59427261352539, 636.5526733398438], "obj_id": 0}, {"cam_R_m2c": [-0.7622942924499512, -0.46364396810531616, -0.4515988528728485, 0.24740974605083466, 0.4360104203224182, -0.8652648329734802, 0.5980766415596008, -0.7713164687156677, -0.2176581472158432], "cam_t_m2c": [-510.7793273925781, 48.11531066894531, 442.5364990234375], "obj_id": 2}, {"cam_R_m2c": [-0.29022786021232605, -0.0625481829047203, -0.9549110531806946, -0.48529013991355896, -0.8504136204719543, 0.2031986266374588, -0.8247793316841125, 0.522382915019989, 0.21646001935005188], "cam_t_m2c": [-218.19183349609375, 34.14480209350586, 479.0637512207031], "obj_id": 1}]
}