{
  "0": [{"cam_R_m2c": [0.2778409421443939, 0.05361149460077286, -0.9591298699378967, 0.30513995885849, -0.9516566395759583, 0.03519921749830246, -0.9108753800392151, -0.30244866013526917, -0.28076812624931335], "cam_t_m2c": [-3269.560302734375, 29730.07421875, 25063.115234375], "obj_id": 2}, {"cam_R_m2c": [-0.26252636313438416, 0.2382950484752655, -0.9350375533103943, 0.22642241418361664, 0.9571836590766907, 0.1803673356771469, 0.9379832744598389, -0.16436226665973663, -0.30524128675460815], "cam_t_m2c": [-401.7452087402344, 182.62612915039062, 667.3818969726562], "obj_id": 0}, {"cam_R_m2c": [-0.4778519868850708, 0.8783466219902039, 0.012826871126890182, -0.877209484577179, -0.47635889053344727, -0.05988001823425293, -0.04648521915078163, -0.039865642786026, 0.9981231689453125], "cam_t_m2c": [-1682.3284912109375, 31930.197265625, 29541.71875], "obj_id": 2}],
  "1": [{"cam_R_m2c": [0.1495693325996399, 0.15320619940757751, -0.9768095016479492, -0.3789398968219757, -0.9036067724227905, -0.1997482031583786, -0.9132543802261353, 0.4000283181667328, -0.07709590345621109], "cam_t_m2c": [-5003.751953125, 38145.22265625, -577.3729248046875], "obj_id": 2}, {"cam_R_m2c": [-0.20349179208278656, 0.09126421064138412, -0.9748138189315796, 0.7897064089775085, 0.6038470268249512, -0.10831724107265472, 0.5787529349327087, -0.7918583750724792, -0.19494985044002533], "cam_t_m2c": [-435.4230651855469, 13.193666458129883, 660.7074584960938], "obj_id": 0}, {"cam_R_m2c": [-0.35771575570106506, 0.9270629286766052, 0.1122211366891861, -0.6961796283721924, -0.3448425233364105, 0.6296168565750122, 0.6223931312561035, 0.14709782600402832, 0.7687581181526184], "cam_t_m2c": [-3323.109619140625, 42848.53515625, 995.2406616210938], "obj_id": 2}]
}