{
  "0": [{"cam_R_m2c": [0.8549562096595764, 0.4958190321922302, -0.1523592323064804, 0.15776938199996948, -0.5283904671669006, -0.8342136144638062, -0.4941241443157196, 0.689178466796875, -0.5299757719039917], "cam_t_m2c": [-109.42937469482422, -63.02446746826172, 904.57958984375], "obj_id": 1}, {"cam_R_m2c": [0.8549562096595764, 0.4958190321922302, -0.1523592323064804, 0.15776938199996948, -0.5283904671669006, -0.8342136144638062, -0.4941241443157196, 0.689178466796875, -0.5299757719039917], "cam_t_m2c": [-109.42937469482422, -63.02446746826172, 904.57958984375], "obj_id": 3}, {"cam_R_m2c": [0.8549562096595764, 0.4958190321922302, -0.1523592323064804, 0.15776938199996948, -0.5283904671669006, -0.8342136144638062, -0.4941241443157196, 0.689178466796875, -0.5299757719039917], "cam_t_m2c": [-109.42937469482422, -63.02446746826172, 904.57958984375], "obj_id": 1}, {"cam_R_m2c": [0.8549562096595764, 0.4958190321922302, -0.1523592323064804, 0.15776938199996948, -0.5283904671669006, -0.8342136144638062, -0.4941241443157196, 0.689178466796875, -0.5299757719039917], "cam_t_m2c": [-109.42937469482422, -63.02446746826172, 904.57958984375], "obj_id": 3}, {"cam_R_m2c": [0.8549562096595764, 0.4958190321922302, -0.1523592323064804, 0.15776938199996948, -0.5283904671669006, -0.8342136144638062, -0.4941241443157196, 0.689178466796875, -0.5299757719039917], "cam_t_m2c": [-109.42937469482422, -63.02446746826172, 904.57958984375], "obj_id": 1}, {"cam_R_m2c": [0.8549562096595764, 0.4958190321922302, -0.1523592323064804, 0.15776938199996948, -0.5283904671669006, -0.8342136144638062, -0.4941241443157196, 0.689178466796875, -0.5299757719039917], "cam_t_m2c": [-109.42937469482422, -63.02446746826172, 904.57958984375], "obj_id": 3}, {"cam_R_m2c": [0.8549562096595764, 0.4958190321922302, -0.1523592323064804, 0.15776938199996948, -0.5283904671669006, -0.8342136144638062, -0.4941241443157196, 0.689178466796875, -0.5299757719039917], "cam_t_m2c": [-109.42937469482422, -63.02446746826172, 904.57958984375], "obj_id": 1}, {"cam_R_m2c": [0.8549562096595764, 0.4958190321922302, -0.1523592323064804, 0.15776938199996948, -0.5283904671669006, -0.8342136144638062, -0.4941241443157196, 0.689178466796875, -0.5299757719039917], "cam_t_m2c": [-109.42937469482422, -63.02446746826172, 904.57958984375], "obj_id": 0}, {"cam_R_m2c": [0.8549562096595764, 0.4958190321922302, -0.1523592323064804, 0.15776938199996948, -0.5283904671669006, -0.8342136144638062, -0.4941241443157196, 0.689178466796875, -0.5299757719039917], "cam_t_m2c": [-109.42937469482422, -63.02446746826172, 904.57958984375], "obj_id": 1}, {"cam_R_m2c": [0.8549562096595764, 0.4958190321922302, -0.1523592323064804, 0.15776938199996948, -0.5283904671669006, -0.8342136144638062, -0.4941241443157196, 0.689178466796875, -0.5299757719039917], "cam_t_m2c": [-109.42937469482422, -63.02446746826172, 904.57958984375], "obj_id": 1}, {"cam_R_m2c": [0.8549562096595764, 0.4958190321922302, -0.1523592323064804, 0.15776938199996948, -0.5283904671669006, -0.8342136144638062, -0.4941241443157196, 0.689178466796875, -0.5299757719039917], "cam_t_m2c": [-109.42937469482422, -63.02446746826172, 904.57958984375], "obj_id": 0}, {"cam_R_m2c": [0.8549562096595764, 0.4958190321922302, -0.1523592323064804, 0.15776938199996948, -0.5283904671669006, -0.8342136144638062, -0.4941241443157196, 0.689178466796875, -0.5299757719039917], "cam_t_m2c": [-109.42937469482422, -63.02446746826172, 904.57958984375], "obj_id": 0}, {"cam_R_m2c": [-0.6230989098548889, -0.7777557969093323, 0.08272547274827957, 0.32573118805885315, -0.16188101470470428, 0.9315007328987122, -0.7110884785652161, 0.6073634028434753, 0.35420727729797363], "cam_t_m2c": [83.08838653564453, -153.23092651367188, 1066.194580078125], "obj_id": 1}, {"cam_R_m2c": [0.07425221800804138, 0.983523428440094, -0.16482773423194885, -0.8532915115356445, -0.02288222312927246, -0.5209317207336426, -0.5161202549934387, 0.17932642996311188, 0.8375332355499268], "cam_t_m2c": [-255.42921447753906, -18.67037582397461, 816.1470947265625], "obj_id": 2}, {"cam_R_m2c": [0.13217294216156006, -0.19388072192668915, -0.9720805287361145, 0.9179378151893616, 0.3940221965312958, 0.046223778277635574, 0.37405943870544434, -0.8984190225601196, 0.2300495207309723], "cam_t_m2c": [-83.84156799316406, 99.32913208007812, 575.0354614257812], "obj_id": 3}, {"cam_R_m2c": [0.8750901818275452, 0.3502265512943268, -0.334003746509552, 0.20292167365550995, -0.8920794725418091, -0.40375348925590515, -0.4393630921840668, 0.28554409742355347, -0.851718544960022], "cam_t_m2c": [-23.101703643798828, 13.679738998413086, 780.1729736328125], "obj_id": 4}],
  "1": [{"cam_R_m2c": [-0.2281721532344818, -0.9604477286338806, 0.1596163660287857, -0.2156544327735901, -0.11001298576593399, -0.9702525734901428, 0.9494368433952332, -0.25580674409866333, -0.18202278017997742], "cam_t_m2c": [243.3758544921875, 95.73216247558594, 691.6293334960938], "obj_id": 0}, {"cam_R_m2c": [-0.2281721532344818, -0.9604477286338806, 0.1596163660287857, -0.2156544327735901, -0.11001298576593399, -0.9702525734901428, 0.9494368433952332, -0.25580674409866333, -0.18202278017997742], "cam_t_m2c": [243.3758544921875, 95.73216247558594, 691.6293334960938], "obj_id": 3}, {"cam_R_m2c": [-0.2281721532344818, -0.9604477286338806, 0.1596163660287857, -0.2156544327735901, -0.11001298576593399, -0.9702525734901428, 0.9494368433952332, -0.25580674409866333, -0.18202278017997742], "cam_t_m2c": [243.3758544921875, 95.73216247558594, 691.6293334960938], "obj_id": 0}, {"cam_R_m2c": [-0.2281721532344818, -0.9604477286338806, 0.1596163660287857, -0.2156544327735901, -0.11001298576593399, -0.9702525734901428, 0.9494368433952332, -0.25580674409866333, -0.18202278017997742], "cam_t_m2c": [243.3758544921875, 95.73216247558594, 691.6293334960938], "obj_id": 2}, {"cam_R_m2c": [-0.2281721532344818, -0.9604477286338806, 0.1596163660287857, -0.2156544327735901, -0.11001298576593399, -0.9702525734901428, 0.9494368433952332, -0.25580674409866333, -0.18202278017997742], "cam_t_m2c": [243.3758544921875, 95.73216247558594, 691.6293334960938], "obj_id": 2}, {"cam_R_m2c": [-0.2281721532344818, -0.9604477286338806, 0.1596163660287857, -0.2156544327735901, -0.11001298576593399, -0.9702525734901428, 0.9494368433952332, -0.25580674409866333, -0.18202278017997742], "cam_t_m2c": [243.3758544921875, 95.73216247558594, 691.6293334960938], "obj_id": 1}, {"cam_R_m2c": [-0.2281721532344818, -0.9604477286338806, 0.1596163660287857, -0.2156544327735901, -0.11001298576593399, -0.9702525734901428, 0.9494368433952332, -0.25580674409866333, -0.18202278017997742], "cam_t_m2c": [243.3758544921875, 95.73216247558594, 691.6293334960938], "obj_id": 3}, {"cam_R_m2c": [-0.2281721532344818, -0.9604477286338806, 0.1596163660287857, -0.2156544327735901, -0.11001298576593399, -0.9702525734901428, 0.9494368433952332, -0.25580674409866333, -0.18202278017997742], "cam_t_m2c": [243.3758544921875, 95.73216247558594, 691.6293334960938], "obj_id": 3}, {"cam_R_m2c": [-0.2281721532344818, -0.9604477286338806, 0.1596163660287857, -0.2156544327735901, -0.11001298576593399, -0.9702525734901428, 0.9494368433952332, -0.25580674409866333, -0.18202278017997742], "cam_t_m2c": [243.3758544921875, 95.73216247558594, 691.6293334960938], "obj_id": 2}, {"cam_R_m2c": [-0.2281721532344818, -0.9604477286338806, 0.1596163660287857, -0.2156544327735901, -0.11001298576593399, -0.9702525734901428, 0.9494368433952332, -0.25580674409866333, -0.18202278017997742], "cam_t_m2c": [243.3758544921875, 95.73216247558594, 691.6293334960938], "obj_id": 3}, {"cam_R_m2c": [-0.2281721532344818, -0.9604477286338806, 0.1596163660287857, -0.2156544327735901, -0.11001298576593399, -0.9702525734901428, 0.9494368433952332, -0.25580674409866333, -0.18202278017997742], "cam_t_m2c": [243.3758544921875, 95.73216247558594, 691.6293334960938], "obj_id": 2}, {"cam_R_m2c": [-0.2281721532344818, -0.9604477286338806, 0.1596163660287857, -0.2156544327735901, -0.11001298576593399, -0.9702525734901428, 0.9494368433952332, -0.25580674409866333, -0.18202278017997742], "cam_t_m2c": [243.3758544921875, 95.73216247558594, 691.6293334960938], "obj_id": 1}, {"cam_R_m2c": [0.12872380018234253, -0.15427465736865997, 0.9796068072319031, -0.9559327363967896, 0.24353182315826416, 0.1639658659696579, -0.26386120915412903, -0.9575445652008057, -0.1161278560757637], "cam_t_m2c": [372.8443603515625, 66.49207305908203, 784.6367797851562], "obj_id": 1}, {"cam_R_m2c": [-0.6533905863761902, 0.7460618615150452, -0.12834425270557404, 0.23366089165210724, 0.037494562566280365, -0.9715948700904846, -0.7200577259063721, -0.6648200750350952, -0.19882400333881378], "cam_t_m2c": [76.85517120361328, -3.60750412940979, 769.5845947265625], "obj_id": 2}, {"cam_R_m2c": [-0.16870079934597015, 0.16946490108966827, 0.9709901809692383, 0.9203744530677795, -0.3254934549331665, 0.21671436727046967, 0.35277628898620605, 0.9302343130111694, -0.10106028616428375], "cam_t_m2c": [290.310546875, 56.8161735534668, 746.2140502929688], "obj_id": 4}],
  "2": [{"cam_R_m2c": [-0.2281721532344818, -0.9604477286338806, 0.1596163660287857, -0.2156544327735901, -0.11001298576593399, -0.9702525734901428, 0.9494368433952332, -0.25580674409866333, -0.18202278017997742], "cam_t_m2c": [243.3758544921875, 95.73216247558594, 691.6293334960938], "obj_id": 0}, {"cam_R_m2c": [-0.2281721532344818, -0.9604477286338806, 0.1596163660287857, -0.2156544327735901, -0.11001298576593399, -0.9702525734901428, 0.9494368433952332, -0.25580674409866333, -0.18202278017997742], "cam_t_m2c": [243.3758544921875, 95.73216247558594, 691.6293334960938], "obj_id": 3}, {"cam_R_m2c": [-0.2281721532344818, -0.9604477286338806, 0.1596163660287857, -0.2156544327735901, -0.11001298576593399, -0.9702525734901428, 0.9494368433952332, -0.25580674409866333, -0.18202278017997742], "cam_t_m2c": [243.3758544921875, 95.73216247558594, 691.6293334960938], "obj_id": 0}, {"cam_R_m2c": [-0.2281721532344818, -0.9604477286338806, 0.1596163660287857, -0.2156544327735901, -0.11001298576593399, -0.9702525734901428, 0.9494368433952332, -0.25580674409866333, -0.18202278017997742], "cam_t_m2c": [243.3758544921875, 95.73216247558594, 691.6293334960938], "obj_id": 2}, {"cam_R_m2c": [-0.2281721532344818, -0.9604477286338806, 0.1596163660287857, -0.2156544327735901, -0.11001298576593399, -0.9702525734901428, 0.9494368433952332, -0.25580674409866333, -0.18202278017997742], "cam_t_m2c": [243.3758544921875, 95.73216247558594, 691.6293334960938], "obj_id": 2}, {"cam_R_m2c": [-0.2281721532344818, -0.9604477286338806, 0.1596163660287857, -0.2156544327735901, -0.11001298576593399, -0.9702525734901428, 0.9494368433952332, -0.25580674409866333, -0.18202278017997742], "cam_t_m2c": [243.3758544921875, 95.73216247558594, 691.6293334960938], "obj_id": 1}, {"cam_R_m2c": [-0.2281721532344818, -0.9604477286338806, 0.1596163660287857, -0.2156544327735901, -0.11001298576593399, -0.9702525734901428, 0.9494368433952332, -0.25580674409866333, -0.18202278017997742], "cam_t_m2c": [243.3758544921875, 95.73216247558594, 691.6293334960938], "obj_id": 3}, {"cam_R_m2c": [-0.2281721532344818, -0.9604477286338806, 0.1596163660287857, -0.2156544327735901, -0.11001298576593399, -0.9702525734901428, 0.9494368433952332, -0.25580674409866333, -0.18202278017997742], "cam_t_m2c": [243.3758544921875, 95.73216247558594, 691.6293334960938], "obj_id": 3}, {"cam_R_m2c": [-0.2281721532344818, -0.9604477286338806, 0.1596163660287857, -0.2156544327735901, -0.11001298576593399, -0.9702525734901428, 0.9494368433952332, -0.25580674409866333, -0.18202278017997742], "cam_t_m2c": [243.3758544921875, 95.73216247558594, 691.6293334960938], "obj_id": 2}, {"cam_R_m2c": [-0.2281721532344818, -0.9604477286338806, 0.1596163660287857, -0.2156544327735901, -0.11001298576593399, -0.9702525734901428, 0.9494368433952332, -0.25580674409866333, -0.18202278017997742], "cam_t_m2c": [243.3758544921875, 95.73216247558594, 691.6293334960938], "obj_id": 3}, {"cam_R_m2c": [-0.2281721532344818, -0.9604477286338806, 0.1596163660287857, -0.2156544327735901, -0.11001298576593399, -0.9702525734901428, 0.9494368433952332, -0.25580674409866333, -0.18202278017997742], "cam_t_m2c": [243.3758544921875, 95.73216247558594, 691.6293334960938], "obj_id": 2}, {"cam_R_m2c": [-0.2281721532344818, -0.9604477286338806, 0.1596163660287857, -0.2156544327735901, -0.11001298576593399, -0.9702525734901428, 0.9494368433952332, -0.25580674409866333, -0.18202278017997742], "cam_t_m2c": [243.3758544921875, 95.73216247558594, 691.6293334960938], "obj_id": 1}, {"cam_R_m2c": [0.12872380018234253, -0.15427465736865997, 0.9796068072319031, -0.9559327363967896, 0.24353182315826416, 0.1639658659696579, -0.26386120915412903, -0.9575445652008057, -0.1161278560757637], "cam_t_m2c": [372.8443603515625, 66.49207305908203, 784.6367797851562], "obj_id": 1}, {"cam_R_m2c": [-0.6533905863761902, 0.7460618615150452, -0.12834425270557404, 0.23366089165210724, 0.037494562566280365, -0.9715948700904846, -0.7200577259063721, -0.6648200750350952, -0.19882400333881378], "cam_t_m2c": [76.85517120361328, -3.60750412940979, 769.5845947265625], "obj_id": 2}, {"cam_R_m2c": [-0.16870079934597015, 0.16946490108966827, 0.9709901809692383, 0.9203744530677795, -0.3254934549331665, 0.21671436727046967, 0.35277628898620605, 0.9302343130111694, -0.10106028616428375], "cam_t_m2c": [290.310546875, 56.8161735534668, 746.2140502929688], "obj_id": 4}],
  "3": [{"cam_R_m2c": [0.6971116662025452, 0.6840941905975342, 0.21459372341632843, 0.32483890652656555, -0.03453948348760605, -0.9451385140419006, -0.6391518115997314, 0.7285754680633545, -0.24629829823970795], "cam_t_m2c": [-333.4404296875, -85.00975036621094, 740.3588256835938], "obj_id": 0}, {"cam_R_m2c": [0.6971116662025452, 0.6840941905975342, 0.21459372341632843, 0.32483890652656555, -0.03453948348760605, -0.9451385140419006, -0.6391518115997314, 0.7285754680633545, -0.24629829823970795], "cam_t_m2c": [-333.4404296875, -85.00975036621094, 740.3588256835938], "obj_id": 3}, {"cam_R_m2c": [0.6971116662025452, 0.6840941905975342, 0.21459372341632843, 0.32483890652656555, -0.03453948348760605, -0.9451385140419006, -0.6391518115997314, 0.7285754680633545, -0.24629829823970795], "cam_t_m2c": [-333.4404296875, -85.00975036621094, 740.3588256835938], "obj_id": 0}, {"cam_R_m2c": [0.6971116662025452, 0.6840941905975342, 0.21459372341632843, 0.32483890652656555, -0.03453948348760605, -0.9451385140419006, -0.6391518115997314, 0.7285754680633545, -0.24629829823970795], "cam_t_m2c": [-333.4404296875, -85.00975036621094, 740.3588256835938], "obj_id": 2}, {"cam_R_m2c": [0.6971116662025452, 0.6840941905975342, 0.21459372341632843, 0.32483890652656555, -0.03453948348760605, -0.9451385140419006, -0.6391518115997314, 0.7285754680633545, -0.24629829823970795], "cam_t_m2c": [-333.4404296875, -85.00975036621094, 740.3588256835938], "obj_id": 2}, {"cam_R_m2c": [0.6971116662025452, 0.6840941905975342, 0.21459372341632843, 0.32483890652656555, -0.03453948348760605, -0.9451385140419006, -0.6391518115997314, 0.7285754680633545, -0.24629829823970795], "cam_t_m2c": [-333.4404296875, -85.00975036621094, 740.3588256835938], "obj_id": 1}, {"cam_R_m2c": [0.6971116662025452, 0.6840941905975342, 0.21459372341632843, 0.32483890652656555, -0.03453948348760605, -0.9451385140419006, -0.6391518115997314, 0.7285754680633545, -0.24629829823970795], "cam_t_m2c": [-333.4404296875, -85.00975036621094, 740.3588256835938], "obj_id": 3}, {"cam_R_m2c": [0.6971116662025452, 0.6840941905975342, 0.21459372341632843, 0.32483890652656555, -0.03453948348760605, -0.9451385140419006, -0.6391518115997314, 0.7285754680633545, -0.24629829823970795], "cam_t_m2c": [-333.4404296875, -85.00975036621094, 740.3588256835938], "obj_id": 3}, {"cam_R_m2c": [0.6971116662025452, 0.6840941905975342, 0.21459372341632843, 0.32483890652656555, -0.03453948348760605, -0.9451385140419006, -0.6391518115997314, 0.7285754680633545, -0.24629829823970795], "cam_t_m2c": [-333.4404296875, -85.00975036621094, 740.3588256835938], "obj_id": 2}, {"cam_R_m2c": [0.6971116662025452, 0.6840941905975342, 0.21459372341632843, 0.32483890652656555, -0.03453948348760605, -0.9451385140419006, -0.6391518115997314, 0.7285754680633545, -0.24629829823970795], "cam_t_m2c": [-333.4404296875, -85.00975036621094, 740.3588256835938], "obj_id": 3}, {"cam_R_m2c": [0.6971116662025452, 0.6840941905975342, 0.21459372341632843, 0.32483890652656555, -0.03453948348760605, -0.9451385140419006, -0.6391518115997314, 0.7285754680633545, -0.24629829823970795], "cam_t_m2c": [-333.4404296875, -85.00975036621094, 740.3588256835938], "obj_id": 2}, {"cam_R_m2c": [0.6971116662025452, 0.6840941905975342, 0.21459372341632843, 0.32483890652656555, -0.03453948348760605, -0.9451385140419006, -0.6391518115997314, 0.7285754680633545, -0.24629829823970795], "cam_t_m2c": [-333.4404296875, -85.00975036621094, 740.3588256835938], "obj_id": 1}, {"cam_R_m2c": [0.19588740170001984, -0.413821280002594, -0.8890331387519836, -0.9670723676681519, -0.23173318803310394, -0.10521656274795532, -0.1624777466058731, 0.880370020866394, -0.4455886483192444], "cam_t_m2c": [-380.3309631347656, -89.21182250976562, 585.2747192382812], "obj_id": 1}, {"cam_R_m2c": [0.08704066276550293, -0.8972814083099365, 0.43279314041137695, -0.02819889783859253, -0.43648695945739746, -0.8992685079574585, 0.995805561542511, 0.06606859713792801, -0.06329440325498581], "cam_t_m2c": [-125.24400329589844, -99.44295501708984, 751.3353271484375], "obj_id": 2}, {"cam_R_m2c": [-0.10938916355371475, 0.425270140171051, -0.8984315395355225, 0.9879931807518005, 0.14572662115097046, -0.051314577460289, 0.10910279303789139, -0.8932574987411499, -0.4361048638820648], "cam_t_m2c": [-328.8107604980469, -100.4130859375, 660.1209716796875], "obj_id": 4}],
  "4": [{"cam_R_m2c": [0.6971116662025452, 0.6840941905975342, 0.21459372341632843, 0.32483890652656555, -0.03453948348760605, -0.9451385140419006, -0.6391518115997314, 0.7285754680633545, -0.24629829823970795], "cam_t_m2c": [-333.4404296875, -85.00975036621094, 740.3588256835938], "obj_id": 0}, {"cam_R_m2c": [0.6971116662025452, 0.6840941905975342, 0.21459372341632843, 0.32483890652656555, -0.03453948348760605, -0.9451385140419006, -0.6391518115997314, 0.7285754680633545, -0.24629829823970795], "cam_t_m2c": [-333.4404296875, -85.00975036621094, 740.3588256835938], "obj_id": 3}, {"cam_R_m2c": [0.6971116662025452, 0.6840941905975342, 0.21459372341632843, 0.32483890652656555, -0.03453948348760605, -0.9451385140419006, -0.6391518115997314, 0.7285754680633545, -0.24629829823970795], "cam_t_m2c": [-333.4404296875, -85.00975036621094, 740.3588256835938], "obj_id": 0}, {"cam_R_m2c": [0.6971116662025452, 0.6840941905975342, 0.21459372341632843, 0.32483890652656555, -0.03453948348760605, -0.9451385140419006, -0.6391518115997314, 0.7285754680633545, -0.24629829823970795], "cam_t_m2c": [-333.4404296875, -85.00975036621094, 740.3588256835938], "obj_id": 2}, {"cam_R_m2c": [0.6971116662025452, 0.6840941905975342, 0.21459372341632843, 0.32483890652656555, -0.03453948348760605, -0.9451385140419006, -0.6391518115997314, 0.7285754680633545, -0.24629829823970795], "cam_t_m2c": [-333.4404296875, -85.00975036621094, 740.3588256835938], "obj_id": 2}, {"cam_R_m2c": [0.6971116662025452, 0.6840941905975342, 0.21459372341632843, 0.32483890652656555, -0.03453948348760605, -0.9451385140419006, -0.6391518115997314, 0.7285754680633545, -0.24629829823970795], "cam_t_m2c": [-333.4404296875, -85.00975036621094, 740.3588256835938], "obj_id": 1}, {"cam_R_m2c": [0.6971116662025452, 0.6840941905975342, 0.21459372341632843, 0.32483890652656555, -0.03453948348760605, -0.9451385140419006, -0.6391518115997314, 0.7285754680633545, -0.24629829823970795], "cam_t_m2c": [-333.4404296875, -85.00975036621094, 740.3588256835938], "obj_id": 3}, {"cam_R_m2c": [0.6971116662025452, 0.6840941905975342, 0.21459372341632843, 0.32483890652656555, -0.03453948348760605, -0.9451385140419006, -0.6391518115997314, 0.7285754680633545, -0.24629829823970795], "cam_t_m2c": [-333.4404296875, -85.00975036621094, 740.3588256835938], "obj_id": 3}, {"cam_R_m2c": [0.6971116662025452, 0.6840941905975342, 0.21459372341632843, 0.32483890652656555, -0.03453948348760605, -0.9451385140419006, -0.6391518115997314, 0.7285754680633545, -0.24629829823970795], "cam_t_m2c": [-333.4404296875, -85.00975036621094, 740.3588256835938], "obj_id": 2}, {"cam_R_m2c": [0.6971116662025452, 0.6840941905975342, 0.21459372341632843, 0.32483890652656555, -0.03453948348760605, -0.9451385140419006, -0.6391518115997314, 0.7285754680633545, -0.24629829823970795], "cam_t_m2c": [-333.4404296875, -85.00975036621094, 740.3588256835938], "obj_id": 3}, {"cam_R_m2c": [0.6971116662025452, 0.6840941905975342, 0.21459372341632843, 0.32483890652656555, -0.03453948348760605, -0.9451385140419006, -0.6391518115997314, 0.7285754680633545, -0.24629829823970795], "cam_t_m2c": [-333.4404296875, -85.00975036621094, 740.3588256835938], "obj_id": 2}, {"cam_R_m2c": [0.6971116662025452, 0.6840941905975342, 0.21459372341632843, 0.32483890652656555, -0.03453948348760605, -0.9451385140419006, -0.6391518115997314, 0.7285754680633545, -0.24629829823970795], "cam_t_m2c": [-333.4404296875, -85.00975036621094, 740.3588256835938], "obj_id": 1}, {"cam_R_m2c": [0.19588740170001984, -0.413821280002594, -0.8890331387519836, -0.9670723676681519, -0.23173318803310394, -0.10521656274795532, -0.1624777466058731, 0.880370020866394, -0.4455886483192444], "cam_t_m2c": [-380.3309631347656, -89.21182250976562, 585.2747192382812], "obj_id": 1}, {"cam_R_m2c": [0.08704066276550293, -0.8972814083099365, 0.43279314041137695, -0.02819889783859253, -0.43648695945739746, -0.8992685079574585, 0.995805561542511, 0.06606859713792801, -0.06329440325498581], "cam_t_m2c": [-125.24400329589844, -99.44295501708984, 751.3353271484375], "obj_id": 2}, {"cam_R_m2c": [-0.10938916355371475, 0.425270140171051, -0.8984315395355225, 0.9879931807518005, 0.14572662115097046, -0.051314577460289, 0.10910279303789139, -0.8932574987411499, -0.4361048638820648], "cam_t_m2c": [-328.8107604980469, -100.4130859375, 660.1209716796875], "obj_id": 4}]
}