{
  "0": [{"cam_R_m2c": [-0.6940068602561951, -0.7144221067428589, 0.08919204026460648, -0.41852083802223206, 0.29951977729797363, -0.857396125793457, 0.5858280062675476, -0.6323676705360413, -0.5068692564964294], "cam_t_m2c": [-305.1731872558594, -25.416616439819336, 3983.727783203125], "obj_id": 1}, {"cam_R_m2c": [0.05349976569414139, -0.9582532048225403, -0.28087103366851807, 0.3824859857559204, -0.24015724658966064, 0.8922045230865479, -0.9224110841751099, -0.15516193211078644, 0.3536701202392578], "cam_t_m2c": [-278.0502624511719, -10.192811965942383, 3794.17578125], "obj_id": 1}, {"cam_R_m2c": [-0.06898579746484756, -0.6407029032707214, 0.7646833062171936, -0.5407184362411499, 0.668166995048523, 0.5110541582107544, -0.8383700847625732, -0.37822288274765015, -0.39253392815589905], "cam_t_m2c": [-19.313190460205078, -4.722962856292725, 4255.0673828125], "obj_id": 1}, {"cam_R_m2c": [-0.5023020505905151, 0.12996044754981995, -0.854870080947876, -0.2783096134662628, -0.9603312611579895, 0.01753530465066433, -0.8186796307563782, 0.24672657251358032, 0.5185456871986389], "cam_t_m2c": [-128.15187072753906, 128.6746368408203, 3933.817138671875], "obj_id": 0}, {"cam_R_m2c": [-0.12893442809581757, 0.4523284435272217, -0.8824822902679443, 0.6162965297698975, 0.7337300181388855, 0.28603991866111755, 0.7768877744674683, -0.506990373134613, -0.37337151169776917], "cam_t_m2c": [124.66560363769531, 110.03272247314453, 3761.636962890625], "obj_id": 2}, {"cam_R_m2c": [-0.26369327306747437, -0.5708979964256287, 0.7775225639343262, 0.5086718797683716, 0.6025680303573608, 0.614950954914093, -0.8195845484733582, 0.557662308216095, 0.13150659203529358], "cam_t_m2c": [-216.2944793701172, 176.92710876464844, 3983.114990234375], "obj_id": 1}, {"cam_R_m2c": [0.7609091401100159, 0.0014999856939539313, -0.6488566994667053, 0.21929976344108582, 0.940557062625885, 0.2593454122543335, 0.6106757521629333, -0.33963242173194885, 0.7153494954109192], "cam_t_m2c": [-57.946353912353516, -151.36856079101562, 4140.12060546875], "obj_id": 1}, {"cam_R_m2c": [-0.21939754486083984, -0.6189571619033813, -0.7541595101356506, 0.42332491278648376, 0.6360443234443665, -0.6451694369316101, 0.8790111541748047, -0.46080315113067627, 0.12247347086668015], "cam_t_m2c": [223.1832275390625, 137.42477416992188, 3892.5859375], "obj_id": 2}, {"cam_R_m2c": [-0.5838607549667358, -0.41056692600250244, 0.7003865242004395, 0.19267582893371582, 0.7679773569107056, 0.6108083128929138, -0.7886586785316467, 0.49157461524009705, -0.369285523891449], "cam_t_m2c": [-55.71141815185547, -11.340446472167969, 4074.64306640625], "obj_id": 0}, {"cam_R_m2c": [0.8630679249763489, -0.2972772717475891, 0.4083380401134491, 0.09849503636360168, -0.6938715577125549, -0.7133309245109558, 0.49539121985435486, 0.6558723449707031, -0.5695779919624329], "cam_t_m2c": [166.07293701171875, -145.353759765625, 4132.166015625], "obj_id": 2}, {"cam_R_m2c": [-0.4567919075489044, 0.7712111473083496, -0.4433673322200775, 0.3307897448539734, -0.3154064118862152, -0.8894363045692444, -0.8257840871810913, -0.5529486536979675, -0.11103370040655136], "cam_t_m2c": [95.35073852539062, 28.294309616088867, 3803.337890625], "obj_id": 2}, {"cam_R_m2c": [0.20830076932907104, -0.5122520327568054, -0.8331918120384216, 0.7031915783882141, -0.5136615037918091, 0.4916028678417206, -0.6798031330108643, -0.6882947087287903, 0.2532152831554413], "cam_t_m2c": [207.27450561523438, 39.4433479309082, 3721.438720703125], "obj_id": 0}, {"cam_R_m2c": [0.05344860628247261, -0.6760942935943604, 0.7348739504814148, 0.09277956187725067, -0.7293801307678223, -0.6777879595756531, 0.9942510724067688, 0.10440810024738312, 0.0237434059381485], "cam_t_m2c": [193.10635375976562, -12.874096870422363, 3876.4453125], "obj_id": 0}, {"cam_R_m2c": [-0.04050634428858757, 0.6348162293434143, 0.7716007232666016, -0.19797933101654053, -0.7620229721069336, 0.6165431141853333, 0.9793689846992493, -0.12778712809085846, 0.15654712915420532], "cam_t_m2c": [-6.070861339569092, -141.6604766845703, 4234.771484375], "obj_id": 2}, {"cam_R_m2c": [0.5519328713417053, -0.25929105281829834, -0.7925516963005066, 0.3452894985675812, 0.9361851215362549, -0.06582257896661758, 0.7590423226356506, -0.23733015358448029, 0.6062418222427368], "cam_t_m2c": [137.26071166992188, -196.38742065429688, 4194.50634765625], "obj_id": 0}, {"cam_R_m2c": [0.31780359148979187, 0.9306490421295166, -0.1813649833202362, 0.8763857483863831, -0.21531981229782104, 0.4307962656021118, 0.36186864972114563, -0.2958543002605438, -0.8840369582176208], "cam_t_m2c": [105.05868530273438, 52.831207275390625, 3725.052001953125], "obj_id": 2}, {"cam_R_m2c": [0.8971232771873474, -0.3162810504436493, -0.3084414005279541, -0.3035639822483063, 0.06591597199440002, -0.9505282044410706, 0.3209652602672577, 0.9463726878166199, -0.03687678650021553], "cam_t_m2c": [107.58613586425781, 145.2893524169922, 4019.1220703125], "obj_id": 2}, {"cam_R_m2c": [0.7486922144889832, -0.11361941695213318, -0.6531084179878235, -0.4841076135635376, -0.7667603492736816, -0.4215666949748993, -0.4528794586658478, 0.6317984461784363, -0.6290715932846069], "cam_t_m2c": [-265.534912109375, 214.69712829589844, 3900.61865234375], "obj_id": 2}, {"cam_R_m2c": [0.48756709694862366, 0.12445342540740967, -0.8641699552536011, -0.7181069850921631, 0.6201300024986267, -0.3158499598503113, 0.4965890944004059, 0.7745645046234131, 0.3917258381843567], "cam_t_m2c": [-185.39501953125, 91.64551544189453, 3840.339599609375], "obj_id": 1}, {"cam_R_m2c": [-0.7058658599853516, 0.39867547154426575, 0.585500955581665, -0.4467287063598633, -0.8920185565948486, 0.06882205605506897, 0.5497153401374817, -0.21298092603683472, 0.807745099067688], "cam_t_m2c": [-127.04047393798828, -6.691407203674316, 4042.84228515625], "obj_id": 1}]
}