{
  "0": [{"cam_R_m2c": [-0.8299639821052551, 0.5576846599578857, -0.012149956077337265, 0.37959131598472595, 0.5486915111541748, -0.744881272315979, -0.4087422788143158, -0.6228365898132324, -0.6670864224433899], "cam_t_m2c": [86.3401870727539, 23.021333694458008, 581.014404296875], "obj_id": 1}, {"cam_R_m2c": [-0.8299639821052551, 0.5576846599578857, -0.012149956077337265, 0.37959131598472595, 0.5486915111541748, -0.744881272315979, -0.4087422788143158, -0.6228365898132324, -0.6670864224433899], "cam_t_m2c": [86.3401870727539, 23.021333694458008, 581.014404296875], "obj_id": 0}, {"cam_R_m2c": [-0.8299639821052551, 0.5576846599578857, -0.012149956077337265, 0.37959131598472595, 0.5486915111541748, -0.744881272315979, -0.4087422788143158, -0.6228365898132324, -0.6670864224433899], "cam_t_m2c": [86.3401870727539, 23.021333694458008, 581.014404296875], "obj_id": 0}, {"cam_R_m2c": [-0.8299639821052551, 0.5576846599578857, -0.012149956077337265, 0.37959131598472595, 0.5486915111541748, -0.744881272315979, -0.4087422788143158, -0.6228365898132324, -0.6670864224433899], "cam_t_m2c": [86.3401870727539, 23.021333694458008, 581.014404296875], "obj_id": 3}, {"cam_R_m2c": [-0.8299639821052551, 0.5576846599578857, -0.012149956077337265, 0.37959131598472595, 0.5486915111541748, -0.744881272315979, -0.4087422788143158, -0.6228365898132324, -0.6670864224433899], "cam_t_m2c": [86.3401870727539, 23.021333694458008, 581.014404296875], "obj_id": 2}, {"cam_R_m2c": [-0.8299639821052551, 0.5576846599578857, -0.012149956077337265, 0.37959131598472595, 0.5486915111541748, -0.744881272315979, -0.4087422788143158, -0.6228365898132324, -0.6670864224433899], "cam_t_m2c": [86.3401870727539, 23.021333694458008, 581.014404296875], "obj_id": 0}, {"cam_R_m2c": [-0.8299639821052551, 0.5576846599578857, -0.012149956077337265, 0.37959131598472595, 0.5486915111541748, -0.744881272315979, -0.4087422788143158, -0.6228365898132324, -0.6670864224433899], "cam_t_m2c": [86.3401870727539, 23.021333694458008, 581.014404296875], "obj_id": 3}, {"cam_R_m2c": [-0.8299639821052551, 0.5576846599578857, -0.012149956077337265, 0.37959131598472595, 0.5486915111541748, -0.744881272315979, -0.4087422788143158, -0.6228365898132324, -0.6670864224433899], "cam_t_m2c": [86.3401870727539, 23.021333694458008, 581.014404296875], "obj_id": 2}, {"cam_R_m2c": [-0.8299639821052551, 0.5576846599578857, -0.012149956077337265, 0.37959131598472595, 0.5486915111541748, -0.744881272315979, -0.4087422788143158, -0.6228365898132324, -0.6670864224433899], "cam_t_m2c": [86.3401870727539, 23.021333694458008, 581.014404296875], "obj_id": 0}, {"cam_R_m2c": [-0.8299639821052551, 0.5576846599578857, -0.012149956077337265, 0.37959131598472595, 0.5486915111541748, -0.744881272315979, -0.4087422788143158, -0.6228365898132324, -0.6670864224433899], "cam_t_m2c": [86.3401870727539, 23.021333694458008, 581.014404296875], "obj_id": 0}, {"cam_R_m2c": [-0.8299639821052551, 0.5576846599578857, -0.012149956077337265, 0.37959131598472595, 0.5486915111541748, -0.744881272315979, -0.4087422788143158, -0.6228365898132324, -0.6670864224433899], "cam_t_m2c": [86.3401870727539, 23.021333694458008, 581.014404296875], "obj_id": 0}, {"cam_R_m2c": [-0.8299639821052551, 0.5576846599578857, -0.012149956077337265, 0.37959131598472595, 0.5486915111541748, -0.744881272315979, -0.4087422788143158, -0.6228365898132324, -0.6670864224433899], "cam_t_m2c": [86.3401870727539, 23.021333694458008, 581.014404296875], "obj_id": 0}, {"cam_R_m2c": [-0.8299639821052551, 0.5576846599578857, -0.012149956077337265, 0.37959131598472595, 0.5486915111541748, -0.744881272315979, -0.4087422788143158, -0.6228365898132324, -0.6670864224433899], "cam_t_m2c": [86.3401870727539, 23.021333694458008, 581.014404296875], "obj_id": 2}, {"cam_R_m2c": [-0.8299639821052551, 0.5576846599578857, -0.012149956077337265, 0.37959131598472595, 0.5486915111541748, -0.744881272315979, -0.4087422788143158, -0.6228365898132324, -0.6670864224433899], "cam_t_m2c": [86.3401870727539, 23.021333694458008, 581.014404296875], "obj_id": 1}, {"cam_R_m2c": [-0.8299639821052551, 0.5576846599578857, -0.012149956077337265, 0.37959131598472595, 0.5486915111541748, -0.744881272315979, -0.4087422788143158, -0.6228365898132324, -0.6670864224433899], "cam_t_m2c": [86.3401870727539, 23.021333694458008, 581.014404296875], "obj_id": 1}, {"cam_R_m2c": [-0.8299639821052551, 0.5576846599578857, -0.012149956077337265, 0.37959131598472595, 0.5486915111541748, -0.744881272315979, -0.4087422788143158, -0.6228365898132324, -0.6670864224433899], "cam_t_m2c": [86.3401870727539, 23.021333694458008, 581.014404296875], "obj_id": 3}, {"cam_R_m2c": [-0.8299639821052551, 0.5576846599578857, -0.012149956077337265, 0.37959131598472595, 0.5486915111541748, -0.744881272315979, -0.4087422788143158, -0.6228365898132324, -0.6670864224433899], "cam_t_m2c": [86.3401870727539, 23.021333694458008, 581.014404296875], "obj_id": 1}, {"cam_R_m2c": [-0.8299639821052551, 0.5576846599578857, -0.012149956077337265, 0.37959131598472595, 0.5486915111541748, -0.744881272315979, -0.4087422788143158, -0.6228365898132324, -0.6670864224433899], "cam_t_m2c": [86.3401870727539, 23.021333694458008, 581.014404296875], "obj_id": 2}, {"cam_R_m2c": [-0.8299639821052551, 0.5576846599578857, -0.012149956077337265, 0.37959131598472595, 0.5486915111541748, -0.744881272315979, -0.4087422788143158, -0.6228365898132324, -0.6670864224433899], "cam_t_m2c": [86.3401870727539, 23.021333694458008, 581.014404296875], "obj_id": 0}, {"cam_R_m2c": [-0.8299639821052551, 0.5576846599578857, -0.012149956077337265, 0.37959131598472595, 0.5486915111541748, -0.744881272315979, -0.4087422788143158, -0.6228365898132324, -0.6670864224433899], "cam_t_m2c": [86.3401870727539, 23.021333694458008, 581.014404296875], "obj_id": 3}, {"cam_R_m2c": [-0.8299639821052551, 0.5576846599578857, -0.012149956077337265, 0.37959131598472595, 0.5486915111541748, -0.744881272315979, -0.4087422788143158, -0.6228365898132324, -0.6670864224433899], "cam_t_m2c": [86.3401870727539, 23.021333694458008, 581.014404296875], "obj_id": 0}, {"cam_R_m2c": [-0.8299639821052551, 0.5576846599578857, -0.012149956077337265, 0.37959131598472595, 0.5486915111541748, -0.744881272315979, -0.4087422788143158, -0.6228365898132324, -0.6670864224433899], "cam_t_m2c": [86.3401870727539, 23.021333694458008, 581.014404296875], "obj_id": 3}, {"cam_R_m2c": [-0.8299639821052551, 0.5576846599578857, -0.012149956077337265, 0.37959131598472595, 0.5486915111541748, -0.744881272315979, -0.4087422788143158, -0.6228365898132324, -0.6670864224433899], "cam_t_m2c": [86.3401870727539, 23.021333694458008, 581.014404296875], "obj_id": 1}, {"cam_R_m2c": [-0.8299639821052551, 0.5576846599578857, -0.012149956077337265, 0.37959131598472595, 0.5486915111541748, -0.744881272315979, -0.4087422788143158, -0.6228365898132324, -0.6670864224433899], "cam_t_m2c": [86.3401870727539, 23.021333694458008, 581.014404296875], "obj_id": 0}, {"cam_R_m2c": [0.2556157112121582, -0.9665894508361816, -0.01911492832005024, 0.9123755693435669, 0.23464548587799072, 0.335428386926651, -0.3197363018989563, -0.10318074375391006, 0.9418717622756958], "cam_t_m2c": [18.579818725585938, 138.33468627929688, 378.5346374511719], "obj_id": 3}, {"cam_R_m2c": [-0.7587599754333496, -0.2204391360282898, -0.612935483455658, 0.06195800006389618, 0.9123022556304932, -0.40480339527130127, 0.6484169363975525, -0.34512487053871155, -0.6785604953765869], "cam_t_m2c": [13.918724060058594, -84.85420989990234, 627.8364868164062], "obj_id": 3}, {"cam_R_m2c": [0.9642409086227417, 0.26076173782348633, 0.0473579578101635, 0.12685494124889374, -0.2972126007080078, -0.9463469982147217, -0.23269569873809814, 0.91851407289505, -0.31966346502304077], "cam_t_m2c": [51.58034896850586, 63.63525390625, 461.34442138671875], "obj_id": 0}, {"cam_R_m2c": [0.03090687468647957, -0.701073944568634, 0.7124184370040894, -0.7788364291191101, 0.4298401176929474, 0.456783652305603, -0.6264651417732239, -0.5689752101898193, -0.5327368974685669], "cam_t_m2c": [385.8220520019531, -113.79350280761719, 653.3770141601562], "obj_id": 1}, {"cam_R_m2c": [-0.21300968527793884, -0.8528144359588623, -0.47679606080055237, -0.8066644072532654, -0.12184402346611023, 0.5783135890960693, -0.551288902759552, 0.507800817489624, -0.6619811058044434], "cam_t_m2c": [55.26151657104492, 92.01065063476562, 429.59283447265625], "obj_id": 0}, {"cam_R_m2c": [-0.2482917159795761, -0.9672990441322327, -0.05180375650525093, -0.7402355074882507, 0.15496979653835297, 0.6542443037033081, -0.6248219609260559, 0.20079047977924347, -0.7545068264007568], "cam_t_m2c": [455.8079833984375, 21.581321716308594, 500.9402160644531], "obj_id": 0}, {"cam_R_m2c": [-0.31784841418266296, 0.6261031627655029, -0.7120161652565002, -0.8616752028465271, -0.504066526889801, -0.05858788266777992, -0.39558565616607666, 0.5949046611785889, 0.6997145414352417], "cam_t_m2c": [33.14594268798828, -140.58126831054688, 689.712158203125], "obj_id": 1}, {"cam_R_m2c": [-0.5973411202430725, 0.0805363655090332, -0.7979333400726318, 0.785386860370636, -0.14264346659183502, -0.6023457646369934, -0.16233067214488983, -0.9864922165870667, 0.02195451594889164], "cam_t_m2c": [18.075454711914062, 3.070780038833618, 529.5820922851562], "obj_id": 3}],
  "1": [{"cam_R_m2c": [0.7150644659996033, 0.6954253315925598, 0.07117818295955658, 0.45016372203826904, -0.3801790773868561, -0.8079705834388733, -0.5348227620124817, 0.6097928881645203, -0.5849078297615051], "cam_t_m2c": [70.08560180664062, -24.088134765625, 722.8754272460938], "obj_id": 1}, {"cam_R_m2c": [0.7150644659996033, 0.6954253315925598, 0.07117818295955658, 0.45016372203826904, -0.3801790773868561, -0.8079705834388733, -0.5348227620124817, 0.6097928881645203, -0.5849078297615051], "cam_t_m2c": [70.08560180664062, -24.088134765625, 722.8754272460938], "obj_id": 0}, {"cam_R_m2c": [0.7150644659996033, 0.6954253315925598, 0.07117818295955658, 0.45016372203826904, -0.3801790773868561, -0.8079705834388733, -0.5348227620124817, 0.6097928881645203, -0.5849078297615051], "cam_t_m2c": [70.08560180664062, -24.088134765625, 722.8754272460938], "obj_id": 0}, {"cam_R_m2c": [0.7150644659996033, 0.6954253315925598, 0.07117818295955658, 0.45016372203826904, -0.3801790773868561, -0.8079705834388733, -0.5348227620124817, 0.6097928881645203, -0.5849078297615051], "cam_t_m2c": [70.08560180664062, -24.088134765625, 722.8754272460938], "obj_id": 3}, {"cam_R_m2c": [0.7150644659996033, 0.6954253315925598, 0.07117818295955658, 0.45016372203826904, -0.3801790773868561, -0.8079705834388733, -0.5348227620124817, 0.6097928881645203, -0.5849078297615051], "cam_t_m2c": [70.08560180664062, -24.088134765625, 722.8754272460938], "obj_id": 2}, {"cam_R_m2c": [0.7150644659996033, 0.6954253315925598, 0.07117818295955658, 0.45016372203826904, -0.3801790773868561, -0.8079705834388733, -0.5348227620124817, 0.6097928881645203, -0.5849078297615051], "cam_t_m2c": [70.08560180664062, -24.088134765625, 722.8754272460938], "obj_id": 0}, {"cam_R_m2c": [0.7150644659996033, 0.6954253315925598, 0.07117818295955658, 0.45016372203826904, -0.3801790773868561, -0.8079705834388733, -0.5348227620124817, 0.6097928881645203, -0.5849078297615051], "cam_t_m2c": [70.08560180664062, -24.088134765625, 722.8754272460938], "obj_id": 3}, {"cam_R_m2c": [0.7150644659996033, 0.6954253315925598, 0.07117818295955658, 0.45016372203826904, -0.3801790773868561, -0.8079705834388733, -0.5348227620124817, 0.6097928881645203, -0.5849078297615051], "cam_t_m2c": [70.08560180664062, -24.088134765625, 722.8754272460938], "obj_id": 2}, {"cam_R_m2c": [0.7150644659996033, 0.6954253315925598, 0.07117818295955658, 0.45016372203826904, -0.3801790773868561, -0.8079705834388733, -0.5348227620124817, 0.6097928881645203, -0.5849078297615051], "cam_t_m2c": [70.08560180664062, -24.088134765625, 722.8754272460938], "obj_id": 0}, {"cam_R_m2c": [0.7150644659996033, 0.6954253315925598, 0.07117818295955658, 0.45016372203826904, -0.3801790773868561, -0.8079705834388733, -0.5348227620124817, 0.6097928881645203, -0.5849078297615051], "cam_t_m2c": [70.08560180664062, -24.088134765625, 722.8754272460938], "obj_id": 0}, {"cam_R_m2c": [0.7150644659996033, 0.6954253315925598, 0.07117818295955658, 0.45016372203826904, -0.3801790773868561, -0.8079705834388733, -0.5348227620124817, 0.6097928881645203, -0.5849078297615051], "cam_t_m2c": [70.08560180664062, -24.088134765625, 722.8754272460938], "obj_id": 0}, {"cam_R_m2c": [0.7150644659996033, 0.6954253315925598, 0.07117818295955658, 0.45016372203826904, -0.3801790773868561, -0.8079705834388733, -0.5348227620124817, 0.6097928881645203, -0.5849078297615051], "cam_t_m2c": [70.08560180664062, -24.088134765625, 722.8754272460938], "obj_id": 0}, {"cam_R_m2c": [0.7150644659996033, 0.6954253315925598, 0.07117818295955658, 0.45016372203826904, -0.3801790773868561, -0.8079705834388733, -0.5348227620124817, 0.6097928881645203, -0.5849078297615051], "cam_t_m2c": [70.08560180664062, -24.088134765625, 722.8754272460938], "obj_id": 2}, {"cam_R_m2c": [0.7150644659996033, 0.6954253315925598, 0.07117818295955658, 0.45016372203826904, -0.3801790773868561, -0.8079705834388733, -0.5348227620124817, 0.6097928881645203, -0.5849078297615051], "cam_t_m2c": [70.08560180664062, -24.088134765625, 722.8754272460938], "obj_id": 1}, {"cam_R_m2c": [0.7150644659996033, 0.6954253315925598, 0.07117818295955658, 0.45016372203826904, -0.3801790773868561, -0.8079705834388733, -0.5348227620124817, 0.6097928881645203, -0.5849078297615051], "cam_t_m2c": [70.08560180664062, -24.088134765625, 722.8754272460938], "obj_id": 1}, {"cam_R_m2c": [0.7150644659996033, 0.6954253315925598, 0.07117818295955658, 0.45016372203826904, -0.3801790773868561, -0.8079705834388733, -0.5348227620124817, 0.6097928881645203, -0.5849078297615051], "cam_t_m2c": [70.08560180664062, -24.088134765625, 722.8754272460938], "obj_id": 3}, {"cam_R_m2c": [0.7150644659996033, 0.6954253315925598, 0.07117818295955658, 0.45016372203826904, -0.3801790773868561, -0.8079705834388733, -0.5348227620124817, 0.6097928881645203, -0.5849078297615051], "cam_t_m2c": [70.08560180664062, -24.088134765625, 722.8754272460938], "obj_id": 1}, {"cam_R_m2c": [0.7150644659996033, 0.6954253315925598, 0.07117818295955658, 0.45016372203826904, -0.3801790773868561, -0.8079705834388733, -0.5348227620124817, 0.6097928881645203, -0.5849078297615051], "cam_t_m2c": [70.08560180664062, -24.088134765625, 722.8754272460938], "obj_id": 2}, {"cam_R_m2c": [0.7150644659996033, 0.6954253315925598, 0.07117818295955658, 0.45016372203826904, -0.3801790773868561, -0.8079705834388733, -0.5348227620124817, 0.6097928881645203, -0.5849078297615051], "cam_t_m2c": [70.08560180664062, -24.088134765625, 722.8754272460938], "obj_id": 0}, {"cam_R_m2c": [0.7150644659996033, 0.6954253315925598, 0.07117818295955658, 0.45016372203826904, -0.3801790773868561, -0.8079705834388733, -0.5348227620124817, 0.6097928881645203, -0.5849078297615051], "cam_t_m2c": [70.08560180664062, -24.088134765625, 722.8754272460938], "obj_id": 3}, {"cam_R_m2c": [0.7150644659996033, 0.6954253315925598, 0.07117818295955658, 0.45016372203826904, -0.3801790773868561, -0.8079705834388733, -0.5348227620124817, 0.6097928881645203, -0.5849078297615051], "cam_t_m2c": [70.08560180664062, -24.088134765625, 722.8754272460938], "obj_id": 0}, {"cam_R_m2c": [0.7150644659996033, 0.6954253315925598, 0.07117818295955658, 0.45016372203826904, -0.3801790773868561, -0.8079705834388733, -0.5348227620124817, 0.6097928881645203, -0.5849078297615051], "cam_t_m2c": [70.08560180664062, -24.088134765625, 722.8754272460938], "obj_id": 3}, {"cam_R_m2c": [0.7150644659996033, 0.6954253315925598, 0.07117818295955658, 0.45016372203826904, -0.3801790773868561, -0.8079705834388733, -0.5348227620124817, 0.6097928881645203, -0.5849078297615051], "cam_t_m2c": [70.08560180664062, -24.088134765625, 722.8754272460938], "obj_id": 1}, {"cam_R_m2c": [0.7150644659996033, 0.6954253315925598, 0.07117818295955658, 0.45016372203826904, -0.3801790773868561, -0.8079705834388733, -0.5348227620124817, 0.6097928881645203, -0.5849078297615051], "cam_t_m2c": [70.08560180664062, -24.088134765625, 722.8754272460938], "obj_id": 0}, {"cam_R_m2c": [0.7417479753494263, 0.42014676332473755, -0.5227682590484619, 0.17828762531280518, 0.6278926134109497, 0.7576043605804443, 0.6465473771095276, -0.6551545858383179, 0.3908311128616333], "cam_t_m2c": [309.7613220214844, -39.842041015625, 688.3201904296875], "obj_id": 3}, {"cam_R_m2c": [-0.30728960037231445, 0.8596387505531311, 0.40815961360931396, 0.8555797934532166, 0.43734511733055115, -0.27697011828422546, -0.4166008532047272, 0.26410308480262756, -0.8698811531066895], "cam_t_m2c": [-15.870829582214355, -15.53275203704834, 615.1135864257812], "obj_id": 3}, {"cam_R_m2c": [0.056831102818250656, -0.9420900344848633, -0.3305095136165619, -0.6213740706443787, 0.22573745250701904, -0.7502911686897278, 0.7814502120018005, 0.24800990521907806, -0.5725614428520203], "cam_t_m2c": [194.12423706054688, -51.97919464111328, 691.0139770507812], "obj_id": 0}, {"cam_R_m2c": [0.010517698712646961, 0.8424386382102966, 0.5386894345283508, -0.8278797268867493, 0.3094704747200012, -0.4678066372871399, -0.5608068704605103, -0.4410499036312103, 0.700692892074585], "cam_t_m2c": [-129.777587890625, -230.89422607421875, 898.7446899414062], "obj_id": 1}, {"cam_R_m2c": [-0.013909853994846344, -0.2894633114337921, 0.9570878744125366, -0.6586379408836365, 0.7228391766548157, 0.20904429256916046, -0.7523312568664551, -0.6274666786193848, -0.2007061094045639], "cam_t_m2c": [234.9295196533203, -56.88154602050781, 702.7515258789062], "obj_id": 0}, {"cam_R_m2c": [0.09006649255752563, 0.1375509351491928, 0.9863911271095276, -0.6443628668785095, 0.7632372379302979, -0.04759629815816879, -0.7593973278999329, -0.631307065486908, 0.15737485885620117], "cam_t_m2c": [54.81011199951172, -285.03436279296875, 995.99462890625], "obj_id": 0}, {"cam_R_m2c": [-0.14560730755329132, -0.8915319442749023, -0.4289163053035736, -0.5371608734130859, -0.2928284704685211, 0.7910180687904358, -0.8308168649673462, 0.34557509422302246, -0.43625807762145996], "cam_t_m2c": [-101.10047912597656, -21.424468994140625, 612.8805541992188], "obj_id": 1}, {"cam_R_m2c": [0.7200460433959961, 0.6602391600608826, -0.21358340978622437, 0.6909513473510742, -0.7106236219406128, 0.13266560435295105, -0.06418640911579132, -0.2431010901927948, -0.9678748846054077], "cam_t_m2c": [111.9649887084961, -26.47057342529297, 645.7792358398438], "obj_id": 3}]
}