{
  "0": [{"cam_R_m2c": [0.4671323895454407, 0.8834907412528992, 0.03508995100855827, 0.49837934970855713, -0.23031432926654816, -0.8358068466186523, -0.7303460240364075, 0.4079205393791199, -0.5479007959365845], "cam_t_m2c": [100.89848327636719, -3.123645544052124, 632.9183959960938], "obj_id": 1}, {"cam_R_m2c": [0.4671323895454407, 0.8834907412528992, 0.03508995100855827, 0.49837934970855713, -0.23031432926654816, -0.8358068466186523, -0.7303460240364075, 0.4079205393791199, -0.5479007959365845], "cam_t_m2c": [100.89848327636719, -3.123645544052124, 632.9183959960938], "obj_id": 0}, {"cam_R_m2c": [0.4671323895454407, 0.8834907412528992, 0.03508995100855827, 0.49837934970855713, -0.23031432926654816, -0.8358068466186523, -0.7303460240364075, 0.4079205393791199, -0.5479007959365845], "cam_t_m2c": [100.89848327636719, -3.123645544052124, 632.9183959960938], "obj_id": 0}, {"cam_R_m2c": [0.4671323895454407, 0.8834907412528992, 0.03508995100855827, 0.49837934970855713, -0.23031432926654816, -0.8358068466186523, -0.7303460240364075, 0.4079205393791199, -0.5479007959365845], "cam_t_m2c": [100.89848327636719, -3.123645544052124, 632.9183959960938], "obj_id": 3}, {"cam_R_m2c": [0.4671323895454407, 0.8834907412528992, 0.03508995100855827, 0.49837934970855713, -0.23031432926654816, -0.8358068466186523, -0.7303460240364075, 0.4079205393791199, -0.5479007959365845], "cam_t_m2c": [100.89848327636719, -3.123645544052124, 632.9183959960938], "obj_id": 2}, {"cam_R_m2c": [0.4671323895454407, 0.8834907412528992, 0.03508995100855827, 0.49837934970855713, -0.23031432926654816, -0.8358068466186523, -0.7303460240364075, 0.4079205393791199, -0.5479007959365845], "cam_t_m2c": [100.89848327636719, -3.123645544052124, 632.9183959960938], "obj_id": 0}, {"cam_R_m2c": [0.4671323895454407, 0.8834907412528992, 0.03508995100855827, 0.49837934970855713, -0.23031432926654816, -0.8358068466186523, -0.7303460240364075, 0.4079205393791199, -0.5479007959365845], "cam_t_m2c": [100.89848327636719, -3.123645544052124, 632.9183959960938], "obj_id": 3}, {"cam_R_m2c": [0.4671323895454407, 0.8834907412528992, 0.03508995100855827, 0.49837934970855713, -0.23031432926654816, -0.8358068466186523, -0.7303460240364075, 0.4079205393791199, -0.5479007959365845], "cam_t_m2c": [100.89848327636719, -3.123645544052124, 632.9183959960938], "obj_id": 2}, {"cam_R_m2c": [0.4671323895454407, 0.8834907412528992, 0.03508995100855827, 0.49837934970855713, -0.23031432926654816, -0.8358068466186523, -0.7303460240364075, 0.4079205393791199, -0.5479007959365845], "cam_t_m2c": [100.89848327636719, -3.123645544052124, 632.9183959960938], "obj_id": 0}, {"cam_R_m2c": [0.4671323895454407, 0.8834907412528992, 0.03508995100855827, 0.49837934970855713, -0.23031432926654816, -0.8358068466186523, -0.7303460240364075, 0.4079205393791199, -0.5479007959365845], "cam_t_m2c": [100.89848327636719, -3.123645544052124, 632.9183959960938], "obj_id": 0}, {"cam_R_m2c": [0.4671323895454407, 0.8834907412528992, 0.03508995100855827, 0.49837934970855713, -0.23031432926654816, -0.8358068466186523, -0.7303460240364075, 0.4079205393791199, -0.5479007959365845], "cam_t_m2c": [100.89848327636719, -3.123645544052124, 632.9183959960938], "obj_id": 0}, {"cam_R_m2c": [0.4671323895454407, 0.8834907412528992, 0.03508995100855827, 0.49837934970855713, -0.23031432926654816, -0.8358068466186523, -0.7303460240364075, 0.4079205393791199, -0.5479007959365845], "cam_t_m2c": [100.89848327636719, -3.123645544052124, 632.9183959960938], "obj_id": 0}, {"cam_R_m2c": [0.4671323895454407, 0.8834907412528992, 0.03508995100855827, 0.49837934970855713, -0.23031432926654816, -0.8358068466186523, -0.7303460240364075, 0.4079205393791199, -0.5479007959365845], "cam_t_m2c": [100.89848327636719, -3.123645544052124, 632.9183959960938], "obj_id": 2}, {"cam_R_m2c": [0.4671323895454407, 0.8834907412528992, 0.03508995100855827, 0.49837934970855713, -0.23031432926654816, -0.8358068466186523, -0.7303460240364075, 0.4079205393791199, -0.5479007959365845], "cam_t_m2c": [100.89848327636719, -3.123645544052124, 632.9183959960938], "obj_id": 1}, {"cam_R_m2c": [0.4671323895454407, 0.8834907412528992, 0.03508995100855827, 0.49837934970855713, -0.23031432926654816, -0.8358068466186523, -0.7303460240364075, 0.4079205393791199, -0.5479007959365845], "cam_t_m2c": [100.89848327636719, -3.123645544052124, 632.9183959960938], "obj_id": 1}, {"cam_R_m2c": [0.4671323895454407, 0.8834907412528992, 0.03508995100855827, 0.49837934970855713, -0.23031432926654816, -0.8358068466186523, -0.7303460240364075, 0.4079205393791199, -0.5479007959365845], "cam_t_m2c": [100.89848327636719, -3.123645544052124, 632.9183959960938], "obj_id": 3}, {"cam_R_m2c": [0.4671323895454407, 0.8834907412528992, 0.03508995100855827, 0.49837934970855713, -0.23031432926654816, -0.8358068466186523, -0.7303460240364075, 0.4079205393791199, -0.5479007959365845], "cam_t_m2c": [100.89848327636719, -3.123645544052124, 632.9183959960938], "obj_id": 1}, {"cam_R_m2c": [0.4671323895454407, 0.8834907412528992, 0.03508995100855827, 0.49837934970855713, -0.23031432926654816, -0.8358068466186523, -0.7303460240364075, 0.4079205393791199, -0.5479007959365845], "cam_t_m2c": [100.89848327636719, -3.123645544052124, 632.9183959960938], "obj_id": 2}, {"cam_R_m2c": [0.4671323895454407, 0.8834907412528992, 0.03508995100855827, 0.49837934970855713, -0.23031432926654816, -0.8358068466186523, -0.7303460240364075, 0.4079205393791199, -0.5479007959365845], "cam_t_m2c": [100.89848327636719, -3.123645544052124, 632.9183959960938], "obj_id": 0}, {"cam_R_m2c": [0.4671323895454407, 0.8834907412528992, 0.03508995100855827, 0.49837934970855713, -0.23031432926654816, -0.8358068466186523, -0.7303460240364075, 0.4079205393791199, -0.5479007959365845], "cam_t_m2c": [100.89848327636719, -3.123645544052124, 632.9183959960938], "obj_id": 3}, {"cam_R_m2c": [0.4671323895454407, 0.8834907412528992, 0.03508995100855827, 0.49837934970855713, -0.23031432926654816, -0.8358068466186523, -0.7303460240364075, 0.4079205393791199, -0.5479007959365845], "cam_t_m2c": [100.89848327636719, -3.123645544052124, 632.9183959960938], "obj_id": 0}, {"cam_R_m2c": [0.4671323895454407, 0.8834907412528992, 0.03508995100855827, 0.49837934970855713, -0.23031432926654816, -0.8358068466186523, -0.7303460240364075, 0.4079205393791199, -0.5479007959365845], "cam_t_m2c": [100.89848327636719, -3.123645544052124, 632.9183959960938], "obj_id": 3}, {"cam_R_m2c": [0.4671323895454407, 0.8834907412528992, 0.03508995100855827, 0.49837934970855713, -0.23031432926654816, -0.8358068466186523, -0.7303460240364075, 0.4079205393791199, -0.5479007959365845], "cam_t_m2c": [100.89848327636719, -3.123645544052124, 632.9183959960938], "obj_id": 1}, {"cam_R_m2c": [0.4671323895454407, 0.8834907412528992, 0.03508995100855827, 0.49837934970855713, -0.23031432926654816, -0.8358068466186523, -0.7303460240364075, 0.4079205393791199, -0.5479007959365845], "cam_t_m2c": [100.89848327636719, -3.123645544052124, 632.9183959960938], "obj_id": 0}, {"cam_R_m2c": [0.8514286875724792, 0.1270291954278946, -0.508854329586029, 0.3303578794002533, 0.6236642003059387, 0.7084536552429199, 0.40734854340553284, -0.771301805973053, 0.4890405237674713], "cam_t_m2c": [321.9642028808594, 11.261767387390137, 533.87451171875], "obj_id": 3}, {"cam_R_m2c": [-0.5357388257980347, 0.8210086226463318, 0.19730406999588013, 0.7685227394104004, 0.5709073543548584, -0.28885576128959656, -0.349795401096344, -0.003118573222309351, -0.9368209838867188], "cam_t_m2c": [-11.07919692993164, -15.252862930297852, 552.9923095703125], "obj_id": 3}, {"cam_R_m2c": [0.3594357371330261, -0.8640503287315369, -0.3524528443813324, -0.5416773557662964, 0.11436162889003754, -0.8327707052230835, 0.7598628997802734, 0.4902433156967163, -0.42693081498146057], "cam_t_m2c": [214.593017578125, -16.30910301208496, 569.0565795898438], "obj_id": 0}, {"cam_R_m2c": [-0.013060631230473518, 0.6350837349891663, 0.7723329663276672, -0.861781656742096, 0.3845762014389038, -0.3308074474334717, -0.5071113109588623, -0.6699028611183167, 0.5422806143760681], "cam_t_m2c": [-10.118017196655273, -220.2108612060547, 865.7112426757812], "obj_id": 1}, {"cam_R_m2c": [-0.11374715715646744, -0.5549457669258118, 0.824073314666748, -0.7137244939804077, 0.622649610042572, 0.32078778743743896, -0.6911287307739258, -0.551672637462616, -0.4669030010700226], "cam_t_m2c": [257.3009033203125, -14.608999252319336, 569.1983032226562], "obj_id": 0}, {"cam_R_m2c": [-0.018967363983392715, -0.15613539516925812, 0.9875535368919373, -0.6859952807426453, 0.7205964922904968, 0.10075310617685318, -0.7273586988449097, -0.6755460500717163, -0.12077596038579941], "cam_t_m2c": [199.8475799560547, -240.46014404296875, 910.048095703125], "obj_id": 0}, {"cam_R_m2c": [-0.2787483334541321, -0.7099542617797852, -0.6467336416244507, -0.6182314157485962, -0.38267675042152405, 0.6865482926368713, -0.7349077463150024, 0.5912051796913147, -0.3322456181049347], "cam_t_m2c": [-91.81887817382812, -32.90436935424805, 574.7482299804688], "obj_id": 1}, {"cam_R_m2c": [0.5611137747764587, 0.671995997428894, -0.48329365253448486, 0.7753072381019592, -0.6311826109886169, 0.02251908741891384, -0.2899138331413269, -0.3873368203639984, -0.8751686215400696], "cam_t_m2c": [120.3978271484375, -6.062808513641357, 547.3934326171875], "obj_id": 3}],
  "1": [{"cam_R_m2c": [-0.6400773525238037, 0.7680274248123169, 0.020852724090218544, 0.37974223494529724, 0.3398398160934448, -0.8604096174240112, -0.667904794216156, -0.5428100228309631, -0.5091761946678162], "cam_t_m2c": [123.7170639038086, 80.12628173828125, 522.6229248046875], "obj_id": 1}, {"cam_R_m2c": [-0.6400773525238037, 0.7680274248123169, 0.020852724090218544, 0.37974223494529724, 0.3398398160934448, -0.8604096174240112, -0.667904794216156, -0.5428100228309631, -0.5091761946678162], "cam_t_m2c": [123.7170639038086, 80.12628173828125, 522.6229248046875], "obj_id": 0}, {"cam_R_m2c": [-0.6400773525238037, 0.7680274248123169, 0.020852724090218544, 0.37974223494529724, 0.3398398160934448, -0.8604096174240112, -0.667904794216156, -0.5428100228309631, -0.5091761946678162], "cam_t_m2c": [123.7170639038086, 80.12628173828125, 522.6229248046875], "obj_id": 0}, {"cam_R_m2c": [-0.6400773525238037, 0.7680274248123169, 0.020852724090218544, 0.37974223494529724, 0.3398398160934448, -0.8604096174240112, -0.667904794216156, -0.5428100228309631, -0.5091761946678162], "cam_t_m2c": [123.7170639038086, 80.12628173828125, 522.6229248046875], "obj_id": 3}, {"cam_R_m2c": [-0.6400773525238037, 0.7680274248123169, 0.020852724090218544, 0.37974223494529724, 0.3398398160934448, -0.8604096174240112, -0.667904794216156, -0.5428100228309631, -0.5091761946678162], "cam_t_m2c": [123.7170639038086, 80.12628173828125, 522.6229248046875], "obj_id": 2}, {"cam_R_m2c": [-0.6400773525238037, 0.7680274248123169, 0.020852724090218544, 0.37974223494529724, 0.3398398160934448, -0.8604096174240112, -0.667904794216156, -0.5428100228309631, -0.5091761946678162], "cam_t_m2c": [123.7170639038086, 80.12628173828125, 522.6229248046875], "obj_id": 0}, {"cam_R_m2c": [-0.6400773525238037, 0.7680274248123169, 0.020852724090218544, 0.37974223494529724, 0.3398398160934448, -0.8604096174240112, -0.667904794216156, -0.5428100228309631, -0.5091761946678162], "cam_t_m2c": [123.7170639038086, 80.12628173828125, 522.6229248046875], "obj_id": 3}, {"cam_R_m2c": [-0.6400773525238037, 0.7680274248123169, 0.020852724090218544, 0.37974223494529724, 0.3398398160934448, -0.8604096174240112, -0.667904794216156, -0.5428100228309631, -0.5091761946678162], "cam_t_m2c": [123.7170639038086, 80.12628173828125, 522.6229248046875], "obj_id": 2}, {"cam_R_m2c": [-0.6400773525238037, 0.7680274248123169, 0.020852724090218544, 0.37974223494529724, 0.3398398160934448, -0.8604096174240112, -0.667904794216156, -0.5428100228309631, -0.5091761946678162], "cam_t_m2c": [123.7170639038086, 80.12628173828125, 522.6229248046875], "obj_id": 0}, {"cam_R_m2c": [-0.6400773525238037, 0.7680274248123169, 0.020852724090218544, 0.37974223494529724, 0.3398398160934448, -0.8604096174240112, -0.667904794216156, -0.5428100228309631, -0.5091761946678162], "cam_t_m2c": [123.7170639038086, 80.12628173828125, 522.6229248046875], "obj_id": 0}, {"cam_R_m2c": [-0.6400773525238037, 0.7680274248123169, 0.020852724090218544, 0.37974223494529724, 0.3398398160934448, -0.8604096174240112, -0.667904794216156, -0.5428100228309631, -0.5091761946678162], "cam_t_m2c": [123.7170639038086, 80.12628173828125, 522.6229248046875], "obj_id": 0}, {"cam_R_m2c": [-0.6400773525238037, 0.7680274248123169, 0.020852724090218544, 0.37974223494529724, 0.3398398160934448, -0.8604096174240112, -0.667904794216156, -0.5428100228309631, -0.5091761946678162], "cam_t_m2c": [123.7170639038086, 80.12628173828125, 522.6229248046875], "obj_id": 0}, {"cam_R_m2c": [-0.6400773525238037, 0.7680274248123169, 0.020852724090218544, 0.37974223494529724, 0.3398398160934448, -0.8604096174240112, -0.667904794216156, -0.5428100228309631, -0.5091761946678162], "cam_t_m2c": [123.7170639038086, 80.12628173828125, 522.6229248046875], "obj_id": 2}, {"cam_R_m2c": [-0.6400773525238037, 0.7680274248123169, 0.020852724090218544, 0.37974223494529724, 0.3398398160934448, -0.8604096174240112, -0.667904794216156, -0.5428100228309631, -0.5091761946678162], "cam_t_m2c": [123.7170639038086, 80.12628173828125, 522.6229248046875], "obj_id": 1}, {"cam_R_m2c": [-0.6400773525238037, 0.7680274248123169, 0.020852724090218544, 0.37974223494529724, 0.3398398160934448, -0.8604096174240112, -0.667904794216156, -0.5428100228309631, -0.5091761946678162], "cam_t_m2c": [123.7170639038086, 80.12628173828125, 522.6229248046875], "obj_id": 1}, {"cam_R_m2c": [-0.6400773525238037, 0.7680274248123169, 0.020852724090218544, 0.37974223494529724, 0.3398398160934448, -0.8604096174240112, -0.667904794216156, -0.5428100228309631, -0.5091761946678162], "cam_t_m2c": [123.7170639038086, 80.12628173828125, 522.6229248046875], "obj_id": 3}, {"cam_R_m2c": [-0.6400773525238037, 0.7680274248123169, 0.020852724090218544, 0.37974223494529724, 0.3398398160934448, -0.8604096174240112, -0.667904794216156, -0.5428100228309631, -0.5091761946678162], "cam_t_m2c": [123.7170639038086, 80.12628173828125, 522.6229248046875], "obj_id": 1}, {"cam_R_m2c": [-0.6400773525238037, 0.7680274248123169, 0.020852724090218544, 0.37974223494529724, 0.3398398160934448, -0.8604096174240112, -0.667904794216156, -0.5428100228309631, -0.5091761946678162], "cam_t_m2c": [123.7170639038086, 80.12628173828125, 522.6229248046875], "obj_id": 2}, {"cam_R_m2c": [-0.6400773525238037, 0.7680274248123169, 0.020852724090218544, 0.37974223494529724, 0.3398398160934448, -0.8604096174240112, -0.667904794216156, -0.5428100228309631, -0.5091761946678162], "cam_t_m2c": [123.7170639038086, 80.12628173828125, 522.6229248046875], "obj_id": 0}, {"cam_R_m2c": [-0.6400773525238037, 0.7680274248123169, 0.020852724090218544, 0.37974223494529724, 0.3398398160934448, -0.8604096174240112, -0.667904794216156, -0.5428100228309631, -0.5091761946678162], "cam_t_m2c": [123.7170639038086, 80.12628173828125, 522.6229248046875], "obj_id": 3}, {"cam_R_m2c": [-0.6400773525238037, 0.7680274248123169, 0.020852724090218544, 0.37974223494529724, 0.3398398160934448, -0.8604096174240112, -0.667904794216156, -0.5428100228309631, -0.5091761946678162], "cam_t_m2c": [123.7170639038086, 80.12628173828125, 522.6229248046875], "obj_id": 0}, {"cam_R_m2c": [-0.6400773525238037, 0.7680274248123169, 0.020852724090218544, 0.37974223494529724, 0.3398398160934448, -0.8604096174240112, -0.667904794216156, -0.5428100228309631, -0.5091761946678162], "cam_t_m2c": [123.7170639038086, 80.12628173828125, 522.6229248046875], "obj_id": 3}, {"cam_R_m2c": [-0.6400773525238037, 0.7680274248123169, 0.020852724090218544, 0.37974223494529724, 0.3398398160934448, -0.8604096174240112, -0.667904794216156, -0.5428100228309631, -0.5091761946678162], "cam_t_m2c": [123.7170639038086, 80.12628173828125, 522.6229248046875], "obj_id": 1}, {"cam_R_m2c": [-0.6400773525238037, 0.7680274248123169, 0.020852724090218544, 0.37974223494529724, 0.3398398160934448, -0.8604096174240112, -0.667904794216156, -0.5428100228309631, -0.5091761946678162], "cam_t_m2c": [123.7170639038086, 80.12628173828125, 522.6229248046875], "obj_id": 0}, {"cam_R_m2c": [0.46759170293807983, -0.8652306199073792, -0.1809254139661789, 0.7907299399375916, 0.3179408311843872, 0.5231250524520874, -0.3951002061367035, -0.3876720666885376, 0.8328302502632141], "cam_t_m2c": [124.19966125488281, 158.0300750732422, 292.8024597167969], "obj_id": 3}, {"cam_R_m2c": [-0.8673392534255981, 0.016753841191530228, -0.49743545055389404, 0.2818768322467804, 0.8402400612831116, -0.4631868898868561, 0.41020503640174866, -0.5419556498527527, -0.7334957122802734], "cam_t_m2c": [25.869821548461914, -6.637840270996094, 567.0325317382812], "obj_id": 3}, {"cam_R_m2c": [0.999335765838623, -0.010114376433193684, -0.035011205822229385, -0.03602207079529762, -0.12857389450073242, -0.9910454750061035, 0.005522279534488916, 0.9916483163833618, -0.12885282933712006], "cam_t_m2c": [124.58879852294922, 98.80555725097656, 392.89642333984375], "obj_id": 0}, {"cam_R_m2c": [0.04725669324398041, -0.4712904989719391, 0.880711019039154, -0.8899454474449158, 0.38053038716316223, 0.25138339400291443, -0.4536118805408478, -0.795664370059967, -0.40144020318984985], "cam_t_m2c": [372.0334167480469, -72.3051986694336, 692.1744384765625], "obj_id": 1}, {"cam_R_m2c": [-0.20860543847084045, -0.9550774693489075, -0.2105010747909546, -0.8733149170875549, 0.08502494543790817, 0.47967877984046936, -0.4402325749397278, 0.28389737010002136, -0.8518200516700745], "cam_t_m2c": [140.06593322753906, 119.37336730957031, 358.7746276855469], "obj_id": 0}, {"cam_R_m2c": [-0.21467028558254242, -0.9489989280700684, 0.23090609908103943, -0.819941520690918, 0.30356472730636597, 0.4853290617465973, -0.5306717157363892, -0.08514374494552612, -0.8432899117469788], "cam_t_m2c": [496.3830261230469, 19.58416748046875, 541.9916381835938], "obj_id": 0}, {"cam_R_m2c": [-0.35405096411705017, 0.3812980353832245, -0.8539669513702393, -0.8824380040168762, -0.43863657116889954, 0.17000281810760498, -0.3097594678401947, 0.8137626051902771, 0.49177172780036926], "cam_t_m2c": [20.96514320373535, -50.17890167236328, 640.4076538085938], "obj_id": 1}, {"cam_R_m2c": [-0.4076451063156128, 0.281544953584671, -0.8686528205871582, 0.7982109189033508, -0.35214680433273315, -0.48872461915016174, -0.4434913694858551, -0.8925944566726685, -0.08118121325969696], "cam_t_m2c": [66.84255981445312, 57.95681381225586, 459.5580139160156], "obj_id": 3}]
}