{
  "0": [{"cam_R_m2c": [0.4615539312362671, 0.01817949302494526, -0.8869258165359497, 0.3580783009529114, -0.918541431427002, 0.16751550137996674, -0.8116328120231628, -0.39490634202957153, -0.43046605587005615], "cam_t_m2c": [601.987548828125, -86.13825988769531, 821.5662841796875], "obj_id": 1}, {"cam_R_m2c": [-0.5474720001220703, 0.8205612301826477, 0.16417518258094788, 0.2235374003648758, 0.33246123790740967, -0.9162425994873047, -0.8064150810241699, -0.464917927980423, -0.3654392957687378], "cam_t_m2c": [710.0676879882812, -436.50555419921875, 821.0244750976562], "obj_id": 0}, {"cam_R_m2c": [0.3430251181125641, 0.595399796962738, 0.7265209555625916, 0.7733305096626282, 0.26002904772758484, -0.5782254338264465, -0.5331918597221375, 0.7601867318153381, -0.371244341135025], "cam_t_m2c": [393.9752197265625, -236.51548767089844, 691.7816772460938], "obj_id": 0}, {"cam_R_m2c": [0.11618522554636002, 0.35110750794410706, -0.9290987253189087, 0.7984626293182373, -0.5893716812133789, -0.12287534028291702, -0.5907269716262817, -0.727574348449707, -0.3488224446773529], "cam_t_m2c": [39.202667236328125, 353.2071533203125, -20.768970489501953], "obj_id": 1}],
  "1": [{"cam_R_m2c": [0.002569053089246154, 0.050194595009088516, 0.9987360835075378, -0.8621606826782227, -0.5058801770210266, 0.02764229103922844, 0.5066283345222473, -0.8611420392990112, 0.041976235806941986], "cam_t_m2c": [-560.6101684570312, -238.41139221191406, 804.8488159179688], "obj_id": 1}, {"cam_R_m2c": [0.8754646182060242, -0.4744725227355957, -0.09185608476400375, -0.4435911178588867, -0.7134827375411987, -0.5423736572265625, 0.1918036937713623, 0.5155755281448364, -0.8351006507873535], "cam_t_m2c": [-698.6484375, -341.74920654296875, 481.3508605957031], "obj_id": 0}, {"cam_R_m2c": [0.03221580386161804, -0.8378792405128479, -0.5449041128158569, -0.49716249108314514, 0.45952117443084717, -0.7359821796417236, 0.8670591711997986, 0.29461613297462463, -0.4017582833766937], "cam_t_m2c": [-336.4723815917969, -287.9164123535156, 632.0870361328125], "obj_id": 0}, {"cam_R_m2c": [0.2617407739162445, -0.053509559482336044, 0.9636536836624146, -0.44628217816352844, -0.8920165300369263, 0.07168427854776382, 0.8557592630386353, -0.4488241672515869, -0.2573574185371399], "cam_t_m2c": [370.9831848144531, -672.5481567382812, 1208.9696044921875], "obj_id": 1}]
}