{
  "0": [{"cam_R_m2c": [-0.9395666718482971, -0.11875983327627182, -0.32110780477523804, 0.129802405834198, -0.9914528727531433, -0.013120916672050953, -0.31680506467819214, -0.054008547216653824, 0.9469517469406128], "cam_t_m2c": [-175.9311981201172, -8.761552810668945, 964.8898315429688], "obj_id": 0}, {"cam_R_m2c": [-0.8039437532424927, 0.09934694319963455, -0.5863484740257263, 0.5765466690063477, -0.11157877743244171, -0.8094096779823303, -0.14583644270896912, -0.9887771606445312, 0.03242497146129608], "cam_t_m2c": [-122.91676330566406, -195.78225708007812, 766.5855712890625], "obj_id": 3}, {"cam_R_m2c": [0.9500951766967773, -0.2163536548614502, -0.22474481165409088, 0.30465665459632874, 0.48851683735847473, 0.8176403045654297, -0.06710784137248993, -0.8453060984611511, 0.530051052570343], "cam_t_m2c": [-291.329345703125, -292.1395263671875, 1179.268798828125], "obj_id": 3}, {"cam_R_m2c": [0.3884776830673218, 0.19377897679805756, -0.9008522629737854, 0.03579503297805786, -0.9800733923912048, -0.1953839212656021, -0.9207625985145569, 0.04365626350045204, -0.3876729905605316], "cam_t_m2c": [-293.8528137207031, 28.928686141967773, 1033.9404296875], "obj_id": 1}],
  "1": [{"cam_R_m2c": [-0.27656227350234985, -0.5524436235427856, -0.7863327264785767, 0.4561462104320526, -0.7956607937812805, 0.39856523275375366, -0.8458390831947327, -0.24845457077026367, 0.47204503417015076], "cam_t_m2c": [-138.62509155273438, 88.52337646484375, 833.7621459960938], "obj_id": 0}, {"cam_R_m2c": [-0.07214062660932541, 0.6192857623100281, -0.7818445563316345, 0.8171805739402771, -0.41273725032806396, -0.4023231863975525, -0.5718493461608887, -0.6679320335388184, -0.47629314661026], "cam_t_m2c": [-81.21699523925781, -148.13925170898438, 700.47607421875], "obj_id": 3}, {"cam_R_m2c": [0.7502732872962952, 0.6601794362068176, -0.035399023443460464, -0.2007475346326828, 0.2785045802593231, 0.9392207264900208, 0.6299130320549011, -0.6975659728050232, 0.3414839506149292], "cam_t_m2c": [-487.66326904296875, -37.781341552734375, 875.30419921875], "obj_id": 3}, {"cam_R_m2c": [0.8206836581230164, -0.4271206259727478, -0.3795343041419983, -0.40335896611213684, -0.9035401940345764, 0.14462602138519287, -0.4046972393989563, 0.03439634293317795, -0.9138036370277405], "cam_t_m2c": [-230.32601928710938, 193.8714599609375, 809.44775390625], "obj_id": 1}]
}