{
  "0": [{"cam_R_m2c": [-0.7572624087333679, 0.23985420167446136, -0.6074729561805725, 0.6421204805374146, 0.44333788752555847, -0.6254060864448547, 0.11930948495864868, -0.8636674284934998, -0.4897383451461792], "cam_t_m2c": [8.274186134338379, 16.891969680786133, 299.101806640625], "obj_id": 1}, {"cam_R_m2c": [-0.7572624087333679, 0.23985420167446136, -0.6074729561805725, 0.6421204805374146, 0.44333788752555847, -0.6254060864448547, 0.11930948495864868, -0.8636674284934998, -0.4897383451461792], "cam_t_m2c": [8.274186134338379, 16.891969680786133, 299.101806640625], "obj_id": 2}, {"cam_R_m2c": [-0.7572624087333679, 0.23985420167446136, -0.6074729561805725, 0.6421204805374146, 0.44333788752555847, -0.6254060864448547, 0.11930948495864868, -0.8636674284934998, -0.4897383451461792], "cam_t_m2c": [8.274186134338379, 16.891969680786133, 299.101806640625], "obj_id": 3}, {"cam_R_m2c": [-0.7572624087333679, 0.23985420167446136, -0.6074729561805725, 0.6421204805374146, 0.44333788752555847, -0.6254060864448547, 0.11930948495864868, -0.8636674284934998, -0.4897383451461792], "cam_t_m2c": [8.274186134338379, 16.891969680786133, 299.101806640625], "obj_id": 0}, {"cam_R_m2c": [-0.7572624087333679, 0.23985420167446136, -0.6074729561805725, 0.6421204805374146, 0.44333788752555847, -0.6254060864448547, 0.11930948495864868, -0.8636674284934998, -0.4897383451461792], "cam_t_m2c": [8.274186134338379, 16.891969680786133, 299.101806640625], "obj_id": 2}, {"cam_R_m2c": [-0.7572624087333679, 0.23985420167446136, -0.6074729561805725, 0.6421204805374146, 0.44333788752555847, -0.6254060864448547, 0.11930948495864868, -0.8636674284934998, -0.4897383451461792], "cam_t_m2c": [8.274186134338379, 16.891969680786133, 299.101806640625], "obj_id": 3}, {"cam_R_m2c": [-0.7572624087333679, 0.23985420167446136, -0.6074729561805725, 0.6421204805374146, 0.44333788752555847, -0.6254060864448547, 0.11930948495864868, -0.8636674284934998, -0.4897383451461792], "cam_t_m2c": [8.274186134338379, 16.891969680786133, 299.101806640625], "obj_id": 0}, {"cam_R_m2c": [-0.7572624087333679, 0.23985420167446136, -0.6074729561805725, 0.6421204805374146, 0.44333788752555847, -0.6254060864448547, 0.11930948495864868, -0.8636674284934998, -0.4897383451461792], "cam_t_m2c": [8.274186134338379, 16.891969680786133, 299.101806640625], "obj_id": 1}, {"cam_R_m2c": [-0.7572624087333679, 0.23985420167446136, -0.6074729561805725, 0.6421204805374146, 0.44333788752555847, -0.6254060864448547, 0.11930948495864868, -0.8636674284934998, -0.4897383451461792], "cam_t_m2c": [8.274186134338379, 16.891969680786133, 299.101806640625], "obj_id": 0}, {"cam_R_m2c": [-0.7572624087333679, 0.23985420167446136, -0.6074729561805725, 0.6421204805374146, 0.44333788752555847, -0.6254060864448547, 0.11930948495864868, -0.8636674284934998, -0.4897383451461792], "cam_t_m2c": [8.274186134338379, 16.891969680786133, 299.101806640625], "obj_id": 3}, {"cam_R_m2c": [-0.7572624087333679, 0.23985420167446136, -0.6074729561805725, 0.6421204805374146, 0.44333788752555847, -0.6254060864448547, 0.11930948495864868, -0.8636674284934998, -0.4897383451461792], "cam_t_m2c": [8.274186134338379, 16.891969680786133, 299.101806640625], "obj_id": 3}, {"cam_R_m2c": [-0.7572624087333679, 0.23985420167446136, -0.6074729561805725, 0.6421204805374146, 0.44333788752555847, -0.6254060864448547, 0.11930948495864868, -0.8636674284934998, -0.4897383451461792], "cam_t_m2c": [8.274186134338379, 16.891969680786133, 299.101806640625], "obj_id": 2}, {"cam_R_m2c": [-0.7572624087333679, 0.23985420167446136, -0.6074729561805725, 0.6421204805374146, 0.44333788752555847, -0.6254060864448547, 0.11930948495864868, -0.8636674284934998, -0.4897383451461792], "cam_t_m2c": [8.274186134338379, 16.891969680786133, 299.101806640625], "obj_id": 3}, {"cam_R_m2c": [-0.7572624087333679, 0.23985420167446136, -0.6074729561805725, 0.6421204805374146, 0.44333788752555847, -0.6254060864448547, 0.11930948495864868, -0.8636674284934998, -0.4897383451461792], "cam_t_m2c": [8.274186134338379, 16.891969680786133, 299.101806640625], "obj_id": 0}, {"cam_R_m2c": [-0.7572624087333679, 0.23985420167446136, -0.6074729561805725, 0.6421204805374146, 0.44333788752555847, -0.6254060864448547, 0.11930948495864868, -0.8636674284934998, -0.4897383451461792], "cam_t_m2c": [8.274186134338379, 16.891969680786133, 299.101806640625], "obj_id": 2}, {"cam_R_m2c": [-0.7572624087333679, 0.23985420167446136, -0.6074729561805725, 0.6421204805374146, 0.44333788752555847, -0.6254060864448547, 0.11930948495864868, -0.8636674284934998, -0.4897383451461792], "cam_t_m2c": [8.274186134338379, 16.891969680786133, 299.101806640625], "obj_id": 0}, {"cam_R_m2c": [-0.7572624087333679, 0.23985420167446136, -0.6074729561805725, 0.6421204805374146, 0.44333788752555847, -0.6254060864448547, 0.11930948495864868, -0.8636674284934998, -0.4897383451461792], "cam_t_m2c": [8.274186134338379, 16.891969680786133, 299.101806640625], "obj_id": 3}, {"cam_R_m2c": [-0.7572624087333679, 0.23985420167446136, -0.6074729561805725, 0.6421204805374146, 0.44333788752555847, -0.6254060864448547, 0.11930948495864868, -0.8636674284934998, -0.4897383451461792], "cam_t_m2c": [8.274186134338379, 16.891969680786133, 299.101806640625], "obj_id": 3}, {"cam_R_m2c": [-0.7572624087333679, 0.23985420167446136, -0.6074729561805725, 0.6421204805374146, 0.44333788752555847, -0.6254060864448547, 0.11930948495864868, -0.8636674284934998, -0.4897383451461792], "cam_t_m2c": [8.274186134338379, 16.891969680786133, 299.101806640625], "obj_id": 1}, {"cam_R_m2c": [-0.7572624087333679, 0.23985420167446136, -0.6074729561805725, 0.6421204805374146, 0.44333788752555847, -0.6254060864448547, 0.11930948495864868, -0.8636674284934998, -0.4897383451461792], "cam_t_m2c": [8.274186134338379, 16.891969680786133, 299.101806640625], "obj_id": 2}, {"cam_R_m2c": [-0.7572624087333679, 0.23985420167446136, -0.6074729561805725, 0.6421204805374146, 0.44333788752555847, -0.6254060864448547, 0.11930948495864868, -0.8636674284934998, -0.4897383451461792], "cam_t_m2c": [8.274186134338379, 16.891969680786133, 299.101806640625], "obj_id": 0}, {"cam_R_m2c": [-0.7572624087333679, 0.23985420167446136, -0.6074729561805725, 0.6421204805374146, 0.44333788752555847, -0.6254060864448547, 0.11930948495864868, -0.8636674284934998, -0.4897383451461792], "cam_t_m2c": [8.274186134338379, 16.891969680786133, 299.101806640625], "obj_id": 2}, {"cam_R_m2c": [-0.7572624087333679, 0.23985420167446136, -0.6074729561805725, 0.6421204805374146, 0.44333788752555847, -0.6254060864448547, 0.11930948495864868, -0.8636674284934998, -0.4897383451461792], "cam_t_m2c": [8.274186134338379, 16.891969680786133, 299.101806640625], "obj_id": 1}, {"cam_R_m2c": [-0.7572624087333679, 0.23985420167446136, -0.6074729561805725, 0.6421204805374146, 0.44333788752555847, -0.6254060864448547, 0.11930948495864868, -0.8636674284934998, -0.4897383451461792], "cam_t_m2c": [8.274186134338379, 16.891969680786133, 299.101806640625], "obj_id": 2}, {"cam_R_m2c": [0.4177623987197876, -0.8329629898071289, -0.3628321588039398, 0.2626272439956665, 0.493013471364975, -0.8294363021850586, 0.8697709441184998, 0.25121766328811646, 0.42472130060195923], "cam_t_m2c": [-135.28890991210938, 31.15005111694336, 387.6037292480469], "obj_id": 1}, {"cam_R_m2c": [0.5377014875411987, -0.030391978099942207, 0.8425873517990112, -0.6335902810096741, 0.6447741389274597, 0.42758581042289734, -0.5562736988067627, -0.7637686729431152, 0.32743996381759644], "cam_t_m2c": [-83.2746810913086, 89.39483642578125, 238.7588348388672], "obj_id": 3}, {"cam_R_m2c": [0.9667468070983887, 0.1389828473329544, -0.2146727293729782, -0.02009609527885914, -0.7955508828163147, -0.6055532693862915, -0.2549446225166321, 0.5897307395935059, -0.7663032412528992], "cam_t_m2c": [33.20497131347656, -253.87716674804688, 499.566650390625], "obj_id": 1}, {"cam_R_m2c": [-0.47422996163368225, 0.5519652366638184, -0.6858863234519958, 0.8600165247917175, 0.4571068286895752, -0.2267703413963318, 0.18835392594337463, -0.6974149346351624, -0.6914729475975037], "cam_t_m2c": [-83.6696548461914, 148.4548797607422, 197.7881622314453], "obj_id": 3}, {"cam_R_m2c": [0.9490147233009338, 0.3126761019229889, -0.040058866143226624, 0.24650226533412933, -0.6568768620491028, 0.7125652432441711, 0.1964883953332901, -0.6861095428466797, -0.700461208820343], "cam_t_m2c": [-259.9023742675781, 294.4377746582031, 205.20855712890625], "obj_id": 0}, {"cam_R_m2c": [0.26534149050712585, -0.8227331638336182, -0.502696692943573, -0.5338349342346191, -0.5595382452011108, 0.6339850425720215, -0.8028786182403564, 0.10013456642627716, -0.5876723527908325], "cam_t_m2c": [4832.5556640625, 4988.94873046875, 4248.552734375], "obj_id": 1}, {"cam_R_m2c": [0.8071172833442688, -0.5874699950218201, -0.058657292276620865, 0.3413526713848114, 0.5454137921333313, -0.7655077576637268, 0.48170533776283264, 0.5978317260742188, 0.6407473683357239], "cam_t_m2c": [64.46178436279297, -45.23126220703125, 328.1405944824219], "obj_id": 2}, {"cam_R_m2c": [-0.6186485886573792, 0.7254722714424133, -0.3016018867492676, -0.6163294315338135, -0.6861972212791443, -0.38635626435279846, -0.4872491955757141, -0.05313267186284065, 0.8716450929641724], "cam_t_m2c": [233.04432678222656, -176.69436645507812, 282.1595153808594], "obj_id": 0}]
}