{
  "0": [{"cam_R_m2c": [-0.07743941247463226, -0.948988139629364, 0.3056543171405792, -0.36232897639274597, -0.25882503390312195, -0.8953922390937805, 0.9288276433944702, -0.18008610606193542, -0.3238025903701782], "cam_t_m2c": [23.719242095947266, 29.233755111694336, 205.5699462890625], "obj_id": 3}, {"cam_R_m2c": [-0.07743941247463226, -0.948988139629364, 0.3056543171405792, -0.36232897639274597, -0.25882503390312195, -0.8953922390937805, 0.9288276433944702, -0.18008610606193542, -0.3238025903701782], "cam_t_m2c": [23.719242095947266, 29.233755111694336, 205.5699462890625], "obj_id": 2}, {"cam_R_m2c": [-0.07743941247463226, -0.948988139629364, 0.3056543171405792, -0.36232897639274597, -0.25882503390312195, -0.8953922390937805, 0.9288276433944702, -0.18008610606193542, -0.3238025903701782], "cam_t_m2c": [23.719242095947266, 29.233755111694336, 205.5699462890625], "obj_id": 2}, {"cam_R_m2c": [-0.07743941247463226, -0.948988139629364, 0.3056543171405792, -0.36232897639274597, -0.25882503390312195, -0.8953922390937805, 0.9288276433944702, -0.18008610606193542, -0.3238025903701782], "cam_t_m2c": [23.719242095947266, 29.233755111694336, 205.5699462890625], "obj_id": 0}, {"cam_R_m2c": [-0.07743941247463226, -0.948988139629364, 0.3056543171405792, -0.36232897639274597, -0.25882503390312195, -0.8953922390937805, 0.9288276433944702, -0.18008610606193542, -0.3238025903701782], "cam_t_m2c": [23.719242095947266, 29.233755111694336, 205.5699462890625], "obj_id": 3}, {"cam_R_m2c": [-0.07743941247463226, -0.948988139629364, 0.3056543171405792, -0.36232897639274597, -0.25882503390312195, -0.8953922390937805, 0.9288276433944702, -0.18008610606193542, -0.3238025903701782], "cam_t_m2c": [23.719242095947266, 29.233755111694336, 205.5699462890625], "obj_id": 2}, {"cam_R_m2c": [-0.07743941247463226, -0.948988139629364, 0.3056543171405792, -0.36232897639274597, -0.25882503390312195, -0.8953922390937805, 0.9288276433944702, -0.18008610606193542, -0.3238025903701782], "cam_t_m2c": [23.719242095947266, 29.233755111694336, 205.5699462890625], "obj_id": 1}, {"cam_R_m2c": [-0.07743941247463226, -0.948988139629364, 0.3056543171405792, -0.36232897639274597, -0.25882503390312195, -0.8953922390937805, 0.9288276433944702, -0.18008610606193542, -0.3238025903701782], "cam_t_m2c": [23.719242095947266, 29.233755111694336, 205.5699462890625], "obj_id": 1}, {"cam_R_m2c": [-0.07743941247463226, -0.948988139629364, 0.3056543171405792, -0.36232897639274597, -0.25882503390312195, -0.8953922390937805, 0.9288276433944702, -0.18008610606193542, -0.3238025903701782], "cam_t_m2c": [23.719242095947266, 29.233755111694336, 205.5699462890625], "obj_id": 0}, {"cam_R_m2c": [-0.07743941247463226, -0.948988139629364, 0.3056543171405792, -0.36232897639274597, -0.25882503390312195, -0.8953922390937805, 0.9288276433944702, -0.18008610606193542, -0.3238025903701782], "cam_t_m2c": [23.719242095947266, 29.233755111694336, 205.5699462890625], "obj_id": 0}, {"cam_R_m2c": [-0.07743941247463226, -0.948988139629364, 0.3056543171405792, -0.36232897639274597, -0.25882503390312195, -0.8953922390937805, 0.9288276433944702, -0.18008610606193542, -0.3238025903701782], "cam_t_m2c": [23.719242095947266, 29.233755111694336, 205.5699462890625], "obj_id": 0}, {"cam_R_m2c": [-0.07743941247463226, -0.948988139629364, 0.3056543171405792, -0.36232897639274597, -0.25882503390312195, -0.8953922390937805, 0.9288276433944702, -0.18008610606193542, -0.3238025903701782], "cam_t_m2c": [23.719242095947266, 29.233755111694336, 205.5699462890625], "obj_id": 0}, {"cam_R_m2c": [-0.07743941247463226, -0.948988139629364, 0.3056543171405792, -0.36232897639274597, -0.25882503390312195, -0.8953922390937805, 0.9288276433944702, -0.18008610606193542, -0.3238025903701782], "cam_t_m2c": [23.719242095947266, 29.233755111694336, 205.5699462890625], "obj_id": 0}, {"cam_R_m2c": [-0.07743941247463226, -0.948988139629364, 0.3056543171405792, -0.36232897639274597, -0.25882503390312195, -0.8953922390937805, 0.9288276433944702, -0.18008610606193542, -0.3238025903701782], "cam_t_m2c": [23.719242095947266, 29.233755111694336, 205.5699462890625], "obj_id": 3}, {"cam_R_m2c": [-0.07743941247463226, -0.948988139629364, 0.3056543171405792, -0.36232897639274597, -0.25882503390312195, -0.8953922390937805, 0.9288276433944702, -0.18008610606193542, -0.3238025903701782], "cam_t_m2c": [23.719242095947266, 29.233755111694336, 205.5699462890625], "obj_id": 3}, {"cam_R_m2c": [-0.07743941247463226, -0.948988139629364, 0.3056543171405792, -0.36232897639274597, -0.25882503390312195, -0.8953922390937805, 0.9288276433944702, -0.18008610606193542, -0.3238025903701782], "cam_t_m2c": [23.719242095947266, 29.233755111694336, 205.5699462890625], "obj_id": 0}, {"cam_R_m2c": [-0.07743941247463226, -0.948988139629364, 0.3056543171405792, -0.36232897639274597, -0.25882503390312195, -0.8953922390937805, 0.9288276433944702, -0.18008610606193542, -0.3238025903701782], "cam_t_m2c": [23.719242095947266, 29.233755111694336, 205.5699462890625], "obj_id": 0}, {"cam_R_m2c": [-0.07743941247463226, -0.948988139629364, 0.3056543171405792, -0.36232897639274597, -0.25882503390312195, -0.8953922390937805, 0.9288276433944702, -0.18008610606193542, -0.3238025903701782], "cam_t_m2c": [23.719242095947266, 29.233755111694336, 205.5699462890625], "obj_id": 2}, {"cam_R_m2c": [-0.07743941247463226, -0.948988139629364, 0.3056543171405792, -0.36232897639274597, -0.25882503390312195, -0.8953922390937805, 0.9288276433944702, -0.18008610606193542, -0.3238025903701782], "cam_t_m2c": [23.719242095947266, 29.233755111694336, 205.5699462890625], "obj_id": 1}, {"cam_R_m2c": [-0.07743941247463226, -0.948988139629364, 0.3056543171405792, -0.36232897639274597, -0.25882503390312195, -0.8953922390937805, 0.9288276433944702, -0.18008610606193542, -0.3238025903701782], "cam_t_m2c": [23.719242095947266, 29.233755111694336, 205.5699462890625], "obj_id": 2}, {"cam_R_m2c": [-0.07743941247463226, -0.948988139629364, 0.3056543171405792, -0.36232897639274597, -0.25882503390312195, -0.8953922390937805, 0.9288276433944702, -0.18008610606193542, -0.3238025903701782], "cam_t_m2c": [23.719242095947266, 29.233755111694336, 205.5699462890625], "obj_id": 1}, {"cam_R_m2c": [-0.07743941247463226, -0.948988139629364, 0.3056543171405792, -0.36232897639274597, -0.25882503390312195, -0.8953922390937805, 0.9288276433944702, -0.18008610606193542, -0.3238025903701782], "cam_t_m2c": [23.719242095947266, 29.233755111694336, 205.5699462890625], "obj_id": 3}, {"cam_R_m2c": [-0.07743941247463226, -0.948988139629364, 0.3056543171405792, -0.36232897639274597, -0.25882503390312195, -0.8953922390937805, 0.9288276433944702, -0.18008610606193542, -0.3238025903701782], "cam_t_m2c": [23.719242095947266, 29.233755111694336, 205.5699462890625], "obj_id": 3}, {"cam_R_m2c": [-0.07743941247463226, -0.948988139629364, 0.3056543171405792, -0.36232897639274597, -0.25882503390312195, -0.8953922390937805, 0.9288276433944702, -0.18008610606193542, -0.3238025903701782], "cam_t_m2c": [23.719242095947266, 29.233755111694336, 205.5699462890625], "obj_id": 3}, {"cam_R_m2c": [0.26025235652923584, -0.1314062923192978, 0.9565567970275879, 0.8624934554100037, -0.4136883318424225, -0.2914904057979584, 0.4340202212333679, 0.9008851647377014, 0.005673831328749657], "cam_t_m2c": [55.187164306640625, -51.38597869873047, 391.5414123535156], "obj_id": 1}, {"cam_R_m2c": [-0.454135537147522, -0.7665043473243713, 0.45412778854370117, 0.8095818161964417, -0.5678290128707886, -0.14882054924964905, 0.3719385266304016, 0.3000688850879669, 0.8784192800521851], "cam_t_m2c": [30.21391487121582, -44.59295654296875, 306.78790283203125], "obj_id": 0}, {"cam_R_m2c": [0.9159848093986511, -0.4011305570602417, 0.008128160610795021, 0.2901304066181183, 0.648250162601471, -0.7039858102798462, 0.2771211564540863, 0.6471985578536987, 0.7101674675941467], "cam_t_m2c": [-133.07366943359375, -108.17124938964844, 316.53369140625], "obj_id": 3}, {"cam_R_m2c": [0.7495009899139404, -0.5518962740898132, -0.3655936121940613, 0.09690484404563904, 0.6377698183059692, -0.7641066908836365, 0.6548722386360168, 0.5372709631919861, 0.5314905643463135], "cam_t_m2c": [90.52546691894531, -0.3147618770599365, 229.18788146972656], "obj_id": 3}, {"cam_R_m2c": [0.21884861588478088, -0.6670387983322144, -0.7121548056602478, -0.19349731504917145, 0.6856849789619446, -0.7017085552215576, 0.9563807249069214, 0.2913679778575897, 0.020991001278162003], "cam_t_m2c": [-31.380861282348633, 36.722137451171875, 11.932332038879395], "obj_id": 3}]
}