{
  "0": [{"cam_R_m2c": [-0.7991626858711243, 0.12781448662281036, -0.5873690247535706, -0.5121496319770813, 0.3667939603328705, 0.7766368985176086, 0.3147088587284088, 0.921480119228363, -0.22766785323619843], "cam_t_m2c": [70.33341979980469, 46.67747116088867, 1040.4967041015625], "obj_id": 3}, {"cam_R_m2c": [-0.40160971879959106, 0.25314095616340637, -0.8801300525665283, 0.8948068022727966, -0.09618008136749268, -0.4359700679779053, -0.19501300156116486, -0.9626363515853882, -0.18788523972034454], "cam_t_m2c": [320.8022155761719, 83.71222686767578, 881.17822265625], "obj_id": 3}, {"cam_R_m2c": [-0.6304483413696289, -0.022221170365810394, 0.7759131193161011, -0.05938735231757164, -0.9952796697616577, -0.07675721496343613, 0.7739561796188354, -0.09447088092565536, 0.6261526346206665], "cam_t_m2c": [359.1617736816406, -102.00679779052734, 970.591796875], "obj_id": 3}, {"cam_R_m2c": [0.33554622530937195, 0.25732457637786865, -0.9061968326568604, 0.9190952181816101, -0.30037450790405273, 0.25502750277519226, -0.20657365024089813, -0.9184547066688538, -0.3372952938079834], "cam_t_m2c": [288.2371520996094, 133.34671020507812, 878.796875], "obj_id": 3}, {"cam_R_m2c": [0.6202149987220764, -0.3230007290840149, 0.7148452997207642, -0.7042751908302307, 0.17202024161815643, 0.6887708902359009, -0.3454413115978241, -0.9306338429450989, -0.12079185247421265], "cam_t_m2c": [213.9634552001953, 242.73883056640625, 939.7340698242188], "obj_id": 3}, {"cam_R_m2c": [0.3215000033378601, -0.42129984498023987, 0.8480235934257507, -0.9466155767440796, -0.16530781984329224, 0.27675238251686096, 0.023589318618178368, -0.8917283415794373, -0.4519554078578949], "cam_t_m2c": [162.39340209960938, 106.78996276855469, 1171.93505859375], "obj_id": 3}, {"cam_R_m2c": [-0.12467838823795319, -0.9254453182220459, -0.3577791452407837, -0.13552550971508026, 0.37309756875038147, -0.917840301990509, 0.9828976392745972, -0.0659467950463295, -0.17193856835365295], "cam_t_m2c": [124.80665588378906, -2.1284172534942627, 1205.111328125], "obj_id": 3}, {"cam_R_m2c": [0.19775231182575226, -0.0946187898516655, 0.9756746888160706, 0.3789101839065552, -0.9105860590934753, -0.16510511934757233, 0.904058039188385, 0.4023430049419403, -0.144218310713768], "cam_t_m2c": [51.32590103149414, 37.326358795166016, 1077.6180419921875], "obj_id": 3}, {"cam_R_m2c": [0.48680728673934937, -0.8385668396949768, -0.24459005892276764, 0.8721545934677124, 0.48219791054725647, 0.0826527401804924, 0.048630960285663605, -0.2535563111305237, 0.9660974144935608], "cam_t_m2c": [315.9881591796875, 97.69488525390625, 807.3755493164062], "obj_id": 3}, {"cam_R_m2c": [0.35254335403442383, 0.9357954263687134, 0.00032574465149082243, 0.8315756320953369, -0.3131207823753357, -0.4587344527244568, -0.4291796088218689, 0.16199465095996857, -0.8885732889175415], "cam_t_m2c": [316.6020812988281, 61.72740936279297, 947.8154296875], "obj_id": 3}, {"cam_R_m2c": [0.9780197143554688, -0.10753467679023743, 0.17864421010017395, -0.20336230099201202, -0.30268633365631104, 0.9311416149139404, -0.0460568442940712, -0.9470043182373047, -0.31790170073509216], "cam_t_m2c": [355.2503967285156, -83.39581298828125, 1190.94873046875], "obj_id": 3}, {"cam_R_m2c": [-0.23612786829471588, -0.9583754539489746, 0.16049925982952118, -0.5675497055053711, 0.0019505954114720225, -0.8233367800712585, 0.7887527346611023, -0.2855041027069092, -0.5443863272666931], "cam_t_m2c": [190.09024047851562, 53.95044708251953, 1161.0670166015625], "obj_id": 3}, {"cam_R_m2c": [-0.7202091813087463, -0.6750156283378601, -0.16016431152820587, 0.665356457233429, -0.6066868901252747, -0.4350077509880066, 0.19646742939949036, -0.4198629558086395, 0.8860675096511841], "cam_t_m2c": [18.581375122070312, -9.70252513885498, 1201.121826171875], "obj_id": 3}, {"cam_R_m2c": [0.6220619082450867, -0.3179658055305481, 0.7154974937438965, 0.261874794960022, -0.7767056226730347, -0.572843611240387, 0.7378756999969482, 0.5437149405479431, -0.39989173412323], "cam_t_m2c": [-39.91878128051758, 1.9752671718597412, 1150.3153076171875], "obj_id": 3}, {"cam_R_m2c": [-0.7774407267570496, 0.5650128722190857, -0.2763085663318634, -0.528623640537262, -0.8250308632850647, -0.19970262050628662, -0.34079763293266296, -0.00919369887560606, 0.9400917291641235], "cam_t_m2c": [280.63958740234375, -24.2467098236084, 1190.1558837890625], "obj_id": 3}, {"cam_R_m2c": [-0.0820489451289177, 0.7484394907951355, -0.658108115196228, 0.9675582647323608, -0.09850412607192993, -0.23265403509140015, -0.2389538288116455, -0.6558470129966736, -0.716076672077179], "cam_t_m2c": [302.5082092285156, 134.56988525390625, 1187.626708984375], "obj_id": 3}, {"cam_R_m2c": [-0.6375091671943665, -0.7385541200637817, -0.21936249732971191, 0.7610407471656799, -0.64801025390625, -0.029994992539286613, -0.11999622732400894, -0.1860658824443817, 0.9751822352409363], "cam_t_m2c": [266.6044616699219, -79.2098388671875, 864.8363037109375], "obj_id": 3}, {"cam_R_m2c": [0.8534952998161316, 0.4390951097011566, 0.2806086540222168, 0.37452641129493713, -0.142478808760643, -0.9162039160728455, -0.36231985688209534, 0.8870711326599121, -0.286057710647583], "cam_t_m2c": [101.2054214477539, -52.540130615234375, 1140.6842041015625], "obj_id": 3}, {"cam_R_m2c": [-0.2192469984292984, 0.7897122502326965, -0.5729617476463318, -0.3668281137943268, -0.6108836531639099, -0.7016111612319946, -0.9040839672088623, 0.056352317333221436, 0.42362314462661743], "cam_t_m2c": [383.73455810546875, -35.30521774291992, 838.2516479492188], "obj_id": 3}, {"cam_R_m2c": [0.9698364734649658, 0.2051382213830948, 0.13166452944278717, 0.06192290782928467, -0.7297683954238892, 0.6808843016624451, 0.23576003313064575, -0.6521933674812317, -0.7204587459564209], "cam_t_m2c": [153.12828063964844, -189.14633178710938, 879.2977905273438], "obj_id": 3}, {"cam_R_m2c": [0.7415800094604492, -0.1676914244890213, 0.6495680212974548, 0.11455364525318146, -0.9223824143409729, -0.3689010441303253, 0.6610116958618164, 0.3479800224304199, -0.6648107171058655], "cam_t_m2c": [222.45970153808594, 198.5744171142578, 802.1442260742188], "obj_id": 3}, {"cam_R_m2c": [0.8100548982620239, -0.4437378942966461, -0.38328540325164795, -0.4773685932159424, -0.8786634206771851, 0.008352753706276417, -0.3404853045940399, 0.17620223760604858, -0.923592209815979], "cam_t_m2c": [226.98275756835938, -169.38934326171875, 1014.6126708984375], "obj_id": 3}, {"cam_R_m2c": [0.24539661407470703, -0.6943000555038452, -0.6765557527542114, 0.731655478477478, -0.3251950144767761, 0.5991061329841614, -0.6359721422195435, -0.6420243978500366, 0.42818689346313477], "cam_t_m2c": [107.44551086425781, -25.911212921142578, 1229.060302734375], "obj_id": 3}, {"cam_R_m2c": [0.6221733093261719, 0.7785879969596863, -0.08185984939336777, -0.24820050597190857, 0.09700118005275726, -0.9638398289680481, -0.7424936890602112, 0.6199930906295776, 0.2535974979400635], "cam_t_m2c": [109.8487319946289, 65.36908721923828, 1213.6422119140625], "obj_id": 3}, {"cam_R_m2c": [0.6033492684364319, 0.3715032935142517, -0.7056590914726257, -0.7403359413146973, -0.06798525154590607, -0.6687901616096497, -0.29643234610557556, 0.9259389042854309, 0.23401853442192078], "cam_t_m2c": [83.43075561523438, -29.214672088623047, 1169.6644287109375], "obj_id": 3}, {"cam_R_m2c": [0.6068617701530457, -0.18328961730003357, -0.7733845710754395, -0.5800247192382812, -0.7673963904380798, -0.2732650637626648, -0.5434059500694275, 0.6144163012504578, -0.5720160007476807], "cam_t_m2c": [111.51700592041016, 88.04279327392578, 820.7735595703125], "obj_id": 3}, {"cam_R_m2c": [0.692799985408783, -0.1626129150390625, -0.7025561928749084, 0.46071797609329224, -0.6496796607971191, 0.6046943068504333, -0.5547676086425781, -0.7426124811172485, -0.37517938017845154], "cam_t_m2c": [164.5393524169922, -129.47804260253906, 1037.0740966796875], "obj_id": 3}, {"cam_R_m2c": [0.9648992419242859, -0.24718047678470612, 0.08871984481811523, -0.2623864412307739, -0.9216154217720032, 0.2859691083431244, 0.011079591698944569, -0.2992102801799774, -0.9541228413581848], "cam_t_m2c": [364.8423767089844, -167.91635131835938, 889.9628295898438], "obj_id": 3}, {"cam_R_m2c": [-0.4416518211364746, -0.349698007106781, -0.826229453086853, 0.6629591584205627, -0.747694730758667, -0.03791892156004906, -0.6045072078704834, -0.5645033121109009, 0.5620561838150024], "cam_t_m2c": [355.64349365234375, -122.62614440917969, 1235.4932861328125], "obj_id": 1}, {"cam_R_m2c": [-0.0036462503485381603, 0.1970360279083252, 0.9803893566131592, -0.8138144016265869, -0.5703094601631165, 0.11159247159957886, 0.5811132192611694, -0.7974481582641602, 0.16243043541908264], "cam_t_m2c": [194.2593994140625, 161.1853485107422, 941.4783325195312], "obj_id": 1}, {"cam_R_m2c": [0.4433881640434265, -0.044514406472444534, -0.8952236771583557, 0.10065779089927673, 0.9949210286140442, 0.00038220008718781173, 0.8906598091125488, -0.0902806967496872, 0.4456169307231903], "cam_t_m2c": [45.38410186767578, -20.454660415649414, 1077.4990234375], "obj_id": 1}, {"cam_R_m2c": [0.04575081542134285, 0.9787330031394958, -0.19997099041938782, -0.24853968620300293, -0.18273340165615082, -0.9512288570404053, -0.9675405621528625, 0.09322013705968857, 0.23489393293857574], "cam_t_m2c": [167.8286895751953, 157.19789123535156, 826.2724609375], "obj_id": 1}, {"cam_R_m2c": [-0.71821129322052, 0.043185751885175705, -0.6944834589958191, -0.6841790676116943, -0.22566784918308258, 0.693522036075592, -0.12677237391471863, 0.9732465744018555, 0.19162413477897644], "cam_t_m2c": [301.0578308105469, -139.38523864746094, 1246.8406982421875], "obj_id": 1}, {"cam_R_m2c": [0.022508449852466583, 0.2572583258152008, 0.966080367565155, -0.8776053190231323, 0.46793127059936523, -0.10415878891944885, -0.47885483503341675, -0.845492959022522, 0.23630379140377045], "cam_t_m2c": [232.55352783203125, -273.0592041015625, 1016.4006958007812], "obj_id": 1}, {"cam_R_m2c": [-0.601479709148407, -0.7904833555221558, -0.11557735502719879, 0.7974639534950256, -0.6027252674102783, -0.027809176594018936, -0.04767870903015137, -0.1088954359292984, 0.9929091334342957], "cam_t_m2c": [192.97889709472656, -162.19100952148438, 1249.0135498046875], "obj_id": 1}, {"cam_R_m2c": [-0.07972490787506104, -0.6620515584945679, 0.7452057003974915, 0.9714228510856628, 0.11606629937887192, 0.20704147219657898, -0.22356535494327545, 0.7404162883758545, 0.6338787078857422], "cam_t_m2c": [330.2144470214844, 73.80323028564453, 951.0697021484375], "obj_id": 1}, {"cam_R_m2c": [0.5390290021896362, 0.07183495908975601, 0.8392183780670166, 0.5669128894805908, 0.7059482932090759, -0.42455488443374634, -0.6229426264762878, 0.70461106300354, 0.33980241417884827], "cam_t_m2c": [319.75775146484375, -52.712501525878906, 927.7471313476562], "obj_id": 1}, {"cam_R_m2c": [0.9588409066200256, 0.10404447466135025, -0.26419466733932495, -0.28258177638053894, 0.25863462686538696, -0.9237183928489685, -0.027777910232543945, 0.9603555798530579, 0.2773905396461487], "cam_t_m2c": [337.75762939453125, -150.6339111328125, 1217.2470703125], "obj_id": 1}, {"cam_R_m2c": [0.5112833976745605, 0.7400797009468079, -0.436888188123703, 0.6902961134910583, -0.050829075276851654, 0.7217392325401306, 0.5119379162788391, -0.6705955266952515, -0.5368621945381165], "cam_t_m2c": [57.689979553222656, 60.927852630615234, 992.4332885742188], "obj_id": 1}, {"cam_R_m2c": [-0.11579129844903946, -0.9264650940895081, -0.35812658071517944, -0.7947442531585693, 0.30268657207489014, -0.5260820388793945, 0.5957967638969421, 0.2237033098936081, -0.7713512778282166], "cam_t_m2c": [275.0538330078125, 137.85800170898438, 1119.3753662109375], "obj_id": 1}, {"cam_R_m2c": [-0.7422881126403809, 0.6700457334518433, 0.006853011436760426, -0.618741512298584, -0.6893067359924316, 0.37684881687164307, 0.2572297751903534, 0.2754901647567749, 0.9262494444847107], "cam_t_m2c": [231.9297332763672, -236.2208709716797, 1251.2723388671875], "obj_id": 1}, {"cam_R_m2c": [-0.41194412112236023, -0.12875783443450928, 0.902066171169281, -0.02348303236067295, -0.9881371855735779, -0.15176725387573242, 0.9109064340591431, -0.08370288461446762, 0.4040337800979614], "cam_t_m2c": [372.2875671386719, -99.6450424194336, 847.7503662109375], "obj_id": 1}, {"cam_R_m2c": [0.8661016225814819, -0.11654551327228546, 0.48609161376953125, -0.46951454877853394, -0.5233736634254456, 0.7110808491706848, 0.17153429985046387, -0.8440954089164734, -0.5080146193504333], "cam_t_m2c": [151.30899047851562, 129.59939575195312, 1196.1097412109375], "obj_id": 1}, {"cam_R_m2c": [0.2706817090511322, 0.15289267897605896, 0.9504499435424805, 0.11920569092035294, -0.9850318431854248, 0.12450669705867767, 0.9552597999572754, 0.07959738373756409, -0.2848556339740753], "cam_t_m2c": [203.32608032226562, 156.12326049804688, 1069.1400146484375], "obj_id": 1}, {"cam_R_m2c": [0.3188307285308838, -0.8889797329902649, -0.3287278711795807, -0.8330108523368835, -0.09736691415309906, -0.5446216464042664, 0.4521503746509552, 0.44747599959373474, -0.7715733051300049], "cam_t_m2c": [83.17784118652344, -44.02534484863281, 1122.0352783203125], "obj_id": 1}, {"cam_R_m2c": [-0.5785496234893799, -0.8156270980834961, 0.0057133035734295845, 0.813159167766571, -0.577317476272583, -0.07400395721197128, 0.06365802139043808, -0.03816914185881615, 0.9972415566444397], "cam_t_m2c": [223.66331481933594, 39.160438537597656, 1213.7734375], "obj_id": 1}, {"cam_R_m2c": [0.6543116569519043, 0.5247438549995422, 0.5445365309715271, -0.5042771697044373, 0.8393623232841492, -0.2029172033071518, -0.5635430216789246, -0.14182625710964203, 0.8138209581375122], "cam_t_m2c": [156.9169464111328, 108.61654663085938, 1109.8935546875], "obj_id": 1}, {"cam_R_m2c": [-0.8226199150085449, 0.17212334275245667, -0.5419132709503174, 0.5619891881942749, 0.10130969434976578, -0.8209168910980225, -0.08639789372682571, -0.9798519611358643, -0.18007080256938934], "cam_t_m2c": [349.59075927734375, 73.8683090209961, 813.1668090820312], "obj_id": 1}, {"cam_R_m2c": [0.11560914665460587, -0.7333872318267822, 0.6699085831642151, -0.19507867097854614, 0.6445321440696716, 0.7392716407775879, -0.9739500284194946, -0.2161513864994049, -0.06855437904596329], "cam_t_m2c": [321.4592590332031, -133.7557830810547, 980.3106079101562], "obj_id": 1}, {"cam_R_m2c": [0.3967343270778656, -0.07696034759283066, -0.9147015810012817, 0.42809581756591797, 0.8969883322715759, 0.11020836979150772, 0.8119949698448181, -0.43530336022377014, 0.38881245255470276], "cam_t_m2c": [158.97430419921875, -51.74957275390625, 1007.2386474609375], "obj_id": 1}, {"cam_R_m2c": [0.9032065272331238, -0.2636167109012604, -0.33870959281921387, -0.15467743575572968, 0.536207377910614, -0.8297930359840393, 0.4003658890724182, 0.8018651604652405, 0.44353044033050537], "cam_t_m2c": [412.6625061035156, 0.3693699836730957, 949.8380737304688], "obj_id": 1}, {"cam_R_m2c": [0.677060604095459, -0.5355539321899414, -0.5047484636306763, -0.3491044044494629, -0.837516188621521, 0.42034846544265747, -0.647854208946228, -0.10839149355888367, -0.7540134191513062], "cam_t_m2c": [261.7220458984375, 94.7783432006836, 873.6062622070312], "obj_id": 1}, {"cam_R_m2c": [0.6585235595703125, -0.7124133110046387, -0.24251589179039001, 0.7403591871261597, 0.5554940700531006, 0.3785427510738373, -0.1349627524614334, -0.4288281798362732, 0.893247663974762], "cam_t_m2c": [456.42388916015625, 23.163076400756836, 974.8099365234375], "obj_id": 1}, {"cam_R_m2c": [0.14514994621276855, -0.6917022466659546, -0.7074457406997681, -0.9371563196182251, -0.3254085183143616, 0.12588614225387573, -0.31728458404541016, 0.644714891910553, -0.695466160774231], "cam_t_m2c": [407.77716064453125, -26.97462272644043, 971.018310546875], "obj_id": 1}, {"cam_R_m2c": [0.4503284990787506, -0.6396286487579346, 0.6229602694511414, -0.6041244864463806, 0.2954702079296112, 0.7400885820388794, -0.6574480533599854, -0.7096285223960876, -0.2533566653728485], "cam_t_m2c": [159.45071411132812, 42.69538116455078, 1156.4783935546875], "obj_id": 1}, {"cam_R_m2c": [-0.6148714423179626, 0.7676413059234619, -0.18071956932544708, 0.7597324848175049, 0.6380426287651062, 0.1253318339586258, 0.21151667833328247, -0.06023555248975754, -0.9755162596702576], "cam_t_m2c": [147.05789184570312, -173.17906188964844, 1053.64404296875], "obj_id": 1}, {"cam_R_m2c": [-0.10513687878847122, 0.9912005662918091, -0.0804208293557167, -0.9028933644294739, -0.12903857231140137, -0.4100395143032074, -0.4168088138103485, 0.029501130804419518, 0.9085153341293335], "cam_t_m2c": [76.54360961914062, -116.40093231201172, 964.71826171875], "obj_id": 1}, {"cam_R_m2c": [0.6943326592445374, 0.5147874355316162, 0.5028877258300781, -0.21313323080539703, 0.8145371079444885, -0.5395400524139404, -0.687369167804718, 0.2674381732940674, 0.6752780079841614], "cam_t_m2c": [303.4134521484375, -74.69750213623047, 999.800537109375], "obj_id": 1}, {"cam_R_m2c": [-0.28430601954460144, -0.22655674815177917, 0.9315804243087769, -0.6370728611946106, -0.6814854145050049, -0.36016079783439636, 0.716455340385437, -0.6958804726600647, 0.049417249858379364], "cam_t_m2c": [221.3388671875, -44.24819564819336, 855.4473876953125], "obj_id": 1}, {"cam_R_m2c": [0.3830051124095917, 0.9164139032363892, 0.11615783721208572, 0.9115129709243774, -0.3953298032283783, 0.11339455842971802, 0.14983701705932617, 0.062448687851428986, -0.9867364764213562], "cam_t_m2c": [177.96498107910156, 160.1544952392578, 1105.792724609375], "obj_id": 1}, {"cam_R_m2c": [0.048140816390514374, -0.26828667521476746, 0.962135374546051, 0.9977834224700928, 0.0572197400033474, -0.03396892547607422, -0.04593958705663681, 0.9616380929946899, 0.27044677734375], "cam_t_m2c": [311.83087158203125, 153.79159545898438, 1127.3446044921875], "obj_id": 1}, {"cam_R_m2c": [0.8031244874000549, -0.32027989625930786, 0.5024060010910034, 0.11108580231666565, -0.7479523420333862, -0.6543906927108765, 0.5853639841079712, 0.5813673734664917, -0.565120279788971], "cam_t_m2c": [94.28319549560547, -30.132022857666016, 1112.482666015625], "obj_id": 1}, {"cam_R_m2c": [-0.4798396825790405, -0.8689016103744507, -0.12150750309228897, -0.8762124180793762, 0.4816656708717346, 0.015812452882528305, 0.04478653520345688, 0.11405382305383682, -0.9924646615982056], "cam_t_m2c": [141.06312561035156, 21.553613662719727, 872.5302734375], "obj_id": 1}, {"cam_R_m2c": [0.1942606270313263, -0.7348740100860596, -0.6497867703437805, -0.06756623089313507, 0.6508087515830994, -0.7562292814254761, 0.978620171546936, 0.19080916047096252, 0.07677386701107025], "cam_t_m2c": [375.85211181640625, -120.66399383544922, 908.5909423828125], "obj_id": 1}, {"cam_R_m2c": [0.4083217680454254, -0.1480710506439209, -0.9007486701011658, -0.8892722129821777, -0.2872891426086426, -0.35589268803596497, -0.20607805252075195, 0.9463295340538025, -0.24898181855678558], "cam_t_m2c": [175.54563903808594, 38.87370681762695, 1196.6068115234375], "obj_id": 1}, {"cam_R_m2c": [0.23571908473968506, 0.5666331648826599, 0.7895336151123047, 0.5506888031959534, 0.591521680355072, -0.5889345407485962, -0.8007360696792603, 0.5736104249954224, -0.17260557413101196], "cam_t_m2c": [451.5235290527344, -41.213226318359375, 1015.7504272460938], "obj_id": 1}, {"cam_R_m2c": [0.6063406467437744, -0.7559913992881775, -0.24663345515727997, -0.7764102220535278, -0.6298487186431885, 0.021858863532543182, -0.17186686396598816, 0.17823481559753418, -0.9688622951507568], "cam_t_m2c": [336.7965087890625, 124.62859344482422, 830.1276245117188], "obj_id": 1}, {"cam_R_m2c": [0.5567691326141357, -0.6436566710472107, -0.5250849723815918, -0.2789291441440582, -0.740288257598877, 0.6116958856582642, -0.7824363708496094, -0.1941118985414505, -0.591704249382019], "cam_t_m2c": [331.05108642578125, -124.08929443359375, 893.6195068359375], "obj_id": 1}, {"cam_R_m2c": [-0.819217324256897, 0.3827071189880371, -0.42710450291633606, -0.5727742314338684, -0.5089980363845825, 0.6425345540046692, 0.028507210314273834, 0.7710099220275879, 0.6361847519874573], "cam_t_m2c": [159.50851440429688, -86.35014343261719, 1123.55908203125], "obj_id": 1}, {"cam_R_m2c": [0.9273077845573425, 0.07192672789096832, 0.36732378602027893, -0.36110222339630127, 0.4302074611186981, 0.8273612260818481, -0.09851600974798203, -0.8998599648475647, 0.4249076545238495], "cam_t_m2c": [236.65585327148438, -11.802844047546387, 995.6072387695312], "obj_id": 1}, {"cam_R_m2c": [0.604790985584259, 0.38086119294166565, 0.6994088292121887, -0.4880114495754242, -0.516784131526947, 0.7034054398536682, 0.6293430924415588, -0.7667327523231506, -0.12668180465698242], "cam_t_m2c": [231.9018096923828, 111.93421936035156, 921.44580078125], "obj_id": 1}, {"cam_R_m2c": [0.9811809659004211, -0.061582643538713455, 0.1830066591501236, 0.04903239756822586, 0.9961745738983154, 0.07233292609453201, -0.1867610365152359, -0.06199843809008598, 0.9804471135139465], "cam_t_m2c": [173.2707061767578, -45.839054107666016, 1159.3521728515625], "obj_id": 1}, {"cam_R_m2c": [-0.6656148433685303, 0.298351526260376, 0.684063732624054, -0.5604470372200012, 0.4054386615753174, -0.7221624255180359, -0.4928041398525238, -0.864063560962677, -0.10265573859214783], "cam_t_m2c": [235.54254150390625, -159.7370147705078, 1181.8912353515625], "obj_id": 1}, {"cam_R_m2c": [0.3555280566215515, 0.5923656821250916, -0.7229816913604736, 0.5083847641944885, -0.7716461420059204, -0.38223904371261597, -0.7843115329742432, -0.2316562384366989, -0.5754914283752441], "cam_t_m2c": [274.2395935058594, 62.782169342041016, 880.3892211914062], "obj_id": 1}, {"cam_R_m2c": [-0.5702927708625793, -0.7139009237289429, 0.4063391089439392, -0.5430707931518555, -0.04346644878387451, -0.8385610580444336, 0.6163116693496704, -0.6988962888717651, -0.36291003227233887], "cam_t_m2c": [407.6601257324219, -38.98442840576172, 995.9102172851562], "obj_id": 1}, {"cam_R_m2c": [0.5831663012504578, 0.5395364165306091, -0.6073034405708313, 0.11670234054327011, -0.7954733371734619, -0.5946450233459473, -0.8039263486862183, 0.27590319514274597, -0.5268584489822388], "cam_t_m2c": [159.01605224609375, -90.44950866699219, 1156.5555419921875], "obj_id": 1}, {"cam_R_m2c": [0.5439771413803101, 0.5859599113464355, -0.6006161570549011, -0.6198067665100098, 0.7630918622016907, 0.18311287462711334, 0.5656221508979797, 0.27265679836273193, 0.7782864570617676], "cam_t_m2c": [51.79426193237305, 24.999197006225586, 899.7765502929688], "obj_id": 1}, {"cam_R_m2c": [-0.9188556671142578, -0.1336067169904709, -0.37128597497940063, 0.38743337988853455, -0.12703783810138702, -0.9131027460098267, 0.07482928037643433, -0.9828583598136902, 0.16849325597286224], "cam_t_m2c": [316.55584716796875, 94.36695861816406, 838.1381225585938], "obj_id": 1}, {"cam_R_m2c": [-0.3616742193698883, -0.7999948263168335, -0.4787481129169464, 0.8737279772758484, -0.11169805377721786, -0.4734160304069519, 0.3252551257610321, -0.589518129825592, 0.7393763661384583], "cam_t_m2c": [336.10797119140625, 138.6575927734375, 877.3746948242188], "obj_id": 1}, {"cam_R_m2c": [0.002898740116506815, 0.827042281627655, 0.5621321201324463, 0.028349973261356354, 0.5618406534194946, -0.8267595171928406, -0.9995937943458557, 0.01833292283117771, -0.02181796170771122], "cam_t_m2c": [131.35116577148438, 98.84121704101562, 806.2617797851562], "obj_id": 1}, {"cam_R_m2c": [-0.5285809636116028, -0.8345064520835876, 0.15556691586971283, 0.14007000625133514, 0.09500731527805328, 0.9855729341506958, -0.8372469544410706, 0.5427453517913818, 0.06667030602693558], "cam_t_m2c": [226.10569763183594, 113.7714614868164, 926.4393310546875], "obj_id": 1}, {"cam_R_m2c": [0.9177053570747375, 0.29682084918022156, -0.26403459906578064, -0.358644962310791, 0.904870331287384, -0.22931087017059326, 0.17085283994674683, 0.30513450503349304, 0.9368576407432556], "cam_t_m2c": [246.47450256347656, 106.70268249511719, 1044.14794921875], "obj_id": 1}, {"cam_R_m2c": [0.758212685585022, -0.33423519134521484, 0.5598217248916626, -0.44040781259536743, 0.3705958127975464, 0.8177406191825867, -0.4807852804660797, -0.8665711879730225, 0.13379067182540894], "cam_t_m2c": [92.29698944091797, 67.85334777832031, 1209.2862548828125], "obj_id": 3}, {"cam_R_m2c": [0.10936327278614044, 0.7569074034690857, 0.6443064212799072, 0.7738092541694641, -0.47168242931365967, 0.4227703809738159, 0.6239060759544373, 0.45233479142189026, -0.6372866630554199], "cam_t_m2c": [366.2985534667969, 1.7701033353805542, 1181.49853515625], "obj_id": 1}, {"cam_R_m2c": [-0.8688704967498779, 0.006674414966255426, -0.4949943721294403, -0.04869595170021057, 0.9939073324203491, 0.09887834638357162, 0.492638498544693, 0.11001670360565186, -0.8632517457008362], "cam_t_m2c": [72.15689086914062, -39.71830749511719, 849.7122802734375], "obj_id": 1}, {"cam_R_m2c": [0.6173917055130005, -0.12767598032951355, 0.7762256860733032, 0.6460763216018677, -0.48064282536506653, -0.5929315090179443, 0.44879046082496643, 0.8675720691680908, -0.2142564356327057], "cam_t_m2c": [181.4632110595703, -204.3429718017578, 1104.44091796875], "obj_id": 1}, {"cam_R_m2c": [-0.4883957803249359, 0.3497980833053589, -0.7994440197944641, -0.8615302443504333, -0.04768195375800133, 0.5054621696472168, 0.13869062066078186, 0.935610830783844, 0.3246493935585022], "cam_t_m2c": [78.69971466064453, -1.9956194162368774, 837.1815795898438], "obj_id": 1}, {"cam_R_m2c": [0.5075126886367798, 0.3078809678554535, 0.8047608733177185, -0.8231407999992371, -0.10283858329057693, 0.5584471225738525, 0.2546958327293396, -0.9458505511283875, 0.20123758912086487], "cam_t_m2c": [191.37315368652344, 45.61592483520508, 1222.427490234375], "obj_id": 3}, {"cam_R_m2c": [-0.780747652053833, 0.3991357088088989, 0.4807531535625458, -0.553173840045929, -0.7993060946464539, -0.2347515970468521, 0.2905712425708771, -0.4492218494415283, 0.8448479771614075], "cam_t_m2c": [114.7701416015625, -114.76335906982422, 983.389404296875], "obj_id": 1}, {"cam_R_m2c": [-0.9450147151947021, 0.32654234766960144, 0.017807401716709137, 0.28969353437423706, 0.8106228709220886, 0.5088891983032227, 0.15173879265785217, 0.4860665202140808, -0.8606476783752441], "cam_t_m2c": [261.91259765625, -264.1628112792969, 1047.8846435546875], "obj_id": 1}, {"cam_R_m2c": [-0.2312437891960144, -0.7223147749900818, 0.6517572402954102, 0.7328888177871704, -0.5699133276939392, -0.3715813159942627, 0.6398438811302185, 0.39173972606658936, 0.6611654758453369], "cam_t_m2c": [188.4833221435547, 171.33909606933594, 1198.4078369140625], "obj_id": 1}, {"cam_R_m2c": [-0.22941701114177704, -0.35915932059288025, -0.9046393632888794, 0.03259599208831787, 0.9260725378990173, -0.37593507766723633, 0.9727822542190552, -0.11573351919651031, -0.20074963569641113], "cam_t_m2c": [463.8445129394531, -0.22804364562034607, 964.8712158203125], "obj_id": 3}, {"cam_R_m2c": [-0.9544717073440552, -0.18387161195278168, 0.2348932921886444, 0.29608094692230225, -0.6798484325408936, 0.6709262132644653, 0.03632757067680359, 0.7099275588989258, 0.7033371329307556], "cam_t_m2c": [290.40557861328125, -92.31004333496094, 884.5355224609375], "obj_id": 1}, {"cam_R_m2c": [0.5557034611701965, 0.5754336714744568, -0.6000581383705139, -0.0346500426530838, 0.7371642589569092, 0.6748245358467102, 0.8306581974029541, -0.3542102873325348, 0.4295835494995117], "cam_t_m2c": [265.9418029785156, 254.04441833496094, 1171.188232421875], "obj_id": 1}, {"cam_R_m2c": [0.7894285321235657, 0.00388906616717577, 0.6138301491737366, -0.38005587458610535, -0.7821661829948425, 0.4937340021133423, 0.48203742504119873, -0.62305748462677, -0.6159862279891968], "cam_t_m2c": [300.1062927246094, 68.0321044921875, 1150.196044921875], "obj_id": 3}, {"cam_R_m2c": [-0.7910679578781128, -0.6059212684631348, 0.0840885266661644, -0.46388334035873413, 0.6837937831878662, 0.5632391571998596, -0.3987777829170227, 0.40655317902565, -0.8220041394233704], "cam_t_m2c": [85.17359924316406, -96.71273040771484, 865.4981689453125], "obj_id": 1}, {"cam_R_m2c": [-0.5058273673057556, 0.4355667233467102, -0.7445938587188721, -0.8334599733352661, -0.02418384701013565, 0.5520502328872681, 0.22244751453399658, 0.8998314142227173, 0.37526044249534607], "cam_t_m2c": [189.35865783691406, -142.3754119873047, 923.0408325195312], "obj_id": 3}, {"cam_R_m2c": [0.1494286060333252, -0.9842118620872498, -0.09485764801502228, -0.3303672969341278, 0.04072495549917221, -0.9429733753204346, 0.931948721408844, 0.17224502563476562, -0.3190659284591675], "cam_t_m2c": [93.1355972290039, 2.982254981994629, 1195.0262451171875], "obj_id": 3}, {"cam_R_m2c": [-0.9961284399032593, 0.08706478029489517, -0.01215872447937727, 0.04141348600387573, 0.5867578983306885, 0.8087027072906494, 0.07754375785589218, 0.8050682544708252, -0.5880918502807617], "cam_t_m2c": [202.23257446289062, 15.083569526672363, 1074.82177734375], "obj_id": 3}, {"cam_R_m2c": [0.10210375487804413, 0.4988504946231842, -0.8606526851654053, 0.9012104272842407, 0.3199242651462555, 0.2923494577407837, 0.4211823344230652, -0.8054791688919067, -0.4169037938117981], "cam_t_m2c": [84.93984985351562, 66.8620834350586, 1204.159912109375], "obj_id": 3}, {"cam_R_m2c": [0.24671576917171478, 0.8816032409667969, 0.40237686038017273, 0.02822897769510746, -0.421573668718338, 0.9063546657562256, 0.9686766862869263, -0.21225331723690033, -0.12889564037322998], "cam_t_m2c": [204.10931396484375, 109.92500305175781, 947.2293701171875], "obj_id": 1}, {"cam_R_m2c": [-0.8667817115783691, -0.4872779846191406, -0.10606347769498825, 0.490884929895401, -0.7962227463722229, -0.35363996028900146, 0.08787079900503159, -0.3585936427116394, 0.929348886013031], "cam_t_m2c": [324.9085693359375, 150.06614685058594, 1181.4403076171875], "obj_id": 3}, {"cam_R_m2c": [0.2850600779056549, 0.8427961468696594, 0.45654720067977905, -0.14387652277946472, -0.43328967690467834, 0.8896963000297546, 0.9476498365402222, -0.3193033039569855, -0.0022549538407474756], "cam_t_m2c": [305.2062683105469, -105.6043472290039, 1073.9378662109375], "obj_id": 3}, {"cam_R_m2c": [-0.6970522403717041, -0.2676810622215271, -0.6651802062988281, 0.019277965649962425, 0.920369029045105, -0.39057549834251404, 0.7167609333992004, -0.285074919462204, -0.6363849639892578], "cam_t_m2c": [311.1138000488281, 154.0262908935547, 1063.7664794921875], "obj_id": 3}, {"cam_R_m2c": [-0.4438805878162384, 0.11409761011600494, 0.8887923359870911, 0.7938610315322876, -0.4099903404712677, 0.4491020143032074, 0.41563770174980164, 0.9049252271652222, 0.09140906482934952], "cam_t_m2c": [97.23594665527344, 44.25202178955078, 891.9136962890625], "obj_id": 1}, {"cam_R_m2c": [-0.6619663238525391, 0.7200287580490112, 0.2082284390926361, -0.22052641212940216, -0.45261016488075256, 0.8640092611312866, 0.7163578867912292, 0.5260252356529236, 0.45839813351631165], "cam_t_m2c": [224.79270935058594, 217.06326293945312, 860.0879516601562], "obj_id": 3}, {"cam_R_m2c": [0.7704225778579712, 0.14450767636299133, -0.6209401488304138, -0.5743982791900635, 0.5799252986907959, -0.5777138471603394, 0.27661481499671936, 0.8017507195472717, 0.5297924876213074], "cam_t_m2c": [131.79649353027344, -9.065465927124023, 1121.0635986328125], "obj_id": 3}, {"cam_R_m2c": [0.7355163097381592, 0.4741411805152893, 0.483948290348053, 0.27864858508110046, -0.8628000020980835, 0.42181870341300964, 0.6175522208213806, -0.17540301382541656, -0.7667222023010254], "cam_t_m2c": [312.20977783203125, -85.9780502319336, 1011.4283447265625], "obj_id": 1}, {"cam_R_m2c": [0.09829587489366531, 0.8319448232650757, -0.546082079410553, -0.8585245013237, 0.3483964502811432, 0.37623870372772217, 0.5032629370689392, 0.431842178106308, 0.7484909892082214], "cam_t_m2c": [231.78228759765625, 182.54653930664062, 988.416748046875], "obj_id": 1}, {"cam_R_m2c": [0.9923778176307678, -0.11959443241357803, 0.029723241925239563, -0.09150321036577225, -0.8766670227050781, -0.4723155200481415, 0.08254370093345642, 0.4659956693649292, -0.8809281587600708], "cam_t_m2c": [149.7171173095703, 147.00108337402344, 856.2800903320312], "obj_id": 1}, {"cam_R_m2c": [-0.5260702967643738, 0.4887924790382385, -0.6959396004676819, 0.31968751549720764, 0.871968686580658, 0.370770126581192, 0.7880671620368958, -0.027432052418589592, -0.6149776577949524], "cam_t_m2c": [259.8069152832031, -156.64060974121094, 1229.543212890625], "obj_id": 1}, {"cam_R_m2c": [-0.37924566864967346, -0.3439559042453766, -0.858991801738739, 0.09982728213071823, 0.90771484375, -0.4075393080711365, 0.9198951721191406, -0.24030835926532745, -0.30991074442863464], "cam_t_m2c": [213.8270721435547, 203.50308227539062, 801.9722900390625], "obj_id": 1}, {"cam_R_m2c": [0.5994200706481934, -0.02446807362139225, -0.800060510635376, 0.32084202766418457, -0.908377468585968, 0.268161416053772, -0.7333184480667114, -0.4174343943595886, -0.536649227142334], "cam_t_m2c": [152.22021484375, -26.7987060546875, 1171.4942626953125], "obj_id": 3}, {"cam_R_m2c": [-0.5905938148498535, 0.6440678238868713, 0.48618465662002563, 0.6506933569908142, 0.0237495768815279, 0.7589691281318665, 0.47728094458580017, 0.764599621295929, -0.43311700224876404], "cam_t_m2c": [87.6517562866211, 15.852447509765625, 1043.429931640625], "obj_id": 3}, {"cam_R_m2c": [-0.646284282207489, -0.3604963719844818, -0.6725763082504272, 0.32887935638427734, 0.6637375354766846, -0.6717818379402161, 0.6885890960693359, -0.6553585529327393, -0.31040334701538086], "cam_t_m2c": [235.8114776611328, -96.76512908935547, 972.0518798828125], "obj_id": 3}, {"cam_R_m2c": [0.6688449382781982, -0.1531161516904831, 0.7274625897407532, 0.7433425188064575, 0.1501132845878601, -0.6518494486808777, -0.0093930559232831, 0.9767401218414307, 0.2142203003168106], "cam_t_m2c": [176.27581787109375, -208.5895233154297, 1030.4305419921875], "obj_id": 1}, {"cam_R_m2c": [-0.6511169672012329, -0.28029534220695496, 0.7053233981132507, -0.7212555408477783, 0.5178397297859192, -0.4600353240966797, -0.23629869520664215, -0.8082552552223206, -0.5393387675285339], "cam_t_m2c": [210.75169372558594, 77.87992858886719, 1046.04248046875], "obj_id": 3}, {"cam_R_m2c": [0.9326807260513306, -0.10605140030384064, 0.3447605073451996, -0.3311775326728821, 0.12695838510990143, 0.9349882006645203, -0.14292703568935394, -0.9862223863601685, 0.08328979462385178], "cam_t_m2c": [308.7013854980469, -129.5814666748047, 960.2620849609375], "obj_id": 1}, {"cam_R_m2c": [-0.8924504518508911, 0.2694714367389679, -0.3618246018886566, -0.45066577196121216, -0.5694600343704224, 0.6874702572822571, -0.020791087299585342, 0.7765952348709106, 0.6296566724777222], "cam_t_m2c": [255.973876953125, -118.08515930175781, 868.202392578125], "obj_id": 1}, {"cam_R_m2c": [-0.864189624786377, -0.4745614528656006, -0.16723500192165375, -0.1001867726445198, -0.16342122852802277, 0.9814560413360596, -0.49309101700782776, 0.8649189472198486, 0.09368224442005157], "cam_t_m2c": [313.7169189453125, 47.20588684082031, 1075.373046875], "obj_id": 3}, {"cam_R_m2c": [-0.7762918472290039, 0.2255690097808838, 0.5886335372924805, -0.16653352975845337, 0.8272249698638916, -0.5366241335868835, -0.607978105545044, -0.5146042108535767, -0.6046031713485718], "cam_t_m2c": [25.385602951049805, 94.09394073486328, 1180.2674560546875], "obj_id": 3}, {"cam_R_m2c": [0.9623820781707764, -0.16080446541309357, -0.2190038412809372, -0.2619195580482483, -0.7633995413780212, -0.5904400944709778, -0.07224202156066895, 0.6255903244018555, -0.7767998576164246], "cam_t_m2c": [209.09341430664062, 263.2274475097656, 1171.3956298828125], "obj_id": 3}, {"cam_R_m2c": [-0.6149232387542725, -0.7189421653747559, 0.32402345538139343, 0.6874944567680359, -0.6900238990783691, -0.22631385922431946, 0.386290580034256, 0.08359866589307785, 0.9185808897018433], "cam_t_m2c": [346.72857666015625, -82.60289001464844, 866.931396484375], "obj_id": 1}, {"cam_R_m2c": [0.9007172584533691, 0.3052769899368286, -0.3090539574623108, -0.2612784206867218, -0.18766064941883087, -0.9468458294868469, -0.3470475375652313, 0.933589518070221, -0.08926689624786377], "cam_t_m2c": [352.4021301269531, 134.6217803955078, 1148.2890625], "obj_id": 1}, {"cam_R_m2c": [-0.5381174087524414, 0.15110184252262115, 0.8292152285575867, -0.3068796396255493, 0.8811526894569397, -0.35971492528915405, -0.785018801689148, -0.44803813099861145, -0.4277935326099396], "cam_t_m2c": [372.81121826171875, 150.38577270507812, 1148.1307373046875], "obj_id": 3}, {"cam_R_m2c": [0.6930450797080994, 0.06563901901245117, 0.717899739742279, -0.4529055655002594, -0.7351306080818176, 0.5044398307800293, 0.5608609914779663, -0.6747403144836426, -0.4797503650188446], "cam_t_m2c": [137.03573608398438, 47.87538528442383, 1079.205810546875], "obj_id": 3}, {"cam_R_m2c": [0.26090073585510254, 0.8381891250610352, -0.478925496339798, -0.3954367935657501, 0.5453687906265259, 0.7390551567077637, 0.8806590437889099, -0.0034352063667029142, 0.47373801469802856], "cam_t_m2c": [216.01187133789062, -201.20480346679688, 1261.478271484375], "obj_id": 3}, {"cam_R_m2c": [-0.5052713751792908, -0.17206357419490814, -0.8456328511238098, 0.8493877053260803, 0.07395287603139877, -0.5225623846054077, 0.15245091915130615, -0.9823060035705566, 0.10878244787454605], "cam_t_m2c": [116.69720458984375, -24.390085220336914, 1227.06982421875], "obj_id": 3}, {"cam_R_m2c": [0.3657817542552948, -0.5254166126251221, 0.7682064175605774, 0.8436518907546997, 0.5357293486595154, -0.03529179468750954, -0.3930078446865082, 0.6610078811645508, 0.6392287611961365], "cam_t_m2c": [411.9243469238281, -65.78239440917969, 940.7627563476562], "obj_id": 3}, {"cam_R_m2c": [0.4183180332183838, 0.8510330319404602, 0.3174157738685608, -0.8411345481872559, 0.4948447346687317, -0.21822313964366913, -0.34278663992881775, -0.17570269107818604, 0.9228357672691345], "cam_t_m2c": [253.8076629638672, -66.69596862792969, 1100.547607421875], "obj_id": 3}, {"cam_R_m2c": [-0.4868749976158142, -0.8350828289985657, 0.25610437989234924, -0.8586745858192444, 0.4038512706756592, -0.31556636095046997, 0.1600959450006485, -0.37355169653892517, -0.9136894941329956], "cam_t_m2c": [298.12158203125, -71.42951202392578, 842.3341064453125], "obj_id": 3}, {"cam_R_m2c": [-0.8845323324203491, -0.1872505098581314, 0.4272466003894806, 0.4591892659664154, -0.510797917842865, 0.7267947793006897, 0.08214399218559265, 0.8390605449676514, 0.5378007888793945], "cam_t_m2c": [371.8413391113281, -6.844048500061035, 1197.191650390625], "obj_id": 1}, {"cam_R_m2c": [0.34283411502838135, -0.33189114928245544, 0.8788133859634399, -0.9271203279495239, 0.031201358884572983, 0.3734624683856964, -0.15136899054050446, -0.9428014755249023, -0.29700613021850586], "cam_t_m2c": [407.7112121582031, 33.85660934448242, 854.6468505859375], "obj_id": 3}, {"cam_R_m2c": [0.9663993120193481, 0.08200832456350327, -0.24361231923103333, -0.18117108941078186, 0.8896247744560242, -0.41921931505203247, 0.18234406411647797, 0.44926878809928894, 0.874590277671814], "cam_t_m2c": [254.63632202148438, -90.48265075683594, 1032.205078125], "obj_id": 1}, {"cam_R_m2c": [0.5069343447685242, -0.6648780703544617, 0.548593282699585, -0.4042661190032959, 0.3787119388580322, 0.8325538635253906, -0.7613056898117065, -0.6438277959823608, -0.07680559158325195], "cam_t_m2c": [119.36128234863281, -39.76649856567383, 1208.857421875], "obj_id": 3}, {"cam_R_m2c": [-0.3905203342437744, 0.013084296137094498, -0.9205012321472168, 0.6683100461959839, -0.6836432218551636, -0.29324641823768616, -0.6331314444541931, -0.7296989560127258, 0.25823232531547546], "cam_t_m2c": [104.8292236328125, -89.68206787109375, 916.0136108398438], "obj_id": 3}, {"cam_R_m2c": [-0.04273749887943268, 0.7110645174980164, -0.7018266916275024, -0.6265443563461304, 0.5280951261520386, 0.573199450969696, 0.7782130241394043, 0.4642227292060852, 0.422944039106369], "cam_t_m2c": [138.33218383789062, -73.91986846923828, 890.0551147460938], "obj_id": 1}, {"cam_R_m2c": [-0.7073087096214294, 0.04731438681483269, 0.7053196430206299, -0.6621265411376953, -0.39380836486816406, -0.6375762224197388, 0.2475942224264145, -0.917974054813385, 0.3098721504211426], "cam_t_m2c": [126.54545593261719, 131.4093017578125, 822.85