{
  "0": [{"cam_R_m2c": [0.0901465192437172, -0.752872109413147, 0.6519640684127808, 0.7887715697288513, 0.45363983511924744, 0.4147894084453583, -0.6080402731895447, 0.4768589437007904, 0.6347382068634033], "cam_t_m2c": [-598.846923828125, 344.4427185058594, 825.2860717773438], "obj_id": 2}, {"cam_R_m2c": [0.6043321490287781, -0.6431424617767334, -0.47026631236076355, 0.6481423377990723, 0.05358721315860748, 0.759631335735321, -0.46335098147392273, -0.7638691067695618, 0.44923239946365356], "cam_t_m2c": [-195.8447265625, 346.1085205078125, 900.6939697265625], "obj_id": 2}, {"cam_R_m2c": [-0.17976662516593933, 0.9833958745002747, -0.024826116859912872, 0.7961596846580505, 0.1306241899728775, -0.5908189415931702, -0.5777660608291626, -0.125975102186203, -0.8064219951629639], "cam_t_m2c": [-428.5688781738281, 459.22821044921875, 940.3861694335938], "obj_id": 2}, {"cam_R_m2c": [0.8986348509788513, 0.3836881220340729, -0.21269424259662628, 0.020657913759350777, 0.4472835958003998, 0.8941535949707031, 0.43821075558662415, -0.8079113960266113, 0.39401841163635254], "cam_t_m2c": [13885.443359375, -1821.6390380859375, -21721.232421875], "obj_id": 0}],
  "1": [{"cam_R_m2c": [0.8112004399299622, -0.2572566568851471, 0.5251408219337463, -0.19010861217975616, 0.733231782913208, 0.6528628468513489, -0.5530032515525818, -0.6294364333152771, 0.5458912253379822], "cam_t_m2c": [-131.25051879882812, 310.22259521484375, 262.133056640625], "obj_id": 2}, {"cam_R_m2c": [0.9793423414230347, -0.13622131943702698, 0.1494399756193161, -0.20040377974510193, -0.5553221702575684, 0.8071280717849731, -0.026960713788866997, -0.8204030394554138, -0.5711498260498047], "cam_t_m2c": [94.21804809570312, 318.93292236328125, 604.4005126953125], "obj_id": 2}, {"cam_R_m2c": [0.6436935663223267, 0.7314546704292297, -0.22501704096794128, -0.12138890475034714, -0.192719504237175, -0.9737165570259094, -0.7555946707725525, 0.6540896892547607, -0.03526183217763901], "cam_t_m2c": [24.9381160736084, 439.0726623535156, 382.1629638671875], "obj_id": 2}, {"cam_R_m2c": [0.4389041066169739, 0.7934687733650208, 0.42162835597991943, 0.26585903763771057, -0.5629084706306458, 0.7825937271118164, 0.8583018779754639, -0.23138989508152008, -0.4580136835575104], "cam_t_m2c": [13458.6796875, -22584.009765625, 4005.63623046875], "obj_id": 0}]
}