{
  "0": [{"cam_R_m2c": [0.08266286551952362, 0.6542863845825195, 0.7517154216766357, 0.06166060268878937, 0.7494939565658569, -0.6591333746910095, -0.994668185710907, 0.10083706676959991, 0.02161162719130516], "cam_t_m2c": [-171.63418579101562, 232.25677490234375, 859.1575927734375], "obj_id": 2}, {"cam_R_m2c": [-0.9839120507240295, -0.03938960283994675, -0.17425751686096191, -0.17586880922317505, 0.38510817289352417, 0.9059590697288513, 0.031422629952430725, 0.9220304489135742, -0.3858400285243988], "cam_t_m2c": [-26.94841957092285, -37.197418212890625, 884.4259033203125], "obj_id": 3}, {"cam_R_m2c": [-0.3965357840061188, -0.49909529089927673, 0.7704954743385315, 0.916957676410675, -0.17498226463794708, 0.3585662841796875, -0.04413570463657379, 0.8486961126327515, 0.5270360112190247], "cam_t_m2c": [-22.736499786376953, -111.43524932861328, 878.2737426757812], "obj_id": 3}, {"cam_R_m2c": [0.7888835072517395, -0.07962015271186829, -0.6093631982803345, -0.0696418508887291, 0.9736015796661377, -0.21737055480480194, 0.610584020614624, 0.21391721069812775, 0.7625133395195007], "cam_t_m2c": [-29.392784118652344, 141.84352111816406, 941.1290283203125], "obj_id": 1}, {"cam_R_m2c": [0.9153051376342773, 0.4025614857673645, -0.012680377811193466, -0.3872564136981964, 0.8709816932678223, -0.30236291885375977, -0.11067529767751694, 0.2816648781299591, 0.953108549118042], "cam_t_m2c": [-238.59239196777344, 140.92466735839844, 928.8574829101562], "obj_id": 1}, {"cam_R_m2c": [-0.9532057642936707, -0.2498389035463333, -0.17023228108882904, 0.1473739594221115, -0.8756462931632996, 0.4599175751209259, -0.2639686167240143, 0.41330835223197937, 0.8714911341667175], "cam_t_m2c": [17.280635833740234, 318.91522216796875, 859.6904296875], "obj_id": 3}, {"cam_R_m2c": [-0.0908607468008995, -0.22610610723495483, -0.9698558449745178, 0.07064371556043625, 0.9699673652648926, -0.23275035619735718, 0.993354856967926, -0.0896620824933052, -0.07215899229049683], "cam_t_m2c": [-78.49915313720703, -75.92240905761719, 899.8851318359375], "obj_id": 1}],
  "1": [{"cam_R_m2c": [0.08266286551952362, 0.6542863845825195, 0.7517154216766357, 0.06166060268878937, 0.7494939565658569, -0.6591333746910095, -0.994668185710907, 0.10083706676959991, 0.02161162719130516], "cam_t_m2c": [-171.63418579101562, 232.25677490234375, 859.1575927734375], "obj_id": 2}, {"cam_R_m2c": [-0.9839120507240295, -0.03938960283994675, -0.17425751686096191, -0.17586880922317505, 0.38510817289352417, 0.9059590697288513, 0.031422629952430725, 0.9220304489135742, -0.3858400285243988], "cam_t_m2c": [-26.94841957092285, -37.197418212890625, 884.4259033203125], "obj_id": 3}, {"cam_R_m2c": [-0.3965357840061188, -0.49909529089927673, 0.7704954743385315, 0.916957676410675, -0.17498226463794708, 0.3585662841796875, -0.04413570463657379, 0.8486961126327515, 0.5270360112190247], "cam_t_m2c": [-22.736499786376953, -111.43524932861328, 878.2737426757812], "obj_id": 3}, {"cam_R_m2c": [0.7888835072517395, -0.07962015271186829, -0.6093631982803345, -0.0696418508887291, 0.9736015796661377, -0.21737055480480194, 0.610584020614624, 0.21391721069812775, 0.7625133395195007], "cam_t_m2c": [-29.392784118652344, 141.84352111816406, 941.1290283203125], "obj_id": 1}, {"cam_R_m2c": [0.9153051376342773, 0.4025614857673645, -0.012680377811193466, -0.3872564136981964, 0.8709816932678223, -0.30236291885375977, -0.11067529767751694, 0.2816648781299591, 0.953108549118042], "cam_t_m2c": [-238.59239196777344, 140.92466735839844, 928.8574829101562], "obj_id": 1}, {"cam_R_m2c": [-0.9532057642936707, -0.2498389035463333, -0.17023228108882904, 0.1473739594221115, -0.8756462931632996, 0.4599175751209259, -0.2639686167240143, 0.41330835223197937, 0.8714911341667175], "cam_t_m2c": [17.280635833740234, 318.91522216796875, 859.6904296875], "obj_id": 3}, {"cam_R_m2c": [-0.0908607468008995, -0.22610610723495483, -0.9698558449745178, 0.07064371556043625, 0.9699673652648926, -0.23275035619735718, 0.993354856967926, -0.0896620824933052, -0.07215899229049683], "cam_t_m2c": [-78.49915313720703, -75.92240905761719, 899.8851318359375], "obj_id": 1}],
  "2": [{"cam_R_m2c": [0.08266286551952362, 0.6542863845825195, 0.7517154216766357, 0.06166060268878937, 0.7494939565658569, -0.6591333746910095, -0.994668185710907, 0.10083706676959991, 0.02161162719130516], "cam_t_m2c": [-171.63418579101562, 232.25677490234375, 859.1575927734375], "obj_id": 2}, {"cam_R_m2c": [-0.9839120507240295, -0.03938960283994675, -0.17425751686096191, -0.17586880922317505, 0.38510817289352417, 0.9059590697288513, 0.031422629952430725, 0.9220304489135742, -0.3858400285243988], "cam_t_m2c": [-26.94841957092285, -37.197418212890625, 884.4259033203125], "obj_id": 3}, {"cam_R_m2c": [-0.3965357840061188, -0.49909529089927673, 0.7704954743385315, 0.916957676410675, -0.17498226463794708, 0.3585662841796875, -0.04413570463657379, 0.8486961126327515, 0.5270360112190247], "cam_t_m2c": [-22.736499786376953, -111.43524932861328, 878.2737426757812], "obj_id": 3}, {"cam_R_m2c": [0.7888835072517395, -0.07962015271186829, -0.6093631982803345, -0.0696418508887291, 0.9736015796661377, -0.21737055480480194, 0.610584020614624, 0.21391721069812775, 0.7625133395195007], "cam_t_m2c": [-29.392784118652344, 141.84352111816406, 941.1290283203125], "obj_id": 1}, {"cam_R_m2c": [0.9153051376342773, 0.4025614857673645, -0.012680377811193466, -0.3872564136981964, 0.8709816932678223, -0.30236291885375977, -0.11067529767751694, 0.2816648781299591, 0.953108549118042], "cam_t_m2c": [-238.59239196777344, 140.92466735839844, 928.8574829101562], "obj_id": 1}, {"cam_R_m2c": [-0.9532057642936707, -0.2498389035463333, -0.17023228108882904, 0.1473739594221115, -0.8756462931632996, 0.4599175751209259, -0.2639686167240143, 0.41330835223197937, 0.8714911341667175], "cam_t_m2c": [17.280635833740234, 318.91522216796875, 859.6904296875], "obj_id": 3}, {"cam_R_m2c": [-0.0908607468008995, -0.22610610723495483, -0.9698558449745178, 0.07064371556043625, 0.9699673652648926, -0.23275035619735718, 0.993354856967926, -0.0896620824933052, -0.07215899229049683], "cam_t_m2c": [-78.49915313720703, -75.92240905761719, 899.8851318359375], "obj_id": 1}],
  "3": [{"cam_R_m2c": [0.08266286551952362, 0.6542863845825195, 0.7517154216766357, 0.06166060268878937, 0.7494939565658569, -0.6591333746910095, -0.994668185710907, 0.10083706676959991, 0.02161162719130516], "cam_t_m2c": [-171.63418579101562, 232.25677490234375, 859.1575927734375], "obj_id": 2}, {"cam_R_m2c": [-0.9839120507240295, -0.03938960283994675, -0.17425751686096191, -0.17586880922317505, 0.38510817289352417, 0.9059590697288513, 0.031422629952430725, 0.9220304489135742, -0.3858400285243988], "cam_t_m2c": [-26.94841957092285, -37.197418212890625, 884.4259033203125], "obj_id": 3}, {"cam_R_m2c": [-0.3965357840061188, -0.49909529089927673, 0.7704954743385315, 0.916957676410675, -0.17498226463794708, 0.3585662841796875, -0.04413570463657379, 0.8486961126327515, 0.5270360112190247], "cam_t_m2c": [-22.736499786376953, -111.43524932861328, 878.2737426757812], "obj_id": 3}, {"cam_R_m2c": [0.7888835072517395, -0.07962015271186829, -0.6093631982803345, -0.0696418508887291, 0.9736015796661377, -0.21737055480480194, 0.610584020614624, 0.21391721069812775, 0.7625133395195007], "cam_t_m2c": [-29.392784118652344, 141.84352111816406, 941.1290283203125], "obj_id": 1}, {"cam_R_m2c": [0.9153051376342773, 0.4025614857673645, -0.012680377811193466, -0.3872564136981964, 0.8709816932678223, -0.30236291885375977, -0.11067529767751694, 0.2816648781299591, 0.953108549118042], "cam_t_m2c": [-238.59239196777344, 140.92466735839844, 928.8574829101562], "obj_id": 1}, {"cam_R_m2c": [-0.9532057642936707, -0.2498389035463333, -0.17023228108882904, 0.1473739594221115, -0.8756462931632996, 0.4599175751209259, -0.2639686167240143, 0.41330835223197937, 0.8714911341667175], "cam_t_m2c": [17.280635833740234, 318.91522216796875, 859.6904296875], "obj_id": 3}, {"cam_R_m2c": [-0.0908607468008995, -0.22610610723495483, -0.9698558449745178, 0.07064371556043625, 0.9699673652648926, -0.23275035619735718, 0.993354856967926, -0.0896620824933052, -0.07215899229049683], "cam_t_m2c": [-78.49915313720703, -75.92240905761719, 899.8851318359375], "obj_id": 1}],
  "4": [{"cam_R_m2c": [0.08266286551952362, 0.6542863845825195, 0.7517154216766357, 0.06166060268878937, 0.7494939565658569, -0.6591333746910095, -0.994668185710907, 0.10083706676959991, 0.02161162719130516], "cam_t_m2c": [-171.63418579101562, 232.25677490234375, 859.1575927734375], "obj_id": 2}, {"cam_R_m2c": [-0.9839120507240295, -0.03938960283994675, -0.17425751686096191, -0.17586880922317505, 0.38510817289352417, 0.9059590697288513, 0.031422629952430725, 0.9220304489135742, -0.3858400285243988], "cam_t_m2c": [-26.94841957092285, -37.197418212890625, 884.4259033203125], "obj_id": 3}, {"cam_R_m2c": [-0.3965357840061188, -0.49909529089927673, 0.7704954743385315, 0.916957676410675, -0.17498226463794708, 0.3585662841796875, -0.04413570463657379, 0.8486961126327515, 0.5270360112190247], "cam_t_m2c": [-22.736499786376953, -111.43524932861328, 878.2737426757812], "obj_id": 3}, {"cam_R_m2c": [0.7888835072517395, -0.07962015271186829, -0.6093631982803345, -0.0696418508887291, 0.9736015796661377, -0.21737055480480194, 0.610584020614624, 0.21391721069812775, 0.7625133395195007], "cam_t_m2c": [-29.392784118652344, 141.84352111816406, 941.1290283203125], "obj_id": 1}, {"cam_R_m2c": [0.9153051376342773, 0.4025614857673645, -0.012680377811193466, -0.3872564136981964, 0.8709816932678223, -0.30236291885375977, -0.11067529767751694, 0.2816648781299591, 0.953108549118042], "cam_t_m2c": [-238.59239196777344, 140.92466735839844, 928.8574829101562], "obj_id": 1}, {"cam_R_m2c": [-0.9532057642936707, -0.2498389035463333, -0.17023228108882904, 0.1473739594221115, -0.8756462931632996, 0.4599175751209259, -0.2639686167240143, 0.41330835223197937, 0.8714911341667175], "cam_t_m2c": [17.280635833740234, 318.91522216796875, 859.6904296875], "obj_id": 3}, {"cam_R_m2c": [-0.0908607468008995, -0.22610610723495483, -0.9698558449745178, 0.07064371556043625, 0.9699673652648926, -0.23275035619735718, 0.993354856967926, -0.0896620824933052, -0.07215899229049683], "cam_t_m2c": [-78.49915313720703, -75.92240905761719, 899.8851318359375], "obj_id": 1}]
}