{
  "0": [{"cam_R_m2c": [-0.7710366249084473, -0.2345040887594223, -0.5920391082763672, -0.5267307758331299, 0.7573332190513611, 0.38600656390190125, 0.3578507602214813, 0.6094704270362854, -0.7074521780014038], "cam_t_m2c": [-83.32167053222656, 124.9031753540039, 976.2755126953125], "obj_id": 1}, {"cam_R_m2c": [0.7310033440589905, -0.6487973928451538, 0.2114143967628479, -0.6318029761314392, -0.7605735659599304, -0.14950792491436005, 0.25779658555984497, -0.024281460791826248, -0.9658939242362976], "cam_t_m2c": [-1610.8944091796875, 5732.81201171875, 7838.2265625], "obj_id": 2}, {"cam_R_m2c": [0.6532548666000366, -0.615044116973877, -0.44156399369239807, -0.573390781879425, -0.7827340960502625, 0.2419711798429489, -0.4944502115249634, 0.0951199159026146, -0.8639854788780212], "cam_t_m2c": [679.3370971679688, 2309.897216796875, -2815.146484375], "obj_id": 2}, {"cam_R_m2c": [-0.5313571691513062, 0.7497290372848511, 0.3944181203842163, -0.8408154249191284, -0.40991801023483276, -0.3535483777523041, -0.10338634997606277, -0.5194934010505676, 0.848196804523468], "cam_t_m2c": [-1582.7965087890625, 6031.24267578125, 7533.517578125], "obj_id": 0}],
  "1": [{"cam_R_m2c": [0.28265225887298584, -0.5724053978919983, -0.7697141170501709, -0.6516994833946228, 0.47420382499694824, -0.5919615626335144, 0.703843355178833, 0.6689415574073792, -0.23900152742862701], "cam_t_m2c": [-121.38130187988281, 28.548358917236328, 890.1429443359375], "obj_id": 1}, {"cam_R_m2c": [0.9041194319725037, 0.4203651547431946, -0.07655833661556244, 0.3651544153690338, -0.8532017469406128, -0.3724363446235657, -0.22187897562980652, 0.3087713122367859, -0.9248945116996765], "cam_t_m2c": [-3584.99560546875, 4809.51318359375, 7673.4345703125], "obj_id": 2}, {"cam_R_m2c": [0.6005426049232483, 0.4878520369529724, -0.6335210800170898, -0.021839924156665802, -0.7820010781288147, -0.622894287109375, -0.7992944121360779, 0.3879105746746063, -0.4589702785015106], "cam_t_m2c": [-2884.85107421875, -169.9066619873047, -2582.39208984375], "obj_id": 2}, {"cam_R_m2c": [0.5111452341079712, 0.48522356152534485, 0.7094283699989319, -0.8416597843170166, 0.11530398577451706, 0.5275545716285706, 0.1741819977760315, -0.8667543530464172, 0.4673302471637726], "cam_t_m2c": [-3927.538330078125, 4827.18798828125, 7418.1630859375], "obj_id": 0}]
}