{
  "0": [{"cam_R_m2c": [0.8807640671730042, 0.3279211223125458, -0.34164661169052124, 0.31563276052474976, 0.13132518529891968, 0.9397497773170471, 0.35303062200546265, -0.9355326890945435, 0.012163841165602207], "cam_t_m2c": [-19.802194595336914, 234.19178771972656, 761.7571411132812], "obj_id": 3}, {"cam_R_m2c": [-0.520858108997345, -0.5333883762359619, -0.6664862036705017, 0.5278885960578918, -0.8148276209831238, 0.23956161737442017, -0.6708506345748901, -0.22705283761024475, 0.70597904920578], "cam_t_m2c": [-147.63238525390625, 173.2195587158203, 939.851318359375], "obj_id": 2}, {"cam_R_m2c": [0.16391988098621368, -0.5489845275878906, -0.8196012377738953, -0.12897217273712158, -0.8356346487998962, 0.5339296460151672, -0.9780063629150391, 0.018184084445238113, -0.20778082311153412], "cam_t_m2c": [42.85887145996094, 368.9764099121094, 829.9724731445312], "obj_id": 3}, {"cam_R_m2c": [-0.01026980485767126, 0.9125409722328186, -0.4088563919067383, 0.7229025959968567, 0.28927338123321533, 0.6274812817573547, 0.6908736228942871, -0.28911924362182617, -0.6626490354537964], "cam_t_m2c": [-78.50558471679688, 149.30825805664062, 746.6102905273438], "obj_id": 0}],
  "1": [{"cam_R_m2c": [0.3589611053466797, -0.500638484954834, -0.7877233028411865, 0.8349500894546509, 0.549435555934906, 0.03128764033317566, 0.4171394109725952, -0.6689406633377075, 0.6152341365814209], "cam_t_m2c": [-252.3618927001953, 98.22705078125, 849.380615234375], "obj_id": 3}, {"cam_R_m2c": [-0.9778006076812744, 0.20688119530677795, -0.0332573801279068, -0.1317528337240219, -0.7304444313049316, -0.6701433062553406, -0.16293272376060486, -0.6508848071098328, 0.7414862513542175], "cam_t_m2c": [-159.5568389892578, -78.74241638183594, 958.670166015625], "obj_id": 2}, {"cam_R_m2c": [-0.4142599403858185, 0.3583144247531891, -0.8366597890853882, 0.3152976930141449, -0.8058289885520935, -0.5012256503105164, -0.8538010120391846, -0.4714345633983612, 0.22084683179855347], "cam_t_m2c": [-279.3464050292969, 189.1707305908203, 982.4600219726562], "obj_id": 3}, {"cam_R_m2c": [-0.10057531297206879, 0.01461934857070446, -0.9948220252990723, 0.10342266410589218, 0.9946287870407104, 0.004160598386079073, 0.9895394444465637, -0.10246869176626205, -0.10154707729816437], "cam_t_m2c": [-227.01461791992188, 17.36928939819336, 788.2156982421875], "obj_id": 0}]
}