{
  "0": [{"cam_R_m2c": [0.5810637474060059, 0.7435426115989685, -0.33092179894447327, 0.7531802654266357, -0.3372250199317932, 0.5647996068000793, 0.30835747718811035, -0.5774283409118652, -0.7559708952903748], "cam_t_m2c": [-101.2464370727539, 66.60559844970703, 700.4463500976562], "obj_id": 2}, {"cam_R_m2c": [-0.3583645820617676, 0.7389268279075623, -0.5705803036689758, -0.9245103597640991, -0.36588093638420105, 0.10682553797960281, -0.12982821464538574, 0.5657898783683777, 0.8142643570899963], "cam_t_m2c": [100.18199157714844, -139.15829467773438, 815.9288330078125], "obj_id": 0}, {"cam_R_m2c": [0.39348354935646057, -0.8127461671829224, -0.42966780066490173, 0.8914165496826172, 0.4515987038612366, -0.03788361698389053, 0.22482718527317047, -0.3681063950061798, 0.9021919965744019], "cam_t_m2c": [-168.5836944580078, 32.73487091064453, 699.8751220703125], "obj_id": 0}, {"cam_R_m2c": [-0.03506013751029968, 0.9570438861846924, 0.28781551122665405, 0.40169626474380493, 0.27719974517822266, -0.8728117942810059, -0.9151015877723694, 0.0850135087966919, -0.39415961503982544], "cam_t_m2c": [-232.54843139648438, 156.58984375, 590.0689697265625], "obj_id": 3}, {"cam_R_m2c": [0.5373008251190186, -0.24518151581287384, 0.8069657683372498, 0.6549811363220215, -0.4814753532409668, -0.5823923945426941, 0.5313261151313782, 0.8414672613143921, -0.09810774773359299], "cam_t_m2c": [-2.797741413116455, -85.28645324707031, 675.7435913085938], "obj_id": 0}, {"cam_R_m2c": [-0.9498011469841003, -0.20571692287921906, 0.23570802807807922, 0.2811333239078522, -0.23065651953220367, 0.9315372109413147, -0.1372653692960739, 0.951040506362915, 0.27691176533699036], "cam_t_m2c": [-148.40130615234375, 89.36124420166016, 737.8362426757812], "obj_id": 1}, {"cam_R_m2c": [0.40776386857032776, -0.7563872933387756, -0.511475145816803, 0.8913356065750122, 0.451277494430542, 0.043235499411821365, 0.19811439514160156, -0.47352591156959534, 0.8582096695899963], "cam_t_m2c": [-190.06201171875, 175.97207641601562, 390.4830017089844], "obj_id": 0}, {"cam_R_m2c": [-0.7794645428657532, 0.520736813545227, -0.3482356369495392, 0.6239972114562988, 0.5962950587272644, -0.5050342679023743, -0.05533875897526741, -0.6109544038772583, -0.7897292375564575], "cam_t_m2c": [-265.8957824707031, 163.48948669433594, 657.4818725585938], "obj_id": 3}, {"cam_R_m2c": [0.4495241045951843, -0.7215195298194885, -0.5266285538673401, -0.4807887673377991, 0.3014414310455322, -0.8233925104141235, 0.7528414130210876, 0.6233319044113159, -0.21139328181743622], "cam_t_m2c": [-82.60486602783203, -22.7221622467041, 607.4910278320312], "obj_id": 1}, {"cam_R_m2c": [0.7474613189697266, -0.06127653270959854, 0.6614731550216675, -0.6437633633613586, -0.312519371509552, 0.6984986066818237, 0.16392163932323456, -0.9479328989982605, -0.273043692111969], "cam_t_m2c": [-103.78321838378906, -30.593414306640625, 812.9102172851562], "obj_id": 3}, {"cam_R_m2c": [0.5810635089874268, -0.8009976744651794, 0.14411064982414246, 0.7531804442405701, 0.4621553122997284, -0.4681150019168854, 0.3083575367927551, 0.38054588437080383, 0.8718373775482178], "cam_t_m2c": [-52.40251922607422, 86.5596694946289, 559.666748046875], "obj_id": 2}, {"cam_R_m2c": [0.5810635685920715, -0.18930508196353912, 0.7915356159210205, 0.7531803846359253, -0.24341140687465668, -0.6111217737197876, 0.3083573877811432, 0.9512697458267212, 0.0011434562038630247], "cam_t_m2c": [-2.3162336349487305, 24.583934783935547, 616.6643676757812], "obj_id": 2}, {"cam_R_m2c": [0.5865199565887451, -0.8099294900894165, -0.0029207775369286537, 0.7892243266105652, 0.5723289847373962, -0.22263078391551971, 0.18198688328266144, 0.12827225029468536, 0.9748984575271606], "cam_t_m2c": [-36.00242614746094, 80.23860168457031, 515.2213134765625], "obj_id": 1}, {"cam_R_m2c": [0.24812790751457214, 0.8694791793823242, 0.4271281957626343, -0.5247917175292969, -0.24996528029441833, 0.8137020468711853, 0.8142642378807068, -0.42605552077293396, 0.3942720890045166], "cam_t_m2c": [-139.87347412109375, 111.12115478515625, 488.4324035644531], "obj_id": 3}, {"cam_R_m2c": [0.4675324857234955, -0.7693896889686584, 0.43526172637939453, 0.4572147727012634, 0.6318860054016113, 0.6258391737937927, -0.7565500140190125, -0.09359202533960342, 0.6472036242485046], "cam_t_m2c": [-147.3176727294922, 138.68731689453125, 669.8905639648438], "obj_id": 1}, {"cam_R_m2c": [-0.5052919387817383, 0.5202420353889465, -0.6884971261024475, -0.8395795226097107, -0.4807899296283722, 0.2528778314590454, -0.199464812874794, 0.7058252096176147, 0.679723858833313], "cam_t_m2c": [-17.73215103149414, -32.93760681152344, 586.4251098632812], "obj_id": 2}, {"cam_R_m2c": [0.6159923076629639, 0.06536739319562912, 0.7850353717803955, 0.6054949164390564, -0.67676842212677, -0.41876021027565, 0.5039139986038208, 0.733288049697876, -0.4564637243747711], "cam_t_m2c": [74.36182403564453, -119.44281005859375, 613.7737426757812], "obj_id": 0}, {"cam_R_m2c": [-0.5464618802070618, 0.19765561819076538, 0.8138250708580017, -0.5886694192886353, 0.600538432598114, -0.5411300659179688, -0.5956906080245972, -0.7747811079025269, -0.21181745827198029], "cam_t_m2c": [-198.5277557373047, 306.0079650878906, 291.468994140625], "obj_id": 0}, {"cam_R_m2c": [-0.7123578190803528, -0.336039274930954, -0.6161362528800964, -0.7003886699676514, 0.2844226360321045, 0.6546444892883301, -0.044743191450834274, 0.8978760242462158, -0.43796879053115845], "cam_t_m2c": [-286.3779602050781, 121.7115249633789, 718.2098388671875], "obj_id": 2}, {"cam_R_m2c": [0.7714675068855286, 0.5746878981590271, -0.2730781137943268, 0.6178343296051025, -0.5740513801574707, 0.5373504757881165, 0.15204794704914093, -0.583265483379364, -0.7979238629341125], "cam_t_m2c": [-73.27641296386719, 136.96176147460938, 444.9673156738281], "obj_id": 2}, {"cam_R_m2c": [0.2645176649093628, -0.39526355266571045, -0.8796573877334595, 0.8053139448165894, 0.5923622250556946, -0.02400869131088257, 0.5305655598640442, -0.7020496726036072, 0.4750015437602997], "cam_t_m2c": [28.895828247070312, -58.81538772583008, 642.7516479492188], "obj_id": 1}, {"cam_R_m2c": [-0.29059135913848877, 0.9339524507522583, 0.20806127786636353, -0.8503018617630005, -0.15233772993087769, -0.5037658214569092, -0.4387977719306946, -0.3233048617839813, 0.8384094834327698], "cam_t_m2c": [-210.0306396484375, 177.4076690673828, 627.2584228515625], "obj_id": 0}, {"cam_R_m2c": [0.7751737833023071, 0.06196267157793045, 0.6287020444869995, -0.3967593014240265, 0.8221832513809204, 0.4081626832485199, -0.4916174113750458, -0.5658403635025024, 0.661919116973877], "cam_t_m2c": [-319.75286865234375, 102.88019561767578, 836.6025390625], "obj_id": 3}, {"cam_R_m2c": [0.774380087852478, 0.5960022807121277, 0.21240714192390442, -0.6282292008399963, 0.6843335032463074, 0.3701563775539398, 0.07525673508644104, -0.42008209228515625, 0.9043602347373962], "cam_t_m2c": [-372.48211669921875, 197.3535614013672, 700.535888671875], "obj_id": 3}, {"cam_R_m2c": [-0.38481777906417847, 0.7349166870117188, 0.5584018230438232, -0.0795939713716507, -0.6291596293449402, 0.7731900215148926, 0.9195541739463806, 0.2530919015407562, 0.3006068468093872], "cam_t_m2c": [-76.00699615478516, 92.38973236083984, 421.2308044433594], "obj_id": 3}, {"cam_R_m2c": [0.5167598724365234, 0.6818482875823975, 0.5177279114723206, -0.5069030523300171, -0.24365581572055817, 0.8268502354621887, 0.689933717250824, -0.6897209286689758, 0.21971936523914337], "cam_t_m2c": [18.38936996459961, 116.74435424804688, 404.4489440917969], "obj_id": 1}, {"cam_R_m2c": [-0.7709208130836487, -0.44824931025505066, 0.45249703526496887, -0.49557897448539734, 0.8684164881706238, 0.015944723039865494, -0.4001031219959259, -0.21195590496063232, -0.891623318195343], "cam_t_m2c": [-30.622520446777344, 39.36888885498047, 626.35205078125], "obj_id": 0}, {"cam_R_m2c": [-0.05921008065342903, -0.7546184659004211, 0.6534869074821472, 0.7989006042480469, 0.3566938638687134, 0.48428016901016235, -0.5985414981842041, 0.5507453680038452, 0.5817452669143677], "cam_t_m2c": [-56.6973991394043, 137.7058868408203, 501.5246276855469], "obj_id": 1}, {"cam_R_m2c": [-0.854857325553894, -0.4926609694957733, -0.16280043125152588, -0.4748004376888275, 0.8692916035652161, -0.1374649554491043, 0.20924466848373413, -0.04021521657705307, -0.9770359396934509], "cam_t_m2c": [-187.0206298828125, 192.9175262451172, 176.20181274414062], "obj_id": 2}, {"cam_R_m2c": [-0.09430123120546341, -0.547336757183075, 0.8315826654434204, -0.6846814751625061, 0.6420472860336304, 0.3449442982673645, -0.7227160334587097, -0.536840558052063, -0.4352971613407135], "cam_t_m2c": [74.71543884277344, 18.676179885864258, 408.6113586425781], "obj_id": 1}, {"cam_R_m2c": [-0.36445581912994385, 0.9269359707832336, -0.08922738581895828, -0.6704694032669067, -0.3276931047439575, -0.6656484603881836, -0.6462527513504028, -0.18277524411678314, 0.7409120202064514], "cam_t_m2c": [10.46776008605957, -87.35295867919922, 667.4533081054688], "obj_id": 2}, {"cam_R_m2c": [0.5604034662246704, 0.45845481753349304, 0.6897587180137634, 0.7940952777862549, -0.5340213179588318, -0.29023054242134094, 0.2352883219718933, 0.7103803753852844, -0.6633241772651672], "cam_t_m2c": [7.797802925109863, 33.62405014038086, 496.5896301269531], "obj_id": 2}, {"cam_R_m2c": [0.30595093965530396, -0.6975675225257874, 0.6479148268699646, 0.6872052550315857, -0.30918535590171814, -0.6573838591575623, 0.6588953137397766, 0.646377682685852, 0.38477644324302673], "cam_t_m2c": [-97.3062515258789, 142.24365234375, 444.6167907714844], "obj_id": 2}, {"cam_R_m2c": [0.08940935134887695, -0.44110363721847534, 0.892991304397583, 0.5839675068855286, -0.7030890583992004, -0.4057679772377014, 0.8068382143974304, 0.5577573776245117, 0.19472751021385193], "cam_t_m2c": [129.33938598632812, -59.68332290649414, 364.2101135253906], "obj_id": 0}, {"cam_R_m2c": [-0.4453701674938202, 0.04885919392108917, 0.8940121531486511, -0.8236837983131409, 0.36906683444976807, -0.4305048882961273, -0.3509843051433563, -0.928117573261261, -0.12412670254707336], "cam_t_m2c": [12.523921012878418, 49.56880569458008, 316.36083984375], "obj_id": 1}, {"cam_R_m2c": [-0.5956493616104126, 0.5132664442062378, -0.6178668141365051, -0.8006406426429749, -0.44126802682876587, 0.40528643131256104, -0.06462492048740387, 0.7360978722572327, 0.673783004283905], "cam_t_m2c": [-185.75363159179688, 69.66453552246094, 827.9889526367188], "obj_id": 2}, {"cam_R_m2c": [0.4232284724712372, -0.664463222026825, -0.6159272193908691, 0.8792886734008789, 0.13730654120445251, 0.4560682773590088, -0.2184697687625885, -0.7345989346504211, 0.6423670053482056], "cam_t_m2c": [-279.3398132324219, 190.05413818359375, 649.5529174804688], "obj_id": 0}, {"cam_R_m2c": [-0.854527473449707, -0.2957304120063782, 0.4269968569278717, -0.40882569551467896, 0.8900351524353027, -0.20173995196819305, -0.3203815519809723, -0.3469596207141876, -0.8814616203308105], "cam_t_m2c": [-47.39917755126953, 42.6375846862793, 431.072021484375], "obj_id": 1}, {"cam_R_m2c": [0.4819268584251404, -0.4114643931388855, 0.7735912799835205, 0.5354687571525574, 0.8371382355690002, 0.1116814836859703, -0.6935558319091797, 0.360411673784256, 0.623765766620636], "cam_t_m2c": [-164.28199768066406, 47.30522537231445, 690.3020629882812], "obj_id": 3}, {"cam_R_m2c": [-0.3409903347492218, -0.9309202432632446, -0.1308172643184662, -0.7751771211624146, 0.19971996545791626, 0.5993433594703674, -0.5318140387535095, 0.30577680468559265, -0.7897306680679321], "cam_t_m2c": [-59.95136260986328, -14.944816589355469, 622.033935546875], "obj_id": 2}, {"cam_R_m2c": [-0.5974192023277283, 0.051020435988903046, 0.8003043532371521, -0.5570666193962097, 0.6914792656898499, -0.45992735028266907, -0.5768595933914185, -0.7205923199653625, -0.38468122482299805], "cam_t_m2c": [-3.031724214553833, 21.031309127807617, 619.1512451171875], "obj_id": 0}, {"cam_R_m2c": [-0.8010945916175842, 0.29386022686958313, -0.5214340090751648, 0.4624670147895813, 0.8569352030754089, -0.22756604850292206, 0.3799625635147095, -0.42344799637794495, -0.8223868012428284], "cam_t_m2c": [-93.46965026855469, 132.42025756835938, 397.6925048828125], "obj_id": 3}],
  "1": [{"cam_R_m2c": [0.5810637474060059, 0.7435426115989685, -0.33092179894447327, 0.7531802654266357, -0.3372250199317932, 0.5647996068000793, 0.30835747718811035, -0.5774283409118652, -0.7559708952903748], "cam_t_m2c": [-101.2464370727539, 66.60559844970703, 700.4463500976562], "obj_id": 2}, {"cam_R_m2c": [-0.3583645820617676, 0.7389268279075623, -0.5705803036689758, -0.9245103597640991, -0.36588093638420105, 0.10682553797960281, -0.12982821464538574, 0.5657898783683777, 0.8142643570899963], "cam_t_m2c": [100.18199157714844, -139.15829467773438, 815.9288330078125], "obj_id": 0}, {"cam_R_m2c": [0.39348354935646057, -0.8127461671829224, -0.42966780066490173, 0.8914165496826172, 0.4515987038612366, -0.03788361698389053, 0.22482718527317047, -0.3681063950061798, 0.9021919965744019], "cam_t_m2c": [-168.5836944580078, 32.73487091064453, 699.8751220703125], "obj_id": 0}, {"cam_R_m2c": [-0.03506013751029968, 0.9570438861846924, 0.28781551122665405, 0.40169626474380493, 0.27719974517822266, -0.8728117942810059, -0.9151015877723694, 0.0850135087966919, -0.39415961503982544], "cam_t_m2c": [-232.54843139648438, 156.58984375, 590.0689697265625], "obj_id": 3}, {"cam_R_m2c": [0.5373008251190186, -0.24518151581287384, 0.8069657683372498, 0.6549811363220215, -0.4814753532409668, -0.5823923945426941, 0.5313261151313782, 0.8414672613143921, -0.09810774773359299], "cam_t_m2c": [-2.797741413116455, -85.28645324707031, 675.7435913085938], "obj_id": 0}, {"cam_R_m2c": [-0.9498011469841003, -0.20571692287921906, 0.23570802807807922, 0.2811333239078522, -0.23065651953220367, 0.9315372109413147, -0.1372653692960739, 0.951040506362915, 0.27691176533699036], "cam_t_m2c": [-148.40130615234375, 89.36124420166016, 737.8362426757812], "obj_id": 1}, {"cam_R_m2c": [0.40776386857032776, -0.7563872933387756, -0.511475145816803, 0.8913356065750122, 0.451277494430542, 0.043235499411821365, 0.19811439514160156, -0.47352591156959534, 0.8582096695899963], "cam_t_m2c": [-190.06201171875, 175.97207641601562, 390.4830017089844], "obj_id": 0}, {"cam_R_m2c": [-0.7794645428657532, 0.520736813545227, -0.3482356369495392, 0.6239972114562988, 0.5962950587272644, -0.5050342679023743, -0.05533875897526741, -0.6109544038772583, -0.7897292375564575], "cam_t_m2c": [-265.8957824707031, 163.48948669433594, 657.4818725585938], "obj_id": 3}, {"cam_R_m2c": [0.4495241045951843, -0.7215195298194885, -0.5266285538673401, -0.4807887673377991, 0.3014414310455322, -0.8233925104141235, 0.7528414130210876, 0.6233319044113159, -0.21139328181743622], "cam_t_m2c": [-82.60486602783203, -22.7221622467041, 607.4910278320312], "obj_id": 1}, {"cam_R_m2c": [0.7474613189697266, -0.06127653270959854, 0.6614731550216675, -0.6437633633613586, -0.312519371509552, 0.6984986066818237, 0.16392163932323456, -0.9479328989982605, -0.273043692111969], "cam_t_m2c": [-103.78321838378906, -30.593414306640625, 812.9102172851562], "obj_id": 3}, {"cam_R_m2c": [0.5810635089874268, -0.8009976744651794, 0.14411064982414246, 0.7531804442405701, 0.4621553122997284, -0.4681150019168854, 0.3083575367927551, 0.38054588437080383, 0.8718373775482178], "cam_t_m2c": [-52.40251922607422, 86.5596694946289, 559.666748046875], "obj_id": 2}, {"cam_R_m2c": [0.5810635685920715, -0.18930508196353912, 0.7915356159210205, 0.7531803846359253, -0.24341140687465668, -0.6111217737197876, 0.3083573877811432, 0.9512697458267212, 0.0011434562038630247], "cam_t_m2c": [-2.3162336349487305, 24.583934783935547, 616.6643676757812], "obj_id": 2}, {"cam_R_m2c": [0.5865199565887451, -0.8099294900894165, -0.0029207775369286537, 0.7892243266105652, 0.5723289847373962, -0.22263078391551971, 0.18198688328266144, 0.12827225029468536, 0.9748984575271606], "cam_t_m2c": [-36.00242614746094, 80.23860168457031, 515.2213134765625], "obj_id": 1}, {"cam_R_m2c": [0.24812790751457214, 0.8694791793823242, 0.4271281957626343, -0.5247917175292969, -0.24996528029441833, 0.8137020468711853, 0.8142642378807068, -0.42605552077293396, 0.3942720890045166], "cam_t_m2c": [-139.87347412109375, 111.12115478515625, 488.4324035644531], "obj_id": 3}, {"cam_R_m2c": [0.4675324857234955, -0.7693896889686584, 0.43526172637939453, 0.4572147727012634, 0.6318860054016113, 0.6258391737937927, -0.7565500140190125, -0.09359202533960342, 0.6472036242485046], "cam_t_m2c": [-147.3176727294922, 138.68731689453125, 669.8905639648438], "obj_id": 1}, {"cam_R_m2c": [-0.5052919387817383, 0.5202420353889465, -0.6884971261024475, -0.8395795226097107, -0.4807899296283722, 0.2528778314590454, -0.199464812874794, 0.7058252096176147, 0.679723858833313], "cam_t_m2c": [-17.73215103149414, -32.93760681152344, 586.4251098632812], "obj_id": 2}, {"cam_R_m2c": [0.6159923076629639, 0.06536739319562912, 0.7850353717803955, 0.6054949164390564, -0.67676842212677, -0.41876021027565, 0.5039139986038208, 0.733288049697876, -0.4564637243747711], "cam_t_m2c": [74.36182403564453, -119.44281005859375, 613.7737426757812], "obj_id": 0}, {"cam_R_m2c": [-0.5464618802070618, 0.19765561819076538, 0.8138250708580017, -0.5886694192886353, 0.600538432598114, -0.5411300659179688, -0.5956906080245972, -0.7747811079025269, -0.21181745827198029], "cam_t_m2c": [-198.5277557373047, 306.0079650878906, 291.468994140625], "obj_id": 0}, {"cam_R_m2c": [-0.7123578190803528, -0.336039274930954, -0.6161362528800964, -0.7003886699676514, 0.2844226360321045, 0.6546444892883301, -0.044743191450834274, 0.8978760242462158, -0.43796879053115845], "cam_t_m2c": [-286.3779602050781, 121.7115249633789, 718.2098388671875], "obj_id": 2}, {"cam_R_m2c": [0.7714675068855286, 0.5746878981590271, -0.2730781137943268, 0.6178343296051025, -0.5740513801574707, 0.5373504757881165, 0.15204794704914093, -0.583265483379364, -0.7979238629341125], "cam_t_m2c": [-73.27641296386719, 136.96176147460938, 444.9673156738281], "obj_id": 2}, {"cam_R_m2c": [0.2645176649093628, -0.39526355266571045, -0.8796573877334595, 0.8053139448165894, 0.5923622250556946, -0.02400869131088257, 0.5305655598640442, -0.7020496726036072, 0.4750015437602997], "cam_t_m2c": [28.895828247070312, -58.81538772583008, 642.7516479492188], "obj_id": 1}, {"cam_R_m2c": [-0.29059135913848877, 0.9339524507522583, 0.20806127786636353, -0.8503018617630005, -0.15233772993087769, -0.5037658214569092, -0.4387977719306946, -0.3233048617839813, 0.8384094834327698], "cam_t_m2c": [-210.0306396484375, 177.4076690673828, 627.2584228515625], "obj_id": 0}, {"cam_R_m2c": [0.7751737833023071, 0.06196267157793045, 0.6287020444869995, -0.3967593014240265, 0.8221832513809204, 0.4081626832485199, -0.4916174113750458, -0.5658403635025024, 0.661919116973877], "cam_t_m2c": [-319.75286865234375, 102.88019561767578, 836.6025390625], "obj_id": 3}, {"cam_R_m2c": [0.774380087852478, 0.5960022807121277, 0.21240714192390442, -0.6282292008399963, 0.6843335032463074, 0.3701563775539398, 0.07525673508644104, -0.42008209228515625, 0.9043602347373962], "cam_t_m2c": [-372.48211669921875, 197.3535614013672, 700.535888671875], "obj_id": 3}, {"cam_R_m2c": [-0.38481777906417847, 0.7349166870117188, 0.5584018230438232, -0.0795939713716507, -0.6291596293449402, 0.7731900215148926, 0.9195541739463806, 0.2530919015407562, 0.3006068468093872], "cam_t_m2c": [-76.00699615478516, 92.38973236083984, 421.2308044433594], "obj_id": 3}, {"cam_R_m2c": [0.5167598724365234, 0.6818482875823975, 0.5177279114723206, -0.5069030523300171, -0.24365581572055817, 0.8268502354621887, 0.689933717250824, -0.6897209286689758, 0.21971936523914337], "cam_t_m2c": [18.38936996459961, 116.74435424804688, 404.4489440917969], "obj_id": 1}, {"cam_R_m2c": [-0.7709208130836487, -0.44824931025505066, 0.45249703526496887, -0.49557897448539734, 0.8684164881706238, 0.015944723039865494, -0.4001031219959259, -0.21195590496063232, -0.891623318195343], "cam_t_m2c": [-30.622520446777344, 39.36888885498047, 626.35205078125], "obj_id": 0}, {"cam_R_m2c": [-0.05921008065342903, -0.7546184659004211, 0.6534869074821472, 0.7989006042480469, 0.3566938638687134, 0.48428016901016235, -0.5985414981842041, 0.5507453680038452, 0.5817452669143677], "cam_t_m2c": [-56.6973991394043, 137.7058868408203, 501.5246276855469], "obj_id": 1}, {"cam_R_m2c": [-0.854857325553894, -0.4926609694957733, -0.16280043125152588, -0.4748004376888275, 0.8692916035652161, -0.1374649554491043, 0.20924466848373413, -0.04021521657705307, -0.9770359396934509], "cam_t_m2c": [-187.0206298828125, 192.9175262451172, 176.20181274414062], "obj_id": 2}, {"cam_R_m2c": [-0.09430123120546341, -0.547336757183075, 0.8315826654434204, -0.6846814751625061, 0.6420472860336304, 0.3449442982673645, -0.7227160334587097, -0.536840558052063, -0.4352971613407135], "cam_t_m2c": [74.71543884277344, 18.676179885864258, 408.6113586425781], "obj_id": 1}, {"cam_R_m2c": [-0.36445581912994385, 0.9269359707832336, -0.08922738581895828, -0.6704694032669067, -0.3276931047439575, -0.6656484603881836, -0.6462527513504028, -0.18277524411678314, 0.7409120202064514], "cam_t_m2c": [10.46776008605957, -87.35295867919922, 667.4533081054688], "obj_id": 2}, {"cam_R_m2c": [0.5604034662246704, 0.45845481753349304, 0.6897587180137634, 0.7940952777862549, -0.5340213179588318, -0.29023054242134094, 0.2352883219718933, 0.7103803753852844, -0.6633241772651672], "cam_t_m2c": [7.797802925109863, 33.62405014038086, 496.5896301269531], "obj_id": 2}, {"cam_R_m2c": [0.30595093965530396, -0.6975675225257874, 0.6479148268699646, 0.6872052550315857, -0.30918535590171814, -0.6573838591575623, 0.6588953137397766, 0.646377682685852, 0.38477644324302673], "cam_t_m2c": [-97.3062515258789, 142.24365234375, 444.6167907714844], "obj_id": 2}, {"cam_R_m2c": [0.08940935134887695, -0.44110363721847534, 0.892991304397583, 0.5839675068855286, -0.7030890583992004, -0.4057679772377014, 0.8068382143974304, 0.5577573776245117, 0.19472751021385193], "cam_t_m2c": [129.33938598632812, -59.68332290649414, 364.2101135253906], "obj_id": 0}, {"cam_R_m2c": [-0.4453701674938202, 0.04885919392108917, 0.8940121531486511, -0.8236837983131409, 0.36906683444976807, -0.4305048882961273, -0.3509843051433563, -0.928117573261261, -0.12412670254707336], "cam_t_m2c": [12.523921012878418, 49.56880569458008, 316.36083984375], "obj_id": 1}, {"cam_R_m2c": [-0.5956493616104126, 0.5132664442062378, -0.6178668141365051, -0.8006406426429749, -0.44126802682876587, 0.40528643131256104, -0.06462492048740387, 0.7360978722572327, 0.673783004283905], "cam_t_m2c": [-185.75363159179688, 69.66453552246094, 827.9889526367188], "obj_id": 2}, {"cam_R_m2c": [0.4232284724712372, -0.664463222026825, -0.6159272193908691, 0.8792886734008789, 0.13730654120445251, 0.4560682773590088, -0.2184697687625885, -0.7345989346504211, 0.6423670053482056], "cam_t_m2c": [-279.3398132324219, 190.05413818359375, 649.5529174804688], "obj_id": 0}, {"cam_R_m2c": [-0.854527473449707, -0.2957304120063782, 0.4269968569278717, -0.40882569551467896, 0.8900351524353027, -0.20173995196819305, -0.3203815519809723, -0.3469596207141876, -0.8814616203308105], "cam_t_m2c": [-47.39917755126953, 42.6375846862793, 431.072021484375], "obj_id": 1}, {"cam_R_m2c": [0.4819268584251404, -0.4114643931388855, 0.7735912799835205, 0.5354687571525574, 0.8371382355690002, 0.1116814836859703, -0.6935558319091797, 0.360411673784256, 0.623765766620636], "cam_t_m2c": [-164.28199768066406, 47.30522537231445, 690.3020629882812], "obj_id": 3}, {"cam_R_m2c": [-0.3409903347492218, -0.9309202432632446, -0.1308172643184662, -0.7751771211624146, 0.19971996545791626, 0.5993433594703674, -0.5318140387535095, 0.30577680468559265, -0.7897306680679321], "cam_t_m2c": [-59.95136260986328, -14.944816589355469, 622.033935546875], "obj_id": 2}, {"cam_R_m2c": [-0.5974192023277283, 0.051020435988903046, 0.8003043532371521, -0.5570666193962097, 0.6914792656898499, -0.45992735028266907, -0.5768595933914185, -0.7205923199653625, -0.38468122482299805], "cam_t_m2c": [-3.031724214553833, 21.031309127807617, 619.1512451171875], "obj_id": 0}, {"cam_R_m2c": [-0.8010945916175842, 0.29386022686958313, -0.5214340090751648, 0.4624670147895813, 0.8569352030754089, -0.22756604850292206, 0.3799625635147095, -0.42344799637794495, -0.8223868012428284], "cam_t_m2c": [-93.46965026855469, 132.42025756835938, 397.6925048828125], "obj_id": 3}],
  "2": [{"cam_R_m2c": [0.5810637474060059, 0.7435426115989685, -0.33092179894447327, 0.7531802654266357, -0.3372250199317932, 0.5647996068000793, 0.30835747718811035, -0.5774283409118652, -0.7559708952903748], "cam_t_m2c": [-101.2464370727539, 66.60559844970703, 700.4463500976562], "obj_id": 2}, {"cam_R_m2c": [-0.3583645820617676, 0.7389268279075623, -0.5705803036689758, -0.9245103597640991, -0.36588093638420105, 0.10682553797960281, -0.12982821464538574, 0.5657898783683777, 0.8142643570899963], "cam_t_m2c": [100.18199157714844, -139.15829467773438, 815.9288330078125], "obj_id": 0}, {"cam_R_m2c": [0.39348354935646057, -0.8127461671829224, -0.42966780066490173, 0.8914165496826172, 0.4515987038612366, -0.03788361698389053, 0.22482718527317047, -0.3681063950061798, 0.9021919965744019], "cam_t_m2c": [-168.5836944580078, 32.73487091064453, 699.8751220703125], "obj_id": 0}, {"cam_R_m2c": [-0.03506013751029968, 0.9570438861846924, 0.28781551122665405, 0.40169626474380493, 0.27719974517822266, -0.8728117942810059, -0.9151015877723694, 0.0850135087966919, -0.39415961503982544], "cam_t_m2c": [-232.54843139648438, 156.58984375, 590.0689697265625], "obj_id": 3}, {"cam_R_m2c": [0.5373008251190186, -0.24518151581287384, 0.8069657683372498, 0.6549811363220215, -0.4814753532409668, -0.5823923945426941, 0.5313261151313782, 0.8414672613143921, -0.09810774773359299], "cam_t_m2c": [-2.797741413116455, -85.28645324707031, 675.7435913085938], "obj_id": 0}, {"cam_R_m2c": [-0.9498011469841003, -0.20571692287921906, 0.23570802807807922, 0.2811333239078522, -0.23065651953220367, 0.9315372109413147, -0.1372653692960739, 0.951040506362915, 0.27691176533699036], "cam_t_m2c": [-148.40130615234375, 89.36124420166016, 737.8362426757812], "obj_id": 1}, {"cam_R_m2c": [0.40776386857032776, -0.7563872933387756, -0.511475145816803, 0.8913356065750122, 0.451277494430542, 0.043235499411821365, 0.19811439514160156, -0.47352591156959534, 0.8582096695899963], "cam_t_m2c": [-190.06201171875, 175.97207641601562, 390.4830017089844], "obj_id": 0}, {"cam_R_m2c": [-0.7794645428657532, 0.520736813545227, -0.3482356369495392, 0.6239972114562988, 0.5962950587272644, -0.5050342679023743, -0.05533875897526741, -0.6109544038772583, -0.7897292375564575], "cam_t_m2c": [-265.8957824707031, 163.48948669433594, 657.4818725585938], "obj_id": 3}, {"cam_R_m2c": [0.4495241045951843, -0.7215195298194885, -0.5266285538673401, -0.4807887673377991, 0.3014414310455322, -0.8233925104141235, 0.7528414130210876, 0.6233319044113159, -0.21139328181743622], "cam_t_m2c": [-82.60486602783203, -22.7221622467041, 607.4910278320312], "obj_id": 1}, {"cam_R_m2c": [0.7474613189697266, -0.06127653270959854, 0.6614731550216675, -0.6437633633613586, -0.312519371509552, 0.6984986066818237, 0.16392163932323456, -0.9479328989982605, -0.273043692111969], "cam_t_m2c": [-103.78321838378906, -30.593414306640625, 812.9102172851562], "obj_id": 3}, {"cam_R_m2c": [0.5810635089874268, -0.8009976744651794, 0.14411064982414246, 0.7531804442405701, 0.4621553122997284, -0.4681150019168854, 0.3083575367927551, 0.38054588437080383, 0.8718373775482178], "cam_t_m2c": [-52.40251922607422, 86.5596694946289, 559.666748046875], "obj_id": 2}, {"cam_R_m2c": [0.5810635685920715, -0.18930508196353912, 0.7915356159210205, 0.7531803846359253, -0.24341140687465668, -0.6111217737197876, 0.3083573877811432, 0.9512697458267212, 0.0011434562038630247], "cam_t_m2c": [-2.3162336349487305, 24.583934783935547, 616.6643676757812], "obj_id": 2}, {"cam_R_m2c": [0.5865199565887451, -0.8099294900894165, -0.0029207775369286537, 0.7892243266105652, 0.5723289847373962, -0.22263078391551971, 0.18198688328266144, 0.12827225029468536, 0.9748984575271606], "cam_t_m2c": [-36.00242614746094, 80.23860168457031, 515.2213134765625], "obj_id": 1}, {"cam_R_m2c": [0.24812790751457214, 0.8694791793823242, 0.4271281957626343, -0.5247917175292969, -0.24996528029441833, 0.8137020468711853, 0.8142642378807068, -0.42605552077293396, 0.3942720890045166], "cam_t_m2c": [-139.87347412109375, 111.12115478515625, 488.4324035644531], "obj_id": 3}, {"cam_R_m2c": [0.4675324857234955, -0.7693896889686584, 0.43526172637939453, 0.4572147727012634, 0.6318860054016113, 0.6258391737937927, -0.7565500140190125, -0.09359202533960342, 0.6472036242485046], "cam_t_m2c": [-147.3176727294922, 138.68731689453125, 669.8905639648438], "obj_id": 1}, {"cam_R_m2c": [-0.5052919387817383, 0.5202420353889465, -0.6884971261024475, -0.8395795226097107, -0.4807899296283722, 0.2528778314590454, -0.199464812874794, 0.7058252096176147, 0.679723858833313], "cam_t_m2c": [-17.73215103149414, -32.93760681152344, 586.4251098632812], "obj_id": 2}, {"cam_R_m2c": [0.6159923076629639, 0.06536739319562912, 0.7850353717803955, 0.6054949164390564, -0.67676842212677, -0.41876021027565, 0.5039139986038208, 0.733288049697876, -0.4564637243747711], "cam_t_m2c": [74.36182403564453, -119.44281005859375, 613.7737426757812], "obj_id": 0}, {"cam_R_m2c": [-0.5464618802070618, 0.19765561819076538, 0.8138250708580017, -0.5886694192886353, 0.600538432598114, -0.5411300659179688, -0.5956906080245972, -0.7747811079025269, -0.21181745827198029], "cam_t_m2c": [-198.5277557373047, 306.0079650878906, 291.468994140625], "obj_id": 0}, {"cam_R_m2c": [-0.7123578190803528, -0.336039274930954, -0.6161362528800964, -0.7003886699676514, 0.2844226360321045, 0.6546444892883301, -0.044743191450834274, 0.8978760242462158, -0.43796879053115845], "cam_t_m2c": [-286.3779602050781, 121.7115249633789, 718.2098388671875], "obj_id": 2}, {"cam_R_m2c": [0.7714675068855286, 0.5746878981590271, -0.2730781137943268, 0.6178343296051025, -0.5740513801574707, 0.5373504757881165, 0.15204794704914093, -0.583265483379364, -0.7979238629341125], "cam_t_m2c": [-73.27641296386719, 136.96176147460938, 444.9673156738281], "obj_id": 2}, {"cam_R_m2c": [0.2645176649093628, -0.39526355266571045, -0.8796573877334595, 0.8053139448165894, 0.5923622250556946, -0.02400869131088257, 0.5305655598640442, -0.7020496726036072, 0.4750015437602997], "cam_t_m2c": [28.895828247070312, -58.81538772583008, 642.7516479492188], "obj_id": 1}, {"cam_R_m2c": [-0.29059135913848877, 0.9339524507522583, 0.20806127786636353, -0.8503018617630005, -0.15233772993087769, -0.5037658214569092, -0.4387977719306946, -0.3233048617839813, 0.8384094834327698], "cam_t_m2c": [-210.0306396484375, 177.4076690673828, 627.2584228515625], "obj_id": 0}, {"cam_R_m2c": [0.7751737833023071, 0.06196267157793045, 0.6287020444869995, -0.3967593014240265, 0.8221832513809204, 0.4081626832485199, -0.4916174113750458, -0.5658403635025024, 0.661919116973877], "cam_t_m2c": [-319.75286865234375, 102.88019561767578, 836.6025390625], "obj_id": 3}, {"cam_R_m2c": [0.774380087852478, 0.5960022807121277, 0.21240714192390442, -0.6282292008399963, 0.6843335032463074, 0.3701563775539398, 0.07525673508644104, -0.42008209228515625, 0.9043602347373962], "cam_t_m2c": [-372.48211669921875, 197.3535614013672, 700.535888671875], "obj_id": 3}, {"cam_R_m2c": [-0.38481777906417847, 0.7349166870117188, 0.5584018230438232, -0.0795939713716507, -0.6291596293449402, 0.7731900215148926, 0.9195541739463806, 0.2530919015407562, 0.3006068468093872], "cam_t_m2c": [-76.00699615478516, 92.38973236083984, 421.2308044433594], "obj_id": 3}, {"cam_R_m2c": [0.5167598724365234, 0.6818482875823975, 0.5177279114723206, -0.5069030523300171, -0.24365581572055817, 0.8268502354621887, 0.689933717250824, -0.6897209286689758, 0.21971936523914337], "cam_t_m2c": [18.38936996459961, 116.74435424804688, 404.4489440917969], "obj_id": 1}, {"cam_R_m2c": [-0.7709208130836487, -0.44824931025505066, 0.45249703526496887, -0.49557897448539734, 0.8684164881706238, 0.015944723039865494, -0.4001031219959259, -0.21195590496063232, -0.891623318195343], "cam_t_m2c": [-30.622520446777344, 39.36888885498047, 626.35205078125], "obj_id": 0}, {"cam_R_m2c": [-0.05921008065342903, -0.7546184659004211, 0.6534869074821472, 0.7989006042480469, 0.3566938638687134, 0.48428016901016235, -0.5985414981842041, 0.5507453680038452, 0.5817452669143677], "cam_t_m2c": [-56.6973991394043, 137.7058868408203, 501.5246276855469], "obj_id": 1}, {"cam_R_m2c": [-0.854857325553894, -0.4926609694957733, -0.16280043125152588, -0.4748004376888275, 0.8692916035652161, -0.1374649554491043, 0.20924466848373413, -0.04021521657705307, -0.9770359396934509], "cam_t_m2c": [-187.0206298828125, 192.9175262451172, 176.20181274414062], "obj_id": 2}, {"cam_R_m2c": [-0.09430123120546341, -0.547336757183075, 0.8315826654434204, -0.6846814751625061, 0.6420472860336304, 0.3449442982673645, -0.7227160334587097, -0.536840558052063, -0.4352971613407135], "cam_t_m2c": [74.71543884277344, 18.676179885864258, 408.6113586425781], "obj_id": 1}, {"cam_R_m2c": [-0.36445581912994385, 0.9269359707832336, -0.08922738581895828, -0.6704694032669067, -0.3276931047439575, -0.6656484603881836, -0.6462527513504028, -0.18277524411678314, 0.7409120202064514], "cam_t_m2c": [10.46776008605957, -87.35295867919922, 667.4533081054688], "obj_id": 2}, {"cam_R_m2c": [0.5604034662246704, 0.45845481753349304, 0.6897587180137634, 0.7940952777862549, -0.5340213179588318, -0.29023054242134094, 0.2352883219718933, 0.7103803753852844, -0.6633241772651672], "cam_t_m2c": [7.797802925109863, 33.62405014038086, 496.5896301269531], "obj_id": 2}, {"cam_R_m2c": [0.30595093965530396, -0.6975675225257874, 0.6479148268699646, 0.6872052550315857, -0.30918535590171814, -0.6573838591575623, 0.6588953137397766, 0.646377682685852, 0.38477644324302673], "cam_t_m2c": [-97.3062515258789, 142.24365234375, 444.6167907714844], "obj_id": 2}, {"cam_R_m2c": [0.08940935134887695, -0.44110363721847534, 0.892991304397583, 0.5839675068855286, -0.7030890583992004, -0.4057679772377014, 0.8068382143974304, 0.5577573776245117, 0.19472751021385193], "cam_t_m2c": [129.33938598632812, -59.68332290649414, 364.2101135253906], "obj_id": 0}, {"cam_R_m2c": [-0.4453701674938202, 0.04885919392108917, 0.8940121531486511, -0.8236837983131409, 0.36906683444976807, -0.4305048882961273, -0.3509843051433563, -0.928117573261261, -0.12412670254707336], "cam_t_m2c": [12.523921012878418, 49.56880569458008, 316.36083984375], "obj_id": 1}, {"cam_R_m2c": [-0.5956493616104126, 0.5132664442062378, -0.6178668141365051, -0.8006406426429749, -0.44126802682876587, 0.40528643131256104, -0.06462492048740387, 0.7360978722572327, 0.673783004283905], "cam_t_m2c": [-185.75363159179688, 69.66453552246094, 827.9889526367188], "obj_id": 2}, {"cam_R_m2c": [0.4232284724712372, -0.664463222026825, -0.6159272193908691, 0.8792886734008789, 0.13730654120445251, 0.4560682773590088, -0.2184697687625885, -0.7345989346504211, 0.6423670053482056], "cam_t_m2c": [-279.3398132324219, 190.05413818359375, 649.5529174804688], "obj_id": 0}, {"cam_R_m2c": [-0.854527473449707, -0.2957304120063782, 0.4269968569278717, -0.40882569551467896, 0.8900351524353027, -0.20173995196819305, -0.3203815519809723, -0.3469596207141876, -0.8814616203308105], "cam_t_m2c": [-47.39917755126953, 42.6375846862793, 431.072021484375], "obj_id": 1}, {"cam_R_m2c": [0.4819268584251404, -0.4114643931388855, 0.7735912799835205, 0.5354687571525574, 0.8371382355690002, 0.1116814836859703, -0.6935558319091797, 0.360411673784256, 0.623765766620636], "cam_t_m2c": [-164.28199768066406, 47.30522537231445, 690.3020629882812], "obj_id": 3}, {"cam_R_m2c": [-0.3409903347492218, -0.9309202432632446, -0.1308172643184662, -0.7751771211624146, 0.19971996545791626, 0.5993433594703674, -0.5318140387535095, 0.30577680468559265, -0.7897306680679321], "cam_t_m2c": [-59.95136260986328, -14.944816589355469, 622.033935546875], "obj_id": 2}, {"cam_R_m2c": [-0.5974192023277283, 0.051020435988903046, 0.8003043532371521, -0.5570666193962097, 0.6914792656898499, -0.45992735028266907, -0.5768595933914185, -0.7205923199653625, -0.38468122482299805], "cam_t_m2c": [-3.031724214553833, 21.031309127807617, 619.1512451171875], "obj_id": 0}, {"cam_R_m2c": [-0.8010945916175842, 0.29386022686958313, -0.5214340090751648, 0.4624670147895813, 0.8569352030754089, -0.22756604850292206, 0.3799625635147095, -0.42344799637794495, -0.8223868012428284], "cam_t_m2c": [-93.46965026855469, 132.42025756835938, 397.6925048828125], "obj_id": 3}]
}