{
  "0": [{"cam_R_m2c": [-0.9039577841758728, 0.22450853884220123, 0.3639448881149292, 0.4195318818092346, 0.6303773522377014, 0.653159499168396, -0.08278270810842514, 0.743115246295929, -0.6640229821205139], "cam_t_m2c": [81.72428894042969, 483.58154296875, 703.4105224609375], "obj_id": 3}, {"cam_R_m2c": [0.5563604235649109, 0.21085426211357117, -0.8037434816360474, 0.6148809194564819, -0.7550808787345886, 0.22753949463367462, -0.5589136481285095, -0.6208004951477051, -0.5497473478317261], "cam_t_m2c": [272.5378723144531, 253.1986541748047, 704.995361328125], "obj_id": 3}, {"cam_R_m2c": [-0.5121228098869324, -0.820836067199707, 0.2528993487358093, 0.8080207705497742, -0.5602676868438721, -0.18221504986286163, 0.2912600636482239, 0.1110314279794693, 0.9501787424087524], "cam_t_m2c": [125.03394317626953, 181.9129180908203, 835.8336181640625], "obj_id": 3}, {"cam_R_m2c": [0.9744250178337097, 0.03694743290543556, -0.2216547429561615, 0.15051384270191193, -0.8397446274757385, 0.5217033624649048, -0.1668577939271927, -0.5417228937149048, -0.8238292336463928], "cam_t_m2c": [296.5171813964844, 298.6328125, 675.1543579101562], "obj_id": 3}, {"cam_R_m2c": [-0.19442065060138702, 0.11819827556610107, 0.973770797252655, -0.9595886468887329, -0.22880946099758148, -0.16381581127643585, 0.20344536006450653, -0.9662686586380005, 0.157907173037529], "cam_t_m2c": [337.4018859863281, 437.706787109375, 661.6106567382812], "obj_id": 3}, {"cam_R_m2c": [-0.6147950291633606, -0.22015948593616486, 0.7573352456092834, -0.6875897645950317, -0.3207423985004425, -0.6514173150062561, 0.38632526993751526, -0.9212241768836975, 0.045811548829078674], "cam_t_m2c": [159.87147521972656, 530.4501953125, 848.5343017578125], "obj_id": 3}, {"cam_R_m2c": [-0.3369218111038208, -0.17778128385543823, -0.9245957732200623, 0.5631819367408752, 0.7489117980003357, -0.3492237329483032, 0.7545260787010193, -0.6383768320083618, -0.15220147371292114], "cam_t_m2c": [44.1707763671875, 516.1295166015625, 876.5512084960938], "obj_id": 3}, {"cam_R_m2c": [0.27491602301597595, -0.8693345785140991, 0.41070467233657837, 0.5822475552558899, -0.18939922749996185, -0.7906423807144165, 0.7651200890541077, 0.45649200677871704, 0.45409926772117615], "cam_t_m2c": [57.812103271484375, 511.7625732421875, 724.87548828125], "obj_id": 3}, {"cam_R_m2c": [0.97588711977005, -0.010663226246833801, -0.21801529824733734, 0.17336586117744446, 0.6447296142578125, 0.7444917559623718, 0.13262222707271576, -0.764336347579956, 0.6310319304466248], "cam_t_m2c": [293.3708190917969, 221.95346069335938, 639.7630004882812], "obj_id": 3}, {"cam_R_m2c": [0.9468149542808533, 0.21758900582790375, -0.23705792427062988, -0.031759414821863174, -0.6699223518371582, -0.7417513728141785, -0.3202073872089386, 0.7098301649093628, -0.6273819804191589], "cam_t_m2c": [241.38589477539062, 281.96551513671875, 761.06201171875], "obj_id": 3}, {"cam_R_m2c": [0.36453816294670105, -0.15643717348575592, 0.9179538488388062, -0.7567883133888245, -0.624155580997467, 0.19416773319244385, 0.5425710678100586, -0.7654783129692078, -0.34591829776763916], "cam_t_m2c": [102.9823989868164, 318.481689453125, 1008.4066162109375], "obj_id": 3}, {"cam_R_m2c": [-0.7233549356460571, -0.46754103899002075, -0.5080973505973816, 0.29856953024864197, 0.4517156481742859, -0.84071946144104, 0.6225863695144653, -0.7598409652709961, -0.18715718388557434], "cam_t_m2c": [132.7486114501953, 478.96978759765625, 865.6049194335938], "obj_id": 3}, {"cam_R_m2c": [0.13237157464027405, -0.7976518273353577, -0.5884125232696533, 0.9189889430999756, -0.12366985529661179, 0.37438613176345825, -0.3713987171649933, -0.5903026461601257, 0.7166628837585449], "cam_t_m2c": [-18.53839683532715, 577.7212524414062, 816.2928466796875], "obj_id": 3}, {"cam_R_m2c": [0.43267738819122314, -0.9011834263801575, -0.02566426992416382, 0.15634627640247345, 0.10303997248411179, -0.982312798500061, 0.887888491153717, 0.42101195454597473, 0.1854798048734665], "cam_t_m2c": [-32.151573181152344, 592.5140991210938, 740.5576171875], "obj_id": 3}, {"cam_R_m2c": [-0.8007418513298035, -0.3780188262462616, -0.46466565132141113, 0.027198011055588722, -0.7978675961494446, 0.6022188067436218, -0.5983917117118835, 0.4695838391780853, 0.6491674184799194], "cam_t_m2c": [111.99198913574219, 396.6343078613281, 954.7681884765625], "obj_id": 3}, {"cam_R_m2c": [0.795357882976532, 0.42584341764450073, -0.4313504695892334, 0.4241923391819, -0.8993777632713318, -0.1057363823056221, -0.4329742193222046, -0.09887731820344925, -0.8959667086601257], "cam_t_m2c": [255.64312744140625, 464.40740966796875, 932.8928833007812], "obj_id": 3}, {"cam_R_m2c": [0.3068126440048218, -0.9035230875015259, -0.299185574054718, 0.7377489805221558, 0.027162037789821625, 0.6745284795761108, -0.6013255715370178, -0.427677720785141, 0.6749069094657898], "cam_t_m2c": [111.14432525634766, 193.26536560058594, 694.5922241210938], "obj_id": 3}, {"cam_R_m2c": [0.8268455266952515, -0.024367211386561394, -0.5619009137153625, -0.5531402230262756, 0.1455911248922348, -0.8202676177024841, 0.10179539769887924, 0.9890446662902832, 0.10690289735794067], "cam_t_m2c": [0.08806344866752625, 468.4483337402344, 821.483642578125], "obj_id": 3}, {"cam_R_m2c": [-0.27645790576934814, -0.09049154818058014, -0.956756055355072, -0.5622144341468811, -0.7921901345252991, 0.23738045990467072, -0.7794137597084045, 0.603527843952179, 0.16813170909881592], "cam_t_m2c": [214.69973754882812, 126.48579406738281, 728.8070678710938], "obj_id": 3}, {"cam_R_m2c": [0.5345665216445923, -0.3893413245677948, 0.7501012682914734, -0.45365187525749207, -0.8810454607009888, -0.13400909304618835, 0.7130487561225891, -0.2686481177806854, -0.6476027369499207], "cam_t_m2c": [-43.174617767333984, 216.2970428466797, 665.8294067382812], "obj_id": 3}, {"cam_R_m2c": [0.3872557580471039, -0.9096428155899048, 0.15027594566345215, -0.040455855429172516, -0.17960238456726074, -0.9829070568084717, 0.9210842847824097, 0.37455686926841736, -0.10635241866111755], "cam_t_m2c": [327.47882080078125, 331.52850341796875, 563.726318359375], "obj_id": 3}, {"cam_R_m2c": [0.09466182440519333, -0.9942107200622559, -0.0508355014026165, -0.9591630697250366, -0.07741440832614899, -0.27205392718315125, 0.26654353737831116, 0.07451266795396805, -0.9609383940696716], "cam_t_m2c": [-8.844491004943848, 255.8431854248047, 812.1594848632812], "obj_id": 3}, {"cam_R_m2c": [0.8396934866905212, -0.539300799369812, 0.06379324197769165, -0.13235686719417572, -0.08930901437997818, 0.9871705174446106, -0.5266845226287842, -0.837364137172699, -0.14637236297130585], "cam_t_m2c": [11.307860374450684, 528.270751953125, 891.1522827148438], "obj_id": 3}, {"cam_R_m2c": [0.24795658886432648, 0.3991906940937042, -0.8827027678489685, -0.9460472464561462, -0.09641380608081818, -0.3093522787094116, -0.20859535038471222, 0.9117845296859741, 0.3537468910217285], "cam_t_m2c": [90.64984130859375, 565.834716796875, 861.6665649414062], "obj_id": 3}, {"cam_R_m2c": [-0.24120426177978516, -0.005245917942374945, -0.9704602360725403, -0.9400537014007568, 0.249673992395401, 0.23229718208312988, 0.24108007550239563, 0.9683157801628113, -0.06515388935804367], "cam_t_m2c": [5.199530601501465, 508.35931396484375, 830.4752807617188], "obj_id": 3}, {"cam_R_m2c": [-0.06695517152547836, -0.8324544429779053, -0.5500330924987793, -0.9976972937583923, 0.06183430925011635, 0.02786538191139698, 0.010814213193953037, 0.5506322979927063, -0.8346776962280273], "cam_t_m2c": [173.35980224609375, 354.9822998046875, 539.8544311523438], "obj_id": 3}, {"cam_R_m2c": [0.8427423238754272, -0.5061274170875549, 0.18335860967636108, -0.5140091180801392, -0.6553709506988525, 0.5534287095069885, -0.1599375456571579, -0.5606457591056824, -0.8124629259109497], "cam_t_m2c": [-12.956671714782715, 329.275146484375, 787.9225463867188], "obj_id": 3}, {"cam_R_m2c": [0.29944995045661926, -0.8478705286979675, 0.437544584274292, -0.747082531452179, -0.4936085343360901, -0.4452171325683594, 0.5934622287750244, -0.19356165826320648, -0.7812402844429016], "cam_t_m2c": [86.45297241210938, 98.28334045410156, 786.8946533203125], "obj_id": 3}, {"cam_R_m2c": [0.40859121084213257, -0.7163872718811035, -0.5655460357666016, 0.2880013883113861, -0.48677772283554077, 0.8246831297874451, -0.8660879135131836, -0.4998362958431244, 0.007427563890814781], "cam_t_m2c": [63.56465148925781, 322.8213806152344, 1052.5745849609375], "obj_id": 1}, {"cam_R_m2c": [-0.7690142393112183, -0.2383609265089035, 0.5931282043457031, -0.09593633562326431, -0.8743310570716858, -0.47575342655181885, 0.631991446018219, -0.42276373505592346, 0.6495056748390198], "cam_t_m2c": [259.0110778808594, 408.5656433105469, 668.5339965820312], "obj_id": 1}, {"cam_R_m2c": [0.17867182195186615, 0.8143253922462463, -0.5522231459617615, 0.2721872627735138, 0.4984426200389862, 0.8230850100517273, 0.9455106258392334, -0.29737016558647156, -0.1325913369655609], "cam_t_m2c": [6.7977399826049805, 485.23291015625, 733.10302734375], "obj_id": 1}, {"cam_R_m2c": [-0.02594470977783203, 0.35965263843536377, -0.9327254295349121, -0.7052394151687622, -0.6678608059883118, -0.23790563642978668, -0.708494246006012, 0.6516223549842834, 0.27096879482269287], "cam_t_m2c": [259.9936218261719, 358.3497619628906, 561.4627075195312], "obj_id": 1}, {"cam_R_m2c": [-0.9320530891418457, -0.31980857253074646, 0.1702921837568283, 0.028691286221146584, 0.40338027477264404, 0.9145824909210205, -0.3611838221549988, 0.8573253750801086, -0.3667960464954376], "cam_t_m2c": [18.53713607788086, 355.2928771972656, 1035.0433349609375], "obj_id": 1}, {"cam_R_m2c": [-0.6376925706863403, 0.6613332033157349, 0.39495134353637695, -0.744076132774353, -0.3962341248989105, -0.5379118919372559, -0.19924581050872803, -0.6368963122367859, 0.7447578310966492], "cam_t_m2c": [-91.972900390625, 199.01185607910156, 837.488525390625], "obj_id": 1}, {"cam_R_m2c": [0.3447253108024597, -0.9063151478767395, -0.24445293843746185, 0.7746238112449646, 0.12756328284740448, 0.619423508644104, -0.5302097797393799, -0.40289002656936646, 0.7460276484489441], "cam_t_m2c": [-58.768463134765625, 413.56927490234375, 981.8118286132812], "obj_id": 1}, {"cam_R_m2c": [0.7973371148109436, -0.3784535527229309, 0.4701344966888428, 0.4334147572517395, 0.9011428952217102, -0.009650266729295254, -0.4200061559677124, 0.2114577442407608, 0.8825420141220093], "cam_t_m2c": [258.1762390136719, 281.4351501464844, 768.7764892578125], "obj_id": 1}, {"cam_R_m2c": [0.8589807152748108, 0.5100353956222534, 0.04490019008517265, -0.39870837330818176, 0.7213418483734131, -0.5663015842437744, -0.3212222456932068, 0.4685400426387787, 0.8229741454124451], "cam_t_m2c": [151.54937744140625, 208.705078125, 769.5206298828125], "obj_id": 1}, {"cam_R_m2c": [0.28570881485939026, 0.11594600230455399, -0.951276421546936, -0.7757135629653931, 0.6108499765396118, -0.1585264950990677, 0.5627066493034363, 0.7832105159759521, 0.26446616649627686], "cam_t_m2c": [33.6923713684082, 309.2785949707031, 1033.5614013671875], "obj_id": 1}, {"cam_R_m2c": [0.7641237378120422, 0.4631911814212799, 0.4489641487598419, 0.3239172399044037, -0.8773989081382751, 0.3539049029350281, 0.5578463077545166, -0.12499989569187164, -0.8204769492149353], "cam_t_m2c": [94.44166564941406, 471.99658203125, 654.6552124023438], "obj_id": 1}, {"cam_R_m2c": [-0.8158405423164368, -0.2831047475337982, -0.504237949848175, -0.006078584119677544, 0.8761164546012878, -0.4820612370967865, 0.5782449841499329, -0.390220046043396, -0.7164921760559082], "cam_t_m2c": [254.56500244140625, 445.14654541015625, 861.82470703125], "obj_id": 1}, {"cam_R_m2c": [-0.9524280428886414, -0.25488734245300293, 0.16707150638103485, 0.294981986284256, -0.6332260966300964, 0.7155487537384033, -0.07659028470516205, 0.7307919263839722, 0.6782897710800171], "cam_t_m2c": [-99.49525451660156, 351.215576171875, 1019.969970703125], "obj_id": 1}, {"cam_R_m2c": [-0.38696086406707764, -0.8738961219787598, 0.2942219376564026, 0.7646076083183289, -0.48244497179985046, -0.4273426830768585, 0.5153990983963013, 0.05959939584136009, 0.8548752069473267], "cam_t_m2c": [153.75360107421875, 105.46277618408203, 743.10595703125], "obj_id": 1}, {"cam_R_m2c": [0.049121271818876266, -0.36051297187805176, 0.9314597845077515, -0.701942503452301, -0.675898551940918, -0.2245829552412033, 0.7105375528335571, -0.6427994966506958, -0.2862602770328522], "cam_t_m2c": [168.92152404785156, 563.1088256835938, 857.42529296875], "obj_id": 1}, {"cam_R_m2c": [0.09086170047521591, -0.7461880445480347, 0.6595054864883423, 0.4285942316055298, -0.568475067615509, -0.7022414803504944, 0.8989166617393494, 0.34646710753440857, 0.26815930008888245], "cam_t_m2c": [239.20684814453125, 472.1549072265625, 777.9393310546875], "obj_id": 1}, {"cam_R_m2c": [-0.5909361839294434, -0.6300989389419556, -0.5037553906440735, -0.38460254669189453, 0.7689645290374756, -0.510660707950592, 0.7091368436813354, -0.10802236199378967, -0.6967466473579407], "cam_t_m2c": [0.44359248876571655, 473.8927917480469, 794.7345581054688], "obj_id": 1}, {"cam_R_m2c": [0.3521762490272522, -0.910137951374054, -0.2182220071554184, 0.831021785736084, 0.19682219624519348, 0.520253598690033, -0.43055158853530884, -0.36456820368766785, 0.8256605267524719], "cam_t_m2c": [130.0856170654297, 479.5314025878906, 929.7647094726562], "obj_id": 1}, {"cam_R_m2c": [0.02448895573616028, 0.9996820688247681, -0.005996829364448786, -0.9996851682662964, 0.0245208702981472, 0.005307354032993317, 0.005452713929116726, 0.005864970851689577, 0.9999679327011108], "cam_t_m2c": [168.3963623046875, 499.89801025390625, 794.902587890625], "obj_id": 1}, {"cam_R_m2c": [0.037147630006074905, 0.3335976004600525, -0.9419833421707153, 0.7706425786018372, -0.6096659898757935, -0.1855188012123108, -0.6361839175224304, -0.7190409302711487, -0.2797320783138275], "cam_t_m2c": [290.76983642578125, 191.2946014404297, 667.7567138671875], "obj_id": 1}, {"cam_R_m2c": [0.05688507482409477, 0.17425839602947235, 0.9830554127693176, -0.7254562973976135, 0.6836945414543152, -0.0792141854763031, -0.6859133243560791, -0.7086576819419861, 0.1653089076280594], "cam_t_m2c": [76.92840576171875, 194.83897399902344, 829.2979736328125], "obj_id": 1}, {"cam_R_m2c": [0.4373323917388916, 0.7711695432662964, -0.4626423120498657, 0.4290396571159363, 0.27321019768714905, 0.8609768748283386, 0.7903577089309692, -0.5750249624252319, -0.21137863397598267], "cam_t_m2c": [53.19682693481445, 356.694580078125, 745.0887451171875], "obj_id": 1}, {"cam_R_m2c": [0.29301366209983826, 0.17364060878753662, -0.9402084350585938, -0.43166399002075195, 0.9014681577682495, 0.031958915293216705, 0.8531173467636108, 0.3964897394180298, 0.33909687399864197], "cam_t_m2c": [241.87554931640625, 189.6580047607422, 827.96240234375], "obj_id": 1}, {"cam_R_m2c": [0.17871861159801483, -0.9638116359710693, 0.19780473411083221, -0.9805238842964172, -0.1578279733657837, 0.11688987165689468, -0.08144069463014603, -0.21484266221523285, -0.9732471108436584], "cam_t_m2c": [251.16973876953125, 292.43475341796875, 664.0785522460938], "obj_id": 1}, {"cam_R_m2c": [0.988494336605072, 0.14593470096588135, 0.03977489098906517, -0.10884523391723633, 0.5036896467208862, 0.8570002317428589, 0.10503187775611877, -0.8514692187309265, 0.5137786865234375], "cam_t_m2c": [280.2553405761719, 187.74732971191406, 867.731201171875], "obj_id": 1}, {"cam_R_m2c": [-0.6470248103141785, -0.7445541620254517, -0.16431036591529846, -0.762387216091156, 0.6349086165428162, 0.12512686848640442, 0.011158334091305733, 0.2062283307313919, -0.9784402251243591], "cam_t_m2c": [213.21202087402344, 190.40863037109375, 847.912353515625], "obj_id": 1}, {"cam_R_m2c": [-0.15272021293640137, 0.014811962842941284, 0.9881583452224731, -0.9747369289398193, 0.1626436710357666, -0.15308399498462677, -0.16298508644104004, -0.9865735769271851, -0.010401098057627678], "cam_t_m2c": [107.7024154663086, 490.0460205078125, 847.2603149414062], "obj_id": 1}, {"cam_R_m2c": [0.26469820737838745, 0.9504218697547913, 0.16319648921489716, 0.9096552729606628, -0.18991410732269287, -0.3694046437740326, -0.3200969398021698, 0.2462332844734192, -0.9148262143135071], "cam_t_m2c": [-61.19176483154297, 326.9004211425781, 800.479736328125], "obj_id": 1}, {"cam_R_m2c": [-0.7371743321418762, 0.42103368043899536, -0.5284926891326904, -0.6408284902572632, -0.6836543679237366, 0.3492210805416107, -0.21427251398563385, 0.5961100459098816, 0.7737829685211182], "cam_t_m2c": [-37.8021354675293, 351.47088623046875, 678.1970825195312], "obj_id": 1}, {"cam_R_m2c": [0.30691927671432495, 0.9081063866615295, -0.2848566174507141, -0.9426463842391968, 0.24878723919391632, -0.22253675758838654, -0.13121837377548218, 0.3368198871612549, 0.9323808550834656], "cam_t_m2c": [113.00250244140625, 248.27938842773438, 823.2810668945312], "obj_id": 1}, {"cam_R_m2c": [-0.795204222202301, -0.5743194222450256, 0.19444125890731812, 0.25212955474853516, -0.6048402786254883, -0.7553799748420715, 0.5514352917671204, -0.55165696144104, 0.6257744431495667], "cam_t_m2c": [117.27506256103516, 235.1704864501953, 655.0219116210938], "obj_id": 1}, {"cam_R_m2c": [0.9364581108093262, 0.15508206188678741, 0.31463587284088135, 0.3173378109931946, -0.7567615509033203, -0.5714970231056213, 0.1494753658771515, 0.6350288391113281, -0.757888913154602], "cam_t_m2c": [223.0357666015625, 511.1347961425781, 792.8367309570312], "obj_id": 1}, {"cam_R_m2c": [0.859367311000824, -0.25109052658081055, 0.44546762108802795, 0.4658127725124359, 0.7437851428985596, -0.47937682271003723, -0.21096523106098175, 0.6194652915000916, 0.7561458349227905], "cam_t_m2c": [286.2401123046875, 434.50933837890625, 885.3504638671875], "obj_id": 1}, {"cam_R_m2c": [0.42959317564964294, -0.8846619129180908, -0.18117067217826843, -0.12423978000879288, 0.1408165693283081, -0.9822092056274414, 0.8944350481033325, 0.444458931684494, -0.04941631853580475], "cam_t_m2c": [19.447011947631836, 468.688720703125, 790.3300170898438], "obj_id": 1}, {"cam_R_m2c": [-0.9904927015304565, -0.08639094233512878, 0.10705467313528061, -0.12723129987716675, 0.8712234497070312, -0.4741116464138031, -0.05230959132313728, -0.4832248389720917, -0.8739321231842041], "cam_t_m2c": [125.88041687011719, 330.5080261230469, 611.4031372070312], "obj_id": 1}, {"cam_R_m2c": [-0.10859081894159317, 0.11335450410842896, -0.9876024723052979, 0.39275938272476196, 0.9175403118133545, 0.062127452343702316, 0.913207471370697, -0.3811436891555786, -0.14415748417377472], "cam_t_m2c": [128.5034637451172, 126.50801086425781, 798.5640869140625], "obj_id": 1}, {"cam_R_m2c": [-0.48381155729293823, -0.4692785441875458, -0.738717794418335, -0.8425660133361816, 0.4780155122280121, 0.2481607049703598, 0.23666206002235413, 0.742481529712677, -0.6266675591468811], "cam_t_m2c": [106.74748992919922, 500.41143798828125, 889.3982543945312], "obj_id": 1}, {"cam_R_m2c": [0.7110979557037354, 0.7021872401237488, -0.03567555174231529, -0.31389856338500977, 0.2716602087020874, -0.9097628593444824, -0.6291322112083435, 0.6581290364265442, 0.4135926067829132], "cam_t_m2c": [217.75164794921875, 180.26564025878906, 911.110107421875], "obj_id": 1}, {"cam_R_m2c": [-0.28945302963256836, -0.9563119411468506, 0.04103909060359001, -0.8905715942382812, 0.2533441185951233, -0.37775513529777527, 0.350854754447937, -0.14589063823223114, -0.924995481967926], "cam_t_m2c": [323.20147705078125, 235.61041259765625, 664.251953125], "obj_id": 1}, {"cam_R_m2c": [0.19377993047237396, -0.9276430010795593, 0.3192611038684845, -0.9429226517677307, -0.086274154484272, 0.3216416835784912, -0.2708246409893036, -0.3633662462234497, -0.8914138078689575], "cam_t_m2c": [103.99661254882812, 144.86611938476562, 762.4336547851562], "obj_id": 1}, {"cam_R_m2c": [-0.9190043807029724, -0.339507520198822, 0.20041336119174957, 0.2391122728586197, -0.07581435889005661, 0.9680275917053223, -0.3134584426879883, 0.9375429153442383, 0.1508542001247406], "cam_t_m2c": [6.170845985412598, 403.8647766113281, 846.5357055664062], "obj_id": 1}, {"cam_R_m2c": [0.2151036113500595, 0.539237916469574, 0.8142191171646118, -0.8366106152534485, -0.3283551335334778, 0.43848085403442383, 0.5037986040115356, -0.7755032181739807, 0.3805018663406372], "cam_t_m2c": [129.87864685058594, 321.46124267578125, 770.4651489257812], "obj_id": 1}, {"cam_R_m2c": [-0.1800657957792282, -0.10019683837890625, 0.9785380959510803, -0.28652164340019226, -0.9463183879852295, -0.14962203800678253, 0.9410002827644348, -0.3073141872882843, 0.14169108867645264], "cam_t_m2c": [241.67401123046875, 347.4452819824219, 682.9435424804688], "obj_id": 1}, {"cam_R_m2c": [0.5977879166603088, 0.8016537427902222, 0.0009004541207104921, -0.7060328722000122, 0.5259513854980469, 0.47422847151756287, 0.3796934485435486, -0.2841237783432007, 0.8804013729095459], "cam_t_m2c": [41.36387252807617, 436.4869689941406, 874.9772338867188], "obj_id": 1}, {"cam_R_m2c": [-0.742611289024353, 0.6346523761749268, -0.21388018131256104, -0.14661258459091187, -0.4656660556793213, -0.8727312088012695, -0.6534777283668518, -0.6167426109313965, 0.43885695934295654], "cam_t_m2c": [-23.095134735107422, 349.81268310546875, 950.4168090820312], "obj_id": 1}, {"cam_R_m2c": [0.7378136515617371, -0.2834239900112152, -0.6126188635826111, -0.4032629430294037, -0.9128900170326233, -0.06333136558532715, -0.5413039922714233, 0.29377320408821106, -0.7878371477127075], "cam_t_m2c": [230.3155059814453, 271.5174255371094, 682.8939208984375], "obj_id": 1}, {"cam_R_m2c": [-0.8549754619598389, -0.30744636058807373, -0.41772425174713135, 0.4274086058139801, 0.038635335862636566, -0.9032326340675354, 0.29383447766304016, -0.9507807493209839, 0.09837300330400467], "cam_t_m2c": [199.21127319335938, 198.23890686035156, 870.41845703125], "obj_id": 1}, {"cam_R_m2c": [0.5389804840087891, -0.4129827618598938, -0.7341288924217224, -0.7647362947463989, -0.6052740812301636, -0.220955953001976, -0.3530982434749603, 0.6805059909820557, -0.6420538425445557], "cam_t_m2c": [-2.7822673320770264, 420.6494140625, 873.8107299804688], "obj_id": 1}, {"cam_R_m2c": [-0.3116399645805359, 0.9029176235198975, -0.29600661993026733, -0.35266420245170593, 0.17936089634895325, 0.9183993339538574, 0.8823310732841492, 0.3906010687351227, 0.2625309228897095], "cam_t_m2c": [76.39395141601562, 404.66943359375, 583.576171875], "obj_id": 1}, {"cam_R_m2c": [-0.18495996296405792, -0.019262829795479774, -0.9825571775436401, 0.831638514995575, -0.5357680320739746, -0.146046981215477, -0.5236095786094666, -0.8441452980041504, 0.11511550098657608], "cam_t_m2c": [285.9842529296875, 237.20497131347656, 665.658203125], "obj_id": 1}, {"cam_R_m2c": [0.4768834114074707, -0.4277520179748535, -0.7678608894348145, 0.8718898892402649, 0.11957749724388123, 0.47487807273864746, -0.11131121218204498, -0.8959516286849976, 0.4299772381782532], "cam_t_m2c": [326.8653259277344, 270.0530700683594, 699.3212280273438], "obj_id": 1}, {"cam_R_m2c": [0.18542712926864624, 0.9066404104232788, -0.37897223234176636, -0.5509837865829468, -0.22340479493141174, -0.8040566444396973, -0.8136544823646545, 0.3579014837741852, 0.45811888575553894], "cam_t_m2c": [195.28709411621094, 339.7882385253906, 536.8653564453125], "obj_id": 1}, {"cam_R_m2c": [-0.033705804497003555, -0.456836998462677, 0.8889116048812866, -0.06161794438958168, 0.8886748552322388, 0.4543788731098175, -0.9975305199623108, -0.03945768624544144, -0.05810285732150078], "cam_t_m2c": [239.2794189453125, 354.92449951171875, 683.4244995117188], "obj_id": 1}, {"cam_R_m2c": [0.1687549203634262, 0.8597291111946106, -0.48206597566604614, -0.6772143244743347, 0.4564950466156006, 0.5770554542541504, 0.7161720991134644, 0.22908106446266174, 0.659256637096405], "cam_t_m2c": [225.48385620117188, 404.6327819824219, 791.4009399414062], "obj_id": 1}, {"cam_R_m2c": [0.11992055177688599, 0.26629534363746643, 0.9564025402069092, -0.9858742356300354, -0.08151457458734512, 0.14631235599517822, 0.11692307889461517, -0.9604384899139404, 0.2527584731578827], "cam_t_m2c": [83.97494506835938, 575.8819580078125, 847.9667358398438], "obj_id": 3}, {"cam_R_m2c": [0.5993371605873108, -0.056405387818813324, 0.7985069751739502, 0.6873850226402283, -0.47494399547576904, -0.5494814515113831, 0.4102398455142975, 0.8782064318656921, -0.24587933719158173], "cam_t_m2c": [180.9493865966797, 350.6925354003906, 989.7462768554688], "obj_id": 1}, {"cam_R_m2c": [-0.5862426161766052, 0.8088515400886536, -0.04559105262160301, 0.8070940375328064, 0.578244686126709, -0.11929886788129807, -0.0701323002576828, -0.10673436522483826, -0.9918109178543091], "cam_t_m2c": [41.78518295288086, 329.5367431640625, 567.2439575195312], "obj_id": 1}, {"cam_R_m2c": [0.7946597933769226, -0.6057716608047485, -0.039452239871025085, 0.1974002569913864, 0.3193163573741913, -0.9268603324890137, 0.5740634799003601, 0.7287507653236389, 0.373327374458313], "cam_t_m2c": [-76.65809631347656, 317.27960205078125, 866.8383178710938], "obj_id": 1}, {"cam_R_m2c": [-0.9980021119117737, -0.001650133403018117, -0.0631590187549591, -0.06110025942325592, 0.2796178162097931, 0.9581652283668518, 0.016079287976026535, 0.9601100087165833, -0.2791600227355957], "cam_t_m2c": [78.54460906982422, 338.0426940917969, 553.1293334960938], "obj_id": 1}, {"cam_R_m2c": [-0.4496951699256897, 0.2320614904165268, 0.8625089526176453, -0.6112843751907349, -0.7840399742126465, -0.10776253044605255, 0.651233971118927, -0.5756985545158386, 0.49443453550338745], "cam_t_m2c": [116.69127655029297, 508.4067077636719, 917.68017578125], "obj_id": 3}, {"cam_R_m2c": [-0.9241561889648438, -0.37524348497390747, -0.07160613685846329, 0.37267687916755676, -0.926777184009552, 0.04685983061790466, -0.08394678682088852, 0.016619857400655746, 0.9963316321372986], "cam_t_m2c": [-18.90183448791504, 338.46087646484375, 714.0590209960938], "obj_id": 1}, {"cam_R_m2c": [-0.29228219389915466, 0.768633246421814, 0.5690113306045532, 0.8405511975288391, 0.4902554750442505, -0.2304847687482834, -0.456119179725647, 0.41091659665107727, -0.7893685698509216], "cam_t_m2c": [-73.8833999633789, 202.69212341308594, 877.383056640625], "obj_id": 1}, {"cam_R_m2c": [0.37987905740737915, -0.9228515625, -0.06353557109832764, 0.8923762440681458, 0.3836911916732788, -0.2375827580690384, 0.24363167583942413, 0.033555060625076294, 0.9692872166633606], "cam_t_m2c": [223.0868682861328, 562.5310668945312, 871.39697265625], "obj_id": 1}, {"cam_R_m2c": [-0.2523798942565918, 0.5923359990119934, -0.765142023563385, 0.7123668193817139, 0.6488842368125916, 0.2673625946044922, 0.6548570990562439, -0.4775848388671875, -0.5857258439064026], "cam_t_m2c": [266.4705505371094, 165.15499877929688, 868.4672241210938], "obj_id": 3}, {"cam_R_m2c": [-0.27355602383613586, -0.7756064534187317, 0.5688598155975342, 0.7848168015480042, 0.16193602979183197, 0.5981965661048889, -0.5560840368270874, 0.6100911498069763, 0.5644105672836304], "cam_t_m2c": [109.92604064941406, 182.3273468017578, 726.2949829101562], "obj_id": 1}, {"cam_R_m2c": [0.13662096858024597, 0.9763827323913574, 0.1673659235239029, 0.09578712284564972, -0.18117883801460266, 0.9787741899490356, 0.9859814643859863, -0.11768951267004013, -0.1182776466012001], "cam_t_m2c": [337.552734375, 541.0344848632812, 875.4423217773438], "obj_id": 1}, {"cam_R_m2c": [0.0321664921939373, -0.5455381274223328, 0.8374684453010559, -0.4309675395488739, -0.7635766267776489, -0.4808509349822998, 0.901793897151947, -0.34545445442199707, -0.25967079401016235], "cam_t_m2c": [205.26771545410156, 409.9812927246094, 914.6109008789062], "obj_id": 3}, {"cam_R_m2c": [-0.7451581358909607, 0.17533694207668304, 0.6434254050254822, 0.03708360716700554, 0.974219560623169, -0.2225332260131836, -0.665855884552002, -0.14196191728115082, -0.7324497699737549], "cam_t_m2c": [-0.9424620866775513, 300.2904052734375, 598.6441650390625], "obj_id": 1}, {"cam_R_m2c": [-0.9975674152374268, 0.0696331337094307, -0.0032339964527636766, 0.011981768533587456, 0.2169847935438156, 0.9761014580726624, 0.06867072731256485, 0.9736882448196411, -0.21729128062725067], "cam_t_m2c": [7.9990692138671875, 242.33998107910156, 711.8366088867188], "obj_id": 3}, {"cam_R_m2c": [-0.34278127551078796, -0.5227714776992798, -0.7805197238922119, 0.25743672251701355, 0.7467766404151917, -0.6132299304008484, 0.9034530520439148, -0.4111381769180298, -0.12140046060085297], "cam_t_m2c": [33.00248718261719, 533.3327026367188, 849.9017333984375], "obj_id": 3}, {"cam_R_m2c": [-0.5134086608886719, 0.4034140408039093, 0.7574090957641602, 0.7013128995895386, 0.7058877944946289, 0.09941144287586212, -0.49454182386398315, 0.5822194814682007, -0.6453284025192261], "cam_t_m2c": [120.93183898925781, 402.20709228515625, 810.2503051757812], "obj_id": 3}, {"cam_R_m2c": [0.7334492206573486, 0.6621841192245483, -0.15350693464279175, 0.6443511247634888, -0.6053777933120728, 0.46725717186927795, 0.21648059785366058, -0.4416217803955078, -0.8706929683685303], "cam_t_m2c": [80.02354431152344, 577.1663208007812, 839.9581909179688], "obj_id": 3}, {"cam_R_m2c": [0.0005057246307842433, 0.1587272584438324, 0.9873223304748535, 0.40382498502731323, -0.9032707810401917, 0.14500783383846283, 0.9148361086845398, 0.39863210916519165, -0.064554862678051], "cam_t_m2c": [220.93960571289062, 378.6818542480469, 688.910400390625], "obj_id": 1}, {"cam_R_m2c": [-0.07341738790273666, -0.8635340332984924, -0.4989176392555237, 0.8599250316619873, -0.30818867683410645, 0.40687668323516846, -0.5051126480102539, -0.3991599380970001, 0.7652009725570679], "cam_t_m2c": [281.5023498535156, 454.7318115234375, 937.117919921875], "obj_id": 3}, {"cam_R_m2c": [-0.11801346391439438, 0.14535190165042877, 0.9823163747787476, 0.2773659825325012, -0.945031464099884, 0.17315711081027985, 0.9534887671470642, 0.2928960621356964, 0.07121090590953827], "cam_t_m2c": [76.4792709350586, 272.78033447265625, 890.5164184570312], "obj_id": 3}, {"cam_R_m2c": [-0.4736020267009735, 0.663940966129303, -0.5786911249160767, 0.8594584465026855, 0.49195918440818787, -0.13895060122013092, 0.19243741035461426, -0.5631682872772217, -0.8036225438117981], "cam_t_m2c": [296.2509765625, 399.21905517578125, 833.4171142578125], "obj_id": 3}, {"cam_R_m2c": [0.3520810008049011, -0.4233543276786804, 0.8347514271736145, 0.933540403842926, 0.2230508029460907, -0.28062519431114197, -0.06738802790641785, 0.8780770301818848, 0.47375041246414185], "cam_t_m2c": [118.01371765136719, 381.30670166015625, 598.38916015625], "obj_id": 1}, {"cam_R_m2c": [-0.6532337069511414, -0.07225511223077774, 0.7537007331848145, 0.7112666368484497, -0.3998394012451172, 0.5781246423721313, 0.2595868408679962, 0.9137327671051025, 0.312581330537796], "cam_t_m2c": [334.7422180175781, 372.41253662109375, 608.2290649414062], "obj_id": 3}, {"cam_R_m2c": [-0.10599178075790405, 0.4291554093360901, -0.8969900608062744, -0.6364983916282654, 0.663769543170929, 0.39278462529182434, 0.7639603018760681, 0.612564742565155, 0.20280267298221588], "cam_t_m2c": [55.669532775878906, 460.61480712890625, 813.7267456054688], "obj_id": 3}, {"cam_R_m2c": [0.5268357992172241, -0.4314485192298889, 0.7323224544525146, 0.024818558245897293, -0.8534131050109863, -0.5206437706947327, 0.8496046662330627, 0.29246896505355835, -0.4389006197452545], "cam_t_m2c": [106.52325439453125, 243.31800842285156, 839.8109130859375], "obj_id": 1}, {"cam_R_m2c": [-0.7387634515762329, 0.6661981344223022, -0.1020214706659317, -0.2283458262681961, -0.10499389469623566, 0.9679020047187805, 0.6341029405593872, 0.7383469343185425, 0.2296893447637558], "cam_t_m2c": [289.327880859375, 422.2812194824219, 722.9423217773438], "obj_id": 1}, {"cam_R_m2c": [0.44423288106918335, -0.8648849129676819, -0.2337331473827362, -0.6348243951797485, -0.11978211998939514, -0.7633152008056641, 0.632182776927948, 0.48746922612190247, -0.6022611856460571], "cam_t_m2c": [237.00396728515625, 381.50250244140625, 577.8300170898438], "obj_id": 1}, {"cam_R_m2c": [-0.1444411724805832, 0.9890049695968628, 0.03171190991997719, 0.9478451609611511, 0.12908583879470825, 0.291421115398407, 0.28412339091300964, 0.07215122133493423, -0.9560688734054565], "cam_t_m2c": [-15.139666557312012, 362.830810546875, 1001.7621459960938], "obj_id": 1}, {"cam_R_m2c": [-0.2687368392944336, 0.6052953004837036, -0.7492650151252747, 0.8133743405342102, 0.5592806935310364, 0.1600852757692337, 0.5159482955932617, -0.566412091255188, -0.6426309943199158], "cam_t_m2c": [326.9483947753906, 339.52288818359375, 557.8397216796875], "obj_id": 1}, {"cam_R_m2c": [0.70540452003479, -0.6982683539390564, -0.12176092714071274, -0.6283820271492004, -0.6955477595329285, 0.34835171699523926, -0.32793357968330383, -0.16921646893024445, -0.9294218420982361], "cam_t_m2c": [43.869239807128906, 466.7451171875, 869.3865966796875], "obj_id": 3}, {"cam_R_m2c": [0.1448182463645935, 0.24305497109889984, 0.9591412544250488, 0.9870082139968872, 0.03268880024552345, -0.157309427857399, -0.06958800554275513, 0.9694615602493286, -0.23516330122947693], "cam_t_m2c": [65.03675842285156, 458.0408020019531, 721.5189819335938], "obj_id": 3}, {"cam_R_m2c": [-0.1854633390903473, 0.46100303530693054, -0.8678014874458313, 0.9732704162597656, 0.20791283249855042, -0.09755413234233856, 0.13545426726341248, -0.8626983165740967, -0.48724082112312317], "cam_t_m2c": [62.85933303833008, 264.2218322753906, 767.9777221679688], "obj_id": 3}, {"cam_R_m2c": [0.9763613343238831, -0.11471616476774216, -0.1831905096769333, -0.04302433505654335, 0.7274280786514282, -0.6848337650299072, 0.21181941032409668, 0.6765268445014954, 0.70529705286026], "cam_t_m2c": [-71.08560943603516, 276.6101989746094, 804.891357421875], "obj_id": 1}, {"cam_R_m2c": [-0.9091237783432007, 0.40783390402793884, 0.08464592695236206, -0.09534800052642822, -0.005944394506514072, -0.9954261183738708, -0.40546539425849915, -0.9130366444587708, 0.04429061338305473], "cam_t_m2c": [182.12060546875, 413.4129638671875, 779.0319213867188], "obj_id": 3}, {"cam_R_m2c": [0.249893456697464, 0.2063830941915512, 0.9460228085517883, -0.849428117275238, -0.4222574234008789, 0.316496878862381, 0.4647848904132843, -0.8826689124107361, 0.0697883740067482], "cam_t_m2c": [76.74627685546875, 193.85745239257812, 805.1909790039062], "obj_id": 1}, {"cam_R_m2c": [-0.8493433594703674, -0.4513096213340759, 0.27374324202537537, 0.32198500633239746, -0.03203846886754036, 0.9462024569511414, -0.41825994849205017, 0.8917920589447021, 0.17252667248249054], "cam_t_m2c": [72.70471954345703, 181.59507751464844, 699.2633666992188], "obj_id": 1}, {"cam_R_m2c": [-0.4681878387928009, -0.5290918350219727, 0.7077160477638245, 0.22098857164382935, 0.7053581476211548, 0.6735235452651978, -0.8555490374565125, 0.4717326760292053, -0.21331682801246643], "cam_t_m2c": [207.34425354003906, 348.1721496582031, 865.69482421875], "obj_id": 3}, {"cam_R_m2c": [-0.457455039024353, 0.888692319393158, -0.030995992943644524, 0.06531853973865509, -0.001180891296826303, -0.9978637099266052, -0.8868304491043091, -0.45850247144699097, -0.05750783160328865], "cam_t_m2c": [74.40345001220703, 615.9615478515625, 782.3170776367188], "obj_id": 3}, {"cam_R_m2c": [0.31185397505760193, -0.8188559412956238, -0.4818941354751587, -0.7922418117523193, 0.055878087878227234, -0.6076433062553406, 0.5244996547698975, 0.5712726712226868, -0.6313061118125916], "cam_t_m2c": [314.57598876953125, 582.2488403320312, 842.4338989257812], "obj_id": 3}, {"cam_R_m2c": [0.176815465092659, -0.9710417985916138, -0.16066770255565643, 0.9704715609550476, 0.1447901427745819, 0.19292676448822021, -0.16407684981822968, -0.190035879611969, 0.9679695963859558], "cam_t_m2c": [151.05264282226562, 141.52401733398438, 741.1322631835938], "obj_id": 1}, {"cam_R_m2c": [0.32334592938423157, -0.1411457508802414, -0.9356951117515564, -0.9075897336006165, 0.23360133171081543, -0.3488714396953583, 0.26782137155532837, 0.9620334506034851, -0.052568405866622925], "cam_t_m2c": [288.8074951171875, 410.3905334472656, 928.52294921875], "obj_id": 1}, {"cam_R_m2c": [-0.4172685444355011, 0.8826473951339722, 0.21638023853302002, -0.26009610295295715, 0.1121501699090004, -0.9590475559234619, -0.8707679510116577, -0.4564601182937622, 0.18277649581432343], "cam_t_m2c": [312.8514709472656, 405.52703857421875, 936.4793090820312], "obj_id": 3}, {"cam_R_m2c": [-0.09258900582790375, -0.4651208817958832, 0.8803919553756714, -0.36311444640159607, -0.8075254559516907, -0.46481263637542725, 0.9271328449249268, -0.36271950602531433, -0.09412423521280289], "cam_t_m2c": [112.34629821777344, 463.4693603515625, 771.2840576171875], "obj_id": 3}, {"cam_R_m2c": [-0.32852834463119507, 0.902484655380249, 0.27855023741722107, 0.12326882034540176, -0.25142720341682434, 0.9599941968917847, 0.9364152550697327, 0.3497220277786255, -0.028647055849432945], "cam_t_m2c": [-80.69415283203125, 385.47039794921875, 1012.4334106445312], "obj_id": 3}, {"cam_R_m2c": [0.40729930996894836, 0.1263972669839859, -0.9045058488845825, 0.8533122539520264, -0.4056641161441803, 0.3275584578514099, -0.3255231976509094, -0.9052403569221497, -0.273082971572876], "cam_t_m2c": [17.857933044433594, 522.03857421875, 894.3342895507812], "obj_id": 3}, {"cam_R_m2c": [0.9581228494644165, 0.05517284572124481, 0.2809920012950897, -0.013478332199156284, 0.9888647198677063, -0.14820556342601776, -0.2860400080680847, 0.13821184635162354, 0.9481975436210632], "cam_t_m2c": [188.16397094726562, 150.37046813964844, 833.4844970703125], "obj_id": 3}, {"cam_R_m2c": [-0.4166472256183624, 0.8951965570449829, -0.1582021415233612, -0.9008729457855225, -0.3832761347293854, 0.20378200709819794, 0.1217898428440094, 0.22742527723312378, 0.9661495685577393], "cam_t_m2c": [76.8064956665039, 340.9769592285156, 875.9276123046875], "obj_id": 3}, {"cam_R_m2c": [-0.9982551336288452, -0.0544043630361557, 0.022948909550905228, -0.04849874600768089, 0.5337793827056885, -0.8442318439483643, 0.03368024528026581, -0.8438718318939209, -0.5354864597320557], "cam_t_m2c": [138.1321258544922, 164.52493286132812, 692.1777954101562], "obj_id": 3}, {"cam_R_m2c": [-0.10827940702438354, -0.6581755876541138, 0.7450372576713562, 0.8514284491539001, 0.32546934485435486, 0.4112655222415924, -0.5131717324256897, 0.6788774728775024, 0.5251477360725403], "cam_t_m2c": [174.27761840820312, 351.4976501464844, 1007.2404174804688], "obj_id": 1}, {"cam_R_m2c": [-0.5591159462928772, -0.0012194158043712378, 0.8290884494781494, -0.7897127270698547, -0.3037354350090027, -0.5330087542533875, 0.2524735927581787, -0.9527555108070374, 0.16886049509048462], "cam_t_m2c": [282.2164306640625, 156.6457061767578, 741.4169311523438], "obj_id": 3}, {"cam_R_m2c": [0.3400178551673889, 0.7085519433021545, -0.6183381080627441, -0.6088852286338806, 0.6669589877128601, 0.4294466972351074, 0.7166914939880371, 0.23047737777233124, 0.6582047939300537], "cam_t_m2c": [68.52349090576172, 289.43359375, 825.8095092773438], "obj_id": 1}, {"cam_R_m2c": [0.05983687564730644, 0.05960728973150253, 0.9964267611503601, -0.964818000793457, 0.2594742476940155, 0.04241658002138138, -0.25601863861083984, -0.9639086723327637, 0.07303641736507416], "cam_t_m2c": [9.480753898620605, 502.010986328125, 884.1392211914062], "obj_id": 3}, {"cam_R_m2c": [0.44508934020996094, -0.4419119656085968, -0.7788512706756592, 0.24201343953609467, -0.7780253291130066, 0.5797465443611145, -0.8621629476547241, -0.4465314745903015, -0.23934215307235718], "cam_t_m2c": [7.3341875076293945, 319.92584228515625, 648.9782104492188], "obj_id": 3}, {"cam_R_m2c": [-0.666593611240387, 0.7448330521583557, 0.029605673626065254, 0.1382816582918167, 0.08453366905450821, 0.9867786765098572, 0.7324827313423157, 0.6618743538856506, -0.15934628248214722], "cam_t_m2c": [42.5523796081543, 292.1467590332031, 643.2562866210938], "obj_id": 1}, {"cam_R_m2c": [-0.9680073857307434, -0.15333512425422668, -0.19861949980258942, 0.24449902772903442, -0.7543376684188843, -0.6092574000358582, -0.056405629962682724, -0.6383280754089355, 0.7676950097084045], "cam_t_m2c": [217.00775146484375, 369.2687072753906, 541.1141967773438], "obj_id": 1}, {"cam_R_m2c": [0.8479101061820984, -0.5242288112640381, -0.0789467