{
  "0": [{"cam_R_m2c": [0.12406160682439804, 0.5227166414260864, -0.8434309959411621, -0.059827324002981186, 0.8523917198181152, 0.5194699168205261, 0.9904691576957703, -0.013985997997224331, 0.13702183961868286], "cam_t_m2c": [-58.7982292175293, -52.96632766723633, 4165.79736328125], "obj_id": 0}, {"cam_R_m2c": [-0.8700032234191895, -0.4923749268054962, -0.025708548724651337, 0.023445885628461838, -0.09339837729930878, 0.9953526258468628, -0.4924878478050232, 0.8653573989868164, 0.09280127286911011], "cam_t_m2c": [195.83779907226562, -59.812015533447266, 4192.96484375], "obj_id": 0}, {"cam_R_m2c": [-0.6924332976341248, -0.1252305507659912, -0.7105304002761841, -0.08283831179141998, -0.9645081758499146, 0.25072240829467773, -0.7167105078697205, 0.23246769607067108, 0.657483696937561], "cam_t_m2c": [0.0003163738001603633, 0.0012330710887908936, 4082.097900390625], "obj_id": 0}, {"cam_R_m2c": [0.42424559593200684, -0.5296319127082825, -0.7345104813575745, -0.8205919861793518, 0.11815959960222244, -0.5591663122177124, 0.38294175267219543, 0.8399572968482971, -0.3844829797744751], "cam_t_m2c": [395.6241149902344, -45.95948791503906, 4039.955078125], "obj_id": 1}, {"cam_R_m2c": [-0.08159156143665314, -0.3682030439376831, 0.9261583089828491, -0.14840227365493774, 0.9233859181404114, 0.35402706265449524, -0.9855554103851318, -0.10855835676193237, -0.12998266518115997], "cam_t_m2c": [48.13730239868164, 35.95070266723633, 3994.367919921875], "obj_id": 1}, {"cam_R_m2c": [-0.4047318398952484, 0.725058376789093, -0.5572096109390259, -0.9072163105010986, -0.3947962522506714, 0.1452397257089615, -0.11467697471380234, 0.5642927885055542, 0.8175713419914246], "cam_t_m2c": [391.8077697753906, 54.1666374206543, 4345.75390625], "obj_id": 1}, {"cam_R_m2c": [-0.39830172061920166, 0.6038525104522705, 0.6904474496841431, -0.8435165882110596, 0.05456411466002464, -0.5343242287635803, -0.3603266477584839, -0.7952262163162231, 0.4876267611980438], "cam_t_m2c": [312.46771240234375, -20.7952880859375, 4462.62060546875], "obj_id": 2}, {"cam_R_m2c": [-0.3670540153980255, -0.7709862589836121, 0.5204338431358337, -0.7228289246559143, -0.11574263870716095, -0.6812649369239807, 0.5854823589324951, -0.6262456774711609, -0.5148073434829712], "cam_t_m2c": [535.0328979492188, -107.89659118652344, 4099.3857421875], "obj_id": 2}, {"cam_R_m2c": [-0.7732559442520142, -0.3736131489276886, 0.5123361349105835, -0.462274968624115, -0.22089309990406036, -0.8587828278541565, 0.4340241253376007, -0.9008991718292236, -0.0019050081027671695], "cam_t_m2c": [77.766845703125, 211.1114044189453, 4115.83056640625], "obj_id": 1}, {"cam_R_m2c": [-0.4191775321960449, -0.05710752680897713, -0.9061064720153809, -0.7789619565010071, 0.5352909564971924, 0.3266218900680542, 0.46637803316116333, 0.8427350521087646, -0.26886650919914246], "cam_t_m2c": [-32.95212173461914, 138.56600952148438, 4227.4697265625], "obj_id": 1}, {"cam_R_m2c": [-0.17300234735012054, 0.7989704608917236, 0.5759484171867371, -0.11653420329093933, 0.5640534162521362, -0.8174738883972168, -0.9780031442642212, -0.20854251086711884, -0.004475229419767857], "cam_t_m2c": [-26.403091430664062, -11.530898094177246, 3948.580810546875], "obj_id": 2}, {"cam_R_m2c": [0.4684227406978607, 0.07460778951644897, 0.8803486824035645, 0.5638240575790405, 0.7419039607048035, -0.3628787696361542, -0.6802077293395996, 0.6663424372673035, 0.30545902252197266], "cam_t_m2c": [470.8359069824219, 87.50310516357422, 4200.3564453125], "obj_id": 0}, {"cam_R_m2c": [0.1127057746052742, 0.41571542620658875, -0.9024843573570251, 0.8033086061477661, -0.572686493396759, -0.16347888112068176, -0.5848013758659363, -0.7065484523773193, -0.39849281311035156], "cam_t_m2c": [24.955902099609375, -145.9466552734375, 4250.748046875], "obj_id": 2}, {"cam_R_m2c": [0.400301069021225, -0.9121633768081665, 0.0878467857837677, 0.19764943420886993, 0.17954710125923157, 0.9636895656585693, -0.8948149681091309, -0.3684031069278717, 0.25216144323349], "cam_t_m2c": [219.52584838867188, -15.86498737335205, 4458.25341796875], "obj_id": 2}, {"cam_R_m2c": [-0.9922701716423035, 0.031776562333106995, -0.11995933949947357, 0.0916530042886734, -0.46405303478240967, -0.88105309009552, -0.08366433531045914, -0.8852373361587524, 0.457553505897522], "cam_t_m2c": [40.1754035949707, -58.9646110534668, 4071.096923828125], "obj_id": 2}, {"cam_R_m2c": [-0.18712644279003143, 0.9822980165481567, -0.00862603634595871, 0.9789020419120789, 0.18719860911369324, 0.08189985901117325, 0.08206484466791153, 0.006881580222398043, -0.9966033101081848], "cam_t_m2c": [52.29027557373047, -61.52090072631836, 4432.91552734375], "obj_id": 1}, {"cam_R_m2c": [0.16649101674556732, -0.9742158651351929, 0.15226341784000397, -0.6172921061515808, -0.22339366376399994, -0.7543511986732483, 0.768915593624115, 0.0316016785800457, -0.6385687589645386], "cam_t_m2c": [272.6746826171875, 40.244667053222656, 4242.97705078125], "obj_id": 0}, {"cam_R_m2c": [0.7556915879249573, -0.618947446346283, 0.2140895277261734, -0.019550731405615807, -0.3480640649795532, -0.9372668862342834, 0.6546357870101929, 0.7040991187095642, -0.2751299738883972], "cam_t_m2c": [-184.08749389648438, 71.72856903076172, 4402.12939453125], "obj_id": 2}, {"cam_R_m2c": [-0.40432009100914, -0.01665690541267395, 0.9144657850265503, -0.8813245892524719, 0.27440229058265686, -0.3846689760684967, -0.24452407658100128, -0.9614706635475159, -0.12562644481658936], "cam_t_m2c": [-38.42241668701172, -105.08627319335938, 4417.6943359375], "obj_id": 1}, {"cam_R_m2c": [0.3447834551334381, -0.3749571442604065, 0.8605413436889648, 0.10869359225034714, 0.9265355467796326, 0.36016324162483215, -0.9323679208755493, -0.03064296767115593, 0.360209584236145], "cam_t_m2c": [165.3971710205078, -80.64143371582031, 4463.20703125], "obj_id": 0}]
}