{
  "0": [{"cam_R_m2c": [-0.9057686924934387, 0.1945805847644806, 0.376459002494812, 0.3214835226535797, -0.2632795572280884, 0.9095780253410339, 0.27610018849372864, 0.9448927044868469, 0.17591597139835358], "cam_t_m2c": [-445.0171203613281, 95.90946197509766, 729.7896118164062], "obj_id": 2}, {"cam_R_m2c": [-0.568439781665802, -0.05592421442270279, -0.82082200050354, -0.4424086809158325, 0.8619410395622253, 0.24765335023403168, 0.6936503648757935, 0.5039147734642029, -0.5147029757499695], "cam_t_m2c": [-380.4391174316406, 203.15760803222656, 580.8490600585938], "obj_id": 0}, {"cam_R_m2c": [-0.3062494993209839, -0.4515411853790283, -0.8380463719367981, -0.8246285319328308, 0.5656641125679016, -0.0034348343033343554, 0.47560372948646545, 0.6900250911712646, -0.5455881357192993], "cam_t_m2c": [-274.9937744140625, 62.96253204345703, 710.78125], "obj_id": 2}, {"cam_R_m2c": [0.6263858079910278, -0.20299896597862244, 0.7526169419288635, 0.7747387290000916, 0.0554259791970253, -0.6298474669456482, 0.08614388108253479, 0.9776089787483215, 0.1919892132282257], "cam_t_m2c": [-335.1114501953125, 179.63223266601562, 832.986572265625], "obj_id": 3}],
  "1": [{"cam_R_m2c": [0.38382765650749207, 0.6008058190345764, -0.7012194395065308, 0.13727806508541107, 0.7138193249702454, 0.6867435574531555, 0.913143515586853, -0.35985323786735535, 0.19150613248348236], "cam_t_m2c": [137.37371826171875, -103.29962921142578, 1277.6763916015625], "obj_id": 2}, {"cam_R_m2c": [0.9605174660682678, -0.2747610807418823, -0.043732140213251114, 0.20998364686965942, 0.8190473318099976, -0.5339179039001465, 0.18251854181289673, 0.503654420375824, 0.8444046378135681], "cam_t_m2c": [-48.71920394897461, -158.16098022460938, 1292.812255859375], "obj_id": 0}, {"cam_R_m2c": [0.9678893685340881, 0.22265951335430145, 0.11667456477880478, -0.08388029783964157, 0.7236133217811584, -0.685089647769928, -0.2369690090417862, 0.6533042788505554, 0.7190543413162231], "cam_t_m2c": [65.03167724609375, -88.45408630371094, 1119.931396484375], "obj_id": 2}, {"cam_R_m2c": [-0.7835769057273865, 0.6011450886726379, 0.15694455802440643, 0.6153600215911865, 0.7857539057731628, 0.06263276934623718, -0.0856684073805809, 0.14565500617027283, -0.9856192469596863], "cam_t_m2c": [83.56747436523438, 52.7920036315918, 1228.442626953125], "obj_id": 3}]
}