{
  "0": [{"cam_R_m2c": [0.4123428463935852, -0.01870543695986271, 0.9108366966247559, 0.48860448598861694, 0.8483763933181763, -0.20377232134342194, -0.7689207196235657, 0.5290629267692566, 0.3589614927768707], "cam_t_m2c": [232.9988555908203, -105.09579467773438, 591.2405395507812], "obj_id": 3}, {"cam_R_m2c": [0.8045280575752258, -0.17522433400154114, 0.567477822303772, -0.21336588263511658, -0.9769719839096069, 0.0008274611900560558, 0.5542649030685425, -0.12174612283706665, -0.8233882784843445], "cam_t_m2c": [49.095428466796875, -305.80194091796875, 715.2772216796875], "obj_id": 3}, {"cam_R_m2c": [0.44408589601516724, -0.4588138461112976, -0.7695956826210022, 0.8680976033210754, 0.007701588794589043, 0.4963337182998657, -0.22179768979549408, -0.8884990215301514, 0.40171539783477783], "cam_t_m2c": [-83.52001953125, -206.15887451171875, 587.0498046875], "obj_id": 3}, {"cam_R_m2c": [0.17845651507377625, -0.2829630374908447, 0.9423827528953552, -0.3467583954334259, -0.9143968224525452, -0.20889514684677124, 0.9208213090896606, -0.2895004153251648, -0.26129990816116333], "cam_t_m2c": [101.84080505371094, -307.68353271484375, 742.555419921875], "obj_id": 3}, {"cam_R_m2c": [-0.8495494723320007, 0.45245087146759033, -0.2712082862854004, -0.3713509440422058, -0.8781117796897888, -0.30169227719306946, -0.37465211749076843, -0.1555890589952469, 0.9140174388885498], "cam_t_m2c": [213.9815673828125, -246.4352569580078, 812.33837890625], "obj_id": 3}, {"cam_R_m2c": [-0.744174599647522, 0.36890795826911926, -0.5568763017654419, 0.06308859586715698, -0.7911232113838196, -0.6083946228027344, -0.6649993658065796, -0.4878843426704407, 0.5654597878456116], "cam_t_m2c": [170.14085388183594, 3.170607089996338, 708.2528076171875], "obj_id": 3}, {"cam_R_m2c": [-0.051448188722133636, 0.9911129474639893, -0.12267148494720459, 0.9985600113868713, 0.049182988703250885, -0.02142389863729477, -0.015200146473944187, -0.12359705567359924, -0.992216169834137], "cam_t_m2c": [146.280517578125, 52.448944091796875, 601.5806274414062], "obj_id": 3}, {"cam_R_m2c": [-0.07175419479608536, -0.4017229974269867, -0.9129457473754883, 0.8187357783317566, 0.4990462064743042, -0.28394466638565063, 0.5696691870689392, -0.7678356170654297, 0.2930963635444641], "cam_t_m2c": [241.3804168701172, -64.64964294433594, 580.259521484375], "obj_id": 3}, {"cam_R_m2c": [0.0001529469300294295, 0.9869765639305115, 0.16086360812187195, -0.11615636199712753, -0.15975713729858398, 0.9802985191345215, 0.9932308793067932, -0.018835213035345078, 0.11461924016475677], "cam_t_m2c": [67.1102523803711, -378.849609375, 713.0368041992188], "obj_id": 3}, {"cam_R_m2c": [0.14200513064861298, -0.9798449873924255, -0.14049316942691803, -0.559582531452179, 0.0376117005944252, -0.82792067527771, 0.8165181279182434, 0.19618651270866394, -0.5429630875587463], "cam_t_m2c": [35.658321380615234, -237.5479278564453, 705.1605224609375], "obj_id": 3}, {"cam_R_m2c": [-0.9430088996887207, 0.03491596132516861, 0.3309304416179657, -0.18421529233455658, -0.8829702138900757, -0.43177324533462524, 0.2771259844303131, -0.4681284725666046, 0.8390809893608093], "cam_t_m2c": [-91.91993713378906, 9.038718223571777, 637.4325561523438], "obj_id": 3}, {"cam_R_m2c": [-0.14782832562923431, 0.8588629364967346, -0.49040910601615906, 0.8680614233016968, -0.12494039535522461, -0.48047810792922974, -0.4739367961883545, -0.49673354625701904, -0.72707599401474], "cam_t_m2c": [121.30418395996094, -6.855451583862305, 673.7323608398438], "obj_id": 3}, {"cam_R_m2c": [0.9313195943832397, 0.32812073826789856, -0.15805239975452423, 0.24509161710739136, -0.24364349246025085, 0.9383857846260071, 0.2693954110145569, -0.9126744270324707, -0.30732959508895874], "cam_t_m2c": [235.04107666015625, 66.51453399658203, 544.3018798828125], "obj_id": 3}, {"cam_R_m2c": [-0.48110631108283997, -0.15599283576011658, -0.8626719117164612, 0.5980603098869324, 0.661094069480896, -0.45307669043540955, 0.6409839987754822, -0.73390793800354, -0.22476337850093842], "cam_t_m2c": [296.2886657714844, 24.987337112426758, 518.530517578125], "obj_id": 3}, {"cam_R_m2c": [0.4476165175437927, -0.8926738500595093, 0.0526573583483696, -0.15697559714317322, -0.020468242466449738, 0.9873903393745422, -0.8803397417068481, -0.45023810863494873, -0.14928992092609406], "cam_t_m2c": [1.780777931213379, 14.616786003112793, 653.4017333984375], "obj_id": 3}, {"cam_R_m2c": [0.5672630667686462, -0.6348393559455872, 0.524587094783783, -0.31547296047210693, -0.7559139728546143, -0.5736469626426697, 0.7607163786888123, 0.15991567075252533, -0.6290767192840576], "cam_t_m2c": [60.77909851074219, -6.8723344802856445, 800.930419921875], "obj_id": 3}, {"cam_R_m2c": [0.9364607334136963, 0.34080931544303894, 0.08300789445638657, -0.08838921040296555, 0.00026420733775012195, 0.9960859417915344, 0.33945345878601074, -0.9401323199272156, 0.03037129156291485], "cam_t_m2c": [17.904645919799805, -297.1938781738281, 545.8633422851562], "obj_id": 3}, {"cam_R_m2c": [-0.5222750306129456, -0.534507691860199, -0.6644773483276367, -0.5307826399803162, 0.8136137127876282, -0.23728159070014954, 0.6674566864967346, 0.2287667840719223, -0.7086374759674072], "cam_t_m2c": [148.18206787109375, -2.0759048461914062, 536.21533203125], "obj_id": 3}, {"cam_R_m2c": [0.09630333632230759, -0.9888935089111328, 0.11320390552282333, -0.8164473176002502, -0.013427100144326687, 0.5772637128829956, -0.5693323612213135, -0.14801742136478424, -0.8086725473403931], "cam_t_m2c": [-59.63120651245117, -346.58721923828125, 634.7579956054688], "obj_id": 3}, {"cam_R_m2c": [-0.8328247666358948, -0.4730958342552185, 0.28737252950668335, 0.06801893562078476, -0.6026889085769653, -0.7950718402862549, 0.5493414998054504, -0.6426088213920593, 0.5341139435768127], "cam_t_m2c": [61.110572814941406, -253.87295532226562, 399.47869873046875], "obj_id": 3}, {"cam_R_m2c": [-0.6495203375816345, -0.3389919102191925, -0.6805938482284546, 0.5175189971923828, 0.45867714285850525, -0.7223499417304993, 0.5570436120033264, -0.8214011192321777, -0.12248542904853821], "cam_t_m2c": [198.05291748046875, -378.61920166015625, 755.52880859375], "obj_id": 3}, {"cam_R_m2c": [-0.9035587906837463, -0.06199778616428375, 0.42395472526550293, -0.4193868041038513, 0.3305663764476776, -0.8454824090003967, -0.08772711455821991, -0.9417442083358765, -0.3246871531009674], "cam_t_m2c": [-6.08018159866333, -134.9170379638672, 473.57220458984375], "obj_id": 3}, {"cam_R_m2c": [0.205608531832695, 0.503655195236206, 0.839080810546875, -0.7355177402496338, -0.4860518276691437, 0.4719822406768799, 0.6455530524253845, -0.7142024040222168, 0.2705109417438507], "cam_t_m2c": [147.42190551757812, 81.09812927246094, 576.7108154296875], "obj_id": 3}, {"cam_R_m2c": [-0.5904130339622498, -0.6863022446632385, -0.4247368276119232, -0.805927038192749, 0.47294166684150696, 0.3561006784439087, -0.04351700097322464, 0.5525534749031067, -0.83234041929245], "cam_t_m2c": [191.4681396484375, 56.68522262573242, 654.4251098632812], "obj_id": 3}, {"cam_R_m2c": [-0.857222318649292, -0.4431443512439728, 0.2622841000556946, -0.3169805705547333, 0.8555030822753906, 0.4094359278678894, -0.40582406520843506, 0.26783865690231323, -0.8738244771957397], "cam_t_m2c": [172.25709533691406, 26.996042251586914, 552.8006591796875], "obj_id": 3}, {"cam_R_m2c": [-0.7583972811698914, -0.27489563822746277, 0.5909872055053711, -0.5756607055664062, 0.707746684551239, -0.4095233380794525, -0.3056930601596832, -0.6507894992828369, -0.6949997544288635], "cam_t_m2c": [238.37625122070312, -331.5586242675781, 610.5051879882812], "obj_id": 3}, {"cam_R_m2c": [-0.32253679633140564, -0.10651986300945282, 0.9405443072319031, -0.7020503878593445, -0.6395632028579712, -0.31318384408950806, 0.6348978281021118, -0.7613227963447571, 0.13150034844875336], "cam_t_m2c": [65.45352172851562, -106.60800170898438, 482.4126281738281], "obj_id": 3}, {"cam_R_m2c": [-0.9659366011619568, -0.20832858979701996, 0.1535114347934723, -0.12023759633302689, -0.16398319602012634, -0.9791079759597778, 0.2291494756937027, -0.9642140865325928, 0.13334839046001434], "cam_t_m2c": [-113.050537109375, -279.8385314941406, 519.3995361328125], "obj_id": 3}, {"cam_R_m2c": [0.7646222114562988, -0.009187096729874611, 0.6444132924079895, -0.5863938927650452, -0.4247620701789856, 0.6897242069244385, 0.26738572120666504, -0.9052584767341614, -0.33016976714134216], "cam_t_m2c": [-115.68244934082031, 56.531654357910156, 610.9159545898438], "obj_id": 1}, {"cam_R_m2c": [-0.4501878321170807, -0.37426576018333435, -0.8107133507728577, 0.6503978371620178, -0.7595208287239075, -0.010532119311392307, -0.6118118166923523, -0.5320276618003845, 0.5853485465049744], "cam_t_m2c": [190.98997497558594, -233.58712768554688, 732.6604614257812], "obj_id": 1}, {"cam_R_m2c": [-0.41959166526794434, 0.5340139269828796, 0.7340110540390015, 0.7927793860435486, -0.1782441884279251, 0.5828636884689331, 0.4420904219150543, 0.8264734148979187, -0.34856557846069336], "cam_t_m2c": [218.26776123046875, -58.17882537841797, 527.3644409179688], "obj_id": 1}, {"cam_R_m2c": [-0.06952567398548126, -0.9467412829399109, -0.3143993616104126, -0.9332905411720276, -0.049579232931137085, 0.3556830585002899, -0.3523275554180145, 0.3181551396846771, -0.8801376223564148], "cam_t_m2c": [222.87774658203125, -342.0312194824219, 697.876708984375], "obj_id": 1}, {"cam_R_m2c": [0.2998514771461487, -0.24016806483268738, 0.9232596755027771, 0.05870293080806732, 0.9706028699874878, 0.23341824114322662, -0.9521780610084534, -0.015792757272720337, 0.30513525009155273], "cam_t_m2c": [-77.63836669921875, 78.1668472290039, 572.5260009765625], "obj_id": 1}, {"cam_R_m2c": [-0.40355321764945984, 0.08614299446344376, -0.9108919501304626, -0.3884471654891968, -0.917512059211731, 0.08532501757144928, -0.8284042477607727, 0.38826659321784973, 0.4037269651889801], "cam_t_m2c": [-61.809532165527344, -123.97696685791016, 386.645751953125], "obj_id": 1}, {"cam_R_m2c": [0.9161915183067322, 0.40066903829574585, -0.007576778531074524, -0.02677294798195362, 0.0800633355975151, 0.9964300990104675, 0.39984533190727234, -0.9127179980278015, 0.08408044278621674], "cam_t_m2c": [4.691111087799072, 100.06644439697266, 502.1829528808594], "obj_id": 1}, {"cam_R_m2c": [0.5656803250312805, 0.5605217218399048, -0.6048315167427063, -0.301116019487381, 0.8232204914093018, 0.48128700256347656, 0.7676815390586853, -0.09013013541698456, 0.6344617009162903], "cam_t_m2c": [29.458402633666992, -237.73764038085938, 722.5743408203125], "obj_id": 1}, {"cam_R_m2c": [-0.13079850375652313, 0.2163556069135666, -0.9675132632255554, -0.7543628811836243, 0.6115105748176575, 0.23872879147529602, 0.6432949304580688, 0.7610815167427063, 0.08322598785161972], "cam_t_m2c": [-21.17509651184082, -246.62890625, 604.18212890625], "obj_id": 1}, {"cam_R_m2c": [-0.9668817520141602, -0.054713089019060135, -0.24929076433181763, -0.15544375777244568, 0.9009338617324829, 0.40516090393066406, 0.20242689549922943, 0.43049344420433044, -0.8796013593673706], "cam_t_m2c": [-112.1519775390625, 44.24464797973633, 575.2252197265625], "obj_id": 1}, {"cam_R_m2c": [-0.15399645268917084, -0.6028637290000916, 0.7828412652015686, 0.352499395608902, -0.7736783623695374, -0.5264655351638794, 0.9230542778968811, 0.1948772519826889, 0.33165282011032104], "cam_t_m2c": [255.49122619628906, -151.62445068359375, 589.7587280273438], "obj_id": 1}, {"cam_R_m2c": [-0.34502771496772766, 0.9300719499588013, 0.1261819750070572, 0.6811667084693909, 0.3406146466732025, -0.6480690240859985, -0.6457302570343018, -0.13765086233615875, -0.7510555386543274], "cam_t_m2c": [92.66155242919922, -69.75260925292969, 779.6614990234375], "obj_id": 1}, {"cam_R_m2c": [0.3163280785083771, -0.9443110823631287, 0.09062621742486954, 0.43330392241477966, 0.2288089096546173, 0.8717191219329834, -0.8439100980758667, -0.23648054897785187, 0.481552392244339], "cam_t_m2c": [-65.51653289794922, 103.16513061523438, 456.75201416015625], "obj_id": 1}, {"cam_R_m2c": [0.25924280285835266, -0.3639816641807556, -0.8946006894111633, 0.9636039137840271, 0.03487629443407059, 0.2650489807128906, -0.06527268141508102, -0.9307528138160706, 0.3597756624221802], "cam_t_m2c": [-82.09339904785156, -329.1404113769531, 575.1597290039062], "obj_id": 1}, {"cam_R_m2c": [-0.9968617558479309, -0.07502467185258865, -0.025257322937250137, 0.07351326942443848, -0.7589823007583618, -0.646947979927063, 0.029367195442318916, -0.646774411201477, 0.7621157169342041], "cam_t_m2c": [188.6194610595703, 26.488117218017578, 726.7568969726562], "obj_id": 1}, {"cam_R_m2c": [-0.26691946387290955, -0.6221165657043457, -0.7360196709632874, 0.8824453949928284, 0.14919628202915192, -0.4461284577846527, 0.3873552978038788, -0.7685775756835938, 0.5091605186462402], "cam_t_m2c": [168.54576110839844, -109.2126235961914, 753.4586791992188], "obj_id": 1}, {"cam_R_m2c": [-0.726911723613739, 0.6805881857872009, 0.0916445255279541, 0.4732799828052521, 0.5931881666183472, -0.6512555480003357, -0.497599333524704, -0.4300318658351898, -0.7533041834831238], "cam_t_m2c": [169.74578857421875, -18.28947639465332, 532.0438232421875], "obj_id": 1}, {"cam_R_m2c": [0.8934345841407776, 0.42819249629974365, -0.13574188947677612, 0.0773010402917862, 0.15112045407295227, 0.98548823595047, 0.4424920678138733, -0.8909622430801392, 0.10191650688648224], "cam_t_m2c": [79.96321105957031, 40.8869743347168, 685.37060546875], "obj_id": 1}, {"cam_R_m2c": [-0.7605559229850769, -0.03071969375014305, -0.6485453248023987, -0.6105086803436279, -0.30613842606544495, 0.7304508090019226, -0.2209838479757309, 0.9514912366867065, 0.21408072113990784], "cam_t_m2c": [181.6664276123047, -57.037986755371094, 697.0918579101562], "obj_id": 1}, {"cam_R_m2c": [0.996344804763794, -0.006714950781315565, 0.08515811711549759, -0.00597447669133544, -0.9999419450759888, -0.008947161026299, 0.08521326631307602, 0.008405682630836964, -0.9963271021842957], "cam_t_m2c": [25.770893096923828, -376.2996826171875, 709.1722412109375], "obj_id": 1}, {"cam_R_m2c": [-0.1033182293176651, 0.9716851115226746, -0.21249337494373322, -0.9561284184455872, -0.15590205788612366, -0.24801811575889587, -0.2741236686706543, 0.1775461584329605, 0.9451632499694824], "cam_t_m2c": [-67.29280090332031, -187.40504455566406, 543.35888671875], "obj_id": 1}, {"cam_R_m2c": [-0.21145541965961456, 0.5469396710395813, 0.8100268840789795, 0.6912455558776855, -0.5022314786911011, 0.5195604562759399, 0.6909892559051514, 0.6697914004325867, -0.2718700170516968], "cam_t_m2c": [111.1436767578125, -142.5649871826172, 542.2654418945312], "obj_id": 1}, {"cam_R_m2c": [-0.896665632724762, 0.4148789644241333, -0.15448665618896484, 0.26154544949531555, 0.7779859900474548, 0.571254551410675, 0.35718995332717896, 0.47181907296180725, -0.8061030507087708], "cam_t_m2c": [-77.8350830078125, -245.1861114501953, 697.587158203125], "obj_id": 1}, {"cam_R_m2c": [-0.6963481307029724, 0.06472451239824295, 0.7147795557975769, -0.7120897769927979, 0.062019262462854385, -0.699343740940094, -0.0895947515964508, -0.9959740042686462, 0.002902745269238949], "cam_t_m2c": [106.44621276855469, -304.72216796875, 695.7841186523438], "obj_id": 1}, {"cam_R_m2c": [-0.19579337537288666, 0.9301013946533203, 0.31076717376708984, -0.31148338317871094, -0.3594745099544525, 0.8796340823173523, 0.9298617839813232, 0.07542775571346283, 0.3600939214229584], "cam_t_m2c": [-106.98650360107422, -229.98861694335938, 742.0553588867188], "obj_id": 1}, {"cam_R_m2c": [-0.5543371438980103, 0.3792681097984314, 0.7408547401428223, -0.2439131736755371, 0.7770256996154785, -0.5802907943725586, -0.7957489490509033, -0.5023810863494873, -0.33822566270828247], "cam_t_m2c": [-88.98924255371094, -220.9346160888672, 675.056884765625], "obj_id": 1}, {"cam_R_m2c": [-0.623673677444458, 0.7663914561271667, -0.15386725962162018, -0.6598824858665466, -0.6217105388641357, -0.42193707823753357, -0.4190298914909363, -0.1616167575120926, 0.8934729695320129], "cam_t_m2c": [142.79356384277344, -5.291155815124512, 648.7871704101562], "obj_id": 1}, {"cam_R_m2c": [0.8847561478614807, -0.3475446403026581, 0.3105145990848541, 0.23358285427093506, -0.24586541950702667, -0.9407386183738708, 0.4032934904098511, 0.9048551321029663, -0.13635045289993286], "cam_t_m2c": [57.652103424072266, -83.24664306640625, 439.0152893066406], "obj_id": 1}, {"cam_R_m2c": [-0.3111543655395508, -0.9252313375473022, -0.21709436178207397, -0.30433863401412964, -0.11939617246389389, 0.9450516104698181, -0.9003115892410278, 0.36012712121009827, -0.24443300068378448], "cam_t_m2c": [154.9998016357422, -164.64234924316406, 440.4232482910156], "obj_id": 1}, {"cam_R_m2c": [-0.6410369277000427, -0.07304981350898743, -0.7640256285667419, -0.7669268250465393, 0.09976008534431458, 0.6339330077171326, 0.029910527169704437, 0.9923263192176819, -0.11997366696596146], "cam_t_m2c": [-24.597209930419922, -171.0850067138672, 589.2294311523438], "obj_id": 1}, {"cam_R_m2c": [-0.13322630524635315, -0.07108183205127716, -0.9885333180427551, 0.8116585612297058, -0.5801994204521179, -0.06766855716705322, -0.5687364339828491, -0.8113667964935303, 0.13499197363853455], "cam_t_m2c": [75.14492797851562, -302.46697998046875, 553.2920532226562], "obj_id": 1}, {"cam_R_m2c": [0.09980236738920212, -0.9938309788703918, 0.04836907982826233, -0.0037577496841549873, -0.04898792877793312, -0.9987923502922058, 0.9950001835823059, 0.09950010478496552, -0.008623700588941574], "cam_t_m2c": [189.0283660888672, -69.4972915649414, 751.0044555664062], "obj_id": 1}, {"cam_R_m2c": [0.4508852958679199, 0.16938373446464539, -0.876362681388855, -0.15002550184726715, 0.9822422862052917, 0.11266063153743744, 0.8798834085464478, 0.08067972958087921, 0.4682905077934265], "cam_t_m2c": [67.82023620605469, -69.4487533569336, 812.1077880859375], "obj_id": 1}, {"cam_R_m2c": [-0.697396993637085, -0.14348722994327545, -0.7021742463111877, 0.4335843026638031, 0.6956433057785034, -0.5727870464324951, 0.5706504583358765, -0.7039117813110352, -0.4229256808757782], "cam_t_m2c": [167.82315063476562, -30.82442855834961, 547.7530517578125], "obj_id": 1}, {"cam_R_m2c": [-0.01703803427517414, 0.9781508445739746, 0.20719699561595917, 0.20714877545833588, 0.20618422329425812, -0.9563354253768921, -0.9781610369682312, 0.026626497507095337, -0.20613570511341095], "cam_t_m2c": [175.3171844482422, -279.06378173828125, 575.2853393554688], "obj_id": 1}, {"cam_R_m2c": [-0.294280469417572, 0.9374504685401917, 0.18597178161144257, 0.935966432094574, 0.2433323860168457, 0.2544722855091095, 0.1933022290468216, 0.2489495873451233, -0.9490301012992859], "cam_t_m2c": [-101.23907470703125, -267.9329528808594, 568.5900268554688], "obj_id": 1}, {"cam_R_m2c": [-0.7695999145507812, -0.10196585953235626, 0.6303322911262512, -0.18210293352603912, 0.9812197685241699, -0.06361008435487747, -0.6120085120201111, -0.16373968124389648, -0.7737149596214294], "cam_t_m2c": [123.16497802734375, 31.870588302612305, 659.6336669921875], "obj_id": 1}, {"cam_R_m2c": [0.1410684734582901, -0.2561641335487366, -0.95628422498703, -0.8781209588050842, 0.41368335485458374, -0.24035316705703735, 0.45716869831085205, 0.8736394643783569, -0.16658540070056915], "cam_t_m2c": [-138.1236114501953, -182.72779846191406, 690.6611328125], "obj_id": 1}, {"cam_R_m2c": [-0.8892817497253418, 0.33026406168937683, 0.3163912296295166, -0.1916418820619583, 0.3590426743030548, -0.9134340286254883, -0.41527238488197327, -0.872934103012085, -0.25599759817123413], "cam_t_m2c": [60.0933723449707, -362.508056640625, 749.911865234375], "obj_id": 1}, {"cam_R_m2c": [-0.5449619889259338, 0.21414814889431, 0.8106523156166077, -0.8315391540527344, -0.014062818139791489, -0.5552881956100464, -0.1075139194726944, -0.9767000079154968, 0.18573617935180664], "cam_t_m2c": [-62.65657424926758, -275.0269775390625, 542.0556030273438], "obj_id": 1}, {"cam_R_m2c": [0.42720478773117065, -0.6539722681045532, 0.6243526935577393, 0.2167322188615799, 0.744473397731781, 0.6314954161643982, -0.8777945041656494, -0.13446049392223358, 0.4597794711589813], "cam_t_m2c": [82.71739959716797, -25.06678581237793, 531.5853881835938], "obj_id": 1}, {"cam_R_m2c": [-0.9712604284286499, 0.23350612819194794, 0.04613055661320686, -0.21214234828948975, -0.9371364712715149, 0.2770753800868988, 0.10792943090200424, 0.25932613015174866, 0.959740161895752], "cam_t_m2c": [64.45108795166016, -170.48513793945312, 611.5887451171875], "obj_id": 1}, {"cam_R_m2c": [-0.822795569896698, -0.5103472471237183, -0.2501060664653778, 0.5672699213027954, -0.7644132971763611, -0.30639374256134033, -0.034817200154066086, -0.3939770758152008, 0.9184605479240417], "cam_t_m2c": [136.15589904785156, -254.5757598876953, 704.4356079101562], "obj_id": 1}, {"cam_R_m2c": [-0.8088970184326172, 0.5467419028282166, -0.21623823046684265, -0.3474512994289398, -0.14782404899597168, 0.9259728193283081, 0.47430291771888733, 0.8241488933563232, 0.3095405697822571], "cam_t_m2c": [87.2161636352539, 3.9024953842163086, 579.0431518554688], "obj_id": 1}, {"cam_R_m2c": [0.3495156764984131, 0.021699266508221626, -0.9366791844367981, -0.3212922513484955, -0.9363368153572083, -0.14157941937446594, -0.8801193833351135, 0.35043200850486755, -0.320292592048645], "cam_t_m2c": [-24.641496658325195, 27.00876808166504, 513.3734130859375], "obj_id": 1}, {"cam_R_m2c": [0.014945096336305141, -0.8691653609275818, 0.49429556727409363, -0.8773275017738342, -0.24854514002799988, -0.41051387786865234, 0.4796592593193054, -0.42752397060394287, -0.7662571668624878], "cam_t_m2c": [79.29381561279297, -296.9803466796875, 675.0653686523438], "obj_id": 1}, {"cam_R_m2c": [0.17019745707511902, 0.6639040112495422, -0.7281925082206726, 0.7506072521209717, -0.5661302208900452, -0.3407129943370819, -0.6384524703025818, -0.4885980784893036, -0.5946851372718811], "cam_t_m2c": [-97.12544250488281, -195.304931640625, 668.671142578125], "obj_id": 1}, {"cam_R_m2c": [-0.37220704555511475, -0.8831616640090942, 0.28545960783958435, -0.8954275250434875, 0.2607346773147583, -0.3608696460723877, 0.24427704513072968, -0.3899266719818115, -0.8878545165061951], "cam_t_m2c": [78.00907897949219, 7.812179088592529, 533.2055053710938], "obj_id": 1}, {"cam_R_m2c": [-0.828525722026825, -0.16041994094848633, 0.5364800095558167, 0.5273998975753784, 0.09833580255508423, 0.8439072966575623, -0.18813475966453552, 0.9821382761001587, 0.0031316233798861504], "cam_t_m2c": [251.80804443359375, -238.15255737304688, 540.6647338867188], "obj_id": 1}, {"cam_R_m2c": [0.9790647029876709, 0.14687161147594452, -0.14092929661273956, 0.18494917452335358, -0.9310368895530701, 0.314585417509079, -0.0850067138671875, -0.334064245223999, -0.9387091398239136], "cam_t_m2c": [62.07210159301758, -348.4114685058594, 715.4594116210938], "obj_id": 1}, {"cam_R_m2c": [0.7102517485618591, 0.6947782635688782, 0.11325016617774963, 0.29306504130363464, -0.4381120204925537, 0.8498063683509827, 0.6400432586669922, -0.5703868269920349, -0.5147850513458252], "cam_t_m2c": [63.074527740478516, -317.3686218261719, 769.4852905273438], "obj_id": 1}, {"cam_R_m2c": [0.10615838319063187, -0.4437808692455292, -0.8898252248764038, -0.9847533106803894, -0.17094510793685913, -0.032228417694568634, -0.1378089189529419, 0.8796796798706055, -0.4551619589328766], "cam_t_m2c": [227.84156799316406, -350.0788879394531, 626.833251953125], "obj_id": 1}, {"cam_R_m2c": [0.606180727481842, 0.7184672355651855, 0.3411007225513458, -0.7499276995658875, 0.6591703295707703, -0.05570366978645325, -0.2648647427558899, -0.22203437983989716, 0.9383748769760132], "cam_t_m2c": [141.6062774658203, -248.91024780273438, 704.1142578125], "obj_id": 1}, {"cam_R_m2c": [-0.9872793555259705, 0.1565384566783905, 0.027834858745336533, 0.05367682874202728, 0.16337093710899353, 0.9851033091545105, 0.1496591717004776, 0.974066436290741, -0.16969506442546844], "cam_t_m2c": [109.32601165771484, -135.94850158691406, 726.8693237304688], "obj_id": 1}, {"cam_R_m2c": [-0.8272235989570618, 0.553287148475647, -0.09784842282533646, -0.5523308515548706, -0.8327077031135559, -0.0390944704413414, -0.10310960561037064, 0.02170483209192753, 0.9944331645965576], "cam_t_m2c": [208.31320190429688, 55.01541519165039, 647.5923461914062], "obj_id": 3}, {"cam_R_m2c": [0.2246832251548767, -0.9298904538154602, -0.2912406027317047, 0.5195678472518921, 0.367176353931427, -0.771511971950531, 0.8243582844734192, 0.02202650159597397, 0.5656396150588989], "cam_t_m2c": [-58.926239013671875, -10.322786331176758, 714.8997802734375], "obj_id": 1}, {"cam_R_m2c": [0.6826893091201782, 0.4701457619667053, 0.559373140335083, 0.6295329928398132, 0.010220748372375965, -0.7769064903259277, -0.3709765076637268, 0.8825295567512512, -0.2889946699142456], "cam_t_m2c": [207.2339324951172, -284.31964111328125, 485.9731140136719], "obj_id": 1}, {"cam_R_m2c": [-0.2616337537765503, -0.2067946344614029, -0.9427531957626343, 0.2775700092315674, 0.9193912744522095, -0.27870166301727295, 0.9243930578231812, -0.3345978260040283, -0.18314377963542938], "cam_t_m2c": [7.758138179779053, -35.9210205078125, 436.5426940917969], "obj_id": 1}, {"cam_R_m2c": [-0.011341477744281292, -0.41530942916870117, 0.9096094369888306, 0.2993156313896179, 0.8665480017662048, 0.3993804454803467, -0.9540867209434509, 0.27678990364074707, 0.11448068171739578], "cam_t_m2c": [221.209716796875, -301.3570556640625, 519.6959228515625], "obj_id": 1}, {"cam_R_m2c": [-0.8669276237487793, -0.2275296151638031, -0.44347143173217773, 0.24780216813087463, -0.96872878074646, 0.012600456364452839, -0.4324704706668854, -0.0989694893360138, 0.8961999416351318], "cam_t_m2c": [110.29421997070312, 53.99876403808594, 677.1654663085938], "obj_id": 3}, {"cam_R_m2c": [0.37859266996383667, -0.6945529580116272, -0.6117709875106812, 0.4659058749675751, -0.42811518907546997, 0.7743701934814453, -0.7997495532035828, -0.5781986117362976, 0.161515012383461], "cam_t_m2c": [120.89118957519531, -152.67422485351562, 462.9160461425781], "obj_id": 1}, {"cam_R_m2c": [0.9466198086738586, 0.06749367713928223, 0.3152071237564087, 0.2742270529270172, 0.3453785479068756, -0.8975038528442383, -0.1694416105747223, 0.9360332489013672, 0.3084335923194885], "cam_t_m2c": [-85.89354705810547, -98.69441986083984, 413.3493347167969], "obj_id": 1}, {"cam_R_m2c": [0.49842536449432373, 0.3101503252983093, -0.8095547556877136, 0.5944974422454834, 0.5573880076408386, 0.5795614123344421, 0.6309872269630432, -0.770146369934082, 0.0934327244758606], "cam_t_m2c": [176.5996551513672, 18.647499084472656, 780.8258666992188], "obj_id": 1}, {"cam_R_m2c": [0.1225806251168251, 0.7755080461502075, 0.619323194026947, 0.9892705678939819, -0.14545390009880066, -0.013667597435414791, 0.07948367297649384, 0.614353597164154, -0.7850170731544495], "cam_t_m2c": [-123.92367553710938, -238.67601013183594, 723.652587890625], "obj_id": 3}, {"cam_R_m2c": [0.9688891768455505, -0.24060772359371185, 0.057980433106422424, 0.16181580722332, 0.7931060194969177, 0.5871953964233398, -0.18726839125156403, -0.55954509973526, 0.8073659539222717], "cam_t_m2c": [-11.007801055908203, -280.44049072265625, 548.9537353515625], "obj_id": 1}, {"cam_R_m2c": [-0.5774818658828735, -0.10453201830387115, 0.809683620929718, 0.7287954688072205, -0.5129669308662415, 0.4535657465457916, 0.3679288625717163, 0.8520198464393616, 0.37241172790527344], "cam_t_m2c": [152.50259399414062, -28.70404052734375, 884.5469360351562], "obj_id": 1}, {"cam_R_m2c": [-0.916063129901886, -0.3270334303379059, -0.23211447894573212, 0.382145494222641, -0.5363077521324158, -0.7525546550750732, 0.12162574380636215, -0.7780892252922058, 0.6162663698196411], "cam_t_m2c": [33.85111999511719, -36.7612419128418, 736.0026245117188], "obj_id": 3}, {"cam_R_m2c": [0.49660930037498474, 0.8213397860527039, 0.2806779444217682, -0.21799549460411072, 0.4310307204723358, -0.8756085634231567, -0.8401530385017395, 0.3736487925052643, 0.3931022584438324], "cam_t_m2c": [166.56246948242188, -265.3857421875, 445.2993469238281], "obj_id": 1}, {"cam_R_m2c": [0.00956327561289072, -0.47477179765701294, 0.8800569176673889, 0.38165679574012756, 0.8152041435241699, 0.43563777208328247, -0.9242545366287231, 0.33171361684799194, 0.18899592757225037], "cam_t_m2c": [48.44051742553711, -221.3541717529297, 464.2519836425781], "obj_id": 3}, {"cam_R_m2c": [-0.37958958745002747, 0.8568236231803894, -0.34894827008247375, 0.9229919910430908, 0.3249549865722656, -0.20613110065460205, -0.06322553753852844, -0.40032169222831726, -0.9141908288002014], "cam_t_m2c": [177.19418334960938, 47.19051742553711, 589.4320678710938], "obj_id": 3}, {"cam_R_m2c": [0.8764724731445312, 0.13530005514621735, 0.4620497226715088, 0.2338332086801529, 0.7192785739898682, -0.6541867852210999, -0.42085397243499756, 0.6814192533493042, 0.5987902283668518], "cam_t_m2c": [99.93755340576172, -89.73037719726562, 631.6431274414062], "obj_id": 3}, {"cam_R_m2c": [0.3125457465648651, -0.19951902329921722, 0.9287126660346985, 0.30928924679756165, -0.9030402302742004, -0.2980908155441284, 0.8981398344039917, 0.38040784001350403, -0.2205321341753006], "cam_t_m2c": [214.69232177734375, 51.27344512939453, 642.4266357421875], "obj_id": 3}, {"cam_R_m2c": [-0.29193466901779175, -0.9504432678222656, 0.1069185882806778, 0.908363938331604, -0.3105185329914093, -0.2800947427749634, 0.29941439628601074, 0.015351608395576477, 0.9539996385574341], "cam_t_m2c": [156.82119750976562, -224.55050659179688, 693.8197631835938], "obj_id": 1}, {"cam_R_m2c": [0.9833077788352966, 0.0668082982301712, -0.16924092173576355, 0.1792331337928772, -0.1955162137746811, 0.96418297290802, 0.031326066702604294, -0.9784221649169922, -0.20422686636447906], "cam_t_m2c": [49.52958679199219, -18.091442108154297, 823.90380859375], "obj_id": 3}, {"cam_R_m2c": [-0.40740132331848145, -0.9123817086219788, 0.039795514196157455, 0.8982407450675964, -0.4081929922103882, -0.16291683912277222, 0.16488659381866455, -0.030626587569713593, 0.985836923122406], "cam_t_m2c": [-48.30670928955078, -95.57136535644531, 575.4342041015625], "obj_id": 3}, {"cam_R_m2c": [0.5457450151443481, 0.7094727158546448, 0.44588202238082886, 0.8150941133499146, -0.3260304927825928, -0.4788794219493866, -0.1943807303905487, 0.6247818470001221, -0.7562165856361389], "cam_t_m2c": [74.58618927001953, -131.7841339111328, 801.5584106445312], "obj_id": 3}, {"cam_R_m2c": [0.7338635325431824, -0.3853610157966614, -0.5594114661216736, 0.402932345867157, 0.9099416136741638, -0.09824370592832565, 0.5468910336494446, -0.1533074826002121, 0.823047399520874], "cam_t_m2c": [222.5808563232422, -255.1243896484375, 577.4774780273438], "obj_id": 1}, {"cam_R_m2c": [0.3980189263820648, -0.8955754041671753, 0.19881048798561096, 0.8323390483856201, 0.4436658024787903, 0.3322233259677887, -0.38573646545410156, 0.03324658423662186, 0.9220097661018372], "cam_t_m2c": [199.58285522460938, -323.9011535644531, 782.143798828125], "obj_id": 3}, {"cam_R_m2c": [-0.9752059578895569, 0.08247292786836624, 0.20535725355148315, 0.20243459939956665, 0.7073599100112915, 0.6772460341453552, -0.08940703421831131, 0.7020257711410522, -0.7065169811248779], "cam_t_m2c": [144.7970733642578, -30.539220809936523, 585.0948486328125], "obj_id": 3}, {"cam_R_m2c": [-0.5598425269126892, -0.8166150450706482, -0.14041368663311005, 0.45986026525497437, -0.16524441540241241, -0.8724808096885681, 0.6892784237861633, -0.5530226230621338, 0.46803978085517883], "cam_t_m2c": [-38.84579086303711, -159.9977569580078, 585.5036010742188], "obj_id": 1}, {"cam_R_m2c": [-0.5530586242675781, -0.5916951894760132, 0.5865347385406494, 0.5617555975914001, 0.25506457686424255, 0.7870023846626282, -0.6152697205543518, 0.7647476196289062, 0.1913224160671234], "cam_t_m2c": [164.46229553222656, -195.66781616210938, 776.5454711914062], "obj_id": 1}, {"cam_R_m2c": [-0.9129143357276917, -0.3695095479488373, -0.1733493059873581, -0.07115624099969864, 0.5623019933700562, -0.8238648176193237, 0.40190058946609497, -0.7397831678390503, -0.5396264791488647], "cam_t_m2c": [230.7433624267578, -308.6333312988281, 685.4198608398438], "obj_id": 1}, {"cam_R_m2c": [0.5377596616744995, 0.005554178263992071, 0.8430798649787903, 0.8281176090240479, -0.1911485493183136, -0.5269566178321838, 0.15822672843933105, 0.9815453290939331, -0.10739146173000336], "cam_t_m2c": [-48.680633544921875, 69.55838012695312, 535.2977905273438], "obj_id": 1}, {"cam_R_m2c": [0.2903849184513092, 0.7651589512825012, 0.5746375918388367, 0.9551215767860413, -0.26845860481262207, -0.1251908391714096, 0.05847553908824921, 0.5852023363113403, -0.8087761402130127], "cam_t_m2c": [207.96481323242188, -377.8662109375, 755.703857421875], "obj_id": 1}, {"cam_R_m2c": [-0.29309868812561035, -0.3837118446826935, 0.8757045269012451, -0.8486011028289795, -0.31751585006713867, -0.42315465211868286, 0.4404194951057434, -0.8671498894691467, -0.2325548380613327], "cam_t_m2c": [113.63103485107422, 17.389711380004883, 587.6126708984375], "obj_id": 3}, {"cam_R_m2c": [0.7851470112800598, -0.6192439198493958, -0.009007140062749386, 0.5012125372886658, 0.6439020037651062, -0.5780797600746155, 0.36377209424972534, 0.449363112449646, 0.8159305453300476], "cam_t_m2c": [202.62277221679688, -102.02754211425781, 573.1689453125], "obj_id": 3}, {"cam_R_m2c": [0.655907392501831, 0.6994707584381104, 0.28377124667167664, 0.7490601539611816, -0.6495772004127502, -0.13022373616695404, 0.09324366599321365, 0.29797646403312683, -0.9500081539154053], "cam_t_m2c": [25.841032028198242, -185.20925903320312, 533.699951171875], "obj_id": 3}, {"cam_R_m2c": [-0.21518993377685547, 0.11356540024280548, -0.9699465036392212, -0.1901497095823288, 0.9693332314491272, 0.15567974746227264, 0.9578812122344971, 0.21793575584888458, -0.18699632585048676], "cam_t_m2c": [17.19606590270996, -107.33807373046875, 418.2940673828125], "obj_id": 1}, {"cam_R_m2c": [0.23393012583255768, 0.5730485320091248, -0.7854247689247131, -0.05612812936306, -0.7985324859619141, -0.5993291735649109, -0.9706318974494934, 0.18428556621074677, -0.15463663637638092], "cam_t_m2c": [126.0107421875, -125.4837646484375, 685.3654174804688], "obj_id": 3}, {"cam_R_m2c": [-0.9570629000663757, 0.24759484827518463, 0.15075595676898956, -0.2595350742340088, -0.9635317325592041, -0.06517739593982697, 0.1291205734014511, -0.1015053242444992, 0.9864200949668884], "cam_t_m2c": [-52.28907012939453, -205.42617797851562, 537.6800537109375], "obj_id": 1}, {"cam_R_m2c": [0.5551206469535828, -0.58592289686203, 0.590368926525116, 0.16833128035068512, 0.7742257118225098, 0.6101140379905701, -0.8145585656166077, -0.23930934071540833, 0.5284178256988525], "cam_t_m2c": [7.777549743652344, -288.38006591796875, 507.71368408203125], "obj_id": 1}, {"cam_R_m2c": [0.7469180822372437, 0.24940969049930573, 0.616366982460022, -0.33412623405456543, 0.9422321319580078, 0.023627324029803276, -0.5748679041862488, -0.22359204292297363, 0.7871045470237732], "cam_t_m2c": [18.956579208374023, -110.4145278930664, 712.1111450195312], "obj_id": 3}, {"cam_R_m2c": [0.6491469740867615, 0.25805386900901794, -0.7155532240867615, -0.4547499120235443, -0.6224252581596375, -0.6370158791542053, -0.6097628474235535, 0.7389147281646729, -0.2866955101490021], "cam_t_m2c": [281.9125671386719, 34.83173370361328, 634.0471801757812], "obj_id": 3}, {"cam_R_m2c": [-0.9556238651275635, -0.2934921383857727, -0.025402609258890152, -0.2016897201538086, 0.7146792411804199, -0.6697424054145813, 0.21471883356571198, -0.6348984241485596, -0.7421588897705078], "cam_t_m2c": [206.2594757080078, -20.16445541381836, 865.7483520507812], "obj_id": 3}, {"cam_R_m2c": [0.8328765630722046, 0.27767378091812134, -0.47876283526420593, 0.41223564743995667, 0.26595866680145264, 0.8713940978050232, 0.3692944347858429, -0.9231268167495728, 0.10704369097948074], "cam_t_m2c": [-53.415340423583984, -307.8150634765625, 581.0257568359375], "obj_id": 1}, {"cam_R_m2c": [-0.875789999961853, -0.44501978158950806, -0.186946302652359, -0.4615785777568817, 0.885413408279419, 0.05466539040207863, 0.1411975771188736, 0.13416582345962524, -0.9808478355407715], "cam_t_m2c": [21.281028747558594, -53.60460662841797, 818.0455322265625], "obj_id": 1}, {"cam_R_m2c": [0.3907815217971802, 0.3426872491836548, -0.8543156981468201, -0.6535998582839966, -0.5502209067344666, -0.5196772813796997, -0.6481490135192871, 0.7614609003067017, 0.008964087814092636], "cam_t_m2c": [11.317548751831055, -58.60734176635742, 841.2996215820312], "obj_id": 3}, {"cam_R_m2c": [-0.8756310343742371, -0.35264724493026733, -0.3300154209136963, 0.48228129744529724, -0.601658821105957, -0.6367192268371582, 0.025980565696954727, -0.7166913747787476, 0.696906328201294], "cam_t_m2c": [172.088623046875, -78.03225708007812, 630.0545654296875], "obj_id": 3}, {"cam_R_m2c": [-0.5032039880752563, -0.45944035053253174, 0.7319154143333435, 0.8608644008636475, -0.1925264596939087, 0.47100523114204407, -0.07548567652702332, 0.867091715335846, 0.4923960268497467], "cam_t_m2c": [-35.54996109008789, 112.36316680908203, 481.2685852050781], "obj_id": 3}, {"cam_R_m2c": [0.8392159342765808, 0.2785123288631439, 0.46706265211105347, 0.14906640350818634, -0.9438107013702393, 0.29495835304260254, 0.5229682922363281, -0.17791038751602173, -0.8335778117179871], "cam_t_m2c": [140.33457946777344, 77.49352264404297, 582.0630493164062], "obj_id": 3}, {"cam_R_m2c": [0.13300777971744537, 0.6549623608589172, -0.7438637614250183, -0.5273892879486084, 0.682224690914154, 0.5063892602920532, 0.8391481041908264, 0.32495203614234924, 0.4361613094806671], "cam_t_m2c": [-108.7059326171875, -247.5398406982422, 638.422607421875], "obj_id": 3}, {"cam_R_m2c": [-0.741744875907898, -0.47896119952201843, -0.46947890520095825, -0.3226476311683655, -0.35884812474250793, 0.8758574724197388, -0.5879734754562378, 0.8011391758918762, 0.11163822561502457], "cam_t_m2c": [12.767895698547363, -64.88416290283203, 589.2896118164062], "obj_id": 3}, {"cam_R_m2c": [-0.013292397372424603, 0.9569974541664124, -0.2897913455963135, 0.3198091387748718, -0.2705245316028595, -0.9080410003662109, -0.9473886489868164, -0.10474803298711777, -0.30246055126190186], "cam_t_m2c": [-3.4767935276031494, -325.163818359375, 563.77294921875], "obj_id": 3}, {"cam_R_m2c": [0.9837290048599243, -0.16720065474510193, -0.06573586910963058, 0.17957617342472076, 0.904001772403717, 0.38798606395721436, -0.005446195136755705, -0.39347773790359497, 0.9193180203437805], "cam_t_m2c": [-69.43460845947266, 5.025163173675537, 712.6170654296875], "obj_id": 1}, {"cam_R_m2c": [-0.7365368008613586, 0.3924027681350708, -0.550938606262207, -0.11406759172677994, -0.8749118447303772, -0.4706565737724304, -0.6667097210884094, -0.2838117182254791, 0.6891654133796692], "cam_t_m2c": [-48.1280517578125, -341.111328125, 708.6812744140625], "obj_id": 3}, {"cam_R_m2c": [-0.9437366127967834, 0.321633517742157, -0.07689548283815384, 0.03978368267416954, 0.3412579298019409, 0.9391273856163025, 0.328296035528183, 0.8832297921180725, -0.33485332131385803], "cam_t_m2c": [6.890921115875244, -129.81121826171875, 557.870361328125], "obj_id": 1}, {"cam_R_m2c": [-0.5650963187217712, 0.8227745294570923, -0.060893215239048004, -0.7905024290084839, -0.5611007809638977, -0.24550263583660126, -0.23616057634353638, -0.09059642255306244, 0.9674814939498901], "cam_t_m2c": [132.2278594970703, 60.673954010009766, 567.0092163085938], "obj_id": 3}, {"cam_R_m2c": [0.725628674030304, -0.2766794264316559, 0.630009114742279, -0.6233226656913757, -0.6521022319793701, 0.431545227766037, 0.2914307415485382, -0.7058405876159668, -0.6456446051597595], "cam_t_m2c": [148.17237854003906, -219.65892028808594, 468.9308166503906], "obj_id": 3}, {"cam_R_m2c": [-0.3433511555194855, -0.4020378589630127, 0.8488084673881531, 0.8320566415786743, 0.288997083902359, 0.4734581708908081, -0.43565133213996887, 0.868818998336792, 0.23529063165187836], "cam_t_m2c": [129.3031005859375, -252.12124633789062, 494.1277160644531], "obj_id": 1}, {"cam_R_m2c": [0.2656874656677246, -0.14666865766048431, -0.9528369903564453, 0.42238566279411316, -0.8707367777824402, 0.25180837512016296, -0.8666027784347534, -0.46936702728271484, -0