{
  "0": [{"cam_R_m2c": [0.515413761138916, -0.5346807241439819, -0.669675350189209, -0.6894493699073792, 0.20537546277046204, -0.6946080923080444, 0.5089284181594849, 0.8197178244590759, -0.2627819776535034], "cam_t_m2c": [5.355034351348877, 7.792754650115967, 348.95196533203125], "obj_id": 1}, {"cam_R_m2c": [0.515413761138916, -0.5346807241439819, -0.669675350189209, -0.6894493699073792, 0.20537546277046204, -0.6946080923080444, 0.5089284181594849, 0.8197178244590759, -0.2627819776535034], "cam_t_m2c": [5.355034351348877, 7.792754650115967, 348.95196533203125], "obj_id": 2}, {"cam_R_m2c": [0.515413761138916, -0.5346807241439819, -0.669675350189209, -0.6894493699073792, 0.20537546277046204, -0.6946080923080444, 0.5089284181594849, 0.8197178244590759, -0.2627819776535034], "cam_t_m2c": [5.355034351348877, 7.792754650115967, 348.95196533203125], "obj_id": 3}, {"cam_R_m2c": [0.515413761138916, -0.5346807241439819, -0.669675350189209, -0.6894493699073792, 0.20537546277046204, -0.6946080923080444, 0.5089284181594849, 0.8197178244590759, -0.2627819776535034], "cam_t_m2c": [5.355034351348877, 7.792754650115967, 348.95196533203125], "obj_id": 0}, {"cam_R_m2c": [0.515413761138916, -0.5346807241439819, -0.669675350189209, -0.6894493699073792, 0.20537546277046204, -0.6946080923080444, 0.5089284181594849, 0.8197178244590759, -0.2627819776535034], "cam_t_m2c": [5.355034351348877, 7.792754650115967, 348.95196533203125], "obj_id": 2}, {"cam_R_m2c": [0.515413761138916, -0.5346807241439819, -0.669675350189209, -0.6894493699073792, 0.20537546277046204, -0.6946080923080444, 0.5089284181594849, 0.8197178244590759, -0.2627819776535034], "cam_t_m2c": [5.355034351348877, 7.792754650115967, 348.95196533203125], "obj_id": 3}, {"cam_R_m2c": [0.515413761138916, -0.5346807241439819, -0.669675350189209, -0.6894493699073792, 0.20537546277046204, -0.6946080923080444, 0.5089284181594849, 0.8197178244590759, -0.2627819776535034], "cam_t_m2c": [5.355034351348877, 7.792754650115967, 348.95196533203125], "obj_id": 0}, {"cam_R_m2c": [0.515413761138916, -0.5346807241439819, -0.669675350189209, -0.6894493699073792, 0.20537546277046204, -0.6946080923080444, 0.5089284181594849, 0.8197178244590759, -0.2627819776535034], "cam_t_m2c": [5.355034351348877, 7.792754650115967, 348.95196533203125], "obj_id": 1}, {"cam_R_m2c": [0.515413761138916, -0.5346807241439819, -0.669675350189209, -0.6894493699073792, 0.20537546277046204, -0.6946080923080444, 0.5089284181594849, 0.8197178244590759, -0.2627819776535034], "cam_t_m2c": [5.355034351348877, 7.792754650115967, 348.95196533203125], "obj_id": 0}, {"cam_R_m2c": [0.515413761138916, -0.5346807241439819, -0.669675350189209, -0.6894493699073792, 0.20537546277046204, -0.6946080923080444, 0.5089284181594849, 0.8197178244590759, -0.2627819776535034], "cam_t_m2c": [5.355034351348877, 7.792754650115967, 348.95196533203125], "obj_id": 3}, {"cam_R_m2c": [0.515413761138916, -0.5346807241439819, -0.669675350189209, -0.6894493699073792, 0.20537546277046204, -0.6946080923080444, 0.5089284181594849, 0.8197178244590759, -0.2627819776535034], "cam_t_m2c": [5.355034351348877, 7.792754650115967, 348.95196533203125], "obj_id": 3}, {"cam_R_m2c": [0.515413761138916, -0.5346807241439819, -0.669675350189209, -0.6894493699073792, 0.20537546277046204, -0.6946080923080444, 0.5089284181594849, 0.8197178244590759, -0.2627819776535034], "cam_t_m2c": [5.355034351348877, 7.792754650115967, 348.95196533203125], "obj_id": 2}, {"cam_R_m2c": [0.515413761138916, -0.5346807241439819, -0.669675350189209, -0.6894493699073792, 0.20537546277046204, -0.6946080923080444, 0.5089284181594849, 0.8197178244590759, -0.2627819776535034], "cam_t_m2c": [5.355034351348877, 7.792754650115967, 348.95196533203125], "obj_id": 3}, {"cam_R_m2c": [0.515413761138916, -0.5346807241439819, -0.669675350189209, -0.6894493699073792, 0.20537546277046204, -0.6946080923080444, 0.5089284181594849, 0.8197178244590759, -0.2627819776535034], "cam_t_m2c": [5.355034351348877, 7.792754650115967, 348.95196533203125], "obj_id": 0}, {"cam_R_m2c": [0.515413761138916, -0.5346807241439819, -0.669675350189209, -0.6894493699073792, 0.20537546277046204, -0.6946080923080444, 0.5089284181594849, 0.8197178244590759, -0.2627819776535034], "cam_t_m2c": [5.355034351348877, 7.792754650115967, 348.95196533203125], "obj_id": 2}, {"cam_R_m2c": [0.515413761138916, -0.5346807241439819, -0.669675350189209, -0.6894493699073792, 0.20537546277046204, -0.6946080923080444, 0.5089284181594849, 0.8197178244590759, -0.2627819776535034], "cam_t_m2c": [5.355034351348877, 7.792754650115967, 348.95196533203125], "obj_id": 0}, {"cam_R_m2c": [0.515413761138916, -0.5346807241439819, -0.669675350189209, -0.6894493699073792, 0.20537546277046204, -0.6946080923080444, 0.5089284181594849, 0.8197178244590759, -0.2627819776535034], "cam_t_m2c": [5.355034351348877, 7.792754650115967, 348.95196533203125], "obj_id": 3}, {"cam_R_m2c": [0.515413761138916, -0.5346807241439819, -0.669675350189209, -0.6894493699073792, 0.20537546277046204, -0.6946080923080444, 0.5089284181594849, 0.8197178244590759, -0.2627819776535034], "cam_t_m2c": [5.355034351348877, 7.792754650115967, 348.95196533203125], "obj_id": 3}, {"cam_R_m2c": [0.515413761138916, -0.5346807241439819, -0.669675350189209, -0.6894493699073792, 0.20537546277046204, -0.6946080923080444, 0.5089284181594849, 0.8197178244590759, -0.2627819776535034], "cam_t_m2c": [5.355034351348877, 7.792754650115967, 348.95196533203125], "obj_id": 1}, {"cam_R_m2c": [0.515413761138916, -0.5346807241439819, -0.669675350189209, -0.6894493699073792, 0.20537546277046204, -0.6946080923080444, 0.5089284181594849, 0.8197178244590759, -0.2627819776535034], "cam_t_m2c": [5.355034351348877, 7.792754650115967, 348.95196533203125], "obj_id": 2}, {"cam_R_m2c": [0.515413761138916, -0.5346807241439819, -0.669675350189209, -0.6894493699073792, 0.20537546277046204, -0.6946080923080444, 0.5089284181594849, 0.8197178244590759, -0.2627819776535034], "cam_t_m2c": [5.355034351348877, 7.792754650115967, 348.95196533203125], "obj_id": 0}, {"cam_R_m2c": [0.515413761138916, -0.5346807241439819, -0.669675350189209, -0.6894493699073792, 0.20537546277046204, -0.6946080923080444, 0.5089284181594849, 0.8197178244590759, -0.2627819776535034], "cam_t_m2c": [5.355034351348877, 7.792754650115967, 348.95196533203125], "obj_id": 2}, {"cam_R_m2c": [0.515413761138916, -0.5346807241439819, -0.669675350189209, -0.6894493699073792, 0.20537546277046204, -0.6946080923080444, 0.5089284181594849, 0.8197178244590759, -0.2627819776535034], "cam_t_m2c": [5.355034351348877, 7.792754650115967, 348.95196533203125], "obj_id": 1}, {"cam_R_m2c": [0.515413761138916, -0.5346807241439819, -0.669675350189209, -0.6894493699073792, 0.20537546277046204, -0.6946080923080444, 0.5089284181594849, 0.8197178244590759, -0.2627819776535034], "cam_t_m2c": [5.355034351348877, 7.792754650115967, 348.95196533203125], "obj_id": 2}, {"cam_R_m2c": [0.8283661603927612, 0.5597066879272461, -0.02319434843957424, 0.5067541599273682, -0.766358494758606, -0.39483535289764404, -0.23876716196537018, 0.3153144121170044, -0.9184591174125671], "cam_t_m2c": [104.04415893554688, -126.50186157226562, 319.4280090332031], "obj_id": 1}, {"cam_R_m2c": [-0.8584703207015991, -0.31616222858428955, 0.4038192629814148, 0.43686917424201965, -0.03834715113043785, 0.8987072706222534, -0.26865196228027344, 0.9479297399520874, 0.17104151844978333], "cam_t_m2c": [1.3925009965896606, -82.00397491455078, 444.8684997558594], "obj_id": 3}, {"cam_R_m2c": [-0.33534786105155945, 0.07857124507427216, -0.9388121962547302, 0.9380824565887451, 0.11971697211265564, -0.3250678777694702, 0.08685074001550674, -0.9896940588951111, -0.1138531044125557], "cam_t_m2c": [34.38201141357422, 26.295637130737305, 12.888432502746582], "obj_id": 1}, {"cam_R_m2c": [0.6542842388153076, -0.42097413539886475, -0.6282458305358887, -0.38471779227256775, 0.52992844581604, -0.7557565569877625, 0.6510793566703796, 0.7361769676208496, 0.18476760387420654], "cam_t_m2c": [-3.1574716567993164, -80.80876159667969, 516.5951538085938], "obj_id": 3}, {"cam_R_m2c": [0.18760769069194794, -0.9557883143424988, -0.22643320262432098, 0.9788902997970581, 0.20096483826637268, -0.037240590900182724, 0.08109923452138901, -0.21466664969921112, 0.9733145236968994], "cam_t_m2c": [97.7013931274414, -243.18431091308594, 642.6336669921875], "obj_id": 0}, {"cam_R_m2c": [-0.9868107438087463, -0.10972285270690918, -0.11901800334453583, 0.15472395718097687, -0.855467677116394, -0.49420177936553955, -0.04759083688259125, -0.5060985684394836, 0.8611615896224976], "cam_t_m2c": [5377.58447265625, 5529.3515625, 2409.23046875], "obj_id": 1}, {"cam_R_m2c": [0.4948858320713043, 0.8541966080665588, 0.15948709845542908, 0.8687633872032166, -0.49025437235832214, -0.070005863904953, 0.0183904767036438, 0.17320145666599274, -0.984714686870575], "cam_t_m2c": [-8.05677318572998, 60.802406311035156, 279.1687927246094], "obj_id": 2}, {"cam_R_m2c": [-0.6616537570953369, -0.4781284034252167, 0.5775876045227051, -0.7047574520111084, 0.6595544219017029, -0.2613521218299866, -0.25599056482315063, -0.5799837708473206, -0.7733612060546875], "cam_t_m2c": [-133.44068908691406, 213.67474365234375, 185.7567138671875], "obj_id": 0}]
}