{
  "0": [{"cam_R_m2c": [0.06355990469455719, 0.89387047290802, -0.4437966048717499, 0.565235435962677, -0.39873677492141724, -0.7221617102622986, -0.8224772214889526, -0.20494915544986725, -0.530590832233429], "cam_t_m2c": [2813.6171875, 10208.669921875, 7214.6943359375], "obj_id": 0}, {"cam_R_m2c": [-0.8653523325920105, 0.4981744587421417, -0.05465955287218094, -0.14498209953308105, -0.35324668884277344, -0.924227774143219, -0.47973495721817017, -0.7918579578399658, 0.37790918350219727], "cam_t_m2c": [2969.3291015625, 10561.1123046875, 7299.68359375], "obj_id": 3}, {"cam_R_m2c": [-0.011792161501944065, -0.507722020149231, -0.8614401817321777, 0.18854168057441711, 0.8449181318283081, -0.5005650520324707, 0.9819943308830261, -0.1683201640844345, 0.0857633650302887], "cam_t_m2c": [-122.45124816894531, 108.75701904296875, 824.2986450195312], "obj_id": 1}, {"cam_R_m2c": [0.28976964950561523, 0.15492857992649078, -0.9444738030433655, -0.8440098166465759, -0.4239584803581238, -0.3284916281700134, -0.45131033658981323, 0.8923320770263672, 0.007910897955298424], "cam_t_m2c": [-7505.2998046875, -4279.3408203125, -1815.3941650390625], "obj_id": 0}],
  "1": [{"cam_R_m2c": [0.20188981294631958, 0.8793067932128906, -0.4313468337059021, 0.8359187841415405, -0.3842025101184845, -0.3919544816017151, -0.5103727579116821, -0.28143927454948425, -0.8125956654548645], "cam_t_m2c": [2801.647705078125, 6388.4814453125, 11145.1015625], "obj_id": 0}, {"cam_R_m2c": [-0.8114703297615051, 0.5597808957099915, -0.16781285405158997, 0.16121579706668854, -0.06158323213458061, -0.9849959015846252, -0.5617163777351379, -0.8263490796089172, -0.04027251899242401], "cam_t_m2c": [2972.3037109375, 6656.57275390625, 11378.806640625], "obj_id": 3}, {"cam_R_m2c": [-0.11281618475914001, -0.41963768005371094, -0.9006534814834595, -0.22089014947414398, 0.8943498730659485, -0.38903188705444336, 0.9687517881393433, 0.15505638718605042, -0.19359096884727478], "cam_t_m2c": [-113.1337661743164, 113.25299835205078, 966.9202880859375], "obj_id": 1}, {"cam_R_m2c": [0.276620090007782, 0.016863977536559105, -0.960831344127655, -0.6198088526725769, -0.760953962802887, -0.19179667532444, -0.7343829274177551, 0.6485865712165833, -0.20004266500473022], "cam_t_m2c": [-7443.234375, -1957.4415283203125, -3798.893310546875], "obj_id": 0}]
}