{
  "0": [{"cam_R_m2c": [0.25309979915618896, -0.24935555458068848, -0.9347525238990784, -0.8530030250549316, -0.5133676528930664, -0.09401824325323105, -0.45642778277397156, 0.8211427330970764, -0.34263426065444946], "cam_t_m2c": [134.98065185546875, 49.834503173828125, 767.7731323242188], "obj_id": 3}, {"cam_R_m2c": [0.10217827558517456, 0.9340353608131409, -0.3422539234161377, 0.7721338272094727, 0.14245480298995972, 0.619286835193634, 0.6271914839744568, -0.3275435268878937, -0.7066445350646973], "cam_t_m2c": [-12.170344352722168, -51.57127380371094, 1080.8331298828125], "obj_id": 3}, {"cam_R_m2c": [-0.2905210852622986, -0.4709048867225647, -0.8329741358757019, 0.5615229606628418, -0.7887693643569946, 0.25006914138793945, -0.7747833728790283, -0.3950837552547455, 0.4935782253742218], "cam_t_m2c": [-285.0191955566406, -1.4741601943969727, 938.5515747070312], "obj_id": 1}, {"cam_R_m2c": [-0.304983526468277, 0.1191413402557373, 0.9448757767677307, -0.92856764793396, -0.2575730085372925, -0.26724177598953247, 0.2115349918603897, -0.9588854908943176, 0.18918637931346893], "cam_t_m2c": [-136.4267578125, 0.7157889008522034, 1023.4627685546875], "obj_id": 3}, {"cam_R_m2c": [-0.3500650227069855, -0.22091680765151978, 0.9103023409843445, -0.08562514930963516, -0.960176944732666, -0.2659485638141632, 0.932803750038147, -0.17104405164718628, 0.31720829010009766], "cam_t_m2c": [-259.00860595703125, 15.064057350158691, 865.7652587890625], "obj_id": 2}, {"cam_R_m2c": [-0.056944869458675385, -0.8413063287734985, -0.5375508069992065, 0.044629812240600586, -0.540031373500824, 0.8404607772827148, -0.9973793029785156, 0.023869143798947334, 0.06829937547445297], "cam_t_m2c": [1.2835479537898209e-05, 0.0001494772732257843, 1012.9002075195312], "obj_id": 1}, {"cam_R_m2c": [-0.2905831038951874, -0.9377500414848328, -0.19022664427757263, -0.9474721550941467, 0.30975693464279175, -0.07966813445091248, 0.1336328089237213, 0.15708424150943756, -0.9785021543502808], "cam_t_m2c": [-178.919921875, -43.18282699584961, 1076.6365966796875], "obj_id": 2}, {"cam_R_m2c": [-0.18414068222045898, 0.24165751039981842, -0.9527295231819153, 0.9543856978416443, -0.18782082200050354, -0.2321012169122696, -0.2350315898656845, -0.9520108699798584, -0.19604887068271637], "cam_t_m2c": [114.67486572265625, 6.638017654418945, 970.958740234375], "obj_id": 1}]
}