{
  "0": [{"cam_R_m2c": [-0.6502782702445984, -0.741265058517456, -0.16632597148418427, -0.46086400747299194, 0.5589655041694641, -0.689319908618927, 0.6039392352104187, -0.3715960681438446, -0.7051054835319519], "cam_t_m2c": [-236.638427734375, 75.1983871459961, 656.2739868164062], "obj_id": 3}, {"cam_R_m2c": [-0.6502782702445984, -0.741265058517456, -0.16632597148418427, -0.46086400747299194, 0.5589655041694641, -0.689319908618927, 0.6039392352104187, -0.3715960681438446, -0.7051054835319519], "cam_t_m2c": [-236.638427734375, 75.1983871459961, 656.2739868164062], "obj_id": 0}, {"cam_R_m2c": [-0.6502782702445984, -0.741265058517456, -0.16632597148418427, -0.46086400747299194, 0.5589655041694641, -0.689319908618927, 0.6039392352104187, -0.3715960681438446, -0.7051054835319519], "cam_t_m2c": [-236.638427734375, 75.1983871459961, 656.2739868164062], "obj_id": 3}, {"cam_R_m2c": [-0.6502782702445984, -0.741265058517456, -0.16632597148418427, -0.46086400747299194, 0.5589655041694641, -0.689319908618927, 0.6039392352104187, -0.3715960681438446, -0.7051054835319519], "cam_t_m2c": [-236.638427734375, 75.1983871459961, 656.2739868164062], "obj_id": 3}, {"cam_R_m2c": [-0.6502782702445984, -0.741265058517456, -0.16632597148418427, -0.46086400747299194, 0.5589655041694641, -0.689319908618927, 0.6039392352104187, -0.3715960681438446, -0.7051054835319519], "cam_t_m2c": [-236.638427734375, 75.1983871459961, 656.2739868164062], "obj_id": 2}, {"cam_R_m2c": [-0.6502782702445984, -0.741265058517456, -0.16632597148418427, -0.46086400747299194, 0.5589655041694641, -0.689319908618927, 0.6039392352104187, -0.3715960681438446, -0.7051054835319519], "cam_t_m2c": [-236.638427734375, 75.1983871459961, 656.2739868164062], "obj_id": 0}, {"cam_R_m2c": [-0.6502782702445984, -0.741265058517456, -0.16632597148418427, -0.46086400747299194, 0.5589655041694641, -0.689319908618927, 0.6039392352104187, -0.3715960681438446, -0.7051054835319519], "cam_t_m2c": [-236.638427734375, 75.1983871459961, 656.2739868164062], "obj_id": 0}, {"cam_R_m2c": [-0.6502782702445984, -0.741265058517456, -0.16632597148418427, -0.46086400747299194, 0.5589655041694641, -0.689319908618927, 0.6039392352104187, -0.3715960681438446, -0.7051054835319519], "cam_t_m2c": [-236.638427734375, 75.1983871459961, 656.2739868164062], "obj_id": 1}, {"cam_R_m2c": [-0.6502782702445984, -0.741265058517456, -0.16632597148418427, -0.46086400747299194, 0.5589655041694641, -0.689319908618927, 0.6039392352104187, -0.3715960681438446, -0.7051054835319519], "cam_t_m2c": [-236.638427734375, 75.1983871459961, 656.2739868164062], "obj_id": 1}, {"cam_R_m2c": [-0.6502782702445984, -0.741265058517456, -0.16632597148418427, -0.46086400747299194, 0.5589655041694641, -0.689319908618927, 0.6039392352104187, -0.3715960681438446, -0.7051054835319519], "cam_t_m2c": [-236.638427734375, 75.1983871459961, 656.2739868164062], "obj_id": 1}, {"cam_R_m2c": [-0.6502782702445984, -0.741265058517456, -0.16632597148418427, -0.46086400747299194, 0.5589655041694641, -0.689319908618927, 0.6039392352104187, -0.3715960681438446, -0.7051054835319519], "cam_t_m2c": [-236.638427734375, 75.1983871459961, 656.2739868164062], "obj_id": 3}, {"cam_R_m2c": [-0.6502782702445984, -0.741265058517456, -0.16632597148418427, -0.46086400747299194, 0.5589655041694641, -0.689319908618927, 0.6039392352104187, -0.3715960681438446, -0.7051054835319519], "cam_t_m2c": [-236.638427734375, 75.1983871459961, 656.2739868164062], "obj_id": 3}, {"cam_R_m2c": [0.516202449798584, -0.13979275524616241, -0.8449810743331909, 0.708497166633606, 0.6240230202674866, 0.3295861482620239, 0.48121386766433716, -0.768799901008606, 0.42116498947143555], "cam_t_m2c": [-346.8666687011719, 161.63677978515625, 639.6099243164062], "obj_id": 1}, {"cam_R_m2c": [0.10227961838245392, 0.1510777771472931, -0.9832162857055664, -0.9906657934188843, -0.07406588643789291, -0.11443521082401276, -0.09011148661375046, 0.9857431650161743, 0.14209222793579102], "cam_t_m2c": [-175.04380798339844, -408.67388916015625, 1153.3248291015625], "obj_id": 2}, {"cam_R_m2c": [0.3267408609390259, -0.8481733798980713, 0.4169439673423767, 0.6886175274848938, -0.08851483464241028, -0.7197019457817078, 0.6473378539085388, 0.522270917892456, 0.5551456809043884], "cam_t_m2c": [8.306255340576172, -55.619956970214844, 676.3003540039062], "obj_id": 3}, {"cam_R_m2c": [0.7380859851837158, 0.6729016304016113, -0.049320291727781296, 0.42881903052330017, -0.4114096760749817, 0.8042737245559692, 0.5209062695503235, -0.614772617816925, -0.592208743095398], "cam_t_m2c": [12.058246612548828, -25.8164119720459, 646.2789916992188], "obj_id": 4}],
  "1": [{"cam_R_m2c": [-0.981701135635376, -0.19001708924770355, 0.012504642829298973, -0.09546155482530594, 0.4342452883720398, -0.8957221508026123, 0.16477243602275848, -0.8805251717567444, -0.44443845748901367], "cam_t_m2c": [-250.75828552246094, 188.14227294921875, 412.92919921875], "obj_id": 3}, {"cam_R_m2c": [-0.981701135635376, -0.19001708924770355, 0.012504642829298973, -0.09546155482530594, 0.4342452883720398, -0.8957221508026123, 0.16477243602275848, -0.8805251717567444, -0.44443845748901367], "cam_t_m2c": [-250.75828552246094, 188.14227294921875, 412.92919921875], "obj_id": 0}, {"cam_R_m2c": [-0.981701135635376, -0.19001708924770355, 0.012504642829298973, -0.09546155482530594, 0.4342452883720398, -0.8957221508026123, 0.16477243602275848, -0.8805251717567444, -0.44443845748901367], "cam_t_m2c": [-250.75828552246094, 188.14227294921875, 412.92919921875], "obj_id": 3}, {"cam_R_m2c": [-0.981701135635376, -0.19001708924770355, 0.012504642829298973, -0.09546155482530594, 0.4342452883720398, -0.8957221508026123, 0.16477243602275848, -0.8805251717567444, -0.44443845748901367], "cam_t_m2c": [-250.75828552246094, 188.14227294921875, 412.92919921875], "obj_id": 3}, {"cam_R_m2c": [-0.981701135635376, -0.19001708924770355, 0.012504642829298973, -0.09546155482530594, 0.4342452883720398, -0.8957221508026123, 0.16477243602275848, -0.8805251717567444, -0.44443845748901367], "cam_t_m2c": [-250.75828552246094, 188.14227294921875, 412.92919921875], "obj_id": 2}, {"cam_R_m2c": [-0.981701135635376, -0.19001708924770355, 0.012504642829298973, -0.09546155482530594, 0.4342452883720398, -0.8957221508026123, 0.16477243602275848, -0.8805251717567444, -0.44443845748901367], "cam_t_m2c": [-250.75828552246094, 188.14227294921875, 412.92919921875], "obj_id": 0}, {"cam_R_m2c": [-0.981701135635376, -0.19001708924770355, 0.012504642829298973, -0.09546155482530594, 0.4342452883720398, -0.8957221508026123, 0.16477243602275848, -0.8805251717567444, -0.44443845748901367], "cam_t_m2c": [-250.75828552246094, 188.14227294921875, 412.92919921875], "obj_id": 0}, {"cam_R_m2c": [-0.981701135635376, -0.19001708924770355, 0.012504642829298973, -0.09546155482530594, 0.4342452883720398, -0.8957221508026123, 0.16477243602275848, -0.8805251717567444, -0.44443845748901367], "cam_t_m2c": [-250.75828552246094, 188.14227294921875, 412.92919921875], "obj_id": 1}, {"cam_R_m2c": [-0.981701135635376, -0.19001708924770355, 0.012504642829298973, -0.09546155482530594, 0.4342452883720398, -0.8957221508026123, 0.16477243602275848, -0.8805251717567444, -0.44443845748901367], "cam_t_m2c": [-250.75828552246094, 188.14227294921875, 412.92919921875], "obj_id": 1}, {"cam_R_m2c": [-0.981701135635376, -0.19001708924770355, 0.012504642829298973, -0.09546155482530594, 0.4342452883720398, -0.8957221508026123, 0.16477243602275848, -0.8805251717567444, -0.44443845748901367], "cam_t_m2c": [-250.75828552246094, 188.14227294921875, 412.92919921875], "obj_id": 1}, {"cam_R_m2c": [-0.981701135635376, -0.19001708924770355, 0.012504642829298973, -0.09546155482530594, 0.4342452883720398, -0.8957221508026123, 0.16477243602275848, -0.8805251717567444, -0.44443845748901367], "cam_t_m2c": [-250.75828552246094, 188.14227294921875, 412.92919921875], "obj_id": 3}, {"cam_R_m2c": [-0.981701135635376, -0.19001708924770355, 0.012504642829298973, -0.09546155482530594, 0.4342452883720398, -0.8957221508026123, 0.16477243602275848, -0.8805251717567444, -0.44443845748901367], "cam_t_m2c": [-250.75828552246094, 188.14227294921875, 412.92919921875], "obj_id": 3}, {"cam_R_m2c": [0.384784460067749, 0.5103347897529602, -0.7690899968147278, 0.7819147109985352, 0.26253411173820496, 0.5654072165489197, 0.4904593229293823, -0.8189226984977722, -0.2980192303657532], "cam_t_m2c": [-298.3907775878906, 271.6385192871094, 309.6864013671875], "obj_id": 1}, {"cam_R_m2c": [-0.20710210502147675, -0.4311177134513855, -0.878206193447113, -0.9442348480224609, 0.32296809554100037, 0.06412597000598907, 0.2559867203235626, 0.8425135612487793, -0.4739637076854706], "cam_t_m2c": [-630.2256469726562, -51.11912536621094, 945.6058959960938], "obj_id": 2}, {"cam_R_m2c": [0.1426050215959549, -0.9664179682731628, -0.21377627551555634, 0.8534753322601318, 0.22944225370883942, -0.46790623664855957, 0.5012422800064087, -0.11572696268558502, 0.8575333952903748], "cam_t_m2c": [-115.19891357421875, 50.975582122802734, 613.7310180664062], "obj_id": 3}, {"cam_R_m2c": [0.4417227506637573, 0.7105585932731628, 0.5477111339569092, 0.5208240747451782, -0.7001920938491821, 0.4883371591567993, 0.7304952144622803, 0.06955152750015259, -0.6793667674064636], "cam_t_m2c": [-86.2772445678711, 65.12132263183594, 586.035400390625], "obj_id": 4}],
  "2": [{"cam_R_m2c": [-0.981701135635376, -0.19001708924770355, 0.012504642829298973, -0.09546155482530594, 0.4342452883720398, -0.8957221508026123, 0.16477243602275848, -0.8805251717567444, -0.44443845748901367], "cam_t_m2c": [-250.75828552246094, 188.14227294921875, 412.92919921875], "obj_id": 3}, {"cam_R_m2c": [-0.981701135635376, -0.19001708924770355, 0.012504642829298973, -0.09546155482530594, 0.4342452883720398, -0.8957221508026123, 0.16477243602275848, -0.8805251717567444, -0.44443845748901367], "cam_t_m2c": [-250.75828552246094, 188.14227294921875, 412.92919921875], "obj_id": 0}, {"cam_R_m2c": [-0.981701135635376, -0.19001708924770355, 0.012504642829298973, -0.09546155482530594, 0.4342452883720398, -0.8957221508026123, 0.16477243602275848, -0.8805251717567444, -0.44443845748901367], "cam_t_m2c": [-250.75828552246094, 188.14227294921875, 412.92919921875], "obj_id": 3}, {"cam_R_m2c": [-0.981701135635376, -0.19001708924770355, 0.012504642829298973, -0.09546155482530594, 0.4342452883720398, -0.8957221508026123, 0.16477243602275848, -0.8805251717567444, -0.44443845748901367], "cam_t_m2c": [-250.75828552246094, 188.14227294921875, 412.92919921875], "obj_id": 3}, {"cam_R_m2c": [-0.981701135635376, -0.19001708924770355, 0.012504642829298973, -0.09546155482530594, 0.4342452883720398, -0.8957221508026123, 0.16477243602275848, -0.8805251717567444, -0.44443845748901367], "cam_t_m2c": [-250.75828552246094, 188.14227294921875, 412.92919921875], "obj_id": 2}, {"cam_R_m2c": [-0.981701135635376, -0.19001708924770355, 0.012504642829298973, -0.09546155482530594, 0.4342452883720398, -0.8957221508026123, 0.16477243602275848, -0.8805251717567444, -0.44443845748901367], "cam_t_m2c": [-250.75828552246094, 188.14227294921875, 412.92919921875], "obj_id": 0}, {"cam_R_m2c": [-0.981701135635376, -0.19001708924770355, 0.012504642829298973, -0.09546155482530594, 0.4342452883720398, -0.8957221508026123, 0.16477243602275848, -0.8805251717567444, -0.44443845748901367], "cam_t_m2c": [-250.75828552246094, 188.14227294921875, 412.92919921875], "obj_id": 0}, {"cam_R_m2c": [-0.981701135635376, -0.19001708924770355, 0.012504642829298973, -0.09546155482530594, 0.4342452883720398, -0.8957221508026123, 0.16477243602275848, -0.8805251717567444, -0.44443845748901367], "cam_t_m2c": [-250.75828552246094, 188.14227294921875, 412.92919921875], "obj_id": 1}, {"cam_R_m2c": [-0.981701135635376, -0.19001708924770355, 0.012504642829298973, -0.09546155482530594, 0.4342452883720398, -0.8957221508026123, 0.16477243602275848, -0.8805251717567444, -0.44443845748901367], "cam_t_m2c": [-250.75828552246094, 188.14227294921875, 412.92919921875], "obj_id": 1}, {"cam_R_m2c": [-0.981701135635376, -0.19001708924770355, 0.012504642829298973, -0.09546155482530594, 0.4342452883720398, -0.8957221508026123, 0.16477243602275848, -0.8805251717567444, -0.44443845748901367], "cam_t_m2c": [-250.75828552246094, 188.14227294921875, 412.92919921875], "obj_id": 1}, {"cam_R_m2c": [-0.981701135635376, -0.19001708924770355, 0.012504642829298973, -0.09546155482530594, 0.4342452883720398, -0.8957221508026123, 0.16477243602275848, -0.8805251717567444, -0.44443845748901367], "cam_t_m2c": [-250.75828552246094, 188.14227294921875, 412.92919921875], "obj_id": 3}, {"cam_R_m2c": [-0.981701135635376, -0.19001708924770355, 0.012504642829298973, -0.09546155482530594, 0.4342452883720398, -0.8957221508026123, 0.16477243602275848, -0.8805251717567444, -0.44443845748901367], "cam_t_m2c": [-250.75828552246094, 188.14227294921875, 412.92919921875], "obj_id": 3}, {"cam_R_m2c": [0.384784460067749, 0.5103347897529602, -0.7690899968147278, 0.7819147109985352, 0.26253411173820496, 0.5654072165489197, 0.4904593229293823, -0.8189226984977722, -0.2980192303657532], "cam_t_m2c": [-298.3907775878906, 271.6385192871094, 309.6864013671875], "obj_id": 1}, {"cam_R_m2c": [-0.20710210502147675, -0.4311177134513855, -0.878206193447113, -0.9442348480224609, 0.32296809554100037, 0.06412597000598907, 0.2559867203235626, 0.8425135612487793, -0.4739637076854706], "cam_t_m2c": [-630.2256469726562, -51.11912536621094, 945.6058959960938], "obj_id": 2}, {"cam_R_m2c": [0.1426050215959549, -0.9664179682731628, -0.21377627551555634, 0.8534753322601318, 0.22944225370883942, -0.46790623664855957, 0.5012422800064087, -0.11572696268558502, 0.8575333952903748], "cam_t_m2c": [-115.19891357421875, 50.975582122802734, 613.7310180664062], "obj_id": 3}, {"cam_R_m2c": [0.4417227506637573, 0.7105585932731628, 0.5477111339569092, 0.5208240747451782, -0.7001920938491821, 0.4883371591567993, 0.7304952144622803, 0.06955152750015259, -0.6793667674064636], "cam_t_m2c": [-86.2772445678711, 65.12132263183594, 586.035400390625], "obj_id": 4}],
  "3": [{"cam_R_m2c": [-0.9139875769615173, -0.3759583830833435, 0.1525845229625702, -0.32183775305747986, 0.4427599310874939, -0.8368895649909973, 0.2470773309469223, -0.8140140771865845, -0.5256747007369995], "cam_t_m2c": [-298.30712890625, 118.33580780029297, 545.6748046875], "obj_id": 3}, {"cam_R_m2c": [-0.9139875769615173, -0.3759583830833435, 0.1525845229625702, -0.32183775305747986, 0.4427599310874939, -0.8368895649909973, 0.2470773309469223, -0.8140140771865845, -0.5256747007369995], "cam_t_m2c": [-298.30712890625, 118.33580780029297, 545.6748046875], "obj_id": 0}, {"cam_R_m2c": [-0.9139875769615173, -0.3759583830833435, 0.1525845229625702, -0.32183775305747986, 0.4427599310874939, -0.8368895649909973, 0.2470773309469223, -0.8140140771865845, -0.5256747007369995], "cam_t_m2c": [-298.30712890625, 118.33580780029297, 545.6748046875], "obj_id": 3}, {"cam_R_m2c": [-0.9139875769615173, -0.3759583830833435, 0.1525845229625702, -0.32183775305747986, 0.4427599310874939, -0.8368895649909973, 0.2470773309469223, -0.8140140771865845, -0.5256747007369995], "cam_t_m2c": [-298.30712890625, 118.33580780029297, 545.6748046875], "obj_id": 3}, {"cam_R_m2c": [-0.9139875769615173, -0.3759583830833435, 0.1525845229625702, -0.32183775305747986, 0.4427599310874939, -0.8368895649909973, 0.2470773309469223, -0.8140140771865845, -0.5256747007369995], "cam_t_m2c": [-298.30712890625, 118.33580780029297, 545.6748046875], "obj_id": 2}, {"cam_R_m2c": [-0.9139875769615173, -0.3759583830833435, 0.1525845229625702, -0.32183775305747986, 0.4427599310874939, -0.8368895649909973, 0.2470773309469223, -0.8140140771865845, -0.5256747007369995], "cam_t_m2c": [-298.30712890625, 118.33580780029297, 545.6748046875], "obj_id": 0}, {"cam_R_m2c": [-0.9139875769615173, -0.3759583830833435, 0.1525845229625702, -0.32183775305747986, 0.4427599310874939, -0.8368895649909973, 0.2470773309469223, -0.8140140771865845, -0.5256747007369995], "cam_t_m2c": [-298.30712890625, 118.33580780029297, 545.6748046875], "obj_id": 0}, {"cam_R_m2c": [-0.9139875769615173, -0.3759583830833435, 0.1525845229625702, -0.32183775305747986, 0.4427599310874939, -0.8368895649909973, 0.2470773309469223, -0.8140140771865845, -0.5256747007369995], "cam_t_m2c": [-298.30712890625, 118.33580780029297, 545.6748046875], "obj_id": 1}, {"cam_R_m2c": [-0.9139875769615173, -0.3759583830833435, 0.1525845229625702, -0.32183775305747986, 0.4427599310874939, -0.8368895649909973, 0.2470773309469223, -0.8140140771865845, -0.5256747007369995], "cam_t_m2c": [-298.30712890625, 118.33580780029297, 545.6748046875], "obj_id": 1}, {"cam_R_m2c": [-0.9139875769615173, -0.3759583830833435, 0.1525845229625702, -0.32183775305747986, 0.4427599310874939, -0.8368895649909973, 0.2470773309469223, -0.8140140771865845, -0.5256747007369995], "cam_t_m2c": [-298.30712890625, 118.33580780029297, 545.6748046875], "obj_id": 1}, {"cam_R_m2c": [-0.9139875769615173, -0.3759583830833435, 0.1525845229625702, -0.32183775305747986, 0.4427599310874939, -0.8368895649909973, 0.2470773309469223, -0.8140140771865845, -0.5256747007369995], "cam_t_m2c": [-298.30712890625, 118.33580780029297, 545.6748046875], "obj_id": 3}, {"cam_R_m2c": [-0.9139875769615173, -0.3759583830833435, 0.1525845229625702, -0.32183775305747986, 0.4427599310874939, -0.8368895649909973, 0.2470773309469223, -0.8140140771865845, -0.5256747007369995], "cam_t_m2c": [-298.30712890625, 118.33580780029297, 545.6748046875], "obj_id": 3}, {"cam_R_m2c": [0.26241597533226013, 0.347267210483551, -0.9003018140792847, 0.8108749389648438, 0.42640531063079834, 0.4008246064186096, 0.5230867266654968, -0.8352149724960327, -0.1696947067975998], "cam_t_m2c": [-373.9255676269531, 196.32615661621094, 455.6808776855469], "obj_id": 1}, {"cam_R_m2c": [0.028636202216148376, -0.39224663376808167, -0.9194141626358032, -0.9823756814002991, 0.15892106294631958, -0.09839705377817154, 0.18471013009548187, 0.9060279130935669, -0.3807826042175293], "cam_t_m2c": [-555.7417602539062, -236.15882873535156, 1087.0128173828125], "obj_id": 2}, {"cam_R_m2c": [0.01334928348660469, -0.9998458623886108, -0.011397572234272957, 0.8261034488677979, 0.017450254410505295, -0.5632480978965759, 0.5633601546287537, -0.0018966620555147529, 0.8262092471122742], "cam_t_m2c": [-114.94364166259766, 0.6864387392997742, 719.0208740234375], "obj_id": 3}, {"cam_R_m2c": [0.40024369955062866, 0.8464255928993225, 0.35123881697654724, 0.5525094270706177, -0.5286648869514465, 0.6443964838981628, 0.731121301651001, -0.06385289877653122, -0.6792529225349426], "cam_t_m2c": [-92.99977111816406, 22.81145668029785, 690.1666870117188], "obj_id": 4}],
  "4": [{"cam_R_m2c": [-0.9139875769615173, -0.3759583830833435, 0.1525845229625702, -0.32183775305747986, 0.4427599310874939, -0.8368895649909973, 0.2470773309469223, -0.8140140771865845, -0.5256747007369995], "cam_t_m2c": [-298.30712890625, 118.33580780029297, 545.6748046875], "obj_id": 3}, {"cam_R_m2c": [-0.9139875769615173, -0.3759583830833435, 0.1525845229625702, -0.32183775305747986, 0.4427599310874939, -0.8368895649909973, 0.2470773309469223, -0.8140140771865845, -0.5256747007369995], "cam_t_m2c": [-298.30712890625, 118.33580780029297, 545.6748046875], "obj_id": 0}, {"cam_R_m2c": [-0.9139875769615173, -0.3759583830833435, 0.1525845229625702, -0.32183775305747986, 0.4427599310874939, -0.8368895649909973, 0.2470773309469223, -0.8140140771865845, -0.5256747007369995], "cam_t_m2c": [-298.30712890625, 118.33580780029297, 545.6748046875], "obj_id": 3}, {"cam_R_m2c": [-0.9139875769615173, -0.3759583830833435, 0.1525845229625702, -0.32183775305747986, 0.4427599310874939, -0.8368895649909973, 0.2470773309469223, -0.8140140771865845, -0.5256747007369995], "cam_t_m2c": [-298.30712890625, 118.33580780029297, 545.6748046875], "obj_id": 3}, {"cam_R_m2c": [-0.9139875769615173, -0.3759583830833435, 0.1525845229625702, -0.32183775305747986, 0.4427599310874939, -0.8368895649909973, 0.2470773309469223, -0.8140140771865845, -0.5256747007369995], "cam_t_m2c": [-298.30712890625, 118.33580780029297, 545.6748046875], "obj_id": 2}, {"cam_R_m2c": [-0.9139875769615173, -0.3759583830833435, 0.1525845229625702, -0.32183775305747986, 0.4427599310874939, -0.8368895649909973, 0.2470773309469223, -0.8140140771865845, -0.5256747007369995], "cam_t_m2c": [-298.30712890625, 118.33580780029297, 545.6748046875], "obj_id": 0}, {"cam_R_m2c": [-0.9139875769615173, -0.3759583830833435, 0.1525845229625702, -0.32183775305747986, 0.4427599310874939, -0.8368895649909973, 0.2470773309469223, -0.8140140771865845, -0.5256747007369995], "cam_t_m2c": [-298.30712890625, 118.33580780029297, 545.6748046875], "obj_id": 0}, {"cam_R_m2c": [-0.9139875769615173, -0.3759583830833435, 0.1525845229625702, -0.32183775305747986, 0.4427599310874939, -0.8368895649909973, 0.2470773309469223, -0.8140140771865845, -0.5256747007369995], "cam_t_m2c": [-298.30712890625, 118.33580780029297, 545.6748046875], "obj_id": 1}, {"cam_R_m2c": [-0.9139875769615173, -0.3759583830833435, 0.1525845229625702, -0.32183775305747986, 0.4427599310874939, -0.8368895649909973, 0.2470773309469223, -0.8140140771865845, -0.5256747007369995], "cam_t_m2c": [-298.30712890625, 118.33580780029297, 545.6748046875], "obj_id": 1}, {"cam_R_m2c": [-0.9139875769615173, -0.3759583830833435, 0.1525845229625702, -0.32183775305747986, 0.4427599310874939, -0.8368895649909973, 0.2470773309469223, -0.8140140771865845, -0.5256747007369995], "cam_t_m2c": [-298.30712890625, 118.33580780029297, 545.6748046875], "obj_id": 1}, {"cam_R_m2c": [-0.9139875769615173, -0.3759583830833435, 0.1525845229625702, -0.32183775305747986, 0.4427599310874939, -0.8368895649909973, 0.2470773309469223, -0.8140140771865845, -0.5256747007369995], "cam_t_m2c": [-298.30712890625, 118.33580780029297, 545.6748046875], "obj_id": 3}, {"cam_R_m2c": [-0.9139875769615173, -0.3759583830833435, 0.1525845229625702, -0.32183775305747986, 0.4427599310874939, -0.8368895649909973, 0.2470773309469223, -0.8140140771865845, -0.5256747007369995], "cam_t_m2c": [-298.30712890625, 118.33580780029297, 545.6748046875], "obj_id": 3}, {"cam_R_m2c": [0.26241597533226013, 0.347267210483551, -0.9003018140792847, 0.8108749389648438, 0.42640531063079834, 0.4008246064186096, 0.5230867266654968, -0.8352149724960327, -0.1696947067975998], "cam_t_m2c": [-373.9255676269531, 196.32615661621094, 455.6808776855469], "obj_id": 1}, {"cam_R_m2c": [0.028636202216148376, -0.39224663376808167, -0.9194141626358032, -0.9823756814002991, 0.15892106294631958, -0.09839705377817154, 0.18471013009548187, 0.9060279130935669, -0.3807826042175293], "cam_t_m2c": [-555.7417602539062, -236.15882873535156, 1087.0128173828125], "obj_id": 2}, {"cam_R_m2c": [0.01334928348660469, -0.9998458623886108, -0.011397572234272957, 0.8261034488677979, 0.017450254410505295, -0.5632480978965759, 0.5633601546287537, -0.0018966620555147529, 0.8262092471122742], "cam_t_m2c": [-114.94364166259766, 0.6864387392997742, 719.0208740234375], "obj_id": 3}, {"cam_R_m2c": [0.40024369955062866, 0.8464255928993225, 0.35123881697654724, 0.5525094270706177, -0.5286648869514465, 0.6443964838981628, 0.731121301651001, -0.06385289877653122, -0.6792529225349426], "cam_t_m2c": [-92.99977111816406, 22.81145668029785, 690.1666870117188], "obj_id": 4}],
  "5": [{"cam_R_m2c": [0.9877045750617981, 0.09683728963136673, -0.12272799015045166, 0.11047077924013138, -0.9878139495849609, 0.1096348688006401, -0.11061567813158035, -0.12184472382068634, -0.9863660931587219], "cam_t_m2c": [289.1802062988281, 42.988182067871094, 394.40771484375], "obj_id": 1}, {"cam_R_m2c": [0.9884695410728455, 0.016516955569386482, 0.15051645040512085, 0.1078089028596878, 0.6212353706359863, -0.7761725783348083, -0.1063261553645134, 0.7834499478340149, 0.6122915744781494], "cam_t_m2c": [200.125244140625, 98.47518920898438, 241.40798950195312], "obj_id": 2}, {"cam_R_m2c": [0.33297261595726013, 0.894591212272644, 0.2980533242225647, 0.5113416910171509, 0.09426861256361008, -0.8541914224624634, -0.7922492027282715, 0.43682944774627686, -0.42605289816856384], "cam_t_m2c": [299.80499267578125, -3.6886141300201416, 446.7703857421875], "obj_id": 4}, {"cam_R_m2c": [0.17207618057727814, 0.8540140390396118, 0.49096810817718506, -0.7904078960418701, 0.41715478897094727, -0.4485946297645569, -0.58791583776474, -0.3108726739883423, 0.7468019127845764], "cam_t_m2c": [-103.2970962524414, -36.55398941040039, 412.128173828125], "obj_id": 1}, {"cam_R_m2c": [0.09326861798763275, 0.16133905947208405, -0.9824819564819336, -0.9692710041999817, -0.21089014410972595, -0.1266460418701172, -0.22762861847877502, 0.9641033411026001, 0.1367117315530777], "cam_t_m2c": [55.95713424682617, 53.25725555419922, 391.18115234375], "obj_id": 4}, {"cam_R_m2c": [-0.5609729886054993, 0.2518688440322876, 0.788588285446167, -0.6073041558265686, 0.5221486687660217, -0.5987841486930847, -0.5625753998756409, -0.8148146271705627, -0.13995030522346497], "cam_t_m2c": [-139.20201110839844, 70.20417785644531, 193.96328735351562], "obj_id": 2}, {"cam_R_m2c": [-0.32895106077194214, -0.32723039388656616, 0.8858394622802734, -0.8593044281005859, 0.49275434017181396, -0.13707321882247925, -0.39164677262306213, -0.8062961101531982, -0.4432826042175293], "cam_t_m2c": [-58.52093505859375, 134.1848907470703, 113.70771789550781], "obj_id": 3}, {"cam_R_m2c": [0.7482903003692627, 0.15748031437397003, 0.6444079279899597, -0.3302343487739563, -0.7540609836578369, 0.5677473545074463, 0.57533198595047, -0.6376454830169678, -0.5122510194778442], "cam_t_m2c": [-175.0806427001953, 95.35894012451172, 267.11236572265625], "obj_id": 1}, {"cam_R_m2c": [-0.4338190257549286, 0.7572746276855469, 0.48819655179977417, -0.7949876189231873, -0.06671945750713348, -0.6029452681541443, -0.42402294278144836, -0.6496794819831848, 0.6309683322906494], "cam_t_m2c": [27.365507125854492, -194.51487731933594, 788.2161254882812], "obj_id": 2}, {"cam_R_m2c": [-0.19404326379299164, -0.6227151155471802, 0.7580059766769409, 0.7165647745132446, -0.61769700050354, -0.32401418685913086, 0.6699866056442261, 0.4802876114845276, 0.5660757422447205], "cam_t_m2c": [165.9515838623047, -118.0670166015625, 553.6946411132812], "obj_id": 3}, {"cam_R_m2c": [-0.15531082451343536, -0.553974449634552, 0.8179185390472412, -0.662181556224823, 0.6727946996688843, 0.3299437165260315, -0.7330716848373413, -0.49036672711372375, -0.47132396697998047], "cam_t_m2c": [364.26727294921875, 404.9628601074219, -148.48934936523438], "obj_id": 4}],
  "6": [{"cam_R_m2c": [0.9877045750617981, 0.09683728963136673, -0.12272799015045166, 0.11047077924013138, -0.9878139495849609, 0.1096348688006401, -0.11061567813158035, -0.12184472382068634, -0.9863660931587219], "cam_t_m2c": [289.1802062988281, 42.988182067871094, 394.40771484375], "obj_id": 1}, {"cam_R_m2c": [0.9884695410728455, 0.016516955569386482, 0.15051645040512085, 0.1078089028596878, 0.6212353706359863, -0.7761725783348083, -0.1063261553645134, 0.7834499478340149, 0.6122915744781494], "cam_t_m2c": [200.125244140625, 98.47518920898438, 241.40798950195312], "obj_id": 2}, {"cam_R_m2c": [0.33297261595726013, 0.894591212272644, 0.2980533242225647, 0.5113416910171509, 0.09426861256361008, -0.8541914224624634, -0.7922492027282715, 0.43682944774627686, -0.42605289816856384], "cam_t_m2c": [299.80499267578125, -3.6886141300201416, 446.7703857421875], "obj_id": 4}, {"cam_R_m2c": [0.17207618057727814, 0.8540140390396118, 0.49096810817718506, -0.7904078960418701, 0.41715478897094727, -0.4485946297645569, -0.58791583776474, -0.3108726739883423, 0.7468019127845764], "cam_t_m2c": [-103.2970962524414, -36.55398941040039, 412.128173828125], "obj_id": 1}, {"cam_R_m2c": [0.09326861798763275, 0.16133905947208405, -0.9824819564819336, -0.9692710041999817, -0.21089014410972595, -0.1266460418701172, -0.22762861847877502, 0.9641033411026001, 0.1367117315530777], "cam_t_m2c": [55.95713424682617, 53.25725555419922, 391.18115234375], "obj_id": 4}, {"cam_R_m2c": [-0.5609729886054993, 0.2518688440322876, 0.788588285446167, -0.6073041558265686, 0.5221486687660217, -0.5987841486930847, -0.5625753998756409, -0.8148146271705627, -0.13995030522346497], "cam_t_m2c": [-139.20201110839844, 70.20417785644531, 193.96328735351562], "obj_id": 2}, {"cam_R_m2c": [-0.32895106077194214, -0.32723039388656616, 0.8858394622802734, -0.8593044281005859, 0.49275434017181396, -0.13707321882247925, -0.39164677262306213, -0.8062961101531982, -0.4432826042175293], "cam_t_m2c": [-58.52093505859375, 134.1848907470703, 113.70771789550781], "obj_id": 3}, {"cam_R_m2c": [0.7482903003692627, 0.15748031437397003, 0.6444079279899597, -0.3302343487739563, -0.7540609836578369, 0.5677473545074463, 0.57533198595047, -0.6376454830169678, -0.5122510194778442], "cam_t_m2c": [-175.0806427001953, 95.35894012451172, 267.11236572265625], "obj_id": 1}, {"cam_R_m2c": [-0.4338190257549286, 0.7572746276855469, 0.48819655179977417, -0.7949876189231873, -0.06671945750713348, -0.6029452681541443, -0.42402294278144836, -0.6496794819831848, 0.6309683322906494], "cam_t_m2c": [27.365507125854492, -194.51487731933594, 788.2161254882812], "obj_id": 2}, {"cam_R_m2c": [-0.19404326379299164, -0.6227151155471802, 0.7580059766769409, 0.7165647745132446, -0.61769700050354, -0.32401418685913086, 0.6699866056442261, 0.4802876114845276, 0.5660757422447205], "cam_t_m2c": [165.9515838623047, -118.0670166015625, 553.6946411132812], "obj_id": 3}, {"cam_R_m2c": [-0.15531082451343536, -0.553974449634552, 0.8179185390472412, -0.662181556224823, 0.6727946996688843, 0.3299437165260315, -0.7330716848373413, -0.49036672711372375, -0.47132396697998047], "cam_t_m2c": [364.26727294921875, 404.9628601074219, -148.48934936523438], "obj_id": 4}],
  "7": [{"cam_R_m2c": [-0.5900037884712219, 0.20905251801013947, -0.7798669338226318, 0.5600945949554443, -0.5897283554077148, -0.5818199515342712, -0.581540584564209, -0.7800753116607666, 0.23085282742977142], "cam_t_m2c": [-109.52213287353516, 79.12505340576172, 409.01336669921875], "obj_id": 1}, {"cam_R_m2c": [-0.5859398245811462, 0.4042261838912964, 0.7023360133171082, 0.5614873766899109, 0.8274485468864441, -0.0078005725517869, -0.5843001008033752, 0.3897821009159088, -0.7118029594421387], "cam_t_m2c": [-211.55160522460938, -28.516151428222656, 520.4667358398438], "obj_id": 2}, {"cam_R_m2c": [-0.9790229201316833, -0.0978546291589737, -0.1787140667438507, 0.023358039557933807, 0.8174363970756531, -0.575545072555542, 0.2024071365594864, -0.5676461458206177, -0.7980033159255981], "cam_t_m2c": [-55.44672393798828, 88.6214828491211, 364.07861328125], "obj_id": 4}, {"cam_R_m2c": [-0.27364233136177063, -0.7991535067558289, 0.5352320671081543, -0.7044969201087952, 0.5453863143920898, 0.45413410663604736, -0.6548311710357666, -0.25279903411865234, -0.7122420072555542], "cam_t_m2c": [116.43138885498047, -179.44757080078125, 615.8094482421875], "obj_id": 1}, {"cam_R_m2c": [0.1185133308172226, 0.7799990177154541, 0.6144559383392334, -0.6427422761917114, 0.5319437384605408, -0.551287829875946, -0.7568598985671997, -0.32960185408592224, 0.5643807649612427], "cam_t_m2c": [-6.933348655700684, -49.15153884887695, 574.93359375], "obj_id": 4}, {"cam_R_m2c": [0.02363995462656021, -0.9632800817489624, -0.2674555480480194, -0.9993978142738342, -0.0295671746134758, 0.01815607026219368, -0.025397315621376038, 0.2668653130531311, -0.9633989334106445], "cam_t_m2c": [-81.44176483154297, -265.1989440917969, 733.1776733398438], "obj_id": 2}, {"cam_R_m2c": [0.14362971484661102, -0.6755692958831787, -0.7231711745262146, -0.9142565727233887, -0.37030360102653503, 0.16434749960899353, -0.3788210451602936, 0.6375588178634644, -0.670830249786377], "cam_t_m2c": [-206.8849334716797, -229.11512756347656, 730.7490844726562], "obj_id": 3}, {"cam_R_m2c": [0.23411579430103302, -0.32004427909851074, -0.9180203676223755, 0.5687873363494873, -0.7207075953483582, 0.3963097631931305, -0.7884609699249268, -0.6149407029151917, 0.013308141380548477], "cam_t_m2c": [-14.499228477478027, -228.25120544433594, 770.9186401367188], "obj_id": 1}, {"cam_R_m2c": [0.14341528713703156, -0.8552677035331726, 0.4979449212551117, -0.9553265571594238, 0.011743857525289059, 0.2953189015388489, -0.2584245204925537, -0.5180532336235046, -0.8153756856918335], "cam_t_m2c": [416.1248474121094, 22.543062210083008, 385.9180603027344], "obj_id": 2}, {"cam_R_m2c": [0.3766695261001587, 0.8998761773109436, 0.21987015008926392, 0.6970669031143188, -0.43166103959083557, 0.5725089311599731, 0.6100965142250061, -0.062382448464632034, -0.7898675203323364], "cam_t_m2c": [134.39382934570312, 8.66859245300293, 363.8769836425781], "obj_id": 3}, {"cam_R_m2c": [-0.2840553820133209, -0.37843894958496094, -0.8809632658958435, -0.9005791544914246, -0.21001005172729492, 0.38059526681900024, -0.32904329895973206, 0.901487410068512, -0.2811596393585205], "cam_t_m2c": [-713.0816040039062, 14.973644256591797, 660.01416015625], "obj_id": 4}],
  "8": [{"cam_R_m2c": [-0.5900037884712219, 0.20905251801013947, -0.7798669338226318, 0.5600945949554443, -0.5897283554077148, -0.5818199515342712, -0.581540584564209, -0.7800753116607666, 0.23085282742977142], "cam_t_m2c": [-109.52213287353516, 79.12505340576172, 409.01336669921875], "obj_id": 1}, {"cam_R_m2c": [-0.5859398245811462, 0.4042261838912964, 0.7023360133171082, 0.5614873766899109, 0.8274485468864441, -0.0078005725517869, -0.5843001008033752, 0.3897821009159088, -0.7118029594421387], "cam_t_m2c": [-211.55160522460938, -28.516151428222656, 520.4667358398438], "obj_id": 2}, {"cam_R_m2c": [-0.9790229201316833, -0.0978546291589737, -0.1787140667438507, 0.023358039557933807, 0.8174363970756531, -0.575545072555542, 0.2024071365594864, -0.5676461458206177, -0.7980033159255981], "cam_t_m2c": [-55.44672393798828, 88.6214828491211, 364.07861328125], "obj_id": 4}, {"cam_R_m2c": [-0.27364233136177063, -0.7991535067558289, 0.5352320671081543, -0.7044969201087952, 0.5453863143920898, 0.45413410663604736, -0.6548311710357666, -0.25279903411865234, -0.7122420072555542], "cam_t_m2c": [116.43138885498047, -179.44757080078125, 615.8094482421875], "obj_id": 1}, {"cam_R_m2c": [0.1185133308172226, 0.7799990177154541, 0.6144559383392334, -0.6427422761917114, 0.5319437384605408, -0.551287829875946, -0.7568598985671997, -0.32960185408592224, 0.5643807649612427], "cam_t_m2c": [-6.933348655700684, -49.15153884887695, 574.93359375], "obj_id": 4}, {"cam_R_m2c": [0.02363995462656021, -0.9632800817489624, -0.2674555480480194, -0.9993978142738342, -0.0295671746134758, 0.01815607026219368, -0.025397315621376038, 0.2668653130531311, -0.9633989334106445], "cam_t_m2c": [-81.44176483154297, -265.1989440917969, 733.1776733398438], "obj_id": 2}, {"cam_R_m2c": [0.14362971484661102, -0.6755692958831787, -0.7231711745262146, -0.9142565727233887, -0.37030360102653503, 0.16434749960899353, -0.3788210451602936, 0.6375588178634644, -0.670830249786377], "cam_t_m2c": [-206.8849334716797, -229.11512756347656, 730.7490844726562], "obj_id": 3}, {"cam_R_m2c": [0.23411579430103302, -0.32004427909851074, -0.9180203676223755, 0.5687873363494873, -0.7207075953483582, 0.3963097631931305, -0.7884609699249268, -0.6149407029151917, 0.013308141380548477], "cam_t_m2c": [-14.499228477478027, -228.25120544433594, 770.9186401367188], "obj_id": 1}, {"cam_R_m2c": [0.14341528713703156, -0.8552677035331726, 0.4979449212551117, -0.9553265571594238, 0.011743857525289059, 0.2953189015388489, -0.2584245204925537, -0.5180532336235046, -0.8153756856918335], "cam_t_m2c": [416.1248474121094, 22.543062210083008, 385.9180603027344], "obj_id": 2}, {"cam_R_m2c": [0.3766695261001587, 0.8998761773109436, 0.21987015008926392, 0.6970669031143188, -0.43166103959083557, 0.5725089311599731, 0.6100965142250061, -0.062382448464632034, -0.7898675203323364], "cam_t_m2c": [134.39382934570312, 8.66859245300293, 363.8769836425781], "obj_id": 3}, {"cam_R_m2c": [-0.2840553820133209, -0.37843894958496094, -0.8809632658958435, -0.9005791544914246, -0.21001005172729492, 0.38059526681900024, -0.32904329895973206, 0.901487410068512, -0.2811596393585205], "cam_t_m2c": [-713.0816040039062, 14.973644256591797, 660.01416015625], "obj_id": 4}],
  "9": [{"cam_R_m2c": [0.5761868357658386, -0.14881542325019836, 0.8036558628082275, -0.47968509793281555, -0.8576965928077698, 0.18509136140346527, 0.6617484092712402, -0.4921489357948303, -0.565578043460846], "cam_t_m2c": [104.27620697021484, -37.627784729003906, 649.253662109375], "obj_id": 1}, {"cam_R_m2c": [0.5721445083618164, -0.4636329710483551, -0.6765317320823669, -0.4824039041996002, 0.4768648147583008, -0.7347696423530579, 0.6632776260375977, 0.7467559576034546, 0.049177221953868866], "cam_t_m2c": [208.4990997314453, 63.006839752197266, 533.3711547851562], "obj_id": 2}, {"cam_R_m2c": [0.9687693119049072, 0.06995678693056107, 0.23789098858833313, 0.2433411031961441, -0.4526044726371765, -0.857866108417511, 0.04765697196125984, 0.888962984085083, -0.45549267530441284], "cam_t_m2c": [51.280723571777344, -83.114990234375, 661.7377319335938], "obj_id": 4}, {"cam_R_m2c": [0.3351837396621704, 0.7747173309326172, -0.5361576080322266, -0.7288532853126526, -0.14738884568214417, -0.6686176061630249, -0.5970132350921631, 0.6148899793624878, 0.5152528285980225], "cam_t_m2c": [-113.33649444580078, 124.60263061523438, 354.2868347167969], "obj_id": 1}, {"cam_R_m2c": [-0.056224122643470764, -0.7976350784301758, -0.6005140542984009, -0.8378794193267822, -0.2893892526626587, 0.4628303050994873, -0.5429520010948181, 0.5291805863380432, -0.6520513296127319], "cam_t_m2c": [3.685239315032959, 105.98432159423828, 495.0917663574219], "obj_id": 4}, {"cam_R_m2c": [0.03433068469166756, 0.9539263844490051, 0.2980702817440033, -0.1554943025112152, 0.2997123897075653, -0.9412725567817688, -0.9872400760650635, -0.014033671468496323, 0.15861943364143372], "cam_t_m2c": [85.072021484375, 237.82554626464844, 264.3034362792969], "obj_id": 2}, {"cam_R_m2c": [-0.07843135297298431, 0.6738991141319275, 0.7346485257148743, -0.4995041489601135, 0.6111792922019958, -0.6139670014381409, -0.8627538084983826, -0.41511425375938416, 0.2886797785758972], "cam_t_m2c": [208.26087951660156, 245.18772888183594, 306.8971862792969], "obj_id": 3}, {"cam_R_m2c": [-0.2396979182958603, 0.3810747563838959, 0.8929315805435181, -0.7170543074607849, -0.6895445585250854, 0.10179008543491364, 0.6545058488845825, -0.615881621837616, 0.43853381276130676], "cam_t_m2c": [14.903509140014648, 277.2802429199219, 292.4197998046875], "obj_id": 1}, {"cam_R_m2c": [-0.07990094274282455, 0.870057225227356, -0.48643213510513306, -0.3855287432670593, -0.47698938846588135, -0.7898408770561218, -0.9192297458648682, 0.124424509704113, 0.37354400753974915], "cam_t_m2c": [-416.21435546875, -89.19329833984375, 568.81591796875], "obj_id": 2}, {"cam_R_m2c": [-0.4360637366771698, -0.871166467666626, -0.22564905881881714, 0.6793841123580933, -0.15424953401088715, -0.7173871994018555, 0.5901573896408081, -0.4661288857460022, 0.659119188785553], "cam_t_m2c": [-133.57125854492188, -101.37862396240234, 572.6976928710938], "obj_id": 3}, {"cam_R_m2c": [0.345869243144989, 0.3594352602958679, 0.8667068481445312, -0.431037575006485, 0.8813434839248657, -0.19349482655525208, -0.8334152698516846, -0.3066593110561371, 0.4597597122192383], "cam_t_m2c": [701.7763671875, 227.27293395996094, 584.2766723632812], "obj_id": 4}]
}