{
  "0": [{"cam_R_m2c": [0.6023890972137451, -0.19100087881088257, -0.7750135660171509, -0.41914182901382446, 0.7506207227706909, -0.5107725858688354, 0.6792992353439331, 0.6325244307518005, 0.3721092939376831], "cam_t_m2c": [-174.63214111328125, -246.62094116210938, 697.3607177734375], "obj_id": 3}, {"cam_R_m2c": [-0.8940708041191101, -0.10142598301172256, 0.43629127740859985, -0.3418964743614197, -0.47475025057792664, -0.8109987378120422, 0.28938576579093933, -0.8742567896842957, 0.38978320360183716], "cam_t_m2c": [-253.8914337158203, -167.80331420898438, 419.88232421875], "obj_id": 3}, {"cam_R_m2c": [0.23719564080238342, 0.9590202569961548, 0.154977947473526, 0.05689654126763344, -0.17297083139419556, 0.9832820296287537, 0.9697942137718201, -0.22441241145133972, -0.09559275954961777], "cam_t_m2c": [-56.748863220214844, -96.6445541381836, 425.2832946777344], "obj_id": 3}, {"cam_R_m2c": [-0.9573822617530823, 0.10696510225534439, -0.268286794424057, 0.19135232269763947, -0.46087440848350525, -0.8665905594825745, -0.21634143590927124, -0.8809956312179565, 0.42076486349105835], "cam_t_m2c": [-301.3613586425781, -188.5844268798828, 448.94189453125], "obj_id": 3}, {"cam_R_m2c": [0.5935010313987732, -0.329155832529068, -0.7344473600387573, 0.15407493710517883, -0.8492014408111572, 0.505091667175293, -0.7899477481842041, -0.4129323661327362, -0.4532872438430786], "cam_t_m2c": [-393.28009033203125, -191.46847534179688, 561.8098754882812], "obj_id": 3}, {"cam_R_m2c": [0.9163479208946228, 0.013952828012406826, -0.4001396894454956, 0.16261602938175201, -0.9262205958366394, 0.3401049077510834, -0.36587220430374146, -0.3767235577106476, -0.8510093092918396], "cam_t_m2c": [-213.2531280517578, -84.86372375488281, 738.6845092773438], "obj_id": 3}, {"cam_R_m2c": [0.3259578347206116, -0.3315158188343048, 0.8853523135185242, 0.5607247948646545, -0.6861951351165771, -0.4633829891681671, 0.7611433267593384, 0.6474823355674744, -0.03778151050209999], "cam_t_m2c": [-98.2555923461914, -100.06975555419922, 769.031494140625], "obj_id": 3}, {"cam_R_m2c": [-0.20973001420497894, 0.9740481376647949, 0.08510749042034149, 0.7910912036895752, 0.11789115518331528, 0.6002300977706909, 0.5746196508407593, 0.19321413338184357, -0.795286238193512], "cam_t_m2c": [-157.44786071777344, -236.29017639160156, 735.1060180664062], "obj_id": 3}, {"cam_R_m2c": [-0.870518147945404, -0.4785315692424774, 0.11491452157497406, 0.47006526589393616, -0.7393506169319153, 0.48207780718803406, -0.14572733640670776, 0.4736748933792114, 0.8685594797134399], "cam_t_m2c": [-281.3812561035156, -219.91233825683594, 373.03717041015625], "obj_id": 3}, {"cam_R_m2c": [-0.9147307276725769, 0.29043760895729065, 0.28091534972190857, 0.04511489346623421, 0.7642903327941895, -0.643292248249054, -0.4015371799468994, -0.5757657885551453, -0.7122229337692261], "cam_t_m2c": [-219.46029663085938, -127.8733901977539, 466.3756103515625], "obj_id": 3}, {"cam_R_m2c": [0.14115168154239655, 0.1222689151763916, -0.9824085235595703, 0.6647377610206604, -0.7470724582672119, 0.0025295913219451904, -0.7336210608482361, -0.6534010767936707, -0.18672725558280945], "cam_t_m2c": [-32.9266471862793, 51.208168029785156, 588.0443115234375], "obj_id": 3}, {"cam_R_m2c": [0.7182950377464294, -0.007669373881071806, 0.6956962943077087, 0.3077022433280945, -0.8933269381523132, -0.32754555344581604, 0.623996376991272, 0.44934168457984924, -0.6393124461174011], "cam_t_m2c": [-164.91229248046875, -76.89754486083984, 702.9510498046875], "obj_id": 3}, {"cam_R_m2c": [-0.5785900354385376, 0.5492158532142639, 0.6029886603355408, -0.3315088450908661, -0.8338364958763123, 0.4413822889328003, 0.745208203792572, 0.05548335239291191, 0.6645196080207825], "cam_t_m2c": [-86.21199798583984, -181.11529541015625, 837.1765747070312], "obj_id": 3}, {"cam_R_m2c": [-0.14802788197994232, 0.8809465765953064, 0.4494675099849701, 0.9779565930366516, 0.0627104863524437, 0.19916927814483643, 0.14727112650871277, 0.4690423011779785, -0.8708104491233826], "cam_t_m2c": [-104.35628509521484, -257.13250732421875, 842.8419799804688], "obj_id": 3}, {"cam_R_m2c": [0.49288326501846313, 0.7785857319831848, 0.3884204626083374, -0.847964346408844, 0.32978400588035583, 0.41496872901916504, 0.19499382376670837, -0.5338978171348572, 0.8227578997612], "cam_t_m2c": [-87.2958984375, 1.656632661819458, 648.4971313476562], "obj_id": 3}, {"cam_R_m2c": [-0.9899213314056396, -0.06591413170099258, 0.12534397840499878, -0.1312435418367386, 0.09446243941783905, -0.9868394136428833, 0.053206365555524826, -0.9933439493179321, -0.1021612137556076], "cam_t_m2c": [-244.5987091064453, 30.74826431274414, 659.3041381835938], "obj_id": 3}, {"cam_R_m2c": [-0.7367250919342041, 0.6373732686042786, 0.22581255435943604, -0.47608327865600586, -0.7260723114013672, 0.4961487054824829, 0.48018819093704224, 0.25801965594291687, 0.8383585810661316], "cam_t_m2c": [-94.51300811767578, -233.66549682617188, 416.9338684082031], "obj_id": 3}, {"cam_R_m2c": [-0.4792492091655731, 0.2860391139984131, 0.8297601938247681, 0.4138258993625641, 0.9073618054389954, -0.07377465069293976, -0.7739951610565186, 0.30801981687545776, -0.5532228350639343], "cam_t_m2c": [-59.87629318237305, -165.5803680419922, 730.5010375976562], "obj_id": 3}, {"cam_R_m2c": [0.19896656274795532, 0.5697045922279358, 0.7974013686180115, -0.8056923747062683, 0.5583136677742004, -0.1978527158498764, -0.5579177141189575, -0.6030941009521484, 0.5700923800468445], "cam_t_m2c": [-148.53915405273438, -161.9310302734375, 325.8895568847656], "obj_id": 3}, {"cam_R_m2c": [-0.06498900800943375, 0.5812108516693115, -0.8111535310745239, 0.8740333318710327, -0.3590722680091858, -0.3273109793663025, -0.4814996123313904, -0.7302470207214355, -0.4846617579460144], "cam_t_m2c": [21.76639747619629, -317.08782958984375, 485.4296569824219], "obj_id": 3}, {"cam_R_m2c": [-0.02423648163676262, 0.9789815545082092, 0.20250314474105835, 0.9996039867401123, 0.026627976447343826, -0.009092636406421661, -0.014293760061264038, 0.20220258831977844, -0.979239284992218], "cam_t_m2c": [-376.55242919921875, -282.39825439453125, 450.429443359375], "obj_id": 3}, {"cam_R_m2c": [0.3623601496219635, 0.9174432754516602, -0.16429539024829865, 0.3173530101776123, -0.2871916592121124, -0.9037743210792542, -0.8763459324836731, 0.2753521800041199, -0.39522019028663635], "cam_t_m2c": [24.371225357055664, -169.78199768066406, 534.9185791015625], "obj_id": 3}, {"cam_R_m2c": [-0.8506346344947815, 0.23198072612285614, -0.4718111753463745, -0.1823272705078125, -0.9718632102012634, -0.14912669360637665, -0.4931304156780243, -0.04082828015089035, 0.868996798992157], "cam_t_m2c": [-69.50790405273438, -98.78711700439453, 793.7806396484375], "obj_id": 3}, {"cam_R_m2c": [0.07078439742326736, -0.016693664714694023, 0.997351884841919, -0.07037271559238434, 0.997285008430481, 0.021687056869268417, -0.9950060844421387, -0.07172147184610367, 0.06941743940114975], "cam_t_m2c": [-162.0572052001953, -98.93749237060547, 796.9680786132812], "obj_id": 3}, {"cam_R_m2c": [0.6390237212181091, 0.22380617260932922, 0.735907256603241, 0.17151592671871185, 0.8911854028701782, -0.41996535658836365, -0.7498206496238708, 0.3945876359939575, 0.5311022996902466], "cam_t_m2c": [-76.34015655517578, -156.8035430908203, 767.2674560546875], "obj_id": 3}, {"cam_R_m2c": [0.4347350597381592, 0.8784388899803162, 0.19836927950382233, 0.02207133173942566, 0.20981457829475403, -0.9774919748306274, -0.9002878069877625, 0.4293282628059387, 0.07182548195123672], "cam_t_m2c": [-259.02569580078125, -361.2063293457031, 520.0661010742188], "obj_id": 3}, {"cam_R_m2c": [-0.5921952724456787, 0.504112720489502, -0.6286294460296631, 0.17430666089057922, -0.6815235018730164, -0.710733950138092, -0.7867158651351929, -0.5304676294326782, 0.3157249093055725], "cam_t_m2c": [-7.333209037780762, -196.5138702392578, 600.3164672851562], "obj_id": 3}, {"cam_R_m2c": [0.21054427325725555, 0.8592731952667236, -0.4661766290664673, 0.6882685422897339, -0.46894022822380066, -0.5535172820091248, -0.6942315697669983, -0.20431484282016754, -0.690143346786499], "cam_t_m2c": [-7.735605716705322, -153.15191650390625, 352.6067199707031], "obj_id": 3}, {"cam_R_m2c": [-0.7425352931022644, 0.643524706363678, 0.18578773736953735, -0.6696383357048035, -0.7069990634918213, -0.2274569272994995, -0.015022391453385353, -0.2933053970336914, 0.9559007287025452], "cam_t_m2c": [13.982159614562988, 77.94971466064453, 612.697998046875], "obj_id": 1}, {"cam_R_m2c": [0.9085323810577393, 0.39767399430274963, -0.12815719842910767, 0.31427276134490967, -0.4483177065849304, 0.8368057012557983, 0.27532073855400085, -0.8005414009094238, -0.5322892665863037], "cam_t_m2c": [-311.990478515625, -212.30032348632812, 562.3453369140625], "obj_id": 1}, {"cam_R_m2c": [0.04811447113752365, -0.9903982281684875, 0.129599928855896, 0.9356107115745544, -0.0007436947780661285, -0.3530324101448059, 0.34973910450935364, 0.1382410228252411, 0.9265915751457214], "cam_t_m2c": [-100.51714324951172, -246.1044921875, 729.0634155273438], "obj_id": 1}, {"cam_R_m2c": [0.057520877569913864, 0.14735490083694458, 0.9874095320701599, -0.6438655257225037, 0.761343777179718, -0.0761103630065918, -0.7629733085632324, -0.6313811540603638, 0.138669952750206], "cam_t_m2c": [-328.6347351074219, -309.8771057128906, 497.6259765625], "obj_id": 1}, {"cam_R_m2c": [0.6830735802650452, 0.40401217341423035, -0.6084279417991638, -0.6744921803474426, 0.6684839129447937, -0.3133520483970642, 0.2801262438297272, 0.6244224309921265, 0.7291268110275269], "cam_t_m2c": [35.33231735229492, 44.16014862060547, 655.0259399414062], "obj_id": 1}, {"cam_R_m2c": [0.7683401703834534, -0.6324723958969116, 0.09814321994781494, -0.3891654908657074, -0.3399123549461365, 0.8561599254608154, -0.5081374049186707, -0.6960159540176392, -0.5073047280311584], "cam_t_m2c": [126.07469940185547, -174.1741180419922, 514.455322265625], "obj_id": 1}, {"cam_R_m2c": [-0.7605186104774475, 0.610264241695404, 0.22178630530834198, -0.39745965600013733, -0.7076311707496643, 0.5841952562332153, 0.5134563446044922, 0.35614022612571716, 0.7807219624519348], "cam_t_m2c": [63.57455825805664, -35.49516677856445, 726.1827392578125], "obj_id": 1}, {"cam_R_m2c": [-0.990903913974762, 0.06039344519376755, -0.12025798857212067, -0.11878091841936111, 0.02749238908290863, 0.9925397634506226, 0.06324907392263412, 0.9977959394454956, -0.020068658515810966], "cam_t_m2c": [-231.3712615966797, -114.59722900390625, 461.5184631347656], "obj_id": 1}, {"cam_R_m2c": [-0.7014903426170349, -0.5619103312492371, 0.4383696913719177, 0.025730891153216362, 0.5947312712669373, 0.803512692451477, -0.7122142314910889, 0.574936032295227, -0.4027397632598877], "cam_t_m2c": [-111.2281723022461, -149.8113555908203, 430.1314392089844], "obj_id": 1}, {"cam_R_m2c": [0.22326838970184326, -0.07636354118585587, 0.9717611074447632, 0.65568608045578, 0.7494375705718994, -0.09175528585910797, -0.7212675213813782, 0.6576563715934753, 0.21739625930786133], "cam_t_m2c": [38.88098907470703, 49.92792510986328, 607.032958984375], "obj_id": 1}, {"cam_R_m2c": [-0.6054117679595947, -0.11503798514604568, -0.787554919719696, 0.7842114567756653, 0.08282928168773651, -0.6149404048919678, 0.13597410917282104, -0.9899017810821533, 0.04006830230355263], "cam_t_m2c": [-197.09750366210938, -287.0263977050781, 674.2149658203125], "obj_id": 1}, {"cam_R_m2c": [0.8982993364334106, -0.20738902688026428, 0.3873603641986847, 0.24401049315929413, -0.49768877029418945, -0.8323248624801636, 0.3653999865055084, 0.8421968817710876, -0.3964684009552002], "cam_t_m2c": [-259.4027099609375, -35.15361022949219, 629.9688720703125], "obj_id": 1}, {"cam_R_m2c": [0.693099856376648, 0.6942921280860901, -0.19383256137371063, -0.4263759255409241, 0.6116811633110046, 0.6663705706596375, 0.5812195539474487, -0.3792157769203186, 0.7199855446815491], "cam_t_m2c": [134.61729431152344, -12.405320167541504, 688.4671020507812], "obj_id": 1}, {"cam_R_m2c": [0.21695901453495026, 0.9594544172286987, 0.1799330860376358, 0.312541127204895, -0.24289380013942719, 0.9183247685432434, 0.9247955083847046, -0.14300227165222168, -0.3525668978691101], "cam_t_m2c": [-83.0710678100586, -169.8785400390625, 329.3051452636719], "obj_id": 1}, {"cam_R_m2c": [0.4491170048713684, 0.3586580753326416, -0.818326473236084, 0.7052077054977417, -0.7046762108802795, 0.0781874880194664, -0.5486127138137817, -0.6122055053710938, -0.569410502910614], "cam_t_m2c": [-230.4630889892578, -74.49395751953125, 767.3875122070312], "obj_id": 1}, {"cam_R_m2c": [0.05094292014837265, 0.9731884002685547, -0.22429704666137695, 0.8547812104225159, 0.07365904003381729, 0.5137348175048828, 0.5164822936058044, -0.21789605915546417, -0.8281107544898987], "cam_t_m2c": [-283.2278137207031, -119.8386001586914, 646.1836547851562], "obj_id": 1}, {"cam_R_m2c": [0.8865309357643127, 0.2254778891801834, 0.404008150100708, 0.4609981179237366, -0.35633182525634766, -0.8127166032791138, -0.03928866237401962, 0.906745433807373, -0.4198440611362457], "cam_t_m2c": [-70.85628509521484, -190.5702362060547, 730.9678955078125], "obj_id": 1}, {"cam_R_m2c": [-0.7559115886688232, 0.6000639200210571, 0.2617650628089905, -0.3039647340774536, -0.6758232712745667, 0.6714673042297363, 0.5798302292823792, 0.42800256609916687, 0.693260908126831], "cam_t_m2c": [-142.09469604492188, -18.105670928955078, 715.0645141601562], "obj_id": 1}, {"cam_R_m2c": [0.35423892736434937, -0.8764762282371521, 0.32604315876960754, 0.05020677298307419, 0.36597374081611633, 0.9292698502540588, -0.9338061809539795, -0.31281396746635437, 0.1736471951007843], "cam_t_m2c": [-226.55633544921875, -130.64024353027344, 698.5594482421875], "obj_id": 1}, {"cam_R_m2c": [-0.5258089900016785, -0.2942318320274353, 0.7980931401252747, -0.6072408556938171, -0.5271798372268677, -0.5944240689277649, 0.5956370830535889, -0.7971882224082947, 0.09852626174688339], "cam_t_m2c": [-258.6197204589844, -193.65951538085938, 350.1661682128906], "obj_id": 1}, {"cam_R_m2c": [0.00035082301474176347, -0.6359109878540039, -0.7717622518539429, -0.5921502113342285, -0.6220393180847168, 0.5122743248939514, -0.8058274388313293, 0.4568195044994354, -0.37677299976348877], "cam_t_m2c": [-21.865697860717773, -120.59375, 452.3668212890625], "obj_id": 1}, {"cam_R_m2c": [-0.2855176031589508, -0.9582968950271606, 0.012109610252082348, 0.8788790702819824, -0.266852468252182, -0.395425409078598, 0.38216641545295715, -0.10225804895162582, 0.918418288230896], "cam_t_m2c": [-88.93181610107422, -213.49993896484375, 596.3179321289062], "obj_id": 1}, {"cam_R_m2c": [0.18203204870224, -0.3600292503833771, 0.9150098562240601, 0.91640704870224, 0.3994574248790741, -0.02513526938855648, -0.35645797848701477, 0.8430970311164856, 0.4026474952697754], "cam_t_m2c": [-163.77711486816406, -62.01884460449219, 391.8171081542969], "obj_id": 1}, {"cam_R_m2c": [0.18492391705513, 0.8276669383049011, -0.5298778414726257, 0.024312645196914673, -0.542864978313446, -0.8394679427146912, -0.9824520349502563, 0.14235493540763855, -0.12051144242286682], "cam_t_m2c": [-263.19024658203125, -215.07260131835938, 456.61663818359375], "obj_id": 1}, {"cam_R_m2c": [-0.7848713994026184, -0.5900854468345642, -0.18914617598056793, 0.4591582715511322, -0.7587990760803223, 0.46195000410079956, -0.41611388325691223, 0.27572327852249146, 0.8665021061897278], "cam_t_m2c": [-183.5953369140625, -11.024142265319824, 383.75732421875], "obj_id": 1}, {"cam_R_m2c": [0.8512240052223206, 0.47656378149986267, -0.21978306770324707, -0.19584962725639343, -0.10006995499134064, -0.9755147099494934, -0.48688867688179016, 0.8734260201454163, 0.008152890019118786], "cam_t_m2c": [-132.6951446533203, -53.82175064086914, 405.4875793457031], "obj_id": 1}, {"cam_R_m2c": [0.4446147680282593, -0.3921787440776825, -0.8053033351898193, -0.17168886959552765, -0.9196982383728027, 0.3530976176261902, -0.8791135549545288, -0.01873078942298889, -0.47624412178993225], "cam_t_m2c": [-153.198486328125, -103.44425201416016, 718.5894165039062], "obj_id": 1}, {"cam_R_m2c": [-0.6735938787460327, -0.6758742332458496, -0.2991071343421936, -0.2355363965034485, 0.5798878073692322, -0.7799055576324463, 0.7005667090415955, -0.45488908886909485, -0.5498018264770508], "cam_t_m2c": [39.54774856567383, -202.16639709472656, 616.4461669921875], "obj_id": 1}, {"cam_R_m2c": [0.8113832473754883, 0.08196964859962463, 0.5787385106086731, -0.4428756833076477, 0.7323882579803467, 0.5171736478805542, -0.3814687430858612, -0.6759352087974548, 0.6305499076843262], "cam_t_m2c": [-29.451366424560547, -308.52813720703125, 610.9573364257812], "obj_id": 1}, {"cam_R_m2c": [0.04322502762079239, -0.7738638520240784, 0.631875216960907, 0.022908849641680717, 0.6330678462982178, 0.77375727891922, -0.9988026022911072, -0.018970109522342682, 0.04509272053837776], "cam_t_m2c": [-75.15397644042969, -115.0968017578125, 488.74652099609375], "obj_id": 1}, {"cam_R_m2c": [0.7751606702804565, 0.5474131107330322, 0.3153805136680603, 0.21712422370910645, -0.6996349096298218, 0.6807115077972412, 0.5932815670967102, -0.45918402075767517, -0.6611860990524292], "cam_t_m2c": [-128.28562927246094, -269.8369140625, 447.10809326171875], "obj_id": 1}, {"cam_R_m2c": [-0.8846246004104614, 0.3531065881252289, -0.3045571744441986, 0.4662885367870331, 0.6751547455787659, -0.5716127157211304, 0.0037830043584108353, -0.6476742029190063, -0.7619080543518066], "cam_t_m2c": [-278.93231201171875, -113.21973419189453, 690.2359619140625], "obj_id": 1}, {"cam_R_m2c": [-0.9894675612449646, 0.1402028501033783, 0.036011144518852234, 0.09722350537776947, 0.45937007665634155, 0.882908046245575, 0.10724379867315292, 0.8771101832389832, -0.4681627154350281], "cam_t_m2c": [-275.3721618652344, -1.3982383012771606, 613.3704223632812], "obj_id": 1}, {"cam_R_m2c": [-0.03832494094967842, 0.8600262999534607, 0.5088082551956177, 0.9931216835975647, 0.08915736526250839, -0.07589543610811234, -0.11063604801893234, 0.5023998618125916, -0.8575277328491211], "cam_t_m2c": [-86.8554458618164, -187.6153564453125, 719.0140380859375], "obj_id": 1}, {"cam_R_m2c": [0.8918952345848083, -0.40662211179733276, -0.19794271886348724, -0.40219539403915405, -0.5130455493927002, -0.7583028674125671, 0.2067890614271164, 0.7559383511543274, -0.6211244463920593], "cam_t_m2c": [-185.49462890625, -310.82318115234375, 525.2947387695312], "obj_id": 1}, {"cam_R_m2c": [0.24237407743930817, -0.564659595489502, 0.7889323234558105, 0.7972907423973083, -0.3474101126194, -0.4935924708843231, 0.552794873714447, 0.7486425042152405, 0.36599475145339966], "cam_t_m2c": [-51.08199691772461, -128.1023406982422, 366.5545959472656], "obj_id": 1}, {"cam_R_m2c": [0.8120896816253662, 0.4689934253692627, 0.3472111225128174, 0.07615648210048676, 0.5047447085380554, -0.8599029183387756, -0.5785417556762695, 0.7247606515884399, 0.3741810619831085], "cam_t_m2c": [-142.64077758789062, -64.90789031982422, 735.5421142578125], "obj_id": 1}, {"cam_R_m2c": [-0.7040196657180786, -0.4996474087238312, 0.504686713218689, -0.31767570972442627, 0.8571460843086243, 0.40544137358665466, -0.6351679563522339, 0.12511201202869415, -0.7621735334396362], "cam_t_m2c": [-112.44818878173828, 7.06622838973999, 405.09527587890625], "obj_id": 1}, {"cam_R_m2c": [0.6979119181632996, 0.6896730065345764, -0.19305472075939178, 0.254550576210022, -0.4908333718776703, -0.8332386016845703, -0.6694198846817017, 0.5323849320411682, -0.5181151032447815], "cam_t_m2c": [-304.518310546875, -186.8086700439453, 379.7352294921875], "obj_id": 1}, {"cam_R_m2c": [0.09663225710391998, 0.7215188145637512, -0.68561851978302, -0.1480485051870346, -0.6707596778869629, -0.7267482280731201, -0.9842478632926941, 0.171732097864151, 0.04200279340147972], "cam_t_m2c": [-48.301490783691406, -171.289306640625, 385.7943420410156], "obj_id": 1}, {"cam_R_m2c": [0.6084609627723694, 0.6262015700340271, -0.4874902665615082, -0.6329460740089417, 0.7534857392311096, 0.1778721958398819, 0.47870078682899475, 0.20032678544521332, 0.8548185229301453], "cam_t_m2c": [-32.930686950683594, -137.697998046875, 672.7763671875], "obj_id": 1}, {"cam_R_m2c": [0.28840968012809753, -0.5964381098747253, -0.7490535378456116, 0.5774887800216675, -0.515648603439331, 0.6329398155212402, -0.7637580633163452, -0.6151160001754761, 0.19571846723556519], "cam_t_m2c": [-134.239501953125, -160.85772705078125, 542.0826416015625], "obj_id": 1}, {"cam_R_m2c": [0.5674677491188049, 0.34172847867012024, -0.7491341233253479, 0.8219926953315735, -0.28819769620895386, 0.49119237065315247, -0.048044342547655106, -0.8945186734199524, -0.4444412291049957], "cam_t_m2c": [-269.41204833984375, -202.92515563964844, 513.9393920898438], "obj_id": 1}, {"cam_R_m2c": [-0.13321168720722198, -0.9853896498680115, 0.10612297058105469, 0.5954726934432983, 0.006018184125423431, 0.8033531308174133, -0.7922544479370117, 0.17020924389362335, 0.5859707593917847], "cam_t_m2c": [-66.5460205078125, -99.66085052490234, 695.9039916992188], "obj_id": 1}, {"cam_R_m2c": [0.48954302072525024, -0.5768080949783325, 0.6539418697357178, -0.8719638586044312, -0.3282620310783386, 0.363211989402771, 0.0051607247442007065, -0.7480216026306152, -0.6636541485786438], "cam_t_m2c": [46.26020050048828, -49.534271240234375, 649.8535766601562], "obj_id": 1}, {"cam_R_m2c": [-0.6654830574989319, 0.6825872659683228, 0.30200499296188354, -0.22294877469539642, 0.20435945689678192, -0.9531689882278442, -0.7123385667800903, -0.7016494274139404, 0.016184205189347267], "cam_t_m2c": [-231.16351318359375, -204.3225555419922, 447.3874816894531], "obj_id": 1}, {"cam_R_m2c": [0.6784358620643616, -0.05406203493475914, 0.7326677441596985, -0.05084050074219704, -0.9983526468276978, -0.026589082553982735, 0.7328983545303345, -0.01921021193265915, -0.6800667643547058], "cam_t_m2c": [-116.18396759033203, -38.19935607910156, 421.2094421386719], "obj_id": 1}, {"cam_R_m2c": [-0.2966938614845276, 0.8050680756568909, 0.5136515498161316, -0.10636981576681137, 0.5066637396812439, -0.8555566668510437, -0.9490300416946411, -0.3084755539894104, -0.0646890252828598], "cam_t_m2c": [-22.6160831451416, -116.13302612304688, 695.89306640625], "obj_id": 1}, {"cam_R_m2c": [0.687658965587616, -0.7260327339172363, -0.0012567704543471336, 0.7221670150756836, 0.6838170886039734, 0.10425450652837753, -0.07483278959989548, -0.0725991427898407, 0.9945498704910278], "cam_t_m2c": [-179.17855834960938, -357.3294982910156, 606.0439453125], "obj_id": 1}, {"cam_R_m2c": [-0.319155216217041, -0.05544392764568329, 0.9460791349411011, -0.5848680138587952, -0.773979902267456, -0.24266068637371063, 0.7457004189491272, -0.630777895450592, 0.21459253132343292], "cam_t_m2c": [-272.30145263671875, -199.01051330566406, 393.9751892089844], "obj_id": 1}, {"cam_R_m2c": [-0.7765633463859558, 0.03797778859734535, 0.6288934350013733, 0.03705928847193718, -0.993699848651886, 0.10576896369457245, 0.6289482712745667, 0.10544264316558838, 0.7702635526657104], "cam_t_m2c": [-309.2610778808594, -154.06089782714844, 416.268310546875], "obj_id": 1}, {"cam_R_m2c": [-0.21788522601127625, -0.5892361402511597, 0.7780274152755737, -0.6710224747657776, 0.6693123579025269, 0.31898242235183716, -0.7086993455886841, -0.4525722861289978, -0.54122394323349], "cam_t_m2c": [-273.3733825683594, -355.5122375488281, 498.104736328125], "obj_id": 1}, {"cam_R_m2c": [-0.26968178153038025, 0.05220628157258034, -0.96153324842453, -0.9393088817596436, -0.23415982723236084, 0.2507348358631134, -0.2120625376701355, 0.9707953929901123, 0.1121864914894104], "cam_t_m2c": [-269.9714050292969, -203.61439514160156, 521.75732421875], "obj_id": 1}, {"cam_R_m2c": [0.33767151832580566, -0.8442410826683044, 0.4162149429321289, 0.7528091669082642, 0.5076660513877869, 0.4189910292625427, -0.56502765417099, 0.1718491017818451, 0.806976854801178], "cam_t_m2c": [-241.70443725585938, -109.80789184570312, 590.4703979492188], "obj_id": 1}, {"cam_R_m2c": [0.3020845651626587, -0.5111128687858582, -0.8046791553497314, 0.18805809319019318, -0.7955750823020935, 0.5759291052818298, -0.9345475435256958, -0.325305700302124, -0.1442120224237442], "cam_t_m2c": [-164.4322967529297, -114.48062133789062, 806.2426147460938], "obj_id": 3}, {"cam_R_m2c": [-0.6456807851791382, 0.5101253986358643, -0.568215012550354, 0.5739312767982483, 0.8150321245193481, 0.07953352481126785, 0.5036855340003967, -0.2747631072998047, -0.8190274834632874], "cam_t_m2c": [-118.78459930419922, 60.840789794921875, 588.5382080078125], "obj_id": 1}, {"cam_R_m2c": [0.18532145023345947, -0.9539341330528259, -0.2359352558851242, -0.3065599799156189, 0.17198961973190308, -0.9361839890480042, 0.9336363673210144, 0.2458232194185257, -0.2605646252632141], "cam_t_m2c": [-126.26823425292969, -382.3309020996094, 545.3409423828125], "obj_id": 1}, {"cam_R_m2c": [-0.5794234871864319, 0.6425744295120239, 0.501364529132843, 0.8149503469467163, 0.448366641998291, 0.3671828806400299, 0.011147219687700272, 0.6213415861129761, -0.7834603786468506], "cam_t_m2c": [78.0146484375, -145.58489990234375, 623.79931640625], "obj_id": 1}, {"cam_R_m2c": [0.8957763910293579, 0.2068350911140442, -0.3934513330459595, -0.343594491481781, 0.883753776550293, -0.31768232583999634, 0.28200626373291016, 0.4197600185871124, 0.8627131581306458], "cam_t_m2c": [-165.9665069580078, -382.50054931640625, 538.496826171875], "obj_id": 1}, {"cam_R_m2c": [0.8297862410545349, -0.0944778099656105, -0.5500261783599854, 0.4663381576538086, -0.42401280999183655, 0.7763644456863403, -0.30656737089157104, -0.9007146954536438, -0.3077813684940338], "cam_t_m2c": [-145.1456756591797, -35.25377655029297, 744.3193359375], "obj_id": 3}, {"cam_R_m2c": [0.6370938420295715, 0.6781428456306458, 0.3663790822029114, -0.42582809925079346, -0.08654357492923737, 0.9006556272506714, 0.6424809694290161, -0.7298166155815125, 0.23363596200942993], "cam_t_m2c": [-29.443382263183594, -267.81219482421875, 598.5165405273438], "obj_id": 1}, {"cam_R_m2c": [-0.20738579332828522, -0.7189571261405945, -0.6633940935134888, -0.5611118078231812, 0.6429175734519958, -0.5213544964790344, 0.8013392686843872, 0.26411670446395874, -0.5367472767829895], "cam_t_m2c": [121.84864807128906, -130.60031127929688, 518.42822265625], "obj_id": 1}, {"cam_R_m2c": [-0.585295557975769, 0.6697737574577332, 0.4569811224937439, 0.3319335877895355, -0.31628409028053284, 0.8886979818344116, 0.7397626042366028, 0.6718385815620422, -0.0372004471719265], "cam_t_m2c": [-272.83209228515625, -41.87468719482422, 750.9481201171875], "obj_id": 1}, {"cam_R_m2c": [0.16449640691280365, -0.9118093252182007, 0.3762240707874298, 0.49301713705062866, -0.25435370206832886, -0.8320085406303406, 0.8543272018432617, 0.3223473131656647, 0.4076974391937256], "cam_t_m2c": [-162.92462158203125, -14.501596450805664, 367.5821533203125], "obj_id": 3}, {"cam_R_m2c": [-0.23510026931762695, 0.8107787370681763, -0.5360649228096008, -0.6454530358314514, 0.2821290194988251, 0.7097841501235962, 0.7267173528671265, 0.5128752589225769, 0.456991046667099], "cam_t_m2c": [-79.12960052490234, -204.17384338378906, 412.4910583496094], "obj_id": 1}, {"cam_R_m2c": [0.16369587182998657, -0.819195568561554, -0.5496564507484436, 0.964514434337616, 0.24990393221378326, -0.08520442992448807, 0.2071603685617447, -0.5162039995193481, 0.8310343027114868], "cam_t_m2c": [-363.0143737792969, 4.055292129516602, 693.16845703125], "obj_id": 1}, {"cam_R_m2c": [0.42428651452064514, 0.6483052372932434, -0.6322034597396851, 0.8674318194389343, -0.49135950207710266, 0.07827947288751602, -0.25989025831222534, -0.5816063284873962, -0.7708377242088318], "cam_t_m2c": [-186.35130310058594, -2.5207557678222656, 622.7734985351562], "obj_id": 3}, {"cam_R_m2c": [0.41907936334609985, -0.5625301003456116, -0.7126937508583069, -0.8910824060440063, -0.10422314703464508, -0.44171226024627686, 0.1741972416639328, 0.8201813101768494, -0.5449384450912476], "cam_t_m2c": [-68.04518127441406, -367.46246337890625, 537.85498046875], "obj_id": 1}, {"cam_R_m2c": [0.8850516080856323, 0.1726570874452591, -0.432288259267807, -0.2970918118953705, 0.924446702003479, -0.2390287220478058, 0.3583574593067169, 0.3399820625782013, 0.8694781064987183], "cam_t_m2c": [-17.612041473388672, -256.6698913574219, 500.0092468261719], "obj_id": 3}, {"cam_R_m2c": [0.4934442937374115, 0.042601894587278366, 0.8687333464622498, 0.7084497213363647, -0.5991271734237671, -0.3730217516422272, 0.5045905113220215, 0.799519419670105, -0.3258170783519745], "cam_t_m2c": [-103.5804214477539, -129.5601806640625, 784.2913818359375], "obj_id": 3}, {"cam_R_m2c": [0.024534612894058228, -0.42672890424728394, -0.9040467739105225, -0.6717967391014099, 0.6626575589179993, -0.3310198485851288, 0.7403291463851929, 0.6154571175575256, -0.2704170346260071], "cam_t_m2c": [-143.80682373046875, -129.95574951171875, 626.5595092773438], "obj_id": 3}, {"cam_R_m2c": [-0.8087486028671265, -0.4919764995574951, -0.3223116993904114, 0.44345831871032715, -0.15008628368377686, -0.8836395144462585, 0.38635531067848206, -0.8575740456581116, 0.3395531475543976], "cam_t_m2c": [-164.0622100830078, -123.41526794433594, 807.4297485351562], "obj_id": 3}, {"cam_R_m2c": [0.1439054012298584, 0.3284009099006653, -0.9335116744041443, 0.8378465175628662, 0.4615470767021179, 0.291526198387146, 0.5265970826148987, -0.8240916728973389, -0.20873042941093445], "cam_t_m2c": [-261.1357727050781, -205.99539184570312, 550.8629150390625], "obj_id": 1}, {"cam_R_m2c": [-0.4207437336444855, 0.737193763256073, 0.5286962389945984, -0.5283372402191162, -0.6728784441947937, 0.5177779197692871, 0.7374510765075684, -0.061478082090616226, 0.6725966334342957], "cam_t_m2c": [-262.10186767578125, 44.385009765625, 642.3369750976562], "obj_id": 3}, {"cam_R_m2c": [0.3067149817943573, 0.3215102255344391, -0.8958554267883301, 0.8355997204780579, 0.35971713066101074, 0.41518259048461914, 0.45573994517326355, -0.8759192824363708, -0.15832318365573883], "cam_t_m2c": [-30.854551315307617, -66.5482177734375, 534.9561157226562], "obj_id": 3}, {"cam_R_m2c": [0.1525682955980301, -0.9430240988731384, 0.29568278789520264, -0.023113183677196503, -0.3025081157684326, -0.9528663754463196, 0.98802250623703, 0.13854295015335083, -0.0679493248462677], "cam_t_m2c": [-287.6469421386719, -44.883338928222656, 568.6359252929688], "obj_id": 3}, {"cam_R_m2c": [-0.6769214272499084, 0.5681652426719666, -0.4679374396800995, 0.03062589094042778, 0.6569274663925171, 0.7533314824104309, 0.7354177236557007, 0.49561530351638794, -0.46208885312080383], "cam_t_m2c": [-201.84896850585938, -327.63494873046875, 572.8516235351562], "obj_id": 1}, {"cam_R_m2c": [0.3858385682106018, 0.5072943568229675, -0.7705718278884888, -0.020114919170737267, 0.8396754860877991, 0.5427157878875732, 0.9223469495773315, -0.19390065968036652, 0.33418339490890503], "cam_t_m2c": [-383.7887878417969, -239.79444885253906, 493.29339599609375], "obj_id": 3}, {"cam_R_m2c": [0.576761782169342, -0.4235667288303375, 0.6985248923301697, 0.6965293884277344, 0.7017630934715271, -0.1495838165283203, -0.42684024572372437, 0.5728173851966858, 0.699776828289032], "cam_t_m2c": [-107.7783432006836, -152.42942810058594, 703.2379760742188], "obj_id": 3}, {"cam_R_m2c": [-0.19307880103588104, 0.7886324524879456, -0.5837629437446594, 0.981100857257843, 0.14747324585914612, -0.12526971101760864, -0.012702415697276592, -0.5969173312187195, -0.8022018671035767], "cam_t_m2c": [-62.32944869995117, -101.85871887207031, 489.085205078125], "obj_id": 1}, {"cam_R_m2c": [0.9324181079864502, -0.30163273215293884, -0.19903317093849182, 0.3319806158542633, 0.9325383901596069, 0.14198961853981018, 0.14277735352516174, -0.19846883416175842, 0.9696518778800964], "cam_t_m2c": [-325.9140625, -151.1479949951172, 573.9217529296875], "obj_id": 1}, {"cam_R_m2c": [0.055186677724123, 0.954150378704071, 0.2941965162754059, 0.7726107835769653, 0.14583370089530945, -0.6179038286209106, -0.6324768662452698, 0.2613994777202606, -0.7291387915611267], "cam_t_m2c": [-312.0185852050781, -303.779541015625, 529.5505981445312], "obj_id": 1}, {"cam_R_m2c": [-0.13707810640335083, -0.8848896622657776, -0.44517362117767334, 0.1780964881181717, 0.4200759530067444, -0.8898413777351379, 0.9744182229042053, -0.20126178860664368, 0.1000126376748085], "cam_t_m2c": [51.05126190185547, 0.7050679922103882, 667.7996215820312], "obj_id": 1}, {"cam_R_m2c": [0.09610959142446518, -0.9182510375976562, 0.38415881991386414, 0.3540230095386505, -0.3291743993759155, -0.8753924369812012, 0.9302852749824524, 0.2201346755027771, 0.2934451699256897], "cam_t_m2c": [-380.98089599609375, -288.3642883300781, 457.03533935546875], "obj_id": 1}, {"cam_R_m2c": [-0.484253466129303, 0.8125595450401306, -0.3244158923625946, -0.0277080237865448, -0.3848482370376587, -0.922563910484314, -0.8744889497756958, -0.43776580691337585, 0.20887847244739532], "cam_t_m2c": [-81.84202575683594, -105.06179809570312, 722.1709594726562], "obj_id": 3}, {"cam_R_m2c": [-0.5174119472503662, 0.08941242098808289, -0.8510524034500122, -0.048292145133018494, 0.9898905158042908, 0.1333589255809784, 0.8543726205825806, 0.110100656747818, -0.5078632831573486], "cam_t_m2c": [-144.72860717773438, -234.85508728027344, 682.3260498046875], "obj_id": 3}, {"cam_R_m2c": [-0.1589105725288391, -0.7570676803588867, 0.6337157487869263, 0.023834342136979103, -0.6446266174316406, -0.7641257047653198, 0.9870051145553589, -0.10632355511188507, 0.12048240751028061], "cam_t_m2c": [-55.36891174316406, -185.32708740234375, 511.1812438964844], "obj_id": 3}, {"cam_R_m2c": [-0.7644578218460083, 0.04616497457027435, 0.643018364906311, 0.5518733859062195, 0.5624268651008606, 0.6157204508781433, -0.3332260549068451, 0.8255572319030762, -0.45542874932289124], "cam_t_m2c": [68.37736511230469, -199.80821228027344, 573.905029296875], "obj_id": 1}, {"cam_R_m2c": [0.6952189803123474, -0.647130012512207, 0.31287896633148193, -0.7029575705528259, -0.7029862999916077, 0.10798348486423492, 0.15007032454013824, -0.29501283168792725, -0.9436343908309937], "cam_t_m2c": [-211.27676391601562, -137.32667541503906, 611.142578125], "obj_id": 3}, {"cam_R_m2c": [0.2503584325313568, -0.30651453137397766, -0.9183514714241028, 0.554183304309845, -0.7324156165122986, 0.39553534984588623, -0.7938523292541504, -0.6079607009887695, -0.013501175679266453], "cam_t_m2c": [-29.122447967529297, -143.08282470703125, 447.4989013671875], "obj_id": 1}, {"cam_R_m2c": [0.4830746352672577, 0.6922743916511536, -0.5360924601554871, -0.7084091901779175, 0.6688549518585205, 0.2253652811050415, 0.5145826935768127, 0.2709045708179474, 0.8135203719139099], "cam_t_m2c": [-55.2190055847168, -242.78749084472656, 419.83526611328125], "obj_id": 1}, {"cam_R_m2c": [0.04826244339346886, 0.3485947251319885, -0.9360300898551941, -0.9743561148643494, 0.22262664139270782, 0.0326717235147953, 0.21977436542510986, 0.9104498624801636, 0.35040000081062317], "cam_t_m2c": [-180.8380126953125, -45.100669860839844, 556.63720703125], "obj_id": 3}, {"cam_R_m2c": [0.0870354101061821, -0.9202724099159241, 0.38147541880607605, -0.9939712882041931, -0.10585073381662369, -0.028575625270605087, 0.06667683273553848, -0.37668853998184204, -0.9239370822906494], "cam_t_m2c": [-192.289306640625, -180.5556640625, 835.6661376953125], "obj_id": 3}, {"cam_R_m2c": [0.19438128173351288, 0.8755053877830505, 0.44238677620887756, 0.6301417350769043, 0.23417653143405914, -0.7403260469436646, -0.7517560720443726, 0.4226718544960022, -0.5061729550361633], "cam_t_m2c": [-369.10211181640625, -36.49873733520508, 733.596435546875], "obj_id": 3}, {"cam_R_m2c": [-0.5695534348487854, 0.7288159728050232, 0.38004744052886963, -0.12415635585784912, -0.533348023891449, 0.8367347717285156, 0.8125232458114624, 0.4293798804283142, 0.39425739645957947], "cam_t_m2c": [-94.842041015625, -174.00265502929688, 363.305908203125], "obj_id": 1}, {"cam_R_m2c": [0.1446545124053955, 0.3459494709968567, 0.9270349144935608, 0.39934462308883667, 0.8367858529090881, -0.37458404898643494, -0.9053168892860413, 0.4243916869163513, -0.01710820198059082], "cam_t_m2c": [-254.64984130859375, 40.62701416015625, 597.3496704101562], "obj_id": 1}, {"cam_R_m2c": [0.17894837260246277, -0.9567302465438843, 0.2294439822435379, -0.9526708126068115, -0.11024545878171921, 0.28330913186073303, -0.24575527012348175, -0.2692823112010956, -0.9311772584915161], "cam_t_m2c": [-271.1690979003906, 56.90778350830078, 586.0761108398438], "obj_id": 3}, {"cam_R_m2c": [0.5155686736106873, 0.5892426371574402, -0.6220788359642029, 0.8434763550758362, -0.4767778515815735, 0.2474479377269745, -0.15078656375408173, -0.6522852182388306, -0.7428238987922668], "cam_t_m2c": [-171.82638549804688, -171.58580017089844, 679.7289428710938], "obj_id": 3}, {"cam_R_m2c": [0.5418566465377808, -0.5777862668037415, -0.6103723645210266, 0.7491804957389832, 0.6612062454223633, 0.039176929742097855, 0.38094615936279297, -0.4785073697566986, 0.7911452054977417], "cam_t_m2c": [103.02970886230469, -13.873127937316895, 712.6275024414062], "obj_id": 3}, {"cam_R_m2c": [-0.778268039226532, -0.2504594326019287, 0.5758200287818909, -0.18699514865875244, -0.7829626202583313, -0.5932977795600891, 0.5994426012039185, -0.569420337677002, 0.5625202059745789], "cam_t_m2c": [-71.84564971923828, -93.22879028320312, 786.330078125], "obj_id": 3}, {"cam_R_m2c": [-0.9203678369522095, -0.37307894229888916, 0.11719676107168198, 0.08037204295396805, 0.11283118277788162, 0.9903582334518433, -0.3827052712440491, 0.9209132194519043, -0.07386104762554169], "cam_t_m2c": [-100.60372924804688, -74.86563873291016, 374.40765380859375], "obj_id": 3}, {"cam_R_m2c": [0.7384086847305298, -0.5616328120231628, 0.3732575476169586, -0.004468843340873718, 0.5494167804718018, 0.8355364799499512, -0.6743386387825012, -0.6186354160308838, 0.40318426489830017], "cam_t_m2c": [-61.34534454345703, -82.49640655517578, 595.6172485351562], "obj_id": 3}, {"cam_R_m2c": [0.8969668745994568, -0.4246925711631775, 0.12282744795084, -0.32774513959884644, -0.8252381086349487, -0.45996204018592834, 0.29670438170433044, 0.3723146319389343, -0.8794021606445312], "cam_t_m2c": [-108.01210021972656, -225.11671447753906, 380.8097839355469], "obj_id": 3}, {"cam_R_m2c": [-0.3898570239543915, 0.6697374582290649, -0.6320309638977051, -0.5481404066085815, 0.3827337622642517, 0.7436779737472534, 0.7399685978889465, 0.6363698244094849, 0.21789875626564026], "cam_t_m2c": [-107.63703155517578, 74.6973648071289, 594.4476318359375], "obj_id": 1}, {"cam_R_m2c": [0.8629083037376404, -0.1929486244916916, -0.4670761227607727, 0.06174599751830101, -0.8770642280578613, 0.47638803720474243, -0.5015742182731628, -0.43991926312446594, -0.7449121475219727], "cam_t_m2c": [-214.44737243652344, -126.86896514892578, 333.215087890625], "obj_id": 3}, {"cam_R_m2c": [0.16338256001472473, -0.7910351753234863, 0.5895500779151917, 0.8127276301383972, 0.44667765498161316, 0.3741026222705841, -0.5592671632766724, 0.41802188754081726, 0.7158755660057068], "cam_t_m2c": [-51.05160140991211, -130.31398010253906, 542.2808227539062], "obj_id": 1}, {"cam_R_m2c": [0.22605934739112854, -0.4600141644477844, -0.8586524128913879, -0.1818820834159851, -0.8859015107154846, 0.42672818899154663, -0.9569827318191528, 0.0597076453268528, -0.28393450379371643], "cam_t_m2c": [-60.365028381347656, -105.02919006347656, 768.8892211914062], "obj_id": 3}, {"cam_R_m2c": [-0.7558082938194275, 0.5309766530990601, 0.38316795229911804, -0.651118278503418, -0.5475424528121948, -0.5255876183509827, -0.06927406787872314, -0.6467311382293701, 0.7595656514167786], "cam_t_m2c": [-66.33472442626953, -318.2882385253906, 561.6574096679688], "obj_id": 3}, {"cam_R_m2c": [0.7643494606018066, -0.4655533730983734, -0.4461277723312378, 0.4364244341850281, 0.8828425407409668, -0.17355911433696747, 0.47466161847114563, -0.062041230499744415, 0.8779790997505188], "cam_t_m2c": [-88.41706085205078, -309.8792724609375, 523.1036376953125], "obj_id": 1}, {"cam_R_m2c": [0.7320367693901062, 0.20929250121116638, 0.6483199596405029, -0.4113710820674896, -0.6227663159370422, 0.6655340790748596, 0.5430432558059692, -0.7538955211639404, -0.3697908818721771], 