{
  "0": [{"cam_R_m2c": [0.0825410932302475, -0.9260826706886292, 0.3681820333003998, -0.565310001373291, -0.347762793302536, -0.7479878067970276, 0.8207384943962097, -0.146397203207016, -0.552228569984436], "cam_t_m2c": [195.3651123046875, 3905.651611328125, 3405.741455078125], "obj_id": 0}, {"cam_R_m2c": [0.6002930402755737, -0.6910489201545715, -0.4026159644126892, -0.27299174666404724, 0.29613104462623596, -0.9153043031692505, 0.7517471313476562, 0.6593616604804993, -0.010885241441428661], "cam_t_m2c": [-159.78871154785156, 4305.103515625, 3043.81591796875], "obj_id": 1}, {"cam_R_m2c": [-0.7970675230026245, -0.02009393274784088, -0.6035558581352234, -0.5613552331924438, 0.3931077718734741, 0.7282490134239197, 0.2226291447877884, 0.9192728400230408, -0.3246133327484131], "cam_t_m2c": [24.467727661132812, 4220.63525390625, 3262.747802734375], "obj_id": 3}, {"cam_R_m2c": [-0.9969010353088379, 0.07567926496267319, -0.021460453048348427, 0.07864037156105042, 0.9653816819190979, -0.2487044781446457, 0.0018957543652504683, -0.2496214658021927, -0.9683414697647095], "cam_t_m2c": [166.86610412597656, 4288.173828125, 3187.0654296875], "obj_id": 2}, {"cam_R_m2c": [-0.12803412973880768, 0.4979054927825928, 0.8577280640602112, 0.899726152420044, 0.422166645526886, -0.11076174676418304, -0.4172530770301819, 0.7575390338897705, -0.5020303726196289], "cam_t_m2c": [23.104469299316406, 5846.5068359375, 4119.05908203125], "obj_id": 1}, {"cam_R_m2c": [0.4975084662437439, 0.6504587531089783, -0.5739240050315857, 0.7736997008323669, -0.6319165825843811, -0.045499954372644424, -0.39226794242858887, -0.42140820622444153, -0.8176435232162476], "cam_t_m2c": [27.115554809570312, 5704.953125, 3777.52294921875], "obj_id": 1}, {"cam_R_m2c": [0.2782060205936432, 0.9605214595794678, -1.0964573249339082e-07, 0.44362926483154297, -0.12849316000938416, -0.8869512677192688, -0.8519357442855835, 0.24675513803958893, -0.4618629813194275], "cam_t_m2c": [79.52198028564453, 5722.189453125, 3960.687744140625], "obj_id": 0}, {"cam_R_m2c": [0.2782060205936432, 0.9605214595794678, -4.8419146025935333e-08, 0.4436292350292206, -0.12849316000938416, -0.8869513869285583, -0.8519358038902283, 0.2467552274465561, -0.4618629813194275], "cam_t_m2c": [79.52198028564453, 5722.18798828125, 3960.687255859375], "obj_id": 3}, {"cam_R_m2c": [-0.5337696671485901, -0.013007408007979393, -0.8455297350883484, 0.8244891166687012, -0.23018291592597961, -0.5169460773468018, -0.18790246546268463, -0.9730603098869324, 0.13358929753303528], "cam_t_m2c": [-39.02510070800781, 4230.23876953125, 3244.31787109375], "obj_id": 1}, {"cam_R_m2c": [0.6492103338241577, -0.5714528560638428, 0.5019636750221252, 0.7128949165344238, 0.22709670662879944, -0.6634816527366638, 0.2651542127132416, 0.7885864973068237, 0.5548194050788879], "cam_t_m2c": [67.93255615234375, 4229.41015625, 3245.9091796875], "obj_id": 0}, {"cam_R_m2c": [-0.1703816056251526, 0.22823788225650787, -0.9585810303688049, -0.9852636456489563, -0.054288581013679504, 0.16219817101955414, -0.015020239166915417, 0.9720906615257263, 0.23412425816059113], "cam_t_m2c": [0.7050266861915588, 2823.7001953125, 2472.181640625], "obj_id": 1}, {"cam_R_m2c": [0.3415042459964752, 0.6299073100090027, -0.6975611448287964, -0.9369497299194336, 0.2867249548435211, -0.19978486001491547, 0.07416223734617233, 0.7218071222305298, 0.688109278678894], "cam_t_m2c": [37.035945892333984, 2827.529052734375, 2464.828857421875], "obj_id": 2}, {"cam_R_m2c": [0.16174456477165222, 0.08935234695672989, 0.9827790856361389, 0.9839418530464172, 0.061569247394800186, -0.16753359138965607, -0.07547841221094131, 0.9940952062606812, -0.07795896381139755], "cam_t_m2c": [46.25402069091797, 2791.6337890625, 2533.76123046875], "obj_id": 3}, {"cam_R_m2c": [-0.7404062151908875, -0.6431650519371033, -0.19528745114803314, 0.39673566818237305, -0.6526959538459778, 0.6454367637634277, -0.5425857305526733, 0.40040794014930725, 0.7384268045425415], "cam_t_m2c": [-32.077693939208984, 2815.2744140625, 2488.361328125], "obj_id": 0}, {"cam_R_m2c": [0.17084266245365143, 0.31786778569221497, 0.932616114616394, -0.40249478816986084, 0.886469304561615, -0.22840775549411774, -0.8993390202522278, -0.33635133504867554, 0.2793869078159332], "cam_t_m2c": [60.492977142333984, 2788.088623046875, 2540.570068359375], "obj_id": 3}, {"cam_R_m2c": [-0.1206740140914917, 0.6407040357589722, -0.7582454085350037, 0.24865949153900146, 0.7589854001998901, 0.6017554402351379, 0.9610443711280823, -0.11592868715524673, -0.25090697407722473], "cam_t_m2c": [9.61652946472168, 4219.1669921875, 3343.747802734375], "obj_id": 3}, {"cam_R_m2c": [0.6044139266014099, -0.6699370741844177, 0.4311242997646332, 0.7767211198806763, 0.37519216537475586, -0.5059003233909607, 0.1771669089794159, 0.6406365633010864, 0.7471256256103516], "cam_t_m2c": [87.63066864013672, 2831.63916015625, 2456.935546875], "obj_id": 2}, {"cam_R_m2c": [0.6001573801040649, -0.6910834312438965, -0.402758926153183, -0.2731907367706299, 0.2961486279964447, -0.9152390956878662, 0.7517831325531006, 0.6593174338340759, -0.01106178481131792], "cam_t_m2c": [-8.151949882507324, 4230.97119140625, 3236.053955078125], "obj_id": 1}, {"cam_R_m2c": [0.05240717530250549, -0.8780381083488464, -0.47571244835853577, -0.4442819654941559, -0.44712647795677185, 0.7763317823410034, -0.8943527340888977, 0.1706652194261551, -0.4135289788246155], "cam_t_m2c": [-263.8467712402344, 4730.8486328125, 3451.00390625], "obj_id": 0}, {"cam_R_m2c": [0.03076823055744171, -0.8306781649589539, 0.5559021234512329, -0.5274266004562378, -0.48592522740364075, -0.6969202756881714, 0.8490433096885681, -0.27175456285476685, -0.45307284593582153], "cam_t_m2c": [105.48490142822266, 4186.5068359375, 3353.41064453125], "obj_id": 0}, {"cam_R_m2c": [0.46551641821861267, -0.0151949692517519, 0.8849087953567505, 0.8849197626113892, -0.008440587669610977, -0.46566715836524963, 0.014544907957315445, 0.9998489618301392, 0.009517070837318897], "cam_t_m2c": [19.72150993347168, 1396.7825927734375, 1739.1812744140625], "obj_id": 3}, {"cam_R_m2c": [0.7974120378494263, -0.5759808421134949, 0.17994458973407745, -0.5814939141273499, -0.653776228427887, 0.4841916263103485, -0.16124162077903748, -0.4907369315624237, -0.8562583923339844], "cam_t_m2c": [59.753170013427734, 1364.184326171875, 1801.7823486328125], "obj_id": 2}, {"cam_R_m2c": [-0.3027612566947937, 0.8480976223945618, 0.43481725454330444, 0.4628790020942688, 0.5296568870544434, -0.7107788324356079, -0.8331137895584106, -0.013928537257015705, -0.5529261827468872], "cam_t_m2c": [35.4512825012207, 1413.9036865234375, 1706.3023681640625], "obj_id": 3}, {"cam_R_m2c": [0.051791395992040634, 0.9933825135231018, -0.10251253843307495, 0.873908519744873, 0.004597669932991266, 0.48606863617897034, 0.4833233952522278, -0.11476074159145355, -0.8678873181343079], "cam_t_m2c": [-28.705352783203125, 1387.6063232421875, 1756.803466796875], "obj_id": 1}, {"cam_R_m2c": [0.18387481570243835, 0.899427592754364, -0.3965097665786743, 0.6700631976127625, -0.40983062982559204, -0.6189135909080505, -0.7191698551177979, -0.15188400447368622, -0.6780308485031128], "cam_t_m2c": [84.02693176269531, 1404.485595703125, 1724.3887939453125], "obj_id": 3}, {"cam_R_m2c": [0.5859206318855286, -0.3136776089668274, -0.7471969723701477, -0.07016468793153763, -0.9382201433181763, 0.33885008096694946, -0.8073251247406006, -0.1461123824119568, -0.5717315077781677], "cam_t_m2c": [-15.551137924194336, 1423.69775390625, 1687.494384765625], "obj_id": 2}, {"cam_R_m2c": [-0.8967576026916504, -0.4416886568069458, 0.027144087478518486, -0.43506428599357605, 0.8687710165977478, -0.23655010759830475, 0.08089950680732727, -0.22393755614757538, -0.9712399840354919], "cam_t_m2c": [147.1464385986328, 4301.515625, 3181.437744140625], "obj_id": 2}, {"cam_R_m2c": [0.6002018451690674, -0.6910760402679443, -0.40270549058914185, -0.2731434404850006, 0.2961183190345764, -0.9152631759643555, 0.7517648935317993, 0.6593390107154846, -0.011032119393348694], "cam_t_m2c": [-40.74156951904297, 4361.31494140625, 3143.34521484375], "obj_id": 1}, {"cam_R_m2c": [-0.8843669295310974, -0.46622487902641296, 0.023004289716482162, -0.457521915435791, 0.8559781908988953, -0.24077998101711273, 0.09256646037101746, -0.22346286475658417, -0.970306932926178], "cam_t_m2c": [84.30783081054688, 4252.66162109375, 3191.962890625], "obj_id": 2}, {"cam_R_m2c": [-0.983917236328125, -0.17735515534877777, 0.021257398650050163, -0.17734570801258087, 0.9557161331176758, -0.2348514199256897, 0.02133607491850853, -0.23484429717063904, -0.9717987775802612], "cam_t_m2c": [24.49972152709961, 4220.99853515625, 3199.0712890625], "obj_id": 2}, {"cam_R_m2c": [-0.7879497408866882, 0.4231007993221283, -0.4473486840724945, 0.4715785086154938, 0.8818175792694092, 0.0033922709990292788, 0.3959151804447174, -0.2082870900630951, -0.8943531513214111], "cam_t_m2c": [22.49964141845703, -24.261709213256836, 994.9022827148438], "obj_id": 3}, {"cam_R_m2c": [0.2846090793609619, 0.944595456123352, 0.16351459920406342, 0.9334717392921448, -0.3119051456451416, 0.17704667150974274, 0.21823854744434357, 0.10224717855453491, -0.970524251461029], "cam_t_m2c": [60.01451110839844, -46.42986297607422, 1037.473388671875], "obj_id": 1}, {"cam_R_m2c": [-0.46219849586486816, -0.3168039619922638, 0.8282557725906372, 0.6832472681999207, -0.7226153016090393, 0.10488122701644897, 0.5652835965156555, 0.6143795251846313, 0.5504472851753235], "cam_t_m2c": [81.08782196044922, -9.185208320617676, 965.9496459960938], "obj_id": 2}, {"cam_R_m2c": [-0.8349132537841797, 0.4528116285800934, -0.3128601312637329, 0.5443841218948364, 0.5957291722297668, -0.5905528664588928, -0.08102930337190628, -0.66337651014328, -0.7438856363296509], "cam_t_m2c": [-10.029818534851074, -42.86354064941406, 1030.6248779296875], "obj_id": 3}, {"cam_R_m2c": [0.9806613922119141, 0.06004839390516281, -0.18627239763736725, -0.1939932107925415, 0.17237958312034607, -0.9657390713691711, -0.025881517678499222, 0.9831985831260681, 0.18069498240947723], "cam_t_m2c": [-35.090789794921875, -42.22048568725586, 1029.389892578125], "obj_id": 0}, {"cam_R_m2c": [-0.6090525388717651, -0.7927417755126953, 0.02480577491223812, -0.7728228569030762, 0.5861364603042603, -0.24328765273094177, 0.17832471430301666, -0.16734544932842255, -0.969636857509613], "cam_t_m2c": [195.69154357910156, 4302.216796875, 3182.985595703125], "obj_id": 2}, {"cam_R_m2c": [-0.20170022547245026, 0.06732694804668427, 0.9771304726600647, -0.18675756454467773, -0.9819746017456055, 0.02911004051566124, 0.9614772796630859, -0.17661501467227936, 0.2106384038925171], "cam_t_m2c": [59.12649917602539, -13.418728828430176, 974.07958984375], "obj_id": 0}, {"cam_R_m2c": [0.008640880696475506, 0.014424310997128487, 0.9998586177825928, 0.8870987296104431, -0.4615785479545593, -0.0010074859019368887, 0.46149879693984985, 0.8869820237159729, -0.01678420417010784], "cam_t_m2c": [49.43452072143555, -55.4281120300293, 1054.7535400390625], "obj_id": 3}, {"cam_R_m2c": [-0.3432580530643463, -0.9389222860336304, 0.024470491334795952, -0.9128289222717285, 0.32735714316368103, -0.24409131705760956, 0.22117219865322113, -0.10612370073795319, -0.9694433808326721], "cam_t_m2c": [228.7649688720703, 4362.14794921875, 3168.7333984375], "obj_id": 2}, {"cam_R_m2c": [-0.12360243499279022, -0.9013851881027222, -0.41500240564346313, -0.4272826910018921, -0.3291112184524536, 0.8420897126197815, -0.8956292271614075, 0.28140777349472046, -0.34446725249290466], "cam_t_m2c": [12.699616432189941, 4207.2646484375, 3216.599609375], "obj_id": 3}],
  "1": [{"cam_R_m2c": [0.22861219942569733, -0.9112253785133362, 0.3426436483860016, -0.7846488952636719, -0.3808060586452484, -0.4891960024833679, 0.5762486457824707, -0.15701882541179657, -0.802048921585083], "cam_t_m2c": [243.36080932617188, 2931.162841796875, 4390.453125], "obj_id": 0}, {"cam_R_m2c": [0.7114558219909668, -0.6167882680892944, -0.3367534577846527, -0.4315621554851532, -0.0052902414463460445, -0.9020676612854004, 0.5546032190322876, 0.7871112823486328, -0.26994624733924866], "cam_t_m2c": [-182.97418212890625, 3384.260009765625, 4218.32763671875], "obj_id": 1}, {"cam_R_m2c": [-0.7203392386436462, 0.07431937009096146, -0.6896288990974426, -0.685471773147583, 0.07569190114736557, 0.7241541147232056, 0.10601799935102463, 0.9943577647209167, -0.0035800214391201735], "cam_t_m2c": [33.89223861694336, 3254.916748046875, 4377.248046875], "obj_id": 3}, {"cam_R_m2c": [-0.9909787774085999, -0.02432829886674881, -0.1317920982837677, -0.033975519239902496, 0.9968651533126831, 0.07145334780216217, 0.1296406090259552, 0.07528645545244217, -0.9886987209320068], "cam_t_m2c": [160.09750366210938, 3357.953125, 4313.82666015625], "obj_id": 2}, {"cam_R_m2c": [-0.24336907267570496, 0.5632531642913818, 0.7896310091018677, 0.9663899540901184, 0.21033889055252075, 0.1478101909160614, -0.08283549547195435, 0.7990639805793762, -0.5955121517181396], "cam_t_m2c": [33.818603515625, 4513.8095703125, 5715.87109375], "obj_id": 1}, {"cam_R_m2c": [0.3871709406375885, 0.6310625076293945, -0.6722043752670288, 0.9071566462516785, -0.39105692505836487, 0.15537425875663757, -0.16481932997703552, -0.6699510812759399, -0.7238784432411194], "cam_t_m2c": [2.4820568561553955, 4489.55224609375, 5348.27099609375], "obj_id": 1}, {"cam_R_m2c": [0.1323692500591278, 0.9912003874778748, -4.92936926832499e-08, 0.7188407778739929, -0.09599698334932327, -0.6885145306587219, -0.6824559569358826, 0.09113804996013641, -0.7252222299575806], "cam_t_m2c": [77.26715087890625, 4453.17138671875, 5520.5400390625], "obj_id": 0}, {"cam_R_m2c": [0.13236910104751587, 0.9912004470825195, -1.6045756723315208e-08, 0.7188408374786377, -0.09599698334932327, -0.6885145902633667, -0.6824560165405273, 0.09113802015781403, -0.7252224087715149], "cam_t_m2c": [77.26715087890625, 4453.17041015625, 5520.5390625], "obj_id": 3}, {"cam_R_m2c": [-0.6092031002044678, -0.12532629072666168, -0.7830482125282288, 0.7788384556770325, 0.09131114929914474, -0.6205422878265381, 0.14927123486995697, -0.9879045486450195, 0.04198206588625908], "cam_t_m2c": [-31.984004974365234, 3262.981201171875, 4369.5986328125], "obj_id": 1}, {"cam_R_m2c": [0.6280190348625183, -0.4767482280731201, 0.615063488483429, 0.6571117639541626, -0.09853018075227737, -0.7473257184028625, 0.41688862442970276, 0.8735002875328064, 0.25139808654785156], "cam_t_m2c": [74.0525894165039, 3273.221923828125, 4359.8759765625], "obj_id": 0}, {"cam_R_m2c": [-0.10284111648797989, 0.3575648367404938, -0.9282086491584778, -0.9416181445121765, -0.3357527256011963, -0.02501198649406433, -0.32059189677238464, 0.8714457154273987, 0.37121859192848206], "cam_t_m2c": [2.071019172668457, 2188.0390625, 3178.18603515625], "obj_id": 1}, {"cam_R_m2c": [0.4117993414402008, 0.698375940322876, -0.5853993892669678, -0.869308590888977, 0.10835732519626617, -0.48224613070487976, -0.27335673570632935, 0.707481324672699, 0.6517255902290344], "cam_t_m2c": [36.766502380371094, 2197.89990234375, 3168.82421875], "obj_id": 2}, {"cam_R_m2c": [0.08246154338121414, 0.21516966819763184, 0.9730889797210693, 0.968229353427887, -0.24859318137168884, -0.027080779895186424, 0.23607629537582397, 0.9444064497947693, -0.22883298993110657], "cam_t_m2c": [57.43230438232422, 2143.156005859375, 3220.797119140625], "obj_id": 3}, {"cam_R_m2c": [-0.8309363722801208, -0.5384425520896912, -0.14008645713329315, 0.4664838910102844, -0.8114698529243469, 0.35200759768486023, -0.30321183800697327, 0.22714786231517792, 0.9254547357559204], "cam_t_m2c": [-27.636579513549805, 2171.422607421875, 3193.9609375], "obj_id": 0}, {"cam_R_m2c": [0.07802736759185791, 0.20915500819683075, 0.9747644662857056, -0.0746268630027771, 0.9762277007102966, -0.20349527895450592, -0.9941540956497192, -0.05686543136835098, 0.09178105741739273], "cam_t_m2c": [72.65396881103516, 2139.185546875, 3224.56689453125], "obj_id": 3}, {"cam_R_m2c": [-0.00972234271466732, 0.566211462020874, -0.8242025375366211, -0.08449357748031616, 0.8208286762237549, 0.5648902654647827, 0.9963764548301697, 0.07513196766376495, 0.03986088186502457], "cam_t_m2c": [29.983755111694336, 3226.16650390625, 4454.33154296875], "obj_id": 3}, {"cam_R_m2c": [0.5677412152290344, -0.6038057208061218, 0.5595431923866272, 0.7403905987739563, 0.07741020619869232, -0.6677045822143555, 0.3598494827747345, 0.7933639287948608, 0.49100106954574585], "cam_t_m2c": [85.4768295288086, 2209.735107421875, 3157.587890625], "obj_id": 2}, {"cam_R_m2c": [0.7113398909568787, -0.6168294548988342, -0.336922824382782, -0.4317757487297058, -0.005263280123472214, -0.9019656777381897, 0.5545856952667236, 0.7870793342590332, -0.2700759768486023], "cam_t_m2c": [-2.593252658843994, 3269.627197265625, 4358.921875], "obj_id": 1}, {"cam_R_m2c": [-0.0355675034224987, -0.815100908279419, -0.5782259106636047, -0.12833775579929352, -0.5700757503509521, 0.811506450176239, -0.9910923838615417, 0.10307157784700394, -0.08433186262845993], "cam_t_m2c": [-261.4266662597656, 3644.53515625, 4751.23583984375], "obj_id": 0}, {"cam_R_m2c": [0.17854495346546173, -0.823920726776123, 0.5378440618515015, -0.7635497450828552, -0.46078500151634216, -0.45240336656570435, 0.6205750703811646, -0.32989639043807983, -0.7113752961158752], "cam_t_m2c": [128.302978515625, 3202.662353515625, 4442.85595703125], "obj_id": 0}, {"cam_R_m2c": [0.40152356028556824, 0.1173470988869667, 0.9082997441291809, 0.8790632486343384, -0.32763442397117615, -0.34627071022987366, 0.25695645809173584, 0.9374887943267822, -0.23470842838287354], "cam_t_m2c": [22.19989585876465, 1079.2200927734375, 2018.9361572265625], "obj_id": 3}, {"cam_R_m2c": [0.8072166442871094, -0.5893955826759338, 0.031844694167375565, -0.4104821979999542, -0.5217777490615845, 0.7478315830230713, -0.42415282130241394, -0.616733729839325, -0.6631240844726562], "cam_t_m2c": [72.27623748779297, 1032.9168701171875, 2062.8955078125], "obj_id": 2}, {"cam_R_m2c": [-0.44098716974258423, 0.8004880547523499, 0.4058929681777954, 0.6683692932128906, 0.5947282314300537, -0.4467446506023407, -0.5990097522735596, 0.07427772879600525, -0.7972891330718994], "cam_t_m2c": [32.24589157104492, 1107.500732421875, 1992.0870361328125], "obj_id": 3}, {"cam_R_m2c": [0.05494019389152527, 0.9669084548950195, -0.24913735687732697, 0.6749849319458008, 0.1479009985923767, 0.722855806350708, 0.7357831001281738, -0.2078777402639389, -0.6445229053497314], "cam_t_m2c": [-22.736492156982422, 1059.7518310546875, 2037.4188232421875], "obj_id": 1}, {"cam_R_m2c": [0.04104337468743324, 0.8975498080253601, -0.4389984607696533, 0.8797228932380676, -0.24077197909355164, -0.41001999378204346, -0.47371193766593933, -0.36936843395233154, -0.799477219581604], "cam_t_m2c": [83.31263732910156, 1098.1116943359375, 2001.0006103515625], "obj_id": 3}, {"cam_R_m2c": [0.4778135418891907, -0.2650546729564667, -0.8375202417373657, 0.2538665533065796, -0.8710517883300781, 0.4204999804496765, -0.8409790992736816, -0.41353896260261536, -0.34891170263290405], "cam_t_m2c": [-21.34156036376953, 1117.21142578125, 1982.86767578125], "obj_id": 2}, {"cam_R_m2c": [-0.8462729454040527, -0.5259339809417725, -0.08494357764720917, -0.5321776866912842, 0.8419351577758789, 0.08906218409538269, 0.024676157161593437, 0.12057599425315857, -0.9923973083496094], "cam_t_m2c": [138.93922424316406, 3370.18505859375, 4314.94775390625], "obj_id": 2}, {"cam_R_m2c": [0.711378276348114, -0.6168171763420105, -0.3368642330169678, -0.4317206144332886, -0.0052980585023760796, -0.9019919037818909, 0.5545793771743774, 0.7870886921882629, -0.2700616121292114], "cam_t_m2c": [-55.988075256347656, 3418.37744140625, 4318.0693359375], "obj_id": 1}, {"cam_R_m2c": [-0.8309404850006104, -0.549257218837738, -0.08862408995628357, -0.5557066798210144, 0.8270899057388306, 0.08433510363101959, 0.026978425681591034, 0.11932645738124847, -0.9924883842468262], "cam_t_m2c": [81.53915405273438, 3314.0478515625, 4315.19677734375], "obj_id": 2}, {"cam_R_m2c": [-0.9580056071281433, -0.27194157242774963, -0.09095518290996552, -0.27987655997276306, 0.9557887315750122, 0.09020552039146423, 0.062403302639722824, 0.11187362670898438, -0.9917610287666321], "cam_t_m2c": [25.505483627319336, 3275.51708984375, 4317.58056640625], "obj_id": 2}, {"cam_R_m2c": [-0.7593815922737122, 0.3304194211959839, -0.5605020523071289, 0.23332297801971436, 0.9424514770507812, 0.23946940898895264, 0.6073713302612305, 0.05107065290212631, -0.7927747964859009], "cam_t_m2c": [24.380889892578125, -22.22905158996582, 852.6893920898438], "obj_id": 3}, {"cam_R_m2c": [0.24614202976226807, 0.9689926505088806, 0.021617664024233818, 0.8405032753944397, -0.22450421750545502, 0.4931045472621918, 0.4826679229736328, -0.10320403426885605, -0.8697014451026917], "cam_t_m2c": [68.61225891113281, -52.607879638671875, 881.530517578125], "obj_id": 1}, {"cam_R_m2c": [-0.4294516146183014, -0.18270190060138702, 0.8844158053398132, 0.41393038630485535, -0.910216212272644, 0.012963180430233479, 0.8026412129402161, 0.37165361642837524, 0.4665197432041168], "cam_t_m2c": [77.46725463867188, 7.495927333831787, 824.468994140625], "obj_id": 2}, {"cam_R_m2c": [-0.8736886382102966, 0.3194502890110016, -0.36690497398376465, 0.4485514163970947, 0.8209447860717773, -0.3533429503440857, 0.18833321332931519, -0.47328755259513855, -0.8605400323867798], "cam_t_m2c": [-1.8017772436141968, -54.61949920654297, 883.4403686523438], "obj_id": 3}, {"cam_R_m2c": [0.9796754121780396, 0.17714878916740417, -0.09409765899181366, -0.06879734992980957, -0.14391162991523743, -0.987196147441864, -0.18842235207557678, 0.9736054539680481, -0.12879931926727295], "cam_t_m2c": [-26.791366577148438, -56.322017669677734, 885.0567016601562], "obj_id": 0}, {"cam_R_m2c": [-0.525736927986145, -0.8462292551994324, -0.08658216893672943, -0.8502987623214722, 0.5198802351951599, 0.08195407688617706, -0.02433958649635315, 0.11670701205730438, -0.9928678870201111], "cam_t_m2c": [187.1011199951172, 3375.585205078125, 4311.66357421875], "obj_id": 2}, {"cam_R_m2c": [-0.0599052831530571, 0.11070142686367035, 0.992046594619751, -0.503489077091217, -0.8614975810050964, 0.06573010236024857, 0.8619222640991211, -0.4955470561981201, 0.10734535753726959], "cam_t_m2c": [57.11204147338867, -1.444744348526001, 832.9570922851562], "obj_id": 0}, {"cam_R_m2c": [0.008486619219183922, 0.16286329925060272, 0.9866121411323547, 0.6897005438804626, -0.7153562903404236, 0.11215358227491379, 0.7240449786186218, 0.6795151233673096, -0.11839781701564789], "cam_t_m2c": [61.04515075683594, -67.7204360961914, 895.878173828125], "obj_id": 3}, {"cam_R_m2c": [-0.24763627350330353, -0.9649540185928345, -0.08683306723833084, -0.967154860496521, 0.24090318381786346, 0.08109943568706512, -0.05733886733651161, 0.10406418889760971, -0.9929163455963135], "cam_t_m2c": [213.81503295898438, 3440.132568359375, 4314.6025390625], "obj_id": 2}, {"cam_R_m2c": [-0.21095789968967438, -0.8316919207572937, -0.5136003494262695, -0.13088998198509216, -0.49665868282318115, 0.8580198287963867, -0.9686921834945679, 0.2482312023639679, -0.004086079075932503], "cam_t_m2c": [17.089637756347656, 3255.73291015625, 4330.7294921875], "obj_id": 3}]
}