{
  "0": [{"cam_R_m2c": [0.8011246919631958, -0.5324392914772034, -0.2733268439769745, -0.44964712858200073, -0.2340482473373413, -0.8619970679283142, 0.3949894607067108, 0.8134677410125732, -0.4269116520881653], "cam_t_m2c": [-99.83625793457031, -33.989585876464844, 388.662109375], "obj_id": 0}, {"cam_R_m2c": [0.8011246919631958, -0.5324392914772034, -0.2733268439769745, -0.44964712858200073, -0.2340482473373413, -0.8619970679283142, 0.3949894607067108, 0.8134677410125732, -0.4269116520881653], "cam_t_m2c": [-99.83625793457031, -33.989585876464844, 388.662109375], "obj_id": 0}, {"cam_R_m2c": [0.8011246919631958, -0.5324392914772034, -0.2733268439769745, -0.44964712858200073, -0.2340482473373413, -0.8619970679283142, 0.3949894607067108, 0.8134677410125732, -0.4269116520881653], "cam_t_m2c": [-99.83625793457031, -33.989585876464844, 388.662109375], "obj_id": 2}, {"cam_R_m2c": [0.8011246919631958, -0.5324392914772034, -0.2733268439769745, -0.44964712858200073, -0.2340482473373413, -0.8619970679283142, 0.3949894607067108, 0.8134677410125732, -0.4269116520881653], "cam_t_m2c": [-99.83625793457031, -33.989585876464844, 388.662109375], "obj_id": 3}, {"cam_R_m2c": [0.8011246919631958, -0.5324392914772034, -0.2733268439769745, -0.44964712858200073, -0.2340482473373413, -0.8619970679283142, 0.3949894607067108, 0.8134677410125732, -0.4269116520881653], "cam_t_m2c": [-99.83625793457031, -33.989585876464844, 388.662109375], "obj_id": 0}, {"cam_R_m2c": [0.8011246919631958, -0.5324392914772034, -0.2733268439769745, -0.44964712858200073, -0.2340482473373413, -0.8619970679283142, 0.3949894607067108, 0.8134677410125732, -0.4269116520881653], "cam_t_m2c": [-99.83625793457031, -33.989585876464844, 388.662109375], "obj_id": 1}, {"cam_R_m2c": [0.8011246919631958, -0.5324392914772034, -0.2733268439769745, -0.44964712858200073, -0.2340482473373413, -0.8619970679283142, 0.3949894607067108, 0.8134677410125732, -0.4269116520881653], "cam_t_m2c": [-99.83625793457031, -33.989585876464844, 388.662109375], "obj_id": 2}, {"cam_R_m2c": [0.8011246919631958, -0.5324392914772034, -0.2733268439769745, -0.44964712858200073, -0.2340482473373413, -0.8619970679283142, 0.3949894607067108, 0.8134677410125732, -0.4269116520881653], "cam_t_m2c": [-99.83625793457031, -33.989585876464844, 388.662109375], "obj_id": 0}, {"cam_R_m2c": [0.8011246919631958, -0.5324392914772034, -0.2733268439769745, -0.44964712858200073, -0.2340482473373413, -0.8619970679283142, 0.3949894607067108, 0.8134677410125732, -0.4269116520881653], "cam_t_m2c": [-99.83625793457031, -33.989585876464844, 388.662109375], "obj_id": 2}, {"cam_R_m2c": [0.8011246919631958, -0.5324392914772034, -0.2733268439769745, -0.44964712858200073, -0.2340482473373413, -0.8619970679283142, 0.3949894607067108, 0.8134677410125732, -0.4269116520881653], "cam_t_m2c": [-99.83625793457031, -33.989585876464844, 388.662109375], "obj_id": 1}, {"cam_R_m2c": [0.8011246919631958, -0.5324392914772034, -0.2733268439769745, -0.44964712858200073, -0.2340482473373413, -0.8619970679283142, 0.3949894607067108, 0.8134677410125732, -0.4269116520881653], "cam_t_m2c": [-99.83625793457031, -33.989585876464844, 388.662109375], "obj_id": 1}, {"cam_R_m2c": [0.8011246919631958, -0.5324392914772034, -0.2733268439769745, -0.44964712858200073, -0.2340482473373413, -0.8619970679283142, 0.3949894607067108, 0.8134677410125732, -0.4269116520881653], "cam_t_m2c": [-99.83625793457031, -33.989585876464844, 388.662109375], "obj_id": 1}, {"cam_R_m2c": [0.8011246919631958, -0.5324392914772034, -0.2733268439769745, -0.44964712858200073, -0.2340482473373413, -0.8619970679283142, 0.3949894607067108, 0.8134677410125732, -0.4269116520881653], "cam_t_m2c": [-99.83625793457031, -33.989585876464844, 388.662109375], "obj_id": 0}, {"cam_R_m2c": [0.8011246919631958, -0.5324392914772034, -0.2733268439769745, -0.44964712858200073, -0.2340482473373413, -0.8619970679283142, 0.3949894607067108, 0.8134677410125732, -0.4269116520881653], "cam_t_m2c": [-99.83625793457031, -33.989585876464844, 388.662109375], "obj_id": 3}, {"cam_R_m2c": [0.8011246919631958, -0.5324392914772034, -0.2733268439769745, -0.44964712858200073, -0.2340482473373413, -0.8619970679283142, 0.3949894607067108, 0.8134677410125732, -0.4269116520881653], "cam_t_m2c": [-99.83625793457031, -33.989585876464844, 388.662109375], "obj_id": 1}, {"cam_R_m2c": [0.8011246919631958, -0.5324392914772034, -0.2733268439769745, -0.44964712858200073, -0.2340482473373413, -0.8619970679283142, 0.3949894607067108, 0.8134677410125732, -0.4269116520881653], "cam_t_m2c": [-99.83625793457031, -33.989585876464844, 388.662109375], "obj_id": 2}, {"cam_R_m2c": [0.8011246919631958, -0.5324392914772034, -0.2733268439769745, -0.44964712858200073, -0.2340482473373413, -0.8619970679283142, 0.3949894607067108, 0.8134677410125732, -0.4269116520881653], "cam_t_m2c": [-99.83625793457031, -33.989585876464844, 388.662109375], "obj_id": 3}, {"cam_R_m2c": [0.8011246919631958, -0.5324392914772034, -0.2733268439769745, -0.44964712858200073, -0.2340482473373413, -0.8619970679283142, 0.3949894607067108, 0.8134677410125732, -0.4269116520881653], "cam_t_m2c": [-99.83625793457031, -33.989585876464844, 388.662109375], "obj_id": 0}, {"cam_R_m2c": [0.8011246919631958, -0.5324392914772034, -0.2733268439769745, -0.44964712858200073, -0.2340482473373413, -0.8619970679283142, 0.3949894607067108, 0.8134677410125732, -0.4269116520881653], "cam_t_m2c": [-99.83625793457031, -33.989585876464844, 388.662109375], "obj_id": 1}, {"cam_R_m2c": [0.8011246919631958, -0.5324392914772034, -0.2733268439769745, -0.44964712858200073, -0.2340482473373413, -0.8619970679283142, 0.3949894607067108, 0.8134677410125732, -0.4269116520881653], "cam_t_m2c": [-99.83625793457031, -33.989585876464844, 388.662109375], "obj_id": 1}, {"cam_R_m2c": [0.8011246919631958, -0.5324392914772034, -0.2733268439769745, -0.44964712858200073, -0.2340482473373413, -0.8619970679283142, 0.3949894607067108, 0.8134677410125732, -0.4269116520881653], "cam_t_m2c": [-99.83625793457031, -33.989585876464844, 388.662109375], "obj_id": 0}, {"cam_R_m2c": [0.8011246919631958, -0.5324392914772034, -0.2733268439769745, -0.44964712858200073, -0.2340482473373413, -0.8619970679283142, 0.3949894607067108, 0.8134677410125732, -0.4269116520881653], "cam_t_m2c": [-99.83625793457031, -33.989585876464844, 388.662109375], "obj_id": 0}, {"cam_R_m2c": [0.8011246919631958, -0.5324392914772034, -0.2733268439769745, -0.44964712858200073, -0.2340482473373413, -0.8619970679283142, 0.3949894607067108, 0.8134677410125732, -0.4269116520881653], "cam_t_m2c": [-99.83625793457031, -33.989585876464844, 388.662109375], "obj_id": 3}, {"cam_R_m2c": [0.8011246919631958, -0.5324392914772034, -0.2733268439769745, -0.44964712858200073, -0.2340482473373413, -0.8619970679283142, 0.3949894607067108, 0.8134677410125732, -0.4269116520881653], "cam_t_m2c": [-99.83625793457031, -33.989585876464844, 388.662109375], "obj_id": 3}, {"cam_R_m2c": [-0.13199251890182495, 0.4528442621231079, 0.8817653059959412, -0.7128210663795471, 0.5747789740562439, -0.4018896818161011, -0.6888136267662048, -0.681587278842926, 0.24693037569522858], "cam_t_m2c": [141.02578735351562, -267.88482666015625, 723.528076171875], "obj_id": 0}, {"cam_R_m2c": [0.7051880359649658, -0.14662311971187592, 0.6936941146850586, -0.481354296207428, -0.8173635005950928, 0.3165673315525055, 0.5205841660499573, -0.5571521520614624, -0.64697265625], "cam_t_m2c": [-88.24995422363281, -56.3311653137207, 391.1559753417969], "obj_id": 3}, {"cam_R_m2c": [-0.9066845774650574, -0.32928332686424255, -0.26361986994743347, 0.08271940797567368, 0.4740351140499115, -0.8766117691993713, 0.41361871361732483, -0.8166168928146362, -0.4025621712207794], "cam_t_m2c": [-76.86019134521484, -129.12786865234375, 532.1754150390625], "obj_id": 3}, {"cam_R_m2c": [-0.6506347060203552, -0.7405351400375366, 0.168173685669899, -0.4539262056350708, 0.556799590587616, 0.6956473588943481, -0.6087903380393982, 0.3762738108634949, -0.6984214782714844], "cam_t_m2c": [25.75675392150879, -21.08767318725586, 219.7108612060547], "obj_id": 3}, {"cam_R_m2c": [-0.4624374508857727, -0.8852468132972717, -0.04989425092935562, 0.8164149522781372, -0.40317997336387634, -0.4134155213832855, 0.3458584249019623, -0.23191328346729279, 0.9091744422912598], "cam_t_m2c": [2051.874267578125, 6669.52587890625, 3489.444580078125], "obj_id": 2}]
}