{
  "0": [{"cam_R_m2c": [0.9716961979866028, -0.07260037958621979, -0.22480133175849915, -0.23551662266254425, -0.22362011671066284, -0.9457938075065613, 0.018394887447357178, 0.9719687104225159, -0.23438942432403564], "cam_t_m2c": [-20.18123435974121, -27.128156661987305, 402.6903991699219], "obj_id": 0}, {"cam_R_m2c": [0.9716961979866028, -0.07260037958621979, -0.22480133175849915, -0.23551662266254425, -0.22362011671066284, -0.9457938075065613, 0.018394887447357178, 0.9719687104225159, -0.23438942432403564], "cam_t_m2c": [-20.18123435974121, -27.128156661987305, 402.6903991699219], "obj_id": 0}, {"cam_R_m2c": [0.9716961979866028, -0.07260037958621979, -0.22480133175849915, -0.23551662266254425, -0.22362011671066284, -0.9457938075065613, 0.018394887447357178, 0.9719687104225159, -0.23438942432403564], "cam_t_m2c": [-20.18123435974121, -27.128156661987305, 402.6903991699219], "obj_id": 2}, {"cam_R_m2c": [0.9716961979866028, -0.07260037958621979, -0.22480133175849915, -0.23551662266254425, -0.22362011671066284, -0.9457938075065613, 0.018394887447357178, 0.9719687104225159, -0.23438942432403564], "cam_t_m2c": [-20.18123435974121, -27.128156661987305, 402.6903991699219], "obj_id": 3}, {"cam_R_m2c": [0.9716961979866028, -0.07260037958621979, -0.22480133175849915, -0.23551662266254425, -0.22362011671066284, -0.9457938075065613, 0.018394887447357178, 0.9719687104225159, -0.23438942432403564], "cam_t_m2c": [-20.18123435974121, -27.128156661987305, 402.6903991699219], "obj_id": 0}, {"cam_R_m2c": [0.9716961979866028, -0.07260037958621979, -0.22480133175849915, -0.23551662266254425, -0.22362011671066284, -0.9457938075065613, 0.018394887447357178, 0.9719687104225159, -0.23438942432403564], "cam_t_m2c": [-20.18123435974121, -27.128156661987305, 402.6903991699219], "obj_id": 1}, {"cam_R_m2c": [0.9716961979866028, -0.07260037958621979, -0.22480133175849915, -0.23551662266254425, -0.22362011671066284, -0.9457938075065613, 0.018394887447357178, 0.9719687104225159, -0.23438942432403564], "cam_t_m2c": [-20.18123435974121, -27.128156661987305, 402.6903991699219], "obj_id": 2}, {"cam_R_m2c": [0.9716961979866028, -0.07260037958621979, -0.22480133175849915, -0.23551662266254425, -0.22362011671066284, -0.9457938075065613, 0.018394887447357178, 0.9719687104225159, -0.23438942432403564], "cam_t_m2c": [-20.18123435974121, -27.128156661987305, 402.6903991699219], "obj_id": 0}, {"cam_R_m2c": [0.9716961979866028, -0.07260037958621979, -0.22480133175849915, -0.23551662266254425, -0.22362011671066284, -0.9457938075065613, 0.018394887447357178, 0.9719687104225159, -0.23438942432403564], "cam_t_m2c": [-20.18123435974121, -27.128156661987305, 402.6903991699219], "obj_id": 2}, {"cam_R_m2c": [0.9716961979866028, -0.07260037958621979, -0.22480133175849915, -0.23551662266254425, -0.22362011671066284, -0.9457938075065613, 0.018394887447357178, 0.9719687104225159, -0.23438942432403564], "cam_t_m2c": [-20.18123435974121, -27.128156661987305, 402.6903991699219], "obj_id": 1}, {"cam_R_m2c": [0.9716961979866028, -0.07260037958621979, -0.22480133175849915, -0.23551662266254425, -0.22362011671066284, -0.9457938075065613, 0.018394887447357178, 0.9719687104225159, -0.23438942432403564], "cam_t_m2c": [-20.18123435974121, -27.128156661987305, 402.6903991699219], "obj_id": 1}, {"cam_R_m2c": [0.9716961979866028, -0.07260037958621979, -0.22480133175849915, -0.23551662266254425, -0.22362011671066284, -0.9457938075065613, 0.018394887447357178, 0.9719687104225159, -0.23438942432403564], "cam_t_m2c": [-20.18123435974121, -27.128156661987305, 402.6903991699219], "obj_id": 1}, {"cam_R_m2c": [0.9716961979866028, -0.07260037958621979, -0.22480133175849915, -0.23551662266254425, -0.22362011671066284, -0.9457938075065613, 0.018394887447357178, 0.9719687104225159, -0.23438942432403564], "cam_t_m2c": [-20.18123435974121, -27.128156661987305, 402.6903991699219], "obj_id": 0}, {"cam_R_m2c": [0.9716961979866028, -0.07260037958621979, -0.22480133175849915, -0.23551662266254425, -0.22362011671066284, -0.9457938075065613, 0.018394887447357178, 0.9719687104225159, -0.23438942432403564], "cam_t_m2c": [-20.18123435974121, -27.128156661987305, 402.6903991699219], "obj_id": 3}, {"cam_R_m2c": [0.9716961979866028, -0.07260037958621979, -0.22480133175849915, -0.23551662266254425, -0.22362011671066284, -0.9457938075065613, 0.018394887447357178, 0.9719687104225159, -0.23438942432403564], "cam_t_m2c": [-20.18123435974121, -27.128156661987305, 402.6903991699219], "obj_id": 1}, {"cam_R_m2c": [0.9716961979866028, -0.07260037958621979, -0.22480133175849915, -0.23551662266254425, -0.22362011671066284, -0.9457938075065613, 0.018394887447357178, 0.9719687104225159, -0.23438942432403564], "cam_t_m2c": [-20.18123435974121, -27.128156661987305, 402.6903991699219], "obj_id": 2}, {"cam_R_m2c": [0.9716961979866028, -0.07260037958621979, -0.22480133175849915, -0.23551662266254425, -0.22362011671066284, -0.9457938075065613, 0.018394887447357178, 0.9719687104225159, -0.23438942432403564], "cam_t_m2c": [-20.18123435974121, -27.128156661987305, 402.6903991699219], "obj_id": 3}, {"cam_R_m2c": [0.9716961979866028, -0.07260037958621979, -0.22480133175849915, -0.23551662266254425, -0.22362011671066284, -0.9457938075065613, 0.018394887447357178, 0.9719687104225159, -0.23438942432403564], "cam_t_m2c": [-20.18123435974121, -27.128156661987305, 402.6903991699219], "obj_id": 0}, {"cam_R_m2c": [0.9716961979866028, -0.07260037958621979, -0.22480133175849915, -0.23551662266254425, -0.22362011671066284, -0.9457938075065613, 0.018394887447357178, 0.9719687104225159, -0.23438942432403564], "cam_t_m2c": [-20.18123435974121, -27.128156661987305, 402.6903991699219], "obj_id": 1}, {"cam_R_m2c": [0.9716961979866028, -0.07260037958621979, -0.22480133175849915, -0.23551662266254425, -0.22362011671066284, -0.9457938075065613, 0.018394887447357178, 0.9719687104225159, -0.23438942432403564], "cam_t_m2c": [-20.18123435974121, -27.128156661987305, 402.6903991699219], "obj_id": 1}, {"cam_R_m2c": [0.9716961979866028, -0.07260037958621979, -0.22480133175849915, -0.23551662266254425, -0.22362011671066284, -0.9457938075065613, 0.018394887447357178, 0.9719687104225159, -0.23438942432403564], "cam_t_m2c": [-20.18123435974121, -27.128156661987305, 402.6903991699219], "obj_id": 0}, {"cam_R_m2c": [0.9716961979866028, -0.07260037958621979, -0.22480133175849915, -0.23551662266254425, -0.22362011671066284, -0.9457938075065613, 0.018394887447357178, 0.9719687104225159, -0.23438942432403564], "cam_t_m2c": [-20.18123435974121, -27.128156661987305, 402.6903991699219], "obj_id": 0}, {"cam_R_m2c": [0.9716961979866028, -0.07260037958621979, -0.22480133175849915, -0.23551662266254425, -0.22362011671066284, -0.9457938075065613, 0.018394887447357178, 0.9719687104225159, -0.23438942432403564], "cam_t_m2c": [-20.18123435974121, -27.128156661987305, 402.6903991699219], "obj_id": 3}, {"cam_R_m2c": [0.9716961979866028, -0.07260037958621979, -0.22480133175849915, -0.23551662266254425, -0.22362011671066284, -0.9457938075065613, 0.018394887447357178, 0.9719687104225159, -0.23438942432403564], "cam_t_m2c": [-20.18123435974121, -27.128156661987305, 402.6903991699219], "obj_id": 3}, {"cam_R_m2c": [-0.24455615878105164, -0.018899274989962578, 0.9694508910179138, -0.8076145052909851, 0.5572801232337952, -0.19286684691905975, -0.5366106629371643, -0.8301094174385071, -0.1515495926141739], "cam_t_m2c": [385.20892333984375, -166.18634033203125, 605.6149291992188], "obj_id": 0}, {"cam_R_m2c": [0.947422206401825, -0.178374782204628, 0.2656570076942444, -0.2683248221874237, -0.8951884508132935, 0.3558642268180847, 0.17433588206768036, -0.40843603014945984, -0.8959837555885315], "cam_t_m2c": [-3.9003028869628906, -46.36796188354492, 400.60009765625], "obj_id": 3}, {"cam_R_m2c": [-0.641255795955658, -0.7400635480880737, -0.20272377133369446, -0.03745272383093834, 0.29406699538230896, -0.9550507068634033, 0.766412615776062, -0.6048392653465271, -0.21628953516483307], "cam_t_m2c": [81.89916229248047, -96.91630554199219, 524.6923828125], "obj_id": 3}, {"cam_R_m2c": [-0.7250904440879822, -0.6182103753089905, -0.3034132719039917, -0.6432380676269531, 0.4506422281265259, 0.6190043091773987, -0.2459440678358078, 0.6440011262893677, -0.7244127988815308], "cam_t_m2c": [16.159151077270508, -12.610944747924805, 195.4388427734375], "obj_id": 3}, {"cam_R_m2c": [-0.44539645314216614, -0.7841249108314514, 0.4321691393852234, 0.7519932389259338, -0.5895983576774597, -0.2947540581226349, 0.4859302043914795, 0.19370585680007935, 0.8522616028785706], "cam_t_m2c": [1658.7672119140625, 7304.7470703125, 2017.1783447265625], "obj_id": 2}]
}