{
  "0": [{"cam_R_m2c": [-0.4651375710964203, 0.8657322525978088, -0.18481038510799408, 0.5350587368011475, 0.10862631350755692, -0.8378022313117981, -0.705237090587616, -0.48857763409614563, -0.5137438178062439], "cam_t_m2c": [-192.38076782226562, 106.58891296386719, 750.298828125], "obj_id": 3}, {"cam_R_m2c": [-0.4651375710964203, 0.8657322525978088, -0.18481038510799408, 0.5350587368011475, 0.10862631350755692, -0.8378022313117981, -0.705237090587616, -0.48857763409614563, -0.5137438178062439], "cam_t_m2c": [-192.38076782226562, 106.58891296386719, 750.298828125], "obj_id": 1}, {"cam_R_m2c": [-0.4651375710964203, 0.8657322525978088, -0.18481038510799408, 0.5350587368011475, 0.10862631350755692, -0.8378022313117981, -0.705237090587616, -0.48857763409614563, -0.5137438178062439], "cam_t_m2c": [-192.38076782226562, 106.58891296386719, 750.298828125], "obj_id": 3}, {"cam_R_m2c": [-0.4651375710964203, 0.8657322525978088, -0.18481038510799408, 0.5350587368011475, 0.10862631350755692, -0.8378022313117981, -0.705237090587616, -0.48857763409614563, -0.5137438178062439], "cam_t_m2c": [-192.38076782226562, 106.58891296386719, 750.298828125], "obj_id": 0}, {"cam_R_m2c": [-0.4651375710964203, 0.8657322525978088, -0.18481038510799408, 0.5350587368011475, 0.10862631350755692, -0.8378022313117981, -0.705237090587616, -0.48857763409614563, -0.5137438178062439], "cam_t_m2c": [-192.38076782226562, 106.58891296386719, 750.298828125], "obj_id": 3}, {"cam_R_m2c": [-0.4651375710964203, 0.8657322525978088, -0.18481038510799408, 0.5350587368011475, 0.10862631350755692, -0.8378022313117981, -0.705237090587616, -0.48857763409614563, -0.5137438178062439], "cam_t_m2c": [-192.38076782226562, 106.58891296386719, 750.298828125], "obj_id": 0}, {"cam_R_m2c": [-0.4651375710964203, 0.8657322525978088, -0.18481038510799408, 0.5350587368011475, 0.10862631350755692, -0.8378022313117981, -0.705237090587616, -0.48857763409614563, -0.5137438178062439], "cam_t_m2c": [-192.38076782226562, 106.58891296386719, 750.298828125], "obj_id": 3}, {"cam_R_m2c": [-0.4651375710964203, 0.8657322525978088, -0.18481038510799408, 0.5350587368011475, 0.10862631350755692, -0.8378022313117981, -0.705237090587616, -0.48857763409614563, -0.5137438178062439], "cam_t_m2c": [-192.38076782226562, 106.58891296386719, 750.298828125], "obj_id": 3}, {"cam_R_m2c": [-0.4651375710964203, 0.8657322525978088, -0.18481038510799408, 0.5350587368011475, 0.10862631350755692, -0.8378022313117981, -0.705237090587616, -0.48857763409614563, -0.5137438178062439], "cam_t_m2c": [-192.38076782226562, 106.58891296386719, 750.298828125], "obj_id": 2}, {"cam_R_m2c": [-0.4651375710964203, 0.8657322525978088, -0.18481038510799408, 0.5350587368011475, 0.10862631350755692, -0.8378022313117981, -0.705237090587616, -0.48857763409614563, -0.5137438178062439], "cam_t_m2c": [-192.38076782226562, 106.58891296386719, 750.298828125], "obj_id": 3}, {"cam_R_m2c": [-0.4651375710964203, 0.8657322525978088, -0.18481038510799408, 0.5350587368011475, 0.10862631350755692, -0.8378022313117981, -0.705237090587616, -0.48857763409614563, -0.5137438178062439], "cam_t_m2c": [-192.38076782226562, 106.58891296386719, 750.298828125], "obj_id": 2}, {"cam_R_m2c": [-0.4651375710964203, 0.8657322525978088, -0.18481038510799408, 0.5350587368011475, 0.10862631350755692, -0.8378022313117981, -0.705237090587616, -0.48857763409614563, -0.5137438178062439], "cam_t_m2c": [-192.38076782226562, 106.58891296386719, 750.298828125], "obj_id": 1}, {"cam_R_m2c": [-0.5722798705101013, 0.6777443289756775, 0.4616908133029938, 0.6208750605583191, 0.7258860468864441, -0.2959790825843811, -0.5357330441474915, 0.11726944893598557, -0.836204469203949], "cam_t_m2c": [-180.39541625976562, 82.41702270507812, 753.8264770507812], "obj_id": 1}, {"cam_R_m2c": [-0.1674613505601883, 0.8641037940979004, -0.4746380150318146, -0.8439367413520813, -0.3745155930519104, -0.3840686082839966, -0.5096344947814941, 0.3362478017807007, 0.7919659614562988], "cam_t_m2c": [-60.766727447509766, 160.45758056640625, 552.6106567382812], "obj_id": 2}, {"cam_R_m2c": [0.22394788265228271, -0.7827195525169373, 0.5806869864463806, -0.4220139682292938, -0.6149452328681946, -0.666143000125885, 0.8784939050674438, -0.09587673097848892, -0.46803420782089233], "cam_t_m2c": [-0.11853501200675964, 29.564271926879883, 830.4490356445312], "obj_id": 3}, {"cam_R_m2c": [-0.1978967785835266, -0.782078206539154, -0.5909233093261719, -0.8425101041793823, -0.1724163144826889, 0.5103422999382019, -0.5010124444961548, 0.5988540053367615, -0.6247881054878235], "cam_t_m2c": [47.59955596923828, 58.14649963378906, 680.474365234375], "obj_id": 4}],
  "1": [{"cam_R_m2c": [-0.4651375710964203, 0.8657322525978088, -0.18481038510799408, 0.5350587368011475, 0.10862631350755692, -0.8378022313117981, -0.705237090587616, -0.48857763409614563, -0.5137438178062439], "cam_t_m2c": [-192.38076782226562, 106.58891296386719, 750.298828125], "obj_id": 3}, {"cam_R_m2c": [-0.4651375710964203, 0.8657322525978088, -0.18481038510799408, 0.5350587368011475, 0.10862631350755692, -0.8378022313117981, -0.705237090587616, -0.48857763409614563, -0.5137438178062439], "cam_t_m2c": [-192.38076782226562, 106.58891296386719, 750.298828125], "obj_id": 1}, {"cam_R_m2c": [-0.4651375710964203, 0.8657322525978088, -0.18481038510799408, 0.5350587368011475, 0.10862631350755692, -0.8378022313117981, -0.705237090587616, -0.48857763409614563, -0.5137438178062439], "cam_t_m2c": [-192.38076782226562, 106.58891296386719, 750.298828125], "obj_id": 3}, {"cam_R_m2c": [-0.4651375710964203, 0.8657322525978088, -0.18481038510799408, 0.5350587368011475, 0.10862631350755692, -0.8378022313117981, -0.705237090587616, -0.48857763409614563, -0.5137438178062439], "cam_t_m2c": [-192.38076782226562, 106.58891296386719, 750.298828125], "obj_id": 0}, {"cam_R_m2c": [-0.4651375710964203, 0.8657322525978088, -0.18481038510799408, 0.5350587368011475, 0.10862631350755692, -0.8378022313117981, -0.705237090587616, -0.48857763409614563, -0.5137438178062439], "cam_t_m2c": [-192.38076782226562, 106.58891296386719, 750.298828125], "obj_id": 3}, {"cam_R_m2c": [-0.4651375710964203, 0.8657322525978088, -0.18481038510799408, 0.5350587368011475, 0.10862631350755692, -0.8378022313117981, -0.705237090587616, -0.48857763409614563, -0.5137438178062439], "cam_t_m2c": [-192.38076782226562, 106.58891296386719, 750.298828125], "obj_id": 0}, {"cam_R_m2c": [-0.4651375710964203, 0.8657322525978088, -0.18481038510799408, 0.5350587368011475, 0.10862631350755692, -0.8378022313117981, -0.705237090587616, -0.48857763409614563, -0.5137438178062439], "cam_t_m2c": [-192.38076782226562, 106.58891296386719, 750.298828125], "obj_id": 3}, {"cam_R_m2c": [-0.4651375710964203, 0.8657322525978088, -0.18481038510799408, 0.5350587368011475, 0.10862631350755692, -0.8378022313117981, -0.705237090587616, -0.48857763409614563, -0.5137438178062439], "cam_t_m2c": [-192.38076782226562, 106.58891296386719, 750.298828125], "obj_id": 3}, {"cam_R_m2c": [-0.4651375710964203, 0.8657322525978088, -0.18481038510799408, 0.5350587368011475, 0.10862631350755692, -0.8378022313117981, -0.705237090587616, -0.48857763409614563, -0.5137438178062439], "cam_t_m2c": [-192.38076782226562, 106.58891296386719, 750.298828125], "obj_id": 2}, {"cam_R_m2c": [-0.4651375710964203, 0.8657322525978088, -0.18481038510799408, 0.5350587368011475, 0.10862631350755692, -0.8378022313117981, -0.705237090587616, -0.48857763409614563, -0.5137438178062439], "cam_t_m2c": [-192.38076782226562, 106.58891296386719, 750.298828125], "obj_id": 3}, {"cam_R_m2c": [-0.4651375710964203, 0.8657322525978088, -0.18481038510799408, 0.5350587368011475, 0.10862631350755692, -0.8378022313117981, -0.705237090587616, -0.48857763409614563, -0.5137438178062439], "cam_t_m2c": [-192.38076782226562, 106.58891296386719, 750.298828125], "obj_id": 2}, {"cam_R_m2c": [-0.4651375710964203, 0.8657322525978088, -0.18481038510799408, 0.5350587368011475, 0.10862631350755692, -0.8378022313117981, -0.705237090587616, -0.48857763409614563, -0.5137438178062439], "cam_t_m2c": [-192.38076782226562, 106.58891296386719, 750.298828125], "obj_id": 1}, {"cam_R_m2c": [-0.5722798705101013, 0.6777443289756775, 0.4616908133029938, 0.6208750605583191, 0.7258860468864441, -0.2959790825843811, -0.5357330441474915, 0.11726944893598557, -0.836204469203949], "cam_t_m2c": [-180.39541625976562, 82.41702270507812, 753.8264770507812], "obj_id": 1}, {"cam_R_m2c": [-0.1674613505601883, 0.8641037940979004, -0.4746380150318146, -0.8439367413520813, -0.3745155930519104, -0.3840686082839966, -0.5096344947814941, 0.3362478017807007, 0.7919659614562988], "cam_t_m2c": [-60.766727447509766, 160.45758056640625, 552.6106567382812], "obj_id": 2}, {"cam_R_m2c": [0.22394788265228271, -0.7827195525169373, 0.5806869864463806, -0.4220139682292938, -0.6149452328681946, -0.666143000125885, 0.8784939050674438, -0.09587673097848892, -0.46803420782089233], "cam_t_m2c": [-0.11853501200675964, 29.564271926879883, 830.4490356445312], "obj_id": 3}, {"cam_R_m2c": [-0.1978967785835266, -0.782078206539154, -0.5909233093261719, -0.8425101041793823, -0.1724163144826889, 0.5103422999382019, -0.5010124444961548, 0.5988540053367615, -0.6247881054878235], "cam_t_m2c": [47.59955596923828, 58.14649963378906, 680.474365234375], "obj_id": 4}],
  "2": [{"cam_R_m2c": [0.9843667149543762, -0.12421395629644394, -0.1248723641037941, -0.17406468093395233, -0.5777788758277893, -0.7974165081977844, 0.026901649311184883, 0.8066861033439636, -0.5903674960136414], "cam_t_m2c": [225.10060119628906, 30.074007034301758, 549.3097534179688], "obj_id": 3}, {"cam_R_m2c": [0.9843667149543762, -0.12421395629644394, -0.1248723641037941, -0.17406468093395233, -0.5777788758277893, -0.7974165081977844, 0.026901649311184883, 0.8066861033439636, -0.5903674960136414], "cam_t_m2c": [225.10060119628906, 30.074007034301758, 549.3097534179688], "obj_id": 1}, {"cam_R_m2c": [0.9843667149543762, -0.12421395629644394, -0.1248723641037941, -0.17406468093395233, -0.5777788758277893, -0.7974165081977844, 0.026901649311184883, 0.8066861033439636, -0.5903674960136414], "cam_t_m2c": [225.10060119628906, 30.074007034301758, 549.3097534179688], "obj_id": 3}, {"cam_R_m2c": [0.9843667149543762, -0.12421395629644394, -0.1248723641037941, -0.17406468093395233, -0.5777788758277893, -0.7974165081977844, 0.026901649311184883, 0.8066861033439636, -0.5903674960136414], "cam_t_m2c": [225.10060119628906, 30.074007034301758, 549.3097534179688], "obj_id": 0}, {"cam_R_m2c": [0.9843667149543762, -0.12421395629644394, -0.1248723641037941, -0.17406468093395233, -0.5777788758277893, -0.7974165081977844, 0.026901649311184883, 0.8066861033439636, -0.5903674960136414], "cam_t_m2c": [225.10060119628906, 30.074007034301758, 549.3097534179688], "obj_id": 3}, {"cam_R_m2c": [0.9843667149543762, -0.12421395629644394, -0.1248723641037941, -0.17406468093395233, -0.5777788758277893, -0.7974165081977844, 0.026901649311184883, 0.8066861033439636, -0.5903674960136414], "cam_t_m2c": [225.10060119628906, 30.074007034301758, 549.3097534179688], "obj_id": 0}, {"cam_R_m2c": [0.9843667149543762, -0.12421395629644394, -0.1248723641037941, -0.17406468093395233, -0.5777788758277893, -0.7974165081977844, 0.026901649311184883, 0.8066861033439636, -0.5903674960136414], "cam_t_m2c": [225.10060119628906, 30.074007034301758, 549.3097534179688], "obj_id": 3}, {"cam_R_m2c": [0.9843667149543762, -0.12421395629644394, -0.1248723641037941, -0.17406468093395233, -0.5777788758277893, -0.7974165081977844, 0.026901649311184883, 0.8066861033439636, -0.5903674960136414], "cam_t_m2c": [225.10060119628906, 30.074007034301758, 549.3097534179688], "obj_id": 3}, {"cam_R_m2c": [0.9843667149543762, -0.12421395629644394, -0.1248723641037941, -0.17406468093395233, -0.5777788758277893, -0.7974165081977844, 0.026901649311184883, 0.8066861033439636, -0.5903674960136414], "cam_t_m2c": [225.10060119628906, 30.074007034301758, 549.3097534179688], "obj_id": 2}, {"cam_R_m2c": [0.9843667149543762, -0.12421395629644394, -0.1248723641037941, -0.17406468093395233, -0.5777788758277893, -0.7974165081977844, 0.026901649311184883, 0.8066861033439636, -0.5903674960136414], "cam_t_m2c": [225.10060119628906, 30.074007034301758, 549.3097534179688], "obj_id": 3}, {"cam_R_m2c": [0.9843667149543762, -0.12421395629644394, -0.1248723641037941, -0.17406468093395233, -0.5777788758277893, -0.7974165081977844, 0.026901649311184883, 0.8066861033439636, -0.5903674960136414], "cam_t_m2c": [225.10060119628906, 30.074007034301758, 549.3097534179688], "obj_id": 2}, {"cam_R_m2c": [0.9843667149543762, -0.12421395629644394, -0.1248723641037941, -0.17406468093395233, -0.5777788758277893, -0.7974165081977844, 0.026901649311184883, 0.8066861033439636, -0.5903674960136414], "cam_t_m2c": [225.10060119628906, 30.074007034301758, 549.3097534179688], "obj_id": 1}, {"cam_R_m2c": [0.9989808797836304, 0.014139589853584766, 0.042863182723522186, 0.037114597856998444, 0.2830694019794464, -0.9583810567855835, -0.02568436972796917, 0.9589951634407043, 0.2822561264038086], "cam_t_m2c": [201.6582794189453, 17.309219360351562, 544.0286254882812], "obj_id": 1}, {"cam_R_m2c": [-0.14041092991828918, -0.8914573192596436, -0.43080002069473267, -0.8019273281097412, -0.15279482305049896, 0.5775520205497742, -0.5806869864463806, 0.42656490206718445, -0.6934298872947693], "cam_t_m2c": [299.5622253417969, -139.17642211914062, 707.7852172851562], "obj_id": 2}, {"cam_R_m2c": [-0.8823699355125427, 0.09915218502283096, -0.4599914252758026, 0.4386903941631317, -0.18027940392494202, -0.880369246006012, -0.17021752893924713, -0.9786052107810974, 0.11557603627443314], "cam_t_m2c": [27.60966682434082, 3.653243064880371, 647.395751953125], "obj_id": 3}, {"cam_R_m2c": [-0.12793277204036713, -0.023352695629000664, 0.9915077686309814, -0.7858976125717163, 0.6122080087661743, -0.08698413521051407, -0.6049776077270508, -0.7903518080711365, -0.09667424857616425], "cam_t_m2c": [104.78089141845703, -116.866943359375, 718.850830078125], "obj_id": 4}],
  "3": [{"cam_R_m2c": [0.9843667149543762, -0.12421395629644394, -0.1248723641037941, -0.17406468093395233, -0.5777788758277893, -0.7974165081977844, 0.026901649311184883, 0.8066861033439636, -0.5903674960136414], "cam_t_m2c": [225.10060119628906, 30.074007034301758, 549.3097534179688], "obj_id": 3}, {"cam_R_m2c": [0.9843667149543762, -0.12421395629644394, -0.1248723641037941, -0.17406468093395233, -0.5777788758277893, -0.7974165081977844, 0.026901649311184883, 0.8066861033439636, -0.5903674960136414], "cam_t_m2c": [225.10060119628906, 30.074007034301758, 549.3097534179688], "obj_id": 1}, {"cam_R_m2c": [0.9843667149543762, -0.12421395629644394, -0.1248723641037941, -0.17406468093395233, -0.5777788758277893, -0.7974165081977844, 0.026901649311184883, 0.8066861033439636, -0.5903674960136414], "cam_t_m2c": [225.10060119628906, 30.074007034301758, 549.3097534179688], "obj_id": 3}, {"cam_R_m2c": [0.9843667149543762, -0.12421395629644394, -0.1248723641037941, -0.17406468093395233, -0.5777788758277893, -0.7974165081977844, 0.026901649311184883, 0.8066861033439636, -0.5903674960136414], "cam_t_m2c": [225.10060119628906, 30.074007034301758, 549.3097534179688], "obj_id": 0}, {"cam_R_m2c": [0.9843667149543762, -0.12421395629644394, -0.1248723641037941, -0.17406468093395233, -0.5777788758277893, -0.7974165081977844, 0.026901649311184883, 0.8066861033439636, -0.5903674960136414], "cam_t_m2c": [225.10060119628906, 30.074007034301758, 549.3097534179688], "obj_id": 3}, {"cam_R_m2c": [0.9843667149543762, -0.12421395629644394, -0.1248723641037941, -0.17406468093395233, -0.5777788758277893, -0.7974165081977844, 0.026901649311184883, 0.8066861033439636, -0.5903674960136414], "cam_t_m2c": [225.10060119628906, 30.074007034301758, 549.3097534179688], "obj_id": 0}, {"cam_R_m2c": [0.9843667149543762, -0.12421395629644394, -0.1248723641037941, -0.17406468093395233, -0.5777788758277893, -0.7974165081977844, 0.026901649311184883, 0.8066861033439636, -0.5903674960136414], "cam_t_m2c": [225.10060119628906, 30.074007034301758, 549.3097534179688], "obj_id": 3}, {"cam_R_m2c": [0.9843667149543762, -0.12421395629644394, -0.1248723641037941, -0.17406468093395233, -0.5777788758277893, -0.7974165081977844, 0.026901649311184883, 0.8066861033439636, -0.5903674960136414], "cam_t_m2c": [225.10060119628906, 30.074007034301758, 549.3097534179688], "obj_id": 3}, {"cam_R_m2c": [0.9843667149543762, -0.12421395629644394, -0.1248723641037941, -0.17406468093395233, -0.5777788758277893, -0.7974165081977844, 0.026901649311184883, 0.8066861033439636, -0.5903674960136414], "cam_t_m2c": [225.10060119628906, 30.074007034301758, 549.3097534179688], "obj_id": 2}, {"cam_R_m2c": [0.9843667149543762, -0.12421395629644394, -0.1248723641037941, -0.17406468093395233, -0.5777788758277893, -0.7974165081977844, 0.026901649311184883, 0.8066861033439636, -0.5903674960136414], "cam_t_m2c": [225.10060119628906, 30.074007034301758, 549.3097534179688], "obj_id": 3}, {"cam_R_m2c": [0.9843667149543762, -0.12421395629644394, -0.1248723641037941, -0.17406468093395233, -0.5777788758277893, -0.7974165081977844, 0.026901649311184883, 0.8066861033439636, -0.5903674960136414], "cam_t_m2c": [225.10060119628906, 30.074007034301758, 549.3097534179688], "obj_id": 2}, {"cam_R_m2c": [0.9843667149543762, -0.12421395629644394, -0.1248723641037941, -0.17406468093395233, -0.5777788758277893, -0.7974165081977844, 0.026901649311184883, 0.8066861033439636, -0.5903674960136414], "cam_t_m2c": [225.10060119628906, 30.074007034301758, 549.3097534179688], "obj_id": 1}, {"cam_R_m2c": [0.9989808797836304, 0.014139589853584766, 0.042863182723522186, 0.037114597856998444, 0.2830694019794464, -0.9583810567855835, -0.02568436972796917, 0.9589951634407043, 0.2822561264038086], "cam_t_m2c": [201.6582794189453, 17.309219360351562, 544.0286254882812], "obj_id": 1}, {"cam_R_m2c": [-0.14041092991828918, -0.8914573192596436, -0.43080002069473267, -0.8019273281097412, -0.15279482305049896, 0.5775520205497742, -0.5806869864463806, 0.42656490206718445, -0.6934298872947693], "cam_t_m2c": [299.5622253417969, -139.17642211914062, 707.7852172851562], "obj_id": 2}, {"cam_R_m2c": [-0.8823699355125427, 0.09915218502283096, -0.4599914252758026, 0.4386903941631317, -0.18027940392494202, -0.880369246006012, -0.17021752893924713, -0.9786052107810974, 0.11557603627443314], "cam_t_m2c": [27.60966682434082, 3.653243064880371, 647.395751953125], "obj_id": 3}, {"cam_R_m2c": [-0.12793277204036713, -0.023352695629000664, 0.9915077686309814, -0.7858976125717163, 0.6122080087661743, -0.08698413521051407, -0.6049776077270508, -0.7903518080711365, -0.09667424857616425], "cam_t_m2c": [104.78089141845703, -116.866943359375, 718.850830078125], "obj_id": 4}],
  "4": [{"cam_R_m2c": [0.7174317836761475, 0.676846981048584, 0.16483278572559357, 0.3335622251033783, -0.12604133784770966, -0.9342642426490784, -0.6115781664848328, 0.7252528071403503, -0.31619665026664734], "cam_t_m2c": [77.83338928222656, 90.36315155029297, 564.5969848632812], "obj_id": 3}, {"cam_R_m2c": [0.7174317836761475, 0.676846981048584, 0.16483278572559357, 0.3335622251033783, -0.12604133784770966, -0.9342642426490784, -0.6115781664848328, 0.7252528071403503, -0.31619665026664734], "cam_t_m2c": [77.83338928222656, 90.36315155029297, 564.5969848632812], "obj_id": 1}, {"cam_R_m2c": [0.7174317836761475, 0.676846981048584, 0.16483278572559357, 0.3335622251033783, -0.12604133784770966, -0.9342642426490784, -0.6115781664848328, 0.7252528071403503, -0.31619665026664734], "cam_t_m2c": [77.83338928222656, 90.36315155029297, 564.5969848632812], "obj_id": 3}, {"cam_R_m2c": [0.7174317836761475, 0.676846981048584, 0.16483278572559357, 0.3335622251033783, -0.12604133784770966, -0.9342642426490784, -0.6115781664848328, 0.7252528071403503, -0.31619665026664734], "cam_t_m2c": [77.83338928222656, 90.36315155029297, 564.5969848632812], "obj_id": 0}, {"cam_R_m2c": [0.7174317836761475, 0.676846981048584, 0.16483278572559357, 0.3335622251033783, -0.12604133784770966, -0.9342642426490784, -0.6115781664848328, 0.7252528071403503, -0.31619665026664734], "cam_t_m2c": [77.83338928222656, 90.36315155029297, 564.5969848632812], "obj_id": 3}, {"cam_R_m2c": [0.7174317836761475, 0.676846981048584, 0.16483278572559357, 0.3335622251033783, -0.12604133784770966, -0.9342642426490784, -0.6115781664848328, 0.7252528071403503, -0.31619665026664734], "cam_t_m2c": [77.83338928222656, 90.36315155029297, 564.5969848632812], "obj_id": 0}, {"cam_R_m2c": [0.7174317836761475, 0.676846981048584, 0.16483278572559357, 0.3335622251033783, -0.12604133784770966, -0.9342642426490784, -0.6115781664848328, 0.7252528071403503, -0.31619665026664734], "cam_t_m2c": [77.83338928222656, 90.36315155029297, 564.5969848632812], "obj_id": 3}, {"cam_R_m2c": [0.7174317836761475, 0.676846981048584, 0.16483278572559357, 0.3335622251033783, -0.12604133784770966, -0.9342642426490784, -0.6115781664848328, 0.7252528071403503, -0.31619665026664734], "cam_t_m2c": [77.83338928222656, 90.36315155029297, 564.5969848632812], "obj_id": 3}, {"cam_R_m2c": [0.7174317836761475, 0.676846981048584, 0.16483278572559357, 0.3335622251033783, -0.12604133784770966, -0.9342642426490784, -0.6115781664848328, 0.7252528071403503, -0.31619665026664734], "cam_t_m2c": [77.83338928222656, 90.36315155029297, 564.5969848632812], "obj_id": 2}, {"cam_R_m2c": [0.7174317836761475, 0.676846981048584, 0.16483278572559357, 0.3335622251033783, -0.12604133784770966, -0.9342642426490784, -0.6115781664848328, 0.7252528071403503, -0.31619665026664734], "cam_t_m2c": [77.83338928222656, 90.36315155029297, 564.5969848632812], "obj_id": 3}, {"cam_R_m2c": [0.7174317836761475, 0.676846981048584, 0.16483278572559357, 0.3335622251033783, -0.12604133784770966, -0.9342642426490784, -0.6115781664848328, 0.7252528071403503, -0.31619665026664734], "cam_t_m2c": [77.83338928222656, 90.36315155029297, 564.5969848632812], "obj_id": 2}, {"cam_R_m2c": [0.7174317836761475, 0.676846981048584, 0.16483278572559357, 0.3335622251033783, -0.12604133784770966, -0.9342642426490784, -0.6115781664848328, 0.7252528071403503, -0.31619665026664734], "cam_t_m2c": [77.83338928222656, 90.36315155029297, 564.5969848632812], "obj_id": 1}, {"cam_R_m2c": [0.5648981332778931, 0.2740515470504761, 0.7783224582672119, 0.47661083936691284, 0.6616200804710388, -0.5788791179656982, -0.6735964417457581, 0.6979646682739258, 0.24313201010227203], "cam_t_m2c": [69.52369689941406, 67.44257354736328, 576.6787719726562], "obj_id": 1}, {"cam_R_m2c": [0.16293618083000183, -0.23771779239177704, -0.9575708508491516, -0.9404075145721436, -0.3310205638408661, -0.07783952355384827, -0.2984718680381775, 0.913189709186554, -0.27748677134513855], "cam_t_m2c": [306.36224365234375, 68.79295349121094, 645.9235229492188], "obj_id": 2}, {"cam_R_m2c": [-0.8944606781005859, -0.2816220819950104, 0.3473171293735504, -0.1512850672006607, -0.5403329133987427, -0.8277398347854614, 0.4207766652107239, -0.7929245829582214, 0.44070127606391907], "cam_t_m2c": [22.03883934020996, 24.31948471069336, 769.1619262695312], "obj_id": 3}, {"cam_R_m2c": [0.14869746565818787, -0.7802616953849792, 0.6075200438499451, -0.9336265325546265, 0.09171503037214279, 0.34630870819091797, -0.325930118560791, -0.6186921000480652, -0.7148352265357971], "cam_t_m2c": [179.92556762695312, 1.0909512042999268, 780.0508422851562], "obj_id": 4}]
}