{
  "0": [{"cam_R_m2c": [-0.2436341941356659, -0.13092269003391266, 0.9609898924827576, 0.7641641497612, 0.5842462778091431, 0.2733302712440491, -0.5972399115562439, 0.8009466528892517, -0.04229593276977539], "cam_t_m2c": [-30.08738136291504, 4125.29443359375, 5118.7470703125], "obj_id": 2}, {"cam_R_m2c": [-0.16796806454658508, -0.9031863808631897, -0.39502015709877014, 0.9791668653488159, -0.19923889636993408, 0.039190590381622314, -0.11409982293844223, -0.380207896232605, 0.9178361296653748], "cam_t_m2c": [27.08012580871582, 4140.03271484375, 5104.1123046875], "obj_id": 3}, {"cam_R_m2c": [-0.682971715927124, -0.37489697337150574, -0.6268984079360962, 0.0711645856499672, 0.8200082778930664, -0.5679101943969727, 0.7269697189331055, -0.4324796795845032, -0.5333630442619324], "cam_t_m2c": [39.70330810546875, 4120.82080078125, 5123.1884765625], "obj_id": 2}, {"cam_R_m2c": [0.010111362673342228, -0.3175016939640045, -0.9482038021087646, 0.8668090105056763, -0.4699806571006775, 0.16661424934864044, -0.49853774905204773, -0.8235962986946106, 0.27046120166778564], "cam_t_m2c": [-13.066549301147461, 4164.0087890625, 5080.30419921875], "obj_id": 2}, {"cam_R_m2c": [-0.04470956698060036, -0.7675497531890869, -0.6394280791282654, 0.37068650126457214, -0.6071197986602783, 0.7028490900993347, -0.9276812076568604, -0.20560325682163239, 0.31166452169418335], "cam_t_m2c": [-47.50141525268555, 4082.53955078125, 5161.20068359375], "obj_id": 2}, {"cam_R_m2c": [0.16396494209766388, 0.42198798060417175, 0.8916510343551636, -0.9842213988304138, 0.13092315196990967, 0.11902614682912827, -0.06651011109352112, -0.897098183631897, 0.43679648637771606], "cam_t_m2c": [-41.46372604370117, 4087.472412109375, 5156.3017578125], "obj_id": 2}, {"cam_R_m2c": [0.19663238525390625, -0.4424506723880768, -0.8749702572822571, 0.48582613468170166, 0.8191060423851013, -0.30502164363861084, 0.8516504764556885, -0.36510634422302246, 0.37601691484451294], "cam_t_m2c": [-18.719890594482422, -48.0352668762207, 948.1783447265625], "obj_id": 0}, {"cam_R_m2c": [0.191676065325737, -0.8835165500640869, -0.42738601565361023, 0.9606752395629883, 0.25803399085998535, -0.10257437825202942, 0.20090627670288086, -0.390918105840683, 0.8982314467430115], "cam_t_m2c": [-18.026506423950195, 5.3569207191467285, 895.162353515625], "obj_id": 1}, {"cam_R_m2c": [0.0035346222575753927, 0.7886220216751099, -0.6148680448532104, -0.2078019380569458, 0.6020289659500122, 0.7709600925445557, 0.9781644940376282, 0.1250457614660263, 0.16600514948368073], "cam_t_m2c": [21.79234504699707, -27.7091064453125, 927.995361328125], "obj_id": 3}, {"cam_R_m2c": [0.515094518661499, -0.8155014514923096, -0.26388445496559143, 0.825977623462677, 0.5545133948326111, -0.10137008130550385, 0.22899490594863892, -0.16574746370315552, 0.9592127799987793], "cam_t_m2c": [-57.98800277709961, -30.908313751220703, 931.1720581054688], "obj_id": 3}, {"cam_R_m2c": [0.7875368595123291, 0.6124422550201416, -0.0685579776763916, -0.5020409226417542, 0.5730643272399902, -0.6477285027503967, -0.35740816593170166, 0.5445289611816406, 0.7587803602218628], "cam_t_m2c": [50.24618911743164, -50.37248992919922, 950.4991455078125], "obj_id": 0}, {"cam_R_m2c": [-0.013389142230153084, 0.4324132204055786, -0.9015761613845825, -0.5302634835243225, -0.767498254776001, -0.36023202538490295, -0.8477271795272827, 0.47324973344802856, 0.2395690381526947], "cam_t_m2c": [-76.9130859375, -6.320268630981445, 906.75732421875], "obj_id": 3}],
  "1": [{"cam_R_m2c": [-0.9571889042854309, 0.15274858474731445, -0.24588049948215485, -0.022232364863157272, 0.8081303238868713, 0.5885840058326721, 0.2886088490486145, 0.5688526034355164, -0.770137369632721], "cam_t_m2c": [28.149293899536133, 5190.7451171875, 3586.725341796875], "obj_id": 2}, {"cam_R_m2c": [-0.7711303234100342, -0.10563298314809799, 0.6278532147407532, 0.4525289833545685, -0.7846144437789917, 0.4237895905971527, 0.4478565752506256, 0.6109187602996826, 0.6528420448303223], "cam_t_m2c": [6.064943790435791, 5217.11865234375, 3536.56298828125], "obj_id": 3}, {"cam_R_m2c": [0.4773680567741394, -0.877716064453125, 0.041644975543022156, 0.1881960779428482, 0.05583133548498154, -0.980543315410614, 0.8583135008811951, 0.4759174883365631, 0.19183477759361267], "cam_t_m2c": [32.840152740478516, 5223.2822265625, 3524.83984375], "obj_id": 2}, {"cam_R_m2c": [-0.9663364291191101, -0.23941390216350555, 0.0942058116197586, 0.22179271280765533, -0.9607595801353455, -0.16658005118370056, 0.1303907185792923, -0.14007823169231415, 0.9815173745155334], "cam_t_m2c": [-26.78775978088379, 5198.078125, 3572.7783203125], "obj_id": 2}, {"cam_R_m2c": [-0.9154102802276611, 0.30358630418777466, -0.26430952548980713, -0.38212740421295166, -0.8617927432060242, 0.33360469341278076, -0.12650218605995178, 0.40638506412506104, 0.9049023985862732], "cam_t_m2c": [88.78669738769531, 5183.291015625, 3600.90380859375], "obj_id": 2}, {"cam_R_m2c": [0.6475843191146851, -0.7345483303070068, 0.20266510546207428, -0.5723103880882263, -0.2932649254798889, 0.7658042907714844, -0.503085732460022, -0.6119101643562317, -0.6103034019470215], "cam_t_m2c": [81.69721984863281, 5186.02490234375, 3595.703125], "obj_id": 2}, {"cam_R_m2c": [0.25072458386421204, -0.8280579447746277, 0.5014551877975464, 0.9321209192276001, 0.06667303293943405, -0.35595703125, 0.26131945848464966, 0.5566640496253967, 0.7885666489601135], "cam_t_m2c": [50.6921501159668, -25.919269561767578, 830.576416015625], "obj_id": 0}, {"cam_R_m2c": [-0.5444187521934509, -0.43802696466445923, 0.7153603434562683, 0.8086917400360107, -0.5005747079849243, 0.308937668800354, 0.22276832163333893, 0.7466975450515747, 0.626751184463501], "cam_t_m2c": [-24.54623031616211, -26.404935836791992, 831.5001831054688], "obj_id": 1}, {"cam_R_m2c": [0.8363693356513977, -0.35720697045326233, -0.4157997965812683, 0.4954037368297577, 0.8172534108161926, 0.29440104961395264, 0.23465171456336975, -0.452216774225235, 0.8604874014854431], "cam_t_m2c": [21.120193481445312, -7.379166603088379, 795.31298828125], "obj_id": 3}, {"cam_R_m2c": [-0.4365420341491699, -0.49130988121032715, 0.7536881566047668, 0.894034206867218, -0.143159419298172, 0.42450958490371704, -0.10066824406385422, 0.8591391444206238, 0.5017428398132324], "cam_t_m2c": [27.469013214111328, -44.447532653808594, 865.8173217773438], "obj_id": 3}, {"cam_R_m2c": [0.08621223270893097, -0.03710213676095009, 0.9955856204032898, -0.170071080327034, 0.9840903282165527, 0.05140094831585884, -0.9816532731056213, -0.17375172674655914, 0.07853062450885773], "cam_t_m2c": [52.39303970336914, 6.201702117919922, 769.4820556640625], "obj_id": 0}, {"cam_R_m2c": [-0.22066634893417358, 0.8678560256958008, 0.44512036442756653, -0.8717503547668457, 0.029190819710493088, -0.48907986283302307, -0.4374443292617798, -0.4959573447704315, 0.7501124739646912], "cam_t_m2c": [-6.735369682312012, -53.62439727783203, 883.2717895507812], "obj_id": 3}]
}