{
  "0": [{"cam_R_m2c": [0.41095849871635437, -0.9105409979820251, -0.045035190880298615, -0.5155547261238098, -0.1913781762123108, -0.8352111577987671, 0.7518752813339233, 0.36645522713661194, -0.5480822324752808], "cam_t_m2c": [68.52068328857422, -23.650497436523438, 245.51100158691406], "obj_id": 1}, {"cam_R_m2c": [0.41095849871635437, -0.9105409979820251, -0.045035190880298615, -0.5155547261238098, -0.1913781762123108, -0.8352111577987671, 0.7518752813339233, 0.36645522713661194, -0.5480822324752808], "cam_t_m2c": [68.52068328857422, -23.650497436523438, 245.51100158691406], "obj_id": 2}, {"cam_R_m2c": [0.41095849871635437, -0.9105409979820251, -0.045035190880298615, -0.5155547261238098, -0.1913781762123108, -0.8352111577987671, 0.7518752813339233, 0.36645522713661194, -0.5480822324752808], "cam_t_m2c": [68.52068328857422, -23.650497436523438, 245.51100158691406], "obj_id": 0}, {"cam_R_m2c": [0.41095849871635437, -0.9105409979820251, -0.045035190880298615, -0.5155547261238098, -0.1913781762123108, -0.8352111577987671, 0.7518752813339233, 0.36645522713661194, -0.5480822324752808], "cam_t_m2c": [68.52068328857422, -23.650497436523438, 245.51100158691406], "obj_id": 1}, {"cam_R_m2c": [0.41095849871635437, -0.9105409979820251, -0.045035190880298615, -0.5155547261238098, -0.1913781762123108, -0.8352111577987671, 0.7518752813339233, 0.36645522713661194, -0.5480822324752808], "cam_t_m2c": [68.52068328857422, -23.650497436523438, 245.51100158691406], "obj_id": 3}, {"cam_R_m2c": [0.41095849871635437, -0.9105409979820251, -0.045035190880298615, -0.5155547261238098, -0.1913781762123108, -0.8352111577987671, 0.7518752813339233, 0.36645522713661194, -0.5480822324752808], "cam_t_m2c": [68.52068328857422, -23.650497436523438, 245.51100158691406], "obj_id": 2}, {"cam_R_m2c": [0.41095849871635437, -0.9105409979820251, -0.045035190880298615, -0.5155547261238098, -0.1913781762123108, -0.8352111577987671, 0.7518752813339233, 0.36645522713661194, -0.5480822324752808], "cam_t_m2c": [68.52068328857422, -23.650497436523438, 245.51100158691406], "obj_id": 0}, {"cam_R_m2c": [0.41095849871635437, -0.9105409979820251, -0.045035190880298615, -0.5155547261238098, -0.1913781762123108, -0.8352111577987671, 0.7518752813339233, 0.36645522713661194, -0.5480822324752808], "cam_t_m2c": [68.52068328857422, -23.650497436523438, 245.51100158691406], "obj_id": 1}, {"cam_R_m2c": [0.41095849871635437, -0.9105409979820251, -0.045035190880298615, -0.5155547261238098, -0.1913781762123108, -0.8352111577987671, 0.7518752813339233, 0.36645522713661194, -0.5480822324752808], "cam_t_m2c": [68.52068328857422, -23.650497436523438, 245.51100158691406], "obj_id": 2}, {"cam_R_m2c": [0.41095849871635437, -0.9105409979820251, -0.045035190880298615, -0.5155547261238098, -0.1913781762123108, -0.8352111577987671, 0.7518752813339233, 0.36645522713661194, -0.5480822324752808], "cam_t_m2c": [68.52068328857422, -23.650497436523438, 245.51100158691406], "obj_id": 2}, {"cam_R_m2c": [0.41095849871635437, -0.9105409979820251, -0.045035190880298615, -0.5155547261238098, -0.1913781762123108, -0.8352111577987671, 0.7518752813339233, 0.36645522713661194, -0.5480822324752808], "cam_t_m2c": [68.52068328857422, -23.650497436523438, 245.51100158691406], "obj_id": 3}, {"cam_R_m2c": [0.41095849871635437, -0.9105409979820251, -0.045035190880298615, -0.5155547261238098, -0.1913781762123108, -0.8352111577987671, 0.7518752813339233, 0.36645522713661194, -0.5480822324752808], "cam_t_m2c": [68.52068328857422, -23.650497436523438, 245.51100158691406], "obj_id": 2}, {"cam_R_m2c": [0.41095849871635437, -0.9105409979820251, -0.045035190880298615, -0.5155547261238098, -0.1913781762123108, -0.8352111577987671, 0.7518752813339233, 0.36645522713661194, -0.5480822324752808], "cam_t_m2c": [68.52068328857422, -23.650497436523438, 245.51100158691406], "obj_id": 3}, {"cam_R_m2c": [0.41095849871635437, -0.9105409979820251, -0.045035190880298615, -0.5155547261238098, -0.1913781762123108, -0.8352111577987671, 0.7518752813339233, 0.36645522713661194, -0.5480822324752808], "cam_t_m2c": [68.52068328857422, -23.650497436523438, 245.51100158691406], "obj_id": 1}, {"cam_R_m2c": [0.41095849871635437, -0.9105409979820251, -0.045035190880298615, -0.5155547261238098, -0.1913781762123108, -0.8352111577987671, 0.7518752813339233, 0.36645522713661194, -0.5480822324752808], "cam_t_m2c": [68.52068328857422, -23.650497436523438, 245.51100158691406], "obj_id": 0}, {"cam_R_m2c": [0.41095849871635437, -0.9105409979820251, -0.045035190880298615, -0.5155547261238098, -0.1913781762123108, -0.8352111577987671, 0.7518752813339233, 0.36645522713661194, -0.5480822324752808], "cam_t_m2c": [68.52068328857422, -23.650497436523438, 245.51100158691406], "obj_id": 0}, {"cam_R_m2c": [0.41095849871635437, -0.9105409979820251, -0.045035190880298615, -0.5155547261238098, -0.1913781762123108, -0.8352111577987671, 0.7518752813339233, 0.36645522713661194, -0.5480822324752808], "cam_t_m2c": [68.52068328857422, -23.650497436523438, 245.51100158691406], "obj_id": 2}, {"cam_R_m2c": [0.41095849871635437, -0.9105409979820251, -0.045035190880298615, -0.5155547261238098, -0.1913781762123108, -0.8352111577987671, 0.7518752813339233, 0.36645522713661194, -0.5480822324752808], "cam_t_m2c": [68.52068328857422, -23.650497436523438, 245.51100158691406], "obj_id": 2}, {"cam_R_m2c": [0.41095849871635437, -0.9105409979820251, -0.045035190880298615, -0.5155547261238098, -0.1913781762123108, -0.8352111577987671, 0.7518752813339233, 0.36645522713661194, -0.5480822324752808], "cam_t_m2c": [68.52068328857422, -23.650497436523438, 245.51100158691406], "obj_id": 0}, {"cam_R_m2c": [0.41095849871635437, -0.9105409979820251, -0.045035190880298615, -0.5155547261238098, -0.1913781762123108, -0.8352111577987671, 0.7518752813339233, 0.36645522713661194, -0.5480822324752808], "cam_t_m2c": [68.52068328857422, -23.650497436523438, 245.51100158691406], "obj_id": 3}, {"cam_R_m2c": [0.41095849871635437, -0.9105409979820251, -0.045035190880298615, -0.5155547261238098, -0.1913781762123108, -0.8352111577987671, 0.7518752813339233, 0.36645522713661194, -0.5480822324752808], "cam_t_m2c": [68.52068328857422, -23.650497436523438, 245.51100158691406], "obj_id": 3}, {"cam_R_m2c": [0.41095849871635437, -0.9105409979820251, -0.045035190880298615, -0.5155547261238098, -0.1913781762123108, -0.8352111577987671, 0.7518752813339233, 0.36645522713661194, -0.5480822324752808], "cam_t_m2c": [68.52068328857422, -23.650497436523438, 245.51100158691406], "obj_id": 1}, {"cam_R_m2c": [0.41095849871635437, -0.9105409979820251, -0.045035190880298615, -0.5155547261238098, -0.1913781762123108, -0.8352111577987671, 0.7518752813339233, 0.36645522713661194, -0.5480822324752808], "cam_t_m2c": [68.52068328857422, -23.650497436523438, 245.51100158691406], "obj_id": 1}, {"cam_R_m2c": [0.41095849871635437, -0.9105409979820251, -0.045035190880298615, -0.5155547261238098, -0.1913781762123108, -0.8352111577987671, 0.7518752813339233, 0.36645522713661194, -0.5480822324752808], "cam_t_m2c": [68.52068328857422, -23.650497436523438, 245.51100158691406], "obj_id": 2}, {"cam_R_m2c": [0.13766424357891083, 0.3693177402019501, 0.9190499782562256, 0.07845409214496613, 0.9209033250808716, -0.3818140923976898, -0.9873669147491455, 0.12466537207365036, 0.09780097752809525], "cam_t_m2c": [-20.421072006225586, -14.322686195373535, 185.7677459716797], "obj_id": 3}, {"cam_R_m2c": [-0.41148841381073, 0.6728482246398926, -0.6147785186767578, -0.01374516636133194, 0.669873833656311, 0.7423477172851562, 0.9113113284111023, 0.31391769647598267, -0.2663969099521637], "cam_t_m2c": [147.7294921875, 3.853783130645752, 148.39871215820312], "obj_id": 3}, {"cam_R_m2c": [-0.8585150241851807, 0.2008422613143921, 0.4718203544616699, 0.38812556862831116, -0.3468203842639923, 0.8538584113121033, 0.3351277709007263, 0.9161757826805115, 0.21979843080043793], "cam_t_m2c": [136.5271759033203, -99.89476776123047, 294.6300048828125], "obj_id": 3}, {"cam_R_m2c": [-0.24708782136440277, -0.8687618970870972, -0.4291857182979584, 0.36952242255210876, 0.32496923208236694, -0.8705447316169739, 0.8957682251930237, -0.3736947774887085, 0.24073107540607452], "cam_t_m2c": [286.0826721191406, 6570.4296875, 4525.2822265625], "obj_id": 0}, {"cam_R_m2c": [-0.5030950307846069, 0.13144415616989136, -0.8541765809059143, -0.23608392477035522, 0.9298712015151978, 0.28214165568351746, 0.8313600420951843, 0.3436014652252197, -0.43678170442581177], "cam_t_m2c": [251.15122985839844, 6626.126953125, 4881.74951171875], "obj_id": 2}, {"cam_R_m2c": [-0.362082302570343, 0.9086071252822876, -0.2081574648618698, -0.3987652063369751, -0.3528292775154114, -0.8464619517326355, -0.8425453901290894, -0.2234829217195511, 0.490074098110199], "cam_t_m2c": [-86.93061065673828, -51.2055549621582, 233.38243103027344], "obj_id": 1}, {"cam_R_m2c": [0.02762371487915516, -0.527820885181427, -0.8489062786102295, -0.7665748000144958, 0.5338553190231323, -0.35687750577926636, 0.6415604948997498, 0.6606084704399109, -0.3898671269416809], "cam_t_m2c": [547.8529052734375, 6657.42333984375, 4577.39453125], "obj_id": 0}, {"cam_R_m2c": [0.4054102599620819, 0.8879731893539429, 0.21713165938854218, -0.7866143584251404, 0.21786457300186157, 0.5777308344841003, 0.46570414304733276, -0.4050168991088867, 0.7868170142173767], "cam_t_m2c": [-110.21024322509766, 13.331293106079102, 223.40382385253906], "obj_id": 1}],
  "1": [{"cam_R_m2c": [-0.9754617214202881, 0.21833892166614532, 0.02833275869488716, 0.05359649285674095, 0.36029988527297974, -0.9312955737113953, -0.21354636549949646, -0.9069245457649231, -0.36316099762916565], "cam_t_m2c": [22.62164878845215, 53.323341369628906, 67.14437866210938], "obj_id": 1}, {"cam_R_m2c": [-0.9754617214202881, 0.21833892166614532, 0.02833275869488716, 0.05359649285674095, 0.36029988527297974, -0.9312955737113953, -0.21354636549949646, -0.9069245457649231, -0.36316099762916565], "cam_t_m2c": [22.62164878845215, 53.323341369628906, 67.14437866210938], "obj_id": 2}, {"cam_R_m2c": [-0.9754617214202881, 0.21833892166614532, 0.02833275869488716, 0.05359649285674095, 0.36029988527297974, -0.9312955737113953, -0.21354636549949646, -0.9069245457649231, -0.36316099762916565], "cam_t_m2c": [22.62164878845215, 53.323341369628906, 67.14437866210938], "obj_id": 3}, {"cam_R_m2c": [-0.9754617214202881, 0.21833892166614532, 0.02833275869488716, 0.05359649285674095, 0.36029988527297974, -0.9312955737113953, -0.21354636549949646, -0.9069245457649231, -0.36316099762916565], "cam_t_m2c": [22.62164878845215, 53.323341369628906, 67.14437866210938], "obj_id": 1}, {"cam_R_m2c": [-0.9754617214202881, 0.21833892166614532, 0.02833275869488716, 0.05359649285674095, 0.36029988527297974, -0.9312955737113953, -0.21354636549949646, -0.9069245457649231, -0.36316099762916565], "cam_t_m2c": [22.62164878845215, 53.323341369628906, 67.14437866210938], "obj_id": 3}, {"cam_R_m2c": [-0.9754617214202881, 0.21833892166614532, 0.02833275869488716, 0.05359649285674095, 0.36029988527297974, -0.9312955737113953, -0.21354636549949646, -0.9069245457649231, -0.36316099762916565], "cam_t_m2c": [22.62164878845215, 53.323341369628906, 67.14437866210938], "obj_id": 3}, {"cam_R_m2c": [-0.9754617214202881, 0.21833892166614532, 0.02833275869488716, 0.05359649285674095, 0.36029988527297974, -0.9312955737113953, -0.21354636549949646, -0.9069245457649231, -0.36316099762916565], "cam_t_m2c": [22.62164878845215, 53.323341369628906, 67.14437866210938], "obj_id": 1}, {"cam_R_m2c": [-0.9754617214202881, 0.21833892166614532, 0.02833275869488716, 0.05359649285674095, 0.36029988527297974, -0.9312955737113953, -0.21354636549949646, -0.9069245457649231, -0.36316099762916565], "cam_t_m2c": [22.62164878845215, 53.323341369628906, 67.14437866210938], "obj_id": 3}, {"cam_R_m2c": [-0.9754617214202881, 0.21833892166614532, 0.02833275869488716, 0.05359649285674095, 0.36029988527297974, -0.9312955737113953, -0.21354636549949646, -0.9069245457649231, -0.36316099762916565], "cam_t_m2c": [22.62164878845215, 53.323341369628906, 67.14437866210938], "obj_id": 3}, {"cam_R_m2c": [-0.9754617214202881, 0.21833892166614532, 0.02833275869488716, 0.05359649285674095, 0.36029988527297974, -0.9312955737113953, -0.21354636549949646, -0.9069245457649231, -0.36316099762916565], "cam_t_m2c": [22.62164878845215, 53.323341369628906, 67.14437866210938], "obj_id": 3}, {"cam_R_m2c": [-0.9754617214202881, 0.21833892166614532, 0.02833275869488716, 0.05359649285674095, 0.36029988527297974, -0.9312955737113953, -0.21354636549949646, -0.9069245457649231, -0.36316099762916565], "cam_t_m2c": [22.62164878845215, 53.323341369628906, 67.14437866210938], "obj_id": 1}, {"cam_R_m2c": [-0.9754617214202881, 0.21833892166614532, 0.02833275869488716, 0.05359649285674095, 0.36029988527297974, -0.9312955737113953, -0.21354636549949646, -0.9069245457649231, -0.36316099762916565], "cam_t_m2c": [22.62164878845215, 53.323341369628906, 67.14437866210938], "obj_id": 2}, {"cam_R_m2c": [-0.9754617214202881, 0.21833892166614532, 0.02833275869488716, 0.05359649285674095, 0.36029988527297974, -0.9312955737113953, -0.21354636549949646, -0.9069245457649231, -0.36316099762916565], "cam_t_m2c": [22.62164878845215, 53.323341369628906, 67.14437866210938], "obj_id": 1}, {"cam_R_m2c": [-0.9754617214202881, 0.21833892166614532, 0.02833275869488716, 0.05359649285674095, 0.36029988527297974, -0.9312955737113953, -0.21354636549949646, -0.9069245457649231, -0.36316099762916565], "cam_t_m2c": [22.62164878845215, 53.323341369628906, 67.14437866210938], "obj_id": 2}, {"cam_R_m2c": [-0.9754617214202881, 0.21833892166614532, 0.02833275869488716, 0.05359649285674095, 0.36029988527297974, -0.9312955737113953, -0.21354636549949646, -0.9069245457649231, -0.36316099762916565], "cam_t_m2c": [22.62164878845215, 53.323341369628906, 67.14437866210938], "obj_id": 3}, {"cam_R_m2c": [-0.9754617214202881, 0.21833892166614532, 0.02833275869488716, 0.05359649285674095, 0.36029988527297974, -0.9312955737113953, -0.21354636549949646, -0.9069245457649231, -0.36316099762916565], "cam_t_m2c": [22.62164878845215, 53.323341369628906, 67.14437866210938], "obj_id": 1}, {"cam_R_m2c": [-0.9754617214202881, 0.21833892166614532, 0.02833275869488716, 0.05359649285674095, 0.36029988527297974, -0.9312955737113953, -0.21354636549949646, -0.9069245457649231, -0.36316099762916565], "cam_t_m2c": [22.62164878845215, 53.323341369628906, 67.14437866210938], "obj_id": 1}, {"cam_R_m2c": [-0.9754617214202881, 0.21833892166614532, 0.02833275869488716, 0.05359649285674095, 0.36029988527297974, -0.9312955737113953, -0.21354636549949646, -0.9069245457649231, -0.36316099762916565], "cam_t_m2c": [22.62164878845215, 53.323341369628906, 67.14437866210938], "obj_id": 1}, {"cam_R_m2c": [-0.9754617214202881, 0.21833892166614532, 0.02833275869488716, 0.05359649285674095, 0.36029988527297974, -0.9312955737113953, -0.21354636549949646, -0.9069245457649231, -0.36316099762916565], "cam_t_m2c": [22.62164878845215, 53.323341369628906, 67.14437866210938], "obj_id": 1}, {"cam_R_m2c": [-0.9754617214202881, 0.21833892166614532, 0.02833275869488716, 0.05359649285674095, 0.36029988527297974, -0.9312955737113953, -0.21354636549949646, -0.9069245457649231, -0.36316099762916565], "cam_t_m2c": [22.62164878845215, 53.323341369628906, 67.14437866210938], "obj_id": 2}, {"cam_R_m2c": [-0.9754617214202881, 0.21833892166614532, 0.02833275869488716, 0.05359649285674095, 0.36029988527297974, -0.9312955737113953, -0.21354636549949646, -0.9069245457649231, -0.36316099762916565], "cam_t_m2c": [22.62164878845215, 53.323341369628906, 67.14437866210938], "obj_id": 1}, {"cam_R_m2c": [-0.9754617214202881, 0.21833892166614532, 0.02833275869488716, 0.05359649285674095, 0.36029988527297974, -0.9312955737113953, -0.21354636549949646, -0.9069245457649231, -0.36316099762916565], "cam_t_m2c": [22.62164878845215, 53.323341369628906, 67.14437866210938], "obj_id": 2}, {"cam_R_m2c": [-0.9754617214202881, 0.21833892166614532, 0.02833275869488716, 0.05359649285674095, 0.36029988527297974, -0.9312955737113953, -0.21354636549949646, -0.9069245457649231, -0.36316099762916565], "cam_t_m2c": [22.62164878845215, 53.323341369628906, 67.14437866210938], "obj_id": 3}, {"cam_R_m2c": [-0.9754617214202881, 0.21833892166614532, 0.02833275869488716, 0.05359649285674095, 0.36029988527297974, -0.9312955737113953, -0.21354636549949646, -0.9069245457649231, -0.36316099762916565], "cam_t_m2c": [22.62164878845215, 53.323341369628906, 67.14437866210938], "obj_id": 1}, {"cam_R_m2c": [-0.8914830684661865, 0.15537476539611816, -0.4255779981613159, 0.43528106808662415, 0.03321627527475357, -0.8996816277503967, -0.12565171718597412, -0.987296998500824, -0.09724344313144684], "cam_t_m2c": [-222.24586486816406, 7530.07421875, 2796.08837890625], "obj_id": 0}, {"cam_R_m2c": [-0.4489814043045044, 0.858490526676178, -0.24780979752540588, 0.49379202723503113, 0.4695241153240204, 0.7319265604019165, 0.7447047233581543, 0.20625491440296173, -0.6347233653068542], "cam_t_m2c": [232.50045776367188, 47.46189498901367, 30.22035026550293], "obj_id": 3}, {"cam_R_m2c": [0.6521670818328857, 0.7180002331733704, -0.24321545660495758, -0.7558963298797607, 0.5916076898574829, -0.2803945243358612, -0.05743518844246864, 0.36670973896980286, 0.9285607933998108], "cam_t_m2c": [-97.0464096069336, 12.448223114013672, 81.14942932128906], "obj_id": 3}, {"cam_R_m2c": [-0.40525907278060913, 0.5047175288200378, 0.7622501850128174, -0.857815146446228, 0.07835642248392105, -0.5079503059387207, -0.3160986304283142, -0.8597211837768555, 0.4011996388435364], "cam_t_m2c": [92.56968688964844, -26.663225173950195, 198.4273223876953], "obj_id": 1}, {"cam_R_m2c": [-0.36599963903427124, -0.8974353671073914, 0.24628007411956787, 0.8176357746124268, -0.18371796607971191, 0.5456365346908569, -0.4444274604320526, 0.4010702669620514, 0.8010161519050598], "cam_t_m2c": [-92.46876525878906, 131.021484375, -69.80879211425781], "obj_id": 1}, {"cam_R_m2c": [-0.27176347374916077, -0.9467766880989075, -0.17250631749629974, 0.7903222441673279, -0.11728440970182419, -0.6013609766960144, 0.5491222739219666, -0.299763560295105, 0.7801324129104614], "cam_t_m2c": [-351.5856628417969, 7475.55126953125, 2912.881591796875], "obj_id": 0}, {"cam_R_m2c": [-0.37873074412345886, 0.39951205253601074, 0.8348371386528015, 0.1317235231399536, -0.8695812225341797, 0.47589632868766785, 0.9160850644111633, 0.2902042865753174, 0.2767120897769928], "cam_t_m2c": [179.11846923828125, -52.80500411987305, 254.27073669433594], "obj_id": 0}, {"cam_R_m2c": [0.5338106751441956, 0.7726302742958069, -0.34364017844200134, -0.8346004486083984, 0.5467429161071777, -0.06718803197145462, 0.1359712928533554, 0.3226679563522339, 0.9366948008537292], "cam_t_m2c": [-25.62587547302246, -21.18896484375, 176.96035766601562], "obj_id": 3}]
}