{
  "0": [{"cam_R_m2c": [-0.09795999526977539, 0.6096817255020142, 0.7865697145462036, -0.7944925427436829, -0.5238854289054871, 0.3071245849132538, 0.5993207693099976, -0.5948378443717957, 0.5357074737548828], "cam_t_m2c": [110.44380187988281, -190.4543914794922, 791.6129150390625], "obj_id": 2}, {"cam_R_m2c": [-0.8896812200546265, -0.40000322461128235, 0.22014690935611725, 0.04779299348592758, -0.5611016154289246, -0.8263660073280334, 0.45407387614250183, -0.7246809005737305, 0.5183189511299133], "cam_t_m2c": [190.4702606201172, -135.6659393310547, 779.1865234375], "obj_id": 1}, {"cam_R_m2c": [0.6245970129966736, -0.6770215034484863, 0.38925623893737793, 0.056574564427137375, -0.4579049348831177, -0.8871991634368896, 0.7788952589035034, 0.5761639475822449, -0.24770386517047882], "cam_t_m2c": [-70.87413024902344, -114.6520767211914, 818.2478637695312], "obj_id": 1}, {"cam_R_m2c": [-0.8296367526054382, -0.23947755992412567, 0.5043340921401978, -0.5011480450630188, -0.07871689647436142, -0.8617737293243408, 0.24607518315315247, -0.967705488204956, -0.05470703914761543], "cam_t_m2c": [-50.7098388671875, -111.87785339355469, 856.870849609375], "obj_id": 0}],
  "1": [{"cam_R_m2c": [-0.9978840351104736, 0.06081685051321983, 0.02298780530691147, -0.04471975192427635, -0.8986822962760925, 0.43631401658058167, 0.0471939854323864, 0.43436285853385925, 0.8995007872581482], "cam_t_m2c": [-170.97109985351562, -94.75032806396484, 1096.8660888671875], "obj_id": 2}, {"cam_R_m2c": [-0.3817334771156311, -0.04140855371952057, -0.9233443140983582, 0.5455390810966492, -0.816514253616333, -0.18892180919647217, -0.746100902557373, -0.5758382678031921, 0.33428090810775757], "cam_t_m2c": [-108.9329605102539, -84.80646514892578, 1171.8294677734375], "obj_id": 1}, {"cam_R_m2c": [-0.3454470634460449, -0.8135258555412292, -0.4678054749965668, 0.48865142464637756, 0.2696477174758911, -0.8297649621963501, 0.801177978515625, -0.5152336955070496, 0.3043815493583679], "cam_t_m2c": [-156.94517517089844, 9.778751373291016, 928.9298706054688], "obj_id": 1}, {"cam_R_m2c": [-0.6647871136665344, 0.5047547221183777, -0.550709068775177, 0.027769435197114944, -0.7199882864952087, -0.6934301853179932, -0.7465163469314575, -0.4762764275074005, 0.464622437953949], "cam_t_m2c": [-175.79127502441406, 36.30119705200195, 958.1746826171875], "obj_id": 0}]
}