{
  "0": [{"cam_R_m2c": [0.9513148069381714, -0.22303439676761627, -0.21273420751094818, -0.22009333968162537, -0.008375241421163082, -0.9754427671432495, 0.21577557921409607, 0.9747745394706726, -0.05705587565898895], "cam_t_m2c": [-294.7986755371094, -144.13308715820312, 416.76092529296875], "obj_id": 3}, {"cam_R_m2c": [-0.41816139221191406, -0.23439905047416687, 0.8776093125343323, -0.9083648324012756, 0.11193408817052841, -0.4029194712638855, -0.003790435381233692, -0.9656748175621033, -0.259726345539093], "cam_t_m2c": [-510.9251708984375, -3.952817440032959, 264.6839599609375], "obj_id": 3}, {"cam_R_m2c": [0.5722344517707825, 0.7320820689201355, -0.3695991635322571, -0.3206527531147003, 0.6145344376564026, 0.7207837104797363, 0.7548043131828308, -0.29394426941871643, 0.5864019393920898], "cam_t_m2c": [-387.3028259277344, 158.03480529785156, 314.03265380859375], "obj_id": 3}, {"cam_R_m2c": [-0.9269705414772034, -0.08096159994602203, 0.3662933111190796, -0.37455952167510986, 0.25377359986305237, -0.8917982578277588, -0.02075415849685669, -0.9638693928718567, -0.26556557416915894], "cam_t_m2c": [-526.0906982421875, -60.80837631225586, 272.8811340332031], "obj_id": 3}, {"cam_R_m2c": [0.056247781962156296, -0.04432098940014839, -0.9974326491355896, 0.8699649572372437, -0.4880126416683197, 0.07074446231126785, -0.48989513516426086, -0.8717106580734253, 0.011108015663921833], "cam_t_m2c": [-548.43603515625, -178.38294982910156, 355.7874450683594], "obj_id": 3}, {"cam_R_m2c": [0.4849860668182373, 0.2741468846797943, -0.8304407596588135, 0.85715651512146, -0.33731189370155334, 0.3892340660095215, -0.1734103411436081, -0.9005908370018005, -0.39857831597328186], "cam_t_m2c": [-381.34246826171875, -95.17093658447266, 556.3225708007812], "obj_id": 3}, {"cam_R_m2c": [0.3221355080604553, 0.3309914469718933, 0.8869460225105286, 0.13719144463539124, -0.9433199167251587, 0.3022017180919647, 0.9367001056671143, 0.024331528693437576, -0.34928596019744873], "cam_t_m2c": [-271.6988525390625, -47.89320373535156, 567.2654418945312], "obj_id": 3}, {"cam_R_m2c": [-0.2808350622653961, 0.7886506915092468, -0.5469565987586975, 0.033543478697538376, 0.5776085257530212, 0.8156243562698364, 0.9591695666313171, 0.21070918440818787, -0.18866679072380066], "cam_t_m2c": [-270.0331115722656, -146.9014434814453, 451.484375], "obj_id": 3}, {"cam_R_m2c": [-0.9565979242324829, 0.1665184050798416, 0.23914799094200134, -0.19400985538959503, -0.9762639999389648, -0.09627307206392288, 0.21744036674499512, -0.1384917050600052, 0.9661986231803894], "cam_t_m2c": [-528.4981689453125, -27.320568084716797, 195.3250274658203], "obj_id": 3}, {"cam_R_m2c": [-0.9056694507598877, -0.36823153495788574, 0.21016275882720947, -0.3374429941177368, 0.9261355400085449, 0.16853845119476318, -0.2567003667354584, 0.08172217756509781, -0.9630298018455505], "cam_t_m2c": [-482.5126647949219, 16.819265365600586, 325.53399658203125], "obj_id": 3}, {"cam_R_m2c": [-0.5064550042152405, 0.15887004137039185, -0.8475043177604675, 0.8564079403877258, -0.021699873730540276, -0.5158435106277466, -0.10034284740686417, -0.9870609641075134, -0.12506751716136932], "cam_t_m2c": [-367.0149230957031, 175.0240936279297, 533.6199340820312], "obj_id": 3}, {"cam_R_m2c": [0.6856999397277832, 0.594119131565094, 0.42052116990089417, 0.30559971928596497, -0.759328305721283, 0.5744817852973938, 0.6606242656707764, -0.2654109597206116, -0.7022340297698975], "cam_t_m2c": [-362.47747802734375, -41.80138397216797, 534.5725708007812], "obj_id": 3}, {"cam_R_m2c": [0.017506496980786324, 0.833789587020874, 0.5518046021461487, -0.9411361217498779, -0.17259018123149872, 0.29064616560935974, 0.3375738561153412, -0.5244114398956299, 0.7816882133483887], "cam_t_m2c": [-196.1921844482422, -122.99620819091797, 563.3466186523438], "obj_id": 3}, {"cam_R_m2c": [-0.5002108216285706, 0.858726978302002, -0.11125243455171585, 0.40254437923431396, 0.3443662226200104, 0.8481568098068237, 0.766646683216095, 0.37947314977645874, -0.5179314017295837], "cam_t_m2c": [-173.16317749023438, -181.6785430908203, 516.8062744140625], "obj_id": 3}, {"cam_R_m2c": [0.855713963508606, 0.2294023036956787, 0.4638191759586334, -0.2882866859436035, 0.95571368932724, 0.05917827785015106, -0.4297027289867401, -0.1843525767326355, 0.8839511871337891], "cam_t_m2c": [-361.03009033203125, 80.79393005371094, 545.9041137695312], "obj_id": 3}, {"cam_R_m2c": [-0.6899582743644714, -0.5178207755088806, 0.5057855248451233, -0.7229207158088684, 0.5283198356628418, -0.4452681839466095, -0.036647360771894455, -0.6728593707084656, -0.7388619780540466], "cam_t_m2c": [-492.5162353515625, -6.120172023773193, 575.3096313476562], "obj_id": 3}, {"cam_R_m2c": [-0.15267808735370636, 0.9395772814750671, 0.3064049780368805, -0.9872083067893982, -0.15940558910369873, -0.003104415023699403, 0.045925822108983994, -0.30295950174331665, 0.9518961906433105], "cam_t_m2c": [-357.6496887207031, 58.708656311035156, 216.4322052001953], "obj_id": 3}, {"cam_R_m2c": [-0.8931074738502502, -0.06063273549079895, 0.4457380473613739, 0.3429817259311676, 0.5493628978729248, 0.7619474530220032, -0.2910708785057068, 0.8333810567855835, -0.46984413266181946], "cam_t_m2c": [-228.18568420410156, -42.2267951965332, 494.3017272949219], "obj_id": 3}, {"cam_R_m2c": [0.28622859716415405, -0.06766360253095627, 0.9557691812515259, -0.05744839459657669, 0.9944970011711121, 0.0876096561551094, -0.9564375281333923, -0.07998379319906235, 0.2807663083076477], "cam_t_m2c": [-471.4212341308594, 113.9908676147461, 197.62368774414062], "obj_id": 3}, {"cam_R_m2c": [-0.655704140663147, 0.30684712529182434, -0.6898528337478638, 0.7192960381507874, 0.5315948724746704, -0.4472360908985138, 0.22948910295963287, -0.7894629836082458, -0.5692828893661499], "cam_t_m2c": [-199.5454559326172, 47.18313980102539, 209.93270874023438], "obj_id": 3}, {"cam_R_m2c": [-0.4823163151741028, 0.8380825519561768, -0.2549282908439636, 0.5762149691581726, 0.522722601890564, 0.6282812356948853, 0.659808337688446, 0.15613684058189392, -0.7350333333015442], "cam_t_m2c": [-541.2275390625, -163.3783721923828, 211.99407958984375], "obj_id": 3}, {"cam_R_m2c": [-0.2356686294078827, 0.9647806286811829, 0.11686981469392776, 0.8656231164932251, 0.26305457949638367, -0.4260268807411194, -0.4417656362056732, 0.0007640300900675356, -0.8971301317214966], "cam_t_m2c": [-243.8221435546875, 109.2413101196289, 345.3701477050781], "obj_id": 3}, {"cam_R_m2c": [-0.7906053066253662, 0.6082949638366699, 0.07014567404985428, -0.3828279972076416, -0.4016279876232147, -0.8319480419158936, -0.4778973460197449, -0.6845963001251221, 0.5504016876220703], "cam_t_m2c": [-239.30421447753906, -41.99116516113281, 586.1422119140625], "obj_id": 3}, {"cam_R_m2c": [-0.3364206552505493, -0.49983176589012146, 0.7981160879135132, 0.5183212161064148, 0.6093094944953918, 0.6000708937644958, -0.7862342000007629, 0.6155567765235901, 0.05408910661935806], "cam_t_m2c": [-310.1150817871094, -101.57329559326172, 589.5159301757812], "obj_id": 3}, {"cam_R_m2c": [0.10089432448148727, -0.06492981314659119, 0.9927761554718018, 0.887828528881073, 0.45619431138038635, -0.06039253994822502, -0.44897758960723877, 0.8875082731246948, 0.10367394238710403], "cam_t_m2c": [-229.38938903808594, -66.42617797851562, 527.660400390625], "obj_id": 3}, {"cam_R_m2c": [-0.0542883463203907, 0.7725532054901123, 0.6326248645782471, 0.7507523894309998, 0.44929930567741394, -0.4842529296875, -0.6583490967750549, 0.44865530729293823, -0.6043878793716431], "cam_t_m2c": [-383.7749938964844, -172.01907348632812, 209.4181671142578], "obj_id": 3}, {"cam_R_m2c": [-0.8771069645881653, 0.47929269075393677, -0.03101538121700287, 0.13905145227909088, 0.1915932446718216, -0.9715743660926819, -0.45972615480422974, -0.8564873337745667, -0.23469413816928864], "cam_t_m2c": [-228.47991943359375, 39.94821548461914, 376.348876953125], "obj_id": 3}, {"cam_R_m2c": [-0.44627729058265686, 0.7981908321380615, -0.4046330153942108, 0.8931297659873962, 0.3688831329345703, -0.2573799192905426, -0.05617601424455643, -0.47625264525413513, -0.8775121569633484], "cam_t_m2c": [-354.1533508300781, 193.28781127929688, 221.64370727539062], "obj_id": 3}, {"cam_R_m2c": [-0.27961939573287964, 0.7007925510406494, 0.656279444694519, -0.8475039005279541, 0.14104561507701874, -0.5117061734199524, -0.45116519927978516, -0.6992824077606201, 0.5544853806495667], "cam_t_m2c": [-332.13275146484375, 207.19915771484375, 569.276611328125], "obj_id": 1}, {"cam_R_m2c": [0.6826474070549011, 0.17447468638420105, -0.7096133232116699, 0.6088730692863464, 0.40114447474479675, 0.6843658089637756, 0.4040619730949402, -0.899245023727417, 0.16760729253292084], "cam_t_m2c": [-475.228271484375, -140.0240478515625, 341.2452392578125], "obj_id": 1}, {"cam_R_m2c": [-0.2414926439523697, -0.7138090133666992, 0.6573871970176697, 0.3955615162849426, -0.6910108923912048, -0.6050081849098206, 0.8861220479011536, 0.11393201351165771, 0.44922950863838196], "cam_t_m2c": [-223.6806182861328, -113.92452239990234, 439.73968505859375], "obj_id": 1}, {"cam_R_m2c": [0.014439097605645657, -0.5022561550140381, 0.8645981550216675, 0.05485933646559715, 0.8637839555740356, 0.5008668899536133, -0.998389482498169, 0.04019930958747864, 0.040025725960731506], "cam_t_m2c": [-471.1491394042969, -173.92013549804688, 228.01412963867188], "obj_id": 1}, {"cam_R_m2c": [0.9610676169395447, 0.2755186855792999, -0.020940009504556656, -0.11215643584728241, 0.31971877813339233, -0.940851092338562, -0.2525271475315094, 0.9065700769424438, 0.3381725549697876], "cam_t_m2c": [-281.9783935546875, 178.88682556152344, 577.7723999023438], "obj_id": 1}, {"cam_R_m2c": [0.5612921714782715, -0.634656548500061, -0.5311893820762634, 0.515966534614563, -0.23348742723464966, 0.824173629283905, -0.6470931768417358, -0.7366781830787659, 0.19640684127807617], "cam_t_m2c": [-171.1470184326172, 180.83580017089844, 326.0250244140625], "obj_id": 1}, {"cam_R_m2c": [-0.19304732978343964, 0.9517794251441956, 0.23842905461788177, -0.9733731150627136, -0.21638019382953644, 0.07565831393003464, 0.12360138446092606, -0.2174748182296753, 0.968208372592926], "cam_t_m2c": [-193.18055725097656, 113.16069793701172, 576.8262329101562], "obj_id": 1}, {"cam_R_m2c": [-0.6921485662460327, 0.4596150517463684, -0.5564925670623779, -0.7214541435241699, -0.4628300666809082, 0.5150649547576904, -0.0208299458026886, 0.7579854726791382, 0.6519386768341064], "cam_t_m2c": [-499.95208740234375, 19.64631462097168, 330.9732666015625], "obj_id": 1}, {"cam_R_m2c": [-0.862706184387207, -0.4657555818557739, -0.1970018893480301, -0.054630231112241745, -0.3014449179172516, 0.9519172310829163, -0.5027459859848022, 0.831987202167511, 0.23461408913135529], "cam_t_m2c": [-403.43658447265625, 90.4146728515625, 282.6400451660156], "obj_id": 1}, {"cam_R_m2c": [-0.4329566955566406, -0.122308649122715, 0.8930783867835999, 0.8960464596748352, 0.049569252878427505, 0.44118422269821167, -0.09822984784841537, 0.9912534356117249, 0.08813295513391495], "cam_t_m2c": [-302.29193115234375, 209.323974609375, 545.9898071289062], "obj_id": 1}, {"cam_R_m2c": [-0.773389995098114, -0.5493752360343933, -0.3163145184516907, 0.009344865567982197, 0.48903921246528625, -0.872211754322052, 0.6338617205619812, -0.6775157451629639, -0.3730842173099518], "cam_t_m2c": [-303.7083740234375, -169.79417419433594, 372.7706298828125], "obj_id": 1}, {"cam_R_m2c": [0.7451776266098022, 0.42458364367485046, 0.514236330986023, 0.5147895216941833, -0.8564355969429016, -0.03885580226778984, 0.42391276359558105, 0.29367795586586, -0.8567678332328796], "cam_t_m2c": [-486.4180603027344, -38.682857513427734, 509.5426330566406], "obj_id": 1}, {"cam_R_m2c": [0.9836458563804626, 0.10053650289773941, -0.14944308996200562, -0.11684192717075348, 0.9876216650009155, -0.10464885830879211, 0.13707220554351807, 0.1203986406326294, 0.9832168817520142], "cam_t_m2c": [-164.35934448242188, 190.57962036132812, 563.4719848632812], "obj_id": 1}, {"cam_R_m2c": [0.420314759016037, 0.7990902066230774, -0.42987260222435, -0.16065536439418793, 0.5318048000335693, 0.8314887285232544, 0.893042802810669, -0.28042566776275635, 0.3519035279750824], "cam_t_m2c": [-415.2300109863281, 148.4960479736328, 194.04534912109375], "obj_id": 1}, {"cam_R_m2c": [-0.20578022301197052, 0.3415328562259674, -0.9170657992362976, 0.97673499584198, 0.12948067486286163, -0.17094840109348297, 0.060357753187417984, -0.9309081435203552, -0.3602316081523895], "cam_t_m2c": [-387.2920837402344, -114.73035430908203, 584.7756958007812], "obj_id": 1}, {"cam_R_m2c": [-0.13127470016479492, 0.6330853700637817, -0.7628693580627441, 0.26377323269844055, 0.76409512758255, 0.5887123346328735, 0.9556099772453308, -0.12394145876169205, -0.26729732751846313], "cam_t_m2c": [-459.3639831542969, -111.44158172607422, 465.08660888671875], "obj_id": 1}, {"cam_R_m2c": [0.46432778239250183, 0.7252782583236694, 0.5083022117614746, 0.843735933303833, -0.5367361307144165, -0.004892692901194096, 0.26927560567855835, 0.431144654750824, -0.8611648678779602], "cam_t_m2c": [-225.12445068359375, -63.929901123046875, 478.0264587402344], "obj_id": 1}, {"cam_R_m2c": [-0.2039496749639511, 0.9598788619041443, 0.19244986772537231, -0.9502416849136353, -0.24138212203979492, 0.1969141960144043, 0.23546776175498962, -0.1427132934331894, 0.9613468647003174], "cam_t_m2c": [-366.40411376953125, 0.5334944725036621, 582.6995849609375], "obj_id": 1}, {"cam_R_m2c": [-0.14426828920841217, -0.9848050475120544, -0.09667283296585083, 0.7342339158058167, -0.17202948033809662, 0.6567391157150269, -0.6633906364440918, 0.023766174912452698, 0.7478957176208496], "cam_t_m2c": [-387.8766784667969, -109.45124053955078, 496.0245666503906], "obj_id": 1}, {"cam_R_m2c": [0.12113270908594131, -0.32807374000549316, 0.9368535280227661, -0.9917840957641602, -0.07910294830799103, 0.10053431987762451, 0.04112517461180687, -0.9413343667984009, -0.33496028184890747], "cam_t_m2c": [-532.4853515625, 14.084188461303711, 195.68356323242188], "obj_id": 1}, {"cam_R_m2c": [-0.07209908962249756, -0.017170576378703117, -0.9972497224807739, 0.07152888923883438, -0.9973664283752441, 0.012001197785139084, -0.9948293566703796, -0.07046688348054886, 0.07313729077577591], "cam_t_m2c": [-337.5811462402344, 151.82315063476562, 317.653076171875], "obj_id": 1}, {"cam_R_m2c": [-0.46213552355766296, -0.6694610714912415, 0.5815947651863098, 0.13710929453372955, -0.7018812894821167, -0.6989731788635254, 0.8761458992958069, -0.24327833950519562, 0.41615375876426697], "cam_t_m2c": [-286.10272216796875, -18.90363121032715, 362.9728698730469], "obj_id": 1}, {"cam_R_m2c": [-0.42901450395584106, -0.10461002588272095, 0.8972195982933044, 0.8336947560310364, -0.4281947910785675, 0.34871476888656616, 0.34770581126213074, 0.897611141204834, 0.27091479301452637], "cam_t_m2c": [-500.93896484375, 128.69837951660156, 313.6988220214844], "obj_id": 1}, {"cam_R_m2c": [-0.2853005528450012, 0.9550197124481201, -0.08087510615587234, 0.6384727358818054, 0.126445010304451, -0.7591864466667175, -0.7148118019104004, -0.26823294162750244, -0.6458288431167603], "cam_t_m2c": [-480.9100341796875, -56.39949417114258, 260.3603210449219], "obj_id": 1}, {"cam_R_m2c": [-0.9999403357505798, 0.004018463660031557, 0.010150332003831863, -0.006852135062217712, -0.9548515677452087, -0.2970040440559387, 0.008498561568558216, -0.2970559000968933, 0.9548222422599792], "cam_t_m2c": [-543.1707763671875, 150.2765655517578, 342.1428527832031], "obj_id": 1}, {"cam_R_m2c": [0.5465974807739258, 0.789827823638916, 0.27821430563926697, 0.6697006225585938, -0.21284915506839752, -0.7114746570587158, -0.502724826335907, 0.5752105712890625, -0.6452909708023071], "cam_t_m2c": [-474.60504150390625, 145.83499145507812, 328.9638977050781], "obj_id": 1}, {"cam_R_m2c": [0.0510871522128582, 0.10666603595018387, -0.9929815530776978, 0.6327701807022095, -0.77269446849823, -0.05044792965054512, -0.7726525068283081, -0.6257519125938416, -0.10696977376937866], "cam_t_m2c": [-334.5277099609375, -58.086002349853516, 528.2373046875], "obj_id": 1}, {"cam_R_m2c": [-0.11957085132598877, -0.9866153001785278, -0.1108747199177742, -0.9213327169418335, 0.15187732875347137, -0.35788172483444214, 0.3699309229850769, 0.05936030298471451, -0.9271610379219055], "cam_t_m2c": [-182.43063354492188, 57.59498596191406, 383.964599609375], "obj_id": 1}, {"cam_R_m2c": [0.6734206080436707, -0.5590243935585022, 0.48373177647590637, 0.4459051489830017, 0.8290717005729675, 0.33735546469688416, -0.5896382331848145, -0.011483604088425636, 0.8075858354568481], "cam_t_m2c": [-189.96542358398438, -44.82318878173828, 309.4155578613281], "obj_id": 1}, {"cam_R_m2c": [-0.4022243916988373, -0.9017305374145508, 0.15842175483703613, 0.5575568675994873, -0.1040080189704895, 0.8235973715782166, -0.7261857986450195, 0.41960012912750244, 0.5446006655693054], "cam_t_m2c": [-366.1917724609375, 102.89203643798828, 348.9673156738281], "obj_id": 1}, {"cam_R_m2c": [0.7584397792816162, 0.5517421364784241, -0.3469146490097046, 0.30412888526916504, 0.17116639018058777, 0.9371274709701538, 0.5764328241348267, -0.8162615299224854, -0.03798132762312889], "cam_t_m2c": [-354.6082763671875, 0.8461809158325195, 214.9759521484375], "obj_id": 1}, {"cam_R_m2c": [-0.9021903276443481, -0.30917006731033325, -0.30077627301216125, -0.28244584798812866, 0.9504637122154236, -0.1297808736562729, 0.3260013163089752, -0.0321340449154377, -0.9448229670524597], "cam_t_m2c": [-440.2733459472656, -127.69952392578125, 502.1553649902344], "obj_id": 1}, {"cam_R_m2c": [-0.7711063027381897, 0.27291756868362427, -0.5752485394477844, -0.6171477437019348, -0.09816082566976547, 0.7807003259658813, 0.15659992396831512, 0.9570163488388062, 0.24412304162979126], "cam_t_m2c": [-521.39599609375, -20.34961700439453, 520.0482788085938], "obj_id": 1}, {"cam_R_m2c": [-0.5313884615898132, 0.8445091843605042, 0.06656302511692047, 0.6135067939758301, 0.32946911454200745, 0.7176765203475952, 0.5841538906097412, 0.42220184206962585, -0.6931881904602051], "cam_t_m2c": [-244.05670166015625, -66.01339721679688, 471.33038330078125], "obj_id": 1}, {"cam_R_m2c": [0.9682453870773315, 0.23935559391975403, -0.07217831164598465, 0.21540315449237823, -0.945264458656311, -0.24510474503040314, -0.12689480185508728, 0.22177410125732422, -0.9668059349060059], "cam_t_m2c": [-347.20404052734375, -99.3366470336914, 246.1925506591797], "obj_id": 1}, {"cam_R_m2c": [0.059914227575063705, 0.03711755573749542, 0.9975131154060364, 0.33103030920028687, -0.9434971213340759, 0.015224777162075043, 0.9417160153388977, 0.32929491996765137, -0.06881576776504517], "cam_t_m2c": [-393.5057373046875, 173.6075897216797, 249.30418395996094], "obj_id": 1}, {"cam_R_m2c": [0.3525678813457489, 0.4438912868499756, 0.8238060474395752, 0.8516017198562622, 0.2127237766981125, -0.47908565402030945, -0.3879050612449646, 0.8704648613929749, -0.3030190169811249], "cam_t_m2c": [-336.6954345703125, -37.752220153808594, 566.5228271484375], "obj_id": 1}, {"cam_R_m2c": [-0.6747537851333618, -0.72883141040802, -0.11624108254909515, -0.296719491481781, 0.12367938458919525, 0.9469218254089355, -0.6757697463035583, 0.6734300851821899, -0.29971158504486084], "cam_t_m2c": [-486.824462890625, 194.26280212402344, 369.24884033203125], "obj_id": 1}, {"cam_R_m2c": [0.143121138215065, 0.9896566867828369, 0.009800438769161701, 0.931512176990509, -0.13135384023189545, -0.3391626179218292, -0.33436721563339233, 0.05767057463526726, -0.9406768083572388], "cam_t_m2c": [-558.849365234375, -25.910381317138672, 222.7639923095703], "obj_id": 1}, {"cam_R_m2c": [-0.27612653374671936, 0.943192720413208, -0.1847742795944214, 0.48352813720703125, -0.029823577031493187, -0.8748205900192261, -0.8306350708007812, -0.3309047520160675, -0.4478251039981842], "cam_t_m2c": [-363.3818054199219, 140.15396118164062, 234.5930938720703], "obj_id": 1}, {"cam_R_m2c": [0.9684142470359802, 0.22939597070217133, -0.09773121029138565, -0.23733603954315186, 0.7278319597244263, -0.6433756351470947, -0.07645587623119354, 0.6462492346763611, 0.7592867612838745], "cam_t_m2c": [-244.5, 20.791500091552734, 469.8440856933594], "obj_id": 1}, {"cam_R_m2c": [-0.36443787813186646, -0.4916697144508362, -0.7908512949943542, 0.9130780696868896, -0.35551831126213074, -0.19973748922348022, -0.18295727670192719, -0.7949009537696838, 0.5784972906112671], "cam_t_m2c": [-368.6540222167969, 11.614144325256348, 358.5685729980469], "obj_id": 1}, {"cam_R_m2c": [0.046406712383031845, 0.017520254477858543, -0.9987688660621643, 0.8597456812858582, 0.5083792209625244, 0.04886499047279358, 0.5086094737052917, -0.860954999923706, 0.008529284037649632], "cam_t_m2c": [-466.904052734375, -82.8724365234375, 311.1069641113281], "obj_id": 1}, {"cam_R_m2c": [-0.7138938903808594, -0.6993748545646667, -0.035075362771749496, 0.67482590675354, -0.7004825472831726, 0.23223717510700226, -0.18699052929878235, 0.14212293922901154, 0.972026526927948], "cam_t_m2c": [-278.2869873046875, 10.027944564819336, 512.9052734375], "obj_id": 1}, {"cam_R_m2c": [0.7832188010215759, -0.6186925172805786, 0.061545610427856445, -0.20610351860523224, -0.16496378183364868, 0.9645248651504517, -0.5865915417671204, -0.7681187987327576, -0.2567174434661865], "cam_t_m2c": [-232.78787231445312, 133.6592559814453, 510.99176025390625], "obj_id": 1}, {"cam_R_m2c": [-0.7208854556083679, 0.14039215445518494, 0.6786857843399048, -0.17733833193778992, 0.9093006253242493, -0.37646186351776123, -0.6699816584587097, -0.3917428255081177, -0.6306046843528748], "cam_t_m2c": [-464.7610778808594, -25.324373245239258, 260.3360290527344], "obj_id": 1}, {"cam_R_m2c": [0.8650100231170654, 0.40635693073272705, 0.29433268308639526, 0.014842398464679718, -0.6070730686187744, 0.7945074439048767, 0.5015349984169006, -0.6828883290290833, -0.5311556458473206], "cam_t_m2c": [-462.167236328125, 157.14051818847656, 350.9034118652344], "obj_id": 1}, {"cam_R_m2c": [-0.5871955752372742, 0.2651802599430084, 0.7647747993469238, 0.24381308257579803, 0.9588783383369446, -0.14528407156467438, -0.7718524932861328, 0.10115193575620651, -0.6277035474777222], "cam_t_m2c": [-236.46795654296875, 27.866901397705078, 501.3280029296875], "obj_id": 1}, {"cam_R_m2c": [0.1744777262210846, -0.9104596376419067, 0.37499409914016724, 0.8904180526733398, -0.016698231920599937, -0.45483696460723877, 0.42037251591682434, 0.41326043009757996, 0.8077763915061951], "cam_t_m2c": [-286.599365234375, -164.36795043945312, 274.8485412597656], "obj_id": 1}, {"cam_R_m2c": [0.33612340688705444, 0.04210646450519562, 0.9408761262893677, -0.9272550940513611, -0.16020317375659943, 0.3384266793727875, 0.16498146951198578, -0.9861853718757629, -0.014804478734731674], "cam_t_m2c": [-522.0540771484375, -20.276416778564453, 224.7628173828125], "obj_id": 1}, {"cam_R_m2c": [-0.3551606833934784, 0.529169499874115, 0.7706103920936584, -0.7893573641777039, -0.6113724708557129, 0.05602174997329712, 0.5007750391960144, -0.5883902907371521, 0.6348394751548767], "cam_t_m2c": [-561.9696655273438, -28.65962791442871, 271.8789367675781], "obj_id": 1}, {"cam_R_m2c": [-0.16498038172721863, -0.9589151740074158, 0.23078744113445282, -0.16123580932617188, 0.2570677697658539, 0.9528478384017944, -0.9730283617973328, 0.11999014019966125, -0.19702251255512238], "cam_t_m2c": [-406.9348449707031, -166.29005432128906, 197.11392211914062], "obj_id": 1}, {"cam_R_m2c": [0.12889288365840912, 0.5614261627197266, -0.8174272179603577, -0.6074873208999634, -0.6068224310874939, -0.5125676989555359, -0.7838020920753479, 0.5626429915428162, 0.2628442347049713], "cam_t_m2c": [-463.6949157714844, -87.67233276367188, 316.4518127441406], "obj_id": 1}, {"cam_R_m2c": [-0.32153695821762085, -0.8180046081542969, 0.4769509434700012, 0.943389356136322, -0.3200545310974121, 0.0870707705616951, 0.08142607659101486, 0.4779469668865204, 0.8746064901351929], "cam_t_m2c": [-455.2760009765625, -50.782501220703125, 429.97906494140625], "obj_id": 1}, {"cam_R_m2c": [-0.24835790693759918, -0.1735498011112213, -0.9529945254325867, 0.7825530767440796, -0.6157785058021545, -0.09180015325546265, -0.5709018111228943, -0.7685681581497192, 0.28874558210372925], "cam_t_m2c": [-300.90814208984375, -116.93936157226562, 586.0062255859375], "obj_id": 3}, {"cam_R_m2c": [-0.5519776940345764, -0.09174703061580658, -0.8287962079048157, -0.3290606439113617, 0.9372305274009705, 0.11540354043245316, 0.7661852240562439, 0.3364243805408478, -0.5475207567214966], "cam_t_m2c": [-438.2256774902344, 126.73385620117188, 541.4735107421875], "obj_id": 1}, {"cam_R_m2c": [0.6826200485229492, -0.7185423374176025, 0.13314196467399597, -0.5466811060905457, -0.6230149865150452, -0.5594569444656372, 0.4849429428577423, 0.3091103136539459, -0.8180960416793823], "cam_t_m2c": [-259.72210693359375, -114.4739990234375, 212.41748046875], "obj_id": 1}, {"cam_R_m2c": [-0.8203434348106384, 0.5611138343811035, -0.11039946973323822, 0.10817732661962509, 0.3418242037296295, 0.9335169792175293, 0.5615465044975281, 0.7538617253303528, -0.3411131203174591], "cam_t_m2c": [-175.15911865234375, 110.88400268554688, 426.890625], "obj_id": 1}, {"cam_R_m2c": [0.976507306098938, -0.0640532597899437, 0.2057441622018814, 0.21311727166175842, 0.4282121956348419, -0.8781886696815491, -0.031851302832365036, 0.9014052748680115, 0.4318031966686249], "cam_t_m2c": [-293.5459289550781, -135.84078979492188, 207.70167541503906], "obj_id": 1}, {"cam_R_m2c": [0.30373504757881165, -0.2634584903717041, -0.9156061410903931, 0.9497811794281006, 0.1596163809299469, 0.26914358139038086, 0.07523754239082336, -0.951373815536499, 0.29870903491973877], "cam_t_m2c": [-348.4780578613281, -26.538990020751953, 592.944580078125], "obj_id": 3}, {"cam_R_m2c": [0.9657776355743408, 0.2580097019672394, -0.02654372900724411, -0.18324534595012665, 0.7511637806892395, 0.6341720223426819, 0.18356123566627502, -0.6076050996780396, 0.7727362513542175], "cam_t_m2c": [-213.88604736328125, -14.590669631958008, 327.4809265136719], "obj_id": 1}, {"cam_R_m2c": [0.436196506023407, -0.7427874803543091, -0.507936418056488, -0.8723297119140625, -0.21051345765590668, -0.4412766396999359, 0.22084732353687286, 0.6355713605880737, -0.7397807836532593], "cam_t_m2c": [-192.68780517578125, 201.59361267089844, 358.2344970703125], "obj_id": 1}, {"cam_R_m2c": [-0.29356640577316284, 0.9536762833595276, -0.06572947651147842, -0.5549290776252747, -0.11402656883001328, 0.8240459561347961, 0.7783781290054321, 0.2783873975276947, 0.5626970529556274], "cam_t_m2c": [-442.2887268066406, -113.64305877685547, 594.954345703125], "obj_id": 1}, {"cam_R_m2c": [0.2667810022830963, -0.458015501499176, 0.8479679226875305, -0.05152460187673569, -0.8853762149810791, -0.4620107412338257, 0.9623788595199585, 0.07956445217132568, -0.259800523519516], "cam_t_m2c": [-532.336181640625, 169.53875732421875, 327.5633544921875], "obj_id": 3}, {"cam_R_m2c": [0.4213615655899048, 0.7222492694854736, -0.5484617948532104, -0.9002851843833923, 0.4059983789920807, -0.15700915455818176, 0.10927482694387436, 0.5599296689033508, 0.8213024735450745], "cam_t_m2c": [-361.0272216796875, 87.85236358642578, 232.7237548828125], "obj_id": 1}, {"cam_R_m2c": [-0.2252381443977356, -0.9736372232437134, -0.03603064641356468, 0.558509349822998, -0.0987253338098526, -0.8236021399497986, 0.7983325719833374, -0.2056301385164261, 0.5660223364830017], "cam_t_m2c": [-558.3052368164062, -113.25785827636719, 583.958251953125], "obj_id": 1}, {"cam_R_m2c": [-0.17638403177261353, 0.48305654525756836, -0.8576390743255615, 0.9064918756484985, 0.41928473114967346, 0.049726516008377075, 0.383615642786026, -0.7686719298362732, -0.5118419528007507], "cam_t_m2c": [-447.39337158203125, 29.763700485229492, 525.2059936523438], "obj_id": 3}, {"cam_R_m2c": [0.8089743852615356, -0.042001333087682724, -0.5863414406776428, -0.3488355576992035, -0.8371391296386719, -0.4213211238384247, -0.47315341234207153, 0.5453747510910034, -0.6918756365776062], "cam_t_m2c": [-224.2689208984375, -65.52251434326172, 216.1334686279297], "obj_id": 1}, {"cam_R_m2c": [0.9793867468833923, -0.143331840634346, 0.1423291265964508, 0.19404791295528412, 0.47193071246147156, -0.8600156307220459, 0.056098125874996185, 0.8699065446853638, 0.4900159239768982], "cam_t_m2c": [-251.71214294433594, 50.31809997558594, 261.7248840332031], "obj_id": 3}, {"cam_R_m2c": [0.275991827249527, 0.6479367613792419, 0.7099340558052063, 0.461007684469223, -0.7373536825180054, 0.49374204874038696, 0.8433862328529358, 0.19101634621620178, -0.502207338809967], "cam_t_m2c": [-255.8628692626953, -76.35022735595703, 558.8810424804688], "obj_id": 3}, {"cam_R_m2c": [0.6418656706809998, -0.3740559220314026, -0.6693956851959229, -0.7604512572288513, -0.19825537502765656, -0.6183921098709106, 0.09860195219516754, 0.9059674739837646, -0.4117046296596527], "cam_t_m2c": [-354.2725524902344, -20.05296516418457, 442.0740661621094], "obj_id": 3}, {"cam_R_m2c": [-0.6695491075515747, -0.6806610226631165, 0.29732924699783325, -0.4464482367038727, 0.04886870086193085, -0.8934740424156189, 0.5936228632926941, -0.7309668064117432, -0.3365999460220337], "cam_t_m2c": [-296.02606201171875, -122.54232788085938, 580.8909301757812], "obj_id": 3}, {"cam_R_m2c": [-0.04665793851017952, -0.30588266253471375, -0.9509251713752747, 0.3067444860935211, 0.9015796780586243, -0.305060476064682, 0.9506475329399109, -0.30592459440231323, 0.051761988550424576], "cam_t_m2c": [-443.31103515625, -98.61190032958984, 336.3436279296875], "obj_id": 1}, {"cam_R_m2c": [0.22745375335216522, 0.8570511341094971, 0.46230727434158325, -0.9534516930580139, 0.09948663413524628, 0.2846614122390747, 0.19797605276107788, -0.5055349469184875, 0.8397855758666992], "cam_t_m2c": [-519.6439819335938, -0.30786895751953125, 572.072509765625], "obj_id": 3}, {"cam_R_m2c": [0.05126359686255455, -0.2867528796195984, -0.9566319584846497, 0.4438760280609131, 0.8646199107170105, -0.23538579046726227, 0.8946205973625183, -0.4125593304634094, 0.17160627245903015], "cam_t_m2c": [-334.13897705078125, 135.01455688476562, 415.26641845703125], "obj_id": 3}, {"cam_R_m2c": [0.5505487322807312, -0.538648784160614, 0.6377723217010498, -0.4297241270542145, -0.837847113609314, -0.3366738557815552, 0.7157047390937805, -0.08871082216501236, -0.6927460432052612], "cam_t_m2c": [-530.139404296875, -30.262683868408203, 457.8549499511719], "obj_id": 3}, {"cam_R_m2c": [-0.2290884256362915, 0.3540618419647217, -0.9067296385765076, -0.7859671711921692, 0.48225679993629456, 0.38689011335372925, 0.5742595195770264, 0.801291823387146, 0.16780155897140503], "cam_t_m2c": [-332.01904296875, -144.00331115722656, 270.4012145996094], "obj_id": 1}, {"cam_R_m2c": [0.7032750248908997, -0.07078412175178528, -0.7073851823806763, -0.24817338585853577, 0.9079888463020325, -0.3375888168811798, 0.6661937832832336, 0.41297197341918945, 0.6209991574287415], "cam_t_m2c": [-548.1058959960938, -165.20565795898438, 272.4432373046875], "obj_id": 3}, {"cam_R_m2c": [-0.050304945558309555, -0.4076423943042755, 0.9117549061775208, 0.9883919954299927, -0.15135601162910461, -0.013137420639395714, 0.14335498213768005, 0.9005103707313538, 0.41052448749542236], "cam_t_m2c": [-283.20513916015625, -50.36666488647461, 483.465087890625], "obj_id": 3}, {"cam_R_m2c": [-0.6049606204032898, 0.2938040494918823, -0.7400687336921692, 0.4590553641319275, 0.8881183862686157, -0.02267039567232132, 0.6506080031394958, -0.35344722867012024, -0.6721490025520325], "cam_t_m2c": [-362.09356689453125, 118.4655990600586, 357.9395751953125], "obj_id": 1}, {"cam_R_m2c": [0.6367273926734924, -0.7466086149215698, 0.1927531659603119, 0.7027743458747864, 0.4590252935886383, -0.5435107350349426, 0.31731125712394714, 0.48153015971183777, 0.8169714212417603], "cam_t_m2c": [-509.1412658691406, -118.99553680419922, 390.99658203125], "obj_id": 1}, {"cam_R_m2c": [-0.5798179507255554, 0.7893826961517334, 0.2017081379890442, 0.8133282661437988, 0.546191394329071, 0.20042960345745087, 0.04804439842700958, 0.2802676260471344, -0.9587188363075256], "cam_t_m2c": [-447.3695983886719, -176.5027618408203, 255.58811950683594], "obj_id": 1}, {"cam_R_m2c": [0.22662314772605896, -0.9686029553413391, 0.10222617536783218, -0.48616379499435425, -0.20344090461730957, -0.8498566746711731, 0.8439707159996033, 0.14289847016334534, -0.5170040726661682], "cam_t_m2c": [-244.38748168945312, 156.7111053466797, 557.9293212890625], "obj_id": 1}, {"cam_R_m2c": [0.30934903025627136, -0.472355455160141, 0.8253384232521057, -0.21479512751102448, -0.8801887035369873, -0.4232387840747833, 0.9263726472854614, -0.04635016247630119, -0.3737452030181885], "cam_t_m2c": [-539.1402587890625, -173.05186462402344, 212.9486083984375], "obj_id": 1}, {"cam_R_m2c": [-0.7378253936767578, 0.6238095164299011, 0.25782808661460876, 0.13394638895988464, 0.5096890330314636, -0.8498678803443909, -0.6615678071975708, -0.5925189852714539, -0.45961853861808777], "cam_t_m2c": [-276.56597900390625, -16.287668228149414, 528.9556274414062], "obj_id": 3}, {"cam_R_m2c": [-0.01780799590051174, -0.33617469668388367, -0.9416312575340271, -0.7939695715904236, 0.5771623849868774, -0.1910390853881836, 0.6076966524124146, 0.7442245483398438, -0.27719059586524963], "cam_t_m2c": [-283.2441101074219, -110.78543853759766, 413.1358642578125], "obj_id": 3}, {"cam_R_m2c": [0.2855176627635956, -0.3412986099720001, 0.8955416083335876, -0.596444845199585, -0.7947012186050415, -0.11270830035209656, 0.7501553893089294, -0.5019609928131104, -0.4304669201374054], "cam_t_m2c": [-309.0627746582031, 62.61346435546875, 318.2933044433594], "obj_id": 3}, {"cam_R_m2c": [-0.9911138415336609, 0.13040904700756073, 0.02620142139494419, 0.017152225598692894, -0.07003653049468994, 0.9973968863487244, 0.13190464675426483, 0.9889834523200989, 0.06717751920223236], "cam_t_m2c": [-179.12921142578125, 99.01799774169922, 353.63818359375], "obj_id": 1}, {"cam_R_m2c": [0.9281673431396484, -0.3091696500778198, -0.20717021822929382, -0.05385484918951988, -0.6623846292495728, 0.7472257018089294, -0.3682458698749542, -0.6823933720588684, -0.6314540505409241], "cam_t_m2c": [-410.1305236816406, -58.54512023925781, 426.5031433105469], "obj_id": 3}, {"cam_R_m2c": [-0.39629602432250977, -0.1631578505039215, -0.9035091996192932, 0.8912632465362549, -0.3046548068523407, -0.3359094560146332, -0.2204521745443344, -0.9383841753005981, 0.2661501467227936], "cam_t_m2c": [-335.0301818847656, 136.6696014404297, 299.0520324707031], "obj_id": 1}, {"cam_R_m2c": [0.9203550815582275, 0.349751353263855, -0.17498719692230225, -0.37836623191833496, 0.683142900466919, -0.6246236562728882, -0.09892170876264572, 0.6410847902297974, 0.7610681653022766], "cam_t_m2c": [-321.5702209472656, 76.43580627441406, 211.99990844726562], "obj_id": 1}, {"cam_R_m2c": [0.5770519375801086, 0.558085024356842, -0.5962819457054138, -0.6528424620628357, -0.12348288297653198, -0.7473610639572144, -0.4907216727733612, 0.8205443620681763, 0.29308560490608215], "cam_t_m2c": [-451.7840270996094, 42.578556060791016, 447.52734375], "obj_id": 3}, {"cam_R_m2c": [0.5510708093643188, -0.8303440809249878, -0.08276278525590897, -0.5607981085777283, -0.44196566939353943, 0.7001227140426636, -0.6179210543632507, -0.33940398693084717, -0.7092097401618958], "cam_t_m2c": [-279.88787841796875, -188.1855010986328, 563.8713989257812], "obj_id": 3}, {"cam_R_m2c": [-0.45680567622184753, 0.7562825679779053, 0.4683643877506256, 0.8788555264472961, 0.4651443064212799, 0.10608343034982681, -0.137627974152565, 0.4600841701030731, -0.8771436810493469], "cam_t_m2c": [-527.2817993164062, -161.68682861328125, 586.8378295898438], "obj_id": 3}, {"cam_R_m2c": [-0.04162638261914253, 0.995779812335968, 0.08179165422916412, -0.849208652973175, -0.07839243859052658, 0.5222063064575195, 0.5264142751693726, -0.04772064834833145, 0.8488879203796387], "cam_t_m2c": [-408.0474548339844, 121.12507629394531, 216.6472930908203], "obj_id": 1}, {"cam_R_m2c": [-0.4554469883441925, 0.06799063086509705, 0.8876627683639526, 0.7924568057060242, 0.48532190918922424, 0.3694249391555786, -0.4056847393512726, 0.8716879487037659, -0.2749180197715759], "cam_t_m2c": [-531.2717895507812, 25.44740867614746, 536.0880737304688], "obj_id": 1}, {"cam_R_m2c": [0.47082391381263733, -0.8110356330871582, -0.3471972644329071, -0.3174545466899872, -0.5229319930076599, 0.7910528182983398, -0.8231326937675476, -0.2622271776199341, -0.5036757588386536], "cam_t_m2c": [-556.4166870117188, 30.47211265563965, 538.8361206054688], "obj_id": 3}, {"cam_R_m2c": [-0.04769842326641083, 0.40017661452293396, -0.9151958227157593, 0.893057107925415, 0.4274849593639374, 0.1403765082359314, 0.4474078416824341, -0.8106264472007751, -0.37777090072631836], "cam_t_m2c": [-334.4476013183594, -89.4151382446289, 453.9486999511719], "obj_id": 3}, {"cam_R_m2c": [0.2424740344285965, -0.9573178887367249, -0.1573173552751541, 0.5790804624557495, 0.2729170322418213, -0.7682331204414368, 0.778377890586853, 0.09517716616392136, 0.6205394268035889], "cam_t_m2c": [-178.0508270263672, 157.4701690673828, 580.791748046875], "obj_id": 3}, {"cam_R_m2c": [-0.26655763387680054, -0.07986222952604294, 0.9605047106742859, -0.9060367941856384, -0.3191050589084625, -0.27797403931617737, 0.3287014365196228, -0.9443485736846924, 0.012701623141765594], "cam_t_m2c": [-246.84561157226562, -36.3474006652832, 584.3692016601562], "obj_id": 3}, {"cam_R_m2c": [-0.9181767106056213, 0.04948222264647484, -0.3930684030056, -0.3301200270652771, -0.6440874934196472, 0.6900520920753479, -0.2190251648426056, 0.7633495926856995, 0.6077213883399963], "cam_t_m2c": [-453.1690673828125, 169.6903076171875, 291.41314697265625], "obj_id": 3}, {"cam_R_m2c": [0.2911338806152344, -0.9532604217529297, 0.0808427557349205, 0.8080520629882812, 0.29026126861572266, 0.5126404166221619, -0.5121454000473022, -0.08392182737588882, 0.8547889590263367], "cam_t_m2c": [-324.8019714355469, 75.23200988769531, 449.9450378417969], "obj_id": 3}, {"cam_R_m2c": [0.9764469265937805, 0.20465558767318726, -0.06831909716129303, 0.2155100554227829, -0.9403073191642761, 0.26339560747146606, -0.010335572063922882, -0.2719152867794037, -0.9622654914855957], "cam_t_m2c": [-387.4856872558594, 73.97014617919922, 195.5252227783203], "obj_id": 3}, {"cam_R_m2c": [0.2616940438747406, 0.618743896484375, -0.7407240867614746, -0.9470198750495911, 0.3126774728298187, -0.07339059561491013, 0.18619775772094727, 0.7206863164901733, 0.6677886247634888], "cam_t_m2c": [-433.3471984863281, 138.73690795898438, 555.013427734375], "obj_id": 1}, {"cam_R_m2c": [0.4316138029098511, 0.06324410438537598, -0.8998386263847351, 0.8350927233695984, -0.4051870107650757, 0.3720797896385193, -0.3410711884498596, -0.9120435118675232, -0.2276989370584488], "cam_t_m2c": [-535.78564453125, 89.48737335205078, 227.3535919189453], "obj_id": 3}, {"cam_R_m2c": [-0.4825340211391449, -0.643706202507019, 0.593972384929657, 0.8664801716804504, -0.44989314675331116, 0.21635206043720245, 0.12795694172382355, 0.6190624833106995, 0.7748474478721619], "cam_t_m2c": [-317.61187744140625, 81.34735870361328, 378.1949157714844], "obj_id": 1}, {"cam_R_m2c": [-0.1480112224817276, 0.07167073339223862, -0.9863852858543396, 0.5305373668670654, -0.835961639881134, -0.14035029709339142, -0.834639310836792, -0.5440877079963684, 0.08570772409439087], "cam_t_m2c": [-239.9157257080078, -27.03522491455078, 563.3814086914062], "obj_id": 3}, {"cam_R_m2c": [-0.32156267762184143, 0.3894382417201996, 0.8630961775779724, -0.816889762878418, 0.3468528687953949, -0.46085143089294434, -0.47884050011634827, -0.8532472252845764, 0.206593319773674], "cam_t_m2c": [-235.29031372070312, -48.05049133300781, 266.7381896972656], "obj_id": 3}, {"cam_R_m2c": [0.5991421341896057, -0.7937017679214478, 0.10519654303789139, 0.4869045317173004, 0.25690358877182007, -0.8348200917243958, 0.6355727314949036, 0.5513965487480164, 0.5403786897659302], "cam_t_m2c": [-272.7969665527344, -36.9771614074707, 244.03640747070312], "obj_id": 1}, {"cam_R_m2c": [0.9909100532531738, 0.12711621820926666, 0.044031232595443726, -0.06397371739149094, 0.15734218060970306, 0.9854698