{
  "0": [{"cam_R_m2c": [0.5547237992286682, -0.6219254732131958, -0.5527116656303406, 0.7183214426040649, 0.6931992173194885, -0.05906924977898598, 0.41987594962120056, -0.3642575144767761, 0.831276535987854], "cam_t_m2c": [153.45103454589844, -139.51402282714844, 472.5411682128906], "obj_id": 2}, {"cam_R_m2c": [-0.4299754500389099, 0.4526160955429077, 0.7811910510063171, -0.5771028995513916, 0.52762770652771, -0.623346745967865, -0.6943147778511047, -0.7188515663146973, 0.034339193254709244], "cam_t_m2c": [206.66064453125, -19.528364181518555, 191.43527221679688], "obj_id": 0}, {"cam_R_m2c": [0.5111018419265747, -0.2413388341665268, 0.8249427080154419, 0.5887432098388672, -0.6009652018547058, -0.5405756831169128, 0.6262238621711731, 0.7619686126708984, -0.16506776213645935], "cam_t_m2c": [139.34542846679688, -212.8439178466797, 462.264404296875], "obj_id": 0}, {"cam_R_m2c": [-0.7423404455184937, 0.20897945761680603, -0.6365987062454224, 0.19936636090278625, 0.9759742021560669, 0.08790592849254608, 0.6396744251251221, -0.061660245060920715, -0.7661685943603516], "cam_t_m2c": [71.57006072998047, -225.11065673828125, 625.8032836914062], "obj_id": 3}, {"cam_R_m2c": [0.7332572340965271, 0.6353794932365417, -0.24212953448295593, 0.619842529296875, -0.47823354601860046, 0.6221640110015869, 0.2795157730579376, -0.6062884330749512, -0.7445034384727478], "cam_t_m2c": [86.34548950195312, -84.04534912109375, 311.9372253417969], "obj_id": 0}, {"cam_R_m2c": [-0.08212583512067795, 0.8200439810752869, 0.5663771629333496, -0.8091415166854858, -0.38664543628692627, 0.44248753786087036, 0.5818464756011963, -0.4219396114349365, 0.6952853202819824], "cam_t_m2c": [194.05459594726562, -183.20437622070312, 496.66387939453125], "obj_id": 1}, {"cam_R_m2c": [0.4863637685775757, -0.3389658033847809, 0.8053275346755981, 0.6059035658836365, -0.5332408547401428, -0.5903684496879578, 0.6295483112335205, 0.7750846743583679, -0.0539683997631073], "cam_t_m2c": [-109.70726776123047, -152.57131958007812, 688.1884765625], "obj_id": 0}, {"cam_R_m2c": [0.1109594777226448, -0.36884671449661255, -0.9228435158729553, -0.5639973878860474, 0.7411944270133972, -0.36405739188194275, 0.8182878494262695, 0.5608769655227661, -0.12578605115413666], "cam_t_m2c": [136.22621154785156, -264.0208435058594, 622.68505859375], "obj_id": 3}, {"cam_R_m2c": [0.5813158750534058, 0.6551001071929932, -0.48261329531669617, 0.1954517811536789, -0.6881825923919678, -0.698715329170227, -0.7898546457290649, 0.31184670329093933, -0.5280919671058655], "cam_t_m2c": [37.95607376098633, -133.76028442382812, 412.5790100097656], "obj_id": 1}, {"cam_R_m2c": [-0.01562577299773693, -0.9998252987861633, -0.010250155813992023, 0.5135418176651001, -0.016821008175611496, 0.8578996062278748, -0.8579222559928894, 0.008141499944031239, 0.5137150287628174], "cam_t_m2c": [229.30555725097656, -183.63613891601562, 352.53485107421875], "obj_id": 3}, {"cam_R_m2c": [0.5547236800193787, 0.47221916913986206, 0.6850479245185852, 0.7183214426040649, -0.6872931122779846, -0.10790041089057922, 0.4198760688304901, 0.5519395470619202, -0.7204629182815552], "cam_t_m2c": [28.374900817871094, -68.65045166015625, 516.5538330078125], "obj_id": 2}, {"cam_R_m2c": [0.5547237992286682, 0.8169413805007935, -0.15775999426841736, 0.7183213829994202, -0.37453973293304443, 0.5862885117530823, 0.41987594962120056, -0.43855056166648865, -0.794592559337616], "cam_t_m2c": [65.00792694091797, -45.569759368896484, 428.66949462890625], "obj_id": 2}, {"cam_R_m2c": [0.44652441143989563, 0.26742520928382874, 0.8538733720779419, 0.7503389120101929, -0.631788432598114, -0.19451183080673218, 0.48744997382164, 0.7275486588478088, -0.4827684462070465], "cam_t_m2c": [-15.05102252960205, -48.80202865600586, 518.6862182617188], "obj_id": 1}, {"cam_R_m2c": [0.6170470714569092, -0.44551387429237366, 0.6486680507659912, -0.01664048619568348, 0.8167346119880676, 0.5767735242843628, -0.7867502570152283, -0.36669057607650757, 0.49655014276504517], "cam_t_m2c": [-35.15403747558594, -135.6731719970703, 585.8416137695312], "obj_id": 3}, {"cam_R_m2c": [-0.5530104637145996, 0.0776141807436943, 0.8295512199401855, 0.6719575524330139, -0.5471113324165344, 0.49914124608039856, 0.49259740114212036, 0.8334536552429199, 0.25040504336357117], "cam_t_m2c": [145.24388122558594, -159.54925537109375, 560.7637329101562], "obj_id": 1}, {"cam_R_m2c": [-0.4754965305328369, 0.5397711396217346, 0.6946582794189453, -0.6844286918640137, 0.26910606026649475, -0.6775981783866882, -0.5526847243309021, -0.7976396679878235, 0.24147586524486542], "cam_t_m2c": [17.540868759155273, -71.95075225830078, 389.7887878417969], "obj_id": 2}, {"cam_R_m2c": [0.6950325965881348, 0.48452988266944885, -0.5311878323554993, 0.6849075555801392, -0.22146038711071014, 0.6941590905189514, 0.2187037616968155, -0.8462777733802795, -0.48578035831451416], "cam_t_m2c": [20.129037857055664, -11.60571002960205, 275.49017333984375], "obj_id": 0}, {"cam_R_m2c": [-0.773754894733429, -0.5366469025611877, -0.3366207480430603, -0.6017722487449646, 0.4566389322280884, 0.6552488207817078, -0.19792310893535614, 0.7095710039138794, -0.6762658357620239], "cam_t_m2c": [-162.92666625976562, -111.73744201660156, 837.4702758789062], "obj_id": 0}, {"cam_R_m2c": [-0.2937876880168915, 0.9265030026435852, -0.23511913418769836, -0.8642568588256836, -0.3625492453575134, -0.348737895488739, -0.4083489775657654, 0.10074842721223831, 0.9072490930557251], "cam_t_m2c": [179.7445831298828, -303.114990234375, 573.3839111328125], "obj_id": 2}, {"cam_R_m2c": [0.37200865149497986, -0.7093738317489624, -0.5986638069152832, 0.8835474848747253, 0.46830475330352783, -0.005872818641364574, 0.2845231294631958, -0.5267631411552429, 0.8009788990020752], "cam_t_m2c": [-65.35918426513672, -59.34154510498047, 601.75537109375], "obj_id": 2}, {"cam_R_m2c": [0.7682690024375916, -0.49565592408180237, 0.40507766604423523, 0.4013327658176422, -0.12002807855606079, -0.9080336689949036, 0.4986930191516876, 0.8601850271224976, 0.10670913755893707], "cam_t_m2c": [64.77367401123047, -42.186405181884766, 335.9404296875], "obj_id": 1}, {"cam_R_m2c": [-0.6965762972831726, -0.31455767154693604, 0.6448525786399841, -0.4507940113544464, 0.8910958170890808, -0.05227774381637573, -0.5581810474395752, -0.3271111249923706, -0.762516975402832], "cam_t_m2c": [114.35490417480469, -202.95140075683594, 627.1852416992188], "obj_id": 0}, {"cam_R_m2c": [-0.5579971075057983, -0.2744794189929962, 0.7831346392631531, 0.6955080628395081, 0.3600959777832031, 0.6217710971832275, -0.4526669979095459, 0.8916231393814087, -0.010029745288193226], "cam_t_m2c": [284.6141052246094, -355.93646240234375, 532.1817016601562], "obj_id": 3}, {"cam_R_m2c": [-0.09362924844026566, -0.1569129079580307, 0.9831641912460327, 0.5553244948387146, 0.8113885521888733, 0.1823825091123581, -0.8263462781906128, 0.5630515217781067, 0.011167889460921288], "cam_t_m2c": [183.15863037109375, -362.0284729003906, 673.2114868164062], "obj_id": 3}, {"cam_R_m2c": [0.8301680684089661, 0.07297658920288086, 0.5527163743972778, -0.5116154551506042, 0.4936353266239166, 0.7032594084739685, -0.2215188592672348, -0.8666017651557922, 0.4471362233161926], "cam_t_m2c": [-102.03485107421875, -70.9667739868164, 568.9332275390625], "obj_id": 3}, {"cam_R_m2c": [0.5163215398788452, -0.7015117406845093, 0.4912162125110626, 0.2607687711715698, 0.6751328110694885, 0.6900690793991089, -0.8157277703285217, -0.2282036691904068, 0.5315179824829102], "cam_t_m2c": [-106.22282409667969, 27.854087829589844, 567.401611328125], "obj_id": 1}, {"cam_R_m2c": [-0.5685877203941345, 0.05374477431178093, -0.8208651542663574, -0.816272497177124, -0.1606094092130661, 0.5548909306526184, -0.1020161435008049, 0.9855537414550781, 0.13519085943698883], "cam_t_m2c": [77.64290618896484, -69.77727508544922, 447.85400390625], "obj_id": 0}, {"cam_R_m2c": [-0.3180098235607147, 0.6022956371307373, 0.7321951389312744, 0.24270440638065338, -0.6948360204696655, 0.67697674036026, 0.916495680809021, 0.3929922580718994, 0.07478487491607666], "cam_t_m2c": [-10.798240661621094, -50.93389892578125, 581.10205078125], "obj_id": 1}, {"cam_R_m2c": [0.012036729604005814, 0.21493062376976013, -0.9765551686286926, -0.9722439050674438, -0.22569918632507324, -0.06165786460042, -0.23365986347198486, 0.9501919150352478, 0.20624831318855286], "cam_t_m2c": [-307.37261962890625, -116.29444122314453, 764.5115356445312], "obj_id": 2}, {"cam_R_m2c": [-0.9050990343093872, -0.3298778235912323, -0.268283873796463, -0.18041303753852844, -0.2734057605266571, 0.9448282122612, -0.38502827286720276, 0.9035650491714478, 0.18794508278369904], "cam_t_m2c": [-130.79295349121094, 54.07777786254883, 460.0892639160156], "obj_id": 1}, {"cam_R_m2c": [-0.8396936655044556, -0.23693613708019257, 0.4886466860771179, -0.44406020641326904, 0.8175363540649414, -0.36666712164878845, -0.3126097321510315, -0.5248766541481018, -0.7916939854621887], "cam_t_m2c": [78.40238952636719, -70.86595153808594, 308.44677734375], "obj_id": 2}, {"cam_R_m2c": [0.49747246503829956, 0.5246571898460388, -0.6908370852470398, 0.7196519374847412, 0.19507154822349548, 0.6663693189620972, 0.4843780994415283, -0.828662633895874, -0.28052785992622375], "cam_t_m2c": [-45.539581298828125, -17.357248306274414, 468.4847412109375], "obj_id": 2}, {"cam_R_m2c": [0.8544524908065796, 0.48540282249450684, 0.1851891279220581, 0.39123067259788513, -0.8357127904891968, 0.38538631796836853, 0.34183254837989807, -0.25684264302253723, -0.9039813876152039], "cam_t_m2c": [-65.05440521240234, -80.73289489746094, 613.9114990234375], "obj_id": 2}, {"cam_R_m2c": [0.9528763294219971, 0.2881453037261963, 0.09486311674118042, 0.13688629865646362, -0.6874708533287048, 0.7131940722465515, 0.27071917057037354, -0.666600227355957, -0.6945177912712097], "cam_t_m2c": [-195.25914001464844, 90.5918960571289, 385.214111328125], "obj_id": 0}, {"cam_R_m2c": [-0.6115598678588867, -0.7613779306411743, -0.21516956388950348, -0.6026862859725952, 0.27209654450416565, 0.7501550912857056, -0.5126046538352966, 0.5884445905685425, -0.6252753138542175], "cam_t_m2c": [-211.16664123535156, 15.68298053741455, 533.561767578125], "obj_id": 1}, {"cam_R_m2c": [-0.3392556607723236, 0.5806348323822021, 0.7401139140129089, -0.7779006361961365, 0.2692277431488037, -0.567791223526001, -0.5289385318756104, -0.7683615684509277, 0.3603392541408539], "cam_t_m2c": [271.70928955078125, -236.26332092285156, 464.0268859863281], "obj_id": 2}, {"cam_R_m2c": [0.08830273151397705, -0.6815446615219116, 0.7264292240142822, 0.6732036471366882, -0.49667736887931824, -0.5478214621543884, 0.7341657876968384, 0.5374088883399963, 0.41496044397354126], "cam_t_m2c": [136.5116424560547, -268.4849853515625, 653.1691284179688], "obj_id": 0}, {"cam_R_m2c": [-0.4692312180995941, -0.060892920941114426, -0.8809732794761658, -0.882826566696167, 0.00867170188575983, 0.4696189761161804, -0.02095697820186615, 0.9981065988540649, -0.05782685428857803], "cam_t_m2c": [-107.17078399658203, -58.668785095214844, 512.2506713867188], "obj_id": 1}, {"cam_R_m2c": [-0.46799686551094055, 0.588062584400177, 0.6596675515174866, 0.6986514925956726, -0.21090877056121826, 0.6836690902709961, 0.5411699414253235, 0.7808327674865723, -0.3121461272239685], "cam_t_m2c": [135.04925537109375, -203.47244262695312, 476.9668273925781], "obj_id": 3}, {"cam_R_m2c": [-0.7632216811180115, 0.3130134642124176, -0.5652564764022827, -0.46574026346206665, -0.8728789687156677, 0.1454918384552002, -0.4478597044944763, 0.37430527806282043, 0.8119834661483765], "cam_t_m2c": [55.16523361206055, -112.00626373291016, 408.60772705078125], "obj_id": 2}, {"cam_R_m2c": [-0.7481176853179932, -0.4628729522228241, -0.4754665195941925, -0.644171416759491, 0.33463022112846375, 0.6877977252006531, -0.15925751626491547, 0.8208356499671936, -0.5485122799873352], "cam_t_m2c": [66.21453857421875, -47.55776596069336, 424.93994140625], "obj_id": 0}, {"cam_R_m2c": [0.47176042199134827, -0.11860479414463043, -0.8737132549285889, -0.6872217655181885, 0.5713672041893005, -0.44862642884254456, 0.5524203181266785, 0.8120790123939514, 0.18804065883159637], "cam_t_m2c": [-112.4725570678711, -73.47628784179688, 617.3707885742188], "obj_id": 3}],
  "1": [{"cam_R_m2c": [0.5547237992286682, -0.6219254732131958, -0.5527116656303406, 0.7183214426040649, 0.6931992173194885, -0.05906924977898598, 0.41987594962120056, -0.3642575144767761, 0.831276535987854], "cam_t_m2c": [153.45103454589844, -139.51402282714844, 472.5411682128906], "obj_id": 2}, {"cam_R_m2c": [-0.4299754500389099, 0.4526160955429077, 0.7811910510063171, -0.5771028995513916, 0.52762770652771, -0.623346745967865, -0.6943147778511047, -0.7188515663146973, 0.034339193254709244], "cam_t_m2c": [206.66064453125, -19.528364181518555, 191.43527221679688], "obj_id": 0}, {"cam_R_m2c": [0.5111018419265747, -0.2413388341665268, 0.8249427080154419, 0.5887432098388672, -0.6009652018547058, -0.5405756831169128, 0.6262238621711731, 0.7619686126708984, -0.16506776213645935], "cam_t_m2c": [139.34542846679688, -212.8439178466797, 462.264404296875], "obj_id": 0}, {"cam_R_m2c": [-0.7423404455184937, 0.20897945761680603, -0.6365987062454224, 0.19936636090278625, 0.9759742021560669, 0.08790592849254608, 0.6396744251251221, -0.061660245060920715, -0.7661685943603516], "cam_t_m2c": [71.57006072998047, -225.11065673828125, 625.8032836914062], "obj_id": 3}, {"cam_R_m2c": [0.7332572340965271, 0.6353794932365417, -0.24212953448295593, 0.619842529296875, -0.47823354601860046, 0.6221640110015869, 0.2795157730579376, -0.6062884330749512, -0.7445034384727478], "cam_t_m2c": [86.34548950195312, -84.04534912109375, 311.9372253417969], "obj_id": 0}, {"cam_R_m2c": [-0.08212583512067795, 0.8200439810752869, 0.5663771629333496, -0.8091415166854858, -0.38664543628692627, 0.44248753786087036, 0.5818464756011963, -0.4219396114349365, 0.6952853202819824], "cam_t_m2c": [194.05459594726562, -183.20437622070312, 496.66387939453125], "obj_id": 1}, {"cam_R_m2c": [0.4863637685775757, -0.3389658033847809, 0.8053275346755981, 0.6059035658836365, -0.5332408547401428, -0.5903684496879578, 0.6295483112335205, 0.7750846743583679, -0.0539683997631073], "cam_t_m2c": [-109.70726776123047, -152.57131958007812, 688.1884765625], "obj_id": 0}, {"cam_R_m2c": [0.1109594777226448, -0.36884671449661255, -0.9228435158729553, -0.5639973878860474, 0.7411944270133972, -0.36405739188194275, 0.8182878494262695, 0.5608769655227661, -0.12578605115413666], "cam_t_m2c": [136.22621154785156, -264.0208435058594, 622.68505859375], "obj_id": 3}, {"cam_R_m2c": [0.5813158750534058, 0.6551001071929932, -0.48261329531669617, 0.1954517811536789, -0.6881825923919678, -0.698715329170227, -0.7898546457290649, 0.31184670329093933, -0.5280919671058655], "cam_t_m2c": [37.95607376098633, -133.76028442382812, 412.5790100097656], "obj_id": 1}, {"cam_R_m2c": [-0.01562577299773693, -0.9998252987861633, -0.010250155813992023, 0.5135418176651001, -0.016821008175611496, 0.8578996062278748, -0.8579222559928894, 0.008141499944031239, 0.5137150287628174], "cam_t_m2c": [229.30555725097656, -183.63613891601562, 352.53485107421875], "obj_id": 3}, {"cam_R_m2c": [0.5547236800193787, 0.47221916913986206, 0.6850479245185852, 0.7183214426040649, -0.6872931122779846, -0.10790041089057922, 0.4198760688304901, 0.5519395470619202, -0.7204629182815552], "cam_t_m2c": [28.374900817871094, -68.65045166015625, 516.5538330078125], "obj_id": 2}, {"cam_R_m2c": [0.5547237992286682, 0.8169413805007935, -0.15775999426841736, 0.7183213829994202, -0.37453973293304443, 0.5862885117530823, 0.41987594962120056, -0.43855056166648865, -0.794592559337616], "cam_t_m2c": [65.00792694091797, -45.569759368896484, 428.66949462890625], "obj_id": 2}, {"cam_R_m2c": [0.44652441143989563, 0.26742520928382874, 0.8538733720779419, 0.7503389120101929, -0.631788432598114, -0.19451183080673218, 0.48744997382164, 0.7275486588478088, -0.4827684462070465], "cam_t_m2c": [-15.05102252960205, -48.80202865600586, 518.6862182617188], "obj_id": 1}, {"cam_R_m2c": [0.6170470714569092, -0.44551387429237366, 0.6486680507659912, -0.01664048619568348, 0.8167346119880676, 0.5767735242843628, -0.7867502570152283, -0.36669057607650757, 0.49655014276504517], "cam_t_m2c": [-35.15403747558594, -135.6731719970703, 585.8416137695312], "obj_id": 3}, {"cam_R_m2c": [-0.5530104637145996, 0.0776141807436943, 0.8295512199401855, 0.6719575524330139, -0.5471113324165344, 0.49914124608039856, 0.49259740114212036, 0.8334536552429199, 0.25040504336357117], "cam_t_m2c": [145.24388122558594, -159.54925537109375, 560.7637329101562], "obj_id": 1}, {"cam_R_m2c": [-0.4754965305328369, 0.5397711396217346, 0.6946582794189453, -0.6844286918640137, 0.26910606026649475, -0.6775981783866882, -0.5526847243309021, -0.7976396679878235, 0.24147586524486542], "cam_t_m2c": [17.540868759155273, -71.95075225830078, 389.7887878417969], "obj_id": 2}, {"cam_R_m2c": [0.6950325965881348, 0.48452988266944885, -0.5311878323554993, 0.6849075555801392, -0.22146038711071014, 0.6941590905189514, 0.2187037616968155, -0.8462777733802795, -0.48578035831451416], "cam_t_m2c": [20.129037857055664, -11.60571002960205, 275.49017333984375], "obj_id": 0}, {"cam_R_m2c": [-0.773754894733429, -0.5366469025611877, -0.3366207480430603, -0.6017722487449646, 0.4566389322280884, 0.6552488207817078, -0.19792310893535614, 0.7095710039138794, -0.6762658357620239], "cam_t_m2c": [-162.92666625976562, -111.73744201660156, 837.4702758789062], "obj_id": 0}, {"cam_R_m2c": [-0.2937876880168915, 0.9265030026435852, -0.23511913418769836, -0.8642568588256836, -0.3625492453575134, -0.348737895488739, -0.4083489775657654, 0.10074842721223831, 0.9072490930557251], "cam_t_m2c": [179.7445831298828, -303.114990234375, 573.3839111328125], "obj_id": 2}, {"cam_R_m2c": [0.37200865149497986, -0.7093738317489624, -0.5986638069152832, 0.8835474848747253, 0.46830475330352783, -0.005872818641364574, 0.2845231294631958, -0.5267631411552429, 0.8009788990020752], "cam_t_m2c": [-65.35918426513672, -59.34154510498047, 601.75537109375], "obj_id": 2}, {"cam_R_m2c": [0.7682690024375916, -0.49565592408180237, 0.40507766604423523, 0.4013327658176422, -0.12002807855606079, -0.9080336689949036, 0.4986930191516876, 0.8601850271224976, 0.10670913755893707], "cam_t_m2c": [64.77367401123047, -42.186405181884766, 335.9404296875], "obj_id": 1}, {"cam_R_m2c": [-0.6965762972831726, -0.31455767154693604, 0.6448525786399841, -0.4507940113544464, 0.8910958170890808, -0.05227774381637573, -0.5581810474395752, -0.3271111249923706, -0.762516975402832], "cam_t_m2c": [114.35490417480469, -202.95140075683594, 627.1852416992188], "obj_id": 0}, {"cam_R_m2c": [-0.5579971075057983, -0.2744794189929962, 0.7831346392631531, 0.6955080628395081, 0.3600959777832031, 0.6217710971832275, -0.4526669979095459, 0.8916231393814087, -0.010029745288193226], "cam_t_m2c": [284.6141052246094, -355.93646240234375, 532.1817016601562], "obj_id": 3}, {"cam_R_m2c": [-0.09362924844026566, -0.1569129079580307, 0.9831641912460327, 0.5553244948387146, 0.8113885521888733, 0.1823825091123581, -0.8263462781906128, 0.5630515217781067, 0.011167889460921288], "cam_t_m2c": [183.15863037109375, -362.0284729003906, 673.2114868164062], "obj_id": 3}, {"cam_R_m2c": [0.8301680684089661, 0.07297658920288086, 0.5527163743972778, -0.5116154551506042, 0.4936353266239166, 0.7032594084739685, -0.2215188592672348, -0.8666017651557922, 0.4471362233161926], "cam_t_m2c": [-102.03485107421875, -70.9667739868164, 568.9332275390625], "obj_id": 3}, {"cam_R_m2c": [0.5163215398788452, -0.7015117406845093, 0.4912162125110626, 0.2607687711715698, 0.6751328110694885, 0.6900690793991089, -0.8157277703285217, -0.2282036691904068, 0.5315179824829102], "cam_t_m2c": [-106.22282409667969, 27.854087829589844, 567.401611328125], "obj_id": 1}, {"cam_R_m2c": [-0.5685877203941345, 0.05374477431178093, -0.8208651542663574, -0.816272497177124, -0.1606094092130661, 0.5548909306526184, -0.1020161435008049, 0.9855537414550781, 0.13519085943698883], "cam_t_m2c": [77.64290618896484, -69.77727508544922, 447.85400390625], "obj_id": 0}, {"cam_R_m2c": [-0.3180098235607147, 0.6022956371307373, 0.7321951389312744, 0.24270440638065338, -0.6948360204696655, 0.67697674036026, 0.916495680809021, 0.3929922580718994, 0.07478487491607666], "cam_t_m2c": [-10.798240661621094, -50.93389892578125, 581.10205078125], "obj_id": 1}, {"cam_R_m2c": [0.012036729604005814, 0.21493062376976013, -0.9765551686286926, -0.9722439050674438, -0.22569918632507324, -0.06165786460042, -0.23365986347198486, 0.9501919150352478, 0.20624831318855286], "cam_t_m2c": [-307.37261962890625, -116.29444122314453, 764.5115356445312], "obj_id": 2}, {"cam_R_m2c": [-0.9050990343093872, -0.3298778235912323, -0.268283873796463, -0.18041303753852844, -0.2734057605266571, 0.9448282122612, -0.38502827286720276, 0.9035650491714478, 0.18794508278369904], "cam_t_m2c": [-130.79295349121094, 54.07777786254883, 460.0892639160156], "obj_id": 1}, {"cam_R_m2c": [-0.8396936655044556, -0.23693613708019257, 0.4886466860771179, -0.44406020641326904, 0.8175363540649414, -0.36666712164878845, -0.3126097321510315, -0.5248766541481018, -0.7916939854621887], "cam_t_m2c": [78.40238952636719, -70.86595153808594, 308.44677734375], "obj_id": 2}, {"cam_R_m2c": [0.49747246503829956, 0.5246571898460388, -0.6908370852470398, 0.7196519374847412, 0.19507154822349548, 0.6663693189620972, 0.4843780994415283, -0.828662633895874, -0.28052785992622375], "cam_t_m2c": [-45.539581298828125, -17.357248306274414, 468.4847412109375], "obj_id": 2}, {"cam_R_m2c": [0.8544524908065796, 0.48540282249450684, 0.1851891279220581, 0.39123067259788513, -0.8357127904891968, 0.38538631796836853, 0.34183254837989807, -0.25684264302253723, -0.9039813876152039], "cam_t_m2c": [-65.05440521240234, -80.73289489746094, 613.9114990234375], "obj_id": 2}, {"cam_R_m2c": [0.9528763294219971, 0.2881453037261963, 0.09486311674118042, 0.13688629865646362, -0.6874708533287048, 0.7131940722465515, 0.27071917057037354, -0.666600227355957, -0.6945177912712097], "cam_t_m2c": [-195.25914001464844, 90.5918960571289, 385.214111328125], "obj_id": 0}, {"cam_R_m2c": [-0.6115598678588867, -0.7613779306411743, -0.21516956388950348, -0.6026862859725952, 0.27209654450416565, 0.7501550912857056, -0.5126046538352966, 0.5884445905685425, -0.6252753138542175], "cam_t_m2c": [-211.16664123535156, 15.68298053741455, 533.561767578125], "obj_id": 1}, {"cam_R_m2c": [-0.3392556607723236, 0.5806348323822021, 0.7401139140129089, -0.7779006361961365, 0.2692277431488037, -0.567791223526001, -0.5289385318756104, -0.7683615684509277, 0.3603392541408539], "cam_t_m2c": [271.70928955078125, -236.26332092285156, 464.0268859863281], "obj_id": 2}, {"cam_R_m2c": [0.08830273151397705, -0.6815446615219116, 0.7264292240142822, 0.6732036471366882, -0.49667736887931824, -0.5478214621543884, 0.7341657876968384, 0.5374088883399963, 0.41496044397354126], "cam_t_m2c": [136.5116424560547, -268.4849853515625, 653.1691284179688], "obj_id": 0}, {"cam_R_m2c": [-0.4692312180995941, -0.060892920941114426, -0.8809732794761658, -0.882826566696167, 0.00867170188575983, 0.4696189761161804, -0.02095697820186615, 0.9981065988540649, -0.05782685428857803], "cam_t_m2c": [-107.17078399658203, -58.668785095214844, 512.2506713867188], "obj_id": 1}, {"cam_R_m2c": [-0.46799686551094055, 0.588062584400177, 0.6596675515174866, 0.6986514925956726, -0.21090877056121826, 0.6836690902709961, 0.5411699414253235, 0.7808327674865723, -0.3121461272239685], "cam_t_m2c": [135.04925537109375, -203.47244262695312, 476.9668273925781], "obj_id": 3}, {"cam_R_m2c": [-0.7632216811180115, 0.3130134642124176, -0.5652564764022827, -0.46574026346206665, -0.8728789687156677, 0.1454918384552002, -0.4478597044944763, 0.37430527806282043, 0.8119834661483765], "cam_t_m2c": [55.16523361206055, -112.00626373291016, 408.60772705078125], "obj_id": 2}, {"cam_R_m2c": [-0.7481176853179932, -0.4628729522228241, -0.4754665195941925, -0.644171416759491, 0.33463022112846375, 0.6877977252006531, -0.15925751626491547, 0.8208356499671936, -0.5485122799873352], "cam_t_m2c": [66.21453857421875, -47.55776596069336, 424.93994140625], "obj_id": 0}, {"cam_R_m2c": [0.47176042199134827, -0.11860479414463043, -0.8737132549285889, -0.6872217655181885, 0.5713672041893005, -0.44862642884254456, 0.5524203181266785, 0.8120790123939514, 0.18804065883159637], "cam_t_m2c": [-112.4725570678711, -73.47628784179688, 617.3707885742188], "obj_id": 3}],
  "2": [{"cam_R_m2c": [0.5547237992286682, -0.6219254732131958, -0.5527116656303406, 0.7183214426040649, 0.6931992173194885, -0.05906924977898598, 0.41987594962120056, -0.3642575144767761, 0.831276535987854], "cam_t_m2c": [153.45103454589844, -139.51402282714844, 472.5411682128906], "obj_id": 2}, {"cam_R_m2c": [-0.4299754500389099, 0.4526160955429077, 0.7811910510063171, -0.5771028995513916, 0.52762770652771, -0.623346745967865, -0.6943147778511047, -0.7188515663146973, 0.034339193254709244], "cam_t_m2c": [206.66064453125, -19.528364181518555, 191.43527221679688], "obj_id": 0}, {"cam_R_m2c": [0.5111018419265747, -0.2413388341665268, 0.8249427080154419, 0.5887432098388672, -0.6009652018547058, -0.5405756831169128, 0.6262238621711731, 0.7619686126708984, -0.16506776213645935], "cam_t_m2c": [139.34542846679688, -212.8439178466797, 462.264404296875], "obj_id": 0}, {"cam_R_m2c": [-0.7423404455184937, 0.20897945761680603, -0.6365987062454224, 0.19936636090278625, 0.9759742021560669, 0.08790592849254608, 0.6396744251251221, -0.061660245060920715, -0.7661685943603516], "cam_t_m2c": [71.57006072998047, -225.11065673828125, 625.8032836914062], "obj_id": 3}, {"cam_R_m2c": [0.7332572340965271, 0.6353794932365417, -0.24212953448295593, 0.619842529296875, -0.47823354601860046, 0.6221640110015869, 0.2795157730579376, -0.6062884330749512, -0.7445034384727478], "cam_t_m2c": [86.34548950195312, -84.04534912109375, 311.9372253417969], "obj_id": 0}, {"cam_R_m2c": [-0.08212583512067795, 0.8200439810752869, 0.5663771629333496, -0.8091415166854858, -0.38664543628692627, 0.44248753786087036, 0.5818464756011963, -0.4219396114349365, 0.6952853202819824], "cam_t_m2c": [194.05459594726562, -183.20437622070312, 496.66387939453125], "obj_id": 1}, {"cam_R_m2c": [0.4863637685775757, -0.3389658033847809, 0.8053275346755981, 0.6059035658836365, -0.5332408547401428, -0.5903684496879578, 0.6295483112335205, 0.7750846743583679, -0.0539683997631073], "cam_t_m2c": [-109.70726776123047, -152.57131958007812, 688.1884765625], "obj_id": 0}, {"cam_R_m2c": [0.1109594777226448, -0.36884671449661255, -0.9228435158729553, -0.5639973878860474, 0.7411944270133972, -0.36405739188194275, 0.8182878494262695, 0.5608769655227661, -0.12578605115413666], "cam_t_m2c": [136.22621154785156, -264.0208435058594, 622.68505859375], "obj_id": 3}, {"cam_R_m2c": [0.5813158750534058, 0.6551001071929932, -0.48261329531669617, 0.1954517811536789, -0.6881825923919678, -0.698715329170227, -0.7898546457290649, 0.31184670329093933, -0.5280919671058655], "cam_t_m2c": [37.95607376098633, -133.76028442382812, 412.5790100097656], "obj_id": 1}, {"cam_R_m2c": [-0.01562577299773693, -0.9998252987861633, -0.010250155813992023, 0.5135418176651001, -0.016821008175611496, 0.8578996062278748, -0.8579222559928894, 0.008141499944031239, 0.5137150287628174], "cam_t_m2c": [229.30555725097656, -183.63613891601562, 352.53485107421875], "obj_id": 3}, {"cam_R_m2c": [0.5547236800193787, 0.47221916913986206, 0.6850479245185852, 0.7183214426040649, -0.6872931122779846, -0.10790041089057922, 0.4198760688304901, 0.5519395470619202, -0.7204629182815552], "cam_t_m2c": [28.374900817871094, -68.65045166015625, 516.5538330078125], "obj_id": 2}, {"cam_R_m2c": [0.5547237992286682, 0.8169413805007935, -0.15775999426841736, 0.7183213829994202, -0.37453973293304443, 0.5862885117530823, 0.41987594962120056, -0.43855056166648865, -0.794592559337616], "cam_t_m2c": [65.00792694091797, -45.569759368896484, 428.66949462890625], "obj_id": 2}, {"cam_R_m2c": [0.44652441143989563, 0.26742520928382874, 0.8538733720779419, 0.7503389120101929, -0.631788432598114, -0.19451183080673218, 0.48744997382164, 0.7275486588478088, -0.4827684462070465], "cam_t_m2c": [-15.05102252960205, -48.80202865600586, 518.6862182617188], "obj_id": 1}, {"cam_R_m2c": [0.6170470714569092, -0.44551387429237366, 0.6486680507659912, -0.01664048619568348, 0.8167346119880676, 0.5767735242843628, -0.7867502570152283, -0.36669057607650757, 0.49655014276504517], "cam_t_m2c": [-35.15403747558594, -135.6731719970703, 585.8416137695312], "obj_id": 3}, {"cam_R_m2c": [-0.5530104637145996, 0.0776141807436943, 0.8295512199401855, 0.6719575524330139, -0.5471113324165344, 0.49914124608039856, 0.49259740114212036, 0.8334536552429199, 0.25040504336357117], "cam_t_m2c": [145.24388122558594, -159.54925537109375, 560.7637329101562], "obj_id": 1}, {"cam_R_m2c": [-0.4754965305328369, 0.5397711396217346, 0.6946582794189453, -0.6844286918640137, 0.26910606026649475, -0.6775981783866882, -0.5526847243309021, -0.7976396679878235, 0.24147586524486542], "cam_t_m2c": [17.540868759155273, -71.95075225830078, 389.7887878417969], "obj_id": 2}, {"cam_R_m2c": [0.6950325965881348, 0.48452988266944885, -0.5311878323554993, 0.6849075555801392, -0.22146038711071014, 0.6941590905189514, 0.2187037616968155, -0.8462777733802795, -0.48578035831451416], "cam_t_m2c": [20.129037857055664, -11.60571002960205, 275.49017333984375], "obj_id": 0}, {"cam_R_m2c": [-0.773754894733429, -0.5366469025611877, -0.3366207480430603, -0.6017722487449646, 0.4566389322280884, 0.6552488207817078, -0.19792310893535614, 0.7095710039138794, -0.6762658357620239], "cam_t_m2c": [-162.92666625976562, -111.73744201660156, 837.4702758789062], "obj_id": 0}, {"cam_R_m2c": [-0.2937876880168915, 0.9265030026435852, -0.23511913418769836, -0.8642568588256836, -0.3625492453575134, -0.348737895488739, -0.4083489775657654, 0.10074842721223831, 0.9072490930557251], "cam_t_m2c": [179.7445831298828, -303.114990234375, 573.3839111328125], "obj_id": 2}, {"cam_R_m2c": [0.37200865149497986, -0.7093738317489624, -0.5986638069152832, 0.8835474848747253, 0.46830475330352783, -0.005872818641364574, 0.2845231294631958, -0.5267631411552429, 0.8009788990020752], "cam_t_m2c": [-65.35918426513672, -59.34154510498047, 601.75537109375], "obj_id": 2}, {"cam_R_m2c": [0.7682690024375916, -0.49565592408180237, 0.40507766604423523, 0.4013327658176422, -0.12002807855606079, -0.9080336689949036, 0.4986930191516876, 0.8601850271224976, 0.10670913755893707], "cam_t_m2c": [64.77367401123047, -42.186405181884766, 335.9404296875], "obj_id": 1}, {"cam_R_m2c": [-0.6965762972831726, -0.31455767154693604, 0.6448525786399841, -0.4507940113544464, 0.8910958170890808, -0.05227774381637573, -0.5581810474395752, -0.3271111249923706, -0.762516975402832], "cam_t_m2c": [114.35490417480469, -202.95140075683594, 627.1852416992188], "obj_id": 0}, {"cam_R_m2c": [-0.5579971075057983, -0.2744794189929962, 0.7831346392631531, 0.6955080628395081, 0.3600959777832031, 0.6217710971832275, -0.4526669979095459, 0.8916231393814087, -0.010029745288193226], "cam_t_m2c": [284.6141052246094, -355.93646240234375, 532.1817016601562], "obj_id": 3}, {"cam_R_m2c": [-0.09362924844026566, -0.1569129079580307, 0.9831641912460327, 0.5553244948387146, 0.8113885521888733, 0.1823825091123581, -0.8263462781906128, 0.5630515217781067, 0.011167889460921288], "cam_t_m2c": [183.15863037109375, -362.0284729003906, 673.2114868164062], "obj_id": 3}, {"cam_R_m2c": [0.8301680684089661, 0.07297658920288086, 0.5527163743972778, -0.5116154551506042, 0.4936353266239166, 0.7032594084739685, -0.2215188592672348, -0.8666017651557922, 0.4471362233161926], "cam_t_m2c": [-102.03485107421875, -70.9667739868164, 568.9332275390625], "obj_id": 3}, {"cam_R_m2c": [0.5163215398788452, -0.7015117406845093, 0.4912162125110626, 0.2607687711715698, 0.6751328110694885, 0.6900690793991089, -0.8157277703285217, -0.2282036691904068, 0.5315179824829102], "cam_t_m2c": [-106.22282409667969, 27.854087829589844, 567.401611328125], "obj_id": 1}, {"cam_R_m2c": [-0.5685877203941345, 0.05374477431178093, -0.8208651542663574, -0.816272497177124, -0.1606094092130661, 0.5548909306526184, -0.1020161435008049, 0.9855537414550781, 0.13519085943698883], "cam_t_m2c": [77.64290618896484, -69.77727508544922, 447.85400390625], "obj_id": 0}, {"cam_R_m2c": [-0.3180098235607147, 0.6022956371307373, 0.7321951389312744, 0.24270440638065338, -0.6948360204696655, 0.67697674036026, 0.916495680809021, 0.3929922580718994, 0.07478487491607666], "cam_t_m2c": [-10.798240661621094, -50.93389892578125, 581.10205078125], "obj_id": 1}, {"cam_R_m2c": [0.012036729604005814, 0.21493062376976013, -0.9765551686286926, -0.9722439050674438, -0.22569918632507324, -0.06165786460042, -0.23365986347198486, 0.9501919150352478, 0.20624831318855286], "cam_t_m2c": [-307.37261962890625, -116.29444122314453, 764.5115356445312], "obj_id": 2}, {"cam_R_m2c": [-0.9050990343093872, -0.3298778235912323, -0.268283873796463, -0.18041303753852844, -0.2734057605266571, 0.9448282122612, -0.38502827286720276, 0.9035650491714478, 0.18794508278369904], "cam_t_m2c": [-130.79295349121094, 54.07777786254883, 460.0892639160156], "obj_id": 1}, {"cam_R_m2c": [-0.8396936655044556, -0.23693613708019257, 0.4886466860771179, -0.44406020641326904, 0.8175363540649414, -0.36666712164878845, -0.3126097321510315, -0.5248766541481018, -0.7916939854621887], "cam_t_m2c": [78.40238952636719, -70.86595153808594, 308.44677734375], "obj_id": 2}, {"cam_R_m2c": [0.49747246503829956, 0.5246571898460388, -0.6908370852470398, 0.7196519374847412, 0.19507154822349548, 0.6663693189620972, 0.4843780994415283, -0.828662633895874, -0.28052785992622375], "cam_t_m2c": [-45.539581298828125, -17.357248306274414, 468.4847412109375], "obj_id": 2}, {"cam_R_m2c": [0.8544524908065796, 0.48540282249450684, 0.1851891279220581, 0.39123067259788513, -0.8357127904891968, 0.38538631796836853, 0.34183254837989807, -0.25684264302253723, -0.9039813876152039], "cam_t_m2c": [-65.05440521240234, -80.73289489746094, 613.9114990234375], "obj_id": 2}, {"cam_R_m2c": [0.9528763294219971, 0.2881453037261963, 0.09486311674118042, 0.13688629865646362, -0.6874708533287048, 0.7131940722465515, 0.27071917057037354, -0.666600227355957, -0.6945177912712097], "cam_t_m2c": [-195.25914001464844, 90.5918960571289, 385.214111328125], "obj_id": 0}, {"cam_R_m2c": [-0.6115598678588867, -0.7613779306411743, -0.21516956388950348, -0.6026862859725952, 0.27209654450416565, 0.7501550912857056, -0.5126046538352966, 0.5884445905685425, -0.6252753138542175], "cam_t_m2c": [-211.16664123535156, 15.68298053741455, 533.561767578125], "obj_id": 1}, {"cam_R_m2c": [-0.3392556607723236, 0.5806348323822021, 0.7401139140129089, -0.7779006361961365, 0.2692277431488037, -0.567791223526001, -0.5289385318756104, -0.7683615684509277, 0.3603392541408539], "cam_t_m2c": [271.70928955078125, -236.26332092285156, 464.0268859863281], "obj_id": 2}, {"cam_R_m2c": [0.08830273151397705, -0.6815446615219116, 0.7264292240142822, 0.6732036471366882, -0.49667736887931824, -0.5478214621543884, 0.7341657876968384, 0.5374088883399963, 0.41496044397354126], "cam_t_m2c": [136.5116424560547, -268.4849853515625, 653.1691284179688], "obj_id": 0}, {"cam_R_m2c": [-0.4692312180995941, -0.060892920941114426, -0.8809732794761658, -0.882826566696167, 0.00867170188575983, 0.4696189761161804, -0.02095697820186615, 0.9981065988540649, -0.05782685428857803], "cam_t_m2c": [-107.17078399658203, -58.668785095214844, 512.2506713867188], "obj_id": 1}, {"cam_R_m2c": [-0.46799686551094055, 0.588062584400177, 0.6596675515174866, 0.6986514925956726, -0.21090877056121826, 0.6836690902709961, 0.5411699414253235, 0.7808327674865723, -0.3121461272239685], "cam_t_m2c": [135.04925537109375, -203.47244262695312, 476.9668273925781], "obj_id": 3}, {"cam_R_m2c": [-0.7632216811180115, 0.3130134642124176, -0.5652564764022827, -0.46574026346206665, -0.8728789687156677, 0.1454918384552002, -0.4478597044944763, 0.37430527806282043, 0.8119834661483765], "cam_t_m2c": [55.16523361206055, -112.00626373291016, 408.60772705078125], "obj_id": 2}, {"cam_R_m2c": [-0.7481176853179932, -0.4628729522228241, -0.4754665195941925, -0.644171416759491, 0.33463022112846375, 0.6877977252006531, -0.15925751626491547, 0.8208356499671936, -0.5485122799873352], "cam_t_m2c": [66.21453857421875, -47.55776596069336, 424.93994140625], "obj_id": 0}, {"cam_R_m2c": [0.47176042199134827, -0.11860479414463043, -0.8737132549285889, -0.6872217655181885, 0.5713672041893005, -0.44862642884254456, 0.5524203181266785, 0.8120790123939514, 0.18804065883159637], "cam_t_m2c": [-112.4725570678711, -73.47628784179688, 617.3707885742188], "obj_id": 3}]
}