{
  "0": [{"cam_R_m2c": [-0.22694028913974762, 0.6465932726860046, -0.7282960414886475, -0.05477593094110489, 0.7381495237350464, 0.67240971326828, 0.972366988658905, 0.19249001145362854, -0.13209809362888336], "cam_t_m2c": [-264.6866760253906, 384.1941833496094, 717.7060546875], "obj_id": 0}, {"cam_R_m2c": [0.7038514614105225, 0.5591119527816772, 0.43816307187080383, -0.5079612135887146, 0.827343225479126, -0.23974688351154327, -0.4965566098690033, -0.05382366478443146, 0.8663339614868164], "cam_t_m2c": [10700.765625, -17312.904296875, -10679.990234375], "obj_id": 0}, {"cam_R_m2c": [0.501197099685669, 0.8600332140922546, 0.0956265777349472, 0.6735833287239075, -0.45711952447891235, 0.5807989835739136, 0.5432191491127014, -0.22668232023715973, -0.8084110021591187], "cam_t_m2c": [48.84416961669922, 334.703857421875, 1047.1717529296875], "obj_id": 0}, {"cam_R_m2c": [-0.8832424283027649, -0.46573111414909363, -0.054563190788030624, 0.45657479763031006, -0.8806746006011963, 0.12629954516887665, -0.10687404870986938, 0.08664095401763916, 0.9904904365539551], "cam_t_m2c": [119.09309387207031, 394.5804748535156, 979.9241943359375], "obj_id": 2}],
  "1": [{"cam_R_m2c": [-0.9202667474746704, -0.07089699059724808, 0.3848152160644531, 0.3909716010093689, -0.12683753669261932, 0.9116213321685791, -0.015822192654013634, 0.9893866181373596, 0.144443079829216], "cam_t_m2c": [168.202880859375, 402.7445983886719, 978.91845703125], "obj_id": 0}, {"cam_R_m2c": [0.263365775346756, 0.19856123626232147, -0.944040060043335, -0.9572731256484985, -0.06737080216407776, -0.28122755885124207, -0.11944179981946945, 0.9777700304985046, 0.17233432829380035], "cam_t_m2c": [5271.3896484375, -20243.896484375, -9556.5263671875], "obj_id": 0}, {"cam_R_m2c": [-0.40689149498939514, -0.0007849232060834765, 0.9134762287139893, 0.04490700364112854, -0.9988077878952026, 0.01914476789534092, 0.9123720526695251, 0.04881132394075394, 0.4064415693283081], "cam_t_m2c": [-197.36172485351562, 194.18589782714844, 1158.3392333984375], "obj_id": 0}, {"cam_R_m2c": [0.3233530819416046, -0.25468990206718445, -0.9113592505455017, 0.9394129514694214, -0.029403965920209885, 0.34152379631996155, -0.11378036439418793, -0.9665755033493042, 0.22975124418735504], "cam_t_m2c": [-125.67040252685547, 149.59231567382812, 1235.191162109375], "obj_id": 2}]
}