{
  "0": [{"cam_R_m2c": [0.27324366569519043, -0.2471071183681488, -0.9296643137931824, -0.8856868743896484, 0.3124898076057434, -0.34337836503982544, 0.3753618001937866, 0.917217493057251, -0.13347361981868744], "cam_t_m2c": [-419.9815368652344, 184.4478302001953, 646.1732177734375], "obj_id": 1}, {"cam_R_m2c": [0.44057711958885193, -0.1912299245595932, 0.8771105408668518, 0.897704541683197, 0.09851095080375671, -0.42944398522377014, -0.0042824698612093925, 0.9765893220901489, 0.21506963670253754], "cam_t_m2c": [-564.3366088867188, 206.7683868408203, 461.53765869140625], "obj_id": 2}, {"cam_R_m2c": [-0.9012102484703064, -0.12168316543102264, 0.41594865918159485, -0.13493764400482178, 0.9908509254455566, -0.002493851352483034, -0.41183969378471375, -0.05837462097406387, -0.9093846678733826], "cam_t_m2c": [-304.9656982421875, 245.59825134277344, 669.7349853515625], "obj_id": 3}, {"cam_R_m2c": [-0.49885356426239014, -0.4869200885295868, 0.7169754505157471, 0.8591501712799072, -0.16897225379943848, 0.48302093148231506, -0.11404360085725784, 0.8569463491439819, 0.5026299953460693], "cam_t_m2c": [-528.947021484375, 203.6121368408203, 696.8079223632812], "obj_id": 4}, {"cam_R_m2c": [-0.7845140099525452, 0.5811271667480469, 0.21639983355998993, 0.3103084862232208, 0.06576315313577652, 0.9483584761619568, 0.5368857979774475, 0.8111512660980225, -0.23192079365253448], "cam_t_m2c": [-317.5843505859375, 203.40118408203125, 475.1783752441406], "obj_id": 1}, {"cam_R_m2c": [0.0633855015039444, 0.9530602693557739, 0.29607149958610535, -0.6785818338394165, -0.17637595534324646, 0.713034451007843, 0.7317847609519958, -0.24610476195812225, 0.635549783706665], "cam_t_m2c": [-154.36424255371094, 283.5816345214844, 670.2822875976562], "obj_id": 2}, {"cam_R_m2c": [0.7812156081199646, -0.10750379413366318, 0.614935040473938, -0.5134504437446594, 0.44962596893310547, 0.7308934330940247, -0.3550645709037781, -0.8867239952087402, 0.29605695605278015], "cam_t_m2c": [-331.76409912109375, 186.03826904296875, 564.5360717773438], "obj_id": 3}, {"cam_R_m2c": [0.7271835207939148, 0.5897393226623535, 0.3513000011444092, -0.6430756449699402, 0.406252384185791, 0.6491631269454956, 0.240120530128479, -0.6979731917381287, 0.6746670007705688], "cam_t_m2c": [-310.9448547363281, 180.93707275390625, 517.00341796875], "obj_id": 4}, {"cam_R_m2c": [-0.5760872960090637, -0.8163264393806458, 0.04164794087409973, 0.5413579344749451, -0.3428727984428406, 0.7677042484283447, -0.6124173402786255, 0.4648111164569855, 0.6394494771957397], "cam_t_m2c": [-506.9498291015625, 258.6014709472656, 579.333251953125], "obj_id": 1}, {"cam_R_m2c": [0.04658447578549385, 0.05475413426756859, 0.997412383556366, 0.9953321218490601, 0.08193937689065933, -0.050985243171453476, -0.08451879769563675, 0.9951319098472595, -0.05068126693367958], "cam_t_m2c": [-398.4619140625, 239.7356414794922, 489.55059814453125], "obj_id": 2}, {"cam_R_m2c": [0.5905753374099731, 0.613820493221283, -0.5238751769065857, -0.7976206541061401, 0.542599081993103, -0.2634150981903076, 0.12256462126970291, 0.5734201669692993, 0.8100414872169495], "cam_t_m2c": [-436.2040710449219, 111.63921356201172, 859.772216796875], "obj_id": 3}, {"cam_R_m2c": [-0.5998293161392212, -0.7571412324905396, 0.25873151421546936, 0.686311662197113, -0.3206343948841095, 0.6528169512748718, -0.4113163650035858, 0.5691491961479187, 0.7119607329368591], "cam_t_m2c": [-590.8687744140625, 224.92799377441406, 534.9441528320312], "obj_id": 4}, {"cam_R_m2c": [0.8796787261962891, 0.20001062750816345, -0.43146389722824097, 0.47511544823646545, -0.3300253748893738, 0.8156889081001282, 0.020752396434545517, -0.9225393533706665, -0.38534441590309143], "cam_t_m2c": [-661.8753051757812, 168.73361206054688, 660.1653442382812], "obj_id": 1}, {"cam_R_m2c": [-0.3594430685043335, 0.09846626222133636, 0.9279573559761047, -0.870926022529602, -0.39248713850975037, -0.29570505023002625, 0.3350944519042969, -0.914471447467804, 0.22683380544185638], "cam_t_m2c": [-131.9727325439453, 327.6101989746094, 636.2189331054688], "obj_id": 2}, {"cam_R_m2c": [0.7974910140037537, -0.5674912929534912, -0.2048456370830536, 0.04131048545241356, -0.2873666286468506, 0.9569293856620789, -0.6019148826599121, -0.7716048359870911, -0.2057289481163025], "cam_t_m2c": [-206.70223999023438, 363.0843505859375, 333.0245056152344], "obj_id": 3}, {"cam_R_m2c": [0.22802790999412537, -0.9177581667900085, -0.3251510262489319, 0.6914375424385071, 0.38775497674942017, -0.6095573902130127, 0.6855051517486572, -0.08582556247711182, 0.722991406917572], "cam_t_m2c": [-309.6058654785156, 366.2752380371094, 306.2710876464844], "obj_id": 4}],
  "1": [{"cam_R_m2c": [0.27324366569519043, -0.2471071183681488, -0.9296643137931824, -0.8856868743896484, 0.3124898076057434, -0.34337836503982544, 0.3753618001937866, 0.917217493057251, -0.13347361981868744], "cam_t_m2c": [-419.9815368652344, 184.4478302001953, 646.1732177734375], "obj_id": 1}, {"cam_R_m2c": [0.44057711958885193, -0.1912299245595932, 0.8771105408668518, 0.897704541683197, 0.09851095080375671, -0.42944398522377014, -0.0042824698612093925, 0.9765893220901489, 0.21506963670253754], "cam_t_m2c": [-564.3366088867188, 206.7683868408203, 461.53765869140625], "obj_id": 2}, {"cam_R_m2c": [-0.9012102484703064, -0.12168316543102264, 0.41594865918159485, -0.13493764400482178, 0.9908509254455566, -0.002493851352483034, -0.41183969378471375, -0.05837462097406387, -0.9093846678733826], "cam_t_m2c": [-304.9656982421875, 245.59825134277344, 669.7349853515625], "obj_id": 3}, {"cam_R_m2c": [-0.49885356426239014, -0.4869200885295868, 0.7169754505157471, 0.8591501712799072, -0.16897225379943848, 0.48302093148231506, -0.11404360085725784, 0.8569463491439819, 0.5026299953460693], "cam_t_m2c": [-528.947021484375, 203.6121368408203, 696.8079223632812], "obj_id": 4}, {"cam_R_m2c": [-0.7845140099525452, 0.5811271667480469, 0.21639983355998993, 0.3103084862232208, 0.06576315313577652, 0.9483584761619568, 0.5368857979774475, 0.8111512660980225, -0.23192079365253448], "cam_t_m2c": [-317.5843505859375, 203.40118408203125, 475.1783752441406], "obj_id": 1}, {"cam_R_m2c": [0.0633855015039444, 0.9530602693557739, 0.29607149958610535, -0.6785818338394165, -0.17637595534324646, 0.713034451007843, 0.7317847609519958, -0.24610476195812225, 0.635549783706665], "cam_t_m2c": [-154.36424255371094, 283.5816345214844, 670.2822875976562], "obj_id": 2}, {"cam_R_m2c": [0.7812156081199646, -0.10750379413366318, 0.614935040473938, -0.5134504437446594, 0.44962596893310547, 0.7308934330940247, -0.3550645709037781, -0.8867239952087402, 0.29605695605278015], "cam_t_m2c": [-331.76409912109375, 186.03826904296875, 564.5360717773438], "obj_id": 3}, {"cam_R_m2c": [0.7271835207939148, 0.5897393226623535, 0.3513000011444092, -0.6430756449699402, 0.406252384185791, 0.6491631269454956, 0.240120530128479, -0.6979731917381287, 0.6746670007705688], "cam_t_m2c": [-310.9448547363281, 180.93707275390625, 517.00341796875], "obj_id": 4}, {"cam_R_m2c": [-0.5760872960090637, -0.8163264393806458, 0.04164794087409973, 0.5413579344749451, -0.3428727984428406, 0.7677042484283447, -0.6124173402786255, 0.4648111164569855, 0.6394494771957397], "cam_t_m2c": [-506.9498291015625, 258.6014709472656, 579.333251953125], "obj_id": 1}, {"cam_R_m2c": [0.04658447578549385, 0.05475413426756859, 0.997412383556366, 0.9953321218490601, 0.08193937689065933, -0.050985243171453476, -0.08451879769563675, 0.9951319098472595, -0.05068126693367958], "cam_t_m2c": [-398.4619140625, 239.7356414794922, 489.55059814453125], "obj_id": 2}, {"cam_R_m2c": [0.5905753374099731, 0.613820493221283, -0.5238751769065857, -0.7976206541061401, 0.542599081993103, -0.2634150981903076, 0.12256462126970291, 0.5734201669692993, 0.8100414872169495], "cam_t_m2c": [-436.2040710449219, 111.63921356201172, 859.772216796875], "obj_id": 3}, {"cam_R_m2c": [-0.5998293161392212, -0.7571412324905396, 0.25873151421546936, 0.686311662197113, -0.3206343948841095, 0.6528169512748718, -0.4113163650035858, 0.5691491961479187, 0.7119607329368591], "cam_t_m2c": [-590.8687744140625, 224.92799377441406, 534.9441528320312], "obj_id": 4}, {"cam_R_m2c": [0.8796787261962891, 0.20001062750816345, -0.43146389722824097, 0.47511544823646545, -0.3300253748893738, 0.8156889081001282, 0.020752396434545517, -0.9225393533706665, -0.38534441590309143], "cam_t_m2c": [-661.8753051757812, 168.73361206054688, 660.1653442382812], "obj_id": 1}, {"cam_R_m2c": [-0.3594430685043335, 0.09846626222133636, 0.9279573559761047, -0.870926022529602, -0.39248713850975037, -0.29570505023002625, 0.3350944519042969, -0.914471447467804, 0.22683380544185638], "cam_t_m2c": [-131.9727325439453, 327.6101989746094, 636.2189331054688], "obj_id": 2}, {"cam_R_m2c": [0.7974910140037537, -0.5674912929534912, -0.2048456370830536, 0.04131048545241356, -0.2873666286468506, 0.9569293856620789, -0.6019148826599121, -0.7716048359870911, -0.2057289481163025], "cam_t_m2c": [-206.70223999023438, 363.0843505859375, 333.0245056152344], "obj_id": 3}, {"cam_R_m2c": [0.22802790999412537, -0.9177581667900085, -0.3251510262489319, 0.6914375424385071, 0.38775497674942017, -0.6095573902130127, 0.6855051517486572, -0.08582556247711182, 0.722991406917572], "cam_t_m2c": [-309.6058654785156, 366.2752380371094, 306.2710876464844], "obj_id": 4}],
  "2": [{"cam_R_m2c": [-0.6311763525009155, 0.502059817314148, 0.5912296175956726, -0.1871270090341568, 0.6411674618721008, -0.7442363500595093, -0.7527284026145935, -0.5803793668746948, -0.3107408285140991], "cam_t_m2c": [422.93255615234375, -14.859803199768066, 365.0578918457031], "obj_id": 1}, {"cam_R_m2c": [-0.47750040888786316, 0.5107836723327637, 0.7149080038070679, -0.38509178161621094, -0.8530111312866211, 0.35224491357803345, 0.7897453904151917, -0.10710812360048294, 0.6040116548538208], "cam_t_m2c": [245.25575256347656, 49.8628044128418, 212.45553588867188], "obj_id": 2}, {"cam_R_m2c": [0.49033355712890625, 0.5393040776252747, 0.6846343278884888, -0.7598056197166443, 0.6493285298347473, 0.032678306102752686, -0.4269290268421173, -0.5362122654914856, 0.7281538248062134], "cam_t_m2c": [-142.176513671875, -220.8892364501953, 619.6701049804688], "obj_id": 3}, {"cam_R_m2c": [0.5797774195671082, -0.49879780411720276, 0.6442506313323975, -0.6876619458198547, -0.7236654162406921, 0.0585612952709198, 0.4370116591453552, -0.47697916626930237, -0.7625691294670105], "cam_t_m2c": [-260.2398986816406, -273.13787841796875, 959.5821533203125], "obj_id": 4}, {"cam_R_m2c": [-0.8040428161621094, 0.4239707887172699, -0.416849821805954, 0.1706494837999344, 0.8361513018608093, 0.5212770104408264, 0.5695557594299316, 0.3479938507080078, -0.7446519136428833], "cam_t_m2c": [-524.2907104492188, -27.70406723022461, 317.0332336425781], "obj_id": 1}, {"cam_R_m2c": [0.6380541920661926, -0.20547956228256226, -0.7420679926872253, -0.3805532455444336, 0.7536519765853882, -0.5358991622924805, 0.669377326965332, 0.6243290901184082, 0.4026748836040497], "cam_t_m2c": [16.58795166015625, -94.3856201171875, 622.4110717773438], "obj_id": 2}, {"cam_R_m2c": [-0.6926342248916626, -0.5880571603775024, 0.41766780614852905, 0.6357586979866028, -0.7712418437004089, -0.0315706804394722, 0.3406882882118225, 0.24366901814937592, 0.9080511331558228], "cam_t_m2c": [-440.5712585449219, -268.81591796875, 668.3740234375], "obj_id": 3}, {"cam_R_m2c": [0.5897837281227112, 0.7251577377319336, -0.35538920760154724, -0.2029033601284027, -0.2928950786590576, -0.9343676567077637, -0.7816555500030518, 0.6231845617294312, -0.025607869029045105], "cam_t_m2c": [387.94976806640625, -22.209264755249023, 492.3753356933594], "obj_id": 4}, {"cam_R_m2c": [-0.15976816415786743, -0.8125485181808472, 0.5605701804161072, 0.837516188621521, -0.4121630787849426, -0.3587312698364258, 0.5225329399108887, 0.41217276453971863, 0.746373176574707], "cam_t_m2c": [-315.5122985839844, -4.996381759643555, 38.037689208984375], "obj_id": 1}, {"cam_R_m2c": [-0.13105660676956177, -0.9876869320869446, -0.08543134480714798, 0.7214182615280151, -0.15412168204784393, 0.6751311421394348, -0.6799851059913635, 0.02684870921075344, 0.732734203338623], "cam_t_m2c": [-362.1059875488281, -268.5809020996094, 603.5806884765625], "obj_id": 2}, {"cam_R_m2c": [0.7608276605606079, 0.12837132811546326, 0.6361305117607117, 0.29939964413642883, 0.8002480268478394, -0.5195795893669128, -0.5757613182067871, 0.5857678055763245, 0.5704165101051331], "cam_t_m2c": [-387.19873046875, -206.0973358154297, 850.9642333984375], "obj_id": 3}, {"cam_R_m2c": [-0.3916691839694977, 0.7504727840423584, -0.5323396921157837, -0.07572775334119797, -0.6028931140899658, -0.7942196726799011, -0.9169843792915344, -0.27075859904289246, 0.29296648502349854], "cam_t_m2c": [260.70648193359375, -0.8038021326065063, 399.0099792480469], "obj_id": 4}, {"cam_R_m2c": [-0.20645952224731445, -0.8428301811218262, 0.49700266122817993, -0.845119833946228, 0.40959033370018005, 0.343523234128952, -0.49309924244880676, -0.3491031527519226, -0.7968562841415405], "cam_t_m2c": [-122.53346252441406, -53.64621353149414, 352.3066711425781], "obj_id": 1}, {"cam_R_m2c": [-0.2019563913345337, 0.22348453104496002, -0.9535555839538574, 0.837434709072113, 0.5442633628845215, -0.04980399087071419, 0.5078549385070801, -0.8085988163948059, -0.2970711588859558], "cam_t_m2c": [-23.773807525634766, -325.0699768066406, 941.1513061523438], "obj_id": 2}, {"cam_R_m2c": [0.24722816050052643, 0.6684855818748474, -0.7014308571815491, -0.9678899645805359, 0.13640694320201874, -0.21114492416381836, -0.0454673208296299, 0.7311088442802429, 0.6807441711425781], "cam_t_m2c": [-263.0359802246094, 28.21674156188965, 109.52735900878906], "obj_id": 3}, {"cam_R_m2c": [0.6234620809555054, 0.738976240158081, 0.25536081194877625, -0.19072391092777252, -0.17299725115299225, 0.9662796854972839, 0.758234441280365, -0.6511421799659729, 0.03308318182826042], "cam_t_m2c": [-634.4744262695312, -237.66702270507812, 657.758056640625], "obj_id": 4}]
}