{
  "0": [{"cam_R_m2c": [-0.9173263311386108, -0.12880127131938934, -0.3767257630825043, 0.29823964834213257, 0.40453940629959106, -0.8645234704017639, 0.26375213265419006, -0.9054048657417297, -0.332680881023407], "cam_t_m2c": [177.95211791992188, -104.14400482177734, 400.96044921875], "obj_id": 1}, {"cam_R_m2c": [0.27582690119743347, 0.5549713373184204, -0.7848098278045654, -0.7297281622886658, -0.4105324149131775, -0.5467724800109863, -0.6256328225135803, 0.7235124111175537, 0.291742205619812], "cam_t_m2c": [62.78826141357422, 119.41683197021484, 674.731201171875], "obj_id": 2}, {"cam_R_m2c": [-0.16036643087863922, -0.17045432329177856, -0.9722282886505127, -0.6177293062210083, 0.7855738401412964, -0.035836633294820786, 0.7698656320571899, 0.5948269367218018, -0.2312743067741394], "cam_t_m2c": [-81.2580337524414, 159.93592834472656, 581.6150512695312], "obj_id": 3}, {"cam_R_m2c": [0.2057255506515503, 0.7322163581848145, -0.6492583155632019, 0.9485648274421692, -0.31233665347099304, -0.051680244505405426, -0.2406281977891922, -0.6052315831184387, -0.7588103413581848], "cam_t_m2c": [-239.1731414794922, 92.81877136230469, 743.2620239257812], "obj_id": 4}, {"cam_R_m2c": [0.7146495580673218, -0.3071121573448181, -0.6284569501876831, 0.6440034508705139, 0.6395584940910339, 0.419791042804718, 0.27301204204559326, -0.7047319412231445, 0.6548414826393127], "cam_t_m2c": [224.6705780029297, -28.189664840698242, 687.6370849609375], "obj_id": 5}, {"cam_R_m2c": [0.2651030719280243, 0.9082695841789246, -0.3236769735813141, 0.9329891800880432, -0.3263758420944214, -0.1516910195350647, -0.2434166520833969, -0.26177331805229187, -0.933928906917572], "cam_t_m2c": [167.81787109375, -191.31053161621094, 762.8817749023438], "obj_id": 6}, {"cam_R_m2c": [-0.579137921333313, 0.3076073229312897, 0.7549680471420288, -0.7918335795402527, 0.008017336018383503, -0.6106842160224915, -0.19390371441841125, -0.9514795541763306, 0.238930806517601], "cam_t_m2c": [-162.22581481933594, 173.75648498535156, 546.3477783203125], "obj_id": 7}, {"cam_R_m2c": [0.21850775182247162, -0.8894196152687073, -0.40148115158081055, 0.7515954375267029, 0.4157957434654236, -0.5120725035667419, 0.6223815083503723, -0.1898595690727234, 0.7593382596969604], "cam_t_m2c": [-191.18795776367188, 51.97677993774414, 833.3140258789062], "obj_id": 8}, {"cam_R_m2c": [-0.7264199256896973, -0.4424982964992523, 0.5258415341377258, -0.6871688961982727, 0.4794975221157074, -0.5457848310470581, -0.010630868375301361, -0.7578108906745911, -0.6523876190185547], "cam_t_m2c": [91.57366943359375, -47.31262969970703, 578.2503051757812], "obj_id": 9}, {"cam_R_m2c": [0.48683464527130127, 0.7779321074485779, 0.3972576856613159, 0.8280652761459351, -0.5557823181152344, 0.07357946783304214, 0.27802860736846924, 0.29313427209854126, -0.9147526621818542], "cam_t_m2c": [82.50824737548828, 18.694917678833008, 726.1469116210938], "obj_id": 1}, {"cam_R_m2c": [0.06996112316846848, -0.9652274250984192, 0.2518758773803711, -0.8826252818107605, -0.17755380272865295, -0.43525540828704834, 0.46484196186065674, -0.1918610781431198, -0.8643559813499451], "cam_t_m2c": [-24.43476676940918, 204.9209442138672, 543.9505615234375], "obj_id": 2}, {"cam_R_m2c": [-0.35146716237068176, -0.6456440091133118, 0.6779487133026123, -0.7451661825180054, -0.2454477697610855, -0.6200666427612305, 0.5667433738708496, -0.7231175899505615, -0.394845187664032], "cam_t_m2c": [-137.6710205078125, 72.30860137939453, 796.50244140625], "obj_id": 3}, {"cam_R_m2c": [0.38984930515289307, -0.9154006242752075, 0.10029589384794235, -0.10906301438808441, -0.15404343605041504, -0.9820265173912048, 0.9143975377082825, 0.37190383672714233, -0.15989013016223907], "cam_t_m2c": [53.93853759765625, -56.149898529052734, 885.3724975585938], "obj_id": 4}, {"cam_R_m2c": [0.22009722888469696, -0.9324001669883728, 0.286683052778244, 0.6882731914520264, -0.05982336029410362, -0.7229807376861572, 0.6912577152252197, 0.35644233226776123, 0.6285790801048279], "cam_t_m2c": [-139.35433959960938, 235.61631774902344, 761.5994262695312], "obj_id": 5}, {"cam_R_m2c": [0.8351677656173706, 0.5422608852386475, 0.09191268682479858, 0.07738389074802399, -0.28130796551704407, 0.9564923048019409, 0.5445241332054138, -0.7917190194129944, -0.27690160274505615], "cam_t_m2c": [-137.4567413330078, 184.1162872314453, 842.2884521484375], "obj_id": 6}, {"cam_R_m2c": [0.527736246585846, 0.6687073111534119, 0.5237603783607483, 0.8273518681526184, -0.5442841053009033, -0.13872145116329193, 0.19231043756008148, 0.5065425038337708, -0.8404947519302368], "cam_t_m2c": [-78.5992202758789, 57.11489486694336, 654.6015625], "obj_id": 7}, {"cam_R_m2c": [-0.2037293165922165, 0.8323002457618713, -0.5155293345451355, 0.9386719465255737, 0.016432464122772217, -0.34441956877708435, -0.27818912267684937, -0.5540813207626343, -0.7846046090126038], "cam_t_m2c": [56.646846771240234, 97.4623031616211, 911.9180908203125], "obj_id": 1}, {"cam_R_m2c": [0.4320860505104065, 0.5646764636039734, 0.7031658291816711, 0.8301208019256592, -0.5537319779396057, -0.06542446464300156, 0.35242173075675964, 0.6119815707206726, -0.7080095410346985], "cam_t_m2c": [103.80410766601562, 65.38347625732422, 671.9269409179688], "obj_id": 2}, {"cam_R_m2c": [-0.8514801859855652, 0.24445615708827972, -0.46392104029655457, -0.17690207064151764, 0.6989235281944275, 0.6929730176925659, 0.4936468303203583, 0.6721213459968567, -0.5518746972084045], "cam_t_m2c": [208.06802368164062, -12.775616645812988, 531.3818969726562], "obj_id": 3}, {"cam_R_m2c": [0.8210105895996094, 0.10206285864114761, -0.5617159605026245, 0.5291897058486938, -0.5052646398544312, 0.6816641092300415, -0.2142426073551178, -0.8569077253341675, -0.4688382148742676], "cam_t_m2c": [-199.8219757080078, 142.1063995361328, 628.4817504882812], "obj_id": 4}, {"cam_R_m2c": [-0.8190355896949768, -0.5420289635658264, 0.1881103366613388, -0.4557930827140808, 0.8138279914855957, 0.3604673147201538, -0.3484731614589691, 0.2094961404800415, -0.913607120513916], "cam_t_m2c": [15.474505424499512, -44.17563247680664, 481.41217041015625], "obj_id": 5}, {"cam_R_m2c": [0.46751946210861206, -0.42714864015579224, 0.7739312648773193, 0.8677170276641846, 0.05457388237118721, -0.494053453207016, 0.16879785060882568, 0.9025329351425171, 0.39615851640701294], "cam_t_m2c": [103.3826904296875, -196.13893127441406, 862.1488037109375], "obj_id": 6}, {"cam_R_m2c": [0.28531432151794434, -0.49475806951522827, -0.820859432220459, 0.6734164953231812, 0.7129096984863281, -0.19562724232673645, 0.6819868087768555, -0.4969649910926819, 0.5365815758705139], "cam_t_m2c": [192.0745849609375, -48.1887321472168, 578.0045166015625], "obj_id": 7}, {"cam_R_m2c": [0.32586395740509033, 0.9385715126991272, 0.11356187611818314, 0.7776819467544556, -0.1978038251399994, -0.5967282056808472, -0.5376091003417969, 0.28276726603507996, -0.794367253780365], "cam_t_m2c": [-4.2275824546813965, -48.64008712768555, 868.5872192382812], "obj_id": 8}, {"cam_R_m2c": [-0.5966495275497437, 0.801857054233551, -0.0321635864675045, 0.6026260852813721, 0.4212172031402588, -0.6778036952018738, -0.5299538373947144, -0.42379388213157654, -0.7345390319824219], "cam_t_m2c": [-71.42874145507812, 245.60736083984375, 521.57568359375], "obj_id": 1}, {"cam_R_m2c": [0.523407518863678, -0.550541341304779, -0.6503451466560364, 0.8386226296424866, 0.46796295046806335, 0.2787880301475525, 0.15085311233997345, -0.6913139224052429, 0.7066317200660706], "cam_t_m2c": [167.02920532226562, -20.658750534057617, 541.7218017578125], "obj_id": 2}, {"cam_R_m2c": [-0.01931653544306755, -0.2749415636062622, 0.961266815662384, 0.9651761651039124, 0.2457471638917923, 0.08968375623226166, -0.2608863115310669, 0.9295242428779602, 0.2606201171875], "cam_t_m2c": [100.97750854492188, -18.65481185913086, 708.3377685546875], "obj_id": 3}, {"cam_R_m2c": [0.8195483088493347, -0.5671337246894836, -0.08185314387083054, 0.34812235832214355, 0.606259286403656, -0.7150248289108276, 0.4551389217376709, 0.5575025081634521, 0.6942906975746155], "cam_t_m2c": [-56.46196365356445, 151.5040283203125, 675.75], "obj_id": 4}, {"cam_R_m2c": [-0.7149926424026489, 0.6580449938774109, 0.23614007234573364, -0.13469497859477997, -0.4610893130302429, 0.8770710825920105, 0.6860339641571045, 0.5952925682067871, 0.4183109998703003], "cam_t_m2c": [155.28929138183594, -82.26638793945312, 881.822265625], "obj_id": 5}, {"cam_R_m2c": [0.6157244443893433, -0.3341112434864044, 0.7136197090148926, 0.768720269203186, 0.05578609183430672, -0.6371476054191589, 0.1730681210756302, 0.9408813118934631, 0.2911869287490845], "cam_t_m2c": [146.85546875, 9.215331077575684, 733.8309936523438], "obj_id": 6}, {"cam_R_m2c": [0.4819315969944, 0.12231254577636719, 0.8676298260688782, 0.7749596834182739, -0.5215734839439392, -0.35692936182022095, 0.40887582302093506, 0.8443936705589294, -0.3461500406265259], "cam_t_m2c": [-193.0860595703125, 114.69001007080078, 466.3516540527344], "obj_id": 7}, {"cam_R_m2c": [-0.7281594276428223, -0.14017367362976074, -0.6709210276603699, 0.36637264490127563, 0.7476841807365417, -0.5538406372070312, 0.5792708992958069, -0.6490914821624756, -0.49307742714881897], "cam_t_m2c": [233.32351684570312, 9.548882484436035, 566.4512329101562], "obj_id": 1}, {"cam_R_m2c": [-0.9922395348548889, -0.08068036288022995, 0.09461107850074768, 0.11635957658290863, -0.3342902660369873, 0.9352595210075378, -0.04382951557636261, 0.9390104413032532, 0.3410840332508087], "cam_t_m2c": [84.71585845947266, -41.44429016113281, 700.4816284179688], "obj_id": 2}, {"cam_R_m2c": [-0.4489476680755615, -0.607479453086853, -0.6552973985671997, -0.23051579296588898, -0.6297967433929443, 0.741767168045044, -0.8633124828338623, 0.4840710461139679, 0.14271217584609985], "cam_t_m2c": [-109.16034698486328, 149.2408905029297, 869.508056640625], "obj_id": 3}, {"cam_R_m2c": [0.41647154092788696, -0.0030810791067779064, 0.9091434478759766, -0.9066685438156128, 0.07240629941225052, 0.415583074092865, -0.06710807234048843, -0.9973703622817993, 0.027361702173948288], "cam_t_m2c": [-75.15846252441406, 117.5337905883789, 793.9107055664062], "obj_id": 4}, {"cam_R_m2c": [-0.08147092163562775, -0.9094646573066711, -0.40772104263305664, -0.9575608372688293, -0.042054254561662674, 0.2851466238498688, -0.27647721767425537, 0.4136488735675812, -0.8674415349960327], "cam_t_m2c": [83.53590393066406, 138.95721435546875, 695.2816772460938], "obj_id": 5}, {"cam_R_m2c": [-0.4282863140106201, 0.028600437566637993, -0.9031901955604553, -0.8703944087028503, 0.25557249784469604, 0.42082783579826355, 0.2428663671016693, 0.966366708278656, -0.08456442505121231], "cam_t_m2c": [-170.97508239746094, 105.46745300292969, 570.2756958007812], "obj_id": 6}, {"cam_R_m2c": [0.5917181968688965, -0.7904165983200073, 0.15846498310565948, 0.4876229763031006, 0.19440415501594543, -0.8511350154876709, 0.6419450044631958, 0.5809032320976257, 0.500457763671875], "cam_t_m2c": [5.053922653198242, 140.7641143798828, 899.6494140625], "obj_id": 1}, {"cam_R_m2c": [0.47978582978248596, 0.3322240710258484, -0.8120546936988831, 0.8422681093215942, -0.4336315095424652, 0.3202316164970398, -0.2457437664270401, -0.8376103043556213, -0.48787203431129456], "cam_t_m2c": [189.24697875976562, -95.10616302490234, 833.3159790039062], "obj_id": 2}, {"cam_R_m2c": [-0.5064294934272766, -0.7395618557929993, -0.443370521068573, -0.548690915107727, -0.12026120722293854, 0.8273303508758545, -0.6651822328567505, 0.6622579097747803, -0.34488701820373535], "cam_t_m2c": [-31.286834716796875, 214.52035522460938, 628.8244018554688], "obj_id": 3}, {"cam_R_m2c": [-0.09370701014995575, -0.8399823904037476, -0.5344609022140503, -0.5280922055244446, 0.4970172047615051, -0.6885437369346619, 0.8440008759498596, 0.21772323548793793, -0.4901621639728546], "cam_t_m2c": [158.8455352783203, 121.0782241821289, 561.7008666992188], "obj_id": 4}, {"cam_R_m2c": [-0.35692834854125977, -0.18418006598949432, -0.9157947301864624, -0.9049290418624878, -0.1750415563583374, 0.38789692521095276, -0.23174495995044708, 0.9671805500984192, -0.10419264435768127], "cam_t_m2c": [-41.01374053955078, 184.28233337402344, 813.3419189453125], "obj_id": 5}, {"cam_R_m2c": [-0.6764710545539856, -0.659268319606781, 0.3282562494277954, -0.6820691823959351, 0.7289510369300842, 0.05841263383626938, -0.2777923345565796, -0.18437901139259338, -0.9427809119224548], "cam_t_m2c": [86.21138000488281, -68.5505142211914, 562.7142944335938], "obj_id": 6}, {"cam_R_m2c": [0.8313086032867432, -0.3347618281841278, -0.44368964433670044, 0.5533654093742371, 0.42368531227111816, 0.7171314358711243, -0.05208341404795647, -0.8416800498962402, 0.5374588966369629], "cam_t_m2c": [94.63870239257812, -123.65343475341797, 573.3452758789062], "obj_id": 7}, {"cam_R_m2c": [-0.7774611711502075, -0.11470182985067368, -0.6183832883834839, -0.6176221370697021, 0.3248583674430847, 0.7162472009658813, 0.11873216927051544, 0.9387814402580261, -0.32340726256370544], "cam_t_m2c": [103.87329864501953, 50.3071174621582, 512.3819580078125], "obj_id": 8}, {"cam_R_m2c": [0.4030873477458954, -0.7730401754379272, -0.489825963973999, 0.873077392578125, 0.4852738380432129, -0.04738364368677139, 0.27432921528816223, -0.4085562229156494, 0.8705316185951233], "cam_t_m2c": [152.0054168701172, -66.55731964111328, 833.74462890625], "obj_id": 1}, {"cam_R_m2c": [0.4801565408706665, -0.8702254295349121, -0.11026070266962051, 0.8746126294136047, 0.46533694863319397, 0.13606752455234528, -0.06710103899240494, -0.1617691069841385, 0.9845446944236755], "cam_t_m2c": [54.97163391113281, -93.07579803466797, 651.66943359375], "obj_id": 2}, {"cam_R_m2c": [0.5422996878623962, 0.8356139659881592, -0.08752314001321793, 0.8377576470375061, -0.5457037091255188, -0.019218415021896362, -0.06382089108228683, -0.06290104240179062, -0.9959769248962402], "cam_t_m2c": [67.53424072265625, -71.93392181396484, 878.567626953125], "obj_id": 3}, {"cam_R_m2c": [0.5216764211654663, -0.7716148495674133, 0.3639563322067261, 0.7859166860580444, 0.6006313562393188, 0.14689086377620697, -0.3319467604160309, 0.20940984785556793, 0.9197602272033691], "cam_t_m2c": [145.8743896484375, -128.972900390625, 661.2592163085938], "obj_id": 4}, {"cam_R_m2c": [0.3381355106830597, 0.7047696709632874, 0.6236698031425476, 0.5233815312385559, -0.6915939450263977, 0.49776437878608704, 0.782135546207428, 0.15810547769069672, -0.6027158498764038], "cam_t_m2c": [-120.36466979980469, 105.70736694335938, 617.8076782226562], "obj_id": 5}, {"cam_R_m2c": [-0.9223297238349915, -0.06698151677846909, 0.38055384159088135, -0.3303695321083069, 0.6474968194961548, -0.686734139919281, -0.2004089206457138, -0.7591187357902527, -0.6193342208862305], "cam_t_m2c": [224.66845703125, -55.44737243652344, 452.7940368652344], "obj_id": 6}, {"cam_R_m2c": [0.22589565813541412, -0.6812110543251038, 0.6963639259338379, 0.5654176473617554, -0.4904208183288574, -0.663166880607605, 0.7932679653167725, 0.5435429811477661, 0.27438482642173767], "cam_t_m2c": [171.98158264160156, -128.69541931152344, 701.7335205078125], "obj_id": 7}, {"cam_R_m2c": [0.44675424695014954, 0.8620119690895081, 0.23947018384933472, 0.8675870299339294, -0.4827735722064972, 0.1192571222782135, 0.21841096878051758, 0.15448260307312012, -0.9635515213012695], "cam_t_m2c": [181.09475708007812, -57.729000091552734, 681.9824829101562], "obj_id": 1}, {"cam_R_m2c": [-0.46774840354919434, 0.7175577282905579, 0.5160642862319946, -0.8830978870391846, -0.3551424741744995, -0.3066137135028839, -0.036736685782670975, -0.5991533398628235, 0.7997910380363464], "cam_t_m2c": [71.35667419433594, -179.95199584960938, 859.6981201171875], "obj_id": 2}, {"cam_R_m2c": [-0.38790005445480347, -0.8801243305206299, -0.2737054228782654, 0.08521867543458939, 0.2614380717277527, -0.9614509344100952, 0.9177533984184265, -0.396271675825119, -0.026408793404698372], "cam_t_m2c": [7.26898193359375, 40.17022705078125, 567.1591186523438], "obj_id": 3}, {"cam_R_m2c": [0.7402323484420776, -0.36785566806793213, -0.562795102596283, 0.3432456851005554, 0.9265135526657104, -0.1541265994310379, 0.5781336426734924, -0.07908748835325241, 0.8121001720428467], "cam_t_m2c": [-102.9848861694336, 18.328271865844727, 460.43536376953125], "obj_id": 4}, {"cam_R_m2c": [0.5749773383140564, 0.4514400362968445, 0.6823511123657227, 0.8157930374145508, -0.25281524658203125, -0.520159900188446, -0.0623122900724411, 0.8557374477386475, -0.5136446952819824], "cam_t_m2c": [105.740966796875, 0.9303278923034668, 503.71514892578125], "obj_id": 5}, {"cam_R_m2c": [-0.5278956294059753, -0.06553764641284943, -0.8467767834663391, 0.16154466569423676, 0.9710685014724731, -0.1758671998977661, 0.833804190158844, -0.22963181138038635, -0.5020355582237244], "cam_t_m2c": [134.61170959472656, 46.58148193359375, 419.5113220214844], "obj_id": 6}, {"cam_R_m2c": [0.5426874160766602, 0.5902270078659058, 0.5975972414016724, -0.05586199834942818, 0.7352678775787354, -0.6754706501960754, -0.8380751013755798, 0.33318647742271423, 0.43199190497398376], "cam_t_m2c": [175.92294311523438, 75.21355438232422, 504.5028381347656], "obj_id": 7}, {"cam_R_m2c": [-0.5393888354301453, -0.23904404044151306, 0.8074143528938293, -0.5088890790939331, 0.856486439704895, -0.08638817816972733, -0.6708888411521912, -0.45748111605644226, -0.5836260914802551], "cam_t_m2c": [1.636812448501587, 134.4297637939453, 879.71240234375], "obj_id": 8}, {"cam_R_m2c": [-0.7480407953262329, -0.5109822154045105, 0.42347630858421326, 0.6635318398475647, -0.563671886920929, 0.4919344484806061, -0.012668087147176266, 0.6489770412445068, 0.7607024908065796], "cam_t_m2c": [-228.58314514160156, 102.60095977783203, 419.7510681152344], "obj_id": 9}, {"cam_R_m2c": [-0.5351992845535278, -0.8447239995002747, -0.0017060606041923165, -0.8201046586036682, 0.5191149115562439, 0.2407238483428955, -0.20245958864688873, 0.13023440539836884, -0.9705920219421387], "cam_t_m2c": [61.5449104309082, 97.22228240966797, 776.4136352539062], "obj_id": 10}, {"cam_R_m2c": [0.013231786899268627, 0.21178609132766724, 0.9772264957427979, -0.64871746301651, -0.7418975830078125, 0.1695689857006073, 0.7609143257141113, -0.6361875534057617, 0.1275726854801178], "cam_t_m2c": [175.3199920654297, 87.11976623535156, 503.3655090332031], "obj_id": 1}, {"cam_R_m2c": [0.995709240436554, -0.06127480790019035, 0.06934358179569244, 0.059167735278606415, -0.1545993536710739, -0.9862038493156433, 0.07114993780851364, 0.9860751628875732, -0.15031051635742188], "cam_t_m2c": [258.2356872558594, 36.170562744140625, 497.442626953125], "obj_id": 2}, {"cam_R_m2c": [-0.9228838086128235, -0.06393246352672577, -0.3797338604927063, -0.3058731257915497, -0.47736942768096924, 0.823747456073761, -0.2339375764131546, 0.8763737082481384, 0.42100152373313904], "cam_t_m2c": [-110.88255310058594, 199.3832550048828, 761.4080200195312], "obj_id": 3}, {"cam_R_m2c": [-0.18466328084468842, -0.3910106420516968, -0.9016707539558411, -0.8041266202926636, -0.4673628807067871, 0.36735862493515015, -0.5650485754013062, 0.7928950786590576, -0.22811730206012726], "cam_t_m2c": [111.77350616455078, 100.88185119628906, 783.5030517578125], "obj_id": 4}, {"cam_R_m2c": [0.43638426065444946, -0.5756391882896423, -0.6915260553359985, -0.898902416229248, -0.2453639805316925, -0.3630025088787079, 0.03928288072347641, 0.7800230383872986, -0.6245164275169373], "cam_t_m2c": [200.4493408203125, -64.73970031738281, 868.5656127929688], "obj_id": 5}, {"cam_R_m2c": [-0.6680302619934082, -0.38441312313079834, -0.6371515393257141, -0.7249472737312317, 0.5293816328048706, 0.4406886696815491, 0.16788984835147858, 0.7562946677207947, -0.6323221921920776], "cam_t_m2c": [186.3264617919922, 61.785606384277344, 572.0308227539062], "obj_id": 6}, {"cam_R_m2c": [0.16308699548244476, -0.7730479836463928, -0.6130248308181763, 0.9846466779708862, 0.16672642529010773, 0.05170352756977081, 0.06223815307021141, -0.6120450496673584, 0.7883700132369995], "cam_t_m2c": [67.19649505615234, 118.91802215576172, 640.2742919921875], "obj_id": 7}, {"cam_R_m2c": [-0.3978681266307831, -0.5957736968994141, 0.6976779103279114, 0.8619699478149414, 0.01767261140048504, 0.5066511034965515, -0.31417912244796753, 0.8029578328132629, 0.5065077543258667], "cam_t_m2c": [20.656291961669922, 119.52204132080078, 804.522216796875], "obj_id": 8}, {"cam_R_m2c": [0.9118126034736633, 0.3696070611476898, -0.17885299026966095, 0.1937434822320938, -0.0032319866586476564, 0.9810468554496765, 0.36202380061149597, -0.9291825294494629, -0.07455592602491379], "cam_t_m2c": [61.40957260131836, -45.532169342041016, 400.74957275390625], "obj_id": 9}, {"cam_R_m2c": [-0.34938088059425354, -0.009236420504748821, 0.936935305595398, -0.35568463802337646, 0.9264101982116699, -0.1235012635588646, -0.8668457269668579, -0.37640243768692017, -0.32695528864860535], "cam_t_m2c": [-192.2527618408203, 121.75623321533203, 621.02001953125], "obj_id": 10}, {"cam_R_m2c": [-0.1113503947854042, -0.6771866679191589, -0.7273372411727905, -0.9018562436103821, -0.23857372999191284, 0.3601917326450348, -0.4174405038356781, 0.6960610747337341, -0.5841598510742188], "cam_t_m2c": [149.28785705566406, -126.96649169921875, 495.16162109375], "obj_id": 1}, {"cam_R_m2c": [0.7179373502731323, -0.392846941947937, 0.5746626853942871, 0.44914641976356506, -0.3692800998687744, -0.8135721683502197, 0.5318208336830139, 0.8422015905380249, -0.08867417275905609], "cam_t_m2c": [3.857187032699585, 47.8795051574707, 837.3961791992188], "obj_id": 2}, {"cam_R_m2c": [0.4044910669326782, -0.8109647035598755, -0.4227566719055176, 0.9105544686317444, 0.40023598074913025, 0.10344932973384857, 0.08530867099761963, -0.42678728699684143, 0.9003193974494934], "cam_t_m2c": [-95.36009979248047, 273.946533203125, 581.7130126953125], "obj_id": 3}, {"cam_R_m2c": [0.47280624508857727, 0.190724179148674, 0.8602781891822815, 0.8478770852088928, -0.36428505182266235, -0.3852284848690033, 0.23991404473781586, 0.9115485548973083, -0.33394694328308105], "cam_t_m2c": [-79.71644592285156, 61.61616897583008, 460.0591735839844], "obj_id": 4}, {"cam_R_m2c": [-0.2815089821815491, -0.4153319299221039, -0.8650156855583191, -0.9031842350959778, -0.18974891304969788, 0.38503721356391907, -0.3240540027618408, 0.8896599411964417, -0.32170525193214417], "cam_t_m2c": [39.196773529052734, 13.932576179504395, 407.3349609375], "obj_id": 5}, {"cam_R_m2c": [-0.3375224769115448, -0.20076075196266174, -0.9196595549583435, 0.6479371190071106, 0.6591578125953674, -0.3816916346549988, 0.6828294992446899, -0.7247110605239868, -0.09240023791790009], "cam_t_m2c": [-128.18441772460938, 54.34333419799805, 662.8939208984375], "obj_id": 6}, {"cam_R_m2c": [0.06663522124290466, 0.6248013377189636, 0.7779351472854614, 0.8583643436431885, -0.43339303135871887, 0.2745565176010132, 0.5086948871612549, 0.6494566202163696, -0.5651865005493164], "cam_t_m2c": [-166.20726013183594, 136.82931518554688, 476.90496826171875], "obj_id": 7}, {"cam_R_m2c": [0.36681854724884033, -0.7652400135993958, -0.5290102958679199, 0.7263862490653992, 0.5908719897270203, -0.35104602575302124, 0.5812118053436279, -0.2554956078529358, 0.7726026177406311], "cam_t_m2c": [-19.6903133392334, 98.70346069335938, 747.9804077148438], "obj_id": 8}],
