{
  "0": [{"cam_R_m2c": [0.9047724008560181, -0.42429929971694946, 0.03683692216873169, -0.14328402280807495, -0.38470301032066345, -0.9118515253067017, 0.4010692536830902, 0.8197399377822876, -0.40886396169662476], "cam_t_m2c": [911.627685546875, -453.88946533203125, 2938.1328125], "obj_id": 1}, {"cam_R_m2c": [0.29664817452430725, 0.44341665506362915, -0.845802366733551, 0.5963142514228821, 0.6057780981063843, 0.5267279148101807, 0.7459284663200378, -0.6606168746948242, -0.08471273630857468], "cam_t_m2c": [-0.2716476023197174, -278.8275451660156, 2300.2294921875], "obj_id": 1}, {"cam_R_m2c": [0.8997783064842224, 0.3222632110118866, 0.2941861152648926, 0.3597891628742218, -0.1664772629737854, -0.9180614948272705, -0.24688215553760529, 0.9318968057632446, -0.26573944091796875], "cam_t_m2c": [-365.32098388671875, 7.232501983642578, 2906.917236328125], "obj_id": 0}, {"cam_R_m2c": [0.36251887679100037, 0.9209287166595459, -0.14307443797588348, -0.16262659430503845, 0.21367040276527405, 0.9632743000984192, 0.9176778197288513, -0.3259373605251312, 0.227227121591568], "cam_t_m2c": [400.0353088378906, 135.40676879882812, 2180.7119140625], "obj_id": 1}, {"cam_R_m2c": [0.45632851123809814, 0.6129409074783325, -0.645033061504364, 0.41718214750289917, -0.7876749634742737, -0.4533507525920868, -0.7859537601470947, -0.062219444662332535, -0.6151464581489563], "cam_t_m2c": [-139.49000549316406, 533.3793334960938, 2161.598388671875], "obj_id": 1}, {"cam_R_m2c": [-0.3450300693511963, -0.8818524479866028, 0.3213885426521301, -0.4906797409057617, -0.1224258691072464, -0.8626965880393982, 0.8001173138618469, -0.45535504817962646, -0.3904665410518646], "cam_t_m2c": [-535.4515991210938, 285.3763427734375, 1989.357177734375], "obj_id": 0}, {"cam_R_m2c": [-0.8475584387779236, -0.5290389657020569, 0.0419808030128479, 0.14045356214046478, -0.14732499420642853, 0.9790648818016052, -0.5117786526679993, 0.8357111215591431, 0.1991720050573349], "cam_t_m2c": [55.04490280151367, -347.68658447265625, 2854.643310546875], "obj_id": 1}, {"cam_R_m2c": [0.018214795738458633, -0.9311927556991577, -0.36407172679901123, 0.9141150116920471, 0.16302447021007538, -0.3712367117404938, 0.4050455391407013, -0.32604146003723145, 0.8541867733001709], "cam_t_m2c": [909.75537109375, -324.36468505859375, 2729.44873046875], "obj_id": 0}, {"cam_R_m2c": [0.08331619948148727, 0.799209713935852, 0.5952495336532593, -0.5771494507789612, -0.4482479989528656, 0.6826213598251343, 0.8123772144317627, -0.4004213213920593, 0.42391732335090637], "cam_t_m2c": [866.1087036132812, -23.802396774291992, 1733.598876953125], "obj_id": 0}, {"cam_R_m2c": [-0.882331371307373, 0.22264359891414642, 0.41463372111320496, 0.46396830677986145, 0.26380810141563416, 0.8456587195396423, 0.07889677584171295, 0.9385281205177307, -0.33606570959091187], "cam_t_m2c": [-467.8755798339844, -232.67674255371094, 2850.2626953125], "obj_id": 1}, {"cam_R_m2c": [-0.3175862431526184, 0.9347403645515442, -0.15937238931655884, 0.946869432926178, 0.30362075567245483, -0.10607890039682388, -0.050767458975315094, -0.1845940202474594, -0.981502890586853], "cam_t_m2c": [487.8876647949219, -506.5983581542969, 2685.644287109375], "obj_id": 2}, {"cam_R_m2c": [0.643398642539978, -0.7619580626487732, 0.07387880980968475, -0.6966231465339661, -0.6227664947509766, -0.35619932413101196, 0.3174182176589966, 0.17771247029304504, -0.9314847588539124], "cam_t_m2c": [518.0743408203125, 266.1762390136719, 2795.55859375], "obj_id": 2}, {"cam_R_m2c": [0.379073828458786, 0.9253529906272888, -0.004976206459105015, -0.6369131803512573, 0.2648071050643921, 0.7240294814109802, 0.6713006496429443, -0.27129122614860535, 0.6897510290145874], "cam_t_m2c": [-650.2459716796875, -413.7405090332031, 3012.30419921875], "obj_id": 2}, {"cam_R_m2c": [-0.9229438900947571, 0.25850313901901245, -0.28522032499313354, 0.37922197580337524, 0.7377834320068359, -0.558449923992157, 0.06606974452733994, -0.6235798001289368, -0.7789627313613892], "cam_t_m2c": [-152.75050354003906, -528.0726928710938, 3049.63037109375], "obj_id": 2}, {"cam_R_m2c": [0.7709246277809143, 0.6238991618156433, 0.12816034257411957, -0.6226065754890442, 0.6957510709762573, 0.35817795991897583, 0.13429924845695496, -0.3559216856956482, 0.9248153567314148], "cam_t_m2c": [-332.2657165527344, 474.228515625, 1963.7801513671875], "obj_id": 2}, {"cam_R_m2c": [-0.4485734701156616, 0.36031389236450195, 0.8178972005844116, -0.24836021661758423, -0.9293439984321594, 0.27319785952568054, 0.8585447669029236, -0.08058382570743561, 0.5063666105270386], "cam_t_m2c": [451.71636962890625, 202.88731384277344, 2401.154296875], "obj_id": 2}, {"cam_R_m2c": [0.3586975038051605, -0.8639565110206604, -0.35343337059020996, 0.5624098777770996, 0.5022168159484863, -0.6568663120269775, 0.7450041770935059, 0.036841873079538345, 0.6660416126251221], "cam_t_m2c": [957.7936401367188, -369.95269775390625, 2851.51806640625], "obj_id": 0}, {"cam_R_m2c": [0.026310879737138748, -0.9452702403068542, 0.3252257704734802, 0.49422934651374817, 0.2950957417488098, 0.817713737487793, -0.8689332604408264, 0.1392214000225067, 0.4749445915222168], "cam_t_m2c": [674.8782958984375, -299.3168029785156, 2904.724365234375], "obj_id": 2}, {"cam_R_m2c": [-0.05681949481368065, -0.7919874787330627, -0.6078876256942749, 0.9112603068351746, 0.20761600136756897, -0.35566872358322144, 0.4078923761844635, -0.5741527676582336, 0.7099100947380066], "cam_t_m2c": [-468.99920654296875, -222.38868713378906, 2674.772705078125], "obj_id": 2}, {"cam_R_m2c": [-0.5330000519752502, -0.6646736264228821, 0.5235646367073059, -0.47966399788856506, 0.7471107840538025, 0.4601607918739319, -0.6970175504684448, -0.005869417451322079, -0.7170301079750061], "cam_t_m2c": [979.4270629882812, 136.56494140625, 2577.218505859375], "obj_id": 1}, {"cam_R_m2c": [0.5694775581359863, -0.34776806831359863, -0.7448171973228455, -0.8113602995872498, -0.09244944900274277, -0.5771892666816711, 0.13187004625797272, 0.9330114722251892, -0.33481308817863464], "cam_t_m2c": [244.54885864257812, 213.65093994140625, 1749.1207275390625], "obj_id": 1}, {"cam_R_m2c": [0.23429343104362488, 0.15428602695465088, 0.9598450064659119, 0.7854930758476257, -0.6117823719978333, -0.09339673072099686, 0.5728064775466919, 0.7758338451385498, -0.26452720165252686], "cam_t_m2c": [-432.91748046875, 522.9562377929688, 2406.17041015625], "obj_id": 2}, {"cam_R_m2c": [-0.6097776889801025, 0.5163601636886597, -0.6012844443321228, -0.5214301347732544, 0.30998337268829346, 0.7949973344802856, 0.5968931317329407, 0.7982996702194214, 0.08022496104240417], "cam_t_m2c": [417.793212890625, 5.878709316253662, 2094.796630859375], "obj_id": 2}, {"cam_R_m2c": [0.41409486532211304, -0.3696880638599396, 0.8317789435386658, -0.8550670146942139, -0.47128263115882874, 0.21622487902641296, 0.3120671808719635, -0.8007643222808838, -0.5112637877464294], "cam_t_m2c": [88.78453063964844, 295.5726318359375, 2716.8525390625], "obj_id": 1}, {"cam_R_m2c": [0.03881915286183357, 0.8021813035011292, 0.5958172082901001, 0.4832729995250702, -0.5369651317596436, 0.6914590001106262, 0.87460857629776, 0.26110056042671204, -0.4085170328617096], "cam_t_m2c": [601.52197265625, 592.23779296875, 2059.017578125], "obj_id": 2}, {"cam_R_m2c": [0.6571874022483826, -0.49729087948799133, 0.5663978457450867, 0.6716926097869873, 0.04547575116157532, -0.7394329309463501, 0.34195587038993835, 0.8663912415504456, 0.3639126718044281], "cam_t_m2c": [-140.4287567138672, -208.01182556152344, 2985.445556640625], "obj_id": 0}, {"cam_R_m2c": [-0.17369182407855988, 0.6023367047309875, -0.7791159152984619, 0.476005882024765, -0.641235888004303, -0.601859450340271, -0.8621191382408142, -0.4754018485546112, -0.17533829808235168], "cam_t_m2c": [546.7538452148438, 128.9211883544922, 2366.58984375], "obj_id": 2}, {"cam_R_m2c": [0.41177403926849365, 0.6027770042419434, -0.6834485530853271, 0.5871729254722595, -0.7490424513816833, -0.3068601191043854, -0.6969003081321716, -0.2749454975128174, -0.662370502948761], "cam_t_m2c": [193.7632598876953, 216.87274169921875, 3123.679931640625], "obj_id": 0}, {"cam_R_m2c": [0.4267025589942932, 0.7578803300857544, -0.4934999644756317, -0.8973262906074524, 0.28670692443847656, -0.33556607365608215, -0.11282913386821747, 0.5860174298286438, 0.8024045825004578], "cam_t_m2c": [526.5064086914062, -379.8328857421875, 2683.53466796875], "obj_id": 1}, {"cam_R_m2c": [0.27701354026794434, 0.48310407996177673, -0.8305864930152893, 0.8381621837615967, -0.5441665649414062, -0.036970105022192, -0.46983784437179565, -0.6859250068664551, -0.5556610226631165], "cam_t_m2c": [-737.9009399414062, 612.3571166992188, 1981.60302734375], "obj_id": 2}, {"cam_R_m2c": [-0.7613222599029541, -0.6060636043548584, 0.23038041591644287, -0.18941748142242432, 0.5477204918861389, 0.8149375915527344, -0.6200881004333496, 0.5767921209335327, -0.5317907929420471], "cam_t_m2c": [109.29119110107422, -463.0621643066406, 2800.90771484375], "obj_id": 1}, {"cam_R_m2c": [0.8491584062576294, -0.04016658291220665, 0.5266085863113403, -0.2889642119407654, 0.7992836833000183, 0.5269205570220947, -0.4420742392539978, -0.5996100306510925, 0.6671118140220642], "cam_t_m2c": [-19.34979820251465, -210.09213256835938, 2661.595947265625], "obj_id": 0}, {"cam_R_m2c": [-0.9417399168014526, -0.029714688658714294, 0.3350267708301544, -0.26607242226600647, 0.6751416921615601, -0.6880328059196472, -0.2057458609342575, -0.7370893359184265, -0.6437141299247742], "cam_t_m2c": [-371.7405700683594, 545.39404296875, 2073.950439453125], "obj_id": 0}, {"cam_R_m2c": [-0.07935653626918793, -0.990657389163971, -0.1109079048037529, 0.732981264591217, 0.017416100949048996, -0.6800258755683899, 0.6756042242050171, -0.13525788486003876, 0.7247511744499207], "cam_t_m2c": [424.315673828125, -129.8409423828125, 2008.1024169921875], "obj_id": 1}, {"cam_R_m2c": [-0.5070733428001404, 0.6745893955230713, 0.5364751815795898, 0.8139817118644714, 0.5794607996940613, 0.040729593485593796, -0.2833905816078186, 0.4573339521884918, -0.8429325222969055], "cam_t_m2c": [777.1776733398438, -14.40445327758789, 1699.2685546875], "obj_id": 2}, {"cam_R_m2c": [0.9498865604400635, -0.0649123415350914, 0.3057807683944702, 0.12301116436719894, 0.9768993258476257, -0.1747455596923828, -0.2873738706111908, 0.20360291004180908, 0.935928463935852], "cam_t_m2c": [355.3681640625, 102.1778564453125, 1910.9686279296875], "obj_id": 1}, {"cam_R_m2c": [0.7279408574104309, -0.48316511511802673, -0.48647046089172363, -0.3739694356918335, 0.31489014625549316, -0.8723479509353638, 0.5746728777885437, 0.8169428110122681, 0.04853241145610809], "cam_t_m2c": [-69.90386962890625, -20.50192642211914, 2492.440673828125], "obj_id": 1}, {"cam_R_m2c": [-0.5473641753196716, -0.8325281143188477, -0.08537742495536804, 0.04751116782426834, -0.1327645629644394, 0.9900081753730774, -0.835544764995575, 0.5378386378288269, 0.1122249886393547], "cam_t_m2c": [256.9511413574219, 136.86351013183594, 3302.96044921875], "obj_id": 0}, {"cam_R_m2c": [0.08942676335573196, 0.5795926451683044, -0.8099846243858337, 0.1836630403995514, 0.789700448513031, 0.5853554606437683, 0.9789129495620728, -0.20111064612865448, -0.03582938015460968], "cam_t_m2c": [-603.085693359375, 580.211669921875, 2000.3126220703125], "obj_id": 0}, {"cam_R_m2c": [-0.09126145392656326, -0.9427850246429443, -0.32066744565963745, -0.3742765784263611, 0.330875426530838, -0.8662784695625305, 0.9228154420852661, 0.04096043482422829, -0.38305848836898804], "cam_t_m2c": [-641.0620727539062, -313.4267883300781, 2437.98828125], "obj_id": 1}, {"cam_R_m2c": [0.5980328321456909, -0.5719494819641113, 0.5614539384841919, 0.3000430464744568, 0.8093553781509399, 0.5048940777778625, -0.7431896924972534, -0.13348285853862762, 0.6556305289268494], "cam_t_m2c": [-699.249755859375, -457.0905456542969, 3204.368896484375], "obj_id": 1}, {"cam_R_m2c": [0.8541484475135803, -0.35390639305114746, -0.3810257911682129, -0.5178560614585876, -0.5119476318359375, -0.6853718161582947, 0.047492217272520065, 0.7827258110046387, -0.6205518245697021], "cam_t_m2c": [229.2162628173828, 245.94454956054688, 2331.417236328125], "obj_id": 2}, {"cam_R_m2c": [-0.08460095524787903, 0.9949572086334229, 0.0538770817220211, 0.295745313167572, -0.02656061016023159, 0.9548974633216858, 0.9515131115913391, 0.09671919047832489, -0.29200682044029236], "cam_t_m2c": [-558.490478515625, -587.0780029296875, 2906.01171875], "obj_id": 0}, {"cam_R_m2c": [0.673905611038208, 0.6587254405021667, 0.33456242084503174, -0.14009122550487518, 0.5585504174232483, -0.8175548315048218, -0.7254141569137573, 0.5040856003761292, 0.4686919152736664], "cam_t_m2c": [238.32362365722656, 294.3846130371094, 1743.8427734375], "obj_id": 1}, {"cam_R_m2c": [0.7791815400123596, 0.16333837807178497, 0.6051418781280518, -0.6070057153701782, -0.04406333342194557, 0.7934748530387878, 0.15626950562000275, -0.9855855703353882, 0.0648140162229538], "cam_t_m2c": [277.171142578125, 271.6752624511719, 2185.819580078125], "obj_id": 2}, {"cam_R_m2c": [-0.446796715259552, 0.85893714427948, -0.2501995265483856, -0.8253655433654785, -0.28785157203674316, 0.4857090711593628, 0.3451732099056244, 0.4235192537307739, 0.8375481367111206], "cam_t_m2c": [387.15875244140625, -493.66217041015625, 2805.5458984375], "obj_id": 2}, {"cam_R_m2c": [-0.35625171661376953, 0.9108182191848755, 0.20855435729026794, 0.8297964334487915, 0.20578300952911377, 0.5187400579452515, 0.42956092953681946, 0.35785970091819763, -0.8291042447090149], "cam_t_m2c": [44.953006744384766, -146.4817352294922, 3166.5732421875], "obj_id": 2}, {"cam_R_m2c": [-0.5407421588897705, 0.11280736327171326, -0.833590030670166, 0.12981177866458893, 0.9902870059013367, 0.04980500787496567, 0.83111172914505, -0.08127813786268234, -0.5501336455345154], "cam_t_m2c": [-28.24236297607422, 142.05860900878906, 2609.08251953125], "obj_id": 1}, {"cam_R_m2c": [-0.014793380163609982, 0.4245363175868988, -0.9052900671958923, -0.5231060981750488, -0.7748879790306091, -0.3548360764980316, -0.8521391749382019, 0.4683135449886322, 0.23354072868824005], "cam_t_m2c": [-493.97589111328125, -500.8606262207031, 3338.9560546875], "obj_id": 1}, {"cam_R_m2c": [-0.9676187634468079, -0.1356467604637146, -0.21287022531032562, -0.08362778276205063, 0.9679802656173706, -0.23668678104877472, 0.23815996944904327, -0.21122072637081146, -0.9479796886444092], "cam_t_m2c": [604.72705078125, 138.9631805419922, 2431.151123046875], "obj_id": 0}, {"cam_R_m2c": [-0.19037285447120667, 0.6846173405647278, -0.7036028504371643, -0.9461207389831543, -0.31918108463287354, -0.05457792431116104, -0.2619418203830719, 0.6553031206130981, 0.7084943056106567], "cam_t_m2c": [350.37591552734375, -75.66458129882812, 2822.797607421875], "obj_id": 0}, {"cam_R_m2c": [-0.9749792814254761, 0.12318609654903412, 0.18504099547863007, -0.04640622437000275, -0.9268628358840942, 0.37252023816108704, 0.21739698946475983, 0.3546125292778015, 0.909389078617096], "cam_t_m2c": [426.3450012207031, 133.68984985351562, 3016.116943359375], "obj_id": 0}, {"cam_R_m2c": [0.6086119413375854, -0.18356789648532867, -0.7719419002532959, 0.10667403787374496, 0.982968270778656, -0.14964640140533447, 0.7862646579742432, 0.008730417117476463, 0.6178281903266907], "cam_t_m2c": [-716.8907470703125, 561.8265380859375, 2186.28759765625], "obj_id": 2}, {"cam_R_m2c": [-0.8869712352752686, -0.0219669621437788, -0.461302250623703, -0.3828715682029724, 0.593532383441925, 0.7079044580459595, 0.2582473158836365, 0.8045102953910828, -0.5348567366600037], "cam_t_m2c": [117.33220672607422, -617.7412109375, 2896.0673828125], "obj_id": 1}, {"cam_R_m2c": [-0.9780507683753967, -0.020538387820124626, -0.20735202729701996, -0.2083427459001541, 0.08129730075597763, 0.9746712446212769, -0.003161017084494233, 0.996478259563446, -0.08379188925027847], "cam_t_m2c": [911.3052368164062, 54.367733001708984, 2945.70068359375], "obj_id": 1}, {"cam_R_m2c": [0.4697187840938568, -0.5035879015922546, -0.7250954508781433, 0.8760986328125, 0.164775088429451, 0.45310065150260925, -0.10869840532541275, -0.8480850458145142, 0.5185906887054443], "cam_t_m2c": [-307.8034973144531, 182.1259307861328, 2166.658447265625], "obj_id": 2}, {"cam_R_m2c": [-0.2578689157962799, 0.04515914246439934, -0.9651238918304443, 0.08855997025966644, -0.9935972094535828, -0.07015354931354523, -0.9621126055717468, -0.10356177389621735, 0.25221866369247437], "cam_t_m2c": [-452.43048095703125, -228.04489135742188, 2266.347412109375], "obj_id": 2}, {"cam_R_m2c": [0.8643725514411926, 0.02920909970998764, -0.5020028352737427, 0.12626563012599945, -0.9789343476295471, 0.1604507863521576, -0.48674124479293823, -0.20207495987415314, -0.8498521447181702], "cam_t_m2c": [659.558349609375, -41.81278610229492, 2475.199951171875], "obj_id": 1}, {"cam_R_m2c": [0.25471925735473633, 0.5316176414489746, -0.80777508020401, 0.6561364531517029, -0.7086333632469177, -0.2594676613807678, -0.7103540897369385, -0.46391934156417847, -0.5293161869049072], "cam_t_m2c": [-462.9731140136719, -129.68743896484375, 3032.26318359375], "obj_id": 0}, {"cam_R_m2c": [-0.15176740288734436, -0.2928001284599304, 0.9440522193908691, -0.6593844890594482, 0.7415129542350769, 0.12397824227809906, -0.7363277673721313, -0.6036775708198547, -0.30560535192489624], "cam_t_m2c": [957.6738891601562, -122.73540496826172, 2183.463623046875], "obj_id": 2}, {"cam_R_m2c": [0.08550480753183365, 0.5569822192192078, -0.8261111378669739, -0.12081616371870041, 0.8288254141807556, 0.5463074445724487, 0.9889854788780212, 0.05309569463133812, 0.13816101849079132], "cam_t_m2c": [-455.1512451171875, 202.4884490966797, 3046.532958984375], "obj_id": 0}, {"cam_R_m2c": [-0.3818029761314392, -0.8694873452186584, -0.31339800357818604, -0.7780119776725769, 0.11930962651968002, 0.6168164610862732, -0.4989227056503296, 0.47932976484298706, -0.7220243811607361], "cam_t_m2c": [0.6354356408119202, 1.1621811389923096, 2510.165283203125], "obj_id": 2}, {"cam_R_m2c": [0.03446195647120476, -0.5751243829727173, 0.8173397183418274, 0.9009434580802917, -0.3360956311225891, -0.27448201179504395, 0.43256568908691406, 0.745836079120636, 0.5065721869468689], "cam_t_m2c": [479.9684753417969, -463.3819274902344, 2870.57958984375], "obj_id": 1}, {"cam_R_m2c": [-0.06214851140975952, 0.7741211652755737, -0.6299792528152466, 0.7164297699928284, -0.4048593044281006, -0.5681700110435486, -0.6948854923248291, -0.4866468608379364, -0.5294420123100281], "cam_t_m2c": [253.4719696044922, -104.64881134033203, 2215.093994140625], "obj_id": 1}, {"cam_R_m2c": [0.9922146201133728, -0.12442765384912491, -0.00528751453384757, 0.028595438227057457, 0.2689376473426819, -0.9627329707145691, 0.12121262401342392, 0.9550865292549133, 0.2704019248485565], "cam_t_m2c": [-665.5189208984375, -13.845455169677734, 3636.409423828125], "obj_id": 2}, {"cam_R_m2c": [-0.25580552220344543, 0.0652727335691452, 0.9645221829414368, -0.8622881174087524, -0.4664779007434845, -0.19712328910827637, 0.43706148862838745, -0.882121205329895, 0.17561151087284088], "cam_t_m2c": [-740.6600952148438, 258.1390686035156, 2417.339599609375], "obj_id": 1}, {"cam_R_m2c": [0.1266433447599411, 0.10463729500770569, 0.9864138960838318, -0.524130642414093, -0.8372091054916382, 0.1561017483472824, 0.8421688675880432, -0.53677898645401, -0.05118326097726822], "cam_t_m2c": [457.1455078125, -301.5581359863281, 2911.3212890625], "obj_id": 1}, {"cam_R_m2c": [-0.11909971386194229, 0.36054858565330505, 0.9251052737236023, 0.9867996573448181, -0.05999169871211052, 0.15042352676391602, 0.1097337156534195, 0.9308090806007385, -0.3486441373825073], "cam_t_m2c": [589.3526611328125, 235.93011474609375, 2113.034912109375], "obj_id": 2}, {"cam_R_m2c": [-0.8452894687652588, -0.5242330431938171, 0.10327323526144028, -0.3666594326496124, 0.7097174525260925, 0.6015496850013733, -0.38864704966545105, 0.47061753273010254, -0.7921316623687744], "cam_t_m2c": [586.3209228515625, 83.75325775146484, 3127.864990234375], "obj_id": 1}, {"cam_R_m2c": [-0.1110629215836525, -0.41253334283828735, -0.9041465520858765, -0.9671037793159485, -0.1646399348974228, 0.19391660392284393, -0.22885584831237793, 0.8959406018257141, -0.3806770443916321], "cam_t_m2c": [762.7742309570312, -486.2136535644531, 2640.80517578125], "obj_id": 2}, {"cam_R_m2c": [0.27735522389411926, -0.6602256894111633, 0.6979800462722778, -0.47747802734375, -0.7251359224319458, -0.4961780309677124, 0.8337198495864868, -0.1956525593996048, -0.5163635611534119], "cam_t_m2c": [-361.3768310546875, 276.3873291015625, 1977.6552734375], "obj_id": 2}, {"cam_R_m2c": [0.37088024616241455, -0.7160047888755798, 0.5914261341094971, -0.2891375422477722, 0.516166090965271, 0.8062084317207336, -0.882523238658905, -0.47001025080680847, -0.0155880656093359], "cam_t_m2c": [-294.81317138671875, -13.238876342773438, 2624.55419921875], "obj_id": 0}, {"cam_R_m2c": [0.8170350193977356, -0.43162333965301514, -0.3823023736476898, 0.5151233077049255, 0.8442994952201843, 0.14766958355903625, 0.25904005765914917, -0.3175840973854065, 0.9121614694595337], "cam_t_m2c": [-113.03883361816406, -510.660888671875, 2858.439697265625], "obj_id": 0}, {"cam_R_m2c": [-0.15197335183620453, -0.7365759015083313, 0.6590598821640015, 0.8456719517707825, -0.4420545697212219, -0.29904282093048096, 0.5116082429885864, 0.5119019150733948, 0.6900821924209595], "cam_t_m2c": [-331.1559143066406, -13.207422256469727, 2461.16455078125], "obj_id": 1}, {"cam_R_m2c": [-0.5065569281578064, 0.8503988981246948, -0.14220353960990906, 0.6143423914909363, 0.47171351313591003, 0.6325107216835022, 0.6049657464027405, 0.23304103314876556, -0.7613857984542847], "cam_t_m2c": [-534.1151123046875, 102.990478515625, 1938.3438720703125], "obj_id": 2}, {"cam_R_m2c": [0.08648496121168137, 0.7795382738113403, -0.6203550100326538, -0.4006310701370239, 0.5973337292671204, 0.6947568655014038, 0.9121485948562622, 0.188447505235672, 0.3639676570892334], "cam_t_m2c": [489.9302978515625, -231.0769500732422, 2794.771728515625], "obj_id": 1}, {"cam_R_m2c": [-0.5112109184265137, 0.37545067071914673, -0.7731108069419861, 0.5290679931640625, -0.5714243650436401, -0.6273447275161743, -0.6773112416267395, -0.7297335863113403, 0.09347933530807495], "cam_t_m2c": [-346.5552978515625, -519.498779296875, 2819.18359375], "obj_id": 0}, {"cam_R_m2c": [0.12314718216657639, 0.9776110053062439, -0.1706203818321228, 0.9756088852882385, -0.1507445126771927, -0.15957170724868774, -0.18171918392181396, -0.1468079835176468, -0.9723297953605652], "cam_t_m2c": [63.07377624511719, 105.36727905273438, 1680.6920166015625], "obj_id": 1}, {"cam_R_m2c": [0.24601416289806366, 0.6179768443107605, -0.7467138767242432, -0.9685227870941162, 0.126564159989357, -0.2143479436635971, -0.03795488923788071, 0.7759420275688171, 0.6296612620353699], "cam_t_m2c": [-203.35328674316406, -228.34022521972656, 2041.1064453125], "obj_id": 0}, {"cam_R_m2c": [0.6774665713310242, 0.21951809525489807, -0.7020333409309387, 0.3572337031364441, -0.932501494884491, 0.05314979702234268, -0.6429798007011414, -0.2867971956729889, -0.7101578116416931], "cam_t_m2c": [-633.0602416992188, 231.25289916992188, 2425.893798828125], "obj_id": 2}, {"cam_R_m2c": [0.2821621596813202, 0.16420644521713257, 0.9452093243598938, -0.6013489961624146, -0.7373945713043213, 0.3076174259185791, 0.7475050687789917, -0.6551987528800964, -0.10931940376758575], "cam_t_m2c": [476.35546875, -379.24853515625, 2933.21240234375], "obj_id": 0}, {"cam_R_m2c": [0.37703198194503784, 0.8015044331550598, -0.4641525149345398, 0.6101897358894348, -0.5919604897499084, -0.5265465378761292, -0.6967893242835999, -0.0846962258219719, -0.7122578024864197], "cam_t_m2c": [798.3573608398438, 280.819580078125, 2983.425537109375], "obj_id": 0}, {"cam_R_m2c": [-0.7241581678390503, -0.5581272840499878, 0.4050789475440979, 0.18900758028030396, 0.4042682647705078, 0.894898533821106, -0.6632278561592102, 0.7246110439300537, -0.18726390600204468], "cam_t_m2c": [-228.96690368652344, -338.5424499511719, 2426.98779296875], "obj_id": 2}, {"cam_R_m2c": [-0.549674391746521, 0.4322730004787445, -0.7148411273956299, 0.8099969625473022, 0.06645853072404861, -0.5826560258865356, -0.2043592631816864, -0.8992903232574463, -0.38667023181915283], "cam_t_m2c": [-634.7550048828125, -568.3093872070312, 2932.2109375], "obj_id": 2}, {"cam_R_m2c": [-0.5586405396461487, -0.6621150374412537, 0.4995240867137909, -0.44680216908454895, 0.7476454973220825, 0.4913186728954315, -0.6987764239311218, 0.05128210783004761, -0.7134995460510254], "cam_t_m2c": [-171.193603515625, 527.6010131835938, 2043.2186279296875], "obj_id": 0}, {"cam_R_m2c": [-0.7349932789802551, -0.6728574633598328, 0.08395051956176758, 0.36729341745376587, -0.2909905016422272, 0.8834139108657837, -0.5699828267097473, 0.6801377534866333, 0.46101218461990356], "cam_t_m2c": [874.0740356445312, 274.2208251953125, 2357.0595703125], "obj_id": 0}, {"cam_R_m2c": [0.22328321635723114, -0.9268994927406311, 0.3016650676727295, -0.6535303592681885, 0.08726464211940765, 0.7518529295921326, -0.7232167720794678, -0.3650233745574951, -0.5862721800804138], "cam_t_m2c": [1039.70654296875, -480.07769775390625, 2835.1484375], "obj_id": 0}, {"cam_R_m2c": [-0.6304061412811279, -0.4848294258117676, -0.6062412261962891, -0.21793584525585175, -0.6390222311019897, 0.7376682758331299, -0.7450449466705322, 0.5971523523330688, 0.2971819043159485], "cam_t_m2c": [278.90875244140625, 373.8488464355469, 2442.430419921875], "obj_id": 0}, {"cam_R_m2c": [-0.5613718628883362, -0.7455291152000427, -0.3592323958873749, 0.5377890467643738, -0.6585755944252014, 0.5263658761978149, -0.6290027499198914, 0.10229575634002686, 0.7706432938575745], "cam_t_m2c": [-610.6171264648438, -134.49441528320312, 3513.402587890625], "obj_id": 2}, {"cam_R_m2c": [0.3964217007160187, 0.4670584797859192, 0.7903835773468018, 0.41583576798439026, 0.676194429397583, -0.608146071434021, -0.8184927701950073, 0.569752037525177, 0.07383852452039719], "cam_t_m2c": [-574.1189575195312, -232.6867218017578, 2992.952880859375], "obj_id": 1}, {"cam_R_m2c": [-0.22950232028961182, 0.9340667724609375, -0.27358344197273254, -0.8137536644935608, -0.3383541703224182, -0.47256892919540405, -0.533979058265686, 0.11417386680841446, 0.8377533555030823], "cam_t_m2c": [-15.41645336151123, 414.0656433105469, 2644.415771484375], "obj_id": 1}, {"cam_R_m2c": [-0.6492547988891602, 0.7505579590797424, -0.12300817668437958, -0.44077068567276, -0.2395029217004776, 0.865077793598175, 0.6198301911354065, 0.6158742904663086, 0.4863223433494568], "cam_t_m2c": [-559.4537353515625, -225.48492431640625, 3146.293701171875], "obj_id": 0}, {"cam_R_m2c": [-0.9572345018386841, -0.09951495379209518, 0.2716600298881531, -0.2858209013938904, 0.4707484245300293, -0.8346869945526123, -0.04481970891356468, -0.8766372203826904, -0.4790601432323456], "cam_t_m2c": [-218.6948699951172, -70.46094512939453, 2778.336669921875], "obj_id": 2}, {"cam_R_m2c": [0.24360503256320953, 0.7596606016159058, 0.6029695272445679, -0.9537778496742249, 0.30043479800224304, 0.0068271872587502, -0.17596663534641266, -0.5767621397972107, 0.7977349758148193], "cam_t_m2c": [-135.2833709716797, 529.21044921875, 2501.308349609375], "obj_id": 1}, {"cam_R_m2c": [-0.410283625125885, -0.8849970102310181, 0.22010836005210876, 0.8984835743904114, -0.3509346842765808, 0.2637653052806854, -0.15618786215782166, 0.3059823215007782, 0.9391379952430725], "cam_t_m2c": [-682.8447875976562, 342.7114562988281, 2076.779052734375], "obj_id": 1}, {"cam_R_m2c": [-0.08726523816585541, -0.9920865893363953, -0.09027078747749329, -0.6968818306922913, 0.12554846704006195, -0.7061113119125366, 0.7118569612503052, 0.0012890262296423316, -0.7023230791091919], "cam_t_m2c": [60.41441345214844, -129.96702575683594, 2102.7138671875], "obj_id": 0}, {"cam_R_m2c": [-0.5794500112533569, -0.6771622896194458, -0.45352911949157715, 0.8015952706336975, -0.5740617513656616, -0.1670265942811966, -0.14724963903427124, -0.46033039689064026, 0.8754504323005676], "cam_t_m2c": [618.2210693359375, 327.7586669921875, 2660.954833984375], "obj_id": 2}, {"cam_R_m2c": [-0.4998422861099243, 0.24154578149318695, -0.8317530155181885, 0.8654752373695374, 0.10235397517681122, -0.4903836250305176, -0.033316947519779205, -0.9649762511253357, -0.26021263003349304], "cam_t_m2c": [607.4495239257812, -550.9439086914062, 3155.180908203125], "obj_id": 1}, {"cam_R_m2c": [0.43596604466438293, -0.3690182566642761, 0.8208283185958862, 0.7466884255409241, -0.3608251214027405, -0.5588036179542542, 0.5023843050003052, 0.8565223813056946, 0.11823420226573944], "cam_t_m2c": [-538.5587158203125, -52.77999496459961, 2261.796142578125], "obj_id": 0}, {"cam_R_m2c": [0.5942453145980835, -0.4498918950557709, -0.6666856408119202, 0.3955736458301544, 0.8852171897888184, -0.2447693645954132, 0.7002813220024109, -0.11827024817466736, 0.7040015459060669], "cam_t_m2c": [223.0204315185547, 393.0892028808594, 2221.1220703125], "obj_id": 0}]
}