{
  "0": [{"cam_R_m2c": [-0.9722423553466797, 0.22494624555110931, 0.06437574326992035, 0.11370226740837097, 0.694697380065918, -0.7102586627006531, -0.20449167490005493, -0.6832238435745239, -0.700991153717041], "cam_t_m2c": [281.3466796875, -14.380894660949707, 140.5144500732422], "obj_id": 1}, {"cam_R_m2c": [-0.013214252889156342, 0.09096258878707886, 0.9957666397094727, -0.5103577375411987, -0.8569836020469666, 0.07151217758655548, 0.8598605990409851, -0.5072522163391113, 0.05774790421128273], "cam_t_m2c": [74.79045104980469, 113.5831298828125, 142.81431579589844], "obj_id": 2}, {"cam_R_m2c": [-0.08464445918798447, 0.281369149684906, 0.9558591246604919, -0.6795264482498169, 0.6853101849555969, -0.2619039714336395, -0.7287517189979553, -0.6717002987861633, 0.1331900805234909], "cam_t_m2c": [-60.09379577636719, -198.16595458984375, 666.1239624023438], "obj_id": 3}, {"cam_R_m2c": [0.5060109496116638, -0.8600242137908936, 0.06566007435321808, -0.8551703095436096, -0.49031785130500793, 0.16814304888248444, -0.11241278797388077, -0.14123277366161346, -0.9835733771324158], "cam_t_m2c": [32.673095703125, -322.1923828125, 995.0933227539062], "obj_id": 4}, {"cam_R_m2c": [-0.23626191914081573, 0.7591304183006287, -0.606548547744751, 0.12481246888637543, 0.6427587270736694, 0.7558326721191406, 0.9636399745941162, 0.10286971181631088, -0.24660833179950714], "cam_t_m2c": [-474.4405212402344, 121.62582397460938, 697.2832641601562], "obj_id": 1}, {"cam_R_m2c": [0.7710943818092346, 0.4154907763004303, -0.4824737012386322, -0.6331936120986938, 0.5800377130508423, -0.5124666690826416, 0.06692777574062347, 0.700659453868866, 0.7103499174118042], "cam_t_m2c": [98.09893035888672, -101.06494903564453, 583.8847045898438], "obj_id": 2}, {"cam_R_m2c": [-0.15469145774841309, -0.5226193070411682, 0.8384149670600891, 0.6133715510368347, -0.7160731554031372, -0.33318859338760376, 0.7744972109794617, 0.46271848678588867, 0.431330144405365], "cam_t_m2c": [-273.28759765625, -214.23931884765625, 885.2096557617188], "obj_id": 3}, {"cam_R_m2c": [-0.05983531475067139, 0.8352383971214294, -0.5466228723526001, -0.06806441396474838, -0.5497433543205261, -0.8325559496879578, -0.9958850145339966, -0.012610698118805885, 0.08974411338567734], "cam_t_m2c": [326.55853271484375, -50.513336181640625, 259.4172058105469], "obj_id": 4}, {"cam_R_m2c": [0.4146079123020172, -0.496416300535202, 0.7626736760139465, 0.6806941032409668, -0.38705185055732727, -0.6219698190689087, 0.6039502024650574, 0.7770211100578308, 0.1774328649044037], "cam_t_m2c": [-470.65228271484375, 188.21324157714844, 354.5086669921875], "obj_id": 1}, {"cam_R_m2c": [-0.2947372496128082, -0.7825162410736084, 0.5484509468078613, 0.8883371353149414, -0.012882601469755173, 0.4590112864971161, -0.3521183431148529, 0.6224969625473022, 0.6989350914955139], "cam_t_m2c": [-250.88626098632812, -207.8600311279297, 786.1515502929688], "obj_id": 2}, {"cam_R_m2c": [0.33040133118629456, 0.6613215208053589, 0.6734158396720886, 0.33086204528808594, 0.5870572924613953, -0.7388464212417603, -0.8839486837387085, 0.4669235944747925, -0.024841662496328354], "cam_t_m2c": [-108.88934326171875, -211.05905151367188, 999.5972900390625], "obj_id": 3}, {"cam_R_m2c": [-0.8535835146903992, 0.24871109426021576, -0.4577530026435852, 0.22964029014110565, -0.6090709567070007, -0.7591428160667419, -0.4676113426685333, -0.7531103491783142, 0.4627789556980133], "cam_t_m2c": [180.946533203125, 13.09351634979248, 270.2549133300781], "obj_id": 4}, {"cam_R_m2c": [-0.6796514987945557, -0.7334298491477966, 0.012426846660673618, -0.643490195274353, 0.604267954826355, 0.46987295150756836, -0.3521279990673065, 0.31135332584381104, -0.8826465010643005], "cam_t_m2c": [-153.9501953125, 30.037839889526367, 468.758056640625], "obj_id": 1}, {"cam_R_m2c": [0.3737936317920685, -0.14768943190574646, -0.9156779646873474, 0.6905805468559265, 0.7033631205558777, 0.16846022009849548, 0.6191743016242981, -0.6953187584877014, 0.36490410566329956], "cam_t_m2c": [188.32421875, -400.5234680175781, 826.008056640625], "obj_id": 2}, {"cam_R_m2c": [-0.10670074075460434, 0.974091112613678, -0.19940251111984253, -0.9452919960021973, -0.1615617424249649, -0.2834092080593109, -0.3082822263240814, 0.15825361013412476, 0.9380393624305725], "cam_t_m2c": [-379.7293395996094, 193.193115234375, 380.5059509277344], "obj_id": 3}, {"cam_R_m2c": [0.8644068837165833, 0.13843098282814026, 0.48336073756217957, -0.4740700125694275, -0.09587953239679337, 0.875251293182373, 0.16750626266002655, -0.9857200980186462, -0.017252963036298752], "cam_t_m2c": [-419.0599365234375, -154.0054931640625, 1002.6989135742188], "obj_id": 4}],
  "1": [{"cam_R_m2c": [-0.9722423553466797, 0.22494624555110931, 0.06437574326992035, 0.11370226740837097, 0.694697380065918, -0.7102586627006531, -0.20449167490005493, -0.6832238435745239, -0.700991153717041], "cam_t_m2c": [281.3466796875, -14.380894660949707, 140.5144500732422], "obj_id": 1}, {"cam_R_m2c": [-0.013214252889156342, 0.09096258878707886, 0.9957666397094727, -0.5103577375411987, -0.8569836020469666, 0.07151217758655548, 0.8598605990409851, -0.5072522163391113, 0.05774790421128273], "cam_t_m2c": [74.79045104980469, 113.5831298828125, 142.81431579589844], "obj_id": 2}, {"cam_R_m2c": [-0.08464445918798447, 0.281369149684906, 0.9558591246604919, -0.6795264482498169, 0.6853101849555969, -0.2619039714336395, -0.7287517189979553, -0.6717002987861633, 0.1331900805234909], "cam_t_m2c": [-60.09379577636719, -198.16595458984375, 666.1239624023438], "obj_id": 3}, {"cam_R_m2c": [0.5060109496116638, -0.8600242137908936, 0.06566007435321808, -0.8551703095436096, -0.49031785130500793, 0.16814304888248444, -0.11241278797388077, -0.14123277366161346, -0.9835733771324158], "cam_t_m2c": [32.673095703125, -322.1923828125, 995.0933227539062], "obj_id": 4}, {"cam_R_m2c": [-0.23626191914081573, 0.7591304183006287, -0.606548547744751, 0.12481246888637543, 0.6427587270736694, 0.7558326721191406, 0.9636399745941162, 0.10286971181631088, -0.24660833179950714], "cam_t_m2c": [-474.4405212402344, 121.62582397460938, 697.2832641601562], "obj_id": 1}, {"cam_R_m2c": [0.7710943818092346, 0.4154907763004303, -0.4824737012386322, -0.6331936120986938, 0.5800377130508423, -0.5124666690826416, 0.06692777574062347, 0.700659453868866, 0.7103499174118042], "cam_t_m2c": [98.09893035888672, -101.06494903564453, 583.8847045898438], "obj_id": 2}, {"cam_R_m2c": [-0.15469145774841309, -0.5226193070411682, 0.8384149670600891, 0.6133715510368347, -0.7160731554031372, -0.33318859338760376, 0.7744972109794617, 0.46271848678588867, 0.431330144405365], "cam_t_m2c": [-273.28759765625, -214.23931884765625, 885.2096557617188], "obj_id": 3}, {"cam_R_m2c": [-0.05983531475067139, 0.8352383971214294, -0.5466228723526001, -0.06806441396474838, -0.5497433543205261, -0.8325559496879578, -0.9958850145339966, -0.012610698118805885, 0.08974411338567734], "cam_t_m2c": [326.55853271484375, -50.513336181640625, 259.4172058105469], "obj_id": 4}, {"cam_R_m2c": [0.4146079123020172, -0.496416300535202, 0.7626736760139465, 0.6806941032409668, -0.38705185055732727, -0.6219698190689087, 0.6039502024650574, 0.7770211100578308, 0.1774328649044037], "cam_t_m2c": [-470.65228271484375, 188.21324157714844, 354.5086669921875], "obj_id": 1}, {"cam_R_m2c": [-0.2947372496128082, -0.7825162410736084, 0.5484509468078613, 0.8883371353149414, -0.012882601469755173, 0.4590112864971161, -0.3521183431148529, 0.6224969625473022, 0.6989350914955139], "cam_t_m2c": [-250.88626098632812, -207.8600311279297, 786.1515502929688], "obj_id": 2}, {"cam_R_m2c": [0.33040133118629456, 0.6613215208053589, 0.6734158396720886, 0.33086204528808594, 0.5870572924613953, -0.7388464212417603, -0.8839486837387085, 0.4669235944747925, -0.024841662496328354], "cam_t_m2c": [-108.88934326171875, -211.05905151367188, 999.5972900390625], "obj_id": 3}, {"cam_R_m2c": [-0.8535835146903992, 0.24871109426021576, -0.4577530026435852, 0.22964029014110565, -0.6090709567070007, -0.7591428160667419, -0.4676113426685333, -0.7531103491783142, 0.4627789556980133], "cam_t_m2c": [180.946533203125, 13.09351634979248, 270.2549133300781], "obj_id": 4}, {"cam_R_m2c": [-0.6796514987945557, -0.7334298491477966, 0.012426846660673618, -0.643490195274353, 0.604267954826355, 0.46987295150756836, -0.3521279990673065, 0.31135332584381104, -0.8826465010643005], "cam_t_m2c": [-153.9501953125, 30.037839889526367, 468.758056640625], "obj_id": 1}, {"cam_R_m2c": [0.3737936317920685, -0.14768943190574646, -0.9156779646873474, 0.6905805468559265, 0.7033631205558777, 0.16846022009849548, 0.6191743016242981, -0.6953187584877014, 0.36490410566329956], "cam_t_m2c": [188.32421875, -400.5234680175781, 826.008056640625], "obj_id": 2}, {"cam_R_m2c": [-0.10670074075460434, 0.974091112613678, -0.19940251111984253, -0.9452919960021973, -0.1615617424249649, -0.2834092080593109, -0.3082822263240814, 0.15825361013412476, 0.9380393624305725], "cam_t_m2c": [-379.7293395996094, 193.193115234375, 380.5059509277344], "obj_id": 3}, {"cam_R_m2c": [0.8644068837165833, 0.13843098282814026, 0.48336073756217957, -0.4740700125694275, -0.09587953239679337, 0.875251293182373, 0.16750626266002655, -0.9857200980186462, -0.017252963036298752], "cam_t_m2c": [-419.0599365234375, -154.0054931640625, 1002.6989135742188], "obj_id": 4}],
  "2": [{"cam_R_m2c": [-0.5512784123420715, -0.8330085873603821, -0.04678851366043091, -0.8129623532295227, 0.5489278435707092, -0.19434641301631927, 0.18757574260234833, -0.06910165399312973, -0.9798166751861572], "cam_t_m2c": [-142.29415893554688, 283.6009826660156, 343.0191955566406], "obj_id": 1}, {"cam_R_m2c": [0.9203107357025146, 0.19008614122867584, 0.34189966320991516, -0.2921954393386841, -0.24708256125450134, 0.9238896369934082, 0.2600960433483124, -0.9501670598983765, -0.17185042798519135], "cam_t_m2c": [-289.85247802734375, 151.88455200195312, 484.16766357421875], "obj_id": 2}, {"cam_R_m2c": [-0.13681615889072418, -0.7995654940605164, 0.5847873687744141, -0.31353265047073364, 0.5949417948722839, 0.7400956153869629, -0.9396693706512451, -0.08209285885095596, -0.33208751678466797], "cam_t_m2c": [227.10971069335938, -140.765380859375, 674.7990112304688], "obj_id": 3}, {"cam_R_m2c": [0.6145931482315063, -0.09996107220649719, -0.7824851870536804, 0.09915134310722351, -0.9742830395698547, 0.20234008133411407, -0.7825881838798523, -0.20194128155708313, -0.5888764262199402], "cam_t_m2c": [569.6951904296875, -133.97084045410156, 796.446533203125], "obj_id": 4}, {"cam_R_m2c": [0.5311251878738403, -0.055027611553668976, -0.8455045819282532, -0.22959387302398682, 0.9512077569961548, -0.20613224804401398, 0.815593421459198, 0.30360469222068787, 0.49257636070251465], "cam_t_m2c": [-88.29037475585938, -379.9720458984375, 1018.635986328125], "obj_id": 1}, {"cam_R_m2c": [0.6993763446807861, 0.2915770709514618, 0.6525761485099792, 0.4198453426361084, 0.571308434009552, -0.7052209973335266, -0.5784485340118408, 0.7671958804130554, 0.27714231610298157], "cam_t_m2c": [163.9541778564453, 49.24757766723633, 641.283203125], "obj_id": 2}, {"cam_R_m2c": [0.1270299255847931, 0.5855507850646973, 0.8006206750869751, 0.06624044477939606, -0.8103654980659485, 0.5821679830551147, 0.989684522151947, -0.02091922238469124, -0.14172764122486115], "cam_t_m2c": [319.7806701660156, -355.690185546875, 872.1005859375], "obj_id": 3}, {"cam_R_m2c": [-0.6910058259963989, 0.6139509677886963, 0.38154295086860657, -0.010729881934821606, 0.5190619826316833, -0.8546692132949829, -0.7227694392204285, -0.5946753621101379, -0.35208722949028015], "cam_t_m2c": [-19.721010208129883, 300.2992248535156, 389.75811767578125], "obj_id": 4}, {"cam_R_m2c": [0.16094447672367096, 0.6191354393959045, 0.7686144113540649, 0.6205043196678162, -0.6690813302993774, 0.4090286195278168, 0.7675097584724426, 0.4110976755619049, -0.49186110496520996], "cam_t_m2c": [-372.44329833984375, -323.2564697265625, 823.7435913085938], "obj_id": 1}, {"cam_R_m2c": [-0.8937331438064575, 0.18228545784950256, 0.4098941683769226, 0.1391507089138031, -0.7560016512870789, 0.6396082639694214, 0.42647191882133484, 0.6286761164665222, 0.6502984762191772], "cam_t_m2c": [252.84970092773438, -325.5870666503906, 801.6089477539062], "obj_id": 2}, {"cam_R_m2c": [-0.7187532186508179, 0.2052207738161087, 0.6642878651618958, 0.5032106041908264, 0.8128488063812256, 0.2933529317378998, -0.4797634482383728, 0.5451250076293945, -0.6875069737434387], "cam_t_m2c": [456.40814208984375, -214.44981384277344, 910.90185546875], "obj_id": 3}, {"cam_R_m2c": [-0.7688199281692505, -0.08186917006969452, 0.6342031359672546, -0.6374167799949646, 0.01878945529460907, -0.7702901363372803, 0.05114663019776344, -0.9964660406112671, -0.06663062423467636], "cam_t_m2c": [-100.97837829589844, 195.4196319580078, 477.8697509765625], "obj_id": 4}, {"cam_R_m2c": [-0.09519621729850769, -0.3984264135360718, -0.9122467041015625, -0.8617939949035645, -0.425694078207016, 0.2758544087409973, -0.4982457160949707, 0.8124290704727173, -0.3028370141983032], "cam_t_m2c": [-85.15462493896484, -113.61386108398438, 714.7122192382812], "obj_id": 1}, {"cam_R_m2c": [0.15170758962631226, -0.9756983518600464, -0.1581060290336609, 0.5868319869041443, 0.21762479841709137, -0.7799151539802551, 0.7953697443008423, 0.025537380948662758, 0.6055863499641418], "cam_t_m2c": [550.2828369140625, -14.846014022827148, 585.7683715820312], "obj_id": 2}, {"cam_R_m2c": [0.31767717003822327, 0.547977864742279, 0.7738226056098938, -0.47738924622535706, 0.7975507974624634, -0.3687983751296997, -0.8192561864852905, -0.25225576758384705, 0.5149624347686768], "cam_t_m2c": [-325.4711608886719, -241.06201171875, 821.4326171875], "obj_id": 3}, {"cam_R_m2c": [0.7067338228225708, -0.5983086824417114, -0.37756335735321045, 0.5645918846130371, 0.1553671807050705, 0.8106153011322021, -0.4263371527194977, -0.7860584259033203, 0.44760340452194214], "cam_t_m2c": [316.73883056640625, -469.8932189941406, 1032.1937255859375], "obj_id": 4}]
}