{
  "0": [{"cam_R_m2c": [-0.04405958205461502, 0.9972728490829468, 0.0592074990272522, 0.570454478263855, 0.0737675353884697, -0.8180097937583923, -0.8201465606689453, -0.0022660186514258385, -0.5721489191055298], "cam_t_m2c": [323.31866455078125, 10.340715408325195, 310.2180480957031], "obj_id": 2}, {"cam_R_m2c": [-0.04405958205461502, 0.9972728490829468, 0.0592074990272522, 0.570454478263855, 0.0737675353884697, -0.8180097937583923, -0.8201465606689453, -0.0022660186514258385, -0.5721489191055298], "cam_t_m2c": [323.31866455078125, 10.340715408325195, 310.2180480957031], "obj_id": 1}, {"cam_R_m2c": [-0.04405958205461502, 0.9972728490829468, 0.0592074990272522, 0.570454478263855, 0.0737675353884697, -0.8180097937583923, -0.8201465606689453, -0.0022660186514258385, -0.5721489191055298], "cam_t_m2c": [323.31866455078125, 10.340715408325195, 310.2180480957031], "obj_id": 3}, {"cam_R_m2c": [-0.04405958205461502, 0.9972728490829468, 0.0592074990272522, 0.570454478263855, 0.0737675353884697, -0.8180097937583923, -0.8201465606689453, -0.0022660186514258385, -0.5721489191055298], "cam_t_m2c": [323.31866455078125, 10.340715408325195, 310.2180480957031], "obj_id": 2}, {"cam_R_m2c": [-0.04405958205461502, 0.9972728490829468, 0.0592074990272522, 0.570454478263855, 0.0737675353884697, -0.8180097937583923, -0.8201465606689453, -0.0022660186514258385, -0.5721489191055298], "cam_t_m2c": [323.31866455078125, 10.340715408325195, 310.2180480957031], "obj_id": 0}, {"cam_R_m2c": [-0.04405958205461502, 0.9972728490829468, 0.0592074990272522, 0.570454478263855, 0.0737675353884697, -0.8180097937583923, -0.8201465606689453, -0.0022660186514258385, -0.5721489191055298], "cam_t_m2c": [323.31866455078125, 10.340715408325195, 310.2180480957031], "obj_id": 3}, {"cam_R_m2c": [-0.04405958205461502, 0.9972728490829468, 0.0592074990272522, 0.570454478263855, 0.0737675353884697, -0.8180097937583923, -0.8201465606689453, -0.0022660186514258385, -0.5721489191055298], "cam_t_m2c": [323.31866455078125, 10.340715408325195, 310.2180480957031], "obj_id": 3}, {"cam_R_m2c": [-0.04405958205461502, 0.9972728490829468, 0.0592074990272522, 0.570454478263855, 0.0737675353884697, -0.8180097937583923, -0.8201465606689453, -0.0022660186514258385, -0.5721489191055298], "cam_t_m2c": [323.31866455078125, 10.340715408325195, 310.2180480957031], "obj_id": 3}, {"cam_R_m2c": [-0.04405958205461502, 0.9972728490829468, 0.0592074990272522, 0.570454478263855, 0.0737675353884697, -0.8180097937583923, -0.8201465606689453, -0.0022660186514258385, -0.5721489191055298], "cam_t_m2c": [323.31866455078125, 10.340715408325195, 310.2180480957031], "obj_id": 1}, {"cam_R_m2c": [-0.04405958205461502, 0.9972728490829468, 0.0592074990272522, 0.570454478263855, 0.0737675353884697, -0.8180097937583923, -0.8201465606689453, -0.0022660186514258385, -0.5721489191055298], "cam_t_m2c": [323.31866455078125, 10.340715408325195, 310.2180480957031], "obj_id": 1}, {"cam_R_m2c": [-0.04405958205461502, 0.9972728490829468, 0.0592074990272522, 0.570454478263855, 0.0737675353884697, -0.8180097937583923, -0.8201465606689453, -0.0022660186514258385, -0.5721489191055298], "cam_t_m2c": [323.31866455078125, 10.340715408325195, 310.2180480957031], "obj_id": 2}, {"cam_R_m2c": [-0.04405958205461502, 0.9972728490829468, 0.0592074990272522, 0.570454478263855, 0.0737675353884697, -0.8180097937583923, -0.8201465606689453, -0.0022660186514258385, -0.5721489191055298], "cam_t_m2c": [323.31866455078125, 10.340715408325195, 310.2180480957031], "obj_id": 3}, {"cam_R_m2c": [-0.04405958205461502, 0.9972728490829468, 0.0592074990272522, 0.570454478263855, 0.0737675353884697, -0.8180097937583923, -0.8201465606689453, -0.0022660186514258385, -0.5721489191055298], "cam_t_m2c": [323.31866455078125, 10.340715408325195, 310.2180480957031], "obj_id": 2}, {"cam_R_m2c": [-0.04405958205461502, 0.9972728490829468, 0.0592074990272522, 0.570454478263855, 0.0737675353884697, -0.8180097937583923, -0.8201465606689453, -0.0022660186514258385, -0.5721489191055298], "cam_t_m2c": [323.31866455078125, 10.340715408325195, 310.2180480957031], "obj_id": 1}, {"cam_R_m2c": [-0.04405958205461502, 0.9972728490829468, 0.0592074990272522, 0.570454478263855, 0.0737675353884697, -0.8180097937583923, -0.8201465606689453, -0.0022660186514258385, -0.5721489191055298], "cam_t_m2c": [323.31866455078125, 10.340715408325195, 310.2180480957031], "obj_id": 1}, {"cam_R_m2c": [-0.04405958205461502, 0.9972728490829468, 0.0592074990272522, 0.570454478263855, 0.0737675353884697, -0.8180097937583923, -0.8201465606689453, -0.0022660186514258385, -0.5721489191055298], "cam_t_m2c": [323.31866455078125, 10.340715408325195, 310.2180480957031], "obj_id": 3}, {"cam_R_m2c": [-0.04405958205461502, 0.9972728490829468, 0.0592074990272522, 0.570454478263855, 0.0737675353884697, -0.8180097937583923, -0.8201465606689453, -0.0022660186514258385, -0.5721489191055298], "cam_t_m2c": [323.31866455078125, 10.340715408325195, 310.2180480957031], "obj_id": 3}, {"cam_R_m2c": [-0.04405958205461502, 0.9972728490829468, 0.0592074990272522, 0.570454478263855, 0.0737675353884697, -0.8180097937583923, -0.8201465606689453, -0.0022660186514258385, -0.5721489191055298], "cam_t_m2c": [323.31866455078125, 10.340715408325195, 310.2180480957031], "obj_id": 3}, {"cam_R_m2c": [-0.04405958205461502, 0.9972728490829468, 0.0592074990272522, 0.570454478263855, 0.0737675353884697, -0.8180097937583923, -0.8201465606689453, -0.0022660186514258385, -0.5721489191055298], "cam_t_m2c": [323.31866455078125, 10.340715408325195, 310.2180480957031], "obj_id": 1}, {"cam_R_m2c": [-0.04405958205461502, 0.9972728490829468, 0.0592074990272522, 0.570454478263855, 0.0737675353884697, -0.8180097937583923, -0.8201465606689453, -0.0022660186514258385, -0.5721489191055298], "cam_t_m2c": [323.31866455078125, 10.340715408325195, 310.2180480957031], "obj_id": 0}, {"cam_R_m2c": [-0.04405958205461502, 0.9972728490829468, 0.0592074990272522, 0.570454478263855, 0.0737675353884697, -0.8180097937583923, -0.8201465606689453, -0.0022660186514258385, -0.5721489191055298], "cam_t_m2c": [323.31866455078125, 10.340715408325195, 310.2180480957031], "obj_id": 1}, {"cam_R_m2c": [-0.04405958205461502, 0.9972728490829468, 0.0592074990272522, 0.570454478263855, 0.0737675353884697, -0.8180097937583923, -0.8201465606689453, -0.0022660186514258385, -0.5721489191055298], "cam_t_m2c": [323.31866455078125, 10.340715408325195, 310.2180480957031], "obj_id": 1}, {"cam_R_m2c": [-0.04405958205461502, 0.9972728490829468, 0.0592074990272522, 0.570454478263855, 0.0737675353884697, -0.8180097937583923, -0.8201465606689453, -0.0022660186514258385, -0.5721489191055298], "cam_t_m2c": [323.31866455078125, 10.340715408325195, 310.2180480957031], "obj_id": 1}, {"cam_R_m2c": [-0.04405958205461502, 0.9972728490829468, 0.0592074990272522, 0.570454478263855, 0.0737675353884697, -0.8180097937583923, -0.8201465606689453, -0.0022660186514258385, -0.5721489191055298], "cam_t_m2c": [323.31866455078125, 10.340715408325195, 310.2180480957031], "obj_id": 3}, {"cam_R_m2c": [-0.024011122062802315, 0.9758678674697876, 0.21703730523586273, 0.8098737597465515, -0.10829382389783859, 0.5765212178230286, 0.586112380027771, 0.18961581587791443, -0.7877295017242432], "cam_t_m2c": [227.7346649169922, -84.09113311767578, 347.947509765625], "obj_id": 0}, {"cam_R_m2c": [0.5287728309631348, 0.6647821068763733, -0.5276968479156494, -0.7890271544456482, 0.15588781237602234, -0.5942516326904297, -0.31278640031814575, 0.7305912971496582, 0.6069604158401489], "cam_t_m2c": [445.4482727050781, -14.120162963867188, 370.3694763183594], "obj_id": 0}, {"cam_R_m2c": [0.03983625769615173, -0.5128493309020996, 0.8575537800788879, -0.7524552941322327, -0.5800811052322388, -0.3119562864303589, 0.6574374437332153, -0.6328437924385071, -0.4090043306350708], "cam_t_m2c": [-261.8278503417969, 6592.7763671875, 4760.9990234375], "obj_id": 0}, {"cam_R_m2c": [0.16276171803474426, 0.4500177502632141, 0.878061830997467, -0.5613507032394409, 0.7740957736968994, -0.29267919063568115, -0.8114147782325745, -0.44526368379592896, 0.3786109685897827], "cam_t_m2c": [409.3293762207031, -82.67444610595703, 364.7139587402344], "obj_id": 2}, {"cam_R_m2c": [0.2640005350112915, -0.905466616153717, -0.33231595158576965, 0.7212069034576416, -0.04345754161477089, 0.6913551688194275, -0.6404407024383545, -0.4221867024898529, 0.6415559649467468], "cam_t_m2c": [219.9737548828125, 64.31362915039062, 134.96792602539062], "obj_id": 3}, {"cam_R_m2c": [0.14475814998149872, -0.5873864889144897, 0.7962549924850464, 0.7311806082725525, 0.6056857109069824, 0.31387844681739807, -0.6666482090950012, 0.5367698073387146, 0.5171636343002319], "cam_t_m2c": [464.28277587890625, -6.469516277313232, 261.4493713378906], "obj_id": 3}, {"cam_R_m2c": [-0.7711774706840515, 0.5747678279876709, -0.2737281918525696, -0.5428142547607422, -0.36900702118873596, 0.7544444799423218, 0.332622766494751, 0.730394184589386, 0.5965621471405029], "cam_t_m2c": [414.35260009765625, 70.00337982177734, 146.94805908203125], "obj_id": 3}, {"cam_R_m2c": [0.34167760610580444, -0.9332805275917053, 0.11065184324979782, 0.615634024143219, 0.31122174859046936, 0.7239722013473511, -0.7101064324378967, -0.1792440414428711, 0.6808967590332031], "cam_t_m2c": [111.91779327392578, 79.31008911132812, 224.1876220703125], "obj_id": 1}]
}