{
  "0": [{"cam_R_m2c": [-0.7050913572311401, -0.03502046689391136, 0.7082511782646179, 0.5859016180038452, 0.5338571667671204, 0.6096850037574768, -0.3994563817977905, 0.844849169254303, -0.35589951276779175], "cam_t_m2c": [-144.1529998779297, 4027.358154296875, 5079.2734375], "obj_id": 2}, {"cam_R_m2c": [-0.5434387922286987, -0.8392201662063599, -0.019591039046645164, 0.8383617401123047, -0.5413998961448669, -0.06352722644805908, 0.04270673915743828, -0.050947535783052444, 0.9977877736091614], "cam_t_m2c": [-105.8644790649414, 4061.58935546875, 5046.68896484375], "obj_id": 3}, {"cam_R_m2c": [-0.3473595380783081, -0.7781786322593689, -0.5232391953468323, -0.15129394829273224, 0.597180962562561, -0.7877086997032166, 0.9254465699195862, -0.19445523619651794, -0.32517021894454956], "cam_t_m2c": [-81.09457397460938, 4049.4951171875, 5058.20068359375], "obj_id": 2}, {"cam_R_m2c": [-0.48932960629463196, -0.3992841839790344, -0.775324821472168, 0.7808130383491516, -0.5965703129768372, -0.18556590378284454, -0.3884422779083252, -0.6961866617202759, 0.6036859154701233], "cam_t_m2c": [-157.6820526123047, 4067.577392578125, 5040.98779296875], "obj_id": 2}, {"cam_R_m2c": [-0.5107121467590332, -0.5104274153709412, -0.6918358206748962, 0.2785409986972809, -0.8595230579376221, 0.4285263419151306, -0.8133805394172668, 0.026148993521928787, 0.5811439752578735], "cam_t_m2c": [-128.0272674560547, 3983.4580078125, 5121.0615234375], "obj_id": 2}, {"cam_R_m2c": [0.4762762486934662, -0.011974887922406197, 0.8792141079902649, -0.8539079427719116, 0.23224109411239624, 0.46573078632354736, -0.209766685962677, -0.9725844860076904, 0.10038548707962036], "cam_t_m2c": [-126.43556213378906, 3990.02685546875, 5114.80859375], "obj_id": 2}, {"cam_R_m2c": [0.3000924587249756, -0.8112781643867493, -0.5017690658569336, 0.5675873160362244, 0.5746254324913025, -0.5896187424659729, 0.7666741013526917, -0.10785763710737228, 0.6329119801521301], "cam_t_m2c": [-122.65557098388672, -50.41564178466797, 815.2674560546875], "obj_id": 0}, {"cam_R_m2c": [-0.11408503353595734, -0.9934674501419067, -0.0026062834076583385, 0.971817135810852, -0.11105330288410187, -0.20793847739696503, 0.20629069209098816, -0.026255523785948753, 0.9781384468078613], "cam_t_m2c": [-160.8360595703125, -3.4514777660369873, 770.5626220703125], "obj_id": 1}, {"cam_R_m2c": [0.4341926872730255, 0.5010971426963806, -0.7485842704772949, -0.140415221452713, 0.8584936261177063, 0.4932263195514679, 0.8898091316223145, -0.10904265195131302, 0.4431133568286896], "cam_t_m2c": [-102.69828033447266, -17.51347541809082, 783.9481811523438], "obj_id": 3}, {"cam_R_m2c": [0.22253724932670593, -0.961835503578186, 0.15921534597873688, 0.9692270755767822, 0.20063738524913788, -0.1426304131746292, 0.10524246841669083, 0.18605640530586243, 0.9768863916397095], "cam_t_m2c": [-168.7460174560547, -50.0909423828125, 814.9583740234375], "obj_id": 3}, {"cam_R_m2c": [0.7287226915359497, 0.5130199193954468, 0.4536229968070984, -0.18961280584335327, 0.7876660823822021, -0.5861988663673401, -0.658035159111023, 0.341163694858551, 0.6712653040885925], "cam_t_m2c": [-61.85487747192383, -26.717771530151367, 792.7096557617188], "obj_id": 0}, {"cam_R_m2c": [-0.12538011372089386, 0.823071300983429, -0.5539253950119019, -0.5401471853256226, -0.5249585509300232, -0.6577684283256531, -0.8321782946586609, 0.21673014760017395, 0.5103991031646729], "cam_t_m2c": [-202.82110595703125, -35.64631652832031, 801.2086791992188], "obj_id": 3}],
  "1": [{"cam_R_m2c": [-0.35327550768852234, 0.19317132234573364, -0.9153583645820618, -0.32402029633522034, 0.8926223516464233, 0.3134264349937439, 0.8776143193244934, 0.40732064843177795, -0.2527501583099365], "cam_t_m2c": [133.9110565185547, 5221.57470703125, 3638.9921875], "obj_id": 2}, {"cam_R_m2c": [-0.30741140246391296, 0.666976273059845, 0.6787053346633911, 0.20571959018707275, -0.6497938632965088, 0.7317426800727844, 0.9290735721588135, 0.3645690083503723, 0.06254395097494125], "cam_t_m2c": [75.17656707763672, 5228.82421875, 3624.9482421875], "obj_id": 3}, {"cam_R_m2c": [0.8242862820625305, -0.2018999308347702, 0.5289503931999207, 0.49656417965888977, -0.19100472331047058, -0.8467237949371338, 0.2719855010509491, 0.9606006145477295, -0.057186298072338104], "cam_t_m2c": [80.37957763671875, 5242.31689453125, 3598.81005859375], "obj_id": 2}, {"cam_R_m2c": [-0.5629493594169617, 0.1183302104473114, 0.817976713180542, -0.13194768130779266, -0.9898712635040283, 0.052387580275535583, 0.8158907294273376, -0.07843857258558273, 0.5728608965873718], "cam_t_m2c": [88.65771484375, 5205.56298828125, 3670.01025390625], "obj_id": 2}, {"cam_R_m2c": [-0.48954641819000244, 0.7926502227783203, 0.36338669061660767, -0.7089452743530273, -0.6044410467147827, 0.36338353157043457, 0.5076819062232971, -0.0797281563282013, 0.8578476309776306], "cam_t_m2c": [182.75393676757812, 5239.62060546875, 3604.0322265625], "obj_id": 2}, {"cam_R_m2c": [0.2397051453590393, -0.7616880536079407, -0.6019740104675293, -0.37027379870414734, -0.6449092626571655, 0.6685724258422852, -0.8974623680114746, 0.06263498216867447, -0.43662115931510925], "cam_t_m2c": [173.81956481933594, 5238.59912109375, 3606.011474609375], "obj_id": 2}, {"cam_R_m2c": [-0.014461558312177658, -0.11896723508834839, 0.9927927255630493, 0.9888610243797302, -0.14880163967609406, -0.0034266544971615076, 0.1481369584798813, 0.9816845655441284, 0.1197940930724144], "cam_t_m2c": [137.6956329345703, -9.570107460021973, 910.3363037109375], "obj_id": 0}, {"cam_R_m2c": [-0.4669853150844574, 0.460292249917984, 0.7550203800201416, 0.5757514834403992, -0.4897788166999817, 0.6546960473060608, 0.6711445450782776, 0.7404375076293945, -0.036294400691986084], "cam_t_m2c": [93.94036102294922, -37.649166107177734, 964.7324829101562], "obj_id": 1}, {"cam_R_m2c": [0.47733789682388306, -0.8404117226600647, 0.2566254436969757, 0.8018669486045837, 0.5360428690910339, 0.26394587755203247, -0.3593854606151581, 0.07978810369968414, 0.9297719597816467], "cam_t_m2c": [88.08007049560547, -9.66321086883545, 910.5166625976562], "obj_id": 3}, {"cam_R_m2c": [-0.6656015515327454, 0.37490665912628174, 0.6453055143356323, 0.6376112103462219, -0.16369134187698364, 0.7527660727500916, 0.3878480792045593, 0.9124965071678162, -0.13009127974510193], "cam_t_m2c": [155.9976348876953, -28.974178314208984, 947.9268798828125], "obj_id": 3}, {"cam_R_m2c": [-0.5849570035934448, -0.5146960020065308, 0.6268278956413269, -0.29313403367996216, 0.8547667860984802, 0.42830610275268555, -0.756239116191864, 0.06679607927799225, -0.6508767604827881], "cam_t_m2c": [83.11183166503906, 9.824254035949707, 872.7645263671875], "obj_id": 0}, {"cam_R_m2c": [-0.11590488255023956, 0.14990298449993134, 0.9818834662437439, -0.9530836939811707, 0.26152607798576355, -0.1524321287870407, -0.2796381711959839, -0.9534847736358643, 0.11255794763565063], "cam_t_m2c": [151.60623168945312, -46.97169876098633, 982.7925415039062], "obj_id": 3}]
}