{
  "0": [{"cam_R_m2c": [0.4843252897262573, -0.6529688239097595, 0.5822891592979431, -0.10596928000450134, -0.7044411301612854, -0.701806902885437, 0.8684465885162354, 0.2781980633735657, -0.4103732407093048], "cam_t_m2c": [59.91575622558594, 26.88631248474121, 268.92230224609375], "obj_id": 1}, {"cam_R_m2c": [0.4843252897262573, -0.6529688239097595, 0.5822891592979431, -0.10596928000450134, -0.7044411301612854, -0.701806902885437, 0.8684465885162354, 0.2781980633735657, -0.4103732407093048], "cam_t_m2c": [59.91575622558594, 26.88631248474121, 268.92230224609375], "obj_id": 2}, {"cam_R_m2c": [0.4843252897262573, -0.6529688239097595, 0.5822891592979431, -0.10596928000450134, -0.7044411301612854, -0.701806902885437, 0.8684465885162354, 0.2781980633735657, -0.4103732407093048], "cam_t_m2c": [59.91575622558594, 26.88631248474121, 268.92230224609375], "obj_id": 0}, {"cam_R_m2c": [0.4843252897262573, -0.6529688239097595, 0.5822891592979431, -0.10596928000450134, -0.7044411301612854, -0.701806902885437, 0.8684465885162354, 0.2781980633735657, -0.4103732407093048], "cam_t_m2c": [59.91575622558594, 26.88631248474121, 268.92230224609375], "obj_id": 1}, {"cam_R_m2c": [0.4843252897262573, -0.6529688239097595, 0.5822891592979431, -0.10596928000450134, -0.7044411301612854, -0.701806902885437, 0.8684465885162354, 0.2781980633735657, -0.4103732407093048], "cam_t_m2c": [59.91575622558594, 26.88631248474121, 268.92230224609375], "obj_id": 3}, {"cam_R_m2c": [0.4843252897262573, -0.6529688239097595, 0.5822891592979431, -0.10596928000450134, -0.7044411301612854, -0.701806902885437, 0.8684465885162354, 0.2781980633735657, -0.4103732407093048], "cam_t_m2c": [59.91575622558594, 26.88631248474121, 268.92230224609375], "obj_id": 2}, {"cam_R_m2c": [0.4843252897262573, -0.6529688239097595, 0.5822891592979431, -0.10596928000450134, -0.7044411301612854, -0.701806902885437, 0.8684465885162354, 0.2781980633735657, -0.4103732407093048], "cam_t_m2c": [59.91575622558594, 26.88631248474121, 268.92230224609375], "obj_id": 0}, {"cam_R_m2c": [0.4843252897262573, -0.6529688239097595, 0.5822891592979431, -0.10596928000450134, -0.7044411301612854, -0.701806902885437, 0.8684465885162354, 0.2781980633735657, -0.4103732407093048], "cam_t_m2c": [59.91575622558594, 26.88631248474121, 268.92230224609375], "obj_id": 1}, {"cam_R_m2c": [0.4843252897262573, -0.6529688239097595, 0.5822891592979431, -0.10596928000450134, -0.7044411301612854, -0.701806902885437, 0.8684465885162354, 0.2781980633735657, -0.4103732407093048], "cam_t_m2c": [59.91575622558594, 26.88631248474121, 268.92230224609375], "obj_id": 2}, {"cam_R_m2c": [0.4843252897262573, -0.6529688239097595, 0.5822891592979431, -0.10596928000450134, -0.7044411301612854, -0.701806902885437, 0.8684465885162354, 0.2781980633735657, -0.4103732407093048], "cam_t_m2c": [59.91575622558594, 26.88631248474121, 268.92230224609375], "obj_id": 2}, {"cam_R_m2c": [0.4843252897262573, -0.6529688239097595, 0.5822891592979431, -0.10596928000450134, -0.7044411301612854, -0.701806902885437, 0.8684465885162354, 0.2781980633735657, -0.4103732407093048], "cam_t_m2c": [59.91575622558594, 26.88631248474121, 268.92230224609375], "obj_id": 3}, {"cam_R_m2c": [0.4843252897262573, -0.6529688239097595, 0.5822891592979431, -0.10596928000450134, -0.7044411301612854, -0.701806902885437, 0.8684465885162354, 0.2781980633735657, -0.4103732407093048], "cam_t_m2c": [59.91575622558594, 26.88631248474121, 268.92230224609375], "obj_id": 2}, {"cam_R_m2c": [0.4843252897262573, -0.6529688239097595, 0.5822891592979431, -0.10596928000450134, -0.7044411301612854, -0.701806902885437, 0.8684465885162354, 0.2781980633735657, -0.4103732407093048], "cam_t_m2c": [59.91575622558594, 26.88631248474121, 268.92230224609375], "obj_id": 3}, {"cam_R_m2c": [0.4843252897262573, -0.6529688239097595, 0.5822891592979431, -0.10596928000450134, -0.7044411301612854, -0.701806902885437, 0.8684465885162354, 0.2781980633735657, -0.4103732407093048], "cam_t_m2c": [59.91575622558594, 26.88631248474121, 268.92230224609375], "obj_id": 1}, {"cam_R_m2c": [0.4843252897262573, -0.6529688239097595, 0.5822891592979431, -0.10596928000450134, -0.7044411301612854, -0.701806902885437, 0.8684465885162354, 0.2781980633735657, -0.4103732407093048], "cam_t_m2c": [59.91575622558594, 26.88631248474121, 268.92230224609375], "obj_id": 0}, {"cam_R_m2c": [0.4843252897262573, -0.6529688239097595, 0.5822891592979431, -0.10596928000450134, -0.7044411301612854, -0.701806902885437, 0.8684465885162354, 0.2781980633735657, -0.4103732407093048], "cam_t_m2c": [59.91575622558594, 26.88631248474121, 268.92230224609375], "obj_id": 0}, {"cam_R_m2c": [0.4843252897262573, -0.6529688239097595, 0.5822891592979431, -0.10596928000450134, -0.7044411301612854, -0.701806902885437, 0.8684465885162354, 0.2781980633735657, -0.4103732407093048], "cam_t_m2c": [59.91575622558594, 26.88631248474121, 268.92230224609375], "obj_id": 2}, {"cam_R_m2c": [0.4843252897262573, -0.6529688239097595, 0.5822891592979431, -0.10596928000450134, -0.7044411301612854, -0.701806902885437, 0.8684465885162354, 0.2781980633735657, -0.4103732407093048], "cam_t_m2c": [59.91575622558594, 26.88631248474121, 268.92230224609375], "obj_id": 2}, {"cam_R_m2c": [0.4843252897262573, -0.6529688239097595, 0.5822891592979431, -0.10596928000450134, -0.7044411301612854, -0.701806902885437, 0.8684465885162354, 0.2781980633735657, -0.4103732407093048], "cam_t_m2c": [59.91575622558594, 26.88631248474121, 268.92230224609375], "obj_id": 0}, {"cam_R_m2c": [0.4843252897262573, -0.6529688239097595, 0.5822891592979431, -0.10596928000450134, -0.7044411301612854, -0.701806902885437, 0.8684465885162354, 0.2781980633735657, -0.4103732407093048], "cam_t_m2c": [59.91575622558594, 26.88631248474121, 268.92230224609375], "obj_id": 3}, {"cam_R_m2c": [0.4843252897262573, -0.6529688239097595, 0.5822891592979431, -0.10596928000450134, -0.7044411301612854, -0.701806902885437, 0.8684465885162354, 0.2781980633735657, -0.4103732407093048], "cam_t_m2c": [59.91575622558594, 26.88631248474121, 268.92230224609375], "obj_id": 3}, {"cam_R_m2c": [0.4843252897262573, -0.6529688239097595, 0.5822891592979431, -0.10596928000450134, -0.7044411301612854, -0.701806902885437, 0.8684465885162354, 0.2781980633735657, -0.4103732407093048], "cam_t_m2c": [59.91575622558594, 26.88631248474121, 268.92230224609375], "obj_id": 1}, {"cam_R_m2c": [0.4843252897262573, -0.6529688239097595, 0.5822891592979431, -0.10596928000450134, -0.7044411301612854, -0.701806902885437, 0.8684465885162354, 0.2781980633735657, -0.4103732407093048], "cam_t_m2c": [59.91575622558594, 26.88631248474121, 268.92230224609375], "obj_id": 1}, {"cam_R_m2c": [0.4843252897262573, -0.6529688239097595, 0.5822891592979431, -0.10596928000450134, -0.7044411301612854, -0.701806902885437, 0.8684465885162354, 0.2781980633735657, -0.4103732407093048], "cam_t_m2c": [59.91575622558594, 26.88631248474121, 268.92230224609375], "obj_id": 2}, {"cam_R_m2c": [0.24951845407485962, -0.3035494387149811, 0.9195641279220581, 0.10127171128988266, 0.9525725841522217, 0.28696608543395996, -0.9630599617958069, 0.021522514522075653, 0.2684254050254822], "cam_t_m2c": [-2.4287402629852295, -24.663555145263672, 198.0514678955078], "obj_id": 3}, {"cam_R_m2c": [-0.4844082295894623, 0.04599931463599205, -0.8736318349838257, -0.2270112931728363, 0.957801103591919, 0.17630349099636078, 0.8448753952980042, 0.28372716903686523, -0.4535243809223175], "cam_t_m2c": [122.7575912475586, 93.53170776367188, 179.08572387695312], "obj_id": 3}, {"cam_R_m2c": [-0.9610747694969177, 0.18806129693984985, -0.20240512490272522, -0.22369299829006195, -0.09966851770877838, 0.9695501327514648, 0.1621614247560501, 0.9770869612693787, 0.1378571093082428], "cam_t_m2c": [149.1496124267578, 12.859655380249023, 337.41552734375], "obj_id": 3}, {"cam_R_m2c": [-0.5894348621368408, -0.7926396131515503, 0.15584911406040192, 0.17301180958747864, -0.3123188018798828, -0.9340898394584656, 0.789071261882782, -0.5236213803291321, 0.32122763991355896], "cam_t_m2c": [-4634.00390625, 5478.640625, 3445.578369140625], "obj_id": 0}, {"cam_R_m2c": [-0.4033081829547882, -0.534099817276001, -0.7430205941200256, -0.4608666002750397, 0.8200434446334839, -0.33930912613868713, 0.7905341386795044, 0.2055872082710266, -0.5768789649009705], "cam_t_m2c": [-4764.09619140625, 5516.54296875, 3781.779052734375], "obj_id": 2}, {"cam_R_m2c": [0.1295061856508255, 0.9562560319900513, 0.2623023986816406, -0.576660692691803, 0.2878289818763733, -0.7646024227142334, -0.8066539168357849, -0.052238769829273224, 0.5887109041213989], "cam_t_m2c": [-40.17851638793945, -92.90686798095703, 242.42294311523438], "obj_id": 1}, {"cam_R_m2c": [0.36498725414276123, -0.8595936298370361, -0.3576073944568634, -0.5471287965774536, 0.11274177581071854, -0.8294210433959961, 0.753282368183136, 0.4983854293823242, -0.42915913462638855], "cam_t_m2c": [-4496.41259765625, 5713.3330078125, 3514.828369140625], "obj_id": 0}, {"cam_R_m2c": [0.7012988924980164, 0.6269574761390686, -0.3392699956893921, -0.3330971300601959, 0.7089725732803345, 0.6216140985488892, 0.6302587985992432, -0.32292741537094116, 0.7060394287109375], "cam_t_m2c": [-95.54029846191406, -57.97309875488281, 219.59266662597656], "obj_id": 1}],
  "1": [{"cam_R_m2c": [0.1587514877319336, -0.793736457824707, -0.5871801376342773, -0.6315239667892456, 0.37551626563072205, -0.6783547401428223, 0.7589305639266968, 0.4785081446170807, -0.44164982438087463], "cam_t_m2c": [56.41525650024414, -61.908485412597656, 237.0489044189453], "obj_id": 1}, {"cam_R_m2c": [0.1587514877319336, -0.793736457824707, -0.5871801376342773, -0.6315239667892456, 0.37551626563072205, -0.6783547401428223, 0.7589305639266968, 0.4785081446170807, -0.44164982438087463], "cam_t_m2c": [56.41525650024414, -61.908485412597656, 237.0489044189453], "obj_id": 2}, {"cam_R_m2c": [0.1587514877319336, -0.793736457824707, -0.5871801376342773, -0.6315239667892456, 0.37551626563072205, -0.6783547401428223, 0.7589305639266968, 0.4785081446170807, -0.44164982438087463], "cam_t_m2c": [56.41525650024414, -61.908485412597656, 237.0489044189453], "obj_id": 0}, {"cam_R_m2c": [0.1587514877319336, -0.793736457824707, -0.5871801376342773, -0.6315239667892456, 0.37551626563072205, -0.6783547401428223, 0.7589305639266968, 0.4785081446170807, -0.44164982438087463], "cam_t_m2c": [56.41525650024414, -61.908485412597656, 237.0489044189453], "obj_id": 1}, {"cam_R_m2c": [0.1587514877319336, -0.793736457824707, -0.5871801376342773, -0.6315239667892456, 0.37551626563072205, -0.6783547401428223, 0.7589305639266968, 0.4785081446170807, -0.44164982438087463], "cam_t_m2c": [56.41525650024414, -61.908485412597656, 237.0489044189453], "obj_id": 3}, {"cam_R_m2c": [0.1587514877319336, -0.793736457824707, -0.5871801376342773, -0.6315239667892456, 0.37551626563072205, -0.6783547401428223, 0.7589305639266968, 0.4785081446170807, -0.44164982438087463], "cam_t_m2c": [56.41525650024414, -61.908485412597656, 237.0489044189453], "obj_id": 2}, {"cam_R_m2c": [0.1587514877319336, -0.793736457824707, -0.5871801376342773, -0.6315239667892456, 0.37551626563072205, -0.6783547401428223, 0.7589305639266968, 0.4785081446170807, -0.44164982438087463], "cam_t_m2c": [56.41525650024414, -61.908485412597656, 237.0489044189453], "obj_id": 0}, {"cam_R_m2c": [0.1587514877319336, -0.793736457824707, -0.5871801376342773, -0.6315239667892456, 0.37551626563072205, -0.6783547401428223, 0.7589305639266968, 0.4785081446170807, -0.44164982438087463], "cam_t_m2c": [56.41525650024414, -61.908485412597656, 237.0489044189453], "obj_id": 1}, {"cam_R_m2c": [0.1587514877319336, -0.793736457824707, -0.5871801376342773, -0.6315239667892456, 0.37551626563072205, -0.6783547401428223, 0.7589305639266968, 0.4785081446170807, -0.44164982438087463], "cam_t_m2c": [56.41525650024414, -61.908485412597656, 237.0489044189453], "obj_id": 2}, {"cam_R_m2c": [0.1587514877319336, -0.793736457824707, -0.5871801376342773, -0.6315239667892456, 0.37551626563072205, -0.6783547401428223, 0.7589305639266968, 0.4785081446170807, -0.44164982438087463], "cam_t_m2c": [56.41525650024414, -61.908485412597656, 237.0489044189453], "obj_id": 2}, {"cam_R_m2c": [0.1587514877319336, -0.793736457824707, -0.5871801376342773, -0.6315239667892456, 0.37551626563072205, -0.6783547401428223, 0.7589305639266968, 0.4785081446170807, -0.44164982438087463], "cam_t_m2c": [56.41525650024414, -61.908485412597656, 237.0489044189453], "obj_id": 3}, {"cam_R_m2c": [0.1587514877319336, -0.793736457824707, -0.5871801376342773, -0.6315239667892456, 0.37551626563072205, -0.6783547401428223, 0.7589305639266968, 0.4785081446170807, -0.44164982438087463], "cam_t_m2c": [56.41525650024414, -61.908485412597656, 237.0489044189453], "obj_id": 2}, {"cam_R_m2c": [0.1587514877319336, -0.793736457824707, -0.5871801376342773, -0.6315239667892456, 0.37551626563072205, -0.6783547401428223, 0.7589305639266968, 0.4785081446170807, -0.44164982438087463], "cam_t_m2c": [56.41525650024414, -61.908485412597656, 237.0489044189453], "obj_id": 3}, {"cam_R_m2c": [0.1587514877319336, -0.793736457824707, -0.5871801376342773, -0.6315239667892456, 0.37551626563072205, -0.6783547401428223, 0.7589305639266968, 0.4785081446170807, -0.44164982438087463], "cam_t_m2c": [56.41525650024414, -61.908485412597656, 237.0489044189453], "obj_id": 1}, {"cam_R_m2c": [0.1587514877319336, -0.793736457824707, -0.5871801376342773, -0.6315239667892456, 0.37551626563072205, -0.6783547401428223, 0.7589305639266968, 0.4785081446170807, -0.44164982438087463], "cam_t_m2c": [56.41525650024414, -61.908485412597656, 237.0489044189453], "obj_id": 0}, {"cam_R_m2c": [0.1587514877319336, -0.793736457824707, -0.5871801376342773, -0.6315239667892456, 0.37551626563072205, -0.6783547401428223, 0.7589305639266968, 0.4785081446170807, -0.44164982438087463], "cam_t_m2c": [56.41525650024414, -61.908485412597656, 237.0489044189453], "obj_id": 0}, {"cam_R_m2c": [0.1587514877319336, -0.793736457824707, -0.5871801376342773, -0.6315239667892456, 0.37551626563072205, -0.6783547401428223, 0.7589305639266968, 0.4785081446170807, -0.44164982438087463], "cam_t_m2c": [56.41525650024414, -61.908485412597656, 237.0489044189453], "obj_id": 2}, {"cam_R_m2c": [0.1587514877319336, -0.793736457824707, -0.5871801376342773, -0.6315239667892456, 0.37551626563072205, -0.6783547401428223, 0.7589305639266968, 0.4785081446170807, -0.44164982438087463], "cam_t_m2c": [56.41525650024414, -61.908485412597656, 237.0489044189453], "obj_id": 2}, {"cam_R_m2c": [0.1587514877319336, -0.793736457824707, -0.5871801376342773, -0.6315239667892456, 0.37551626563072205, -0.6783547401428223, 0.7589305639266968, 0.4785081446170807, -0.44164982438087463], "cam_t_m2c": [56.41525650024414, -61.908485412597656, 237.0489044189453], "obj_id": 0}, {"cam_R_m2c": [0.1587514877319336, -0.793736457824707, -0.5871801376342773, -0.6315239667892456, 0.37551626563072205, -0.6783547401428223, 0.7589305639266968, 0.4785081446170807, -0.44164982438087463], "cam_t_m2c": [56.41525650024414, -61.908485412597656, 237.0489044189453], "obj_id": 3}, {"cam_R_m2c": [0.1587514877319336, -0.793736457824707, -0.5871801376342773, -0.6315239667892456, 0.37551626563072205, -0.6783547401428223, 0.7589305639266968, 0.4785081446170807, -0.44164982438087463], "cam_t_m2c": [56.41525650024414, -61.908485412597656, 237.0489044189453], "obj_id": 3}, {"cam_R_m2c": [0.1587514877319336, -0.793736457824707, -0.5871801376342773, -0.6315239667892456, 0.37551626563072205, -0.6783547401428223, 0.7589305639266968, 0.4785081446170807, -0.44164982438087463], "cam_t_m2c": [56.41525650024414, -61.908485412597656, 237.0489044189453], "obj_id": 1}, {"cam_R_m2c": [0.1587514877319336, -0.793736457824707, -0.5871801376342773, -0.6315239667892456, 0.37551626563072205, -0.6783547401428223, 0.7589305639266968, 0.4785081446170807, -0.44164982438087463], "cam_t_m2c": [56.41525650024414, -61.908485412597656, 237.0489044189453], "obj_id": 1}, {"cam_R_m2c": [0.1587514877319336, -0.793736457824707, -0.5871801376342773, -0.6315239667892456, 0.37551626563072205, -0.6783547401428223, 0.7589305639266968, 0.4785081446170807, -0.44164982438087463], "cam_t_m2c": [56.41525650024414, -61.908485412597656, 237.0489044189453], "obj_id": 2}, {"cam_R_m2c": [0.00767112011089921, 0.8356626629829407, 0.5491892695426941, -0.04837808012962341, 0.5488725900650024, -0.8345048427581787, -0.9987995028495789, -0.020167242735624313, 0.04463828355073929], "cam_t_m2c": [-19.772411346435547, -5.545577049255371, 186.2004852294922], "obj_id": 3}, {"cam_R_m2c": [-0.2058412879705429, 0.9706130623817444, -0.12465765327215195, 0.2551555037498474, 0.17621289193630219, 0.9507074356079102, 0.9447354078292847, 0.16388779878616333, -0.28392913937568665], "cam_t_m2c": [121.74205017089844, -87.92546081542969, 129.73236083984375], "obj_id": 3}, {"cam_R_m2c": [-0.431275337934494, 0.10689864307641983, 0.8958649635314941, 0.8200917840003967, -0.3674757182598114, 0.4386465847492218, 0.37609943747520447, 0.9238690733909607, 0.07081669569015503], "cam_t_m2c": [76.45076751708984, -161.5775604248047, 287.20269775390625], "obj_id": 3}, {"cam_R_m2c": [0.14052532613277435, -0.581565260887146, -0.8012705445289612, 0.4751513600349426, 0.7496265769004822, -0.4607506990432739, 0.8686103224754333, -0.31597763299942017, 0.38167303800582886], "cam_t_m2c": [4572.7548828125, 5370.91650390625, 3691.431640625], "obj_id": 0}, {"cam_R_m2c": [-0.41708099842071533, 0.6798710823059082, -0.6031737923622131, 0.12230755388736725, 0.6996017098426819, 0.7039874196052551, 0.9006021022796631, 0.21984711289405823, -0.37494391202926636], "cam_t_m2c": [4629.10546875, 5448.87109375, 4040.91552734375], "obj_id": 2}, {"cam_R_m2c": [-0.6450315713882446, 0.5086358785629272, -0.5702839493751526, -0.14952141046524048, -0.8158761858940125, -0.5585601329803467, -0.7493848204612732, -0.27501925826072693, 0.6023178696632385], "cam_t_m2c": [-87.45349884033203, 3.8167219161987305, 244.36094665527344], "obj_id": 1}, {"cam_R_m2c": [-0.31071507930755615, -0.03135063499212265, -0.9499858617782593, -0.6223998665809631, 0.7620921730995178, 0.1784205287694931, 0.7183831930160522, 0.6467090845108032, -0.25630614161491394], "cam_t_m2c": [4842.53564453125, 5294.63232421875, 3705.801025390625], "obj_id": 0}, {"cam_R_m2c": [-0.04070591181516647, 0.7844054698944092, 0.6189112067222595, -0.8605983853340149, -0.3422391712665558, 0.3771507441997528, 0.5076547861099243, -0.517281711101532, 0.6889892816543579], "cam_t_m2c": [-71.74118041992188, 69.70095825195312, 229.56541442871094], "obj_id": 1}]
}