{
  "0": [{"cam_R_m2c": [-0.8442876935005188, 0.5082042217254639, 0.17001894116401672, 0.12694568932056427, 0.49790310859680176, -0.8578911423683167, -0.5206369161605835, -0.7027238607406616, -0.4848877191543579], "cam_t_m2c": [28.269912719726562, -28.282899856567383, 301.251220703125], "obj_id": 3}, {"cam_R_m2c": [-0.8442876935005188, 0.5082042217254639, 0.17001894116401672, 0.12694568932056427, 0.49790310859680176, -0.8578911423683167, -0.5206369161605835, -0.7027238607406616, -0.4848877191543579], "cam_t_m2c": [28.269912719726562, -28.282899856567383, 301.251220703125], "obj_id": 2}, {"cam_R_m2c": [-0.8442876935005188, 0.5082042217254639, 0.17001894116401672, 0.12694568932056427, 0.49790310859680176, -0.8578911423683167, -0.5206369161605835, -0.7027238607406616, -0.4848877191543579], "cam_t_m2c": [28.269912719726562, -28.282899856567383, 301.251220703125], "obj_id": 2}, {"cam_R_m2c": [-0.8442876935005188, 0.5082042217254639, 0.17001894116401672, 0.12694568932056427, 0.49790310859680176, -0.8578911423683167, -0.5206369161605835, -0.7027238607406616, -0.4848877191543579], "cam_t_m2c": [28.269912719726562, -28.282899856567383, 301.251220703125], "obj_id": 0}, {"cam_R_m2c": [-0.8442876935005188, 0.5082042217254639, 0.17001894116401672, 0.12694568932056427, 0.49790310859680176, -0.8578911423683167, -0.5206369161605835, -0.7027238607406616, -0.4848877191543579], "cam_t_m2c": [28.269912719726562, -28.282899856567383, 301.251220703125], "obj_id": 3}, {"cam_R_m2c": [-0.8442876935005188, 0.5082042217254639, 0.17001894116401672, 0.12694568932056427, 0.49790310859680176, -0.8578911423683167, -0.5206369161605835, -0.7027238607406616, -0.4848877191543579], "cam_t_m2c": [28.269912719726562, -28.282899856567383, 301.251220703125], "obj_id": 2}, {"cam_R_m2c": [-0.8442876935005188, 0.5082042217254639, 0.17001894116401672, 0.12694568932056427, 0.49790310859680176, -0.8578911423683167, -0.5206369161605835, -0.7027238607406616, -0.4848877191543579], "cam_t_m2c": [28.269912719726562, -28.282899856567383, 301.251220703125], "obj_id": 1}, {"cam_R_m2c": [-0.8442876935005188, 0.5082042217254639, 0.17001894116401672, 0.12694568932056427, 0.49790310859680176, -0.8578911423683167, -0.5206369161605835, -0.7027238607406616, -0.4848877191543579], "cam_t_m2c": [28.269912719726562, -28.282899856567383, 301.251220703125], "obj_id": 1}, {"cam_R_m2c": [-0.8442876935005188, 0.5082042217254639, 0.17001894116401672, 0.12694568932056427, 0.49790310859680176, -0.8578911423683167, -0.5206369161605835, -0.7027238607406616, -0.4848877191543579], "cam_t_m2c": [28.269912719726562, -28.282899856567383, 301.251220703125], "obj_id": 0}, {"cam_R_m2c": [-0.8442876935005188, 0.5082042217254639, 0.17001894116401672, 0.12694568932056427, 0.49790310859680176, -0.8578911423683167, -0.5206369161605835, -0.7027238607406616, -0.4848877191543579], "cam_t_m2c": [28.269912719726562, -28.282899856567383, 301.251220703125], "obj_id": 0}, {"cam_R_m2c": [-0.8442876935005188, 0.5082042217254639, 0.17001894116401672, 0.12694568932056427, 0.49790310859680176, -0.8578911423683167, -0.5206369161605835, -0.7027238607406616, -0.4848877191543579], "cam_t_m2c": [28.269912719726562, -28.282899856567383, 301.251220703125], "obj_id": 0}, {"cam_R_m2c": [-0.8442876935005188, 0.5082042217254639, 0.17001894116401672, 0.12694568932056427, 0.49790310859680176, -0.8578911423683167, -0.5206369161605835, -0.7027238607406616, -0.4848877191543579], "cam_t_m2c": [28.269912719726562, -28.282899856567383, 301.251220703125], "obj_id": 0}, {"cam_R_m2c": [-0.8442876935005188, 0.5082042217254639, 0.17001894116401672, 0.12694568932056427, 0.49790310859680176, -0.8578911423683167, -0.5206369161605835, -0.7027238607406616, -0.4848877191543579], "cam_t_m2c": [28.269912719726562, -28.282899856567383, 301.251220703125], "obj_id": 0}, {"cam_R_m2c": [-0.8442876935005188, 0.5082042217254639, 0.17001894116401672, 0.12694568932056427, 0.49790310859680176, -0.8578911423683167, -0.5206369161605835, -0.7027238607406616, -0.4848877191543579], "cam_t_m2c": [28.269912719726562, -28.282899856567383, 301.251220703125], "obj_id": 3}, {"cam_R_m2c": [-0.8442876935005188, 0.5082042217254639, 0.17001894116401672, 0.12694568932056427, 0.49790310859680176, -0.8578911423683167, -0.5206369161605835, -0.7027238607406616, -0.4848877191543579], "cam_t_m2c": [28.269912719726562, -28.282899856567383, 301.251220703125], "obj_id": 3}, {"cam_R_m2c": [-0.8442876935005188, 0.5082042217254639, 0.17001894116401672, 0.12694568932056427, 0.49790310859680176, -0.8578911423683167, -0.5206369161605835, -0.7027238607406616, -0.4848877191543579], "cam_t_m2c": [28.269912719726562, -28.282899856567383, 301.251220703125], "obj_id": 0}, {"cam_R_m2c": [-0.8442876935005188, 0.5082042217254639, 0.17001894116401672, 0.12694568932056427, 0.49790310859680176, -0.8578911423683167, -0.5206369161605835, -0.7027238607406616, -0.4848877191543579], "cam_t_m2c": [28.269912719726562, -28.282899856567383, 301.251220703125], "obj_id": 0}, {"cam_R_m2c": [-0.8442876935005188, 0.5082042217254639, 0.17001894116401672, 0.12694568932056427, 0.49790310859680176, -0.8578911423683167, -0.5206369161605835, -0.7027238607406616, -0.4848877191543579], "cam_t_m2c": [28.269912719726562, -28.282899856567383, 301.251220703125], "obj_id": 2}, {"cam_R_m2c": [-0.8442876935005188, 0.5082042217254639, 0.17001894116401672, 0.12694568932056427, 0.49790310859680176, -0.8578911423683167, -0.5206369161605835, -0.7027238607406616, -0.4848877191543579], "cam_t_m2c": [28.269912719726562, -28.282899856567383, 301.251220703125], "obj_id": 1}, {"cam_R_m2c": [-0.8442876935005188, 0.5082042217254639, 0.17001894116401672, 0.12694568932056427, 0.49790310859680176, -0.8578911423683167, -0.5206369161605835, -0.7027238607406616, -0.4848877191543579], "cam_t_m2c": [28.269912719726562, -28.282899856567383, 301.251220703125], "obj_id": 2}, {"cam_R_m2c": [-0.8442876935005188, 0.5082042217254639, 0.17001894116401672, 0.12694568932056427, 0.49790310859680176, -0.8578911423683167, -0.5206369161605835, -0.7027238607406616, -0.4848877191543579], "cam_t_m2c": [28.269912719726562, -28.282899856567383, 301.251220703125], "obj_id": 1}, {"cam_R_m2c": [-0.8442876935005188, 0.5082042217254639, 0.17001894116401672, 0.12694568932056427, 0.49790310859680176, -0.8578911423683167, -0.5206369161605835, -0.7027238607406616, -0.4848877191543579], "cam_t_m2c": [28.269912719726562, -28.282899856567383, 301.251220703125], "obj_id": 3}, {"cam_R_m2c": [-0.8442876935005188, 0.5082042217254639, 0.17001894116401672, 0.12694568932056427, 0.49790310859680176, -0.8578911423683167, -0.5206369161605835, -0.7027238607406616, -0.4848877191543579], "cam_t_m2c": [28.269912719726562, -28.282899856567383, 301.251220703125], "obj_id": 3}, {"cam_R_m2c": [-0.8442876935005188, 0.5082042217254639, 0.17001894116401672, 0.12694568932056427, 0.49790310859680176, -0.8578911423683167, -0.5206369161605835, -0.7027238607406616, -0.4848877191543579], "cam_t_m2c": [28.269912719726562, -28.282899856567383, 301.251220703125], "obj_id": 3}, {"cam_R_m2c": [-0.4798518121242523, -0.7997226715087891, -0.36081233620643616, 0.450755774974823, 0.12810473144054413, -0.8834071755409241, 0.752702534198761, -0.5865429639816284, 0.2990085184574127], "cam_t_m2c": [-158.0955352783203, -42.629417419433594, 216.76893615722656], "obj_id": 1}, {"cam_R_m2c": [-0.16253674030303955, -0.01214559841901064, -0.9866275191307068, 0.9322643876075745, 0.32565054297447205, -0.15758995711803436, 0.3232097327709198, -0.9454120993614197, -0.041607145220041275], "cam_t_m2c": [-69.94548797607422, -45.94268035888672, 225.22816467285156], "obj_id": 0}, {"cam_R_m2c": [-0.5857844352722168, -0.4416560232639313, -0.6795560121536255, -0.42506143450737, 0.8813228011131287, -0.20638048648834229, 0.6900573372840881, 0.1679585725069046, -0.7039961218833923], "cam_t_m2c": [-20.83541488647461, 40.896148681640625, 80.84245300292969], "obj_id": 3}, {"cam_R_m2c": [-0.8809071183204651, -0.28455135226249695, -0.3781968951225281, -0.3001386821269989, 0.9537166357040405, -0.018474558368325233, 0.3659496307373047, 0.09723716229200363, -0.9255406260490417], "cam_t_m2c": [-18.746885299682617, -88.32644653320312, 310.0935363769531], "obj_id": 3}, {"cam_R_m2c": [-0.9743201732635498, -0.012592020444571972, 0.2248140126466751, 0.014940687455236912, 0.9926192164421082, 0.12034879624843597, -0.2246701419353485, 0.12061715871095657, -0.9669408202171326], "cam_t_m2c": [228.77577209472656, -42.07468032836914, 315.2088623046875], "obj_id": 3}]
}