{
  "0": [{"cam_R_m2c": [0.00567594962194562, -0.574198305606842, 0.8186966180801392, -0.6739558577537537, -0.607028067111969, -0.4210706651210785, 0.7387498617172241, -0.5493753552436829, -0.3904297947883606], "cam_t_m2c": [-249.66490173339844, -25.36090660095215, 725.577880859375], "obj_id": 3}, {"cam_R_m2c": [0.9497940540313721, -0.09671121090650558, 0.2975537180900574, -0.07640840858221054, 0.8505351543426514, 0.5203381180763245, -0.3034023940563202, -0.5169496536254883, 0.8004436492919922], "cam_t_m2c": [-26.913806915283203, -19.103662490844727, 730.0750732421875], "obj_id": 3}, {"cam_R_m2c": [-0.9287235736846924, 0.2503725588321686, -0.27347028255462646, -0.33596906065940857, -0.2562851309776306, 0.9063347578048706, 0.15683495998382568, 0.933612048625946, 0.3221355676651001], "cam_t_m2c": [-6.319802761077881, -55.026214599609375, 604.4481811523438], "obj_id": 0}, {"cam_R_m2c": [-0.39574921131134033, -0.8901698589324951, -0.2257876694202423, 0.6115521788597107, -0.43886518478393555, 0.6583321690559387, -0.6851178407669067, 0.12245352566242218, 0.7180659174919128], "cam_t_m2c": [-172.38247680664062, 90.2542495727539, 412.162841796875], "obj_id": 1}],
  "1": [{"cam_R_m2c": [-0.9018187522888184, -0.049023568630218506, 0.42932435870170593, -0.43192657828330994, 0.072989322245121, -0.8989503979682922, 0.012733696959912777, -0.9961270689964294, -0.08699759840965271], "cam_t_m2c": [-105.69710540771484, 179.14724731445312, 861.0257568359375], "obj_id": 3}, {"cam_R_m2c": [0.5656305551528931, 0.7694083452224731, -0.2967706322669983, -0.7864415645599365, 0.6115613579750061, 0.08661594241857529, 0.2481364905834198, 0.18440014123916626, 0.9510125517845154], "cam_t_m2c": [-22.902729034423828, 9.264349937438965, 979.3135986328125], "obj_id": 3}, {"cam_R_m2c": [-0.6278340220451355, -0.7766327261924744, 0.051632706075906754, 0.5133369565010071, -0.3632941246032715, 0.7774975299835205, -0.5850722193717957, 0.5146444439888, 0.6267628073692322], "cam_t_m2c": [69.75846862792969, -28.222612380981445, 892.7254638671875], "obj_id": 0}, {"cam_R_m2c": [0.6839497089385986, -0.632652223110199, -0.3632684051990509, 0.6968501806259155, 0.419191837310791, 0.5819604396820068, -0.21589943766593933, -0.651175320148468, 0.7275699973106384], "cam_t_m2c": [229.0879364013672, 193.7520294189453, 787.8399047851562], "obj_id": 1}]
}