{
  "0": [{"cam_R_m2c": [0.6221539974212646, 0.7803874015808105, -0.0626092478632927, 0.5561604499816895, -0.4968407154083252, -0.6662092208862305, -0.5510081052780151, 0.3796639144420624, -0.7431320548057556], "cam_t_m2c": [-49.557456970214844, -38.5289192199707, 673.3596801757812], "obj_id": 1}, {"cam_R_m2c": [0.6221539974212646, 0.7803874015808105, -0.0626092478632927, 0.5561604499816895, -0.4968407154083252, -0.6662092208862305, -0.5510081052780151, 0.3796639144420624, -0.7431320548057556], "cam_t_m2c": [-49.557456970214844, -38.5289192199707, 673.3596801757812], "obj_id": 0}, {"cam_R_m2c": [0.6221539974212646, 0.7803874015808105, -0.0626092478632927, 0.5561604499816895, -0.4968407154083252, -0.6662092208862305, -0.5510081052780151, 0.3796639144420624, -0.7431320548057556], "cam_t_m2c": [-49.557456970214844, -38.5289192199707, 673.3596801757812], "obj_id": 0}, {"cam_R_m2c": [0.6221539974212646, 0.7803874015808105, -0.0626092478632927, 0.5561604499816895, -0.4968407154083252, -0.6662092208862305, -0.5510081052780151, 0.3796639144420624, -0.7431320548057556], "cam_t_m2c": [-49.557456970214844, -38.5289192199707, 673.3596801757812], "obj_id": 3}, {"cam_R_m2c": [0.6221539974212646, 0.7803874015808105, -0.0626092478632927, 0.5561604499816895, -0.4968407154083252, -0.6662092208862305, -0.5510081052780151, 0.3796639144420624, -0.7431320548057556], "cam_t_m2c": [-49.557456970214844, -38.5289192199707, 673.3596801757812], "obj_id": 2}, {"cam_R_m2c": [0.6221539974212646, 0.7803874015808105, -0.0626092478632927, 0.5561604499816895, -0.4968407154083252, -0.6662092208862305, -0.5510081052780151, 0.3796639144420624, -0.7431320548057556], "cam_t_m2c": [-49.557456970214844, -38.5289192199707, 673.3596801757812], "obj_id": 0}, {"cam_R_m2c": [0.6221539974212646, 0.7803874015808105, -0.0626092478632927, 0.5561604499816895, -0.4968407154083252, -0.6662092208862305, -0.5510081052780151, 0.3796639144420624, -0.7431320548057556], "cam_t_m2c": [-49.557456970214844, -38.5289192199707, 673.3596801757812], "obj_id": 3}, {"cam_R_m2c": [0.6221539974212646, 0.7803874015808105, -0.0626092478632927, 0.5561604499816895, -0.4968407154083252, -0.6662092208862305, -0.5510081052780151, 0.3796639144420624, -0.7431320548057556], "cam_t_m2c": [-49.557456970214844, -38.5289192199707, 673.3596801757812], "obj_id": 2}, {"cam_R_m2c": [0.6221539974212646, 0.7803874015808105, -0.0626092478632927, 0.5561604499816895, -0.4968407154083252, -0.6662092208862305, -0.5510081052780151, 0.3796639144420624, -0.7431320548057556], "cam_t_m2c": [-49.557456970214844, -38.5289192199707, 673.3596801757812], "obj_id": 0}, {"cam_R_m2c": [0.6221539974212646, 0.7803874015808105, -0.0626092478632927, 0.5561604499816895, -0.4968407154083252, -0.6662092208862305, -0.5510081052780151, 0.3796639144420624, -0.7431320548057556], "cam_t_m2c": [-49.557456970214844, -38.5289192199707, 673.3596801757812], "obj_id": 0}, {"cam_R_m2c": [0.6221539974212646, 0.7803874015808105, -0.0626092478632927, 0.5561604499816895, -0.4968407154083252, -0.6662092208862305, -0.5510081052780151, 0.3796639144420624, -0.7431320548057556], "cam_t_m2c": [-49.557456970214844, -38.5289192199707, 673.3596801757812], "obj_id": 0}, {"cam_R_m2c": [0.6221539974212646, 0.7803874015808105, -0.0626092478632927, 0.5561604499816895, -0.4968407154083252, -0.6662092208862305, -0.5510081052780151, 0.3796639144420624, -0.7431320548057556], "cam_t_m2c": [-49.557456970214844, -38.5289192199707, 673.3596801757812], "obj_id": 0}, {"cam_R_m2c": [0.6221539974212646, 0.7803874015808105, -0.0626092478632927, 0.5561604499816895, -0.4968407154083252, -0.6662092208862305, -0.5510081052780151, 0.3796639144420624, -0.7431320548057556], "cam_t_m2c": [-49.557456970214844, -38.5289192199707, 673.3596801757812], "obj_id": 2}, {"cam_R_m2c": [0.6221539974212646, 0.7803874015808105, -0.0626092478632927, 0.5561604499816895, -0.4968407154083252, -0.6662092208862305, -0.5510081052780151, 0.3796639144420624, -0.7431320548057556], "cam_t_m2c": [-49.557456970214844, -38.5289192199707, 673.3596801757812], "obj_id": 1}, {"cam_R_m2c": [0.6221539974212646, 0.7803874015808105, -0.0626092478632927, 0.5561604499816895, -0.4968407154083252, -0.6662092208862305, -0.5510081052780151, 0.3796639144420624, -0.7431320548057556], "cam_t_m2c": [-49.557456970214844, -38.5289192199707, 673.3596801757812], "obj_id": 1}, {"cam_R_m2c": [0.6221539974212646, 0.7803874015808105, -0.0626092478632927, 0.5561604499816895, -0.4968407154083252, -0.6662092208862305, -0.5510081052780151, 0.3796639144420624, -0.7431320548057556], "cam_t_m2c": [-49.557456970214844, -38.5289192199707, 673.3596801757812], "obj_id": 3}, {"cam_R_m2c": [0.6221539974212646, 0.7803874015808105, -0.0626092478632927, 0.5561604499816895, -0.4968407154083252, -0.6662092208862305, -0.5510081052780151, 0.3796639144420624, -0.7431320548057556], "cam_t_m2c": [-49.557456970214844, -38.5289192199707, 673.3596801757812], "obj_id": 1}, {"cam_R_m2c": [0.6221539974212646, 0.7803874015808105, -0.0626092478632927, 0.5561604499816895, -0.4968407154083252, -0.6662092208862305, -0.5510081052780151, 0.3796639144420624, -0.7431320548057556], "cam_t_m2c": [-49.557456970214844, -38.5289192199707, 673.3596801757812], "obj_id": 2}, {"cam_R_m2c": [0.6221539974212646, 0.7803874015808105, -0.0626092478632927, 0.5561604499816895, -0.4968407154083252, -0.6662092208862305, -0.5510081052780151, 0.3796639144420624, -0.7431320548057556], "cam_t_m2c": [-49.557456970214844, -38.5289192199707, 673.3596801757812], "obj_id": 0}, {"cam_R_m2c": [0.6221539974212646, 0.7803874015808105, -0.0626092478632927, 0.5561604499816895, -0.4968407154083252, -0.6662092208862305, -0.5510081052780151, 0.3796639144420624, -0.7431320548057556], "cam_t_m2c": [-49.557456970214844, -38.5289192199707, 673.3596801757812], "obj_id": 3}, {"cam_R_m2c": [0.6221539974212646, 0.7803874015808105, -0.0626092478632927, 0.5561604499816895, -0.4968407154083252, -0.6662092208862305, -0.5510081052780151, 0.3796639144420624, -0.7431320548057556], "cam_t_m2c": [-49.557456970214844, -38.5289192199707, 673.3596801757812], "obj_id": 0}, {"cam_R_m2c": [0.6221539974212646, 0.7803874015808105, -0.0626092478632927, 0.5561604499816895, -0.4968407154083252, -0.6662092208862305, -0.5510081052780151, 0.3796639144420624, -0.7431320548057556], "cam_t_m2c": [-49.557456970214844, -38.5289192199707, 673.3596801757812], "obj_id": 3}, {"cam_R_m2c": [0.6221539974212646, 0.7803874015808105, -0.0626092478632927, 0.5561604499816895, -0.4968407154083252, -0.6662092208862305, -0.5510081052780151, 0.3796639144420624, -0.7431320548057556], "cam_t_m2c": [-49.557456970214844, -38.5289192199707, 673.3596801757812], "obj_id": 1}, {"cam_R_m2c": [0.6221539974212646, 0.7803874015808105, -0.0626092478632927, 0.5561604499816895, -0.4968407154083252, -0.6662092208862305, -0.5510081052780151, 0.3796639144420624, -0.7431320548057556], "cam_t_m2c": [-49.557456970214844, -38.5289192199707, 673.3596801757812], "obj_id": 0}, {"cam_R_m2c": [0.8515064716339111, 0.31662049889564514, -0.4179571568965912, 0.04155116528272629, 0.7538527846336365, 0.6557282209396362, 0.5226951241493225, -0.57572340965271, 0.6287545561790466], "cam_t_m2c": [179.32713317871094, -45.50667953491211, 593.0487670898438], "obj_id": 3}, {"cam_R_m2c": [-0.34792494773864746, 0.907462477684021, 0.23549920320510864, 0.9226899743080139, 0.37594693899154663, -0.08548121154308319, -0.1661061942577362, 0.18755170702934265, -0.9681078195571899], "cam_t_m2c": [-153.1432647705078, -7.864128589630127, 587.3134155273438], "obj_id": 3}, {"cam_R_m2c": [0.1752317100763321, -0.8739433884620667, -0.45333972573280334, -0.771828830242157, 0.16391782462596893, -0.6143380403518677, 0.611207127571106, 0.4575521945953369, -0.645811140537262], "cam_t_m2c": [65.71336364746094, -58.488712310791016, 614.259033203125], "obj_id": 0}, {"cam_R_m2c": [-0.11859019845724106, 0.7594553828239441, 0.6396592259407043, -0.6910387277603149, 0.39947211742401123, -0.6024014949798584, -0.7130230665206909, -0.5134682059288025, 0.4774395823478699], "cam_t_m2c": [-221.46023559570312, -278.7021484375, 835.872314453125], "obj_id": 1}, {"cam_R_m2c": [-0.17128348350524902, -0.37281256914138794, 0.9119609594345093, -0.48535293340682983, 0.837456226348877, 0.25119635462760925, -0.8573765158653259, -0.3995971381664276, -0.3243880867958069], "cam_t_m2c": [107.77337646484375, -65.56050872802734, 617.0552368164062], "obj_id": 0}, {"cam_R_m2c": [-0.06984713673591614, 0.047677889466285706, 0.9964177012443542, -0.4694150984287262, 0.8797863721847534, -0.07500232756137848, -0.8802106976509094, -0.47297221422195435, -0.03906984254717827], "cam_t_m2c": [-24.345613479614258, -351.2430114746094, 884.2973022460938], "obj_id": 0}, {"cam_R_m2c": [-0.3107396066188812, -0.8243166208267212, -0.47322598099708557, -0.3506912887096405, -0.3633168339729309, 0.8631433248519897, -0.8834344148635864, 0.43416911363601685, -0.17618367075920105], "cam_t_m2c": [-237.53622436523438, -13.558145523071289, 599.5281982421875], "obj_id": 1}, {"cam_R_m2c": [0.7198296189308167, 0.5812591314315796, -0.37945109605789185, 0.6923761963844299, -0.6402830481529236, 0.3326449394226074, -0.04960322380065918, -0.5021705627441406, -0.8633447289466858], "cam_t_m2c": [-22.323999404907227, -24.41092872619629, 591.1258544921875], "obj_id": 3}],
  "1": [{"cam_R_m2c": [-0.7497555613517761, 0.6617143154144287, 0.0007774687837809324, 0.4686319828033447, 0.5318123698234558, -0.705379068851471, -0.46717292070388794, -0.528497576713562, -0.7088297605514526], "cam_t_m2c": [87.13333129882812, -10.885135650634766, 599.2388305664062], "obj_id": 1}, {"cam_R_m2c": [-0.7497555613517761, 0.6617143154144287, 0.0007774687837809324, 0.4686319828033447, 0.5318123698234558, -0.705379068851471, -0.46717292070388794, -0.528497576713562, -0.7088297605514526], "cam_t_m2c": [87.13333129882812, -10.885135650634766, 599.2388305664062], "obj_id": 0}, {"cam_R_m2c": [-0.7497555613517761, 0.6617143154144287, 0.0007774687837809324, 0.4686319828033447, 0.5318123698234558, -0.705379068851471, -0.46717292070388794, -0.528497576713562, -0.7088297605514526], "cam_t_m2c": [87.13333129882812, -10.885135650634766, 599.2388305664062], "obj_id": 0}, {"cam_R_m2c": [-0.7497555613517761, 0.6617143154144287, 0.0007774687837809324, 0.4686319828033447, 0.5318123698234558, -0.705379068851471, -0.46717292070388794, -0.528497576713562, -0.7088297605514526], "cam_t_m2c": [87.13333129882812, -10.885135650634766, 599.2388305664062], "obj_id": 3}, {"cam_R_m2c": [-0.7497555613517761, 0.6617143154144287, 0.0007774687837809324, 0.4686319828033447, 0.5318123698234558, -0.705379068851471, -0.46717292070388794, -0.528497576713562, -0.7088297605514526], "cam_t_m2c": [87.13333129882812, -10.885135650634766, 599.2388305664062], "obj_id": 2}, {"cam_R_m2c": [-0.7497555613517761, 0.6617143154144287, 0.0007774687837809324, 0.4686319828033447, 0.5318123698234558, -0.705379068851471, -0.46717292070388794, -0.528497576713562, -0.7088297605514526], "cam_t_m2c": [87.13333129882812, -10.885135650634766, 599.2388305664062], "obj_id": 0}, {"cam_R_m2c": [-0.7497555613517761, 0.6617143154144287, 0.0007774687837809324, 0.4686319828033447, 0.5318123698234558, -0.705379068851471, -0.46717292070388794, -0.528497576713562, -0.7088297605514526], "cam_t_m2c": [87.13333129882812, -10.885135650634766, 599.2388305664062], "obj_id": 3}, {"cam_R_m2c": [-0.7497555613517761, 0.6617143154144287, 0.0007774687837809324, 0.4686319828033447, 0.5318123698234558, -0.705379068851471, -0.46717292070388794, -0.528497576713562, -0.7088297605514526], "cam_t_m2c": [87.13333129882812, -10.885135650634766, 599.2388305664062], "obj_id": 2}, {"cam_R_m2c": [-0.7497555613517761, 0.6617143154144287, 0.0007774687837809324, 0.4686319828033447, 0.5318123698234558, -0.705379068851471, -0.46717292070388794, -0.528497576713562, -0.7088297605514526], "cam_t_m2c": [87.13333129882812, -10.885135650634766, 599.2388305664062], "obj_id": 0}, {"cam_R_m2c": [-0.7497555613517761, 0.6617143154144287, 0.0007774687837809324, 0.4686319828033447, 0.5318123698234558, -0.705379068851471, -0.46717292070388794, -0.528497576713562, -0.7088297605514526], "cam_t_m2c": [87.13333129882812, -10.885135650634766, 599.2388305664062], "obj_id": 0}, {"cam_R_m2c": [-0.7497555613517761, 0.6617143154144287, 0.0007774687837809324, 0.4686319828033447, 0.5318123698234558, -0.705379068851471, -0.46717292070388794, -0.528497576713562, -0.7088297605514526], "cam_t_m2c": [87.13333129882812, -10.885135650634766, 599.2388305664062], "obj_id": 0}, {"cam_R_m2c": [-0.7497555613517761, 0.6617143154144287, 0.0007774687837809324, 0.4686319828033447, 0.5318123698234558, -0.705379068851471, -0.46717292070388794, -0.528497576713562, -0.7088297605514526], "cam_t_m2c": [87.13333129882812, -10.885135650634766, 599.2388305664062], "obj_id": 0}, {"cam_R_m2c": [-0.7497555613517761, 0.6617143154144287, 0.0007774687837809324, 0.4686319828033447, 0.5318123698234558, -0.705379068851471, -0.46717292070388794, -0.528497576713562, -0.7088297605514526], "cam_t_m2c": [87.13333129882812, -10.885135650634766, 599.2388305664062], "obj_id": 2}, {"cam_R_m2c": [-0.7497555613517761, 0.6617143154144287, 0.0007774687837809324, 0.4686319828033447, 0.5318123698234558, -0.705379068851471, -0.46717292070388794, -0.528497576713562, -0.7088297605514526], "cam_t_m2c": [87.13333129882812, -10.885135650634766, 599.2388305664062], "obj_id": 1}, {"cam_R_m2c": [-0.7497555613517761, 0.6617143154144287, 0.0007774687837809324, 0.4686319828033447, 0.5318123698234558, -0.705379068851471, -0.46717292070388794, -0.528497576713562, -0.7088297605514526], "cam_t_m2c": [87.13333129882812, -10.885135650634766, 599.2388305664062], "obj_id": 1}, {"cam_R_m2c": [-0.7497555613517761, 0.6617143154144287, 0.0007774687837809324, 0.4686319828033447, 0.5318123698234558, -0.705379068851471, -0.46717292070388794, -0.528497576713562, -0.7088297605514526], "cam_t_m2c": [87.13333129882812, -10.885135650634766, 599.2388305664062], "obj_id": 3}, {"cam_R_m2c": [-0.7497555613517761, 0.6617143154144287, 0.0007774687837809324, 0.4686319828033447, 0.5318123698234558, -0.705379068851471, -0.46717292070388794, -0.528497576713562, -0.7088297605514526], "cam_t_m2c": [87.13333129882812, -10.885135650634766, 599.2388305664062], "obj_id": 1}, {"cam_R_m2c": [-0.7497555613517761, 0.6617143154144287, 0.0007774687837809324, 0.4686319828033447, 0.5318123698234558, -0.705379068851471, -0.46717292070388794, -0.528497576713562, -0.7088297605514526], "cam_t_m2c": [87.13333129882812, -10.885135650634766, 599.2388305664062], "obj_id": 2}, {"cam_R_m2c": [-0.7497555613517761, 0.6617143154144287, 0.0007774687837809324, 0.4686319828033447, 0.5318123698234558, -0.705379068851471, -0.46717292070388794, -0.528497576713562, -0.7088297605514526], "cam_t_m2c": [87.13333129882812, -10.885135650634766, 599.2388305664062], "obj_id": 0}, {"cam_R_m2c": [-0.7497555613517761, 0.6617143154144287, 0.0007774687837809324, 0.4686319828033447, 0.5318123698234558, -0.705379068851471, -0.46717292070388794, -0.528497576713562, -0.7088297605514526], "cam_t_m2c": [87.13333129882812, -10.885135650634766, 599.2388305664062], "obj_id": 3}, {"cam_R_m2c": [-0.7497555613517761, 0.6617143154144287, 0.0007774687837809324, 0.4686319828033447, 0.5318123698234558, -0.705379068851471, -0.46717292070388794, -0.528497576713562, -0.7088297605514526], "cam_t_m2c": [87.13333129882812, -10.885135650634766, 599.2388305664062], "obj_id": 0}, {"cam_R_m2c": [-0.7497555613517761, 0.6617143154144287, 0.0007774687837809324, 0.4686319828033447, 0.5318123698234558, -0.705379068851471, -0.46717292070388794, -0.528497576713562, -0.7088297605514526], "cam_t_m2c": [87.13333129882812, -10.885135650634766, 599.2388305664062], "obj_id": 3}, {"cam_R_m2c": [-0.7497555613517761, 0.6617143154144287, 0.0007774687837809324, 0.4686319828033447, 0.5318123698234558, -0.705379068851471, -0.46717292070388794, -0.528497576713562, -0.7088297605514526], "cam_t_m2c": [87.13333129882812, -10.885135650634766, 599.2388305664062], "obj_id": 1}, {"cam_R_m2c": [-0.7497555613517761, 0.6617143154144287, 0.0007774687837809324, 0.4686319828033447, 0.5318123698234558, -0.705379068851471, -0.46717292070388794, -0.528497576713562, -0.7088297605514526], "cam_t_m2c": [87.13333129882812, -10.885135650634766, 599.2388305664062], "obj_id": 0}, {"cam_R_m2c": [0.3584168255329132, -0.9289330244064331, -0.0928477942943573, 0.9031988978385925, 0.31988227367401123, 0.2861940562725067, -0.23615476489067078, -0.18643678724765778, 0.9536625146865845], "cam_t_m2c": [50.449485778808594, 120.11875915527344, 398.29364013671875], "obj_id": 3}, {"cam_R_m2c": [-0.8161869645118713, -0.11080026626586914, -0.5670647025108337, 0.09136562794446945, 0.9443423748016357, -0.31602180004119873, 0.5705185532569885, -0.3097430467605591, -0.7606366276741028], "cam_t_m2c": [1.966988444328308, -114.6107177734375, 631.8272094726562], "obj_id": 3}, {"cam_R_m2c": [0.9904354214668274, 0.13779042661190033, 0.007176524959504604, 0.05759220942854881, -0.36558714509010315, -0.9289935827255249, -0.12538278102874756, 0.9205214381217957, -0.3700261116027832], "cam_t_m2c": [68.54915618896484, 38.69371032714844, 479.3421630859375], "obj_id": 0}, {"cam_R_m2c": [0.03650003299117088, -0.6010573506355286, 0.7983719110488892, -0.7448980212211609, 0.5162044763565063, 0.42268168926239014, -0.6661790609359741, -0.6101335883140564, -0.42888495326042175], "cam_t_m2c": [365.663818359375, -175.9058074951172, 693.2228393554688], "obj_id": 1}, {"cam_R_m2c": [-0.21544313430786133, -0.9088058471679688, -0.3572901487350464, -0.7560780644416809, -0.07631219178438187, 0.650017261505127, -0.6180050373077393, 0.4101809859275818, -0.6706872582435608], "cam_t_m2c": [77.78067779541016, 68.28045654296875, 449.9095764160156], "obj_id": 0}, {"cam_R_m2c": [-0.23743386566638947, -0.9681252241134644, 0.07974112778902054, -0.6831766366958618, 0.22477808594703674, 0.6947981715202332, -0.6905756592750549, 0.11049137264490128, -0.7147704362869263], "cam_t_m2c": [461.7744140625, -39.09465408325195, 557.1831665039062], "obj_id": 0}, {"cam_R_m2c": [-0.34018975496292114, 0.5182037949562073, -0.7846882343292236, -0.8101680874824524, -0.5851404666900635, -0.03518737107515335, -0.4773871600627899, 0.6237590312957764, 0.6188910603523254], "cam_t_m2c": [10.114439010620117, -174.90853881835938, 691.8403930664062], "obj_id": 1}, {"cam_R_m2c": [-0.5137180685997009, 0.17349043488502502, -0.8402348756790161, 0.8400812149047852, -0.09716726094484329, -0.5336871147155762, -0.17423300445079803, -0.9800302982330322, -0.09582936763763428], "cam_t_m2c": [23.371383666992188, -22.33156967163086, 540.0208129882812], "obj_id": 3}]
}