{
  "0": [{"cam_R_m2c": [0.5315694808959961, 0.812365710735321, 0.23978278040885925, 0.4772788882255554, -0.05340798571705818, -0.8771273493766785, -0.6997418999671936, 0.5806974172592163, -0.41611504554748535], "cam_t_m2c": [-86.4893569946289, 82.63922119140625, 270.380615234375], "obj_id": 0}, {"cam_R_m2c": [0.5315694808959961, 0.812365710735321, 0.23978278040885925, 0.4772788882255554, -0.05340798571705818, -0.8771273493766785, -0.6997418999671936, 0.5806974172592163, -0.41611504554748535], "cam_t_m2c": [-86.4893569946289, 82.63922119140625, 270.380615234375], "obj_id": 2}, {"cam_R_m2c": [0.5315694808959961, 0.812365710735321, 0.23978278040885925, 0.4772788882255554, -0.05340798571705818, -0.8771273493766785, -0.6997418999671936, 0.5806974172592163, -0.41611504554748535], "cam_t_m2c": [-86.4893569946289, 82.63922119140625, 270.380615234375], "obj_id": 0}, {"cam_R_m2c": [0.5315694808959961, 0.812365710735321, 0.23978278040885925, 0.4772788882255554, -0.05340798571705818, -0.8771273493766785, -0.6997418999671936, 0.5806974172592163, -0.41611504554748535], "cam_t_m2c": [-86.4893569946289, 82.63922119140625, 270.380615234375], "obj_id": 0}, {"cam_R_m2c": [0.5315694808959961, 0.812365710735321, 0.23978278040885925, 0.4772788882255554, -0.05340798571705818, -0.8771273493766785, -0.6997418999671936, 0.5806974172592163, -0.41611504554748535], "cam_t_m2c": [-86.4893569946289, 82.63922119140625, 270.380615234375], "obj_id": 3}, {"cam_R_m2c": [0.5315694808959961, 0.812365710735321, 0.23978278040885925, 0.4772788882255554, -0.05340798571705818, -0.8771273493766785, -0.6997418999671936, 0.5806974172592163, -0.41611504554748535], "cam_t_m2c": [-86.4893569946289, 82.63922119140625, 270.380615234375], "obj_id": 2}, {"cam_R_m2c": [0.5315694808959961, 0.812365710735321, 0.23978278040885925, 0.4772788882255554, -0.05340798571705818, -0.8771273493766785, -0.6997418999671936, 0.5806974172592163, -0.41611504554748535], "cam_t_m2c": [-86.4893569946289, 82.63922119140625, 270.380615234375], "obj_id": 1}, {"cam_R_m2c": [0.5315694808959961, 0.812365710735321, 0.23978278040885925, 0.4772788882255554, -0.05340798571705818, -0.8771273493766785, -0.6997418999671936, 0.5806974172592163, -0.41611504554748535], "cam_t_m2c": [-86.4893569946289, 82.63922119140625, 270.380615234375], "obj_id": 3}, {"cam_R_m2c": [0.5315694808959961, 0.812365710735321, 0.23978278040885925, 0.4772788882255554, -0.05340798571705818, -0.8771273493766785, -0.6997418999671936, 0.5806974172592163, -0.41611504554748535], "cam_t_m2c": [-86.4893569946289, 82.63922119140625, 270.380615234375], "obj_id": 2}, {"cam_R_m2c": [0.5315694808959961, 0.812365710735321, 0.23978278040885925, 0.4772788882255554, -0.05340798571705818, -0.8771273493766785, -0.6997418999671936, 0.5806974172592163, -0.41611504554748535], "cam_t_m2c": [-86.4893569946289, 82.63922119140625, 270.380615234375], "obj_id": 2}, {"cam_R_m2c": [0.5315694808959961, 0.812365710735321, 0.23978278040885925, 0.4772788882255554, -0.05340798571705818, -0.8771273493766785, -0.6997418999671936, 0.5806974172592163, -0.41611504554748535], "cam_t_m2c": [-86.4893569946289, 82.63922119140625, 270.380615234375], "obj_id": 3}, {"cam_R_m2c": [0.5315694808959961, 0.812365710735321, 0.23978278040885925, 0.4772788882255554, -0.05340798571705818, -0.8771273493766785, -0.6997418999671936, 0.5806974172592163, -0.41611504554748535], "cam_t_m2c": [-86.4893569946289, 82.63922119140625, 270.380615234375], "obj_id": 2}, {"cam_R_m2c": [0.23867912590503693, -0.1746751219034195, -0.9552595615386963, -0.8543363213539124, -0.5054287910461426, -0.12104184925556183, -0.46167272329330444, 0.8450031280517578, -0.26986658573150635], "cam_t_m2c": [73.103271484375, 16.662281036376953, 424.26031494140625], "obj_id": 1}, {"cam_R_m2c": [-0.8442725539207458, -0.39897647500038147, -0.35780054330825806, -0.523098886013031, 0.7586437463760376, 0.3883647620677948, 0.11649470031261444, 0.5150508880615234, -0.8492062091827393], "cam_t_m2c": [21.4171085357666, 148.3190155029297, 127.12535095214844], "obj_id": 2}, {"cam_R_m2c": [0.33522167801856995, 0.9261438846588135, -0.17286978662014008, -0.9030569791793823, 0.3681604564189911, 0.22123751044273376, 0.2685415744781494, 0.08194765448570251, 0.9597760438919067], "cam_t_m2c": [47.792415618896484, 63.07902145385742, 434.9040222167969], "obj_id": 3}, {"cam_R_m2c": [-0.1561911702156067, -0.8920108079910278, 0.42417094111442566, 0.6223426461219788, -0.4223514199256897, -0.6590210795402527, 0.7670031785964966, 0.16104638576507568, 0.6211040019989014], "cam_t_m2c": [-86.52272033691406, -89.6978530883789, 581.8555297851562], "obj_id": 4}],
  "1": [{"cam_R_m2c": [0.9705144762992859, 0.15393421053886414, 0.18548838794231415, 0.2409878373146057, -0.6360950469970703, -0.7330127954483032, 0.005152510944753885, 0.7560999393463135, -0.6544357538223267], "cam_t_m2c": [104.89366149902344, 151.53756713867188, 362.58099365234375], "obj_id": 0}, {"cam_R_m2c": [0.9705144762992859, 0.15393421053886414, 0.18548838794231415, 0.2409878373146057, -0.6360950469970703, -0.7330127954483032, 0.005152510944753885, 0.7560999393463135, -0.6544357538223267], "cam_t_m2c": [104.89366149902344, 151.53756713867188, 362.58099365234375], "obj_id": 2}, {"cam_R_m2c": [0.9705144762992859, 0.15393421053886414, 0.18548838794231415, 0.2409878373146057, -0.6360950469970703, -0.7330127954483032, 0.005152510944753885, 0.7560999393463135, -0.6544357538223267], "cam_t_m2c": [104.89366149902344, 151.53756713867188, 362.58099365234375], "obj_id": 0}, {"cam_R_m2c": [0.9705144762992859, 0.15393421053886414, 0.18548838794231415, 0.2409878373146057, -0.6360950469970703, -0.7330127954483032, 0.005152510944753885, 0.7560999393463135, -0.6544357538223267], "cam_t_m2c": [104.89366149902344, 151.53756713867188, 362.58099365234375], "obj_id": 0}, {"cam_R_m2c": [0.9705144762992859, 0.15393421053886414, 0.18548838794231415, 0.2409878373146057, -0.6360950469970703, -0.7330127954483032, 0.005152510944753885, 0.7560999393463135, -0.6544357538223267], "cam_t_m2c": [104.89366149902344, 151.53756713867188, 362.58099365234375], "obj_id": 3}, {"cam_R_m2c": [0.9705144762992859, 0.15393421053886414, 0.18548838794231415, 0.2409878373146057, -0.6360950469970703, -0.7330127954483032, 0.005152510944753885, 0.7560999393463135, -0.6544357538223267], "cam_t_m2c": [104.89366149902344, 151.53756713867188, 362.58099365234375], "obj_id": 2}, {"cam_R_m2c": [0.9705144762992859, 0.15393421053886414, 0.18548838794231415, 0.2409878373146057, -0.6360950469970703, -0.7330127954483032, 0.005152510944753885, 0.7560999393463135, -0.6544357538223267], "cam_t_m2c": [104.89366149902344, 151.53756713867188, 362.58099365234375], "obj_id": 1}, {"cam_R_m2c": [0.9705144762992859, 0.15393421053886414, 0.18548838794231415, 0.2409878373146057, -0.6360950469970703, -0.7330127954483032, 0.005152510944753885, 0.7560999393463135, -0.6544357538223267], "cam_t_m2c": [104.89366149902344, 151.53756713867188, 362.58099365234375], "obj_id": 3}, {"cam_R_m2c": [0.9705144762992859, 0.15393421053886414, 0.18548838794231415, 0.2409878373146057, -0.6360950469970703, -0.7330127954483032, 0.005152510944753885, 0.7560999393463135, -0.6544357538223267], "cam_t_m2c": [104.89366149902344, 151.53756713867188, 362.58099365234375], "obj_id": 2}, {"cam_R_m2c": [0.9705144762992859, 0.15393421053886414, 0.18548838794231415, 0.2409878373146057, -0.6360950469970703, -0.7330127954483032, 0.005152510944753885, 0.7560999393463135, -0.6544357538223267], "cam_t_m2c": [104.89366149902344, 151.53756713867188, 362.58099365234375], "obj_id": 2}, {"cam_R_m2c": [0.9705144762992859, 0.15393421053886414, 0.18548838794231415, 0.2409878373146057, -0.6360950469970703, -0.7330127954483032, 0.005152510944753885, 0.7560999393463135, -0.6544357538223267], "cam_t_m2c": [104.89366149902344, 151.53756713867188, 362.58099365234375], "obj_id": 3}, {"cam_R_m2c": [0.9705144762992859, 0.15393421053886414, 0.18548838794231415, 0.2409878373146057, -0.6360950469970703, -0.7330127954483032, 0.005152510944753885, 0.7560999393463135, -0.6544357538223267], "cam_t_m2c": [104.89366149902344, 151.53756713867188, 362.58099365234375], "obj_id": 2}, {"cam_R_m2c": [0.22177603840827942, -0.8309940099716187, -0.5101610422134399, -0.7037263512611389, -0.4985576570034027, 0.5061712861061096, -0.6749700307846069, 0.24675710499286652, -0.6953604817390442], "cam_t_m2c": [92.37480926513672, -26.639217376708984, 509.5437316894531], "obj_id": 1}, {"cam_R_m2c": [-0.8092707395553589, -0.3952155113220215, 0.4346093535423279, 0.03510766103863716, 0.7059798836708069, 0.7073611617088318, -0.5863856077194214, 0.5877048969268799, -0.5574537515640259], "cam_t_m2c": [293.5903625488281, 176.0260467529297, 346.04071044921875], "obj_id": 2}, {"cam_R_m2c": [-0.21327532827854156, 0.6877583861351013, -0.6939034461975098, -0.966931939125061, -0.25025245547294617, 0.049155984073877335, -0.13984361290931702, 0.6814411878585815, 0.7183882594108582], "cam_t_m2c": [81.49485778808594, 21.925579071044922, 530.3170166015625], "obj_id": 3}, {"cam_R_m2c": [-0.4366722106933594, -0.8422561287879944, -0.31610456109046936, 0.4023064970970154, 0.1314568668603897, -0.9060180187225342, 0.8046533465385437, -0.522803783416748, 0.28144147992134094], "cam_t_m2c": [-153.2254180908203, -57.49429702758789, 490.63140869140625], "obj_id": 4}],
  "2": [{"cam_R_m2c": [0.9705144762992859, 0.15393421053886414, 0.18548838794231415, 0.2409878373146057, -0.6360950469970703, -0.7330127954483032, 0.005152510944753885, 0.7560999393463135, -0.6544357538223267], "cam_t_m2c": [104.89366149902344, 151.53756713867188, 362.58099365234375], "obj_id": 0}, {"cam_R_m2c": [0.9705144762992859, 0.15393421053886414, 0.18548838794231415, 0.2409878373146057, -0.6360950469970703, -0.7330127954483032, 0.005152510944753885, 0.7560999393463135, -0.6544357538223267], "cam_t_m2c": [104.89366149902344, 151.53756713867188, 362.58099365234375], "obj_id": 2}, {"cam_R_m2c": [0.9705144762992859, 0.15393421053886414, 0.18548838794231415, 0.2409878373146057, -0.6360950469970703, -0.7330127954483032, 0.005152510944753885, 0.7560999393463135, -0.6544357538223267], "cam_t_m2c": [104.89366149902344, 151.53756713867188, 362.58099365234375], "obj_id": 0}, {"cam_R_m2c": [0.9705144762992859, 0.15393421053886414, 0.18548838794231415, 0.2409878373146057, -0.6360950469970703, -0.7330127954483032, 0.005152510944753885, 0.7560999393463135, -0.6544357538223267], "cam_t_m2c": [104.89366149902344, 151.53756713867188, 362.58099365234375], "obj_id": 0}, {"cam_R_m2c": [0.9705144762992859, 0.15393421053886414, 0.18548838794231415, 0.2409878373146057, -0.6360950469970703, -0.7330127954483032, 0.005152510944753885, 0.7560999393463135, -0.6544357538223267], "cam_t_m2c": [104.89366149902344, 151.53756713867188, 362.58099365234375], "obj_id": 3}, {"cam_R_m2c": [0.9705144762992859, 0.15393421053886414, 0.18548838794231415, 0.2409878373146057, -0.6360950469970703, -0.7330127954483032, 0.005152510944753885, 0.7560999393463135, -0.6544357538223267], "cam_t_m2c": [104.89366149902344, 151.53756713867188, 362.58099365234375], "obj_id": 2}, {"cam_R_m2c": [0.9705144762992859, 0.15393421053886414, 0.18548838794231415, 0.2409878373146057, -0.6360950469970703, -0.7330127954483032, 0.005152510944753885, 0.7560999393463135, -0.6544357538223267], "cam_t_m2c": [104.89366149902344, 151.53756713867188, 362.58099365234375], "obj_id": 1}, {"cam_R_m2c": [0.9705144762992859, 0.15393421053886414, 0.18548838794231415, 0.2409878373146057, -0.6360950469970703, -0.7330127954483032, 0.005152510944753885, 0.7560999393463135, -0.6544357538223267], "cam_t_m2c": [104.89366149902344, 151.53756713867188, 362.58099365234375], "obj_id": 3}, {"cam_R_m2c": [0.9705144762992859, 0.15393421053886414, 0.18548838794231415, 0.2409878373146057, -0.6360950469970703, -0.7330127954483032, 0.005152510944753885, 0.7560999393463135, -0.6544357538223267], "cam_t_m2c": [104.89366149902344, 151.53756713867188, 362.58099365234375], "obj_id": 2}, {"cam_R_m2c": [0.9705144762992859, 0.15393421053886414, 0.18548838794231415, 0.2409878373146057, -0.6360950469970703, -0.7330127954483032, 0.005152510944753885, 0.7560999393463135, -0.6544357538223267], "cam_t_m2c": [104.89366149902344, 151.53756713867188, 362.58099365234375], "obj_id": 2}, {"cam_R_m2c": [0.9705144762992859, 0.15393421053886414, 0.18548838794231415, 0.2409878373146057, -0.6360950469970703, -0.7330127954483032, 0.005152510944753885, 0.7560999393463135, -0.6544357538223267], "cam_t_m2c": [104.89366149902344, 151.53756713867188, 362.58099365234375], "obj_id": 3}, {"cam_R_m2c": [0.9705144762992859, 0.15393421053886414, 0.18548838794231415, 0.2409878373146057, -0.6360950469970703, -0.7330127954483032, 0.005152510944753885, 0.7560999393463135, -0.6544357538223267], "cam_t_m2c": [104.89366149902344, 151.53756713867188, 362.58099365234375], "obj_id": 2}, {"cam_R_m2c": [0.22177603840827942, -0.8309940099716187, -0.5101610422134399, -0.7037263512611389, -0.4985576570034027, 0.5061712861061096, -0.6749700307846069, 0.24675710499286652, -0.6953604817390442], "cam_t_m2c": [92.37480926513672, -26.639217376708984, 509.5437316894531], "obj_id": 1}, {"cam_R_m2c": [-0.8092707395553589, -0.3952155113220215, 0.4346093535423279, 0.03510766103863716, 0.7059798836708069, 0.7073611617088318, -0.5863856077194214, 0.5877048969268799, -0.5574537515640259], "cam_t_m2c": [293.5903625488281, 176.0260467529297, 346.04071044921875], "obj_id": 2}, {"cam_R_m2c": [-0.21327532827854156, 0.6877583861351013, -0.6939034461975098, -0.966931939125061, -0.25025245547294617, 0.049155984073877335, -0.13984361290931702, 0.6814411878585815, 0.7183882594108582], "cam_t_m2c": [81.49485778808594, 21.925579071044922, 530.3170166015625], "obj_id": 3}, {"cam_R_m2c": [-0.4366722106933594, -0.8422561287879944, -0.31610456109046936, 0.4023064970970154, 0.1314568668603897, -0.9060180187225342, 0.8046533465385437, -0.522803783416748, 0.28144147992134094], "cam_t_m2c": [-153.2254180908203, -57.49429702758789, 490.63140869140625], "obj_id": 4}],
  "3": [{"cam_R_m2c": [0.6498977541923523, -0.7449472546577454, 0.1506202667951584, 0.028783181682229042, -0.17391222715377808, -0.9843403697013855, 0.7594764232635498, 0.6440559029579163, -0.09158319234848022], "cam_t_m2c": [235.05166625976562, 39.44659423828125, 506.8623962402344], "obj_id": 0}, {"cam_R_m2c": [0.6498977541923523, -0.7449472546577454, 0.1506202667951584, 0.028783181682229042, -0.17391222715377808, -0.9843403697013855, 0.7594764232635498, 0.6440559029579163, -0.09158319234848022], "cam_t_m2c": [235.05166625976562, 39.44659423828125, 506.8623962402344], "obj_id": 2}, {"cam_R_m2c": [0.6498977541923523, -0.7449472546577454, 0.1506202667951584, 0.028783181682229042, -0.17391222715377808, -0.9843403697013855, 0.7594764232635498, 0.6440559029579163, -0.09158319234848022], "cam_t_m2c": [235.05166625976562, 39.44659423828125, 506.8623962402344], "obj_id": 0}, {"cam_R_m2c": [0.6498977541923523, -0.7449472546577454, 0.1506202667951584, 0.028783181682229042, -0.17391222715377808, -0.9843403697013855, 0.7594764232635498, 0.6440559029579163, -0.09158319234848022], "cam_t_m2c": [235.05166625976562, 39.44659423828125, 506.8623962402344], "obj_id": 0}, {"cam_R_m2c": [0.6498977541923523, -0.7449472546577454, 0.1506202667951584, 0.028783181682229042, -0.17391222715377808, -0.9843403697013855, 0.7594764232635498, 0.6440559029579163, -0.09158319234848022], "cam_t_m2c": [235.05166625976562, 39.44659423828125, 506.8623962402344], "obj_id": 3}, {"cam_R_m2c": [0.6498977541923523, -0.7449472546577454, 0.1506202667951584, 0.028783181682229042, -0.17391222715377808, -0.9843403697013855, 0.7594764232635498, 0.6440559029579163, -0.09158319234848022], "cam_t_m2c": [235.05166625976562, 39.44659423828125, 506.8623962402344], "obj_id": 2}, {"cam_R_m2c": [0.6498977541923523, -0.7449472546577454, 0.1506202667951584, 0.028783181682229042, -0.17391222715377808, -0.9843403697013855, 0.7594764232635498, 0.6440559029579163, -0.09158319234848022], "cam_t_m2c": [235.05166625976562, 39.44659423828125, 506.8623962402344], "obj_id": 1}, {"cam_R_m2c": [0.6498977541923523, -0.7449472546577454, 0.1506202667951584, 0.028783181682229042, -0.17391222715377808, -0.9843403697013855, 0.7594764232635498, 0.6440559029579163, -0.09158319234848022], "cam_t_m2c": [235.05166625976562, 39.44659423828125, 506.8623962402344], "obj_id": 3}, {"cam_R_m2c": [0.6498977541923523, -0.7449472546577454, 0.1506202667951584, 0.028783181682229042, -0.17391222715377808, -0.9843403697013855, 0.7594764232635498, 0.6440559029579163, -0.09158319234848022], "cam_t_m2c": [235.05166625976562, 39.44659423828125, 506.8623962402344], "obj_id": 2}, {"cam_R_m2c": [0.6498977541923523, -0.7449472546577454, 0.1506202667951584, 0.028783181682229042, -0.17391222715377808, -0.9843403697013855, 0.7594764232635498, 0.6440559029579163, -0.09158319234848022], "cam_t_m2c": [235.05166625976562, 39.44659423828125, 506.8623962402344], "obj_id": 2}, {"cam_R_m2c": [0.6498977541923523, -0.7449472546577454, 0.1506202667951584, 0.028783181682229042, -0.17391222715377808, -0.9843403697013855, 0.7594764232635498, 0.6440559029579163, -0.09158319234848022], "cam_t_m2c": [235.05166625976562, 39.44659423828125, 506.8623962402344], "obj_id": 3}, {"cam_R_m2c": [0.6498977541923523, -0.7449472546577454, 0.1506202667951584, 0.028783181682229042, -0.17391222715377808, -0.9843403697013855, 0.7594764232635498, 0.6440559029579163, -0.09158319234848022], "cam_t_m2c": [235.05166625976562, 39.44659423828125, 506.8623962402344], "obj_id": 2}, {"cam_R_m2c": [0.1991128921508789, -0.8738292455673218, 0.44359493255615234, -0.9768804311752319, -0.14103104174137115, 0.16066999733448029, -0.07783747464418411, -0.46533066034317017, -0.8817077875137329], "cam_t_m2c": [38.80567932128906, -32.42100524902344, 605.97998046875], "obj_id": 1}, {"cam_R_m2c": [-0.03586363047361374, -0.23483017086982727, 0.9713745713233948, -0.12444579601287842, 0.9654836058616638, 0.22881141304969788, -0.9915780425071716, -0.11267746984958649, -0.06384937465190887], "cam_t_m2c": [361.3298645019531, 17.278827667236328, 648.4325561523438], "obj_id": 2}, {"cam_R_m2c": [-0.5268085598945618, -0.20472103357315063, -0.8249618411064148, -0.8443731665611267, 0.014711951836943626, 0.5355534553527832, -0.09750226885080338, 0.9787097573280334, -0.18061132729053497], "cam_t_m2c": [44.46523666381836, 20.95671272277832, 600.7617797851562], "obj_id": 3}, {"cam_R_m2c": [-0.5581689476966858, -0.04556674882769585, -0.8284750580787659, 0.829453706741333, -0.005008090753108263, -0.5585529208183289, 0.02130230702459812, -0.9989486932754517, 0.040590979158878326], "cam_t_m2c": [-98.3943862915039, -23.45353126525879, 399.2799377441406], "obj_id": 4}],
  "4": [{"cam_R_m2c": [0.6498977541923523, -0.7449472546577454, 0.1506202667951584, 0.028783181682229042, -0.17391222715377808, -0.9843403697013855, 0.7594764232635498, 0.6440559029579163, -0.09158319234848022], "cam_t_m2c": [235.05166625976562, 39.44659423828125, 506.8623962402344], "obj_id": 0}, {"cam_R_m2c": [0.6498977541923523, -0.7449472546577454, 0.1506202667951584, 0.028783181682229042, -0.17391222715377808, -0.9843403697013855, 0.7594764232635498, 0.6440559029579163, -0.09158319234848022], "cam_t_m2c": [235.05166625976562, 39.44659423828125, 506.8623962402344], "obj_id": 2}, {"cam_R_m2c": [0.6498977541923523, -0.7449472546577454, 0.1506202667951584, 0.028783181682229042, -0.17391222715377808, -0.9843403697013855, 0.7594764232635498, 0.6440559029579163, -0.09158319234848022], "cam_t_m2c": [235.05166625976562, 39.44659423828125, 506.8623962402344], "obj_id": 0}, {"cam_R_m2c": [0.6498977541923523, -0.7449472546577454, 0.1506202667951584, 0.028783181682229042, -0.17391222715377808, -0.9843403697013855, 0.7594764232635498, 0.6440559029579163, -0.09158319234848022], "cam_t_m2c": [235.05166625976562, 39.44659423828125, 506.8623962402344], "obj_id": 0}, {"cam_R_m2c": [0.6498977541923523, -0.7449472546577454, 0.1506202667951584, 0.028783181682229042, -0.17391222715377808, -0.9843403697013855, 0.7594764232635498, 0.6440559029579163, -0.09158319234848022], "cam_t_m2c": [235.05166625976562, 39.44659423828125, 506.8623962402344], "obj_id": 3}, {"cam_R_m2c": [0.6498977541923523, -0.7449472546577454, 0.1506202667951584, 0.028783181682229042, -0.17391222715377808, -0.9843403697013855, 0.7594764232635498, 0.6440559029579163, -0.09158319234848022], "cam_t_m2c": [235.05166625976562, 39.44659423828125, 506.8623962402344], "obj_id": 2}, {"cam_R_m2c": [0.6498977541923523, -0.7449472546577454, 0.1506202667951584, 0.028783181682229042, -0.17391222715377808, -0.9843403697013855, 0.7594764232635498, 0.6440559029579163, -0.09158319234848022], "cam_t_m2c": [235.05166625976562, 39.44659423828125, 506.8623962402344], "obj_id": 1}, {"cam_R_m2c": [0.6498977541923523, -0.7449472546577454, 0.1506202667951584, 0.028783181682229042, -0.17391222715377808, -0.9843403697013855, 0.7594764232635498, 0.6440559029579163, -0.09158319234848022], "cam_t_m2c": [235.05166625976562, 39.44659423828125, 506.8623962402344], "obj_id": 3}, {"cam_R_m2c": [0.6498977541923523, -0.7449472546577454, 0.1506202667951584, 0.028783181682229042, -0.17391222715377808, -0.9843403697013855, 0.7594764232635498, 0.6440559029579163, -0.09158319234848022], "cam_t_m2c": [235.05166625976562, 39.44659423828125, 506.8623962402344], "obj_id": 2}, {"cam_R_m2c": [0.6498977541923523, -0.7449472546577454, 0.1506202667951584, 0.028783181682229042, -0.17391222715377808, -0.9843403697013855, 0.7594764232635498, 0.6440559029579163, -0.09158319234848022], "cam_t_m2c": [235.05166625976562, 39.44659423828125, 506.8623962402344], "obj_id": 2}, {"cam_R_m2c": [0.6498977541923523, -0.7449472546577454, 0.1506202667951584, 0.028783181682229042, -0.17391222715377808, -0.9843403697013855, 0.7594764232635498, 0.6440559029579163, -0.09158319234848022], "cam_t_m2c": [235.05166625976562, 39.44659423828125, 506.8623962402344], "obj_id": 3}, {"cam_R_m2c": [0.6498977541923523, -0.7449472546577454, 0.1506202667951584, 0.028783181682229042, -0.17391222715377808, -0.9843403697013855, 0.7594764232635498, 0.6440559029579163, -0.09158319234848022], "cam_t_m2c": [235.05166625976562, 39.44659423828125, 506.8623962402344], "obj_id": 2}, {"cam_R_m2c": [0.1991128921508789, -0.8738292455673218, 0.44359493255615234, -0.9768804311752319, -0.14103104174137115, 0.16066999733448029, -0.07783747464418411, -0.46533066034317017, -0.8817077875137329], "cam_t_m2c": [38.80567932128906, -32.42100524902344, 605.97998046875], "obj_id": 1}, {"cam_R_m2c": [-0.03586363047361374, -0.23483017086982727, 0.9713745713233948, -0.12444579601287842, 0.9654836058616638, 0.22881141304969788, -0.9915780425071716, -0.11267746984958649, -0.06384937465190887], "cam_t_m2c": [361.3298645019531, 17.278827667236328, 648.4325561523438], "obj_id": 2}, {"cam_R_m2c": [-0.5268085598945618, -0.20472103357315063, -0.8249618411064148, -0.8443731665611267, 0.014711951836943626, 0.5355534553527832, -0.09750226885080338, 0.9787097573280334, -0.18061132729053497], "cam_t_m2c": [44.46523666381836, 20.95671272277832, 600.7617797851562], "obj_id": 3}, {"cam_R_m2c": [-0.5581689476966858, -0.04556674882769585, -0.8284750580787659, 0.829453706741333, -0.005008090753108263, -0.5585529208183289, 0.02130230702459812, -0.9989486932754517, 0.040590979158878326], "cam_t_m2c": [-98.3943862915039, -23.45353126525879, 399.2799377441406], "obj_id": 4}],
  "5": [{"cam_R_m2c": [0.9557445049285889, 0.2893373966217041, -0.05325690656900406, 0.15431450307369232, -0.6471533179283142, -0.7465784549713135, -0.25047847628593445, 0.7053199410438538, -0.6631621718406677], "cam_t_m2c": [75.02420043945312, 151.48471069335938, 304.5015869140625], "obj_id": 0}, {"cam_R_m2c": [0.9557445049285889, 0.2893373966217041, -0.05325690656900406, 0.15431450307369232, -0.6471533179283142, -0.7465784549713135, -0.25047847628593445, 0.7053199410438538, -0.6631621718406677], "cam_t_m2c": [75.02420043945312, 151.48471069335938, 304.5015869140625], "obj_id": 2}, {"cam_R_m2c": [0.9557445049285889, 0.2893373966217041, -0.05325690656900406, 0.15431450307369232, -0.6471533179283142, -0.7465784549713135, -0.25047847628593445, 0.7053199410438538, -0.6631621718406677], "cam_t_m2c": [75.02420043945312, 151.48471069335938, 304.5015869140625], "obj_id": 0}, {"cam_R_m2c": [0.9557445049285889, 0.2893373966217041, -0.05325690656900406, 0.15431450307369232, -0.6471533179283142, -0.7465784549713135, -0.25047847628593445, 0.7053199410438538, -0.6631621718406677], "cam_t_m2c": [75.02420043945312, 151.48471069335938, 304.5015869140625], "obj_id": 0}, {"cam_R_m2c": [0.9557445049285889, 0.2893373966217041, -0.05325690656900406, 0.15431450307369232, -0.6471533179283142, -0.7465784549713135, -0.25047847628593445, 0.7053199410438538, -0.6631621718406677], "cam_t_m2c": [75.02420043945312, 151.48471069335938, 304.5015869140625], "obj_id": 3}, {"cam_R_m2c": [0.9557445049285889, 0.2893373966217041, -0.05325690656900406, 0.15431450307369232, -0.6471533179283142, -0.7465784549713135, -0.25047847628593445, 0.7053199410438538, -0.6631621718406677], "cam_t_m2c": [75.02420043945312, 151.48471069335938, 304.5015869140625], "obj_id": 2}, {"cam_R_m2c": [0.9557445049285889, 0.2893373966217041, -0.05325690656900406, 0.15431450307369232, -0.6471533179283142, -0.7465784549713135, -0.25047847628593445, 0.7053199410438538, -0.6631621718406677], "cam_t_m2c": [75.02420043945312, 151.48471069335938, 304.5015869140625], "obj_id": 1}, {"cam_R_m2c": [0.9557445049285889, 0.2893373966217041, -0.05325690656900406, 0.15431450307369232, -0.6471533179283142, -0.7465784549713135, -0.25047847628593445, 0.7053199410438538, -0.6631621718406677], "cam_t_m2c": [75.02420043945312, 151.48471069335938, 304.5015869140625], "obj_id": 3}, {"cam_R_m2c": [0.9557445049285889, 0.2893373966217041, -0.05325690656900406, 0.15431450307369232, -0.6471533179283142, -0.7465784549713135, -0.25047847628593445, 0.7053199410438538, -0.6631621718406677], "cam_t_m2c": [75.02420043945312, 151.48471069335938, 304.5015869140625], "obj_id": 2}, {"cam_R_m2c": [0.9557445049285889, 0.2893373966217041, -0.05325690656900406, 0.15431450307369232, -0.6471533179283142, -0.7465784549713135, -0.25047847628593445, 0.7053199410438538, -0.6631621718406677], "cam_t_m2c": [75.02420043945312, 151.48471069335938, 304.5015869140625], "obj_id": 2}, {"cam_R_m2c": [0.9557445049285889, 0.2893373966217041, -0.05325690656900406, 0.15431450307369232, -0.6471533179283142, -0.7465784549713135, -0.25047847628593445, 0.7053199410438538, -0.6631621718406677], "cam_t_m2c": [75.02420043945312, 151.48471069335938, 304.5015869140625], "obj_id": 3}, {"cam_R_m2c": [0.9557445049285889, 0.2893373966217041, -0.05325690656900406, 0.15431450307369232, -0.6471533179283142, -0.7465784549713135, -0.25047847628593445, 0.7053199410438538, -0.6631621718406677], "cam_t_m2c": [75.02420043945312, 151.48471069335938, 304.5015869140625], "obj_id": 2}, {"cam_R_m2c": [-0.021150516346096992, -0.7783389687538147, -0.6274879574775696, -0.7206135392189026, -0.4231845438480377, 0.549209475517273, -0.6930143237113953, 0.4637923836708069, -0.5519310235977173], "cam_t_m2c": [85.77375030517578, -24.87932777404785, 453.7728271484375], "obj_id": 1}, {"cam_R_m2c": [-0.9273123741149902, -0.16810692846775055, 0.33441269397735596, 0.10641725361347198, 0.7381730675697327, 0.6661650538444519, -0.3588414192199707, 0.653330385684967, -0.6666275262832642], "cam_t_m2c": [254.40553283691406, 159.20753479003906, 239.3678741455078], "obj_id": 2}, {"cam_R_m2c": [-0.3238682746887207, 0.8166111707687378, -0.47776085138320923, -0.9443216919898987, -0.30998051166534424, 0.11031103879213333, -0.05801532790064812, 0.486886203289032, 0.8715366125106812], "cam_t_m2c": [84.8189468383789, 24.458147048950195, 475.5292663574219], "obj_id": 3}, {"cam_R_m2c": [-0.17781421542167664, -0.9343926906585693, -0.30869460105895996, 0.4393641948699951, 0.20530806481838226, -0.8745328187942505, 0.8805345892906189, -0.2911337614059448, 0.37403205037117004], "cam_t_m2c": [-158.07081604003906, -33.91973114013672, 499.45947265625], "obj_id": 4}],
  "6": [{"cam_R_m2c": [0.9557445049285889, 0.2893373966217041, -0.05325690656900406, 0.15431450307369232, -0.6471533179283142, -0.7465784549713135, -0.25047847628593445, 0.7053199410438538, -0.6631621718406677], "cam_t_m2c": [75.02420043945312, 151.48471069335938, 304.5015869140625], "obj_id": 0}, {"cam_R_m2c": [0.9557445049285889, 0.2893373966217041, -0.05325690656900406, 0.15431450307369232, -0.6471533179283142, -0.7465784549713135, -0.25047847628593445, 0.7053199410438538, -0.6631621718406677], "cam_t_m2c": [75.02420043945312, 151.48471069335938, 304.5015869140625], "obj_id": 2}, {"cam_R_m2c": [0.9557445049285889, 0.2893373966217041, -0.05325690656900406, 0.15431450307369232, -0.6471533179283142, -0.7465784549713135, -0.25047847628593445, 0.7053199410438538, -0.6631621718406677], "cam_t_m2c": [75.02420043945312, 151.48471069335938, 304.5015869140625], "obj_id": 0}, {"cam_R_m2c": [0.9557445049285889, 0.2893373966217041, -0.05325690656900406, 0.15431450307369232, -0.6471533179283142, -0.7465784549713135, -0.25047847628593445, 0.7053199410438538, -0.6631621718406677], "cam_t_m2c": [75.02420043945312, 151.48471069335938, 304.5015869140625], "obj_id": 0}, {"cam_R_m2c": [0.9557445049285889, 0.2893373966217041, -0.05325690656900406, 0.15431450307369232, -0.6471533179283142, -0.7465784549713135, -0.25047847628593445, 0.7053199410438538, -0.6631621718406677], "cam_t_m2c": [75.02420043945312, 151.48471069335938, 304.5015869140625], "obj_id": 3}, {"cam_R_m2c": [0.9557445049285889, 0.2893373966217041, -0.05325690656900406, 0.15431450307369232, -0.6471533179283142, -0.7465784549713135, -0.25047847628593445, 0.7053199410438538, -0.6631621718406677], "cam_t_m2c": [75.02420043945312, 151.48471069335938, 304.5015869140625], "obj_id": 2}, {"cam_R_m2c": [0.9557445049285889, 0.2893373966217041, -0.05325690656900406, 0.15431450307369232, -0.6471533179283142, -0.7465784549713135, -0.25047847628593445, 0.7053199410438538, -0.6631621718406677], "cam_t_m2c": [75.02420043945312, 151.48471069335938, 304.5015869140625], "obj_id": 1}, {"cam_R_m2c": [0.9557445049285889, 0.2893373966217041, -0.05325690656900406, 0.15431450307369232, -0.6471533179283142, -0.7465784549713135, -0.25047847628593445, 0.7053199410438538, -0.6631621718406677], "cam_t_m2c": [75.02420043945312, 151.48471069335938, 304.5015869140625], "obj_id": 3}, {"cam_R_m2c": [0.9557445049285889, 0.2893373966217041, -0.05325690656900406, 0.15431450307369232, -0.6471533179283142, -0.7465784549713135, -0.25047847628593445, 0.7053199410438538, -0.6631621718406677], "cam_t_m2c": [75.02420043945312, 151.48471069335938, 304.5015869140625], "obj_id": 2}, {"cam_R_m2c": [0.9557445049285889, 0.2893373966217041, -0.05325690656900406, 0.15431450307369232, -0.6471533179283142, -0.7465784549713135, -0.25047847628593445, 0.7053199410438538, -0.6631621718406677], "cam_t_m2c": [75.02420043945312, 151.48471069335938, 304.5015869140625], "obj_id": 2}, {"cam_R_m2c": [0.9557445049285889, 0.2893373966217041, -0.05325690656900406, 0.15431450307369232, -0.6471533179283142, -0.7465784549713135, -0.25047847628593445, 0.7053199410438538, -0.6631621718406677], "cam_t_m2c": [75.02420043945312, 151.48471069335938, 304.5015869140625], "obj_id": 3}, {"cam_R_m2c": [0.9557445049285889, 0.2893373966217041, -0.05325690656900406, 0.15431450307369232, -0.6471533179283142, -0.7465784549713135, -0.25047847628593445, 0.7053199410438538, -0.6631621718406677], "cam_t_m2c": [75.02420043945312, 151.48471069335938, 304.5015869140625], "obj_id": 2}, {"cam_R_m2c": [-0.021150516346096992, -0.7783389687538147, -0.6274879574775696, -0.7206135392189026, -0.4231845438480377, 0.549209475517273, -0.6930143237113953, 0.4637923836708069, -0.5519310235977173], "cam_t_m2c": [85.77375030517578, -24.87932777404785, 453.7728271484375], "obj_id": 1}, {"cam_R_m2c": [-0.9273123741149902, -0.16810692846775055, 0.33441269397735596, 0.10641725361347198, 0.7381730675697327, 0.6661650538444519, -0.3588414192199707, 0.653330385684967, -0.6666275262832642], "cam_t_m2c": [254.40553283691406, 159.20753479003906, 239.3678741455078], "obj_id": 2}, {"cam_R_m2c": [-0.3238682746887207, 0.8166111707687378, -0.47776085138320923, -0.9443216919898987, -0.30998051166534424, 0.11031103879213333, -0.05801532790064812, 0.486886203289032, 0.8715366125106812], "cam_t_m2c": [84.8189468383789, 24.458147048950195, 475.5292663574219], "obj_id": 3}, {"cam_R_m2c": [-0.17781421542167664, -0.9343926906585693, -0.30869460105895996, 0.4393641948699951, 0.20530806481838226, -0.8745328187942505, 0.8805345892906189, -0.2911337614059448, 0.37403205037117004], "cam_t_m2c": [-158.07081604003906, -33.91973114013672, 499.45947265625], "obj_id": 4}],
  "7": [{"cam_R_m2c": [-0.8879222869873047, 0.4599226415157318, -0.008074099197983742, 0.31410154700279236, 0.5933911800384521, -0.7410985827445984, -0.3360569179058075, -0.6605740189552307, -0.6713477373123169], "cam_t_m2c": [-217.06285095214844, -74.61283111572266, 656.8972778320312], "obj_id": 0}, {"cam_R_m2c": [-0.8879222869873047, 0.4599226415157318, -0.008074099197983742, 0.31410154700279236, 0.5933911800384521, -0.7410985827445984, -0.3360569179058075, -0.6605740189552307, -0.6713477373123169], "cam_t_m2c": [-217.06285095214844, -74.61283111572266, 656.8972778320312], "obj_id": 2}, {"cam_R_m2c": [-0.8879222869873047, 0.4599226415157318, -0.008074099197983742, 0.31410154700279236, 0.5933911800384521, -0.7410985827445984, -0.3360569179058075, -0.6605740189552307, -0.6713477373123169], "cam_t_m2c": [-217.06285095214844, -74.61283111572266, 656.8972778320312], "obj_id": 0}, {"cam_R_m2c": [-0.8879222869873047, 0.4599226415157318, -0.008074099197983742, 0.31410154700279236, 0.5933911800384521, -0.7410985827445984, -0.3360569179058075, -0.6605740189552307, -0.6713477373123169], "cam_t_m2c": [-217.06285095214844, -74.61283111572266, 656.8972778320312], "obj_id": 0}, {"cam_R_m2c": [-0.8879222869873047, 0.4599226415157318, -0.008074099197983742, 0.31410154700279236, 0.5933911800384521, -0.7410985827445984, -0.3360569179058075, -0.6605740189552307, -0.6713477373123169], "cam_t_m2c": [-217.06285095214844, -74.61283111572266, 656.8972778320312], "obj_id": 3}, {"cam_R_m2c": [-0.8879222869873047, 0.4599226415157318, -0.008074099197983742, 0.31410154700279236, 0.5933911800384521, -0.7410985827445984, -0.3360569179058075, -0.6605740189552307, -0.6713477373123169], "cam_t_m2c": [-217.06285095214844, -74.61283111572266, 656.8972778320312], "obj_id": 2}, {"cam_R_m2c": [-0.8879222869873047, 0.4599226415157318, -0.008074099197983742, 0.31410154700279236, 0.5933911800384521, -0.7410985827445984, -0.3360569179058075, -0.6605740189552307, -0.6713477373123169], "cam_t_m2c": [-217.06285095214844, -74.61283111572266, 656.8972778320312], "obj_id": 1}, {"cam_R_m2c": [-0.8879222869873047, 0.4599226415157318, -0.008074099197983742, 0.31410154700279236, 0.5933911800384521, -0.7410985827445984, -0.3360569179058075, -0.6605740189552307, -0.6713477373123169], "cam_t_m2c": [-217.06285095214844, -74.61283111572266, 656.8972778320312], "obj_id": 3}, {"cam_R_m2c": [-0.8879222869873047, 0.4599226415157318, -0.008074099197983742, 0.31410154700279236, 0.5933911800384521, -0.7410985827445984, -0.3360569179058075, -0.6605740189552307, -0.6713477373123169], "cam_t_m2c": [-217.06285095214844, -74.61283111572266, 656.8972778320312], "obj_id": 2}, {"cam_R_m2c": [-0.8879222869873047, 0.4599226415157318, -0.008074099197983742, 0.31410154700279236, 0.5933911800384521, -0.7410985827445984, -0.3360569179058075, -0.6605740189552307, -0.6713477373123169], "cam_t_m2c": [-217.06285095214844, -74.61283111572266, 656.8972778320312], "obj_id": 2}, {"cam_R_m2c": [-0.8879222869873047, 0.4599226415157318, -0.008074099197983742, 0.31410154700279236, 0.5933911800384521, -0.7410985827445984, -0.3360569179058075, -0.6605740189552307, -0.6713477373123169], "cam_t_m2c": [-217.06285095214844, -74.61283111572266, 656.8972778320312], "obj_id": 3}, {"cam_R_m2c": [-0.8879222869873047, 0.4599226415157318, -0.008074099197983742, 0.31410154700279236, 0.5933911800384521, -0.7410985827445984, -0.3360569179058075, -0.6605740189552307, -0.6713477373123169], "cam_t_m2c": [-217.06285095214844, -74.61283111572266, 656.8972778320312], "obj_id": 2}, {"cam_R_m2c": [-0.05864638462662697, 0.9940834045410156, -0.09142691642045975, -0.743843674659729, -0.10459520667791367, -0.660118579864502, -0.665775716304779, 0.029293781146407127, 0.7455766797065735], "cam_t_m2c": [-66.73438262939453, 16.574609756469727, 506.6044921875], "obj_id": 1}, {"cam_R_m2c": [0.41939425468444824, 0.16455087065696716, -0.8927661776542664, -0.7493319511413574, 0.6178982257843018, -0.23812486231327057, 0.5124549865722656, 0.7688463926315308, 0.38244616985321045], "cam_t_m2c": [-384.6167297363281, -35.350059509277344, 574.049072265625], "obj_id": 2}, {"cam_R_m2c": [0.6043390035629272, -0.18227539956569672, 0.775596559047699, -0.4194627106189728, 0.7548457980155945, 0.504240870475769, -0.6773664951324463, -0.6300662755966187, 0.37972500920295715], "cam_t_m2c": [-75.18630981445312, 44.91592025756836, 551.701904296875], "obj_id": 3}, {"cam_R_m2c": [0.4250231981277466, 0.4194548726081848, 0.8021302819252014, 0.7367509007453918, -0.6751327514648438, -0.03733628988265991, 0.5258834958076477, 0.6068389415740967, -0.5959808826446533], "cam_t_m2c": [136.74575805664062, -72.10575103759766, 617.78369140625], "obj_id": 4}],
