{
  "0": [{"cam_R_m2c": [-0.9502431154251099, -0.022151365876197815, 0.310720294713974, 0.3082199692726135, 0.07770424336194992, 0.9481362700462341, -0.04514678567647934, 0.9967302680015564, -0.06701033562421799], "cam_t_m2c": [-231.7856903076172, 193.48060607910156, 761.7802124023438], "obj_id": 1}, {"cam_R_m2c": [-0.6183810830116272, -0.21278105676174164, 0.7565242052078247, -0.03934665396809578, 0.9698235392570496, 0.24061204493045807, -0.7848926782608032, 0.11902325600385666, -0.608092725276947], "cam_t_m2c": [-7.906635284423828, 160.6275177001953, 836.1121215820312], "obj_id": 1}, {"cam_R_m2c": [0.5896743535995483, -0.11332374811172485, 0.7996510863304138, -0.7543919682502747, 0.27627691626548767, 0.595452606678009, -0.28840404748916626, -0.9543734788894653, 0.07742287963628769], "cam_t_m2c": [-51.723697662353516, 269.866455078125, 892.9429931640625], "obj_id": 0}, {"cam_R_m2c": [-0.12897907197475433, -0.6725984215736389, -0.7286807894706726, 0.9204845428466797, 0.19213911890983582, -0.34028029441833496, 0.36888009309768677, -0.7146285176277161, 0.594334602355957], "cam_t_m2c": [-90.10198974609375, 151.54638671875, 767.4143676757812], "obj_id": 0}],
  "1": [{"cam_R_m2c": [0.7510015368461609, -0.508853018283844, 0.42079129815101624, 0.6251656413078308, 0.7530633211135864, -0.2050941437482834, -0.21251972019672394, 0.4170902669429779, 0.8836690783500671], "cam_t_m2c": [306.30865478515625, 90.38396453857422, 992.5389404296875], "obj_id": 1}, {"cam_R_m2c": [0.7770584225654602, 0.6269394755363464, 0.05592077225446701, -0.1629299372434616, 0.2861647307872772, -0.9442264437675476, -0.6079753637313843, 0.7246078848838806, 0.3245139420032501], "cam_t_m2c": [116.70375061035156, -7.743818283081055, 1097.847900390625], "obj_id": 1}, {"cam_R_m2c": [-0.6186509728431702, 0.7713469862937927, -0.1493140459060669, -0.6528263688087463, -0.6104222536087036, -0.4485558271408081, -0.43713679909706116, -0.18002335727214813, 0.8811940550804138], "cam_t_m2c": [173.8626251220703, 69.82673645019531, 1186.0604248046875], "obj_id": 0}, {"cam_R_m2c": [0.40764120221138, 0.9048340916633606, -0.12289801985025406, 0.41076767444610596, -0.061503030359745026, 0.9096633195877075, 0.8155357837677002, -0.4212988018989563, -0.39674776792526245], "cam_t_m2c": [197.29141235351562, -3.286820888519287, 1027.1171875], "obj_id": 0}]
}