{
  "0": [{"cam_R_m2c": [-0.11353063583374023, -0.3615554869174957, -0.9254125356674194, 0.9785717129707336, 0.1203499436378479, -0.167072594165802, 0.1717793196439743, -0.9245504140853882, 0.3401446044445038], "cam_t_m2c": [-406.3533935546875, -32.75770568847656, 1015.5015258789062], "obj_id": 2}, {"cam_R_m2c": [-0.6998351216316223, -0.2795577347278595, -0.6573265790939331, 0.6924617886543274, -0.4913473427295685, -0.5282748937606812, -0.17529235780239105, -0.8248788714408875, 0.5374452471733093], "cam_t_m2c": [-538.3009033203125, -192.99505615234375, 1186.38818359375], "obj_id": 0}, {"cam_R_m2c": [-0.1852601319551468, -0.9132770299911499, -0.3627718687057495, 0.09105897694826126, 0.3516198992729187, -0.9317035675048828, 0.9784613251686096, -0.20564131438732147, 0.01802104525268078], "cam_t_m2c": [-272.3636474609375, -37.77637481689453, 1267.2537841796875], "obj_id": 0}],
  "1": [{"cam_R_m2c": [0.8435643911361694, 0.005207267589867115, -0.5370028018951416, 0.38335245847702026, -0.7061141133308411, 0.5953516960144043, -0.3760851323604584, -0.7080788016319275, -0.5976489186286926], "cam_t_m2c": [-197.5171356201172, 246.22860717773438, 675.2538452148438], "obj_id": 2}, {"cam_R_m2c": [0.36219990253448486, -0.5265068411827087, -0.7691565155982971, 0.20792919397354126, -0.7587528228759766, 0.6173002123832703, -0.9086124897003174, -0.3835161626338959, -0.1653440296649933], "cam_t_m2c": [-404.245361328125, 418.0178527832031, 685.7396850585938], "obj_id": 0}, {"cam_R_m2c": [-0.032228004187345505, -0.033889371901750565, -0.9989056587219238, 0.9815530776977539, 0.18736964464187622, -0.038025081157684326, 0.18845313787460327, -0.981704592704773, 0.027225790545344353], "cam_t_m2c": [-159.33541870117188, 432.201904296875, 888.5996704101562], "obj_id": 0}]
}