{
  "0": [{"cam_R_m2c": [-0.685653805732727, 0.20316638052463531, 0.6990009546279907, 0.7091512084007263, -0.03026421181857586, 0.7044065594673157, 0.164266437292099, 0.978676438331604, -0.1233249381184578], "cam_t_m2c": [107.90386199951172, 393.015625, 977.9402465820312], "obj_id": 3}, {"cam_R_m2c": [0.8376675248146057, 0.12888813018798828, -0.5307551026344299, 0.5431130528450012, -0.29940783977508545, 0.7844635248184204, -0.057804230600595474, -0.9453796744346619, -0.32080504298210144], "cam_t_m2c": [214.5927276611328, 147.3056640625, 844.7778930664062], "obj_id": 3}, {"cam_R_m2c": [-0.30577728152275085, -0.9498723745346069, -0.06513524800539017, 0.6373408436775208, -0.15338556468486786, -0.7551618218421936, 0.7073165774345398, -0.27242472767829895, 0.652294397354126], "cam_t_m2c": [24.19542694091797, 80.5804443359375, 901.8322143554688], "obj_id": 3}, {"cam_R_m2c": [0.9837726354598999, -0.0764935314655304, 0.16229656338691711, -0.17870794236660004, -0.3372631072998047, 0.9242927432060242, -0.01596577651798725, -0.9382975697517395, -0.3454602062702179], "cam_t_m2c": [257.7928466796875, 187.85198974609375, 849.1707153320312], "obj_id": 3}, {"cam_R_m2c": [-0.5159732103347778, 0.2885362505912781, 0.8065472841262817, -0.7442474365234375, 0.31516849994659424, -0.5888672471046448, -0.4241078495979309, -0.9041104316711426, 0.052123840898275375], "cam_t_m2c": [340.1737060546875, 281.99078369140625, 923.6544799804688], "obj_id": 3}, {"cam_R_m2c": [-0.8687548637390137, -0.06154162809252739, 0.49140360951423645, -0.4791943430900574, 0.3550051152706146, -0.8027104735374451, -0.12505067884922028, -0.9328365325927734, -0.3379027843475342], "cam_t_m2c": [156.48948669433594, 317.3699951171875, 1123.8238525390625], "obj_id": 3}, {"cam_R_m2c": [-0.33612582087516785, 0.22257442772388458, -0.9151392579078674, 0.1336311548948288, 0.9731144309043884, 0.1875927448272705, 0.9322885870933533, -0.05923634022474289, -0.35683175921440125], "cam_t_m2c": [38.631553649902344, 336.7108154296875, 1134.3961181640625], "obj_id": 3}, {"cam_R_m2c": [0.2295958697795868, -0.9729243516921997, 0.026530375704169273, -0.09762166440486908, -0.05014123022556305, -0.9939596652984619, 0.9683778882026672, 0.22561907768249512, -0.10649069398641586], "cam_t_m2c": [88.7728271484375, 411.40692138671875, 1011.44482421875], "obj_id": 3}, {"cam_R_m2c": [0.9151123762130737, 0.3776501417160034, -0.14124326407909393, -0.32679930329322815, 0.8998952507972717, 0.2887745797634125, 0.23615990579128265, -0.21810299158096313, 0.9469211101531982], "cam_t_m2c": [241.2017059326172, 151.8818817138672, 774.517822265625], "obj_id": 3}, {"cam_R_m2c": [0.9435669779777527, -0.18082264065742493, -0.2774609327316284, -0.21833308041095734, -0.9695859551429749, -0.11060576885938644, -0.2490222305059433, 0.16494286060333252, -0.9543488025665283], "cam_t_m2c": [180.10110473632812, 149.96534729003906, 905.974365234375], "obj_id": 3}, {"cam_R_m2c": [-0.028566235676407814, -0.1329716444015503, 0.9907079935073853, -0.999450147151947, 0.02048700861632824, -0.026068661361932755, -0.016830168664455414, -0.9909080266952515, -0.13348369300365448], "cam_t_m2c": [0.22046881914138794, 95.34001922607422, 1121.212158203125], "obj_id": 3}, {"cam_R_m2c": [-0.7363239526748657, -0.10106530785560608, -0.6690386533737183, 0.1619131863117218, 0.9337371587753296, -0.31924760341644287, 0.6569710969924927, -0.343395859003067, -0.6711692214012146], "cam_t_m2c": [111.87823486328125, 280.6012268066406, 1105.5286865234375], "obj_id": 3}, {"cam_R_m2c": [0.48990851640701294, -0.6190540194511414, -0.6138092279434204, 0.8307498693466187, 0.5449648499488831, 0.11343716084957123, 0.2642807066440582, -0.5654957890510559, 0.7812619805335999], "cam_t_m2c": [14.690560340881348, 439.82672119140625, 1122.0877685546875], "obj_id": 3}, {"cam_R_m2c": [0.21674397587776184, -0.9062739014625549, -0.36289066076278687, -0.5413111448287964, 0.1977764517068863, -0.8172311186790466, 0.8124064803123474, 0.3735666871070862, -0.4477092921733856], "cam_t_m2c": [25.984764099121094, 497.6527404785156, 1070.4312744140625], "obj_id": 3}, {"cam_R_m2c": [-0.5750177502632141, -0.7050637602806091, -0.41501733660697937, 0.6620342135429382, -0.6990322470664978, 0.2703041434288025, -0.4806922376155853, -0.11932599544525146, 0.8687325716018677], "cam_t_m2c": [45.468994140625, 178.97157287597656, 1126.079345703125], "obj_id": 3}, {"cam_R_m2c": [0.9685773253440857, 0.14995527267456055, -0.19842217862606049, 0.23959119617938995, -0.7766402363777161, 0.5826027393341064, -0.0667383074760437, -0.6118360161781311, -0.7881640791893005], "cam_t_m2c": [203.3361358642578, 184.80075073242188, 1153.4837646484375], "obj_id": 3}, {"cam_R_m2c": [0.6554945111274719, -0.7133417725563049, -0.24793235957622528, 0.7548264265060425, 0.6085324883460999, 0.24479641020298004, -0.023748615756630898, -0.3476085960865021, 0.9373389482498169], "cam_t_m2c": [51.00869369506836, 171.93431091308594, 795.9785766601562], "obj_id": 3}, {"cam_R_m2c": [0.5701709985733032, -0.23278354108333588, -0.787855863571167, -0.7880735993385315, -0.42586222290992737, -0.4445013105869293, -0.23204545676708221, 0.8743301630020142, -0.42626482248306274], "cam_t_m2c": [-1.9562715291976929, 348.9829406738281, 1060.563720703125], "obj_id": 3}, {"cam_R_m2c": [-0.22139988839626312, -0.4732521176338196, -0.8526514172554016, 0.12086643278598785, -0.8809252381324768, 0.45756086707115173, -0.9676638841629028, -0.0017530079931020737, 0.25223708152770996], "cam_t_m2c": [117.65643310546875, 63.29996871948242, 785.4981689453125], "obj_id": 3}, {"cam_R_m2c": [0.17413930594921112, -0.5508855581283569, 0.8162111043930054, -0.9357197880744934, -0.3507855534553528, -0.03711928799748421, 0.30676358938217163, -0.7572809457778931, -0.5765600800514221], "cam_t_m2c": [-76.71680450439453, 265.1434020996094, 782.9642333984375], "obj_id": 3}, {"cam_R_m2c": [0.10800725966691971, -0.9860811829566956, -0.12640462815761566, -0.6870951652526855, 0.017851097509264946, -0.7263479828834534, 0.7184945940971375, 0.1653028130531311, -0.6756035685539246], "cam_t_m2c": [324.6115417480469, 261.1935729980469, 781.2503662109375], "obj_id": 3}, {"cam_R_m2c": [-0.2661242187023163, -0.956584095954895, 0.1188475638628006, -0.8917377591133118, 0.29113078117370605, 0.3464774489402771, -0.36603501439094543, -0.013774809427559376, -0.9304990768432617], "cam_t_m2c": [-70.92145538330078, 200.58287048339844, 924.220703125], "obj_id": 3}, {"cam_R_m2c": [0.8681042790412903, -0.30786433815956116, 0.38937702775001526, -0.13734853267669678, 0.6048251390457153, 0.7844246029853821, -0.4770013689994812, -0.7344427108764648, 0.4827665686607361], "cam_t_m2c": [8.265548706054688, 350.52740478515625, 1152.49755859375], "obj_id": 3}, {"cam_R_m2c": [0.0006063804612495005, 0.10475122183561325, -0.9944982528686523, -0.6812406182289124, -0.7279886603355408, -0.07709493488073349, -0.7320592999458313, 0.6775393486022949, 0.07091939449310303], "cam_t_m2c": [99.96106719970703, 363.3907470703125, 1153.8641357421875], "obj_id": 3}, {"cam_R_m2c": [-0.5628541111946106, -0.17897000908851624, -0.8069481253623962, -0.7321649789810181, -0.345100998878479, 0.5872307419776917, -0.3835751712322235, 0.9213442802429199, 0.0632057711482048], "cam_t_m2c": [12.292360305786133, 371.5212707519531, 1092.009765625], "obj_id": 3}, {"cam_R_m2c": [-0.3606524169445038, -0.8885300755500793, -0.28362685441970825, -0.7165482044219971, 0.06928613781929016, 0.6940879821777344, -0.5970666408538818, 0.4535568058490753, -0.6616628170013428], "cam_t_m2c": [195.94070434570312, 351.9541931152344, 772.3944091796875], "obj_id": 3}, {"cam_R_m2c": [0.6635266542434692, -0.5164138078689575, 0.5413401126861572, -0.621722400188446, 0.02188742160797119, 0.7829317450523376, -0.4161653220653534, -0.8560594320297241, -0.30654317140579224], "cam_t_m2c": [-46.680606842041016, 269.7298583984375, 949.278564453125], "obj_id": 3}, {"cam_R_m2c": [-0.09860207885503769, -0.8768399953842163, 0.4705626964569092, -0.9947381019592285, 0.07362953573465347, -0.07123789191246033, 0.027816910296678543, -0.47511082887649536, -0.8794862031936646], "cam_t_m2c": [-23.572546005249023, 60.78562545776367, 811.2608032226562], "obj_id": 3}, {"cam_R_m2c": [0.6834365129470825, -0.6753376126289368, -0.27718880772590637, 0.528171718120575, 0.19532787799835205, 0.8263664841651917, -0.5039337277412415, -0.7111722826957703, 0.49018844962120056], "cam_t_m2c": [-46.07310485839844, 89.7302017211914, 1157.935302734375], "obj_id": 1}, {"cam_R_m2c": [-0.8978930115699768, -0.3705000877380371, 0.23773492872714996, -0.11672717332839966, -0.32033154368400574, -0.9400864243507385, 0.4244561195373535, -0.8718470931053162, 0.24437598884105682], "cam_t_m2c": [257.63934326171875, 287.35675048828125, 909.4578857421875], "obj_id": 1}, {"cam_R_m2c": [0.0027335938066244125, 0.9733034372329712, -0.2295057624578476, -0.3879545032978058, 0.2125634253025055, 0.8968322277069092, 0.9216744303703308, 0.08658626675605774, 0.37817856669425964], "cam_t_m2c": [31.862258911132812, 407.26751708984375, 1000.5879516601562], "obj_id": 1}, {"cam_R_m2c": [-0.05163469538092613, -0.034613098949193954, -0.9980660080909729, -0.12176032364368439, -0.991724967956543, 0.04069243744015694, -0.9912155270576477, 0.1236259862780571, 0.046992987394332886], "cam_t_m2c": [271.0849914550781, 308.6619567871094, 793.9063110351562], "obj_id": 1}, {"cam_R_m2c": [-0.7561801075935364, -0.3942016363143921, 0.5222994685173035, 0.5843294858932495, -0.04751601442694664, 0.8101242184638977, -0.29453471302986145, 0.9177948236465454, 0.2662743031978607], "cam_t_m2c": [-73.35135650634766, 140.96180725097656, 1162.4566650390625], "obj_id": 1}, {"cam_R_m2c": [-0.7564412355422974, 0.6539407968521118, 0.01256548147648573, -0.1905052363872528, -0.20190566778182983, -0.9606985449790955, -0.625702977180481, -0.7291058897972107, 0.27730903029441833], "cam_t_m2c": [-170.75543212890625, 177.25143432617188, 907.7811279296875], "obj_id": 1}, {"cam_R_m2c": [0.6830827593803406, -0.6924490332603455, -0.23219001293182373, 0.7281794548034668, 0.6701673269271851, 0.1436329483985901, 0.05614764243364334, -0.2671892046928406, 0.9620069265365601], "cam_t_m2c": [-113.5018310546875, 243.48402404785156, 1153.3455810546875], "obj_id": 1}, {"cam_R_m2c": [0.9698114395141602, -0.13470891118049622, 0.20327141880989075, 0.23850879073143005, 0.6975923180580139, -0.6756318807601929, -0.05078693479299545, 0.7037175893783569, 0.7086622714996338], "cam_t_m2c": [193.41281127929688, 138.7678985595703, 912.23291015625], "obj_id": 1}, {"cam_R_m2c": [0.7540607452392578, 0.5632175207138062, -0.33790290355682373, -0.4543917775154114, 0.07586415112018585, -0.887565553188324, -0.47425779700279236, 0.8228186964988708, 0.3131276071071625], "cam_t_m2c": [73.54566955566406, 126.3841552734375, 865.9923706054688], "obj_id": 1}, {"cam_R_m2c": [-0.11185792088508606, 0.08722890168428421, -0.9898881912231445, -0.9936205148696899, -0.024196088314056396, 0.11014766246080399, -0.014343515038490295, 0.9958942532539368, 0.08937913924455643], "cam_t_m2c": [-72.6965560913086, 101.8598403930664, 1133.8245849609375], "obj_id": 1}, {"cam_R_m2c": [0.6560056209564209, 0.1975337713956833, 0.7284483313560486, -0.36613547801971436, -0.7606891989707947, 0.5360005497932434, 0.6600010395050049, -0.618330180644989, -0.42669227719306946], "cam_t_m2c": [128.66265869140625, 406.24493408203125, 932.4751586914062], "obj_id": 1}, {"cam_R_m2c": [-0.9004970192909241, 0.09984203428030014, -0.4232451617717743, -0.0025305114686489105, 0.9720667004585266, 0.23469100892543793, 0.43485456705093384, 0.2124096006155014, -0.8750905394554138], "cam_t_m2c": [214.84913635253906, 210.0097198486328, 1085.2593994140625], "obj_id": 1}, {"cam_R_m2c": [-0.7688135504722595, -0.6098893880844116, 0.19225136935710907, 0.632743775844574, -0.7690302729606628, 0.09070712327957153, 0.09252581000328064, 0.19138272106647491, 0.9771446585655212], "cam_t_m2c": [-179.2648162841797, 192.43150329589844, 1144.888671875], "obj_id": 1}, {"cam_R_m2c": [-0.26101741194725037, -0.9623781442642212, -0.0754859670996666, 0.43324339389801025, -0.04690723493695259, -0.900055468082428, 0.8626528978347778, -0.26763397455215454, 0.4291876256465912], "cam_t_m2c": [51.68618392944336, 63.77825164794922, 782.5431518554688], "obj_id": 1}, {"cam_R_m2c": [-0.34547218680381775, -0.36750638484954834, 0.863474428653717, -0.9276714324951172, -0.005179544445127249, -0.37336158752441406, 0.14168515801429749, -0.9300066232681274, -0.3391358256340027], "cam_t_m2c": [172.23553466796875, 333.0680847167969, 1150.90380859375], "obj_id": 1}, {"cam_R_m2c": [-0.01963869296014309, -0.9440171122550964, 0.3293115496635437, -0.2124919891357422, -0.31790921092033386, -0.9240027070045471, 0.9769654870033264, -0.08812223374843597, -0.19435279071331024], "cam_t_m2c": [230.25442504882812, 282.01507568359375, 1034.46533203125], "obj_id": 1}, {"cam_R_m2c": [-0.8396033048629761, -0.3235095143318176, -0.4363577663898468, -0.4419746994972229, 0.8738622665405273, 0.20254169404506683, 0.31579241156578064, 0.36291372776031494, -0.8766806721687317], "cam_t_m2c": [6.846543312072754, 367.5483093261719, 1042.5897216796875], "obj_id": 1}, {"cam_R_m2c": [0.6811311841011047, -0.6852232217788696, -0.2579328715801239, 0.7122076749801636, 0.701776921749115, 0.0164114311337471, 0.16976583003997803, -0.1948801428079605, 0.9660234451293945], "cam_t_m2c": [93.1444320678711, 246.83953857421875, 1156.841552734375], "obj_id": 1}, {"cam_R_m2c": [-0.27575650811195374, 0.9252984523773193, -0.26034796237945557, -0.7508710026741028, -0.3764581084251404, -0.5426526665687561, -0.600125789642334, 0.045847706496715546, 0.7985906600952148], "cam_t_m2c": [169.01145935058594, 320.9125671386719, 1062.8878173828125], "obj_id": 1}, {"cam_R_m2c": [0.4261600971221924, 0.31016430258750916, -0.8498150706291199, 0.9038206338882446, -0.18613851070404053, 0.38530585169792175, -0.0386752113699913, -0.9322823882102966, -0.3596577048301697], "cam_t_m2c": [222.52626037597656, 114.89099884033203, 778.1622314453125], "obj_id": 1}, {"cam_R_m2c": [0.012759231962263584, 0.5450380444526672, 0.8383141160011292, -0.18151196837425232, 0.8257160186767578, -0.5340846180915833, -0.9833058714866638, -0.14534957706928253, 0.10946645587682724], "cam_t_m2c": [-14.535067558288574, 112.54845428466797, 903.189208984375], "obj_id": 1}, {"cam_R_m2c": [0.32701802253723145, 0.9379144906997681, -0.11565284430980682, -0.28820469975471497, 0.21553337574005127, 0.9329970479011536, 0.8999984860420227, -0.27177515625953674, 0.3407946527004242], "cam_t_m2c": [33.29444885253906, 287.5955810546875, 933.5416259765625], "obj_id": 1}, {"cam_R_m2c": [-0.07742997258901596, 0.3257656991481781, -0.9422745108604431, -0.9018088579177856, 0.38013190031051636, 0.2055250108242035, 0.4251416027545929, 0.8656653165817261, 0.26434481143951416], "cam_t_m2c": [135.98727416992188, 44.88020706176758, 903.3368530273438], "obj_id": 1}, {"cam_R_m2c": [-0.10592285543680191, -0.8783081769943237, 0.46621355414390564, -0.7493975162506104, 0.3786812126636505, 0.543142557144165, -0.6535928845405579, -0.2918480634689331, -0.6983129382133484], "cam_t_m2c": [217.07818603515625, 207.10873413085938, 835.41259765625], "obj_id": 1}, {"cam_R_m2c": [0.8499730825424194, 0.5021476149559021, 0.15935353934764862, -0.5250088572502136, 0.7822606563568115, 0.33531177043914795, 0.04372000694274902, -0.36866798996925354, 0.9285324215888977], "cam_t_m2c": [160.52659606933594, 6.616830825805664, 934.829833984375], "obj_id": 1}, {"cam_R_m2c": [-0.8244143128395081, -0.5491774082183838, 0.13691329956054688, -0.3158738911151886, 0.6471608281135559, 0.693834662437439, -0.4696432650089264, 0.5287598371505737, -0.7069994807243347], "cam_t_m2c": [104.7296371459961, 45.70426940917969, 918.9074096679688], "obj_id": 1}, {"cam_R_m2c": [-0.3881565034389496, 0.3148993253707886, 0.8661251664161682, -0.570611834526062, 0.6558849811553955, -0.49418315291404724, -0.7236964106559753, -0.6860417723655701, -0.07490070164203644], "cam_t_m2c": [96.83356475830078, 308.655517578125, 1096.982421875], "obj_id": 1}, {"cam_R_m2c": [0.5956976413726807, 0.7546716332435608, 0.2749820351600647, 0.7438931465148926, -0.6474867463111877, 0.16548138856887817, 0.3029312789440155, 0.10598035156726837, -0.947101354598999], "cam_t_m2c": [-94.9729232788086, 279.9656982421875, 956.5602416992188], "obj_id": 1}, {"cam_R_m2c": [-0.8134306073188782, 0.031390029937028885, -0.5808143615722656, -0.06706149876117706, -0.9969451427459717, 0.04003988951444626, -0.5777831673622131, 0.07151995599269867, 0.8130507469177246], "cam_t_m2c": [-34.80671691894531, 356.0806884765625, 874.765625], "obj_id": 1}, {"cam_R_m2c": [0.0360105037689209, 0.822805643081665, -0.5671807527542114, -0.7442863583564758, -0.35665619373321533, -0.5646538734436035, -0.6668890118598938, 0.44247838854789734, 0.5995597243309021], "cam_t_m2c": [36.05784606933594, 141.19349670410156, 931.700439453125], "obj_id": 1}, {"cam_R_m2c": [-0.7979592680931091, -0.5664359927177429, -0.2059399038553238, 0.19480061531066895, 0.0809665098786354, -0.9774953126907349, 0.5703627467155457, -0.8201187252998352, 0.04573412984609604], "cam_t_m2c": [79.23915100097656, 222.203369140625, 790.0177612304688], "obj_id": 1}, {"cam_R_m2c": [0.9172800779342651, -0.24492622911930084, 0.31401968002319336, -0.2142886072397232, -0.9681874513626099, -0.1292017251253128, 0.33567485213279724, 0.05122332647442818, -0.9405840039253235], "cam_t_m2c": [223.13626098632812, 308.9554443359375, 1069.485595703125], "obj_id": 1}, {"cam_R_m2c": [0.9828875064849854, -0.1689101755619049, 0.0734945610165596, 0.12340189516544342, 0.3075501620769501, -0.9434961080551147, 0.1367628276348114, 0.9364199042320251, 0.3231310546398163], "cam_t_m2c": [234.7947998046875, 176.83966064453125, 1098.373291015625], "obj_id": 1}, {"cam_R_m2c": [0.128900945186615, -0.8858705163002014, -0.4456656873226166, -0.7509166598320007, 0.20633700489997864, -0.6273349523544312, 0.6476948857307434, 0.4155218303203583, -0.6386178731918335], "cam_t_m2c": [23.90955352783203, 358.6858825683594, 1036.43603515625], "obj_id": 1}, {"cam_R_m2c": [-0.9354394674301147, 0.30317673087120056, 0.18176054954528809, 0.32250186800956726, 0.9424989819526672, 0.08768241852521896, -0.14472585916519165, 0.14063970744609833, -0.979425847530365], "cam_t_m2c": [126.65210723876953, 313.1875915527344, 813.2508544921875], "obj_id": 1}, {"cam_R_m2c": [-0.21740421652793884, 0.4744848608970642, -0.852994441986084, -0.16872139275074005, 0.842474102973938, 0.5116351246833801, 0.9613888263702393, 0.25515004992485046, -0.10310166329145432], "cam_t_m2c": [20.490354537963867, 58.762351989746094, 838.7368774414062], "obj_id": 1}, {"cam_R_m2c": [-0.755922794342041, -0.4800731837749481, -0.44509589672088623, -0.5627685785293579, 0.12915951013565063, 0.816461443901062, -0.3344728946685791, 0.8676678538322449, -0.3678046762943268], "cam_t_m2c": [88.229248046875, 293.554931640625, 1136.7529296875], "obj_id": 1}, {"cam_R_m2c": [0.7221760749816895, 0.5578023791313171, -0.409045547246933, -0.1648423671722412, -0.4355311989784241, -0.8849517107009888, -0.6717802882194519, 0.7065189480781555, -0.2225807160139084], "cam_t_m2c": [89.6880874633789, 1.7447080612182617, 963.1651000976562], "obj_id": 1}, {"cam_R_m2c": [-0.6206867098808289, -0.7669817209243774, 0.1627478003501892, -0.7369926571846008, 0.6415550708770752, 0.2127179354429245, -0.2675624489784241, 0.012087282724678516, -0.963464617729187], "cam_t_m2c": [266.41387939453125, 136.84898376464844, 803.0526733398438], "obj_id": 1}, {"cam_R_m2c": [-0.03234155476093292, -0.7857060432434082, 0.6177540421485901, -0.6235643029212952, 0.49889659881591797, 0.6018885374069214, -0.7811028361320496, -0.36574333906173706, -0.5060732960700989], "cam_t_m2c": [12.665032386779785, 101.74735260009766, 820.4593505859375], "obj_id": 1}, {"cam_R_m2c": [-0.6939250826835632, -0.5752000212669373, 0.4331432282924652, 0.7084240317344666, -0.4377354085445404, 0.5536453723907471, -0.12885470688343048, 0.6910374164581299, 0.7112410068511963], "cam_t_m2c": [-21.96482276916504, 285.1532287597656, 1041.56201171875], "obj_id": 1}, {"cam_R_m2c": [-0.17978143692016602, 0.5973357558250427, 0.7815809845924377, -0.9786178469657898, -0.027892058715224266, -0.2037874013185501, -0.09992965310811996, -0.8015062212944031, 0.5895777344703674], "cam_t_m2c": [86.85691833496094, 217.6260528564453, 934.4237670898438], "obj_id": 1}, {"cam_R_m2c": [-0.4920051097869873, -0.2943967282772064, 0.819305419921875, -0.6576625108718872, -0.4909578561782837, -0.5713495016098022, 0.5704479217529297, -0.8199334144592285, 0.047940149903297424], "cam_t_m2c": [219.8453826904297, 241.09356689453125, 883.4686889648438], "obj_id": 1}, {"cam_R_m2c": [0.24281775951385498, 0.9664207100868225, -0.08408620208501816, -0.9638673067092896, 0.23056858777999878, -0.13340884447097778, -0.10954143851995468, 0.11344198137521744, 0.9874874949455261], "cam_t_m2c": [12.802756309509277, 279.85479736328125, 1084.8624267578125], "obj_id": 1}, {"cam_R_m2c": [-0.559041440486908, 0.6036120653152466, -0.5684409737586975, 0.5411533713340759, -0.2538010776042938, -0.8017094731330872, -0.6281924247741699, -0.755802571773529, -0.1847613900899887], "cam_t_m2c": [-91.57310485839844, 199.66729736328125, 1090.720458984375], "obj_id": 1}, {"cam_R_m2c": [0.6976898312568665, -0.6071325540542603, -0.3802880644798279, -0.2895107865333557, -0.7245014309883118, 0.6255248785018921, -0.655295729637146, -0.32632485032081604, -0.6812487244606018], "cam_t_m2c": [186.861572265625, 189.49282836914062, 837.1708984375], "obj_id": 1}, {"cam_R_m2c": [-0.7348306179046631, -0.02752334624528885, -0.6776918172836304, 0.4890538454055786, 0.6708089709281921, -0.5575316548347473, 0.46994689106941223, -0.7411192059516907, -0.47947052121162415], "cam_t_m2c": [88.40607452392578, 44.61360549926758, 941.18310546875], "obj_id": 1}, {"cam_R_m2c": [0.3591921925544739, -0.7341122627258301, -0.5762465596199036, -0.5819429755210876, -0.6588929891586304, 0.47665736079216003, -0.7296048998832703, 0.1641310602426529, -0.6638807058334351], "cam_t_m2c": [-32.21201705932617, 286.0835876464844, 1073.1845703125], "obj_id": 1}, {"cam_R_m2c": [-0.6176280975341797, 0.783624529838562, -0.06684433668851852, -0.622796893119812, -0.4354207217693329, 0.6500252485275269, 0.48027029633522034, 0.4431042969226837, 0.7569670081138611], "cam_t_m2c": [110.29337310791016, 402.6053771972656, 834.69873046875], "obj_id": 1}, {"cam_R_m2c": [0.21111120283603668, 0.03962372615933418, -0.9766585826873779, 0.9740203619003296, 0.07524648308753967, 0.2135937362909317, 0.0819534957408905, -0.9963774085044861, -0.022708935663104057], "cam_t_m2c": [232.29638671875, 151.8215789794922, 804.1561889648438], "obj_id": 1}, {"cam_R_m2c": [0.7261167168617249, -0.1282031387090683, -0.6755134463310242, 0.5183274745941162, 0.7475852966308594, 0.41527441143989563, 0.45176443457603455, -0.6516748666763306, 0.6092854142189026], "cam_t_m2c": [271.02313232421875, 141.59869384765625, 851.8971557617188], "obj_id": 1}, {"cam_R_m2c": [0.2155630886554718, 0.6758212447166443, -0.7048391699790955, -0.03285865858197212, -0.7163800001144409, -0.6969361901283264, -0.9759369492530823, 0.17339381575584412, -0.13221855461597443], "cam_t_m2c": [212.35716247558594, 333.78607177734375, 761.3975219726562], "obj_id": 1}, {"cam_R_m2c": [0.2064812183380127, -0.1461707353591919, 0.9674707055091858, 0.515270471572876, 0.856806218624115, 0.019480016082525253, -0.8317822813987732, 0.49448683857917786, 0.2522318661212921], "cam_t_m2c": [219.74159240722656, 247.29200744628906, 888.3153076171875], "obj_id": 1}, {"cam_R_m2c": [-0.22953245043754578, 0.8676180243492126, -0.44108250737190247, -0.9593353271484375, -0.12517884373664856, 0.2529938817024231, 0.16428783535957336, 0.48121634125709534, 0.8610692620277405], "cam_t_m2c": [194.1275177001953, 230.13095092773438, 1003.9422607421875], "obj_id": 1}, {"cam_R_m2c": [-0.21245840191841125, 0.4670060873031616, 0.8583510518074036, -0.839220404624939, 0.3627730906009674, -0.40509843826293945, -0.5005701184272766, -0.8064123392105103, 0.314846932888031], "cam_t_m2c": [100.31565856933594, 380.9496765136719, 1148.865234375], "obj_id": 3}, {"cam_R_m2c": [0.6502231955528259, -0.4181164801120758, 0.6343408823013306, 0.047830041497945786, -0.8107566833496094, -0.5834259390830994, 0.7582361698150635, 0.40969762206077576, -0.5071742534637451], "cam_t_m2c": [86.28714752197266, 98.84490203857422, 1127.9150390625], "obj_id": 1}, {"cam_R_m2c": [-0.28156182169914246, 0.943085789680481, 0.17695245146751404, 0.8640541434288025, 0.16899468004703522, 0.4741848409175873, 0.4172929525375366, 0.28640884160995483, -0.8624595999717712], "cam_t_m2c": [60.3353157043457, 369.63165283203125, 775.3158569335938], "obj_id": 1}, {"cam_R_m2c": [0.6423620581626892, -0.6492304801940918, -0.40727218985557556, -0.4804275929927826, 0.07292688637971878, -0.8739970326423645, 0.5971266031265259, 0.7570873498916626, -0.26506274938583374], "cam_t_m2c": [-129.07167053222656, 242.48841857910156, 1003.1216430664062], "obj_id": 1}, {"cam_R_m2c": [-0.9402433037757874, -0.16466572880744934, 0.29803988337516785, 0.3367396891117096, -0.3198899030685425, 0.8855940699577332, -0.05048704519867897, 0.9330357313156128, 0.35622382164001465], "cam_t_m2c": [100.29204559326172, 369.2715148925781, 770.2039184570312], "obj_id": 1}, {"cam_R_m2c": [-0.7621597647666931, 0.1282297819852829, 0.6345624327659607, -0.6328914165496826, -0.35385510325431824, -0.6886471509933472, 0.13623811304569244, -0.9264683723449707, 0.3508497476577759], "cam_t_m2c": [92.49715423583984, 280.0404357910156, 1164.354736328125], "obj_id": 3}, {"cam_R_m2c": [-0.7178487181663513, -0.6246469020843506, -0.30742380023002625, 0.6830938458442688, -0.5466725826263428, -0.4842848479747772, 0.13444684445858002, -0.5576425790786743, 0.8191207647323608], "cam_t_m2c": [-30.48124122619629, 319.3875427246094, 895.9190063476562], "obj_id": 1}, {"cam_R_m2c": [0.09773601591587067, 0.7472274899482727, 0.6573421955108643, 0.9855682253837585, -0.16440099477767944, 0.04034336283802986, 0.1382133662700653, 0.6439126133918762, -0.7525115609169006], "cam_t_m2c": [-163.25125122070312, 150.99111938476562, 942.223876953125], "obj_id": 1}, {"cam_R_m2c": [0.5519616007804871, -0.7435072064399719, -0.3775387108325958, 0.3765902519226074, 0.6262161731719971, -0.6826661825180054, 0.743988037109375, 0.23462815582752228, 0.625644862651825], "cam_t_m2c": [218.3026123046875, 303.7680969238281, 1163.0965576171875], "obj_id": 1}, {"cam_R_m2c": [-0.18850179016590118, 0.860002338886261, -0.47419705986976624, 0.2654237449169159, 0.5094975233078003, 0.8185123205184937, 0.9455248117446899, 0.02842794544994831, -0.3243062198162079], "cam_t_m2c": [140.9471435546875, -5.078660488128662, 921.3772583007812], "obj_id": 3}, {"cam_R_m2c": [0.12404140084981918, -0.8217588663101196, 0.5561709403991699, 0.9919508099555969, 0.08832012861967087, -0.09073670953512192, 0.025442615151405334, 0.5629492998123169, 0.826099693775177], "cam_t_m2c": [38.510169982910156, 146.92922973632812, 814.5404052734375], "obj_id": 1}, {"cam_R_m2c": [-0.09870970249176025, 0.874460756778717, 0.47494709491729736, -0.5239843726158142, -0.45142751932144165, 0.7222558856010437, 0.8459886312484741, -0.17757120728492737, 0.502764105796814], "cam_t_m2c": [316.1684265136719, 240.86154174804688, 1156.3192138671875], "obj_id": 1}, {"cam_R_m2c": [-0.3296352028846741, -0.6399773955345154, 0.6940960884094238, -0.8259003758430481, -0.16072313487529755, -0.5404224991798401, 0.45741555094718933, -0.7513965964317322, -0.4755774736404419], "cam_t_m2c": [145.52635192871094, 174.36141967773438, 1104.66796875], "obj_id": 3}, {"cam_R_m2c": [-0.5036563873291016, 0.48699936270713806, 0.713555634021759, 0.6846091747283936, 0.728772759437561, -0.014160148799419403, -0.5269159078598022, 0.48137491941452026, -0.7004552483558655], "cam_t_m2c": [4.293639659881592, 347.524658203125, 781.4678955078125], "obj_id": 1}, {"cam_R_m2c": [-0.9316251277923584, -0.12118081003427505, 0.34262216091156006, 0.361672967672348, -0.4015049934387207, 0.8414193391799927, 0.03560062125325203, 0.9078044891357422, 0.4178798794746399], "cam_t_m2c": [-33.71329879760742, 239.0890350341797, 836.6779174804688], "obj_id": 3}, {"cam_R_m2c": [-0.4705018103122711, -0.15365366637706757, -0.8689180016517639, -0.17162670195102692, 0.9818518757820129, -0.08069168776273727, 0.8655473589897156, 0.11116395145654678, -0.48833417892456055], "cam_t_m2c": [40.302085876464844, 368.41802978515625, 1123.3118896484375], "obj_id": 3}, {"cam_R_m2c": [-0.13715708255767822, 0.43140703439712524, 0.891670286655426, 0.9903939962387085, 0.04378710687160492, 0.131157785654068, 0.01753874309360981, 0.9010941386222839, -0.43326863646507263], "cam_t_m2c": [92.40563201904297, 258.9216613769531, 1014.7149658203125], "obj_id": 3}, {"cam_R_m2c": [0.8104841113090515, 0.5425410866737366, 0.2208271473646164, 0.06990911811590195, -0.4638899564743042, 0.8831301927566528, 0.5815739035606384, -0.7003251910209656, -0.4139040410518646], "cam_t_m2c": [99.11607360839844, 387.84197998046875, 1143.1776123046875], "obj_id": 3}, {"cam_R_m2c": [-0.11418692767620087, -0.2244672328233719, 0.9677684307098389, -0.20415157079696655, -0.9480481147766113, -0.24398107826709747, 0.9722568392753601, -0.2254309058189392, 0.06242942810058594], "cam_t_m2c": [208.5163116455078, 269.00445556640625, 906.5768432617188], "obj_id": 1}, {"cam_R_m2c": [0.3173670470714569, -0.7834632396697998, -0.5342878103256226, 0.9410910606384277, 0.32955896854400635, 0.07575307041406631, 0.11672959476709366, -0.5268550515174866, 0.841901421546936], "cam_t_m2c": [223.16806030273438, 165.21133422851562, 1151.67333984375], "obj_id": 3}, {"cam_R_m2c": [-0.27066925168037415, -0.22205951809883118, 0.9367111325263977, -0.2723653018474579, -0.9156110286712646, -0.2957593500614166, 0.9233391880989075, -0.3351805806159973, 0.1873464435338974], "cam_t_m2c": [-7.494939804077148, 136.67404174804688, 999.0586547851562], "obj_id": 3}, {"cam_R_m2c": [-0.2297298014163971, 0.9012075066566467, -0.3674905002117157, 0.714496374130249, 0.4125531017780304, 0.5650618076324463, 0.6608473062515259, -0.13275909423828125, -0.7386852502822876], "cam_t_m2c": [246.83860778808594, 175.36517333984375, 1035.956298828125], "obj_id": 3}, {"cam_R_m2c": [0.6183680891990662, -0.5483191609382629, 0.5629981756210327, 0.5886033773422241, -0.15154966711997986, -0.7940898537635803, 0.5207368731498718, 0.822422444820404, 0.2290290743112564], "cam_t_m2c": [137.83926391601562, 360.92706298828125, 833.4385986328125], "obj_id": 1}, {"cam_R_m2c": [-0.45618507266044617, -0.4195004403591156, 0.784802258014679, 0.6385132074356079, -0.7685871720314026, -0.03968191146850586, 0.6198354959487915, 0.48300430178642273, 0.618474543094635], "cam_t_m2c": [332.0291442871094, 264.1148376464844, 841.5933837890625], "obj_id": 3}, {"cam_R_m2c": [-0.4824102818965912, 0.434795081615448, -0.7604168057441711, -0.8479426503181458, -0.014052762649953365, 0.5299017429351807, 0.2197127342224121, 0.9004198312759399, 0.3754604160785675], "cam_t_m2c": [48.83064651489258, 325.6968078613281, 1051.1153564453125], "obj_id": 3}, {"cam_R_m2c": [0.2741081416606903, -0.7252897620201111, 0.6315215229988098, -0.6542923450469971, -0.6219127774238586, -0.4302626848220825, 0.704816460609436, -0.2952612340450287, -0.6450229287147522], "cam_t_m2c": [24.38746452331543, 130.99114990234375, 941.67724609375], "obj_id": 1}, {"cam_R_m2c": [-0.9099318981170654, 0.392272412776947, 0.1347079873085022, -0.22751617431640625, -0.7436448335647583, 0.6286721229553223, 0.34678566455841064, 0.5414005517959595, 0.7659145593643188], "cam_t_m2c": [275.64715576171875, 255.7510986328125, 961.8438720703125], "obj_id": 1}, {"cam_R_m2c": [0.05798075348138809, -0.9560997486114502, -0.28724801540374756, -0.9897664785385132, -0.01747361570596695, -0.14162248373031616, 0.13038595020771027, 0.29251983761787415, -0.9473285675048828], "cam_t_m2c": [252.61781311035156, 325.7760009765625, 820.336181640625], "obj_id": 1}, {"cam_R_m2c": [0.07577543705701828, 0.9295340776443481, 0.3608662188053131, 0.600584864616394, -0.3314417004585266, 0.7276291251182556, 0.7959622144699097, 0.16159439086914062, -0.5833792686462402], "cam_t_m2c": [-93.55525970458984, 177.9814910888672, 1139.6539306640625], "obj_id": 1}, {"cam_R_m2c": [-0.13793152570724487, 0.8680891990661621, -0.4768604636192322, 0.42267587780952454, 0.4870103895664215, 0.7643074989318848, 0.8957231044769287, -0.09613526612520218, -0.4340943992137909], "cam_t_m2c": [328.0086975097656, 270.5357360839844, 781.3922119140625], "obj_id": 1}, {"cam_R_m2c": [0.5463124513626099, -0.8054479360580444, 0.22977440059185028, -0.5602062940597534, -0.1474364548921585, 0.8151265382766724, -0.6226649284362793, -0.5740348100662231, -0.5317633748054504], "cam_t_m2c": [25.52527618408203, 304.29022216796875, 1098.7960205078125], "obj_id": 3}, {"cam_R_m2c": [0.4441680312156677, -0.01531312521547079, 0.8958125710487366, 0.7104358077049255, -0.6031815409660339, -0.3625640273094177, 0.5458897352218628, 0.7974567413330078, -0.25703489780426025], "cam_t_m2c": [80.33143615722656, 370.7409362792969, 976.447509765625], "obj_id": 3}, {"cam_R_m2c": [0.0837147980928421, 0.7069917917251587, -0.7022494673728943, 0.7170311212539673, 0.44664597511291504, 0.5351389646530151, 0.6919957399368286, -0.5483337640762329, -0.4695442318916321], "cam_t_m2c": [8.847882270812988, 202.95700073242188, 896.0319213867188], "obj_id": 3}, {"cam_R_m2c": [0.8309781551361084, -0.0629606619477272, -0.5527306795120239, -0.5302686095237732, 0.21075989305973053, -0.821215808391571, 0.16819773614406586, 0.9755081534385681, 0.14175081253051758], "cam_t_m2c": [-120.13969421386719, 244.27659606933594, 929.36865234375], "obj_id": 1}, {"cam_R_m2c": [-0.7605717778205872, 0.6074831485748291, -0.22911721467971802, 0.5080553889274597, 0.3371541202068329, -0.7925949692726135, -0.40424028038978577, -0.7192296385765076, -0.5650649666786194], "cam_t_m2c": [160.02011108398438, 260.3809509277344, 998.2739868164062], "obj_id": 3}, {"cam_R_m2c": [-0.14158402383327484, 0.2907637059688568, 0.9462612867355347, -0.9802869558334351, 0.0918896347284317, -0.17491061985492706, -0.13780926167964935, -0.9523721933364868, 0.2720218002796173], "cam_t_m2c": [-8.81312084197998, 125.12425994873047, 883.4119873046875], "obj_id": 1}, {"cam_R_m2c": [-0.5783658623695374, -0.6533052325248718, 0.4885541796684265, 0.7998865246772766, -0.3365241289138794, 0.4969235956668854, -0.1602325141429901, 0.6781915426254272, 0.7172040939331055], "cam_t_m2c": [10.986943244934082, 175.7974853515625, 791.6111450195312], "obj_id": 1}, {"cam_R_m2c": [-0.14563988149166107, -0.39815038442611694, 0.9056850075721741, 0.8161308169364929, 0.46909651160240173, 0.33745962381362915, -0.559213399887085, 0.7883049845695496, 0.25662362575531006], "cam_t_m2c": [141.62191772460938, 154.7538299560547, 1028.39404296875], "obj_id": 3}, {"cam_R_m2c": [-0.1739768087863922, 0.9346473813056946, -0.3101070821285248, 0.714134693145752, -0.09708143025636673, -0.693243682384491, -0.6780440211296082, -0.34206655621528625, -0.6505742073059082], "cam_t_m2c": [120.25093841552734, 450.3329772949219, 1120.658935546875], "obj_id": 3}, {"cam_R_m2c": [-0.08292092382907867, -0.8830832242965698, -0.46183115243911743, -0.9950889348983765, 0.04823389649391174, 0.0864369198679924, -0.054055105894804, 0.4667305648326874, -0.8827459216117859], "cam_t_m2c": [315.7378234863281, 298.413818359375, 1154.4036865234375], "obj_id": 3}, {"cam_R_m2c": [0.4929167926311493, -0.8014488220214844, -0.3386927545070648, 0.7375657558441162, 0.5913846492767334, -0.32597681879997253, 0.4615514576435089, -0.08912874758243561, 0.8826246857643127], "cam_t_m2c": [60.41434097290039, 92.55299377441406, 802.7295532226562], "obj_id": 1}],
