{
  "0": [{"cam_R_m2c": [-0.5979160666465759, 0.05776015669107437, -0.7994747757911682, 0.10755164176225662, -0.9825997948646545, -0.15142688155174255, -0.7943102717399597, -0.17652541399002075, 0.5813001990318298], "cam_t_m2c": [42.27465057373047, 0.9319325685501099, 424.8948974609375], "obj_id": 3}, {"cam_R_m2c": [0.6110540628433228, 0.6708964705467224, -0.4201318919658661, -0.09305205941200256, 0.5879435539245605, 0.8035320043563843, 0.7861006259918213, -0.45190733671188354, 0.4216936230659485], "cam_t_m2c": [18.2440242767334, -73.11475372314453, 476.1551208496094], "obj_id": 3}, {"cam_R_m2c": [0.7387912273406982, 0.04821711778640747, -0.6722072958946228, 0.07232251763343811, 0.9860050082206726, 0.15021194517612457, 0.6700425148010254, -0.15959098935127258, 0.7249646186828613], "cam_t_m2c": [-47.808231353759766, -27.932403564453125, 318.3355407714844], "obj_id": 3}, {"cam_R_m2c": [0.5989909768104553, 0.1200476586818695, -0.7917060256004333, 0.5894039869308472, 0.6031687259674072, 0.537392258644104, 0.542044997215271, -0.78852778673172, 0.2905360460281372], "cam_t_m2c": [7.752901554107666, 22.83809471130371, 461.1876525878906], "obj_id": 1}, {"cam_R_m2c": [-0.6761937737464905, -0.6238169074058533, -0.39193663001060486, 0.6693511605262756, -0.2979477345943451, -0.6805850863456726, 0.3077838718891144, -0.7225506901741028, 0.6190230846405029], "cam_t_m2c": [-115.55548095703125, -247.00079345703125, 566.2388916015625], "obj_id": 0}, {"cam_R_m2c": [-0.28691917657852173, 0.9124244451522827, 0.29181984066963196, 0.751261830329895, 0.025307150557637215, 0.659518837928772, 0.5943760275840759, 0.4084617793560028, -0.6927307844161987], "cam_t_m2c": [28.36128807067871, 47.530147552490234, 271.22515869140625], "obj_id": 0}, {"cam_R_m2c": [-0.5022344589233398, -0.8604258298873901, -0.08618556708097458, 0.7220341563224792, -0.3624231517314911, -0.5893353223800659, 0.4758436977863312, -0.3582134544849396, 0.8032782077789307], "cam_t_m2c": [-29.301647186279297, -52.84974670410156, 498.8876647949219], "obj_id": 2}, {"cam_R_m2c": [0.39854395389556885, -0.8475989103317261, -0.350340873003006, -0.49253714084625244, -0.5200313329696655, 0.6978355646133423, -0.7736729383468628, -0.1055622398853302, -0.6247292757034302], "cam_t_m2c": [-33.40847396850586, -166.34814453125, 586.3781127929688], "obj_id": 1}, {"cam_R_m2c": [-0.7216029167175293, 0.49188393354415894, 0.4871750473976135, -0.046746984124183655, 0.6674724817276001, -0.7431656718254089, -0.690727174282074, -0.5590444207191467, -0.45865604281425476], "cam_t_m2c": [1.6228886842727661, -84.87676239013672, 529.8135375976562], "obj_id": 3}, {"cam_R_m2c": [-0.6824323534965515, 0.6947053074836731, -0.22731192409992218, -0.66890949010849, -0.4681662917137146, 0.5773910880088806, 0.2946968674659729, 0.5460814237594604, 0.7841867208480835], "cam_t_m2c": [-17.21088218688965, 46.20659637451172, 270.40301513671875], "obj_id": 3}, {"cam_R_m2c": [-0.2745417654514313, 0.9612696170806885, 0.024238361045718193, 0.7990902066230774, 0.21405670046806335, 0.5618136525154114, 0.5348660349845886, 0.17360995709896088, -0.8269086480140686], "cam_t_m2c": [282.25274658203125, 115.75349426269531, 435.6879577636719], "obj_id": 0}, {"cam_R_m2c": [-0.8607173562049866, -0.40777432918548584, 0.304771363735199, -0.3643770217895508, 0.911544919013977, 0.19056561589241028, -0.3555205464363098, 0.052971456199884415, -0.9331661462783813], "cam_t_m2c": [-8.43908977508545, -39.64789962768555, 403.7696533203125], "obj_id": 3}, {"cam_R_m2c": [-0.3144850432872772, 0.8228010535240173, 0.4733894169330597, 0.7054513096809387, -0.13110646605491638, 0.6965267658233643, 0.6351674199104309, 0.5530004501342773, -0.539215087890625], "cam_t_m2c": [302.5365905761719, 261.4176025390625, 244.2176513671875], "obj_id": 0}, {"cam_R_m2c": [-0.5022445321083069, 0.3398938477039337, 0.795124351978302, 0.7220310568809509, -0.3411466181278229, 0.6019055247306824, 0.47583791613578796, 0.8764081597328186, -0.07407497614622116], "cam_t_m2c": [148.68408203125, -28.808597564697266, 650.2706298828125], "obj_id": 2}, {"cam_R_m2c": [-0.5082700848579407, 0.038879044353961945, -0.8603194952011108, 0.8240026235580444, 0.3123718500137329, -0.4726979434490204, 0.25036147236824036, -0.9491639137268066, -0.190805584192276], "cam_t_m2c": [59.833457946777344, 151.431396484375, 146.78504943847656], "obj_id": 0}, {"cam_R_m2c": [-0.4233473539352417, -0.6476751565933228, 0.6334776878356934, -0.6851314306259155, -0.22862125933170319, -0.6916121244430542, 0.5927664041519165, -0.7268075942993164, -0.34695643186569214], "cam_t_m2c": [213.77456665039062, 84.63907623291016, 501.31756591796875], "obj_id": 3}, {"cam_R_m2c": [-0.8345807790756226, -0.5491223931312561, -0.04403921961784363, -0.5487737655639648, 0.821727454662323, 0.1536598652601242, -0.04818984493613243, 0.1524091362953186, -0.9871419072151184], "cam_t_m2c": [90.1865234375, -9.301424980163574, 456.5281677246094], "obj_id": 3}, {"cam_R_m2c": [-0.4629566967487335, 0.4009609520435333, -0.7905070185661316, 0.7224193811416626, 0.6874410510063171, -0.07439766079187393, 0.5135964751243591, -0.605520486831665, -0.6079174280166626], "cam_t_m2c": [-265.2789001464844, -94.09215545654297, 268.43475341796875], "obj_id": 0}, {"cam_R_m2c": [-0.1730761080980301, -0.8483961224555969, 0.5002687573432922, 0.07558092474937439, -0.5178773403167725, -0.8521096110343933, 0.9820042252540588, -0.10966898500919342, 0.15375465154647827], "cam_t_m2c": [102.25947570800781, -13.615926742553711, 442.65496826171875], "obj_id": 1}, {"cam_R_m2c": [0.2833549380302429, 0.7111994624137878, -0.6433547139167786, 0.6573126316070557, -0.6325145363807678, -0.4097137153148651, -0.6983194351196289, -0.3067907989025116, -0.6467065215110779], "cam_t_m2c": [144.03379821777344, 39.338134765625, 502.91888427734375], "obj_id": 3}, {"cam_R_m2c": [-0.6765305399894714, 0.5187481641769409, 0.5226916074752808, -0.6708253026008606, -0.7269390821456909, -0.14680840075016022, 0.30380842089653015, -0.44995516538619995, 0.8397861123085022], "cam_t_m2c": [61.942989349365234, 45.23444366455078, 399.8179016113281], "obj_id": 3}, {"cam_R_m2c": [0.03330976143479347, -0.4945215582847595, -0.8685268759727478, 0.9738183617591858, 0.21158498525619507, -0.08312427997589111, 0.22487398982048035, -0.8430185317993164, 0.4886219799518585], "cam_t_m2c": [123.33302307128906, 123.34554290771484, 415.884033203125], "obj_id": 1}, {"cam_R_m2c": [-0.50224769115448, -0.8118870854377747, -0.29763486981391907, 0.722029983997345, -0.20434138178825378, -0.6609971523284912, 0.475835919380188, -0.54688560962677, 0.6888368725776672], "cam_t_m2c": [-17.13669204711914, -78.90028381347656, 551.2579345703125], "obj_id": 2}, {"cam_R_m2c": [0.6393457651138306, 0.30973026156425476, 0.7037784457206726, -0.4550250470638275, 0.8902169466018677, 0.021585194393992424, -0.6198298931121826, -0.33403724431991577, 0.7100914716720581], "cam_t_m2c": [225.01065063476562, 82.76598358154297, 556.6495361328125], "obj_id": 0}, {"cam_R_m2c": [0.7149972915649414, 0.5634949803352356, -0.4138263761997223, -0.40816637873649597, -0.14411845803260803, -0.9014599323272705, -0.5676081776618958, 0.8134514093399048, 0.12695541977882385], "cam_t_m2c": [141.4612579345703, 25.372182846069336, 398.0298156738281], "obj_id": 1}, {"cam_R_m2c": [-0.566436231136322, -0.8137984871864319, -0.12993143498897552, 0.1411866694688797, -0.2511613070964813, 0.9575930237770081, -0.8119214773178101, 0.5240707397460938, 0.25716426968574524], "cam_t_m2c": [59.28974151611328, -1.7545679807662964, 393.76458740234375], "obj_id": 3}, {"cam_R_m2c": [0.6354580521583557, -0.5182176828384399, 0.5724014639854431, 0.2481117695569992, -0.5649638772010803, -0.7869282960891724, 0.7311863899230957, 0.6420794129371643, -0.23043489456176758], "cam_t_m2c": [65.0889663696289, 84.22404479980469, 321.8414001464844], "obj_id": 3}, {"cam_R_m2c": [-0.6614899039268494, -0.39712202548980713, -0.6361801028251648, 0.7481573224067688, -0.29075533151626587, -0.5964242219924927, 0.05188041180372238, -0.8704914450645447, 0.48944154381752014], "cam_t_m2c": [40.773651123046875, -73.59465789794922, 468.120361328125], "obj_id": 0}, {"cam_R_m2c": [0.8324441313743591, 0.541012704372406, -0.11975803971290588, -0.4528794288635254, 0.539753794670105, -0.7096238732337952, -0.3192756772041321, 0.6449581980705261, 0.6943284273147583], "cam_t_m2c": [157.15817260742188, 37.89277267456055, 530.0032348632812], "obj_id": 0}, {"cam_R_m2c": [0.6038797497749329, -0.051026541739702225, -0.7954404950141907, -0.7863494157791138, -0.20130321383476257, -0.5840646624565125, -0.1303219348192215, 0.9781990051269531, -0.16168762743473053], "cam_t_m2c": [-26.79646110534668, -70.54772186279297, 398.9183044433594], "obj_id": 2}, {"cam_R_m2c": [0.5830169320106506, -0.6194921135902405, 0.5256622433662415, -0.7401427626609802, -0.671816885471344, 0.029164057224988937, 0.33508190512657166, -0.40606826543807983, -0.850193202495575], "cam_t_m2c": [198.44247436523438, -37.37053680419922, 471.8247985839844], "obj_id": 1}, {"cam_R_m2c": [0.4106394350528717, -0.5922454595565796, 0.6932680606842041, -0.7189967036247253, 0.2572570741176605, 0.6456489562988281, -0.5607307553291321, -0.7635864019393921, -0.3201826512813568], "cam_t_m2c": [184.2672882080078, 292.6880798339844, 195.11004638671875], "obj_id": 0}, {"cam_R_m2c": [0.4748695492744446, -0.006999917794018984, 0.8800283670425415, -0.6608016490936279, 0.657600998878479, 0.36180394887924194, -0.581240177154541, -0.7533338665962219, 0.3076491355895996], "cam_t_m2c": [40.48515701293945, 86.21671295166016, 356.6452331542969], "obj_id": 0}, {"cam_R_m2c": [-0.3628588318824768, 0.6832486391067505, 0.6336439251899719, 0.8293963670730591, -0.07316377758979797, 0.5538488626480103, 0.4247763156890869, 0.7265110015869141, -0.5401357412338257], "cam_t_m2c": [131.0234832763672, 20.468442916870117, 479.8551330566406], "obj_id": 1}, {"cam_R_m2c": [-0.950248658657074, 0.31147804856300354, 0.0029418182093650103, -0.2609579265117645, -0.790895402431488, -0.553520679473877, -0.17008288204669952, -0.5267500281333923, 0.8328302502632141], "cam_t_m2c": [101.19511413574219, 24.338659286499023, 480.46197509765625], "obj_id": 3}, {"cam_R_m2c": [0.8771695494651794, 0.45696237683296204, -0.1475091576576233, -0.4060807228088379, 0.5419929623603821, -0.7357594966888428, -0.2562655210494995, 0.70528644323349, 0.6609833240509033], "cam_t_m2c": [145.1095733642578, 78.57166290283203, 478.6776123046875], "obj_id": 0}, {"cam_R_m2c": [-0.6824884414672852, -0.049966346472501755, 0.7291865348815918, 0.34207242727279663, -0.903488039970398, 0.25825557112693787, 0.6459071636199951, 0.42569103837013245, 0.6337121725082397], "cam_t_m2c": [-2.6153829097747803, -148.6262969970703, 536.1753540039062], "obj_id": 0}, {"cam_R_m2c": [0.5402188897132874, -0.5887590050697327, 0.6012706756591797, -0.7158358097076416, 0.05414172634482384, 0.696166455745697, -0.4424281120300293, -0.80649334192276, -0.39220643043518066], "cam_t_m2c": [20.079442977905273, -24.873451232910156, 379.09027099609375], "obj_id": 2}, {"cam_R_m2c": [0.8180984258651733, 0.48586195707321167, 0.30765751004219055, -0.28802621364593506, 0.8092232942581177, -0.5120532512664795, -0.49775081872940063, 0.33029651641845703, 0.8019652962684631], "cam_t_m2c": [204.32052612304688, 190.56480407714844, 371.23773193359375], "obj_id": 0}, {"cam_R_m2c": [0.550327479839325, 0.7560281753540039, -0.35434582829475403, -0.6969053149223328, 0.1821879893541336, -0.6936356425285339, -0.45985060930252075, 0.628672182559967, 0.6271432042121887], "cam_t_m2c": [103.01585388183594, -53.18040466308594, 445.0300598144531], "obj_id": 1}, {"cam_R_m2c": [-0.6567052602767944, 0.2895301282405853, 0.6963549256324768, 0.6708164215087891, -0.1976507008075714, 0.7148001790046692, 0.344591349363327, 0.9365395307540894, -0.06442314386367798], "cam_t_m2c": [26.63167953491211, -41.91974639892578, 541.3416137695312], "obj_id": 2}],
  "1": [{"cam_R_m2c": [-0.5979160666465759, 0.05776015669107437, -0.7994747757911682, 0.10755164176225662, -0.9825997948646545, -0.15142688155174255, -0.7943102717399597, -0.17652541399002075, 0.5813001990318298], "cam_t_m2c": [42.27465057373047, 0.9319325685501099, 424.8948974609375], "obj_id": 3}, {"cam_R_m2c": [0.6110540628433228, 0.6708964705467224, -0.4201318919658661, -0.09305205941200256, 0.5879435539245605, 0.8035320043563843, 0.7861006259918213, -0.45190733671188354, 0.4216936230659485], "cam_t_m2c": [18.2440242767334, -73.11475372314453, 476.1551208496094], "obj_id": 3}, {"cam_R_m2c": [0.7387912273406982, 0.04821711778640747, -0.6722072958946228, 0.07232251763343811, 0.9860050082206726, 0.15021194517612457, 0.6700425148010254, -0.15959098935127258, 0.7249646186828613], "cam_t_m2c": [-47.808231353759766, -27.932403564453125, 318.3355407714844], "obj_id": 3}, {"cam_R_m2c": [0.5989909768104553, 0.1200476586818695, -0.7917060256004333, 0.5894039869308472, 0.6031687259674072, 0.537392258644104, 0.542044997215271, -0.78852778673172, 0.2905360460281372], "cam_t_m2c": [7.752901554107666, 22.83809471130371, 461.1876525878906], "obj_id": 1}, {"cam_R_m2c": [-0.6761937737464905, -0.6238169074058533, -0.39193663001060486, 0.6693511605262756, -0.2979477345943451, -0.6805850863456726, 0.3077838718891144, -0.7225506901741028, 0.6190230846405029], "cam_t_m2c": [-115.55548095703125, -247.00079345703125, 566.2388916015625], "obj_id": 0}, {"cam_R_m2c": [-0.28691917657852173, 0.9124244451522827, 0.29181984066963196, 0.751261830329895, 0.025307150557637215, 0.659518837928772, 0.5943760275840759, 0.4084617793560028, -0.6927307844161987], "cam_t_m2c": [28.36128807067871, 47.530147552490234, 271.22515869140625], "obj_id": 0}, {"cam_R_m2c": [-0.5022344589233398, -0.8604258298873901, -0.08618556708097458, 0.7220341563224792, -0.3624231517314911, -0.5893353223800659, 0.4758436977863312, -0.3582134544849396, 0.8032782077789307], "cam_t_m2c": [-29.301647186279297, -52.84974670410156, 498.8876647949219], "obj_id": 2}, {"cam_R_m2c": [0.39854395389556885, -0.8475989103317261, -0.350340873003006, -0.49253714084625244, -0.5200313329696655, 0.6978355646133423, -0.7736729383468628, -0.1055622398853302, -0.6247292757034302], "cam_t_m2c": [-33.40847396850586, -166.34814453125, 586.3781127929688], "obj_id": 1}, {"cam_R_m2c": [-0.7216029167175293, 0.49188393354415894, 0.4871750473976135, -0.046746984124183655, 0.6674724817276001, -0.7431656718254089, -0.690727174282074, -0.5590444207191467, -0.45865604281425476], "cam_t_m2c": [1.6228886842727661, -84.87676239013672, 529.8135375976562], "obj_id": 3}, {"cam_R_m2c": [-0.6824323534965515, 0.6947053074836731, -0.22731192409992218, -0.66890949010849, -0.4681662917137146, 0.5773910880088806, 0.2946968674659729, 0.5460814237594604, 0.7841867208480835], "cam_t_m2c": [-17.21088218688965, 46.20659637451172, 270.40301513671875], "obj_id": 3}, {"cam_R_m2c": [-0.2745417654514313, 0.9612696170806885, 0.024238361045718193, 0.7990902066230774, 0.21405670046806335, 0.5618136525154114, 0.5348660349845886, 0.17360995709896088, -0.8269086480140686], "cam_t_m2c": [282.25274658203125, 115.75349426269531, 435.6879577636719], "obj_id": 0}, {"cam_R_m2c": [-0.8607173562049866, -0.40777432918548584, 0.304771363735199, -0.3643770217895508, 0.911544919013977, 0.19056561589241028, -0.3555205464363098, 0.052971456199884415, -0.9331661462783813], "cam_t_m2c": [-8.43908977508545, -39.64789962768555, 403.7696533203125], "obj_id": 3}, {"cam_R_m2c": [-0.3144850432872772, 0.8228010535240173, 0.4733894169330597, 0.7054513096809387, -0.13110646605491638, 0.6965267658233643, 0.6351674199104309, 0.5530004501342773, -0.539215087890625], "cam_t_m2c": [302.5365905761719, 261.4176025390625, 244.2176513671875], "obj_id": 0}, {"cam_R_m2c": [-0.5022445321083069, 0.3398938477039337, 0.795124351978302, 0.7220310568809509, -0.3411466181278229, 0.6019055247306824, 0.47583791613578796, 0.8764081597328186, -0.07407497614622116], "cam_t_m2c": [148.68408203125, -28.808597564697266, 650.2706298828125], "obj_id": 2}, {"cam_R_m2c": [-0.5082700848579407, 0.038879044353961945, -0.8603194952011108, 0.8240026235580444, 0.3123718500137329, -0.4726979434490204, 0.25036147236824036, -0.9491639137268066, -0.190805584192276], "cam_t_m2c": [59.833457946777344, 151.431396484375, 146.78504943847656], "obj_id": 0}, {"cam_R_m2c": [-0.4233473539352417, -0.6476751565933228, 0.6334776878356934, -0.6851314306259155, -0.22862125933170319, -0.6916121244430542, 0.5927664041519165, -0.7268075942993164, -0.34695643186569214], "cam_t_m2c": [213.77456665039062, 84.63907623291016, 501.31756591796875], "obj_id": 3}, {"cam_R_m2c": [-0.8345807790756226, -0.5491223931312561, -0.04403921961784363, -0.5487737655639648, 0.821727454662323, 0.1536598652601242, -0.04818984493613243, 0.1524091362953186, -0.9871419072151184], "cam_t_m2c": [90.1865234375, -9.301424980163574, 456.5281677246094], "obj_id": 3}, {"cam_R_m2c": [-0.4629566967487335, 0.4009609520435333, -0.7905070185661316, 0.7224193811416626, 0.6874410510063171, -0.07439766079187393, 0.5135964751243591, -0.605520486831665, -0.6079174280166626], "cam_t_m2c": [-265.2789001464844, -94.09215545654297, 268.43475341796875], "obj_id": 0}, {"cam_R_m2c": [-0.1730761080980301, -0.8483961224555969, 0.5002687573432922, 0.07558092474937439, -0.5178773403167725, -0.8521096110343933, 0.9820042252540588, -0.10966898500919342, 0.15375465154647827], "cam_t_m2c": [102.25947570800781, -13.615926742553711, 442.65496826171875], "obj_id": 1}, {"cam_R_m2c": [0.2833549380302429, 0.7111994624137878, -0.6433547139167786, 0.6573126316070557, -0.6325145363807678, -0.4097137153148651, -0.6983194351196289, -0.3067907989025116, -0.6467065215110779], "cam_t_m2c": [144.03379821777344, 39.338134765625, 502.91888427734375], "obj_id": 3}, {"cam_R_m2c": [-0.6765305399894714, 0.5187481641769409, 0.5226916074752808, -0.6708253026008606, -0.7269390821456909, -0.14680840075016022, 0.30380842089653015, -0.44995516538619995, 0.8397861123085022], "cam_t_m2c": [61.942989349365234, 45.23444366455078, 399.8179016113281], "obj_id": 3}, {"cam_R_m2c": [0.03330976143479347, -0.4945215582847595, -0.8685268759727478, 0.9738183617591858, 0.21158498525619507, -0.08312427997589111, 0.22487398982048035, -0.8430185317993164, 0.4886219799518585], "cam_t_m2c": [123.33302307128906, 123.34554290771484, 415.884033203125], "obj_id": 1}, {"cam_R_m2c": [-0.50224769115448, -0.8118870854377747, -0.29763486981391907, 0.722029983997345, -0.20434138178825378, -0.6609971523284912, 0.475835919380188, -0.54688560962677, 0.6888368725776672], "cam_t_m2c": [-17.13669204711914, -78.90028381347656, 551.2579345703125], "obj_id": 2}, {"cam_R_m2c": [0.6393457651138306, 0.30973026156425476, 0.7037784457206726, -0.4550250470638275, 0.8902169466018677, 0.021585194393992424, -0.6198298931121826, -0.33403724431991577, 0.7100914716720581], "cam_t_m2c": [225.01065063476562, 82.76598358154297, 556.6495361328125], "obj_id": 0}, {"cam_R_m2c": [0.7149972915649414, 0.5634949803352356, -0.4138263761997223, -0.40816637873649597, -0.14411845803260803, -0.9014599323272705, -0.5676081776618958, 0.8134514093399048, 0.12695541977882385], "cam_t_m2c": [141.4612579345703, 25.372182846069336, 398.0298156738281], "obj_id": 1}, {"cam_R_m2c": [-0.566436231136322, -0.8137984871864319, -0.12993143498897552, 0.1411866694688797, -0.2511613070964813, 0.9575930237770081, -0.8119214773178101, 0.5240707397460938, 0.25716426968574524], "cam_t_m2c": [59.28974151611328, -1.7545679807662964, 393.76458740234375], "obj_id": 3}, {"cam_R_m2c": [0.6354580521583557, -0.5182176828384399, 0.5724014639854431, 0.2481117695569992, -0.5649638772010803, -0.7869282960891724, 0.7311863899230957, 0.6420794129371643, -0.23043489456176758], "cam_t_m2c": [65.0889663696289, 84.22404479980469, 321.8414001464844], "obj_id": 3}, {"cam_R_m2c": [-0.6614899039268494, -0.39712202548980713, -0.6361801028251648, 0.7481573224067688, -0.29075533151626587, -0.5964242219924927, 0.05188041180372238, -0.8704914450645447, 0.48944154381752014], "cam_t_m2c": [40.773651123046875, -73.59465789794922, 468.120361328125], "obj_id": 0}, {"cam_R_m2c": [0.8324441313743591, 0.541012704372406, -0.11975803971290588, -0.4528794288635254, 0.539753794670105, -0.7096238732337952, -0.3192756772041321, 0.6449581980705261, 0.6943284273147583], "cam_t_m2c": [157.15817260742188, 37.89277267456055, 530.0032348632812], "obj_id": 0}, {"cam_R_m2c": [0.6038797497749329, -0.051026541739702225, -0.7954404950141907, -0.7863494157791138, -0.20130321383476257, -0.5840646624565125, -0.1303219348192215, 0.9781990051269531, -0.16168762743473053], "cam_t_m2c": [-26.79646110534668, -70.54772186279297, 398.9183044433594], "obj_id": 2}, {"cam_R_m2c": [0.5830169320106506, -0.6194921135902405, 0.5256622433662415, -0.7401427626609802, -0.671816885471344, 0.029164057224988937, 0.33508190512657166, -0.40606826543807983, -0.850193202495575], "cam_t_m2c": [198.44247436523438, -37.37053680419922, 471.8247985839844], "obj_id": 1}, {"cam_R_m2c": [0.4106394350528717, -0.5922454595565796, 0.6932680606842041, -0.7189967036247253, 0.2572570741176605, 0.6456489562988281, -0.5607307553291321, -0.7635864019393921, -0.3201826512813568], "cam_t_m2c": [184.2672882080078, 292.6880798339844, 195.11004638671875], "obj_id": 0}, {"cam_R_m2c": [0.4748695492744446, -0.006999917794018984, 0.8800283670425415, -0.6608016490936279, 0.657600998878479, 0.36180394887924194, -0.581240177154541, -0.7533338665962219, 0.3076491355895996], "cam_t_m2c": [40.48515701293945, 86.21671295166016, 356.6452331542969], "obj_id": 0}, {"cam_R_m2c": [-0.3628588318824768, 0.6832486391067505, 0.6336439251899719, 0.8293963670730591, -0.07316377758979797, 0.5538488626480103, 0.4247763156890869, 0.7265110015869141, -0.5401357412338257], "cam_t_m2c": [131.0234832763672, 20.468442916870117, 479.8551330566406], "obj_id": 1}, {"cam_R_m2c": [-0.950248658657074, 0.31147804856300354, 0.0029418182093650103, -0.2609579265117645, -0.790895402431488, -0.553520679473877, -0.17008288204669952, -0.5267500281333923, 0.8328302502632141], "cam_t_m2c": [101.19511413574219, 24.338659286499023, 480.46197509765625], "obj_id": 3}, {"cam_R_m2c": [0.8771695494651794, 0.45696237683296204, -0.1475091576576233, -0.4060807228088379, 0.5419929623603821, -0.7357594966888428, -0.2562655210494995, 0.70528644323349, 0.6609833240509033], "cam_t_m2c": [145.1095733642578, 78.57166290283203, 478.6776123046875], "obj_id": 0}, {"cam_R_m2c": [-0.6824884414672852, -0.049966346472501755, 0.7291865348815918, 0.34207242727279663, -0.903488039970398, 0.25825557112693787, 0.6459071636199951, 0.42569103837013245, 0.6337121725082397], "cam_t_m2c": [-2.6153829097747803, -148.6262969970703, 536.1753540039062], "obj_id": 0}, {"cam_R_m2c": [0.5402188897132874, -0.5887590050697327, 0.6012706756591797, -0.7158358097076416, 0.05414172634482384, 0.696166455745697, -0.4424281120300293, -0.80649334192276, -0.39220643043518066], "cam_t_m2c": [20.079442977905273, -24.873451232910156, 379.09027099609375], "obj_id": 2}, {"cam_R_m2c": [0.8180984258651733, 0.48586195707321167, 0.30765751004219055, -0.28802621364593506, 0.8092232942581177, -0.5120532512664795, -0.49775081872940063, 0.33029651641845703, 0.8019652962684631], "cam_t_m2c": [204.32052612304688, 190.56480407714844, 371.23773193359375], "obj_id": 0}, {"cam_R_m2c": [0.550327479839325, 0.7560281753540039, -0.35434582829475403, -0.6969053149223328, 0.1821879893541336, -0.6936356425285339, -0.45985060930252075, 0.628672182559967, 0.6271432042121887], "cam_t_m2c": [103.01585388183594, -53.18040466308594, 445.0300598144531], "obj_id": 1}, {"cam_R_m2c": [-0.6567052602767944, 0.2895301282405853, 0.6963549256324768, 0.6708164215087891, -0.1976507008075714, 0.7148001790046692, 0.344591349363327, 0.9365395307540894, -0.06442314386367798], "cam_t_m2c": [26.63167953491211, -41.91974639892578, 541.3416137695312], "obj_id": 2}],
  "2": [{"cam_R_m2c": [-0.5979160666465759, 0.05776015669107437, -0.7994747757911682, 0.10755164176225662, -0.9825997948646545, -0.15142688155174255, -0.7943102717399597, -0.17652541399002075, 0.5813001990318298], "cam_t_m2c": [42.27465057373047, 0.9319325685501099, 424.8948974609375], "obj_id": 3}, {"cam_R_m2c": [0.6110540628433228, 0.6708964705467224, -0.4201318919658661, -0.09305205941200256, 0.5879435539245605, 0.8035320043563843, 0.7861006259918213, -0.45190733671188354, 0.4216936230659485], "cam_t_m2c": [18.2440242767334, -73.11475372314453, 476.1551208496094], "obj_id": 3}, {"cam_R_m2c": [0.7387912273406982, 0.04821711778640747, -0.6722072958946228, 0.07232251763343811, 0.9860050082206726, 0.15021194517612457, 0.6700425148010254, -0.15959098935127258, 0.7249646186828613], "cam_t_m2c": [-47.808231353759766, -27.932403564453125, 318.3355407714844], "obj_id": 3}, {"cam_R_m2c": [0.5989909768104553, 0.1200476586818695, -0.7917060256004333, 0.5894039869308472, 0.6031687259674072, 0.537392258644104, 0.542044997215271, -0.78852778673172, 0.2905360460281372], "cam_t_m2c": [7.752901554107666, 22.83809471130371, 461.1876525878906], "obj_id": 1}, {"cam_R_m2c": [-0.6761937737464905, -0.6238169074058533, -0.39193663001060486, 0.6693511605262756, -0.2979477345943451, -0.6805850863456726, 0.3077838718891144, -0.7225506901741028, 0.6190230846405029], "cam_t_m2c": [-115.55548095703125, -247.00079345703125, 566.2388916015625], "obj_id": 0}, {"cam_R_m2c": [-0.28691917657852173, 0.9124244451522827, 0.29181984066963196, 0.751261830329895, 0.025307150557637215, 0.659518837928772, 0.5943760275840759, 0.4084617793560028, -0.6927307844161987], "cam_t_m2c": [28.36128807067871, 47.530147552490234, 271.22515869140625], "obj_id": 0}, {"cam_R_m2c": [-0.5022344589233398, -0.8604258298873901, -0.08618556708097458, 0.7220341563224792, -0.3624231517314911, -0.5893353223800659, 0.4758436977863312, -0.3582134544849396, 0.8032782077789307], "cam_t_m2c": [-29.301647186279297, -52.84974670410156, 498.8876647949219], "obj_id": 2}, {"cam_R_m2c": [0.39854395389556885, -0.8475989103317261, -0.350340873003006, -0.49253714084625244, -0.5200313329696655, 0.6978355646133423, -0.7736729383468628, -0.1055622398853302, -0.6247292757034302], "cam_t_m2c": [-33.40847396850586, -166.34814453125, 586.3781127929688], "obj_id": 1}, {"cam_R_m2c": [-0.7216029167175293, 0.49188393354415894, 0.4871750473976135, -0.046746984124183655, 0.6674724817276001, -0.7431656718254089, -0.690727174282074, -0.5590444207191467, -0.45865604281425476], "cam_t_m2c": [1.6228886842727661, -84.87676239013672, 529.8135375976562], "obj_id": 3}, {"cam_R_m2c": [-0.6824323534965515, 0.6947053074836731, -0.22731192409992218, -0.66890949010849, -0.4681662917137146, 0.5773910880088806, 0.2946968674659729, 0.5460814237594604, 0.7841867208480835], "cam_t_m2c": [-17.21088218688965, 46.20659637451172, 270.40301513671875], "obj_id": 3}, {"cam_R_m2c": [-0.2745417654514313, 0.9612696170806885, 0.024238361045718193, 0.7990902066230774, 0.21405670046806335, 0.5618136525154114, 0.5348660349845886, 0.17360995709896088, -0.8269086480140686], "cam_t_m2c": [282.25274658203125, 115.75349426269531, 435.6879577636719], "obj_id": 0}, {"cam_R_m2c": [-0.8607173562049866, -0.40777432918548584, 0.304771363735199, -0.3643770217895508, 0.911544919013977, 0.19056561589241028, -0.3555205464363098, 0.052971456199884415, -0.9331661462783813], "cam_t_m2c": [-8.43908977508545, -39.64789962768555, 403.7696533203125], "obj_id": 3}, {"cam_R_m2c": [-0.3144850432872772, 0.8228010535240173, 0.4733894169330597, 0.7054513096809387, -0.13110646605491638, 0.6965267658233643, 0.6351674199104309, 0.5530004501342773, -0.539215087890625], "cam_t_m2c": [302.5365905761719, 261.4176025390625, 244.2176513671875], "obj_id": 0}, {"cam_R_m2c": [-0.5022445321083069, 0.3398938477039337, 0.795124351978302, 0.7220310568809509, -0.3411466181278229, 0.6019055247306824, 0.47583791613578796, 0.8764081597328186, -0.07407497614622116], "cam_t_m2c": [148.68408203125, -28.808597564697266, 650.2706298828125], "obj_id": 2}, {"cam_R_m2c": [-0.5082700848579407, 0.038879044353961945, -0.8603194952011108, 0.8240026235580444, 0.3123718500137329, -0.4726979434490204, 0.25036147236824036, -0.9491639137268066, -0.190805584192276], "cam_t_m2c": [59.833457946777344, 151.431396484375, 146.78504943847656], "obj_id": 0}, {"cam_R_m2c": [-0.4233473539352417, -0.6476751565933228, 0.6334776878356934, -0.6851314306259155, -0.22862125933170319, -0.6916121244430542, 0.5927664041519165, -0.7268075942993164, -0.34695643186569214], "cam_t_m2c": [213.77456665039062, 84.63907623291016, 501.31756591796875], "obj_id": 3}, {"cam_R_m2c": [-0.8345807790756226, -0.5491223931312561, -0.04403921961784363, -0.5487737655639648, 0.821727454662323, 0.1536598652601242, -0.04818984493613243, 0.1524091362953186, -0.9871419072151184], "cam_t_m2c": [90.1865234375, -9.301424980163574, 456.5281677246094], "obj_id": 3}, {"cam_R_m2c": [-0.4629566967487335, 0.4009609520435333, -0.7905070185661316, 0.7224193811416626, 0.6874410510063171, -0.07439766079187393, 0.5135964751243591, -0.605520486831665, -0.6079174280166626], "cam_t_m2c": [-265.2789001464844, -94.09215545654297, 268.43475341796875], "obj_id": 0}, {"cam_R_m2c": [-0.1730761080980301, -0.8483961224555969, 0.5002687573432922, 0.07558092474937439, -0.5178773403167725, -0.8521096110343933, 0.9820042252540588, -0.10966898500919342, 0.15375465154647827], "cam_t_m2c": [102.25947570800781, -13.615926742553711, 442.65496826171875], "obj_id": 1}, {"cam_R_m2c": [0.2833549380302429, 0.7111994624137878, -0.6433547139167786, 0.6573126316070557, -0.6325145363807678, -0.4097137153148651, -0.6983194351196289, -0.3067907989025116, -0.6467065215110779], "cam_t_m2c": [144.03379821777344, 39.338134765625, 502.91888427734375], "obj_id": 3}, {"cam_R_m2c": [-0.6765305399894714, 0.5187481641769409, 0.5226916074752808, -0.6708253026008606, -0.7269390821456909, -0.14680840075016022, 0.30380842089653015, -0.44995516538619995, 0.8397861123085022], "cam_t_m2c": [61.942989349365234, 45.23444366455078, 399.8179016113281], "obj_id": 3}, {"cam_R_m2c": [0.03330976143479347, -0.4945215582847595, -0.8685268759727478, 0.9738183617591858, 0.21158498525619507, -0.08312427997589111, 0.22487398982048035, -0.8430185317993164, 0.4886219799518585], "cam_t_m2c": [123.33302307128906, 123.34554290771484, 415.884033203125], "obj_id": 1}, {"cam_R_m2c": [-0.50224769115448, -0.8118870854377747, -0.29763486981391907, 0.722029983997345, -0.20434138178825378, -0.6609971523284912, 0.475835919380188, -0.54688560962677, 0.6888368725776672], "cam_t_m2c": [-17.13669204711914, -78.90028381347656, 551.2579345703125], "obj_id": 2}, {"cam_R_m2c": [0.6393457651138306, 0.30973026156425476, 0.7037784457206726, -0.4550250470638275, 0.8902169466018677, 0.021585194393992424, -0.6198298931121826, -0.33403724431991577, 0.7100914716720581], "cam_t_m2c": [225.01065063476562, 82.76598358154297, 556.6495361328125], "obj_id": 0}, {"cam_R_m2c": [0.7149972915649414, 0.5634949803352356, -0.4138263761997223, -0.40816637873649597, -0.14411845803260803, -0.9014599323272705, -0.5676081776618958, 0.8134514093399048, 0.12695541977882385], "cam_t_m2c": [141.4612579345703, 25.372182846069336, 398.0298156738281], "obj_id": 1}, {"cam_R_m2c": [-0.566436231136322, -0.8137984871864319, -0.12993143498897552, 0.1411866694688797, -0.2511613070964813, 0.9575930237770081, -0.8119214773178101, 0.5240707397460938, 0.25716426968574524], "cam_t_m2c": [59.28974151611328, -1.7545679807662964, 393.76458740234375], "obj_id": 3}, {"cam_R_m2c": [0.6354580521583557, -0.5182176828384399, 0.5724014639854431, 0.2481117695569992, -0.5649638772010803, -0.7869282960891724, 0.7311863899230957, 0.6420794129371643, -0.23043489456176758], "cam_t_m2c": [65.0889663696289, 84.22404479980469, 321.8414001464844], "obj_id": 3}, {"cam_R_m2c": [-0.6614899039268494, -0.39712202548980713, -0.6361801028251648, 0.7481573224067688, -0.29075533151626587, -0.5964242219924927, 0.05188041180372238, -0.8704914450645447, 0.48944154381752014], "cam_t_m2c": [40.773651123046875, -73.59465789794922, 468.120361328125], "obj_id": 0}, {"cam_R_m2c": [0.8324441313743591, 0.541012704372406, -0.11975803971290588, -0.4528794288635254, 0.539753794670105, -0.7096238732337952, -0.3192756772041321, 0.6449581980705261, 0.6943284273147583], "cam_t_m2c": [157.15817260742188, 37.89277267456055, 530.0032348632812], "obj_id": 0}, {"cam_R_m2c": [0.6038797497749329, -0.051026541739702225, -0.7954404950141907, -0.7863494157791138, -0.20130321383476257, -0.5840646624565125, -0.1303219348192215, 0.9781990051269531, -0.16168762743473053], "cam_t_m2c": [-26.79646110534668, -70.54772186279297, 398.9183044433594], "obj_id": 2}, {"cam_R_m2c": [0.5830169320106506, -0.6194921135902405, 0.5256622433662415, -0.7401427626609802, -0.671816885471344, 0.029164057224988937, 0.33508190512657166, -0.40606826543807983, -0.850193202495575], "cam_t_m2c": [198.44247436523438, -37.37053680419922, 471.8247985839844], "obj_id": 1}, {"cam_R_m2c": [0.4106394350528717, -0.5922454595565796, 0.6932680606842041, -0.7189967036247253, 0.2572570741176605, 0.6456489562988281, -0.5607307553291321, -0.7635864019393921, -0.3201826512813568], "cam_t_m2c": [184.2672882080078, 292.6880798339844, 195.11004638671875], "obj_id": 0}, {"cam_R_m2c": [0.4748695492744446, -0.006999917794018984, 0.8800283670425415, -0.6608016490936279, 0.657600998878479, 0.36180394887924194, -0.581240177154541, -0.7533338665962219, 0.3076491355895996], "cam_t_m2c": [40.48515701293945, 86.21671295166016, 356.6452331542969], "obj_id": 0}, {"cam_R_m2c": [-0.3628588318824768, 0.6832486391067505, 0.6336439251899719, 0.8293963670730591, -0.07316377758979797, 0.5538488626480103, 0.4247763156890869, 0.7265110015869141, -0.5401357412338257], "cam_t_m2c": [131.0234832763672, 20.468442916870117, 479.8551330566406], "obj_id": 1}, {"cam_R_m2c": [-0.950248658657074, 0.31147804856300354, 0.0029418182093650103, -0.2609579265117645, -0.790895402431488, -0.553520679473877, -0.17008288204669952, -0.5267500281333923, 0.8328302502632141], "cam_t_m2c": [101.19511413574219, 24.338659286499023, 480.46197509765625], "obj_id": 3}, {"cam_R_m2c": [0.8771695494651794, 0.45696237683296204, -0.1475091576576233, -0.4060807228088379, 0.5419929623603821, -0.7357594966888428, -0.2562655210494995, 0.70528644323349, 0.6609833240509033], "cam_t_m2c": [145.1095733642578, 78.57166290283203, 478.6776123046875], "obj_id": 0}, {"cam_R_m2c": [-0.6824884414672852, -0.049966346472501755, 0.7291865348815918, 0.34207242727279663, -0.903488039970398, 0.25825557112693787, 0.6459071636199951, 0.42569103837013245, 0.6337121725082397], "cam_t_m2c": [-2.6153829097747803, -148.6262969970703, 536.1753540039062], "obj_id": 0}, {"cam_R_m2c": [0.5402188897132874, -0.5887590050697327, 0.6012706756591797, -0.7158358097076416, 0.05414172634482384, 0.696166455745697, -0.4424281120300293, -0.80649334192276, -0.39220643043518066], "cam_t_m2c": [20.079442977905273, -24.873451232910156, 379.09027099609375], "obj_id": 2}, {"cam_R_m2c": [0.8180984258651733, 0.48586195707321167, 0.30765751004219055, -0.28802621364593506, 0.8092232942581177, -0.5120532512664795, -0.49775081872940063, 0.33029651641845703, 0.8019652962684631], "cam_t_m2c": [204.32052612304688, 190.56480407714844, 371.23773193359375], "obj_id": 0}, {"cam_R_m2c": [0.550327479839325, 0.7560281753540039, -0.35434582829475403, -0.6969053149223328, 0.1821879893541336, -0.6936356425285339, -0.45985060930252075, 0.628672182559967, 0.6271432042121887], "cam_t_m2c": [103.01585388183594, -53.18040466308594, 445.0300598144531], "obj_id": 1}, {"cam_R_m2c": [-0.6567052602767944, 0.2895301282405853, 0.6963549256324768, 0.6708164215087891, -0.1976507008075714, 0.7148001790046692, 0.344591349363327, 0.9365395307540894, -0.06442314386367798], "cam_t_m2c": [26.63167953491211, -41.91974639892578, 541.3416137695312], "obj_id": 2}]
}