{
  "0": [{"cam_R_m2c": [0.6858952045440674, -0.09278132021427155, 0.7217612266540527, 0.725763738155365, 0.1595296710729599, -0.6691914200782776, -0.05305379629135132, 0.982823371887207, 0.17675799131393433], "cam_t_m2c": [15.456340789794922, 62.84308624267578, 746.0050048828125], "obj_id": 3}, {"cam_R_m2c": [0.5585836172103882, -0.23323804140090942, 0.7959800958633423, -0.7813202142715454, -0.47009366750717163, 0.4105491042137146, 0.2784295678138733, -0.851241409778595, -0.44482019543647766], "cam_t_m2c": [-219.0892333984375, -93.80146789550781, 646.3094482421875], "obj_id": 3}, {"cam_R_m2c": [0.5836332440376282, -0.14933399856090546, -0.7981676459312439, 0.5629293322563171, 0.7828153967857361, 0.2651614844799042, 0.5852202773094177, -0.6040689945220947, 0.540941596031189], "cam_t_m2c": [-292.41387939453125, 101.68558502197266, 627.16650390625], "obj_id": 3}, {"cam_R_m2c": [-0.16208557784557343, -0.27463653683662415, 0.9477883577346802, -0.9304250478744507, -0.2773987948894501, -0.23949699103832245, 0.3286901116371155, -0.9206652045249939, -0.21056623756885529], "cam_t_m2c": [-178.26925659179688, -130.9748992919922, 668.2528686523438], "obj_id": 3}, {"cam_R_m2c": [-0.7219362258911133, 0.3795623481273651, -0.578567624092102, 0.3009861707687378, -0.5806325078010559, -0.7564873695373535, -0.6230692863464355, -0.7202765345573425, 0.30493664741516113], "cam_t_m2c": [-88.08858489990234, -177.5574493408203, 772.6275634765625], "obj_id": 3}, {"cam_R_m2c": [-0.4830169677734375, 0.41585034132003784, -0.7705602049827576, 0.7473435997962952, -0.262766033411026, -0.6102716326713562, -0.45625874400138855, -0.8706448674201965, -0.1838626116514206], "cam_t_m2c": [-69.05644226074219, 66.81121826171875, 895.0235595703125], "obj_id": 3}, {"cam_R_m2c": [0.06554762274026871, 0.9782025814056396, 0.1970360279083252, 0.6523800492286682, -0.19142481684684753, 0.733319103717804, 0.7550522089004517, 0.08047503232955933, -0.6507073044776917], "cam_t_m2c": [-52.284969329833984, 181.29830932617188, 863.5924072265625], "obj_id": 3}, {"cam_R_m2c": [-0.1588810384273529, -0.08013007044792175, -0.9840406179428101, 0.12859492003917694, 0.9865308403968811, -0.10109550505876541, 0.9788872003555298, -0.1426047831773758, -0.14643672108650208], "cam_t_m2c": [31.25970458984375, 93.38909912109375, 771.3811645507812], "obj_id": 3}, {"cam_R_m2c": [-0.32780981063842773, 0.9182085394859314, 0.22233645617961884, -0.7818337082862854, -0.39577752351760864, 0.4817632734775543, 0.5303550362586975, -0.015903353691101074, 0.8476264476776123], "cam_t_m2c": [-209.396484375, -143.59568786621094, 590.7030029296875], "obj_id": 3}, {"cam_R_m2c": [-0.18658652901649475, -0.981138288974762, -0.05052977800369263, -0.9778434038162231, 0.19043667614459991, -0.08692675828933716, 0.09490989148616791, 0.03319085016846657, -0.9949324727058411], "cam_t_m2c": [-221.07350158691406, -39.62055969238281, 691.0542602539062], "obj_id": 3}, {"cam_R_m2c": [-0.9963852763175964, 0.08492781966924667, -0.001811701338738203, -0.017815597355365753, -0.22977308928966522, -0.9730810523033142, -0.0830579400062561, -0.9695315361022949, 0.23045575618743896], "cam_t_m2c": [-292.78778076171875, 203.1317138671875, 823.7064819335938], "obj_id": 3}, {"cam_R_m2c": [0.10609546303749084, 0.9530225396156311, -0.2837105691432953, 0.9283146262168884, 0.0073156883008778095, 0.3717234134674072, 0.3563363552093506, -0.30281081795692444, -0.8839285969734192], "cam_t_m2c": [-105.19715881347656, 100.47189331054688, 859.8404541015625], "obj_id": 3}, {"cam_R_m2c": [0.8185641765594482, 0.5721222162246704, 0.05127273127436638, -0.3305389881134033, 0.39614924788475037, 0.8566269278526306, 0.46978363394737244, -0.7181517481803894, 0.5133823156356812], "cam_t_m2c": [51.04344177246094, 203.19459533691406, 849.4114990234375], "obj_id": 3}, {"cam_R_m2c": [-0.5912416577339172, 0.1582895666360855, -0.7908083200454712, 0.06770054996013641, 0.9868303537368774, 0.1469098925590515, 0.8036479353904724, 0.0333210788667202, -0.5941714644432068], "cam_t_m2c": [112.3751449584961, 176.396484375, 808.6663208007812], "obj_id": 3}, {"cam_R_m2c": [0.6838967204093933, -0.7002003788948059, 0.20495052635669708, 0.38991641998291016, 0.588216245174408, 0.7084961533546448, -0.6166445016860962, -0.4046246111392975, 0.6752987504005432], "cam_t_m2c": [-208.98455810546875, 165.8744354248047, 849.2921752929688], "obj_id": 3}, {"cam_R_m2c": [0.2583954930305481, -0.731408417224884, 0.6310889720916748, -0.9183283448219299, -0.3887389302253723, -0.07453031837940216, 0.2998410761356354, -0.560288667678833, -0.7721214294433594], "cam_t_m2c": [-202.584228515625, 28.618980407714844, 931.9188232421875], "obj_id": 3}, {"cam_R_m2c": [0.7647064924240112, 0.619459331035614, 0.17746581137180328, -0.591025710105896, 0.5645387768745422, 0.5761809945106506, 0.25673437118530273, -0.5454962253570557, 0.797822892665863], "cam_t_m2c": [-193.7569122314453, 42.300376892089844, 543.4384765625], "obj_id": 3}, {"cam_R_m2c": [-0.7618545889854431, -0.48713618516921997, -0.4269375801086426, -0.6453130841255188, 0.5137011408805847, 0.5654043555259705, -0.056110650300979614, 0.7062643766403198, -0.7057209014892578], "cam_t_m2c": [-35.70859909057617, 193.2151641845703, 780.9339599609375], "obj_id": 3}, {"cam_R_m2c": [0.18214862048625946, -0.8859915137290955, 0.42642807960510254, -0.13509181141853333, 0.4070209860801697, 0.9033737778663635, -0.9739466309547424, -0.22215522825717926, -0.04555189982056618], "cam_t_m2c": [-300.4074401855469, -27.80792808532715, 551.4398803710938], "obj_id": 3}, {"cam_R_m2c": [-0.9514172673225403, -0.3075751066207886, 0.014231037348508835, -0.08867788314819336, 0.22945931553840637, -0.9692701101303101, 0.294857919216156, -0.9234424233436584, -0.2455866038799286], "cam_t_m2c": [-101.85895538330078, 160.39617919921875, 490.7151794433594], "obj_id": 3}, {"cam_R_m2c": [-0.732045590877533, -0.008451705798506737, -0.6812031865119934, 0.12993331253528595, 0.979835569858551, -0.1517878919839859, 0.668749988079071, -0.19962665438652039, -0.7161861658096313], "cam_t_m2c": [-99.51448059082031, -214.8017578125, 633.2146606445312], "obj_id": 3}, {"cam_R_m2c": [-0.8691340684890747, 0.27665644884109497, 0.4099597632884979, 0.08299220353364944, 0.8987399339675903, -0.43055644631385803, -0.48756343126296997, -0.34018784761428833, -0.8040857911109924], "cam_t_m2c": [-175.66111755371094, 203.0557098388672, 620.67041015625], "obj_id": 3}, {"cam_R_m2c": [-0.09164707362651825, 0.6479688286781311, 0.7561331391334534, -0.9859112501144409, 0.04765700921416283, -0.16033700108528137, -0.13992846012115479, -0.7601745128631592, 0.6344720721244812], "cam_t_m2c": [-40.18349075317383, 216.63824462890625, 870.3198852539062], "obj_id": 3}, {"cam_R_m2c": [-0.6304594874382019, -0.7701420783996582, -0.09696436673402786, -0.2887552082538605, 0.11674100905656815, 0.9502589106559753, -0.7205146551132202, 0.6270986795425415, -0.29598307609558105], "cam_t_m2c": [-26.030717849731445, 132.07278442382812, 905.303955078125], "obj_id": 3}, {"cam_R_m2c": [-0.7133246064186096, -0.40889620780944824, 0.5691850781440735, 0.35969528555870056, 0.48342594504356384, 0.7980718016624451, -0.6014873385429382, 0.7740175127983093, -0.19776150584220886], "cam_t_m2c": [-15.1161470413208, 192.04222106933594, 816.6331787109375], "obj_id": 3}, {"cam_R_m2c": [-0.6803016662597656, 0.025006433948874474, 0.7325055003166199, 0.09524329751729965, 0.9939597249031067, 0.0545235313475132, -0.726717472076416, 0.10685868561267853, -0.6785741448402405], "cam_t_m2c": [-10.354134559631348, -94.43140411376953, 583.8814086914062], "obj_id": 3}, {"cam_R_m2c": [-0.5821005702018738, 0.07137525081634521, 0.8099780082702637, -0.791904866695404, 0.17628248035907745, -0.5846461653709412, -0.18451416492462158, -0.9817484617233276, -0.04609166085720062], "cam_t_m2c": [-107.9888916015625, 192.06735229492188, 656.6763916015625], "obj_id": 3}, {"cam_R_m2c": [-0.9957590699195862, 0.09187415987253189, -0.004780986811965704, 0.06368543952703476, 0.6508739590644836, -0.7565099000930786, -0.06639189273118973, -0.7536061406135559, -0.653964638710022], "cam_t_m2c": [-306.814697265625, 113.08047485351562, 524.5026245117188], "obj_id": 3}, {"cam_R_m2c": [0.571261465549469, 0.23223182559013367, 0.787228524684906, -0.7976593375205994, 0.38307756185531616, 0.46582308411598206, -0.1933906227350235, -0.8940469622612, 0.4040793180465698], "cam_t_m2c": [-301.56182861328125, 259.24969482421875, 840.9423217773438], "obj_id": 1}, {"cam_R_m2c": [-0.15875500440597534, -0.2667275369167328, -0.950606644153595, 0.9851254820823669, 0.021334724500775337, -0.17050611972808838, 0.06575949490070343, -0.9635356664657593, 0.259373277425766], "cam_t_m2c": [-83.05113983154297, -105.42899322509766, 730.0321655273438], "obj_id": 1}, {"cam_R_m2c": [-0.44887644052505493, 0.22120939195156097, 0.865780770778656, 0.31237056851387024, -0.8689064979553223, 0.3839610517024994, 0.8372183442115784, 0.4427955150604248, 0.32093238830566406], "cam_t_m2c": [26.984556198120117, 142.44139099121094, 740.5672607421875], "obj_id": 1}, {"cam_R_m2c": [-0.055710360407829285, -0.9982025027275085, 0.022095050662755966, -0.3112402856349945, 0.038388755172491074, 0.9495555758476257, -0.9486969709396362, 0.046023186296224594, -0.3128195106983185], "cam_t_m2c": [-53.83115005493164, -158.50686645507812, 628.4655151367188], "obj_id": 1}, {"cam_R_m2c": [0.5910916328430176, -0.11508893966674805, 0.7983515858650208, 0.6225687861442566, 0.6944085955619812, -0.36083903908729553, -0.5128536224365234, 0.7103176712989807, 0.4821098744869232], "cam_t_m2c": [-251.17489624023438, 288.2884216308594, 838.2713012695312], "obj_id": 1}, {"cam_R_m2c": [-0.15967054665088654, -0.14241614937782288, -0.9768432974815369, 0.47449153661727905, -0.8788064122200012, 0.050564803183078766, -0.8656575083732605, -0.45543017983436584, 0.20789490640163422], "cam_t_m2c": [-199.3690185546875, 289.4182434082031, 568.1251220703125], "obj_id": 1}, {"cam_R_m2c": [0.7331824898719788, 0.6758692264556885, 0.07512833923101425, -0.5891970992088318, 0.5761972665786743, 0.5664304494857788, 0.3395441770553589, -0.4595622718334198, 0.8206779360771179], "cam_t_m2c": [-148.90176391601562, 326.4307861328125, 821.2056274414062], "obj_id": 1}, {"cam_R_m2c": [0.2562633454799652, 0.646613359451294, -0.7184846997261047, -0.9138129353523254, 0.4043559432029724, 0.03797603398561478, 0.31507936120033264, 0.6468287110328674, 0.6945052742958069], "cam_t_m2c": [-232.46090698242188, -50.22948455810547, 701.02978515625], "obj_id": 1}, {"cam_R_m2c": [-0.40987467765808105, 0.029095618054270744, -0.9116775393486023, -0.8907243609428406, -0.22808527946472168, 0.3931754231452942, -0.19650065898895264, 0.9732061624526978, 0.11940274387598038], "cam_t_m2c": [-243.55149841308594, 44.57895278930664, 614.15087890625], "obj_id": 1}, {"cam_R_m2c": [-0.9920172691345215, -0.0896664634346962, 0.08866491913795471, 0.0610077939927578, 0.2740917503833771, 0.9597664475440979, -0.11036118865013123, 0.9575142860412598, -0.2664332985877991], "cam_t_m2c": [-288.2514343261719, 275.9267272949219, 809.6058349609375], "obj_id": 1}, {"cam_R_m2c": [-0.3994949162006378, -0.7143278121948242, 0.5745775103569031, -0.3899242877960205, -0.4348390996456146, -0.8117103576660156, 0.8296762108802795, -0.5483160018920898, -0.10481759160757065], "cam_t_m2c": [32.02614212036133, 27.713685989379883, 711.8818969726562], "obj_id": 1}, {"cam_R_m2c": [-0.045567937195301056, 0.9570308327674866, 0.28638359904289246, 0.9956691861152649, 0.020256591960787773, 0.09073295444250107, 0.08103308081626892, 0.2892778515815735, -0.9538091421127319], "cam_t_m2c": [-172.67694091796875, -5.567977428436279, 873.9574584960938], "obj_id": 1}, {"cam_R_m2c": [0.6132075786590576, -0.7894311547279358, 0.02783767692744732, 0.7747368216514587, 0.6079228520393372, 0.1738179475069046, -0.15414045751094818, -0.08501961827278137, 0.9843842387199402], "cam_t_m2c": [-200.27630615234375, 382.79559326171875, 786.7623291015625], "obj_id": 1}, {"cam_R_m2c": [0.370278924703598, -0.04362237825989723, -0.9278957843780518, 0.5689094066619873, 0.8002932667732239, 0.18940109014511108, 0.7343266010284424, -0.5980198979377747, 0.32114890217781067], "cam_t_m2c": [-300.7435607910156, 32.70105743408203, 524.9918823242188], "obj_id": 1}, {"cam_R_m2c": [-0.9402928352355957, 0.05162714794278145, -0.3364274799823761, 0.3373398184776306, 0.009850665926933289, -0.9413312673568726, -0.04528426751494408, -0.9986177086830139, -0.02667812816798687], "cam_t_m2c": [-54.973026275634766, 62.41676330566406, 926.803466796875], "obj_id": 1}, {"cam_R_m2c": [-0.27788716554641724, -0.32575148344039917, -0.9036949872970581, 0.3597796559333801, 0.8369812369346619, -0.4123360514640808, 0.890694797039032, -0.4397139847278595, -0.11538757383823395], "cam_t_m2c": [-97.19473266601562, -35.34799575805664, 836.3050537109375], "obj_id": 1}, {"cam_R_m2c": [-0.47503766417503357, 0.8424449563026428, 0.2542158365249634, 0.8793438673019409, 0.46531790494918823, 0.1011611670255661, -0.0330684594810009, 0.2715984880924225, -0.9618422985076904], "cam_t_m2c": [-15.845121383666992, 179.28372192382812, 768.41943359375], "obj_id": 1}, {"cam_R_m2c": [0.7095897793769836, 0.7026596665382385, -0.05245652422308922, -0.5473296046257019, 0.5965492129325867, 0.5869917273521423, 0.4437483549118042, -0.3878123164176941, 0.8078916668891907], "cam_t_m2c": [-142.61244201660156, 135.0151824951172, 898.964599609375], "obj_id": 1}, {"cam_R_m2c": [-0.7130321860313416, -0.36441588401794434, -0.5989876389503479, 0.013622510246932507, -0.861355185508728, 0.5078205466270447, -0.7009989619255066, 0.3539326786994934, 0.6191381812095642], "cam_t_m2c": [-61.23967742919922, 33.45817947387695, 842.9757080078125], "obj_id": 1}, {"cam_R_m2c": [0.9108230471611023, -0.11832986027002335, 0.3954736292362213, -0.37667256593704224, -0.6301760673522949, 0.6789666414260864, 0.16887600719928741, -0.7673825621604919, -0.6185504794120789], "cam_t_m2c": [-246.8313446044922, -126.29055786132812, 585.2677001953125], "obj_id": 1}, {"cam_R_m2c": [-0.11486087739467621, 0.841894268989563, -0.5272769331932068, -0.37078580260276794, -0.528763473033905, -0.7634965777397156, -0.9215881824493408, 0.10781090706586838, 0.3728967607021332], "cam_t_m2c": [-261.2095031738281, 139.5369110107422, 616.3287963867188], "obj_id": 1}, {"cam_R_m2c": [-0.3429220914840698, 0.2476903200149536, 0.9061201810836792, 0.005900099407881498, -0.9640234708786011, 0.2657512426376343, 0.9393452405929565, 0.0964781865477562, 0.3291236460208893], "cam_t_m2c": [-87.87932586669922, 112.50782012939453, 671.8002319335938], "obj_id": 1}, {"cam_R_m2c": [-0.9294031262397766, 0.3261130452156067, 0.17279984056949615, 0.1896992325782776, 0.020489459857344627, 0.9816283583641052, 0.31658124923706055, 0.9451086521148682, -0.0809062123298645], "cam_t_m2c": [-326.41119384765625, -3.4479050636291504, 666.7288208007812], "obj_id": 1}, {"cam_R_m2c": [-0.7053609490394592, 0.3838733434677124, 0.5959086418151855, -0.1639064997434616, 0.7295627593994141, -0.6639825701713562, -0.6896379590034485, -0.566020667552948, -0.45168575644493103], "cam_t_m2c": [-158.7613983154297, -97.17334747314453, 641.8988037109375], "obj_id": 1}, {"cam_R_m2c": [-0.5136290192604065, 0.8128771185874939, 0.27461954951286316, -0.7975537180900574, -0.5703392028808594, 0.19652259349822998, 0.3163750469684601, -0.1180841326713562, 0.941256046295166], "cam_t_m2c": [-366.3224182128906, -16.54294204711914, 702.6976318359375], "obj_id": 1}, {"cam_R_m2c": [-0.29626503586769104, 0.6016766428947449, 0.7417628765106201, 0.5889361500740051, 0.7264928817749023, -0.3540653586387634, -0.7519182562828064, 0.331953763961792, -0.5695835947990417], "cam_t_m2c": [-327.1151428222656, 31.318769454956055, 670.037109375], "obj_id": 1}, {"cam_R_m2c": [-0.5266323685646057, 0.7052326202392578, -0.4746634066104889, 0.08119997382164001, -0.5140819549560547, -0.853888988494873, -0.8462062478065491, -0.4882282018661499, 0.21346725523471832], "cam_t_m2c": [-76.86652374267578, 112.52820587158203, 848.0721435546875], "obj_id": 1}, {"cam_R_m2c": [0.7309449911117554, -0.6414614915847778, 0.23290899395942688, -0.41874682903289795, -0.6910696625709534, -0.5891298055648804, 0.5388603806495667, 0.3330916166305542, -0.7737438678741455], "cam_t_m2c": [-99.0087890625, 240.1226348876953, 646.6768188476562], "obj_id": 1}, {"cam_R_m2c": [-0.04061387851834297, -0.9988967180252075, -0.023577280342578888, 0.5495588183403015, -0.04203890264034271, 0.8343967199325562, -0.8344672918319702, 0.020930984988808632, 0.5506598353385925], "cam_t_m2c": [-16.657474517822266, 157.64456176757812, 596.4827880859375], "obj_id": 1}, {"cam_R_m2c": [-0.6971868872642517, -0.37286829948425293, -0.6122903823852539, -0.3008885979652405, -0.6230261325836182, 0.7220141291618347, -0.6506891250610352, 0.6876100301742554, 0.32217392325401306], "cam_t_m2c": [-233.76754760742188, 103.63932800292969, 662.7135009765625], "obj_id": 1}, {"cam_R_m2c": [0.14377237856388092, 0.1271316558122635, -0.9814107418060303, 0.9560890793800354, 0.23808680474758148, 0.17090453207492828, 0.2553883194923401, -0.9628874063491821, -0.08731886744499207], "cam_t_m2c": [-142.77296447753906, 15.763632774353027, 550.9143676757812], "obj_id": 1}, {"cam_R_m2c": [-0.22221511602401733, -0.9730930924415588, -0.060911741107702255, -0.7439145445823669, 0.20960059762001038, -0.6345539093017578, 0.630247175693512, -0.09569436311721802, -0.7704744935035706], "cam_t_m2c": [-72.77925109863281, -15.137791633605957, 867.9009399414062], "obj_id": 1}, {"cam_R_m2c": [0.1290379762649536, 0.2413470298051834, -0.9618216156959534, -0.8633210062980652, 0.5045400857925415, 0.01077959407120943, 0.4878791868686676, 0.8289698362350464, 0.27346476912498474], "cam_t_m2c": [-206.3419647216797, -20.759031295776367, 891.4470825195312], "obj_id": 1}, {"cam_R_m2c": [-0.7906402945518494, 0.16432633996009827, -0.5898174047470093, 0.08264747262001038, 0.9831384420394897, 0.16312015056610107, 0.6066771149635315, 0.08022245764732361, -0.7908900380134583], "cam_t_m2c": [-24.012136459350586, 160.82098388671875, 768.3179931640625], "obj_id": 1}, {"cam_R_m2c": [0.317070871591568, 0.9354785084724426, 0.15603181719779968, 0.8333550691604614, -0.19627200067043304, -0.5167170763015747, -0.45275306701660156, 0.293865829706192, -0.8418179154396057], "cam_t_m2c": [-52.835811614990234, -16.65732192993164, 594.8015747070312], "obj_id": 1}, {"cam_R_m2c": [-0.23621530830860138, 0.8306363224983215, 0.5042276978492737, 0.5403994917869568, -0.3189658522605896, 0.7786071300506592, 0.8075708150863647, 0.45640337467193604, -0.373530775308609], "cam_t_m2c": [-310.0002746582031, 81.72340393066406, 565.8231811523438], "obj_id": 1}, {"cam_R_m2c": [-0.5505965352058411, 0.0632123276591301, 0.8323747515678406, 0.5639122724533081, 0.7633816003799438, 0.31504198908805847, -0.615505039691925, 0.6428473591804504, -0.4559614658355713], "cam_t_m2c": [-94.7347412109375, 134.20838928222656, 881.1561889648438], "obj_id": 1}, {"cam_R_m2c": [-0.10824092477560043, -0.47335919737815857, -0.8741939067840576, -0.920527458190918, -0.28432461619377136, 0.2679341733455658, -0.3753839433193207, 0.8337209224700928, -0.4049645662307739], "cam_t_m2c": [-374.1732177734375, 59.499977111816406, 703.3356323242188], "obj_id": 1}, {"cam_R_m2c": [-0.7268199920654297, 0.6274270415306091, 0.2794063985347748, 0.4549840986728668, 0.7445799112319946, -0.4884570240974426, -0.5145115256309509, -0.2278948724269867, -0.8266448378562927], "cam_t_m2c": [-225.92291259765625, -157.4857635498047, 625.4869995117188], "obj_id": 1}, {"cam_R_m2c": [-0.5701335668563843, 0.5101888179779053, 0.6439371109008789, -0.27334848046302795, 0.6213459372520447, -0.7343090772628784, -0.7747439742088318, -0.5946735143661499, -0.21479083597660065], "cam_t_m2c": [-266.010498046875, 84.13664245605469, 548.442626953125], "obj_id": 1}, {"cam_R_m2c": [0.7047239542007446, -0.49193888902664185, 0.5112341046333313, 0.6285521984100342, 0.7671153545379639, -0.1282816231250763, -0.3290688097476959, 0.4117404520511627, 0.8498138189315796], "cam_t_m2c": [-98.41845703125, 202.62721252441406, 752.39404296875], "obj_id": 1}, {"cam_R_m2c": [-0.9723477959632874, 0.03517503663897514, -0.23087342083454132, 0.09432686865329742, -0.8452120423316956, -0.5260409712791443, -0.213640496134758, -0.5332723259925842, 0.818522036075592], "cam_t_m2c": [-156.91835021972656, 60.1595573425293, 687.8851318359375], "obj_id": 1}, {"cam_R_m2c": [-0.7019674777984619, -0.43926408886909485, -0.5606142282485962, 0.6378809213638306, -0.03765265643596649, -0.769213855266571, 0.31677937507629395, -0.8975684642791748, 0.30662935972213745], "cam_t_m2c": [-128.039794921875, -81.24889373779297, 689.5927124023438], "obj_id": 1}, {"cam_R_m2c": [-0.950489342212677, 0.23726266622543335, -0.2006891965866089, -0.3028208613395691, -0.8521814942359924, 0.42671534419059753, -0.06978000700473785, 0.4663613438606262, 0.881837785243988], "cam_t_m2c": [-106.07667541503906, 185.48287963867188, 804.9217529296875], "obj_id": 1}, {"cam_R_m2c": [0.5734524130821228, -0.19316960871219635, -0.7961392998695374, 0.31757447123527527, -0.8434010744094849, 0.4333830773830414, -0.7551812529563904, -0.5013580918312073, -0.422304630279541], "cam_t_m2c": [-188.0723114013672, 281.87384033203125, 768.2598876953125], "obj_id": 1}, {"cam_R_m2c": [-0.2340964823961258, -0.7102043032646179, 0.6639341711997986, -0.8965782523155212, 0.42178937792778015, 0.1350596696138382, -0.3759603202342987, -0.563651978969574, -0.7354931235313416], "cam_t_m2c": [-176.91644287109375, -69.02938842773438, 631.663330078125], "obj_id": 1}, {"cam_R_m2c": [0.4450398087501526, 0.7185544967651367, -0.5344333052635193, 0.8725737929344177, -0.21374595165252686, 0.439235121011734, 0.2013814002275467, -0.6618096232414246, -0.7221172451972961], "cam_t_m2c": [-329.94989013671875, 54.47823715209961, 684.8512573242188], "obj_id": 1}, {"cam_R_m2c": [-0.526049017906189, -0.6796356439590454, 0.5112413167953491, -0.6186095476150513, 0.7183037996292114, 0.31837382912635803, -0.5836047530174255, -0.1487785279750824, -0.7982921004295349], "cam_t_m2c": [-99.7720718383789, 223.5389862060547, 778.2146606445312], "obj_id": 1}, {"cam_R_m2c": [-0.6630613803863525, -0.45209014415740967, 0.5966272950172424, 0.7241531610488892, -0.5892767906188965, 0.35826680064201355, 0.18960973620414734, 0.6696023941040039, 0.718109130859375], "cam_t_m2c": [34.67795181274414, 9.720169067382812, 614.0039672851562], "obj_id": 1}, {"cam_R_m2c": [0.9694499969482422, 0.14257824420928955, 0.1995948702096939, -0.13016676902770996, -0.390651673078537, 0.9112889766693115, 0.20790210366249084, -0.9094297289848328, -0.3601583242416382], "cam_t_m2c": [-211.58323669433594, -124.68297576904297, 615.1009521484375], "obj_id": 1}, {"cam_R_m2c": [0.4979270398616791, 0.7875948548316956, 0.3629917800426483, -0.49583762884140015, -0.08485112339258194, 0.8642600178718567, 0.7114869952201843, -0.610323429107666, 0.3482694923877716], "cam_t_m2c": [-224.39234924316406, -144.1218719482422, 672.9068603515625], "obj_id": 1}, {"cam_R_m2c": [0.03606253117322922, -0.7159299254417419, -0.6972401142120361, -0.5516421794891357, -0.5960283279418945, 0.583473265171051, -0.8333008885383606, 0.36358556151390076, -0.41643136739730835], "cam_t_m2c": [-27.486345291137695, -114.38504028320312, 578.505859375], "obj_id": 1}, {"cam_R_m2c": [0.5730708837509155, 0.8193216323852539, 0.017372842878103256, -0.4704956114292145, 0.34629544615745544, -0.811611533164978, -0.6709870100021362, 0.4569370746612549, 0.5839390754699707], "cam_t_m2c": [-122.18379974365234, -79.17872619628906, 694.42333984375], "obj_id": 1}, {"cam_R_m2c": [-0.9716168642044067, -0.14385288953781128, 0.18779514729976654, 0.2360418289899826, -0.6420678496360779, 0.7294059991836548, 0.015650074928998947, 0.7530306577682495, 0.6577993035316467], "cam_t_m2c": [-147.4616241455078, -14.561586380004883, 791.9210815429688], "obj_id": 1}, {"cam_R_m2c": [-0.8068832159042358, 0.4232378900051117, -0.4120793044567108, -0.013203146867454052, -0.7103462219238281, -0.7037286758422852, -0.5905635952949524, -0.5623860359191895, 0.5787543654441833], "cam_t_m2c": [-8.175226211547852, 130.62815856933594, 901.7819213867188], "obj_id": 3}, {"cam_R_m2c": [0.006802378688007593, -0.8427684903144836, -0.5382331609725952, -0.33345022797584534, 0.5055274367332458, -0.7957718968391418, 0.9427431225776672, 0.1848870813846588, -0.2775825560092926], "cam_t_m2c": [-288.4156494140625, 125.36820983886719, 861.1011352539062], "obj_id": 1}, {"cam_R_m2c": [0.8296537399291992, 0.1638626754283905, 0.5336887240409851, 0.44526544213294983, -0.7708784341812134, -0.45550501346588135, 0.3367689251899719, 0.6155446171760559, -0.7125245332717896], "cam_t_m2c": [5.001755237579346, 33.810089111328125, 538.8480224609375], "obj_id": 1}, {"cam_R_m2c": [-0.5095038414001465, 0.011937310919165611, -0.8603854775428772, -0.4040924906730652, 0.8794646263122559, 0.25149789452552795, 0.7596808075904846, 0.47581449151039124, -0.4432668387889862], "cam_t_m2c": [-140.04766845703125, 287.1575012207031, 675.6382446289062], "obj_id": 1}, {"cam_R_m2c": [0.32487350702285767, -0.38431012630462646, 0.8641544580459595, 0.8721101880073547, 0.47523435950279236, -0.11651633679866791, -0.3658974766731262, 0.7914910316467285, 0.489551842212677], "cam_t_m2c": [5.599935531616211, -5.312062740325928, 548.4351806640625], "obj_id": 1}, {"cam_R_m2c": [-0.6522541046142578, -0.2888357639312744, -0.700812578201294, 0.7354893684387207, -0.46480593085289, -0.49296116828918457, -0.18335705995559692, -0.8369762301445007, 0.5156073570251465], "cam_t_m2c": [-110.00410461425781, 139.5841827392578, 907.625732421875], "obj_id": 3}, {"cam_R_m2c": [0.6614069938659668, -0.5175355672836304, -0.5428606867790222, 0.7441269755363464, 0.3621874153614044, 0.5613334774971008, -0.09389275312423706, -0.7752271890640259, 0.6246654391288757], "cam_t_m2c": [-54.61725616455078, 159.76780700683594, 615.642822265625], "obj_id": 1}, {"cam_R_m2c": [0.9754497408866882, -0.1957569718360901, 0.10088130086660385, -0.0038122416008263826, -0.4730299711227417, -0.8810380697250366, 0.22018921375274658, 0.8590237498283386, -0.4621632397174835], "cam_t_m2c": [-227.76565551757812, 293.73388671875, 601.4010009765625], "obj_id": 1}, {"cam_R_m2c": [0.3342275321483612, 0.5975432991981506, -0.7288579940795898, -0.2342277467250824, 0.801730215549469, 0.5498782396316528, 0.9129235148429871, -0.013065706007182598, 0.40792152285575867], "cam_t_m2c": [-84.31403350830078, 22.673330307006836, 953.0511474609375], "obj_id": 1}, {"cam_R_m2c": [0.1984083503484726, 0.5196011662483215, 0.8310527205467224, 0.5244567394256592, -0.7725908160209656, 0.35783839225769043, 0.827997088432312, 0.3648531138896942, -0.4257967472076416], "cam_t_m2c": [-377.3864440917969, -3.5408363342285156, 682.4596557617188], "obj_id": 3}, {"cam_R_m2c": [0.9897935390472412, 0.037676725536584854, -0.13743795454502106, -0.06846679747104645, 0.971544623374939, -0.22674503922462463, 0.12498409301042557, 0.2338407188653946, 0.9642082452774048], "cam_t_m2c": [-220.14071655273438, 59.64317321777344, 554.8058471679688], "obj_id": 1}, {"cam_R_m2c": [-0.5810610055923462, -0.42498740553855896, 0.694084882736206, 0.3746963441371918, -0.8967643976211548, -0.23540657758712769, 0.7224754095077515, 0.12328548729419708, 0.6803160309791565], "cam_t_m2c": [-145.11141967773438, -73.47844696044922, 978.3375854492188], "obj_id": 1}, {"cam_R_m2c": [-0.8597199320793152, -0.11972921341657639, -0.49653446674346924, 0.4394707679748535, 0.3219964802265167, -0.8385604619979858, 0.2602825462818146, -0.9391396045684814, -0.2242092788219452], "cam_t_m2c": [-210.60960388183594, 64.6834945678711, 865.0684814453125], "obj_id": 3}, {"cam_R_m2c": [0.710618793964386, 0.7022077441215515, 0.043876271694898605, 0.3076639473438263, -0.25405487418174744, -0.9169508218765259, -0.6327430605888367, 0.6651016473770142, -0.39658015966415405], "cam_t_m2c": [-18.3284912109375, 87.44548034667969, 523.162109375], "obj_id": 1}, {"cam_R_m2c": [0.34409964084625244, -0.46336859464645386, 0.8166302442550659, 0.8958373069763184, 0.4224948585033417, -0.13774463534355164, -0.2811955511569977, 0.7789657711982727, 0.5604832172393799], "cam_t_m2c": [-130.79702758789062, 138.49363708496094, 554.7177124023438], "obj_id": 3}, {"cam_R_m2c": [-0.23656989634037018, 0.9696933031082153, -0.06107085943222046, 0.7421230673789978, 0.2209053933620453, 0.6328144669532776, 0.6271268129348755, 0.10438275337219238, -0.7718913555145264], "cam_t_m2c": [-19.883852005004883, 176.99337768554688, 855.6821899414062], "obj_id": 3}, {"cam_R_m2c": [0.9847551584243774, -0.010187428444623947, 0.17364747822284698, 0.17233698070049286, -0.07833021134138107, -0.9819187521934509, 0.023605067282915115, 0.9968754649162292, -0.07538041472434998], "cam_t_m2c": [-121.02664947509766, 85.30535888671875, 767.0196533203125], "obj_id": 3}, {"cam_R_m2c": [0.04315494745969772, -0.40742337703704834, 0.9122191667556763, -0.5453437566757202, -0.7746505737304688, -0.32018235325813293, 0.8371008634567261, -0.48365557193756104, -0.25561580061912537], "cam_t_m2c": [-0.9358370900154114, 129.97515869140625, 896.4423828125], "obj_id": 3}, {"cam_R_m2c": [-0.27070409059524536, -0.9341111183166504, -0.23271366953849792, 0.4466269016265869, 0.09227973222732544, -0.8899487853050232, 0.8527858257293701, -0.34484899044036865, 0.392218679189682], "cam_t_m2c": [-101.92115020751953, -61.33747863769531, 708.6361083984375], "obj_id": 1}, {"cam_R_m2c": [0.9358975887298584, 0.35210564732551575, 0.010829218663275242, -0.21812215447425842, 0.5550820231437683, 0.8026871681213379, 0.276619553565979, -0.7535951137542725, 0.5963020324707031], "cam_t_m2c": [-221.69989013671875, 8.715645790100098, 936.2427368164062], "obj_id": 3}, {"cam_R_m2c": [-0.3378771245479584, -0.8943448066711426, -0.2932339906692505, 0.5724908709526062, 0.05200466513633728, -0.8182600736618042, 0.7470561861991882, -0.44434526562690735, 0.4944332242012024], "cam_t_m2c": [-243.46681213378906, 168.20770263671875, 709.526611328125], "obj_id": 3}, {"cam_R_m2c": [0.6648949384689331, 0.43434345722198486, 0.6076681017875671, 0.4783163368701935, -0.8724480867385864, 0.10023898631334305, 0.5736969709396362, 0.224009171128273, -0.7878398299217224], "cam_t_m2c": [-203.4364471435547, -54.389404296875, 837.5633544921875], "obj_id": 3}, {"cam_R_m2c": [0.5617483258247375, -0.21484129130840302, -0.798925518989563, -0.3679240345954895, 0.8000638484954834, -0.4738457202911377, 0.7409930229187012, 0.5601259469985962, 0.37038925290107727], "cam_t_m2c": [-6.3932061195373535, -18.033660888671875, 620.3543701171875], "obj_id": 1}, {"cam_R_m2c": [0.5883640646934509, -0.8056426048278809, -0.06904835253953934, 0.671994149684906, 0.5346751809120178, -0.5123927593231201, 0.44972386956214905, 0.2550733983516693, 0.8559707999229431], "cam_t_m2c": [-100.53787994384766, -200.01173400878906, 692.24853515625], "obj_id": 3}, {"cam_R_m2c": [-0.8680981993675232, -0.06779245287179947, 0.49174126982688904, 0.49609071016311646, -0.08395732194185257, 0.8642020225524902, -0.01730106770992279, 0.9941605925559998, 0.10651450604200363], "cam_t_m2c": [-57.52399444580078, 141.55499267578125, 789.0669555664062], "obj_id": 3}, {"cam_R_m2c": [-0.6958483457565308, -0.6117619276046753, -0.3762211799621582, -0.028668398037552834, 0.5470901727676392, -0.836582601070404, 0.7176163196563721, -0.5713489651679993, -0.39823004603385925], "cam_t_m2c": [-244.79458618164062, 117.70610809326172, 667.2254638671875], "obj_id": 1}, {"cam_R_m2c": [-0.26425081491470337, -0.7721993923187256, 0.5778230428695679, 0.9642998576164246, -0.2008322775363922, 0.1726038157939911, -0.01723901927471161, 0.6028053760528564, 0.7977020144462585], "cam_t_m2c": [-117.8222885131836, -104.69799041748047, 783.49169921875], "obj_id": 1}, {"cam_R_m2c": [-0.9952787160873413, -0.05177333950996399, -0.08209466189146042, -0.04550446197390556, 0.9960324764251709, -0.07647634297609329, 0.08572838455438614, -0.07237961143255234, -0.9936858415603638], "cam_t_m2c": [-38.81632614135742, -131.16058349609375, 647.41796875], "obj_id": 1}, {"cam_R_m2c": [0.5468788743019104, -0.327212929725647, 0.7706199884414673, 0.23725935816764832, -0.8221526741981506, -0.5174679160118103, 0.8028894662857056, 0.465829074382782, -0.3719836175441742], "cam_t_m2c": [-213.02268981933594, 300.40179443359375, 811.88427734375], "obj_id": 1}, {"cam_R_m2c": [0.3594082295894623, 0.5056556463241577, 0.7843074202537537, 0.4655018448829651, -0.8255786895751953, 0.31894806027412415, 0.8087853789329529, 0.25046399235725403, -0.532103419303894], "cam_t_m2c": [-90.15133666992188, -217.56040954589844, 635.10205078125], "obj_id": 1}, {"cam_R_m2c": [-0.5086674690246582, -0.12092693150043488, 0.8524283170700073, -0.7540813684463501, 0.5403609871864319, -0.37332460284233093, -0.4154740571975708, -0.832698404788971, -0.3660528063774109], "cam_t_m2c": [-82.43970489501953, 179.53872680664062, 823.8704223632812], "obj_id": 3}, {"cam_R_m2c": [0.6789241433143616, -0.655529260635376, -0.3306710124015808, -0.19171124696731567, 0.27647462487220764, -0.9417051076889038, 0.7087374329566956, 0.7027397155761719, 0.06203297898173332], "cam_t_m2c": [-7.086925983428955, 87.17902374267578, 733.4257202148438], "obj_id": 3}, {"cam_R_m2c": [0.67015141248703, 0.4932727813720703, 0.5545980930328369, 0.19712451100349426, -0.8386616110801697, 0.507729172706604, 0.715569019317627, -0.23093055188655853, -0.659266471862793], "cam_t_m2c": [-170.1750946044922, 118.63514709472656, 623.2384643554688], "obj_id": 3}, {"cam_R_m2c": [-0.5275261998176575, 0.14379143714904785, -0.8372814059257507, -0.7354869842529297, 0.4159570336341858, 0.53482586145401, 0.4251764714717865, 0.8979442119598389, -0.11367151886224747], "cam_t_m2c": [-133.1742706298828, 252.4986572265625, 610.2623901367188], "obj_id": 1}, {"cam_R_m2c": [0.522297203540802, 0.39398592710494995, -0.7562940120697021, 0.5844714641571045, -0.8111928701400757, -0.018948756158351898, -0.6209659576416016, -0.4321354031562805, -0.6539572477340698], "cam_t_m2c": [-117.42742156982422, 16.394662857055664, 776.1053466796875], "obj_id": 3}, {"cam_R_m2c": [-0.9708821773529053, 0.16008852422237396, -0.17821094393730164, 0.04506908357143402, -0.6085708141326904, -0.7922184467315674, -0.23527909815311432, -0.7771826982498169, 0.5836358070373535], "cam_t_m2c": [-247.24575805664062, 127.60426330566406, 600.685546875], "obj_id": 1}, {"cam_R_m2c": [0.7998528480529785, -0.3913063108921051, 0.45509862899780273, 0.5130269527435303, 0.8392816781997681, -0.1800265908241272, -0.3115103840827942, 0.3774726688861847, 0.8720525503158569], "cam_t_m2c": [-190.22425842285156, 78.22616577148438, 525.202880859375], "obj_id": 1}, {"cam_R_m2c": [0.8495012521743774, 0.40893033146858215, 0.33335205912590027, -0.03285690397024155, 0.6716232895851135, -0.7401639223098755, -0.5265624523162842, 0.617817223072052, 0.5839810371398926], "cam_t_m2c": [-225.10971069335938, 40.2747917175293, 791.5061645507812], "obj_id": 3}, {"cam_R_m2c": [0.7552905082702637, -0.05951254069805145, -0.6526825428009033, -0.05286867171525955, -0.9981556534767151, 0.029833156615495682, -0.6532542705535889, 0.011973760090768337, -0.7570438385009766], "cam_t_m2c": [63.24459457397461, 104.6023941040039, 886.6384887695312], "obj_id": 3}, {"cam_R_m2c": [-0.99037104845047, 0.003203268628567457, 0.13840243220329285, 0.019741954281926155, 0.9927827715873718, 0.11829061061143875, -0.1370246261358261, 0.11988390982151031, -0.9832864999771118], "cam_t_m2c": [-87.57383728027344, -71.5489730834961, 979.6859741210938], "obj_id": 3}, {"cam_R_m2c": [0.7124019861221313, 0.5836420655250549, -0.3896733820438385, -0.2663320004940033, 0.7385843992233276, 0.6193224787712097, 0.6492693424224854, -0.33742403984069824, 0.6816115379333496], "cam_t_m2c": [-273.25927734375, 32.88755416870117, 548.5759887695312], "obj_id": 1}, {"cam_R_m2c": [-0.9202513098716736, -0.36496439576148987, 0.1412028968334198, -0.11555343866348267, 0.5981712341308594, 0.7929933667182922, -0.3738778829574585, 0.7134368419647217, -0.5926406979560852], "cam_t_m2c": [-250.33384704589844, -0.4972769021987915, 901.7626342773438], "obj_id": 1}, {"cam_R_m2c": [0.5023598670959473, 0.020948167890310287, -0.8644048571586609, -0.06907711178064346, -0.9955388307571411, -0.06427113711833954, -0.861894965171814, 0.09199783205986023, -0.4986717402935028], "cam_t_m2c": [-267.645263671875, -17.110069274902344, 911.2145385742188], "obj_id": 3}, {"cam_R_m2c": [-0.7803269028663635, -0.17048995196819305, -0.6016833782196045, 0.5578002333641052, 0.24525970220565796, -0.7929101586341858, 0.2827518880367279, -0.9543483257293701, -0.09628331661224365], "cam_t_m2c": [-51.27947235107422, 71.16512298583984, 783.7686767578125], "obj_id": 3}, {"cam_R_m2c": [-0.35591253638267517, -0.729045033454895, 0.5846534371376038, 0.7506852746009827, -0.5956538319587708, -0.28577640652656555, 0.5565949082374573, 0.33717936277389526, 0.7592840194702148], "cam_t_m2c": [-178.82467651367188, 361.6678161621094, 812.7832641601562], "obj_id": 3}, {"cam_R_m2c": [0.6408213376998901, 0.21561919152736664, 0.7367878556251526, -0.5428476333618164, -0.5513610243797302, 0.6334962248802185, 0.5428300499916077, -0.8059214353561401, -0.2362755686044693], "cam_t_m2c": [-48.95248031616211, 212.77964782714844, 870.022216796875], "obj_id": 3}, {"cam_R_m2c": [-0.19872444868087769, 0.5884085893630981, -0.7837626338005066, -0.971016526222229, -0.009848480112850666, 0.23880928754806519, 0.13279855251312256, 0.8085037469863892, 0.5733116269111633], "cam_t_m2c": [-336.9698791503906, 46.98421859741211, 624.2529296875], "obj_id": 3}, {"cam_R_m2c": [-0.5473542213439941, -0.744685709476471, -0.38189858198165894, 0.45000383257865906, -0.6466274261474609, 0.6159297823905945, -0.7056202292442322, 0.1652759611606598, 0.6890456676483154], "cam_t_m2c": [-186.97769165039062, 158.40753173828125, 749.236083984375], "obj_id": 3}, {"cam_R_m2c": [0.32315048575401306, 0.9051265716552734, -0.27625998854637146, 0.8807752728462219, -0.39443162083625793, -0.26202747225761414, -0.3461337387561798, -0.15864869952201843, -0.924673855304718], "cam_t_m2c": [-222.64044189453125, 18.693986892700195, 530.4454345703125], "obj_id": 3}, {"cam_R_m2c": [0.9480034708976746, 0.0662393569946289, -0.311290442943573, -0.19178873300552368, 0.8994558453559875, -0.39267832040786743, 0.25398123264312744, 0.43196240067481995, 0.8653912544250488], "cam_t_m2c": [-295.9098815917969, 139.90243530273438, 870.2538452148438], "obj_id": 1}, {"cam_R_m2c": [-0.4946504235267639, 0.3640470802783966, -0.7891708016395569, 0.6352165341377258, -0.4682847559452057, -0.6141735911369324, -0.5931448340415955, -0.8050956130027771, 0.00038864417001605034], "cam_t_m2c": [-312.43701171875, -80.75086975097656, 603.1988525390625], "obj_id": 3}, {"cam_R_m2c": [-0.9888196587562561, 0.05994349345564842, 0.136537104845047, 0.086177758872509, -0.5175241231918335, 0.8513178825378418, 0.1216922178864479, 0.8535663485527039, 0.5065723061561584], "cam_t_m2c": [-189.64071655273438, 142.011962890625, 678.79833984375], "obj_id": 1}, {"cam_R_m2c": [-0.5437799692153931, 0.7424287796020508, -0.3912835121154785, -0.14950288832187653, -0.5444819927215576, -0.8253412842750549, -0.8258039355278015, -0.3903060853481293, 0.4070737063884735], "cam_t_m2c": [-53.64971923828125, 215.53089904785156, 846.6636352539062], "obj_id": 3}, {"cam_R_m2c": [0.5228610038757324, -0.1078905314207077, 0.8455625772476196, -0.8257389068603516, 0.18212351202964783, 0.5338411927223206, -0.21159327030181885, -0.9773386120796204, 0.006135864183306694], "cam_t_m2c": [-38.15245819091797, 104.9747085571289, 570.9882202148438], "obj_id": 3}, {"cam_R_m2c": [-0.09416909515857697, -0.622870683670044, 0.7766364216804504, 0.939679741859436, -0.3132822513580322, -0.13731716573238373, 0.3288373053073883, 0.7168585062026978, 0.6148006319999695], "cam_t_m2c": [-67.4737548828125, 72.56651306152344, 559.3818969726562], "obj_id": 1}, {"cam_R_m2c": [0.5715146064758301, -0.08438806235790253, -0.8162412047386169, 0.7999612092971802, -0.1643466353416443, 0.5771068334579468, -0.18284741044044495, -0.9827862977981567, -0.026419347152113914], "cam_t_m2c": [-17.61369