{
  "0": [{"cam_R_m2c": [-0.5248165726661682, 0.2543192505836487, 0.8123355507850647, -0.845216691493988, -0.2687913477420807, -0.46190884709358215, 0.10087654739618301, -0.9290170669555664, 0.3560212254524231], "cam_t_m2c": [506.9456787109375, 503.0508117675781, 823.847412109375], "obj_id": 2}, {"cam_R_m2c": [-0.7064162492752075, -0.4336743652820587, -0.5593767762184143, -0.15199512243270874, 0.864817202091217, -0.47852757573127747, 0.6912838220596313, -0.2530171573162079, -0.6768373250961304], "cam_t_m2c": [288.166748046875, 407.4131164550781, 916.2233276367188], "obj_id": 0}, {"cam_R_m2c": [-0.6231575608253479, -0.3749993145465851, 0.6863309144973755, 0.05247751995921135, 0.8555268049240112, 0.5150921940803528, -0.7803336977958679, 0.35700055956840515, -0.51344895362854], "cam_t_m2c": [273.9534912109375, 325.02655029296875, 693.8965454101562], "obj_id": 0}],
  "1": [{"cam_R_m2c": [-0.4206411838531494, 0.16234704852104187, 0.892582893371582, -0.7754204273223877, 0.4463815689086914, -0.4466167986392975, -0.4709394574165344, -0.8799925446510315, -0.06187918782234192], "cam_t_m2c": [441.64068603515625, 496.58880615234375, 1361.6116943359375], "obj_id": 2}, {"cam_R_m2c": [-0.5959807634353638, -0.5464215874671936, -0.5884134769439697, -0.6747839450836182, 0.7380129098892212, -0.001882918062619865, 0.4352855980396271, 0.395929753780365, -0.8085580468177795], "cam_t_m2c": [246.8158721923828, 330.7001953125, 1373.3299560546875], "obj_id": 0}, {"cam_R_m2c": [-0.7175715565681458, -0.41160836815834045, 0.5618447065353394, 0.44938457012176514, 0.34268930554389954, 0.8249954581260681, -0.5321131944656372, 0.8444777131080627, -0.060933612287044525], "cam_t_m2c": [213.33990478515625, 412.5133056640625, 1152.8404541015625], "obj_id": 0}]
}