{
  "0": [{"cam_R_m2c": [-0.976182222366333, 0.2035616785287857, -0.07503751665353775, 0.175984725356102, 0.5407093167304993, -0.8225951194763184, -0.1268753856420517, -0.8162083029747009, -0.5636544823646545], "cam_t_m2c": [18.895719528198242, -79.38692474365234, 473.861083984375], "obj_id": 2}, {"cam_R_m2c": [-0.976182222366333, 0.2035616785287857, -0.07503751665353775, 0.175984725356102, 0.5407093167304993, -0.8225951194763184, -0.1268753856420517, -0.8162083029747009, -0.5636544823646545], "cam_t_m2c": [18.895719528198242, -79.38692474365234, 473.861083984375], "obj_id": 1}, {"cam_R_m2c": [-0.976182222366333, 0.2035616785287857, -0.07503751665353775, 0.175984725356102, 0.5407093167304993, -0.8225951194763184, -0.1268753856420517, -0.8162083029747009, -0.5636544823646545], "cam_t_m2c": [18.895719528198242, -79.38692474365234, 473.861083984375], "obj_id": 3}, {"cam_R_m2c": [-0.976182222366333, 0.2035616785287857, -0.07503751665353775, 0.175984725356102, 0.5407093167304993, -0.8225951194763184, -0.1268753856420517, -0.8162083029747009, -0.5636544823646545], "cam_t_m2c": [18.895719528198242, -79.38692474365234, 473.861083984375], "obj_id": 2}, {"cam_R_m2c": [-0.976182222366333, 0.2035616785287857, -0.07503751665353775, 0.175984725356102, 0.5407093167304993, -0.8225951194763184, -0.1268753856420517, -0.8162083029747009, -0.5636544823646545], "cam_t_m2c": [18.895719528198242, -79.38692474365234, 473.861083984375], "obj_id": 0}, {"cam_R_m2c": [-0.976182222366333, 0.2035616785287857, -0.07503751665353775, 0.175984725356102, 0.5407093167304993, -0.8225951194763184, -0.1268753856420517, -0.8162083029747009, -0.5636544823646545], "cam_t_m2c": [18.895719528198242, -79.38692474365234, 473.861083984375], "obj_id": 3}, {"cam_R_m2c": [-0.976182222366333, 0.2035616785287857, -0.07503751665353775, 0.175984725356102, 0.5407093167304993, -0.8225951194763184, -0.1268753856420517, -0.8162083029747009, -0.5636544823646545], "cam_t_m2c": [18.895719528198242, -79.38692474365234, 473.861083984375], "obj_id": 3}, {"cam_R_m2c": [-0.976182222366333, 0.2035616785287857, -0.07503751665353775, 0.175984725356102, 0.5407093167304993, -0.8225951194763184, -0.1268753856420517, -0.8162083029747009, -0.5636544823646545], "cam_t_m2c": [18.895719528198242, -79.38692474365234, 473.861083984375], "obj_id": 3}, {"cam_R_m2c": [-0.976182222366333, 0.2035616785287857, -0.07503751665353775, 0.175984725356102, 0.5407093167304993, -0.8225951194763184, -0.1268753856420517, -0.8162083029747009, -0.5636544823646545], "cam_t_m2c": [18.895719528198242, -79.38692474365234, 473.861083984375], "obj_id": 1}, {"cam_R_m2c": [-0.976182222366333, 0.2035616785287857, -0.07503751665353775, 0.175984725356102, 0.5407093167304993, -0.8225951194763184, -0.1268753856420517, -0.8162083029747009, -0.5636544823646545], "cam_t_m2c": [18.895719528198242, -79.38692474365234, 473.861083984375], "obj_id": 1}, {"cam_R_m2c": [-0.976182222366333, 0.2035616785287857, -0.07503751665353775, 0.175984725356102, 0.5407093167304993, -0.8225951194763184, -0.1268753856420517, -0.8162083029747009, -0.5636544823646545], "cam_t_m2c": [18.895719528198242, -79.38692474365234, 473.861083984375], "obj_id": 2}, {"cam_R_m2c": [-0.976182222366333, 0.2035616785287857, -0.07503751665353775, 0.175984725356102, 0.5407093167304993, -0.8225951194763184, -0.1268753856420517, -0.8162083029747009, -0.5636544823646545], "cam_t_m2c": [18.895719528198242, -79.38692474365234, 473.861083984375], "obj_id": 3}, {"cam_R_m2c": [-0.976182222366333, 0.2035616785287857, -0.07503751665353775, 0.175984725356102, 0.5407093167304993, -0.8225951194763184, -0.1268753856420517, -0.8162083029747009, -0.5636544823646545], "cam_t_m2c": [18.895719528198242, -79.38692474365234, 473.861083984375], "obj_id": 2}, {"cam_R_m2c": [-0.976182222366333, 0.2035616785287857, -0.07503751665353775, 0.175984725356102, 0.5407093167304993, -0.8225951194763184, -0.1268753856420517, -0.8162083029747009, -0.5636544823646545], "cam_t_m2c": [18.895719528198242, -79.38692474365234, 473.861083984375], "obj_id": 1}, {"cam_R_m2c": [-0.976182222366333, 0.2035616785287857, -0.07503751665353775, 0.175984725356102, 0.5407093167304993, -0.8225951194763184, -0.1268753856420517, -0.8162083029747009, -0.5636544823646545], "cam_t_m2c": [18.895719528198242, -79.38692474365234, 473.861083984375], "obj_id": 1}, {"cam_R_m2c": [-0.976182222366333, 0.2035616785287857, -0.07503751665353775, 0.175984725356102, 0.5407093167304993, -0.8225951194763184, -0.1268753856420517, -0.8162083029747009, -0.5636544823646545], "cam_t_m2c": [18.895719528198242, -79.38692474365234, 473.861083984375], "obj_id": 3}, {"cam_R_m2c": [-0.976182222366333, 0.2035616785287857, -0.07503751665353775, 0.175984725356102, 0.5407093167304993, -0.8225951194763184, -0.1268753856420517, -0.8162083029747009, -0.5636544823646545], "cam_t_m2c": [18.895719528198242, -79.38692474365234, 473.861083984375], "obj_id": 3}, {"cam_R_m2c": [-0.976182222366333, 0.2035616785287857, -0.07503751665353775, 0.175984725356102, 0.5407093167304993, -0.8225951194763184, -0.1268753856420517, -0.8162083029747009, -0.5636544823646545], "cam_t_m2c": [18.895719528198242, -79.38692474365234, 473.861083984375], "obj_id": 3}, {"cam_R_m2c": [-0.976182222366333, 0.2035616785287857, -0.07503751665353775, 0.175984725356102, 0.5407093167304993, -0.8225951194763184, -0.1268753856420517, -0.8162083029747009, -0.5636544823646545], "cam_t_m2c": [18.895719528198242, -79.38692474365234, 473.861083984375], "obj_id": 1}, {"cam_R_m2c": [-0.976182222366333, 0.2035616785287857, -0.07503751665353775, 0.175984725356102, 0.5407093167304993, -0.8225951194763184, -0.1268753856420517, -0.8162083029747009, -0.5636544823646545], "cam_t_m2c": [18.895719528198242, -79.38692474365234, 473.861083984375], "obj_id": 0}, {"cam_R_m2c": [-0.976182222366333, 0.2035616785287857, -0.07503751665353775, 0.175984725356102, 0.5407093167304993, -0.8225951194763184, -0.1268753856420517, -0.8162083029747009, -0.5636544823646545], "cam_t_m2c": [18.895719528198242, -79.38692474365234, 473.861083984375], "obj_id": 1}, {"cam_R_m2c": [-0.976182222366333, 0.2035616785287857, -0.07503751665353775, 0.175984725356102, 0.5407093167304993, -0.8225951194763184, -0.1268753856420517, -0.8162083029747009, -0.5636544823646545], "cam_t_m2c": [18.895719528198242, -79.38692474365234, 473.861083984375], "obj_id": 1}, {"cam_R_m2c": [-0.976182222366333, 0.2035616785287857, -0.07503751665353775, 0.175984725356102, 0.5407093167304993, -0.8225951194763184, -0.1268753856420517, -0.8162083029747009, -0.5636544823646545], "cam_t_m2c": [18.895719528198242, -79.38692474365234, 473.861083984375], "obj_id": 1}, {"cam_R_m2c": [-0.976182222366333, 0.2035616785287857, -0.07503751665353775, 0.175984725356102, 0.5407093167304993, -0.8225951194763184, -0.1268753856420517, -0.8162083029747009, -0.5636544823646545], "cam_t_m2c": [18.895719528198242, -79.38692474365234, 473.861083984375], "obj_id": 3}, {"cam_R_m2c": [0.09922146797180176, 0.4476383626461029, -0.8886927962303162, 0.8375105261802673, 0.4447074234485626, 0.3175079822540283, 0.5373370051383972, -0.7757932543754578, -0.3307773172855377], "cam_t_m2c": [72.98591613769531, -190.0563201904297, 539.4638671875], "obj_id": 0}, {"cam_R_m2c": [0.24313634634017944, 0.7016445398330688, 0.6697608828544617, -0.4880162477493286, 0.6852114796638489, -0.540671169757843, -0.838286817073822, -0.19539739191532135, 0.5090137720108032], "cam_t_m2c": [110.864501953125, -20.761838912963867, 388.79046630859375], "obj_id": 0}, {"cam_R_m2c": [0.9254305958747864, -0.3787200152873993, 0.012223378755152225, -0.37891605496406555, -0.9250261187553406, 0.027371598407626152, 0.0009407731122337282, -0.029962148517370224, -0.9995505809783936], "cam_t_m2c": [467.259765625, 6437.6474609375, 5035.388671875], "obj_id": 0}, {"cam_R_m2c": [-0.3750598430633545, -0.6386119723320007, 0.6719411611557007, -0.6416769623756409, 0.7019788026809692, 0.3089925944805145, -0.6690148115158081, -0.31527844071388245, -0.6730666756629944], "cam_t_m2c": [130.309326171875, -95.78397369384766, 394.251953125], "obj_id": 2}, {"cam_R_m2c": [-0.8226877450942993, -0.5537959337234497, 0.12843124568462372, 0.5057165622711182, -0.6097248196601868, 0.6103163957595825, -0.2596830427646637, 0.5670497417449951, 0.7816771864891052], "cam_t_m2c": [-179.752685546875, -142.3621826171875, 503.5054626464844], "obj_id": 3}, {"cam_R_m2c": [-0.8783808946609497, 0.0196310356259346, 0.47755756974220276, 0.4477395713329315, 0.3834458291530609, 0.807773768901825, -0.16725999116897583, 0.9233546257019043, -0.345600962638855], "cam_t_m2c": [19.909709930419922, -40.85637664794922, 328.7879943847656], "obj_id": 3}, {"cam_R_m2c": [0.35493847727775574, 0.9319294095039368, 0.07433845847845078, -0.7055747509002686, 0.2148624062538147, 0.6752765774726868, 0.6133375763893127, -0.2921329736709595, 0.7338088154792786], "cam_t_m2c": [-125.42931365966797, -39.99919509887695, 346.8855285644531], "obj_id": 3}, {"cam_R_m2c": [-0.8119325041770935, -0.5261067152023315, 0.25293681025505066, 0.4347211420536041, -0.25576072931289673, 0.8634834885597229, -0.3895931839942932, 0.8110474348068237, 0.4363703727722168], "cam_t_m2c": [-137.84182739257812, -153.33016967773438, 637.6111450195312], "obj_id": 1}]
}