{
  "0": [{"cam_R_m2c": [0.1467456817626953, -0.18968279659748077, -0.9708172678947449, -0.21993395686149597, -0.9631322622299194, 0.15493673086166382, -0.9644142389297485, 0.19077937304973602, -0.18305322527885437], "cam_t_m2c": [164.62353515625, -159.91452026367188, 3684.138427734375], "obj_id": 2}, {"cam_R_m2c": [-0.48547565937042236, -0.37591809034347534, -0.7893028259277344, 0.8688857555389404, -0.30733007192611694, -0.3880538046360016, -0.09670004993677139, -0.8742046356201172, 0.47583115100860596], "cam_t_m2c": [796.4205322265625, -318.692138671875, 3391.4443359375], "obj_id": 0}, {"cam_R_m2c": [-0.0676715075969696, -0.37346261739730835, 0.9251736402511597, 0.8315625786781311, 0.4912758767604828, 0.25913649797439575, -0.5512933135032654, 0.7868759036064148, 0.27731212973594666], "cam_t_m2c": [-315.3958740234375, 431.9756164550781, 2589.3466796875], "obj_id": 0}, {"cam_R_m2c": [0.4281148612499237, -0.8676497936248779, 0.25278744101524353, 0.014925742521882057, -0.2728908658027649, -0.9619292616844177, 0.9036011099815369, 0.41558924317359924, -0.10387832671403885], "cam_t_m2c": [270.15625, -629.1795654296875, 3589.932861328125], "obj_id": 0}, {"cam_R_m2c": [0.21737892925739288, 0.6523204445838928, 0.7261021137237549, -0.9328018426895142, -0.08023697137832642, 0.3513440489768982, 0.2874492406845093, -0.7536842226982117, 0.591044008731842], "cam_t_m2c": [-709.1065063476562, -206.3282470703125, 2602.52978515625], "obj_id": 0}, {"cam_R_m2c": [0.9436612129211426, -0.28343862295150757, 0.17078086733818054, -0.27913451194763184, -0.958989679813385, -0.049222659319639206, 0.17772868275642395, -0.0012213161680847406, -0.9840788245201111], "cam_t_m2c": [433.635009765625, -0.5621500015258789, 2686.7138671875], "obj_id": 1}, {"cam_R_m2c": [-0.514520525932312, 0.2792430520057678, 0.8107353448867798, -0.8573186993598938, -0.14930233359336853, -0.49265947937965393, -0.01652703993022442, -0.948542058467865, 0.3162194788455963], "cam_t_m2c": [-63.482486724853516, -375.2799072265625, 3059.855712890625], "obj_id": 2}, {"cam_R_m2c": [-0.6735515594482422, -0.4703792929649353, 0.5701504945755005, -0.7384383082389832, 0.3946228623390198, -0.546792209148407, 0.03220529481768608, -0.7893137335777283, -0.6131449341773987], "cam_t_m2c": [-916.270751953125, 167.66741943359375, 3499.89306640625], "obj_id": 1}, {"cam_R_m2c": [-0.12148774415254593, -0.23869602382183075, 0.9634650349617004, 0.11922100931406021, -0.9671367406845093, -0.22457255423069, 0.9854070544242859, 0.08758246153593063, 0.14595288038253784], "cam_t_m2c": [1147.0386962890625, 222.84426879882812, 2767.460693359375], "obj_id": 0}, {"cam_R_m2c": [-0.8202482461929321, -0.33927518129348755, 0.46052661538124084, -0.5427155494689941, 0.2072647511959076, -0.8139416575431824, 0.18069933354854584, -0.9175693392753601, -0.3541383445262909], "cam_t_m2c": [12.272099494934082, -307.2085266113281, 3599.415283203125], "obj_id": 2}, {"cam_R_m2c": [0.29778385162353516, 0.2595694065093994, 0.918666660785675, 0.6397579312324524, 0.6599900722503662, -0.3938564360141754, -0.7085439562797546, 0.7050083875656128, 0.030472787097096443], "cam_t_m2c": [287.49237060546875, -53.953922271728516, 2822.63525390625], "obj_id": 2}, {"cam_R_m2c": [0.6929081678390503, 0.6136357188224792, 0.37858885526657104, 0.6976060271263123, -0.43781423568725586, -0.5671547651290894, -0.18227481842041016, 0.6570920348167419, -0.7314410209655762], "cam_t_m2c": [-626.2367553710938, 237.49520874023438, 3174.706298828125], "obj_id": 2}, {"cam_R_m2c": [0.5756520628929138, -0.03388861566781998, 0.8169922232627869, -0.6951256990432739, 0.5058808326721191, 0.5107688307762146, -0.43060997128486633, -0.861937403678894, 0.26765450835227966], "cam_t_m2c": [-762.8051147460938, -248.5322723388672, 2724.880126953125], "obj_id": 2}, {"cam_R_m2c": [-0.17996440827846527, -0.1136200800538063, 0.9770891070365906, -0.9835901856422424, 0.03367573767900467, -0.17724592983722687, -0.012765434570610523, -0.9929533004760742, -0.11781596392393112], "cam_t_m2c": [708.8190307617188, -519.8179931640625, 3378.657958984375], "obj_id": 0}, {"cam_R_m2c": [-0.15092797577381134, -0.35701990127563477, 0.9218228459358215, 0.4180087745189667, 0.8219854235649109, 0.38679271936416626, -0.8958176374435425, 0.4437079429626465, 0.0251768771559], "cam_t_m2c": [556.5145263671875, -132.6753387451172, 3586.902099609375], "obj_id": 1}, {"cam_R_m2c": [-0.6465029716491699, 0.5219700932502747, -0.5564001202583313, -0.31393855810165405, 0.4826841652393341, 0.8175931572914124, 0.695324718952179, 0.703251838684082, -0.14819017052650452], "cam_t_m2c": [488.5581970214844, 32.809776306152344, 2556.334228515625], "obj_id": 1}, {"cam_R_m2c": [0.6757293343544006, -0.6651062965393066, 0.3178418278694153, -0.5731854438781738, -0.20295296609401703, 0.7938945293426514, -0.46351730823516846, -0.718640148639679, -0.518370509147644], "cam_t_m2c": [-869.1990356445312, 85.14506530761719, 2890.84130859375], "obj_id": 0}, {"cam_R_m2c": [0.9551118612289429, -0.21778614819049835, -0.20082449913024902, 0.2820858061313629, 0.46152016520500183, 0.8410866260528564, -0.09049247205257416, -0.8599815368652344, 0.5022377967834473], "cam_t_m2c": [-542.5408325195312, 364.2138977050781, 2413.16357421875], "obj_id": 2}, {"cam_R_m2c": [-0.9183215498924255, -0.2797875702381134, 0.28000766038894653, 0.12436317652463913, -0.8754978775978088, -0.46694445610046387, 0.37579140067100525, -0.39398255944252014, 0.8387839794158936], "cam_t_m2c": [-317.0280456542969, -164.3931884765625, 2815.47216796875], "obj_id": 2}, {"cam_R_m2c": [-0.9995530247688293, -0.018866823986172676, 0.023190563544631004, -0.015575936064124107, -0.33345797657966614, -0.9426363110542297, 0.025517631322145462, -0.9425761699676514, 0.3330150544643402], "cam_t_m2c": [-204.17881774902344, 5.205191612243652, 2627.52294921875], "obj_id": 0}, {"cam_R_m2c": [-0.0898376852273941, 0.7393624782562256, 0.6672871708869934, 0.7107167840003967, -0.4217747449874878, 0.5630164742469788, 0.6977182030677795, 0.5248323678970337, -0.48758599162101746], "cam_t_m2c": [-733.1632690429688, -393.2434997558594, 3234.81640625], "obj_id": 0}, {"cam_R_m2c": [0.6348735094070435, 0.3482905924320221, -0.6896587610244751, 0.535888671875, -0.8415184617042542, 0.06833602488040924, -0.5565598607063293, -0.4129650890827179, -0.7209028005599976], "cam_t_m2c": [-433.0924072265625, -7.7661452293396, 2807.2734375], "obj_id": 2}, {"cam_R_m2c": [-0.9545180201530457, 0.1210014745593071, 0.2724955677986145, 0.16913700103759766, -0.5329020023345947, 0.8291007280349731, 0.24553586542606354, 0.8374807238578796, 0.4881988763809204], "cam_t_m2c": [-881.95654296875, -460.85052490234375, 3189.241943359375], "obj_id": 0}, {"cam_R_m2c": [-0.9959886074066162, 0.052606239914894104, 0.07238185405731201, 0.0863126739859581, 0.3515375852584839, 0.9321863651275635, 0.023593882098793983, 0.9346945285797119, -0.3546679615974426], "cam_t_m2c": [-152.59071350097656, -267.1257019042969, 3976.8857421875], "obj_id": 2}, {"cam_R_m2c": [0.38899242877960205, -0.00862346962094307, -0.9212005734443665, -0.5678141117095947, 0.7851873636245728, -0.24711927771568298, 0.7254460453987122, 0.619198203086853, 0.3005354404449463], "cam_t_m2c": [-443.18780517578125, -186.2528839111328, 3795.294189453125], "obj_id": 2}, {"cam_R_m2c": [0.18936032056808472, 0.6994527578353882, 0.6891360878944397, 0.37526237964630127, 0.5970056653022766, -0.7090573906898499, -0.9073702692985535, 0.39287418127059937, -0.1494290977716446], "cam_t_m2c": [414.42767333984375, -97.84368896484375, 3418.002197265625], "obj_id": 1}, {"cam_R_m2c": [-0.935778796672821, -0.3500957787036896, 0.041843775659799576, -0.34931790828704834, 0.9366738200187683, 0.024883322417736053, -0.047905515879392624, 0.008668504655361176, -0.9988141655921936], "cam_t_m2c": [-830.3724975585938, -280.7874755859375, 3577.906005859375], "obj_id": 1}, {"cam_R_m2c": [0.40468451380729675, 0.3708396255970001, -0.8358877897262573, -0.9106557369232178, 0.08017738908529282, -0.4053119421005249, -0.08328641206026077, 0.9252294898033142, 0.3701537549495697], "cam_t_m2c": [-246.7196502685547, -549.9393310546875, 3697.416015625], "obj_id": 1}, {"cam_R_m2c": [-0.30070728063583374, -0.7672867774963379, 0.5664327144622803, -0.2782756984233856, 0.6386665105819702, 0.7174034714698792, -0.9122158288955688, 0.05810399353504181, -0.405568927526474], "cam_t_m2c": [-1015.446044921875, -273.52081298828125, 3014.0234375], "obj_id": 1}, {"cam_R_m2c": [-0.44939929246902466, -0.8921999335289001, -0.04493510350584984, 0.7452579736709595, -0.3466997742652893, -0.5695520043373108, 0.4925753176212311, -0.28944462537765503, 0.8207260966300964], "cam_t_m2c": [229.39561462402344, -574.0300903320312, 3485.01416015625], "obj_id": 0}, {"cam_R_m2c": [-0.5286904573440552, -0.6727949380874634, 0.5175260305404663, 0.7768555879592896, -0.6292068958282471, -0.02436799928545952, 0.34202566742897034, 0.3891598582267761, 0.855320394039154], "cam_t_m2c": [230.99754333496094, -859.203369140625, 3857.062255859375], "obj_id": 2}, {"cam_R_m2c": [-0.9138869047164917, -0.006409588269889355, 0.40591806173324585, -0.1593812257051468, 0.9252615571022034, -0.34422188997268677, -0.3733740448951721, -0.3792756199836731, -0.8466059565544128], "cam_t_m2c": [537.6256713867188, 135.47938537597656, 3699.26123046875], "obj_id": 0}, {"cam_R_m2c": [0.577884316444397, 0.39670294523239136, 0.7132155895233154, -0.5397061109542847, 0.8412955403327942, -0.03064531646668911, -0.6121821403503418, -0.36721736192703247, 0.7002745270729065], "cam_t_m2c": [142.56320190429688, -455.7061462402344, 3393.526123046875], "obj_id": 2}, {"cam_R_m2c": [0.5348707437515259, -0.3868389427661896, -0.7511783242225647, -0.7709352374076843, -0.5872768759727478, -0.24650487303733826, -0.3457919955253601, 0.7109581232070923, -0.6123449802398682], "cam_t_m2c": [342.7955322265625, 18.4984130859375, 3874.359619140625], "obj_id": 0}, {"cam_R_m2c": [0.4783629775047302, -0.5521479845046997, 0.6828625798225403, -0.8232771754264832, -0.011379909701645374, 0.5675252079963684, -0.30558693408966064, -0.8336682915687561, -0.46001455187797546], "cam_t_m2c": [750.5437622070312, -330.6631164550781, 3040.391357421875], "obj_id": 0}, {"cam_R_m2c": [0.774095356464386, 0.45648133754730225, -0.43863558769226074, 0.6056545972824097, -0.3323114216327667, 0.723015546798706, 0.1842794567346573, -0.8253446221351624, -0.5337107181549072], "cam_t_m2c": [-51.478172302246094, 61.47823715209961, 2801.823974609375], "obj_id": 0}, {"cam_R_m2c": [0.7809188365936279, -0.5481240153312683, -0.29954269528388977, -0.1718159168958664, 0.27255702018737793, -0.9466741681098938, 0.6005373001098633, 0.7907418608665466, 0.11866846680641174], "cam_t_m2c": [925.8154907226562, 26.97286033630371, 2852.5927734375], "obj_id": 2}, {"cam_R_m2c": [0.6678463816642761, 0.23899440467357635, 0.7048850059509277, 0.7242619395256042, 0.009594361297786236, -0.6894581317901611, -0.1715395301580429, 0.9709734916687012, -0.1666869819164276], "cam_t_m2c": [-746.9805297851562, -336.34228515625, 3569.93505859375], "obj_id": 2}, {"cam_R_m2c": [0.21203811466693878, -0.9752120971679688, -0.06325463950634003, -0.574631929397583, -0.17677199840545654, 0.7990931272506714, -0.7904669642448425, -0.1330900490283966, -0.597870409488678], "cam_t_m2c": [464.2532653808594, 118.70069885253906, 3307.250732421875], "obj_id": 2}, {"cam_R_m2c": [-0.03826684504747391, 0.6590582132339478, -0.7511175870895386, 0.9399292469024658, 0.27890583872795105, 0.19683583080768585, 0.33921730518341064, -0.6984651684761047, -0.6301409602165222], "cam_t_m2c": [-935.374755859375, -502.365478515625, 3401.06591796875], "obj_id": 0}, {"cam_R_m2c": [-0.3585743308067322, 0.9335008263587952, 0.0008191504748538136, -0.3470151722431183, -0.1341092437505722, 0.9282215237617493, 0.8666054010391235, 0.3325521647930145, 0.37202706933021545], "cam_t_m2c": [-589.3322143554688, 354.7122497558594, 3027.625732421875], "obj_id": 2}, {"cam_R_m2c": [-0.0910947322845459, 0.14295464754104614, 0.9855281710624695, 0.9380931258201599, -0.3197912573814392, 0.13309714198112488, 0.33419013023376465, 0.9366416335105896, -0.10497348755598068], "cam_t_m2c": [205.44671630859375, 286.3749694824219, 3287.66259765625], "obj_id": 1}, {"cam_R_m2c": [0.42949822545051575, -0.2784983515739441, 0.8590517044067383, -0.807255208492279, 0.30801066756248474, 0.5034562945365906, -0.40480875968933105, -0.9097076058387756, -0.09252919256687164], "cam_t_m2c": [-783.9466552734375, -534.4793701171875, 3489.16650390625], "obj_id": 2}, {"cam_R_m2c": [0.5638320446014404, 0.8045687079429626, 0.18644718825817108, -0.2610800862312317, 0.38781362771987915, -0.8839896321296692, -0.7835372090339661, 0.44974401593208313, 0.4287186563014984], "cam_t_m2c": [362.3312072753906, 142.4409942626953, 3251.627685546875], "obj_id": 2}, {"cam_R_m2c": [-0.5279310345649719, 0.7843925952911377, -0.32560259103775024, -0.3833596706390381, -0.5621970891952515, -0.7327821850776672, -0.7578417658805847, -0.2620355486869812, 0.5975058078765869], "cam_t_m2c": [-42.41670608520508, 6.128370761871338, 3978.2041015625], "obj_id": 1}, {"cam_R_m2c": [-0.020642559975385666, 0.9052345752716064, -0.4244104325771332, -0.921257495880127, -0.1821356862783432, -0.3436730206012726, -0.3884049952030182, 0.38389700651168823, 0.8377139568328857], "cam_t_m2c": [794.9526977539062, -49.71543884277344, 2589.368408203125], "obj_id": 2}, {"cam_R_m2c": [-0.4447173774242401, -0.8254767060279846, -0.34758371114730835, 0.13515745103359222, 0.3217780888080597, -0.9371185898780823, 0.8854144215583801, -0.4637315273284912, -0.03153092414140701], "cam_t_m2c": [-84.06983947753906, -424.43304443359375, 3775.841552734375], "obj_id": 2}, {"cam_R_m2c": [-0.2713683843612671, -0.5738267302513123, -0.7727108001708984, -0.8932560682296753, 0.44911128282546997, -0.01981404237449169, 0.35840293765068054, 0.6848517656326294, -0.634448766708374], "cam_t_m2c": [-531.5511474609375, 388.35400390625, 2867.490234375], "obj_id": 0}, {"cam_R_m2c": [-0.9218389987945557, -0.3319763243198395, -0.2000117003917694, -0.3874361515045166, 0.8030450344085693, 0.45278245210647583, 0.010305364616215229, 0.4948842525482178, -0.8688978552818298], "cam_t_m2c": [409.7355651855469, 31.803056716918945, 2311.5390625], "obj_id": 2}, {"cam_R_m2c": [-0.7198691964149475, -0.26990535855293274, 0.639483630657196, -0.516637921333313, -0.40691760182380676, -0.7533280849456787, 0.46354448795318604, -0.8726792335510254, 0.15348418056964874], "cam_t_m2c": [-661.5609130859375, -445.818603515625, 3369.22216796875], "obj_id": 2}, {"cam_R_m2c": [0.6163439750671387, 0.7464368939399719, 0.25090235471725464, 0.10295887291431427, 0.23949623107910156, -0.9654226303100586, -0.7807173132896423, 0.6208650469779968, 0.07075977325439453], "cam_t_m2c": [-159.3706512451172, -369.9333801269531, 3605.859130859375], "obj_id": 0}, {"cam_R_m2c": [0.15577851235866547, -0.9745982885360718, -0.16090698540210724, -0.9636348485946655, -0.18574370443820953, 0.19211159646511078, -0.21711912751197815, 0.12512876093387604, -0.9680917859077454], "cam_t_m2c": [-52.564109802246094, -418.8595275878906, 3655.715087890625], "obj_id": 0}, {"cam_R_m2c": [-0.36080729961395264, -0.116911381483078, 0.9252835512161255, 0.914006233215332, 0.15300413966178894, 0.37574219703674316, -0.18550072610378265, 0.981285572052002, 0.05165278911590576], "cam_t_m2c": [-5.3387131690979, 42.40529251098633, 2097.8447265625], "obj_id": 2}, {"cam_R_m2c": [-0.3613739013671875, -0.8923030495643616, -0.2705625295639038, -0.8447827100753784, 0.19050438702106476, 0.5000501871109009, -0.39465299248695374, 0.4092716574668884, -0.8226454854011536], "cam_t_m2c": [160.29812622070312, -381.5650939941406, 2932.45361328125], "obj_id": 2}, {"cam_R_m2c": [-0.01409281324595213, 0.923810601234436, 0.3825903832912445, 0.5720908641815186, -0.3063633143901825, 0.7608242630958557, 0.8200691342353821, 0.22959862649440765, -0.5241860747337341], "cam_t_m2c": [676.4716796875, 113.27621459960938, 3390.525390625], "obj_id": 2}, {"cam_R_m2c": [0.5987855195999146, 0.10045546293258667, -0.7945845127105713, -0.7503546476364136, -0.27653101086616516, -0.6004149913787842, -0.2800423800945282, 0.9557399749755859, -0.09020545333623886], "cam_t_m2c": [-641.5364990234375, -184.34556579589844, 2609.362548828125], "obj_id": 0}, {"cam_R_m2c": [-0.590643584728241, 0.7041051983833313, -0.39417764544487, -0.712281346321106, -0.6844820976257324, -0.15536893904209137, -0.3792036175727844, 0.18899771571159363, 0.9058060050010681], "cam_t_m2c": [66.61854553222656, -339.5449523925781, 3868.324462890625], "obj_id": 1}, {"cam_R_m2c": [0.21299831569194794, 0.92564457654953, 0.31275197863578796, -0.34199026226997375, -0.22921694815158844, 0.9113188982009888, 0.9152454733848572, -0.3010675013065338, 0.2677386403083801], "cam_t_m2c": [-24.815399169921875, -186.618896484375, 2454.569580078125], "obj_id": 1}, {"cam_R_m2c": [-0.37725895643234253, -0.6564043164253235, -0.6533060669898987, 0.7202703356742859, 0.23546358942985535, -0.6525084972381592, 0.5821391940116882, -0.716721773147583, 0.38395795226097107], "cam_t_m2c": [629.0591430664062, -67.47105407714844, 2377.032470703125], "obj_id": 1}, {"cam_R_m2c": [-0.7506906986236572, 0.6049097180366516, -0.2656082510948181, 0.5578230619430542, 0.3649545907974243, -0.7454136610031128, -0.35397303104400635, -0.7077375054359436, -0.6114006042480469], "cam_t_m2c": [531.2871704101562, -338.24639892578125, 4002.03125], "obj_id": 0}, {"cam_R_m2c": [-0.035845134407281876, -0.4415496289730072, 0.8965205550193787, 0.728954017162323, -0.6252233982086182, -0.27878639101982117, 0.6836236119270325, 0.6435291171073914, 0.34428054094314575], "cam_t_m2c": [48.5506591796875, -103.25926208496094, 2667.550048828125], "obj_id": 1}, {"cam_R_m2c": [-0.8002046346664429, -0.3381017744541168, -0.4953380823135376, 0.40875720977783203, -0.9118545651435852, -0.037933219224214554, -0.4388509690761566, -0.2328273355960846, 0.8678717017173767], "cam_t_m2c": [-10.580892562866211, 235.38279724121094, 3465.206787109375], "obj_id": 0}, {"cam_R_m2c": [0.18707650899887085, -0.4205145239830017, -0.8877893686294556, -0.4809427857398987, -0.8272317051887512, 0.2904853820800781, -0.8565608263015747, 0.3726328909397125, -0.3569990396499634], "cam_t_m2c": [-208.55636596679688, -51.308868408203125, 2450.849853515625], "obj_id": 1}, {"cam_R_m2c": [0.43848496675491333, -0.3899494707584381, 0.8097347021102905, -0.6805744767189026, 0.44436997175216675, 0.5825406908988953, -0.5869831442832947, -0.8065201044082642, -0.07054009288549423], "cam_t_m2c": [494.90594482421875, -281.0458679199219, 3810.458251953125], "obj_id": 0}, {"cam_R_m2c": [-0.2535347640514374, 0.853205144405365, 0.4558081328868866, 0.8420740962028503, -0.037229087203741074, 0.5380753874778748, 0.4760580360889435, 0.5202450752258301, -0.7090230584144592], "cam_t_m2c": [-544.314208984375, 2.1578967571258545, 3454.2001953125], "obj_id": 0}, {"cam_R_m2c": [-0.7704885005950928, -0.4366304278373718, -0.46443599462509155, -0.47373753786087036, -0.09528100490570068, 0.8754963874816895, -0.426520437002182, 0.8945809602737427, -0.13343504071235657], "cam_t_m2c": [608.5110473632812, -70.34886169433594, 3891.442138671875], "obj_id": 2}, {"cam_R_m2c": [0.6039040088653564, -0.6413457989692688, 0.4732604920864105, 0.6651261448860168, 0.07830816507339478, -0.7426136136054993, 0.43921199440956116, 0.7632452845573425, 0.4738664925098419], "cam_t_m2c": [-579.784423828125, 367.8262939453125, 2940.91943359375], "obj_id": 2}, {"cam_R_m2c": [-0.4271138906478882, 0.7864561080932617, -0.4461616277694702, -0.28371214866638184, 0.35194918513298035, 0.8919860124588013, 0.8585340976715088, 0.5075612664222717, 0.07280490547418594], "cam_t_m2c": [49.33808898925781, -584.552734375, 3390.712646484375], "obj_id": 0}, {"cam_R_m2c": [0.05701832100749016, -0.9465768933296204, -0.31739726662635803, 0.010217104107141495, 0.3184511363506317, -0.9478841423988342, 0.9983208179473877, 0.05080382525920868, 0.027828864753246307], "cam_t_m2c": [-763.4212036132812, 147.62847900390625, 3043.534912109375], "obj_id": 0}, {"cam_R_m2c": [-0.1513816863298416, -0.8459678888320923, -0.5112943053245544, -0.7506392002105713, -0.23815983533859253, 0.6162959337234497, -0.6431363224983215, 0.47709348797798157, -0.5989636182785034], "cam_t_m2c": [-391.0810852050781, -16.67434310913086, 3546.414794921875], "obj_id": 0}, {"cam_R_m2c": [0.6282289028167725, -0.601823091506958, 0.49308961629867554, -0.5264806747436523, -0.7954607605934143, -0.3001002073287964, 0.5728407502174377, -0.07107052952051163, -0.8165796399116516], "cam_t_m2c": [340.13629150390625, 168.10491943359375, 3606.68994140625], "obj_id": 1}, {"cam_R_m2c": [0.15542227029800415, 0.49140679836273193, -0.8569498658180237, -0.1571739763021469, 0.8687422871589661, 0.4696628153324127, 0.9752641320228577, 0.06169420853257179, 0.21225827932357788], "cam_t_m2c": [-368.53118896484375, -499.9548034667969, 3708.13623046875], "obj_id": 2}, {"cam_R_m2c": [-0.9565905332565308, 0.03360329195857048, -0.28949102759361267, -0.2780003547668457, -0.40332841873168945, 0.8718037009239197, -0.08746451884508133, 0.9144379496574402, 0.39516210556030273], "cam_t_m2c": [-156.45616149902344, 286.4955749511719, 2818.572021484375], "obj_id": 2}, {"cam_R_m2c": [0.5028644800186157, 0.7195417881011963, -0.47894346714019775, -0.21192678809165955, -0.434550017118454, -0.8753588199615479, -0.8379822969436646, 0.5416877865791321, -0.06602949649095535], "cam_t_m2c": [309.3013610839844, -416.29119873046875, 4158.72607421875], "obj_id": 0}, {"cam_R_m2c": [0.364101380109787, 0.1340593844652176, 0.9216605424880981, 0.7685535550117493, -0.6022123098373413, -0.21602217853069305, 0.5260756015777588, 0.786999523639679, -0.3222980797290802], "cam_t_m2c": [606.4985961914062, -91.284912109375, 3750.50439453125], "obj_id": 1}, {"cam_R_m2c": [0.9595541954040527, 0.27783679962158203, 0.04541357234120369, 0.2742968797683716, -0.9589932560920715, 0.07136493176221848, 0.06337912380695343, -0.05602171644568443, -0.9964157938957214], "cam_t_m2c": [764.190673828125, 133.45408630371094, 2932.786376953125], "obj_id": 2}, {"cam_R_m2c": [-0.11371136456727982, 0.9934908151626587, -0.0067427074536681175, -0.4691666066646576, -0.05967892333865166, -0.8810907602310181, -0.8757580518722534, -0.09702667593955994, 0.47289904952049255], "cam_t_m2c": [116.40182495117188, -521.7750244140625, 3799.839111328125], "obj_id": 2}, {"cam_R_m2c": [-0.20041966438293457, -0.6342330574989319, -0.7467129230499268, -0.9613279104232788, 0.2742624580860138, 0.025073599070310593, 0.18889278173446655, 0.7228612899780273, -0.6646735668182373], "cam_t_m2c": [680.6536254882812, -419.78326416015625, 3131.942138671875], "obj_id": 2}, {"cam_R_m2c": [0.8542827367782593, 0.19985513389110565, 0.47985297441482544, 0.0882520079612732, -0.965496301651001, 0.2450067698955536, 0.5122621655464172, -0.1669570654630661, -0.8424444198608398], "cam_t_m2c": [511.4810485839844, 650.7086791992188, 2598.18408203125], "obj_id": 0}, {"cam_R_m2c": [0.3908589780330658, 0.4682212173938751, 0.7924632430076599, -0.8675969839096069, -0.10013622045516968, 0.4870811700820923, 0.3074161112308502, -0.8779188394546509, 0.367088258266449], "cam_t_m2c": [535.1360473632812, 331.9021911621094, 2626.303955078125], "obj_id": 2}, {"cam_R_m2c": [0.944668173789978, 0.307131826877594, 0.11520466953516006, 0.3236039876937866, -0.9300466179847717, -0.17405030131340027, 0.05368933454155922, 0.20170046389102936, -0.9779744744300842], "cam_t_m2c": [-45.419952392578125, 92.91561889648438, 3071.5869140625], "obj_id": 1}, {"cam_R_m2c": [0.14628095924854279, 0.946401059627533, 0.28797030448913574, 0.9460574388504028, -0.21890829503536224, 0.23886093497276306, 0.2890973389148712, 0.23749561607837677, -0.9273718595504761], "cam_t_m2c": [735.1613159179688, 100.96932983398438, 2746.343017578125], "obj_id": 0}, {"cam_R_m2c": [-0.3054131269454956, -0.24438640475273132, -0.920324981212616, 0.4161372780799866, 0.835070013999939, -0.3598441481590271, 0.8564768433570862, -0.4928826689720154, -0.153343066573143], "cam_t_m2c": [461.4874267578125, 587.8303833007812, 2611.506103515625], "obj_id": 0}, {"cam_R_m2c": [0.16629177331924438, -0.9017751216888428, -0.3989344537258148, -0.9631384611129761, -0.06178371608257294, -0.2618148922920227, 0.2114504873752594, 0.4277667701244354, -0.8788084387779236], "cam_t_m2c": [439.0122985839844, 366.45489501953125, 2850.4453125], "obj_id": 1}, {"cam_R_m2c": [-0.4681732952594757, 0.8647753000259399, 0.18159687519073486, 0.2702859342098236, 0.3358084261417389, -0.9023182392120361, -0.8412842750549316, -0.37335824966430664, -0.3909531235694885], "cam_t_m2c": [-263.7477722167969, -524.6693115234375, 3533.559814453125], "obj_id": 0}, {"cam_R_m2c": [0.6707770824432373, 0.6307125687599182, -0.3902047276496887, 0.11793354898691177, 0.4287234842777252, 0.8957052230834961, 0.7322224974632263, -0.6468367576599121, 0.21319569647312164], "cam_t_m2c": [-819.5762329101562, -158.59291076660156, 2953.010986328125], "obj_id": 1}, {"cam_R_m2c": [-0.5396052598953247, -0.6177076697349548, -0.5720692873001099, 0.3665183484554291, -0.78406822681427, 0.500900387763977, -0.7579514384269714, 0.060614585876464844, 0.649488627910614], "cam_t_m2c": [852.5916137695312, 270.7326965332031, 3454.2080078125], "obj_id": 1}, {"cam_R_m2c": [0.7975176572799683, 0.49349677562713623, 0.3470252454280853, -0.14699171483516693, -0.39893218874931335, 0.9051222205162048, 0.5851145386695862, -0.7728607654571533, -0.24561548233032227], "cam_t_m2c": [-155.88754272460938, -110.1055908203125, 3269.809814453125], "obj_id": 1}, {"cam_R_m2c": [-0.0451105572283268, -0.10722115635871887, 0.9932112097740173, 0.9552354216575623, 0.2863645553588867, 0.07430000603199005, -0.2923869490623474, 0.9521023631095886, 0.0895034447312355], "cam_t_m2c": [541.1660766601562, 239.33636474609375, 3149.506103515625], "obj_id": 1}, {"cam_R_m2c": [-0.02030601166188717, -0.32053935527801514, -0.9470174908638, -0.9950549006462097, -0.08563520759344101, 0.05032125487923622, -0.0972280278801918, 0.9433562755584717, -0.31721532344818115], "cam_t_m2c": [-1083.9501953125, -1.953810453414917, 3465.460693359375], "obj_id": 1}, {"cam_R_m2c": [-0.2957708537578583, 0.9458708167076111, -0.1335960179567337, -0.9495975971221924, -0.2759251594543457, 0.14876006543636322, 0.10384529829025269, 0.1708613634109497, 0.9798073768615723], "cam_t_m2c": [22.11908531188965, -19.605093002319336, 3951.67529296875], "obj_id": 0}, {"cam_R_m2c": [-0.7153191566467285, 0.11758484691381454, -0.6888338923454285, 0.13001881539821625, 0.9909238219261169, 0.03413400426506996, 0.6865954995155334, -0.06514466553926468, -0.7241150140762329], "cam_t_m2c": [-945.5904541015625, -515.3225708007812, 3029.64208984375], "obj_id": 2}, {"cam_R_m2c": [-0.888896107673645, 0.400663286447525, -0.2221091240644455, -0.14150451123714447, 0.22099028527736664, 0.9649558067321777, 0.43570631742477417, 0.8891749978065491, -0.1397416740655899], "cam_t_m2c": [657.37744140625, -110.7328109741211, 2881.080078125], "obj_id": 1}, {"cam_R_m2c": [0.5869755148887634, 0.7608008980751038, -0.2768424451351166, -0.7811039686203003, 0.4422430694103241, -0.44079211354255676, -0.21292337775230408, 0.47497689723968506, 0.8538504242897034], "cam_t_m2c": [-655.5349731445312, 545.2005004882812, 2832.14501953125], "obj_id": 0}, {"cam_R_m2c": [0.5166499018669128, 0.8276952505111694, 0.21907389163970947, 0.7990003824234009, -0.5580368041992188, 0.2240385115146637, 0.3076869249343872, 0.05929064378142357, -0.9496385455131531], "cam_t_m2c": [403.17559814453125, -98.95526123046875, 3763.991943359375], "obj_id": 0}, {"cam_R_m2c": [-0.08919153362512589, 0.9729945063591003, -0.21290023624897003, 0.6735843420028687, 0.21638384461402893, 0.7067263722419739, 0.7337090373039246, -0.08037222921848297, -0.6746934056282043], "cam_t_m2c": [138.06192016601562, -86.79150390625, 3134.94189453125], "obj_id": 2}, {"cam_R_m2c": [0.26191622018814087, -0.41660916805267334, -0.8705381751060486, 0.46630337834358215, -0.7351195812225342, 0.4920978546142578, -0.8449621200561523, -0.5348232984542847, 0.0017265641363337636], "cam_t_m2c": [-120.80487823486328, 378.9456481933594, 2746.460693359375], "obj_id": 1}, {"cam_R_m2c": [0.24111536145210266, 0.963089108467102, -0.1196771189570427, -0.9471744298934937, 0.2603965997695923, 0.18722735345363617, 0.21148015558719635, 0.06821173429489136, 0.9749991297721863], "cam_t_m2c": [-132.17227172851562, 377.9457092285156, 2361.72412109375], "obj_id": 0}, {"cam_R_m2c": [0.96734619140625, 0.25135281682014465, 0.03260518237948418, -0.2522020637989044, 0.9673466086387634, 0.02519320137798786, -0.025208132341504097, -0.03259364143013954, 0.9991507530212402], "cam_t_m2c": [178.1876983642578, -166.8476104736328, 2584.828369140625], "obj_id": 1}, {"cam_R_m2c": [-0.34284254908561707, -0.3308211863040924, 0.8792134523391724, 0.7657098770141602, -0.6406069397926331, 0.05754188075661659, 0.5441941618919373, 0.6929502487182617, 0.47294044494628906], "cam_t_m2c": [475.3589782714844, -363.67547607421875, 3568.00634765625], "obj_id": 2}]
}