{
  "0": [{"cam_R_m2c": [0.9583592414855957, 0.14763933420181274, 0.24443848431110382, 0.2853868007659912, -0.46490737795829773, -0.8381022810935974, -0.01009560376405716, 0.8729625940322876, -0.48768261075019836], "cam_t_m2c": [-3068.2294921875, -17144.994140625, -12595.9794921875], "obj_id": 1}, {"cam_R_m2c": [-0.30985140800476074, -0.716067373752594, 0.6254912614822388, -0.5537720918655396, 0.6706825494766235, 0.49347883462905884, -0.7728701829910278, -0.19347447156906128, -0.6043500900268555], "cam_t_m2c": [-85.33147430419922, 116.3812026977539, 622.9493408203125], "obj_id": 1}, {"cam_R_m2c": [-0.028389204293489456, -0.2027050256729126, -0.9788282513618469, 0.761376678943634, 0.6301016211509705, -0.15256981551647186, 0.6476879119873047, -0.7495883107185364, 0.1364467889070511], "cam_t_m2c": [1476.0047607421875, 1654.7320556640625, 1142.6055908203125], "obj_id": 0}, {"cam_R_m2c": [0.35501229763031006, -0.6514313817024231, -0.6705245971679688, 0.10556233674287796, -0.6847237944602966, 0.721116840839386, -0.9288824796676636, -0.32678744196891785, -0.1743185967206955], "cam_t_m2c": [1315.8441162109375, 1570.5247802734375, 1406.8931884765625], "obj_id": 1}],
  "1": [{"cam_R_m2c": [0.8581150770187378, -0.4976162016391754, 0.12655700743198395, -0.18770013749599457, -0.5334359407424927, -0.8247513175010681, 0.47791966795921326, 0.6839767098426819, -0.5511520504951477], "cam_t_m2c": [-2027.4197998046875, -12953.6962890625, -16595.28515625], "obj_id": 1}, {"cam_R_m2c": [-0.056497011333703995, -0.21249452233314514, 0.9755276441574097, -0.3002697825431824, 0.9354683756828308, 0.18637867271900177, -0.9521796703338623, -0.28239163756370544, -0.1166568472981453], "cam_t_m2c": [15.709224700927734, 147.30406188964844, 891.2647094726562], "obj_id": 1}, {"cam_R_m2c": [-0.0672406256198883, 0.45354628562927246, -0.8886924982070923, 0.6475144624710083, 0.6974901556968689, 0.3069731295108795, 0.7590807676315308, -0.5548001527786255, -0.34057745337486267], "cam_t_m2c": [1540.6090087890625, 759.2637939453125, 2432.16064453125], "obj_id": 0}, {"cam_R_m2c": [0.7848168015480042, -0.5965282320976257, -0.16797807812690735, -0.012719104066491127, -0.28649869561195374, 0.9579962491989136, -0.6195972561836243, -0.7497150897979736, -0.23243632912635803], "cam_t_m2c": [1251.1121826171875, 742.021484375, 2568.1376953125], "obj_id": 1}]
}