{
  "0": [{"cam_R_m2c": [0.06497230380773544, -0.9978687763214111, -0.006040793843567371, -0.6335569620132446, -0.036573030054569244, -0.7728311419487, 0.7709631323814392, 0.05403978005051613, -0.6345828771591187], "cam_t_m2c": [154.11009216308594, -112.86177062988281, 288.015869140625], "obj_id": 2}, {"cam_R_m2c": [0.06497230380773544, -0.9978687763214111, -0.006040793843567371, -0.6335569620132446, -0.036573030054569244, -0.7728311419487, 0.7709631323814392, 0.05403978005051613, -0.6345828771591187], "cam_t_m2c": [154.11009216308594, -112.86177062988281, 288.015869140625], "obj_id": 0}, {"cam_R_m2c": [0.06497230380773544, -0.9978687763214111, -0.006040793843567371, -0.6335569620132446, -0.036573030054569244, -0.7728311419487, 0.7709631323814392, 0.05403978005051613, -0.6345828771591187], "cam_t_m2c": [154.11009216308594, -112.86177062988281, 288.015869140625], "obj_id": 2}, {"cam_R_m2c": [0.06497230380773544, -0.9978687763214111, -0.006040793843567371, -0.6335569620132446, -0.036573030054569244, -0.7728311419487, 0.7709631323814392, 0.05403978005051613, -0.6345828771591187], "cam_t_m2c": [154.11009216308594, -112.86177062988281, 288.015869140625], "obj_id": 0}, {"cam_R_m2c": [0.06497230380773544, -0.9978687763214111, -0.006040793843567371, -0.6335569620132446, -0.036573030054569244, -0.7728311419487, 0.7709631323814392, 0.05403978005051613, -0.6345828771591187], "cam_t_m2c": [154.11009216308594, -112.86177062988281, 288.015869140625], "obj_id": 2}, {"cam_R_m2c": [0.06497230380773544, -0.9978687763214111, -0.006040793843567371, -0.6335569620132446, -0.036573030054569244, -0.7728311419487, 0.7709631323814392, 0.05403978005051613, -0.6345828771591187], "cam_t_m2c": [154.11009216308594, -112.86177062988281, 288.015869140625], "obj_id": 0}, {"cam_R_m2c": [0.06497230380773544, -0.9978687763214111, -0.006040793843567371, -0.6335569620132446, -0.036573030054569244, -0.7728311419487, 0.7709631323814392, 0.05403978005051613, -0.6345828771591187], "cam_t_m2c": [154.11009216308594, -112.86177062988281, 288.015869140625], "obj_id": 1}, {"cam_R_m2c": [0.06497230380773544, -0.9978687763214111, -0.006040793843567371, -0.6335569620132446, -0.036573030054569244, -0.7728311419487, 0.7709631323814392, 0.05403978005051613, -0.6345828771591187], "cam_t_m2c": [154.11009216308594, -112.86177062988281, 288.015869140625], "obj_id": 0}, {"cam_R_m2c": [0.06497230380773544, -0.9978687763214111, -0.006040793843567371, -0.6335569620132446, -0.036573030054569244, -0.7728311419487, 0.7709631323814392, 0.05403978005051613, -0.6345828771591187], "cam_t_m2c": [154.11009216308594, -112.86177062988281, 288.015869140625], "obj_id": 1}, {"cam_R_m2c": [0.06497230380773544, -0.9978687763214111, -0.006040793843567371, -0.6335569620132446, -0.036573030054569244, -0.7728311419487, 0.7709631323814392, 0.05403978005051613, -0.6345828771591187], "cam_t_m2c": [154.11009216308594, -112.86177062988281, 288.015869140625], "obj_id": 2}, {"cam_R_m2c": [0.06497230380773544, -0.9978687763214111, -0.006040793843567371, -0.6335569620132446, -0.036573030054569244, -0.7728311419487, 0.7709631323814392, 0.05403978005051613, -0.6345828771591187], "cam_t_m2c": [154.11009216308594, -112.86177062988281, 288.015869140625], "obj_id": 1}, {"cam_R_m2c": [0.06497230380773544, -0.9978687763214111, -0.006040793843567371, -0.6335569620132446, -0.036573030054569244, -0.7728311419487, 0.7709631323814392, 0.05403978005051613, -0.6345828771591187], "cam_t_m2c": [154.11009216308594, -112.86177062988281, 288.015869140625], "obj_id": 0}, {"cam_R_m2c": [0.06497230380773544, -0.9978687763214111, -0.006040793843567371, -0.6335569620132446, -0.036573030054569244, -0.7728311419487, 0.7709631323814392, 0.05403978005051613, -0.6345828771591187], "cam_t_m2c": [154.11009216308594, -112.86177062988281, 288.015869140625], "obj_id": 2}, {"cam_R_m2c": [0.06497230380773544, -0.9978687763214111, -0.006040793843567371, -0.6335569620132446, -0.036573030054569244, -0.7728311419487, 0.7709631323814392, 0.05403978005051613, -0.6345828771591187], "cam_t_m2c": [154.11009216308594, -112.86177062988281, 288.015869140625], "obj_id": 0}, {"cam_R_m2c": [0.06497230380773544, -0.9978687763214111, -0.006040793843567371, -0.6335569620132446, -0.036573030054569244, -0.7728311419487, 0.7709631323814392, 0.05403978005051613, -0.6345828771591187], "cam_t_m2c": [154.11009216308594, -112.86177062988281, 288.015869140625], "obj_id": 3}, {"cam_R_m2c": [0.06497230380773544, -0.9978687763214111, -0.006040793843567371, -0.6335569620132446, -0.036573030054569244, -0.7728311419487, 0.7709631323814392, 0.05403978005051613, -0.6345828771591187], "cam_t_m2c": [154.11009216308594, -112.86177062988281, 288.015869140625], "obj_id": 1}, {"cam_R_m2c": [0.06497230380773544, -0.9978687763214111, -0.006040793843567371, -0.6335569620132446, -0.036573030054569244, -0.7728311419487, 0.7709631323814392, 0.05403978005051613, -0.6345828771591187], "cam_t_m2c": [154.11009216308594, -112.86177062988281, 288.015869140625], "obj_id": 1}, {"cam_R_m2c": [0.06497230380773544, -0.9978687763214111, -0.006040793843567371, -0.6335569620132446, -0.036573030054569244, -0.7728311419487, 0.7709631323814392, 0.05403978005051613, -0.6345828771591187], "cam_t_m2c": [154.11009216308594, -112.86177062988281, 288.015869140625], "obj_id": 2}, {"cam_R_m2c": [0.06497230380773544, -0.9978687763214111, -0.006040793843567371, -0.6335569620132446, -0.036573030054569244, -0.7728311419487, 0.7709631323814392, 0.05403978005051613, -0.6345828771591187], "cam_t_m2c": [154.11009216308594, -112.86177062988281, 288.015869140625], "obj_id": 3}, {"cam_R_m2c": [0.06497230380773544, -0.9978687763214111, -0.006040793843567371, -0.6335569620132446, -0.036573030054569244, -0.7728311419487, 0.7709631323814392, 0.05403978005051613, -0.6345828771591187], "cam_t_m2c": [154.11009216308594, -112.86177062988281, 288.015869140625], "obj_id": 3}, {"cam_R_m2c": [0.06497230380773544, -0.9978687763214111, -0.006040793843567371, -0.6335569620132446, -0.036573030054569244, -0.7728311419487, 0.7709631323814392, 0.05403978005051613, -0.6345828771591187], "cam_t_m2c": [154.11009216308594, -112.86177062988281, 288.015869140625], "obj_id": 1}, {"cam_R_m2c": [0.06497230380773544, -0.9978687763214111, -0.006040793843567371, -0.6335569620132446, -0.036573030054569244, -0.7728311419487, 0.7709631323814392, 0.05403978005051613, -0.6345828771591187], "cam_t_m2c": [154.11009216308594, -112.86177062988281, 288.015869140625], "obj_id": 1}, {"cam_R_m2c": [0.06497230380773544, -0.9978687763214111, -0.006040793843567371, -0.6335569620132446, -0.036573030054569244, -0.7728311419487, 0.7709631323814392, 0.05403978005051613, -0.6345828771591187], "cam_t_m2c": [154.11009216308594, -112.86177062988281, 288.015869140625], "obj_id": 1}, {"cam_R_m2c": [0.06497230380773544, -0.9978687763214111, -0.006040793843567371, -0.6335569620132446, -0.036573030054569244, -0.7728311419487, 0.7709631323814392, 0.05403978005051613, -0.6345828771591187], "cam_t_m2c": [154.11009216308594, -112.86177062988281, 288.015869140625], "obj_id": 2}, {"cam_R_m2c": [0.506050705909729, -0.7242743372917175, -0.46833673119544983, -0.8612627983093262, -0.4534541666507721, -0.22935912013053894, -0.046250347048044205, 0.5194283723831177, -0.8532613515853882], "cam_t_m2c": [398.5848693847656, -245.39523315429688, 368.3034973144531], "obj_id": 0}, {"cam_R_m2c": [-0.7292692065238953, 0.35861340165138245, 0.5827202796936035, 0.3209642171859741, -0.5728368163108826, 0.7542148232460022, 0.6042751669883728, 0.7370579838752747, 0.30265012383461], "cam_t_m2c": [105.29412841796875, -14.526464462280273, 180.02944946289062], "obj_id": 0}, {"cam_R_m2c": [0.062253937125205994, 0.9933242201805115, 0.09711659699678421, 0.9560570120811462, -0.08728287369012833, 0.27988725900650024, 0.2864953875541687, 0.07542488723993301, -0.9551082849502563], "cam_t_m2c": [147.8188934326172, -234.5335235595703, 357.462646484375], "obj_id": 2}, {"cam_R_m2c": [-0.021256642416119576, 0.9964607357978821, -0.0813269317150116, -0.9293814897537231, -0.04967768117785454, -0.3657623529434204, -0.368507981300354, 0.0678088590502739, 0.9271482229232788], "cam_t_m2c": [-233.76637268066406, -64.27702331542969, 153.7470703125], "obj_id": 0}, {"cam_R_m2c": [0.33355018496513367, -0.9297916889190674, 0.15566495060920715, -0.9156208038330078, -0.28019607067108154, 0.2883200943470001, -0.2244609147310257, -0.238699272274971, -0.944796085357666], "cam_t_m2c": [179.6505584716797, 27.388307571411133, 131.94259643554688], "obj_id": 2}, {"cam_R_m2c": [-0.8118230700492859, -0.5658262968063354, 0.1441653072834015, -0.380164235830307, 0.6995935440063477, 0.6050156950950623, -0.44319093227386475, 0.4363592565059662, -0.7830531001091003], "cam_t_m2c": [-118.1136474609375, -48.11758804321289, 132.96624755859375], "obj_id": 1}, {"cam_R_m2c": [-0.713739275932312, -0.36855536699295044, 0.5956032872200012, 0.6803454756736755, -0.5668967366218567, 0.464497834444046, 0.1664523482322693, 0.7367463111877441, 0.6553613543510437], "cam_t_m2c": [-75.45687103271484, 22.74638557434082, 136.3571014404297], "obj_id": 0}, {"cam_R_m2c": [0.3335491120815277, -0.24619773030281067, 0.9100173711776733, -0.9156208038330078, 0.14523287117481232, 0.3748944401741028, -0.22446255385875702, -0.9582765698432922, -0.17698144912719727], "cam_t_m2c": [310.8724060058594, -165.1646728515625, 365.1964111328125], "obj_id": 2}],
  "1": [{"cam_R_m2c": [-0.8791384696960449, 0.47656410932540894, 0.0014575700042769313, 0.24292781949043274, 0.4507666230201721, -0.8589502573013306, -0.41000187397003174, -0.7547821402549744, -0.5120569467544556], "cam_t_m2c": [-281.2787170410156, -8.248409271240234, 695.5184936523438], "obj_id": 2}, {"cam_R_m2c": [-0.8791384696960449, 0.47656410932540894, 0.0014575700042769313, 0.24292781949043274, 0.4507666230201721, -0.8589502573013306, -0.41000187397003174, -0.7547821402549744, -0.5120569467544556], "cam_t_m2c": [-281.2787170410156, -8.248409271240234, 695.5184936523438], "obj_id": 0}, {"cam_R_m2c": [-0.8791384696960449, 0.47656410932540894, 0.0014575700042769313, 0.24292781949043274, 0.4507666230201721, -0.8589502573013306, -0.41000187397003174, -0.7547821402549744, -0.5120569467544556], "cam_t_m2c": [-281.2787170410156, -8.248409271240234, 695.5184936523438], "obj_id": 2}, {"cam_R_m2c": [-0.8791384696960449, 0.47656410932540894, 0.0014575700042769313, 0.24292781949043274, 0.4507666230201721, -0.8589502573013306, -0.41000187397003174, -0.7547821402549744, -0.5120569467544556], "cam_t_m2c": [-281.2787170410156, -8.248409271240234, 695.5184936523438], "obj_id": 0}, {"cam_R_m2c": [-0.8791384696960449, 0.47656410932540894, 0.0014575700042769313, 0.24292781949043274, 0.4507666230201721, -0.8589502573013306, -0.41000187397003174, -0.7547821402549744, -0.5120569467544556], "cam_t_m2c": [-281.2787170410156, -8.248409271240234, 695.5184936523438], "obj_id": 2}, {"cam_R_m2c": [-0.8791384696960449, 0.47656410932540894, 0.0014575700042769313, 0.24292781949043274, 0.4507666230201721, -0.8589502573013306, -0.41000187397003174, -0.7547821402549744, -0.5120569467544556], "cam_t_m2c": [-281.2787170410156, -8.248409271240234, 695.5184936523438], "obj_id": 0}, {"cam_R_m2c": [-0.8791384696960449, 0.47656410932540894, 0.0014575700042769313, 0.24292781949043274, 0.4507666230201721, -0.8589502573013306, -0.41000187397003174, -0.7547821402549744, -0.5120569467544556], "cam_t_m2c": [-281.2787170410156, -8.248409271240234, 695.5184936523438], "obj_id": 1}, {"cam_R_m2c": [-0.8791384696960449, 0.47656410932540894, 0.0014575700042769313, 0.24292781949043274, 0.4507666230201721, -0.8589502573013306, -0.41000187397003174, -0.7547821402549744, -0.5120569467544556], "cam_t_m2c": [-281.2787170410156, -8.248409271240234, 695.5184936523438], "obj_id": 0}, {"cam_R_m2c": [-0.8791384696960449, 0.47656410932540894, 0.0014575700042769313, 0.24292781949043274, 0.4507666230201721, -0.8589502573013306, -0.41000187397003174, -0.7547821402549744, -0.5120569467544556], "cam_t_m2c": [-281.2787170410156, -8.248409271240234, 695.5184936523438], "obj_id": 1}, {"cam_R_m2c": [-0.8791384696960449, 0.47656410932540894, 0.0014575700042769313, 0.24292781949043274, 0.4507666230201721, -0.8589502573013306, -0.41000187397003174, -0.7547821402549744, -0.5120569467544556], "cam_t_m2c": [-281.2787170410156, -8.248409271240234, 695.5184936523438], "obj_id": 2}, {"cam_R_m2c": [-0.8791384696960449, 0.47656410932540894, 0.0014575700042769313, 0.24292781949043274, 0.4507666230201721, -0.8589502573013306, -0.41000187397003174, -0.7547821402549744, -0.5120569467544556], "cam_t_m2c": [-281.2787170410156, -8.248409271240234, 695.5184936523438], "obj_id": 1}, {"cam_R_m2c": [-0.8791384696960449, 0.47656410932540894, 0.0014575700042769313, 0.24292781949043274, 0.4507666230201721, -0.8589502573013306, -0.41000187397003174, -0.7547821402549744, -0.5120569467544556], "cam_t_m2c": [-281.2787170410156, -8.248409271240234, 695.5184936523438], "obj_id": 0}, {"cam_R_m2c": [-0.8791384696960449, 0.47656410932540894, 0.0014575700042769313, 0.24292781949043274, 0.4507666230201721, -0.8589502573013306, -0.41000187397003174, -0.7547821402549744, -0.5120569467544556], "cam_t_m2c": [-281.2787170410156, -8.248409271240234, 695.5184936523438], "obj_id": 2}, {"cam_R_m2c": [-0.8791384696960449, 0.47656410932540894, 0.0014575700042769313, 0.24292781949043274, 0.4507666230201721, -0.8589502573013306, -0.41000187397003174, -0.7547821402549744, -0.5120569467544556], "cam_t_m2c": [-281.2787170410156, -8.248409271240234, 695.5184936523438], "obj_id": 0}, {"cam_R_m2c": [-0.8791384696960449, 0.47656410932540894, 0.0014575700042769313, 0.24292781949043274, 0.4507666230201721, -0.8589502573013306, -0.41000187397003174, -0.7547821402549744, -0.5120569467544556], "cam_t_m2c": [-281.2787170410156, -8.248409271240234, 695.5184936523438], "obj_id": 3}, {"cam_R_m2c": [-0.8791384696960449, 0.47656410932540894, 0.0014575700042769313, 0.24292781949043274, 0.4507666230201721, -0.8589502573013306, -0.41000187397003174, -0.7547821402549744, -0.5120569467544556], "cam_t_m2c": [-281.2787170410156, -8.248409271240234, 695.5184936523438], "obj_id": 1}, {"cam_R_m2c": [-0.8791384696960449, 0.47656410932540894, 0.0014575700042769313, 0.24292781949043274, 0.4507666230201721, -0.8589502573013306, -0.41000187397003174, -0.7547821402549744, -0.5120569467544556], "cam_t_m2c": [-281.2787170410156, -8.248409271240234, 695.5184936523438], "obj_id": 1}, {"cam_R_m2c": [-0.8791384696960449, 0.47656410932540894, 0.0014575700042769313, 0.24292781949043274, 0.4507666230201721, -0.8589502573013306, -0.41000187397003174, -0.7547821402549744, -0.5120569467544556], "cam_t_m2c": [-281.2787170410156, -8.248409271240234, 695.5184936523438], "obj_id": 2}, {"cam_R_m2c": [-0.8791384696960449, 0.47656410932540894, 0.0014575700042769313, 0.24292781949043274, 0.4507666230201721, -0.8589502573013306, -0.41000187397003174, -0.7547821402549744, -0.5120569467544556], "cam_t_m2c": [-281.2787170410156, -8.248409271240234, 695.5184936523438], "obj_id": 3}, {"cam_R_m2c": [-0.8791384696960449, 0.47656410932540894, 0.0014575700042769313, 0.24292781949043274, 0.4507666230201721, -0.8589502573013306, -0.41000187397003174, -0.7547821402549744, -0.5120569467544556], "cam_t_m2c": [-281.2787170410156, -8.248409271240234, 695.5184936523438], "obj_id": 3}, {"cam_R_m2c": [-0.8791384696960449, 0.47656410932540894, 0.0014575700042769313, 0.24292781949043274, 0.4507666230201721, -0.8589502573013306, -0.41000187397003174, -0.7547821402549744, -0.5120569467544556], "cam_t_m2c": [-281.2787170410156, -8.248409271240234, 695.5184936523438], "obj_id": 1}, {"cam_R_m2c": [-0.8791384696960449, 0.47656410932540894, 0.0014575700042769313, 0.24292781949043274, 0.4507666230201721, -0.8589502573013306, -0.41000187397003174, -0.7547821402549744, -0.5120569467544556], "cam_t_m2c": [-281.2787170410156, -8.248409271240234, 695.5184936523438], "obj_id": 1}, {"cam_R_m2c": [-0.8791384696960449, 0.47656410932540894, 0.0014575700042769313, 0.24292781949043274, 0.4507666230201721, -0.8589502573013306, -0.41000187397003174, -0.7547821402549744, -0.5120569467544556], "cam_t_m2c": [-281.2787170410156, -8.248409271240234, 695.5184936523438], "obj_id": 1}, {"cam_R_m2c": [-0.8791384696960449, 0.47656410932540894, 0.0014575700042769313, 0.24292781949043274, 0.4507666230201721, -0.8589502573013306, -0.41000187397003174, -0.7547821402549744, -0.5120569467544556], "cam_t_m2c": [-281.2787170410156, -8.248409271240234, 695.5184936523438], "obj_id": 2}, {"cam_R_m2c": [-0.703090488910675, -0.19751164317131042, 0.6831198334693909, -0.6769821643829346, 0.47990915179252625, -0.5580164194107056, -0.21762071549892426, -0.8547960519790649, -0.4711313843727112], "cam_t_m2c": [-535.288818359375, -117.72775268554688, 780.7962646484375], "obj_id": 0}, {"cam_R_m2c": [0.1667167693376541, -0.9807223081588745, -0.10192780941724777, 0.9283770322799683, 0.12130898237228394, 0.3512837290763855, -0.3321470320224762, -0.15319232642650604, 0.9307042956352234], "cam_t_m2c": [-131.81881713867188, -20.508798599243164, 730.52294921875], "obj_id": 0}, {"cam_R_m2c": [0.2945384383201599, -0.6253654360771179, 0.7226100564002991, 0.6618471741676331, -0.41196298599243164, -0.6262946724891663, 0.6893515586853027, 0.6627252697944641, 0.2925572991371155], "cam_t_m2c": [-388.7846984863281, -13.034932136535645, 605.5962524414062], "obj_id": 2}, {"cam_R_m2c": [-0.24846360087394714, -0.6018155813217163, -0.7590019106864929, -0.7283267378807068, -0.40051567554473877, 0.5559923052787781, -0.6385969519615173, 0.6909452080726624, -0.33880481123924255], "cam_t_m2c": [39.16498565673828, 80.45489501953125, 449.9898986816406], "obj_id": 0}, {"cam_R_m2c": [-0.5241081714630127, 0.5002728700637817, 0.6892299652099609, -0.7646860480308533, 0.0798397958278656, -0.6394380331039429, -0.3749215304851532, -0.8621791005134583, 0.34070685505867004], "cam_t_m2c": [-117.4601058959961, -68.10179138183594, 814.943359375], "obj_id": 2}, {"cam_R_m2c": [0.5171319246292114, 0.3931608498096466, 0.7602625489234924, -0.17481979727745056, 0.9180481433868408, -0.35584506392478943, -0.837861955165863, 0.051109883934259415, 0.5434842705726624], "cam_t_m2c": [-0.17092828452587128, 23.107303619384766, 546.0756225585938], "obj_id": 1}, {"cam_R_m2c": [0.6378239989280701, -0.5899743437767029, -0.4950866103172302, 0.7677357196807861, 0.43583858013153076, 0.46970897912979126, -0.06133845075964928, -0.6796873211860657, 0.7309327125549316], "cam_t_m2c": [13.047913551330566, 42.34694290161133, 625.4979248046875], "obj_id": 0}, {"cam_R_m2c": [-0.5241062641143799, 0.8350526690483093, -0.16733060777187347, -0.7646867632865906, -0.5479099750518799, -0.33918818831443787, -0.37492212653160095, -0.04981517046689987, 0.9257169365882874], "cam_t_m2c": [-443.33917236328125, -42.87684631347656, 771.703369140625], "obj_id": 2}]
}