{
  "0": [{"cam_R_m2c": [0.8786240220069885, -0.1556287705898285, 0.45144158601760864, 0.44590073823928833, -0.07087160646915436, -0.8922721147537231, 0.17085765302181244, 0.9852699041366577, 0.007125501986593008], "cam_t_m2c": [367.77374267578125, -111.52159881591797, 589.05419921875], "obj_id": 3}, {"cam_R_m2c": [0.2505575716495514, -0.26404666900634766, 0.9313969016075134, -0.9656577110290527, -0.13648517429828644, 0.2210811972618103, 0.0687461644411087, -0.9548041820526123, -0.2891760766506195], "cam_t_m2c": [109.88156127929688, -151.17727661132812, 442.7420349121094], "obj_id": 3}, {"cam_R_m2c": [0.655150830745697, 0.17479842901229858, -0.7349985837936401, 0.17150188982486725, 0.9130584597587585, 0.37001535296440125, 0.7357747554779053, -0.3684695065021515, 0.5682126879692078], "cam_t_m2c": [103.78202056884766, 55.721195220947266, 476.12255859375], "obj_id": 3}, {"cam_R_m2c": [-0.48132696747779846, -0.2348880022764206, 0.8444832563400269, -0.8749052286148071, 0.06990868598222733, -0.47922182083129883, 0.053526751697063446, -0.969505250453949, -0.239153653383255], "cam_t_m2c": [134.1913299560547, -204.02679443359375, 454.8064270019531], "obj_id": 3}, {"cam_R_m2c": [-0.5125679969787598, 0.26373717188835144, -0.8171391487121582, 0.6695155501365662, -0.47308534383773804, -0.5726594924926758, -0.5376083254814148, -0.8406144380569458, 0.06591248512268066], "cam_t_m2c": [192.2475128173828, -302.4935302734375, 544.9747924804688], "obj_id": 3}, {"cam_R_m2c": [-0.16856320202350616, 0.41473957896232605, -0.8941908478736877, 0.9543416500091553, -0.15829932689666748, -0.253324031829834, -0.24661344289779663, -0.896064817905426, -0.36911970376968384], "cam_t_m2c": [271.4690246582031, -117.29609680175781, 730.6764526367188], "obj_id": 3}, {"cam_R_m2c": [0.17409442365169525, 0.8532401323318481, 0.49160173535346985, 0.38200950622558594, -0.518648624420166, 0.7649000287055969, 0.9076120853424072, 0.05463176593184471, -0.41623958945274353], "cam_t_m2c": [326.62481689453125, -10.852054595947266, 732.6499633789062], "obj_id": 3}, {"cam_R_m2c": [-0.22709660232067108, 0.24808409810066223, -0.9417437314987183, -0.07609791308641434, 0.9595324993133545, 0.2711208164691925, 0.970894455909729, 0.1332353800535202, -0.199027881026268], "cam_t_m2c": [389.1280517578125, -95.3526382446289, 622.3609619140625], "obj_id": 3}, {"cam_R_m2c": [-0.6155713200569153, 0.7447128295898438, 0.25782668590545654, -0.735444962978363, -0.6604028344154358, 0.15161995589733124, 0.283182829618454, -0.09628444910049438, 0.9542205333709717], "cam_t_m2c": [110.20757293701172, -185.71566772460938, 375.8655700683594], "obj_id": 3}, {"cam_R_m2c": [-0.49116331338882446, -0.8699294924736023, 0.0445096530020237, -0.8512184619903564, 0.4901903569698334, 0.18745796382427216, -0.1848934292793274, 0.05418505147099495, -0.9812635779380798], "cam_t_m2c": [119.48713684082031, -112.47693634033203, 500.63616943359375], "obj_id": 3}, {"cam_R_m2c": [-0.9350962042808533, 0.12480360269546509, -0.331691175699234, 0.33504030108451843, 0.006258840672671795, -0.9421829581260681, -0.11551184952259064, -0.9921616911888123, -0.047666776925325394], "cam_t_m2c": [111.4126205444336, 98.76460266113281, 692.9381103515625], "obj_id": 3}, {"cam_R_m2c": [0.34582871198654175, 0.9371628761291504, -0.04613237455487251, 0.7195914387702942, -0.23334692418575287, 0.6540163159370422, 0.6021549701690674, -0.25937408208847046, -0.7550724744796753], "cam_t_m2c": [252.066162109375, -65.86988067626953, 705.0685424804688], "obj_id": 3}, {"cam_R_m2c": [0.6128564476966858, 0.7485808730125427, 0.25304877758026123, -0.6899533867835999, 0.3508286476135254, 0.6331536769866943, 0.3851899802684784, -0.5626242160797119, 0.7314934730529785], "cam_t_m2c": [432.5584411621094, -21.64150619506836, 728.2763061523438], "obj_id": 3}, {"cam_R_m2c": [-0.6327101588249207, 0.4519156217575073, -0.6288483738899231, 0.05588051676750183, 0.8365849852561951, 0.5449798107147217, 0.7723699808120728, 0.30967384576797485, -0.5545691251754761], "cam_t_m2c": [486.9410400390625, -56.12165069580078, 683.6279907226562], "obj_id": 3}, {"cam_R_m2c": [0.8398801684379578, -0.42898160219192505, 0.33252978324890137, 0.28261598944664, 0.8686835765838623, 0.4068378508090973, -0.4633890986442566, -0.24771682918071747, 0.8508272171020508], "cam_t_m2c": [175.78936767578125, 30.67203712463379, 709.8055419921875], "obj_id": 3}, {"cam_R_m2c": [-0.07763422280550003, -0.7433480024337769, 0.6643844842910767, -0.9960901141166687, 0.029651550576090813, -0.08321864157915115, 0.04216034710407257, -0.668247401714325, -0.7427436113357544], "cam_t_m2c": [129.27786254882812, -117.01383972167969, 751.4305419921875], "obj_id": 3}, {"cam_R_m2c": [0.5066458582878113, 0.8248624205589294, 0.25082242488861084, -0.8555036783218384, 0.44492658972740173, 0.2648654282093048, 0.10687998682260513, -0.34877249598503113, 0.9310930967330933], "cam_t_m2c": [188.38174438476562, -9.980297088623047, 382.3360900878906], "obj_id": 3}, {"cam_R_m2c": [-0.9121726751327515, -0.38429075479507446, -0.14234274625778198, -0.3201471269130707, 0.45140504837036133, 0.8329101204872131, -0.2558254599571228, 0.8053285479545593, -0.5347888469696045], "cam_t_m2c": [355.8583984375, 15.238224029541016, 657.0596313476562], "obj_id": 3}, {"cam_R_m2c": [0.24642536044120789, -0.6823277473449707, 0.6882610321044922, 0.06123396009206772, 0.7197040319442749, 0.6915753483772278, -0.9672253131866455, -0.12827672064304352, 0.21913497149944305], "cam_t_m2c": [65.0765380859375, -40.3831901550293, 367.34320068359375], "obj_id": 3}, {"cam_R_m2c": [-0.9599796533584595, -0.10810989141464233, -0.25836241245269775, 0.16081896424293518, 0.5424715280532837, -0.8245373368263245, 0.22929491102695465, -0.833088755607605, -0.5033754706382751], "cam_t_m2c": [318.0458984375, 80.17871856689453, 367.1756591796875], "obj_id": 3}, {"cam_R_m2c": [-0.7299805879592896, 0.3204200863838196, -0.6037046313285828, 0.19302824139595032, 0.9439899325370789, 0.26762500405311584, 0.6556435227394104, 0.07882902026176453, -0.7509444355964661], "cam_t_m2c": [186.59884643554688, -297.5785217285156, 400.414794921875], "obj_id": 3}, {"cam_R_m2c": [-0.7353342175483704, 0.5808886885643005, 0.34907305240631104, 0.48606282472610474, 0.8109859228134155, -0.3256451487541199, -0.47225692868232727, -0.06978658586740494, -0.8786941170692444], "cam_t_m2c": [246.1477813720703, 110.8252944946289, 501.51275634765625], "obj_id": 3}, {"cam_R_m2c": [-0.3760228455066681, 0.7168388962745667, 0.5871530771255493, -0.831085741519928, 0.0193039383739233, -0.5558091402053833, -0.4097599983215332, -0.6969715356826782, 0.5884959101676941], "cam_t_m2c": [348.2113952636719, 15.585078239440918, 749.2553100585938], "obj_id": 3}, {"cam_R_m2c": [-0.5979008078575134, -0.7650131583213806, 0.2393101453781128, 0.12732547521591187, 0.20411904156208038, 0.9706305265426636, -0.7913929224014282, 0.6108111143112183, -0.024637218564748764], "cam_t_m2c": [331.086669921875, -74.79432678222656, 759.9201049804688], "obj_id": 3}, {"cam_R_m2c": [-0.4887893497943878, -0.3280400335788727, 0.8083774447441101, 0.7146332859992981, 0.38092052936553955, 0.5866843461990356, -0.5003834366798401, 0.8644587993621826, 0.04823867231607437], "cam_t_m2c": [370.635009765625, -1.618208408355713, 691.6626586914062], "obj_id": 3}, {"cam_R_m2c": [-0.5248293280601501, 0.31964823603630066, 0.7889100909233093, 0.4946231544017792, 0.8688040375709534, -0.02296701818704605, -0.6927496194839478, 0.37815943360328674, -0.6140792369842529], "cam_t_m2c": [313.9832458496094, -205.29408264160156, 389.0570068359375], "obj_id": 3}, {"cam_R_m2c": [-0.7728528380393982, 0.23966778814792633, 0.5875862240791321, -0.48083165287971497, 0.3830919563770294, -0.7886959910392761, -0.41412457823753357, -0.8920761346817017, -0.18083378672599792], "cam_t_m2c": [302.230224609375, 69.35389709472656, 535.1530151367188], "obj_id": 3}, {"cam_R_m2c": [-0.9111757278442383, 0.37914803624153137, -0.1612618863582611, 0.40476709604263306, 0.7506245970726013, -0.5222319960594177, -0.07695610821247101, -0.5411186814308167, -0.8374175429344177], "cam_t_m2c": [106.03984832763672, 96.62842559814453, 380.21429443359375], "obj_id": 3}, {"cam_R_m2c": [0.31394636631011963, 0.44509831070899963, 0.838644802570343, -0.8662807941436768, 0.4958001971244812, 0.06115324795246124, -0.3885810375213623, -0.7457007169723511, 0.5412348508834839], "cam_t_m2c": [118.513427734375, 148.3816680908203, 724.733154296875], "obj_id": 1}, {"cam_R_m2c": [0.14855387806892395, -0.12946546077728271, -0.9803929924964905, 0.9320207834243774, 0.3497202694416046, 0.09504210948944092, 0.3305586576461792, -0.9278655052185059, 0.17261679470539093], "cam_t_m2c": [224.51278686523438, -227.876708984375, 524.1531982421875], "obj_id": 1}, {"cam_R_m2c": [-0.4264622926712036, -0.1144619956612587, 0.8972336649894714, 0.2227526754140854, -0.9746999740600586, -0.01846841163933277, 0.8766476511955261, 0.1919851154088974, 0.4411696195602417], "cam_t_m2c": [404.0299987792969, -41.591453552246094, 606.1895141601562], "obj_id": 1}, {"cam_R_m2c": [-0.03561725094914436, -0.9348047971725464, 0.35337111353874207, -0.026424329727888107, 0.3543528616428375, 0.934738278388977, -0.9990159869194031, 0.023955315351486206, -0.037322599440813065], "cam_t_m2c": [247.7361602783203, -260.3395690917969, 412.8262023925781], "obj_id": 1}, {"cam_R_m2c": [0.8122368454933167, 0.02218730002641678, 0.582905650138855, 0.4989120662212372, 0.4913580119609833, -0.7139005661010742, -0.302254855632782, 0.8706750273704529, 0.3880295753479004], "cam_t_m2c": [175.36766052246094, 158.7525177001953, 731.7521362304688], "obj_id": 1}, {"cam_R_m2c": [0.10057316720485687, -0.3528227210044861, -0.9302694797515869, 0.7017580270767212, -0.6376493573188782, 0.3177092373371124, -0.7052806615829468, -0.684777021408081, 0.18346567451953888], "cam_t_m2c": [256.92388916015625, 210.4157257080078, 474.1795959472656], "obj_id": 1}, {"cam_R_m2c": [0.4675711691379547, 0.8713823556900024, 0.14855939149856567, -0.8641750812530518, 0.4152522683143616, 0.2841951251029968, 0.1859530210494995, -0.26126277446746826, 0.9471870064735413], "cam_t_m2c": [285.6993103027344, 163.8108673095703, 729.0650634765625], "obj_id": 1}, {"cam_R_m2c": [-0.08006621152162552, 0.6578807830810547, -0.748853862285614, -0.995101809501648, -0.009055788628757, 0.09843901544809341, 0.05797961354255676, 0.7530674934387207, 0.6553835868835449], "cam_t_m2c": [104.2585678100586, -120.85424041748047, 506.9335632324219], "obj_id": 1}, {"cam_R_m2c": [-0.6397302746772766, -0.1600065380334854, -0.7517598271369934, -0.6247991323471069, -0.46137285232543945, 0.6298896074295044, -0.44762811064720154, 0.8726584315299988, 0.1951824277639389], "cam_t_m2c": [133.6669921875, -9.147104263305664, 449.34619140625], "obj_id": 1}, {"cam_R_m2c": [-0.9032130241394043, -0.11406060308218002, 0.41375818848609924, 0.4121287167072296, 0.038633111864328384, 0.9103060364723206, -0.11981478333473206, 0.99272221326828, 0.01211398933082819], "cam_t_m2c": [139.9996337890625, 167.00070190429688, 699.654541015625], "obj_id": 1}, {"cam_R_m2c": [-0.5972313284873962, -0.7430016398429871, 0.3020978569984436, -0.4304048418998718, -0.020941613242030144, -0.9023929238319397, 0.6768059134483337, -0.668961763381958, -0.30728447437286377], "cam_t_m2c": [376.5684509277344, -140.39732360839844, 547.0796508789062], "obj_id": 1}, {"cam_R_m2c": [0.2567271888256073, 0.8740466833114624, 0.41247230768203735, 0.9002432823181152, -0.3715376853942871, 0.2269837111234665, 0.351643443107605, 0.31305256485939026, -0.882238507270813], "cam_t_m2c": [153.79640197753906, -143.471435546875, 687.2317504882812], "obj_id": 1}, {"cam_R_m2c": [0.8374114036560059, -0.5452753901481628, -0.037641990929841995, 0.5399155616760254, 0.8359635472297668, -0.09826561063528061, 0.08504915237426758, 0.06196524202823639, 0.9944480657577515], "cam_t_m2c": [258.8978576660156, 240.75132751464844, 709.9730224609375], "obj_id": 1}, {"cam_R_m2c": [0.4379746615886688, 0.2791822552680969, -0.8545382022857666, 0.2102569341659546, 0.8923815488815308, 0.399308443069458, 0.8740538954734802, -0.3545595407485962, 0.3321404755115509], "cam_t_m2c": [86.728759765625, 21.3961181640625, 358.6538391113281], "obj_id": 1}, {"cam_R_m2c": [-0.7763671875, 0.17134952545166016, -0.6065419316291809, 0.629941463470459, 0.2425192892551422, -0.7378062009811401, 0.02067532204091549, -0.9548945426940918, -0.29622411727905273], "cam_t_m2c": [279.5770568847656, -133.94110107421875, 760.4232177734375], "obj_id": 1}, {"cam_R_m2c": [-0.2569067180156708, 0.0055977581068873405, -0.9664199352264404, 0.19574463367462158, 0.9795584082603455, -0.046361614018678665, 0.9464052319526672, -0.20108212530612946, -0.25275087356567383], "cam_t_m2c": [220.22515869140625, -186.13162231445312, 645.1668090820312], "obj_id": 1}, {"cam_R_m2c": [-0.1707083135843277, 0.9064201712608337, 0.38634341955184937, 0.9655064344406128, 0.0756407380104065, 0.24915039539337158, 0.19661161303520203, 0.41554906964302063, -0.8880670070648193], "cam_t_m2c": [371.7577819824219, -0.8762273788452148, 641.8027954101562], "obj_id": 1}, {"cam_R_m2c": [0.4458543658256531, 0.8943740725517273, 0.03617829829454422, -0.8444352746009827, 0.4068658649921417, 0.348409503698349, 0.29688870906829834, -0.18589012324810028, 0.9366439580917358], "cam_t_m2c": [222.8349609375, -31.870643615722656, 751.0403442382812], "obj_id": 1}, {"cam_R_m2c": [-0.584135115146637, -0.6536677479743958, -0.48114919662475586, 0.4247932732105255, -0.7513377070426941, 0.5050170421600342, -0.6916189193725586, 0.09060925990343094, 0.7165564894676208], "cam_t_m2c": [274.7099914550781, -137.1552276611328, 671.7048950195312], "obj_id": 1}, {"cam_R_m2c": [0.7215539813041687, -0.21548686921596527, 0.6579705476760864, -0.6869640946388245, -0.34121957421302795, 0.6415990591049194, 0.08625631034374237, -0.9149504899978638, -0.3942400813102722], "cam_t_m2c": [80.93809509277344, -156.20069885253906, 374.27069091796875], "obj_id": 1}, {"cam_R_m2c": [-0.1131419762969017, 0.6166123151779175, -0.779094398021698, -0.06776702404022217, -0.7870924472808838, -0.613101065158844, -0.991265058517456, -0.01657058671116829, 0.1308392584323883], "cam_t_m2c": [146.26571655273438, 82.51602172851562, 477.1400146484375], "obj_id": 1}, {"cam_R_m2c": [-0.43402254581451416, -0.07756999135017395, 0.8975561857223511, -0.1167258471250534, -0.9830463528633118, -0.14140236377716064, 0.8933080434799194, -0.16613984107971191, 0.4176100790500641], "cam_t_m2c": [294.65771484375, -13.463254928588867, 528.3104858398438], "obj_id": 1}, {"cam_R_m2c": [-0.8553198575973511, 0.20066507160663605, 0.47766268253326416, 0.40122613310813904, -0.3267506957054138, 0.8557170629501343, 0.3277890980243683, 0.9235624670982361, 0.1989641785621643], "cam_t_m2c": [34.316795349121094, -38.546913146972656, 484.0122985839844], "obj_id": 1}, {"cam_R_m2c": [-0.6334288716316223, 0.6564633846282959, 0.4096629321575165, 0.2579503655433655, 0.6782718300819397, -0.6880471706390381, -0.7295405864715576, -0.33015623688697815, -0.5989719033241272], "cam_t_m2c": [166.24673461914062, -173.13954162597656, 439.4385070800781], "obj_id": 1}, {"cam_R_m2c": [-0.7700387835502625, 0.6033887267112732, 0.2072737216949463, -0.6344103813171387, -0.7585743069648743, -0.14862190186977386, 0.0675557479262352, -0.24594122171401978, 0.966927707195282], "cam_t_m2c": [-11.692811965942383, -46.25157928466797, 513.7083129882812], "obj_id": 1}, {"cam_R_m2c": [-0.006283892318606377, 0.7533256411552429, 0.6576177477836609, 0.8225773572921753, 0.37784242630004883, -0.4249725043773651, -0.5686185359954834, 0.5382710099220276, -0.6220429539680481], "cam_t_m2c": [44.06033706665039, -7.526675224304199, 496.7782897949219], "obj_id": 1}, {"cam_R_m2c": [-0.3699842393398285, 0.5637039542198181, -0.7384777665138245, 0.4608916640281677, -0.5788030028343201, -0.6727301478385925, -0.8066538572311401, -0.5892578363418579, -0.04565839469432831], "cam_t_m2c": [283.9352722167969, -61.34550094604492, 697.9742431640625], "obj_id": 1}, {"cam_R_m2c": [0.49455511569976807, -0.8594868183135986, 0.12921881675720215, -0.7584571838378906, -0.4993801414966583, -0.41876229643821716, 0.4244500696659088, 0.10909406840801239, -0.8988549113273621], "cam_t_m2c": [326.828369140625, 112.58846282958984, 539.1088256835938], "obj_id": 1}, {"cam_R_m2c": [0.23242495954036713, -0.9574464559555054, 0.17109864950180054, 0.7227173447608948, 0.2877401113510132, 0.6283988356590271, -0.6508902311325073, -0.022399554029107094, 0.7588412761688232], "cam_t_m2c": [384.861083984375, 22.874916076660156, 470.6434631347656], "obj_id": 1}, {"cam_R_m2c": [-0.6729530692100525, -0.6275438666343689, -0.39156442880630493, 0.12088921666145325, -0.6155575513839722, 0.7787647843360901, -0.7297395467758179, 0.47673630714416504, 0.4901047348976135], "cam_t_m2c": [155.42977905273438, 29.127822875976562, 512.6203002929688], "obj_id": 1}, {"cam_R_m2c": [0.4020765721797943, 0.30918774008750916, -0.8618220686912537, 0.7576972246170044, 0.4160747230052948, 0.5027690529823303, 0.5140323638916016, -0.855151891708374, -0.06697678565979004], "cam_t_m2c": [227.31378173828125, -52.89585876464844, 383.7559509277344], "obj_id": 1}, {"cam_R_m2c": [-0.5161853432655334, -0.8409516215324402, -0.16233637928962708, -0.7610507607460022, 0.5373040437698364, -0.3634640574455261, 0.3928796947002411, -0.06406860053539276, -0.9173553586006165], "cam_t_m2c": [245.74278259277344, -183.77957153320312, 681.857177734375], "obj_id": 1}, {"cam_R_m2c": [-0.205035999417305, 0.2850646376609802, -0.9363216757774353, -0.9503744840621948, 0.17071303725242615, 0.26008716225624084, 0.23398394882678986, 0.9431835412979126, 0.2359158843755722], "cam_t_m2c": [115.23745727539062, -150.5142822265625, 698.7920532226562], "obj_id": 1}, {"cam_R_m2c": [-0.7924897074699402, 0.4508429765701294, -0.4107316732406616, 0.1850372850894928, 0.8194522261619568, 0.5424566268920898, 0.5811377763748169, 0.35389065742492676, -0.7328302264213562], "cam_t_m2c": [358.33270263671875, -14.933002471923828, 636.3494262695312], "obj_id": 1}, {"cam_R_m2c": [0.6121605038642883, 0.7858901023864746, 0.08738560974597931, 0.7663799524307251, -0.5624567270278931, -0.31032896041870117, -0.19473384320735931, 0.25694170594215393, -0.9466041922569275], "cam_t_m2c": [296.7857971191406, -123.2191162109375, 419.73052978515625], "obj_id": 1}, {"cam_R_m2c": [-0.15153072774410248, 0.6294383406639099, 0.7621324062347412, 0.36705121397972107, -0.6800729036331177, 0.6346449851989746, 0.9177754521369934, 0.37590986490249634, -0.12798412144184113], "cam_t_m2c": [88.34336853027344, 58.797367095947266, 411.13824462890625], "obj_id": 1}, {"cam_R_m2c": [-0.27021172642707825, 0.2198246270418167, 0.9373700022697449, 0.8499106764793396, 0.5118966698646545, 0.12495431303977966, -0.45236849784851074, 0.8304449915885925, -0.3251517415046692], "cam_t_m2c": [269.8619079589844, -44.00970458984375, 735.1925659179688], "obj_id": 1}, {"cam_R_m2c": [-0.34315022826194763, -0.6345487833023071, -0.6925283074378967, -0.7070167064666748, -0.3108936548233032, 0.6351946592330933, -0.6183648109436035, 0.7075964212417603, -0.34195324778556824], "cam_t_m2c": [4.457369327545166, 25.34687042236328, 535.09765625], "obj_id": 1}, {"cam_R_m2c": [-0.48232150077819824, 0.8502818942070007, 0.21068184077739716, 0.7839319705963135, 0.5262897610664368, -0.3293475806713104, -0.39091798663139343, 0.006308821961283684, -0.9204040169715881], "cam_t_m2c": [86.14292907714844, -201.5985107421875, 404.9266052246094], "obj_id": 1}, {"cam_R_m2c": [-0.5297358632087708, 0.7453721761703491, 0.40472230315208435, 0.1349460333585739, 0.5451656579971313, -0.8273958563804626, -0.8373585939407349, -0.3836856186389923, -0.3893788158893585], "cam_t_m2c": [132.6537322998047, 50.76838684082031, 396.4706115722656], "obj_id": 1}, {"cam_R_m2c": [0.8992293477058411, -0.2747957110404968, 0.3404025733470917, 0.42053917050361633, 0.7573893070220947, -0.4995080232620239, -0.1205546036362648, 0.5923248529434204, 0.7966290712356567], "cam_t_m2c": [303.0712890625, 51.75597381591797, 630.30859375], "obj_id": 1}, {"cam_R_m2c": [-0.8619425296783447, -0.16560620069503784, -0.4791967570781708, 0.46183323860168457, -0.6464448571205139, -0.6073046922683716, -0.2092008739709854, -0.7447707653045654, 0.6336808800697327], "cam_t_m2c": [211.36614990234375, -42.214500427246094, 527.1563110351562], "obj_id": 1}, {"cam_R_m2c": [-0.5016202926635742, -0.3183843493461609, -0.8043681383132935, 0.7333431839942932, 0.3367282748222351, -0.5906112790107727, 0.458894819021225, -0.8861406445503235, 0.0645754337310791], "cam_t_m2c": [194.4493408203125, -180.8173370361328, 490.60211181640625], "obj_id": 1}, {"cam_R_m2c": [-0.9819746017456055, -0.09695042669773102, -0.1622546911239624, 0.05730084702372551, -0.9707289934158325, 0.23324206471443176, -0.18011824786663055, 0.21974043548107147, 0.9587864875793457], "cam_t_m2c": [284.2308044433594, 25.51783561706543, 675.7879028320312], "obj_id": 1}, {"cam_R_m2c": [0.7298535704612732, -0.3841760456562042, -0.5654401183128357, 0.2882261276245117, -0.5770924687385559, 0.7641268968582153, -0.6198704838752747, -0.7206753492355347, -0.31046342849731445], "cam_t_m2c": [241.26039123535156, 149.56967163085938, 664.682373046875], "obj_id": 1}, {"cam_R_m2c": [-0.45431050658226013, -0.47108346223831177, 0.7560966610908508, -0.6433597803115845, 0.7605701088905334, 0.08729945868253708, -0.6161898374557495, -0.4467811584472656, -0.6486111879348755], "cam_t_m2c": [159.09829711914062, -138.95584106445312, 436.82501220703125], "obj_id": 1}, {"cam_R_m2c": [0.6666631698608398, 0.690384030342102, -0.28094494342803955, 0.5954071283340454, -0.2665172219276428, 0.7579306960105896, 0.4483865797519684, -0.6725611090660095, -0.5887368321418762], "cam_t_m2c": [46.80975341796875, 10.756074905395508, 517.3218383789062], "obj_id": 1}, {"cam_R_m2c": [-0.6183496713638306, -0.39981043338775635, 0.6766057014465332, -0.2416381537914276, 0.9159435033798218, 0.3204036056995392, -0.7478333115577698, 0.03462772071361542, -0.6629828214645386], "cam_t_m2c": [305.2014465332031, 64.74130249023438, 660.8486938476562], "obj_id": 1}, {"cam_R_m2c": [-0.4228947162628174, -0.6895992159843445, 0.5878886580467224, 0.8308224678039551, -0.5540757775306702, -0.0522884763777256, 0.3617929518222809, 0.46631860733032227, 0.8072501420974731], "cam_t_m2c": [385.2007141113281, -133.07017517089844, 448.1721496582031], "obj_id": 1}, {"cam_R_m2c": [0.8487604856491089, 0.12197237461805344, 0.514517605304718, -0.4920251667499542, -0.17424988746643066, 0.8529642820358276, 0.19369275867938995, -0.9771180152893066, -0.08788292109966278], "cam_t_m2c": [111.1002426147461, -173.9154052734375, 404.4609375], "obj_id": 1}, {"cam_R_m2c": [0.23020710051059723, 0.7893699407577515, 0.5691217184066772, -0.7946319580078125, -0.18511568009853363, 0.5781797766685486, 0.5617512464523315, -0.5853434205055237, 0.5846439003944397], "cam_t_m2c": [86.05831909179688, -201.8571014404297, 454.2166748046875], "obj_id": 1}, {"cam_R_m2c": [-0.03760843724012375, -0.9038232564926147, -0.4262501001358032, -0.30444756150245667, -0.39591044187545776, 0.8663524985313416, -0.9517863988876343, 0.16235293447971344, -0.26027727127075195], "cam_t_m2c": [292.2718200683594, -216.40740966796875, 377.84820556640625], "obj_id": 1}, {"cam_R_m2c": [0.4745206832885742, 0.825432300567627, -0.30576393008232117, -0.4494641125202179, -0.07145722955465317, -0.8904357552528381, -0.7568435072898865, 0.5599600672721863, 0.3370943069458008], "cam_t_m2c": [200.03610229492188, -182.0895538330078, 495.99542236328125], "obj_id": 1}, {"cam_R_m2c": [-0.8446792364120483, -0.42535433173179626, 0.3249472677707672, 0.5329102277755737, -0.7252361178398132, 0.43593496084213257, 0.05023668706417084, 0.5413929224014282, 0.8392675518989563], "cam_t_m2c": [184.60299682617188, -139.41856384277344, 606.7255859375], "obj_id": 1}, {"cam_R_m2c": [-0.6941918730735779, 0.2457006424665451, -0.676556408405304, 0.403795450925827, -0.6451658010482788, -0.6486217379570007, -0.5958579182624817, -0.7234584093093872, 0.34865623712539673], "cam_t_m2c": [347.89788818359375, -81.14469909667969, 756.6881103515625], "obj_id": 3}, {"cam_R_m2c": [-0.21012018620967865, -0.6597148180007935, -0.7215441465377808, -0.5421539545059204, 0.6927760243415833, -0.47553178668022156, 0.8135838508605957, 0.2912691831588745, -0.5032332539558411], "cam_t_m2c": [86.89002227783203, 17.208662033081055, 707.496337890625], "obj_id": 1}, {"cam_R_m2c": [0.8803222179412842, -0.15876422822475433, 0.4470197856426239, 0.0452866405248642, -0.9099012017250061, -0.4123455286026001, 0.4722095727920532, 0.3832409381866455, -0.7938163876533508], "cam_t_m2c": [373.70599365234375, -82.45600128173828, 381.7229919433594], "obj_id": 1}, {"cam_R_m2c": [-0.6969794034957886, 0.22755515575408936, -0.6800281405448914, -0.3892410695552826, 0.6763961911201477, 0.6252835988998413, 0.6022549271583557, 0.700504720211029, -0.38286036252975464], "cam_t_m2c": [299.2791442871094, 161.7006378173828, 578.6597290039062], "obj_id": 1}, {"cam_R_m2c": [0.6211576461791992, -0.3094956576824188, 0.7199830412864685, 0.7772339582443237, 0.3609323799610138, -0.5153979659080505, -0.10035169869661331, 0.8797386884689331, 0.46474647521972656], "cam_t_m2c": [360.9648132324219, -120.6391372680664, 380.136474609375], "obj_id": 1}, {"cam_R_m2c": [-0.3645099997520447, -0.3165362477302551, -0.8757494688034058, 0.9311730265617371, -0.11682170629501343, -0.34535402059555054, 0.00701046921312809, -0.9413593411445618, 0.3373327851295471], "cam_t_m2c": [253.9639434814453, -40.70183563232422, 761.6314086914062], "obj_id": 3}, {"cam_R_m2c": [0.8661313056945801, -0.2825928032398224, -0.41225942969322205, 0.48097240924835205, 0.695591151714325, 0.5336838960647583, 0.13594882190227509, -0.6605257391929626, 0.7383926510810852], "cam_t_m2c": [347.43310546875, 32.58326721191406, 488.4607238769531], "obj_id": 1}, {"cam_R_m2c": [0.892210066318512, -0.4344630539417267, -0.12330049276351929, -0.3821905255317688, -0.5809071063995361, -0.7186635732650757, 0.2406066358089447, 0.6883231997489929, -0.6843388080596924], "cam_t_m2c": [227.50440979003906, 215.40243530273438, 506.45751953125], "obj_id": 1}, {"cam_R_m2c": [0.13301904499530792, 0.8141321539878845, -0.5652386546134949, -0.5530052185058594, 0.5342442989349365, 0.6393498182296753, 0.8224907517433167, 0.22753426432609558, 0.5212840437889099], "cam_t_m2c": [236.4172821044922, -166.9438018798828, 773.7423706054688], "obj_id": 1}, {"cam_R_m2c": [0.25088244676589966, 0.20616166293621063, 0.9458093047142029, 0.20330774784088135, -0.9664875864982605, 0.1567402184009552, 0.9464268684387207, 0.15296702086925507, -0.284388929605484], "cam_t_m2c": [-15.661660194396973, -25.677370071411133, 497.5206604003906], "obj_id": 3}, {"cam_R_m2c": [0.8970471024513245, 0.30942079424858093, -0.31553956866264343, -0.4218454360961914, 0.8123421669006348, -0.4026743769645691, 0.13173025846481323, 0.4943268299102783, 0.8592369556427002], "cam_t_m2c": [167.53152465820312, 11.6865873336792, 397.230712890625], "obj_id": 1}, {"cam_R_m2c": [-0.51799076795578, -0.694159209728241, 0.4998284578323364, 0.3520672619342804, -0.7055557370185852, -0.6150118708610535, 0.7795730233192444, -0.1425972729921341, 0.6098621487617493], "cam_t_m2c": [146.18304443359375, -240.57325744628906, 769.57373046875], "obj_id": 1}, {"cam_R_m2c": [-0.7052558064460754, 0.09964872151613235, -0.7019147276878357, 0.6193978786468506, 0.5682786107063293, -0.5416693687438965, 0.34490644931793213, -0.8167799711227417, -0.46250393986701965], "cam_t_m2c": [140.92404174804688, -64.77435302734375, 696.9386596679688], "obj_id": 3}, {"cam_R_m2c": [0.8414455056190491, 0.5035150051116943, -0.19606643915176392, 0.20299480855464935, -0.6308452486991882, -0.7488839626312256, -0.5007619261741638, 0.5903445482254028, -0.6330328583717346], "cam_t_m2c": [370.25421142578125, -22.00477409362793, 380.76019287109375], "obj_id": 1}, {"cam_R_m2c": [0.6365142464637756, -0.39892953634262085, 0.6600794196128845, 0.7711740732192993, 0.34232962131500244, -0.536750316619873, -0.011839134618639946, 0.8506853580474854, 0.5255418419837952], "cam_t_m2c": [276.2882995605469, 53.79062271118164, 421.70379638671875], "obj_id": 3}, {"cam_R_m2c": [-0.06756772100925446, 0.9704826474189758, 0.23151203989982605, 0.5959151387214661, -0.14685000479221344, 0.7895061373710632, 0.8001996278762817, 0.19130676984786987, -0.5684029459953308], "cam_t_m2c": [356.7864074707031, -23.525793075561523, 724.8632202148438], "obj_id": 3}, {"cam_R_m2c": [0.9792675971984863, -0.15334638953208923, -0.13236278295516968, -0.17573562264442444, -0.3180992603302002, -0.9316273927688599, 0.1007571890950203, 0.9355733394622803, -0.3384527266025543], "cam_t_m2c": [243.54469299316406, -51.112850189208984, 611.2285766601562], "obj_id": 3}, {"cam_R_m2c": [-0.22903437912464142, -0.5669557452201843, 0.7912676334381104, -0.7203878164291382, -0.4479692280292511, -0.5294950604438782, 0.6546638011932373, -0.6912921071052551, -0.30582764744758606], "cam_t_m2c": [355.16064453125, -82.79837799072266, 751.6060180664062], "obj_id": 3}, {"cam_R_m2c": [-0.21860584616661072, -0.8108093738555908, -0.5429545640945435, 0.2818589508533478, 0.4802296459674835, -0.8306232690811157, 0.934220016002655, -0.33461570739746094, 0.12355285882949829], "cam_t_m2c": [222.9840545654297, -176.14959716796875, 515.205322265625], "obj_id": 1}, {"cam_R_m2c": [0.7815611362457275, 0.5947564244270325, 0.18822072446346283, -0.5781372785568237, 0.5772170424461365, 0.5766955614089966, 0.23434917628765106, -0.5595402717590332, 0.7949812412261963], "cam_t_m2c": [104.5498046875, -129.8617706298828, 749.4924926757812], "obj_id": 3}, {"cam_R_m2c": [-0.23016883432865143, -0.7739112973213196, -0.5899858474731445, 0.44513651728630066, 0.45539310574531555, -0.7710191011428833, 0.8653759360313416, -0.4400889575481415, 0.2396789938211441], "cam_t_m2c": [160.7397003173828, 79.31060028076172, 575.134033203125], "obj_id": 3}, {"cam_R_m2c": [0.7068608999252319, 0.11161011457443237, 0.6984918117523193, 0.07050072401762009, -0.9936726093292236, 0.08743082731962204, 0.7038304209709167, -0.012557249516248703, -0.7102568745613098], "cam_t_m2c": [113.9803466796875, -168.53521728515625, 637.8272094726562], "obj_id": 3}, {"cam_R_m2c": [0.32659950852394104, -0.021050041541457176, -0.9449282884597778, -0.7068749666213989, 0.6582213640213013, -0.25898316502571106, 0.6274235844612122, 0.752530038356781, 0.2000950574874878], "cam_t_m2c": [337.0890197753906, -146.28517150878906, 445.3305969238281], "obj_id": 1}, {"cam_R_m2c": [0.7097319960594177, -0.6240571141242981, -0.32685351371765137, 0.30313143134117126, 0.6893541216850281, -0.6579530239105225, 0.6359180808067322, 0.36789074540138245, 0.6784279942512512], "cam_t_m2c": [183.15841674804688, -298.6099853515625, 461.1759948730469], "obj_id": 3}, {"cam_R_m2c": [-0.6623139381408691, -0.20908674597740173, 0.7194598913192749, 0.7433480024337769, -0.30343392491340637, 0.5961219072341919, 0.09366744011640549, 0.9296291470527649, 0.3563929796218872], "cam_t_m2c": [318.2608947753906, -26.549942016601562, 649.9176025390625], "obj_id": 3}, {"cam_R_m2c": [-0.7509872317314148, -0.33840200304985046, -0.5670115947723389, 0.02452421747148037, 0.843809962272644, -0.5360813736915588, 0.6598610281944275, -0.41649582982063293, -0.6253914833068848], "cam_t_m2c": [148.86256408691406, 44.44388198852539, 520.5015258789062], "obj_id": 1}, {"cam_R_m2c": [0.05254974588751793, -0.862727701663971, 0.502930760383606, 0.9688978791236877, -0.07790610939264297, -0.23487745225429535, 0.2418166995048523, 0.49963128566741943, 0.831801176071167], "cam_t_m2c": [185.5505828857422, -229.10194396972656, 574.6302490234375], "obj_id": 1}, {"cam_R_m2c": [-0.9628730416297913, 0.26936352252960205, 0.017844712361693382, 0.26712268590927124, 0.941142201423645, 0.20711550116539001, 0.03899495303630829, 0.20419269800186157, -0.9781535863876343], "cam_t_m2c": [268.1216125488281, -245.20681762695312, 439.053955078125], "obj_id": 1}, {"cam_R_m2c": [0.49322301149368286, -0.6198086142539978, 0.6103836894035339, -0.16712018847465515, -0.7561115622520447, -0.6327446699142456, 0.8536989092826843, 0.21007676422595978, -0.4765141010284424], "cam_t_m2c": [218.26666259765625, 163.74154663085938, 710.9338989257812], "obj_id": 1}, {"cam_R_m2c": [0.3866731822490692, 0.19024735689163208, 0.9023799896240234, 0.10113001614809036, -0.981336236000061, 0.16355901956558228, 0.9166550040245056, 0.028013836592435837, -0.39869600534439087], "cam_t_m2c": [194.34375, -303.6661071777344, 401.75469970703125], "obj_id": 1}, {"cam_R_m2c": [-0.6641950607299805, 0.1536261886358261, 0.7316034436225891, -0.412806898355484, 0.7405399084091187, -0.530274510383606, -0.6232455968856812, -0.6542167663574219, -0.4284449517726898], "cam_t_m2c": [302.40228271484375, 7.518080711364746, 693.0765991210938], "obj_id": 3}, {"cam_R_m2c": [0.49570712447166443, -0.6163662075996399, -0.6118555068969727, -0.5773822665214539, 0.2923903465270996, -0.762323796749115, 0.6487712860107422, 0.7311638593673706, -0.2109389454126358], "cam_t_m2c": [355.5842590332031, -78.75848388671875, 583.001220703125], "obj_id": 3}, {"cam_R_m2c": [0.6074458360671997, 0.23216460645198822, 0.759676992893219, -0.2225755900144577, -0.8682847023010254, 0.44332998991012573, 0.7625415325164795, -0.4383845031261444, -0.47576168179512024], "cam_t_m2c": [224.7810516357422, 31.588577270507812, 480.81402587890625], "obj_id": 3}, {"cam_R_m2c": [-0.7768869996070862, 0.15728957951068878, -0.6096768975257874, -0.6006697416305542, 0.1051885262131691, 0.7925471067428589, 0.18879033625125885, 0.9819343090057373, 0.012759792618453503], "cam_t_m2c": [302.8204650878906, 144.31336975097656, 506.4958190917969], "obj_id": 1}, {"cam_R_m2c": [0.7484800219535828, 0.1711801141500473, -0.6406832337379456, 0.5142166614532471, -0.7598741054534912, 0.3977090120315552, -0.4187587797641754, -0.6271272301673889, -0.6567742228507996], "cam_t_m2c": [224.4367218017578, -117.2552719116211, 601.0192260742188], "obj_id": 3}, {"cam_R_m2c": [-0.873275637626648, 0.05492589622735977, -0.48412054777145386, 0.421983540058136, -0.4114324450492859, -0.807869553565979, -0.24355587363243103, -0.9097837209701538, 0.33611616492271423], "cam_t_m2c": [157.5968475341797, 70.96147155761719, 459.2473449707031], "obj_id": 1}, {"cam_R_m2c": [0.9509260058403015, -0.15337787568569183, 0.2687283158302307, 0.2795273959636688, 0.798251748085022, -0.5335339903831482, -0.13268053531646729, 0.5824682712554932, 0.8019517064094543], "cam_t_m2c": [205.060302734375, 26.097576141357422, 374.8572692871094], "obj_id": 1}, {"cam_R_m2c": [0.8538671731948853, 0.5202924609184265, 0.014375069178640842, -0.17938560247421265, 0.32009661197662354, -0.9302467107772827, -0.4886017441749573, 0.7917284369468689, 0.3666529655456543], "cam_t_m2c": [128.47805786132812, -63.69735336303711, 619.0836791992188], "obj_id": 3}, {"cam_R_m2c": [0.7739900946617126, -0.3677216172218323, -0.5154804587364197, -0.13454218208789825, -0.8910081386566162, 0.43359285593032837, -0.6187387704849243, -0.26624271273612976, -0.7391055822372437], "cam_t_m2c": [408.9663391113281, -124.69389343261719, 737.1611328125], "obj_id": 3}, {"cam_R_m2c": [-0.9112903475761414, 0.29716384410858154, 0.28503233194351196, 0.38074830174446106, 0.8716937303543091, 0.3085137903690338, -0.15678174793720245, 0.3896712362766266, -0.9075106978416443], "cam_t_m2c": [200.874267578125, -258.2358703613281, 773.1821899414062], "obj_id": 3}, {"cam_R_m2c": [0.5112085342407227, 0.8202519416809082, -0.25661739706993103, -0.6414161324501038, 0.5628508925437927, 0.5213292241096497, 0.5720586776733398, -0.10190942138433456, 0.8138570785522461], "cam_t_m2c": [109.87822723388672, 6.532628059387207, 382.2085876464844], "obj_id": 1}, {"cam_R_m2c": [-0.8588471412658691, -0.24370327591896057, 0.45054447650909424, 0.2939146161079407, 0.4859117269515991, 0.8231062889099121, -0.41951853036880493, 0.8393440842628479, -0.3456959128379822], "cam_t_m2c": [78.81605529785156, -120.09032440185547, 712.9392700195312], "obj_id": 1}, {"cam_R_m2c": [0.5554506182670593, -0.3006255328655243, -0.7753056287765503, -0.01303844340145588, -0.9353964328765869, 0.3533598482608795, -0.8314472436904907, -0.18616515398025513, -0.5234861373901367], "cam_t_m2c": [56.199893951416016, -131.83154296875, 716.8916625976562], "obj_id": 3}, {"cam_R_m2c": [-0.596315860748291, 0.029761599376797676, -0.802198052406311, 0.6950418949127197, 0.519142746925354, -0.49740082025527954, 0.40165185928344727, -0.8541692495346069, -0.3302586078643799], "cam_t_m2c": [302.91033935546875, -91.30416107177734, 625.5647583007812], "obj_id": 3}, {"cam_R_m2c": [-0.1689894199371338, -0.9129104614257812, 0.3715333342552185, 0.6609801054000854, -0.3845921754837036, -0.6443556547164917, 0.7311277985572815, 0.13668686151504517, 0.668407678604126], "cam_t_m2c": [269.4429626464844, 207.89227294921875, 729.7898559570312], "obj_id": 3}, {"cam_R_m2c": [0.370536744594574, 0.12850657105445862, 0.9198850989341736, -0.8424285054206848, -0.3706042468547821, 0.39110949635505676, 0.39117348194122314, -0.9198578596115112, -0.029064862057566643], "cam_t_m2c": [338.7796325683594, 15.058387756347656, 747.6310424804688], "obj_id": 3}, {"cam_R_m2c": [-0.5050252079963684, 0.45492199063301086, -0.7334818243980408, -0.8504964113235474, -0.40702369809150696, 0.3331480622291565, -0.14698809385299683, 0.7920717597007751, 0.5924667119979858], "cam_t_m2c": [45.11915969848633, 21.481416702270508, 456.8260803222656], "obj_id": 3}, {"cam_R_m2c": [-0.29175788164138794, -0.9229084849357605, -0.2512310743331909, 0.7678670287132263, -0.3826095759868622, 0.5137995481491089, -0.5703134536743164, -0.043006956577301025, 0.8203005194664001], "cam_t_m2c": [206.2045135498047, 41.700260162353516, 612.3153076171875], "obj_id": 3}, {"cam_R_m2c": [0.6198585033416748, 0.749893069267273, -0.2311619520187378, 0.7807242274284363, -0.6190080046653748, 0.08543234318494797, -0.0790259838104248, -0.2334297150373459, -0.9691570401191711], "cam_t_m2c": [155.36752319335938, -18.60945701599121, 362.435302734375], "obj_id": 3}, {"cam_R_m2c": [0.8038703799247742, 0.29022184014320374, -0.5191951990127563, -0.5525206923484802, 0.687578558921814, -0.47112271189689636, 0.22025735676288605, 0.6655877232551575, 0.7130776047706604], "cam_t_m2c": [83.24539947509766, 30.613540649414062, 720.0736694335938], "obj_id": 1}, {"cam_R_m2c": [-0.19798049330711365, 0.2941782772541046, -0.9350203275680542, 0.8905916810035706, -0.3444780707359314, -0.29695364832878113, -0.4094512462615967, -0.8915122747421265, -0.19379281997680664], "cam_t_m2c": [31.082820892333984, -97.53182220458984, 402.053466796875], "obj_id": 3}, {"cam_R_m2c": [-0.9201704859733582, -0.20653147995471954, 0.3326117992401123, 0.37570661306381226, -0.704788327217102, 0.601762056350708, 0.1101381704211235, 0.6786882877349854, 0.7261210680007935], "cam_t_m2c": [207.03482055664062, 45.354286193847656, 540.04150390625], "obj_id": 1}, {"cam_R_m2c": [-0.46028655767440796, 0.5776017904281616, -0.6741753816604614, 0.25165191292762756, -0.6433643102645874, -0.7230170965194702, -0.8513563275337219, -0.502452552318573, 0.15077733993530273], "cam_t_m2c": [338.003173828125, 24.9815731048584, 725.8087768554688], "obj_id": 3}, {"cam_R_m2c": [0.261763334274292, 0.07192201912403107, 0.9624485373497009, -0.8711981773376465, 0.4467398226261139, 0.20356133580207825, -0.41532355546951294, -0.8917683362960815, 0.17959843575954437], "cam_t_m2c": [351.2799377441406, -11.496594429016113, 430.931640625], "obj_id": 3}, {"cam_R_m2c": [0.1638212352991104, -0.7705270648002625, 0.6159955859184265, 0.8032360076904297, -0.25831595063209534, -0.5367352366447449, 0.5726905465126038, 0.5827184915542603, 0.5765975117683411], "cam_t_m2c": [314.95184326171875, -28.3328800201416, 409.9186096191406], "obj_id": 1}, {"cam_R_m2c": [0.8093750476837158, -0.012928502634167671, -0.5871497392654419, 0.5838860869407654, 0.125229611992836, 0.8021186590194702, 0.06315828114748001, -0.9920434355735779, 0.10890652239322662], "cam_t_m2c": [292.4229431152344, -243.41209411621094, 402.94598388671875], "obj_id": 1}, {"cam_R_m2c": [-0.16787202656269073, 0.9721392989