{
  "0": [{"cam_R_m2c": [0.991988480091095, 0.09590529650449753, -0.08222554624080658, 0.062081776559352875, -0.9369615316390991, -0.34387335181236267, -0.1100214496254921, 0.33601367473602295, -0.9354090094566345], "cam_t_m2c": [28.454971313476562, 281.2953186035156, 664.4443359375], "obj_id": 2}, {"cam_R_m2c": [-0.4845901131629944, -0.7109401226043701, -0.5096431970596313, 0.37733888626098633, 0.3557314872741699, -0.8550264835357666, 0.7891688346862793, -0.6066457629203796, 0.09588153660297394], "cam_t_m2c": [228.7702178955078, 147.17532348632812, 912.3871459960938], "obj_id": 2}, {"cam_R_m2c": [-0.36655083298683167, 0.5218139886856079, 0.7702924013137817, 0.8938425779342651, 0.42729488015174866, 0.13588401675224304, -0.25823578238487244, 0.7383286356925964, -0.6230447888374329], "cam_t_m2c": [328.1020202636719, 101.29325866699219, 603.2098388671875], "obj_id": 2}],
  "1": [{"cam_R_m2c": [-0.3877977132797241, -0.9217283129692078, -0.0054605333134531975, -0.6002712249755859, 0.25703826546669006, -0.7573676705360413, 0.6994907855987549, -0.29042765498161316, -0.6529658436775208], "cam_t_m2c": [273.364990234375, -184.3239288330078, 991.9066162109375], "obj_id": 2}, {"cam_R_m2c": [0.33982551097869873, 0.7942454218864441, -0.5036792159080505, 0.9191305637359619, -0.16698133945465088, 0.3568139672279358, 0.19929282367229462, -0.584201455116272, -0.7867597341537476], "cam_t_m2c": [0.9316477179527283, -70.5328369140625, 1171.9871826171875], "obj_id": 2}, {"cam_R_m2c": [0.9929919242858887, -0.08049074560403824, -0.0865350142121315, -0.051687825471162796, 0.3626892864704132, -0.9304755330085754, 0.10627999901771545, 0.928427517414093, 0.3559871315956116], "cam_t_m2c": [-3.751255512237549, -386.08050537109375, 1083.7689208984375], "obj_id": 2}]
}