{
  "0": [{"cam_R_m2c": [-0.8704859018325806, 0.11613225191831589, 0.47829610109329224, -0.26483353972435, -0.9296159148216248, -0.25627532601356506, 0.41486993432044983, -0.3497529923915863, 0.8399736881256104], "cam_t_m2c": [-5.718850612640381, 533.4849853515625, 537.4453125], "obj_id": 2}, {"cam_R_m2c": [-0.6372697353363037, 0.4374645948410034, 0.6344383358955383, -0.365215003490448, -0.8963805437088013, 0.25123685598373413, 0.6786053776741028, -0.0716007649898529, 0.7310048341751099], "cam_t_m2c": [206.5334930419922, 241.0023956298828, 395.0174255371094], "obj_id": 2}, {"cam_R_m2c": [-0.5852715969085693, 0.774567723274231, -0.23979562520980835, 0.4041617810726166, 0.5350602865219116, 0.7418650388717651, 0.7029298543930054, 0.3372763395309448, -0.6262062788009644], "cam_t_m2c": [61.279762268066406, 252.3098602294922, 711.578369140625], "obj_id": 3}],
  "1": [{"cam_R_m2c": [-0.9699519276618958, 0.16739003360271454, 0.17656144499778748, -0.24264945089817047, -0.6126518249511719, -0.7521828413009644, -0.017737222835421562, -0.7724236845970154, 0.6348598599433899], "cam_t_m2c": [105.16728973388672, 576.2328491210938, 855.792236328125], "obj_id": 2}, {"cam_R_m2c": [-0.836889922618866, 0.3869827687740326, 0.3871168792247772, -0.5135253667831421, -0.7999144792556763, -0.3105292022228241, 0.18949097394943237, -0.4586731195449829, 0.8681659698486328], "cam_t_m2c": [334.5635070800781, 361.6245422363281, 627.2674560546875], "obj_id": 2}, {"cam_R_m2c": [-0.7520896196365356, 0.6589854955673218, 0.00995862577110529, 0.0983811616897583, 0.09731422364711761, 0.9903792142868042, 0.6516764760017395, 0.7458337545394897, -0.13802072405815125], "cam_t_m2c": [98.48467254638672, 238.7975311279297, 852.3753051757812], "obj_id": 3}]
}