{
  "0": [{"cam_R_m2c": [0.03290240839123726, -0.5601760745048523, 0.8277198076248169, -0.7949042916297913, 0.4873441159725189, 0.36141782999038696, -0.6058419942855835, -0.6698495149612427, -0.4292515516281128], "cam_t_m2c": [275.94012451171875, 63.257484436035156, 863.25341796875], "obj_id": 2}, {"cam_R_m2c": [-0.12089645117521286, -0.9778107404708862, -0.17108528316020966, 0.8618547916412354, -0.017879074439406395, -0.5068398118019104, 0.4925345778465271, -0.20872582495212555, 0.8448924422264099], "cam_t_m2c": [195.36936950683594, 33.29024887084961, 1020.9942016601562], "obj_id": 2}, {"cam_R_m2c": [0.0008187566418200731, -0.7609186768531799, 0.6488466858863831, -0.8124072551727295, 0.3778300881385803, 0.4441157877445221, -0.5830897688865662, -0.5274913311004639, -0.6178665161132812], "cam_t_m2c": [-181.88095092773438, 89.74934387207031, 704.5208740234375], "obj_id": 2}, {"cam_R_m2c": [-0.23355865478515625, -0.48529571294784546, -0.8425782918930054, 0.8105147480964661, 0.38152414560317993, -0.444415420293808, 0.5371368527412415, -0.7867193222045898, 0.3042311668395996], "cam_t_m2c": [311.1025085449219, 298.4575500488281, 540.07275390625], "obj_id": 1}, {"cam_R_m2c": [-0.6477967500686646, -0.6489713191986084, -0.3989933431148529, -0.10330008715391159, -0.4440757632255554, 0.8900145292282104, -0.7547771334648132, 0.6177645325660706, 0.22063200175762177], "cam_t_m2c": [-326.86773681640625, 239.06687927246094, 872.5869140625], "obj_id": 3}, {"cam_R_m2c": [-0.022514760494232178, -0.6595004796981812, -0.751366913318634, 0.9079465270042419, 0.30110371112823486, -0.2914957106113434, 0.41848093271255493, -0.6887639164924622, 0.5920118689537048], "cam_t_m2c": [351.29412841796875, 160.1993865966797, 819.0485229492188], "obj_id": 1}, {"cam_R_m2c": [-0.12789508700370789, 0.9917619824409485, 0.0071479096077382565, 0.9842410683631897, 0.12603114545345306, 0.12403922528028488, 0.12211652100086212, 0.022899266332387924, -0.9922516345977783], "cam_t_m2c": [392.7341613769531, 163.70054626464844, 766.8713989257812], "obj_id": 1}, {"cam_R_m2c": [0.026266058906912804, -0.3341779410839081, -0.9421439170837402, 0.86212158203125, 0.4846454858779907, -0.14786839485168457, 0.5060201287269592, -0.8083587288856506, 0.30083176493644714], "cam_t_m2c": [261.73028564453125, 71.69120025634766, 924.7937622070312], "obj_id": 1}, {"cam_R_m2c": [-0.9719358086585999, 0.2102910727262497, -0.1054435446858406, -0.1203351840376854, -0.05928730592131615, 0.9909613728523254, 0.20213887095451355, 0.9758394360542297, 0.08292894065380096], "cam_t_m2c": [354.27777099609375, 152.96470642089844, 887.3334350585938], "obj_id": 1}, {"cam_R_m2c": [0.23816326260566711, -0.9386545419692993, 0.24941079318523407, -0.8338140249252319, -0.0659274160861969, 0.5480944514274597, -0.49802836775779724, -0.33849817514419556, -0.7983648777008057], "cam_t_m2c": [-228.64297485351562, 125.15470123291016, 631.0895385742188], "obj_id": 2}],
  "1": [{"cam_R_m2c": [-0.16966262459754944, -0.9435582756996155, -0.28445038199424744, -0.1549147665500641, -0.2595116198062897, 0.9532338380813599, -0.9732500314712524, 0.20579388737678528, -0.10214149206876755], "cam_t_m2c": [-54.634765625, 410.3484191894531, 548.8889770507812], "obj_id": 2}, {"cam_R_m2c": [0.01862526871263981, -0.45236682891845703, 0.8916372656822205, 0.11201755702495575, -0.8852330446243286, -0.4514576494693756, 0.9935315251350403, 0.1082874983549118, 0.03418559581041336], "cam_t_m2c": [70.19096374511719, 302.93206787109375, 620.6669921875], "obj_id": 2}, {"cam_R_m2c": [-0.15190349519252777, -0.8324392437934875, -0.5328883528709412, -0.19392049312591553, -0.503565788269043, 0.8419121503829956, -0.9691852331161499, 0.23122747242450714, -0.08493351191282272], "cam_t_m2c": [-333.6282653808594, 16.3994083404541, 598.535400390625], "obj_id": 2}, {"cam_R_m2c": [0.04641459137201309, -0.9769099950790405, 0.2085483968257904, -0.016505366191267967, -0.20949485898017883, -0.9776703715324402, 0.9987858533859253, 0.04193595051765442, -0.025847813114523888], "cam_t_m2c": [-422.0815734863281, 568.9981689453125, 577.4254760742188], "obj_id": 1}, {"cam_R_m2c": [-0.7888651490211487, 0.5327479243278503, -0.3063843846321106, -0.5304397940635681, -0.8419999480247498, -0.09833484888076782, -0.3103633224964142, 0.08494552969932556, 0.9468151330947876], "cam_t_m2c": [-295.1700744628906, -91.16919708251953, 840.4301147460938], "obj_id": 3}, {"cam_R_m2c": [-0.03626282885670662, -0.908656120300293, 0.41596752405166626, 0.22964593768119812, -0.41267892718315125, -0.8814526200294495, 0.9725983738899231, 0.06356123834848404, 0.22363418340682983], "cam_t_m2c": [-112.31824493408203, 519.70361328125, 590.6511840820312], "obj_id": 1}, {"cam_R_m2c": [-0.3531642556190491, 0.2508724629878998, -0.9012978672981262, 0.19968052208423615, 0.9613906145095825, 0.1893562525510788, 0.9140036106109619, -0.11309777200222015, -0.38962313532829285], "cam_t_m2c": [-146.61293029785156, 566.7903442382812, 558.1134033203125], "obj_id": 1}, {"cam_R_m2c": [0.0723811611533165, -0.9961152672767639, 0.05015116184949875, 0.2469564825296402, -0.030817868188023567, -0.9685363173484802, 0.9663194417953491, 0.08248884975910187, 0.24376662075519562], "cam_t_m2c": [-9.592436790466309, 391.31353759765625, 589.7438354492188], "obj_id": 1}, {"cam_R_m2c": [-0.054766226559877396, 0.9220550656318665, -0.38316449522972107, -0.9728635549545288, 0.037121254950761795, 0.22838208079338074, 0.22480440139770508, 0.3852744400501251, 0.8950008749961853], "cam_t_m2c": [-49.850013732910156, 510.3462829589844, 617.7479248046875], "obj_id": 1}, {"cam_R_m2c": [-0.0016104662790894508, -0.5317603349685669, -0.8468933701515198, 0.007301109842956066, -0.8468782305717468, 0.5317369103431702, -0.9999721050262451, -0.0053269388154149055, 0.005246234126389027], "cam_t_m2c": [-425.1451416015625, -4.586252212524414, 602.6172485351562], "obj_id": 2}],
  "2": [{"cam_R_m2c": [-0.16966262459754944, -0.9435582756996155, -0.28445038199424744, -0.1549147665500641, -0.2595116198062897, 0.9532338380813599, -0.9732500314712524, 0.20579388737678528, -0.10214149206876755], "cam_t_m2c": [-54.634765625, 410.3484191894531, 548.8889770507812], "obj_id": 2}, {"cam_R_m2c": [0.01862526871263981, -0.45236682891845703, 0.8916372656822205, 0.11201755702495575, -0.8852330446243286, -0.4514576494693756, 0.9935315251350403, 0.1082874983549118, 0.03418559581041336], "cam_t_m2c": [70.19096374511719, 302.93206787109375, 620.6669921875], "obj_id": 2}, {"cam_R_m2c": [-0.15190349519252777, -0.8324392437934875, -0.5328883528709412, -0.19392049312591553, -0.503565788269043, 0.8419121503829956, -0.9691852331161499, 0.23122747242450714, -0.08493351191282272], "cam_t_m2c": [-333.6282653808594, 16.3994083404541, 598.535400390625], "obj_id": 2}, {"cam_R_m2c": [0.04641459137201309, -0.9769099950790405, 0.2085483968257904, -0.016505366191267967, -0.20949485898017883, -0.9776703715324402, 0.9987858533859253, 0.04193595051765442, -0.025847813114523888], "cam_t_m2c": [-422.0815734863281, 568.9981689453125, 577.4254760742188], "obj_id": 1}, {"cam_R_m2c": [-0.7888651490211487, 0.5327479243278503, -0.3063843846321106, -0.5304397940635681, -0.8419999480247498, -0.09833484888076782, -0.3103633224964142, 0.08494552969932556, 0.9468151330947876], "cam_t_m2c": [-295.1700744628906, -91.16919708251953, 840.4301147460938], "obj_id": 3}, {"cam_R_m2c": [-0.03626282885670662, -0.908656120300293, 0.41596752405166626, 0.22964593768119812, -0.41267892718315125, -0.8814526200294495, 0.9725983738899231, 0.06356123834848404, 0.22363418340682983], "cam_t_m2c": [-112.31824493408203, 519.70361328125, 590.6511840820312], "obj_id": 1}, {"cam_R_m2c": [-0.3531642556190491, 0.2508724629878998, -0.9012978672981262, 0.19968052208423615, 0.9613906145095825, 0.1893562525510788, 0.9140036106109619, -0.11309777200222015, -0.38962313532829285], "cam_t_m2c": [-146.61293029785156, 566.7903442382812, 558.1134033203125], "obj_id": 1}, {"cam_R_m2c": [0.0723811611533165, -0.9961152672767639, 0.05015116184949875, 0.2469564825296402, -0.030817868188023567, -0.9685363173484802, 0.9663194417953491, 0.08248884975910187, 0.24376662075519562], "cam_t_m2c": [-9.592436790466309, 391.31353759765625, 589.7438354492188], "obj_id": 1}, {"cam_R_m2c": [-0.054766226559877396, 0.9220550656318665, -0.38316449522972107, -0.9728635549545288, 0.037121254950761795, 0.22838208079338074, 0.22480440139770508, 0.3852744400501251, 0.8950008749961853], "cam_t_m2c": [-49.850013732910156, 510.3462829589844, 617.7479248046875], "obj_id": 1}, {"cam_R_m2c": [-0.0016104662790894508, -0.5317603349685669, -0.8468933701515198, 0.007301109842956066, -0.8468782305717468, 0.5317369103431702, -0.9999721050262451, -0.0053269388154149055, 0.005246234126389027], "cam_t_m2c": [-425.1451416015625, -4.586252212524414, 602.6172485351562], "obj_id": 2}],
  "3": [{"cam_R_m2c": [-0.16966262459754944, -0.9435582756996155, -0.28445038199424744, -0.1549147665500641, -0.2595116198062897, 0.9532338380813599, -0.9732500314712524, 0.20579388737678528, -0.10214149206876755], "cam_t_m2c": [-54.634765625, 410.3484191894531, 548.8889770507812], "obj_id": 2}, {"cam_R_m2c": [0.01862526871263981, -0.45236682891845703, 0.8916372656822205, 0.11201755702495575, -0.8852330446243286, -0.4514576494693756, 0.9935315251350403, 0.1082874983549118, 0.03418559581041336], "cam_t_m2c": [70.19096374511719, 302.93206787109375, 620.6669921875], "obj_id": 2}, {"cam_R_m2c": [-0.15190349519252777, -0.8324392437934875, -0.5328883528709412, -0.19392049312591553, -0.503565788269043, 0.8419121503829956, -0.9691852331161499, 0.23122747242450714, -0.08493351191282272], "cam_t_m2c": [-333.6282653808594, 16.3994083404541, 598.535400390625], "obj_id": 2}, {"cam_R_m2c": [0.04641459137201309, -0.9769099950790405, 0.2085483968257904, -0.016505366191267967, -0.20949485898017883, -0.9776703715324402, 0.9987858533859253, 0.04193595051765442, -0.025847813114523888], "cam_t_m2c": [-422.0815734863281, 568.9981689453125, 577.4254760742188], "obj_id": 1}, {"cam_R_m2c": [-0.7888651490211487, 0.5327479243278503, -0.3063843846321106, -0.5304397940635681, -0.8419999480247498, -0.09833484888076782, -0.3103633224964142, 0.08494552969932556, 0.9468151330947876], "cam_t_m2c": [-295.1700744628906, -91.16919708251953, 840.4301147460938], "obj_id": 3}, {"cam_R_m2c": [-0.03626282885670662, -0.908656120300293, 0.41596752405166626, 0.22964593768119812, -0.41267892718315125, -0.8814526200294495, 0.9725983738899231, 0.06356123834848404, 0.22363418340682983], "cam_t_m2c": [-112.31824493408203, 519.70361328125, 590.6511840820312], "obj_id": 1}, {"cam_R_m2c": [-0.3531642556190491, 0.2508724629878998, -0.9012978672981262, 0.19968052208423615, 0.9613906145095825, 0.1893562525510788, 0.9140036106109619, -0.11309777200222015, -0.38962313532829285], "cam_t_m2c": [-146.61293029785156, 566.7903442382812, 558.1134033203125], "obj_id": 1}, {"cam_R_m2c": [0.0723811611533165, -0.9961152672767639, 0.05015116184949875, 0.2469564825296402, -0.030817868188023567, -0.9685363173484802, 0.9663194417953491, 0.08248884975910187, 0.24376662075519562], "cam_t_m2c": [-9.592436790466309, 391.31353759765625, 589.7438354492188], "obj_id": 1}, {"cam_R_m2c": [-0.054766226559877396, 0.9220550656318665, -0.38316449522972107, -0.9728635549545288, 0.037121254950761795, 0.22838208079338074, 0.22480440139770508, 0.3852744400501251, 0.8950008749961853], "cam_t_m2c": [-49.850013732910156, 510.3462829589844, 617.7479248046875], "obj_id": 1}, {"cam_R_m2c": [-0.0016104662790894508, -0.5317603349685669, -0.8468933701515198, 0.007301109842956066, -0.8468782305717468, 0.5317369103431702, -0.9999721050262451, -0.0053269388154149055, 0.005246234126389027], "cam_t_m2c": [-425.1451416015625, -4.586252212524414, 602.6172485351562], "obj_id": 2}],
  "4": [{"cam_R_m2c": [-0.16966262459754944, -0.9435582756996155, -0.28445038199424744, -0.1549147665500641, -0.2595116198062897, 0.9532338380813599, -0.9732500314712524, 0.20579388737678528, -0.10214149206876755], "cam_t_m2c": [-54.634765625, 410.3484191894531, 548.8889770507812], "obj_id": 2}, {"cam_R_m2c": [0.01862526871263981, -0.45236682891845703, 0.8916372656822205, 0.11201755702495575, -0.8852330446243286, -0.4514576494693756, 0.9935315251350403, 0.1082874983549118, 0.03418559581041336], "cam_t_m2c": [70.19096374511719, 302.93206787109375, 620.6669921875], "obj_id": 2}, {"cam_R_m2c": [-0.15190349519252777, -0.8324392437934875, -0.5328883528709412, -0.19392049312591553, -0.503565788269043, 0.8419121503829956, -0.9691852331161499, 0.23122747242450714, -0.08493351191282272], "cam_t_m2c": [-333.6282653808594, 16.3994083404541, 598.535400390625], "obj_id": 2}, {"cam_R_m2c": [0.04641459137201309, -0.9769099950790405, 0.2085483968257904, -0.016505366191267967, -0.20949485898017883, -0.9776703715324402, 0.9987858533859253, 0.04193595051765442, -0.025847813114523888], "cam_t_m2c": [-422.0815734863281, 568.9981689453125, 577.4254760742188], "obj_id": 1}, {"cam_R_m2c": [-0.7888651490211487, 0.5327479243278503, -0.3063843846321106, -0.5304397940635681, -0.8419999480247498, -0.09833484888076782, -0.3103633224964142, 0.08494552969932556, 0.9468151330947876], "cam_t_m2c": [-295.1700744628906, -91.16919708251953, 840.4301147460938], "obj_id": 3}, {"cam_R_m2c": [-0.03626282885670662, -0.908656120300293, 0.41596752405166626, 0.22964593768119812, -0.41267892718315125, -0.8814526200294495, 0.9725983738899231, 0.06356123834848404, 0.22363418340682983], "cam_t_m2c": [-112.31824493408203, 519.70361328125, 590.6511840820312], "obj_id": 1}, {"cam_R_m2c": [-0.3531642556190491, 0.2508724629878998, -0.9012978672981262, 0.19968052208423615, 0.9613906145095825, 0.1893562525510788, 0.9140036106109619, -0.11309777200222015, -0.38962313532829285], "cam_t_m2c": [-146.61293029785156, 566.7903442382812, 558.1134033203125], "obj_id": 1}, {"cam_R_m2c": [0.0723811611533165, -0.9961152672767639, 0.05015116184949875, 0.2469564825296402, -0.030817868188023567, -0.9685363173484802, 0.9663194417953491, 0.08248884975910187, 0.24376662075519562], "cam_t_m2c": [-9.592436790466309, 391.31353759765625, 589.7438354492188], "obj_id": 1}, {"cam_R_m2c": [-0.054766226559877396, 0.9220550656318665, -0.38316449522972107, -0.9728635549545288, 0.037121254950761795, 0.22838208079338074, 0.22480440139770508, 0.3852744400501251, 0.8950008749961853], "cam_t_m2c": [-49.850013732910156, 510.3462829589844, 617.7479248046875], "obj_id": 1}, {"cam_R_m2c": [-0.0016104662790894508, -0.5317603349685669, -0.8468933701515198, 0.007301109842956066, -0.8468782305717468, 0.5317369103431702, -0.9999721050262451, -0.0053269388154149055, 0.005246234126389027], "cam_t_m2c": [-425.1451416015625, -4.586252212524414, 602.6172485351562], "obj_id": 2}]
}