{
  "0": [{"cam_R_m2c": [0.3862434923648834, 0.7080123424530029, 0.5912144184112549, -0.833168625831604, 0.5428160429000854, -0.10573913156986237, -0.39578530192375183, -0.4517402648925781, 0.7995527982711792], "cam_t_m2c": [98.96361541748047, -237.5022735595703, 3842.676513671875], "obj_id": 3}, {"cam_R_m2c": [0.35317426919937134, 0.9344149231910706, -0.046224504709243774, -0.2379700243473053, 0.04194089025259018, -0.9703665375709534, -0.9047862887382507, 0.35370850563049316, 0.23717519640922546], "cam_t_m2c": [-246.80235290527344, -168.8610382080078, 3702.60107421875], "obj_id": 2}, {"cam_R_m2c": [-0.5508551001548767, -0.42254453897476196, -0.7197323441505432, 0.3423135578632355, -0.9008803367614746, 0.26690050959587097, -0.7611700892448425, -0.09935061633586884, 0.6408973932266235], "cam_t_m2c": [-78.30662536621094, -254.0568084716797, 4027.52197265625], "obj_id": 1}, {"cam_R_m2c": [0.43535116314888, -0.8519896268844604, -0.29083165526390076, 0.7387061715126038, 0.15342174470424652, 0.6563345193862915, -0.5145702958106995, -0.5005751252174377, 0.6961623430252075], "cam_t_m2c": [-333.5517578125, -94.58341979980469, 3734.96630859375], "obj_id": 2}, {"cam_R_m2c": [0.8606008291244507, 0.061004094779491425, -0.5056131482124329, 0.1413773149251938, 0.9251617193222046, 0.35226157307624817, 0.4892633557319641, -0.3746388554573059, 0.7875703573226929], "cam_t_m2c": [-61.16242599487305, -189.9708251953125, 3760.93017578125], "obj_id": 3}, {"cam_R_m2c": [0.6750956773757935, -0.737021267414093, -0.03233383223414421, 0.6869437098503113, 0.6439976692199707, -0.3367125988006592, 0.268987238407135, 0.20510169863700867, 0.9410521388053894], "cam_t_m2c": [-28.727624893188477, -220.29306030273438, 3943.136962890625], "obj_id": 3}, {"cam_R_m2c": [0.13291487097740173, 0.8261285424232483, 0.5475810766220093, -0.9587112665176392, 0.24730655550956726, -0.14039935171604156, -0.25140827894210815, -0.5063110589981079, 0.8248896598815918], "cam_t_m2c": [-251.2335205078125, -194.70953369140625, 3871.90380859375], "obj_id": 1}, {"cam_R_m2c": [-0.3351115882396698, 0.600066065788269, -0.7263751029968262, -0.8046092391014099, -0.5833874940872192, -0.11073771119117737, -0.49020814895629883, 0.5473386645317078, 0.6783187389373779], "cam_t_m2c": [-346.9236755371094, 11.801179885864258, 3815.785400390625], "obj_id": 3}, {"cam_R_m2c": [0.5938608646392822, 0.03835301846265793, -0.8036530017852783, -0.7718167304992676, -0.2549324631690979, -0.5825015306472778, -0.22721806168556213, 0.9661977887153625, -0.12179284542798996], "cam_t_m2c": [98.69322967529297, 1.9632353782653809, 3911.675048828125], "obj_id": 1}, {"cam_R_m2c": [0.38385212421417236, -0.615666925907135, 0.6881945729255676, 0.06736009567975998, -0.7246322631835938, -0.6858357191085815, 0.9209343791007996, 0.309616357088089, -0.23668025434017181], "cam_t_m2c": [-347.26251220703125, -166.20680236816406, 3741.322998046875], "obj_id": 2}, {"cam_R_m2c": [0.39169493317604065, -0.8982529640197754, 0.19929073750972748, 0.3028751313686371, 0.3304029703140259, 0.8939242362976074, -0.8688163161277771, -0.2897854149341583, 0.40147560834884644], "cam_t_m2c": [4.5354507165029645e-05, 0.0002384185791015625, 3801.595703125], "obj_id": 1}, {"cam_R_m2c": [-0.6702625155448914, -0.1900586038827896, 0.7173742055892944, -0.5818662047386169, -0.46540412306785583, -0.6669561862945557, 0.46062976121902466, -0.8644515872001648, 0.20135435461997986], "cam_t_m2c": [122.31925964355469, -104.63224029541016, 3991.28564453125], "obj_id": 1}, {"cam_R_m2c": [-0.8960022330284119, -0.3503665626049042, 0.27280598878860474, 0.30125701427459717, -0.9309777617454529, -0.20621448755264282, 0.32622700929641724, -0.10258394479751587, 0.9397087097167969], "cam_t_m2c": [-130.4525146484375, -66.24967956542969, 4019.946044921875], "obj_id": 1}, {"cam_R_m2c": [0.6695321798324585, -0.6115843653678894, -0.42153435945510864, 0.29891952872276306, 0.7413733601570129, -0.6008432507514954, 0.6799806952476501, 0.2762790024280548, 0.6791878342628479], "cam_t_m2c": [-142.8139190673828, -152.67620849609375, 3900.439697265625], "obj_id": 1}, {"cam_R_m2c": [0.6005492210388184, -0.7982553243637085, -0.046141065657138824, -0.786910355091095, -0.5798075199127197, -0.21117566525936127, 0.14181916415691376, 0.1631302684545517, -0.9763582944869995], "cam_t_m2c": [-358.45465087890625, -181.2471923828125, 3894.0283203125], "obj_id": 1}, {"cam_R_m2c": [0.9071842432022095, -0.3926815688610077, -0.1510559320449829, 0.14451338350772858, 0.6280103325843811, -0.7646691799163818, 0.39513617753982544, 0.671866238117218, 0.6264688372612], "cam_t_m2c": [-56.11061096191406, -130.25144958496094, 4164.232421875], "obj_id": 1}, {"cam_R_m2c": [0.8052188158035278, -0.13951805233955383, -0.5763309597969055, 0.4096195697784424, 0.8336349129676819, 0.37049242854118347, 0.42875921726226807, -0.534403920173645, 0.7284078598022461], "cam_t_m2c": [-3.4647228717803955, -74.88429260253906, 3569.48583984375], "obj_id": 2}, {"cam_R_m2c": [-0.2974356710910797, -0.20510044693946838, 0.9324514269828796, 0.8768500089645386, -0.4450629949569702, 0.18180450797080994, 0.3777115046977997, 0.8716952204704285, 0.31222003698349], "cam_t_m2c": [-153.8017578125, 59.327640533447266, 3667.94970703125], "obj_id": 2}, {"cam_R_m2c": [0.888714075088501, 0.08834957331418991, 0.44986850023269653, 0.36373382806777954, 0.46144232153892517, -0.809177815914154, -0.279078871011734, 0.8827601075172424, 0.37795454263687134], "cam_t_m2c": [191.010498046875, 25.645971298217773, 3878.991943359375], "obj_id": 1}, {"cam_R_m2c": [0.28498512506484985, -0.6672521233558655, 0.6881555914878845, 0.861271858215332, -0.13684944808483124, -0.48937010765075684, 0.42070692777633667, 0.7321522235870361, 0.5356853604316711], "cam_t_m2c": [214.6197509765625, -24.053577423095703, 3942.633056640625], "obj_id": 1}]
}