{
  "0": [{"cam_R_m2c": [-0.06562675535678864, 0.5070047974586487, 0.8594412207603455, -0.8388123512268066, 0.43846407532691956, -0.3227119445800781, -0.5404505729675293, -0.7420884966850281, 0.3965069651603699], "cam_t_m2c": [327.12786865234375, 5941.2060546875, 7867.595703125], "obj_id": 1}, {"cam_R_m2c": [-0.3638956546783447, -0.3559246361255646, 0.8607540130615234, 0.8467689156532288, 0.2585579752922058, 0.46489790081977844, -0.38802340626716614, 0.8980341553688049, 0.20729786157608032], "cam_t_m2c": [310.5104064941406, 6027.78564453125, 7761.84521484375], "obj_id": 0}, {"cam_R_m2c": [0.10003983974456787, -0.9171176552772522, 0.3858589231967926, -0.2947930693626404, -0.3977125585079193, -0.8688622713088989, 0.9503099322319031, -0.026827747002243996, -0.3101469874382019], "cam_t_m2c": [-119.6295166015625, -112.11085510253906, 748.5595703125], "obj_id": 1}, {"cam_R_m2c": [-0.6786273121833801, 0.583831250667572, -0.4456525146961212, 0.1513286828994751, 0.7048802971839905, 0.6929959654808044, 0.7187243700027466, 0.40284594893455505, -0.5667014718055725], "cam_t_m2c": [-6375.60693359375, -8964.021484375, -32587.41015625], "obj_id": 0}],
  "1": [{"cam_R_m2c": [-0.10837601125240326, -0.34865736961364746, -0.9309631586074829, 0.42658376693725586, -0.8621866106987, 0.2732399106025696, -0.8979313373565674, -0.36752113699913025, 0.24217219650745392], "cam_t_m2c": [730.4825439453125, -1285.7742919921875, 10247.32421875], "obj_id": 1}, {"cam_R_m2c": [0.57492995262146, 0.3602791428565979, -0.7346117496490479, -0.8148139715194702, 0.33373966813087463, -0.47402113676071167, 0.07438915967941284, 0.871100902557373, 0.48543742299079895], "cam_t_m2c": [772.73095703125, -1408.0284423828125, 10199.76953125], "obj_id": 0}, {"cam_R_m2c": [-0.21656490862369537, 0.7959396243095398, -0.5653136968612671, 0.7117753624916077, 0.5250517129898071, 0.4665795564651489, 0.6681880950927734, -0.3013315796852112, -0.6802380084991455], "cam_t_m2c": [89.17124938964844, 120.35244750976562, 1020.3567504882812], "obj_id": 1}, {"cam_R_m2c": [0.6569479703903198, -0.41896799206733704, 0.6268055438995361, 0.40360429883003235, -0.5067840814590454, -0.7617567181587219, 0.6368067860603333, 0.7534159421920776, -0.16383342444896698], "cam_t_m2c": [5772.83740234375, -8399.7919921875, -32503.994140625], "obj_id": 0}]
}