{
  "0": [{"cam_R_m2c": [0.9271028637886047, 0.1281053125858307, -0.35223472118377686, -0.16092224419116974, -0.7127000689506531, -0.6827610731124878, -0.33850300312042236, 0.6896721720695496, -0.6401312947273254], "cam_t_m2c": [37.31370544433594, -92.90133666992188, 291.95513916015625], "obj_id": 1}, {"cam_R_m2c": [0.9271028637886047, 0.1281053125858307, -0.35223472118377686, -0.16092224419116974, -0.7127000689506531, -0.6827610731124878, -0.33850300312042236, 0.6896721720695496, -0.6401312947273254], "cam_t_m2c": [37.31370544433594, -92.90133666992188, 291.95513916015625], "obj_id": 2}, {"cam_R_m2c": [0.9271028637886047, 0.1281053125858307, -0.35223472118377686, -0.16092224419116974, -0.7127000689506531, -0.6827610731124878, -0.33850300312042236, 0.6896721720695496, -0.6401312947273254], "cam_t_m2c": [37.31370544433594, -92.90133666992188, 291.95513916015625], "obj_id": 3}, {"cam_R_m2c": [0.9271028637886047, 0.1281053125858307, -0.35223472118377686, -0.16092224419116974, -0.7127000689506531, -0.6827610731124878, -0.33850300312042236, 0.6896721720695496, -0.6401312947273254], "cam_t_m2c": [37.31370544433594, -92.90133666992188, 291.95513916015625], "obj_id": 1}, {"cam_R_m2c": [0.9271028637886047, 0.1281053125858307, -0.35223472118377686, -0.16092224419116974, -0.7127000689506531, -0.6827610731124878, -0.33850300312042236, 0.6896721720695496, -0.6401312947273254], "cam_t_m2c": [37.31370544433594, -92.90133666992188, 291.95513916015625], "obj_id": 3}, {"cam_R_m2c": [0.9271028637886047, 0.1281053125858307, -0.35223472118377686, -0.16092224419116974, -0.7127000689506531, -0.6827610731124878, -0.33850300312042236, 0.6896721720695496, -0.6401312947273254], "cam_t_m2c": [37.31370544433594, -92.90133666992188, 291.95513916015625], "obj_id": 3}, {"cam_R_m2c": [0.9271028637886047, 0.1281053125858307, -0.35223472118377686, -0.16092224419116974, -0.7127000689506531, -0.6827610731124878, -0.33850300312042236, 0.6896721720695496, -0.6401312947273254], "cam_t_m2c": [37.31370544433594, -92.90133666992188, 291.95513916015625], "obj_id": 1}, {"cam_R_m2c": [0.9271028637886047, 0.1281053125858307, -0.35223472118377686, -0.16092224419116974, -0.7127000689506531, -0.6827610731124878, -0.33850300312042236, 0.6896721720695496, -0.6401312947273254], "cam_t_m2c": [37.31370544433594, -92.90133666992188, 291.95513916015625], "obj_id": 3}, {"cam_R_m2c": [0.9271028637886047, 0.1281053125858307, -0.35223472118377686, -0.16092224419116974, -0.7127000689506531, -0.6827610731124878, -0.33850300312042236, 0.6896721720695496, -0.6401312947273254], "cam_t_m2c": [37.31370544433594, -92.90133666992188, 291.95513916015625], "obj_id": 3}, {"cam_R_m2c": [0.9271028637886047, 0.1281053125858307, -0.35223472118377686, -0.16092224419116974, -0.7127000689506531, -0.6827610731124878, -0.33850300312042236, 0.6896721720695496, -0.6401312947273254], "cam_t_m2c": [37.31370544433594, -92.90133666992188, 291.95513916015625], "obj_id": 3}, {"cam_R_m2c": [0.9271028637886047, 0.1281053125858307, -0.35223472118377686, -0.16092224419116974, -0.7127000689506531, -0.6827610731124878, -0.33850300312042236, 0.6896721720695496, -0.6401312947273254], "cam_t_m2c": [37.31370544433594, -92.90133666992188, 291.95513916015625], "obj_id": 1}, {"cam_R_m2c": [0.9271028637886047, 0.1281053125858307, -0.35223472118377686, -0.16092224419116974, -0.7127000689506531, -0.6827610731124878, -0.33850300312042236, 0.6896721720695496, -0.6401312947273254], "cam_t_m2c": [37.31370544433594, -92.90133666992188, 291.95513916015625], "obj_id": 2}, {"cam_R_m2c": [0.9271028637886047, 0.1281053125858307, -0.35223472118377686, -0.16092224419116974, -0.7127000689506531, -0.6827610731124878, -0.33850300312042236, 0.6896721720695496, -0.6401312947273254], "cam_t_m2c": [37.31370544433594, -92.90133666992188, 291.95513916015625], "obj_id": 1}, {"cam_R_m2c": [0.9271028637886047, 0.1281053125858307, -0.35223472118377686, -0.16092224419116974, -0.7127000689506531, -0.6827610731124878, -0.33850300312042236, 0.6896721720695496, -0.6401312947273254], "cam_t_m2c": [37.31370544433594, -92.90133666992188, 291.95513916015625], "obj_id": 2}, {"cam_R_m2c": [0.9271028637886047, 0.1281053125858307, -0.35223472118377686, -0.16092224419116974, -0.7127000689506531, -0.6827610731124878, -0.33850300312042236, 0.6896721720695496, -0.6401312947273254], "cam_t_m2c": [37.31370544433594, -92.90133666992188, 291.95513916015625], "obj_id": 3}, {"cam_R_m2c": [0.9271028637886047, 0.1281053125858307, -0.35223472118377686, -0.16092224419116974, -0.7127000689506531, -0.6827610731124878, -0.33850300312042236, 0.6896721720695496, -0.6401312947273254], "cam_t_m2c": [37.31370544433594, -92.90133666992188, 291.95513916015625], "obj_id": 1}, {"cam_R_m2c": [0.9271028637886047, 0.1281053125858307, -0.35223472118377686, -0.16092224419116974, -0.7127000689506531, -0.6827610731124878, -0.33850300312042236, 0.6896721720695496, -0.6401312947273254], "cam_t_m2c": [37.31370544433594, -92.90133666992188, 291.95513916015625], "obj_id": 1}, {"cam_R_m2c": [0.9271028637886047, 0.1281053125858307, -0.35223472118377686, -0.16092224419116974, -0.7127000689506531, -0.6827610731124878, -0.33850300312042236, 0.6896721720695496, -0.6401312947273254], "cam_t_m2c": [37.31370544433594, -92.90133666992188, 291.95513916015625], "obj_id": 1}, {"cam_R_m2c": [0.9271028637886047, 0.1281053125858307, -0.35223472118377686, -0.16092224419116974, -0.7127000689506531, -0.6827610731124878, -0.33850300312042236, 0.6896721720695496, -0.6401312947273254], "cam_t_m2c": [37.31370544433594, -92.90133666992188, 291.95513916015625], "obj_id": 1}, {"cam_R_m2c": [0.9271028637886047, 0.1281053125858307, -0.35223472118377686, -0.16092224419116974, -0.7127000689506531, -0.6827610731124878, -0.33850300312042236, 0.6896721720695496, -0.6401312947273254], "cam_t_m2c": [37.31370544433594, -92.90133666992188, 291.95513916015625], "obj_id": 2}, {"cam_R_m2c": [0.9271028637886047, 0.1281053125858307, -0.35223472118377686, -0.16092224419116974, -0.7127000689506531, -0.6827610731124878, -0.33850300312042236, 0.6896721720695496, -0.6401312947273254], "cam_t_m2c": [37.31370544433594, -92.90133666992188, 291.95513916015625], "obj_id": 1}, {"cam_R_m2c": [0.9271028637886047, 0.1281053125858307, -0.35223472118377686, -0.16092224419116974, -0.7127000689506531, -0.6827610731124878, -0.33850300312042236, 0.6896721720695496, -0.6401312947273254], "cam_t_m2c": [37.31370544433594, -92.90133666992188, 291.95513916015625], "obj_id": 2}, {"cam_R_m2c": [0.9271028637886047, 0.1281053125858307, -0.35223472118377686, -0.16092224419116974, -0.7127000689506531, -0.6827610731124878, -0.33850300312042236, 0.6896721720695496, -0.6401312947273254], "cam_t_m2c": [37.31370544433594, -92.90133666992188, 291.95513916015625], "obj_id": 3}, {"cam_R_m2c": [0.9271028637886047, 0.1281053125858307, -0.35223472118377686, -0.16092224419116974, -0.7127000689506531, -0.6827610731124878, -0.33850300312042236, 0.6896721720695496, -0.6401312947273254], "cam_t_m2c": [37.31370544433594, -92.90133666992188, 291.95513916015625], "obj_id": 1}, {"cam_R_m2c": [0.9980862140655518, 0.06023891270160675, 0.013969951309263706, 0.06058575212955475, -0.9073736667633057, -0.4159354865550995, -0.012379535473883152, 0.4159858524799347, -0.9092867374420166], "cam_t_m2c": [2915.355224609375, 5215.52294921875, 5482.94775390625], "obj_id": 0}, {"cam_R_m2c": [0.4685726761817932, -0.6003254652023315, 0.6481118202209473, 0.8825880289077759, 0.3500397801399231, -0.31386375427246094, -0.038444507867097855, 0.7190837264060974, 0.6938591599464417], "cam_t_m2c": [-144.32272338867188, -133.13720703125, 396.0519104003906], "obj_id": 3}, {"cam_R_m2c": [-0.8877691030502319, -0.4539349675178528, -0.07621496915817261, -0.34508129954338074, 0.5468023419380188, 0.762840747833252, -0.3046056032180786, 0.7035269737243652, -0.6420786380767822], "cam_t_m2c": [123.44849395751953, -92.88516998291016, 198.3166961669922], "obj_id": 3}, {"cam_R_m2c": [0.054467037320137024, -0.25403162837028503, -0.9656609296798706, -0.6040383577346802, -0.7784559726715088, 0.17071454226970673, -0.7950916290283203, 0.5739980340003967, -0.1958448588848114], "cam_t_m2c": [-83.04095458984375, -1.8693674802780151, 216.1017608642578], "obj_id": 1}, {"cam_R_m2c": [0.7537600994110107, 0.6428819298744202, -0.1361927092075348, -0.10326414555311203, 0.3205467462539673, 0.9415870308876038, 0.6489855051040649, -0.6956669092178345, 0.3080020248889923], "cam_t_m2c": [197.7669219970703, -189.2351531982422, 346.8509216308594], "obj_id": 1}, {"cam_R_m2c": [0.47361278533935547, 0.8453019261360168, -0.24729657173156738, 0.807614803314209, -0.3048079013824463, 0.5048272013664246, 0.3513534665107727, -0.4388130009174347, -0.8270393013954163], "cam_t_m2c": [2985.1337890625, 5306.11474609375, 5340.58837890625], "obj_id": 0}, {"cam_R_m2c": [0.22091320157051086, -0.776759684085846, -0.5897810459136963, 0.9063572883605957, -0.059805236756801605, 0.4182578921318054, -0.36015790700912476, -0.6269510984420776, 0.6908100843429565], "cam_t_m2c": [-181.2360076904297, 38.75114059448242, 216.62644958496094], "obj_id": 0}, {"cam_R_m2c": [-0.8522443175315857, -0.5131717920303345, 0.10165684670209885, -0.19249536097049713, 0.4882993996143341, 0.8511810302734375, -0.48644110560417175, 0.705845832824707, -0.5149335861206055], "cam_t_m2c": [28.04169464111328, -17.65214729309082, 172.82894897460938], "obj_id": 3}],
  "1": [{"cam_R_m2c": [0.6091741919517517, -0.7361739873886108, 0.29488059878349304, -0.5098782777786255, -0.6483768224716187, -0.5653595328330994, 0.6073967814445496, 0.1940491944551468, -0.7703335881233215], "cam_t_m2c": [-113.08113861083984, -87.1864013671875, 218.47817993164062], "obj_id": 1}, {"cam_R_m2c": [0.6091741919517517, -0.7361739873886108, 0.29488059878349304, -0.5098782777786255, -0.6483768224716187, -0.5653595328330994, 0.6073967814445496, 0.1940491944551468, -0.7703335881233215], "cam_t_m2c": [-113.08113861083984, -87.1864013671875, 218.47817993164062], "obj_id": 2}, {"cam_R_m2c": [0.6091741919517517, -0.7361739873886108, 0.29488059878349304, -0.5098782777786255, -0.6483768224716187, -0.5653595328330994, 0.6073967814445496, 0.1940491944551468, -0.7703335881233215], "cam_t_m2c": [-113.08113861083984, -87.1864013671875, 218.47817993164062], "obj_id": 3}, {"cam_R_m2c": [0.6091741919517517, -0.7361739873886108, 0.29488059878349304, -0.5098782777786255, -0.6483768224716187, -0.5653595328330994, 0.6073967814445496, 0.1940491944551468, -0.7703335881233215], "cam_t_m2c": [-113.08113861083984, -87.1864013671875, 218.47817993164062], "obj_id": 1}, {"cam_R_m2c": [0.6091741919517517, -0.7361739873886108, 0.29488059878349304, -0.5098782777786255, -0.6483768224716187, -0.5653595328330994, 0.6073967814445496, 0.1940491944551468, -0.7703335881233215], "cam_t_m2c": [-113.08113861083984, -87.1864013671875, 218.47817993164062], "obj_id": 3}, {"cam_R_m2c": [0.6091741919517517, -0.7361739873886108, 0.29488059878349304, -0.5098782777786255, -0.6483768224716187, -0.5653595328330994, 0.6073967814445496, 0.1940491944551468, -0.7703335881233215], "cam_t_m2c": [-113.08113861083984, -87.1864013671875, 218.47817993164062], "obj_id": 3}, {"cam_R_m2c": [0.6091741919517517, -0.7361739873886108, 0.29488059878349304, -0.5098782777786255, -0.6483768224716187, -0.5653595328330994, 0.6073967814445496, 0.1940491944551468, -0.7703335881233215], "cam_t_m2c": [-113.08113861083984, -87.1864013671875, 218.47817993164062], "obj_id": 1}, {"cam_R_m2c": [0.6091741919517517, -0.7361739873886108, 0.29488059878349304, -0.5098782777786255, -0.6483768224716187, -0.5653595328330994, 0.6073967814445496, 0.1940491944551468, -0.7703335881233215], "cam_t_m2c": [-113.08113861083984, -87.1864013671875, 218.47817993164062], "obj_id": 3}, {"cam_R_m2c": [0.6091741919517517, -0.7361739873886108, 0.29488059878349304, -0.5098782777786255, -0.6483768224716187, -0.5653595328330994, 0.6073967814445496, 0.1940491944551468, -0.7703335881233215], "cam_t_m2c": [-113.08113861083984, -87.1864013671875, 218.47817993164062], "obj_id": 3}, {"cam_R_m2c": [0.6091741919517517, -0.7361739873886108, 0.29488059878349304, -0.5098782777786255, -0.6483768224716187, -0.5653595328330994, 0.6073967814445496, 0.1940491944551468, -0.7703335881233215], "cam_t_m2c": [-113.08113861083984, -87.1864013671875, 218.47817993164062], "obj_id": 3}, {"cam_R_m2c": [0.6091741919517517, -0.7361739873886108, 0.29488059878349304, -0.5098782777786255, -0.6483768224716187, -0.5653595328330994, 0.6073967814445496, 0.1940491944551468, -0.7703335881233215], "cam_t_m2c": [-113.08113861083984, -87.1864013671875, 218.47817993164062], "obj_id": 1}, {"cam_R_m2c": [0.6091741919517517, -0.7361739873886108, 0.29488059878349304, -0.5098782777786255, -0.6483768224716187, -0.5653595328330994, 0.6073967814445496, 0.1940491944551468, -0.7703335881233215], "cam_t_m2c": [-113.08113861083984, -87.1864013671875, 218.47817993164062], "obj_id": 2}, {"cam_R_m2c": [0.6091741919517517, -0.7361739873886108, 0.29488059878349304, -0.5098782777786255, -0.6483768224716187, -0.5653595328330994, 0.6073967814445496, 0.1940491944551468, -0.7703335881233215], "cam_t_m2c": [-113.08113861083984, -87.1864013671875, 218.47817993164062], "obj_id": 1}, {"cam_R_m2c": [0.6091741919517517, -0.7361739873886108, 0.29488059878349304, -0.5098782777786255, -0.6483768224716187, -0.5653595328330994, 0.6073967814445496, 0.1940491944551468, -0.7703335881233215], "cam_t_m2c": [-113.08113861083984, -87.1864013671875, 218.47817993164062], "obj_id": 2}, {"cam_R_m2c": [0.6091741919517517, -0.7361739873886108, 0.29488059878349304, -0.5098782777786255, -0.6483768224716187, -0.5653595328330994, 0.6073967814445496, 0.1940491944551468, -0.7703335881233215], "cam_t_m2c": [-113.08113861083984, -87.1864013671875, 218.47817993164062], "obj_id": 3}, {"cam_R_m2c": [0.6091741919517517, -0.7361739873886108, 0.29488059878349304, -0.5098782777786255, -0.6483768224716187, -0.5653595328330994, 0.6073967814445496, 0.1940491944551468, -0.7703335881233215], "cam_t_m2c": [-113.08113861083984, -87.1864013671875, 218.47817993164062], "obj_id": 1}, {"cam_R_m2c": [0.6091741919517517, -0.7361739873886108, 0.29488059878349304, -0.5098782777786255, -0.6483768224716187, -0.5653595328330994, 0.6073967814445496, 0.1940491944551468, -0.7703335881233215], "cam_t_m2c": [-113.08113861083984, -87.1864013671875, 218.47817993164062], "obj_id": 1}, {"cam_R_m2c": [0.6091741919517517, -0.7361739873886108, 0.29488059878349304, -0.5098782777786255, -0.6483768224716187, -0.5653595328330994, 0.6073967814445496, 0.1940491944551468, -0.7703335881233215], "cam_t_m2c": [-113.08113861083984, -87.1864013671875, 218.47817993164062], "obj_id": 1}, {"cam_R_m2c": [0.6091741919517517, -0.7361739873886108, 0.29488059878349304, -0.5098782777786255, -0.6483768224716187, -0.5653595328330994, 0.6073967814445496, 0.1940491944551468, -0.7703335881233215], "cam_t_m2c": [-113.08113861083984, -87.1864013671875, 218.47817993164062], "obj_id": 1}, {"cam_R_m2c": [0.6091741919517517, -0.7361739873886108, 0.29488059878349304, -0.5098782777786255, -0.6483768224716187, -0.5653595328330994, 0.6073967814445496, 0.1940491944551468, -0.7703335881233215], "cam_t_m2c": [-113.08113861083984, -87.1864013671875, 218.47817993164062], "obj_id": 2}, {"cam_R_m2c": [0.6091741919517517, -0.7361739873886108, 0.29488059878349304, -0.5098782777786255, -0.6483768224716187, -0.5653595328330994, 0.6073967814445496, 0.1940491944551468, -0.7703335881233215], "cam_t_m2c": [-113.08113861083984, -87.1864013671875, 218.47817993164062], "obj_id": 1}, {"cam_R_m2c": [0.6091741919517517, -0.7361739873886108, 0.29488059878349304, -0.5098782777786255, -0.6483768224716187, -0.5653595328330994, 0.6073967814445496, 0.1940491944551468, -0.7703335881233215], "cam_t_m2c": [-113.08113861083984, -87.1864013671875, 218.47817993164062], "obj_id": 2}, {"cam_R_m2c": [0.6091741919517517, -0.7361739873886108, 0.29488059878349304, -0.5098782777786255, -0.6483768224716187, -0.5653595328330994, 0.6073967814445496, 0.1940491944551468, -0.7703335881233215], "cam_t_m2c": [-113.08113861083984, -87.1864013671875, 218.47817993164062], "obj_id": 3}, {"cam_R_m2c": [0.6091741919517517, -0.7361739873886108, 0.29488059878349304, -0.5098782777786255, -0.6483768224716187, -0.5653595328330994, 0.6073967814445496, 0.1940491944551468, -0.7703335881233215], "cam_t_m2c": [-113.08113861083984, -87.1864013671875, 218.47817993164062], "obj_id": 1}, {"cam_R_m2c": [0.39071595668792725, -0.5578615665435791, 0.7322099804878235, -0.3006753623485565, -0.8291516900062561, -0.4712763726711273, 0.8700202703475952, -0.03602234646677971, -0.49169793725013733], "cam_t_m2c": [-2547.82861328125, 4277.41064453125, 6417.76708984375], "obj_id": 0}, {"cam_R_m2c": [0.40533319115638733, -0.790316104888916, -0.45946204662323, 0.6504783034324646, 0.6024848818778992, -0.4624822735786438, 0.6423261761665344, -0.1114106997847557, 0.7582906484603882], "cam_t_m2c": [-282.7000427246094, -50.74382019042969, 94.59027862548828], "obj_id": 3}, {"cam_R_m2c": [-0.1282351315021515, -0.6782752275466919, 0.7235318422317505, -0.030974870547652245, 0.7319385409355164, 0.6806662082672119, -0.9912599325180054, 0.0648740604519844, -0.11486971378326416], "cam_t_m2c": [3.0251619815826416, -126.06733703613281, 253.0463104248047], "obj_id": 3}, {"cam_R_m2c": [0.6015921831130981, -0.7866602540016174, -0.1387532353401184, -0.6507107615470886, -0.583360493183136, 0.4860718846321106, -0.46331658959388733, -0.2021288126707077, -0.8628333806991577], "cam_t_m2c": [-68.21997833251953, 33.78514862060547, 109.48664093017578], "obj_id": 1}, {"cam_R_m2c": [-0.33277541399002075, 0.9358677864074707, -0.11580916494131088, -0.30818846821784973, 0.008132204413414001, 0.951290488243103, 0.8912239670753479, 0.35225725173950195, 0.28571760654449463], "cam_t_m2c": [-125.51889038085938, -229.2201385498047, 351.5597229003906], "obj_id": 1}, {"cam_R_m2c": [0.03842261806130409, 0.6373165845870972, 0.7696436047554016, 0.6129859685897827, -0.6233017444610596, 0.48553383350372314, 0.7891589999198914, 0.4531252384185791, -0.41461503505706787], "cam_t_m2c": [-2373.330810546875, 4324.357421875, 6444.0107421875], "obj_id": 0}, {"cam_R_m2c": [0.6103056073188782, 0.2677127718925476, -0.7455580830574036, 0.7328145503997803, 0.1666351705789566, 0.6597086787223816, 0.3008486330509186, -0.9489797353744507, -0.09448542445898056], "cam_t_m2c": [-95.53897857666016, 106.63370513916016, 37.10344314575195], "obj_id": 0}, {"cam_R_m2c": [0.08330773562192917, -0.7152655124664307, 0.6938696503639221, 0.08240419626235962, 0.6988499164581299, 0.7105057239532471, -0.9931109547615051, -0.0020128439646214247, 0.11716048419475555], "cam_t_m2c": [8.007927894592285, -24.289899826049805, 182.1336212158203], "obj_id": 3}]
}