{
  "0": [{"cam_R_m2c": [0.32868292927742004, -0.9270405769348145, 0.1804530918598175, -0.8995933532714844, -0.24912841618061066, 0.35870161652565, -0.28757497668266296, -0.2802335023880005, -0.9158437848091125], "cam_t_m2c": [9321.431640625, 3046.544921875, -26056.505859375], "obj_id": 1}, {"cam_R_m2c": [0.37138670682907104, -0.8526169657707214, -0.36758148670196533, 0.9218669533729553, 0.2914535403251648, 0.25537434220314026, -0.11060358583927155, -0.43370386958122253, 0.894241452217102], "cam_t_m2c": [2100.7744140625, 28903.42578125, 17529.6953125], "obj_id": 0}, {"cam_R_m2c": [0.19878840446472168, -0.5047087073326111, -0.8400906324386597, -0.7292737364768982, -0.6488218903541565, 0.21723240613937378, -0.6547083258628845, 0.5694727301597595, -0.4970490634441376], "cam_t_m2c": [-116.3079605102539, -105.19808197021484, 1094.5382080078125], "obj_id": 1}, {"cam_R_m2c": [-0.07713980227708817, 0.8876246213912964, -0.4540615975856781, -0.3516010046005249, 0.4019414484500885, 0.845470130443573, 0.9329662919044495, 0.22486795485019684, 0.2810840606689453], "cam_t_m2c": [3055.116455078125, 27944.482421875, 10536.125], "obj_id": 1}],
  "1": [{"cam_R_m2c": [-0.1932169497013092, -0.3180643916130066, 0.9281714558601379, -0.6782662868499756, 0.726853609085083, 0.1078827753663063, -0.7089584469795227, -0.6087026000022888, -0.3561728000640869], "cam_t_m2c": [24620.54296875, -3840.528564453125, -13739.765625], "obj_id": 1}, {"cam_R_m2c": [0.7663474082946777, 0.1366480588912964, -0.6277251839637756, 0.11730216443538666, 0.9309257864952087, 0.3458574116230011, 0.631626307964325, -0.3386804759502411, 0.697383463382721], "cam_t_m2c": [6148.4638671875, 9906.6083984375, 31979.69140625], "obj_id": 0}, {"cam_R_m2c": [0.11374388635158539, -0.9831893444061279, 0.14283253252506256, -0.44519394636154175, 0.07808440178632736, 0.8920231461524963, -0.8881806135177612, -0.16505040228366852, -0.4288283586502075], "cam_t_m2c": [-141.847412109375, 47.77240753173828, 678.7752685546875], "obj_id": 1}, {"cam_R_m2c": [-0.8948825001716614, 0.43094363808631897, 0.11607319116592407, -0.1970365047454834, -0.6148427724838257, 0.7636393308639526, 0.40045225620269775, 0.6604967713356018, 0.635123610496521], "cam_t_m2c": [10900.154296875, 9372.1376953125, 26700.015625], "obj_id": 1}]
}