{
  "0": [{"cam_R_m2c": [0.1587514877319336, -0.793736457824707, -0.5871801376342773, -0.6315239667892456, 0.37551626563072205, -0.6783547401428223, 0.7589305639266968, 0.4785081446170807, -0.44164982438087463], "cam_t_m2c": [56.41525650024414, -61.908485412597656, 237.0489044189453], "obj_id": 1}, {"cam_R_m2c": [0.1587514877319336, -0.793736457824707, -0.5871801376342773, -0.6315239667892456, 0.37551626563072205, -0.6783547401428223, 0.7589305639266968, 0.4785081446170807, -0.44164982438087463], "cam_t_m2c": [56.41525650024414, -61.908485412597656, 237.0489044189453], "obj_id": 2}, {"cam_R_m2c": [0.1587514877319336, -0.793736457824707, -0.5871801376342773, -0.6315239667892456, 0.37551626563072205, -0.6783547401428223, 0.7589305639266968, 0.4785081446170807, -0.44164982438087463], "cam_t_m2c": [56.41525650024414, -61.908485412597656, 237.0489044189453], "obj_id": 0}, {"cam_R_m2c": [0.1587514877319336, -0.793736457824707, -0.5871801376342773, -0.6315239667892456, 0.37551626563072205, -0.6783547401428223, 0.7589305639266968, 0.4785081446170807, -0.44164982438087463], "cam_t_m2c": [56.41525650024414, -61.908485412597656, 237.0489044189453], "obj_id": 1}, {"cam_R_m2c": [0.1587514877319336, -0.793736457824707, -0.5871801376342773, -0.6315239667892456, 0.37551626563072205, -0.6783547401428223, 0.7589305639266968, 0.4785081446170807, -0.44164982438087463], "cam_t_m2c": [56.41525650024414, -61.908485412597656, 237.0489044189453], "obj_id": 3}, {"cam_R_m2c": [0.1587514877319336, -0.793736457824707, -0.5871801376342773, -0.6315239667892456, 0.37551626563072205, -0.6783547401428223, 0.7589305639266968, 0.4785081446170807, -0.44164982438087463], "cam_t_m2c": [56.41525650024414, -61.908485412597656, 237.0489044189453], "obj_id": 2}, {"cam_R_m2c": [0.1587514877319336, -0.793736457824707, -0.5871801376342773, -0.6315239667892456, 0.37551626563072205, -0.6783547401428223, 0.7589305639266968, 0.4785081446170807, -0.44164982438087463], "cam_t_m2c": [56.41525650024414, -61.908485412597656, 237.0489044189453], "obj_id": 0}, {"cam_R_m2c": [0.1587514877319336, -0.793736457824707, -0.5871801376342773, -0.6315239667892456, 0.37551626563072205, -0.6783547401428223, 0.7589305639266968, 0.4785081446170807, -0.44164982438087463], "cam_t_m2c": [56.41525650024414, -61.908485412597656, 237.0489044189453], "obj_id": 1}, {"cam_R_m2c": [0.1587514877319336, -0.793736457824707, -0.5871801376342773, -0.6315239667892456, 0.37551626563072205, -0.6783547401428223, 0.7589305639266968, 0.4785081446170807, -0.44164982438087463], "cam_t_m2c": [56.41525650024414, -61.908485412597656, 237.0489044189453], "obj_id": 2}, {"cam_R_m2c": [0.1587514877319336, -0.793736457824707, -0.5871801376342773, -0.6315239667892456, 0.37551626563072205, -0.6783547401428223, 0.7589305639266968, 0.4785081446170807, -0.44164982438087463], "cam_t_m2c": [56.41525650024414, -61.908485412597656, 237.0489044189453], "obj_id": 2}, {"cam_R_m2c": [0.1587514877319336, -0.793736457824707, -0.5871801376342773, -0.6315239667892456, 0.37551626563072205, -0.6783547401428223, 0.7589305639266968, 0.4785081446170807, -0.44164982438087463], "cam_t_m2c": [56.41525650024414, -61.908485412597656, 237.0489044189453], "obj_id": 3}, {"cam_R_m2c": [0.1587514877319336, -0.793736457824707, -0.5871801376342773, -0.6315239667892456, 0.37551626563072205, -0.6783547401428223, 0.7589305639266968, 0.4785081446170807, -0.44164982438087463], "cam_t_m2c": [56.41525650024414, -61.908485412597656, 237.0489044189453], "obj_id": 2}, {"cam_R_m2c": [0.1587514877319336, -0.793736457824707, -0.5871801376342773, -0.6315239667892456, 0.37551626563072205, -0.6783547401428223, 0.7589305639266968, 0.4785081446170807, -0.44164982438087463], "cam_t_m2c": [56.41525650024414, -61.908485412597656, 237.0489044189453], "obj_id": 3}, {"cam_R_m2c": [0.1587514877319336, -0.793736457824707, -0.5871801376342773, -0.6315239667892456, 0.37551626563072205, -0.6783547401428223, 0.7589305639266968, 0.4785081446170807, -0.44164982438087463], "cam_t_m2c": [56.41525650024414, -61.908485412597656, 237.0489044189453], "obj_id": 1}, {"cam_R_m2c": [0.1587514877319336, -0.793736457824707, -0.5871801376342773, -0.6315239667892456, 0.37551626563072205, -0.6783547401428223, 0.7589305639266968, 0.4785081446170807, -0.44164982438087463], "cam_t_m2c": [56.41525650024414, -61.908485412597656, 237.0489044189453], "obj_id": 0}, {"cam_R_m2c": [0.1587514877319336, -0.793736457824707, -0.5871801376342773, -0.6315239667892456, 0.37551626563072205, -0.6783547401428223, 0.7589305639266968, 0.4785081446170807, -0.44164982438087463], "cam_t_m2c": [56.41525650024414, -61.908485412597656, 237.0489044189453], "obj_id": 0}, {"cam_R_m2c": [0.1587514877319336, -0.793736457824707, -0.5871801376342773, -0.6315239667892456, 0.37551626563072205, -0.6783547401428223, 0.7589305639266968, 0.4785081446170807, -0.44164982438087463], "cam_t_m2c": [56.41525650024414, -61.908485412597656, 237.0489044189453], "obj_id": 2}, {"cam_R_m2c": [0.1587514877319336, -0.793736457824707, -0.5871801376342773, -0.6315239667892456, 0.37551626563072205, -0.6783547401428223, 0.7589305639266968, 0.4785081446170807, -0.44164982438087463], "cam_t_m2c": [56.41525650024414, -61.908485412597656, 237.0489044189453], "obj_id": 2}, {"cam_R_m2c": [0.1587514877319336, -0.793736457824707, -0.5871801376342773, -0.6315239667892456, 0.37551626563072205, -0.6783547401428223, 0.7589305639266968, 0.4785081446170807, -0.44164982438087463], "cam_t_m2c": [56.41525650024414, -61.908485412597656, 237.0489044189453], "obj_id": 0}, {"cam_R_m2c": [0.1587514877319336, -0.793736457824707, -0.5871801376342773, -0.6315239667892456, 0.37551626563072205, -0.6783547401428223, 0.7589305639266968, 0.4785081446170807, -0.44164982438087463], "cam_t_m2c": [56.41525650024414, -61.908485412597656, 237.0489044189453], "obj_id": 3}, {"cam_R_m2c": [0.1587514877319336, -0.793736457824707, -0.5871801376342773, -0.6315239667892456, 0.37551626563072205, -0.6783547401428223, 0.7589305639266968, 0.4785081446170807, -0.44164982438087463], "cam_t_m2c": [56.41525650024414, -61.908485412597656, 237.0489044189453], "obj_id": 3}, {"cam_R_m2c": [0.1587514877319336, -0.793736457824707, -0.5871801376342773, -0.6315239667892456, 0.37551626563072205, -0.6783547401428223, 0.7589305639266968, 0.4785081446170807, -0.44164982438087463], "cam_t_m2c": [56.41525650024414, -61.908485412597656, 237.0489044189453], "obj_id": 1}, {"cam_R_m2c": [0.1587514877319336, -0.793736457824707, -0.5871801376342773, -0.6315239667892456, 0.37551626563072205, -0.6783547401428223, 0.7589305639266968, 0.4785081446170807, -0.44164982438087463], "cam_t_m2c": [56.41525650024414, -61.908485412597656, 237.0489044189453], "obj_id": 1}, {"cam_R_m2c": [0.1587514877319336, -0.793736457824707, -0.5871801376342773, -0.6315239667892456, 0.37551626563072205, -0.6783547401428223, 0.7589305639266968, 0.4785081446170807, -0.44164982438087463], "cam_t_m2c": [56.41525650024414, -61.908485412597656, 237.0489044189453], "obj_id": 2}, {"cam_R_m2c": [0.00767112011089921, 0.8356626629829407, 0.5491892695426941, -0.04837808012962341, 0.5488725900650024, -0.8345048427581787, -0.9987995028495789, -0.020167242735624313, 0.04463828355073929], "cam_t_m2c": [-19.772411346435547, -5.545577049255371, 186.2004852294922], "obj_id": 3}, {"cam_R_m2c": [-0.2058412879705429, 0.9706130623817444, -0.12465765327215195, 0.2551555037498474, 0.17621289193630219, 0.9507074356079102, 0.9447354078292847, 0.16388779878616333, -0.28392913937568665], "cam_t_m2c": [121.74205017089844, -87.92546081542969, 129.73236083984375], "obj_id": 3}, {"cam_R_m2c": [-0.431275337934494, 0.10689864307641983, 0.8958649635314941, 0.8200917840003967, -0.3674757182598114, 0.4386465847492218, 0.37609943747520447, 0.9238690733909607, 0.07081669569015503], "cam_t_m2c": [76.45076751708984, -161.5775604248047, 287.20269775390625], "obj_id": 3}, {"cam_R_m2c": [0.14052532613277435, -0.581565260887146, -0.8012705445289612, 0.4751513600349426, 0.7496265769004822, -0.4607506990432739, 0.8686103224754333, -0.31597763299942017, 0.38167303800582886], "cam_t_m2c": [4572.7548828125, 5370.91650390625, 3691.431640625], "obj_id": 0}, {"cam_R_m2c": [-0.41708099842071533, 0.6798710823059082, -0.6031737923622131, 0.12230755388736725, 0.6996017098426819, 0.7039874196052551, 0.9006021022796631, 0.21984711289405823, -0.37494391202926636], "cam_t_m2c": [4629.10546875, 5448.87109375, 4040.91552734375], "obj_id": 2}, {"cam_R_m2c": [-0.6450315713882446, 0.5086358785629272, -0.5702839493751526, -0.14952141046524048, -0.8158761858940125, -0.5585601329803467, -0.7493848204612732, -0.27501925826072693, 0.6023178696632385], "cam_t_m2c": [-87.45349884033203, 3.8167219161987305, 244.36094665527344], "obj_id": 1}, {"cam_R_m2c": [-0.31071507930755615, -0.03135063499212265, -0.9499858617782593, -0.6223998665809631, 0.7620921730995178, 0.1784205287694931, 0.7183831930160522, 0.6467090845108032, -0.25630614161491394], "cam_t_m2c": [4842.53564453125, 5294.63232421875, 3705.801025390625], "obj_id": 0}, {"cam_R_m2c": [-0.04070591181516647, 0.7844054698944092, 0.6189112067222595, -0.8605983853340149, -0.3422391712665558, 0.3771507441997528, 0.5076547861099243, -0.517281711101532, 0.6889892816543579], "cam_t_m2c": [-71.74118041992188, 69.70095825195312, 229.56541442871094], "obj_id": 1}],
  "1": [{"cam_R_m2c": [0.5370843410491943, -0.6176702976226807, 0.574476957321167, 0.037335172295570374, -0.6629661321640015, -0.7477177977561951, 0.8427019119262695, 0.42303571105003357, -0.3330078721046448], "cam_t_m2c": [58.35902786254883, 41.602352142333984, 244.9689483642578], "obj_id": 1}, {"cam_R_m2c": [0.5370843410491943, -0.6176702976226807, 0.574476957321167, 0.037335172295570374, -0.6629661321640015, -0.7477177977561951, 0.8427019119262695, 0.42303571105003357, -0.3330078721046448], "cam_t_m2c": [58.35902786254883, 41.602352142333984, 244.9689483642578], "obj_id": 2}, {"cam_R_m2c": [0.5370843410491943, -0.6176702976226807, 0.574476957321167, 0.037335172295570374, -0.6629661321640015, -0.7477177977561951, 0.8427019119262695, 0.42303571105003357, -0.3330078721046448], "cam_t_m2c": [58.35902786254883, 41.602352142333984, 244.9689483642578], "obj_id": 0}, {"cam_R_m2c": [0.5370843410491943, -0.6176702976226807, 0.574476957321167, 0.037335172295570374, -0.6629661321640015, -0.7477177977561951, 0.8427019119262695, 0.42303571105003357, -0.3330078721046448], "cam_t_m2c": [58.35902786254883, 41.602352142333984, 244.9689483642578], "obj_id": 1}, {"cam_R_m2c": [0.5370843410491943, -0.6176702976226807, 0.574476957321167, 0.037335172295570374, -0.6629661321640015, -0.7477177977561951, 0.8427019119262695, 0.42303571105003357, -0.3330078721046448], "cam_t_m2c": [58.35902786254883, 41.602352142333984, 244.9689483642578], "obj_id": 3}, {"cam_R_m2c": [0.5370843410491943, -0.6176702976226807, 0.574476957321167, 0.037335172295570374, -0.6629661321640015, -0.7477177977561951, 0.8427019119262695, 0.42303571105003357, -0.3330078721046448], "cam_t_m2c": [58.35902786254883, 41.602352142333984, 244.9689483642578], "obj_id": 2}, {"cam_R_m2c": [0.5370843410491943, -0.6176702976226807, 0.574476957321167, 0.037335172295570374, -0.6629661321640015, -0.7477177977561951, 0.8427019119262695, 0.42303571105003357, -0.3330078721046448], "cam_t_m2c": [58.35902786254883, 41.602352142333984, 244.9689483642578], "obj_id": 0}, {"cam_R_m2c": [0.5370843410491943, -0.6176702976226807, 0.574476957321167, 0.037335172295570374, -0.6629661321640015, -0.7477177977561951, 0.8427019119262695, 0.42303571105003357, -0.3330078721046448], "cam_t_m2c": [58.35902786254883, 41.602352142333984, 244.9689483642578], "obj_id": 1}, {"cam_R_m2c": [0.5370843410491943, -0.6176702976226807, 0.574476957321167, 0.037335172295570374, -0.6629661321640015, -0.7477177977561951, 0.8427019119262695, 0.42303571105003357, -0.3330078721046448], "cam_t_m2c": [58.35902786254883, 41.602352142333984, 244.9689483642578], "obj_id": 2}, {"cam_R_m2c": [0.5370843410491943, -0.6176702976226807, 0.574476957321167, 0.037335172295570374, -0.6629661321640015, -0.7477177977561951, 0.8427019119262695, 0.42303571105003357, -0.3330078721046448], "cam_t_m2c": [58.35902786254883, 41.602352142333984, 244.9689483642578], "obj_id": 2}, {"cam_R_m2c": [0.5370843410491943, -0.6176702976226807, 0.574476957321167, 0.037335172295570374, -0.6629661321640015, -0.7477177977561951, 0.8427019119262695, 0.42303571105003357, -0.3330078721046448], "cam_t_m2c": [58.35902786254883, 41.602352142333984, 244.9689483642578], "obj_id": 3}, {"cam_R_m2c": [0.5370843410491943, -0.6176702976226807, 0.574476957321167, 0.037335172295570374, -0.6629661321640015, -0.7477177977561951, 0.8427019119262695, 0.42303571105003357, -0.3330078721046448], "cam_t_m2c": [58.35902786254883, 41.602352142333984, 244.9689483642578], "obj_id": 2}, {"cam_R_m2c": [0.5370843410491943, -0.6176702976226807, 0.574476957321167, 0.037335172295570374, -0.6629661321640015, -0.7477177977561951, 0.8427019119262695, 0.42303571105003357, -0.3330078721046448], "cam_t_m2c": [58.35902786254883, 41.602352142333984, 244.9689483642578], "obj_id": 3}, {"cam_R_m2c": [0.5370843410491943, -0.6176702976226807, 0.574476957321167, 0.037335172295570374, -0.6629661321640015, -0.7477177977561951, 0.8427019119262695, 0.42303571105003357, -0.3330078721046448], "cam_t_m2c": [58.35902786254883, 41.602352142333984, 244.9689483642578], "obj_id": 1}, {"cam_R_m2c": [0.5370843410491943, -0.6176702976226807, 0.574476957321167, 0.037335172295570374, -0.6629661321640015, -0.7477177977561951, 0.8427019119262695, 0.42303571105003357, -0.3330078721046448], "cam_t_m2c": [58.35902786254883, 41.602352142333984, 244.9689483642578], "obj_id": 0}, {"cam_R_m2c": [0.5370843410491943, -0.6176702976226807, 0.574476957321167, 0.037335172295570374, -0.6629661321640015, -0.7477177977561951, 0.8427019119262695, 0.42303571105003357, -0.3330078721046448], "cam_t_m2c": [58.35902786254883, 41.602352142333984, 244.9689483642578], "obj_id": 0}, {"cam_R_m2c": [0.5370843410491943, -0.6176702976226807, 0.574476957321167, 0.037335172295570374, -0.6629661321640015, -0.7477177977561951, 0.8427019119262695, 0.42303571105003357, -0.3330078721046448], "cam_t_m2c": [58.35902786254883, 41.602352142333984, 244.9689483642578], "obj_id": 2}, {"cam_R_m2c": [0.5370843410491943, -0.6176702976226807, 0.574476957321167, 0.037335172295570374, -0.6629661321640015, -0.7477177977561951, 0.8427019119262695, 0.42303571105003357, -0.3330078721046448], "cam_t_m2c": [58.35902786254883, 41.602352142333984, 244.9689483642578], "obj_id": 2}, {"cam_R_m2c": [0.5370843410491943, -0.6176702976226807, 0.574476957321167, 0.037335172295570374, -0.6629661321640015, -0.7477177977561951, 0.8427019119262695, 0.42303571105003357, -0.3330078721046448], "cam_t_m2c": [58.35902786254883, 41.602352142333984, 244.9689483642578], "obj_id": 0}, {"cam_R_m2c": [0.5370843410491943, -0.6176702976226807, 0.574476957321167, 0.037335172295570374, -0.6629661321640015, -0.7477177977561951, 0.8427019119262695, 0.42303571105003357, -0.3330078721046448], "cam_t_m2c": [58.35902786254883, 41.602352142333984, 244.9689483642578], "obj_id": 3}, {"cam_R_m2c": [0.5370843410491943, -0.6176702976226807, 0.574476957321167, 0.037335172295570374, -0.6629661321640015, -0.7477177977561951, 0.8427019119262695, 0.42303571105003357, -0.3330078721046448], "cam_t_m2c": [58.35902786254883, 41.602352142333984, 244.9689483642578], "obj_id": 3}, {"cam_R_m2c": [0.5370843410491943, -0.6176702976226807, 0.574476957321167, 0.037335172295570374, -0.6629661321640015, -0.7477177977561951, 0.8427019119262695, 0.42303571105003357, -0.3330078721046448], "cam_t_m2c": [58.35902786254883, 41.602352142333984, 244.9689483642578], "obj_id": 1}, {"cam_R_m2c": [0.5370843410491943, -0.6176702976226807, 0.574476957321167, 0.037335172295570374, -0.6629661321640015, -0.7477177977561951, 0.8427019119262695, 0.42303571105003357, -0.3330078721046448], "cam_t_m2c": [58.35902786254883, 41.602352142333984, 244.9689483642578], "obj_id": 1}, {"cam_R_m2c": [0.5370843410491943, -0.6176702976226807, 0.574476957321167, 0.037335172295570374, -0.6629661321640015, -0.7477177977561951, 0.8427019119262695, 0.42303571105003357, -0.3330078721046448], "cam_t_m2c": [58.35902786254883, 41.602352142333984, 244.9689483642578], "obj_id": 2}, {"cam_R_m2c": [0.18980856239795685, -0.3254515826702118, 0.9263119101524353, -0.04518355429172516, 0.9395681023597717, 0.33936741948127747, -0.9807807803153992, -0.10626887530088425, 0.16363300383090973], "cam_t_m2c": [-6.740888595581055, -21.26453971862793, 186.85997009277344], "obj_id": 3}, {"cam_R_m2c": [-0.42803218960762024, 0.03868091106414795, -0.9029353260993958, -0.10098503530025482, 0.9907800555229187, 0.0903155654668808, 0.8981038331985474, 0.1298409253358841, -0.4201795756816864], "cam_t_m2c": [114.12158203125, 94.506103515625, 142.24093627929688], "obj_id": 3}, {"cam_R_m2c": [-0.94398033618927, 0.24766159057617188, -0.21809259057044983, -0.21084405481815338, 0.055761534720659256, 0.9759278893470764, 0.25386103987693787, 0.9672404527664185, -0.0004195761284790933], "cam_t_m2c": [151.79110717773438, 39.74266815185547, 309.1385498046875], "obj_id": 3}, {"cam_R_m2c": [-0.5461177825927734, -0.8140307664871216, 0.1977604776620865, 0.2838873863220215, -0.40194466710090637, -0.8705448508262634, 0.7881391048431396, -0.4192783832550049, 0.450602263212204], "cam_t_m2c": [-4575.1845703125, 5845.607421875, 2831.3671875], "obj_id": 0}, {"cam_R_m2c": [-0.3444553315639496, -0.5413895845413208, -0.7669731378555298, -0.33914080262184143, 0.8335579037666321, -0.4360787570476532, 0.8754050135612488, 0.10990223288536072, -0.4707307517528534], "cam_t_m2c": [-4686.17333984375, 5933.07421875, 3165.167236328125], "obj_id": 2}, {"cam_R_m2c": [0.09617608785629272, 0.9440380334854126, 0.31550320982933044, -0.6925118565559387, 0.2911432087421417, -0.6600476503372192, -0.7149667143821716, -0.1550089567899704, 0.6817585825920105], "cam_t_m2c": [-40.09815216064453, -82.39496612548828, 243.44076538085938], "obj_id": 1}, {"cam_R_m2c": [0.4222310781478882, -0.8313239812850952, -0.36141565442085266, -0.418141633272171, 0.17513233423233032, -0.8913395404815674, 0.8042875528335571, 0.5274741649627686, -0.2736648619174957], "cam_t_m2c": [-4439.66064453125, 6090.3076171875, 2855.082763671875], "obj_id": 0}, {"cam_R_m2c": [0.7452702522277832, 0.5889670848846436, -0.3125540018081665, -0.22052185237407684, 0.6601111888885498, 0.7180691361427307, 0.6292394995689392, -0.4662306010723114, 0.6218413710594177], "cam_t_m2c": [-97.56256866455078, -52.284732818603516, 218.99220275878906], "obj_id": 1}]
}