{
  "0": [{"cam_R_m2c": [0.30493125319480896, 0.9384276866912842, 0.16238956153392792, 0.816200315952301, -0.34536615014076233, 0.46318382024765015, 0.4907483756542206, -0.00869679730385542, -0.8712579011917114], "cam_t_m2c": [-48.240318298339844, 29.55103874206543, 1145.7314453125], "obj_id": 2}, {"cam_R_m2c": [0.6668515205383301, 0.7443770170211792, -0.0348115898668766, -0.698139488697052, 0.6404010653495789, 0.3201369643211365, 0.26059597730636597, -0.18918046355247498, 0.946731448173523], "cam_t_m2c": [29.7369384765625, 128.7631378173828, 1177.4139404296875], "obj_id": 2}, {"cam_R_m2c": [0.08499106019735336, 0.1557392030954361, -0.9841350317001343, -0.9906474947929382, -0.09260565042495728, -0.10020831227302551, -0.10674283653497696, 0.9834477305412292, 0.14641201496124268], "cam_t_m2c": [-279.7550354003906, -7513.328125, -6831.66455078125], "obj_id": 2}, {"cam_R_m2c": [0.18210020661354065, -0.4899042248725891, 0.8525452017784119, -0.19956867396831512, -0.8674104809761047, -0.45581933856010437, 0.9628145098686218, -0.08713652938604355, -0.25572511553764343], "cam_t_m2c": [54.02356719970703, 27.03554344177246, 1215.1912841796875], "obj_id": 2}],
  "1": [{"cam_R_m2c": [-0.26692381501197815, -0.9621768593788147, 0.0544717013835907, 0.6975798606872559, -0.23190046846866608, -0.6779412627220154, 0.6649314761161804, -0.14296036958694458, 0.733095109462738], "cam_t_m2c": [-12.343985557556152, 365.0539245605469, 986.9407958984375], "obj_id": 2}, {"cam_R_m2c": [-0.7923337817192078, -0.6045043468475342, -0.0823514387011528, -0.06721246987581253, -0.04766995087265968, 0.9965992569923401, -0.6063742637634277, 0.7951743006706238, -0.0028597861528396606], "cam_t_m2c": [-79.9112548828125, 418.9245300292969, 1084.2255859375], "obj_id": 2}, {"cam_R_m2c": [-0.2031162977218628, -0.3321229815483093, 0.9211068749427795, -0.44188690185546875, 0.8705644011497498, 0.21645690500736237, -0.8737731575965881, -0.3630591630935669, -0.3235866129398346], "cam_t_m2c": [516.7965087890625, -9597.6376953125, -3601.691162109375], "obj_id": 2}, {"cam_R_m2c": [-0.36926791071891785, 0.3715612292289734, -0.8518118858337402, 0.812360405921936, -0.31610360741615295, -0.4900500476360321, -0.45134440064430237, -0.8729380369186401, -0.18511471152305603], "cam_t_m2c": [-124.23332214355469, 417.28216552734375, 982.2515258789062], "obj_id": 2}]
}