{
  "0": [{"cam_R_m2c": [-0.3383142948150635, 0.5559560060501099, -0.7592472434043884, -0.9398437142372131, -0.24017517268657684, 0.2429191768169403, -0.04729994386434555, 0.7957567572593689, 0.6037664413452148], "cam_t_m2c": [244.83094787597656, -169.27513122558594, 1315.0169677734375], "obj_id": 2}, {"cam_R_m2c": [0.34235528111457825, -0.3661915361881256, -0.865272581577301, 0.9378250241279602, 0.07707367092370987, 0.33844321966171265, -0.05724531412124634, -0.9273421168327332, 0.36981016397476196], "cam_t_m2c": [43.316062927246094, -82.29790496826172, 1340.38037109375], "obj_id": 0}, {"cam_R_m2c": [-0.5338643789291382, 0.6945116519927979, -0.4823298752307892, 0.09023751318454742, 0.6139572858810425, 0.7841642498970032, 0.8407411575317383, 0.37511321902275085, -0.3904408812522888], "cam_t_m2c": [373.48773193359375, -207.7747344970703, 1217.22509765625], "obj_id": 3}, {"cam_R_m2c": [0.4218149185180664, 0.5761301517486572, -0.7001043558120728, 0.890161395072937, -0.11641853302717209, 0.4405215084552765, 0.1722925752401352, -0.809024453163147, -0.5619559288024902], "cam_t_m2c": [189.30072021484375, -100.11776733398438, 1451.229248046875], "obj_id": 2}, {"cam_R_m2c": [0.5133670568466187, 0.3086923658847809, -0.8007267117500305, 0.8563922047615051, -0.2442941814661026, 0.45487645268440247, -0.05519603192806244, -0.919254720211029, -0.38977429270744324], "cam_t_m2c": [387.344482421875, -197.4055633544922, 1092.8258056640625], "obj_id": 0}, {"cam_R_m2c": [-0.052870284765958786, 0.2191087156534195, -0.9742669463157654, -0.9586102366447449, -0.2844705581665039, -0.011955633759498596, -0.2797698378562927, 0.9333101511001587, 0.22507989406585693], "cam_t_m2c": [279.77435302734375, -242.56442260742188, 1517.1094970703125], "obj_id": 1}, {"cam_R_m2c": [0.4218147397041321, 0.4995385408401489, -0.7566595077514648, 0.8901615738868713, -0.06958215683698654, 0.4503006935119629, 0.172292560338974, -0.8634926676750183, -0.474020779132843], "cam_t_m2c": [173.25088500976562, -55.25633239746094, 1258.7432861328125], "obj_id": 2}, {"cam_R_m2c": [-0.20040524005889893, -0.22304478287696838, 0.9539856910705566, 0.9790162444114685, -0.08231078833341599, 0.18641896545886993, 0.03694358095526695, 0.9713268280029297, 0.23486004769802094], "cam_t_m2c": [252.26699829101562, -75.65068054199219, 1234.8763427734375], "obj_id": 1}, {"cam_R_m2c": [0.5879615545272827, -0.213330939412117, -0.7802506685256958, -0.4132155179977417, 0.750023603439331, -0.5164470076560974, 0.6953805685043335, 0.6260626912117004, 0.35283342003822327], "cam_t_m2c": [158.75665283203125, -86.27633666992188, 1226.599853515625], "obj_id": 3}, {"cam_R_m2c": [0.33734118938446045, -0.06004052609205246, 0.9394658207893372, 0.6344643235206604, -0.7227531671524048, -0.27401256561279297, 0.6954537630081177, 0.6884933114051819, -0.20572082698345184], "cam_t_m2c": [402.8403015136719, -241.2593994140625, 1281.4620361328125], "obj_id": 0}, {"cam_R_m2c": [0.2823277413845062, -0.775100827217102, -0.5652517676353455, 0.8281409740447998, 0.49433600902557373, -0.26422399282455444, 0.4842245280742645, -0.39351049065589905, 0.7814576625823975], "cam_t_m2c": [320.8567199707031, -123.63394927978516, 1250.6788330078125], "obj_id": 2}, {"cam_R_m2c": [0.41766780614852905, 0.8613298535346985, -0.2892482876777649, 0.8993012309074402, -0.34645888209342957, 0.2668774724006653, 0.12965689599514008, -0.37158745527267456, -0.9192997217178345], "cam_t_m2c": [294.3363342285156, -159.63832092285156, 1288.9320068359375], "obj_id": 1}, {"cam_R_m2c": [0.2823210060596466, -0.9444020390510559, -0.16852189600467682, 0.8281363844871521, 0.3285968005657196, -0.45410817861557007, 0.4842364490032196, -0.011354831978678703, 0.8748635053634644], "cam_t_m2c": [75.29521179199219, -75.71997833251953, 1604.2896728515625], "obj_id": 2}],
  "1": [{"cam_R_m2c": [-0.3383142948150635, 0.5559560060501099, -0.7592472434043884, -0.9398437142372131, -0.24017517268657684, 0.2429191768169403, -0.04729994386434555, 0.7957567572593689, 0.6037664413452148], "cam_t_m2c": [244.83094787597656, -169.27513122558594, 1315.0169677734375], "obj_id": 2}, {"cam_R_m2c": [0.34235528111457825, -0.3661915361881256, -0.865272581577301, 0.9378250241279602, 0.07707367092370987, 0.33844321966171265, -0.05724531412124634, -0.9273421168327332, 0.36981016397476196], "cam_t_m2c": [43.316062927246094, -82.29790496826172, 1340.38037109375], "obj_id": 0}, {"cam_R_m2c": [-0.5338643789291382, 0.6945116519927979, -0.4823298752307892, 0.09023751318454742, 0.6139572858810425, 0.7841642498970032, 0.8407411575317383, 0.37511321902275085, -0.3904408812522888], "cam_t_m2c": [373.48773193359375, -207.7747344970703, 1217.22509765625], "obj_id": 3}, {"cam_R_m2c": [0.4218149185180664, 0.5761301517486572, -0.7001043558120728, 0.890161395072937, -0.11641853302717209, 0.4405215084552765, 0.1722925752401352, -0.809024453163147, -0.5619559288024902], "cam_t_m2c": [189.30072021484375, -100.11776733398438, 1451.229248046875], "obj_id": 2}, {"cam_R_m2c": [0.5133670568466187, 0.3086923658847809, -0.8007267117500305, 0.8563922047615051, -0.2442941814661026, 0.45487645268440247, -0.05519603192806244, -0.919254720211029, -0.38977429270744324], "cam_t_m2c": [387.344482421875, -197.4055633544922, 1092.8258056640625], "obj_id": 0}, {"cam_R_m2c": [-0.052870284765958786, 0.2191087156534195, -0.9742669463157654, -0.9586102366447449, -0.2844705581665039, -0.011955633759498596, -0.2797698378562927, 0.9333101511001587, 0.22507989406585693], "cam_t_m2c": [279.77435302734375, -242.56442260742188, 1517.1094970703125], "obj_id": 1}, {"cam_R_m2c": [0.4218147397041321, 0.4995385408401489, -0.7566595077514648, 0.8901615738868713, -0.06958215683698654, 0.4503006935119629, 0.172292560338974, -0.8634926676750183, -0.474020779132843], "cam_t_m2c": [173.25088500976562, -55.25633239746094, 1258.7432861328125], "obj_id": 2}, {"cam_R_m2c": [-0.20040524005889893, -0.22304478287696838, 0.9539856910705566, 0.9790162444114685, -0.08231078833341599, 0.18641896545886993, 0.03694358095526695, 0.9713268280029297, 0.23486004769802094], "cam_t_m2c": [252.26699829101562, -75.65068054199219, 1234.8763427734375], "obj_id": 1}, {"cam_R_m2c": [0.5879615545272827, -0.213330939412117, -0.7802506685256958, -0.4132155179977417, 0.750023603439331, -0.5164470076560974, 0.6953805685043335, 0.6260626912117004, 0.35283342003822327], "cam_t_m2c": [158.75665283203125, -86.27633666992188, 1226.599853515625], "obj_id": 3}, {"cam_R_m2c": [0.33734118938446045, -0.06004052609205246, 0.9394658207893372, 0.6344643235206604, -0.7227531671524048, -0.27401256561279297, 0.6954537630081177, 0.6884933114051819, -0.20572082698345184], "cam_t_m2c": [402.8403015136719, -241.2593994140625, 1281.4620361328125], "obj_id": 0}, {"cam_R_m2c": [0.2823277413845062, -0.775100827217102, -0.5652517676353455, 0.8281409740447998, 0.49433600902557373, -0.26422399282455444, 0.4842245280742645, -0.39351049065589905, 0.7814576625823975], "cam_t_m2c": [320.8567199707031, -123.63394927978516, 1250.6788330078125], "obj_id": 2}, {"cam_R_m2c": [0.41766780614852905, 0.8613298535346985, -0.2892482876777649, 0.8993012309074402, -0.34645888209342957, 0.2668774724006653, 0.12965689599514008, -0.37158745527267456, -0.9192997217178345], "cam_t_m2c": [294.3363342285156, -159.63832092285156, 1288.9320068359375], "obj_id": 1}, {"cam_R_m2c": [0.2823210060596466, -0.9444020390510559, -0.16852189600467682, 0.8281363844871521, 0.3285968005657196, -0.45410817861557007, 0.4842364490032196, -0.011354831978678703, 0.8748635053634644], "cam_t_m2c": [75.29521179199219, -75.71997833251953, 1604.2896728515625], "obj_id": 2}],
  "2": [{"cam_R_m2c": [-0.3383142948150635, 0.5559560060501099, -0.7592472434043884, -0.9398437142372131, -0.24017517268657684, 0.2429191768169403, -0.04729994386434555, 0.7957567572593689, 0.6037664413452148], "cam_t_m2c": [244.83094787597656, -169.27513122558594, 1315.0169677734375], "obj_id": 2}, {"cam_R_m2c": [0.34235528111457825, -0.3661915361881256, -0.865272581577301, 0.9378250241279602, 0.07707367092370987, 0.33844321966171265, -0.05724531412124634, -0.9273421168327332, 0.36981016397476196], "cam_t_m2c": [43.316062927246094, -82.29790496826172, 1340.38037109375], "obj_id": 0}, {"cam_R_m2c": [-0.5338643789291382, 0.6945116519927979, -0.4823298752307892, 0.09023751318454742, 0.6139572858810425, 0.7841642498970032, 0.8407411575317383, 0.37511321902275085, -0.3904408812522888], "cam_t_m2c": [373.48773193359375, -207.7747344970703, 1217.22509765625], "obj_id": 3}, {"cam_R_m2c": [0.4218149185180664, 0.5761301517486572, -0.7001043558120728, 0.890161395072937, -0.11641853302717209, 0.4405215084552765, 0.1722925752401352, -0.809024453163147, -0.5619559288024902], "cam_t_m2c": [189.30072021484375, -100.11776733398438, 1451.229248046875], "obj_id": 2}, {"cam_R_m2c": [0.5133670568466187, 0.3086923658847809, -0.8007267117500305, 0.8563922047615051, -0.2442941814661026, 0.45487645268440247, -0.05519603192806244, -0.919254720211029, -0.38977429270744324], "cam_t_m2c": [387.344482421875, -197.4055633544922, 1092.8258056640625], "obj_id": 0}, {"cam_R_m2c": [-0.052870284765958786, 0.2191087156534195, -0.9742669463157654, -0.9586102366447449, -0.2844705581665039, -0.011955633759498596, -0.2797698378562927, 0.9333101511001587, 0.22507989406585693], "cam_t_m2c": [279.77435302734375, -242.56442260742188, 1517.1094970703125], "obj_id": 1}, {"cam_R_m2c": [0.4218147397041321, 0.4995385408401489, -0.7566595077514648, 0.8901615738868713, -0.06958215683698654, 0.4503006935119629, 0.172292560338974, -0.8634926676750183, -0.474020779132843], "cam_t_m2c": [173.25088500976562, -55.25633239746094, 1258.7432861328125], "obj_id": 2}, {"cam_R_m2c": [-0.20040524005889893, -0.22304478287696838, 0.9539856910705566, 0.9790162444114685, -0.08231078833341599, 0.18641896545886993, 0.03694358095526695, 0.9713268280029297, 0.23486004769802094], "cam_t_m2c": [252.26699829101562, -75.65068054199219, 1234.8763427734375], "obj_id": 1}, {"cam_R_m2c": [0.5879615545272827, -0.213330939412117, -0.7802506685256958, -0.4132155179977417, 0.750023603439331, -0.5164470076560974, 0.6953805685043335, 0.6260626912117004, 0.35283342003822327], "cam_t_m2c": [158.75665283203125, -86.27633666992188, 1226.599853515625], "obj_id": 3}, {"cam_R_m2c": [0.33734118938446045, -0.06004052609205246, 0.9394658207893372, 0.6344643235206604, -0.7227531671524048, -0.27401256561279297, 0.6954537630081177, 0.6884933114051819, -0.20572082698345184], "cam_t_m2c": [402.8403015136719, -241.2593994140625, 1281.4620361328125], "obj_id": 0}, {"cam_R_m2c": [0.2823277413845062, -0.775100827217102, -0.5652517676353455, 0.8281409740447998, 0.49433600902557373, -0.26422399282455444, 0.4842245280742645, -0.39351049065589905, 0.7814576625823975], "cam_t_m2c": [320.8567199707031, -123.63394927978516, 1250.6788330078125], "obj_id": 2}, {"cam_R_m2c": [0.41766780614852905, 0.8613298535346985, -0.2892482876777649, 0.8993012309074402, -0.34645888209342957, 0.2668774724006653, 0.12965689599514008, -0.37158745527267456, -0.9192997217178345], "cam_t_m2c": [294.3363342285156, -159.63832092285156, 1288.9320068359375], "obj_id": 1}, {"cam_R_m2c": [0.2823210060596466, -0.9444020390510559, -0.16852189600467682, 0.8281363844871521, 0.3285968005657196, -0.45410817861557007, 0.4842364490032196, -0.011354831978678703, 0.8748635053634644], "cam_t_m2c": [75.29521179199219, -75.71997833251953, 1604.2896728515625], "obj_id": 2}],
  "3": [{"cam_R_m2c": [0.2858676314353943, 0.8938172459602356, 0.3455004096031189, -0.09744379669427872, 0.3857913315296173, -0.9174256324768066, -0.9533018469810486, 0.22859543561935425, 0.19738218188285828], "cam_t_m2c": [219.390869140625, 200.48387145996094, 906.2820434570312], "obj_id": 2}, {"cam_R_m2c": [-0.3792576491832733, -0.9217665791511536, 0.08068288117647171, 0.12704257667064667, -0.13824518024921417, -0.982215940952301, 0.9165279269218445, -0.36226290464401245, 0.1695343405008316], "cam_t_m2c": [179.85202026367188, -15.369677543640137, 931.9822998046875], "obj_id": 0}, {"cam_R_m2c": [0.6523417234420776, 0.1905229240655899, -0.7335879802703857, -0.7278931736946106, 0.4272416830062866, -0.5363171696662903, 0.21123868227005005, 0.8838357329368591, 0.4173879027366638], "cam_t_m2c": [163.87579345703125, 354.253173828125, 876.7672119140625], "obj_id": 3}, {"cam_R_m2c": [-0.14122374355793, -0.6073106527328491, -0.7818118333816528, 0.15710783004760742, 0.7659697532653809, -0.6233839392662048, 0.9774318933486938, -0.2108653336763382, -0.012759875506162643], "cam_t_m2c": [307.56610107421875, 99.57141876220703, 998.2708129882812], "obj_id": 2}, {"cam_R_m2c": [-0.3212939500808716, -0.6930180788040161, -0.6453649401664734, 0.3062172830104828, 0.5688531994819641, -0.7633065581321716, 0.8961032032966614, -0.44286778569221497, 0.029445083811879158], "cam_t_m2c": [48.89675521850586, 395.1545715332031, 847.0755615234375], "obj_id": 0}, {"cam_R_m2c": [0.12202605605125427, 0.9897319078445435, 0.07443302869796753, 0.23254723846912384, 0.04439609497785568, -0.9715712666511536, -0.9648996591567993, 0.1358661651611328, -0.22474190592765808], "cam_t_m2c": [436.6468200683594, 200.91452026367188, 921.5603637695312], "obj_id": 1}, {"cam_R_m2c": [-0.14122387766838074, -0.6859455108642578, -0.7138168811798096, 0.1571076363325119, 0.6963767409324646, -0.7002689838409424, 0.9774317741394043, -0.21104082465171814, 0.00942227616906166], "cam_t_m2c": [112.976806640625, 121.0146484375, 966.7089233398438], "obj_id": 2}, {"cam_R_m2c": [-0.38518384099006653, 0.8824740648269653, 0.2699495255947113, -0.4173714518547058, -0.4274802505970001, 0.8019111156463623, 0.8230639100074768, 0.19621406495571136, 0.5329781770706177], "cam_t_m2c": [110.38651275634766, 205.9561767578125, 964.0007934570312], "obj_id": 1}, {"cam_R_m2c": [0.8763701915740967, 0.23843973875045776, 0.41847556829452515, 0.4790765345096588, -0.5210404396057129, -0.7064012289047241, 0.04960855841636658, 0.8195507526397705, -0.5708552002906799], "cam_t_m2c": [94.23509979248047, 122.06707763671875, 923.6604614257812], "obj_id": 3}, {"cam_R_m2c": [0.42341968417167664, 0.9044091701507568, 0.052534084767103195, 0.00785940233618021, -0.06165393069386482, 0.9980666637420654, 0.9058995842933655, -0.4221882224082947, -0.033213626593351364], "cam_t_m2c": [239.5181427001953, 373.8954772949219, 878.0344848632812], "obj_id": 0}, {"cam_R_m2c": [0.14703091979026794, -0.6609782576560974, 0.7358598113059998, -0.03626261651515961, -0.7470470070838928, -0.663781464099884, 0.9884669780731201, 0.070912204682827, -0.13380782306194305], "cam_t_m2c": [153.33189392089844, 277.6212463378906, 947.373291015625], "obj_id": 2}, {"cam_R_m2c": [-0.18408863246440887, -0.07963573932647705, -0.9796782732009888, 0.16147729754447937, 0.9807197451591492, -0.11006315052509308, 0.9695547223091125, -0.17845718562602997, -0.16767999529838562], "cam_t_m2c": [198.72618103027344, 251.37960815429688, 920.658203125], "obj_id": 1}, {"cam_R_m2c": [0.1470426470041275, -0.27176105976104736, 0.9510648846626282, -0.03627074882388115, -0.9623511433601379, -0.26937827467918396, 0.988464891910553, 0.0051142568700015545, -0.15136361122131348], "cam_t_m2c": [420.8260192871094, -50.60096740722656, 1038.7730712890625], "obj_id": 2}],
  "4": [{"cam_R_m2c": [0.2858676314353943, 0.8938172459602356, 0.3455004096031189, -0.09744379669427872, 0.3857913315296173, -0.9174256324768066, -0.9533018469810486, 0.22859543561935425, 0.19738218188285828], "cam_t_m2c": [219.390869140625, 200.48387145996094, 906.2820434570312], "obj_id": 2}, {"cam_R_m2c": [-0.3792576491832733, -0.9217665791511536, 0.08068288117647171, 0.12704257667064667, -0.13824518024921417, -0.982215940952301, 0.9165279269218445, -0.36226290464401245, 0.1695343405008316], "cam_t_m2c": [179.85202026367188, -15.369677543640137, 931.9822998046875], "obj_id": 0}, {"cam_R_m2c": [0.6523417234420776, 0.1905229240655899, -0.7335879802703857, -0.7278931736946106, 0.4272416830062866, -0.5363171696662903, 0.21123868227005005, 0.8838357329368591, 0.4173879027366638], "cam_t_m2c": [163.87579345703125, 354.253173828125, 876.7672119140625], "obj_id": 3}, {"cam_R_m2c": [-0.14122374355793, -0.6073106527328491, -0.7818118333816528, 0.15710783004760742, 0.7659697532653809, -0.6233839392662048, 0.9774318933486938, -0.2108653336763382, -0.012759875506162643], "cam_t_m2c": [307.56610107421875, 99.57141876220703, 998.2708129882812], "obj_id": 2}, {"cam_R_m2c": [-0.3212939500808716, -0.6930180788040161, -0.6453649401664734, 0.3062172830104828, 0.5688531994819641, -0.7633065581321716, 0.8961032032966614, -0.44286778569221497, 0.029445083811879158], "cam_t_m2c": [48.89675521850586, 395.1545715332031, 847.0755615234375], "obj_id": 0}, {"cam_R_m2c": [0.12202605605125427, 0.9897319078445435, 0.07443302869796753, 0.23254723846912384, 0.04439609497785568, -0.9715712666511536, -0.9648996591567993, 0.1358661651611328, -0.22474190592765808], "cam_t_m2c": [436.6468200683594, 200.91452026367188, 921.5603637695312], "obj_id": 1}, {"cam_R_m2c": [-0.14122387766838074, -0.6859455108642578, -0.7138168811798096, 0.1571076363325119, 0.6963767409324646, -0.7002689838409424, 0.9774317741394043, -0.21104082465171814, 0.00942227616906166], "cam_t_m2c": [112.976806640625, 121.0146484375, 966.7089233398438], "obj_id": 2}, {"cam_R_m2c": [-0.38518384099006653, 0.8824740648269653, 0.2699495255947113, -0.4173714518547058, -0.4274802505970001, 0.8019111156463623, 0.8230639100074768, 0.19621406495571136, 0.5329781770706177], "cam_t_m2c": [110.38651275634766, 205.9561767578125, 964.0007934570312], "obj_id": 1}, {"cam_R_m2c": [0.8763701915740967, 0.23843973875045776, 0.41847556829452515, 0.4790765345096588, -0.5210404396057129, -0.7064012289047241, 0.04960855841636658, 0.8195507526397705, -0.5708552002906799], "cam_t_m2c": [94.23509979248047, 122.06707763671875, 923.6604614257812], "obj_id": 3}, {"cam_R_m2c": [0.42341968417167664, 0.9044091701507568, 0.052534084767103195, 0.00785940233618021, -0.06165393069386482, 0.9980666637420654, 0.9058995842933655, -0.4221882224082947, -0.033213626593351364], "cam_t_m2c": [239.5181427001953, 373.8954772949219, 878.0344848632812], "obj_id": 0}, {"cam_R_m2c": [0.14703091979026794, -0.6609782576560974, 0.7358598113059998, -0.03626261651515961, -0.7470470070838928, -0.663781464099884, 0.9884669780731201, 0.070912204682827, -0.13380782306194305], "cam_t_m2c": [153.33189392089844, 277.6212463378906, 947.373291015625], "obj_id": 2}, {"cam_R_m2c": [-0.18408863246440887, -0.07963573932647705, -0.9796782732009888, 0.16147729754447937, 0.9807197451591492, -0.11006315052509308, 0.9695547223091125, -0.17845718562602997, -0.16767999529838562], "cam_t_m2c": [198.72618103027344, 251.37960815429688, 920.658203125], "obj_id": 1}, {"cam_R_m2c": [0.1470426470041275, -0.27176105976104736, 0.9510648846626282, -0.03627074882388115, -0.9623511433601379, -0.26937827467918396, 0.988464891910553, 0.0051142568700015545, -0.15136361122131348], "cam_t_m2c": [420.8260192871094, -50.60096740722656, 1038.7730712890625], "obj_id": 2}]
}