{
  "0": [{"cam_R_m2c": [0.20746228098869324, 0.8677342534065247, -0.4516599178314209, 0.7723124027252197, 0.138091579079628, 0.6200518012046814, 0.6004106402397156, -0.47745993733406067, -0.6415131688117981], "cam_t_m2c": [-430.700927734375, 135.8941192626953, 404.5639953613281], "obj_id": 2}, {"cam_R_m2c": [-0.12950071692466736, -0.9767351150512695, 0.17093311250209808, 0.2792961597442627, 0.12947501242160797, 0.9514356851577759, -0.9514322280883789, 0.17095254361629486, 0.25603124499320984], "cam_t_m2c": [-248.28041076660156, -16.609935760498047, 539.8157958984375], "obj_id": 1}, {"cam_R_m2c": [0.9075686931610107, -0.39163100719451904, -0.15147343277931213, 0.38396725058555603, 0.6280038356781006, 0.6768901944160461, -0.16996529698371887, -0.6724852323532104, 0.7203301191329956], "cam_t_m2c": [-266.5824279785156, 10.700729370117188, 539.03515625], "obj_id": 1}, {"cam_R_m2c": [-0.11259179562330246, 0.3080207407474518, 0.9446936845779419, -0.5489180088043213, 0.7732157707214355, -0.31753167510032654, -0.8282583951950073, -0.5543109178543091, 0.08202040940523148], "cam_t_m2c": [-296.46112060546875, 4.705907821655273, 523.0551147460938], "obj_id": 0}, {"cam_R_m2c": [0.11620024591684341, 0.20746253430843353, 0.971316933631897, 0.5899614691734314, 0.7723137140274048, -0.2355356216430664, -0.7990261912345886, 0.6004089117050171, -0.03265184536576271], "cam_t_m2c": [65.24666595458984, 103.44523620605469, 451.6475524902344], "obj_id": 3}, {"cam_R_m2c": [-0.3906797468662262, -0.8696867823600769, -0.3016851842403412, 0.10201048851013184, 0.28480952978134155, -0.9531407356262207, 0.9148567914962769, -0.40314796566963196, -0.022552035748958588], "cam_t_m2c": [-463.7388916015625, -38.59427261352539, 636.5526733398438], "obj_id": 0}, {"cam_R_m2c": [-0.7622942924499512, -0.46364396810531616, -0.4515988528728485, 0.24740974605083466, 0.4360104203224182, -0.8652648329734802, 0.5980766415596008, -0.7713164687156677, -0.2176581472158432], "cam_t_m2c": [-510.7793273925781, 48.11531066894531, 442.5364990234375], "obj_id": 2}, {"cam_R_m2c": [-0.29022786021232605, -0.0625481829047203, -0.9549110531806946, -0.48529013991355896, -0.8504136204719543, 0.2031986266374588, -0.8247793316841125, 0.522382915019989, 0.21646001935005188], "cam_t_m2c": [-218.19183349609375, 34.14480209350586, 479.0637512207031], "obj_id": 1}],
  "1": [{"cam_R_m2c": [0.20746228098869324, 0.8677342534065247, -0.4516599178314209, 0.7723124027252197, 0.138091579079628, 0.6200518012046814, 0.6004106402397156, -0.47745993733406067, -0.6415131688117981], "cam_t_m2c": [-430.700927734375, 135.8941192626953, 404.5639953613281], "obj_id": 2}, {"cam_R_m2c": [-0.12950071692466736, -0.9767351150512695, 0.17093311250209808, 0.2792961597442627, 0.12947501242160797, 0.9514356851577759, -0.9514322280883789, 0.17095254361629486, 0.25603124499320984], "cam_t_m2c": [-248.28041076660156, -16.609935760498047, 539.8157958984375], "obj_id": 1}, {"cam_R_m2c": [0.9075686931610107, -0.39163100719451904, -0.15147343277931213, 0.38396725058555603, 0.6280038356781006, 0.6768901944160461, -0.16996529698371887, -0.6724852323532104, 0.7203301191329956], "cam_t_m2c": [-266.5824279785156, 10.700729370117188, 539.03515625], "obj_id": 1}, {"cam_R_m2c": [-0.11259179562330246, 0.3080207407474518, 0.9446936845779419, -0.5489180088043213, 0.7732157707214355, -0.31753167510032654, -0.8282583951950073, -0.5543109178543091, 0.08202040940523148], "cam_t_m2c": [-296.46112060546875, 4.705907821655273, 523.0551147460938], "obj_id": 0}, {"cam_R_m2c": [0.11620024591684341, 0.20746253430843353, 0.971316933631897, 0.5899614691734314, 0.7723137140274048, -0.2355356216430664, -0.7990261912345886, 0.6004089117050171, -0.03265184536576271], "cam_t_m2c": [65.24666595458984, 103.44523620605469, 451.6475524902344], "obj_id": 3}, {"cam_R_m2c": [-0.3906797468662262, -0.8696867823600769, -0.3016851842403412, 0.10201048851013184, 0.28480952978134155, -0.9531407356262207, 0.9148567914962769, -0.40314796566963196, -0.022552035748958588], "cam_t_m2c": [-463.7388916015625, -38.59427261352539, 636.5526733398438], "obj_id": 0}, {"cam_R_m2c": [-0.7622942924499512, -0.46364396810531616, -0.4515988528728485, 0.24740974605083466, 0.4360104203224182, -0.8652648329734802, 0.5980766415596008, -0.7713164687156677, -0.2176581472158432], "cam_t_m2c": [-510.7793273925781, 48.11531066894531, 442.5364990234375], "obj_id": 2}, {"cam_R_m2c": [-0.29022786021232605, -0.0625481829047203, -0.9549110531806946, -0.48529013991355896, -0.8504136204719543, 0.2031986266374588, -0.8247793316841125, 0.522382915019989, 0.21646001935005188], "cam_t_m2c": [-218.19183349609375, 34.14480209350586, 479.0637512207031], "obj_id": 1}],
  "2": [{"cam_R_m2c": [0.20746228098869324, 0.8677342534065247, -0.4516599178314209, 0.7723124027252197, 0.138091579079628, 0.6200518012046814, 0.6004106402397156, -0.47745993733406067, -0.6415131688117981], "cam_t_m2c": [-430.700927734375, 135.8941192626953, 404.5639953613281], "obj_id": 2}, {"cam_R_m2c": [-0.12950071692466736, -0.9767351150512695, 0.17093311250209808, 0.2792961597442627, 0.12947501242160797, 0.9514356851577759, -0.9514322280883789, 0.17095254361629486, 0.25603124499320984], "cam_t_m2c": [-248.28041076660156, -16.609935760498047, 539.8157958984375], "obj_id": 1}, {"cam_R_m2c": [0.9075686931610107, -0.39163100719451904, -0.15147343277931213, 0.38396725058555603, 0.6280038356781006, 0.6768901944160461, -0.16996529698371887, -0.6724852323532104, 0.7203301191329956], "cam_t_m2c": [-266.5824279785156, 10.700729370117188, 539.03515625], "obj_id": 1}, {"cam_R_m2c": [-0.11259179562330246, 0.3080207407474518, 0.9446936845779419, -0.5489180088043213, 0.7732157707214355, -0.31753167510032654, -0.8282583951950073, -0.5543109178543091, 0.08202040940523148], "cam_t_m2c": [-296.46112060546875, 4.705907821655273, 523.0551147460938], "obj_id": 0}, {"cam_R_m2c": [0.11620024591684341, 0.20746253430843353, 0.971316933631897, 0.5899614691734314, 0.7723137140274048, -0.2355356216430664, -0.7990261912345886, 0.6004089117050171, -0.03265184536576271], "cam_t_m2c": [65.24666595458984, 103.44523620605469, 451.6475524902344], "obj_id": 3}, {"cam_R_m2c": [-0.3906797468662262, -0.8696867823600769, -0.3016851842403412, 0.10201048851013184, 0.28480952978134155, -0.9531407356262207, 0.9148567914962769, -0.40314796566963196, -0.022552035748958588], "cam_t_m2c": [-463.7388916015625, -38.59427261352539, 636.5526733398438], "obj_id": 0}, {"cam_R_m2c": [-0.7622942924499512, -0.46364396810531616, -0.4515988528728485, 0.24740974605083466, 0.4360104203224182, -0.8652648329734802, 0.5980766415596008, -0.7713164687156677, -0.2176581472158432], "cam_t_m2c": [-510.7793273925781, 48.11531066894531, 442.5364990234375], "obj_id": 2}, {"cam_R_m2c": [-0.29022786021232605, -0.0625481829047203, -0.9549110531806946, -0.48529013991355896, -0.8504136204719543, 0.2031986266374588, -0.8247793316841125, 0.522382915019989, 0.21646001935005188], "cam_t_m2c": [-218.19183349609375, 34.14480209350586, 479.0637512207031], "obj_id": 1}],
  "3": [{"cam_R_m2c": [0.20746228098869324, 0.8677342534065247, -0.4516599178314209, 0.7723124027252197, 0.138091579079628, 0.6200518012046814, 0.6004106402397156, -0.47745993733406067, -0.6415131688117981], "cam_t_m2c": [-430.700927734375, 135.8941192626953, 404.5639953613281], "obj_id": 2}, {"cam_R_m2c": [-0.12950071692466736, -0.9767351150512695, 0.17093311250209808, 0.2792961597442627, 0.12947501242160797, 0.9514356851577759, -0.9514322280883789, 0.17095254361629486, 0.25603124499320984], "cam_t_m2c": [-248.28041076660156, -16.609935760498047, 539.8157958984375], "obj_id": 1}, {"cam_R_m2c": [0.9075686931610107, -0.39163100719451904, -0.15147343277931213, 0.38396725058555603, 0.6280038356781006, 0.6768901944160461, -0.16996529698371887, -0.6724852323532104, 0.7203301191329956], "cam_t_m2c": [-266.5824279785156, 10.700729370117188, 539.03515625], "obj_id": 1}, {"cam_R_m2c": [-0.11259179562330246, 0.3080207407474518, 0.9446936845779419, -0.5489180088043213, 0.7732157707214355, -0.31753167510032654, -0.8282583951950073, -0.5543109178543091, 0.08202040940523148], "cam_t_m2c": [-296.46112060546875, 4.705907821655273, 523.0551147460938], "obj_id": 0}, {"cam_R_m2c": [0.11620024591684341, 0.20746253430843353, 0.971316933631897, 0.5899614691734314, 0.7723137140274048, -0.2355356216430664, -0.7990261912345886, 0.6004089117050171, -0.03265184536576271], "cam_t_m2c": [65.24666595458984, 103.44523620605469, 451.6475524902344], "obj_id": 3}, {"cam_R_m2c": [-0.3906797468662262, -0.8696867823600769, -0.3016851842403412, 0.10201048851013184, 0.28480952978134155, -0.9531407356262207, 0.9148567914962769, -0.40314796566963196, -0.022552035748958588], "cam_t_m2c": [-463.7388916015625, -38.59427261352539, 636.5526733398438], "obj_id": 0}, {"cam_R_m2c": [-0.7622942924499512, -0.46364396810531616, -0.4515988528728485, 0.24740974605083466, 0.4360104203224182, -0.8652648329734802, 0.5980766415596008, -0.7713164687156677, -0.2176581472158432], "cam_t_m2c": [-510.7793273925781, 48.11531066894531, 442.5364990234375], "obj_id": 2}, {"cam_R_m2c": [-0.29022786021232605, -0.0625481829047203, -0.9549110531806946, -0.48529013991355896, -0.8504136204719543, 0.2031986266374588, -0.8247793316841125, 0.522382915019989, 0.21646001935005188], "cam_t_m2c": [-218.19183349609375, 34.14480209350586, 479.0637512207031], "obj_id": 1}],
  "4": [{"cam_R_m2c": [0.20746228098869324, 0.8677342534065247, -0.4516599178314209, 0.7723124027252197, 0.138091579079628, 0.6200518012046814, 0.6004106402397156, -0.47745993733406067, -0.6415131688117981], "cam_t_m2c": [-430.700927734375, 135.8941192626953, 404.5639953613281], "obj_id": 2}, {"cam_R_m2c": [-0.12950071692466736, -0.9767351150512695, 0.17093311250209808, 0.2792961597442627, 0.12947501242160797, 0.9514356851577759, -0.9514322280883789, 0.17095254361629486, 0.25603124499320984], "cam_t_m2c": [-248.28041076660156, -16.609935760498047, 539.8157958984375], "obj_id": 1}, {"cam_R_m2c": [0.9075686931610107, -0.39163100719451904, -0.15147343277931213, 0.38396725058555603, 0.6280038356781006, 0.6768901944160461, -0.16996529698371887, -0.6724852323532104, 0.7203301191329956], "cam_t_m2c": [-266.5824279785156, 10.700729370117188, 539.03515625], "obj_id": 1}, {"cam_R_m2c": [-0.11259179562330246, 0.3080207407474518, 0.9446936845779419, -0.5489180088043213, 0.7732157707214355, -0.31753167510032654, -0.8282583951950073, -0.5543109178543091, 0.08202040940523148], "cam_t_m2c": [-296.46112060546875, 4.705907821655273, 523.0551147460938], "obj_id": 0}, {"cam_R_m2c": [0.11620024591684341, 0.20746253430843353, 0.971316933631897, 0.5899614691734314, 0.7723137140274048, -0.2355356216430664, -0.7990261912345886, 0.6004089117050171, -0.03265184536576271], "cam_t_m2c": [65.24666595458984, 103.44523620605469, 451.6475524902344], "obj_id": 3}, {"cam_R_m2c": [-0.3906797468662262, -0.8696867823600769, -0.3016851842403412, 0.10201048851013184, 0.28480952978134155, -0.9531407356262207, 0.9148567914962769, -0.40314796566963196, -0.022552035748958588], "cam_t_m2c": [-463.7388916015625, -38.59427261352539, 636.5526733398438], "obj_id": 0}, {"cam_R_m2c": [-0.7622942924499512, -0.46364396810531616, -0.4515988528728485, 0.24740974605083466, 0.4360104203224182, -0.8652648329734802, 0.5980766415596008, -0.7713164687156677, -0.2176581472158432], "cam_t_m2c": [-510.7793273925781, 48.11531066894531, 442.5364990234375], "obj_id": 2}, {"cam_R_m2c": [-0.29022786021232605, -0.0625481829047203, -0.9549110531806946, -0.48529013991355896, -0.8504136204719543, 0.2031986266374588, -0.8247793316841125, 0.522382915019989, 0.21646001935005188], "cam_t_m2c": [-218.19183349609375, 34.14480209350586, 479.0637512207031], "obj_id": 1}],
  "5": [{"cam_R_m2c": [0.33902451395988464, 0.2482074350118637, 0.907444417476654, 0.6346689462661743, -0.7723513245582581, -0.0258583165705204, 0.6944476962089539, 0.584693431854248, -0.41937553882598877], "cam_t_m2c": [317.7751770019531, -79.38874053955078, 462.9578552246094], "obj_id": 2}, {"cam_R_m2c": [0.7288781404495239, 0.14746524393558502, 0.6685736179351807, -0.5583329200744629, 0.6931893229484558, 0.4557991623878479, -0.39623355865478516, -0.7055087089538574, 0.5875852704048157], "cam_t_m2c": [96.93017578125, -127.87836456298828, 616.9190063476562], "obj_id": 1}, {"cam_R_m2c": [0.30155977606773376, 0.9222171902656555, 0.24202710390090942, -0.4673158526420593, -0.07829970121383667, 0.8806162476539612, 0.8310701251029968, -0.37866154313087463, 0.4073546826839447], "cam_t_m2c": [123.04389953613281, -108.79834747314453, 610.9631958007812], "obj_id": 1}, {"cam_R_m2c": [-0.045695848762989044, 0.9013202786445618, -0.43073612451553345, -0.7771859765052795, -0.30297642946243286, -0.5515317320823669, -0.6276096105575562, 0.3095593750476837, 0.7143382430076599], "cam_t_m2c": [129.54852294921875, -107.5071792602539, 577.1983642578125], "obj_id": 0}, {"cam_R_m2c": [0.8894063234329224, 0.33902624249458313, -0.30662283301353455, -0.45681172609329224, 0.6346681118011475, -0.6233132481575012, -0.016715843230485916, 0.6944476962089539, 0.7193489670753479], "cam_t_m2c": [204.93553161621094, -316.5155944824219, 887.542236328125], "obj_id": 3}, {"cam_R_m2c": [-0.3186648488044739, 0.552953839302063, -0.7698667049407959, 0.9444766640663147, 0.2538721561431885, -0.2085970938205719, 0.08010314404964447, -0.79359370470047, -0.6031520962715149], "cam_t_m2c": [56.71120834350586, 51.6973762512207, 467.257080078125], "obj_id": 0}, {"cam_R_m2c": [0.009802471846342087, 0.8154071569442749, -0.5788047909736633, 0.9509052038192749, -0.18665844202041626, -0.24685601890087128, -0.30932700634002686, -0.5479687452316284, -0.7772045731544495], "cam_t_m2c": [233.45867919921875, -40.35335159301758, 379.7320251464844], "obj_id": 2}, {"cam_R_m2c": [0.029268870130181313, -0.9822182655334473, 0.18544639647006989, -0.6575510501861572, 0.1208118200302124, 0.7436605095863342, -0.7528411149978638, -0.14370650053024292, -0.6423225998878479], "cam_t_m2c": [166.98097229003906, -171.6407928466797, 635.6249389648438], "obj_id": 1}],
  "6": [{"cam_R_m2c": [0.33902451395988464, 0.2482074350118637, 0.907444417476654, 0.6346689462661743, -0.7723513245582581, -0.0258583165705204, 0.6944476962089539, 0.584693431854248, -0.41937553882598877], "cam_t_m2c": [317.7751770019531, -79.38874053955078, 462.9578552246094], "obj_id": 2}, {"cam_R_m2c": [0.7288781404495239, 0.14746524393558502, 0.6685736179351807, -0.5583329200744629, 0.6931893229484558, 0.4557991623878479, -0.39623355865478516, -0.7055087089538574, 0.5875852704048157], "cam_t_m2c": [96.93017578125, -127.87836456298828, 616.9190063476562], "obj_id": 1}, {"cam_R_m2c": [0.30155977606773376, 0.9222171902656555, 0.24202710390090942, -0.4673158526420593, -0.07829970121383667, 0.8806162476539612, 0.8310701251029968, -0.37866154313087463, 0.4073546826839447], "cam_t_m2c": [123.04389953613281, -108.79834747314453, 610.9631958007812], "obj_id": 1}, {"cam_R_m2c": [-0.045695848762989044, 0.9013202786445618, -0.43073612451553345, -0.7771859765052795, -0.30297642946243286, -0.5515317320823669, -0.6276096105575562, 0.3095593750476837, 0.7143382430076599], "cam_t_m2c": [129.54852294921875, -107.5071792602539, 577.1983642578125], "obj_id": 0}, {"cam_R_m2c": [0.8894063234329224, 0.33902624249458313, -0.30662283301353455, -0.45681172609329224, 0.6346681118011475, -0.6233132481575012, -0.016715843230485916, 0.6944476962089539, 0.7193489670753479], "cam_t_m2c": [204.93553161621094, -316.5155944824219, 887.542236328125], "obj_id": 3}, {"cam_R_m2c": [-0.3186648488044739, 0.552953839302063, -0.7698667049407959, 0.9444766640663147, 0.2538721561431885, -0.2085970938205719, 0.08010314404964447, -0.79359370470047, -0.6031520962715149], "cam_t_m2c": [56.71120834350586, 51.6973762512207, 467.257080078125], "obj_id": 0}, {"cam_R_m2c": [0.009802471846342087, 0.8154071569442749, -0.5788047909736633, 0.9509052038192749, -0.18665844202041626, -0.24685601890087128, -0.30932700634002686, -0.5479687452316284, -0.7772045731544495], "cam_t_m2c": [233.45867919921875, -40.35335159301758, 379.7320251464844], "obj_id": 2}, {"cam_R_m2c": [0.029268870130181313, -0.9822182655334473, 0.18544639647006989, -0.6575510501861572, 0.1208118200302124, 0.7436605095863342, -0.7528411149978638, -0.14370650053024292, -0.6423225998878479], "cam_t_m2c": [166.98097229003906, -171.6407928466797, 635.6249389648438], "obj_id": 1}],
  "7": [{"cam_R_m2c": [0.33902451395988464, 0.2482074350118637, 0.907444417476654, 0.6346689462661743, -0.7723513245582581, -0.0258583165705204, 0.6944476962089539, 0.584693431854248, -0.41937553882598877], "cam_t_m2c": [317.7751770019531, -79.38874053955078, 462.9578552246094], "obj_id": 2}, {"cam_R_m2c": [0.7288781404495239, 0.14746524393558502, 0.6685736179351807, -0.5583329200744629, 0.6931893229484558, 0.4557991623878479, -0.39623355865478516, -0.7055087089538574, 0.5875852704048157], "cam_t_m2c": [96.93017578125, -127.87836456298828, 616.9190063476562], "obj_id": 1}, {"cam_R_m2c": [0.30155977606773376, 0.9222171902656555, 0.24202710390090942, -0.4673158526420593, -0.07829970121383667, 0.8806162476539612, 0.8310701251029968, -0.37866154313087463, 0.4073546826839447], "cam_t_m2c": [123.04389953613281, -108.79834747314453, 610.9631958007812], "obj_id": 1}, {"cam_R_m2c": [-0.045695848762989044, 0.9013202786445618, -0.43073612451553345, -0.7771859765052795, -0.30297642946243286, -0.5515317320823669, -0.6276096105575562, 0.3095593750476837, 0.7143382430076599], "cam_t_m2c": [129.54852294921875, -107.5071792602539, 577.1983642578125], "obj_id": 0}, {"cam_R_m2c": [0.8894063234329224, 0.33902624249458313, -0.30662283301353455, -0.45681172609329224, 0.6346681118011475, -0.6233132481575012, -0.016715843230485916, 0.6944476962089539, 0.7193489670753479], "cam_t_m2c": [204.93553161621094, -316.5155944824219, 887.542236328125], "obj_id": 3}, {"cam_R_m2c": [-0.3186648488044739, 0.552953839302063, -0.7698667049407959, 0.9444766640663147, 0.2538721561431885, -0.2085970938205719, 0.08010314404964447, -0.79359370470047, -0.6031520962715149], "cam_t_m2c": [56.71120834350586, 51.6973762512207, 467.257080078125], "obj_id": 0}, {"cam_R_m2c": [0.009802471846342087, 0.8154071569442749, -0.5788047909736633, 0.9509052038192749, -0.18665844202041626, -0.24685601890087128, -0.30932700634002686, -0.5479687452316284, -0.7772045731544495], "cam_t_m2c": [233.45867919921875, -40.35335159301758, 379.7320251464844], "obj_id": 2}, {"cam_R_m2c": [0.029268870130181313, -0.9822182655334473, 0.18544639647006989, -0.6575510501861572, 0.1208118200302124, 0.7436605095863342, -0.7528411149978638, -0.14370650053024292, -0.6423225998878479], "cam_t_m2c": [166.98097229003906, -171.6407928466797, 635.6249389648438], "obj_id": 1}],
  "8": [{"cam_R_m2c": [0.33902451395988464, 0.2482074350118637, 0.907444417476654, 0.6346689462661743, -0.7723513245582581, -0.0258583165705204, 0.6944476962089539, 0.584693431854248, -0.41937553882598877], "cam_t_m2c": [317.7751770019531, -79.38874053955078, 462.9578552246094], "obj_id": 2}, {"cam_R_m2c": [0.7288781404495239, 0.14746524393558502, 0.6685736179351807, -0.5583329200744629, 0.6931893229484558, 0.4557991623878479, -0.39623355865478516, -0.7055087089538574, 0.5875852704048157], "cam_t_m2c": [96.93017578125, -127.87836456298828, 616.9190063476562], "obj_id": 1}, {"cam_R_m2c": [0.30155977606773376, 0.9222171902656555, 0.24202710390090942, -0.4673158526420593, -0.07829970121383667, 0.8806162476539612, 0.8310701251029968, -0.37866154313087463, 0.4073546826839447], "cam_t_m2c": [123.04389953613281, -108.79834747314453, 610.9631958007812], "obj_id": 1}, {"cam_R_m2c": [-0.045695848762989044, 0.9013202786445618, -0.43073612451553345, -0.7771859765052795, -0.30297642946243286, -0.5515317320823669, -0.6276096105575562, 0.3095593750476837, 0.7143382430076599], "cam_t_m2c": [129.54852294921875, -107.5071792602539, 577.1983642578125], "obj_id": 0}, {"cam_R_m2c": [0.8894063234329224, 0.33902624249458313, -0.30662283301353455, -0.45681172609329224, 0.6346681118011475, -0.6233132481575012, -0.016715843230485916, 0.6944476962089539, 0.7193489670753479], "cam_t_m2c": [204.93553161621094, -316.5155944824219, 887.542236328125], "obj_id": 3}, {"cam_R_m2c": [-0.3186648488044739, 0.552953839302063, -0.7698667049407959, 0.9444766640663147, 0.2538721561431885, -0.2085970938205719, 0.08010314404964447, -0.79359370470047, -0.6031520962715149], "cam_t_m2c": [56.71120834350586, 51.6973762512207, 467.257080078125], "obj_id": 0}, {"cam_R_m2c": [0.009802471846342087, 0.8154071569442749, -0.5788047909736633, 0.9509052038192749, -0.18665844202041626, -0.24685601890087128, -0.30932700634002686, -0.5479687452316284, -0.7772045731544495], "cam_t_m2c": [233.45867919921875, -40.35335159301758, 379.7320251464844], "obj_id": 2}, {"cam_R_m2c": [0.029268870130181313, -0.9822182655334473, 0.18544639647006989, -0.6575510501861572, 0.1208118200302124, 0.7436605095863342, -0.7528411149978638, -0.14370650053024292, -0.6423225998878479], "cam_t_m2c": [166.98097229003906, -171.6407928466797, 635.6249389648438], "obj_id": 1}],
  "9": [{"cam_R_m2c": [0.33902451395988464, 0.2482074350118637, 0.907444417476654, 0.6346689462661743, -0.7723513245582581, -0.0258583165705204, 0.6944476962089539, 0.584693431854248, -0.41937553882598877], "cam_t_m2c": [317.7751770019531, -79.38874053955078, 462.9578552246094], "obj_id": 2}, {"cam_R_m2c": [0.7288781404495239, 0.14746524393558502, 0.6685736179351807, -0.5583329200744629, 0.6931893229484558, 0.4557991623878479, -0.39623355865478516, -0.7055087089538574, 0.5875852704048157], "cam_t_m2c": [96.93017578125, -127.87836456298828, 616.9190063476562], "obj_id": 1}, {"cam_R_m2c": [0.30155977606773376, 0.9222171902656555, 0.24202710390090942, -0.4673158526420593, -0.07829970121383667, 0.8806162476539612, 0.8310701251029968, -0.37866154313087463, 0.4073546826839447], "cam_t_m2c": [123.04389953613281, -108.79834747314453, 610.9631958007812], "obj_id": 1}, {"cam_R_m2c": [-0.045695848762989044, 0.9013202786445618, -0.43073612451553345, -0.7771859765052795, -0.30297642946243286, -0.5515317320823669, -0.6276096105575562, 0.3095593750476837, 0.7143382430076599], "cam_t_m2c": [129.54852294921875, -107.5071792602539, 577.1983642578125], "obj_id": 0}, {"cam_R_m2c": [0.8894063234329224, 0.33902624249458313, -0.30662283301353455, -0.45681172609329224, 0.6346681118011475, -0.6233132481575012, -0.016715843230485916, 0.6944476962089539, 0.7193489670753479], "cam_t_m2c": [204.93553161621094, -316.5155944824219, 887.542236328125], "obj_id": 3}, {"cam_R_m2c": [-0.3186648488044739, 0.552953839302063, -0.7698667049407959, 0.9444766640663147, 0.2538721561431885, -0.2085970938205719, 0.08010314404964447, -0.79359370470047, -0.6031520962715149], "cam_t_m2c": [56.71120834350586, 51.6973762512207, 467.257080078125], "obj_id": 0}, {"cam_R_m2c": [0.009802471846342087, 0.8154071569442749, -0.5788047909736633, 0.9509052038192749, -0.18665844202041626, -0.24685601890087128, -0.30932700634002686, -0.5479687452316284, -0.7772045731544495], "cam_t_m2c": [233.45867919921875, -40.35335159301758, 379.7320251464844], "obj_id": 2}, {"cam_R_m2c": [0.029268870130181313, -0.9822182655334473, 0.18544639647006989, -0.6575510501861572, 0.1208118200302124, 0.7436605095863342, -0.7528411149978638, -0.14370650053024292, -0.6423225998878479], "cam_t_m2c": [166.98097229003906, -171.6407928466797, 635.6249389648438], "obj_id": 1}],
  "10": [{"cam_R_m2c": [0.33902451395988464, 0.2482074350118637, 0.907444417476654, 0.6346689462661743, -0.7723513245582581, -0.0258583165705204, 0.6944476962089539, 0.584693431854248, -0.41937553882598877], "cam_t_m2c": [317.7751770019531, -79.38874053955078, 462.9578552246094], "obj_id": 2}, {"cam_R_m2c": [0.7288781404495239, 0.14746524393558502, 0.6685736179351807, -0.5583329200744629, 0.6931893229484558, 0.4557991623878479, -0.39623355865478516, -0.7055087089538574, 0.5875852704048157], "cam_t_m2c": [96.93017578125, -127.87836456298828, 616.9190063476562], "obj_id": 1}, {"cam_R_m2c": [0.30155977606773376, 0.9222171902656555, 0.24202710390090942, -0.4673158526420593, -0.07829970121383667, 0.8806162476539612, 0.8310701251029968, -0.37866154313087463, 0.4073546826839447], "cam_t_m2c": [123.04389953613281, -108.79834747314453, 610.9631958007812], "obj_id": 1}, {"cam_R_m2c": [-0.045695848762989044, 0.9013202786445618, -0.43073612451553345, -0.7771859765052795, -0.30297642946243286, -0.5515317320823669, -0.6276096105575562, 0.3095593750476837, 0.7143382430076599], "cam_t_m2c": [129.54852294921875, -107.5071792602539, 577.1983642578125], "obj_id": 0}, {"cam_R_m2c": [0.8894063234329224, 0.33902624249458313, -0.30662283301353455, -0.45681172609329224, 0.6346681118011475, -0.6233132481575012, -0.016715843230485916, 0.6944476962089539, 0.7193489670753479], "cam_t_m2c": [204.93553161621094, -316.5155944824219, 887.542236328125], "obj_id": 3}, {"cam_R_m2c": [-0.3186648488044739, 0.552953839302063, -0.7698667049407959, 0.9444766640663147, 0.2538721561431885, -0.2085970938205719, 0.08010314404964447, -0.79359370470047, -0.6031520962715149], "cam_t_m2c": [56.71120834350586, 51.6973762512207, 467.257080078125], "obj_id": 0}, {"cam_R_m2c": [0.009802471846342087, 0.8154071569442749, -0.5788047909736633, 0.9509052038192749, -0.18665844202041626, -0.24685601890087128, -0.30932700634002686, -0.5479687452316284, -0.7772045731544495], "cam_t_m2c": [233.45867919921875, -40.35335159301758, 379.7320251464844], "obj_id": 2}, {"cam_R_m2c": [0.029268870130181313, -0.9822182655334473, 0.18544639647006989, -0.6575510501861572, 0.1208118200302124, 0.7436605095863342, -0.7528411149978638, -0.14370650053024292, -0.6423225998878479], "cam_t_m2c": [166.98097229003906, -171.6407928466797, 635.6249389648438], "obj_id": 1}],
  "11": [{"cam_R_m2c": [0.33902451395988464, 0.2482074350118637, 0.907444417476654, 0.6346689462661743, -0.7723513245582581, -0.0258583165705204, 0.6944476962089539, 0.584693431854248, -0.41937553882598877], "cam_t_m2c": [317.7751770019531, -79.38874053955078, 462.9578552246094], "obj_id": 2}, {"cam_R_m2c": [0.7288781404495239, 0.14746524393558502, 0.6685736179351807, -0.5583329200744629, 0.6931893229484558, 0.4557991623878479, -0.39623355865478516, -0.7055087089538574, 0.5875852704048157], "cam_t_m2c": [96.93017578125, -127.87836456298828, 616.9190063476562], "obj_id": 1}, {"cam_R_m2c": [0.30155977606773376, 0.9222171902656555, 0.24202710390090942, -0.4673158526420593, -0.07829970121383667, 0.8806162476539612, 0.8310701251029968, -0.37866154313087463, 0.4073546826839447], "cam_t_m2c": [123.04389953613281, -108.79834747314453, 610.9631958007812], "obj_id": 1}, {"cam_R_m2c": [-0.045695848762989044, 0.9013202786445618, -0.43073612451553345, -0.7771859765052795, -0.30297642946243286, -0.5515317320823669, -0.6276096105575562, 0.3095593750476837, 0.7143382430076599], "cam_t_m2c": [129.54852294921875, -107.5071792602539, 577.1983642578125], "obj_id": 0}, {"cam_R_m2c": [0.8894063234329224, 0.33902624249458313, -0.30662283301353455, -0.45681172609329224, 0.6346681118011475, -0.6233132481575012, -0.016715843230485916, 0.6944476962089539, 0.7193489670753479], "cam_t_m2c": [204.93553161621094, -316.5155944824219, 887.542236328125], "obj_id": 3}, {"cam_R_m2c": [-0.3186648488044739, 0.552953839302063, -0.7698667049407959, 0.9444766640663147, 0.2538721561431885, -0.2085970938205719, 0.08010314404964447, -0.79359370470047, -0.6031520962715149], "cam_t_m2c": [56.71120834350586, 51.6973762512207, 467.257080078125], "obj_id": 0}, {"cam_R_m2c": [0.009802471846342087, 0.8154071569442749, -0.5788047909736633, 0.9509052038192749, -0.18665844202041626, -0.24685601890087128, -0.30932700634002686, -0.5479687452316284, -0.7772045731544495], "cam_t_m2c": [233.45867919921875, -40.35335159301758, 379.7320251464844], "obj_id": 2}, {"cam_R_m2c": [0.029268870130181313, -0.9822182655334473, 0.18544639647006989, -0.6575510501861572, 0.1208118200302124, 0.7436605095863342, -0.7528411149978638, -0.14370650053024292, -0.6423225998878479], "cam_t_m2c": [166.98097229003906, -171.6407928466797, 635.6249389648438], "obj_id": 1}],
  "12": [{"cam_R_m2c": [0.33902451395988464, 0.2482074350118637, 0.907444417476654, 0.6346689462661743, -0.7723513245582581, -0.0258583165705204, 0.6944476962089539, 0.584693431854248, -0.41937553882598877], "cam_t_m2c": [317.7751770019531, -79.38874053955078, 462.9578552246094], "obj_id": 2}, {"cam_R_m2c": [0.7288781404495239, 0.14746524393558502, 0.6685736179351807, -0.5583329200744629, 0.6931893229484558, 0.4557991623878479, -0.39623355865478516, -0.7055087089538574, 0.5875852704048157], "cam_t_m2c": [96.93017578125, -127.87836456298828, 616.9190063476562], "obj_id": 1}, {"cam_R_m2c": [0.30155977606773376, 0.9222171902656555, 0.24202710390090942, -0.4673158526420593, -0.07829970121383667, 0.8806162476539612, 0.8310701251029968, -0.37866154313087463, 0.4073546826839447], "cam_t_m2c": [123.04389953613281, -108.79834747314453, 610.9631958007812], "obj_id": 1}, {"cam_R_m2c": [-0.045695848762989044, 0.9013202786445618, -0.43073612451553345, -0.7771859765052795, -0.30297642946243286, -0.5515317320823669, -0.6276096105575562, 0.3095593750476837, 0.7143382430076599], "cam_t_m2c": [129.54852294921875, -107.5071792602539, 577.1983642578125], "obj_id": 0}, {"cam_R_m2c": [0.8894063234329224, 0.33902624249458313, -0.30662283301353455, -0.45681172609329224, 0.6346681118011475, -0.6233132481575012, -0.016715843230485916, 0.6944476962089539, 0.7193489670753479], "cam_t_m2c": [204.93553161621094, -316.5155944824219, 887.542236328125], "obj_id": 3}, {"cam_R_m2c": [-0.3186648488044739, 0.552953839302063, -0.7698667049407959, 0.9444766640663147, 0.2538721561431885, -0.2085970938205719, 0.08010314404964447, -0.79359370470047, -0.6031520962715149], "cam_t_m2c": [56.71120834350586, 51.6973762512207, 467.257080078125], "obj_id": 0}, {"cam_R_m2c": [0.009802471846342087, 0.8154071569442749, -0.5788047909736633, 0.9509052038192749, -0.18665844202041626, -0.24685601890087128, -0.30932700634002686, -0.5479687452316284, -0.7772045731544495], "cam_t_m2c": [233.45867919921875, -40.35335159301758, 379.7320251464844], "obj_id": 2}, {"cam_R_m2c": [0.029268870130181313, -0.9822182655334473, 0.18544639647006989, -0.6575510501861572, 0.1208118200302124, 0.7436605095863342, -0.7528411149978638, -0.14370650053024292, -0.6423225998878479], "cam_t_m2c": [166.98097229003906, -171.6407928466797, 635.6249389648438], "obj_id": 1}],
  "13": [{"cam_R_m2c": [0.33902451395988464, 0.2482074350118637, 0.907444417476654, 0.6346689462661743, -0.7723513245582581, -0.0258583165705204, 0.6944476962089539, 0.584693431854248, -0.41937553882598877], "cam_t_m2c": [317.7751770019531, -79.38874053955078, 462.9578552246094], "obj_id": 2}, {"cam_R_m2c": [0.7288781404495239, 0.14746524393558502, 0.6685736179351807, -0.5583329200744629, 0.6931893229484558, 0.4557991623878479, -0.39623355865478516, -0.7055087089538574, 0.5875852704048157], "cam_t_m2c": [96.93017578125, -127.87836456298828, 616.9190063476562], "obj_id": 1}, {"cam_R_m2c": [0.30155977606773376, 0.9222171902656555, 0.24202710390090942, -0.4673158526420593, -0.07829970121383667, 0.8806162476539612, 0.8310701251029968, -0.37866154313087463, 0.4073546826839447], "cam_t_m2c": [123.04389953613281, -108.79834747314453, 610.9631958007812], "obj_id": 1}, {"cam_R_m2c": [-0.045695848762989044, 0.9013202786445618, -0.43073612451553345, -0.7771859765052795, -0.30297642946243286, -0.5515317320823669, -0.6276096105575562, 0.3095593750476837, 0.7143382430076599], "cam_t_m2c": [129.54852294921875, -107.5071792602539, 577.1983642578125], "obj_id": 0}, {"cam_R_m2c": [0.8894063234329224, 0.33902624249458313, -0.30662283301353455, -0.45681172609329224, 0.6346681118011475, -0.6233132481575012, -0.016715843230485916, 0.6944476962089539, 0.7193489670753479], "cam_t_m2c": [204.93553161621094, -316.5155944824219, 887.542236328125], "obj_id": 3}, {"cam_R_m2c": [-0.3186648488044739, 0.552953839302063, -0.7698667049407959, 0.9444766640663147, 0.2538721561431885, -0.2085970938205719, 0.08010314404964447, -0.79359370470047, -0.6031520962715149], "cam_t_m2c": [56.71120834350586, 51.6973762512207, 467.257080078125], "obj_id": 0}, {"cam_R_m2c": [0.009802471846342087, 0.8154071569442749, -0.5788047909736633, 0.9509052038192749, -0.18665844202041626, -0.24685601890087128, -0.30932700634002686, -0.5479687452316284, -0.7772045731544495], "cam_t_m2c": [233.45867919921875, -40.35335159301758, 379.7320251464844], "obj_id": 2}, {"cam_R_m2c": [0.029268870130181313, -0.9822182655334473, 0.18544639647006989, -0.6575510501861572, 0.1208118200302124, 0.7436605095863342, -0.7528411149978638, -0.14370650053024292, -0.6423225998878479], "cam_t_m2c": [166.98097229003906, -171.6407928466797, 635.6249389648438], "obj_id": 1}],
  "14": [{"cam_R_m2c": [0.33902451395988464, 0.2482074350118637, 0.907444417476654, 0.6346689462661743, -0.7723513245582581, -0.0258583165705204, 0.6944476962089539, 0.584693431854248, -0.41937553882598877], "cam_t_m2c": [317.7751770019531, -79.38874053955078, 462.9578552246094], "obj_id": 2}, {"cam_R_m2c": [0.7288781404495239, 0.14746524393558502, 0.6685736179351807, -0.5583329200744629, 0.6931893229484558, 0.4557991623878479, -0.39623355865478516, -0.7055087089538574, 0.5875852704048157], "cam_t_m2c": [96.93017578125, -127.87836456298828, 616.9190063476562], "obj_id": 1}, {"cam_R_m2c": [0.30155977606773376, 0.9222171902656555, 0.24202710390090942, -0.4673158526420593, -0.07829970121383667, 0.8806162476539612, 0.8310701251029968, -0.37866154313087463, 0.4073546826839447], "cam_t_m2c": [123.04389953613281, -108.79834747314453, 610.9631958007812], "obj_id": 1}, {"cam_R_m2c": [-0.045695848762989044, 0.9013202786445618, -0.43073612451553345, -0.7771859765052795, -0.30297642946243286, -0.5515317320823669, -0.6276096105575562, 0.3095593750476837, 0.7143382430076599], "cam_t_m2c": [129.54852294921875, -107.5071792602539, 577.1983642578125], "obj_id": 0}, {"cam_R_m2c": [0.8894063234329224, 0.33902624249458313, -0.30662283301353455, -0.45681172609329224, 0.6346681118011475, -0.6233132481575012, -0.016715843230485916, 0.6944476962089539, 0.7193489670753479], "cam_t_m2c": [204.93553161621094, -316.5155944824219, 887.542236328125], "obj_id": 3}, {"cam_R_m2c": [-0.3186648488044739, 0.552953839302063, -0.7698667049407959, 0.9444766640663147, 0.2538721561431885, -0.2085970938205719, 0.08010314404964447, -0.79359370470047, -0.6031520962715149], "cam_t_m2c": [56.71120834350586, 51.6973762512207, 467.257080078125], "obj_id": 0}, {"cam_R_m2c": [0.009802471846342087, 0.8154071569442749, -0.5788047909736633, 0.9509052038192749, -0.18665844202041626, -0.24685601890087128, -0.30932700634002686, -0.5479687452316284, -0.7772045731544495], "cam_t_m2c": [233.45867919921875, -40.35335159301758, 379.7320251464844], "obj_id": 2}, {"cam_R_m2c": [0.029268870130181313, -0.9822182655334473, 0.18544639647006989, -0.6575510501861572, 0.1208118200302124, 0.7436605095863342, -0.7528411149978638, -0.14370650053024292, -0.6423225998878479], "cam_t_m2c": [166.98097229003906, -171.6407928466797, 635.6249389648438], "obj_id": 1}]
}