{
  "0": [{"cam_R_m2c": [0.5078452229499817, -0.6857123970985413, 0.5214323401451111, 0.7853097915649414, 0.11971210688352585, -0.6074186563491821, 0.3540927767753601, 0.7179606556892395, 0.5992919206619263], "cam_t_m2c": [166.13653564453125, -264.7590637207031, 1148.7889404296875], "obj_id": 0}, {"cam_R_m2c": [0.6815519332885742, 0.29431381821632385, -0.6699748635292053, -0.7244511842727661, 0.400537371635437, -0.5610172152519226, 0.10323485732078552, 0.8677264451980591, 0.48620301485061646], "cam_t_m2c": [14082.9208984375, 19593.48046875, 27531.103515625], "obj_id": 0}, {"cam_R_m2c": [-0.5796064138412476, -0.8018476366996765, 0.1452467441558838, 0.8146045804023743, -0.5653507113456726, 0.12960630655288696, -0.021809155121445656, 0.1934393346309662, 0.9808698296546936], "cam_t_m2c": [21738.052734375, 26234.6796875, 36212.15625], "obj_id": 2}],
  "1": [{"cam_R_m2c": [-0.40939101576805115, 0.04394109174609184, 0.9113003611564636, 0.7659440636634827, 0.55925053358078, 0.3171253800392151, -0.49571043252944946, 0.827833354473114, -0.2626086175441742], "cam_t_m2c": [420.55010986328125, 203.25726318359375, 793.6940307617188], "obj_id": 0}, {"cam_R_m2c": [0.8364099860191345, 0.0968986228108406, 0.5394710898399353, -0.13919536769390106, 0.9895327091217041, 0.03807440027594566, -0.530134916305542, -0.10693768411874771, 0.8411428332328796], "cam_t_m2c": [-2135.304931640625, 34792.390625, -8212.7734375], "obj_id": 0}, {"cam_R_m2c": [-0.8554132580757141, 0.38528263568878174, 0.3461579978466034, 0.26976343989372253, -0.23911112546920776, 0.9327665567398071, 0.44214901328086853, 0.8912817239761353, 0.10060372203588486], "cam_t_m2c": [-2339.81787109375, 46750.015625, -14131.8564453125], "obj_id": 2}]
}