{
  "0": [{"cam_R_m2c": [0.0028497374150902033, -0.969089150428772, -0.24669411778450012, -0.766867995262146, 0.15621142089366913, -0.6225041151046753, 0.6417984366416931, 0.19095578789710999, -0.7427183389663696], "cam_t_m2c": [-14.752618789672852, 117.62754821777344, 82.47248077392578], "obj_id": 0}, {"cam_R_m2c": [0.0028497374150902033, -0.969089150428772, -0.24669411778450012, -0.766867995262146, 0.15621142089366913, -0.6225041151046753, 0.6417984366416931, 0.19095578789710999, -0.7427183389663696], "cam_t_m2c": [-14.752618789672852, 117.62754821777344, 82.47248077392578], "obj_id": 1}, {"cam_R_m2c": [0.0028497374150902033, -0.969089150428772, -0.24669411778450012, -0.766867995262146, 0.15621142089366913, -0.6225041151046753, 0.6417984366416931, 0.19095578789710999, -0.7427183389663696], "cam_t_m2c": [-14.752618789672852, 117.62754821777344, 82.47248077392578], "obj_id": 0}, {"cam_R_m2c": [0.0028497374150902033, -0.969089150428772, -0.24669411778450012, -0.766867995262146, 0.15621142089366913, -0.6225041151046753, 0.6417984366416931, 0.19095578789710999, -0.7427183389663696], "cam_t_m2c": [-14.752618789672852, 117.62754821777344, 82.47248077392578], "obj_id": 0}, {"cam_R_m2c": [0.0028497374150902033, -0.969089150428772, -0.24669411778450012, -0.766867995262146, 0.15621142089366913, -0.6225041151046753, 0.6417984366416931, 0.19095578789710999, -0.7427183389663696], "cam_t_m2c": [-14.752618789672852, 117.62754821777344, 82.47248077392578], "obj_id": 3}, {"cam_R_m2c": [0.0028497374150902033, -0.969089150428772, -0.24669411778450012, -0.766867995262146, 0.15621142089366913, -0.6225041151046753, 0.6417984366416931, 0.19095578789710999, -0.7427183389663696], "cam_t_m2c": [-14.752618789672852, 117.62754821777344, 82.47248077392578], "obj_id": 1}, {"cam_R_m2c": [0.0028497374150902033, -0.969089150428772, -0.24669411778450012, -0.766867995262146, 0.15621142089366913, -0.6225041151046753, 0.6417984366416931, 0.19095578789710999, -0.7427183389663696], "cam_t_m2c": [-14.752618789672852, 117.62754821777344, 82.47248077392578], "obj_id": 1}, {"cam_R_m2c": [0.0028497374150902033, -0.969089150428772, -0.24669411778450012, -0.766867995262146, 0.15621142089366913, -0.6225041151046753, 0.6417984366416931, 0.19095578789710999, -0.7427183389663696], "cam_t_m2c": [-14.752618789672852, 117.62754821777344, 82.47248077392578], "obj_id": 3}, {"cam_R_m2c": [0.0028497374150902033, -0.969089150428772, -0.24669411778450012, -0.766867995262146, 0.15621142089366913, -0.6225041151046753, 0.6417984366416931, 0.19095578789710999, -0.7427183389663696], "cam_t_m2c": [-14.752618789672852, 117.62754821777344, 82.47248077392578], "obj_id": 2}, {"cam_R_m2c": [0.0028497374150902033, -0.969089150428772, -0.24669411778450012, -0.766867995262146, 0.15621142089366913, -0.6225041151046753, 0.6417984366416931, 0.19095578789710999, -0.7427183389663696], "cam_t_m2c": [-14.752618789672852, 117.62754821777344, 82.47248077392578], "obj_id": 2}, {"cam_R_m2c": [0.0028497374150902033, -0.969089150428772, -0.24669411778450012, -0.766867995262146, 0.15621142089366913, -0.6225041151046753, 0.6417984366416931, 0.19095578789710999, -0.7427183389663696], "cam_t_m2c": [-14.752618789672852, 117.62754821777344, 82.47248077392578], "obj_id": 0}, {"cam_R_m2c": [0.0028497374150902033, -0.969089150428772, -0.24669411778450012, -0.766867995262146, 0.15621142089366913, -0.6225041151046753, 0.6417984366416931, 0.19095578789710999, -0.7427183389663696], "cam_t_m2c": [-14.752618789672852, 117.62754821777344, 82.47248077392578], "obj_id": 2}, {"cam_R_m2c": [0.0028497374150902033, -0.969089150428772, -0.24669411778450012, -0.766867995262146, 0.15621142089366913, -0.6225041151046753, 0.6417984366416931, 0.19095578789710999, -0.7427183389663696], "cam_t_m2c": [-14.752618789672852, 117.62754821777344, 82.47248077392578], "obj_id": 2}, {"cam_R_m2c": [0.0028497374150902033, -0.969089150428772, -0.24669411778450012, -0.766867995262146, 0.15621142089366913, -0.6225041151046753, 0.6417984366416931, 0.19095578789710999, -0.7427183389663696], "cam_t_m2c": [-14.752618789672852, 117.62754821777344, 82.47248077392578], "obj_id": 2}, {"cam_R_m2c": [0.0028497374150902033, -0.969089150428772, -0.24669411778450012, -0.766867995262146, 0.15621142089366913, -0.6225041151046753, 0.6417984366416931, 0.19095578789710999, -0.7427183389663696], "cam_t_m2c": [-14.752618789672852, 117.62754821777344, 82.47248077392578], "obj_id": 3}, {"cam_R_m2c": [0.0028497374150902033, -0.969089150428772, -0.24669411778450012, -0.766867995262146, 0.15621142089366913, -0.6225041151046753, 0.6417984366416931, 0.19095578789710999, -0.7427183389663696], "cam_t_m2c": [-14.752618789672852, 117.62754821777344, 82.47248077392578], "obj_id": 2}, {"cam_R_m2c": [0.0028497374150902033, -0.969089150428772, -0.24669411778450012, -0.766867995262146, 0.15621142089366913, -0.6225041151046753, 0.6417984366416931, 0.19095578789710999, -0.7427183389663696], "cam_t_m2c": [-14.752618789672852, 117.62754821777344, 82.47248077392578], "obj_id": 2}, {"cam_R_m2c": [0.0028497374150902033, -0.969089150428772, -0.24669411778450012, -0.766867995262146, 0.15621142089366913, -0.6225041151046753, 0.6417984366416931, 0.19095578789710999, -0.7427183389663696], "cam_t_m2c": [-14.752618789672852, 117.62754821777344, 82.47248077392578], "obj_id": 0}, {"cam_R_m2c": [0.0028497374150902033, -0.969089150428772, -0.24669411778450012, -0.766867995262146, 0.15621142089366913, -0.6225041151046753, 0.6417984366416931, 0.19095578789710999, -0.7427183389663696], "cam_t_m2c": [-14.752618789672852, 117.62754821777344, 82.47248077392578], "obj_id": 0}, {"cam_R_m2c": [0.0028497374150902033, -0.969089150428772, -0.24669411778450012, -0.766867995262146, 0.15621142089366913, -0.6225041151046753, 0.6417984366416931, 0.19095578789710999, -0.7427183389663696], "cam_t_m2c": [-14.752618789672852, 117.62754821777344, 82.47248077392578], "obj_id": 3}, {"cam_R_m2c": [0.0028497374150902033, -0.969089150428772, -0.24669411778450012, -0.766867995262146, 0.15621142089366913, -0.6225041151046753, 0.6417984366416931, 0.19095578789710999, -0.7427183389663696], "cam_t_m2c": [-14.752618789672852, 117.62754821777344, 82.47248077392578], "obj_id": 1}, {"cam_R_m2c": [0.0028497374150902033, -0.969089150428772, -0.24669411778450012, -0.766867995262146, 0.15621142089366913, -0.6225041151046753, 0.6417984366416931, 0.19095578789710999, -0.7427183389663696], "cam_t_m2c": [-14.752618789672852, 117.62754821777344, 82.47248077392578], "obj_id": 1}, {"cam_R_m2c": [0.0028497374150902033, -0.969089150428772, -0.24669411778450012, -0.766867995262146, 0.15621142089366913, -0.6225041151046753, 0.6417984366416931, 0.19095578789710999, -0.7427183389663696], "cam_t_m2c": [-14.752618789672852, 117.62754821777344, 82.47248077392578], "obj_id": 1}, {"cam_R_m2c": [0.0028497374150902033, -0.969089150428772, -0.24669411778450012, -0.766867995262146, 0.15621142089366913, -0.6225041151046753, 0.6417984366416931, 0.19095578789710999, -0.7427183389663696], "cam_t_m2c": [-14.752618789672852, 117.62754821777344, 82.47248077392578], "obj_id": 2}, {"cam_R_m2c": [0.03364598751068115, 0.4374876618385315, -0.8985947370529175, 0.28887245059013367, 0.8564714789390564, 0.4277958571910858, 0.9567761421203613, -0.27397286891937256, -0.0975612998008728], "cam_t_m2c": [3.003467559814453, -20.24142074584961, 152.92369079589844], "obj_id": 3}, {"cam_R_m2c": [0.6719605922698975, -0.6694803833961487, -0.31664642691612244, 0.5922296643257141, 0.22903640568256378, 0.7725324034690857, -0.44467175006866455, -0.7066386938095093, 0.5503895878791809], "cam_t_m2c": [-216.21800231933594, 62.97700119018555, 147.64686584472656], "obj_id": 0}, {"cam_R_m2c": [-0.47075140476226807, 0.8711367249488831, 0.13969115912914276, 0.1921221762895584, 0.25575053691864014, -0.9474600553512573, -0.8610934019088745, -0.4191805124282837, -0.2877595126628876], "cam_t_m2c": [1964.3067626953125, 4906.12451171875, 5974.49755859375], "obj_id": 2}, {"cam_R_m2c": [0.14709928631782532, -0.9538927674293518, 0.26163017749786377, 0.24084597826004028, -0.2220042198896408, -0.9448318481445312, 0.9593513011932373, 0.20199663937091827, 0.19708462059497833], "cam_t_m2c": [-140.6591796875, 206.22874450683594, 18.78974723815918], "obj_id": 3}, {"cam_R_m2c": [0.23308832943439484, 0.1783028542995453, -0.9559695720672607, 0.7058190107345581, -0.7072515487670898, 0.04018241539597511, -0.6689464449882507, -0.6841076016426086, -0.29070159792900085], "cam_t_m2c": [50.974342346191406, 168.06179809570312, 7.5997724533081055], "obj_id": 3}, {"cam_R_m2c": [0.7194791436195374, -0.23224742710590363, -0.6545310020446777, 0.221143439412117, 0.9699874520301819, -0.10109374672174454, 0.6583656072616577, -0.07201041281223297, 0.7492457032203674], "cam_t_m2c": [-84.7308578491211, -5.622918605804443, 165.83445739746094], "obj_id": 1}, {"cam_R_m2c": [0.8984575867652893, -0.2817073464393616, 0.33677130937576294, 0.2537267804145813, -0.2928544282913208, -0.9218778610229492, 0.35832479596138, 0.9137160778045654, -0.19164057075977325], "cam_t_m2c": [129.75619506835938, 6.7453179359436035, 79.89619445800781], "obj_id": 0}, {"cam_R_m2c": [-0.18873757123947144, -0.9404078125953674, -0.28286269307136536, 0.8922348618507385, -0.2845398485660553, 0.3506481349468231, -0.4102379381656647, -0.18619947135448456, 0.8927679657936096], "cam_t_m2c": [80.0317153930664, 254.81077575683594, -111.53665161132812], "obj_id": 0}],
  "1": [{"cam_R_m2c": [0.7432986497879028, -0.5239547491073608, 0.4159068465232849, -0.27829691767692566, -0.8075628280639648, -0.5199931859970093, 0.608323872089386, 0.2707645893096924, -0.7460753321647644], "cam_t_m2c": [-118.77232360839844, 32.542720794677734, 85.14769744873047], "obj_id": 0}, {"cam_R_m2c": [0.7432986497879028, -0.5239547491073608, 0.4159068465232849, -0.27829691767692566, -0.8075628280639648, -0.5199931859970093, 0.608323872089386, 0.2707645893096924, -0.7460753321647644], "cam_t_m2c": [-118.77232360839844, 32.542720794677734, 85.14769744873047], "obj_id": 1}, {"cam_R_m2c": [0.7432986497879028, -0.5239547491073608, 0.4159068465232849, -0.27829691767692566, -0.8075628280639648, -0.5199931859970093, 0.608323872089386, 0.2707645893096924, -0.7460753321647644], "cam_t_m2c": [-118.77232360839844, 32.542720794677734, 85.14769744873047], "obj_id": 0}, {"cam_R_m2c": [0.7432986497879028, -0.5239547491073608, 0.4159068465232849, -0.27829691767692566, -0.8075628280639648, -0.5199931859970093, 0.608323872089386, 0.2707645893096924, -0.7460753321647644], "cam_t_m2c": [-118.77232360839844, 32.542720794677734, 85.14769744873047], "obj_id": 0}, {"cam_R_m2c": [0.7432986497879028, -0.5239547491073608, 0.4159068465232849, -0.27829691767692566, -0.8075628280639648, -0.5199931859970093, 0.608323872089386, 0.2707645893096924, -0.7460753321647644], "cam_t_m2c": [-118.77232360839844, 32.542720794677734, 85.14769744873047], "obj_id": 3}, {"cam_R_m2c": [0.7432986497879028, -0.5239547491073608, 0.4159068465232849, -0.27829691767692566, -0.8075628280639648, -0.5199931859970093, 0.608323872089386, 0.2707645893096924, -0.7460753321647644], "cam_t_m2c": [-118.77232360839844, 32.542720794677734, 85.14769744873047], "obj_id": 1}, {"cam_R_m2c": [0.7432986497879028, -0.5239547491073608, 0.4159068465232849, -0.27829691767692566, -0.8075628280639648, -0.5199931859970093, 0.608323872089386, 0.2707645893096924, -0.7460753321647644], "cam_t_m2c": [-118.77232360839844, 32.542720794677734, 85.14769744873047], "obj_id": 1}, {"cam_R_m2c": [0.7432986497879028, -0.5239547491073608, 0.4159068465232849, -0.27829691767692566, -0.8075628280639648, -0.5199931859970093, 0.608323872089386, 0.2707645893096924, -0.7460753321647644], "cam_t_m2c": [-118.77232360839844, 32.542720794677734, 85.14769744873047], "obj_id": 3}, {"cam_R_m2c": [0.7432986497879028, -0.5239547491073608, 0.4159068465232849, -0.27829691767692566, -0.8075628280639648, -0.5199931859970093, 0.608323872089386, 0.2707645893096924, -0.7460753321647644], "cam_t_m2c": [-118.77232360839844, 32.542720794677734, 85.14769744873047], "obj_id": 2}, {"cam_R_m2c": [0.7432986497879028, -0.5239547491073608, 0.4159068465232849, -0.27829691767692566, -0.8075628280639648, -0.5199931859970093, 0.608323872089386, 0.2707645893096924, -0.7460753321647644], "cam_t_m2c": [-118.77232360839844, 32.542720794677734, 85.14769744873047], "obj_id": 2}, {"cam_R_m2c": [0.7432986497879028, -0.5239547491073608, 0.4159068465232849, -0.27829691767692566, -0.8075628280639648, -0.5199931859970093, 0.608323872089386, 0.2707645893096924, -0.7460753321647644], "cam_t_m2c": [-118.77232360839844, 32.542720794677734, 85.14769744873047], "obj_id": 0}, {"cam_R_m2c": [0.7432986497879028, -0.5239547491073608, 0.4159068465232849, -0.27829691767692566, -0.8075628280639648, -0.5199931859970093, 0.608323872089386, 0.2707645893096924, -0.7460753321647644], "cam_t_m2c": [-118.77232360839844, 32.542720794677734, 85.14769744873047], "obj_id": 2}, {"cam_R_m2c": [0.7432986497879028, -0.5239547491073608, 0.4159068465232849, -0.27829691767692566, -0.8075628280639648, -0.5199931859970093, 0.608323872089386, 0.2707645893096924, -0.7460753321647644], "cam_t_m2c": [-118.77232360839844, 32.542720794677734, 85.14769744873047], "obj_id": 2}, {"cam_R_m2c": [0.7432986497879028, -0.5239547491073608, 0.4159068465232849, -0.27829691767692566, -0.8075628280639648, -0.5199931859970093, 0.608323872089386, 0.2707645893096924, -0.7460753321647644], "cam_t_m2c": [-118.77232360839844, 32.542720794677734, 85.14769744873047], "obj_id": 2}, {"cam_R_m2c": [0.7432986497879028, -0.5239547491073608, 0.4159068465232849, -0.27829691767692566, -0.8075628280639648, -0.5199931859970093, 0.608323872089386, 0.2707645893096924, -0.7460753321647644], "cam_t_m2c": [-118.77232360839844, 32.542720794677734, 85.14769744873047], "obj_id": 3}, {"cam_R_m2c": [0.7432986497879028, -0.5239547491073608, 0.4159068465232849, -0.27829691767692566, -0.8075628280639648, -0.5199931859970093, 0.608323872089386, 0.2707645893096924, -0.7460753321647644], "cam_t_m2c": [-118.77232360839844, 32.542720794677734, 85.14769744873047], "obj_id": 2}, {"cam_R_m2c": [0.7432986497879028, -0.5239547491073608, 0.4159068465232849, -0.27829691767692566, -0.8075628280639648, -0.5199931859970093, 0.608323872089386, 0.2707645893096924, -0.7460753321647644], "cam_t_m2c": [-118.77232360839844, 32.542720794677734, 85.14769744873047], "obj_id": 2}, {"cam_R_m2c": [0.7432986497879028, -0.5239547491073608, 0.4159068465232849, -0.27829691767692566, -0.8075628280639648, -0.5199931859970093, 0.608323872089386, 0.2707645893096924, -0.7460753321647644], "cam_t_m2c": [-118.77232360839844, 32.542720794677734, 85.14769744873047], "obj_id": 0}, {"cam_R_m2c": [0.7432986497879028, -0.5239547491073608, 0.4159068465232849, -0.27829691767692566, -0.8075628280639648, -0.5199931859970093, 0.608323872089386, 0.2707645893096924, -0.7460753321647644], "cam_t_m2c": [-118.77232360839844, 32.542720794677734, 85.14769744873047], "obj_id": 0}, {"cam_R_m2c": [0.7432986497879028, -0.5239547491073608, 0.4159068465232849, -0.27829691767692566, -0.8075628280639648, -0.5199931859970093, 0.608323872089386, 0.2707645893096924, -0.7460753321647644], "cam_t_m2c": [-118.77232360839844, 32.542720794677734, 85.14769744873047], "obj_id": 3}, {"cam_R_m2c": [0.7432986497879028, -0.5239547491073608, 0.4159068465232849, -0.27829691767692566, -0.8075628280639648, -0.5199931859970093, 0.608323872089386, 0.2707645893096924, -0.7460753321647644], "cam_t_m2c": [-118.77232360839844, 32.542720794677734, 85.14769744873047], "obj_id": 1}, {"cam_R_m2c": [0.7432986497879028, -0.5239547491073608, 0.4159068465232849, -0.27829691767692566, -0.8075628280639648, -0.5199931859970093, 0.608323872089386, 0.2707645893096924, -0.7460753321647644], "cam_t_m2c": [-118.77232360839844, 32.542720794677734, 85.14769744873047], "obj_id": 1}, {"cam_R_m2c": [0.7432986497879028, -0.5239547491073608, 0.4159068465232849, -0.27829691767692566, -0.8075628280639648, -0.5199931859970093, 0.608323872089386, 0.2707645893096924, -0.7460753321647644], "cam_t_m2c": [-118.77232360839844, 32.542720794677734, 85.14769744873047], "obj_id": 1}, {"cam_R_m2c": [0.7432986497879028, -0.5239547491073608, 0.4159068465232849, -0.27829691767692566, -0.8075628280639648, -0.5199931859970093, 0.608323872089386, 0.2707645893096924, -0.7460753321647644], "cam_t_m2c": [-118.77232360839844, 32.542720794677734, 85.14769744873047], "obj_id": 2}, {"cam_R_m2c": [-0.18424034118652344, -0.6205208897590637, -0.7622396349906921, 0.20041844248771667, 0.7355038523674011, -0.6471989750862122, 0.9622306823730469, -0.2720070481300354, -0.011145645752549171], "cam_t_m2c": [18.82261848449707, -4.195619583129883, 148.4282684326172], "obj_id": 3}, {"cam_R_m2c": [-0.2959875762462616, -0.5293786525726318, -0.7950781583786011, 0.8311869502067566, -0.5528861284255981, 0.058692432940006256, -0.4706583619117737, -0.6434864401817322, 0.6036603450775146], "cam_t_m2c": [-146.61248779296875, -169.78805541992188, 163.31324768066406], "obj_id": 0}, {"cam_R_m2c": [-0.4253385066986084, 0.093320831656456, 0.9002100229263306, -0.39544227719306946, 0.87553471326828, -0.2776046395301819, -0.8140714168548584, -0.4740571081638336, -0.33549562096595764], "cam_t_m2c": [-3272.725830078125, 4116.1298828125, 5996.0888671875], "obj_id": 2}, {"cam_R_m2c": [-0.09411761164665222, -0.17254896461963654, 0.9804940819740295, 0.2840711176395416, -0.9485764503479004, -0.13966406881809235, 0.9541726112365723, 0.2653852105140686, 0.13829405605793], "cam_t_m2c": [-255.0821075439453, -49.03116989135742, 34.91360092163086], "obj_id": 3}, {"cam_R_m2c": [-0.5934542417526245, 0.6701735258102417, -0.44573453068733215, 0.46648266911506653, -0.16490787267684937, -0.8690219521522522, -0.6559007167816162, -0.7236523032188416, -0.21475893259048462], "cam_t_m2c": [-143.035400390625, 109.08924102783203, 7.549371242523193], "obj_id": 3}, {"cam_R_m2c": [0.136447474360466, -0.9829212427139282, -0.12348270416259766, 0.7808200716972351, 0.18342040479183197, -0.5972244739532471, 0.6096738576889038, -0.014927968382835388, 0.7925118207931519], "cam_t_m2c": [-29.344257354736328, -77.34447479248047, 168.59991455078125], "obj_id": 1}, {"cam_R_m2c": [0.15923428535461426, 0.21420712769031525, 0.9637218117713928, 0.9410776495933533, -0.3279484510421753, -0.08259950578212738, 0.29835766553878784, 0.9200897216796875, -0.2538062036037445], "cam_t_m2c": [40.89459991455078, 118.35205841064453, 67.04987335205078], "obj_id": 0}, {"cam_R_m2c": [-0.9174175262451172, -0.1365356743335724, -0.3737681806087494, 0.17300713062286377, -0.9827291965484619, -0.06566152721643448, -0.3583478331565857, -0.12490362673997879, 0.925195038318634], "cam_t_m2c": [-218.32131958007812, 164.82412719726562, -109.8765869140625], "obj_id": 0}]
}