{
  "0": [{"cam_R_m2c": [0.32233351469039917, 0.800436794757843, 0.5053731799125671, -0.8490777015686035, 0.008430004119873047, 0.5282007455825806, 0.41853103041648865, -0.5993579030036926, 0.6823502779006958], "cam_t_m2c": [-210.7591552734375, -307.870849609375, 506.1143493652344], "obj_id": 1}, {"cam_R_m2c": [0.5914409160614014, -0.3849523365497589, -0.7085261344909668, -0.763084888458252, 0.016744574531912804, -0.6460812091827393, 0.2605744004249573, 0.9227844476699829, -0.2838478684425354], "cam_t_m2c": [-290.03448486328125, -300.6148986816406, 807.41796875], "obj_id": 2}, {"cam_R_m2c": [0.8423999547958374, 0.40612226724624634, -0.3541567325592041, 0.2859957218170166, -0.8940041661262512, -0.34491005539894104, -0.45669326186180115, 0.1892649084329605, -0.8692582845687866], "cam_t_m2c": [-47.23960494995117, -424.56427001953125, 798.5855102539062], "obj_id": 0}, {"cam_R_m2c": [-0.2323223352432251, -0.8750571608543396, 0.42461898922920227, 0.3355429172515869, -0.48186907172203064, -0.8094523549079895, 0.9129278659820557, -0.04557597264647484, 0.4055681824684143], "cam_t_m2c": [-154.8014678955078, -322.5378112792969, 829.7131958007812], "obj_id": 2}],
  "1": [{"cam_R_m2c": [0.949188768863678, -0.24743101000785828, -0.19446998834609985, 0.25407058000564575, 0.23783519864082336, 0.9374873042106628, -0.18571165204048157, -0.9392614960670471, 0.28861546516418457], "cam_t_m2c": [118.6597671508789, -477.31060791015625, 660.5636596679688], "obj_id": 1}, {"cam_R_m2c": [0.8082460761070251, 0.36203402280807495, 0.464402437210083, 0.3837171494960785, 0.2744044065475464, -0.8817388415336609, -0.4466535449028015, 0.8908612132072449, 0.08286761492490768], "cam_t_m2c": [235.6430206298828, -352.4847412109375, 921.1326293945312], "obj_id": 2}, {"cam_R_m2c": [-0.4409157335758209, 0.8962547779083252, -0.048173416405916214, 0.4333612024784088, 0.16557782888412476, -0.8858792781829834, -0.7859970927238464, -0.4114745855331421, -0.46140792965888977], "cam_t_m2c": [347.2598571777344, -211.43922424316406, 715.9852294921875], "obj_id": 0}, {"cam_R_m2c": [0.0690908208489418, 0.411620169878006, 0.9087327122688293, 0.47205469012260437, -0.8159664869308472, 0.33371055126190186, 0.8788576126098633, 0.4059152901172638, -0.25068289041519165], "cam_t_m2c": [266.1064453125, -244.2353515625, 839.5791625976562], "obj_id": 2}]
}