{
  "0": [{"cam_R_m2c": [0.60505610704422, 0.617746114730835, 0.5022916197776794, 0.7496677041053772, -0.2295503169298172, -0.6207293272018433, -0.2681519389152527, 0.7521278858184814, -0.6019951105117798], "cam_t_m2c": [-73.29216766357422, 27.5398006439209, 959.6145629882812], "obj_id": 1}, {"cam_R_m2c": [0.60505610704422, 0.617746114730835, 0.5022916197776794, 0.7496677041053772, -0.2295503169298172, -0.6207293272018433, -0.2681519389152527, 0.7521278858184814, -0.6019951105117798], "cam_t_m2c": [-73.29216766357422, 27.5398006439209, 959.6145629882812], "obj_id": 3}, {"cam_R_m2c": [0.60505610704422, 0.617746114730835, 0.5022916197776794, 0.7496677041053772, -0.2295503169298172, -0.6207293272018433, -0.2681519389152527, 0.7521278858184814, -0.6019951105117798], "cam_t_m2c": [-73.29216766357422, 27.5398006439209, 959.6145629882812], "obj_id": 2}, {"cam_R_m2c": [0.60505610704422, 0.617746114730835, 0.5022916197776794, 0.7496677041053772, -0.2295503169298172, -0.6207293272018433, -0.2681519389152527, 0.7521278858184814, -0.6019951105117798], "cam_t_m2c": [-73.29216766357422, 27.5398006439209, 959.6145629882812], "obj_id": 1}, {"cam_R_m2c": [0.60505610704422, 0.617746114730835, 0.5022916197776794, 0.7496677041053772, -0.2295503169298172, -0.6207293272018433, -0.2681519389152527, 0.7521278858184814, -0.6019951105117798], "cam_t_m2c": [-73.29216766357422, 27.5398006439209, 959.6145629882812], "obj_id": 2}, {"cam_R_m2c": [0.60505610704422, 0.617746114730835, 0.5022916197776794, 0.7496677041053772, -0.2295503169298172, -0.6207293272018433, -0.2681519389152527, 0.7521278858184814, -0.6019951105117798], "cam_t_m2c": [-73.29216766357422, 27.5398006439209, 959.6145629882812], "obj_id": 3}, {"cam_R_m2c": [0.60505610704422, 0.617746114730835, 0.5022916197776794, 0.7496677041053772, -0.2295503169298172, -0.6207293272018433, -0.2681519389152527, 0.7521278858184814, -0.6019951105117798], "cam_t_m2c": [-73.29216766357422, 27.5398006439209, 959.6145629882812], "obj_id": 3}, {"cam_R_m2c": [0.60505610704422, 0.617746114730835, 0.5022916197776794, 0.7496677041053772, -0.2295503169298172, -0.6207293272018433, -0.2681519389152527, 0.7521278858184814, -0.6019951105117798], "cam_t_m2c": [-73.29216766357422, 27.5398006439209, 959.6145629882812], "obj_id": 1}, {"cam_R_m2c": [0.60505610704422, 0.617746114730835, 0.5022916197776794, 0.7496677041053772, -0.2295503169298172, -0.6207293272018433, -0.2681519389152527, 0.7521278858184814, -0.6019951105117798], "cam_t_m2c": [-73.29216766357422, 27.5398006439209, 959.6145629882812], "obj_id": 0}, {"cam_R_m2c": [0.60505610704422, 0.617746114730835, 0.5022916197776794, 0.7496677041053772, -0.2295503169298172, -0.6207293272018433, -0.2681519389152527, 0.7521278858184814, -0.6019951105117798], "cam_t_m2c": [-73.29216766357422, 27.5398006439209, 959.6145629882812], "obj_id": 1}, {"cam_R_m2c": [0.60505610704422, 0.617746114730835, 0.5022916197776794, 0.7496677041053772, -0.2295503169298172, -0.6207293272018433, -0.2681519389152527, 0.7521278858184814, -0.6019951105117798], "cam_t_m2c": [-73.29216766357422, 27.5398006439209, 959.6145629882812], "obj_id": 3}, {"cam_R_m2c": [0.60505610704422, 0.617746114730835, 0.5022916197776794, 0.7496677041053772, -0.2295503169298172, -0.6207293272018433, -0.2681519389152527, 0.7521278858184814, -0.6019951105117798], "cam_t_m2c": [-73.29216766357422, 27.5398006439209, 959.6145629882812], "obj_id": 2}, {"cam_R_m2c": [0.60505610704422, 0.617746114730835, 0.5022916197776794, 0.7496677041053772, -0.2295503169298172, -0.6207293272018433, -0.2681519389152527, 0.7521278858184814, -0.6019951105117798], "cam_t_m2c": [-73.29216766357422, 27.5398006439209, 959.6145629882812], "obj_id": 3}, {"cam_R_m2c": [0.60505610704422, 0.617746114730835, 0.5022916197776794, 0.7496677041053772, -0.2295503169298172, -0.6207293272018433, -0.2681519389152527, 0.7521278858184814, -0.6019951105117798], "cam_t_m2c": [-73.29216766357422, 27.5398006439209, 959.6145629882812], "obj_id": 2}, {"cam_R_m2c": [0.60505610704422, 0.617746114730835, 0.5022916197776794, 0.7496677041053772, -0.2295503169298172, -0.6207293272018433, -0.2681519389152527, 0.7521278858184814, -0.6019951105117798], "cam_t_m2c": [-73.29216766357422, 27.5398006439209, 959.6145629882812], "obj_id": 2}, {"cam_R_m2c": [0.60505610704422, 0.617746114730835, 0.5022916197776794, 0.7496677041053772, -0.2295503169298172, -0.6207293272018433, -0.2681519389152527, 0.7521278858184814, -0.6019951105117798], "cam_t_m2c": [-73.29216766357422, 27.5398006439209, 959.6145629882812], "obj_id": 2}, {"cam_R_m2c": [-0.5178771018981934, 0.8478735089302063, -0.11363844573497772, 0.43050268292427063, 0.3731016516685486, 0.8218653202056885, 0.7392365336418152, 0.3767035901546478, -0.5582326054573059], "cam_t_m2c": [-232.9569091796875, 68.24092102050781, 772.5831298828125], "obj_id": 1}, {"cam_R_m2c": [-0.7621341347694397, 0.5015480518341064, -0.4093911647796631, 0.3528488278388977, 0.8519578576087952, 0.3868663012981415, 0.5428160429000854, 0.1503908336162567, -0.8262767791748047], "cam_t_m2c": [79.43907165527344, -80.77631378173828, 1140.0751953125], "obj_id": 0}, {"cam_R_m2c": [-0.012425734661519527, 0.9210696220397949, 0.3891995847225189, 0.8603996634483337, 0.208164244890213, -0.46516668796539307, -0.5094683170318604, 0.32908716797828674, -0.7950746417045593], "cam_t_m2c": [159.58544921875, 37.490272521972656, 1038.2198486328125], "obj_id": 1}],
  "1": [{"cam_R_m2c": [0.6826204061508179, 0.6471659541130066, 0.33941951394081116, 0.687075674533844, -0.4101712107658386, -0.5997388362884521, -0.24891047179698944, 0.6426008939743042, -0.7246432304382324], "cam_t_m2c": [-78.77071380615234, 63.460960388183594, 839.5810546875], "obj_id": 1}, {"cam_R_m2c": [0.6826204061508179, 0.6471659541130066, 0.33941951394081116, 0.687075674533844, -0.4101712107658386, -0.5997388362884521, -0.24891047179698944, 0.6426008939743042, -0.7246432304382324], "cam_t_m2c": [-78.77071380615234, 63.460960388183594, 839.5810546875], "obj_id": 3}, {"cam_R_m2c": [0.6826204061508179, 0.6471659541130066, 0.33941951394081116, 0.687075674533844, -0.4101712107658386, -0.5997388362884521, -0.24891047179698944, 0.6426008939743042, -0.7246432304382324], "cam_t_m2c": [-78.77071380615234, 63.460960388183594, 839.5810546875], "obj_id": 2}, {"cam_R_m2c": [0.6826204061508179, 0.6471659541130066, 0.33941951394081116, 0.687075674533844, -0.4101712107658386, -0.5997388362884521, -0.24891047179698944, 0.6426008939743042, -0.7246432304382324], "cam_t_m2c": [-78.77071380615234, 63.460960388183594, 839.5810546875], "obj_id": 1}, {"cam_R_m2c": [0.6826204061508179, 0.6471659541130066, 0.33941951394081116, 0.687075674533844, -0.4101712107658386, -0.5997388362884521, -0.24891047179698944, 0.6426008939743042, -0.7246432304382324], "cam_t_m2c": [-78.77071380615234, 63.460960388183594, 839.5810546875], "obj_id": 2}, {"cam_R_m2c": [0.6826204061508179, 0.6471659541130066, 0.33941951394081116, 0.687075674533844, -0.4101712107658386, -0.5997388362884521, -0.24891047179698944, 0.6426008939743042, -0.7246432304382324], "cam_t_m2c": [-78.77071380615234, 63.460960388183594, 839.5810546875], "obj_id": 3}, {"cam_R_m2c": [0.6826204061508179, 0.6471659541130066, 0.33941951394081116, 0.687075674533844, -0.4101712107658386, -0.5997388362884521, -0.24891047179698944, 0.6426008939743042, -0.7246432304382324], "cam_t_m2c": [-78.77071380615234, 63.460960388183594, 839.5810546875], "obj_id": 3}, {"cam_R_m2c": [0.6826204061508179, 0.6471659541130066, 0.33941951394081116, 0.687075674533844, -0.4101712107658386, -0.5997388362884521, -0.24891047179698944, 0.6426008939743042, -0.7246432304382324], "cam_t_m2c": [-78.77071380615234, 63.460960388183594, 839.5810546875], "obj_id": 1}, {"cam_R_m2c": [0.6826204061508179, 0.6471659541130066, 0.33941951394081116, 0.687075674533844, -0.4101712107658386, -0.5997388362884521, -0.24891047179698944, 0.6426008939743042, -0.7246432304382324], "cam_t_m2c": [-78.77071380615234, 63.460960388183594, 839.5810546875], "obj_id": 0}, {"cam_R_m2c": [0.6826204061508179, 0.6471659541130066, 0.33941951394081116, 0.687075674533844, -0.4101712107658386, -0.5997388362884521, -0.24891047179698944, 0.6426008939743042, -0.7246432304382324], "cam_t_m2c": [-78.77071380615234, 63.460960388183594, 839.5810546875], "obj_id": 1}, {"cam_R_m2c": [0.6826204061508179, 0.6471659541130066, 0.33941951394081116, 0.687075674533844, -0.4101712107658386, -0.5997388362884521, -0.24891047179698944, 0.6426008939743042, -0.7246432304382324], "cam_t_m2c": [-78.77071380615234, 63.460960388183594, 839.5810546875], "obj_id": 3}, {"cam_R_m2c": [0.6826204061508179, 0.6471659541130066, 0.33941951394081116, 0.687075674533844, -0.4101712107658386, -0.5997388362884521, -0.24891047179698944, 0.6426008939743042, -0.7246432304382324], "cam_t_m2c": [-78.77071380615234, 63.460960388183594, 839.5810546875], "obj_id": 2}, {"cam_R_m2c": [0.6826204061508179, 0.6471659541130066, 0.33941951394081116, 0.687075674533844, -0.4101712107658386, -0.5997388362884521, -0.24891047179698944, 0.6426008939743042, -0.7246432304382324], "cam_t_m2c": [-78.77071380615234, 63.460960388183594, 839.5810546875], "obj_id": 3}, {"cam_R_m2c": [0.6826204061508179, 0.6471659541130066, 0.33941951394081116, 0.687075674533844, -0.4101712107658386, -0.5997388362884521, -0.24891047179698944, 0.6426008939743042, -0.7246432304382324], "cam_t_m2c": [-78.77071380615234, 63.460960388183594, 839.5810546875], "obj_id": 2}, {"cam_R_m2c": [0.6826204061508179, 0.6471659541130066, 0.33941951394081116, 0.687075674533844, -0.4101712107658386, -0.5997388362884521, -0.24891047179698944, 0.6426008939743042, -0.7246432304382324], "cam_t_m2c": [-78.77071380615234, 63.460960388183594, 839.5810546875], "obj_id": 2}, {"cam_R_m2c": [0.6826204061508179, 0.6471659541130066, 0.33941951394081116, 0.687075674533844, -0.4101712107658386, -0.5997388362884521, -0.24891047179698944, 0.6426008939743042, -0.7246432304382324], "cam_t_m2c": [-78.77071380615234, 63.460960388183594, 839.5810546875], "obj_id": 2}, {"cam_R_m2c": [-0.37011444568634033, 0.9280414581298828, -0.041886139661073685, 0.3971196711063385, 0.1988149881362915, 0.8959735631942749, 0.8398281931877136, 0.3149788975715637, -0.44212785363197327], "cam_t_m2c": [-248.14822387695312, 150.22030639648438, 678.60205078125], "obj_id": 1}, {"cam_R_m2c": [-0.6416525840759277, 0.6380334496498108, -0.42567047476768494, 0.38069939613342285, 0.74672931432724, 0.5454019904136658, 0.6658453345298767, 0.18790610134601593, -0.7220396995544434], "cam_t_m2c": [72.82525634765625, -87.83460998535156, 987.0719604492188], "obj_id": 0}, {"cam_R_m2c": [0.06835805624723434, 0.9701309204101562, 0.23275126516819, 0.9133139252662659, 0.0330313965678215, -0.40591445565223694, -0.40147826075553894, 0.24032250046730042, -0.8837761282920837], "cam_t_m2c": [159.54568481445312, 30.52682876586914, 890.8685913085938], "obj_id": 1}],
  "2": [{"cam_R_m2c": [0.6826204061508179, 0.6471659541130066, 0.33941951394081116, 0.687075674533844, -0.4101712107658386, -0.5997388362884521, -0.24891047179698944, 0.6426008939743042, -0.7246432304382324], "cam_t_m2c": [-78.77071380615234, 63.460960388183594, 839.5810546875], "obj_id": 1}, {"cam_R_m2c": [0.6826204061508179, 0.6471659541130066, 0.33941951394081116, 0.687075674533844, -0.4101712107658386, -0.5997388362884521, -0.24891047179698944, 0.6426008939743042, -0.7246432304382324], "cam_t_m2c": [-78.77071380615234, 63.460960388183594, 839.5810546875], "obj_id": 3}, {"cam_R_m2c": [0.6826204061508179, 0.6471659541130066, 0.33941951394081116, 0.687075674533844, -0.4101712107658386, -0.5997388362884521, -0.24891047179698944, 0.6426008939743042, -0.7246432304382324], "cam_t_m2c": [-78.77071380615234, 63.460960388183594, 839.5810546875], "obj_id": 2}, {"cam_R_m2c": [0.6826204061508179, 0.6471659541130066, 0.33941951394081116, 0.687075674533844, -0.4101712107658386, -0.5997388362884521, -0.24891047179698944, 0.6426008939743042, -0.7246432304382324], "cam_t_m2c": [-78.77071380615234, 63.460960388183594, 839.5810546875], "obj_id": 1}, {"cam_R_m2c": [0.6826204061508179, 0.6471659541130066, 0.33941951394081116, 0.687075674533844, -0.4101712107658386, -0.5997388362884521, -0.24891047179698944, 0.6426008939743042, -0.7246432304382324], "cam_t_m2c": [-78.77071380615234, 63.460960388183594, 839.5810546875], "obj_id": 2}, {"cam_R_m2c": [0.6826204061508179, 0.6471659541130066, 0.33941951394081116, 0.687075674533844, -0.4101712107658386, -0.5997388362884521, -0.24891047179698944, 0.6426008939743042, -0.7246432304382324], "cam_t_m2c": [-78.77071380615234, 63.460960388183594, 839.5810546875], "obj_id": 3}, {"cam_R_m2c": [0.6826204061508179, 0.6471659541130066, 0.33941951394081116, 0.687075674533844, -0.4101712107658386, -0.5997388362884521, -0.24891047179698944, 0.6426008939743042, -0.7246432304382324], "cam_t_m2c": [-78.77071380615234, 63.460960388183594, 839.5810546875], "obj_id": 3}, {"cam_R_m2c": [0.6826204061508179, 0.6471659541130066, 0.33941951394081116, 0.687075674533844, -0.4101712107658386, -0.5997388362884521, -0.24891047179698944, 0.6426008939743042, -0.7246432304382324], "cam_t_m2c": [-78.77071380615234, 63.460960388183594, 839.5810546875], "obj_id": 1}, {"cam_R_m2c": [0.6826204061508179, 0.6471659541130066, 0.33941951394081116, 0.687075674533844, -0.4101712107658386, -0.5997388362884521, -0.24891047179698944, 0.6426008939743042, -0.7246432304382324], "cam_t_m2c": [-78.77071380615234, 63.460960388183594, 839.5810546875], "obj_id": 0}, {"cam_R_m2c": [0.6826204061508179, 0.6471659541130066, 0.33941951394081116, 0.687075674533844, -0.4101712107658386, -0.5997388362884521, -0.24891047179698944, 0.6426008939743042, -0.7246432304382324], "cam_t_m2c": [-78.77071380615234, 63.460960388183594, 839.5810546875], "obj_id": 1}, {"cam_R_m2c": [0.6826204061508179, 0.6471659541130066, 0.33941951394081116, 0.687075674533844, -0.4101712107658386, -0.5997388362884521, -0.24891047179698944, 0.6426008939743042, -0.7246432304382324], "cam_t_m2c": [-78.77071380615234, 63.460960388183594, 839.5810546875], "obj_id": 3}, {"cam_R_m2c": [0.6826204061508179, 0.6471659541130066, 0.33941951394081116, 0.687075674533844, -0.4101712107658386, -0.5997388362884521, -0.24891047179698944, 0.6426008939743042, -0.7246432304382324], "cam_t_m2c": [-78.77071380615234, 63.460960388183594, 839.5810546875], "obj_id": 2}, {"cam_R_m2c": [0.6826204061508179, 0.6471659541130066, 0.33941951394081116, 0.687075674533844, -0.4101712107658386, -0.5997388362884521, -0.24891047179698944, 0.6426008939743042, -0.7246432304382324], "cam_t_m2c": [-78.77071380615234, 63.460960388183594, 839.5810546875], "obj_id": 3}, {"cam_R_m2c": [0.6826204061508179, 0.6471659541130066, 0.33941951394081116, 0.687075674533844, -0.4101712107658386, -0.5997388362884521, -0.24891047179698944, 0.6426008939743042, -0.7246432304382324], "cam_t_m2c": [-78.77071380615234, 63.460960388183594, 839.5810546875], "obj_id": 2}, {"cam_R_m2c": [0.6826204061508179, 0.6471659541130066, 0.33941951394081116, 0.687075674533844, -0.4101712107658386, -0.5997388362884521, -0.24891047179698944, 0.6426008939743042, -0.7246432304382324], "cam_t_m2c": [-78.77071380615234, 63.460960388183594, 839.5810546875], "obj_id": 2}, {"cam_R_m2c": [0.6826204061508179, 0.6471659541130066, 0.33941951394081116, 0.687075674533844, -0.4101712107658386, -0.5997388362884521, -0.24891047179698944, 0.6426008939743042, -0.7246432304382324], "cam_t_m2c": [-78.77071380615234, 63.460960388183594, 839.5810546875], "obj_id": 2}, {"cam_R_m2c": [-0.37011444568634033, 0.9280414581298828, -0.041886139661073685, 0.3971196711063385, 0.1988149881362915, 0.8959735631942749, 0.8398281931877136, 0.3149788975715637, -0.44212785363197327], "cam_t_m2c": [-248.14822387695312, 150.22030639648438, 678.60205078125], "obj_id": 1}, {"cam_R_m2c": [-0.6416525840759277, 0.6380334496498108, -0.42567047476768494, 0.38069939613342285, 0.74672931432724, 0.5454019904136658, 0.6658453345298767, 0.18790610134601593, -0.7220396995544434], "cam_t_m2c": [72.82525634765625, -87.83460998535156, 987.0719604492188], "obj_id": 0}, {"cam_R_m2c": [0.06835805624723434, 0.9701309204101562, 0.23275126516819, 0.9133139252662659, 0.0330313965678215, -0.40591445565223694, -0.40147826075553894, 0.24032250046730042, -0.8837761282920837], "cam_t_m2c": [159.54568481445312, 30.52682876586914, 890.8685913085938], "obj_id": 1}],
  "3": [{"cam_R_m2c": [0.6826204061508179, 0.6471659541130066, 0.33941951394081116, 0.687075674533844, -0.4101712107658386, -0.5997388362884521, -0.24891047179698944, 0.6426008939743042, -0.7246432304382324], "cam_t_m2c": [-78.77071380615234, 63.460960388183594, 839.5810546875], "obj_id": 1}, {"cam_R_m2c": [0.6826204061508179, 0.6471659541130066, 0.33941951394081116, 0.687075674533844, -0.4101712107658386, -0.5997388362884521, -0.24891047179698944, 0.6426008939743042, -0.7246432304382324], "cam_t_m2c": [-78.77071380615234, 63.460960388183594, 839.5810546875], "obj_id": 3}, {"cam_R_m2c": [0.6826204061508179, 0.6471659541130066, 0.33941951394081116, 0.687075674533844, -0.4101712107658386, -0.5997388362884521, -0.24891047179698944, 0.6426008939743042, -0.7246432304382324], "cam_t_m2c": [-78.77071380615234, 63.460960388183594, 839.5810546875], "obj_id": 2}, {"cam_R_m2c": [0.6826204061508179, 0.6471659541130066, 0.33941951394081116, 0.687075674533844, -0.4101712107658386, -0.5997388362884521, -0.24891047179698944, 0.6426008939743042, -0.7246432304382324], "cam_t_m2c": [-78.77071380615234, 63.460960388183594, 839.5810546875], "obj_id": 1}, {"cam_R_m2c": [0.6826204061508179, 0.6471659541130066, 0.33941951394081116, 0.687075674533844, -0.4101712107658386, -0.5997388362884521, -0.24891047179698944, 0.6426008939743042, -0.7246432304382324], "cam_t_m2c": [-78.77071380615234, 63.460960388183594, 839.5810546875], "obj_id": 2}, {"cam_R_m2c": [0.6826204061508179, 0.6471659541130066, 0.33941951394081116, 0.687075674533844, -0.4101712107658386, -0.5997388362884521, -0.24891047179698944, 0.6426008939743042, -0.7246432304382324], "cam_t_m2c": [-78.77071380615234, 63.460960388183594, 839.5810546875], "obj_id": 3}, {"cam_R_m2c": [0.6826204061508179, 0.6471659541130066, 0.33941951394081116, 0.687075674533844, -0.4101712107658386, -0.5997388362884521, -0.24891047179698944, 0.6426008939743042, -0.7246432304382324], "cam_t_m2c": [-78.77071380615234, 63.460960388183594, 839.5810546875], "obj_id": 3}, {"cam_R_m2c": [0.6826204061508179, 0.6471659541130066, 0.33941951394081116, 0.687075674533844, -0.4101712107658386, -0.5997388362884521, -0.24891047179698944, 0.6426008939743042, -0.7246432304382324], "cam_t_m2c": [-78.77071380615234, 63.460960388183594, 839.5810546875], "obj_id": 1}, {"cam_R_m2c": [0.6826204061508179, 0.6471659541130066, 0.33941951394081116, 0.687075674533844, -0.4101712107658386, -0.5997388362884521, -0.24891047179698944, 0.6426008939743042, -0.7246432304382324], "cam_t_m2c": [-78.77071380615234, 63.460960388183594, 839.5810546875], "obj_id": 0}, {"cam_R_m2c": [0.6826204061508179, 0.6471659541130066, 0.33941951394081116, 0.687075674533844, -0.4101712107658386, -0.5997388362884521, -0.24891047179698944, 0.6426008939743042, -0.7246432304382324], "cam_t_m2c": [-78.77071380615234, 63.460960388183594, 839.5810546875], "obj_id": 1}, {"cam_R_m2c": [0.6826204061508179, 0.6471659541130066, 0.33941951394081116, 0.687075674533844, -0.4101712107658386, -0.5997388362884521, -0.24891047179698944, 0.6426008939743042, -0.7246432304382324], "cam_t_m2c": [-78.77071380615234, 63.460960388183594, 839.5810546875], "obj_id": 3}, {"cam_R_m2c": [0.6826204061508179, 0.6471659541130066, 0.33941951394081116, 0.687075674533844, -0.4101712107658386, -0.5997388362884521, -0.24891047179698944, 0.6426008939743042, -0.7246432304382324], "cam_t_m2c": [-78.77071380615234, 63.460960388183594, 839.5810546875], "obj_id": 2}, {"cam_R_m2c": [0.6826204061508179, 0.6471659541130066, 0.33941951394081116, 0.687075674533844, -0.4101712107658386, -0.5997388362884521, -0.24891047179698944, 0.6426008939743042, -0.7246432304382324], "cam_t_m2c": [-78.77071380615234, 63.460960388183594, 839.5810546875], "obj_id": 3}, {"cam_R_m2c": [0.6826204061508179, 0.6471659541130066, 0.33941951394081116, 0.687075674533844, -0.4101712107658386, -0.5997388362884521, -0.24891047179698944, 0.6426008939743042, -0.7246432304382324], "cam_t_m2c": [-78.77071380615234, 63.460960388183594, 839.5810546875], "obj_id": 2}, {"cam_R_m2c": [0.6826204061508179, 0.6471659541130066, 0.33941951394081116, 0.687075674533844, -0.4101712107658386, -0.5997388362884521, -0.24891047179698944, 0.6426008939743042, -0.7246432304382324], "cam_t_m2c": [-78.77071380615234, 63.460960388183594, 839.5810546875], "obj_id": 2}, {"cam_R_m2c": [0.6826204061508179, 0.6471659541130066, 0.33941951394081116, 0.687075674533844, -0.4101712107658386, -0.5997388362884521, -0.24891047179698944, 0.6426008939743042, -0.7246432304382324], "cam_t_m2c": [-78.77071380615234, 63.460960388183594, 839.5810546875], "obj_id": 2}, {"cam_R_m2c": [-0.37011444568634033, 0.9280414581298828, -0.041886139661073685, 0.3971196711063385, 0.1988149881362915, 0.8959735631942749, 0.8398281931877136, 0.3149788975715637, -0.44212785363197327], "cam_t_m2c": [-248.14822387695312, 150.22030639648438, 678.60205078125], "obj_id": 1}, {"cam_R_m2c": [-0.6416525840759277, 0.6380334496498108, -0.42567047476768494, 0.38069939613342285, 0.74672931432724, 0.5454019904136658, 0.6658453345298767, 0.18790610134601593, -0.7220396995544434], "cam_t_m2c": [72.82525634765625, -87.83460998535156, 987.0719604492188], "obj_id": 0}, {"cam_R_m2c": [0.06835805624723434, 0.9701309204101562, 0.23275126516819, 0.9133139252662659, 0.0330313965678215, -0.40591445565223694, -0.40147826075553894, 0.24032250046730042, -0.8837761282920837], "cam_t_m2c": [159.54568481445312, 30.52682876586914, 890.8685913085938], "obj_id": 1}],
  "4": [{"cam_R_m2c": [0.6826204061508179, 0.6471659541130066, 0.33941951394081116, 0.687075674533844, -0.4101712107658386, -0.5997388362884521, -0.24891047179698944, 0.6426008939743042, -0.7246432304382324], "cam_t_m2c": [-78.77071380615234, 63.460960388183594, 839.5810546875], "obj_id": 1}, {"cam_R_m2c": [0.6826204061508179, 0.6471659541130066, 0.33941951394081116, 0.687075674533844, -0.4101712107658386, -0.5997388362884521, -0.24891047179698944, 0.6426008939743042, -0.7246432304382324], "cam_t_m2c": [-78.77071380615234, 63.460960388183594, 839.5810546875], "obj_id": 3}, {"cam_R_m2c": [0.6826204061508179, 0.6471659541130066, 0.33941951394081116, 0.687075674533844, -0.4101712107658386, -0.5997388362884521, -0.24891047179698944, 0.6426008939743042, -0.7246432304382324], "cam_t_m2c": [-78.77071380615234, 63.460960388183594, 839.5810546875], "obj_id": 2}, {"cam_R_m2c": [0.6826204061508179, 0.6471659541130066, 0.33941951394081116, 0.687075674533844, -0.4101712107658386, -0.5997388362884521, -0.24891047179698944, 0.6426008939743042, -0.7246432304382324], "cam_t_m2c": [-78.77071380615234, 63.460960388183594, 839.5810546875], "obj_id": 1}, {"cam_R_m2c": [0.6826204061508179, 0.6471659541130066, 0.33941951394081116, 0.687075674533844, -0.4101712107658386, -0.5997388362884521, -0.24891047179698944, 0.6426008939743042, -0.7246432304382324], "cam_t_m2c": [-78.77071380615234, 63.460960388183594, 839.5810546875], "obj_id": 2}, {"cam_R_m2c": [0.6826204061508179, 0.6471659541130066, 0.33941951394081116, 0.687075674533844, -0.4101712107658386, -0.5997388362884521, -0.24891047179698944, 0.6426008939743042, -0.7246432304382324], "cam_t_m2c": [-78.77071380615234, 63.460960388183594, 839.5810546875], "obj_id": 3}, {"cam_R_m2c": [0.6826204061508179, 0.6471659541130066, 0.33941951394081116, 0.687075674533844, -0.4101712107658386, -0.5997388362884521, -0.24891047179698944, 0.6426008939743042, -0.7246432304382324], "cam_t_m2c": [-78.77071380615234, 63.460960388183594, 839.5810546875], "obj_id": 3}, {"cam_R_m2c": [0.6826204061508179, 0.6471659541130066, 0.33941951394081116, 0.687075674533844, -0.4101712107658386, -0.5997388362884521, -0.24891047179698944, 0.6426008939743042, -0.7246432304382324], "cam_t_m2c": [-78.77071380615234, 63.460960388183594, 839.5810546875], "obj_id": 1}, {"cam_R_m2c": [0.6826204061508179, 0.6471659541130066, 0.33941951394081116, 0.687075674533844, -0.4101712107658386, -0.5997388362884521, -0.24891047179698944, 0.6426008939743042, -0.7246432304382324], "cam_t_m2c": [-78.77071380615234, 63.460960388183594, 839.5810546875], "obj_id": 0}, {"cam_R_m2c": [0.6826204061508179, 0.6471659541130066, 0.33941951394081116, 0.687075674533844, -0.4101712107658386, -0.5997388362884521, -0.24891047179698944, 0.6426008939743042, -0.7246432304382324], "cam_t_m2c": [-78.77071380615234, 63.460960388183594, 839.5810546875], "obj_id": 1}, {"cam_R_m2c": [0.6826204061508179, 0.6471659541130066, 0.33941951394081116, 0.687075674533844, -0.4101712107658386, -0.5997388362884521, -0.24891047179698944, 0.6426008939743042, -0.7246432304382324], "cam_t_m2c": [-78.77071380615234, 63.460960388183594, 839.5810546875], "obj_id": 3}, {"cam_R_m2c": [0.6826204061508179, 0.6471659541130066, 0.33941951394081116, 0.687075674533844, -0.4101712107658386, -0.5997388362884521, -0.24891047179698944, 0.6426008939743042, -0.7246432304382324], "cam_t_m2c": [-78.77071380615234, 63.460960388183594, 839.5810546875], "obj_id": 2}, {"cam_R_m2c": [0.6826204061508179, 0.6471659541130066, 0.33941951394081116, 0.687075674533844, -0.4101712107658386, -0.5997388362884521, -0.24891047179698944, 0.6426008939743042, -0.7246432304382324], "cam_t_m2c": [-78.77071380615234, 63.460960388183594, 839.5810546875], "obj_id": 3}, {"cam_R_m2c": [0.6826204061508179, 0.6471659541130066, 0.33941951394081116, 0.687075674533844, -0.4101712107658386, -0.5997388362884521, -0.24891047179698944, 0.6426008939743042, -0.7246432304382324], "cam_t_m2c": [-78.77071380615234, 63.460960388183594, 839.5810546875], "obj_id": 2}, {"cam_R_m2c": [0.6826204061508179, 0.6471659541130066, 0.33941951394081116, 0.687075674533844, -0.4101712107658386, -0.5997388362884521, -0.24891047179698944, 0.6426008939743042, -0.7246432304382324], "cam_t_m2c": [-78.77071380615234, 63.460960388183594, 839.5810546875], "obj_id": 2}, {"cam_R_m2c": [0.6826204061508179, 0.6471659541130066, 0.33941951394081116, 0.687075674533844, -0.4101712107658386, -0.5997388362884521, -0.24891047179698944, 0.6426008939743042, -0.7246432304382324], "cam_t_m2c": [-78.77071380615234, 63.460960388183594, 839.5810546875], "obj_id": 2}, {"cam_R_m2c": [-0.37011444568634033, 0.9280414581298828, -0.041886139661073685, 0.3971196711063385, 0.1988149881362915, 0.8959735631942749, 0.8398281931877136, 0.3149788975715637, -0.44212785363197327], "cam_t_m2c": [-248.14822387695312, 150.22030639648438, 678.60205078125], "obj_id": 1}, {"cam_R_m2c": [-0.6416525840759277, 0.6380334496498108, -0.42567047476768494, 0.38069939613342285, 0.74672931432724, 0.5454019904136658, 0.6658453345298767, 0.18790610134601593, -0.7220396995544434], "cam_t_m2c": [72.82525634765625, -87.83460998535156, 987.0719604492188], "obj_id": 0}, {"cam_R_m2c": [0.06835805624723434, 0.9701309204101562, 0.23275126516819, 0.9133139252662659, 0.0330313965678215, -0.40591445565223694, -0.40147826075553894, 0.24032250046730042, -0.8837761282920837], "cam_t_m2c": [159.54568481445312, 30.52682876586914, 890.8685913085938], "obj_id": 1}]
}