{
  "0": [{"cam_R_m2c": [0.5951797366142273, 0.5609150528907776, -0.5754436254501343, 0.8022319674491882, -0.37308362126350403, 0.46608224511146545, 0.04674398899078369, -0.7390419840812683, -0.672035813331604], "cam_t_m2c": [-64.41913604736328, -1.7572622299194336, 709.0525512695312], "obj_id": 0}, {"cam_R_m2c": [0.645994246006012, 0.7614499926567078, -0.053714677691459656, 0.7421798706054688, -0.6100738048553467, 0.27745071053504944, 0.17849493026733398, -0.21909750998020172, -0.9592370390892029], "cam_t_m2c": [-60.741294860839844, -42.68927764892578, 858.7892456054688], "obj_id": 0}, {"cam_R_m2c": [0.8227627873420715, -0.5138716697692871, 0.24289360642433167, -0.2877633273601532, -0.008075354620814323, 0.9576676487922668, -0.49015676975250244, -0.857829213142395, -0.1545175164937973], "cam_t_m2c": [300.6040344238281, -122.3266372680664, 559.3925170898438], "obj_id": 3}, {"cam_R_m2c": [0.1871987134218216, 0.17497460544109344, 0.9666128754615784, 0.15841126441955566, 0.9657518863677979, -0.2054973989725113, -0.9694650173187256, 0.19159121811389923, 0.15306957066059113], "cam_t_m2c": [-89.19145202636719, -5.654535293579102, 804.7335205078125], "obj_id": 3}, {"cam_R_m2c": [-0.47412121295928955, -0.18383243680000305, 0.8610544204711914, -0.8010732531547546, 0.49589040875434875, -0.3352227807044983, -0.36536380648612976, -0.848703920841217, -0.38237541913986206], "cam_t_m2c": [-173.81935119628906, 123.96253967285156, 453.2178039550781], "obj_id": 2}, {"cam_R_m2c": [0.6194967031478882, 0.7692616581916809, 0.15639805793762207, 0.7492235898971558, -0.6388709545135498, 0.17466537654399872, 0.2342815399169922, 0.00897248089313507, -0.972127377986908], "cam_t_m2c": [25.923303604125977, 41.006893157958984, 624.4545288085938], "obj_id": 2}, {"cam_R_m2c": [-0.6119093298912048, 0.45942458510398865, 0.6438135504722595, 0.47430625557899475, 0.8645420670509338, -0.16613417863845825, -0.6329300403594971, 0.20370572805404663, -0.7469293475151062], "cam_t_m2c": [-22.57536506652832, -64.03173828125, 915.229736328125], "obj_id": 3}, {"cam_R_m2c": [0.4420405924320221, -0.8851420879364014, 0.14533966779708862, 0.796804666519165, 0.46189072728157043, 0.3895629942417145, -0.41194963455200195, -0.05639534071087837, 0.9094597697257996], "cam_t_m2c": [185.42596435546875, -27.56438636779785, 658.742431640625], "obj_id": 1}, {"cam_R_m2c": [-0.949813961982727, -0.23495367169380188, -0.20651911199092865, -0.24707821011543274, 0.1585865169763565, 0.955930233001709, -0.19184818863868713, 0.9589822888374329, -0.20867960155010223], "cam_t_m2c": [274.700927734375, -93.17276763916016, 694.1494140625], "obj_id": 1}, {"cam_R_m2c": [-0.2980189919471741, 0.003232179908081889, -0.9545544981956482, -0.853119432926178, 0.4476996958255768, 0.2678661346435547, 0.4282195568084717, 0.8941781520843506, -0.1306656002998352], "cam_t_m2c": [-175.91696166992188, 125.57026672363281, 712.449462890625], "obj_id": 0}, {"cam_R_m2c": [-0.3678809106349945, -0.07953739911317825, 0.926464855670929, -0.9224315285682678, 0.15700940787792206, -0.3528001308441162, -0.1174028068780899, -0.9843890070915222, -0.1311284601688385], "cam_t_m2c": [88.74517059326172, -110.07640838623047, 763.603759765625], "obj_id": 2}, {"cam_R_m2c": [0.10561930388212204, 0.66096031665802, 0.7429508566856384, 0.9652952551841736, -0.24760353565216064, 0.08305042237043381, 0.23885034024715424, 0.70839524269104, -0.6641735434532166], "cam_t_m2c": [317.5975646972656, -46.497501373291016, 426.64434814453125], "obj_id": 2}],
  "1": [{"cam_R_m2c": [0.5951797366142273, 0.5609150528907776, -0.5754436254501343, 0.8022319674491882, -0.37308362126350403, 0.46608224511146545, 0.04674398899078369, -0.7390419840812683, -0.672035813331604], "cam_t_m2c": [-64.41913604736328, -1.7572622299194336, 709.0525512695312], "obj_id": 0}, {"cam_R_m2c": [0.645994246006012, 0.7614499926567078, -0.053714677691459656, 0.7421798706054688, -0.6100738048553467, 0.27745071053504944, 0.17849493026733398, -0.21909750998020172, -0.9592370390892029], "cam_t_m2c": [-60.741294860839844, -42.68927764892578, 858.7892456054688], "obj_id": 0}, {"cam_R_m2c": [0.8227627873420715, -0.5138716697692871, 0.24289360642433167, -0.2877633273601532, -0.008075354620814323, 0.9576676487922668, -0.49015676975250244, -0.857829213142395, -0.1545175164937973], "cam_t_m2c": [300.6040344238281, -122.3266372680664, 559.3925170898438], "obj_id": 3}, {"cam_R_m2c": [0.1871987134218216, 0.17497460544109344, 0.9666128754615784, 0.15841126441955566, 0.9657518863677979, -0.2054973989725113, -0.9694650173187256, 0.19159121811389923, 0.15306957066059113], "cam_t_m2c": [-89.19145202636719, -5.654535293579102, 804.7335205078125], "obj_id": 3}, {"cam_R_m2c": [-0.47412121295928955, -0.18383243680000305, 0.8610544204711914, -0.8010732531547546, 0.49589040875434875, -0.3352227807044983, -0.36536380648612976, -0.848703920841217, -0.38237541913986206], "cam_t_m2c": [-173.81935119628906, 123.96253967285156, 453.2178039550781], "obj_id": 2}, {"cam_R_m2c": [0.6194967031478882, 0.7692616581916809, 0.15639805793762207, 0.7492235898971558, -0.6388709545135498, 0.17466537654399872, 0.2342815399169922, 0.00897248089313507, -0.972127377986908], "cam_t_m2c": [25.923303604125977, 41.006893157958984, 624.4545288085938], "obj_id": 2}, {"cam_R_m2c": [-0.6119093298912048, 0.45942458510398865, 0.6438135504722595, 0.47430625557899475, 0.8645420670509338, -0.16613417863845825, -0.6329300403594971, 0.20370572805404663, -0.7469293475151062], "cam_t_m2c": [-22.57536506652832, -64.03173828125, 915.229736328125], "obj_id": 3}, {"cam_R_m2c": [0.4420405924320221, -0.8851420879364014, 0.14533966779708862, 0.796804666519165, 0.46189072728157043, 0.3895629942417145, -0.41194963455200195, -0.05639534071087837, 0.9094597697257996], "cam_t_m2c": [185.42596435546875, -27.56438636779785, 658.742431640625], "obj_id": 1}, {"cam_R_m2c": [-0.949813961982727, -0.23495367169380188, -0.20651911199092865, -0.24707821011543274, 0.1585865169763565, 0.955930233001709, -0.19184818863868713, 0.9589822888374329, -0.20867960155010223], "cam_t_m2c": [274.700927734375, -93.17276763916016, 694.1494140625], "obj_id": 1}, {"cam_R_m2c": [-0.2980189919471741, 0.003232179908081889, -0.9545544981956482, -0.853119432926178, 0.4476996958255768, 0.2678661346435547, 0.4282195568084717, 0.8941781520843506, -0.1306656002998352], "cam_t_m2c": [-175.91696166992188, 125.57026672363281, 712.449462890625], "obj_id": 0}, {"cam_R_m2c": [-0.3678809106349945, -0.07953739911317825, 0.926464855670929, -0.9224315285682678, 0.15700940787792206, -0.3528001308441162, -0.1174028068780899, -0.9843890070915222, -0.1311284601688385], "cam_t_m2c": [88.74517059326172, -110.07640838623047, 763.603759765625], "obj_id": 2}, {"cam_R_m2c": [0.10561930388212204, 0.66096031665802, 0.7429508566856384, 0.9652952551841736, -0.24760353565216064, 0.08305042237043381, 0.23885034024715424, 0.70839524269104, -0.6641735434532166], "cam_t_m2c": [317.5975646972656, -46.497501373291016, 426.64434814453125], "obj_id": 2}],
  "2": [{"cam_R_m2c": [0.5951797366142273, 0.5609150528907776, -0.5754436254501343, 0.8022319674491882, -0.37308362126350403, 0.46608224511146545, 0.04674398899078369, -0.7390419840812683, -0.672035813331604], "cam_t_m2c": [-64.41913604736328, -1.7572622299194336, 709.0525512695312], "obj_id": 0}, {"cam_R_m2c": [0.645994246006012, 0.7614499926567078, -0.053714677691459656, 0.7421798706054688, -0.6100738048553467, 0.27745071053504944, 0.17849493026733398, -0.21909750998020172, -0.9592370390892029], "cam_t_m2c": [-60.741294860839844, -42.68927764892578, 858.7892456054688], "obj_id": 0}, {"cam_R_m2c": [0.8227627873420715, -0.5138716697692871, 0.24289360642433167, -0.2877633273601532, -0.008075354620814323, 0.9576676487922668, -0.49015676975250244, -0.857829213142395, -0.1545175164937973], "cam_t_m2c": [300.6040344238281, -122.3266372680664, 559.3925170898438], "obj_id": 3}, {"cam_R_m2c": [0.1871987134218216, 0.17497460544109344, 0.9666128754615784, 0.15841126441955566, 0.9657518863677979, -0.2054973989725113, -0.9694650173187256, 0.19159121811389923, 0.15306957066059113], "cam_t_m2c": [-89.19145202636719, -5.654535293579102, 804.7335205078125], "obj_id": 3}, {"cam_R_m2c": [-0.47412121295928955, -0.18383243680000305, 0.8610544204711914, -0.8010732531547546, 0.49589040875434875, -0.3352227807044983, -0.36536380648612976, -0.848703920841217, -0.38237541913986206], "cam_t_m2c": [-173.81935119628906, 123.96253967285156, 453.2178039550781], "obj_id": 2}, {"cam_R_m2c": [0.6194967031478882, 0.7692616581916809, 0.15639805793762207, 0.7492235898971558, -0.6388709545135498, 0.17466537654399872, 0.2342815399169922, 0.00897248089313507, -0.972127377986908], "cam_t_m2c": [25.923303604125977, 41.006893157958984, 624.4545288085938], "obj_id": 2}, {"cam_R_m2c": [-0.6119093298912048, 0.45942458510398865, 0.6438135504722595, 0.47430625557899475, 0.8645420670509338, -0.16613417863845825, -0.6329300403594971, 0.20370572805404663, -0.7469293475151062], "cam_t_m2c": [-22.57536506652832, -64.03173828125, 915.229736328125], "obj_id": 3}, {"cam_R_m2c": [0.4420405924320221, -0.8851420879364014, 0.14533966779708862, 0.796804666519165, 0.46189072728157043, 0.3895629942417145, -0.41194963455200195, -0.05639534071087837, 0.9094597697257996], "cam_t_m2c": [185.42596435546875, -27.56438636779785, 658.742431640625], "obj_id": 1}, {"cam_R_m2c": [-0.949813961982727, -0.23495367169380188, -0.20651911199092865, -0.24707821011543274, 0.1585865169763565, 0.955930233001709, -0.19184818863868713, 0.9589822888374329, -0.20867960155010223], "cam_t_m2c": [274.700927734375, -93.17276763916016, 694.1494140625], "obj_id": 1}, {"cam_R_m2c": [-0.2980189919471741, 0.003232179908081889, -0.9545544981956482, -0.853119432926178, 0.4476996958255768, 0.2678661346435547, 0.4282195568084717, 0.8941781520843506, -0.1306656002998352], "cam_t_m2c": [-175.91696166992188, 125.57026672363281, 712.449462890625], "obj_id": 0}, {"cam_R_m2c": [-0.3678809106349945, -0.07953739911317825, 0.926464855670929, -0.9224315285682678, 0.15700940787792206, -0.3528001308441162, -0.1174028068780899, -0.9843890070915222, -0.1311284601688385], "cam_t_m2c": [88.74517059326172, -110.07640838623047, 763.603759765625], "obj_id": 2}, {"cam_R_m2c": [0.10561930388212204, 0.66096031665802, 0.7429508566856384, 0.9652952551841736, -0.24760353565216064, 0.08305042237043381, 0.23885034024715424, 0.70839524269104, -0.6641735434532166], "cam_t_m2c": [317.5975646972656, -46.497501373291016, 426.64434814453125], "obj_id": 2}],
  "3": [{"cam_R_m2c": [0.5951797366142273, 0.5609150528907776, -0.5754436254501343, 0.8022319674491882, -0.37308362126350403, 0.46608224511146545, 0.04674398899078369, -0.7390419840812683, -0.672035813331604], "cam_t_m2c": [-64.41913604736328, -1.7572622299194336, 709.0525512695312], "obj_id": 0}, {"cam_R_m2c": [0.645994246006012, 0.7614499926567078, -0.053714677691459656, 0.7421798706054688, -0.6100738048553467, 0.27745071053504944, 0.17849493026733398, -0.21909750998020172, -0.9592370390892029], "cam_t_m2c": [-60.741294860839844, -42.68927764892578, 858.7892456054688], "obj_id": 0}, {"cam_R_m2c": [0.8227627873420715, -0.5138716697692871, 0.24289360642433167, -0.2877633273601532, -0.008075354620814323, 0.9576676487922668, -0.49015676975250244, -0.857829213142395, -0.1545175164937973], "cam_t_m2c": [300.6040344238281, -122.3266372680664, 559.3925170898438], "obj_id": 3}, {"cam_R_m2c": [0.1871987134218216, 0.17497460544109344, 0.9666128754615784, 0.15841126441955566, 0.9657518863677979, -0.2054973989725113, -0.9694650173187256, 0.19159121811389923, 0.15306957066059113], "cam_t_m2c": [-89.19145202636719, -5.654535293579102, 804.7335205078125], "obj_id": 3}, {"cam_R_m2c": [-0.47412121295928955, -0.18383243680000305, 0.8610544204711914, -0.8010732531547546, 0.49589040875434875, -0.3352227807044983, -0.36536380648612976, -0.848703920841217, -0.38237541913986206], "cam_t_m2c": [-173.81935119628906, 123.96253967285156, 453.2178039550781], "obj_id": 2}, {"cam_R_m2c": [0.6194967031478882, 0.7692616581916809, 0.15639805793762207, 0.7492235898971558, -0.6388709545135498, 0.17466537654399872, 0.2342815399169922, 0.00897248089313507, -0.972127377986908], "cam_t_m2c": [25.923303604125977, 41.006893157958984, 624.4545288085938], "obj_id": 2}, {"cam_R_m2c": [-0.6119093298912048, 0.45942458510398865, 0.6438135504722595, 0.47430625557899475, 0.8645420670509338, -0.16613417863845825, -0.6329300403594971, 0.20370572805404663, -0.7469293475151062], "cam_t_m2c": [-22.57536506652832, -64.03173828125, 915.229736328125], "obj_id": 3}, {"cam_R_m2c": [0.4420405924320221, -0.8851420879364014, 0.14533966779708862, 0.796804666519165, 0.46189072728157043, 0.3895629942417145, -0.41194963455200195, -0.05639534071087837, 0.9094597697257996], "cam_t_m2c": [185.42596435546875, -27.56438636779785, 658.742431640625], "obj_id": 1}, {"cam_R_m2c": [-0.949813961982727, -0.23495367169380188, -0.20651911199092865, -0.24707821011543274, 0.1585865169763565, 0.955930233001709, -0.19184818863868713, 0.9589822888374329, -0.20867960155010223], "cam_t_m2c": [274.700927734375, -93.17276763916016, 694.1494140625], "obj_id": 1}, {"cam_R_m2c": [-0.2980189919471741, 0.003232179908081889, -0.9545544981956482, -0.853119432926178, 0.4476996958255768, 0.2678661346435547, 0.4282195568084717, 0.8941781520843506, -0.1306656002998352], "cam_t_m2c": [-175.91696166992188, 125.57026672363281, 712.449462890625], "obj_id": 0}, {"cam_R_m2c": [-0.3678809106349945, -0.07953739911317825, 0.926464855670929, -0.9224315285682678, 0.15700940787792206, -0.3528001308441162, -0.1174028068780899, -0.9843890070915222, -0.1311284601688385], "cam_t_m2c": [88.74517059326172, -110.07640838623047, 763.603759765625], "obj_id": 2}, {"cam_R_m2c": [0.10561930388212204, 0.66096031665802, 0.7429508566856384, 0.9652952551841736, -0.24760353565216064, 0.08305042237043381, 0.23885034024715424, 0.70839524269104, -0.6641735434532166], "cam_t_m2c": [317.5975646972656, -46.497501373291016, 426.64434814453125], "obj_id": 2}],
  "4": [{"cam_R_m2c": [0.5951797366142273, 0.5609150528907776, -0.5754436254501343, 0.8022319674491882, -0.37308362126350403, 0.46608224511146545, 0.04674398899078369, -0.7390419840812683, -0.672035813331604], "cam_t_m2c": [-64.41913604736328, -1.7572622299194336, 709.0525512695312], "obj_id": 0}, {"cam_R_m2c": [0.645994246006012, 0.7614499926567078, -0.053714677691459656, 0.7421798706054688, -0.6100738048553467, 0.27745071053504944, 0.17849493026733398, -0.21909750998020172, -0.9592370390892029], "cam_t_m2c": [-60.741294860839844, -42.68927764892578, 858.7892456054688], "obj_id": 0}, {"cam_R_m2c": [0.8227627873420715, -0.5138716697692871, 0.24289360642433167, -0.2877633273601532, -0.008075354620814323, 0.9576676487922668, -0.49015676975250244, -0.857829213142395, -0.1545175164937973], "cam_t_m2c": [300.6040344238281, -122.3266372680664, 559.3925170898438], "obj_id": 3}, {"cam_R_m2c": [0.1871987134218216, 0.17497460544109344, 0.9666128754615784, 0.15841126441955566, 0.9657518863677979, -0.2054973989725113, -0.9694650173187256, 0.19159121811389923, 0.15306957066059113], "cam_t_m2c": [-89.19145202636719, -5.654535293579102, 804.7335205078125], "obj_id": 3}, {"cam_R_m2c": [-0.47412121295928955, -0.18383243680000305, 0.8610544204711914, -0.8010732531547546, 0.49589040875434875, -0.3352227807044983, -0.36536380648612976, -0.848703920841217, -0.38237541913986206], "cam_t_m2c": [-173.81935119628906, 123.96253967285156, 453.2178039550781], "obj_id": 2}, {"cam_R_m2c": [0.6194967031478882, 0.7692616581916809, 0.15639805793762207, 0.7492235898971558, -0.6388709545135498, 0.17466537654399872, 0.2342815399169922, 0.00897248089313507, -0.972127377986908], "cam_t_m2c": [25.923303604125977, 41.006893157958984, 624.4545288085938], "obj_id": 2}, {"cam_R_m2c": [-0.6119093298912048, 0.45942458510398865, 0.6438135504722595, 0.47430625557899475, 0.8645420670509338, -0.16613417863845825, -0.6329300403594971, 0.20370572805404663, -0.7469293475151062], "cam_t_m2c": [-22.57536506652832, -64.03173828125, 915.229736328125], "obj_id": 3}, {"cam_R_m2c": [0.4420405924320221, -0.8851420879364014, 0.14533966779708862, 0.796804666519165, 0.46189072728157043, 0.3895629942417145, -0.41194963455200195, -0.05639534071087837, 0.9094597697257996], "cam_t_m2c": [185.42596435546875, -27.56438636779785, 658.742431640625], "obj_id": 1}, {"cam_R_m2c": [-0.949813961982727, -0.23495367169380188, -0.20651911199092865, -0.24707821011543274, 0.1585865169763565, 0.955930233001709, -0.19184818863868713, 0.9589822888374329, -0.20867960155010223], "cam_t_m2c": [274.700927734375, -93.17276763916016, 694.1494140625], "obj_id": 1}, {"cam_R_m2c": [-0.2980189919471741, 0.003232179908081889, -0.9545544981956482, -0.853119432926178, 0.4476996958255768, 0.2678661346435547, 0.4282195568084717, 0.8941781520843506, -0.1306656002998352], "cam_t_m2c": [-175.91696166992188, 125.57026672363281, 712.449462890625], "obj_id": 0}, {"cam_R_m2c": [-0.3678809106349945, -0.07953739911317825, 0.926464855670929, -0.9224315285682678, 0.15700940787792206, -0.3528001308441162, -0.1174028068780899, -0.9843890070915222, -0.1311284601688385], "cam_t_m2c": [88.74517059326172, -110.07640838623047, 763.603759765625], "obj_id": 2}, {"cam_R_m2c": [0.10561930388212204, 0.66096031665802, 0.7429508566856384, 0.9652952551841736, -0.24760353565216064, 0.08305042237043381, 0.23885034024715424, 0.70839524269104, -0.6641735434532166], "cam_t_m2c": [317.5975646972656, -46.497501373291016, 426.64434814453125], "obj_id": 2}]
}