{
  "0": [{"cam_R_m2c": [0.3540000319480896, -0.23976603150367737, 0.9039890766143799, 0.5881994366645813, 0.8085599541664124, -0.015882298350334167, -0.7271212935447693, 0.537348210811615, 0.42726048827171326], "cam_t_m2c": [169.42562866210938, 126.11386108398438, 971.1693725585938], "obj_id": 3}, {"cam_R_m2c": [0.21480107307434082, -0.4872558116912842, -0.846429169178009, 0.9005602598190308, 0.4342033565044403, -0.021415598690509796, 0.377957284450531, -0.7576603889465332, 0.5320705771446228], "cam_t_m2c": [160.75103759765625, 43.972103118896484, 1016.5162353515625], "obj_id": 2}, {"cam_R_m2c": [0.9499151706695557, -0.31250181794166565, -0.0019376366399228573, -0.22302332520484924, -0.6735571026802063, -0.704685389995575, 0.218910351395607, 0.6698234677314758, -0.7095173001289368], "cam_t_m2c": [233.62599182128906, -64.2215347290039, 1180.7845458984375], "obj_id": 0}],
  "1": [{"cam_R_m2c": [0.9967530965805054, -0.011509132571518421, -0.07969219237565994, -0.03598199412226677, 0.8217424154281616, -0.5687219500541687, 0.07203195244073868, 0.5697428584098816, 0.8186601400375366], "cam_t_m2c": [-12.296219825744629, -1.575186848640442, 1309.9384765625], "obj_id": 3}, {"cam_R_m2c": [0.29252445697784424, 0.6925129294395447, -0.6594356298446655, 0.5168805718421936, 0.46567365527153015, 0.7183192372322083, 0.8045271635055542, -0.5509754419326782, -0.22172553837299347], "cam_t_m2c": [-96.85383605957031, -38.52403259277344, 1291.8406982421875], "obj_id": 2}, {"cam_R_m2c": [-0.027061739936470985, -0.9905110001564026, 0.13474318385124207, -0.7839073538780212, -0.06261290609836578, -0.617712676525116, 0.6202878355979919, -0.12234251201152802, -0.7747744917869568], "cam_t_m2c": [-264.5555114746094, -125.02336120605469, 1383.7305908203125], "obj_id": 0}]
}