{
  "0": [{"cam_R_m2c": [-0.4890640079975128, -0.3343668580055237, 0.8056145906448364, -0.770969808101654, -0.26625964045524597, -0.5785422325134277, 0.4079481363296509, -0.9040488600730896, -0.1275685876607895], "cam_t_m2c": [-126.32928466796875, 620.7901000976562, 873.481201171875], "obj_id": 3}, {"cam_R_m2c": [-0.6649284362792969, 0.3738531470298767, 0.6466097235679626, 0.2202354222536087, 0.9253624677658081, -0.3085460960865021, -0.7136992812156677, -0.06275468319654465, -0.6976355314254761], "cam_t_m2c": [65.76377868652344, 261.15789794921875, 911.8203735351562], "obj_id": 2}, {"cam_R_m2c": [0.47805944085121155, -0.8599825501441956, -0.17857567965984344, -0.36302733421325684, -0.37859755754470825, 0.8513959646224976, -0.7997939586639404, -0.34219005703926086, -0.4931893050670624], "cam_t_m2c": [-171.57476806640625, 348.8418273925781, 648.3079223632812], "obj_id": 0}],
  "1": [{"cam_R_m2c": [0.5669029951095581, -0.46852174401283264, 0.6775752902030945, -0.4556065499782562, -0.8635891079902649, -0.2159547209739685, 0.6863262057304382, -0.18628236651420593, -0.7030328512191772], "cam_t_m2c": [-511.3875732421875, 373.2445068359375, 852.8855590820312], "obj_id": 3}, {"cam_R_m2c": [-0.8435553908348083, -0.5284342765808105, 0.09576670825481415, -0.5131784081459045, 0.7405862808227539, -0.4337969720363617, 0.1583096981048584, -0.41507723927497864, -0.8959066271781921], "cam_t_m2c": [-154.54136657714844, 207.73985290527344, 738.4142456054688], "obj_id": 2}, {"cam_R_m2c": [0.004393300507217646, -0.29357025027275085, -0.955927312374115, -0.5927553772926331, -0.7706550359725952, 0.2339480072259903, -0.8053705096244812, 0.5656033158302307, -0.17740097641944885], "cam_t_m2c": [-467.05450439453125, 26.026159286499023, 789.5681762695312], "obj_id": 0}]
}