{
  "0": [{"cam_R_m2c": [-0.4556707441806793, -0.7452621459960938, 0.48677361011505127, -0.7928123474121094, 0.09114329516887665, -0.6026121973991394, 0.4047378897666931, -0.6605128645896912, -0.6323843598365784], "cam_t_m2c": [-135.62969970703125, 32.773414611816406, 107.64734649658203], "obj_id": 0}, {"cam_R_m2c": [-0.4556707441806793, -0.7452621459960938, 0.48677361011505127, -0.7928123474121094, 0.09114329516887665, -0.6026121973991394, 0.4047378897666931, -0.6605128645896912, -0.6323843598365784], "cam_t_m2c": [-135.62969970703125, 32.773414611816406, 107.64734649658203], "obj_id": 0}, {"cam_R_m2c": [-0.4556707441806793, -0.7452621459960938, 0.48677361011505127, -0.7928123474121094, 0.09114329516887665, -0.6026121973991394, 0.4047378897666931, -0.6605128645896912, -0.6323843598365784], "cam_t_m2c": [-135.62969970703125, 32.773414611816406, 107.64734649658203], "obj_id": 2}, {"cam_R_m2c": [-0.4556707441806793, -0.7452621459960938, 0.48677361011505127, -0.7928123474121094, 0.09114329516887665, -0.6026121973991394, 0.4047378897666931, -0.6605128645896912, -0.6323843598365784], "cam_t_m2c": [-135.62969970703125, 32.773414611816406, 107.64734649658203], "obj_id": 3}, {"cam_R_m2c": [-0.4556707441806793, -0.7452621459960938, 0.48677361011505127, -0.7928123474121094, 0.09114329516887665, -0.6026121973991394, 0.4047378897666931, -0.6605128645896912, -0.6323843598365784], "cam_t_m2c": [-135.62969970703125, 32.773414611816406, 107.64734649658203], "obj_id": 0}, {"cam_R_m2c": [-0.4556707441806793, -0.7452621459960938, 0.48677361011505127, -0.7928123474121094, 0.09114329516887665, -0.6026121973991394, 0.4047378897666931, -0.6605128645896912, -0.6323843598365784], "cam_t_m2c": [-135.62969970703125, 32.773414611816406, 107.64734649658203], "obj_id": 1}, {"cam_R_m2c": [-0.4556707441806793, -0.7452621459960938, 0.48677361011505127, -0.7928123474121094, 0.09114329516887665, -0.6026121973991394, 0.4047378897666931, -0.6605128645896912, -0.6323843598365784], "cam_t_m2c": [-135.62969970703125, 32.773414611816406, 107.64734649658203], "obj_id": 2}, {"cam_R_m2c": [-0.4556707441806793, -0.7452621459960938, 0.48677361011505127, -0.7928123474121094, 0.09114329516887665, -0.6026121973991394, 0.4047378897666931, -0.6605128645896912, -0.6323843598365784], "cam_t_m2c": [-135.62969970703125, 32.773414611816406, 107.64734649658203], "obj_id": 0}, {"cam_R_m2c": [-0.4556707441806793, -0.7452621459960938, 0.48677361011505127, -0.7928123474121094, 0.09114329516887665, -0.6026121973991394, 0.4047378897666931, -0.6605128645896912, -0.6323843598365784], "cam_t_m2c": [-135.62969970703125, 32.773414611816406, 107.64734649658203], "obj_id": 2}, {"cam_R_m2c": [-0.4556707441806793, -0.7452621459960938, 0.48677361011505127, -0.7928123474121094, 0.09114329516887665, -0.6026121973991394, 0.4047378897666931, -0.6605128645896912, -0.6323843598365784], "cam_t_m2c": [-135.62969970703125, 32.773414611816406, 107.64734649658203], "obj_id": 1}, {"cam_R_m2c": [-0.4556707441806793, -0.7452621459960938, 0.48677361011505127, -0.7928123474121094, 0.09114329516887665, -0.6026121973991394, 0.4047378897666931, -0.6605128645896912, -0.6323843598365784], "cam_t_m2c": [-135.62969970703125, 32.773414611816406, 107.64734649658203], "obj_id": 1}, {"cam_R_m2c": [-0.4556707441806793, -0.7452621459960938, 0.48677361011505127, -0.7928123474121094, 0.09114329516887665, -0.6026121973991394, 0.4047378897666931, -0.6605128645896912, -0.6323843598365784], "cam_t_m2c": [-135.62969970703125, 32.773414611816406, 107.64734649658203], "obj_id": 1}, {"cam_R_m2c": [-0.4556707441806793, -0.7452621459960938, 0.48677361011505127, -0.7928123474121094, 0.09114329516887665, -0.6026121973991394, 0.4047378897666931, -0.6605128645896912, -0.6323843598365784], "cam_t_m2c": [-135.62969970703125, 32.773414611816406, 107.64734649658203], "obj_id": 0}, {"cam_R_m2c": [-0.4556707441806793, -0.7452621459960938, 0.48677361011505127, -0.7928123474121094, 0.09114329516887665, -0.6026121973991394, 0.4047378897666931, -0.6605128645896912, -0.6323843598365784], "cam_t_m2c": [-135.62969970703125, 32.773414611816406, 107.64734649658203], "obj_id": 3}, {"cam_R_m2c": [-0.4556707441806793, -0.7452621459960938, 0.48677361011505127, -0.7928123474121094, 0.09114329516887665, -0.6026121973991394, 0.4047378897666931, -0.6605128645896912, -0.6323843598365784], "cam_t_m2c": [-135.62969970703125, 32.773414611816406, 107.64734649658203], "obj_id": 1}, {"cam_R_m2c": [-0.4556707441806793, -0.7452621459960938, 0.48677361011505127, -0.7928123474121094, 0.09114329516887665, -0.6026121973991394, 0.4047378897666931, -0.6605128645896912, -0.6323843598365784], "cam_t_m2c": [-135.62969970703125, 32.773414611816406, 107.64734649658203], "obj_id": 2}, {"cam_R_m2c": [-0.4556707441806793, -0.7452621459960938, 0.48677361011505127, -0.7928123474121094, 0.09114329516887665, -0.6026121973991394, 0.4047378897666931, -0.6605128645896912, -0.6323843598365784], "cam_t_m2c": [-135.62969970703125, 32.773414611816406, 107.64734649658203], "obj_id": 3}, {"cam_R_m2c": [-0.4556707441806793, -0.7452621459960938, 0.48677361011505127, -0.7928123474121094, 0.09114329516887665, -0.6026121973991394, 0.4047378897666931, -0.6605128645896912, -0.6323843598365784], "cam_t_m2c": [-135.62969970703125, 32.773414611816406, 107.64734649658203], "obj_id": 0}, {"cam_R_m2c": [-0.4556707441806793, -0.7452621459960938, 0.48677361011505127, -0.7928123474121094, 0.09114329516887665, -0.6026121973991394, 0.4047378897666931, -0.6605128645896912, -0.6323843598365784], "cam_t_m2c": [-135.62969970703125, 32.773414611816406, 107.64734649658203], "obj_id": 1}, {"cam_R_m2c": [-0.4556707441806793, -0.7452621459960938, 0.48677361011505127, -0.7928123474121094, 0.09114329516887665, -0.6026121973991394, 0.4047378897666931, -0.6605128645896912, -0.6323843598365784], "cam_t_m2c": [-135.62969970703125, 32.773414611816406, 107.64734649658203], "obj_id": 1}, {"cam_R_m2c": [-0.4556707441806793, -0.7452621459960938, 0.48677361011505127, -0.7928123474121094, 0.09114329516887665, -0.6026121973991394, 0.4047378897666931, -0.6605128645896912, -0.6323843598365784], "cam_t_m2c": [-135.62969970703125, 32.773414611816406, 107.64734649658203], "obj_id": 0}, {"cam_R_m2c": [-0.4556707441806793, -0.7452621459960938, 0.48677361011505127, -0.7928123474121094, 0.09114329516887665, -0.6026121973991394, 0.4047378897666931, -0.6605128645896912, -0.6323843598365784], "cam_t_m2c": [-135.62969970703125, 32.773414611816406, 107.64734649658203], "obj_id": 0}, {"cam_R_m2c": [-0.4556707441806793, -0.7452621459960938, 0.48677361011505127, -0.7928123474121094, 0.09114329516887665, -0.6026121973991394, 0.4047378897666931, -0.6605128645896912, -0.6323843598365784], "cam_t_m2c": [-135.62969970703125, 32.773414611816406, 107.64734649658203], "obj_id": 3}, {"cam_R_m2c": [-0.4556707441806793, -0.7452621459960938, 0.48677361011505127, -0.7928123474121094, 0.09114329516887665, -0.6026121973991394, 0.4047378897666931, -0.6605128645896912, -0.6323843598365784], "cam_t_m2c": [-135.62969970703125, 32.773414611816406, 107.64734649658203], "obj_id": 3}, {"cam_R_m2c": [0.7267905473709106, 0.6085053086280823, -0.3185856342315674, -0.5532528162002563, 0.2437603920698166, -0.7965500950813293, -0.40704646706581116, 0.7551834583282471, 0.5138200521469116], "cam_t_m2c": [-483.4762268066406, -286.0001525878906, 155.00714111328125], "obj_id": 0}, {"cam_R_m2c": [-0.5695223212242126, 0.6016063094139099, 0.5601017475128174, -0.7678297162055969, -0.6325994729995728, -0.10126792639493942, 0.2933967113494873, -0.48773717880249023, 0.8222109079360962], "cam_t_m2c": [-138.3824005126953, 7.71290397644043, 105.64692687988281], "obj_id": 3}, {"cam_R_m2c": [-0.32264724373817444, 0.8260104060173035, 0.462174654006958, 0.5487744212150574, 0.56109219789505, -0.6196951866149902, -0.7711973190307617, 0.053686633706092834, -0.6343282461166382], "cam_t_m2c": [-276.7830505371094, -57.836421966552734, 62.471397399902344], "obj_id": 3}, {"cam_R_m2c": [0.6893495321273804, -0.32144975662231445, 0.6492051482200623, -0.06138555333018303, 0.8670185804367065, 0.49448010325431824, -0.7218233942985535, -0.38072144985198975, 0.5779464840888977], "cam_t_m2c": [19.073732376098633, -24.46194076538086, 239.08383178710938], "obj_id": 3}, {"cam_R_m2c": [-0.3298414945602417, 0.33643820881843567, -0.8820509910583496, 0.9440103769302368, 0.11061549186706543, -0.3108193576335907, -0.007003008853644133, -0.9351863861083984, -0.3540867269039154], "cam_t_m2c": [-3705.89453125, 4701.56787109375, 5071.25537109375], "obj_id": 2}]
}