{
  "0": [{"cam_R_m2c": [-0.546366274356842, 0.8369709253311157, -0.031046360731124878, 0.032260604202747345, -0.016010349616408348, -0.9993513226509094, -0.8369249701499939, -0.5470132827758789, -0.018253818154335022], "cam_t_m2c": [-397.6817626953125, 490.2471008300781, 1171.249267578125], "obj_id": 0}, {"cam_R_m2c": [-0.42274123430252075, -0.866267204284668, -0.2662160396575928, 0.20195451378822327, -0.3764185607433319, 0.904170036315918, -0.8834614753723145, 0.32846641540527344, 0.3340742290019989], "cam_t_m2c": [-241.06289672851562, 398.9579772949219, 1491.8221435546875], "obj_id": 0}, {"cam_R_m2c": [-0.34143251180648804, 0.9078231453895569, -0.24347634613513947, -0.8196191191673279, -0.16078083217144012, 0.5498852729797363, 0.4600522518157959, 0.38730669021606445, 0.7989652156829834], "cam_t_m2c": [-89.8750991821289, 199.18016052246094, 1181.0675048828125], "obj_id": 2}],
  "1": [{"cam_R_m2c": [-0.5517202615737915, -0.8001375198364258, 0.23533986508846283, -0.828337550163269, 0.5585975050926208, -0.04272845387458801, -0.097271628677845, -0.21851499378681183, -0.970973551273346], "cam_t_m2c": [350.08331298828125, -224.68060302734375, 1337.8193359375], "obj_id": 0}, {"cam_R_m2c": [-0.6805611848831177, 0.7097621560096741, 0.1818622499704361, -0.731310248374939, -0.6732528209686279, -0.10915955901145935, 0.04496195912361145, -0.2072875052690506, 0.9772462844848633], "cam_t_m2c": [600.2848510742188, 43.54925537109375, 1303.39208984375], "obj_id": 0}, {"cam_R_m2c": [0.7368904948234558, 0.04436936974525452, 0.6745544672012329, -0.14165325462818146, 0.9858257174491882, 0.08990004658699036, -0.6610043048858643, -0.1617993265390396, 0.7327306866645813], "cam_t_m2c": [313.25030517578125, 60.706668853759766, 1026.38818359375], "obj_id": 2}]
}