{
  "0": [{"cam_R_m2c": [-0.8980755805969238, 0.2243492156267166, 0.37832197546958923, 0.4317472279071808, 0.613899290561676, 0.6608494520187378, -0.08399052172899246, 0.7568322420120239, -0.6481900811195374], "cam_t_m2c": [53.97848129272461, -171.67701721191406, 911.9481811523438], "obj_id": 3}, {"cam_R_m2c": [0.5691969990730286, 0.2082529366016388, -0.7953901290893555, 0.6183519959449768, -0.7460183501243591, 0.2471788078546524, -0.5418999195098877, -0.6325245499610901, -0.5534049868583679], "cam_t_m2c": [242.0442352294922, -404.31201171875, 911.1698608398438], "obj_id": 3}, {"cam_R_m2c": [-0.5055174231529236, -0.8284518122673035, 0.2410801649093628, 0.808594822883606, -0.5523690581321716, -0.2026394009590149, 0.30104219913482666, 0.09249842166900635, 0.9491141438484192], "cam_t_m2c": [92.39103698730469, -476.22198486328125, 1039.197021484375], "obj_id": 3}, {"cam_R_m2c": [0.9777711033821106, 0.03256889432668686, -0.20713035762310028, 0.14190416038036346, -0.8300370573997498, 0.5393531322479248, -0.15435972809791565, -0.5567565560340881, -0.8162078857421875], "cam_t_m2c": [266.8576965332031, -358.6277160644531, 882.4138793945312], "obj_id": 3}, {"cam_R_m2c": [-0.20774532854557037, 0.12530316412448883, 0.9701241254806519, -0.9607722759246826, -0.21242304146289825, -0.1783057600259781, 0.18373450636863708, -0.9691106081008911, 0.16451779007911682], "cam_t_m2c": [309.5101318359375, -219.8267364501953, 871.849609375], "obj_id": 3}, {"cam_R_m2c": [-0.6267274618148804, -0.2145518958568573, 0.7491194009780884, -0.6871761083602905, -0.30112001299858093, -0.6611470580101013, 0.3674252927303314, -0.9291361570358276, 0.041285429149866104], "cam_t_m2c": [131.1937255859375, -128.4188995361328, 1058.683349609375], "obj_id": 3}, {"cam_R_m2c": [-0.33791932463645935, -0.16247348487377167, -0.9270451664924622, 0.5532156229019165, 0.7625775337219238, -0.33530285954475403, 0.7614216208457947, -0.6261612176895142, -0.16780678927898407], "cam_t_m2c": [15.054487228393555, -141.86769104003906, 1085.2791748046875], "obj_id": 3}, {"cam_R_m2c": [0.2739613354206085, -0.8760910034179688, 0.3967488706111908, 0.5647748708724976, -0.1873539388179779, -0.8036962747573853, 0.7784436345100403, 0.4442555010318756, 0.44346651434898376], "cam_t_m2c": [30.18193244934082, -143.61122131347656, 933.691650390625], "obj_id": 3}, {"cam_R_m2c": [0.9764613509178162, 0.004678270313888788, -0.215641587972641, 0.15923401713371277, 0.6587374806404114, 0.7353294491767883, 0.14549127221107483, -0.7523582577705383, 0.6424868106842041], "cam_t_m2c": [263.16937255859375, -434.6011962890625, 845.5818481445312], "obj_id": 3}, {"cam_R_m2c": [0.949578046798706, 0.20247970521450043, -0.2393816113471985, -0.03717974200844765, -0.6853947043418884, -0.7272219657897949, -0.311318576335907, 0.6994541883468628, -0.6433075666427612], "cam_t_m2c": [210.6639404296875, -376.2110290527344, 967.4476928710938], "obj_id": 3}, {"cam_R_m2c": [0.3500877618789673, -0.15598586201667786, 0.9236378073692322, -0.7709233164787292, -0.6080813407897949, 0.1895100325345993, 0.532086193561554, -0.7783991098403931, -0.33313485980033875], "cam_t_m2c": [70.19648742675781, -342.5907287597656, 1214.0379638671875], "obj_id": 3}, {"cam_R_m2c": [-0.7260775566101074, -0.4544595777988434, -0.5160210728645325, 0.29570457339286804, 0.47114357352256775, -0.8310129046440125, 0.6207817792892456, -0.7559697031974792, -0.2077009677886963], "cam_t_m2c": [103.29589080810547, -179.87509155273438, 1074.5283203125], "obj_id": 3}, {"cam_R_m2c": [0.1469314992427826, -0.7930169701576233, -0.5912149548530579, 0.9240073561668396, -0.10327425599098206, 0.36816391348838806, -0.3530175983905792, -0.6003818511962891, 0.7175793647766113], "cam_t_m2c": [-46.31256103515625, -78.43467712402344, 1025.5499267578125], "obj_id": 3}, {"cam_R_m2c": [0.4254496395587921, -0.9041372537612915, -0.03909410163760185, 0.1348373144865036, 0.10604707896709442, -0.9851765632629395, 0.8948807120323181, 0.4138716459274292, 0.16702915728092194], "cam_t_m2c": [-58.97990417480469, -62.09231948852539, 949.9697265625], "obj_id": 3}, {"cam_R_m2c": [-0.7942506074905396, -0.39212164282798767, -0.4641191065311432, 0.047742750495672226, -0.801784336566925, 0.5957033038139343, -0.6057116389274597, 0.45097941160202026, 0.6555387377738953], "cam_t_m2c": [80.66815185546875, -263.58148193359375, 1161.945068359375], "obj_id": 3}, {"cam_R_m2c": [0.8046450614929199, 0.416221022605896, -0.42344579100608826, 0.42254218459129333, -0.9024322032928467, -0.08410711586475372, -0.41713830828666687, -0.11124733835458755, -0.9020085334777832], "cam_t_m2c": [225.3197479248047, -197.137451171875, 1142.7532958984375], "obj_id": 3}, {"cam_R_m2c": [0.32155486941337585, -0.8987528085708618, -0.29806989431381226, 0.744949460029602, 0.04579979181289673, 0.665546715259552, -0.5845105648040771, -0.4360567629337311, 0.6842527389526367], "cam_t_m2c": [80.07097625732422, -462.111083984375, 898.060791015625], "obj_id": 3}, {"cam_R_m2c": [0.8192086219787598, -0.032693274319171906, -0.5725630521774292, -0.5647516846656799, 0.12768569588661194, -0.8153231739997864, 0.09976370632648468, 0.9912757277488708, 0.08613763749599457], "cam_t_m2c": [-29.024484634399414, -187.99974060058594, 1028.9046630859375], "obj_id": 3}, {"cam_R_m2c": [-0.2751225531101227, -0.10592219233512878, -0.9555564522743225, -0.5444657802581787, -0.8020018339157104, 0.24566273391246796, -0.7923790812492371, 0.5878551602363586, 0.16297774016857147], "cam_t_m2c": [182.4810791015625, -530.7398071289062, 932.0589599609375], "obj_id": 3}, {"cam_R_m2c": [0.521929144859314, -0.39692625403404236, 0.7550095915794373, -0.4730207920074463, -0.8712511658668518, -0.13104364275932312, 0.7098177671432495, -0.28873977065086365, -0.6424856185913086], "cam_t_m2c": [-73.66497039794922, -436.7152099609375, 868.194580078125], "obj_id": 3}, {"cam_R_m2c": [0.37738266587257385, -0.9154472351074219, 0.13978062570095062, -0.061984676867723465, -0.17557334899902344, -0.9825129508972168, 0.9239805936813354, 0.36211904883384705, -0.12300198525190353], "cam_t_m2c": [299.3328857421875, -324.0634765625, 771.92578125], "obj_id": 3}, {"cam_R_m2c": [0.0806669145822525, -0.9957574009895325, -0.04427259415388107, -0.9649578928947449, -0.06689046323299408, -0.2537361979484558, 0.24969828128814697, 0.0631893053650856, -0.966259777545929], "cam_t_m2c": [-40.361228942871094, -400.2764587402344, 1015.5650634765625], "obj_id": 3}, {"cam_R_m2c": [0.8433828353881836, -0.5317848324775696, 0.07687851786613464, -0.1326821744441986, -0.06747051328420639, 0.9888595342636108, -0.5206734538078308, -0.8441874980926514, -0.12746183574199677], "cam_t_m2c": [-17.809934616088867, -129.60443115234375, 1099.775634765625], "obj_id": 3}, {"cam_R_m2c": [0.23892101645469666, 0.3887524902820587, -0.8898248076438904, -0.9449511766433716, -0.11790076643228531, -0.30523186922073364, -0.22357074916362762, 0.9137673377990723, 0.3391832411289215], "cam_t_m2c": [62.263885498046875, -92.45787811279297, 1071.7786865234375], "obj_id": 3}, {"cam_R_m2c": [-0.25467562675476074, -0.012139929458498955, -0.9669503569602966, -0.9413743019104004, 0.23189596831798553, 0.24502798914909363, 0.2212572544813156, 0.9726648330688477, -0.07048647105693817], "cam_t_m2c": [-23.53564453125, -148.3245391845703, 1038.6827392578125], "obj_id": 3}, {"cam_R_m2c": [-0.07878763228654861, -0.8372170925140381, -0.5411654710769653, -0.9968569278717041, 0.0616501048207283, 0.04975463077425957, -0.008292525075376034, 0.5433845520019531, -0.8394429087638855], "cam_t_m2c": [145.75157165527344, -298.33538818359375, 746.9607543945312], "obj_id": 3}, {"cam_R_m2c": [0.8382206559181213, -0.5080804824829102, 0.1980917900800705, -0.5210137367248535, -0.6388739943504333, 0.5660250186920166, -0.161030575633049, -0.5776624083518982, -0.8002342581748962], "cam_t_m2c": [-43.36332321166992, -326.367431640625, 992.6492309570312], "obj_id": 3}, {"cam_R_m2c": [0.2846049666404724, -0.8516069054603577, 0.4401881694793701, -0.7613769769668579, -0.4798097014427185, -0.43599021434783936, 0.5824989080429077, -0.21106421947479248, -0.7849500775337219], "cam_t_m2c": [53.33078384399414, -558.4713134765625, 988.33935546875], "obj_id": 3}, {"cam_R_m2c": [0.4207209348678589, -0.716949999332428, -0.5558565855026245, 0.2989560663700104, -0.46892696619033813, 0.8311033248901367, -0.8565157055854797, -0.5158392786979675, 0.017049161717295647], "cam_t_m2c": [30.386125564575195, -338.5932312011719, 1257.8839111328125], "obj_id": 1}, {"cam_R_m2c": [-0.7764654755592346, -0.2443205565214157, 0.5808689594268799, -0.09833396971225739, -0.8635115027427673, -0.4946495592594147, 0.6224400997161865, -0.4411974847316742, 0.6464619636535645], "cam_t_m2c": [230.7158660888672, -248.1518096923828, 877.4540405273438], "obj_id": 1}, {"cam_R_m2c": [0.17225177586078644, 0.8231067061424255, -0.5411326885223389, 0.25262609124183655, 0.4940580725669861, 0.8319174647331238, 0.9521077871322632, -0.28000345826148987, -0.12283584475517273], "cam_t_m2c": [-21.221027374267578, -169.6764373779297, 940.92041015625], "obj_id": 1}, {"cam_R_m2c": [-0.027040995657444, 0.34514129161834717, -0.9381610155105591, -0.6917505860328674, -0.6839612722396851, -0.23168477416038513, -0.7216299176216125, 0.6427084803581238, 0.25724685192108154], "cam_t_m2c": [232.19483947753906, -296.4012451171875, 769.488037109375], "obj_id": 1}, {"cam_R_m2c": [-0.9279364347457886, -0.3237306475639343, 0.18474896252155304, 0.04644811898469925, 0.391360342502594, 0.9190645217895508, -0.3698327839374542, 0.8614147901535034, -0.348120778799057], "cam_t_m2c": [-14.076173782348633, -305.26983642578125, 1240.50927734375], "obj_id": 1}, {"cam_R_m2c": [-0.6443417072296143, 0.6630603075027466, 0.38101813197135925, -0.7326229810714722, -0.39234229922294617, -0.5561754107475281, -0.21928828954696655, -0.6375096440315247, 0.7385757565498352], "cam_t_m2c": [-124.40481567382812, -456.56591796875, 1039.011962890625], "obj_id": 1}, {"cam_R_m2c": [0.3591744303703308, -0.9006157517433167, -0.2447139173746109, 0.7800568342208862, 0.14575491845607758, 0.6084954738616943, -0.5123523473739624, -0.4094467759132385, 0.7548829913139343], "cam_t_m2c": [-90.14681243896484, -245.10675048828125, 1187.5987548828125], "obj_id": 1}, {"cam_R_m2c": [0.80660080909729, -0.36995911598205566, 0.46100476384162903, 0.43150070309638977, 0.9015635848045349, -0.03146854043006897, -0.4039830267429352, 0.22430641949176788, 0.8868395090103149], "cam_t_m2c": [227.36866760253906, -377.08245849609375, 975.316650390625], "obj_id": 1}, {"cam_R_m2c": [0.8574501872062683, 0.5136986374855042, 0.029881451278924942, -0.4029729664325714, 0.7064738869667053, -0.5818138122558594, -0.3199874758720398, 0.48683494329452515, 0.8127728700637817], "cam_t_m2c": [119.89244079589844, -448.5364990234375, 973.658203125], "obj_id": 1}, {"cam_R_m2c": [0.27084097266197205, 0.11516313999891281, -0.9557104706764221, -0.7892723679542542, 0.5949369668960571, -0.15198373794555664, 0.5510845184326172, 0.7954793572425842, 0.2520284354686737], "cam_t_m2c": [0.5512457489967346, -351.4268493652344, 1238.3277587890625], "obj_id": 1}, {"cam_R_m2c": [0.7621768116950989, 0.4540880024433136, 0.46140071749687195, 0.3044701814651489, -0.880424976348877, 0.3635241389274597, 0.5713006258010864, -0.13658690452575684, -0.8092957139015198], "cam_t_m2c": [67.05307006835938, -182.51580810546875, 863.1158447265625], "obj_id": 1}, {"cam_R_m2c": [-0.8216838240623474, -0.2688077390193939, -0.5025712847709656, -0.006951651070266962, 0.8864527940750122, -0.4627667963504791, 0.5699009895324707, -0.3767543435096741, -0.7302525639533997], "cam_t_m2c": [224.7374725341797, -215.07533264160156, 1071.3345947265625], "obj_id": 1}, {"cam_R_m2c": [-0.9480675458908081, -0.26972103118896484, 0.16857868432998657, 0.30769243836402893, -0.6434496641159058, 0.700926661491394, -0.08058276772499084, 0.7163960933685303, 0.6930246353149414], "cam_t_m2c": [-131.9892120361328, -307.6593017578125, 1224.19189453125], "obj_id": 1}, {"cam_R_m2c": [-0.38315629959106445, -0.8800683617591858, 0.2804831564426422, 0.7595815658569336, -0.47298675775527954, -0.4464518129825592, 0.5255729556083679, 0.04198899865150452, 0.8497117161750793], "cam_t_m2c": [121.15022277832031, -551.2940673828125, 945.3621215820312], "obj_id": 1}, {"cam_R_m2c": [0.03364856541156769, -0.36189091205596924, 0.9316129684448242, -0.7154081463813782, -0.6596274971961975, -0.23039688169956207, 0.6978960633277893, -0.6587309837341309, -0.2810952365398407], "cam_t_m2c": [140.53704833984375, -96.0384521484375, 1068.26513671875], "obj_id": 1}, {"cam_R_m2c": [0.08676433563232422, -0.7562994360923767, 0.648446798324585, 0.41089972853660583, -0.5657892227172852, -0.7148736119270325, 0.9075425863265991, 0.32847216725349426, 0.2616727650165558], "cam_t_m2c": [210.55104064941406, -186.35023498535156, 987.8137817382812], "obj_id": 1}, {"cam_R_m2c": [-0.6025862693786621, -0.6198849081993103, -0.5026256442070007, -0.390474408864975, 0.7782888412475586, -0.4917278289794922, 0.6960026025772095, -0.10004597902297974, -0.7110353708267212], "cam_t_m2c": [-28.33342170715332, -182.06924438476562, 1002.2661743164062], "obj_id": 1}, {"cam_R_m2c": [0.36627599596977234, -0.9040126800537109, -0.22046053409576416, 0.8345223069190979, 0.21433939039707184, 0.507573664188385, -0.411599725484848, -0.36989128589630127, 0.8329262137413025], "cam_t_m2c": [99.98853302001953, -180.4596710205078, 1138.6575927734375], "obj_id": 1}, {"cam_R_m2c": [0.012676472775638103, 0.9997901916503906, -0.016085367649793625, -0.9998378753662109, 0.01246817596256733, -0.012984303757548332, -0.012781026773154736, 0.016247354447841644, 0.9997863173484802], "cam_t_m2c": [139.90309143066406, -158.07962036132812, 1004.5826416015625], "obj_id": 1}, {"cam_R_m2c": [0.05266283079981804, 0.33368849754333496, -0.9412112236022949, 0.7816959619522095, -0.6003004312515259, -0.16908754408359528, -0.6214321255683899, -0.7268364429473877, -0.29245641827583313], "cam_t_m2c": [259.9240417480469, -465.7356872558594, 872.9769287109375], "obj_id": 1}, {"cam_R_m2c": [0.05531156063079834, 0.1894702911376953, 0.9803272485733032, -0.7133665680885315, 0.6944620609283447, -0.09397120773792267, -0.6986048221588135, -0.6941350102424622, 0.1735735684633255], "cam_t_m2c": [44.510440826416016, -462.6034851074219, 1032.4229736328125], "obj_id": 1}, {"cam_R_m2c": [0.43430081009864807, 0.7801263332366943, -0.4503170847892761, 0.4092005491256714, 0.2744935154914856, 0.8701769709587097, 0.8024571537971497, -0.5621885061264038, -0.2000153660774231], "cam_t_m2c": [23.539426803588867, -298.9581298828125, 950.98876953125], "obj_id": 1}, {"cam_R_m2c": [0.2792420983314514, 0.18019376695156097, -0.9431617259979248, -0.450725257396698, 0.8918974995613098, 0.036953285336494446, 0.8478623628616333, 0.4147878885269165, 0.33027321100234985], "cam_t_m2c": [209.38999938964844, -469.729736328125, 1032.63134765625], "obj_id": 1}, {"cam_R_m2c": [0.16799500584602356, -0.9633700251579285, 0.2090354859828949, -0.9809275269508362, -0.14233441650867462, 0.13237085938453674, -0.09776917845010757, -0.22728630900382996, -0.9689076542854309], "cam_t_m2c": [221.5538787841797, -364.0791320800781, 870.7752075195312], "obj_id": 1}, {"cam_R_m2c": [0.9860289692878723, 0.16048353910446167, 0.04463070631027222, -0.1225532814860344, 0.5174611806869507, 0.8468852043151855, 0.11281648278236389, -0.8405230045318604, 0.529899537563324], "cam_t_m2c": [247.3392333984375, -472.8274841308594, 1072.736328125], "obj_id": 1}, {"cam_R_m2c": [-0.6560240387916565, -0.7390928268432617, -0.15288616716861725, -0.7546818852424622, 0.6398614645004272, 0.14502589404582977, -0.009361631236970425, 0.2105208933353424, -0.9775444865226746], "cam_t_m2c": [180.53623962402344, -469.0032653808594, 1052.3060302734375], "obj_id": 1}, {"cam_R_m2c": [-0.162508025765419, 0.026738116517663002, 0.9863447546958923, -0.9696863293647766, 0.18054386973381042, -0.16465775668621063, -0.1824810653924942, -0.9832033514976501, -0.0034121498465538025], "cam_t_m2c": [78.56928253173828, -168.1649169921875, 1056.1448974609375], "obj_id": 1}, {"cam_R_m2c": [0.2786117196083069, 0.9455743432044983, 0.1681206077337265, 0.9121534824371338, -0.20574095845222473, -0.3544664978981018, -0.30058515071868896, 0.2521103024482727, -0.9198307991027832], "cam_t_m2c": [-91.74797821044922, -328.3961181640625, 1004.6806640625], "obj_id": 1}, {"cam_R_m2c": [-0.7424446940422058, 0.40689289569854736, -0.5321782827377319, -0.6279361844062805, -0.6994646787643433, 0.34124037623405457, -0.2333916872739792, 0.5875262022018433, 0.7748169302940369], "cam_t_m2c": [-66.83085632324219, -301.8654479980469, 883.111328125], "obj_id": 1}, {"cam_R_m2c": [0.2971310019493103, 0.9075025916099548, -0.2969042956829071, -0.9436761736869812, 0.23169738054275513, -0.23620228469371796, -0.14556224644184113, 0.3503645360469818, 0.9252331256866455], "cam_t_m2c": [81.26933288574219, -409.497314453125, 1027.7542724609375], "obj_id": 1}, {"cam_R_m2c": [-0.7977418899536133, -0.5757613182067871, 0.17918327450752258, 0.25144025683403015, -0.5877061486244202, -0.7690117955207825, 0.5480743646621704, -0.5684190988540649, 0.6136075258255005], "cam_t_m2c": [87.09540557861328, -419.5644226074219, 859.3323974609375], "obj_id": 1}, {"cam_R_m2c": [0.9385588765144348, 0.13971856236457825, 0.3155723810195923, 0.3033328354358673, -0.7700927257537842, -0.5612007975578308, 0.1646098494529724, 0.622443437576294, -0.7651585936546326], "cam_t_m2c": [194.6890106201172, -147.46014404296875, 1003.2676391601562], "obj_id": 1}, {"cam_R_m2c": [0.86688232421875, -0.2486037015914917, 0.43210098147392273, 0.45931148529052734, 0.7352305054664612, -0.49846673011779785, -0.19377315044403076, 0.6305809020996094, 0.7515448331832886], "cam_t_m2c": [256.04559326171875, -226.51966857910156, 1094.9736328125], "obj_id": 1}, {"cam_R_m2c": [0.41900020837783813, -0.8874117136001587, -0.192195862531662, -0.14576460421085358, 0.14318682253360748, -0.9789025187492371, 0.8962094783782959, 0.43817567825317383, -0.06935788691043854], "cam_t_m2c": [-9.349327087402344, -187.41746520996094, 997.9546508789062], "obj_id": 1}, {"cam_R_m2c": [-0.9913380742073059, -0.07123106718063354, 0.11033938080072403, -0.11441086232662201, 0.8809193968772888, -0.4592288136482239, -0.0644887387752533, -0.46787509322166443, -0.8814385533332825], "cam_t_m2c": [97.26351165771484, -323.5516357421875, 817.5706787109375], "obj_id": 1}, {"cam_R_m2c": [-0.1132306382060051, 0.127998486161232, -0.985289454460144, 0.3771931827068329, 0.9229651689529419, 0.07655450701713562, 0.9191867113113403, -0.3629761338233948, -0.15278808772563934], "cam_t_m2c": [95.58756256103516, -530.970703125, 1000.9461669921875], "obj_id": 1}, {"cam_R_m2c": [-0.49606257677078247, -0.47113919258117676, -0.7293488383293152, -0.8409313559532166, 0.46987155079841614, 0.26843082904815674, 0.21623195707798004, 0.7464908361434937, -0.6292814612388611], "cam_t_m2c": [77.30853271484375, -158.56423950195312, 1098.4547119140625], "obj_id": 1}, {"cam_R_m2c": [0.7137082815170288, 0.698615312576294, -0.05056693032383919, -0.31076332926750183, 0.25112393498420715, -0.9167129993438721, -0.6277312636375427, 0.6699800491333008, 0.3963333070278168], "cam_t_m2c": [184.31448364257812, -480.3585205078125, 1115.3475341796875], "obj_id": 1}, {"cam_R_m2c": [-0.3034511208534241, -0.9517368078231812, 0.04598307982087135, -0.8933436870574951, 0.26738327741622925, -0.3611692786216736, 0.33144301176071167, -0.1506759226322174, -0.9313657879829407], "cam_t_m2c": [292.9070129394531, -421.7532958984375, 870.6139526367188], "obj_id": 1}, {"cam_R_m2c": [0.18541909754276276, -0.9248566031455994, 0.33205410838127136, -0.940037727355957, -0.06850232183933258, 0.33412039279937744, -0.2862669825553894, -0.3740956783294678, -0.8821017146110535], "cam_t_m2c": [71.66632843017578, -511.660888671875, 964.9195556640625], "obj_id": 1}, {"cam_R_m2c": [-0.9128997325897217, -0.34987589716911316, 0.21023961901664734, 0.25578638911247253, -0.08895722776651382, 0.9626317024230957, -0.31809931993484497, 0.9325627684593201, 0.17070263624191284], "cam_t_m2c": [-23.956130981445312, -253.10044860839844, 1052.818115234375], "obj_id": 1}, {"cam_R_m2c": [0.20012634992599487, 0.5431849956512451, 0.8154137134552002, -0.8482298254966736, -0.3204762935638428, 0.4216645359992981, 0.49036264419555664, -0.7760444283485413, 0.39660999178886414], "cam_t_m2c": [99.54009246826172, -335.5647888183594, 976.4701538085938], "obj_id": 1}, {"cam_R_m2c": [-0.19296598434448242, -0.10819163918495178, 0.9752223491668701, -0.30158159136772156, -0.9392516016960144, -0.16387459635734558, 0.9337090849876404, -0.3257313370704651, 0.14861507713794708], "cam_t_m2c": [212.51583862304688, -309.3155517578125, 890.5590209960938], "obj_id": 1}, {"cam_R_m2c": [0.5855596661567688, 0.8106255531311035, -0.0024616485461592674, -0.7199749946594238, 0.5214684009552002, 0.45793744921684265, 0.3724994957447052, -0.26637735962867737, 0.8889809846878052], "cam_t_m2c": [11.328161239624023, -221.4287872314453, 1082.2059326171875], "obj_id": 1}, {"cam_R_m2c": [-0.7376115918159485, 0.6353617906570435, -0.22857116162776947, -0.12570880353450775, -0.4618089497089386, -0.8780261874198914, -0.6634204387664795, -0.6189087629318237, 0.4205060601234436], "cam_t_m2c": [-54.908714294433594, -308.6966552734375, 1155.3876953125], "obj_id": 1}, {"cam_R_m2c": [0.7384784817695618, -0.2971057891845703, -0.6052914261817932, -0.402038037776947, -0.9146806001663208, -0.04153300076723099, -0.541308581829071, 0.2740213871002197, -0.7949197888374329], "cam_t_m2c": [200.26644897460938, -385.0885925292969, 888.993408203125], "obj_id": 1}, {"cam_R_m2c": [-0.8528299927711487, -0.29730260372161865, -0.42929261922836304, 0.4321213960647583, 0.0597565695643425, -0.8998334407806396, 0.2931758761405945, -0.9529114961624146, 0.0775086060166359], "cam_t_m2c": [166.4007568359375, -461.4209289550781, 1074.812744140625], "obj_id": 1}, {"cam_R_m2c": [0.5335084795951843, -0.42695823311805725, -0.730120062828064, -0.7645060420036316, -0.6126924753189087, -0.20034554600715637, -0.3617999255657196, 0.6650672554969788, -0.6532887816429138], "cam_t_m2c": [-32.989097595214844, -236.71356201171875, 1080.30810546875], "obj_id": 1}, {"cam_R_m2c": [-0.3247065842151642, 0.900952160358429, -0.2878376841545105, -0.3650595247745514, 0.16136187314987183, 0.9168935418128967, 0.872523307800293, 0.4027993679046631, 0.27650606632232666], "cam_t_m2c": [48.93751525878906, -248.3060302734375, 790.6288452148438], "obj_id": 1}, {"cam_R_m2c": [-0.1698436439037323, -0.016990099102258682, -0.9853245615959167, 0.8432629108428955, -0.5199088454246521, -0.13639111816883087, -0.5099616050720215, -0.8540528416633606, 0.10263027250766754], "cam_t_m2c": [255.70008850097656, -419.7408752441406, 871.679931640625], "obj_id": 1}, {"cam_R_m2c": [0.4882076382637024, -0.4171985685825348, -0.7665497660636902, 0.8680291771888733, 0.1411096304655075, 0.4760391414165497, -0.09043538570404053, -0.8977935314178467, 0.43103140592575073], "cam_t_m2c": [296.6207275390625, -388.0068359375, 906.3485717773438], "obj_id": 1}, {"cam_R_m2c": [0.187186598777771, 0.9002707600593567, -0.3930314779281616, -0.5381252765655518, -0.240751251578331, -0.8077499270439148, -0.8218165040016174, 0.36270013451576233, 0.4393930733203888], "cam_t_m2c": [167.5259552001953, -313.73468017578125, 743.9109497070312], "obj_id": 1}, {"cam_R_m2c": [-0.024299247190356255, -0.4459322988986969, 0.8947367668151855, -0.04288339987397194, 0.894642174243927, 0.4447205066680908, -0.9987844824790955, -0.02756296657025814, -0.04086222127079964], "cam_t_m2c": [210.20472717285156, -301.81781005859375, 891.1538696289062], "obj_id": 1}, {"cam_R_m2c": [0.15350131690502167, 0.8626671433448792, -0.4819156527519226, -0.6922181248664856, 0.4419112503528595, 0.5705686211585999, 0.7051747441291809, 0.24600772559642792, 0.6649878025054932], "cam_t_m2c": [195.89910888671875, -253.93948364257812, 999.8882446289062], "obj_id": 1}, {"cam_R_m2c": [0.1071273684501648, 0.2750551700592041, 0.955441415309906, -0.9892168641090393, -0.06703918427228928, 0.13021379709243774, 0.09986802935600281, -0.9590882658958435, 0.26490750908851624], "cam_t_m2c": [55.84519577026367, -82.08171081542969, 1058.198486328125], "obj_id": 3}, {"cam_R_m2c": [0.603182315826416, -0.07089846581220627, 0.7944460511207581, 0.6725291609764099, -0.49028268456459045, -0.5543711185455322, 0.42880722880363464, 0.8686749935150146, -0.2480485439300537], "cam_t_m2c": [148.72332763671875, -310.9783020019531, 1196.7515869140625], "obj_id": 1}, {"cam_R_m2c": [-0.5759702920913696, 0.8166364431381226, -0.036919351667165756, 0.8151896595954895, 0.5704058408737183, -0.10051355510950089, -0.061024025082588196, -0.08798910677433014, -0.9942503571510315], "cam_t_m2c": [13.61550521850586, -322.7074890136719, 772.5679321289062], "obj_id": 1}, {"cam_R_m2c": [0.7910570502281189, -0.6093423366546631, -0.05413550138473511, 0.17732100188732147, 0.31309273838996887, -0.9330220818519592, 0.5854793190956116, 0.7284743189811707, 0.35572341084480286], "cam_t_m2c": [-107.99923706054688, -339.04840087890625, 1070.693115234375], "obj_id": 1}, {"cam_R_m2c": [-0.9987633228302002, -0.008109262213110924, -0.04905133694410324, -0.049461763352155685, 0.26194050908088684, 0.9638156890869141, 0.005032698158174753, 0.9650499224662781, -0.2620176374912262], "cam_t_m2c": [50.61362075805664, -314.38336181640625, 758.9786987304688], "obj_id": 1}, {"cam_R_m2c": [-0.46343961358070374, 0.22865928709506989, 0.856118381023407, -0.6177254319190979, -0.7760519981384277, -0.12711669504642487, 0.6353259682655334, -0.5877569913864136, 0.5009018778800964], "cam_t_m2c": [87.05787658691406, -151.2095489501953, 1126.9774169921875], "obj_id": 3}, {"cam_R_m2c": [-0.9188106656074524, -0.3862638771533966, -0.08116129040718079, 0.38516607880592346, -0.9223785996437073, 0.029408521950244904, -0.0862208902835846, -0.004239712376147509, 0.9962670207023621], "cam_t_m2c": [-48.44987869262695, -315.756591796875, 918.9127197265625], "obj_id": 1}, {"cam_R_m2c": [-0.2777332067489624, 0.7701332569122314, 0.574246346950531, 0.8522157669067383, 0.47341257333755493, -0.22273026406764984, -0.4433874189853668, 0.427522212266922, -0.7878021001815796], "cam_t_m2c": [-106.67893981933594, -453.83404541015625, 1079.14453125], "obj_id": 1}, {"cam_R_m2c": [0.38785243034362793, -0.9185695052146912, -0.07616164535284042, 0.8831515908241272, 0.39400461316108704, -0.2545655369758606, 0.26384416222572327, 0.031471580266952515, 0.9640517830848694], "cam_t_m2c": [194.54684448242188, -97.51941680908203, 1082.7611083984375], "obj_id": 1}, {"cam_R_m2c": [-0.2506217360496521, 0.6047424674034119, -0.7559599280357361, 0.7031852006912231, 0.650424063205719, 0.2871919274330139, 0.6653716564178467, -0.45960327982902527, -0.5882563591003418], "cam_t_m2c": [233.28273010253906, -495.2643127441406, 1072.918701171875], "obj_id": 3}, {"cam_R_m2c": [-0.25864991545677185, -0.7798026204109192, 0.5700947046279907, 0.7981067299842834, 0.15995723009109497, 0.5808952450752258, -0.5441743731498718, 0.6052449941635132, 0.5809928774833679], "cam_t_m2c": [78.4023208618164, -473.61614990234375, 929.5403442382812], "obj_id": 1}, {"cam_R_m2c": [0.12772095203399658, 0.9753294587135315, 0.18005488812923431, 0.07602740079164505, -0.19063526391983032, 0.9787123799324036, 0.9888918399810791, -0.11131293326616287, -0.0984998419880867], "cam_t_m2c": [308.70501708984375, -120.45210266113281, 1087.54541015625], "obj_id": 1}, {"cam_R_m2c": [0.017940392717719078, -0.5509433150291443, 0.8343498110771179, -0.4478076696395874, -0.7505346536636353, -0.48596909642219543, 0.8939498662948608, -0.3649097681045532, -0.2601814866065979], "cam_t_m2c": [174.49679565429688, -250.6131591796875, 1122.968994140625], "obj_id": 3}, {"cam_R_m2c": [-0.7378724217414856, 0.18821178376674652, 0.6481671333312988, 0.05820091813802719, 0.9744985699653625, -0.21671457588672638, -0.672426164150238, -0.12218378484249115, -0.7300097346305847], "cam_t_m2c": [-29.771202087402344, -352.0128479003906, 802.9959716796875], "obj_id": 1}, {"cam_R_m2c": [-0.9980033040046692, 0.06229110807180405, 0.01044924184679985, 0.022631807252764702, 0.19822172820568085, 0.9798958897590637, 0.05896753445267677, 0.9781758189201355, -0.19923566281795502], "cam_t_m2c": [-22.65985679626465, -412.1348571777344, 915.1815795898438], "obj_id": 3}, {"cam_R_m2c": [-0.34888479113578796, -0.5097540616989136, -0.7864032983779907, 0.2448790967464447, 0.7603904008865356, -0.6015319228172302, 0.9046068787574768, -0.40243905782699585, -0.1404605209827423], "cam_t_m2c": [4.360506057739258, -124.04582977294922, 1058.8416748046875], "obj_id": 3}, {"cam_R_m2c": [-0.5000800490379333, 0.4057543873786926, 0.7650380730628967, 0.7163573503494263, 0.6902093291282654, 0.1021917313337326, -0.48657169938087463, 0.5991447567939758, -0.6358250975608826], "cam_t_m2c": [91.1398696899414, -255.46202087402344, 1017.6500244140625], "obj_id": 3}, {"cam_R_m2c": [0.7387392520904541, 0.6594696044921875, -0.13915511965751648, 0.6314618587493896, -0.6050316691398621, 0.48496654629707336, 0.2356274574995041, -0.4461349546909332, -0.8633905053138733], "cam_t_m2c": [51.99068832397461, -80.60064697265625, 1050.1793212890625], "obj_id": 3}, {"cam_R_m2c": [-0.004033430479466915, 0.14404061436653137, 0.9895634651184082, 0.38692325353622437, -0.9122694730758667, 0.13436685502529144, 0.9221029877662659, 0.38342714309692383, -0.05205294117331505], "cam_t_m2c": [192.089111328125, -277.94873046875, 896.8961791992188], "obj_id": 1}, {"cam_R_m2c": [-0.0581696443259716, -0.8630010485649109, -0.5018417835235596, 0.8698706030845642, -0.2904719114303589, 0.39868640899658203, -0.4898378849029541, -0.41334596276283264, 0.7675961852073669], "cam_t_m2c": [251.0205841064453, -207.19631958007812, 1147.056640625], "obj_id": 3}, {"cam_R_m2c": [-0.12441789358854294, 0.13124936819076538, 0.9835109710693359, 0.26120030879974365, -0.9519191384315491, 0.16007627546787262, 0.9572327733039856, 0.2768097221851349, 0.08415336906909943], "cam_t_m2c": [44.35879898071289, -385.8011474609375, 1095.0650634765625], "obj_id": 3}, {"cam_R_m2c": [-0.4653931260108948, 0.6753625869750977, -0.5720966458320618, 0.8613747954368591, 0.4942529797554016, -0.11724935472011566, 0.20357465744018555, -0.5473567247390747, -0.811762273311615], "cam_t_m2c": [266.1674499511719, -260.9685974121094, 1042.4981689453125], "obj_id": 3}, {"cam_R_m2c": [0.3636990189552307, -0.4295949637889862, 0.8265416622161865, 0.9303490519523621, 0.2119295597076416, -0.29922646284103394, -0.04662242531776428, 0.8778006434440613, 0.4767518639564514], "cam_t_m2c": [90.12715148925781, -272.4322204589844, 805.4202880859375], "obj_id": 1}, {"cam_R_m2c": [-0.6474272608757019, -0.08622388541698456, 0.7572340369224548, 0.7141308784484863, -0.4156591296195984, 0.5632447004318237, 0.26618605852127075, 0.905424177646637, 0.3306841552257538], "cam_t_m2c": [306.6266784667969, -284.09246826171875, 817.2457885742188], "obj_id": 3}, {"cam_R_m2c": [-0.12121875584125519, 0.4306892454624176, -0.8943225145339966, -0.6491081714630127, 0.6472366452217102, 0.399679034948349, 0.7509757876396179, 0.6289606094360352, 0.20110668241977692], "cam_t_m2c": [26.536874771118164, -196.35292053222656, 1021.5569458007812], "obj_id": 3}, {"cam_R_m2c": [0.5184388160705566, -0.44439995288848877, 0.7305681705474854, 0.0029196524992585182, -0.8534260392189026, -0.5212055444717407, 0.855109691619873, 0.2723461985588074, -0.4411516487598419], "cam_t_m2c": [74.5653305053711, -414.6837463378906, 1044.12451171875], "obj_id": 1}, {"cam_R_m2c": [-0.7477964758872986, 0.6573875546455383, -0.0929604098200798, -0.23111170530319214, -0.12648291885852814, 0.9646705389022827, 0.6224045753479004, 0.7428616285324097, 0.24651366472244263], "cam_t_m2c": [260.6379089355469, -235.80068969726562, 932.4049682617188], "obj_id": 1}, {"cam_R_m2c": [0.43029719591140747, -0.8711376786231995, -0.2365656942129135, -0.6515859961509705, -0.118375264108181, -0.7492815256118774, 0.6247239112854004, 0.47655659914016724, -0.6185576319694519], "cam_t_m2c": [209.3140411376953, -273.2800598144531, 786.05126953125], "obj_id": 1}, {"cam_R_m2c": [-0.13616348803043365, 0.9896711111068726, 0.04484055936336517, 0.9441256523132324, 0.1159180998802185, 0.30852842330932617, 0.300143837928772, 0.08434541523456573, -0.9501577019691467], "cam_t_m2c": [-47.3223991394043, -296.72064208984375, 1207.0399169921875], "obj_id": 1}, {"cam_R_m2c": [-0.2643788754940033, 0.6175484657287598, -0.7407683730125427, 0.8069145679473877, 0.5623182654380798, 0.1807955950498581, 0.5281976461410522, -0.5499382615089417, -0.6469739079475403], "cam_t_m2c": [298.95697021484375, -315.9566955566406, 766.1830444335938], "obj_id": 1}, {"cam_R_m2c": [0.7012600898742676, -0.7046444416046143, -0.1082148626446724, -0.6306342482566833, -0.6839342713356018, 0.3667888939380646, -0.332467645406723, -0.1889703869819641, -0.9239886999130249], "cam_t_m2c": [14.2450590133667, -191.10508728027344, 1077.2005615234375], "obj_id": 3}, {"cam_R_m2c": [0.1571124792098999, 0.23356790840625763, 0.9595631957054138, 0.9863195419311523, 0.011976240202784538, -0.1644083857536316, -0.049892377108335495, 0.9722666144371033, -0.2284909039735794], "cam_t_m2c": [36.81154251098633, -197.34548950195312, 929.4154663085938], "obj_id": 3}, {"cam_R_m2c": [-0.17537260055541992, 0.47215011715888977, -0.8638973236083984, 0.9727645516395569, 0.21819868683815002, -0.07821972668170929, 0.15156975388526917, -0.8540863394737244, -0.4975569546222687], "cam_t_m2c": [31.879722595214844, -391.94415283203125, 972.2594604492188], "obj_id": 3}, {"cam_R_m2c": [0.9735872149467468, -0.11301739513874054, -0.19838082790374756, -0.0585642047226429, 0.7162008285522461, -0.6954326629638672, 0.2206764966249466, 0.6886823773384094, 0.6906652450561523], "cam_t_m2c": [-102.27671813964844, -378.6371154785156, 1008.0635375976562], "obj_id": 1}, {"cam_R_m2c": [-0.9060192704200745, 0.416983962059021, 0.0724819153547287, -0.0770220160484314, 0.0059519605711102486, -0.997011661529541, -0.41616928577423096, -0.9088943600654602, 0.026724286377429962], "cam_t_m2c": [152.76968383789062, -244.4163360595703, 987.25341796875], "obj_id": 3}, {"cam_R_m2c": [0.23515735566616058, 0.2103540301322937, 0.9489215612411499, -0.8607434630393982, -0.4084129333496094, 0.30384117364883423, 0.4514661133289337, -0.8882285356521606, 0.08501959592103958], "cam_t_m2c": [44.56194305419922, -463.14111328125, 1008.3023071289062], "obj_id": 1}, {"cam_R_m2c": [-0.8412088751792908, -0.4606853425502777, 0.2830840051174164, 0.33973169326782227, -0.043016523122787476, 0.9395381212234497, -0.42065414786338806, 0.886520504951477, 0.19269533455371857], "cam_t_m2c": [41.451236724853516, -473.4076232910156, 902.131591796875], "obj_id": 1}, {"cam_R_m2c": [-0.4568473994731903, -0.5255236029624939, 0.7177154421806335, 0.24223726987838745, 0.7028454542160034, 0.6688268780708313, -0.8559273481369019, 0.47940921783447266, -0.1937917172908783], "cam_t_m2c": [176.34222412109375, -311.5339050292969, 1072.94189453125], "obj_id": 3}, {"cam_R_m2c": [-0.44762876629829407, 0.8932259678840637, -0.04214109107851982, 0.08705057203769684, -0.0033749041613191366, -0.9961981773376465, -0.8899723291397095, -0.4495953619480133, -0.07624514400959015], "cam_t_m2c": [47.413978576660156, -40.688499450683594, 993.2135009765625], "obj_id": 3}, {"cam_R_m2c": [0.29717645049095154, -0.8238996863365173, -0.48257166147232056, -0.8054073452949524, 0.05515430122613907, -0.5901499390602112, 0.5128402709960938, 0.5640454292297363, -0.6471843123435974], "cam_t_m2c": [286.5508117675781, -78.36629486083984, 1055.07861328125], "obj_id": 3}, {"cam_R_m2c": [0.18987059593200684, -0.9672929048538208, -0.16820670664310455, 0.9711398482322693, 0.1598420888185501, 0.1770249307155609, -0.14434847235679626, -0.1969640552997589, 0.9697260856628418], "cam_t_m2c": [118.89222717285156, -515.1728515625, 944.0283813476562], "obj_id": 1}, {"cam_R_m2c": [0.30991679430007935, -0.14814867079257965, -0.9391503930091858, -0.9161514639854431, 0.21756549179553986, -0.3366475999355316, 0.2542005777359009, 0.964736819267273, -0.06829939782619476], "cam_t_m2c": [257.8919677734375, -251.45849609375, 1137.715576171875], "obj_id": 1}, {"cam_R_m2c": [-0.4114363491535187, 0.8884934782981873, 0.2032221257686615, -0.23906069993972778, 0.10996361821889877, -0.9647579193115234, -0.8795282244682312, -0.44551903009414673, 0.1671609729528427], "cam_t_m2c": [281.7948303222656, -256.7519226074219, 1145.8182373046875], "obj_id": 3}, {"cam_R_m2c": [-0.10625910758972168, -0.47087717056274414, 0.8757759928703308, -0.3789461851119995, -0.795116126537323, -0.4734870195388794, 0.9192979335784912, -0.38218432664871216, -0.09394868463277817], "cam_t_m2c": [83.67124938964844, -193.3964385986328, 979.7392578125], "obj_id": 3}, {"cam_R_m2c": [-0.3365459442138672, 0.8958691358566284, 0.29009491205215454, 0.10996779054403305, -0.26856696605682373, 0.9569632411003113, 0.9352238774299622, 0.35396331548690796, -0.008131499402225018], "cam_t_m2c": [-112.71110534667969, -273.4992980957031, 1217.476318359375], "obj_id": 3}, {"cam_R_m2c": [0.42058810591697693, 0.13080225884914398, -0.8977729678153992, 0.8542205691337585, -0.39045387506484985, 0.34329694509506226, -0.305635005235672, -0.9112828373908997, -0.2759542167186737], "cam_t_m2c": [-11.366226196289062, -135.97230529785156, 1102.90625], "obj_id": 3}, {"cam_R_m2c": [0.9607526659965515, 0.06539002805948257, 0.2695893347263336, -0.019665466621518135, 0.9854305982589722, -0.16893725097179413, -0.2767083942890167, 0.15700532495975494, 0.9480410218238831], "cam_t_m2c": [155.16664123535156, -508.46881103515625, 1036.8934326171875], "obj_id": 3}, {"cam_R_m2c": [-0.42842572927474976, 0.8882734179496765, -0.1655953973531723, -0.8979173302650452, -0.39805153012275696, 0.18788151443004608, 0.1009746566414833, 0.22918424010276794, 0.9681315422058105], "cam_t_m2c": [45.633155822753906, -317.3555603027344, 1081.743896484375], "obj_id": 3}, {"cam_R_m2c": [-0.9990469813346863, -0.039554692804813385, 0.018456023186445236, -0.0371834821999073, 0.5497966408729553, -0.8344705104827881, 0.02286016196012497, -0.8343614935874939, -0.5507435202598572], "cam_t_m2c": [106.74227142333984, -491.1244201660156, 895.381591796875], "obj_id": 3}, {"cam_R_m2c": [-0.09304575622081757, -0.6611611247062683, 0.7444518208503723, 0.8619404435157776, 0.32078590989112854, 0.3926258981227875, -0.49839863181114197, 0.6782053112983704, 0.5400336980819702], "cam_t_m2c": [141.88311767578125, -310.4136657714844, 1214.189453125], "obj_id": 1}, {"cam_R_m2c": [-0.5708969235420227, 0.004881811793893576, 0.8210070729255676, -0.7874818444252014, -0.28615298867225647, -0.5458833575248718, 0.2322687953710556, -0.9581714272499084, 0.16720832884311676], "cam_t_m2c": [250.21368408203125, -501.6262512207031, 945.8952026367188], "obj_id": 3}, {"cam_R_m2c": [0.32554173469543457, 0.7139686346054077, -0.6198962926864624, -0.6259602308273315, 0.6541046500205994, 0.42464205622673035, 0.7086581587791443, 0.2497917115688324, 0.6598543524742126], "cam_t_m2c": [37.25460433959961, -367.86834716796875, 1030.60107421875], "obj_id": 1}, {"cam_R_m2c": [0.051084522157907486, 0.07243652641773224, 0.9960638284683228, -0.960599958896637, 0.27639999985694885, 0.029165025800466537, -0.2731993496417999, -0.9583088159561157, 0.08370237797498703], "cam_t_m2c": [-19.8743839263916, -155.7082977294922, 1092.259521484375], "obj_id": 3}, {"cam_R_m2c": [0.4566340148448944, -0.4464734196662903, -0.7695107460021973, 0.2524712085723877, -0.7643613219261169, 0.5933042168617249, -0.8530789017677307, -0.4652021825313568, -0.2363116592168808], "cam_t_m2c": [-21.77420425415039, -333.4051818847656, 853.7640991210938], "obj_id": 3}, {"cam_R_m2c": [-0.6723235249519348, 0.7390177845954895, 0.0428222194314003, 0.13275925815105438, 0.06346411257982254, 0.9891144037246704, 0.7282554507255554, 0.6706899404525757, -0.14077985286712646], "cam_t_m2c": [13.171189308166504, -361.49310302734375, 847.8798828125], "obj_id": 1}, {"cam_R_m2c": [-0.9644432663917542, -0.1557057499885559, -0.2135528028011322, 0.2570369839668274, -0.7406041026115417, -0.620836079120636, -0.0614903271