{
  "0": [{"cam_R_m2c": [0.040733564645051956, 0.794626772403717, 0.6057301759719849, 0.9570140838623047, 0.14320671558380127, -0.2522220313549042, -0.2871670126914978, 0.5899662375450134, -0.7546356916427612], "cam_t_m2c": [154.36517333984375, 30.27874183654785, 1132.1861572265625], "obj_id": 1}, {"cam_R_m2c": [0.07028374820947647, -0.6257307529449463, 0.7768662571907043, -0.516203761100769, 0.6435925364494324, 0.5650861263275146, -0.8535770773887634, -0.44073763489723206, -0.277770459651947], "cam_t_m2c": [173.3406524658203, -225.77395629882812, 1100.396240234375], "obj_id": 3}, {"cam_R_m2c": [-0.22552916407585144, 0.6789835691452026, 0.698654294013977, -0.014292440377175808, -0.7193588018417358, 0.6944915652275085, 0.9741315245628357, 0.14664265513420105, 0.17194078862667084], "cam_t_m2c": [46.56327438354492, 89.63148498535156, 1199.0245361328125], "obj_id": 0}, {"cam_R_m2c": [-0.37769263982772827, 0.8744840621948242, -0.3043450117111206, 0.6807423233985901, 0.03944624960422516, -0.7314600944519043, -0.627644956111908, -0.4834476411342621, -0.6101968288421631], "cam_t_m2c": [233.0543975830078, 71.62030792236328, 1129.9659423828125], "obj_id": 0}],
  "1": [{"cam_R_m2c": [0.9471646547317505, 0.31778955459594727, -0.04346197098493576, 0.11400590091943741, -0.46020689606666565, -0.8804613947868347, -0.2998029291629791, 0.8289869427680969, -0.47212156653404236], "cam_t_m2c": [67.64404296875, -113.43289947509766, 940.0720825195312], "obj_id": 1}, {"cam_R_m2c": [-0.4343142509460449, 0.4768395721912384, 0.7641955614089966, -0.5072378516197205, 0.5716166496276855, -0.6449527740478516, -0.744365930557251, -0.6677412390708923, -0.00639010313898325], "cam_t_m2c": [-172.2584228515625, -209.74609375, 929.5778198242188], "obj_id": 3}, {"cam_R_m2c": [-0.12385158985853195, -0.5204883813858032, 0.8448387980461121, 0.5487803220748901, -0.7452710270881653, -0.37869662046432495, 0.826741099357605, 0.4167287349700928, 0.37793684005737305], "cam_t_m2c": [92.79227447509766, 22.778539657592773, 960.1456298828125], "obj_id": 0}, {"cam_R_m2c": [0.5879526138305664, 0.2945285737514496, -0.7533688545227051, 0.2923125624656677, -0.9457783102989197, -0.14162099361419678, -0.7542314529418945, -0.13695275783538818, -0.6421672105789185], "cam_t_m2c": [128.40283203125, -173.6431427001953, 964.3443603515625], "obj_id": 0}]
}