{
  "0": [{"cam_R_m2c": [0.30288177728652954, -0.9530163407325745, -0.004731925670057535, -0.9350267052650452, -0.29619643092155457, -0.1949167251586914, 0.18435727059841156, 0.06346119195222855, -0.9808081984519958], "cam_t_m2c": [-462.0173645019531, -19.105255126953125, 742.8606567382812], "obj_id": 2}, {"cam_R_m2c": [-0.6481603384017944, 0.5998796224594116, 0.46907609701156616, 0.6833378076553345, 0.18633918464183807, 0.7059227824211121, 0.3360615074634552, 0.7780886888504028, -0.5306980013847351], "cam_t_m2c": [0.5781335234642029, -30.125335693359375, 909.2017211914062], "obj_id": 3}, {"cam_R_m2c": [0.2682851254940033, 0.9596306085586548, -0.0844516009092331, -0.7239972352981567, 0.2586841285228729, 0.639461100101471, 0.6354928016662598, -0.11041514575481415, 0.7641710638999939], "cam_t_m2c": [-241.11273193359375, -120.69505310058594, 688.898681640625], "obj_id": 0}, {"cam_R_m2c": [-0.9364714026451111, -0.16013355553150177, -0.3120551109313965, -0.20342588424682617, -0.47679802775382996, 0.8551499247550964, -0.285725474357605, 0.8643036484718323, 0.41393253207206726], "cam_t_m2c": [-308.476806640625, 42.12281799316406, 579.4437866210938], "obj_id": 0}],
  "1": [{"cam_R_m2c": [-0.9348949790000916, 0.3453241288661957, -0.08199208229780197, 0.35424238443374634, 0.8935419321060181, -0.2758534252643585, -0.021995484828948975, -0.2869390547275543, -0.9576963186264038], "cam_t_m2c": [280.2789001464844, 282.5751647949219, 543.4007568359375], "obj_id": 2}, {"cam_R_m2c": [0.9114286303520203, -0.2747265100479126, 0.30630573630332947, 0.24303410947322845, -0.24125003814697266, -0.9395384788513184, 0.33201247453689575, 0.9307650327682495, -0.15311425924301147], "cam_t_m2c": [-23.12976837158203, 10.318662643432617, 818.7864990234375], "obj_id": 3}, {"cam_R_m2c": [-0.7790558338165283, -0.37563756108283997, 0.5019645094871521, 0.4426456391811371, -0.896552562713623, 0.01607053168118, 0.44400089979171753, 0.23471224308013916, 0.8647388815879822], "cam_t_m2c": [68.8295669555664, 152.5205841064453, 524.5011596679688], "obj_id": 0}, {"cam_R_m2c": [0.432740718126297, -0.3381834328174591, 0.8356837630271912, 0.693875789642334, 0.7167569398880005, -0.06925223767757416, -0.5755621194839478, 0.6098290681838989, 0.5448272228240967], "cam_t_m2c": [246.00128173828125, 71.30839538574219, 453.4342041015625], "obj_id": 0}]
}