{
  "0": [{"cam_R_m2c": [0.9329050779342651, -0.039442192763090134, -0.35795581340789795, 0.3056783974170685, -0.4387751519680023, 0.8450070023536682, -0.19039109349250793, -0.8977307677268982, -0.39727893471717834], "cam_t_m2c": [119.86424255371094, 19.304794311523438, 885.3953247070312], "obj_id": 3}, {"cam_R_m2c": [0.32438579201698303, 0.9357810616493225, 0.13815829157829285, 0.2789039611816406, -0.23418205976486206, 0.931327760219574, 0.9038730263710022, -0.26357659697532654, -0.3369583785533905], "cam_t_m2c": [194.5764617919922, 25.855262756347656, 828.9097290039062], "obj_id": 0}, {"cam_R_m2c": [0.05118922144174576, -0.9939221143722534, 0.09746004641056061, 0.6641727089881897, -0.03899843618273735, -0.7465612292289734, 0.7458245158195496, 0.1029461920261383, 0.6581396460533142], "cam_t_m2c": [265.42681884765625, 4.635396480560303, 901.3744506835938], "obj_id": 1}, {"cam_R_m2c": [-0.8827397227287292, 0.3496668040752411, 0.31385254859924316, 0.46267321705818176, 0.7632737755775452, 0.45093971490859985, -0.08187676221132278, 0.5432736277580261, -0.8355534672737122], "cam_t_m2c": [478.43084716796875, -48.167137145996094, 852.8438110351562], "obj_id": 3}, {"cam_R_m2c": [-0.4203472137451172, 0.4391838014125824, -0.7939935326576233, -0.45261648297309875, -0.8599025011062622, -0.2360210120677948, -0.7864136695861816, 0.2601637840270996, 0.5602394938468933], "cam_t_m2c": [382.12982177734375, -306.78533935546875, 956.1920166015625], "obj_id": 1}, {"cam_R_m2c": [-0.3842463791370392, 0.6658852696418762, -0.6394930481910706, 0.6569572687149048, 0.68387770652771, 0.31736165285110474, 0.6486614346504211, -0.29817456007003784, -0.7002357244491577], "cam_t_m2c": [201.53248596191406, -152.626220703125, 905.1168823242188], "obj_id": 1}, {"cam_R_m2c": [-0.6630217432975769, -0.7282987833023071, 0.17315562069416046, 0.7461242079734802, -0.6241113543510437, 0.231912761926651, -0.060833387076854706, 0.28295883536338806, 0.9572009444236755], "cam_t_m2c": [218.8870391845703, -126.39614868164062, 965.6757202148438], "obj_id": 1}, {"cam_R_m2c": [-0.9861970543861389, 0.1519300639629364, -0.06581944227218628, 0.16244202852249146, 0.9647668600082397, -0.2069721519947052, 0.032055120915174484, -0.21480721235275269, -0.9761300683021545], "cam_t_m2c": [453.7074279785156, -352.0609130859375, 977.9013061523438], "obj_id": 3}, {"cam_R_m2c": [0.08459030091762543, 0.9963887929916382, -0.007347654551267624, 0.3278815448284149, -0.020871249958872795, 0.9444882869720459, 0.9409241676330566, -0.08230374753475189, -0.32846301794052124], "cam_t_m2c": [100.06857299804688, 199.30352783203125, 845.8488159179688], "obj_id": 2}, {"cam_R_m2c": [0.08459032326936722, 0.9898800253868103, -0.11393898725509644, 0.3278816342353821, 0.08032773435115814, 0.9412975907325745, 0.9409241080284119, -0.11698320508003235, -0.31776854395866394], "cam_t_m2c": [124.12789154052734, -170.20370483398438, 972.4470825195312], "obj_id": 2}, {"cam_R_m2c": [-0.932182252407074, -0.35989582538604736, 0.03887493535876274, -0.30752065777778625, 0.7306826710700989, -0.609535813331604, 0.19096414744853973, -0.5801533460617065, -0.7918047904968262], "cam_t_m2c": [242.5828857421875, -241.2252197265625, 965.5489501953125], "obj_id": 3}, {"cam_R_m2c": [-0.05914205312728882, 0.9951770305633545, -0.07826229184865952, 0.05750738084316254, -0.07487280666828156, -0.9955335855484009, -0.9965918064117432, -0.06337849050760269, -0.052801959216594696], "cam_t_m2c": [468.059326171875, -382.63262939453125, 933.4168090820312], "obj_id": 1}, {"cam_R_m2c": [-0.9877892732620239, 0.003802152816206217, -0.15574930608272552, 0.1515842080116272, 0.25432685017585754, -0.955164909362793, 0.03597954660654068, -0.967110812664032, -0.2517976462841034], "cam_t_m2c": [142.60028076171875, -22.808109283447266, 901.441162109375], "obj_id": 3}, {"cam_R_m2c": [0.28821563720703125, 0.7930388450622559, -0.5366760492324829, 0.43700623512268066, 0.3897562623023987, 0.8106266856193542, 0.8520313501358032, -0.4681661128997803, -0.23422907292842865], "cam_t_m2c": [715.6737060546875, 65.29839324951172, 768.317626953125], "obj_id": 0}, {"cam_R_m2c": [0.16851113736629486, 0.3206349313259125, -0.9320929050445557, 0.5323978066444397, 0.766211211681366, 0.3598235845565796, 0.8295520544052124, -0.5568785071372986, -0.04159020259976387], "cam_t_m2c": [294.77947998046875, -184.57456970214844, 893.2293701171875], "obj_id": 0}, {"cam_R_m2c": [0.04317514970898628, -0.17399382591247559, 0.9837997555732727, 0.08990604430437088, -0.9800459146499634, -0.17727556824684143, 0.9950138926506042, 0.09610343724489212, -0.026670418679714203], "cam_t_m2c": [721.5394287109375, -107.18818664550781, 827.8963012695312], "obj_id": 0}, {"cam_R_m2c": [0.4057669937610626, -0.5412535667419434, 0.7364765405654907, 0.02614540234208107, -0.7985900640487671, -0.601307213306427, 0.9136025309562683, 0.2632461190223694, -0.3098902106285095], "cam_t_m2c": [65.5513687133789, -109.64828491210938, 902.3681640625], "obj_id": 1}, {"cam_R_m2c": [0.963594377040863, -0.07661730796098709, -0.2561555802822113, -0.12448643893003464, -0.9764459133148193, -0.1762278974056244, -0.2366199940443039, 0.2017001062631607, -0.9504355788230896], "cam_t_m2c": [492.43365478515625, -366.2099914550781, 908.8239135742188], "obj_id": 1}, {"cam_R_m2c": [0.5976476073265076, 0.6379045844078064, 0.48569029569625854, 0.581585705280304, -0.7619107365608215, 0.2850438356399536, 0.5518834590911865, 0.11211477220058441, -0.8263503313064575], "cam_t_m2c": [264.2596435546875, 98.56250762939453, 797.6460571289062], "obj_id": 1}, {"cam_R_m2c": [0.11945801228284836, 0.48621106147766113, 0.8656376004219055, 0.1676449328660965, 0.8494836091995239, -0.5002726316452026, -0.9785830974578857, 0.20488131046295166, 0.019966809079051018], "cam_t_m2c": [187.58213806152344, -251.58444213867188, 992.6303100585938], "obj_id": 0}, {"cam_R_m2c": [0.28889116644859314, -0.9156714081764221, -0.27944207191467285, 0.2955324649810791, 0.36292773485183716, -0.8837103843688965, 0.9106056094169617, 0.17271196842193604, 0.37545719742774963], "cam_t_m2c": [536.2048950195312, -304.02789306640625, 982.033935546875], "obj_id": 2}, {"cam_R_m2c": [0.8428825736045837, 0.13678723573684692, -0.5204211473464966, 0.01190008595585823, -0.9716522097587585, -0.23611502349376678, -0.5379658937454224, 0.19282418489456177, -0.8206164836883545], "cam_t_m2c": [3.3062562942504883, -162.65066528320312, 883.6605224609375], "obj_id": 1}, {"cam_R_m2c": [0.12177090346813202, 0.4897472560405731, 0.8633188009262085, 0.1666954904794693, 0.8473465442657471, -0.5041987895965576, -0.9784601926803589, 0.20530806481838226, 0.02154350094497204], "cam_t_m2c": [177.23887634277344, 197.7766876220703, 836.9724731445312], "obj_id": 0}, {"cam_R_m2c": [0.9852910041809082, 0.10454267263412476, 0.135175883769989, -0.06888597458600998, -0.4809291660785675, 0.8740490078926086, 0.15638546645641327, -0.8705043196678162, -0.46665364503860474], "cam_t_m2c": [360.0627746582031, -367.1893615722656, 1000.1365966796875], "obj_id": 3}, {"cam_R_m2c": [-0.8083174824714661, 0.5005695819854736, 0.3099234700202942, -0.27119261026382446, -0.7838086485862732, 0.5586575269699097, 0.5225677490234375, 0.36752375960350037, 0.7693173289299011], "cam_t_m2c": [115.54402160644531, -113.50684356689453, 970.4717407226562], "obj_id": 1}],
  "1": [{"cam_R_m2c": [0.9329050779342651, -0.039442192763090134, -0.35795581340789795, 0.3056783974170685, -0.4387751519680023, 0.8450070023536682, -0.19039109349250793, -0.8977307677268982, -0.39727893471717834], "cam_t_m2c": [119.86424255371094, 19.304794311523438, 885.3953247070312], "obj_id": 3}, {"cam_R_m2c": [0.32438579201698303, 0.9357810616493225, 0.13815829157829285, 0.2789039611816406, -0.23418205976486206, 0.931327760219574, 0.9038730263710022, -0.26357659697532654, -0.3369583785533905], "cam_t_m2c": [194.5764617919922, 25.855262756347656, 828.9097290039062], "obj_id": 0}, {"cam_R_m2c": [0.05118922144174576, -0.9939221143722534, 0.09746004641056061, 0.6641727089881897, -0.03899843618273735, -0.7465612292289734, 0.7458245158195496, 0.1029461920261383, 0.6581396460533142], "cam_t_m2c": [265.42681884765625, 4.635396480560303, 901.3744506835938], "obj_id": 1}, {"cam_R_m2c": [-0.8827397227287292, 0.3496668040752411, 0.31385254859924316, 0.46267321705818176, 0.7632737755775452, 0.45093971490859985, -0.08187676221132278, 0.5432736277580261, -0.8355534672737122], "cam_t_m2c": [478.43084716796875, -48.167137145996094, 852.8438110351562], "obj_id": 3}, {"cam_R_m2c": [-0.4203472137451172, 0.4391838014125824, -0.7939935326576233, -0.45261648297309875, -0.8599025011062622, -0.2360210120677948, -0.7864136695861816, 0.2601637840270996, 0.5602394938468933], "cam_t_m2c": [382.12982177734375, -306.78533935546875, 956.1920166015625], "obj_id": 1}, {"cam_R_m2c": [-0.3842463791370392, 0.6658852696418762, -0.6394930481910706, 0.6569572687149048, 0.68387770652771, 0.31736165285110474, 0.6486614346504211, -0.29817456007003784, -0.7002357244491577], "cam_t_m2c": [201.53248596191406, -152.626220703125, 905.1168823242188], "obj_id": 1}, {"cam_R_m2c": [-0.6630217432975769, -0.7282987833023071, 0.17315562069416046, 0.7461242079734802, -0.6241113543510437, 0.231912761926651, -0.060833387076854706, 0.28295883536338806, 0.9572009444236755], "cam_t_m2c": [218.8870391845703, -126.39614868164062, 965.6757202148438], "obj_id": 1}, {"cam_R_m2c": [-0.9861970543861389, 0.1519300639629364, -0.06581944227218628, 0.16244202852249146, 0.9647668600082397, -0.2069721519947052, 0.032055120915174484, -0.21480721235275269, -0.9761300683021545], "cam_t_m2c": [453.7074279785156, -352.0609130859375, 977.9013061523438], "obj_id": 3}, {"cam_R_m2c": [0.08459030091762543, 0.9963887929916382, -0.007347654551267624, 0.3278815448284149, -0.020871249958872795, 0.9444882869720459, 0.9409241676330566, -0.08230374753475189, -0.32846301794052124], "cam_t_m2c": [100.06857299804688, 199.30352783203125, 845.8488159179688], "obj_id": 2}, {"cam_R_m2c": [0.08459032326936722, 0.9898800253868103, -0.11393898725509644, 0.3278816342353821, 0.08032773435115814, 0.9412975907325745, 0.9409241080284119, -0.11698320508003235, -0.31776854395866394], "cam_t_m2c": [124.12789154052734, -170.20370483398438, 972.4470825195312], "obj_id": 2}, {"cam_R_m2c": [-0.932182252407074, -0.35989582538604736, 0.03887493535876274, -0.30752065777778625, 0.7306826710700989, -0.609535813331604, 0.19096414744853973, -0.5801533460617065, -0.7918047904968262], "cam_t_m2c": [242.5828857421875, -241.2252197265625, 965.5489501953125], "obj_id": 3}, {"cam_R_m2c": [-0.05914205312728882, 0.9951770305633545, -0.07826229184865952, 0.05750738084316254, -0.07487280666828156, -0.9955335855484009, -0.9965918064117432, -0.06337849050760269, -0.052801959216594696], "cam_t_m2c": [468.059326171875, -382.63262939453125, 933.4168090820312], "obj_id": 1}, {"cam_R_m2c": [-0.9877892732620239, 0.003802152816206217, -0.15574930608272552, 0.1515842080116272, 0.25432685017585754, -0.955164909362793, 0.03597954660654068, -0.967110812664032, -0.2517976462841034], "cam_t_m2c": [142.60028076171875, -22.808109283447266, 901.441162109375], "obj_id": 3}, {"cam_R_m2c": [0.28821563720703125, 0.7930388450622559, -0.5366760492324829, 0.43700623512268066, 0.3897562623023987, 0.8106266856193542, 0.8520313501358032, -0.4681661128997803, -0.23422907292842865], "cam_t_m2c": [715.6737060546875, 65.29839324951172, 768.317626953125], "obj_id": 0}, {"cam_R_m2c": [0.16851113736629486, 0.3206349313259125, -0.9320929050445557, 0.5323978066444397, 0.766211211681366, 0.3598235845565796, 0.8295520544052124, -0.5568785071372986, -0.04159020259976387], "cam_t_m2c": [294.77947998046875, -184.57456970214844, 893.2293701171875], "obj_id": 0}, {"cam_R_m2c": [0.04317514970898628, -0.17399382591247559, 0.9837997555732727, 0.08990604430437088, -0.9800459146499634, -0.17727556824684143, 0.9950138926506042, 0.09610343724489212, -0.026670418679714203], "cam_t_m2c": [721.5394287109375, -107.18818664550781, 827.8963012695312], "obj_id": 0}, {"cam_R_m2c": [0.4057669937610626, -0.5412535667419434, 0.7364765405654907, 0.02614540234208107, -0.7985900640487671, -0.601307213306427, 0.9136025309562683, 0.2632461190223694, -0.3098902106285095], "cam_t_m2c": [65.5513687133789, -109.64828491210938, 902.3681640625], "obj_id": 1}, {"cam_R_m2c": [0.963594377040863, -0.07661730796098709, -0.2561555802822113, -0.12448643893003464, -0.9764459133148193, -0.1762278974056244, -0.2366199940443039, 0.2017001062631607, -0.9504355788230896], "cam_t_m2c": [492.43365478515625, -366.2099914550781, 908.8239135742188], "obj_id": 1}, {"cam_R_m2c": [0.5976476073265076, 0.6379045844078064, 0.48569029569625854, 0.581585705280304, -0.7619107365608215, 0.2850438356399536, 0.5518834590911865, 0.11211477220058441, -0.8263503313064575], "cam_t_m2c": [264.2596435546875, 98.56250762939453, 797.6460571289062], "obj_id": 1}, {"cam_R_m2c": [0.11945801228284836, 0.48621106147766113, 0.8656376004219055, 0.1676449328660965, 0.8494836091995239, -0.5002726316452026, -0.9785830974578857, 0.20488131046295166, 0.019966809079051018], "cam_t_m2c": [187.58213806152344, -251.58444213867188, 992.6303100585938], "obj_id": 0}, {"cam_R_m2c": [0.28889116644859314, -0.9156714081764221, -0.27944207191467285, 0.2955324649810791, 0.36292773485183716, -0.8837103843688965, 0.9106056094169617, 0.17271196842193604, 0.37545719742774963], "cam_t_m2c": [536.2048950195312, -304.02789306640625, 982.033935546875], "obj_id": 2}, {"cam_R_m2c": [0.8428825736045837, 0.13678723573684692, -0.5204211473464966, 0.01190008595585823, -0.9716522097587585, -0.23611502349376678, -0.5379658937454224, 0.19282418489456177, -0.8206164836883545], "cam_t_m2c": [3.3062562942504883, -162.65066528320312, 883.6605224609375], "obj_id": 1}, {"cam_R_m2c": [0.12177090346813202, 0.4897472560405731, 0.8633188009262085, 0.1666954904794693, 0.8473465442657471, -0.5041987895965576, -0.9784601926803589, 0.20530806481838226, 0.02154350094497204], "cam_t_m2c": [177.23887634277344, 197.7766876220703, 836.9724731445312], "obj_id": 0}, {"cam_R_m2c": [0.9852910041809082, 0.10454267263412476, 0.135175883769989, -0.06888597458600998, -0.4809291660785675, 0.8740490078926086, 0.15638546645641327, -0.8705043196678162, -0.46665364503860474], "cam_t_m2c": [360.0627746582031, -367.1893615722656, 1000.1365966796875], "obj_id": 3}, {"cam_R_m2c": [-0.8083174824714661, 0.5005695819854736, 0.3099234700202942, -0.27119261026382446, -0.7838086485862732, 0.5586575269699097, 0.5225677490234375, 0.36752375960350037, 0.7693173289299011], "cam_t_m2c": [115.54402160644531, -113.50684356689453, 970.4717407226562], "obj_id": 1}]
}