{
  "0": [{"cam_R_m2c": [0.1980552077293396, -0.9671623706817627, -0.1592826098203659, 0.9643309712409973, 0.16314658522605896, 0.20844407379627228, -0.17561286687850952, -0.19488458335399628, 0.9649767279624939], "cam_t_m2c": [276.976318359375, -9091.1064453125, 1534.4454345703125], "obj_id": 3}, {"cam_R_m2c": [0.04587189108133316, -0.0012767488369718194, -0.998946487903595, -0.5979306101799011, -0.8011118769645691, -0.026433231309056282, -0.8002341985702515, 0.5985132455825806, -0.0375119149684906], "cam_t_m2c": [-225.17303466796875, -133.9190673828125, 928.8267822265625], "obj_id": 3}, {"cam_R_m2c": [-0.9519784450531006, -0.012114228680729866, 0.30592548847198486, -0.15395401418209076, -0.8447580933570862, -0.5125250816345215, 0.2646418809890747, -0.5350112915039062, 0.8023263812065125], "cam_t_m2c": [-328.8140563964844, -174.33168029785156, 619.285400390625], "obj_id": 0}, {"cam_R_m2c": [-0.7152585387229919, 0.6453275680541992, -0.26824912428855896, -0.14075347781181335, -0.5089941620826721, -0.849183976650238, -0.6845390796661377, -0.5696290731430054, 0.4548945128917694], "cam_t_m2c": [-234.15435791015625, -262.2263488769531, 754.7569580078125], "obj_id": 3}],
  "1": [{"cam_R_m2c": [0.19413350522518158, 0.7964141964912415, -0.5727449655532837, 0.281568706035614, 0.5140466094017029, 0.810231626033783, 0.9396975040435791, -0.3185602128505707, -0.1244516596198082], "cam_t_m2c": [-2482.701171875, -4492.1015625, -6612.943359375], "obj_id": 3}, {"cam_R_m2c": [0.44613394141197205, -0.6016955971717834, 0.6625155210494995, -0.8455802202224731, -0.040880657732486725, 0.5322807431221008, -0.29318690299987793, -0.797678530216217, -0.5270201563835144], "cam_t_m2c": [59.708160400390625, 107.54595947265625, 683.03759765625], "obj_id": 3}, {"cam_R_m2c": [0.38301655650138855, 0.23767560720443726, -0.8926413655281067, 0.6296610832214355, -0.774226725101471, 0.06402996927499771, -0.6758884787559509, -0.586586058139801, -0.44619670510292053], "cam_t_m2c": [347.740234375, -50.03509521484375, 665.400146484375], "obj_id": 0}, {"cam_R_m2c": [0.9382674694061279, -0.09138620644807816, -0.3336205780506134, -0.09855488687753677, -0.9951211214065552, -0.004587557166814804, -0.33157363533973694, 0.03718429431319237, -0.9426963925361633], "cam_t_m2c": [169.16152954101562, -64.6339111328125, 610.8424072265625], "obj_id": 3}]
}