{
  "0": [{"cam_R_m2c": [-0.9493376016616821, 0.18640275299549103, -0.2530059516429901, -0.04496578872203827, 0.7162343859672546, 0.6964095830917358, 0.3110242486000061, 0.6725044846534729, -0.6715664863586426], "cam_t_m2c": [-240.42893981933594, -122.38373565673828, 1150.1640625], "obj_id": 3}, {"cam_R_m2c": [-0.039995722472667694, 0.26806557178497314, -0.9625700116157532, 0.7576968669891357, -0.6198666095733643, -0.20410940051078796, -0.6513798236846924, -0.7374998927116394, -0.17832033336162567], "cam_t_m2c": [17.10162925720215, -239.92929077148438, 1053.4727783203125], "obj_id": 3}, {"cam_R_m2c": [-0.6619913578033447, -0.37052464485168457, 0.6515203714370728, 0.505570113658905, -0.8624734282493591, 0.023200148716568947, 0.5533228516578674, 0.3447475731372833, 0.7582762837409973], "cam_t_m2c": [-19.889245986938477, -360.6755676269531, 1220.836181640625], "obj_id": 3}, {"cam_R_m2c": [0.6558756232261658, 0.19577687978744507, -0.7290394306182861, 0.5645796656608582, -0.7683014273643494, 0.3016001284122467, -0.5010757446289062, -0.6094130277633667, -0.6144418120384216], "cam_t_m2c": [4.719051361083984, -190.89364624023438, 1022.2997436523438], "obj_id": 3}, {"cam_R_m2c": [0.34927257895469666, -0.1745680570602417, 0.9206163883209229, -0.925117015838623, -0.22035440802574158, 0.30919620394706726, 0.14888617396354675, -0.9596717357635498, -0.23845958709716797], "cam_t_m2c": [-29.495466232299805, -49.86289596557617, 1010.6272583007812], "obj_id": 3}, {"cam_R_m2c": [-0.041250668466091156, -0.389585942029953, 0.9200658202171326, -0.8614993691444397, -0.45255228877067566, -0.23025032877922058, 0.5060802102088928, -0.8021341562271118, -0.3169599175453186], "cam_t_m2c": [-142.3062744140625, -34.568965911865234, 1259.8240966796875], "obj_id": 3}, {"cam_R_m2c": [-0.2328283190727234, -0.7235143184661865, -0.6498599052429199, 0.4020414352416992, 0.5368428826332092, -0.7417293190956116, 0.8855244517326355, -0.4339662492275238, 0.16589054465293884], "cam_t_m2c": [-218.6087188720703, -97.84870910644531, 1327.2777099609375], "obj_id": 3}, {"cam_R_m2c": [0.25706979632377625, -0.4420851469039917, 0.8593461513519287, 0.6980677247047424, -0.529986560344696, -0.4814722537994385, 0.6682937145233154, 0.7236537933349609, 0.17236189544200897], "cam_t_m2c": [-264.0528259277344, -106.67286682128906, 1182.1307373046875], "obj_id": 3}, {"cam_R_m2c": [0.7621968388557434, -0.5905347466468811, -0.26518794894218445, 0.607548177242279, 0.5111413598060608, 0.607963502407074, -0.22347506880760193, -0.6245023608207703, 0.7483686804771423], "cam_t_m2c": [22.74844741821289, -262.98040771484375, 982.04296875], "obj_id": 3}, {"cam_R_m2c": [0.6558110117912292, 0.7479621767997742, -0.10229603946208954, 0.3789757490158081, -0.4433770179748535, -0.8122771978378296, -0.6529083251953125, 0.4939326345920563, -0.5742310881614685], "cam_t_m2c": [0.694641649723053, -224.4507293701172, 1120.05322265625], "obj_id": 3}, {"cam_R_m2c": [0.8410181999206543, -0.14279307425022125, 0.5218222737312317, -0.4659222662448883, -0.6813911199569702, 0.5644663572311401, 0.27496328949928284, -0.7178550958633423, -0.6395928263664246], "cam_t_m2c": [-32.158145904541016, -236.80958557128906, 1403.6658935546875], "obj_id": 3}, {"cam_R_m2c": [-0.47782620787620544, -0.8718393445014954, -0.1075999066233635, -0.018293781206011772, 0.13233716785907745, -0.9910357594490051, 0.8782635927200317, -0.47157469391822815, -0.0791831985116005], "cam_t_m2c": [-134.68565368652344, -91.33805084228516, 1279.7254638671875], "obj_id": 3}, {"cam_R_m2c": [-0.44597557187080383, -0.816618025302887, -0.3663887679576874, 0.8485080599784851, -0.516018807888031, 0.11729717254638672, -0.28485047817230225, -0.25857213139533997, 0.9230387806892395], "cam_t_m2c": [-319.9537353515625, -76.14378356933594, 1302.466552734375], "obj_id": 3}, {"cam_R_m2c": [0.6217726469039917, -0.6119160652160645, 0.4888326823711395, 0.40087419748306274, -0.28754380345344543, -0.8698381185531616, 0.6728287935256958, 0.7368019819259644, 0.06651453673839569], "cam_t_m2c": [-366.7137451171875, -74.77594757080078, 1239.6060791015625], "obj_id": 3}, {"cam_R_m2c": [-0.8895206451416016, 0.2312985509634018, -0.39402252435684204, -0.38412413001060486, -0.845538318157196, 0.37082797288894653, -0.24738919734954834, 0.4812127649784088, 0.8409713506698608], "cam_t_m2c": [-80.3924560546875, -167.29908752441406, 1359.9947509765625], "obj_id": 3}, {"cam_R_m2c": [0.28665030002593994, 0.7071195840835571, -0.6463848948478699, 0.7064422965049744, -0.6117514967918396, -0.3559483587741852, -0.6471250653266907, -0.3546009659767151, -0.6748979091644287], "cam_t_m2c": [-2.989356279373169, -43.41094207763672, 1293.9073486328125], "obj_id": 3}, {"cam_R_m2c": [-0.3127485513687134, -0.9068012237548828, -0.28266575932502747, 0.7501035928726196, -0.41835805773735046, 0.5121729969978333, -0.5826945900917053, -0.05184723064303398, 0.811035692691803], "cam_t_m2c": [-90.56688690185547, -367.3005065917969, 1097.4248046875], "obj_id": 3}, {"cam_R_m2c": [0.9539510607719421, 0.2962658405303955, -0.04694628715515137, -0.10729221999645233, 0.1908566802740097, -0.975736677646637, -0.2801174521446228, 0.935841977596283, 0.21385495364665985], "cam_t_m2c": [-254.16439819335938, -164.26844787597656, 1287.611328125], "obj_id": 3}, {"cam_R_m2c": [-0.27275559306144714, 0.5126513242721558, -0.8141210079193115, -0.6820411086082458, -0.6998531818389893, -0.21219219267368317, -0.6785457730293274, 0.4973873794078827, 0.5405381321907043], "cam_t_m2c": [36.05712127685547, -376.94500732421875, 1082.37158203125], "obj_id": 3}, {"cam_R_m2c": [0.9088349342346191, -0.025049710646271706, 0.4164031744003296, -0.10700631141662598, -0.9787954688072205, 0.17466853559017181, 0.40319812297821045, -0.20330263674259186, -0.8922439813613892], "cam_t_m2c": [-236.59323120117188, -419.1769104003906, 1131.429931640625], "obj_id": 3}, {"cam_R_m2c": [0.6856381893157959, -0.5105750560760498, 0.5188578367233276, 0.20799101889133453, -0.5456530451774597, -0.8117896914482117, 0.6975958943367004, 0.6645117402076721, -0.26792553067207336], "cam_t_m2c": [-27.851852416992188, -155.80859375, 912.0043334960938], "obj_id": 3}, {"cam_R_m2c": [0.6069409847259521, -0.7400282621383667, -0.2897945046424866, -0.7885947823524475, -0.5154953598976135, -0.3352356553077698, 0.09869613498449326, 0.43199867010116577, -0.8964577317237854], "cam_t_m2c": [-170.14393615722656, -357.7056884765625, 1257.765869140625], "obj_id": 3}, {"cam_R_m2c": [0.5346173048019409, -0.7183598279953003, -0.44513314962387085, 0.22578229010105133, -0.38616663217544556, 0.8943699598312378, -0.8143750429153442, -0.5786488056182861, -0.04425841569900513], "cam_t_m2c": [-244.95196533203125, -100.94784545898438, 1354.4267578125], "obj_id": 3}, {"cam_R_m2c": [0.5419618487358093, 0.7166580557823181, -0.438951700925827, -0.742159903049469, 0.16307371854782104, -0.650081217288971, -0.39430445432662964, 0.6780915856361389, 0.620254635810852], "cam_t_m2c": [-208.95614624023438, -33.6890983581543, 1301.9293212890625], "obj_id": 3}, {"cam_R_m2c": [0.31725484132766724, 0.25730788707733154, -0.91276615858078, -0.9262942671775818, 0.29040437936782837, -0.24009215831756592, 0.20329366624355316, 0.9216604232788086, 0.33047500252723694], "cam_t_m2c": [-264.373291015625, -125.86107635498047, 1298.589111328125], "obj_id": 3}, {"cam_R_m2c": [0.39506903290748596, -0.4880911409854889, -0.77825927734375, -0.9151192903518677, -0.2833171486854553, -0.28685900568962097, -0.08048086613416672, 0.825529158115387, -0.5585914254188538], "cam_t_m2c": [-172.02349853515625, -206.85525512695312, 950.4871826171875], "obj_id": 3}, {"cam_R_m2c": [0.8485451936721802, -0.33251267671585083, -0.4115900695323944, -0.08457841724157333, -0.8531076312065125, 0.5148338675498962, -0.5223193764686584, -0.40204814076423645, -0.7520238161087036], "cam_t_m2c": [-215.55340576171875, -296.1866455078125, 1245.5107421875], "obj_id": 3}, {"cam_R_m2c": [0.8037011027336121, -0.539400041103363, 0.2512211799621582, -0.4831749200820923, -0.8380096554756165, -0.25353845953941345, 0.3472844362258911, 0.08238535374403, -0.9341338276863098], "cam_t_m2c": [-32.60258865356445, -456.0422668457031, 1180.5816650390625], "obj_id": 3}, {"cam_R_m2c": [-0.13188157975673676, -0.5541666746139526, -0.8218919038772583, 0.3777826726436615, -0.7946571111679077, 0.4751840829849243, -0.9164535999298096, -0.24782846868038177, 0.3141554594039917], "cam_t_m2c": [-48.93101119995117, -247.64341735839844, 1459.56298828125], "obj_id": 1}, {"cam_R_m2c": [-0.335133820772171, 0.03458571806550026, 0.941535472869873, -0.3884965777397156, -0.9154877066612244, -0.10465410351753235, 0.8583447337150574, -0.4008564352989197, 0.32024744153022766], "cam_t_m2c": [-77.16580963134766, -110.87677001953125, 1042.986328125], "obj_id": 1}, {"cam_R_m2c": [0.3870766758918762, 0.3210793733596802, -0.864337682723999, 0.39237266778945923, 0.7909393906593323, 0.4695301353931427, 0.834395170211792, -0.5208866596221924, 0.1801714152097702], "cam_t_m2c": [-290.26605224609375, -152.81898498535156, 1205.7366943359375], "obj_id": 1}, {"cam_R_m2c": [0.020746398717164993, 0.8394037485122681, -0.5431122183799744, -0.6898013949394226, -0.38120245933532715, -0.6155149340629578, -0.7237012982368469, 0.3874092400074005, 0.5711133480072021], "cam_t_m2c": [-95.20854187011719, -162.869873046875, 938.3055419921875], "obj_id": 1}, {"cam_R_m2c": [-0.904926061630249, -0.10813732445240021, -0.4116005003452301, -0.425089567899704, 0.275561660528183, 0.8621859550476074, 0.020186826586723328, 0.9551816582679749, -0.2953309416770935], "cam_t_m2c": [-106.54472351074219, -240.5972442626953, 1464.061279296875], "obj_id": 1}, {"cam_R_m2c": [-0.26006460189819336, 0.4657672941684723, 0.8458292484283447, -0.9651070833206177, -0.09764961153268814, -0.24296657741069794, -0.030570941045880318, -0.8795028328895569, 0.4749106168746948], "cam_t_m2c": [-202.2038116455078, -444.0951232910156, 1305.625], "obj_id": 1}, {"cam_R_m2c": [-0.2711775302886963, -0.9442927837371826, -0.18647798895835876, 0.8053061366081238, -0.3286992311477661, 0.4933953583240509, -0.5272048115730286, -0.01637415960431099, 0.8495804667472839], "cam_t_m2c": [-215.49497985839844, -227.9578857421875, 1450.7960205078125], "obj_id": 1}, {"cam_R_m2c": [0.28912997245788574, -0.6262633800506592, 0.7240151762962341, 0.7164812088012695, 0.6431543231010437, 0.2701984643936157, -0.634868860244751, 0.4406208097934723, 0.6346611380577087], "cam_t_m2c": [17.46756362915039, -216.71347045898438, 1120.7969970703125], "obj_id": 1}, {"cam_R_m2c": [0.7481252551078796, 0.2707744836807251, 0.6057968735694885, 0.013277835212647915, 0.9066613912582397, -0.42165008187294006, -0.6634247303009033, 0.3234907388687134, 0.6747009754180908], "cam_t_m2c": [-35.95057678222656, -329.713134765625, 1153.0030517578125], "obj_id": 1}, {"cam_R_m2c": [0.7935251593589783, 0.12284264713525772, -0.5960096120834351, -0.517097532749176, 0.6524668335914612, -0.5539829134941101, 0.3208237588405609, 0.747794508934021, 0.5812705159187317], "cam_t_m2c": [-74.34748840332031, -274.6497497558594, 1451.693603515625], "obj_id": 1}, {"cam_R_m2c": [0.6877147555351257, 0.7174307107925415, -0.11109260469675064, 0.6760996580123901, -0.5771765112876892, 0.4579917788505554, 0.2644573450088501, -0.3900773823261261, -0.881987452507019], "cam_t_m2c": [-243.7631072998047, -130.46543884277344, 1099.207275390625], "obj_id": 1}, {"cam_R_m2c": [-0.43374350666999817, -0.7697774767875671, -0.46830469369888306, -0.3340015113353729, 0.6200733184814453, -0.7098958492279053, 0.8368450999259949, -0.1514981985092163, -0.526059627532959], "cam_t_m2c": [-22.63736343383789, -66.21961212158203, 1226.70361328125], "obj_id": 1}, {"cam_R_m2c": [-0.9305608868598938, 0.35793939232826233, 0.07704398036003113, -0.17709770798683167, -0.6241983771324158, 0.7609288692474365, 0.3204571604728699, 0.694446325302124, 0.644244909286499], "cam_t_m2c": [-205.8929443359375, -299.01654052734375, 1493.936767578125], "obj_id": 1}, {"cam_R_m2c": [-0.4551877975463867, -0.4679114520549774, 0.7575373649597168, 0.5404595732688904, -0.8213250637054443, -0.1825610250234604, 0.707606852054596, 0.32631880044937134, 0.6267444491386414], "cam_t_m2c": [1.703782320022583, -422.27874755859375, 1115.92333984375], "obj_id": 1}, {"cam_R_m2c": [0.6264063119888306, -0.23734866082668304, 0.7424828410148621, -0.5483792424201965, -0.8111266493797302, 0.2033560425043106, 0.553981363773346, -0.5345456600189209, -0.6382519006729126], "cam_t_m2c": [-146.1376953125, -0.811328649520874, 1268.3924560546875], "obj_id": 1}, {"cam_R_m2c": [0.22842684388160706, -0.2158849537372589, 0.9493233561515808, 0.487812340259552, -0.8184870481491089, -0.30350929498672485, 0.8425320386886597, 0.5324212908744812, -0.08165299147367477], "cam_t_m2c": [-79.39575958251953, -55.4051513671875, 1158.41259765625], "obj_id": 1}, {"cam_R_m2c": [-0.03279690816998482, -0.8936549425125122, -0.4475545287132263, -0.5580068230628967, 0.38787880539894104, -0.7336063981056213, 0.8291879296302795, 0.2256784290075302, -0.5113868117332458], "cam_t_m2c": [-266.60687255859375, -161.24081420898438, 1263.502197265625], "obj_id": 1}, {"cam_R_m2c": [-0.2519332766532898, -0.9635143876075745, -0.09038544446229935, 0.8660770654678345, -0.26615282893180847, 0.423170268535614, -0.43178701400756836, 0.028329944238066673, 0.9015305638313293], "cam_t_m2c": [-112.3794937133789, -87.3324966430664, 1339.8104248046875], "obj_id": 1}, {"cam_R_m2c": [0.46777138113975525, 0.7989950180053711, 0.37788477540016174, -0.8756795525550842, 0.476951539516449, 0.07551493495702744, -0.11989665031433105, -0.36622971296310425, 0.9227678775787354], "cam_t_m2c": [-142.4470977783203, -61.74763488769531, 1203.7540283203125], "obj_id": 1}, {"cam_R_m2c": [-0.5587148070335388, 0.2645414471626282, -0.7860379219055176, 0.654062032699585, -0.4421989619731903, -0.6137287616729736, -0.509941816329956, -0.8570168614387512, 0.07403655350208282], "cam_t_m2c": [45.10235595703125, -289.3147888183594, 1005.2200317382812], "obj_id": 1}, {"cam_R_m2c": [0.10538024455308914, -0.4370681643486023, 0.8932337164878845, -0.6684039831161499, 0.6339382529258728, 0.3890480101108551, -0.7362955212593079, -0.6380389332771301, -0.2253335416316986], "cam_t_m2c": [-67.03776550292969, -371.5650634765625, 1234.337646484375], "obj_id": 1}, {"cam_R_m2c": [0.4663451015949249, 0.27974456548690796, -0.8392051458358765, 0.6378353238105774, 0.5509966015815735, 0.5381159782409668, 0.6129342317581177, -0.7862224578857422, 0.07852360606193542], "cam_t_m2c": [-190.83151245117188, -244.90829467773438, 1184.5008544921875], "obj_id": 1}, {"cam_R_m2c": [0.7578116655349731, -0.1090974435210228, -0.6432877779006958, -0.18707501888275146, 0.9081984162330627, -0.37440434098243713, 0.6250794529914856, 0.40407106280326843, 0.6678339242935181], "cam_t_m2c": [68.02584838867188, -301.2286682128906, 1170.724609375], "obj_id": 1}, {"cam_R_m2c": [0.5503683090209961, -0.7910348773002625, -0.2671303153038025, -0.7949040532112122, -0.5943113565444946, 0.1221538856625557, -0.2553865611553192, 0.14511334896087646, -0.9558869004249573], "cam_t_m2c": [-33.4222526550293, -217.83860778808594, 1028.38037109375], "obj_id": 1}, {"cam_R_m2c": [0.8876309394836426, -0.4346626400947571, -0.15224862098693848, 0.3607920706272125, 0.4507978856563568, 0.8164620995521545, -0.2862522304058075, -0.7796471118927002, 0.5569649934768677], "cam_t_m2c": [115.20021057128906, -282.53875732421875, 1192.7099609375], "obj_id": 1}, {"cam_R_m2c": [-0.17840859293937683, -0.8053133487701416, -0.5653676986694336, -0.9701313972473145, 0.23994669318199158, -0.03564474359154701, 0.16436326503753662, 0.5421216487884521, -0.8240683078765869], "cam_t_m2c": [52.21583938598633, -312.1345520019531, 1199.901123046875], "obj_id": 1}, {"cam_R_m2c": [0.2486042082309723, -0.44051504135131836, 0.862636923789978, -0.9465370774269104, 0.07853657752275467, 0.31288906931877136, -0.2055809050798416, -0.8943033814430237, -0.39743930101394653], "cam_t_m2c": [-166.92552185058594, -94.2488784790039, 1273.5164794921875], "obj_id": 1}, {"cam_R_m2c": [-0.3151450753211975, 0.9474080204963684, -0.05569245666265488, 0.9041926860809326, 0.2819072902202606, -0.32087987661361694, -0.28830406069755554, -0.15148040652275085, -0.9454811215400696], "cam_t_m2c": [-248.62893676757812, -319.3131103515625, 1274.85546875], "obj_id": 1}, {"cam_R_m2c": [-0.39227694272994995, 0.874661386013031, -0.2847561538219452, -0.9198344349861145, -0.37137874960899353, 0.12642109394073486, 0.004823248367756605, 0.31152060627937317, 0.9502271413803101], "cam_t_m2c": [-287.7829895019531, -295.8588562011719, 1156.446533203125], "obj_id": 1}, {"cam_R_m2c": [0.6178813576698303, 0.7524332404136658, 0.2281816303730011, -0.7066293358802795, 0.6586667895317078, -0.2585207521915436, -0.34481528401374817, -0.0015046889893710613, 0.9386693835258484], "cam_t_m2c": [-64.04409790039062, -308.1711120605469, 1221.478759765625], "obj_id": 1}, {"cam_R_m2c": [-0.5425630211830139, -0.4066833257675171, 0.7350060343742371, -0.09742577373981476, -0.8386211395263672, -0.5359315276145935, 0.8343461155891418, -0.36238518357276917, 0.41538354754447937], "cam_t_m2c": [-119.54338073730469, -330.234619140625, 1063.5728759765625], "obj_id": 1}, {"cam_R_m2c": [0.6726159453392029, 0.7073867321014404, 0.2172367125749588, 0.7186263203620911, -0.5543814897537231, -0.41980627179145813, -0.17653335630893707, 0.438480406999588, -0.8812325596809387], "cam_t_m2c": [-104.10977935791016, -27.0712947845459, 1182.6876220703125], "obj_id": 1}, {"cam_R_m2c": [0.40529927611351013, -0.29604971408843994, 0.8649202585220337, 0.7888239026069641, 0.591439962387085, -0.16719934344291687, -0.46204906702041626, 0.7500355243682861, 0.47324126958847046], "cam_t_m2c": [16.759443283081055, -59.51905822753906, 1235.249755859375], "obj_id": 1}, {"cam_R_m2c": [0.7469508051872253, -0.6063876748085022, 0.27268749475479126, 0.15093259513378143, -0.24477706849575043, -0.9577595591545105, 0.6475213170051575, 0.7565566897392273, -0.09131272882223129], "cam_t_m2c": [-250.630615234375, -157.5380096435547, 1251.72900390625], "obj_id": 1}, {"cam_R_m2c": [-0.763645350933075, -0.6444810628890991, -0.038600239902734756, -0.5673421621322632, 0.6983773708343506, -0.43633925914764404, 0.3081699013710022, -0.311308890581131, -0.898953914642334], "cam_t_m2c": [-171.91192626953125, -244.91546630859375, 1031.2607421875], "obj_id": 1}, {"cam_R_m2c": [0.08876962214708328, -0.46444690227508545, -0.8811408281326294, 0.3663284480571747, 0.83785480260849, -0.404725581407547, 0.9262416362762451, -0.28685957193374634, 0.24451614916324615], "cam_t_m2c": [-6.725876331329346, -411.00933837890625, 1178.8359375], "obj_id": 1}, {"cam_R_m2c": [0.07606162130832672, -0.30641549825668335, -0.9488540887832642, -0.9504613876342773, 0.2653612196445465, -0.16188405454158783, 0.3013928234577179, 0.9141623973846436, -0.2710522711277008], "cam_t_m2c": [-156.09361267089844, -82.38538360595703, 1313.83642578125], "obj_id": 1}, {"cam_R_m2c": [0.4722399413585663, 0.6996021270751953, 0.5362333059310913, -0.0013678660616278648, 0.6089207530021667, -0.7932298183441162, -0.8814689517021179, 0.37386128306388855, 0.2885136902332306], "cam_t_m2c": [84.74560546875, -314.42413330078125, 1255.164306640625], "obj_id": 1}, {"cam_R_m2c": [0.2984783947467804, -0.9418152570724487, -0.15457884967327118, -0.8962550759315491, -0.22091421484947205, -0.3846084177494049, 0.3280814290046692, 0.25333938002586365, -0.9100448489189148], "cam_t_m2c": [50.1862907409668, -235.49005126953125, 994.9791259765625], "obj_id": 1}, {"cam_R_m2c": [0.4728318452835083, -0.8509260416030884, -0.2288118600845337, -0.7686081528663635, -0.5252755880355835, 0.36513978242874146, -0.43089625239372253, 0.0032169376499950886, -0.9023957252502441], "cam_t_m2c": [-48.628055572509766, -408.5216064453125, 1156.903564453125], "obj_id": 1}, {"cam_R_m2c": [-0.9698574542999268, 0.12057346850633621, -0.21175074577331543, -0.2288956344127655, -0.15278589725494385, 0.9613860249519348, 0.0835651159286499, 0.9808763265609741, 0.17577940225601196], "cam_t_m2c": [-210.79620361328125, -216.9770965576172, 1300.90185546875], "obj_id": 1}, {"cam_R_m2c": [0.7409567832946777, 0.2834682762622833, 0.6087929010391235, -0.6075938940048218, -0.10314112156629562, 0.7875223755836487, 0.28602921962738037, -0.9534189105033875, 0.09581049531698227], "cam_t_m2c": [-103.3902587890625, -239.42909240722656, 1175.0426025390625], "obj_id": 1}, {"cam_R_m2c": [0.34470367431640625, 0.22278158366680145, 0.9118924140930176, -0.2670038938522339, -0.9080356955528259, 0.32276928424835205, 0.8999379277229309, -0.35473859310150146, -0.2535196840763092], "cam_t_m2c": [-58.361732482910156, -171.94923400878906, 1055.660888671875], "obj_id": 1}, {"cam_R_m2c": [0.9441038370132446, 0.3036731779575348, 0.12825973331928253, -0.3267480731010437, 0.8105632662773132, 0.48602762818336487, 0.0436309315264225, -0.5007691979408264, 0.8644805550575256], "cam_t_m2c": [-185.95855712890625, -169.92352294921875, 1317.6600341796875], "obj_id": 1}, {"cam_R_m2c": [-0.7862451672554016, 0.4829408526420593, 0.3854689300060272, -0.5159879326820374, -0.16992561519145966, -0.8395721912384033, -0.3399626612663269, -0.8590071201324463, 0.3827950656414032], "cam_t_m2c": [-170.3268280029297, -270.62060546875, 1401.1728515625], "obj_id": 1}, {"cam_R_m2c": [0.567506730556488, 0.2913212776184082, -0.7701091170310974, -0.06206721067428589, -0.9175175428390503, -0.39282217621803284, -0.821026086807251, 0.2707277536392212, -0.5026158690452576], "cam_t_m2c": [-33.69186782836914, -244.50584411621094, 1051.0792236328125], "obj_id": 1}, {"cam_R_m2c": [-0.7682377696037292, -0.6317819952964783, 0.10325818508863449, 0.012001629918813705, -0.17548520863056183, -0.9844089150428772, 0.6400521397590637, -0.7550208568572998, 0.1423967480659485], "cam_t_m2c": [46.078983306884766, -309.8992004394531, 1226.7562255859375], "obj_id": 1}, {"cam_R_m2c": [0.6405699253082275, 0.19837623834609985, -0.741833508014679, -0.45948490500450134, -0.6750065684318542, -0.5772689580917358, -0.615259051322937, 0.7106424570083618, -0.34123796224594116], "cam_t_m2c": [-215.01502990722656, -204.14891052246094, 1331.291015625], "obj_id": 1}, {"cam_R_m2c": [0.2453082650899887, 0.7999187707901001, -0.5476803183555603, -0.3898731470108032, 0.5986453890800476, 0.6997303366661072, 0.8875937461853027, 0.04187626391649246, 0.45871955156326294], "cam_t_m2c": [-255.68789672851562, -203.65501403808594, 1032.7845458984375], "obj_id": 1}, {"cam_R_m2c": [-0.7220144867897034, -0.10168441385030746, -0.6843647360801697, 0.6154367327690125, -0.5463310480117798, -0.568119466304779, -0.3161209225654602, -0.8313738107681274, 0.4570395052433014], "cam_t_m2c": [19.950836181640625, -250.9011688232422, 1010.3978881835938], "obj_id": 1}, {"cam_R_m2c": [-0.04646465182304382, -0.7439678311347961, -0.6665979623794556, 0.9825525283813477, -0.1543443650007248, 0.10377059131860733, -0.1800876408815384, -0.6501458883285522, 0.7381590604782104], "cam_t_m2c": [51.29237747192383, -200.67564392089844, 1029.85498046875], "obj_id": 1}, {"cam_R_m2c": [0.08221980929374695, 0.9699776768684387, 0.2288733273744583, -0.46447882056236267, 0.2404797077178955, -0.852307915687561, -0.8817591071128845, -0.03623029217123985, 0.470306396484375], "cam_t_m2c": [-148.68203735351562, -210.59034729003906, 937.7691650390625], "obj_id": 1}, {"cam_R_m2c": [-0.38390710949897766, -0.7806604504585266, 0.49313753843307495, -0.14337219297885895, 0.5779811143875122, 0.8033568859100342, -0.9121731519699097, 0.23771218955516815, -0.3338160812854767], "cam_t_m2c": [-63.44779586791992, -166.36427307128906, 1057.865234375], "obj_id": 1}, {"cam_R_m2c": [0.7142024040222168, 0.5792132616043091, -0.39297181367874146, -0.4715968370437622, 0.8130779266357422, 0.3413219451904297, 0.5172148942947388, -0.058448676019907, 0.8538573980331421], "cam_t_m2c": [-55.182090759277344, -120.5837631225586, 1168.119384765625], "obj_id": 1}, {"cam_R_m2c": [0.5816417336463928, -0.11836811900138855, 0.8047868609428406, -0.811813235282898, -0.021831469610333443, 0.5835089683532715, -0.051499199122190475, -0.9927297830581665, -0.10879091173410416], "cam_t_m2c": [-224.1118621826172, -28.81838035583496, 1292.98583984375], "obj_id": 3}, {"cam_R_m2c": [0.3356177806854248, 0.5044716000556946, 0.7955306768417358, 0.9128612279891968, -0.38259294629096985, -0.14250251650810242, 0.23247598111629486, 0.7740355134010315, -0.5889175534248352], "cam_t_m2c": [9.28473949432373, -174.13037109375, 1361.022216796875], "obj_id": 1}, {"cam_R_m2c": [-0.8606371879577637, 0.354478657245636, -0.36557960510253906, 0.4444553852081299, 0.8732921481132507, -0.1995500773191452, 0.24852155148983002, -0.33422404527664185, -0.9091376066207886], "cam_t_m2c": [-256.4275207519531, -287.2797546386719, 1022.0250854492188], "obj_id": 1}, {"cam_R_m2c": [0.7750610113143921, -0.3511960804462433, 0.5253015160560608, 0.5788993239402771, 0.06141483783721924, -0.8130828142166138, 0.2532902657985687, 0.9342855215072632, 0.25090745091438293], "cam_t_m2c": [-231.2781982421875, -330.007568359375, 1340.580810546875], "obj_id": 1}, {"cam_R_m2c": [-0.7728713154792786, 0.24369704723358154, -0.5859023928642273, -0.507037878036499, 0.31801193952560425, 0.8011122941970825, 0.38155266642570496, 0.9162314534187317, -0.12221865355968475], "cam_t_m2c": [-235.9584197998047, -264.0467834472656, 996.2559814453125], "obj_id": 1}, {"cam_R_m2c": [0.16012310981750488, 0.3154853284358978, 0.9353232383728027, -0.6991938948631287, -0.6326038837432861, 0.3330766558647156, 0.6967699527740479, -0.7073055505752563, 0.11929097771644592], "cam_t_m2c": [-140.73348999023438, -68.68753051757812, 1337.055908203125], "obj_id": 3}, {"cam_R_m2c": [-0.9452061653137207, 0.11659720540046692, 0.3049430847167969, -0.09582344442605972, -0.9919918775558472, 0.0822795182466507, 0.31209462881088257, 0.04855041950941086, 0.9488096833229065], "cam_t_m2c": [-252.8992919921875, -296.17034912109375, 1180.851318359375], "obj_id": 1}, {"cam_R_m2c": [-0.7867075204849243, 0.5605828762054443, 0.25853052735328674, 0.5794884562492371, 0.8149717450141907, -0.003756673773750663, -0.2128010094165802, 0.14686007797718048, -0.965995728969574], "cam_t_m2c": [-173.8678436279297, -429.66412353515625, 1335.9737548828125], "obj_id": 1}, {"cam_R_m2c": [0.002717035822570324, -0.9038138389587402, 0.4279174506664276, 0.9827075004577637, -0.07681424915790558, -0.16848072409629822, 0.1851453185081482, 0.4209754168987274, 0.8879757523536682], "cam_t_m2c": [-96.73831176757812, 24.343046188354492, 1260.889404296875], "obj_id": 1}, {"cam_R_m2c": [-0.26944828033447266, 0.005224085412919521, -0.9630005955696106, 0.5655720233917236, 0.8102207779884338, -0.15385222434997559, 0.779439389705658, -0.5861014723777771, -0.22126717865467072], "cam_t_m2c": [114.42462921142578, -308.8081970214844, 1195.9366455078125], "obj_id": 3}, {"cam_R_m2c": [-0.7852165102958679, -0.46391189098358154, 0.41014716029167175, 0.5311919450759888, -0.16424433887004852, 0.8311792016029358, -0.3182295858860016, 0.8705225586891174, 0.37539365887641907], "cam_t_m2c": [-74.46316528320312, -375.2354736328125, 1125.77490234375], "obj_id": 1}, {"cam_R_m2c": [0.4473671317100525, 0.8243363499641418, -0.3468891680240631, 0.21966448426246643, 0.2747085690498352, 0.936099648475647, 0.866954505443573, -0.4949794113636017, -0.058181822299957275], "cam_t_m2c": [6.888046741485596, 57.633331298828125, 1219.2454833984375], "obj_id": 1}, {"cam_R_m2c": [0.5655005574226379, -0.2332189530134201, 0.7910866141319275, -0.3015376329421997, -0.9512438178062439, -0.06488347798585892, 0.767648458480835, -0.2018507570028305, -0.6082531213760376], "cam_t_m2c": [-26.452999114990234, -115.9736099243164, 1289.656982421875], "obj_id": 3}, {"cam_R_m2c": [-0.8750031590461731, -0.34753867983818054, 0.3370252847671509, -0.3550264537334442, 0.9339419007301331, 0.041337016969919205, -0.329128235578537, -0.08348287642002106, -0.9405875205993652], "cam_t_m2c": [-265.81451416015625, -330.36492919921875, 1063.53125], "obj_id": 1}, {"cam_R_m2c": [-0.7848632335662842, 0.3344540596008301, -0.5216608643531799, -0.4381124675273895, 0.295850545167923, 0.8488402962684631, 0.4382317364215851, 0.8947697281837463, -0.08567367494106293], "cam_t_m2c": [-189.14865112304688, -369.40374755859375, 1157.6016845703125], "obj_id": 3}, {"cam_R_m2c": [-0.04383852332830429, -0.9137781858444214, -0.4038408696651459, 0.13897843658924103, 0.39472106099128723, -0.9082291126251221, 0.9893245100975037, -0.09594068676233292, 0.10969153791666031], "cam_t_m2c": [-245.568603515625, -89.62093353271484, 1308.9349365234375], "obj_id": 3}, {"cam_R_m2c": [-0.9180551767349243, 0.2353038489818573, 0.31907159090042114, 0.3524981439113617, 0.8528029918670654, 0.38532084226608276, -0.18143773078918457, 0.466217964887619, -0.8658643364906311], "cam_t_m2c": [-131.31182861328125, -168.9114532470703, 1224.34228515625], "obj_id": 3}, {"cam_R_m2c": [0.3885467052459717, 0.634940505027771, -0.6677439212799072, 0.9214285016059875, -0.2685181498527527, 0.28083357214927673, -0.000988756655715406, -0.7243952751159668, -0.6893841028213501], "cam_t_m2c": [-230.9613494873047, -30.05893898010254, 1287.25439453125], "obj_id": 3}, {"cam_R_m2c": [0.17260392010211945, 0.6846402883529663, 0.7081493735313416, 0.4258972108364105, -0.7001338601112366, 0.5730829834938049, 0.8881550431251526, 0.2026824951171875, -0.4124321937561035], "cam_t_m2c": [-86.750244140625, -153.2222442626953, 1072.534912109375], "obj_id": 1}, {"cam_R_m2c": [-0.6373891234397888, -0.7139350175857544, -0.2898823618888855, 0.6926422119140625, -0.6956935524940491, 0.19041311740875244, -0.3376119136810303, -0.07941751182079315, 0.9379291534423828], "cam_t_m2c": [23.848377227783203, -39.9206428527832, 1286.9888916015625], "obj_id": 3}, {"cam_R_m2c": [0.1481381505727768, 0.6517404317855835, 0.7438342571258545, 0.2625925540924072, -0.7510562539100647, 0.6057718396186829, 0.9534674286842346, 0.10558745265007019, -0.2824022173881531], "cam_t_m2c": [-78.58180236816406, -298.0948181152344, 1299.8468017578125], "obj_id": 3}, {"cam_R_m2c": [-0.6918691992759705, 0.10010969638824463, -0.7150489091873169, 0.5614774227142334, 0.6972296833992004, -0.44566112756729126, 0.4539383351802826, -0.7098230719566345, -0.5386011004447937], "cam_t_m2c": [20.58826446533203, -90.10664367675781, 1179.63671875], "obj_id": 3}, {"cam_R_m2c": [-0.15787877142429352, -0.10337167233228683, 0.9820328950881958, 0.9837243556976318, 0.06994181871414185, 0.16551296412944794, -0.08579454571008682, 0.9921807050704956, 0.09064686298370361], "cam_t_m2c": [-205.93704223632812, -204.36721801757812, 1028.11669921875], "obj_id": 1}, {"cam_R_m2c": [-0.7450417280197144, 0.4718490242958069, 0.4714565575122833, 0.3531801998615265, -0.3205350339412689, 0.8789317607879639, 0.5658414363861084, 0.8213499784469604, 0.07216425985097885], "cam_t_m2c": [-23.077669143676758, -112.94364929199219, 954.9535522460938], "obj_id": 3}, {"cam_R_m2c": [0.49246934056282043, 0.2865731120109558, -0.821796715259552, -0.5569305419921875, 0.8293642997741699, -0.044533781707286835, 0.6688066720962524, 0.479615181684494, 0.5680378079414368], "cam_t_m2c": [-208.75160217285156, -146.50726318359375, 1258.7489013671875], "obj_id": 3}, {"cam_R_m2c": [0.7417674660682678, 0.14469724893569946, 0.654861569404602, 0.3241611123085022, -0.9321646094322205, -0.16121046245098114, 0.5871120691299438, 0.33186134696006775, -0.7383546233177185], "cam_t_m2c": [-60.69892120361328, -314.3057861328125, 1238.537353515625], "obj_id": 1}, {"cam_R_m2c": [-0.250821977853775, 0.8694159388542175, -0.4256807565689087, -0.492093563079834, 0.2641676068305969, 0.8294934034347534, 0.833625853061676, 0.41753000020980835, 0.36157503724098206], "cam_t_m2c": [-37.83632278442383, -80.91210174560547, 1083.2701416015625], "obj_id": 1}, {"cam_R_m2c": [0.8855171799659729, -0.45761168003082275, -0.08031757175922394, -0.31483644247055054, -0.4638991951942444, -0.8280553221702576, 0.3416685461997986, 0.7585440874099731, -0.5548635125160217], "cam_t_m2c": [-117.80609130859375, -151.57627868652344, 964.6544799804688], "obj_id": 1}, {"cam_R_m2c": [-0.430044025182724, 0.7692574858665466, -0.47255170345306396, 0.796398937702179, 0.5697702169418335, 0.2027575671672821, 0.4252186715602875, -0.28914499282836914, -0.8576621413230896], "cam_t_m2c": [-149.93223571777344, -251.67486572265625, 1446.9315185546875], "obj_id": 1}, {"cam_R_m2c": [-0.3812108337879181, 0.021451648324728012, -0.9242392778396606, 0.6375607848167419, 0.7300609350204468, -0.24602292478084564, 0.66947340965271, -0.6830452680587769, -0.29198387265205383], "cam_t_m2c": [-34.111724853515625, -149.38720703125, 907.7128295898438], "obj_id": 1}, {"cam_R_m2c": [0.7239024043083191, -0.31908607482910156, -0.6116774678230286, -0.2609133720397949, -0.9473862648010254, 0.185427725315094, -0.6386622786521912, 0.025363245978951454, -0.7690690159797668], "cam_t_m2c": [-199.58473205566406, -142.34136962890625, 1315.08203125], "obj_id": 3}, {"cam_R_m2c": [-0.3500278890132904, 0.5551400184631348, 0.7545197010040283, 0.9367307424545288, 0.21086682379245758, 0.279411256313324, -0.0039907838217914104, 0.8045835494995117, -0.5938259959220886], "cam_t_m2c": [-235.53976440429688, -151.30914306640625, 1170.1153564453125], "obj_id": 3}, {"cam_R_m2c": [-0.5317813158035278, -0.052509553730487823, -0.845252275466919, 0.7893703579902649, 0.330795556306839, -0.5171738266944885, 0.3067622780799866, -0.9422404170036316, -0.1344614028930664], "cam_t_m2c": [-132.9676513671875, -320.9002380371094, 1191.232421875], "obj_id": 3}, {"cam_R_m2c": [0.8895953297615051, -0.15659812092781067, 0.42906543612480164, 0.4215414524078369, 0.6431560516357422, -0.6392597556114197, -0.17584913969039917, 0.7495513558387756, 0.6381612420082092], "cam_t_m2c": [-232.4927215576172, -368.1219787597656, 1276.797607421875], "obj_id": 1}, {"cam_R_m2c": [-0.8481294512748718, -0.019466299563646317, 0.529431164264679, -0.5280001163482666, 0.11310894042253494, -0.8416782021522522, -0.04349902644753456, -0.9933918714523315, -0.10620918869972229], "cam_t_m2c": [-98.89665222167969, -133.42713928222656, 1174.00048828125], "obj_id": 3}, {"cam_R_m2c": [0.7597571015357971, 0.015157072804868221, 0.6500303149223328, -0.6060121655464172, -0.3457764983177185, 0.7163711786270142, 0.2356233447790146, -0.9381943941116333, -0.25352075695991516], "cam_t_m2c": [-76.02818298339844, -374.2933654785156, 1212.11669921875], "obj_id": 1}, {"cam_R_m2c": [-0.9908996820449829, -0.006899151019752026, -0.13442446291446686, -0.1313636749982834, -0.16815820336341858, 0.9769678711891174, -0.029344836249947548, 0.9857357740402222, 0.16572175920009613], "cam_t_m2c": [-114.61856079101562, -394.8057556152344, 1114.765625], "obj_id": 1}, {"cam_R_m2c": [-0.8063098192214966, -0.5604090094566345, 0.18922534584999084, -0.07976536452770233, 0.42000892758369446, 0.9040077328681946, -0.5860904455184937, 0.7138166427612305, -0.38335853815078735], "cam_t_m2c": [-16.046241760253906, -173.48214721679688, 1236.723876953125], "obj_id": 3}, {"cam_R_m2c": [-0.7402521967887878, 0.5419544577598572, 0.39788442850112915, -0.21534045040607452, 0.36950454115867615, -0.9039329886436462, -0.636910617351532, -0.7548190355300903, -0.1568218320608139], "cam_t_m2c": [-275.0010070800781, -2.4203882217407227, 1240.82666015625], "obj_id": 3}, {"cam_R_m2c": [0.8073067665100098, -0.4664991497993469, -0.36143365502357483, -0.5226823687553406, -0.2808992862701416, -0.8049215078353882, 0.27396872639656067, 0.8387336134910583, -0.470602810382843], "cam_t_m2c": [-42.77008819580078, 81.33338928222656, 1202.2601318359375], "obj_id": 3}, {"cam_R_m2c": [-0.3531891703605652, -0.922298789024353, 0.1569153517484665, 0.9296619296073914, -0.32720258831977844, 0.16931398212909698, -0.10481496900320053, 0.2056780755519867, 0.9729903936386108], "cam_t_m2c": [-17.325571060180664, -391.6492614746094, 1119.2952880859375], "obj_id": 1}, {"cam_R_m2c": [0.7691906094551086, 0.1522596776485443, -0.6206148266792297, -0.6387006044387817, 0.2138568013906479, -0.739139199256897, 0.020181600004434586, 0.96492600440979, 0.26174500584602356], "cam_t_m2c": [46.22128677368164, -76.58544921875, 1271.2083740234375], "obj_id": 1}, {"cam_R_m2c": [-0.5564549565315247, 0.4873083829879761, 0.6729696393013, -0.48468369245529175, 0.46748611330986023, -0.7392823100090027, -0.6748624444007874, -0.7375548481941223, -0.023944439366459846], "cam_t_m2c": [70.87704467773438, -69.3753433227539, 1268.957275390625], "obj_id": 3}, {"cam_R_m2c": [0.44420111179351807, -0.1552940160036087, 0.8823656439781189, -0.29620614647865295, -0.9549359679222107, -0.018949905410408974, 0.8455455303192139, -0.25294455885887146, -0.4701826572418213], "cam_t_m2c": [-180.5792236328125, -121.31218719482422, 1198.8043212890625], "obj_id": 3}, {"cam_R_m2c": [0.04021306335926056, 0.975969135761261, -0.21416610479354858, 0.028811926022171974, 0.21311776340007782, 0.9766016006469727, 0.9987756609916687, -0.045442674309015274, -0.019549425691366196], "cam_t_m2c": [-208.88389587402344, -260.6179504394531, 1483.9256591796875], "obj_id": 3}, {"cam_R_m2c": [-0.17689256370067596, -0.06555955111980438, -0.9820441603660583, 0.9186587929725647, -0.3690951466560364, -0.14083510637283325, -0.35323479771614075, -0.9270762801170349, 0.12551721930503845], "cam_t_m2c": [-235.6548309326172, -103.26648712158203, 1354.177490234375], "obj_id": 3}, {"cam_R_m2c": [0.6699514389038086, -0.34325745701789856, 0.6582851409912109, 0.40285664796829224, 0.9128791093826294, 0.0660172551870346, -0.623595654964447, 0.22096623480319977, 0.7498682141304016], "cam_t_m2c": [44.28187942504883, -360.1259765625, 1191.3773193359375], "obj_id": 3}, {"cam_R_m2c": [0.1120939627289772, 0.9817913174629211, 0.1533646583557129, -0.9801028966903687, 0.08379360288381577, 0.1799357682466507, 0.16380839049816132, -0.17048287391662598, 0.9716493487358093], "cam_t_m2c": [-114.35880279541016, -238.49436950683594, 1294.203125], "obj_id": 3}, {"cam_R_m2c": [-0.7719181180000305, -0.6070176959037781, 0.18887025117874146, -0.49467501044273376, 0.38692614436149597, -0.7781932950019836, 0.3992982506752014, -0.6941308975219727, -0.5989518165588379], "cam_t_m2c": [-56.873138427734375, -380.71221923828125, 1081.761962890625], "obj_id": 3}, {"cam_R_m2c": [-0.664868950843811, -0.41548579931259155, 0.6207419037818909, 0.6686499714851379, 0.039369598031044006, 0.7425342202186584, -0.33295077085494995, 0.9087471961975098, 0.25163909792900085], "cam_t_m2c": [10.268298149108887, -175.1632843017578, 1379.707275390625], "obj_id": 1}, {"cam_R_m2c": [-0.002263688249513507, -0.232426255941391, 0.9726113080978394, -0.9366477727890015, -0.34018072485923767, -0.08347354084253311, 0.35026517510414124, -0.91118323802948, -0.21693135797977448], "cam_t_m2c": [82.00772857666016, -318.5421142578125, 1072.1768798828125], "obj_id": 3}, {"cam_R_m2c": [0.8222941756248474, 0.3637380301952362, -0.43763789534568787, -0.33300870656967163, 0.931196391582489, 0.14825138449668884, 0.4614515006542206, 0.023830963298678398, 0.8868452906608582], "cam_t_m2c": [-117.36073303222656, -291.6939392089844, 1245.2301025390625], "obj_id": 1}, {"cam_R_m2c": [0.38008323311805725, -0.4387841522693634, 0.8142513036727905, -0.8478825092315674, 0.1865176558494568, 0.4962926506996155, -0.3696376085281372, -0.8790220022201538, -0.30114519596099854], "cam_t_m2c": [-237.4163818359375, -125.60245513916016, 1345.61669921875], "obj_id": 3}, {"cam_R_m2c": [-0.08037029951810837, -0.18197746574878693, -0.9800125956535339, 0.35386013984680176, -0.924359917640686, 0.14262348413467407, -0.9318387508392334, -0.3353247046470642, 0.13868583738803864], "cam_t_m2c": [-248.4988555908203, -305.47052001953125, 1109.0072021484375], "obj_id": 3}, {"cam_R_m2c": [-0.318152517080307, 0.8189629912376404, -0.4775758981704712, -0.1266472488641739, 0.46252086758613586, 0.8775163888931274, 0.9395422339439392, 0.3396676182746887, -0.043432820588350296], "cam_t_m2c": [-209.8583984375, -314.52435302734375, 1087.3350830078125], "obj_id": 1}, {"cam_R_m2c": [-0.9128578305244446, -0.033255476504564285, 0.40692082047462463, -0.22750408947467804, -0.7861667275428772, -0.5746160745620728, 0.33901