{
  "0": [{"cam_R_m2c": [-0.11805040389299393, -0.9816153645515442, -0.14998462796211243, -0.5415575504302979, 0.1902441829442978, -0.8188544511795044, 0.8323338031768799, -0.015440762042999268, -0.554059624671936], "cam_t_m2c": [-71.13023376464844, 39.95469284057617, 486.1192321777344], "obj_id": 3}, {"cam_R_m2c": [-0.11805040389299393, -0.9816153645515442, -0.14998462796211243, -0.5415575504302979, 0.1902441829442978, -0.8188544511795044, 0.8323338031768799, -0.015440762042999268, -0.554059624671936], "cam_t_m2c": [-71.13023376464844, 39.95469284057617, 486.1192321777344], "obj_id": 1}, {"cam_R_m2c": [-0.11805040389299393, -0.9816153645515442, -0.14998462796211243, -0.5415575504302979, 0.1902441829442978, -0.8188544511795044, 0.8323338031768799, -0.015440762042999268, -0.554059624671936], "cam_t_m2c": [-71.13023376464844, 39.95469284057617, 486.1192321777344], "obj_id": 3}, {"cam_R_m2c": [-0.11805040389299393, -0.9816153645515442, -0.14998462796211243, -0.5415575504302979, 0.1902441829442978, -0.8188544511795044, 0.8323338031768799, -0.015440762042999268, -0.554059624671936], "cam_t_m2c": [-71.13023376464844, 39.95469284057617, 486.1192321777344], "obj_id": 0}, {"cam_R_m2c": [-0.11805040389299393, -0.9816153645515442, -0.14998462796211243, -0.5415575504302979, 0.1902441829442978, -0.8188544511795044, 0.8323338031768799, -0.015440762042999268, -0.554059624671936], "cam_t_m2c": [-71.13023376464844, 39.95469284057617, 486.1192321777344], "obj_id": 3}, {"cam_R_m2c": [-0.11805040389299393, -0.9816153645515442, -0.14998462796211243, -0.5415575504302979, 0.1902441829442978, -0.8188544511795044, 0.8323338031768799, -0.015440762042999268, -0.554059624671936], "cam_t_m2c": [-71.13023376464844, 39.95469284057617, 486.1192321777344], "obj_id": 0}, {"cam_R_m2c": [-0.11805040389299393, -0.9816153645515442, -0.14998462796211243, -0.5415575504302979, 0.1902441829442978, -0.8188544511795044, 0.8323338031768799, -0.015440762042999268, -0.554059624671936], "cam_t_m2c": [-71.13023376464844, 39.95469284057617, 486.1192321777344], "obj_id": 3}, {"cam_R_m2c": [-0.11805040389299393, -0.9816153645515442, -0.14998462796211243, -0.5415575504302979, 0.1902441829442978, -0.8188544511795044, 0.8323338031768799, -0.015440762042999268, -0.554059624671936], "cam_t_m2c": [-71.13023376464844, 39.95469284057617, 486.1192321777344], "obj_id": 2}, {"cam_R_m2c": [-0.11805040389299393, -0.9816153645515442, -0.14998462796211243, -0.5415575504302979, 0.1902441829442978, -0.8188544511795044, 0.8323338031768799, -0.015440762042999268, -0.554059624671936], "cam_t_m2c": [-71.13023376464844, 39.95469284057617, 486.1192321777344], "obj_id": 0}, {"cam_R_m2c": [-0.11805040389299393, -0.9816153645515442, -0.14998462796211243, -0.5415575504302979, 0.1902441829442978, -0.8188544511795044, 0.8323338031768799, -0.015440762042999268, -0.554059624671936], "cam_t_m2c": [-71.13023376464844, 39.95469284057617, 486.1192321777344], "obj_id": 0}, {"cam_R_m2c": [-0.11805040389299393, -0.9816153645515442, -0.14998462796211243, -0.5415575504302979, 0.1902441829442978, -0.8188544511795044, 0.8323338031768799, -0.015440762042999268, -0.554059624671936], "cam_t_m2c": [-71.13023376464844, 39.95469284057617, 486.1192321777344], "obj_id": 0}, {"cam_R_m2c": [-0.11805040389299393, -0.9816153645515442, -0.14998462796211243, -0.5415575504302979, 0.1902441829442978, -0.8188544511795044, 0.8323338031768799, -0.015440762042999268, -0.554059624671936], "cam_t_m2c": [-71.13023376464844, 39.95469284057617, 486.1192321777344], "obj_id": 1}, {"cam_R_m2c": [0.3017279803752899, -0.7395564317703247, 0.6016780734062195, 0.1626540571451187, 0.6617692112922668, 0.7318505048751831, -0.939416766166687, -0.12295439839363098, 0.3199661374092102], "cam_t_m2c": [10.297232627868652, -29.92608642578125, 522.5999145507812], "obj_id": 1}, {"cam_R_m2c": [-0.19992348551750183, -0.2532212734222412, -0.946524977684021, -0.9765421748161316, -0.02735409513115883, 0.2135816514492035, -0.07997477054595947, 0.9670215845108032, -0.24181249737739563], "cam_t_m2c": [84.05860137939453, -152.0198516845703, 669.885009765625], "obj_id": 2}, {"cam_R_m2c": [0.18864943087100983, -0.24311327934265137, 0.9514762759208679, 0.8023988008499146, -0.5204340815544128, -0.2920686900615692, 0.5661866664886475, 0.8185620903968811, 0.09689442813396454], "cam_t_m2c": [-49.27610397338867, -12.98332405090332, 545.5618286132812], "obj_id": 3}, {"cam_R_m2c": [-0.48589855432510376, -0.87017422914505, -0.08184842765331268, -0.21985703706741333, 0.21232521533966064, -0.9521453380584717, 0.8459108471870422, -0.44465121626853943, -0.2944823205471039], "cam_t_m2c": [-348.419921875, -48.34432601928711, 580.8896484375], "obj_id": 4}],
  "1": [{"cam_R_m2c": [-0.6969906091690063, 0.7040408849716187, -0.1361256241798401, 0.5395289659500122, 0.38983315229415894, -0.7462831139564514, -0.472347617149353, -0.5935961604118347, -0.6515604257583618], "cam_t_m2c": [79.5523452758789, 19.032960891723633, 408.20721435546875], "obj_id": 3}, {"cam_R_m2c": [-0.6969906091690063, 0.7040408849716187, -0.1361256241798401, 0.5395289659500122, 0.38983315229415894, -0.7462831139564514, -0.472347617149353, -0.5935961604118347, -0.6515604257583618], "cam_t_m2c": [79.5523452758789, 19.032960891723633, 408.20721435546875], "obj_id": 1}, {"cam_R_m2c": [-0.6969906091690063, 0.7040408849716187, -0.1361256241798401, 0.5395289659500122, 0.38983315229415894, -0.7462831139564514, -0.472347617149353, -0.5935961604118347, -0.6515604257583618], "cam_t_m2c": [79.5523452758789, 19.032960891723633, 408.20721435546875], "obj_id": 3}, {"cam_R_m2c": [-0.6969906091690063, 0.7040408849716187, -0.1361256241798401, 0.5395289659500122, 0.38983315229415894, -0.7462831139564514, -0.472347617149353, -0.5935961604118347, -0.6515604257583618], "cam_t_m2c": [79.5523452758789, 19.032960891723633, 408.20721435546875], "obj_id": 0}, {"cam_R_m2c": [-0.6969906091690063, 0.7040408849716187, -0.1361256241798401, 0.5395289659500122, 0.38983315229415894, -0.7462831139564514, -0.472347617149353, -0.5935961604118347, -0.6515604257583618], "cam_t_m2c": [79.5523452758789, 19.032960891723633, 408.20721435546875], "obj_id": 3}, {"cam_R_m2c": [-0.6969906091690063, 0.7040408849716187, -0.1361256241798401, 0.5395289659500122, 0.38983315229415894, -0.7462831139564514, -0.472347617149353, -0.5935961604118347, -0.6515604257583618], "cam_t_m2c": [79.5523452758789, 19.032960891723633, 408.20721435546875], "obj_id": 0}, {"cam_R_m2c": [-0.6969906091690063, 0.7040408849716187, -0.1361256241798401, 0.5395289659500122, 0.38983315229415894, -0.7462831139564514, -0.472347617149353, -0.5935961604118347, -0.6515604257583618], "cam_t_m2c": [79.5523452758789, 19.032960891723633, 408.20721435546875], "obj_id": 3}, {"cam_R_m2c": [-0.6969906091690063, 0.7040408849716187, -0.1361256241798401, 0.5395289659500122, 0.38983315229415894, -0.7462831139564514, -0.472347617149353, -0.5935961604118347, -0.6515604257583618], "cam_t_m2c": [79.5523452758789, 19.032960891723633, 408.20721435546875], "obj_id": 2}, {"cam_R_m2c": [-0.6969906091690063, 0.7040408849716187, -0.1361256241798401, 0.5395289659500122, 0.38983315229415894, -0.7462831139564514, -0.472347617149353, -0.5935961604118347, -0.6515604257583618], "cam_t_m2c": [79.5523452758789, 19.032960891723633, 408.20721435546875], "obj_id": 0}, {"cam_R_m2c": [-0.6969906091690063, 0.7040408849716187, -0.1361256241798401, 0.5395289659500122, 0.38983315229415894, -0.7462831139564514, -0.472347617149353, -0.5935961604118347, -0.6515604257583618], "cam_t_m2c": [79.5523452758789, 19.032960891723633, 408.20721435546875], "obj_id": 0}, {"cam_R_m2c": [-0.6969906091690063, 0.7040408849716187, -0.1361256241798401, 0.5395289659500122, 0.38983315229415894, -0.7462831139564514, -0.472347617149353, -0.5935961604118347, -0.6515604257583618], "cam_t_m2c": [79.5523452758789, 19.032960891723633, 408.20721435546875], "obj_id": 0}, {"cam_R_m2c": [-0.6969906091690063, 0.7040408849716187, -0.1361256241798401, 0.5395289659500122, 0.38983315229415894, -0.7462831139564514, -0.472347617149353, -0.5935961604118347, -0.6515604257583618], "cam_t_m2c": [79.5523452758789, 19.032960891723633, 408.20721435546875], "obj_id": 1}, {"cam_R_m2c": [0.4081178307533264, 0.9107425212860107, -0.06314925104379654, -0.8416133522987366, 0.4021375775337219, 0.36051666736602783, 0.35373255610466003, -0.09398601949214935, 0.9306126236915588], "cam_t_m2c": [-30.694730758666992, -4.419982433319092, 420.045166015625], "obj_id": 1}, {"cam_R_m2c": [-0.4493880569934845, -0.36661770939826965, 0.8146421313285828, -0.3854953944683075, 0.9022188782691956, 0.19337619841098785, -0.8058806657791138, -0.22713984549045563, -0.5467758178710938], "cam_t_m2c": [-226.08123779296875, 49.075050354003906, 388.37579345703125], "obj_id": 2}, {"cam_R_m2c": [0.0968729704618454, -0.6031466126441956, -0.7917258739471436, 0.7372717261314392, 0.577860414981842, -0.35001111030578613, 0.6686150431632996, -0.5498104691505432, 0.5006619691848755], "cam_t_m2c": [3.0726726055145264, 41.83039093017578, 387.1217041015625], "obj_id": 3}, {"cam_R_m2c": [-0.2871719002723694, 0.8735138177871704, -0.3930721580982208, 0.8006290197372437, -0.006389801390469074, -0.5991262197494507, -0.5258567929267883, -0.4867572486400604, -0.6975255012512207], "cam_t_m2c": [138.84959411621094, 158.23202514648438, 142.17120361328125], "obj_id": 4}],
  "2": [{"cam_R_m2c": [-0.6969906091690063, 0.7040408849716187, -0.1361256241798401, 0.5395289659500122, 0.38983315229415894, -0.7462831139564514, -0.472347617149353, -0.5935961604118347, -0.6515604257583618], "cam_t_m2c": [79.5523452758789, 19.032960891723633, 408.20721435546875], "obj_id": 3}, {"cam_R_m2c": [-0.6969906091690063, 0.7040408849716187, -0.1361256241798401, 0.5395289659500122, 0.38983315229415894, -0.7462831139564514, -0.472347617149353, -0.5935961604118347, -0.6515604257583618], "cam_t_m2c": [79.5523452758789, 19.032960891723633, 408.20721435546875], "obj_id": 1}, {"cam_R_m2c": [-0.6969906091690063, 0.7040408849716187, -0.1361256241798401, 0.5395289659500122, 0.38983315229415894, -0.7462831139564514, -0.472347617149353, -0.5935961604118347, -0.6515604257583618], "cam_t_m2c": [79.5523452758789, 19.032960891723633, 408.20721435546875], "obj_id": 3}, {"cam_R_m2c": [-0.6969906091690063, 0.7040408849716187, -0.1361256241798401, 0.5395289659500122, 0.38983315229415894, -0.7462831139564514, -0.472347617149353, -0.5935961604118347, -0.6515604257583618], "cam_t_m2c": [79.5523452758789, 19.032960891723633, 408.20721435546875], "obj_id": 0}, {"cam_R_m2c": [-0.6969906091690063, 0.7040408849716187, -0.1361256241798401, 0.5395289659500122, 0.38983315229415894, -0.7462831139564514, -0.472347617149353, -0.5935961604118347, -0.6515604257583618], "cam_t_m2c": [79.5523452758789, 19.032960891723633, 408.20721435546875], "obj_id": 3}, {"cam_R_m2c": [-0.6969906091690063, 0.7040408849716187, -0.1361256241798401, 0.5395289659500122, 0.38983315229415894, -0.7462831139564514, -0.472347617149353, -0.5935961604118347, -0.6515604257583618], "cam_t_m2c": [79.5523452758789, 19.032960891723633, 408.20721435546875], "obj_id": 0}, {"cam_R_m2c": [-0.6969906091690063, 0.7040408849716187, -0.1361256241798401, 0.5395289659500122, 0.38983315229415894, -0.7462831139564514, -0.472347617149353, -0.5935961604118347, -0.6515604257583618], "cam_t_m2c": [79.5523452758789, 19.032960891723633, 408.20721435546875], "obj_id": 3}, {"cam_R_m2c": [-0.6969906091690063, 0.7040408849716187, -0.1361256241798401, 0.5395289659500122, 0.38983315229415894, -0.7462831139564514, -0.472347617149353, -0.5935961604118347, -0.6515604257583618], "cam_t_m2c": [79.5523452758789, 19.032960891723633, 408.20721435546875], "obj_id": 2}, {"cam_R_m2c": [-0.6969906091690063, 0.7040408849716187, -0.1361256241798401, 0.5395289659500122, 0.38983315229415894, -0.7462831139564514, -0.472347617149353, -0.5935961604118347, -0.6515604257583618], "cam_t_m2c": [79.5523452758789, 19.032960891723633, 408.20721435546875], "obj_id": 0}, {"cam_R_m2c": [-0.6969906091690063, 0.7040408849716187, -0.1361256241798401, 0.5395289659500122, 0.38983315229415894, -0.7462831139564514, -0.472347617149353, -0.5935961604118347, -0.6515604257583618], "cam_t_m2c": [79.5523452758789, 19.032960891723633, 408.20721435546875], "obj_id": 0}, {"cam_R_m2c": [-0.6969906091690063, 0.7040408849716187, -0.1361256241798401, 0.5395289659500122, 0.38983315229415894, -0.7462831139564514, -0.472347617149353, -0.5935961604118347, -0.6515604257583618], "cam_t_m2c": [79.5523452758789, 19.032960891723633, 408.20721435546875], "obj_id": 0}, {"cam_R_m2c": [-0.6969906091690063, 0.7040408849716187, -0.1361256241798401, 0.5395289659500122, 0.38983315229415894, -0.7462831139564514, -0.472347617149353, -0.5935961604118347, -0.6515604257583618], "cam_t_m2c": [79.5523452758789, 19.032960891723633, 408.20721435546875], "obj_id": 1}, {"cam_R_m2c": [0.4081178307533264, 0.9107425212860107, -0.06314925104379654, -0.8416133522987366, 0.4021375775337219, 0.36051666736602783, 0.35373255610466003, -0.09398601949214935, 0.9306126236915588], "cam_t_m2c": [-30.694730758666992, -4.419982433319092, 420.045166015625], "obj_id": 1}, {"cam_R_m2c": [-0.4493880569934845, -0.36661770939826965, 0.8146421313285828, -0.3854953944683075, 0.9022188782691956, 0.19337619841098785, -0.8058806657791138, -0.22713984549045563, -0.5467758178710938], "cam_t_m2c": [-226.08123779296875, 49.075050354003906, 388.37579345703125], "obj_id": 2}, {"cam_R_m2c": [0.0968729704618454, -0.6031466126441956, -0.7917258739471436, 0.7372717261314392, 0.577860414981842, -0.35001111030578613, 0.6686150431632996, -0.5498104691505432, 0.5006619691848755], "cam_t_m2c": [3.0726726055145264, 41.83039093017578, 387.1217041015625], "obj_id": 3}, {"cam_R_m2c": [-0.2871719002723694, 0.8735138177871704, -0.3930721580982208, 0.8006290197372437, -0.006389801390469074, -0.5991262197494507, -0.5258567929267883, -0.4867572486400604, -0.6975255012512207], "cam_t_m2c": [138.84959411621094, 158.23202514648438, 142.17120361328125], "obj_id": 4}],
  "3": [{"cam_R_m2c": [0.7917144298553467, -0.5628087520599365, -0.23755964636802673, -0.3527790307998657, -0.10373761504888535, -0.9299384951591492, 0.49873363971710205, 0.8200517892837524, -0.2806777060031891], "cam_t_m2c": [-66.94677734375, 14.08214282989502, 537.4435424804688], "obj_id": 3}, {"cam_R_m2c": [0.7917144298553467, -0.5628087520599365, -0.23755964636802673, -0.3527790307998657, -0.10373761504888535, -0.9299384951591492, 0.49873363971710205, 0.8200517892837524, -0.2806777060031891], "cam_t_m2c": [-66.94677734375, 14.08214282989502, 537.4435424804688], "obj_id": 1}, {"cam_R_m2c": [0.7917144298553467, -0.5628087520599365, -0.23755964636802673, -0.3527790307998657, -0.10373761504888535, -0.9299384951591492, 0.49873363971710205, 0.8200517892837524, -0.2806777060031891], "cam_t_m2c": [-66.94677734375, 14.08214282989502, 537.4435424804688], "obj_id": 3}, {"cam_R_m2c": [0.7917144298553467, -0.5628087520599365, -0.23755964636802673, -0.3527790307998657, -0.10373761504888535, -0.9299384951591492, 0.49873363971710205, 0.8200517892837524, -0.2806777060031891], "cam_t_m2c": [-66.94677734375, 14.08214282989502, 537.4435424804688], "obj_id": 0}, {"cam_R_m2c": [0.7917144298553467, -0.5628087520599365, -0.23755964636802673, -0.3527790307998657, -0.10373761504888535, -0.9299384951591492, 0.49873363971710205, 0.8200517892837524, -0.2806777060031891], "cam_t_m2c": [-66.94677734375, 14.08214282989502, 537.4435424804688], "obj_id": 3}, {"cam_R_m2c": [0.7917144298553467, -0.5628087520599365, -0.23755964636802673, -0.3527790307998657, -0.10373761504888535, -0.9299384951591492, 0.49873363971710205, 0.8200517892837524, -0.2806777060031891], "cam_t_m2c": [-66.94677734375, 14.08214282989502, 537.4435424804688], "obj_id": 0}, {"cam_R_m2c": [0.7917144298553467, -0.5628087520599365, -0.23755964636802673, -0.3527790307998657, -0.10373761504888535, -0.9299384951591492, 0.49873363971710205, 0.8200517892837524, -0.2806777060031891], "cam_t_m2c": [-66.94677734375, 14.08214282989502, 537.4435424804688], "obj_id": 3}, {"cam_R_m2c": [0.7917144298553467, -0.5628087520599365, -0.23755964636802673, -0.3527790307998657, -0.10373761504888535, -0.9299384951591492, 0.49873363971710205, 0.8200517892837524, -0.2806777060031891], "cam_t_m2c": [-66.94677734375, 14.08214282989502, 537.4435424804688], "obj_id": 2}, {"cam_R_m2c": [0.7917144298553467, -0.5628087520599365, -0.23755964636802673, -0.3527790307998657, -0.10373761504888535, -0.9299384951591492, 0.49873363971710205, 0.8200517892837524, -0.2806777060031891], "cam_t_m2c": [-66.94677734375, 14.08214282989502, 537.4435424804688], "obj_id": 0}, {"cam_R_m2c": [0.7917144298553467, -0.5628087520599365, -0.23755964636802673, -0.3527790307998657, -0.10373761504888535, -0.9299384951591492, 0.49873363971710205, 0.8200517892837524, -0.2806777060031891], "cam_t_m2c": [-66.94677734375, 14.08214282989502, 537.4435424804688], "obj_id": 0}, {"cam_R_m2c": [0.7917144298553467, -0.5628087520599365, -0.23755964636802673, -0.3527790307998657, -0.10373761504888535, -0.9299384951591492, 0.49873363971710205, 0.8200517892837524, -0.2806777060031891], "cam_t_m2c": [-66.94677734375, 14.08214282989502, 537.4435424804688], "obj_id": 0}, {"cam_R_m2c": [0.7917144298553467, -0.5628087520599365, -0.23755964636802673, -0.3527790307998657, -0.10373761504888535, -0.9299384951591492, 0.49873363971710205, 0.8200517892837524, -0.2806777060031891], "cam_t_m2c": [-66.94677734375, 14.08214282989502, 537.4435424804688], "obj_id": 1}, {"cam_R_m2c": [-0.6571305394172668, -0.6899460554122925, 0.3035680949687958, 0.027407817542552948, 0.380592942237854, 0.9243363738059998, -0.7532781362533569, 0.6157299280166626, -0.23118920624256134], "cam_t_m2c": [26.338619232177734, -19.91947364807129, 482.7962951660156], "obj_id": 1}, {"cam_R_m2c": [0.1704867035150528, 0.6570092439651489, -0.734352171421051, -0.9853376746177673, 0.11868676543235779, -0.12256880104541779, 0.006629040464758873, 0.7444812059402466, 0.6676104664802551], "cam_t_m2c": [222.21676635742188, -80.06141662597656, 490.229736328125], "obj_id": 2}, {"cam_R_m2c": [0.27199360728263855, 0.7116379737854004, 0.647758424282074, 0.9282360076904297, -0.37153613567352295, 0.018409477546811104, 0.2537665069103241, 0.5962653756141663, -0.7616234421730042], "cam_t_m2c": [9.442339897155762, -15.846311569213867, 546.52392578125], "obj_id": 3}, {"cam_R_m2c": [0.5108203291893005, -0.858283519744873, 0.04911108687520027, -0.15375010669231415, -0.14741361141204834, -0.9770516753196716, 0.845827043056488, 0.49154698848724365, -0.2072630077600479], "cam_t_m2c": [-98.21735382080078, -125.58893585205078, 807.9649047851562], "obj_id": 4}],
  "4": [{"cam_R_m2c": [0.7917144298553467, -0.5628087520599365, -0.23755964636802673, -0.3527790307998657, -0.10373761504888535, -0.9299384951591492, 0.49873363971710205, 0.8200517892837524, -0.2806777060031891], "cam_t_m2c": [-66.94677734375, 14.08214282989502, 537.4435424804688], "obj_id": 3}, {"cam_R_m2c": [0.7917144298553467, -0.5628087520599365, -0.23755964636802673, -0.3527790307998657, -0.10373761504888535, -0.9299384951591492, 0.49873363971710205, 0.8200517892837524, -0.2806777060031891], "cam_t_m2c": [-66.94677734375, 14.08214282989502, 537.4435424804688], "obj_id": 1}, {"cam_R_m2c": [0.7917144298553467, -0.5628087520599365, -0.23755964636802673, -0.3527790307998657, -0.10373761504888535, -0.9299384951591492, 0.49873363971710205, 0.8200517892837524, -0.2806777060031891], "cam_t_m2c": [-66.94677734375, 14.08214282989502, 537.4435424804688], "obj_id": 3}, {"cam_R_m2c": [0.7917144298553467, -0.5628087520599365, -0.23755964636802673, -0.3527790307998657, -0.10373761504888535, -0.9299384951591492, 0.49873363971710205, 0.8200517892837524, -0.2806777060031891], "cam_t_m2c": [-66.94677734375, 14.08214282989502, 537.4435424804688], "obj_id": 0}, {"cam_R_m2c": [0.7917144298553467, -0.5628087520599365, -0.23755964636802673, -0.3527790307998657, -0.10373761504888535, -0.9299384951591492, 0.49873363971710205, 0.8200517892837524, -0.2806777060031891], "cam_t_m2c": [-66.94677734375, 14.08214282989502, 537.4435424804688], "obj_id": 3}, {"cam_R_m2c": [0.7917144298553467, -0.5628087520599365, -0.23755964636802673, -0.3527790307998657, -0.10373761504888535, -0.9299384951591492, 0.49873363971710205, 0.8200517892837524, -0.2806777060031891], "cam_t_m2c": [-66.94677734375, 14.08214282989502, 537.4435424804688], "obj_id": 0}, {"cam_R_m2c": [0.7917144298553467, -0.5628087520599365, -0.23755964636802673, -0.3527790307998657, -0.10373761504888535, -0.9299384951591492, 0.49873363971710205, 0.8200517892837524, -0.2806777060031891], "cam_t_m2c": [-66.94677734375, 14.08214282989502, 537.4435424804688], "obj_id": 3}, {"cam_R_m2c": [0.7917144298553467, -0.5628087520599365, -0.23755964636802673, -0.3527790307998657, -0.10373761504888535, -0.9299384951591492, 0.49873363971710205, 0.8200517892837524, -0.2806777060031891], "cam_t_m2c": [-66.94677734375, 14.08214282989502, 537.4435424804688], "obj_id": 2}, {"cam_R_m2c": [0.7917144298553467, -0.5628087520599365, -0.23755964636802673, -0.3527790307998657, -0.10373761504888535, -0.9299384951591492, 0.49873363971710205, 0.8200517892837524, -0.2806777060031891], "cam_t_m2c": [-66.94677734375, 14.08214282989502, 537.4435424804688], "obj_id": 0}, {"cam_R_m2c": [0.7917144298553467, -0.5628087520599365, -0.23755964636802673, -0.3527790307998657, -0.10373761504888535, -0.9299384951591492, 0.49873363971710205, 0.8200517892837524, -0.2806777060031891], "cam_t_m2c": [-66.94677734375, 14.08214282989502, 537.4435424804688], "obj_id": 0}, {"cam_R_m2c": [0.7917144298553467, -0.5628087520599365, -0.23755964636802673, -0.3527790307998657, -0.10373761504888535, -0.9299384951591492, 0.49873363971710205, 0.8200517892837524, -0.2806777060031891], "cam_t_m2c": [-66.94677734375, 14.08214282989502, 537.4435424804688], "obj_id": 0}, {"cam_R_m2c": [0.7917144298553467, -0.5628087520599365, -0.23755964636802673, -0.3527790307998657, -0.10373761504888535, -0.9299384951591492, 0.49873363971710205, 0.8200517892837524, -0.2806777060031891], "cam_t_m2c": [-66.94677734375, 14.08214282989502, 537.4435424804688], "obj_id": 1}, {"cam_R_m2c": [-0.6571305394172668, -0.6899460554122925, 0.3035680949687958, 0.027407817542552948, 0.380592942237854, 0.9243363738059998, -0.7532781362533569, 0.6157299280166626, -0.23118920624256134], "cam_t_m2c": [26.338619232177734, -19.91947364807129, 482.7962951660156], "obj_id": 1}, {"cam_R_m2c": [0.1704867035150528, 0.6570092439651489, -0.734352171421051, -0.9853376746177673, 0.11868676543235779, -0.12256880104541779, 0.006629040464758873, 0.7444812059402466, 0.6676104664802551], "cam_t_m2c": [222.21676635742188, -80.06141662597656, 490.229736328125], "obj_id": 2}, {"cam_R_m2c": [0.27199360728263855, 0.7116379737854004, 0.647758424282074, 0.9282360076904297, -0.37153613567352295, 0.018409477546811104, 0.2537665069103241, 0.5962653756141663, -0.7616234421730042], "cam_t_m2c": [9.442339897155762, -15.846311569213867, 546.52392578125], "obj_id": 3}, {"cam_R_m2c": [0.5108203291893005, -0.858283519744873, 0.04911108687520027, -0.15375010669231415, -0.14741361141204834, -0.9770516753196716, 0.845827043056488, 0.49154698848724365, -0.2072630077600479], "cam_t_m2c": [-98.21735382080078, -125.58893585205078, 807.9649047851562], "obj_id": 4}],
  "5": [{"cam_R_m2c": [-0.9039509296417236, 0.3354060649871826, 0.26528400182724, -0.213218092918396, 0.18423908948898315, -0.9594759345054626, -0.37068971991539, -0.9238824248313904, -0.09502851963043213], "cam_t_m2c": [52.340553283691406, 32.26082229614258, 374.4187927246094], "obj_id": 3}, {"cam_R_m2c": [-0.9039509296417236, 0.3354060649871826, 0.26528400182724, -0.213218092918396, 0.18423908948898315, -0.9594759345054626, -0.37068971991539, -0.9238824248313904, -0.09502851963043213], "cam_t_m2c": [52.340553283691406, 32.26082229614258, 374.4187927246094], "obj_id": 1}, {"cam_R_m2c": [-0.9039509296417236, 0.3354060649871826, 0.26528400182724, -0.213218092918396, 0.18423908948898315, -0.9594759345054626, -0.37068971991539, -0.9238824248313904, -0.09502851963043213], "cam_t_m2c": [52.340553283691406, 32.26082229614258, 374.4187927246094], "obj_id": 3}, {"cam_R_m2c": [-0.9039509296417236, 0.3354060649871826, 0.26528400182724, -0.213218092918396, 0.18423908948898315, -0.9594759345054626, -0.37068971991539, -0.9238824248313904, -0.09502851963043213], "cam_t_m2c": [52.340553283691406, 32.26082229614258, 374.4187927246094], "obj_id": 0}, {"cam_R_m2c": [-0.9039509296417236, 0.3354060649871826, 0.26528400182724, -0.213218092918396, 0.18423908948898315, -0.9594759345054626, -0.37068971991539, -0.9238824248313904, -0.09502851963043213], "cam_t_m2c": [52.340553283691406, 32.26082229614258, 374.4187927246094], "obj_id": 3}, {"cam_R_m2c": [-0.9039509296417236, 0.3354060649871826, 0.26528400182724, -0.213218092918396, 0.18423908948898315, -0.9594759345054626, -0.37068971991539, -0.9238824248313904, -0.09502851963043213], "cam_t_m2c": [52.340553283691406, 32.26082229614258, 374.4187927246094], "obj_id": 0}, {"cam_R_m2c": [-0.9039509296417236, 0.3354060649871826, 0.26528400182724, -0.213218092918396, 0.18423908948898315, -0.9594759345054626, -0.37068971991539, -0.9238824248313904, -0.09502851963043213], "cam_t_m2c": [52.340553283691406, 32.26082229614258, 374.4187927246094], "obj_id": 3}, {"cam_R_m2c": [-0.9039509296417236, 0.3354060649871826, 0.26528400182724, -0.213218092918396, 0.18423908948898315, -0.9594759345054626, -0.37068971991539, -0.9238824248313904, -0.09502851963043213], "cam_t_m2c": [52.340553283691406, 32.26082229614258, 374.4187927246094], "obj_id": 2}, {"cam_R_m2c": [-0.9039509296417236, 0.3354060649871826, 0.26528400182724, -0.213218092918396, 0.18423908948898315, -0.9594759345054626, -0.37068971991539, -0.9238824248313904, -0.09502851963043213], "cam_t_m2c": [52.340553283691406, 32.26082229614258, 374.4187927246094], "obj_id": 0}, {"cam_R_m2c": [-0.9039509296417236, 0.3354060649871826, 0.26528400182724, -0.213218092918396, 0.18423908948898315, -0.9594759345054626, -0.37068971991539, -0.9238824248313904, -0.09502851963043213], "cam_t_m2c": [52.340553283691406, 32.26082229614258, 374.4187927246094], "obj_id": 0}, {"cam_R_m2c": [-0.9039509296417236, 0.3354060649871826, 0.26528400182724, -0.213218092918396, 0.18423908948898315, -0.9594759345054626, -0.37068971991539, -0.9238824248313904, -0.09502851963043213], "cam_t_m2c": [52.340553283691406, 32.26082229614258, 374.4187927246094], "obj_id": 0}, {"cam_R_m2c": [-0.9039509296417236, 0.3354060649871826, 0.26528400182724, -0.213218092918396, 0.18423908948898315, -0.9594759345054626, -0.37068971991539, -0.9238824248313904, -0.09502851963043213], "cam_t_m2c": [52.340553283691406, 32.26082229614258, 374.4187927246094], "obj_id": 1}, {"cam_R_m2c": [0.8252736926078796, 0.5276511907577515, -0.20126493275165558, -0.1812884658575058, 0.5850576758384705, 0.7904694676399231, 0.5348437428474426, -0.6158666014671326, 0.5784897804260254], "cam_t_m2c": [-25.506298065185547, -21.30432891845703, 436.9906921386719], "obj_id": 1}, {"cam_R_m2c": [-0.20345239341259003, -0.8174905776977539, 0.5388102531433105, -0.9399710297584534, 0.317081093788147, 0.12615130841732025, -0.27397406101226807, -0.48080018162727356, -0.8329284191131592], "cam_t_m2c": [-219.1204376220703, -84.7356948852539, 460.0252380371094], "obj_id": 2}, {"cam_R_m2c": [-0.29192718863487244, -0.8515877723693848, -0.4354041516780853, 0.9478752613067627, -0.19680817425251007, -0.25059735774993896, 0.12771454453468323, -0.4858650267124176, 0.8646526336669922], "cam_t_m2c": [-24.954639434814453, 3.3251750469207764, 375.701416015625], "obj_id": 3}, {"cam_R_m2c": [-0.7116089463233948, 0.7018378376960754, -0.03219221532344818, 0.09705611318349838, 0.052819788455963135, -0.9938763380050659, -0.6958396434783936, -0.7103757262229919, -0.105704665184021], "cam_t_m2c": [9.674345970153809, -13.84675121307373, 74.88348388671875], "obj_id": 4}],
  "6": [{"cam_R_m2c": [-0.9039509296417236, 0.3354060649871826, 0.26528400182724, -0.213218092918396, 0.18423908948898315, -0.9594759345054626, -0.37068971991539, -0.9238824248313904, -0.09502851963043213], "cam_t_m2c": [52.340553283691406, 32.26082229614258, 374.4187927246094], "obj_id": 3}, {"cam_R_m2c": [-0.9039509296417236, 0.3354060649871826, 0.26528400182724, -0.213218092918396, 0.18423908948898315, -0.9594759345054626, -0.37068971991539, -0.9238824248313904, -0.09502851963043213], "cam_t_m2c": [52.340553283691406, 32.26082229614258, 374.4187927246094], "obj_id": 1}, {"cam_R_m2c": [-0.9039509296417236, 0.3354060649871826, 0.26528400182724, -0.213218092918396, 0.18423908948898315, -0.9594759345054626, -0.37068971991539, -0.9238824248313904, -0.09502851963043213], "cam_t_m2c": [52.340553283691406, 32.26082229614258, 374.4187927246094], "obj_id": 3}, {"cam_R_m2c": [-0.9039509296417236, 0.3354060649871826, 0.26528400182724, -0.213218092918396, 0.18423908948898315, -0.9594759345054626, -0.37068971991539, -0.9238824248313904, -0.09502851963043213], "cam_t_m2c": [52.340553283691406, 32.26082229614258, 374.4187927246094], "obj_id": 0}, {"cam_R_m2c": [-0.9039509296417236, 0.3354060649871826, 0.26528400182724, -0.213218092918396, 0.18423908948898315, -0.9594759345054626, -0.37068971991539, -0.9238824248313904, -0.09502851963043213], "cam_t_m2c": [52.340553283691406, 32.26082229614258, 374.4187927246094], "obj_id": 3}, {"cam_R_m2c": [-0.9039509296417236, 0.3354060649871826, 0.26528400182724, -0.213218092918396, 0.18423908948898315, -0.9594759345054626, -0.37068971991539, -0.9238824248313904, -0.09502851963043213], "cam_t_m2c": [52.340553283691406, 32.26082229614258, 374.4187927246094], "obj_id": 0}, {"cam_R_m2c": [-0.9039509296417236, 0.3354060649871826, 0.26528400182724, -0.213218092918396, 0.18423908948898315, -0.9594759345054626, -0.37068971991539, -0.9238824248313904, -0.09502851963043213], "cam_t_m2c": [52.340553283691406, 32.26082229614258, 374.4187927246094], "obj_id": 3}, {"cam_R_m2c": [-0.9039509296417236, 0.3354060649871826, 0.26528400182724, -0.213218092918396, 0.18423908948898315, -0.9594759345054626, -0.37068971991539, -0.9238824248313904, -0.09502851963043213], "cam_t_m2c": [52.340553283691406, 32.26082229614258, 374.4187927246094], "obj_id": 2}, {"cam_R_m2c": [-0.9039509296417236, 0.3354060649871826, 0.26528400182724, -0.213218092918396, 0.18423908948898315, -0.9594759345054626, -0.37068971991539, -0.9238824248313904, -0.09502851963043213], "cam_t_m2c": [52.340553283691406, 32.26082229614258, 374.4187927246094], "obj_id": 0}, {"cam_R_m2c": [-0.9039509296417236, 0.3354060649871826, 0.26528400182724, -0.213218092918396, 0.18423908948898315, -0.9594759345054626, -0.37068971991539, -0.9238824248313904, -0.09502851963043213], "cam_t_m2c": [52.340553283691406, 32.26082229614258, 374.4187927246094], "obj_id": 0}, {"cam_R_m2c": [-0.9039509296417236, 0.3354060649871826, 0.26528400182724, -0.213218092918396, 0.18423908948898315, -0.9594759345054626, -0.37068971991539, -0.9238824248313904, -0.09502851963043213], "cam_t_m2c": [52.340553283691406, 32.26082229614258, 374.4187927246094], "obj_id": 0}, {"cam_R_m2c": [-0.9039509296417236, 0.3354060649871826, 0.26528400182724, -0.213218092918396, 0.18423908948898315, -0.9594759345054626, -0.37068971991539, -0.9238824248313904, -0.09502851963043213], "cam_t_m2c": [52.340553283691406, 32.26082229614258, 374.4187927246094], "obj_id": 1}, {"cam_R_m2c": [0.8252736926078796, 0.5276511907577515, -0.20126493275165558, -0.1812884658575058, 0.5850576758384705, 0.7904694676399231, 0.5348437428474426, -0.6158666014671326, 0.5784897804260254], "cam_t_m2c": [-25.506298065185547, -21.30432891845703, 436.9906921386719], "obj_id": 1}, {"cam_R_m2c": [-0.20345239341259003, -0.8174905776977539, 0.5388102531433105, -0.9399710297584534, 0.317081093788147, 0.12615130841732025, -0.27397406101226807, -0.48080018162727356, -0.8329284191131592], "cam_t_m2c": [-219.1204376220703, -84.7356948852539, 460.0252380371094], "obj_id": 2}, {"cam_R_m2c": [-0.29192718863487244, -0.8515877723693848, -0.4354041516780853, 0.9478752613067627, -0.19680817425251007, -0.25059735774993896, 0.12771454453468323, -0.4858650267124176, 0.8646526336669922], "cam_t_m2c": [-24.954639434814453, 3.3251750469207764, 375.701416015625], "obj_id": 3}, {"cam_R_m2c": [-0.7116089463233948, 0.7018378376960754, -0.03219221532344818, 0.09705611318349838, 0.052819788455963135, -0.9938763380050659, -0.6958396434783936, -0.7103757262229919, -0.105704665184021], "cam_t_m2c": [9.674345970153809, -13.84675121307373, 74.88348388671875], "obj_id": 4}],
  "7": [{"cam_R_m2c": [-0.985796332359314, -0.036294229328632355, -0.16397644579410553, 0.11873136460781097, 0.5399248003959656, -0.8332971334457397, 0.11877882480621338, -0.8409304022789001, -0.5279465913772583], "cam_t_m2c": [29.780731201171875, 50.21556854248047, 458.185546875], "obj_id": 3}, {"cam_R_m2c": [-0.985796332359314, -0.036294229328632355, -0.16397644579410553, 0.11873136460781097, 0.5399248003959656, -0.8332971334457397, 0.11877882480621338, -0.8409304022789001, -0.5279465913772583], "cam_t_m2c": [29.780731201171875, 50.21556854248047, 458.185546875], "obj_id": 1}, {"cam_R_m2c": [-0.985796332359314, -0.036294229328632355, -0.16397644579410553, 0.11873136460781097, 0.5399248003959656, -0.8332971334457397, 0.11877882480621338, -0.8409304022789001, -0.5279465913772583], "cam_t_m2c": [29.780731201171875, 50.21556854248047, 458.185546875], "obj_id": 3}, {"cam_R_m2c": [-0.985796332359314, -0.036294229328632355, -0.16397644579410553, 0.11873136460781097, 0.5399248003959656, -0.8332971334457397, 0.11877882480621338, -0.8409304022789001, -0.5279465913772583], "cam_t_m2c": [29.780731201171875, 50.21556854248047, 458.185546875], "obj_id": 0}, {"cam_R_m2c": [-0.985796332359314, -0.036294229328632355, -0.16397644579410553, 0.11873136460781097, 0.5399248003959656, -0.8332971334457397, 0.11877882480621338, -0.8409304022789001, -0.5279465913772583], "cam_t_m2c": [29.780731201171875, 50.21556854248047, 458.185546875], "obj_id": 3}, {"cam_R_m2c": [-0.985796332359314, -0.036294229328632355, -0.16397644579410553, 0.11873136460781097, 0.5399248003959656, -0.8332971334457397, 0.11877882480621338, -0.8409304022789001, -0.5279465913772583], "cam_t_m2c": [29.780731201171875, 50.21556854248047, 458.185546875], "obj_id": 0}, {"cam_R_m2c": [-0.985796332359314, -0.036294229328632355, -0.16397644579410553, 0.11873136460781097, 0.5399248003959656, -0.8332971334457397, 0.11877882480621338, -0.8409304022789001, -0.5279465913772583], "cam_t_m2c": [29.780731201171875, 50.21556854248047, 458.185546875], "obj_id": 3}, {"cam_R_m2c": [-0.985796332359314, -0.036294229328632355, -0.16397644579410553, 0.11873136460781097, 0.5399248003959656, -0.8332971334457397, 0.11877882480621338, -0.8409304022789001, -0.5279465913772583], "cam_t_m2c": [29.780731201171875, 50.21556854248047, 458.185546875], "obj_id": 2}, {"cam_R_m2c": [-0.985796332359314, -0.036294229328632355, -0.16397644579410553, 0.11873136460781097, 0.5399248003959656, -0.8332971334457397, 0.11877882480621338, -0.8409304022789001, -0.5279465913772583], "cam_t_m2c": [29.780731201171875, 50.21556854248047, 458.185546875], "obj_id": 0}, {"cam_R_m2c": [-0.985796332359314, -0.036294229328632355, -0.16397644579410553, 0.11873136460781097, 0.5399248003959656, -0.8332971334457397, 0.11877882480621338, -0.8409304022789001, -0.5279465913772583], "cam_t_m2c": [29.780731201171875, 50.21556854248047, 458.185546875], "obj_id": 0}, {"cam_R_m2c": [-0.985796332359314, -0.036294229328632355, -0.16397644579410553, 0.11873136460781097, 0.5399248003959656, -0.8332971334457397, 0.11877882480621338, -0.8409304022789001, -0.5279465913772583], "cam_t_m2c": [29.780731201171875, 50.21556854248047, 458.185546875], "obj_id": 0}, {"cam_R_m2c": [-0.985796332359314, -0.036294229328632355, -0.16397644579410553, 0.11873136460781097, 0.5399248003959656, -0.8332971334457397, 0.11877882480621338, -0.8409304022789001, -0.5279465913772583], "cam_t_m2c": [29.780731201171875, 50.21556854248047, 458.185546875], "obj_id": 1}, {"cam_R_m2c": [0.8457631468772888, 0.39662808179855347, 0.35689055919647217, -0.52792888879776, 0.7189863324165344, 0.4520505666732788, -0.077303446829319, -0.5707405209541321, 0.8174835443496704], "cam_t_m2c": [-28.645151138305664, -14.12893295288086, 530.9234008789062], "obj_id": 1}, {"cam_R_m2c": [-0.622718334197998, -0.7678588628768921, 0.15038122236728668, -0.6642452478408813, 0.620365560054779, 0.41704288125038147, -0.4135213792324066, 0.15981025993824005, -0.8963596224784851], "cam_t_m2c": [-203.7371826171875, -51.710052490234375, 630.7782592773438], "obj_id": 2}, {"cam_R_m2c": [0.15108150243759155, -0.9838736653327942, -0.09574524313211441, 0.8119311332702637, 0.17875707149505615, -0.5557101964950562, 0.5638637542724609, 0.00621902896091342, 0.825844407081604], "cam_t_m2c": [-44.7038688659668, 35.72523880004883, 490.6745910644531], "obj_id": 3}, {"cam_R_m2c": [-0.8479361534118652, 0.31092286109924316, -0.4293379485607147, 0.5122401714324951, 0.27213943004608154, -0.81458580493927, -0.13643358647823334, -0.9106410145759583, -0.39002397656440735], "cam_t_m2c": [-146.67039489746094, 155.0967559814453, 231.17750549316406], "obj_id": 4}],
