{
  "0": [{"cam_R_m2c": [-0.9045996069908142, 0.4196159243583679, 0.07497859746217728, 0.07845868915319443, 0.33679917454719543, -0.9383019208908081, -0.4189791679382324, -0.8429049253463745, -0.3375908434391022], "cam_t_m2c": [-304.448486328125, 96.5906982421875, 585.9285278320312], "obj_id": 2}, {"cam_R_m2c": [-0.9045996069908142, 0.4196159243583679, 0.07497859746217728, 0.07845868915319443, 0.33679917454719543, -0.9383019208908081, -0.4189791679382324, -0.8429049253463745, -0.3375908434391022], "cam_t_m2c": [-304.448486328125, 96.5906982421875, 585.9285278320312], "obj_id": 0}, {"cam_R_m2c": [-0.9045996069908142, 0.4196159243583679, 0.07497859746217728, 0.07845868915319443, 0.33679917454719543, -0.9383019208908081, -0.4189791679382324, -0.8429049253463745, -0.3375908434391022], "cam_t_m2c": [-304.448486328125, 96.5906982421875, 585.9285278320312], "obj_id": 2}, {"cam_R_m2c": [-0.9045996069908142, 0.4196159243583679, 0.07497859746217728, 0.07845868915319443, 0.33679917454719543, -0.9383019208908081, -0.4189791679382324, -0.8429049253463745, -0.3375908434391022], "cam_t_m2c": [-304.448486328125, 96.5906982421875, 585.9285278320312], "obj_id": 0}, {"cam_R_m2c": [-0.9045996069908142, 0.4196159243583679, 0.07497859746217728, 0.07845868915319443, 0.33679917454719543, -0.9383019208908081, -0.4189791679382324, -0.8429049253463745, -0.3375908434391022], "cam_t_m2c": [-304.448486328125, 96.5906982421875, 585.9285278320312], "obj_id": 2}, {"cam_R_m2c": [-0.9045996069908142, 0.4196159243583679, 0.07497859746217728, 0.07845868915319443, 0.33679917454719543, -0.9383019208908081, -0.4189791679382324, -0.8429049253463745, -0.3375908434391022], "cam_t_m2c": [-304.448486328125, 96.5906982421875, 585.9285278320312], "obj_id": 0}, {"cam_R_m2c": [-0.9045996069908142, 0.4196159243583679, 0.07497859746217728, 0.07845868915319443, 0.33679917454719543, -0.9383019208908081, -0.4189791679382324, -0.8429049253463745, -0.3375908434391022], "cam_t_m2c": [-304.448486328125, 96.5906982421875, 585.9285278320312], "obj_id": 1}, {"cam_R_m2c": [-0.9045996069908142, 0.4196159243583679, 0.07497859746217728, 0.07845868915319443, 0.33679917454719543, -0.9383019208908081, -0.4189791679382324, -0.8429049253463745, -0.3375908434391022], "cam_t_m2c": [-304.448486328125, 96.5906982421875, 585.9285278320312], "obj_id": 0}, {"cam_R_m2c": [-0.9045996069908142, 0.4196159243583679, 0.07497859746217728, 0.07845868915319443, 0.33679917454719543, -0.9383019208908081, -0.4189791679382324, -0.8429049253463745, -0.3375908434391022], "cam_t_m2c": [-304.448486328125, 96.5906982421875, 585.9285278320312], "obj_id": 1}, {"cam_R_m2c": [-0.9045996069908142, 0.4196159243583679, 0.07497859746217728, 0.07845868915319443, 0.33679917454719543, -0.9383019208908081, -0.4189791679382324, -0.8429049253463745, -0.3375908434391022], "cam_t_m2c": [-304.448486328125, 96.5906982421875, 585.9285278320312], "obj_id": 2}, {"cam_R_m2c": [-0.9045996069908142, 0.4196159243583679, 0.07497859746217728, 0.07845868915319443, 0.33679917454719543, -0.9383019208908081, -0.4189791679382324, -0.8429049253463745, -0.3375908434391022], "cam_t_m2c": [-304.448486328125, 96.5906982421875, 585.9285278320312], "obj_id": 1}, {"cam_R_m2c": [-0.9045996069908142, 0.4196159243583679, 0.07497859746217728, 0.07845868915319443, 0.33679917454719543, -0.9383019208908081, -0.4189791679382324, -0.8429049253463745, -0.3375908434391022], "cam_t_m2c": [-304.448486328125, 96.5906982421875, 585.9285278320312], "obj_id": 0}, {"cam_R_m2c": [-0.9045996069908142, 0.4196159243583679, 0.07497859746217728, 0.07845868915319443, 0.33679917454719543, -0.9383019208908081, -0.4189791679382324, -0.8429049253463745, -0.3375908434391022], "cam_t_m2c": [-304.448486328125, 96.5906982421875, 585.9285278320312], "obj_id": 2}, {"cam_R_m2c": [-0.9045996069908142, 0.4196159243583679, 0.07497859746217728, 0.07845868915319443, 0.33679917454719543, -0.9383019208908081, -0.4189791679382324, -0.8429049253463745, -0.3375908434391022], "cam_t_m2c": [-304.448486328125, 96.5906982421875, 585.9285278320312], "obj_id": 0}, {"cam_R_m2c": [-0.9045996069908142, 0.4196159243583679, 0.07497859746217728, 0.07845868915319443, 0.33679917454719543, -0.9383019208908081, -0.4189791679382324, -0.8429049253463745, -0.3375908434391022], "cam_t_m2c": [-304.448486328125, 96.5906982421875, 585.9285278320312], "obj_id": 3}, {"cam_R_m2c": [-0.9045996069908142, 0.4196159243583679, 0.07497859746217728, 0.07845868915319443, 0.33679917454719543, -0.9383019208908081, -0.4189791679382324, -0.8429049253463745, -0.3375908434391022], "cam_t_m2c": [-304.448486328125, 96.5906982421875, 585.9285278320312], "obj_id": 1}, {"cam_R_m2c": [-0.9045996069908142, 0.4196159243583679, 0.07497859746217728, 0.07845868915319443, 0.33679917454719543, -0.9383019208908081, -0.4189791679382324, -0.8429049253463745, -0.3375908434391022], "cam_t_m2c": [-304.448486328125, 96.5906982421875, 585.9285278320312], "obj_id": 1}, {"cam_R_m2c": [-0.9045996069908142, 0.4196159243583679, 0.07497859746217728, 0.07845868915319443, 0.33679917454719543, -0.9383019208908081, -0.4189791679382324, -0.8429049253463745, -0.3375908434391022], "cam_t_m2c": [-304.448486328125, 96.5906982421875, 585.9285278320312], "obj_id": 2}, {"cam_R_m2c": [-0.9045996069908142, 0.4196159243583679, 0.07497859746217728, 0.07845868915319443, 0.33679917454719543, -0.9383019208908081, -0.4189791679382324, -0.8429049253463745, -0.3375908434391022], "cam_t_m2c": [-304.448486328125, 96.5906982421875, 585.9285278320312], "obj_id": 3}, {"cam_R_m2c": [-0.9045996069908142, 0.4196159243583679, 0.07497859746217728, 0.07845868915319443, 0.33679917454719543, -0.9383019208908081, -0.4189791679382324, -0.8429049253463745, -0.3375908434391022], "cam_t_m2c": [-304.448486328125, 96.5906982421875, 585.9285278320312], "obj_id": 3}, {"cam_R_m2c": [-0.9045996069908142, 0.4196159243583679, 0.07497859746217728, 0.07845868915319443, 0.33679917454719543, -0.9383019208908081, -0.4189791679382324, -0.8429049253463745, -0.3375908434391022], "cam_t_m2c": [-304.448486328125, 96.5906982421875, 585.9285278320312], "obj_id": 1}, {"cam_R_m2c": [-0.9045996069908142, 0.4196159243583679, 0.07497859746217728, 0.07845868915319443, 0.33679917454719543, -0.9383019208908081, -0.4189791679382324, -0.8429049253463745, -0.3375908434391022], "cam_t_m2c": [-304.448486328125, 96.5906982421875, 585.9285278320312], "obj_id": 1}, {"cam_R_m2c": [-0.9045996069908142, 0.4196159243583679, 0.07497859746217728, 0.07845868915319443, 0.33679917454719543, -0.9383019208908081, -0.4189791679382324, -0.8429049253463745, -0.3375908434391022], "cam_t_m2c": [-304.448486328125, 96.5906982421875, 585.9285278320312], "obj_id": 1}, {"cam_R_m2c": [-0.9045996069908142, 0.4196159243583679, 0.07497859746217728, 0.07845868915319443, 0.33679917454719543, -0.9383019208908081, -0.4189791679382324, -0.8429049253463745, -0.3375908434391022], "cam_t_m2c": [-304.448486328125, 96.5906982421875, 585.9285278320312], "obj_id": 2}, {"cam_R_m2c": [-0.638937771320343, -0.25567296147346497, 0.7255272269248962, -0.7669275999069214, 0.2850787341594696, -0.57493656873703, -0.05983661487698555, -0.9237756133079529, -0.37823018431663513], "cam_t_m2c": [-545.53125, -16.703262329101562, 699.1658935546875], "obj_id": 0}, {"cam_R_m2c": [0.07250024378299713, -0.9901053309440613, -0.12014571577310562, 0.8574351668357849, 0.0003416464605834335, 0.5145918130874634, -0.5094590783119202, -0.1403251737356186, 0.8489760160446167], "cam_t_m2c": [-153.96627807617188, 104.8839340209961, 617.5548095703125], "obj_id": 0}, {"cam_R_m2c": [0.2411644607782364, -0.5728644132614136, 0.7833684086799622, 0.8068633675575256, -0.3301777243614197, -0.48985105752944946, 0.5392690896987915, 0.750205934047699, 0.3825962245464325], "cam_t_m2c": [-412.4185791015625, 64.7694091796875, 502.2845153808594], "obj_id": 2}, {"cam_R_m2c": [-0.18818706274032593, -0.5500664114952087, -0.8136415481567383, -0.8577978610992432, -0.3113952577114105, 0.4089202880859375, -0.4782974421977997, 0.7748934626579285, -0.4132452607154846], "cam_t_m2c": [2.204944610595703, 164.47735595703125, 317.2431335449219], "obj_id": 0}, {"cam_R_m2c": [-0.45493632555007935, 0.47676074504852295, 0.7521515488624573, -0.8669918179512024, -0.044240884482860565, -0.49635446071624756, -0.2033664435148239, -0.8779190182685852, 0.4334745705127716], "cam_t_m2c": [-133.82089233398438, 76.07299041748047, 708.9996948242188], "obj_id": 2}, {"cam_R_m2c": [0.5181192755699158, 0.30491903424263, 0.7991099953651428, -0.2867608666419983, 0.9421471953392029, -0.17357094585895538, -0.8058043122291565, -0.13922303915023804, 0.5755834579467773], "cam_t_m2c": [-29.983924865722656, 123.56065368652344, 423.8181457519531], "obj_id": 1}, {"cam_R_m2c": [0.5609515905380249, -0.6393619775772095, -0.5258796811103821, 0.7955520153045654, 0.24062982201576233, 0.5560522675514221, -0.22897642850875854, -0.7302830815315247, 0.6436274647712708], "cam_t_m2c": [-17.401479721069336, 158.9611358642578, 497.5832214355469], "obj_id": 0}, {"cam_R_m2c": [-0.45493456721305847, 0.8824400901794434, -0.11972393840551376, -0.8669925928115845, -0.4695940911769867, -0.1667483150959015, -0.20336708426475525, 0.027940180152654648, 0.9787037968635559], "cam_t_m2c": [-461.2638244628906, 62.93913650512695, 672.7811279296875], "obj_id": 2}],
  "1": [{"cam_R_m2c": [0.804963231086731, 0.5930555462837219, 0.017869042232632637, 0.4276575446128845, -0.5590637922286987, -0.7103216648101807, -0.41127023100852966, 0.5794246792793274, -0.7036504745483398], "cam_t_m2c": [-10.721689224243164, 380.78125, 239.44061279296875], "obj_id": 2}, {"cam_R_m2c": [0.804963231086731, 0.5930555462837219, 0.017869042232632637, 0.4276575446128845, -0.5590637922286987, -0.7103216648101807, -0.41127023100852966, 0.5794246792793274, -0.7036504745483398], "cam_t_m2c": [-10.721689224243164, 380.78125, 239.44061279296875], "obj_id": 0}, {"cam_R_m2c": [0.804963231086731, 0.5930555462837219, 0.017869042232632637, 0.4276575446128845, -0.5590637922286987, -0.7103216648101807, -0.41127023100852966, 0.5794246792793274, -0.7036504745483398], "cam_t_m2c": [-10.721689224243164, 380.78125, 239.44061279296875], "obj_id": 2}, {"cam_R_m2c": [0.804963231086731, 0.5930555462837219, 0.017869042232632637, 0.4276575446128845, -0.5590637922286987, -0.7103216648101807, -0.41127023100852966, 0.5794246792793274, -0.7036504745483398], "cam_t_m2c": [-10.721689224243164, 380.78125, 239.44061279296875], "obj_id": 0}, {"cam_R_m2c": [0.804963231086731, 0.5930555462837219, 0.017869042232632637, 0.4276575446128845, -0.5590637922286987, -0.7103216648101807, -0.41127023100852966, 0.5794246792793274, -0.7036504745483398], "cam_t_m2c": [-10.721689224243164, 380.78125, 239.44061279296875], "obj_id": 2}, {"cam_R_m2c": [0.804963231086731, 0.5930555462837219, 0.017869042232632637, 0.4276575446128845, -0.5590637922286987, -0.7103216648101807, -0.41127023100852966, 0.5794246792793274, -0.7036504745483398], "cam_t_m2c": [-10.721689224243164, 380.78125, 239.44061279296875], "obj_id": 0}, {"cam_R_m2c": [0.804963231086731, 0.5930555462837219, 0.017869042232632637, 0.4276575446128845, -0.5590637922286987, -0.7103216648101807, -0.41127023100852966, 0.5794246792793274, -0.7036504745483398], "cam_t_m2c": [-10.721689224243164, 380.78125, 239.44061279296875], "obj_id": 1}, {"cam_R_m2c": [0.804963231086731, 0.5930555462837219, 0.017869042232632637, 0.4276575446128845, -0.5590637922286987, -0.7103216648101807, -0.41127023100852966, 0.5794246792793274, -0.7036504745483398], "cam_t_m2c": [-10.721689224243164, 380.78125, 239.44061279296875], "obj_id": 0}, {"cam_R_m2c": [0.804963231086731, 0.5930555462837219, 0.017869042232632637, 0.4276575446128845, -0.5590637922286987, -0.7103216648101807, -0.41127023100852966, 0.5794246792793274, -0.7036504745483398], "cam_t_m2c": [-10.721689224243164, 380.78125, 239.44061279296875], "obj_id": 1}, {"cam_R_m2c": [0.804963231086731, 0.5930555462837219, 0.017869042232632637, 0.4276575446128845, -0.5590637922286987, -0.7103216648101807, -0.41127023100852966, 0.5794246792793274, -0.7036504745483398], "cam_t_m2c": [-10.721689224243164, 380.78125, 239.44061279296875], "obj_id": 2}, {"cam_R_m2c": [0.804963231086731, 0.5930555462837219, 0.017869042232632637, 0.4276575446128845, -0.5590637922286987, -0.7103216648101807, -0.41127023100852966, 0.5794246792793274, -0.7036504745483398], "cam_t_m2c": [-10.721689224243164, 380.78125, 239.44061279296875], "obj_id": 1}, {"cam_R_m2c": [0.804963231086731, 0.5930555462837219, 0.017869042232632637, 0.4276575446128845, -0.5590637922286987, -0.7103216648101807, -0.41127023100852966, 0.5794246792793274, -0.7036504745483398], "cam_t_m2c": [-10.721689224243164, 380.78125, 239.44061279296875], "obj_id": 0}, {"cam_R_m2c": [0.804963231086731, 0.5930555462837219, 0.017869042232632637, 0.4276575446128845, -0.5590637922286987, -0.7103216648101807, -0.41127023100852966, 0.5794246792793274, -0.7036504745483398], "cam_t_m2c": [-10.721689224243164, 380.78125, 239.44061279296875], "obj_id": 2}, {"cam_R_m2c": [0.804963231086731, 0.5930555462837219, 0.017869042232632637, 0.4276575446128845, -0.5590637922286987, -0.7103216648101807, -0.41127023100852966, 0.5794246792793274, -0.7036504745483398], "cam_t_m2c": [-10.721689224243164, 380.78125, 239.44061279296875], "obj_id": 0}, {"cam_R_m2c": [0.804963231086731, 0.5930555462837219, 0.017869042232632637, 0.4276575446128845, -0.5590637922286987, -0.7103216648101807, -0.41127023100852966, 0.5794246792793274, -0.7036504745483398], "cam_t_m2c": [-10.721689224243164, 380.78125, 239.44061279296875], "obj_id": 3}, {"cam_R_m2c": [0.804963231086731, 0.5930555462837219, 0.017869042232632637, 0.4276575446128845, -0.5590637922286987, -0.7103216648101807, -0.41127023100852966, 0.5794246792793274, -0.7036504745483398], "cam_t_m2c": [-10.721689224243164, 380.78125, 239.44061279296875], "obj_id": 1}, {"cam_R_m2c": [0.804963231086731, 0.5930555462837219, 0.017869042232632637, 0.4276575446128845, -0.5590637922286987, -0.7103216648101807, -0.41127023100852966, 0.5794246792793274, -0.7036504745483398], "cam_t_m2c": [-10.721689224243164, 380.78125, 239.44061279296875], "obj_id": 1}, {"cam_R_m2c": [0.804963231086731, 0.5930555462837219, 0.017869042232632637, 0.4276575446128845, -0.5590637922286987, -0.7103216648101807, -0.41127023100852966, 0.5794246792793274, -0.7036504745483398], "cam_t_m2c": [-10.721689224243164, 380.78125, 239.44061279296875], "obj_id": 2}, {"cam_R_m2c": [0.804963231086731, 0.5930555462837219, 0.017869042232632637, 0.4276575446128845, -0.5590637922286987, -0.7103216648101807, -0.41127023100852966, 0.5794246792793274, -0.7036504745483398], "cam_t_m2c": [-10.721689224243164, 380.78125, 239.44061279296875], "obj_id": 3}, {"cam_R_m2c": [0.804963231086731, 0.5930555462837219, 0.017869042232632637, 0.4276575446128845, -0.5590637922286987, -0.7103216648101807, -0.41127023100852966, 0.5794246792793274, -0.7036504745483398], "cam_t_m2c": [-10.721689224243164, 380.78125, 239.44061279296875], "obj_id": 3}, {"cam_R_m2c": [0.804963231086731, 0.5930555462837219, 0.017869042232632637, 0.4276575446128845, -0.5590637922286987, -0.7103216648101807, -0.41127023100852966, 0.5794246792793274, -0.7036504745483398], "cam_t_m2c": [-10.721689224243164, 380.78125, 239.44061279296875], "obj_id": 1}, {"cam_R_m2c": [0.804963231086731, 0.5930555462837219, 0.017869042232632637, 0.4276575446128845, -0.5590637922286987, -0.7103216648101807, -0.41127023100852966, 0.5794246792793274, -0.7036504745483398], "cam_t_m2c": [-10.721689224243164, 380.78125, 239.44061279296875], "obj_id": 1}, {"cam_R_m2c": [0.804963231086731, 0.5930555462837219, 0.017869042232632637, 0.4276575446128845, -0.5590637922286987, -0.7103216648101807, -0.41127023100852966, 0.5794246792793274, -0.7036504745483398], "cam_t_m2c": [-10.721689224243164, 380.78125, 239.44061279296875], "obj_id": 1}, {"cam_R_m2c": [0.804963231086731, 0.5930555462837219, 0.017869042232632637, 0.4276575446128845, -0.5590637922286987, -0.7103216648101807, -0.41127023100852966, 0.5794246792793274, -0.7036504745483398], "cam_t_m2c": [-10.721689224243164, 380.78125, 239.44061279296875], "obj_id": 2}, {"cam_R_m2c": [0.16708502173423767, 0.9712851047515869, -0.1693747490644455, 0.006792144384235144, -0.17291948199272156, -0.9849124550819397, -0.9859190583229065, 0.1634136587381363, -0.035489313304424286], "cam_t_m2c": [-18.855478286743164, 545.6891479492188, 1.7046891450881958], "obj_id": 0}, {"cam_R_m2c": [0.6059557795524597, 0.5916489958763123, -0.5317603945732117, 0.11892347782850266, 0.5935757756233215, 0.7959429025650024, 0.7865588665008545, -0.5455449819564819, 0.2893196940422058], "cam_t_m2c": [-107.27389526367188, 300.3141784667969, 328.4159851074219], "obj_id": 0}, {"cam_R_m2c": [-0.3713803291320801, -0.4400145709514618, -0.817596435546875, 0.5370158553123474, 0.6165480017662048, -0.575745165348053, 0.7574237585067749, -0.6528826951980591, 0.007320974953472614], "cam_t_m2c": [103.58037567138672, 392.8583984375, 159.09365844726562], "obj_id": 2}, {"cam_R_m2c": [0.28211161494255066, -0.46710461378097534, 0.8379894495010376, -0.5663981437683105, 0.6239082217216492, 0.5384529829025269, -0.77434241771698, -0.6265395283699036, -0.08855544030666351], "cam_t_m2c": [85.96624755859375, 65.71874237060547, 488.8876037597656], "obj_id": 0}, {"cam_R_m2c": [0.17553043365478516, 0.5014795660972595, -0.8471760153770447, -0.24490126967430115, -0.8112422823905945, -0.5309511423110962, -0.9535262584686279, 0.3006725609302521, -0.01958463340997696], "cam_t_m2c": [-201.0990447998047, 320.61322021484375, 308.8490905761719], "obj_id": 2}, {"cam_R_m2c": [0.361213743686676, 0.20353828370571136, -0.9099982380867004, -0.9249041676521301, 0.2023722529411316, -0.32186609506607056, 0.11864630877971649, 0.9579235911369324, 0.2613530457019806], "cam_t_m2c": [1.4184300899505615, 123.18000030517578, 428.7344665527344], "obj_id": 1}, {"cam_R_m2c": [0.12075860053300858, 0.9805885553359985, -0.15447847545146942, -0.09313231706619263, 0.16612227261066437, 0.9816974401473999, 0.9883034825325012, -0.10416151583194733, 0.11138512939214706], "cam_t_m2c": [-58.080108642578125, 172.0393829345703, 459.15625], "obj_id": 0}, {"cam_R_m2c": [0.17552965879440308, -0.5609237551689148, -0.8090450167655945, -0.244903102517128, -0.8208492398262024, 0.5159738659858704, -0.953525960445404, 0.10756891965866089, -0.2814553678035736], "cam_t_m2c": [-17.283443450927734, 515.5577392578125, 116.72512817382812], "obj_id": 2}]
}