{
  "0": [{"cam_R_m2c": [-0.5153396129608154, -0.4394063651561737, -0.7357629537582397, 0.6251129508018494, 0.3945525884628296, -0.673470139503479, 0.5862242579460144, -0.8070008158683777, 0.07135001569986343], "cam_t_m2c": [23.12643051147461, 5057.36865234375, 4006.97705078125], "obj_id": 1}, {"cam_R_m2c": [-0.7223555445671082, -0.6227912306785583, 0.3005552589893341, 0.4147268831729889, -0.7379518151283264, -0.5323801636695862, 0.5533570051193237, -0.2599194347858429, 0.7913519144058228], "cam_t_m2c": [-74.51020812988281, 5090.60205078125, 3961.597900390625], "obj_id": 1}, {"cam_R_m2c": [-0.536735475063324, 0.7861098647117615, 0.3065061569213867, 0.8419151306152344, 0.4750341773033142, 0.25597140192985535, 0.05562077462673187, 0.3954411745071411, -0.9168054461479187], "cam_t_m2c": [-12.939886093139648, 5103.88818359375, 3960.487060546875], "obj_id": 1}, {"cam_R_m2c": [0.06674959510564804, 0.2729147970676422, -0.9597198367118835, 0.9775843024253845, -0.2103865146636963, 0.008164729923009872, -0.19968374073505402, -0.9387519359588623, -0.2808404862880707], "cam_t_m2c": [-75.16271209716797, 5150.08935546875, 3860.534423828125], "obj_id": 2}, {"cam_R_m2c": [0.2776010036468506, -0.4987284243106842, -0.8211014270782471, 0.5152093768119812, 0.7986772656440735, -0.31092432141304016, 0.8108618259429932, -0.3367263078689575, 0.4786631762981415], "cam_t_m2c": [62.178932189941406, 5111.18212890625, 3873.955078125], "obj_id": 2}, {"cam_R_m2c": [0.6478885412216187, 0.5029677748680115, 0.5720697641372681, 0.7394469976425171, -0.2349376082420349, -0.6308901906013489, -0.18291671574115753, 0.8317618370056152, -0.5241314172744751], "cam_t_m2c": [20.0163516998291, 33.02888488769531, 910.4785766601562], "obj_id": 3}, {"cam_R_m2c": [0.04782423377037048, -0.22586096823215485, -0.9729848504066467, -0.6371283531188965, -0.7571040987968445, 0.14443200826644897, -0.76927250623703, 0.6130089163780212, -0.18011023104190826], "cam_t_m2c": [-64.45287322998047, 61.27055740356445, 863.3511962890625], "obj_id": 3}, {"cam_R_m2c": [0.46565765142440796, -0.6507555842399597, 0.5997333526611328, -0.4315306544303894, -0.7586331963539124, -0.48811566829681396, 0.7726216316223145, -0.031508542597293854, -0.6340843439102173], "cam_t_m2c": [-9.833060264587402, 0.5043700933456421, 964.7529296875], "obj_id": 2}, {"cam_R_m2c": [0.9786245226860046, 0.05173889920115471, -0.19904039800167084, -0.2001485675573349, 0.4620739817619324, -0.8639607429504395, 0.0472710095345974, 0.8853307962417603, 0.46255242824554443], "cam_t_m2c": [-74.35607147216797, 19.853315353393555, 932.4649047851562], "obj_id": 1}, {"cam_R_m2c": [0.12386264652013779, 0.9544409513473511, 0.2714782953262329, -0.726994514465332, 0.27349168062210083, -0.6298264265060425, -0.67537921667099, -0.11935126036405563, 0.7277487516403198], "cam_t_m2c": [-74.64298248291016, 4.510530471801758, 958.0676879882812], "obj_id": 2}, {"cam_R_m2c": [0.5849331617355347, -0.7504722476005554, 0.3076435625553131, 0.7436023950576782, 0.3447261154651642, -0.5729042291641235, 0.32389599084854126, 0.563875138759613, 0.7596947550773621], "cam_t_m2c": [-49.8430290222168, 53.3081169128418, 876.6382446289062], "obj_id": 2}, {"cam_R_m2c": [-0.038853008300065994, -0.8147606253623962, 0.5784941911697388, 0.974922239780426, 0.09604708850383759, 0.20075233280658722, -0.21912775933742523, 0.5717867016792297, 0.790596604347229], "cam_t_m2c": [55.5119743347168, -4.753648281097412, 973.527099609375], "obj_id": 3}],
  "1": [{"cam_R_m2c": [-0.2885870635509491, 0.7789421081542969, -0.5567464232444763, 0.9570969343185425, 0.21882487833499908, -0.18995000422000885, -0.026130111888051033, -0.5876774787902832, -0.8086731433868408], "cam_t_m2c": [-18.968965530395508, 5233.64697265625, 3518.3154296875], "obj_id": 1}, {"cam_R_m2c": [-0.41138267517089844, -0.28725719451904297, -0.8650130033493042, 0.867034375667572, -0.41601723432540894, -0.274191290140152, -0.2810969352722168, -0.8627936244010925, 0.4202042520046234], "cam_t_m2c": [14.618103981018066, 5287.71826171875, 3425.338134765625], "obj_id": 1}, {"cam_R_m2c": [0.2599841356277466, 0.07709211111068726, 0.9625304937362671, 0.9460653066635132, 0.1792183816432953, -0.2698908746242523, -0.19330953061580658, 0.9807840585708618, -0.026340177282691002], "cam_t_m2c": [35.5207633972168, 5270.41796875, 3482.1923828125], "obj_id": 1}, {"cam_R_m2c": [0.6722961068153381, 0.7395935654640198, 0.03192582353949547, 0.6902623772621155, -0.6418702602386475, 0.3339764475822449, 0.26749908924102783, -0.20249386131763458, -0.9420405030250549], "cam_t_m2c": [128.9745330810547, 5298.86083984375, 3401.854736328125], "obj_id": 2}, {"cam_R_m2c": [-0.3605419993400574, 0.5750899314880371, -0.7343576550483704, 0.594592809677124, 0.7483102679252625, 0.2940937876701355, 0.7186577320098877, -0.33061063289642334, -0.6117416024208069], "cam_t_m2c": [127.88483428955078, 5210.47265625, 3514.73876953125], "obj_id": 2}, {"cam_R_m2c": [0.6643093824386597, -0.7058365941047668, 0.24594250321388245, 0.24168705940246582, -0.10852247476577759, -0.9642665982246399, 0.7073050141334534, 0.7000124454498291, 0.0984991118311882], "cam_t_m2c": [52.05265808105469, 3.9006752967834473, 783.90185546875], "obj_id": 3}, {"cam_R_m2c": [0.3348395526409149, -0.9421842694282532, 0.013087996281683445, -0.8245515823364258, -0.2862551808357239, 0.4880293607711792, -0.4560670852661133, -0.17420326173305511, -0.8727290630340576], "cam_t_m2c": [87.44410705566406, 47.34718704223633, 700.1553344726562], "obj_id": 3}, {"cam_R_m2c": [-0.7630355954170227, -0.49497532844543457, 0.41566333174705505, -0.2734270691871643, -0.33552446961402893, -0.901477038860321, 0.5856741666793823, -0.8015127182006836, 0.12067753821611404], "cam_t_m2c": [-16.176000595092773, 11.025575637817383, 770.1680908203125], "obj_id": 2}, {"cam_R_m2c": [0.07142122834920883, -0.49838292598724365, -0.8640101552009583, -0.5851119160652161, 0.6805930733680725, -0.4409501850605011, 0.807801365852356, 0.5370358228683472, -0.24300101399421692], "cam_t_m2c": [6.634152889251709, 43.78231430053711, 707.0269165039062], "obj_id": 1}, {"cam_R_m2c": [0.2275310903787613, 0.4434565007686615, -0.8669347167015076, -0.8969339728355408, -0.25118333101272583, -0.3638903796672821, -0.37912920117378235, 0.8603796362876892, 0.34059926867485046], "cam_t_m2c": [-22.57072639465332, 40.94124221801758, 712.5032348632812], "obj_id": 2}, {"cam_R_m2c": [0.22833172976970673, -0.46139979362487793, -0.8573067784309387, 0.46136152744293213, 0.8266981840133667, -0.3220491409301758, 0.8573273420333862, -0.3219943046569824, 0.40163353085517883], "cam_t_m2c": [75.47676086425781, 39.23686218261719, 715.78857421875], "obj_id": 2}, {"cam_R_m2c": [0.6644258499145508, -0.606725811958313, -0.436373770236969, 0.7283686995506287, 0.6564725041389465, 0.19627246260643005, 0.16738379001617432, -0.448249489068985, 0.878097414970398], "cam_t_m2c": [-12.04349422454834, -19.373023986816406, 828.7637329101562], "obj_id": 3}]
}