{
  "0": [{"cam_R_m2c": [0.8994667530059814, -0.22439126670360565, -0.3749775290489197, -0.0674441009759903, 0.776527464389801, -0.6264634132385254, 0.4317532777786255, 0.5887730121612549, 0.6833267211914062], "cam_t_m2c": [-29.805295944213867, -101.79344940185547, 923.5], "obj_id": 3}, {"cam_R_m2c": [-0.566215991973877, -0.20886392891407013, 0.7973551154136658, -0.5220850706100464, -0.6576894521713257, -0.5430209636688232, 0.6378295421600342, -0.723754346370697, 0.26334962248802185], "cam_t_m2c": [-218.5159912109375, -110.8043212890625, 691.5618286132812], "obj_id": 3}, {"cam_R_m2c": [0.5070686936378479, 0.8266937732696533, -0.2438414841890335, 0.3291577100753784, 0.0757308080792427, 0.941233217716217, 0.7965779900550842, -0.5575321912765503, -0.23371189832687378], "cam_t_m2c": [-69.36011505126953, 15.067306518554688, 614.9641723632812], "obj_id": 3}, {"cam_R_m2c": [-0.9770118594169617, -0.03359054774045944, 0.21052172780036926, -0.1516774594783783, -0.5843965411186218, -0.7971665263175964, 0.1498054414987564, -0.8107725977897644, 0.56586754322052], "cam_t_m2c": [-243.1353302001953, -138.0641632080078, 738.2565307617188], "obj_id": 3}, {"cam_R_m2c": [0.2046426385641098, -0.12364906072616577, -0.9709955453872681, 0.15181685984134674, -0.9759756922721863, 0.15627947449684143, -0.9669917821884155, -0.17939493060112, -0.18095427751541138], "cam_t_m2c": [-285.37652587890625, -144.05450439453125, 877.4554443359375], "obj_id": 3}, {"cam_R_m2c": [0.6239586472511292, 0.21586425602436066, -0.7510514259338379, 0.34552520513534546, -0.9382483959197998, 0.017387818545103073, -0.7009193897247314, -0.2703564763069153, -0.6600146889686584], "cam_t_m2c": [-107.23927307128906, 46.140811920166016, 962.0253295898438], "obj_id": 3}, {"cam_R_m2c": [0.33769404888153076, 0.166046604514122, 0.9264940619468689, 0.7803248167037964, -0.59982830286026, -0.1769159734249115, 0.5263610482215881, 0.7827097773551941, -0.33212876319885254], "cam_t_m2c": [8.799945831298828, 72.52720642089844, 947.3594360351562], "obj_id": 3}, {"cam_R_m2c": [-0.27418988943099976, 0.8745343685150146, -0.4000118672847748, 0.7963660955429077, 0.4396563172340393, 0.4153352379798889, 0.5390927195549011, -0.20467515289783478, -0.8169988393783569], "cam_t_m2c": [-5.980594635009766, -79.066650390625, 950.7515258789062], "obj_id": 3}, {"cam_R_m2c": [-0.9763484597206116, -0.0011008892906829715, 0.21619968116283417, 0.14858856797218323, -0.7298133373260498, 0.6673033833503723, 0.15705080330371857, 0.683645486831665, 0.7127158641815186], "cam_t_m2c": [-239.57330322265625, -177.41929626464844, 663.5526733398438], "obj_id": 3}, {"cam_R_m2c": [-0.9489540457725525, -0.20600740611553192, 0.23884497582912445, -0.3145006597042084, 0.6755834221839905, -0.6668405532836914, -0.023985611274838448, -0.7079180479049683, -0.7058870792388916], "cam_t_m2c": [-187.18719482421875, -53.54380416870117, 717.6657104492188], "obj_id": 3}, {"cam_R_m2c": [-0.35346493124961853, 0.15609446167945862, -0.9223323464393616, 0.5051092505455017, -0.7980385422706604, -0.3286319077014923, -0.7873544692993164, -0.5820385217666626, 0.2032339870929718], "cam_t_m2c": [-47.198951721191406, 194.34848022460938, 742.5843505859375], "obj_id": 3}, {"cam_R_m2c": [0.7254583239555359, 0.45751988887786865, 0.5141845345497131, 0.6319765448570251, -0.73870450258255, -0.23435291647911072, 0.27260932326316833, 0.4949658513069153, -0.8250411748886108], "cam_t_m2c": [-79.5218734741211, 60.309410095214844, 909.9873657226562], "obj_id": 3}, {"cam_R_m2c": [-0.14353948831558228, 0.7941150069236755, 0.5905742049217224, -0.32210397720336914, -0.6017491221427917, 0.7308537364006042, 0.9357593059539795, -0.08531993627548218, 0.34216228127479553], "cam_t_m2c": [70.48262786865234, 15.09924602508545, 1012.58740234375], "obj_id": 3}, {"cam_R_m2c": [-0.42714422941207886, 0.9034679532051086, 0.03596317023038864, 0.8979577422142029, 0.41920819878578186, 0.1339263617992401, 0.10592211782932281, 0.08949928730726242, -0.9903383851051331], "cam_t_m2c": [83.36945343017578, -59.86083221435547, 1031.4224853515625], "obj_id": 3}, {"cam_R_m2c": [0.7957814931869507, 0.3888414800167084, 0.4642564654350281, -0.6019998788833618, 0.4246608018875122, 0.6762095093727112, 0.06578680872917175, -0.8175973296165466, 0.5720197558403015], "cam_t_m2c": [-57.329647064208984, 144.9158172607422, 823.3267822265625], "obj_id": 3}, {"cam_R_m2c": [-0.802496612071991, -0.4184737801551819, 0.4252982437610626, -0.40449509024620056, -0.1424241065979004, -0.9033819437026978, 0.43861445784568787, -0.8969921469688416, -0.05497558414936066], "cam_t_m2c": [-201.7499542236328, 127.64480590820312, 890.7923583984375], "obj_id": 3}, {"cam_R_m2c": [-0.3181239366531372, 0.8998845815658569, 0.29833659529685974, -0.5598686337471008, -0.4322744607925415, 0.706884503364563, 0.7650778293609619, 0.05784764140844345, 0.6413341760635376], "cam_t_m2c": [-56.674293518066406, -125.48576354980469, 633.7732543945312], "obj_id": 3}, {"cam_R_m2c": [-0.8210069537162781, 0.03075241856276989, 0.5700891017913818, 0.0789155587553978, 0.9950757622718811, 0.05997176095843315, -0.5654375553131104, 0.09422614425420761, -0.8193908929824829], "cam_t_m2c": [52.880741119384766, 14.732892036437988, 903.0209350585938], "obj_id": 3}, {"cam_R_m2c": [0.27543994784355164, 0.10232620686292648, 0.9558567404747009, -0.8096087574958801, 0.5608157515525818, 0.17326074838638306, -0.518330454826355, -0.8215929865837097, 0.23731526732444763], "cam_t_m2c": [-159.35337829589844, -94.04246520996094, 564.3347778320312], "obj_id": 3}, {"cam_R_m2c": [-0.5248873233795166, 0.39516615867614746, -0.7538813352584839, 0.692365825176239, -0.31696197390556335, -0.6482011079788208, -0.4950988292694092, -0.8621941804885864, -0.10723020881414413], "cam_t_m2c": [97.19944763183594, -154.14224243164062, 659.7169189453125], "obj_id": 3}, {"cam_R_m2c": [-0.37969306111335754, 0.9141135215759277, -0.14223100244998932, 0.9205362796783447, 0.35804951190948486, -0.15624822676181793, -0.09190287441015244, -0.19025515019893646, -0.9774236083030701], "cam_t_m2c": [-275.25762939453125, -247.40072631835938, 776.60498046875], "obj_id": 3}, {"cam_R_m2c": [-0.08393217623233795, 0.9954182505607605, 0.04580402001738548, 0.21696193516254425, 0.06311860680580139, -0.9741374254226685, -0.9725651741027832, -0.07182367891073227, -0.22126561403274536], "cam_t_m2c": [63.65724563598633, -5.704774379730225, 691.280029296875], "obj_id": 3}, {"cam_R_m2c": [-0.8425407409667969, 0.5335490107536316, -0.07382890582084656, -0.5267091989517212, -0.8447941541671753, -0.09434182196855545, -0.11270620673894882, -0.04060046002268791, 0.9927985072135925], "cam_t_m2c": [41.66472244262695, 87.50096130371094, 959.0352172851562], "obj_id": 3}, {"cam_R_m2c": [-0.24103286862373352, -0.3911949396133423, 0.8881834149360657, -0.25571832060813904, 0.9084251523017883, 0.3307141661643982, -0.9362218379974365, -0.1474117934703827, -0.31899604201316833], "cam_t_m2c": [-38.24058532714844, 60.58951950073242, 997.3284912109375], "obj_id": 3}, {"cam_R_m2c": [0.25153982639312744, 0.010532562620937824, 0.9677897095680237, 0.19007422029972076, 0.9799304604530334, -0.06006721407175064, -0.948999285697937, 0.19906117022037506, 0.24448956549167633], "cam_t_m2c": [47.47978591918945, 25.82597541809082, 942.3609008789062], "obj_id": 3}, {"cam_R_m2c": [0.07603015005588531, 0.83612459897995, 0.5432450175285339, -0.04159993678331375, 0.5470075011253357, -0.8360934257507324, -0.9962373971939087, 0.040969368070364, 0.07637178897857666], "cam_t_m2c": [-121.54851531982422, -271.1466369628906, 802.71826171875], "obj_id": 3}, {"cam_R_m2c": [-0.8392929434776306, 0.5076360702514648, -0.19466045498847961, -0.18030381202697754, -0.5976676940917969, -0.781206488609314, -0.5129109025001526, -0.6205631494522095, 0.5931472778320312], "cam_t_m2c": [66.91812133789062, -26.118318557739258, 765.9085083007812], "obj_id": 3}, {"cam_R_m2c": [-0.2880726456642151, 0.8507540822029114, -0.43958112597465515, 0.5559596419334412, -0.22517073154449463, -0.8001292943954468, -0.779694139957428, -0.4748847782611847, -0.4081193506717682], "cam_t_m2c": [-30.41322898864746, -38.4381217956543, 534.3585205078125], "obj_id": 3}, {"cam_R_m2c": [-0.4179013967514038, 0.7168343663215637, 0.5581280589103699, -0.8469221591949463, -0.529706597328186, 0.04619358107447624, 0.32875725626945496, -0.45338666439056396, 0.8284679651260376], "cam_t_m2c": [-7.4792938232421875, 238.39144897460938, 744.9923706054688], "obj_id": 1}, {"cam_R_m2c": [0.7747447490692139, 0.2429361194372177, -0.5837401747703552, 0.6205089092254639, -0.46941226720809937, 0.6281883716583252, -0.1214052066206932, -0.848901629447937, -0.5144187211990356], "cam_t_m2c": [-206.6746063232422, -139.2296600341797, 848.7328491210938], "obj_id": 1}, {"cam_R_m2c": [-0.17375269532203674, -0.8210768103599548, 0.5437304973602295, 0.9596718549728394, -0.2650766670703888, -0.09361758828163147, 0.22099751234054565, 0.5055364966392517, 0.8340221047401428], "cam_t_m2c": [45.332176208496094, -72.60337829589844, 924.3112182617188], "obj_id": 1}, {"cam_R_m2c": [0.026785990223288536, -0.34853264689445496, 0.9369137287139893, -0.7443986535072327, 0.6186013221740723, 0.2514021396636963, -0.6671978831291199, -0.7041714191436768, -0.24287737905979156], "cam_t_m2c": [-208.037841796875, -248.75860595703125, 804.1412353515625], "obj_id": 1}, {"cam_R_m2c": [0.9289165735244751, 0.32282301783561707, -0.18138176202774048, -0.36600127816200256, 0.8747926950454712, -0.3174598813056946, 0.056188080459833145, 0.36127969622612, 0.9307630658149719], "cam_t_m2c": [37.11576843261719, 222.24485778808594, 778.753173828125], "obj_id": 1}, {"cam_R_m2c": [0.6428050994873047, -0.6626718044281006, -0.3842754065990448, -0.24234341084957123, -0.6518011093139648, 0.7186270356178284, -0.726685106754303, -0.3688105046749115, -0.57957524061203], "cam_t_m2c": [147.48910522460938, 16.02433204650879, 633.9949340820312], "obj_id": 1}, {"cam_R_m2c": [-0.3558126986026764, 0.9019641876220703, 0.2446582168340683, -0.4866555631160736, -0.4023174047470093, 0.7754397988319397, 0.7978492975234985, 0.15684711933135986, 0.582095742225647], "cam_t_m2c": [113.47601318359375, 171.5542449951172, 840.4414672851562], "obj_id": 1}, {"cam_R_m2c": [-0.8044580221176147, 0.3719477653503418, -0.46314364671707153, -0.3910506069660187, 0.2552872598171234, 0.8842555284500122, 0.44713154435157776, 0.8924590945243835, -0.05991744250059128], "cam_t_m2c": [-203.91317749023438, -45.74628829956055, 716.5790405273438], "obj_id": 1}, {"cam_R_m2c": [-0.8578256964683533, -0.5128556489944458, -0.033384308218955994, -0.33524805307388306, 0.5091502070426941, 0.792701005935669, -0.3895435035228729, 0.6911911964416504, -0.6086960434913635], "cam_t_m2c": [-96.63311767578125, -49.56462097167969, 644.9129028320312], "obj_id": 1}, {"cam_R_m2c": [-0.2743135094642639, -0.11534827202558517, 0.9546971917152405, 0.5236565470695496, 0.81475830078125, 0.2489030361175537, -0.8065580129623413, 0.5682109594345093, -0.16309630870819092], "cam_t_m2c": [22.364957809448242, 218.48153686523438, 732.7374877929688], "obj_id": 1}, {"cam_R_m2c": [-0.762647271156311, -0.45622050762176514, -0.45851051807403564, 0.5795115232467651, -0.16709432005882263, -0.7976502180099487, 0.28728988766670227, -0.8740379214286804, 0.3918190896511078], "cam_t_m2c": [-42.796871185302734, -150.99122619628906, 914.3448486328125], "obj_id": 1}, {"cam_R_m2c": [0.820339024066925, 0.27214744687080383, 0.5029707551002502, 0.5711698532104492, -0.3461652100086212, -0.7442677617073059, -0.028439564630389214, 0.8978336453437805, -0.43941524624824524], "cam_t_m2c": [-201.05271911621094, 55.66571044921875, 875.2620849609375], "obj_id": 1}, {"cam_R_m2c": [0.9491047859191895, 0.2662677466869354, -0.16823090612888336, -0.06809461861848831, 0.6949739456176758, 0.7158032059669495, 0.30751141905784607, -0.6679166555404663, 0.6777344942092896], "cam_t_m2c": [155.05918884277344, 206.11880493164062, 776.5760498046875], "obj_id": 1}, {"cam_R_m2c": [0.38405176997184753, 0.8786481618881226, -0.28369301557540894, 0.5516427159309387, 0.028031423687934875, 0.833609402179718, 0.7404016256332397, -0.4766463339328766, -0.4739343225955963], "cam_t_m2c": [-98.1112060546875, -81.300048828125, 543.16845703125], "obj_id": 1}, {"cam_R_m2c": [-0.03725721687078476, 0.36157751083374023, -0.9315972924232483, 0.673393189907074, -0.6797122359275818, -0.29074519872665405, -0.7383450865745544, -0.638163685798645, -0.21815958619117737], "cam_t_m2c": [-116.51499938964844, 56.78349685668945, 994.0930786132812], "obj_id": 1}, {"cam_R_m2c": [-0.08772175759077072, 0.7539578676223755, -0.6510394215583801, 0.9206385016441345, 0.31095975637435913, 0.23606930673122406, 0.3804333508014679, -0.5786635875701904, -0.7214005589485168], "cam_t_m2c": [-186.5934295654297, -26.811626434326172, 906.7349853515625], "obj_id": 1}, {"cam_R_m2c": [0.5998826026916504, 0.6222801208496094, 0.5028999447822571, 0.6838296055793762, -0.07246731966733932, -0.7260342240333557, -0.41535285115242004, 0.7794331908226013, -0.46900543570518494], "cam_t_m2c": [52.26791000366211, -11.69246768951416, 909.8450317382812], "obj_id": 1}, {"cam_R_m2c": [-0.36299583315849304, 0.9054605960845947, 0.2199433445930481, -0.38414618372917175, -0.36047300696372986, 0.8499945998191833, 0.8489202857017517, 0.22405412793159485, 0.47867950797080994], "cam_t_m2c": [-76.3647689819336, 124.38992309570312, 907.239990234375], "obj_id": 1}, {"cam_R_m2c": [-0.015431040897965431, -0.9997866749763489, 0.013733048923313618, -0.04638923704624176, 0.014435713179409504, 0.9988191723823547, -0.9988042712211609, 0.014775722287595272, -0.04660212993621826], "cam_t_m2c": [-115.90607452392578, -8.94560432434082, 934.2242431640625], "obj_id": 1}, {"cam_R_m2c": [-0.04904576390981674, -0.3336745500564575, 0.941411554813385, -0.5949375629425049, -0.747331440448761, -0.2958798408508301, 0.8022741079330444, -0.5745927691459656, -0.16186197102069855], "cam_t_m2c": [-236.47816467285156, -151.07838439941406, 631.506591796875], "obj_id": 1}, {"cam_R_m2c": [-0.05567960441112518, -0.18592722713947296, -0.980984628200531, -0.7222958207130432, -0.6708334684371948, 0.16814059019088745, -0.6893392205238342, 0.717923104763031, -0.09694274514913559], "cam_t_m2c": [-21.426795959472656, 8.860417366027832, 628.6661376953125], "obj_id": 1}, {"cam_R_m2c": [-0.4350168704986572, -0.7780546545982361, 0.4532009959220886, 0.8147838711738586, -0.554381787776947, -0.16967003047466278, 0.38325896859169006, 0.2954515218734741, 0.8751119375228882], "cam_t_m2c": [0.1886545717716217, -66.9830551147461, 794.892822265625], "obj_id": 1}, {"cam_R_m2c": [-0.28245946764945984, -0.17866961658000946, 0.9424933791160583, 0.8316202163696289, 0.4441138207912445, 0.3334226608276367, -0.47814685106277466, 0.8779749870300293, 0.023141123354434967], "cam_t_m2c": [-186.32540893554688, 8.463632583618164, 622.0079956054688], "obj_id": 1}, {"cam_R_m2c": [-0.17049923539161682, 0.9634937644004822, -0.2064211070537567, -0.13103899359703064, -0.22979868948459625, -0.9643760919570923, -0.9766057133674622, -0.13737620413303375, 0.165435791015625], "cam_t_m2c": [-197.81903076171875, -149.77877807617188, 733.0696411132812], "obj_id": 1}, {"cam_R_m2c": [-0.986625075340271, -0.157094344496727, -0.0434994101524353, 0.10644503682851791, -0.8230201005935669, 0.5579491853713989, -0.12345155328512192, 0.5458564162254333, 0.828734278678894], "cam_t_m2c": [-224.37612915039062, 48.356971740722656, 617.6743774414062], "obj_id": 1}, {"cam_R_m2c": [0.6539397835731506, 0.740382194519043, 0.15555354952812195, -0.033250804990530014, 0.23353847861289978, -0.9717788100242615, -0.7558155059814453, 0.6303125023841858, 0.17733843624591827], "cam_t_m2c": [-157.51539611816406, 28.2156982421875, 621.9906005859375], "obj_id": 1}, {"cam_R_m2c": [0.16022926568984985, -0.023957742378115654, -0.9867889881134033, -0.21459107100963593, -0.9766404628753662, -0.011132736690342426, -0.9634714126586914, 0.21353991329669952, -0.16162745654582977], "cam_t_m2c": [-54.720314025878906, 42.38580322265625, 922.2379760742188], "obj_id": 1}, {"cam_R_m2c": [-0.27537307143211365, -0.9467251300811768, -0.16697600483894348, -0.27039191126823425, 0.24295540153980255, -0.9315904378890991, 0.9225279092788696, -0.2113860547542572, -0.32289013266563416], "cam_t_m2c": [115.26895141601562, -14.054478645324707, 763.3384399414062], "obj_id": 1}, {"cam_R_m2c": [0.7412319183349609, -0.41019919514656067, 0.5313302874565125, -0.2527041435241699, 0.5627922415733337, 0.7870231866836548, -0.6218648552894592, -0.7176360487937927, 0.3135005235671997], "cam_t_m2c": [90.7074966430664, -134.71890258789062, 794.0083618164062], "obj_id": 1}, {"cam_R_m2c": [-0.29941970109939575, -0.9076629877090454, 0.2941012978553772, -0.17784059047698975, 0.3559332489967346, 0.9174334406852722, -0.9374008178710938, 0.22239460051059723, -0.26799267530441284], "cam_t_m2c": [-58.02653503417969, 5.897313117980957, 682.0033569335938], "obj_id": 1}, {"cam_R_m2c": [0.7971674203872681, 0.5754375457763672, -0.1827450841665268, 0.5579825639724731, -0.5865604877471924, 0.5870282649993896, 0.2306070625782013, -0.5699284076690674, -0.7886710166931152], "cam_t_m2c": [-63.4904670715332, -162.7801971435547, 677.6153564453125], "obj_id": 1}, {"cam_R_m2c": [-0.9380893111228943, -0.14330415427684784, -0.31536075472831726, 0.17262119054794312, 0.5959107279777527, -0.7842782139778137, 0.3003171682357788, -0.7901609539985657, -0.5342801213264465], "cam_t_m2c": [-170.65899658203125, -10.024802207946777, 945.0386352539062], "obj_id": 1}, {"cam_R_m2c": [-0.8651486039161682, 0.24918889999389648, -0.43522730469703674, -0.18015964329242706, 0.6554742455482483, 0.7334139347076416, 0.4680388867855072, 0.7129224538803101, -0.5221888422966003], "cam_t_m2c": [-232.4478302001953, 78.83769226074219, 863.1203002929688], "obj_id": 1}, {"cam_R_m2c": [-0.4214795231819153, 0.8867896795272827, 0.18962915241718292, 0.8898739814758301, 0.4447088837623596, -0.10177571326494217, -0.17458342015743256, 0.1258496791124344, -0.976566731929779], "cam_t_m2c": [33.27944564819336, -16.22374153137207, 904.699462890625], "obj_id": 1}, {"cam_R_m2c": [0.9911624193191528, 0.07476768642663956, -0.1095757782459259, -0.06609322875738144, -0.43785902857780457, -0.8966107964515686, -0.11501627415418625, 0.8959291577339172, -0.4290477931499481], "cam_t_m2c": [-73.29438018798828, -201.3155059814453, 775.00537109375], "obj_id": 1}, {"cam_R_m2c": [0.11215110123157501, -0.12458653002977371, 0.9858499765396118, 0.9315881133079529, -0.3320496380329132, -0.14794085919857025, 0.34578266739845276, 0.9349979162216187, 0.07882366329431534], "cam_t_m2c": [-72.62086486816406, -25.008033752441406, 561.5403442382812], "obj_id": 1}, {"cam_R_m2c": [0.4932166635990143, 0.4707154333591461, 0.7315492630004883, 0.1889621615409851, 0.7628986835479736, -0.6182870864868164, -0.8491352200508118, 0.44318461418151855, 0.2873269319534302], "cam_t_m2c": [-53.53081512451172, 84.99610137939453, 930.40869140625], "obj_id": 1}, {"cam_R_m2c": [-0.7131147980690002, -0.6994634866714478, 0.047095540910959244, -0.6394005417823792, 0.6764841675758362, 0.3654259145259857, -0.2874614894390106, 0.2304777354001999, -0.9296481609344482], "cam_t_m2c": [-161.4712677001953, 90.83155822753906, 608.5353393554688], "obj_id": 1}, {"cam_R_m2c": [0.30019351840019226, 0.9528241753578186, -0.04483123868703842, 0.3019193708896637, -0.13949401676654816, -0.9430726170539856, -0.9048361778259277, 0.2695688307285309, -0.32955124974250793], "cam_t_m2c": [-269.3319396972656, -152.0359649658203, 675.6378173828125], "obj_id": 1}, {"cam_R_m2c": [-0.18737249076366425, 0.9255263805389404, -0.3290780484676361, -0.31809505820274353, -0.3741300106048584, -0.8711154460906982, -0.9293583631515503, -0.058545004576444626, 0.36450710892677307], "cam_t_m2c": [-48.56256103515625, -60.312400817871094, 581.9807739257812], "obj_id": 1}, {"cam_R_m2c": [0.9143430590629578, 0.3474656343460083, -0.2079528570175171, -0.30729833245277405, 0.9298231601715088, 0.20247626304626465, 0.26371291279792786, -0.12122920155525208, 0.9569529891014099], "cam_t_m2c": [47.57572937011719, 36.43442916870117, 837.1685180664062], "obj_id": 1}, {"cam_R_m2c": [-0.2036229819059372, -0.5422763824462891, -0.8151527047157288, 0.46114569902420044, -0.7875768542289734, 0.4087387025356293, -0.8636447787284851, -0.29267558455467224, 0.4104371964931488], "cam_t_m2c": [-75.97248077392578, -42.914695739746094, 757.6686401367188], "obj_id": 1}, {"cam_R_m2c": [0.18996185064315796, 0.10632967203855515, -0.976016640663147, 0.9234775304794312, -0.356858491897583, 0.14085914194583893, -0.33332231640815735, -0.9280872941017151, -0.16598258912563324], "cam_t_m2c": [-188.67527770996094, -128.14605712890625, 787.1112060546875], "obj_id": 1}, {"cam_R_m2c": [-0.5884238481521606, -0.8085508942604065, 0.0016775799449533224, 0.3468014597892761, -0.2505097985267639, 0.9038658738136292, -0.730401337146759, 0.5324380397796631, 0.4278125762939453], "cam_t_m2c": [12.311279296875, 66.7912826538086, 867.93603515625], "obj_id": 1}, {"cam_R_m2c": [0.7387933731079102, -0.6352099180221558, 0.22515031695365906, -0.6656284928321838, -0.6354828476905823, 0.3912802040576935, -0.10546589642763138, -0.43894168734550476, -0.8923043012619019], "cam_t_m2c": [78.13568115234375, 137.1479034423828, 778.071044921875], "obj_id": 1}, {"cam_R_m2c": [-0.738339364528656, 0.29392170906066895, 0.6070131063461304, -0.5561478734016418, 0.2437993735074997, -0.7945196032524109, -0.3815159499645233, -0.9242141842842102, -0.0165427103638649], "cam_t_m2c": [-176.6333770751953, -132.2290496826172, 711.3988037109375], "obj_id": 1}, {"cam_R_m2c": [0.8533486723899841, 0.29967454075813293, 0.42660433053970337, 0.3094205856323242, -0.9497035145759583, 0.048190515488386154, 0.4195890426635742, 0.09087684005498886, -0.9031537175178528], "cam_t_m2c": [-143.41102600097656, 50.99577331542969, 628.7723388671875], "obj_id": 1}, {"cam_R_m2c": [-0.5347958207130432, 0.42370858788490295, 0.7310706377029419, -0.3884620666503906, 0.6450567245483398, -0.6580266356468201, -0.7503935694694519, -0.6359031796455383, -0.18037889897823334], "cam_t_m2c": [56.591617584228516, 64.4793930053711, 852.5971069335938], "obj_id": 1}, {"cam_R_m2c": [0.32166674733161926, -0.9014300107955933, 0.28974881768226624, 0.8604868054389954, 0.4059901237487793, 0.30778968334198, -0.39508602023124695, 0.15031933784484863, 0.9062621593475342], "cam_t_m2c": [-24.69673728942871, -225.60696411132812, 850.9747314453125], "obj_id": 1}, {"cam_R_m2c": [0.1733722984790802, 0.017520537599921227, 0.9847004413604736, -0.48096761107444763, -0.8709959983825684, 0.10017944872379303, 0.8594254851341248, -0.49097737669944763, -0.14257967472076416], "cam_t_m2c": [-232.1230926513672, -150.81997680664062, 677.5064697265625], "obj_id": 1}, {"cam_R_m2c": [-0.48557722568511963, 0.4196685552597046, 0.7668721079826355, -0.062309302389621735, -0.891617476940155, 0.44848138093948364, 0.8719702363014221, 0.16998913884162903, 0.45909860730171204], "cam_t_m2c": [-273.03546142578125, -115.1960678100586, 708.1754150390625], "obj_id": 1}, {"cam_R_m2c": [-0.18678030371665955, -0.9017754793167114, 0.3897615075111389, -0.8398435711860657, 0.3524070680141449, 0.412882536649704, -0.5096820592880249, -0.2502203583717346, -0.8231730461120605], "cam_t_m2c": [-143.357177734375, -274.75927734375, 787.4910278320312], "obj_id": 1}, {"cam_R_m2c": [0.02649337612092495, 0.4484848082065582, -0.8933977484703064, -0.9996050000190735, 0.003496915567666292, -0.027887476608157158, -0.00938295479863882, 0.8937836289405823, 0.44840025901794434], "cam_t_m2c": [-186.34478759765625, -127.29485321044922, 794.5784912109375], "obj_id": 1}, {"cam_R_m2c": [-0.15706177055835724, -0.8620007038116455, 0.48196110129356384, 0.6811805367469788, 0.25879666209220886, 0.6848484873771667, -0.7150698304176331, 0.43586596846580505, 0.5465309619903564], "cam_t_m2c": [-172.15780639648438, -16.981937408447266, 838.7367553710938], "obj_id": 1}, {"cam_R_m2c": [-0.1101127490401268, -0.2730183005332947, -0.9556862115859985, 0.06634276360273361, -0.9614077210426331, 0.267008900642395, -0.9917024374008179, -0.03400177136063576, 0.12397610396146774], "cam_t_m2c": [-31.760242462158203, 47.37774658203125, 1008.1366577148438], "obj_id": 3}, {"cam_R_m2c": [-0.6022986769676208, 0.06752044707536697, -0.7954100370407104, 0.4498162269592285, 0.8518701791763306, -0.2682957053184509, 0.6594706177711487, -0.5193825364112854, -0.5434520840644836], "cam_t_m2c": [-125.59803009033203, 177.95928955078125, 774.982421875], "obj_id": 1}, {"cam_R_m2c": [0.5783780813217163, -0.8148387670516968, 0.03894249349832535, -0.03232530131936073, -0.07059203088283539, -0.9969812631607056, 0.8151280879974365, 0.5753732919692993, -0.06716876477003098], "cam_t_m2c": [10.45956039428711, -246.0785675048828, 777.1211547851562], "obj_id": 1}, {"cam_R_m2c": [-0.7919142842292786, 0.608522891998291, 0.050712719559669495, 0.5893468260765076, 0.7399327158927917, 0.3242990970611572, 0.15981942415237427, 0.2867044508457184, -0.9445943236351013], "cam_t_m2c": [131.3375244140625, 51.59894561767578, 750.4285278320312], "obj_id": 1}, {"cam_R_m2c": [0.9986073970794678, 0.006603197194635868, 0.05234210565686226, 0.0055871340446174145, 0.9733202457427979, -0.22938278317451477, -0.05246029049158096, 0.22935578227043152, 0.9719278812408447], "cam_t_m2c": [-26.483530044555664, -259.462646484375, 786.0028076171875], "obj_id": 1}, {"cam_R_m2c": [0.46024468541145325, -0.22945751249790192, -0.8576269745826721, 0.6152442097663879, -0.614001452922821, 0.4944458305835724, -0.6400385499000549, -0.7552160620689392, -0.1414184421300888], "cam_t_m2c": [-63.32557678222656, 113.72836303710938, 936.8287353515625], "obj_id": 3}, {"cam_R_m2c": [0.9200770258903503, 0.3837023973464966, 0.07893490046262741, -0.0711919441819191, -0.03436455875635147, 0.9968703985214233, 0.3852141797542572, -0.922817051410675, -0.004301511682569981], "cam_t_m2c": [72.20501708984375, -99.44536590576172, 778.9752807617188], "obj_id": 1}, {"cam_R_m2c": [0.2811318635940552, -0.7698001861572266, -0.5730379819869995, -0.4138908088207245, 0.44147223234176636, -0.7961134314537048, 0.8658286333084106, 0.46098795533180237, -0.19450129568576813], "cam_t_m2c": [129.67779541015625, 56.185951232910156, 635.4288330078125], "obj_id": 1}, {"cam_R_m2c": [-0.38600143790245056, 0.9195878505706787, 0.07321895658969879, 0.29250049591064453, 0.046730246394872665, 0.9551228284835815, 0.874897837638855, 0.39009541273117065, -0.2870177924633026], "cam_t_m2c": [-170.56190490722656, 71.1014633178711, 992.2806396484375], "obj_id": 1}, {"cam_R_m2c": [0.2510371506214142, -0.6018624305725098, 0.7581173777580261, 0.6891732215881348, -0.43883657455444336, -0.5765958428382874, 0.6797209978103638, 0.667221188545227, 0.30462318658828735], "cam_t_m2c": [-210.38241577148438, 47.81726837158203, 595.203125], "obj_id": 3}, {"cam_R_m2c": [0.2621314227581024, 0.778840959072113, -0.5698191523551941, -0.5164806842803955, 0.612007737159729, 0.5989108681678772, 0.8151900172233582, 0.13730722665786743, 0.5626827478408813], "cam_t_m2c": [-55.11054992675781, -94.40833282470703, 621.2112426757812], "obj_id": 1}, {"cam_R_m2c": [-0.12979915738105774, -0.9755961894989014, -0.17709980905056, 0.9906015992164612, -0.11982071399688721, -0.06596630066633224, 0.043136246502399445, -0.18399770557880402, 0.9819796681404114], "cam_t_m2c": [-284.7943115234375, 74.85920715332031, 969.5269775390625], "obj_id": 1}, {"cam_R_m2c": [-0.021258043125271797, 0.549694836139679, -0.8350949883460999, 0.8783601522445679, -0.3886914849281311, -0.27821263670921326, -0.47752639651298523, -0.7394284605979919, -0.4745672047138214], "cam_t_m2c": [-151.0309600830078, 106.1882553100586, 837.8662109375], "obj_id": 3}, {"cam_R_m2c": [0.7395872473716736, -0.18521364033222198, -0.6470754146575928, -0.668450653553009, -0.08979643136262894, -0.738315999507904, 0.07864115387201309, 0.9785870909690857, -0.1902184784412384], "cam_t_m2c": [53.69501876831055, -216.555908203125, 746.6864624023438], "obj_id": 1}, {"cam_R_m2c": [0.9979231953620911, -0.0640045702457428, -0.007258715573698282, 0.06191154941916466, 0.9841417670249939, -0.16622842848300934, 0.01778298430144787, 0.16543380916118622, 0.9860605597496033], "cam_t_m2c": [46.1553955078125, -106.46929168701172, 682.8508911132812], "obj_id": 3}, {"cam_R_m2c": [0.3474690616130829, 0.5128005743026733, 0.785048246383667, 0.9130952954292297, -0.3755347728729248, -0.15884101390838623, 0.21335920691490173, 0.7720162272453308, -0.598722517490387], "cam_t_m2c": [19.604633331298828, 46.72637176513672, 966.0286254882812], "obj_id": 3}, {"cam_R_m2c": [0.50319904088974, -0.40521740913391113, -0.7632754445075989, -0.4611203074455261, 0.6210898160934448, -0.6337313055992126, 0.7308615446090698, 0.6708548069000244, 0.12567780911922455], "cam_t_m2c": [-67.44462585449219, 0.9513260126113892, 836.3187255859375], "obj_id": 3}, {"cam_R_m2c": [-0.7375216484069824, -0.6601167917251587, 0.14250481128692627, 0.2550652325153351, -0.46767187118530273, -0.8463006615638733, 0.6253027319908142, -0.5878170132637024, 0.5132909417152405], "cam_t_m2c": [-27.883054733276367, 39.42406463623047, 1009.8770751953125], "obj_id": 3}, {"cam_R_m2c": [0.002974851755425334, -0.1474684476852417, -0.9890623688697815, 0.9345872402191162, 0.3522440493106842, -0.04970826953649521, 0.35572177171707153, -0.9242171049118042, 0.13886995613574982], "cam_t_m2c": [-168.17489624023438, -120.71318054199219, 818.1886596679688], "obj_id": 1}, {"cam_R_m2c": [0.06172647699713707, 0.863144040107727, 0.5011706948280334, -0.46020957827568054, -0.4209522008895874, 0.7816688418388367, 0.885661780834198, -0.2788931727409363, 0.3712433874607086], "cam_t_m2c": [-227.48963928222656, 131.55154418945312, 880.6688232421875], "obj_id": 3}, {"cam_R_m2c": [0.12292714416980743, -0.13454081118106842, -0.9832535982131958, 0.9657409191131592, 0.24438369274139404, 0.08729807287454605, 0.22854594886302948, -0.9602996110916138, 0.15997301042079926], "cam_t_m2c": [-21.208227157592773, 74.0483169555664, 703.3194580078125], "obj_id": 3}, {"cam_R_m2c": [0.4673174321651459, -0.6727136969566345, 0.5736467838287354, 0.23342914879322052, -0.5319434404373169, -0.8139698505401611, 0.8527163863182068, 0.5142881870269775, -0.09155542403459549], "cam_t_m2c": [-242.5439910888672, 25.211483001708984, 830.4815063476562], "obj_id": 3}, {"cam_R_m2c": [-0.3609977662563324, 0.42814892530441284, -0.8284738063812256, -0.016150925308465958, 0.8853767514228821, 0.46459347009658813, 0.9324266910552979, 0.1810978800058365, -0.3127039968967438], "cam_t_m2c": [-65.987548828125, -211.72593688964844, 826.4833984375], "obj_id": 1}, {"cam_R_m2c": [0.6487951278686523, 0.08296836912631989, -0.7564265727996826, 0.2914631962776184, 0.8911393284797668, 0.3477354049682617, 0.7029325366020203, -0.4460795521736145, 0.5539846420288086], "cam_t_m2c": [-282.5467529296875, -200.7803192138672, 815.0526123046875], "obj_id": 3}, {"cam_R_m2c": [0.11767056584358215, -0.430340975522995, 0.8949638605117798, 0.7290140390396118, 0.6493897438049316, 0.2164059728384018, -0.6743086576461792, 0.6269765496253967, 0.3901386559009552], "cam_t_m2c": [-2.6864707469940186, 6.985289096832275, 895.078125], "obj_id": 3}, {"cam_R_m2c": [-0.5204080939292908, 0.4413893520832062, -0.7309929728507996, 0.8535712361335754, 0.24451015889644623, -0.46003350615501404, -0.02431870996952057, -0.863359808921814, -0.5040022730827332], "cam_t_m2c": [-51.375389099121094, 22.099018096923828, 676.2507934570312], "obj_id": 1}, {"cam_R_m2c": [0.74570631980896, -0.6594564318656921, 0.09507535398006439, 0.6159494519233704, 0.736731231212616, 0.2789863348007202, -0.25402432680130005, -0.14948025345802307, 0.9555769562721252], "cam_t_m2c": [-236.68936157226562, -83.96142578125, 859.3169555664062], "obj_id": 1}, {"cam_R_m2c": [-0.43355610966682434, 0.8696984052658081, 0.23591038584709167, 0.6015251874923706, 0.4742453396320343, -0.6428520679473877, -0.6709668636322021, -0.1368064284324646, -0.7287575006484985], "cam_t_m2c": [-185.1311798095703, -231.37721252441406, 826.6275634765625], "obj_id": 1}, {"cam_R_m2c": [0.13809673488140106, -0.9895370602607727, -0.04178005829453468, 0.331991970539093, 0.08599305152893066, -0.9393542408943176, 0.9331187009811401, 0.11585106700658798, 0.3403937816619873], "cam_t_m2c": [70.46311950683594, 189.15530395507812, 788.3262939453125], "obj_id": 1}, {"cam_R_m2c": [0.2654006779193878, -0.6147045493125916, 0.7427656650543213, 0.5555921196937561, -0.5321085453033447, -0.6388880014419556, 0.7879593372344971, 0.5822360515594482, 0.20030304789543152], "cam_t_m2c": [-274.8463134765625, -252.8670196533203, 784.89892578125], "obj_id": 1}, {"cam_R_m2c": [-0.7022415399551392, 0.7031728625297546, 0.11137598752975464, -0.3550218939781189, -0.2102731317281723, -0.9109031558036804, -0.6171030402183533, -0.6792150139808655, 0.3973044157028198], "cam_t_m2c": [9.490958213806152, 62.80085372924805, 898.4190063476562], "obj_id": 3}, {"cam_R_m2c": [-0.15424874424934387, -0.23578521609306335, -0.9594854712486267, -0.01707991026341915, 0.9715989828109741, -0.236016184091568, 0.9878842830657959, -0.02001729980111122, -0.15389510989189148], "cam_t_m2c": [-12.752408027648926, -85.15977478027344, 897.2097778320312], "obj_id": 3}, {"cam_R_m2c": [0.17772947251796722, -0.46956098079681396, 0.8648263812065125, 0.18455134332180023, -0.8473212122917175, -0.4979833960533142, 0.9666193723678589, 0.24811118841171265, -0.063935786485672], "cam_t_m2c": [-8.458792686462402, -48.866790771484375, 701.2693481445312], "obj_id": 3}, {"cam_R_m2c": [-0.9742552042007446, 0.1134159117937088, 0.1948428899049759, 0.21642112731933594, 0.7126022577285767, 0.6673529148101807, -0.06315703690052032, 0.6923401355743408, -0.7188020348548889], "cam_t_m2c": [125.64987182617188, -12.33778190612793, 712.9822387695312], "obj_id": 1}, {"cam_R_m2c": [0.9067627787590027, -0.41485926508903503, -0.07532001286745071, -0.4165079593658447, -0.9091054797172546, -0.00694428663700819, -0.0655929371714592, 0.03766820579767227, -0.9971351623535156], "cam_t_m2c": [-128.9727020263672, -29.193897247314453, 848.555419921875], "obj_id": 3}, {"cam_R_m2c": [-0.23859868943691254, -0.20943264663219452, -0.9482661485671997, 0.4217730760574341, -0.9019121527671814, 0.09307022392749786, -0.8747446537017822, -0.37774667143821716, 0.3035280704498291], "cam_t_m2c": [-21.424240112304688, -15.26402473449707, 628.938232421875], "obj_id": 1}, {"cam_R_m2c": [0.8431239724159241, 0.4585089683532715, -0.28091198205947876, -0.40713435411453247, 0.8855963349342346, 0.2235189527273178, 0.35126006603240967, -0.07408525794744492, 0.9333422183990479], "cam_t_m2c": [-18.095592498779297, -121.71226501464844, 622.2343139648438], "obj_id": 1}, {"cam_R_m2c": [0.4595019221305847, 0.5263668298721313, -0.7153990864753723, -0.8462896347045898, 0.5039156079292297, -0.1728087216615677, 0.2695399820804596, 0.6848407983779907, 0.6770089864730835], "cam_t_m2c": [-152.9296417236328, 54.13885498046875, 778.6655883789062], "obj_id": 3}, {"cam_R_m2c": [0.44992977380752563, -0.8921880722045898, 0.03954311087727547, -0.8855490684509277, -0.45143815875053406, -0.10957346856594086, 0.11561141908168793, 0.014282996766269207, -0.9931917786598206], "cam_t_m2c": [-23.064294815063477, -16.15772819519043, 1051.667236328125], "obj_id": 3}, {"cam_R_m2c": [-0.3006053864955902, 0.8227413296699524, 0.4824240505695343, 0.48483335971832275, 0.5674088597297668, -0.6655701994895935, -0.821323812007904, 0.03382125496864319, -0.5694586038589478], "cam_t_m2c": [-262.44781494140625, 43.874595642089844, 1012.6165161132812], "obj_id": 3}, {"cam_R_m2c": [-0.1868302971124649, 0.9681879878044128, 0.1664523482322693, -0.1120651587843895, -0.1893339604139328, 0.975496768951416, 0.9759793877601624, 0.16359888017177582, 0.14387349784374237], "cam_t_m2c": [-95.74851989746094, -81.41474151611328, 579.3078002929688], "obj_id": 1}, {"cam_R_m2c": [-0.31305480003356934, 0.1465187817811966, 0.9383650422096252, 0.22259193658828735, 0.9718277454376221, -0.07748321443796158, -0.9232819080352783, 0.18461598455905914, -0.33684924244880676], "cam_t_m2c": [-234.46356201171875, 120.71284484863281, 836.763671875], "obj_id": 1}, {"cam_R_m2c": [0.4128052890300751, -0.8871495127677917, -0.20629483461380005, -0.8861464858055115, -0.443546324968338, 0.1342056393623352, -0.21056178212165833, 0.12740662693977356, -0.9692426919937134], "cam_t_m2c": [-258.3995361328125, 128.5794677734375, 831.2711181640625], "obj_id": 3}, {"cam_R_m2c": [0.10307369381189346, 0.4695451557636261, -0.8768712282180786, 0.9062830209732056, -0.4076317250728607, -0.11174684017896652, -0.40991073846817017, -0.7831753492355347, -0.467556893825531], "cam_t_m2c": [-59.71539306640625, -34.83639144897461, 899.6009521484375], "obj_id": 3}, {"cam_R_m2c": [0.3346835970878601, -0.8974311947822571, -0.2874092161655426, 0.9391356110572815, 0.3427504003047943, 0.023375609889626503, 0.0775316134095192, -0.27773967385292053, 0.9575225710868835], "cam_t_m2c": [135.89190673828125, 200.51138305664062, 810.9970092773438], "obj_id": 3}, {"cam_R_m2c": [-0.41749832034111023, -0.12977777421474457, 0.8993625044822693, -0.27770039439201355, -0.9241734147071838, -0.26227089762687683, 0.865203857421875, -0.3592509925365448, 0.3498014807701111], "cam_t_m2c": [35.196075439453125, 90.40098571777344, 952.5838623046875], "obj_id": 3}, {"cam_R_m2c": [-0.9601600766181946, -0.06300897151231766, -0.27225416898727417, -0.2793465852737427, 0.18987448513507843, 0.9412295818328857, -0.0076118032447993755, 0.9797844290733337, -0.19991116225719452], "cam_t_m2c": [-132.21995544433594, 11.543051719665527, 582.9917602539062], "obj_id": 3}, {"cam_R_m2c": [0.4256884753704071, -0.8899068832397461, 0.16387493908405304, 0.07170562446117401, 0.21370939910411835, 0.974261999130249, -0.9020241498947144, -0.4029812812805176, 0.15478499233722687], "cam_t_m2c": [-22.25905418395996, 63.0317497253418, 772.1781005859375], "obj_id": 3}, {"cam_R_m2c": [0.9988839030265808, 0.04301833361387253, -0.019504066556692123, 0.02381759323179722, -0.8153313994407654, -0.5785045027732849, -0.04078857600688934, 0.5773942470550537, -0.8154459595680237], "cam_t_m2c": [-83.42012786865234, -129.198974609375, 604.94140625], "obj_id": 3}, {"cam_R_m2c": [0.09659963846206665, 0.6604793071746826, -0.7446044087409973, -0.4689544141292572, 0.6900655627250671, 0.5512634515762329, 0.8779239654541016, 0.2959336042404175, 0.37639471888542175], "cam_t_m2c": [-118.79586029052734, 195.42062377929688, 774.9424438476562], "obj_id": 1}, {"cam_R_m2c": [0.5681621432304382, -0.003459129249677062, -0.8229093551635742, 0.2069515883922577, -0.9672519564628601, 0.14695167541503906, -0.79646897315979, -0.25379478931427, -0.5488401055335999], "cam_t_m2c": [-227.03468322753906, -79.38580322265625, 593.1597900390625], "obj_id": 3}, {"cam_R_m2c": [-0.32892435789108276, -0.712721049785614, 0.6195461750030518, 0.6865053772926331, 0.27003714442253113, 0.6751224398612976, -0.6484744548797607, 0.6473860144615173, 0.4004650413990021], "cam_t_m2c": [-13.903270721435547, 10.238792419433594, 723.3871459960938], "obj_id": 1}, {"cam_R_m2c": [-0.05312622711062431, -0.0694463849067688, -0.9961700439453125, -0.3054271936416626, -0.9486415982246399, 0.08242159336805344, -0.9507322311401367, 0.3086361885070801, 0.029186947271227837], "cam_t_m2c": [43.67387390136719, 79.11579132080078, 933.1920166015625], "obj_id": 3}, {"cam_R_m2c": [-0.45395174622535706, 0.4454193711280823, 0.7717055082321167, -0.84512859582901, -0.4896237254142761, -0.21453741192817688, 0.2822861969470978, -0.7495800256729126, 0.5987021923065186], "cam_t_m2c": [45.6312255859375, -165.20928955078125, 763.6013793945312], "obj_id": 3}, {"cam_R_m2c": [0.6710019707679749, -0.7403897047042847, -0.03974126651883125, 0.7337959408760071, 0.670799970626831, -0.10756802558898926, 0.1063007116317749, 0.04301636666059494, 0.9934031367301941], "cam_t_m2c": [10.621469497680664, -172.11138916015625, 735.8270263671875], "obj_id": 1}, {"cam_R_m2c": [0.9652952551841736, 0.15515638887882233, 0.21007512509822845, -0.05067825689911842, -0.6778147220611572, 0.7334840893745422, 0.2561967372894287, -0.7186749577522278, -0.