{
  "0": [{"cam_R_m2c": [-0.5940614938735962, 0.03835039958357811, 0.8035051226615906, 0.21965190768241882, -0.9531709551811218, 0.20789064466953278, 0.7738503217697144, 0.2999912202358246, 0.5578181147575378], "cam_t_m2c": [11.857586860656738, -21.96266746520996, 1408.37841796875], "obj_id": 1}, {"cam_R_m2c": [-0.4048105478286743, -0.8017241358757019, 0.43973520398139954, -0.3185456395149231, -0.3271312117576599, -0.889670729637146, 0.8571215271949768, -0.5002237558364868, -0.1229596808552742], "cam_t_m2c": [167.09251403808594, 31.561241149902344, 1203.0921630859375], "obj_id": 1}, {"cam_R_m2c": [-0.6420516967773438, 0.5895904898643494, -0.4900537133216858, -0.7208703756332397, -0.24666966497898102, 0.6476881504058838, 0.26098939776420593, 0.7691144943237305, 0.5833930373191833], "cam_t_m2c": [51.839698791503906, -20.73365020751953, 1214.9951171875], "obj_id": 1}],
  "1": [{"cam_R_m2c": [-0.412436842918396, -0.8375517129898071, 0.3583333492279053, 0.7672227621078491, -0.531435489654541, -0.3590897023677826, 0.49118733406066895, 0.1268196552991867, 0.8617724776268005], "cam_t_m2c": [-140.11463928222656, 58.9847412109375, 1075.9490966796875], "obj_id": 1}, {"cam_R_m2c": [-0.7695073485374451, -0.4720558822154999, -0.4301411807537079, 0.31884443759918213, 0.29960981011390686, -0.8992063403129578, 0.5533501505851746, -0.8290941119194031, -0.08003944903612137], "cam_t_m2c": [55.532535552978516, -75.62384033203125, 963.3828125], "obj_id": 1}, {"cam_R_m2c": [-0.982142984867096, -0.1826629489660263, 0.045046623796224594, 0.11921199411153793, -0.41899871826171875, 0.9001268744468689, -0.1455453634262085, 0.8894234895706177, 0.433292418718338], "cam_t_m2c": [-47.479942321777344, -16.01481819152832, 918.426513671875], "obj_id": 1}]
}