{
  "0": [{"cam_R_m2c": [-0.2634408473968506, -0.7037947773933411, 0.6597513556480408, -0.5530233383178711, 0.6705529689788818, 0.4944935142993927, -0.7904201745986938, -0.2345881164073944, -0.5658659934997559], "cam_t_m2c": [-99.08074188232422, 432.8378601074219, 926.9284057617188], "obj_id": 2}, {"cam_R_m2c": [0.400784969329834, -0.16626937687397003, 0.9009582996368408, -0.6770685911178589, -0.7162503004074097, 0.16900715231895447, 0.6172110438346863, -0.6777461171150208, -0.3996380865573883], "cam_t_m2c": [-99.08074188232422, 432.8378601074219, 926.9284057617188], "obj_id": 1}, {"cam_R_m2c": [0.055488958954811096, -0.39386945962905884, -0.9174899458885193, -0.980947732925415, -0.1928497701883316, 0.02346174232661724, -0.18617862462997437, 0.8987078070640564, -0.3970663547515869], "cam_t_m2c": [-99.08074188232422, 432.8378601074219, 926.9284057617188], "obj_id": 0}, {"cam_R_m2c": [-0.7904298901557922, 0.5649692416191101, 0.23670640587806702, -0.5690291523933411, -0.8202894926071167, 0.057711631059646606, 0.22677311301231384, -0.08907584100961685, 0.9698656797409058], "cam_t_m2c": [-99.08074188232422, 432.8378601074219, 926.9284057617188], "obj_id": 0}, {"cam_R_m2c": [0.08933380246162415, 0.2066357135772705, -0.9743309617042542, -0.9605351090431213, -0.24085161089897156, -0.13914844393730164, -0.26342248916625977, 0.9483098983764648, 0.17696495354175568], "cam_t_m2c": [-99.08074188232422, 432.8378601074219, 926.9284057617188], "obj_id": 0}, {"cam_R_m2c": [-0.3655175566673279, -0.9307502508163452, -0.010036668740212917, 0.07371038943529129, -0.039692532271146774, 0.996489405632019, -0.9278812408447266, 0.3634946346282959, 0.08311434835195541], "cam_t_m2c": [-99.08074188232422, 432.8378601074219, 926.9284057617188], "obj_id": 1}, {"cam_R_m2c": [-0.5618790984153748, 0.76509028673172, 0.31452906131744385, -0.2748965620994568, -0.5313123464584351, 0.8013356328010559, 0.7802073955535889, 0.3637908697128296, 0.5088541507720947], "cam_t_m2c": [-99.08074188232422, 432.8378601074219, 926.9284057617188], "obj_id": 2}, {"cam_R_m2c": [-0.5259818434715271, 0.692483127117157, -0.49377140402793884, -0.7143542766571045, -0.04463282600045204, 0.6983594298362732, 0.46156370639801025, 0.7200520634651184, 0.5181543827056885], "cam_t_m2c": [-99.08074188232422, 432.8378601074219, 926.9284057617188], "obj_id": 1}, {"cam_R_m2c": [0.15397539734840393, -0.8409554362297058, 0.5187346339225769, -0.872448742389679, 0.13072608411312103, 0.4708969295024872, -0.46381548047065735, -0.5250759720802307, -0.7135619521141052], "cam_t_m2c": [-99.08074188232422, 432.8378601074219, 926.9284057617188], "obj_id": 1}, {"cam_R_m2c": [-0.5340501070022583, 0.8024272322654724, -0.2662721574306488, 0.8232554793357849, 0.5652589201927185, 0.05227511748671532, 0.19245968759059906, -0.19129249453544617, -0.9624792337417603], "cam_t_m2c": [-99.08074188232422, 432.8378601074219, 926.9284057617188], "obj_id": 0}],
  "1": [{"cam_R_m2c": [-0.2634408473968506, -0.7037947773933411, 0.6597513556480408, -0.5530233383178711, 0.6705529689788818, 0.4944935142993927, -0.7904201745986938, -0.2345881164073944, -0.5658659934997559], "cam_t_m2c": [-99.08074188232422, 432.8378601074219, 926.9284057617188], "obj_id": 2}, {"cam_R_m2c": [0.400784969329834, -0.16626937687397003, 0.9009582996368408, -0.6770685911178589, -0.7162503004074097, 0.16900715231895447, 0.6172110438346863, -0.6777461171150208, -0.3996380865573883], "cam_t_m2c": [-99.08074188232422, 432.8378601074219, 926.9284057617188], "obj_id": 1}, {"cam_R_m2c": [0.055488958954811096, -0.39386945962905884, -0.9174899458885193, -0.980947732925415, -0.1928497701883316, 0.02346174232661724, -0.18617862462997437, 0.8987078070640564, -0.3970663547515869], "cam_t_m2c": [-99.08074188232422, 432.8378601074219, 926.9284057617188], "obj_id": 0}, {"cam_R_m2c": [-0.7904298901557922, 0.5649692416191101, 0.23670640587806702, -0.5690291523933411, -0.8202894926071167, 0.057711631059646606, 0.22677311301231384, -0.08907584100961685, 0.9698656797409058], "cam_t_m2c": [-99.08074188232422, 432.8378601074219, 926.9284057617188], "obj_id": 0}, {"cam_R_m2c": [0.08933380246162415, 0.2066357135772705, -0.9743309617042542, -0.9605351090431213, -0.24085161089897156, -0.13914844393730164, -0.26342248916625977, 0.9483098983764648, 0.17696495354175568], "cam_t_m2c": [-99.08074188232422, 432.8378601074219, 926.9284057617188], "obj_id": 0}, {"cam_R_m2c": [-0.3655175566673279, -0.9307502508163452, -0.010036668740212917, 0.07371038943529129, -0.039692532271146774, 0.996489405632019, -0.9278812408447266, 0.3634946346282959, 0.08311434835195541], "cam_t_m2c": [-99.08074188232422, 432.8378601074219, 926.9284057617188], "obj_id": 1}, {"cam_R_m2c": [-0.5618790984153748, 0.76509028673172, 0.31452906131744385, -0.2748965620994568, -0.5313123464584351, 0.8013356328010559, 0.7802073955535889, 0.3637908697128296, 0.5088541507720947], "cam_t_m2c": [-99.08074188232422, 432.8378601074219, 926.9284057617188], "obj_id": 2}, {"cam_R_m2c": [-0.5259818434715271, 0.692483127117157, -0.49377140402793884, -0.7143542766571045, -0.04463282600045204, 0.6983594298362732, 0.46156370639801025, 0.7200520634651184, 0.5181543827056885], "cam_t_m2c": [-99.08074188232422, 432.8378601074219, 926.9284057617188], "obj_id": 1}, {"cam_R_m2c": [0.15397539734840393, -0.8409554362297058, 0.5187346339225769, -0.872448742389679, 0.13072608411312103, 0.4708969295024872, -0.46381548047065735, -0.5250759720802307, -0.7135619521141052], "cam_t_m2c": [-99.08074188232422, 432.8378601074219, 926.9284057617188], "obj_id": 1}, {"cam_R_m2c": [-0.5340501070022583, 0.8024272322654724, -0.2662721574306488, 0.8232554793357849, 0.5652589201927185, 0.05227511748671532, 0.19245968759059906, -0.19129249453544617, -0.9624792337417603], "cam_t_m2c": [-99.08074188232422, 432.8378601074219, 926.9284057617188], "obj_id": 0}],
  "2": [{"cam_R_m2c": [-0.2634408473968506, -0.7037947773933411, 0.6597513556480408, -0.5530233383178711, 0.6705529689788818, 0.4944935142993927, -0.7904201745986938, -0.2345881164073944, -0.5658659934997559], "cam_t_m2c": [-99.08074188232422, 432.8378601074219, 926.9284057617188], "obj_id": 2}, {"cam_R_m2c": [0.400784969329834, -0.16626937687397003, 0.9009582996368408, -0.6770685911178589, -0.7162503004074097, 0.16900715231895447, 0.6172110438346863, -0.6777461171150208, -0.3996380865573883], "cam_t_m2c": [-99.08074188232422, 432.8378601074219, 926.9284057617188], "obj_id": 1}, {"cam_R_m2c": [0.055488958954811096, -0.39386945962905884, -0.9174899458885193, -0.980947732925415, -0.1928497701883316, 0.02346174232661724, -0.18617862462997437, 0.8987078070640564, -0.3970663547515869], "cam_t_m2c": [-99.08074188232422, 432.8378601074219, 926.9284057617188], "obj_id": 0}, {"cam_R_m2c": [-0.7904298901557922, 0.5649692416191101, 0.23670640587806702, -0.5690291523933411, -0.8202894926071167, 0.057711631059646606, 0.22677311301231384, -0.08907584100961685, 0.9698656797409058], "cam_t_m2c": [-99.08074188232422, 432.8378601074219, 926.9284057617188], "obj_id": 0}, {"cam_R_m2c": [0.08933380246162415, 0.2066357135772705, -0.9743309617042542, -0.9605351090431213, -0.24085161089897156, -0.13914844393730164, -0.26342248916625977, 0.9483098983764648, 0.17696495354175568], "cam_t_m2c": [-99.08074188232422, 432.8378601074219, 926.9284057617188], "obj_id": 0}, {"cam_R_m2c": [-0.3655175566673279, -0.9307502508163452, -0.010036668740212917, 0.07371038943529129, -0.039692532271146774, 0.996489405632019, -0.9278812408447266, 0.3634946346282959, 0.08311434835195541], "cam_t_m2c": [-99.08074188232422, 432.8378601074219, 926.9284057617188], "obj_id": 1}, {"cam_R_m2c": [-0.5618790984153748, 0.76509028673172, 0.31452906131744385, -0.2748965620994568, -0.5313123464584351, 0.8013356328010559, 0.7802073955535889, 0.3637908697128296, 0.5088541507720947], "cam_t_m2c": [-99.08074188232422, 432.8378601074219, 926.9284057617188], "obj_id": 2}, {"cam_R_m2c": [-0.5259818434715271, 0.692483127117157, -0.49377140402793884, -0.7143542766571045, -0.04463282600045204, 0.6983594298362732, 0.46156370639801025, 0.7200520634651184, 0.5181543827056885], "cam_t_m2c": [-99.08074188232422, 432.8378601074219, 926.9284057617188], "obj_id": 1}, {"cam_R_m2c": [0.15397539734840393, -0.8409554362297058, 0.5187346339225769, -0.872448742389679, 0.13072608411312103, 0.4708969295024872, -0.46381548047065735, -0.5250759720802307, -0.7135619521141052], "cam_t_m2c": [-99.08074188232422, 432.8378601074219, 926.9284057617188], "obj_id": 1}, {"cam_R_m2c": [-0.5340501070022583, 0.8024272322654724, -0.2662721574306488, 0.8232554793357849, 0.5652589201927185, 0.05227511748671532, 0.19245968759059906, -0.19129249453544617, -0.9624792337417603], "cam_t_m2c": [-99.08074188232422, 432.8378601074219, 926.9284057617188], "obj_id": 0}],
  "3": [{"cam_R_m2c": [-0.2634408473968506, -0.7037947773933411, 0.6597513556480408, -0.5530233383178711, 0.6705529689788818, 0.4944935142993927, -0.7904201745986938, -0.2345881164073944, -0.5658659934997559], "cam_t_m2c": [-99.08074188232422, 432.8378601074219, 926.9284057617188], "obj_id": 2}, {"cam_R_m2c": [0.400784969329834, -0.16626937687397003, 0.9009582996368408, -0.6770685911178589, -0.7162503004074097, 0.16900715231895447, 0.6172110438346863, -0.6777461171150208, -0.3996380865573883], "cam_t_m2c": [-99.08074188232422, 432.8378601074219, 926.9284057617188], "obj_id": 1}, {"cam_R_m2c": [0.055488958954811096, -0.39386945962905884, -0.9174899458885193, -0.980947732925415, -0.1928497701883316, 0.02346174232661724, -0.18617862462997437, 0.8987078070640564, -0.3970663547515869], "cam_t_m2c": [-99.08074188232422, 432.8378601074219, 926.9284057617188], "obj_id": 0}, {"cam_R_m2c": [-0.7904298901557922, 0.5649692416191101, 0.23670640587806702, -0.5690291523933411, -0.8202894926071167, 0.057711631059646606, 0.22677311301231384, -0.08907584100961685, 0.9698656797409058], "cam_t_m2c": [-99.08074188232422, 432.8378601074219, 926.9284057617188], "obj_id": 0}, {"cam_R_m2c": [0.08933380246162415, 0.2066357135772705, -0.9743309617042542, -0.9605351090431213, -0.24085161089897156, -0.13914844393730164, -0.26342248916625977, 0.9483098983764648, 0.17696495354175568], "cam_t_m2c": [-99.08074188232422, 432.8378601074219, 926.9284057617188], "obj_id": 0}, {"cam_R_m2c": [-0.3655175566673279, -0.9307502508163452, -0.010036668740212917, 0.07371038943529129, -0.039692532271146774, 0.996489405632019, -0.9278812408447266, 0.3634946346282959, 0.08311434835195541], "cam_t_m2c": [-99.08074188232422, 432.8378601074219, 926.9284057617188], "obj_id": 1}, {"cam_R_m2c": [-0.5618790984153748, 0.76509028673172, 0.31452906131744385, -0.2748965620994568, -0.5313123464584351, 0.8013356328010559, 0.7802073955535889, 0.3637908697128296, 0.5088541507720947], "cam_t_m2c": [-99.08074188232422, 432.8378601074219, 926.9284057617188], "obj_id": 2}, {"cam_R_m2c": [-0.5259818434715271, 0.692483127117157, -0.49377140402793884, -0.7143542766571045, -0.04463282600045204, 0.6983594298362732, 0.46156370639801025, 0.7200520634651184, 0.5181543827056885], "cam_t_m2c": [-99.08074188232422, 432.8378601074219, 926.9284057617188], "obj_id": 1}, {"cam_R_m2c": [0.15397539734840393, -0.8409554362297058, 0.5187346339225769, -0.872448742389679, 0.13072608411312103, 0.4708969295024872, -0.46381548047065735, -0.5250759720802307, -0.7135619521141052], "cam_t_m2c": [-99.08074188232422, 432.8378601074219, 926.9284057617188], "obj_id": 1}, {"cam_R_m2c": [-0.5340501070022583, 0.8024272322654724, -0.2662721574306488, 0.8232554793357849, 0.5652589201927185, 0.05227511748671532, 0.19245968759059906, -0.19129249453544617, -0.9624792337417603], "cam_t_m2c": [-99.08074188232422, 432.8378601074219, 926.9284057617188], "obj_id": 0}],
  "4": [{"cam_R_m2c": [-0.2634408473968506, -0.7037947773933411, 0.6597513556480408, -0.5530233383178711, 0.6705529689788818, 0.4944935142993927, -0.7904201745986938, -0.2345881164073944, -0.5658659934997559], "cam_t_m2c": [-99.08074188232422, 432.8378601074219, 926.9284057617188], "obj_id": 2}, {"cam_R_m2c": [0.400784969329834, -0.16626937687397003, 0.9009582996368408, -0.6770685911178589, -0.7162503004074097, 0.16900715231895447, 0.6172110438346863, -0.6777461171150208, -0.3996380865573883], "cam_t_m2c": [-99.08074188232422, 432.8378601074219, 926.9284057617188], "obj_id": 1}, {"cam_R_m2c": [0.055488958954811096, -0.39386945962905884, -0.9174899458885193, -0.980947732925415, -0.1928497701883316, 0.02346174232661724, -0.18617862462997437, 0.8987078070640564, -0.3970663547515869], "cam_t_m2c": [-99.08074188232422, 432.8378601074219, 926.9284057617188], "obj_id": 0}, {"cam_R_m2c": [-0.7904298901557922, 0.5649692416191101, 0.23670640587806702, -0.5690291523933411, -0.8202894926071167, 0.057711631059646606, 0.22677311301231384, -0.08907584100961685, 0.9698656797409058], "cam_t_m2c": [-99.08074188232422, 432.8378601074219, 926.9284057617188], "obj_id": 0}, {"cam_R_m2c": [0.08933380246162415, 0.2066357135772705, -0.9743309617042542, -0.9605351090431213, -0.24085161089897156, -0.13914844393730164, -0.26342248916625977, 0.9483098983764648, 0.17696495354175568], "cam_t_m2c": [-99.08074188232422, 432.8378601074219, 926.9284057617188], "obj_id": 0}, {"cam_R_m2c": [-0.3655175566673279, -0.9307502508163452, -0.010036668740212917, 0.07371038943529129, -0.039692532271146774, 0.996489405632019, -0.9278812408447266, 0.3634946346282959, 0.08311434835195541], "cam_t_m2c": [-99.08074188232422, 432.8378601074219, 926.9284057617188], "obj_id": 1}, {"cam_R_m2c": [-0.5618790984153748, 0.76509028673172, 0.31452906131744385, -0.2748965620994568, -0.5313123464584351, 0.8013356328010559, 0.7802073955535889, 0.3637908697128296, 0.5088541507720947], "cam_t_m2c": [-99.08074188232422, 432.8378601074219, 926.9284057617188], "obj_id": 2}, {"cam_R_m2c": [-0.5259818434715271, 0.692483127117157, -0.49377140402793884, -0.7143542766571045, -0.04463282600045204, 0.6983594298362732, 0.46156370639801025, 0.7200520634651184, 0.5181543827056885], "cam_t_m2c": [-99.08074188232422, 432.8378601074219, 926.9284057617188], "obj_id": 1}, {"cam_R_m2c": [0.15397539734840393, -0.8409554362297058, 0.5187346339225769, -0.872448742389679, 0.13072608411312103, 0.4708969295024872, -0.46381548047065735, -0.5250759720802307, -0.7135619521141052], "cam_t_m2c": [-99.08074188232422, 432.8378601074219, 926.9284057617188], "obj_id": 1}, {"cam_R_m2c": [-0.5340501070022583, 0.8024272322654724, -0.2662721574306488, 0.8232554793357849, 0.5652589201927185, 0.05227511748671532, 0.19245968759059906, -0.19129249453544617, -0.9624792337417603], "cam_t_m2c": [-99.08074188232422, 432.8378601074219, 926.9284057617188], "obj_id": 0}],
  "5": [{"cam_R_m2c": [-0.2634408473968506, -0.7037947773933411, 0.6597513556480408, -0.5530233383178711, 0.6705529689788818, 0.4944935142993927, -0.7904201745986938, -0.2345881164073944, -0.5658659934997559], "cam_t_m2c": [-99.08074188232422, 432.8378601074219, 926.9284057617188], "obj_id": 2}, {"cam_R_m2c": [0.400784969329834, -0.16626937687397003, 0.9009582996368408, -0.6770685911178589, -0.7162503004074097, 0.16900715231895447, 0.6172110438346863, -0.6777461171150208, -0.3996380865573883], "cam_t_m2c": [-99.08074188232422, 432.8378601074219, 926.9284057617188], "obj_id": 1}, {"cam_R_m2c": [0.055488958954811096, -0.39386945962905884, -0.9174899458885193, -0.980947732925415, -0.1928497701883316, 0.02346174232661724, -0.18617862462997437, 0.8987078070640564, -0.3970663547515869], "cam_t_m2c": [-99.08074188232422, 432.8378601074219, 926.9284057617188], "obj_id": 0}, {"cam_R_m2c": [-0.7904298901557922, 0.5649692416191101, 0.23670640587806702, -0.5690291523933411, -0.8202894926071167, 0.057711631059646606, 0.22677311301231384, -0.08907584100961685, 0.9698656797409058], "cam_t_m2c": [-99.08074188232422, 432.8378601074219, 926.9284057617188], "obj_id": 0}, {"cam_R_m2c": [0.08933380246162415, 0.2066357135772705, -0.9743309617042542, -0.9605351090431213, -0.24085161089897156, -0.13914844393730164, -0.26342248916625977, 0.9483098983764648, 0.17696495354175568], "cam_t_m2c": [-99.08074188232422, 432.8378601074219, 926.9284057617188], "obj_id": 0}, {"cam_R_m2c": [-0.3655175566673279, -0.9307502508163452, -0.010036668740212917, 0.07371038943529129, -0.039692532271146774, 0.996489405632019, -0.9278812408447266, 0.3634946346282959, 0.08311434835195541], "cam_t_m2c": [-99.08074188232422, 432.8378601074219, 926.9284057617188], "obj_id": 1}, {"cam_R_m2c": [-0.5618790984153748, 0.76509028673172, 0.31452906131744385, -0.2748965620994568, -0.5313123464584351, 0.8013356328010559, 0.7802073955535889, 0.3637908697128296, 0.5088541507720947], "cam_t_m2c": [-99.08074188232422, 432.8378601074219, 926.9284057617188], "obj_id": 2}, {"cam_R_m2c": [-0.5259818434715271, 0.692483127117157, -0.49377140402793884, -0.7143542766571045, -0.04463282600045204, 0.6983594298362732, 0.46156370639801025, 0.7200520634651184, 0.5181543827056885], "cam_t_m2c": [-99.08074188232422, 432.8378601074219, 926.9284057617188], "obj_id": 1}, {"cam_R_m2c": [0.15397539734840393, -0.8409554362297058, 0.5187346339225769, -0.872448742389679, 0.13072608411312103, 0.4708969295024872, -0.46381548047065735, -0.5250759720802307, -0.7135619521141052], "cam_t_m2c": [-99.08074188232422, 432.8378601074219, 926.9284057617188], "obj_id": 1}, {"cam_R_m2c": [-0.5340501070022583, 0.8024272322654724, -0.2662721574306488, 0.8232554793357849, 0.5652589201927185, 0.05227511748671532, 0.19245968759059906, -0.19129249453544617, -0.9624792337417603], "cam_t_m2c": [-99.08074188232422, 432.8378601074219, 926.9284057617188], "obj_id": 0}],
  "6": [{"cam_R_m2c": [-0.2634408473968506, -0.7037947773933411, 0.6597513556480408, -0.5530233383178711, 0.6705529689788818, 0.4944935142993927, -0.7904201745986938, -0.2345881164073944, -0.5658659934997559], "cam_t_m2c": [-99.08074188232422, 432.8378601074219, 926.9284057617188], "obj_id": 2}, {"cam_R_m2c": [0.400784969329834, -0.16626937687397003, 0.9009582996368408, -0.6770685911178589, -0.7162503004074097, 0.16900715231895447, 0.6172110438346863, -0.6777461171150208, -0.3996380865573883], "cam_t_m2c": [-99.08074188232422, 432.8378601074219, 926.9284057617188], "obj_id": 1}, {"cam_R_m2c": [0.055488958954811096, -0.39386945962905884, -0.9174899458885193, -0.980947732925415, -0.1928497701883316, 0.02346174232661724, -0.18617862462997437, 0.8987078070640564, -0.3970663547515869], "cam_t_m2c": [-99.08074188232422, 432.8378601074219, 926.9284057617188], "obj_id": 0}, {"cam_R_m2c": [-0.7904298901557922, 0.5649692416191101, 0.23670640587806702, -0.5690291523933411, -0.8202894926071167, 0.057711631059646606, 0.22677311301231384, -0.08907584100961685, 0.9698656797409058], "cam_t_m2c": [-99.08074188232422, 432.8378601074219, 926.9284057617188], "obj_id": 0}, {"cam_R_m2c": [0.08933380246162415, 0.2066357135772705, -0.9743309617042542, -0.9605351090431213, -0.24085161089897156, -0.13914844393730164, -0.26342248916625977, 0.9483098983764648, 0.17696495354175568], "cam_t_m2c": [-99.08074188232422, 432.8378601074219, 926.9284057617188], "obj_id": 0}, {"cam_R_m2c": [-0.3655175566673279, -0.9307502508163452, -0.010036668740212917, 0.07371038943529129, -0.039692532271146774, 0.996489405632019, -0.9278812408447266, 0.3634946346282959, 0.08311434835195541], "cam_t_m2c": [-99.08074188232422, 432.8378601074219, 926.9284057617188], "obj_id": 1}, {"cam_R_m2c": [-0.5618790984153748, 0.76509028673172, 0.31452906131744385, -0.2748965620994568, -0.5313123464584351, 0.8013356328010559, 0.7802073955535889, 0.3637908697128296, 0.5088541507720947], "cam_t_m2c": [-99.08074188232422, 432.8378601074219, 926.9284057617188], "obj_id": 2}, {"cam_R_m2c": [-0.5259818434715271, 0.692483127117157, -0.49377140402793884, -0.7143542766571045, -0.04463282600045204, 0.6983594298362732, 0.46156370639801025, 0.7200520634651184, 0.5181543827056885], "cam_t_m2c": [-99.08074188232422, 432.8378601074219, 926.9284057617188], "obj_id": 1}, {"cam_R_m2c": [0.15397539734840393, -0.8409554362297058, 0.5187346339225769, -0.872448742389679, 0.13072608411312103, 0.4708969295024872, -0.46381548047065735, -0.5250759720802307, -0.7135619521141052], "cam_t_m2c": [-99.08074188232422, 432.8378601074219, 926.9284057617188], "obj_id": 1}, {"cam_R_m2c": [-0.5340501070022583, 0.8024272322654724, -0.2662721574306488, 0.8232554793357849, 0.5652589201927185, 0.05227511748671532, 0.19245968759059906, -0.19129249453544617, -0.9624792337417603], "cam_t_m2c": [-99.08074188232422, 432.8378601074219, 926.9284057617188], "obj_id": 0}],
  "7": [{"cam_R_m2c": [-0.2634408473968506, -0.7037947773933411, 0.6597513556480408, -0.5530233383178711, 0.6705529689788818, 0.4944935142993927, -0.7904201745986938, -0.2345881164073944, -0.5658659934997559], "cam_t_m2c": [-99.08074188232422, 432.8378601074219, 926.9284057617188], "obj_id": 2}, {"cam_R_m2c": [0.400784969329834, -0.16626937687397003, 0.9009582996368408, -0.6770685911178589, -0.7162503004074097, 0.16900715231895447, 0.6172110438346863, -0.6777461171150208, -0.3996380865573883], "cam_t_m2c": [-99.08074188232422, 432.8378601074219, 926.9284057617188], "obj_id": 1}, {"cam_R_m2c": [0.055488958954811096, -0.39386945962905884, -0.9174899458885193, -0.980947732925415, -0.1928497701883316, 0.02346174232661724, -0.18617862462997437, 0.8987078070640564, -0.3970663547515869], "cam_t_m2c": [-99.08074188232422, 432.8378601074219, 926.9284057617188], "obj_id": 0}, {"cam_R_m2c": [-0.7904298901557922, 0.5649692416191101, 0.23670640587806702, -0.5690291523933411, -0.8202894926071167, 0.057711631059646606, 0.22677311301231384, -0.08907584100961685, 0.9698656797409058], "cam_t_m2c": [-99.08074188232422, 432.8378601074219, 926.9284057617188], "obj_id": 0}, {"cam_R_m2c": [0.08933380246162415, 0.2066357135772705, -0.9743309617042542, -0.9605351090431213, -0.24085161089897156, -0.13914844393730164, -0.26342248916625977, 0.9483098983764648, 0.17696495354175568], "cam_t_m2c": [-99.08074188232422, 432.8378601074219, 926.9284057617188], "obj_id": 0}, {"cam_R_m2c": [-0.3655175566673279, -0.9307502508163452, -0.010036668740212917, 0.07371038943529129, -0.039692532271146774, 0.996489405632019, -0.9278812408447266, 0.3634946346282959, 0.08311434835195541], "cam_t_m2c": [-99.08074188232422, 432.8378601074219, 926.9284057617188], "obj_id": 1}, {"cam_R_m2c": [-0.5618790984153748, 0.76509028673172, 0.31452906131744385, -0.2748965620994568, -0.5313123464584351, 0.8013356328010559, 0.7802073955535889, 0.3637908697128296, 0.5088541507720947], "cam_t_m2c": [-99.08074188232422, 432.8378601074219, 926.9284057617188], "obj_id": 2}, {"cam_R_m2c": [-0.5259818434715271, 0.692483127117157, -0.49377140402793884, -0.7143542766571045, -0.04463282600045204, 0.6983594298362732, 0.46156370639801025, 0.7200520634651184, 0.5181543827056885], "cam_t_m2c": [-99.08074188232422, 432.8378601074219, 926.9284057617188], "obj_id": 1}, {"cam_R_m2c": [0.15397539734840393, -0.8409554362297058, 0.5187346339225769, -0.872448742389679, 0.13072608411312103, 0.4708969295024872, -0.46381548047065735, -0.5250759720802307, -0.7135619521141052], "cam_t_m2c": [-99.08074188232422, 432.8378601074219, 926.9284057617188], "obj_id": 1}, {"cam_R_m2c": [-0.5340501070022583, 0.8024272322654724, -0.2662721574306488, 0.8232554793357849, 0.5652589201927185, 0.05227511748671532, 0.19245968759059906, -0.19129249453544617, -0.9624792337417603], "cam_t_m2c": [-99.08074188232422, 432.8378601074219, 926.9284057617188], "obj_id": 0}],
  "8": [{"cam_R_m2c": [-0.2634408473968506, -0.7037947773933411, 0.6597513556480408, -0.5530233383178711, 0.6705529689788818, 0.4944935142993927, -0.7904201745986938, -0.2345881164073944, -0.5658659934997559], "cam_t_m2c": [-99.08074188232422, 432.8378601074219, 926.9284057617188], "obj_id": 2}, {"cam_R_m2c": [0.400784969329834, -0.16626937687397003, 0.9009582996368408, -0.6770685911178589, -0.7162503004074097, 0.16900715231895447, 0.6172110438346863, -0.6777461171150208, -0.3996380865573883], "cam_t_m2c": [-99.08074188232422, 432.8378601074219, 926.9284057617188], "obj_id": 1}, {"cam_R_m2c": [0.055488958954811096, -0.39386945962905884, -0.9174899458885193, -0.980947732925415, -0.1928497701883316, 0.02346174232661724, -0.18617862462997437, 0.8987078070640564, -0.3970663547515869], "cam_t_m2c": [-99.08074188232422, 432.8378601074219, 926.9284057617188], "obj_id": 0}, {"cam_R_m2c": [-0.7904298901557922, 0.5649692416191101, 0.23670640587806702, -0.5690291523933411, -0.8202894926071167, 0.057711631059646606, 0.22677311301231384, -0.08907584100961685, 0.9698656797409058], "cam_t_m2c": [-99.08074188232422, 432.8378601074219, 926.9284057617188], "obj_id": 0}, {"cam_R_m2c": [0.08933380246162415, 0.2066357135772705, -0.9743309617042542, -0.9605351090431213, -0.24085161089897156, -0.13914844393730164, -0.26342248916625977, 0.9483098983764648, 0.17696495354175568], "cam_t_m2c": [-99.08074188232422, 432.8378601074219, 926.9284057617188], "obj_id": 0}, {"cam_R_m2c": [-0.3655175566673279, -0.9307502508163452, -0.010036668740212917, 0.07371038943529129, -0.039692532271146774, 0.996489405632019, -0.9278812408447266, 0.3634946346282959, 0.08311434835195541], "cam_t_m2c": [-99.08074188232422, 432.8378601074219, 926.9284057617188], "obj_id": 1}, {"cam_R_m2c": [-0.5618790984153748, 0.76509028673172, 0.31452906131744385, -0.2748965620994568, -0.5313123464584351, 0.8013356328010559, 0.7802073955535889, 0.3637908697128296, 0.5088541507720947], "cam_t_m2c": [-99.08074188232422, 432.8378601074219, 926.9284057617188], "obj_id": 2}, {"cam_R_m2c": [-0.5259818434715271, 0.692483127117157, -0.49377140402793884, -0.7143542766571045, -0.04463282600045204, 0.6983594298362732, 0.46156370639801025, 0.7200520634651184, 0.5181543827056885], "cam_t_m2c": [-99.08074188232422, 432.8378601074219, 926.9284057617188], "obj_id": 1}, {"cam_R_m2c": [0.15397539734840393, -0.8409554362297058, 0.5187346339225769, -0.872448742389679, 0.13072608411312103, 0.4708969295024872, -0.46381548047065735, -0.5250759720802307, -0.7135619521141052], "cam_t_m2c": [-99.08074188232422, 432.8378601074219, 926.9284057617188], "obj_id": 1}, {"cam_R_m2c": [-0.5340501070022583, 0.8024272322654724, -0.2662721574306488, 0.8232554793357849, 0.5652589201927185, 0.05227511748671532, 0.19245968759059906, -0.19129249453544617, -0.9624792337417603], "cam_t_m2c": [-99.08074188232422, 432.8378601074219, 926.9284057617188], "obj_id": 0}],
  "9": [{"cam_R_m2c": [-0.2634408473968506, -0.7037947773933411, 0.6597513556480408, -0.5530233383178711, 0.6705529689788818, 0.4944935142993927, -0.7904201745986938, -0.2345881164073944, -0.5658659934997559], "cam_t_m2c": [-99.08074188232422, 432.8378601074219, 926.9284057617188], "obj_id": 2}, {"cam_R_m2c": [0.400784969329834, -0.16626937687397003, 0.9009582996368408, -0.6770685911178589, -0.7162503004074097, 0.16900715231895447, 0.6172110438346863, -0.6777461171150208, -0.3996380865573883], "cam_t_m2c": [-99.08074188232422, 432.8378601074219, 926.9284057617188], "obj_id": 1}, {"cam_R_m2c": [0.055488958954811096, -0.39386945962905884, -0.9174899458885193, -0.980947732925415, -0.1928497701883316, 0.02346174232661724, -0.18617862462997437, 0.8987078070640564, -0.3970663547515869], "cam_t_m2c": [-99.08074188232422, 432.8378601074219, 926.9284057617188], "obj_id": 0}, {"cam_R_m2c": [-0.7904298901557922, 0.5649692416191101, 0.23670640587806702, -0.5690291523933411, -0.8202894926071167, 0.057711631059646606, 0.22677311301231384, -0.08907584100961685, 0.9698656797409058], "cam_t_m2c": [-99.08074188232422, 432.8378601074219, 926.9284057617188], "obj_id": 0}, {"cam_R_m2c": [0.08933380246162415, 0.2066357135772705, -0.9743309617042542, -0.9605351090431213, -0.24085161089897156, -0.13914844393730164, -0.26342248916625977, 0.9483098983764648, 0.17696495354175568], "cam_t_m2c": [-99.08074188232422, 432.8378601074219, 926.9284057617188], "obj_id": 0}, {"cam_R_m2c": [-0.3655175566673279, -0.9307502508163452, -0.010036668740212917, 0.07371038943529129, -0.039692532271146774, 0.996489405632019, -0.9278812408447266, 0.3634946346282959, 0.08311434835195541], "cam_t_m2c": [-99.08074188232422, 432.8378601074219, 926.9284057617188], "obj_id": 1}, {"cam_R_m2c": [-0.5618790984153748, 0.76509028673172, 0.31452906131744385, -0.2748965620994568, -0.5313123464584351, 0.8013356328010559, 0.7802073955535889, 0.3637908697128296, 0.5088541507720947], "cam_t_m2c": [-99.08074188232422, 432.8378601074219, 926.9284057617188], "obj_id": 2}, {"cam_R_m2c": [-0.5259818434715271, 0.692483127117157, -0.49377140402793884, -0.7143542766571045, -0.04463282600045204, 0.6983594298362732, 0.46156370639801025, 0.7200520634651184, 0.5181543827056885], "cam_t_m2c": [-99.08074188232422, 432.8378601074219, 926.9284057617188], "obj_id": 1}, {"cam_R_m2c": [0.15397539734840393, -0.8409554362297058, 0.5187346339225769, -0.872448742389679, 0.13072608411312103, 0.4708969295024872, -0.46381548047065735, -0.5250759720802307, -0.7135619521141052], "cam_t_m2c": [-99.08074188232422, 432.8378601074219, 926.9284057617188], "obj_id": 1}, {"cam_R_m2c": [-0.5340501070022583, 0.8024272322654724, -0.2662721574306488, 0.8232554793357849, 0.5652589201927185, 0.05227511748671532, 0.19245968759059906, -0.19129249453544617, -0.9624792337417603], "cam_t_m2c": [-99.08074188232422, 432.8378601074219, 926.9284057617188], "obj_id": 0}]
}