{
  "0": [{"cam_R_m2c": [-0.39015716314315796, -0.8964579701423645, -0.21009646356105804, -0.06466621905565262, -0.20093794167041779, 0.9774672389030457, -0.9184746742248535, 0.3949519991874695, 0.020426826551556587], "cam_t_m2c": [-58.16098403930664, 22.46591567993164, 987.0001220703125], "obj_id": 3}, {"cam_R_m2c": [-0.46166157722473145, 0.8693612217903137, 0.17629456520080566, 0.8723723292350769, 0.4089510142803192, 0.26781636476516724, 0.16073331236839294, 0.2774350047111511, -0.9472036957740784], "cam_t_m2c": [-84.57231140136719, 50.31730270385742, 1057.2508544921875], "obj_id": 3}, {"cam_R_m2c": [-0.016322825103998184, 0.5970588326454163, 0.8020315170288086, -0.9512283802032471, -0.2564091384410858, 0.17152024805545807, 0.3080557882785797, -0.760115385055542, 0.5721244215965271], "cam_t_m2c": [-108.19537353515625, -81.18257904052734, 1124.4527587890625], "obj_id": 2}, {"cam_R_m2c": [0.11371926963329315, 0.6045143604278564, -0.7884353995323181, 0.39259812235832214, 0.7016521692276001, 0.5946015119552612, 0.9126526117324829, -0.37715592980384827, -0.15753984451293945], "cam_t_m2c": [-7.109603029675782e-05, -8.381903171539307e-05, 1024.0814208984375], "obj_id": 1}, {"cam_R_m2c": [-0.22255109250545502, -0.43834036588668823, -0.8708207607269287, 0.7739284038543701, -0.6226288676261902, 0.11562055349349976, -0.5928792953491211, -0.6482214331626892, 0.4778107702732086], "cam_t_m2c": [-152.14981079101562, -56.592262268066406, 1075.994873046875], "obj_id": 2}, {"cam_R_m2c": [0.9262997508049011, 0.34177741408348083, 0.15860967338085175, -0.16224978864192963, -0.01811053603887558, 0.9865835309028625, 0.3400644361972809, -0.9396064281463623, 0.03867752104997635], "cam_t_m2c": [-162.68296813964844, -10.597078323364258, 1092.322265625], "obj_id": 1}, {"cam_R_m2c": [0.3461536467075348, -0.2858258783817291, -0.8935777544975281, 0.665259599685669, -0.5968090295791626, 0.44860726594924927, -0.661518931388855, -0.749748170375824, -0.016439154744148254], "cam_t_m2c": [-120.72486877441406, 9.045160293579102, 1087.811767578125], "obj_id": 2}, {"cam_R_m2c": [0.9600818753242493, -0.270902544260025, -0.0696745365858078, 0.260547935962677, 0.7754669189453125, 0.5751224160194397, -0.10177184641361237, -0.5703182220458984, 0.8150948882102966], "cam_t_m2c": [-37.141170501708984, -8.430006980895996, 1011.9794311523438], "obj_id": 3}]
}