{
  "0": [{"cam_R_m2c": [-0.2407843917608261, -0.5735086798667908, -0.7830137014389038, -0.9128824472427368, -0.1401851326227188, 0.38339734077453613, -0.3296486735343933, 0.8071156740188599, -0.48979151248931885], "cam_t_m2c": [1927.0830078125, 713.2376708984375, 947.2708740234375], "obj_id": 0}, {"cam_R_m2c": [-0.16586457192897797, 0.4671654999256134, -0.8684728145599365, -0.9696723222732544, 0.08304917067289352, 0.2298656404018402, 0.1795111447572708, 0.8802607655525208, 0.4392227530479431], "cam_t_m2c": [-347.4822998046875, 113.27776336669922, 1214.7625732421875], "obj_id": 0}, {"cam_R_m2c": [0.23483623564243317, -0.40176787972450256, -0.885118305683136, -0.8617416620254517, -0.5073444247245789, 0.0016569882864132524, -0.4497256875038147, 0.7623541951179504, -0.46536293625831604], "cam_t_m2c": [2041.8873291015625, 859.2295532226562, 1105.3760986328125], "obj_id": 0}],
  "1": [{"cam_R_m2c": [0.03571886196732521, -0.9607048630714417, 0.275264173746109, 0.08737608045339584, 0.27738726139068604, 0.9567767381668091, -0.9955348372459412, -0.010123498737812042, 0.09385056048631668], "cam_t_m2c": [754.8855590820312, -1620.4522705078125, 1826.96728515625], "obj_id": 0}, {"cam_R_m2c": [-0.4210282564163208, -0.6416696310043335, -0.641089141368866, -0.13561613857746124, -0.6543099880218506, 0.7439668774604797, -0.8968519568443298, 0.4001730978488922, 0.1884622573852539], "cam_t_m2c": [-359.7612609863281, 271.15765380859375, 940.979248046875], "obj_id": 0}, {"cam_R_m2c": [0.3124968409538269, -0.9395278692245483, 0.14011836051940918, -0.3090761601924896, 0.0389140285551548, 0.9502408504486084, -0.8982303142547607, -0.340254545211792, -0.2782251834869385], "cam_t_m2c": [676.8495483398438, -1734.269287109375, 2027.8193359375], "obj_id": 0}]
}