{
  "0": [{"cam_R_m2c": [-0.5000331401824951, 0.29576346278190613, -0.8139353394508362, -0.25434747338294983, 0.8482646346092224, 0.4644937217235565, 0.8278128504753113, 0.43928468227386475, -0.34893375635147095], "cam_t_m2c": [-396.5570068359375, 610.1509399414062, 558.0450439453125], "obj_id": 2}, {"cam_R_m2c": [0.1905447542667389, -0.48284271359443665, -0.8547254204750061, -0.8864317536354065, -0.45875000953674316, 0.06153930723667145, -0.42181915044784546, 0.7459297776222229, -0.5154194831848145], "cam_t_m2c": [-396.5570068359375, 610.1509399414062, 558.0450439453125], "obj_id": 1}, {"cam_R_m2c": [-0.2514457404613495, 0.9344245791435242, 0.25224146246910095, -0.8851130604743958, -0.3274437487125397, 0.3306894302368164, 0.39159920811653137, -0.1401117593050003, 0.9094057083129883], "cam_t_m2c": [-396.5570068359375, 610.1509399414062, 558.0450439453125], "obj_id": 0}, {"cam_R_m2c": [0.622029185295105, -0.47598108649253845, 0.6217086911201477, -0.4168485403060913, -0.8734472393989563, -0.25164905190467834, 0.6628099679946899, -0.10262531787157059, -0.7417216897010803], "cam_t_m2c": [-396.5570068359375, 610.1509399414062, 558.0450439453125], "obj_id": 0}, {"cam_R_m2c": [-0.3314765393733978, 0.6015961766242981, 0.7267773151397705, -0.8533639311790466, -0.5197025537490845, 0.04097669944167137, 0.4023595154285431, -0.6066227555274963, 0.6856497526168823], "cam_t_m2c": [-396.5570068359375, 610.1509399414062, 558.0450439453125], "obj_id": 0}, {"cam_R_m2c": [-0.5001640915870667, 0.8539347052574158, 0.14363601803779602, 0.3929210901260376, 0.07599310576915741, 0.9164267778396606, 0.7716532945632935, 0.5148014426231384, -0.37353798747062683], "cam_t_m2c": [-396.5570068359375, 610.1509399414062, 558.0450439453125], "obj_id": 1}, {"cam_R_m2c": [0.9383553862571716, -0.22167792916297913, 0.26523205637931824, -0.3360360860824585, -0.7648935914039612, 0.549561083316803, 0.08104875683784485, -0.6048111319541931, -0.7922338247299194], "cam_t_m2c": [-396.5570068359375, 610.1509399414062, 558.0450439453125], "obj_id": 2}, {"cam_R_m2c": [0.6339402794837952, 0.13825689256191254, 0.7609235644340515, -0.6736799478530884, -0.38450488448143005, 0.6311189532279968, 0.37983545660972595, -0.9127107262611389, -0.15061220526695251], "cam_t_m2c": [-396.5570068359375, 610.1509399414062, 558.0450439453125], "obj_id": 1}, {"cam_R_m2c": [-0.5223501324653625, 0.11238528788089752, -0.8452927470207214, -0.7328263521194458, 0.447702020406723, 0.5123752355575562, 0.43602269887924194, 0.887092113494873, -0.15149827301502228], "cam_t_m2c": [-396.5570068359375, 610.1509399414062, 558.0450439453125], "obj_id": 1}, {"cam_R_m2c": [0.538533627986908, -0.6017581820487976, -0.58980393409729, 0.8423588871955872, 0.4013727605342865, 0.3596267104148865, 0.020322924479842186, -0.690497636795044, 0.7230490446090698], "cam_t_m2c": [-396.5570068359375, 610.1509399414062, 558.0450439453125], "obj_id": 0}],
  "1": [{"cam_R_m2c": [-0.5000331401824951, 0.29576346278190613, -0.8139353394508362, -0.25434747338294983, 0.8482646346092224, 0.4644937217235565, 0.8278128504753113, 0.43928468227386475, -0.34893375635147095], "cam_t_m2c": [-396.5570068359375, 610.1509399414062, 558.0450439453125], "obj_id": 2}, {"cam_R_m2c": [0.1905447542667389, -0.48284271359443665, -0.8547254204750061, -0.8864317536354065, -0.45875000953674316, 0.06153930723667145, -0.42181915044784546, 0.7459297776222229, -0.5154194831848145], "cam_t_m2c": [-396.5570068359375, 610.1509399414062, 558.0450439453125], "obj_id": 1}, {"cam_R_m2c": [-0.2514457404613495, 0.9344245791435242, 0.25224146246910095, -0.8851130604743958, -0.3274437487125397, 0.3306894302368164, 0.39159920811653137, -0.1401117593050003, 0.9094057083129883], "cam_t_m2c": [-396.5570068359375, 610.1509399414062, 558.0450439453125], "obj_id": 0}, {"cam_R_m2c": [0.622029185295105, -0.47598108649253845, 0.6217086911201477, -0.4168485403060913, -0.8734472393989563, -0.25164905190467834, 0.6628099679946899, -0.10262531787157059, -0.7417216897010803], "cam_t_m2c": [-396.5570068359375, 610.1509399414062, 558.0450439453125], "obj_id": 0}, {"cam_R_m2c": [-0.3314765393733978, 0.6015961766242981, 0.7267773151397705, -0.8533639311790466, -0.5197025537490845, 0.04097669944167137, 0.4023595154285431, -0.6066227555274963, 0.6856497526168823], "cam_t_m2c": [-396.5570068359375, 610.1509399414062, 558.0450439453125], "obj_id": 0}, {"cam_R_m2c": [-0.5001640915870667, 0.8539347052574158, 0.14363601803779602, 0.3929210901260376, 0.07599310576915741, 0.9164267778396606, 0.7716532945632935, 0.5148014426231384, -0.37353798747062683], "cam_t_m2c": [-396.5570068359375, 610.1509399414062, 558.0450439453125], "obj_id": 1}, {"cam_R_m2c": [0.9383553862571716, -0.22167792916297913, 0.26523205637931824, -0.3360360860824585, -0.7648935914039612, 0.549561083316803, 0.08104875683784485, -0.6048111319541931, -0.7922338247299194], "cam_t_m2c": [-396.5570068359375, 610.1509399414062, 558.0450439453125], "obj_id": 2}, {"cam_R_m2c": [0.6339402794837952, 0.13825689256191254, 0.7609235644340515, -0.6736799478530884, -0.38450488448143005, 0.6311189532279968, 0.37983545660972595, -0.9127107262611389, -0.15061220526695251], "cam_t_m2c": [-396.5570068359375, 610.1509399414062, 558.0450439453125], "obj_id": 1}, {"cam_R_m2c": [-0.5223501324653625, 0.11238528788089752, -0.8452927470207214, -0.7328263521194458, 0.447702020406723, 0.5123752355575562, 0.43602269887924194, 0.887092113494873, -0.15149827301502228], "cam_t_m2c": [-396.5570068359375, 610.1509399414062, 558.0450439453125], "obj_id": 1}, {"cam_R_m2c": [0.538533627986908, -0.6017581820487976, -0.58980393409729, 0.8423588871955872, 0.4013727605342865, 0.3596267104148865, 0.020322924479842186, -0.690497636795044, 0.7230490446090698], "cam_t_m2c": [-396.5570068359375, 610.1509399414062, 558.0450439453125], "obj_id": 0}],
  "2": [{"cam_R_m2c": [-0.5000331401824951, 0.29576346278190613, -0.8139353394508362, -0.25434747338294983, 0.8482646346092224, 0.4644937217235565, 0.8278128504753113, 0.43928468227386475, -0.34893375635147095], "cam_t_m2c": [-396.5570068359375, 610.1509399414062, 558.0450439453125], "obj_id": 2}, {"cam_R_m2c": [0.1905447542667389, -0.48284271359443665, -0.8547254204750061, -0.8864317536354065, -0.45875000953674316, 0.06153930723667145, -0.42181915044784546, 0.7459297776222229, -0.5154194831848145], "cam_t_m2c": [-396.5570068359375, 610.1509399414062, 558.0450439453125], "obj_id": 1}, {"cam_R_m2c": [-0.2514457404613495, 0.9344245791435242, 0.25224146246910095, -0.8851130604743958, -0.3274437487125397, 0.3306894302368164, 0.39159920811653137, -0.1401117593050003, 0.9094057083129883], "cam_t_m2c": [-396.5570068359375, 610.1509399414062, 558.0450439453125], "obj_id": 0}, {"cam_R_m2c": [0.622029185295105, -0.47598108649253845, 0.6217086911201477, -0.4168485403060913, -0.8734472393989563, -0.25164905190467834, 0.6628099679946899, -0.10262531787157059, -0.7417216897010803], "cam_t_m2c": [-396.5570068359375, 610.1509399414062, 558.0450439453125], "obj_id": 0}, {"cam_R_m2c": [-0.3314765393733978, 0.6015961766242981, 0.7267773151397705, -0.8533639311790466, -0.5197025537490845, 0.04097669944167137, 0.4023595154285431, -0.6066227555274963, 0.6856497526168823], "cam_t_m2c": [-396.5570068359375, 610.1509399414062, 558.0450439453125], "obj_id": 0}, {"cam_R_m2c": [-0.5001640915870667, 0.8539347052574158, 0.14363601803779602, 0.3929210901260376, 0.07599310576915741, 0.9164267778396606, 0.7716532945632935, 0.5148014426231384, -0.37353798747062683], "cam_t_m2c": [-396.5570068359375, 610.1509399414062, 558.0450439453125], "obj_id": 1}, {"cam_R_m2c": [0.9383553862571716, -0.22167792916297913, 0.26523205637931824, -0.3360360860824585, -0.7648935914039612, 0.549561083316803, 0.08104875683784485, -0.6048111319541931, -0.7922338247299194], "cam_t_m2c": [-396.5570068359375, 610.1509399414062, 558.0450439453125], "obj_id": 2}, {"cam_R_m2c": [0.6339402794837952, 0.13825689256191254, 0.7609235644340515, -0.6736799478530884, -0.38450488448143005, 0.6311189532279968, 0.37983545660972595, -0.9127107262611389, -0.15061220526695251], "cam_t_m2c": [-396.5570068359375, 610.1509399414062, 558.0450439453125], "obj_id": 1}, {"cam_R_m2c": [-0.5223501324653625, 0.11238528788089752, -0.8452927470207214, -0.7328263521194458, 0.447702020406723, 0.5123752355575562, 0.43602269887924194, 0.887092113494873, -0.15149827301502228], "cam_t_m2c": [-396.5570068359375, 610.1509399414062, 558.0450439453125], "obj_id": 1}, {"cam_R_m2c": [0.538533627986908, -0.6017581820487976, -0.58980393409729, 0.8423588871955872, 0.4013727605342865, 0.3596267104148865, 0.020322924479842186, -0.690497636795044, 0.7230490446090698], "cam_t_m2c": [-396.5570068359375, 610.1509399414062, 558.0450439453125], "obj_id": 0}],
  "3": [{"cam_R_m2c": [-0.5000331401824951, 0.29576346278190613, -0.8139353394508362, -0.25434747338294983, 0.8482646346092224, 0.4644937217235565, 0.8278128504753113, 0.43928468227386475, -0.34893375635147095], "cam_t_m2c": [-396.5570068359375, 610.1509399414062, 558.0450439453125], "obj_id": 2}, {"cam_R_m2c": [0.1905447542667389, -0.48284271359443665, -0.8547254204750061, -0.8864317536354065, -0.45875000953674316, 0.06153930723667145, -0.42181915044784546, 0.7459297776222229, -0.5154194831848145], "cam_t_m2c": [-396.5570068359375, 610.1509399414062, 558.0450439453125], "obj_id": 1}, {"cam_R_m2c": [-0.2514457404613495, 0.9344245791435242, 0.25224146246910095, -0.8851130604743958, -0.3274437487125397, 0.3306894302368164, 0.39159920811653137, -0.1401117593050003, 0.9094057083129883], "cam_t_m2c": [-396.5570068359375, 610.1509399414062, 558.0450439453125], "obj_id": 0}, {"cam_R_m2c": [0.622029185295105, -0.47598108649253845, 0.6217086911201477, -0.4168485403060913, -0.8734472393989563, -0.25164905190467834, 0.6628099679946899, -0.10262531787157059, -0.7417216897010803], "cam_t_m2c": [-396.5570068359375, 610.1509399414062, 558.0450439453125], "obj_id": 0}, {"cam_R_m2c": [-0.3314765393733978, 0.6015961766242981, 0.7267773151397705, -0.8533639311790466, -0.5197025537490845, 0.04097669944167137, 0.4023595154285431, -0.6066227555274963, 0.6856497526168823], "cam_t_m2c": [-396.5570068359375, 610.1509399414062, 558.0450439453125], "obj_id": 0}, {"cam_R_m2c": [-0.5001640915870667, 0.8539347052574158, 0.14363601803779602, 0.3929210901260376, 0.07599310576915741, 0.9164267778396606, 0.7716532945632935, 0.5148014426231384, -0.37353798747062683], "cam_t_m2c": [-396.5570068359375, 610.1509399414062, 558.0450439453125], "obj_id": 1}, {"cam_R_m2c": [0.9383553862571716, -0.22167792916297913, 0.26523205637931824, -0.3360360860824585, -0.7648935914039612, 0.549561083316803, 0.08104875683784485, -0.6048111319541931, -0.7922338247299194], "cam_t_m2c": [-396.5570068359375, 610.1509399414062, 558.0450439453125], "obj_id": 2}, {"cam_R_m2c": [0.6339402794837952, 0.13825689256191254, 0.7609235644340515, -0.6736799478530884, -0.38450488448143005, 0.6311189532279968, 0.37983545660972595, -0.9127107262611389, -0.15061220526695251], "cam_t_m2c": [-396.5570068359375, 610.1509399414062, 558.0450439453125], "obj_id": 1}, {"cam_R_m2c": [-0.5223501324653625, 0.11238528788089752, -0.8452927470207214, -0.7328263521194458, 0.447702020406723, 0.5123752355575562, 0.43602269887924194, 0.887092113494873, -0.15149827301502228], "cam_t_m2c": [-396.5570068359375, 610.1509399414062, 558.0450439453125], "obj_id": 1}, {"cam_R_m2c": [0.538533627986908, -0.6017581820487976, -0.58980393409729, 0.8423588871955872, 0.4013727605342865, 0.3596267104148865, 0.020322924479842186, -0.690497636795044, 0.7230490446090698], "cam_t_m2c": [-396.5570068359375, 610.1509399414062, 558.0450439453125], "obj_id": 0}],
  "4": [{"cam_R_m2c": [-0.5000331401824951, 0.29576346278190613, -0.8139353394508362, -0.25434747338294983, 0.8482646346092224, 0.4644937217235565, 0.8278128504753113, 0.43928468227386475, -0.34893375635147095], "cam_t_m2c": [-396.5570068359375, 610.1509399414062, 558.0450439453125], "obj_id": 2}, {"cam_R_m2c": [0.1905447542667389, -0.48284271359443665, -0.8547254204750061, -0.8864317536354065, -0.45875000953674316, 0.06153930723667145, -0.42181915044784546, 0.7459297776222229, -0.5154194831848145], "cam_t_m2c": [-396.5570068359375, 610.1509399414062, 558.0450439453125], "obj_id": 1}, {"cam_R_m2c": [-0.2514457404613495, 0.9344245791435242, 0.25224146246910095, -0.8851130604743958, -0.3274437487125397, 0.3306894302368164, 0.39159920811653137, -0.1401117593050003, 0.9094057083129883], "cam_t_m2c": [-396.5570068359375, 610.1509399414062, 558.0450439453125], "obj_id": 0}, {"cam_R_m2c": [0.622029185295105, -0.47598108649253845, 0.6217086911201477, -0.4168485403060913, -0.8734472393989563, -0.25164905190467834, 0.6628099679946899, -0.10262531787157059, -0.7417216897010803], "cam_t_m2c": [-396.5570068359375, 610.1509399414062, 558.0450439453125], "obj_id": 0}, {"cam_R_m2c": [-0.3314765393733978, 0.6015961766242981, 0.7267773151397705, -0.8533639311790466, -0.5197025537490845, 0.04097669944167137, 0.4023595154285431, -0.6066227555274963, 0.6856497526168823], "cam_t_m2c": [-396.5570068359375, 610.1509399414062, 558.0450439453125], "obj_id": 0}, {"cam_R_m2c": [-0.5001640915870667, 0.8539347052574158, 0.14363601803779602, 0.3929210901260376, 0.07599310576915741, 0.9164267778396606, 0.7716532945632935, 0.5148014426231384, -0.37353798747062683], "cam_t_m2c": [-396.5570068359375, 610.1509399414062, 558.0450439453125], "obj_id": 1}, {"cam_R_m2c": [0.9383553862571716, -0.22167792916297913, 0.26523205637931824, -0.3360360860824585, -0.7648935914039612, 0.549561083316803, 0.08104875683784485, -0.6048111319541931, -0.7922338247299194], "cam_t_m2c": [-396.5570068359375, 610.1509399414062, 558.0450439453125], "obj_id": 2}, {"cam_R_m2c": [0.6339402794837952, 0.13825689256191254, 0.7609235644340515, -0.6736799478530884, -0.38450488448143005, 0.6311189532279968, 0.37983545660972595, -0.9127107262611389, -0.15061220526695251], "cam_t_m2c": [-396.5570068359375, 610.1509399414062, 558.0450439453125], "obj_id": 1}, {"cam_R_m2c": [-0.5223501324653625, 0.11238528788089752, -0.8452927470207214, -0.7328263521194458, 0.447702020406723, 0.5123752355575562, 0.43602269887924194, 0.887092113494873, -0.15149827301502228], "cam_t_m2c": [-396.5570068359375, 610.1509399414062, 558.0450439453125], "obj_id": 1}, {"cam_R_m2c": [0.538533627986908, -0.6017581820487976, -0.58980393409729, 0.8423588871955872, 0.4013727605342865, 0.3596267104148865, 0.020322924479842186, -0.690497636795044, 0.7230490446090698], "cam_t_m2c": [-396.5570068359375, 610.1509399414062, 558.0450439453125], "obj_id": 0}],
  "5": [{"cam_R_m2c": [-0.5000331401824951, 0.29576346278190613, -0.8139353394508362, -0.25434747338294983, 0.8482646346092224, 0.4644937217235565, 0.8278128504753113, 0.43928468227386475, -0.34893375635147095], "cam_t_m2c": [-396.5570068359375, 610.1509399414062, 558.0450439453125], "obj_id": 2}, {"cam_R_m2c": [0.1905447542667389, -0.48284271359443665, -0.8547254204750061, -0.8864317536354065, -0.45875000953674316, 0.06153930723667145, -0.42181915044784546, 0.7459297776222229, -0.5154194831848145], "cam_t_m2c": [-396.5570068359375, 610.1509399414062, 558.0450439453125], "obj_id": 1}, {"cam_R_m2c": [-0.2514457404613495, 0.9344245791435242, 0.25224146246910095, -0.8851130604743958, -0.3274437487125397, 0.3306894302368164, 0.39159920811653137, -0.1401117593050003, 0.9094057083129883], "cam_t_m2c": [-396.5570068359375, 610.1509399414062, 558.0450439453125], "obj_id": 0}, {"cam_R_m2c": [0.622029185295105, -0.47598108649253845, 0.6217086911201477, -0.4168485403060913, -0.8734472393989563, -0.25164905190467834, 0.6628099679946899, -0.10262531787157059, -0.7417216897010803], "cam_t_m2c": [-396.5570068359375, 610.1509399414062, 558.0450439453125], "obj_id": 0}, {"cam_R_m2c": [-0.3314765393733978, 0.6015961766242981, 0.7267773151397705, -0.8533639311790466, -0.5197025537490845, 0.04097669944167137, 0.4023595154285431, -0.6066227555274963, 0.6856497526168823], "cam_t_m2c": [-396.5570068359375, 610.1509399414062, 558.0450439453125], "obj_id": 0}, {"cam_R_m2c": [-0.5001640915870667, 0.8539347052574158, 0.14363601803779602, 0.3929210901260376, 0.07599310576915741, 0.9164267778396606, 0.7716532945632935, 0.5148014426231384, -0.37353798747062683], "cam_t_m2c": [-396.5570068359375, 610.1509399414062, 558.0450439453125], "obj_id": 1}, {"cam_R_m2c": [0.9383553862571716, -0.22167792916297913, 0.26523205637931824, -0.3360360860824585, -0.7648935914039612, 0.549561083316803, 0.08104875683784485, -0.6048111319541931, -0.7922338247299194], "cam_t_m2c": [-396.5570068359375, 610.1509399414062, 558.0450439453125], "obj_id": 2}, {"cam_R_m2c": [0.6339402794837952, 0.13825689256191254, 0.7609235644340515, -0.6736799478530884, -0.38450488448143005, 0.6311189532279968, 0.37983545660972595, -0.9127107262611389, -0.15061220526695251], "cam_t_m2c": [-396.5570068359375, 610.1509399414062, 558.0450439453125], "obj_id": 1}, {"cam_R_m2c": [-0.5223501324653625, 0.11238528788089752, -0.8452927470207214, -0.7328263521194458, 0.447702020406723, 0.5123752355575562, 0.43602269887924194, 0.887092113494873, -0.15149827301502228], "cam_t_m2c": [-396.5570068359375, 610.1509399414062, 558.0450439453125], "obj_id": 1}, {"cam_R_m2c": [0.538533627986908, -0.6017581820487976, -0.58980393409729, 0.8423588871955872, 0.4013727605342865, 0.3596267104148865, 0.020322924479842186, -0.690497636795044, 0.7230490446090698], "cam_t_m2c": [-396.5570068359375, 610.1509399414062, 558.0450439453125], "obj_id": 0}],
  "6": [{"cam_R_m2c": [-0.5000331401824951, 0.29576346278190613, -0.8139353394508362, -0.25434747338294983, 0.8482646346092224, 0.4644937217235565, 0.8278128504753113, 0.43928468227386475, -0.34893375635147095], "cam_t_m2c": [-396.5570068359375, 610.1509399414062, 558.0450439453125], "obj_id": 2}, {"cam_R_m2c": [0.1905447542667389, -0.48284271359443665, -0.8547254204750061, -0.8864317536354065, -0.45875000953674316, 0.06153930723667145, -0.42181915044784546, 0.7459297776222229, -0.5154194831848145], "cam_t_m2c": [-396.5570068359375, 610.1509399414062, 558.0450439453125], "obj_id": 1}, {"cam_R_m2c": [-0.2514457404613495, 0.9344245791435242, 0.25224146246910095, -0.8851130604743958, -0.3274437487125397, 0.3306894302368164, 0.39159920811653137, -0.1401117593050003, 0.9094057083129883], "cam_t_m2c": [-396.5570068359375, 610.1509399414062, 558.0450439453125], "obj_id": 0}, {"cam_R_m2c": [0.622029185295105, -0.47598108649253845, 0.6217086911201477, -0.4168485403060913, -0.8734472393989563, -0.25164905190467834, 0.6628099679946899, -0.10262531787157059, -0.7417216897010803], "cam_t_m2c": [-396.5570068359375, 610.1509399414062, 558.0450439453125], "obj_id": 0}, {"cam_R_m2c": [-0.3314765393733978, 0.6015961766242981, 0.7267773151397705, -0.8533639311790466, -0.5197025537490845, 0.04097669944167137, 0.4023595154285431, -0.6066227555274963, 0.6856497526168823], "cam_t_m2c": [-396.5570068359375, 610.1509399414062, 558.0450439453125], "obj_id": 0}, {"cam_R_m2c": [-0.5001640915870667, 0.8539347052574158, 0.14363601803779602, 0.3929210901260376, 0.07599310576915741, 0.9164267778396606, 0.7716532945632935, 0.5148014426231384, -0.37353798747062683], "cam_t_m2c": [-396.5570068359375, 610.1509399414062, 558.0450439453125], "obj_id": 1}, {"cam_R_m2c": [0.9383553862571716, -0.22167792916297913, 0.26523205637931824, -0.3360360860824585, -0.7648935914039612, 0.549561083316803, 0.08104875683784485, -0.6048111319541931, -0.7922338247299194], "cam_t_m2c": [-396.5570068359375, 610.1509399414062, 558.0450439453125], "obj_id": 2}, {"cam_R_m2c": [0.6339402794837952, 0.13825689256191254, 0.7609235644340515, -0.6736799478530884, -0.38450488448143005, 0.6311189532279968, 0.37983545660972595, -0.9127107262611389, -0.15061220526695251], "cam_t_m2c": [-396.5570068359375, 610.1509399414062, 558.0450439453125], "obj_id": 1}, {"cam_R_m2c": [-0.5223501324653625, 0.11238528788089752, -0.8452927470207214, -0.7328263521194458, 0.447702020406723, 0.5123752355575562, 0.43602269887924194, 0.887092113494873, -0.15149827301502228], "cam_t_m2c": [-396.5570068359375, 610.1509399414062, 558.0450439453125], "obj_id": 1}, {"cam_R_m2c": [0.538533627986908, -0.6017581820487976, -0.58980393409729, 0.8423588871955872, 0.4013727605342865, 0.3596267104148865, 0.020322924479842186, -0.690497636795044, 0.7230490446090698], "cam_t_m2c": [-396.5570068359375, 610.1509399414062, 558.0450439453125], "obj_id": 0}],
  "7": [{"cam_R_m2c": [-0.5000331401824951, 0.29576346278190613, -0.8139353394508362, -0.25434747338294983, 0.8482646346092224, 0.4644937217235565, 0.8278128504753113, 0.43928468227386475, -0.34893375635147095], "cam_t_m2c": [-396.5570068359375, 610.1509399414062, 558.0450439453125], "obj_id": 2}, {"cam_R_m2c": [0.1905447542667389, -0.48284271359443665, -0.8547254204750061, -0.8864317536354065, -0.45875000953674316, 0.06153930723667145, -0.42181915044784546, 0.7459297776222229, -0.5154194831848145], "cam_t_m2c": [-396.5570068359375, 610.1509399414062, 558.0450439453125], "obj_id": 1}, {"cam_R_m2c": [-0.2514457404613495, 0.9344245791435242, 0.25224146246910095, -0.8851130604743958, -0.3274437487125397, 0.3306894302368164, 0.39159920811653137, -0.1401117593050003, 0.9094057083129883], "cam_t_m2c": [-396.5570068359375, 610.1509399414062, 558.0450439453125], "obj_id": 0}, {"cam_R_m2c": [0.622029185295105, -0.47598108649253845, 0.6217086911201477, -0.4168485403060913, -0.8734472393989563, -0.25164905190467834, 0.6628099679946899, -0.10262531787157059, -0.7417216897010803], "cam_t_m2c": [-396.5570068359375, 610.1509399414062, 558.0450439453125], "obj_id": 0}, {"cam_R_m2c": [-0.3314765393733978, 0.6015961766242981, 0.7267773151397705, -0.8533639311790466, -0.5197025537490845, 0.04097669944167137, 0.4023595154285431, -0.6066227555274963, 0.6856497526168823], "cam_t_m2c": [-396.5570068359375, 610.1509399414062, 558.0450439453125], "obj_id": 0}, {"cam_R_m2c": [-0.5001640915870667, 0.8539347052574158, 0.14363601803779602, 0.3929210901260376, 0.07599310576915741, 0.9164267778396606, 0.7716532945632935, 0.5148014426231384, -0.37353798747062683], "cam_t_m2c": [-396.5570068359375, 610.1509399414062, 558.0450439453125], "obj_id": 1}, {"cam_R_m2c": [0.9383553862571716, -0.22167792916297913, 0.26523205637931824, -0.3360360860824585, -0.7648935914039612, 0.549561083316803, 0.08104875683784485, -0.6048111319541931, -0.7922338247299194], "cam_t_m2c": [-396.5570068359375, 610.1509399414062, 558.0450439453125], "obj_id": 2}, {"cam_R_m2c": [0.6339402794837952, 0.13825689256191254, 0.7609235644340515, -0.6736799478530884, -0.38450488448143005, 0.6311189532279968, 0.37983545660972595, -0.9127107262611389, -0.15061220526695251], "cam_t_m2c": [-396.5570068359375, 610.1509399414062, 558.0450439453125], "obj_id": 1}, {"cam_R_m2c": [-0.5223501324653625, 0.11238528788089752, -0.8452927470207214, -0.7328263521194458, 0.447702020406723, 0.5123752355575562, 0.43602269887924194, 0.887092113494873, -0.15149827301502228], "cam_t_m2c": [-396.5570068359375, 610.1509399414062, 558.0450439453125], "obj_id": 1}, {"cam_R_m2c": [0.538533627986908, -0.6017581820487976, -0.58980393409729, 0.8423588871955872, 0.4013727605342865, 0.3596267104148865, 0.020322924479842186, -0.690497636795044, 0.7230490446090698], "cam_t_m2c": [-396.5570068359375, 610.1509399414062, 558.0450439453125], "obj_id": 0}],
  "8": [{"cam_R_m2c": [-0.5000331401824951, 0.29576346278190613, -0.8139353394508362, -0.25434747338294983, 0.8482646346092224, 0.4644937217235565, 0.8278128504753113, 0.43928468227386475, -0.34893375635147095], "cam_t_m2c": [-396.5570068359375, 610.1509399414062, 558.0450439453125], "obj_id": 2}, {"cam_R_m2c": [0.1905447542667389, -0.48284271359443665, -0.8547254204750061, -0.8864317536354065, -0.45875000953674316, 0.06153930723667145, -0.42181915044784546, 0.7459297776222229, -0.5154194831848145], "cam_t_m2c": [-396.5570068359375, 610.1509399414062, 558.0450439453125], "obj_id": 1}, {"cam_R_m2c": [-0.2514457404613495, 0.9344245791435242, 0.25224146246910095, -0.8851130604743958, -0.3274437487125397, 0.3306894302368164, 0.39159920811653137, -0.1401117593050003, 0.9094057083129883], "cam_t_m2c": [-396.5570068359375, 610.1509399414062, 558.0450439453125], "obj_id": 0}, {"cam_R_m2c": [0.622029185295105, -0.47598108649253845, 0.6217086911201477, -0.4168485403060913, -0.8734472393989563, -0.25164905190467834, 0.6628099679946899, -0.10262531787157059, -0.7417216897010803], "cam_t_m2c": [-396.5570068359375, 610.1509399414062, 558.0450439453125], "obj_id": 0}, {"cam_R_m2c": [-0.3314765393733978, 0.6015961766242981, 0.7267773151397705, -0.8533639311790466, -0.5197025537490845, 0.04097669944167137, 0.4023595154285431, -0.6066227555274963, 0.6856497526168823], "cam_t_m2c": [-396.5570068359375, 610.1509399414062, 558.0450439453125], "obj_id": 0}, {"cam_R_m2c": [-0.5001640915870667, 0.8539347052574158, 0.14363601803779602, 0.3929210901260376, 0.07599310576915741, 0.9164267778396606, 0.7716532945632935, 0.5148014426231384, -0.37353798747062683], "cam_t_m2c": [-396.5570068359375, 610.1509399414062, 558.0450439453125], "obj_id": 1}, {"cam_R_m2c": [0.9383553862571716, -0.22167792916297913, 0.26523205637931824, -0.3360360860824585, -0.7648935914039612, 0.549561083316803, 0.08104875683784485, -0.6048111319541931, -0.7922338247299194], "cam_t_m2c": [-396.5570068359375, 610.1509399414062, 558.0450439453125], "obj_id": 2}, {"cam_R_m2c": [0.6339402794837952, 0.13825689256191254, 0.7609235644340515, -0.6736799478530884, -0.38450488448143005, 0.6311189532279968, 0.37983545660972595, -0.9127107262611389, -0.15061220526695251], "cam_t_m2c": [-396.5570068359375, 610.1509399414062, 558.0450439453125], "obj_id": 1}, {"cam_R_m2c": [-0.5223501324653625, 0.11238528788089752, -0.8452927470207214, -0.7328263521194458, 0.447702020406723, 0.5123752355575562, 0.43602269887924194, 0.887092113494873, -0.15149827301502228], "cam_t_m2c": [-396.5570068359375, 610.1509399414062, 558.0450439453125], "obj_id": 1}, {"cam_R_m2c": [0.538533627986908, -0.6017581820487976, -0.58980393409729, 0.8423588871955872, 0.4013727605342865, 0.3596267104148865, 0.020322924479842186, -0.690497636795044, 0.7230490446090698], "cam_t_m2c": [-396.5570068359375, 610.1509399414062, 558.0450439453125], "obj_id": 0}],
  "9": [{"cam_R_m2c": [-0.5000331401824951, 0.29576346278190613, -0.8139353394508362, -0.25434747338294983, 0.8482646346092224, 0.4644937217235565, 0.8278128504753113, 0.43928468227386475, -0.34893375635147095], "cam_t_m2c": [-396.5570068359375, 610.1509399414062, 558.0450439453125], "obj_id": 2}, {"cam_R_m2c": [0.1905447542667389, -0.48284271359443665, -0.8547254204750061, -0.8864317536354065, -0.45875000953674316, 0.06153930723667145, -0.42181915044784546, 0.7459297776222229, -0.5154194831848145], "cam_t_m2c": [-396.5570068359375, 610.1509399414062, 558.0450439453125], "obj_id": 1}, {"cam_R_m2c": [-0.2514457404613495, 0.9344245791435242, 0.25224146246910095, -0.8851130604743958, -0.3274437487125397, 0.3306894302368164, 0.39159920811653137, -0.1401117593050003, 0.9094057083129883], "cam_t_m2c": [-396.5570068359375, 610.1509399414062, 558.0450439453125], "obj_id": 0}, {"cam_R_m2c": [0.622029185295105, -0.47598108649253845, 0.6217086911201477, -0.4168485403060913, -0.8734472393989563, -0.25164905190467834, 0.6628099679946899, -0.10262531787157059, -0.7417216897010803], "cam_t_m2c": [-396.5570068359375, 610.1509399414062, 558.0450439453125], "obj_id": 0}, {"cam_R_m2c": [-0.3314765393733978, 0.6015961766242981, 0.7267773151397705, -0.8533639311790466, -0.5197025537490845, 0.04097669944167137, 0.4023595154285431, -0.6066227555274963, 0.6856497526168823], "cam_t_m2c": [-396.5570068359375, 610.1509399414062, 558.0450439453125], "obj_id": 0}, {"cam_R_m2c": [-0.5001640915870667, 0.8539347052574158, 0.14363601803779602, 0.3929210901260376, 0.07599310576915741, 0.9164267778396606, 0.7716532945632935, 0.5148014426231384, -0.37353798747062683], "cam_t_m2c": [-396.5570068359375, 610.1509399414062, 558.0450439453125], "obj_id": 1}, {"cam_R_m2c": [0.9383553862571716, -0.22167792916297913, 0.26523205637931824, -0.3360360860824585, -0.7648935914039612, 0.549561083316803, 0.08104875683784485, -0.6048111319541931, -0.7922338247299194], "cam_t_m2c": [-396.5570068359375, 610.1509399414062, 558.0450439453125], "obj_id": 2}, {"cam_R_m2c": [0.6339402794837952, 0.13825689256191254, 0.7609235644340515, -0.6736799478530884, -0.38450488448143005, 0.6311189532279968, 0.37983545660972595, -0.9127107262611389, -0.15061220526695251], "cam_t_m2c": [-396.5570068359375, 610.1509399414062, 558.0450439453125], "obj_id": 1}, {"cam_R_m2c": [-0.5223501324653625, 0.11238528788089752, -0.8452927470207214, -0.7328263521194458, 0.447702020406723, 0.5123752355575562, 0.43602269887924194, 0.887092113494873, -0.15149827301502228], "cam_t_m2c": [-396.5570068359375, 610.1509399414062, 558.0450439453125], "obj_id": 1}, {"cam_R_m2c": [0.538533627986908, -0.6017581820487976, -0.58980393409729, 0.8423588871955872, 0.4013727605342865, 0.3596267104148865, 0.020322924479842186, -0.690497636795044, 0.7230490446090698], "cam_t_m2c": [-396.5570068359375, 610.1509399414062, 558.0450439453125], "obj_id": 0}]
}