{
  "0": [{"cam_R_m2c": [0.6412017941474915, 0.56722491979599, 0.516832709312439, 0.7577759027481079, -0.3618541955947876, -0.5429890751838684, -0.12097883969545364, 0.739808976650238, -0.6618509292602539], "cam_t_m2c": [106.54613494873047, -56.12693405151367, 387.43634033203125], "obj_id": 0}, {"cam_R_m2c": [0.6412017941474915, 0.56722491979599, 0.516832709312439, 0.7577759027481079, -0.3618541955947876, -0.5429890751838684, -0.12097883969545364, 0.739808976650238, -0.6618509292602539], "cam_t_m2c": [106.54613494873047, -56.12693405151367, 387.43634033203125], "obj_id": 0}, {"cam_R_m2c": [0.6412017941474915, 0.56722491979599, 0.516832709312439, 0.7577759027481079, -0.3618541955947876, -0.5429890751838684, -0.12097883969545364, 0.739808976650238, -0.6618509292602539], "cam_t_m2c": [106.54613494873047, -56.12693405151367, 387.43634033203125], "obj_id": 2}, {"cam_R_m2c": [0.6412017941474915, 0.56722491979599, 0.516832709312439, 0.7577759027481079, -0.3618541955947876, -0.5429890751838684, -0.12097883969545364, 0.739808976650238, -0.6618509292602539], "cam_t_m2c": [106.54613494873047, -56.12693405151367, 387.43634033203125], "obj_id": 3}, {"cam_R_m2c": [0.6412017941474915, 0.56722491979599, 0.516832709312439, 0.7577759027481079, -0.3618541955947876, -0.5429890751838684, -0.12097883969545364, 0.739808976650238, -0.6618509292602539], "cam_t_m2c": [106.54613494873047, -56.12693405151367, 387.43634033203125], "obj_id": 0}, {"cam_R_m2c": [0.6412017941474915, 0.56722491979599, 0.516832709312439, 0.7577759027481079, -0.3618541955947876, -0.5429890751838684, -0.12097883969545364, 0.739808976650238, -0.6618509292602539], "cam_t_m2c": [106.54613494873047, -56.12693405151367, 387.43634033203125], "obj_id": 1}, {"cam_R_m2c": [0.6412017941474915, 0.56722491979599, 0.516832709312439, 0.7577759027481079, -0.3618541955947876, -0.5429890751838684, -0.12097883969545364, 0.739808976650238, -0.6618509292602539], "cam_t_m2c": [106.54613494873047, -56.12693405151367, 387.43634033203125], "obj_id": 2}, {"cam_R_m2c": [0.6412017941474915, 0.56722491979599, 0.516832709312439, 0.7577759027481079, -0.3618541955947876, -0.5429890751838684, -0.12097883969545364, 0.739808976650238, -0.6618509292602539], "cam_t_m2c": [106.54613494873047, -56.12693405151367, 387.43634033203125], "obj_id": 0}, {"cam_R_m2c": [0.6412017941474915, 0.56722491979599, 0.516832709312439, 0.7577759027481079, -0.3618541955947876, -0.5429890751838684, -0.12097883969545364, 0.739808976650238, -0.6618509292602539], "cam_t_m2c": [106.54613494873047, -56.12693405151367, 387.43634033203125], "obj_id": 2}, {"cam_R_m2c": [0.6412017941474915, 0.56722491979599, 0.516832709312439, 0.7577759027481079, -0.3618541955947876, -0.5429890751838684, -0.12097883969545364, 0.739808976650238, -0.6618509292602539], "cam_t_m2c": [106.54613494873047, -56.12693405151367, 387.43634033203125], "obj_id": 1}, {"cam_R_m2c": [0.6412017941474915, 0.56722491979599, 0.516832709312439, 0.7577759027481079, -0.3618541955947876, -0.5429890751838684, -0.12097883969545364, 0.739808976650238, -0.6618509292602539], "cam_t_m2c": [106.54613494873047, -56.12693405151367, 387.43634033203125], "obj_id": 1}, {"cam_R_m2c": [0.6412017941474915, 0.56722491979599, 0.516832709312439, 0.7577759027481079, -0.3618541955947876, -0.5429890751838684, -0.12097883969545364, 0.739808976650238, -0.6618509292602539], "cam_t_m2c": [106.54613494873047, -56.12693405151367, 387.43634033203125], "obj_id": 1}, {"cam_R_m2c": [0.6412017941474915, 0.56722491979599, 0.516832709312439, 0.7577759027481079, -0.3618541955947876, -0.5429890751838684, -0.12097883969545364, 0.739808976650238, -0.6618509292602539], "cam_t_m2c": [106.54613494873047, -56.12693405151367, 387.43634033203125], "obj_id": 0}, {"cam_R_m2c": [0.6412017941474915, 0.56722491979599, 0.516832709312439, 0.7577759027481079, -0.3618541955947876, -0.5429890751838684, -0.12097883969545364, 0.739808976650238, -0.6618509292602539], "cam_t_m2c": [106.54613494873047, -56.12693405151367, 387.43634033203125], "obj_id": 3}, {"cam_R_m2c": [0.6412017941474915, 0.56722491979599, 0.516832709312439, 0.7577759027481079, -0.3618541955947876, -0.5429890751838684, -0.12097883969545364, 0.739808976650238, -0.6618509292602539], "cam_t_m2c": [106.54613494873047, -56.12693405151367, 387.43634033203125], "obj_id": 1}, {"cam_R_m2c": [0.6412017941474915, 0.56722491979599, 0.516832709312439, 0.7577759027481079, -0.3618541955947876, -0.5429890751838684, -0.12097883969545364, 0.739808976650238, -0.6618509292602539], "cam_t_m2c": [106.54613494873047, -56.12693405151367, 387.43634033203125], "obj_id": 2}, {"cam_R_m2c": [0.6412017941474915, 0.56722491979599, 0.516832709312439, 0.7577759027481079, -0.3618541955947876, -0.5429890751838684, -0.12097883969545364, 0.739808976650238, -0.6618509292602539], "cam_t_m2c": [106.54613494873047, -56.12693405151367, 387.43634033203125], "obj_id": 3}, {"cam_R_m2c": [0.6412017941474915, 0.56722491979599, 0.516832709312439, 0.7577759027481079, -0.3618541955947876, -0.5429890751838684, -0.12097883969545364, 0.739808976650238, -0.6618509292602539], "cam_t_m2c": [106.54613494873047, -56.12693405151367, 387.43634033203125], "obj_id": 0}, {"cam_R_m2c": [0.6412017941474915, 0.56722491979599, 0.516832709312439, 0.7577759027481079, -0.3618541955947876, -0.5429890751838684, -0.12097883969545364, 0.739808976650238, -0.6618509292602539], "cam_t_m2c": [106.54613494873047, -56.12693405151367, 387.43634033203125], "obj_id": 1}, {"cam_R_m2c": [0.6412017941474915, 0.56722491979599, 0.516832709312439, 0.7577759027481079, -0.3618541955947876, -0.5429890751838684, -0.12097883969545364, 0.739808976650238, -0.6618509292602539], "cam_t_m2c": [106.54613494873047, -56.12693405151367, 387.43634033203125], "obj_id": 1}, {"cam_R_m2c": [0.6412017941474915, 0.56722491979599, 0.516832709312439, 0.7577759027481079, -0.3618541955947876, -0.5429890751838684, -0.12097883969545364, 0.739808976650238, -0.6618509292602539], "cam_t_m2c": [106.54613494873047, -56.12693405151367, 387.43634033203125], "obj_id": 0}, {"cam_R_m2c": [0.6412017941474915, 0.56722491979599, 0.516832709312439, 0.7577759027481079, -0.3618541955947876, -0.5429890751838684, -0.12097883969545364, 0.739808976650238, -0.6618509292602539], "cam_t_m2c": [106.54613494873047, -56.12693405151367, 387.43634033203125], "obj_id": 0}, {"cam_R_m2c": [0.6412017941474915, 0.56722491979599, 0.516832709312439, 0.7577759027481079, -0.3618541955947876, -0.5429890751838684, -0.12097883969545364, 0.739808976650238, -0.6618509292602539], "cam_t_m2c": [106.54613494873047, -56.12693405151367, 387.43634033203125], "obj_id": 3}, {"cam_R_m2c": [0.6412017941474915, 0.56722491979599, 0.516832709312439, 0.7577759027481079, -0.3618541955947876, -0.5429890751838684, -0.12097883969545364, 0.739808976650238, -0.6618509292602539], "cam_t_m2c": [106.54613494873047, -56.12693405151367, 387.43634033203125], "obj_id": 3}, {"cam_R_m2c": [0.2681189775466919, -0.8029447197914124, 0.5323455929756165, -0.43936434388160706, 0.38985058665275574, 0.8093054890632629, -0.8573628067970276, -0.45088374614715576, -0.24825891852378845], "cam_t_m2c": [491.6322326660156, 201.94229125976562, 487.2648010253906], "obj_id": 0}, {"cam_R_m2c": [0.7239735722541809, 0.42273014783859253, -0.5451251268386841, 0.6898275017738342, -0.44422802329063416, 0.5716636776924133, -0.0005004222621209919, -0.789911687374115, -0.61322021484375], "cam_t_m2c": [127.95475006103516, -49.287628173828125, 375.8387756347656], "obj_id": 3}, {"cam_R_m2c": [0.0688277930021286, -0.8374187350273132, 0.5422108769416809, -0.7442066073417664, -0.4050547480583191, -0.5311187505722046, 0.6643938422203064, -0.36696118116378784, -0.6510915756225586], "cam_t_m2c": [261.5108642578125, -20.53387451171875, 457.3958435058594], "obj_id": 3}, {"cam_R_m2c": [0.04678553715348244, -0.34875330328941345, -0.9360461235046387, -0.8572797179222107, -0.49500182271003723, 0.1415797472000122, -0.5127208828926086, 0.7958294153213501, -0.32213810086250305], "cam_t_m2c": [20.738468170166016, 25.68797492980957, 213.00022888183594], "obj_id": 3}, {"cam_R_m2c": [-0.5691778063774109, 0.1724860966205597, 0.8039185404777527, -0.18348190188407898, -0.9797375202178955, 0.08030325919389725, 0.8014804124832153, -0.1017976626753807, 0.5892931222915649], "cam_t_m2c": [-4019.173583984375, 4139.42138671875, 5343.00439453125], "obj_id": 2}]
}