{
  "0": [{"cam_R_m2c": [0.24273116886615753, 0.9602880477905273, 0.1375807821750641, -0.8901820778846741, 0.2768516540527344, -0.3618411421775818, -0.38556116819381714, -0.03464182838797569, 0.9220317602157593], "cam_t_m2c": [160.5160675048828, 4.624338150024414, 1071.8687744140625], "obj_id": 1}, {"cam_R_m2c": [0.9000248908996582, -0.07915779203176498, 0.42858976125717163, 0.20873892307281494, -0.7849605083465576, -0.583322286605835, 0.3826005756855011, 0.614467978477478, -0.6899607181549072], "cam_t_m2c": [-14.458199501037598, -194.41891479492188, 1159.0555419921875], "obj_id": 1}, {"cam_R_m2c": [-0.5156610608100891, 0.7967415452003479, -0.31511348485946655, 0.7812067866325378, 0.2861761450767517, -0.5548145174980164, -0.3518657982349396, -0.5322650671005249, -0.7699898481369019], "cam_t_m2c": [4624.17236328125, -31047.154296875, -75755.5859375], "obj_id": 2}, {"cam_R_m2c": [-0.4485979378223419, 0.851132333278656, -0.27264124155044556, 0.8856350183486938, 0.382369726896286, -0.26352208852767944, -0.12004245817661285, -0.35967618227005005, -0.9253228902816772], "cam_t_m2c": [-159.41351318359375, -163.82920837402344, 1162.4554443359375], "obj_id": 3}],
  "1": [{"cam_R_m2c": [0.7271906137466431, -0.25911030173301697, 0.6356536746025085, -0.5859084725379944, 0.2481689304113388, 0.7714423537254333, -0.3576381206512451, -0.9334205389022827, 0.028651192784309387], "cam_t_m2c": [8.439512252807617, 64.96349334716797, 726.90869140625], "obj_id": 1}, {"cam_R_m2c": [-0.0640760287642479, 0.9371543526649475, 0.34298089146614075, 0.6022414565086365, 0.31036144495010376, -0.7355140447616577, -0.7957382798194885, 0.1594284623861313, -0.5842798948287964], "cam_t_m2c": [222.2806854248047, 48.934593200683594, 905.60888671875], "obj_id": 1}, {"cam_R_m2c": [-0.8599614500999451, -0.4270350933074951, 0.27947700023651123, -0.1879674792289734, -0.24409767985343933, -0.9513593316078186, 0.47448351979255676, -0.8706648945808411, 0.12964585423469543], "cam_t_m2c": [5369.51904296875, -80035.375, -20291.064453125], "obj_id": 2}, {"cam_R_m2c": [-0.8851027488708496, -0.46319347620010376, -0.04521971568465233, 0.07335703074932098, -0.04290296137332916, -0.996382474899292, 0.4595778286457062, -0.88521808385849, 0.07195207476615906], "cam_t_m2c": [192.1051025390625, 31.912885665893555, 1049.7005615234375], "obj_id": 3}]
}