{
  "0": [{"cam_R_m2c": [0.8526593446731567, 0.5123416781425476, -0.10236234217882156, -0.0662706270813942, 0.30039533972740173, 0.9515097141265869, 0.5182473063468933, -0.8045300245285034, 0.29008808732032776], "cam_t_m2c": [-1663.4285888671875, -4247.21923828125, -2909.597412109375], "obj_id": 2}, {"cam_R_m2c": [-0.4550117254257202, -0.46609750390052795, 0.7587604522705078, -0.7813286185264587, 0.6177298426628113, -0.0890812799334526, -0.4271883964538574, -0.6333742737770081, -0.645249605178833], "cam_t_m2c": [32.28858184814453, 604.3908081054688, 347.6039733886719], "obj_id": 3}, {"cam_R_m2c": [0.7134582996368408, -0.5216181874275208, 0.4678587317466736, 0.41671058535575867, -0.2209353744983673, -0.8817822337150574, 0.5633201599121094, 0.8240764737129211, 0.059735629707574844], "cam_t_m2c": [-167.25086975097656, 309.2515869140625, 530.6576538085938], "obj_id": 2}, {"cam_R_m2c": [-0.10534719377756119, 0.9827229380607605, -0.15217605233192444, 0.845252275466919, 0.16910530626773834, 0.5069042444229126, 0.5238802433013916, -0.07522621005773544, -0.8484635949134827], "cam_t_m2c": [33.447872161865234, 249.3203582763672, 313.4195861816406], "obj_id": 0}],
  "1": [{"cam_R_m2c": [0.5399909019470215, -0.4991489052772522, -0.677687406539917, 0.7577468752861023, -0.062176864594221115, 0.649579644203186, -0.3663734495639801, -0.8642826080322266, 0.34465357661247253], "cam_t_m2c": [1317.6474609375, -5527.3720703125, -496.0522766113281], "obj_id": 2}, {"cam_R_m2c": [0.3171154856681824, -0.947883129119873, -0.030907854437828064, -0.9479528665542603, -0.31581610441207886, -0.040564894676208496, 0.028689581900835037, 0.0421629436314106, -0.9986987113952637], "cam_t_m2c": [-668.0423583984375, 121.69595336914062, 584.6616821289062], "obj_id": 3}, {"cam_R_m2c": [0.12255232781171799, 0.4400877356529236, 0.8895525336265564, 0.9751945734024048, 0.11307088285684586, -0.19029055535793304, -0.18432700634002686, 0.8908073306083679, -0.41531404852867126], "cam_t_m2c": [-388.9015197753906, -34.21707534790039, 825.7144775390625], "obj_id": 2}, {"cam_R_m2c": [-0.47690102458000183, 0.09240426123142242, -0.874086320400238, 0.7371492981910706, 0.5836790800094604, -0.34048447012901306, 0.4787236750125885, -0.8067094683647156, -0.3464728891849518], "cam_t_m2c": [-389.2289733886719, -94.25823974609375, 530.0821533203125], "obj_id": 0}]
}