{
  "0": [{"cam_R_m2c": [0.9834426641464233, -0.1705952137708664, -0.061137355864048004, -0.18112501502037048, -0.9361965656280518, -0.3012140691280365, -0.0058508990332484245, 0.30730026960372925, -0.9515947103500366], "cam_t_m2c": [508.2658386230469, 3111.978515625, 4193.93359375], "obj_id": 0}, {"cam_R_m2c": [0.9040707349777222, 0.28769245743751526, 0.31605246663093567, 0.38289061188697815, -0.21668359637260437, -0.8980216979980469, -0.1898707002401352, 0.9328886866569519, -0.3060520589351654], "cam_t_m2c": [-62.17435836791992, 3053.70458984375, 4490.392578125], "obj_id": 1}, {"cam_R_m2c": [0.2731981873512268, 0.6143819093704224, -0.7402010560035706, -0.9230084419250488, 0.384161114692688, -0.021808378398418427, 0.2709577679634094, 0.6891698241233826, 0.672031819820404], "cam_t_m2c": [205.40077209472656, 3168.9619140625, 4426.08349609375], "obj_id": 3}, {"cam_R_m2c": [-0.24979564547538757, -0.6350318789482117, -0.730983316898346, -0.6871799230575562, 0.648118257522583, -0.328217089176178, 0.6821919679641724, 0.42032989859580994, -0.598278284072876], "cam_t_m2c": [140.26658630371094, 3306.9091796875, 4340.67431640625], "obj_id": 2}, {"cam_R_m2c": [-0.794712483882904, 0.5734612941741943, -0.19893230497837067, 0.4283074140548706, 0.7620294690132141, 0.4856581687927246, 0.43009844422340393, 0.30075445771217346, -0.8512120246887207], "cam_t_m2c": [213.47897338867188, 4362.59033203125, 5823.19189453125], "obj_id": 1}, {"cam_R_m2c": [-0.5807299613952637, 0.060957618057727814, -0.8118109107017517, 0.8134610056877136, 0.004062129184603691, -0.5816053152084351, -0.03215558081865311, -0.9981321096420288, -0.05194566398859024], "cam_t_m2c": [-17.558006286621094, 4220.2412109375, 5572.076171875], "obj_id": 1}, {"cam_R_m2c": [-0.877435028553009, 0.47969552874565125, -2.9784253285924933e-08, 0.36417245864868164, 0.6661259531974792, -0.6508875489234924, -0.3122278153896332, -0.5711115598678589, -0.7591741681098938], "cam_t_m2c": [144.62411499023438, 4298.68408203125, 5636.39208984375], "obj_id": 0}, {"cam_R_m2c": [-0.877435028553009, 0.47969555854797363, -2.62636792314197e-08, 0.36417248845100403, 0.6661259531974792, -0.6508875489234924, -0.31222784519195557, -0.5711115598678589, -0.7591741681098938], "cam_t_m2c": [144.62411499023438, 4298.68310546875, 5636.390625], "obj_id": 3}, {"cam_R_m2c": [-0.6500999331474304, -0.7415891289710999, 0.16557639837265015, 0.11393861472606659, -0.3105826675891876, -0.9436929225921631, 0.751257598400116, -0.594629168510437, 0.286405473947525], "cam_t_m2c": [171.3567352294922, 3125.326416015625, 4463.501953125], "obj_id": 1}, {"cam_R_m2c": [0.0488051176071167, 0.4566238522529602, 0.8883201479911804, 0.9879008531570435, -0.15314754843711853, 0.02444641850888729, 0.14720690250396729, 0.876379132270813, -0.45857346057891846], "cam_t_m2c": [196.28097534179688, 3204.30224609375, 4395.791015625], "obj_id": 0}, {"cam_R_m2c": [0.3943297863006592, 0.9156454801559448, -0.07808586955070496, -0.7722450494766235, 0.28411245346069336, -0.5682584643363953, -0.49813809990882874, 0.2843826711177826, 0.8191366791725159], "cam_t_m2c": [145.58145141601562, 2116.442138671875, 3215.458984375], "obj_id": 1}, {"cam_R_m2c": [0.5606673359870911, 0.6321895122528076, 0.534778892993927, -0.347502201795578, 0.7658525109291077, -0.5410287976264954, -0.7515945434570312, 0.11750033497810364, 0.6490757465362549], "cam_t_m2c": [145.35963439941406, 2144.73193359375, 3191.204345703125], "obj_id": 2}, {"cam_R_m2c": [-0.47396671772003174, 0.8523699045181274, 0.22095538675785065, 0.7509765625, 0.26026979088783264, 0.6068722605705261, 0.4597715735435486, 0.4535695016384125, -0.7634690403938293], "cam_t_m2c": [223.22921752929688, 2138.781005859375, 3196.30615234375], "obj_id": 3}, {"cam_R_m2c": [-0.8091117143630981, 0.5016619563102722, 0.3060609698295593, -0.3735307455062866, -0.8411056399345398, 0.3911724388599396, 0.45366600155830383, 0.20217904448509216, 0.8679347634315491], "cam_t_m2c": [156.28810119628906, 2089.144775390625, 3238.8623046875], "obj_id": 0}, {"cam_R_m2c": [-0.560229480266571, -0.6220788359642029, 0.5469560027122498, -0.2754821479320526, 0.762643039226532, 0.5852223634719849, -0.7811866402626038, 0.1771821677684784, -0.5986267328262329], "cam_t_m2c": [233.8081817626953, 2148.07177734375, 3188.3408203125], "obj_id": 3}, {"cam_R_m2c": [0.6938916444778442, -0.30379393696784973, -0.6528580784797668, 0.22171661257743835, 0.95273756980896, -0.20768462121486664, 0.6850957274436951, -0.0006388556212186813, 0.728452742099762], "cam_t_m2c": [272.9825134277344, 3169.529541015625, 4473.1591796875], "obj_id": 3}, {"cam_R_m2c": [-0.0658656433224678, 0.2404043823480606, 0.9684354662895203, 0.982780933380127, -0.15228568017482758, 0.10464481264352798, 0.172636017203331, 0.9586524963378906, -0.22623436152935028], "cam_t_m2c": [147.6331787109375, 2183.693603515625, 3157.800048828125], "obj_id": 2}, {"cam_R_m2c": [0.9041622877120972, 0.2876388430595398, 0.3158392310142517, 0.38266557455062866, -0.21670420467853546, -0.8981124758720398, -0.18988831341266632, 0.9329002499580383, -0.30600523948669434], "cam_t_m2c": [170.5596466064453, 3147.407470703125, 4440.39892578125], "obj_id": 1}, {"cam_R_m2c": [-0.5627296566963196, 0.15915599465370178, -0.8111750483512878, -0.38978683948516846, -0.9164383411407471, 0.09059442579746246, -0.7289731502532959, 0.3671655058860779, 0.577743649482727], "cam_t_m2c": [75.8941650390625, 3317.717529296875, 5009.1640625], "obj_id": 0}, {"cam_R_m2c": [0.9796534776687622, -0.1961742788553238, 0.04236365854740143, -0.19036807119846344, -0.975143313407898, -0.11338228732347488, 0.0635533258318901, 0.10301066190004349, -0.9926478266716003], "cam_t_m2c": [316.8453674316406, 3220.74072265625, 4396.9736328125], "obj_id": 0}, {"cam_R_m2c": [-0.28555598855018616, 0.8662685751914978, 0.40992262959480286, 0.9253570437431335, 0.1379402130842209, 0.35311034321784973, 0.24934357404708862, 0.4801575243473053, -0.8409973978996277], "cam_t_m2c": [158.3945770263672, 1084.948974609375, 1986.800048828125], "obj_id": 3}, {"cam_R_m2c": [0.29533445835113525, -0.2549249827861786, -0.9207555055618286, 0.18617336452007294, -0.9299132227897644, 0.3171759843826294, -0.9370789527893066, -0.2650931477546692, -0.22717508673667908], "cam_t_m2c": [235.97109985351562, 1103.009521484375, 1971.315673828125], "obj_id": 2}, {"cam_R_m2c": [-0.9956834316253662, -0.0671389102935791, -0.06408216804265976, -0.05091981217265129, 0.9724158048629761, -0.22762833535671234, 0.0775972306728363, -0.22338275611400604, -0.971636950969696], "cam_t_m2c": [125.61319732666016, 1102.7041015625, 1971.5775146484375], "obj_id": 3}, {"cam_R_m2c": [0.03568383678793907, 0.11377381533384323, -0.9928656220436096, 0.6840725541114807, 0.721484363079071, 0.10726160556077957, 0.7285405993461609, -0.6830196380615234, -0.052084218710660934], "cam_t_m2c": [167.29922485351562, 1045.789794921875, 2020.37353515625], "obj_id": 1}, {"cam_R_m2c": [-0.8850095272064209, 0.24813683331012726, -0.3939370810985565, 0.46272626519203186, 0.3753719925880432, -0.8031066656112671, -0.05140738561749458, -0.8930420279502869, -0.4470272660255432], "cam_t_m2c": [156.04457092285156, 1135.3515625, 1943.586669921875], "obj_id": 3}, {"cam_R_m2c": [-0.5404747724533081, 0.2285623550415039, -0.8097198009490967, 0.26348957419395447, -0.8680011034011841, -0.42088863253593445, -0.799036979675293, -0.4408324360847473, 0.40890899300575256], "cam_t_m2c": [93.8619155883789, 1068.3917236328125, 2000.99560546875], "obj_id": 2}, {"cam_R_m2c": [0.07193482667207718, -0.6813192963600159, -0.7284432053565979, -0.9363223314285278, 0.20553576946258545, -0.28470271825790405, 0.34369462728500366, 0.7025376558303833, -0.6231492757797241], "cam_t_m2c": [125.10554504394531, 3300.13916015625, 4358.64306640625], "obj_id": 2}, {"cam_R_m2c": [0.9041347503662109, 0.2876727283000946, 0.3158872723579407, 0.3827265799045563, -0.21671533584594727, -0.8980839252471924, -0.1898966282606125, 0.9328873157501221, -0.30603986978530884], "cam_t_m2c": [24.452613830566406, 3194.057861328125, 4496.28271484375], "obj_id": 1}, {"cam_R_m2c": [0.0948474258184433, -0.6804558634757996, -0.7266250252723694, -0.9400047063827515, 0.17906714975833893, -0.29038968682289124, 0.3277120590209961, 0.7105736136436462, -0.6226476430892944], "cam_t_m2c": [142.6333465576172, 3223.280517578125, 4373.865234375], "obj_id": 2}, {"cam_R_m2c": [-0.1147271990776062, -0.6726983785629272, -0.7309683561325073, -0.8417770266532898, 0.4565558135509491, -0.28804224729537964, 0.527493417263031, 0.5822660326957703, -0.6186414361000061], "cam_t_m2c": [150.10726928710938, 3159.369384765625, 4395.9921875], "obj_id": 2}, {"cam_R_m2c": [-0.040523648262023926, -0.48629364371299744, -0.8728552460670471, -0.21465176343917847, 0.8574135303497314, -0.46772500872612, 0.9758495688438416, 0.16840599477291107, -0.13912931084632874], "cam_t_m2c": [155.2752227783203, 43.51237487792969, 766.6663818359375], "obj_id": 3}, {"cam_R_m2c": [-0.17026595771312714, 0.433817058801651, -0.8847666382789612, 0.8545156121253967, 0.5121439695358276, 0.08666890114545822, 0.4907263219356537, -0.741290271282196, -0.4579041302204132], "cam_t_m2c": [210.2600860595703, 63.421913146972656, 749.5967407226562], "obj_id": 1}, {"cam_R_m2c": [0.08126387745141983, 0.7891693115234375, 0.608775794506073, 0.19126147031784058, -0.6117916703224182, 0.7675479650497437, 0.978169322013855, 0.054061442613601685, -0.20065420866012573], "cam_t_m2c": [136.10081481933594, 92.30354309082031, 724.8346557617188], "obj_id": 2}, {"cam_R_m2c": [-0.4965055286884308, -0.7449167966842651, -0.44562461972236633, -0.2756987512111664, 0.6221201419830322, -0.7327733039855957, 0.823087215423584, -0.24096781015396118, -0.5142587423324585], "cam_t_m2c": [187.5467987060547, 12.779038429260254, 793.0159912109375], "obj_id": 3}, {"cam_R_m2c": [0.27752023935317993, 0.7866222262382507, 0.5515506267547607, 0.596075713634491, 0.30925440788269043, -0.7409828305244446, -0.7534430027008057, 0.5344036817550659, -0.3830620348453522], "cam_t_m2c": [180.7581024169922, -5.565729141235352, 808.744140625], "obj_id": 0}, {"cam_R_m2c": [0.37091827392578125, -0.5809345841407776, -0.7245237231254578, -0.9286637902259827, -0.2305247038602829, -0.29058897495269775, 0.0017925916472449899, 0.7806236743927002, -0.6249987483024597], "cam_t_m2c": [136.64686584472656, 3336.815673828125, 4328.958984375], "obj_id": 2}, {"cam_R_m2c": [0.8730387091636658, 0.30442383885383606, 0.3809586763381958, -0.12271375954151154, -0.6189253330230713, 0.7758045792579651, 0.4719583988189697, -0.7240563035011292, -0.5029888153076172], "cam_t_m2c": [140.29139709472656, 74.51944732666016, 740.0821533203125], "obj_id": 0}, {"cam_R_m2c": [0.0014903517439961433, 0.9792726635932922, 0.20254060626029968, 0.6573314070701599, -0.1535942554473877, 0.7377832531929016, 0.7536001205444336, 0.13203677535057068, -0.6439355611801147], "cam_t_m2c": [226.98773193359375, 52.37623596191406, 759.06689453125], "obj_id": 3}, {"cam_R_m2c": [0.5287314653396606, -0.4429117441177368, -0.724066436290741, -0.8165035843849182, -0.49844467639923096, -0.291332483291626, -0.23187251389026642, 0.7452394962310791, -0.6251823902130127], "cam_t_m2c": [104.44922637939453, 3398.2734375, 4337.6142578125], "obj_id": 2}, {"cam_R_m2c": [-0.6096319556236267, 0.19677598774433136, -0.7678723335266113, -0.5093275904655457, -0.8395093679428101, 0.1892334222793579, -0.6073994636535645, 0.5064613223075867, 0.6120153069496155], "cam_t_m2c": [168.92115783691406, 3144.3642578125, 4403.47509765625], "obj_id": 3}],
  "1": [{"cam_R_m2c": [0.6960623264312744, 0.6271738409996033, -0.34949991106987, 0.2496023029088974, -0.6677961945533752, -0.7012465596199036, -0.6731982827186584, 0.4008753001689911, -0.6213718056678772], "cam_t_m2c": [239.51947021484375, 4261.32080078125, 2831.681884765625], "obj_id": 0}, {"cam_R_m2c": [0.20970913767814636, 0.7902962565422058, 0.5757203102111816, 0.5791608691215515, 0.3740021884441376, -0.724358320236206, -0.7877783179283142, 0.4853392243385315, -0.37927699089050293], "cam_t_m2c": [87.83055877685547, 4122.3037109375, 3443.523681640625], "obj_id": 1}, {"cam_R_m2c": [0.8660060167312622, 0.4936302900314331, -0.0797666385769844, -0.4955800473690033, 0.8685451149940491, -0.005454969126731157, 0.06658819317817688, 0.04425479471683502, 0.9967986345291138], "cam_t_m2c": [144.49221801757812, 4291.50927734375, 3204.410400390625], "obj_id": 3}, {"cam_R_m2c": [0.6237569451332092, -0.555263876914978, -0.5500993132591248, -0.32994717359542847, 0.45095905661582947, -0.829319417476654, 0.7085633873939514, 0.6987974643707275, 0.09808111935853958], "cam_t_m2c": [-22.901948928833008, 4335.11083984375, 3179.02099609375], "obj_id": 2}, {"cam_R_m2c": [-0.51217120885849, 0.036936480551958084, -0.8580887317657471, 0.2173094004392624, 0.9721404910087585, -0.08786056935787201, 0.8309375643730164, -0.23147040605545044, -0.5059289932250977], "cam_t_m2c": [151.8844451904297, 5882.71044921875, 4123.51318359375], "obj_id": 1}, {"cam_R_m2c": [-0.8591168522834778, -0.4862281084060669, -0.15968801081180573, 0.3951951861381531, -0.4320323169231415, -0.8106594085693359, 0.32517504692077637, -0.7595592141151428, 0.5633214116096497], "cam_t_m2c": [-30.835983276367188, 5561.4736328125, 4112.51123046875], "obj_id": 1}, {"cam_R_m2c": [-0.9096535444259644, -0.41536745429039, 9.813722279261583e-09, -0.20864713191986084, 0.45693668723106384, -0.8646820783615112, 0.359160840511322, -0.7865612506866455, -0.5023192167282104], "cam_t_m2c": [52.130584716796875, 5718.40478515625, 4041.22119140625], "obj_id": 0}, {"cam_R_m2c": [-0.9096535444259644, -0.4153674840927124, -1.5425650090605814e-08, -0.20864711701869965, 0.45693668723106384, -0.864682137966156, 0.3591608703136444, -0.7865612506866455, -0.5023192167282104], "cam_t_m2c": [52.130584716796875, 5718.4033203125, 4041.220703125], "obj_id": 3}, {"cam_R_m2c": [-0.0670366957783699, -0.5652701258659363, 0.8221773505210876, 0.17468680441379547, -0.8179524540901184, -0.548122227191925, 0.9823392629623413, 0.10687918961048126, 0.15357822179794312], "cam_t_m2c": [170.13563537597656, 4260.52587890625, 3257.755126953125], "obj_id": 1}, {"cam_R_m2c": [-0.494642049074173, 0.8233890533447266, 0.27813610434532166, 0.8690719604492188, 0.46619749069213867, 0.16545018553733826, 0.006563516799360514, 0.3235589265823364, -0.9461852312088013], "cam_t_m2c": [101.75543212890625, 4301.8486328125, 3186.623046875], "obj_id": 0}, {"cam_R_m2c": [0.44601160287857056, 0.5238943696022034, 0.7256778478622437, -0.6818352937698364, 0.724117636680603, -0.10370264947414398, -0.5798053741455078, -0.44854018092155457, 0.6801745891571045], "cam_t_m2c": [117.52709197998047, 2877.03955078125, 2445.768310546875], "obj_id": 1}, {"cam_R_m2c": [0.1552956998348236, -0.025734171271324158, 0.9875327944755554, -0.3956141769886017, 0.9143776297569275, 0.08604060858488083, -0.9051920771598816, -0.40404370427131653, 0.13181810081005096], "cam_t_m2c": [87.55265808105469, 2888.16064453125, 2426.6240234375], "obj_id": 2}, {"cam_R_m2c": [-0.5007748603820801, 0.5886800289154053, -0.6345707774162292, 0.6152995824813843, 0.7577319741249084, 0.21736744046211243, 0.6087944507598877, -0.2815990149974823, -0.7416677474975586], "cam_t_m2c": [140.4669189453125, 2917.126953125, 2376.7626953125], "obj_id": 3}, {"cam_R_m2c": [-0.021026715636253357, 0.9171921610832214, 0.39788997173309326, -0.4120451807975769, -0.3705565631389618, 0.8324100971221924, 0.9109207987785339, -0.14644579589366913, 0.38571619987487793], "cam_t_m2c": [152.73377990722656, 2870.52880859375, 2456.975341796875], "obj_id": 0}, {"cam_R_m2c": [-0.5752325057983398, -0.7438708543777466, -0.3402405381202698, -0.8031598329544067, 0.4347813129425049, 0.40730753540992737, -0.1550540030002594, 0.5075640678405762, -0.8475475907325745], "cam_t_m2c": [137.00265502929688, 2925.064208984375, 2363.099853515625], "obj_id": 3}, {"cam_R_m2c": [0.6378852725028992, -0.7615031599998474, 0.11495791375637054, 0.7701256275177002, 0.6313105821609497, -0.09139714390039444, -0.0029749334789812565, 0.1468329280614853, 0.9891568422317505], "cam_t_m2c": [209.1605987548828, 4340.82861328125, 3191.39599609375], "obj_id": 3}, {"cam_R_m2c": [-0.5469523668289185, 0.7362528443336487, 0.39846548438072205, 0.8306064605712891, 0.4177992641925812, 0.36815306544303894, 0.10457518696784973, 0.5323302149772644, -0.8400526642799377], "cam_t_m2c": [47.81564712524414, 2904.51513671875, 2398.472412109375], "obj_id": 2}, {"cam_R_m2c": [0.20989161729812622, 0.7902827858924866, 0.5756721496582031, 0.5790115594863892, 0.3739696145057678, -0.724494457244873, -0.787839412689209, 0.4853861331939697, -0.3790898025035858], "cam_t_m2c": [144.19142150878906, 4267.03369140625, 3240.247314453125], "obj_id": 1}, {"cam_R_m2c": [-0.4800216555595398, 0.8438575863838196, -0.23975665867328644, -0.8705527186393738, -0.49194055795669556, 0.011496515944600105, -0.1082446351647377, 0.21423940360546112, 0.9707649350166321], "cam_t_m2c": [280.41729736328125, 4625.6923828125, 3703.1376953125], "obj_id": 0}, {"cam_R_m2c": [0.7355886697769165, 0.5290482044219971, -0.4231043756008148, 0.2727343738079071, -0.8030024170875549, -0.5299085974693298, -0.6201010346412659, 0.27439966797828674, -0.7349691390991211], "cam_t_m2c": [164.58518981933594, 4363.8984375, 3102.89990234375], "obj_id": 0}, {"cam_R_m2c": [-0.603632926940918, 0.6852342486381531, -0.4075305461883545, 0.7321323156356812, 0.6787823438644409, 0.056893084198236465, 0.3156096339225769, -0.2640237510204315, -0.9114174842834473], "cam_t_m2c": [111.87879943847656, 1500.11669921875, 1622.4842529296875], "obj_id": 3}, {"cam_R_m2c": [-0.4247497618198395, 0.2744932770729065, -0.8626940250396729, -0.16554100811481476, -0.9604083895683289, -0.22407962381839752, -0.890047013759613, 0.04763345420360565, 0.4533732831478119], "cam_t_m2c": [139.2891387939453, 1538.4801025390625, 1556.4462890625], "obj_id": 2}, {"cam_R_m2c": [-0.5249227285385132, -0.7478342056274414, -0.4064476788043976, -0.405072957277298, 0.6394760608673096, -0.6534417867660522, 0.748579740524292, -0.17836560308933258, -0.6386029124259949], "cam_t_m2c": [73.51671600341797, 1493.9658203125, 1633.0721435546875], "obj_id": 3}, {"cam_R_m2c": [-0.014770965091884136, -0.7265090942382812, -0.6869980096817017, 0.8911818861961365, 0.3019911050796509, -0.33852049708366394, 0.453405499458313, -0.6172405481338501, 0.6429911255836487], "cam_t_m2c": [158.5188446044922, 1488.1807861328125, 1643.0303955078125], "obj_id": 1}, {"cam_R_m2c": [-0.8381563425064087, -0.5450878143310547, 0.01931268908083439, -0.013576592318713665, -0.014547235332429409, -0.9998019337654114, 0.5452608466148376, -0.8382526636123657, 0.004792546387761831], "cam_t_m2c": [57.30413818359375, 1519.1448974609375, 1589.7293701171875], "obj_id": 3}, {"cam_R_m2c": [-0.9003777503967285, 0.4348171651363373, -0.01592850685119629, -0.37699854373931885, -0.7978836297988892, -0.47037601470947266, -0.2172366827726364, -0.41751113533973694, 0.8823223114013672], "cam_t_m2c": [90.69489288330078, 1467.59619140625, 1678.46435546875], "obj_id": 2}, {"cam_R_m2c": [0.7914746403694153, -0.16681647300720215, -0.5879966616630554, -0.5535703301429749, 0.21215884387493134, -0.8053249716758728, 0.2590900957584381, 0.9628918170928955, 0.07557369768619537], "cam_t_m2c": [-18.500452041625977, 4331.93212890625, 3202.876220703125], "obj_id": 2}, {"cam_R_m2c": [0.20983357727527618, 0.790303111076355, 0.5756655931472778, 0.5790449380874634, 0.3739685118198395, -0.7244684100151062, -0.7878304123878479, 0.4853540360927582, -0.379149854183197], "cam_t_m2c": [57.45357894897461, 4270.91162109375, 3378.47900390625], "obj_id": 1}, {"cam_R_m2c": [0.7991053462028503, -0.1460188925266266, -0.5831887125968933, -0.5546289086341858, 0.1952654868364334, -0.8088622093200684, 0.23198577761650085, 0.9698194265365601, 0.07505140453577042], "cam_t_m2c": [46.65850830078125, 4285.18359375, 3206.7626953125], "obj_id": 2}, {"cam_R_m2c": [0.7180044651031494, -0.37695321440696716, -0.585128903388977, -0.46919023990631104, 0.3588343858718872, -0.8069066405296326, 0.5141304135322571, 0.853899359703064, 0.08078193664550781], "cam_t_m2c": [101.52340698242188, 4247.81591796875, 3221.71533203125], "obj_id": 2}, {"cam_R_m2c": [0.6148813366889954, -0.7247384786605835, -0.3109261393547058, 0.26336896419525146, 0.5603432059288025, -0.7852720618247986, 0.7433422803878784, 0.4009608328342438, 0.5354182124137878], "cam_t_m2c": [107.1771469116211, 112.84463500976562, 817.0152587890625], "obj_id": 3}, {"cam_R_m2c": [-0.3656974136829376, -0.43793419003486633, -0.8212666511535645, 0.8336470723152161, 0.23826095461845398, -0.49826112389564514, 0.4138813018798828, -0.8668594360351562, 0.2779512405395508], "cam_t_m2c": [119.10667419433594, 142.8528594970703, 765.3596801757812], "obj_id": 1}, {"cam_R_m2c": [0.44225239753723145, 0.8727656006813049, -0.2066228687763214, 0.6345887780189514, -0.14169524610042572, 0.7597495913505554, 0.6338058114051819, -0.4671216309070587, -0.6165122985839844], "cam_t_m2c": [44.226009368896484, 124.46638488769531, 797.0098266601562], "obj_id": 2}, {"cam_R_m2c": [0.2992766797542572, -0.9499645829200745, -0.08944687992334366, -0.0387236662209034, 0.08157401531934738, -0.9959146976470947, 0.9533802270889282, 0.30151769518852234, -0.01237288024276495], "cam_t_m2c": [158.92405700683594, 113.64736938476562, 815.6334228515625], "obj_id": 3}, {"cam_R_m2c": [-0.5889036059379578, 0.5616564750671387, 0.5811492204666138, 0.2361975759267807, 0.8072752952575684, -0.5408486127853394, -0.7729185819625854, -0.1812417209148407, -0.6080692410469055], "cam_t_m2c": [174.20919799804688, 103.64685821533203, 832.84814453125], "obj_id": 0}, {"cam_R_m2c": [0.7876702547073364, 0.19911323487758636, -0.5830346941947937, -0.5847300887107849, -0.056504592299461365, -0.8092576861381531, -0.19407804310321808, 0.9783461689949036, 0.0719204992055893], "cam_t_m2c": [-49.358543395996094, 4351.919921875, 3171.130615234375], "obj_id": 2}, {"cam_R_m2c": [0.8434819579124451, 0.18119630217552185, -0.505673885345459, 0.4714983105659485, -0.7007582783699036, 0.5353755950927734, -0.25734710693359375, -0.6900040507316589, -0.6765106916427612], "cam_t_m2c": [65.4953384399414, 119.10462951660156, 806.2394409179688], "obj_id": 0}, {"cam_R_m2c": [-0.005930468440055847, 0.748699963092804, -0.6628824472427368, 0.8678125739097595, 0.33322227001190186, 0.36859768629074097, 0.4968562722206116, -0.5730717182159424, -0.6517074108123779], "cam_t_m2c": [140.77659606933594, 145.20462036132812, 761.3114624023438], "obj_id": 3}, {"cam_R_m2c": [0.692202091217041, 0.4262172281742096, -0.5824046730995178, -0.5401384830474854, -0.2292616218328476, -0.8097466826438904, -0.4786509573459625, 0.8750874996185303, 0.07152091711759567], "cam_t_m2c": [-101.49422454833984, 4391.58056640625, 3195.575927734375], "obj_id": 2}, {"cam_R_m2c": [-0.37206751108169556, 0.8922259211540222, -0.25592681765556335, -0.9280009865760803, -0.351777583360672, 0.12274585664272308, 0.019487710669636726, 0.28317010402679443, 0.9588716626167297], "cam_t_m2c": [125.81443786621094, 4246.95849609375, 3215.056640625], "obj_id": 3}]
}