{
  "0": [{"cam_R_m2c": [-0.7509977221488953, 0.6202016472816467, 0.2266101986169815, 0.25762391090393066, 0.5912047028541565, -0.7642688155174255, -0.6079738140106201, -0.5155839920043945, -0.6037721633911133], "cam_t_m2c": [448.5406188964844, 0.47869986295700073, 966.8565673828125], "obj_id": 0}, {"cam_R_m2c": [-0.7509977221488953, 0.6202016472816467, 0.2266101986169815, 0.25762391090393066, 0.5912047028541565, -0.7642688155174255, -0.6079738140106201, -0.5155839920043945, -0.6037721633911133], "cam_t_m2c": [448.5406188964844, 0.47869986295700073, 966.8565673828125], "obj_id": 1}, {"cam_R_m2c": [-0.7509977221488953, 0.6202016472816467, 0.2266101986169815, 0.25762391090393066, 0.5912047028541565, -0.7642688155174255, -0.6079738140106201, -0.5155839920043945, -0.6037721633911133], "cam_t_m2c": [448.5406188964844, 0.47869986295700073, 966.8565673828125], "obj_id": 3}, {"cam_R_m2c": [-0.7509977221488953, 0.6202016472816467, 0.2266101986169815, 0.25762391090393066, 0.5912047028541565, -0.7642688155174255, -0.6079738140106201, -0.5155839920043945, -0.6037721633911133], "cam_t_m2c": [448.5406188964844, 0.47869986295700073, 966.8565673828125], "obj_id": 0}, {"cam_R_m2c": [-0.7509977221488953, 0.6202016472816467, 0.2266101986169815, 0.25762391090393066, 0.5912047028541565, -0.7642688155174255, -0.6079738140106201, -0.5155839920043945, -0.6037721633911133], "cam_t_m2c": [448.5406188964844, 0.47869986295700073, 966.8565673828125], "obj_id": 3}, {"cam_R_m2c": [-0.7509977221488953, 0.6202016472816467, 0.2266101986169815, 0.25762391090393066, 0.5912047028541565, -0.7642688155174255, -0.6079738140106201, -0.5155839920043945, -0.6037721633911133], "cam_t_m2c": [448.5406188964844, 0.47869986295700073, 966.8565673828125], "obj_id": 3}, {"cam_R_m2c": [-0.7509977221488953, 0.6202016472816467, 0.2266101986169815, 0.25762391090393066, 0.5912047028541565, -0.7642688155174255, -0.6079738140106201, -0.5155839920043945, -0.6037721633911133], "cam_t_m2c": [448.5406188964844, 0.47869986295700073, 966.8565673828125], "obj_id": 2}, {"cam_R_m2c": [-0.7509977221488953, 0.6202016472816467, 0.2266101986169815, 0.25762391090393066, 0.5912047028541565, -0.7642688155174255, -0.6079738140106201, -0.5155839920043945, -0.6037721633911133], "cam_t_m2c": [448.5406188964844, 0.47869986295700073, 966.8565673828125], "obj_id": 2}, {"cam_R_m2c": [-0.7509977221488953, 0.6202016472816467, 0.2266101986169815, 0.25762391090393066, 0.5912047028541565, -0.7642688155174255, -0.6079738140106201, -0.5155839920043945, -0.6037721633911133], "cam_t_m2c": [448.5406188964844, 0.47869986295700073, 966.8565673828125], "obj_id": 3}, {"cam_R_m2c": [-0.7509977221488953, 0.6202016472816467, 0.2266101986169815, 0.25762391090393066, 0.5912047028541565, -0.7642688155174255, -0.6079738140106201, -0.5155839920043945, -0.6037721633911133], "cam_t_m2c": [448.5406188964844, 0.47869986295700073, 966.8565673828125], "obj_id": 1}, {"cam_R_m2c": [-0.7509977221488953, 0.6202016472816467, 0.2266101986169815, 0.25762391090393066, 0.5912047028541565, -0.7642688155174255, -0.6079738140106201, -0.5155839920043945, -0.6037721633911133], "cam_t_m2c": [448.5406188964844, 0.47869986295700073, 966.8565673828125], "obj_id": 2}, {"cam_R_m2c": [-0.7509977221488953, 0.6202016472816467, 0.2266101986169815, 0.25762391090393066, 0.5912047028541565, -0.7642688155174255, -0.6079738140106201, -0.5155839920043945, -0.6037721633911133], "cam_t_m2c": [448.5406188964844, 0.47869986295700073, 966.8565673828125], "obj_id": 2}, {"cam_R_m2c": [-0.7509977221488953, 0.6202016472816467, 0.2266101986169815, 0.25762391090393066, 0.5912047028541565, -0.7642688155174255, -0.6079738140106201, -0.5155839920043945, -0.6037721633911133], "cam_t_m2c": [448.5406188964844, 0.47869986295700073, 966.8565673828125], "obj_id": 3}, {"cam_R_m2c": [-0.7509977221488953, 0.6202016472816467, 0.2266101986169815, 0.25762391090393066, 0.5912047028541565, -0.7642688155174255, -0.6079738140106201, -0.5155839920043945, -0.6037721633911133], "cam_t_m2c": [448.5406188964844, 0.47869986295700073, 966.8565673828125], "obj_id": 1}, {"cam_R_m2c": [-0.7509977221488953, 0.6202016472816467, 0.2266101986169815, 0.25762391090393066, 0.5912047028541565, -0.7642688155174255, -0.6079738140106201, -0.5155839920043945, -0.6037721633911133], "cam_t_m2c": [448.5406188964844, 0.47869986295700073, 966.8565673828125], "obj_id": 2}, {"cam_R_m2c": [-0.7509977221488953, 0.6202016472816467, 0.2266101986169815, 0.25762391090393066, 0.5912047028541565, -0.7642688155174255, -0.6079738140106201, -0.5155839920043945, -0.6037721633911133], "cam_t_m2c": [448.5406188964844, 0.47869986295700073, 966.8565673828125], "obj_id": 0}, {"cam_R_m2c": [-0.7509977221488953, 0.6202016472816467, 0.2266101986169815, 0.25762391090393066, 0.5912047028541565, -0.7642688155174255, -0.6079738140106201, -0.5155839920043945, -0.6037721633911133], "cam_t_m2c": [448.5406188964844, 0.47869986295700073, 966.8565673828125], "obj_id": 2}, {"cam_R_m2c": [-0.7509977221488953, 0.6202016472816467, 0.2266101986169815, 0.25762391090393066, 0.5912047028541565, -0.7642688155174255, -0.6079738140106201, -0.5155839920043945, -0.6037721633911133], "cam_t_m2c": [448.5406188964844, 0.47869986295700073, 966.8565673828125], "obj_id": 3}, {"cam_R_m2c": [-0.7509977221488953, 0.6202016472816467, 0.2266101986169815, 0.25762391090393066, 0.5912047028541565, -0.7642688155174255, -0.6079738140106201, -0.5155839920043945, -0.6037721633911133], "cam_t_m2c": [448.5406188964844, 0.47869986295700073, 966.8565673828125], "obj_id": 0}, {"cam_R_m2c": [-0.7509977221488953, 0.6202016472816467, 0.2266101986169815, 0.25762391090393066, 0.5912047028541565, -0.7642688155174255, -0.6079738140106201, -0.5155839920043945, -0.6037721633911133], "cam_t_m2c": [448.5406188964844, 0.47869986295700073, 966.8565673828125], "obj_id": 2}, {"cam_R_m2c": [-0.7509977221488953, 0.6202016472816467, 0.2266101986169815, 0.25762391090393066, 0.5912047028541565, -0.7642688155174255, -0.6079738140106201, -0.5155839920043945, -0.6037721633911133], "cam_t_m2c": [448.5406188964844, 0.47869986295700073, 966.8565673828125], "obj_id": 0}, {"cam_R_m2c": [-0.7509977221488953, 0.6202016472816467, 0.2266101986169815, 0.25762391090393066, 0.5912047028541565, -0.7642688155174255, -0.6079738140106201, -0.5155839920043945, -0.6037721633911133], "cam_t_m2c": [448.5406188964844, 0.47869986295700073, 966.8565673828125], "obj_id": 0}, {"cam_R_m2c": [-0.7509977221488953, 0.6202016472816467, 0.2266101986169815, 0.25762391090393066, 0.5912047028541565, -0.7642688155174255, -0.6079738140106201, -0.5155839920043945, -0.6037721633911133], "cam_t_m2c": [448.5406188964844, 0.47869986295700073, 966.8565673828125], "obj_id": 0}, {"cam_R_m2c": [-0.7509977221488953, 0.6202016472816467, 0.2266101986169815, 0.25762391090393066, 0.5912047028541565, -0.7642688155174255, -0.6079738140106201, -0.5155839920043945, -0.6037721633911133], "cam_t_m2c": [448.5406188964844, 0.47869986295700073, 966.8565673828125], "obj_id": 2}, {"cam_R_m2c": [-0.7509977221488953, 0.6202016472816467, 0.2266101986169815, 0.25762391090393066, 0.5912047028541565, -0.7642688155174255, -0.6079738140106201, -0.5155839920043945, -0.6037721633911133], "cam_t_m2c": [448.5406188964844, 0.47869986295700073, 966.8565673828125], "obj_id": 2}, {"cam_R_m2c": [-0.7509977221488953, 0.6202016472816467, 0.2266101986169815, 0.25762391090393066, 0.5912047028541565, -0.7642688155174255, -0.6079738140106201, -0.5155839920043945, -0.6037721633911133], "cam_t_m2c": [448.5406188964844, 0.47869986295700073, 966.8565673828125], "obj_id": 0}, {"cam_R_m2c": [-0.7509977221488953, 0.6202016472816467, 0.2266101986169815, 0.25762391090393066, 0.5912047028541565, -0.7642688155174255, -0.6079738140106201, -0.5155839920043945, -0.6037721633911133], "cam_t_m2c": [448.5406188964844, 0.47869986295700073, 966.8565673828125], "obj_id": 2}, {"cam_R_m2c": [-0.7509977221488953, 0.6202016472816467, 0.2266101986169815, 0.25762391090393066, 0.5912047028541565, -0.7642688155174255, -0.6079738140106201, -0.5155839920043945, -0.6037721633911133], "cam_t_m2c": [448.5406188964844, 0.47869986295700073, 966.8565673828125], "obj_id": 1}, {"cam_R_m2c": [-0.7509977221488953, 0.6202016472816467, 0.2266101986169815, 0.25762391090393066, 0.5912047028541565, -0.7642688155174255, -0.6079738140106201, -0.5155839920043945, -0.6037721633911133], "cam_t_m2c": [448.5406188964844, 0.47869986295700073, 966.8565673828125], "obj_id": 1}, {"cam_R_m2c": [-0.7509977221488953, 0.6202016472816467, 0.2266101986169815, 0.25762391090393066, 0.5912047028541565, -0.7642688155174255, -0.6079738140106201, -0.5155839920043945, -0.6037721633911133], "cam_t_m2c": [448.5406188964844, 0.47869986295700073, 966.8565673828125], "obj_id": 3}, {"cam_R_m2c": [-0.7509977221488953, 0.6202016472816467, 0.2266101986169815, 0.25762391090393066, 0.5912047028541565, -0.7642688155174255, -0.6079738140106201, -0.5155839920043945, -0.6037721633911133], "cam_t_m2c": [448.5406188964844, 0.47869986295700073, 966.8565673828125], "obj_id": 0}, {"cam_R_m2c": [-0.7509977221488953, 0.6202016472816467, 0.2266101986169815, 0.25762391090393066, 0.5912047028541565, -0.7642688155174255, -0.6079738140106201, -0.5155839920043945, -0.6037721633911133], "cam_t_m2c": [448.5406188964844, 0.47869986295700073, 966.8565673828125], "obj_id": 2}, {"cam_R_m2c": [-0.7509977221488953, 0.6202016472816467, 0.2266101986169815, 0.25762391090393066, 0.5912047028541565, -0.7642688155174255, -0.6079738140106201, -0.5155839920043945, -0.6037721633911133], "cam_t_m2c": [448.5406188964844, 0.47869986295700073, 966.8565673828125], "obj_id": 0}, {"cam_R_m2c": [-0.7509977221488953, 0.6202016472816467, 0.2266101986169815, 0.25762391090393066, 0.5912047028541565, -0.7642688155174255, -0.6079738140106201, -0.5155839920043945, -0.6037721633911133], "cam_t_m2c": [448.5406188964844, 0.47869986295700073, 966.8565673828125], "obj_id": 1}, {"cam_R_m2c": [-0.7509977221488953, 0.6202016472816467, 0.2266101986169815, 0.25762391090393066, 0.5912047028541565, -0.7642688155174255, -0.6079738140106201, -0.5155839920043945, -0.6037721633911133], "cam_t_m2c": [448.5406188964844, 0.47869986295700073, 966.8565673828125], "obj_id": 3}, {"cam_R_m2c": [-0.7509977221488953, 0.6202016472816467, 0.2266101986169815, 0.25762391090393066, 0.5912047028541565, -0.7642688155174255, -0.6079738140106201, -0.5155839920043945, -0.6037721633911133], "cam_t_m2c": [448.5406188964844, 0.47869986295700073, 966.8565673828125], "obj_id": 0}, {"cam_R_m2c": [0.17626290023326874, -0.061762966215610504, 0.9824035167694092, -0.557675838470459, 0.8161404728889465, 0.15136833488941193, -0.8111281991004944, -0.5745433568954468, 0.1094115749001503], "cam_t_m2c": [417.1245422363281, 84.74197387695312, 795.2269287109375], "obj_id": 2}, {"cam_R_m2c": [0.8760502934455872, -0.4647720754146576, -0.12854088842868805, 0.06427998840808868, 0.3767344355583191, -0.9240882992744446, 0.47791624069213867, 0.8012852668762207, 0.3599138557910919], "cam_t_m2c": [422.9823913574219, -216.34829711914062, 1199.8826904296875], "obj_id": 3}, {"cam_R_m2c": [-0.40089309215545654, -0.8915467262268066, 0.21078234910964966, 0.9083694815635681, -0.3569607436656952, 0.21781645715236664, -0.11895253509283066, 0.27878934144973755, 0.9529568552970886], "cam_t_m2c": [396.0602722167969, 194.72731018066406, 777.3216552734375], "obj_id": 1}],
  "1": [{"cam_R_m2c": [0.7042019367218018, -0.7095113396644592, 0.02633107826113701, -0.2586706280708313, -0.2909190356731415, -0.9211165308952332, 0.6612027883529663, 0.641840934753418, -0.3883954882621765], "cam_t_m2c": [-212.953125, 96.76879119873047, 456.6106872558594], "obj_id": 3}, {"cam_R_m2c": [0.7042019367218018, -0.7095113396644592, 0.02633107826113701, -0.2586706280708313, -0.2909190356731415, -0.9211165308952332, 0.6612027883529663, 0.641840934753418, -0.3883954882621765], "cam_t_m2c": [-212.953125, 96.76879119873047, 456.6106872558594], "obj_id": 0}, {"cam_R_m2c": [0.7042019367218018, -0.7095113396644592, 0.02633107826113701, -0.2586706280708313, -0.2909190356731415, -0.9211165308952332, 0.6612027883529663, 0.641840934753418, -0.3883954882621765], "cam_t_m2c": [-212.953125, 96.76879119873047, 456.6106872558594], "obj_id": 3}, {"cam_R_m2c": [0.7042019367218018, -0.7095113396644592, 0.02633107826113701, -0.2586706280708313, -0.2909190356731415, -0.9211165308952332, 0.6612027883529663, 0.641840934753418, -0.3883954882621765], "cam_t_m2c": [-212.953125, 96.76879119873047, 456.6106872558594], "obj_id": 1}, {"cam_R_m2c": [0.7042019367218018, -0.7095113396644592, 0.02633107826113701, -0.2586706280708313, -0.2909190356731415, -0.9211165308952332, 0.6612027883529663, 0.641840934753418, -0.3883954882621765], "cam_t_m2c": [-212.953125, 96.76879119873047, 456.6106872558594], "obj_id": 3}, {"cam_R_m2c": [0.7042019367218018, -0.7095113396644592, 0.02633107826113701, -0.2586706280708313, -0.2909190356731415, -0.9211165308952332, 0.6612027883529663, 0.641840934753418, -0.3883954882621765], "cam_t_m2c": [-212.953125, 96.76879119873047, 456.6106872558594], "obj_id": 2}, {"cam_R_m2c": [0.7042019367218018, -0.7095113396644592, 0.02633107826113701, -0.2586706280708313, -0.2909190356731415, -0.9211165308952332, 0.6612027883529663, 0.641840934753418, -0.3883954882621765], "cam_t_m2c": [-212.953125, 96.76879119873047, 456.6106872558594], "obj_id": 0}, {"cam_R_m2c": [0.7042019367218018, -0.7095113396644592, 0.02633107826113701, -0.2586706280708313, -0.2909190356731415, -0.9211165308952332, 0.6612027883529663, 0.641840934753418, -0.3883954882621765], "cam_t_m2c": [-212.953125, 96.76879119873047, 456.6106872558594], "obj_id": 3}, {"cam_R_m2c": [0.7042019367218018, -0.7095113396644592, 0.02633107826113701, -0.2586706280708313, -0.2909190356731415, -0.9211165308952332, 0.6612027883529663, 0.641840934753418, -0.3883954882621765], "cam_t_m2c": [-212.953125, 96.76879119873047, 456.6106872558594], "obj_id": 1}, {"cam_R_m2c": [0.7042019367218018, -0.7095113396644592, 0.02633107826113701, -0.2586706280708313, -0.2909190356731415, -0.9211165308952332, 0.6612027883529663, 0.641840934753418, -0.3883954882621765], "cam_t_m2c": [-212.953125, 96.76879119873047, 456.6106872558594], "obj_id": 1}, {"cam_R_m2c": [0.7042019367218018, -0.7095113396644592, 0.02633107826113701, -0.2586706280708313, -0.2909190356731415, -0.9211165308952332, 0.6612027883529663, 0.641840934753418, -0.3883954882621765], "cam_t_m2c": [-212.953125, 96.76879119873047, 456.6106872558594], "obj_id": 1}, {"cam_R_m2c": [0.7042019367218018, -0.7095113396644592, 0.02633107826113701, -0.2586706280708313, -0.2909190356731415, -0.9211165308952332, 0.6612027883529663, 0.641840934753418, -0.3883954882621765], "cam_t_m2c": [-212.953125, 96.76879119873047, 456.6106872558594], "obj_id": 0}, {"cam_R_m2c": [-0.21623551845550537, -0.4790973663330078, -0.8507101535797119, -0.9762902855873108, 0.11499754339456558, 0.18339231610298157, 0.009966744109988213, 0.8701960444450378, -0.4926046133041382], "cam_t_m2c": [-369.8722229003906, 146.4644775390625, 398.08270263671875], "obj_id": 0}, {"cam_R_m2c": [0.42795345187187195, -0.401699423789978, 0.8096253871917725, 0.7356812357902527, -0.36553117632865906, -0.570227861404419, 0.5250036716461182, 0.839657187461853, 0.13909250497817993], "cam_t_m2c": [-396.4143371582031, 59.71934509277344, 476.5830078125], "obj_id": 1}, {"cam_R_m2c": [0.07453682273626328, 0.9270561933517456, -0.3674384355545044, 0.9336108565330505, 0.06461536884307861, 0.35241398215293884, 0.35044974088668823, -0.3693123161792755, -0.8606935143470764], "cam_t_m2c": [-167.0166778564453, 141.81210327148438, 261.976806640625], "obj_id": 0}, {"cam_R_m2c": [-0.10140889883041382, 0.2720226049423218, 0.956932544708252, 0.9557835459709167, -0.2402496188879013, 0.16958172619342804, 0.2760327458381653, 0.9318174719810486, -0.23563127219676971], "cam_t_m2c": [-49.25868225097656, 75.57514190673828, 593.9244995117188], "obj_id": 2}],
  "2": [{"cam_R_m2c": [0.7042019367218018, -0.7095113396644592, 0.02633107826113701, -0.2586706280708313, -0.2909190356731415, -0.9211165308952332, 0.6612027883529663, 0.641840934753418, -0.3883954882621765], "cam_t_m2c": [-212.953125, 96.76879119873047, 456.6106872558594], "obj_id": 3}, {"cam_R_m2c": [0.7042019367218018, -0.7095113396644592, 0.02633107826113701, -0.2586706280708313, -0.2909190356731415, -0.9211165308952332, 0.6612027883529663, 0.641840934753418, -0.3883954882621765], "cam_t_m2c": [-212.953125, 96.76879119873047, 456.6106872558594], "obj_id": 0}, {"cam_R_m2c": [0.7042019367218018, -0.7095113396644592, 0.02633107826113701, -0.2586706280708313, -0.2909190356731415, -0.9211165308952332, 0.6612027883529663, 0.641840934753418, -0.3883954882621765], "cam_t_m2c": [-212.953125, 96.76879119873047, 456.6106872558594], "obj_id": 3}, {"cam_R_m2c": [0.7042019367218018, -0.7095113396644592, 0.02633107826113701, -0.2586706280708313, -0.2909190356731415, -0.9211165308952332, 0.6612027883529663, 0.641840934753418, -0.3883954882621765], "cam_t_m2c": [-212.953125, 96.76879119873047, 456.6106872558594], "obj_id": 1}, {"cam_R_m2c": [0.7042019367218018, -0.7095113396644592, 0.02633107826113701, -0.2586706280708313, -0.2909190356731415, -0.9211165308952332, 0.6612027883529663, 0.641840934753418, -0.3883954882621765], "cam_t_m2c": [-212.953125, 96.76879119873047, 456.6106872558594], "obj_id": 3}, {"cam_R_m2c": [0.7042019367218018, -0.7095113396644592, 0.02633107826113701, -0.2586706280708313, -0.2909190356731415, -0.9211165308952332, 0.6612027883529663, 0.641840934753418, -0.3883954882621765], "cam_t_m2c": [-212.953125, 96.76879119873047, 456.6106872558594], "obj_id": 2}, {"cam_R_m2c": [0.7042019367218018, -0.7095113396644592, 0.02633107826113701, -0.2586706280708313, -0.2909190356731415, -0.9211165308952332, 0.6612027883529663, 0.641840934753418, -0.3883954882621765], "cam_t_m2c": [-212.953125, 96.76879119873047, 456.6106872558594], "obj_id": 0}, {"cam_R_m2c": [0.7042019367218018, -0.7095113396644592, 0.02633107826113701, -0.2586706280708313, -0.2909190356731415, -0.9211165308952332, 0.6612027883529663, 0.641840934753418, -0.3883954882621765], "cam_t_m2c": [-212.953125, 96.76879119873047, 456.6106872558594], "obj_id": 3}, {"cam_R_m2c": [0.7042019367218018, -0.7095113396644592, 0.02633107826113701, -0.2586706280708313, -0.2909190356731415, -0.9211165308952332, 0.6612027883529663, 0.641840934753418, -0.3883954882621765], "cam_t_m2c": [-212.953125, 96.76879119873047, 456.6106872558594], "obj_id": 1}, {"cam_R_m2c": [0.7042019367218018, -0.7095113396644592, 0.02633107826113701, -0.2586706280708313, -0.2909190356731415, -0.9211165308952332, 0.6612027883529663, 0.641840934753418, -0.3883954882621765], "cam_t_m2c": [-212.953125, 96.76879119873047, 456.6106872558594], "obj_id": 1}, {"cam_R_m2c": [0.7042019367218018, -0.7095113396644592, 0.02633107826113701, -0.2586706280708313, -0.2909190356731415, -0.9211165308952332, 0.6612027883529663, 0.641840934753418, -0.3883954882621765], "cam_t_m2c": [-212.953125, 96.76879119873047, 456.6106872558594], "obj_id": 1}, {"cam_R_m2c": [0.7042019367218018, -0.7095113396644592, 0.02633107826113701, -0.2586706280708313, -0.2909190356731415, -0.9211165308952332, 0.6612027883529663, 0.641840934753418, -0.3883954882621765], "cam_t_m2c": [-212.953125, 96.76879119873047, 456.6106872558594], "obj_id": 0}, {"cam_R_m2c": [-0.21623551845550537, -0.4790973663330078, -0.8507101535797119, -0.9762902855873108, 0.11499754339456558, 0.18339231610298157, 0.009966744109988213, 0.8701960444450378, -0.4926046133041382], "cam_t_m2c": [-369.8722229003906, 146.4644775390625, 398.08270263671875], "obj_id": 0}, {"cam_R_m2c": [0.42795345187187195, -0.401699423789978, 0.8096253871917725, 0.7356812357902527, -0.36553117632865906, -0.570227861404419, 0.5250036716461182, 0.839657187461853, 0.13909250497817993], "cam_t_m2c": [-396.4143371582031, 59.71934509277344, 476.5830078125], "obj_id": 1}, {"cam_R_m2c": [0.07453682273626328, 0.9270561933517456, -0.3674384355545044, 0.9336108565330505, 0.06461536884307861, 0.35241398215293884, 0.35044974088668823, -0.3693123161792755, -0.8606935143470764], "cam_t_m2c": [-167.0166778564453, 141.81210327148438, 261.976806640625], "obj_id": 0}, {"cam_R_m2c": [-0.10140889883041382, 0.2720226049423218, 0.956932544708252, 0.9557835459709167, -0.2402496188879013, 0.16958172619342804, 0.2760327458381653, 0.9318174719810486, -0.23563127219676971], "cam_t_m2c": [-49.25868225097656, 75.57514190673828, 593.9244995117188], "obj_id": 2}],
  "3": [{"cam_R_m2c": [0.94375079870224, -0.307117223739624, 0.12252914160490036, -0.06523106247186661, -0.5362054109573364, -0.8415632843971252, 0.3241593539714813, 0.7862333655357361, -0.5260778665542603], "cam_t_m2c": [-275.26519775390625, 53.31089401245117, 512.2576293945312], "obj_id": 3}, {"cam_R_m2c": [0.94375079870224, -0.307117223739624, 0.12252914160490036, -0.06523106247186661, -0.5362054109573364, -0.8415632843971252, 0.3241593539714813, 0.7862333655357361, -0.5260778665542603], "cam_t_m2c": [-275.26519775390625, 53.31089401245117, 512.2576293945312], "obj_id": 0}, {"cam_R_m2c": [0.94375079870224, -0.307117223739624, 0.12252914160490036, -0.06523106247186661, -0.5362054109573364, -0.8415632843971252, 0.3241593539714813, 0.7862333655357361, -0.5260778665542603], "cam_t_m2c": [-275.26519775390625, 53.31089401245117, 512.2576293945312], "obj_id": 3}, {"cam_R_m2c": [0.94375079870224, -0.307117223739624, 0.12252914160490036, -0.06523106247186661, -0.5362054109573364, -0.8415632843971252, 0.3241593539714813, 0.7862333655357361, -0.5260778665542603], "cam_t_m2c": [-275.26519775390625, 53.31089401245117, 512.2576293945312], "obj_id": 1}, {"cam_R_m2c": [0.94375079870224, -0.307117223739624, 0.12252914160490036, -0.06523106247186661, -0.5362054109573364, -0.8415632843971252, 0.3241593539714813, 0.7862333655357361, -0.5260778665542603], "cam_t_m2c": [-275.26519775390625, 53.31089401245117, 512.2576293945312], "obj_id": 3}, {"cam_R_m2c": [0.94375079870224, -0.307117223739624, 0.12252914160490036, -0.06523106247186661, -0.5362054109573364, -0.8415632843971252, 0.3241593539714813, 0.7862333655357361, -0.5260778665542603], "cam_t_m2c": [-275.26519775390625, 53.31089401245117, 512.2576293945312], "obj_id": 2}, {"cam_R_m2c": [0.94375079870224, -0.307117223739624, 0.12252914160490036, -0.06523106247186661, -0.5362054109573364, -0.8415632843971252, 0.3241593539714813, 0.7862333655357361, -0.5260778665542603], "cam_t_m2c": [-275.26519775390625, 53.31089401245117, 512.2576293945312], "obj_id": 0}, {"cam_R_m2c": [0.94375079870224, -0.307117223739624, 0.12252914160490036, -0.06523106247186661, -0.5362054109573364, -0.8415632843971252, 0.3241593539714813, 0.7862333655357361, -0.5260778665542603], "cam_t_m2c": [-275.26519775390625, 53.31089401245117, 512.2576293945312], "obj_id": 3}, {"cam_R_m2c": [0.94375079870224, -0.307117223739624, 0.12252914160490036, -0.06523106247186661, -0.5362054109573364, -0.8415632843971252, 0.3241593539714813, 0.7862333655357361, -0.5260778665542603], "cam_t_m2c": [-275.26519775390625, 53.31089401245117, 512.2576293945312], "obj_id": 1}, {"cam_R_m2c": [0.94375079870224, -0.307117223739624, 0.12252914160490036, -0.06523106247186661, -0.5362054109573364, -0.8415632843971252, 0.3241593539714813, 0.7862333655357361, -0.5260778665542603], "cam_t_m2c": [-275.26519775390625, 53.31089401245117, 512.2576293945312], "obj_id": 1}, {"cam_R_m2c": [0.94375079870224, -0.307117223739624, 0.12252914160490036, -0.06523106247186661, -0.5362054109573364, -0.8415632843971252, 0.3241593539714813, 0.7862333655357361, -0.5260778665542603], "cam_t_m2c": [-275.26519775390625, 53.31089401245117, 512.2576293945312], "obj_id": 1}, {"cam_R_m2c": [0.94375079870224, -0.307117223739624, 0.12252914160490036, -0.06523106247186661, -0.5362054109573364, -0.8415632843971252, 0.3241593539714813, 0.7862333655357361, -0.5260778665542603], "cam_t_m2c": [-275.26519775390625, 53.31089401245117, 512.2576293945312], "obj_id": 0}, {"cam_R_m2c": [0.0735483467578888, -0.12505829334259033, -0.9894195795059204, -0.9937089681625366, -0.09320884197950363, -0.06208605319261551, -0.08445823192596436, 0.9877614378929138, -0.13112694025039673], "cam_t_m2c": [-449.7518005371094, 54.94795608520508, 520.6556396484375], "obj_id": 0}, {"cam_R_m2c": [0.3812849819660187, 0.06051904335618019, 0.9224745035171509, 0.7994025349617004, -0.5227505564689636, -0.2961207330226898, 0.4643031060695648, 0.8503348231315613, -0.24769604206085205], "cam_t_m2c": [-420.2691955566406, -40.324371337890625, 587.329833984375], "obj_id": 1}, {"cam_R_m2c": [-0.050925105810165405, 0.6637389063835144, -0.7462286353111267, 0.8872075080871582, 0.37314045429229736, 0.27134668827056885, 0.45855143666267395, -0.6482412815093994, -0.6078763604164124], "cam_t_m2c": [-320.4583740234375, 122.12383270263672, 324.5244445800781], "obj_id": 0}, {"cam_R_m2c": [-0.24092437326908112, 0.6586747765541077, 0.7128134369850159, 0.8577688336372375, -0.19911114871501923, 0.4739065170288086, 0.45407935976982117, 0.725604772567749, -0.5170199871063232], "cam_t_m2c": [-72.52220916748047, 76.05023956298828, 579.1780395507812], "obj_id": 2}],
  "4": [{"cam_R_m2c": [0.94375079870224, -0.307117223739624, 0.12252914160490036, -0.06523106247186661, -0.5362054109573364, -0.8415632843971252, 0.3241593539714813, 0.7862333655357361, -0.5260778665542603], "cam_t_m2c": [-275.26519775390625, 53.31089401245117, 512.2576293945312], "obj_id": 3}, {"cam_R_m2c": [0.94375079870224, -0.307117223739624, 0.12252914160490036, -0.06523106247186661, -0.5362054109573364, -0.8415632843971252, 0.3241593539714813, 0.7862333655357361, -0.5260778665542603], "cam_t_m2c": [-275.26519775390625, 53.31089401245117, 512.2576293945312], "obj_id": 0}, {"cam_R_m2c": [0.94375079870224, -0.307117223739624, 0.12252914160490036, -0.06523106247186661, -0.5362054109573364, -0.8415632843971252, 0.3241593539714813, 0.7862333655357361, -0.5260778665542603], "cam_t_m2c": [-275.26519775390625, 53.31089401245117, 512.2576293945312], "obj_id": 3}, {"cam_R_m2c": [0.94375079870224, -0.307117223739624, 0.12252914160490036, -0.06523106247186661, -0.5362054109573364, -0.8415632843971252, 0.3241593539714813, 0.7862333655357361, -0.5260778665542603], "cam_t_m2c": [-275.26519775390625, 53.31089401245117, 512.2576293945312], "obj_id": 1}, {"cam_R_m2c": [0.94375079870224, -0.307117223739624, 0.12252914160490036, -0.06523106247186661, -0.5362054109573364, -0.8415632843971252, 0.3241593539714813, 0.7862333655357361, -0.5260778665542603], "cam_t_m2c": [-275.26519775390625, 53.31089401245117, 512.2576293945312], "obj_id": 3}, {"cam_R_m2c": [0.94375079870224, -0.307117223739624, 0.12252914160490036, -0.06523106247186661, -0.5362054109573364, -0.8415632843971252, 0.3241593539714813, 0.7862333655357361, -0.5260778665542603], "cam_t_m2c": [-275.26519775390625, 53.31089401245117, 512.2576293945312], "obj_id": 2}, {"cam_R_m2c": [0.94375079870224, -0.307117223739624, 0.12252914160490036, -0.06523106247186661, -0.5362054109573364, -0.8415632843971252, 0.3241593539714813, 0.7862333655357361, -0.5260778665542603], "cam_t_m2c": [-275.26519775390625, 53.31089401245117, 512.2576293945312], "obj_id": 0}, {"cam_R_m2c": [0.94375079870224, -0.307117223739624, 0.12252914160490036, -0.06523106247186661, -0.5362054109573364, -0.8415632843971252, 0.3241593539714813, 0.7862333655357361, -0.5260778665542603], "cam_t_m2c": [-275.26519775390625, 53.31089401245117, 512.2576293945312], "obj_id": 3}, {"cam_R_m2c": [0.94375079870224, -0.307117223739624, 0.12252914160490036, -0.06523106247186661, -0.5362054109573364, -0.8415632843971252, 0.3241593539714813, 0.7862333655357361, -0.5260778665542603], "cam_t_m2c": [-275.26519775390625, 53.31089401245117, 512.2576293945312], "obj_id": 1}, {"cam_R_m2c": [0.94375079870224, -0.307117223739624, 0.12252914160490036, -0.06523106247186661, -0.5362054109573364, -0.8415632843971252, 0.3241593539714813, 0.7862333655357361, -0.5260778665542603], "cam_t_m2c": [-275.26519775390625, 53.31089401245117, 512.2576293945312], "obj_id": 1}, {"cam_R_m2c": [0.94375079870224, -0.307117223739624, 0.12252914160490036, -0.06523106247186661, -0.5362054109573364, -0.8415632843971252, 0.3241593539714813, 0.7862333655357361, -0.5260778665542603], "cam_t_m2c": [-275.26519775390625, 53.31089401245117, 512.2576293945312], "obj_id": 1}, {"cam_R_m2c": [0.94375079870224, -0.307117223739624, 0.12252914160490036, -0.06523106247186661, -0.5362054109573364, -0.8415632843971252, 0.3241593539714813, 0.7862333655357361, -0.5260778665542603], "cam_t_m2c": [-275.26519775390625, 53.31089401245117, 512.2576293945312], "obj_id": 0}, {"cam_R_m2c": [0.0735483467578888, -0.12505829334259033, -0.9894195795059204, -0.9937089681625366, -0.09320884197950363, -0.06208605319261551, -0.08445823192596436, 0.9877614378929138, -0.13112694025039673], "cam_t_m2c": [-449.7518005371094, 54.94795608520508, 520.6556396484375], "obj_id": 0}, {"cam_R_m2c": [0.3812849819660187, 0.06051904335618019, 0.9224745035171509, 0.7994025349617004, -0.5227505564689636, -0.2961207330226898, 0.4643031060695648, 0.8503348231315613, -0.24769604206085205], "cam_t_m2c": [-420.2691955566406, -40.324371337890625, 587.329833984375], "obj_id": 1}, {"cam_R_m2c": [-0.050925105810165405, 0.6637389063835144, -0.7462286353111267, 0.8872075080871582, 0.37314045429229736, 0.27134668827056885, 0.45855143666267395, -0.6482412815093994, -0.6078763604164124], "cam_t_m2c": [-320.4583740234375, 122.12383270263672, 324.5244445800781], "obj_id": 0}, {"cam_R_m2c": [-0.24092437326908112, 0.6586747765541077, 0.7128134369850159, 0.8577688336372375, -0.19911114871501923, 0.4739065170288086, 0.45407935976982117, 0.725604772567749, -0.5170199871063232], "cam_t_m2c": [-72.52220916748047, 76.05023956298828, 579.1780395507812], "obj_id": 2}]
}