{
  "0": [{"cam_R_m2c": [0.15645422041416168, 0.870686948299408, 0.4662899076938629, 0.8584099411964417, 0.11364006251096725, -0.5002181529998779, -0.48852264881134033, 0.4785291254520416, -0.7296268343925476], "cam_t_m2c": [-46.45594024658203, -55.782047271728516, 260.3405456542969], "obj_id": 3}, {"cam_R_m2c": [0.15645422041416168, 0.870686948299408, 0.4662899076938629, 0.8584099411964417, 0.11364006251096725, -0.5002181529998779, -0.48852264881134033, 0.4785291254520416, -0.7296268343925476], "cam_t_m2c": [-46.45594024658203, -55.782047271728516, 260.3405456542969], "obj_id": 2}, {"cam_R_m2c": [0.15645422041416168, 0.870686948299408, 0.4662899076938629, 0.8584099411964417, 0.11364006251096725, -0.5002181529998779, -0.48852264881134033, 0.4785291254520416, -0.7296268343925476], "cam_t_m2c": [-46.45594024658203, -55.782047271728516, 260.3405456542969], "obj_id": 2}, {"cam_R_m2c": [0.15645422041416168, 0.870686948299408, 0.4662899076938629, 0.8584099411964417, 0.11364006251096725, -0.5002181529998779, -0.48852264881134033, 0.4785291254520416, -0.7296268343925476], "cam_t_m2c": [-46.45594024658203, -55.782047271728516, 260.3405456542969], "obj_id": 0}, {"cam_R_m2c": [0.15645422041416168, 0.870686948299408, 0.4662899076938629, 0.8584099411964417, 0.11364006251096725, -0.5002181529998779, -0.48852264881134033, 0.4785291254520416, -0.7296268343925476], "cam_t_m2c": [-46.45594024658203, -55.782047271728516, 260.3405456542969], "obj_id": 3}, {"cam_R_m2c": [0.15645422041416168, 0.870686948299408, 0.4662899076938629, 0.8584099411964417, 0.11364006251096725, -0.5002181529998779, -0.48852264881134033, 0.4785291254520416, -0.7296268343925476], "cam_t_m2c": [-46.45594024658203, -55.782047271728516, 260.3405456542969], "obj_id": 2}, {"cam_R_m2c": [0.15645422041416168, 0.870686948299408, 0.4662899076938629, 0.8584099411964417, 0.11364006251096725, -0.5002181529998779, -0.48852264881134033, 0.4785291254520416, -0.7296268343925476], "cam_t_m2c": [-46.45594024658203, -55.782047271728516, 260.3405456542969], "obj_id": 1}, {"cam_R_m2c": [0.15645422041416168, 0.870686948299408, 0.4662899076938629, 0.8584099411964417, 0.11364006251096725, -0.5002181529998779, -0.48852264881134033, 0.4785291254520416, -0.7296268343925476], "cam_t_m2c": [-46.45594024658203, -55.782047271728516, 260.3405456542969], "obj_id": 1}, {"cam_R_m2c": [0.15645422041416168, 0.870686948299408, 0.4662899076938629, 0.8584099411964417, 0.11364006251096725, -0.5002181529998779, -0.48852264881134033, 0.4785291254520416, -0.7296268343925476], "cam_t_m2c": [-46.45594024658203, -55.782047271728516, 260.3405456542969], "obj_id": 0}, {"cam_R_m2c": [0.15645422041416168, 0.870686948299408, 0.4662899076938629, 0.8584099411964417, 0.11364006251096725, -0.5002181529998779, -0.48852264881134033, 0.4785291254520416, -0.7296268343925476], "cam_t_m2c": [-46.45594024658203, -55.782047271728516, 260.3405456542969], "obj_id": 0}, {"cam_R_m2c": [0.15645422041416168, 0.870686948299408, 0.4662899076938629, 0.8584099411964417, 0.11364006251096725, -0.5002181529998779, -0.48852264881134033, 0.4785291254520416, -0.7296268343925476], "cam_t_m2c": [-46.45594024658203, -55.782047271728516, 260.3405456542969], "obj_id": 0}, {"cam_R_m2c": [0.15645422041416168, 0.870686948299408, 0.4662899076938629, 0.8584099411964417, 0.11364006251096725, -0.5002181529998779, -0.48852264881134033, 0.4785291254520416, -0.7296268343925476], "cam_t_m2c": [-46.45594024658203, -55.782047271728516, 260.3405456542969], "obj_id": 0}, {"cam_R_m2c": [0.15645422041416168, 0.870686948299408, 0.4662899076938629, 0.8584099411964417, 0.11364006251096725, -0.5002181529998779, -0.48852264881134033, 0.4785291254520416, -0.7296268343925476], "cam_t_m2c": [-46.45594024658203, -55.782047271728516, 260.3405456542969], "obj_id": 0}, {"cam_R_m2c": [0.15645422041416168, 0.870686948299408, 0.4662899076938629, 0.8584099411964417, 0.11364006251096725, -0.5002181529998779, -0.48852264881134033, 0.4785291254520416, -0.7296268343925476], "cam_t_m2c": [-46.45594024658203, -55.782047271728516, 260.3405456542969], "obj_id": 3}, {"cam_R_m2c": [0.15645422041416168, 0.870686948299408, 0.4662899076938629, 0.8584099411964417, 0.11364006251096725, -0.5002181529998779, -0.48852264881134033, 0.4785291254520416, -0.7296268343925476], "cam_t_m2c": [-46.45594024658203, -55.782047271728516, 260.3405456542969], "obj_id": 3}, {"cam_R_m2c": [0.15645422041416168, 0.870686948299408, 0.4662899076938629, 0.8584099411964417, 0.11364006251096725, -0.5002181529998779, -0.48852264881134033, 0.4785291254520416, -0.7296268343925476], "cam_t_m2c": [-46.45594024658203, -55.782047271728516, 260.3405456542969], "obj_id": 0}, {"cam_R_m2c": [0.15645422041416168, 0.870686948299408, 0.4662899076938629, 0.8584099411964417, 0.11364006251096725, -0.5002181529998779, -0.48852264881134033, 0.4785291254520416, -0.7296268343925476], "cam_t_m2c": [-46.45594024658203, -55.782047271728516, 260.3405456542969], "obj_id": 0}, {"cam_R_m2c": [0.15645422041416168, 0.870686948299408, 0.4662899076938629, 0.8584099411964417, 0.11364006251096725, -0.5002181529998779, -0.48852264881134033, 0.4785291254520416, -0.7296268343925476], "cam_t_m2c": [-46.45594024658203, -55.782047271728516, 260.3405456542969], "obj_id": 2}, {"cam_R_m2c": [0.15645422041416168, 0.870686948299408, 0.4662899076938629, 0.8584099411964417, 0.11364006251096725, -0.5002181529998779, -0.48852264881134033, 0.4785291254520416, -0.7296268343925476], "cam_t_m2c": [-46.45594024658203, -55.782047271728516, 260.3405456542969], "obj_id": 1}, {"cam_R_m2c": [0.15645422041416168, 0.870686948299408, 0.4662899076938629, 0.8584099411964417, 0.11364006251096725, -0.5002181529998779, -0.48852264881134033, 0.4785291254520416, -0.7296268343925476], "cam_t_m2c": [-46.45594024658203, -55.782047271728516, 260.3405456542969], "obj_id": 2}, {"cam_R_m2c": [0.15645422041416168, 0.870686948299408, 0.4662899076938629, 0.8584099411964417, 0.11364006251096725, -0.5002181529998779, -0.48852264881134033, 0.4785291254520416, -0.7296268343925476], "cam_t_m2c": [-46.45594024658203, -55.782047271728516, 260.3405456542969], "obj_id": 1}, {"cam_R_m2c": [0.15645422041416168, 0.870686948299408, 0.4662899076938629, 0.8584099411964417, 0.11364006251096725, -0.5002181529998779, -0.48852264881134033, 0.4785291254520416, -0.7296268343925476], "cam_t_m2c": [-46.45594024658203, -55.782047271728516, 260.3405456542969], "obj_id": 3}, {"cam_R_m2c": [0.15645422041416168, 0.870686948299408, 0.4662899076938629, 0.8584099411964417, 0.11364006251096725, -0.5002181529998779, -0.48852264881134033, 0.4785291254520416, -0.7296268343925476], "cam_t_m2c": [-46.45594024658203, -55.782047271728516, 260.3405456542969], "obj_id": 3}, {"cam_R_m2c": [0.15645422041416168, 0.870686948299408, 0.4662899076938629, 0.8584099411964417, 0.11364006251096725, -0.5002181529998779, -0.48852264881134033, 0.4785291254520416, -0.7296268343925476], "cam_t_m2c": [-46.45594024658203, -55.782047271728516, 260.3405456542969], "obj_id": 3}, {"cam_R_m2c": [-0.8549758791923523, 0.23447614908218384, -0.46264129877090454, 0.41498658061027527, 0.8443168997764587, -0.33899131417274475, 0.31113046407699585, -0.48181936144828796, -0.8191750645637512], "cam_t_m2c": [-42.16930389404297, 99.8526611328125, 126.794189453125], "obj_id": 1}, {"cam_R_m2c": [-0.3107582926750183, 0.8818598389625549, -0.354615718126297, 0.5847734808921814, 0.4715062379837036, 0.6600922346115112, 0.7493124008178711, -0.002240677597001195, -0.6622126698493958], "cam_t_m2c": [-15.773880958557129, 29.185644149780273, 173.2960662841797], "obj_id": 0}, {"cam_R_m2c": [-0.8853858709335327, -0.2795024514198303, 0.371443510055542, -0.00837851781398058, 0.8085144758224487, 0.5884166359901428, -0.46478137373924255, 0.5178636312484741, -0.7181890606880188], "cam_t_m2c": [140.74525451660156, 84.93321990966797, 229.81138610839844], "obj_id": 3}, {"cam_R_m2c": [-0.6957353949546814, -0.14939889311790466, 0.7025896906852722, 0.3799755275249481, 0.7535181641578674, 0.5364969372749329, -0.6095661520957947, 0.6402267813682556, -0.4674813151359558], "cam_t_m2c": [-76.11024475097656, -58.64384078979492, 189.58444213867188], "obj_id": 3}, {"cam_R_m2c": [-0.17230549454689026, -0.06284396350383759, 0.9830367565155029, 0.8054697513580322, 0.565483570098877, 0.17733226716518402, -0.5670353770256042, 0.8223617672920227, -0.046816978603601456], "cam_t_m2c": [18.107149124145508, -218.73927307128906, 359.6591491699219], "obj_id": 3}]
}