{
  "0": [{"cam_R_m2c": [0.7196788191795349, 0.5134520530700684, 0.46736425161361694, -0.3085046112537384, 0.839519202709198, -0.4472498297691345, -0.6220026016235352, 0.17769218981266022, 0.7625865340232849], "cam_t_m2c": [194.7342529296875, 228.8855438232422, 940.0104370117188], "obj_id": 0}, {"cam_R_m2c": [0.09357873350381851, 0.25793877243995667, -0.9616187214851379, 0.5083435773849487, 0.8180921673774719, 0.26890888810157776, 0.8560547828674316, -0.5139968395233154, -0.05456549674272537], "cam_t_m2c": [-278.6457214355469, 359.09747314453125, 617.3688354492188], "obj_id": 3}, {"cam_R_m2c": [-0.5832409858703613, -0.6320348381996155, -0.5102565884590149, 0.45959654450416565, 0.26118484139442444, -0.8488541841506958, 0.6697766780853271, -0.7295987606048584, 0.13814739882946014], "cam_t_m2c": [124.89342498779297, 16.4943790435791, 981.4331665039062], "obj_id": 3}, {"cam_R_m2c": [-0.7534918189048767, 0.4453611373901367, -0.48363566398620605, 0.5625005960464478, 0.8175144791603088, -0.12354434281587601, 0.34035730361938477, -0.3651350140571594, -0.8665063381195068], "cam_t_m2c": [301.82635498046875, 316.3117370605469, 894.941162109375], "obj_id": 1}, {"cam_R_m2c": [-0.6622745394706726, 0.33901846408843994, -0.6681756973266602, 0.2688589096069336, 0.9399163126945496, 0.21040958166122437, 0.6993619799613953, -0.04029606282711029, -0.7136307954788208], "cam_t_m2c": [85.73461151123047, 218.6786651611328, 863.5828247070312], "obj_id": 2}, {"cam_R_m2c": [-0.022867608815431595, 0.5856178402900696, 0.8102646470069885, 0.9117670655250549, -0.32022297382354736, 0.257173091173172, 0.410070538520813, 0.744653582572937, -0.5266242623329163], "cam_t_m2c": [335.3735656738281, -36.02189636230469, 1025.1455078125], "obj_id": 3}, {"cam_R_m2c": [-0.39119213819503784, 0.53792405128479, 0.746730387210846, 0.504889965057373, -0.5529454946517944, 0.6628252267837524, 0.7694509029388428, 0.6363087892532349, -0.05528444051742554], "cam_t_m2c": [289.4737854003906, 367.6720886230469, 836.906005859375], "obj_id": 2}, {"cam_R_m2c": [0.025311963632702827, -0.12225387990474701, 0.9921759963035583, 0.5104845762252808, -0.8517554402351379, -0.11797479540109634, 0.8595142364501953, 0.5094767212867737, 0.040849171578884125], "cam_t_m2c": [58.420711517333984, -9.515670776367188, 939.60107421875], "obj_id": 1}, {"cam_R_m2c": [0.32781973481178284, -0.7720776200294495, 0.5444542765617371, -0.838936984539032, 0.02709568664431572, 0.5435538291931152, -0.4344181418418884, -0.6349504590034485, -0.638841986656189], "cam_t_m2c": [-109.85709381103516, 44.49032211303711, 660.9384765625], "obj_id": 3}, {"cam_R_m2c": [-0.6122390627861023, -0.3342422842979431, 0.7165509462356567, 0.3497275710105896, -0.9272600412368774, -0.13371360301971436, 0.709121823310852, 0.1687329262495041, 0.6845986843109131], "cam_t_m2c": [104.6194076538086, 77.32561492919922, 904.945556640625], "obj_id": 0}, {"cam_R_m2c": [-0.8207054734230042, -0.01595153659582138, -0.5711288452148438, 0.3711337447166443, 0.7451202869415283, -0.5541259050369263, 0.4343988597393036, -0.6667393445968628, -0.6056041121482849], "cam_t_m2c": [-156.70343017578125, 12.772306442260742, 662.2887573242188], "obj_id": 3}, {"cam_R_m2c": [-0.4382939636707306, -0.6181324124336243, 0.6525416374206543, -0.8866622447967529, 0.4163965582847595, -0.20110678672790527, -0.1474054604768753, -0.6667279601097107, -0.7305787205696106], "cam_t_m2c": [155.8092803955078, 197.7078399658203, 811.791015625], "obj_id": 1}, {"cam_R_m2c": [-0.6031166315078735, -0.4469650387763977, 0.6606605648994446, 0.5755668878555298, -0.8172921538352966, -0.02749829925596714, 0.5522435307502747, 0.3636696934700012, 0.7501809000968933], "cam_t_m2c": [104.20760345458984, -14.113107681274414, 1071.4296875], "obj_id": 1}, {"cam_R_m2c": [-0.3509604334831238, -0.2454117238521576, -0.9036591649055481, -0.24659542739391327, -0.906757652759552, 0.34202519059181213, -0.9033368825912476, 0.34287551045417786, 0.25771862268447876], "cam_t_m2c": [47.95707702636719, 206.0314483642578, 776.6029663085938], "obj_id": 1}, {"cam_R_m2c": [-0.06292133778333664, 0.9434126615524292, -0.3255968987941742, 0.8756518363952637, 0.208710178732872, 0.43551555275917053, 0.47882625460624695, -0.25770628452301025, -0.8392333388328552], "cam_t_m2c": [29.5922794342041, 94.61476135253906, 679.192138671875], "obj_id": 0}, {"cam_R_m2c": [-0.5203487277030945, 0.8532502055168152, 0.03465735912322998, 0.45831891894340515, 0.2447981983423233, 0.8544106483459473, 0.7205420136451721, 0.4604756534099579, -0.5184410810470581], "cam_t_m2c": [84.84475708007812, 291.023681640625, 800.5868530273438], "obj_id": 3}, {"cam_R_m2c": [0.3197880685329437, -0.6372796893119812, 0.7011491060256958, -0.39834144711494446, 0.5810043215751648, 0.7097591161727905, -0.8596857190132141, -0.5062692165374756, -0.06805665791034698], "cam_t_m2c": [242.75140380859375, 194.68359375, 1008.045166015625], "obj_id": 0}, {"cam_R_m2c": [-0.6668127775192261, 0.4365687370300293, 0.603960394859314, 0.01604079082608223, 0.8186607956886292, -0.5740532875061035, -0.7450524568557739, -0.37309813499450684, -0.5528963804244995], "cam_t_m2c": [90.18974304199219, -99.35935974121094, 742.2567138671875], "obj_id": 3}, {"cam_R_m2c": [0.20849770307540894, -0.957537055015564, 0.19912639260292053, -0.5861196517944336, 0.040655769407749176, 0.8092036843299866, -0.7829381823539734, -0.2854289412498474, -0.5527546405792236], "cam_t_m2c": [74.41931915283203, 290.8011474609375, 790.4144897460938], "obj_id": 0}, {"cam_R_m2c": [-0.2859954237937927, 0.9527465105056763, 0.1023751050233841, 0.60988849401474, 0.09858296066522598, 0.7863315939903259, 0.7390822768211365, 0.2873246669769287, -0.6092634201049805], "cam_t_m2c": [92.80500793457031, 225.12425231933594, 765.8712768554688], "obj_id": 0}, {"cam_R_m2c": [-0.7008902430534363, 0.6904450058937073, 0.17899328470230103, 0.656026303768158, 0.7225133776664734, -0.21818329393863678, -0.27996858954429626, -0.0354982390999794, -0.9593526721000671], "cam_t_m2c": [-47.0524787902832, -64.74896240234375, 907.35302734375], "obj_id": 1}, {"cam_R_m2c": [-0.5112576484680176, 0.20478390157222748, 0.8346729874610901, 0.5669862031936646, -0.6494914293289185, 0.5066432356834412, 0.6458653807640076, 0.7322733402252197, 0.2159479409456253], "cam_t_m2c": [-123.81414031982422, 63.663639068603516, 836.4948120117188], "obj_id": 2}, {"cam_R_m2c": [-0.8201435208320618, -0.4019644856452942, 0.40717223286628723, -0.5696067214012146, 0.5064871311187744, -0.6473167538642883, 0.05397086217999458, -0.7628206610679626, -0.6443538069725037], "cam_t_m2c": [269.12420654296875, 314.93084716796875, 523.2529296875], "obj_id": 3}, {"cam_R_m2c": [0.6384707093238831, 0.7553701400756836, 0.1475503146648407, -0.48707839846611023, 0.5450038909912109, -0.6824407577514648, -0.5959108471870422, 0.36384984850883484, 0.7158935070037842], "cam_t_m2c": [47.07598876953125, -62.137962341308594, 986.8211669921875], "obj_id": 2}, {"cam_R_m2c": [-0.5476407408714294, -0.0798097774386406, -0.8328984975814819, 0.7080849409103394, 0.48611998558044434, -0.5121552348136902, 0.44576358795166016, -0.8702400326728821, -0.20970694720745087], "cam_t_m2c": [-120.73552703857422, 176.92066955566406, 639.1530151367188], "obj_id": 0}, {"cam_R_m2c": [0.7320851683616638, 0.549163281917572, 0.4030768573284149, -0.3220888674259186, 0.800430953502655, -0.5055383443832397, -0.6002582907676697, 0.24027054011821747, 0.762863039970398], "cam_t_m2c": [6.283531188964844, -108.54328918457031, 1087.052001953125], "obj_id": 0}, {"cam_R_m2c": [0.5620326399803162, 0.6914218068122864, -0.4539329707622528, -0.5704443454742432, -0.0733741745352745, -0.8180521726608276, -0.5989261269569397, 0.718715488910675, 0.35317903757095337], "cam_t_m2c": [181.46005249023438, -19.173200607299805, 1023.381103515625], "obj_id": 2}, {"cam_R_m2c": [0.6503250598907471, 0.3138790726661682, 0.6917783617973328, -0.27130845189094543, 0.9465551972389221, -0.17442753911018372, -0.7095555663108826, -0.0742507129907608, 0.7007266283035278], "cam_t_m2c": [42.694427490234375, 8.919596672058105, 1012.7594604492188], "obj_id": 0}, {"cam_R_m2c": [0.464959055185318, -0.8546789288520813, 0.2309478223323822, -0.8789351582527161, -0.41431522369384766, 0.23625344038009644, -0.10623562335968018, -0.31283634901046753, -0.9438469409942627], "cam_t_m2c": [-136.78768920898438, -33.768985748291016, 779.4754028320312], "obj_id": 1}, {"cam_R_m2c": [-0.7537841796875, -0.5982101559638977, -0.27194517850875854, 0.23683024942874908, 0.1387183517217636, -0.9615969657897949, 0.6129608750343323, -0.789241373538971, 0.03711045905947685], "cam_t_m2c": [-67.242431640625, -27.631916046142578, 599.5879516601562], "obj_id": 0}, {"cam_R_m2c": [0.8307375907897949, -0.3215409815311432, 0.45440778136253357, -0.08280214667320251, -0.8786002993583679, -0.4703246057033539, 0.5504714846611023, 0.35309037566185, -0.7565106153488159], "cam_t_m2c": [74.91304779052734, -1.462000846862793, 873.5449829101562], "obj_id": 1}, {"cam_R_m2c": [0.5016098618507385, 0.028863001614809036, -0.864612340927124, -0.7450936436653137, -0.4934227168560028, -0.448742151260376, -0.43957141041755676, 0.8693106174468994, -0.22600005567073822], "cam_t_m2c": [-119.70263671875, 74.96397399902344, 740.4404296875], "obj_id": 2}, {"cam_R_m2c": [-0.28834474086761475, 0.9434716701507568, 0.16345863044261932, 0.5958414673805237, 0.04316333308815956, 0.8019413948059082, 0.7495535016059875, 0.3286309242248535, -0.5746055245399475], "cam_t_m2c": [281.1649169921875, 198.03509521484375, 938.7586669921875], "obj_id": 0}, {"cam_R_m2c": [0.6647041440010071, -0.724948525428772, -0.18060465157032013, -0.46147769689559937, -0.5885108709335327, 0.6638473868370056, -0.5875429511070251, -0.35791710019111633, -0.72573322057724], "cam_t_m2c": [-23.9455623626709, 53.127418518066406, 799.4776000976562], "obj_id": 2}, {"cam_R_m2c": [-0.3304905891418457, 0.7771468758583069, 0.5355544686317444, 0.49938449263572693, -0.33751145005226135, 0.7979354858398438, 0.8008688688278198, 0.5311578512191772, -0.27655068039894104], "cam_t_m2c": [215.015625, 293.35546875, 802.7136840820312], "obj_id": 0}, {"cam_R_m2c": [0.5538362860679626, 0.7813685536384583, 0.28762564063072205, -0.6333519816398621, 0.6195929646492004, -0.46364840865135193, -0.5404911041259766, 0.07461705803871155, 0.8380343914031982], "cam_t_m2c": [177.47134399414062, 140.76162719726562, 982.6141357421875], "obj_id": 3}, {"cam_R_m2c": [0.2922700345516205, 0.3986547589302063, -0.8692827224731445, -0.617872416973114, -0.6150730848312378, -0.4898146390914917, -0.7299395203590393, 0.6802639961242676, 0.06655052304267883], "cam_t_m2c": [268.7774353027344, 62.946170806884766, 1033.171875], "obj_id": 1}, {"cam_R_m2c": [-0.7722200751304626, -0.1476171314716339, 0.617968738079071, -0.5317906141281128, 0.6824034452438354, -0.5015220046043396, -0.3476707637310028, -0.715915322303772, -0.6054670214653015], "cam_t_m2c": [83.07547760009766, 239.55416870117188, 439.1051330566406], "obj_id": 3}, {"cam_R_m2c": [-0.511256992816925, 0.8200477957725525, -0.25717270374298096, 0.5669856071472168, 0.5467127561569214, 0.6161432266235352, 0.6458665132522583, 0.1691943258047104, -0.7444660067558289], "cam_t_m2c": [184.60549926757812, 261.990478515625, 906.5310668945312], "obj_id": 2}, {"cam_R_m2c": [0.6341243982315063, 0.728171706199646, -0.26010027527809143, -0.5450428128242493, 0.18233951926231384, -0.8183401226997375, -0.5484656095504761, 0.6606951951980591, 0.5125107169151306], "cam_t_m2c": [-21.819210052490234, -110.14102172851562, 974.4275512695312], "obj_id": 2}, {"cam_R_m2c": [0.3486843705177307, -0.5541256070137024, -0.7558862566947937, -0.8052200675010681, -0.5898348093032837, 0.06095484644174576, -0.4796246588230133, 0.5874007940292358, -0.6518592238426208], "cam_t_m2c": [34.855560302734375, -0.44637733697891235, 1014.776611328125], "obj_id": 0}, {"cam_R_m2c": [0.6814691424369812, 0.40357592701911926, -0.6105131506919861, -0.6328834295272827, -0.09392637759447098, -0.7685287594795227, -0.36750295758247375, 0.9101122617721558, 0.19140855967998505], "cam_t_m2c": [-130.6615447998047, -10.12234115600586, 892.2508544921875], "obj_id": 0}, {"cam_R_m2c": [-0.7567746639251709, 0.43172889947891235, -0.4908178448677063, 0.5566731095314026, 0.8192393183708191, -0.13770247995853424, 0.34264713525772095, -0.3774348497390747, -0.8603113889694214], "cam_t_m2c": [186.81118774414062, 139.92625427246094, 833.4481811523438], "obj_id": 3}, {"cam_R_m2c": [0.5419155359268188, 0.8402571678161621, -0.017186764627695084, -0.6149799227714539, 0.3825210630893707, -0.689548671245575, -0.5728238821029663, 0.3842466473579407, 0.7240354418754578], "cam_t_m2c": [-47.79964828491211, -47.174564361572266, 933.531494140625], "obj_id": 2}, {"cam_R_m2c": [-0.6928464770317078, -0.6354371309280396, -0.3408566415309906, 0.5361637473106384, -0.13789302110671997, -0.8327747583389282, 0.482174277305603, -0.7597401142120361, 0.4362371861934662], "cam_t_m2c": [115.3049545288086, -39.20549011230469, 1004.2108154296875], "obj_id": 0}, {"cam_R_m2c": [0.4531989097595215, -0.012549365870654583, -0.891321063041687, -0.5795360803604126, -0.7638916969299316, -0.2839142382144928, -0.6773098707199097, 0.6452223062515259, -0.3534676134586334], "cam_t_m2c": [14.13913345336914, 61.49403762817383, 872.876708984375], "obj_id": 2}, {"cam_R_m2c": [0.6922392845153809, 0.43449097871780396, -0.5762137770652771, -0.6188169121742249, -0.05343792587518692, -0.7837154865264893, -0.37130898237228394, 0.899089515209198, 0.23187853395938873], "cam_t_m2c": [-240.39907836914062, 33.755008697509766, 766.86474609375], "obj_id": 0}, {"cam_R_m2c": [0.638687252998352, 0.09799662232398987, 0.763200581073761, -0.09756963700056076, 0.9941650032997131, -0.04600144177675247, -0.7632552981376648, -0.04508468136191368, 0.6445220112800598], "cam_t_m2c": [160.9002685546875, 288.3775329589844, 774.7099609375], "obj_id": 2}, {"cam_R_m2c": [0.7259012460708618, -0.687371015548706, -0.024259796366095543, 0.34520915150642395, 0.33359888195991516, 0.8772357106208801, -0.5948933362960815, -0.6451611518859863, 0.4794465899467468], "cam_t_m2c": [46.59613800048828, 121.3499526977539, 923.598876953125], "obj_id": 1}, {"cam_R_m2c": [-0.3003922402858734, 0.8959314227104187, 0.3272176682949066, 0.5559426546096802, -0.11430058628320694, 0.8233245015144348, 0.7750434279441833, 0.4292345345020294, -0.46375152468681335], "cam_t_m2c": [71.92678833007812, 31.777292251586914, 919.0801391601562], "obj_id": 0}, {"cam_R_m2c": [0.5189955234527588, -0.06403634697198868, 0.8523748517036438, -0.27675318717956543, 0.9308876395225525, 0.2384447157382965, -0.8087343573570251, -0.3596492111682892, 0.4654042422771454], "cam_t_m2c": [398.146484375, 569.0419921875, 802.4152221679688], "obj_id": 0}, {"cam_R_m2c": [-0.5797280073165894, 0.6556435227394104, 0.4837837517261505, 0.45827716588974, -0.22856131196022034, 0.8589188456535339, 0.6737189292907715, 0.7196465134620667, -0.16796289384365082], "cam_t_m2c": [277.47772216796875, 235.25277709960938, 989.6775512695312], "obj_id": 1}, {"cam_R_m2c": [0.40784838795661926, -0.6875986456871033, 0.6007226705551147, -0.515048086643219, 0.37000083923339844, 0.7731913328170776, -0.7539132237434387, -0.6247459053993225, -0.20324210822582245], "cam_t_m2c": [78.18537139892578, 149.2001190185547, 825.9183349609375], "obj_id": 2}, {"cam_R_m2c": [-0.6268304586410522, 0.06290200352668762, -0.776612401008606, 0.6495565176010132, 0.5926518440246582, -0.47627729177474976, 0.4303019940853119, -0.8029987812042236, -0.4123506546020508], "cam_t_m2c": [12.465250015258789, -90.67825317382812, 882.3572387695312], "obj_id": 0}, {"cam_R_m2c": [0.33782845735549927, -0.8457564115524292, -0.41299885511398315, 0.5194148421287537, -0.19840171933174133, 0.8311708569526672, -0.7849077582359314, -0.49531090259552, 0.37227267026901245], "cam_t_m2c": [-82.04806518554688, 76.0734634399414, 860.4442138671875], "obj_id": 1}, {"cam_R_m2c": [-0.43453550338745117, 0.6595455408096313, -0.6133338809013367, 0.5147839188575745, 0.7406649589538574, 0.4317556321620941, 0.7390373945236206, -0.1281212568283081, -0.6613686680793762], "cam_t_m2c": [139.49014282226562, 279.5724182128906, 841.5445556640625], "obj_id": 1}, {"cam_R_m2c": [-0.705235481262207, -0.7017498016357422, -0.10094623267650604, 0.4890221953392029, -0.3783968985080719, -0.7859218120574951, 0.5133227705955505, -0.6036248803138733, 0.6100301146507263], "cam_t_m2c": [-149.5515899658203, 60.56650161743164, 718.4876708984375], "obj_id": 0}, {"cam_R_m2c": [0.9518024921417236, -0.29431965947151184, -0.08630126714706421, -0.29811176657676697, -0.821575403213501, -0.48594555258750916, 0.07212032377719879, 0.48825162649154663, -0.8697176575660706], "cam_t_m2c": [251.4185028076172, -7.092550277709961, 1054.296875], "obj_id": 1}, {"cam_R_m2c": [-0.5112571120262146, 0.7183728218078613, -0.47175928950309753, 0.5669856667518616, 0.6944500207901001, 0.44301965832710266, 0.6458665728569031, -0.04098382592201233, -0.7623496055603027], "cam_t_m2c": [153.5052947998047, 247.50155639648438, 894.632080078125], "obj_id": 2}, {"cam_R_m2c": [-0.4400063157081604, -0.730438232421875, -0.5223546624183655, 0.6786007285118103, -0.651433527469635, 0.33931612968444824, -0.5881288051605225, -0.20516900718212128, 0.7823107838630676], "cam_t_m2c": [-197.52098083496094, -36.63536834716797, 846.6080322265625], "obj_id": 1}, {"cam_R_m2c": [0.9177518486976624, 0.17519912123680115, 0.35642215609550476, -0.3421403765678406, 0.8044859170913696, 0.48553308844566345, -0.20167164504528046, -0.5675452947616577, 0.7982611656188965], "cam_t_m2c": [132.80831909179688, 328.7463684082031, 769.9927978515625], "obj_id": 1}, {"cam_R_m2c": [-0.6416662931442261, 0.47767066955566406, -0.6000791788101196, -0.7660743594169617, -0.4372420608997345, 0.4711151123046875, -0.037342000752687454, 0.7620039582252502, 0.6464948058128357], "cam_t_m2c": [-54.3164176940918, 322.66949462890625, 949.807373046875], "obj_id": 3}, {"cam_R_m2c": [-0.9259291887283325, 0.09063099324703217, -0.3666621148586273, 0.2938030958175659, 0.7828843593597412, -0.5484266877174377, 0.23734955489635468, -0.615530788898468, -0.7515231370925903], "cam_t_m2c": [25.04720115661621, -4.362560749053955, 751.5977783203125], "obj_id": 3}, {"cam_R_m2c": [0.44473129510879517, -0.45686477422714233, -0.7703821063041687, -0.6897820830345154, -0.7233624458312988, 0.030778462067246437, -0.5713271498680115, 0.5177076458930969, -0.6368390321731567], "cam_t_m2c": [29.0561580657959, 278.44073486328125, 673.574462890625], "obj_id": 2}, {"cam_R_m2c": [-0.3610787093639374, 0.6564363837242126, -0.6623544096946716, 0.7446723580360413, 0.6305059194564819, 0.21891851723194122, 0.561324417591095, -0.4141902029514313, -0.7164922952651978], "cam_t_m2c": [245.6896209716797, 282.2760925292969, 836.72265625], "obj_id": 0}, {"cam_R_m2c": [-0.6950697898864746, -0.6616317629814148, 0.2812846899032593, 0.4109135866165161, -0.6866455078125, -0.5997229814529419, 0.5899387001991272, -0.3012657165527344, 0.7491403222084045], "cam_t_m2c": [189.4445037841797, 123.9167251586914, 931.2188110351562], "obj_id": 0}, {"cam_R_m2c": [0.7751771807670593, -0.013336294330656528, 0.6316030621528625, 0.4051181674003601, -0.7566506862640381, -0.5131850838661194, 0.48474690318107605, 0.6536832451820374, -0.581135630607605], "cam_t_m2c": [245.8691864013672, -23.18024444580078, 1074.2569580078125], "obj_id": 1}, {"cam_R_m2c": [0.038670383393764496, 0.4541904628276825, -0.8900649547576904, 0.3822994828224182, 0.8162397742271423, 0.43312788009643555, 0.923228919506073, -0.3570205867290497, -0.14207246899604797], "cam_t_m2c": [-130.23741149902344, 226.7456817626953, 851.0377197265625], "obj_id": 3}, {"cam_R_m2c": [0.6981368660926819, 0.49498817324638367, -0.5172925591468811, -0.27596062421798706, -0.4806482791900635, -0.832359790802002, -0.6606440544128418, 0.7238534688949585, -0.19896100461483002], "cam_t_m2c": [96.25847625732422, 171.30419921875, 779.0137939453125], "obj_id": 1}, {"cam_R_m2c": [0.9877315759658813, -0.0596659816801548, 0.14431335031986237, 0.04572885483503342, -0.7731079459190369, -0.6326239109039307, 0.14931592345237732, 0.6314618587493896, -0.7608946561813354], "cam_t_m2c": [-113.8923110961914, -16.010652542114258, 770.3380126953125], "obj_id": 1}, {"cam_R_m2c": [-0.3343210518360138, 0.7620324492454529, 0.5545591115951538, 0.49379703402519226, -0.3595535457134247, 0.791761040687561, 0.8027414083480835, 0.5385420918464661, -0.2560829222202301], "cam_t_m2c": [-165.3936004638672, 94.0101318359375, 676.588134765625], "obj_id": 0}, {"cam_R_m2c": [0.0508851520717144, -0.8511447906494141, 0.5224587321281433, -0.6170926094055176, -0.4381182789802551, -0.6536427736282349, 0.7852434515953064, -0.28914475440979004, -0.5475288033485413], "cam_t_m2c": [116.24687194824219, -20.024154663085938, 696.287841796875], "obj_id": 3}, {"cam_R_m2c": [-0.565822422504425, -0.7325730919837952, 0.378393292427063, 0.6230148077011108, -0.6804641485214233, -0.3857731223106384, 0.5400901436805725, 0.01746552065014839, 0.841425895690918], "cam_t_m2c": [96.92330932617188, -99.03071594238281, 1152.3594970703125], "obj_id": 3}, {"cam_R_m2c": [0.022016823291778564, 0.19866880774497986, -0.9798191785812378, 0.560460090637207, 0.8091221451759338, 0.1766517162322998, 0.827888548374176, -0.5530388951301575, -0.09353162348270416], "cam_t_m2c": [-78.59239196777344, 74.86014556884766, 1001.9140014648438], "obj_id": 3}, {"cam_R_m2c": [0.6273536086082458, 0.765813946723938, 0.1412671059370041, -0.5699042677879333, 0.5751261711120605, -0.5868892073631287, -0.5306943655014038, 0.2876783013343811, 0.7972481846809387], "cam_t_m2c": [292.1482238769531, 45.0271110534668, 1142.756103515625], "obj_id": 2}, {"cam_R_m2c": [0.6014606356620789, 0.17326493561267853, 0.7798873782157898, -0.26519495248794556, 0.9641462564468384, -0.00967884249985218, -0.7536025047302246, -0.20100076496601105, 0.6258450150489807], "cam_t_m2c": [526.10546875, 277.88116455078125, 1159.3077392578125], "obj_id": 0}, {"cam_R_m2c": [-0.5141906142234802, 0.0521925650537014, -0.8560863137245178, 0.7261933088302612, 0.5575794577598572, -0.4021795094013214, 0.4563453197479248, -0.828481137752533, -0.32460397481918335], "cam_t_m2c": [180.62277221679688, 233.2181854248047, 828.2831420898438], "obj_id": 0}, {"cam_R_m2c": [-0.04917570576071739, 0.42504623532295227, 0.9038347005844116, -0.4019927680492401, 0.8199759125709534, -0.4074815511703491, -0.9143211841583252, -0.38337332010269165, 0.13054266571998596], "cam_t_m2c": [496.6115417480469, -93.07486724853516, 1184.355712890625], "obj_id": 3}, {"cam_R_m2c": [-0.3901624381542206, 0.5416305065155029, -0.7445868849754333, 0.7509199976921082, 0.6551454663276672, 0.08308766037225723, 0.5328155159950256, -0.5267075300216675, -0.6623343229293823], "cam_t_m2c": [112.72119140625, 30.029504776000977, 952.9102783203125], "obj_id": 0}, {"cam_R_m2c": [0.9254547953605652, -0.13599808514118195, -0.3536069691181183, 0.3218786418437958, 0.7745164036750793, 0.5445351004600525, 0.1998186707496643, -0.6177611351013184, 0.760554850101471], "cam_t_m2c": [59.422916412353516, 141.94378662109375, 940.2359619140625], "obj_id": 1}, {"cam_R_m2c": [-0.3475377559661865, 0.7098742723464966, 0.6126139760017395, 0.4761406481266022, -0.42923295497894287, 0.7674952745437622, 0.8077793121337891, 0.5584240555763245, -0.18882524967193604], "cam_t_m2c": [84.15971374511719, 54.92121887207031, 908.4459838867188], "obj_id": 0}, {"cam_R_m2c": [-0.24989104270935059, 0.8205374479293823, 0.5140745639801025, 0.9477447271347046, 0.09852713346481323, 0.3034341335296631, 0.19832879304885864, 0.5630369782447815, -0.8022811412811279], "cam_t_m2c": [118.85015106201172, -43.89467239379883, 1043.9755859375], "obj_id": 1}, {"cam_R_m2c": [-0.8887642621994019, -0.23597322404384613, -0.3929561972618103, 0.45444977283477783, -0.3418373763561249, -0.8225706815719604, 0.05977750942111015, -0.9096503257751465, 0.411050945520401], "cam_t_m2c": [-25.37188720703125, -37.8222541809082, 821.2315063476562], "obj_id": 0}, {"cam_R_m2c": [0.326254278421402, -0.618671715259552, 0.7147050499916077, -0.39191195368766785, 0.5995045304298401, 0.6978533267974854, -0.8602110743522644, -0.507779061794281, -0.04687390848994255], "cam_t_m2c": [-34.26496505737305, 81.3849868774414, 888.224609375], "obj_id": 0}, {"cam_R_m2c": [0.5050228834152222, 0.791617214679718, -0.34393900632858276, -0.7353746891021729, 0.6032649278640747, 0.30869972705841064, 0.45185837149620056, 0.097023606300354, 0.8867978453636169], "cam_t_m2c": [251.38258361816406, 76.99156188964844, 1123.7010498046875], "obj_id": 1}, {"cam_R_m2c": [0.6060689091682434, -0.7724660038948059, 0.1896754503250122, -0.7607332468032837, -0.6325675845146179, -0.145407035946846, 0.23230452835559845, -0.056165728718042374, -0.9710201621055603], "cam_t_m2c": [-135.23873901367188, -2.8890035152435303, 744.0535888671875], "obj_id": 1}, {"cam_R_m2c": [0.586388349533081, -0.8092571496963501, -0.03537736460566521, -0.31099143624305725, -0.26524192094802856, 0.9126505851745605, -0.7479525804519653, -0.5241655707359314, -0.40720680356025696], "cam_t_m2c": [-42.1319465637207, -162.8720245361328, 984.5867919921875], "obj_id": 1}, {"cam_R_m2c": [-0.5056720972061157, -0.020909501239657402, -0.8624722957611084, 0.6883424520492554, 0.5928747653961182, -0.4179523289203644, 0.5200772285461426, -0.805023193359375, -0.28540730476379395], "cam_t_m2c": [250.7341766357422, 222.09072875976562, 915.7489624023438], "obj_id": 0}, {"cam_R_m2c": [-0.6675450801849365, -0.6097243428230286, -0.4273402988910675, 0.3673141300678253, -0.7689171433448792, 0.5233036875724792, -0.6476602554321289, 0.19236066937446594, 0.7372472882270813], "cam_t_m2c": [-520.5179443359375, 40.84470748901367, 831.1686401367188], "obj_id": 3}, {"cam_R_m2c": [-0.22734421491622925, -0.8065996170043945, -0.5456294417381287, 0.5097771286964417, -0.5759719014167786, 0.6390488147735596, -0.8297238945960999, -0.132865309715271, 0.5421301126480103], "cam_t_m2c": [253.55270385742188, 178.79237365722656, 1050.0140380859375], "obj_id": 1}, {"cam_R_m2c": [-0.4538421034812927, -0.8558075428009033, 0.24823501706123352, -0.02384157106280327, -0.26681506633758545, -0.9634527564048767, 0.8907630443572998, -0.4431737959384918, 0.10068821161985397], "cam_t_m2c": [49.951568603515625, 249.0093994140625, 732.396728515625], "obj_id": 1}, {"cam_R_m2c": [0.20642001926898956, 0.8492501974105835, -0.48596781492233276, -0.975383996963501, 0.2179698497056961, -0.033392831683158875, 0.07756742089986801, 0.4808982014656067, 0.873338520526886], "cam_t_m2c": [-39.93806838989258, 56.85023880004883, 892.84228515625], "obj_id": 1}, {"cam_R_m2c": [0.8277508020401001, 0.04947793856263161, 0.5589101314544678, -0.15205200016498566, 0.9786122441291809, 0.13855797052383423, -0.5401006937026978, -0.19967487454414368, 0.8175702691078186], "cam_t_m2c": [404.7912292480469, 90.77783203125, 1454.668701171875], "obj_id": 0}, {"cam_R_m2c": [-0.3389255106449127, -0.6356374621391296, 0.6936098337173462, -0.9401581883430481, 0.2563340365886688, -0.22448940575122833, -0.03510194271802902, -0.7281880974769592, -0.6844778656959534], "cam_t_m2c": [-101.88978576660156, -109.36539459228516, 619.6063232421875], "obj_id": 3}, {"cam_R_m2c": [-0.6249192953109741, 0.5053726434707642, 0.5950412154197693, 0.0960649847984314, 0.8061862587928772, -0.5838109254837036, -0.774756133556366, -0.3076721429824829, -0.5523499250411987], "cam_t_m2c": [-17.609399795532227, -73.72119140625, 900.562255859375], "obj_id": 1}, {"cam_R_m2c": [-0.707335352897644, -0.4454202353954315, 0.5488876700401306, 0.32195791602134705, -0.894282341003418, -0.31080904603004456, 0.629301130771637, -0.04312748834490776, 0.7759639620780945], "cam_t_m2c": [310.8428039550781, 133.9691619873047, 1126.119873046875], "obj_id": 2}, {"cam_R_m2c": [0.49257713556289673, -0.1400582194328308, 0.8589246273040771, -0.2852413058280945, 0.9064620733261108, 0.31139034032821655, -0.8221953511238098, -0.39838454127311707, 0.4065520763397217], "cam_t_m2c": [380.77862548828125, 198.98614501953125, 1113.5281982421875], "obj_id": 0}, {"cam_R_m2c": [0.6261195540428162, 0.6780890226364136, 0.38492801785469055, -0.45916748046875, 0.7196425199508667, -0.520845353603363, -0.6301900744438171, 0.14936503767967224, 0.7619386911392212], "cam_t_m2c": [-67.09131622314453, 37.298465728759766, 809.1557006835938], "obj_id": 2}, {"cam_R_m2c": [0.5221288204193115, 0.10317171365022659, 0.846603274345398, -0.49588778614997864, 0.8443416357040405, 0.2029346376657486, -0.693885326385498, -0.5257782340049744, 0.4920167028903961], "cam_t_m2c": [276.3963623046875, 206.8237762451172, 974.5191040039062], "obj_id": 0}, {"cam_R_m2c": [-0.3678087294101715, 0.6298753023147583, 0.6840857863426208, 0.45283380150794983, -0.5212112665176392, 0.7233808040618896, 0.8121932148933411, 0.5758431553840637, -0.09352247416973114], "cam_t_m2c": [123.15888977050781, 120.7403564453125, 881.5364990234375], "obj_id": 0}, {"cam_R_m2c": [0.22106297314167023, -0.5555309653282166, 0.8015711307525635, -0.8084092140197754, 0.3553711473941803, 0.4692394435405731, -0.5455322265625, -0.7517290115356445, -0.3705369532108307], "cam_t_m2c": [200.17771911621094, 399.70843505859375, 594.4172973632812], "obj_id": 3}, {"cam_R_m2c": [0.6154997944831848, -0.5143439769744873, 0.5971685647964478, -0.10360097140073776, -0.8039224743843079, -0.5856409072875977, 0.7812981605529785, 0.29859459400177, -0.5481005907058716], "cam_t_m2c": [557.431396484375, 120.27117156982422, 922.3587036132812], "obj_id": 3}, {"cam_R_m2c": [0.7371000051498413, 0.5097736120223999, -0.4436376690864563, -0.2493564635515213, -0.4049859344959259, -0.879663348197937, -0.6280962824821472, 0.7590237855911255, -0.17139975726604462], "cam_t_m2c": [24.86042594909668, -143.32815551757812, 932.4989624023438], "obj_id": 3}, {"cam_R_m2c": [0.5473252534866333, 0.017485635355114937, 0.8367372751235962, -0.2701208293437958, 0.9499664306640625, 0.15683916211128235, -0.7921298742294312, -0.31186220049858093, 0.5246638655662537], "cam_t_m2c": [198.27435302734375, 165.79434204101562, 998.1988525390625], "obj_id": 0}, {"cam_R_m2c": [-0.5112574696540833, -0.21212254464626312, -0.8328384160995483, 0.5669861435890198, 0.6450072526931763, -0.5123400688171387, 0.6458656787872314, -0.7341455221176147, -0.2094942331314087], "cam_t_m2c": [259.5007019042969, 135.75938415527344, 1076.630859375], "obj_id": 2}, {"cam_R_m2c": [-0.8627989888191223, 0.4179006516933441, -0.2844938635826111, 0.49283406138420105, 0.8206875920295715, -0.2891131043434143, 0.11266002058982849, -0.38965481519699097, -0.9140440821647644], "cam_t_m2c": [-29.846925735473633, 403.37841796875, 350.21893310546875], "obj_id": 3}],
