{
  "0": [{"cam_R_m2c": [-0.38458845019340515, 0.1542251855134964, 0.9101133942604065, 0.6610415577888489, 0.7341813445091248, 0.1549253612756729, -0.6442949175834656, 0.6612052321434021, -0.384306937456131], "cam_t_m2c": [76.77940368652344, -55.128456115722656, 832.78369140625], "obj_id": 3}, {"cam_R_m2c": [0.9789745807647705, 0.0342695377767086, -0.2010829597711563, 0.091087706387043, -0.9554860591888428, 0.28062283992767334, -0.18251517415046692, -0.29303881525993347, -0.9385181069374084], "cam_t_m2c": [90.02433013916016, -320.15203857421875, 970.8974609375], "obj_id": 3}, {"cam_R_m2c": [-0.07025773823261261, -0.9336358308792114, -0.35126638412475586, 0.9855489134788513, -0.11937857419252396, 0.12017568945884705, -0.15413399040699005, -0.33774691820144653, 0.9285309314727783], "cam_t_m2c": [-112.93634033203125, -273.85205078125, 995.8276977539062], "obj_id": 3}, {"cam_R_m2c": [0.8514834046363831, -0.17092247307300568, 0.49574345350265503, -0.30482110381126404, -0.9305874705314636, 0.20270924270153046, 0.42668506503105164, -0.3237166106700897, -0.8444805145263672], "cam_t_m2c": [144.89158630371094, -302.5293884277344, 956.4523315429688], "obj_id": 3}, {"cam_R_m2c": [-0.7407679557800293, 0.4054393172264099, 0.535613477230072, -0.6552292108535767, -0.611884355545044, -0.4430261552333832, 0.14811331033706665, -0.6791291832923889, 0.7189200520515442], "cam_t_m2c": [254.0187225341797, -206.16354370117188, 955.2474365234375], "obj_id": 3}, {"cam_R_m2c": [-0.9802002906799316, 0.0946388840675354, 0.17392665147781372, -0.19723008573055267, -0.5444161891937256, -0.8152980804443359, 0.017529606819152832, -0.8334591388702393, 0.5523028373718262], "cam_t_m2c": [90.94081115722656, 11.198811531066895, 990.1522827148438], "obj_id": 3}, {"cam_R_m2c": [-0.2872198522090912, 0.562623918056488, -0.7752155065536499, 0.8933635354042053, 0.4493078887462616, -0.0049023558385670185, 0.3455522358417511, -0.6939573287963867, -0.6316778063774109], "cam_t_m2c": [-12.034143447875977, 53.56392288208008, 945.6795043945312], "obj_id": 3}, {"cam_R_m2c": [0.15459109842777252, -0.9297437071800232, -0.33418264985084534, 0.6832554340362549, 0.34492945671081543, -0.6435725092887878, 0.7136269807815552, -0.1288416087627411, 0.6885755658149719], "cam_t_m2c": [64.83365631103516, -14.09124755859375, 832.875244140625], "obj_id": 3}, {"cam_R_m2c": [0.7275160551071167, 0.6842896938323975, -0.049679506570100784, -0.16995161771774292, 0.24989289045333862, 0.9532418251037598, 0.6647080779075623, -0.6850555539131165, 0.2980972230434418], "cam_t_m2c": [118.18729400634766, -379.5892639160156, 934.297607421875], "obj_id": 3}, {"cam_R_m2c": [0.8053373694419861, -0.5250490307807922, -0.27523672580718994, -0.507279634475708, -0.37011027336120605, -0.778258204460144, 0.30675575137138367, 0.7663823962211609, -0.5644103288650513], "cam_t_m2c": [57.37726974487305, -262.4733581542969, 994.32763671875], "obj_id": 3}, {"cam_R_m2c": [-0.38968005776405334, -0.09211631864309311, 0.9163318872451782, -0.563389778137207, -0.7632413506507874, -0.316314160823822, 0.7285200357437134, -0.6395133137702942, 0.24552249908447266], "cam_t_m2c": [-135.26417541503906, -83.69673919677734, 1106.5616455078125], "obj_id": 3}, {"cam_R_m2c": [-0.6428585648536682, 0.25388577580451965, -0.7226859331130981, 0.7649766206741333, 0.26118946075439453, -0.5887197256088257, 0.0392904095351696, -0.9313012957572937, -0.36212459206581116], "cam_t_m2c": [36.47279739379883, -15.281830787658691, 993.1561279296875], "obj_id": 3}, {"cam_R_m2c": [0.7518689632415771, -0.3644208014011383, -0.549445629119873, 0.5792595744132996, -0.03288750723004341, 0.8144794702529907, -0.31488314270973206, -0.9306535124778748, 0.18636713922023773], "cam_t_m2c": [3.4765048027038574, 105.60527038574219, 853.9817504882812], "obj_id": 3}, {"cam_R_m2c": [-0.014924515970051289, -0.7811350226402283, -0.6241835951805115, 0.313192218542099, 0.5891876816749573, -0.7448278069496155, 0.9495723843574524, -0.2066057324409485, 0.23585212230682373], "cam_t_m2c": [36.28807830810547, 93.78913879394531, 783.8130493164062], "obj_id": 3}, {"cam_R_m2c": [-0.282912939786911, -0.9078649282455444, -0.3094211220741272, 0.09206665307283401, -0.3468155562877655, 0.9334037899971008, -0.954716682434082, 0.23558469116687775, 0.18170276284217834], "cam_t_m2c": [-62.830753326416016, -42.14842987060547, 1060.814453125], "obj_id": 3}, {"cam_R_m2c": [0.99070805311203, -0.127842515707016, 0.04640985280275345, -0.11042609065771103, -0.9552983641624451, -0.2742462754249573, 0.079395592212677, 0.26657313108444214, -0.960538923740387], "cam_t_m2c": [85.62383270263672, -47.67632293701172, 1121.1290283203125], "obj_id": 3}, {"cam_R_m2c": [0.8855000734329224, -0.43443575501441956, -0.1647881418466568, 0.27191969752311707, 0.19695143401622772, 0.9419499635696411, -0.3767615258693695, -0.8789058923721313, 0.29253214597702026], "cam_t_m2c": [-52.15250015258789, -313.87005615234375, 873.4595947265625], "obj_id": 3}, {"cam_R_m2c": [0.25000670552253723, -0.3930518329143524, -0.8848767280578613, -0.7370531558990479, 0.5153946280479431, -0.43717384338378906, 0.6278926730155945, 0.7614976167678833, -0.1608479619026184], "cam_t_m2c": [-43.558902740478516, 8.673054695129395, 880.5626220703125], "obj_id": 3}, {"cam_R_m2c": [-0.13852223753929138, -0.7610331177711487, -0.6337506771087646, -0.6713663935661316, -0.3982784152030945, 0.6250129342079163, -0.7280649542808533, 0.5120572447776794, -0.45576155185699463], "cam_t_m2c": [-29.344409942626953, -395.7529602050781, 969.0025634765625], "obj_id": 3}, {"cam_R_m2c": [-0.18566404283046722, -0.622024416923523, 0.7606672644615173, -0.30619755387306213, -0.6989572644233704, -0.6462987065315247, 0.9336873888969421, -0.35290881991386414, -0.06069125607609749], "cam_t_m2c": [-136.87374877929688, -247.5800323486328, 756.8428344726562], "obj_id": 3}, {"cam_R_m2c": [-0.16690175235271454, -0.915790855884552, -0.36533650755882263, 0.17759007215499878, 0.3365519642829895, -0.924767255783081, 0.9698481559753418, -0.21922549605369568, 0.10646431893110275], "cam_t_m2c": [235.44970703125, -329.73724365234375, 882.1832275390625], "obj_id": 3}, {"cam_R_m2c": [-0.5631712675094604, -0.7845502495765686, 0.2594582438468933, -0.7391830682754517, 0.3379393517971039, -0.5825849175453186, 0.36938607692718506, -0.5198823809623718, -0.7702439427375793], "cam_t_m2c": [-158.41293334960938, -170.4543914794922, 890.0444946289062], "obj_id": 3}, {"cam_R_m2c": [0.7701005935668945, -0.048735424876213074, 0.6360580921173096, -0.6317110061645508, -0.19706252217292786, 0.7497382760047913, 0.08880440890789032, -0.9791788458824158, -0.18254467844963074], "cam_t_m2c": [-35.729026794433594, 81.8124008178711, 936.6685180664062], "obj_id": 3}, {"cam_R_m2c": [-0.2292768955230713, -0.18380367755889893, -0.9558495283126831, -0.9701858758926392, 0.12241111695766449, 0.20917682349681854, 0.07855914533138275, 0.9753111004829407, -0.20638978481292725], "cam_t_m2c": [54.30324935913086, 72.1135482788086, 956.049072265625], "obj_id": 3}, {"cam_R_m2c": [-0.781021237373352, -0.3147193491458893, -0.5394048690795898, -0.6065854430198669, 0.5877241492271423, 0.5353825092315674, 0.14852602779865265, 0.7453402876853943, -0.6499291658401489], "cam_t_m2c": [-22.863357543945312, 43.81630325317383, 886.6046752929688], "obj_id": 3}, {"cam_R_m2c": [-0.5818259119987488, -0.8133007884025574, 0.004517105873674154, -0.8099993467330933, 0.5789453387260437, -0.09339883923530579, 0.07334619760513306, -0.05800072103738785, -0.995618462562561], "cam_t_m2c": [148.8556671142578, -261.26556396484375, 769.5536499023438], "obj_id": 3}, {"cam_R_m2c": [0.4019467830657959, -0.4519684314727783, 0.7963436841964722, -0.811661958694458, -0.5784295797348022, 0.0813882127404213, 0.4238438606262207, -0.6790756583213806, -0.599343478679657], "cam_t_m2c": [-111.30570983886719, -116.52952575683594, 860.5530395507812], "obj_id": 3}, {"cam_R_m2c": [-0.4542762041091919, -0.7781034708023071, 0.4338065981864929, -0.5109838247299194, -0.17129959166049957, -0.842349112033844, 0.729745626449585, -0.6043272614479065, -0.31978100538253784], "cam_t_m2c": [-162.40249633789062, -348.6809387207031, 942.62255859375], "obj_id": 3}, {"cam_R_m2c": [0.8408413529396057, -0.5404258370399475, 0.03042558953166008, -0.24749355018138885, -0.33386486768722534, 0.9095499515533447, -0.48138627409935, -0.7723173499107361, -0.4144792854785919], "cam_t_m2c": [-181.3118133544922, -48.07634353637695, 1118.140380859375], "obj_id": 1}, {"cam_R_m2c": [-0.8889585733413696, -0.44016945362091064, -0.12650461494922638, 0.4538992643356323, -0.8099222779273987, -0.3714851140975952, 0.06105748191475868, -0.38765525817871094, 0.9197800755500793], "cam_t_m2c": [179.46194458007812, -198.4931640625, 917.5020751953125], "obj_id": 1}, {"cam_R_m2c": [-0.1611110121011734, 0.9815260171890259, 0.10319748520851135, 0.5286016464233398, -0.0024830482434481382, 0.8488662838935852, 0.8334406614303589, 0.19131216406822205, -0.5184361338615417], "cam_t_m2c": [10.598526000976562, -14.021029472351074, 812.0802612304688], "obj_id": 1}, {"cam_R_m2c": [-0.06810195744037628, -0.39593935012817383, -0.9157478213310242, -0.8584600687026978, -0.44442352652549744, 0.25599583983421326, -0.5083388090133667, 0.8035668134689331, -0.30963191390037537], "cam_t_m2c": [202.5594940185547, -282.653076171875, 837.6868286132812], "obj_id": 1}, {"cam_R_m2c": [-0.4844280481338501, -0.40682676434516907, 0.7744812369346619, 0.23477354645729065, 0.7923616170883179, 0.5630669593811035, -0.8427399396896362, 0.4545932114124298, -0.28832998871803284], "cam_t_m2c": [-188.1914520263672, -10.613326072692871, 1074.1129150390625], "obj_id": 1}, {"cam_R_m2c": [-0.7583655714988708, 0.5533642172813416, -0.3444845378398895, -0.4633290469646454, -0.8293554186820984, -0.31224286556243896, -0.4584841728210449, -0.07718456536531448, 0.8853444457054138], "cam_t_m2c": [-259.4617614746094, -177.15618896484375, 867.1149291992188], "obj_id": 1}, {"cam_R_m2c": [0.8995432257652283, -0.39453303813934326, -0.1875249743461609, 0.3162674307823181, 0.29208996891975403, 0.9025842547416687, -0.30132514238357544, -0.871221661567688, 0.3875255286693573], "cam_t_m2c": [-188.07005310058594, 46.85649490356445, 979.7567138671875], "obj_id": 1}, {"cam_R_m2c": [0.9910731315612793, 0.11104173958301544, -0.07378208637237549, -0.09838037192821503, 0.9826281666755676, 0.1573633998632431, 0.08997426182031631, -0.14869992434978485, 0.9847806692123413], "cam_t_m2c": [65.54590606689453, -266.2451477050781, 1010.4764404296875], "obj_id": 1}, {"cam_R_m2c": [0.5485304594039917, 0.5319170355796814, -0.6451190114021301, -0.7833431363105774, 0.5967265367507935, -0.17404314875602722, 0.2923831045627594, 0.6008175015449524, 0.743996262550354], "cam_t_m2c": [-49.445350646972656, -287.0196228027344, 955.658203125], "obj_id": 1}, {"cam_R_m2c": [-0.46518170833587646, 0.04804972931742668, -0.883910059928894, -0.5418332815170288, 0.774165153503418, 0.3272384703159332, 0.7000160813331604, 0.6311573386192322, -0.33409246802330017], "cam_t_m2c": [-201.10189819335938, -55.60501480102539, 1086.69287109375], "obj_id": 1}, {"cam_R_m2c": [0.4615553319454193, -0.07757727056741714, 0.8837128281593323, 0.2013871669769287, -0.9609972834587097, -0.1895444542169571, 0.8639501333236694, 0.2654536962509155, -0.4279302954673767], "cam_t_m2c": [102.03423309326172, -88.57756805419922, 802.5120849609375], "obj_id": 1}, {"cam_R_m2c": [-0.8501057624816895, 0.4413052797317505, -0.2873494327068329, 0.5262690782546997, 0.6922473907470703, -0.49379590153694153, -0.018997857347130775, -0.5710018873214722, -0.8207288384437561], "cam_t_m2c": [107.18244934082031, -91.04817199707031, 1065.66015625], "obj_id": 1}, {"cam_R_m2c": [-0.4880591630935669, -0.852301836013794, 0.18809479475021362, 0.5768977999687195, -0.15329217910766602, 0.8023030757904053, -0.6549710035324097, 0.5000829100608826, 0.5665068626403809], "cam_t_m2c": [-267.6687927246094, 24.529159545898438, 992.72607421875], "obj_id": 1}, {"cam_R_m2c": [-0.1066083163022995, -0.9066731333732605, -0.40814027190208435, 0.9888831973075867, -0.053890325129032135, -0.13858534395694733, 0.10365679860115051, -0.4183773994445801, 0.902338981628418], "cam_t_m2c": [-90.52815246582031, -384.95745849609375, 946.6202392578125], "obj_id": 1}, {"cam_R_m2c": [-0.6625568270683289, -0.3213401138782501, 0.6765787601470947, -0.3333742320537567, -0.682374894618988, -0.6505581736564636, 0.6707308292388916, -0.6565857529640198, 0.3449857831001282], "cam_t_m2c": [110.64849853515625, 38.71958541870117, 999.1989135742188], "obj_id": 1}, {"cam_R_m2c": [-0.11948312819004059, -0.9925304055213928, -0.02464008517563343, 0.6751601696014404, -0.06303125619888306, -0.7349733114242554, 0.7279303073883057, -0.10445292294025421, 0.6776481866836548], "cam_t_m2c": [148.95848083496094, -95.0928955078125, 986.6631469726562], "obj_id": 1}, {"cam_R_m2c": [-0.9503090977668762, 0.007681121584028006, -0.31121331453323364, 0.17394901812076569, 0.8421732783317566, -0.5103781819343567, 0.2581752836704254, -0.5391522645950317, -0.8016610741615295], "cam_t_m2c": [-28.169715881347656, 2.74240779876709, 858.8082885742188], "obj_id": 1}, {"cam_R_m2c": [0.889136016368866, -0.37807825207710266, -0.2578642964363098, 0.3995784819126129, 0.366666704416275, 0.8401740789413452, -0.22310131788253784, -0.850066065788269, 0.4770885109901428], "cam_t_m2c": [5.492746353149414, 11.08600902557373, 1042.84326171875], "obj_id": 1}, {"cam_R_m2c": [-0.5151790380477905, 0.7235991954803467, -0.459341436624527, -0.8481659293174744, -0.35331425070762634, 0.39469411969184875, 0.1233084499835968, 0.5929359197616577, 0.7957524657249451], "cam_t_m2c": [105.38008117675781, -38.52151870727539, 955.4837036132812], "obj_id": 1}, {"cam_R_m2c": [0.7264975309371948, 0.24394799768924713, -0.6424100399017334, 0.3875552713871002, -0.9174531698226929, 0.08989129215478897, -0.5674523711204529, -0.31427523493766785, -0.7610707879066467], "cam_t_m2c": [87.25430297851562, -393.5434875488281, 958.3560791015625], "obj_id": 1}, {"cam_R_m2c": [-0.030063536018133163, 0.8114018440246582, 0.58371502161026, -0.8978801369667053, 0.23468433320522308, -0.3724707365036011, -0.43921220302581787, -0.5353039503097534, 0.7214862108230591], "cam_t_m2c": [-137.41030883789062, -247.40838623046875, 960.8184814453125], "obj_id": 1}, {"cam_R_m2c": [0.17767088115215302, 0.9584241509437561, 0.22328488528728485, 0.5030250549316406, -0.2834622859954834, 0.8164648413658142, 0.8458124995231628, -0.03274409845471382, -0.5324743390083313], "cam_t_m2c": [-29.950279235839844, -134.9757537841797, 862.5221557617188], "obj_id": 1}, {"cam_R_m2c": [-0.41048917174339294, 0.42041295766830444, -0.8091671466827393, -0.14244818687438965, 0.8469165563583374, 0.512289822101593, 0.9006703495979309, 0.32555386424064636, -0.28776299953460693], "cam_t_m2c": [-21.856983184814453, -314.36224365234375, 1057.775634765625], "obj_id": 1}, {"cam_R_m2c": [-0.3551853597164154, -0.6730120182037354, 0.6487666964530945, -0.9238010048866272, 0.14657917618751526, -0.3537035584449768, 0.14295105636119843, -0.7249616384506226, -0.6737919449806213], "cam_t_m2c": [114.31926727294922, -294.9743347167969, 921.439208984375], "obj_id": 1}, {"cam_R_m2c": [0.599481999874115, 0.761124312877655, 0.2476108819246292, -0.42283356189727783, 0.038491494953632355, 0.9053894877433777, 0.6795830726623535, -0.6474628448486328, 0.3449038565158844], "cam_t_m2c": [-13.694124221801758, -314.9832763671875, 1112.4666748046875], "obj_id": 1}, {"cam_R_m2c": [-0.8710774183273315, -0.28896933794021606, 0.39714083075523376, -0.39358922839164734, 0.894386351108551, -0.21251016855239868, -0.29378843307495117, -0.3414231538772583, -0.8928149938583374], "cam_t_m2c": [-51.045475006103516, -295.2032165527344, 1056.714599609375], "obj_id": 1}, {"cam_R_m2c": [-0.5512621998786926, 0.5485662221908569, 0.628637433052063, -0.8258367776870728, -0.2515126168727875, -0.504712700843811, -0.11875806748867035, -0.7973809838294983, 0.5916756391525269], "cam_t_m2c": [32.875709533691406, -3.6531622409820557, 962.5244750976562], "obj_id": 1}, {"cam_R_m2c": [0.817844569683075, 0.46466922760009766, 0.339430034160614, 0.5415113568305969, -0.42192700505256653, -0.7271470427513123, -0.19466814398765564, 0.7784984707832336, -0.5966944098472595], "cam_t_m2c": [-152.73098754882812, -95.50270080566406, 842.3386840820312], "obj_id": 1}, {"cam_R_m2c": [-0.7677115797996521, -0.33510035276412964, -0.5461928844451904, -0.34485504031181335, -0.5023492574691772, 0.7929188013076782, -0.5400869846343994, 0.7970903515815735, 0.2700982689857483], "cam_t_m2c": [-67.01980590820312, -131.0770263671875, 755.7830200195312], "obj_id": 1}, {"cam_R_m2c": [-0.2208331823348999, 0.6256512403488159, -0.7481933236122131, -0.9594935178756714, -0.001763072214089334, 0.2817252278327942, 0.17494261264801025, 0.78010094165802, 0.6006976366043091], "cam_t_m2c": [-80.57707977294922, -218.35855102539062, 971.7413940429688], "obj_id": 1}, {"cam_R_m2c": [-0.6861721873283386, -0.47794219851493835, -0.548396646976471, 0.7253393530845642, -0.506765604019165, -0.4659091532230377, -0.05523094907402992, -0.7174676060676575, 0.694398820400238], "cam_t_m2c": [-7.436026096343994, -296.27734375, 841.0498657226562], "obj_id": 1}, {"cam_R_m2c": [0.7680177688598633, -0.5814498066902161, 0.26844874024391174, -0.027446167543530464, -0.4486682713031769, -0.8932766318321228, 0.6398400664329529, 0.6786844730377197, -0.36054375767707825], "cam_t_m2c": [151.27078247070312, -50.432159423828125, 984.948486328125], "obj_id": 1}, {"cam_R_m2c": [0.956795334815979, -0.06835737824440002, -0.28261274099349976, -0.013362765312194824, 0.9606071710586548, -0.2775883674621582, 0.29045504331588745, 0.26937174797058105, 0.9181910157203674], "cam_t_m2c": [113.37042999267578, -102.78998565673828, 1104.3104248046875], "obj_id": 1}, {"cam_R_m2c": [-0.16892369091510773, -0.7600491046905518, -0.6275267601013184, 0.08082748204469681, 0.6238498091697693, -0.7773533463478088, 0.9823092222213745, -0.1820349544286728, -0.04395008832216263], "cam_t_m2c": [-15.35339069366455, -10.495776176452637, 867.0587768554688], "obj_id": 1}, {"cam_R_m2c": [-0.7502455115318298, 0.6216534376144409, 0.22511883080005646, 0.24542267620563507, 0.5780150294303894, -0.7782456278800964, -0.6139211654663086, -0.5286260843276978, -0.5862209796905518], "cam_t_m2c": [69.23628234863281, -236.2289581298828, 801.282470703125], "obj_id": 1}, {"cam_R_m2c": [-0.2873416244983673, 0.7419940233230591, -0.6057057976722717, 0.7256177663803101, 0.5814167261123657, 0.36801278591156006, 0.6252307891845703, -0.3337654769420624, -0.7054693102836609], "cam_t_m2c": [-122.77741241455078, -336.23193359375, 973.8577880859375], "obj_id": 1}, {"cam_R_m2c": [-0.9004002809524536, -0.42130789160728455, -0.1085294783115387, -0.43497753143310547, 0.866848349571228, 0.24365642666816711, -0.008575782179832458, 0.2665962278842926, -0.9637699723243713], "cam_t_m2c": [18.397445678710938, 21.775390625, 994.5807495117188], "obj_id": 1}, {"cam_R_m2c": [0.6289810538291931, 0.3437314033508301, -0.697303056716919, -0.7758002281188965, 0.21963894367218018, -0.5915173292160034, -0.05016818642616272, 0.9130210280418396, 0.4048156440258026], "cam_t_m2c": [-82.1231918334961, -280.9255065917969, 1111.0079345703125], "obj_id": 1}, {"cam_R_m2c": [-0.8394703269004822, -0.4811798632144928, 0.2524978220462799, -0.5042060017585754, 0.5164406895637512, -0.6921454071998596, 0.20264634490013123, -0.7083465456962585, -0.6761503219604492], "cam_t_m2c": [135.49981689453125, -369.823486328125, 970.0868530273438], "obj_id": 1}, {"cam_R_m2c": [-0.23778103291988373, -0.5412508249282837, 0.8065403699874878, -0.9713121056556702, 0.13554343581199646, -0.19539852440357208, -0.003561529330909252, -0.8298646211624146, -0.5579530596733093], "cam_t_m2c": [-113.98365783691406, -325.5818176269531, 928.555908203125], "obj_id": 1}, {"cam_R_m2c": [-0.38538020849227905, -0.7117407917976379, 0.5872880816459656, 0.4254130721092224, 0.42773717641830444, 0.7975366711616516, -0.8188442587852478, 0.5571948289871216, 0.1379423290491104], "cam_t_m2c": [-84.94000244140625, -38.232479095458984, 910.9454345703125], "obj_id": 1}, {"cam_R_m2c": [-0.5208806395530701, 0.5657129883766174, 0.6392589211463928, -0.5893515348434448, -0.7800750136375427, 0.21011315286159515, 0.6175337433815002, -0.267304390668869, 0.7397299408912659], "cam_t_m2c": [-5.541901111602783, -183.6313934326172, 931.8208618164062], "obj_id": 1}, {"cam_R_m2c": [-0.7113037109375, -0.43262821435928345, 0.5539674162864685, 0.1918000727891922, -0.8776914477348328, -0.439170241355896, 0.6762098670005798, -0.2061324119567871, 0.7072832584381104], "cam_t_m2c": [128.07948303222656, -237.80059814453125, 925.1697998046875], "obj_id": 1}, {"cam_R_m2c": [-0.12175735086202621, 0.9810078740119934, -0.15099237859249115, -0.6716629266738892, 0.03056914173066616, 0.7402259707450867, 0.7307831645011902, 0.19154392182826996, 0.6551846265792847], "cam_t_m2c": [-55.551815032958984, -12.996516227722168, 951.0855102539062], "obj_id": 1}, {"cam_R_m2c": [-0.3083883821964264, 0.48827770352363586, -0.8163830637931824, -0.09741469472646713, -0.8699102401733398, -0.4834938943386078, -0.9462593793869019, -0.06957623362541199, 0.3158358037471771], "cam_t_m2c": [-182.05288696289062, -32.388187408447266, 982.3914184570312], "obj_id": 1}, {"cam_R_m2c": [0.5604351162910461, -0.8208674788475037, -0.1099499762058258, -0.8269633054733276, -0.5473986864089966, -0.12839853763580322, 0.04521170258522034, 0.16288365423679352, -0.9856087565422058], "cam_t_m2c": [79.7315902709961, -297.4255676269531, 926.352294921875], "obj_id": 1}, {"cam_R_m2c": [-0.5179116725921631, 0.2364787608385086, -0.8220980763435364, 0.7953560948371887, -0.22067901492118835, -0.5645435452461243, -0.31492236256599426, -0.9462444186210632, -0.07379255443811417], "cam_t_m2c": [-67.18788146972656, -274.61431884765625, 1065.6240234375], "obj_id": 1}, {"cam_R_m2c": [0.1406908482313156, -0.9272549748420715, -0.34699302911758423, -0.9832320213317871, -0.08978770673274994, -0.15872222185134888, 0.11602025479078293, 0.36350545287132263, -0.9243391156196594], "cam_t_m2c": [-94.91704559326172, -10.158465385437012, 925.71533203125], "obj_id": 1}, {"cam_R_m2c": [-0.813395619392395, 0.560504674911499, 0.15563394129276276, 0.16290636360645294, -0.03735464811325073, 0.9859340786933899, 0.5584343075752258, 0.8273083567619324, -0.06092558428645134], "cam_t_m2c": [85.99851989746094, -166.00743103027344, 742.0276489257812], "obj_id": 1}, {"cam_R_m2c": [0.5488227009773254, 0.0886535495519638, -0.8312245011329651, 0.5661381483078003, -0.7710238099098206, 0.29156437516212463, -0.6150457262992859, -0.6306050419807434, -0.4733455181121826], "cam_t_m2c": [109.14755249023438, -353.93109130859375, 949.0514526367188], "obj_id": 1}, {"cam_R_m2c": [0.8536111116409302, 0.1684594303369522, -0.49291932582855225, 0.5108902454376221, -0.08603131026029587, 0.8553301095962524, 0.1016818955540657, -0.9819470047950745, -0.1595015525817871], "cam_t_m2c": [140.32293701171875, -328.6192626953125, 996.7052001953125], "obj_id": 1}, {"cam_R_m2c": [0.2126707136631012, 0.3645380735397339, -0.9065777659416199, -0.8490282893180847, -0.39030158519744873, -0.3561120331287384, -0.48365506529808044, 0.8454447388648987, 0.2264973670244217], "cam_t_m2c": [157.8074188232422, -283.4609680175781, 781.7101440429688], "obj_id": 1}, {"cam_R_m2c": [0.40003442764282227, 0.1633947193622589, 0.9018174409866333, -0.4261825978755951, 0.9042859077453613, 0.025207070633769035, -0.8113820552825928, -0.3944225609302521, 0.431381493806839], "cam_t_m2c": [130.11795043945312, -230.4199981689453, 923.357177734375], "obj_id": 1}, {"cam_R_m2c": [-0.5666635632514954, 0.7506183981895447, -0.33980095386505127, -0.35540634393692017, 0.14939303696155548, 0.9226961731910706, 0.7433565855026245, 0.6436255574226379, 0.18211883306503296], "cam_t_m2c": [97.19451141357422, -141.51388549804688, 996.377197265625], "obj_id": 1}, {"cam_R_m2c": [-0.4908047914505005, 0.5865519642829895, 0.6442571878433228, -0.8292123675346375, -0.5414332747459412, -0.13876864314079285, 0.2674272656440735, -0.6023343801498413, 0.7521142959594727], "cam_t_m2c": [61.14189910888672, 77.76271057128906, 940.0913696289062], "obj_id": 3}, {"cam_R_m2c": [0.6043215394020081, -0.6942428946495056, 0.39092496037483215, 0.5119303464889526, -0.037626963108778, -0.8582025170326233, 0.6105102896690369, 0.7187566161155701, 0.33266520500183105], "cam_t_m2c": [-54.00809097290039, -93.18199157714844, 1134.348876953125], "obj_id": 1}, {"cam_R_m2c": [0.041844408959150314, 0.9326505661010742, 0.3583459258079529, 0.8724486827850342, 0.14068064093589783, -0.46801942586898804, -0.48691093921661377, 0.3322224020957947, -0.8078030347824097], "cam_t_m2c": [28.93889045715332, -222.5309600830078, 716.3623657226562], "obj_id": 1}, {"cam_R_m2c": [0.4088223874568939, -0.5965713858604431, -0.6906278133392334, 0.0897446796298027, 0.7793703079223633, -0.6201030015945435, 0.9081905484199524, 0.19153180718421936, 0.37216314673423767], "cam_t_m2c": [-199.2535400390625, -72.03024291992188, 887.2822875976562], "obj_id": 1}, {"cam_R_m2c": [-0.751847505569458, -0.29251641035079956, 0.5908970832824707, 0.3304206430912018, 0.6083799004554749, 0.7215927839279175, -0.5705676078796387, 0.7377723455429077, -0.36075541377067566], "cam_t_m2c": [66.1407699584961, -234.68479919433594, 725.9078979492188], "obj_id": 1}, {"cam_R_m2c": [-0.9432334899902344, 0.013391612097620964, 0.331860214471817, -0.09238527715206146, -0.9703325629234314, -0.22342711687088013, 0.3190227448940277, -0.24140293896198273, 0.9164873957633972], "cam_t_m2c": [16.78154945373535, 35.73242950439453, 1022.2444458007812], "obj_id": 3}, {"cam_R_m2c": [-0.4233151376247406, -0.7668397426605225, -0.48245298862457275, 0.6287707686424255, -0.6320584416389465, 0.45293399691581726, -0.6522663831710815, -0.11161846667528152, 0.7497265338897705], "cam_t_m2c": [-76.85468292236328, -135.2218017578125, 796.997802734375], "obj_id": 1}, {"cam_R_m2c": [0.44607070088386536, 0.6202636957168579, 0.6452084183692932, 0.6402113437652588, 0.28262898325920105, -0.7143180966377258, -0.6254202127456665, 0.7317060828208923, -0.2710273563861847], "cam_t_m2c": [-262.8687744140625, -165.38858032226562, 909.3309326171875], "obj_id": 1}, {"cam_R_m2c": [0.6327367424964905, -0.4703463017940521, -0.6151573657989502, 0.7023449540138245, 0.683135449886322, 0.2000938057899475, 0.3261224329471588, -0.5586593747138977, 0.762590229511261], "cam_t_m2c": [142.59169006347656, 23.270008087158203, 1042.446044921875], "obj_id": 1}, {"cam_R_m2c": [-0.10214491933584213, 0.9854363203048706, -0.13594718277454376, 0.9483907222747803, 0.13771100342273712, 0.2856408655643463, 0.30020231008529663, -0.09975427389144897, -0.9486451148986816], "cam_t_m2c": [-35.84956741333008, -328.5181884765625, 1107.270751953125], "obj_id": 3}, {"cam_R_m2c": [0.4756479561328888, -0.7468788027763367, 0.46468374133110046, 0.5474880933761597, 0.664838969707489, 0.5081790685653687, -0.6884880065917969, 0.0126945236697793, 0.7251365780830383], "cam_t_m2c": [-73.33929443359375, -310.31744384765625, 899.239013671875], "obj_id": 1}, {"cam_R_m2c": [-0.3031946122646332, 0.6544623970985413, 0.6926410794258118, 0.41171836853027344, -0.5655443072319031, 0.7145958542823792, 0.8593955636024475, 0.5018348097801208, -0.09798397123813629], "cam_t_m2c": [211.01148986816406, -36.324039459228516, 1115.5772705078125], "obj_id": 1}, {"cam_R_m2c": [-0.6185248494148254, -0.6360063552856445, 0.46143534779548645, -0.02480950579047203, -0.571143388748169, -0.8204751014709473, 0.7853732705116272, -0.5189323425292969, 0.3374876379966736], "cam_t_m2c": [29.18915367126465, -81.60189819335938, 1082.422607421875], "obj_id": 3}, {"cam_R_m2c": [-0.20711958408355713, 0.7067578434944153, 0.6764575242996216, 0.053290192037820816, 0.6985750794410706, -0.7135495543479919, -0.9768631458282471, -0.1117415651679039, -0.18235182762145996], "cam_t_m2c": [-31.43680191040039, -218.8728790283203, 719.2816772460938], "obj_id": 1}, {"cam_R_m2c": [-0.7368614673614502, -0.2810884118080139, 0.6148366928100586, 0.41214779019355774, 0.5341261625289917, 0.738135039806366, -0.5358815789222717, 0.797307014465332, -0.2777269184589386], "cam_t_m2c": [-107.61811828613281, -227.0773468017578, 821.1637573242188], "obj_id": 3}, {"cam_R_m2c": [-0.5217364430427551, 0.2112877070903778, -0.8265278935432434, 0.6961171627044678, 0.6655101776123047, -0.2692899703979492, 0.4931650161743164, -0.7158586978912354, -0.4943018853664398], "cam_t_m2c": [1.3238158226013184, 61.90044403076172, 915.9638671875], "obj_id": 3}, {"cam_R_m2c": [0.23204776644706726, 0.3955933153629303, 0.8886280059814453, 0.5913771390914917, 0.6679561734199524, -0.4517826735973358, -0.7722867727279663, 0.6303494572639465, -0.07894709706306458], "cam_t_m2c": [12.678515434265137, -96.8943862915039, 949.9180297851562], "obj_id": 3}, {"cam_R_m2c": [0.7659106254577637, 0.35364317893981934, 0.5369519591331482, 0.3500772714614868, -0.929871141910553, 0.11307287961244583, 0.5392836332321167, 0.10137096792459488, -0.8360006213188171], "cam_t_m2c": [62.670745849609375, 77.22833251953125, 931.2192993164062], "obj_id": 3}, {"cam_R_m2c": [-0.2043779492378235, -0.5483019948005676, 0.8109220266342163, 0.6945019960403442, -0.6650213003158569, -0.2746152877807617, 0.6898525953292847, 0.5070617198944092, 0.5167125463485718], "cam_t_m2c": [127.11662292480469, -201.4014892578125, 914.42333984375], "obj_id": 1}, {"cam_R_m2c": [0.6349405646324158, -0.5968053340911865, -0.49058523774147034, 0.5551349520683289, -0.0891742929816246, 0.8269661664962769, -0.5372854471206665, -0.7974153757095337, 0.27468714118003845], "cam_t_m2c": [97.01013946533203, -63.90839767456055, 1140.8048095703125], "obj_id": 3}, {"cam_R_m2c": [-0.3737049102783203, -0.5315763354301453, 0.760112464427948, 0.6477084159851074, -0.7361460328102112, -0.19637352228164673, 0.6639413833618164, 0.4189455211162567, 0.6194080710411072], "cam_t_m2c": [-124.427490234375, -157.91554260253906, 1001.3785400390625], "obj_id": 3}, {"cam_R_m2c": [0.02975580096244812, 0.9924941062927246, -0.11861678212881088, 0.9759862422943115, -0.05446764826774597, -0.2109120935201645, -0.2157898098230362, -0.10949251800775528, -0.9702813029289246], "cam_t_m2c": [125.57750701904297, -156.39947509765625, 1072.373779296875], "obj_id": 3}, {"cam_R_m2c": [0.7771462798118591, -0.5858422517776489, 0.22985322773456573, 0.6267682909965515, 0.6876646876335144, -0.36644071340560913, 0.05661449953913689, 0.4288427531719208, 0.9016034007072449], "cam_t_m2c": [96.52200317382812, -195.57913208007812, 780.9149169921875], "obj_id": 1}, {"cam_R_m2c": [-0.20774929225444794, -0.681989312171936, 0.7012351155281067, 0.9449635148048401, 0.045309681445360184, 0.32402288913726807, -0.2527528703212738, 0.7299572229385376, 0.6350420713424683], "cam_t_m2c": [241.93988037109375, -280.8081359863281, 917.8009643554688], "obj_id": 3}, {"cam_R_m2c": [-0.7629867196083069, 0.37772881984710693, -0.5245684385299683, -0.19921158254146576, 0.6346068382263184, 0.74671870470047, 0.6149519085884094, 0.6742366552352905, -0.4089486300945282], "cam_t_m2c": [-4.503769874572754, -21.844728469848633, 908.025146484375], "obj_id": 3}, {"cam_R_m2c": [3.597887553041801e-05, -0.8943449854850769, 0.44737786054611206, 0.15224485099315643, -0.44215771555900574, -0.8839218616485596, 0.9883427619934082, 0.06814271211624146, 0.13614360988140106], "cam_t_m2c": [-95.39959716796875, -213.68136596679688, 981.6531372070312], "obj_id": 1}, {"cam_R_m2c": [-0.938560962677002, 0.08157375454902649, 0.33533406257629395, 0.331933856010437, -0.052584078162908554, 0.9418358206748962, 0.0944623351097107, 0.9952791333198547, 0.022276340052485466], "cam_t_m2c": [183.45375061035156, -177.25367736816406, 977.5057373046875], "obj_id": 1}, {"cam_R_m2c": [-0.3091695010662079, -0.9038334488868713, -0.2958027720451355, -0.4560021758079529, 0.4138445556163788, -0.7879052758216858, 0.8345515131950378, -0.10870957374572754, -0.5400981307029724], "cam_t_m2c": [190.94015502929688, -248.1717987060547, 834.7722778320312], "obj_id": 1}, {"cam_R_m2c": [0.2695055305957794, 0.7410823702812195, 0.6149501800537109, 0.9620453715324402, -0.2356044054031372, -0.13769300282001495, 0.04284309968352318, 0.6287189722061157, -0.7764515280723572], "cam_t_m2c": [-192.9833984375, -4.510564804077148, 1026.8011474609375], "obj_id": 1}, {"cam_R_m2c": [0.0033560404554009438, 0.9878374338150024, -0.1554538756608963, 0.9856327176094055, 0.022984078153967857, 0.16733163595199585, 0.16886942088603973, -0.15378199517726898, -0.97356778383255], "cam_t_m2c": [242.0068817138672, -325.0960998535156, 876.326416015625], "obj_id": 1}, {"cam_R_m2c": [0.3202246129512787, -0.7896015644073486, 0.5234363079071045, -0.9213816523551941, -0.38805294036865234, -0.021699076518416405, 0.22025460004806519, -0.4753359854221344, -0.8517885208129883], "cam_t_m2c": [-35.15834045410156, 9.349061012268066, 944.9315185546875], "obj_id": 3}, {"cam_R_m2c": [0.6586251258850098, -0.2531515657901764, 0.7086093425750732, 0.7488999962806702, 0.3121669292449951, -0.5845516324043274, -0.07322424650192261, 0.9156779050827026, 0.3951862156391144], "cam_t_m2c": [43.0380859375, -63.31257629394531, 840.0782470703125], "obj_id": 3}, {"cam_R_m2c": [0.32179397344589233, 0.8342126607894897, -0.4478144943714142, 0.9411932229995728, -0.33328384160995483, 0.05547074228525162, -0.10297498106956482, -0.43933016061782837, -0.8924040198326111], "cam_t_m2c": [-82.57818603515625, -207.53079223632812, 896.20361328125], "obj_id": 3}, {"cam_R_m2c": [0.5768341422080994, -0.005855736322700977, -0.8168402910232544, -0.3214583694934845, 0.9176614284515381, -0.23358510434627533, 0.7509506344795227, 0.3973200023174286, 0.5274560451507568], "cam_t_m2c": [-188.4804229736328, -132.37828063964844, 845.2759399414062], "obj_id": 1}, {"cam_R_m2c": [-0.5135725736618042, 0.7059122920036316, -0.48778146505355835, 0.10460582375526428, -0.5127294659614563, -0.8521536588668823, -0.851645827293396, -0.48866763710975647, 0.1894814372062683], "cam_t_m2c": [76.57430267333984, -122.60639953613281, 959.9381713867188], "obj_id": 3}, {"cam_R_m2c": [-0.4849911630153656, 0.3274903893470764, 0.8108845353126526, -0.6283649802207947, -0.7753902077674866, -0.06267059594392776, 0.6082278490066528, -0.5399261116981506, 0.5818407535552979], "cam_t_m2c": [-127.02347564697266, -257.51983642578125, 941.532470703125], "obj_id": 1}, {"cam_R_m2c": [-0.2437392771244049, -0.7473481297492981, 0.6181114912033081, 0.42825883626937866, 0.4888921082019806, 0.7599860429763794, -0.8701640367507935, 0.4499502182006836, 0.2008962780237198], "cam_t_m2c": [-87.9081802368164, -307.4137268066406, 855.6962280273438], "obj_id": 1}, {"cam_R_m2c": [0.1748887002468109, -0.21944664418697357, 0.959821343421936, 0.030182186514139175, 0.9755822420120239, 0.2175506204366684, -0.9841254353523254, -0.009077622555196285, 0.17724169790744781], "cam_t_m2c": [20.289710998535156, -153.36349487304688, 1050.9818115234375], "obj_id": 3}, {"cam_R_m2c": [0.11431474983692169, 0.843407154083252, -0.5249727964401245, -0.11696374416351318, -0.5133353471755981, -0.8501800894737244, -0.9865351319313049, 0.1585908830165863, 0.03996631130576134], "cam_t_m2c": [105.6292953491211, 89.61994934082031, 877.740234375], "obj_id": 3}, {"cam_R_m2c": [-0.4377974271774292, -0.816207766532898, -0.37701189517974854, -0.5804020762443542, 0.5768247842788696, -0.5748099684715271, 0.6866342425346375, -0.03283188119530678, -0.7262610793113708], "cam_t_m2c": [231.58865356445312, -5.807349681854248, 1071.2891845703125], "obj_id": 3}, {"cam_R_m2c": [0.7159513235092163, -0.5290444493293762, -0.45554980635643005, 0.686285138130188, 0.4135267436504364, 0.5983379483222961, -0.1281653493642807, -0.7410179376602173, 0.659140408039093], "cam_t_m2c": [-72.4286880493164, -354.366455078125, 939.6752319335938], "obj_id": 1}, {"cam_R_m2c": [-0.3732384145259857, -0.4173319935798645, -0.828569233417511, -0.7813599705696106, 0.6229086518287659, 0.03822722285985947, 0.5001695156097412, 0.6616787314414978, -0.5585799813270569], "cam_t_m2c": [82.64315795898438, -107.3017807006836, 1142.88134765625], "obj_id": 1}, {"cam_R_m2c": [-0.03694145381450653, 0.8982608318328857, -0.4379071593284607, -0.39963650703430176, -0.41491925716400146, -0.8173937201499939, -0.9159289598464966, 0.14480793476104736, 0.3743056356906891], "cam_t_m2c": [93.57821655273438, -117.35308074951172, 1163.962158203125], "obj_id": 3}, {"cam_R_m2c": [-0.6831571459770203, -0.5940294861793518, 0.4247647523880005, 0.0890587791800499, -0.6450816988945007, -0.7589057683944702, 0.7248204350471497, -0.48062294721603394, 0.49359583854675293], "cam_t_m2c": [56.88374710083008, -57.23982238769531, 907.2734985351562], "obj_id": 3}, {"cam_R_m2c": [-0.597812294960022, 0.35045725107192993, 0.720971405506134, 0.5906627178192139, -0.4154872000217438, 0.6917279362678528, 0.5419756174087524, 0.8393746018409729, 0.0413816012442112], "cam_t_m2c": [-232.63705444335938, 43.34825897216797, 994.2286987304688], "obj_id": 3}, {"cam_R_m2c": [0.8921961188316345, 0.28955501317977905, -0.3466179072856903, 0.4383367598056793, -0.7400851249694824, 0.5100342631340027, -0.10884377360343933, -0.6069859862327576, -0.7872236967086792], "cam_t_m2c": [-35.81761932373047, 75.33758544921875, 943.7354736328125], "obj_id": 3}, {"cam_R_m2c": [0.8074555993080139, 0.5004971027374268, -0.3122788667678833, -0.4828982949256897, 0.8648221492767334, 0.1374477744102478, 0.33885788917541504, 0.03981596976518631, 0.9399946928024292], "cam_t_m2c": [-83.54583740234375, -325.06036376953125, 1034.55615234375], "obj_id": 3}, {"cam_R_m2c": [-0.8308006525039673, 0.33133360743522644, -0.4472005069255829, -0.5538783669471741, -0.5711221098899841, 0.605836808681488, -0.0546719990670681, 0.7510243058204651, 0.6580072045326233], "cam_t_m2c": [-81.35009765625, -106.31953430175781, 982.7740478515625], "obj_id": 3}, {"cam_R_m2c": [-0.7534045577049255, 0.6306593418121338, -0.1861458122730255, 0.3479468524456024, 0.14214985072612762, -0.9266749024391174, -0.5579555630683899, -0.7629299759864807, -0.326532244682312], "cam_t_m2c": [-47.032474517822266, -349.14715576171875, 890.4794921875], "obj_id": 3}, {"cam_R_m2c": [0.6092506051063538, -0.607862114906311, 0.5092321038246155, 0.5579795241355896, 0.7849187254905701, 0.26937225461006165, -0.5634469985961914, 0.1200258880853653, 0.8173868060112], "cam_t_m2c": [-66.35140991210938, -83.20480346679688, 1144.3123779296875], "obj_id": 1}, {"cam_R_m2c": [-0.9333415627479553, 0.27431148290634155, 0.23157478868961334, -0.3560360372066498, -0.6247373819351196, -0.6949400305747986, -0.04595662280917168, -0.7310653328895569, 0.680757999420166], "cam_t_m2c": [29.04553985595703, -390.8949279785156, 1015.83837890625], "obj_id": 3}, {"cam_R_m2c": [-0.40846729278564453, 0.7537267208099365, -0.5148305296897888, -0.36217039823532104, 0.38389840722084045, 0.8493848443031311, 0.8378466963768005, 0.5334023237228394, 0.11616755276918411], "cam_t_m2c": [-91.6454086303711, -166.0144805908203, 943.1768188476562], "obj_id": 1}, {"cam_R_m2c": [-0.35174164175987244, 0.6215012073516846, 0.7000100016593933, -0.9335808157920837, -0.178110733628273, -0.31097161769866943, -0.06858991086483002, -0.7628976106643677, 0.6428706049919128], "cam_t_m2c": [-47.74760055541992, 57.68402099609375, 932.7222900390625], "obj_id": 3}, {"cam_R_m2c": [0.8406973481178284, -0.5234485268592834, -0.1386708766222, -0.29839739203453064, -0.6615145802497864, 0.6880097985267639, -0.45187050104141235, -0.537028968334198, -0.7123292088508606], "cam_t_m2c": [-38.16424560546875, -185.93971252441406, 762.3833618164062], "obj_id": 3}, {"cam_R_m2c": [-0.7376838326454163, 0.27320703864097595, 0.6173980236053467, 0.6513980627059937, 0.04760753735899925, 0.7572410702705383, 0.17749084532260895, 0.9607763886451721, -0.21308575570583344], "cam_t_m2c": [-25.147634506225586, -224.7851104736328, 781.5233764648438], "obj_id": 1}, {"cam_R_m2c": [-0.5351898074150085, -0.21716256439685822, -0.8163407444953918, 0.5481194257736206, -0.8246025443077087, -0.1399846076965332, -0.6427572965621948, -0.5223705768585205, 0.5603499412536621], "cam_t_m2c": [186.99671