{
  "0": [{"cam_R_m2c": [-0.8155290484428406, 0.09247545897960663, -0.5712797045707703, 0.3794035017490387, -0.6599743366241455, -0.6484494805335999, -0.43699562549591064, -0.7455750107765198, 0.5031428337097168], "cam_t_m2c": [-213.57191467285156, 85.2205810546875, 991.8496704101562], "obj_id": 1}, {"cam_R_m2c": [-0.8126794099807739, 0.33968934416770935, 0.47345882654190063, 0.380952924489975, 0.9245463013648987, -0.009432557038962841, -0.4409387707710266, 0.17269988358020782, -0.8807653784751892], "cam_t_m2c": [-260.71429443359375, -18.735027313232422, 1138.1005859375], "obj_id": 2}, {"cam_R_m2c": [-0.8756548166275024, -0.3922368586063385, -0.2817421853542328, -0.08875317871570587, 0.7041589617729187, -0.7044735550880432, 0.4747117757797241, -0.5918702483177185, -0.6514124274253845], "cam_t_m2c": [-176.25802612304688, 95.80531311035156, 932.4434204101562], "obj_id": 4}, {"cam_R_m2c": [-0.3097817897796631, -0.9219167232513428, 0.2326039969921112, -0.8236871957778931, 0.3824121356010437, 0.4186888039112091, -0.4749467968940735, -0.06189073622226715, -0.8778352737426758], "cam_t_m2c": [102.3355941772461, -105.5265884399414, 1148.3660888671875], "obj_id": 1}, {"cam_R_m2c": [0.0225828904658556, 0.5536423325538635, 0.8324482440948486, -0.7215472459793091, 0.5853714346885681, -0.36974287033081055, -0.6919967532157898, -0.5923008918762207, 0.41269853711128235], "cam_t_m2c": [-48.729801177978516, -1.6250368356704712, 1132.5401611328125], "obj_id": 4}, {"cam_R_m2c": [0.19431950151920319, -0.8338728547096252, -0.5166198015213013, -0.9786672592163086, -0.1289874017238617, -0.15991464257240295, 0.06671103090047836, 0.5366734266281128, -0.8411487936973572], "cam_t_m2c": [-37.79499816894531, -200.9881591796875, 1325.9410400390625], "obj_id": 2}, {"cam_R_m2c": [0.1970876157283783, -0.4005480408668518, -0.8948282599449158, -0.9291179180145264, -0.36760351061820984, -0.0400911308825016, -0.3128836750984192, 0.8393025398254395, -0.44460639357566833], "cam_t_m2c": [-163.57937622070312, -184.06288146972656, 1356.5311279296875], "obj_id": 3}, {"cam_R_m2c": [-0.09337028115987778, -0.3399982154369354, -0.9357794523239136, 0.47659337520599365, -0.8404699563980103, 0.2578156888484955, -0.8741514086723328, -0.4219139814376831, 0.24051587283611298], "cam_t_m2c": [29.122289657592773, -149.73130798339844, 1338.8109130859375], "obj_id": 1}, {"cam_R_m2c": [0.23676955699920654, -0.9512022733688354, 0.19787463545799255, -0.9519592523574829, -0.1864195168018341, 0.2429431676864624, -0.19420039653778076, -0.24589014053344727, -0.9496442675590515], "cam_t_m2c": [287.5830993652344, 102.1233139038086, 822.7415161132812], "obj_id": 2}, {"cam_R_m2c": [0.3964878022670746, 0.911677896976471, -0.10789280384778976, 0.8247734308242798, -0.3021259903907776, 0.47798392176628113, 0.4031701683998108, -0.2785019278526306, -0.8717169761657715], "cam_t_m2c": [17.58609962463379, 44.81853103637695, 884.9382934570312], "obj_id": 3}, {"cam_R_m2c": [-0.19650614261627197, -0.07681255042552948, -0.977489173412323, -0.9700731039047241, -0.1297890841960907, 0.20521432161331177, -0.14263048768043518, 0.9885618686676025, -0.04900940880179405], "cam_t_m2c": [-705.2411499023438, -28.158050537109375, 1412.3345947265625], "obj_id": 4}],
  "1": [{"cam_R_m2c": [0.33154621720314026, -0.2457813024520874, 0.9108614325523376, -0.2758373022079468, -0.9485354423522949, -0.15554450452327728, 0.9022144079208374, -0.1996794044971466, -0.3822789192199707], "cam_t_m2c": [525.8967895507812, 410.1852111816406, 631.84716796875], "obj_id": 1}, {"cam_R_m2c": [0.32680052518844604, -0.47036734223365784, -0.8197292685508728, -0.27718430757522583, 0.7815078496932983, -0.5589404106140137, 0.9035321474075317, 0.40987810492515564, 0.12501874566078186], "cam_t_m2c": [668.3443603515625, 444.45599365234375, 518.0371704101562], "obj_id": 2}, {"cam_R_m2c": [0.9749501347541809, -0.1879962980747223, 0.11886793375015259, 0.10258195549249649, -0.09413934499025345, -0.9902598857879639, 0.19735534489154816, 0.9776477217674255, -0.07249613851308823], "cam_t_m2c": [462.8349914550781, 380.6838684082031, 645.4978637695312], "obj_id": 4}, {"cam_R_m2c": [0.26540037989616394, 0.6034775376319885, -0.7519157528877258, -0.9385184049606323, -0.016884367913007736, -0.34481579065322876, -0.22078432142734528, 0.7972010374069214, 0.5618938207626343], "cam_t_m2c": [404.37957763671875, 480.2308044433594, 256.3385925292969], "obj_id": 1}, {"cam_R_m2c": [-0.14368091523647308, -0.9217046499252319, -0.36030036211013794, -0.9624937772750854, 0.04548616707324982, 0.26746347546577454, -0.23013365268707275, 0.38521623611450195, -0.8936704993247986], "cam_t_m2c": [487.9611511230469, 498.86358642578125, 419.2302551269531], "obj_id": 4}, {"cam_R_m2c": [0.171251580119133, 0.9839121103286743, 0.05089019611477852, -0.5150109529495239, 0.13343361020088196, -0.846734344959259, -0.8399026989936829, 0.11879554390907288, 0.529576301574707], "cam_t_m2c": [635.45703125, 522.2391967773438, 184.7783203125], "obj_id": 2}, {"cam_R_m2c": [-0.034524813294410706, 0.8539349436759949, 0.5192331075668335, -0.7680545449256897, 0.3097507059574127, -0.5604879260063171, -0.6394530534744263, -0.4181501269340515, 0.6451745629310608], "cam_t_m2c": [747.849365234375, 527.2577514648438, 251.0105438232422], "obj_id": 3}, {"cam_R_m2c": [-0.5024402141571045, 0.3213987946510315, 0.8026559948921204, -0.37972700595855713, -0.9160456657409668, 0.12910370528697968, 0.7767633199691772, -0.23992325365543365, 0.5823019742965698], "cam_t_m2c": [571.9008178710938, 578.9076538085938, 180.292724609375], "obj_id": 1}, {"cam_R_m2c": [-0.0009472400997765362, 0.7080715894699097, -0.706139862537384, -0.6843434572219849, -0.5153477191925049, -0.5158395171165466, -0.7291590571403503, 0.48275357484817505, 0.48505255579948425], "cam_t_m2c": [29.117225646972656, 407.26824951171875, 449.5252380371094], "obj_id": 2}, {"cam_R_m2c": [-0.371910035610199, -0.7885056734085083, -0.4898383617401123, 0.9050028324127197, -0.19059334695339203, -0.38032081723213196, 0.20652517676353455, -0.5847502946853638, 0.7844835519790649], "cam_t_m2c": [296.9856872558594, 357.18218994140625, 525.6077880859375], "obj_id": 3}, {"cam_R_m2c": [0.3826046288013458, 0.5927420854568481, 0.7087104320526123, -0.7549257874488831, 0.6427860260009766, -0.13005061447620392, -0.5326356291770935, -0.485265851020813, 0.6934092044830322], "cam_t_m2c": [1169.00634765625, 543.6204223632812, 629.3978881835938], "obj_id": 4}],
  "2": [{"cam_R_m2c": [0.33154621720314026, -0.2457813024520874, 0.9108614325523376, -0.2758373022079468, -0.9485354423522949, -0.15554450452327728, 0.9022144079208374, -0.1996794044971466, -0.3822789192199707], "cam_t_m2c": [525.8967895507812, 410.1852111816406, 631.84716796875], "obj_id": 1}, {"cam_R_m2c": [0.32680052518844604, -0.47036734223365784, -0.8197292685508728, -0.27718430757522583, 0.7815078496932983, -0.5589404106140137, 0.9035321474075317, 0.40987810492515564, 0.12501874566078186], "cam_t_m2c": [668.3443603515625, 444.45599365234375, 518.0371704101562], "obj_id": 2}, {"cam_R_m2c": [0.9749501347541809, -0.1879962980747223, 0.11886793375015259, 0.10258195549249649, -0.09413934499025345, -0.9902598857879639, 0.19735534489154816, 0.9776477217674255, -0.07249613851308823], "cam_t_m2c": [462.8349914550781, 380.6838684082031, 645.4978637695312], "obj_id": 4}, {"cam_R_m2c": [0.26540037989616394, 0.6034775376319885, -0.7519157528877258, -0.9385184049606323, -0.016884367913007736, -0.34481579065322876, -0.22078432142734528, 0.7972010374069214, 0.5618938207626343], "cam_t_m2c": [404.37957763671875, 480.2308044433594, 256.3385925292969], "obj_id": 1}, {"cam_R_m2c": [-0.14368091523647308, -0.9217046499252319, -0.36030036211013794, -0.9624937772750854, 0.04548616707324982, 0.26746347546577454, -0.23013365268707275, 0.38521623611450195, -0.8936704993247986], "cam_t_m2c": [487.9611511230469, 498.86358642578125, 419.2302551269531], "obj_id": 4}, {"cam_R_m2c": [0.171251580119133, 0.9839121103286743, 0.05089019611477852, -0.5150109529495239, 0.13343361020088196, -0.846734344959259, -0.8399026989936829, 0.11879554390907288, 0.529576301574707], "cam_t_m2c": [635.45703125, 522.2391967773438, 184.7783203125], "obj_id": 2}, {"cam_R_m2c": [-0.034524813294410706, 0.8539349436759949, 0.5192331075668335, -0.7680545449256897, 0.3097507059574127, -0.5604879260063171, -0.6394530534744263, -0.4181501269340515, 0.6451745629310608], "cam_t_m2c": [747.849365234375, 527.2577514648438, 251.0105438232422], "obj_id": 3}, {"cam_R_m2c": [-0.5024402141571045, 0.3213987946510315, 0.8026559948921204, -0.37972700595855713, -0.9160456657409668, 0.12910370528697968, 0.7767633199691772, -0.23992325365543365, 0.5823019742965698], "cam_t_m2c": [571.9008178710938, 578.9076538085938, 180.292724609375], "obj_id": 1}, {"cam_R_m2c": [-0.0009472400997765362, 0.7080715894699097, -0.706139862537384, -0.6843434572219849, -0.5153477191925049, -0.5158395171165466, -0.7291590571403503, 0.48275357484817505, 0.48505255579948425], "cam_t_m2c": [29.117225646972656, 407.26824951171875, 449.5252380371094], "obj_id": 2}, {"cam_R_m2c": [-0.371910035610199, -0.7885056734085083, -0.4898383617401123, 0.9050028324127197, -0.19059334695339203, -0.38032081723213196, 0.20652517676353455, -0.5847502946853638, 0.7844835519790649], "cam_t_m2c": [296.9856872558594, 357.18218994140625, 525.6077880859375], "obj_id": 3}, {"cam_R_m2c": [0.3826046288013458, 0.5927420854568481, 0.7087104320526123, -0.7549257874488831, 0.6427860260009766, -0.13005061447620392, -0.5326356291770935, -0.485265851020813, 0.6934092044830322], "cam_t_m2c": [1169.00634765625, 543.6204223632812, 629.3978881835938], "obj_id": 4}],
  "3": [{"cam_R_m2c": [-0.9706944227218628, -0.14899811148643494, 0.1885514110326767, -0.1150100827217102, -0.4008846580982208, -0.9088805913925171, 0.21100889146327972, -0.9039307832717896, 0.37200042605400085], "cam_t_m2c": [-97.57536315917969, -226.28756713867188, 1265.4044189453125], "obj_id": 1}, {"cam_R_m2c": [-0.9718773365020752, -0.026157647371292114, -0.2340303212404251, -0.11168672889471054, 0.9261273741722107, 0.3602972626686096, 0.20731736719608307, 0.3763028383255005, -0.9030036926269531], "cam_t_m2c": [3.7654736042022705, -353.4913024902344, 1354.666748046875], "obj_id": 2}, {"cam_R_m2c": [-0.25285884737968445, -0.9119993448257446, -0.3229852020740509, -0.627587080001831, 0.40868332982063293, -0.6626555323600769, 0.7363401055335999, 0.03514299541711807, -0.6756982207298279], "cam_t_m2c": [-114.15613555908203, -189.7952423095703, 1206.865234375], "obj_id": 4}, {"cam_R_m2c": [-0.18381866812705994, -0.806797444820404, -0.5615055561065674, -0.7944884896278381, -0.2144128531217575, 0.5681682229042053, -0.5787907242774963, 0.5505496859550476, -0.6015781760215759], "cam_t_m2c": [287.5678405761719, -215.831298828125, 1154.79345703125], "obj_id": 1}, {"cam_R_m2c": [-0.13792365789413452, -0.23181305825710297, 0.9629328846931458, -0.4968261420726776, 0.8572525978088379, 0.1352100819349289, -0.8568201661109924, -0.4597615599632263, -0.233406201004982], "cam_t_m2c": [135.60903930664062, -216.93382263183594, 1258.5916748046875], "obj_id": 4}, {"cam_R_m2c": [0.5561071038246155, -0.170033797621727, -0.8135314583778381, -0.6883126497268677, -0.642825722694397, -0.3361559212207794, -0.46580106019973755, 0.7469026446342468, -0.4745163321495056], "cam_t_m2c": [343.0012512207031, -393.09625244140625, 1315.3758544921875], "obj_id": 2}, {"cam_R_m2c": [0.2993275821208954, 0.40464234352111816, -0.8640993237495422, -0.6055161952972412, -0.6193335056304932, -0.4997761845588684, -0.737396240234375, 0.672822892665863, 0.05963384732604027], "cam_t_m2c": [271.3465576171875, -455.1351013183594, 1405.1573486328125], "obj_id": 3}, {"cam_R_m2c": [-0.8003420233726501, -0.16406704485416412, -0.5766580700874329, 0.42694616317749023, -0.8312259316444397, -0.35606226325035095, -0.4209150969982147, -0.531173586845398, 0.7353129386901855], "cam_t_m2c": [375.8510437011719, -314.41375732421875, 1316.2589111328125], "obj_id": 1}, {"cam_R_m2c": [0.40966659784317017, -0.719264566898346, -0.5610986948013306, -0.6140049695968628, -0.672305703163147, 0.4135250747203827, -0.674663782119751, 0.17510995268821716, -0.7170531749725342], "cam_t_m2c": [125.0739517211914, 94.33634948730469, 908.0988159179688], "obj_id": 2}, {"cam_R_m2c": [0.1962675303220749, 0.5539491772651672, -0.809085488319397, 0.8530691266059875, 0.31038472056388855, 0.41944530606269836, 0.4834791421890259, -0.7725293636322021, -0.411638468503952], "cam_t_m2c": [5.808319568634033, -114.32832336425781, 1057.3819580078125], "obj_id": 3}, {"cam_R_m2c": [0.158914253115654, 0.6223697662353516, -0.7664216160774231, -0.8838038444519043, -0.2563195526599884, -0.39139628410339355, -0.44004204869270325, 0.739564836025238, 0.5093200206756592], "cam_t_m2c": [-117.62425994873047, -646.8087158203125, 1769.54833984375], "obj_id": 4}],
  "4": [{"cam_R_m2c": [-0.9706944227218628, -0.14899811148643494, 0.1885514110326767, -0.1150100827217102, -0.4008846580982208, -0.9088805913925171, 0.21100889146327972, -0.9039307832717896, 0.37200042605400085], "cam_t_m2c": [-97.57536315917969, -226.28756713867188, 1265.4044189453125], "obj_id": 1}, {"cam_R_m2c": [-0.9718773365020752, -0.026157647371292114, -0.2340303212404251, -0.11168672889471054, 0.9261273741722107, 0.3602972626686096, 0.20731736719608307, 0.3763028383255005, -0.9030036926269531], "cam_t_m2c": [3.7654736042022705, -353.4913024902344, 1354.666748046875], "obj_id": 2}, {"cam_R_m2c": [-0.25285884737968445, -0.9119993448257446, -0.3229852020740509, -0.627587080001831, 0.40868332982063293, -0.6626555323600769, 0.7363401055335999, 0.03514299541711807, -0.6756982207298279], "cam_t_m2c": [-114.15613555908203, -189.7952423095703, 1206.865234375], "obj_id": 4}, {"cam_R_m2c": [-0.18381866812705994, -0.806797444820404, -0.5615055561065674, -0.7944884896278381, -0.2144128531217575, 0.5681682229042053, -0.5787907242774963, 0.5505496859550476, -0.6015781760215759], "cam_t_m2c": [287.5678405761719, -215.831298828125, 1154.79345703125], "obj_id": 1}, {"cam_R_m2c": [-0.13792365789413452, -0.23181305825710297, 0.9629328846931458, -0.4968261420726776, 0.8572525978088379, 0.1352100819349289, -0.8568201661109924, -0.4597615599632263, -0.233406201004982], "cam_t_m2c": [135.60903930664062, -216.93382263183594, 1258.5916748046875], "obj_id": 4}, {"cam_R_m2c": [0.5561071038246155, -0.170033797621727, -0.8135314583778381, -0.6883126497268677, -0.642825722694397, -0.3361559212207794, -0.46580106019973755, 0.7469026446342468, -0.4745163321495056], "cam_t_m2c": [343.0012512207031, -393.09625244140625, 1315.3758544921875], "obj_id": 2}, {"cam_R_m2c": [0.2993275821208954, 0.40464234352111816, -0.8640993237495422, -0.6055161952972412, -0.6193335056304932, -0.4997761845588684, -0.737396240234375, 0.672822892665863, 0.05963384732604027], "cam_t_m2c": [271.3465576171875, -455.1351013183594, 1405.1573486328125], "obj_id": 3}, {"cam_R_m2c": [-0.8003420233726501, -0.16406704485416412, -0.5766580700874329, 0.42694616317749023, -0.8312259316444397, -0.35606226325035095, -0.4209150969982147, -0.531173586845398, 0.7353129386901855], "cam_t_m2c": [375.8510437011719, -314.41375732421875, 1316.2589111328125], "obj_id": 1}, {"cam_R_m2c": [0.40966659784317017, -0.719264566898346, -0.5610986948013306, -0.6140049695968628, -0.672305703163147, 0.4135250747203827, -0.674663782119751, 0.17510995268821716, -0.7170531749725342], "cam_t_m2c": [125.0739517211914, 94.33634948730469, 908.0988159179688], "obj_id": 2}, {"cam_R_m2c": [0.1962675303220749, 0.5539491772651672, -0.809085488319397, 0.8530691266059875, 0.31038472056388855, 0.41944530606269836, 0.4834791421890259, -0.7725293636322021, -0.411638468503952], "cam_t_m2c": [5.808319568634033, -114.32832336425781, 1057.3819580078125], "obj_id": 3}, {"cam_R_m2c": [0.158914253115654, 0.6223697662353516, -0.7664216160774231, -0.8838038444519043, -0.2563195526599884, -0.39139628410339355, -0.44004204869270325, 0.739564836025238, 0.5093200206756592], "cam_t_m2c": [-117.62425994873047, -646.8087158203125, 1769.54833984375], "obj_id": 4}],
  "5": [{"cam_R_m2c": [0.7155661582946777, -0.38667580485343933, 0.58176189661026, -0.3994601368904114, -0.9097194671630859, -0.11332197487354279, 0.5730590224266052, -0.1513013243675232, -0.8054260015487671], "cam_t_m2c": [799.7202758789062, 254.61929321289062, 537.29833984375], "obj_id": 1}, {"cam_R_m2c": [0.7120277285575867, -0.13877098262310028, -0.6883015632629395, -0.40091565251350403, 0.7244192361831665, -0.5607882142066956, 0.5764400362968445, 0.6752476692199707, 0.460171103477478], "cam_t_m2c": [868.2891235351562, 302.2655334472656, 371.6279602050781], "obj_id": 2}, {"cam_R_m2c": [0.9474407434463501, 0.31970885396003723, -0.011929262429475784, 0.0631364956498146, -0.2233952432870865, -0.972680926322937, -0.31363967061042786, 0.9208043813705444, -0.23183904588222504], "cam_t_m2c": [749.8524780273438, 224.3042449951172, 577.642578125], "obj_id": 4}, {"cam_R_m2c": [0.04428673908114433, 0.9179046750068665, -0.3943217694759369, -0.9031064510345459, -0.13197211921215057, -0.4086344540119171, -0.4271269738674164, 0.3742116093635559, 0.8231210112571716], "cam_t_m2c": [512.5687866210938, 376.3344421386719, 285.4871520996094], "obj_id": 1}, {"cam_R_m2c": [-0.31498733162879944, -0.5983250141143799, -0.7367429137229919, -0.9206560850143433, 0.004018647596240044, 0.3903539776802063, -0.2305978536605835, 0.8012434244155884, -0.5521174073219299], "cam_t_m2c": [667.6144409179688, 371.7257995605469, 384.5141906738281], "obj_id": 4}, {"cam_R_m2c": [-0.31328272819519043, 0.918289840221405, 0.2420693039894104, -0.3985506594181061, 0.10423238575458527, -0.9112040400505066, -0.8619809150695801, -0.38194146752357483, 0.3333309292793274], "cam_t_m2c": [679.3056640625, 424.8551940917969, 111.91602325439453], "obj_id": 2}, {"cam_R_m2c": [-0.41035979986190796, 0.5514450073242188, 0.7263010144233704, -0.6739071607589722, 0.35319727659225464, -0.6489228010177612, -0.6143727898597717, -0.7557513117790222, 0.2266848236322403], "cam_t_m2c": [809.7479248046875, 419.5012512207031, 112.18792724609375], "obj_id": 3}, {"cam_R_m2c": [-0.07445946335792542, 0.08476382493972778, 0.9936149716377258, -0.4753311276435852, -0.8789259791374207, 0.03935950621962547, 0.8766503930091858, -0.4693654775619507, 0.1057354062795639], "cam_t_m2c": [626.7353515625, 482.3719177246094, 146.542724609375], "obj_id": 1}, {"cam_R_m2c": [-0.41969409584999084, 0.8113996982574463, -0.40680131316185, -0.5792303085327148, -0.5844846367835999, -0.5682163834571838, -0.6988197565078735, -0.002845434471964836, 0.7152921557426453], "cam_t_m2c": [279.9383850097656, 282.4156188964844, 632.6597900390625], "obj_id": 2}, {"cam_R_m2c": [-0.1458979845046997, -0.9874919652938843, -0.05977771431207657, 0.8731184005737305, -0.1001175194978714, -0.477117121219635, 0.46516451239585876, -0.12180344760417938, 0.8768043518066406], "cam_t_m2c": [545.0110473632812, 219.2584686279297, 556.5128784179688], "obj_id": 3}, {"cam_R_m2c": [0.0037715365178883076, 0.3189413845539093, 0.9477670192718506, -0.6804002523422241, 0.6953814029693604, -0.23130126297473907, -0.7328311204910278, -0.6439884901046753, 0.2196304202079773], "cam_t_m2c": [1363.503173828125, 379.38604736328125, 224.27593994140625], "obj_id": 4}],
  "6": [{"cam_R_m2c": [0.7155661582946777, -0.38667580485343933, 0.58176189661026, -0.3994601368904114, -0.9097194671630859, -0.11332197487354279, 0.5730590224266052, -0.1513013243675232, -0.8054260015487671], "cam_t_m2c": [799.7202758789062, 254.61929321289062, 537.29833984375], "obj_id": 1}, {"cam_R_m2c": [0.7120277285575867, -0.13877098262310028, -0.6883015632629395, -0.40091565251350403, 0.7244192361831665, -0.5607882142066956, 0.5764400362968445, 0.6752476692199707, 0.460171103477478], "cam_t_m2c": [868.2891235351562, 302.2655334472656, 371.6279602050781], "obj_id": 2}, {"cam_R_m2c": [0.9474407434463501, 0.31970885396003723, -0.011929262429475784, 0.0631364956498146, -0.2233952432870865, -0.972680926322937, -0.31363967061042786, 0.9208043813705444, -0.23183904588222504], "cam_t_m2c": [749.8524780273438, 224.3042449951172, 577.642578125], "obj_id": 4}, {"cam_R_m2c": [0.04428673908114433, 0.9179046750068665, -0.3943217694759369, -0.9031064510345459, -0.13197211921215057, -0.4086344540119171, -0.4271269738674164, 0.3742116093635559, 0.8231210112571716], "cam_t_m2c": [512.5687866210938, 376.3344421386719, 285.4871520996094], "obj_id": 1}, {"cam_R_m2c": [-0.31498733162879944, -0.5983250141143799, -0.7367429137229919, -0.9206560850143433, 0.004018647596240044, 0.3903539776802063, -0.2305978536605835, 0.8012434244155884, -0.5521174073219299], "cam_t_m2c": [667.6144409179688, 371.7257995605469, 384.5141906738281], "obj_id": 4}, {"cam_R_m2c": [-0.31328272819519043, 0.918289840221405, 0.2420693039894104, -0.3985506594181061, 0.10423238575458527, -0.9112040400505066, -0.8619809150695801, -0.38194146752357483, 0.3333309292793274], "cam_t_m2c": [679.3056640625, 424.8551940917969, 111.91602325439453], "obj_id": 2}, {"cam_R_m2c": [-0.41035979986190796, 0.5514450073242188, 0.7263010144233704, -0.6739071607589722, 0.35319727659225464, -0.6489228010177612, -0.6143727898597717, -0.7557513117790222, 0.2266848236322403], "cam_t_m2c": [809.7479248046875, 419.5012512207031, 112.18792724609375], "obj_id": 3}, {"cam_R_m2c": [-0.07445946335792542, 0.08476382493972778, 0.9936149716377258, -0.4753311276435852, -0.8789259791374207, 0.03935950621962547, 0.8766503930091858, -0.4693654775619507, 0.1057354062795639], "cam_t_m2c": [626.7353515625, 482.3719177246094, 146.542724609375], "obj_id": 1}, {"cam_R_m2c": [-0.41969409584999084, 0.8113996982574463, -0.40680131316185, -0.5792303085327148, -0.5844846367835999, -0.5682163834571838, -0.6988197565078735, -0.002845434471964836, 0.7152921557426453], "cam_t_m2c": [279.9383850097656, 282.4156188964844, 632.6597900390625], "obj_id": 2}, {"cam_R_m2c": [-0.1458979845046997, -0.9874919652938843, -0.05977771431207657, 0.8731184005737305, -0.1001175194978714, -0.477117121219635, 0.46516451239585876, -0.12180344760417938, 0.8768043518066406], "cam_t_m2c": [545.0110473632812, 219.2584686279297, 556.5128784179688], "obj_id": 3}, {"cam_R_m2c": [0.0037715365178883076, 0.3189413845539093, 0.9477670192718506, -0.6804002523422241, 0.6953814029693604, -0.23130126297473907, -0.7328311204910278, -0.6439884901046753, 0.2196304202079773], "cam_t_m2c": [1363.503173828125, 379.38604736328125, 224.27593994140625], "obj_id": 4}],
  "7": [{"cam_R_m2c": [-0.908606231212616, -0.13244818150997162, 0.39609625935554504, -0.3134705722332001, -0.4104393720626831, -0.8563152551651001, 0.27599087357521057, -0.9022178649902344, 0.3314090967178345], "cam_t_m2c": [-396.6126403808594, -315.1616516113281, 1199.9095458984375], "obj_id": 1}, {"cam_R_m2c": [-0.9107117056846619, -0.1846430003643036, -0.3694736957550049, -0.31040817499160767, 0.8960813879966736, 0.31730881333351135, 0.27248963713645935, 0.40366455912590027, -0.8733865022659302], "cam_t_m2c": [-265.19073486328125, -420.22894287109375, 1278.06103515625], "obj_id": 2}, {"cam_R_m2c": [-0.06438001990318298, -0.9705476760864258, -0.23214729130268097, -0.675987720489502, 0.213541641831398, -0.705294668674469, 0.7340952157974243, 0.11152183264493942, -0.6698261499404907], "cam_t_m2c": [-424.5992431640625, -282.0210266113281, 1143.7677001953125], "obj_id": 4}, {"cam_R_m2c": [-0.062279313802719116, -0.7028736472129822, -0.7085829377174377, -0.8072822690010071, -0.3819893002510071, 0.4498658776283264, -0.5868700742721558, 0.6000438928604126, -0.5436273217201233], "cam_t_m2c": [-31.01025390625, -224.85110473632812, 1062.583984375], "obj_id": 1}, {"cam_R_m2c": [-0.09866605699062347, -0.43449950218200684, 0.895251452922821, -0.5027400851249695, 0.7981541752815247, 0.331967294216156, -0.8587883114814758, -0.41732490062713623, -0.2971910536289215], "cam_t_m2c": [-171.3384246826172, -258.3473815917969, 1176.83251953125], "obj_id": 4}, {"cam_R_m2c": [0.6472052335739136, 0.0203706044703722, -0.7620435953140259, -0.5539658665657043, -0.6741543412208557, -0.48850560188293457, -0.5236861705780029, 0.7383095026016235, -0.4250316023826599], "cam_t_m2c": [71.09432983398438, -389.2625427246094, 1213.666259765625], "obj_id": 2}, {"cam_R_m2c": [0.3592633008956909, 0.5711464285850525, -0.7380525469779968, -0.5215786099433899, -0.5329224467277527, -0.6662951707839966, -0.773876965045929, 0.6243277788162231, 0.10643834620714188], "cam_t_m2c": [20.452878952026367, -465.8359375, 1306.4881591796875], "obj_id": 3}, {"cam_R_m2c": [-0.8995851874351501, -0.031970057636499405, -0.43557342886924744, 0.26043617725372314, -0.8398666381835938, -0.4762319028377533, -0.35059845447540283, -0.5418503284454346, 0.763857901096344], "cam_t_m2c": [87.30931854248047, -305.55328369140625, 1214.4755859375], "obj_id": 1}, {"cam_R_m2c": [0.4734433591365814, -0.5530136823654175, -0.6855852007865906, -0.5082398056983948, -0.8072177767753601, 0.30015209317207336, -0.7194049954414368, 0.20633675158023834, -0.6632354259490967], "cam_t_m2c": [-271.03759765625, 48.996456146240234, 837.0603637695312], "obj_id": 2}, {"cam_R_m2c": [0.05539576709270477, 0.4198417663574219, -0.9059052467346191, 0.8684695959091187, 0.42739617824554443, 0.2511833906173706, 0.4926377236843109, -0.8006656169891357, -0.3409438729286194], "cam_t_m2c": [-334.00457763671875, -181.63192749023438, 988.3759765625], "obj_id": 3}, {"cam_R_m2c": [0.3008972406387329, 0.7152867317199707, -0.6307341456413269, -0.8266996145248413, -0.13407683372497559, -0.5464346408843994, -0.4754244387149811, 0.6858484148979187, 0.5509840846061707], "cam_t_m2c": [-293.0849609375, -737.7904052734375, 1691.9134521484375], "obj_id": 4}],
  "8": [{"cam_R_m2c": [-0.908606231212616, -0.13244818150997162, 0.39609625935554504, -0.3134705722332001, -0.4104393720626831, -0.8563152551651001, 0.27599087357521057, -0.9022178649902344, 0.3314090967178345], "cam_t_m2c": [-396.6126403808594, -315.1616516113281, 1199.9095458984375], "obj_id": 1}, {"cam_R_m2c": [-0.9107117056846619, -0.1846430003643036, -0.3694736957550049, -0.31040817499160767, 0.8960813879966736, 0.31730881333351135, 0.27248963713645935, 0.40366455912590027, -0.8733865022659302], "cam_t_m2c": [-265.19073486328125, -420.22894287109375, 1278.06103515625], "obj_id": 2}, {"cam_R_m2c": [-0.06438001990318298, -0.9705476760864258, -0.23214729130268097, -0.675987720489502, 0.213541641831398, -0.705294668674469, 0.7340952157974243, 0.11152183264493942, -0.6698261499404907], "cam_t_m2c": [-424.5992431640625, -282.0210266113281, 1143.7677001953125], "obj_id": 4}, {"cam_R_m2c": [-0.062279313802719116, -0.7028736472129822, -0.7085829377174377, -0.8072822690010071, -0.3819893002510071, 0.4498658776283264, -0.5868700742721558, 0.6000438928604126, -0.5436273217201233], "cam_t_m2c": [-31.01025390625, -224.85110473632812, 1062.583984375], "obj_id": 1}, {"cam_R_m2c": [-0.09866605699062347, -0.43449950218200684, 0.895251452922821, -0.5027400851249695, 0.7981541752815247, 0.331967294216156, -0.8587883114814758, -0.41732490062713623, -0.2971910536289215], "cam_t_m2c": [-171.3384246826172, -258.3473815917969, 1176.83251953125], "obj_id": 4}, {"cam_R_m2c": [0.6472052335739136, 0.0203706044703722, -0.7620435953140259, -0.5539658665657043, -0.6741543412208557, -0.48850560188293457, -0.5236861705780029, 0.7383095026016235, -0.4250316023826599], "cam_t_m2c": [71.09432983398438, -389.2625427246094, 1213.666259765625], "obj_id": 2}, {"cam_R_m2c": [0.3592633008956909, 0.5711464285850525, -0.7380525469779968, -0.5215786099433899, -0.5329224467277527, -0.6662951707839966, -0.773876965045929, 0.6243277788162231, 0.10643834620714188], "cam_t_m2c": [20.452878952026367, -465.8359375, 1306.4881591796875], "obj_id": 3}, {"cam_R_m2c": [-0.8995851874351501, -0.031970057636499405, -0.43557342886924744, 0.26043617725372314, -0.8398666381835938, -0.4762319028377533, -0.35059845447540283, -0.5418503284454346, 0.763857901096344], "cam_t_m2c": [87.30931854248047, -305.55328369140625, 1214.4755859375], "obj_id": 1}, {"cam_R_m2c": [0.4734433591365814, -0.5530136823654175, -0.6855852007865906, -0.5082398056983948, -0.8072177767753601, 0.30015209317207336, -0.7194049954414368, 0.20633675158023834, -0.6632354259490967], "cam_t_m2c": [-271.03759765625, 48.996456146240234, 837.0603637695312], "obj_id": 2}, {"cam_R_m2c": [0.05539576709270477, 0.4198417663574219, -0.9059052467346191, 0.8684695959091187, 0.42739617824554443, 0.2511833906173706, 0.4926377236843109, -0.8006656169891357, -0.3409438729286194], "cam_t_m2c": [-334.00457763671875, -181.63192749023438, 988.3759765625], "obj_id": 3}, {"cam_R_m2c": [0.3008972406387329, 0.7152867317199707, -0.6307341456413269, -0.8266996145248413, -0.13407683372497559, -0.5464346408843994, -0.4754244387149811, 0.6858484148979187, 0.5509840846061707], "cam_t_m2c": [-293.0849609375, -737.7904052734375, 1691.9134521484375], "obj_id": 4}],
  "9": [{"cam_R_m2c": [-0.24305368959903717, 0.23441699147224426, -0.9412617683410645, 0.42498284578323364, -0.8465383648872375, -0.3205660879611969, -0.8719602227210999, -0.4779348075389862, 0.10613095760345459], "cam_t_m2c": [-540.8093872070312, 460.68212890625, 1.8378323316574097], "obj_id": 1}, {"cam_R_m2c": [-0.23819366097450256, 0.49973905086517334, 0.8327813148498535, 0.42461106181144714, 0.8247556686401367, -0.37347495555877686, -0.8734811544418335, 0.26464879512786865, -0.40864628553390503], "cam_t_m2c": [-693.5966796875, 417.18511962890625, 97.66352844238281], "obj_id": 2}, {"cam_R_m2c": [-0.953034520149231, 0.27963384985923767, -0.1163201779127121, 0.264222651720047, 0.5799592137336731, -0.7706061005592346, -0.14802658557891846, -0.7651485204696655, -0.6266067624092102], "cam_t_m2c": [-476.4856872558594, 444.6022033691406, -23.408035278320312], "obj_id": 4}, {"cam_R_m2c": [-0.27656129002571106, -0.5259250402450562, 0.8043113946914673, -0.8242918848991394, 0.5600786209106445, 0.08279405534267426, -0.49402111768722534, -0.6400896906852722, -0.588411808013916], "cam_t_m2c": [-455.6518249511719, 251.8138885498047, 333.2012023925781], "obj_id": 1}, {"cam_R_m2c": [0.13003988564014435, 0.953311562538147, 0.2725555896759033, -0.8715457320213318, 0.24097126722335815, -0.4270137548446655, -0.47275522351264954, -0.18201588094234467, 0.8621906638145447], "cam_t_m2c": [-523.7601928710938, 380.2353210449219, 220.34759521484375], "obj_id": 4}, {"cam_R_m2c": [-0.24463024735450745, -0.9695945978164673, 0.006510149221867323, -0.9360300898551941, 0.23439933359622955, -0.2624970078468323, 0.2529897093772888, -0.0703083947300911, -0.9649109244346619], "cam_t_m2c": [-692.7841186523438, 247.57716369628906, 396.7049255371094], "obj_id": 2}, {"cam_R_m2c": [-0.018727535381913185, -0.8920919299125671, -0.4514654278755188, -0.9985894560813904, -0.005747667979449034, 0.05278095230460167, -0.04968038946390152, 0.451817125082016, -0.8907259702682495], "cam_t_m2c": [-798.513916015625, 302.37945556640625, 343.2087097167969], "obj_id": 3}, {"cam_R_m2c": [0.5763943791389465, -0.3343049883842468, -0.7456605434417725, 0.21636517345905304, -0.8174890279769897, 0.5337580442428589, -0.788007378578186, -0.4689900875091553, -0.3988640308380127], "cam_t_m2c": [-630.4351196289062, 282.61407470703125, 443.13592529296875], "obj_id": 1}, {"cam_R_m2c": [-0.06130917742848396, -0.6550905704498291, 0.7530586123466492, -0.9956502318382263, -0.012890087440609932, -0.09227283298969269, 0.07015414535999298, -0.7554402351379395, -0.6514507532119751], "cam_t_m2c": [-63.29961013793945, 307.1645202636719, 170.52818298339844], "obj_id": 2}, {"cam_R_m2c": [0.38155972957611084, 0.7318910956382751, 0.5645773410797119, 0.7839442491531372, -0.5798367261886597, 0.22185763716697693, 0.4897382855415344, 0.3579452335834503, -0.7950041890144348], "cam_t_m2c": [-322.4011535644531, 336.9384765625, 60.844146728515625], "obj_id": 3}, {"cam_R_m2c": [-0.42410901188850403, -0.641314685344696, -0.639411449432373, -0.893064022064209, 0.1790509670972824, 0.4127679169178009, -0.1502269059419632, 0.7460939884185791, -0.6486721634864807], "cam_t_m2c": [-1182.4796142578125, 593.8250122070312, 45.807029724121094], "obj_id": 4}]
}