{
  "0": [{"cam_R_m2c": [-0.9019677639007568, 0.4259720742702484, 0.07072374224662781, 0.19325627386569977, 0.5446974635124207, -0.8160616755485535, -0.3861425220966339, -0.7223935723304749, -0.5736213326454163], "cam_t_m2c": [185.9647674560547, 164.24940490722656, 186.1731414794922], "obj_id": 2}, {"cam_R_m2c": [-0.9019677639007568, 0.4259720742702484, 0.07072374224662781, 0.19325627386569977, 0.5446974635124207, -0.8160616755485535, -0.3861425220966339, -0.7223935723304749, -0.5736213326454163], "cam_t_m2c": [185.9647674560547, 164.24940490722656, 186.1731414794922], "obj_id": 1}, {"cam_R_m2c": [-0.9019677639007568, 0.4259720742702484, 0.07072374224662781, 0.19325627386569977, 0.5446974635124207, -0.8160616755485535, -0.3861425220966339, -0.7223935723304749, -0.5736213326454163], "cam_t_m2c": [185.9647674560547, 164.24940490722656, 186.1731414794922], "obj_id": 3}, {"cam_R_m2c": [-0.9019677639007568, 0.4259720742702484, 0.07072374224662781, 0.19325627386569977, 0.5446974635124207, -0.8160616755485535, -0.3861425220966339, -0.7223935723304749, -0.5736213326454163], "cam_t_m2c": [185.9647674560547, 164.24940490722656, 186.1731414794922], "obj_id": 2}, {"cam_R_m2c": [-0.9019677639007568, 0.4259720742702484, 0.07072374224662781, 0.19325627386569977, 0.5446974635124207, -0.8160616755485535, -0.3861425220966339, -0.7223935723304749, -0.5736213326454163], "cam_t_m2c": [185.9647674560547, 164.24940490722656, 186.1731414794922], "obj_id": 0}, {"cam_R_m2c": [-0.9019677639007568, 0.4259720742702484, 0.07072374224662781, 0.19325627386569977, 0.5446974635124207, -0.8160616755485535, -0.3861425220966339, -0.7223935723304749, -0.5736213326454163], "cam_t_m2c": [185.9647674560547, 164.24940490722656, 186.1731414794922], "obj_id": 3}, {"cam_R_m2c": [-0.9019677639007568, 0.4259720742702484, 0.07072374224662781, 0.19325627386569977, 0.5446974635124207, -0.8160616755485535, -0.3861425220966339, -0.7223935723304749, -0.5736213326454163], "cam_t_m2c": [185.9647674560547, 164.24940490722656, 186.1731414794922], "obj_id": 3}, {"cam_R_m2c": [-0.9019677639007568, 0.4259720742702484, 0.07072374224662781, 0.19325627386569977, 0.5446974635124207, -0.8160616755485535, -0.3861425220966339, -0.7223935723304749, -0.5736213326454163], "cam_t_m2c": [185.9647674560547, 164.24940490722656, 186.1731414794922], "obj_id": 3}, {"cam_R_m2c": [-0.9019677639007568, 0.4259720742702484, 0.07072374224662781, 0.19325627386569977, 0.5446974635124207, -0.8160616755485535, -0.3861425220966339, -0.7223935723304749, -0.5736213326454163], "cam_t_m2c": [185.9647674560547, 164.24940490722656, 186.1731414794922], "obj_id": 1}, {"cam_R_m2c": [-0.9019677639007568, 0.4259720742702484, 0.07072374224662781, 0.19325627386569977, 0.5446974635124207, -0.8160616755485535, -0.3861425220966339, -0.7223935723304749, -0.5736213326454163], "cam_t_m2c": [185.9647674560547, 164.24940490722656, 186.1731414794922], "obj_id": 1}, {"cam_R_m2c": [-0.9019677639007568, 0.4259720742702484, 0.07072374224662781, 0.19325627386569977, 0.5446974635124207, -0.8160616755485535, -0.3861425220966339, -0.7223935723304749, -0.5736213326454163], "cam_t_m2c": [185.9647674560547, 164.24940490722656, 186.1731414794922], "obj_id": 2}, {"cam_R_m2c": [-0.9019677639007568, 0.4259720742702484, 0.07072374224662781, 0.19325627386569977, 0.5446974635124207, -0.8160616755485535, -0.3861425220966339, -0.7223935723304749, -0.5736213326454163], "cam_t_m2c": [185.9647674560547, 164.24940490722656, 186.1731414794922], "obj_id": 3}, {"cam_R_m2c": [-0.9019677639007568, 0.4259720742702484, 0.07072374224662781, 0.19325627386569977, 0.5446974635124207, -0.8160616755485535, -0.3861425220966339, -0.7223935723304749, -0.5736213326454163], "cam_t_m2c": [185.9647674560547, 164.24940490722656, 186.1731414794922], "obj_id": 2}, {"cam_R_m2c": [-0.9019677639007568, 0.4259720742702484, 0.07072374224662781, 0.19325627386569977, 0.5446974635124207, -0.8160616755485535, -0.3861425220966339, -0.7223935723304749, -0.5736213326454163], "cam_t_m2c": [185.9647674560547, 164.24940490722656, 186.1731414794922], "obj_id": 1}, {"cam_R_m2c": [-0.9019677639007568, 0.4259720742702484, 0.07072374224662781, 0.19325627386569977, 0.5446974635124207, -0.8160616755485535, -0.3861425220966339, -0.7223935723304749, -0.5736213326454163], "cam_t_m2c": [185.9647674560547, 164.24940490722656, 186.1731414794922], "obj_id": 1}, {"cam_R_m2c": [-0.9019677639007568, 0.4259720742702484, 0.07072374224662781, 0.19325627386569977, 0.5446974635124207, -0.8160616755485535, -0.3861425220966339, -0.7223935723304749, -0.5736213326454163], "cam_t_m2c": [185.9647674560547, 164.24940490722656, 186.1731414794922], "obj_id": 3}, {"cam_R_m2c": [-0.9019677639007568, 0.4259720742702484, 0.07072374224662781, 0.19325627386569977, 0.5446974635124207, -0.8160616755485535, -0.3861425220966339, -0.7223935723304749, -0.5736213326454163], "cam_t_m2c": [185.9647674560547, 164.24940490722656, 186.1731414794922], "obj_id": 3}, {"cam_R_m2c": [-0.9019677639007568, 0.4259720742702484, 0.07072374224662781, 0.19325627386569977, 0.5446974635124207, -0.8160616755485535, -0.3861425220966339, -0.7223935723304749, -0.5736213326454163], "cam_t_m2c": [185.9647674560547, 164.24940490722656, 186.1731414794922], "obj_id": 3}, {"cam_R_m2c": [-0.9019677639007568, 0.4259720742702484, 0.07072374224662781, 0.19325627386569977, 0.5446974635124207, -0.8160616755485535, -0.3861425220966339, -0.7223935723304749, -0.5736213326454163], "cam_t_m2c": [185.9647674560547, 164.24940490722656, 186.1731414794922], "obj_id": 1}, {"cam_R_m2c": [-0.9019677639007568, 0.4259720742702484, 0.07072374224662781, 0.19325627386569977, 0.5446974635124207, -0.8160616755485535, -0.3861425220966339, -0.7223935723304749, -0.5736213326454163], "cam_t_m2c": [185.9647674560547, 164.24940490722656, 186.1731414794922], "obj_id": 0}, {"cam_R_m2c": [-0.9019677639007568, 0.4259720742702484, 0.07072374224662781, 0.19325627386569977, 0.5446974635124207, -0.8160616755485535, -0.3861425220966339, -0.7223935723304749, -0.5736213326454163], "cam_t_m2c": [185.9647674560547, 164.24940490722656, 186.1731414794922], "obj_id": 1}, {"cam_R_m2c": [-0.9019677639007568, 0.4259720742702484, 0.07072374224662781, 0.19325627386569977, 0.5446974635124207, -0.8160616755485535, -0.3861425220966339, -0.7223935723304749, -0.5736213326454163], "cam_t_m2c": [185.9647674560547, 164.24940490722656, 186.1731414794922], "obj_id": 1}, {"cam_R_m2c": [-0.9019677639007568, 0.4259720742702484, 0.07072374224662781, 0.19325627386569977, 0.5446974635124207, -0.8160616755485535, -0.3861425220966339, -0.7223935723304749, -0.5736213326454163], "cam_t_m2c": [185.9647674560547, 164.24940490722656, 186.1731414794922], "obj_id": 1}, {"cam_R_m2c": [-0.9019677639007568, 0.4259720742702484, 0.07072374224662781, 0.19325627386569977, 0.5446974635124207, -0.8160616755485535, -0.3861425220966339, -0.7223935723304749, -0.5736213326454163], "cam_t_m2c": [185.9647674560547, 164.24940490722656, 186.1731414794922], "obj_id": 3}, {"cam_R_m2c": [-0.04007389023900032, 0.6484211087226868, -0.7602263689041138, 0.8308146595954895, 0.4443071484565735, 0.33516886830329895, 0.5551046133041382, -0.6181756854057312, -0.5565229058265686], "cam_t_m2c": [218.59201049804688, 52.10626983642578, 262.5705871582031], "obj_id": 0}, {"cam_R_m2c": [0.45626547932624817, 0.737463116645813, 0.4979657232761383, -0.4842974543571472, 0.6752687692642212, -0.5562984943389893, -0.7465103268623352, 0.012656226754188538, 0.6652534008026123], "cam_t_m2c": [298.44866943359375, 222.11962890625, 130.2215576171875], "obj_id": 0}, {"cam_R_m2c": [0.8848211169242859, -0.3685155212879181, 0.2851102650165558, -0.3941623866558075, -0.9183240532875061, 0.03628961741924286, 0.24845032393932343, -0.14448955655097961, -0.9578074812889099], "cam_t_m2c": [-541.1072387695312, 6631.06298828125, 4783.12841796875], "obj_id": 0}, {"cam_R_m2c": [-0.18666240572929382, -0.5187503695487976, 0.8342992067337036, -0.6292518377304077, 0.7152935862541199, 0.30396902561187744, -0.7544528841972351, -0.468244731426239, -0.4599430561065674], "cam_t_m2c": [314.6542663574219, 146.7394256591797, 139.7847442626953], "obj_id": 2}, {"cam_R_m2c": [-0.7136281132698059, -0.6957376003265381, -0.0817568302154541, 0.5216031670570374, -0.6056338548660278, 0.6009474396705627, -0.4676164388656616, 0.38620835542678833, 0.795096218585968], "cam_t_m2c": [-14.05419921875, 104.30013275146484, 159.63333129882812], "obj_id": 3}, {"cam_R_m2c": [-0.7932180166244507, -0.22814777493476868, 0.5645824074745178, 0.463713675737381, 0.3746234178543091, 0.8028864860534668, -0.39468252658843994, 0.8986688852310181, -0.191362664103508], "cam_t_m2c": [227.0777587890625, 204.08071899414062, 47.410640716552734], "obj_id": 3}, {"cam_R_m2c": [0.16443708539009094, 0.9790802001953125, -0.11984328180551529, -0.7169181704521179, 0.20207811892032623, 0.6672276258468628, 0.6774870753288269, -0.023799119517207146, 0.7351495623588562], "cam_t_m2c": [82.34654998779297, 207.17623901367188, 25.162399291992188], "obj_id": 3}, {"cam_R_m2c": [-0.6687557697296143, -0.7309920787811279, 0.1357068121433258, 0.4516284167766571, -0.2544182240962982, 0.8551626801490784, -0.5905908346176147, 0.6331839561462402, 0.5002804398536682], "cam_t_m2c": [-10.513076782226562, 91.41667938232422, 299.9281005859375], "obj_id": 1}]
}