{
  "0": [{"cam_R_m2c": [0.6084845662117004, -0.032304905354976654, 0.7929078340530396, -0.7624424695968628, 0.25328096747398376, 0.5954242944717407, -0.22006353735923767, -0.966853141784668, 0.12948696315288544], "cam_t_m2c": [365.5216064453125, 180.0318145751953, 999.542236328125], "obj_id": 0}, {"cam_R_m2c": [0.5133311152458191, 0.6403625011444092, -0.571337878704071, 0.3960738778114319, -0.7673828601837158, -0.5042309165000916, -0.7613255977630615, 0.03254537284374237, -0.6475523114204407], "cam_t_m2c": [414.77532958984375, 441.9346008300781, 1103.569091796875], "obj_id": 2}, {"cam_R_m2c": [0.7774314880371094, 0.11028339713811874, -0.6192235350608826, 0.5178771018981934, -0.6709424257278442, 0.5306970477104187, -0.35693633556365967, -0.7332623600959778, -0.5787249803543091], "cam_t_m2c": [4569.44677734375, 8400.025390625, -22154.916015625], "obj_id": 3}, {"cam_R_m2c": [-0.07354884594678879, 0.3823833465576172, 0.9210720062255859, 0.9630126357078552, -0.21283221244812012, 0.16525514423847198, 0.2592245638370514, 0.899158239364624, -0.3525864779949188], "cam_t_m2c": [398.4523010253906, 98.23320770263672, 929.0276489257812], "obj_id": 2}],
  "1": [{"cam_R_m2c": [-0.2994379997253418, -0.0893503949046135, -0.9499228000640869, 0.5675340890884399, -0.8170007467269897, -0.10205245018005371, -0.7669692635536194, -0.5696719884872437, 0.2953505516052246], "cam_t_m2c": [-407.01007080078125, -48.78884506225586, 997.212646484375], "obj_id": 0}, {"cam_R_m2c": [-0.6435437798500061, -0.319989949464798, 0.6953113079071045, -0.6243720054626465, 0.7449183464050293, -0.23506639897823334, -0.44273126125335693, -0.5854084491729736, -0.6791803240776062], "cam_t_m2c": [-544.1717529296875, -150.20664978027344, 1226.6812744140625], "obj_id": 2}, {"cam_R_m2c": [-0.9218221306800842, 0.11718226224184036, 0.36947548389434814, -0.3692948520183563, 0.024055493995547295, -0.9290008544921875, -0.11775032430887222, -0.9928190112113953, 0.021099992096424103], "cam_t_m2c": [-7963.9111328125, -19676.033203125, -12383.5947265625], "obj_id": 3}, {"cam_R_m2c": [-0.27044448256492615, -0.2536451518535614, -0.9287216663360596, -0.526924192905426, 0.8463523387908936, -0.07770835608243942, 0.8057361245155334, 0.4683501124382019, -0.36254310607910156], "cam_t_m2c": [-410.34832763671875, -27.95020294189453, 886.2477416992188], "obj_id": 2}]
}