{
  "0": [{"cam_R_m2c": [0.7532238960266113, -0.11313293129205704, 0.6479619145393372, 0.6490527987480164, -0.03195763751864433, -0.7600716948509216, 0.10669653117656708, 0.9930657148361206, 0.04935802146792412], "cam_t_m2c": [356.994140625, 209.50115966796875, 916.5006713867188], "obj_id": 3}, {"cam_R_m2c": [0.47125646471977234, -0.24551542103290558, 0.8471360802650452, -0.873315691947937, -0.26431146264076233, 0.40921780467033386, 0.12343848496675491, -0.9326637387275696, -0.33897095918655396], "cam_t_m2c": [112.43620300292969, 100.35305786132812, 783.2095336914062], "obj_id": 3}, {"cam_R_m2c": [0.6126506328582764, -0.05206731706857681, -0.7886368632316589, 0.37284931540489197, 0.898857057094574, 0.23030279576778412, 0.696880578994751, -0.43513789772987366, 0.5700986385345459], "cam_t_m2c": [58.76567077636719, 302.0707092285156, 802.8956909179688], "obj_id": 3}, {"cam_R_m2c": [-0.26167356967926025, -0.26584988832473755, 0.9278204441070557, -0.9563080668449402, -0.05845602974295616, -0.2864574193954468, 0.13039135932922363, -0.9622405171394348, -0.23893801867961884], "cam_t_m2c": [148.70901489257812, 55.63093948364258, 797.8344116210938], "obj_id": 3}, {"cam_R_m2c": [-0.6667737364768982, 0.34880301356315613, -0.658596396446228, 0.490586519241333, -0.4598117172718048, -0.7402013540267944, -0.5610148310661316, -0.8166453838348389, 0.13547232747077942], "cam_t_m2c": [230.1734619140625, -19.721168518066406, 892.07958984375], "obj_id": 3}, {"cam_R_m2c": [-0.3927987813949585, 0.4206072688102722, -0.8178011178970337, 0.868212103843689, -0.12356323003768921, -0.48056209087371826, -0.3031780421733856, -0.8987889885902405, -0.31664085388183594], "cam_t_m2c": [267.8409423828125, 192.0246124267578, 1061.7967529296875], "obj_id": 3}, {"cam_R_m2c": [0.0995367094874382, 0.9519860148429871, 0.289508193731308, 0.4780665636062622, -0.300925612449646, 0.825164258480072, 0.8726653456687927, 0.05627007782459259, -0.4850658178329468], "cam_t_m2c": [296.5527038574219, 308.2110290527344, 1054.5242919921875], "obj_id": 3}, {"cam_R_m2c": [-0.1816837638616562, 0.019232580438256264, -0.9831687808036804, -0.05467928946018219, 0.9980642795562744, 0.029628373682498932, 0.9818354845046997, 0.05914197489619255, -0.18028046190738678], "cam_t_m2c": [374.68804931640625, 232.6035614013672, 947.8048706054688], "obj_id": 3}, {"cam_R_m2c": [-0.41980433464050293, 0.8764188289642334, 0.23591147363185883, -0.8352176547050476, -0.47476643323898315, 0.2775034010410309, 0.35521209239959717, -0.08054028451442719, 0.9313096404075623], "cam_t_m2c": [119.3843002319336, 61.9821891784668, 718.8287353515625], "obj_id": 3}, {"cam_R_m2c": [-0.2819911539554596, -0.9591625928878784, -0.022092515602707863, -0.9532595276832581, 0.27750247716903687, 0.11953484266996384, -0.10852262377738953, 0.0547676756978035, -0.9925841093063354], "cam_t_m2c": [113.97142028808594, 144.39878845214844, 837.9745483398438], "obj_id": 3}, {"cam_R_m2c": [-0.9898583889007568, 0.0981600359082222, -0.10268770158290863, 0.09934448450803757, -0.038373205810785294, -0.9943128824234009, -0.10154225677251816, -0.9944304823875427, 0.028232470154762268], "cam_t_m2c": [60.834537506103516, 361.63134765625, 1015.8923950195312], "obj_id": 3}, {"cam_R_m2c": [0.1806890070438385, 0.9598534107208252, -0.21455276012420654, 0.822737991809845, -0.027974262833595276, 0.5677319765090942, 0.5389375686645508, -0.2791036367416382, -0.7947624921798706], "cam_t_m2c": [236.37399291992188, 235.5038299560547, 1033.5748291015625], "obj_id": 3}, {"cam_R_m2c": [0.7657049894332886, 0.6330822706222534, 0.11358978599309921, -0.4984074532985687, 0.4723876714706421, 0.7269386649131775, 0.40655362606048584, -0.6132345795631409, 0.6772425770759583], "cam_t_m2c": [401.9434814453125, 322.0110168457031, 1046.8037109375], "obj_id": 3}, {"cam_R_m2c": [-0.6111655831336975, 0.24999946355819702, -0.7509838938713074, -0.03551753610372543, 0.939189612865448, 0.34155726432800293, 0.7907053828239441, 0.23542115092277527, -0.5651209950447083], "cam_t_m2c": [461.9027404785156, 297.8905029296875, 1002.4981689453125], "obj_id": 3}, {"cam_R_m2c": [0.7399668097496033, -0.6258619427680969, 0.24646678566932678, 0.4347652494907379, 0.7246052026748657, 0.5347208976745605, -0.5132526159286499, -0.2885205149650574, 0.8082868456840515], "cam_t_m2c": [139.7260284423828, 311.78094482421875, 1034.7828369140625], "obj_id": 3}, {"cam_R_m2c": [0.15882790088653564, -0.7440223097801208, 0.6490026712417603, -0.9809777140617371, -0.1932324916124344, 0.01854749023914337, 0.11160864681005478, -0.6396030187606812, -0.7605600357055664], "cam_t_m2c": [130.02720642089844, 160.82838439941406, 1087.947509765625], "obj_id": 3}, {"cam_R_m2c": [0.6951815485954285, 0.6898487210273743, 0.2020677924156189, -0.7042160034179688, 0.597180187702179, 0.3839995563030243, 0.1442307084798813, -0.4092487692832947, 0.9009511470794678], "cam_t_m2c": [154.33419799804688, 251.0465087890625, 710.5187377929688], "obj_id": 3}, {"cam_R_m2c": [-0.8171479105949402, -0.46166348457336426, -0.34516075253486633, -0.5411626696586609, 0.40819093585014343, 0.7352027297019958, -0.19852478802204132, 0.7875576019287109, -0.5833873748779297], "cam_t_m2c": [317.201904296875, 334.70770263671875, 976.2891235351562], "obj_id": 3}, {"cam_R_m2c": [0.2040322721004486, -0.8345836400985718, 0.5117039084434509, 0.045021284371614456, 0.5301456451416016, 0.8467105031013489, -0.9779283404350281, -0.14971867203712463, 0.14574086666107178], "cam_t_m2c": [41.28390121459961, 191.83006286621094, 702.3554077148438], "obj_id": 3}, {"cam_R_m2c": [-0.9656950831413269, -0.2503620684146881, -0.06893422454595566, -0.04989011958241463, 0.4393894672393799, -0.8969101905822754, 0.25484123826026917, -0.8627026081085205, -0.4368068277835846], "cam_t_m2c": [258.9048767089844, 367.46673583984375, 684.3846435546875], "obj_id": 3}, {"cam_R_m2c": [-0.7403857707977295, 0.09199048578739166, -0.6658577919006348, 0.06628256291151047, 0.9957548975944519, 0.06386545300483704, 0.6689062118530273, 0.0031503159552812576, -0.7433401346206665], "cam_t_m2c": [220.37359619140625, -26.96235466003418, 747.839599609375], "obj_id": 3}, {"cam_R_m2c": [-0.8388789296150208, 0.37305963039398193, 0.39636918902397156, 0.26578858494758606, 0.9162216782569885, -0.2998236119747162, -0.4750141501426697, -0.14616532623767853, -0.8677540421485901], "cam_t_m2c": [184.78033447265625, 390.4389343261719, 819.0426635742188], "obj_id": 3}, {"cam_R_m2c": [-0.17971211671829224, 0.6769654750823975, 0.713737428188324, -0.923645555973053, 0.1335434466600418, -0.3592282235622406, -0.3385000228881836, -0.7237981557846069, 0.6012769341468811], "cam_t_m2c": [311.7023620605469, 340.09075927734375, 1068.48046875], "obj_id": 3}, {"cam_R_m2c": [-0.6282317042350769, -0.7780124545097351, 0.004656233359128237, -0.0738525465130806, 0.06559014320373535, 0.9951099157333374, -0.774513304233551, 0.6248156428337097, -0.0986640453338623], "cam_t_m2c": [316.4668273925781, 249.2486572265625, 1085.8162841796875], "obj_id": 3}, {"cam_R_m2c": [-0.6534196734428406, -0.38918739557266235, 0.6492886543273926, 0.5426185131072998, 0.3572625517845154, 0.7602161169052124, -0.5278330445289612, 0.8490563035011292, -0.022262053564190865], "cam_t_m2c": [336.2686767578125, 324.3494873046875, 1011.3465576171875], "obj_id": 3}, {"cam_R_m2c": [-0.6411063075065613, 0.11539342254400253, 0.7587271928787231, 0.30663836002349854, 0.9448035359382629, 0.11540865153074265, -0.7035307884216309, 0.306644082069397, -0.6411035656929016], "cam_t_m2c": [322.3126220703125, 91.27086639404297, 725.439697265625], "obj_id": 3}, {"cam_R_m2c": [-0.6475529074668884, 0.12370205670595169, 0.7519128918647766, -0.6763797998428345, 0.36117327213287354, -0.6419222950935364, -0.35097792744636536, -0.9242573380470276, -0.1502092182636261], "cam_t_m2c": [249.73834228515625, 365.7245178222656, 853.1943969726562], "obj_id": 3}, {"cam_R_m2c": [-0.9821026921272278, 0.18082819879055023, -0.05268022045493126, 0.17537559568881989, 0.7759761810302734, -0.6058914065361023, -0.06868366152048111, -0.6042864918708801, -0.7938011288642883], "cam_t_m2c": [49.28172302246094, 335.1756591796875, 704.451416015625], "obj_id": 3}, {"cam_R_m2c": [0.49959373474121094, 0.3001575469970703, 0.8125956058502197, -0.796058177947998, 0.5290005207061768, 0.2940235435962677, -0.3416101038455963, -0.793765664100647, 0.5032281875610352], "cam_t_m2c": [56.806365966796875, 413.75445556640625, 1044.0037841796875], "obj_id": 1}, {"cam_R_m2c": [-0.06674732267856598, -0.22803112864494324, -0.9713632464408875, 0.9628791213035583, 0.2404761016368866, -0.12261702120304108, 0.2615501284599304, -0.9434897899627686, 0.20351530611515045], "cam_t_m2c": [243.5970001220703, 58.596134185791016, 865.0894165039062], "obj_id": 1}, {"cam_R_m2c": [-0.4475249946117401, 0.12129572778940201, 0.8860071897506714, 0.18191641569137573, -0.9576945900917053, 0.22299641370773315, 0.8755728006362915, 0.26097571849823, 0.4065266251564026], "cam_t_m2c": [376.2237548828125, 287.0079040527344, 927.5138549804688], "obj_id": 1}, {"cam_R_m2c": [-0.050249744206666946, -0.9910532832145691, 0.12364662438631058, -0.1078154519200325, 0.1284622699022293, 0.985836386680603, -0.9929002523422241, 0.036206942051649094, -0.11330611258745193], "cam_t_m2c": [271.3417663574219, 24.264644622802734, 755.3696899414062], "obj_id": 1}, {"cam_R_m2c": [0.6659462451934814, -0.07453018426895142, 0.742267370223999, 0.6500503420829773, 0.5461266040802002, -0.5283751487731934, -0.3659920394420624, 0.834380567073822, 0.41213932633399963], "cam_t_m2c": [109.78805541992188, 437.5291442871094, 1048.11865234375], "obj_id": 1}, {"cam_R_m2c": [-0.08206319063901901, -0.2084888517856598, -0.9745758175849915, 0.6517726182937622, -0.7510015964508057, 0.10577823966741562, -0.7539616227149963, -0.6265212893486023, 0.19751693308353424], "cam_t_m2c": [171.32443237304688, 487.5079345703125, 784.7186889648438], "obj_id": 1}, {"cam_R_m2c": [0.6609625220298767, 0.7439263463020325, 0.09849894791841507, -0.7158453464508057, 0.5856730937957764, 0.38020047545433044, 0.22515298426151276, -0.3218082785606384, 0.9196442365646362], "cam_t_m2c": [215.77830505371094, 467.8463439941406, 1040.8511962890625], "obj_id": 1}, {"cam_R_m2c": [0.15657806396484375, 0.6579824090003967, -0.7365747690200806, -0.9794132709503174, 0.19964513182640076, -0.02985663153231144, 0.12740840017795563, 0.7260860204696655, 0.6756967902183533], "cam_t_m2c": [101.26988220214844, 133.20648193359375, 845.3995361328125], "obj_id": 1}, {"cam_R_m2c": [-0.48517146706581116, -0.028362024575471878, -0.873958945274353, -0.7875881195068359, -0.420041561126709, 0.45085474848747253, -0.3798862397670746, 0.9070615172386169, 0.1814546138048172], "cam_t_m2c": [102.42581176757812, 244.1126708984375, 779.384033203125], "obj_id": 1}, {"cam_R_m2c": [-0.9770247936248779, -0.09822355210781097, 0.18914206326007843, 0.18119247257709503, 0.08444754779338837, 0.9798152446746826, -0.11221351474523544, 0.9915748834609985, -0.06471002101898193], "cam_t_m2c": [72.77947235107422, 434.9442138671875, 1016.927734375], "obj_id": 1}, {"cam_R_m2c": [-0.4648447632789612, -0.731848418712616, 0.4983142614364624, -0.5059864521026611, -0.24227392673492432, -0.8278169631958008, 0.7265651226043701, -0.6369467377662659, -0.2576855421066284], "cam_t_m2c": [371.38995361328125, 180.43109130859375, 876.2426147460938], "obj_id": 1}, {"cam_R_m2c": [0.04629392921924591, 0.943388819694519, 0.3284425139427185, 0.9587284326553345, -0.13429632782936096, 0.2506079077720642, 0.28052929043769836, 0.30328553915023804, -0.910670816898346], "cam_t_m2c": [158.65371704101562, 136.10952758789062, 1024.7633056640625], "obj_id": 1}, {"cam_R_m2c": [0.6892682313919067, -0.7244603037834167, 0.008159608580172062, 0.724319577217102, 0.6887912750244141, -0.030460264533758163, 0.01644698530435562, 0.02690545842051506, 0.9995026588439941], "cam_t_m2c": [171.28688049316406, 534.8345336914062, 1017.704833984375], "obj_id": 1}, {"cam_R_m2c": [0.39551302790641785, 0.054533910006284714, -0.9168399572372437, 0.3702576160430908, 0.9040618538856506, 0.21349826455116272, 0.8405228853225708, -0.4239082932472229, 0.3373766243457794], "cam_t_m2c": [47.66706848144531, 256.13006591796875, 688.7283935546875], "obj_id": 1}, {"cam_R_m2c": [-0.9016995429992676, 0.08886270970106125, -0.4231323003768921, 0.43228089809417725, 0.20433039963245392, -0.8782836198806763, 0.00841208454221487, -0.9748601913452148, -0.22265812754631042], "cam_t_m2c": [280.2697448730469, 179.9653778076172, 1092.2550048828125], "obj_id": 1}, {"cam_R_m2c": [-0.27487844228744507, -0.22844040393829346, -0.9339467883110046, 0.2002408355474472, 0.9364640116691589, -0.28799083828926086, 0.9403963088989258, -0.26617681980133057, -0.2116706669330597], "cam_t_m2c": [232.29330444335938, 107.04228210449219, 983.1170654296875], "obj_id": 1}, {"cam_R_m2c": [-0.3878168761730194, 0.8723282814025879, 0.29772669076919556, 0.9113377928733826, 0.3145066797733307, 0.26561036705970764, 0.13806243240833282, 0.3743378221988678, -0.9169566631317139], "cam_t_m2c": [336.0968933105469, 321.6403503417969, 961.541748046875], "obj_id": 1}, {"cam_R_m2c": [0.6376543045043945, 0.7698836922645569, -0.02600128762423992, -0.6935327053070068, 0.5884532928466797, 0.4156140685081482, 0.3352750539779663, -0.2469853311777115, 0.9091693162918091], "cam_t_m2c": [201.00216674804688, 265.0953369140625, 1078.262939453125], "obj_id": 1}, {"cam_R_m2c": [-0.682362973690033, -0.4573146104812622, -0.57030189037323, 0.22523009777069092, -0.8737236261367798, 0.4311363697052002, -0.6954511404037476, 0.16574232280254364, 0.69919753074646], "cam_t_m2c": [274.3540954589844, 169.15354919433594, 1004.2034301757812], "obj_id": 1}, {"cam_R_m2c": [0.8641203045845032, -0.14948362112045288, 0.4805733561515808, -0.4923964738845825, -0.4486566185951233, 0.7458236813545227, 0.10412399470806122, -0.8811140060424805, -0.46129852533340454], "cam_t_m2c": [83.98706817626953, 83.69584655761719, 716.3931884765625], "obj_id": 1}, {"cam_R_m2c": [-0.11574292182922363, 0.7833365797996521, -0.6107268333435059, -0.16533391177654266, -0.621475100517273, -0.7657892107963562, -0.9794223308563232, 0.012339109554886818, 0.2014435976743698], "cam_t_m2c": [93.80060577392578, 337.9960632324219, 800.4822998046875], "obj_id": 1}, {"cam_R_m2c": [-0.3749770224094391, 0.15128423273563385, 0.9146065711975098, -0.14785537123680115, -0.98372483253479, 0.10209819674491882, 0.9151670932769775, -0.09694501012563705, 0.3912425637245178], "cam_t_m2c": [261.6311340332031, 283.1387023925781, 852.1998291015625], "obj_id": 1}, {"cam_R_m2c": [-0.9181438088417053, 0.29175645112991333, 0.2681230306625366, 0.21485470235347748, -0.20199038088321686, 0.9555298089981079, 0.3329402804374695, 0.934921383857727, 0.12277106940746307], "cam_t_m2c": [13.508316993713379, 195.10299682617188, 819.7390747070312], "obj_id": 1}, {"cam_R_m2c": [-0.6920135021209717, 0.47191664576530457, 0.5462709665298462, 0.049166467040777206, 0.7857833504676819, -0.6165445446968079, -0.7202082872390747, -0.3997989296913147, -0.5669751763343811], "cam_t_m2c": [172.29165649414062, 91.88996124267578, 779.2130737304688], "obj_id": 1}, {"cam_R_m2c": [-0.5983155965805054, 0.7587924599647522, 0.25739529728889465, -0.7890368700027466, -0.6138575673103333, -0.024485992267727852, 0.13942427933216095, -0.21774475276470184, 0.9659959077835083], "cam_t_m2c": [-28.75695037841797, 179.14894104003906, 851.6337890625], "obj_id": 1}, {"cam_R_m2c": [-0.21124015748500824, 0.6554137468338013, 0.7251278162002563, 0.7542598843574524, 0.5811471343040466, -0.30554866790771484, -0.6216667890548706, 0.4823906719684601, -0.6171139478683472], "cam_t_m2c": [15.989821434020996, 228.39480590820312, 830.0181884765625], "obj_id": 1}, {"cam_R_m2c": [-0.48519420623779297, 0.670606255531311, -0.5611363649368286, 0.3014376163482666, -0.47411754727363586, -0.8272533416748047, -0.8208057880401611, -0.5705260634422302, 0.027893034741282463], "cam_t_m2c": [266.1338195800781, 246.76409912109375, 1024.97021484375], "obj_id": 1}, {"cam_R_m2c": [0.6676315665245056, -0.7159795165061951, 0.2040622979402542, -0.5894022583961487, -0.6757645606994629, -0.4426591992378235, 0.4548330008983612, 0.17525845766067505, -0.8731616735458374], "cam_t_m2c": [263.6033935546875, 413.6587829589844, 853.3008422851562], "obj_id": 1}, {"cam_R_m2c": [0.04236458241939545, -0.9984658360481262, 0.03565178066492081, 0.7067302465438843, 0.055171214044094086, 0.7053285241127014, -0.7062134146690369, -0.004684699699282646, 0.7079834938049316], "cam_t_m2c": [339.529052734375, 335.0529479980469, 788.8009643554688], "obj_id": 1}, {"cam_R_m2c": [-0.6983221173286438, -0.4552997648715973, -0.5523119568824768, -0.09295395016670227, -0.7074000835418701, 0.7006745338439941, -0.7097223997116089, 0.5406360030174255, 0.45167112350463867], "cam_t_m2c": [115.99122619628906, 290.968017578125, 839.0726928710938], "obj_id": 1}, {"cam_R_m2c": [0.22450537979602814, 0.18434973061084747, -0.956876277923584, 0.8662312030792236, 0.4120314121246338, 0.28261879086494446, 0.4463636875152588, -0.8923256397247314, -0.0671861469745636], "cam_t_m2c": [202.25836181640625, 218.56643676757812, 713.3062133789062], "obj_id": 1}, {"cam_R_m2c": [-0.3148135840892792, -0.9446190595626831, -0.09266648441553116, -0.828865647315979, 0.3211730420589447, -0.4580715000629425, 0.4624650776386261, -0.06739910691976547, -0.8840718865394592], "cam_t_m2c": [257.344970703125, 117.96142578125, 1018.5579223632812], "obj_id": 1}, {"cam_R_m2c": [0.028483273461461067, 0.2576705515384674, -0.9658128619194031, -0.9520183801651001, 0.3015269637107849, 0.05236837640404701, 0.30471235513687134, 0.9179800152778625, 0.2538956105709076], "cam_t_m2c": [123.08000946044922, 121.1846694946289, 1038.244384765625], "obj_id": 1}, {"cam_R_m2c": [-0.8008953928947449, 0.25393661856651306, -0.542293906211853, 0.03850993514060974, 0.9255958795547485, 0.37654909491539, 0.5975646376609802, 0.2806927263736725, -0.751084566116333], "cam_t_m2c": [326.2217712402344, 304.48724365234375, 957.5615234375], "obj_id": 1}, {"cam_R_m2c": [0.4111741781234741, 0.9012095332145691, 0.1369570642709732, 0.8709734082221985, -0.34407755732536316, -0.3507363796234131, -0.268963098526001, 0.2634997069835663, -0.9264053106307983], "cam_t_m2c": [287.0409240722656, 169.14971923828125, 751.1981811523438], "obj_id": 1}, {"cam_R_m2c": [-0.2132197618484497, 0.7793038487434387, 0.5892560482025146, 0.3887271583080292, -0.48566216230392456, 0.7829580307006836, 0.8963416814804077, 0.39600202441215515, -0.1993837207555771], "cam_t_m2c": [41.620567321777344, 296.6626281738281, 738.4940795898438], "obj_id": 1}, {"cam_R_m2c": [-0.4716222584247589, 0.11186784505844116, 0.874675989151001, 0.7281087040901184, 0.6089451313018799, 0.31471186876296997, -0.4974234998226166, 0.7852842807769775, -0.36864399909973145], "cam_t_m2c": [249.20652770996094, 263.0651550292969, 1061.4615478515625], "obj_id": 1}, {"cam_R_m2c": [-0.18138602375984192, -0.5284409523010254, -0.82936692237854, -0.8111199140548706, -0.39646029472351074, 0.4300045967102051, -0.5560429692268372, 0.7507127523422241, -0.35671666264533997], "cam_t_m2c": [-29.3657169342041, 253.9205780029297, 867.5513916015625], "obj_id": 1}, {"cam_R_m2c": [-0.660976767539978, 0.7032495141029358, 0.26181960105895996, 0.6194301247596741, 0.7082656025886536, -0.33862391114234924, -0.42357492446899414, -0.06164362654089928, -0.9037610292434692], "cam_t_m2c": [100.35021209716797, 43.141239166259766, 749.7919921875], "obj_id": 1}, {"cam_R_m2c": [-0.5647700428962708, 0.5883437395095825, 0.5786938071250916, -0.05404014140367508, 0.673364520072937, -0.7373329997062683, -0.8234770894050598, -0.4476962387561798, -0.34850192070007324], "cam_t_m2c": [86.24748229980469, 298.0755615234375, 722.7000122070312], "obj_id": 1}, {"cam_R_m2c": [0.7728264927864075, -0.4315808415412903, 0.4652710556983948, 0.6076759696006775, 0.7146108150482178, -0.34649857878685, -0.18294557929039001, 0.5505173206329346, 0.8145315051078796], "cam_t_m2c": [256.7572021484375, 355.8928527832031, 949.210205078125], "obj_id": 1}, {"cam_R_m2c": [-0.9505099654197693, -0.02577844262123108, -0.3096226453781128, 0.23236511647701263, -0.7205148339271545, -0.6533488631248474, -0.20624540746212006, -0.6929601430892944, 0.6908466219902039], "cam_t_m2c": [187.38858032226562, 235.83477783203125, 856.1795043945312], "obj_id": 1}, {"cam_R_m2c": [-0.649318516254425, -0.4076908230781555, -0.6420075297355652, 0.6287661194801331, 0.1871112734079361, -0.754746675491333, 0.42783012986183167, -0.8937435746192932, 0.13484735786914825], "cam_t_m2c": [202.6203155517578, 94.77629089355469, 829.6508178710938], "obj_id": 1}, {"cam_R_m2c": [-0.9717637300491333, 0.13799163699150085, -0.19139830768108368, -0.18568812310695648, -0.9477246403694153, 0.2594950795173645, -0.14558476209640503, 0.2877083122730255, 0.9465880990028381], "cam_t_m2c": [245.58663940429688, 329.4377746582031, 997.0335693359375], "obj_id": 1}, {"cam_R_m2c": [0.6282966732978821, -0.2539330720901489, -0.7353647351264954, 0.40308859944343567, -0.7022035121917725, 0.5868814587593079, -0.6654043197631836, -0.6651527881622314, -0.33883464336395264], "cam_t_m2c": [174.5170135498047, 438.9550476074219, 979.3228759765625], "obj_id": 1}, {"cam_R_m2c": [-0.30429115891456604, -0.6458016633987427, 0.7002478241920471, -0.7750223875045776, 0.5952474474906921, 0.212180957198143, -0.5538475513458252, -0.47814294695854187, -0.6816392540931702], "cam_t_m2c": [157.2798309326172, 123.1916732788086, 774.5975952148438], "obj_id": 1}, {"cam_R_m2c": [0.518250584602356, 0.718748152256012, -0.46348387002944946, 0.7653893828392029, -0.14800015091896057, 0.6263184547424316, 0.381569504737854, -0.6793355345726013, -0.626823365688324], "cam_t_m2c": [14.827583312988281, 248.2849578857422, 849.1724243164062], "obj_id": 1}, {"cam_R_m2c": [-0.5607147812843323, -0.6024140119552612, 0.5680635571479797, -0.4332222640514374, 0.7981038093566895, 0.418746680021286, -0.7056325674057007, -0.01130031980574131, -0.7084877490997314], "cam_t_m2c": [256.45159912109375, 371.2400207519531, 978.70947265625], "obj_id": 1}, {"cam_R_m2c": [-0.5977612733840942, -0.5302441716194153, 0.601267397403717, 0.7343970537185669, -0.6629457473754883, 0.1454777717590332, 0.32146894931793213, 0.5285300016403198, 0.7856931686401367], "cam_t_m2c": [375.9026794433594, 182.22274780273438, 776.8076171875], "obj_id": 1}, {"cam_R_m2c": [0.9444324970245361, 0.13802598416805267, 0.29832205176353455, -0.2658546566963196, -0.21298694610595703, 0.9401902556419373, 0.19330941140651703, -0.9672566056251526, -0.16445693373680115], "cam_t_m2c": [118.1123275756836, 75.74974060058594, 746.5156860351562], "obj_id": 1}, {"cam_R_m2c": [0.42217928171157837, 0.7977898716926575, 0.43046024441719055, -0.6756881475448608, -0.03962166607379913, 0.7361220717430115, 0.6043262481689453, -0.6016323566436768, 0.5223296880722046], "cam_t_m2c": [101.40618896484375, 46.51904296875, 798.95556640625], "obj_id": 1}, {"cam_R_m2c": [0.013981317169964314, -0.7821483612060547, -0.6229352951049805, -0.3744291365146637, -0.5817627906799316, 0.7220489978790283, -0.9271500706672668, 0.22314997017383575, -0.3009929060935974], "cam_t_m2c": [303.5708923339844, 74.62049865722656, 715.8440551757812], "obj_id": 1}, {"cam_R_m2c": [0.549964427947998, 0.8312307596206665, -0.08120673149824142, -0.3817770183086395, 0.1637272983789444, -0.9096370935440063, -0.7428225874900818, 0.5312709212303162, 0.4073890149593353], "cam_t_m2c": [208.4655303955078, 95.23871612548828, 834.8978271484375], "obj_id": 1}, {"cam_R_m2c": [-0.9447155594825745, -0.23167912662029266, 0.23202791810035706, 0.3245040774345398, -0.7620575428009033, 0.5603259205818176, 0.04700282961130142, 0.6046426892280579, 0.7951087355613708], "cam_t_m2c": [185.88771057128906, 141.23489379882812, 943.0401611328125], "obj_id": 1}, {"cam_R_m2c": [-0.7823184728622437, 0.3741465210914612, -0.49798783659935, 0.186404287815094, -0.6222251653671265, -0.7603216767311096, -0.5943323969841003, -0.6876408457756042, 0.4170359671115875], "cam_t_m2c": [334.220703125, 246.7522430419922, 1082.3731689453125], "obj_id": 3}, {"cam_R_m2c": [-0.059434011578559875, -0.797132134437561, -0.600872814655304, -0.5143919587135315, 0.5403213500976562, -0.6659232974052429, 0.8554932475090027, 0.26950567960739136, -0.442151814699173], "cam_t_m2c": [56.427223205566406, 277.91827392578125, 1036.8048095703125], "obj_id": 1}, {"cam_R_m2c": [0.8553121089935303, 0.06723430007696152, 0.5137321949005127, 0.28320178389549255, -0.8909800052642822, -0.3548959791660309, 0.43386396765708923, 0.44903671741485596, -0.7811068892478943], "cam_t_m2c": [351.4214782714844, 223.72711181640625, 707.6160278320312], "obj_id": 1}, {"cam_R_m2c": [-0.5730648040771484, 0.0780041366815567, -0.8157891631126404, -0.49473249912261963, 0.7606678605079651, 0.420266717672348, 0.6533271074295044, 0.6444375514984131, -0.39732077717781067], "cam_t_m2c": [226.1857452392578, 457.8229064941406, 890.5121459960938], "obj_id": 1}, {"cam_R_m2c": [0.41943761706352234, -0.36614707112312317, 0.8306673765182495, 0.8905723690986633, 0.34331145882606506, -0.2983589172363281, -0.17593435943126678, 0.8649123907089233, 0.4700782597064972], "cam_t_m2c": [347.9486999511719, 183.61947631835938, 709.077392578125], "obj_id": 1}, {"cam_R_m2c": [-0.5722758173942566, -0.30084431171417236, -0.7628846168518066, 0.8190248608589172, -0.256429523229599, -0.5132660269737244, -0.04121299833059311, -0.9185513257980347, 0.3931474983692169], "cam_t_m2c": [233.55807495117188, 264.5389709472656, 1088.2130126953125], "obj_id": 3}, {"cam_R_m2c": [0.7321029305458069, -0.45204904675483704, -0.5095850825309753, 0.6775848865509033, 0.560163140296936, 0.4765458405017853, 0.07002866268157959, -0.6941677331924438, 0.7163987159729004], "cam_t_m2c": [301.2666015625, 337.099365234375, 807.35791015625], "obj_id": 1}, {"cam_R_m2c": [0.9619552493095398, -0.2711355686187744, 0.033578820526599884, -0.14577265083789825, -0.6133199334144592, -0.7762660384178162, 0.23106791079044342, 0.7418383359909058, -0.6295105218887329], "cam_t_m2c": [142.2666015625, 487.9048156738281, 817.7001953125], "obj_id": 1}, {"cam_R_m2c": [0.2768082916736603, 0.6710838079452515, -0.6877671480178833, -0.4446081221103668, 0.723958432674408, 0.5274540781974792, 0.8518807291984558, 0.15978321433067322, 0.49876701831817627], "cam_t_m2c": [246.34423828125, 138.92410278320312, 1109.4029541015625], "obj_id": 1}, {"cam_R_m2c": [0.2168826162815094, 0.4301413595676422, 0.8763220310211182, 0.32544511556625366, -0.8781939148902893, 0.3505151569843292, 0.9203517436981201, 0.20917408168315887, -0.3304523825645447], "cam_t_m2c": [-37.78691864013672, 196.9833221435547, 834.2721557617188], "obj_id": 3}, {"cam_R_m2c": [0.9735683798789978, 0.1212184727191925, -0.19357335567474365, -0.19116602838039398, 0.8962644934654236, -0.40020689368247986, 0.12498044967651367, 0.42663344740867615, 0.8957476019859314], "cam_t_m2c": [129.31893920898438, 268.3231506347656, 724.7266845703125], "obj_id": 1}, {"cam_R_m2c": [-0.5688996315002441, -0.5124894380569458, 0.6432010531425476, 0.27890637516975403, -0.8559752702713013, -0.4353359341621399, 0.7736693620681763, -0.06826961040496826, 0.6299007534980774], "cam_t_m2c": [175.8020477294922, 46.259639739990234, 1113.6444091796875], "obj_id": 1}, {"cam_R_m2c": [-0.8230319619178772, -0.05412610247731209, -0.565410315990448, 0.4625520706176758, 0.5138503909111023, -0.7224979996681213, 0.32964232563972473, -0.856170654296875, -0.3978791832923889], "cam_t_m2c": [127.91783905029297, 210.1658172607422, 1029.6773681640625], "obj_id": 3}, {"cam_R_m2c": [0.7593252658843994, 0.6500672698020935, -0.02894337847828865, 0.35514119267463684, -0.4512806236743927, -0.8186699748039246, -0.5452521443367004, 0.6113578081130981, -0.5735344290733337], "cam_t_m2c": [333.8822021484375, 281.483154296875, 702.7484130859375], "obj_id": 1}, {"cam_R_m2c": [0.4377163350582123, -0.44934651255607605, 0.7787760496139526, 0.894808828830719, 0.30236026644706726, -0.3284742832183838, -0.08787212520837784, 0.8406342267990112, 0.534427285194397], "cam_t_m2c": [225.6925811767578, 336.214111328125, 742.1229248046875], "obj_id": 3}, {"cam_R_m2c": [-0.18780045211315155, 0.981818437576294, 0.027631953358650208, 0.6214847564697266, 0.09699765592813492, 0.7773982882499695, 0.760583758354187, 0.16316859424114227, -0.6284013986587524], "cam_t_m2c": [328.666015625, 302.3446350097656, 1046.44677734375], "obj_id": 3}, {"cam_R_m2c": [0.995145857334137, -0.05408032238483429, 0.08221937716007233, 0.06432141363620758, -0.27488359808921814, -0.959323525428772, 0.0744812935590744, 0.9599553346633911, -0.27007076144218445], "cam_t_m2c": [222.5849151611328, 240.89454650878906, 939.3564453125], "obj_id": 3}, {"cam_R_m2c": [-0.03953276947140694, -0.4611900746822357, 0.8864203095436096, -0.7034047842025757, -0.6172230839729309, -0.35250169038772583, 0.7096893191337585, -0.6374476552009583, -0.3000028431415558], "cam_t_m2c": [341.55596923828125, 246.4574737548828, 1077.1326904296875], "obj_id": 3}, {"cam_R_m2c": [-0.25809362530708313, -0.9078618884086609, -0.33041536808013916, 0.2917492389678955, 0.2527964115142822, -0.9224837422370911, 0.9210156798362732, -0.3344856798648834, 0.19962292909622192], "cam_t_m2c": [229.79747009277344, 107.74571990966797, 852.769775390625], "obj_id": 1}, {"cam_R_m2c": [0.9001820683479309, 0.43060633540153503, 0.06519559025764465, -0.36196208000183105, 0.6564772725105286, 0.6618315577507019, 0.2421894520521164, -0.6193671822547913, 0.7468122243881226], "cam_t_m2c": [108.9618148803711, 142.48532104492188, 1087.824951171875], "obj_id": 3}, {"cam_R_m2c": [-0.30908840894699097, -0.868485152721405, -0.3875533938407898, 0.4423290193080902, 0.22946859896183014, -0.8670000433921814, 0.8419080376625061, -0.4394058883190155, 0.3132302165031433], "cam_t_m2c": [110.7627944946289, 345.49908447265625, 897.8406982421875], "obj_id": 3}, {"cam_R_m2c": [0.6858733892440796, 0.34099748730659485, 0.6428828835487366, 0.2845306992530823, -0.9387546181678772, 0.1943759024143219, 0.6697909832000732, 0.049602657556533813, -0.7408910989761353], "cam_t_m2c": [124.74862670898438, 98.90396881103516, 978.7158203125], "obj_id": 3}, {"cam_R_m2c": [0.4967406690120697, -0.15822675824165344, -0.8533539772033691, -0.563341498374939, 0.6891840696334839, -0.4557100534439087, 0.6602234840393066, 0.707099437713623, 0.25321006774902344], "cam_t_m2c": [332.1756896972656, 158.02801513671875, 776.7112426757812], "obj_id": 1}, {"cam_R_m2c": [0.6326802968978882, -0.7599999904632568, -0.14871327579021454, 0.5057933330535889, 0.5509488582611084, -0.6637985110282898, 0.5864202380180359, 0.34475407004356384, 0.7329774498939514], "cam_t_m2c": [218.59893798828125, -24.26283073425293, 808.6207885742188], "obj_id": 3}, {"cam_R_m2c": [-0.8158227205276489, -0.11182142049074173, 0.5673879384994507, 0.5741452574729919, -0.2740383446216583, 0.7715309858322144, 0.06921239197254181, 0.9551956653594971, 0.28776857256889343], "cam_t_m2c": [290.2941589355469, 284.9229736328125, 973.41015625], "obj_id": 3}, {"cam_R_m2c": [-0.7212339043617249, -0.5356848835945129, -0.43916189670562744, -0.10170833021402359, 0.7090179920196533, -0.6978172063827515, 0.6851838231086731, -0.4586230516433716, -0.5658513903617859], "cam_t_m2c": [106.19275665283203, 304.8818664550781, 846.1595458984375], "obj_id": 1}, {"cam_R_m2c": [-0.17063412070274353, -0.8093401789665222, 0.5620075464248657, 0.9697945713996887, -0.238845095038414, -0.049513399600982666, 0.17430591583251953, 0.5365831255912781, 0.825648844242096], "cam_t_m2c": [207.11839294433594, 52.09889602661133, 916.998779296875], "obj_id": 1}, {"cam_R_m2c": [-0.9975689053535461, 0.04577305540442467, -0.0525461845099926, 0.03845817968249321, 0.9904177784919739, 0.1326407492160797, 0.05811404809355736, 0.13029745221138, -0.9897702932357788], "cam_t_m2c": [288.18255615234375, 45.613914489746094, 779.722412109375], "obj_id": 1}, {"cam_R_m2c": [0.5371766686439514, -0.42067813873291016, 0.7310752868652344, 0.015569208189845085, -0.8616544008255005, -0.5072564482688904, 0.8433260321617126, 0.28386858105659485, -0.4563109874725342], "cam_t_m2c": [149.85906982421875, 450.7851867675781, 1025.3768310546875], "obj_id": 1}, {"cam_R_m2c": [0.3721484839916229, 0.41542303562164307, 0.8300175666809082, 0.25566282868385315, -0.9055348038673401, 0.3385898172855377, 0.8922678828239441, 0.08619897067546844, -0.44320160150527954], "cam_t_m2c": [229.35699462890625, -30.96906852722168, 749.2840576171875], "obj_id": 1}, {"cam_R_m2c": [-0.5624505281448364, -0.03846989572048187, 0.825935423374176, -0.6006566882133484, 0.7054789066314697, -0.3761795163154602, -0.5682084560394287, -0.7076860666275024, -0.4199042022228241], "cam_t_m2c": [267.842041015625, 317.47698974609375, 1014.7741088867188], "obj_id": 3}, {"cam_R_m2c": [0.6312297582626343, -0.6515896916389465, -0.42068973183631897, -0.39691781997680664, 0.19461067020893097, -0.8969854116439819, 0.6663371920585632, 0.7331830859184265, -0.13578350841999054], "cam_t_m2c": [337.34112548828125, 238.0018310546875, 908.744873046875], "obj_id": 3}, {"cam_R_m2c": [0.659193217754364, 0.41948971152305603, 0.6240934729576111, -0.018446924164891243, -0.8206698894500732, 0.5711046457290649, 0.7517472505569458, -0.3879809081554413, -0.5332416892051697], "cam_t_m2c": [182.12322998046875, 307.0978088378906, 804.525390625], "obj_id": 3}, {"cam_R_m2c": [-0.6102280616760254, 0.14968015253543854, -0.7779571413993835, -0.7489321827888489, 0.2111852467060089, 0.6280933618545532, 0.2583061158657074, 0.9659174680709839, -0.016770750284194946], "cam_t_m2c": [232.12464904785156, 436.44195556640625, 819.5891723632812], "obj_id": 1}, {"cam_R_m2c": [0.5978488922119141, 0.3306962251663208, -0.7302168607711792, 0.6414741277694702, -0.7436469793319702, 0.1884142905473709, -0.48071572184562683, -0.5810585021972656, -0.6567215919494629], "cam_t_m2c": [219.28590393066406, 171.5541229248047, 934.3348999023438], "obj_id": 3}, {"cam_R_m2c": [-0.9529393911361694, 0.1298992782831192, -0.27392056584358215, 0.18854345381259918, -0.4536036252975464, -0.8710309863090515, -0.2373976856470108, -0.881685733795166, 0.40776526927948], "cam_t_m2c": [107.13131713867188, 328.0955505371094, 782.9788818359375], "obj_id": 1}, {"cam_R_m2c": [0.8558428287506104, -0.32336026430130005, 0.4036969244480133, 0.48201555013656616, 0.7816961407661438, -0.3957425653934479, -0.18760091066360474, 0.5332816243171692, 0.824873685836792], "cam_t_m2c": [161.92945861816406, 289.3553771972656, 700.0110473632812], "obj_id": 1}, {"cam_R_m2c": [0.8612470030784607, 0.4479883313179016, 0.23991671204566956, -0.011934781447052956, 0.48980391025543213, -0.8717508912086487, -0.5080463886260986, 0.7479295134544373, 0.42718878388404846], "cam_t_m2c": [113.86781311035156, 202.56015014648438, 952.4620971679688], "obj_id": 3}, {"cam_R_m2c": [0.7702639102935791, -0.15447035431861877, -0.6187345385551453, 0.0033873843494802713, -0.9692164659500122, 0.2461869716644287, -0.6377162933349609, -0.19172482192516327, -0.7460291981697083], "cam_t_m2c": [403.3515625, 217.24569702148438, 1063.45703125], "obj_id": 3}, {"cam_R_m2c": [-0.9783309698104858, 0.09311480075120926, 0.1849278062582016, 0.1461474448442459, 0.9432389140129089, 0.2982301712036133, -0.14666146039962769, 0.31879451870918274, -0.9364083409309387], "cam_t_m2c": [233.17457580566406, 42.09086227416992, 1116.314697265625], "obj_id": 3}, {"cam_R_m2c": [0.6596217751502991, 0.6631333827972412, -0.35377004742622375, -0.46110016107559204, 0.7287471890449524, 0.5062748193740845, 0.5935366153717041, -0.17082646489143372, 0.7864683866500854], "cam_t_m2c": [74.16241455078125, 248.8296356201172, 712.31494140625], "obj_id": 1}, {"cam_R_m2c": [-0.9127562046051025, -0.3323640823364258, 0.23750819265842438, 0.05466253310441971, 0.47680798172950745, 0.8773061633110046, -0.4048308730125427, 0.8137494921684265, -0.417041540145874], "cam_t_m2c": [80.86431884765625, 143.28543090820312, 1051.720947265625], "obj_id": 1}, {"cam_R_m2c": [0.524747908115387, -0.07710959017276764, -0.8477580547332764, 0.054764021188020706, -0.9907678365707397, 0.12401534616947174, -0.8494942784309387, -0.11150342971086502, -0.5156804323196411], "cam_t_m2c": [61.71799850463867, 126.94144439697266, 1057.316650390625], "obj_id": 3}, {"cam_R_m2c": [-0.733632504940033, -0.1113564595580101, -0.6703603267669678, 0.565402626991272, 0.4472062885761261, -0.6930558085441589, 0.37696555256843567, -0.8874717950820923, -0.26512378454208374], "cam_t_m2c": [290.0129089355469, 216.75489807128906, 954.049560546875], "obj_id": 3}, {"cam_R_m2c": [-0.3031264543533325, -0.7941927313804626, 0.5266613960266113, 0.6559365391731262, -0.5747940540313721, -0.4892433285713196, 0.6912753582000732, 0.19715385138988495, 0.6951753497123718], "cam_t_m2c": [189.66696166992188, 506.8797607421875, 1039.2535400390625], "obj_id": 3}, {"cam_R_m2c": [0.5660409331321716, 0.19162891805171967, 0.801795482635498, -0.7020925283432007, -0.3976714015007019, 0.5906972885131836, 0.4320458769798279, -0.8972935080528259, -0.09055699408054352], "cam_t_m2c": [302.6232604980469, 337.2706298828125, 1067.260498046875], "obj_id": 3}, {"cam_R_m2c": [-0.29480496048927307, 0.5548087358474731, -0.7779956459999084, -0.9529719948768616, -0.23055610060691833, 0.1966930627822876, -0.07024465501308441, 0.7993941903114319, 0.5966863036155701], "cam_t_m2c": [9.351374626159668, 253.81756591796875, 788.205322265625], "obj_id": 3}, {"cam_R_m2c": [-0.4759187698364258, -0.8082999587059021, -0.3466300070285797, 0.6348088383674622, -0.5884879231452942, 0.5006990432739258, -0.6087026596069336, 0.018248308449983597, 0.7931885719299316], "cam_t_m2c": [164.5727996826172, 322.32391357421875, 935.6727294921875], "obj_id": 3}, {"cam_R_m2c": [0.4178231954574585, 0.8687596917152405, -0.26585763692855835, 0.8952337503433228, -0.44356420636177063, -0.042509470134973526, -0.15485548973083496, -0.22024331986904144, -0.9630743861198425], "cam_t_m2c": [123.83387756347656, 233.54222106933594, 692.5286865234375], "obj_id": 3}, {"cam_R_m2c": [0.9155557751655579, 0.13552901148796082, -0.37866806983947754, -0.33298158645629883, 0.7834757566452026, -0.5246798396110535, 0.22556792199611664, 0.6064631938934326, 0.7624444365501404], "cam_t_m2c": [50.01715087890625, 291.0036315917969, 1048.5889892578125], "obj_id": 1}, {"cam_R_m2c": [-0.4100116491317749, 0.34714779257774353, -0.8434325456619263, 0.7875056266784668, -0.3317793607711792, -0.5193813443183899, -0.4601357877254486, -0.8771604299545288, -0.13734720647335052], "cam_t_m2c": [22.391794204711914, 131.07806396484375, 742.09228515625], "obj_id": 3}, {"cam_R_m2c": [-0.979949951171875, -0.020791219547390938, 0.19815605878829956, 0.15894651412963867, -0.6812744140625, 0.7145636081695557, 0.12014200538396835, 0.7317327857017517, 0.6709195375442505], "cam_t_m2c": [162.94540405273438, 320.7136535644531, 863.3395385742188], "obj_id": 1}, {"cam_R_m2c": [-0.524917483329773, 0.7011350989341736, -0.4825671911239624, 0.07423388212919235, -0.5270845890045166, -0.8465642929077148, -0.847909688949585, -0.48019930720329285, 0.22462798655033112], "cam_t_m2c": [299.0671691894531, 345.1000061035156, 1044.87060546875], "obj_id": 3}, {"cam_R_m2c": [0.4494436979293823, -0.05423867702484131, 0.8916605710983276, -0.8149188756942749, 0.38398900628089905, 0.43411949276924133, -0.36593395471572876, -0.9217432737350464, 0.12838129699230194], "cam_t_m2c": [314.0754089355469, 290.9841003417969, 752.798583984375], "obj_id": 3}, {"cam_R_m2c": [-0.016448084264993668, -0.6756471991539001, 0.7370416522026062, 0.8594346642494202, -0.3862697184085846, -0.33491459488868713, 0.5109809637069702, 0.6279304027557373, 0.5870279669761658], "cam_t_m2c": [282.25262451171875, 264.6678466796875, 734.373046875], "obj_id": 1}, {"cam_R_m2c": [0.6512395739555359, -0.06357482075691223, -0.7562044858932495, 0.7588376402854919, 0.0450512059032917, 0.649719774723053, -0.007237906567752361, -0.9969596862792969, 0.07758210599422455], "cam_t_m2c": [310.5924072265625, 50.323638916015625, 742.6659545898438], "obj_id": 1}, {"cam_R_m2c": [0.0687786191701889, 0.9833162426948547, 0.16840004920959473, -0.9860754013061523, 0.04138791188597679, 0.1