{
  "0": [{"cam_R_m2c": [0.764214038848877, 0.42812681198120117, -0.4823736548423767, -0.3952684700489044, 0.9018872380256653, 0.17424750328063965, 0.5096466541290283, 0.057504717260599136, 0.8584599494934082], "cam_t_m2c": [1.3507256507873535, -179.4437713623047, 3992.599853515625], "obj_id": 1}, {"cam_R_m2c": [0.2957983613014221, -0.4217953681945801, 0.8570833802223206, -0.028846709057688713, -0.9007692337036133, -0.43333882093429565, 0.9548147320747375, 0.10345686227083206, -0.278613418340683], "cam_t_m2c": [-39.77275085449219, -270.9902648925781, 4098.1953125], "obj_id": 1}, {"cam_R_m2c": [-0.30769774317741394, 0.9514632821083069, 0.006296367850154638, -0.947894275188446, -0.3071044087409973, 0.08475401252508163, 0.08257397264242172, 0.02011032961308956, 0.9963819980621338], "cam_t_m2c": [-169.49684143066406, -153.99530029296875, 4066.434326171875], "obj_id": 1}, {"cam_R_m2c": [0.8785801529884338, -0.46411988139152527, 0.11264850199222565, -0.47621235251426697, -0.8333854079246521, 0.2805185317993164, -0.03631461039185524, -0.3001026213169098, -0.953215479850769], "cam_t_m2c": [-341.892822265625, 64.59475708007812, 3847.62744140625], "obj_id": 0}, {"cam_R_m2c": [-0.39369237422943115, -0.8754082322120667, -0.2804756164550781, 0.809738278388977, -0.1858314424753189, -0.5565881729125977, 0.43512067198753357, -0.44623643159866333, 0.7820121645927429], "cam_t_m2c": [-45.51613235473633, -173.74703979492188, 3922.767578125], "obj_id": 0}, {"cam_R_m2c": [0.8790631294250488, 0.4672636389732361, -0.09440705925226212, -0.21164029836654663, 0.20508986711502075, -0.9555869698524475, -0.4271491467952728, 0.8600016236305237, 0.27917876839637756], "cam_t_m2c": [40.94670867919922, -271.13092041015625, 4102.8056640625], "obj_id": 0}, {"cam_R_m2c": [0.7133761048316956, -0.6207725405693054, 0.32517072558403015, 0.6976388096809387, 0.5852015018463135, -0.41332709789276123, 0.0662916973233223, 0.5217093825340271, 0.8505437970161438], "cam_t_m2c": [-9.257136344909668, 15.17959976196289, 3926.82470703125], "obj_id": 1}, {"cam_R_m2c": [0.20429551601409912, -0.3109701871871948, -0.9282029867172241, 0.8873439431190491, 0.4592416286468506, 0.04144555702805519, 0.41338109970092773, -0.8321025371551514, 0.36975857615470886], "cam_t_m2c": [203.5022735595703, -77.0770492553711, 3961.509033203125], "obj_id": 1}, {"cam_R_m2c": [-0.7381600141525269, 0.5944378972053528, -0.3190036714076996, 0.6337370276451111, 0.7731183767318726, -0.025794288143515587, 0.23129451274871826, -0.2212047576904297, -0.9474024176597595], "cam_t_m2c": [129.5435791015625, 77.33566284179688, 3933.847412109375], "obj_id": 0}, {"cam_R_m2c": [-0.09203486144542694, 0.2942241132259369, 0.9512948393821716, -0.5183723568916321, -0.8298456072807312, 0.20651037991046906, 0.8501880764961243, -0.47411879897117615, 0.2288922518491745], "cam_t_m2c": [253.29962158203125, -146.6395721435547, 3952.384033203125], "obj_id": 0}, {"cam_R_m2c": [-0.4258570373058319, 0.5217811465263367, -0.7391821146011353, 0.39539507031440735, -0.6275060772895813, -0.6707449555397034, -0.813823401927948, -0.5779104232788086, 0.06091821938753128], "cam_t_m2c": [72.63243103027344, 218.43299865722656, 3657.578125], "obj_id": 1}, {"cam_R_m2c": [-0.7769440412521362, -0.011698964051902294, -0.629460871219635, 0.4732682406902313, -0.6702068448066711, -0.5716991424560547, -0.4151807129383087, -0.7420821189880371, 0.5262500643730164], "cam_t_m2c": [54.922401428222656, -7.833652019500732, 3600.065185546875], "obj_id": 1}, {"cam_R_m2c": [0.5273100137710571, 0.8232330679893494, 0.21031250059604645, 0.3161764144897461, 0.039632152765989304, -0.9478721022605896, -0.7886548638343811, 0.5663182735443115, -0.23938843607902527], "cam_t_m2c": [-304.3203430175781, -111.9563980102539, 3787.223388671875], "obj_id": 0}, {"cam_R_m2c": [0.4694262444972992, -0.8327255845069885, 0.29361045360565186, 0.8768173456192017, 0.47881948947906494, -0.04385346546769142, -0.10406848788261414, 0.2780287265777588, 0.9549187421798706], "cam_t_m2c": [-148.65896606445312, -78.34632873535156, 3940.756591796875], "obj_id": 1}, {"cam_R_m2c": [0.8013992309570312, -0.2833285927772522, 0.5267676711082458, 0.5115408301353455, 0.7810714244842529, -0.35812488198280334, -0.30997616052627563, 0.5564641952514648, 0.7708841562271118], "cam_t_m2c": [-1.8605797290802002, -73.3890380859375, 3721.74072265625], "obj_id": 1}, {"cam_R_m2c": [0.8975717425346375, 0.1875365525484085, 0.39899253845214844, -0.05676339566707611, 0.9466413855552673, -0.31725063920021057, -0.4371989369392395, 0.2621070444583893, 0.8603237867355347], "cam_t_m2c": [251.5747833251953, 34.69858169555664, 4113.56689453125], "obj_id": 1}, {"cam_R_m2c": [-0.1705126017332077, -0.5243693590164185, 0.8342434167861938, 0.46353596448898315, 0.7044242024421692, 0.5375136137008667, -0.8695169687271118, 0.4783547520637512, 0.12295090407133102], "cam_t_m2c": [-2.9406697750091553, 190.9964599609375, 3728.4619140625], "obj_id": 0}, {"cam_R_m2c": [0.18622124195098877, -0.2982747554779053, 0.9361376762390137, 0.9433653354644775, 0.3205416202545166, -0.08552712947130203, -0.27456051111221313, 0.8990468382835388, 0.34107375144958496], "cam_t_m2c": [-266.3072509765625, 61.320499420166016, 3898.3837890625], "obj_id": 0}, {"cam_R_m2c": [-0.5939399600028992, -0.4561785161495209, -0.662673830986023, -0.7776100039482117, 0.1143023893237114, 0.6182699203491211, -0.20629623532295227, 0.8825169801712036, -0.4226177930831909], "cam_t_m2c": [-58.54549789428711, 31.976543426513672, 3794.52490234375], "obj_id": 0}, {"cam_R_m2c": [-0.404702752828598, -0.5914891362190247, -0.697392463684082, -0.9094570875167847, 0.1807710975408554, 0.3744457960128784, -0.0954122319817543, 0.7857877612113953, -0.6110925078392029], "cam_t_m2c": [-115.57916259765625, -166.32681274414062, 4171.23193359375], "obj_id": 0}]
}