{
  "0": [{"cam_R_m2c": [0.25708290934562683, -0.5527571439743042, -0.7926965355873108, -0.8475125432014465, -0.5231051445007324, 0.08990729600191116, -0.46436062455177307, 0.6487066745758057, -0.6029499769210815], "cam_t_m2c": [13.167455673217773, 178.94822692871094, 639.4051513671875], "obj_id": 0}, {"cam_R_m2c": [-0.42428362369537354, 0.5950935482978821, -0.6825298070907593, 0.6288389563560486, 0.7359799742698669, 0.25078874826431274, 0.6515710353851318, -0.3227957785129547, -0.6864822506904602], "cam_t_m2c": [-527.6619873046875, 143.01541137695312, 325.4805603027344], "obj_id": 2}, {"cam_R_m2c": [0.9048827886581421, 0.35555821657180786, -0.23402023315429688, 0.3216715157032013, -0.21113811433315277, 0.9230102896690369, 0.27877330780029297, -0.9104937314987183, -0.3054282069206238], "cam_t_m2c": [-199.91921997070312, 66.35602569580078, 566.4882202148438], "obj_id": 3}, {"cam_R_m2c": [-0.045507173985242844, 0.003735230304300785, -0.9989570379257202, 0.6925879716873169, 0.7207560539245605, -0.028855619952082634, 0.7198965549468994, -0.6931787729263306, -0.035386547446250916], "cam_t_m2c": [-193.1547393798828, 21.779462814331055, 663.993408203125], "obj_id": 1}, {"cam_R_m2c": [0.8752110004425049, -0.44312718510627747, -0.19402067363262177, 0.4510303735733032, 0.8925003409385681, -0.0038368746172636747, 0.17486374080181122, -0.08415114134550095, 0.980989933013916], "cam_t_m2c": [-163.83273315429688, -1.8042865991592407, 727.3551635742188], "obj_id": 1}, {"cam_R_m2c": [-0.25513318181037903, 0.33511316776275635, -0.9069763422012329, 0.26129698753356934, 0.9270142912864685, 0.26901376247406006, 0.9309300780296326, -0.16835583746433258, -0.3240761458873749], "cam_t_m2c": [23.364185333251953, 78.9006118774414, 711.9149169921875], "obj_id": 1}, {"cam_R_m2c": [-0.9484016299247742, -0.23933550715446472, 0.20797310769557953, 0.31638792157173157, -0.6712948083877563, 0.6702700257301331, -0.020808149129152298, 0.7014853954315186, 0.7123799920082092], "cam_t_m2c": [165.7670440673828, 98.3852767944336, 758.7005615234375], "obj_id": 3}, {"cam_R_m2c": [-0.07600423693656921, 0.13463905453681946, -0.987975537776947, 0.2299407571554184, 0.9665018916130066, 0.11402349174022675, 0.9702322483062744, -0.21850956976413727, -0.10441724956035614], "cam_t_m2c": [-523.7099609375, 11.384934425354004, 455.09088134765625], "obj_id": 2}],
  "1": [{"cam_R_m2c": [0.25708290934562683, -0.5527571439743042, -0.7926965355873108, -0.8475125432014465, -0.5231051445007324, 0.08990729600191116, -0.46436062455177307, 0.6487066745758057, -0.6029499769210815], "cam_t_m2c": [13.167455673217773, 178.94822692871094, 639.4051513671875], "obj_id": 0}, {"cam_R_m2c": [-0.42428362369537354, 0.5950935482978821, -0.6825298070907593, 0.6288389563560486, 0.7359799742698669, 0.25078874826431274, 0.6515710353851318, -0.3227957785129547, -0.6864822506904602], "cam_t_m2c": [-527.6619873046875, 143.01541137695312, 325.4805603027344], "obj_id": 2}, {"cam_R_m2c": [0.9048827886581421, 0.35555821657180786, -0.23402023315429688, 0.3216715157032013, -0.21113811433315277, 0.9230102896690369, 0.27877330780029297, -0.9104937314987183, -0.3054282069206238], "cam_t_m2c": [-199.91921997070312, 66.35602569580078, 566.4882202148438], "obj_id": 3}, {"cam_R_m2c": [-0.045507173985242844, 0.003735230304300785, -0.9989570379257202, 0.6925879716873169, 0.7207560539245605, -0.028855619952082634, 0.7198965549468994, -0.6931787729263306, -0.035386547446250916], "cam_t_m2c": [-193.1547393798828, 21.779462814331055, 663.993408203125], "obj_id": 1}, {"cam_R_m2c": [0.8752110004425049, -0.44312718510627747, -0.19402067363262177, 0.4510303735733032, 0.8925003409385681, -0.0038368746172636747, 0.17486374080181122, -0.08415114134550095, 0.980989933013916], "cam_t_m2c": [-163.83273315429688, -1.8042865991592407, 727.3551635742188], "obj_id": 1}, {"cam_R_m2c": [-0.25513318181037903, 0.33511316776275635, -0.9069763422012329, 0.26129698753356934, 0.9270142912864685, 0.26901376247406006, 0.9309300780296326, -0.16835583746433258, -0.3240761458873749], "cam_t_m2c": [23.364185333251953, 78.9006118774414, 711.9149169921875], "obj_id": 1}, {"cam_R_m2c": [-0.9484016299247742, -0.23933550715446472, 0.20797310769557953, 0.31638792157173157, -0.6712948083877563, 0.6702700257301331, -0.020808149129152298, 0.7014853954315186, 0.7123799920082092], "cam_t_m2c": [165.7670440673828, 98.3852767944336, 758.7005615234375], "obj_id": 3}, {"cam_R_m2c": [-0.07600423693656921, 0.13463905453681946, -0.987975537776947, 0.2299407571554184, 0.9665018916130066, 0.11402349174022675, 0.9702322483062744, -0.21850956976413727, -0.10441724956035614], "cam_t_m2c": [-523.7099609375, 11.384934425354004, 455.09088134765625], "obj_id": 2}],
  "2": [{"cam_R_m2c": [0.25708290934562683, -0.5527571439743042, -0.7926965355873108, -0.8475125432014465, -0.5231051445007324, 0.08990729600191116, -0.46436062455177307, 0.6487066745758057, -0.6029499769210815], "cam_t_m2c": [13.167455673217773, 178.94822692871094, 639.4051513671875], "obj_id": 0}, {"cam_R_m2c": [-0.42428362369537354, 0.5950935482978821, -0.6825298070907593, 0.6288389563560486, 0.7359799742698669, 0.25078874826431274, 0.6515710353851318, -0.3227957785129547, -0.6864822506904602], "cam_t_m2c": [-527.6619873046875, 143.01541137695312, 325.4805603027344], "obj_id": 2}, {"cam_R_m2c": [0.9048827886581421, 0.35555821657180786, -0.23402023315429688, 0.3216715157032013, -0.21113811433315277, 0.9230102896690369, 0.27877330780029297, -0.9104937314987183, -0.3054282069206238], "cam_t_m2c": [-199.91921997070312, 66.35602569580078, 566.4882202148438], "obj_id": 3}, {"cam_R_m2c": [-0.045507173985242844, 0.003735230304300785, -0.9989570379257202, 0.6925879716873169, 0.7207560539245605, -0.028855619952082634, 0.7198965549468994, -0.6931787729263306, -0.035386547446250916], "cam_t_m2c": [-193.1547393798828, 21.779462814331055, 663.993408203125], "obj_id": 1}, {"cam_R_m2c": [0.8752110004425049, -0.44312718510627747, -0.19402067363262177, 0.4510303735733032, 0.8925003409385681, -0.0038368746172636747, 0.17486374080181122, -0.08415114134550095, 0.980989933013916], "cam_t_m2c": [-163.83273315429688, -1.8042865991592407, 727.3551635742188], "obj_id": 1}, {"cam_R_m2c": [-0.25513318181037903, 0.33511316776275635, -0.9069763422012329, 0.26129698753356934, 0.9270142912864685, 0.26901376247406006, 0.9309300780296326, -0.16835583746433258, -0.3240761458873749], "cam_t_m2c": [23.364185333251953, 78.9006118774414, 711.9149169921875], "obj_id": 1}, {"cam_R_m2c": [-0.9484016299247742, -0.23933550715446472, 0.20797310769557953, 0.31638792157173157, -0.6712948083877563, 0.6702700257301331, -0.020808149129152298, 0.7014853954315186, 0.7123799920082092], "cam_t_m2c": [165.7670440673828, 98.3852767944336, 758.7005615234375], "obj_id": 3}, {"cam_R_m2c": [-0.07600423693656921, 0.13463905453681946, -0.987975537776947, 0.2299407571554184, 0.9665018916130066, 0.11402349174022675, 0.9702322483062744, -0.21850956976413727, -0.10441724956035614], "cam_t_m2c": [-523.7099609375, 11.384934425354004, 455.09088134765625], "obj_id": 2}],
  "3": [{"cam_R_m2c": [0.25708290934562683, -0.5527571439743042, -0.7926965355873108, -0.8475125432014465, -0.5231051445007324, 0.08990729600191116, -0.46436062455177307, 0.6487066745758057, -0.6029499769210815], "cam_t_m2c": [13.167455673217773, 178.94822692871094, 639.4051513671875], "obj_id": 0}, {"cam_R_m2c": [-0.42428362369537354, 0.5950935482978821, -0.6825298070907593, 0.6288389563560486, 0.7359799742698669, 0.25078874826431274, 0.6515710353851318, -0.3227957785129547, -0.6864822506904602], "cam_t_m2c": [-527.6619873046875, 143.01541137695312, 325.4805603027344], "obj_id": 2}, {"cam_R_m2c": [0.9048827886581421, 0.35555821657180786, -0.23402023315429688, 0.3216715157032013, -0.21113811433315277, 0.9230102896690369, 0.27877330780029297, -0.9104937314987183, -0.3054282069206238], "cam_t_m2c": [-199.91921997070312, 66.35602569580078, 566.4882202148438], "obj_id": 3}, {"cam_R_m2c": [-0.045507173985242844, 0.003735230304300785, -0.9989570379257202, 0.6925879716873169, 0.7207560539245605, -0.028855619952082634, 0.7198965549468994, -0.6931787729263306, -0.035386547446250916], "cam_t_m2c": [-193.1547393798828, 21.779462814331055, 663.993408203125], "obj_id": 1}, {"cam_R_m2c": [0.8752110004425049, -0.44312718510627747, -0.19402067363262177, 0.4510303735733032, 0.8925003409385681, -0.0038368746172636747, 0.17486374080181122, -0.08415114134550095, 0.980989933013916], "cam_t_m2c": [-163.83273315429688, -1.8042865991592407, 727.3551635742188], "obj_id": 1}, {"cam_R_m2c": [-0.25513318181037903, 0.33511316776275635, -0.9069763422012329, 0.26129698753356934, 0.9270142912864685, 0.26901376247406006, 0.9309300780296326, -0.16835583746433258, -0.3240761458873749], "cam_t_m2c": [23.364185333251953, 78.9006118774414, 711.9149169921875], "obj_id": 1}, {"cam_R_m2c": [-0.9484016299247742, -0.23933550715446472, 0.20797310769557953, 0.31638792157173157, -0.6712948083877563, 0.6702700257301331, -0.020808149129152298, 0.7014853954315186, 0.7123799920082092], "cam_t_m2c": [165.7670440673828, 98.3852767944336, 758.7005615234375], "obj_id": 3}, {"cam_R_m2c": [-0.07600423693656921, 0.13463905453681946, -0.987975537776947, 0.2299407571554184, 0.9665018916130066, 0.11402349174022675, 0.9702322483062744, -0.21850956976413727, -0.10441724956035614], "cam_t_m2c": [-523.7099609375, 11.384934425354004, 455.09088134765625], "obj_id": 2}],
  "4": [{"cam_R_m2c": [0.25708290934562683, -0.5527571439743042, -0.7926965355873108, -0.8475125432014465, -0.5231051445007324, 0.08990729600191116, -0.46436062455177307, 0.6487066745758057, -0.6029499769210815], "cam_t_m2c": [13.167455673217773, 178.94822692871094, 639.4051513671875], "obj_id": 0}, {"cam_R_m2c": [-0.42428362369537354, 0.5950935482978821, -0.6825298070907593, 0.6288389563560486, 0.7359799742698669, 0.25078874826431274, 0.6515710353851318, -0.3227957785129547, -0.6864822506904602], "cam_t_m2c": [-527.6619873046875, 143.01541137695312, 325.4805603027344], "obj_id": 2}, {"cam_R_m2c": [0.9048827886581421, 0.35555821657180786, -0.23402023315429688, 0.3216715157032013, -0.21113811433315277, 0.9230102896690369, 0.27877330780029297, -0.9104937314987183, -0.3054282069206238], "cam_t_m2c": [-199.91921997070312, 66.35602569580078, 566.4882202148438], "obj_id": 3}, {"cam_R_m2c": [-0.045507173985242844, 0.003735230304300785, -0.9989570379257202, 0.6925879716873169, 0.7207560539245605, -0.028855619952082634, 0.7198965549468994, -0.6931787729263306, -0.035386547446250916], "cam_t_m2c": [-193.1547393798828, 21.779462814331055, 663.993408203125], "obj_id": 1}, {"cam_R_m2c": [0.8752110004425049, -0.44312718510627747, -0.19402067363262177, 0.4510303735733032, 0.8925003409385681, -0.0038368746172636747, 0.17486374080181122, -0.08415114134550095, 0.980989933013916], "cam_t_m2c": [-163.83273315429688, -1.8042865991592407, 727.3551635742188], "obj_id": 1}, {"cam_R_m2c": [-0.25513318181037903, 0.33511316776275635, -0.9069763422012329, 0.26129698753356934, 0.9270142912864685, 0.26901376247406006, 0.9309300780296326, -0.16835583746433258, -0.3240761458873749], "cam_t_m2c": [23.364185333251953, 78.9006118774414, 711.9149169921875], "obj_id": 1}, {"cam_R_m2c": [-0.9484016299247742, -0.23933550715446472, 0.20797310769557953, 0.31638792157173157, -0.6712948083877563, 0.6702700257301331, -0.020808149129152298, 0.7014853954315186, 0.7123799920082092], "cam_t_m2c": [165.7670440673828, 98.3852767944336, 758.7005615234375], "obj_id": 3}, {"cam_R_m2c": [-0.07600423693656921, 0.13463905453681946, -0.987975537776947, 0.2299407571554184, 0.9665018916130066, 0.11402349174022675, 0.9702322483062744, -0.21850956976413727, -0.10441724956035614], "cam_t_m2c": [-523.7099609375, 11.384934425354004, 455.09088134765625], "obj_id": 2}]
}