{
  "0": [{"cam_R_m2c": [-0.46027714014053345, -0.8118123412132263, 0.35931292176246643, 0.5491155385971069, -0.5783594250679016, -0.6033014059066772, 0.6975795030593872, -0.08038152009248734, 0.7119843363761902], "cam_t_m2c": [-249.60183715820312, 23.023298263549805, 939.1658325195312], "obj_id": 0}, {"cam_R_m2c": [-0.3565639555454254, 0.671551525592804, -0.6495234966278076, -0.7309684157371521, 0.23244553804397583, 0.6416028738021851, 0.5818482637405396, 0.7035535573959351, 0.40800121426582336], "cam_t_m2c": [265.5294189453125, 31.045486450195312, 1124.3280029296875], "obj_id": 3}, {"cam_R_m2c": [-0.9181962013244629, -0.045220788568258286, -0.393535852432251, 0.24786148965358734, 0.7093656659126282, -0.6598219275474548, 0.3089984953403473, -0.7033884525299072, -0.6401283144950867], "cam_t_m2c": [-161.38084411621094, 172.53773498535156, 826.0154418945312], "obj_id": 1}, {"cam_R_m2c": [0.1653851419687271, 0.9688881039619446, -0.18412895500659943, -0.9775670766830444, 0.18574021756649017, 0.09931308031082153, 0.1304234117269516, 0.1635735034942627, 0.9778718948364258], "cam_t_m2c": [173.1787872314453, -38.71055221557617, 1227.0775146484375], "obj_id": 1}, {"cam_R_m2c": [0.37830212712287903, -0.7036311626434326, -0.6014902591705322, 0.9179181456565857, 0.3691246807575226, 0.14550982415676117, 0.11963961273431778, -0.6071655750274658, 0.7855165600776672], "cam_t_m2c": [-81.17504119873047, 167.71278381347656, 975.3997192382812], "obj_id": 1}, {"cam_R_m2c": [0.2574540674686432, -0.8758782148361206, -0.40811091661453247, -0.6655240654945374, -0.46693331003189087, 0.5822805762290955, -0.7005676031112671, 0.12169723212718964, -0.7031317949295044], "cam_t_m2c": [-346.6455383300781, 156.51864624023438, 865.193603515625], "obj_id": 0}, {"cam_R_m2c": [-0.39298853278160095, -0.5638768672943115, 0.7263627648353577, -0.9193183183670044, 0.2584018409252167, -0.29678666591644287, -0.020342323929071426, -0.7843923568725586, -0.6199312806129456], "cam_t_m2c": [-25.267677307128906, 98.75435638427734, 914.9676513671875], "obj_id": 1}, {"cam_R_m2c": [-0.9646428227424622, 0.0701557993888855, -0.25405213236808777, 0.2514987289905548, 0.5332928895950317, -0.807680070400238, 0.07882076501846313, -0.843016505241394, -0.5320813059806824], "cam_t_m2c": [-138.40956115722656, -33.68370819091797, 1004.3815307617188], "obj_id": 1}],
  "1": [{"cam_R_m2c": [-0.46027714014053345, -0.8118123412132263, 0.35931292176246643, 0.5491155385971069, -0.5783594250679016, -0.6033014059066772, 0.6975795030593872, -0.08038152009248734, 0.7119843363761902], "cam_t_m2c": [-249.60183715820312, 23.023298263549805, 939.1658325195312], "obj_id": 0}, {"cam_R_m2c": [-0.3565639555454254, 0.671551525592804, -0.6495234966278076, -0.7309684157371521, 0.23244553804397583, 0.6416028738021851, 0.5818482637405396, 0.7035535573959351, 0.40800121426582336], "cam_t_m2c": [265.5294189453125, 31.045486450195312, 1124.3280029296875], "obj_id": 3}, {"cam_R_m2c": [-0.9181962013244629, -0.045220788568258286, -0.393535852432251, 0.24786148965358734, 0.7093656659126282, -0.6598219275474548, 0.3089984953403473, -0.7033884525299072, -0.6401283144950867], "cam_t_m2c": [-161.38084411621094, 172.53773498535156, 826.0154418945312], "obj_id": 1}, {"cam_R_m2c": [0.1653851419687271, 0.9688881039619446, -0.18412895500659943, -0.9775670766830444, 0.18574021756649017, 0.09931308031082153, 0.1304234117269516, 0.1635735034942627, 0.9778718948364258], "cam_t_m2c": [173.1787872314453, -38.71055221557617, 1227.0775146484375], "obj_id": 1}, {"cam_R_m2c": [0.37830212712287903, -0.7036311626434326, -0.6014902591705322, 0.9179181456565857, 0.3691246807575226, 0.14550982415676117, 0.11963961273431778, -0.6071655750274658, 0.7855165600776672], "cam_t_m2c": [-81.17504119873047, 167.71278381347656, 975.3997192382812], "obj_id": 1}, {"cam_R_m2c": [0.2574540674686432, -0.8758782148361206, -0.40811091661453247, -0.6655240654945374, -0.46693331003189087, 0.5822805762290955, -0.7005676031112671, 0.12169723212718964, -0.7031317949295044], "cam_t_m2c": [-346.6455383300781, 156.51864624023438, 865.193603515625], "obj_id": 0}, {"cam_R_m2c": [-0.39298853278160095, -0.5638768672943115, 0.7263627648353577, -0.9193183183670044, 0.2584018409252167, -0.29678666591644287, -0.020342323929071426, -0.7843923568725586, -0.6199312806129456], "cam_t_m2c": [-25.267677307128906, 98.75435638427734, 914.9676513671875], "obj_id": 1}, {"cam_R_m2c": [-0.9646428227424622, 0.0701557993888855, -0.25405213236808777, 0.2514987289905548, 0.5332928895950317, -0.807680070400238, 0.07882076501846313, -0.843016505241394, -0.5320813059806824], "cam_t_m2c": [-138.40956115722656, -33.68370819091797, 1004.3815307617188], "obj_id": 1}],
  "2": [{"cam_R_m2c": [-0.46027714014053345, -0.8118123412132263, 0.35931292176246643, 0.5491155385971069, -0.5783594250679016, -0.6033014059066772, 0.6975795030593872, -0.08038152009248734, 0.7119843363761902], "cam_t_m2c": [-249.60183715820312, 23.023298263549805, 939.1658325195312], "obj_id": 0}, {"cam_R_m2c": [-0.3565639555454254, 0.671551525592804, -0.6495234966278076, -0.7309684157371521, 0.23244553804397583, 0.6416028738021851, 0.5818482637405396, 0.7035535573959351, 0.40800121426582336], "cam_t_m2c": [265.5294189453125, 31.045486450195312, 1124.3280029296875], "obj_id": 3}, {"cam_R_m2c": [-0.9181962013244629, -0.045220788568258286, -0.393535852432251, 0.24786148965358734, 0.7093656659126282, -0.6598219275474548, 0.3089984953403473, -0.7033884525299072, -0.6401283144950867], "cam_t_m2c": [-161.38084411621094, 172.53773498535156, 826.0154418945312], "obj_id": 1}, {"cam_R_m2c": [0.1653851419687271, 0.9688881039619446, -0.18412895500659943, -0.9775670766830444, 0.18574021756649017, 0.09931308031082153, 0.1304234117269516, 0.1635735034942627, 0.9778718948364258], "cam_t_m2c": [173.1787872314453, -38.71055221557617, 1227.0775146484375], "obj_id": 1}, {"cam_R_m2c": [0.37830212712287903, -0.7036311626434326, -0.6014902591705322, 0.9179181456565857, 0.3691246807575226, 0.14550982415676117, 0.11963961273431778, -0.6071655750274658, 0.7855165600776672], "cam_t_m2c": [-81.17504119873047, 167.71278381347656, 975.3997192382812], "obj_id": 1}, {"cam_R_m2c": [0.2574540674686432, -0.8758782148361206, -0.40811091661453247, -0.6655240654945374, -0.46693331003189087, 0.5822805762290955, -0.7005676031112671, 0.12169723212718964, -0.7031317949295044], "cam_t_m2c": [-346.6455383300781, 156.51864624023438, 865.193603515625], "obj_id": 0}, {"cam_R_m2c": [-0.39298853278160095, -0.5638768672943115, 0.7263627648353577, -0.9193183183670044, 0.2584018409252167, -0.29678666591644287, -0.020342323929071426, -0.7843923568725586, -0.6199312806129456], "cam_t_m2c": [-25.267677307128906, 98.75435638427734, 914.9676513671875], "obj_id": 1}, {"cam_R_m2c": [-0.9646428227424622, 0.0701557993888855, -0.25405213236808777, 0.2514987289905548, 0.5332928895950317, -0.807680070400238, 0.07882076501846313, -0.843016505241394, -0.5320813059806824], "cam_t_m2c": [-138.40956115722656, -33.68370819091797, 1004.3815307617188], "obj_id": 1}],
  "3": [{"cam_R_m2c": [-0.46027714014053345, -0.8118123412132263, 0.35931292176246643, 0.5491155385971069, -0.5783594250679016, -0.6033014059066772, 0.6975795030593872, -0.08038152009248734, 0.7119843363761902], "cam_t_m2c": [-249.60183715820312, 23.023298263549805, 939.1658325195312], "obj_id": 0}, {"cam_R_m2c": [-0.3565639555454254, 0.671551525592804, -0.6495234966278076, -0.7309684157371521, 0.23244553804397583, 0.6416028738021851, 0.5818482637405396, 0.7035535573959351, 0.40800121426582336], "cam_t_m2c": [265.5294189453125, 31.045486450195312, 1124.3280029296875], "obj_id": 3}, {"cam_R_m2c": [-0.9181962013244629, -0.045220788568258286, -0.393535852432251, 0.24786148965358734, 0.7093656659126282, -0.6598219275474548, 0.3089984953403473, -0.7033884525299072, -0.6401283144950867], "cam_t_m2c": [-161.38084411621094, 172.53773498535156, 826.0154418945312], "obj_id": 1}, {"cam_R_m2c": [0.1653851419687271, 0.9688881039619446, -0.18412895500659943, -0.9775670766830444, 0.18574021756649017, 0.09931308031082153, 0.1304234117269516, 0.1635735034942627, 0.9778718948364258], "cam_t_m2c": [173.1787872314453, -38.71055221557617, 1227.0775146484375], "obj_id": 1}, {"cam_R_m2c": [0.37830212712287903, -0.7036311626434326, -0.6014902591705322, 0.9179181456565857, 0.3691246807575226, 0.14550982415676117, 0.11963961273431778, -0.6071655750274658, 0.7855165600776672], "cam_t_m2c": [-81.17504119873047, 167.71278381347656, 975.3997192382812], "obj_id": 1}, {"cam_R_m2c": [0.2574540674686432, -0.8758782148361206, -0.40811091661453247, -0.6655240654945374, -0.46693331003189087, 0.5822805762290955, -0.7005676031112671, 0.12169723212718964, -0.7031317949295044], "cam_t_m2c": [-346.6455383300781, 156.51864624023438, 865.193603515625], "obj_id": 0}, {"cam_R_m2c": [-0.39298853278160095, -0.5638768672943115, 0.7263627648353577, -0.9193183183670044, 0.2584018409252167, -0.29678666591644287, -0.020342323929071426, -0.7843923568725586, -0.6199312806129456], "cam_t_m2c": [-25.267677307128906, 98.75435638427734, 914.9676513671875], "obj_id": 1}, {"cam_R_m2c": [-0.9646428227424622, 0.0701557993888855, -0.25405213236808777, 0.2514987289905548, 0.5332928895950317, -0.807680070400238, 0.07882076501846313, -0.843016505241394, -0.5320813059806824], "cam_t_m2c": [-138.40956115722656, -33.68370819091797, 1004.3815307617188], "obj_id": 1}],
  "4": [{"cam_R_m2c": [-0.46027714014053345, -0.8118123412132263, 0.35931292176246643, 0.5491155385971069, -0.5783594250679016, -0.6033014059066772, 0.6975795030593872, -0.08038152009248734, 0.7119843363761902], "cam_t_m2c": [-249.60183715820312, 23.023298263549805, 939.1658325195312], "obj_id": 0}, {"cam_R_m2c": [-0.3565639555454254, 0.671551525592804, -0.6495234966278076, -0.7309684157371521, 0.23244553804397583, 0.6416028738021851, 0.5818482637405396, 0.7035535573959351, 0.40800121426582336], "cam_t_m2c": [265.5294189453125, 31.045486450195312, 1124.3280029296875], "obj_id": 3}, {"cam_R_m2c": [-0.9181962013244629, -0.045220788568258286, -0.393535852432251, 0.24786148965358734, 0.7093656659126282, -0.6598219275474548, 0.3089984953403473, -0.7033884525299072, -0.6401283144950867], "cam_t_m2c": [-161.38084411621094, 172.53773498535156, 826.0154418945312], "obj_id": 1}, {"cam_R_m2c": [0.1653851419687271, 0.9688881039619446, -0.18412895500659943, -0.9775670766830444, 0.18574021756649017, 0.09931308031082153, 0.1304234117269516, 0.1635735034942627, 0.9778718948364258], "cam_t_m2c": [173.1787872314453, -38.71055221557617, 1227.0775146484375], "obj_id": 1}, {"cam_R_m2c": [0.37830212712287903, -0.7036311626434326, -0.6014902591705322, 0.9179181456565857, 0.3691246807575226, 0.14550982415676117, 0.11963961273431778, -0.6071655750274658, 0.7855165600776672], "cam_t_m2c": [-81.17504119873047, 167.71278381347656, 975.3997192382812], "obj_id": 1}, {"cam_R_m2c": [0.2574540674686432, -0.8758782148361206, -0.40811091661453247, -0.6655240654945374, -0.46693331003189087, 0.5822805762290955, -0.7005676031112671, 0.12169723212718964, -0.7031317949295044], "cam_t_m2c": [-346.6455383300781, 156.51864624023438, 865.193603515625], "obj_id": 0}, {"cam_R_m2c": [-0.39298853278160095, -0.5638768672943115, 0.7263627648353577, -0.9193183183670044, 0.2584018409252167, -0.29678666591644287, -0.020342323929071426, -0.7843923568725586, -0.6199312806129456], "cam_t_m2c": [-25.267677307128906, 98.75435638427734, 914.9676513671875], "obj_id": 1}, {"cam_R_m2c": [-0.9646428227424622, 0.0701557993888855, -0.25405213236808777, 0.2514987289905548, 0.5332928895950317, -0.807680070400238, 0.07882076501846313, -0.843016505241394, -0.5320813059806824], "cam_t_m2c": [-138.40956115722656, -33.68370819091797, 1004.3815307617188], "obj_id": 1}]
}