{
  "0": [{"cam_R_m2c": [0.0814947634935379, -0.09481099992990494, -0.9921539425849915, -0.22817248106002808, 0.9672527313232422, -0.11117333173751831, 0.9702040553092957, 0.23544226586818695, 0.05719277262687683], "cam_t_m2c": [-346.0625305175781, 54.045780181884766, 824.6078491210938], "obj_id": 3}, {"cam_R_m2c": [-0.9929858446121216, 0.05140813812613487, -0.10647089034318924, 0.03091232106089592, -0.7563149929046631, -0.6534767150878906, -0.11411955952644348, -0.6521844863891602, 0.7494211792945862], "cam_t_m2c": [-276.97137451171875, 26.714887619018555, 534.83544921875], "obj_id": 3}, {"cam_R_m2c": [-0.14134187996387482, 0.8163167834281921, 0.5600439310073853, 0.39689138531684875, -0.471540629863739, 0.7874810695648193, 0.9069175720214844, 0.33358076214790344, -0.25734055042266846], "cam_t_m2c": [-85.58737182617188, 44.936607360839844, 618.4883422851562], "obj_id": 3}, {"cam_R_m2c": [-0.642814040184021, 0.23374015092849731, -0.7294898629188538, 0.30419227480888367, -0.7961126565933228, -0.5231362581253052, -0.7030341029167175, -0.5581845641136169, 0.4406505823135376], "cam_t_m2c": [-335.8678283691406, 31.736631393432617, 540.8142700195312], "obj_id": 3}, {"cam_R_m2c": [0.8533807396888733, -0.4617674648761749, -0.24189281463623047, -0.3329174816608429, -0.839849054813385, 0.4287419021129608, -0.4011324942111969, -0.2853497266769409, -0.8704414963722229], "cam_t_m2c": [-456.0719909667969, 97.78948974609375, 589.6458129882812], "obj_id": 3}, {"cam_R_m2c": [0.9682328701019287, -0.21933628618717194, 0.12006935477256775, -0.2254372537136078, -0.97344970703125, 0.03966789320111275, 0.10818088054656982, -0.06547586619853973, -0.9919725656509399], "cam_t_m2c": [-328.8667297363281, 222.4266357421875, 797.8359985351562], "obj_id": 3}, {"cam_R_m2c": [0.21312576532363892, -0.794687032699585, 0.5683748722076416, 0.7318509221076965, -0.25555339455604553, -0.6317331194877625, 0.647280216217041, 0.5506042838096619, 0.5271273851394653], "cam_t_m2c": [-250.16065979003906, 194.53305053710938, 883.8823852539062], "obj_id": 3}, {"cam_R_m2c": [-0.07257973402738571, 0.7895367741584778, 0.6093961000442505, 0.98316890001297, -0.04607580974698067, 0.17679283022880554, 0.16766293346881866, 0.6119709610939026, -0.7729038596153259], "cam_t_m2c": [-341.6563720703125, 74.74616241455078, 861.7398681640625], "obj_id": 3}, {"cam_R_m2c": [-0.48469316959381104, -0.8739812970161438, -0.035058777779340744, 0.5578641891479492, -0.33975496888160706, 0.7572014331817627, -0.6736913323402405, 0.3474523723125458, 0.6522398591041565], "cam_t_m2c": [-303.3648376464844, -32.033931732177734, 495.8805236816406], "obj_id": 3}, {"cam_R_m2c": [-0.5966311693191528, 0.7648829817771912, 0.24286870658397675, 0.08872255682945251, 0.36364689469337463, -0.9273021221160889, -0.7975960969924927, -0.5317094326019287, -0.2848254442214966], "cam_t_m2c": [-249.5334930419922, 72.98029327392578, 580.0917358398438], "obj_id": 3}, {"cam_R_m2c": [0.6591019630432129, 0.046569857746362686, -0.7506103515625, 0.2458503395318985, -0.9565858244895935, 0.15652912855148315, -0.7107335925102234, -0.2877064645290375, -0.6419368386268616], "cam_t_m2c": [-67.15487670898438, 236.8138427734375, 726.9413452148438], "obj_id": 3}, {"cam_R_m2c": [0.49086445569992065, -0.5329941511154175, 0.6891801953315735, 0.3599984347820282, -0.5962657332420349, -0.7175432443618774, 0.793380856513977, 0.6003202795982361, -0.10080862790346146], "cam_t_m2c": [-271.8912048339844, 203.1693878173828, 790.07470703125], "obj_id": 3}, {"cam_R_m2c": [-0.8954185247421265, 0.10374247282743454, 0.4329697787761688, 0.15494240820407867, -0.8390759825706482, 0.5214824676513672, 0.4173944890499115, 0.534030556678772, 0.7352504134178162], "cam_t_m2c": [-298.09844970703125, 148.8054962158203, 967.3569946289062], "obj_id": 3}, {"cam_R_m2c": [0.21377024054527283, 0.586435079574585, 0.7812783718109131, 0.9552189707756042, 0.04201677441596985, -0.29290103912353516, -0.20459415018558502, 0.8089055418968201, -0.5511919260025024], "cam_t_m2c": [-345.9033203125, 88.66334533691406, 982.770751953125], "obj_id": 3}, {"cam_R_m2c": [-0.0011794259771704674, 0.9829611778259277, 0.18380911648273468, -0.7802314162254333, -0.11587541550397873, 0.6146638989448547, 0.6254897713661194, -0.14268867671489716, 0.7670739889144897], "cam_t_m2c": [-155.10488891601562, 231.2332763671875, 762.9932861328125], "obj_id": 3}, {"cam_R_m2c": [-0.9002811312675476, 0.35412049293518066, -0.2531648576259613, 0.14046712219715118, -0.31414029002189636, -0.9389274716377258, -0.41202273964881897, -0.8808600306510925, 0.2330724000930786], "cam_t_m2c": [-278.99163818359375, 298.4081115722656, 686.5277099609375], "obj_id": 3}, {"cam_R_m2c": [-0.986613929271698, 0.14500662684440613, 0.07460461556911469, -0.04483655467629433, -0.681074857711792, 0.7308396100997925, 0.1567879319190979, 0.7177115678787231, 0.6784597039222717], "cam_t_m2c": [-169.0478057861328, -69.9876937866211, 628.3726196289062], "obj_id": 3}, {"cam_R_m2c": [0.0547298863530159, 0.4882802665233612, 0.8709689378738403, 0.15509656071662903, 0.8575321435928345, -0.4904932677745819, -0.9863820672035217, 0.1619289070367813, -0.028797945007681847], "cam_t_m2c": [-229.96633911132812, 111.91845703125, 887.91015625], "obj_id": 3}, {"cam_R_m2c": [0.05147527530789375, 0.9259154796600342, 0.3742070496082306, -0.9865161776542664, 0.10543458163738251, -0.1251775324344635, -0.1553581804037094, -0.36271774768829346, 0.9188578128814697], "cam_t_m2c": [-151.39024353027344, -32.04178237915039, 507.53302001953125], "obj_id": 3}, {"cam_R_m2c": [0.47651728987693787, 0.6147903800010681, -0.6284616589546204, 0.5831071734428406, -0.7559941411018372, -0.29742035269737244, -0.6579645276069641, -0.22473452985286713, -0.7187329530715942], "cam_t_m2c": [-130.9148712158203, -142.2593231201172, 764.3681640625], "obj_id": 3}, {"cam_R_m2c": [0.3863593339920044, 0.7536652684211731, 0.5317097306251526, 0.8778953552246094, -0.12367743998765945, -0.4626052677631378, -0.2828890383243561, 0.6455173492431641, -0.7094231843948364], "cam_t_m2c": [-436.9543762207031, -32.3093147277832, 529.127685546875], "obj_id": 3}, {"cam_R_m2c": [0.7579582333564758, 0.5488877296447754, -0.35245072841644287, -0.17082072794437408, -0.3544407784938812, -0.9193431735038757, -0.6295391321182251, 0.75702965259552, -0.17488990724086761], "cam_t_m2c": [-88.10252380371094, 7.088421821594238, 768.5242919921875], "obj_id": 3}, {"cam_R_m2c": [-0.6001049280166626, -0.1809164434671402, -0.7791939973831177, -0.16425734758377075, -0.9254608750343323, 0.34138190746307373, -0.7828751802444458, 0.3328533172607422, 0.5256568193435669], "cam_t_m2c": [-234.860107421875, 199.15576171875, 918.3076171875], "obj_id": 3}, {"cam_R_m2c": [0.4028685688972473, 0.4132015109062195, 0.8166770935058594, -0.4918974041938782, 0.8502198457717896, -0.18751856684684753, -0.7718379497528076, -0.3261759877204895, 0.5457795858383179], "cam_t_m2c": [-313.4962158203125, 222.19325256347656, 875.16552734375], "obj_id": 3}, {"cam_R_m2c": [0.8834457993507385, 0.39739230275154114, 0.24819929897785187, -0.3116704821586609, 0.8939750790596008, -0.3219784200191498, -0.34983572363853455, 0.20709405839443207, 0.9136339426040649], "cam_t_m2c": [-253.9522705078125, 138.78900146484375, 907.9727783203125], "obj_id": 3}, {"cam_R_m2c": [0.7088848352432251, 0.6582370400428772, -0.2533896863460541, -0.457243412733078, 0.15533447265625, -0.8756710290908813, -0.5370389223098755, 0.7366106510162354, 0.4110887944698334], "cam_t_m2c": [-396.3523254394531, -100.34925842285156, 665.4899291992188], "obj_id": 3}, {"cam_R_m2c": [-0.13110560178756714, 0.34620368480682373, -0.9289533495903015, -0.03393734246492386, -0.9380595684051514, -0.34480777382850647, -0.9907873272895813, -0.013680030591785908, 0.1347341537475586], "cam_t_m2c": [-149.78822326660156, 18.258102416992188, 813.9852294921875], "obj_id": 3}, {"cam_R_m2c": [0.7118459343910217, 0.6065884232521057, -0.35401397943496704, 0.2665063142776489, -0.6996450424194336, -0.6629262566566467, -0.6498075127601624, 0.37755438685417175, -0.6596990823745728], "cam_t_m2c": [-40.12228775024414, -46.46524429321289, 597.1332397460938], "obj_id": 3}, {"cam_R_m2c": [-0.8840628266334534, 0.3638923466205597, -0.2932831943035126, -0.4192284047603607, -0.8948168754577637, 0.15345996618270874, -0.2065919041633606, 0.2586209177970886, 0.9436286091804504], "cam_t_m2c": [-26.413301467895508, 259.4762268066406, 763.68310546875], "obj_id": 1}, {"cam_R_m2c": [0.7829009294509888, 0.4517785310745239, 0.4277409315109253, 0.17601241171360016, -0.8202749490737915, 0.5442135334014893, 0.5967292189598083, -0.3507775366306305, -0.7217126488685608], "cam_t_m2c": [-396.6659240722656, 60.524864196777344, 635.7384033203125], "obj_id": 1}, {"cam_R_m2c": [0.2850891649723053, -0.880078136920929, -0.37971898913383484, 0.9558380842208862, 0.29054582118988037, 0.044232793152332306, 0.07139743864536285, -0.3755601942539215, 0.9240437746047974], "cam_t_m2c": [-295.7356872558594, 50.176517486572266, 887.4616088867188], "obj_id": 1}, {"cam_R_m2c": [0.0748213529586792, 0.6648528575897217, 0.7432175874710083, -0.8961610794067383, 0.3717256784439087, -0.2423124760389328, -0.43737518787384033, -0.6479125618934631, 0.6236283183097839], "cam_t_m2c": [-425.5618896484375, -48.15120315551758, 599.1134033203125], "obj_id": 1}, {"cam_R_m2c": [0.19566112756729126, 0.37275490164756775, -0.9070670008659363, -0.6373664140701294, 0.7512896060943604, 0.1712542027235031, 0.7453058362007141, 0.5446262359619141, 0.3845796287059784], "cam_t_m2c": [-37.94842529296875, 242.33900451660156, 818.1117553710938], "obj_id": 1}, {"cam_R_m2c": [0.6761502623558044, -0.4051145315170288, 0.6153885126113892, -0.7343240976333618, -0.43847090005874634, 0.5181806683540344, 0.0599074549973011, -0.8022626638412476, -0.5939576029777527], "cam_t_m2c": [2.8215386867523193, -29.276681900024414, 803.0509643554688], "obj_id": 1}, {"cam_R_m2c": [-0.9873812198638916, 0.0930652767419815, 0.12812809646129608, 0.043668415397405624, -0.6177124381065369, 0.7851905226707458, 0.15222032368183136, 0.7808776497840881, 0.6058539152145386], "cam_t_m2c": [-72.909423828125, 195.26055908203125, 911.7452392578125], "obj_id": 1}, {"cam_R_m2c": [-0.8998538851737976, -0.3114430606365204, 0.3053953945636749, 0.15581922233104706, 0.42442548274993896, 0.8919548392295837, -0.40741071105003357, 0.8502154350280762, -0.33339211344718933], "cam_t_m2c": [-252.3464813232422, 85.4363021850586, 566.7259521484375], "obj_id": 1}, {"cam_R_m2c": [-0.3099840581417084, -0.4459942877292633, 0.8396420478820801, -0.10770661383867264, 0.8939324021339417, 0.4350679814815521, -0.9446210265159607, 0.04442918300628662, -0.3251413106918335], "cam_t_m2c": [-154.29547119140625, 13.10434341430664, 609.3120727539062], "obj_id": 1}, {"cam_R_m2c": [0.7195110321044922, -0.008827976882457733, 0.6944248676300049, 0.22364859282970428, 0.9495959877967834, -0.21965603530406952, -0.6574839353561401, 0.313352108001709, 0.6852191686630249], "cam_t_m2c": [-14.72605037689209, 226.62969970703125, 778.5753784179688], "obj_id": 1}, {"cam_R_m2c": [-0.24221785366535187, 0.30708974599838257, -0.9203401803970337, 0.8882864713668823, -0.311334490776062, -0.33766496181488037, -0.3902272582054138, -0.8993144035339355, -0.19737271964550018], "cam_t_m2c": [-372.4150695800781, 14.237982749938965, 804.7608642578125], "obj_id": 1}, {"cam_R_m2c": [0.7124668955802917, -0.6880109310150146, 0.137956440448761, 0.15412797033786774, -0.0383630096912384, -0.9873059391975403, 0.6845695972442627, 0.7246857285499573, 0.07870932668447495], "cam_t_m2c": [-306.8596496582031, 231.82240295410156, 671.94873046875], "obj_id": 1}, {"cam_R_m2c": [0.19109931588172913, 0.967825174331665, -0.16369301080703735, -0.29668474197387695, 0.2159181833267212, 0.9302458763122559, 0.9356597065925598, -0.12920406460762024, 0.3284008502960205], "cam_t_m2c": [9.859077453613281, 183.1063995361328, 909.6618041992188], "obj_id": 1}, {"cam_R_m2c": [-0.03881566971540451, 0.7581787109375, 0.6508903503417969, 0.6075471639633179, -0.4992462992668152, 0.617769718170166, 0.7933345437049866, 0.41942575573921204, -0.44125068187713623], "cam_t_m2c": [-101.11852264404297, -53.057395935058594, 544.841796875], "obj_id": 1}, {"cam_R_m2c": [0.8636922240257263, 0.2458433210849762, -0.4399964511394501, 0.28557202219963074, -0.9580239057540894, 0.025278793647885323, -0.41531243920326233, -0.14748376607894897, -0.8976437449455261], "cam_t_m2c": [-349.8219909667969, 247.52272033691406, 810.4296875], "obj_id": 1}, {"cam_R_m2c": [0.19267717003822327, 0.9247346520423889, 0.32823967933654785, 0.9534375071525574, -0.2555226683616638, 0.160203218460083, 0.2320181429386139, 0.2820885181427002, -0.9309101104736328], "cam_t_m2c": [-366.8374938964844, 169.7900848388672, 695.5438232421875], "obj_id": 1}, {"cam_R_m2c": [0.9410073757171631, -0.2934582233428955, 0.16848547756671906, 0.17939503490924835, 0.010458913631737232, -0.9837215542793274, 0.2869189977645874, 0.9559146761894226, 0.062486860901117325], "cam_t_m2c": [-249.353515625, 92.75103759765625, 889.336181640625], "obj_id": 1}, {"cam_R_m2c": [-0.9708074331283569, 0.0704433023929596, 0.2292831838130951, 0.1522873044013977, -0.5575082302093506, 0.816084086894989, 0.18531492352485657, 0.8271773457527161, 0.5305054783821106], "cam_t_m2c": [-233.73902893066406, 254.46250915527344, 796.1826782226562], "obj_id": 1}, {"cam_R_m2c": [0.6654031872749329, -0.4690045416355133, 0.5807523727416992, -0.4274528920650482, 0.3984147310256958, 0.8115107417106628, -0.611982524394989, -0.7882261276245117, 0.06462907791137695], "cam_t_m2c": [-343.36688232421875, 168.6841583251953, 769.8369140625], "obj_id": 1}, {"cam_R_m2c": [-0.9060665965080261, -0.15965887904167175, 0.391857385635376, -0.16187402606010437, -0.7248459458351135, -0.669623076915741, 0.39094752073287964, -0.6701546907424927, 0.6309141516685486], "cam_t_m2c": [-265.2450866699219, -23.845966339111328, 481.381591796875], "obj_id": 1}, {"cam_R_m2c": [0.06379929929971695, -0.9521772861480713, -0.298810750246048, -0.8550404906272888, -0.20655719935894012, 0.4756465256214142, -0.5146214365959167, 0.225149467587471, -0.8273282647132874], "cam_t_m2c": [-76.15746307373047, 26.916284561157227, 664.42626953125], "obj_id": 1}, {"cam_R_m2c": [-0.02876763977110386, -0.8701651692390442, -0.49191951751708984, 0.998221755027771, -0.05071154609322548, 0.031328149139881134, -0.05220670998096466, -0.4901435673236847, 0.8700768351554871], "cam_t_m2c": [-223.33973693847656, 20.93539810180664, 774.6679077148438], "obj_id": 1}, {"cam_R_m2c": [0.6533297896385193, -0.4558243155479431, 0.6044703722000122, 0.6139733195304871, 0.7861472368240356, -0.07077601552009583, -0.442941278219223, 0.41736873984336853, 0.7934773564338684], "cam_t_m2c": [-148.66732788085938, 86.71275329589844, 528.76904296875], "obj_id": 1}, {"cam_R_m2c": [0.5316221714019775, 0.42089977860450745, -0.7349975109100342, -0.43044552206993103, -0.6131026148796082, -0.6624364256858826, -0.729448139667511, 0.6685422658920288, -0.14476458728313446], "cam_t_m2c": [-317.4542236328125, 2.646928548812866, 572.9422607421875], "obj_id": 1}, {"cam_R_m2c": [-0.31638893485069275, -0.901067852973938, -0.2966051697731018, 0.41573628783226013, -0.41274717450141907, 0.8104338645935059, -0.8526788949966431, 0.13310278952121735, 0.5051953196525574], "cam_t_m2c": [-141.75311279296875, 132.83905029296875, 499.05755615234375], "obj_id": 1}, {"cam_R_m2c": [0.8151141405105591, 0.03181177377700806, -0.5784263014793396, -0.5752395391464233, 0.16246764361858368, -0.8016880750656128, 0.06847244501113892, 0.9862009286880493, 0.15072906017303467], "cam_t_m2c": [-124.49803161621094, 92.25648498535156, 553.3713989257812], "obj_id": 1}, {"cam_R_m2c": [0.6314474940299988, -0.6901159882545471, -0.353573203086853, -0.6209894418716431, -0.7231329679489136, 0.3024081587791443, -0.46437716484069824, 0.028610361739993095, -0.8851752281188965], "cam_t_m2c": [-278.5995788574219, 183.58030700683594, 815.7220458984375], "obj_id": 1}, {"cam_R_m2c": [-0.9196404814720154, -0.16229286789894104, -0.3576626181602478, 0.24312852323055267, 0.47995662689208984, -0.8429295420646667, 0.308463990688324, -0.8621500134468079, -0.4019295275211334], "cam_t_m2c": [-118.88794708251953, 8.928093910217285, 852.0386962890625], "obj_id": 1}, {"cam_R_m2c": [0.6432297229766846, 0.6152125000953674, 0.45581692457199097, -0.7390421628952026, 0.34321290254592896, 0.5796735882759094, 0.20018023252487183, -0.7097312211990356, 0.6754327416419983], "cam_t_m2c": [-217.22650146484375, -70.50064849853516, 840.884765625], "obj_id": 1}, {"cam_R_m2c": [0.41869139671325684, -0.38582345843315125, 0.8220934867858887, -0.40502551198005676, 0.7309024930000305, 0.5493049025535583, -0.8128048777580261, -0.5629580616950989, 0.14975424110889435], "cam_t_m2c": [-132.10646057128906, 59.43661880493164, 666.784912109375], "obj_id": 1}, {"cam_R_m2c": [0.513530969619751, 0.3484920263290405, 0.7841168642044067, 0.25424671173095703, -0.934575617313385, 0.24885140359401703, 0.8195391893386841, 0.07156623899936676, -0.5685364603996277], "cam_t_m2c": [-223.08599853515625, -81.2540512084961, 646.0467529296875], "obj_id": 1}, {"cam_R_m2c": [-0.5538913011550903, 0.8083793520927429, -0.19931703805923462, 0.619989275932312, 0.2406788319349289, -0.7467844486236572, -0.5557137131690979, -0.5372118353843689, -0.6344964504241943], "cam_t_m2c": [-377.0555725097656, 192.8919219970703, 732.486572265625], "obj_id": 1}, {"cam_R_m2c": [-0.8283852338790894, -0.026226375252008438, 0.5595443844795227, 0.3635089695453644, 0.734836995601654, 0.5726044178009033, -0.4261912405490875, 0.6777364611625671, -0.5991945862770081], "cam_t_m2c": [-300.45660400390625, 258.34820556640625, 641.5298461914062], "obj_id": 1}, {"cam_R_m2c": [0.4079899489879608, 0.5670907497406006, 0.7155084609985352, 0.8355013728141785, 0.08404532074928284, -0.5430229902267456, -0.36807847023010254, 0.8193561434745789, -0.43951544165611267], "cam_t_m2c": [-257.07611083984375, 94.15721130371094, 870.7351684570312], "obj_id": 1}, {"cam_R_m2c": [0.5069882273674011, -0.828517496585846, -0.23774300515651703, -0.47792091965675354, -0.04066295921802521, -0.8774611353874207, 0.7173245549201965, 0.5584847927093506, -0.4165814518928528], "cam_t_m2c": [-316.6000671386719, -71.27336120605469, 693.178466796875], "obj_id": 1}, {"cam_R_m2c": [0.31608662009239197, -0.8914380669593811, 0.3246959149837494, 0.8728360533714294, 0.1391124278306961, -0.4677659571170807, 0.37181514501571655, 0.4312608540058136, 0.8220508694648743], "cam_t_m2c": [-71.52462005615234, -8.434062957763672, 580.7449340820312], "obj_id": 1}, {"cam_R_m2c": [0.9258467555046082, 0.32384994626045227, -0.19475378096103668, -0.36513254046440125, 0.6337983012199402, -0.6818929314613342, -0.0973963513970375, 0.7024392485618591, 0.7050482630729675], "cam_t_m2c": [-260.6384582519531, 221.9844207763672, 825.0216674804688], "obj_id": 1}, {"cam_R_m2c": [-0.4787560701370239, -0.12044595181941986, 0.8696467280387878, -0.3767704367637634, 0.9228801727294922, -0.07960007339715958, -0.7929922342300415, -0.3657661974430084, -0.48721495270729065], "cam_t_m2c": [-82.97938537597656, 140.80223083496094, 547.2929077148438], "obj_id": 1}, {"cam_R_m2c": [0.9359637498855591, 0.18061251938343048, -0.302243173122406, -0.21922533214092255, -0.3727874159812927, -0.901648223400116, -0.275521457195282, 0.9101694226264954, -0.3093206584453583], "cam_t_m2c": [-311.9253845214844, 5.290506362915039, 481.3996276855469], "obj_id": 1}, {"cam_R_m2c": [0.38927724957466125, 0.2698225975036621, -0.8807150721549988, -0.561764121055603, -0.6881938576698303, -0.4591408669948578, -0.729989230632782, 0.6734872460365295, -0.11632158607244492], "cam_t_m2c": [-93.72854614257812, -39.03535461425781, 609.2678833007812], "obj_id": 1}, {"cam_R_m2c": [0.07572589069604874, 0.7511851787567139, -0.6557334661483765, -0.5007620453834534, 0.5973275899887085, 0.6264480352401733, 0.8622661828994751, 0.2809281051158905, 0.42139819264411926], "cam_t_m2c": [-174.6656036376953, 106.07048034667969, 846.1576538085938], "obj_id": 1}, {"cam_R_m2c": [0.7584693431854248, -0.4757732152938843, -0.4453808665275574, 0.12192726135253906, -0.5677446126937866, 0.8141251802444458, -0.6402015089988708, -0.6717930436134338, -0.37260717153549194], "cam_t_m2c": [-219.81715393066406, 55.34187698364258, 693.6171264648438], "obj_id": 1}, {"cam_R_m2c": [0.8224186301231384, 0.5044079422950745, -0.2630593478679657, 0.5681869387626648, -0.7054533362388611, 0.423673540353775, 0.028128206729888916, -0.49790388345718384, -0.8667759895324707], "cam_t_m2c": [-339.2073669433594, 38.60054397583008, 614.2501831054688], "obj_id": 1}, {"cam_R_m2c": [0.4238092005252838, -0.8851253390312195, 0.1921948939561844, 0.22540368139743805, 0.30858486890792847, 0.9241041541099548, -0.877256453037262, -0.34832239151000977, 0.33029165863990784], "cam_t_m2c": [-196.14788818359375, 157.02708435058594, 838.835693359375], "obj_id": 1}, {"cam_R_m2c": [0.05735286697745323, -0.3344551622867584, 0.9406647682189941, -0.8793908357620239, -0.4629806876182556, -0.11099684983491898, 0.4726332426071167, -0.8208460807800293, -0.320669949054718], "cam_t_m2c": [-64.4905014038086, 155.3031768798828, 843.5127563476562], "obj_id": 1}, {"cam_R_m2c": [-0.3796607255935669, 0.9150487184524536, -0.13617366552352905, -0.33471256494522095, -0.27308884263038635, -0.901881217956543, -0.8624528646469116, -0.2968299686908722, 0.4099596440792084], "cam_t_m2c": [-282.9103698730469, 0.6963908672332764, 578.3618774414062], "obj_id": 1}, {"cam_R_m2c": [0.2728956639766693, -0.43880119919776917, 0.8561433553695679, 0.09968366473913193, -0.872234046459198, -0.47882238030433655, 0.9568652510643005, 0.21601206064224243, -0.19428758323192596], "cam_t_m2c": [-110.29789733886719, 108.6145248413086, 570.5360107421875], "obj_id": 1}, {"cam_R_m2c": [0.06397145986557007, 0.9918476343154907, 0.1102072224020958, -0.4176817238330841, 0.1269063800573349, -0.899686872959137, -0.9063384532928467, 0.01152260135859251, 0.4223951995372772], "cam_t_m2c": [-166.02548217773438, 132.1839599609375, 864.845703125], "obj_id": 1}, {"cam_R_m2c": [0.8928539752960205, -0.3054109513759613, -0.33096206188201904, 0.44099557399749756, 0.7419139742851257, 0.5050609111785889, 0.09129425138235092, -0.5968984365463257, 0.7971057295799255], "cam_t_m2c": [-360.1725769042969, -80.07127380371094, 775.31982421875], "obj_id": 1}, {"cam_R_m2c": [-0.7803890109062195, -0.12128015607595444, 0.6134198904037476, -0.1286545693874359, -0.9288780093193054, -0.3473234176635742, 0.6119157075881958, -0.3499666750431061, 0.7092830538749695], "cam_t_m2c": [-295.2089538574219, -7.117045879364014, 512.3230590820312], "obj_id": 1}, {"cam_R_m2c": [-0.869534432888031, -0.40657109022140503, 0.28037384152412415, 0.47714394330978394, -0.8380846381187439, 0.2644757926464081, 0.12744884192943573, 0.36374953389167786, 0.9227367043495178], "cam_t_m2c": [-316.4005126953125, 50.35472106933594, 500.8614196777344], "obj_id": 1}, {"cam_R_m2c": [-0.18664422631263733, -0.054819319397211075, 0.9808968901634216, -0.8324642777442932, 0.5390254259109497, -0.12827612459659576, -0.5216963291168213, -0.8405036926269531, -0.14624109864234924], "cam_t_m2c": [-397.8558349609375, -101.08425903320312, 638.6981201171875], "obj_id": 1}, {"cam_R_m2c": [-0.5232970118522644, -0.41323354840278625, -0.7452502250671387, -0.8495922088623047, 0.1852894276380539, 0.4938225746154785, -0.06597714126110077, 0.8915748596191406, -0.44804131984710693], "cam_t_m2c": [-342.87371826171875, 41.375099182128906, 620.6348266601562], "obj_id": 1}, {"cam_R_m2c": [0.7957538962364197, -0.5663378834724426, 0.21456272900104523, 0.3468734622001648, 0.7166282534599304, 0.605080783367157, -0.49644187092781067, -0.40706926584243774, 0.7667073011398315], "cam_t_m2c": [-307.26605224609375, 145.65493774414062, 667.3035888671875], "obj_id": 1}, {"cam_R_m2c": [0.6774113774299622, -0.6251348853111267, -0.38771140575408936, -0.2943536639213562, -0.713388204574585, 0.6359506845474243, -0.6741436719894409, -0.31667596101760864, -0.6672680377960205], "cam_t_m2c": [-325.1880798339844, 212.95469665527344, 885.70751953125], "obj_id": 3}, {"cam_R_m2c": [-0.49775394797325134, 0.8564260005950928, -0.1370227038860321, 0.8658323884010315, 0.48141783475875854, -0.13627572357654572, -0.0507449209690094, -0.18647049367427826, -0.9811490178108215], "cam_t_m2c": [-135.26185607910156, 265.74664306640625, 682.343994140625], "obj_id": 1}, {"cam_R_m2c": [-0.3171059787273407, -0.820461630821228, -0.47569599747657776, 0.07483145594596863, 0.4783729910850525, -0.8749626278877258, 0.9454333186149597, -0.31305286288261414, -0.09029863029718399], "cam_t_m2c": [-303.2781982421875, -139.74142456054688, 757.658203125], "obj_id": 1}, {"cam_R_m2c": [-0.16148841381072998, 0.4850124716758728, 0.8594675064086914, 0.8572966456413269, 0.5003364086151123, -0.12126801162958145, -0.48883938789367676, 0.7172352075576782, -0.49659809470176697], "cam_t_m2c": [-66.75901794433594, 52.608036041259766, 862.5206909179688], "obj_id": 1}, {"cam_R_m2c": [0.505641758441925, 0.3708093762397766, -0.7789908647537231, -0.3961098790168762, 0.9019101858139038, 0.17220620810985565, 0.7664355039596558, 0.22149133682250977, 0.6029247045516968], "cam_t_m2c": [-333.9810791015625, -133.36366271972656, 732.3700561523438], "obj_id": 1}, {"cam_R_m2c": [0.9956138134002686, 0.0874757245182991, -0.03318243473768234, 0.0864400789141655, -0.7243762612342834, 0.6839643716812134, 0.03579370677471161, -0.6838326454162598, -0.7287604212760925], "cam_t_m2c": [-254.10986328125, 252.27200317382812, 823.3756713867188], "obj_id": 3}, {"cam_R_m2c": [0.12159126996994019, 0.8050816059112549, 0.5805678963661194, -0.25753355026245117, -0.5392885804176331, 0.8017755746841431, 0.9585884809494019, -0.24700459837913513, 0.1417628526687622], "cam_t_m2c": [-196.22447204589844, -39.90367126464844, 820.0209350585938], "obj_id": 1}, {"cam_R_m2c": [-0.6981959939002991, -0.4417780041694641, -0.5633422136306763, -0.11105214804410934, 0.8442022204399109, -0.5243949294090271, 0.707240879535675, -0.30357009172439575, -0.6384789943695068], "cam_t_m2c": [15.296056747436523, 11.649295806884766, 792.9611206054688], "obj_id": 1}, {"cam_R_m2c": [-0.6326574683189392, 0.18191730976104736, 0.7527617812156677, 0.7370710372924805, -0.15682052075862885, 0.657368540763855, 0.2376353144645691, 0.9707281589508057, -0.03487212583422661], "cam_t_m2c": [-366.0084533691406, 279.3484191894531, 767.365234375], "obj_id": 1}, {"cam_R_m2c": [0.016110245138406754, -0.9849954843521118, -0.17182564735412598, 0.749195396900177, 0.12569615244865417, -0.6503125429153442, 0.6621528267860413, -0.11825442314147949, 0.7399793267250061], "cam_t_m2c": [-119.8201675415039, 118.18526458740234, 496.78045654296875], "obj_id": 3}, {"cam_R_m2c": [-0.7273334860801697, 0.5994639992713928, -0.3341093361377716, -0.2096024453639984, 0.2695392668247223, 0.9399018287658691, 0.6534929275512695, 0.7536521553993225, -0.07039588689804077], "cam_t_m2c": [-142.68556213378906, -49.55564880371094, 624.6637573242188], "obj_id": 1}, {"cam_R_m2c": [0.44662967324256897, -0.39167794585227966, -0.8044316172599792, 0.8947141766548157, 0.1984342634677887, 0.40013784170150757, 0.0029015708714723587, -0.8984498381614685, 0.43906649947166443], "cam_t_m2c": [-401.37664794921875, 316.9778137207031, 662.8950805664062], "obj_id": 1}, {"cam_R_m2c": [0.8001291155815125, 0.562222957611084, -0.20904240012168884, 0.5538887977600098, -0.8262876272201538, -0.10225376486778259, -0.2302185744047165, -0.03397003561258316, -0.9725458025932312], "cam_t_m2c": [-229.98916625976562, 240.25759887695312, 693.6967163085938], "obj_id": 3}, {"cam_R_m2c": [-0.07242503017187119, -0.8187735676765442, -0.5695298314094543, -0.8093284368515015, 0.3819606900215149, -0.4461987614631653, 0.5828737616539001, 0.42862072587013245, -0.6903202533721924], "cam_t_m2c": [-245.82923889160156, -143.53233337402344, 776.4253540039062], "obj_id": 1}, {"cam_R_m2c": [0.4868023097515106, 0.38838890194892883, -0.7824177742004395, -0.32100796699523926, 0.9125811457633972, 0.25327765941619873, 0.8123899698257446, 0.12786616384983063, 0.5689225196838379], "cam_t_m2c": [-145.03684997558594, -73.83255004882812, 741.3032836914062], "obj_id": 3}, {"cam_R_m2c": [0.5083692073822021, -0.5037538409233093, 0.6984216570854187, 0.7155054211616516, -0.20420879125595093, -0.6680947542190552, 0.4791792035102844, 0.8393632769584656, 0.2566252052783966], "cam_t_m2c": [-272.1552734375, 176.22378540039062, 901.5424194335938], "obj_id": 3}, {"cam_R_m2c": [-0.5259074568748474, -0.32084301114082336, -0.7877062559127808, -0.28837212920188904, 0.9385297894477844, -0.1897454559803009, 0.8001643419265747, 0.12736399471759796, -0.5861020088195801], "cam_t_m2c": [-246.9888916015625, 119.84171295166016, 750.9255981445312], "obj_id": 3}, {"cam_R_m2c": [-0.6426193118095398, -0.1510469764471054, -0.7511491179466248, 0.7409623265266418, -0.3719964027404785, -0.5591004490852356, -0.1949743926525116, -0.9158620834350586, 0.35097235441207886], "cam_t_m2c": [-328.9090881347656, 205.50942993164062, 889.1893920898438], "obj_id": 3}, {"cam_R_m2c": [0.25982722640037537, 0.7679163217544556, -0.5854863524436951, 0.9208208322525024, -0.014427580870687962, 0.3897189497947693, 0.29082438349723816, -0.6403875946998596, -0.7108620405197144], "cam_t_m2c": [-347.32257080078125, 49.290008544921875, 649.762451171875], "obj_id": 1}, {"cam_R_m2c": [-0.8395534157752991, 0.36925238370895386, 0.39850059151649475, -0.058443356305360794, -0.7906411290168762, 0.6094841361045837, 0.5401244163513184, 0.4884048104286194, 0.6853658556938171], "cam_t_m2c": [-281.8095703125, 307.4687194824219, 660.2574462890625], "obj_id": 3}, {"cam_R_m2c": [0.42154213786125183, 0.740649402141571, -0.5232023596763611, 0.8509813547134399, -0.12378634512424469, 0.5103994607925415, 0.3132617175579071, -0.660390317440033, -0.6824600100517273], "cam_t_m2c": [-92.84955596923828, 110.8252944946289, 714.4602661132812], "obj_id": 3}, {"cam_R_m2c": [-0.2510347366333008, -0.9617202877998352, -0.10988907516002655, 0.3541537821292877, 0.014401043765246868, -0.9350762963294983, 0.9008644223213196, -0.2736542522907257, 0.33698171377182007], "cam_t_m2c": [-311.4551086425781, 204.4615936279297, 609.62451171875], "obj_id": 3}, {"cam_R_m2c": [-0.8286016583442688, 0.5535178780555725, 0.08388838171958923, 0.49220582842826843, 0.6488795876502991, 0.5802488327026367, 0.26674461364746094, 0.5220854878425598, -0.8101074695587158], "cam_t_m2c": [-354.8001708984375, -62.42439651489258, 728.8744506835938], "obj_id": 1}, {"cam_R_m2c": [-0.0302362609654665, 0.8337253332138062, -0.5513508319854736, 0.27444326877593994, 0.5373282432556152, 0.7974705100059509, 0.961127758026123, -0.12720195949077606, -0.2450570911169052], "cam_t_m2c": [-441.92340087890625, 24.631702423095703, 550.0507202148438], "obj_id": 3}, {"cam_R_m2c": [0.9214178323745728, -0.2865616977214813, 0.2624340057373047, 0.298409640789032, 0.9544216990470886, -0.0055604539811611176, -0.2488792985677719, 0.08343634754419327, 0.9649339318275452], "cam_t_m2c": [-254.54867553710938, 123.45118713378906, 838.1754150390625], "obj_id": 3}, {"cam_R_m2c": [0.2371618002653122, 0.9417315721511841, -0.23852847516536713, 0.902154803276062, -0.30458107590675354, -0.3055274784564972, -0.36037617921829224, -0.14273017644882202, -0.9218226671218872], "cam_t_m2c": [-116.19563293457031, 68.17927551269531, 669.9856567382812], "obj_id": 1}, {"cam_R_m2c": [0.8595259785652161, 0.1963409036397934, -0.47187429666519165, 0.13086575269699097, 0.8079410791397095, 0.5745479464530945, 0.4940539002418518, -0.5555910468101501, 0.6687520742416382], "cam_t_m2c": [-388.0862121582031, 122.34059143066406, 622.5972290039062], "obj_id": 1}, {"cam_R_m2c": [0.592720627784729, 0.7586291432380676, 0.27048859000205994, 0.4029228985309601, 0.011494525708258152, -0.9151617884635925, -0.6973775029182434, 0.651421308517456, -0.2988560199737549], "cam_t_m2c": [-421.1541748046875, -33.45378494262695, 632.2346801757812], "obj_id": 1}, {"cam_R_m2c": [-0.4073587954044342, -0.49601858854293823, -0.7668273448944092, 0.5936229228973389, 0.49427127838134766, -0.6350650787353516, 0.6940248012542725, -0.7139057517051697, 0.09310232102870941], "cam_t_m2c": [-47.02470016479492, 205.76217651367188, 847.7485961914062], "obj_id": 1}, {"cam_R_m2c": [-0.12526161968708038, -0.9822105169296265, -0.1398995965719223, 0.6747924089431763, 0.019025517627596855, -0.7377622723579407, 0.7272995710372925, -0.1868165135383606, 0.6604050993919373], "cam_t_m2c": [-445.5213317871094, -33.760711669921875, 533.9593505859375], "obj_id": 1}, {"cam_R_m2c": [-0.08913905918598175, 0.688551664352417, -0.7196879982948303, -0.2733422517776489, -0.7117332816123962, -0.6470854878425598, -0.957777738571167, 0.1390405148267746, 0.2516535818576813], "cam_t_m2c": [-220.9242401123047, 166.80557250976562, 854.443359375], "obj_id": 3}, {"cam_R_m2c": [-0.7713767290115356, 0.43098676204681396, -0.46821796894073486, 0.43464890122413635, 0.8942164778709412, 0.10703849792480469, 0.46482041478157043, -0.12094342708587646, -0.8771056532859802], "cam_t_m2c": [-310.71563720703125, 51.07653045654297, 823.8993530273438], "obj_id": 3}, {"cam_R_m2c": [-0.4922455847263336, -0.8520448803901672, 0.1780838668346405, 0.4684922397136688, -0.4317573010921478, -0.7707792520523071, 0.7336274981498718, -0.295981764793396, 0.6117070317268372], "cam_t_m2c": [-152.1431121826172, 2.3928983211517334, 713.38427734375], "obj_id": 3}, {"cam_R_m2c": [-0.2930845320224762, -0.04421302676200867, 0.9550637006759644, 0.5268000960350037, 0.8261471390724182, 0.19990648329257965, -0.7978615760803223, 0.56171715259552, -0.21883951127529144], "cam_t_m2c": [-77.93396759033203, -13.478609085083008, 830.4246215820312], "obj_id": 1}, {"cam_R_m2c": [0.24300430715084076, -0.7130180597305298, 0.6576884388923645, -0.7192699313163757, -0.5873631238937378, -0.37101900577545166, 0.6508452296257019, -0.382896363735199, -0.6555841565132141], "cam_t_m2c": [-300.59893798828125, 122.88700866699219, 706.6434326171875], "obj_id": 3}, {"cam_R_m2c": [0.7285467982292175, -0.32305216789245605, -0.6040338277816772, 0.097933329641819, -0.8236246109008789, 0.5586156249046326, -0.6779592037200928, -0.46613264083862305, -0.5684114694595337], "cam_t_m2c": [-89.43417358398438, 6.850709438323975, 662.6246337890625], "obj_id": 1}, {"cam_R_m2c": [-0.07282033562660217, 0.7460745573043823, -0.6618685126304626, -0.5225509405136108, 0.5367085933685303, 0.6624835133552551, 0.849492609500885, 0.3941022753715515, 0.3507786989212036], "cam_t_m2c": [-140.93968200683594, -86.06881713867188, 652.599609375], "obj_id": 1}, {"cam_R_m2c": [-0.43294358253479004, 0.04051632806658745, -0.9005100131034851, -0.7760212421417236, 0.49153023958206177, 0.39520764350891113, 0.45864027738571167, 0.8699175119400024, -0.18136334419250488], "cam_t_m2c": [-217.75096130371094, 174.07569885253906, 652.6158447265625], "obj_id": 3}, {"cam_R_m2c": [-0.3511706292629242, -0.6711568236351013, 0.6528610587120056, -0.8660075664520264, -0.03226347267627716, -0.4989888072013855, 0.3559633791446686, -0.7406129240989685, -0.5698968768119812], "cam_t_m2c": [-386.0036926269531, 173.70591735839844, 913.4359130859375], "obj_id": 3}, {"cam_R_m2c": [0.696499764919281, 0.6680521368980408, 0.26190540194511414, 0.19536082446575165, 0.17466269433498383, -0.9650529026985168, -0.6904507875442505, 0.7233251929283142, -0.008858697488904], "cam_t_m2c": [-437.8588562011719, 299.58453369140625, 703.9149169921875], "obj_id": 3}, {"cam_R_m2c": [-0.8297855257987976, 0.23477767407894135, 0.5062958002090454, 0.36292633414268494, -0.4621669054031372, 0.8091267943382263, 0.42395806312561035, 0.8551498055458069, 0.2982924282550812], "cam_t_m2c": [-125.32596588134766, -39.77609634399414, 568.2770385742188], "obj_id": 1}, {"cam_R_m2c": [0.6196714043617249, 0.46654143929481506, 0.6311469078063965, -0.059444133192300797, 0.8297392129898071, -0.554976761341095, -0.7826070189476013, 0.30638521909713745, 0.541898787021637], "cam_t_m2c": [-260.27117919921875, 283.71954345703125, 627.6161499023438], "obj_id": 1}, {"cam_R_m2c": [-0.1409522444009781, -0.7435533404350281, 0.6536519527435303, -0.9812197089195251, 0.017102563753724098, -0.1921336054801941, 0.13168248534202576, -0.6684578657150269, -0.7319998145103455], "cam_t_m2c": [-263.3325500488281, 297.23712158203125, 605.8681030273438], "obj_id": 3}, {"cam_R_m2c": [0.8260535597801208, 0.545112133026123, -0.14313729107379913, 0.5566256046295166, -0.8289005756378174, 0.05560265854001045, -0.08833690732717514, -0.12560465931892395, -0.9881396293640137], "cam_t_m2c": [-307.0036926269531, 111.97392272949219, 791.9312744140625], "obj_id": 3}, {"cam_R_m2c": [0.6114175319671631, -0.03880523890256882, -0.7903560400009155, 0.6884913444519043, 0.5184274911880493, 0.5071612596511841, 0.39006179571151733, -0.8542405962944031, 0.34369274973869324], "cam_t_m2c": [-26.172773361206055, 199.3104705810547, 914.4373168945312], "obj_id": 3}, {"cam_R_m2c": [-0.9498751759529114, -0.31088051199913025, 0.033018287271261215, 0.2684653103351593, -0.8652477264404297, -0.4234057366847992, 0.16019761562347412, -0.39331838488578796, 0.9053382277488708], "cam_t_m2c": [-231.7984619140625, 201.49551391601562, 909.531494140625], "obj_id": 3}, {"cam_R_m2c": [-0.5942303538322449, -0.6108866333961487, 0.523171067237854, 0.12884889543056488, 0.5697659254074097, 0.8116433024406433, -0.7939070463180542, 0.5497130155563354, -0.25986015796661377], "cam_t_m2c": [-94.4963607788086, 53.283512115478516, 548.9412841796875], "obj_id": 3}, {"cam_R_m2c": [0.8676822781562805, -0.017795845866203308, 0.49680057168006897, -0.45836591720581055, 0.3581964373588562, 0.813385546207428, -0.19242708384990692, -0.9334766268730164, 0.30264368653297424], "cam_t_m2c": [-147.4218292236328, 129.21359252929688, 753.7979125976562], "obj_id": 3}, {"cam_R_m2c": [0.5075056552886963, -0.8255547285079956, 0.24677392840385437, -0.37636151909828186, -0.47002124786376953, -0.7983934283256531, 0.7751064300537109, 0.3123129606246948, -0.5492454767227173], "cam_t_m2c": [-163.39979553222656, -74.2977294921875, 589.5177612304688], "obj_id": 3}, {"cam_R_m2c": [-0.8226186633110046, 0.47575923800468445, -0.3113706707954407, -0.08208422362804413, 0.44251230359077454, 0.8929978013038635, 0.5626373291015625, 0.7601552605628967, -0.32496654987335205], "cam_t_m2c": [-122.58675384521484, 277.7433776855469, 689.1723022460938], "obj_id": 1}, {"cam_R_m2c": [0.9337823987007141, -0.34897756576538086, 0.07915195822715759, -0.35781076550483704, -0.9076863527297974, 0.219263955950737, -0.0046730428002774715, -0.23306626081466675, -0.9724494814872742], "cam_t_m2c": [-195.1628875732422, 17.35918426513672, 471.886962890625], "obj_id": 3}, {"cam_R_m2c": [0.67192542552948, -0.6383533477783203, 0.3755277991294861, 0.44304078817367554, 0.7527651786804199, 0.48688745498657227, -0.593490481376648, -0.16077791154384613, 0.7886186838150024], "cam_t_m2c": [-138.07345581054688, 62.62032699584961, 727.056884765625], "obj_id": 1}, {"cam_R_m2c": [0.4737216532230377, -0.7625884413719177, -0.44050726294517517, -0.6107076406478882, -0.6448457837104797, 0.45957595109939575, -0.6345265507698059, 0.05131008103489876, -0.7711960077285767], "cam_t_m2c": [-220.41683959960938, 181.17420959472656, 903.8111572265625], "obj_id": 3}, {"cam_R_m2c": [-0.867446780204773, 0.4659101963043213, -0.1745385080575943, -0.4223650097846985, -0.875004231929779, -0.23659095168113708, -0.2629520893096924, -0.1315111219882965, 0.9558038711547852], "cam_t_m2c": [-233.55548095703125, -90.85016632080078, 784.2686767578125], "obj_id": 3}, {"cam_R_m2c": [0.6368676424026489, -0.011665182188153267, -0.7708848714828491, 0.4001651108264923, 0.8596542477607727, 0.3175884783267975, 0.6589897274971008, -0.5107430815696716, 0.552154004573822], "cam_t_m2c": [-234.2321319580078, -94.2680435180664, 739.184326171875], "obj_id": 1}, {"cam_R_m2c": [0.24394956231117249, 0.2067994773387909, 0.9474822878837585, -0.3085542917251587, -0.9096783995628357, 0.27799221873283386, 0.9193927049636841, -0.3601658046245575, -0.15810687839984894], "cam_t_m2c": [-425.1485290527344, -76.30582427978516, 638.965759