{
  "0": [{"cam_R_m2c": [0.6200681328773499, -0.5992844700813293, -0.5063335299491882, -0.784541130065918, -0.47094660997390747, -0.4033665359020233, 0.003275232156738639, 0.6473541855812073, -0.7621822953224182], "cam_t_m2c": [-18754.466796875, 8826.0224609375, 8297.64453125], "obj_id": 0}, {"cam_R_m2c": [-0.20132923126220703, 0.008417295292019844, -0.979487419128418, -0.7746080756187439, -0.6134189963340759, 0.15394578874111176, -0.5995404720306396, 0.78971266746521, 0.13001936674118042], "cam_t_m2c": [-422.0106201171875, 20.69318389892578, 1122.17529296875], "obj_id": 2}, {"cam_R_m2c": [0.12541675567626953, 0.7126832008361816, 0.6901835203170776, -0.4994203746318817, 0.6464564800262451, -0.5767784118652344, -0.8572338819503784, -0.27235403656959534, 0.4370049834251404], "cam_t_m2c": [-6006.24169921875, 39674.0078125, 83999.21875], "obj_id": 0}],
  "1": [{"cam_R_m2c": [0.5623511075973511, -0.6415371298789978, -0.5217196345329285, -0.5899581909179688, 0.13081827759742737, -0.796765923500061, 0.5794053673744202, 0.7558550238609314, -0.304914265871048], "cam_t_m2c": [-18188.58203125, 12132.9990234375, -1059.6298828125], "obj_id": 0}, {"cam_R_m2c": [-0.24660524725914001, -0.04788384214043617, -0.9679322838783264, -0.9652453660964966, 0.1013128012418747, 0.24090875685214996, 0.08652825653553009, 0.9937015771865845, -0.07120388746261597], "cam_t_m2c": [-420.293701171875, 71.00605773925781, 914.7484130859375], "obj_id": 2}, {"cam_R_m2c": [0.10298603028059006, 0.7612308263778687, 0.640251100063324, -0.95753014087677, 0.25014829635620117, -0.1433943212032318, -0.2693139314651489, -0.5982921123504639, 0.7546632289886475], "cam_t_m2c": [-4469.5400390625, 86141.59375, 33282.796875], "obj_id": 0}]
}