{
  "0": [{"cam_R_m2c": [-0.5837080478668213, -0.6066582202911377, -0.5396763682365417, -0.5711016654968262, -0.16571377217769623, 0.803978681564331, -0.5771721005439758, 0.7774989604949951, -0.24973498284816742], "cam_t_m2c": [22.315601348876953, -332.4869384765625, 1245.9564208984375], "obj_id": 2}, {"cam_R_m2c": [-0.1597268134355545, -0.7903538346290588, -0.5914627909660339, 0.7999125719070435, 0.24747557938098907, -0.5467135906219482, 0.5784698128700256, -0.5604432821273804, 0.5926854610443115], "cam_t_m2c": [-278.44866943359375, -196.49224853515625, 986.3319091796875], "obj_id": 2}, {"cam_R_m2c": [-0.3969137370586395, 0.764512300491333, 0.5079178214073181, 0.8841356039047241, 0.46707311272621155, -0.01212320290505886, -0.2465030997991562, 0.44425633549690247, -0.8613202571868896], "cam_t_m2c": [7409.6923828125, -37007.75390625, -85580.6640625], "obj_id": 0}, {"cam_R_m2c": [-0.1666281521320343, -0.09572131931781769, -0.9813624024391174, 0.9492298364639282, -0.28490594029426575, -0.1333828717470169, -0.2668285369873047, -0.9537639617919922, 0.13833507895469666], "cam_t_m2c": [-224.43421936035156, -262.2806701660156, 1259.6375732421875], "obj_id": 0}],
  "1": [{"cam_R_m2c": [0.6352484822273254, 0.6665274500846863, 0.39012885093688965, -0.09838362038135529, 0.5708712339401245, -0.8151237368583679, -0.7660156488418579, 0.47942379117012024, 0.4282204806804657], "cam_t_m2c": [58.99887466430664, 597.17822265625, 836.4183959960938], "obj_id": 2}, {"cam_R_m2c": [0.06110788881778717, 0.7092084884643555, 0.7023453712463379, -0.1717052161693573, -0.6857011318206787, 0.7073408961296082, 0.9832512736320496, -0.16382044553756714, 0.07987312227487564], "cam_t_m2c": [319.6809387207031, 274.5143737792969, 770.6787719726562], "obj_id": 2}, {"cam_R_m2c": [0.2367912083864212, -0.8040618896484375, -0.5453570485115051, -0.8468989133834839, 0.10425711423158646, -0.5214332342147827, 0.4761219322681427, 0.5853331089019775, -0.6562719345092773], "cam_t_m2c": [-6071.2529296875, -33987.23046875, -86941.125], "obj_id": 0}, {"cam_R_m2c": [-0.001689718570560217, 0.0881756842136383, 0.9961034655570984, -0.8715972304344177, -0.4884408712387085, 0.041758548468351364, 0.49021977186203003, -0.8681304454803467, 0.07767903804779053], "cam_t_m2c": [291.7241516113281, 520.5363159179688, 913.6267700195312], "obj_id": 0}]
}