{
  "0": [{"cam_R_m2c": [0.14133571088314056, 0.06822582334280014, -0.9876078367233276, 0.8954407572746277, 0.4166054427623749, 0.1569255143404007, 0.42214909195899963, -0.906523585319519, -0.0022108980920165777], "cam_t_m2c": [-50.297000885009766, -165.5133056640625, 672.2083129882812], "obj_id": 0}, {"cam_R_m2c": [-0.16044537723064423, -0.8547373414039612, -0.49364081025123596, -0.41972842812538147, 0.5117315053939819, -0.7496391534805298, 0.8933561444282532, 0.086918905377388, -0.4408625066280365], "cam_t_m2c": [-220.5565643310547, -39.590518951416016, 784.95068359375], "obj_id": 1}, {"cam_R_m2c": [-0.19391947984695435, 0.6480851173400879, -0.7364652156829834, -0.5870181322097778, -0.6781415343284607, -0.4421921670436859, -0.7860057353973389, 0.3465687334537506, 0.511942446231842], "cam_t_m2c": [-300.84429931640625, -227.18215942382812, 913.5487060546875], "obj_id": 2}, {"cam_R_m2c": [-0.19799423217773438, -0.9745619893074036, -0.10500999540090561, 0.9505763053894043, -0.2170448899269104, 0.22202715277671814, -0.2391711324453354, -0.05585990846157074, 0.9693692922592163], "cam_t_m2c": [-7.625216960906982, -67.12064361572266, 682.7969970703125], "obj_id": 2}],
  "1": [{"cam_R_m2c": [-0.016486164182424545, 0.9504165053367615, -0.31054240465164185, -0.10979774594306946, 0.306985467672348, 0.9453593492507935, 0.993817150592804, 0.04968225583434105, 0.09929261356592178], "cam_t_m2c": [-36.66390609741211, 31.133214950561523, 667.3618774414062], "obj_id": 0}, {"cam_R_m2c": [-0.9740756154060364, -0.2208799421787262, -0.04887435585260391, -0.21763861179351807, 0.8560340404510498, 0.4688701033592224, -0.06172589212656021, 0.46735188364982605, -0.8819139003753662], "cam_t_m2c": [-155.47909545898438, 174.76629638671875, 818.8641967773438], "obj_id": 1}, {"cam_R_m2c": [0.41538071632385254, -0.2869425415992737, -0.8632048964500427, 0.33236637711524963, -0.8354575634002686, 0.43765613436698914, -0.8467534184455872, -0.46869421005249023, -0.25166282057762146], "cam_t_m2c": [-359.1459655761719, 173.86114501953125, 689.1995849609375], "obj_id": 2}, {"cam_R_m2c": [0.450486421585083, -0.3834945559501648, -0.8062220215797424, 0.43105819821357727, 0.8842398524284363, -0.1797461360692978, 0.7818253636360168, -0.26655539870262146, 0.5636464953422546], "cam_t_m2c": [2.5686349868774414, 5.555286884307861, 764.559326171875], "obj_id": 2}]
}