{
  "0": [{"cam_R_m2c": [-0.5365933179855347, 0.5824182629585266, -0.6106192469596863, 0.46202516555786133, -0.4027356505393982, -0.790149450302124, -0.7061159014701843, -0.7061107158660889, -0.052986226975917816], "cam_t_m2c": [-7243.470703125, -15622.3203125, -8926.2861328125], "obj_id": 2}, {"cam_R_m2c": [-0.6694669127464294, 0.6423953175544739, -0.37301716208457947, 0.40361538529396057, -0.10699789971113205, -0.9086505174636841, -0.6236250400543213, -0.7588671445846558, -0.18764884769916534], "cam_t_m2c": [-1651.765380859375, 10265.1484375, -236.2155303955078], "obj_id": 0}, {"cam_R_m2c": [-0.41415220499038696, 0.3842175006866455, -0.8251393437385559, -0.7597354650497437, -0.6451795697212219, 0.08090370148420334, -0.5012784004211426, 0.660394012928009, 0.559106171131134], "cam_t_m2c": [-1883.2125244140625, 10550.650390625, -349.65252685546875], "obj_id": 2}, {"cam_R_m2c": [-0.6633582711219788, -0.44874143600463867, -0.598821222782135, -0.6678341031074524, 0.716025173664093, 0.20323781669139862, 0.33756983280181885, 0.5347326993942261, -0.7746660113334656], "cam_t_m2c": [-114.3587875366211, 105.15402221679688, 888.9235229492188], "obj_id": 1}],
  "1": [{"cam_R_m2c": [-0.9613178968429565, -0.27046194672584534, 0.05213453993201256, -0.04251887649297714, -0.04129490628838539, -0.9982418417930603, 0.2721393406391144, -0.9618445634841919, 0.02819793112576008], "cam_t_m2c": [-4950.84521484375, -17775.095703125, -6157.13037109375], "obj_id": 2}, {"cam_R_m2c": [-0.9111909866333008, -0.40794363617897034, 0.05755892023444176, -0.1599973440170288, 0.22165222465991974, -0.9619101881980896, 0.37964704632759094, -0.8856931328773499, -0.26723742485046387], "cam_t_m2c": [-5335.326171875, 6941.17236328125, 6722.8427734375], "obj_id": 0}, {"cam_R_m2c": [-0.283847838640213, 0.9408717155456543, 0.18490788340568542, -0.9050734639167786, -0.19921056926250458, -0.37570899724960327, -0.3166583478450775, -0.2739993929862976, 0.9081034064292908], "cam_t_m2c": [-5616.83642578125, 7011.93310546875, 6975.4833984375], "obj_id": 2}, {"cam_R_m2c": [0.32749226689338684, 0.04758863523602486, -0.9436545968055725, -0.8904428482055664, 0.3495706021785736, -0.2913963496685028, 0.31600672006607056, 0.9357005953788757, 0.15685665607452393], "cam_t_m2c": [-33.61263656616211, 19.626140594482422, 1170.302734375], "obj_id": 1}]
}