{
  "0": [{"cam_R_m2c": [-0.720822811126709, 0.6384257674217224, 0.269864946603775, 0.2724892199039459, 0.6190173625946045, -0.7365915775299072, -0.6373101472854614, -0.4574166536331177, -0.620166003704071], "cam_t_m2c": [121.41609954833984, 118.66681671142578, 129.5010986328125], "obj_id": 0}, {"cam_R_m2c": [-0.720822811126709, 0.6384257674217224, 0.269864946603775, 0.2724892199039459, 0.6190173625946045, -0.7365915775299072, -0.6373101472854614, -0.4574166536331177, -0.620166003704071], "cam_t_m2c": [121.41609954833984, 118.66681671142578, 129.5010986328125], "obj_id": 0}, {"cam_R_m2c": [-0.720822811126709, 0.6384257674217224, 0.269864946603775, 0.2724892199039459, 0.6190173625946045, -0.7365915775299072, -0.6373101472854614, -0.4574166536331177, -0.620166003704071], "cam_t_m2c": [121.41609954833984, 118.66681671142578, 129.5010986328125], "obj_id": 2}, {"cam_R_m2c": [-0.720822811126709, 0.6384257674217224, 0.269864946603775, 0.2724892199039459, 0.6190173625946045, -0.7365915775299072, -0.6373101472854614, -0.4574166536331177, -0.620166003704071], "cam_t_m2c": [121.41609954833984, 118.66681671142578, 129.5010986328125], "obj_id": 3}, {"cam_R_m2c": [-0.720822811126709, 0.6384257674217224, 0.269864946603775, 0.2724892199039459, 0.6190173625946045, -0.7365915775299072, -0.6373101472854614, -0.4574166536331177, -0.620166003704071], "cam_t_m2c": [121.41609954833984, 118.66681671142578, 129.5010986328125], "obj_id": 0}, {"cam_R_m2c": [-0.720822811126709, 0.6384257674217224, 0.269864946603775, 0.2724892199039459, 0.6190173625946045, -0.7365915775299072, -0.6373101472854614, -0.4574166536331177, -0.620166003704071], "cam_t_m2c": [121.41609954833984, 118.66681671142578, 129.5010986328125], "obj_id": 1}, {"cam_R_m2c": [-0.720822811126709, 0.6384257674217224, 0.269864946603775, 0.2724892199039459, 0.6190173625946045, -0.7365915775299072, -0.6373101472854614, -0.4574166536331177, -0.620166003704071], "cam_t_m2c": [121.41609954833984, 118.66681671142578, 129.5010986328125], "obj_id": 2}, {"cam_R_m2c": [-0.720822811126709, 0.6384257674217224, 0.269864946603775, 0.2724892199039459, 0.6190173625946045, -0.7365915775299072, -0.6373101472854614, -0.4574166536331177, -0.620166003704071], "cam_t_m2c": [121.41609954833984, 118.66681671142578, 129.5010986328125], "obj_id": 0}, {"cam_R_m2c": [-0.720822811126709, 0.6384257674217224, 0.269864946603775, 0.2724892199039459, 0.6190173625946045, -0.7365915775299072, -0.6373101472854614, -0.4574166536331177, -0.620166003704071], "cam_t_m2c": [121.41609954833984, 118.66681671142578, 129.5010986328125], "obj_id": 2}, {"cam_R_m2c": [-0.720822811126709, 0.6384257674217224, 0.269864946603775, 0.2724892199039459, 0.6190173625946045, -0.7365915775299072, -0.6373101472854614, -0.4574166536331177, -0.620166003704071], "cam_t_m2c": [121.41609954833984, 118.66681671142578, 129.5010986328125], "obj_id": 1}, {"cam_R_m2c": [-0.720822811126709, 0.6384257674217224, 0.269864946603775, 0.2724892199039459, 0.6190173625946045, -0.7365915775299072, -0.6373101472854614, -0.4574166536331177, -0.620166003704071], "cam_t_m2c": [121.41609954833984, 118.66681671142578, 129.5010986328125], "obj_id": 1}, {"cam_R_m2c": [-0.720822811126709, 0.6384257674217224, 0.269864946603775, 0.2724892199039459, 0.6190173625946045, -0.7365915775299072, -0.6373101472854614, -0.4574166536331177, -0.620166003704071], "cam_t_m2c": [121.41609954833984, 118.66681671142578, 129.5010986328125], "obj_id": 1}, {"cam_R_m2c": [-0.720822811126709, 0.6384257674217224, 0.269864946603775, 0.2724892199039459, 0.6190173625946045, -0.7365915775299072, -0.6373101472854614, -0.4574166536331177, -0.620166003704071], "cam_t_m2c": [121.41609954833984, 118.66681671142578, 129.5010986328125], "obj_id": 0}, {"cam_R_m2c": [-0.720822811126709, 0.6384257674217224, 0.269864946603775, 0.2724892199039459, 0.6190173625946045, -0.7365915775299072, -0.6373101472854614, -0.4574166536331177, -0.620166003704071], "cam_t_m2c": [121.41609954833984, 118.66681671142578, 129.5010986328125], "obj_id": 3}, {"cam_R_m2c": [-0.720822811126709, 0.6384257674217224, 0.269864946603775, 0.2724892199039459, 0.6190173625946045, -0.7365915775299072, -0.6373101472854614, -0.4574166536331177, -0.620166003704071], "cam_t_m2c": [121.41609954833984, 118.66681671142578, 129.5010986328125], "obj_id": 1}, {"cam_R_m2c": [-0.720822811126709, 0.6384257674217224, 0.269864946603775, 0.2724892199039459, 0.6190173625946045, -0.7365915775299072, -0.6373101472854614, -0.4574166536331177, -0.620166003704071], "cam_t_m2c": [121.41609954833984, 118.66681671142578, 129.5010986328125], "obj_id": 2}, {"cam_R_m2c": [-0.720822811126709, 0.6384257674217224, 0.269864946603775, 0.2724892199039459, 0.6190173625946045, -0.7365915775299072, -0.6373101472854614, -0.4574166536331177, -0.620166003704071], "cam_t_m2c": [121.41609954833984, 118.66681671142578, 129.5010986328125], "obj_id": 3}, {"cam_R_m2c": [-0.720822811126709, 0.6384257674217224, 0.269864946603775, 0.2724892199039459, 0.6190173625946045, -0.7365915775299072, -0.6373101472854614, -0.4574166536331177, -0.620166003704071], "cam_t_m2c": [121.41609954833984, 118.66681671142578, 129.5010986328125], "obj_id": 0}, {"cam_R_m2c": [-0.720822811126709, 0.6384257674217224, 0.269864946603775, 0.2724892199039459, 0.6190173625946045, -0.7365915775299072, -0.6373101472854614, -0.4574166536331177, -0.620166003704071], "cam_t_m2c": [121.41609954833984, 118.66681671142578, 129.5010986328125], "obj_id": 1}, {"cam_R_m2c": [-0.720822811126709, 0.6384257674217224, 0.269864946603775, 0.2724892199039459, 0.6190173625946045, -0.7365915775299072, -0.6373101472854614, -0.4574166536331177, -0.620166003704071], "cam_t_m2c": [121.41609954833984, 118.66681671142578, 129.5010986328125], "obj_id": 1}, {"cam_R_m2c": [-0.720822811126709, 0.6384257674217224, 0.269864946603775, 0.2724892199039459, 0.6190173625946045, -0.7365915775299072, -0.6373101472854614, -0.4574166536331177, -0.620166003704071], "cam_t_m2c": [121.41609954833984, 118.66681671142578, 129.5010986328125], "obj_id": 0}, {"cam_R_m2c": [-0.720822811126709, 0.6384257674217224, 0.269864946603775, 0.2724892199039459, 0.6190173625946045, -0.7365915775299072, -0.6373101472854614, -0.4574166536331177, -0.620166003704071], "cam_t_m2c": [121.41609954833984, 118.66681671142578, 129.5010986328125], "obj_id": 0}, {"cam_R_m2c": [-0.720822811126709, 0.6384257674217224, 0.269864946603775, 0.2724892199039459, 0.6190173625946045, -0.7365915775299072, -0.6373101472854614, -0.4574166536331177, -0.620166003704071], "cam_t_m2c": [121.41609954833984, 118.66681671142578, 129.5010986328125], "obj_id": 3}, {"cam_R_m2c": [-0.720822811126709, 0.6384257674217224, 0.269864946603775, 0.2724892199039459, 0.6190173625946045, -0.7365915775299072, -0.6373101472854614, -0.4574166536331177, -0.620166003704071], "cam_t_m2c": [121.41609954833984, 118.66681671142578, 129.5010986328125], "obj_id": 3}, {"cam_R_m2c": [0.0898648202419281, -0.5635248422622681, -0.8211966753005981, -0.9114654064178467, -0.37887945771217346, 0.1602531373500824, -0.40144121646881104, 0.7340912818908691, -0.5476813316345215], "cam_t_m2c": [-63.77840805053711, 364.3544616699219, -231.32760620117188], "obj_id": 0}, {"cam_R_m2c": [-0.6089004278182983, 0.1261441856622696, -0.7831525802612305, 0.3684532940387726, -0.8293347358703613, -0.42005494236946106, -0.702483057975769, -0.5443267822265625, 0.45850399136543274], "cam_t_m2c": [111.52433013916016, 113.80715942382812, 106.73831176757812], "obj_id": 3}, {"cam_R_m2c": [0.9432629346847534, 0.20139509439468384, 0.2639981210231781, 0.331627756357193, -0.6113172173500061, -0.7185500264167786, 0.016674168407917023, 0.7653307318687439, -0.6434210538864136], "cam_t_m2c": [121.29193115234375, 218.61061096191406, -12.578104019165039], "obj_id": 3}, {"cam_R_m2c": [0.598476767539978, 0.7466606497764587, -0.2903847098350525, -0.7889374494552612, 0.4862610697746277, -0.3756697177886963, -0.1392950564622879, 0.4539250135421753, 0.8800846338272095], "cam_t_m2c": [-23.98817253112793, -21.671146392822266, 189.8951416015625], "obj_id": 3}, {"cam_R_m2c": [0.45235198736190796, 0.8730778694152832, 0.18196885287761688, 0.5785650014877319, -0.4425579011440277, 0.685131311416626, 0.6787047386169434, -0.20463965833187103, -0.7053242325782776], "cam_t_m2c": [-2029.3154296875, 5646.39599609375, 5028.521484375], "obj_id": 2}]
}