{
  "0": [{"cam_R_m2c": [0.7083735466003418, -0.09944566339254379, 0.6987971663475037, 0.6820242404937744, -0.1585560441017151, -0.7139347791671753, 0.18179625272750854, 0.9823291301727295, -0.044492531567811966], "cam_t_m2c": [-23.236942291259766, -8.426728248596191, 1120.4920654296875], "obj_id": 3}, {"cam_R_m2c": [0.5310742855072021, -0.23745983839035034, 0.8133713603019714, -0.8471751809120178, -0.166872039437294, 0.5044283866882324, 0.015947438776493073, -0.9569569230079651, -0.2897915244102478], "cam_t_m2c": [-261.27496337890625, -117.42762756347656, 975.76904296875], "obj_id": 3}, {"cam_R_m2c": [0.5936482548713684, -0.11815623193979263, -0.7960030436515808, 0.32799333333969116, 0.9387974143028259, 0.10526076704263687, 0.7348483204841614, -0.3235715627670288, 0.596069872379303], "cam_t_m2c": [-328.34918212890625, 76.28368377685547, 1019.76513671875], "obj_id": 3}, {"cam_R_m2c": [-0.19436535239219666, -0.27211689949035645, 0.9424300789833069, -0.9808133244514465, 0.03914591670036316, -0.190978541970253, 0.015076236799359322, -0.9614675641059875, -0.2745044529438019], "cam_t_m2c": [-221.8749542236328, -160.96792602539062, 984.7919311523438], "obj_id": 3}, {"cam_R_m2c": [-0.7049788236618042, 0.3700803816318512, -0.6050170063972473, 0.5071039795875549, -0.33336594700813293, -0.7948036193847656, -0.49583324790000916, -0.8671261668205261, 0.04734661057591438], "cam_t_m2c": [-134.40090942382812, -241.2721405029297, 1069.0302734375], "obj_id": 3}, {"cam_R_m2c": [-0.45448997616767883, 0.4178560972213745, -0.7866606712341309, 0.869093656539917, 0.014457144774496555, -0.494436115026474, -0.19523032009601593, -0.9083981513977051, -0.36972665786743164], "cam_t_m2c": [-109.34304809570312, -49.31467056274414, 1262.8958740234375], "obj_id": 3}, {"cam_R_m2c": [0.07657640427350998, 0.9708648920059204, 0.2270621359348297, 0.37568551301956177, -0.23904162645339966, 0.8953877091407776, 0.9235779643058777, 0.01673850789666176, -0.38304468989372253], "cam_t_m2c": [-88.70259857177734, 68.60728454589844, 1269.5804443359375], "obj_id": 3}, {"cam_R_m2c": [-0.1664104461669922, -0.048198144882917404, -0.9848779439926147, -0.18444570899009705, 0.9826969504356384, -0.016926445066928864, 0.9686523675918579, 0.178839772939682, -0.17242097854614258], "cam_t_m2c": [-6.8057169914245605, 11.92202091217041, 1154.296630859375], "obj_id": 3}, {"cam_R_m2c": [-0.35783064365386963, 0.9057838320732117, 0.2269641011953354, -0.8987689018249512, -0.4000210762023926, 0.17943614721298218, 0.2533208131790161, -0.13978052139282227, 0.9572303295135498], "cam_t_m2c": [-252.45663452148438, -147.22796630859375, 907.2152099609375], "obj_id": 3}, {"cam_R_m2c": [-0.2175457775592804, -0.9751707315444946, -0.041422322392463684, -0.9505453705787659, 0.20203213393688202, 0.2358950674533844, -0.22166933119297028, 0.09069177508354187, -0.9708952903747559], "cam_t_m2c": [-262.1292419433594, -80.26438903808594, 1035.434326171875], "obj_id": 3}, {"cam_R_m2c": [-0.9954140782356262, 0.08928883820772171, -0.034324437379837036, 0.04221426695585251, 0.0880313590168953, -0.995222806930542, -0.08584066480398178, -0.9921078085899353, -0.09139686822891235], "cam_t_m2c": [-327.93670654296875, 109.86983489990234, 1238.3792724609375], "obj_id": 3}, {"cam_R_m2c": [0.13025635480880737, 0.9563069343566895, -0.26174455881118774, 0.7626668214797974, 0.07204645872116089, 0.6427662968635559, 0.6335396766662598, -0.2833482325077057, -0.719959020614624], "cam_t_m2c": [-144.016357421875, -5.043769359588623, 1240.2105712890625], "obj_id": 3}, {"cam_R_m2c": [0.802458643913269, 0.5924188494682312, 0.07141479104757309, -0.4894946217536926, 0.5851004719734192, 0.6465697884559631, 0.3412552773952484, -0.5538026690483093, 0.7595047354698181], "cam_t_m2c": [15.40910816192627, 90.47985076904297, 1263.2596435546875], "obj_id": 3}, {"cam_R_m2c": [-0.598334550857544, 0.18802601099014282, -0.7788721323013306, -0.17220354080200195, 0.9191833734512329, 0.35418614745140076, 0.7825225591659546, 0.3460463881492615, -0.5176004767417908], "cam_t_m2c": [76.36698150634766, 76.04313659667969, 1216.1905517578125], "obj_id": 3}, {"cam_R_m2c": [0.7027442455291748, -0.6770380735397339, 0.21856342256069183, 0.5432304739952087, 0.7090171575546265, 0.44966137409210205, -0.4594030976295471, -0.1972666084766388, 0.8660454154014587], "cam_t_m2c": [-245.62295532226562, 63.68248748779297, 1250.8876953125], "obj_id": 3}, {"cam_R_m2c": [0.2266000658273697, -0.7363048195838928, 0.6375794410705566, -0.9739565253257751, -0.16604512929916382, 0.15439441800117493, -0.007814367301762104, -0.6559604406356812, -0.7547547221183777], "cam_t_m2c": [-244.4010772705078, -92.86243438720703, 1285.5169677734375], "obj_id": 3}, {"cam_R_m2c": [0.7431687712669373, 0.6428484916687012, 0.1855962574481964, -0.6667335033416748, 0.6881492733955383, 0.2862114906311035, 0.05627269670367241, -0.3364466726779938, 0.9400196671485901], "cam_t_m2c": [-230.5758819580078, 43.42742156982422, 921.6316528320312], "obj_id": 3}, {"cam_R_m2c": [-0.7805405259132385, -0.4794803559780121, -0.40106743574142456, -0.5685736536979675, 0.2779366075992584, 0.7742578983306885, -0.25977009534835815, 0.8323760032653809, -0.48956069350242615], "cam_t_m2c": [-70.79478454589844, 105.65727233886719, 1195.0430908203125], "obj_id": 3}, {"cam_R_m2c": [0.1894083470106125, -0.8704304099082947, 0.4543955624103546, 0.17595529556274414, 0.4853701591491699, 0.8564201593399048, -0.9660042524337769, -0.08225981891155243, 0.24509000778198242], "cam_t_m2c": [-339.40692138671875, -22.047863006591797, 906.7348022460938], "obj_id": 3}, {"cam_R_m2c": [-0.9571000337600708, -0.28948575258255005, -0.012555571272969246, -0.14665529131889343, 0.5213336944580078, -0.8406565189361572, 0.24990373849868774, -0.8027510046958923, -0.5414231419563293], "cam_t_m2c": [-134.48965454101562, 169.07969665527344, 909.3856811523438], "obj_id": 3}, {"cam_R_m2c": [-0.7355652451515198, 0.023909596726298332, -0.6770317554473877, -0.06569911539554596, 0.9921486973762512, 0.10641725361347198, 0.6742605566978455, 0.12275722622871399, -0.7282192707061768], "cam_t_m2c": [-145.31512451171875, -231.82138061523438, 924.9982299804688], "obj_id": 3}, {"cam_R_m2c": [-0.8603710532188416, 0.30803996324539185, 0.4060455560684204, 0.26227110624313354, 0.950695812702179, -0.16550318896770477, -0.43700742721557617, -0.03590013086795807, -0.8987411260604858], "cam_t_m2c": [-208.48011779785156, 170.5667724609375, 1046.053955078125], "obj_id": 3}, {"cam_R_m2c": [-0.1201329380273819, 0.6580502390861511, 0.743328869342804, -0.8865735530853271, 0.26580628752708435, -0.3785950243473053, -0.4467160105705261, -0.7044975161552429, 0.5514779686927795], "cam_t_m2c": [-75.60499572753906, 99.55278015136719, 1287.2296142578125], "obj_id": 3}, {"cam_R_m2c": [-0.6304578185081482, -0.773553729057312, -0.06432391703128815, -0.02363918162882328, -0.06369537860155106, 0.9976893663406372, -0.7758634686470032, 0.6305216550827026, 0.021871047094464302], "cam_t_m2c": [-64.46419525146484, 7.834942817687988, 1293.48291015625], "obj_id": 3}, {"cam_R_m2c": [-0.694828987121582, -0.4030090272426605, 0.5956478118896484, 0.5555781722068787, 0.225127711892128, 0.8004063367843628, -0.45666781067848206, 0.8870745301246643, 0.06747780740261078], "cam_t_m2c": [-50.67064666748047, 92.51103973388672, 1228.5401611328125], "obj_id": 3}, {"cam_R_m2c": [-0.6684427857398987, 0.05416509136557579, 0.7417887449264526, 0.34378933906555176, 0.9069070219993591, 0.24357445538043976, -0.6595402359962463, 0.417834609746933, -0.6248368620872498], "cam_t_m2c": [-51.9339599609375, -105.00261688232422, 916.6903076171875], "obj_id": 3}, {"cam_R_m2c": [-0.6038562059402466, 0.0883205235004425, 0.7921850085258484, -0.67249596118927, 0.47708189487457275, -0.5658109784126282, -0.42790985107421875, -0.8744096755981445, -0.2286936342716217], "cam_t_m2c": [-141.60487365722656, 146.47930908203125, 1076.7841796875], "obj_id": 3}, {"cam_R_m2c": [-0.9924895167350769, 0.12064700573682785, -0.020223530009388924, 0.1141088455915451, 0.8534659147262573, -0.5085028409957886, -0.04408925026655197, -0.5069913864135742, -0.860822856426239], "cam_t_m2c": [-341.18194580078125, 120.21670532226562, 926.0531005859375], "obj_id": 3}, {"cam_R_m2c": [0.5488134026527405, 0.2543870210647583, 0.7962983250617981, -0.7129331827163696, 0.6398299336433411, 0.2869563400745392, -0.4364975392818451, -0.7251930236816406, 0.5325081944465637], "cam_t_m2c": [-335.1911926269531, 157.84193420410156, 1272.5726318359375], "obj_id": 1}, {"cam_R_m2c": [-0.12928304076194763, -0.25455933809280396, -0.9583764672279358, 0.9176394939422607, 0.33556440472602844, -0.21291868388652802, 0.37579748034477234, -0.9069708585739136, 0.19021087884902954], "cam_t_m2c": [-126.65504455566406, -159.5446319580078, 1051.626953125], "obj_id": 1}, {"cam_R_m2c": [-0.44895103573799133, 0.18926021456718445, 0.8732832074165344, 0.044260330498218536, -0.971402108669281, 0.23327884078025818, 0.8924595713615417, 0.14338257908821106, 0.42773520946502686], "cam_t_m2c": [-9.213592529296875, 68.34137725830078, 1140.7000732421875], "obj_id": 1}, {"cam_R_m2c": [-0.05401366949081421, -0.9970325827598572, 0.054848577827215195, 0.008825788274407387, 0.05445003882050514, 0.9984773993492126, -0.9985010623931885, 0.05441562831401825, 0.005858664400875568], "cam_t_m2c": [-97.87727355957031, -178.4718017578125, 938.48779296875], "obj_id": 1}, {"cam_R_m2c": [0.6158876419067383, -0.10214829444885254, 0.7811837792396545, 0.7336726784706116, 0.43566226959228516, -0.5214621424674988, -0.2870658338069916, 0.894295334815979, 0.3432624340057373], "cam_t_m2c": [-283.9107666015625, 184.55288696289062, 1279.35986328125], "obj_id": 1}, {"cam_R_m2c": [-0.13484042882919312, -0.16387207806110382, -0.9772226214408875, 0.7302539944648743, -0.6830368638038635, 0.01377672329545021, -0.6697366833686829, -0.7117630243301392, 0.21176917850971222], "cam_t_m2c": [-228.9100341796875, 269.8883056640625, 1023.7097778320312], "obj_id": 1}, {"cam_R_m2c": [0.7107403874397278, 0.6985708475112915, 0.08274562656879425, -0.6903184056282043, 0.6700008511543274, 0.27305543422698975, 0.13530893623828888, -0.2511923611164093, 0.9584330320358276], "cam_t_m2c": [-180.3234405517578, 222.76876831054688, 1275.4749755859375], "obj_id": 1}, {"cam_R_m2c": [0.22442777454853058, 0.6510122418403625, -0.7251311540603638, -0.974457323551178, 0.15608352422714233, -0.16146455705165863, 0.008065599016845226, 0.7428464889526367, 0.669413149356842], "cam_t_m2c": [-273.9519348144531, -93.11882781982422, 1041.4962158203125], "obj_id": 1}, {"cam_R_m2c": [-0.43460747599601746, 0.010611027479171753, -0.9005573987960815, -0.7679546475410461, -0.5267381072044373, 0.3644072115421295, -0.4704911708831787, 0.8499614000320435, 0.2370731383562088], "cam_t_m2c": [-281.1106872558594, 24.717382431030273, 989.3130493164062], "obj_id": 1}, {"cam_R_m2c": [-0.9883124828338623, -0.09252610057592392, 0.12114778161048889, 0.12544068694114685, -0.04206211864948273, 0.9912089109420776, -0.08661695569753647, 0.994821310043335, 0.053177352994680405], "cam_t_m2c": [-321.00750732421875, 183.17788696289062, 1248.1968994140625], "obj_id": 1}, {"cam_R_m2c": [-0.421010285615921, -0.7207861542701721, 0.550652027130127, -0.6203501224517822, -0.2140926569700241, -0.7545396685600281, 0.6617522835731506, -0.6592659950256348, -0.3570045828819275], "cam_t_m2c": [-7.348933219909668, -31.395076751708984, 1076.9830322265625], "obj_id": 1}, {"cam_R_m2c": [-0.016013944521546364, 0.9537216424942017, 0.300263911485672, 0.9190582036972046, -0.10423273593187332, 0.3800886571407318, 0.3937961459159851, 0.2820467948913574, -0.8748565316200256], "cam_t_m2c": [-214.87298583984375, -107.79045104980469, 1219.730712890625], "obj_id": 1}, {"cam_R_m2c": [0.6384175419807434, -0.7693890929222107, 0.02152736857533455, 0.7629735469818115, 0.6289119720458984, -0.1494692713022232, 0.10146121680736542, 0.1118486151099205, 0.9885320067405701], "cam_t_m2c": [-229.53805541992188, 288.8161926269531, 1260.69970703125], "obj_id": 1}, {"cam_R_m2c": [0.378832072019577, -0.012037812732160091, -0.9253871440887451, 0.29320642352104187, 0.9499664306640625, 0.10767436772584915, 0.8777905702590942, -0.3121199309825897, 0.36340731382369995], "cam_t_m2c": [-337.58111572265625, 43.70949935913086, 900.9306640625], "obj_id": 1}, {"cam_R_m2c": [-0.928923487663269, 0.06368628889322281, -0.3647533059120178, 0.36484864354133606, 0.3254106938838959, -0.8723492622375488, 0.06313791871070862, -0.9434255957603455, -0.3255174160003662], "cam_t_m2c": [-95.77542114257812, -64.05414581298828, 1291.6424560546875], "obj_id": 1}, {"cam_R_m2c": [-0.2772333025932312, -0.2947598695755005, -0.9144715666770935, 0.06655605137348175, 0.9436009526252747, -0.3243263363838196, 0.9584946036338806, -0.1507776975631714, -0.24197955429553986], "cam_t_m2c": [-139.89944458007812, -126.49964141845703, 1174.6632080078125], "obj_id": 1}, {"cam_R_m2c": [-0.447467565536499, 0.853033185005188, 0.2685275375843048, 0.8592327237129211, 0.3268241882324219, 0.39357972145080566, 0.24797528982162476, 0.40684184432029724, -0.8791972398757935], "cam_t_m2c": [-51.22086715698242, 95.78900146484375, 1178.7735595703125], "obj_id": 1}, {"cam_R_m2c": [0.6872125267982483, 0.7251232862472534, -0.04399006441235542, -0.6830363869667053, 0.6655734777450562, 0.3007875680923462, 0.24738670885562897, -0.17665816843509674, 0.9526760578155518], "cam_t_m2c": [-180.81512451171875, 16.460952758789062, 1288.2437744140625], "obj_id": 1}, {"cam_R_m2c": [-0.7039580345153809, -0.3947696387767792, -0.5904232859611511, 0.25934648513793945, -0.9167721271514893, 0.3037562668323517, -0.6611974835395813, 0.060707516968250275, 0.7477515935897827], "cam_t_m2c": [-101.93576049804688, -64.6103515625, 1202.947998046875], "obj_id": 1}, {"cam_R_m2c": [0.896806538105011, -0.128504678606987, 0.42334920167922974, -0.44047659635543823, -0.34899428486824036, 0.8271536231040955, 0.041453395038843155, -0.9282721877098083, -0.3695836365222931], "cam_t_m2c": [-289.27734375, -127.8753890991211, 907.5194091796875], "obj_id": 1}, {"cam_R_m2c": [-0.11527574807405472, 0.8239787220954895, -0.5547706484794617, -0.05427807569503784, -0.5628843903541565, -0.8247514367103577, -0.991849422454834, -0.0649619922041893, 0.10961098223924637], "cam_t_m2c": [-295.8735046386719, 114.56999206542969, 1021.5892944335938], "obj_id": 1}, {"cam_R_m2c": [-0.3536425828933716, 0.21690170466899872, 0.9098849296569824, -0.2820774018764496, -0.9521874785423279, 0.11735164374113083, 0.8918347954750061, -0.2151574343442917, 0.39791709184646606], "cam_t_m2c": [-124.12056732177734, 65.62857055664062, 1065.8157958984375], "obj_id": 1}, {"cam_R_m2c": [-0.9268305897712708, 0.3154110312461853, 0.20371729135513306, 0.10945980250835419, -0.2920210659503937, 0.9501274228096008, 0.35917046666145325, 0.9029061198234558, 0.23612937331199646], "cam_t_m2c": [-366.01446533203125, -34.80063247680664, 1023.741943359375], "obj_id": 1}, {"cam_R_m2c": [-0.7018607258796692, 0.41268453001976013, 0.5805883407592773, 0.08727946132421494, 0.8587557673454285, -0.5048967599868774, -0.7069466710090637, -0.30369383096694946, -0.6387458443641663], "cam_t_m2c": [-201.03045654296875, -121.19424438476562, 970.6009521484375], "obj_id": 1}, {"cam_R_m2c": [-0.5415055751800537, 0.7963703274726868, 0.26938050985336304, -0.8394807577133179, -0.5294419527053833, -0.1223239004611969, 0.0452062264084816, -0.29237884283065796, 0.9552334547042847], "cam_t_m2c": [-406.72796630859375, -57.34598922729492, 1053.6114501953125], "obj_id": 1}, {"cam_R_m2c": [-0.2691996097564697, 0.6196789145469666, 0.7372445464134216, 0.8069697618484497, 0.5629626512527466, -0.17852972447872162, -0.525672197341919, 0.546873927116394, -0.6516114473342896], "cam_t_m2c": [-365.692626953125, -2.890493631362915, 1037.9476318359375], "obj_id": 1}, {"cam_R_m2c": [-0.5138759613037109, 0.6948745250701904, -0.5030715465545654, 0.363468736410141, -0.3548285961151123, -0.8613868355751038, -0.7770599126815796, -0.6254966855049133, -0.07022734731435776], "cam_t_m2c": [-115.19351196289062, 9.195221900939941, 1232.9366455078125], "obj_id": 1}, {"cam_R_m2c": [0.7113707065582275, -0.6662063002586365, 0.22387680411338806, -0.5921759009361267, -0.7397205829620361, -0.3195951581001282, 0.3785226047039032, 0.09477619081735611, -0.9207268953323364], "cam_t_m2c": [-131.04022216796875, 194.8970184326172, 1082.6199951171875], "obj_id": 1}, {"cam_R_m2c": [-0.013917475007474422, -0.9998928904533386, -0.004515626467764378, 0.7875486016273499, -0.013744217343628407, 0.6160991787910461, -0.616095244884491, 0.005018316674977541, 0.7876556515693665], "cam_t_m2c": [-50.66621017456055, 130.02548217773438, 1008.8941040039062], "obj_id": 1}, {"cam_R_m2c": [-0.6983449459075928, -0.39985835552215576, -0.5936561822891235, -0.05516668036580086, -0.796869158744812, 0.6016279458999634, -0.7136322855949402, 0.45289385318756104, 0.5344306826591492], "cam_t_m2c": [-270.09454345703125, 64.90013122558594, 1054.1683349609375], "obj_id": 1}, {"cam_R_m2c": [0.16995461285114288, 0.14571653306484222, -0.9746189713478088, 0.819869339466095, 0.5278090238571167, 0.2218826711177826, 0.5467446446418762, -0.8367701768875122, -0.029764939099550247], "cam_t_m2c": [-180.52012634277344, 14.23463249206543, 920.337646484375], "obj_id": 1}, {"cam_R_m2c": [-0.25231054425239563, -0.965022087097168, -0.07121492922306061, -0.8980906009674072, 0.2609378695487976, -0.3540405035018921, 0.36023959517478943, -0.025370722636580467, -0.9325146079063416], "cam_t_m2c": [-115.2511978149414, -118.20592498779297, 1211.0849609375], "obj_id": 1}, {"cam_R_m2c": [0.09677748382091522, 0.2468821257352829, -0.9642008543014526, -0.9774344563484192, 0.20632964372634888, -0.045275334268808365, 0.18776550889015198, 0.9468247890472412, 0.2612791955471039], "cam_t_m2c": [-249.1915740966797, -126.6461181640625, 1231.4254150390625], "obj_id": 1}, {"cam_R_m2c": [-0.7948437333106995, 0.19339297711849213, -0.5751716494560242, -0.0888272151350975, 0.90056312084198, 0.425553560256958, 0.6002774238586426, 0.38933950662612915, -0.6986283659934998], "cam_t_m2c": [-59.9461669921875, 78.59671020507812, 1172.78662109375], "obj_id": 1}, {"cam_R_m2c": [0.3477591276168823, 0.9254971742630005, 0.15006166696548462, 0.9232412576675415, -0.3101367950439453, -0.22680534422397614, -0.1633680760860443, 0.21741674840450287, -0.9623100757598877], "cam_t_m2c": [-92.14202117919922, -33.39640808105469, 951.74609375], "obj_id": 1}, {"cam_R_m2c": [-0.22907279431819916, 0.8150365948677063, 0.5322040319442749, 0.262769877910614, -0.47466766834259033, 0.8400254249572754, 0.9372714161872864, 0.33227410912513733, -0.10543368756771088], "cam_t_m2c": [-345.81378173828125, 77.46640014648438, 955.2332153320312], "obj_id": 1}, {"cam_R_m2c": [-0.5257698893547058, 0.07896500825881958, 0.8469536304473877, 0.7481904029846191, 0.5166354775428772, 0.41629183292388916, -0.4046938121318817, 0.8525563478469849, -0.330712229013443], "cam_t_m2c": [-132.7777557373047, 19.793874740600586, 1271.1754150390625], "obj_id": 1}, {"cam_R_m2c": [-0.13193725049495697, -0.49164900183677673, -0.8607402443885803, -0.7491572499275208, -0.5191650390625, 0.4113770127296448, -0.6491193771362305, 0.6991057395935059, -0.29982516169548035], "cam_t_m2c": [-412.2554931640625, 14.756612777709961, 1078.4188232421875], "obj_id": 1}, {"cam_R_m2c": [-0.7064256072044373, 0.6525763869285583, 0.2740558981895447, 0.618625819683075, 0.7574045658111572, -0.20890294015407562, -0.3438963294029236, 0.021963652223348618, -0.9387505054473877], "cam_t_m2c": [-269.8088073730469, -170.913330078125, 935.7418212890625], "obj_id": 1}, {"cam_R_m2c": [-0.5690526962280273, 0.535956621170044, 0.6236420273780823, 0.0062368325889110565, 0.7612021565437317, -0.6484846472740173, -0.822277307510376, -0.3651324212551117, -0.43650683760643005], "cam_t_m2c": [-301.56866455078125, 83.84142303466797, 939.5890502929688], "obj_id": 1}, {"cam_R_m2c": [0.7274730801582336, -0.4730454981327057, 0.49700185656547546, 0.6771343350410461, 0.6119128465652466, -0.40871959924697876, -0.11077885329723358, 0.6338695287704468, 0.765465497970581], "cam_t_m2c": [-132.84588623046875, 125.71221923828125, 1170.895751953125], "obj_id": 1}, {"cam_R_m2c": [-0.9664146304130554, 0.015570737421512604, -0.25651535391807556, 0.18922868371009827, -0.6322591304779053, -0.7512927651405334, -0.1738823652267456, -0.7746004462242126, 0.6080781817436218], "cam_t_m2c": [-194.91505432128906, 13.175942420959473, 1064.2950439453125], "obj_id": 1}, {"cam_R_m2c": [-0.685797393321991, -0.42958778142929077, -0.5874830484390259, 0.526572048664093, 0.2643415033817291, -0.8079885244369507, 0.5023981332778931, -0.8634685277938843, 0.044924166053533554], "cam_t_m2c": [-170.4027099609375, -122.29146575927734, 1020.9271850585938], "obj_id": 1}, {"cam_R_m2c": [-0.9584259390830994, 0.20553886890411377, -0.197922945022583, -0.23354464769363403, -0.9635811448097229, 0.13026215136051178, -0.163940891623497, 0.17107047140598297, 0.9715237021446228], "cam_t_m2c": [-141.64537048339844, 93.00411224365234, 1215.218994140625], "obj_id": 1}, {"cam_R_m2c": [0.5917794108390808, -0.21297214925289154, -0.7774573564529419, 0.5223942399024963, -0.6332133412361145, 0.5710911154747009, -0.6139228940010071, -0.7440992593765259, -0.2634671926498413], "cam_t_m2c": [-220.21229553222656, 198.6851806640625, 1211.0428466796875], "obj_id": 1}, {"cam_R_m2c": [-0.256985068321228, -0.690255343914032, 0.6763919591903687, -0.7221572995185852, 0.6022676825523376, 0.3402388095855713, -0.642220675945282, -0.40102508664131165, -0.6532467007637024], "cam_t_m2c": [-218.1952667236328, -90.67806243896484, 969.833984375], "obj_id": 1}, {"cam_R_m2c": [0.46914029121398926, 0.7194333672523499, -0.5121747255325317, 0.7480517625808716, -0.015475740656256676, 0.6634597778320312, 0.46938881278038025, -0.6943889260292053, -0.5454337000846863], "cam_t_m2c": [-367.9915771484375, 14.430939674377441, 1059.3612060546875], "obj_id": 1}, {"cam_R_m2c": [-0.5378190279006958, -0.6555206775665283, 0.5301351547241211, -0.38314950466156006, 0.7501820921897888, 0.5389093160629272, -0.7509641051292419, 0.08671465516090393, -0.6546246409416199], "cam_t_m2c": [-133.862060546875, 137.35484313964844, 1202.0289306640625], "obj_id": 1}, {"cam_R_m2c": [-0.6427698135375977, -0.47779160737991333, 0.5988006591796875, 0.6475021839141846, -0.7565659880638123, 0.09137255698442459, 0.4093751609325409, 0.44645625352859497, 0.7956687808036804], "cam_t_m2c": [-4.094367980957031, -17.384273529052734, 978.4740600585938], "obj_id": 1}, {"cam_R_m2c": [0.9624888896942139, 0.14127309620380402, 0.2316398173570633, -0.2212642878293991, -0.08540850132703781, 0.971466600894928, 0.15702612698078156, -0.9862794280052185, -0.05094604194164276], "cam_t_m2c": [-254.35150146484375, -137.00074768066406, 936.3623657226562], "obj_id": 1}, {"cam_R_m2c": [0.4740806519985199, 0.7917754650115967, 0.3851481080055237, -0.712508499622345, 0.0879996195435524, 0.6961233019828796, 0.5172805190086365, -0.604439914226532, 0.6058657169342041], "cam_t_m2c": [-268.4306945800781, -173.39297485351562, 984.9510498046875], "obj_id": 1}, {"cam_R_m2c": [0.028986945748329163, -0.738084614276886, -0.674085259437561, -0.2586725354194641, -0.6569358706474304, 0.7081835269927979, -0.9655300974845886, 0.15383924543857574, -0.2099648267030716], "cam_t_m2c": [-69.60667419433594, -121.63157653808594, 905.2160034179688], "obj_id": 1}, {"cam_R_m2c": [0.566275417804718, 0.8240906000137329, -0.014377865940332413, -0.2510443925857544, 0.1558377593755722, -0.9553487300872803, -0.7850533723831177, 0.5445999503135681, 0.2951304614543915], "cam_t_m2c": [-164.54266357421875, -122.05977630615234, 1026.174072265625], "obj_id": 1}, {"cam_R_m2c": [-0.9640513062477112, -0.1723213493824005, 0.20226402580738068, 0.25051045417785645, -0.8432356715202332, 0.47560325264930725, 0.08859962224960327, 0.5091751217842102, 0.8560904264450073], "cam_t_m2c": [-188.9790496826172, -91.03417205810547, 1139.1361083984375], "obj_id": 1}, {"cam_R_m2c": [-0.7998833060264587, 0.4078974723815918, -0.4402344524860382, 0.20186544954776764, -0.507937490940094, -0.837406575679779, -0.5651876330375671, -0.758695662021637, 0.32395032048225403], "cam_t_m2c": [-46.61757278442383, 7.002861976623535, 1289.7066650390625], "obj_id": 3}, {"cam_R_m2c": [-0.014536908827722073, -0.8290182948112488, -0.5590323805809021, -0.6161420345306396, 0.4477585554122925, -0.6479823589324951, 0.78750079870224, 0.3350236713886261, -0.5173020362854004], "cam_t_m2c": [-326.39202880859375, 24.14925193786621, 1249.0697021484375], "obj_id": 1}, {"cam_R_m2c": [0.8388658761978149, 0.13290710747241974, 0.5278633832931519, 0.28750690817832947, -0.9316158294677734, -0.2223328948020935, 0.46221622824668884, 0.338271826505661, -0.8197124004364014], "cam_t_m2c": [-32.13018035888672, 30.327836990356445, 914.8584594726562], "obj_id": 1}, {"cam_R_m2c": [-0.5305673480033875, 0.03324311599135399, -0.8469906449317932, -0.6078943014144897, 0.6814512014389038, 0.40753987431526184, 0.5907306671142578, 0.7311081290245056, -0.34134745597839355], "cam_t_m2c": [-170.9586639404297, 231.5899200439453, 1124.9920654296875], "obj_id": 1}, {"cam_R_m2c": [0.35571905970573425, -0.3788931667804718, 0.8543441891670227, 0.9320659041404724, 0.2110002487897873, -0.29450318217277527, -0.06868162751197815, 0.9010654091835022, 0.42821016907691956], "cam_t_m2c": [-32.84318161010742, -9.808733940124512, 911.489990234375], "obj_id": 1}, {"cam_R_m2c": [-0.6272196769714355, -0.2930341064929962, -0.7216137647628784, 0.7765702605247498, -0.16457879543304443, -0.6081549525260925, 0.059447795152664185, -0.941830575466156, 0.33078864216804504], "cam_t_m2c": [-148.18751525878906, 16.96544647216797, 1297.9569091796875], "obj_id": 3}, {"cam_R_m2c": [0.6849426031112671, -0.4970184862613678, -0.5327534079551697, 0.7132207155227661, 0.606806755065918, 0.35085853934288025, 0.14889514446258545, -0.6202887296676636, 0.7701117396354675], "cam_t_m2c": [-88.76666259765625, 127.18466186523438, 1027.67822265625], "obj_id": 1}, {"cam_R_m2c": [0.9722091555595398, -0.22027266025543213, 0.07930541783571243, -0.10565589368343353, -0.7151064872741699, -0.6909843683242798, 0.2089167982339859, 0.6634021997451782, -0.7185061573982239], "cam_t_m2c": [-257.55029296875, 264.3182373046875, 1056.5870361328125], "obj_id": 1}, {"cam_R_m2c": [0.31610214710235596, 0.6219232082366943, -0.7164432406425476, -0.5233781337738037, 0.744170606136322, 0.4150727391242981, 0.7912994027137756, 0.24376535415649414, 0.5607349872589111], "cam_t_m2c": [-126.62696838378906, -109.09918975830078, 1303.8262939453125], "obj_id": 1}, {"cam_R_m2c": [0.20458772778511047, 0.4913601279258728, 0.8465867638587952, 0.22691689431667328, -0.8651276230812073, 0.44728410243988037, 0.9521830677986145, 0.10059598088264465, -0.28849244117736816], "cam_t_m2c": [-417.1507873535156, -38.22334671020508, 1038.5511474609375], "obj_id": 3}],
